Data/DataNotYetUploadedToEDI/Raw_CTD/RawDownloads/070121_ccr50.cnv
* Sea-Bird SBE19plus  Data File:
* FileName = C:\R\Reservoirs\Data\DataNotYetUploadedToEDI\Raw_CTD\RawDownloads\070121_ccr50_0001.hex
* Software version 2.8.0.119
* Temperature SN = 7809
* Conductivity SN = 7809
* System UpLoad Time = Jul 01 2021 17:36:22
* <ApplicationData>
* <Seaterm232>
# nquan = 16
# nvalues = 2228                        
# units = specified
# name 0 = depFM: Depth [fresh water, m]
# name 1 = dz/dtM: Descent Rate [m/s]
# name 2 = orp: Oxidation Reduction Potential [mV]
# name 3 = sbeox0Mg/L: Oxygen, SBE 43 [mg/l]
# name 4 = sbeox0PS: Oxygen, SBE 43 [% saturation]
# name 5 = par/sat/log: PAR/Logarithmic, Satlantic
# name 6 = ph: pH
# name 7 = specc: Specific Conductance [uS/cm]
# name 8 = c0uS/cm: Conductivity [uS/cm]
# name 9 = flECO-AFL: Fluorescence, WET Labs ECO-AFL/FL [mg/m^3]
# name 10 = turbWETntu0: Turbidity, WET Labs ECO [NTU]
# name 11 = tv290C: Temperature [ITS-90, deg C]
# name 12 = density00: Density [density, kg/m^3]
# name 13 = prdE: Pressure, Strain Gauge [psi]
# name 14 = prdM: Pressure, Strain Gauge [db]
# name 15 = flag:  0.000e+00
# span 0 =     -0.490,     20.460       
# span 1 =     -0.373,      0.290       
# span 2 =  -166.1048,   310.8277       
# span 3 =     3.5115,    11.0389       
# span 4 =     31.150,    122.445       
# span 5 = 1.2341e-01, 1.1902e+03       
# span 6 =     15.355,     15.845       
# span 7 =      2.416,     71.404       
# span 8 =   2.563422,  55.946359       
# span 9 =    -0.9139,     0.9014       
# span 10 =    -4.1676,    32.2547      
# span 11 =     9.9606,    28.0438      
# span 12 =   996.2302,   999.8261      
# span 13 =     -0.698,     29.103      
# span 14 =     -0.482,     20.066      
# span 15 = 0.0000e+00, 0.0000e+00      
# interval = seconds: 0.25
# start_time = Jun 30 2021 21:11:53 [Instrument's time stamp, header]
# bad_flag = -9.990e-29
*END*
[from data line 1537]
     19.933     -0.043   247.6578     4.5062     40.554 1.2362e-01     15.837     63.646  44.599912     0.4101    13.7443    10.0522   999.8149     28.349     19.546 0.0000e+00
     19.931     -0.039   247.4642     4.5327     40.457 1.2359e-01     15.837     63.696  44.629724     0.4191    13.7045    10.0468   999.8154     28.346     19.544 0.0000e+00
     19.930     -0.040   247.5587     4.5562     40.346 1.2354e-01     15.838     63.713  44.638220     0.4412    13.6565    10.0447   999.8156     28.349     19.546 0.0000e+00
     19.923     -0.040   247.7678     4.5870     40.257 1.2346e-01     15.838     63.717  44.639150     0.4589    13.6438    10.0407   999.8160     28.346     19.545 0.0000e+00
     19.903     -0.033   247.8420     4.5727     40.192 1.2349e-01     15.837     63.812  44.704456     0.4708    13.7229    10.0350   999.8164     28.314     19.522 0.0000e+00
     19.878     -0.023   247.7671     4.5641     40.038 1.2355e-01     15.837     63.947  44.792947     0.4897    14.2690    10.0300   999.8167     28.264     19.487 0.0000e+00
     19.865     -0.013   247.7226     4.5501     39.778 1.2355e-01     15.838     64.000  44.820237     0.5159    15.2010    10.0271   999.8169     28.239     19.471 0.0000e+00
     19.874     -0.006   247.6474     4.5361     39.508 1.2355e-01     15.839     63.955  44.780462     0.5294    15.7207    10.0270   999.8169     28.262     19.486 0.0000e+00
     19.892     -0.009   247.4612     4.5394     39.259 1.2354e-01     15.840     63.834  44.692956     0.5197    15.8490    10.0271   999.8171     28.296     19.509 0.0000e+00
     19.904     -0.024   247.3632     4.5212     39.001 1.2355e-01     15.839     63.678  44.587551     0.5039    16.2035    10.0223   999.8177     28.318     19.524 0.0000e+00
     19.902     -0.049   247.4091     4.4879     38.803 1.2357e-01     15.839     63.573  44.521823     0.4909    16.7451    10.0128   999.8185     28.318     19.525 0.0000e+00
     19.879     -0.075   247.4136     4.4549     38.646 1.2357e-01     15.838     63.574  44.533139     0.4869    16.9734    10.0049   999.8191     28.286     19.502 0.0000e+00
     19.839     -0.095   247.4178     4.4347     38.436 1.2359e-01     15.838     63.561  44.533927     0.4832    16.8690    10.0027   999.8190     28.219     19.457 0.0000e+00
     19.798     -0.107   247.4600     4.3961     38.214 1.2364e-01     15.838     63.458  44.467863     0.4466    16.1704    10.0061   999.8184     28.150     19.409 0.0000e+00
     19.769     -0.111   247.4085     4.3745     38.067 1.2365e-01     15.839     63.403  44.432733     0.3877    14.9800    10.0135   999.8176     28.110     19.381 0.0000e+00
     19.751     -0.108   247.3114     4.3649     38.057 1.2363e-01     15.839     63.388  44.426619     0.3442    14.3213    10.0231   999.8167     28.093     19.370 0.0000e+00
     19.732     -0.104   247.2317     4.3342     38.191 1.2363e-01     15.838     63.334  44.393943     0.3305    14.1114    10.0312   999.8159     28.070     19.353 0.0000e+00
     19.706     -0.102   247.2194     4.3064     38.412 1.2366e-01     15.837     63.270  44.355091     0.2880    13.0600    10.0355   999.8153     28.031     19.326 0.0000e+00
     19.674     -0.105   247.2488     4.2862     38.670 1.2365e-01     15.837     63.148  44.274304     0.1931    11.2217    10.0378   999.8150     27.983     19.294 0.0000e+00
     19.643     -0.110   247.2436     4.2851     38.972 1.2356e-01     15.837     63.008  44.179001     0.1457    10.2529    10.0406   999.8146     27.937     19.262 0.0000e+00
     19.615     -0.112   247.2425     4.3015     39.276 1.2354e-01     15.837     62.972  44.155090     0.1442    10.1695    10.0451   999.8140     27.898     19.234 0.0000e+00
     19.588     -0.112   247.1483     4.3309     39.564 1.2359e-01     15.837     62.998  44.175667     0.1275    10.1110    10.0504   999.8134     27.863     19.211 0.0000e+00
     19.561     -0.111   246.9652     4.3551     39.904 1.2353e-01     15.837     62.991  44.173852     0.0962     9.9572    10.0538   999.8129     27.823     19.183 0.0000e+00
     19.531     -0.110   246.9208     4.3926     40.282 1.2346e-01     15.837     62.926  44.133152     0.0715     9.7522    10.0551   999.8126     27.779     19.153 0.0000e+00
     19.502     -0.111   246.9567     4.4303     40.682 1.2349e-01     15.837     62.821  44.064489     0.0762     9.6920    10.0568   999.8123     27.736     19.124 0.0000e+00
     19.475     -0.114   246.8823     4.4531     41.060 1.2358e-01     15.836     62.691  43.978520     0.0770     9.6765    10.0585   999.8120     27.699     19.098 0.0000e+00
     19.449     -0.117   246.7965     4.4971     41.318 1.2359e-01     15.836     62.512  43.855548     0.0431     9.3580    10.0612   999.8116     27.665     19.074 0.0000e+00
     19.419     -0.121   246.6932     4.5384     41.471 1.2349e-01     15.837     62.226  43.656906     0.0004     8.7937    10.0647   999.8113     27.622     19.045 0.0000e+00
     19.387     -0.123   246.4943     4.5823     41.565 1.2345e-01     15.838     61.971  43.481309    -0.0111     8.4844    10.0689   999.8107     27.575     19.013 0.0000e+00
     19.352     -0.123   246.3706     4.6338     41.658 1.2355e-01     15.837     61.914  43.446503     0.0092     8.5020    10.0742   999.8099     27.526     18.978 0.0000e+00
     19.318     -0.121   246.3163     4.6582     41.866 1.2363e-01     15.836     61.971  43.490015     0.0181     8.5263    10.0760   999.8096     27.475     18.944 0.0000e+00
     19.286     -0.117   246.1812     4.6736     42.168 1.2362e-01     15.836     61.984  43.499531     0.0001     8.4688    10.0757   999.8093     27.429     18.911 0.0000e+00
     19.257     -0.111   246.0277     4.6852     42.529 1.2364e-01     15.837     61.894  43.434601    -0.0173     8.4246    10.0792   999.8088     27.389     18.884 0.0000e+00
     19.232     -0.101   245.9226     4.6840     42.997 1.2365e-01     15.838     61.577  43.212823    -0.0209     8.4036    10.0846   999.8082     27.355     18.861 0.0000e+00
     19.207     -0.089   245.8574     4.7117     43.562 1.2360e-01     15.837     60.871  42.722536    -0.0337     8.1467    10.0877   999.8078     27.320     18.836 0.0000e+00
     19.182     -0.076   245.9274     4.7496     44.167 1.2354e-01     15.836     60.027  42.140779    -0.0762     7.6192    10.0869   999.8078     27.281     18.809 0.0000e+00
     19.160     -0.066   246.0810     4.7834     44.727 1.2349e-01     15.835     59.566  41.828671    -0.1155     7.2780    10.0853   999.8078     27.248     18.786 0.0000e+00
     19.147     -0.060   246.0791     4.8402     45.190 1.2356e-01     15.835     59.520  41.805479    -0.1278     7.2147    10.0846   999.8077     27.230     18.774 0.0000e+00
     19.142     -0.059   245.9903     4.9033     45.557 1.2366e-01     15.835     59.680  41.923861    -0.1387     7.0253    10.0886   999.8071     27.226     18.772 0.0000e+00
     19.135     -0.064   246.1273     4.9759     45.891 1.2366e-01     15.835     60.043  42.180871    -0.1526     6.6363    10.0989   999.8057     27.222     18.769 0.0000e+00
     19.120     -0.075   246.3580     5.0391     46.375 1.2362e-01     15.835     60.409  42.437255    -0.1619     6.3566    10.1094   999.8046     27.199     18.753 0.0000e+00
     19.098     -0.089   246.3708     5.0899     47.220 1.2359e-01     15.835     60.572  42.548046    -0.1742     6.2526    10.1174   999.8038     27.166     18.730 0.0000e+00
     19.069     -0.101   246.2820     5.1302     48.477 1.2351e-01     15.835     60.514  42.504750    -0.1876     6.0655    10.1220   999.8033     27.125     18.702 0.0000e+00
     19.035     -0.106   246.2311     5.1583     49.974 1.2349e-01     15.835     60.215  42.294641    -0.1996     5.7080    10.1240   999.8031     27.075     18.667 0.0000e+00
     19.003     -0.104   246.2712     5.2034     51.379 1.2355e-01     15.835     59.576  41.848578    -0.2141     5.4661    10.1230   999.8032     27.024     18.634 0.0000e+00
     18.975     -0.094   246.3372     5.2952     52.344 1.2360e-01     15.835     58.790  41.301058    -0.2300     5.4063    10.1191   999.8034     26.986     18.607 0.0000e+00
     18.951     -0.081   246.2545     5.4462     52.752 1.2363e-01     15.835     58.452  41.070292    -0.2492     5.3632    10.1167   999.8036     26.952     18.582 0.0000e+00
     18.932     -0.069   246.1317     5.6264     52.700 1.2363e-01     15.835     58.561  41.153184    -0.2548     5.4600    10.1169   999.8033     26.924     18.562 0.0000e+00
     18.921     -0.062   246.0565     5.8032     52.351 1.2354e-01     15.835     58.657  41.224205    -0.2118     5.7183    10.1184   999.8030     26.910     18.554 0.0000e+00
     18.913     -0.060   246.0343     5.9151     52.015 1.2349e-01     15.835     58.665  41.230763    -0.1583     5.8767    10.1225   999.8021     26.903     18.549 0.0000e+00
     18.902     -0.061   246.1206     5.9515     52.028 1.2359e-01     15.834     58.667  41.232474    -0.1612     5.8647    10.1296   999.8014     26.889     18.539 0.0000e+00
     18.883     -0.066   246.2392     5.9441     52.577 1.2365e-01     15.834     58.684  41.244895    -0.2185     5.6419    10.1355   999.8009     26.860     18.519 0.0000e+00
     18.862     -0.073   246.2640     5.8883     53.584 1.2353e-01     15.835     58.697  41.253995    -0.2886     5.3113    10.1388   999.8004     26.826     18.495 0.0000e+00
     18.842     -0.077   246.1630     5.8361     54.710 1.2345e-01     15.835     58.642  41.215540    -0.3218     5.1976    10.1391   999.8003     26.799     18.477 0.0000e+00
     18.821     -0.076   246.0500     5.8301     55.679 1.2352e-01     15.835     58.563  41.160802    -0.3142     5.1949    10.1387   999.8003     26.772     18.458 0.0000e+00
     18.799     -0.071   246.0169     5.8919     56.374 1.2358e-01     15.834     58.474  41.099980    -0.3117     4.9692    10.1397   999.8001     26.739     18.435 0.0000e+00
     18.779     -0.064   246.0212     6.0255     56.786 1.2361e-01     15.834     58.403  41.051437    -0.3294     4.5968    10.1393   999.8001     26.707     18.414 0.0000e+00
     18.763     -0.055   246.0161     6.1624     57.003 1.2365e-01     15.834     58.355  41.018217    -0.3379     4.4348    10.1392   999.8000     26.685     18.399 0.0000e+00
     18.751     -0.049   246.0403     6.2739     57.113 1.2363e-01     15.834     58.260  40.952221    -0.3282     4.4873    10.1401   999.7998     26.671     18.389 0.0000e+00
     18.743     -0.045   246.1418     6.3549     57.215 1.2355e-01     15.834     58.259  40.951721    -0.3266     4.5439    10.1414   999.7995     26.658     18.380 0.0000e+00
     18.737     -0.045   246.2966     6.3930     57.330 1.2355e-01     15.834     58.345  41.012178    -0.3378     4.5709    10.1429   999.7994     26.651     18.375 0.0000e+00
     18.729     -0.051   246.4499     6.4176     57.393 1.2360e-01     15.834     58.397  41.048442    -0.3396     4.6076    10.1433   999.7994     26.643     18.369 0.0000e+00
     18.715     -0.061   246.5321     6.4233     57.430 1.2353e-01     15.834     58.432  41.072792    -0.3301     4.6443    10.1436   999.7992     26.619     18.354 0.0000e+00
     18.697     -0.076   246.5161     6.4327     57.502 1.2346e-01     15.835     58.403  41.052693    -0.3274     4.5683    10.1444   999.7991     26.593     18.336 0.0000e+00
     18.678     -0.091   246.5149     6.4535     57.615 1.2354e-01     15.835     58.318  40.995862    -0.3354     4.3751    10.1443   999.7990     26.569     18.318 0.0000e+00
     18.653     -0.104   246.5179     6.4555     57.710 1.2363e-01     15.834     58.346  41.020427    -0.3317     4.2314    10.1433   999.7990     26.535     18.296 0.0000e+00
     18.622     -0.112   246.5517     6.4588     57.766 1.2358e-01     15.833     58.445  41.095803    -0.3208     4.1695    10.1430   999.7989     26.490     18.265 0.0000e+00
     18.587     -0.115   246.6663     6.4641     57.778 1.2353e-01     15.833     58.509  41.145516    -0.3278     4.1419    10.1435   999.7987     26.437     18.228 0.0000e+00
     18.552     -0.114   246.6983     6.4826     57.765 1.2358e-01     15.834     58.551  41.177166    -0.3289     4.2061    10.1454   999.7983     26.385     18.192 0.0000e+00
     18.521     -0.110   246.6805     6.4914     57.781 1.2361e-01     15.834     58.440  41.097624    -0.3158     4.3279    10.1500   999.7977     26.340     18.161 0.0000e+00
     18.496     -0.105   246.6227     6.4973     57.783 1.2356e-01     15.834     58.316  41.008976    -0.3218     4.3789    10.1552   999.7972     26.305     18.136 0.0000e+00
     18.475     -0.101   246.5153     6.4989     57.698 1.2355e-01     15.833     58.386  41.057478    -0.3354     4.4102    10.1604   999.7966     26.278     18.118 0.0000e+00
     18.454     -0.099   246.5876     6.4909     57.569 1.2360e-01     15.833     58.463  41.112765    -0.3277     4.4660    10.1623   999.7964     26.250     18.099 0.0000e+00
     18.429     -0.101   246.8091     6.4969     57.459 1.2361e-01     15.834     58.450  41.106167    -0.3143     4.4710    10.1597   999.7965     26.212     18.072 0.0000e+00
     18.401     -0.103   246.8695     6.5025     57.324 1.2355e-01     15.834     58.444  41.104665    -0.3170     4.4364    10.1579   999.7964     26.172     18.045 0.0000e+00
     18.373     -0.102   246.8018     6.4903     57.182 1.2355e-01     15.834     58.427  41.094603    -0.3316     4.3909    10.1582   999.7964     26.133     18.019 0.0000e+00
     18.343     -0.097   246.8506     6.4688     57.085 1.2361e-01     15.833     58.270  40.984508    -0.3281     4.3314    10.1588   999.7962     26.089     17.988 0.0000e+00
     18.314     -0.091   246.9432     6.4642     57.065 1.2364e-01     15.833     58.084  40.852615    -0.3040     4.3011    10.1608   999.7958     26.046     17.958 0.0000e+00
     18.291     -0.087   246.9752     6.4442     57.120 1.2360e-01     15.833     58.057  40.832891    -0.2876     4.2994    10.1634   999.7955     26.012     17.935 0.0000e+00
     18.277     -0.088   246.9802     6.4268     57.204 1.2357e-01     15.833     58.112  40.872985    -0.2920     4.2429    10.1655   999.7953     25.993     17.922 0.0000e+00
     18.265     -0.093   246.9169     6.4144     57.265 1.2365e-01     15.834     58.137  40.893063    -0.3282     4.1320    10.1665   999.7951     25.983     17.915 0.0000e+00
     18.245     -0.103   246.8985     6.4114     57.300 1.2369e-01     15.834     58.121  40.885228    -0.3729     4.0225    10.1645   999.7950     25.959     17.898 0.0000e+00
     18.214     -0.115   246.9299     6.4217     57.416 1.2367e-01     15.833     58.141  40.905199    -0.3849     3.9835    10.1634   999.7950     25.908     17.864 0.0000e+00
     18.175     -0.125   246.8660     6.4307     57.627 1.2364e-01     15.832     58.191  40.944118    -0.3775     4.0050    10.1649   999.7947     25.849     17.822 0.0000e+00
     18.137     -0.129   246.9002     6.4425     57.876 1.2356e-01     15.832     58.141  40.911463    -0.3790     4.0068    10.1663   999.7944     25.795     17.785 0.0000e+00
     18.101     -0.123   247.0853     6.4352     58.148 1.2352e-01     15.833     58.021  40.827754    -0.3838     4.0053    10.1694   999.7939     25.744     17.750 0.0000e+00
     18.068     -0.110   247.2111     6.4484     58.343 1.2353e-01     15.833     57.920  40.757199    -0.3788     4.0212    10.1750   999.7933     25.696     17.717 0.0000e+00
     18.040     -0.096   247.2171     6.4777     58.436 1.2356e-01     15.833     57.828  40.693135    -0.3663     4.0277    10.1797   999.7928     25.651     17.686 0.0000e+00
     18.020     -0.083   247.1573     6.4994     58.520 1.2358e-01     15.833     57.728  40.624441    -0.3655     3.9808    10.1813   999.7925     25.627     17.668 0.0000e+00
     18.007     -0.070   247.0911     6.5396     58.581 1.2362e-01     15.833     57.548  40.497908    -0.3795     3.9007    10.1808   999.7924     25.615     17.661 0.0000e+00
