Data/DataNotYetUploadedToEDI/Raw_CTD/RawDownloads/070126_ccr20_S8188006.cnv
* Sea-Bird SBE19plus  Data File:
* FileName = C:\R\Reservoirs\Data\DataNotYetUploadedToEDI\Raw_CTD\RawDownloads\070126_ccr10_S8188_0006.hex
* Software version 2.8.0.119
* Temperature SN = 8188
* Conductivity SN = 8188
* System UpLoad Time = Jul 02 2026 16:08:02
* <ApplicationData>
* <Seaterm232>
# nquan = 16
# nvalues = 1715                        
# units = specified
# name 0 = depFM: Depth [fresh water, m]
# name 1 = dz/dtM: Descent Rate [m/s]
# name 2 = sbeox0Mg/L: Oxygen, SBE 43 [mg/l]
# name 3 = sbeox0PS: Oxygen, SBE 43 [% saturation]
# name 4 = specc: Specific Conductance [uS/cm]
# name 5 = c0uS/cm: Conductivity [uS/cm]
# name 6 = wetCDOM: Fluorescence, WET Labs CDOM [mg/m^3]
# name 7 = flECO-AFL: Fluorescence, WET Labs ECO-AFL/FL [mg/m^3]
# name 8 = flECO-AFL1: Fluorescence, WET Labs ECO-AFL/FL, 2 [mg/m^3]
# name 9 = flECO-AFL2: Fluorescence, WET Labs ECO-AFL/FL, 3 [mg/m^3]
# name 10 = par/sat/log: PAR/Logarithmic, Satlantic
# name 11 = turbWETntu0: Turbidity, WET Labs ECO [NTU]
# name 12 = prdM: Pressure, Strain Gauge [db]
# name 13 = prdE: Pressure, Strain Gauge [psi]
# name 14 = tv290C: Temperature [ITS-90, deg C]
# name 15 = flag:  0.000e+00
# span 0 =     -0.424,      5.558       
# span 1 =     -0.174,      0.216       
# span 2 =     0.1086,    10.0998       
# span 3 =      1.205,    109.254       
# span 4 =   -592.146,    186.287       
# span 5 =-465.692409, 167.000138       
# span 6 =    -4.5000,    35.8200       
# span 7 =    -1.6998,   245.1454       
# span 8 =    -4.3026,     6.8160       
# span 9 =    -5.9220,     5.3721       
# span 10 = 2.5322e+00, 3.4288e+03      
# span 11 =    -7.7419,   524.9562      
# span 12 =     -0.416,      5.451      
# span 13 =     -0.603,      7.906      
# span 14 =    14.2320,    28.8648      
# span 15 = 0.0000e+00, 0.0000e+00      
# interval = seconds: 0.25
# start_time = Jul 02 2026 12:32:34 [Instrument's time stamp, header]
# bad_flag = -9.990e-29
*END*
[from data line 1447]
      3.939     -0.044     0.6445      4.924    153.675 124.624461    14.7600     2.9580     0.1278     0.5922 1.4614e+02    11.9871      3.862      5.602    15.4002 0.0000e+00
      3.929     -0.039     0.6076      4.585    143.285 116.276924    14.7600     2.9961     0.1278     0.5922 1.4630e+02    12.0475      3.853      5.589    15.4564 0.0000e+00
      3.921     -0.036     0.5683      4.311    126.191 102.422657    14.4900     2.1454     0.1704     0.7614 1.4655e+02     7.0473      3.845      5.577    15.5206 0.0000e+00
      3.913     -0.034     0.5282      4.108     97.239  78.726526    14.4900     2.1645     0.1704     0.7614 1.4748e+02     6.9416      3.838      5.566    15.5939 0.0000e+00
      3.906     -0.036     0.4896      3.974     48.392  38.342993    14.4900     2.1759     0.1704     0.7614 1.4796e+02     7.0020      3.830      5.555    15.6827 0.0000e+00
      3.897     -0.039     0.4549      3.898    -32.785 -29.272624    14.4900     2.1531     0.1704     0.7614 1.4915e+02     6.9869      3.822      5.544    15.7975 0.0000e+00
      3.888     -0.043     0.4262      3.873   -166.748-141.370263    14.3100     2.0806     0.1704     0.7614 1.5023e+02     6.2164      3.813      5.530    15.9529 0.0000e+00
      3.876     -0.048     0.4045      3.890   -389.172-327.952718    14.3100     2.0997     0.1704     0.7614 1.5369e+02     6.3222      3.802      5.514    16.1450 0.0000e+00
      3.863     -0.053     0.3896      3.934   -527.904-444.248718    14.3100     2.0844     0.1704     0.7614 1.5721e+02     6.3826      3.789      5.495    16.3464 0.0000e+00
      3.848     -0.057     0.3806      3.989   -387.972-326.307459    14.3100     2.0882     0.1704     0.7614 1.6024e+02     6.2467      3.774      5.473    16.5332 0.0000e+00
      3.832     -0.060     0.3768      4.040   -164.580-138.227697    14.3100     2.1721     0.1704     0.7614 1.6210e+02     7.6969      3.758      5.451    16.6925 0.0000e+00
      3.816     -0.063     0.3773      4.077    -30.856 -25.524753    14.0400     2.1798     0.1704     0.7191 1.6401e+02     7.6969      3.742      5.428    16.8226 0.0000e+00
      3.800     -0.064     0.3807      4.085     49.048  41.959626    14.0400     2.1569     0.1704     0.7191 1.6606e+02     7.6667      3.726      5.404    16.9280 0.0000e+00
      3.783     -0.064     0.3852      4.059     97.095  82.637839    14.0400     2.1607     0.1704     0.7191 1.6776e+02     7.7120      3.710      5.381    17.0115 0.0000e+00
      3.767     -0.064     0.3896      4.004    126.155 107.281337    14.0400     2.1798     0.1704     0.7191 1.6970e+02     7.3343      3.694      5.358    17.0838 0.0000e+00
      3.751     -0.064     0.3925      3.927    143.547 122.053190    13.4100     2.1721     0.1278     0.8460 1.7066e+02     7.2890      3.678      5.335    17.1619 0.0000e+00
      3.734     -0.063     0.3925      3.833    153.886 130.846501    13.4100     2.1721     0.1278     0.8460 1.7268e+02     7.1379      3.662      5.311    17.2502 0.0000e+00
      3.718     -0.063     0.3894      3.727    160.096 136.132321    13.4100     2.1607     0.1278     0.8460 1.7324e+02     7.3041      3.646      5.288    17.3323 0.0000e+00
      3.702     -0.061     0.3837      3.617    163.759 139.320196    13.4100     2.3362     0.1278     0.8460 1.7457e+02     7.6969      3.631      5.266    17.3935 0.0000e+00
      3.686     -0.058     0.3760      3.512    165.996 141.438456    13.0500     2.3209     0.0426     0.5922 1.7582e+02     7.6818      3.615      5.243    17.4369 0.0000e+00
      3.671     -0.055     0.3668      3.418    167.483 143.039959    13.0500     2.3591     0.0426     0.5922 1.7701e+02     7.8026      3.600      5.222    17.4665 0.0000e+00
      3.657     -0.050     0.3565      3.335    168.288 144.099181    13.0500     2.3591     0.0426     0.5922 1.7701e+02     7.6667      3.586      5.201    17.4855 0.0000e+00
      3.644     -0.044     0.3457      3.253    168.517 144.620227    13.0500     2.4811     0.0426     0.5922 1.7697e+02    10.8843      3.574      5.183    17.5174 0.0000e+00
      3.634     -0.038     0.3352      3.169    168.393 144.756081    12.9600     2.5040     0.1278     0.5922 1.7498e+02    10.7182      3.563      5.168    17.5873 0.0000e+00
      3.625     -0.032     0.3257      3.087    168.149 144.723228    12.9600     2.4926     0.1278     0.5922 1.7430e+02    10.8390      3.555      5.156    17.6905 0.0000e+00
      3.618     -0.027     0.3170      3.005    168.044 144.765264    12.9600     2.4659     0.1278     0.5922 1.7242e+02    10.7635      3.549      5.147    17.8037 0.0000e+00
      3.613     -0.023     0.3085      2.922    167.966 144.811281    12.9600     2.5383     0.1278     0.5922 1.7272e+02    30.9155      3.543      5.139    17.9023 0.0000e+00
      3.608     -0.021     0.3001      2.842    167.603 144.629209    12.9600     2.5612     0.1278     0.5922 1.7089e+02    31.0212      3.539      5.132    17.9757 0.0000e+00
      3.604     -0.021     0.2920      2.767    167.085 144.336731    12.3300     2.5116     0.1278     0.5499 1.7018e+02    31.0212      3.534      5.126    18.0291 0.0000e+00
      3.599     -0.022     0.2840      2.697    166.799 144.230378    12.3300     2.5574     0.1278     0.5499 1.6919e+02    30.9155      3.530      5.120    18.0691 0.0000e+00
      3.594     -0.024     0.2760      2.632    166.831 144.365910    12.3300     2.4888     0.1278     0.5499 1.6831e+02    16.4888      3.525      5.112    18.1033 0.0000e+00
      3.588     -0.029     0.2682      2.571    166.782 144.420975    12.3300     2.4659     0.1278     0.5499 1.6791e+02    16.5492      3.519      5.104    18.1427 0.0000e+00
      3.581     -0.035     0.2609      2.509    166.398 144.191953    11.6100     2.4582     0.1278     0.5499 1.6751e+02    16.5492      3.512      5.094    18.1889 0.0000e+00
      3.572     -0.042     0.2541      2.444    166.086 144.022328    11.6100     2.4926     0.1278     0.5499 1.6761e+02    16.5946      3.503      5.081    18.2310 0.0000e+00
      3.561     -0.050     0.2478      2.372    166.246 144.279426    11.6100     2.4048     0.1278     0.5499 1.6765e+02     9.0867      3.492      5.065    18.2631 0.0000e+00
      3.547     -0.057     0.2419      2.290    166.779 144.931668    11.6100     2.4277     0.1278     0.5499 1.6915e+02     9.0565      3.478      5.045    18.2924 0.0000e+00
      3.530     -0.064     0.2359      2.198    167.289 145.648312    11.5200     2.4010     0.0852     0.4230 1.6941e+02     9.1320      3.462      5.021    18.3233 0.0000e+00
      3.512     -0.069     0.2297      2.096    167.515 146.131802    11.5200     2.4048     0.0852     0.4230 1.7081e+02     9.1320      3.444      4.995    18.3531 0.0000e+00
      3.492     -0.072     0.2227      1.985    167.528 146.350861    11.5200     2.2751     0.0852     0.4230 1.7174e+02     8.9205      3.425      4.967    18.3884 0.0000e+00
      3.473     -0.074     0.2148      1.867    167.366 146.349890    11.5200     2.2866     0.0852     0.4230 1.7245e+02     8.9356      3.406      4.940    18.4450 0.0000e+00
      3.454     -0.074     0.2059      1.750    166.930 146.140640    11.5200     2.2713     0.0852     0.4230 1.7275e+02     8.8601      3.387      4.913    18.5269 0.0000e+00
      3.435     -0.074     0.1961      1.646    166.386 145.903652    11.4300     2.2866     0.0852     0.4230 1.7362e+02     8.8601      3.369      4.886    18.6129 0.0000e+00
      3.416     -0.071     0.1854      1.560    166.113 145.900213    11.4300     2.0424     0.0852     0.4230 1.7548e+02     8.4824      3.350      4.859    18.6754 0.0000e+00
      3.397     -0.068     0.1742      1.495    166.062 146.047300    11.4300     2.0501     0.0852     0.4230 1.7690e+02     8.4975      3.331      4.832    18.7180 0.0000e+00
      3.379     -0.063     0.1631      1.460    165.841 146.061674    11.4300     2.0462     0.0852     0.4230 1.7813e+02     8.4824      3.314      4.806    18.7699 0.0000e+00
      3.363     -0.057     0.1532      1.457    165.390 145.941167    10.8900     2.0462     0.1278     0.3384 1.7863e+02     8.3767      3.298      4.783    18.8420 0.0000e+00
      3.349     -0.051     0.1450      1.481    164.822 145.789852    10.8900     1.8670     0.1278     0.3384 1.7902e+02    12.4705      3.284      4.763    18.9128 0.0000e+00
      3.337     -0.045     0.1388      1.517    164.195 145.655518    10.8900     1.8555     0.1278     0.3384 1.7825e+02    12.4554      3.273      4.747    18.9707 0.0000e+00
      3.328     -0.040     0.1352      1.558    163.727 145.676611    10.8900     1.8402     0.1278     0.3384 1.7801e+02    12.5460      3.263      4.733    19.0342 0.0000e+00
      3.319     -0.037     0.1348      1.599    163.594 145.922875    10.0800     1.8517     0.0426     0.3384 1.7852e+02    12.5460      3.255      4.721    19.1181 0.0000e+00
      3.311     -0.036     0.1366      1.636    163.664 146.233678    10.0800     2.0386     0.0426     0.3384 1.7848e+02    32.8340      3.247      4.710    19.2246 0.0000e+00
      3.303     -0.038     0.1396      1.665    163.681 146.393479    10.0800     2.0615     0.0426     0.3384 1.7809e+02    32.8642      3.239      4.698    19.3524 0.0000e+00
      3.294     -0.043     0.1430      1.679    163.638 146.414855    10.0800     2.0348     0.0426     0.3384 1.7782e+02    32.7433      3.230      4.685    19.4851 0.0000e+00
      3.284     -0.050     0.1464      1.679    163.620 146.425680     9.8100     2.0615     0.0852     0.2961 1.7517e+02    32.8793      3.220      4.671    19.5957 0.0000e+00
      3.271     -0.060     0.1496      1.667    163.540 146.440846     9.8100     2.0348     0.0852     0.2961 1.7510e+02    43.6351      3.208      4.653    19.6711 0.0000e+00
      3.255     -0.070     0.1522      1.645    163.300 146.404309     9.8100     2.0615     0.0852     0.2961 1.7525e+02    43.5898      3.193      4.631    19.7151 0.0000e+00
      3.236     -0.081     0.1534      1.616    162.935 146.292321     9.8100     2.0424     0.0852     0.2961 1.7666e+02    43.5898      3.173      4.603    19.7334 0.0000e+00
      3.213     -0.092     0.1534      1.583    162.623 146.179189     9.8100     2.0882     0.0852     0.2961 1.7636e+02    43.6351      3.151      4.570    19.7415 0.0000e+00
      3.187     -0.101     0.1522      1.548    162.508 146.140914     9.6300     1.9242     0.0852     0.2538 1.7778e+02    35.7646      3.126      4.534    19.7681 0.0000e+00
      3.160     -0.108     0.1501      1.512    162.556 146.157275     9.6300     1.9127     0.0852     0.2538 1.7705e+02    35.6589      3.099      4.494    19.8231 0.0000e+00
      3.130     -0.112     0.1472      1.477    162.686 146.180556     9.6300     1.9356     0.0852     0.2538 1.7856e+02    35.6589      3.070      4.452    19.8889 0.0000e+00
      3.100     -0.114     0.1440      1.447    162.871 146.186919     9.6300     1.9204     0.0852     0.2538 1.7949e+02    35.7193      3.040      4.409    19.9404 0.0000e+00
      3.069     -0.112     0.1408      1.423    163.048 146.172037    10.7100     1.9089     0.1278     0.3384 1.7949e+02    35.5985      3.010      4.365    19.9601 0.0000e+00
      3.040     -0.109     0.1376      1.404    163.124 146.139936    10.7100     1.7373     0.1278     0.3384 1.8000e+02    25.8246      2.981      4.323    19.9517 0.0000e+00
      3.012     -0.102     0.1345      1.387    163.081 146.094064    10.7100     1.7487     0.1278     0.3384 1.7957e+02    25.9152      2.954      4.284    19.9231 0.0000e+00
      2.986     -0.094     0.1318      1.371    162.946 146.036213    10.7100     1.7144     0.1278     0.3384 1.7965e+02    26.0512      2.928      4.247    19.8739 0.0000e+00
      2.962     -0.084     0.1298      1.353    162.746 145.956973    10.8000     1.7296     0.1704     0.1692 1.7898e+02    25.9152      2.906      4.214    19.8206 0.0000e+00
      2.942     -0.074     0.1281      1.332    162.491 145.863256    10.8000     1.4893     0.1704     0.1692 1.7957e+02    20.5827      2.885      4.184    19.7899 0.0000e+00
      2.924     -0.064     0.1266      1.310    162.153 145.786149    10.8000     1.5122     0.1704     0.1692 1.7825e+02    20.6129      2.868      4.160    19.7877 0.0000e+00
      2.910     -0.054     0.1252      1.283    161.730 145.737142    10.8000     1.4817     0.1704     0.1692 1.7836e+02    20.5373      2.854      4.139    19.8071 0.0000e+00
      2.898     -0.045     0.1235      1.253    161.285 145.691174    10.8000     1.4702     0.1704     0.1692 1.7747e+02    20.6280      2.842      4.122    19.8381 0.0000e+00
      2.889     -0.037     0.1214      1.228    160.860 145.630002    10.6200     1.3443     0.1704     0.2538 1.7743e+02    43.3783      2.833      4.109    19.8799 0.0000e+00
      2.881     -0.030     0.1192      1.211    160.451 145.565363    10.6200     1.3520     0.1704     0.2538 1.7728e+02    43.3632      2.825      4.098    19.9501 0.0000e+00
      2.874     -0.025     0.1165      1.205    160.055 145.496054    10.6200     1.3901     0.1704     0.2538 1.7767e+02    43.3481      2.819      4.088    20.0528 0.0000e+00
      2.869     -0.020     0.1135      1.210    159.680 145.405610    10.6200     1.3253     0.1704     0.2538 1.7709e+02    43.4387      2.814      4.081    20.1628 0.0000e+00
      2.865     -0.016     0.1110      1.223    159.315 145.299963     9.6300     1.4435     0.0852     0.2115 1.7801e+02    94.7099      2.809      4.075    20.2631 0.0000e+00
      2.861     -0.013     0.1093      1.243    158.927 145.205017     9.6300     1.4359     0.0852     0.2115 1.7747e+02    94.6495      2.806      4.070    20.3583 0.0000e+00
      2.859     -0.011     0.1086      1.266    158.544 145.141527     9.6300     1.4130     0.0852     0.2115 1.7863e+02    94.7099      2.804      4.066    20.4488 0.0000e+00
      2.857     -0.009     0.1088      1.287    158.267 145.116620     9.6300     1.4054     0.0852     0.2115 1.7922e+02    94.7704      2.801      4.063    20.5272 0.0000e+00
      2.855     -0.008     0.1098      1.301    158.067 145.095627     9.3600     1.4855     0.1278     0.2961 1.7941e+02    93.6223      2.800      4.060    20.5982 0.0000e+00
      2.853     -0.008     0.1115      1.310    157.845 145.038900     9.3600     1.4740     0.1278     0.2961 1.8058e+02    93.6525      2.798      4.058    20.6796 0.0000e+00
      2.851     -0.008     0.1134      1.311    157.655 144.973379     9.3600     1.4435     0.1278     0.2961 1.8055e+02    93.5618      2.796      4.055    20.7698 0.0000e+00
      2.849     -0.010     0.1150      1.307    157.530 144.931666     9.3600     1.4969     0.1278     0.2961 1.8106e+02    93.6827      2.794      4.053    20.8418 0.0000e+00
      2.847     -0.012     0.1162      1.304    157.364 144.902627     9.2700     1.3596     0.0852     0.2115 1.8074e+02    65.2222      2.792      4.050    20.8929 0.0000e+00
      2.844     -0.016     0.1169      1.306    157.117 144.870510     9.2700     1.3405     0.0852     0.2115 1.8149e+02    65.2071      2.789      4.045    20.9393 0.0000e+00
      2.840     -0.021     0.1169      1.316    156.866 144.834779     9.2700     1.3710     0.0852     0.2115 1.8102e+02    65.2524      2.785      4.039    20.9738 0.0000e+00
      2.834     -0.026     0.1165      1.343    156.669 144.797938     9.2700     1.3443     0.0852     0.2115 1.8086e+02    65.2675      2.780      4.031    20.9970 0.0000e+00
      2.827     -0.032     0.1162      1.396    156.509 144.754172     9.2700     1.1269     0.0852     0.2115 1.8074e+02    41.4295      2.772      4.021    21.0362 0.0000e+00
      2.817     -0.038     0.1162      1.480    156.363 144.707834     8.4600     1.1498     0.0426     0.1692 1.7996e+02    41.3691      2.763      4.008    21.0983 0.0000e+00
