Data/DataNotYetUploadedToEDI/Raw_CTD/RawDownloads/070126_ccr50_S8188003.cnv
* Sea-Bird SBE19plus  Data File:
* FileName = C:\R\Reservoirs\Data\DataNotYetUploadedToEDI\Raw_CTD\RawDownloads\070126_ccr10_S8188_0003.hex
* Software version 2.8.0.119
* Temperature SN = 8188
* Conductivity SN = 8188
* System UpLoad Time = Jul 02 2026 16:06:53
* <ApplicationData>
* <Seaterm232>
# nquan = 16
# nvalues = 2513                        
# units = specified
# name 0 = depFM: Depth [fresh water, m]
# name 1 = dz/dtM: Descent Rate [m/s]
# name 2 = sbeox0Mg/L: Oxygen, SBE 43 [mg/l]
# name 3 = sbeox0PS: Oxygen, SBE 43 [% saturation]
# name 4 = specc: Specific Conductance [uS/cm]
# name 5 = c0uS/cm: Conductivity [uS/cm]
# name 6 = wetCDOM: Fluorescence, WET Labs CDOM [mg/m^3]
# name 7 = flECO-AFL: Fluorescence, WET Labs ECO-AFL/FL [mg/m^3]
# name 8 = flECO-AFL1: Fluorescence, WET Labs ECO-AFL/FL, 2 [mg/m^3]
# name 9 = flECO-AFL2: Fluorescence, WET Labs ECO-AFL/FL, 3 [mg/m^3]
# name 10 = par/sat/log: PAR/Logarithmic, Satlantic
# name 11 = turbWETntu0: Turbidity, WET Labs ECO [NTU]
# name 12 = prdM: Pressure, Strain Gauge [db]
# name 13 = prdE: Pressure, Strain Gauge [psi]
# name 14 = tv290C: Temperature [ITS-90, deg C]
# name 15 = flag:  0.000e+00
# span 0 =     -0.400,     16.432       
# span 1 =     -0.221,      0.238       
# span 2 =     0.4627,    10.9998       
# span 3 =      4.311,    122.214       
# span 4 =   -622.366,    192.361       
# span 5 =-486.620960, 164.206014       
# span 6 =    -4.5000,    58.4100       
# span 7 =    -0.6699,    14.0971       
# span 8 =    -2.1300,     1.3632       
# span 9 =    -7.3602,     3.6378       
# span 10 = 1.1567e-01, 2.4440e+03      
# span 11 =    -5.1134,   482.5827      
# span 12 =     -0.392,     16.114      
# span 13 =     -0.570,     23.372      
# span 14 =    12.1195,    28.7601      
# span 15 = 0.0000e+00, 0.0000e+00      
# interval = seconds: 0.25
# start_time = Jul 02 2026 11:03:17 [Instrument's time stamp, header]
# bad_flag = -9.990e-29
*END*
[from data line 1989]
     12.357     -0.101     8.1933     78.809    146.802 112.148070    17.0100     1.4435     0.1278     0.3807 5.0573e-01     3.9052     12.117     17.575    13.1843 0.0000e+00
     12.330     -0.103     8.2083     79.025    146.798 112.154874    17.0100     1.4664     0.1278     0.3807 5.2101e-01     3.8901     12.092     17.538    13.1858 0.0000e+00
     12.303     -0.104     8.2252     79.251    146.840 112.196152    17.0100     1.4664     0.1278     0.3807 5.3932e-01     3.8598     12.065     17.499    13.1878 0.0000e+00
     12.275     -0.104     8.2441     79.477    146.862 112.218924    17.0100     1.3367     0.0852     0.2115 5.8460e-01     2.6815     12.038     17.459    13.1905 0.0000e+00
     12.248     -0.102     8.2646     79.689    146.845 112.207266    17.0100     1.3405     0.0852     0.2115 5.9875e-01     2.7420     12.011     17.420    13.1938 0.0000e+00
     12.222     -0.100     8.2866     79.878    146.823 112.190065    17.0100     1.3443     0.0852     0.2115 6.2358e-01     2.7269     11.985     17.383    13.1973 0.0000e+00
     12.197     -0.099     8.3098     80.049    146.830 112.196725    17.0100     1.3443     0.0852     0.2115 6.1563e-01     2.6211     11.961     17.348    13.2004 0.0000e+00
     12.174     -0.098     8.3332     80.205    146.865 112.227024    17.0100     1.4283     0.1278     0.2538 6.1497e-01     2.0773     11.938     17.315    13.2024 0.0000e+00
     12.150     -0.097     8.3553     80.337    146.879 112.243049    17.0100     1.4168     0.1278     0.2538 6.3742e-01     2.1377     11.914     17.280    13.2029 0.0000e+00
     12.125     -0.097     8.3752     80.439    146.860 112.235078    17.0100     1.4206     0.1278     0.2538 6.4005e-01     2.1226     11.890     17.245    13.2028 0.0000e+00
     12.099     -0.098     8.3930     80.509    146.838 112.224981    17.0100     1.4092     0.1278     0.2538 6.6602e-01     2.0471     11.865     17.209    13.2031 0.0000e+00
     12.074     -0.098     8.4091     80.557    146.838 112.230063    17.0100     1.5427     0.1278     0.2538 6.6906e-01     3.3613     11.840     17.173    13.2043 0.0000e+00
     12.048     -0.097     8.4226     80.596    146.862 112.251677    17.0100     1.5351     0.0852     0.3384 7.3779e-01     3.4369     11.815     17.136    13.2063 0.0000e+00
     12.023     -0.094     8.4328     80.639    146.885 112.271594    17.0100     1.5084     0.0852     0.3384 7.4521e-01     3.3462     11.790     17.100    13.2085 0.0000e+00
     11.999     -0.091     8.4397     80.681    146.884 112.271129    17.0100     1.5656     0.0852     0.3384 7.7763e-01     3.3764     11.767     17.066    13.2106 0.0000e+00
     11.976     -0.088     8.4444     80.720    146.880 112.266154    17.0100     1.4855     0.0852     0.3384 7.9350e-01     2.4096     11.744     17.033    13.2124 0.0000e+00
     11.954     -0.086     8.4484     80.770    146.879 112.263342    17.0100     1.4664     0.0852     0.3807 7.8681e-01     2.4247     11.723     17.002    13.2136 0.0000e+00
     11.934     -0.085     8.4528     80.834    146.856 112.245944    17.0100     1.4778     0.0852     0.3807 7.8732e-01     2.3341     11.703     16.973    13.2143 0.0000e+00
     11.914     -0.085     8.4572     80.902    146.831 112.229319    17.0100     1.4740     0.0852     0.3807 8.4806e-01     2.5154     11.683     16.945    13.2143 0.0000e+00
     11.893     -0.088     8.4614     80.969    146.831 112.233029    17.0100     1.3405     0.0852     0.3807 7.5712e-01     2.9535     11.663     16.916    13.2137 0.0000e+00
     11.870     -0.091     8.4667     81.032    146.847 112.250063    17.1000     1.3367     0.1278     0.4653 8.1006e-01     2.9535     11.641     16.884    13.2130 0.0000e+00
     11.846     -0.096     8.4734     81.092    146.838 112.248973    17.1000     1.3443     0.1278     0.4653 8.9017e-01     2.8930     11.617     16.850    13.2131 0.0000e+00
     11.821     -0.099     8.4804     81.145    146.806 112.229468    17.1000     1.3443     0.1278     0.4653 9.1607e-01     2.9837     11.592     16.813    13.2139 0.0000e+00
     11.794     -0.102     8.4871     81.190    146.795 112.226339    17.1000     1.4206     0.1278     0.4653 9.2467e-01     2.4096     11.566     16.775    13.2152 0.0000e+00
     11.767     -0.104     8.4934     81.232    146.828 112.254749    17.0100     1.4054     0.1278     0.2538 9.5759e-01     2.4852     11.539     16.736    13.2170 0.0000e+00
     11.740     -0.105     8.4993     81.280    146.875 112.292280    17.0100     1.3939     0.1278     0.2538 9.9363e-01     2.5305     11.513     16.698    13.2188 0.0000e+00
     11.713     -0.107     8.5046     81.339    146.882 112.298948    17.0100     1.4168     0.1278     0.2538 9.8183e-01     2.5305     11.487     16.660    13.2207 0.0000e+00
     11.687     -0.109     8.5090     81.401    146.876 112.294530    17.0100     1.3367     0.1278     0.2538 9.9883e-01     1.8205     11.461     16.622    13.2222 0.0000e+00
     11.659     -0.112     8.5131     81.456    146.897 112.311841    17.0100     1.3520     0.1278     0.2538 1.0387e+00     1.7903     11.434     16.584    13.2233 0.0000e+00
     11.631     -0.115     8.5181     81.497    146.941 112.347498    17.0100     1.3405     0.1278     0.2538 1.0638e+00     1.7752     11.406     16.543    13.2239 0.0000e+00
     11.601     -0.119     8.5242     81.519    147.001 112.395014    17.0100     1.3405     0.1278     0.2538 1.0778e+00     1.7449     11.376     16.500    13.2242 0.0000e+00
     11.569     -0.122     8.5307     81.529    147.044 112.431067    17.0100     1.4626     0.1278     0.2538 1.1516e+00     2.4247     11.346     16.455    13.2245 0.0000e+00
     11.537     -0.124     8.5364     81.545    147.073 112.457271    17.0100     1.4626     0.1278     0.2538 1.2090e+00     2.5305     11.314     16.409    13.2249 0.0000e+00
     11.504     -0.124     8.5406     81.584    147.113 112.492613    17.0100     1.4702     0.0852     0.3384 1.2388e+00     2.4096     11.282     16.363    13.2255 0.0000e+00
     11.471     -0.122     8.5427     81.655    147.144 112.520523    17.0100     1.4702     0.0852     0.3384 1.2908e+00     2.4701     11.250     16.316    13.2262 0.0000e+00
     11.440     -0.120     8.5436     81.763    147.143 112.522448    17.0100     1.4206     0.0852     0.3384 1.3171e+00     3.1347     11.219     16.272    13.2272 0.0000e+00
     11.410     -0.118     8.5450     81.906    147.122 112.508898    17.0100     1.4092     0.0852     0.3384 1.3154e+00     3.0894     11.189     16.229    13.2286 0.0000e+00
     11.381     -0.116     8.5487     82.078    147.094 112.490260    17.0100     1.4016     0.0852     0.3384 1.3306e+00     3.1347     11.161     16.188    13.2302 0.0000e+00
     11.353     -0.114     8.5560     82.270    147.057 112.465561    17.0100     1.4168     0.0852     0.3384 1.3735e+00     3.0743     11.133     16.147    13.2315 0.0000e+00
     11.324     -0.113     8.5670     82.468    147.017 112.440214    17.0100     1.4397     0.0852     0.3384 1.3925e+00     3.0894     11.106     16.107    13.2325 0.0000e+00
     11.295     -0.112     8.5818     82.648    146.994 112.427457    17.0100     1.2795     0.0852     0.3384 1.4527e+00     2.0773     11.077     16.066    13.2333 0.0000e+00
     11.266     -0.111     8.5998     82.787    147.001 112.435886    17.0100     1.3100     0.1278     0.3807 1.5140e+00     1.9866     11.048     16.024    13.2343 0.0000e+00
     11.237     -0.110     8.6197     82.871    147.015 112.447753    17.0100     1.2871     0.1278     0.3807 1.5352e+00     2.1075     11.020     15.982    13.2356 0.0000e+00
     11.209     -0.108     8.6400     82.900    147.008 112.442225    17.0100     1.3062     0.1278     0.3807 1.6262e+00     2.0773     10.992     15.943    13.2373 0.0000e+00
     11.182     -0.106     8.6586     82.883    146.982 112.421828    17.0100     1.3672     0.1278     0.3807 1.6110e+00     2.1075     10.966     15.905    13.2389 0.0000e+00
     11.156     -0.104     8.6730     82.838    146.954 112.401119    17.0100     1.3443     0.1278     0.3807 1.5981e+00     2.0169     10.941     15.868    13.2400 0.0000e+00
     11.131     -0.104     8.6817     82.785    146.948 112.398573    17.0100     1.3443     0.1278     0.3384 1.6322e+00     2.0471     10.916     15.832    13.2403 0.0000e+00
     11.105     -0.105     8.6847     82.749    146.955 112.407510    17.0100     1.3367     0.1278     0.3384 1.6450e+00     2.0169     10.890     15.796    13.2403 0.0000e+00
     11.079     -0.106     8.6829     82.758    146.940 112.400319    17.0100     1.3596     0.1278     0.3384 1.6735e+00     1.8205     10.864     15.758    13.2403 0.0000e+00
     11.051     -0.108     8.6781     82.832    146.918 112.389082    17.0100     1.3214     0.1278     0.3384 1.7376e+00     1.8507     10.837     15.718    13.2406 0.0000e+00
     11.023     -0.109     8.6725     82.965    146.925 112.400796    16.9200     1.3596     0.0852     0.2961 1.8191e+00     1.8507     10.809     15.678    13.2412 0.0000e+00
     10.994     -0.108     8.6684     83.133    146.942 112.418589    16.9200     1.3367     0.0852     0.2961 1.8627e+00     1.8507     10.781     15.637    13.2424 0.0000e+00
     10.966     -0.106     8.6690     83.313    146.933 112.415212    16.9200     1.3596     0.0852     0.2961 1.9412e+00     1.9262     10.753     15.597    13.2440 0.0000e+00
     10.938     -0.102     8.6764     83.484    146.903 112.393763    16.9200     1.3443     0.0852     0.2961 1.9723e+00     2.0169     10.727     15.558    13.2458 0.0000e+00
     10.912     -0.098     8.6900     83.632    146.886 112.380518    17.0100     1.3672     0.0852     0.2961 2.0152e+00     1.9715     10.701     15.521    13.2478 0.0000e+00
     10.888     -0.093     8.7073     83.740    146.909 112.395941    17.0100     1.3520     0.0852     0.2961 2.0572e+00     2.1075     10.678     15.487    13.2495 0.0000e+00
     10.866     -0.089     8.7259     83.797    146.934 112.414149    17.0100     1.4130     0.0852     0.2961 2.0465e+00     2.2132     10.656     15.455    13.2507 0.0000e+00
     10.845     -0.086     8.7437     83.816    146.925 112.406003    17.0100     1.4016     0.0852     0.2961 2.0469e+00     2.2737     10.635     15.425    13.2511 0.0000e+00
     10.824     -0.084     8.7593     83.825    146.916 112.399326    17.0100     1.4054     0.0852     0.2961 2.0675e+00     2.1981     10.615     15.395    13.2510 0.0000e+00
     10.803     -0.083     8.7707     83.844    146.946 112.422333    17.0100     1.4054     0.0852     0.2538 2.1088e+00     2.2586     10.594     15.366    13.2505 0.0000e+00
     10.782     -0.083     8.7768     83.866    146.997 112.461161    17.0100     1.4588     0.0852     0.2538 2.1374e+00     1.8205     10.574     15.336    13.2500 0.0000e+00
     10.761     -0.083     8.7788     83.880    147.035 112.488173    17.0100     1.4702     0.0852     0.2538 2.2034e+00     1.8054     10.553     15.306    13.2497 0.0000e+00
     10.740     -0.085     8.7798     83.884    147.049 112.496573    17.0100     1.4740     0.0852     0.2538 2.2202e+00     1.7903     10.533     15.276    13.2498 0.0000e+00
     10.719     -0.088     8.7817     83.878    147.057 112.502600    17.0100     1.4550     0.1278     0.2115 2.1943e+00     1.8809     10.512     15.246    13.2498 0.0000e+00
     10.697     -0.092     8.7841     83.852    147.068 112.513858    17.0100     1.4702     0.1278     0.2115 2.2430e+00     1.8356     10.490     15.215    13.2496 0.0000e+00
     10.673     -0.097     8.7857     83.786    147.059 112.511355    17.0100     1.4550     0.1278     0.2115 2.3163e+00     1.8205     10.467     15.181    13.2489 0.0000e+00
     10.648     -0.102     8.7863     83.671    146.992 112.466428    17.0100     1.4740     0.1278     0.2115 2.3688e+00     1.8205     10.442     15.145    13.2482 0.0000e+00
     10.621     -0.106     8.7856     83.535    146.895 112.399092    17.0100     1.4778     0.0852     0.2538 2.4061e+00     1.9413     10.416     15.106    13.2482 0.0000e+00
     10.592     -0.109     8.7827     83.417    146.845 112.367375    17.0100     1.2261     0.0852     0.2538 2.5201e+00     2.0169     10.387     15.066    13.2491 0.0000e+00
     10.563     -0.109     8.7755     83.351    146.861 112.384818    17.0100     1.2223     0.0852     0.2538 2.6229e+00     2.0169     10.358     15.024    13.2507 0.0000e+00
     10.533     -0.107     8.7631     83.355    146.898 112.416080    17.0100     1.2108     0.0852     0.2538 2.7275e+00     2.0471     10.330     14.982    13.2527 0.0000e+00
     10.505     -0.104     8.7483     83.437    146.920 112.433504    17.0100     1.2261     0.0852     0.1692 2.7960e+00     2.0773     10.302     14.942    13.2550 0.0000e+00
     10.479     -0.099     8.7356     83.596    146.937 112.445736    17.0100     1.2146     0.0852     0.1692 2.8524e+00     1.4881     10.277     14.905    13.2573 0.0000e+00
     10.455     -0.094     8.7283     83.811    146.963 112.464035    17.0100     1.2451     0.0852     0.1692 2.8711e+00     1.5939     10.253     14.870    13.2590 0.0000e+00
     10.432     -0.090     8.7285     84.040    146.987 112.481284    17.0100     1.2451     0.0852     0.1692 2.8711e+00     1.6392     10.231     14.838    13.2601 0.0000e+00
     10.411     -0.087     8.7370     84.237    146.993 112.486086    17.0100     1.1917     0.0852     0.1692 2.9278e+00     1.4881     10.209     14.808    13.2603 0.0000e+00
     10.390     -0.085     8.7538     84.369    146.967 112.467722    17.0100     1.3405     0.1278     0.4653 2.9636e+00     1.8205     10.189     14.777    13.2599 0.0000e+00
     10.368     -0.084     8.7764     84.421    146.920 112.433294    17.0100     1.3443     0.1278     0.4653 3.0143e+00     1.7903     10.168     14.747    13.2594 0.0000e+00
     10.347     -0.084     8.8005     84.400    146.892 112.413614    17.0100     1.3443     0.1278     0.4653 3.0645e+00     1.8054     10.147     14.717    13.2590 0.0000e+00
     10.325     -0.084     8.8211     84.332    146.887 112.411432    17.0100     1.3214     0.1278     0.4653 3.1475e+00     1.7601     10.126     14.686    13.2591 0.0000e+00
     10.304     -0.085     8.8347     84.254    146.873 112.402172    17.0100     1.5541     0.0852     0.2538 3.2131e+00     1.8356     10.104     14.655    13.2596 0.0000e+00
     10.282     -0.086     8.8401     84.201    146.876 112.407359    17.0100     1.5427     0.0852     0.2538 3.2688e+00     1.7903     10.083     14.625    13.2602 0.0000e+00
     10.261     -0.088     8.8378     84.197    146.925 112.448373    17.0100     1.5236     0.0852     0.2538 3.2229e+00     1.8507     10.063     14.595    13.2609 0.0000e+00
     10.239     -0.091     8.8306     84.243    146.981 112.496159    17.0100     1.5427     0.0852     0.2538 3.2659e+00     1.8658     10.041     14.564    13.2614 0.0000e+00
     10.216     -0.095     8.8223     84.323    147.007 112.521467    17.1000     1.4244     0.1278     0.2538 3.3398e+00     1.5637     10.018     14.531    13.2619 0.0000e+00
     10.191     -0.098     8.8166     84.413    146.993 112.517050    17.1000     1.4206     0.1278     0.2538 3.4920e+00     1.4881      9.994     14.495    13.2628 0.0000e+00
     10.165     -0.100     8.8158     84.493    146.975 112.507724    17.1000     1.4016     0.1278     0.2538 3.5594e+00     1.5939      9.968     14.458    13.2641 0.0000e+00
     10.138     -0.100     8.8204     84.551    146.975 112.511001    17.1000     1.4168     0.1278     0.2538 3.7491e+00     1.5939      9.942     14.420    13.2657 0.0000e+00
     10.111     -0.098     8.8284     84.589    146.959 112.499759    17.1000     1.3329     0.1278     0.2538 3.8465e+00     4.1015      9.916     14.381    13.2677 0.0000e+00
     10.085     -0.094     8.8374     84.605    146.913 112.463002    17.0100     1.3481     0.1278     0.1692 3.9208e+00     4.1015      9.891     14.345    13.2696 0.0000e+00
