Data/DataNotYetUploadedToEDI/Raw_CTD/RawDownloads/070124_bvr50_S8188004.cnv
* Sea-Bird SBE19plus  Data File:
* FileName = C:\R\Reservoirs\Data\DataNotYetUploadedToEDI\Raw_CTD\RawDownloads\062424_bvr50_S8188_0004.hex
* Software version 2.8.0.119
* Temperature SN = 8188
* Conductivity SN = 8188
* System UpLoad Time = Jul 02 2024 12:04:51
* <ApplicationData>
* <Seaterm232>
# nquan = 16
# nvalues = 3617                        
# units = specified
# name 0 = depFM: Depth [fresh water, m]
# name 1 = dz/dtM: Descent Rate [m/s]
# name 2 = sbeox0Mg/L: Oxygen, SBE 43 [mg/l]
# name 3 = sbeox0PS: Oxygen, SBE 43 [% saturation]
# name 4 = specc: Specific Conductance [uS/cm]
# name 5 = c0uS/cm: Conductivity [uS/cm]
# name 6 = wetCDOM: Fluorescence, WET Labs CDOM [mg/m^3]
# name 7 = flECO-AFL: Fluorescence, WET Labs ECO-AFL/FL [mg/m^3]
# name 8 = flECO-AFL1: Fluorescence, WET Labs ECO-AFL/FL, 2 [mg/m^3]
# name 9 = flECO-AFL2: Fluorescence, WET Labs ECO-AFL/FL, 3 [mg/m^3]
# name 10 = par/sat/log: PAR/Logarithmic, Satlantic
# name 11 = turbWETntu0: Turbidity, WET Labs ECO [NTU]
# name 12 = prdM: Pressure, Strain Gauge [db]
# name 13 = prdE: Pressure, Strain Gauge [psi]
# name 14 = tv290C: Temperature [ITS-90, deg C]
# name 15 = flag:  0.000e+00
# span 0 =     -0.705,      9.646       
# span 1 =     -0.200,      0.172       
# span 2 =    -0.2074,     8.2112       
# span 3 =     -2.434,    102.399       
# span 4 =     -0.061,    114.563       
# span 5 =  -0.058096,  80.507702       
# span 6 =    -4.6800,    49.7700       
# span 7 =    -2.5658,   245.1682       
# span 8 =    -3.4080,     5.6658       
# span 9 =    -6.8949,     8.2062       
# span 10 = 1.1582e-01, 2.6326e+03      
# span 11 =   -12.3796,   971.0793      
# span 12 =     -0.691,      9.460      
# span 13 =     -1.002,     13.720      
# span 14 =    10.1167,    27.2463      
# span 15 = 0.0000e+00, 0.0000e+00      
# interval = seconds: 0.25
# start_time = Jul 01 2024 10:07:41 [Instrument's time stamp, header]
# bad_flag = -9.990e-29
*END*
[from data line 1266]
      4.232     -0.056     0.0451      0.429     53.204  38.839446    32.9400     0.4479     0.0426     0.9306 2.4298e+00    -0.1585      4.150      6.019    11.4327 0.0000e+00
      4.219     -0.063     0.0452      0.431     53.457  39.026855    32.9400     0.4784     0.0426     0.9306 2.4261e+00    -0.0829      4.137      6.000    11.4567 0.0000e+00
      4.203     -0.073     0.0456      0.436     53.611  39.137544    32.9400     0.4479     0.0426     0.9306 2.4234e+00    -0.0376      4.122      5.979    11.4756 0.0000e+00
      4.185     -0.084     0.0463      0.445     53.642  39.155203    32.9400     0.4555     0.0426     0.9306 2.5081e+00    -0.0225      4.104      5.952    11.4891 0.0000e+00
      4.162     -0.096     0.0468      0.457     53.582  39.106458    33.2100     0.4631     0.0426     0.9729 2.6098e+00    -0.1283      4.081      5.919    11.4974 0.0000e+00
      4.134     -0.106     0.0470      0.468     53.514  39.054023    33.2100     0.4822     0.0426     0.9729 2.7663e+00    -0.0980      4.054      5.880    11.5003 0.0000e+00
      4.103     -0.114     0.0475      0.476     53.466  39.017791    33.2100     0.4708     0.0426     0.9729 2.9075e+00    -0.0527      4.024      5.836    11.4985 0.0000e+00
      4.071     -0.117     0.0485      0.479     53.418  38.984113    33.2100     0.4517     0.0426     0.9729 3.0698e+00    -0.0678      3.992      5.791    11.4940 0.0000e+00
      4.039     -0.116     0.0498      0.479     53.343  38.932054    33.2100     0.4708     0.0426     0.9729 3.2069e+00     0.0228      3.961      5.745    11.4895 0.0000e+00
      4.008     -0.111     0.0510      0.477     53.222  38.847732    33.0300     0.4440     0.0426     1.0152 3.3507e+00    -0.0527      3.930      5.701    11.4867 0.0000e+00
      3.979     -0.102     0.0519      0.471     53.071  38.742533    33.0300     0.4898     0.0426     1.0152 3.6416e+00    -0.0527      3.901      5.659    11.4858 0.0000e+00
      3.953     -0.092     0.0522      0.460     52.934  38.648178    33.0300     0.4593     0.0426     1.0152 3.7606e+00    -0.0376      3.876      5.622    11.4868 0.0000e+00
      3.931     -0.081     0.0522      0.448     52.818  38.569393    33.0300     0.4898     0.0426     1.0152 3.7491e+00    -0.1283      3.854      5.591    11.4894 0.0000e+00
      3.913     -0.071     0.0520      0.437     52.688  38.481184    33.1200     0.4669     0.0852     0.9729 3.6765e+00    -0.0980      3.837      5.566    11.4931 0.0000e+00
      3.898     -0.063     0.0514      0.432     52.553  38.387923    33.1200     0.4708     0.0852     0.9729 3.6998e+00    -0.0980      3.822      5.544    11.4977 0.0000e+00
      3.884     -0.057     0.0502      0.430     52.445  38.314551    33.1200     0.4746     0.0852     0.9729 3.7598e+00    -0.0678      3.809      5.525    11.5032 0.0000e+00
      3.872     -0.055     0.0488      0.428     52.392  38.281350    33.1200     0.4746     0.0852     0.9729 3.8091e+00    -0.0678      3.796      5.507    11.5091 0.0000e+00
      3.859     -0.057     0.0476      0.426     52.413  38.301383    33.3000     0.4708     0.0852     1.0575 3.7679e+00    -0.0376      3.784      5.489    11.5149 0.0000e+00
      3.846     -0.063     0.0471      0.427     52.496  38.366046    33.3000     0.4517     0.0852     1.0575 3.7443e+00    -0.0527      3.771      5.470    11.5204 0.0000e+00
      3.832     -0.073     0.0468      0.430     52.594  38.440779    33.3000     0.4784     0.0852     1.0575 3.7280e+00    -0.1434      3.757      5.450    11.5256 0.0000e+00
      3.814     -0.086     0.0466      0.433     52.642  38.477770    33.3000     0.4479     0.0852     1.0575 3.7687e+00    -0.0980      3.739      5.424    11.5306 0.0000e+00
      3.791     -0.100     0.0464      0.433     52.599  38.449026    33.3900     0.4822     0.0852     1.0575 3.9174e+00    -0.0527      3.717      5.392    11.5352 0.0000e+00
      3.762     -0.114     0.0465      0.432     52.488  38.372785    33.3900     0.4746     0.0852     1.0575 4.1958e+00    -0.0225      3.689      5.351    11.5391 0.0000e+00
      3.729     -0.125     0.0469      0.432     52.341  38.274540    33.3900     0.4593     0.0852     1.0575 4.6329e+00    -0.0980      3.657      5.304    11.5419 0.0000e+00
      3.693     -0.132     0.0471      0.429     52.161  38.157980    33.3900     0.4555     0.0852     1.0575 5.1590e+00    -0.0527      3.621      5.252    11.5441 0.0000e+00
      3.655     -0.131     0.0472      0.422     51.945  38.019916    33.3900     0.4860     0.0852     1.0575 5.8089e+00    -0.0225      3.584      5.198    11.5468 0.0000e+00
      3.618     -0.124     0.0471      0.418     51.683  37.853418    33.3000     0.5356     0.0852     1.0998 6.7047e+00     0.1739      3.548      5.146    11.5518 0.0000e+00
      3.584     -0.112     0.0471      0.418     51.396  37.671866    33.3000     0.5394     0.0852     1.0998 7.2850e+00     0.1890      3.515      5.098    11.5607 0.0000e+00
      3.557     -0.097     0.0467      0.419     51.183  37.548379    33.3000     0.5432     0.0852     1.0998 7.2786e+00     0.1890      3.487      5.058    11.5749 0.0000e+00
      3.535     -0.081     0.0459      0.418     51.145  37.553631    33.3000     0.5356     0.0852     1.0998 7.0559e+00     0.1588      3.466      5.027    11.5944 0.0000e+00
      3.519     -0.067     0.0455      0.414     51.242  37.651169    34.5600     0.6157     0.0852     1.2267 6.8684e+00     0.0832      3.450      5.004    11.6186 0.0000e+00
      3.506     -0.056     0.0454      0.408     51.354  37.747466    34.5600     0.6386     0.0852     1.2267 6.7868e+00     0.2192      3.438      4.986    11.6469 0.0000e+00
      3.495     -0.050     0.0455      0.405     51.390  37.776554    34.5600     0.6233     0.0852     1.2267 6.7310e+00     0.1134      3.427      4.971    11.6783 0.0000e+00
      3.485     -0.048     0.0454      0.406     51.340  37.736225    34.5600     0.6233     0.0852     1.2267 6.6712e+00     0.1739      3.417      4.957    11.7100 0.0000e+00
      3.474     -0.050     0.0449      0.408     51.225  37.647605    35.3700     0.5928     0.1278     1.4382 6.7529e+00     0.1134      3.407      4.941    11.7355 0.0000e+00
      3.462     -0.057     0.0442      0.415     51.030  37.504990    35.3700     0.5738     0.1278     1.4382 6.8030e+00     0.1286      3.395      4.924    11.7492 0.0000e+00
      3.449     -0.066     0.0439      0.427     50.771  37.326135    35.3700     0.5699     0.1278     1.4382 6.7559e+00     0.1890      3.382      4.905    11.7519 0.0000e+00
      3.432     -0.078     0.0440      0.438     50.506  37.154993    35.3700     0.5852     0.1278     1.4382 6.6553e+00     0.1588      3.366      4.881    11.7485 0.0000e+00
      3.411     -0.091     0.0443      0.445     50.277  37.021635    35.3700     0.5776     0.1278     1.4382 6.8609e+00     0.1286      3.345      4.852    11.7446 0.0000e+00
      3.386     -0.104     0.0450      0.446     50.080  36.920385    34.2000     0.5814     0.0852     1.2690 7.6351e+00     0.1890      3.320      4.815    11.7458 0.0000e+00
      3.355     -0.115     0.0463      0.441     49.901  36.838190    34.2000     0.5699     0.0852     1.2690 8.4285e+00     0.1588      3.290      4.772    11.7571 0.0000e+00
      3.322     -0.122     0.0475      0.430     49.744  36.781024    34.2000     0.5623     0.0852     1.2690 9.0139e+00     0.1890      3.258      4.725    11.7811 0.0000e+00
      3.288     -0.124     0.0481      0.418     49.601  36.741615    34.2000     0.6996     0.0852     1.2690 9.7009e+00     0.3854      3.225      4.677    11.8163 0.0000e+00
      3.254     -0.120     0.0482      0.407     49.451  36.697502    35.8200     0.6996     0.0852     1.2267 1.0579e+01     0.3854      3.191      4.628    11.8595 0.0000e+00
      3.221     -0.111     0.0476      0.397     49.296  36.640909    35.8200     0.6729     0.0852     1.2267 1.1687e+01     0.3552      3.159      4.581    11.9099 0.0000e+00
      3.192     -0.098     0.0463      0.389     49.147  36.576671    35.8200     0.6653     0.0852     1.2267 1.2580e+01     0.4005      3.130      4.539    11.9689 0.0000e+00
      3.168     -0.083     0.0450      0.385     49.005  36.509573    35.8200     0.9705     0.0852     1.2267 1.2531e+01     1.1558      3.106      4.505    12.0356 0.0000e+00
      3.150     -0.068     0.0438      0.388     48.888  36.459575    38.1600     0.9514     0.0852     1.3536 1.2232e+01     1.1407      3.089      4.480    12.1032 0.0000e+00
      3.137     -0.054     0.0426      0.394     48.804  36.431276    38.1600     0.9438     0.0852     1.3536 1.1843e+01     1.1558      3.076      4.461    12.1623 0.0000e+00
      3.127     -0.043     0.0417      0.402     48.719  36.399199    38.1600     0.9094     0.0852     1.3536 1.1631e+01     1.2313      3.067      4.448    12.2095 0.0000e+00
      3.119     -0.035     0.0413      0.408     48.629  36.360769    38.1600     0.8522     0.0852     1.3536 1.1740e+01     0.5666      3.059      4.437    12.2491 0.0000e+00
      3.112     -0.031     0.0415      0.415     48.546  36.329644    40.9500     0.8522     0.0852     1.6920 1.1892e+01     0.6875      3.052      4.426    12.2866 0.0000e+00
      3.105     -0.029     0.0422      0.420     48.463  36.305495    40.9500     0.8751     0.0852     1.6920 1.1946e+01     0.6724      3.045      4.416    12.3221 0.0000e+00
      3.098     -0.029     0.0429      0.420     48.365  36.281882    40.9500     0.8980     0.0852     1.6920 1.1946e+01     0.5515      3.038      4.406    12.3541 0.0000e+00
      3.091     -0.031     0.0435      0.413     48.261  36.266455    40.9500     0.9362     0.0852     1.6920 1.1889e+01     0.8688      3.031      4.397    12.3839 0.0000e+00
      3.084     -0.036     0.0442      0.402     48.154  36.253110    40.9500     0.9362     0.0852     1.6920 1.1837e+01     0.8083      3.024      4.386    12.4155 0.0000e+00
      3.076     -0.042     0.0448      0.392     48.028  36.218372    40.5000     0.9590     0.1278     1.8612 1.1596e+01     0.9443      3.016      4.375    12.4546 0.0000e+00
      3.066     -0.052     0.0447      0.386     47.912  36.178877    40.5000     0.9018     0.1278     1.8612 1.1455e+01     0.8386      3.006      4.360    12.5064 0.0000e+00
      3.053     -0.064     0.0439      0.386     47.842  36.161947    40.5000     0.9934     0.1278     1.8612 1.1478e+01     0.8990      2.993      4.342    12.5711 0.0000e+00
      3.036     -0.078     0.0427      0.391     47.797  36.157092    40.5000     1.0048     0.1278     1.8612 1.1641e+01     0.8990      2.977      4.318    12.6406 0.0000e+00
      3.014     -0.092     0.0416      0.396     47.758  36.153056    41.4900     0.9743     0.1278     1.8612 1.2192e+01     0.9745      2.955      4.287    12.7036 0.0000e+00
      2.987     -0.105     0.0409      0.403     47.740  36.158725    41.4900     0.9934     0.1278     1.8612 1.3065e+01     0.9594      2.930      4.249    12.7534 0.0000e+00
      2.957     -0.115     0.0409      0.415     47.715  36.155689    41.4900     1.1650     0.1278     1.8612 1.4073e+01     1.6543      2.900      4.206    12.7908 0.0000e+00
      2.924     -0.122     0.0413      0.425     47.655  36.129194    41.4900     1.2032     0.1278     1.8612 1.5277e+01     1.6845      2.867      4.159    12.8214 0.0000e+00
      2.890     -0.123     0.0418      0.430     47.591  36.110026    41.4000     1.1879     0.1278     1.6497 1.6435e+01     1.6996      2.834      4.110    12.8476 0.0000e+00
      2.856     -0.119     0.0426      0.427     47.544  36.118970    41.4000     1.1879     0.1278     1.6497 1.7503e+01     1.6543      2.801      4.063    12.8679 0.0000e+00
      2.824     -0.110     0.0438      0.418     47.492  36.140485    41.4000     1.3825     0.1278     1.6497 1.8965e+01     2.8175      2.770      4.017    12.8845 0.0000e+00
      2.796     -0.099     0.0449      0.410     47.411  36.154412    41.4000     1.3748     0.1278     1.6497 2.0490e+01     2.8024      2.742      3.977    12.9043 0.0000e+00
      2.772     -0.087     0.0453      0.405     47.309  36.162476    41.3100     1.3558     0.1278     1.8189 2.0330e+01     2.8024      2.718      3.943    12.9354 0.0000e+00
      2.753     -0.076     0.0450      0.396     47.218  36.180775    41.3100     1.3596     0.1278     1.8189 1.9768e+01     2.8175      2.700      3.916    12.9828 0.0000e+00
      2.738     -0.067     0.0440      0.384     47.157  36.218178    41.3100     1.3863     0.1278     1.8189 1.9538e+01     3.6937      2.685      3.894    13.0472 0.0000e+00
      2.724     -0.062     0.0431      0.374     47.109  36.262747    41.3100     1.3634     0.1278     1.8189 1.9542e+01     3.6937      2.671      3.874    13.1270 0.0000e+00
      2.711     -0.061     0.0425      0.370     47.055  36.298480    41.3100     1.3481     0.1278     1.8189 1.9786e+01     3.6030      2.658      3.855    13.2175 0.0000e+00
      2.697     -0.064     0.0415      0.369     46.983  36.316978    37.4400     1.3787     0.1704     2.1150 1.9794e+01     3.7541      2.644      3.836    13.3101 0.0000e+00
      2.682     -0.073     0.0401      0.367     46.913  36.333137    37.4400     1.1841     0.1704     2.1150 1.9730e+01     2.8024      2.629      3.814    13.3995 0.0000e+00
      2.664     -0.084     0.0391      0.365     46.894  36.387128    37.4400     1.1879     0.1704     2.1150 1.9517e+01     2.7269      2.612      3.789    13.4854 0.0000e+00
      2.642     -0.099     0.0385      0.369     46.930  36.485382    37.4400     1.1689     0.1704     2.1150 1.9683e+01     2.7571      2.591      3.758    13.5680 0.0000e+00
      2.616     -0.114     0.0383      0.378     46.967  36.590351    36.0000     1.1727     0.1278     2.7072 2.0922e+01     2.8628      2.565      3.720    13.6463 0.0000e+00
      2.583     -0.128     0.0380      0.385     46.977  36.688191    36.0000     1.2375     0.1278     2.7072 2.2585e+01     3.7390      2.533      3.675    13.7211 0.0000e+00
      2.547     -0.139     0.0378      0.387     46.976  36.801011    36.0000     1.2261     0.1278     2.7072 2.4717e+01     3.7994      2.497      3.622    13.7946 0.0000e+00
      2.507     -0.146     0.0381      0.383     46.965  36.933001    36.0000     1.2223     0.1278     2.7072 2.6856e+01     3.7692      2.458      3.566    13.8691 0.0000e+00
      2.466     -0.147     0.0390      0.374     46.926  37.071549    34.5600     1.2451     0.1704     2.6649 2.8890e+01     3.6786      2.418      3.507    13.9501 0.0000e+00
      2.426     -0.142     0.0396      0.361     46.864  37.215753    34.5600     1.1994     0.1704     2.6649 3.0589e+01     4.8720      2.379      3.450    14.0465 0.0000e+00
      2.388     -0.132     0.0398      0.346     46.792  37.366224    34.5600     1.1879     0.1704     2.6649 3.2621e+01     4.8720      2.342      3.397    14.1672 0.0000e+00
      2.354     -0.119     0.0393      0.328     46.721  37.519266    34.5600     1.1765     0.1704     2.6649 3.4107e+01     4.9173      2.309      3.348    14.3178 0.0000e+00
      2.325     -0.105     0.0381      0.313     46.650  37.669873    32.8500     1.1841     0.1704     3.6801 3.4004e+01     4.9626      2.280      3.307    14.4987 0.0000e+00
      2.302     -0.092     0.0366      0.306     46.566  37.804423    32.8500     1.1307     0.1704     3.6801 3.3790e+01     4.9928      2.257      3.274    14.7053 0.0000e+00
      2.282     -0.080     0.0349      0.304     46.434  37.899033    32.8500     1.1307     0.1704     3.6801 3.3150e+01     4.8418      2.238      3.246    14.9271 0.0000e+00
      2.266     -0.073     0.0330      0.305     46.227  37.937099    32.8500     1.1307     0.1704     3.6801 3.2706e+01     4.7964      2.222      3.222    15.1526 0.0000e+00
