Data/DataNotYetUploadedToEDI/Raw_CTD/RawDownloads/070122_fcr50_S7809003.cnv
* Sea-Bird SBE19plus  Data File:
* FileName = C:\R\Reservoirs\Data\DataNotYetUploadedToEDI\Raw_CTD\RawDownloads\070522_bvr40_SBE19plus01907809_0003.hex
* Software version 2.8.0.119
* Temperature SN = 7809
* Conductivity SN = 7809
* System UpLoad Time = Jul 05 2022 16:51:38
* <ApplicationData>
* <Seaterm232>
# nquan = 15
# nvalues = 2252                        
# units = specified
# name 0 = depFM: Depth [fresh water, m]
# name 1 = dz/dtM: Descent Rate [m/s]
# name 2 = sbeox0Mg/L: Oxygen, SBE 43 [mg/l]
# name 3 = sbeox0PS: Oxygen, SBE 43 [% saturation]
# name 4 = specc: Specific Conductance [uS/cm]
# name 5 = c0uS/cm: Conductivity [uS/cm]
# name 6 = flECO-AFL: Fluorescence, WET Labs ECO-AFL/FL [mg/m^3]
# name 7 = ph: pH
# name 8 = orp: Oxidation Reduction Potential [mV]
# name 9 = par/sat/log: PAR/Logarithmic, Satlantic
# name 10 = turbWETntu0: Turbidity, WET Labs ECO [NTU]
# name 11 = prdM: Pressure, Strain Gauge [db]
# name 12 = prdE: Pressure, Strain Gauge [psi]
# name 13 = tv290C: Temperature [ITS-90, deg C]
# name 14 = flag:  0.000e+00
# span 0 =     -0.617,      9.709       
# span 1 =     -0.353,      0.284       
# span 2 =    -0.0254,    10.2204       
# span 3 =     -0.252,    126.417       
# span 4 =      0.453,    469.508       
# span 5 =   0.488840, 338.583111       
# span 6 =    -1.0054,   227.4535       
# span 7 =      6.533,     10.122       
# span 8 = -1240.7455,   165.6981       
# span 9 = 1.2349e-01, 1.9942e+03       
# span 10 =    -4.4408,   172.0823      
# span 11 =     -0.605,      9.521      
# span 12 =     -0.878,     13.809      
# span 13 =    10.4138,    28.9869      
# span 14 = 0.0000e+00, 0.0000e+00      
# interval = seconds: 0.25
# start_time = Jul 01 2022 07:04:53 [Instrument's time stamp, header]
# bad_flag = -9.990e-29
*END*
[from data line 772]
      4.108      0.011     0.0549      0.485     66.999  48.694271     0.7154      7.232   -47.9470 1.7476e+00     1.1006      4.029      5.843    11.1500 0.0000e+00
      4.109      0.015     0.0536      0.491     66.497  48.254957     0.7223      7.230   -47.4459 1.7422e+00     1.1302      4.030      5.844    11.2027 0.0000e+00
      4.113      0.019     0.0526      0.483     66.207  47.932940     0.7334      7.229   -47.9664 1.7332e+00     1.1853      4.031      5.847    11.2854 0.0000e+00
      4.121      0.023     0.0513      0.478     65.952  47.656011     0.7334      7.229   -49.2502 1.7224e+00     1.2204      4.041      5.861    11.3486 0.0000e+00
      4.131      0.025     0.0532      0.486     65.740  47.444569     0.7303      7.228   -49.6317 1.7096e+00     1.1783      4.053      5.877    11.3650 0.0000e+00
      4.137      0.025     0.0549      0.495     65.552  47.279868     0.7284      7.227   -49.1381 1.7022e+00     1.0858      4.057      5.884    11.2895 0.0000e+00
      4.143      0.023     0.0525      0.508     65.442  47.187392     0.7271      7.225   -48.5301 1.6984e+00     1.0598      4.062      5.892    11.1875 0.0000e+00
      4.150      0.020     0.0516      0.514     65.405  47.151278     0.7311      7.224   -48.9919 1.7006e+00     1.1026      4.071      5.904    11.1173 0.0000e+00
      4.155      0.018     0.0541      0.503     65.242  47.033558     0.7360      7.222   -50.4195 1.7070e+00     1.1254      4.077      5.913    11.0745 0.0000e+00
      4.158      0.018     0.0541      0.504     65.043  46.906123     0.7280      7.222   -51.1640 1.7029e+00     1.0962      4.077      5.913    11.0560 0.0000e+00
      4.160      0.018     0.0555      0.508     65.143  47.006356     0.7096      7.222   -50.9388 1.6887e+00     1.0559      4.079      5.915    11.0513 0.0000e+00
      4.165      0.019     0.0588      0.494     65.489  47.293763     0.7045      7.222   -50.7082 1.6789e+00     1.0487      4.085      5.924    11.0410 0.0000e+00
      4.171      0.019     0.0535      0.477     65.581  47.399073     0.7156      7.222   -51.2150 1.6699e+00     1.1113      4.090      5.932    11.0360 0.0000e+00
      4.177      0.018     0.0556      0.465     65.377  47.264495     0.7278      7.221   -51.8182 1.6511e+00     1.1974      4.096      5.941    11.0541 0.0000e+00
      4.183      0.015     0.0576      0.471     65.308  47.189403     0.7271      7.219   -51.8927 1.6431e+00     1.1683      4.104      5.952    11.0741 0.0000e+00
      4.188      0.012     0.0533      0.476     65.371  47.189061     0.7150      7.217   -51.7711 1.6524e+00     1.1009      4.108      5.958    11.1027 0.0000e+00
      4.189      0.009     0.0534      0.477     65.348  47.133421     0.7069      7.216   -51.2946 1.6604e+00     1.1001      4.109      5.959    11.1433 0.0000e+00
      4.190      0.005     0.0491      0.488     65.307  47.087657     0.7123      7.215   -50.6921 1.6633e+00     1.0904      4.108      5.958    11.1578 0.0000e+00
      4.190      0.004     0.0523      0.496     65.282  47.079857     0.7223      7.214   -50.7667 1.6629e+00     1.0861      4.109      5.960    11.1312 0.0000e+00
      4.190      0.004     0.0529      0.503     65.281  47.102573     0.7194      7.213   -51.3363 1.6712e+00     1.0816      4.110      5.961    11.0883 0.0000e+00
      4.190      0.005     0.0512      0.514     65.360  47.171993     0.7109      7.213   -51.9001 1.6858e+00     1.0710      4.109      5.960    11.0535 0.0000e+00
      4.191      0.007     0.0548      0.519     65.349  47.157833     0.7111      7.213   -51.5606 1.6813e+00     1.0937      4.110      5.962    11.0404 0.0000e+00
      4.194      0.008     0.0545      0.520     65.148  46.994811     0.7213      7.212   -50.4152 1.6569e+00     1.0830      4.112      5.965    11.0520 0.0000e+00
      4.197      0.009     0.0550      0.520     64.973  46.850556     0.7344      7.211   -50.3547 1.6404e+00     1.0449      4.115      5.970    11.0780 0.0000e+00
      4.201      0.010     0.0569      0.505     65.016  46.872956     0.7364      7.211   -51.2594 1.6407e+00     1.0428      4.120      5.976    11.0902 0.0000e+00
      4.204      0.012     0.0574      0.483     65.106  46.948391     0.7293      7.211   -51.1146 1.6389e+00     1.0569      4.123      5.980    11.0813 0.0000e+00
      4.204      0.013     0.0569      0.480     64.965  46.874362     0.7225      7.210   -50.0676 1.6350e+00     1.0794      4.123      5.979    11.0649 0.0000e+00
      4.207      0.015     0.0583      0.491     64.741  46.739284     0.7376      7.210   -49.6987 1.6370e+00     1.1090      4.124      5.981    11.0482 0.0000e+00
      4.212      0.016     0.0563      0.502     64.518  46.584171     0.7706      7.209   -49.8378 1.6388e+00     1.1072      4.130      5.990    11.0397 0.0000e+00
      4.218      0.018     0.0516      0.511     63.653  45.950631     0.7805      7.208   -50.2012 1.6383e+00     1.0927      4.138      6.001    11.0460 0.0000e+00
      4.223      0.021     0.0526      0.516     61.703  44.535436     0.7743      7.209   -50.3058 1.6320e+00     1.1043      4.142      6.007    11.0735 0.0000e+00
      4.228      0.023     0.0541      0.513     59.310  42.796009     0.7624      7.210   -49.5548 1.6219e+00     1.1108      4.146      6.012    11.1025 0.0000e+00
      4.233      0.024     0.0552      0.501     57.634  41.540179     0.7447      7.209   -49.0361 1.6126e+00     1.1028      4.151      6.021    11.1048 0.0000e+00
      4.239      0.023     0.0567      0.505     57.205  41.150068     0.7351      7.207   -49.1965 1.6051e+00     1.0756      4.157      6.028    11.0883 0.0000e+00
      4.248      0.022     0.0568      0.521     57.365  41.187330     0.7294      7.206   -49.6874 1.5998e+00     1.0561      4.165      6.042    11.0838 0.0000e+00
      4.256      0.019     0.0576      0.527     57.590  41.292885     0.7257      7.205   -50.0672 1.5951e+00     1.0714      4.176      6.057    11.0887 0.0000e+00
      4.261      0.016     0.0540      0.522     57.982  41.538245     0.7236      7.204   -49.9167 1.5952e+00     1.0904      4.181      6.063    11.0492 0.0000e+00
      4.263      0.011     0.0549      0.525     58.297  41.743529     0.7289      7.203   -49.6750 1.5984e+00     1.1489      4.180      6.062    10.9620 0.0000e+00
      4.264      0.008     0.0587      0.566     58.047  41.554832     0.7390      7.203   -49.7255 1.6009e+00     1.1637      4.181      6.063    10.8874 0.0000e+00
      4.264      0.007     0.0581      0.625     56.885  40.715617     0.7302      7.203   -49.8399 1.6047e+00     1.0645      4.182      6.065    10.8434 0.0000e+00
      4.264      0.008     0.0583      0.664     55.509  39.715549     0.7134      7.203   -50.2835 1.6053e+00     1.0080      4.181      6.065    10.8136 0.0000e+00
      4.265      0.013     0.0556      0.705     54.509  38.977273     0.7108      7.203   -50.8733 1.5984e+00     1.0612      4.181      6.065    10.7971 0.0000e+00
      4.269      0.023     0.0616      0.747     53.004  37.877962     0.7155      7.204   -50.7756 1.5835e+00     1.1271      4.184      6.069    10.7907 0.0000e+00
      4.275      0.038     0.0716      0.765     51.304  36.634502     0.7205      7.204   -50.3076 1.5747e+00     1.1213      4.194      6.082    10.7867 0.0000e+00
      4.280      0.052     0.0728      0.775     50.641  36.119057     0.7207      7.205   -49.8606 1.5808e+00     1.1285      4.197      6.087    10.7750 0.0000e+00
      4.292      0.062     0.0777      0.796     50.656  36.084934     0.7183      7.207   -49.5866 1.5669e+00     1.2481      4.201      6.093    10.7495 0.0000e+00
      4.319      0.066     0.0849      0.831     50.630  36.031626     0.7249      7.208   -50.2642 1.5195e+00     1.3717      4.234      6.140    10.7297 0.0000e+00
      4.351      0.064     0.0848      0.889     50.587  35.981801     0.7343      7.208   -51.4280 1.4778e+00     1.4269      4.274      6.199    10.7074 0.0000e+00
      4.370      0.056     0.0855      0.991     50.608  35.989798     0.7319      7.207   -51.7852 1.4703e+00     1.4042      4.290      6.223    10.6610 0.0000e+00
      4.378      0.043     0.0882      1.166     50.710  36.064894     0.7208      7.205   -51.5720 1.4792e+00     1.3364      4.293      6.227    10.6095 0.0000e+00
      4.383      0.027     0.0916      1.413     50.970  36.255632     0.7164      7.205   -50.9149 1.4756e+00     1.3574      4.299      6.236    10.5757 0.0000e+00
      4.386      0.014     0.0978      1.723     51.329  36.520397     0.7282      7.203   -50.2060 1.4593e+00     1.4191      4.303      6.241    10.5573 0.0000e+00
      4.387      0.009     0.1066      2.056     51.606  36.729542     0.7387      7.202   -50.5732 1.4488e+00     1.4682      4.302      6.239    10.5520 0.0000e+00
      4.387      0.010     0.1275      2.365     51.446  36.628251     0.7268      7.203   -51.5687 1.4580e+00     1.5416      4.301      6.239    10.5564 0.0000e+00
      4.387      0.015     0.1547      2.640     50.902  36.246933     0.7096      7.202   -52.0901 1.4715e+00     1.5884      4.303      6.241    10.5622 0.0000e+00
      4.389      0.019     0.1903      2.855     50.811  36.177651     0.7136      7.199   -51.8009 1.4711e+00     1.6247      4.302      6.240    10.5710 0.0000e+00
      4.395      0.023     0.2312      2.983     51.170  36.424704     0.7258      7.198   -51.1703 1.4572e+00     1.5704      4.306      6.246    10.5837 0.0000e+00
      4.408      0.025     0.2634      3.052     51.119  36.380351     0.7327      7.197   -51.3480 1.4417e+00     1.4101      4.324      6.271    10.5991 0.0000e+00
      4.419      0.025     0.2960      3.078     50.808  36.148708     0.7385      7.194   -52.2293 1.4366e+00     1.3256      4.339      6.293    10.6068 0.0000e+00
      4.423      0.024     0.3223      3.058     50.665  36.033697     0.7365      7.193   -52.6189 1.4387e+00     1.3006      4.338      6.292    10.5991 0.0000e+00
      4.425      0.023     0.3340      3.022     50.457  35.877557     0.7340      7.193   -52.5317 1.4372e+00     1.3124      4.338      6.292    10.5870 0.0000e+00
      4.430      0.022     0.3409      3.003     50.143  35.655920     0.7330      7.193   -52.2070 1.4328e+00     1.3664      4.345      6.302    10.5831 0.0000e+00
      4.435      0.024     0.3455      3.012     49.928  35.509950     0.7255      7.192   -51.6178 1.4299e+00     1.3724      4.350      6.309    10.5739 0.0000e+00
      4.441      0.027     0.3412      3.049     49.837  35.444331     0.7175      7.189   -51.3453 1.4236e+00     1.3509      4.355      6.316    10.5551 0.0000e+00
      4.450      0.030     0.3357      3.095     49.844  35.433237     0.7120      7.185   -51.5796 1.4143e+00     1.3452      4.364      6.329    10.5473 0.0000e+00
      4.460      0.031     0.3339      3.151     49.880  35.439216     0.7165      7.183   -51.7835 1.4061e+00     1.3377      4.374      6.344    10.5487 0.0000e+00
      4.469      0.030     0.3336      3.231     49.920  35.453188     0.7227      7.182   -51.6596 1.4041e+00     1.3297      4.384      6.359    10.5606 0.0000e+00
      4.477      0.027     0.3397      3.323     50.050  35.538743     0.7121      7.181   -51.3721 1.4049e+00     1.3162      4.390      6.368    10.5658 0.0000e+00
      4.484      0.022     0.3446      3.429     50.210  35.649275     0.7043      7.180   -50.8871 1.3994e+00     1.3110      4.396      6.376    10.5424 0.0000e+00
      4.490      0.017     0.3500      3.554     50.299  35.711600     0.7032      7.179   -50.3565 1.3945e+00     1.3355      4.405      6.389    10.5179 0.0000e+00
      4.493      0.013     0.3602      3.668     50.399  35.785013     0.6904      7.177   -50.2050 1.3932e+00     1.3381      4.407      6.392    10.5052 0.0000e+00
      4.493      0.011     0.3705      3.757     50.465  35.839357     0.6747      7.177   -50.3459 1.3948e+00     1.3086      4.405      6.389    10.4989 0.0000e+00
      4.494      0.011     0.3810      3.843     50.390  35.797954     0.6710      7.177   -50.5976 1.3973e+00     1.2865      4.407      6.392    10.4975 0.0000e+00
      4.496      0.014     0.3969      3.906     50.359  35.791734     0.6872      7.176   -50.6666 1.3889e+00     1.3097      4.409      6.395    10.4954 0.0000e+00
      4.498      0.020     0.4114      3.919     50.473  35.891000     0.7128      7.175   -49.9761 1.3753e+00     1.3846      4.409      6.394    10.4968 0.0000e+00
      4.503      0.026     0.4178      3.921     50.496  35.920150     0.7306      7.172   -49.1317 1.3683e+00     1.4406      4.414      6.403    10.5049 0.0000e+00
      4.513      0.031     0.4292      3.931     50.370  35.827130     0.7356      7.170   -49.1475 1.3603e+00     1.4407      4.424      6.418    10.5172 0.0000e+00
      4.525      0.035     0.4387      3.921     50.239  35.717508     0.7159      7.170   -49.3932 1.3567e+00     1.4542      4.437      6.434    10.5330 0.0000e+00
      4.536      0.037     0.4365      3.897     50.110  35.609323     0.6924      7.169   -49.6071 1.3613e+00     1.5349      4.450      6.454    10.5532 0.0000e+00
      4.545      0.038     0.4349      3.865     50.018  35.533659     0.6925      7.168   -49.9257 1.3556e+00     1.5973      4.459      6.468    10.5709 0.0000e+00
      4.552      0.038     0.4400      3.822     49.975  35.500190     0.6919      7.168   -49.3741 1.3342e+00     1.6270      4.464      6.474    10.5664 0.0000e+00
      4.560      0.039     0.4372      3.799     49.916  35.458307     0.6682      7.167   -48.1865 1.3098e+00     1.7578      4.471      6.484    10.5442 0.0000e+00
      4.571      0.041     0.4341      3.797     49.853  35.407722     0.6308      7.165   -47.8700 1.3004e+00     1.9829      4.482      6.501    10.5261 0.0000e+00
      4.582      0.041     0.4329      3.796     49.854  35.395867     0.6153      7.165   -48.4731 1.2914e+00     2.1286      4.492      6.515    10.5160 0.0000e+00
      4.594      0.040     0.4242      3.813     49.934  35.441780     0.6301      7.165   -49.1969 1.2747e+00     2.1188      4.504      6.533    10.5142 0.0000e+00
      4.608      0.039     0.4229      3.856     49.958  35.455544     0.6342      7.165   -49.0506 1.2684e+00     2.0698      4.521      6.557    10.5176 0.0000e+00
      4.619      0.038     0.4239      3.889     49.842  35.372038     0.5910      7.166   -47.9086 1.2694e+00     2.4244      4.531      6.572    10.5129 0.0000e+00
      4.624      0.037     0.4231      3.912     49.686  35.256478     0.5318      7.166   -47.1767 1.2705e+00     3.1948      4.535      6.577    10.4959 0.0000e+00
      4.629      0.036     0.4233      3.949     49.616  35.199720     0.5085      7.166   -46.9980 1.2642e+00     3.6639      4.537      6.582    10.4820 0.0000e+00
      4.638      0.036     0.4314      3.995     49.615  35.193067     0.5095      7.166   -47.0383 1.2510e+00     3.7581      4.546      6.594    10.4821 0.0000e+00
      4.651      0.035     0.4350      4.035     49.595  35.176035     0.4854      7.165   -47.4923 1.2487e+00     4.5048      4.562      6.617    10.4837 0.0000e+00
      4.663      0.034     0.4350      4.063     49.610  35.184010     0.4252      7.164   -47.5823 1.2531e+00     5.9969      4.573      6.633    10.4769 0.0000e+00
      4.672      0.030     0.4411      4.086     49.672  35.226087     0.3898      7.162   -46.9227 1.2467e+00     6.8718      4.581      6.645    10.4687 0.0000e+00
      4.679      0.024     0.4460      4.110     49.693  35.240903     0.3907      7.160   -46.2291 1.2352e+00     6.9874      4.591      6.659    10.4632 0.0000e+00
      4.683      0.018     0.4516      4.138     49.687  35.236325     0.3859      7.157   -45.9060 1.2330e+00     7.0529      4.593      6.662    10.4599 0.0000e+00
