Data/DataNotYetUploadedToEDI/Raw_CTD/RawDownloads/070126_ccr88_S8188002.cnv
* Sea-Bird SBE19plus  Data File:
* FileName = C:\R\Reservoirs\Data\DataNotYetUploadedToEDI\Raw_CTD\RawDownloads\070126_ccr10_S8188_0002.hex
* Software version 2.8.0.119
* Temperature SN = 8188
* Conductivity SN = 8188
* System UpLoad Time = Jul 02 2026 16:06:17
* <ApplicationData>
* <Seaterm232>
# nquan = 16
# nvalues = 1405                        
# units = specified
# name 0 = depFM: Depth [fresh water, m]
# name 1 = dz/dtM: Descent Rate [m/s]
# name 2 = sbeox0Mg/L: Oxygen, SBE 43 [mg/l]
# name 3 = sbeox0PS: Oxygen, SBE 43 [% saturation]
# name 4 = specc: Specific Conductance [uS/cm]
# name 5 = c0uS/cm: Conductivity [uS/cm]
# name 6 = wetCDOM: Fluorescence, WET Labs CDOM [mg/m^3]
# name 7 = flECO-AFL: Fluorescence, WET Labs ECO-AFL/FL [mg/m^3]
# name 8 = flECO-AFL1: Fluorescence, WET Labs ECO-AFL/FL, 2 [mg/m^3]
# name 9 = flECO-AFL2: Fluorescence, WET Labs ECO-AFL/FL, 3 [mg/m^3]
# name 10 = par/sat/log: PAR/Logarithmic, Satlantic
# name 11 = turbWETntu0: Turbidity, WET Labs ECO [NTU]
# name 12 = prdM: Pressure, Strain Gauge [db]
# name 13 = prdE: Pressure, Strain Gauge [psi]
# name 14 = tv290C: Temperature [ITS-90, deg C]
# name 15 = flag:  0.000e+00
# span 0 =     -0.373,      7.694       
# span 1 =     -0.259,      0.164       
# span 2 =     4.9973,    10.1056       
# span 3 =     53.906,     98.735       
# span 4 =   -497.972,    161.323       
# span 5 =-456.218223, 164.826842       
# span 6 =    -0.0900,    36.8100       
# span 7 =    -0.8568,    25.0759       
# span 8 =    -3.5358,     1.8744       
# span 9 =    -3.7647,     6.0489       
# span 10 = 7.3790e+00, 3.1929e+03      
# span 11 =    -1.3217,   461.0409      
# span 12 =     -0.365,      7.545      
# span 13 =     -0.530,     10.943      
# span 14 =    13.6371,    30.0300      
# span 15 = 0.0000e+00, 0.0000e+00      
# interval = seconds: 0.25
# start_time = Jul 02 2026 10:51:11 [Instrument's time stamp, header]
# bad_flag = -9.990e-29
*END*
[from data line 543]
      0.118      0.002     5.2050     73.551    151.752 163.683640     5.5800    -0.0633    -0.1278     0.4653 1.1132e+03    -0.2944      0.116      0.167    28.9202 0.0000e+00
      0.118      0.002     5.2783     75.235    151.751 163.684346     0.7200     0.0206     0.2982    -0.2115 1.1377e+03    -0.2491      0.116      0.169    28.9211 0.0000e+00
      0.119      0.003     5.3841     76.523    151.753 163.686402     0.7200    -0.0137     0.2982    -0.2115 1.0931e+03    -0.2340      0.117      0.169    28.9221 0.0000e+00
      0.120      0.003     5.5183     77.340    151.754 163.686348     0.7200    -0.0252     0.2982    -0.2115 8.8900e+02    -0.3549      0.118      0.170    28.9233 0.0000e+00
      0.120      0.003     5.6621     77.712    151.749 163.680159     0.7200    -0.0061     0.2982    -0.2115 8.3036e+02    -0.3095      0.118      0.171    28.9243 0.0000e+00
      0.121      0.004     5.7917     77.696    151.738 163.666186     0.7200    -0.0633     0.2982    -0.2115 8.6348e+02    -0.3246      0.119      0.172    28.9248 0.0000e+00
      0.122      0.005     5.8909     77.349    151.731 163.656738     8.2800    -0.0709    -0.2982     1.9035 8.7977e+02    -0.2340      0.120      0.174    28.9248 0.0000e+00
      0.123      0.006     5.9538     76.753    151.732 163.657315     8.2800    -0.0748    -0.2982     1.9035 8.0846e+02    -0.3095      0.121      0.175    28.9246 0.0000e+00
      0.125      0.007     5.9825     76.016    151.731 163.656042     8.2800    -0.0519    -0.2982     1.9035 7.6621e+02    -0.2944      0.122      0.177    28.9244 0.0000e+00
      0.126      0.009     5.9813     75.215    151.724 163.648571     8.2800    -0.0099    -0.2982     1.9035 7.2240e+02    -0.3549      0.124      0.180    28.9238 0.0000e+00
      0.129      0.011     5.9546     74.372    151.718 163.640928     8.1000     0.0282     0.0852    -0.6345 7.1599e+02    -0.2340      0.126      0.183    28.9232 0.0000e+00
      0.131      0.014     5.9088     73.493    151.718 163.639093     8.1000    -0.0061     0.0852    -0.6345 6.0122e+02    -0.3246      0.129      0.187    28.9228 0.0000e+00
      0.135      0.017     5.8520     72.599    151.719 163.638567     8.1000    -0.0137     0.0852    -0.6345 5.6708e+02    -0.3246      0.133      0.192    28.9227 0.0000e+00
      0.140      0.022     5.7903     71.732    151.715 163.631193     8.1000    -0.0709     0.0852    -0.6345 3.0197e+02    -0.2642      0.137      0.199    28.9226 0.0000e+00
      0.145      0.027     5.7255     70.940    151.708 163.619012     7.2900    -0.0519     0.0852     0.4653 1.1043e+03    -0.2189      0.143      0.207    28.9223 0.0000e+00
      0.153      0.033     5.6579     70.257    151.706 163.610804     7.2900    -0.0786     0.0852     0.4653 1.7440e+03    -0.2189      0.150      0.217    28.9218 0.0000e+00
      0.161      0.040     5.5891     69.726    151.719 163.616406     7.2900    -0.0595     0.0852     0.4653 1.8034e+03    -0.3549      0.158      0.230    28.9211 0.0000e+00
      0.172      0.048     5.5225     69.398    151.743 163.629295     7.2900    -0.0671     0.0852     0.4653 1.7297e+03    -0.2340      0.169      0.245    28.9202 0.0000e+00
      0.185      0.057     5.4617     69.269    151.767 163.640878     7.2900    -0.0900     0.0852     0.4653 1.4721e+03    -0.3095      0.181      0.262    28.9188 0.0000e+00
      0.200      0.067     5.4093     69.286    151.789 163.650235     5.8500    -0.0633     0.0000     0.5076 1.1293e+03    -0.2491      0.196      0.284    28.9168 0.0000e+00
      0.218      0.075     5.3687     69.416    151.805 163.655851     5.8500    -0.0633     0.0000     0.5076 2.8850e+02    -0.2642      0.213      0.310    28.9139 0.0000e+00
      0.239      0.082     5.3438     69.699    151.819 163.659222     5.8500    -0.0633     0.0000     0.5076 5.0947e+02    -0.3095      0.235      0.340    28.9098 0.0000e+00
      0.264      0.087     5.3343     70.197    151.832 163.661247     5.8500    -0.0557     0.0000     0.5076 2.3631e+03    -0.4002      0.258      0.375    28.9050 0.0000e+00
      0.288      0.089     5.3361     70.896    151.848 163.666475     6.0300    -0.0481     0.1278     0.3384 1.0387e+03    -0.3246      0.283      0.410    28.9004 0.0000e+00
      0.312      0.089     5.3465     71.692    151.872 163.680308     6.0300    -0.0671     0.1278     0.3384 8.4750e+02    -0.3246      0.306      0.444    28.8963 0.0000e+00
      0.334      0.090     5.3686     72.493    151.899 163.698417     6.0300    -0.0824     0.1278     0.3384 6.1043e+02    -0.2642      0.328      0.475    28.8925 0.0000e+00
      0.355      0.091     5.4074     73.261    151.920 163.709592     6.0300    -0.0557     0.1278     0.3384 5.7129e+02    -0.3095      0.348      0.505    28.8887 0.0000e+00
      0.376      0.094     5.4616     73.956    151.937 163.716814     6.4800    -0.0748     0.0852     0.0846 4.6726e+02    -0.2793      0.369      0.535    28.8847 0.0000e+00
      0.399      0.099     5.5232     74.519    151.958 163.730026     6.4800    -0.0519     0.0852     0.0846 2.7725e+02    -0.3397      0.392      0.568    28.8808 0.0000e+00
      0.425      0.104     5.5853     74.918    151.983 163.748741     6.4800    -0.0328     0.0852     0.0846 5.0737e+02    -0.3397      0.417      0.605    28.8770 0.0000e+00
      0.455      0.108     5.6448     75.184    152.009 163.769930     6.4800    -0.0595     0.0852     0.0846 4.0518e+02    -0.2793      0.446      0.647    28.8732 0.0000e+00
      0.485      0.109     5.6988     75.367    152.030 163.787218     6.0300    -0.0557     0.0000     0.2961 1.0759e+03    -0.2189      0.476      0.691    28.8697 0.0000e+00
      0.515      0.106     5.7425     75.503    152.040 163.793185     6.0300    -0.0633     0.0000     0.2961 9.7162e+02    -0.2189      0.506      0.733    28.8665 0.0000e+00
      0.543      0.101     5.7735     75.608    152.043 163.793434     6.0300    -0.0519     0.0000     0.2961 4.6051e+02    -0.2642      0.533      0.773    28.8637 0.0000e+00
      0.568      0.093     5.7942     75.682    152.050 163.800056     6.0300    -0.0900     0.0000     0.2961 9.0971e+02    -0.2793      0.558      0.809    28.8615 0.0000e+00
      0.591      0.084     5.8085     75.728    152.057 163.806799     6.0300    -0.0481     0.0000     0.2961 6.4704e+02    -0.2491      0.579      0.840    28.8597 0.0000e+00
      0.610      0.076     5.8191     75.760    152.060 163.811453     6.1200    -0.0862     0.0000     0.0846 5.2956e+02    -0.2642      0.599      0.868    28.8584 0.0000e+00
      0.628      0.069     5.8273     75.746    152.065 163.819268     6.1200    -0.0481     0.0000     0.0846 1.2464e+03    -0.3246      0.616      0.894    28.8575 0.0000e+00
      0.644      0.064     5.8330     75.645    152.066 163.824310     6.1200    -0.0633     0.0000     0.0846 8.6838e+02    -0.2340      0.632      0.916    28.8569 0.0000e+00
      0.659      0.060     5.8366     75.466    152.067 163.827922     6.1200    -0.0557     0.0000     0.0846 7.3076e+02    -0.2793      0.646      0.937    28.8569 0.0000e+00
      0.673      0.059     5.8390     75.211    152.067 163.831070     6.1200    -0.0709     0.0426     0.1269 4.2762e+02    -0.3095      0.660      0.957    28.8573 0.0000e+00
      0.687      0.058     5.8378     74.874    152.069 163.834593     6.1200    -0.0709     0.0426     0.1269 1.0353e+03    -0.3549      0.674      0.977    28.8582 0.0000e+00
      0.702      0.058     5.8300     74.501    152.075 163.843438     6.1200    -0.0709     0.0426     0.1269 8.9851e+02    -0.2038      0.689      0.998    28.8593 0.0000e+00
      0.717      0.059     5.8160     74.180    152.086 163.855956     6.1200    -0.0671     0.0426     0.1269 7.9539e+02    -0.3851      0.703      1.020    28.8603 0.0000e+00
      0.732      0.060     5.7964     73.947    152.096 163.867466     6.0300    -0.0709     0.0852     0.1269 1.0434e+03    -0.3397      0.719      1.042    28.8611 0.0000e+00
      0.748      0.061     5.7703     73.787    152.106 163.877029     6.0300    -0.0633     0.0852     0.1269 1.4187e+03    -0.2642      0.734      1.064    28.8617 0.0000e+00
      0.764      0.061     5.7415     73.702    152.112 163.883185     6.0300    -0.0633     0.0852     0.1269 6.3658e+02    -0.2944      0.749      1.086    28.8623 0.0000e+00
      0.779      0.060     5.7168     73.700    152.118 163.887577     6.0300    -0.0481     0.0852     0.1269 7.4390e+02    -0.2793      0.764      1.109    28.8626 0.0000e+00
      0.795      0.059     5.6988     73.747    152.123 163.891375     6.0300    -0.0366     0.0852     0.1269 2.2367e+03    -0.2491      0.780      1.131    28.8627 0.0000e+00
      0.811      0.057     5.6864     73.809    152.120 163.887572     5.9400    -0.0709     0.0852     0.0423 6.9288e+02    -0.2642      0.795      1.153    28.8625 0.0000e+00
      0.826      0.054     5.6800     73.936    152.112 163.879165     5.9400    -0.0595     0.0852     0.0423 1.4590e+03    -0.2642      0.810      1.175    28.8622 0.0000e+00
      0.839      0.050     5.6799     74.239    152.103 163.871930     5.9400    -0.0366     0.0852     0.0423 7.3251e+02    -0.2038      0.823      1.194    28.8617 0.0000e+00
      0.852      0.046     5.6835     74.757    152.092 163.863936     5.9400    -0.0671     0.0852     0.0423 6.3107e+02    -0.3095      0.835      1.211    28.8612 0.0000e+00
      0.863      0.042     5.6883     75.371    152.081 163.857063     6.0300    -0.0328     0.0000     0.0846 1.0738e+03    -0.2793      0.846      1.227    28.8609 0.0000e+00
      0.873      0.039     5.6981     75.904    152.078 163.857496     6.0300    -0.0137     0.0000     0.0846 1.5352e+03    -0.2189      0.856      1.242    28.8610 0.0000e+00
      0.882      0.036     5.7213     76.238    152.078 163.861340     6.0300    -0.0099     0.0000     0.0846 1.0019e+03    -0.2189      0.865      1.254    28.8618 0.0000e+00
      0.890      0.035     5.7611     76.343    152.071 163.857595     6.0300     0.0015     0.0000     0.0846 8.5341e+02    -0.2340      0.873      1.266    28.8632 0.0000e+00
      0.898      0.035     5.8083     76.202    152.065 163.853279     6.0300     0.0092     0.0852     0.1269 1.2835e+03    -0.2189      0.881      1.277    28.8646 0.0000e+00
      0.906      0.038     5.8492     75.795    152.069 163.859270     6.0300    -0.0099     0.0852     0.1269 8.4860e+02    -0.3246      0.889      1.289    28.8659 0.0000e+00
      0.915      0.042     5.8748     75.141    152.077 163.869147     6.0300    -0.0023     0.0852     0.1269 4.4409e+02    -0.2491      0.898      1.302    28.8673 0.0000e+00
      0.926      0.046     5.8828     74.309    152.081 163.873516     6.0300    -0.0061     0.0852     0.1269 7.0810e+02    -0.3397      0.908      1.317    28.8684 0.0000e+00
      0.938      0.051     5.8719     73.396    152.081 163.873543     6.1200     0.0015     0.0426     0.1692 8.6124e+02    -0.1736      0.920      1.335    28.8692 0.0000e+00
      0.953      0.055     5.8405     72.499    152.087 163.877252     6.1200    -0.0557     0.0426     0.1692 1.0537e+03    -0.2944      0.934      1.355    28.8697 0.0000e+00
      0.968      0.060     5.7900     71.704    152.101 163.889642     6.1200    -0.0709     0.0426     0.1692 9.8117e+02    -0.3246      0.949      1.377    28.8701 0.0000e+00
      0.984      0.063     5.7259     71.094    152.127 163.914016     6.1200    -0.0481     0.0426     0.1692 1.3643e+03    -0.2944      0.965      1.400    28.8702 0.0000e+00
      1.001      0.065     5.6556     70.746    152.162 163.948855     6.1200    -0.0481     0.0426     0.1692 7.7813e+02    -0.2944      0.981      1.423    28.8700 0.0000e+00
      1.018      0.067     5.5865     70.672    152.190 163.977391     6.1200    -0.0061     0.0000     0.1692 8.3816e+02    -0.0074      0.998      1.448    28.8694 0.0000e+00
      1.035      0.067     5.5254     70.811    152.194 163.979168     6.1200     0.0015     0.0000     0.1692 8.5937e+02    -0.0074      1.015      1.473    28.8684 0.0000e+00
      1.053      0.067     5.4785     71.101    152.176 163.958669     6.1200     0.0282     0.0000     0.1692 1.2415e+03    -0.1283      1.033      1.499    28.8672 0.0000e+00
      1.071      0.066     5.4517     71.489    152.155 163.934484     6.1200     0.0015     0.0000     0.1692 1.3762e+03    -0.0678      1.050      1.524    28.8662 0.0000e+00
      1.088      0.065     5.4461     71.880    152.129 163.904171     6.1200    -0.0214     0.0426     0.1269 5.7427e+02    -0.2944      1.067      1.548    28.8655 0.0000e+00
      1.104      0.063     5.4569     72.169    152.093 163.861652     6.1200     0.0054     0.0426     0.1269 1.4240e+03    -0.2944      1.083      1.571    28.8649 0.0000e+00
      1.120      0.062     5.4793     72.283    152.067 163.829665     6.1200    -0.0137     0.0426     0.1269 7.5629e+02    -0.3397      1.098      1.592    28.8644 0.0000e+00
      1.135      0.061     5.5092     72.169    152.068 163.825739     6.1200    -0.0137     0.0426     0.1269 1.1473e+03    -0.3095      1.113      1.614    28.8639 0.0000e+00
      1.150      0.061     5.5394     71.804    152.074 163.828782     6.1200    -0.0023     0.0852     0.0846 9.4374e+02     0.0077      1.128      1.636    28.8632 0.0000e+00
      1.166      0.060     5.5618     71.231    152.079 163.831586     6.1200    -0.0214     0.0852     0.0846 8.4492e+02    -0.0678      1.143      1.659    28.8621 0.0000e+00
      1.182      0.059     5.5707     70.559    152.097 163.846927     6.1200     0.0015     0.0852     0.0846 8.0373e+02    -0.0678      1.159      1.681    28.8606 0.0000e+00
      1.197      0.058     5.5621     69.913    152.115 163.862859     6.1200    -0.0137     0.0852     0.0846 7.3363e+02     0.0681      1.174      1.703    28.8592 0.0000e+00
      1.212      0.057     5.5341     69.387    152.127 163.871603     6.1200     0.0092     0.0852     0.0846 1.7192e+03    -0.3095      1.188      1.724    28.8580 0.0000e+00
      1.225      0.056     5.4900     69.024    152.130 163.871481     6.0300    -0.0137     0.0426     0.0846 6.3630e+02    -0.2944      1.202      1.743    28.8569 0.0000e+00
      1.239      0.055     5.4383     68.856    152.121 163.858452     6.0300    -0.0214     0.0426     0.0846 7.2633e+02    -0.2340      1.215      1.762    28.8557 0.0000e+00
      1.252      0.055     5.3886     68.929    152.112 163.845077     6.0300     0.0092     0.0426     0.0846 7.8509e+02    -0.2491      1.228      1.781    28.8545 0.0000e+00
      1.266      0.056     5.3482     69.234    152.118 163.847834     6.0300     0.0015     0.0426     0.0846 9.6363e+02    -0.2944      1.242      1.801    28.8532 0.0000e+00
      1.281      0.056     5.3203     69.681    152.138 163.867458     6.1200    -0.0137     0.0426     0.0846 1.0791e+03    -0.2642      1.256      1.822    28.8519 0.0000e+00
      1.296      0.057     5.3075     70.176    152.160 163.889137     6.1200    -0.0061     0.0426     0.0846 1.0045e+03    -0.1887      1.271      1.843    28.8507 0.0000e+00
      1.311      0.056     5.3133     70.673    152.177 163.906625     6.1200    -0.0061     0.0426     0.0846 8.6630e+02    -0.3095      1.286      1.865    28.8496 0.0000e+00
      1.326      0.056     5.3369     71.138    152.187 163.916567     6.1200     0.0359     0.0426     0.0846 6.7431e+02    -0.3397      1.301      1.886    28.8485 0.0000e+00
      1.340      0.054     5.3714     71.493    152.186 163.913596     6.0300     0.0626     0.0426     0.0846 5.5525e+02    -0.2340      1.314      1.906    28.8478 0.0000e+00
      1.353      0.054     5.4095     71.648    152.187 163.912955     6.0300     0.0855     0.0426     0.0846 9.7099e+02    -0.2340      1.327      1.925    28.8473 0.0000e+00
