Data/DataNotYetUploadedToEDI/Raw_CTD/RawDownloads/070124_fcr50_S7809001.cnv
* Sea-Bird SBE19plus  Data File:
* FileName = C:\R\Reservoirs\Data\DataNotYetUploadedToEDI\Raw_CTD\RawDownloads\070124_fcr50_S7809_0001.hex
* Software version 2.8.0.119
* Temperature SN = 7809
* Conductivity SN = 7809
* System UpLoad Time = Jul 01 2024 15:46:22
* <ApplicationData>
* <Seaterm232>
# nquan = 15
# nvalues = 2112                        
# units = specified
# name 0 = depFM: Depth [fresh water, m]
# name 1 = dz/dtM: Descent Rate [m/s]
# name 2 = sbeox0Mg/L: Oxygen, SBE 43 [mg/l]
# name 3 = sbeox0PS: Oxygen, SBE 43 [% saturation]
# name 4 = specc: Specific Conductance [uS/cm]
# name 5 = c0uS/cm: Conductivity [uS/cm]
# name 6 = flECO-AFL: Fluorescence, WET Labs ECO-AFL/FL [mg/m^3]
# name 7 = ph: pH
# name 8 = orp: Oxidation Reduction Potential [mV]
# name 9 = par/sat/log: PAR/Logarithmic, Satlantic
# name 10 = turbWETntu0: Turbidity, WET Labs ECO [NTU]
# name 11 = prdM: Pressure, Strain Gauge [db]
# name 12 = prdE: Pressure, Strain Gauge [psi]
# name 13 = tv290C: Temperature [ITS-90, deg C]
# name 14 = flag:  0.000e+00
# span 0 =     -0.623,      9.594       
# span 1 =     -0.305,      0.128       
# span 2 =     0.0113,    11.8737       
# span 3 =      0.405,    148.628       
# span 4 =      0.407,    602.317       
# span 5 =   0.431070, 444.008633       
# span 6 =    -0.4734,   233.6936       
# span 7 =      2.243,     10.570       
# span 8 =  -665.1752,  1238.1713       
# span 9 = 1.2347e-01, 2.5822e+03       
# span 10 =   -11.0855,   851.3504      
# span 11 =     -0.611,      9.409      
# span 12 =     -0.886,     13.646      
# span 13 =    11.6861,    28.0559      
# span 14 = 0.0000e+00, 0.0000e+00      
# interval = seconds: 0.25
# start_time = Jul 01 2024 11:35:39 [Instrument's time stamp, header]
# bad_flag = -9.990e-29
*END*
[from data line 1928]
      3.163     -0.022     0.1705      1.644    602.077 443.849275     0.7905      8.191   194.7562 2.0311e+00    29.6280      3.106      4.504    11.8585 0.0000e+00
      3.166     -0.046     0.1713      1.644    602.139 443.889614     0.8056      8.190   195.0664 2.0341e+00    29.4451      3.108      4.508    11.8582 0.0000e+00
      3.161     -0.085     0.1748      1.649    602.213 443.935964     0.8070      8.189   195.5098 2.0569e+00    29.0256      3.111      4.511    11.8577 0.0000e+00
      3.138     -0.120     0.1782      1.654    602.276 443.973075     0.7984      8.187   195.9558 2.1107e+00    28.3838      3.102      4.499    11.8572 0.0000e+00
      3.089     -0.137     0.1787      1.656    602.309 443.992048     0.7938      8.184   196.2574 2.1985e+00    27.8833      3.049      4.422    11.8570 0.0000e+00
      3.022     -0.132     0.1757      1.654    602.317 443.997698     0.7997      8.180   196.4032 2.2923e+00    27.6427      2.956      4.288    11.8568 0.0000e+00
      2.963     -0.110     0.1780      1.649    602.314 443.999131     0.8158      8.178   196.6076 2.3459e+00    27.4236      2.874      4.169    11.8561 0.0000e+00
      2.937     -0.077     0.1801      1.649    602.310 444.002652     0.8358      8.177   196.9847 2.3394e+00    27.1201      2.851      4.136    11.8549 0.0000e+00
      2.941     -0.048     0.1775      1.661    602.308 444.008085     0.8490      8.176   197.4044 2.2993e+00    26.8795      2.882      4.179    11.8542 0.0000e+00
      2.958     -0.041     0.1799      1.673    602.299 444.008633     0.8607      8.174   197.7834 2.2581e+00    26.7555      2.903      4.210    11.8544 0.0000e+00
      2.973     -0.063     0.1780      1.677    602.287 444.006474     0.8813      8.174   198.0571 2.2385e+00    26.6091      2.918      4.231    11.8548 0.0000e+00
      2.972     -0.105     0.1750      1.675    602.277 444.006777     0.9001      8.173   198.1462 2.2777e+00    26.3742      2.946      4.274    11.8554 0.0000e+00
      2.936     -0.150     0.1804      1.674    602.252 443.995621     0.9061      8.172   198.1451 2.3937e+00    26.0897      2.916      4.231    11.8561 0.0000e+00
      2.863     -0.179     0.1814      1.677    602.187 443.955604     0.9068      8.171   198.1412 2.5478e+00    25.4448      2.811      4.078    11.8566 0.0000e+00
      2.778     -0.184     0.1812      1.682    602.077 443.882809     0.9038      8.169   198.1352 2.6802e+00    23.8653      2.708      3.928    11.8572 0.0000e+00
      2.712     -0.166     0.1808      1.687    601.935 443.786606     0.8898      8.168   198.1758 2.7528e+00    21.6832      2.634      3.822    11.8579 0.0000e+00
      2.676     -0.133     0.1803      1.688    601.802 443.697816     0.8690      8.168   198.1849 2.7682e+00    20.0640      2.602      3.774    11.8585 0.0000e+00
      2.666     -0.100     0.1806      1.686    601.722 443.648041     0.8479      8.169   198.0774 2.7590e+00    19.2866      2.610      3.786    11.8592 0.0000e+00
      2.666     -0.087     0.1810      1.682    601.697 443.638658     0.8260      8.169   197.9994 2.7513e+00    18.6656      2.618      3.797    11.8597 0.0000e+00
      2.663     -0.099     0.1837      1.674    601.715 443.660535     0.8062      8.168   197.9394 2.7599e+00    17.9518      2.615      3.792    11.8604 0.0000e+00
      2.647     -0.132     0.1819      1.669    601.777 443.714709     0.7932      8.168   197.7148 2.8174e+00    17.4774      2.615      3.794    11.8612 0.0000e+00
      2.608     -0.171     0.1813      1.676    601.865 443.788035     0.7924      8.167   197.4270 2.9494e+00    17.5043      2.584      3.748    11.8619 0.0000e+00
      2.543     -0.202     0.1827      1.691    601.930 443.843869     0.8098      8.164   197.1425 3.1344e+00    18.0967      2.497      3.624    11.8628 0.0000e+00
      2.468     -0.212     0.1809      1.710    601.943 443.862005     0.8359      8.162   196.6622 3.3399e+00    18.9932      2.412      3.501    11.8636 0.0000e+00
      2.396     -0.197     0.1781      1.733    601.925 443.858074     0.8518      8.160   196.0624 3.5435e+00    19.6253      2.345      3.402    11.8642 0.0000e+00
      2.337     -0.161     0.1798      1.752    601.895 443.845594     0.8573      8.160   195.5076 3.6993e+00    19.6142      2.273      3.298    11.8648 0.0000e+00
      2.300     -0.114     0.1837      1.756    601.845 443.818093     0.8686      8.160   194.8220 3.7696e+00    18.9615      2.232      3.237    11.8655 0.0000e+00
      2.288     -0.073     0.1833      1.746    601.780 443.780274     0.8916      8.159   194.0951 3.7798e+00    18.0563      2.236      3.241    11.8662 0.0000e+00
      2.290     -0.052     0.1864      1.742    601.729 443.752628     0.9130      8.159   193.7071 3.7719e+00    17.4355      2.246      3.256    11.8671 0.0000e+00
      2.297     -0.057     0.1915      1.754    601.697 443.738985     0.9141      8.158   193.6501 3.7673e+00    17.1941      2.251      3.263    11.8679 0.0000e+00
      2.299     -0.082     0.1914      1.769    601.667 443.727127     0.8949      8.156   193.7730 3.8114e+00    17.0778      2.268      3.289    11.8686 0.0000e+00
      2.282     -0.115     0.1873      1.779    601.631 443.711282     0.8764      8.153   193.9860 3.9643e+00    16.9807      2.269      3.290    11.8695 0.0000e+00
      2.235     -0.139     0.1852      1.785    601.580 443.684160     0.8693      8.149   194.0181 4.2298e+00    16.9406      2.209      3.204    11.8703 0.0000e+00
      2.169     -0.145     0.1898      1.792    601.500 443.636938     0.8633      8.144   193.7686 4.5425e+00    16.8451      2.122      3.078    11.8710 0.0000e+00
      2.107     -0.132     0.1922      1.797    601.409 443.580805     0.8522      8.139   193.5059 4.7885e+00    16.4634      2.047      2.969    11.8720 0.0000e+00
      2.068     -0.104     0.1912      1.795    601.331 443.534228     0.8425      8.136   193.3549 4.8685e+00    15.8872      1.998      2.900    11.8728 0.0000e+00
      2.058     -0.075     0.1930      1.787    601.264 443.496479     0.8403      8.135   193.2316 4.8151e+00    15.5164      2.006      2.911    11.8737 0.0000e+00
      2.065     -0.061     0.1929      1.783    601.196 443.459084     0.8393      8.134   193.2334 4.7451e+00    15.5954      2.032      2.946    11.8747 0.0000e+00
      2.072     -0.074     0.1948      1.791    601.138 443.429317     0.8270      8.134   193.4820 4.7252e+00    16.1320      2.034      2.949    11.8756 0.0000e+00
      2.070     -0.109     0.1946      1.813    601.104 443.416420     0.8076      8.133   193.8435 4.8312e+00    16.8655      2.046      2.967    11.8765 0.0000e+00
      2.042     -0.151     0.1920      1.846    601.080 443.411490     0.7985      8.131   194.0111 5.1733e+00    17.3340      2.039      2.956    11.8774 0.0000e+00
      1.979     -0.183     0.1919      1.877    601.057 443.408576     0.7970      8.126   193.8466 5.7426e+00    17.1728      1.960      2.842    11.8786 0.0000e+00
      1.895     -0.198     0.1912      1.904    601.040 443.409468     0.7835      8.122   193.6322 6.3671e+00    16.1822      1.849      2.681    11.8797 0.0000e+00
      1.820     -0.198     0.1947      1.940    601.011 443.402656     0.7577      8.120   193.6375 6.8370e+00    14.7085      1.757      2.549    11.8806 0.0000e+00
      1.774     -0.190     0.1991      1.990    600.953 443.374299     0.7380      8.120   193.8585 7.0818e+00    13.6141      1.715      2.489    11.8816 0.0000e+00
      1.751     -0.181     0.2037      2.039    600.866 443.325145     0.7317      8.121   194.2793 7.2602e+00    13.2442      1.716      2.490    11.8827 0.0000e+00
      1.730     -0.177     0.2049      2.079    600.775 443.273770     0.7310      8.121   194.7102 7.6428e+00    13.2622      1.717      2.488    11.8840 0.0000e+00
      1.691     -0.182     0.2061      2.124    600.712 443.243236     0.7298      8.120   194.8895 8.3936e+00    13.3432      1.681      2.437    11.8852 0.0000e+00
      1.630     -0.195     0.2154      2.202    600.656 443.219002     0.7303      8.120   194.9840 9.4454e+00    13.3946      1.603      2.325    11.8864 0.0000e+00
      1.561     -0.210     0.2217      2.318    600.409 443.054108     0.7357      8.121   195.3375 1.0588e+01    13.4743      1.519      2.205    11.8876 0.0000e+00
      1.500     -0.218     0.2245      2.438    599.083 442.093846     0.7417      8.121   196.0936 1.1709e+01    13.6347      1.462      2.120    11.8890 0.0000e+00
      1.450     -0.210     0.2264      2.513    593.851 438.251536     0.7418      8.118   197.1743 1.2982e+01    13.7956      1.423      2.063    11.8903 0.0000e+00
      1.401     -0.187     0.2316      2.523    579.671 427.805859     0.7403      8.111   198.1159 1.4668e+01    13.8592      1.382      2.005    11.8917 0.0000e+00
      1.347     -0.154     0.2496      2.473    552.590 407.837991     0.7535      8.105   198.2946 1.6587e+01    13.8507      1.322      1.917    11.8932 0.0000e+00
      1.297     -0.122     0.2681      2.386    513.970 379.352123     0.7892      8.101   197.5230 1.8048e+01    13.8569      1.254      1.818    11.8946 0.0000e+00
      1.266     -0.097     0.2760      2.280    471.028 347.674836     0.8281      8.099   196.2535 1.8555e+01    13.8967      1.217      1.765    11.8962 0.0000e+00
      1.261     -0.083     0.2777      2.169    433.111 319.704487     0.8430      8.097   195.2176 1.8393e+01    13.9081      1.227      1.778    11.8979 0.0000e+00
      1.266     -0.080     0.2692      2.071    405.451 299.303675     0.8333      8.095   194.7654 1.8433e+01    13.7633      1.254      1.818    11.8996 0.0000e+00
      1.261     -0.091     0.2580      1.996    386.521 285.346379     0.8160      8.094   194.5455 1.9384e+01    13.3394      1.259      1.827    11.9015 0.0000e+00
      1.234     -0.113     0.2479      1.943    372.661 275.129674     0.8018      8.091   193.2007 2.1213e+01    12.7716      1.223      1.775    11.9032 0.0000e+00
      1.189     -0.141     0.2322      1.901    362.398 267.568254     0.7973      8.087   189.1048 2.3455e+01    12.3748      1.165      1.690    11.9053 0.0000e+00
      1.139     -0.168     0.2204      1.839    355.019 262.136358     0.8057      8.085   182.9333 2.5868e+01    12.1105      1.117      1.619    11.9071 0.0000e+00
      1.090     -0.192     0.2147      1.720    346.745 256.043344     0.8213      8.083   176.6583 2.8337e+01    11.6221      1.069      1.549    11.9097 0.0000e+00
      1.044     -0.208     0.2076      1.554    324.992 239.996429     0.8348      8.081   170.3632 3.0998e+01    10.9199      1.019      1.476    11.9112 0.0000e+00
      0.997     -0.214     0.2051      1.382    276.047 203.878496     0.8460      8.078   164.3596 3.4844e+01    10.4048      0.985      1.429    11.9139 0.0000e+00
      0.939     -0.208     0.2054      1.197    210.001 155.202861     0.8789      8.076   160.4585 4.0637e+01    10.1998      0.941      1.366    11.9156 0.0000e+00
      0.868     -0.191     0.1914      0.950    151.220 112.137103     0.9643      8.075   158.8049 4.7081e+01    10.0897      0.850      1.232    11.9179 0.0000e+00
      0.802     -0.168     0.1651      0.647    106.652  80.046961     1.0785      8.074   157.5317 5.1798e+01     9.9665      0.755      1.096    11.9215 0.0000e+00
      0.761     -0.143     0.1465      0.405     74.437  57.632052     1.1585      8.071   154.9633 5.4157e+01     9.8950      0.725      1.052    11.9200 0.0000e+00
      0.746     -0.121     0.1368      0.442     56.356  45.968501     1.2004      8.067   151.2414 5.5638e+01     9.9948      0.731      1.060    11.9322 0.0000e+00
      0.737     -0.107     0.1125      1.207     48.929  42.096774     1.2522      8.063   147.8738 5.7919e+01    10.3661      0.728      1.057    11.9268 0.0000e+00
      0.721     -0.109     0.0649      3.585     45.833  41.073730     1.3185      8.060   145.2288 6.1838e+01    10.8651      0.717      1.041    12.3714 0.0000e+00
      0.694     -0.126     0.0253      8.716     44.255  40.766271     1.3630      8.059   142.4447 6.7296e+01    11.1956      0.690      1.000    13.9906 0.0000e+00
      0.655     -0.146     0.0113     17.222     43.449  40.717072     1.3926      8.059   139.1350 7.3706e+01    11.4113      0.646      0.937    16.3540 0.0000e+00
      0.609     -0.160     0.0228     28.478     43.019  40.763578     1.4577      8.059   135.1530 8.0579e+01    11.8323      0.602      0.873    18.5427 0.0000e+00
      0.557     -0.163     0.1415     40.851     42.750  40.842198     1.5582      8.059   130.4200 8.7019e+01    12.4348      0.551      0.797    20.2937 0.0000e+00
      0.505     -0.157     0.5197     52.711     42.673  41.031496     1.6377      8.059   125.8355 9.1833e+01    12.8701      0.486      0.704    21.4436 0.0000e+00
      0.463     -0.149     1.3003     63.029     42.805  41.383253     1.6711      8.061   122.4974 9.4895e+01    13.0101      0.437      0.634    22.0085 0.0000e+00
      0.437     -0.142     2.4132     71.288     42.975  41.784542     1.6801      8.066   120.2753 9.7237e+01    13.0715      0.427      0.619    22.4248 0.0000e+00
      0.414     -0.136     3.5674     77.341     43.053  42.131627     1.6900      8.072   118.5257 9.9787e+01    13.2802      0.420      0.609    22.8299 0.0000e+00
      0.383     -0.133     4.6117     81.528     43.119  42.471922     1.7092      8.079   117.1310 1.0252e+02    13.6058      0.383      0.555    23.1218 0.0000e+00
      0.343     -0.133     5.5015     84.658     43.269  42.872806     1.7291      8.086   116.2140 1.0524e+02    13.8933      0.335      0.485    23.3092 0.0000e+00
      0.302     -0.129     6.1910     87.571     43.505  43.349860     1.7556      8.095   115.7174 1.0847e+02    14.3315      0.292      0.424    23.5407 0.0000e+00
      0.264     -0.117     6.6473     90.707     43.816  43.905366     1.8244      8.106   115.2491 1.1313e+02    15.3920      0.254      0.369    23.9371 0.0000e+00
      0.232     -0.097     6.8841     94.102     44.187  44.522267     1.9356      8.118   114.3691 1.2153e+02    16.9077      0.222      0.321    24.2886 0.0000e+00
      0.209     -0.075     7.0525     97.607     44.533  45.104061     2.0316      8.132   112.9838 1.3770e+02    18.0541      0.195      0.283    24.5291 0.0000e+00
      0.197     -0.059     7.2387    101.107     44.611  45.389198     2.0788      8.144   111.1893 1.6479e+02    18.5487      0.184      0.268    24.8082 0.0000e+00
      0.193     -0.053     7.4611    104.589     44.269  45.200628     2.0962      8.156   109.1576 2.0359e+02    18.7712      0.189      0.273    25.0941 0.0000e+00
      0.191     -0.058     7.7175    108.010     43.773  44.781361     2.1069      8.169   107.0185 2.4862e+02    18.9435      0.192      0.279    25.3793 0.0000e+00
      0.182     -0.076     7.9708    111.107     43.446  44.452721     2.1177      8.184   104.8135 2.8223e+02    19.0474      0.188      0.272    25.6581 0.0000e+00
      0.163     -0.104     8.2217    113.446     43.319  44.277215     2.1282      8.198   102.6805 2.8247e+02    19.0876      0.168      0.243    25.8867 0.0000e+00
      0.132     -0.139     8.4614    114.705     43.464  44.367649     2.1351      8.211   100.6084 2.4367e+02    19.0515      0.136      0.197    26.1145 0.0000e+00
      0.089     -0.177     8.7345    114.859     44.110  44.997564     2.1345      8.225    98.5269 1.8572e+02    18.9271      0.095      0.138    26.2392 0.0000e+00
      0.036     -0.214     9.0307    114.174     45.168  46.121821     2.1302      8.243    97.1306 1.3966e+02    18.8295      0.042      0.060    26.1881 0.0000e+00
     -0.024     -0.249     9.2543    113.079     46.034  47.156177     2.1351      8.264    99.1131 1.2973e+02    19.0319     -0.022     -0.031    26.0999 0.0000e+00
     -0.090     -0.279     9.3718    112.029     46.262  47.606191     2.1576      8.285   106.3516 2.0096e+02    19.7910     -0.083     -0.120    26.0219 0.0000e+00
