Data/DataNotYetUploadedToEDI/Raw_CTD/RawDownloads/070126_ccr88_S8188002.cnv
* Sea-Bird SBE19plus  Data File:
* FileName = C:\R\Reservoirs\Data\DataNotYetUploadedToEDI\Raw_CTD\RawDownloads\070126_ccr10_S8188_0002.hex
* Software version 2.8.0.119
* Temperature SN = 8188
* Conductivity SN = 8188
* System UpLoad Time = Jul 02 2026 16:06:17
* <ApplicationData>
* <Seaterm232>
# nquan = 16
# nvalues = 1405                        
# units = specified
# name 0 = depFM: Depth [fresh water, m]
# name 1 = dz/dtM: Descent Rate [m/s]
# name 2 = sbeox0Mg/L: Oxygen, SBE 43 [mg/l]
# name 3 = sbeox0PS: Oxygen, SBE 43 [% saturation]
# name 4 = specc: Specific Conductance [uS/cm]
# name 5 = c0uS/cm: Conductivity [uS/cm]
# name 6 = wetCDOM: Fluorescence, WET Labs CDOM [mg/m^3]
# name 7 = flECO-AFL: Fluorescence, WET Labs ECO-AFL/FL [mg/m^3]
# name 8 = flECO-AFL1: Fluorescence, WET Labs ECO-AFL/FL, 2 [mg/m^3]
# name 9 = flECO-AFL2: Fluorescence, WET Labs ECO-AFL/FL, 3 [mg/m^3]
# name 10 = par/sat/log: PAR/Logarithmic, Satlantic
# name 11 = turbWETntu0: Turbidity, WET Labs ECO [NTU]
# name 12 = prdM: Pressure, Strain Gauge [db]
# name 13 = prdE: Pressure, Strain Gauge [psi]
# name 14 = tv290C: Temperature [ITS-90, deg C]
# name 15 = flag:  0.000e+00
# span 0 =     -0.373,      7.694       
# span 1 =     -0.259,      0.164       
# span 2 =     4.9973,    10.1056       
# span 3 =     53.906,     98.735       
# span 4 =   -497.972,    161.323       
# span 5 =-456.218223, 164.826842       
# span 6 =    -0.0900,    36.8100       
# span 7 =    -0.8568,    25.0759       
# span 8 =    -3.5358,     1.8744       
# span 9 =    -3.7647,     6.0489       
# span 10 = 7.3790e+00, 3.1929e+03      
# span 11 =    -1.3217,   461.0409      
# span 12 =     -0.365,      7.545      
# span 13 =     -0.530,     10.943      
# span 14 =    13.6371,    30.0300      
# span 15 = 0.0000e+00, 0.0000e+00      
# interval = seconds: 0.25
# start_time = Jul 02 2026 10:51:11 [Instrument's time stamp, header]
# bad_flag = -9.990e-29
*END*
     -0.368      0.006     6.7161     88.931      8.336   9.161619     0.0000    -0.3189     0.0000    -0.4653 6.2294e+01    -1.2612     -0.361     -0.522    30.0300 0.0000e+00
     -0.366      0.008     6.7170     88.933     10.600  11.645094     0.0000    -0.2922     0.0000    -0.4653 1.1901e+02    -1.2310     -0.359     -0.520    30.0268 0.0000e+00
     -0.364      0.010     6.7184     88.936     13.717  15.062524     0.0000    -0.2769     0.0000    -0.4653 9.3727e+01    -1.2159     -0.357     -0.517    30.0225 0.0000e+00
     -0.361      0.013     6.7195     88.941     17.523  19.228831     0.0000     0.4936     0.0000    -0.4653 1.1950e+02    -0.3246     -0.354     -0.514    30.0173 0.0000e+00
     -0.358      0.017     6.7204     88.948     21.140  23.175233     0.0000     0.4936     0.2556     1.2690 2.3237e+01    -0.4153     -0.351     -0.509    30.0112 0.0000e+00
     -0.354      0.022     6.7213     88.957     24.624  26.954920     0.0000     0.4746     0.2556     1.2690 8.8099e+01    -0.2944     -0.347     -0.503    30.0041 0.0000e+00
     -0.348      0.028     6.7226     88.968     29.929  32.702497     0.0000     0.4822     0.2556     1.2690 3.4680e+02    -0.3397     -0.341     -0.495    29.9952 0.0000e+00
     -0.341      0.037     6.7242     88.984     39.511  43.097195     0.0000    -0.8530     0.2556     1.2690 6.0673e+02     1.6543     -0.334     -0.485    29.9836 0.0000e+00
     -0.332      0.047     6.7266     89.010     56.218  61.233322     0.0000    -0.8568     0.0852    -1.0998 1.2154e+03     1.6845     -0.325     -0.471    29.9677 0.0000e+00
     -0.319      0.060     6.7299     89.048     80.132  87.154859     0.0000    -0.8415     0.0852    -1.0998 1.2919e+03     1.6694     -0.314     -0.454    29.9448 0.0000e+00
     -0.304      0.077     6.7347     89.103    104.692 113.661488     0.0000    -0.8415     0.0852    -1.0998 1.4295e+03     1.7147     -0.298     -0.432    29.9104 0.0000e+00
     -0.284      0.095     6.7421     89.181    123.100 133.388880     0.0000    -0.0709     0.0852    -1.0998 1.5275e+03     0.1739     -0.279     -0.404    29.8566 0.0000e+00
     -0.258      0.113     6.7539     89.289    134.674 145.680136     0.0000    -0.0633     0.0000     0.4230 1.6428e+03     0.1890     -0.253     -0.367    29.7702 0.0000e+00
     -0.226      0.131     6.7718     89.445    141.700 153.071412     0.0000    -0.0557     0.0000     0.4230 1.7987e+03     0.1588     -0.222     -0.321    29.6392 0.0000e+00
     -0.187      0.146     6.7950     89.672    145.975 157.533699     0.0000    -0.0633     0.0000     0.4230 1.9362e+03     0.1739     -0.184     -0.266    29.4751 0.0000e+00
     -0.146      0.156     6.8200     89.988    148.582 160.240896     0.0000    -0.1167     0.0000     0.4230 2.0389e+03    -0.3700     -0.143     -0.207    29.3116 0.0000e+00
     -0.102      0.163     6.8445     90.385    150.169 161.886854     1.5300    -0.1587    -0.7668    -3.7647 2.0873e+03    -0.3095     -0.100     -0.145    29.1735 0.0000e+00
     -0.058      0.164     6.8689     90.851    151.135 162.894457     1.5300    -0.1282    -0.7668    -3.7647 2.1485e+03    -0.3397     -0.057     -0.082    29.0674 0.0000e+00
     -0.015      0.161     6.8954     91.364    151.718 163.516360     1.5300    -0.1015    -0.7668    -3.7647 2.1584e+03    -0.2642     -0.014     -0.021    28.9916 0.0000e+00
      0.027      0.155     6.9257     91.890    152.063 163.902368     1.5300    -0.0557    -0.7668    -3.7647 2.1910e+03    -0.2944      0.026      0.039    28.9410 0.0000e+00
      0.066      0.146     6.9600     92.397    152.266 164.151410     1.5300    -0.0938    -0.7668    -3.7647 2.2212e+03    -0.3549      0.065      0.094    28.9096 0.0000e+00
      0.102      0.135     6.9979     92.853    152.387 164.317871     6.0300    -0.0366     0.0426     0.2115 2.2226e+03    -0.3095      0.101      0.146    28.8926 0.0000e+00
      0.136      0.123     7.0381     93.229    152.455 164.430107     6.0300    -0.0671     0.0426     0.2115 1.9307e+03    -0.2340      0.133      0.194    28.8867 0.0000e+00
      0.166      0.109     7.0783     93.502    152.499 164.514040     6.0300    -0.0709     0.0426     0.2115 1.0971e+03    -0.2944      0.163      0.237    28.8894 0.0000e+00
      0.193      0.095     7.1162     93.668    152.534 164.582031     6.0300    -0.0671     0.0426     0.2115 1.3137e+03    -0.3700      0.189      0.275    28.8978 0.0000e+00
      0.215      0.082     7.1499     93.740    152.560 164.632168     6.0300    -0.0709     0.0426     0.2538 5.9420e+02    -0.2642      0.211      0.307    28.9090 0.0000e+00
      0.234      0.069     7.1773     93.738    152.576 164.663789     6.0300    -0.0862     0.0426     0.2538 1.0075e+03    -0.3397      0.229      0.332    28.9212 0.0000e+00
      0.248      0.057     7.1969     93.685    152.585 164.685326     6.0300    -0.0557     0.0426     0.2538 1.5512e+03    -0.3246      0.244      0.353    28.9327 0.0000e+00
      0.260      0.046     7.2085     93.600    152.597 164.706531     6.0300    -0.0671     0.0426     0.2538 1.0095e+03    -0.4153      0.256      0.371    28.9425 0.0000e+00
      0.271      0.038     7.2131     93.500    152.611 164.729051     6.0300    -0.0786     0.0852     0.1269 1.1290e+03    -0.2642      0.266      0.385    28.9496 0.0000e+00
      0.279      0.031     7.2123     93.400    152.624 164.750871     6.0300    -0.0557     0.0852     0.1269 1.0916e+03    -0.2340      0.274      0.397    28.9545 0.0000e+00
      0.286      0.025     7.2078     93.310    152.633 164.769793     6.0300     0.0015     0.0852     0.1269 1.0416e+03    -0.2340      0.280      0.406    28.9581 0.0000e+00
      0.291      0.020     7.2009     93.230    152.643 164.790863     6.0300    -0.0252     0.0852     0.1269 6.4493e+02    -0.2944      0.285      0.414    28.9608 0.0000e+00
      0.295      0.016     7.1929     93.157    152.658 164.815691     6.0300     0.0321     0.0852     0.1269 9.8523e+02    -0.1887      0.289      0.420    28.9631 0.0000e+00
      0.299      0.013     7.1849     93.093    152.662 164.826842     5.8500    -0.0061     0.0426     0.0846 1.4104e+03    -0.2038      0.293      0.424    28.9656 0.0000e+00
      0.301      0.010     7.1776     93.041    152.649 164.815264     5.8500    -0.0099     0.0426     0.0846 1.9061e+03    -0.3549      0.295      0.428    28.9687 0.0000e+00
      0.303      0.009     7.1711     93.005    152.633 164.797914     5.8500     0.0054     0.0426     0.0846 3.4695e+02    -0.2340      0.297      0.431    28.9720 0.0000e+00
      0.305      0.008     7.1651     92.982    152.628 164.790213     5.8500     0.0168     0.0426     0.0846 1.3537e+03    -0.2944      0.299      0.434    28.9751 0.0000e+00
      0.306      0.007     7.1599     92.961    152.631 164.790106     6.0300     0.0206     0.0426     0.1269 8.9715e+02    -0.2944      0.300      0.436    28.9773 0.0000e+00
      0.308      0.006     7.1558     92.939    152.637 164.789548     6.0300    -0.0442     0.0426     0.1269 6.9257e+02    -0.3549      0.302      0.438    28.9781 0.0000e+00
      0.310      0.006     7.1531     92.922    152.644 164.784379     6.0300    -0.0709     0.0426     0.1269 1.1741e+03    -0.2642      0.304      0.440    28.9779 0.0000e+00
      0.311      0.005     7.1514     92.903    152.657 164.781240     6.0300    -0.0557     0.0426     0.1269 8.3889e+02    -0.2944      0.305      0.443    28.9772 0.0000e+00
      0.312      0.004     7.1499     92.879    152.676 164.783300     5.9400    -0.0709     0.1278     0.0846 8.3307e+02    -0.2491      0.306      0.444    28.9761 0.0000e+00
      0.313      0.004     7.1485     92.856    152.687 164.779081     5.9400    -0.0633     0.1278     0.0846 1.4175e+03    -0.2944      0.307      0.445    28.9740 0.0000e+00
      0.314      0.003     7.1476     92.840    152.680 164.759436     5.9400    -0.0709     0.1278     0.0846 7.7846e+02    -0.3246      0.308      0.446    28.9700 0.0000e+00
      0.314      0.003     7.1469     92.824    152.666 164.731157     5.9400    -0.0404     0.1278     0.0846 2.3180e+02    -0.3246      0.308      0.447    28.9643 0.0000e+00
      0.315      0.003     7.1458     92.807    152.662 164.710756     5.9400    -0.0633     0.1278     0.0846 4.4758e+02    -0.2642      0.309      0.448    28.9582 0.0000e+00
      0.316      0.003     7.1447     92.789    152.668 164.700812     5.9400    -0.0671     0.0426     0.0846 2.2315e+02    -0.3246      0.310      0.450    28.9530 0.0000e+00
      0.317      0.003     7.1440     92.776    152.676 164.694662     5.9400    -0.0557     0.0426     0.0846 3.8418e+02    -0.3246      0.311      0.451    28.9488 0.0000e+00
      0.318      0.003     7.1433     92.769    152.690 164.694675     5.9400    -0.0519     0.0426     0.0846 2.3556e+02    -0.2189      0.312      0.451    28.9445 0.0000e+00
      0.318      0.002     7.1427     92.766    152.709 164.700853     5.9400    -0.0633     0.0426     0.0846 5.3164e+02    -0.2793      0.312      0.452    28.9393 0.0000e+00
      0.319      0.002     7.1420     92.763    152.722 164.702816     5.9400    -0.0748     0.0000     0.1692 3.2697e+02    -0.3549      0.313      0.453    28.9338 0.0000e+00
      0.319      0.002     7.1415     92.759    152.728 164.697077     5.9400    -0.0595     0.0000     0.1692 4.3549e+02    -0.2038      0.313      0.454    28.9289 0.0000e+00
      0.320      0.002     7.1416     92.751    152.731 164.690123     5.9400    -0.0290     0.0000     0.1692 3.9690e+02    -0.3095      0.314      0.455    28.9242 0.0000e+00
      0.320      0.002     7.1420     92.742    152.728 164.680100     5.9400    -0.0709     0.0000     0.1692 2.4865e+02    -0.3246      0.314      0.456    28.9196 0.0000e+00
      0.321      0.001     7.1423     92.732    152.715 164.666338     6.0300    -0.0557     0.0426     0.1269 4.5871e+02    -0.3549      0.314      0.456    28.9154 0.0000e+00
      0.321      0.001     7.1424     92.717    152.702 164.657195     6.0300    -0.0595     0.0426     0.1269 5.3014e+02    -0.2793      0.314      0.456    28.9115 0.0000e+00
      0.321      0.001     7.1422     92.701    152.691 164.654244     6.0300    -0.0824     0.0426     0.1269 6.7475e+02    -0.4304      0.315      0.456    28.9081 0.0000e+00
      0.321      0.001     7.1418     92.687    152.680 164.652688     6.0300    -0.0557     0.0426     0.1269 4.8169e+02    -0.2340      0.315      0.457    28.9060 0.0000e+00
      0.322      0.001     7.1410     92.677    152.670 164.650110     6.0300    -0.0633     0.0426     0.0000 1.1416e+03    -0.2340      0.315      0.457    28.9059 0.0000e+00
      0.322      0.001     7.1397     92.667    152.662 164.645822     6.0300    -0.0633     0.0426     0.0000 3.2754e+02    -0.3246      0.315      0.458    28.9077 0.0000e+00
      0.322      0.001     7.1380     92.664    152.656 164.640687     6.0300    -0.0633     0.0426     0.0000 7.0151e+02    -0.3246      0.316      0.458    28.9107 0.0000e+00
      0.322      0.001     7.1366     92.669    152.654 164.637342     6.0300    -0.0786     0.0426     0.0000 3.5434e+02    -0.1585      0.316      0.458    28.9139 0.0000e+00
      0.322      0.000     7.1354     92.677    152.656 164.636902     6.0300    -0.0824     0.0426     0.0000 2.6138e+03    -0.2793      0.316      0.458    28.9166 0.0000e+00
      0.322      0.000     7.1345     92.686    152.659 164.637244     5.9400    -0.0557     0.0426     0.1692 3.0355e+02    -0.3549      0.316      0.458    28.9181 0.0000e+00
      0.322      0.000     7.1342     92.692    152.657 164.636453     5.9400    -0.0557     0.0426     0.1692 1.3457e+03    -0.2340      0.316      0.459    28.9185 0.0000e+00
      0.322      0.000     7.1347     92.696    152.650 164.636322     5.9400    -0.0938     0.0426     0.1692 5.2498e+02    -0.3549      0.316      0.459    28.9180 0.0000e+00
      0.322      0.000     7.1354     92.702    152.641 164.638823     5.9400    -0.0824     0.0426     0.1692 1.1234e+03    -0.3700      0.316      0.458    28.9170 0.0000e+00
      0.322      0.000     7.1362     92.712    152.634 164.644623     6.0300    -0.0671     0.0426    -0.1692 1.2456e+03    -0.3246      0.316      0.458    28.9163 0.0000e+00
      0.322      0.001     7.1366     92.721    152.627 164.649255     6.0300    -0.0862     0.0426    -0.1692 2.5186e+02    -0.4002      0.316      0.458    28.9168 0.0000e+00
      0.323      0.001     7.1366     92.730    152.614 164.647943     6.0300    -0.0519     0.0426    -0.1692 9.5883e+02    -0.2189      0.316      0.459    28.9192 0.0000e+00
      0.323      0.001     7.1366     92.739    152.602 164.646350     6.0300    -0.0709     0.0426    -0.1692 7.0779e+02    -0.2944      0.317      0.459    28.9230 0.0000e+00
      0.323      0.000     7.1368     92.746    152.594 164.648062     5.9400    -0.0709     0.0426     0.0000 1.0230e+03    -0.4455      0.317      0.460    28.9273 0.0000e+00
      0.323      0.000     7.1370     92.752    152.586 164.649525     5.9400    -0.0519     0.0426     0.0000 4.2715e+02    -0.2793      0.317      0.460    28.9315 0.0000e+00
      0.323      0.000     7.1372     92.754    152.578 164.651131     5.9400    -0.0633     0.0426     0.0000 1.0505e+03    -0.2642      0.317      0.460    28.9356 0.0000e+00
      0.323      0.000     7.1373     92.753    152.573 164.655314     5.9400    -0.0481     0.0426     0.0000 6.1616e+02    -0.3397      0.317      0.459    28.9394 0.0000e+00
      0.323      0.000     7.1375     92.748    152.567 164.657174     5.9400    -0.0366     0.0426     0.0000 1.0952e+03    -0.3246      0.317      0.459    28.9429 0.0000e+00
      0.323      0.000     7.1375     92.742    152.557 164.653200     6.0300    -0.0633     0.0852     0.2115 1.0893e+03    -0.3095      0.317      0.459    28.9461 0.0000e+00
      0.323 -2.553e-07     7.1373     92.738    152.550 164.650351     6.0300    -0.0366     0.0852     0.2115 1.7673e+03    -0.2491      0.317      0.459    28.9494 0.0000e+00
      0.323 -3.283e-07     7.1368     92.738    152.547 164.651876     6.0300    -0.0595     0.0852     0.2115 9.2446e+02    -0.2944      0.317      0.459    28.9524 0.0000e+00
      0.323 -4.221e-07     7.1361     92.740    152.546 164.654173     6.0300    -0.0633     0.0852     0.2115 8.7273e+02    -0.3700      0.317      0.460    28.9552 0.0000e+00
      0.323 -5.427e-07     7.1354     92.740    152.546 164.655850     5.8500    -0.0557     0.0000     0.1692 9.4847e+02    -0.2642      0.317      0.460    28.9574 0.0000e+00
      0.323 -6.978e-07     7.1349     92.739    152.543 164.653345     5.8500    -0.0481     0.0000     0.1692 1.5730e+03    -0.2642      0.317      0.460    28.9592 0.0000e+00
      0.323 -8.971e-07     7.1347     92.740    152.536 164.643986     5.8500    -0.0595     0.0000     0.1692 9.4415e+02    -0.2944      0.317      0.460    28.9606 0.0000e+00
      0.323      0.000     7.1347     92.746    152.525 164.631290     5.8500    -0.0748     0.0000     0.1692 7.2412e+02    -0.3095      0.317      0.460    28.9617 0.0000e+00
      0.323      0.000     7.1347     92.750    152.512 164.615881     5.7600    -0.0633     0.0426    -0.1269 7.4893e+02    -0.3246      0.317      0.460    28.9624 0.0000e+00
      0.323     -0.000     7.1345     92.752    152.499 164.599664     5.7600    -0.0557     0.0426    -0.1269 1.4401e+03    -0.2038      0.317      0.460    28.9624 0.0000e+00
      0.323     -0.000     7.1346     92.756    152.490 164.588336     5.7600    -0.0481     0.0426    -0.1269 5.7265e+02    -0.4002      0.317      0.460    28.9621 0.0000e+00
      0.323     -0.000     7.1351     92.764    152.486 164.582888     5.7600    -0.0366     0.0426    -0.1269 1.1234e+03    -0.1131      0.317      0.460    28.9616 0.0000e+00
      0.323     -0.000     7.1355     92.776    152.482 164.577855     5.9400    -0.0557     0.0426     0.2961 1.5614e+03     0.0832      0.317      0.460    28.9611 0.0000e+00
