Data/DataNotYetUploadedToEDI/Raw_CTD/RawDownloads/070122_fcr50_SBE19plus01907809_0002.cnv
* Sea-Bird SBE19plus  Data File:
* FileName = C:\R\Reservoirs\Data\DataNotYetUploadedToEDI\Raw_CTD\RawDownloads\070522_bvr40_SBE19plus01907809_0002.hex
* Software version 2.8.0.119
* Temperature SN = 7809
* Conductivity SN = 7809
* System UpLoad Time = Jul 05 2022 16:50:41
* <ApplicationData>
* <Seaterm232>
# nquan = 15
# nvalues = 2733                        
# units = specified
# name 0 = depFM: Depth [fresh water, m]
# name 1 = dz/dtM: Descent Rate [m/s]
# name 2 = sbeox0Mg/L: Oxygen, SBE 43 [mg/l]
# name 3 = sbeox0PS: Oxygen, SBE 43 [% saturation]
# name 4 = specc: Specific Conductance [uS/cm]
# name 5 = c0uS/cm: Conductivity [uS/cm]
# name 6 = flECO-AFL: Fluorescence, WET Labs ECO-AFL/FL [mg/m^3]
# name 7 = ph: pH
# name 8 = orp: Oxidation Reduction Potential [mV]
# name 9 = par/sat/log: PAR/Logarithmic, Satlantic
# name 10 = turbWETntu0: Turbidity, WET Labs ECO [NTU]
# name 11 = prdM: Pressure, Strain Gauge [db]
# name 12 = prdE: Pressure, Strain Gauge [psi]
# name 13 = tv290C: Temperature [ITS-90, deg C]
# name 14 = flag:  0.000e+00
# span 0 =     -0.610,      9.591       
# span 1 =     -0.428,      3.857       
# span 2 =     0.0325,    11.5369       
# span 3 =      0.343,    141.743       
# span 4 =      0.412,    136.821       
# span 5 =   0.420943,  97.040539       
# span 6 =    -0.1747,    14.9982       
# span 7 =      6.495,     10.296       
# span 8 = -1159.9927,   130.7848       
# span 9 = 1.2352e-01, 3.7018e-01       
# span 10 =    -0.3803,   386.1080      
# span 11 =     -0.599,      9.405      
# span 12 =     -0.868,     13.641      
# span 13 =    10.3900,    27.7280      
# span 14 = 0.0000e+00, 0.0000e+00      
# interval = seconds: 0.25
# start_time = Jun 30 2022 19:07:33 [Instrument's time stamp, header]
# bad_flag = -9.990e-29
*END*
[from data line 2217]
      6.822     -0.074     0.4636      4.180     49.478  35.054476     0.3785      6.514    60.0462 1.2368e-01     8.1375      6.690      9.703    10.4199 0.0000e+00
      6.809     -0.074     0.4669      4.195     49.459  35.040650     0.3777      6.515    60.3948 1.2368e-01     8.1625      6.680      9.688    10.4218 0.0000e+00
      6.790     -0.071     0.4695      4.205     49.439  35.025776     0.3688      6.515    60.8789 1.2372e-01     8.1620      6.662      9.662    10.4227 0.0000e+00
      6.765     -0.070     0.4650      4.206     49.404  35.001461     0.3708      6.515    61.1679 1.2372e-01     8.1315      6.634      9.621    10.4225 0.0000e+00
      6.741     -0.071     0.4674      4.221     49.402  35.000308     0.3854      6.515    60.9638 1.2373e-01     8.0331      6.605      9.580    10.4222 0.0000e+00
      6.726     -0.073     0.4686      4.234     49.419  35.011837     0.3956      6.515    60.3901 1.2375e-01     7.9282      6.593      9.564    10.4217 0.0000e+00
      6.715     -0.073     0.4713      4.230     49.422  35.014027     0.3861      6.515    59.9946 1.2371e-01     7.8879      6.589      9.556    10.4211 0.0000e+00
      6.700     -0.073     0.4685      4.236     49.439  35.026794     0.3703      6.516    59.9686 1.2368e-01     7.9556      6.574      9.534    10.4212 0.0000e+00
      6.678     -0.074     0.4717      4.245     49.457  35.039379     0.3714      6.517    60.0763 1.2369e-01     8.0985      6.549      9.499    10.4216 0.0000e+00
      6.653     -0.077     0.4751      4.249     49.457  35.039379     0.3822      6.517    60.3506 1.2369e-01     8.1813      6.523      9.461    10.4212 0.0000e+00
      6.632     -0.079     0.4711      4.258     49.440  35.026794     0.3844      6.517    60.7041 1.2373e-01     8.2051      6.502      9.430    10.4212 0.0000e+00
      6.614     -0.074     0.4736      4.259     49.424  35.014026     0.3738      6.517    60.8226 1.2377e-01     8.2493      6.487      9.409    10.4217 0.0000e+00
      6.596     -0.065     0.4749      4.255     49.422  35.011825     0.3618      6.518    60.7503 1.2379e-01     8.3394      6.469      9.383    10.4220 0.0000e+00
      6.576     -0.056     0.4742      4.261     49.408  35.000182     0.3645      6.519    60.6049 1.2379e-01     8.4412      6.447      9.350    10.4217 0.0000e+00
      6.561     -0.047     0.4760      4.256     49.410  35.000068     0.3812      6.519    60.4412 1.2370e-01     8.4552      6.429      9.324    10.4207 0.0000e+00
      6.554     -0.039     0.4770      4.246     49.427  35.010454     0.3885      6.520    60.7495 1.2363e-01     8.4401      6.426      9.321    10.4198 0.0000e+00
      6.549     -0.030     0.4732      4.245     49.412  34.998924     0.3789      6.521    61.4923 1.2368e-01     8.4974      6.425      9.318    10.4187 0.0000e+00
      6.542     -0.022     0.4781      4.248     49.398  34.987480     0.3730      6.522    61.8510 1.2374e-01     8.5676      6.416      9.304    10.4172 0.0000e+00
      6.535     -0.018     0.4753      4.258     49.416  34.998915     0.3754      6.522    61.9038 1.2374e-01     8.6397      6.408      9.293    10.4155 0.0000e+00
      6.532     -0.022     0.4739      4.263     49.432  35.010350     0.3736      6.521    61.7868 1.2369e-01     8.5835      6.405      9.289    10.4143 0.0000e+00
      6.530     -0.036     0.4751      4.275     49.417  34.998925     0.3687      6.522    61.4687 1.2363e-01     8.3322      6.404      9.288    10.4129 0.0000e+00
      6.529     -0.056     0.4734      4.281     49.401  34.987595     0.3666      6.522    61.7563 1.2364e-01     8.1640      6.404      9.288    10.4110 0.0000e+00
      6.521     -0.080     0.4775      4.274     49.417  35.000182     0.3641      6.521    62.5976 1.2370e-01     8.1553      6.403      9.286    10.4102 0.0000e+00
      6.496     -0.106     0.4750      4.275     49.449  35.024298     0.3633      6.521    63.0379 1.2378e-01     8.1586      6.379      9.252    10.4101 0.0000e+00
      6.454     -0.131     0.4783      4.273     49.449  35.025546     0.3657      6.521    62.9494 1.2382e-01     8.1350      6.328      9.179    10.4095 0.0000e+00
      6.408     -0.153     0.4798      4.264     49.431  35.015274     0.3687      6.522    62.7325 1.2379e-01     8.1087      6.282      9.111    10.4091 0.0000e+00
      6.368     -0.170     0.4763      4.269     49.445  35.026917     0.3654      6.524    62.5665 1.2370e-01     8.1138      6.246      9.059    10.4099 0.0000e+00
      6.326     -0.181     0.4781      4.268     49.460  35.039503     0.3595      6.524    62.4900 1.2362e-01     8.1636      6.207      9.002    10.4113 0.0000e+00
      6.280     -0.191     0.4787      4.266     49.460  35.040637     0.3559      6.524    62.5823 1.2364e-01     8.1644      6.159      8.933    10.4131 0.0000e+00
      6.230     -0.202     0.4750      4.292     49.457  35.040626     0.3378      6.525    62.7358 1.2369e-01     8.0553      6.109      8.861    10.4155 0.0000e+00
      6.178     -0.214     0.4776      4.308     49.452  35.039378     0.3155      6.526    62.8833 1.2369e-01     7.9715      6.060      8.789    10.4178 0.0000e+00
      6.122     -0.223     0.4782      4.302     49.431  35.025553     0.3119      6.526    62.9898 1.2369e-01     7.9704      6.006      8.710    10.4192 0.0000e+00
      6.061     -0.224     0.4733      4.302     49.396  35.000294     0.3183      6.526    62.5604 1.2373e-01     7.9738      5.945      8.623    10.4201 0.0000e+00
      5.996     -0.218     0.4813      4.297     49.380  34.987612     0.3173      6.527    61.8218 1.2375e-01     7.9452      5.880      8.529    10.4221 0.0000e+00
      5.933     -0.205     0.4828      4.278     49.397  34.999036     0.3087      6.527    61.6298 1.2370e-01     7.8977      5.814      8.433    10.4253 0.0000e+00
      5.880     -0.189     0.4792      4.265     49.415  35.011604     0.3061      6.527    61.9599 1.2369e-01     7.8772      5.761      8.356    10.4272 0.0000e+00
      5.838     -0.171     0.4812      4.271     49.416  35.012746     0.3187      6.528    62.2863 1.2374e-01     7.9022      5.723      8.300    10.4260 0.0000e+00
      5.804     -0.151     0.4813      4.289     49.415  35.012850     0.3285      6.531    62.3068 1.2371e-01     7.9272      5.692      8.254    10.4238 0.0000e+00
      5.771     -0.130     0.4777      4.319     49.414  35.012859     0.3248      6.531    61.8624 1.2365e-01     7.9398      5.661      8.209    10.4235 0.0000e+00
      5.737     -0.110     0.4751      4.351     49.412  35.012860     0.3238      6.533    61.0438 1.2373e-01     7.9528      5.627      8.160    10.4239 0.0000e+00
      5.705     -0.092     0.4774      4.366     49.412  35.012859     0.3410      6.535    60.4964 1.2382e-01     7.9471      5.591      8.109    10.4241 0.0000e+00
      5.681     -0.080     0.4784      4.365     49.414  35.012850     0.3666      6.536    60.5789 1.2381e-01     7.9393      5.566      8.073    10.4247 0.0000e+00
      5.669     -0.075     0.4823      4.361     49.416  35.012746     0.3671      6.536    60.9220 1.2378e-01     7.9278      5.557      8.059    10.4261 0.0000e+00
      5.664     -0.079     0.4873      4.360     49.416  35.011602     0.3552      6.537    61.1174 1.2375e-01     7.9101      5.556      8.058    10.4275 0.0000e+00
      5.655     -0.092     0.4885      4.363     49.399  34.999024     0.3553      6.538    61.2209 1.2374e-01     7.8951      5.552      8.052    10.4273 0.0000e+00
      5.631     -0.114     0.4878      4.359     49.383  34.987485     0.3520      6.538    61.3125 1.2370e-01     7.8497      5.529      8.019    10.4256 0.0000e+00
      5.593     -0.142     0.4874      4.352     49.399  34.998910     0.3401      6.538    61.1934 1.2365e-01     7.7709      5.486      7.957    10.4237 0.0000e+00
      5.549     -0.168     0.4868      4.353     49.415  35.010335     0.3286      6.539    61.0711 1.2368e-01     7.6938      5.441      7.892    10.4227 0.0000e+00
      5.501     -0.183     0.4881      4.361     49.399  34.998805     0.3120      6.541    61.1241 1.2373e-01     7.6348      5.397      7.829    10.4225 0.0000e+00
      5.446     -0.187     0.4873      4.376     49.380  34.986331     0.2983      6.541    61.5762 1.2371e-01     7.6727      5.343      7.749    10.4224 0.0000e+00
      5.388     -0.184     0.4858      4.392     49.379  34.986331     0.3038      6.542    62.3216 1.2366e-01     7.8444      5.281      7.659    10.4222 0.0000e+00
      5.338     -0.182     0.4863      4.398     49.397  34.998815     0.3213      6.542    62.6516 1.2364e-01     8.0029      5.229      7.585    10.4218 0.0000e+00
      5.302     -0.182     0.4869      4.394     49.414  35.010447     0.3253      6.543    62.6401 1.2359e-01     8.0177      5.197      7.538    10.4220 0.0000e+00
      5.268     -0.181     0.4887      4.394     49.401  35.000154     0.3111      6.544    62.4413 1.2360e-01     7.8864      5.171      7.501    10.4227 0.0000e+00
      5.224     -0.176     0.4910      4.393     49.404  35.001193     0.3081      6.545    62.0540 1.2370e-01     7.7471      5.128      7.438    10.4236 0.0000e+00
      5.169     -0.164     0.4923      4.386     49.434  35.023003     0.3217      6.547    62.3450 1.2377e-01     7.7003      5.069      7.352    10.4236 0.0000e+00
      5.112     -0.143     0.4903      4.394     49.415  35.010218     0.3351      6.549    63.3791 1.2374e-01     7.6954      5.009      7.265    10.4229 0.0000e+00
      5.066     -0.114     0.4909      4.410     49.364  34.973430     0.3444      6.550    63.8885 1.2370e-01     7.7571      4.960      7.195    10.4218 0.0000e+00
      5.040     -0.082     0.4922      4.425     49.346  34.958660     0.3504      6.551    63.6863 1.2368e-01     7.8998      4.933      7.154    10.4210 0.0000e+00
      5.037     -0.054     0.4885      4.439     49.350  34.958460     0.3584      6.552    63.4291 1.2370e-01     7.9868      4.935      7.157    10.4217 0.0000e+00
      5.047     -0.034     0.4909      4.439     49.370  34.971010     0.3752      6.553    63.4452 1.2373e-01     7.9550      4.954      7.186    10.4227 0.0000e+00
      5.049     -0.028     0.4932      4.431     49.389  34.983577     0.3870      6.554    63.6240 1.2376e-01     7.8562      4.959      7.192    10.4216 0.0000e+00
      5.038     -0.034     0.4940      4.434     49.390  34.983585     0.3750      6.555    63.7835 1.2376e-01     7.7483      4.941      7.166    10.4187 0.0000e+00
      5.023     -0.048     0.4971      4.434     49.372  34.971112     0.3643      6.555    64.0834 1.2375e-01     7.7088      4.925      7.142    10.4163 0.0000e+00
      5.009     -0.060     0.4969      4.429     49.355  34.959592     0.3734      6.556    64.4113 1.2376e-01     7.7207      4.916      7.128    10.4146 0.0000e+00
      4.991     -0.064     0.4943      4.450     49.370  34.971112     0.3852      6.557    64.6498 1.2376e-01     7.7215      4.898      7.104    10.4136 0.0000e+00
      4.968     -0.060     0.4954      4.475     49.387  34.983575     0.3904      6.558    64.8165 1.2376e-01     7.7529      4.870      7.064    10.4133 0.0000e+00
      4.948     -0.051     0.4971      4.475     49.387  34.983470     0.3779      6.559    64.5335 1.2376e-01     7.8270      4.849      7.033    10.4133 0.0000e+00
      4.936     -0.039     0.4925      4.480     49.368  34.969844     0.3600      6.559    64.0676 1.2376e-01     7.9005      4.840      7.019    10.4140 0.0000e+00
      4.930     -0.025     0.4973      4.491     49.335  34.945644     0.3653      6.559    64.1741 1.2377e-01     7.9585      4.834      7.011    10.4147 0.0000e+00
      4.928     -0.016     0.5025      4.486     49.335  34.944501     0.3755      6.560    64.4439 1.2380e-01     8.0157      4.831      7.007    10.4149 0.0000e+00
      4.930     -0.018     0.4991      4.476     49.352  34.956031     0.3670      6.562    64.4909 1.2380e-01     8.0799      4.835      7.012    10.4155 0.0000e+00
      4.932     -0.033     0.5001      4.462     49.356  34.958222     0.3535      6.562    64.2255 1.2376e-01     8.1189      4.838      7.016    10.4154 0.0000e+00
      4.932     -0.058     0.5034      4.440     49.375  34.971000     0.3537      6.562    63.7308 1.2376e-01     8.1463      4.841      7.020    10.4145 0.0000e+00
      4.919     -0.093     0.5014      4.427     49.393  34.983700     0.3528      6.561    63.5858 1.2376e-01     8.1368      4.832      7.009    10.4134 0.0000e+00
      4.889     -0.133     0.5001      4.431     49.395  34.984967     0.3344      6.561    63.6766 1.2368e-01     8.0391      4.800      6.962    10.4121 0.0000e+00
      4.844     -0.173     0.4996      4.435     49.397  34.986319     0.3225      6.562    63.9687 1.2368e-01     7.9558      4.753      6.893    10.4111 0.0000e+00
      4.792     -0.206     0.4959      4.432     49.415  35.000049     0.3252      6.562    64.4499 1.2374e-01     7.9500      4.703      6.820    10.4107 0.0000e+00
      4.732     -0.226     0.4938      4.432     49.446  35.024156     0.3259      6.562    64.5045 1.2378e-01     7.9683      4.644      6.736    10.4108 0.0000e+00
      4.662     -0.232     0.4956      4.449     49.443  35.024156     0.3219      6.562    64.1128 1.2377e-01     8.0060      4.573      6.632    10.4111 0.0000e+00
      4.591     -0.228     0.4963      4.469     49.406  35.000049     0.3191      6.562    63.8436 1.2371e-01     7.9961      4.498      6.525    10.4113 0.0000e+00
      4.531     -0.214     0.4954      4.469     49.384  34.986328     0.3173      6.562    63.8306 1.2366e-01     7.9176      4.439      6.439    10.4120 0.0000e+00
      4.482     -0.191     0.4944      4.461     49.381  34.985079     0.3173      6.563    63.8698 1.2362e-01     7.9103      4.396      6.375    10.4136 0.0000e+00
      4.437     -0.166     0.4966      4.466     49.379  34.984956     0.3181      6.564    63.9742 1.2361e-01     7.9419      4.352      6.313    10.4162 0.0000e+00
      4.396     -0.145     0.5012      4.476     49.378  34.984842     0.3188      6.563    64.4903 1.2372e-01     7.9239      4.307      6.248    10.4185 0.0000e+00
      4.365     -0.133     0.4995      4.473     49.376  34.983697     0.3261      6.563    65.2054 1.2383e-01     7.8984      4.275      6.201    10.4200 0.0000e+00
      4.344     -0.126     0.4980      4.470     49.358  34.971119     0.3480      6.564    65.4791 1.2386e-01     7.8383      4.260      6.178    10.4211 0.0000e+00
      4.319     -0.116     0.4984      4.485     49.341  34.959579     0.3750      6.566    65.3042 1.2386e-01     7.7439      4.242      6.153    10.4221 0.0000e+00
      4.284     -0.103     0.5015      4.495     49.356  34.970995     0.3789      6.567    64.9845 1.2385e-01     7.6793      4.204      6.097    10.4231 0.0000e+00
      4.244     -0.088     0.5001      4.480     49.373  34.982315     0.3690      6.569    65.3994 1.2381e-01     7.6717      4.157      6.029    10.4232 0.0000e+00
      4.216     -0.068     0.4977      4.461     49.357  34.969633     0.3637      6.571    66.4484 1.2377e-01     7.7206      4.128      5.988    10.4233 0.0000e+00
      4.204     -0.044     0.5017      4.455     49.324  34.944487     0.3486      6.572    66.9128 1.2372e-01     7.7575      4.121      5.977    10.4240 0.0000e+00
      4.203     -0.019     0.5039      4.446     49.309  34.931909     0.3271      6.573    66.7124 1.2372e-01     7.7422      4.120      5.976    10.4247 0.0000e+00
      4.208     -0.002     0.5008      4.436     49.327  34.944383     0.3123      6.573    66.2627 1.2375e-01     7.7064      4.123      5.981    10.4244 0.0000e+00
      4.217      0.002     0.4971      4.430     49.362  34.968480     0.3033      6.574    65.9493 1.2378e-01     7.6661      4.136      5.999    10.4227 0.0000e+00
      4.224     -0.008     0.4986      4.429     49.363  34.969624     0.3175      6.575    66.1063 1.2378e-01     7.6994      4.145      6.013    10.4206 0.0000e+00
