Data/DataNotYetUploadedToEDI/Raw_CTD/RawDownloads/070126_ccr20_S8188006.cnv
* Sea-Bird SBE19plus  Data File:
* FileName = C:\R\Reservoirs\Data\DataNotYetUploadedToEDI\Raw_CTD\RawDownloads\070126_ccr10_S8188_0006.hex
* Software version 2.8.0.119
* Temperature SN = 8188
* Conductivity SN = 8188
* System UpLoad Time = Jul 02 2026 16:08:02
* <ApplicationData>
* <Seaterm232>
# nquan = 16
# nvalues = 1715                        
# units = specified
# name 0 = depFM: Depth [fresh water, m]
# name 1 = dz/dtM: Descent Rate [m/s]
# name 2 = sbeox0Mg/L: Oxygen, SBE 43 [mg/l]
# name 3 = sbeox0PS: Oxygen, SBE 43 [% saturation]
# name 4 = specc: Specific Conductance [uS/cm]
# name 5 = c0uS/cm: Conductivity [uS/cm]
# name 6 = wetCDOM: Fluorescence, WET Labs CDOM [mg/m^3]
# name 7 = flECO-AFL: Fluorescence, WET Labs ECO-AFL/FL [mg/m^3]
# name 8 = flECO-AFL1: Fluorescence, WET Labs ECO-AFL/FL, 2 [mg/m^3]
# name 9 = flECO-AFL2: Fluorescence, WET Labs ECO-AFL/FL, 3 [mg/m^3]
# name 10 = par/sat/log: PAR/Logarithmic, Satlantic
# name 11 = turbWETntu0: Turbidity, WET Labs ECO [NTU]
# name 12 = prdM: Pressure, Strain Gauge [db]
# name 13 = prdE: Pressure, Strain Gauge [psi]
# name 14 = tv290C: Temperature [ITS-90, deg C]
# name 15 = flag:  0.000e+00
# span 0 =     -0.424,      5.558       
# span 1 =     -0.174,      0.216       
# span 2 =     0.1086,    10.0998       
# span 3 =      1.205,    109.254       
# span 4 =   -592.146,    186.287       
# span 5 =-465.692409, 167.000138       
# span 6 =    -4.5000,    35.8200       
# span 7 =    -1.6998,   245.1454       
# span 8 =    -4.3026,     6.8160       
# span 9 =    -5.9220,     5.3721       
# span 10 = 2.5322e+00, 3.4288e+03      
# span 11 =    -7.7419,   524.9562      
# span 12 =     -0.416,      5.451      
# span 13 =     -0.603,      7.906      
# span 14 =    14.2320,    28.8648      
# span 15 = 0.0000e+00, 0.0000e+00      
# interval = seconds: 0.25
# start_time = Jul 02 2026 12:32:34 [Instrument's time stamp, header]
# bad_flag = -9.990e-29
*END*
[from data line 1176]
      4.334      0.059     6.1381     77.452    155.970 158.846703    14.2200     4.9912     0.1704     0.6768 1.1870e+02     8.4371      4.251      6.165    25.9777 0.0000e+00
      4.350      0.062     6.1957     77.235    156.026 158.830004    14.2200     4.9645     0.1704     0.6768 1.1585e+02     8.5428      4.266      6.187    25.9755 0.0000e+00
      4.367      0.064     6.2451     76.720    156.059 158.796468    14.2200     7.5090     0.1704     0.6768 1.1237e+02    11.0656      4.283      6.211    25.9601 0.0000e+00
      4.384      0.065     6.2791     76.015    156.095 158.783241    15.4800     7.5166     0.1704     0.7614 1.0941e+02    11.2016      4.300      6.236    25.9388 0.0000e+00
      4.401      0.065     6.2909     75.247    156.157 158.810841    15.4800     7.5242     0.1704     0.7614 1.0646e+02    11.0505      4.316      6.260    25.9159 0.0000e+00
      4.418      0.065     6.2759     74.507    156.226 158.844543    15.4800     7.4899     0.1704     0.7614 1.0588e+02    11.0354      4.333      6.284    25.8925 0.0000e+00
      4.434      0.065     6.2364     73.837    156.270 158.837223    15.4800     5.4261     0.1704     0.7614 1.0535e+02    12.8331      4.348      6.307    25.8711 0.0000e+00
      4.450      0.066     6.1809     73.249    156.320 158.802962    17.1000     5.4032     0.2130     0.9306 1.0419e+02    12.8180      4.364      6.329    25.8550 0.0000e+00
      4.466      0.068     6.1198     72.736    156.400 158.750658    17.1000     5.4299     0.2130     0.9306 1.0248e+02    12.6669      4.380      6.353    25.8436 0.0000e+00
      4.484      0.071     6.0608     72.291    156.553 158.694419    17.1000     5.3994     0.2130     0.9306 1.0045e+02    12.6971      4.397      6.377    25.8322 0.0000e+00
      4.502      0.074     6.0081     71.909    156.827 158.655317    17.1000     4.7089     0.2130     0.9306 9.8338e+01    16.3831      4.415      6.404    25.8156 0.0000e+00
      4.522      0.078     5.9632     71.584    157.186 158.590846    17.1000     4.7166     0.2130     0.9306 9.6706e+01    16.3680      4.434      6.431    25.7888 0.0000e+00
      4.542      0.081     5.9260     71.332    157.624 158.507843    16.7400     4.7128     0.1704     1.0998 9.5081e+01    16.2471      4.454      6.460    25.7464 0.0000e+00
      4.563      0.084     5.8969     71.205    158.178 158.472323    16.7400     4.7242     0.1704     1.0998 9.2533e+01    16.2320      4.475      6.490    25.6796 0.0000e+00
      4.585      0.087     5.8765     71.254    158.753 158.458745    16.7400     5.6054     0.1704     1.0998 9.0860e+01    17.6822      4.496      6.521    25.5793 0.0000e+00
      4.608      0.089     5.8646     71.478    159.209 158.421361    16.7400     5.6016     0.1704     1.0998 8.9139e+01    17.6520      4.519      6.553    25.4440 0.0000e+00
      4.631      0.091     5.8619     71.843    159.526 158.390256    16.7400     5.5787     0.1704     1.0152 8.6618e+01    17.6973      4.541      6.587    25.2781 0.0000e+00
      4.655      0.091     5.8717     72.286    159.717 158.353115    16.7400     5.5787     0.1704     1.0152 8.2898e+01    17.6671      4.565      6.621    25.0911 0.0000e+00
      4.679      0.091     5.8960     72.725    159.801 158.269972    16.7400     4.5449     0.1704     1.0152 7.9979e+01    17.8937      4.588      6.655    24.9051 0.0000e+00
      4.702      0.090     5.9316     73.104    159.869 158.176776    16.7400     4.4648     0.1704     1.0152 7.7128e+01    17.8484      4.611      6.688    24.7495 0.0000e+00
      4.725      0.088     5.9739     73.417    160.005 158.116810    19.0800     4.4877     0.2556     1.6497 7.4866e+01    17.8937      4.634      6.720    24.6402 0.0000e+00
      4.747      0.085     6.0187     73.673    160.236 158.096123    19.0800     4.4953     0.2556     1.6497 7.2371e+01    17.9541      4.655      6.752    24.5688 0.0000e+00
      4.768      0.082     6.0611     73.874    160.527 158.091150    19.0800     4.4724     0.2556     1.6497 6.9867e+01    17.9239      4.676      6.782    24.5161 0.0000e+00
      4.789      0.078     6.0983     74.003    160.794 158.048442    19.0800     4.0643     0.2556     1.6497 6.7539e+01    15.8090      4.697      6.812    24.4659 0.0000e+00
      4.809      0.073     6.1313     74.038    161.004 157.964610    21.1500     4.0147     0.3408     0.9729 6.5344e+01    15.7486      4.716      6.840    24.4051 0.0000e+00
      4.828      0.069     6.1616     73.995    161.198 157.897442    21.1500     3.9994     0.3408     0.9729 6.3084e+01    15.8997      4.734      6.866    24.3274 0.0000e+00
      4.845      0.064     6.1888     73.914    161.351 157.821001    21.1500     4.0070     0.3408     0.9729 6.1634e+01    15.7486      4.751      6.890    24.2366 0.0000e+00
      4.860      0.059     6.2106     73.812    161.408 157.686835    21.1500     3.8392     0.3408     0.9729 6.1487e+01    13.3618      4.766      6.912    24.1415 0.0000e+00
      4.873      0.056     6.2239     73.718    161.421 157.581396    21.1500     3.8316     0.3408     0.9729 6.1088e+01    13.4524      4.779      6.931    24.0512 0.0000e+00
      4.886      0.054     6.2295     73.704    161.351 157.496597    21.6900     3.8430     0.3834     0.9729 6.0915e+01    13.4071      4.792      6.950    23.9713 0.0000e+00
      4.899      0.054     6.2309     73.867    161.095 157.309626    21.6900     3.8430     0.3834     0.9729 6.0638e+01    13.4373      4.804      6.968    23.9009 0.0000e+00
      4.912      0.056     6.2291     74.344    160.874 157.134966    21.6900     4.1100     0.3834     0.9729 5.9451e+01    13.4373      4.817      6.986    23.8421 0.0000e+00
      4.926      0.059     6.2254     75.253    160.887 157.076353    21.6900     4.1215     0.3834     0.9729 5.7457e+01    13.5431      4.831      7.007    23.8056 0.0000e+00
      4.942      0.063     6.2248     76.512    160.943 156.999916    21.3300     4.0604     0.3834     1.0998 5.7145e+01    13.4524      4.846      7.029    23.8006 0.0000e+00
      4.958      0.067     6.2364     77.840    160.930 156.903285    21.3300     4.0757     0.3834     1.0998 5.5385e+01    13.4826      4.862      7.052    23.8203 0.0000e+00
      4.976      0.071     6.2754     78.937    160.917 156.862887    21.3300     3.8468     0.3834     1.0998 5.3376e+01    12.9841      4.880      7.078    23.8331 0.0000e+00
      4.995      0.075     6.3548     79.589    160.893 156.811849    21.3300     3.8316     0.3834     1.0998 5.0862e+01    12.9539      4.899      7.105    23.8108 0.0000e+00
      5.015      0.078     6.4659     79.690    160.868 156.714524    22.2300     3.8277     0.3408     1.0152 4.8131e+01    12.9237      4.918      7.134    23.7700 0.0000e+00
      5.036      0.079     6.5813     79.238    160.949 156.643150    22.2300     3.8583     0.3408     1.0152 4.6154e+01    12.9841      4.939      7.163    23.7438 0.0000e+00
      5.057      0.080     6.6749     78.314    161.204 156.638809    22.2300     2.7863     0.3408     1.0152 4.4249e+01    14.9026      4.959      7.193    23.7353 0.0000e+00
      5.078      0.081     6.7308     77.057    161.566 156.620180    22.2300     2.8016     0.3408     1.0152 4.2469e+01    14.8422      4.980      7.222    23.7271 0.0000e+00
      5.099      0.080     6.7417     75.645    161.995 156.514152    22.2300     2.7939     0.3408     1.0152 4.0946e+01    14.8120      5.000      7.252    23.7051 0.0000e+00
      5.119      0.080     6.7089     74.254    162.653 156.408665    21.9600     2.7749     0.3408     0.9729 3.8722e+01    14.8120      5.020      7.281    23.6595 0.0000e+00
      5.140      0.079     6.6398     72.988    163.646 156.367739    21.9600     2.5231     0.3408     0.9729 3.6397e+01    15.0839      5.040      7.310    23.5828 0.0000e+00
      5.160      0.078     6.5466     71.856    164.848 156.306273    21.9600     2.5116     0.3408     0.9729 3.5176e+01    15.0386      5.060      7.339    23.4703 0.0000e+00
      5.179      0.076     6.4454     70.817    166.180 156.223846    21.9600     2.5155     0.3408     0.9729 3.3989e+01    15.0688      5.079      7.366    23.3122 0.0000e+00
      5.198      0.075     6.3535     69.839    167.584 156.160526    20.7000     2.5155     0.3408     0.6768 3.2572e+01    15.0990      5.098      7.394    23.0883 0.0000e+00
      5.217      0.074     6.2807     68.920    168.966 156.101364    20.7000     2.6681     0.3408     0.6768 3.1078e+01    15.9752      5.116      7.421    22.7880 0.0000e+00
      5.236      0.072     6.2263     68.095    170.300 156.056574    20.7000     2.6604     0.3408     0.6768 2.9384e+01    15.9752      5.135      7.448    22.4241 0.0000e+00
      5.255      0.070     6.1840     67.420    171.438 155.946023    20.7000     2.6642     0.3408     0.6768 2.7607e+01    15.9752      5.153      7.474    22.0213 0.0000e+00
      5.273      0.067     6.1476     66.939    172.245 155.748185    20.6100     2.6528     0.3408     0.7191 2.6290e+01    16.0205      5.171      7.500    21.6086 0.0000e+00
      5.290      0.062     6.1143     66.688    172.784 155.598615    20.6100     3.1335     0.3408     0.7191 2.4609e+01    23.2716      5.188      7.524    21.2088 0.0000e+00
      5.306      0.057     6.0861     66.691    173.054 155.487464    20.6100     3.1449     0.3408     0.7191 2.3732e+01    23.2565      5.203      7.546    20.8314 0.0000e+00
      5.320      0.052     6.0665     66.931    173.014 155.276886    20.6100     3.1640     0.3408     0.7191 2.2872e+01    23.2263      5.217      7.566    20.4915 0.0000e+00
      5.332      0.047     6.0564     67.349    172.745 154.918754    20.5200     3.1563     0.3408     0.7614 2.2698e+01    23.2716      5.229      7.583    20.2169 0.0000e+00
      5.343      0.042     6.0566     67.853    172.204 154.317569    20.5200     4.5945     0.3408     0.7614 2.2482e+01    35.3568      5.239      7.599    20.0286 0.0000e+00
      5.352      0.037     6.0699     68.333    171.096 153.202800    20.5200     4.6288     0.3408     0.7614 2.2273e+01    35.4323      5.249      7.613    19.9230 0.0000e+00
      5.361      0.033     6.0983     68.686    169.059 151.255128    20.5200     4.6288     0.3408     0.7614 2.2104e+01    35.4625      5.257      7.625    19.8698 0.0000e+00
      5.368      0.030     6.1409     68.865    165.630 148.069387    20.5200     4.6288     0.3408     0.7614 2.1847e+01    35.5078      5.264      7.636    19.8331 0.0000e+00
      5.375      0.028     6.1916     68.867    159.863 142.814073    20.1600     8.1689     0.2982     0.7191 2.1522e+01    66.4911      5.271      7.646    19.7960 0.0000e+00
      5.382      0.026     6.2403     68.711    150.061 133.983562    20.1600     8.1956     0.2982     0.7191 2.1201e+01    66.3552      5.278      7.655    19.7560 0.0000e+00
      5.388      0.024     6.2780     68.432    133.633 119.277151    20.1600     8.1727     0.2982     0.7191 2.1036e+01    66.4760      5.284      7.664    19.7127 0.0000e+00
      5.394      0.023     6.3000     68.082    106.272  94.889346    20.1600     8.1727     0.2982     0.7191 2.0566e+01    66.4307      5.290      7.672    19.6668 0.0000e+00
      5.400      0.022     6.3061     67.702     60.532  54.244585    20.2500    19.3118     0.2982     0.7614 1.9868e+01   226.5438      5.295      7.680    19.6197 0.0000e+00
      5.405      0.021     6.2981     67.311    -15.915 -13.549845    20.2500    19.3118     0.2982     0.7614 1.9209e+01   226.4229      5.301      7.688    19.5694 0.0000e+00
      5.411      0.020     6.2796     66.925   -143.456-126.500334    20.2500    19.3080     0.2982     0.7614 1.8585e+01   226.4531      5.306      7.695    19.5123 0.0000e+00
      5.416      0.019     6.2556     66.542   -356.123-314.668910    20.2500    19.3233     0.2982     0.7614 1.8139e+01   226.4078      5.311      7.703    19.4473 0.0000e+00
      5.420      0.019     6.2297     66.151   -489.041-432.504317    21.0600    36.6232     0.3408     0.5922 1.7845e+01   387.7898      5.315      7.709    19.3749 0.0000e+00
      5.425      0.018     6.2040     65.750   -356.043-315.657711    21.0600    36.6079     0.3408     0.5922 1.7333e+01   388.0013      5.320      7.716    19.2933 0.0000e+00
      5.429      0.018     6.1799     65.341   -143.344-128.587360    21.0600    36.6156     0.3408     0.5922 1.6741e+01   387.8049      5.324      7.722    19.2017 0.0000e+00
      5.434      0.018     6.1577     64.923    -15.910 -16.973112    21.0600    36.6308     0.3408     0.5922 1.6197e+01   387.8049      5.329      7.729    19.0969 0.0000e+00
      5.438      0.018     6.1378     64.515     60.392  49.341496    21.0600    24.1985     0.3408     0.5922 1.5214e+01   317.3334      5.333      7.735    18.9660 0.0000e+00
      5.443      0.017     6.1218     64.154    105.832  88.334832    21.4200    24.1756     0.3408     0.7614 1.4134e+01   317.2277      5.337      7.741    18.7940 0.0000e+00
      5.447      0.017     6.1106     63.867    132.260 110.527273    21.4200    24.1718     0.3408     0.7614 1.3159e+01   317.3938      5.342      7.747    18.5759 0.0000e+00
      5.452      0.017     6.1045     63.688    147.201 122.557879    21.4200    24.1985     0.3408     0.7614 1.2147e+01   317.3485      5.346      7.754    18.3107 0.0000e+00
      5.456      0.017     6.1049     63.672    155.269 128.574184    21.4200    10.5722     0.3408     0.7614 1.1354e+01   126.6449      5.350      7.760    18.0021 0.0000e+00
      5.460      0.018     6.1128     63.871    158.955 130.857384    21.4200    10.5951     0.3408     0.5922 1.0810e+01   126.6147      5.355      7.766    17.6699 0.0000e+00
      5.465      0.018     6.1295     64.330    160.155 131.059483    21.4200    10.6027     0.3408     0.5922 1.0411e+01   126.5996      5.359      7.773    17.3251 0.0000e+00
      5.469      0.019     6.1587     65.087    160.109 130.283437    21.4200    10.6256     0.3408     0.5922 1.0033e+01   126.6600      5.364      7.779    16.9663 0.0000e+00
      5.474      0.019     6.2033     66.155    159.308 128.986832    21.4200     6.6964     0.3408     0.5922 9.5690e+00    97.2931      5.368      7.786    16.6146 0.0000e+00
      5.479      0.020     6.2660     67.527    158.168 127.500364    21.2400     6.6964     0.3408     0.6768 9.1104e+00    97.3687      5.373      7.793    16.2900 0.0000e+00
      5.485      0.021     6.3516     69.176    156.969 126.038007    21.2400     6.7041     0.3408     0.6768 8.7040e+00    97.2931      5.378      7.801    15.9913 0.0000e+00
      5.490      0.022     6.4630     71.027    155.924 124.762047    21.2400     6.6926     0.3408     0.6768 8.1370e+00    97.4140      5.384      7.809    15.7267 0.0000e+00
      5.496      0.023     6.6007     72.957    155.207 123.810414    21.2400     3.7743     0.3408     0.6768 7.2739e+00    60.1615      5.390      7.818    15.5033 0.0000e+00
      5.503      0.022     6.7652     74.842    154.784 123.155410    21.2400     3.7476     0.3408     0.6768 6.1332e+00    60.1615      5.396      7.827    15.3128 0.0000e+00
      5.509      0.021     6.9549     76.668    154.636 122.778404    21.0600     3.7591     0.3834     0.5499 4.8915e+00    60.1011      5.402      7.835    15.1478 0.0000e+00
      5.514      0.018     7.1626     78.583    154.586 122.538835    21.0600     3.7896     0.3834     0.5499 4.3594e+00    60.2219      5.407      7.843    15.0046 0.0000e+00
      5.519      0.016     7.3763     80.691    154.337 122.190755    21.0600     3.8239     0.3834     0.5499 4.2583e+00    47.4117      5.412      7.850    14.8818 0.0000e+00
      5.522      0.013     7.5832     82.800    153.973 121.777384    21.0600     3.8430     0.3834     0.5499 4.5679e+00    47.3966      5.415      7.855    14.7789 0.0000e+00
