Data/DataNotYetUploadedToEDI/Raw_CTD/RawDownloads/070124_fcr20_S7809003.cnv
* Sea-Bird SBE19plus  Data File:
* FileName = C:\R\Reservoirs\Data\DataNotYetUploadedToEDI\Raw_CTD\RawDownloads\070124_fcr50_S7809_0003.hex
* Software version 2.8.0.119
* Temperature SN = 7809
* Conductivity SN = 7809
* System UpLoad Time = Jul 01 2024 15:47:24
* <ApplicationData>
* <Seaterm232>
# nquan = 15
# nvalues = 1621                        
# units = specified
# name 0 = depFM: Depth [fresh water, m]
# name 1 = dz/dtM: Descent Rate [m/s]
# name 2 = sbeox0Mg/L: Oxygen, SBE 43 [mg/l]
# name 3 = sbeox0PS: Oxygen, SBE 43 [% saturation]
# name 4 = specc: Specific Conductance [uS/cm]
# name 5 = c0uS/cm: Conductivity [uS/cm]
# name 6 = flECO-AFL: Fluorescence, WET Labs ECO-AFL/FL [mg/m^3]
# name 7 = ph: pH
# name 8 = orp: Oxidation Reduction Potential [mV]
# name 9 = par/sat/log: PAR/Logarithmic, Satlantic
# name 10 = turbWETntu0: Turbidity, WET Labs ECO [NTU]
# name 11 = prdM: Pressure, Strain Gauge [db]
# name 12 = prdE: Pressure, Strain Gauge [psi]
# name 13 = tv290C: Temperature [ITS-90, deg C]
# name 14 = flag:  0.000e+00
# span 0 =     -0.628,      3.295       
# span 1 =     -0.360,      0.433       
# span 2 =     0.0932,    10.1888       
# span 3 =      1.025,    125.714       
# span 4 =      1.636,     98.718       
# span 5 =   1.544564,  83.222704       
# span 6 =    -0.5663,    15.8223       
# span 7 =      7.971,     10.467       
# span 8 =  -156.0120,   808.8136       
# span 9 = 2.1651e+00, 2.4420e+03       
# span 10 =    -3.0924,    29.4436      
# span 11 =     -0.616,      3.232      
# span 12 =     -0.893,      4.687      
# span 13 =    16.8660,    26.7008      
# span 14 = 0.0000e+00, 0.0000e+00      
# interval = seconds: 0.25
# start_time = Jul 01 2024 12:22:07 [Instrument's time stamp, header]
# bad_flag = -9.990e-29
*END*
[from data line 675]
      0.556     -0.001     9.9236    122.036     44.183  45.069116     2.6938     10.108    57.5685 4.2910e+01    16.2870      0.543      0.788    25.9972 0.0000e+00
      0.556      0.002     9.9130    122.051     44.185  45.072307     2.6851     10.111    57.5251 4.3051e+01    16.2757      0.542      0.788    25.9949 0.0000e+00
      0.559      0.005     9.9040    122.121     44.180  45.067062     2.6750     10.114    57.4443 4.3348e+01    16.3469      0.548      0.795    25.9953 0.0000e+00
      0.562      0.007     9.9016    122.228     44.174  45.060544     2.6556     10.118    57.3133 4.3659e+01    16.4596      0.552      0.801    25.9967 0.0000e+00
      0.564      0.007     9.8992    122.331     44.168  45.055393     2.6354     10.121    57.1294 4.3902e+01    16.5039      0.553      0.803    25.9967 0.0000e+00
      0.565      0.006     9.8964    122.409     44.171  45.059318     2.6350     10.124    56.9176 4.4070e+01    16.4722      0.554      0.804    25.9962 0.0000e+00
      0.568      0.005     9.9044    122.466     44.185  45.073895     2.6738     10.127    56.7443 4.4153e+01    16.4670      0.558      0.809    25.9970 0.0000e+00
      0.570      0.004     9.9174    122.506     44.198  45.087294     2.7368     10.132    56.6489 4.4147e+01    16.5301      0.560      0.812    25.9981 0.0000e+00
      0.570      0.004     9.9260    122.522     44.208  45.097213     2.7814     10.136    56.6205 4.4108e+01    16.5968      0.560      0.813    25.9986 0.0000e+00
      0.569      0.005     9.9311    122.510     44.224  45.115781     2.7861     10.138    56.6569 4.4128e+01    16.6249      0.558      0.810    25.9989 0.0000e+00
      0.569      0.006     9.9356    122.470     44.253  45.147465     2.7642     10.140    56.7190 4.4286e+01    16.6843      0.556      0.807    25.9990 0.0000e+00
      0.571      0.006     9.9395    122.426     44.280  45.178417     2.7408     10.141    56.7411 4.4624e+01    16.8292      0.559      0.811    25.9992 0.0000e+00
      0.575      0.007     9.9406    122.419     44.291  45.191543     2.7345     10.144    56.7541 4.5051e+01    16.9765      0.565      0.820    25.9993 0.0000e+00
      0.578      0.007     9.9402    122.473     44.281  45.182959     2.7470     10.146    56.8012 4.5376e+01    17.0067      0.567      0.823    26.0000 0.0000e+00
      0.580      0.006     9.9359    122.570     44.260  45.160697     2.7661     10.148    56.8437 4.5521e+01    16.8635      0.570      0.825    26.0032 0.0000e+00
      0.580      0.003     9.9272    122.686     44.235  45.134457     2.7801     10.151    56.8596 4.5548e+01    16.5999      0.569      0.826    26.0084 0.0000e+00
      0.580      0.000     9.9234    122.800     44.215  45.112090     2.7876     10.154    56.8336 4.5459e+01    16.3746      0.568      0.825    26.0121 0.0000e+00
      0.580     -0.003     9.9306    122.887     44.207  45.102679     2.7915     10.156    56.7276 4.5230e+01    16.2825      0.570      0.826    26.0127 0.0000e+00
      0.580     -0.005     9.9406    122.913     44.215  45.110435     2.7895     10.158    56.5625 4.4933e+01    16.2709      0.570      0.826    26.0119 0.0000e+00
      0.579     -0.007     9.9502    122.858     44.229  45.123520     2.7770     10.161    56.3709 4.4677e+01    16.2777      0.567      0.823    26.0101 0.0000e+00
      0.576     -0.009     9.9615    122.732     44.229  45.123425     2.7586     10.165    56.1690 4.4546e+01    16.2888      0.565      0.819    26.0080 0.0000e+00
      0.573     -0.009     9.9711    122.572     44.215  45.109595     2.7462     10.168    56.0461 4.4600e+01    16.2961      0.562      0.814    26.0065 0.0000e+00
      0.570     -0.008     9.9754    122.424     44.203  45.097202     2.7579     10.170    56.0925 4.4905e+01    16.3221      0.559      0.811    26.0056 0.0000e+00
      0.566     -0.007     9.9701    122.312     44.199  45.093397     2.8125     10.171    56.2750 4.5539e+01    16.3756      0.554      0.804    26.0054 0.0000e+00
      0.564     -0.004     9.9578    122.230     44.203  45.097323     2.8960     10.173    56.4930 4.6464e+01    16.4054      0.551      0.799    26.0053 0.0000e+00
      0.563     -0.001     9.9410    122.168     44.215  45.110562     2.9591     10.173    56.6828 4.7468e+01    16.3909      0.552      0.800    26.0051 0.0000e+00
      0.564      0.003     9.9270    122.121     44.233  45.129898     2.9644     10.172    56.8042 4.8272e+01    16.3828      0.553      0.802    26.0049 0.0000e+00
      0.566      0.005     9.9199    122.086     44.251  45.148899     2.9100     10.171    56.8419 4.8617e+01    16.4380      0.555      0.805    26.0048 0.0000e+00
      0.568      0.005     9.9138    122.069     44.274  45.174064     2.8329     10.170    56.8550 4.8317e+01    16.5395      0.558      0.808    26.0049 0.0000e+00
      0.570      0.004     9.9082    122.102     44.312  45.215319     2.7806     10.170    56.8991 4.7421e+01    16.6135      0.560      0.811    26.0054 0.0000e+00
      0.572      0.003     9.9050    122.215     44.354  45.262225     2.7552     10.170    56.9520 4.6202e+01    16.6553      0.561      0.814    26.0063 0.0000e+00
      0.572      0.003     9.9029    122.405     44.378  45.291425     2.7303     10.171    56.9763 4.4958e+01    16.7443      0.562      0.815    26.0078 0.0000e+00
      0.571      0.002     9.8986    122.637     44.375  45.293460     2.7041     10.172    56.9527 4.3916e+01    16.9021      0.561      0.812    26.0083 0.0000e+00
      0.571      0.001     9.8968    122.883     44.362  45.284363     2.6911     10.175    56.8633 4.3277e+01    17.0371      0.559      0.810    26.0112 0.0000e+00
      0.572      0.000     9.9057    123.122     44.359  45.284567     2.6934     10.177    56.7541 4.3145e+01    17.0574      0.560      0.811    26.0191 0.0000e+00
      0.573 -4.276e-07     9.9234    123.320     44.361  45.288098     2.7034     10.180    56.7439 4.3440e+01    16.9405      0.562      0.817    26.0250 0.0000e+00
      0.573      0.000     9.9431    123.430     44.354  45.281289     2.7151     10.182    56.8685 4.4016e+01    16.7435      0.564      0.819    26.0294 0.0000e+00
      0.572      0.000     9.9617    123.436     44.352  45.279542     2.7276     10.183    57.0140 4.4765e+01    16.5896      0.562      0.814    26.0349 0.0000e+00
      0.571     -0.001     9.9824    123.376     44.376  45.304426     2.7487     10.183    57.0647 4.5565e+01    16.5498      0.559      0.811    26.0376 0.0000e+00
      0.571     -0.002    10.0029    123.320     44.413  45.343153     2.7885     10.183    57.0427 4.6240e+01    16.6002      0.559      0.811    26.0384 0.0000e+00
      0.572     -0.002    10.0136    123.316     44.436  45.367834     2.8347     10.184    57.0436 4.6602e+01    16.6774      0.560      0.813    26.0393 0.0000e+00
      0.572     -0.002    10.0106    123.362     44.445  45.378886     2.8555     10.185    57.0719 4.6558e+01    16.7256      0.560      0.813    26.0394 0.0000e+00
      0.571     -0.001    10.0005    123.438     44.456  45.392590     2.8462     10.186    57.0496 4.6168e+01    16.7485      0.560      0.812    26.0392 0.0000e+00
      0.569     -0.000     9.9921    123.538     44.462  45.400720     2.8244     10.187    56.9720 4.5605e+01    16.7744      0.558      0.810    26.0393 0.0000e+00
      0.569      0.001     9.9922    123.657     44.447  45.386874     2.7904     10.188    56.8982 4.5053e+01    16.7981      0.556      0.807    26.0401 0.0000e+00
      0.570      0.001     9.9996    123.766     44.427  45.366168     2.7452     10.191    56.8188 4.4616e+01    16.8012      0.557      0.809    26.0431 0.0000e+00
      0.571      0.001    10.0034    123.830     44.423  45.361590     2.7071     10.194    56.7111 4.4310e+01    16.7961      0.561      0.813    26.0476 0.0000e+00
      0.572      0.000    10.0093    123.826     44.431  45.369235     2.6930     10.196    56.6291 4.4120e+01    16.8576      0.563      0.816    26.0511 0.0000e+00
      0.572     -0.001    10.0230    123.759     44.438  45.377138     2.7130     10.199    56.6060 4.4054e+01    17.0534      0.561      0.814    26.0527 0.0000e+00
      0.571     -0.002    10.0332    123.661     44.441  45.381540     2.7551     10.201    56.6163 4.4172e+01    17.3110      0.559      0.811    26.0522 0.0000e+00
      0.569     -0.004    10.0401    123.571     44.445  45.386693     2.7870     10.202    56.6528 4.4508e+01    17.4709      0.558      0.809    26.0511 0.0000e+00
      0.568     -0.005    10.0410    123.501     44.465  45.406972     2.7987     10.203    56.7186 4.4972e+01    17.4759      0.557      0.808    26.0508 0.0000e+00
      0.568     -0.005    10.0316    123.443     44.503  45.446686     2.8087     10.205    56.8030 4.5380e+01    17.3941      0.557      0.808    26.0502 0.0000e+00
      0.567     -0.005    10.0212    123.371     44.544  45.489386     2.8287     10.207    56.9125 4.5617e+01    17.3120      0.556      0.806    26.0504 0.0000e+00
      0.565     -0.005    10.0133    123.265     44.577  45.523399     2.8549     10.207    57.0577 4.5692e+01    17.2919      0.553      0.804    26.0525 0.0000e+00
      0.563     -0.004    10.0077    123.153     44.602  45.551688     2.8880     10.206    57.2015 4.5670e+01    17.3615      0.551      0.800    26.0537 0.0000e+00
      0.561     -0.003    10.0047    123.114     44.623  45.575826     2.9390     10.206    57.2927 4.5619e+01    17.5129      0.550      0.797    26.0532 0.0000e+00
      0.561      0.000    10.0017    123.208     44.638  45.595008     3.0020     10.206    57.3556 4.5575e+01    17.6962      0.548      0.795    26.0535 0.0000e+00
      0.561      0.004     9.9920    123.437     44.657  45.616322     3.0519     10.207    57.4346 4.5535e+01    17.8290      0.549      0.796    26.0550 0.0000e+00
      0.562      0.006     9.9750    123.752     44.679  45.640959     3.0781     10.207    57.5067 4.5503e+01    17.8362      0.551      0.799    26.0581 0.0000e+00
      0.565      0.007     9.9661    124.085     44.691  45.655657     3.0808     10.207    57.5795 4.5475e+01    17.6612      0.553      0.803    26.0623 0.0000e+00
      0.568      0.006     9.9749    124.396     44.697  45.663670     3.0612     10.207    57.7394 4.5402e+01    17.3508      0.557      0.808    26.0652 0.0000e+00
      0.572      0.004     9.9954    124.680     44.716  45.683427     3.0381     10.207    58.0003 4.5218e+01    17.0761      0.560      0.813    26.0675 0.0000e+00
      0.573      0.002    10.0257    124.921     44.742  45.709947     3.0278     10.206    58.2447 4.4941e+01    16.9346      0.563      0.818    26.0708 0.0000e+00
      0.572      0.001    10.0559    125.086     44.754  45.722633     3.0199     10.205    58.3844 4.4736e+01    16.8957      0.564      0.817    26.0736 0.0000e+00
      0.569      0.001    10.0780    125.165     44.748  45.716060     2.9975     10.205    58.4667 4.4719e+01    16.9152      0.557      0.808    26.0753 0.0000e+00
      0.568      0.000    10.1010    125.205     44.739  45.706939     2.9610     10.204    58.5483 4.4818e+01    16.9460      0.551      0.801    26.0761 0.0000e+00
      0.569     -0.001    10.1252    125.267     44.747  45.715535     2.9271     10.204    58.5970 4.4930e+01    16.9460      0.556      0.807    26.0762 0.0000e+00
      0.572     -0.001    10.1401    125.366     44.765  45.733900     2.9033     10.204    58.5910 4.4978e+01    16.9133      0.562      0.817    26.0760 0.0000e+00
      0.573     -0.001    10.1419    125.471     44.769  45.736590     2.8768     10.204    58.5847 4.4887e+01    16.8404      0.564      0.817    26.0765 0.0000e+00
      0.571     -0.001    10.1398    125.554     44.754  45.719965     2.8419     10.205    58.6308 4.4712e+01    16.7233      0.560      0.812    26.0768 0.0000e+00
      0.568     -0.002    10.1437    125.611     44.738  45.702221     2.8124     10.207    58.6934 4.4620e+01    16.6127      0.556      0.806    26.0762 0.0000e+00
      0.567     -0.002    10.1561    125.639     44.733  45.697041     2.7930     10.210    58.6872 4.4699e+01    16.5837      0.554      0.804    26.0754 0.0000e+00
      0.567     -0.001    10.1676    125.639     44.735  45.697589     2.7677     10.214    58.5953 4.4906e+01    16.6802      0.555      0.806    26.0743 0.0000e+00
      0.568      0.001    10.1724    125.631     44.730  45.691684     2.7333     10.216    58.4794 4.5138e+01    16.8554      0.557      0.808    26.0729 0.0000e+00
      0.568      0.003    10.1775    125.639     44.723  45.683642     2.7058     10.219    58.4024 4.5298e+01    16.9860      0.557      0.809    26.0720 0.0000e+00
      0.569      0.003    10.1820    125.664     44.723  45.683629     2.6808     10.221    58.3897 4.5332e+01    17.0033      0.558      0.810    26.0711 0.0000e+00
      0.570      0.002    10.1798    125.695     44.732  45.691562     2.6395     10.223    58.4170 4.5232e+01    16.9515      0.559      0.811    26.0700 0.0000e+00
      0.571     -0.000    10.1761    125.714     44.737  45.696619     2.5940     10.226    58.4282 4.5008e+01    16.9145      0.560      0.812    26.0689 0.0000e+00
      0.571     -0.002    10.1788    125.704     44.731  45.690534     2.5732     10.229    58.3902 4.4696e+01    16.9326      0.560      0.812    26.0679 0.0000e+00
      0.570     -0.003    10.1814    125.671     44.718  45.676578     2.5802     10.232    58.3220 4.4398e+01    16.9743      0.560      0.812    26.0674 0.0000e+00
      0.569     -0.003    10.1841    125.643     44.698  45.654810     2.5998     10.235    58.2663 4.4227e+01    16.9648      0.557      0.809    26.0668 0.0000e+00
      0.567     -0.003    10.1888    125.634     44.668  45.622410     2.6203     10.237    58.2503 4.4222e+01    16.8768      0.555      0.806    26.0663 0.0000e+00
      0.565     -0.003    10.1870    125.624     44.638  45.590084     2.6281     10.238    58.2962 4.4392e+01    16.7873      0.554      0.804    26.0657 0.0000e+00
      0.565     -0.002    10.1818    125.567     44.620  45.568954     2.6193     10.240    58.3861 4.4724e+01    16.7754      0.553      0.803    26.0649 0.0000e+00
      0.565     -0.002    10.1784    125.441     44.612  45.558891     2.6073     10.242    58.4514 4.5133e+01    16.8291      0.554      0.804    26.0646 0.0000e+00
      0.565     -0.002    10.1785    125.269     44.617  45.561316     2.5973     10.244    58.4972 4.5496e+01    16.9077      0.555      0.806    26.0636 0.0000e+00
      0.565     -0.003    10.1830    125.094     44.628  45.571054     2.5837     10.246    58.5739 4.5705e+01    16.9723      0.554      0.805    26.0605 0.0000e+00
      0.564     -0.004    10.1815    124.950     44.628  45.570394     2.5699     10.246    58.6472 4.5731e+01    16.9918      0.554      0.804    26.0567 0.0000e+00
      0.563     -0.004    10.1686    124.858     44.614  45.556487     2.5651     10.246    58.6661 4.5652e+01    17.0171      0.552      0.801    26.0536 0.0000e+00
      0.561     -0.004    10.1524    124.831     44.602  45.544074     2.5736     10.247    58.6190 4.5582e+01    17.1127      0.550      0.798    26.0517 0.0000e+00
      0.559     -0.004    10.1361    124.877     44.599  45.540170     2.5859     10.248    58.5196 4.5602e+01    17.2261      0.548      0.795    26.0503 0.0000e+00
      0.559     -0.003    10.1238    124.981     44.603  45.543338     2.5879     10.249    58.4492 4.5725e+01    17.2562      0.547      0.794    26.0493 0.0000e+00
      0.559     -0.003    10.1166    125.102     44.613  45.551731     2.5833     10.252    58.4694 4.5915e+01    17.1853      0.548      0.795    26.0495 0.0000e+00
      0.558     -0.002    10.1120    125.211     44.618  45.556207     2.5907     10.256    58.5264 4.6137e+01    17.0635      0.547      0.794    26.0505 0.0000e+00
      0.558     -0.002    10.1168    125.304     44.608  45.546112     2.6137     10.258    58.5408 4.6375e+01    16.9385      0.547      0.794    26.0496 0.0000e+00
