Data/DataNotYetUploadedToEDI/Raw_CTD/RawDownloads/070124_fcr10_S7809002.cnv
* Sea-Bird SBE19plus  Data File:
* FileName = C:\R\Reservoirs\Data\DataNotYetUploadedToEDI\Raw_CTD\RawDownloads\070124_fcr50_S7809_0002.hex
* Software version 2.8.0.119
* Temperature SN = 7809
* Conductivity SN = 7809
* System UpLoad Time = Jul 01 2024 15:46:42
* <ApplicationData>
* <Seaterm232>
# nquan = 15
# nvalues = 671                         
# units = specified
# name 0 = depFM: Depth [fresh water, m]
# name 1 = dz/dtM: Descent Rate [m/s]
# name 2 = sbeox0Mg/L: Oxygen, SBE 43 [mg/l]
# name 3 = sbeox0PS: Oxygen, SBE 43 [% saturation]
# name 4 = specc: Specific Conductance [uS/cm]
# name 5 = c0uS/cm: Conductivity [uS/cm]
# name 6 = flECO-AFL: Fluorescence, WET Labs ECO-AFL/FL [mg/m^3]
# name 7 = ph: pH
# name 8 = orp: Oxidation Reduction Potential [mV]
# name 9 = par/sat/log: PAR/Logarithmic, Satlantic
# name 10 = turbWETntu0: Turbidity, WET Labs ECO [NTU]
# name 11 = prdM: Pressure, Strain Gauge [db]
# name 12 = prdE: Pressure, Strain Gauge [psi]
# name 13 = tv290C: Temperature [ITS-90, deg C]
# name 14 = flag:  0.000e+00
# span 0 =     -0.624,      2.137       
# span 1 =     -0.234,      0.164       
# span 2 =     0.1008,    10.2131       
# span 3 =      1.163,    124.333       
# span 4 =      0.732,     99.135       
# span 5 =   0.672062,  90.227416       
# span 6 =    -0.7095,    41.1729       
# span 7 =      6.113,      9.299       
# span 8 =  -124.5203,  1240.2295       
# span 9 = 4.5112e+00, 2.6167e+03       
# span 10 =    -0.1647,    93.7392      
# span 11 =     -0.612,      2.096      
# span 12 =     -0.888,      3.040      
# span 13 =    20.4375,    26.6803      
# span 14 = 0.0000e+00, 0.0000e+00      
# interval = seconds: 0.25
# start_time = Jul 01 2024 12:14:02 [Instrument's time stamp, header]
# bad_flag = -9.990e-29
*END*
[from data line 482]
      1.847      0.018     0.1366      1.625     62.571  59.427704     4.3618      8.477   -30.8975 7.0470e+00     5.0160      1.811      2.627    22.5515 0.0000e+00
      1.852      0.018     0.1328      1.630     62.785  59.662945     4.3898      8.473   -34.7421 6.9987e+00     5.0485      1.818      2.637    22.4882 0.0000e+00
      1.856      0.017     0.1382      1.637     63.336  60.224287     4.3132      8.470   -38.4664 6.9706e+00     5.0816      1.822      2.643    22.4535 0.0000e+00
      1.860      0.016     0.1422      1.639     64.165  61.037011     4.1731      8.465   -42.0450 6.9489e+00     5.1116      1.824      2.646    22.4576 0.0000e+00
      1.863      0.016     0.1408      1.630     65.149  61.961117     4.0560      8.461   -45.4696 6.9229e+00     5.1306      1.827      2.650    22.4767 0.0000e+00
      1.866      0.017     0.1400      1.615     66.104  62.814797     4.0011      8.457   -48.7015 6.8848e+00     5.1347      1.830      2.654    22.4995 0.0000e+00
      1.871      0.019     0.1424      1.600     66.799  63.398213     3.9740      8.452   -51.6711 6.8302e+00     5.1209      1.833      2.660    22.5428 0.0000e+00
      1.877      0.021     0.1430      1.581     67.159  63.671066     3.9469      8.446   -54.3886 6.7668e+00     5.0831      1.839      2.668    22.5817 0.0000e+00
      1.883      0.021     0.1406      1.557     67.446  63.899410     3.9194      8.441   -56.9202 6.7042e+00     5.0287      1.846      2.678    22.5774 0.0000e+00
      1.890      0.021     0.1399      1.532     68.021  64.416285     3.8900      8.436   -59.3237 6.6452e+00     4.9784      1.853      2.688    22.5220 0.0000e+00
      1.895      0.021     0.1391      1.507     68.908  65.224986     3.8211      8.431   -61.7219 6.5929e+00     4.9507      1.859      2.696    22.4402 0.0000e+00
      1.899      0.020     0.1373      1.482     69.721  65.943154     3.6474      8.425   -64.2348 6.5479e+00     4.9525      1.863      2.702    22.3790 0.0000e+00
      1.903      0.018     0.1357      1.449     70.112  66.244266     3.4027      8.418   -66.6953 6.4976e+00     4.9831      1.865      2.705    22.3531 0.0000e+00
      1.908      0.015     0.1328      1.413     70.214  66.277288     3.2292      8.413   -68.7318 6.4384e+00     5.0335      1.869      2.711    22.3466 0.0000e+00
      1.913      0.012     0.1301      1.381     70.435  66.441804     3.1920      8.409   -70.2593 6.3998e+00     5.0980      1.879      2.725    22.3397 0.0000e+00
      1.918      0.009     0.1302      1.357     70.930  66.870004     3.2465      8.404   -71.5558 6.4090e+00     5.1865      1.885      2.734    22.3024 0.0000e+00
      1.918      0.007     0.1264      1.340     71.503  67.355070     3.3313      8.398   -72.9340 6.4567e+00     5.2913      1.882      2.729    22.2304 0.0000e+00
      1.917      0.006     0.1221      1.332     72.035  67.775320     3.3986      8.391   -74.5649 6.5140e+00     5.3894      1.879      2.725    22.1716 0.0000e+00
      1.917      0.006     0.1204      1.338     72.809  68.400044     3.4530      8.386   -76.3599 6.5563e+00     5.4524      1.878      2.724    22.1546 0.0000e+00
      1.918      0.009     0.1178      1.358     74.130  69.519074     3.5375      8.380   -78.0664 6.5750e+00     5.4378      1.880      2.727    22.1458 0.0000e+00
      1.921      0.015     0.1168      1.382     75.720  70.870973     3.6424      8.374   -79.6444 6.5742e+00     5.3553      1.884      2.733    22.1103 0.0000e+00
      1.925      0.021     0.1152      1.401     76.827  71.764958     3.7042      8.366   -81.2758 6.5476e+00     5.2649      1.887      2.736    22.0472 0.0000e+00
      1.930      0.026     0.1159      1.410     76.931  71.744301     3.6742      8.356   -82.9653 6.4814e+00     5.1794      1.889      2.740    21.9748 0.0000e+00
      1.938      0.030     0.1186      1.411     76.230  71.028547     3.5430      8.347   -84.5205 6.3869e+00     5.0936      1.899      2.754    21.8978 0.0000e+00
      1.949      0.033     0.1217      1.400     75.439  70.291068     3.3717      8.339   -85.9630 6.2964e+00     5.0410      1.912      2.774    21.8012 0.0000e+00
      1.960      0.035     0.1245      1.374     75.217  70.116512     3.2622      8.330   -87.4721 6.2281e+00     5.0330      1.925      2.792    21.6919 0.0000e+00
      1.968      0.036     0.1239      1.342     75.902  70.785006     3.2447      8.321   -88.9889 6.1721e+00     5.0245      1.932      2.800    21.5925 0.0000e+00
      1.976      0.036     0.1247      1.314     77.356  72.145624     3.2875      8.311   -90.3584 6.1094e+00     4.9870      1.936      2.807    21.5432 0.0000e+00
      1.984      0.037     0.1257      1.288     78.896  73.552200     3.3586      8.301   -91.6354 6.0352e+00     4.9523      1.945      2.821    21.5675 0.0000e+00
      1.994      0.040     0.1211      1.272     79.963  74.481837     3.4437      8.288   -92.9446 5.9494e+00     4.9535      1.955      2.835    21.6133 0.0000e+00
      2.004      0.043     0.1168      1.270     80.819  75.189718     3.6740      8.274   -94.2586 5.8423e+00     5.0026      1.962      2.846    21.6345 0.0000e+00
      2.016      0.045     0.1169      1.277     82.149  76.321848     4.2796      8.262   -95.4296 5.7158e+00     5.1310      1.974      2.864    21.6434 0.0000e+00
      2.029      0.045     0.1127      1.281     84.044  77.960933     5.1247      8.250   -96.3550 5.5969e+00     5.3138      1.991      2.888    21.6295 0.0000e+00
      2.042      0.044     0.1103      1.276     85.822  79.466702     5.7446      8.237   -97.0981 5.5050e+00     5.4402      2.005      2.908    21.5769 0.0000e+00
      2.053      0.040     0.1122      1.269     86.940  80.343622     6.0997      8.223   -97.8442 5.4292e+00     5.4980      2.013      2.918    21.5151 0.0000e+00
      2.063      0.035     0.1126      1.266     87.539  80.746487     7.0973      8.212   -98.7409 5.3563e+00     5.7736      2.022      2.933    21.4555 0.0000e+00
      2.072      0.029     0.1148      1.261     87.994  81.045640     9.8893      8.203   -99.7782 5.2931e+00     6.6618      2.034      2.952    21.3893 0.0000e+00
      2.079      0.024     0.1134      1.251     88.500  81.426085    13.8146      8.196  -100.8094 5.2522e+00     7.9650      2.043      2.962    21.3052 0.0000e+00
      2.084      0.019     0.1113      1.236     89.109  81.919280    16.7342      8.191  -101.7307 5.2331e+00     8.9893      2.045      2.965    21.1975 0.0000e+00
      2.087      0.015     0.1133      1.220     89.774  82.463708    18.4226      8.186  -102.5820 5.2252e+00     9.8128      2.046      2.968    21.0976 0.0000e+00
      2.089      0.012     0.1125      1.211     90.372  82.941728    20.5759      8.181  -103.4126 5.2205e+00    11.2768      2.048      2.971    21.0313 0.0000e+00
      2.092      0.010     0.1115      1.209     90.852  83.310531    23.3841      8.176  -104.2475 5.2131e+00    13.3134      2.051      2.975    20.9906 0.0000e+00
      2.095      0.010     0.1111      1.205     91.291  83.645074    25.4118      8.171  -105.1324 5.1953e+00    15.0604      2.054      2.980    20.9631 0.0000e+00
      2.098      0.011     0.1081      1.200     91.830  84.075134    26.3663      8.167  -106.0154 5.1663e+00    17.5156      2.057      2.983    20.9303 0.0000e+00
      2.100      0.012     0.1070      1.200     92.690  84.792857    27.2244      8.164  -106.7800 5.1325e+00    23.1434      2.060      2.987    20.8821 0.0000e+00
      2.103      0.013     0.1089      1.207     94.053  85.950093    28.2683      8.160  -107.4398 5.0947e+00    30.9320      2.062      2.991    20.8418 0.0000e+00
      2.106      0.014     0.1086      1.218     95.861  87.480591    28.8930      8.155  -108.1566 5.0457e+00    36.8751      2.065      2.994    20.8066 0.0000e+00
      2.110      0.015     0.1067      1.228     97.799  89.113291    28.3757      8.150  -109.0816 4.9787e+00    41.4631      2.068      3.000    20.7709 0.0000e+00
      2.115      0.015     0.1069      1.233     99.135  90.227416    26.1897      8.146  -110.1844 4.8944e+00    49.3115      2.074      3.008    20.7440 0.0000e+00
      2.119      0.015     0.1082      1.228     99.003  90.093685    23.0782      8.141  -111.3033 4.8058e+00    59.8385      2.078      3.015    20.7042 0.0000e+00
      2.123      0.014     0.1091      1.212     97.630  88.956288    20.8339      8.135  -112.3109 4.7279e+00    67.1835      2.082      3.020    20.6351 0.0000e+00
      2.127      0.013     0.1108      1.194     96.262  87.910109    19.9620      8.128  -113.1613 4.6614e+00    68.8334      2.086      3.026    20.5477 0.0000e+00
      2.130      0.011     0.1119      1.183     95.529  87.424588    19.5834      8.123  -113.8588 4.5998e+00    66.5225      2.088      3.029    20.4719 0.0000e+00
      2.133      0.008     0.1116      1.174     95.173  87.198956    19.2156      8.119  -114.4672 4.5455e+00    62.8043      2.091      3.033    20.4375 0.0000e+00
      2.135      0.006     0.1097      1.165     95.053  87.129087    18.9642      8.114  -115.1390 4.5112e+00    60.2031      2.093      3.036    20.5029 0.0000e+00
      2.135      0.005     0.1057      1.167     95.351  87.434772    18.8500      8.108  -115.9321 4.5116e+00    59.7594      2.094      3.037    20.6751 0.0000e+00
      2.136      0.003     0.1054      1.187     96.105  88.165226    18.7392      8.102  -116.7107 4.5528e+00    60.9324      2.095      3.038    20.8085 0.0000e+00
      2.136      0.002     0.1064      1.213     96.965  88.974577    18.5762      8.097  -117.3719 4.6289e+00    62.7308      2.095      3.039    20.8283 0.0000e+00
      2.137      0.001     0.1030      1.234     97.455  89.404447    18.3040      8.092  -117.9158 4.7286e+00    64.3494      2.096      3.040    20.8186 0.0000e+00
      2.137      0.001     0.1023      1.248     97.364  89.276523    17.2080      8.087  -118.3518 4.8425e+00    67.2677      2.096      3.040    20.8335 0.0000e+00
      2.137      0.000     0.1059      1.255     96.588  88.527397    14.1891      8.082  -118.6939 4.9604e+00    74.4987      2.096      3.040    20.8722 0.0000e+00
      2.137     -0.002     0.1094      1.251     95.018  87.085867     9.9824      8.077  -118.9700 5.0720e+00    84.5379      2.096      3.040    20.8980 0.0000e+00
      2.137     -0.005     0.1105      1.237     92.918  85.201266     6.9699      8.072  -119.2295 5.1792e+00    91.6822      2.096      3.040    20.8761 0.0000e+00
      2.136     -0.010     0.1114      1.220     90.362  82.924937     5.8856      8.067  -119.5244 5.2848e+00    93.7392      2.095      3.039    20.8375 0.0000e+00
      2.134     -0.019     0.1135      1.205     86.551  79.509024     5.5321      8.061  -119.9364 5.3708e+00    91.1192      2.094      3.037    20.8080 0.0000e+00
      2.130     -0.032     0.1126      1.191     81.406  74.915639     4.9840      8.054  -120.5738 5.4323e+00    82.5911      2.090      3.031    20.7995 0.0000e+00
      2.124     -0.047     0.1108      1.178     76.831  70.935824     4.2438      8.046  -121.3536 5.5058e+00    70.6143      2.086      3.025    20.8305 0.0000e+00
      2.112     -0.060     0.1085      1.168     74.678  69.249915     3.6992      8.038  -121.9915 5.6298e+00    61.6810      2.079      3.015    20.8866 0.0000e+00
      2.092     -0.069     0.1073      1.163     74.702  69.537853     3.4320      8.028  -122.3820 5.8016e+00    56.0027      2.060      2.986    20.9191 0.0000e+00
      2.064     -0.074     0.1068      1.164     75.114  70.071450     3.1765      8.016  -122.7191 5.9706e+00    47.7635      2.024      2.935    20.9491 0.0000e+00
      2.038     -0.079     0.1039      1.180     74.338  69.402858     2.8523      8.002  -123.1063 6.0738e+00    36.8066      1.987      2.884    21.1115 0.0000e+00
      2.018     -0.086     0.1031      1.210     72.038  67.295287     2.6130      7.990  -123.3850 6.1058e+00    29.0408      1.972      2.862    21.3901 0.0000e+00
      2.006     -0.098     0.1027      1.243     68.990  64.541525     2.4951      7.981  -123.4527 6.1423e+00    26.8682      1.970      2.858    21.6122 0.0000e+00
      1.991     -0.115     0.1008      1.268     66.480  62.354730     2.3913      7.975  -123.3934 6.2751e+00    28.2052      1.963      2.847    21.6945 0.0000e+00
      1.964     -0.135     0.1027      1.282     65.154  61.298855     2.2748      7.971  -123.3237 6.5435e+00    30.6593      1.940      2.813    21.6749 0.0000e+00
      1.922     -0.154     0.1063      1.303     64.433  60.780634     2.2095      7.968  -123.3643 6.9245e+00    32.1902      1.894      2.747    21.6658 0.0000e+00
      1.868     -0.165     0.1098      1.349     63.637  60.144219     2.2325      7.965  -123.5908 7.3400e+00    30.8516      1.832      2.658    21.7267 0.0000e+00
      1.812     -0.165     0.1130      1.429     62.908  59.540479     2.3456      7.961  -123.8002 7.6884e+00    25.2910      1.771      2.567    21.8744 0.0000e+00
      1.763     -0.155     0.1110      1.540     62.682  59.391019     2.5067      7.958  -123.5903 7.9180e+00    17.4143      1.719      2.493    22.0675 0.0000e+00
      1.726     -0.136     0.1111      1.673     63.037  59.764586     2.6312      7.957  -122.7763 8.0515e+00    11.7499      1.683      2.442    22.1965 0.0000e+00
      1.701     -0.116     0.1158      1.806     63.713  60.406620     2.7133      7.957  -121.4975 8.1450e+00     9.5122      1.664      2.412    22.2612 0.0000e+00
      1.681     -0.099     0.1217      1.926     64.262  60.897697     2.8321      7.957  -120.0167 8.2501e+00     8.3818      1.652      2.396    22.3217 0.0000e+00
      1.661     -0.088     0.1319      2.026     64.302  60.894571     2.9856      7.957  -118.5063 8.3833e+00     7.1591      1.632      2.368    22.3883 0.0000e+00
      1.638     -0.081     0.1455      2.096     63.779  60.372628     3.0828      7.957  -117.0237 8.5295e+00     6.3366      1.602      2.325    22.4238 0.0000e+00
      1.616     -0.077     0.1579      2.124     62.785  59.436982     3.0702      7.955  -115.6478 8.6930e+00     6.4689      1.583      2.298    22.4175 0.0000e+00
      1.596     -0.075     0.1677      2.110     61.410  58.178905     2.9446      7.951  -114.4653 8.8901e+00     7.7467      1.568      2.274    22.3877 0.0000e+00
      1.578     -0.076     0.1779      2.075     59.902  56.833609     2.7616      7.948  -113.4823 9.1014e+00     9.5901      1.544      2.237    22.3327 0.0000e+00
      1.563     -0.083     0.1851      2.055     58.642  55.754988     2.6281      7.946  -112.5052 9.3249e+00    10.8780      1.529      2.216    22.3030 0.0000e+00
      1.549     -0.095     0.1875      2.090     57.961  55.233523     2.5785      7.946  -111.2221 9.6399e+00    11.2808      1.526      2.211    22.3129 0.0000e+00
      1.528     -0.111     0.1854      2.205     57.840  55.223453     2.5586      7.946  -109.5826 1.0129e+01    11.2355      1.511      2.189    22.3363 0.0000e+00
      1.496     -0.128     0.1788      2.430     57.714  55.167261     2.5268      7.945  -107.7289 1.0764e+01    10.9830      1.473      2.137    22.4123 0.0000e+00
      1.455     -0.144     0.1741      2.785     56.987  54.504779     2.4905      7.942  -105.6308 1.1440e+01    10.6124      1.426      2.069    22.5288 0.0000e+00
      1.410     -0.156     0.1755      3.251     55.728  53.338744     2.4778      7.940  -103.2091 1.2111e+01    10.2710      1.382      2.004    22.6540 0.0000e+00
      1.366     -0.159     0.1842      3.755     54.451  52.185469     2.5318      7.938  -100.6062 1.2861e+01     9.8601      1.341      1.944    22.7668 0.0000e+00
      1.322     -0.155     0.2004      4.227     53.483  51.355713     2.7025      7.938   -98.1400 1.3880e+01     9.0644      1.297      1.882    22.8147 0.0000e+00
      1.281     -0.147     0.2301      4.670     52.888  50.887008     2.9424      7.938   -96.0413 1.5271e+01     8.0119      1.252      1.817    22.8117 0.0000e+00
