Data/DataNotYetUploadedToEDI/Raw_CTD/RawDownloads/070121_ccr50.cnv
* Sea-Bird SBE19plus  Data File:
* FileName = C:\R\Reservoirs\Data\DataNotYetUploadedToEDI\Raw_CTD\RawDownloads\070121_ccr50_0001.hex
* Software version 2.8.0.119
* Temperature SN = 7809
* Conductivity SN = 7809
* System UpLoad Time = Jul 01 2021 17:36:22
* <ApplicationData>
* <Seaterm232>
# nquan = 16
# nvalues = 2228                        
# units = specified
# name 0 = depFM: Depth [fresh water, m]
# name 1 = dz/dtM: Descent Rate [m/s]
# name 2 = orp: Oxidation Reduction Potential [mV]
# name 3 = sbeox0Mg/L: Oxygen, SBE 43 [mg/l]
# name 4 = sbeox0PS: Oxygen, SBE 43 [% saturation]
# name 5 = par/sat/log: PAR/Logarithmic, Satlantic
# name 6 = ph: pH
# name 7 = specc: Specific Conductance [uS/cm]
# name 8 = c0uS/cm: Conductivity [uS/cm]
# name 9 = flECO-AFL: Fluorescence, WET Labs ECO-AFL/FL [mg/m^3]
# name 10 = turbWETntu0: Turbidity, WET Labs ECO [NTU]
# name 11 = tv290C: Temperature [ITS-90, deg C]
# name 12 = density00: Density [density, kg/m^3]
# name 13 = prdE: Pressure, Strain Gauge [psi]
# name 14 = prdM: Pressure, Strain Gauge [db]
# name 15 = flag:  0.000e+00
# span 0 =     -0.490,     20.460       
# span 1 =     -0.373,      0.290       
# span 2 =  -166.1048,   310.8277       
# span 3 =     3.5115,    11.0389       
# span 4 =     31.150,    122.445       
# span 5 = 1.2341e-01, 1.1902e+03       
# span 6 =     15.355,     15.845       
# span 7 =      2.416,     71.404       
# span 8 =   2.563422,  55.946359       
# span 9 =    -0.9139,     0.9014       
# span 10 =    -4.1676,    32.2547      
# span 11 =     9.9606,    28.0438      
# span 12 =   996.2302,   999.8261      
# span 13 =     -0.698,     29.103      
# span 14 =     -0.482,     20.066      
# span 15 = 0.0000e+00, 0.0000e+00      
# interval = seconds: 0.25
# start_time = Jun 30 2021 21:11:53 [Instrument's time stamp, header]
# bad_flag = -9.990e-29
*END*
[from data line 1176]
     14.311      0.098   303.4551     8.5944     76.587 1.2359e-01     15.835     54.931  38.907433    -0.4176     3.8110    10.4173   999.7523     20.357     14.035 0.0000e+00
     14.335      0.098   303.5881     8.5809     76.532 1.2359e-01     15.835     54.941  38.913084    -0.4258     3.6962    10.4152   999.7526     20.389     14.058 0.0000e+00
     14.359      0.095   303.6694     8.5729     76.442 1.2359e-01     15.835     54.950  38.917698    -0.4423     3.5363    10.4143   999.7528     20.422     14.081 0.0000e+00
     14.384      0.091   303.6640     8.5542     76.357 1.2357e-01     15.835     54.926  38.899749    -0.4362     3.5256    10.4136   999.7530     20.460     14.107 0.0000e+00
     14.409      0.088   303.6091     8.5664     76.254 1.2356e-01     15.835     54.908  38.886474    -0.4191     3.5666    10.4123   999.7532     20.497     14.132 0.0000e+00
     14.431      0.088   303.6080     8.5553     76.147 1.2359e-01     15.835     54.905  38.884133    -0.4258     3.5173    10.4109   999.7534     20.527     14.152 0.0000e+00
     14.449      0.089   303.6502     8.5425     75.980 1.2358e-01     15.835     54.889  38.871436    -0.4409     3.4445    10.4092   999.7537     20.551     14.170 0.0000e+00
     14.468      0.089   303.6035     8.5392     75.751 1.2353e-01     15.835     54.876  38.859886    -0.4402     3.4420    10.4080   999.7539     20.575     14.186 0.0000e+00
     14.491      0.088   303.5599     8.5208     75.572 1.2351e-01     15.836     54.894  38.871424    -0.4359     3.4863    10.4082   999.7540     20.609     14.209 0.0000e+00
     14.519      0.087   303.6388     8.5160     75.491 1.2352e-01     15.836     54.912  38.884003    -0.4273     3.4992    10.4082   999.7541     20.651     14.239 0.0000e+00
     14.547      0.084   303.6976     8.4981     75.476 1.2357e-01     15.836     54.914  38.885033    -0.4311     3.3922    10.4065   999.7544     20.695     14.268 0.0000e+00
     14.568      0.079   303.5819     8.4648     75.411 1.2363e-01     15.836     54.912  38.883879    -0.4536     3.2222    10.4043   999.7547     20.725     14.289 0.0000e+00
     14.584      0.071   303.3589     8.4446     75.206 1.2363e-01     15.835     54.892  38.870051    -0.4613     3.1943    10.4032   999.7549     20.742     14.301 0.0000e+00
     14.599      0.065   303.2383     8.4365     74.973 1.2359e-01     15.834     54.856  38.844778    -0.4480     3.2616    10.4031   999.7550     20.764     14.316 0.0000e+00
     14.614      0.060   303.2421     8.4386     74.826 1.2352e-01     15.834     54.838  38.832180    -0.4360     3.2459    10.4034   999.7550     20.788     14.334 0.0000e+00
     14.628      0.057   303.2325     8.4404     74.771 1.2353e-01     15.834     54.857  38.844674    -0.4390     3.1765    10.4034   999.7551     20.805     14.345 0.0000e+00
     14.642      0.057   303.2077     8.4081     74.769 1.2359e-01     15.834     54.892  38.868897    -0.4470     3.1772    10.4037   999.7551     20.824     14.357 0.0000e+00
     14.658      0.056   303.2872     8.3762     74.714 1.2359e-01     15.834     54.896  38.871186    -0.4564     3.2198    10.4041   999.7551     20.849     14.375 0.0000e+00
     14.673      0.054   303.3324     8.3636     74.623 1.2356e-01     15.835     54.898  38.872349    -0.4570     3.2456    10.4035   999.7552     20.871     14.390 0.0000e+00
     14.686      0.052   303.2382     8.3540     74.580 1.2351e-01     15.835     54.913  38.882954    -0.4450     3.2490    10.4024   999.7554     20.889     14.402 0.0000e+00
     14.699      0.050   303.2676     8.3642     74.539 1.2351e-01     15.835     54.897  38.872474    -0.4445     3.2265    10.4018   999.7555     20.908     14.415 0.0000e+00
     14.712      0.049   303.4301     8.3563     74.476 1.2355e-01     15.834     54.896  38.872570    -0.4516     3.2135    10.4021   999.7556     20.927     14.428 0.0000e+00
     14.722      0.050   303.4821     8.3368     74.398 1.2358e-01     15.834     54.912  38.884119    -0.4450     3.2297    10.4020   999.7556     20.939     14.437 0.0000e+00
     14.733      0.053   303.3792     8.3408     74.341 1.2357e-01     15.835     54.916  38.885169    -0.4307     3.2852    10.4014   999.7558     20.953     14.447 0.0000e+00
     14.747      0.057   303.3045     8.3340     74.373 1.2353e-01     15.835     54.920  38.885264    -0.4316     3.3004    10.4019   999.7557     20.974     14.461 0.0000e+00
     14.762      0.061   303.3537     8.3263     74.466 1.2352e-01     15.835     54.922  38.885265    -0.4462     3.2423    10.4032   999.7557     20.995     14.475 0.0000e+00
     14.780      0.063   303.5432     8.3188     74.569 1.2356e-01     15.835     54.922  38.885172    -0.4542     3.2012    10.4042   999.7557     21.021     14.494 0.0000e+00
     14.799      0.064   303.7889     8.3047     74.644 1.2361e-01     15.835     54.921  38.884141    -0.4432     3.2152    10.4018   999.7560     21.050     14.513 0.0000e+00
     14.816      0.064   303.8299     8.3145     74.705 1.2364e-01     15.834     54.906  38.872800    -0.4186     3.2740    10.3987   999.7564     21.073     14.529 0.0000e+00
     14.832      0.065   303.7812     8.3255     74.812 1.2367e-01     15.834     54.911  38.874995    -0.4138     3.2938    10.3976   999.7566     21.096     14.545 0.0000e+00
     14.847      0.066   303.8020     8.3389     74.915 1.2367e-01     15.835     54.964  38.910674    -0.4322     3.2489    10.3979   999.7566     21.119     14.561 0.0000e+00
     14.861      0.070   303.8225     8.3492     75.015 1.2358e-01     15.835     54.985  38.923367    -0.4317     3.2454    10.3975   999.7567     21.137     14.573 0.0000e+00
     14.877      0.075   303.8571     8.3473     75.162 1.2355e-01     15.834     54.958  38.901527    -0.4170     3.2860    10.3961   999.7569     21.157     14.587 0.0000e+00
     14.898      0.081   303.8771     8.3680     75.327 1.2364e-01     15.834     54.960  38.900487    -0.4162     3.2942    10.3961   999.7570     21.188     14.609 0.0000e+00
     14.922      0.087   303.8919     8.3774     75.461 1.2366e-01     15.834     54.977  38.910789    -0.4224     3.2762    10.3946   999.7573     21.224     14.634 0.0000e+00
     14.946      0.092   303.9506     8.3853     75.547 1.2363e-01     15.834     54.962  38.899142    -0.4162     3.2739    10.3917   999.7577     21.259     14.657 0.0000e+00
     14.971      0.096   304.0704     8.4052     75.577 1.2364e-01     15.834     54.946  38.886605    -0.3788     3.3003    10.3893   999.7580     21.293     14.681 0.0000e+00
     14.996      0.100   304.2214     8.4263     75.590 1.2367e-01     15.834     54.947  38.886135    -0.3420     3.3215    10.3869   999.7583     21.330     14.706 0.0000e+00
     15.020      0.103   304.3137     8.4417     75.653 1.2365e-01     15.834     54.959  38.893460    -0.3436     3.3243    10.3850   999.7586     21.365     14.730 0.0000e+00
     15.045      0.104   304.3265     8.4520     75.735 1.2356e-01     15.835     54.986  38.911706    -0.3790     3.2993    10.3842   999.7588     21.397     14.752 0.0000e+00
     15.074      0.102   304.2899     8.4560     75.813 1.2351e-01     15.836     54.993  38.916336    -0.4272     3.2603    10.3835   999.7590     21.438     14.781 0.0000e+00
     15.105      0.097   304.2144     8.4490     75.838 1.2350e-01     15.836     54.951  38.885964    -0.4495     3.2639    10.3825   999.7593     21.488     14.816 0.0000e+00
     15.132      0.091   304.1886     8.4640     75.761 1.2352e-01     15.835     54.917  38.861826    -0.4389     3.2749    10.3816   999.7595     21.526     14.841 0.0000e+00
     15.153      0.084   304.2354     8.4701     75.620 1.2358e-01     15.835     54.941  38.878361    -0.4127     3.1861    10.3807   999.7597     21.554     14.860 0.0000e+00
     15.171      0.079   304.1787     8.4820     75.506 1.2359e-01     15.835     54.965  38.895476    -0.3905     3.0489    10.3802   999.7598     21.581     14.879 0.0000e+00
     15.187      0.075   304.1057     8.4888     75.493 1.2349e-01     15.835     54.941  38.878360    -0.3804     3.0240    10.3799   999.7599     21.601     14.893 0.0000e+00
     15.203      0.075   304.1271     8.4768     75.565 1.2341e-01     15.835     54.919  38.861815    -0.3666     3.0574    10.3797   999.7599     21.620     14.907 0.0000e+00
     15.221      0.077   304.1790     8.4590     75.688 1.2341e-01     15.834     54.954  38.885840    -0.3674     3.0395    10.3796   999.7601     21.649     14.926 0.0000e+00
     15.243      0.080   304.3028     8.4394     75.792 1.2347e-01     15.834     54.996  38.914975    -0.3993     3.0482    10.3795   999.7602     21.681     14.949 0.0000e+00
     15.266      0.085   304.3337     8.4430     75.831 1.2355e-01     15.834     54.971  38.896726    -0.4279     3.1286    10.3792   999.7603     21.713     14.971 0.0000e+00
     15.287      0.090   304.2941     8.4491     75.840 1.2361e-01     15.835     54.916  38.855600    -0.4368     3.2208    10.3788   999.7604     21.743     14.991 0.0000e+00
     15.308      0.094   304.3403     8.4679     75.851 1.2363e-01     15.835     54.928  38.862014    -0.4302     3.3048    10.3781   999.7606     21.773     15.011 0.0000e+00
     15.333      0.094   304.3768     8.4826     75.878 1.2358e-01     15.835     54.999  38.910804    -0.4237     3.3210    10.3773   999.7608     21.808     15.035 0.0000e+00
     15.360      0.092   304.3912     8.4832     75.896 1.2354e-01     15.835     55.039  38.937752    -0.4358     3.2452    10.3768   999.7610     21.848     15.063 0.0000e+00
     15.388      0.087   304.4285     8.4844     75.834 1.2357e-01     15.835     55.034  38.933959    -0.4430     3.1787    10.3752   999.7613     21.890     15.092 0.0000e+00
     15.412      0.082   304.5691     8.4850     75.682 1.2361e-01     15.835     55.026  38.928418    -0.4347     3.2028    10.3731   999.7615     21.925     15.116 0.0000e+00
     15.430      0.077   304.7150     8.4886     75.510 1.2363e-01     15.835     55.035  38.934213    -0.4205     3.2968    10.3716   999.7618     21.949     15.134 0.0000e+00
     15.444      0.075   304.6435     8.4953     75.379 1.2363e-01     15.835     55.044  38.940562    -0.4244     3.3197    10.3707   999.7620     21.967     15.146 0.0000e+00
     15.458      0.078   304.4785     8.4896     75.328 1.2354e-01     15.835     55.046  38.941706    -0.4527     3.2387    10.3705   999.7620     21.983     15.157 0.0000e+00
     15.476      0.083   304.3550     8.4675     75.326 1.2351e-01     15.834     55.055  38.948043    -0.4672     3.1756    10.3702   999.7621     22.009     15.175 0.0000e+00
     15.500      0.089   304.2687     8.4472     75.261 1.2359e-01     15.834     55.065  38.953723    -0.4572     3.1406    10.3700   999.7623     22.043     15.198 0.0000e+00
     15.528      0.094   304.2956     8.4299     75.089 1.2361e-01     15.834     55.056  38.946908    -0.4362     3.0907    10.3698   999.7624     22.084     15.226 0.0000e+00
     15.557      0.095   304.3361     8.4252     74.941 1.2359e-01     15.833     55.032  38.929106    -0.4236     3.0188    10.3697   999.7626     22.128     15.257 0.0000e+00
     15.583      0.094   304.3282     8.4303     74.922 1.2364e-01     15.833     55.033  38.928895    -0.4286     2.9576    10.3698   999.7627     22.167     15.284 0.0000e+00
     15.605      0.094   304.3726     8.4281     75.003 1.2373e-01     15.834     55.056  38.944359    -0.4293     3.0034    10.3688   999.7629     22.197     15.304 0.0000e+00
     15.624      0.094   304.4417     8.4002     75.140 1.2373e-01     15.835     55.031  38.925662    -0.4037     3.1601    10.3674   999.7631     22.222     15.321 0.0000e+00
     15.644      0.095   304.5621     8.3777     75.259 1.2364e-01     15.835     54.986  38.893236    -0.3671     3.2730    10.3668   999.7633     22.247     15.340 0.0000e+00
     15.669      0.098   304.7094     8.3810     75.350 1.2360e-01     15.835     54.955  38.869649    -0.3584     3.2699    10.3664   999.7634     22.284     15.364 0.0000e+00
     15.698      0.104   304.7606     8.3888     75.473 1.2366e-01     15.834     54.905  38.830881    -0.3843     3.2597    10.3655   999.7636     22.329     15.395 0.0000e+00
     15.726      0.110   304.7503     8.4095     75.579 1.2367e-01     15.834     54.873  38.805309    -0.4138     3.2865    10.3647   999.7638     22.371     15.424 0.0000e+00
     15.753      0.112   304.6708     8.4250     75.624 1.2358e-01     15.834     54.889  38.814324    -0.4192     3.3202    10.3639   999.7641     22.405     15.448 0.0000e+00
     15.782      0.111   304.4886     8.4273     75.619 1.2355e-01     15.834     54.889  38.812941    -0.4122     3.3241    10.3623   999.7643     22.444     15.475 0.0000e+00
     15.814      0.107   304.4398     8.4482     75.556 1.2353e-01     15.834     54.856  38.788593    -0.4145     3.2648    10.3597   999.7647     22.495     15.510 0.0000e+00
     15.845      0.102   304.5976     8.4621     75.457 1.2348e-01     15.834     54.836  38.773808    -0.3994     3.1867    10.3570   999.7651     22.542     15.542 0.0000e+00
     15.870      0.096   304.5895     8.4650     75.365 1.2349e-01     15.834     54.819  38.761113    -0.3631     3.1344    10.3547   999.7654     22.575     15.565 0.0000e+00
     15.891      0.088   304.5132     8.4672     75.307 1.2353e-01     15.834     54.821  38.762040    -0.3477     3.1132    10.3529   999.7657     22.602     15.583 0.0000e+00
     15.912      0.080   304.6212     8.4583     75.280 1.2354e-01     15.834     54.855  38.785005    -0.3470     3.1023    10.3521   999.7658     22.630     15.603 0.0000e+00
     15.932      0.074   304.6056     8.4462     75.227 1.2359e-01     15.834     54.855  38.784909    -0.3545     3.1055    10.3520   999.7659     22.661     15.625 0.0000e+00
     15.949      0.070   304.4100     8.4336     75.071 1.2366e-01     15.834     54.821  38.760875    -0.3707     3.1870    10.3512   999.7661     22.686     15.642 0.0000e+00
     15.964      0.067   304.2355     8.4290     74.864 1.2368e-01     15.834     54.804  38.748295    -0.3626     3.2973    10.3502   999.7662     22.704     15.655 0.0000e+00
     15.982      0.064   304.0440     8.4256     74.684 1.2363e-01     15.834     54.821  38.759741    -0.3419     3.3411    10.3500   999.7664     22.732     15.673 0.0000e+00
     15.999      0.061   303.6435     8.4278     74.562 1.2358e-01     15.834     54.839  38.772322    -0.3587     3.2693    10.3501   999.7664     22.760     15.693 0.0000e+00
     16.014      0.056   300.7706     8.4051     74.520 1.2360e-01     15.834     54.840  38.773476    -0.4032     3.1163    10.3497   999.7665     22.778     15.705 0.0000e+00
     16.028      0.051   295.8071     8.3776     74.499 1.2361e-01     15.833     54.840  38.773694    -0.4226     3.0698    10.3493   999.7666     22.796     15.717 0.0000e+00
     16.043      0.049   293.4467     8.3597     74.439 1.2362e-01     15.832     54.842  38.774962    -0.4216     3.1200    10.3488   999.7667     22.820     15.735 0.0000e+00
     16.054      0.052   293.4840     8.3406     74.328 1.2366e-01     15.832     54.862  38.788800    -0.4291     3.1399    10.3486   999.7668     22.838     15.746 0.0000e+00
     16.060      0.062   293.4189     8.3427     74.243 1.2367e-01     15.833     54.898  38.814073    -0.4470     3.1727    10.3489   999.7668     22.843     15.750 0.0000e+00
     16.068      0.077   293.2615     8.3403     74.222 1.2365e-01     15.834     54.917  38.826654    -0.4657     3.2079    10.3491   999.7668     22.847     15.753 0.0000e+00
     16.087      0.092   293.2155     8.3361     74.172 1.2358e-01     15.834     54.901  38.813970    -0.4554     3.2214    10.3492   999.7669     22.872     15.770 0.0000e+00
