Data/DataNotYetUploadedToEDI/Raw_CTD/RawDownloads/070122_fcr50_SBE19plus01908188_0001.cnv
* Sea-Bird SBE19plus  Data File:
* FileName = C:\R\Reservoirs\Data\DataNotYetUploadedToEDI\Raw_CTD\RawDownloads\070122_fcr50_SBE19plus01908188_0001.hex
* Software version 2.8.0.119
* Temperature SN = 8188
* Conductivity SN = 8188
* System UpLoad Time = Jul 10 2022 17:45:26
* <ApplicationData>
* <Seaterm232>
# nquan = 13
# nvalues = 2299                        
# units = specified
# name 0 = depFM: Depth [fresh water, m]
# name 1 = dz/dtM: Descent Rate [m/s]
# name 2 = sbeox0Mg/L: Oxygen, SBE 43 [mg/l]
# name 3 = sbeox0PS: Oxygen, SBE 43 [% saturation]
# name 4 = specc: Specific Conductance [uS/cm]
# name 5 = c0uS/cm: Conductivity [uS/cm]
# name 6 = flECO-AFL: Fluorescence, WET Labs ECO-AFL/FL [mg/m^3]
# name 7 = par/sat/log: PAR/Logarithmic, Satlantic
# name 8 = turbWETntu0: Turbidity, WET Labs ECO [NTU]
# name 9 = prdM: Pressure, Strain Gauge [db]
# name 10 = prdE: Pressure, Strain Gauge [psi]
# name 11 = tv290C: Temperature [ITS-90, deg C]
# name 12 = flag:  0.000e+00
# span 0 =     -0.627,      9.676       
# span 1 =     -0.399,      0.266       
# span 2 =    -0.0514,    13.5868       
# span 3 =     -0.453,    166.975       
# span 4 =     -0.115,    464.095       
# span 5 =  -0.124742, 334.229861       
# span 6 =    -0.0829,    10.9342       
# span 7 = 1.1588e-01, 1.9784e+03       
# span 8 =    -0.0100,     9.8120       
# span 9 =     -0.615,      9.490       
# span 10 =     -0.892,     13.764      
# span 11 =    10.4082,    29.3548      
# span 12 = 0.0000e+00, 0.0000e+00      
# interval = seconds: 0.25
# start_time = Jul 01 2022 09:16:31 [Instrument's time stamp, header]
# bad_flag = -9.990e-29
*END*
[from data line 334]
      0.922      0.042     9.6538    112.378     37.366  37.620137     4.0336 4.7115e+01     6.5521      0.904      1.311    25.6890 0.0000e+00
      0.936      0.044     9.4206    115.309     37.451  37.593154     4.0392 4.4810e+01     6.5199      0.915      1.326    25.6792 0.0000e+00
      0.953      0.042     9.1827    118.967     37.533  37.532888     4.0654 4.2542e+01     6.3303      0.935      1.357    25.6466 0.0000e+00
      0.966      0.039     9.0507    122.541     37.707  37.566489     4.1116 4.1532e+01     5.9848      0.950      1.379    25.4754 0.0000e+00
      0.972      0.035     9.1609    125.629     37.850  37.594068     4.1370 4.1103e+01     5.7961      0.953      1.383    25.3261 0.0000e+00
      0.976      0.031     9.4781    127.685     37.964  37.596076     4.1409 4.0446e+01     5.7768      0.956      1.388    25.2171 0.0000e+00
      0.981      0.028     9.8366    128.223     38.087  37.590615     4.1480 3.9466e+01     5.7500      0.961      1.394    24.9876 0.0000e+00
      0.990      0.028    10.1737    126.983     38.178  37.527855     4.1602 3.8367e+01     5.7034      0.972      1.408    24.7883 0.0000e+00
      0.998      0.030    10.4772    124.179     38.184  37.377215     4.1670 3.7647e+01     5.6782      0.980      1.422    24.6593 0.0000e+00
      1.004      0.031    10.6887    120.613     37.984  37.051960     4.1678 3.6902e+01     5.6742      0.984      1.428    24.5131 0.0000e+00
      1.012      0.030    10.7754    117.215     37.672  36.633565     4.1618 3.5696e+01     5.6523      0.991      1.438    24.3589 0.0000e+00
      1.023      0.029    10.7089    114.439     37.306  36.167054     4.1484 3.4636e+01     5.6128      1.005      1.458    24.1484 0.0000e+00
      1.031      0.029    10.4920    112.298     36.978  35.732554     4.1398 3.4107e+01     5.5918      1.014      1.470    23.9161 0.0000e+00
      1.036      0.028    10.1871    110.796     36.582  35.228494     4.1366 3.3701e+01     5.5953      1.016      1.474    23.7633 0.0000e+00
      1.041      0.026     9.9145    109.973     35.834  34.393378     4.1021 3.3125e+01     5.6525      1.019      1.479    23.6140 0.0000e+00
      1.049      0.021     9.7119    109.827     35.398  33.871915     4.0357 3.2347e+01     5.7573      1.026      1.490    23.4707 0.0000e+00
      1.057      0.017     9.5545    110.210     35.387  33.784486     3.9981 3.1756e+01     5.8142      1.039      1.507    23.3169 0.0000e+00
      1.062      0.014     9.4582    110.886     35.124  33.471196     3.9963 3.1641e+01     5.8132      1.043      1.514    23.1367 0.0000e+00
      1.063      0.011     9.4146    111.895     34.762  33.054369     4.0147 3.1682e+01     5.7421      1.042      1.512    22.9801 0.0000e+00
      1.063      0.011     9.4342    113.485     34.713  32.930220     4.0482 3.1659e+01     5.6106      1.043      1.512    22.8206 0.0000e+00
      1.064      0.014     9.4972    115.572     34.761  32.915143     4.0672 3.1638e+01     5.5375      1.043      1.514    22.7196 0.0000e+00
      1.065      0.020     9.5673    117.852     34.617  32.736953     4.0659 3.1404e+01     5.5206      1.043      1.512    22.6519 0.0000e+00
      1.070      0.029     9.6587    120.291     34.510  32.598440     4.0235 3.0755e+01     5.4119      1.046      1.517    22.5452 0.0000e+00
      1.080      0.038     9.8243    122.871     34.473  32.523020     3.9465 2.9947e+01     5.2138      1.060      1.538    22.4133 0.0000e+00
      1.091      0.044    10.0409    125.552     34.496  32.500087     3.9052 2.8932e+01     5.1047      1.068      1.549    22.3269 0.0000e+00
      1.106      0.049    10.2409    128.315     34.636  32.591126     3.8987 2.7698e+01     5.0834      1.084      1.570    22.2808 0.0000e+00
      1.123      0.049    10.4657    130.753     34.764  32.678587     3.8651 2.6795e+01     4.9583      1.105      1.602    22.2238 0.0000e+00
      1.136      0.048    10.7074    132.373     34.870  32.747431     3.8061 2.6231e+01     4.7307      1.115      1.617    22.1711 0.0000e+00
      1.146      0.046    10.9465    132.963     34.905  32.748390     3.7749 2.5705e+01     4.6056      1.124      1.630    22.0970 0.0000e+00
      1.156      0.044    11.2195    132.408     34.887  32.690134     3.7669 2.5171e+01     4.5801      1.134      1.645    22.0364 0.0000e+00
      1.166      0.044    11.4609    130.760     34.967  32.718094     3.7064 2.4650e+01     4.4206      1.144      1.658    21.9977 0.0000e+00
      1.176      0.046    11.6132    128.386     35.122  32.816345     3.5973 2.4234e+01     4.1297      1.154      1.673    21.9498 0.0000e+00
      1.186      0.046    11.6802    125.876     35.233  32.865386     3.5390 2.3709e+01     3.9694      1.163      1.686    21.9124 0.0000e+00
      1.200      0.045    11.6446    123.749     35.269  32.838397     3.5323 2.2874e+01     3.9400      1.175      1.704    21.8515 0.0000e+00
      1.218      0.045    11.5049    122.163     35.314  32.827486     3.5063 2.2200e+01     3.7780      1.196      1.735    21.7742 0.0000e+00
      1.231      0.045    11.2897    121.083     35.398  32.868407     3.4584 2.2000e+01     3.4830      1.210      1.756    21.7197 0.0000e+00
      1.236      0.044    11.0642    120.383     35.420  32.860548     3.4316 2.1853e+01     3.3218      1.211      1.757    21.6405 0.0000e+00
      1.242      0.042    10.8986    120.083     35.383  32.799947     3.4283 2.1317e+01     3.3031      1.214      1.762    21.5418 0.0000e+00
      1.257      0.039    10.7741    120.237     35.351  32.743225     3.4268 2.0624e+01     3.2535      1.232      1.788    21.4662 0.0000e+00
      1.272      0.038    10.6936    120.204     35.348  32.714760     3.4250 2.0240e+01     3.1644      1.251      1.815    21.4160 0.0000e+00
      1.280      0.038    10.6453    119.463     35.383  32.725786     3.4250 2.0000e+01     3.1155      1.256      1.821    21.3837 0.0000e+00
      1.287      0.036    10.6050    118.078     35.419  32.741492     3.4260 1.9709e+01     3.1090      1.260      1.829    21.3423 0.0000e+00
      1.296      0.034    10.6619    115.778     35.466  32.769619     3.4334 1.9423e+01     3.0842      1.271      1.845    21.3067 0.0000e+00
      1.305      0.033    10.6918    112.272     35.511  32.795816     3.4490 1.9145e+01     3.0392      1.280      1.856    21.2702 0.0000e+00
      1.312      0.032    10.6085    107.787     35.532  32.788171     3.4591 1.8872e+01     3.0145      1.287      1.866    21.2354 0.0000e+00
      1.321      0.031    10.5109    102.849     35.608  32.812168     3.4607 1.8569e+01     3.0088      1.295      1.878    21.2178 0.0000e+00
      1.330      0.029    10.3236     97.944     35.753  32.883372     3.4638 1.8309e+01     2.9693      1.305      1.893    21.1909 0.0000e+00
      1.338      0.029    10.0053     93.195     35.932  32.973915     3.4703 1.8146e+01     2.8973      1.312      1.905    21.1780 0.0000e+00
      1.343      0.029     9.5933     88.085     36.067  33.029182     3.4745 1.8022e+01     2.8583      1.318      1.912    21.1470 0.0000e+00
      1.348      0.027     9.1513     82.367     36.107  33.011424     3.4749 1.7835e+01     2.8550      1.322      1.917    21.0757 0.0000e+00
      1.356      0.025     8.7203     76.989     36.173  33.029179     3.4733 1.7531e+01     2.8589      1.327      1.926    20.9915 0.0000e+00
      1.366      0.024     8.3358     72.403     36.295  33.108780     3.4703 1.7294e+01     2.8667      1.341      1.945    20.8737 0.0000e+00
      1.373      0.024     7.9268     67.968     36.379  33.163701     3.4688 1.7225e+01     2.8708      1.350      1.956    20.7759 0.0000e+00
      1.376      0.024     7.3646     63.578     36.385  33.153114     3.4691 1.7196e+01     2.8702      1.349      1.957    20.7060 0.0000e+00
      1.378      0.024     6.8696     59.625     36.363  33.115784     3.4687 1.7086e+01     2.8605      1.350      1.958    20.6419 0.0000e+00
      1.384      0.027     6.5130     56.350     36.390  33.117374     3.4680 1.6858e+01     2.8429      1.356      1.966    20.5997 0.0000e+00
      1.394      0.035     6.1122     53.928     36.475  33.172304     3.4670 1.6667e+01     2.8334      1.368      1.984    20.5714 0.0000e+00
      1.401      0.043     5.6966     51.710     36.571  33.239826     3.4660 1.6549e+01     2.8299      1.375      1.994    20.5559 0.0000e+00
      1.409      0.048     5.3485     48.557     36.616  33.258643     3.4615 1.6211e+01     2.7984      1.378      1.997    20.5338 0.0000e+00
      1.426      0.048     5.0371     44.496     36.644  33.264774     3.4520 1.5601e+01     2.7409      1.395      2.022    20.4984 0.0000e+00
      1.448      0.044     4.8402     40.310     36.716  33.313926     3.4454 1.5148e+01     2.7096      1.425      2.066    20.4649 0.0000e+00
      1.462      0.039     4.7082     36.420     36.806  33.380338     3.4438 1.5040e+01     2.7057      1.439      2.087    20.4432 0.0000e+00
      1.467      0.033     4.4117     32.840     36.836  33.392623     3.4330 1.5045e+01     2.6903      1.439      2.087    20.4094 0.0000e+00
      1.469      0.025     4.0128     29.500     36.778  33.327410     3.4119 1.5021e+01     2.6624      1.441      2.090    20.3795 0.0000e+00
      1.472      0.019     3.6264     26.516     36.721  33.266953     3.4009 1.4944e+01     2.6474      1.442      2.092    20.3643 0.0000e+00
      1.477      0.017     3.2784     24.273     36.731  33.269233     3.4004 1.4815e+01     2.6459      1.447      2.098    20.3417 0.0000e+00
      1.483      0.018     2.9607     23.006     36.757  33.287466     3.4006 1.4701e+01     2.6458      1.456      2.111    20.3207 0.0000e+00
      1.488      0.019     2.6579     22.427     36.761  33.284864     3.4076 1.4636e+01     2.6489      1.461      2.118    20.3014 0.0000e+00
      1.492      0.019     2.3733     22.058     36.791  33.305273     3.4219 1.4546e+01     2.6546      1.463      2.121    20.2890 0.0000e+00
      1.497      0.019     2.1568     21.606     36.826  33.331684     3.4300 1.4446e+01     2.6576      1.468      2.130    20.2823 0.0000e+00
      1.501      0.018     2.0586     21.136     36.841  33.334146     3.4309 1.4393e+01     2.6580      1.473      2.137    20.2760 0.0000e+00
      1.506      0.018     2.0226     20.887     36.871  33.335034     3.4307 1.4298e+01     2.6627      1.475      2.139    20.2670 0.0000e+00
      1.511      0.018     2.0010     20.855     36.918  33.342384     3.4304 1.4163e+01     2.6718      1.481      2.148    20.2572 0.0000e+00
      1.516      0.018     1.9578     20.915     36.966  33.355448     3.4308 1.4078e+01     2.6769      1.489      2.159    20.2524 0.0000e+00
      1.521      0.020     1.9009     21.062     36.990  33.357926     3.4298 1.4012e+01     2.6769      1.491      2.163    20.2435 0.0000e+00
      1.524      0.023     1.8836     21.318     37.025  33.372324     3.4251 1.3974e+01     2.6715      1.494      2.168    20.2064 0.0000e+00
      1.527      0.025     1.8897     21.652     37.169  33.461997     3.4182 1.3895e+01     2.6616      1.497      2.171    20.1463 0.0000e+00
      1.534      0.027     1.8941     21.983     37.354  33.564452     3.4160 1.3683e+01     2.6564      1.501      2.178    20.1076 0.0000e+00
      1.546      0.029     1.9083     22.259     37.450  33.598334     3.4191 1.3462e+01     2.6572      1.516      2.198    20.0782 0.0000e+00
      1.557      0.030     1.9318     22.498     37.501  33.601540     3.4447 1.3336e+01     2.6692      1.530      2.218    20.0762 0.0000e+00
      1.563      0.028     1.9675     22.728     37.541  33.603163     3.4920 1.3227e+01     2.6913      1.532      2.221    20.0325 0.0000e+00
      1.568      0.024     2.0049     22.884     37.552  33.617907     3.5180 1.3077e+01     2.7031      1.536      2.227    19.9037 0.0000e+00
      1.576      0.019     2.0308     22.813     37.547  33.644787     3.5213 1.2983e+01     2.7016      1.547      2.244    19.8495 0.0000e+00
      1.581      0.014     2.0531     22.462     37.553  33.658170     3.5345 1.2984e+01     2.6759      1.552      2.250    19.8046 0.0000e+00
      1.582      0.013     2.0779     21.768     37.564  33.644713     3.5577 1.2996e+01     2.6294      1.551      2.250    19.7201 0.0000e+00
      1.583      0.013     2.1011     20.675     37.570  33.617063     3.5694 1.2978e+01     2.6040      1.552      2.252    19.7403 0.0000e+00
      1.584      0.013     2.0895     19.298     37.590  33.593861     3.5712 1.2941e+01     2.6031      1.553      2.253    19.8183 0.0000e+00
      1.587      0.013     2.0587     17.822     37.686  33.634181     3.5894 1.2858e+01     2.6207      1.555      2.255    19.8288 0.0000e+00
      1.593      0.014     2.0037     16.449     37.770  33.699431     3.6218 1.2746e+01     2.6532      1.562      2.265    19.7771 0.0000e+00
      1.599      0.014     1.8972     15.278     37.730  33.707643     3.6383 1.2684e+01     2.6709      1.570      2.277    19.7381 0.0000e+00
      1.603      0.014     1.7697     14.301     37.697  33.733545     3.6389 1.2673e+01     2.6744      1.573      2.281    19.6940 0.0000e+00
      1.605      0.015     1.6284     13.498     37.687  33.742630     3.6337 1.2668e+01     2.6942      1.574      2.283    19.5980 0.0000e+00
      1.607      0.016     1.5008     12.845     37.652  33.682493     3.6229 1.2657e+01     2.7296      1.576      2.285    19.5720 0.0000e+00
      1.609      0.017     1.3928     12.309     37.715  33.681515     3.6173 1.2607e+01     2.7487      1.577      2.287    19.6624 0.0000e+00
      1.614      0.019     1.3001     11.826     37.844  33.730730     3.6217 1.2479e+01     2.7509      1.581      2.293    19.7583 0.0000e+00
      1.622      0.023     1.2284     11.381     37.930  33.737362     3.6717 1.2359e+01     2.7519      1.591      2.308    19.7899 0.0000e+00
      1.629      0.026     1.1689     10.980     38.030  33.761609     3.7626 1.2312e+01     2.7531      1.599      2.319    19.7345 0.0000e+00
      1.634      0.026     1.1266     10.627     38.156  33.821274     3.8122 1.2206e+01     2.7538      1.601      2.321    19.6498 0.0000e+00
      1.642      0.025     1.0832     10.346     38.235  33.851079     3.8195 1.2056e+01     2.7523      1.610      2.336    19.5648 0.0000e+00
      1.651      0.023     1.0440     10.154     38.272  33.851870     3.8569 1.1980e+01     2.7344      1.621      2.353    19.4650 0.0000e+00
      1.657      0.021     1.0100     10.054     38.284  33.830795     3.9252 1.1926e+01     2.7014      1.625      2.356    19.3777 0.0000e+00
      1.661      0.021     0.9764      9.988     38.288  33.798761     3.9627 1.1879e+01     2.6834      1.630      2.363    19.3094 0.0000e+00
      1.664      0.022     0.9524      9.906     38.329  33.802073     3.9702 1.1849e+01     2.6833      1.632      2.368    19.2587 0.0000e+00
      1.668      0.023     0.9334      9.788     38.361  33.803287     4.0034 1.1800e+01     2.6975      1.635      2.371    19.2204 0.0000e+00
      1.674      0.025     0.9285      9.590     38.329  33.745887     4.0616 1.1726e+01     2.7234      1.640      2.379    19.1828 0.0000e+00
      1.681      0.027     0.9250      9.272     38.332  33.715633     4.0946 1.1622e+01     2.7376      1.647      2.390    19.1322 0.0000e+00
      1.691      0.030     0.9178      8.826     38.432  33.775006     4.1104 1.1519e+01     2.7419      1.659      2.406    19.0847 0.0000e+00
      1.701      0.032     0.9094      8.251     38.551  33.856115     4.2481 1.1459e+01     2.7751      1.670      2.422    19.0578 0.0000e+00
      1.708      0.033     0.8934      7.589     38.607  33.886129     4.5003 1.1413e+01     2.8366      1.675      2.429    19.0187 0.0000e+00
      1.714      0.036     0.8645      6.903     38.605  33.867824     4.6443 1.1311e+01     2.8711      1.679      2.434    18.9702 0.0000e+00
