Data/DataNotYetUploadedToEDI/Raw_CTD/RawDownloads/070126_ccr10_S8188005.cnv
* Sea-Bird SBE19plus  Data File:
* FileName = C:\R\Reservoirs\Data\DataNotYetUploadedToEDI\Raw_CTD\RawDownloads\070126_ccr10_S8188_0005.hex
* Software version 2.8.0.119
* Temperature SN = 8188
* Conductivity SN = 8188
* System UpLoad Time = Jul 02 2026 16:07:37
* <ApplicationData>
* <Seaterm232>
# nquan = 16
# nvalues = 794                         
# units = specified
# name 0 = depFM: Depth [fresh water, m]
# name 1 = dz/dtM: Descent Rate [m/s]
# name 2 = sbeox0Mg/L: Oxygen, SBE 43 [mg/l]
# name 3 = sbeox0PS: Oxygen, SBE 43 [% saturation]
# name 4 = specc: Specific Conductance [uS/cm]
# name 5 = c0uS/cm: Conductivity [uS/cm]
# name 6 = wetCDOM: Fluorescence, WET Labs CDOM [mg/m^3]
# name 7 = flECO-AFL: Fluorescence, WET Labs ECO-AFL/FL [mg/m^3]
# name 8 = flECO-AFL1: Fluorescence, WET Labs ECO-AFL/FL, 2 [mg/m^3]
# name 9 = flECO-AFL2: Fluorescence, WET Labs ECO-AFL/FL, 3 [mg/m^3]
# name 10 = par/sat/log: PAR/Logarithmic, Satlantic
# name 11 = turbWETntu0: Turbidity, WET Labs ECO [NTU]
# name 12 = prdM: Pressure, Strain Gauge [db]
# name 13 = prdE: Pressure, Strain Gauge [psi]
# name 14 = tv290C: Temperature [ITS-90, deg C]
# name 15 = flag:  0.000e+00
# span 0 =     -0.430,      0.373       
# span 1 =     -0.163,      0.211       
# span 2 =     4.2423,     7.4736       
# span 3 =     54.649,     97.740       
# span 4 =   -393.850,    156.257       
# span 5 =-421.158274, 167.022743       
# span 6 =    -5.3100,    16.0200       
# span 7 =    -2.7489,   245.1606       
# span 8 =    -2.1300,     1.4058       
# span 9 =    -9.0099,     1.5651       
# span 10 = 5.3307e+01, 2.1877e+03      
# span 11 =   -12.4551,   971.0945      
# span 12 =     -0.421,      0.366      
# span 13 =     -0.611,      0.531      
# span 14 =    26.4543,    29.3296      
# span 15 = 0.0000e+00, 0.0000e+00      
# interval = seconds: 0.25
# start_time = Jul 02 2026 12:17:56 [Instrument's time stamp, header]
# bad_flag = -9.990e-29
*END*
[from data line 633]
      0.371     -0.001     5.2094     65.557    155.364 166.364885    13.4100     3.1983     0.2130     0.5499 7.1185e+01    19.8424      0.364      0.528    28.5405 0.0000e+00
      0.371     -0.001     5.1822     65.161    155.356 166.347909    13.4100     2.9656     0.1278     0.5499 6.7951e+01    19.4799      0.364      0.528    28.5396 0.0000e+00
      0.370     -0.001     5.1499     64.825    155.345 166.328848    13.4100     2.9542     0.1278     0.5499 7.1713e+01    19.2986      0.363      0.527    28.5379 0.0000e+00
      0.370     -0.001     5.1153     64.552    155.350 166.326678    13.4100     2.9427     0.1278     0.5499 7.1776e+01    19.3893      0.363      0.527    28.5357 0.0000e+00
      0.370     -0.000     5.0814     64.374    155.379 166.352847    13.4100     2.9656     0.1278     0.5499 7.2198e+01    19.4195      0.363      0.527    28.5333 0.0000e+00
      0.370     -0.000     5.0509     64.354    155.421 166.394287    13.3200     3.2136     0.1278     0.4653 7.3624e+01    19.6461      0.363      0.527    28.5307 0.0000e+00
      0.370     -0.000     5.0251     64.547    155.448 166.421950    13.3200     3.2288     0.1278     0.4653 7.4138e+01    19.6159      0.363      0.527    28.5283 0.0000e+00
      0.370     -0.000     5.0042     64.974    155.458 166.431186    13.3200     3.1983     0.1278     0.4653 7.4785e+01    19.6914      0.363      0.527    28.5261 0.0000e+00
      0.370     -0.000     4.9906     65.591    155.467 166.440495    13.3200     3.2021     0.1278     0.4653 7.4899e+01    19.5856      0.363      0.527    28.5244 0.0000e+00
      0.370     -0.000     4.9891     66.274    155.479 166.452361    13.3200     3.1563     0.2130     0.5922 7.6345e+01    19.5705      0.363      0.527    28.5233 0.0000e+00
      0.370     -0.000     5.0040     66.879    155.484 166.457919    13.3200     3.1373     0.2130     0.5922 7.4396e+01    19.6914      0.363      0.527    28.5228 0.0000e+00
      0.370     -0.000     5.0372     67.299    155.472 166.444616    13.3200     3.1640     0.2130     0.5922 7.3576e+01    19.6159      0.363      0.527    28.5225 0.0000e+00
      0.370      0.000     5.0851     67.459    155.443 166.414920    13.3200     3.1296     0.2130     0.5922 7.7498e+01    19.5554      0.363      0.527    28.5223 0.0000e+00
      0.370     -0.001     5.1380     67.322    155.417 166.386975    13.3200     3.5302     0.2130     0.5922 7.7095e+01    22.8184      0.363      0.527    28.5222 0.0000e+00
      0.370     -0.001     5.1849     66.892    155.398 166.367362    13.3200     3.5149     0.1704     0.4230 7.7785e+01    22.7580      0.363      0.526    28.5221 0.0000e+00
      0.369     -0.002     5.2175     66.211    155.393 166.362880    13.3200     3.5187     0.1704     0.4230 7.7869e+01    22.8184      0.362      0.526    28.5221 0.0000e+00
      0.369     -0.002     5.2298     65.350    155.397 166.368324    13.3200     3.5264     0.1704     0.4230 7.9476e+01    22.8486      0.362      0.525    28.5223 0.0000e+00
      0.368     -0.003     5.2192     64.395    155.398 166.369109    13.3200     4.0032     0.1704     0.4230 7.9927e+01    26.4742      0.361      0.524    28.5225 0.0000e+00
      0.368     -0.003     5.1859     63.429    155.394 166.365442    13.4100     4.0147     0.1704     0.5076 8.0747e+01    26.4440      0.360      0.523    28.5228 0.0000e+00
      0.367     -0.004     5.1331     62.517    155.394 166.364365    13.4100     4.0070     0.1704     0.5076 8.2163e+01    26.4591      0.360      0.522    28.5230 0.0000e+00
      0.366     -0.005     5.0663     61.702    155.396 166.365592    13.4100     4.0375     0.1704     0.5076 8.1967e+01    26.3684      0.359      0.520    28.5231 0.0000e+00
      0.364     -0.005     4.9923     61.000    155.400 166.369450    13.4100     3.9574     0.1704     0.5076 8.3586e+01    25.5225      0.357      0.519    28.5232 0.0000e+00
      0.363     -0.006     4.9173     60.418    155.412 166.380975    13.3200     3.9651     0.1704     0.6345 8.3495e+01    25.5527      0.356      0.516    28.5232 0.0000e+00
      0.361     -0.007     4.8467     59.970    155.418 166.387204    13.3200     3.9346     0.1704     0.6345 8.3950e+01    25.3714      0.354      0.514    28.5231 0.0000e+00
      0.359     -0.007     4.7835     59.685    155.408 166.377769    13.3200     3.9651     0.1704     0.6345 8.3968e+01    25.4620      0.352      0.511    28.5228 0.0000e+00
      0.358     -0.008     4.7291     59.604    155.387 166.358172    13.3200     4.4724     0.1704     0.6345 8.5478e+01    28.3172      0.351      0.509    28.5225 0.0000e+00
      0.356     -0.010     4.6840     59.744    155.356 166.331207    13.3200     4.4457     0.1704     0.6345 8.6882e+01    28.3474      0.349      0.506    28.5222 0.0000e+00
      0.353     -0.012     4.6493     60.106    155.326 166.309731    13.3200     4.4762     0.1704     0.5499 8.6901e+01    28.4380      0.346      0.503    28.5221 0.0000e+00
      0.350     -0.015     4.6272     60.735    155.318 166.312076    13.3200     4.4457     0.1704     0.5499 8.8137e+01    28.3625      0.344      0.499    28.5224 0.0000e+00
      0.347     -0.019     4.6208     61.672    155.332 166.334858    13.3200     5.3460     0.1704     0.5499 9.2032e+01    32.6376      0.340      0.494    28.5234 0.0000e+00
      0.342     -0.024     4.6314     62.883    155.344 166.352077    13.3200     5.3193     0.1704     0.5499 9.5102e+01    32.6074      0.336      0.487    28.5256 0.0000e+00
      0.336     -0.031     4.6592     64.273    155.343 166.356296    13.5000     5.3308     0.2130     0.4230 9.2735e+01    32.7736      0.330      0.478    28.5289 0.0000e+00
      0.328     -0.038     4.7077     65.725    155.354 166.372697    13.5000     5.3346     0.2130     0.4230 1.0175e+02    32.7433      0.322      0.467    28.5323 0.0000e+00
      0.318     -0.045     4.7801     67.073    155.386 166.413673    13.5000     2.3438     0.2130     0.4230 1.2993e+02    16.3680      0.311      0.452    28.5348 0.0000e+00
      0.305     -0.051     4.8738     68.139    155.419 166.456070    13.5000     2.3781     0.2130     0.4230 1.2239e+02    16.3680      0.299      0.433    28.5364 0.0000e+00
      0.289     -0.055     4.9815     68.813    155.434 166.481123    13.2300     2.3591     0.1704     0.5499 1.2948e+02    16.3075      0.284      0.411    28.5379 0.0000e+00
      0.273     -0.057     5.0939     69.075    155.429 166.487492    13.2300     2.3514     0.1704     0.5499 1.3841e+02    16.3075      0.268      0.388    28.5395 0.0000e+00
      0.257     -0.056     5.1982     69.007    155.400 166.472868    13.2300     1.7220     0.1704     0.5499 1.4847e+02    14.9329      0.252      0.366    28.5414 0.0000e+00
      0.242     -0.053     5.2806     68.772    155.364 166.451395    13.2300     1.7449     0.1704     0.5499 1.6616e+02    14.8422      0.238      0.345    28.5437 0.0000e+00
      0.229     -0.048     5.3325     68.549    155.332 166.435391    13.2300     1.7296     0.1704     0.5076 1.7061e+03    14.9026      0.225      0.326    28.5467 0.0000e+00
      0.217     -0.042     5.3525     68.489    155.302 166.420590    13.2300     1.7411     0.1704     0.5076 1.7166e+03    14.9329      0.213      0.309    28.5507 0.0000e+00
      0.206     -0.034     5.3467     68.743    155.279 166.411065    13.2300     1.6114     0.1704     0.5076 1.8647e+03    14.4646      0.203      0.294    28.5558 0.0000e+00
      0.198     -0.024     5.3280     69.421    155.264 166.408286    13.2300     1.6343     0.1704     0.5076 1.8262e+03    14.4041      0.194      0.282    28.5615 0.0000e+00
      0.192     -0.013     5.3101     70.505    155.254 166.407504    13.2300     1.5999     0.1704     0.5076 1.7383e+03    14.4495      0.189      0.274    28.5672 0.0000e+00
      0.190     -0.001     5.3050     71.847    155.251 166.412519    12.6900     1.6152     0.1278     0.3384 1.4436e+03    14.3588      0.186      0.270    28.5727 0.0000e+00
      0.191      0.011     5.3242     73.210    155.252 166.416652    12.6900     1.4664     0.1278     0.3384 1.3122e+03    19.1627      0.188      0.272    28.5777 0.0000e+00
      0.196      0.024     5.3763     74.335    155.250 166.412984    12.6900     1.4931     0.1278     0.3384 1.0691e+03    19.1929      0.192      0.279    28.5818 0.0000e+00
      0.204      0.035     5.4599     75.046    155.242 166.400536    12.6900     1.4893     0.1278     0.3384 5.1852e+02    19.0720      0.200      0.291    28.5852 0.0000e+00
      0.216      0.045     5.5636     75.262    155.227 166.380000    13.1400     1.4931     0.1278     0.5076 1.1609e+03    19.1929      0.211      0.307    28.5878 0.0000e+00
      0.230      0.052     5.6691     74.956    155.217 166.361935    13.1400     1.6724     0.1278     0.5076 1.0448e+03   124.8926      0.225      0.327    28.5887 0.0000e+00
      0.245      0.057     5.7563     74.157    155.211 166.345536    13.1400     1.6800     0.1278     0.5076 2.1988e+02   124.8321      0.241      0.349    28.5883 0.0000e+00
      0.262      0.058     5.8114     72.975    155.210 166.330436    13.1400     1.6724     0.1278     0.5076 1.9698e+02   124.7717      0.257      0.373    28.5872 0.0000e+00
      0.279      0.056     5.8283     71.586    155.211 166.316619    14.0400     1.6915     0.1704     0.5499 2.1121e+02   124.8624      0.274      0.397    28.5856 0.0000e+00
      0.294      0.052     5.8048     70.168    155.203 166.292380    14.0400     1.8708     0.1704     0.5499 1.7601e+02   123.2762      0.288      0.418    28.5832 0.0000e+00
      0.307      0.047     5.7433     68.851    155.182 166.255263    14.0400     1.8708     0.1704     0.5499 1.8232e+02   123.2913      0.301      0.436    28.5799 0.0000e+00
      0.317      0.041     5.6522     67.688    155.171 166.233461    14.0400     1.8898     0.1704     0.5499 2.0911e+02   123.3517      0.311      0.452    28.5756 0.0000e+00
      0.326      0.035     5.5451     66.675    155.189 166.247221    14.0400     1.8250     0.1704     0.5499 2.2339e+02   123.3517      0.320      0.464    28.5707 0.0000e+00
      0.334      0.029     5.4357     65.803    155.209 166.266130    14.2200     1.9776     0.1704     0.6345 2.2471e+02   217.0267      0.328      0.475    28.5656 0.0000e+00
      0.340      0.024     5.3341     65.072    155.213 166.269170    14.2200     1.9928     0.1704     0.6345 2.2026e+02   216.9663      0.334      0.484    28.5610 0.0000e+00
      0.346      0.020     5.2443     64.481    155.214 166.269180    14.2200     1.9661     0.1704     0.6345 1.9575e+02   217.0267      0.339      0.492    28.5577 0.0000e+00
      0.350      0.017     5.1660     64.012    155.218 166.270173    14.2200     2.0119     0.1704     0.6345 1.7238e+02   217.1173      0.344      0.498    28.5558 0.0000e+00
      0.354      0.014     5.0985     63.641    155.228 166.276422    14.3100     2.0005     0.2130     0.4653 1.6362e+02   228.4170      0.347      0.503    28.5551 0.0000e+00
      0.357      0.011     5.0419     63.358    155.241 166.285585    14.3100     1.9661     0.2130     0.4653 1.8628e+02   228.4774      0.350      0.508    28.5549 0.0000e+00
      0.359      0.008     4.9961     63.154    155.240 166.280057    14.3100     1.9661     0.2130     0.4653 2.1131e+02   228.5680      0.352      0.511    28.5545 0.0000e+00
      0.361      0.006     4.9599     63.018    155.229 166.266381    14.3100     1.9738     0.2130     0.4653 2.0382e+02   228.4321      0.354      0.513    28.5533 0.0000e+00
      0.362      0.005     4.9313     62.929    155.226 166.260959    14.0400     1.7792     0.1704     0.4653 2.1112e+02   195.3792      0.355      0.515    28.5517 0.0000e+00
      0.363      0.003     4.9095     62.872    155.228 166.262346    14.0400     1.7754     0.1704     0.4653 2.1964e+02   195.4245      0.356      0.516    28.5502 0.0000e+00
      0.364      0.002     4.8938     62.853    155.233 166.266901    14.0400     1.7945     0.1704     0.4653 2.2238e+02   195.2734      0.357      0.517    28.5491 0.0000e+00
      0.364      0.001     4.8833     62.894    155.238 166.271830    14.0400     1.7945     0.1704     0.4653 2.2716e+02   195.4094      0.357      0.518    28.5483 0.0000e+00
      0.364      0.000     4.8765     63.002    155.246 166.278447    14.0400     1.7449     0.1704     0.4653 2.3185e+02   162.8097      0.357      0.518    28.5479 0.0000e+00
      0.364     -0.001     4.8721     63.151    155.261 166.292526    13.9500     1.7296     0.1704     0.5499 2.7786e+02   162.7191      0.357      0.518    28.5476 0.0000e+00
      0.364     -0.002     4.8706     63.302    155.271 166.301783    13.9500     1.7334     0.1704     0.5499 3.0580e+02   162.7342      0.357      0.518    28.5472 0.0000e+00
      0.363     -0.003     4.8739     63.415    155.261 166.288638    13.9500     1.7716     0.1704     0.5499 3.8093e+02   162.7493      0.357      0.517    28.5468 0.0000e+00
      0.363     -0.004     4.8822     63.468    155.238 166.261615    13.9500     1.8555     0.1704     0.5499 5.3581e+02   140.8148      0.356      0.516    28.5464 0.0000e+00
      0.362     -0.005     4.8938     63.439    155.221 166.241575    13.4100     1.8708     0.1704     0.4653 8.8591e+02   140.8148      0.355      0.514    28.5459 0.0000e+00
      0.360     -0.007     4.9056     63.294    155.217 166.235203    13.4100     1.8670     0.1704     0.4653 5.4842e+02   140.8752      0.353      0.512    28.5453 0.0000e+00
      0.358     -0.009     4.9144     63.020    155.225 166.240798    13.4100     1.8517     0.1704     0.4653 6.1336e+02   140.8299      0.351      0.509    28.5446 0.0000e+00
      0.356     -0.012     4.9186     62.637    155.246 166.259853    13.4100     1.8593     0.1704     0.4653 6.7007e+02   140.9054      0.349      0.506    28.5439 0.0000e+00
      0.352     -0.016     4.9163     62.183    155.283 166.297450    13.2300     1.9852     0.1278     0.4653 6.1496e+02   135.8145      0.346      0.501    28.5432 0.0000e+00
      0.348     -0.021     4.9052     61.685    155.332 166.347574    13.2300     1.9928     0.1278     0.4653 5.2715e+02   135.8296      0.342      0.495    28.5424 0.0000e+00
      0.343     -0.026     4.8840     61.159    155.369 166.387507    13.2300     1.9890     0.1278     0.4653 4.8802e+02   135.6635      0.336      0.488    28.5415 0.0000e+00
      0.336     -0.033     4.8544     60.606    155.380 166.399831    13.2300     1.9967     0.1278     0.4653 4.3863e+02   135.6484      0.330      0.478    28.5405 0.0000e+00
      0.327     -0.042     4.8193     60.033    155.370 166.391840    13.2300     1.9318     0.1278     0.5076 4.8558e+02   114.1821      0.321      0.465    28.5397 0.0000e+00
      0.316     -0.051     4.7808     59.454    155.355 166.381452    13.2300     1.9356     0.1278     0.5076 6.5155e+02   114.3181      0.310      0.450    28.5391 0.0000e+00
      0.302     -0.061     4.7400     58.881    155.341 166.373916    13.2300     1.9051     0.1278     0.5076 4.8664e+02   114.1519      0.296      0.430    28.5389 0.0000e+00
      0.285     -0.070     4.6972     58.318    155.325 166.367224    13.2300     1.9318     0.1278     0.5076 5.7029e+02   114.1368      0.280      0.406    28.5392 0.0000e+00
      0.265     -0.080     4.6527     57.777    155.299 166.351573    13.2300     1.4588     0.1278     0.5076 5.6462e+02    38.9672      0.260      0.377    28.5402 0.0000e+00
      0.243     -0.088     4.6077     57.277    155.251 166.314770    13.1400     1.4283     0.1278     0.3384 2.3170e+02    39.1334      0.238      0.345    28.5419 0.0000e+00
      0.219     -0.096     4.5631     56.841    155.181 166.259030    13.1400     1.4359     0.1278     0.3384 1.6059e+02    39.0880      0.214      0.311    28.5444 0.0000e+00
      0.193     -0.103     4.5191     56.499    155.099 166.193547    13.1400     1.4206     0.1278     0.3384 1.5910e+02    39.0427      0.189      0.275    28.5478 0.0000e+00
