Data/DataNotYetUploadedToEDI/Raw_CTD/RawDownloads/070122_fcr50_S7809003.cnv
* Sea-Bird SBE19plus  Data File:
* FileName = C:\R\Reservoirs\Data\DataNotYetUploadedToEDI\Raw_CTD\RawDownloads\070522_bvr40_SBE19plus01907809_0003.hex
* Software version 2.8.0.119
* Temperature SN = 7809
* Conductivity SN = 7809
* System UpLoad Time = Jul 05 2022 16:51:38
* <ApplicationData>
* <Seaterm232>
# nquan = 15
# nvalues = 2252                        
# units = specified
# name 0 = depFM: Depth [fresh water, m]
# name 1 = dz/dtM: Descent Rate [m/s]
# name 2 = sbeox0Mg/L: Oxygen, SBE 43 [mg/l]
# name 3 = sbeox0PS: Oxygen, SBE 43 [% saturation]
# name 4 = specc: Specific Conductance [uS/cm]
# name 5 = c0uS/cm: Conductivity [uS/cm]
# name 6 = flECO-AFL: Fluorescence, WET Labs ECO-AFL/FL [mg/m^3]
# name 7 = ph: pH
# name 8 = orp: Oxidation Reduction Potential [mV]
# name 9 = par/sat/log: PAR/Logarithmic, Satlantic
# name 10 = turbWETntu0: Turbidity, WET Labs ECO [NTU]
# name 11 = prdM: Pressure, Strain Gauge [db]
# name 12 = prdE: Pressure, Strain Gauge [psi]
# name 13 = tv290C: Temperature [ITS-90, deg C]
# name 14 = flag:  0.000e+00
# span 0 =     -0.617,      9.709       
# span 1 =     -0.353,      0.284       
# span 2 =    -0.0254,    10.2204       
# span 3 =     -0.252,    126.417       
# span 4 =      0.453,    469.508       
# span 5 =   0.488840, 338.583111       
# span 6 =    -1.0054,   227.4535       
# span 7 =      6.533,     10.122       
# span 8 = -1240.7455,   165.6981       
# span 9 = 1.2349e-01, 1.9942e+03       
# span 10 =    -4.4408,   172.0823      
# span 11 =     -0.605,      9.521      
# span 12 =     -0.878,     13.809      
# span 13 =    10.4138,    28.9869      
# span 14 = 0.0000e+00, 0.0000e+00      
# interval = seconds: 0.25
# start_time = Jul 01 2022 07:04:53 [Instrument's time stamp, header]
# bad_flag = -9.990e-29
*END*
[from data line 2217]
     -0.591 -1.399e-10     5.3354     60.099      5.703   5.274329     0.2320      8.846   -63.4713 1.3902e+03     0.6609     -0.579     -0.840    21.4405 0.0000e+00
     -0.591 -1.539e-09     5.3156     59.804      5.321   4.915672     0.2042      8.850   -63.1465 1.0739e+03     0.3562     -0.579     -0.840    21.3921 0.0000e+00
     -0.591 -1.693e-08     5.3267     59.357      4.657   4.297897     0.1480      8.855   -62.3745 1.1815e+03    -0.7427     -0.579     -0.840    21.3418 0.0000e+00
     -0.590 -1.863e-07     5.3424     58.919      4.006   3.692924     0.0599      8.861   -57.1489 9.1463e+02    -2.6503     -0.579     -0.839    21.2941 0.0000e+00
     -0.590 -1.860e-07     5.3376     58.654      3.651   3.362312     0.0133      8.870   -53.3078 4.6006e+02    -3.6136     -0.578     -0.839    21.2402 0.0000e+00
     -0.590 -1.358e-08     5.3186     58.577      3.561   3.276044     0.0172      8.880   -54.6495 6.9373e+02    -3.5771     -0.578     -0.839    21.1829 0.0000e+00
     -0.591 3.5408e-08     5.2774     58.642      3.503   3.219644    -0.0017      8.889   -56.6804 1.0604e+03    -2.4817     -0.579     -0.840    21.1320 0.0000e+00
     -0.591 4.0628e-07     5.2361     58.836      3.332   3.060241    -0.0650      8.895   -57.6442 7.3874e+02    -0.4124     -0.579     -0.840    21.0857 0.0000e+00
     -0.591      0.000     5.2184     59.157      3.194   2.931415    -0.0982      8.898   -63.8074 3.1262e+02     0.7416     -0.579     -0.840    21.0410 0.0000e+00
     -0.591      0.000     5.2180     59.580      3.262   2.991481    -0.1039      8.896   -72.1766 2.3264e+02     0.7794     -0.579     -0.839    20.9989 0.0000e+00
     -0.591      0.001     5.2280     60.055      3.511   3.216721    -0.1588      8.885   -72.8818 2.2624e+02     0.1129     -0.579     -0.840    20.9578 0.0000e+00
     -0.591      0.001     5.2491     60.498      3.688   3.375664    -0.2462      8.872   -72.8502 2.2124e+02    -1.0665     -0.580     -0.841    20.9179 0.0000e+00
     -0.590      0.000     5.2826     60.755      3.642   3.330533    -0.2863      8.867   -71.8808 2.0555e+02    -1.6948     -0.580     -0.841    20.8787 0.0000e+00
     -0.589 -3.915e-07     5.3262     60.679      3.547   3.240818    -0.2781      8.868   -63.3983 1.8486e+02    -1.7443     -0.578     -0.839    20.8398 0.0000e+00
     -0.589      0.000     5.3746     60.231      3.411   3.113938    -0.2384      8.868   -54.3483 1.7872e+02    -1.4261     -0.578     -0.838    20.7999 0.0000e+00
     -0.590      0.000     5.4245     59.474      3.150   2.872672    -0.1726      8.866   -51.3371 1.8562e+02    -0.7852     -0.578     -0.839    20.7576 0.0000e+00
     -0.591     -0.001     5.4577     58.523      2.857   2.602762    -0.1392      8.863   -53.8349 2.0964e+02    -0.4179     -0.579     -0.840    20.7149 0.0000e+00
     -0.591     -0.001     5.4561     57.528      2.548   2.319452    -0.1507      8.859   -57.8761 6.2999e+02    -0.3679     -0.579     -0.840    20.6730 0.0000e+00
     -0.591     -0.001     5.4182     56.668      2.245   2.042752    -0.1625      8.857   -61.5666 1.4338e+03    -0.2142     -0.579     -0.840    20.6316 0.0000e+00
     -0.591     -0.001     5.3503     56.074      2.038   1.852712    -0.1155      8.854   -63.6968 1.8454e+03     0.1772     -0.579     -0.840    20.5909 0.0000e+00
     -0.591     -0.001     5.2652     55.821      1.906   1.730919    -0.0239      8.850   -63.5852 1.4990e+03     0.5042     -0.580     -0.841    20.5508 0.0000e+00
     -0.591     -0.001     5.1727     55.929      1.815   1.646336     0.0213      8.847   -65.1216 8.8538e+02     0.5627     -0.580     -0.842    20.5104 0.0000e+00
     -0.591      0.000     5.0957     56.349      1.754   1.589676     0.0151      8.844   -69.2818 9.6698e+02     0.5422     -0.580     -0.841    20.4705 0.0000e+00
     -0.591 -1.863e-08     5.0440     57.001      1.714   1.552263     0.0012      8.844   -71.2098 1.6040e+03     0.5305     -0.580     -0.842    20.4318 0.0000e+00
     -0.591 -2.049e-07     5.0234     57.792      1.739   1.573803    -0.0137      8.843   -70.6230 1.9292e+03     0.4552     -0.580     -0.841    20.3939 0.0000e+00
     -0.591 -2.049e-07     5.0396     58.659      1.766   1.596903    -0.0320      8.842   -69.6715 1.9582e+03     0.3495     -0.580     -0.841    20.3564 0.0000e+00
     -0.591 -1.863e-08     5.0829     59.546      1.746   1.578333    -0.0452      8.842   -68.3955 1.9513e+03     0.3454     -0.580     -0.841    20.3197 0.0000e+00
     -0.591 -1.693e-09     5.1500     60.401      1.774   1.602495    -0.0577      8.842   -67.4130 1.9409e+03     0.6113     -0.580     -0.841    20.2833 0.0000e+00
     -0.591 -1.540e-10     5.2256     61.191      1.813   1.635824    -0.0830      8.840   -66.5684 1.9350e+03     1.0359     -0.580     -0.841    20.2478 0.0000e+00
     -0.591 -1.411e-11     5.3106     61.876      1.776   1.601495    -0.1004      8.838   -65.5827 1.9465e+03     1.2783     -0.580     -0.841    20.2119 0.0000e+00
     -0.591 -2.545e-12     5.3952     62.186      1.739   1.567242    -0.1018      8.837   -65.1311 1.9764e+03     1.3210     -0.580     -0.841    20.1778 0.0000e+00
     -0.591 -9.990e-29     5.4796 -9.990e-29 -9.990e-29 -9.990e-29 -9.990e-29 -9.990e-29 -9.990e-29 1.9942e+03 -9.990e-29     -0.580     -0.841    20.1415 0.0000e+00
     -0.592 -9.990e-29     5.5518 -9.990e-29 -9.990e-29 -9.990e-29 -9.990e-29 -9.990e-29 -9.990e-29 1.9931e+03 -9.990e-29     -0.580     -0.842    20.1095 0.0000e+00
     -0.592 -9.990e-29     5.6269 -9.990e-29 -9.990e-29 -9.990e-29 -9.990e-29 -9.990e-29 -9.990e-29 1.9916e+03 -9.990e-29     -0.580     -0.842    20.0714 0.0000e+00
     -0.592 -9.990e-29     5.6775 -9.990e-29 -9.990e-29 -9.990e-29 -9.990e-29 -9.990e-29 -9.990e-29 1.9925e+03 -9.990e-29     -0.580     -0.841    20.0442 0.0000e+00
