Data/DataNotYetUploadedToEDI/Raw_CTD/RawDownloads/070126_ccr10_S8188005.cnv
* Sea-Bird SBE19plus  Data File:
* FileName = C:\R\Reservoirs\Data\DataNotYetUploadedToEDI\Raw_CTD\RawDownloads\070126_ccr10_S8188_0005.hex
* Software version 2.8.0.119
* Temperature SN = 8188
* Conductivity SN = 8188
* System UpLoad Time = Jul 02 2026 16:07:37
* <ApplicationData>
* <Seaterm232>
# nquan = 16
# nvalues = 794                         
# units = specified
# name 0 = depFM: Depth [fresh water, m]
# name 1 = dz/dtM: Descent Rate [m/s]
# name 2 = sbeox0Mg/L: Oxygen, SBE 43 [mg/l]
# name 3 = sbeox0PS: Oxygen, SBE 43 [% saturation]
# name 4 = specc: Specific Conductance [uS/cm]
# name 5 = c0uS/cm: Conductivity [uS/cm]
# name 6 = wetCDOM: Fluorescence, WET Labs CDOM [mg/m^3]
# name 7 = flECO-AFL: Fluorescence, WET Labs ECO-AFL/FL [mg/m^3]
# name 8 = flECO-AFL1: Fluorescence, WET Labs ECO-AFL/FL, 2 [mg/m^3]
# name 9 = flECO-AFL2: Fluorescence, WET Labs ECO-AFL/FL, 3 [mg/m^3]
# name 10 = par/sat/log: PAR/Logarithmic, Satlantic
# name 11 = turbWETntu0: Turbidity, WET Labs ECO [NTU]
# name 12 = prdM: Pressure, Strain Gauge [db]
# name 13 = prdE: Pressure, Strain Gauge [psi]
# name 14 = tv290C: Temperature [ITS-90, deg C]
# name 15 = flag:  0.000e+00
# span 0 =     -0.430,      0.373       
# span 1 =     -0.163,      0.211       
# span 2 =     4.2423,     7.4736       
# span 3 =     54.649,     97.740       
# span 4 =   -393.850,    156.257       
# span 5 =-421.158274, 167.022743       
# span 6 =    -5.3100,    16.0200       
# span 7 =    -2.7489,   245.1606       
# span 8 =    -2.1300,     1.4058       
# span 9 =    -9.0099,     1.5651       
# span 10 = 5.3307e+01, 2.1877e+03      
# span 11 =   -12.4551,   971.0945      
# span 12 =     -0.421,      0.366      
# span 13 =     -0.611,      0.531      
# span 14 =    26.4543,    29.3296      
# span 15 = 0.0000e+00, 0.0000e+00      
# interval = seconds: 0.25
# start_time = Jul 02 2026 12:17:56 [Instrument's time stamp, header]
# bad_flag = -9.990e-29
*END*
[from data line 724]
      0.138     -0.118     4.4378     56.216    154.773 165.897986    13.4100     1.3596     0.1704     0.4653 1.2261e+02    20.1899      0.135      0.196    28.5568 0.0000e+00
      0.107     -0.127     4.4035     56.334    154.437 165.569047    13.4100     1.3787     0.1704     0.4653 8.9624e+01    20.2050      0.105      0.152    28.5630 0.0000e+00
      0.074     -0.135     4.3764     56.699    153.906 165.038355    13.4100     1.3558     0.1704     0.4653 9.3240e+01    20.1144      0.072      0.105    28.5707 0.0000e+00
      0.038     -0.143     4.3589     57.393    153.003 164.122295    13.4100     1.1841     0.1704     0.4653 8.5850e+01    12.9539      0.037      0.054    28.5795 0.0000e+00
     -0.000     -0.151     4.3529     58.507    151.457 162.534483    13.2300     1.1879     0.1704     0.4653 1.0569e+02    12.9841     -0.000     -0.000    28.5893 0.0000e+00
     -0.040     -0.158     4.3610     60.191    148.878 159.859525    13.2300     1.1727     0.1704     0.4653 6.0739e+02    12.9841     -0.040     -0.057    28.6010 0.0000e+00
     -0.082     -0.162     4.3879     62.659    144.593 155.386108    13.2300     1.1689     0.1704     0.4653 5.8092e+02    12.9841     -0.080     -0.117    28.6162 0.0000e+00
     -0.125     -0.163     4.4396     66.149    137.546 147.987481    13.2300     0.8293     0.1704     0.4653 3.1395e+02     8.4673     -0.123     -0.178    28.6372 0.0000e+00
     -0.169     -0.161     4.5230     70.775    126.131 135.911211    13.2300     0.8141     0.1704     0.4653 3.0428e+02     8.5126     -0.166     -0.240    28.6667 0.0000e+00
     -0.212     -0.153     4.6493     76.289    107.644 116.169527    13.0500     0.8065     0.1278     0.3807 3.3663e+02     8.5126     -0.208     -0.301    28.7077 0.0000e+00
     -0.253     -0.141     4.8342     82.089     82.583  89.233573    13.0500     0.7988     0.1278     0.3807 4.4054e+02     8.4975     -0.248     -0.359    28.7663 0.0000e+00
     -0.289     -0.126     5.0953     87.502     58.253  63.000800    13.0500     8.6038     0.1278     0.3807 5.3535e+02    -6.6996     -0.284     -0.412    28.8498 0.0000e+00
     -0.320     -0.108     5.4412     92.000     40.768  44.126540    13.0500     8.6038     0.1278     0.3807 1.4074e+03    -6.6240     -0.314     -0.455    28.9569 0.0000e+00
     -0.344     -0.090     5.8538     95.253     29.829  32.312891     0.0000     8.5809    -0.5538    -8.0370 1.6999e+03    -6.6693     -0.338     -0.490    29.0718 0.0000e+00
     -0.363     -0.072     6.2888     97.141     23.074  25.014610     0.0000     8.5886    -0.5538    -8.0370 1.7920e+03    -6.7600     -0.356     -0.517    29.1741 0.0000e+00
     -0.378     -0.057     6.6961     97.740     18.801  20.394943     0.0000     0.3334    -0.5538    -8.0370 1.8314e+03     7.3645     -0.371     -0.537    29.2506 0.0000e+00
     -0.389     -0.045     7.0357     97.299     16.001  17.363266     0.0000     0.3601    -0.5538    -8.0370 1.8583e+03     7.3343     -0.382     -0.554    29.2987 0.0000e+00
     -0.398     -0.035     7.2825     96.187     14.143  15.347931     0.0000     0.3563    -1.4910     0.0846 1.8270e+03     7.3494     -0.391     -0.566    29.3230 0.0000e+00
     -0.405     -0.027     7.4266     94.790     12.895  13.992591     0.0000     0.3639    -1.4910     0.0846 1.9261e+03     7.3343     -0.397     -0.576    29.3296 0.0000e+00
     -0.411     -0.021     7.4736     93.398     12.017  13.037303     0.0000     9.5842    -1.4910     0.0846 1.6943e+03   970.9736     -0.403     -0.584    29.3235 0.0000e+00
     -0.415     -0.016     7.4420     92.169     11.332  12.290994     0.0000     9.5422    -1.4910     0.0846 1.2534e+03   970.8981     -0.407     -0.590    29.3088 0.0000e+00
     -0.418     -0.013     7.3596     91.156     10.720  11.624290     0.0000     9.5499     1.4058    -3.0033 6.6543e+02   970.8830     -0.410     -0.594    29.2895 0.0000e+00
     -0.421     -0.010     7.2555     90.359     10.139  10.990721     0.0000     9.5918     1.4058    -3.0033 1.6297e+03   970.9434     -0.413     -0.598    29.2686 0.0000e+00
     -0.422     -0.008     7.1516     89.750      9.595  10.398413     0.0000    -0.7385     1.4058    -3.0033 1.1833e+03    11.5641     -0.414     -0.600    29.2476 0.0000e+00
     -0.424     -0.006     7.0601     89.295      9.118   9.878426     0.0000    -0.7690     1.4058    -3.0033 7.8492e+02    11.6246     -0.416     -0.603    29.2272 0.0000e+00
     -0.425     -0.005     6.9848     88.962      8.744   9.471152     0.0000    -0.7576     1.4058    -3.0033 1.2340e+03    11.5641     -0.417     -0.604    29.2082 0.0000e+00
     -0.426     -0.004     6.9259     88.724      8.459   9.159503     0.0000    -0.7767    -1.7892    -0.0423 1.3560e+03    11.4584     -0.418     -0.606    29.1909 0.0000e+00
     -0.427     -0.003     6.8812     88.551      8.212   8.890212     0.0000    -1.8639    -1.7892    -0.0423 1.4299e+03    -0.7627     -0.419     -0.607    29.1752 0.0000e+00
     -0.427     -0.002     6.8480     88.426      7.983   8.639215     0.0000    -1.8639    -1.7892    -0.0423 1.4135e+03    -0.8685     -0.419     -0.608    29.1604 0.0000e+00
     -0.428     -0.002     6.8243     88.334      7.771   8.407217     0.0000    -1.8753    -1.7892    -0.0423 9.3863e+02    -0.8383     -0.420     -0.608    29.1459 0.0000e+00
     -0.428     -0.001     6.8077     88.265      7.571   8.188056     0.0000    -1.8906     0.5964    -1.9458 1.1330e+03    -0.7778     -0.420     -0.609    29.1313 0.0000e+00
     -0.428     -0.001     6.7964     88.214      7.341   7.937214     0.0000    -2.7336     0.5964    -1.9458 2.4570e+02     0.9443     -0.420     -0.609    29.1160 0.0000e+00
     -0.428     -0.001     6.7887     88.177      7.045   7.615651     0.0000    -2.7375     0.5964    -1.9458 2.0283e+03     0.8235     -0.420     -0.609    29.1001 0.0000e+00
     -0.429     -0.001     6.7835     88.147      6.684   7.223157     0.0000    -2.7375     0.5964    -1.9458 2.1209e+02     0.8537     -0.421     -0.610    29.0838 0.0000e+00
     -0.429     -0.001     6.7802     88.122      6.338   6.846035     0.0000    -2.7489     0.2130    -5.5413 2.1445e+02     0.9292     -0.421     -0.610    29.0675 0.0000e+00
     -0.429     -0.001     6.7781     88.108      6.100   6.586619     0.0000   245.1606     0.2130    -5.5413 2.0730e+02    10.4009     -0.421     -0.610    29.0517 0.0000e+00
     -0.429     -0.000     6.7771     88.114      5.929   6.397616     0.0000   245.1606     0.2130    -5.5413 2.0560e+02    10.4311     -0.421     -0.610    29.0361 0.0000e+00
     -0.429     -0.000     6.7768     88.141      5.778   6.230613     0.0000   245.1530     0.2130    -5.5413 2.0100e+02    10.3556     -0.421     -0.611    29.0192 0.0000e+00
     -0.429     -0.000     6.7774     88.181      5.698   6.138544     0.0000   245.1263    -0.0852    -0.3807 1.4119e+03    10.3103     -0.421     -0.611    28.9987 0.0000e+00
     -0.429 -1.880e-09     6.7795     88.230      5.717   6.152553     0.0000    -0.1320    -0.0852    -0.3807 1.0095e+03    -1.8202     -0.421     -0.611    28.9721 0.0000e+00
     -0.429 -2.418e-09     6.7840     88.287      5.821   6.258474     0.0000    -0.1434    -0.0852    -0.3807 2.5083e+02    -1.9108     -0.421     -0.611    28.9382 0.0000e+00
     -0.430 -3.108e-09     6.7908     88.354      5.949   6.391061     0.0000    -0.1358    -0.0852    -0.3807 7.8305e+02    -1.8353     -0.421     -0.611    28.8981 0.0000e+00
     -0.430 -3.997e-09     6.7991     88.427      6.023   6.464332     0.0000    -0.1282    -0.0852    -0.3807 4.4487e+02    -1.7446     -0.421     -0.611    28.8538 0.0000e+00
     -0.430 -5.139e-09     6.8085     88.501      6.064   6.503792     0.0000    -0.4562    -0.1278    -1.3113 1.4396e+02     2.4549     -0.421     -0.611    28.8070 0.0000e+00
     -0.429 -6.607e-09     6.8186     88.574      6.155   6.595554     0.0000    -0.4524    -0.1278    -1.3113 1.3671e+02     2.5003     -0.421     -0.611    28.7591 0.0000e+00
     -0.429 -8.494e-09     6.8295     88.645      6.274   6.718334     0.0000    -0.4639    -0.1278    -1.3113 1.2697e+02     2.5607     -0.421     -0.611    28.7113 0.0000e+00
     -0.429 -1.092e-08     6.8408     88.712      6.384   6.831276     0.0000    -0.4677    -0.1278    -1.3113 1.2023e+02     2.4398     -0.421     -0.611    28.6645 0.0000e+00
     -0.430 -1.404e-08     6.8519     88.769      6.480   6.928689     0.0000     0.1503     0.0000    -0.1692 1.3109e+02    -0.0678     -0.421     -0.611    28.6195 0.0000e+00
     -0.430 -1.805e-08     6.8627     88.815      6.547   6.996767     0.0000     0.1770     0.0000    -0.1692 1.3808e+02    -0.1585     -0.421     -0.611    28.5765 0.0000e+00
     -0.430 -2.321e-08     6.8732     88.851      6.625   7.075544     0.0000     0.1656     0.0000    -0.1692 1.4050e+02    -0.0527     -0.421     -0.611    28.5357 0.0000e+00
     -0.430 -2.984e-08     6.8830     88.880      6.747   7.201942     0.0000     0.1656     0.0000    -0.1692 1.3965e+02    -0.0225     -0.421     -0.611    28.4967 0.0000e+00
     -0.430 -3.837e-08     6.8920     88.904      6.951   7.415634     0.0000    -0.2617    -0.1278     0.0000 1.4428e+02     0.1286     -0.421     -0.611    28.4599 0.0000e+00
     -0.430 -4.933e-08     6.8997     88.926      7.174   7.650264     0.0000    -0.2769    -0.1278     0.0000 1.1617e+02     0.1134     -0.421     -0.611    28.4255 0.0000e+00
     -0.430 -6.343e-08     6.9063     88.950      7.199   7.673979     0.0000    -0.2541    -0.1278     0.0000 1.1099e+02     0.0983     -0.421     -0.611    28.3938 0.0000e+00
     -0.430 -8.155e-08     6.9121     88.983      7.042   7.503053     0.0000    -0.2846    -0.1278     0.0000 1.4219e+02     0.1437     -0.421     -0.611    28.3648 0.0000e+00
     -0.430 -1.049e-07     6.9172     89.040      6.842   7.286862     0.0000    -0.2769    -0.0426    -0.1269 1.2642e+02     1.6090     -0.421     -0.611    28.3381 0.0000e+00
     -0.430 -1.348e-07     6.9220     89.127      6.556   6.979694     0.0000    -0.2502    -0.0426    -0.1269 9.9889e+01     1.5939     -0.421     -0.611    28.3128 0.0000e+00
     -0.430 -1.733e-07     6.9268     89.238      6.191   6.589152     0.0000    -0.2693    -0.0426    -0.1269 1.0910e+02     1.5939     -0.421     -0.611    28.2885 0.0000e+00
     -0.430 -2.228e-07     6.9323     89.363      5.843   6.215985     0.0000    -0.2731    -0.0426    -0.1269 1.2176e+02     1.6241     -0.421     -0.611    28.2653 0.0000e+00
     -0.430 -2.865e-07     6.9394     89.488      5.589   5.943684     0.0000    -0.2731    -0.0426    -0.1269 1.2582e+02     1.8205     -0.421     -0.611    28.2428 0.0000e+00
     -0.430 -3.684e-07     6.9490     89.596      5.425   5.767264     0.0000    -0.2655     0.0000    -0.1692 1.1896e+02     1.9262     -0.421     -0.611    28.2205 0.0000e+00
     -0.430 -4.736e-07     6.9604     89.678      5.251   5.580005     0.0000    -0.2693     0.0000    -0.1692 1.1663e+02     1.8054     -0.421     -0.611    28.1982 0.0000e+00
     -0.430 -6.090e-07     6.9728     89.733      5.143   5.463250     0.0000    -0.2769     0.0000    -0.1692 1.1289e+02     1.8205     -0.421     -0.611    28.1766 0.0000e+00
     -0.430 -6.475e-07     6.9850     89.767      5.210   5.533053     0.0000    -0.2922     0.0000    -0.1692 1.1847e+02     2.1679     -0.421     -0.611    28.1562 0.0000e+00
     -0.430 -5.917e-07     6.9957     89.783      5.326   5.654872     0.0000    -0.2693     0.0000    -0.2115 1.2489e+02     2.1075     -0.421     -0.611    28.1375 0.0000e+00
     -0.430 -5.735e-07     7.0042     89.786      5.369   5.700080     0.0000    -0.2846     0.0000    -0.2115 1.4873e+02     2.0773     -0.421     -0.611    28.1207 0.0000e+00
     -0.430 -9.990e-29     7.0103 -9.990e-29 -9.990e-29 -9.990e-29     0.0000 -9.990e-29     0.0000    -0.2115 1.5500e+02 -9.990e-29     -0.421     -0.611    28.1060 0.0000e+00
     -0.430 -9.990e-29     7.0145 -9.990e-29 -9.990e-29 -9.990e-29     0.0000 -9.990e-29     0.0000    -0.2115 1.6171e+02 -9.990e-29     -0.421     -0.611    28.0938 0.0000e+00
     -0.430 -9.990e-29     7.0168 -9.990e-29 -9.990e-29 -9.990e-29     0.0000 -9.990e-29     0.0000    -0.2961 1.6707e+02 -9.990e-29     -0.421     -0.611    28.0851 0.0000e+00
     -0.430 -9.990e-29     7.0175 -9.990e-29 -9.990e-29 -9.990e-29     0.0000 -9.990e-29     0.0000    -0.2961 1.6602e+02 -9.990e-29     -0.421     -0.611    28.0818 0.0000e+00
