Data/DataNotYetUploadedToEDI/Raw_CTD/RawDownloads/070126_ccr50_S8188003.cnv
* Sea-Bird SBE19plus  Data File:
* FileName = C:\R\Reservoirs\Data\DataNotYetUploadedToEDI\Raw_CTD\RawDownloads\070126_ccr10_S8188_0003.hex
* Software version 2.8.0.119
* Temperature SN = 8188
* Conductivity SN = 8188
* System UpLoad Time = Jul 02 2026 16:06:53
* <ApplicationData>
* <Seaterm232>
# nquan = 16
# nvalues = 2513                        
# units = specified
# name 0 = depFM: Depth [fresh water, m]
# name 1 = dz/dtM: Descent Rate [m/s]
# name 2 = sbeox0Mg/L: Oxygen, SBE 43 [mg/l]
# name 3 = sbeox0PS: Oxygen, SBE 43 [% saturation]
# name 4 = specc: Specific Conductance [uS/cm]
# name 5 = c0uS/cm: Conductivity [uS/cm]
# name 6 = wetCDOM: Fluorescence, WET Labs CDOM [mg/m^3]
# name 7 = flECO-AFL: Fluorescence, WET Labs ECO-AFL/FL [mg/m^3]
# name 8 = flECO-AFL1: Fluorescence, WET Labs ECO-AFL/FL, 2 [mg/m^3]
# name 9 = flECO-AFL2: Fluorescence, WET Labs ECO-AFL/FL, 3 [mg/m^3]
# name 10 = par/sat/log: PAR/Logarithmic, Satlantic
# name 11 = turbWETntu0: Turbidity, WET Labs ECO [NTU]
# name 12 = prdM: Pressure, Strain Gauge [db]
# name 13 = prdE: Pressure, Strain Gauge [psi]
# name 14 = tv290C: Temperature [ITS-90, deg C]
# name 15 = flag:  0.000e+00
# span 0 =     -0.400,     16.432       
# span 1 =     -0.221,      0.238       
# span 2 =     0.4627,    10.9998       
# span 3 =      4.311,    122.214       
# span 4 =   -622.366,    192.361       
# span 5 =-486.620960, 164.206014       
# span 6 =    -4.5000,    58.4100       
# span 7 =    -0.6699,    14.0971       
# span 8 =    -2.1300,     1.3632       
# span 9 =    -7.3602,     3.6378       
# span 10 = 1.1567e-01, 2.4440e+03      
# span 11 =    -5.1134,   482.5827      
# span 12 =     -0.392,     16.114      
# span 13 =     -0.570,     23.372      
# span 14 =    12.1195,    28.7601      
# span 15 = 0.0000e+00, 0.0000e+00      
# interval = seconds: 0.25
# start_time = Jul 02 2026 11:03:17 [Instrument's time stamp, header]
# bad_flag = -9.990e-29
*END*
[from data line 724]
      0.806      0.000     7.6025     98.156    151.035 161.937042     6.5700     0.0816     0.0426     0.0846 7.4671e+01    -0.1887      0.790      1.146    28.5962 0.0000e+00
      0.806     -0.001     7.6009     98.153    151.054 161.962816     6.5700     0.0664     0.0426     0.0846 7.3672e+01    -0.2340      0.790      1.146    28.5976 0.0000e+00
      0.806     -0.002     7.5998     98.139    151.059 161.973802     6.5700     0.0778     0.0426     0.0846 7.4234e+01    -0.1283      0.790      1.146    28.5991 0.0000e+00
      0.805     -0.003     7.5993     98.117    151.048 161.968920     6.5700     0.0816     0.0426     0.0846 7.4331e+01    -0.2189      0.789      1.145    28.6007 0.0000e+00
      0.804     -0.003     7.5991     98.090    151.040 161.966914     6.5700     0.0931     0.0426     0.1692 7.3464e+01    -0.3397      0.789      1.144    28.6022 0.0000e+00
      0.803     -0.004     7.5986     98.063    151.038 161.973260     6.5700     0.0816     0.0426     0.1692 7.3193e+01    -0.1736      0.787      1.142    28.6039 0.0000e+00
      0.801     -0.004     7.5973     98.039    151.034 161.977626     6.5700     0.0664     0.0426     0.1692 7.3945e+01    -0.1887      0.786      1.140    28.6057 0.0000e+00
      0.800     -0.003     7.5953     98.017    151.028 161.981177     6.5700     0.0740     0.0426     0.1692 7.3161e+01    -0.1736      0.785      1.138    28.6079 0.0000e+00
      0.799     -0.003     7.5929     98.005    151.035 161.996885     6.5700     0.0816     0.0426     0.1692 7.2576e+01    -0.2038      0.784      1.137    28.6103 0.0000e+00
      0.799     -0.002     7.5905     98.004    151.041 162.010902     6.6600     0.0855     0.0000     0.1269 7.4089e+01    -0.2944      0.783      1.136    28.6131 0.0000e+00
      0.799     -0.001     7.5882     98.009    151.025 162.000908     6.6600     0.0473     0.0000     0.1269 7.3848e+01    -0.2340      0.783      1.136    28.6161 0.0000e+00
      0.799     -0.000     7.5861     98.015    150.994 161.974260     6.6600     0.0778     0.0000     0.1269 7.2686e+01    -0.1736      0.783      1.136    28.6191 0.0000e+00
      0.799      0.000     7.5848     98.030    150.963 161.945901     6.6600     0.0664     0.0000     0.1269 7.3608e+01    -0.1887      0.783      1.136    28.6220 0.0000e+00
      0.798      0.001     7.5844     98.057    150.939 161.924304     6.6600     0.0588     0.0426     0.1692 7.3480e+01    -0.2491      0.783      1.136    28.6247 0.0000e+00
      0.799      0.002     7.5844     98.092    150.935 161.923753     6.6600     0.0855     0.0426     0.1692 7.3130e+01    -0.1434      0.783      1.136    28.6270 0.0000e+00
      0.799      0.002     7.5846     98.127    150.955 161.948110     6.6600     0.0778     0.0426     0.1692 7.2276e+01    -0.2340      0.784      1.137    28.6290 0.0000e+00
      0.800      0.003     7.5855     98.152    150.977 161.973804     6.6600     0.0664     0.0426     0.1692 7.2686e+01    -0.2642      0.785      1.138    28.6307 0.0000e+00
      0.801      0.003     7.5875     98.161    150.973 161.971610     6.6600     0.0969     0.0426     0.0000 7.2812e+01    -0.1736      0.786      1.140    28.6320 0.0000e+00
      0.802      0.003     7.5900     98.158    150.941 161.936933     6.6600     0.0740     0.0426     0.0000 7.2151e+01    -0.1585      0.787      1.141    28.6332 0.0000e+00
      0.802      0.003     7.5926     98.156    150.913 161.904623     6.6600     0.0588     0.0426     0.0000 7.2151e+01    -0.1585      0.787      1.141    28.6341 0.0000e+00
      0.803      0.003     7.5944     98.167    150.917 161.904146     6.6600     0.0778     0.0426     0.0000 7.2860e+01    -0.1434      0.788      1.142    28.6349 0.0000e+00
      0.804      0.003     7.5950     98.184    150.943 161.923349     6.6600     0.0778     0.0426     0.0000 7.4089e+01    -0.2189      0.789      1.144    28.6354 0.0000e+00
      0.805      0.002     7.5948     98.197    150.965 161.937287     6.5700     0.0588     0.0426     0.2115 7.5339e+01    -0.2038      0.790      1.145    28.6355 0.0000e+00
      0.805      0.002     7.5947     98.201    150.970 161.931636     6.5700     0.0664     0.0426     0.2115 7.3400e+01    -0.2340      0.790      1.146    28.6349 0.0000e+00
      0.806      0.001     7.5958     98.196    150.967 161.918920     6.5700     0.0931     0.0426     0.2115 7.4477e+01    -0.1131      0.791      1.146    28.6332 0.0000e+00
      0.806      0.000     7.5974     98.185    150.977 161.921803     6.5700     0.0549     0.0426     0.2115 7.5832e+01    -0.2038      0.791      1.146    28.6305 0.0000e+00
      0.806      0.000     7.5989     98.166    150.993 161.933036     6.6600     0.0969     0.0852     0.2115 7.5209e+01     0.0983      0.791      1.146    28.6271 0.0000e+00
      0.805     -0.001     7.5997     98.140    150.990 161.927554     6.6600     0.0816     0.0852     0.2115 7.3961e+01     0.0530      0.790      1.146    28.6236 0.0000e+00
      0.805     -0.001     7.5998     98.112    150.969 161.903895     6.6600     0.0588     0.0852     0.2115 7.4980e+01    -0.0376      0.790      1.145    28.6203 0.0000e+00
      0.804     -0.001     7.5992     98.099    150.955 161.887819     6.6600     0.0855     0.0852     0.2115 7.5849e+01    -0.0074      0.789      1.145    28.6177 0.0000e+00
      0.804     -0.002     7.5980     98.109    150.957 161.891075     6.5700     0.0778     0.0426     0.0423 7.4915e+01    -0.2642      0.788      1.144    28.6160 0.0000e+00
      0.803     -0.003     7.5961     98.138    150.967 161.902505     6.5700     0.1007     0.0426     0.0423 7.4412e+01    -0.1736      0.788      1.143    28.6152 0.0000e+00
      0.803     -0.004     7.5940     98.173    150.971 161.909121     6.5700     0.1084     0.0426     0.0423 7.5470e+01    -0.2642      0.788      1.143    28.6148 0.0000e+00
      0.803     -0.007     7.5930     98.198    150.957 161.896653     6.5700     0.0511     0.0426     0.0423 7.4931e+01    -0.2038      0.787      1.142    28.6146 0.0000e+00
      0.801     -0.010     7.5938     98.205    150.929 161.869794     6.6600     0.0702     0.0426     0.0846 7.3576e+01    -0.2038      0.786      1.140    28.6147 0.0000e+00
      0.799     -0.016     7.5960     98.196    150.903 161.845435     6.6600     0.0740     0.0426     0.0846 7.4299e+01    -0.2340      0.783      1.136    28.6151 0.0000e+00
      0.794     -0.022     7.5986     98.174    150.877 161.821088     6.6600     0.0511     0.0426     0.0846 7.2591e+01    -0.2340      0.779      1.130    28.6158 0.0000e+00
      0.788     -0.030     7.6004     98.132    150.850 161.794269     6.6600     0.0702     0.0426     0.0846 7.2955e+01    -0.2491      0.773      1.121    28.6167 0.0000e+00
      0.780     -0.040     7.6008     98.059    150.827 161.765847     6.6600     0.0778     0.0426     0.0846 7.2654e+01    -0.2038      0.765      1.109    28.6177 0.0000e+00
      0.769     -0.051     7.6000     97.942    150.803 161.728241     6.4800     0.0893     0.0852     0.0423 7.3305e+01    -0.2038      0.755      1.094    28.6190 0.0000e+00
      0.756     -0.064     7.5981     97.773    150.794 161.695475     6.4800     0.0588     0.0852     0.0423 7.4541e+01    -0.3246      0.741      1.075    28.6202 0.0000e+00
      0.739     -0.077     7.5948     97.546    150.814 161.682864     6.4800     0.0664     0.0852     0.0423 7.5094e+01    -0.1434      0.724      1.051    28.6206 0.0000e+00
      0.717     -0.091     7.5893     97.256    150.832 161.662989     6.4800     0.0626     0.0852     0.0423 7.5832e+01    -0.1283      0.703      1.020    28.6193 0.0000e+00
      0.692     -0.102     7.5808     96.899    150.826 161.618522     6.5700     0.0664     0.0000     0.1269 7.8056e+01    -0.2491      0.678      0.984    28.6153 0.0000e+00
      0.662     -0.111     7.5687     96.487    150.817 161.573682     6.5700     0.0778     0.0000     0.1269 8.1381e+01    -0.2944      0.649      0.942    28.6078 0.0000e+00
      0.630     -0.116     7.5526     96.046    150.819 161.540562     6.5700     0.0969     0.0000     0.1269 8.1505e+01    -0.1887      0.618      0.896    28.5966 0.0000e+00
      0.597     -0.118     7.5318     95.616    150.824 161.514337     6.5700     0.0931     0.0000     0.1269 8.5738e+01    -0.2189      0.586      0.850    28.5835 0.0000e+00
      0.566     -0.116     7.5059     95.226    150.835 161.500036     6.5700     0.0778     0.0426     0.1269 8.7850e+01    -0.2491      0.555      0.805    28.5710 0.0000e+00
      0.536     -0.111     7.4755     94.886    150.848 161.493847     6.5700     0.0664     0.0426     0.1269 8.9333e+01    -0.0980      0.525      0.762    28.5592 0.0000e+00
      0.508     -0.105     7.4428     94.593    150.847 161.478083     6.5700     0.0664     0.0426     0.1269 8.9917e+01    -0.2642      0.498      0.723    28.5476 0.0000e+00
      0.483     -0.100     7.4109     94.343    150.830 161.448539     6.5700     0.0549     0.0426     0.1269 9.1932e+01    -0.1585      0.474      0.687    28.5370 0.0000e+00
      0.459     -0.095     7.3819     94.124    150.808 161.415377     6.5700     0.0664     0.0426     0.1269 8.9624e+01    -0.1434      0.451      0.653    28.5284 0.0000e+00
      0.437     -0.092     7.3563     93.921    150.785 161.381779     6.5700     0.0893     0.0426     0.1269 8.6977e+01    -0.1887      0.428      0.621    28.5218 0.0000e+00
      0.414     -0.090     7.3342     93.715    150.759 161.344799     6.5700     0.0778     0.0426     0.1269 9.2473e+01    -0.2642      0.406      0.589    28.5169 0.0000e+00
      0.391     -0.088     7.3153     93.494    150.745 161.318626     6.5700     0.1007     0.0426     0.1269 9.2473e+01    -0.2340      0.384      0.557    28.5132 0.0000e+00
      0.368     -0.086     7.2987     93.261    150.755 161.316323     6.5700     0.0664     0.0426     0.1269 9.4381e+01    -0.2491      0.361      0.524    28.5101 0.0000e+00
      0.346     -0.083     7.2834     93.023    150.767 161.315230     6.6600     0.0702     0.0426     0.1269 9.9499e+01    -0.2642      0.339      0.492    28.5073 0.0000e+00
      0.324     -0.078     7.2677     92.801    150.762 161.297013     6.6600     0.1007     0.0426     0.1269 9.9802e+01    -0.2038      0.318      0.461    28.5042 0.0000e+00
      0.304     -0.072     7.2511     92.610    150.765 161.286880     6.6600     0.0778     0.0426     0.1269 1.0797e+02    -0.1887      0.298      0.433    28.5005 0.0000e+00
      0.286     -0.066     7.2335     92.450    150.798 161.308184     6.6600     0.0778     0.0426     0.1269 1.1564e+02    -0.2189      0.281      0.407    28.4961 0.0000e+00
      0.271     -0.059     7.2157     92.312    150.843 161.340550     6.6600     0.0702     0.0426     0.0000 1.2373e+02    -0.2038      0.266      0.385    28.4914 0.0000e+00
      0.257     -0.052     7.1990     92.199    150.869 161.356530     6.6600     0.1007     0.0426     0.0000 1.5323e+02    -0.1434      0.252      0.366    28.4871 0.0000e+00
      0.245     -0.046     7.1847     92.122    150.870 161.350362     6.6600     0.0855     0.0426     0.0000 1.5246e+02    -0.2038      0.241      0.349    28.4829 0.0000e+00
      0.234     -0.039     7.1729     92.085    150.857 161.334431     6.6600     0.0816     0.0426     0.0000 1.7074e+02    -0.1283      0.230      0.333    28.4780 0.0000e+00
      0.225     -0.033     7.1629     92.084    150.856 161.332551     6.5700     0.0931     0.0000     0.1692 1.1579e+03    -0.1887      0.220      0.320    28.4728 0.0000e+00
      0.217     -0.026     7.1547     92.099    150.870 161.346224     6.5700     0.0816     0.0000     0.1692 2.8976e+02    -0.2038      0.213      0.308    28.4687 0.0000e+00
      0.211     -0.020     7.1490     92.123    150.879 161.355045     6.5700     0.0893     0.0000     0.1692 2.0100e+02    -0.2038      0.207      0.300    28.4665 0.0000e+00
      0.208     -0.013     7.1462     92.160    150.880 161.357356     6.5700     0.1084     0.0000     0.1692 1.7085e+02    -0.2340      0.204      0.295    28.4657 0.0000e+00
      0.205     -0.007     7.1461     92.208    150.885 161.365801     6.5700     0.0855     0.0000     0.1692 1.5023e+02    -0.1283      0.201      0.292    28.4655 0.0000e+00
      0.204     -0.000     7.1473     92.257    150.893 161.378623     6.7500     0.0931     0.0426     0.1692 1.4980e+02    -0.2038      0.200      0.290    28.4652 0.0000e+00
      0.205      0.007     7.1492     92.308    150.895 161.387215     6.7500     0.0969     0.0426     0.1692 1.4854e+02    -0.2340      0.201      0.291    28.4649 0.0000e+00
      0.207      0.014     7.1521     92.371    150.897 161.397877     6.7500     0.1007     0.0426     0.1692 1.4541e+02    -0.2642      0.203      0.294    28.4652 0.0000e+00
      0.211      0.023     7.1557     92.456    150.908 161.421471     6.7500     0.1122     0.0426     0.1692 1.8407e+02    -0.2038      0.207      0.300    28.4661 0.0000e+00
      0.217      0.032     7.1593     92.570    150.919 161.450257     6.6600     0.0969     0.0426     0.1692 2.0560e+02    -0.1736      0.213      0.309    28.4677 0.0000e+00
      0.226      0.042     7.1630     92.716    150.919 161.477881     6.6600     0.0702     0.0426     0.1692 1.9162e+02    -0.2642      0.222      0.322    28.4698 0.0000e+00
      0.238      0.052     7.1675     92.902    150.911 161.511711     6.6600     0.0740     0.0426     0.1692 2.1108e+02    -0.1283      0.234      0.339    28.4726 0.0000e+00
      0.253      0.063     7.1736     93.139    150.882 161.542730     6.6600     0.0931     0.0426     0.1692 2.4011e+02    -0.2189      0.248      0.359    28.4766 0.0000e+00
      0.270      0.074     7.1817     93.444    150.830 161.561175     6.6600     0.0740     0.0426     0.1692 8.6049e+02    -0.3246      0.265      0.384    28.4824 0.0000e+00
      0.290      0.084     7.1920     93.811    150.791 161.588004     6.6600     0.0588     0.0426     0.1692 1.9443e+02    -0.2340      0.285      0.412    28.4913 0.0000e+00
      0.313      0.091     7.2046     94.209    150.786 161.638395     6.6600     0.0931     0.0426     0.1692 1.6544e+02     0.0832      0.308      0.446    28.5054 0.0000e+00
      0.340      0.095     7.2203     94.618    150.793 161.689708     6.6600     0.0740     0.0426     0.1692 1.1375e+02    -0.0376      0.334      0.484    28.5259 0.0000e+00
      0.368      0.094     7.2409     95.018    150.787 161.719550     6.6600     0.1007     0.0426     0.1692 1.1420e+02     0.0681      0.362      0.524    28.5503 0.0000e+00
      0.395      0.089     7.2664     95.370    150.783 161.747907     6.6600     0.0702     0.0426     0.0846 1.0549e+02     0.0228      0.388      0.562    28.5733 0.0000e+00
      0.418      0.080     7.2948     95.639    150.796 161.790360     6.6600     0.0778     0.0426     0.0846 1.0982e+02    -0.2340      0.410      0.595    28.5918 0.0000e+00
      0.437      0.069     7.3246     95.807    150.798 161.818142     6.6600     0.1045     0.0426     0.0846 1.0687e+02    -0.2038      0.429      0.622    28.6062 0.0000e+00
      0.452      0.058     7.3540     95.885    150.775 161.818621     6.6600     0.0778     0.0426     0.0846 1.0996e+02    -0.2038      0.444      0.643    28.6183 0.0000e+00
      0.464      0.048     7.3799     95.899    150.762 161.828003     6.6600     0.0778     0.0852     0.1269 1.1333e+02    -0.1736      0.456      0.660    28.6290 0.0000e+00
      0.474      0.041     7.3995     95.871    150.782 161.872844     6.6600     0.0473     0.0852     0.1269 1.0345e+02    -0.2038      0.465      0.674    28.6385 0.0000e+00
      0.483      0.035     7.4114     95.816    150.806 161.919002     6.6600     0.0740     0.0852     0.1269 1.1801e+02    -0.1131      0.473      0.686    28.6472 0.0000e+00
