Data/DataNotYetUploadedToEDI/Raw_CTD/RawDownloads/070124_fcr10_S7809002.cnv
* Sea-Bird SBE19plus  Data File:
* FileName = C:\R\Reservoirs\Data\DataNotYetUploadedToEDI\Raw_CTD\RawDownloads\070124_fcr50_S7809_0002.hex
* Software version 2.8.0.119
* Temperature SN = 7809
* Conductivity SN = 7809
* System UpLoad Time = Jul 01 2024 15:46:42
* <ApplicationData>
* <Seaterm232>
# nquan = 15
# nvalues = 671                         
# units = specified
# name 0 = depFM: Depth [fresh water, m]
# name 1 = dz/dtM: Descent Rate [m/s]
# name 2 = sbeox0Mg/L: Oxygen, SBE 43 [mg/l]
# name 3 = sbeox0PS: Oxygen, SBE 43 [% saturation]
# name 4 = specc: Specific Conductance [uS/cm]
# name 5 = c0uS/cm: Conductivity [uS/cm]
# name 6 = flECO-AFL: Fluorescence, WET Labs ECO-AFL/FL [mg/m^3]
# name 7 = ph: pH
# name 8 = orp: Oxidation Reduction Potential [mV]
# name 9 = par/sat/log: PAR/Logarithmic, Satlantic
# name 10 = turbWETntu0: Turbidity, WET Labs ECO [NTU]
# name 11 = prdM: Pressure, Strain Gauge [db]
# name 12 = prdE: Pressure, Strain Gauge [psi]
# name 13 = tv290C: Temperature [ITS-90, deg C]
# name 14 = flag:  0.000e+00
# span 0 =     -0.624,      2.137       
# span 1 =     -0.234,      0.164       
# span 2 =     0.1008,    10.2131       
# span 3 =      1.163,    124.333       
# span 4 =      0.732,     99.135       
# span 5 =   0.672062,  90.227416       
# span 6 =    -0.7095,    41.1729       
# span 7 =      6.113,      9.299       
# span 8 =  -124.5203,  1240.2295       
# span 9 = 4.5112e+00, 2.6167e+03       
# span 10 =    -0.1647,    93.7392      
# span 11 =     -0.612,      2.096      
# span 12 =     -0.888,      3.040      
# span 13 =    20.4375,    26.6803      
# span 14 = 0.0000e+00, 0.0000e+00      
# interval = seconds: 0.25
# start_time = Jul 01 2024 12:14:02 [Instrument's time stamp, header]
# bad_flag = -9.990e-29
*END*
[from data line 386]
      1.394      0.020     3.1156     35.456     46.538  45.820261     1.4810      8.858   126.7815 1.5282e+01     5.4610      1.366      1.981    24.3041 0.0000e+00
      1.400      0.019     3.0936     34.873     46.552  45.824245     1.5129      8.854   126.9048 1.5174e+01     5.5095      1.373      1.991    24.2857 0.0000e+00
      1.405      0.017     3.0580     34.250     46.556  45.824755     1.5537      8.851   127.0689 1.5099e+01     5.5317      1.379      2.000    24.2638 0.0000e+00
      1.409      0.016     3.0176     33.643     46.560  45.823788     1.5899      8.849   127.3201 1.5040e+01     5.5791      1.382      2.006    24.2368 0.0000e+00
      1.412      0.015     2.9748     33.127     46.575  45.831585     1.6119      8.847   127.6296 1.4955e+01     5.6517      1.384      2.008    24.2163 0.0000e+00
      1.415      0.015     2.9285     32.739     46.593  45.844208     1.6445      8.844   127.9231 1.4808e+01     5.7475      1.387      2.012    24.2071 0.0000e+00
      1.418      0.015     2.8712     32.474     46.598  45.849096     1.7213      8.841   128.1407 1.4586e+01     5.8756      1.390      2.016    24.2106 0.0000e+00
      1.422      0.015     2.8133     32.300     46.596  45.851916     1.8223      8.836   128.3014 1.4325e+01     6.0051      1.394      2.022    24.2092 0.0000e+00
      1.427      0.015     2.7698     32.184     46.600  45.864171     1.8940      8.832   128.4717 1.4106e+01     6.0838      1.400      2.030    24.1931 0.0000e+00
      1.432      0.014     2.7386     32.099     46.607  45.879319     1.9241      8.827   128.6111 1.3995e+01     6.1183      1.406      2.037    24.1825 0.0000e+00
      1.436      0.013     2.7180     32.035     46.613  45.895083     1.9416      8.823   128.6321 1.3982e+01     6.1419      1.409      2.043    24.1877 0.0000e+00
      1.438      0.011     2.7058     31.987     46.624  45.918496     1.9614      8.821   128.5954 1.4013e+01     6.1531      1.411      2.046    24.1958 0.0000e+00
      1.440      0.011     2.6970     31.932     46.637  45.945060     1.9754      8.819   128.6591 1.4043e+01     6.1438      1.412      2.047    24.2048 0.0000e+00
      1.441      0.011     2.6900     31.813     46.654  45.961632     1.9838      8.818   128.9240 1.4058e+01     6.1232      1.414      2.050    24.2172 0.0000e+00
      1.443      0.012     2.6839     31.567     46.680  45.964562     2.0313      8.816   129.3166 1.4058e+01     6.1207      1.415      2.052    24.2203 0.0000e+00
      1.446      0.014     2.6796     31.152     46.725  45.966415     2.1845      8.813   129.6355 1.4029e+01     6.1856      1.417      2.055    24.2292 0.0000e+00
      1.451      0.016     2.6782     30.557     46.787  45.982647     2.4090      8.809   129.8150 1.3964e+01     6.3082      1.421      2.061    24.2623 0.0000e+00
      1.456      0.018     2.6720     29.819     46.857  46.015777     2.5761      8.806   129.9482 1.3884e+01     6.4012      1.427      2.070    24.2804 0.0000e+00
      1.462      0.019     2.6548     29.016     46.930  46.058863     2.6667      8.804   130.0414 1.3819e+01     6.4462      1.434      2.080    24.2453 0.0000e+00
      1.467      0.019     2.6250     28.201     47.017  46.117281     2.7828      8.801   130.0754 1.3754e+01     6.5474      1.440      2.088    24.1794 0.0000e+00
      1.471      0.019     2.5763     27.364     47.141  46.208588     2.9425      8.798   130.1709 1.3676e+01     6.7415      1.443      2.092    24.1243 0.0000e+00
      1.475      0.019     2.5083     26.473     47.301  46.326652     3.0677      8.795   130.3689 1.3593e+01     6.9200      1.448      2.098    24.0892 0.0000e+00
      1.480      0.019     2.4372     25.517     47.454  46.431215     3.1684      8.792   130.5089 1.3509e+01     7.0484      1.451      2.105    24.0645 0.0000e+00
      1.485      0.018     2.3722     24.457     47.560  46.491438     3.3396      8.788   130.5126 1.3399e+01     7.2443      1.456      2.112    24.0414 0.0000e+00
      1.491      0.018     2.3078     23.186     47.624  46.518018     3.5662      8.784   130.4938 1.3236e+01     7.5321      1.462      2.121    24.0128 0.0000e+00
      1.496      0.017     2.2329     21.601     47.676  46.542425     3.7440      8.782   130.5658 1.3030e+01     7.7780      1.468      2.129    23.9726 0.0000e+00
      1.500      0.016     2.1528     19.713     47.736  46.579802     3.9245      8.781   130.7354 1.2844e+01     7.9499      1.471      2.135    23.9172 0.0000e+00
      1.503      0.016     2.0769     17.683     47.798  46.618948     4.2835      8.778   130.9486 1.2730e+01     8.1663      1.473      2.137    23.8596 0.0000e+00
      1.506      0.016     1.9795     15.731     47.850  46.648307     4.7713      8.775   131.1536 1.2672e+01     8.4440      1.476      2.141    23.8226 0.0000e+00
      1.509      0.017     1.8468     14.012     47.894  46.673726     5.1443      8.772   131.3152 1.2622e+01     8.6616      1.480      2.146    23.8056 0.0000e+00
      1.514      0.018     1.6774     12.581     47.939  46.707141     5.4400      8.770   131.4249 1.2559e+01     8.7213      1.485      2.153    23.7867 0.0000e+00
      1.519      0.019     1.4864     11.442     47.994  46.758767     5.9466      8.767   131.4859 1.2481e+01     8.5778      1.491      2.162    23.7606 0.0000e+00
      1.524      0.019     1.3138     10.603     48.090  46.858406     6.6163      8.763   131.4907 1.2391e+01     8.2969      1.495      2.169    23.7361 0.0000e+00
      1.530      0.019     1.1679     10.049     48.311  47.082011     7.0827      8.761   131.5334 1.2292e+01     8.0753      1.501      2.176    23.7146 0.0000e+00
      1.535      0.019     1.0484      9.716     48.718  47.479241     7.2539      8.760   131.7512 1.2185e+01     8.0144      1.506      2.185    23.7015 0.0000e+00
      1.539      0.018     0.9511      9.534     49.218  47.954681     7.3549      8.757   132.0639 1.2067e+01     8.0227      1.510      2.189    23.7015 0.0000e+00
      1.543      0.018     0.8777      9.456     49.629  48.332777     7.5307      8.753   132.2739 1.1934e+01     7.9907      1.513      2.194    23.7109 0.0000e+00
      1.548      0.018     0.8373      9.430     49.910  48.582763     7.7275      8.749   132.3458 1.1799e+01     7.9078      1.518      2.201    23.7265 0.0000e+00
      1.553      0.017     0.8148      9.363     50.251  48.900064     7.8428      8.747   132.4036 1.1682e+01     7.8320      1.523      2.209    23.7366 0.0000e+00
      1.558      0.017     0.8003      9.160     50.860  49.481910     7.8595      8.744   132.5623 1.1592e+01     7.8045      1.528      2.217    23.7235 0.0000e+00
      1.562      0.017     0.7953      8.792     51.673  50.256468     7.8143      8.741   132.7820 1.1521e+01     7.7930      1.532      2.223    23.6885 0.0000e+00
      1.566      0.017     0.8009      8.307     52.450  50.985592     7.7478      8.737   132.9215 1.1461e+01     7.7568      1.535      2.227    23.6542 0.0000e+00
      1.569      0.016     0.8034      7.762     53.122  51.610600     7.6955      8.734   132.9392 1.1400e+01     7.6924      1.539      2.232    23.6416 0.0000e+00
      1.574      0.016     0.7885      7.171     53.814  52.258079     7.6315      8.730   132.9189 1.1332e+01     7.5432      1.543      2.238    23.6455 0.0000e+00
      1.579      0.016     0.7527      6.525     54.558  52.954672     7.4939      8.727   132.9370 1.1269e+01     7.2155      1.549      2.246    23.6377 0.0000e+00
      1.583      0.016     0.7050      5.860     55.227  53.566346     7.3141      8.723   133.0036 1.1215e+01     6.8018      1.552      2.251    23.5991 0.0000e+00
      1.586      0.016     0.6606      5.239     55.701  53.974802     7.1921      8.719   133.1195 1.1158e+01     6.5407      1.555      2.255    23.5613 0.0000e+00
      1.590      0.016     0.6143      4.682     55.991  54.199018     7.1166      8.714   133.2602 1.1094e+01     6.4540      1.559      2.261    23.5491 0.0000e+00
      1.594      0.016     0.5568      4.166     56.176  54.324508     6.9796      8.709   133.3226 1.1030e+01     6.3460      1.562      2.267    23.5343 0.0000e+00
      1.599      0.015     0.4931      3.693     56.314  54.415510     6.7819      8.705   133.3145 1.0970e+01     6.1515      1.568      2.275    23.5013 0.0000e+00
      1.603      0.015     0.4394      3.287     56.485  54.549905     6.6322      8.702   133.4187 1.0915e+01     5.9893      1.572      2.280    23.4494 0.0000e+00
      1.607      0.015     0.3984      2.951     56.742  54.777114     6.5369      8.698   133.6857 1.0869e+01     5.9248      1.576      2.285    23.3898 0.0000e+00
      1.609      0.016     0.3538      2.686     57.006  55.013570     6.3888      8.693   133.9659 1.0827e+01     5.8823      1.579      2.290    23.3398 0.0000e+00
      1.612      0.017     0.3087      2.511     57.108  55.097810     6.1785      8.688   134.1514 1.0776e+01     5.7971      1.580      2.292    23.2993 0.0000e+00
      1.617      0.018     0.2768      2.421     56.981  54.974337     6.0163      8.684   134.2848 1.0710e+01     5.7008      1.584      2.298    23.2748 0.0000e+00
      1.623      0.019     0.2490      2.390     56.787  54.805999     5.9429      8.679   134.4702 1.0640e+01     5.6516      1.591      2.308    23.2622 0.0000e+00
      1.629      0.020     0.2227      2.386     56.816  54.859972     5.9066      8.674   134.7342 1.0576e+01     5.6765      1.598      2.318    23.2483 0.0000e+00
      1.634      0.021     0.2083      2.397     57.189  55.224616     5.8773      8.670   135.0429 1.0522e+01     5.7400      1.602      2.325    23.2271 0.0000e+00
      1.638      0.023     0.2038      2.436     57.714  55.697688     5.8591      8.665   135.3656 1.0469e+01     5.7687      1.606      2.330    23.2147 0.0000e+00
      1.643      0.025     0.2030      2.523     58.135  56.037842     5.8438      8.659   135.6148 1.0391e+01     5.7355      1.610      2.336    23.2399 0.0000e+00
      1.649      0.025     0.2031      2.636     58.395  56.215963     5.7947      8.653   135.7356 1.0269e+01     5.6656      1.616      2.343    23.2878 0.0000e+00
      1.657      0.025     0.2038      2.720     58.598  56.355168     5.6777      8.648   135.8165 1.0124e+01     5.5792      1.625      2.356    23.3120 0.0000e+00
      1.666      0.025     0.2035      2.741     58.808  56.518942     5.5280      8.644   135.9219 1.0002e+01     5.5060      1.636      2.373    23.2730 0.0000e+00
      1.673      0.024     0.2118      2.705     58.927  56.610512     5.4233      8.641   136.0519 9.9229e+00     5.4813      1.643      2.383    23.1900 0.0000e+00
      1.677      0.023     0.2291      2.634     58.847  56.524389     5.3568      8.636   136.2454 9.8628e+00     5.4803      1.645      2.386    23.1154 0.0000e+00
      1.682      0.023     0.2380      2.548     58.647  56.332449     5.2523      8.630   136.5086 9.7850e+00     5.4600      1.647      2.389    23.0662 0.0000e+00
      1.687      0.022     0.2382      2.465     58.496  56.191813     5.1114      8.624   136.7811 9.6779e+00     5.4372      1.653      2.397    23.0413 0.0000e+00
      1.693      0.022     0.2342      2.400     58.463  56.154370     5.0117      8.618   136.9634 9.5554e+00     5.4491      1.660      2.408    23.0248 0.0000e+00
      1.700      0.021     0.2263      2.374     58.508  56.174557     4.9694      8.614   137.0280 9.4369e+00     5.4734      1.667      2.418    23.0114 0.0000e+00
      1.706      0.019     0.2183      2.394     58.584  56.210113     4.9320      8.610   137.0965 9.3402e+00     5.4389      1.675      2.429    23.0153 0.0000e+00
      1.711      0.017     0.2104      2.448     58.657  56.239626     4.8781      8.608   137.2423 9.2732e+00     5.3315      1.680      2.436    23.0316 0.0000e+00
      1.714      0.016     0.2030      2.516     58.709  56.255189     4.8272      8.605   137.4657 9.2235e+00     5.2296      1.681      2.438    23.0362 0.0000e+00
      1.715      0.017     0.2004      2.577     58.763  56.278395     4.7684      8.601   137.7756 9.1690e+00     5.1996      1.682      2.440    23.0102 0.0000e+00
      1.718      0.019     0.2030      2.621     58.850  56.333231     4.6600      8.596   138.0699 9.1007e+00     5.2233      1.683      2.441    22.9676 0.0000e+00
      1.722      0.022     0.2092      2.632     58.969  56.408281     4.5222      8.590   138.2416 9.0190e+00     5.2516      1.687      2.446    22.9300 0.0000e+00
      1.729      0.025     0.2174      2.598     59.093  56.481149     4.4316      8.584   138.3155 8.9211e+00     5.3030      1.695      2.458    22.8993 0.0000e+00
      1.739      0.027     0.2222      2.526     59.203  56.549483     4.4155      8.578   138.1989 8.8131e+00     5.6343      1.706      2.474    22.8775 0.0000e+00
      1.748      0.027     0.2268      2.434     59.307  56.629323     4.4570      8.571   137.5086 8.7100e+00     6.6184      1.715      2.489    22.8670 0.0000e+00
      1.755      0.026     0.2305      2.332     59.431  56.740763     4.5302      8.566   135.7063 8.6187e+00     8.0153      1.720      2.496    22.8340 0.0000e+00
      1.760      0.024     0.2263      2.224     59.586  56.882332     4.5845      8.561   132.0333 8.5391e+00     8.9906      1.726      2.503    22.7767 0.0000e+00
      1.765      0.022     0.2185      2.114     59.761  57.032978     4.5518      8.556   124.9545 8.4682e+00     9.0085      1.731      2.512    22.7385 0.0000e+00
      1.770      0.022     0.2101      2.016     59.953  57.195132     4.3777      8.550   112.8780 8.3994e+00     8.0135      1.735      2.518    22.7257 0.0000e+00
      1.775      0.023     0.2013      1.946     60.196  57.403542     4.1167      8.543    97.0298 8.3260e+00     6.5052      1.741      2.525    22.7341 0.0000e+00
      1.781      0.025     0.1927      1.908     60.497  57.659468     3.9202      8.538    81.4561 8.2375e+00     5.4067      1.747      2.534    22.7376 0.0000e+00
      1.788      0.025     0.1813      1.891     60.804  57.908483     3.8417      8.534    68.7818 8.1201e+00     5.0339      1.753      2.542    22.7144 0.0000e+00
      1.796      0.025     0.1718      1.881     61.086  58.131558     3.7969      8.531    58.4834 7.9753e+00     4.9721      1.761      2.554    22.6896 0.0000e+00
      1.803      0.024     0.1657      1.869     61.357  58.352134     3.7009      8.526    48.8399 7.8269e+00     4.9085      1.769      2.566    22.6809 0.0000e+00
      1.809      0.023     0.1627      1.847     61.570  58.527925     3.5643      8.520    38.5864 7.7013e+00     4.8224      1.775      2.574    22.6656 0.0000e+00
      1.814      0.021     0.1641      1.805     61.667  58.609278     3.4677      8.514    27.5327 7.6025e+00     4.7464      1.779      2.579    22.6146 0.0000e+00
      1.818      0.018     0.1626      1.749     61.747  58.699889     3.4675      8.508    16.3437 7.5153e+00     4.7157      1.783      2.585    22.5648 0.0000e+00
      1.823      0.016     0.1615      1.694     62.016  58.982982     3.5677      8.503     5.8692 7.4309e+00     4.7735      1.788      2.593    22.5431 0.0000e+00
      1.827      0.015     0.1624      1.643     62.508  59.461863     3.7150      8.499    -3.2576 7.3564e+00     4.8767      1.792      2.599    22.5194 0.0000e+00
      1.830      0.015     0.1576      1.599     62.961  59.867207     3.8271      8.495   -10.8450 7.2957e+00     4.9307      1.795      2.603    22.4960 0.0000e+00
      1.833      0.016     0.1504      1.580     63.083  59.938201     3.9097      8.491   -17.1088 7.2403e+00     4.9429      1.797      2.606    22.5086 0.0000e+00
      1.836      0.017     0.1459      1.594     62.898  59.728965     4.0456      8.487   -22.3573 7.1803e+00     4.9639      1.800      2.610    22.5632 0.0000e+00
