Data/DataNotYetUploadedToEDI/Raw_CTD/RawDownloads/070323_fcr50_S7809001.cnv
* Sea-Bird SBE19plus  Data File:
* FileName = C:\R\Reservoirs\Data\DataNotYetUploadedToEDI\Raw_CTD\RawDownloads\073123_fcr50_S7809_0001.hex
* Software version 2.8.0.119
* Temperature SN = 7809
* Conductivity SN = 7809
* System UpLoad Time = Aug 03 2023 12:33:01
* <ApplicationData>
* <Seaterm232>
# nquan = 15
# nvalues = 1833                        
# units = specified
# name 0 = depFM: Depth [fresh water, m]
# name 1 = dz/dtM: Descent Rate [m/s]
# name 2 = sbeox0Mg/L: Oxygen, SBE 43 [mg/l]
# name 3 = sbeox0PS: Oxygen, SBE 43 [% saturation]
# name 4 = specc: Specific Conductance [uS/cm]
# name 5 = c0uS/cm: Conductivity [uS/cm]
# name 6 = flECO-AFL: Fluorescence, WET Labs ECO-AFL/FL [mg/m^3]
# name 7 = ph: pH
# name 8 = orp: Oxidation Reduction Potential [mV]
# name 9 = par/sat/log: PAR/Logarithmic, Satlantic
# name 10 = turbWETntu0: Turbidity, WET Labs ECO [NTU]
# name 11 = prdM: Pressure, Strain Gauge [db]
# name 12 = prdE: Pressure, Strain Gauge [psi]
# name 13 = tv290C: Temperature [ITS-90, deg C]
# name 14 = flag:  0.000e+00
# span 0 =     -0.664,      9.126       
# span 1 =     -0.367,      0.183       
# span 2 =     0.1805,    13.6820       
# span 3 =      1.701,    167.900       
# span 4 =      0.377,    551.521       
# span 5 =   0.428948, 591.518316       
# span 6 =    -0.1653,     5.1280       
# span 7 =     -1.874,     10.654       
# span 8 = -1240.7455,   792.4594       
# span 9 = 1.2337e-01, 9.5752e+02       
# span 10 =     1.0128,   543.4152      
# span 11 =     -0.651,      8.951      
# span 12 =     -0.944,     12.982      
# span 13 =    10.7069,    31.8574      
# span 14 = 0.0000e+00, 0.0000e+00      
# interval = seconds: 0.25
# start_time = Jul 03 2023 08:54:25 [Instrument's time stamp, header]
# bad_flag = -9.990e-29
*END*
[from data line 1446]
      8.040      0.021     9.0524     81.591     46.533  33.239826     0.2437      7.193   357.9754 1.2350e-01     6.7479      7.884     11.435    10.7081 0.0000e+00
      8.045      0.021     9.0523     81.639     46.530  33.240372     0.2246      7.192   358.3039 1.2345e-01     6.7031      7.889     11.442    10.7084 0.0000e+00
      8.050      0.021     9.0504     81.683     46.529  33.239997     0.2214      7.191   358.6041 1.2351e-01     6.7223      7.894     11.449    10.7088 0.0000e+00
      8.056      0.021     9.0524     81.687     46.525  33.235282     0.2213      7.190   358.6798 1.2359e-01     6.7413      7.900     11.458    10.7099 0.0000e+00
      8.062      0.021     9.0557     81.673     46.545  33.246817     0.2152      7.189   358.5314 1.2354e-01     6.7612      7.906     11.466    10.7132 0.0000e+00
      8.067      0.021     9.0600     81.669     46.555  33.252572     0.2060      7.189   358.4447 1.2345e-01     6.7581      7.911     11.474    10.7173 0.0000e+00
      8.072      0.021     9.0679     81.637     46.541  33.241413     0.2094      7.189   358.4919 1.2345e-01     6.7381      7.916     11.480    10.7179 0.0000e+00
      8.077      0.023     9.0678     81.579     46.537  33.238786     0.2237      7.188   358.5858 1.2351e-01     6.7586      7.921     11.487    10.7147 0.0000e+00
      8.082      0.026     9.0631     81.527     46.511  33.220807     0.2199      7.187   358.8060 1.2351e-01     6.7663      7.927     11.497    10.7116 0.0000e+00
      8.087      0.029     9.0678     81.493     46.501  33.214364     0.2135      7.186   359.0887 1.2345e-01     6.7291      7.930     11.501    10.7101 0.0000e+00
      8.094      0.033     9.0633     81.488     46.515  33.224324     0.2301      7.186   359.1653 1.2342e-01     6.6851      7.935     11.509    10.7097 0.0000e+00
      8.106      0.037     9.0547     81.511     46.501  33.214349     0.2544      7.185   359.1296 1.2347e-01     6.7126      7.949     11.529    10.7095 0.0000e+00
      8.116      0.042     9.0493     81.551     46.511  33.220637     0.2734      7.184   359.1736 1.2352e-01     6.7885      7.960     11.546    10.7103 0.0000e+00
      8.126      0.046     9.0443     81.599     46.534  33.236913     0.2769      7.184   359.1803 1.2356e-01     6.7828      7.967     11.556    10.7110 0.0000e+00
      8.138      0.048     9.0442     81.642     46.511  33.220806     0.2723      7.184   359.3834 1.2354e-01     6.7463      7.981     11.575    10.7114 0.0000e+00
      8.152      0.047     9.0469     81.657     46.505  33.216221     0.2676      7.184   361.8009 1.2352e-01     6.7569      7.995     11.596    10.7112 0.0000e+00
      8.166      0.047     9.0522     81.646     46.545  33.244916     0.2621      7.184   364.0616 1.2353e-01     6.7741      8.007     11.614    10.7103 0.0000e+00
      8.180      0.046     9.0572     81.625     46.554  33.250543     0.2634      7.183   362.1095 1.2350e-01     6.7490      8.023     11.636    10.7100 0.0000e+00
      8.191      0.044     9.0644     81.602     46.513  33.220809     0.2587      7.181   359.9670 1.2354e-01     6.6920      8.033     11.652    10.7102 0.0000e+00
      8.199      0.040     9.0648     81.577     46.488  33.202622     0.2546      7.181   359.7520 1.2362e-01     6.6996      8.038     11.658    10.7101 0.0000e+00
      8.209      0.038     9.0634     81.555     46.514  33.220977     0.2726      7.181   359.5095 1.2357e-01     6.7731      8.050     11.674    10.7099 0.0000e+00
      8.220      0.036     9.0604     81.557     46.559  33.252416     0.2921      7.181   359.4448 1.2349e-01     6.7957      8.063     11.695    10.7095 0.0000e+00
      8.228      0.036     9.0584     81.578     46.577  33.265525     0.2834      7.180   359.6576 1.2349e-01     6.7332      8.070     11.703    10.7086 0.0000e+00
      8.235      0.036     9.0563     81.589     46.559  33.252582     0.2590      7.179   359.7592 1.2351e-01     6.6665      8.075     11.710    10.7080 0.0000e+00
      8.244      0.035     9.0516     81.563     46.516  33.222815     0.2551      7.178   359.7267 1.2356e-01     6.6720      8.084     11.724    10.7076 0.0000e+00
      8.254      0.034     9.0530     81.501     46.514  33.222830     0.2686      7.177   359.7812 1.2355e-01     6.6977      8.095     11.741    10.7073 0.0000e+00
      8.263      0.033     9.0560     81.436     46.553  33.252769     0.2730      7.176   359.8159 1.2350e-01     6.7038      8.104     11.753    10.7073 0.0000e+00
      8.272      0.030     9.0589     81.403     46.572  33.267582     0.2668      7.175   359.7159 1.2351e-01     6.7109      8.112     11.766    10.7076 0.0000e+00
      8.281      0.027     9.0556     81.401     46.582  33.275052     0.2516      7.174   359.6054 1.2351e-01     6.6819      8.122     11.779    10.7088 0.0000e+00
      8.287      0.023     9.0470     81.419     46.590  33.279636     0.2399      7.173   359.4258 1.2348e-01     6.6269      8.128     11.788    10.7103 0.0000e+00
      8.291      0.021     9.0372     81.470     46.563  33.259565     0.2504      7.173   359.1793 1.2351e-01     6.5573      8.130     11.792    10.7123 0.0000e+00
      8.294      0.021     9.0335     81.548     46.512  33.222710     0.2609      7.172   359.1203 1.2356e-01     6.4557      8.134     11.797    10.7151 0.0000e+00
      8.298      0.022     9.0348     81.655     46.501  33.214683     0.2514      7.171   359.4862 1.2356e-01     6.3896      8.137     11.803    10.7151 0.0000e+00
      8.304      0.024     9.0349     81.770     46.518  33.225959     0.2430      7.171   359.9897 1.2349e-01     6.4075      8.143     11.811    10.7129 0.0000e+00
      8.311      0.028     9.0427     81.843     46.528  33.232156     0.2513      7.171   360.0457 1.2347e-01     6.5009      8.150     11.820    10.7117 0.0000e+00
      8.319      0.034     9.0505     81.886     46.521  33.226158     0.2606      7.171   359.9056 1.2349e-01     6.6305      8.158     11.833    10.7117 0.0000e+00
      8.326      0.041     9.0620     81.927     46.509  33.216884     0.2554      7.171   359.7583 1.2352e-01     6.6761      8.164     11.842    10.7116 0.0000e+00
      8.334      0.048     9.0800     81.966     46.551  33.246919     0.2459      7.170   359.5548 1.2356e-01     6.6766      8.172     11.852    10.7107 0.0000e+00
      8.348      0.054     9.0855     82.000     46.586  33.272077     0.2375      7.169   360.2852 1.2359e-01     6.7386      8.186     11.872    10.7093 0.0000e+00
      8.365      0.059     9.0894     82.020     46.580  33.267297     0.2285      7.169   361.7052 1.2359e-01     6.7776      8.202     11.897    10.7084 0.0000e+00
      8.385      0.063     9.0948     82.015     46.560  33.252563     0.2288      7.168   362.2694 1.2354e-01     6.7386      8.223     11.926    10.7081 0.0000e+00
      8.404      0.064     9.0989     81.982     46.515  33.220822     0.2241      7.167   362.2890 1.2349e-01     6.6764      8.243     11.956    10.7078 0.0000e+00
      8.419      0.064     9.1034     81.933     46.487  33.200736     0.2133      7.167   362.1150 1.2350e-01     6.6742      8.256     11.976    10.7076 0.0000e+00
      8.432      0.063     9.1060     81.891     46.486  33.200045     0.2152      7.167   361.7142 1.2352e-01     6.7472      8.269     11.992    10.7074 0.0000e+00
      8.447      0.060     9.1058     81.856     46.503  33.212462     0.2219      7.167   362.3467 1.2349e-01     6.8071      8.283     12.013    10.7072 0.0000e+00
      8.464      0.058     9.1017     81.834     46.519  33.223981     0.2195      7.166   363.9116 1.2346e-01     6.7827      8.300     12.037    10.7070 0.0000e+00
      8.481      0.058     9.0948     81.838     46.503  33.212436     0.2187      7.164   364.9761 1.2350e-01     6.6914      8.318     12.064    10.7070 0.0000e+00
      8.496      0.059     9.0903     81.854     46.484  33.199758     0.2456      7.164   365.4954 1.2357e-01     6.6600      8.332     12.086    10.7069 0.0000e+00
      8.508      0.062     9.0869     81.861     46.480  33.197575     0.2791      7.163   365.6308 1.2365e-01     6.7441      8.342     12.100    10.7070 0.0000e+00
      8.521      0.066     9.0825     81.872     46.463  33.186047     0.2821      7.162   365.3220 1.2367e-01     6.7859      8.356     12.120    10.7071 0.0000e+00
      8.536      0.068     9.0844     81.901     46.465  33.187257     0.2660      7.162   364.6870 1.2362e-01     6.7211      8.369     12.138    10.7072 0.0000e+00
      8.556      0.068     9.0871     81.908     46.501  33.212199     0.2592      7.162   364.0626 1.2357e-01     6.7462      8.386     12.164    10.7082 0.0000e+00
      8.582      0.063     9.0870     81.882     46.532  33.233840     0.2665      7.162   364.1391 1.2354e-01     6.9195      8.418     12.209    10.7097 0.0000e+00
      8.604      0.055     9.0861     81.857     46.566  33.258589     0.2789      7.161   364.8372 1.2353e-01     7.0397      8.441     12.244    10.7105 0.0000e+00
      8.616      0.044     9.0926     81.847     46.564  33.257668     0.2839      7.160   365.5348 1.2353e-01     7.0044      8.451     12.258    10.7097 0.0000e+00
      8.621      0.032     9.0947     81.839     46.514  33.222709     0.2612      7.159   365.6898 1.2355e-01     6.8344      8.455     12.263    10.7087 0.0000e+00
      8.624      0.021     9.0885     81.835     46.504  33.216566     0.2202      7.157   364.5603 1.2356e-01     6.6235      8.457     12.266    10.7081 0.0000e+00
      8.626      0.015     9.0862     81.843     46.546  33.246835     0.1959      7.157   362.8918 1.2351e-01     6.5384      8.459     12.269    10.7082 0.0000e+00
      8.628      0.012     9.0857     81.863     46.580  33.271465     0.1931      7.157   362.5517 1.2346e-01     6.5570      8.461     12.272    10.7091 0.0000e+00
      8.631      0.012     9.0843     81.893     46.563  33.260592     0.1941      7.156   362.9436 1.2345e-01     6.5745      8.464     12.277    10.7102 0.0000e+00
      8.634      0.013     9.0829     81.925     46.536  33.242262     0.2004      7.156   363.4136 1.2346e-01     6.6478      8.467     12.281    10.7107 0.0000e+00
      8.639      0.013     9.0845     81.945     46.532  33.240169     0.2105      7.156   363.9330 1.2351e-01     6.7603      8.472     12.288    10.7107 0.0000e+00
      8.643      0.013     9.0860     81.963     46.523  33.235286     0.2155      7.155   363.2865 1.2354e-01     6.8069      8.476     12.294    10.7122 0.0000e+00
      8.646      0.012     9.0893     81.991     46.537  33.246666     0.2113      7.153   361.9636 1.2355e-01     6.7675      8.479     12.298    10.7138 0.0000e+00
      8.650      0.011     9.0940     82.016     46.542  33.250872     0.2014      7.152   361.4462 1.2359e-01     6.6939      8.482     12.303    10.7145 0.0000e+00
      8.652      0.009     9.0952     82.022     46.500  33.222711     0.2043      7.151   361.5903 1.2355e-01     6.7033      8.485     12.307    10.7150 0.0000e+00
      8.654      0.008     9.0961     82.008     46.499  33.223387     0.2132      7.150   361.9859 1.2350e-01     6.7786      8.487     12.309    10.7162 0.0000e+00
      8.655      0.007     9.0999     81.981     46.549  33.259045     0.2087      7.149   362.5300 1.2355e-01     6.7844      8.487     12.309    10.7177 0.0000e+00
      8.657      0.006     9.1030     81.943     46.569  33.273194     0.2007      7.148   362.7475 1.2359e-01     6.7046      8.490     12.313    10.7183 0.0000e+00
      8.659      0.006     9.1034     81.888     46.560  33.267568     0.1991      7.148   362.6365 1.2358e-01     6.6336      8.492     12.316    10.7202 0.0000e+00
      8.660      0.005     9.1010     81.819     46.539  33.254459     0.2063      7.147   362.5649 1.2356e-01     6.6773      8.492     12.317    10.7223 0.0000e+00
      8.661      0.005     9.0978     81.763     46.518  33.241585     0.2126      7.145   362.4846 1.2354e-01     6.7555      8.493     12.319    10.7223 0.0000e+00
      8.663      0.004     9.0940     81.746     46.513  33.238802     0.2165      7.145   362.2673 1.2350e-01     6.7252      8.495     12.321    10.7217 0.0000e+00
      8.664      0.004     9.0881     81.749     46.488  33.220808     0.2367      7.145   362.1750 1.2349e-01     6.6864      8.496     12.322    10.7223 0.0000e+00
      8.665      0.003     9.0789     81.765     46.479  33.214350     0.2572      7.144   362.9170 1.2353e-01     6.6969      8.497     12.324    10.7243 0.0000e+00
      8.665      0.002     9.0697     81.807     46.492  33.224169     0.2649      7.143   364.2700 1.2360e-01     6.7150      8.498     12.325    10.7273 0.0000e+00
      8.666      0.002     9.0696     81.856     46.474  33.212648     0.2551      7.142   365.0250 1.2363e-01     6.7345      8.498     12.326    10.7291 0.0000e+00
      8.666      0.002     9.0705     81.901     46.456  33.201942     0.2219      7.142   364.9909 1.2355e-01     6.6938      8.498     12.326    10.7287 0.0000e+00
      8.666      0.004     9.0705     81.942     46.482  33.221612     0.1964      7.140   364.5467 1.2351e-01     6.6667      8.498     12.326    10.7278 0.0000e+00
      8.666      0.007     9.0771     81.957     46.534  33.260147     0.1960      7.139   364.2137 1.2354e-01     6.7139      8.499     12.326    10.7276 0.0000e+00
      8.667      0.011     9.0824     81.951     46.569  33.287193     0.2090      7.140   364.9232 1.2355e-01     6.7519      8.499     12.327    10.7302 0.0000e+00
      8.671      0.013     9.0859     81.955     46.576  33.294848     0.2200      7.141   366.3273 1.2357e-01     6.7165      8.501     12.330    10.7328 0.0000e+00
      8.676      0.015     9.0922     81.971     46.565  33.289264     0.2131      7.139   367.0797 1.2360e-01     6.6276      8.507     12.339    10.7331 0.0000e+00
      8.682      0.015     9.0937     81.981     46.551  33.283126     0.2011      7.136   367.4812 1.2363e-01     6.6340      8.516     12.351    10.7348 0.0000e+00
      8.687      0.015     9.0899     81.973     46.548  33.284090     0.2075      7.135   371.1820 1.2364e-01     6.7249      8.520     12.357    10.7373 0.0000e+00
      8.689      0.017     9.0906     81.957     46.571  33.300925     0.2245      7.136   374.4855 1.2364e-01     6.7695      8.521     12.358    10.7394 0.0000e+00
      8.690      0.024     9.0922     81.940     46.566  33.296333     0.2224      7.137   370.8570 1.2366e-01     6.7644      8.522     12.361    10.7422 0.0000e+00
      8.693      0.044     9.0935     81.909     46.475  33.228562     0.1988      7.138   366.8875 1.2367e-01     6.6979      8.523     12.362    10.7467 0.0000e+00
      8.699      0.077     9.0909     81.846     46.414  33.179394     0.1975      7.138   366.3267 1.2361e-01     6.6483      8.530     12.371    10.7512 0.0000e+00
      8.710      0.112     9.0883     81.755     46.469  33.209389     0.2234      7.138   365.9694 1.2356e-01     6.7108      8.538     12.383    10.7515 0.0000e+00
      8.740      0.137     9.0880     81.650     46.569  33.274014     0.2290      7.138   365.4939 1.2352e-01     6.7364      8.557     12.410    10.7491 0.0000e+00
      8.799      0.148     9.0856     81.557     46.647  33.326312     0.2075      7.138   365.0508 1.2346e-01     6.6850      8.623     12.507    10.7475 0.0000e+00
      8.870      0.145     9.0798     81.512     46.657  33.334172     0.1959      7.137   364.7420 1.2347e-01     6.6700      8.710     12.634    10.7417 0.0000e+00
      8.918      0.128     9.0713     81.508     46.612  33.305596     0.2051      7.136   364.5138 1.2352e-01     6.6908      8.757     12.701    10.7301 0.0000e+00
      8.938      0.100     9.0613     81.521     46.597  33.298024     0.2196      7.135   364.2698 1.2355e-01     6.7321      8.767     12.715    10.7207 0.0000e+00
      8.945      0.069     9.0487     81.582     46.606  33.306076     0.2202      7.134   363.5983 1.2357e-01     6.7246      8.772     12.722    10.7180 0.0000e+00
