Data/DataNotYetUploadedToEDI/Raw_CTD/RawDownloads/070325_fcr10_S7809005.cnv
* Sea-Bird SBE19plus  Data File:
* FileName = C:\R\Reservoirs\Data\DataNotYetUploadedToEDI\Raw_CTD\RawDownloads\070325_fcr50_S7809_0005.hex
* Software version 2.8.0.119
* Temperature SN = 7809
* Conductivity SN = 7809
* System UpLoad Time = Jul 07 2025 16:20:36
* <ApplicationData>
* <Seaterm232>
# nquan = 15
# nvalues = 1440                        
# units = specified
# name 0 = depFM: Depth [fresh water, m]
# name 1 = dz/dtM: Descent Rate [m/s]
# name 2 = sbeox0Mg/L: Oxygen, SBE 43 [mg/l]
# name 3 = sbeox0PS: Oxygen, SBE 43 [% saturation]
# name 4 = specc: Specific Conductance [uS/cm]
# name 5 = c0uS/cm: Conductivity [uS/cm]
# name 6 = flECO-AFL: Fluorescence, WET Labs ECO-AFL/FL [mg/m^3]
# name 7 = ph: pH
# name 8 = orp: Oxidation Reduction Potential [mV]
# name 9 = par/sat/log: PAR/Logarithmic, Satlantic
# name 10 = turbWETntu0: Turbidity, WET Labs ECO [NTU]
# name 11 = prdM: Pressure, Strain Gauge [db]
# name 12 = prdE: Pressure, Strain Gauge [psi]
# name 13 = tv290C: Temperature [ITS-90, deg C]
# name 14 = flag:  0.000e+00
# span 0 =     -0.654,      2.217       
# span 1 =     -4.242,      0.208       
# span 2 =     0.0046,     8.0170       
# span 3 =      0.069,     99.194       
# span 4 =      0.940,    119.634       
# span 5 =   0.874484, 102.792022       
# span 6 =    -1.9693,    24.1865       
# span 7 =      7.312,      9.078       
# span 8 =   -37.8616,   374.9574       
# span 9 = 1.6244e+00, 2.6349e+03       
# span 10 =    -8.4485,   109.0394      
# span 11 =     -0.641,      2.175      
# span 12 =     -0.930,      3.154      
# span 13 =    17.9231,    26.6485      
# span 14 = 0.0000e+00, 0.0000e+00      
# interval = seconds: 0.25
# start_time = Jul 03 2025 11:01:41 [Instrument's time stamp, header]
# bad_flag = -9.990e-29
*END*
[from data line 675]
      1.690      0.011     4.2479     44.806     38.946  35.952110     2.9761      8.627   163.1740 3.9704e+01    13.2239      1.658      2.405    21.2770 0.0000e+00
      1.692      0.010     4.2070     43.734     39.042  36.013323     3.0148      8.623   163.1911 3.9549e+01    13.1504      1.659      2.407    21.2508 0.0000e+00
      1.693      0.010     4.1537     42.589     39.166  36.104588     3.0153      8.620   163.2126 3.9375e+01    13.1005      1.659      2.407    21.2293 0.0000e+00
      1.695      0.011     4.0708     41.419     39.261  36.167242     3.1492      8.617   163.2618 3.9215e+01    13.2358      1.661      2.410    21.1954 0.0000e+00
      1.698      0.012     3.9834     40.333     39.326  36.199780     3.4101      8.614   163.2698 3.9033e+01    13.4878      1.665      2.415    21.1480 0.0000e+00
      1.703      0.014     3.8929     39.346     39.409  36.244160     3.5478      8.610   163.3083 3.8855e+01    13.5180      1.670      2.422    21.1127 0.0000e+00
      1.708      0.015     3.7911     38.371     39.536  36.323082     3.5408      8.606   163.3840 3.8748e+01    13.3622      1.675      2.430    21.0886 0.0000e+00
      1.712      0.016     3.6842     37.325     39.656  36.392549     3.5663      8.603   163.4967 3.8698e+01    13.3457      1.678      2.434    21.0559 0.0000e+00
      1.714      0.016     3.5894     36.127     39.759  36.449515     4.0396      8.599   163.5525 3.8633e+01    13.6599      1.680      2.437    21.0207 0.0000e+00
      1.718      0.016     3.5087     34.770     39.925  36.567636     4.9184      8.595   163.5424 3.8520e+01    14.1887      1.684      2.442    20.9820 0.0000e+00
      1.723      0.016     3.4266     33.332     40.083  36.678553     5.3952      8.592   163.6329 3.8406e+01    14.4104      1.689      2.450    20.9332 0.0000e+00
      1.728      0.015     3.3400     31.843     40.160  36.711873     5.4271      8.589   163.7857 3.8304e+01    14.2917      1.695      2.459    20.8787 0.0000e+00
      1.732      0.013     3.2375     30.265     40.205  36.716644     5.5117      8.587   163.9278 3.8178e+01    14.2904      1.699      2.464    20.8305 0.0000e+00
      1.736      0.012     3.1132     28.553     40.255  36.736192     5.6771      8.586   164.0603 3.8051e+01    14.4629      1.702      2.469    20.7909 0.0000e+00
      1.738      0.012     2.9868     26.732     40.372  36.821287     5.7627      8.583   164.0972 3.7952e+01    14.5670      1.704      2.472    20.7511 0.0000e+00
      1.738      0.014     2.8578     24.949     40.581  36.984051     5.8049      8.579   164.1150 3.7878e+01    14.5248      1.704      2.472    20.7018 0.0000e+00
      1.739      0.018     2.7204     23.341     40.916  37.244695     6.0129      8.576   164.2765 3.7750e+01    14.4649      1.704      2.471    20.6515 0.0000e+00
      1.743      0.023     2.5695     21.979     41.261  37.497939     6.3634      8.574   164.4148 3.7505e+01    14.5599      1.708      2.477    20.6210 0.0000e+00
      1.752      0.026     2.3996     20.844     41.405  37.571180     6.5716      8.571   164.4103 3.7195e+01    14.7505      1.717      2.490    20.6006 0.0000e+00
      1.763      0.026     2.2366     19.779     41.427  37.559074     6.6491      8.566   164.4798 3.6875e+01    14.8567      1.729      2.507    20.5696 0.0000e+00
      1.773      0.024     2.0926     18.674     41.418  37.541896     7.0845      8.561   164.6532 3.6612e+01    15.0246      1.740      2.524    20.5212 0.0000e+00
      1.780      0.020     1.9718     17.578     41.432  37.553841     7.8584      8.555   164.7871 3.6480e+01    15.3116      1.747      2.534    20.4361 0.0000e+00
      1.782      0.016     1.8802     16.540     41.525  37.640040     8.2907      8.550   164.8071 3.6426e+01    15.4916      1.749      2.536    20.3484 0.0000e+00
      1.782      0.013     1.7905     15.584     41.660  37.759206     8.4412      8.545   164.7228 3.6358e+01    15.6294      1.747      2.534    20.3186 0.0000e+00
      1.783      0.013     1.6858     14.723     41.916  37.979360     9.4937      8.540   164.7146 3.6249e+01    15.8499      1.748      2.535    20.3131 0.0000e+00
      1.785      0.017     1.5864     13.974     42.400  38.398184    11.3875      8.535   164.8799 3.6080e+01    16.0063      1.750      2.539    20.3114 0.0000e+00
      1.790      0.023     1.4915     13.412     42.903  38.825314    12.4032      8.532   165.1727 3.5881e+01    15.9837      1.755      2.545    20.3213 0.0000e+00
      1.798      0.028     1.4046     13.085     43.233  39.082358    12.4861      8.529   165.4159 3.5668e+01    15.9864      1.762      2.555    20.3174 0.0000e+00
      1.808      0.031     1.3283     12.899     43.441  39.221473    12.7400      8.525   165.4977 3.5408e+01    16.1072      1.772      2.570    20.3005 0.0000e+00
      1.818      0.032     1.2569     12.624     43.582  39.301534    15.6971      8.522   165.5586 3.5128e+01    16.5555      1.783      2.587    20.2807 0.0000e+00
      1.827      0.030     1.2051     12.095     43.755  39.415701    21.1240      8.519   165.6359 3.4853e+01    17.3768      1.793      2.600    20.2484 0.0000e+00
      1.835      0.025     1.1788     11.339     43.910  39.522955    24.0565      8.516   165.7440 3.4635e+01    17.7706      1.799      2.610    20.1979 0.0000e+00
      1.840      0.019     1.1727     10.432     43.927  39.519447    24.1865      8.513   165.9198 3.4501e+01    17.6961      1.805      2.619    20.1378 0.0000e+00
      1.844      0.014     1.1564      9.454     43.772  39.373267    23.0361      8.510   166.0406 3.4407e+01    17.7396      1.810      2.625    20.0828 0.0000e+00
      1.847      0.009     1.1054      8.524     43.592  39.215110    20.9097      8.508   166.0861 3.4345e+01    17.7837      1.812      2.628    20.0332 0.0000e+00
      1.847      0.007     1.0357      7.757     43.623  39.257180    19.7340      8.507   166.1254 3.4318e+01    17.7172      1.812      2.628    19.9939 0.0000e+00
      1.846      0.008     0.9516      7.212     43.810  39.437718    19.4986      8.506   166.1718 3.4296e+01    17.6537      1.811      2.626    19.9752 0.0000e+00
      1.846      0.012     0.8585      6.954     44.087  39.684547    18.2639      8.503   166.3023 3.4196e+01    17.4260      1.810      2.625    19.9649 0.0000e+00
      1.849      0.018     0.7695      7.000     44.490  40.020394    16.0745      8.500   166.4989 3.3985e+01    17.0810      1.812      2.628    19.9701 0.0000e+00
      1.854      0.025     0.6985      7.243     44.749  40.198310    14.9003      8.496   166.5699 3.3724e+01    16.8646      1.817      2.636    19.9923 0.0000e+00
      1.863      0.030     0.6469      7.565     44.804  40.185598    14.7028      8.492   166.5597 3.3412e+01    16.7558      1.826      2.649    20.0116 0.0000e+00
      1.874      0.034     0.6202      7.875     45.064  40.374310    13.5706      8.486   166.6335 3.3055e+01    16.4489      1.838      2.666    20.0119 0.0000e+00
      1.885      0.037     0.6312      8.082     45.605  40.829884    11.5147      8.480   166.7735 3.2761e+01    15.8867      1.850      2.683    19.9850 0.0000e+00
      1.894      0.038     0.6572      8.138     46.119  41.251292    10.4109      8.474   166.8762 3.2538e+01    15.6291      1.858      2.695    19.9167 0.0000e+00
      1.903      0.037     0.6900      8.049     46.429  41.471097    10.3371      8.469   166.9283 3.2263e+01    15.7256      1.865      2.705    19.8301 0.0000e+00
      1.913      0.034     0.7228      7.856     46.695  41.646901    10.1898      8.464   167.0595 3.1954e+01    15.9943      1.875      2.720    19.7841 0.0000e+00
      1.922      0.031     0.7430      7.574     47.058  41.917063     9.8705      8.459   167.1714 3.1709e+01    16.3501      1.885      2.734    19.7653 0.0000e+00
      1.930      0.029     0.7492      7.237     47.497  42.262248     9.6734      8.454   167.1631 3.1491e+01    16.4413      1.893      2.747    19.7284 0.0000e+00
      1.937      0.027     0.7392      6.926     47.833  42.520000     9.6540      8.450   167.1319 3.1266e+01    16.4478      1.900      2.756    19.6583 0.0000e+00
      1.943      0.025     0.7231      6.654     47.987  42.621575     9.6112      8.445   167.1374 3.1053e+01    16.5307      1.905      2.763    19.5841 0.0000e+00
      1.948      0.024     0.6980      6.399     49.078  43.553825     8.9977      8.440   167.2308 3.0844e+01    16.5558      1.911      2.771    19.5319 0.0000e+00
      1.954      0.023     0.6626      6.189     51.009  45.222226     7.8699      8.435   167.3144 3.0628e+01    16.5473      1.916      2.778    19.4836 0.0000e+00
      1.960      0.022     0.6351      6.024     51.988  46.036100     7.2453      8.430   167.3738 3.0383e+01    16.4953      1.922      2.787    19.4384 0.0000e+00
      1.967      0.021     0.6127      5.883     52.332  46.284913     7.2046      8.425   167.5182 3.0149e+01    16.5424      1.929      2.797    19.4044 0.0000e+00
      1.972      0.020     0.5871      5.750     52.722  46.579966     7.2366      8.421   167.7702 2.9970e+01    16.7407      1.934      2.805    19.3724 0.0000e+00
      1.976      0.019     0.5685      5.596     52.810  46.619775     7.2498      8.417   168.0114 2.9788e+01    16.8768      1.939      2.811    19.3279 0.0000e+00
      1.981      0.018     0.5553      5.401     52.929  46.702706     7.2311      8.413   168.1122 2.9598e+01    16.8220      1.942      2.817    19.2705 0.0000e+00
      1.985      0.017     0.5426      5.171     53.434  47.138249     7.1682      8.410   168.2141 2.9444e+01    16.6594      1.947      2.824    19.2162 0.0000e+00
      1.989      0.016     0.5323      4.910     54.006  47.632341     6.8472      8.407   168.3827 2.9324e+01    16.3113      1.950      2.828    19.1669 0.0000e+00
      1.993      0.016     0.5192      4.642     54.271  47.851762     6.2801      8.403   168.5160 2.9199e+01    15.7553      1.955      2.835    19.1270 0.0000e+00
      1.997      0.015     0.5008      4.414     54.473  48.013589     5.9628      8.400   168.6213 2.9054e+01    15.4026      1.958      2.841    19.1101 0.0000e+00
      2.001      0.015     0.4797      4.243     54.909  48.382672     5.9489      8.397   168.6233 2.8932e+01    15.2574      1.962      2.846    19.1053 0.0000e+00
      2.004      0.016     0.4552      4.118     55.426  48.822376     5.9372      8.394   168.4552 2.8827e+01    15.0930      1.966      2.851    19.0960 0.0000e+00
      2.008      0.016     0.4278      4.008     56.095  49.393587     5.8962      8.392   168.3951 2.8684e+01    15.0546      1.969      2.856    19.0823 0.0000e+00
      2.012      0.017     0.4071      3.903     57.112  50.273192     5.8768      8.389   168.4985 2.8508e+01    15.1351      1.974      2.862    19.0660 0.0000e+00
      2.017      0.017     0.3911      3.828     58.466  51.457266     5.8951      8.387   168.5010 2.8326e+01    15.1777      1.978      2.869    19.0529 0.0000e+00
      2.022      0.017     0.3812      3.764     60.780  53.486974     6.0505      8.385   168.5113 2.8159e+01    15.2617      1.983      2.876    19.0404 0.0000e+00
      2.027      0.018     0.3723      3.692     64.766  56.969374     6.2820      8.382   168.5369 2.8044e+01    15.3997      1.989      2.883    19.0216 0.0000e+00
      2.031      0.021     0.3599      3.594     69.620  61.170704     6.3721      8.378   168.4665 2.7950e+01    15.4457      1.992      2.889    19.0044 0.0000e+00
      2.035      0.024     0.3549      3.455     73.868  64.773410     6.4241      8.375   168.5206 2.7815e+01    15.4772      1.995      2.894    19.0005 0.0000e+00
      2.040      0.029     0.3495      3.306     76.942  67.300916     7.1444      8.372   168.5895 2.7610e+01    16.0192      2.000      2.901    19.0013 0.0000e+00
      2.048      0.033     0.3427      3.140     79.190  69.108698     8.4646      8.370   168.5246 2.7343e+01    16.9772      2.008      2.912    18.9880 0.0000e+00
      2.059      0.037     0.3361      2.895     80.989  70.552334     9.1857      8.368   168.5096 2.7037e+01    17.4956      2.018      2.927    18.9471 0.0000e+00
      2.071      0.038     0.3211      2.561     82.377  71.662886     9.2376      8.368   168.4951 2.6700e+01    17.5391      2.031      2.945    18.8526 0.0000e+00
      2.083      0.038     0.3079      2.159     84.299  73.256346     9.2166      8.367   168.5214 2.6393e+01    17.4352      2.043      2.963    18.7267 0.0000e+00
      2.093      0.035     0.2970      1.711     87.647  76.087933     9.3232      8.366   168.7412 2.6160e+01    17.2299      2.053      2.977    18.6228 0.0000e+00
      2.102      0.030     0.2740      1.269     91.127  79.007320     9.5613      8.364   169.0012 2.5976e+01    17.0720      2.061      2.989    18.5477 0.0000e+00
      2.108      0.024     0.2420      0.878     92.643  80.197422     9.7151      8.363   169.0847 2.5864e+01    17.0979      2.068      3.000    18.4878 0.0000e+00
      2.113      0.019     0.2044      0.547     92.312  79.794977     9.8260      8.361   169.0616 2.5828e+01    17.2014      2.073      3.008    18.4439 0.0000e+00
      2.117      0.014     0.1603      0.287     91.752  79.228418    10.5274      8.360   169.0665 2.5799e+01    17.7422      2.076      3.011    18.4097 0.0000e+00
      2.119      0.010     0.1169      0.129     91.183  78.688610    11.7622      8.357   169.0572 2.5750e+01    18.7186      2.078      3.014    18.3537 0.0000e+00
      2.120      0.008     0.0809      0.069     90.390  77.973463    12.4211      8.354   169.0360 2.5691e+01    19.1687      2.079      3.016    18.2760 0.0000e+00
      2.122      0.006     0.0495      0.074     90.465  78.020911    12.4592      8.350   168.9821 2.5612e+01    19.2220      2.081      3.018    18.2073 0.0000e+00
      2.124      0.005     0.0234      0.142     91.833  79.198530    12.3314      8.345   169.0076 2.5531e+01    20.2160      2.082      3.020    18.1638 0.0000e+00
      2.125      0.004     0.0084      0.246     92.761  80.003508    12.0827      8.339   169.0863 2.5480e+01    22.0329      2.083      3.021    18.1418 0.0000e+00
      2.126      0.004     0.0053      0.343     92.744  79.996395    11.9336      8.333   169.0735 2.5417e+01    23.0161      2.084      3.023    18.1250 0.0000e+00
      2.126      0.004     0.0046      0.438     93.102  80.320747    11.9181      8.327   169.1106 2.5312e+01    23.2231      2.085      3.024    18.1139 0.0000e+00
      2.127      0.003     0.0116      0.529     93.949  81.063688    11.8039      8.319   169.1911 2.5196e+01    24.2624      2.086      3.025    18.1162 0.0000e+00
      2.128      0.003     0.0245      0.585     94.726  81.729826    11.5431      8.310   169.1858 2.5102e+01    26.0519      2.086      3.026    18.1191 0.0000e+00
      2.129      0.003     0.0320      0.607     95.223  82.142788    11.3700      8.302   169.1324 2.5040e+01    26.9589      2.087      3.027    18.1207 0.0000e+00
      2.130      0.004     0.0409      0.608     95.507  82.368247    11.3340      8.296   169.1484 2.4976e+01    27.0995      2.088      3.029    18.1316 0.0000e+00
      2.131      0.004     0.0515      0.587     95.807  82.611514    11.3074      8.290   169.2071 2.4896e+01    28.5046      2.089      3.031    18.1423 0.0000e+00
      2.131      0.004     0.0567      0.555     96.108  82.858177    11.2810      8.285   169.2396 2.4794e+01    31.1034      2.090      3.032    18.1382 0.0000e+00
      2.132      0.004     0.0572      0.519     96.139  82.870290    11.2812      8.281   169.1977 2.4690e+01    32.5604      2.091      3.033    18.1271 0.0000e+00
      2.133      0.004     0.0588      0.483     95.589  82.376362    11.2437      8.279   169.1311 2.4611e+01    33.1409      2.092      3.034    18.1170 0.0000e+00
      2.135      0.003     0.0554      0.459     94.624  81.528670    10.7434      8.279   169.1225 2.4535e+01    37.8821      2.094      3.036    18.1078 0.0000e+00
