Data/DataNotYetUploadedToEDI/Raw_CTD/RawDownloads/070323_bvr50_S8188024.cnv
* Sea-Bird SBE19plus  Data File:
* FileName = C:\R\Reservoirs\Data\DataNotYetUploadedToEDI\Raw_CTD\RawDownloads\062623_fcr50_S8188_0024.hex
* Software version 2.8.0.119
* Temperature SN = 8188
* Conductivity SN = 8188
* System UpLoad Time = Jul 03 2023 16:36:52
* <ApplicationData>
* <Seaterm232>
# nquan = 16
# nvalues = 1133                        
# units = specified
# name 0 = depFM: Depth [fresh water, m]
# name 1 = dz/dtM: Descent Rate [m/s]
# name 2 = sbeox0Mg/L: Oxygen, SBE 43 [mg/l]
# name 3 = sbeox0PS: Oxygen, SBE 43 [% saturation]
# name 4 = specc: Specific Conductance [uS/cm]
# name 5 = c0uS/cm: Conductivity [uS/cm]
# name 6 = wetCDOM: Fluorescence, WET Labs CDOM [mg/m^3]
# name 7 = flECO-AFL: Fluorescence, WET Labs ECO-AFL/FL [mg/m^3]
# name 8 = flECO-AFL1: Fluorescence, WET Labs ECO-AFL/FL, 2 [mg/m^3]
# name 9 = flECO-AFL2: Fluorescence, WET Labs ECO-AFL/FL, 3 [mg/m^3]
# name 10 = par/sat/log: PAR/Logarithmic, Satlantic
# name 11 = turbWETntu0: Turbidity, WET Labs ECO [NTU]
# name 12 = prdM: Pressure, Strain Gauge [db]
# name 13 = prdE: Pressure, Strain Gauge [psi]
# name 14 = tv290C: Temperature [ITS-90, deg C]
# name 15 = flag:  0.000e+00
# span 0 =     -0.749,      9.847       
# span 1 =     -0.214,      0.182       
# span 2 =    -0.0587,     9.0723       
# span 3 =     -0.543,    102.852       
# span 4 =      1.006,    229.454       
# span 5 =   0.855748, 155.697582       
# span 6 =    -0.1800,     7.3800       
# span 7 =    -1.9847,    18.8477       
# span 8 =    -6.9438,     0.8094       
# span 9 =    -8.2908,    24.1110       
# span 10 = 1.1585e-01, 1.5439e+03      
# span 11 =    -3.7751,   966.6306      
# span 12 =     -0.734,      9.657      
# span 13 =     -1.064,     14.006      
# span 14 =     8.9222,    25.8809      
# span 15 = 0.0000e+00, 0.0000e+00      
# interval = seconds: 0.25
# start_time = Jul 03 2023 10:14:13 [Instrument's time stamp, header]
# bad_flag = -9.990e-29
*END*
[from data line 181]
     -0.230     -0.025     7.6521     93.525     29.165  29.655746     2.1600     0.4872     0.0000     0.1269 5.7017e+02     0.5085     -0.225     -0.327    25.8298 0.0000e+00
     -0.237     -0.031     7.6349     93.505     29.167  29.659925     2.1600     0.4987     0.0000     0.1269 6.2357e+02     0.4333     -0.232     -0.337    25.8304 0.0000e+00
     -0.246     -0.036     7.6221     93.481     29.175  29.670514     2.0700     0.4224     0.0000     0.2115 1.0633e+03     0.4634     -0.241     -0.350    25.8313 0.0000e+00
     -0.257     -0.039     7.6139     93.442     29.188  29.686378     2.0700     0.4071     0.0000     0.2115 1.3452e+03     0.4033     -0.252     -0.365    25.8328 0.0000e+00
     -0.268     -0.040     7.6099     93.399     29.194  29.695909     2.0700     0.3957     0.0000     0.2115 8.5713e+02     0.4183     -0.263     -0.381    25.8352 0.0000e+00
     -0.281     -0.039     7.6079     93.356     29.192  29.697688     2.0700     0.4186     0.0000     0.2115 1.5239e+03     0.3732     -0.275     -0.399    25.8384 0.0000e+00
     -0.292     -0.036     7.6054     93.285     29.186  29.696150     2.0700     0.3652     0.0000     0.2115 1.0978e+03     0.5536     -0.286     -0.415    25.8424 0.0000e+00
     -0.301     -0.035     7.6015     93.160     29.179  29.690885     2.0700     0.3575     0.0000     0.0846 1.4132e+03     0.5536     -0.295     -0.427    25.8472 0.0000e+00
     -0.306     -0.035     7.5972     92.992     29.169  29.680490     2.0700     0.3613     0.0000     0.0846 1.3903e+03     0.4935     -0.300     -0.436    25.8532 0.0000e+00
     -0.312     -0.039     7.5927     92.831     29.155  29.666151     2.0700     0.3728     0.0000     0.0846 1.4408e+03     0.4183     -0.306     -0.443    25.8601 0.0000e+00
     -0.320     -0.044     7.5861     92.737     29.146  29.655926     2.0700     0.4415     0.0000     0.0846 7.4714e+02     0.5085     -0.313     -0.454    25.8663 0.0000e+00
     -0.332     -0.051     7.5754     92.754     29.147  29.655005     2.1600     0.4300     0.0000     0.2538 1.5439e+03     0.4935     -0.325     -0.472    25.8702 0.0000e+00
     -0.349     -0.058     7.5616     92.880     29.152  29.659185     2.1600     0.4224     0.0000     0.2538 6.0331e+02     0.4935     -0.342     -0.496    25.8713 0.0000e+00
     -0.367     -0.064     7.5486     93.076     29.158  29.665620     2.1600     0.4338     0.0000     0.2538 1.2879e+03     0.5686     -0.360     -0.522    25.8701 0.0000e+00
     -0.385     -0.069     7.5414     93.292     29.165  29.672065     2.1600     0.3728     0.0000     0.2538 1.5278e+03     0.5085     -0.377     -0.547    25.8678 0.0000e+00
     -0.402     -0.072     7.5430     93.485     29.165  29.672321     2.0700     0.3537     0.0852     0.1692 1.4644e+03     0.4484     -0.394     -0.572    25.8658 0.0000e+00
     -0.419     -0.076     7.5534     93.619     29.163  29.670414     2.0700     0.3728     0.0852     0.1692 1.4345e+03     0.4484     -0.411     -0.596    25.8646 0.0000e+00
     -0.438     -0.081     7.5694     93.650     29.171  29.677716     2.0700     0.3728     0.0852     0.1692 1.4019e+03     0.5836     -0.429     -0.622    25.8639 0.0000e+00
     -0.458     -0.087     7.5870     93.546     29.193  29.700135     2.0700     0.3499     0.0852     0.1692 1.2832e+03     0.7189     -0.450     -0.652    25.8636 0.0000e+00
     -0.482     -0.094     7.6028     93.278     29.232  29.739688     2.2500     0.3728     0.0000     0.1269 1.1089e+03     0.7189     -0.473     -0.685    25.8633 0.0000e+00
     -0.508     -0.098     7.6137     92.814     29.281  29.789104     2.2500     0.3690     0.0000     0.1269 9.9405e+02     0.7490     -0.498     -0.722    25.8630 0.0000e+00
     -0.535     -0.099     7.6163     92.141     29.326  29.833842     2.2500     0.3537     0.0000     0.1269 8.8630e+02     0.7490     -0.525     -0.761    25.8628 0.0000e+00
     -0.563     -0.094     7.6078     91.302     29.357  29.864054     2.2500     0.0333     0.0000     0.1269 4.7877e+02    -0.1679     -0.552     -0.801    25.8625 0.0000e+00
     -0.590     -0.084     7.5861     90.385     29.375  29.879875     2.2500    -0.1269     0.0000     0.1269 3.3119e+02    -0.3332     -0.579     -0.840    25.8620 0.0000e+00
     -0.613     -0.069     7.5485     89.449     29.384  29.885525     2.2500    -0.1269    -1.6614    -1.7343 3.2997e+02    -0.1829     -0.601     -0.873    25.8613 0.0000e+00
     -0.630     -0.050     7.4939     88.491     29.383  29.878549     2.2500    -0.1308    -1.6614    -1.7343 4.0881e+02    -0.3031     -0.618     -0.896    25.8598 0.0000e+00
     -0.639     -0.028     7.4260     87.499     29.365  29.853129     2.2500    -0.1346    -1.6614    -1.7343 4.6041e+02    -0.2881     -0.627     -0.910    25.8570 0.0000e+00
     -0.643     -0.005     7.3520     86.525     29.329  29.806445     2.2500     0.3461    -1.6614    -1.7343 4.9798e+02     0.9744     -0.630     -0.914    25.8527 0.0000e+00
     -0.641      0.018     7.2767     85.653     29.275  29.739907     0.0000     0.3423    -6.9438    -8.2908 4.9238e+02     1.0045     -0.628     -0.912    25.8465 0.0000e+00
     -0.633      0.041     7.1999     84.912     29.215  29.667450     0.0000     0.3499    -6.9438    -8.2908 5.1604e+02     0.8993     -0.621     -0.901    25.8375 0.0000e+00
     -0.620      0.063     7.1209     84.212     29.166  29.607369     0.0000     0.3499    -6.9438    -8.2908 5.4997e+02     0.8542     -0.608     -0.882    25.8245 0.0000e+00
     -0.601      0.085     7.0437     83.403     29.132  29.563440     0.0000     0.3995    -6.9438    -8.2908 6.4647e+02     0.5235     -0.590     -0.855    25.8075 0.0000e+00
     -0.576      0.106     6.9753     82.406     29.109  29.531869     1.4400     0.4300    -0.9798    -1.0152 7.9057e+02     0.4634     -0.565     -0.819    25.7881 0.0000e+00
     -0.545      0.125     6.9174     81.272     29.095  29.512155     1.4400     0.4148    -0.9798    -1.0152 9.5571e+02     0.5085     -0.534     -0.775    25.7683 0.0000e+00
     -0.510      0.141     6.8627     80.121     29.088  29.503001     1.4400     0.3957    -0.9798    -1.0152 1.0933e+03     0.4484     -0.499     -0.724    25.7498 0.0000e+00
     -0.470      0.156     6.7987     79.081     29.091  29.505926     1.4400     0.3804    -0.9798    -1.0152 1.1692e+03     0.7490     -0.461     -0.669    25.7337 0.0000e+00
     -0.428      0.167     6.7191     78.266     29.102  29.521709     1.4400     0.3652    -0.9798    -1.0152 1.2241e+03     0.8091     -0.420     -0.608    25.7208 0.0000e+00
     -0.383      0.175     6.6278     77.782     29.115  29.542680     0.8100     0.3575     0.0000     0.1269 1.1866e+03     0.8091     -0.376     -0.545    25.7115 0.0000e+00
     -0.336      0.180     6.5346     77.710     29.123  29.562552     0.8100     0.3423     0.0000     0.1269 1.0900e+03     0.7490     -0.330     -0.478    25.7066 0.0000e+00
     -0.288      0.182     6.4497     78.079     29.126  29.578705     0.8100     0.4071     0.0000     0.1269 1.1596e+03     0.1929     -0.282     -0.410    25.7069 0.0000e+00
     -0.239      0.179     6.3825     78.841     29.125  29.591489     0.8100     0.4224     0.0000     0.1269 8.4529e+02     0.1929     -0.235     -0.340    25.7138 0.0000e+00
     -0.192      0.174     6.3413     79.903     29.127  29.604312     1.9800     0.4300     0.0000     0.2538 4.7278e+02     0.2981     -0.188     -0.272    25.7280 0.0000e+00
     -0.147      0.166     6.3331     81.142     29.130  29.616635     1.9800     0.4148     0.0000     0.2538 5.1694e+02     0.2379     -0.144     -0.209    25.7484 0.0000e+00
     -0.106      0.156     6.3604     82.395     29.130  29.623825     1.9800     0.4949     0.0000     0.2538 9.7543e+02     0.5235     -0.104     -0.150    25.7715 0.0000e+00
     -0.068      0.146     6.4198     83.540     29.124  29.623840     1.9800     0.4491     0.0000     0.2538 8.5638e+02     0.5235     -0.067     -0.097    25.7940 0.0000e+00
     -0.033      0.136     6.5039     84.521     29.116  29.620644     2.1600     0.4949     0.0426     0.1269 9.8160e+02     0.4183     -0.033     -0.047    25.8133 0.0000e+00
     -0.000      0.128     6.6029     85.258     29.109  29.617345     2.1600     0.4872     0.0426     0.1269 6.7138e+02     0.4183     -0.001     -0.001    25.8288 0.0000e+00
      0.031      0.121     6.7034     85.637     29.102  29.613063     2.1600     0.4148     0.0426     0.1269 5.9627e+02     0.3281      0.030      0.044    25.8414 0.0000e+00
      0.061      0.113     6.7953     85.599     29.097  29.610615     2.1600     0.4224     0.0426     0.1269 4.7752e+02     0.2680      0.059      0.086    25.8518 0.0000e+00
      0.090      0.106     6.8741     85.177     29.098  29.613309     2.1600     0.3919     0.0426     0.3384 4.1166e+02     0.2830      0.088      0.127    25.8600 0.0000e+00
      0.116      0.097     6.9333     84.471     29.106  29.621863     2.1600     0.4071     0.0426     0.3384 6.6891e+02     0.3131      0.114      0.165    25.8665 0.0000e+00
      0.141      0.089     6.9635     83.596     29.118  29.634599     2.1600     0.4834     0.0426     0.3384 4.1770e+02     0.2379      0.138      0.200    25.8717 0.0000e+00
      0.162      0.081     6.9599     82.639     29.126  29.643034     2.1600     0.4605     0.0426     0.3384 5.2157e+02     0.2379      0.158      0.230    25.8756 0.0000e+00
      0.180      0.073     6.9252     81.677     29.125  29.641498     2.1600     0.4872     0.0426     0.3384 3.8401e+02     0.2079      0.177      0.256    25.8783 0.0000e+00
      0.197      0.068     6.8676     80.804     29.118  29.633539     2.0700     0.4796     0.0426     0.2115 9.5758e+02     0.2680      0.193      0.280    25.8800 0.0000e+00
      0.212      0.065     6.7964     80.104     29.108  29.620996     2.0700     0.4720     0.0426     0.2115 6.9348e+02     0.2530      0.208      0.302    25.8808 0.0000e+00
      0.227      0.065     6.7186     79.641     29.094  29.604484     2.0700     0.4720     0.0426     0.2115 6.0739e+02     0.2830      0.222      0.323    25.8809 0.0000e+00
      0.242      0.068     6.6405     79.478     29.080  29.587519     2.0700     0.4796     0.0426     0.2115 1.0165e+03     0.2229      0.237      0.344    25.8802 0.0000e+00
      0.259      0.072     6.5697     79.696     29.071  29.573497     2.0700     0.5139     0.0000     0.1269 5.1807e+02     0.1778      0.254      0.368    25.8786 0.0000e+00
      0.277      0.076     6.5131     80.331     29.065  29.562637     2.0700     0.5025     0.0000     0.1269 6.4971e+02     0.3882      0.272      0.394    25.8758 0.0000e+00
      0.299      0.080     6.4760     81.273     29.059  29.552044     2.0700     0.4758     0.0000     0.1269 8.2264e+02     0.4935      0.293      0.425    25.8717 0.0000e+00
      0.322      0.083     6.4634     82.282     29.053  29.542852     2.0700     0.4872     0.0000     0.1269 6.4929e+02     0.4935      0.315      0.458    25.8658 0.0000e+00
      0.345      0.083     6.4821     83.097     29.044  29.532610     2.0700     0.4987     0.0000     0.1269 1.1431e+03     0.3882      0.338      0.490    25.8578 0.0000e+00
      0.366      0.083     6.5347     83.490     29.027  29.514627     2.0700     0.5292     0.0000     0.1269 4.3663e+02     0.2379      0.359      0.521    25.8493 0.0000e+00
      0.387      0.082     6.6122     83.300     29.008  29.495986     2.0700     0.5368     0.0000     0.1269 7.8868e+02     0.3131      0.379      0.550    25.8418 0.0000e+00
      0.406      0.080     6.6950     82.470     28.999  29.487555     2.0700     0.5216     0.0000     0.1269 5.0495e+02     0.2229      0.398      0.578    25.8366 0.0000e+00
      0.426      0.079     6.7616     81.063     28.999  29.487088     2.1600     0.5635     0.0426     0.1692 5.6683e+02     0.2229      0.418      0.606    25.8341 0.0000e+00
      0.447      0.079     6.7936     79.246     28.998  29.486539     2.1600     0.6208     0.0426     0.1692 4.0757e+02     0.2079      0.438      0.635    25.8339 0.0000e+00
      0.467      0.078     6.7780     77.237     28.994  29.481803     2.1600     0.6284     0.0426     0.1692 3.4470e+02     0.2379      0.458      0.664    25.8349 0.0000e+00
      0.487      0.078     6.7103     75.245     28.988  29.475575     2.1600     0.5940     0.0426     0.1692 3.8226e+02     0.2229      0.478      0.693    25.8359 0.0000e+00
      0.507      0.077     6.5958     73.425     28.979  29.466196     2.1600     0.6093     0.0426     0.1692 7.6289e+02     0.2379      0.497      0.721    25.8362 0.0000e+00
      0.526      0.076     6.4480     71.866     28.961  29.447204     2.0700     0.6208     0.0000     0.2538 4.7052e+02     0.2079      0.516      0.749    25.8360 0.0000e+00
      0.546      0.074     6.2846     70.597     28.940  29.425415     2.0700     0.6093     0.0000     0.2538 5.8244e+02     0.3432      0.535      0.776    25.8354 0.0000e+00
      0.565      0.073     6.1226     69.602     28.926  29.410857     2.0700     0.6093     0.0000     0.2538 8.1676e+02     0.2981      0.554      0.803    25.8348 0.0000e+00
      0.583      0.071     5.9745     68.834     28.919  29.403606     2.0700     0.5750     0.0000     0.2538 5.7490e+02     0.2680      0.572      0.830    25.8343 0.0000e+00
      0.601      0.068     5.8477     68.252     28.918  29.401731     2.1600     0.5940     0.0000     0.1269 6.3189e+02     0.1929      0.590      0.855    25.8339 0.0000e+00
      0.618      0.066     5.7445     67.832     28.921  29.404730     2.1600     0.6169     0.0000     0.1269 7.5366e+02     0.2079      0.607      0.879    25.8332 0.0000e+00
      0.635      0.064     5.6637     67.564     28.926  29.409444     2.1600     0.6017     0.0000     0.1269 4.2107e+02     0.2981      0.623      0.903    25.8323 0.0000e+00
      0.651      0.062     5.6013     67.447     28.926  29.409210     2.1600     0.6093     0.0000     0.1269 6.1952e+02     0.2079      0.638      0.926    25.8315 0.0000e+00
      0.666      0.060     5.5540     67.488     28.921  29.403967     2.0700     0.5979     0.0000     0.0846 3.5829e+02     0.2981      0.654      0.948    25.8308 0.0000e+00
      0.681      0.059     5.5199     67.696     28.918  29.400234     2.0700     0.6055     0.0000     0.0846 9.7205e+02     0.3432      0.669      0.969    25.8302 0.0000e+00
      0.696      0.058     5.4981     68.075     28.915  29.397017     2.0700     0.5940     0.0000     0.0846 8.2443e+02     0.1929      0.683      0.990    25.8296 0.0000e+00
      0.711      0.058     5.4886     68.613     28.908  29.389498     2.0700     0.6093     0.0000     0.0846 8.3889e+02     0.2379      0.697      1.011    25.8290 0.0000e+00
      0.725      0.058     5.4921     69.284     28.903  29.383591     2.0700     0.6246     0.0000     0.2115 5.0870e+02     0.2680      0.711      1.031    25.8284 0.0000e+00
      0.739      0.059     5.5091     70.036     28.902  29.381682     2.0700     0.6131     0.0000     0.2115 4.5513e+02     0.2379      0.725      1.051    25.8278 0.0000e+00
      0.754      0.060     5.5400     70.795     28.898  29.375341     2.0700     0.5750     0.0000     0.2115 4.6151e+02     0.4183      0.740      1.073    25.8272 0.0000e+00
      0.770      0.062     5.5839     71.490     28.889  29.362878     2.0700     0.6093     0.0000     0.2115 5.7502e+02     0.2379      0.755      1.095    25.8264 0.0000e+00
      0.786      0.063     5.6385     72.092     28.882  29.352848     2.0700     0.6360     0.0000     0.2115 6.1777e+02     0.1929      0.771      1.118    25.8252 0.0000e+00
      0.803      0.065     5.7000     72.602     28.883  29.350496     2.1600     0.6093     0.0000     0.1692 8.1676e+02     0.1628      0.787      1.142    25.8232 0.0000e+00
      0.820      0.066     5.7621     73.028     28.883  29.347274     2.1600     0.6208     0.0000     0.1692 6.7563e+02     0.2680      0.804      1.166    25.8196 0.0000e+00
