Data/DataNotYetUploadedToEDI/Raw_CTD/RawDownloads/070323_fcr50_S7809001.cnv
* Sea-Bird SBE19plus  Data File:
* FileName = C:\R\Reservoirs\Data\DataNotYetUploadedToEDI\Raw_CTD\RawDownloads\073123_fcr50_S7809_0001.hex
* Software version 2.8.0.119
* Temperature SN = 7809
* Conductivity SN = 7809
* System UpLoad Time = Aug 03 2023 12:33:01
* <ApplicationData>
* <Seaterm232>
# nquan = 15
# nvalues = 1833                        
# units = specified
# name 0 = depFM: Depth [fresh water, m]
# name 1 = dz/dtM: Descent Rate [m/s]
# name 2 = sbeox0Mg/L: Oxygen, SBE 43 [mg/l]
# name 3 = sbeox0PS: Oxygen, SBE 43 [% saturation]
# name 4 = specc: Specific Conductance [uS/cm]
# name 5 = c0uS/cm: Conductivity [uS/cm]
# name 6 = flECO-AFL: Fluorescence, WET Labs ECO-AFL/FL [mg/m^3]
# name 7 = ph: pH
# name 8 = orp: Oxidation Reduction Potential [mV]
# name 9 = par/sat/log: PAR/Logarithmic, Satlantic
# name 10 = turbWETntu0: Turbidity, WET Labs ECO [NTU]
# name 11 = prdM: Pressure, Strain Gauge [db]
# name 12 = prdE: Pressure, Strain Gauge [psi]
# name 13 = tv290C: Temperature [ITS-90, deg C]
# name 14 = flag:  0.000e+00
# span 0 =     -0.664,      9.126       
# span 1 =     -0.367,      0.183       
# span 2 =     0.1805,    13.6820       
# span 3 =      1.701,    167.900       
# span 4 =      0.377,    551.521       
# span 5 =   0.428948, 591.518316       
# span 6 =    -0.1653,     5.1280       
# span 7 =     -1.874,     10.654       
# span 8 = -1240.7455,   792.4594       
# span 9 = 1.2337e-01, 9.5752e+02       
# span 10 =     1.0128,   543.4152      
# span 11 =     -0.651,      8.951      
# span 12 =     -0.944,     12.982      
# span 13 =    10.7069,    31.8574      
# span 14 = 0.0000e+00, 0.0000e+00      
# interval = seconds: 0.25
# start_time = Jul 03 2023 08:54:25 [Instrument's time stamp, header]
# bad_flag = -9.990e-29
*END*
     -0.663 4.3139e-19     7.2427     98.953      0.407   0.462848    -0.0836     -1.873   120.2966 7.3367e+02     1.3185     -0.650     -0.943    31.8574 0.0000e+00
     -0.663 3.9217e-20     7.2425     98.944      0.436   0.495090    -0.0808     -1.873   -38.8580 7.4551e+02     1.2923     -0.650     -0.943    31.8566 0.0000e+00
     -0.663 3.5652e-21     7.2448     98.937      0.469   0.532255    -0.0753     -1.873  -180.8456 7.4482e+02     1.3303     -0.650     -0.943    31.8563 0.0000e+00
     -0.663 3.2410e-22     7.2478     98.935      0.469   0.532191    -0.0840     -1.873  -353.1966 7.3814e+02     1.3340     -0.651     -0.944    31.8555 0.0000e+00
     -0.663 2.9464e-23     7.2455     98.955      0.435   0.494318    -0.0852     -1.873  -522.8386 7.2748e+02     1.3375     -0.650     -0.943    31.8548 0.0000e+00
     -0.663 2.6786e-24     7.2452     98.966      0.400   0.454349    -0.0732     -1.873  -681.7172 7.1246e+02     1.4068     -0.650     -0.943    31.8547 0.0000e+00
     -0.663 2.4351e-25     7.2456     98.966      0.377   0.428948    -0.0732     -1.873  -849.8047 7.0609e+02     1.4208     -0.650     -0.943    31.8540 0.0000e+00
     -0.663 2.2138e-26     7.2430     98.987      0.387   0.440541    -0.0857     -1.873 -1013.8631 7.0749e+02     1.3689     -0.650     -0.943    31.8530 0.0000e+00
     -0.663 2.0282e-27     7.2473     99.027      0.412   0.467844    -0.0822     -1.873 -1146.7397 7.0265e+02     1.3947     -0.650     -0.943    31.8516 0.0000e+00
     -0.663 3.5611e-28     7.2483     99.079      0.445   0.505720    -0.0646     -1.873 -1218.7305 6.8868e+02     1.4255     -0.651     -0.944    31.8502 0.0000e+00
     -0.663 1.9214e-27     7.2461     99.132      0.456   0.518490    -0.0553     -1.873 -1238.7441 6.7770e+02     1.3992     -0.650     -0.943    31.8495 0.0000e+00
     -0.663 2.0954e-26     7.2492     99.159      0.436   0.495573    -0.0623     -1.873 -1240.5635 6.7184e+02     1.3837     -0.650     -0.943    31.8485 0.0000e+00
     -0.664 2.3048e-25     7.2518     99.159      0.424   0.481974    -0.0728     -1.873 -1240.7290 6.6198e+02     1.3753     -0.651     -0.944    31.8462 0.0000e+00
     -0.664 2.5353e-24     7.2565     99.149      0.423   0.480737    -0.0744     -1.873 -1240.7440 6.4913e+02     1.3660     -0.651     -0.944    31.8426 0.0000e+00
     -0.663 2.7888e-23     7.2620     99.140      0.423   0.480625    -0.0816     -1.873 -1240.7454 6.3915e+02     1.3392     -0.650     -0.943    31.8392 0.0000e+00
     -0.663 3.0677e-22     7.2642     99.134      0.423   0.480614    -0.0936     -1.873 -1240.7455 6.3425e+02     1.2910     -0.650     -0.942    31.8370 0.0000e+00
     -0.663 3.3745e-21     7.2637     99.120      0.423   0.480604    -0.0858     -1.874 -1240.7455 6.3403e+02     1.2614     -0.651     -0.944    31.8349 0.0000e+00
     -0.663 3.7119e-20     7.2631     99.115      0.423   0.480500    -0.0631     -1.874 -1240.7455 6.3519e+02     1.2198     -0.650     -0.943    31.8328 0.0000e+00
     -0.663 4.0831e-19     7.2622     99.129      0.422   0.479358    -0.0606     -1.874 -1240.7455 6.3394e+02     1.1299     -0.650     -0.943    31.8305 0.0000e+00
     -0.663 4.4914e-18     7.2633     99.145      0.411   0.466795    -0.0713     -1.874 -1240.7455 6.2823e+02     1.0973     -0.650     -0.943    31.8281 0.0000e+00
     -0.663 4.9405e-17     7.2616     99.171      0.401   0.455270    -0.0678     -1.874 -1240.7455 6.1978e+02     1.1663     -0.650     -0.943    31.8254 0.0000e+00
     -0.663 5.4346e-16     7.2606     99.186      0.411   0.466682    -0.0689     -1.874 -1240.7455 6.0475e+02     1.1787     -0.651     -0.944    31.8232 0.0000e+00
     -0.663 5.9780e-15     7.2638     99.169      0.421   0.478103    -0.0763     -1.874 -1240.7455 5.7864e+02     1.1106     -0.650     -0.943    31.8217 0.0000e+00
     -0.663 6.5759e-14     7.2633     99.148      0.411   0.466693    -0.0729     -1.874 -1240.7455 5.4238e+02     1.0950     -0.650     -0.943    31.8201 0.0000e+00
     -0.663 7.2334e-13     7.2668     99.135      0.401   0.455394    -0.0695     -1.874 -1240.7455 4.8712e+02     1.0922     -0.650     -0.943    31.8185 0.0000e+00
     -0.663 7.9568e-12     7.2692     99.120      0.412   0.468165    -0.0777     -1.874 -1240.7455 4.2975e+02     1.0431     -0.651     -0.944    31.8165 0.0000e+00
     -0.663 8.7525e-11     7.2664     99.118      0.435   0.494433    -0.0888     -1.874 -1240.7455 4.0011e+02     1.0128     -0.650     -0.943    31.8151 0.0000e+00
     -0.663 9.6277e-10     7.2650     99.135      0.458   0.519654    -0.0872     -1.874 -1240.7455 3.8795e+02     1.0333     -0.650     -0.943    31.8139 0.0000e+00
     -0.663 1.0590e-08     7.2648     99.142      0.458   0.519767    -0.0750     -1.874 -1240.7452 3.8418e+02     1.0865     -0.650     -0.943    31.8128 0.0000e+00
     -0.663 1.1650e-07     7.2634     99.131      0.436   0.495804    -0.0742     -1.874 -1240.7422 3.9073e+02     1.1100     -0.650     -0.942    31.8111 0.0000e+00
     -0.663      0.000     7.2622     99.116      0.425   0.483263    -0.0862     -1.874 -1240.7089 4.0298e+02     1.0776     -0.650     -0.942    31.8110 0.0000e+00
     -0.663      0.000     7.2655     99.094      0.436   0.494805    -0.0860     -1.874 -1240.3434 4.2316e+02     1.0709     -0.650     -0.943    31.8093 0.0000e+00
     -0.663      0.000     7.2662     99.072      0.561   0.635359    -0.0717     -1.870 -1236.3220 4.5161e+02     1.0973     -0.650     -0.942    31.8103 0.0000e+00
     -0.662      0.002     7.2643     99.069      1.937   2.182683    -0.0636     -1.829 -1192.0865 4.7987e+02     1.0894     -0.649     -0.942    31.8084 0.0000e+00
     -0.662      0.009     7.2635     99.095     17.306  19.456705    -0.0719     -1.381  -705.4962 4.9896e+02     1.0778     -0.649     -0.942    31.8126 0.0000e+00
     -0.662      0.026     7.2625     99.203     65.311  72.672432    -0.0879      0.351   282.7439 5.0801e+02     1.0941     -0.650     -0.943    31.8070 0.0000e+00
     -0.662      0.052     7.2579     99.396    170.898 187.502172    -0.0990      3.241   753.8032 5.1247e+02     1.1495     -0.649     -0.941    31.8182 0.0000e+00
     -0.657      0.082     7.2613     99.560    357.093 387.545469    -0.0900      5.826   455.0841 5.2132e+02     1.2694     -0.650     -0.942    31.8020 0.0000e+00
     -0.634      0.112     7.2572     99.641    534.597 576.251200    -0.0626      7.459   204.6739 5.3817e+02     1.5531     -0.633     -0.919    31.8292 0.0000e+00
     -0.587      0.141     7.3096     99.706    551.521 591.518316    -0.0174      8.449   181.6757 5.4845e+02     3.6234     -0.576     -0.836    31.4514 0.0000e+00
     -0.534      0.164     7.4671     99.836    434.221 463.594596     0.3980      9.044   175.8962 5.4080e+02    25.9934     -0.519     -0.752    30.3520 0.0000e+00
     -0.489      0.178     7.5962    100.212    327.430 348.083460     1.1810      9.385   165.4252 5.3244e+02    67.0356     -0.482     -0.699    29.4327 0.0000e+00
     -0.442      0.183     7.6617    100.940    271.237 287.309366     1.6269      9.576   161.7604 5.4508e+02    89.3671     -0.436     -0.632    28.9182 0.0000e+00
     -0.393      0.183     7.7146    101.763    268.955 283.745338     1.7113      9.711   164.9680 5.7165e+02    90.1238     -0.385     -0.557    28.5582 0.0000e+00
     -0.348      0.183     7.7589    102.484    329.907 346.709781     2.0598      9.812   168.1577 5.9555e+02    75.4675     -0.342     -0.496    28.3075 0.0000e+00
     -0.305      0.182     7.8084    103.131    385.247 403.913168     2.6862      9.870   169.6968 6.1685e+02    48.1821     -0.298     -0.434    28.0999 0.0000e+00
     -0.260      0.173     7.9032    103.667    401.482 420.715298     3.0338      9.900   169.8978 6.4092e+02    33.2202     -0.258     -0.374    27.9429 0.0000e+00
     -0.210      0.156     7.9989    104.038    414.058 434.393431     3.0757      9.916   169.0389 6.5858e+02    31.7837     -0.208     -0.302    27.7716 0.0000e+00
     -0.158      0.133     8.0763    104.180    430.615 452.400753     3.1260      9.925   167.3991 6.1501e+02    31.1199     -0.149     -0.216    27.5636 0.0000e+00
     -0.122      0.106     8.1590    104.123    440.549 463.261780     3.2008      9.930   165.4722 5.1578e+02    30.0452     -0.113     -0.163    27.3725 0.0000e+00
     -0.104      0.076     8.2033    103.981    444.105 467.234264     3.2308      9.933   164.1536 4.6357e+02    29.4126     -0.099     -0.142    27.3500 0.0000e+00
     -0.097      0.048     8.2225    103.816    447.847 471.345714     3.2386      9.933   163.7587 4.6532e+02    29.3468     -0.093     -0.136    27.4477 0.0000e+00
     -0.094      0.025     8.2196    103.670    454.967 479.016351     3.2374      9.931   163.6233 4.6619e+02    29.4200     -0.092     -0.135    27.5332 0.0000e+00
     -0.094      0.010     8.2025    103.547    462.065 486.597853     3.2072      9.929   163.2918 4.5964e+02    29.5126     -0.092     -0.134    27.5801 0.0000e+00
     -0.094      0.004     8.1891    103.412    460.807 485.142277     3.1906      9.927   163.2777 4.5531e+02    29.5441     -0.092     -0.134    27.5985 0.0000e+00
     -0.093      0.002     8.1710    103.264    448.920 472.179057     3.1942      9.926   163.8833 4.5328e+02    29.5956     -0.091     -0.133    27.6154 0.0000e+00
     -0.093      0.002     8.1564    103.140    429.826 451.460920     3.2010      9.925   163.4718 4.3252e+02    29.7588     -0.091     -0.132    27.6376 0.0000e+00
     -0.092      0.002     8.1453    103.040    401.040 420.530696     3.1980      9.923   161.9158 4.0013e+02    29.9461     -0.090     -0.131    27.6573 0.0000e+00
     -0.092      0.002     8.1360    102.963    358.146 374.761487     3.1830      9.920   161.1590 3.8695e+02    30.0160     -0.090     -0.131    27.6493 0.0000e+00
     -0.091      0.002     8.1307    102.912    306.957 320.320865     3.1864      9.918   160.6889 3.9813e+02    29.9899     -0.089     -0.130    27.5901 0.0000e+00
     -0.091      0.003     8.1346    102.859    261.498 272.112767     3.2300      9.916   160.3623 4.1763e+02    29.8008     -0.089     -0.129    27.5086 0.0000e+00
     -0.090      0.003     8.1388    102.826    229.685 238.519106     3.2942      9.914   162.5445 4.2337e+02    29.4714     -0.088     -0.128    27.4269 0.0000e+00
     -0.089      0.003     8.1491    102.830    210.154 217.986984     3.3299      9.913   166.2524 4.1577e+02    29.3210     -0.088     -0.128    27.3154 0.0000e+00
     -0.088      0.003     8.1718    102.792    199.286 206.573153     3.3298      9.914   168.4545 4.1583e+02    29.3834     -0.087     -0.125    27.1507 0.0000e+00
     -0.087      0.003     8.1929    102.562    193.345 200.309385     3.3343      9.918   168.8646 4.1945e+02    29.5421     -0.085     -0.123    26.9885 0.0000e+00
     -0.086      0.003     8.1999    101.662    189.535 196.249123     3.3589      9.921   167.0814 4.1912e+02    29.7371     -0.085     -0.123    26.8933 0.0000e+00
     -0.085      0.003     8.2158    100.632    186.510 192.978333     3.3778      9.923   164.7899 4.2508e+02    29.8621     -0.084     -0.121    26.8495 0.0000e+00
     -0.085      0.002     8.2123    101.825    183.187 189.410491     3.3797      9.924   163.7869 4.2554e+02    29.9257     -0.083     -0.121    26.8180 0.0000e+00
     -0.084      0.002     8.2183    105.932    179.405 185.397470     3.3655      9.923   161.8369 4.1636e+02    29.8232     -0.083     -0.120    26.7953 0.0000e+00
     -0.084      0.002     8.1643    110.908    175.805 181.596918     3.3385      9.923   160.1416 4.1066e+02    29.5461     -0.082     -0.119    26.7692 0.0000e+00
     -0.083      0.002     7.9726    115.177    172.459 178.098991     3.3200      9.923   160.4114 4.0954e+02    29.3756     -0.082     -0.118    26.7255 0.0000e+00
     -0.083      0.002     8.0434    118.385    168.675 174.223910     3.3160      9.924   161.7426 4.1020e+02    29.4008     -0.081     -0.118    26.6882 0.0000e+00
     -0.082      0.003     8.4788    120.242    164.375 169.881882     3.3495      9.924   163.1598 4.1395e+02    29.7487     -0.081     -0.117    26.6623 0.0000e+00
     -0.081      0.003     8.9217    120.707    160.063 165.522657     3.4170      9.924   163.5222 4.1945e+02    30.3367     -0.080     -0.116    26.6378 0.0000e+00
     -0.081      0.002     9.2597    120.301    155.873 161.239655     3.4489      9.924   163.3706 4.1798e+02    30.6348     -0.079     -0.115    26.6198 0.0000e+00
     -0.080      0.002     9.5329    119.954    151.554 156.789160     3.4442      9.923   163.0479 4.0751e+02    30.6210     -0.078     -0.114    26.6291 0.0000e+00
     -0.079      0.002     9.6767    120.569    146.480 151.545103     3.4268      9.921   162.8038 3.9326e+02    30.3409     -0.078     -0.113    26.6711 0.0000e+00
     -0.079      0.002     9.6912    122.652    142.123 147.037518     3.3967      9.917   162.6558 3.8571e+02    29.8439     -0.077     -0.112    26.7061 0.0000e+00
     -0.079      0.002     9.6308    126.485    141.048 145.932768     3.3799      9.914   162.8078 3.8722e+02    29.5987     -0.078     -0.113    26.7189 0.0000e+00
     -0.078      0.002     9.5679    131.540    144.814 149.864075     3.3818      9.912   163.1792 3.9076e+02    29.6312     -0.077     -0.112    26.7216 0.0000e+00
     -0.078      0.002     9.6143    136.446    155.659 161.133853     3.3865      9.910   163.7044 3.8998e+02    29.9629     -0.076     -0.110    26.7238 0.0000e+00
     -0.077      0.001     9.7628    140.169    164.345 170.152793     3.3869      9.907   165.2856 3.8141e+02    30.5008     -0.075     -0.109    26.7225 0.0000e+00
     -0.077      0.001    10.0815    142.330    157.382 162.943646     3.3861      9.905   167.1552 3.6947e+02    30.7722     -0.075     -0.109    26.7201 0.0000e+00
     -0.077      0.001    10.5382    142.908    143.060 148.097366     3.3767      9.903   168.9302 3.6291e+02    30.7857     -0.075     -0.109    26.7349 0.0000e+00
     -0.077      0.001    10.9526    142.059    134.968 139.696812     3.3647      9.901   169.0221 3.6644e+02    30.7314     -0.075     -0.108    26.7546 0.0000e+00
     -0.077      0.001    11.2565    140.049    133.353 138.001304     3.3922      9.898   165.1694 3.7501e+02    30.7309     -0.075     -0.109    26.7636 0.0000e+00
     -0.076      0.001    11.4297    137.251    134.351 139.013490     3.4511      9.896   160.6351 3.8131e+02    30.7795     -0.075     -0.108    26.7622 0.0000e+00
     -0.076      0.001    11.4730    134.088    134.900 139.563368     3.4861      9.892   158.5086 3.8376e+02    30.8066     -0.074     -0.108    26.7545 0.0000e+00
     -0.076      0.001    11.4004    130.932    134.410 139.037910     3.4905      9.887   156.8373 3.8407e+02    30.7854     -0.074     -0.107    26.7454 0.0000e+00
     -0.076      0.001    11.2305    127.978    134.737 139.356434     3.4786      9.881   156.1725 3.8160e+02    30.7618     -0.074     -0.107    26.7361 0.0000e+00
     -0.076      0.000    10.9958    125.284    132.767 137.291763     3.4666      9.876   157.0096 3.8451e+02    30.8623     -0.074     -0.107    26.7281 0.0000e+00
     -0.076 4.6892e-07    10.7324    122.964    124.468 128.670274     3.4714      9.872   158.5267 4.0294e+02    30.9420     -0.074     -0.107    26.7221 0.0000e+00
     -0.076      0.000    10.4754    121.244    115.603 119.451645     3.4864      9.871   160.4922 4.2166e+02    30.9402     -0.074     -0.106    26.7155 0.0000e+00
     -0.076      0.000    10.2412    120.267    111.608 115.249683     3.5229      9.871   160.9851 4.1906e+02    31.1479     -0.073     -0.107    26.7083 0.0000e+00
     -0.076      0.001    10.0234    119.762    110.563 114.053971     3.5795      9.872   161.2164 3.9834e+02    31.5407     -0.074     -0.108    26.6997 0.0000e+00
     -0.076      0.002     9.8348    119.320    110.165 113.465965     3.6129      9.873   162.4279 3.8376e+02    31.7608     -0.074     -0.107    26.6830 0.0000e+00
