Data/DataNotYetUploadedToEDI/Raw_CTD/RawDownloads/070325_fcr10_S7809005.cnv
* Sea-Bird SBE19plus  Data File:
* FileName = C:\R\Reservoirs\Data\DataNotYetUploadedToEDI\Raw_CTD\RawDownloads\070325_fcr50_S7809_0005.hex
* Software version 2.8.0.119
* Temperature SN = 7809
* Conductivity SN = 7809
* System UpLoad Time = Jul 07 2025 16:20:36
* <ApplicationData>
* <Seaterm232>
# nquan = 15
# nvalues = 1440                        
# units = specified
# name 0 = depFM: Depth [fresh water, m]
# name 1 = dz/dtM: Descent Rate [m/s]
# name 2 = sbeox0Mg/L: Oxygen, SBE 43 [mg/l]
# name 3 = sbeox0PS: Oxygen, SBE 43 [% saturation]
# name 4 = specc: Specific Conductance [uS/cm]
# name 5 = c0uS/cm: Conductivity [uS/cm]
# name 6 = flECO-AFL: Fluorescence, WET Labs ECO-AFL/FL [mg/m^3]
# name 7 = ph: pH
# name 8 = orp: Oxidation Reduction Potential [mV]
# name 9 = par/sat/log: PAR/Logarithmic, Satlantic
# name 10 = turbWETntu0: Turbidity, WET Labs ECO [NTU]
# name 11 = prdM: Pressure, Strain Gauge [db]
# name 12 = prdE: Pressure, Strain Gauge [psi]
# name 13 = tv290C: Temperature [ITS-90, deg C]
# name 14 = flag:  0.000e+00
# span 0 =     -0.654,      2.217       
# span 1 =     -4.242,      0.208       
# span 2 =     0.0046,     8.0170       
# span 3 =      0.069,     99.194       
# span 4 =      0.940,    119.634       
# span 5 =   0.874484, 102.792022       
# span 6 =    -1.9693,    24.1865       
# span 7 =      7.312,      9.078       
# span 8 =   -37.8616,   374.9574       
# span 9 = 1.6244e+00, 2.6349e+03       
# span 10 =    -8.4485,   109.0394      
# span 11 =     -0.641,      2.175      
# span 12 =     -0.930,      3.154      
# span 13 =    17.9231,    26.6485      
# span 14 = 0.0000e+00, 0.0000e+00      
# interval = seconds: 0.25
# start_time = Jul 03 2025 11:01:41 [Instrument's time stamp, header]
# bad_flag = -9.990e-29
*END*
[from data line 868]
      2.166      0.002     0.0245      0.254     99.531  85.615524    10.2133      8.387   149.6512 1.0301e+01    33.3364      2.124      3.081    18.0094 0.0000e+00
      2.167      0.001     0.0268      0.233     99.715  85.778140    10.2029      8.388   148.5722 1.0216e+01    33.2809      2.125      3.082    18.0082 0.0000e+00
      2.167      0.001     0.0256      0.208     99.872  85.919469    10.2060      8.389   147.5286 1.0170e+01    33.0228      2.125      3.082    18.0062 0.0000e+00
      2.167      0.001     0.0234      0.198    100.017  86.052172    10.1926      8.390   146.6697 1.0156e+01    32.5387      2.125      3.082    18.0042 0.0000e+00
      2.168      0.001     0.0256      0.203    100.151  86.174099    10.1487      8.390   145.6731 1.0124e+01    32.2782      2.126      3.083    18.0043 0.0000e+00
      2.168      0.001     0.0220      0.216    100.081  86.121506    10.1007      8.391   144.5990 1.0030e+01    32.1960      2.126      3.083    18.0068 0.0000e+00
      2.168      0.001     0.0190      0.220     99.915  85.988754     9.9942      8.391   143.9213 9.9369e+00    32.0921      2.126      3.084    18.0108 0.0000e+00
      2.168      0.002     0.0182      0.219     99.951  86.032009     9.8272      8.392   143.5011 9.8521e+00    32.0807      2.126      3.084    18.0144 0.0000e+00
      2.169      0.002     0.0186      0.229    100.131  86.199266     9.7380      8.393   143.1321 9.6902e+00    32.1266      2.127      3.085    18.0172 0.0000e+00
      2.170      0.002     0.0212      0.250    100.375  86.420852     9.7306      8.394   142.8150 9.4968e+00    32.1338      2.128      3.086    18.0211 0.0000e+00
      2.170      0.002     0.0209      0.253    100.660  86.675702     9.6547      8.395   142.3348 9.3446e+00    32.3052      2.128      3.087    18.0264 0.0000e+00
      2.171      0.002     0.0203      0.231    100.870  86.863469     9.4869      8.397   141.7133 9.1997e+00    32.6614      2.129      3.088    18.0326 0.0000e+00
      2.172      0.002     0.0207      0.213    100.989  86.973655     9.3660      8.398   140.9794 9.0863e+00    32.8192      2.130      3.089    18.0393 0.0000e+00
      2.172      0.002     0.0246      0.217    101.071  87.053792     9.3160      8.398   140.0869 9.0422e+00    32.7103      2.130      3.090    18.0454 0.0000e+00
      2.172      0.001     0.0253      0.234    101.151  87.132685     9.2910      8.398   139.0100 9.0244e+00    32.6774      2.130      3.090    18.0496 0.0000e+00
      2.173      0.001     0.0215      0.240    101.176  87.164216     9.2622      8.398   137.6812 8.9996e+00    33.2757      2.131      3.090    18.0523 0.0000e+00
      2.173      0.000     0.0192      0.226    101.108  87.116982     9.2265      8.400   136.1518 8.9824e+00    34.3421      2.131      3.090    18.0563 0.0000e+00
      2.173 4.2843e-07     0.0200      0.220    101.116  87.134100     9.2258      8.400   134.6285 8.9635e+00    34.9126      2.131      3.090    18.0614 0.0000e+00
      2.173      0.000     0.0225      0.230    101.233  87.243987     9.2366      8.400   133.3736 8.9155e+00    35.0153      2.131      3.090    18.0657 0.0000e+00
      2.173      0.000     0.0240      0.235    101.292  87.300607     9.1988      8.401   132.1643 8.8432e+00    35.5504      2.131      3.090    18.0706 0.0000e+00
      2.173      0.001     0.0209      0.244    101.223  87.246180     9.1187      8.402   130.7615 8.7533e+00    36.4976      2.131      3.091    18.0767 0.0000e+00
      2.173      0.001     0.0195      0.248    101.042  87.094817     9.0667      8.403   129.4045 8.6691e+00    37.0051      2.131      3.091    18.0824 0.0000e+00
      2.173      0.001     0.0232      0.234    100.848  86.933567     9.0533      8.404   128.1472 8.6254e+00    37.1432      2.131      3.091    18.0866 0.0000e+00
      2.174      0.001     0.0212      0.231    100.715  86.823207     9.0399      8.405   126.8303 8.6054e+00    37.6552      2.132      3.092    18.0893 0.0000e+00
      2.174      0.001     0.0232      0.237    100.586  86.714637     9.0381      8.405   125.3546 8.5631e+00    38.4142      2.132      3.092    18.0916 0.0000e+00
      2.174      0.001     0.0248      0.227    100.423  86.575020     9.0647      8.406   123.7276 8.5067e+00    38.7706      2.132      3.092    18.0940 0.0000e+00
      2.174      0.001     0.0209      0.206    100.230  86.407315     9.0783      8.407   122.1287 8.4591e+00    38.7873      2.132      3.092    18.0970 0.0000e+00
      2.174      0.001     0.0215      0.192    100.008  86.213561     9.0860      8.408   120.6499 8.4179e+00    38.6842      2.132      3.093    18.0997 0.0000e+00
      2.174      0.001     0.0231      0.188     99.777  86.013408     9.1158      8.410   119.2699 8.3628e+00    38.4459      2.132      3.093    18.1009 0.0000e+00
      2.175      0.001     0.0222      0.193     99.639  85.895545     9.1313      8.410   117.9181 8.2825e+00    38.2979      2.133      3.094    18.1010 0.0000e+00
      2.175      0.001     0.0186      0.202     99.679  85.933438     9.1234      8.411   116.4372 8.2064e+00    38.3295      2.133      3.093    18.1004 0.0000e+00
      2.175      0.001     0.0179      0.207     99.857  86.089923     9.1620      8.413   114.8719 8.1544e+00    38.3495      2.134      3.094    18.0990 0.0000e+00
      2.175      0.001     0.0176      0.217    100.128  86.324608     9.2488      8.415   113.3611 8.1145e+00    38.2316      2.133      3.095    18.0978 0.0000e+00
      2.175      0.001     0.0178      0.229    100.460  86.608286     9.2905      8.415   111.9366 8.0647e+00    38.1345      2.133      3.094    18.0984 0.0000e+00
      2.175      0.001     0.0199      0.237    100.819  86.911843     9.2827      8.415   110.4684 8.0066e+00    38.0297      2.133      3.094    18.1005 0.0000e+00
      2.176      0.001     0.0187      0.242    101.160  87.196020     9.3048      8.416   108.8596 7.9547e+00    37.8183      2.134      3.095    18.1028 0.0000e+00
      2.176      0.001     0.0207      0.240    101.380  87.372548     9.3744      8.418   107.2829 7.9132e+00    37.6622      2.134      3.095    18.1035 0.0000e+00
      2.177      0.001     0.0219      0.232    101.492  87.455912     9.4255      8.419   105.8595 7.8723e+00    37.6457      2.135      3.096    18.1020 0.0000e+00
      2.177      0.001     0.0222      0.220    101.634  87.567830     9.4487      8.419   104.5556 7.8148e+00    37.6867      2.135      3.097    18.0992 0.0000e+00
      2.177      0.001     0.0236      0.213    101.805  87.707907     9.5800      8.420   103.2182 7.7433e+00    38.0222      2.134      3.096    18.0945 0.0000e+00
      2.178      0.001     0.0224      0.201    101.932  87.813688     9.8223      8.421   101.7345 7.6788e+00    38.7642      2.136      3.097    18.0872 0.0000e+00
      2.178      0.001     0.0226      0.190    102.101  87.956227     9.9477      8.422   100.2114 7.6322e+00    39.2458      2.136      3.098    18.0802 0.0000e+00
      2.178      0.001     0.0200      0.198    102.337  88.159035     9.9393      8.423    98.7405 7.5957e+00    39.2330      2.136      3.098    18.0751 0.0000e+00
      2.178      0.001     0.0206      0.199    102.566  88.357382     9.9204      8.424    97.1147 7.5702e+00    39.1225      2.136      3.099    18.0719 0.0000e+00
      2.178      0.001     0.0195      0.194    102.814  88.573199     9.9769      8.425    95.1801 7.5711e+00    39.4455      2.136      3.098    18.0698 0.0000e+00
      2.178      0.001     0.0160      0.191    103.144  88.859988    10.1234      8.426    93.2457 7.5765e+00    40.2007      2.136      3.099    18.0686 0.0000e+00
      2.178      0.001     0.0201      0.180    103.480  89.153011    10.2174      8.427    91.7076 7.5565e+00    40.6364      2.136      3.098    18.0686 0.0000e+00
      2.178      0.001     0.0188      0.176    103.663  89.316945    10.2408      8.428    90.5206 7.5196e+00    40.7517      2.137      3.099    18.0693 0.0000e+00
      2.179      0.001     0.0177      0.178    103.798  89.442511    10.2062      8.429    89.3055 7.4281e+00    41.1162      2.136      3.098    18.0700 0.0000e+00
      2.180      0.001     0.0193      0.183    104.033  89.653323    10.0996      8.430    88.0285 7.2826e+00    41.5928      2.137      3.099    18.0711 0.0000e+00
      2.180      0.001     0.0160      0.189    104.304  89.893667    10.0246      8.431    86.7834 7.1678e+00    41.7314      2.138      3.101    18.0723 0.0000e+00
      2.180      0.001     0.0169      0.194    104.564  90.121787     9.9819      8.432    85.4354 7.0901e+00    41.6315      2.138      3.101    18.0754 0.0000e+00
      2.181      0.001     0.0166      0.211    104.782  90.312022     9.8833      8.432    84.0331 7.0242e+00    41.6486      2.138      3.101    18.0810 0.0000e+00
      2.181      0.001     0.0172      0.227    104.970  90.476012     9.7644      8.432    82.6483 6.9703e+00    41.8016      2.139      3.102    18.0851 0.0000e+00
      2.181      0.001     0.0185      0.232    105.087  90.577645     9.7267      8.432    81.2541 6.9179e+00    41.9456      2.138      3.101    18.0877 0.0000e+00
      2.181      0.001     0.0171      0.227    105.098  90.586519     9.7515      8.432    79.9093 6.8694e+00    42.0910      2.139      3.102    18.0900 0.0000e+00
      2.182      0.001     0.0202      0.220    105.168  90.646936     9.7898      8.432    78.6058 6.8198e+00    42.2610      2.139      3.103    18.0913 0.0000e+00
      2.182      0.001     0.0217      0.212    105.345  90.799158     9.8405      8.432    77.3672 6.7584e+00    42.3615      2.140      3.103    18.0919 0.0000e+00
      2.183      0.001     0.0226      0.208    105.462  90.900071     9.8731      8.432    76.2051 6.6963e+00    42.3835      2.140      3.104    18.0922 0.0000e+00
      2.183      0.001     0.0212      0.216    105.477  90.912713     9.8756      8.434    74.9654 6.6494e+00    42.4250      2.140      3.104    18.0920 0.0000e+00
      2.183      0.001     0.0209      0.208    105.522  90.952014     9.9045      8.437    73.6493 6.6234e+00    42.4874      2.140      3.104    18.0918 0.0000e+00
      2.183      0.001     0.0204      0.186    105.715  91.120762     9.9981      8.438    72.4237 6.6048e+00    42.5571      2.141      3.105    18.0919 0.0000e+00
      2.183      0.001     0.0181      0.168    105.992  91.362424    10.0837      8.438    71.3313 6.5617e+00    42.6526      2.141      3.105    18.0918 0.0000e+00
      2.184      0.001     0.0218      0.164    106.170  91.519821    10.1074      8.439    70.2502 6.4858e+00    42.7545      2.142      3.106    18.0918 0.0000e+00
      2.184      0.001     0.0201      0.170    106.215  91.560458    10.1011      8.440    69.1603 6.4102e+00    42.7645      2.142      3.106    18.0919 0.0000e+00
      2.184      0.001     0.0174      0.161    106.187  91.535637    10.1076      8.442    68.1346 6.3384e+00    42.7043      2.142      3.107    18.0924 0.0000e+00
      2.184      0.001     0.0156      0.146    106.194  91.537846    10.1187      8.443    67.1402 6.2765e+00    42.7105      2.142      3.106    18.0941 0.0000e+00
      2.185      0.001     0.0144      0.159    106.405  91.714409    10.1023      8.444    66.0854 6.2485e+00    42.7027      2.142      3.107    18.0963 0.0000e+00
      2.185      0.001     0.0171      0.181    106.689  91.952533    10.0762      8.444    65.0179 6.2542e+00    42.6093      2.142      3.107    18.0974 0.0000e+00
      2.185      0.001     0.0159      0.194    106.753  91.999167    10.1028      8.445    64.0409 6.2708e+00    42.5732      2.143      3.108    18.0975 0.0000e+00
      2.185      0.001     0.0117      0.194    106.642  91.896490    10.1736      8.447    63.0492 6.2544e+00    42.6418      2.142      3.107    18.0957 0.0000e+00
      2.185      0.001     0.0150      0.193    106.525  91.792722    10.2170      8.448    62.0618 6.1976e+00    42.6865      2.143      3.108    18.0931 0.0000e+00
      2.186      0.001     0.0177      0.211    106.417  91.698920    10.2196      8.449    61.2226 6.1201e+00    42.6015      2.144      3.109    18.0897 0.0000e+00
      2.186      0.001     0.0183      0.222    106.217  91.525842    10.1218      8.451    60.4729 6.0399e+00    42.1950      2.143      3.109    18.0852 0.0000e+00
      2.186      0.001     0.0194      0.217    105.872  91.227066     9.9409      8.451    59.6220 5.9855e+00    41.5631      2.143      3.109    18.0817 0.0000e+00
      2.186      0.001     0.0161      0.200    105.622  91.013191     9.8300      8.452    58.6790 5.9454e+00    41.1434      2.144      3.110    18.0804 0.0000e+00
      2.186      0.001     0.0212      0.182    105.795  91.166765     9.7804      8.453    57.7606 5.9011e+00    40.9128      2.144      3.110    18.0805 0.0000e+00
      2.187      0.001     0.0214      0.174    106.169  91.493300     9.6579      8.454    56.8631 5.8730e+00    40.4483      2.144      3.111    18.0800 0.0000e+00
      2.187      0.001     0.0209      0.172    106.204  91.525554     9.4724      8.455    56.0880 5.8585e+00    39.7632      2.145      3.112    18.0788 0.0000e+00
      2.187      0.001     0.0193      0.182    106.018  91.365882     9.3850      8.455    55.3581 5.8270e+00    39.4271      2.145      3.111    18.0797 0.0000e+00
      2.188      0.001     0.0161      0.185    105.991  91.344229     9.4009      8.454    54.4907 5.7620e+00    39.4251      2.145      3.112    18.0824 0.0000e+00
      2.188      0.001     0.0172      0.186    105.894  91.263760     9.3724      8.454    53.6017 5.6907e+00    39.0891      2.146      3.112    18.0845 0.0000e+00
      2.188      0.001     0.0149      0.209    105.469  90.901932     9.2738      8.455    52.7837 5.6353e+00    38.3711      2.146      3.113    18.0852 0.0000e+00
      2.188      0.001     0.0181      0.229    105.034  90.532338     9.2163      8.455    51.9999 5.5920e+00    37.8831      2.146      3.113    18.0851 0.0000e+00
      2.189      0.001     0.0179      0.232    105.122  90.612440     9.2261      8.455    51.1800 5.5690e+00    37.8006      2.147      3.114    18.0859 0.0000e+00
      2.189      0.001     0.0158      0.228    105.619  91.043315     9.3260      8.456    50.2696 5.5616e+00    38.1249      2.147      3.114    18.0874 0.0000e+00
      2.189      0.001     0.0205      0.223    105.829  91.224752     9.5249      8.458    49.4237 5.5492e+00    38.6962      2.147      3.114    18.0895 0.0000e+00
      2.189      0.001     0.0224      0.218    105.745  91.151991     9.6588      8.459    48.6098 5.5034e+00    39.0369      2.147      3.115    18.0922 0.0000e+00
      2.190      0.001     0.0216      0.203    105.777  91.181552     9.6874      8.459    47.7427 5.4092e+00    39.1704      2.147      3.114    18.0950 0.0000e+00
      2.191      0.001     0.0222      0.181    105.869  91.264057     9.7128      8.460    47.0263 5.3072e+00    39.2168      2.148      3.115    18.0966 0.0000e+00
      2.191      0.001     0.0204      0.170    106.008  91.386058     9.7748      8.461    46.4013 5.2407e+00    39.1543      2.148      3.116    18.0961 0.0000e+00
      2.191      0.001     0.0213      0.178    106.446  91.765912     9.8198      8.463    45.6933 5.2048e+00    39.0983      2.149      3.117    18.0952 0.0000e+00
      2.191      0.001     0.0197      0.188    107.057  92.293757     9.8084      8.463    44.9180 5.1776e+00    39.1196      2.149      3.117    18.0961 0.0000e+00
      2.192      0.001     0.0165      0.195    107.355  92.550770     9.8116      8.465    44.1690 5.1425e+00    39.3784      2.149      3.117    18.0980 0.0000e+00
      2.192      0.001     0.0153      0.205    107.318  92.519216     9.8754      8.467    43.4336 5.0927e+00    39.8695      2.149      3.117    18.0992 0.0000e+00
