Data/DataNotYetUploadedToEDI/Raw_CTD/RawDownloads/070325_fcr50_S7809001.cnv
* Sea-Bird SBE19plus  Data File:
* FileName = C:\R\Reservoirs\Data\DataNotYetUploadedToEDI\Raw_CTD\RawDownloads\070325_fcr50_S7809_0001.hex
* Software version 2.8.0.119
* Temperature SN = 7809
* Conductivity SN = 7809
* System UpLoad Time = Jul 07 2025 16:16:48
* <ApplicationData>
* <Seaterm232>
# nquan = 15
# nvalues = 2772                        
# units = specified
# name 0 = depFM: Depth [fresh water, m]
# name 1 = dz/dtM: Descent Rate [m/s]
# name 2 = sbeox0Mg/L: Oxygen, SBE 43 [mg/l]
# name 3 = sbeox0PS: Oxygen, SBE 43 [% saturation]
# name 4 = specc: Specific Conductance [uS/cm]
# name 5 = c0uS/cm: Conductivity [uS/cm]
# name 6 = flECO-AFL: Fluorescence, WET Labs ECO-AFL/FL [mg/m^3]
# name 7 = ph: pH
# name 8 = orp: Oxidation Reduction Potential [mV]
# name 9 = par/sat/log: PAR/Logarithmic, Satlantic
# name 10 = turbWETntu0: Turbidity, WET Labs ECO [NTU]
# name 11 = prdM: Pressure, Strain Gauge [db]
# name 12 = prdE: Pressure, Strain Gauge [psi]
# name 13 = tv290C: Temperature [ITS-90, deg C]
# name 14 = flag:  0.000e+00
# span 0 =     -0.655,      9.646       
# span 1 =     -4.628,      0.150       
# span 2 =    -0.0116,    10.6812       
# span 3 =     -0.037,    112.146       
# span 4 =      0.625,    233.362       
# span 5 =   0.622617, 170.990860       
# span 6 =    -0.9382,   227.5834       
# span 7 =      6.877,      9.105       
# span 8 = -1240.7455,   242.9007       
# span 9 = 1.2352e-01, 1.7251e+03       
# span 10 =    -0.1633,   306.1627      
# span 11 =     -0.643,      9.460      
# span 12 =     -0.932,     13.721      
# span 13 =    11.0390,    27.0007      
# span 14 = 0.0000e+00, 0.0000e+00      
# interval = seconds: 0.25
# start_time = Jul 03 2025 09:23:50 [Instrument's time stamp, header]
# bad_flag = -9.990e-29
*END*
[from data line 1832]
      9.604     -0.002     0.1535      1.248    216.378 156.167368     0.0100      7.764   216.7297 1.2359e-01     0.0203      9.418     13.659    11.0805 0.0000e+00
      9.603     -0.001     0.1470      1.233    216.614 156.341569     0.0252      7.767   215.2568 1.2362e-01     0.0750      9.418     13.659    11.0813 0.0000e+00
      9.602      0.002     0.1397      1.225    216.824 156.496776     0.0167      7.771   214.4135 1.2370e-01     0.0586      9.416     13.657    11.0823 0.0000e+00
      9.602      0.004     0.1381      1.234    217.017 156.639698     0.0237      7.777   213.6740 1.2373e-01     0.1291      9.415     13.656    11.0832 0.0000e+00
      9.604      0.006     0.1376      1.236    217.224 156.793015     0.0172      7.782   212.5960 1.2375e-01     0.2104      9.416     13.658    11.0841 0.0000e+00
      9.607      0.007     0.1356      1.224    217.430 156.946226     0.0049      7.786   211.2740 1.2375e-01     0.2215      9.422     13.665    11.0849 0.0000e+00
      9.610      0.007     0.1333      1.206    217.621 157.087866     0.0248      7.791   210.0805 1.2372e-01     0.2291      9.426     13.671    11.0858 0.0000e+00
      9.612      0.006     0.1364      1.178    217.811 157.228921     0.0422      7.795   209.4364 1.2369e-01     0.2348      9.427     13.672    11.0866 0.0000e+00
      9.613      0.005     0.1369      1.152    218.008 157.375059     0.0486      7.799   208.9929 1.2368e-01     0.2215      9.428     13.673    11.0876 0.0000e+00
      9.615      0.003     0.1339      1.130    218.196 157.514319     0.0513      7.803   208.3311 1.2367e-01     0.2047      9.429     13.675    11.0886 0.0000e+00
      9.615      0.001     0.1341      1.111    218.359 157.636026     0.0500      7.805   207.4582 1.2367e-01     0.2028      9.429     13.676    11.0893 0.0000e+00
      9.614      0.001     0.1286      1.088    218.528 157.761431     0.0490      7.807   206.1823 1.2371e-01     0.1979      9.428     13.674    11.0903 0.0000e+00
      9.614      0.000     0.1268      1.053    218.689 157.881561     0.0490      7.808   204.8638 1.2371e-01     0.2141      9.428     13.674    11.0912 0.0000e+00
      9.614      0.000     0.1243      1.022    218.853 158.003326     0.0493      7.810   203.9055 1.2372e-01     0.2281      9.428     13.674    11.0919 0.0000e+00
      9.615      0.000     0.1216      0.992    219.048 158.148487     0.0453      7.813   203.1133 1.2376e-01     0.1627      9.429     13.675    11.0929 0.0000e+00
      9.615      0.001     0.1212      0.976    219.247 158.296137     0.0418      7.815   202.4267 1.2374e-01     0.0378      9.429     13.676    11.0938 0.0000e+00
      9.615      0.002     0.1145      0.977    219.452 158.448000     0.0479      7.816   202.1427 1.2366e-01     0.0157      9.429     13.675    11.0946 0.0000e+00
      9.615      0.002     0.1130      0.972    219.630 158.580242     0.0368      7.817   202.1753 1.2364e-01     0.0662      9.429     13.676    11.0955 0.0000e+00
      9.616      0.002     0.1085      0.967    219.765 158.682170     0.0149      7.819   202.0460 1.2366e-01     0.0677      9.429     13.675    11.0963 0.0000e+00
      9.617      0.003     0.1058      0.965    219.905 158.786684     0.0079      7.821   201.5256 1.2371e-01     0.0341      9.431     13.678    11.0973 0.0000e+00
      9.618      0.004     0.1086      0.958    220.038 158.886349    -0.0149      7.825   199.5830 1.2372e-01    -0.0664      9.432     13.680    11.0980 0.0000e+00
      9.619      0.004     0.1065      0.950    220.181 158.993477    -0.0358      7.831   185.7861 1.2363e-01    -0.1228      9.432     13.680    11.0991 0.0000e+00
      9.620      0.005     0.1059      0.934    220.357 159.124388    -0.0278      7.838   147.4191 1.2362e-01    -0.1016      9.434     13.682    11.1000 0.0000e+00
      9.621      0.005     0.1070      0.914    220.534 159.256256    -0.0185      7.846    97.8304 1.2366e-01    -0.0828      9.435     13.684    11.1008 0.0000e+00
      9.622      0.005     0.1048      0.900    220.693 159.374934    -0.0227      7.857    61.4089 1.2365e-01    -0.0668      9.436     13.686    11.1016 0.0000e+00
      9.624      0.006     0.1051      0.885    220.826 159.474052    -0.0293      7.870    39.9353 1.2367e-01    -0.0791      9.438     13.688    11.1025 0.0000e+00
      9.625      0.006     0.1031      0.869    220.941 159.560922    -0.0231      7.884    25.0718 1.2371e-01    -0.0946      9.439     13.690    11.1034 0.0000e+00
      9.627      0.006     0.0997      0.859    221.072 159.659195    -0.0151      7.900    11.1852 1.2370e-01    -0.0831      9.442     13.692    11.1042 0.0000e+00
      9.629      0.006     0.0993      0.869    221.217 159.768504    -0.0236      7.920    -6.1354 1.2370e-01    -0.0431      9.443     13.695    11.1052 0.0000e+00
      9.630      0.006     0.0971      0.892    221.341 159.861111    -0.0338      7.940   -21.4784 1.2375e-01    -0.0203      9.443     13.696    11.1060 0.0000e+00
      9.631      0.006     0.0959      0.910    221.458 159.948974    -0.0308      7.958   -28.9192 1.2372e-01    -0.0465      9.445     13.698    11.1068 0.0000e+00
      9.632      0.005     0.0931      0.907    221.613 160.064753    -0.0120      7.974   -33.3783 1.2367e-01    -0.0187      9.446     13.701    11.1076 0.0000e+00
      9.634      0.005     0.0954      0.891    221.761 160.175675     0.0023      7.988   -39.0849 1.2368e-01     0.0770      9.448     13.703    11.1085 0.0000e+00
      9.636      0.004     0.0977      0.874    221.885 160.268658     0.0084      8.001   -45.0020 1.2368e-01     0.1544      9.450     13.705    11.1093 0.0000e+00
      9.636      0.003     0.1015      0.852    222.005 160.359054     0.0210      8.011   -50.1143 1.2368e-01     0.1989      9.450     13.706    11.1102 0.0000e+00
      9.637      0.003     0.1002      0.841    222.110 160.438693     0.0131      8.021   -54.7798 1.2372e-01     0.2058      9.451     13.707    11.1109 0.0000e+00
      9.638      0.002     0.0972      0.830    222.231 160.529300     0.0125      8.030   -58.7373 1.2375e-01     0.2377      9.452     13.708    11.1117 0.0000e+00
      9.638      0.001     0.0974      0.809    222.358 160.624615     0.0302      8.039   -61.8274 1.2367e-01     0.2770      9.451     13.708    11.1127 0.0000e+00
      9.638      0.001     0.0923      0.794    222.454 160.697338     0.0360      8.049   -64.8683 1.2363e-01     0.2714      9.451     13.708    11.1135 0.0000e+00
      9.638      0.001     0.0925      0.791    222.549 160.770158     0.0492      8.057   -68.4016 1.2371e-01     0.2721      9.452     13.709    11.1142 0.0000e+00
      9.638      0.001     0.0922      0.791    222.677 160.866629     0.0565      8.065   -72.4560 1.2375e-01     0.2511      9.452     13.709    11.1151 0.0000e+00
      9.639      0.001     0.0882      0.790    222.815 160.969947     0.0500      8.073   -76.0325 1.2367e-01     0.2224      9.453     13.710    11.1158 0.0000e+00
      9.640      0.001     0.0865      0.782    222.937 161.061704     0.0530      8.083   -78.8635 1.2361e-01     0.2326      9.453     13.711    11.1167 0.0000e+00
      9.640      0.001     0.0871      0.767    223.049 161.146079     0.0593      8.093   -80.6150 1.2364e-01     0.1700      9.454     13.712    11.1176 0.0000e+00
      9.640      0.001     0.0869      0.768    223.152 161.223981     0.0601      8.101   -80.0880 1.2363e-01     0.0810      9.453     13.711    11.1184 0.0000e+00
      9.640      0.001     0.0870      0.794    223.254 161.301307     0.0543      8.108   -77.6546 1.2363e-01     0.1470      9.454     13.712    11.1192 0.0000e+00
      9.640      0.001     0.0869      0.814    223.356 161.378723     0.0473      8.118   -74.7672 1.2366e-01     0.2503      9.453     13.711    11.1200 0.0000e+00
      9.641      0.000     0.0835      0.800    223.461 161.457716     0.0502      8.127   -72.2792 1.2362e-01     0.2706      9.454     13.712    11.1208 0.0000e+00
      9.641      0.000     0.0826      0.776    223.589 161.554100     0.0402      8.135   -70.7177 1.2361e-01     0.1877      9.454     13.713    11.1216 0.0000e+00
      9.641      0.001     0.0879      0.779    223.718 161.650241     0.0253      8.143   -70.5993 1.2364e-01     0.1018      9.454     13.713    11.1224 0.0000e+00
      9.641      0.001     0.0909      0.779    223.818 161.726296     0.0373      8.150   -72.3973 1.2368e-01     0.1544      9.454     13.713    11.1233 0.0000e+00
      9.641      0.001     0.0892      0.765    223.876 161.771366     0.0350      8.158   -75.6791 1.2370e-01     0.1399      9.454     13.712    11.1240 0.0000e+00
      9.641      0.001     0.0825      0.772    223.927 161.812100     0.0226      8.166   -79.7352 1.2370e-01     0.0296      9.454     13.713    11.1247 0.0000e+00
      9.642      0.001     0.0864      0.788    224.043 161.899579     0.0201      8.174   -84.4421 1.2373e-01    -0.0181      9.455     13.714    11.1256 0.0000e+00
      9.642      0.001     0.0873      0.788    224.176 161.999049     0.0048      8.180   -87.6766 1.2369e-01    -0.0612      9.455     13.714    11.1263 0.0000e+00
      9.642      0.000     0.0818      0.776    224.252 162.057074    -0.0127      8.185   -87.4401 1.2359e-01    -0.1156      9.455     13.713    11.1270 0.0000e+00
      9.642 1.8615e-08     0.0850      0.775    224.293 162.090368    -0.0252      8.192   -85.0234 1.2359e-01    -0.1633      9.455     13.714    11.1279 0.0000e+00
      9.642 2.0476e-07     0.0870      0.779    224.365 162.146217    -0.0215      8.199   -82.1178 1.2365e-01    -0.1601      9.455     13.714    11.1286 0.0000e+00
      9.642 2.0476e-07     0.0879      0.773    224.465 162.221559    -0.0172      8.206   -79.5826 1.2371e-01    -0.1108      9.455     13.714    11.1294 0.0000e+00
      9.642 1.8615e-08     0.0840      0.763    224.568 162.298993    -0.0314      8.214   -78.2894 1.2373e-01    -0.1143      9.455     13.714    11.1302 0.0000e+00
      9.642 1.6925e-09     0.0852      0.753    224.675 162.380125    -0.0436      8.220   -78.4419 1.2368e-01    -0.1334      9.456     13.714    11.1310 0.0000e+00
      9.642 1.5639e-10     0.0864      0.738    224.748 162.436341    -0.0397      8.225   -79.7911 1.2360e-01    -0.1026      9.456     13.714    11.1317 0.0000e+00
      9.642 4.1997e-11     0.0847      0.728    224.787 162.467904    -0.0260      8.232   -81.6967 1.2356e-01    -0.0833      9.455     13.714    11.1325 0.0000e+00
      9.642 3.0940e-10     0.0837      0.736    224.836 162.506362    -0.0185      8.238   -83.4145 1.2354e-01    -0.1053      9.455     13.714    11.1332 0.0000e+00
      9.643 3.3895e-09     0.0830      0.752    224.936 162.582080    -0.0164      8.243   -85.2451 1.2357e-01    -0.0951      9.456     13.715    11.1339 0.0000e+00
      9.643 3.7283e-08     0.0810      0.762    225.069 162.681059    -0.0010      8.249   -87.8280 1.2357e-01     0.0062      9.456     13.715    11.1348 0.0000e+00
      9.643 4.1011e-07     0.0788      0.758    225.153 162.745362     0.0104      8.255   -91.2413 1.2356e-01     0.0942      9.455     13.714    11.1355 0.0000e+00
      9.643      0.000     0.0807      0.741    225.203 162.784918    -0.0044      8.260   -95.2829 1.2361e-01     0.0463      9.456     13.715    11.1362 0.0000e+00
      9.643      0.000     0.0828      0.726    225.275 162.840079    -0.0049      8.265   -99.1815 1.2364e-01     0.0420      9.456     13.714    11.1369 0.0000e+00
      9.643      0.001     0.0841      0.721    225.355 162.901506     0.0046      8.270  -102.5862 1.2363e-01     0.1445      9.456     13.715    11.1376 0.0000e+00
      9.643      0.001     0.0841      0.702    225.422 162.952980     0.0024      8.273  -106.8522 1.2363e-01     0.1932      9.456     13.715    11.1382 0.0000e+00
      9.643      0.001     0.0815      0.680    225.504 163.015495     0.0011      8.277  -113.0747 1.2363e-01     0.1858      9.457     13.716    11.1391 0.0000e+00
      9.643      0.002     0.0781      0.674    225.593 163.082707    -0.0105      8.281  -120.7784 1.2355e-01     0.1922      9.456     13.715    11.1399 0.0000e+00
      9.644      0.002     0.0808      0.682    225.650 163.127130    -0.0053      8.285  -128.4981 1.2353e-01     0.2362      9.457     13.716    11.1406 0.0000e+00
      9.645      0.001     0.0771      0.700    225.704 163.169496     0.0152      8.290  -134.6564 1.2360e-01     0.2402      9.458     13.718    11.1414 0.0000e+00
      9.646      0.001     0.0733      0.693    225.759 163.211848     0.0205      8.295  -139.2266 1.2361e-01     0.2059      9.458     13.718    11.1420 0.0000e+00
      9.646      0.000     0.0744      0.660    225.816 163.256103     0.0332      8.300  -143.2311 1.2366e-01     0.1970      9.460     13.721    11.1427 0.0000e+00
      9.645 -2.965e-08     0.0733      0.645    225.901 163.321470     0.0447      8.305  -147.6268 1.2366e-01     0.2016      9.459     13.719    11.1435 0.0000e+00
      9.645 -3.261e-07     0.0786      0.663    225.954 163.363674     0.0509      8.309  -153.0553 1.2360e-01     0.2266      9.458     13.717    11.1442 0.0000e+00
      9.645      0.000     0.0776      0.690    225.977 163.383289     0.0583      8.313  -159.8230 1.2360e-01     0.2262      9.458     13.718    11.1449 0.0000e+00
      9.645      0.000     0.0714      0.691    226.039 163.430923     0.0510      8.320  -168.0225 1.2365e-01     0.1975      9.457     13.717    11.1455 0.0000e+00
      9.645     -0.001     0.0692      0.664    226.120 163.492652     0.0458      8.330  -176.5674 1.2365e-01     0.2210      9.458     13.718    11.1462 0.0000e+00
      9.645     -0.003     0.0724      0.650    226.202 163.554977     0.0533      8.351  -180.8839 1.2360e-01     0.2717      9.459     13.719    11.1471 0.0000e+00
      9.645     -0.006     0.0773      0.662    226.273 163.609827     0.0584      8.387  -177.7958 1.2360e-01     0.2972      9.459     13.720    11.1478 0.0000e+00
      9.644     -0.009     0.0775      0.666    226.318 163.645022     0.0577      8.434  -170.3763 1.2359e-01     0.2907      9.459     13.719    11.1484 0.0000e+00
      9.641     -0.011     0.0722      0.664    226.336 163.661254     0.0530      8.480  -162.5015 1.2357e-01     0.1932      9.456     13.714    11.1491 0.0000e+00
      9.636     -0.012     0.0689      0.645    226.355 163.678384     0.0510      8.520  -155.3717 1.2357e-01     0.1078      9.449     13.705    11.1498 0.0000e+00
      9.631     -0.012     0.0748      0.616    226.415 163.724439     0.0510      8.555  -148.0119 1.2359e-01     0.1811      9.443     13.698    11.1505 0.0000e+00
      9.626     -0.010     0.0724      0.625    226.475 163.771119     0.0369      8.584  -140.4530 1.2364e-01     0.1921      9.438     13.689    11.1511 0.0000e+00
      9.624     -0.007     0.0735      0.641    226.505 163.795822     0.0295      8.610  -132.8085 1.2369e-01     0.1379      9.437     13.687    11.1519 0.0000e+00
      9.624     -0.006     0.0732      0.642    226.550 163.831566     0.0288      8.635  -124.9306 1.2362e-01     0.1399      9.439     13.690    11.1526 0.0000e+00
      9.624     -0.008     0.0635      0.644    226.618 163.884022     0.0194      8.659  -118.5080 1.2357e-01     0.0808      9.438     13.688    11.1532 0.0000e+00
      9.625     -0.013     0.0696      0.647    226.663 163.919251     0.0324      8.684  -113.7463 1.2364e-01     0.0719      9.440     13.690    11.1538 0.0000e+00
      9.625     -0.017     0.0716      0.669    226.686 163.938247     0.0368      8.706  -109.7744 1.2373e-01     0.0661      9.442     13.694    11.1546 0.0000e+00
      9.618     -0.020     0.0693      0.695    226.748 163.985988     0.0225      8.722  -106.1909 1.2375e-01    -0.0239      9.435     13.685    11.1553 0.0000e+00
