Data/DataNotYetUploadedToEDI/Raw_CTD/RawDownloads/070325_fcr20_S7809004.cnv
* Sea-Bird SBE19plus  Data File:
* FileName = C:\R\Reservoirs\Data\DataNotYetUploadedToEDI\Raw_CTD\RawDownloads\070325_fcr50_S7809_0004.hex
* Software version 2.8.0.119
* Temperature SN = 7809
* Conductivity SN = 7809
* System UpLoad Time = Jul 07 2025 16:19:59
* <ApplicationData>
* <Seaterm232>
# nquan = 15
# nvalues = 1738                        
# units = specified
# name 0 = depFM: Depth [fresh water, m]
# name 1 = dz/dtM: Descent Rate [m/s]
# name 2 = sbeox0Mg/L: Oxygen, SBE 43 [mg/l]
# name 3 = sbeox0PS: Oxygen, SBE 43 [% saturation]
# name 4 = specc: Specific Conductance [uS/cm]
# name 5 = c0uS/cm: Conductivity [uS/cm]
# name 6 = flECO-AFL: Fluorescence, WET Labs ECO-AFL/FL [mg/m^3]
# name 7 = ph: pH
# name 8 = orp: Oxidation Reduction Potential [mV]
# name 9 = par/sat/log: PAR/Logarithmic, Satlantic
# name 10 = turbWETntu0: Turbidity, WET Labs ECO [NTU]
# name 11 = prdM: Pressure, Strain Gauge [db]
# name 12 = prdE: Pressure, Strain Gauge [psi]
# name 13 = tv290C: Temperature [ITS-90, deg C]
# name 14 = flag:  0.000e+00
# span 0 =     -0.643,      3.722       
# span 1 =     -0.336,      0.181       
# span 2 =     0.0062,     9.0209       
# span 3 =      0.066,    108.788       
# span 4 =      1.703,     97.068       
# span 5 =   1.550803,  78.811947       
# span 6 =    -1.9729,   232.7177       
# span 7 =      7.837,      9.039       
# span 8 =  -207.6072,   348.1028       
# span 9 = 1.2367e-01, 2.6138e+03       
# span 10 =    -0.0538,   203.9186      
# span 11 =     -0.632,      3.651      
# span 12 =     -0.916,      5.296      
# span 13 =    12.3114,    26.5709      
# span 14 = 0.0000e+00, 0.0000e+00      
# interval = seconds: 0.25
# start_time = Jul 03 2025 10:48:02 [Instrument's time stamp, header]
# bad_flag = -9.990e-29
*END*
[from data line 482]
      1.333      0.028     7.6326     91.438     37.764  37.426371     2.1896      8.849   171.1108 1.7552e+02     6.4972      1.307      1.897    24.7773 0.0000e+00
      1.342      0.026     7.6146     90.905     37.635  37.271718     2.1848      8.849   171.2707 1.7282e+02     6.2900      1.316      1.911    24.7665 0.0000e+00
      1.349      0.026     7.6177     90.149     37.533  37.169382     2.1790      8.848   171.3218 1.7170e+02     6.3540      1.325      1.922    24.7116 0.0000e+00
      1.354      0.027     7.6335     89.385     37.617  37.267751     2.1777      8.847   171.2991 1.6900e+02     6.3481      1.328      1.926    24.6127 0.0000e+00
      1.357      0.029     7.6309     88.852     37.736  37.382391     2.1858      8.844   171.3403 1.6737e+02     6.1161      1.329      1.928    24.5336 0.0000e+00
      1.362      0.034     7.5873     88.629     37.647  37.222960     2.1848      8.843   171.4750 1.6704e+02     5.8718      1.333      1.934    24.4999 0.0000e+00
      1.372      0.039     7.5184     88.533     37.547  36.989775     2.1829      8.842   171.5519 1.6316e+02     5.7516      1.344      1.949    24.4983 0.0000e+00
      1.386      0.042     7.4410     88.229     37.598  36.910539     2.1799      8.840   171.5820 1.5829e+02     5.5849      1.359      1.971    24.5339 0.0000e+00
      1.401      0.042     7.3887     87.519     37.611  36.835812     2.1727      8.838   171.6670 1.5519e+02     5.2919      1.374      1.994    24.5672 0.0000e+00
      1.414      0.038     7.3903     86.600     37.542  36.720655     2.1542      8.836   171.7176 1.5250e+02     5.0429      1.388      2.014    24.4694 0.0000e+00
      1.424      0.032     7.4244     85.810     37.501  36.660260     2.1227      8.833   171.8506 1.5017e+02     4.8970      1.398      2.027    24.2409 0.0000e+00
      1.429      0.026     7.4350     85.295     37.459  36.613168     2.1002      8.830   172.0705 1.4821e+02     4.8261      1.402      2.033    24.0545 0.0000e+00
      1.431      0.021     7.3809     85.115     37.379  36.531966     2.1142      8.828   172.1398 1.4654e+02     4.8697      1.403      2.035    23.9468 0.0000e+00
      1.434      0.017     7.2978     85.316     37.354  36.503325     2.1515      8.826   172.1718 1.4524e+02     4.9792      1.407      2.040    23.8852 0.0000e+00
      1.439      0.016     7.2323     85.846     37.377  36.520685     2.1510      8.824   172.3711 1.4331e+02     4.9888      1.412      2.047    23.8690 0.0000e+00
      1.444      0.017     7.1883     86.591     37.411  36.551499     2.1260      8.821   172.6570 1.4130e+02     4.8838      1.416      2.054    23.8625 0.0000e+00
      1.448      0.018     7.1703     87.439     37.413  36.558620     2.1240      8.819   172.8749 1.4010e+02     4.7684      1.421      2.060    23.8602 0.0000e+00
      1.452      0.019     7.1901     88.274     37.322  36.479891     2.1426      8.818   173.1126 1.3867e+02     4.7200      1.424      2.065    23.8579 0.0000e+00
      1.456      0.020     7.2398     88.959     37.195  36.361032     2.1679      8.814   173.3804 1.3702e+02     4.7768      1.427      2.070    23.8483 0.0000e+00
      1.462      0.020     7.3069     89.378     37.103  36.263628     2.1630      8.811   173.5318 1.3515e+02     4.7720      1.433      2.078    23.8411 0.0000e+00
      1.469      0.020     7.3809     89.563     37.112  36.253941     2.1587      8.810   173.6526 1.3280e+02     4.6622      1.442      2.090    23.8472 0.0000e+00
      1.475      0.020     7.4517     89.665     37.128  36.243885     2.2159      8.806   173.8086 1.3107e+02     4.6115      1.447      2.099    23.8710 0.0000e+00
      1.479      0.020     7.5137     89.783     37.123  36.205454     2.2718      8.801   173.8692 1.2921e+02     4.6365      1.451      2.104    23.8795 0.0000e+00
      1.482      0.019     7.5495     89.916     37.123  36.169920     2.2858      8.797   173.8690 1.2680e+02     4.6236      1.454      2.108    23.8674 0.0000e+00
      1.487      0.016     7.5619     90.024     36.991  36.004542     2.2679      8.793   173.8920 1.2483e+02     4.5241      1.458      2.115    23.8438 0.0000e+00
      1.492      0.013     7.5733     90.045     36.884  35.855537     2.2380      8.789   173.9752 1.2262e+02     4.4578      1.464      2.122    23.8046 0.0000e+00
      1.497      0.011     7.5904     89.949     36.974  35.891048     2.2493      8.786   174.1867 1.2026e+02     4.5057      1.468      2.129    23.7611 0.0000e+00
      1.501      0.010     7.6097     89.830     37.056  35.926237     2.2638      8.782   174.2979 1.1858e+02     4.4874      1.474      2.137    23.7094 0.0000e+00
      1.501      0.010     7.6277     89.854     36.926  35.773333     2.2387      8.778   174.2879 1.1725e+02     4.3730      1.473      2.136    23.6630 0.0000e+00
      1.499      0.011     7.6395     90.047     36.671  35.501589     2.2204      8.774   174.4099 1.1570e+02     4.3530      1.468      2.129    23.6090 0.0000e+00
      1.500      0.012     7.6398     90.216     36.510  35.305428     2.2414      8.771   174.5688 1.1190e+02     4.4505      1.469      2.130    23.5257 0.0000e+00
      1.506      0.012     7.6330     90.221     36.505  35.241500     2.2769      8.769   174.5740 1.0694e+02     4.5950      1.476      2.142    23.4579 0.0000e+00
      1.514      0.012     7.6362     90.200     36.568  35.236135     2.2584      8.768   174.5591 1.0403e+02     4.5966      1.486      2.155    23.4320 0.0000e+00
      1.518      0.012     7.6648     90.384     36.628  35.240476     2.2004      8.766   174.6464 1.0234e+02     4.4356      1.490      2.161    23.4094 0.0000e+00
      1.519      0.011     7.6940     90.834     36.653  35.230459     2.1832      8.763   174.7692 1.0122e+02     4.3571      1.490      2.162    23.3549 0.0000e+00
      1.519      0.009     7.7001     91.390     36.620  35.178419     2.1997      8.760   174.9248 1.0031e+02     4.4330      1.489      2.160    23.2676 0.0000e+00
      1.520      0.009     7.7047     91.868     36.573  35.118809     2.2181      8.757   175.0658 9.7984e+01     4.4999      1.489      2.160    23.1659 0.0000e+00
      1.522      0.010     7.7285     92.173     36.544  35.080736     2.2135      8.755   175.1831 9.4900e+01     4.4144      1.493      2.165    23.0901 0.0000e+00
      1.526      0.013     7.7805     92.296     36.509  35.035300     2.1864      8.754   175.3116 9.2487e+01     4.3211      1.497      2.172    23.0486 0.0000e+00
      1.530      0.016     7.8385     92.321     36.439  34.950114     2.1734      8.751   175.5003 9.0695e+01     4.3281      1.500      2.177    23.0226 0.0000e+00
      1.534      0.018     7.8839     92.318     36.318  34.812093     2.1720      8.749   175.6583 8.9280e+01     4.3628      1.503      2.181    23.0045 0.0000e+00
      1.539      0.019     7.9134     92.292     36.227  34.698844     2.1945      8.750   175.7586 8.8169e+01     4.3991      1.508      2.187    22.9941 0.0000e+00
      1.545      0.019     7.9212     92.225     36.218  34.659370     2.2376      8.750   175.9388 8.7384e+01     4.3908      1.515      2.198    22.9803 0.0000e+00
      1.551      0.018     7.9261     92.228     36.180  34.588562     2.2435      8.750   176.0303 8.7112e+01     4.3307      1.521      2.207    22.9530 0.0000e+00
      1.556      0.017     7.9289     92.425     36.036  34.413673     2.2414      8.750   176.0903 8.7278e+01     4.3556      1.526      2.213    22.9231 0.0000e+00
      1.560      0.015     7.9362     92.773     35.854  34.194324     2.2706      8.749   176.2345 8.7296e+01     4.4876      1.531      2.220    22.8875 0.0000e+00
      1.563      0.013     7.9318     93.194     35.748  34.030047     2.2886      8.748   176.3110 8.6862e+01     4.5258      1.533      2.223    22.8435 0.0000e+00
      1.565      0.011     7.9321     93.644     35.747  33.949995     2.2761      8.749   176.4133 8.5462e+01     4.4421      1.534      2.225    22.7978 0.0000e+00
      1.568      0.009     7.9619     94.197     35.805  33.924184     2.2520      8.749   176.6098 8.2906e+01     4.3971      1.538      2.230    22.7472 0.0000e+00
      1.570      0.009     8.0014     95.027     35.856  33.908180     2.2472      8.748   176.7953 7.9934e+01     4.4265      1.541      2.234    22.6886 0.0000e+00
      1.572      0.009     8.0544     96.255     35.875  33.883283     2.2511      8.746   176.8492 7.6781e+01     4.4219      1.542      2.236    22.6030 0.0000e+00
      1.573      0.008     8.1089     97.782     35.897  33.876872     2.2500      8.745   176.8302 7.3618e+01     4.3416      1.542      2.236    22.4827 0.0000e+00
      1.575      0.008     8.1699     99.316     35.932  33.894079     2.2499      8.744   176.9101 7.0648e+01     4.3092      1.545      2.241    22.3588 0.0000e+00
      1.578      0.008     8.2514    100.641     35.948  33.900975     2.2667      8.743   177.0410 6.7824e+01     4.4056      1.549      2.246    22.2655 0.0000e+00
      1.580      0.009     8.3698    101.730     35.946  33.896803     2.3202      8.742   177.1223 6.5257e+01     4.5512      1.550      2.248    22.2108 0.0000e+00
      1.582      0.009     8.5204    102.565     35.953  33.907068     2.3386      8.741   177.2051 6.2772e+01     4.5665      1.552      2.250    22.1767 0.0000e+00
      1.584      0.009     8.6653    103.097     35.942  33.898218     2.3064      8.740   177.3542 6.0285e+01     4.4534      1.553      2.253    22.1534 0.0000e+00
      1.587      0.008     8.7808    103.313     35.907  33.853237     2.2885      8.740   177.5482 5.7938e+01     4.4140      1.556      2.257    22.1437 0.0000e+00
      1.589      0.008     8.8763    103.223     35.891  33.807300     2.2972      8.741   177.7434 5.5724e+01     4.5338      1.559      2.261    22.1417 0.0000e+00
      1.591      0.008     8.9510    102.891     35.911  33.786864     2.3193      8.741   177.8213 5.3656e+01     4.7063      1.561      2.264    22.1488 0.0000e+00
      1.593      0.008     8.9946    102.464     35.959  33.796409     2.3229      8.739   177.8027 5.1713e+01     4.7237      1.562      2.265    22.1606 0.0000e+00
      1.594      0.008     9.0163    102.115     35.980  33.795778     2.3071      8.739   177.8628 4.9856e+01     4.6074      1.563      2.266    22.1454 0.0000e+00
      1.597      0.009     9.0156    101.971     35.970  33.779193     2.2789      8.739   177.9453 4.8128e+01     4.5643      1.566      2.271    22.0968 0.0000e+00
      1.599      0.010     8.9922    102.035     35.979  33.786208     2.2566      8.740   177.9402 4.6538e+01     4.6462      1.568      2.275    22.0340 0.0000e+00
      1.602      0.011     8.9585    102.225     36.007  33.817154     2.2702      8.741   177.9729 4.5094e+01     4.7781      1.571      2.278    21.9801 0.0000e+00
      1.604      0.011     8.9282    102.496     36.013  33.836139     2.2687      8.742   178.1678 4.3761e+01     4.7924      1.573      2.281    21.9518 0.0000e+00
      1.607      0.012     8.9164    102.799     35.988  33.825444     2.2301      8.743   178.3180 4.2440e+01     4.7165      1.576      2.286    21.9465 0.0000e+00
      1.610      0.012     8.9268    103.029     35.973  33.814751     2.2107      8.745   178.3265 4.1181e+01     4.7492      1.579      2.290    21.9468 0.0000e+00
      1.614      0.012     8.9430    103.084     35.993  33.833746     2.2175      8.745   178.3567 4.0087e+01     4.8459      1.583      2.296    21.9479 0.0000e+00
      1.617      0.012     8.9637    102.945     36.024  33.864778     2.2208      8.745   178.4251 3.9131e+01     4.8949      1.586      2.300    21.9722 0.0000e+00
      1.620      0.011     8.9899    102.735     36.034  33.872740     2.2263      8.745   178.5513 3.8271e+01     4.8296      1.589      2.305    21.9977 0.0000e+00
      1.623      0.011     9.0134    102.580     36.035  33.866567     2.2500      8.747   178.7636 3.7496e+01     4.7386      1.591      2.308    21.9962 0.0000e+00
      1.625      0.011     9.0209    102.451     36.033  33.853578     2.2754      8.749   179.0141 3.6785e+01     4.7856      1.594      2.311    21.9922 0.0000e+00
      1.628      0.011     9.0021    102.231     36.040  33.842566     2.2748      8.752   179.1704 3.6129e+01     4.7831      1.596      2.315    21.9996 0.0000e+00
      1.631      0.011     8.9780    101.860     36.082  33.860279     2.2501      8.755   179.1901 3.5497e+01     4.6401      1.599      2.319    21.9993 0.0000e+00
      1.634      0.011     8.9689    101.395     36.127  33.877386     2.2264      8.757   179.2535 3.4881e+01     4.5593      1.602      2.324    21.9874 0.0000e+00
      1.637      0.011     8.9642    100.910     36.134  33.859038     2.2389      8.760   179.4200 3.4321e+01     4.6267      1.605      2.329    21.9732 0.0000e+00
      1.640      0.011     8.9523    100.455     36.124  33.828728     2.2755      8.763   179.4835 3.3840e+01     4.7714      1.608      2.333    21.9495 0.0000e+00
      1.642      0.010     8.9222    100.070     36.135  33.828106     2.2696      8.766   179.5041 3.3392e+01     4.7721      1.610      2.336    21.9160 0.0000e+00
      1.645      0.008     8.8843     99.738     36.166  33.851502     2.2346      8.767   179.6692 3.2949e+01     4.6688      1.613      2.340    21.8818 0.0000e+00
      1.647      0.007     8.8482     99.459     36.182  33.857830     2.2276      8.769   179.7596 3.2530e+01     4.6501      1.616      2.343    21.8452 0.0000e+00
      1.649      0.007     8.8105     99.336     36.177  33.841154     2.2421      8.773   179.8217 3.2158e+01     4.6831      1.617      2.345    21.8122 0.0000e+00
      1.649      0.008     8.7812     99.413     36.187  33.840192     2.2446      8.776   179.9897 3.1858e+01     4.6913      1.617      2.346    21.7987 0.0000e+00
      1.650      0.009     8.7530     99.544     36.269  33.909631     2.2239      8.778   180.0704 3.1543e+01     4.6130      1.617      2.345    21.7988 0.0000e+00
      1.652      0.011     8.7258     99.582     36.361  33.982835     2.2162      8.780   180.1091 3.1134e+01     4.5902      1.620      2.349    21.7870 0.0000e+00
      1.657      0.012     8.7156     99.543     36.365  33.963959     2.2429      8.782   180.1995 3.0725e+01     4.6885      1.625      2.358    21.7638 0.0000e+00
      1.661      0.013     8.7312     99.394     36.362  33.935139     2.2808      8.785   180.2171 3.0400e+01     4.7429      1.630      2.364    21.7507 0.0000e+00
      1.665      0.013     8.7509     98.898     36.404  33.951559     2.2998      8.788   180.2364 3.0166e+01     4.7011      1.633      2.368    21.7450 0.0000e+00
      1.668      0.012     8.7529     97.889     36.442  33.972135     2.2813      8.791   180.3466 2.9963e+01     4.6273      1.635      2.372    21.7302 0.0000e+00
      1.671      0.011     8.7543     96.562     36.473  33.993563     2.2407      8.794   180.4311 2.9753e+01     4.6366      1.638      2.377    21.6960 0.0000e+00
      1.674      0.011     8.7580     95.248     36.511  34.020299     2.2331      8.796   180.4832 2.9570e+01     4.7452      1.641      2.380    21.6561 0.0000e+00
      1.676      0.011     8.7291     94.131     36.550  34.041622     2.2644      8.798   180.4607 2.9417e+01     4.8135      1.643      2.384    21.6231 0.0000e+00
      1.679      0.011     8.6342     93.206     36.593  34.061026     2.2849      8.800   180.4166 2.9286e+01     4.7450      1.646      2.388    21.6026 0.0000e+00
      1.682      0.011     8.5056     92.354     36.618  34.064542     2.2737      8.803   180.4668 2.9166e+01     4.6347      1.649      2.392    21.5966 0.0000e+00
      1.685      0.011     8.3863     91.484     36.587  34.020658     2.2462      8.805   180.5510 2.9049e+01     4.6748      1.652      2.396    21.5871 0.0000e+00
      1.688      0.011     8.2915     90.602     36.544  33.974522     2.2601      8.806   180.6610 2.8933e+01     4.8193      1.655      2.401    21.5653 0.0000e+00
