Data/DataNotYetUploadedToEDI/Raw_CTD/RawDownloads/070325_fcr30_S7809003.cnv
* Sea-Bird SBE19plus  Data File:
* FileName = C:\R\Reservoirs\Data\DataNotYetUploadedToEDI\Raw_CTD\RawDownloads\070325_fcr50_S7809_0003.hex
* Software version 2.8.0.119
* Temperature SN = 7809
* Conductivity SN = 7809
* System UpLoad Time = Jul 07 2025 16:19:14
* <ApplicationData>
* <Seaterm232>
# nquan = 15
# nvalues = 3195                        
# units = specified
# name 0 = depFM: Depth [fresh water, m]
# name 1 = dz/dtM: Descent Rate [m/s]
# name 2 = sbeox0Mg/L: Oxygen, SBE 43 [mg/l]
# name 3 = sbeox0PS: Oxygen, SBE 43 [% saturation]
# name 4 = specc: Specific Conductance [uS/cm]
# name 5 = c0uS/cm: Conductivity [uS/cm]
# name 6 = flECO-AFL: Fluorescence, WET Labs ECO-AFL/FL [mg/m^3]
# name 7 = ph: pH
# name 8 = orp: Oxidation Reduction Potential [mV]
# name 9 = par/sat/log: PAR/Logarithmic, Satlantic
# name 10 = turbWETntu0: Turbidity, WET Labs ECO [NTU]
# name 11 = prdM: Pressure, Strain Gauge [db]
# name 12 = prdE: Pressure, Strain Gauge [psi]
# name 13 = tv290C: Temperature [ITS-90, deg C]
# name 14 = flag:  0.000e+00
# span 0 =     -0.635,      5.247       
# span 1 =     -0.492,      0.184       
# span 2 =     0.0237,     9.6993       
# span 3 =      0.247,    114.381       
# span 4 =      1.436,     66.774       
# span 5 =   1.289058,  53.812525       
# span 6 =    -0.1441,    27.9103       
# span 7 =      7.295,      9.160       
# span 8 =   -15.0086,   430.0460       
# span 9 = 4.0494e-01, 2.5927e+03       
# span 10 =    -2.3403,   311.4271      
# span 11 =     -0.623,      5.146      
# span 12 =     -0.903,      7.463      
# span 13 =    11.0690,    26.8970      
# span 14 = 0.0000e+00, 0.0000e+00      
# interval = seconds: 0.25
# start_time = Jul 03 2025 10:26:32 [Instrument's time stamp, header]
# bad_flag = -9.990e-29
*END*
[from data line 482]
      0.697      0.005     7.8294     98.056     34.512  35.738872     1.5091      9.131   142.8767 3.7977e+01     8.4627      0.684      0.992    26.7710 0.0000e+00
      0.697      0.006     7.8322     98.061     34.516  35.742919     1.5166      9.133   142.9304 3.7951e+01     8.5992      0.684      0.991    26.7715 0.0000e+00
      0.697      0.008     7.8396     98.062     34.510  35.735899     1.5331      9.134   143.0089 3.7924e+01     8.6837      0.683      0.990    26.7716 0.0000e+00
      0.698      0.011     7.8420     98.075     34.495  35.717433     1.5248      9.134   143.0522 3.7870e+01     8.6310      0.683      0.991    26.7710 0.0000e+00
      0.701      0.015     7.8460     98.052     34.492  35.709991     1.4914      9.134   143.1952 3.7680e+01     8.5082      0.686      0.994    26.7697 0.0000e+00
      0.707      0.017     7.8456     97.997     34.497  35.709357     1.4789      9.134   143.3617 3.7424e+01     8.5317      0.693      1.005    26.7696 0.0000e+00
      0.714      0.018     7.8434     97.946     34.503  35.709763     1.5069      9.135   143.4313 3.7215e+01     8.6417      0.702      1.018    26.7697 0.0000e+00
      0.720      0.018     7.8489     97.907     34.513  35.714897     1.5305      9.136   143.5200 3.7052e+01     8.6072      0.707      1.025    26.7663 0.0000e+00
      0.724      0.018     7.8469     97.880     34.513  35.707966     1.5146      9.137   143.6603 3.6911e+01     8.4913      0.710      1.030    26.7597 0.0000e+00
      0.726      0.018     7.8419     97.791     34.502  35.689406     1.4802      9.137   143.7503 3.6815e+01     8.4699      0.712      1.032    26.7512 0.0000e+00
      0.728      0.019     7.8400     97.612     34.499  35.680812     1.4896      9.138   143.8338 3.6785e+01     8.5542      0.713      1.035    26.7437 0.0000e+00
      0.733      0.021     7.8361     97.441     34.493  35.667497     1.5290      9.138   143.9819 3.6743e+01     8.6215      0.718      1.041    26.7360 0.0000e+00
      0.741      0.021     7.8389     97.332     34.489  35.655304     1.5230      9.138   143.9922 3.6707e+01     8.4975      0.727      1.054    26.7245 0.0000e+00
      0.750      0.020     7.8359     97.250     34.502  35.660268     1.4843      9.139   143.9589 3.6696e+01     8.2509      0.736      1.067    26.7142 0.0000e+00
      0.756      0.018     7.8168     97.137     34.514  35.664059     1.4687      9.139   144.0953 3.6666e+01     8.1687      0.742      1.076    26.7070 0.0000e+00
      0.760      0.014     7.8036     96.969     34.494  35.637683     1.4836      9.138   144.2645 3.6613e+01     8.2538      0.746      1.082    26.6962 0.0000e+00
      0.762      0.009     7.7980     96.755     34.457  35.595142     1.4986      9.137   144.3699 3.6526e+01     8.2897      0.747      1.084    26.6830 0.0000e+00
      0.763      0.005     7.7954     96.529     34.459  35.593827     1.4840      9.137   144.4235 3.6423e+01     8.1928      0.748      1.085    26.6711 0.0000e+00
      0.763      0.003     7.7886     96.340     34.489  35.621777     1.4652      9.137   144.4827 3.6300e+01     8.1067      0.748      1.085    26.6596 0.0000e+00
      0.763      0.003     7.7755     96.204     34.486  35.615833     1.4617      9.136   144.5694 3.6152e+01     8.1367      0.748      1.085    26.6501 0.0000e+00
      0.763      0.003     7.7592     96.124     34.459  35.585405     1.4755      9.136   144.6108 3.6051e+01     8.2491      0.748      1.085    26.6440 0.0000e+00
      0.764      0.004     7.7389     96.110     34.448  35.571111     1.4903      9.137   144.6398 3.5967e+01     8.3037      0.749      1.086    26.6397 0.0000e+00
      0.765      0.006     7.7248     96.164     34.448  35.569906     1.4744      9.138   144.7470 3.5879e+01     8.2158      0.750      1.088    26.6358 0.0000e+00
      0.767      0.008     7.7141     96.259     34.450  35.570830     1.4750      9.138   144.8750 3.5857e+01     8.2109      0.752      1.090    26.6316 0.0000e+00
      0.769      0.009     7.7080     96.362     34.463  35.582274     1.5391      9.137   144.8964 3.5874e+01     8.4159      0.754      1.093    26.6275 0.0000e+00
      0.772      0.009     7.7072     96.450     34.464  35.581382     1.6163      9.137   144.8339 3.5852e+01     8.6109      0.757      1.097    26.6244 0.0000e+00
      0.775      0.008     7.7125     96.472     34.445  35.560042     1.6347      9.137   144.8943 3.5802e+01     8.6215      0.761      1.103    26.6218 0.0000e+00
      0.778      0.007     7.7222     96.391     34.464  35.578047     1.6034      9.137   145.1098 3.5788e+01     8.5095      0.763      1.107    26.6196 0.0000e+00
      0.780      0.006     7.7300     96.209     34.493  35.608730     1.5956      9.137   145.2891 3.5815e+01     8.4190      0.764      1.109    26.6171 0.0000e+00
      0.780      0.004     7.7400     95.961     34.497  35.613787     1.6244      9.138   145.4273 3.5855e+01     8.3462      0.765      1.110    26.6139 0.0000e+00
      0.780      0.003     7.7436     95.783     34.519  35.639194     1.6434      9.139   145.5754 3.5895e+01     8.2787      0.765      1.110    26.6110 0.0000e+00
      0.781      0.002     7.7361     95.771     34.539  35.662132     1.6251      9.139   145.7034 3.5900e+01     8.2519      0.765      1.110    26.6095 0.0000e+00
      0.782      0.002     7.7226     95.863     34.511  35.637342     1.5870      9.140   145.8573 3.5862e+01     8.1924      0.766      1.112    26.6098 0.0000e+00
      0.782      0.002     7.6969     96.003     34.465  35.593258     1.5902      9.140   145.9738 3.5834e+01     8.2087      0.767      1.112    26.6122 0.0000e+00
      0.783      0.003     7.6776     96.190     34.445  35.573249     1.6305      9.141   145.9929 3.5775e+01     8.2783      0.767      1.113    26.6149 0.0000e+00
      0.783      0.003     7.6805     96.406     34.455  35.585768     1.6498      9.142   146.0020 3.5683e+01     8.2826      0.768      1.114    26.6196 0.0000e+00
      0.784      0.004     7.6886     96.610     34.485  35.617737     1.6316      9.143   145.9973 3.5615e+01     8.2946      0.768      1.115    26.6258 0.0000e+00
      0.785      0.004     7.6980     96.763     34.508  35.642538     1.6027      9.143   146.0219 3.5559e+01     8.2866      0.769      1.116    26.6299 0.0000e+00
      0.786      0.004     7.7136     96.863     34.498  35.631843     1.6079      9.143   146.1283 3.5493e+01     8.3225      0.771      1.118    26.6329 0.0000e+00
      0.787      0.004     7.7318     96.908     34.482  35.615320     1.6362      9.144   146.2513 3.5433e+01     8.3187      0.772      1.120    26.6352 0.0000e+00
      0.789      0.004     7.7495     96.873     34.498  35.633106     1.6375      9.144   146.3898 3.5383e+01     8.1732      0.774      1.122    26.6360 0.0000e+00
      0.789      0.003     7.7615     96.774     34.522  35.656550     1.5988      9.144   146.4266 3.5316e+01     8.0999      0.775      1.124    26.6366 0.0000e+00
      0.789      0.003     7.7688     96.667     34.512  35.644986     1.5594      9.145   146.3520 3.5286e+01     8.2175      0.774      1.123    26.6375 0.0000e+00
      0.790      0.003     7.7741     96.597     34.490  35.620184     1.5596      9.145   146.4344 3.5322e+01     8.3998      0.775      1.123    26.6378 0.0000e+00
      0.791      0.004     7.7702     96.542     34.482  35.610455     1.5764      9.145   146.5621 3.5371e+01     8.3913      0.776      1.125    26.6381 0.0000e+00
      0.792      0.006     7.7610     96.482     34.465  35.590797     1.5704      9.145   146.5192 3.5428e+01     8.2169      0.776      1.126    26.6378 0.0000e+00
      0.794      0.007     7.7505     96.457     34.450  35.572840     1.5707      9.146   146.5188 3.5458e+01     8.2046      0.778      1.129    26.6355 0.0000e+00
      0.796      0.008     7.7465     96.450     34.462  35.583689     1.5892      9.147   146.6434 3.5465e+01     8.3787      0.781      1.132    26.6322 0.0000e+00
      0.799      0.008     7.7448     96.388     34.475  35.595067     1.5941      9.147   146.7352 3.5449e+01     8.4777      0.783      1.137    26.6292 0.0000e+00
      0.801      0.009     7.7366     96.262     34.465  35.583517     1.5800      9.147   146.7676 3.5389e+01     8.4110      0.785      1.139    26.6262 0.0000e+00
      0.802      0.009     7.7362     96.132     34.455  35.570932     1.5520      9.148   146.8626 3.5363e+01     8.2895      0.786      1.140    26.6235 0.0000e+00
      0.805      0.009     7.7392     96.053     34.456  35.569789     1.5468      9.148   147.0236 3.5366e+01     8.2720      0.789      1.145    26.6207 0.0000e+00
      0.807      0.009     7.7349     96.021     34.457  35.569701     1.5676      9.149   147.1663 3.5351e+01     8.3369      0.792      1.149    26.6177 0.0000e+00
      0.810      0.008     7.7227     96.012     34.459  35.569864     1.5617      9.149   147.3834 3.5266e+01     8.3220      0.795      1.153    26.6150 0.0000e+00
      0.812      0.008     7.7104     96.002     34.462  35.571750     1.5329      9.149   147.6691 3.5108e+01     8.2289      0.797      1.155    26.6126 0.0000e+00
      0.813      0.007     7.7055     95.978     34.483  35.592509     1.5197      9.149   147.7812 3.4959e+01     8.1668      0.798      1.157    26.6103 0.0000e+00
      0.815      0.006     7.7036     95.941     34.520  35.630510     1.5353      9.149   147.7069 3.4820e+01     8.2204      0.800      1.160    26.6076 0.0000e+00
      0.817      0.005     7.7043     95.933     34.540  35.650531     1.5719      9.149   147.6311 3.4752e+01     8.3651      0.801      1.162    26.6049 0.0000e+00
      0.818      0.004     7.7036     95.944     34.533  35.644239     1.5963      9.150   147.6387 3.4801e+01     8.4132      0.803      1.164    26.6030 0.0000e+00
      0.819      0.004     7.7028     95.888     34.507  35.617878     1.5800      9.150   147.7127 3.4847e+01     8.2901      0.804      1.165    26.6017 0.0000e+00
      0.820      0.005     7.6981     95.799     34.476  35.585592     1.5415      9.150   147.7520 3.4878e+01     8.2084      0.804      1.166    26.6008 0.0000e+00
      0.820      0.005     7.6959     95.779     34.462  35.571121     1.5384      9.150   147.7692 3.4903e+01     8.2799      0.804      1.166    26.6008 0.0000e+00
      0.821      0.006     7.7030     95.835     34.461  35.569806     1.5680      9.150   147.8356 3.4950e+01     8.3004      0.805      1.167    26.6020 0.0000e+00
      0.824      0.007     7.6959     95.941     34.462  35.569687     1.5744      9.150   147.9524 3.5036e+01     8.1829      0.807      1.171    26.6029 0.0000e+00
      0.827      0.007     7.6836     96.082     34.462  35.569677     1.5735      9.150   148.0622 3.5051e+01     8.0890      0.810      1.176    26.6033 0.0000e+00
      0.829      0.007     7.6839     96.220     34.461  35.569691     1.5828      9.150   148.1315 3.5057e+01     8.1220      0.813      1.179    26.6032 0.0000e+00
      0.831      0.006     7.6890     96.316     34.461  35.569857     1.5864      9.151   148.1879 3.5051e+01     8.3077      0.815      1.181    26.6020 0.0000e+00
      0.831      0.005     7.6976     96.352     34.461  35.571692     1.5759      9.151   148.3134 3.4979e+01     8.4557      0.815      1.182    26.6006 0.0000e+00
      0.832      0.005     7.7105     96.330     34.481  35.591869     1.5479      9.150   148.5306 3.4927e+01     8.4088      0.816      1.183    26.6003 0.0000e+00
      0.833      0.005     7.7223     96.261     34.511  35.623473     1.5305      9.150   148.6634 3.4901e+01     8.3554      0.817      1.185    26.6019 0.0000e+00
      0.834      0.005     7.7303     96.178     34.524  35.636573     1.5480      9.150   148.7137 3.4889e+01     8.4257      0.818      1.186    26.6037 0.0000e+00
      0.835      0.006     7.7332     96.138     34.511  35.623360     1.5846      9.151   148.7950 3.4846e+01     8.5402      0.819      1.188    26.6050 0.0000e+00
      0.837      0.006     7.7305     96.133     34.479  35.590610     1.5818      9.152   148.7864 3.4780e+01     8.5449      0.821      1.190    26.6058 0.0000e+00
      0.839      0.006     7.7251     96.128     34.448  35.557849     1.5392      9.154   148.7824 3.4766e+01     8.4479      0.823      1.193    26.6051 0.0000e+00
      0.840      0.006     7.7155     96.157     34.436  35.544480     1.5195      9.155   148.9179 3.4797e+01     8.3930      0.824      1.195    26.6044 0.0000e+00
      0.842      0.006     7.7126     96.237     34.448  35.555865     1.5517      9.153   149.0481 3.4832e+01     8.3932      0.826      1.198    26.6045 0.0000e+00
      0.844      0.006     7.7152     96.312     34.460  35.568605     1.6112      9.152   149.1526 3.4862e+01     8.3814      0.828      1.201    26.6047 0.0000e+00
      0.845      0.006     7.7121     96.340     34.463  35.571630     1.6240      9.153   149.2345 3.4915e+01     8.3192      0.829      1.202    26.6042 0.0000e+00
      0.847      0.006     7.7137     96.307     34.483  35.592433     1.5975      9.153   149.2640 3.4981e+01     8.2217      0.831      1.204    26.6032 0.0000e+00
      0.848      0.006     7.7230     96.221     34.520  35.629783     1.6072      9.153   149.3374 3.5009e+01     8.2952      0.832      1.206    26.6027 0.0000e+00
      0.849      0.006     7.7300     96.160     34.532  35.642539     1.6418      9.154   149.4335 3.4997e+01     8.5592      0.833      1.208    26.6024 0.0000e+00
      0.851      0.006     7.7320     96.176     34.508  35.619765     1.6577      9.154   149.4793 3.4989e+01     8.6817      0.834      1.210    26.6021 0.0000e+00
      0.853      0.006     7.7309     96.191     34.495  35.608230     1.6416      9.154   149.5472 3.5017e+01     8.5803      0.837      1.213    26.6016 0.0000e+00
      0.855      0.006     7.7204     96.082     34.514  35.629963     1.6132      9.155   149.5667 3.5063e+01     8.4946      0.839      1.217    26.6010 0.0000e+00
      0.857      0.007     7.7130     95.880     34.511  35.628753     1.6138      9.157   149.5424 3.5115e+01     8.5678      0.840      1.219    26.6012 0.0000e+00
      0.857      0.009     7.7170     95.745     34.476  35.593596     1.6329      9.157   149.5974 3.5200e+01     8.5769      0.841      1.220    26.6034 0.0000e+00
      0.857      0.013     7.7226     95.727     34.470  35.585576     1.6444      9.158   149.6293 3.5330e+01     8.5028      0.841      1.219    26.6071 0.0000e+00
      0.859      0.016     7.7134     95.781     34.483  35.595230     1.6449      9.158   149.5847 3.5513e+01     8.5253      0.841      1.219    26.6110 0.0000e+00
      0.865      0.017     7.6883     95.849     34.474  35.583421     1.6469      9.159   149.4879 3.5753e+01     8.5758      0.847      1.229    26.6130 0.0000e+00
      0.875      0.016     7.6777     95.886     34.463  35.569677     1.6765      9.160   149.4910 3.5897e+01     8.6355      0.859      1.245    26.6137 0.0000e+00
      0.882      0.012     7.6784     95.915     34.450  35.555947     1.7035      9.160   149.6230 3.5781e+01     8.5983      0.867      1.258    26.6123 0.0000e+00
      0.885      0.007     7.6845     95.991     34.439  35.544307     1.6906      9.160   149.7072 3.5481e+01     8.3990      0.868      1.261    26.6070 0.0000e+00
      0.885      0.002     7.6933     96.097     34.449  35.555833     1.6620      9.160   149.7344 3.5132e+01     8.2066      0.869      1.260    26.6013 0.0000e+00
      0.881     -0.003     7.6951     96.121     34.460  35.568416     1.6569      9.160   149.6942 3.4865e+01     8.1848      0.865      1.255    26.5983 0.0000e+00
      0.876     -0.004     7.6958     96.029     34.460  35.569560     1.6792      9.160   149.7365 3.4799e+01     8.3068      0.857      1.244    26.5979 0.0000e+00
      0.874     -0.004     7.7006     95.893     34.461  35.569664     1.6813      9.160   149.9023 3.4950e+01     8.3153      0.855      1.241    26.5997 0.0000e+00
