Data/DataNotYetUploadedToEDI/Raw_CTD/RawDownloads/070325_fcr30_S7809003.cnv
* Sea-Bird SBE19plus  Data File:
* FileName = C:\R\Reservoirs\Data\DataNotYetUploadedToEDI\Raw_CTD\RawDownloads\070325_fcr50_S7809_0003.hex
* Software version 2.8.0.119
* Temperature SN = 7809
* Conductivity SN = 7809
* System UpLoad Time = Jul 07 2025 16:19:14
* <ApplicationData>
* <Seaterm232>
# nquan = 15
# nvalues = 3195                        
# units = specified
# name 0 = depFM: Depth [fresh water, m]
# name 1 = dz/dtM: Descent Rate [m/s]
# name 2 = sbeox0Mg/L: Oxygen, SBE 43 [mg/l]
# name 3 = sbeox0PS: Oxygen, SBE 43 [% saturation]
# name 4 = specc: Specific Conductance [uS/cm]
# name 5 = c0uS/cm: Conductivity [uS/cm]
# name 6 = flECO-AFL: Fluorescence, WET Labs ECO-AFL/FL [mg/m^3]
# name 7 = ph: pH
# name 8 = orp: Oxidation Reduction Potential [mV]
# name 9 = par/sat/log: PAR/Logarithmic, Satlantic
# name 10 = turbWETntu0: Turbidity, WET Labs ECO [NTU]
# name 11 = prdM: Pressure, Strain Gauge [db]
# name 12 = prdE: Pressure, Strain Gauge [psi]
# name 13 = tv290C: Temperature [ITS-90, deg C]
# name 14 = flag:  0.000e+00
# span 0 =     -0.635,      5.247       
# span 1 =     -0.492,      0.184       
# span 2 =     0.0237,     9.6993       
# span 3 =      0.247,    114.381       
# span 4 =      1.436,     66.774       
# span 5 =   1.289058,  53.812525       
# span 6 =    -0.1441,    27.9103       
# span 7 =      7.295,      9.160       
# span 8 =   -15.0086,   430.0460       
# span 9 = 4.0494e-01, 2.5927e+03       
# span 10 =    -2.3403,   311.4271      
# span 11 =     -0.623,      5.146      
# span 12 =     -0.903,      7.463      
# span 13 =    11.0690,    26.8970      
# span 14 = 0.0000e+00, 0.0000e+00      
# interval = seconds: 0.25
# start_time = Jul 03 2025 10:26:32 [Instrument's time stamp, header]
# bad_flag = -9.990e-29
*END*
[from data line 3085]
      1.193     -0.305     4.5438     73.616     40.527  36.549519     4.2146      8.248   120.1454 3.4982e+01     9.3289      1.194      1.731    20.0414 0.0000e+00
      1.082     -0.365     4.8434     79.004     40.208  36.349705     3.8872      8.253   118.9586 3.3888e+01     9.1939      1.079      1.565    20.6193 0.0000e+00
      0.924     -0.378     5.3192     81.936     40.103  36.572021     3.2961      8.253   119.7022 3.3153e+01     8.9474      0.910      1.321    20.5865 0.0000e+00
      0.763     -0.343     6.0116     82.866     40.206  36.953710     2.9849      8.253   121.5647 3.3282e+01     8.8766      0.728      1.057    20.2388 0.0000e+00
      0.651     -0.268     6.7586     82.441     40.324  37.094477     2.9802      8.256   122.6358 3.3679e+01     8.9870      0.606      0.879    19.9759 0.0000e+00
      0.616     -0.173     7.2643     80.971     40.401  37.005002     3.0563      8.263   122.7582 3.3978e+01     9.0525      0.586      0.849    20.0575 0.0000e+00
      0.632     -0.081     7.4211     78.614     40.381  36.823427     3.1887      8.272   122.5282 3.4489e+01     9.0201      0.618      0.896    20.6059 0.0000e+00
      0.657     -0.013     7.4077     75.565     40.261  36.675532     3.2407      8.279   121.6617 3.5013e+01     8.9023      0.650      0.942    21.1121 0.0000e+00
      0.671      0.022     7.3692     72.332     40.005  36.549263     3.2517      8.284   120.3692 3.5227e+01     8.8578      0.663      0.963    21.0804 0.0000e+00
      0.670      0.028     7.2745     69.612     39.570  36.375566     3.3389      8.290   119.2899 3.5288e+01     8.9604      0.658      0.956    20.7817 0.0000e+00
      0.665      0.017     7.0979     67.853     39.013  36.225425     3.4550      8.297   118.2486 3.5286e+01     9.0502      0.648      0.942    20.5265 0.0000e+00
      0.666     -0.011     6.8152     67.283     38.431  36.193799     3.4988      8.305   117.1578 3.5247e+01     9.0204      0.650      0.942    20.4666 0.0000e+00
      0.675     -0.064     6.4729     68.020     37.977  36.247724     3.4601      8.315   116.5982 3.5241e+01     8.9081      0.662      0.959    20.6414 0.0000e+00
      0.684     -0.142     6.1859     69.881     37.709  36.243624     3.2375      8.324   116.7298 3.5244e+01     8.8536      0.675      0.979    20.9033 0.0000e+00
      0.671     -0.228     5.9731     72.357     37.534  36.144594     2.8632      8.333   117.0278 3.5509e+01     8.8392      0.679      0.985    21.3267 0.0000e+00
      0.603     -0.300     5.8309     75.082     37.309  36.002187     2.6633      8.338   117.1908 3.6969e+01     8.8027      0.620      0.899    22.0902 0.0000e+00
      0.468     -0.339     5.8094     77.837     36.937  35.854329     2.6262      8.340   117.4098 4.0702e+01     8.7537      0.468      0.679    22.8743 0.0000e+00
      0.308     -0.334     5.9616     80.369     36.459  35.753053     2.5729      8.340   117.6974 4.5663e+01     8.6907      0.286      0.415    23.1497 0.0000e+00
      0.185     -0.284     6.1859     82.703     36.003  35.729942     2.3604      8.339   117.6566 4.9522e+01     8.6557      0.155      0.224    23.1245 0.0000e+00
      0.126     -0.201     6.4144     85.099     35.662  35.765885     1.9957      8.336   116.8299 5.1423e+01     8.6045      0.106      0.153    23.1733 0.0000e+00
      0.116     -0.107     6.6316     87.699     35.447  35.807504     1.7752      8.335   115.7041 5.1067e+01     8.5148      0.105      0.154    23.4387 0.0000e+00
      0.132     -0.029     6.7719     90.373     35.358  35.852844     1.7172      8.339   115.1439 4.8990e+01     8.4251      0.126      0.184    24.0011 0.0000e+00
      0.157      0.017     6.8744     92.810     35.329  35.870150     1.6941      8.346   114.8742 4.7215e+01     8.4084      0.159      0.231    24.6479 0.0000e+00
      0.173      0.034     6.9966     94.682     35.270  35.826455     1.7119      8.356   114.5078 4.6403e+01     8.5187      0.175      0.255    25.2035 0.0000e+00
      0.175      0.034     7.1675     95.837     35.171  35.768688     1.7499      8.364   114.3281 4.5634e+01     8.5625      0.172      0.250    25.5680 0.0000e+00
      0.172      0.027     7.3722     96.359     35.062  35.742796     1.7541      8.368   114.5083 4.4285e+01     8.4604      0.166      0.241    25.7395 0.0000e+00
      0.176      0.021     7.5771     96.456     34.993  35.767329     1.7380      8.369   114.9660 4.2478e+01     8.4794      0.169      0.246    25.7781 0.0000e+00
      0.186      0.017     7.7359     96.335     34.973  35.811663     1.7463      8.370   115.4731 4.0897e+01     8.6209      0.183      0.265    25.7639 0.0000e+00
      0.196      0.015     7.8192     96.132     34.974  35.834795     1.7633      8.373   115.8216 3.9490e+01     8.6694      0.195      0.282    25.8166 0.0000e+00
      0.202      0.011     7.8348     95.944     35.007  35.856708     1.7769      8.376   116.1691 3.8220e+01     8.5869      0.199      0.288    25.9589 0.0000e+00
      0.202      0.001     7.8124     95.786     35.074  35.886245     1.7442      8.380   116.4902 3.7424e+01     8.4426      0.199      0.289    26.1217 0.0000e+00
      0.199     -0.016     7.7868     95.581     35.124  35.874616     1.6920      8.385   116.5205 3.7121e+01     8.4617      0.194      0.282    26.2182 0.0000e+00
      0.196     -0.043     7.7636     95.242     35.152  35.842903     1.6860      8.391   116.1915 3.7622e+01     8.6472      0.191      0.277    26.2385 0.0000e+00
      0.191     -0.078     7.7509     94.743     35.163  35.819957     1.6971      8.397   115.6090 3.9768e+01     8.7395      0.191      0.277    26.2191 0.0000e+00
      0.177     -0.120     7.7477     94.137     35.140  35.787480     1.7183      8.403   115.1568 4.4567e+01     8.6892      0.181      0.262    26.1708 0.0000e+00
      0.144     -0.164     7.7498     93.577     35.112  35.767452     1.7431      8.409   115.0255 5.2031e+01     8.6188      0.149      0.215    26.0591 0.0000e+00
      0.089     -0.202     7.7372     93.208     35.104  35.768167     1.7721      8.416   116.3455 6.3041e+01     8.6746      0.093      0.134    25.9568 0.0000e+00
      0.018     -0.227     7.7008     93.008     35.139  35.796144     1.8108      8.427   133.3536 7.4304e+01     8.8181      0.020      0.030    25.9197 0.0000e+00
     -0.059     -0.241     7.6496     92.891     35.216  35.851915     1.8279      8.442   162.7866 8.3119e+01     8.8838     -0.060     -0.085    25.9017 0.0000e+00
     -0.129     -0.248     7.5940     92.796     35.272  35.871420     1.8114      8.457   163.7672 9.5855e+01     8.8198     -0.133     -0.194    25.9258 0.0000e+00
     -0.185     -0.253     7.5625     92.646     35.286  35.841573     1.7779      8.469   140.3056 1.2135e+02     8.6933     -0.185     -0.268    25.9542 0.0000e+00
     -0.233     -0.261     7.5531     92.360     35.268  35.808216     1.7732      8.477   132.4997 1.7693e+02     8.6876     -0.225     -0.327    25.9331 0.0000e+00
     -0.288     -0.267     7.5468     91.738     35.223  35.785326     1.7789      8.479   130.5612 4.4603e+02     8.6823     -0.275     -0.400    25.9041 0.0000e+00
     -0.363     -0.263     7.5511     90.663     35.108  35.691755     1.5398      8.479   118.3292 1.1578e+03     7.2280     -0.349     -0.505    25.8531 0.0000e+00
     -0.454     -0.247     7.5497     89.313     33.931  34.486542     1.0545      8.483   109.8779 1.9206e+03     4.3930     -0.445     -0.645    25.7640 0.0000e+00
     -0.542     -0.217     7.5387     87.782     26.132  26.542557     0.7639      8.490   108.9092 2.2333e+03     2.7218     -0.542     -0.786    25.7315 0.0000e+00
     -0.602     -0.173     7.4871     86.065     13.246  13.444908     0.7143      8.496   109.1985 2.2784e+03     2.4278     -0.604     -0.877    25.7954 0.0000e+00
     -0.628     -0.120     7.3808     84.656      6.511   6.600998     0.4953      8.500   109.6757 2.2649e+03     1.2486     -0.622     -0.901    25.8500 0.0000e+00
     -0.633     -0.069     7.2715     84.290      5.534   5.606815     0.0726      8.504   110.0334 2.2136e+03    -1.0839     -0.621     -0.900    25.8207 0.0000e+00
     -0.633     -0.031     7.1631     84.885      5.036   5.098745    -0.1441      8.508   110.1677 2.1716e+03    -2.3403     -0.621     -0.901    25.7573 0.0000e+00
     -0.633     -0.009     7.0157     85.739      5.400   5.462810    -0.1188      8.511   110.2676 2.1358e+03    -2.2257     -0.621     -0.900    25.7110 0.0000e+00
     -0.632     -0.001     6.8691     86.479      5.889   5.954124    -0.0793      8.512   110.4658 2.0833e+03    -1.2692     -0.620     -0.899    25.6757 0.0000e+00
     -0.632 7.2583e-10     6.8503     87.180      6.098   6.161012    -0.0572      8.512   110.9297 1.7297e+03     0.3772     -0.620     -0.899    25.6428 0.0000e+00
     -0.632 7.9841e-09     6.9331     87.870      6.571   6.633755    -0.0263      8.513   111.4890 9.7808e+02     1.3857     -0.621     -0.900    25.6117 0.0000e+00
     -0.632 8.7825e-08     7.0161     88.333     11.068  11.163085     0.0112      8.516   111.6356 3.8972e+02     1.5649     -0.620     -0.900    25.5808 0.0000e+00
     -0.632 8.7825e-08     7.0746     88.500     21.835  22.005225     0.0218      8.520   111.4121 2.2796e+02     1.2800     -0.621     -0.900    25.5484 0.0000e+00
     -0.632 7.9840e-09     7.1316     88.420     31.269  31.477534     0.0017      8.526   111.4529 3.1137e+02     0.7081     -0.620     -0.899    25.5145 0.0000e+00
     -0.632 7.2585e-10     7.2063     87.931     34.671  34.829906    -0.0238      8.532   111.9576 7.7178e+02     0.4577     -0.620     -0.900    25.4801 0.0000e+00
     -0.632 6.5985e-11     7.2491     86.787     35.323  35.389401    -0.0193      8.536   112.6959 1.1387e+03     0.5412     -0.620     -0.900    25.4444 0.0000e+00
     -0.632 5.9994e-12     7.2612     84.898     35.468  35.450558    -0.0025      8.537   114.0979 9.3593e+02     0.5560     -0.620     -0.899    25.4083 0.0000e+00
     -0.632 5.5491e-13     7.2688     82.379     35.520  35.442323    -0.0122      8.539   116.9500 7.0912e+02     0.6026     -0.621     -0.900    25.3571 0.0000e+00
     -0.632 1.5472e-13     7.2530     79.539     35.535  35.416647    -0.0278      8.543   120.5947 9.4771e+02     0.8661     -0.620     -0.900    25.2395 0.0000e+00
     -0.633 1.1611e-12     7.1827     76.735     35.538  35.393843    -0.0338      8.545   124.0079 1.5963e+03     1.1112     -0.621     -0.900    25.0804 0.0000e+00
     -0.633 1.2723e-11     7.0393     74.163     35.455  35.293461    -0.0255      8.548   126.2976 1.6933e+03     1.2437     -0.621     -0.900    24.9551 0.0000e+00
     -0.632 1.3995e-10     6.8325     71.928     34.373  34.202915    -0.0193      8.551   126.0817 1.0258e+03     1.1693     -0.620     -0.899    24.8741 0.0000e+00
     -0.632 1.5395e-09     6.5897     70.122     30.427  30.265276    -0.0338      8.555   124.4950 8.3970e+02     0.9295     -0.620     -0.899    24.8217 0.0000e+00
     -0.632 1.6934e-08     6.3580     68.760     24.741  24.600564    -0.0432      8.558   124.0620 1.3775e+03     0.8378     -0.620     -0.899    24.7875 0.0000e+00
     -0.632 1.8627e-07     6.1453     67.808     20.316  20.192174    -0.0332      8.559   124.5460 1.7721e+03     0.9139     -0.620     -0.899    24.7640 0.0000e+00
     -0.632 1.8627e-07     5.9570     67.168     17.597  17.483401    -0.0125      8.560   125.4435 1.8141e+03     1.1324     -0.620     -0.899    24.7450 0.0000e+00
     -0.632 1.6934e-08     5.8105     66.709     16.177  16.066418    -0.0089      8.561   127.0835 1.7856e+03     1.3283     -0.621     -0.900    24.7262 0.0000e+00
     -0.632 1.5395e-09     5.6993     66.346     14.382  14.280124    -0.0309      8.562   129.1461 1.7521e+03     1.3694     -0.620     -0.899    24.7078 0.0000e+00
     -0.632 1.3995e-10     5.6256     66.043     10.604  10.526283    -0.0295      8.562   132.5726 1.7148e+03     1.4241     -0.620     -0.900    24.6881 0.0000e+00
     -0.632 1.2723e-11     5.5792     65.799      7.811   7.751450    -0.0091      8.562   137.2801 1.6847e+03     1.4426     -0.619     -0.899    24.6689 0.0000e+00
     -0.632 1.1566e-12     5.5445     65.598     10.918  10.829358    -0.0179      8.564   141.7536 1.6818e+03     1.3549     -0.620     -0.898    24.6536 0.0000e+00
     -0.632 1.0515e-13     5.5174     65.412     17.722  17.573353    -0.0191      8.566   146.3955 1.6855e+03     1.3540     -0.620     -0.900    24.6382 0.0000e+00
     -0.632 9.5590e-15     5.4931     65.243     23.455  23.251414    -0.0070      8.566   151.8484 1.6425e+03     1.4655     -0.620     -0.899    24.6229 0.0000e+00
     -0.632 8.6900e-16     5.4745     65.072     29.023  28.765364    -0.0215      8.566   156.9207 1.5542e+03     1.4735     -0.620     -0.899    24.6095 0.0000e+00
     -0.632 7.9000e-17     5.4612     64.901     33.489  33.188052    -0.0445      8.565   161.1769 1.4767e+03     1.3145     -0.620     -0.900    24.5948 0.0000e+00
     -0.632 7.1820e-18     5.4458     64.762     33.965  33.657433    -0.0685      8.565   164.7639 1.4075e+03     1.1146     -0.620     -0.899    24.5771 0.0000e+00
     -0.632 6.5290e-19     5.4348     64.639     29.511  29.239093    -0.0701      8.565   167.4242 1.3043e+03     1.0717     -0.620     -0.899    24.5600 0.0000e+00
     -0.632 5.9355e-20     5.4224     64.529     22.986  22.768638    -0.0554      8.565   169.5097 1.1748e+03     1.1708     -0.620     -0.899    24.5485 0.0000e+00
     -0.632 5.3960e-21     5.4055     64.448     19.863  19.667608    -0.0734      8.565   170.1035 1.0052e+03     1.2200     -0.620     -0.899    24.5441 0.0000e+00
     -0.632 4.9052e-22     5.3960     64.362     21.004  20.789349    -0.0969      8.566   169.0979 8.6939e+02     1.2567     -0.620     -0.899    24.5420 0.0000e+00
     -0.632 4.4559e-23     5.3874     64.284     23.647  23.396690    -0.0984      8.567   167.8473 8.7576e+02     1.3076     -0.620     -0.899    24.5341 0.0000e+00
     -0.632 3.6853e-24     5.3765     64.219     23.873  23.611045    -0.0744      8.565   155.7576 9.0021e+02     1.4591     -0.620     -0.899    24.5204 0.0000e+00
     -0.632 -3.686e-24     5.3758     64.191     20.965  20.718034     0.0349      8.555   131.4182 8.5436e+02     2.5761     -0.620     -0.899    24.5029 0.0000e+00
     -0.632 -4.457e-23     5.3681     64.353     20.203  19.929446     0.1916      8.542   117.8271 8.7174e+02     4.4627     -0.620     -0.900    24.4850 0.0000e+00
     -0.632 -4.906e-22     5.3626     64.732     22.859  22.508092     0.2642      8.531   120.3156 1.0131e+03     5.5170     -0.620     -0.899    24.4664 0.0000e+00
     -0.632 -5.396e-21     5.3624     65.165     23.442  23.047647     0.2716      8.522   127.1771 1.1137e+03     5.6565     -0.620     -0.899    24.4499 0.0000e+00
     -0.632 -5.936e-20     5.3539     65.476     20.487  20.114054     0.2226      8.518   132.9031 1.0467e+03     4.8852     -0.621     -0.901    24.4129 0.0000e+00
     -0.632 -6.530e-19     5.3758     65.581     16.527  16.203629     0.0873      8.518   136.3771 8.0164e+02     3.3307     -0.620     -0.900    24.3290 0.0000e+00
     -0.632 -7.183e-18     5.4237     65.478     12.995  12.725352    -0.0152      8.517   138.7223 4.7535e+02     2.4372     -0.620     -0.899    24.2323 0.0000e+00
     -0.632 -7.901e-17     5.4741     65.196     10.875  10.637402    -0.0181      8.516   140.6948 2.5575e+02     2.3835     -0.620     -0.899    24.1480 0.0000e+00
     -0.632 -8.691e-16     5.5108     64.826      9.814   9.591016     0.0106      8.515   142.1586 1.9053e+02     2.4757     -0.620     -0.899    24.0702 0.0000e+00
     -0.632 -9.560e-15     5.5255     64.439      8.771   8.564958     0.0067      8.514   142.4824 1.9060e+02     2.5275     -0.619     -0.898    24.0016 0.0000e+00
