Data/DataNotYetUploadedToEDI/Raw_CTD/RawDownloads/070323_fcr50_S8188025.cnv
* Sea-Bird SBE19plus  Data File:
* FileName = C:\R\Reservoirs\Data\DataNotYetUploadedToEDI\Raw_CTD\RawDownloads\062623_fcr50_S8188_0025.hex
* Software version 2.8.0.119
* Temperature SN = 8188
* Conductivity SN = 8188
* System UpLoad Time = Jul 03 2023 16:37:15
* <ApplicationData>
* <Seaterm232>
# nquan = 16
# nvalues = 1531                        
# units = specified
# name 0 = depFM: Depth [fresh water, m]
# name 1 = dz/dtM: Descent Rate [m/s]
# name 2 = sbeox0Mg/L: Oxygen, SBE 43 [mg/l]
# name 3 = sbeox0PS: Oxygen, SBE 43 [% saturation]
# name 4 = specc: Specific Conductance [uS/cm]
# name 5 = c0uS/cm: Conductivity [uS/cm]
# name 6 = wetCDOM: Fluorescence, WET Labs CDOM [mg/m^3]
# name 7 = flECO-AFL: Fluorescence, WET Labs ECO-AFL/FL [mg/m^3]
# name 8 = flECO-AFL1: Fluorescence, WET Labs ECO-AFL/FL, 2 [mg/m^3]
# name 9 = flECO-AFL2: Fluorescence, WET Labs ECO-AFL/FL, 3 [mg/m^3]
# name 10 = par/sat/log: PAR/Logarithmic, Satlantic
# name 11 = turbWETntu0: Turbidity, WET Labs ECO [NTU]
# name 12 = prdM: Pressure, Strain Gauge [db]
# name 13 = prdE: Pressure, Strain Gauge [psi]
# name 14 = tv290C: Temperature [ITS-90, deg C]
# name 15 = flag:  0.000e+00
# span 0 =     -0.676,      9.532       
# span 1 =     -0.415,      0.121       
# span 2 =    -2.3994,    14.4622       
# span 3 =    -21.628,    178.852       
# span 4 =     -0.267,    245.432       
# span 5 =  -0.291953, 175.321297       
# span 6 =    -4.5000,    15.6600       
# span 7 =    -0.2490,     3.8023       
# span 8 =    -2.1300,     1.9170       
# span 9 =    -2.0304,    20.7270       
# span 10 = 1.1572e-01, 1.1473e+03      
# span 11 =    -0.6789,   215.3793      
# span 12 =     -0.663,      9.347      
# span 13 =     -0.962,     13.557      
# span 14 =    10.6756,    29.7535      
# span 15 = 0.0000e+00, 0.0000e+00      
# interval = seconds: 0.25
# start_time = Jul 03 2023 12:55:25 [Instrument's time stamp, header]
# bad_flag = -9.990e-29
*END*
[from data line 181]
     -0.103      0.001    13.2183    162.145     47.594  48.550456     6.7500     3.2911     0.3834    17.4699 5.6856e+02    21.9865     -0.101     -0.146    26.0982 0.0000e+00
     -0.103      0.000    13.1962    161.951     47.699  48.638459     6.7500     3.2949     0.3834    17.4699 4.9367e+02    22.0316     -0.100     -0.146    26.0790 0.0000e+00
     -0.103     -0.002    13.1794    161.805     47.790  48.718932     6.7500     3.2949     0.3834    17.8083 5.6181e+02    22.0467     -0.101     -0.146    26.0535 0.0000e+00
     -0.104     -0.003    13.1658    161.717     47.860  48.783606     6.7500     3.1805     0.3834    17.8083 5.4901e+02    21.0246     -0.101     -0.147    26.0247 0.0000e+00
     -0.105     -0.004    13.1537    161.679     47.920  48.843784     6.7500     3.1728     0.3834    17.8083 5.6708e+02    20.9795     -0.103     -0.149    25.9987 0.0000e+00
     -0.106     -0.005    13.1425    161.672     47.977  48.911547     6.7500     3.1690     0.3834    17.8083 5.7240e+02    21.0397     -0.104     -0.151    25.9796 0.0000e+00
     -0.107     -0.005    13.1338    161.688     48.027  48.979204     6.8400     3.1652     0.3408    17.7237 5.6327e+02    20.9495     -0.105     -0.153    25.9666 0.0000e+00
     -0.108     -0.005    13.1285    161.720     48.047  49.019218     6.8400     3.0164     0.3408    17.7237 5.6807e+02    20.5286     -0.106     -0.155    25.9587 0.0000e+00
     -0.110     -0.005    13.1255    161.760     48.023  49.010552     6.8400     3.0240     0.3408    17.7237 5.6733e+02    20.4685     -0.108     -0.157    25.9580 0.0000e+00
     -0.111     -0.004    13.1227    161.833     47.957  48.950895     6.8400     3.0660     0.3408    17.7237 5.6733e+02    20.5587     -0.109     -0.158    25.9674 0.0000e+00
     -0.112     -0.003    13.1197    161.972     47.873  48.861994     6.8400     3.0508     0.3834    17.3430 5.7029e+02    20.4986     -0.110     -0.160    25.9854 0.0000e+00
     -0.113     -0.002    13.1175    162.154     47.799  48.775633     6.8400     3.1156     0.3834    17.3430 5.6943e+02    22.9034     -0.111     -0.161    26.0058 0.0000e+00
     -0.113     -0.001    13.1169    162.313     47.735  48.694543     6.8400     3.1232     0.3834    17.3430 5.7129e+02    22.8733     -0.111     -0.161    26.0219 0.0000e+00
     -0.113      0.000    13.1210    162.403     47.667  48.605028     6.8400     3.0851     0.3834    17.3430 5.6868e+02    22.9635     -0.111     -0.161    26.0295 0.0000e+00
     -0.113      0.001    13.1330    162.399     47.595  48.506995     6.6600     3.0889     0.4260    17.1738 5.7042e+02    22.9034     -0.111     -0.161    26.0268 0.0000e+00
     -0.113      0.002    13.1504    162.279     47.523  48.402049     6.6600     3.2949     0.4260    17.1738 5.6646e+02    22.2421     -0.110     -0.160    26.0152 0.0000e+00
     -0.112      0.003    13.1674    162.038     47.453  48.291926     6.6600     3.2796     0.4260    17.1738 5.6683e+02    22.2721     -0.110     -0.159    25.9982 0.0000e+00
     -0.111      0.003    13.1797    161.686     47.390  48.182931     6.6600     3.2873     0.4260    17.1738 5.6278e+02    22.2120     -0.109     -0.158    25.9775 0.0000e+00
     -0.110      0.004    13.1855    161.263     47.339  48.083648     6.6600     3.3025     0.4260    17.1738 5.6156e+02    22.1819     -0.107     -0.156    25.9516 0.0000e+00
     -0.109      0.004    13.1837    160.842     47.304  47.999306     6.6600     3.3521     0.4260    17.8083 5.5694e+02    21.5356     -0.106     -0.155    25.9185 0.0000e+00
     -0.107      0.005    13.1739    160.487     47.278  47.927230     6.6600     3.3445     0.4260    17.8083 5.5357e+02    21.4304     -0.105     -0.153    25.8777 0.0000e+00
     -0.106      0.005    13.1566    160.215     47.257  47.864049     6.6600     3.3407     0.4260    17.8083 5.5140e+02    21.5657     -0.104     -0.151    25.8304 0.0000e+00
     -0.105      0.006    13.1343    160.022     47.239  47.806785     6.6600     3.3597     0.4260    17.8083 5.4830e+02    21.5206     -0.103     -0.149    25.7797 0.0000e+00
     -0.103      0.006    13.1121    159.915     47.220  47.752057     6.7500     3.5390     0.3834    17.8506 5.4639e+02    20.0627     -0.101     -0.147    25.7287 0.0000e+00
     -0.102      0.006    13.0948    159.882     47.195  47.695177     6.7500     3.5352     0.3834    17.8506 5.5369e+02    20.0026     -0.100     -0.144    25.6805 0.0000e+00
     -0.100      0.006    13.0832    159.881     47.165  47.636829     6.7500     3.5581     0.3834    17.8506 5.1931e+02    20.0928     -0.098     -0.142    25.6360 0.0000e+00
     -0.099      0.006    13.0772    159.856     47.139  47.585233     6.7500     3.5467     0.3834    17.8506 5.6413e+02    20.0326     -0.097     -0.140    25.5952 0.0000e+00
     -0.097      0.006    13.0774    159.795     47.124  47.546444     6.7500     3.6001     0.3834    17.8083 5.6376e+02    18.8453     -0.095     -0.138    25.5578 0.0000e+00
     -0.096      0.005    13.0829    159.731     47.123  47.522009     6.7500     3.5886     0.3834    17.8083 5.6022e+02    18.8453     -0.094     -0.136    25.5238 0.0000e+00
     -0.095      0.005    13.0900    159.707     47.132  47.509374     6.7500     3.6306     0.3834    17.8083 5.6059e+02    18.8152     -0.093     -0.134    25.4936 0.0000e+00
     -0.093      0.005    13.0943    159.746     47.142  47.501205     6.7500     3.6039     0.3834    17.8083 4.9993e+02    18.8753     -0.092     -0.132    25.4672 0.0000e+00
     -0.092      0.005    13.0952    159.860     47.145  47.491359     6.7500     3.5314     0.3408    17.7660 5.0936e+02    18.3493     -0.090     -0.130    25.4426 0.0000e+00
     -0.090      0.005    13.0959    160.038     47.147  47.485135     6.7500     3.5505     0.3408    17.7660 5.1213e+02    18.3943     -0.089     -0.128    25.4177 0.0000e+00
     -0.089      0.006    13.0996    160.244     47.155  47.488802     6.7500     3.5314     0.3408    17.7660 4.8411e+02    18.3943     -0.087     -0.127    25.3941 0.0000e+00
     -0.088      0.006    13.1074    160.428     47.168  47.499373     6.7500     3.5123     0.3408    17.7660 5.4545e+02    18.2290     -0.086     -0.125    25.3751 0.0000e+00
     -0.086      0.006    13.1200    160.539     47.176  47.507778     6.7500     3.4856     0.3408    17.7660 4.6645e+02    19.2360     -0.085     -0.123    25.3615 0.0000e+00
     -0.085      0.007    13.1368    160.541     47.171  47.504368     6.8400     3.4856     0.3408    17.7660 5.4485e+02    19.0707     -0.083     -0.121    25.3527 0.0000e+00
     -0.083      0.008    13.1549    160.406     47.154  47.492197     6.8400     3.4704     0.3408    17.7660 4.4255e+02    19.1459     -0.081     -0.118    25.3478 0.0000e+00
     -0.081      0.010    13.1705    160.094     47.134  47.479910     6.8400     3.4818     0.3408    17.7660 5.2795e+02    19.0557     -0.079     -0.115    25.3457 0.0000e+00
     -0.078      0.012    13.1796    159.583     47.105  47.460267     6.8400     3.5924     0.3408    17.7660 4.6443e+02    19.6268     -0.077     -0.111    25.3455 0.0000e+00
     -0.075      0.015    13.1793    158.900     47.055  47.416142     6.6600     3.5848     0.3408    17.6391 4.9906e+02    19.6719     -0.074     -0.107    25.3476 0.0000e+00
     -0.071      0.019    13.1670    158.111     46.974  47.331805     6.6600     3.6039     0.3408    17.6391 4.9474e+02    19.5817     -0.070     -0.102    25.3525 0.0000e+00
     -0.067      0.023    13.1394    157.316     46.845  47.188730     6.6600     3.5886     0.3408    17.6391 4.8148e+02    19.6268     -0.065     -0.095    25.3607 0.0000e+00
     -0.061      0.029    13.0953    156.609     46.656  46.972543     6.6600     3.6802     0.3408    17.6391 5.0947e+02    19.2962     -0.059     -0.086    25.3700 0.0000e+00
     -0.053      0.037    13.0377    156.042     46.394  46.671171     6.7500     3.6726     0.3408    17.3853 4.6940e+02    19.2962     -0.052     -0.076    25.3759 0.0000e+00
     -0.043      0.045    12.9736    155.620     46.031  46.255769     6.7500     3.6840     0.3408    17.3853 5.0375e+02    19.2661     -0.043     -0.062    25.3732 0.0000e+00
     -0.031      0.055    12.9119    155.306     45.513  45.671045     6.7500     3.6764     0.3408    17.3853 4.3777e+02    19.2962     -0.031     -0.045    25.3584 0.0000e+00
     -0.016      0.065    12.8606    155.018     44.793  44.866092     6.7500     3.6230     0.3408    17.3853 4.2392e+02    17.5076     -0.016     -0.023    25.3297 0.0000e+00
      0.002      0.074    12.8241    154.664     43.939  43.903658     6.7500     3.5963     0.3408    17.3853 3.5868e+02    17.4925      0.001      0.002    25.2870 0.0000e+00
      0.023      0.082    12.8027    154.161     43.130  42.964969     6.7500     3.6153     0.3408    17.1738 2.7485e+02    17.5677      0.022      0.033    25.2300 0.0000e+00
      0.047      0.086    12.7939    153.406     42.502  42.193970     6.7500     3.6153     0.3408    17.1738 2.1845e+02    17.4925      0.046      0.066    25.1572 0.0000e+00
      0.071      0.088    12.7924    152.230     42.102  41.650522     6.7500     2.9363     0.3408    17.1738 1.7245e+02    10.6238      0.070      0.102    25.0627 0.0000e+00
      0.096      0.085    12.7921    150.452     41.938  41.356106     6.7500     2.9249     0.3408    17.1738 1.3778e+02    10.5636      0.094      0.137    24.9393 0.0000e+00
      0.119      0.079    12.7861    147.954     41.974  41.285689     6.0300     2.9363     0.2556    13.1130 1.2020e+02    10.5937      0.117      0.169    24.7873 0.0000e+00
      0.139      0.070    12.7630    144.706     42.144  41.380869     6.0300     2.9363     0.2556    13.1130 1.0680e+02    10.6087      0.136      0.198    24.6183 0.0000e+00
      0.156      0.060    12.7049    140.793     42.401  41.595707     6.0300     2.9096     0.2556    13.1130 1.0760e+02     8.5195      0.153      0.222    24.4483 0.0000e+00
      0.169      0.051    12.5924    136.463     42.699  41.882499     6.0300     2.9439     0.2556    13.1130 1.0676e+02     8.4294      0.166      0.241    24.2938 0.0000e+00
      0.180      0.042    12.4119    132.090     42.986  42.183008     5.2200     2.9325     0.1704     8.1216 1.0646e+02     8.5045      0.176      0.256    24.1705 0.0000e+00
      0.189      0.034    12.1586    128.132     43.215  42.446617     5.2200     2.9325     0.1704     8.1216 1.0627e+02     8.3843      0.185      0.268    24.0869 0.0000e+00
      0.196      0.028    11.8400    125.068     43.362  42.638625     5.2200     3.0393     0.1704     8.1216 1.0643e+02     8.3392      0.192      0.278    24.0437 0.0000e+00
      0.201      0.023    11.4780    123.253     43.428  42.752781     5.2200     3.0317     0.1704     8.1216 1.0467e+02     8.2941      0.197      0.287    24.0369 0.0000e+00
      0.206      0.020    11.1059    122.832     43.444  42.811607     5.1300     3.0279     0.2130     7.6140 1.0369e+02     8.1739      0.202      0.294    24.0598 0.0000e+00
      0.211      0.017    10.7646    123.765     43.460  42.864470     5.1300     3.0355     0.2130     7.6140 1.0315e+02     8.3091      0.207      0.300    24.1040 0.0000e+00
      0.214      0.015    10.4963    125.833     43.516  42.951225     5.1300     3.1881     0.2130     7.6140 1.0244e+02     8.0236      0.210      0.305    24.1593 0.0000e+00
      0.218      0.013    10.3327    128.666     43.613  43.077177     5.1300     3.1919     0.2130     7.6140 1.0140e+02     7.9785      0.213      0.310    24.2157 0.0000e+00
      0.221      0.012    10.2874    131.828     43.738  43.230347     5.1300     3.1843     0.2130     7.6140 9.9672e+01     8.0236      0.216      0.314    24.2661 0.0000e+00
      0.224      0.011    10.3569    134.927     43.868  43.386200     5.3100     3.1995     0.2130     8.6292 9.7487e+01     8.0536      0.219      0.318    24.3086 0.0000e+00
      0.226      0.009    10.5224    137.684     43.976  43.518936     5.3100     3.1385     0.2130     8.6292 9.6203e+01     8.0386      0.222      0.322    24.3457 0.0000e+00
      0.229      0.008    10.7522    139.964     44.069  43.634233     5.3100     3.1385     0.2130     8.6292 9.5703e+01     8.0987      0.224      0.325    24.3801 0.0000e+00
      0.231      0.007    11.0095    141.763     44.197  43.782651     5.3100     3.1003     0.2130     8.6292 9.5537e+01     7.9785      0.226      0.327    24.4132 0.0000e+00
      0.232      0.006    11.2617    143.143     44.383  43.993862     5.6700     3.1156     0.2130     9.8136 9.4937e+01     8.0085      0.227      0.329    24.4450 0.0000e+00
      0.233      0.005    11.4857    144.191     44.588  44.235031     5.6700     3.0393     0.2130     9.8136 9.5019e+01     7.5426      0.228      0.331    24.4743 0.0000e+00
      0.234      0.004    11.6705    144.989     44.773  44.465461     5.6700     3.0355     0.2130     9.8136 9.4875e+01     7.5125      0.229      0.332    24.4999 0.0000e+00
      0.235      0.003    11.8152    145.618     44.900  44.643571     5.6700     3.0431     0.2130     9.8136 9.5081e+01     7.5426      0.230      0.334    24.5244 0.0000e+00
      0.236      0.003    11.9236    146.160     44.940  44.733644     5.4900     3.0508     0.2556    11.5479 9.5226e+01     7.5726      0.231      0.335    24.5548 0.0000e+00
      0.236      0.003    12.0016    146.700     44.921  44.757720     5.4900     3.1270     0.2556    11.5479 9.4978e+01     8.0236      0.232      0.335    24.5970 0.0000e+00
      0.237      0.002    12.0563    147.310     44.891  44.761849     5.4900     3.0889     0.2556    11.5479 9.4937e+01     7.9484      0.232      0.336    24.6499 0.0000e+00
      0.238      0.002    12.0956    148.019     44.863  44.759024     5.4900     3.1080     0.2556    11.5479 9.4710e+01     8.1889      0.233      0.337    24.7078 0.0000e+00
      0.238      0.003    12.1281    148.804     44.832  44.744529     5.5800     3.1042     0.2556    12.3093 9.4648e+01     8.0085      0.233      0.338    24.7638 0.0000e+00
      0.239      0.003    12.1620    149.613     44.797  44.718461     5.5800     3.1156     0.2556    12.3093 9.4628e+01     7.7380      0.234      0.339    24.8123 0.0000e+00
      0.239      0.004    12.2041    150.371     44.757  44.679815     5.5800     3.1042     0.2556    12.3093 9.4525e+01     7.7530      0.235      0.340    24.8506 0.0000e+00
      0.240      0.004    12.2566    150.977     44.706  44.622246     5.5800     3.0927     0.2556    12.3093 9.4197e+01     7.8282      0.236      0.341    24.8783 0.0000e+00
      0.242      0.005    12.3175    151.324     44.629  44.530404     5.5800     3.1156     0.2556    12.3093 9.3952e+01     7.7380      0.237      0.343    24.8964 0.0000e+00
      0.243      0.006    12.3824    151.346     44.513  44.389703     5.6700     3.1919     0.2556    11.4633 9.3585e+01     7.4674      0.238      0.345    24.9056 0.0000e+00
      0.245      0.007    12.4449    151.051     44.373  44.214139     5.6700     3.2148     0.2556    11.4633 9.2997e+01     7.5726      0.240      0.347    24.9069 0.0000e+00
      0.247      0.008    12.4966    150.511     44.237  44.038126     5.6700     3.1995     0.2556    11.4633 9.1196e+01     7.5726      0.242      0.350    24.9000 0.0000e+00
      0.249      0.009    12.5292    149.814     44.108  43.872182     5.6700     3.1766     0.2556    11.4633 8.8579e+01     7.5726      0.244      0.354    24.8831 0.0000e+00
      0.252      0.010    12.5376    149.019     43.961  43.695831     5.6700     3.1576     0.2130    10.8711 8.6393e+01     7.3472      0.247      0.357    24.8541 0.0000e+00
      0.254      0.011    12.5225    148.146     43.774  43.481857     5.6700     3.1766     0.2130    10.8711 8.6675e+01     7.3622      0.249      0.361    24.8136 0.0000e+00
      0.257      0.012    12.4883    147.173     43.535  43.210845     5.6700     3.1881     0.2130    10.8711 8.6449e+01     7.3472      0.252      0.365    24.7679 0.0000e+00
