Data/DataNotYetUploadedToEDI/Raw_CTD/RawDownloads/070325_fcr40_S7809002.cnv
* Sea-Bird SBE19plus  Data File:
* FileName = C:\R\Reservoirs\Data\DataNotYetUploadedToEDI\Raw_CTD\RawDownloads\070325_fcr50_S7809_0002.hex
* Software version 2.8.0.119
* Temperature SN = 7809
* Conductivity SN = 7809
* System UpLoad Time = Jul 07 2025 16:17:54
* <ApplicationData>
* <Seaterm232>
# nquan = 15
# nvalues = 2585                        
# units = specified
# name 0 = depFM: Depth [fresh water, m]
# name 1 = dz/dtM: Descent Rate [m/s]
# name 2 = sbeox0Mg/L: Oxygen, SBE 43 [mg/l]
# name 3 = sbeox0PS: Oxygen, SBE 43 [% saturation]
# name 4 = specc: Specific Conductance [uS/cm]
# name 5 = c0uS/cm: Conductivity [uS/cm]
# name 6 = flECO-AFL: Fluorescence, WET Labs ECO-AFL/FL [mg/m^3]
# name 7 = ph: pH
# name 8 = orp: Oxidation Reduction Potential [mV]
# name 9 = par/sat/log: PAR/Logarithmic, Satlantic
# name 10 = turbWETntu0: Turbidity, WET Labs ECO [NTU]
# name 11 = prdM: Pressure, Strain Gauge [db]
# name 12 = prdE: Pressure, Strain Gauge [psi]
# name 13 = tv290C: Temperature [ITS-90, deg C]
# name 14 = flag:  0.000e+00
# span 0 =     -0.656,      5.377       
# span 1 =     -0.445,      0.134       
# span 2 =     0.0319,     9.6134       
# span 3 =      0.320,    113.318       
# span 4 =      0.821,     70.100       
# span 5 =   0.825241,  52.954117       
# span 6 =    -0.3076,    21.5089       
# span 7 =      6.883,      8.992       
# span 8 = -1240.7455,   215.6370       
# span 9 = 3.1619e-01, 2.5093e+03       
# span 10 =    -0.0185,   361.0258      
# span 11 =     -0.644,      5.274      
# span 12 =     -0.934,      7.649      
# span 13 =    11.0672,    27.3317      
# span 14 = 0.0000e+00, 0.0000e+00      
# interval = seconds: 0.25
# start_time = Jul 03 2025 10:11:39 [Instrument's time stamp, header]
# bad_flag = -9.990e-29
*END*
[from data line 1157]
      1.995      0.005     8.4754     91.240     37.448  33.351267     4.0105      8.830   198.8936 5.1266e+01     5.6819      1.956      2.836    19.5692 0.0000e+00
      1.996      0.006     8.4458     91.043     37.448  33.344258     4.0282      8.828   198.9167 5.1069e+01     5.7747      1.957      2.838    19.5526 0.0000e+00
      1.997      0.007     8.4199     90.850     37.443  33.337914     4.0155      8.828   198.8367 5.1005e+01     5.6892      1.958      2.840    19.5428 0.0000e+00
      1.999      0.008     8.3916     90.654     37.448  33.338008     3.9735      8.828   198.8735 5.1126e+01     5.6052      1.960      2.843    19.5381 0.0000e+00
      2.001      0.008     8.3713     90.427     37.474  33.345394     3.9451      8.828   199.1031 5.1145e+01     5.6127      1.962      2.846    19.5256 0.0000e+00
      2.004      0.008     8.3592     90.140     37.512  33.363753     3.9634      8.828   199.2906 5.1439e+01     5.7120      1.966      2.851    19.5094 0.0000e+00
      2.007      0.008     8.3390     89.840     37.515  33.369623     4.0030      8.829   199.3341 5.1140e+01     5.7811      1.969      2.855    19.5148 0.0000e+00
      2.009      0.007     8.3215     89.561     37.474  33.352942     3.9986      8.830   199.3705 5.0914e+01     5.7310      1.971      2.858    19.5189 0.0000e+00
      2.010      0.007     8.3090     89.319     37.449  33.352419     3.9610      8.830   199.4727 5.1047e+01     5.6522      1.971      2.859    19.4854 0.0000e+00
      2.011      0.006     8.2843     89.142     37.448  33.363328     3.9473      8.829   199.5372 5.0812e+01     5.6137      1.972      2.860    19.4538 0.0000e+00
      2.013      0.006     8.2549     89.053     37.448  33.357977     3.9497      8.828   199.5477 5.0889e+01     5.6072      1.974      2.863    19.4608 0.0000e+00
      2.014      0.006     8.2239     89.079     37.460  33.351153     3.9486      8.827   199.5145 5.0806e+01     5.6080      1.975      2.865    19.4959 0.0000e+00
      2.016      0.006     8.1940     89.179     37.477  33.344233     3.9507      8.825   199.4802 5.0733e+01     5.5549      1.977      2.868    19.5296 0.0000e+00
      2.018      0.006     8.1749     89.245     37.494  33.337732     3.9580      8.825   199.5632 5.1079e+01     5.5124      1.979      2.871    19.5509 0.0000e+00
      2.020      0.005     8.1655     89.230     37.518  33.335958     3.9787      8.826   199.6576 5.1107e+01     5.5720      1.981      2.874    19.5427 0.0000e+00
      2.022      0.005     8.1744     89.120     37.526  33.322751     3.9851      8.826   199.6742 5.1121e+01     5.5575      1.983      2.876    19.5102 0.0000e+00
      2.023      0.004     8.1939     88.896     37.519  33.304911     3.9516      8.825   199.6783 5.0969e+01     5.4060      1.984      2.878    19.4819 0.0000e+00
      2.023      0.004     8.2050     88.552     37.537  33.310566     3.9156      8.825   199.7937 5.0908e+01     5.3110      1.984      2.878    19.4541 0.0000e+00
      2.023      0.005     8.2091     88.103     37.573  33.327672     3.9079      8.825   199.9506 5.1194e+01     5.4001      1.984      2.877    19.4205 0.0000e+00
      2.024      0.005     8.2055     87.582     37.581  33.321387     3.9252      8.826   199.9406 5.1148e+01     5.5949      1.985      2.879    19.3882 0.0000e+00
      2.027      0.006     8.1866     87.085     37.560  33.297997     3.9326      8.826   199.9310 5.1209e+01     5.6168      1.987      2.882    19.3779 0.0000e+00
      2.029      0.006     8.1555     86.700     37.565  33.298631     3.9231      8.824   200.0065 5.0889e+01     5.4595      1.990      2.886    19.3713 0.0000e+00
      2.031      0.006     8.1177     86.377     37.605  33.329048     3.9269      8.822   199.9922 5.0804e+01     5.3333      1.992      2.889    19.3448 0.0000e+00
      2.032      0.006     8.0709     86.104     37.631  33.348544     3.9369      8.822   200.0164 5.0784e+01     5.3548      1.993      2.891    19.3233 0.0000e+00
      2.034      0.006     8.0188     85.960     37.626  33.344024     3.9604      8.821   200.1274 5.0314e+01     5.5143      1.994      2.893    19.3209 0.0000e+00
      2.035      0.006     7.9886     85.897     37.615  33.337841     3.9699      8.820   200.2154 5.0721e+01     5.5537      1.995      2.894    19.3198 0.0000e+00
      2.036      0.007     7.9629     85.867     37.603  33.337226     3.9260      8.819   200.3074 5.0911e+01     5.4215      1.996      2.896    19.3078 0.0000e+00
      2.037      0.009     7.9302     85.894     37.588  33.336601     3.9050      8.818   200.2928 5.0555e+01     5.4193      1.997      2.897    19.3026 0.0000e+00
      2.040      0.009     7.9225     85.960     37.580  33.330304     3.9238      8.817   200.1249 5.0385e+01     5.5604      1.999      2.899    19.3046 0.0000e+00
      2.043      0.009     7.9179     86.021     37.593  33.324538     3.9451      8.817   200.0835 5.0263e+01     5.5910      2.003      2.905    19.3061 0.0000e+00
      2.048      0.007     7.9101     86.044     37.628  33.330309     3.9708      8.818   200.2225 4.9960e+01     5.4810      2.008      2.913    19.3213 0.0000e+00
      2.051      0.004     7.9103     85.989     37.653  33.336598     3.9679      8.818   200.3435 4.9474e+01     5.3921      2.012      2.919    19.3454 0.0000e+00
      2.052      0.003     7.9169     85.831     37.654  33.337118     3.9687      8.817   200.3419 4.9673e+01     5.4386      2.013      2.920    19.3518 0.0000e+00
      2.050      0.003     7.9278     85.609     37.649  33.336597     4.0059      8.816   200.2033 4.9965e+01     5.5318      2.010      2.915    19.3242 0.0000e+00
      2.046      0.005     7.9381     85.378     37.651  33.330302     4.0261      8.816   200.1293 4.9972e+01     5.6303      2.005      2.909    19.2782 0.0000e+00
      2.045      0.007     7.9392     85.226     37.676  33.324434     4.0051      8.816   200.1361 4.9924e+01     5.7076      2.003      2.906    19.2549 0.0000e+00
      2.049      0.010     7.9209     85.195     37.723  33.329064     3.9687      8.816   200.1133 4.9484e+01     5.6461      2.008      2.913    19.2588 0.0000e+00
      2.057      0.011     7.8975     85.189     37.749  33.322782     3.9691      8.815   200.1980 4.9171e+01     5.5696      2.018      2.927    19.2740 0.0000e+00
      2.064      0.010     7.8732     85.113     37.750  33.311883     4.0010      8.815   200.2999 4.8897e+01     5.5344      2.025      2.938    19.2719 0.0000e+00
      2.066      0.009     7.8627     84.890     37.759  33.324154     3.9969      8.814   200.3123 4.9138e+01     5.4602      2.027      2.940    19.2249 0.0000e+00
      2.065      0.006     7.8759     84.514     37.766  33.344280     3.9600      8.813   200.4338 4.9603e+01     5.3887      2.025      2.936    19.1666 0.0000e+00
      2.063      0.003     7.8833     84.132     37.776  33.364917     3.9463      8.811   200.5648 4.9651e+01     5.4218      2.023      2.934    19.1248 0.0000e+00
      2.063      0.002     7.8819     83.880     37.791  33.383362     3.9562      8.810   200.5200 4.9687e+01     5.5527      2.023      2.934    19.1082 0.0000e+00
      2.064      0.003     7.8621     83.795     37.778  33.376970     3.9639      8.809   200.4939 4.9494e+01     5.6053      2.025      2.936    19.1192 0.0000e+00
      2.066      0.005     7.8156     83.853     37.746  33.351085     3.9484      8.808   200.5936 4.9498e+01     5.5109      2.027      2.939    19.1424 0.0000e+00
      2.068      0.005     7.7726     83.973     37.726  33.324151     3.9090      8.807   200.6926 4.9588e+01     5.4369      2.028      2.941    19.1620 0.0000e+00
      2.070      0.005     7.7489     84.038     37.720  33.305073     3.8872      8.807   200.7447 4.9225e+01     5.5300      2.030      2.944    19.1630 0.0000e+00
      2.071      0.005     7.7406     84.006     37.738  33.310728     3.9021      8.806   200.7931 4.8618e+01     5.6455      2.031      2.946    19.1700 0.0000e+00
      2.072      0.005     7.7461     83.866     37.758  33.329073     3.9309      8.805   200.8471 4.8684e+01     5.6039      2.032      2.947    19.1813 0.0000e+00
      2.073      0.005     7.7662     83.591     37.749  33.336549     3.9356      8.804   200.8819 4.8827e+01     5.4717      2.033      2.948    19.1635 0.0000e+00
      2.075      0.006     7.7759     83.217     37.731  33.337690     3.9089      8.803   200.8699 4.8679e+01     5.4472      2.035      2.950    19.1413 0.0000e+00
      2.076      0.007     7.7744     82.831     37.727  33.342897     3.8742      8.803   200.8743 4.8849e+01     5.5126      2.036      2.952    19.1242 0.0000e+00
      2.077      0.008     7.7655     82.582     37.719  33.336076     3.8648      8.802   200.9344 4.9002e+01     5.5456      2.037      2.955    19.1213 0.0000e+00
      2.080      0.009     7.7321     82.567     37.706  33.318661     3.8878      8.800   200.9950 4.9101e+01     5.5725      2.040      2.958    19.1510 0.0000e+00
      2.083      0.010     7.6920     82.722     37.722  33.322653     3.8617      8.800   201.0040 4.8585e+01     5.5988      2.043      2.963    19.1808 0.0000e+00
      2.087      0.010     7.6489     82.958     37.734  33.320886     3.7819      8.800   200.9576 4.8102e+01     5.6933      2.046      2.968    19.1884 0.0000e+00
      2.089      0.010     7.6206     83.232     37.718  33.297280     3.7544      8.800   200.9505 4.8016e+01     5.8263      2.048      2.971    19.1871 0.0000e+00
      2.091      0.010     7.6253     83.526     37.716  33.290993     3.7796      8.799   201.0039 4.7831e+01     5.8746      2.050      2.974    19.1815 0.0000e+00
      2.094      0.010     7.6446     83.806     37.737  33.308314     3.7698      8.798   201.0878 4.7848e+01     5.7646      2.054      2.979    19.1649 0.0000e+00
      2.096      0.010     7.6709     84.016     37.749  33.316370     3.7112      8.797   201.1903 4.7729e+01     5.5209      2.056      2.982    19.1465 0.0000e+00
      2.098      0.010     7.6983     84.137     37.766  33.324954     3.6859      8.797   201.2972 4.7622e+01     5.4560      2.058      2.984    19.1331 0.0000e+00
      2.101      0.009     7.7270     84.186     37.798  33.348649     3.7135      8.797   201.4331 4.7607e+01     5.5611      2.061      2.989    19.1271 0.0000e+00
      2.104      0.008     7.7560     84.151     37.792  33.349083     3.7127      8.797   201.4573 4.7627e+01     5.4936      2.065      2.993    19.1284 0.0000e+00
      2.106      0.008     7.7758     84.017     37.753  33.330211     3.6594      8.796   201.3320 4.7909e+01     5.3563      2.067      2.996    19.1271 0.0000e+00
      2.108      0.009     7.7870     83.806     37.716  33.310817     3.6105      8.794   201.2945 4.7895e+01     5.3366      2.067      2.998    19.1168 0.0000e+00
      2.109      0.009     7.7948     83.580     37.709  33.304946     3.6121      8.793   201.3480 4.7665e+01     5.3925      2.068      3.000    19.1042 0.0000e+00
      2.111      0.009     7.7910     83.393     37.738  33.322665     3.6464      8.792   201.3764 4.7268e+01     5.5195      2.070      3.002    19.1101 0.0000e+00
      2.114      0.010     7.7736     83.258     37.761  33.334720     3.6502      8.792   201.4655 4.6845e+01     5.5400      2.074      3.007    19.1394 0.0000e+00
      2.118      0.011     7.7481     83.148     37.758  33.323802     3.6166      8.792   201.5660 4.6753e+01     5.4006      2.077      3.012    19.1627 0.0000e+00
      2.121      0.012     7.7254     82.982     37.772  33.317527     3.5983      8.791   201.5590 4.6844e+01     5.3372      2.079      3.016    19.1582 0.0000e+00
      2.124      0.012     7.7108     82.643     37.810  33.322269     3.6123      8.789   201.5527 4.6946e+01     5.4223      2.083      3.021    19.1440 0.0000e+00
      2.127      0.011     7.6998     82.064     37.837  33.317658     3.6522      8.789   201.5758 4.6916e+01     5.5753      2.085      3.024    19.1338 0.0000e+00
      2.130      0.011     7.6938     81.290     37.872  33.325188     3.6811      8.788   201.5796 4.6924e+01     5.5819      2.088      3.029    19.1280 0.0000e+00
      2.132      0.012     7.6858     80.398     37.923  33.349838     3.6703      8.787   201.5984 4.6883e+01     5.4340      2.091      3.033    19.1064 0.0000e+00
      2.135      0.012     7.6647     79.386     37.960  33.361894     3.6713      8.787   201.6310 4.6686e+01     5.4274      2.094      3.036    19.0606 0.0000e+00
      2.138      0.012     7.6153     78.209     37.964  33.344056     3.7180      8.787   201.6309 4.6292e+01     5.5699      2.096      3.041    19.0183 0.0000e+00
      2.141      0.012     7.5440     76.902     37.961  33.324459     3.7693      8.787   201.5968 4.5850e+01     5.6539      2.100      3.046    18.9905 0.0000e+00
      2.145      0.012     7.4652     75.577     37.960  33.315254     3.7672      8.785   201.5630 4.6089e+01     5.5894      2.104      3.052    18.9677 0.0000e+00
      2.148      0.011     7.3780     74.298     37.945  33.296185     3.7260      8.784   201.5661 4.6326e+01     5.4390      2.106      3.055    18.9400 0.0000e+00
      2.151      0.010     7.2728     73.091     37.948  33.284218     3.7372      8.784   201.6340 4.6026e+01     5.4412      2.108      3.059    18.9101 0.0000e+00
      2.153      0.009     7.1488     72.022     37.980  33.297426     3.8106      8.785   201.6958 4.6172e+01     5.5476      2.111      3.062    18.8826 0.0000e+00
      2.155      0.008     7.0257     71.195     38.028  33.328986     3.8559      8.785   201.6255 4.5989e+01     5.5638      2.113      3.066    18.8762 0.0000e+00
      2.157      0.008     6.9065     70.656     38.064  33.348577     3.8362      8.784   201.4720 4.5457e+01     5.5348      2.116      3.069    18.8766 0.0000e+00
      2.159      0.007     6.7958     70.379     38.082  33.343955     3.7971      8.784   201.3880 4.5332e+01     5.5731      2.118      3.071    18.8510 0.0000e+00
      2.161      0.007     6.6952     70.315     38.095  33.336516     3.7994      8.783   201.3840 4.5364e+01     5.7530      2.118      3.073    18.8261 0.0000e+00
      2.162      0.007     6.6172     70.402     38.090  33.322048     3.8309      8.781   201.4237 4.5424e+01     5.8314      2.119      3.074    18.8194 0.0000e+00
      2.164      0.006     6.5710     70.583     38.073  33.295893     3.8283      8.780   201.4377 4.5294e+01     5.7007      2.122      3.078    18.8072 0.0000e+00
      2.166      0.006     6.5502     70.754     38.070  33.274039     3.7918      8.780   201.3820 4.5039e+01     5.6078      2.124      3.081    18.7728 0.0000e+00
      2.167      0.006     6.5516     70.787     38.074  33.248117     3.7730      8.780   201.2658 4.4714e+01     5.5962      2.125      3.082    18.7428 0.0000e+00
      2.169      0.006     6.5610     70.636     38.101  33.236198     3.7923      8.779   201.1519 4.4325e+01     5.5941      2.127      3.084    18.7378 0.0000e+00
      2.170      0.006     6.5824     70.292     38.167  33.256765     3.8256      8.779   201.1231 4.4035e+01     5.5827      2.127      3.086    18.7265 0.0000e+00
      2.171      0.006     6.6083     69.740     38.194  33.242973     3.8263      8.778   201.1757 4.3981e+01     5.4924      2.128      3.088    18.7003 0.0000e+00
      2.172      0.006     6.6165     68.961     38.179  33.196278     3.8079      8.776   201.1851 4.4081e+01     5.3901      2.130      3.090    18.6613 0.0000e+00
      2.174      0.007     6.6091     67.892     38.219  33.199685     3.8114      8.773   201.0651 4.4316e+01     5.3709      2.132      3.092    18.6121 0.0000e+00
      2.177      0.008     6.5847     66.494     38.277  33.220677     3.8198      8.770   201.0151 4.4210e+01     5.3624      2.135      3.096    18.5638 0.0000e+00
      2.179      0.009     6.5391     64.837     38.274  33.196277     3.8258      8.767   201.0966 4.3927e+01     5.2883      2.136      3.099    18.5134 0.0000e+00
