Data/DataNotYetUploadedToEDI/Raw_CTD/RawDownloads/070325_fcr10_S7809005.cnv
* Sea-Bird SBE19plus  Data File:
* FileName = C:\R\Reservoirs\Data\DataNotYetUploadedToEDI\Raw_CTD\RawDownloads\070325_fcr50_S7809_0005.hex
* Software version 2.8.0.119
* Temperature SN = 7809
* Conductivity SN = 7809
* System UpLoad Time = Jul 07 2025 16:20:36
* <ApplicationData>
* <Seaterm232>
# nquan = 15
# nvalues = 1440                        
# units = specified
# name 0 = depFM: Depth [fresh water, m]
# name 1 = dz/dtM: Descent Rate [m/s]
# name 2 = sbeox0Mg/L: Oxygen, SBE 43 [mg/l]
# name 3 = sbeox0PS: Oxygen, SBE 43 [% saturation]
# name 4 = specc: Specific Conductance [uS/cm]
# name 5 = c0uS/cm: Conductivity [uS/cm]
# name 6 = flECO-AFL: Fluorescence, WET Labs ECO-AFL/FL [mg/m^3]
# name 7 = ph: pH
# name 8 = orp: Oxidation Reduction Potential [mV]
# name 9 = par/sat/log: PAR/Logarithmic, Satlantic
# name 10 = turbWETntu0: Turbidity, WET Labs ECO [NTU]
# name 11 = prdM: Pressure, Strain Gauge [db]
# name 12 = prdE: Pressure, Strain Gauge [psi]
# name 13 = tv290C: Temperature [ITS-90, deg C]
# name 14 = flag:  0.000e+00
# span 0 =     -0.654,      2.217       
# span 1 =     -4.242,      0.208       
# span 2 =     0.0046,     8.0170       
# span 3 =      0.069,     99.194       
# span 4 =      0.940,    119.634       
# span 5 =   0.874484, 102.792022       
# span 6 =    -1.9693,    24.1865       
# span 7 =      7.312,      9.078       
# span 8 =   -37.8616,   374.9574       
# span 9 = 1.6244e+00, 2.6349e+03       
# span 10 =    -8.4485,   109.0394      
# span 11 =     -0.641,      2.175      
# span 12 =     -0.930,      3.154      
# span 13 =    17.9231,    26.6485      
# span 14 = 0.0000e+00, 0.0000e+00      
# interval = seconds: 0.25
# start_time = Jul 03 2025 11:01:41 [Instrument's time stamp, header]
# bad_flag = -9.990e-29
*END*
[from data line 482]
      0.820      0.012     7.4859     92.138     35.272  35.984571     1.6986      8.978   142.1441 5.0829e+01     8.6908      0.804      1.166    26.0227 0.0000e+00
      0.822      0.012     7.4885     92.195     35.267  35.978676     1.7561      8.978   142.2336 5.0639e+01     8.8319      0.806      1.169    26.0159 0.0000e+00
      0.825      0.012     7.4803     92.292     35.237  35.946873     1.7520      8.977   142.3815 5.0465e+01     8.8159      0.808      1.172    26.0096 0.0000e+00
      0.828      0.013     7.4736     92.369     35.209  35.917293     1.7243      8.976   142.5560 5.0372e+01     8.6689      0.812      1.177    26.0055 0.0000e+00
      0.831      0.014     7.4712     92.391     35.168  35.874824     1.7297      8.976   142.7079 5.0365e+01     8.6256      0.815      1.182    26.0040 0.0000e+00
      0.835      0.016     7.4776     92.347     35.110  35.814079     1.7586      8.976   142.8410 5.0354e+01     8.7026      0.819      1.188    26.0031 0.0000e+00
      0.839      0.018     7.4876     92.232     35.053  35.753861     1.7736      8.975   142.9611 5.0337e+01     8.7455      0.823      1.194    26.0017 0.0000e+00
      0.844      0.020     7.4952     92.073     35.020  35.717773     1.7611      8.975   143.0429 5.0308e+01     8.6323      0.828      1.200    25.9997 0.0000e+00
      0.850      0.021     7.4969     91.929     35.001  35.694979     1.7579      8.974   143.1411 5.0177e+01     8.4949      0.833      1.208    25.9982 0.0000e+00
      0.856      0.021     7.4942     91.870     34.979  35.668607     1.8095      8.973   143.2881 4.9942e+01     8.5191      0.840      1.218    25.9973 0.0000e+00
      0.863      0.020     7.4844     91.926     34.969  35.652689     1.8693      8.974   143.4434 4.9657e+01     8.5487      0.846      1.228    25.9950 0.0000e+00
      0.868      0.019     7.4702     92.054     34.950  35.629412     1.8896      8.974   143.5567 4.9366e+01     8.5112      0.852      1.236    25.9900 0.0000e+00
      0.872      0.018     7.4573     92.191     34.904  35.577501     1.8972      8.974   143.6248 4.9082e+01     8.5445      0.856      1.241    25.9846 0.0000e+00
      0.876      0.016     7.4513     92.301     34.865  35.532616     1.9194      8.974   143.7499 4.8790e+01     8.6775      0.859      1.246    25.9795 0.0000e+00
      0.879      0.014     7.4594     92.406     34.869  35.530832     1.9584      8.974   143.9519 4.8485e+01     8.8220      0.862      1.251    25.9714 0.0000e+00
      0.883      0.014     7.4724     92.526     34.899  35.555926     1.9941      8.974   144.0875 4.8187e+01     8.8224      0.866      1.256    25.9638 0.0000e+00
      0.887      0.013     7.4856     92.596     34.929  35.582226     1.9856      8.973   144.0993 4.7930e+01     8.6825      0.870      1.262    25.9595 0.0000e+00
      0.890      0.013     7.4945     92.570     34.945  35.595022     1.9304      8.973   144.0945 4.7745e+01     8.5995      0.873      1.266    25.9528 0.0000e+00
      0.893      0.013     7.5022     92.513     34.935  35.583746     1.8914      8.973   144.2014 4.7652e+01     8.6727      0.876      1.271    25.9433 0.0000e+00
      0.896      0.012     7.5166     92.508     34.925  35.572784     1.9049      8.973   144.3599 4.7607e+01     8.8155      0.879      1.275    25.9348 0.0000e+00
      0.900      0.012     7.5256     92.556     34.944  35.589374     1.9194      8.973   144.4621 4.7545e+01     8.8917      0.883      1.280    25.9283 0.0000e+00
      0.903      0.011     7.5209     92.625     34.951  35.593980     1.8915      8.973   144.5768 4.7463e+01     8.8773      0.885      1.284    25.9233 0.0000e+00
      0.906      0.011     7.5133     92.703     34.926  35.565026     1.8595      8.973   144.7140 4.7387e+01     8.8457      0.888      1.288    25.9211 0.0000e+00
      0.908      0.012     7.5135     92.792     34.922  35.556531     1.8745      8.972   144.8307 4.7329e+01     8.9197      0.890      1.291    25.9208 0.0000e+00
      0.911      0.012     7.5194     92.868     34.925  35.554701     1.9394      8.972   144.9547 4.7256e+01     9.0208      0.893      1.295    25.9184 0.0000e+00
      0.914      0.013     7.5257     92.898     34.917  35.542895     1.9784      8.972   145.0091 4.7108e+01     8.9063      0.896      1.300    25.9137 0.0000e+00
      0.918      0.014     7.5324     92.877     34.918  35.540678     1.9542      8.972   145.0579 4.6903e+01     8.7311      0.900      1.305    25.9081 0.0000e+00
      0.922      0.015     7.5413     92.802     34.910  35.527891     1.9472      8.973   145.2011 4.6685e+01     8.7470      0.904      1.311    25.9013 0.0000e+00
      0.926      0.015     7.5497     92.643     34.903  35.515183     1.9680      8.975   145.2777 4.6429e+01     8.7910      0.908      1.317    25.8945 0.0000e+00
      0.930      0.015     7.5529     92.435     34.908  35.513916     1.9891      8.975   145.2956 4.6152e+01     8.8183      0.913      1.322    25.8906 0.0000e+00
      0.933      0.015     7.5507     92.259     34.911  35.512563     2.0116      8.975   145.4177 4.5915e+01     8.9072      0.915      1.327    25.8865 0.0000e+00
      0.937      0.016     7.5480     92.131     34.902  35.498817     2.0062      8.977   145.6349 4.5717e+01     8.9087      0.919      1.333    25.8794 0.0000e+00
      0.941      0.016     7.5355     92.062     34.885  35.474592     2.0069      8.977   145.7706 4.5525e+01     8.9397      0.923      1.339    25.8702 0.0000e+00
      0.945      0.015     7.5153     92.018     34.891  35.473450     2.0374      8.977   145.8539 4.5367e+01     9.0766      0.927      1.345    25.8610 0.0000e+00
      0.949      0.015     7.5034     91.940     34.910  35.484986     2.0588      8.978   146.0396 4.5257e+01     9.1289      0.932      1.351    25.8552 0.0000e+00
      0.953      0.014     7.4925     91.872     34.916  35.487170     2.0493      8.979   146.2097 4.5161e+01     9.0597      0.935      1.357    25.8494 0.0000e+00
      0.957      0.013     7.4884     91.867     34.929  35.499860     2.0227      8.979   146.2757 4.5083e+01     8.9568      0.938      1.361    25.8397 0.0000e+00
      0.960      0.012     7.4912     91.903     34.940  35.511518     2.0358      8.979   146.3207 4.5025e+01     8.9781      0.941      1.366    25.8273 0.0000e+00
      0.962      0.012     7.4831     91.991     34.931  35.501232     2.0746      8.980   146.4098 4.4963e+01     9.0103      0.944      1.369    25.8153 0.0000e+00
      0.965      0.013     7.4757     92.132     34.935  35.502387     2.0922      8.981   146.4923 4.4887e+01     8.9367      0.946      1.372    25.8102 0.0000e+00
      0.968      0.014     7.4781     92.279     34.961  35.525480     2.0987      8.981   146.5440 4.4777e+01     8.9077      0.949      1.377    25.8116 0.0000e+00
      0.972      0.015     7.4791     92.386     34.965  35.526645     2.1046      8.983   146.6915 4.4623e+01     8.9672      0.954      1.382    25.8127 0.0000e+00
      0.976      0.017     7.4863     92.421     34.956  35.516474     2.1212      8.985   146.8987 4.4459e+01     9.0750      0.957      1.388    25.8102 0.0000e+00
      0.981      0.017     7.5008     92.404     34.969  35.529397     2.1164      8.985   146.9838 4.4305e+01     9.0495      0.962      1.395    25.8061 0.0000e+00
      0.986      0.017     7.5138     92.360     34.998  35.555998     2.0795      8.985   146.9472 4.4166e+01     8.8993      0.966      1.403    25.8007 0.0000e+00
      0.991      0.017     7.5256     92.275     35.031  35.584307     2.0412      8.986   146.8862 4.3979e+01     8.8639      0.972      1.410    25.7954 0.0000e+00
      0.995      0.017     7.5267     92.135     35.070  35.617876     2.0197      8.986   146.9341 4.3736e+01     8.9628      0.976      1.415    25.7967 0.0000e+00
      0.999      0.017     7.5238     91.954     35.100  35.644633     2.0275      8.986   147.0101 4.3541e+01     9.1043      0.980      1.421    25.7982 0.0000e+00
      1.003      0.016     7.5224     91.771     35.114  35.654020     2.0272      8.987   147.0315 4.3387e+01     9.1061      0.983      1.426    25.7917 0.0000e+00
      1.006      0.016     7.5168     91.633     35.133  35.667921     2.0081      8.988   147.1063 4.3201e+01     8.9505      0.986      1.431    25.7824 0.0000e+00
      1.011      0.015     7.5062     91.520     35.153  35.685805     2.0135      8.989   147.1402 4.3020e+01     8.8958      0.992      1.438    25.7761 0.0000e+00
      1.015      0.015     7.4912     91.386     35.146  35.679897     2.0586      8.989   147.1831 4.2920e+01     9.0593      0.996      1.445    25.7700 0.0000e+00
      1.019      0.015     7.4751     91.260     35.123  35.659943     2.1045      8.989   147.2816 4.2861e+01     9.2879      0.999      1.451    25.7616 0.0000e+00
      1.022      0.015     7.4657     91.217     35.095  35.634892     2.1016      8.989   147.3840 4.2817e+01     9.3382      1.002      1.454    25.7536 0.0000e+00
      1.026      0.016     7.4600     91.287     35.086  35.630807     2.0825      8.990   147.5607 4.2806e+01     9.3259      1.006      1.459    25.7493 0.0000e+00
      1.029      0.017     7.4470     91.441     35.126  35.674002     2.1146      8.990   147.6972 4.2778e+01     9.4803      1.009      1.463    25.7529 0.0000e+00
      1.034      0.017     7.4331     91.613     35.161  35.713029     2.1648      8.990   147.7438 4.2683e+01     9.6338      1.013      1.469    25.7588 0.0000e+00
      1.040      0.017     7.4282     91.743     35.168  35.721989     2.1819      8.991   147.7802 4.2541e+01     9.6451      1.019      1.478    25.7624 0.0000e+00
      1.045      0.016     7.4341     91.815     35.164  35.718904     2.1711      8.991   147.7929 4.2426e+01     9.5139      1.025      1.487    25.7692 0.0000e+00
      1.049      0.015     7.4479     91.832     35.185  35.739174     2.1427      8.991   147.8119 4.2342e+01     9.3456      1.029      1.493    25.7745 0.0000e+00
      1.053      0.013     7.4636     91.802     35.220  35.776715     2.1387      8.991   147.9243 4.2216e+01     9.3189      1.033      1.498    25.7774 0.0000e+00
      1.055      0.012     7.4738     91.747     35.230  35.792128     2.1642      8.990   148.0330 4.2061e+01     9.2925      1.035      1.501    25.7830 0.0000e+00
      1.056      0.012     7.4788     91.684     35.229  35.798633     2.1678      8.990   148.0935 4.1919e+01     9.1634      1.035      1.502    25.7845 0.0000e+00
      1.058      0.013     7.4814     91.610     35.219  35.791939     2.1409      8.990   148.2256 4.1786e+01     9.0902      1.037      1.505    25.7808 0.0000e+00
      1.061      0.014     7.4776     91.551     35.211  35.774643     2.1219      8.991   148.3393 4.1694e+01     9.1592      1.041      1.509    25.7805 0.0000e+00
      1.066      0.015     7.4716     91.525     35.230  35.779837     2.1369      8.992   148.3498 4.1633e+01     9.3138      1.045      1.515    25.7875 0.0000e+00
      1.072      0.015     7.4649     91.476     35.247  35.791269     2.1153      8.992   148.2667 4.1554e+01     9.3884      1.051      1.525    25.8042 0.0000e+00
      1.077      0.014     7.4563     91.380     35.239  35.785964     2.0431      8.992   148.1949 4.1466e+01     9.3435      1.056      1.532    25.8161 0.0000e+00
      1.080      0.013     7.4523     91.298     35.229  35.779141     2.0132      8.992   148.2561 4.1383e+01     9.3173      1.059      1.538    25.7977 0.0000e+00
      1.082      0.012     7.4573     91.293     35.223  35.772227     2.0198      8.992   148.3184 4.1337e+01     9.4140      1.061      1.540    25.7665 0.0000e+00
      1.084      0.012     7.4558     91.400     35.219  35.765826     2.0151      8.991   148.3462 4.1309e+01     9.4870      1.063      1.542    25.7612 0.0000e+00
      1.086      0.012     7.4427     91.568     35.222  35.765182     1.9727      8.990   148.4200 4.1251e+01     9.4144      1.065      1.545    25.7715 0.0000e+00
      1.089      0.013     7.4350     91.689     35.225  35.764435     1.9074      8.990   148.5224 4.1199e+01     9.3561      1.068      1.549    25.7758 0.0000e+00
      1.093      0.015     7.4319     91.704     35.224  35.756785     1.8742      8.990   148.5522 4.1168e+01     9.3290      1.072      1.554    25.7747 0.0000e+00
      1.097      0.016     7.4437     91.634     35.212  35.736125     1.8795      8.990   148.5213 4.1101e+01     9.3603      1.077      1.560    25.7701 0.0000e+00
      1.102      0.017     7.4616     91.509     35.192  35.704975     1.8637      8.990   148.5790 4.1016e+01     9.4955      1.080      1.567    25.7662 0.0000e+00
      1.107      0.017     7.4744     91.312     35.196  35.697383     1.7915      8.990   148.6480 4.0957e+01     9.5288      1.086      1.574    25.7601 0.0000e+00
      1.111      0.017     7.4761     91.088     35.218  35.707758     1.7218      8.989   148.6680 4.0908e+01     9.4212      1.090      1.581    25.7498 0.0000e+00
      1.115      0.017     7.4692     90.903     35.225  35.703504     1.6953      8.988   148.7337 4.0857e+01     9.3558      1.094      1.587    25.7382 0.0000e+00
      1.119      0.016     7.4647     90.835     35.242  35.709374     1.7039      8.987   148.8407 4.0792e+01     9.4556      1.097      1.591    25.7234 0.0000e+00
      1.122      0.016     7.4474     90.942     35.259  35.715277     1.7346      8.987   148.9283 4.0711e+01     9.6377      1.101      1.596    25.7058 0.0000e+00
      1.127      0.017     7.4304     91.148     35.266  35.711404     1.7416      8.986   148.9335 4.0611e+01     9.6782      1.105      1.603    25.6885 0.0000e+00
      1.131      0.019     7.4156     91.363     35.290  35.725979     1.7218      8.984   148.9040 4.0513e+01     9.6041      1.110      1.609    25.6730 0.0000e+00
      1.136      0.020     7.4079     91.536     35.335  35.764588     1.7042      8.984   148.9154 4.0473e+01     9.6983      1.114      1.616    25.6560 0.0000e+00
      1.141      0.020     7.4237     91.583     35.375  35.797526     1.6782      8.983   148.8984 4.0446e+01     9.9633      1.118      1.622    25.6402 0.0000e+00
      1.147      0.019     7.4452     91.445     35.392  35.806976     1.6569      8.982   148.9575 4.0357e+01    10.1093      1.125      1.632    25.6253 0.0000e+00
      1.153      0.018     7.4648     91.207     35.411  35.815377     1.6376      8.980   149.1138 4.0240e+01    10.0631      1.132      1.642    25.6114 0.0000e+00
      1.157      0.017     7.4836     91.004     35.443  35.835644     1.5944      8.979   149.1529 4.0138e+01    10.1223      1.136      1.647    25.6010 0.0000e+00
      1.160      0.016     7.4914     90.864     35.480  35.861663     1.5510      8.978   149.1718 4.0093e+01    10.3803      1.138      1.650    25.5923 0.0000e+00
      1.163      0.015     7.4788     90.773     35.507  35.876145     1.5220      8.977   149.3425 4.0071e+01    10.4843      1.140      1.654    25.5824 0.0000e+00
      1.167      0.014     7.4550     90.676     35.528  35.883827     1.5174      8.976   149.4955 4.0049e+01    10.3884      1.144      1.660    25.5650 0.0000e+00
      1.171      0.014     7.4423     90.490     35.549  35.891077     1.5195      8.975   149.5597 4.0065e+01    10.3142      1.149      1.667    25.5469 0.0000e+00
      1.175      0.013     7.4330     90.260     35.570  35.900332     1.5069      8.973   149.6891 4.0066e+01    10.3387      1.153      1.673    25.5325 0.0000e+00
      1.178      0.013     7.4278     90.044     35.611  35.932268     1.5151      8.972   149.8543 4.0001e+01    10.4466      1.155      1.676    25.5159 0.0000e+00
      1.181      0.012     7.4290     89.832     35.649  35.959949     1.5104      8.970   149.9230 3.9916e+01    10.4562      1.158      1.680    25.4953 0.0000e+00
      1.184      0.012     7.4120     89.599     35.684  35.981208     1.4913      8.968   150.0031 3.9865e+01    10.3522      1.161      1.684    25.4746 0.0000e+00
