Data/DataNotYetUploadedToEDI/Raw_CTD/RawDownloads/070323_fcr50_S8188025.cnv
* Sea-Bird SBE19plus  Data File:
* FileName = C:\R\Reservoirs\Data\DataNotYetUploadedToEDI\Raw_CTD\RawDownloads\062623_fcr50_S8188_0025.hex
* Software version 2.8.0.119
* Temperature SN = 8188
* Conductivity SN = 8188
* System UpLoad Time = Jul 03 2023 16:37:15
* <ApplicationData>
* <Seaterm232>
# nquan = 16
# nvalues = 1531                        
# units = specified
# name 0 = depFM: Depth [fresh water, m]
# name 1 = dz/dtM: Descent Rate [m/s]
# name 2 = sbeox0Mg/L: Oxygen, SBE 43 [mg/l]
# name 3 = sbeox0PS: Oxygen, SBE 43 [% saturation]
# name 4 = specc: Specific Conductance [uS/cm]
# name 5 = c0uS/cm: Conductivity [uS/cm]
# name 6 = wetCDOM: Fluorescence, WET Labs CDOM [mg/m^3]
# name 7 = flECO-AFL: Fluorescence, WET Labs ECO-AFL/FL [mg/m^3]
# name 8 = flECO-AFL1: Fluorescence, WET Labs ECO-AFL/FL, 2 [mg/m^3]
# name 9 = flECO-AFL2: Fluorescence, WET Labs ECO-AFL/FL, 3 [mg/m^3]
# name 10 = par/sat/log: PAR/Logarithmic, Satlantic
# name 11 = turbWETntu0: Turbidity, WET Labs ECO [NTU]
# name 12 = prdM: Pressure, Strain Gauge [db]
# name 13 = prdE: Pressure, Strain Gauge [psi]
# name 14 = tv290C: Temperature [ITS-90, deg C]
# name 15 = flag:  0.000e+00
# span 0 =     -0.676,      9.532       
# span 1 =     -0.415,      0.121       
# span 2 =    -2.3994,    14.4622       
# span 3 =    -21.628,    178.852       
# span 4 =     -0.267,    245.432       
# span 5 =  -0.291953, 175.321297       
# span 6 =    -4.5000,    15.6600       
# span 7 =    -0.2490,     3.8023       
# span 8 =    -2.1300,     1.9170       
# span 9 =    -2.0304,    20.7270       
# span 10 = 1.1572e-01, 1.1473e+03      
# span 11 =    -0.6789,   215.3793      
# span 12 =     -0.663,      9.347      
# span 13 =     -0.962,     13.557      
# span 14 =    10.6756,    29.7535      
# span 15 = 0.0000e+00, 0.0000e+00      
# interval = seconds: 0.25
# start_time = Jul 03 2023 12:55:25 [Instrument's time stamp, header]
# bad_flag = -9.990e-29
*END*
[from data line 91]
     -0.449     -0.008     7.3143     74.242     46.082  48.224067     7.0200     2.5510     0.3834    18.9081 4.6161e+02    25.8794     -0.440     -0.638    26.6369 0.0000e+00
     -0.449     -0.003     6.8930     72.542     45.990  48.200060     7.0200     2.5586     0.3834    18.9081 4.5961e+02    25.8794     -0.441     -0.639    26.8462 0.0000e+00
     -0.449      0.001     6.4864     72.213     45.929  48.178513     6.9300     2.5358     0.3834    18.6543 4.5931e+02    25.8643     -0.440     -0.639    27.0419 0.0000e+00
     -0.448      0.005     6.1402     73.019     45.898  48.165572     6.9300     2.5625     0.3834    18.6543 4.5981e+02    25.8643     -0.439     -0.637    27.2031 0.0000e+00
     -0.446      0.007     5.8858     74.496     45.906  48.177601     6.9300     2.9210     0.3834    18.6543 5.6622e+02    26.4054     -0.437     -0.635    27.3210 0.0000e+00
     -0.444      0.009     5.7417     76.192     45.959  48.225735     6.9300     2.9096     0.3834    18.6543 5.7278e+02    26.2551     -0.435     -0.631    27.3988 0.0000e+00
     -0.441      0.010     5.7099     77.814     46.063  48.314882     7.0200     2.9210     0.4260    18.9927 5.8168e+02    26.3152     -0.432     -0.627    27.4442 0.0000e+00
     -0.438      0.012     5.7706     79.226     46.222  48.445035     7.0200     2.9554     0.4260    18.9927 5.4949e+02    26.3904     -0.430     -0.623    27.4652 0.0000e+00
     -0.435      0.013     5.8866     80.399     46.429  48.613246     7.0200     2.9439     0.4260    18.9927 5.1280e+02    25.8794     -0.427     -0.619    27.4692 0.0000e+00
     -0.432      0.014     6.0212     81.359     46.669  48.808880     7.0200     2.9439     0.4260    18.9927 5.0925e+02    25.8794     -0.423     -0.614    27.4606 0.0000e+00
     -0.428      0.015     6.1517     82.158     46.915  49.008795     7.1100     2.9210     0.4260    19.2042 5.0781e+02    25.8493     -0.420     -0.609    27.4385 0.0000e+00
     -0.424      0.016     6.2676     82.866     47.135  49.185047     7.1100     2.9516     0.4260    19.2042 5.0572e+02    25.8643     -0.416     -0.604    27.4000 0.0000e+00
     -0.420      0.017     6.3663     83.575     47.314  49.323197     7.1100     2.9210     0.4260    19.2042 5.1014e+02    25.8192     -0.412     -0.598    27.3476 0.0000e+00
     -0.416      0.018     6.4492     84.401     47.453  49.426392     7.1100     2.9210     0.4260    19.2042 5.5164e+02    25.7291     -0.408     -0.592    27.2879 0.0000e+00
     -0.412      0.019     6.5196     85.519     47.558  49.498367     7.1100     2.9020     0.4260    19.2042 5.4592e+02    25.8343     -0.404     -0.585    27.2272 0.0000e+00
     -0.407      0.021     6.5824     87.234     47.622  49.534531     7.0200     2.9592     0.4260    19.6695 5.2968e+02    25.8493     -0.399     -0.578    27.1700 0.0000e+00
     -0.401      0.023     6.6448     90.052     47.630  49.518763     7.0200     3.0393     0.4260    19.6695 5.2395e+02    25.5487     -0.393     -0.571    27.1186 0.0000e+00
     -0.395      0.025     6.7159     94.532     47.553  49.419110     7.0200     3.0584     0.4260    19.6695 5.5369e+02    25.6689     -0.388     -0.562    27.0736 0.0000e+00
     -0.389      0.027     6.8096    100.835     47.361  49.205033     7.0200     3.0508     0.4260    19.6695 5.3861e+02    25.5938     -0.381     -0.553    27.0349 0.0000e+00
     -0.382      0.028     6.9502    108.450     47.087  48.910610     7.1100     3.0393     0.4260    19.5426 5.1593e+02    25.5637     -0.374     -0.543    27.0027 0.0000e+00
     -0.374      0.030     7.1781    116.405     46.835  48.643615     7.1100     3.0965     0.4260    19.5426 5.1025e+02    25.3683     -0.367     -0.532    26.9768 0.0000e+00
     -0.366      0.031     7.5379    123.646     46.673  48.475536     7.1100     3.1232     0.4260    19.5426 5.1303e+02    25.4435     -0.359     -0.521    26.9564 0.0000e+00
     -0.358      0.031     8.0427    129.254     46.590  48.395242     7.1100     3.1080     0.4260    19.5426 5.1571e+02    25.4285     -0.351     -0.509    26.9407 0.0000e+00
     -0.350      0.032     8.6516    132.579     46.557  48.373393     7.2000     3.1042     0.4260    20.1771 5.1616e+02    25.3383     -0.343     -0.497    26.9301 0.0000e+00
     -0.342      0.031     9.2870    133.340     46.569  48.400203     7.2000     3.1728     0.4260    20.1771 5.2395e+02    24.1809     -0.335     -0.486    26.9245 0.0000e+00
     -0.334      0.031     9.8645    131.688     46.639  48.482821     7.2000     3.1652     0.4260    20.1771 5.2259e+02    24.3012     -0.327     -0.474    26.9242 0.0000e+00
     -0.326      0.030    10.3105    128.184     46.773  48.625445     7.2000     3.1805     0.4260    20.1771 5.1829e+02    24.1509     -0.320     -0.463    26.9309 0.0000e+00
     -0.318      0.030    10.5730    123.612     46.945  48.800711     7.1100     3.1652     0.4686    20.7270 5.1998e+02    24.1208     -0.312     -0.453    26.9446 0.0000e+00
     -0.311      0.030    10.6307    118.731     47.101  48.954287     7.1100     3.2300     0.4686    20.7270 5.1886e+02    23.8653     -0.305     -0.442    26.9600 0.0000e+00
     -0.304      0.032    10.4970    114.103     47.203  49.049835     7.1100     3.2262     0.4686    20.7270 5.1886e+02    23.8954     -0.298     -0.432    26.9707 0.0000e+00
     -0.296      0.034    10.2170    110.056     47.248  49.085088     7.1100     3.2415     0.4686    20.7270 5.1931e+02    23.9104     -0.291     -0.421    26.9738 0.0000e+00
     -0.288      0.037     9.8531    106.715     47.241  49.065485     7.1100     3.2224     0.4686    20.7270 5.2293e+02    23.9555     -0.282     -0.409    26.9700 0.0000e+00
     -0.278      0.040     9.4654    104.069     47.197  49.005614     7.1100     3.2148     0.3834    19.5426 5.2441e+02    24.3613     -0.273     -0.395    26.9615 0.0000e+00
     -0.267      0.043     9.0983    102.032     47.175  48.966799     7.1100     3.4017     0.3834    19.5426 5.2922e+02    24.4064     -0.262     -0.380    26.9501 0.0000e+00
     -0.255      0.045     8.7776    100.499     47.230  49.004087     7.1100     3.4284     0.3834    19.5426 5.3337e+02    24.4365     -0.251     -0.363    26.9374 0.0000e+00
     -0.243      0.046     8.5132     99.399     47.334  49.085805     7.1100     3.4170     0.3834    19.5426 5.3780e+02    24.4665     -0.238     -0.345    26.9242 0.0000e+00
     -0.230      0.046     8.3043     98.687     47.428  49.146545     7.2900     3.4093     0.4260    20.3886 5.4120e+02    24.4214     -0.226     -0.327    26.9099 0.0000e+00
     -0.218      0.045     8.1442     98.327     47.463  49.131158     7.2900     3.6649     0.4260    20.3886 5.4355e+02    22.8282     -0.214     -0.310    26.8931 0.0000e+00
     -0.207      0.043     8.0251     98.282     47.402  48.997884     7.2900     3.6573     0.4260    20.3886 5.4545e+02    22.7982     -0.203     -0.294    26.8718 0.0000e+00
     -0.196      0.040     7.9413     98.523     47.263  48.766671     7.2900     3.6535     0.4260    20.3886 5.4758e+02    22.7531     -0.192     -0.279    26.8433 0.0000e+00
     -0.186      0.038     7.8901     99.088     47.113  48.516563     7.0200     3.6459     0.4260    19.7541 5.5140e+02    22.7080     -0.183     -0.265    26.8044 0.0000e+00
     -0.177      0.035     7.8692    100.088     46.995  48.303729     7.0200     3.6306     0.4260    19.7541 5.5224e+02    23.1890     -0.174     -0.252    26.7499 0.0000e+00
     -0.168      0.032     7.8764    101.627     46.900  48.124913     7.0200     3.5810     0.4260    19.7541 5.5393e+02    23.2040     -0.166     -0.240    26.6753 0.0000e+00
     -0.161      0.030     7.9092    103.664     46.824  47.974045     7.0200     3.6077     0.4260    19.7541 5.5598e+02    23.2040     -0.158     -0.228    26.5827 0.0000e+00
     -0.153      0.027     7.9692    106.009     46.786  47.870340     7.0200     3.5963     0.4260    19.7541 5.5731e+02    23.1288     -0.150     -0.218    26.4821 0.0000e+00
     -0.147      0.024     8.0640    108.453     46.786  47.811902     6.9300     3.4704     0.4260    19.4580 5.5961e+02    21.9114     -0.144     -0.208    26.3851 0.0000e+00
     -0.141      0.022     8.2011    110.857     46.795  47.771256     6.9300     3.4704     0.4260    19.4580 5.6034e+02    21.9865     -0.138     -0.200    26.2980 0.0000e+00
     -0.135      0.019     8.3772    113.136     46.799  47.737559     6.9300     3.4818     0.4260    19.4580 5.6181e+02    22.0016     -0.133     -0.192    26.2209 0.0000e+00
     -0.131      0.016     8.5775    115.192     46.802  47.713715     6.9300     3.4513     0.4260    19.4580 5.6376e+02    21.9865     -0.128     -0.186    26.1516 0.0000e+00
     -0.127      0.014     8.7849    116.937     46.800  47.693363     6.9300     3.4170     0.4260    18.5274 5.6291e+02    21.5056     -0.125     -0.181    26.0896 0.0000e+00
     -0.124      0.011     8.9881    118.359     46.791  47.671077     6.9300     3.4093     0.4260    18.5274 5.6548e+02    21.5056     -0.122     -0.177    26.0366 0.0000e+00
     -0.122      0.009     9.1794    119.553     46.778  47.648840     6.9300     3.4246     0.4260    18.5274 5.6499e+02    21.4304     -0.119     -0.173    25.9956 0.0000e+00
     -0.120      0.007     9.3508    120.658     46.761  47.624685     6.9300     3.4093     0.4260    18.5274 5.6573e+02    21.4755     -0.118     -0.171    25.9673 0.0000e+00
     -0.118      0.006     9.4955    121.803     46.734  47.592172     6.7500     3.4093     0.3834    18.2313 5.6646e+02    19.9725     -0.116     -0.168    25.9481 0.0000e+00
     -0.117      0.005     9.6133    123.092     46.699  47.550555     6.7500     3.4170     0.3834    18.2313 5.6745e+02    20.0326     -0.115     -0.167    25.9341 0.0000e+00
     -0.116      0.004     9.7119    124.605     46.665  47.512517     6.7500     3.4284     0.3834    18.2313 5.6536e+02    20.0777     -0.114     -0.165    25.9241 0.0000e+00
     -0.115      0.004     9.8028    126.370     46.644  47.487731     6.7500     3.4055     0.3834    18.2313 5.6573e+02    20.0477     -0.113     -0.164    25.9172 0.0000e+00
     -0.114      0.003     9.8969    128.330     46.631  47.473550     6.7500     3.5085     0.3834    17.8506 5.6622e+02    21.0096     -0.112     -0.163    25.9114 0.0000e+00
     -0.113      0.003    10.0026    130.344     46.623  47.466192     6.7500     3.4818     0.3834    17.8506 5.6794e+02    21.0397     -0.111     -0.162    25.9059 0.0000e+00
     -0.113      0.002    10.1263    132.223     46.615  47.463695     6.7500     3.4856     0.3834    17.8506 5.6757e+02    21.0397     -0.111     -0.161    25.9014 0.0000e+00
     -0.112      0.002    10.2703    133.788     46.609  47.469357     6.7500     3.4742     0.3834    17.8506 5.6659e+02    20.8593     -0.110     -0.160    25.8984 0.0000e+00
     -0.112      0.002    10.4299    134.919     46.611  47.488651     6.7500     3.4627     0.3834    17.8506 5.6708e+02    19.3713     -0.110     -0.159    25.8968 0.0000e+00
     -0.111      0.001    10.5933    135.589     46.629  47.526722     6.7500     3.4742     0.3834    17.6814 5.6733e+02    19.3563     -0.109     -0.158    25.8978 0.0000e+00
     -0.111      0.001    10.7448    135.875     46.672  47.593726     6.7500     3.4704     0.3834    17.6814 5.6906e+02    19.4014     -0.109     -0.158    25.9036 0.0000e+00
     -0.111      0.001    10.8695    135.976     46.760  47.707530     6.7500     3.4437     0.3834    17.6814 5.6770e+02    19.2511     -0.109     -0.158    25.9159 0.0000e+00
     -0.111      0.001    10.9577    136.239     46.928  47.906410     6.7500     3.5429     0.3834    17.6814 5.6906e+02    20.1078     -0.109     -0.157    25.9344 0.0000e+00
     -0.111      0.001    11.0077    137.217     47.185  48.197822     6.8400     3.5429     0.3834    17.8506 5.6967e+02    20.0326     -0.109     -0.157    25.9564 0.0000e+00
     -0.111      0.000    11.0261    139.643     47.456  48.504906     6.8400     3.5314     0.3834    17.8506 5.6906e+02    20.1078     -0.108     -0.157    25.9803 0.0000e+00
     -0.110      0.000    11.0290    144.001     47.669  48.749035     6.8400     3.5581     0.3834    17.8506 5.6881e+02    20.0777     -0.108     -0.157    26.0063 0.0000e+00
     -0.110      0.000    11.0444    150.080     47.815  48.916039     6.8400     3.5162     0.3834    17.8506 5.7017e+02    20.1078     -0.108     -0.157    26.0349 0.0000e+00
     -0.110      0.000    11.1172    157.099     47.913  49.026673     6.7500     3.5238     0.3408    18.1467 5.6943e+02    20.1529     -0.108     -0.157    26.0663 0.0000e+00
     -0.110      0.000    11.3071    164.115     47.976  49.098548     6.7500     3.5505     0.3408    18.1467 5.6967e+02    20.1078     -0.108     -0.157    26.0985 0.0000e+00
     -0.110      0.000    11.6541    170.294     48.006  49.134976     6.7500     3.5543     0.3408    18.1467 5.6918e+02    20.0928     -0.108     -0.156    26.1259 0.0000e+00
     -0.110      0.000    12.1420    175.012     48.005  49.137745     6.7500     3.4589     0.3408    18.1467 5.6918e+02    20.4835     -0.108     -0.156    26.1447 0.0000e+00
     -0.110      0.001    12.7073    177.891     47.989  49.123447     6.7500     3.4818     0.3834    17.7237 5.6893e+02    20.3332     -0.107     -0.156    26.1560 0.0000e+00
     -0.110      0.001    13.2732    178.852     47.981  49.116016     6.7500     3.4971     0.3834    17.7237 5.6893e+02    20.2881     -0.107     -0.156    26.1637 0.0000e+00
     -0.109      0.001    13.7715    178.168     47.983  49.117433     6.7500     3.4704     0.3834    17.7237 5.6868e+02    20.2280     -0.107     -0.155    26.1698 0.0000e+00
     -0.109      0.001    14.1521    176.387     47.979  49.112221     6.7500     3.4933     0.3834    17.7237 5.6906e+02    20.5286     -0.107     -0.155    26.1738 0.0000e+00
     -0.109      0.001    14.3845    174.105     47.965  49.095027     6.7500     3.4666     0.3834    17.7237 5.6831e+02    20.5587     -0.106     -0.155    26.1756 0.0000e+00
     -0.108      0.001    14.4622    171.764     47.945  49.069193     6.8400     3.4589     0.3834    17.1315 5.6906e+02    20.5737     -0.106     -0.154    26.1762 0.0000e+00
     -0.108      0.001    14.4070    169.613     47.923  49.039722     6.8400     3.4742     0.3834    17.1315 5.6819e+02    20.6038     -0.106     -0.154    26.1758 0.0000e+00
     -0.108      0.001    14.2634    167.772     47.903  49.010643     6.8400     3.4246     0.3834    17.1315 5.6757e+02    21.5507     -0.105     -0.153    26.1744 0.0000e+00
     -0.107      0.001    14.0796    166.284     47.880  48.978167     6.8400     3.3941     0.3834    17.1315 5.6868e+02    21.6859     -0.105     -0.153    26.1714 0.0000e+00
     -0.107      0.002    13.8915    165.134     47.844  48.933631     6.8400     3.4093     0.3408    16.8354 5.6807e+02    21.8663     -0.105     -0.152    26.1663 0.0000e+00
     -0.106      0.002    13.7194    164.279     47.789  48.869123     6.8400     3.4666     0.3408    16.8354 5.6782e+02    21.7010     -0.104     -0.151    26.1588 0.0000e+00
     -0.106      0.002    13.5726    163.669     47.716  48.783295     6.8400     3.3521     0.3408    16.8354 5.6782e+02    22.2270     -0.104     -0.151    26.1498 0.0000e+00
     -0.105      0.002    13.4545    163.238     47.631  48.682986     6.8400     3.3712     0.3408    16.8354 5.6733e+02    22.3022     -0.103     -0.150    26.1408 0.0000e+00
     -0.105      0.002    13.3635    162.908     47.553  48.585046     6.7500     3.3369     0.3834    17.4699 5.6745e+02    22.2120     -0.103     -0.149    26.1323 0.0000e+00
     -0.104      0.002    13.2966    162.624     47.506  48.512901     6.7500     3.3521     0.3834    17.4699 5.6757e+02    22.2120     -0.102     -0.148    26.1231 0.0000e+00
