Data/DataNotYetUploadedToEDI/Raw_CTD/RawDownloads/070325_fcr50_S7809001.cnv
* Sea-Bird SBE19plus  Data File:
* FileName = C:\R\Reservoirs\Data\DataNotYetUploadedToEDI\Raw_CTD\RawDownloads\070325_fcr50_S7809_0001.hex
* Software version 2.8.0.119
* Temperature SN = 7809
* Conductivity SN = 7809
* System UpLoad Time = Jul 07 2025 16:16:48
* <ApplicationData>
* <Seaterm232>
# nquan = 15
# nvalues = 2772                        
# units = specified
# name 0 = depFM: Depth [fresh water, m]
# name 1 = dz/dtM: Descent Rate [m/s]
# name 2 = sbeox0Mg/L: Oxygen, SBE 43 [mg/l]
# name 3 = sbeox0PS: Oxygen, SBE 43 [% saturation]
# name 4 = specc: Specific Conductance [uS/cm]
# name 5 = c0uS/cm: Conductivity [uS/cm]
# name 6 = flECO-AFL: Fluorescence, WET Labs ECO-AFL/FL [mg/m^3]
# name 7 = ph: pH
# name 8 = orp: Oxidation Reduction Potential [mV]
# name 9 = par/sat/log: PAR/Logarithmic, Satlantic
# name 10 = turbWETntu0: Turbidity, WET Labs ECO [NTU]
# name 11 = prdM: Pressure, Strain Gauge [db]
# name 12 = prdE: Pressure, Strain Gauge [psi]
# name 13 = tv290C: Temperature [ITS-90, deg C]
# name 14 = flag:  0.000e+00
# span 0 =     -0.655,      9.646       
# span 1 =     -4.628,      0.150       
# span 2 =    -0.0116,    10.6812       
# span 3 =     -0.037,    112.146       
# span 4 =      0.625,    233.362       
# span 5 =   0.622617, 170.990860       
# span 6 =    -0.9382,   227.5834       
# span 7 =      6.877,      9.105       
# span 8 = -1240.7455,   242.9007       
# span 9 = 1.2352e-01, 1.7251e+03       
# span 10 =    -0.1633,   306.1627      
# span 11 =     -0.643,      9.460      
# span 12 =     -0.932,     13.721      
# span 13 =    11.0390,    27.0007      
# span 14 = 0.0000e+00, 0.0000e+00      
# interval = seconds: 0.25
# start_time = Jul 03 2025 09:23:50 [Instrument's time stamp, header]
# bad_flag = -9.990e-29
*END*
     -0.655 4.7452e-19     7.4474     90.229      0.721   0.718537     0.0048      6.984 -1240.7455 1.7113e+03     1.7642     -0.642     -0.931    24.8388 0.0000e+00
     -0.655 4.3139e-20     7.4540     90.325      0.732   0.728901     0.0183      6.984 -1240.7455 1.6626e+03     1.7905     -0.642     -0.931    24.8391 0.0000e+00
     -0.654 3.9217e-21     7.4616     90.397      0.719   0.716147     0.0949      6.983 -1240.7455 1.4943e+03     1.9359     -0.642     -0.931    24.8393 0.0000e+00
     -0.654 3.5652e-22     7.4669     90.472      0.694   0.691002     0.1903      6.982 -1240.7455 1.0592e+03     1.9161     -0.641     -0.930    24.8393 0.0000e+00
     -0.654 3.2410e-23     7.4782     90.535      0.680   0.678239     0.2139      6.982 -1240.7455 4.9841e+02     1.7563     -0.642     -0.931    24.8396 0.0000e+00
     -0.654 2.9464e-24     7.4867     90.571      0.690   0.688509     0.1721      6.983 -1240.7455 2.2713e+02     1.6778     -0.642     -0.931    24.8398 0.0000e+00
     -0.654 2.6786e-25     7.4904     90.604      0.690   0.688490     0.1679      6.983 -1240.7455 2.0104e+02     1.7525     -0.642     -0.931    24.8399 0.0000e+00
     -0.654 2.4351e-26     7.4978     90.639      0.680   0.678010     0.1461      6.983 -1240.7455 1.9999e+02     1.9074     -0.642     -0.931    24.8400 0.0000e+00
     -0.655 2.2137e-27     7.5043     90.676      0.690   0.688478     0.0418      6.982 -1240.7455 2.0886e+02     2.0484     -0.642     -0.931    24.8399 0.0000e+00
     -0.655 2.0124e-28     7.5052     90.709      0.690   0.688374    -0.0115      6.982 -1240.7455 2.5755e+02     2.1931     -0.642     -0.931    24.8399 0.0000e+00
     -0.655 1.8295e-29     7.5087     90.731      0.679   0.676754     0.0177      6.982 -1240.7455 6.1720e+02     2.3244     -0.642     -0.931    24.8399 0.0000e+00
     -0.655 1.6632e-30     7.5111     90.760      0.677   0.674658     0.0212      6.982 -1240.7455 1.2307e+03     2.1332     -0.642     -0.931    24.8397 0.0000e+00
     -0.655 1.5120e-31     7.5143     90.789      0.666   0.663038    -0.0031      6.982 -1240.7455 1.5592e+03     1.7598     -0.642     -0.931    24.8398 0.0000e+00
     -0.655 1.3745e-32     7.5181     90.812      0.666   0.662935     0.0144      6.982 -1240.7455 1.6111e+03     1.7044     -0.642     -0.931    24.8399 0.0000e+00
     -0.655 1.2495e-33     7.5181     90.843      0.676   0.673414     0.0502      6.981 -1240.7455 1.6515e+03     1.7022     -0.642     -0.931    24.8399 0.0000e+00
     -0.655 1.1360e-34     7.5216     90.886      0.666   0.663049     0.0389      6.981 -1240.7455 1.6780e+03     1.3920     -0.642     -0.931    24.8398 0.0000e+00
     -0.654 1.0327e-35     7.5241     90.917      0.667   0.664295     0.0199      6.981 -1240.7455 1.6807e+03     1.1300     -0.642     -0.930    24.8400 0.0000e+00
     -0.654 9.3880e-37     7.5254     90.934      0.691   0.688477     0.0365      6.981 -1240.7455 1.6692e+03     1.1640     -0.641     -0.930    24.8401 0.0000e+00
     -0.655 8.5345e-38     7.5274     90.953      0.705   0.702078     0.0571      6.981 -1240.7455 1.6395e+03     1.2575     -0.642     -0.931    24.8400 0.0000e+00
     -0.655 7.7590e-39     7.5326     90.993      0.705   0.702069     0.0355      6.981 -1240.7455 1.6120e+03     1.6109     -0.642     -0.931    24.8400 0.0000e+00
     -0.655 7.0557e-40     7.5348     91.037      0.691   0.688372    -0.0253      6.981 -1240.7455 1.6120e+03     2.3290     -0.642     -0.931    24.8400 0.0000e+00
     -0.655 6.6468e-41     7.5358     91.046      0.666   0.663151    -0.0458      6.980 -1240.7455 1.6288e+03     2.8009     -0.642     -0.931    24.8402 0.0000e+00
     -0.655 3.1602e-41     7.5366     91.036      0.653   0.650474    -0.0124      6.980 -1240.7455 1.6532e+03     2.8064     -0.643     -0.932    24.8402 0.0000e+00
     -0.655 2.8403e-40     7.5396     91.040      0.664   0.661771    -0.0049      6.978 -1240.7455 1.6738e+03     2.6018     -0.642     -0.931    24.8403 0.0000e+00
     -0.655 3.1185e-39     7.5465     91.063      0.675   0.673070    -0.0126      6.976 -1240.7455 1.6776e+03     2.1717     -0.642     -0.930    24.8402 0.0000e+00
     -0.655 3.4304e-38     7.5455     91.093      0.663   0.660401     0.0275      6.977 -1240.7455 1.6658e+03     1.6017     -0.642     -0.931    24.8401 0.0000e+00
     -0.655 3.7734e-37     7.5436     91.117      0.638   0.635274     0.0475      6.981 -1240.7455 1.6145e+03     1.2444     -0.643     -0.932    24.8401 0.0000e+00
     -0.655 4.1507e-36     7.5437     91.121      0.625   0.622617     0.0135      6.984 -1240.7455 1.2470e+03     1.0290     -0.642     -0.931    24.8400 0.0000e+00
     -0.655 4.5658e-35     7.5465     91.115      0.636   0.634039     0.0570      6.984 -1240.7455 6.3644e+02     0.8076     -0.642     -0.931    24.8402 0.0000e+00
     -0.655 5.0224e-34     7.5491     91.126      0.649   0.646696     0.1561      6.984 -1240.7455 6.5105e+02     0.5480     -0.642     -0.931    24.8401 0.0000e+00
     -0.655 5.5246e-33     7.5515     91.142      0.651   0.648979     0.1725      6.984 -1240.7455 1.2584e+03     0.3152     -0.642     -0.931    24.8399 0.0000e+00
     -0.655 6.0771e-32     7.5524     91.182      0.664   0.661646     0.1634      6.984 -1240.7455 1.5588e+03     0.3166     -0.642     -0.931    24.8401 0.0000e+00
     -0.655 6.6848e-31     7.5490     91.244      0.675   0.673173     0.1214      6.984 -1240.7455 1.5543e+03     0.4965     -0.642     -0.931    24.8403 0.0000e+00
     -0.655 7.3533e-30     7.5524     91.250      0.664   0.661668    -0.0102      6.985 -1240.7455 1.5802e+03     0.7140     -0.642     -0.930    24.8402 0.0000e+00
     -0.655 8.0886e-29     7.5530     91.261      0.651   0.649219    -0.1218      6.986 -1240.7455 1.4492e+03     0.8278     -0.642     -0.931    24.8401 0.0000e+00
     -0.655 8.8974e-28     7.5532     91.339      0.651   0.649333    -0.1633      6.986 -1240.7455 1.2848e+03     0.7461     -0.642     -0.930    24.8401 0.0000e+00
     -0.655 9.7872e-27     7.5656     91.383      0.665   0.663049    -0.1119      6.985 -1240.7455 1.4062e+03     0.5453     -0.642     -0.931    24.8402 0.0000e+00
     -0.655 1.0766e-25     7.5622     91.388      0.690   0.688374    -0.0158      6.985 -1240.7455 1.2462e+03     0.2790     -0.642     -0.930    24.8399 0.0000e+00
     -0.655 1.1842e-24     7.5574     91.388      0.705   0.702193     0.0078      6.984 -1240.7455 6.4258e+02     0.0539     -0.642     -0.931    24.8402 0.0000e+00
     -0.654 1.3027e-23     7.5733     91.363      0.706   0.703450     0.0067      6.983 -1240.7455 2.8248e+02     0.0097     -0.641     -0.930    24.8408 0.0000e+00
     -0.654 1.4329e-22     7.5734     91.348      0.706   0.703574     0.0214      6.981 -1240.7455 2.2701e+02     0.0862     -0.642     -0.930    24.8411 0.0000e+00
     -0.654 1.5762e-21     7.5722     91.358      0.706   0.703688     0.0101      6.980 -1240.7455 2.1222e+02     0.3642     -0.642     -0.930    24.8414 0.0000e+00
     -0.654 1.7339e-20     7.5755     91.378      0.707   0.704831    -0.0053      6.978 -1240.7455 1.9526e+02     0.8777     -0.642     -0.931    24.8418 0.0000e+00
     -0.654 1.9072e-19     7.5697     91.384      0.720   0.717394     0.0104      6.978 -1240.7455 1.7457e+02     1.2722     -0.642     -0.930    24.8421 0.0000e+00
     -0.654 2.0980e-18     7.5691     91.350      0.731   0.728912     0.0428      6.979 -1240.7455 1.5476e+02     1.4114     -0.641     -0.930    24.8423 0.0000e+00
     -0.654 2.3078e-17     7.5701     91.296      0.720   0.717416     0.0117      6.980 -1240.7455 1.3652e+02     1.2975     -0.641     -0.930    24.8427 0.0000e+00
     -0.654 2.5385e-16     7.5724     91.264      0.708   0.705061    -0.0659      6.980 -1240.7455 1.2101e+02     1.1246     -0.642     -0.930    24.8430 0.0000e+00
     -0.654 2.7924e-15     7.5743     91.281      0.708   0.706213    -0.0799      6.982 -1240.7455 1.1165e+02     1.1648     -0.641     -0.930    24.8434 0.0000e+00
     -0.654 3.0716e-14     7.5706     91.361      0.733   0.731350    -0.0589      6.984 -1240.7455 1.0390e+02     1.2375     -0.641     -0.929    24.8436 0.0000e+00
     -0.655 3.3788e-13     7.5641     91.436      0.758   0.755628    -0.0440      6.984 -1240.7455 9.4235e+01     1.0475     -0.642     -0.931    24.8436 0.0000e+00
     -0.655 3.7167e-12     7.5616     91.442      0.749   0.746404    -0.0251      6.982 -1240.7455 8.9576e+01     0.7120     -0.642     -0.931    24.8439 0.0000e+00
     -0.655 4.0884e-11     7.5613     91.462      0.749   0.746499     0.0038      6.982 -1240.7455 9.0917e+01     0.6307     -0.642     -0.931    24.8441 0.0000e+00
     -0.654 4.4972e-10     7.5698     91.521      0.760   0.756777     0.0463      6.981 -1240.7455 9.4068e+01     0.6789     -0.642     -0.930    24.8444 0.0000e+00
     -0.654 4.9469e-09     7.5818     91.563      0.747   0.744007     0.0486      6.981 -1240.7455 9.9757e+01     0.8513     -0.641     -0.930    24.8447 0.0000e+00
     -0.654 5.4416e-08     7.5752     91.566      0.722   0.718767     0.0236      6.981 -1240.7454 1.2679e+02     1.3831     -0.642     -0.930    24.8450 0.0000e+00
     -0.654 5.9858e-07     7.5770     91.534      0.707   0.704960     0.0343      6.980 -1240.7444 3.8589e+02     1.8475     -0.642     -0.930    24.8451 0.0000e+00
     -0.654      0.000     7.5852     91.522      0.706   0.703744     0.0278      6.976 -1240.7331 9.3502e+02     2.1620     -0.641     -0.930    24.8454 0.0000e+00
     -0.654      0.000     7.5877     91.557      0.706   0.704069    -0.0382      6.975 -1240.6096 1.3563e+03     5.1861     -0.642     -0.930    24.8454 0.0000e+00
     -0.654      0.001     7.5895     91.582      0.711   0.708886    -0.2892      6.979 -1239.2510 1.4611e+03    11.6320     -0.642     -0.930    24.8458 0.0000e+00
     -0.654      0.004     7.5839     91.572      0.764   0.761986    -0.7017      6.990 -1224.3063 1.2686e+03    16.1865     -0.641     -0.929    24.8454 0.0000e+00
     -0.653      0.011     7.5809     91.552      1.344   1.346100    -0.9382      7.060 -1059.9144 1.0470e+03    17.1096     -0.641     -0.930    24.8462 0.0000e+00
     -0.653      0.025     7.5875     91.524      6.085   6.124524    -0.9354      7.148  -759.3548 1.2229e+03    16.9858     -0.640     -0.928    24.8451 0.0000e+00
     -0.652      0.045     7.5903     91.511     15.053  15.195064    -0.3925      7.100  -559.1361 1.4963e+03    14.7587     -0.642     -0.931    24.8472 0.0000e+00
     -0.643      0.065     7.5870     91.506     24.562  24.898345     0.6238      6.963  -397.8160 1.5538e+03    10.4392     -0.638     -0.925    24.8441 0.0000e+00
     -0.620      0.085     7.5857     91.496     33.149  33.735723     1.1646      6.882  -165.1696 1.5363e+03     7.9706     -0.609     -0.884    24.8588 0.0000e+00
     -0.588      0.105     7.5571     91.504     36.983  37.751161     1.1774      6.877    15.8040 1.5280e+03     7.6263     -0.577     -0.837    25.0306 0.0000e+00
     -0.553      0.123     7.5131     91.518     36.802  37.676231     1.1950      6.916    88.0338 1.5301e+03     7.7460     -0.543     -0.786    25.3400 0.0000e+00
     -0.521      0.138     7.4755     91.606     36.435  37.398755     1.2776      6.985   109.2352 1.5331e+03     8.1192     -0.509     -0.738    25.6283 0.0000e+00
     -0.491      0.147     7.4388     91.780     35.960  36.997990     1.3272      7.072   123.7304 1.5458e+03     8.2782     -0.485     -0.704    25.8619 0.0000e+00
     -0.451      0.150     7.4191     91.911     35.481  36.574468     1.3200      7.156   132.2566 1.5627e+03     8.1653     -0.446     -0.646    26.0410 0.0000e+00
     -0.405      0.147     7.3975     92.041     35.203  36.339016     1.3330      7.226   137.8146 1.5735e+03     8.0519     -0.394     -0.572    26.1843 0.0000e+00
     -0.360      0.141     7.3824     92.256     35.076  36.245120     1.4081      7.279   143.6963 1.5795e+03     8.1033     -0.351     -0.509    26.3216 0.0000e+00
     -0.321      0.129     7.3902     92.496     35.005  36.200636     1.4792      7.320   147.7046 1.5781e+03     8.2055     -0.311     -0.450    26.4473 0.0000e+00
     -0.291      0.110     7.3831     92.740     34.965  36.181911     1.5100      7.361   149.4540 1.5704e+03     8.2640     -0.283     -0.411    26.5451 0.0000e+00
     -0.269      0.090     7.3793     92.977     34.911  36.145656     1.5310      7.406   149.2750 1.5619e+03     8.2639     -0.263     -0.381    26.6127 0.0000e+00
     -0.250      0.073     7.3959     93.161     34.835  36.079561     1.5424      7.451   149.0670 1.5545e+03     8.2035     -0.242     -0.352    26.6638 0.0000e+00
     -0.236      0.061     7.4082     93.310     34.768  36.017267     1.5555      7.494   150.9838 1.5528e+03     8.2174     -0.231     -0.336    26.7042 0.0000e+00
     -0.224      0.053     7.4232     93.454     34.711  35.963526     1.5893      7.531   153.5221 1.5505e+03     8.2956     -0.220     -0.319    26.7368 0.0000e+00
     -0.213      0.048     7.4420     93.592     34.682  35.937372     1.6013      7.564   155.4941 1.5445e+03     8.2256     -0.208     -0.303    26.7643 0.0000e+00
     -0.202      0.046     7.4520     93.710     34.697  35.954851     1.5846      7.599   158.9962 1.5446e+03     7.9858     -0.199     -0.288    26.7828 0.0000e+00
     -0.189      0.046     7.4618     93.778     34.722  35.984520     1.5874      7.634   163.8589 1.5494e+03     7.8562     -0.185     -0.268    26.7924 0.0000e+00
     -0.178      0.047     7.4730     93.806     34.712  35.978851     1.6181      7.665   166.8805 1.5509e+03     7.9232     -0.173     -0.252    26.7991 0.0000e+00
     -0.168      0.051     7.4830     93.838     34.677  35.949770     1.6563      7.692   167.7401 1.5481e+03     8.0101     -0.166     -0.241    26.8032 0.0000e+00
     -0.156      0.056     7.4944     93.886     34.672  35.950154     1.6583      7.712   168.4874 1.5496e+03     8.0189     -0.154     -0.223    26.8045 0.0000e+00
     -0.141      0.061     7.4984     93.983     34.698  35.983501     1.6257      7.727   169.4624 1.5283e+03     7.9950     -0.137     -0.200    26.8105 0.0000e+00
     -0.125      0.065     7.4975     94.334     34.743  36.035728     1.6122      7.742   170.4944 1.2076e+03     8.0633     -0.126     -0.182    26.8196 0.0000e+00
     -0.105      0.068     7.4988     95.116     34.774  36.074047     1.6363      7.761   171.3297 7.5214e+02     8.2292     -0.104     -0.150    26.8280 0.0000e+00
     -0.083      0.070     7.5019     95.841     34.762  36.066127     1.6678      7.784   171.9045 7.4159e+02     8.3268     -0.079     -0.114    26.8376 0.0000e+00
     -0.066      0.070     7.5039     95.711     34.758  36.066864     1.6754      7.810   172.8841 9.2187e+02     8.2876     -0.064     -0.093    26.8459 0.0000e+00
     -0.051      0.068     7.5165     94.548     34.770  36.082972     1.6951      7.837   174.5701 8.8597e+02     8.3018     -0.051     -0.073    26.8538 0.0000e+00
     -0.035      0.063     7.5939     92.640     34.754  36.070541     1.7236      7.862   177.1464 7.0028e+02     8.4302     -0.036     -0.051    26.8624 0.0000e+00
     -0.016      0.057     7.6861     90.323     34.725  36.043470     1.7197      7.886   180.1157 5.9488e+02     8.4048     -0.015     -0.023    26.8702 0.0000e+00
      0.002      0.050     7.6731     87.898     34.691  36.009452     1.6982      7.910   182.4229 5.8643e+02     8.1321      0.004      0.006    26.8765 0.0000e+00
      0.015      0.042     7.5687     85.559     34.659  35.976492     1.6718      7.932   183.3600 4.6828e+02     7.8654      0.017      0.024    26.8826 0.0000e+00
      0.022      0.032     7.4075     83.429     34.645  35.962197     1.6752      7.951   183.1009 3.8394e+02     7.8442      0.022      0.032    26.8884 0.0000e+00
      0.026      0.022     7.2116     81.608     34.647  35.963508     1.7144      7.971   182.9029 4.3704e+02     8.0131      0.026      0.038    26.8928 0.0000e+00
