Data/DataNotYetUploadedToEDI/Raw_CTD/RawDownloads/070323_fcr50_S8188025.cnv
* Sea-Bird SBE19plus  Data File:
* FileName = C:\R\Reservoirs\Data\DataNotYetUploadedToEDI\Raw_CTD\RawDownloads\062623_fcr50_S8188_0025.hex
* Software version 2.8.0.119
* Temperature SN = 8188
* Conductivity SN = 8188
* System UpLoad Time = Jul 03 2023 16:37:15
* <ApplicationData>
* <Seaterm232>
# nquan = 16
# nvalues = 1531                        
# units = specified
# name 0 = depFM: Depth [fresh water, m]
# name 1 = dz/dtM: Descent Rate [m/s]
# name 2 = sbeox0Mg/L: Oxygen, SBE 43 [mg/l]
# name 3 = sbeox0PS: Oxygen, SBE 43 [% saturation]
# name 4 = specc: Specific Conductance [uS/cm]
# name 5 = c0uS/cm: Conductivity [uS/cm]
# name 6 = wetCDOM: Fluorescence, WET Labs CDOM [mg/m^3]
# name 7 = flECO-AFL: Fluorescence, WET Labs ECO-AFL/FL [mg/m^3]
# name 8 = flECO-AFL1: Fluorescence, WET Labs ECO-AFL/FL, 2 [mg/m^3]
# name 9 = flECO-AFL2: Fluorescence, WET Labs ECO-AFL/FL, 3 [mg/m^3]
# name 10 = par/sat/log: PAR/Logarithmic, Satlantic
# name 11 = turbWETntu0: Turbidity, WET Labs ECO [NTU]
# name 12 = prdM: Pressure, Strain Gauge [db]
# name 13 = prdE: Pressure, Strain Gauge [psi]
# name 14 = tv290C: Temperature [ITS-90, deg C]
# name 15 = flag:  0.000e+00
# span 0 =     -0.676,      9.532       
# span 1 =     -0.415,      0.121       
# span 2 =    -2.3994,    14.4622       
# span 3 =    -21.628,    178.852       
# span 4 =     -0.267,    245.432       
# span 5 =  -0.291953, 175.321297       
# span 6 =    -4.5000,    15.6600       
# span 7 =    -0.2490,     3.8023       
# span 8 =    -2.1300,     1.9170       
# span 9 =    -2.0304,    20.7270       
# span 10 = 1.1572e-01, 1.1473e+03      
# span 11 =    -0.6789,   215.3793      
# span 12 =     -0.663,      9.347      
# span 13 =     -0.962,     13.557      
# span 14 =    10.6756,    29.7535      
# span 15 = 0.0000e+00, 0.0000e+00      
# interval = seconds: 0.25
# start_time = Jul 03 2023 12:55:25 [Instrument's time stamp, header]
# bad_flag = -9.990e-29
*END*
[from data line 1356]
      7.431     -0.379     8.0395     72.471     59.870  42.807280     4.3200     0.0905     0.4260     0.3807 1.1610e-01     8.0085      7.287     10.569    10.7537 0.0000e+00
      7.330     -0.381     8.0520     72.498     59.860  42.797901     4.3200     0.1210     0.4260     0.3807 1.1595e-01     8.0837      7.188     10.426    10.7519 0.0000e+00
      7.231     -0.380     8.0506     72.631     59.843  42.784339     4.3200     0.1286     0.4260     0.3807 1.1590e-01     8.0837      7.092     10.285    10.7502 0.0000e+00
      7.136     -0.378     8.0428     72.871     59.829  42.772885     4.1400     0.1134     0.2982     0.2961 1.1610e-01     7.9634      6.998     10.149    10.7488 0.0000e+00
      7.041     -0.375     8.0372     73.194     59.817  42.762464     4.1400     0.1172     0.2982     0.2961 1.1612e-01     7.2270      6.905     10.015    10.7474 0.0000e+00
      6.947     -0.371     8.0404     73.564     59.790  42.742374     4.1400     0.0791     0.2982     0.2961 1.1585e-01     7.3472      6.813      9.881    10.7461 0.0000e+00
      6.852     -0.370     8.0555     73.931     59.757  42.717162     4.1400     0.1019     0.2982     0.2961 1.1592e-01     7.3171      6.719      9.745    10.7448 0.0000e+00
      6.757     -0.371     8.0823     74.233     59.732  42.697939     3.7800     0.1019     0.1278     0.2538 1.1605e-01     7.3171      6.627      9.611    10.7434 0.0000e+00
      6.664     -0.375     8.1183     74.419     59.725  42.691464     3.7800     0.1172     0.1278     0.2538 1.1615e-01     5.4083      6.535      9.479    10.7420 0.0000e+00
      6.572     -0.381     8.1596     74.457     59.725  42.690067     3.7800     0.1096     0.1278     0.2538 1.1605e-01     5.4083      6.444      9.347    10.7408 0.0000e+00
      6.476     -0.387     8.2005     74.345     59.717  42.683471     3.7800     0.1058     0.1278     0.2538 1.1587e-01     5.4083      6.351      9.211    10.7397 0.0000e+00
      6.375     -0.393     8.2342     74.102     59.701  42.671896     3.7800     0.1286     0.1278     0.2538 1.1605e-01     5.3782      6.252      9.068    10.7386 0.0000e+00
      6.271     -0.398     8.2550     73.765     59.688  42.662164     3.7800     0.0981     0.1704     0.1692 1.1610e-01     5.5586      6.149      8.919    10.7376 0.0000e+00
      6.165     -0.400     8.2595     73.379     59.685  42.659604     3.7800     0.1172     0.1704     0.1692 1.1587e-01     5.6338      6.046      8.768    10.7366 0.0000e+00
      6.061     -0.400     8.2472     72.997     59.685  42.659571     3.7800     0.0714     0.1704     0.1692 1.1595e-01     5.6939      5.944      8.620    10.7358 0.0000e+00
      5.960     -0.399     8.2204     72.654     59.694  42.666019     3.7800     0.1134     0.1704     0.1692 1.1605e-01     5.6939      5.845      8.477    10.7353 0.0000e+00
      5.861     -0.397     8.1830     72.351     59.720  42.684630     3.7800     0.0905     0.1704     0.1692 1.1600e-01     5.4985      5.748      8.337    10.7349 0.0000e+00
      5.762     -0.397     8.1402     72.073     59.740  42.698573     3.7800     0.0867     0.1704     0.1692 1.1595e-01     5.3332      5.651      8.196    10.7348 0.0000e+00
      5.661     -0.397     8.0979     71.814     59.727  42.689771     3.7800     0.0791     0.1704     0.1692 1.1602e-01     5.4384      5.552      8.052    10.7347 0.0000e+00
      5.558     -0.399     8.0599     71.582     59.699  42.669748     3.7800     0.1019     0.1704     0.1692 1.1607e-01     5.4233      5.451      7.906    10.7346 0.0000e+00
      5.455     -0.401     8.0262     71.405     59.678  42.654958     3.6900     0.0867     0.1278     0.0846 1.1595e-01     5.2430      5.349      7.759    10.7346 0.0000e+00
      5.353     -0.404     7.9954     71.310     59.660  42.641457     3.6900     0.0714     0.1278     0.0846 1.1595e-01     5.1678      5.249      7.613    10.7347 0.0000e+00
      5.251     -0.408     7.9666     71.308     59.627  42.617718     3.6900     0.1172     0.1278     0.0846 1.1605e-01     5.1378      5.150      7.469    10.7348 0.0000e+00
      5.149     -0.412     7.9409     71.392     59.552  42.563545     3.6900     0.0867     0.1278     0.0846 1.1605e-01     5.0626      5.050      7.324    10.7349 0.0000e+00
      5.044     -0.414     7.9212     71.547     59.397  42.452602     3.6900     0.0829     0.1278     0.1692 1.4649e-01     5.1979      4.946      7.174    10.7349 0.0000e+00
      4.934     -0.415     7.9107     71.740     59.133  42.263230     3.6900     0.1019     0.1278     0.1692 1.5500e-01     5.1378      4.839      7.018    10.7347 0.0000e+00
      4.824     -0.414     7.9106     71.929     58.704  41.956817     3.6900     0.1019     0.1278     0.1692 1.8244e-01     5.1678      4.731      6.862    10.7344 0.0000e+00
      4.717     -0.411     7.9200     72.074     57.995  41.449673     3.6900     0.1134     0.1278     0.1692 2.0708e-01     5.0175      4.626      6.709    10.7341 0.0000e+00
      4.614     -0.406     7.9372     72.145     56.810  40.602596     3.6900     0.0791     0.1278     0.1692 2.2935e-01     5.4083      4.525      6.562    10.7337 0.0000e+00
      4.514     -0.402     7.9587     72.131     54.892  39.231306     3.6900     0.0943     0.0852     0.0846 2.2315e-01     5.4835      4.427      6.420    10.7334 0.0000e+00
      4.414     -0.397     7.9797     72.049     52.573  37.574297     3.6900     0.1210     0.0852     0.0846 2.5936e-01     5.3632      4.329      6.278    10.7332 0.0000e+00
      4.313     -0.394     7.9959     71.938     50.746  36.269264     3.6900     0.0638     0.0852     0.0846 2.8907e-01     5.3332      4.229      6.134    10.7329 0.0000e+00
      4.211     -0.391     8.0039     71.843     49.648  35.485199     3.6900     0.0562     0.0852     0.0846 3.5189e-01     5.1829      4.129      5.989    10.7328 0.0000e+00
      4.110     -0.390     8.0024     71.792     48.992  35.016978     3.6900     0.0524     0.0852     0.0846 4.2108e-01     5.1829      4.030      5.845    10.7327 0.0000e+00
      4.012     -0.389     7.9932     71.771     48.602  34.739743     3.6900     0.0371     0.0852     0.0846 4.4198e-01     5.1678      3.934      5.706    10.7330 0.0000e+00
      3.916     -0.388     7.9808     71.742     48.368  34.575602     3.6900     0.0485     0.0852     0.0846 4.7412e-01     5.0626      3.840      5.569    10.7335 0.0000e+00
      3.818     -0.387     7.9702     71.673     48.225  34.476824     3.6900     0.0981     0.0852     0.0846 5.4250e-01     5.0776      3.744      5.430    10.7342 0.0000e+00
      3.718     -0.385     7.9644     71.550     48.116  34.405187     3.6900     0.1134     0.0852     0.0846 6.3520e-01     5.1829      3.646      5.288    10.7353 0.0000e+00
      3.617     -0.381     7.9617     71.374     48.000  34.329704     3.6900     0.0867     0.0852     0.0846 6.7285e-01     5.1528      3.546      5.144    10.7370 0.0000e+00
      3.517     -0.376     7.9580     71.170     47.830  34.218364     3.6900     0.1172     0.0852     0.0846 7.4133e-01     5.1678      3.449      5.003    10.7397 0.0000e+00
      3.422     -0.372     7.9497     70.968     47.585  34.055339     3.6900     0.0562     0.0852     0.0846 8.4696e-01     5.8742      3.356      4.868    10.7437 0.0000e+00
      3.331     -0.367     7.9349     70.796     47.321  33.882316     3.7800     0.0562     0.1278     0.0846 7.9299e-01     5.9193      3.267      4.738    10.7496 0.0000e+00
      3.242     -0.364     7.9140     70.675     47.132  33.766038     3.7800     0.0485     0.1278     0.0846 8.7959e-01     5.9494      3.179      4.611    10.7577 0.0000e+00
      3.150     -0.363     7.8894     70.596     47.056  33.732932     3.7800     0.0447     0.1278     0.0846 8.9696e-01     5.8592      3.089      4.481    10.7683 0.0000e+00
      3.057     -0.364     7.8646     70.510     47.059  33.760307     3.7800     0.1019     0.1278     0.0846 1.0174e+00     6.5656      2.998      4.348    10.7819 0.0000e+00
      2.962     -0.367     7.8425     70.327     47.093  33.815855     3.7800     0.1134     0.1278     0.0846 1.1647e+00     6.5656      2.905      4.213    10.7986 0.0000e+00
      2.869     -0.370     7.8255     69.952     47.135  33.884686     3.6900     0.1210     0.0852     0.1692 1.1506e+00     6.5356      2.813      4.080    10.8184 0.0000e+00
      2.776     -0.374     7.8128     69.307     47.173  33.961389     3.6900     0.1096     0.0852     0.1692 1.1609e+00     6.6558      2.722      3.948    10.8412 0.0000e+00
      2.681     -0.376     7.7986     68.352     47.198  34.042655     3.6900     0.1286     0.0852     0.1692 1.2888e+00     4.9724      2.630      3.814    10.8679 0.0000e+00
      2.584     -0.376     7.7729     67.084     47.184  34.112528     3.6900     0.0943     0.0852     0.1692 1.4474e+00     4.9875      2.534      3.675    10.9005 0.0000e+00
      2.484     -0.373     7.7244     65.528     47.109  34.155976     3.7800     0.1019     0.0852     0.0846 1.6283e+00     4.9724      2.436      3.534    10.9417 0.0000e+00
      2.386     -0.368     7.6445     63.721     46.975  34.172707     3.7800     0.1019     0.0852     0.0846 1.8235e+00     4.9875      2.340      3.393    10.9946 0.0000e+00
      2.291     -0.361     7.5281     61.699     46.789  34.163225     3.7800     0.2164     0.0852     0.0846 1.9714e+00     6.6258      2.246      3.258    11.0622 0.0000e+00
      2.201     -0.353     7.3749     59.475     46.572  34.138869     3.7800     0.2202     0.0852     0.0846 1.9779e+00     6.5957      2.159      3.131    11.1475 0.0000e+00
      2.116     -0.346     7.1875     57.025     46.345  34.110973     3.6900     0.2545     0.1278     0.1269 2.0056e+00     6.5957      2.075      3.009    11.2521 0.0000e+00
      2.031     -0.341     6.9709     54.285     46.101  34.072103     3.6900     0.2431     0.1278     0.1269 2.1337e+00     6.5656      1.992      2.889    11.3741 0.0000e+00
      1.946     -0.340     6.7299     51.154     45.840  34.019819     3.6900     0.2355     0.1278     0.1269 2.3315e+00     3.4694      1.908      2.768    11.5096 0.0000e+00
      1.859     -0.342     6.4672     47.534     45.581  33.971872     3.6900     0.2164     0.1278     0.1269 2.5727e+00     2.5526      1.823      2.644    11.6542 0.0000e+00
      1.771     -0.347     6.1810     43.408     45.334  33.939244     3.6900     0.2355     0.0852     0.1269 2.8253e+00     2.5977      1.737      2.519    11.8045 0.0000e+00
      1.683     -0.354     5.8653     38.871     45.099  33.925120     3.6900     0.2278     0.0852     0.1269 2.9151e+00     2.5977      1.651      2.394    11.9571 0.0000e+00
      1.595     -0.362     5.5096     34.117     44.887  33.941584     3.6900     0.2202     0.0852     0.1269 3.0169e+00     2.5977      1.563      2.268    12.1111 0.0000e+00
      1.502     -0.369     5.1038     29.398     44.693  33.989070     3.6900     0.2126     0.0852     0.1269 3.4281e+00     1.9063      1.473      2.137    12.2694 0.0000e+00
      1.405     -0.373     4.6460     24.979     44.487  34.048559     3.6900     0.2278     0.0852     0.1269 4.1658e+00     1.9063      1.378      1.999    12.4364 0.0000e+00
      1.305     -0.375     4.1467     21.071     44.268  34.116121     3.6900     0.1973     0.0852     0.1692 5.1500e+00     2.0115      1.280      1.856    12.6160 0.0000e+00
      1.206     -0.374     3.6265     17.798     44.061  34.205818     3.6900     0.2126     0.0852     0.1692 6.4237e+00     1.9213      1.182      1.715    12.8123 0.0000e+00
      1.110     -0.371     3.1126     15.170     43.872  34.311874     3.6900     0.4643     0.0852     0.1692 6.8863e+00     2.1618      1.088      1.579    13.0304 0.0000e+00
      1.018     -0.365     2.6329     13.089     43.695  34.422970     3.6900     0.4682     0.0852     0.1692 7.3566e+00     2.1317      0.998      1.448    13.2735 0.0000e+00
      0.927     -0.358     2.2096     11.423     43.560  34.558841     3.7800     0.4720     0.0426     0.2961 8.6908e+00     2.1317      0.910      1.319    13.5399 0.0000e+00
      0.837     -0.350     1.8558     10.050     43.488  34.735921     3.7800     0.4720     0.0426     0.2961 1.1312e+01     2.1317      0.821      1.190    13.8219 0.0000e+00
      0.747     -0.343     1.5719      8.879     43.453  34.940045     3.7800     0.7505     0.0426     0.2961 1.6574e+01     1.3953      0.732      1.062    14.1094 0.0000e+00
      0.659     -0.335     1.3476      7.874     43.433  35.162280     3.7800     0.7657     0.0426     0.2961 2.3794e+01     1.4404      0.646      0.937    14.3939 0.0000e+00
      0.574     -0.324     1.1685      7.052     43.414  35.398519     3.8700     0.7428     0.0426     0.4653 2.4280e+01     1.3652      0.563      0.817    14.6699 0.0000e+00
      0.493     -0.309     1.0217      6.455     43.379  35.640468     3.8700     0.7505     0.0426     0.4653 3.8554e+01     1.4103      0.484      0.702    14.9379 0.0000e+00
      0.414     -0.289     0.8971      6.122     43.308  35.873435     3.8700     1.3265     0.0426     0.4653 7.8447e+01     2.1468      0.406      0.589    15.2044 0.0000e+00
      0.339     -0.268     0.7904      6.084     43.170  36.066468     3.8700     1.2998     0.0426     0.4653 1.4541e+02     2.0416      0.332      0.482    15.4786 0.0000e+00
      0.271     -0.247     0.7029      6.360     42.948  36.197774     4.4100     1.3074     0.0426     1.7766 1.9690e+02     2.0566      0.266      0.386    15.7689 0.0000e+00
      0.214     -0.228     0.6381      6.957     42.657  36.264750     4.4100     1.3036     0.0426     1.7766 1.6893e+02     2.1167      0.209      0.304    16.0825 0.0000e+00
      0.164     -0.213     0.5997      7.880     42.329  36.281307     4.4100     1.3799     0.0426     1.7766 1.3161e+02     2.4323      0.161      0.233    16.4210 0.0000e+00
      0.117     -0.206     0.5900      9.156     42.012  36.277622     4.4100     1.3723     0.0426     1.7766 1.3365e+02     2.4323      0.115      0.167    16.7801 0.0000e+00
      0.070     -0.205     0.6107     10.821     41.735  36.274509     4.4100     1.4295     0.0426     1.7766 1.5463e+02     2.3121      0.069      0.100    17.1510 0.0000e+00
      0.019     -0.209     0.6617     12.900     41.501  36.279069     4.3200     1.3951     0.0852     1.4805 1.9831e+02     2.4323      0.019      0.027    17.5191 0.0000e+00
     -0.037     -0.213     0.7434     15.399     41.300  36.288565     4.3200     1.8796     0.0852     1.4805 2.8059e+02     9.5867     -0.036     -0.052    17.8682 0.0000e+00
     -0.096     -0.214     0.8579     18.271     41.091  36.275824     4.3200     1.8720     0.0852     1.4805 3.7429e+02     9.6618     -0.094     -0.137    18.1858 0.0000e+00
     -0.156     -0.210     1.0082     21.419     40.829  36.207746     4.3200     1.8796     0.0852     1.4805 3.5814e+02     9.8272     -0.153     -0.223    18.4673 0.0000e+00
     -0.212     -0.197     1.1964     24.695     40.531  36.103814     4.5000     1.8567     0.0852     2.6226 3.7299e+02     9.6318     -0.208     -0.302    18.7158 0.0000e+00
     -0.262     -0.175     1.4223     27.913     40.288  36.045250     4.5000     2.7875     0.0852     2.6226 3.6465e+02    29.5918     -0.257     -0.373    18.9391 0.0000e+00
     -0.308     -0.145     1.6815     30.898     40.180  36.101607     4.5000     2.7952     0.0852     2.6226 3.2329e+02    29.7421     -0.302     -0.438    19.1465 0.0000e+00
     -0.346     -0.113     1.9645     33.527     40.158  36.236424     4.5000     2.8066     0.0852     2.6226 2.9096e+02    29.7421     -0.339     -0.492    19.3464 0.0000e+00
     -0.371     -0.084     2.2573     35.746     40.016  36.285614     8.9100     2.7875     0.9372     7.9947 3.1347e+02    29.7120     -0.364     -0.527    19.5445 0.0000e+00
     -0.381     -0.061     2.5429     37.582     39.581  36.097909     8.9100     3.2758     0.9372     7.9947 3.5082e+02    18.8753     -0.373     -0.542    19.7405 0.0000e+00
