Data/DataNotYetUploadedToEDI/Raw_CTD/RawDownloads/070323_fcr50_S7809001.cnv
* Sea-Bird SBE19plus  Data File:
* FileName = C:\R\Reservoirs\Data\DataNotYetUploadedToEDI\Raw_CTD\RawDownloads\073123_fcr50_S7809_0001.hex
* Software version 2.8.0.119
* Temperature SN = 7809
* Conductivity SN = 7809
* System UpLoad Time = Aug 03 2023 12:33:01
* <ApplicationData>
* <Seaterm232>
# nquan = 15
# nvalues = 1833                        
# units = specified
# name 0 = depFM: Depth [fresh water, m]
# name 1 = dz/dtM: Descent Rate [m/s]
# name 2 = sbeox0Mg/L: Oxygen, SBE 43 [mg/l]
# name 3 = sbeox0PS: Oxygen, SBE 43 [% saturation]
# name 4 = specc: Specific Conductance [uS/cm]
# name 5 = c0uS/cm: Conductivity [uS/cm]
# name 6 = flECO-AFL: Fluorescence, WET Labs ECO-AFL/FL [mg/m^3]
# name 7 = ph: pH
# name 8 = orp: Oxidation Reduction Potential [mV]
# name 9 = par/sat/log: PAR/Logarithmic, Satlantic
# name 10 = turbWETntu0: Turbidity, WET Labs ECO [NTU]
# name 11 = prdM: Pressure, Strain Gauge [db]
# name 12 = prdE: Pressure, Strain Gauge [psi]
# name 13 = tv290C: Temperature [ITS-90, deg C]
# name 14 = flag:  0.000e+00
# span 0 =     -0.664,      9.126       
# span 1 =     -0.367,      0.183       
# span 2 =     0.1805,    13.6820       
# span 3 =      1.701,    167.900       
# span 4 =      0.377,    551.521       
# span 5 =   0.428948, 591.518316       
# span 6 =    -0.1653,     5.1280       
# span 7 =     -1.874,     10.654       
# span 8 = -1240.7455,   792.4594       
# span 9 = 1.2337e-01, 9.5752e+02       
# span 10 =     1.0128,   543.4152      
# span 11 =     -0.651,      8.951      
# span 12 =     -0.944,     12.982      
# span 13 =    10.7069,    31.8574      
# span 14 = 0.0000e+00, 0.0000e+00      
# interval = seconds: 0.25
# start_time = Jul 03 2023 08:54:25 [Instrument's time stamp, header]
# bad_flag = -9.990e-29
*END*
[from data line 868]
      3.248      0.028     0.1853      1.763     47.407  35.825370     0.4585      7.822   230.6600 7.9330e-01     3.8902      3.185      4.620    12.9218 0.0000e+00
      3.254      0.024     0.1911      1.765     47.725  36.027455     0.4559      7.822   226.0450 7.9144e-01     3.8983      3.192      4.630    12.8602 0.0000e+00
      3.259      0.021     0.1913      1.777     48.090  36.252194     0.4490      7.821   223.1674 7.8536e-01     3.8869      3.197      4.637    12.8317 0.0000e+00
      3.263      0.018     0.1867      1.773     48.443  36.448688     0.4510      7.819   222.4529 7.9001e-01     3.9578      3.200      4.642    12.8211 0.0000e+00
      3.267      0.017     0.1868      1.762     48.844  36.689919     0.4625      7.819   222.1382 8.0221e-01     4.0721      3.203      4.647    12.7844 0.0000e+00
      3.271      0.017     0.1853      1.755     49.324  37.011399     0.4634      7.818   221.5995 7.9803e-01     4.1063      3.208      4.653    12.7422 0.0000e+00
      3.275      0.019     0.1905      1.758     49.758  37.289796     0.4539      7.817   221.0155 7.8667e-01     4.0987      3.212      4.659    12.7037 0.0000e+00
      3.279      0.022     0.1882      1.781     49.974  37.390806     0.4473      7.816   220.0684 7.9243e-01     4.0486      3.215      4.662    12.6118 0.0000e+00
      3.284      0.026     0.1874      1.803     50.071  37.407710     0.4499      7.815   218.3211 7.8723e-01     4.0470      3.220      4.670    12.5410 0.0000e+00
      3.292      0.031     0.1870      1.805     50.157  37.430650     0.4599      7.814   216.6672 7.6174e-01     4.1136      3.228      4.682    12.5256 0.0000e+00
      3.301      0.036     0.1856      1.785     50.087  37.350850     0.4609      7.813   215.6438 7.5497e-01     4.1028      3.238      4.696    12.4749 0.0000e+00
      3.310      0.041     0.1907      1.761     49.832  37.140840     0.4529      7.811   216.7028 7.6094e-01     4.0520      3.246      4.709    12.4037 0.0000e+00
      3.320      0.045     0.1934      1.742     49.561  36.922006     0.4391      7.809   218.5438 7.5271e-01     4.2512      3.255      4.721    12.3472 0.0000e+00
      3.333      0.048     0.1945      1.719     49.336  36.735511     0.4188      7.808   217.3407 7.4099e-01     4.6662      3.267      4.739    12.3051 0.0000e+00
      3.349      0.049     0.1910      1.704     49.098  36.535756     0.4064      7.807   214.7176 7.3511e-01     4.8691      3.284      4.763    12.2803 0.0000e+00
      3.364      0.048     0.1882      1.716     48.790  36.283469     0.3979      7.806   211.6078 7.1840e-01     4.8247      3.300      4.785    12.2620 0.0000e+00
      3.377      0.047     0.1871      1.723     48.397  35.969425     0.4077      7.804   207.1005 6.9706e-01     4.7444      3.312      4.803    12.2467 0.0000e+00
      3.388      0.044     0.1843      1.706     48.010  35.657473     0.4419      7.802   205.4768 6.9357e-01     4.6846      3.323      4.820    12.2298 0.0000e+00
      3.396      0.042     0.1809      1.701     47.663  35.366975     0.4618      7.799   207.7204 6.9317e-01     4.6485      3.331      4.830    12.2044 0.0000e+00
      3.404      0.041     0.1843      1.719     47.398  35.121934     0.4568      7.794   208.2446 6.8216e-01     4.6151      3.338      4.841    12.1776 0.0000e+00
      3.414      0.042     0.1872      1.740     47.291  34.978858     0.4305      7.790   205.1891 6.7334e-01     4.6218      3.348      4.856    12.1586 0.0000e+00
      3.426      0.043     0.1818      1.765     47.286  34.905978     0.4109      7.787   201.3213 6.7943e-01     4.7302      3.359      4.871    12.1356 0.0000e+00
      3.438      0.043     0.1819      1.842     47.332  34.875155     0.4185      7.783   198.9925 6.8370e-01     4.8322      3.372      4.891    12.1030 0.0000e+00
      3.450      0.041     0.1849      2.015     47.384  34.859910     0.4225      7.779   198.5415 6.6800e-01     4.8643      3.383      4.907    12.0545 0.0000e+00
      3.463      0.037     0.1881      2.303     47.421  34.848489     0.4098      7.775   199.1372 6.5306e-01     4.8797      3.396      4.925    11.9819 0.0000e+00
      3.474      0.032     0.1885      2.771     47.473  34.863917     0.3908      7.772   199.5706 6.5059e-01     4.8468      3.408      4.944    11.9051 0.0000e+00
      3.480      0.027     0.1950      3.504     47.560  34.919525     0.3841      7.769   199.6520 6.5506e-01     4.8084      3.414      4.951    11.8352 0.0000e+00
      3.484      0.022     0.2147      4.458     47.680  35.013235     0.3948      7.767   199.3469 6.5754e-01     4.8258      3.416      4.954    11.7743 0.0000e+00
      3.488      0.020     0.2440      5.549     47.786  35.108677     0.3943      7.766   195.1073 6.4971e-01     4.8180      3.420      4.960    11.7351 0.0000e+00
      3.492      0.023     0.2881      6.708     47.854  35.185242     0.3785      7.765   187.6252 6.4119e-01     4.7819      3.424      4.966    11.7123 0.0000e+00
      3.495      0.030     0.3716      7.778     47.887  35.241051     0.3708      7.763   183.0471 6.3560e-01     4.7992      3.426      4.969    11.7029 0.0000e+00
      3.501      0.037     0.4801      8.623     47.886  35.275900     0.3763      7.760   182.0860 6.3260e-01     4.8224      3.430      4.975    11.7094 0.0000e+00
      3.512      0.043     0.5962      9.157     47.859  35.289386     0.3952      7.756   182.2851 6.2594e-01     4.8235      3.441      4.992    11.7293 0.0000e+00
      3.529      0.048     0.7316      9.334     47.809  35.277247     0.4073      7.754   182.0991 6.0896e-01     4.8811      3.462      5.021    11.7585 0.0000e+00
      3.546      0.051     0.8507      9.169     47.758  35.256050     0.3895      7.753   180.0090 5.9200e-01     4.9718      3.480      5.046    11.7911 0.0000e+00
      3.559      0.053     0.9446      8.774     47.699  35.223464     0.3717      7.753   176.8029 5.8071e-01     4.9985      3.491      5.063    11.8304 0.0000e+00
      3.571      0.053     1.0036      8.276     47.501  35.073619     0.3832      7.751   174.9961 5.7920e-01     5.0325      3.501      5.077    11.8705 0.0000e+00
      3.582      0.053     1.0217      7.754     47.246  34.840172     0.3955      7.749   174.3386 5.7725e-01     5.1430      3.512      5.094    11.8933 0.0000e+00
      3.593      0.052     0.9999      7.325     47.261  34.748439     0.3872      7.747   174.1017 5.6117e-01     5.2079      3.523      5.110    11.9089 0.0000e+00
      3.608      0.049     0.9485      7.061     47.462  34.789203     0.3828      7.745   174.7128 5.4678e-01     5.2029      3.537      5.130    11.9220 0.0000e+00
      3.626      0.045     0.8970      7.043     47.577  34.825337     0.3839      7.743   174.9311 5.3933e-01     5.2192      3.557      5.160    11.9305 0.0000e+00
      3.640      0.040     0.8317      7.405     47.533  34.804586     0.3843      7.741   173.9878 5.3223e-01     5.2678      3.572      5.182    11.8992 0.0000e+00
      3.647      0.036     0.7877      8.220     47.322  34.665219     0.3872      7.739   172.5994 5.3390e-01     5.2781      3.577      5.189    11.7633 0.0000e+00
      3.651      0.035     0.7601      9.502     47.099  34.472697     0.3857      7.735   171.3082 5.2570e-01     5.2075      3.581      5.194    11.6164 0.0000e+00
      3.656      0.035     0.7496     11.118     47.068  34.380219     0.3907      7.732   170.3350 5.0260e-01     5.1990      3.584      5.198    11.5710 0.0000e+00
      3.663      0.039     0.7895     12.832     47.148  34.371819     0.4071      7.731   169.6085 4.9724e-01     5.4151      3.590      5.207    11.6058 0.0000e+00
      3.674      0.045     0.8727     14.503     47.204  34.371049     0.4170      7.729   168.8907 4.9574e-01     5.7024      3.602      5.223    11.6479 0.0000e+00
      3.690      0.050     1.0194     16.211     47.225  34.370868     0.4108      7.727   168.4539 4.8751e-01     5.8033      3.618      5.247    11.6136 0.0000e+00
      3.707      0.054     1.2084     18.145     47.222  34.369622     0.3982      7.727   168.3714 4.8596e-01     5.7474      3.636      5.273    11.5143 0.0000e+00
      3.722      0.055     1.4052     20.379     47.197  34.355976     0.3894      7.726   168.7539 4.7471e-01     5.7097      3.651      5.294    11.4366 0.0000e+00
      3.735      0.055     1.5844     22.820     47.174  34.332778     0.3790      7.724   169.6369 4.4836e-01     5.8938      3.663      5.312    11.3949 0.0000e+00
      3.746      0.052     1.7617     25.319     47.217  34.342928     0.3644      7.723   169.4966 4.1855e-01     6.2656      3.673      5.327    11.3811 0.0000e+00
      3.760      0.049     1.9697     27.702     47.258  34.351770     0.3459      7.722   168.1771 4.0065e-01     6.4814      3.687      5.348    11.3877 0.0000e+00
      3.775      0.047     2.2179     29.738     47.223  34.312766     0.3309      7.722   167.7061 3.9892e-01     6.4880      3.705      5.374    11.3965 0.0000e+00
      3.786      0.044     2.4918     31.296     47.151  34.252009     0.3326      7.721   168.5341 3.9534e-01     6.6525      3.714      5.386    11.3960 0.0000e+00
      3.796      0.041     2.7704     32.350     47.081  34.188172     0.3411      7.719   169.7569 3.8730e-01     7.0016      3.721      5.397    11.3625 0.0000e+00
      3.806      0.036     3.0460     32.909     47.094  34.175370     0.3421      7.717   170.4455 3.8642e-01     7.1562      3.734      5.415    11.3373 0.0000e+00
      3.816      0.031     3.2734     33.108     47.182  34.224090     0.3368      7.715   170.9231 3.8443e-01     7.1556      3.743      5.429    11.3278 0.0000e+00
      3.823      0.027     3.4434     33.168     47.240  34.269647     0.3259      7.714   171.4019 3.8219e-01     7.1310      3.749      5.438    11.3182 0.0000e+00
      3.830      0.024     3.5624     33.333     47.242  34.282084     0.3274      7.713   170.9862 3.8937e-01     7.0636      3.756      5.448    11.3124 0.0000e+00
      3.835      0.023     3.6189     33.800     47.189  34.247584     0.3471      7.714   169.6827 3.9704e-01     6.9891      3.760      5.454    11.2792 0.0000e+00
      3.839      0.025     3.6345     34.593     47.085  34.169738     0.3480      7.714   168.4612 4.0183e-01     6.9131      3.765      5.460    11.2534 0.0000e+00
      3.842      0.029     3.6305     35.581     47.000  34.102213     0.3297      7.713   170.7570 4.0571e-01     6.8965      3.767      5.464    11.2676 0.0000e+00
      3.848      0.034     3.6372     36.575     46.970  34.065615     0.3251      7.713   176.3615 3.9881e-01     6.9593      3.771      5.469    11.2865 0.0000e+00
      3.858      0.039     3.6883     37.369     46.964  34.044440     0.3337      7.713   179.1812 3.8460e-01     7.0239      3.782      5.486    11.2863 0.0000e+00
      3.873      0.044     3.7818     37.858     46.966  34.036506     0.3427      7.712   178.6934 3.7998e-01     6.9946      3.799      5.510    11.2828 0.0000e+00
      3.887      0.046     3.8969     38.186     46.964  34.033122     0.3423      7.712   178.6370 3.8577e-01     7.0490      3.813      5.530    11.2812 0.0000e+00
      3.900      0.046     4.0165     38.595     46.925  34.003530     0.3363      7.712   179.1882 3.9004e-01     7.3062      3.825      5.548    11.2619 0.0000e+00
      3.911      0.044     4.1125     39.192     46.848  33.932495     0.3368      7.712   180.9698 3.8963e-01     7.4742      3.837      5.564    11.2379 0.0000e+00
      3.921      0.041     4.1594     39.968     46.825  33.872140     0.3408      7.710   184.6913 3.9459e-01     7.4746      3.846      5.578    11.2307 0.0000e+00
      3.931      0.039     4.1825     40.876     46.862  33.844737     0.3433      7.707   187.6175 3.9216e-01     7.4467      3.856      5.592    11.2291 0.0000e+00
      3.940      0.038     4.2248     41.921     46.837  33.791452     0.3243      7.705   189.0763 3.8003e-01     7.5475      3.864      5.604    11.2329 0.0000e+00
      3.950      0.038     4.2913     43.209     46.780  33.735392     0.2948      7.703   190.5417 3.7539e-01     7.8052      3.873      5.617    11.2287 0.0000e+00
      3.959      0.037     4.3842     44.785     46.787  33.737921     0.2946      7.700   192.5157 3.7472e-01     7.9665      3.883      5.632    11.1724 0.0000e+00
      3.969      0.035     4.4940     46.597     46.798  33.758585     0.3051      7.697   194.8754 3.7454e-01     7.9954      3.891      5.644    11.0952 0.0000e+00
      3.980      0.031     4.6047     48.592     46.746  33.731467     0.2968      7.695   196.7885 3.7193e-01     8.0858      3.904      5.662    11.0632 0.0000e+00
      3.989      0.026     4.7459     50.736     46.670  33.663828     0.2773      7.694   197.9235 3.6705e-01     8.2391      3.914      5.677    11.0533 0.0000e+00
      3.994      0.021     4.9250     52.998     46.671  33.638653     0.2703      7.693   198.7032 3.6716e-01     8.3466      3.918      5.682    11.0426 0.0000e+00
      3.997      0.016     5.1224     55.279     46.756  33.680835     0.2864      7.691   199.2474 3.6978e-01     8.3953      3.919      5.685    11.0661 0.0000e+00
      3.999      0.013     5.3417     57.415     46.814  33.729706     0.2973      7.691   199.8573 3.6545e-01     8.3151      3.922      5.688    11.0891 0.0000e+00
      4.002      0.012     5.5799     59.349     46.761  33.721995     0.2850      7.690   202.5497 3.5944e-01     8.1619      3.925      5.693    11.0688 0.0000e+00
      4.004      0.013     5.8368     61.090     46.626  33.651089     0.2712      7.690   206.7627 3.6111e-01     8.1150      3.927      5.696    11.0324 0.0000e+00
      4.007      0.015     6.1018     62.540     46.511  33.570305     0.2717      7.689   209.2397 3.6241e-01     8.1578      3.928      5.698    11.0047 0.0000e+00
      4.011      0.018     6.3379     63.595     46.446  33.506578     0.2748      7.688   209.6991 3.6020e-01     8.2014      3.933      5.704    11.0100 0.0000e+00
      4.017      0.021     6.5399     64.281     46.408  33.451559     0.2665      7.687   209.4785 3.6559e-01     8.1981      3.939      5.713    11.0584 0.0000e+00
      4.023      0.023     6.7314     64.709     46.408  33.412609     0.2632      7.687   210.1854 3.7375e-01     8.1859      3.945      5.722    11.0972 0.0000e+00
      4.029      0.024     6.8989     65.096     46.472  33.416256     0.2679      7.687   214.0295 3.7165e-01     8.1904      3.951      5.731    11.0909 0.0000e+00
      4.036      0.026     7.0138     65.643     46.542  33.432168     0.2740      7.687   219.8212 3.6992e-01     8.1842      3.958      5.740    11.0700 0.0000e+00
      4.043      0.027     7.0922     66.395     46.545  33.414628     0.2789      7.686   223.3402 3.7458e-01     8.1454      3.964      5.750    11.0431 0.0000e+00
      4.049      0.028     7.1371     67.429     46.533  33.394488     0.2686      7.685   224.0552 3.7687e-01     8.0974      3.970      5.759    10.9978 0.0000e+00
      4.055      0.030     7.1761     68.806     46.530  33.378982     0.2657      7.684   224.0775 3.6936e-01     8.1149      3.976      5.766    10.9478 0.0000e+00
      4.064      0.033     7.2475     70.405     46.513  33.354021     0.2685      7.682   224.7289 3.5837e-01     8.1527      3.985      5.780    10.9069 0.0000e+00
      4.073      0.035     7.3292     72.086     46.517  33.346447     0.2611      7.681   226.0800 3.4862e-01     8.2132      3.995      5.794    10.8884 0.0000e+00
      4.082      0.035     7.4377     73.720     46.539  33.350843     0.2595      7.680   227.9387 3.3176e-01     8.2995      4.002      5.804    10.8840 0.0000e+00
      4.092      0.035     7.6026     75.092     46.549  33.343714     0.2585      7.678   230.0802 3.1166e-01     8.3080      4.012      5.818    10.8655 0.0000e+00
