Data/DataNotYetUploadedToEDI/Raw_CTD/RawDownloads/070323_bvr50_S8188024.cnv
* Sea-Bird SBE19plus  Data File:
* FileName = C:\R\Reservoirs\Data\DataNotYetUploadedToEDI\Raw_CTD\RawDownloads\062623_fcr50_S8188_0024.hex
* Software version 2.8.0.119
* Temperature SN = 8188
* Conductivity SN = 8188
* System UpLoad Time = Jul 03 2023 16:36:52
* <ApplicationData>
* <Seaterm232>
# nquan = 16
# nvalues = 1133                        
# units = specified
# name 0 = depFM: Depth [fresh water, m]
# name 1 = dz/dtM: Descent Rate [m/s]
# name 2 = sbeox0Mg/L: Oxygen, SBE 43 [mg/l]
# name 3 = sbeox0PS: Oxygen, SBE 43 [% saturation]
# name 4 = specc: Specific Conductance [uS/cm]
# name 5 = c0uS/cm: Conductivity [uS/cm]
# name 6 = wetCDOM: Fluorescence, WET Labs CDOM [mg/m^3]
# name 7 = flECO-AFL: Fluorescence, WET Labs ECO-AFL/FL [mg/m^3]
# name 8 = flECO-AFL1: Fluorescence, WET Labs ECO-AFL/FL, 2 [mg/m^3]
# name 9 = flECO-AFL2: Fluorescence, WET Labs ECO-AFL/FL, 3 [mg/m^3]
# name 10 = par/sat/log: PAR/Logarithmic, Satlantic
# name 11 = turbWETntu0: Turbidity, WET Labs ECO [NTU]
# name 12 = prdM: Pressure, Strain Gauge [db]
# name 13 = prdE: Pressure, Strain Gauge [psi]
# name 14 = tv290C: Temperature [ITS-90, deg C]
# name 15 = flag:  0.000e+00
# span 0 =     -0.749,      9.847       
# span 1 =     -0.214,      0.182       
# span 2 =    -0.0587,     9.0723       
# span 3 =     -0.543,    102.852       
# span 4 =      1.006,    229.454       
# span 5 =   0.855748, 155.697582       
# span 6 =    -0.1800,     7.3800       
# span 7 =    -1.9847,    18.8477       
# span 8 =    -6.9438,     0.8094       
# span 9 =    -8.2908,    24.1110       
# span 10 = 1.1585e-01, 1.5439e+03      
# span 11 =    -3.7751,   966.6306      
# span 12 =     -0.734,      9.657      
# span 13 =     -1.064,     14.006      
# span 14 =     8.9222,    25.8809      
# span 15 = 0.0000e+00, 0.0000e+00      
# interval = seconds: 0.25
# start_time = Jul 03 2023 10:14:13 [Instrument's time stamp, header]
# bad_flag = -9.990e-29
*END*
[from data line 543]
      5.136      0.060     2.3458     23.062     34.213  27.263485     3.6900     9.9898     0.0852     1.3536 4.6144e+01     3.0185      5.036      7.304    15.1207 0.0000e+00
      5.152      0.060     2.3431     23.139     34.261  27.252290     3.6900    10.0318     0.0852     1.3536 4.4752e+01     3.0636      5.052      7.327    15.0599 0.0000e+00
      5.167      0.060     2.3371     23.344     34.291  27.230817     3.6900    10.6307     0.1278     1.5651 4.4355e+01     3.1388      5.067      7.350    14.9909 0.0000e+00
      5.183      0.058     2.3322     23.676     34.295  27.193337     3.6900    10.6383     0.1278     1.5651 4.3534e+01     3.1838      5.082      7.372    14.9166 0.0000e+00
      5.197      0.057     2.3334     24.112     34.286  27.149652     3.6900    10.6192     0.1278     1.5651 4.2802e+01     3.1388      5.097      7.392    14.8410 0.0000e+00
      5.211      0.056     2.3449     24.613     34.285  27.115828     3.6900    10.6192     0.1278     1.5651 4.2478e+01     3.0185      5.111      7.412    14.7686 0.0000e+00
      5.225      0.056     2.3692     25.118     34.298  27.094722     3.6900    11.6683     0.1278     1.5651 4.2376e+01     3.8903      5.124      7.432    14.7021 0.0000e+00
      5.239      0.056     2.4060     25.564     34.320  27.080706     3.6900    11.6530     0.1278     1.6920 4.1791e+01     3.7700      5.137      7.451    14.6425 0.0000e+00
      5.253      0.057     2.4532     25.884     34.351  27.074000     3.6900    11.6759     0.1278     1.6920 4.2284e+01     3.8151      5.151      7.471    14.5893 0.0000e+00
      5.267      0.058     2.5068     26.005     34.391  27.072816     3.6900    11.6683     0.1278     1.6920 4.0110e+01     3.7550      5.165      7.492    14.5410 0.0000e+00
      5.282      0.059     2.5607     25.867     34.433  27.072877     3.6900    12.3816     0.1278     1.6920 3.9453e+01     3.6949      5.180      7.513    14.4953 0.0000e+00
      5.298      0.061     2.6087     25.446     34.479  27.074197     3.6900    12.4045     0.1278     1.7766 3.9273e+01     3.5446      5.195      7.535    14.4501 0.0000e+00
      5.314      0.062     2.6439     24.772     34.519  27.069208     3.6900    12.4122     0.1278     1.7766 3.7726e+01     3.5596      5.211      7.558    14.4043 0.0000e+00
      5.330      0.062     2.6588     23.940     34.548  27.056580     3.6900    12.4045     0.1278     1.7766 3.6826e+01     3.6197      5.226      7.580    14.3572 0.0000e+00
      5.346      0.062     2.6474     23.076     34.578  27.044821     3.6900    13.0073     0.1278     1.7766 3.6278e+01     3.6047      5.242      7.603    14.3086 0.0000e+00
      5.362      0.062     2.6069     22.303     34.607  27.034755     3.6900    12.9615     0.1278     2.0727 3.5024e+01     3.6047      5.258      7.626    14.2583 0.0000e+00
      5.378      0.061     2.5407     21.709     34.633  27.023694     3.6900    12.9958     0.1278     2.0727 3.3856e+01     3.7099      5.274      7.649    14.2063 0.0000e+00
      5.394      0.060     2.4581     21.338     34.650  27.008689     3.6900    13.0034     0.1278     2.0727 3.3193e+01     3.5446      5.289      7.671    14.1541 0.0000e+00
      5.409      0.059     2.3720     21.176     34.660  26.989698     3.6900    15.2351     0.1278     2.0727 3.2529e+01     3.6197      5.304      7.693    14.1034 0.0000e+00
      5.424      0.058     2.2949     21.163     34.661  26.965614     3.6900    15.2160     0.1278     2.0727 3.1754e+01     3.7249      5.319      7.714    14.0556 0.0000e+00
      5.438      0.057     2.2361     21.206     34.654  26.937932     3.6900    15.2236     0.1278     1.9458 3.1384e+01     3.6648      5.333      7.734    14.0111 0.0000e+00
      5.452      0.056     2.2000     21.213     34.651  26.915108     3.6900    15.2122     0.1278     1.9458 3.0616e+01     3.5295      5.347      7.754    13.9697 0.0000e+00
      5.466      0.056     2.1852     21.113     34.657  26.898974     3.6900    14.9833     0.1278     1.9458 2.9906e+01     3.5295      5.360      7.774    13.9314 0.0000e+00
      5.480      0.056     2.1856     20.865     34.667  26.881269     3.6900    14.9757     0.1278     1.9458 2.9180e+01     3.5446      5.374      7.794    13.8959 0.0000e+00
      5.494      0.057     2.1917     20.461     34.680  26.859249     3.6900    14.9757     0.0852     2.1573 2.8846e+01     3.6498      5.388      7.814    13.8636 0.0000e+00
      5.509      0.058     2.1938     19.919     34.704  26.840900     3.6900    15.0100     0.0852     2.1573 2.7776e+01     3.5897      5.402      7.835    13.8340 0.0000e+00
      5.524      0.059     2.1849     19.275     34.738  26.827265     3.6900    14.0258     0.0852     2.1573 2.6844e+01     3.3041      5.417      7.856    13.8036 0.0000e+00
      5.539      0.060     2.1609     18.570     34.769  26.808769     3.6900    14.0258     0.0852     2.1573 2.5921e+01     3.3342      5.432      7.878    13.7669 0.0000e+00
      5.555      0.061     2.1211     17.836     34.792  26.782457     3.6000    14.0105     0.0852     2.3688 2.5298e+01     3.3041      5.447      7.900    13.7210 0.0000e+00
      5.570      0.062     2.0672     17.096     34.815  26.757149     3.6000    14.0029     0.0852     2.3688 2.4259e+01     3.3342      5.463      7.923    13.6678 0.0000e+00
      5.586      0.062     2.0028     16.365     34.845  26.739951     3.6000    12.3397     0.0852     2.3688 2.2812e+01     3.4544      5.478      7.945    13.6101 0.0000e+00
      5.602      0.063     1.9320     15.648     34.887  26.734197     3.6000    12.3321     0.0852     2.3688 2.2100e+01     3.3041      5.494      7.968    13.5491 0.0000e+00
      5.618      0.064     1.8582     14.936     34.941  26.738349     3.6900    12.3549     0.0852     2.7072 2.1294e+01     3.3041      5.509      7.990    13.4863 0.0000e+00
      5.634      0.065     1.7835     14.209     35.018  26.753516     3.6900    12.3244     0.0852     2.7072 2.0335e+01     3.1989      5.525      8.013    13.4247 0.0000e+00
      5.651      0.067     1.7093     13.455     35.144  26.795619     3.6900    14.4378     0.0852     2.7072 1.9597e+01     4.2660      5.541      8.037    13.3669 0.0000e+00
      5.668      0.068     1.6363     12.669     35.310  26.858065     3.6900    14.4378     0.0852     2.7072 1.8784e+01     4.2059      5.558      8.061    13.3133 0.0000e+00
      5.685      0.070     1.5636     11.851     35.463  26.906032     3.6900    14.4302     0.0852     2.7072 1.7561e+01     4.2510      5.575      8.087    13.2600 0.0000e+00
      5.704      0.071     1.4895     11.002     35.605  26.944390     3.6900    14.4378     0.1278     6.2181 1.6766e+01     4.3562      5.593      8.113    13.1982 0.0000e+00
      5.723      0.072     1.4126     10.108     35.769  27.001182     3.6900    18.8324     0.1278     6.2181 1.6253e+01     6.5957      5.612      8.139    13.1214 0.0000e+00
      5.741      0.072     1.3325      9.153     35.934  27.061855     3.6900    18.8171     0.1278     6.2181 1.5471e+01     6.6558      5.630      8.166    13.0314 0.0000e+00
      5.760      0.070     1.2490      8.136     36.061  27.101010     3.6900    18.8477     0.1278     6.2181 1.4726e+01     6.6408      5.649      8.193    12.9351 0.0000e+00
      5.779      0.068     1.1619      7.066     36.162  27.129088     3.9600    18.8324     0.2130    20.5578 1.3924e+01     6.7159      5.667      8.219    12.8379 0.0000e+00
      5.796      0.066     1.0697      5.956     36.275  27.173372     3.9600    18.6417     0.2130    20.5578 1.3492e+01     6.8963      5.684      8.244    12.7433 0.0000e+00
      5.812      0.063     0.9704      4.826     36.402  27.233790     3.9600    18.6684     0.2130    20.5578 1.3436e+01     6.8061      5.700      8.267    12.6548 0.0000e+00
      5.827      0.062     0.8640      3.710     36.519  27.290820     3.9600    18.6645     0.2130    20.5578 1.3230e+01     6.9264      5.715      8.288    12.5759 0.0000e+00
      5.842      0.060     0.7515      2.661     36.628  27.343828     4.0500    18.6645     0.1704    24.1110 1.3087e+01     6.9264      5.729      8.309    12.5088 0.0000e+00
      5.856      0.060     0.6342      1.737     36.746  27.404972     4.0500     8.3609     0.1704    24.1110 1.2550e+01     5.3332      5.743      8.330    12.4529 0.0000e+00
      5.872      0.060     0.5143      0.977     36.894  27.488575     4.0500     8.3723     0.1704    24.1110 1.2042e+01     5.2279      5.758      8.352    12.4054 0.0000e+00
      5.887      0.060     0.3956      0.390     37.090  27.605051     4.0500     8.3723     0.1704    24.1110 1.1722e+01     5.2129      5.773      8.374    12.3634 0.0000e+00
      5.903      0.060     0.2839     -0.033     37.341  27.759724     4.0500     8.3723     0.1704    20.6424 1.1336e+01     5.2580      5.789      8.396    12.3249 0.0000e+00
      5.919      0.060     0.1853     -0.306     37.654  27.958202     4.0500     4.3325     0.1704    20.6424 1.1037e+01     3.8452      5.804      8.418    12.2883 0.0000e+00
      5.934      0.059     0.1042     -0.457     38.013  28.190058     4.0500     4.3096     0.1704    20.6424 1.0765e+01     3.7550      5.819      8.440    12.2518 0.0000e+00
      5.949      0.058     0.0414     -0.523     38.441  28.471583     4.0500     4.3440     0.1704    20.6424 1.0445e+01     3.6648      5.834      8.462    12.2126 0.0000e+00
      5.964      0.058    -0.0038     -0.543     39.060  28.893687     4.0500     4.3440     0.1704    20.6424 9.9355e+00     3.8151      5.848      8.483    12.1703 0.0000e+00
      5.978      0.057    -0.0331     -0.543     39.910  29.483795     3.8700     5.9805     0.1278    15.8202 9.7473e+00     3.7550      5.862      8.503    12.1262 0.0000e+00
      5.993      0.057    -0.0493     -0.537     40.792  30.092377     3.8700     5.9843     0.1278    15.8202 9.7622e+00     3.7851      5.876      8.524    12.0809 0.0000e+00
      6.007      0.057    -0.0564     -0.522     41.539  30.596601     3.8700     5.9690     0.1278    15.8202 9.5151e+00     3.8001      5.890      8.544    12.0353 0.0000e+00
      6.021      0.057    -0.0586     -0.486     42.181  31.024003     3.8700     6.0110     0.1278    15.8202 8.9709e+00     3.8452      5.905      8.564    11.9898 0.0000e+00
      6.036      0.057    -0.0587     -0.414     42.814  31.446973     3.8700     5.3320     0.1278    11.8017 8.7819e+00     3.3041      5.919      8.585    11.9422 0.0000e+00
      6.050      0.058    -0.0580     -0.303     43.562  31.958498     3.8700     5.3205     0.1278    11.8017 8.7647e+00     3.3642      5.933      8.605    11.8893 0.0000e+00
      6.065      0.060    -0.0565     -0.151     44.544  32.643502     3.8700     5.2976     0.1278    11.8017 8.5763e+00     3.3041      5.947      8.626    11.8330 0.0000e+00
      6.080      0.062    -0.0526      0.040     45.791  33.522273     3.8700     5.2862     0.1278    11.8017 8.4966e+00     3.2590      5.962      8.647    11.7785 0.0000e+00
      6.096      0.064    -0.0448      0.265     47.191  34.508340     4.3200     5.6944     0.1278    10.8711 8.1299e+00     3.6197      5.978      8.670    11.7292 0.0000e+00
      6.112      0.067    -0.0328      0.506     48.522  35.438862     4.3200     5.6753     0.1278    10.8711 7.6683e+00     3.5295      5.994      8.694    11.6858 0.0000e+00
      6.130      0.068    -0.0163      0.747     49.665  36.227272     4.3200     5.6791     0.1278    10.8711 7.4369e+00     3.5446      6.012      8.719    11.6469 0.0000e+00
      6.148      0.070     0.0045      0.985     50.581  36.848111     4.3200     5.6906     0.1278    10.8711 7.1594e+00     3.5295      6.030      8.745    11.6089 0.0000e+00
      6.167      0.070     0.0291      1.217     51.213  37.262919     5.0400     3.5505     0.1278     7.3602 6.8728e+00     3.6348      6.047      8.771    11.5680 0.0000e+00
      6.185      0.069     0.0553      1.446     51.590  37.497139     5.0400     3.5505     0.1278     7.3602 6.5734e+00     3.5897      6.065      8.797    11.5233 0.0000e+00
      6.202      0.068     0.0817      1.668     51.936  37.714244     5.0400     3.5429     0.1278     7.3602 6.4517e+00     3.6648      6.082      8.822    11.4760 0.0000e+00
      6.219      0.067     0.1077      1.867     52.461  38.061261     5.0400     3.5429     0.1278     7.3602 6.4475e+00     3.5295      6.099      8.846    11.4279 0.0000e+00
      6.236      0.066     0.1332      2.035     53.084  38.476227     5.0400     2.4289     0.1278     7.3602 6.2353e+00     3.1989      6.115      8.870    11.3824 0.0000e+00
      6.253      0.064     0.1584      2.169     53.668  38.857854     5.2200     2.4289     0.0852     6.1758 6.0445e+00     3.0185      6.132      8.893    11.3426 0.0000e+00
      6.269      0.063     0.1827      2.263     54.178  39.183111     5.2200     2.4366     0.0852     6.1758 5.7724e+00     3.0937      6.148      8.917    11.3086 0.0000e+00
      6.285      0.062     0.2047      2.313     54.615  39.455533     5.2200     2.4366     0.0852     6.1758 5.5257e+00     3.0335      6.164      8.940    11.2763 0.0000e+00
      6.301      0.061     0.2233      2.323     54.995  39.690316     5.2200     3.0508     0.0852     6.1758 5.2689e+00     3.1087      6.179      8.962    11.2412 0.0000e+00
      6.316      0.059     0.2381      2.295     55.343  39.906487     5.6700     3.0622     0.0852     5.0337 4.8703e+00     3.0937      6.194      8.984    11.2023 0.0000e+00
      6.331      0.057     0.2486      2.236     55.682  40.120088     5.6700     3.0660     0.0852     5.0337 4.6440e+00     3.0486      6.209      9.005    11.1615 0.0000e+00
      6.345      0.055     0.2543      2.163     55.994  40.318744     5.6700     3.0813     0.0852     5.0337 4.2992e+00     3.1087      6.223      9.025    11.1213 0.0000e+00
      6.359      0.053     0.2556      2.085     56.271  40.495997     5.6700     2.9859     0.0852     5.0337 3.9507e+00     2.9283      6.236      9.045    11.0845 0.0000e+00
      6.373      0.052     0.2527      2.005     56.527  40.659493     6.3900     2.9935     0.1278     3.1725 3.8207e+00     2.9133      6.250      9.064    11.0526 0.0000e+00
      6.386      0.051     0.2464      1.928     56.794  40.831040     6.3900     3.0012     0.1278     3.1725 3.6147e+00     2.7931      6.262      9.082    11.0252 0.0000e+00
      6.398      0.050     0.2384      1.860     57.162  41.074211     6.3900     2.9973     0.1278     3.1725 3.4723e+00     2.8832      6.274      9.100    11.0016 0.0000e+00
      6.410      0.051     0.2299      1.804     57.686  41.426118     6.3900     2.4824     0.1278     3.1725 3.3145e+00     2.9133      6.287      9.118    10.9813 0.0000e+00
      6.423      0.052     0.2212      1.766     58.355  41.875602     6.6600     2.5281     0.0852     2.7495 3.2709e+00     2.7780      6.299      9.136    10.9632 0.0000e+00
      6.436      0.054     0.2129      1.743     59.201  42.445450     6.6600     2.5129     0.0852     2.7495 3.2271e+00     2.8832      6.312      9.154    10.9458 0.0000e+00
      6.450      0.057     0.2054      1.726     60.325  43.208375     6.6600     2.5091     0.0852     2.7495 3.0406e+00     2.8832      6.325      9.174    10.9275 0.0000e+00
      6.465      0.060     0.1993      1.711     61.787  44.207341     6.6600     2.2611     0.0852     2.7495 2.9373e+00     2.8682      6.340      9.195    10.9064 0.0000e+00
      6.480      0.062     0.1953      1.700     63.413  45.316426     6.6600     2.2497     0.0852     2.7495 2.7875e+00     2.9434      6.355      9.217    10.8808 0.0000e+00
      6.497      0.065     0.1929      1.689     64.850  46.284496     6.8400     2.2573     0.1278     2.6226 2.6765e+00     2.9434      6.372      9.241    10.8505 0.0000e+00
