Data/DataNotYetUploadedToEDI/Raw_CTD/RawDownloads/070323_bvr50_S8188024.cnv
* Sea-Bird SBE19plus  Data File:
* FileName = C:\R\Reservoirs\Data\DataNotYetUploadedToEDI\Raw_CTD\RawDownloads\062623_fcr50_S8188_0024.hex
* Software version 2.8.0.119
* Temperature SN = 8188
* Conductivity SN = 8188
* System UpLoad Time = Jul 03 2023 16:36:52
* <ApplicationData>
* <Seaterm232>
# nquan = 16
# nvalues = 1133                        
# units = specified
# name 0 = depFM: Depth [fresh water, m]
# name 1 = dz/dtM: Descent Rate [m/s]
# name 2 = sbeox0Mg/L: Oxygen, SBE 43 [mg/l]
# name 3 = sbeox0PS: Oxygen, SBE 43 [% saturation]
# name 4 = specc: Specific Conductance [uS/cm]
# name 5 = c0uS/cm: Conductivity [uS/cm]
# name 6 = wetCDOM: Fluorescence, WET Labs CDOM [mg/m^3]
# name 7 = flECO-AFL: Fluorescence, WET Labs ECO-AFL/FL [mg/m^3]
# name 8 = flECO-AFL1: Fluorescence, WET Labs ECO-AFL/FL, 2 [mg/m^3]
# name 9 = flECO-AFL2: Fluorescence, WET Labs ECO-AFL/FL, 3 [mg/m^3]
# name 10 = par/sat/log: PAR/Logarithmic, Satlantic
# name 11 = turbWETntu0: Turbidity, WET Labs ECO [NTU]
# name 12 = prdM: Pressure, Strain Gauge [db]
# name 13 = prdE: Pressure, Strain Gauge [psi]
# name 14 = tv290C: Temperature [ITS-90, deg C]
# name 15 = flag:  0.000e+00
# span 0 =     -0.749,      9.847       
# span 1 =     -0.214,      0.182       
# span 2 =    -0.0587,     9.0723       
# span 3 =     -0.543,    102.852       
# span 4 =      1.006,    229.454       
# span 5 =   0.855748, 155.697582       
# span 6 =    -0.1800,     7.3800       
# span 7 =    -1.9847,    18.8477       
# span 8 =    -6.9438,     0.8094       
# span 9 =    -8.2908,    24.1110       
# span 10 = 1.1585e-01, 1.5439e+03      
# span 11 =    -3.7751,   966.6306      
# span 12 =     -0.734,      9.657      
# span 13 =     -1.064,     14.006      
# span 14 =     8.9222,    25.8809      
# span 15 = 0.0000e+00, 0.0000e+00      
# interval = seconds: 0.25
# start_time = Jul 03 2023 10:14:13 [Instrument's time stamp, header]
# bad_flag = -9.990e-29
*END*
[from data line 272]
      0.854      0.066     5.8688     73.583     28.873  29.333267     2.1600     0.6589     0.0000     0.1692 7.6905e+02     0.1929      0.838      1.215    25.8088 0.0000e+00
      0.871      0.065     5.9109     73.663     28.871  29.330626     2.0700     0.6551     0.0000     0.2538 8.3145e+02     0.2379      0.854      1.239    25.8031 0.0000e+00
      0.888      0.064     5.9462     73.605     28.865  29.323797     2.0700     0.6513     0.0000     0.2538 6.2574e+02     0.2379      0.871      1.263    25.7981 0.0000e+00
      0.904      0.063     5.9739     73.408     28.862  29.320857     2.0700     0.6780     0.0000     0.2538 4.0089e+02     0.2229      0.887      1.286    25.7941 0.0000e+00
      0.920      0.062     5.9921     73.077     28.865  29.323003     2.0700     0.6093     0.0000     0.2538 3.8160e+02     0.1929      0.902      1.309    25.7911 0.0000e+00
      0.935      0.061     5.9988     72.653     28.868  29.324867     2.1600     0.6131     0.0000     0.2961 4.6817e+02     0.1929      0.917      1.330    25.7894 0.0000e+00
      0.951      0.061     5.9941     72.233     28.868  29.322987     2.1600     0.6398     0.0000     0.2961 3.9699e+02     0.2830      0.932      1.352    25.7887 0.0000e+00
      0.966      0.060     5.9782     71.947     28.860  29.312901     2.1600     0.6017     0.0000     0.2961 5.5537e+02     0.1929      0.947      1.374    25.7886 0.0000e+00
      0.982      0.061     5.9512     71.869     28.849  29.299840     2.1600     0.6284     0.0000     0.2961 5.2945e+02     0.2680      0.962      1.396    25.7882 0.0000e+00
      0.997      0.061     5.9169     71.945     28.841  29.290218     2.1600     0.6208     0.0426     0.2538 3.7813e+02     0.3131      0.977      1.418    25.7863 0.0000e+00
      1.012      0.062     5.8831     72.041     28.835  29.283452     2.1600     0.5864     0.0426     0.2538 5.6474e+02     0.2229      0.992      1.440    25.7829 0.0000e+00
      1.028      0.064     5.8602     72.032     28.828  29.275755     2.1600     0.5940     0.0426     0.2538 3.4358e+02     0.1478      1.008      1.462    25.7788 0.0000e+00
      1.044      0.065     5.8542     71.839     28.821  29.269035     2.1600     0.5940     0.0426     0.2538 4.0203e+02     0.1628      1.024      1.485    25.7750 0.0000e+00
      1.061      0.067     5.8607     71.428     28.821  29.269420     2.1600     0.6093     0.0426     0.2538 5.1705e+02     0.2079      1.040      1.509    25.7723 0.0000e+00
      1.078      0.069     5.8687     70.807     28.825  29.273052     2.1600     0.6093     0.0000     0.2115 5.0429e+02     0.2530      1.057      1.534    25.7709 0.0000e+00
      1.096      0.070     5.8680     70.040     28.826  29.274962     2.1600     0.6093     0.0000     0.2115 5.1470e+02     0.2680      1.075      1.559    25.7707 0.0000e+00
      1.115      0.071     5.8522     69.244     28.829  29.277637     2.1600     0.5826     0.0000     0.2115 4.2780e+02     0.1478      1.093      1.585    25.7710 0.0000e+00
      1.133      0.072     5.8187     68.568     28.835  29.283771     2.1600     0.6284     0.0000     0.2115 4.5821e+02     0.3582      1.111      1.611    25.7714 0.0000e+00
      1.152      0.073     5.7681     68.118     28.840  29.289060     2.1600     0.6131     0.0000     0.2115 4.1363e+02     0.2680      1.129      1.638    25.7719 0.0000e+00
      1.170      0.074     5.7055     67.928     28.838  29.286995     2.1600     0.6208     0.0000     0.2115 3.8151e+02     0.1177      1.148      1.664    25.7723 0.0000e+00
      1.189      0.074     5.6407     67.999     28.831  29.280986     2.1600     0.5864     0.0000     0.2115 3.9347e+02     0.2680      1.166      1.691    25.7727 0.0000e+00
      1.208      0.075     5.5856     68.325     28.827  29.277348     2.1600     0.6055     0.0000     0.2115 4.8579e+02     0.2229      1.185      1.718    25.7730 0.0000e+00
      1.227      0.075     5.5489     68.902     28.825  29.275112     2.1600     0.5788     0.0000     0.2115 4.0107e+02     0.0876      1.204      1.746    25.7731 0.0000e+00
      1.246      0.076     5.5334     69.750     28.822  29.271703     2.1600     0.6322     0.0000     0.2115 3.3451e+02     0.1027      1.222      1.773    25.7733 0.0000e+00
      1.266      0.077     5.5392     70.903     28.821  29.268191     2.1600     0.5979     0.0000     0.2115 4.9121e+02     0.2981      1.241      1.800    25.7737 0.0000e+00
      1.285      0.078     5.5656     72.398     28.823  29.265620     2.1600     0.6055     0.0000     0.2115 3.9287e+02     0.3281      1.261      1.828    25.7745 0.0000e+00
      1.305      0.078     5.6125     74.255     28.825  29.261322     2.0700     0.6360     0.0426     0.2538 4.9474e+02     0.2379      1.280      1.857    25.7752 0.0000e+00
      1.326      0.077     5.6818     76.364     28.826  29.256132     2.0700     0.5979     0.0426     0.2538 3.9751e+02     0.1929      1.300      1.886    25.7745 0.0000e+00
      1.347      0.075     5.7762     78.464     28.830  29.254605     2.0700     0.6131     0.0426     0.2538 3.5036e+02     0.2229      1.321      1.915    25.7699 0.0000e+00
      1.366      0.072     5.8990     80.271     28.835  29.254354     2.0700     0.5788     0.0426     0.2538 3.9621e+02     0.1929      1.340      1.943    25.7607 0.0000e+00
      1.385      0.069     6.0516     81.560     28.839  29.255311     2.0700     0.6055     0.0426     0.2538 4.4140e+02     0.2981      1.358      1.969    25.7494 0.0000e+00
      1.402      0.065     6.2247     82.182     28.848  29.261691     2.1600     0.5940     0.0000     0.0846 3.4402e+02     0.2379      1.374      1.993    25.7389 0.0000e+00
      1.417      0.061     6.3970     82.074     28.859  29.271236     2.1600     0.6780     0.0000     0.0846 3.6442e+02     0.2530      1.389      2.015    25.7296 0.0000e+00
      1.431      0.059     6.5452     81.303     28.870  29.280552     2.1600     0.6513     0.0000     0.0846 3.3692e+02     0.1929      1.403      2.035    25.7215 0.0000e+00
      1.445      0.059     6.6510     80.081     28.874  29.284203     2.1600     0.6513     0.0000     0.0846 5.3640e+02     0.2680      1.417      2.055    25.7152 0.0000e+00
      1.459      0.060     6.7022     78.736     28.874  29.283162     2.1600     0.6703     0.0426     0.2538 3.4358e+02     0.2680      1.431      2.075    25.7110 0.0000e+00
      1.474      0.062     6.6937     77.600     28.879  29.287053     2.1600     0.6856     0.0426     0.2538 5.8067e+02     0.2981      1.445      2.096    25.7081 0.0000e+00
      1.490      0.065     6.6311     76.903     28.884  29.290971     2.1600     0.6665     0.0426     0.2538 2.7743e+02     0.2830      1.461      2.119    25.7059 0.0000e+00
      1.507      0.067     6.5316     76.703     28.885  29.292003     2.1600     0.6818     0.0426     0.2538 4.2967e+02     0.1027      1.478      2.144    25.7044 0.0000e+00
      1.526      0.070     6.4221     76.868     28.893  29.302302     2.1600     0.6284     0.0000     0.0846 2.5083e+02     0.1929      1.496      2.170    25.7028 0.0000e+00
      1.544      0.072     6.3297     77.152     28.904  29.316695     2.1600     0.5712     0.0000     0.0846 4.7763e+02     0.2379      1.514      2.196    25.7002 0.0000e+00
      1.562      0.073     6.2731     77.319     28.905  29.323181     2.1600     0.5864     0.0000     0.0846 3.1293e+02     0.1929      1.532      2.222    25.6978 0.0000e+00
      1.580      0.075     6.2568     77.202     28.905  29.329431     2.1600     0.6322     0.0000     0.0846 2.7171e+02     0.1778      1.550      2.248    25.6982 0.0000e+00
      1.599      0.078     6.2698     76.737     28.906  29.337111     2.1600     0.5826     0.0000     0.0846 2.7018e+02     0.2379      1.568      2.274    25.7022 0.0000e+00
      1.619      0.081     6.2922     75.962     28.902  29.340351     2.1600     0.6398     0.0000     0.1692 3.8509e+02     0.2379      1.588      2.303    25.7088 0.0000e+00
      1.640      0.084     6.3048     74.988     28.902  29.347933     2.1600     0.6513     0.0000     0.1692 2.4131e+02     0.1628      1.608      2.333    25.7175 0.0000e+00
      1.662      0.087     6.2942     73.980     28.912  29.365841     2.1600     0.6589     0.0000     0.1692 3.1096e+02     0.2229      1.630      2.364    25.7282 0.0000e+00
      1.685      0.089     6.2549     73.129     28.926  29.386970     2.1600     0.6627     0.0000     0.1692 2.3155e+02     0.2830      1.653      2.397    25.7404 0.0000e+00
      1.709      0.091     6.1902     72.607     28.941  29.409035     2.0700     0.6055     0.0426     0.1692 3.3663e+02     0.2981      1.676      2.430    25.7534 0.0000e+00
      1.732      0.092     6.1095     72.509     28.960  29.433962     2.0700     0.6246     0.0426     0.1692 2.3818e+02     0.1027      1.699      2.464    25.7661 0.0000e+00
      1.756      0.091     6.0259     72.854     28.977  29.456519     2.0700     0.5864     0.0426     0.1692 2.3849e+02     0.2981      1.722      2.498    25.7786 0.0000e+00
      1.780      0.090     5.9553     73.614     28.992  29.474800     2.0700     0.6131     0.0426     0.1692 2.9651e+02     0.2379      1.745      2.531    25.7909 0.0000e+00
      1.803      0.089     5.9115     74.682     29.010  29.493683     2.1600     1.0366     0.0426     0.2115 2.0109e+02     0.3582      1.768      2.564    25.8025 0.0000e+00
      1.825      0.087     5.9024     75.860     29.032  29.514242     2.1600     1.0175     0.0426     0.2115 3.0560e+02     0.1929      1.790      2.596    25.8129 0.0000e+00
      1.847      0.085     5.9295     76.929     29.056  29.534040     2.1600     1.0289     0.0426     0.2115 2.7581e+02     0.2530      1.811      2.627    25.8212 0.0000e+00
      1.868      0.082     5.9908     77.733     29.080  29.550436     2.1600     0.9946     0.0426     0.2115 2.7980e+02     0.2830      1.832      2.657    25.8266 0.0000e+00
      1.889      0.080     6.0775     78.210     29.099  29.559884     2.1600     1.2044     0.0000     0.2115 3.8787e+02     0.2680      1.852      2.686    25.8280 0.0000e+00
      1.909      0.077     6.1738     78.383     29.110  29.556983     2.1600     1.1853     0.0000     0.2115 2.6489e+02     0.2981      1.872      2.715    25.8246 0.0000e+00
      1.928      0.075     6.2618     78.339     29.112  29.540959     2.1600     1.2082     0.0000     0.2115 3.3097e+02     0.2079      1.891      2.743    25.8165 0.0000e+00
      1.947      0.073     6.3287     78.224     29.111  29.515457     2.1600     1.1853     0.0000     0.2115 2.9903e+02     0.1929      1.909      2.769    25.8036 0.0000e+00
      1.965      0.070     6.3696     78.203     29.107  29.481595     2.1600     0.8153     0.0000     0.2115 3.8251e+02     0.1929      1.927      2.795    25.7859 0.0000e+00
      1.983      0.068     6.3864     78.399     29.103  29.446181     2.5200     0.8229     0.0000     0.2961 2.7647e+02     0.2079      1.944      2.820    25.7622 0.0000e+00
      2.000      0.065     6.3866     78.826     29.100  29.411648     2.5200     0.8229     0.0000     0.2961 3.0381e+02     0.2379      1.961      2.844    25.7301 0.0000e+00
      2.016      0.063     6.3821     79.389     29.095  29.376707     2.5200     0.8153     0.0000     0.2961 2.8982e+02     0.2830      1.977      2.868    25.6879 0.0000e+00
      2.032      0.060     6.3864     79.960     29.098  29.347876     2.5200     0.8992     0.0000     0.2961 3.1306e+02     0.2379      1.992      2.890    25.6371 0.0000e+00
      2.046      0.058     6.4089     80.440     29.104  29.313509     2.7000     0.8878     0.0426     0.3384 3.1821e+02     0.1929      2.007      2.910    25.5824 0.0000e+00
      2.060      0.055     6.4501     80.757     29.101  29.252561     2.7000     0.8954     0.0426     0.3384 3.4763e+02     0.2680      2.021      2.930    25.5289 0.0000e+00
      2.074      0.053     6.5023     80.898     29.088  29.160655     2.7000     0.9297     0.0426     0.3384 3.1931e+02     0.2079      2.034      2.950    25.4778 0.0000e+00
      2.087      0.052     6.5557     80.900     29.071  29.050898     2.7000     0.8802     0.0426     0.3384 3.5097e+02     0.2680      2.047      2.969    25.4233 0.0000e+00
      2.100      0.051     6.6035     80.829     29.061  28.945492     2.7900     0.8573     0.0426     0.3807 3.1029e+02     0.3732      2.060      2.987    25.3535 0.0000e+00
      2.113      0.051     6.6417     80.761     29.060  28.849979     2.7900     0.8649     0.0426     0.3807 2.8101e+02     0.2981      2.072      3.005    25.2533 0.0000e+00
      2.125      0.052     6.6699     80.777     29.058  28.756705     2.7900     0.8878     0.0426     0.3807 2.9465e+02     0.1929      2.084      3.023    25.1178 0.0000e+00
      2.138      0.052     6.6896     80.922     29.051  28.664550     2.7900     0.8153     0.0426     0.3807 4.4671e+02     0.2680      2.097      3.042    24.9593 0.0000e+00
      2.152      0.053     6.7041     81.198     29.043  28.578633     2.7900     0.8496     0.0000     0.2961 2.9388e+02     0.2379      2.111      3.061    24.7941 0.0000e+00
      2.166      0.054     6.7186     81.565     29.037  28.503755     2.7900     0.8344     0.0000     0.2961 2.8969e+02     0.1929      2.124      3.081    24.6322 0.0000e+00
      2.180      0.054     6.7395     81.957     29.032  28.439746     2.7900     0.8153     0.0000     0.2961 3.6291e+02     0.2530      2.138      3.101    24.4759 0.0000e+00
      2.194      0.054     6.7703     82.300     29.029  28.385371     2.7900     0.7505     0.0000     0.2961 2.6581e+02     0.3582      2.151      3.120    24.3279 0.0000e+00
      2.207      0.054     6.8103     82.539     29.031  28.341966     2.7900     0.7772     0.0000     0.2961 3.4892e+02     0.1929      2.165      3.140    24.1938 0.0000e+00
      2.221      0.054     6.8561     82.666     29.038  28.309836     2.7900     0.7695     0.0426     0.2538 3.0322e+02     0.3281      2.179      3.159    24.0762 0.0000e+00
      2.235      0.053     6.9022     82.727     29.048  28.286348     2.7900     0.7733     0.0426     0.2538 3.1232e+02     0.3281      2.192      3.179    23.9738 0.0000e+00
      2.249      0.053     6.9425     82.838     29.062  28.269198     2.7900     0.8992     0.0426     0.2538 2.9929e+02     0.5235      2.205      3.198    23.8847 0.0000e+00
      2.262      0.053     6.9727     83.164     29.075  28.253812     2.7900     0.8954     0.0426     0.2538 2.9741e+02     0.5536      2.218      3.217    23.8076 0.0000e+00
      2.275      0.053     6.9921     83.805     29.080  28.234106     2.7900     0.8878     0.0426     0.4230 2.9561e+02     0.4634      2.231      3.236    23.7412 0.0000e+00
      2.289      0.053     7.0048     84.738     29.083  28.214722     2.7900     0.8763     0.0426     0.4230 2.6151e+02     0.4935      2.244      3.255    23.6829 0.0000e+00
      2.302      0.052     7.0213     85.850     29.092  28.204349     2.7900     0.8802     0.0426     0.4230 3.3227e+02     0.4784      2.258      3.274    23.6301 0.0000e+00
      2.316      0.052     7.0553     87.030     29.101  28.194281     2.7900     0.8840     0.0426     0.4230 2.8101e+02     0.4634      2.271      3.294    23.5818 0.0000e+00
      2.329      0.052     7.1155     88.241     29.094  28.167975     2.7900     0.8992     0.0000     0.2961 2.7438e+02     0.4935      2.284      3.313    23.5390 0.0000e+00
      2.343      0.051     7.1998     89.485     29.075  28.128312     2.7900     0.8992     0.0000     0.2961 2.3792e+02     0.4634      2.297      3.332    23.5018 0.0000e+00
      2.356      0.050     7.2988     90.746     29.057  28.090454     2.7900     0.8992     0.0000     0.2961 2.5667e+02     0.4935      2.310      3.351    23.4687 0.0000e+00
