Data/DataNotYetUploadedToEDI/Raw_CTD/RawDownloads/070325_fcr40_S7809002.cnv
* Sea-Bird SBE19plus  Data File:
* FileName = C:\R\Reservoirs\Data\DataNotYetUploadedToEDI\Raw_CTD\RawDownloads\070325_fcr50_S7809_0002.hex
* Software version 2.8.0.119
* Temperature SN = 7809
* Conductivity SN = 7809
* System UpLoad Time = Jul 07 2025 16:17:54
* <ApplicationData>
* <Seaterm232>
# nquan = 15
# nvalues = 2585                        
# units = specified
# name 0 = depFM: Depth [fresh water, m]
# name 1 = dz/dtM: Descent Rate [m/s]
# name 2 = sbeox0Mg/L: Oxygen, SBE 43 [mg/l]
# name 3 = sbeox0PS: Oxygen, SBE 43 [% saturation]
# name 4 = specc: Specific Conductance [uS/cm]
# name 5 = c0uS/cm: Conductivity [uS/cm]
# name 6 = flECO-AFL: Fluorescence, WET Labs ECO-AFL/FL [mg/m^3]
# name 7 = ph: pH
# name 8 = orp: Oxidation Reduction Potential [mV]
# name 9 = par/sat/log: PAR/Logarithmic, Satlantic
# name 10 = turbWETntu0: Turbidity, WET Labs ECO [NTU]
# name 11 = prdM: Pressure, Strain Gauge [db]
# name 12 = prdE: Pressure, Strain Gauge [psi]
# name 13 = tv290C: Temperature [ITS-90, deg C]
# name 14 = flag:  0.000e+00
# span 0 =     -0.656,      5.377       
# span 1 =     -0.445,      0.134       
# span 2 =     0.0319,     9.6134       
# span 3 =      0.320,    113.318       
# span 4 =      0.821,     70.100       
# span 5 =   0.825241,  52.954117       
# span 6 =    -0.3076,    21.5089       
# span 7 =      6.883,      8.992       
# span 8 = -1240.7455,   215.6370       
# span 9 = 3.1619e-01, 2.5093e+03       
# span 10 =    -0.0185,   361.0258      
# span 11 =     -0.644,      5.274      
# span 12 =     -0.934,      7.649      
# span 13 =    11.0672,    27.3317      
# span 14 = 0.0000e+00, 0.0000e+00      
# interval = seconds: 0.25
# start_time = Jul 03 2025 10:11:39 [Instrument's time stamp, header]
# bad_flag = -9.990e-29
*END*
[from data line 1350]
      2.374      0.008     2.6678     26.755     38.872  33.031843     4.0646      8.361   210.1252 3.4367e+01     5.6069      2.327      3.376    17.5567 0.0000e+00
      2.376      0.008     2.6685     26.210     38.884  33.031749     4.1277      8.358   210.1391 3.4305e+01     5.5244      2.330      3.379    17.5525 0.0000e+00
      2.378      0.009     2.6376     25.460     38.916  33.044224     4.1407      8.357   210.2029 3.4330e+01     5.3795      2.332      3.383    17.5239 0.0000e+00
      2.380      0.009     2.6003     24.585     38.956  33.055762     4.1481      8.356   210.2949 3.4300e+01     5.4259      2.334      3.385    17.4967 0.0000e+00
      2.382      0.009     2.5627     23.773     38.965  33.044343     4.2254      8.354   210.3899 3.4204e+01     5.5733      2.336      3.388    17.4822 0.0000e+00
      2.385      0.009     2.5172     23.120     38.957  33.033018     4.3093      8.353   210.4056 3.4086e+01     5.5571      2.339      3.392    17.4732 0.0000e+00
      2.387      0.008     2.4421     22.515     38.953  33.045713     4.3134      8.352   210.3976 3.4033e+01     5.4351      2.341      3.395    17.4556 0.0000e+00
      2.390      0.007     2.3526     21.838     38.944  33.070970     4.2922      8.351   210.3792 3.3940e+01     5.3959      2.344      3.399    17.4208 0.0000e+00
      2.392      0.006     2.2709     21.180     38.915  33.084673     4.2856      8.349   210.3562 3.3849e+01     5.4587      2.346      3.402    17.3917 0.0000e+00
      2.392      0.005     2.2143     20.733     38.877  33.084564     4.2658      8.347   210.3774 3.3812e+01     5.5108      2.346      3.403    17.3840 0.0000e+00
      2.393      0.005     2.1634     20.691     38.837  33.069690     4.2359      8.345   210.3774 3.3660e+01     5.4458      2.346      3.403    17.4043 0.0000e+00
      2.394      0.005     2.0897     21.152     38.789  33.031739     4.1995      8.345   210.3569 3.3504e+01     5.3561      2.347      3.405    17.4530 0.0000e+00
      2.395      0.006     2.0189     22.091     38.769  33.006356     4.1668      8.344   210.3873 3.3424e+01     5.3486      2.348      3.406    17.5079 0.0000e+00
      2.396      0.007     1.9663     23.396     38.794  33.016540     4.1473      8.342   210.4861 3.3398e+01     5.4230      2.350      3.408    17.5526 0.0000e+00
      2.398      0.008     1.9576     24.856     38.814  33.027980     4.1561      8.341   210.5201 3.3354e+01     5.5385      2.352      3.411    17.5799 0.0000e+00
      2.401      0.008     2.0036     26.176     38.799  33.017787     4.1657      8.339   210.4532 3.3256e+01     5.5494      2.354      3.415    17.5824 0.0000e+00
      2.403      0.008     2.0967     27.111     38.794  33.020186     4.1551      8.337   210.4519 3.3216e+01     5.5196      2.356      3.418    17.5627 0.0000e+00
      2.405      0.008     2.2297     27.606     38.829  33.056992     4.1774      8.335   210.5908 3.3101e+01     5.5886      2.359      3.421    17.5450 0.0000e+00
      2.407      0.008     2.3801     27.784     38.854  33.082160     4.2273      8.334   210.7558 3.2905e+01     5.6326      2.361      3.424    17.5394 0.0000e+00
      2.409      0.008     2.5160     27.759     38.842  33.070721     4.2511      8.333   210.8124 3.2807e+01     5.6072      2.363      3.427    17.5422 0.0000e+00
      2.411      0.008     2.6063     27.603     38.812  33.045573     4.2321      8.331   210.7585 3.2649e+01     5.5208      2.365      3.430    17.5545 0.0000e+00
      2.413      0.007     2.6466     27.427     38.788  33.031863     4.2381      8.330   210.6204 3.2555e+01     5.4419      2.366      3.432    17.5654 0.0000e+00
      2.414      0.007     2.6590     27.312     38.771  33.031853     4.3243      8.327   210.5184 3.2644e+01     5.5419      2.367      3.434    17.5722 0.0000e+00
      2.417      0.006     2.6568     27.283     38.764  33.045464     4.3916      8.326   210.6442 3.2577e+01     5.6027      2.370      3.437    17.5656 0.0000e+00
      2.419      0.006     2.6365     27.368     38.767  33.069579     4.4030      8.325   210.8516 3.2367e+01     5.5279      2.372      3.440    17.5621 0.0000e+00
      2.420      0.006     2.6164     27.596     38.751  33.069680     4.3864      8.324   210.8741 3.2217e+01     5.4907      2.373      3.442    17.5743 0.0000e+00
      2.421      0.006     2.6046     27.980     38.732  33.046707     4.3413      8.322   210.8307 3.2142e+01     5.4945      2.374      3.443    17.5916 0.0000e+00
      2.422      0.006     2.5992     28.505     38.757  33.045567     4.3325      8.320   210.8440 3.2055e+01     5.5737      2.375      3.446    17.6174 0.0000e+00
      2.424      0.006     2.6045     29.133     38.791  33.055867     4.3623      8.319   210.8624 3.1942e+01     5.5607      2.377      3.448    17.6498 0.0000e+00
      2.425      0.006     2.6242     29.746     38.783  33.044332     4.4021      8.318   210.8807 3.1890e+01     5.4055      2.378      3.450    17.6781 0.0000e+00
      2.427      0.006     2.6620     30.164     38.760  33.032986     4.4563      8.316   210.8927 3.1815e+01     5.3373      2.380      3.453    17.6668 0.0000e+00
      2.429      0.006     2.7153     30.277     38.755  33.045576     4.4938      8.315   210.9227 3.1682e+01     5.4191      2.382      3.455    17.6216 0.0000e+00
      2.431      0.005     2.7802     30.111     38.761  33.069693     4.5139      8.314   210.9851 3.1658e+01     5.5413      2.384      3.457    17.5977 0.0000e+00
      2.432      0.004     2.8467     29.747     38.735  33.070834     4.5076      8.313   211.0450 3.1609e+01     5.5164      2.384      3.458    17.5926 0.0000e+00
      2.433      0.003     2.8903     29.297     38.697  33.059399     4.4593      8.311   211.1306 3.1492e+01     5.3911      2.385      3.459    17.6029 0.0000e+00
      2.433      0.003     2.8971     28.901     38.693  33.058350     4.4380      8.310   211.2455 3.1485e+01     5.3931      2.386      3.461    17.6315 0.0000e+00
      2.433      0.003     2.8775     28.648     38.707  33.058153     4.4577      8.310   211.3153 3.1386e+01     5.5402      2.386      3.461    17.6487 0.0000e+00
      2.433      0.004     2.8378     28.590     38.720  33.056993     4.4810      8.309   211.3721 3.1193e+01     5.6327      2.386      3.460    17.6843 0.0000e+00
      2.434      0.005     2.7861     28.734     38.719  33.044316     4.5036      8.307   211.4166 3.1039e+01     5.5545      2.386      3.462    17.7247 0.0000e+00
      2.436      0.007     2.7467     28.988     38.716  33.031742     4.4978      8.305   211.4226 3.0880e+01     5.4152      2.388      3.464    17.7204 0.0000e+00
      2.438      0.009     2.7224     29.271     38.720  33.031837     4.5029      8.304   211.4447 3.0832e+01     5.4169      2.391      3.468    17.6966 0.0000e+00
      2.440      0.010     2.7155     29.539     38.731  33.045459     4.5404      8.302   211.5117 3.0823e+01     5.5400      2.393      3.471    17.6823 0.0000e+00
      2.443      0.010     2.7359     29.740     38.754  33.069568     4.6010      8.302   211.5443 3.0725e+01     5.6397      2.397      3.475    17.6675 0.0000e+00
      2.447      0.010     2.7630     29.837     38.759  33.069578     4.6784      8.302   211.5815 3.0634e+01     5.7000      2.400      3.480    17.6501 0.0000e+00
      2.449      0.009     2.7914     29.857     38.761  33.045577     4.7015      8.302   211.7027 3.0607e+01     5.6545      2.402      3.483    17.6462 0.0000e+00
      2.451      0.008     2.8182     29.846     38.806  33.033115     4.7138      8.301   211.7195 3.0551e+01     5.6367      2.404      3.486    17.6563 0.0000e+00
      2.453      0.007     2.8386     29.757     38.883  33.045705     4.7944      8.299   211.6987 3.0435e+01     5.6898      2.405      3.488    17.6641 0.0000e+00
      2.455      0.006     2.8472     29.472     38.956  33.070859     4.8692      8.298   211.7954 3.0385e+01     5.5443      2.407      3.490    17.6651 0.0000e+00
      2.456      0.006     2.8466     28.852     39.001  33.083436     4.8690      8.298   211.9420 3.0356e+01     5.3468      2.409      3.493    17.6399 0.0000e+00
      2.457      0.006     2.8534     27.819     39.012  33.070854     4.8505      8.298   212.0950 3.0271e+01     5.3169      2.410      3.495    17.5577 0.0000e+00
      2.459      0.007     2.8534     26.467     38.997  33.045594     4.9107      8.297   212.1824 3.0227e+01     5.4563      2.411      3.497    17.4766 0.0000e+00
      2.460      0.007     2.8335     25.016     38.981  33.031762     5.0309      8.296   212.2254 3.0231e+01     5.6654      2.413      3.499    17.4398 0.0000e+00
      2.462      0.007     2.7799     23.651     38.966  33.030504     5.0725      8.294   212.2695 3.0187e+01     5.6930      2.414      3.502    17.4089 0.0000e+00
      2.465      0.007     2.6793     22.459     38.953  33.030399     5.0471      8.292   212.2854 3.0112e+01     5.6545      2.417      3.505    17.3772 0.0000e+00
      2.467      0.008     2.5413     21.490     38.949  33.030502     5.1736      8.292   212.2454 3.0047e+01     5.7798      2.419      3.508    17.3587 0.0000e+00
      2.468      0.008     2.3955     20.841     38.950  33.031749     5.4618      8.291   212.2166 2.9926e+01     5.9094      2.420      3.510    17.3588 0.0000e+00
      2.470      0.008     2.2616     20.573     38.961  33.045475     5.6435      8.290   212.1957 2.9775e+01     5.8557      2.422      3.513    17.3804 0.0000e+00
      2.472      0.008     2.1453     20.565     38.981  33.069593     5.6721      8.289   212.1652 2.9650e+01     5.7119      2.424      3.516    17.3985 0.0000e+00
      2.474      0.009     2.0498     20.651     38.980  33.069593     5.9155      8.287   212.1907 2.9522e+01     5.7418      2.427      3.519    17.4000 0.0000e+00
      2.477      0.009     1.9817     20.749     38.954  33.045485     6.5140      8.286   212.2459 2.9390e+01     5.9097      2.429      3.524    17.3949 0.0000e+00
      2.479      0.009     1.9632     20.815     38.938  33.031873     7.0160      8.286   212.4026 2.9291e+01     5.9997      2.431      3.527    17.4036 0.0000e+00
      2.481      0.009     1.9683     20.836     38.933  33.031884     7.1915      8.285   212.5371 2.9256e+01     6.0098      2.433      3.529    17.4181 0.0000e+00
      2.484      0.009     1.9777     20.798     38.941  33.045622     7.2451      8.285   212.4946 2.9224e+01     5.9296      2.436      3.532    17.4145 0.0000e+00
      2.486      0.009     1.9899     20.708     38.968  33.071102     7.6983      8.283   212.4058 2.9126e+01     5.9528      2.439      3.536    17.4110 0.0000e+00
      2.488      0.009     1.9954     20.599     38.989  33.086203     8.5848      8.281   212.4103 2.9038e+01     6.1883      2.440      3.539    17.4093 0.0000e+00
      2.491      0.009     1.9987     20.509     39.009  33.101313     9.0911      8.280   212.4623 2.9000e+01     6.3511      2.442      3.543    17.4130 0.0000e+00
      2.493      0.008     1.9940     20.452     39.044  33.126917     9.1674      8.279   212.4324 2.8964e+01     6.3836      2.445      3.546    17.4293 0.0000e+00
      2.495      0.007     1.9840     20.432     39.084  33.142010     9.4491      8.278   212.3932 2.8920e+01     6.3082      2.447      3.548    17.4346 0.0000e+00
      2.497      0.006     1.9722     20.477     39.135  33.156888     9.9665      8.277   212.4183 2.8921e+01     6.2242      2.449      3.553    17.4224 0.0000e+00
      2.499      0.005     1.9632     20.570     39.195  33.179876    10.2720      8.276   212.4768 2.8948e+01     6.2908      2.450      3.554    17.4225 0.0000e+00
      2.499      0.005     1.9585     20.601     39.205  33.166152    10.2790      8.275   212.4993 2.8931e+01     6.2936      2.451      3.554    17.4283 0.0000e+00
      2.500      0.005     1.9555     20.488     39.166  33.117812     9.8774      8.274   212.5179 2.8894e+01     6.0877      2.452      3.556    17.4000 0.0000e+00
      2.501      0.005     1.9611     20.232     39.156  33.102932     9.1610      8.273   212.6154 2.8855e+01     5.8845      2.453      3.557    17.3564 0.0000e+00
      2.502      0.005     1.9775     19.877     39.162  33.113105     8.7993      8.272   212.7314 2.8839e+01     5.8868      2.454      3.559    17.3205 0.0000e+00
      2.504      0.006     1.9842     19.468     39.155  33.113935     8.8834      8.272   212.7165 2.8815e+01     6.0126      2.456      3.562    17.2927 0.0000e+00
      2.506      0.007     1.9737     19.024     39.155  33.112970     9.8445      8.272   212.6075 2.8810e+01     6.1761      2.457      3.564    17.2701 0.0000e+00
      2.507      0.007     1.9481     18.592     39.154  33.101445    11.5646      8.271   212.6175 2.8764e+01     6.3605      2.459      3.566    17.2606 0.0000e+00
      2.509      0.007     1.9111     18.221     39.171  33.101458    12.5022      8.270   212.7517 2.8641e+01     6.4655      2.460      3.568    17.2725 0.0000e+00
      2.512      0.007     1.8717     17.889     39.198  33.113110    12.6335      8.268   212.8536 2.8598e+01     6.5926      2.462      3.572    17.2855 0.0000e+00
      2.514      0.007     1.8276     17.554     39.199  33.115430    12.9937      8.266   212.8172 2.8563e+01     6.7698      2.465      3.576    17.2858 0.0000e+00
      2.516      0.007     1.7834     17.199     39.188  33.129501    13.5950      8.265   212.7414 2.8517e+01     6.7642      2.467      3.578    17.2681 0.0000e+00
      2.517      0.006     1.7504     16.822     39.177  33.156383    13.9030      8.264   212.7976 2.8546e+01     6.5924      2.468      3.580    17.2474 0.0000e+00
      2.518      0.006     1.7212     16.463     39.182  33.186742    13.9370      8.262   212.9805 2.8523e+01     6.5366      2.469      3.582    17.2311 0.0000e+00
      2.520      0.005     1.6889     16.200     39.247  33.242832    13.9805      8.262   213.1458 2.8438e+01     6.6023      2.471      3.584    17.2222 0.0000e+00
      2.521      0.005     1.6547     16.148     39.378  33.327029    14.3130      8.262   213.1616 2.8468e+01     6.7040      2.472      3.585    17.2586 0.0000e+00
      2.522      0.004     1.6142     16.392     39.494  33.379978    14.9113      8.261   213.0849 2.8488e+01     6.8091      2.473      3.587    17.3182 0.0000e+00
      2.523      0.004     1.5765     16.817     39.544  33.375428    15.2210      8.260   213.0795 2.8480e+01     6.7800      2.474      3.589    17.3553 0.0000e+00
      2.524      0.003     1.5475     17.198     39.544  33.335406    15.3690      8.259   213.1825 2.8530e+01     6.8305      2.475      3.590    17.3619 0.0000e+00
      2.525      0.003     1.5374     17.358     39.509  33.276677    16.8104      8.258   213.2975 2.8425e+01     7.2149      2.476      3.592    17.3224 0.0000e+00
      2.526      0.002     1.5688     17.158     39.480  33.236287    19.4151      8.256   213.3517 2.8336e+01     7.6698      2.477      3.593    17.2544 0.0000e+00
      2.526      0.002     1.6215     16.559     39.479  33.227692    20.8104      8.254   213.4079 2.8352e+01     7.8211      2.478      3.594    17.1916 0.0000e+00
      2.526      0.002     1.6638     15.644     39.494  33.236188    20.9135      8.252   213.5460 2.8322e+01     7.7466      2.477      3.593    17.1414 0.0000e+00
      2.527      0.003     1.6872     14.535     39.545  33.275563    21.0696      8.252   213.6450 2.8339e+01     7.8289      2.478      3.594    17.1022 0.0000e+00
      2.528      0.003     1.6697     13.373     39.606  33.323112    21.3743      8.252   213.5729 2.8387e+01     8.0994      2.478      3.594    17.0840 0.0000e+00
      2.529      0.004     1.6080     12.322     39.669  33.366994    21.5089      8.252   213.5348 2.8383e+01     8.1808      2.479      3.596    17.0801 0.0000e+00
