Data/DataNotYetUploadedToEDI/Raw_CTD/RawDownloads/070325_fcr20_S7809004.cnv
* Sea-Bird SBE19plus  Data File:
* FileName = C:\R\Reservoirs\Data\DataNotYetUploadedToEDI\Raw_CTD\RawDownloads\070325_fcr50_S7809_0004.hex
* Software version 2.8.0.119
* Temperature SN = 7809
* Conductivity SN = 7809
* System UpLoad Time = Jul 07 2025 16:19:59
* <ApplicationData>
* <Seaterm232>
# nquan = 15
# nvalues = 1738                        
# units = specified
# name 0 = depFM: Depth [fresh water, m]
# name 1 = dz/dtM: Descent Rate [m/s]
# name 2 = sbeox0Mg/L: Oxygen, SBE 43 [mg/l]
# name 3 = sbeox0PS: Oxygen, SBE 43 [% saturation]
# name 4 = specc: Specific Conductance [uS/cm]
# name 5 = c0uS/cm: Conductivity [uS/cm]
# name 6 = flECO-AFL: Fluorescence, WET Labs ECO-AFL/FL [mg/m^3]
# name 7 = ph: pH
# name 8 = orp: Oxidation Reduction Potential [mV]
# name 9 = par/sat/log: PAR/Logarithmic, Satlantic
# name 10 = turbWETntu0: Turbidity, WET Labs ECO [NTU]
# name 11 = prdM: Pressure, Strain Gauge [db]
# name 12 = prdE: Pressure, Strain Gauge [psi]
# name 13 = tv290C: Temperature [ITS-90, deg C]
# name 14 = flag:  0.000e+00
# span 0 =     -0.643,      3.722       
# span 1 =     -0.336,      0.181       
# span 2 =     0.0062,     9.0209       
# span 3 =      0.066,    108.788       
# span 4 =      1.703,     97.068       
# span 5 =   1.550803,  78.811947       
# span 6 =    -1.9729,   232.7177       
# span 7 =      7.837,      9.039       
# span 8 =  -207.6072,   348.1028       
# span 9 = 1.2367e-01, 2.6138e+03       
# span 10 =    -0.0538,   203.9186      
# span 11 =     -0.632,      3.651      
# span 12 =     -0.916,      5.296      
# span 13 =    12.3114,    26.5709      
# span 14 = 0.0000e+00, 0.0000e+00      
# interval = seconds: 0.25
# start_time = Jul 03 2025 10:48:02 [Instrument's time stamp, header]
# bad_flag = -9.990e-29
*END*
[from data line 675]
      2.004      0.011     1.6377     15.424     43.736  38.582237     7.9431      8.537   188.5985 2.7448e+01     7.9753      1.965      2.850    19.1630 0.0000e+00
      2.007      0.010     1.5967     14.713     43.754  38.596085     8.2629      8.533   188.6162 2.7391e+01     8.1244      1.968      2.854    19.1350 0.0000e+00
      2.009      0.009     1.5486     14.040     43.736  38.575722     8.3144      8.529   188.6740 2.7368e+01     8.1066      1.970      2.857    19.1124 0.0000e+00
      2.011      0.008     1.4920     13.507     43.758  38.589869     8.4906      8.527   188.7810 2.7331e+01     8.0327      1.972      2.861    19.1037 0.0000e+00
      2.013      0.008     1.4291     13.143     43.821  38.640212     8.8198      8.524   188.8778 2.7305e+01     8.0170      1.975      2.864    19.1036 0.0000e+00
      2.015      0.009     1.3613     12.928     43.866  38.676731     9.0158      8.520   188.9845 2.7302e+01     8.1224      1.976      2.865    19.1012 0.0000e+00
      2.016      0.011     1.2941     12.879     43.915  38.714116     9.1207      8.516   189.1237 2.7276e+01     8.2137      1.976      2.866    19.0972 0.0000e+00
      2.018      0.013     1.2444     12.971     44.000  38.774923    10.0961      8.514   189.1847 2.7226e+01     8.2331      1.978      2.870    19.0905 0.0000e+00
      2.022      0.015     1.2130     13.102     44.101  38.840791    11.8620      8.511   189.2053 2.7192e+01     8.2885      1.983      2.876    19.0833 0.0000e+00
      2.028      0.017     1.1913     13.183     44.172  38.875899    12.8274      8.508   189.2874 2.7165e+01     8.4396      1.988      2.884    19.0807 0.0000e+00
      2.033      0.017     1.1870     13.165     44.204  38.882070    12.9466      8.505   189.4020 2.7139e+01     8.5568      1.994      2.893    19.0772 0.0000e+00
      2.038      0.016     1.2006     13.007     44.252  38.915380    13.1866      8.502   189.4728 2.7128e+01     8.6118      2.000      2.900    19.0627 0.0000e+00
      2.042      0.016     1.2166     12.729     44.302  38.961339    13.6067      8.498   189.4549 2.7131e+01     8.6613      2.003      2.904    19.0338 0.0000e+00
      2.045      0.015     1.2254     12.364     44.337  38.993529    13.8224      8.495   189.3583 2.7152e+01     8.6424      2.005      2.909    18.9977 0.0000e+00
      2.047      0.015     1.2273     11.925     44.411  39.050759    13.9468      8.491   189.3365 2.7170e+01     8.6914      2.007      2.911    18.9684 0.0000e+00
      2.051      0.015     1.2114     11.460     44.545  39.145600    15.2769      8.487   189.5356 2.7170e+01     9.0494      2.011      2.916    18.9611 0.0000e+00
      2.056      0.015     1.1831     11.008     44.710  39.251770    17.6948      8.484   189.7861 2.7160e+01     9.5549      2.016      2.925    18.9697 0.0000e+00
      2.061      0.015     1.1509     10.591     44.836  39.319027    18.9944      8.480   189.7852 2.7141e+01     9.7817      2.021      2.932    18.9732 0.0000e+00
      2.065      0.015     1.1069     10.193     44.884  39.324128    19.0893      8.477   189.6970 2.7146e+01     9.7072      2.025      2.938    18.9663 0.0000e+00
      2.068      0.015     1.0638      9.753     44.902  39.313393    19.1416      8.473   189.8375 2.7161e+01     9.5761      2.028      2.942    18.9424 0.0000e+00
      2.071      0.015     1.0220      9.244     44.926  39.316118    19.7932      8.470   190.0218 2.7118e+01     9.6317      2.031      2.946    18.8943 0.0000e+00
      2.074      0.015     0.9837      8.692     44.991  39.357054    20.9828      8.467   190.0324 2.7050e+01     9.8673      2.034      2.951    18.8399 0.0000e+00
      2.078      0.016     0.9517      8.157     45.088  39.427560    21.6226      8.463   190.0517 2.6997e+01     9.9312      2.038      2.956    18.7972 0.0000e+00
      2.083      0.016     0.9112      7.698     45.153  39.470507    21.7449      8.459   190.1691 2.6936e+01     9.8227      2.043      2.962    18.7692 0.0000e+00
      2.088      0.017     0.8635      7.337     45.197  39.495528    22.7357      8.457   190.1613 2.6867e+01     9.8877      2.048      2.970    18.7515 0.0000e+00
      2.093      0.017     0.8103      7.073     45.264  39.539693    24.5885      8.454   190.1298 2.6810e+01    10.1370      2.053      2.977    18.7341 0.0000e+00
      2.097      0.017     0.7578      6.888     45.380  39.623708    25.6205      8.451   190.2183 2.6777e+01    10.2746      2.056      2.983    18.7178 0.0000e+00
      2.100      0.017     0.7153      6.777     45.548  39.749777    25.8660      8.448   190.2840 2.6744e+01    10.2204      2.059      2.987    18.7025 0.0000e+00
      2.104      0.017     0.6812      6.751     45.698  39.858165    27.6159      8.445   190.3220 2.6691e+01    10.1984      2.064      2.993    18.6869 0.0000e+00
      2.109      0.017     0.6580      6.779     45.795  39.918790    30.8227      8.442   190.3344 2.6635e+01    10.4182      2.068      3.000    18.6745 0.0000e+00
      2.114      0.017     0.6416      6.817     45.960  40.038507    32.5871      8.439   190.4331 2.6572e+01    10.6579      2.073      3.007    18.6551 0.0000e+00
      2.118      0.017     0.6297      6.844     46.201  40.226741    32.8021      8.436   190.6552 2.6507e+01    10.7049      2.077      3.012    18.6305 0.0000e+00
      2.122      0.017     0.6295      6.856     46.373  40.354229    33.3050      8.433   190.8687 2.6449e+01    10.8162      2.081      3.018    18.6089 0.0000e+00
      2.126      0.016     0.6340      6.861     46.497  40.437565    34.1896      8.430   191.1225 2.6366e+01    11.0816      2.086      3.025    18.5807 0.0000e+00
      2.130      0.015     0.6385      6.856     46.634  40.536210    34.6752      8.427   191.3140 2.6262e+01    11.2826      2.089      3.030    18.5510 0.0000e+00
      2.134      0.015     0.6414      6.835     46.723  40.594933    34.7161      8.425   191.3770 2.6179e+01    11.4019      2.093      3.036    18.5323 0.0000e+00
      2.138      0.015     0.6422      6.780     46.797  40.639837    34.4181      8.423   191.4549 2.6105e+01    11.4310      2.097      3.041    18.5080 0.0000e+00
      2.141      0.015     0.6439      6.690     46.959  40.761783    33.8262      8.421   191.5674 2.6035e+01    11.3277      2.099      3.044    18.4758 0.0000e+00
      2.144      0.016     0.6430      6.600     47.168  40.926966    33.4946      8.418   191.6188 2.5968e+01    11.2454      2.103      3.050    18.4562 0.0000e+00
      2.149      0.017     0.6423      6.524     47.332  41.050385    33.4384      8.415   191.6459 2.5876e+01    11.2900      2.107      3.056    18.4395 0.0000e+00
      2.154      0.017     0.6383      6.438     47.432  41.111600    32.9969      8.414   191.8093 2.5764e+01    11.3205      2.112      3.063    18.4164 0.0000e+00
      2.159      0.017     0.6277      6.353     47.519  41.159343    27.9983      8.412   192.0452 2.5647e+01    10.8972      2.117      3.071    18.3953 0.0000e+00
      2.163      0.017     0.6187      6.257     47.575  41.183338    18.8522      8.409   192.2621 2.5538e+01    10.1680      2.121      3.077    18.3801 0.0000e+00
      2.167      0.017     0.6144      6.132     47.562  41.147822    13.8580      8.407   192.3666 2.5463e+01     9.8143      2.126      3.084    18.3634 0.0000e+00
      2.171      0.017     0.6046      5.984     47.543  41.110696    13.2915      8.405   192.3626 2.5408e+01     9.8318      2.129      3.088    18.3330 0.0000e+00
      2.175      0.017     0.5977      5.787     47.563  41.115223    12.0188      8.402   192.4710 2.5333e+01     9.9348      2.133      3.093    18.3007 0.0000e+00
      2.180      0.017     0.5910      5.559     47.601  41.139081     9.7225      8.400   192.6454 2.5228e+01     9.9665      2.137      3.100    18.2797 0.0000e+00
      2.185      0.017     0.5767      5.342     47.625  41.145281     8.4500      8.398   192.7499 2.5114e+01     9.8742      2.142      3.107    18.2517 0.0000e+00
      2.190      0.016     0.5665      5.127     47.624  41.126691     8.3102      8.396   192.7885 2.5012e+01     9.8091      2.148      3.116    18.2250 0.0000e+00
      2.194      0.015     0.5466      4.914     47.617  41.104693     8.0734      8.393   192.7679 2.4954e+01     9.8967      2.152      3.121    18.2174 0.0000e+00
      2.197      0.014     0.5224      4.725     47.592  41.069686     7.6594      8.391   192.8448 2.4923e+01    10.0452      2.155      3.125    18.2101 0.0000e+00
      2.200      0.014     0.5042      4.569     47.547  41.020736     7.4159      8.389   193.0305 2.4879e+01     9.9996      2.157      3.129    18.1942 0.0000e+00
      2.203      0.014     0.4836      4.429     47.553  41.020574     7.3850      8.386   193.1203 2.4824e+01     9.8236      2.160      3.133    18.1739 0.0000e+00
      2.206      0.014     0.4627      4.309     47.614  41.067716     7.5522      8.383   193.1555 2.4756e+01     9.8298      2.165      3.138    18.1551 0.0000e+00
      2.210      0.015     0.4446      4.213     47.644  41.082988     7.8725      8.382   193.1983 2.4691e+01    10.0403      2.168      3.144    18.1413 0.0000e+00
      2.214      0.016     0.4310      4.116     47.655  41.078285     8.0622      8.381   193.2933 2.4631e+01    10.2163      2.173      3.150    18.1308 0.0000e+00
      2.219      0.016     0.4179      4.019     47.740  41.137756     8.0809      8.380   193.5302 2.4555e+01    10.1821      2.176      3.156    18.1271 0.0000e+00
      2.224      0.016     0.4052      3.927     47.862  41.230829     8.0901      8.378   193.8254 2.4476e+01    10.0368      2.181      3.163    18.1244 0.0000e+00
      2.228      0.017     0.3986      3.824     47.980  41.315062     8.1405      8.377   194.1095 2.4421e+01     9.9964      2.185      3.169    18.1129 0.0000e+00
      2.231      0.018     0.3890      3.726     48.170  41.458048     8.1906      8.376   194.3842 2.4376e+01    10.1037      2.188      3.174    18.0939 0.0000e+00
      2.235      0.019     0.3786      3.614     48.468  41.690270     8.2298      8.375   194.6515 2.4311e+01    10.2403      2.191      3.178    18.0796 0.0000e+00
      2.240      0.020     0.3728      3.454     48.743  41.901399     8.2407      8.374   194.8458 2.4225e+01    10.2483      2.196      3.184    18.0709 0.0000e+00
      2.246      0.020     0.3606      3.279     48.864  41.979751     8.3384      8.373   195.0136 2.4129e+01    10.2345      2.202      3.194    18.0527 0.0000e+00
      2.252      0.020     0.3522      3.085     48.992  42.066358     8.5704      8.373   195.3035 2.4044e+01    10.3805      2.209      3.204    18.0284 0.0000e+00
      2.258      0.019     0.3454      2.868     49.225  42.250351     8.7156      8.372   195.6834 2.3985e+01    10.5790      2.215      3.213    18.0047 0.0000e+00
      2.262      0.019     0.3262      2.654     49.445  42.427203     8.7291      8.371   195.9927 2.3955e+01    10.7224      2.220      3.219    17.9788 0.0000e+00
      2.266      0.019     0.3115      2.449     49.689  42.617883     8.4583      8.369   196.2038 2.3907e+01    10.7134      2.221      3.222    17.9506 0.0000e+00
      2.269      0.019     0.2941      2.269     50.137  42.969031     7.9390      8.369   196.4294 2.3805e+01    10.5729      2.225      3.227    17.9248 0.0000e+00
      2.274      0.020     0.2707      2.126     50.816  43.499214     7.6610      8.367   196.5699 2.3705e+01    10.4924      2.230      3.234    17.9101 0.0000e+00
      2.279      0.023     0.2520      1.999     51.558  44.077248     7.6023      8.366   196.6116 2.3640e+01    10.5595      2.235      3.242    17.9017 0.0000e+00
      2.285      0.025     0.2313      1.863     52.031  44.435541     7.1875      8.367   196.6759 2.3529e+01    10.7011      2.240      3.249    17.8856 0.0000e+00
      2.293      0.025     0.2138      1.713     52.028  44.403496     6.4153      8.367   196.6584 2.3366e+01    10.7012      2.247      3.260    17.8551 0.0000e+00
      2.301      0.024     0.2015      1.552     51.877  44.261068     5.9818      8.366   196.5722 2.3223e+01    10.5609      2.256      3.273    17.8004 0.0000e+00
      2.308      0.023     0.1908      1.387     51.849  44.236908     5.9319      8.365   196.4943 2.3103e+01    10.4734      2.264      3.283    17.7350 0.0000e+00
      2.314      0.022     0.1779      1.222     52.070  44.428759     5.8798      8.363   196.4045 2.3039e+01    10.4636      2.269      3.293    17.6915 0.0000e+00
      2.317      0.023     0.1638      1.066     53.923  46.009438     5.8005      8.361   196.3477 2.3006e+01    10.4766      2.272      3.296    17.6631 0.0000e+00
      2.320      0.024     0.1481      0.954     57.594  49.127861     5.7465      8.361   196.2367 2.2925e+01    10.4250      2.274      3.299    17.6501 0.0000e+00
      2.325      0.027     0.1321      0.894     60.321  51.405071     5.7185      8.362   196.0949 2.2775e+01    10.3177      2.279      3.306    17.6551 0.0000e+00
      2.333      0.030     0.1169      0.870     60.836  51.765322     5.6866      8.362   196.0969 2.2525e+01    10.4434      2.286      3.316    17.6592 0.0000e+00
      2.344      0.031     0.0995      0.872     60.332  51.261060     5.6610      8.363   196.1746 2.2245e+01    10.8528      2.299      3.335    17.6605 0.0000e+00
      2.355      0.030     0.0893      0.873     59.882  50.832481     5.6748      8.365   196.1732 2.2049e+01    11.1682      2.311      3.351    17.6579 0.0000e+00
      2.364      0.029     0.0842      0.840     59.614  50.583840     5.6868      8.367   196.0804 2.1920e+01    11.2502      2.319      3.362    17.6196 0.0000e+00
      2.369      0.026     0.0822      0.777     59.495  50.477145     5.6063      8.368   195.9989 2.1828e+01    11.1267      2.324      3.370    17.5376 0.0000e+00
      2.373      0.022     0.0833      0.711     59.512  50.494899     5.4505      8.368   195.9620 2.1753e+01    10.8712      2.327      3.376    17.4670 0.0000e+00
      2.378      0.019     0.0852      0.651     59.488  50.481026     5.3515      8.369   195.9785 2.1680e+01    10.7910      2.332      3.383    17.4332 0.0000e+00
      2.382      0.017     0.0818      0.601     59.428  50.436410     5.3505      8.369   196.0270 2.1593e+01    10.9091      2.336      3.389    17.4172 0.0000e+00
      2.387      0.016     0.0738      0.552     59.156  50.209437     5.3630      8.368   196.0318 2.1508e+01    10.8984      2.341      3.396    17.4136 0.0000e+00
      2.392      0.016     0.0686      0.519     58.636  49.768577     5.2861      8.368   195.9499 2.1450e+01    10.6958      2.347      3.403    17.4198 0.0000e+00
      2.396      0.016     0.0613      0.530     58.232  49.423682     5.1450      8.369   195.8115 2.1385e+01    10.5436      2.350      3.408    17.4259 0.0000e+00
      2.399      0.016     0.0579      0.569     58.066  49.277548     5.0559      8.370   195.8210 2.1288e+01    10.5946      2.352      3.412    17.4315 0.0000e+00
      2.402      0.015     0.0527      0.599     57.995  49.208045     5.0326      8.370   196.0654 2.1191e+01    10.6635      2.356      3.417    17.4361 0.0000e+00
      2.407      0.015     0.0473      0.619     58.015  49.218245     5.0297      8.370   196.3574 2.1106e+01    10.5910      2.361      3.424    17.4348 0.0000e+00
      2.411      0.016     0.0498      0.639     58.080  49.273882     5.0208      8.370   196.5112 2.1018e+01    10.4696      2.366      3.431    17.4338 0.0000e+00
      2.415      0.016     0.0552      0.649     58.197  49.372802     4.9994      8.370   196.5491 2.0931e+01    10.3235      2.368      3.435    17.4301 0.0000e+00
      2.418      0.016     0.0579      0.648     58.462  49.588871     4.9710      8.369   196.6431 2.0836e+01    10.2584      2.372      3.440    17.4180 0.0000e+00
      2.423      0.016     0.0587      0.641     58.799  49.854551     4.9269      8.367   196.7881 2.0747e+01    10.2292      2.376      3.447    17.4123 0.0000e+00
