Data/DataNotYetUploadedToEDI/Raw_CTD/RawDownloads/070325_fcr40_S7809002.cnv
* Sea-Bird SBE19plus  Data File:
* FileName = C:\R\Reservoirs\Data\DataNotYetUploadedToEDI\Raw_CTD\RawDownloads\070325_fcr50_S7809_0002.hex
* Software version 2.8.0.119
* Temperature SN = 7809
* Conductivity SN = 7809
* System UpLoad Time = Jul 07 2025 16:17:54
* <ApplicationData>
* <Seaterm232>
# nquan = 15
# nvalues = 2585                        
# units = specified
# name 0 = depFM: Depth [fresh water, m]
# name 1 = dz/dtM: Descent Rate [m/s]
# name 2 = sbeox0Mg/L: Oxygen, SBE 43 [mg/l]
# name 3 = sbeox0PS: Oxygen, SBE 43 [% saturation]
# name 4 = specc: Specific Conductance [uS/cm]
# name 5 = c0uS/cm: Conductivity [uS/cm]
# name 6 = flECO-AFL: Fluorescence, WET Labs ECO-AFL/FL [mg/m^3]
# name 7 = ph: pH
# name 8 = orp: Oxidation Reduction Potential [mV]
# name 9 = par/sat/log: PAR/Logarithmic, Satlantic
# name 10 = turbWETntu0: Turbidity, WET Labs ECO [NTU]
# name 11 = prdM: Pressure, Strain Gauge [db]
# name 12 = prdE: Pressure, Strain Gauge [psi]
# name 13 = tv290C: Temperature [ITS-90, deg C]
# name 14 = flag:  0.000e+00
# span 0 =     -0.656,      5.377       
# span 1 =     -0.445,      0.134       
# span 2 =     0.0319,     9.6134       
# span 3 =      0.320,    113.318       
# span 4 =      0.821,     70.100       
# span 5 =   0.825241,  52.954117       
# span 6 =    -0.3076,    21.5089       
# span 7 =      6.883,      8.992       
# span 8 = -1240.7455,   215.6370       
# span 9 = 3.1619e-01, 2.5093e+03       
# span 10 =    -0.0185,   361.0258      
# span 11 =     -0.644,      5.274      
# span 12 =     -0.934,      7.649      
# span 13 =    11.0672,    27.3317      
# span 14 = 0.0000e+00, 0.0000e+00      
# interval = seconds: 0.25
# start_time = Jul 03 2025 10:11:39 [Instrument's time stamp, header]
# bad_flag = -9.990e-29
*END*
[from data line 579]
      0.906      0.006     7.6957     95.712     34.606  35.764223     1.7080      8.952   157.0987 4.2507e+01     6.0043      0.888      1.289    26.6755 0.0000e+00
      0.907      0.006     7.6929     95.649     34.600  35.756773     1.7181      8.952   157.2252 4.2542e+01     5.9963      0.889      1.290    26.6733 0.0000e+00
      0.908      0.006     7.6875     95.534     34.582  35.737181     1.7050      8.952   157.3250 4.2615e+01     5.9806      0.890      1.291    26.6706 0.0000e+00
      0.909      0.006     7.6743     95.448     34.564  35.717685     1.6908      8.952   157.3586 4.2745e+01     5.9855      0.891      1.293    26.6679 0.0000e+00
      0.912      0.007     7.6705     95.453     34.559  35.711387     1.7044      8.952   157.2878 4.2861e+01     6.0548      0.894      1.297    26.6664 0.0000e+00
      0.914      0.007     7.6701     95.478     34.573  35.724481     1.7196      8.952   157.3290 4.2964e+01     6.0334      0.896      1.300    26.6651 0.0000e+00
      0.916      0.007     7.6564     95.438     34.598  35.749103     1.7002      8.952   157.5135 4.3080e+01     5.8978      0.898      1.302    26.6637 0.0000e+00
      0.917      0.007     7.6466     95.307     34.604  35.755295     1.6782      8.952   157.6248 4.3187e+01     5.8497      0.899      1.304    26.6624 0.0000e+00
      0.919      0.007     7.6514     95.160     34.586  35.735902     1.6939      8.953   157.5568 4.3305e+01     5.9301      0.901      1.307    26.6606 0.0000e+00
      0.920      0.007     7.6558     95.110     34.557  35.704969     1.7317      8.954   157.4656 4.3436e+01     6.0493      0.903      1.309    26.6585 0.0000e+00
      0.922      0.007     7.6542     95.160     34.553  35.698531     1.7526      8.954   157.5543 4.3550e+01     6.0277      0.904      1.311    26.6569 0.0000e+00
      0.924      0.007     7.6416     95.217     34.577  35.721500     1.7393      8.955   157.6827 4.3630e+01     5.9082      0.906      1.314    26.6563 0.0000e+00
      0.925      0.007     7.6244     95.208     34.585  35.728892     1.7206      8.957   157.7273 4.3659e+01     5.8677      0.908      1.316    26.6560 0.0000e+00
      0.927      0.007     7.6216     95.120     34.581  35.724452     1.7255      8.957   157.7493 4.3707e+01     5.9487      0.909      1.318    26.6545 0.0000e+00
      0.929      0.007     7.6293     95.000     34.588  35.731269     1.7567      8.958   157.7771 4.3794e+01     6.1017      0.911      1.321    26.6514 0.0000e+00
      0.931      0.006     7.6364     94.925     34.604  35.747864     1.7742      8.958   157.8051 4.3889e+01     6.1112      0.913      1.324    26.6487 0.0000e+00
      0.933      0.005     7.6364     94.909     34.592  35.734759     1.7455      8.958   157.8299 4.4021e+01     5.9274      0.915      1.327    26.6474 0.0000e+00
      0.935      0.004     7.6279     94.904     34.559  35.699718     1.7342      8.959   157.9046 4.4114e+01     5.8605      0.917      1.329    26.6471 0.0000e+00
      0.935      0.004     7.6153     94.918     34.565  35.704863     1.7622      8.960   158.0205 4.4118e+01     6.0194      0.917      1.330    26.6466 0.0000e+00
      0.935      0.005     7.6087     94.979     34.594  35.733522     1.7677      8.960   158.1122 4.4131e+01     6.0728      0.917      1.329    26.6461 0.0000e+00
      0.935      0.007     7.6105     95.051     34.590  35.728990     1.7589      8.960   158.1537 4.4279e+01     5.9253      0.916      1.329    26.6456 0.0000e+00
      0.937      0.008     7.6096     95.110     34.575  35.713509     1.7728      8.961   158.1777 4.4512e+01     5.8421      0.918      1.331    26.6442 0.0000e+00
      0.940      0.009     7.6087     95.186     34.598  35.736684     1.8019      8.962   158.2300 4.4714e+01     5.9205      0.922      1.337    26.6415 0.0000e+00
      0.944      0.010     7.6163     95.271     34.617  35.755406     1.8360      8.964   158.2697 4.4844e+01     6.0874      0.927      1.344    26.6400 0.0000e+00
      0.947      0.010     7.6234     95.319     34.612  35.749529     1.8607      8.964   158.3135 4.4915e+01     6.2207      0.930      1.348    26.6404 0.0000e+00
      0.949      0.010     7.6256     95.292     34.593  35.729078     1.8591      8.964   158.4160 4.5022e+01     6.2347      0.931      1.350    26.6406 0.0000e+00
      0.950      0.009     7.6325     95.183     34.565  35.698470     1.8251      8.965   158.4756 4.5167e+01     6.1877      0.931      1.351    26.6394 0.0000e+00
      0.953      0.009     7.6415     95.064     34.565  35.696685     1.8079      8.966   158.5186 4.5307e+01     6.1992      0.933      1.354    26.6379 0.0000e+00
      0.956      0.009     7.6459     94.970     34.577  35.707500     1.8177      8.966   158.6785 4.5446e+01     6.1345      0.937      1.359    26.6365 0.0000e+00
      0.959      0.009     7.6457     94.867     34.574  35.702337     1.8191      8.967   158.8597 4.5527e+01     5.9522      0.940      1.363    26.6356 0.0000e+00
      0.961      0.009     7.6333     94.772     34.571  35.697704     1.8163      8.967   158.9017 4.5601e+01     5.8736      0.942      1.366    26.6338 0.0000e+00
      0.963      0.008     7.6222     94.703     34.590  35.714921     1.8000      8.967   158.8424 4.5721e+01     5.9354      0.944      1.369    26.6315 0.0000e+00
      0.965      0.006     7.6188     94.648     34.597  35.720161     1.7974      8.968   158.7456 4.5790e+01     6.0505      0.946      1.372    26.6295 0.0000e+00
      0.967      0.005     7.6086     94.616     34.576  35.697609     1.8103      8.969   158.5912 4.5830e+01     6.0359      0.948      1.374    26.6255 0.0000e+00
      0.967      0.005     7.6014     94.576     34.576  35.696040     1.7964      8.970   158.6111 4.5883e+01     5.8948      0.948      1.375    26.6214 0.0000e+00
      0.968      0.005     7.5973     94.479     34.581  35.701193     1.7792      8.969   158.8140 4.5981e+01     5.8479      0.949      1.376    26.6187 0.0000e+00
      0.968      0.006     7.5918     94.358     34.576  35.696466     1.8278      8.969   158.8932 4.6168e+01     5.9812      0.950      1.377    26.6160 0.0000e+00
      0.969      0.006     7.5904     94.280     34.582  35.702333     1.9263      8.969   158.8802 4.6333e+01     6.1744      0.951      1.379    26.6141 0.0000e+00
      0.972      0.006     7.5902     94.232     34.589  35.708687     1.9540      8.970   158.9149 4.6470e+01     6.1678      0.954      1.383    26.6138 0.0000e+00
      0.975      0.006     7.5808     94.142     34.591  35.709832     1.9134      8.971   158.9694 4.6564e+01     6.0385      0.957      1.388    26.6146 0.0000e+00
      0.977      0.007     7.5679     93.974     34.599  35.716177     1.8924      8.971   159.0216 4.6576e+01     6.0460      0.958      1.390    26.6144 0.0000e+00
      0.977      0.007     7.5628     93.803     34.608  35.721950     1.8835      8.972   159.1162 4.6640e+01     6.1890      0.958      1.389    26.6137 0.0000e+00
      0.978      0.007     7.5611     93.691     34.605  35.716182     1.8643      8.973   159.2522 4.6784e+01     6.3332      0.958      1.390    26.6126 0.0000e+00
      0.980      0.007     7.5569     93.575     34.601  35.709886     1.8357      8.972   159.3759 4.6939e+01     6.2872      0.961      1.394    26.6107 0.0000e+00
      0.984      0.006     7.5401     93.435     34.600  35.709261     1.7952      8.972   159.4079 4.7055e+01     6.1109      0.966      1.401    26.6082 0.0000e+00
      0.987      0.005     7.5234     93.326     34.599  35.708626     1.7823      8.973   159.3806 4.7099e+01     6.0462      0.968      1.404    26.6038 0.0000e+00
      0.987      0.004     7.5197     93.245     34.591  35.702215     1.8129      8.974   159.3908 4.7077e+01     6.0850      0.968      1.404    26.5985 0.0000e+00
      0.987      0.004     7.5116     93.165     34.583  35.695198     1.8409      8.974   159.4458 4.7068e+01     6.1362      0.968      1.405    26.5947 0.0000e+00
      0.987      0.004     7.4968     93.121     34.576  35.687227     1.8293      8.974   159.5284 4.7132e+01     6.0849      0.968      1.404    26.5949 0.0000e+00
      0.987      0.005     7.4883     93.121     34.560  35.669290     1.7969      8.974   159.6144 4.7250e+01     5.9431      0.967      1.403    26.5975 0.0000e+00
      0.989      0.005     7.4839     93.108     34.561  35.668665     1.7993      8.974   159.7118 4.7395e+01     5.9252      0.969      1.406    26.6003 0.0000e+00
      0.993      0.006     7.4744     93.073     34.575  35.679672     1.8331      8.974   159.8451 4.7556e+01     5.9363      0.973      1.412    26.6017 0.0000e+00
      0.995      0.006     7.4704     93.024     34.574  35.675474     1.8561      8.974   159.9358 4.7696e+01     5.9070      0.975      1.415    26.6010 0.0000e+00
      0.996      0.006     7.4741     92.944     34.583  35.681346     1.8441      8.975   159.9486 4.7778e+01     5.9464      0.976      1.416    26.5995 0.0000e+00
      0.996      0.005     7.4726     92.817     34.590  35.687222     1.8217      8.976   159.9993 4.7838e+01     6.0029      0.977      1.417    26.5964 0.0000e+00
      0.997      0.005     7.4704     92.683     34.588  35.683072     1.8343      8.976   160.1188 4.7931e+01     6.0779      0.978      1.418    26.5909 0.0000e+00
      0.998      0.005     7.4674     92.592     34.601  35.694608     1.8562      8.977   160.2740 4.8007e+01     6.0671      0.978      1.419    26.5857 0.0000e+00
      0.999      0.006     7.4630     92.523     34.608  35.699808     1.8532      8.977   160.4139 4.8046e+01     5.9404      0.980      1.421    26.5820 0.0000e+00
      1.001      0.007     7.4517     92.436     34.596  35.682492     1.8396      8.977   160.4343 4.8094e+01     5.8789      0.982      1.424    26.5789 0.0000e+00
      1.004      0.007     7.4384     92.331     34.597  35.675582     1.8492      8.977   160.4333 4.8171e+01     5.9722      0.984      1.427    26.5767 0.0000e+00
      1.006      0.007     7.4332     92.237     34.611  35.679687     1.8864      8.977   160.4880 4.8233e+01     6.1119      0.986      1.430    26.5746 0.0000e+00
      1.008      0.007     7.4292     92.182     34.607  35.668663     1.8900      8.978   160.5800 4.8251e+01     6.0644      0.988      1.433    26.5719 0.0000e+00
      1.009      0.007     7.4228     92.182     34.611  35.669174     1.8513      8.978   160.7718 4.8291e+01     5.9109      0.989      1.435    26.5672 0.0000e+00
      1.010      0.007     7.4149     92.222     34.631  35.685863     1.8263      8.978   160.9134 4.8364e+01     5.8611      0.991      1.436    26.5545 0.0000e+00
      1.012      0.007     7.4094     92.307     34.631  35.680096     1.8288      8.978   160.9164 4.8464e+01     5.9402      0.992      1.439    26.5364 0.0000e+00
      1.015      0.006     7.4053     92.492     34.623  35.662890     1.8569      8.979   160.8936 4.8527e+01     6.0819      0.995      1.444    26.5243 0.0000e+00
      1.017      0.006     7.4070     92.800     34.636  35.668157     1.8905      8.979   160.8954 4.8527e+01     6.1403      0.998      1.447    26.5202 0.0000e+00
      1.019      0.006     7.4110     93.179     34.651  35.680316     1.9028      8.979   160.9381 4.8579e+01     6.1001      0.999      1.449    26.5184 0.0000e+00
      1.019      0.006     7.4162     93.590     34.653  35.683006     1.9219      8.979   161.0663 4.8624e+01     6.1075      0.999      1.449    26.5114 0.0000e+00
      1.020      0.006     7.4318     94.005     34.666  35.700672     1.9556      8.980   161.2408 4.8623e+01     6.1958      1.000      1.450    26.4947 0.0000e+00
      1.021      0.006     7.4620     94.336     34.660  35.703578     1.9524      8.980   161.3269 4.8630e+01     6.2108      1.001      1.452    26.4785 0.0000e+00
      1.023      0.006     7.4931     94.521     34.604  35.654712     1.8910      8.980   161.3338 4.8549e+01     6.0499      1.004      1.456    26.4778 0.0000e+00
      1.025      0.006     7.5257     94.572     34.564  35.617438     1.8296      8.979   161.2375 4.8430e+01     5.8556      1.006      1.459    26.4801 0.0000e+00
      1.027      0.006     7.5624     94.552     34.579  35.633598     1.8418      8.979   161.1100 4.8339e+01     5.8776      1.007      1.461    26.4820 0.0000e+00
      1.028      0.006     7.5886     94.527     34.602  35.659755     1.9057      8.980   161.2537 4.8143e+01     6.1107      1.008      1.462    26.5003 0.0000e+00
      1.028      0.006     7.6004     94.517     34.618  35.679913     1.9449      8.980   161.4266 4.7906e+01     6.2829      1.008      1.462    26.5176 0.0000e+00
      1.029      0.006     7.6022     94.456     34.626  35.686991     1.9412      8.980   161.3086 4.7752e+01     6.2168      1.010      1.464    26.5172 0.0000e+00
      1.032      0.007     7.5992     94.312     34.631  35.681882     1.9196      8.981   161.2893 4.7650e+01     6.0974      1.013      1.469    26.5172 0.0000e+00
      1.034      0.007     7.5941     94.107     34.651  35.681576     1.9327      8.981   161.5369 4.7575e+01     6.1719      1.015      1.471    26.5224 0.0000e+00
      1.036      0.007     7.5968     93.825     34.674  35.683252     1.9753      8.982   161.7212 4.7520e+01     6.2300      1.016      1.474    26.5278 0.0000e+00
      1.038      0.006     7.5924     93.527     34.704  35.702117     1.9931      8.982   161.7967 4.7455e+01     6.1166      1.018      1.477    26.5305 0.0000e+00
      1.039      0.006     7.5797     93.357     34.722  35.719302     1.9902      8.982   161.8482 4.7352e+01     6.0641      1.019      1.478    26.5186 0.0000e+00
      1.040      0.007     7.5711     93.361     34.709  35.700694     1.9897      8.982   161.9134 4.7253e+01     6.1419      1.020      1.479    26.4829 0.0000e+00
      1.041      0.007     7.5521     93.487     34.699  35.667467     2.0128      8.983   162.0686 4.7166e+01     6.2717      1.021      1.481    26.4424 0.0000e+00
      1.044      0.007     7.5243     93.685     34.701  35.634763     2.0197      8.984   162.1755 4.7126e+01     6.3008      1.024      1.485    26.4252 0.0000e+00
      1.047      0.007     7.5090     93.937     34.714  35.622454     1.9982      8.986   162.1732 4.7132e+01     6.1519      1.027      1.489    26.4300 0.0000e+00
      1.049      0.007     7.5112     94.256     34.746  35.645498     1.9861      8.986   162.2131 4.7023e+01     6.0435      1.029      1.492    26.4361 0.0000e+00
      1.051      0.006     7.5276     94.679     34.762  35.659586     1.9722      8.985   162.3142 4.6857e+01     6.1174      1.031      1.495    26.3984 0.0000e+00
      1.052      0.005     7.5536     95.196     34.769  35.665882     1.9638      8.985   162.3628 4.6707e+01     6.2597      1.031      1.496    26.3298 0.0000e+00
      1.053      0.005     7.5783     95.709     34.761  35.658176     1.9512      8.985   162.3711 4.6472e+01     6.2602      1.032      1.497    26.2932 0.0000e+00
      1.054      0.006     7.6039     96.154     34.735  35.629869     1.9115      8.985   162.4146 4.6247e+01     6.1241      1.034      1.499    26.2866 0.0000e+00
      1.055      0.006     7.6372     96.507     34.759  35.640865     1.8834      8.986   162.4585 4.6112e+01     6.0485      1.034      1.500    26.2836 0.0000e+00
      1.057      0.006     7.6839     96.698     34.812  35.664215     1.9027      8.986   162.4710 4.5974e+01     6.0973      1.036      1.503    26.2822 0.0000e+00
      1.059      0.006     7.7273     96.763     34.849  35.658335     1.9449      8.986   162.5659 4.5800e+01     6.2022      1.040      1.507    26.2843 0.0000e+00
      1.061      0.006     7.7606     96.910     34.869  35.633157     1.9523      8.987   162.7456 4.5622e+01     6.2236      1.042      1.510    26.2893 0.0000e+00
