Data/DataNotYetUploadedToEDI/Raw_CTD/RawDownloads/070325_fcr10_S7809005.cnv
* Sea-Bird SBE19plus  Data File:
* FileName = C:\R\Reservoirs\Data\DataNotYetUploadedToEDI\Raw_CTD\RawDownloads\070325_fcr50_S7809_0005.hex
* Software version 2.8.0.119
* Temperature SN = 7809
* Conductivity SN = 7809
* System UpLoad Time = Jul 07 2025 16:20:36
* <ApplicationData>
* <Seaterm232>
# nquan = 15
# nvalues = 1440                        
# units = specified
# name 0 = depFM: Depth [fresh water, m]
# name 1 = dz/dtM: Descent Rate [m/s]
# name 2 = sbeox0Mg/L: Oxygen, SBE 43 [mg/l]
# name 3 = sbeox0PS: Oxygen, SBE 43 [% saturation]
# name 4 = specc: Specific Conductance [uS/cm]
# name 5 = c0uS/cm: Conductivity [uS/cm]
# name 6 = flECO-AFL: Fluorescence, WET Labs ECO-AFL/FL [mg/m^3]
# name 7 = ph: pH
# name 8 = orp: Oxidation Reduction Potential [mV]
# name 9 = par/sat/log: PAR/Logarithmic, Satlantic
# name 10 = turbWETntu0: Turbidity, WET Labs ECO [NTU]
# name 11 = prdM: Pressure, Strain Gauge [db]
# name 12 = prdE: Pressure, Strain Gauge [psi]
# name 13 = tv290C: Temperature [ITS-90, deg C]
# name 14 = flag:  0.000e+00
# span 0 =     -0.654,      2.217       
# span 1 =     -4.242,      0.208       
# span 2 =     0.0046,     8.0170       
# span 3 =      0.069,     99.194       
# span 4 =      0.940,    119.634       
# span 5 =   0.874484, 102.792022       
# span 6 =    -1.9693,    24.1865       
# span 7 =      7.312,      9.078       
# span 8 =   -37.8616,   374.9574       
# span 9 = 1.6244e+00, 2.6349e+03       
# span 10 =    -8.4485,   109.0394      
# span 11 =     -0.641,      2.175      
# span 12 =     -0.930,      3.154      
# span 13 =    17.9231,    26.6485      
# span 14 = 0.0000e+00, 0.0000e+00      
# interval = seconds: 0.25
# start_time = Jul 03 2025 11:01:41 [Instrument's time stamp, header]
# bad_flag = -9.990e-29
*END*
[from data line 1157]
      2.210     -4.242     0.0216      0.185    110.159  94.636331     7.4315      8.546   -12.2071 1.7661e+00    24.6662      2.168      3.144    17.9675 0.0000e+00
      2.210     -4.242     0.0230      0.185    110.344  94.787916     7.4510      8.547   -12.4717 1.7714e+00    24.5713      2.167      3.143    17.9623 0.0000e+00
      2.210     -0.386     0.0168      0.197    110.461  94.880381     7.4695      8.547   -12.6929 1.7797e+00    24.5853      2.167      3.143    17.9578 0.0000e+00
      2.210     -0.035     0.0178      0.195    110.597  94.990669     7.4557      8.547   -12.8166 1.7814e+00    24.3908      2.168      3.144    17.9538 0.0000e+00
      2.210     -0.003     0.0179      0.184    110.734  95.103210     7.4257      8.548   -13.1075 1.7858e+00    24.0296      2.167      3.143    17.9504 0.0000e+00
      2.210     -0.000     0.0159      0.190    110.805  95.159278     7.4063      8.549   -13.6292 1.8067e+00    23.8054      2.167      3.143    17.9470 0.0000e+00
      2.210     -0.000     0.0200      0.203    110.810  95.159481     7.3956      8.549   -14.0472 1.8279e+00    23.7643      2.167      3.143    17.9431 0.0000e+00
      2.210     -0.000     0.0189      0.208    110.750  95.105666     7.3381      8.549   -14.2041 1.8303e+00    23.6689      2.167      3.143    17.9398 0.0000e+00
      2.210 2.2968e-07     0.0163      0.206    110.647  95.017694     7.2437      8.549   -14.2362 1.8299e+00    23.5744      2.167      3.143    17.9379 0.0000e+00
      2.210      0.000     0.0178      0.203    110.536  94.923093     7.2107      8.549   -14.4352 1.8364e+00    23.6120      2.167      3.142    17.9360 0.0000e+00
      2.210      0.000     0.0196      0.198    110.451  94.852764     7.2223      8.549   -14.8030 1.8411e+00    23.6453      2.167      3.143    17.9337 0.0000e+00
      2.210      0.001     0.0199      0.199    110.391  94.803709     7.1594      8.548   -15.0693 1.8375e+00    23.5674      2.167      3.143    17.9326 0.0000e+00
      2.210      0.002     0.0194      0.203    110.352  94.775438     7.0086      8.548   -15.4186 1.8466e+00    23.3873      2.167      3.143    17.9328 0.0000e+00
      2.211      0.002     0.0195      0.200    110.402  94.829124     6.9047      8.549   -15.8429 1.8908e+00    23.2098      2.168      3.144    17.9334 0.0000e+00
      2.211      0.003     0.0184      0.200    110.960  95.325559     6.8854      8.550   -15.8108 1.9455e+00    23.1286      2.168      3.145    17.9342 0.0000e+00
      2.212      0.003     0.0185      0.205    112.617  96.768603     6.8835      8.550   -15.4613 1.9984e+00    23.0547      2.170      3.147    17.9357 0.0000e+00
      2.213      0.004     0.0199      0.196    115.098  98.912180     6.9316      8.550   -15.5745 2.0519e+00    22.6918      2.170      3.148    17.9374 0.0000e+00
      2.214      0.004     0.0187      0.193    117.756 101.195025     7.0423      8.549   -16.3194 2.1161e+00    22.0886      2.171      3.149    17.9413 0.0000e+00
      2.215      0.003     0.0181      0.194    119.634 102.792022     7.1235      8.547   -17.4120 2.2278e+00    21.7732      2.172      3.151    17.9499 0.0000e+00
      2.216      0.000     0.0210      0.184    118.217 101.542997     7.1728      8.546   -18.7188 2.4167e+00    21.9529      2.174      3.152    17.9610 0.0000e+00
      2.217     -0.003     0.0176      0.178    113.824  97.740927     7.5883      8.544   -19.9879 2.7294e+00    24.3637      2.175      3.154    17.9665 0.0000e+00
      2.217     -0.007     0.0179      0.167    110.732  95.075430     8.3770      8.543   -21.1409 3.1950e+00    28.8215      2.175      3.154    17.9659 0.0000e+00
      2.214     -0.011     0.0195      0.141    109.403  93.946191     8.8101      8.543   -22.6798 3.8474e+00    31.4099      2.173      3.151    17.9600 0.0000e+00
      2.209     -0.015     0.0167      0.131    106.856  91.787202     8.7386      8.546   -25.1730 4.6906e+00    33.2170      2.168      3.144    17.9427 0.0000e+00
      2.203     -0.020     0.0169      0.141    102.988  88.504592     7.6706      8.554   -27.2803 5.4326e+00    50.6711      2.160      3.132    17.9270 0.0000e+00
      2.199     -0.024     0.0172      0.139    100.244  86.194230     5.7518      8.564   -27.5094 6.0830e+00    82.6828      2.155      3.126    17.9231 0.0000e+00
      2.195     -0.025     0.0124      0.131    100.319  86.309114     4.7234      8.576   -27.2556 7.3497e+00   100.2278      2.156      3.126    17.9289 0.0000e+00
      2.187     -0.025     0.0110      0.139    102.806  88.494179     4.6329      8.586   -27.6532 9.5763e+00   101.6760      2.146      3.113    17.9432 0.0000e+00
      2.177     -0.023     0.0146      0.160    104.999  90.412270     4.5993      8.592   -28.1002 1.2588e+01    99.0319      2.133      3.094    17.9636 0.0000e+00
      2.169     -0.020     0.0135      0.176    105.360  90.733683     4.5582      8.597   -28.3588 1.6067e+01    93.9121      2.125      3.082    17.9884 0.0000e+00
      2.164     -0.018     0.0116      0.184    105.360  90.726489     4.5111      8.600   -28.7150 1.9385e+01    91.0796      2.121      3.076    18.0135 0.0000e+00
      2.163     -0.020     0.0124      0.194    103.360  88.989206     4.4794      8.602   -28.8791 2.2237e+01    90.3025      2.121      3.076    18.0367 0.0000e+00
      2.163     -0.030     0.0156      0.193     97.026  83.531220     4.5900      8.604   -28.5362 2.4611e+01    84.9937      2.121      3.077    18.0535 0.0000e+00
      2.161     -0.051     0.0172      0.183     90.462  77.908187     4.8326      8.607   -28.1832 2.6313e+01    75.4317      2.120      3.075    18.0582 0.0000e+00
      2.153     -0.076     0.0167      0.189     86.939  74.931676     4.9910      8.609   -28.1374 2.7539e+01    70.2674      2.116      3.069    18.0530 0.0000e+00
      2.134     -0.096     0.0190      0.205     84.820  73.166257     5.0488      8.604   -28.2412 2.8761e+01    69.0094      2.099      3.045    18.0432 0.0000e+00
      2.096     -0.100     0.0193      0.217     83.494  72.073862     5.3158      8.594   -27.8896 3.0182e+01    59.5726      2.061      2.990    18.0341 0.0000e+00
      2.044     -0.087     0.0159      0.223     83.165  71.830965     5.7969      8.583   -27.2414 3.1301e+01    42.4207      2.001      2.903    18.0499 0.0000e+00
      2.002     -0.061     0.0177      0.232     83.412  72.072867     6.0631      8.574   -27.2013 3.1251e+01    33.1077      1.950      2.828    18.0917 0.0000e+00
      1.990     -0.028     0.0196      0.242     84.503  73.028202     6.1046      8.566   -27.6628 3.0061e+01    31.9582      1.942      2.815    18.1286 0.0000e+00
      2.005      0.002     0.0207      0.254     85.386  73.783104     6.2232      8.559   -28.2614 2.8514e+01    28.1460      1.963      2.847    18.1590 0.0000e+00
      2.032      0.015     0.0208      0.275     84.360  72.872845     6.4407      8.554   -29.1047 2.7381e+01    21.3787      1.995      2.894    18.1844 0.0000e+00
      2.055     -0.003     0.0217      0.286     82.786  71.493790     6.5622      8.553   -29.9437 2.6947e+01    17.7373      2.020      2.930    18.2014 0.0000e+00
      2.064     -0.053     0.0231      0.296     82.621  71.347872     6.5513      8.557   -30.2311 2.7200e+01    17.3554      2.031      2.945    18.2109 0.0000e+00
      2.052     -0.126     0.0228      0.322     82.411  71.172221     6.5078      8.566   -30.1706 2.8688e+01    17.2053      2.024      2.935    18.2055 0.0000e+00
      2.012     -0.206     0.0269      0.360     78.842  68.098592     6.3784      8.581   -30.7614 3.1778e+01    17.3913      1.985      2.879    18.1857 0.0000e+00
      1.942     -0.274     0.0270      0.399     71.468  61.765590     6.1522      8.606   -32.9004 3.5862e+01    17.9313      1.914      2.775    18.1704 0.0000e+00
      1.847     -0.312     0.0270      0.431     64.789  56.105896     6.0200      8.632   -35.8134 4.0314e+01    18.2679      1.818      2.636    18.1723 0.0000e+00
      1.734     -0.310     0.0302      0.471     62.704  54.492289     6.0790      8.653   -37.6754 4.4787e+01    18.3530      1.703      2.471    18.1784 0.0000e+00
      1.621     -0.271     0.0338      0.550     61.414  53.563193     6.6909      8.669   -37.8616 4.8248e+01    19.2336      1.578      2.289    18.1780 0.0000e+00
      1.538     -0.209     0.0385      0.734     56.500  49.443223     7.7668      8.682   -37.3776 4.9692e+01    20.9221      1.488      2.158    18.1882 0.0000e+00
      1.505     -0.139     0.0397      1.105     50.901  44.744590     8.3579      8.693   -36.9847 4.9581e+01    21.8241      1.462      2.121    18.2708 0.0000e+00
      1.508     -0.084     0.0436      1.724     48.133  42.592134     8.4612      8.703   -35.9507 4.8851e+01    21.8740      1.476      2.140    18.4455 0.0000e+00
      1.522     -0.063     0.0481      2.629     48.563  43.287226     8.6919      8.713   -34.2542 4.8011e+01    20.8425      1.495      2.169    18.6219 0.0000e+00
      1.532     -0.090     0.0620      3.946     50.181  44.960934     9.0329      8.723   -32.6471 4.7315e+01    18.6775      1.507      2.187    18.7463 0.0000e+00
      1.525     -0.159     0.0947      6.008     49.933  44.865529     9.1803      8.732   -31.1466 4.7082e+01    17.3882      1.506      2.185    18.9189 0.0000e+00
      1.485     -0.248     0.1497      8.993     47.655  42.959191     9.0748      8.738   -30.0495 4.7664e+01    17.1756      1.474      2.138    19.2302 0.0000e+00
      1.402     -0.325     0.2314     12.588     45.192  41.017654     7.9906      8.740   -29.6211 4.8919e+01    16.3462      1.389      2.014    19.5896 0.0000e+00
      1.280     -0.365     0.3356     16.312     43.743  40.114777     6.0178      8.739   -28.8920 5.0618e+01    14.7727      1.263      1.831    19.8445 0.0000e+00
      1.137     -0.357     0.5115     20.002     43.196  40.039967     4.9232      8.733   -26.9121 5.2703e+01    13.8289      1.115      1.616    19.9177 0.0000e+00
      1.004     -0.306     0.7981     24.156     42.844  40.050283     4.7522      8.723   -24.3527 5.4444e+01    13.5772      0.965      1.399    20.0046 0.0000e+00
      0.920     -0.227     1.1342     29.385     42.594  40.049601     4.2824      8.716   -22.5540 5.5219e+01    13.0958      0.877      1.271    20.3244 0.0000e+00
      0.897     -0.148     1.4664     35.510     42.416  40.032053     3.4878      8.713   -21.5125 5.5620e+01    12.4498      0.867      1.257    20.8446 0.0000e+00
      0.911     -0.101     1.7581     41.796     42.048  39.774850     3.0851      8.713   -20.3640 5.6117e+01    12.1537      0.892      1.295    21.3938 0.0000e+00
      0.931     -0.106     2.0776     47.589     41.582  39.414910     3.0508      8.715   -18.9055 5.6575e+01    12.0432      0.917      1.331    21.7786 0.0000e+00
      0.936     -0.161     2.5366     52.580     41.144  39.107086     3.0058      8.718   -17.3857 5.7160e+01    11.9007      0.931      1.351    22.0370 0.0000e+00
      0.900     -0.245     3.0871     56.555     40.468  38.591566     2.8573      8.722   -16.0990 5.8350e+01    11.5235      0.906      1.315    22.2177 0.0000e+00
      0.809     -0.320     3.6524     59.311     39.615  37.941356     2.6288      8.728   -15.0501 6.0406e+01    10.9324      0.809      1.174    22.2941 0.0000e+00
      0.674     -0.355     4.1555     61.025     39.021  37.591422     2.5236      8.733   -13.8234 6.3637e+01    10.6974      0.667      0.967    22.3683 0.0000e+00
      0.526     -0.343     4.5794     62.195     38.659  37.470220     2.5096      8.738   -12.2801 6.7798e+01    10.6628      0.509      0.737    22.5163 0.0000e+00
      0.405     -0.288     4.9228     63.388     38.289  37.301157     2.4677      8.742   -10.5860 7.1318e+01    10.5143      0.371      0.538    22.6668 0.0000e+00
      0.344     -0.207     5.1349     65.107     37.883  37.070466     2.4159      8.746    -8.9133 7.3417e+01    10.3366      0.317      0.459    22.8466 0.0000e+00
      0.336     -0.127     5.2341     67.470     37.466  36.838615     2.3910      8.751    -7.6294 7.4521e+01    10.2226      0.325      0.471    23.1576 0.0000e+00
      0.349     -0.073     5.2852     70.190     37.076  36.655512     2.4000      8.755    -6.7641 7.4856e+01    10.1956      0.343      0.498    23.4881 0.0000e+00
      0.359     -0.059     5.3457     73.120     36.849  36.633548     2.3832      8.759    -5.7644 7.4806e+01    10.0433      0.357      0.517    23.7156 0.0000e+00
      0.359     -0.079     5.4640     76.242     36.828  36.763706     2.3458      8.762    -4.4039 7.5088e+01     9.8159      0.360      0.522    23.9148 0.0000e+00
      0.336     -0.110     5.6570     79.390     36.895  36.896986     2.3310      8.765    -2.8761 7.6961e+01     9.7345      0.343      0.498    24.1447 0.0000e+00
      0.284     -0.135     5.8566     82.298     36.975  36.976066     2.3290      8.769    -1.3161 8.0383e+01     9.7430      0.286      0.414    24.4231 0.0000e+00
      0.218     -0.146     6.0631     84.588     37.049  37.021871     2.2970      8.772     0.1753 8.4937e+01     9.6791      0.208      0.301    24.7288 0.0000e+00
      0.166     -0.143     6.3049     85.951     37.128  37.070051     2.2185      8.775     1.4765 8.9749e+01     9.4742      0.152      0.221    24.9530 0.0000e+00
      0.140     -0.126     6.5597     86.326     37.205  37.114396     2.1872      8.777     2.6289 9.3190e+01     9.3832      0.133      0.192    25.0337 0.0000e+00
      0.125     -0.101     6.8178     85.904     37.240  37.113823     2.2274      8.780     3.7841 9.7324e+01     9.5701      0.126      0.183    25.0031 0.0000e+00
      0.107     -0.075     7.0229     84.995     37.225  37.063071     2.3212      8.783     5.0331 1.0378e+02    10.2306      0.107      0.155    24.9549 0.0000e+00
      0.085     -0.056     7.1424     83.831     37.125  36.944880     2.4383      8.786     6.2876 1.1078e+02    11.1523      0.081      0.117    24.9179 0.0000e+00
      0.068     -0.042     7.1724     82.542     36.857  36.699993     2.4784      8.789     7.3371 1.1576e+02    11.5252      0.064      0.093    24.8748 0.0000e+00
      0.059     -0.030     7.1340     81.362     36.467  36.386468     2.4814      8.791     8.2571 1.1725e+02    11.5284      0.056      0.080    24.8241 0.0000e+00
      0.057     -0.017     7.0577     80.587     36.152  36.199845     2.4834      8.794     9.2381 1.1742e+02    11.4980      0.054      0.078    24.7705 0.0000e+00
      0.059     -0.006     6.9658     80.438     35.949  36.156911     2.3605      8.796    10.3359 1.1919e+02    10.8855      0.058      0.084    24.7326 0.0000e+00
      0.062      0.003     6.8484     81.021     35.758  36.121403     2.1274      8.798    11.4639 1.2109e+02     9.8268      0.062      0.091    24.7541 0.0000e+00
      0.062      0.010     6.7264     82.188     35.593  36.088014     1.9789      8.799    12.4657 1.2171e+02     9.2184      0.061      0.088    24.8576 0.0000e+00
      0.062      0.015     6.6364     83.750     35.471  36.070656     1.9556      8.801    13.4142 1.2196e+02     9.1656      0.059      0.086    25.0411 0.0000e+00
      0.065      0.020     6.5861     85.603     35.356  36.038589     1.9206      8.803    14.4150 1.2077e+02     9.1886      0.063      0.092    25.2881 0.0000e+00
      0.072      0.026     6.6144     87.559     35.271  36.017668     1.8126      8.807    15.4460 1.1702e+02     9.0526      0.071      0.102    25.5188 0.0000e+00
      0.081      0.034     6.6941     89.396     35.213  36.008157     1.7247      8.811    16.3300 1.1179e+02     8.8874      0.079      0.115    25.7029 0.0000e+00
      0.091      0.039     6.8025     90.936     35.160  35.987115     1.7071      8.815    16.9294 1.0677e+02     8.8307      0.089      0.130    25.8517 0.0000e+00
      0.101      0.039     6.9456     92.055     35.111  35.953643     1.7656      8.819    17.4446 1.0157e+02     9.0163      0.098      0.143    25.9671 0.0000e+00
