Data/DataNotYetUploadedToEDI/Raw_CTD/RawDownloads/070323_fcr50_S8188025.cnv
* Sea-Bird SBE19plus  Data File:
* FileName = C:\R\Reservoirs\Data\DataNotYetUploadedToEDI\Raw_CTD\RawDownloads\062623_fcr50_S8188_0025.hex
* Software version 2.8.0.119
* Temperature SN = 8188
* Conductivity SN = 8188
* System UpLoad Time = Jul 03 2023 16:37:15
* <ApplicationData>
* <Seaterm232>
# nquan = 16
# nvalues = 1531                        
# units = specified
# name 0 = depFM: Depth [fresh water, m]
# name 1 = dz/dtM: Descent Rate [m/s]
# name 2 = sbeox0Mg/L: Oxygen, SBE 43 [mg/l]
# name 3 = sbeox0PS: Oxygen, SBE 43 [% saturation]
# name 4 = specc: Specific Conductance [uS/cm]
# name 5 = c0uS/cm: Conductivity [uS/cm]
# name 6 = wetCDOM: Fluorescence, WET Labs CDOM [mg/m^3]
# name 7 = flECO-AFL: Fluorescence, WET Labs ECO-AFL/FL [mg/m^3]
# name 8 = flECO-AFL1: Fluorescence, WET Labs ECO-AFL/FL, 2 [mg/m^3]
# name 9 = flECO-AFL2: Fluorescence, WET Labs ECO-AFL/FL, 3 [mg/m^3]
# name 10 = par/sat/log: PAR/Logarithmic, Satlantic
# name 11 = turbWETntu0: Turbidity, WET Labs ECO [NTU]
# name 12 = prdM: Pressure, Strain Gauge [db]
# name 13 = prdE: Pressure, Strain Gauge [psi]
# name 14 = tv290C: Temperature [ITS-90, deg C]
# name 15 = flag:  0.000e+00
# span 0 =     -0.676,      9.532       
# span 1 =     -0.415,      0.121       
# span 2 =    -2.3994,    14.4622       
# span 3 =    -21.628,    178.852       
# span 4 =     -0.267,    245.432       
# span 5 =  -0.291953, 175.321297       
# span 6 =    -4.5000,    15.6600       
# span 7 =    -0.2490,     3.8023       
# span 8 =    -2.1300,     1.9170       
# span 9 =    -2.0304,    20.7270       
# span 10 = 1.1572e-01, 1.1473e+03      
# span 11 =    -0.6789,   215.3793      
# span 12 =     -0.663,      9.347      
# span 13 =     -0.962,     13.557      
# span 14 =    10.6756,    29.7535      
# span 15 = 0.0000e+00, 0.0000e+00      
# interval = seconds: 0.25
# start_time = Jul 03 2023 12:55:25 [Instrument's time stamp, header]
# bad_flag = -9.990e-29
*END*
[from data line 633]
      3.925      0.040     6.7626     71.743     45.567  32.793918     3.6000     0.0943     0.0852     0.0423 6.0450e-01     5.1829      3.849      5.582    11.0278 0.0000e+00
      3.935      0.041     7.0720     73.392     45.571  32.785903     3.6000     0.0981     0.0852     0.0423 5.4771e-01     5.1077      3.859      5.597    11.0159 0.0000e+00
      3.946      0.042     7.3822     74.460     45.575  32.777924     3.6000     0.1286     0.0852     0.1692 5.3792e-01     5.2129      3.870      5.613    11.0045 0.0000e+00
      3.958      0.043     7.6703     75.012     45.571  32.763892     3.6000     0.1439     0.0852     0.1692 5.5731e-01     5.1979      3.881      5.629    10.9929 0.0000e+00
      3.969      0.043     7.9141     75.173     45.558  32.744025     3.6000     0.1019     0.0852     0.1692 5.5105e-01     5.1979      3.892      5.645    10.9811 0.0000e+00
      3.980      0.042     8.0981     75.090     45.548  32.726888     3.6000     0.0905     0.0852     0.1692 5.3118e-01     4.8221      3.903      5.661    10.9693 0.0000e+00
      3.991      0.041     8.2182     74.899     45.552  32.719793     3.6000     0.1134     0.0852     0.0846 5.3617e-01     4.9574      3.914      5.676    10.9575 0.0000e+00
      4.001      0.040     8.2812     74.699     45.565  32.718865     3.6000     0.1019     0.0852     0.0846 5.1571e-01     4.8973      3.924      5.691    10.9458 0.0000e+00
      4.012      0.039     8.3012     74.533     45.576  32.717918     3.6000     0.1096     0.0852     0.0846 4.9907e-01     4.9574      3.934      5.705    10.9341 0.0000e+00
      4.021      0.037     8.2941     74.415     45.579  32.710757     3.6000     0.1286     0.0852     0.0846 4.9723e-01     4.8071      3.943      5.719    10.9228 0.0000e+00
      4.030      0.035     8.2752     74.346     45.574  32.697453     3.5100     0.1210     0.0852     0.0846 4.7660e-01     4.9424      3.952      5.732    10.9119 0.0000e+00
      4.039      0.034     8.2550     74.326     45.573  32.688320     3.5100     0.1134     0.0852     0.0846 5.1437e-01     4.9875      3.961      5.745    10.9013 0.0000e+00
      4.048      0.032     8.2386     74.370     45.586  32.688844     3.5100     0.1172     0.0852     0.0846 5.1281e-01     4.9424      3.969      5.757    10.8910 0.0000e+00
      4.056      0.029     8.2275     74.506     45.599  32.691241     3.5100     0.1096     0.0852     0.0846 4.8813e-01     4.6869      3.977      5.768    10.8808 0.0000e+00
      4.063      0.027     8.2218     74.751     45.599  32.684270     3.6000     0.0943     0.1278     0.1269 4.8264e-01     4.7019      3.984      5.779    10.8708 0.0000e+00
      4.069      0.025     8.2215     75.101     45.587  32.670032     3.6000     0.1363     0.1278     0.1269 4.8538e-01     4.6718      3.991      5.788    10.8609 0.0000e+00
      4.075      0.023     8.2282     75.536     45.575  32.656612     3.6000     0.1134     0.1278     0.1269 4.9734e-01     4.6418      3.996      5.796    10.8516 0.0000e+00
      4.081      0.022     8.2448     76.011     45.564  32.644391     3.6000     0.1172     0.1278     0.1269 4.5228e-01     4.6267      4.002      5.804    10.8434 0.0000e+00
      4.086      0.021     8.2732     76.472     45.556  32.634072     3.6000     0.1248     0.1278     0.1269 4.8045e-01     4.7320      4.007      5.811    10.8363 0.0000e+00
      4.091      0.021     8.3132     76.873     45.551  32.626862     3.6000     0.0791     0.0852     0.0846 4.8180e-01     4.5516      4.012      5.819    10.8302 0.0000e+00
      4.096      0.022     8.3623     77.184     45.548  32.620840     3.6000     0.0981     0.0852     0.0846 4.6808e-01     4.6568      4.017      5.826    10.8249 0.0000e+00
      4.102      0.023     8.4159     77.402     45.545  32.614399     3.6000     0.1172     0.0852     0.0846 4.5003e-01     4.7019      4.022      5.834    10.8200 0.0000e+00
      4.108      0.024     8.4679     77.547     45.539  32.605821     3.6000     0.1096     0.0852     0.0846 4.6352e-01     4.7169      4.028      5.842    10.8153 0.0000e+00
      4.114      0.026     8.5131     77.652     45.534  32.596779     3.5100     0.1134     0.0852     0.0846 4.7104e-01     4.6117      4.034      5.851    10.8108 0.0000e+00
      4.121      0.028     8.5485     77.755     45.531  32.588823     3.5100     0.1172     0.0852     0.0846 4.6686e-01     4.6718      4.041      5.861    10.8065 0.0000e+00
      4.128      0.030     8.5735     77.901     45.526  32.579831     3.5100     0.1363     0.0852     0.0846 4.6889e-01     4.9574      4.048      5.871    10.8021 0.0000e+00
      4.136      0.031     8.5905     78.121     45.521  32.571366     3.5100     0.1134     0.0852     0.0846 4.6494e-01     4.8973      4.056      5.883    10.7973 0.0000e+00
      4.144      0.033     8.6032     78.419     45.523  32.569090     3.5100     0.1172     0.0852     0.0846 4.4352e-01     4.8221      4.064      5.895    10.7916 0.0000e+00
      4.153      0.035     8.6159     78.783     45.536  32.576357     3.5100     0.1325     0.0852     0.0846 4.5623e-01     4.8372      4.073      5.907    10.7854 0.0000e+00
      4.162      0.036     8.6334     79.186     45.553  32.587184     3.5100     0.1058     0.0852     0.0846 4.4720e-01     4.8372      4.082      5.920    10.7793 0.0000e+00
      4.171      0.036     8.6589     79.600     45.560  32.592577     3.5100     0.1172     0.0852     0.0846 4.1598e-01     4.9273      4.091      5.934    10.7739 0.0000e+00
      4.181      0.037     8.6927     79.987     45.556  32.590012     3.6000     0.1019     0.0852     0.1269 4.5101e-01     4.9724      4.100      5.947    10.7699 0.0000e+00
      4.191      0.038     8.7335     80.305     45.545  32.582767     3.6000     0.1134     0.0852     0.1269 4.3616e-01     4.8823      4.110      5.961    10.7673 0.0000e+00
      4.201      0.038     8.7785     80.518     45.542  32.580791     3.6000     0.1019     0.0852     0.1269 4.4827e-01     4.9875      4.119      5.975    10.7662 0.0000e+00
      4.210      0.038     8.8244     80.610     45.551  32.587518     3.6000     0.1019     0.0852     0.1269 4.1185e-01     4.9273      4.129      5.988    10.7661 0.0000e+00
      4.220      0.039     8.8671     80.578     45.559  32.592861     3.6000     0.1172     0.0852     0.1269 4.1140e-01     4.8823      4.138      6.002    10.7665 0.0000e+00
      4.229      0.040     8.9022     80.441     45.556  32.590323     3.5100     0.1058     0.0852     0.1692 3.8779e-01     4.9123      4.148      6.016    10.7671 0.0000e+00
      4.240      0.040     8.9259     80.222     45.548  32.583187     3.5100     0.1019     0.0852     0.1692 3.9985e-01     4.9273      4.158      6.030    10.7675 0.0000e+00
      4.250      0.041     8.9360     79.941     45.543  32.577471     3.5100     0.1019     0.0852     0.1692 3.7235e-01     4.9273      4.168      6.045    10.7677 0.0000e+00
      4.261      0.042     8.9324     79.622     45.540  32.571653     3.5100     0.1096     0.0852     0.1692 3.8973e-01     4.9123      4.179      6.061    10.7677 0.0000e+00
      4.272      0.042     8.9173     79.297     45.534  32.564178     3.6000     0.1439     0.0852     0.0423 3.4583e-01     4.8221      4.190      6.077    10.7671 0.0000e+00
      4.283      0.042     8.8934     79.001     45.533  32.560977     3.6000     0.1019     0.0852     0.0423 3.5520e-01     4.9875      4.200      6.092    10.7655 0.0000e+00
      4.294      0.042     8.8628     78.764     45.537  32.561194     3.6000     0.1172     0.0852     0.0423 3.8251e-01     5.0025      4.211      6.108    10.7627 0.0000e+00
      4.304      0.041     8.8282     78.611     45.544  32.564887     3.6000     0.1210     0.0852     0.0423 3.6072e-01     4.8823      4.221      6.123    10.7591 0.0000e+00
      4.315      0.039     8.7929     78.542     45.562  32.577002     3.4200     0.1134     0.0852     0.0846 3.4224e-01     4.8823      4.232      6.137    10.7556 0.0000e+00
      4.325      0.037     8.7606     78.549     45.584  32.592849     3.4200     0.1286     0.0852     0.0846 3.4869e-01     4.9123      4.242      6.152    10.7525 0.0000e+00
      4.335      0.035     8.7348     78.617     45.601  32.604771     3.4200     0.0943     0.0852     0.0846 3.7146e-01     4.8823      4.251      6.165    10.7502 0.0000e+00
      4.343      0.033     8.7181     78.719     45.605  32.608027     3.4200     0.1325     0.0852     0.0846 3.3336e-01     4.8823      4.259      6.178    10.7487 0.0000e+00
      4.351      0.031     8.7107     78.823     45.599  32.603484     3.6000     0.1439     0.0852     0.1269 3.4568e-01     4.8823      4.267      6.189    10.7478 0.0000e+00
      4.359      0.029     8.7115     78.916     45.590  32.597853     3.6000     0.1172     0.0852     0.1269 3.2697e-01     4.9574      4.274      6.200    10.7475 0.0000e+00
      4.366      0.027     8.7191     78.980     45.584  32.593593     3.6000     0.1096     0.0852     0.1269 3.3671e-01     4.9424      4.281      6.210    10.7475 0.0000e+00
      4.372      0.025     8.7303     79.012     45.583  32.593528     3.6000     0.1058     0.0852     0.1269 3.6625e-01     4.8823      4.288      6.219    10.7477 0.0000e+00
      4.379      0.023     8.7419     79.025     45.587  32.597641     3.6000     0.1058     0.0852     0.1269 3.4681e-01     4.8522      4.294      6.228    10.7478 0.0000e+00
      4.384      0.022     8.7521     79.026     45.587  32.599108     3.6000     0.1134     0.0852     0.1269 3.2534e-01     4.6718      4.299      6.236    10.7481 0.0000e+00
      4.389      0.021     8.7592     79.014     45.583  32.598318     3.6000     0.1096     0.0852     0.1269 3.3177e-01     4.7019      4.304      6.243    10.7485 0.0000e+00
      4.394      0.020     8.7626     78.986     45.581  32.599024     3.6000     0.0943     0.0852     0.1269 3.2435e-01     4.6869      4.309      6.250    10.7493 0.0000e+00
      4.399      0.020     8.7637     78.935     45.582  32.601412     3.6000     0.0867     0.0852     0.1269 3.3394e-01     4.5666      4.314      6.257    10.7506 0.0000e+00
      4.404      0.020     8.7634     78.854     45.588  32.606121     3.6900     0.1172     0.0852     0.1692 3.0955e-01     4.9273      4.319      6.264    10.7524 0.0000e+00
      4.409      0.020     8.7616     78.749     45.588  32.606484     3.6900     0.1019     0.0852     0.1692 3.3358e-01     4.9424      4.324      6.271    10.7547 0.0000e+00
      4.414      0.020     8.7581     78.623     45.583  32.602598     3.6900     0.1058     0.0852     0.1692 3.0099e-01     4.9574      4.329      6.278    10.7570 0.0000e+00
      4.419      0.021     8.7521     78.477     45.589  32.605309     3.6900     0.1286     0.0852     0.1692 3.2435e-01     4.9123      4.334      6.286    10.7586 0.0000e+00
      4.424      0.021     8.7429     78.322     45.599  32.611379     3.5100     0.1058     0.0852     0.0846 3.1821e-01     4.8973      4.339      6.293    10.7594 0.0000e+00
      4.430      0.021     8.7313     78.174     45.606  32.614505     3.5100     0.0981     0.0852     0.0846 3.3047e-01     4.9123      4.344      6.301    10.7595 0.0000e+00
      4.435      0.021     8.7174     78.043     45.611  32.615522     3.5100     0.1019     0.0852     0.0846 3.2464e-01     5.0025      4.350      6.309    10.7589 0.0000e+00
      4.441      0.021     8.7015     77.941     45.613  32.614699     3.5100     0.1019     0.0852     0.0846 3.0106e-01     4.9574      4.355      6.317    10.7577 0.0000e+00
      4.446      0.021     8.6847     77.870     45.612  32.611818     3.5100     0.1058     0.0852     0.0846 3.1724e-01     4.8823      4.361      6.324    10.7559 0.0000e+00
      4.452      0.020     8.6687     77.830     45.606  32.606110     3.5100     0.1019     0.0852     0.0846 2.9420e-01     4.8973      4.366      6.332    10.7538 0.0000e+00
      4.457      0.020     8.6547     77.823     45.599  32.600013     3.5100     0.1134     0.0852     0.0846 3.3619e-01     4.9574      4.371      6.339    10.7513 0.0000e+00
      4.462      0.020     8.6438     77.840     45.593  32.595863     3.5100     0.0943     0.0852     0.0846 2.9484e-01     4.9574      4.376      6.346    10.7489 0.0000e+00
      4.466      0.020     8.6363     77.869     45.583  32.588591     3.5100     0.1058     0.0852     0.0846 3.0276e-01     4.8823      4.380      6.353    10.7469 0.0000e+00
      4.471      0.019     8.6322     77.903     45.570  32.580220     3.5100     0.1134     0.0852     0.1692 3.2726e-01     4.8672      4.385      6.360    10.7453 0.0000e+00
      4.476      0.019     8.6316     77.936     45.563  32.576438     3.5100     0.1210     0.0852     0.1692 2.5302e-01     4.8823      4.390      6.367    10.7442 0.0000e+00
      4.481      0.020     8.6336     77.967     45.555  32.572277     3.5100     0.1210     0.0852     0.1692 3.3336e-01     4.8672      4.395      6.374    10.7438 0.0000e+00
      4.486      0.020     8.6367     78.000     45.550  32.570586     3.5100     0.1134     0.0852     0.1692 2.6837e-01     4.8221      4.399      6.381    10.7440 0.0000e+00
      4.491      0.020     8.6404     78.037     45.557  32.578838     3.5100     0.1134     0.0852     0.1269 2.9780e-01     4.9574      4.404      6.388    10.7448 0.0000e+00
      4.496      0.021     8.6439     78.076     45.570  32.591310     3.5100     0.1096     0.0852     0.1269 2.9229e-01     4.9273      4.409      6.396    10.7460 0.0000e+00
      4.502      0.022     8.6470     78.115     45.576  32.599448     3.5100     0.1325     0.0852     0.1269 2.6778e-01     4.9123      4.414      6.403    10.7479 0.0000e+00
      4.507      0.023     8.6501     78.151     45.577  32.605421     3.5100     0.1210     0.0852     0.1269 3.0654e-01     4.6869      4.420      6.411    10.7503 0.0000e+00
      4.513      0.024     8.6536     78.185     45.584  32.614782     3.6000     0.1286     0.0852     0.0846 2.8576e-01     4.6267      4.426      6.420    10.7533 0.0000e+00
      4.519      0.025     8.6573     78.218     45.588  32.622108     3.6000     0.0981     0.0852     0.0846 2.9484e-01     4.7770      4.432      6.428    10.7569 0.0000e+00
      4.526      0.025     8.6606     78.253     45.578  32.617471     3.6000     0.0829     0.0852     0.0846 2.9058e-01     4.5967      4.438      6.438    10.7613 0.0000e+00
      4.533      0.026     8.6636     78.288     45.561  32.607555     3.6000     0.1019     0.0852     0.0846 2.9774e-01     4.8221      4.445      6.447    10.7666 0.0000e+00
      4.540      0.026     8.6663     78.323     45.555  32.605557     3.5100     0.1401     0.0852     0.1269 2.8243e-01     4.8823      4.452      6.457    10.7719 0.0000e+00
      4.547      0.025     8.6691     78.356     45.555  32.606985     3.5100     0.1363     0.0852     0.1269 2.6174e-01     4.9875      4.458      6.467    10.7763 0.0000e+00
      4.553      0.024     8.6723     78.383     45.549  32.604298     3.5100     0.0867     0.0852     0.1269 2.6169e-01     4.9123      4.465      6.476    10.7793 0.0000e+00
      4.559      0.023     8.6757     78.396     45.544  32.600742     3.5100     0.0943     0.0852     0.1269 2.7708e-01     4.6869      4.471      6.484    10.7818 0.0000e+00
      4.565      0.021     8.6790     78.387     45.542  32.599327     3.5100     0.1019     0.0852     0.1269 2.6368e-01     4.8221      4.476      6.492    10.7843 0.0000e+00
      4.570      0.020     8.6823     78.353     45.543  32.599676     3.6000     0.1058     0.0852     0.0846 2.2930e-01     4.7770      4.481      6.500    10.7865 0.0000e+00
      4.574      0.019     8.6850     78.308     45.546  32.601883     3.6000     0.0981     0.0852     0.0846 2.5600e-01     4.6869      4.486      6.507    10.7877 0.0000e+00
      4.579      0.018     8.6865     78.259     45.546  32.602576     3.6000     0.1134     0.0852     0.0846 2.4667e-01     4.8522      4.491      6.513    10.7879 0.0000e+00
