Data/DataNotYetUploadedToEDI/Raw_CTD/RawDownloads/070325_fcr30_S7809003.cnv
* Sea-Bird SBE19plus  Data File:
* FileName = C:\R\Reservoirs\Data\DataNotYetUploadedToEDI\Raw_CTD\RawDownloads\070325_fcr50_S7809_0003.hex
* Software version 2.8.0.119
* Temperature SN = 7809
* Conductivity SN = 7809
* System UpLoad Time = Jul 07 2025 16:19:14
* <ApplicationData>
* <Seaterm232>
# nquan = 15
# nvalues = 3195                        
# units = specified
# name 0 = depFM: Depth [fresh water, m]
# name 1 = dz/dtM: Descent Rate [m/s]
# name 2 = sbeox0Mg/L: Oxygen, SBE 43 [mg/l]
# name 3 = sbeox0PS: Oxygen, SBE 43 [% saturation]
# name 4 = specc: Specific Conductance [uS/cm]
# name 5 = c0uS/cm: Conductivity [uS/cm]
# name 6 = flECO-AFL: Fluorescence, WET Labs ECO-AFL/FL [mg/m^3]
# name 7 = ph: pH
# name 8 = orp: Oxidation Reduction Potential [mV]
# name 9 = par/sat/log: PAR/Logarithmic, Satlantic
# name 10 = turbWETntu0: Turbidity, WET Labs ECO [NTU]
# name 11 = prdM: Pressure, Strain Gauge [db]
# name 12 = prdE: Pressure, Strain Gauge [psi]
# name 13 = tv290C: Temperature [ITS-90, deg C]
# name 14 = flag:  0.000e+00
# span 0 =     -0.635,      5.247       
# span 1 =     -0.492,      0.184       
# span 2 =     0.0237,     9.6993       
# span 3 =      0.247,    114.381       
# span 4 =      1.436,     66.774       
# span 5 =   1.289058,  53.812525       
# span 6 =    -0.1441,    27.9103       
# span 7 =      7.295,      9.160       
# span 8 =   -15.0086,   430.0460       
# span 9 = 4.0494e-01, 2.5927e+03       
# span 10 =    -2.3403,   311.4271      
# span 11 =     -0.623,      5.146      
# span 12 =     -0.903,      7.463      
# span 13 =    11.0690,    26.8970      
# span 14 = 0.0000e+00, 0.0000e+00      
# interval = seconds: 0.25
# start_time = Jul 03 2025 10:26:32 [Instrument's time stamp, header]
# bad_flag = -9.990e-29
*END*
[from data line 2699]
      4.957      0.003     7.6850     69.447     44.862  32.414754     0.6407      7.879   123.3340 6.7508e-01    12.6723      4.861      7.051    11.1093 0.0000e+00
      4.957      0.006     7.6811     69.219     44.847  32.405393     0.6343      7.878   123.7319 6.7758e-01    12.6807      4.862      7.051    11.1138 0.0000e+00
      4.957      0.010     7.6758     68.978     44.866  32.417967     0.6721      7.877   124.1113 6.7578e-01    12.7812      4.861      7.050    11.1181 0.0000e+00
      4.958      0.012     7.6596     68.734     44.900  32.439901     0.7232      7.877   124.3934 6.6805e-01    12.7605      4.861      7.051    11.1217 0.0000e+00
      4.963      0.013     7.6362     68.490     44.870  32.416833     0.7272      7.878   124.6476 6.5532e-01    12.6697      4.867      7.059    11.1252 0.0000e+00
      4.971      0.012     7.6098     68.264     44.836  32.392810     0.7044      7.878   124.9481 6.4385e-01    12.7757      4.876      7.071    11.1275 0.0000e+00
      4.977      0.009     7.5835     68.105     44.848  32.403208     0.6974      7.877   125.3589 6.4012e-01    13.0179      4.882      7.081    11.1250 0.0000e+00
      4.978      0.005     7.5572     68.008     44.863  32.415680     0.6929      7.877   125.7426 6.4204e-01    13.1384      4.883      7.082    11.1212 0.0000e+00
      4.976      0.001     7.5312     67.933     44.862  32.416720     0.7081      7.877   125.9745 6.4366e-01    13.1054      4.881      7.077    11.1194 0.0000e+00
      4.974     -0.002     7.5022     67.897     44.858  32.415783     0.7316      7.876   126.1840 6.4886e-01    12.9948      4.878      7.075    11.1201 0.0000e+00
      4.972     -0.003     7.4846     67.903     44.841  32.404363     0.7435      7.875   126.4687 6.5836e-01    12.9621      4.876      7.072    11.1225 0.0000e+00
      4.970     -0.003     7.4779     67.926     44.841  32.405517     0.7602      7.875   126.8354 6.6471e-01    13.0519      4.874      7.069    11.1243 0.0000e+00
      4.970     -0.003     7.4659     67.944     44.872  32.429740     0.7761      7.875   127.1768 6.6026e-01    13.0901      4.874      7.069    11.1263 0.0000e+00
      4.971     -0.004     7.4622     67.961     44.888  32.443476     0.7516      7.875   127.4126 6.4762e-01    13.0140      4.875      7.071    11.1286 0.0000e+00
      4.972     -0.005     7.4637     67.993     44.887  32.444724     0.6972      7.874   127.7073 6.4227e-01    12.9174      4.877      7.073    11.1304 0.0000e+00
      4.971     -0.007     7.4671     68.037     44.886  32.444828     0.6850      7.874   128.0735 6.5336e-01    12.9460      4.876      7.072    11.1314 0.0000e+00
      4.969     -0.007     7.4687     68.082     44.883  32.444735     0.7121      7.874   128.3990 6.6350e-01    13.0529      4.873      7.067    11.1328 0.0000e+00
      4.964     -0.007     7.4688     68.131     44.879  32.443591     0.7081      7.874   128.7166 6.7123e-01    13.0487      4.868      7.060    11.1355 0.0000e+00
      4.960     -0.004     7.4724     68.197     44.861  32.430998     0.6538      7.874   128.9888 6.8720e-01    12.9297      4.864      7.054    11.1375 0.0000e+00
      4.959      0.001     7.4775     68.267     44.846  32.419359     0.6136      7.873   129.1953 6.8770e-01    12.8436      4.862      7.051    11.1389 0.0000e+00
      4.959      0.007     7.4825     68.312     44.863  32.429749     0.6214      7.873   129.4059 6.7480e-01    12.8956      4.863      7.052    11.1408 0.0000e+00
      4.962      0.015     7.4858     68.317     44.864  32.429739     0.6399      7.874   129.6424 6.6396e-01    12.9782      4.867      7.058    11.1427 0.0000e+00
      4.967      0.021     7.4943     68.283     44.850  32.419235     0.6622      7.874   129.9894 6.5413e-01    13.0224      4.871      7.065    11.1441 0.0000e+00
      4.974      0.023     7.5032     68.229     44.869  32.429626     0.7001      7.873   130.4185 6.4569e-01    13.0875      4.877      7.074    11.1430 0.0000e+00
      4.983      0.023     7.5090     68.144     44.875  32.428491     0.7234      7.873   130.7001 6.3336e-01    13.1167      4.888      7.088    11.1403 0.0000e+00
      4.992      0.020     7.5105     68.029     44.850  32.405508     0.7361      7.873   130.9861 6.2336e-01    13.1713      4.898      7.103    11.1398 0.0000e+00
      4.998      0.015     7.5043     67.932     44.856  32.405498     0.7454      7.873   131.3804 6.1561e-01    13.4053      4.903      7.111    11.1404 0.0000e+00
      5.000      0.010     7.5002     67.883     44.891  32.428369     0.7269      7.873   131.5963 6.0934e-01    13.6230      4.904      7.112    11.1366 0.0000e+00
      4.999      0.006     7.4933     67.887     44.890  32.428265     0.6955      7.873   131.7892 6.1597e-01    13.6180      4.902      7.110    11.1293 0.0000e+00
      4.997      0.004     7.4780     67.957     44.854  32.404251     0.6907      7.873   132.1642 6.2193e-01    13.6176      4.900      7.107    11.1230 0.0000e+00
      4.997      0.005     7.4674     68.069     44.834  32.391781     0.7183      7.872   132.4311 6.1958e-01    13.6190      4.899      7.106    11.1182 0.0000e+00
      4.999      0.008     7.4632     68.175     44.849  32.404373     0.7383      7.872   132.5213 6.2263e-01    13.4636      4.902      7.110    11.1156 0.0000e+00
      5.003      0.011     7.4619     68.260     44.884  32.429627     0.7238      7.872   132.7390 6.2422e-01    13.2756      4.906      7.115    11.1163 0.0000e+00
      5.006      0.012     7.4701     68.333     44.907  32.443354     0.6929      7.872   133.1691 6.1826e-01    13.1222      4.908      7.119    11.1189 0.0000e+00
      5.011      0.012     7.4849     68.393     44.913  32.443458     0.6816      7.872   133.5918 6.0693e-01    13.1807      4.914      7.127    11.1216 0.0000e+00
      5.015      0.011     7.4963     68.428     44.901  32.430885     0.6862      7.872   133.8923 5.9536e-01    13.4019      4.919      7.136    11.1244 0.0000e+00
      5.018      0.009     7.5051     68.457     44.887  32.418207     0.6831      7.871   134.1354 5.8942e-01    13.5084      4.921      7.138    11.1243 0.0000e+00
      5.019      0.006     7.5132     68.496     44.887  32.417055     0.6610      7.871   134.3800 5.9109e-01    13.5109      4.922      7.139    11.1201 0.0000e+00
      5.020      0.003     7.5227     68.547     44.887  32.416950     0.6351      7.870   134.6990 5.9239e-01    13.5019      4.923      7.140    11.1157 0.0000e+00
      5.020      0.002     7.5253     68.617     44.886  32.416940     0.6451      7.870   134.9806 5.8701e-01    13.5701      4.923      7.140    11.1114 0.0000e+00
      5.020      0.002     7.5285     68.705     44.885  32.416939     0.6730      7.871   135.1178 5.8760e-01    13.5499      4.923      7.141    11.1078 0.0000e+00
      5.020      0.002     7.5338     68.781     44.884  32.416940     0.6807      7.871   135.3255 5.8659e-01    13.4279      4.922      7.140    11.1063 0.0000e+00
      5.020      0.002     7.5381     68.840     44.884  32.416949     0.6635      7.871   135.6857 5.8639e-01    13.3939      4.922      7.139    11.1062 0.0000e+00
      5.021      0.003     7.5462     68.927     44.885  32.417054     0.6315      7.870   136.0309 5.9169e-01    13.3425      4.924      7.142    11.1072 0.0000e+00
      5.023      0.003     7.5565     69.032     44.889  32.418207     0.6266      7.870   136.2295 5.8278e-01    13.3199      4.926      7.145    11.1084 0.0000e+00
      5.023      0.003     7.5667     69.104     44.908  32.430886     0.6551      7.870   136.3670 5.7269e-01    13.3251      4.927      7.146    11.1099 0.0000e+00
      5.023      0.002     7.5687     69.164     44.926  32.443470     0.6591      7.869   136.5742 5.7194e-01    13.2339      4.926      7.145    11.1095 0.0000e+00
      5.024      0.001     7.5793     69.237     44.926  32.443480     0.6248      7.869   136.8424 5.7118e-01    13.2085      4.927      7.146    11.1077 0.0000e+00
      5.024     -0.001     7.5956     69.313     44.907  32.431001     0.5987      7.869   137.1999 5.8078e-01    13.3592      4.927      7.146    11.1061 0.0000e+00
      5.024     -0.004     7.6009     69.386     44.889  32.419476     0.6187      7.869   137.5416 5.8724e-01    13.5190      4.928      7.148    11.1046 0.0000e+00
      5.024     -0.006     7.6064     69.433     44.904  32.431011     0.6586      7.869   137.7901 5.8177e-01    13.5016      4.928      7.147    11.1043 0.0000e+00
      5.022     -0.008     7.6156     69.448     44.919  32.443593     0.6561      7.869   138.0540 5.8807e-01    13.3194      4.926      7.144    11.1056 0.0000e+00
      5.018     -0.008     7.6233     69.477     44.919  32.444727     0.6387      7.869   138.3229 5.9734e-01    13.2285      4.921      7.138    11.1068 0.0000e+00
      5.014     -0.007     7.6322     69.535     44.917  32.444718     0.6560      7.868   138.5473 5.9204e-01    13.2912      4.915      7.130    11.1077 0.0000e+00
      5.012     -0.003     7.6388     69.591     44.914  32.443479     0.6733      7.868   138.7879 5.8108e-01    13.3262      4.914      7.128    11.1091 0.0000e+00
      5.013      0.002     7.6362     69.608     44.898  32.429753     0.6559      7.868   139.0809 5.7010e-01    13.3442      4.916      7.130    11.1106 0.0000e+00
      5.014      0.008     7.6391     69.575     44.870  32.405636     0.6294      7.868   139.2501 5.6419e-01    13.3382      4.917      7.132    11.1121 0.0000e+00
      5.016      0.015     7.6468     69.533     44.876  32.405646     0.6357      7.869   139.2843 5.5970e-01    13.3560      4.919      7.134    11.1142 0.0000e+00
      5.020      0.021     7.6540     69.503     44.916  32.429869     0.6577      7.870   139.4089 5.4432e-01    13.4902      4.921      7.137    11.1152 0.0000e+00
      5.026      0.025     7.6578     69.467     44.943  32.444741     0.6539      7.870   139.6380 5.3765e-01    13.6974      4.928      7.147    11.1130 0.0000e+00
      5.036      0.026     7.6518     69.430     44.968  32.458572     0.6312      7.869   139.9032 5.3743e-01    13.9144      4.939      7.163    11.1085 0.0000e+00
      5.046      0.025     7.6473     69.405     44.989  32.470211     0.6255      7.869   140.1204 5.1778e-01    14.0303      4.950      7.179    11.1032 0.0000e+00
      5.055      0.024     7.6470     69.397     44.976  32.458582     0.6426      7.869   140.2852 5.0303e-01    14.1078      4.959      7.192    11.0975 0.0000e+00
      5.059      0.021     7.6429     69.430     44.958  32.444856     0.6469      7.869   140.5194 5.1440e-01    14.2023      4.962      7.197    11.0924 0.0000e+00
      5.060      0.017     7.6389     69.473     44.939  32.431129     0.6435      7.869   140.8012 5.2474e-01    14.6260      4.961      7.195    11.0877 0.0000e+00
      5.063      0.014     7.6382     69.475     44.923  32.419490     0.6608      7.868   141.0257 5.1894e-01    15.4392      4.964      7.199    11.0835 0.0000e+00
      5.068      0.012     7.6345     69.455     44.938  32.431017     0.6724      7.868   141.1680 5.1199e-01    15.9049      4.971      7.209    11.0814 0.0000e+00
      5.073      0.012     7.6401     69.461     44.956  32.443609     0.6837      7.867   141.4031 5.0727e-01    16.0213      4.976      7.217    11.0806 0.0000e+00
      5.076      0.011     7.6489     69.493     44.957  32.444865     0.7139      7.867   141.7178 5.0500e-01    16.1623      4.979      7.221    11.0804 0.0000e+00
      5.078      0.008     7.6466     69.523     44.958  32.446208     0.7211      7.867   141.8749 5.0688e-01    16.2099      4.980      7.223    11.0815 0.0000e+00
      5.079      0.005     7.6420     69.536     44.975  32.459841     0.6966      7.867   142.0127 5.0519e-01    16.1523      4.980      7.224    11.0819 0.0000e+00
      5.079      0.003     7.6427     69.531     45.006  32.482825     0.6753      7.866   142.3516 5.0400e-01    16.0810      4.981      7.224    11.0818 0.0000e+00
      5.080      0.001     7.6480     69.502     44.988  32.470338     0.6882      7.866   142.7024 5.0278e-01    15.8943      4.982      7.226    11.0819 0.0000e+00
      5.080      0.000     7.6516     69.452     44.940  32.435735     0.7275      7.866   142.8987 5.0405e-01    15.5692      4.982      7.226    11.0826 0.0000e+00
      5.080 5.9255e-08     7.6526     69.376     44.953  32.445096     0.7265      7.866   143.0905 5.1095e-01    15.3272      4.983      7.227    11.0837 0.0000e+00
      5.080 6.5181e-07     7.6524     69.283     44.969  32.456641     0.6838      7.866   143.3015 5.1120e-01    15.2232      4.982      7.226    11.0843 0.0000e+00
      5.079      0.000     7.6488     69.198     44.957  32.448443     0.6782      7.866   143.4706 5.0190e-01    15.2673      4.981      7.224    11.0850 0.0000e+00
      5.079      0.000     7.6437     69.119     44.990  32.472855     0.7167      7.866   143.6716 4.9066e-01    15.4164      4.980      7.224    11.0851 0.0000e+00
      5.080      0.001     7.6354     69.047     45.025  32.498041     0.7420      7.866   143.9251 4.8701e-01    15.4892      4.981      7.225    11.0849 0.0000e+00
      5.080      0.001     7.6229     68.996     45.027  32.499196     0.7256      7.865   144.2130 4.8986e-01    15.4642      4.982      7.226    11.0850 0.0000e+00
      5.081      0.000     7.6142     68.939     45.009  32.486822     0.7019      7.865   144.4845 4.9155e-01    15.5582      4.983      7.227    11.0855 0.0000e+00
      5.081     -0.001     7.6064     68.874     44.992  32.475307     0.7304      7.865   144.7127 4.9579e-01    15.8399      4.984      7.228    11.0862 0.0000e+00
      5.081     -0.003     7.5957     68.837     45.006  32.486855     0.7697      7.865   144.9934 5.0583e-01    15.9320      4.983      7.228    11.0861 0.0000e+00
      5.080     -0.004     7.5932     68.813     45.022  32.499574     0.7692      7.865   145.2974 5.0789e-01    15.8175      4.982      7.226    11.0858 0.0000e+00
      5.078     -0.004     7.5872     68.772     45.024  32.502206     0.7578      7.864   145.4635 5.0650e-01    15.7536      4.980      7.223    11.0862 0.0000e+00
      5.077     -0.003     7.5761     68.732     45.044  32.518680     0.7407      7.863   145.5396 5.1254e-01    15.7750      4.978      7.221    11.0872 0.0000e+00
      5.076     -0.001     7.5739     68.723     45.116  32.571873     0.7281      7.863   145.7005 5.1357e-01    15.9055      4.976      7.218    11.0891 0.0000e+00
      5.076      0.001     7.5724     68.722     45.206  32.637832     0.7136      7.862   145.9458 5.1109e-01    15.9309      4.976      7.217    11.0906 0.0000e+00
      5.077      0.002     7.5672     68.697     45.268  32.681762     0.6819      7.861   146.1823 5.0969e-01    15.7740      4.978      7.221    11.0918 0.0000e+00
      5.079      0.002     7.5595     68.646     45.327  32.722376     0.6609      7.861   146.4094 5.0676e-01    15.6490      4.981      7.224    11.0938 0.0000e+00
      5.080      0.001     7.5604     68.555     45.365  32.748241     0.6603      7.862   146.7129 5.0740e-01    15.6821      4.982      7.225    11.0959 0.0000e+00
      5.080     -0.001     7.5617     68.402     45.356  32.740724     0.6829      7.863   147.0121 5.0735e-01    15.8332      4.982      7.226    11.0963 0.0000e+00
      5.079     -0.002     7.5583     68.145     45.382  32.758373     0.7094      7.863   147.1890 5.0589e-01    15.8703      4.981      7.224    11.0952 0.0000e+00
      5.076     -0.001     7.5546     67.768     45.401  32.771300     0.7134      7.862   147.3893 5.0557e-01    15.7555      4.978      7.220    11.0933 0.0000e+00
      5.073      0.002     7.5443     67.283     45.312  32.706698     0.7324      7.862   147.7125 5.0543e-01    15.7440      4.974      7.215    11.0913 0.0000e+00
      5.073      0.005     7.5311     66.712     45.271  32.675136     0.7642      7.862   147.9995 5.0264e-01    15.8675      4.973      7.213    11.0898 0.0000e+00
