Data/DataNotYetUploadedToEDI/Raw_CTD/RawDownloads/070325_fcr30_S7809003.cnv
* Sea-Bird SBE19plus  Data File:
* FileName = C:\R\Reservoirs\Data\DataNotYetUploadedToEDI\Raw_CTD\RawDownloads\070325_fcr50_S7809_0003.hex
* Software version 2.8.0.119
* Temperature SN = 7809
* Conductivity SN = 7809
* System UpLoad Time = Jul 07 2025 16:19:14
* <ApplicationData>
* <Seaterm232>
# nquan = 15
# nvalues = 3195                        
# units = specified
# name 0 = depFM: Depth [fresh water, m]
# name 1 = dz/dtM: Descent Rate [m/s]
# name 2 = sbeox0Mg/L: Oxygen, SBE 43 [mg/l]
# name 3 = sbeox0PS: Oxygen, SBE 43 [% saturation]
# name 4 = specc: Specific Conductance [uS/cm]
# name 5 = c0uS/cm: Conductivity [uS/cm]
# name 6 = flECO-AFL: Fluorescence, WET Labs ECO-AFL/FL [mg/m^3]
# name 7 = ph: pH
# name 8 = orp: Oxidation Reduction Potential [mV]
# name 9 = par/sat/log: PAR/Logarithmic, Satlantic
# name 10 = turbWETntu0: Turbidity, WET Labs ECO [NTU]
# name 11 = prdM: Pressure, Strain Gauge [db]
# name 12 = prdE: Pressure, Strain Gauge [psi]
# name 13 = tv290C: Temperature [ITS-90, deg C]
# name 14 = flag:  0.000e+00
# span 0 =     -0.635,      5.247       
# span 1 =     -0.492,      0.184       
# span 2 =     0.0237,     9.6993       
# span 3 =      0.247,    114.381       
# span 4 =      1.436,     66.774       
# span 5 =   1.289058,  53.812525       
# span 6 =    -0.1441,    27.9103       
# span 7 =      7.295,      9.160       
# span 8 =   -15.0086,   430.0460       
# span 9 = 4.0494e-01, 2.5927e+03       
# span 10 =    -2.3403,   311.4271      
# span 11 =     -0.623,      5.146      
# span 12 =     -0.903,      7.463      
# span 13 =    11.0690,    26.8970      
# span 14 = 0.0000e+00, 0.0000e+00      
# interval = seconds: 0.25
# start_time = Jul 03 2025 10:26:32 [Instrument's time stamp, header]
# bad_flag = -9.990e-29
*END*
[from data line 1832]
      2.504      0.006     0.3490      3.538     41.112  34.167709    17.3387      8.263   215.6194 2.2095e+01    10.1297      2.455      3.561    16.5778 0.0000e+00
      2.505      0.001     0.3504      3.506     40.870  33.984128    17.4857      8.262   215.6979 2.2041e+01    10.3573      2.457      3.563    16.5602 0.0000e+00
      2.505     -0.003     0.3491      3.472     40.819  33.968794    17.5765      8.261   215.7697 2.2002e+01    10.4948      2.458      3.565    16.5462 0.0000e+00
      2.505     -0.007     0.3477      3.458     40.879  34.045794    17.5956      8.258   215.7130 2.2000e+01    10.4256      2.457      3.563    16.5421 0.0000e+00
      2.501     -0.009     0.3458      3.511     40.909  34.090377    17.6926      8.256   215.5283 2.2006e+01    10.3064      2.453      3.557    16.5444 0.0000e+00
      2.496     -0.008     0.3417      3.636     40.861  34.063745    19.0316      8.255   215.4295 2.2032e+01    10.3862      2.448      3.550    16.5659 0.0000e+00
      2.492     -0.006     0.3385      3.818     40.823  34.041034    21.5430      8.254   215.4651 2.2068e+01    10.6039      2.443      3.544    16.6059 0.0000e+00
      2.490     -0.001     0.3336      4.038     40.848  34.069565    22.8884      8.251   215.5279 2.2030e+01    10.6507      2.440      3.538    16.6423 0.0000e+00
      2.490      0.004     0.3391      4.265     40.946  34.154944    22.8049      8.249   215.5874 2.1936e+01    10.5418      2.441      3.540    16.6659 0.0000e+00
      2.494      0.008     0.3519      4.451     41.061  34.248561    20.6919      8.248   215.6676 2.1863e+01    10.3808      2.446      3.548    16.6797 0.0000e+00
      2.499      0.009     0.3699      4.571     41.147  34.313235    16.7919      8.248   215.7238 2.1802e+01    10.2411      2.452      3.556    16.6899 0.0000e+00
      2.503      0.009     0.3923      4.643     41.217  34.365889    14.6771      8.247   215.7506 2.1739e+01    10.2531      2.456      3.562    16.7002 0.0000e+00
      2.506      0.008     0.4160      4.659     41.233  34.377626    14.5146      8.246   215.7329 2.1687e+01    10.2525      2.458      3.565    16.7075 0.0000e+00
      2.506      0.006     0.4360      4.609     41.178  34.328249    14.8104      8.244   215.6822 2.1653e+01    10.2004      2.458      3.564    16.7028 0.0000e+00
      2.506      0.005     0.4455      4.529     41.120  34.276446    15.4243      8.243   215.6536 2.1641e+01    10.2384      2.457      3.563    16.6889 0.0000e+00
      2.507      0.004     0.4534      4.436     41.099  34.258838    15.7783      8.242   215.6456 2.1628e+01    10.3355      2.459      3.566    16.6827 0.0000e+00
      2.509      0.004     0.4564      4.336     41.074  34.242243    15.7113      8.242   215.6709 2.1597e+01    10.4515      2.460      3.568    16.6840 0.0000e+00
      2.510      0.005     0.4488      4.250     41.019  34.202696    14.2563      8.241   215.6160 2.1562e+01    10.4455      2.462      3.571    16.6793 0.0000e+00
      2.512      0.005     0.4407      4.181     41.040  34.224806    11.5608      8.239   215.4981 2.1542e+01    10.3321      2.464      3.574    16.6717 0.0000e+00
      2.513      0.005     0.4325      4.137     41.307  34.446130    10.1041      8.237   215.4499 2.1532e+01    10.3782      2.465      3.575    16.6713 0.0000e+00
      2.514      0.006     0.4206      4.124     41.648  34.721520     9.9111      8.237   215.4638 2.1523e+01    10.5586      2.465      3.575    16.6779 0.0000e+00
      2.515      0.007     0.4133      4.150     41.787  34.826308     8.8776      8.237   215.5796 2.1507e+01    10.6348      2.466      3.577    16.6876 0.0000e+00
      2.517      0.007     0.4055      4.196     41.871  34.888290     6.9540      8.237   215.6451 2.1475e+01    10.5476      2.468      3.579    16.6961 0.0000e+00
      2.519      0.008     0.4016      4.231     42.125  35.090245     5.8796      8.237   215.5682 2.1428e+01    10.4274      2.470      3.582    16.6966 0.0000e+00
      2.522      0.009     0.3996      4.237     42.400  35.301210     5.7838      8.236   215.5095 2.1372e+01    10.4454      2.473      3.588    16.6812 0.0000e+00
      2.524      0.010     0.4027      4.196     42.405  35.281776     5.7878      8.234   215.4512 2.1336e+01    10.4916      2.476      3.592    16.6651 0.0000e+00
      2.526      0.011     0.4096      4.104     42.222  35.109034     5.7434      8.234   215.3803 2.1332e+01    10.5764      2.477      3.593    16.6586 0.0000e+00
      2.528      0.014     0.4121      3.966     42.247  35.116039     5.6635      8.233   215.3412 2.1309e+01    10.7529      2.479      3.595    16.6505 0.0000e+00
      2.531      0.017     0.4150      3.803     42.712  35.493358     5.6045      8.232   215.3218 2.1240e+01    10.7813      2.482      3.600    16.6273 0.0000e+00
      2.536      0.022     0.4103      3.638     43.712  36.308332     5.5881      8.231   215.3185 2.1160e+01    10.8171      2.486      3.606    16.5947 0.0000e+00
      2.542      0.026     0.4022      3.492     44.940  37.292121     5.4897      8.229   215.3010 2.1071e+01    10.9800      2.493      3.615    16.5687 0.0000e+00
      2.550      0.029     0.3875      3.387     46.085  38.187452     5.2717      8.227   215.2816 2.0943e+01    11.1112      2.501      3.626    16.5526 0.0000e+00
      2.560      0.030     0.3711      3.309     47.074  38.947692     5.1332      8.226   215.2559 2.0772e+01    11.1407      2.509      3.640    16.5491 0.0000e+00
      2.570      0.029     0.3546      3.192     46.958  38.805452     5.0889      8.224   215.2487 2.0634e+01    11.0622      2.521      3.657    16.5366 0.0000e+00
      2.579      0.027     0.3392      2.980     45.857  37.863631     5.0520      8.222   215.2807 2.0584e+01    11.0857      2.530      3.670    16.4965 0.0000e+00
      2.585      0.024     0.3298      2.696     45.308  37.396292     5.0288      8.220   215.2992 2.0571e+01    11.1508      2.535      3.676    16.4292 0.0000e+00
      2.589      0.021     0.3252      2.352     45.551  37.597003     4.9994      8.219   215.2144 2.0548e+01    11.0632      2.540      3.682    16.3596 0.0000e+00
      2.591      0.020     0.3175      1.944     46.120  38.069445     4.9624      8.217   215.1150 2.0476e+01    10.9829      2.541      3.686    16.3093 0.0000e+00
      2.595      0.020     0.2945      1.549     46.619  38.476148     4.9478      8.216   215.1300 2.0375e+01    11.0680      2.544      3.690    16.2734 0.0000e+00
      2.601      0.020     0.2657      1.256     46.604  38.453088     4.9645      8.214   215.2235 2.0299e+01    11.2393      2.551      3.699    16.2582 0.0000e+00
      2.607      0.020     0.2348      1.072     46.349  38.234833     4.9980      8.212   215.4712 2.0213e+01    11.2435      2.557      3.709    16.2638 0.0000e+00
      2.615      0.019     0.1904      0.995     46.289  38.185212     5.0038      8.212   215.7159 2.0114e+01    11.0841      2.565      3.720    16.2728 0.0000e+00
      2.621      0.017     0.1468      0.995     46.423  38.297346     5.0003      8.211   215.7738 2.0065e+01    10.9516      2.572      3.731    16.2656 0.0000e+00
      2.624      0.015     0.1204      1.018     46.682  38.511837     5.0309      8.210   215.8269 2.0055e+01    10.9052      2.574      3.733    16.2487 0.0000e+00
      2.625      0.014     0.1010      1.068     46.967  38.747921     5.0744      8.208   215.9272 2.0025e+01    10.9327      2.574      3.734    16.2400 0.0000e+00
      2.626      0.014     0.0945      1.162     47.264  38.994187     5.1183      8.207   216.0400 1.9962e+01    10.8748      2.576      3.736    16.2415 0.0000e+00
      2.630      0.015     0.0981      1.257     47.676  39.331763     5.1206      8.206   216.2450 1.9895e+01    10.7518      2.579      3.740    16.2454 0.0000e+00
      2.636      0.017     0.0994      1.335     48.157  39.719906     5.0611      8.206   216.5122 1.9818e+01    10.7430      2.585      3.749    16.2449 0.0000e+00
      2.641      0.018     0.1021      1.405     48.599  40.069825     4.9975      8.205   216.7760 1.9725e+01    10.8034      2.591      3.758    16.2453 0.0000e+00
      2.646      0.018     0.1146      1.455     49.159  40.516333     4.9842      8.203   216.9386 1.9638e+01    10.9012      2.596      3.764    16.2480 0.0000e+00
      2.651      0.017     0.1244      1.480     49.835  41.056802     5.0084      8.202   216.9296 1.9562e+01    10.9697      2.601      3.772    16.2488 0.0000e+00
      2.655      0.016     0.1307      1.479     50.198  41.336853     5.0072      8.202   216.9258 1.9496e+01    10.9133      2.604      3.777    16.2391 0.0000e+00
      2.659      0.014     0.1391      1.432     50.254  41.363697     4.9697      8.202   217.0650 1.9435e+01    10.8337      2.606      3.780    16.2208 0.0000e+00
      2.662      0.011     0.1437      1.332     50.292  41.381347     4.9463      8.201   217.2363 1.9373e+01    10.7934      2.610      3.786    16.2055 0.0000e+00
      2.666      0.008     0.1465      1.227     50.119  41.232900     4.9825      8.201   217.2755 1.9325e+01    10.8362      2.616      3.794    16.1904 0.0000e+00
      2.668      0.006     0.1467      1.135     49.797  40.965114     5.1493      8.200   217.1940 1.9323e+01    10.8729      2.618      3.797    16.1701 0.0000e+00
      2.668      0.004     0.1439      1.037     49.608  40.809214     5.3903      8.200   217.1983 1.9359e+01    10.7932      2.616      3.795    16.1480 0.0000e+00
      2.667      0.002     0.1304      0.952     49.372  40.617259     5.5235      8.200   217.3276 1.9380e+01    10.8285      2.615      3.793    16.1347 0.0000e+00
      2.667      0.000     0.1197      0.882     48.972  40.294321     5.5446      8.201   217.2950 1.9378e+01    10.9579      2.615      3.792    16.1300 0.0000e+00
      2.668     -0.001     0.1131      0.822     48.770  40.141341     5.5131      8.201   217.1477 1.9367e+01    10.9577      2.616      3.794    16.1270 0.0000e+00
      2.669      0.002     0.1010      0.789     49.238  40.544614     5.4505      8.200   217.1812 1.9367e+01    10.8606      2.618      3.797    16.1267 0.0000e+00
      2.667      0.007     0.0930      0.774     49.912  41.108447     5.3950      8.200   217.1844 1.9397e+01    10.7406      2.616      3.795    16.1284 0.0000e+00
      2.665      0.012     0.0872      0.766     50.016  41.183181     5.3575      8.200   217.0998 1.9406e+01    10.7697      2.613      3.789    16.1328 0.0000e+00
      2.666      0.014     0.0792      0.772     49.592  40.813581     5.2390      8.200   217.1044 1.9355e+01    10.9396      2.612      3.788    16.1471 0.0000e+00
      2.676      0.013     0.0770      0.794     48.855  40.193755     5.0272      8.199   217.0682 1.9269e+01    11.0179      2.622      3.803    16.1718 0.0000e+00
      2.688      0.009     0.0763      0.832     48.196  39.654629     4.9113      8.199   217.0059 1.9177e+01    10.9650      2.638      3.825    16.1854 0.0000e+00
      2.695      0.005     0.0744      0.850     48.063  39.562591     4.8864      8.199   216.9542 1.9163e+01    10.8470      2.646      3.838    16.1703 0.0000e+00
      2.691      0.002     0.0760      0.827     48.533  39.969455     4.8593      8.200   216.8731 1.9266e+01    10.7868      2.643      3.832    16.1420 0.0000e+00
      2.681     -0.001     0.0768      0.798     49.106  40.448841     4.8746      8.200   216.8000 1.9377e+01    10.9198      2.628      3.812    16.1247 0.0000e+00
      2.675     -0.002     0.0827      0.786     49.061  40.408581     4.9381      8.200   216.7587 1.9398e+01    11.1229      2.618      3.799    16.1289 0.0000e+00
      2.677     -0.001     0.0861      0.795     48.629  40.053879     4.9945      8.200   216.8036 1.9356e+01    11.1258      2.623      3.805    16.1523 0.0000e+00
      2.684      0.002     0.0811      0.843     48.202  39.714210     5.0072      8.200   216.8263 1.9317e+01    10.9882      2.633      3.819    16.1792 0.0000e+00
      2.689      0.004     0.0775      0.913     47.891  39.474857     5.0254      8.199   216.6897 1.9290e+01    10.8941      2.639      3.827    16.1875 0.0000e+00
      2.690      0.004     0.0772      0.972     48.217  39.761873     5.0738      8.199   216.5290 1.9301e+01    10.8415      2.638      3.827    16.1754 0.0000e+00
      2.688      0.004     0.0765      1.027     49.193  40.582500     5.1010      8.200   216.4320 1.9359e+01    10.8305      2.637      3.824    16.1735 0.0000e+00
      2.684      0.007     0.0814      1.087     50.795  41.908205     5.1120      8.202   216.3768 1.9418e+01    10.7618      2.632      3.817    16.1917 0.0000e+00
      2.681      0.014     0.0913      1.153     52.795  43.541237     4.9997      8.202   216.3773 1.9426e+01    10.7619      2.628      3.811    16.2081 0.0000e+00
      2.684      0.022     0.0952      1.220     53.812  44.332243     4.7743      8.202   216.3524 1.9311e+01    11.0708      2.629      3.813    16.2285 0.0000e+00
      2.695      0.028     0.1005      1.271     53.389  43.918806     4.6505      8.201   216.2477 1.9088e+01    11.3880      2.641      3.831    16.2488 0.0000e+00
      2.710      0.031     0.1068      1.301     52.705  43.303005     4.6185      8.201   216.1441 1.8900e+01    11.4886      2.660      3.858    16.2550 0.0000e+00
      2.723      0.031     0.1124      1.292     52.889  43.424585     4.5042      8.202   216.1328 1.8799e+01    11.3310      2.672      3.876    16.2443 0.0000e+00
      2.730      0.028     0.1211      1.230     53.755  44.119309     4.2921      8.202   216.1972 1.8756e+01    10.9860      2.679      3.885    16.1961 0.0000e+00
      2.732      0.023     0.1251      1.117     54.432  44.657003     4.1842      8.201   216.2335 1.8751e+01    10.8355      2.679      3.886    16.1217 0.0000e+00
      2.733      0.019     0.1298      0.967     54.845  44.974558     4.1907      8.199   216.1419 1.8722e+01    10.8437      2.678      3.885    16.0645 0.0000e+00
      2.738      0.016     0.1295      0.814     55.021  45.102232     4.1881      8.198   216.0359 1.8670e+01    10.7439      2.685      3.895    16.0441 0.0000e+00
      2.744      0.014     0.1227      0.678     54.513  44.677145     4.1681      8.197   216.0703 1.8637e+01    10.5514      2.693      3.904    16.0365 0.0000e+00
      2.749      0.013     0.1123      0.556     54.031  44.278369     4.1322      8.197   216.2135 1.8616e+01    10.3604      2.696      3.910    16.0188 0.0000e+00
      2.753      0.013     0.0951      0.457     54.572  44.724172     4.1120      8.196   216.3911 1.8616e+01    10.3134      2.701      3.917    15.9966 0.0000e+00
      2.754      0.014     0.0795      0.399     55.822  45.750750     4.1151      8.195   216.4963 1.8620e+01    10.3921      2.702      3.919    15.9796 0.0000e+00
      2.754      0.017     0.0666      0.369     57.634  47.232045     4.1116      8.193   216.4536 1.8604e+01    10.3898      2.699      3.916    15.9727 0.0000e+00
      2.757      0.021     0.0546      0.364     60.096  49.238919     4.1035      8.190   216.3043 1.8547e+01    10.2518      2.702      3.919    15.9696 0.0000e+00
      2.765      0.022     0.0427      0.374     61.069  50.015974     4.0838      8.187   216.2408 1.8439e+01    10.0892      2.711      3.931    15.9722 0.0000e+00
      2.775      0.021     0.0391      0.365     58.939  48.246063     4.0475      8.183   216.2879 1.8309e+01    10.0294      2.721      3.946    15.9779 0.0000e+00
      2.785      0.018     0.0354      0.348     56.602  46.314942     4.0063      8.181   216.3569 1.8190e+01     9.9399      2.732      3.962    15.9747 0.0000e+00
      2.791      0.013     0.0346      0.331     56.489  46.221833     3.9764      8.180   216.4732 1.8155e+01     9.7241      2.740      3.974    15.9653 0.0000e+00
