Data/DataNotYetUploadedToEDI/Raw_CTD/RawDownloads/070323_fcr50_S7809001.cnv
* Sea-Bird SBE19plus  Data File:
* FileName = C:\R\Reservoirs\Data\DataNotYetUploadedToEDI\Raw_CTD\RawDownloads\073123_fcr50_S7809_0001.hex
* Software version 2.8.0.119
* Temperature SN = 7809
* Conductivity SN = 7809
* System UpLoad Time = Aug 03 2023 12:33:01
* <ApplicationData>
* <Seaterm232>
# nquan = 15
# nvalues = 1833                        
# units = specified
# name 0 = depFM: Depth [fresh water, m]
# name 1 = dz/dtM: Descent Rate [m/s]
# name 2 = sbeox0Mg/L: Oxygen, SBE 43 [mg/l]
# name 3 = sbeox0PS: Oxygen, SBE 43 [% saturation]
# name 4 = specc: Specific Conductance [uS/cm]
# name 5 = c0uS/cm: Conductivity [uS/cm]
# name 6 = flECO-AFL: Fluorescence, WET Labs ECO-AFL/FL [mg/m^3]
# name 7 = ph: pH
# name 8 = orp: Oxidation Reduction Potential [mV]
# name 9 = par/sat/log: PAR/Logarithmic, Satlantic
# name 10 = turbWETntu0: Turbidity, WET Labs ECO [NTU]
# name 11 = prdM: Pressure, Strain Gauge [db]
# name 12 = prdE: Pressure, Strain Gauge [psi]
# name 13 = tv290C: Temperature [ITS-90, deg C]
# name 14 = flag:  0.000e+00
# span 0 =     -0.664,      9.126       
# span 1 =     -0.367,      0.183       
# span 2 =     0.1805,    13.6820       
# span 3 =      1.701,    167.900       
# span 4 =      0.377,    551.521       
# span 5 =   0.428948, 591.518316       
# span 6 =    -0.1653,     5.1280       
# span 7 =     -1.874,     10.654       
# span 8 = -1240.7455,   792.4594       
# span 9 = 1.2337e-01, 9.5752e+02       
# span 10 =     1.0128,   543.4152      
# span 11 =     -0.651,      8.951      
# span 12 =     -0.944,     12.982      
# span 13 =    10.7069,    31.8574      
# span 14 = 0.0000e+00, 0.0000e+00      
# interval = seconds: 0.25
# start_time = Jul 03 2023 08:54:25 [Instrument's time stamp, header]
# bad_flag = -9.990e-29
*END*
[from data line 1157]
      5.297      0.012     8.9471     80.635     46.613  33.322190     0.2157      7.422   325.3425 1.2360e-01     6.6900      5.194      7.533    10.7350 0.0000e+00
      5.302      0.013     8.9435     80.635     46.615  33.321670     0.2062      7.420   325.6750 1.2352e-01     6.5194      5.199      7.541    10.7405 0.0000e+00
      5.306      0.013     8.9390     80.666     46.585  33.298071     0.2111      7.419   325.9301 1.2350e-01     6.4510      5.203      7.546    10.7416 0.0000e+00
      5.308      0.012     8.9453     80.734     46.576  33.290641     0.2253      7.419   326.2770 1.2353e-01     6.5125      5.206      7.551    10.7407 0.0000e+00
      5.310      0.010     8.9450     80.824     46.583  33.295264     0.2205      7.418   326.6859 1.2358e-01     6.5450      5.208      7.553    10.7408 0.0000e+00
      5.312      0.009     8.9420     80.883     46.577  33.290527     0.2101      7.416   326.8292 1.2360e-01     6.5023      5.209      7.556    10.7395 0.0000e+00
      5.314      0.008     8.9482     80.880     46.585  33.296813     0.2084      7.414   326.8914 1.2353e-01     6.4403      5.211      7.558    10.7366 0.0000e+00
      5.316      0.008     8.9539     80.836     46.599  33.307828     0.2162      7.413   327.0087 1.2353e-01     6.4438      5.213      7.561    10.7347 0.0000e+00
      5.319      0.008     8.9689     80.790     46.582  33.296813     0.2377      7.412   327.1279 1.2366e-01     6.4777      5.217      7.565    10.7342 0.0000e+00
      5.321      0.009     8.9759     80.763     46.572  33.290516     0.2690      7.412   327.8166 1.2368e-01     6.4734      5.219      7.569    10.7344 0.0000e+00
      5.323      0.010     8.9741     80.706     46.577  33.295139     0.2788      7.411   328.8831 1.2348e-01     6.4607      5.220      7.571    10.7350 0.0000e+00
      5.325      0.011     8.9680     80.617     46.568  33.289267     0.2642      7.409   329.5260 1.2337e-01     6.4265      5.221      7.572    10.7363 0.0000e+00
      5.328      0.013     8.9593     80.560     46.558  33.282961     0.2591      7.407   330.1688 1.2348e-01     6.4354      5.225      7.579    10.7382 0.0000e+00
      5.332      0.019     8.9615     80.545     46.556  33.282336     0.2667      7.407   330.8044 1.2356e-01     6.4994      5.229      7.584    10.7390 0.0000e+00
      5.335      0.029     8.9545     80.543     46.556  33.281713     0.2644      7.406   331.1026 1.2359e-01     6.4834      5.233      7.588    10.7389 0.0000e+00
      5.339      0.039     8.9402     80.544     46.549  33.275424     0.2564      7.405   332.2247 1.2365e-01     6.4129      5.235      7.592    10.7401 0.0000e+00
      5.348      0.048     8.9337     80.544     46.544  33.269746     0.2535      7.402   334.1333 1.2366e-01     6.4668      5.240      7.601    10.7407 0.0000e+00
      5.366      0.054     8.9340     80.525     46.555  33.276502     0.2464      7.399   335.2515 1.2358e-01     6.6566      5.261      7.629    10.7415 0.0000e+00
      5.389      0.056     8.9341     80.507     46.580  33.293667     0.2367      7.396   335.5059 1.2349e-01     6.7275      5.288      7.668    10.7424 0.0000e+00
      5.408      0.056     8.9337     80.525     46.571  33.286951     0.2189      7.394   335.4885 1.2349e-01     6.6746      5.307      7.696    10.7398 0.0000e+00
      5.420      0.053     8.9363     80.541     46.530  33.258737     0.2067      7.394   335.5578 1.2350e-01     6.6996      5.317      7.711    10.7371 0.0000e+00
      5.428      0.048     8.9339     80.528     46.544  33.269752     0.2297      7.395   335.9997 1.2348e-01     6.7230      5.324      7.721    10.7364 0.0000e+00
      5.437      0.046     8.9276     80.489     46.578  33.293252     0.2645      7.395   336.6155 1.2343e-01     6.6488      5.330      7.730    10.7357 0.0000e+00
      5.448      0.046     8.9346     80.446     46.575  33.289097     0.2700      7.396   337.0664 1.2338e-01     6.5207      5.342      7.748    10.7350 0.0000e+00
      5.461      0.047     8.9356     80.416     46.571  33.282947     0.2548      7.396   337.4072 1.2340e-01     6.4032      5.355      7.768    10.7362 0.0000e+00
      5.474      0.048     8.9344     80.402     46.573  33.282345     0.2545      7.393   337.8108 1.2348e-01     6.4580      5.368      7.784    10.7381 0.0000e+00
      5.489      0.045     8.9292     80.410     46.573  33.281811     0.2669      7.391   338.0746 1.2352e-01     6.6366      5.383      7.807    10.7376 0.0000e+00
      5.502      0.040     8.9231     80.415     46.566  33.276487     0.2795      7.390   337.4140 1.2349e-01     6.7181      5.397      7.828    10.7350 0.0000e+00
      5.512      0.034     8.9230     80.444     46.574  33.281417     0.2832      7.389   336.1035 1.2349e-01     6.7271      5.407      7.841    10.7309 0.0000e+00
      5.519      0.028     8.9181     80.533     46.571  33.277977     0.2533      7.387   335.7376 1.2351e-01     6.7101      5.413      7.851    10.7281 0.0000e+00
      5.523      0.021     8.9242     80.653     46.512  33.234889     0.2172      7.387   336.4316 1.2350e-01     6.6497      5.416      7.855    10.7279 0.0000e+00
      5.526      0.016     8.9212     80.758     46.470  33.204559     0.2122      7.386   337.2672 1.2346e-01     6.5782      5.419      7.860    10.7280 0.0000e+00
      5.531      0.012     8.9228     80.832     46.504  33.228479     0.2183      7.383   336.8922 1.2345e-01     6.5288      5.424      7.867    10.7270 0.0000e+00
      5.534      0.010     8.9352     80.892     46.563  33.270327     0.2155      7.381   335.4256 1.2350e-01     6.5646      5.428      7.872    10.7256 0.0000e+00
      5.536      0.009     8.9503     80.970     46.557  33.266431     0.2122      7.381   334.9363 1.2358e-01     6.6687      5.429      7.875    10.7247 0.0000e+00
      5.538      0.007     8.9630     81.041     46.526  33.244821     0.2196      7.381   335.4503 1.2358e-01     6.7291      5.431      7.877    10.7239 0.0000e+00
      5.539      0.007     8.9705     81.069     46.551  33.262816     0.2299      7.380   335.8763 1.2353e-01     6.7140      5.431      7.877    10.7235 0.0000e+00
      5.540      0.010     8.9751     81.086     46.594  33.293667     0.2294      7.380   336.3873 1.2355e-01     6.6575      5.433      7.879    10.7237 0.0000e+00
      5.541      0.015     8.9842     81.086     46.603  33.300623     0.2129      7.379   336.7237 1.2355e-01     6.5918      5.434      7.881    10.7239 0.0000e+00
      5.544      0.023     8.9967     81.044     46.578  33.283476     0.1968      7.375   336.2441 1.2346e-01     6.5349      5.437      7.886    10.7239 0.0000e+00
      5.549      0.031     8.9949     80.986     46.565  33.276674     0.2018      7.369   335.7508 1.2345e-01     6.5162      5.441      7.892    10.7242 0.0000e+00
      5.558      0.038     8.9979     80.930     46.568  33.281827     0.2141      7.367   335.8355 1.2353e-01     6.5016      5.445      7.899    10.7249 0.0000e+00
      5.573      0.044     9.0007     80.891     46.564  33.282347     0.2295      7.368   336.0641 1.2359e-01     6.4607      5.465      7.927    10.7249 0.0000e+00
      5.590      0.050     8.9927     80.875     46.563  33.282962     0.2550      7.369   336.1911 1.2359e-01     6.5012      5.484      7.954    10.7250 0.0000e+00
      5.601      0.055     8.9864     80.875     46.572  33.289258     0.2636      7.371   336.5112 1.2357e-01     6.5805      5.493      7.967    10.7278 0.0000e+00
      5.611      0.059     8.9778     80.885     46.581  33.295026     0.2595      7.373   337.0084 1.2356e-01     6.6001      5.502      7.981    10.7329 0.0000e+00
      5.625      0.060     8.9725     80.893     46.576  33.289259     0.2637      7.374   337.1264 1.2356e-01     6.6355      5.514      7.997    10.7366 0.0000e+00
      5.644      0.060     8.9710     80.882     46.571  33.282972     0.2638      7.373   337.0783 1.2357e-01     6.7010      5.533      8.026    10.7375 0.0000e+00
      5.664      0.057     8.9710     80.855     46.572  33.282452     0.2693      7.372   337.0292 1.2357e-01     6.7431      5.556      8.058    10.7381 0.0000e+00
      5.681      0.052     8.9730     80.861     46.573  33.282972     0.2807      7.369   336.8765 1.2349e-01     6.7686      5.573      8.082    10.7369 0.0000e+00
      5.694      0.043     8.9749     80.889     46.582  33.289260     0.2851      7.368   337.4690 1.2344e-01     6.7360      5.586      8.102    10.7331 0.0000e+00
      5.703      0.034     8.9763     80.905     46.591  33.295027     0.2816      7.368   338.6860 1.2344e-01     6.5883      5.595      8.115    10.7305 0.0000e+00
      5.708      0.027     8.9678     80.909     46.583  33.289260     0.2703      7.368   339.2021 1.2341e-01     6.4517      5.598      8.120    10.7296 0.0000e+00
      5.710      0.022     8.9711     80.896     46.573  33.282970     0.2658      7.368   338.9772 1.2337e-01     6.4506      5.600      8.122    10.7293 0.0000e+00
      5.713      0.021     8.9762     80.864     46.572  33.282435     0.2595      7.368   338.6338 1.2339e-01     6.4723      5.601      8.125    10.7288 0.0000e+00
      5.718      0.022     8.9766     80.810     46.573  33.282786     0.2364      7.368   338.5775 1.2342e-01     6.4411      5.607      8.132    10.7282 0.0000e+00
      5.726      0.025     8.9787     80.761     46.580  33.287210     0.2105      7.369   338.9847 1.2344e-01     6.4489      5.615      8.145    10.7284 0.0000e+00
      5.734      0.030     8.9756     80.733     46.561  33.272475     0.2046      7.370   339.5135 1.2349e-01     6.4981      5.623      8.156    10.7293 0.0000e+00
      5.741      0.035     8.9739     80.727     46.506  33.231516     0.2322      7.370   339.7224 1.2356e-01     6.5924      5.630      8.165    10.7295 0.0000e+00
      5.748      0.039     8.9654     80.764     46.515  33.236086     0.2692      7.369   339.7035 1.2361e-01     6.7014      5.635      8.172    10.7296 0.0000e+00
      5.759      0.041     8.9593     80.845     46.556  33.264285     0.2778      7.368   339.7150 1.2360e-01     6.7224      5.646      8.188    10.7288 0.0000e+00
      5.774      0.042     8.9581     80.953     46.544  33.255244     0.2693      7.366   339.7759 1.2354e-01     6.7429      5.663      8.214    10.7277 0.0000e+00
      5.787      0.042     8.9550     81.074     46.541  33.253667     0.2667      7.365   339.6654 1.2346e-01     6.7791      5.677      8.233    10.7263 0.0000e+00
      5.797      0.040     8.9604     81.194     46.526  33.245208     0.2706      7.365   339.4118 1.2346e-01     6.7843      5.686      8.246    10.7235 0.0000e+00
      5.804      0.037     8.9706     81.275     46.483  33.216409     0.2756      7.364   339.4627 1.2352e-01     6.7722      5.692      8.255    10.7216 0.0000e+00
      5.812      0.033     8.9832     81.313     46.491  33.222688     0.2684      7.364   339.6780 1.2356e-01     6.7345      5.699      8.266    10.7211 0.0000e+00
      5.821      0.030     8.9967     81.346     46.541  33.257683     0.2592      7.363   339.8642 1.2358e-01     6.7387      5.709      8.280    10.7221 0.0000e+00
      5.829      0.028     9.0113     81.369     46.546  33.258866     0.2638      7.361   340.0788 1.2362e-01     6.7890      5.717      8.292    10.7248 0.0000e+00
      5.836      0.026     9.0213     81.383     46.517  33.236991     0.2740      7.359   339.8645 1.2359e-01     6.8302      5.723      8.301    10.7276 0.0000e+00
      5.842      0.024     9.0207     81.388     46.532  33.246967     0.2747      7.358   339.2525 1.2351e-01     6.7925      5.729      8.310    10.7283 0.0000e+00
      5.848      0.021     9.0274     81.352     46.540  33.252595     0.2640      7.357   339.0459 1.2347e-01     6.6751      5.735      8.318    10.7267 0.0000e+00
      5.852      0.018     9.0299     81.296     46.525  33.241590     0.2532      7.355   339.2594 1.2345e-01     6.6066      5.738      8.323    10.7247 0.0000e+00
      5.857      0.016     9.0300     81.260     46.524  33.240797     0.2432      7.353   339.5965 1.2342e-01     6.5789      5.744      8.330    10.7227 0.0000e+00
      5.861      0.013     9.0350     81.254     46.528  33.243008     0.2263      7.352   340.0243 1.2345e-01     6.5101      5.748      8.337    10.7218 0.0000e+00
      5.864      0.010     9.0282     81.250     46.564  33.268325     0.2073      7.352   339.9568 1.2352e-01     6.4591      5.750      8.342    10.7219 0.0000e+00
      5.866      0.008     9.0206     81.221     46.599  33.293125     0.1960      7.351   339.3836 1.2354e-01     6.5086      5.753      8.344    10.7216 0.0000e+00
      5.867      0.006     9.0163     81.187     46.594  33.289088     0.1982      7.348   339.2023 1.2354e-01     6.6303      5.754      8.345    10.7214 0.0000e+00
      5.868      0.004     9.0164     81.158     46.585  33.282958     0.2173      7.347   339.4863 1.2357e-01     6.7343      5.754      8.346    10.7212 0.0000e+00
      5.869      0.004     9.0190     81.146     46.583  33.282452     0.2269      7.346   339.8050 1.2357e-01     6.7414      5.755      8.347    10.7210 0.0000e+00
      5.870      0.005     9.0126     81.156     46.582  33.282973     0.2314      7.346   340.0455 1.2354e-01     6.6477      5.756      8.349    10.7207 0.0000e+00
      5.871      0.006     9.0099     81.162     46.589  33.289262     0.2548      7.345   340.2430 1.2357e-01     6.5584      5.757      8.350    10.7203 0.0000e+00
      5.872      0.008     9.0063     81.177     46.596  33.295038     0.2689      7.344   340.3859 1.2357e-01     6.5156      5.758      8.352    10.7203 0.0000e+00
      5.873      0.010     9.0027     81.218     46.584  33.289369     0.2687      7.343   340.3968 1.2352e-01     6.4725      5.760      8.354    10.7214 0.0000e+00
      5.876      0.012     9.0074     81.276     46.569  33.284169     0.2610      7.343   340.2880 1.2351e-01     6.4467      5.761      8.357    10.7232 0.0000e+00
      5.880      0.014     9.0056     81.311     46.578  33.295618     0.2419      7.342   340.1895 1.2352e-01     6.4771      5.767      8.364    10.7241 0.0000e+00
      5.885      0.016     9.0065     81.302     46.583  33.300913     0.2203      7.341   340.6681 1.2351e-01     6.5320      5.771      8.371    10.7246 0.0000e+00
      5.890      0.016     9.0111     81.281     46.563  33.284751     0.2083      7.340   341.6003 1.2352e-01     6.5642      5.776      8.377    10.7263 0.0000e+00
      5.895      0.015     9.0176     81.270     46.573  33.290529     0.2132      7.338   341.9966 1.2357e-01     6.5246      5.781      8.384    10.7334 0.0000e+00
      5.899      0.014     9.0218     81.265     46.599  33.307331     0.2128      7.336   341.7607 1.2354e-01     6.4293      5.785      8.391    10.7423 0.0000e+00
      5.902      0.012     9.0179     81.261     46.584  33.297563     0.2043      7.334   341.5009 1.2350e-01     6.4018      5.788      8.394    10.7424 0.0000e+00
      5.904      0.012     9.0157     81.261     46.581  33.299320     0.2101      7.333   341.6085 1.2354e-01     6.4667      5.790      8.397    10.7391 0.0000e+00
      5.906      0.012     9.0151     81.268     46.615  33.328576     0.2160      7.331   342.1150 1.2355e-01     6.5299      5.792      8.401    10.7379 0.0000e+00
      5.908      0.013     9.0156     81.277     46.618  33.334085     0.2085      7.331   342.7214 1.2353e-01     6.5849      5.793      8.403    10.7347 0.0000e+00
      5.911      0.015     9.0149     81.292     46.570  33.302481     0.2032      7.331   343.0041 1.2351e-01     6.6539      5.796      8.407    10.7346 0.0000e+00
      5.915      0.018     9.0131     81.298     46.513  33.263684     0.2109      7.330   343.0373 1.2346e-01     6.7159      5.801      8.414    10.7412 0.0000e+00
      5.921      0.020     9.0131     81.259     46.488  33.245653     0.2262      7.328   342.9514 1.2345e-01     6.7878      5.807      8.422    10.7474 0.0000e+00
