Data/DataNotYetUploadedToEDI/Raw_CTD/RawDownloads/070325_fcr20_S7809004.cnv
* Sea-Bird SBE19plus  Data File:
* FileName = C:\R\Reservoirs\Data\DataNotYetUploadedToEDI\Raw_CTD\RawDownloads\070325_fcr50_S7809_0004.hex
* Software version 2.8.0.119
* Temperature SN = 7809
* Conductivity SN = 7809
* System UpLoad Time = Jul 07 2025 16:19:59
* <ApplicationData>
* <Seaterm232>
# nquan = 15
# nvalues = 1738                        
# units = specified
# name 0 = depFM: Depth [fresh water, m]
# name 1 = dz/dtM: Descent Rate [m/s]
# name 2 = sbeox0Mg/L: Oxygen, SBE 43 [mg/l]
# name 3 = sbeox0PS: Oxygen, SBE 43 [% saturation]
# name 4 = specc: Specific Conductance [uS/cm]
# name 5 = c0uS/cm: Conductivity [uS/cm]
# name 6 = flECO-AFL: Fluorescence, WET Labs ECO-AFL/FL [mg/m^3]
# name 7 = ph: pH
# name 8 = orp: Oxidation Reduction Potential [mV]
# name 9 = par/sat/log: PAR/Logarithmic, Satlantic
# name 10 = turbWETntu0: Turbidity, WET Labs ECO [NTU]
# name 11 = prdM: Pressure, Strain Gauge [db]
# name 12 = prdE: Pressure, Strain Gauge [psi]
# name 13 = tv290C: Temperature [ITS-90, deg C]
# name 14 = flag:  0.000e+00
# span 0 =     -0.643,      3.722       
# span 1 =     -0.336,      0.181       
# span 2 =     0.0062,     9.0209       
# span 3 =      0.066,    108.788       
# span 4 =      1.703,     97.068       
# span 5 =   1.550803,  78.811947       
# span 6 =    -1.9729,   232.7177       
# span 7 =      7.837,      9.039       
# span 8 =  -207.6072,   348.1028       
# span 9 = 1.2367e-01, 2.6138e+03       
# span 10 =    -0.0538,   203.9186      
# span 11 =     -0.632,      3.651      
# span 12 =     -0.916,      5.296      
# span 13 =    12.3114,    26.5709      
# span 14 = 0.0000e+00, 0.0000e+00      
# interval = seconds: 0.25
# start_time = Jul 03 2025 10:48:02 [Instrument's time stamp, header]
# bad_flag = -9.990e-29
*END*
[from data line 1543]
      3.623     -0.084     0.0367      0.331     73.520  54.922299     0.6036      8.724  -202.5571 1.0355e+00    67.3827      3.553      5.153    12.3114 0.0000e+00
      3.597     -0.080     0.0428      0.307     74.030  55.330281     0.5340      8.726  -201.0849 1.2407e+00    67.3367      3.526      5.115    12.3116 0.0000e+00
      3.574     -0.072     0.0398      0.309     74.858  55.965311     0.4959      8.727  -199.2144 1.4098e+00    67.3395      3.503      5.081    12.3165 0.0000e+00
      3.555     -0.068     0.0387      0.320     75.658  56.566581     0.4507      8.728  -198.0100 1.5052e+00    68.9528      3.484      5.053    12.3286 0.0000e+00
      3.544     -0.077     0.0357      0.323     76.760  57.391919     0.4045      8.728  -197.2778 1.5350e+00    72.1208      3.472      5.035    12.3483 0.0000e+00
      3.539     -0.104     0.0309      0.343     78.487  58.703244     0.3955      8.728  -196.4706 1.5333e+00    73.9777      3.469      5.032    12.3703 0.0000e+00
      3.529     -0.150     0.0327      0.366     80.369  60.161930     0.4241      8.728  -195.3056 1.5816e+00    74.5632      3.469      5.033    12.3824 0.0000e+00
      3.495     -0.206     0.0354      0.356     81.790  61.307275     0.5343      8.729  -193.9464 1.7921e+00    79.2342      3.439      4.990    12.3815 0.0000e+00
      3.430     -0.261     0.0332      0.332     82.838  62.196369     0.7035      8.731  -192.8559 2.2091e+00    87.8924      3.372      4.892    12.3761 0.0000e+00
      3.339     -0.302     0.0360      0.320     83.716  62.970339     0.7728      8.731  -192.1018 2.8427e+00    92.5860      3.282      4.761    12.3855 0.0000e+00
      3.230     -0.326     0.0415      0.316     84.489  63.676512     0.7732      8.731  -191.7109 3.6296e+00    92.9430      3.166      4.593    12.4190 0.0000e+00
      3.124     -0.335     0.0381      0.306     85.392  64.508027     0.7574      8.734  -191.4863 4.3421e+00    92.0042      3.051      4.425    12.4704 0.0000e+00
      3.043     -0.336     0.0346      0.282     86.142  65.272317     0.7067      8.741  -190.8478 4.9153e+00    90.0480      2.976      4.317    12.5363 0.0000e+00
      2.982     -0.332     0.0338      0.255     86.512  65.800943     0.6681      8.750  -189.6695 5.5673e+00    88.8643      2.928      4.247    12.6041 0.0000e+00
      2.915     -0.326     0.0335      0.243     86.842  66.324665     0.6485      8.759  -188.6828 6.5481e+00    88.6910      2.867      4.160    12.6764 0.0000e+00
      2.826     -0.322     0.0332      0.240     87.820  67.347284     0.7773      8.768  -188.5543 8.3423e+00    89.3879      2.778      4.030    12.7566 0.0000e+00
      2.723     -0.325     0.0298      0.215     88.655  68.315234     1.0690      8.774  -188.6320 1.0945e+01    90.8334      2.666      3.865    12.8709 0.0000e+00
      2.629     -0.331     0.0263      0.174     87.282  67.733016     1.2619      8.777  -188.1601 1.3495e+01    91.6510      2.568      3.725    13.0219 0.0000e+00
      2.555     -0.330     0.0241      0.132     84.539  66.218593     1.3451      8.781  -187.4084 1.5805e+01    90.8710      2.505      3.632    13.1871 0.0000e+00
      2.485     -0.311     0.0271      0.092     81.495  64.431142     1.8172      8.790  -186.9427 1.8331e+01    80.0691      2.442      3.542    13.3363 0.0000e+00
      2.404     -0.276     0.0228      0.070     76.623  61.054331     2.6676      8.806  -188.1216 2.0981e+01    60.1771      2.364      3.428    13.4836 0.0000e+00
      2.312     -0.236     0.0175      0.066     72.073  57.855004     3.1282      8.821  -191.5092 2.3112e+01    49.3721      2.263      3.282    13.7691 0.0000e+00
      2.236     -0.204     0.0143      0.070     70.480  57.004670     3.1750      8.833  -194.4334 2.4284e+01    48.3864      2.174      3.154    14.1711 0.0000e+00
      2.200     -0.189     0.0080      0.075     69.943  56.936014     3.2508      8.848  -195.0845 2.4759e+01    47.8151      2.146      3.111    14.5658 0.0000e+00
      2.194     -0.194     0.0067      0.086     69.971  57.216070     4.1113      8.869  -194.0475 2.5174e+01    43.1135      2.154      3.125    14.8666 0.0000e+00
      2.181     -0.219     0.0062      0.102     68.914  56.516492     5.6885      8.894  -191.7035 2.6042e+01    34.5462      2.152      3.122    15.1198 0.0000e+00
      2.134     -0.253     0.0073      0.142     65.046  53.494248     6.5314      8.920  -189.5445 2.7514e+01    29.7980      2.110      3.061    15.4551 0.0000e+00
      2.042     -0.279     0.0067      0.206     61.547  50.841796     6.6456      8.951  -188.5062 2.9561e+01    29.2912      2.015      2.922    15.7352 0.0000e+00
      1.919     -0.282     0.0089      0.283     60.904  50.610922     7.3029      8.985  -187.8397 3.1758e+01    28.8279      1.879      2.725    15.9010 0.0000e+00
      1.805     -0.259     0.0092      0.405     61.989  51.782428     8.5109      9.015  -187.3363 3.3181e+01    28.0563      1.751      2.540    16.0108 0.0000e+00
      1.737     -0.221     0.0124      0.579     61.724  51.735365     9.1657      9.033  -186.9803 3.3623e+01    27.6826      1.685      2.444    16.0923 0.0000e+00
      1.717     -0.190     0.0212      0.806     58.802  49.407228     9.1276      9.039  -186.4593 3.3630e+01    27.9305      1.678      2.434    16.2742 0.0000e+00
      1.718     -0.185     0.0251      1.127     55.677  46.935678     8.0498      9.037  -185.2537 3.3627e+01    31.2580      1.688      2.449    16.5572 0.0000e+00
      1.710     -0.209     0.0376      1.563     54.062  45.788508     6.0889      9.031  -184.1049 3.4021e+01    37.5134      1.692      2.453    16.7943 0.0000e+00
      1.662     -0.247     0.0551      2.114     52.775  44.933322     5.0449      9.025  -183.3234 3.4821e+01    40.9838      1.651      2.393    16.9229 0.0000e+00
      1.563     -0.276     0.0741      2.797     52.014  44.530992     4.9813      9.022  -181.0532 3.5590e+01    40.8352      1.544      2.240    16.9977 0.0000e+00
      1.436     -0.277     0.1047      3.652     52.779  45.431411     5.2117      9.022  -177.8218 3.5965e+01    35.2731      1.402      2.034    17.1193 0.0000e+00
      1.325     -0.247     0.1464      4.770     52.839  45.663476     5.6498      9.024  -175.2277 3.5916e+01    25.0399      1.278      1.854    17.3432 0.0000e+00
      1.265     -0.194     0.1977      6.300     50.504  43.781638     5.8926      9.025  -172.6596 3.5890e+01    19.5168      1.221      1.771    17.5715 0.0000e+00
      1.252     -0.142     0.2601      8.332     48.673  42.419910     5.9174      9.022  -169.4856 3.6022e+01    19.1522      1.223      1.773    17.7935 0.0000e+00
      1.260     -0.119     0.3382     10.905     48.638  42.720101     5.6493      9.014  -165.7605 3.6039e+01    19.3336      1.239      1.797    18.0543 0.0000e+00
      1.265     -0.141     0.4346     13.928     48.494  42.905246     5.0981      9.004  -161.9500 3.6026e+01    19.5581      1.248      1.809    18.2416 0.0000e+00
      1.249     -0.197     0.5763     17.082     47.556  42.310570     4.7712      8.993  -158.5160 3.6039e+01    19.5773      1.240      1.798    18.2986 0.0000e+00
      1.191     -0.257     0.7629     20.107     46.262  41.369448     4.7099      8.979  -155.3009 3.5845e+01    19.5658      1.186      1.721    18.5109 0.0000e+00
      1.085     -0.291     0.9941     23.027     45.246  40.729510     4.6729      8.965  -152.0714 3.5433e+01    19.4876      1.075      1.560    18.9305 0.0000e+00
      0.953     -0.289     1.2829     26.181     44.024  39.968324     4.4154      8.956  -148.8082 3.5156e+01    17.5731      0.928      1.346    19.2687 0.0000e+00
      0.841     -0.253     1.5733     29.707     42.235  38.766570     3.9264      8.951  -145.7014 3.5110e+01    14.0098      0.800      1.160    19.5026 0.0000e+00
      0.784     -0.191     1.8478     33.325     40.736  37.940064     3.6380      8.944  -143.1586 3.5148e+01    11.9977      0.749      1.088    19.6707 0.0000e+00
      0.774     -0.125     2.0859     37.061     39.983  37.844822     3.5917      8.937  -140.8637 3.5318e+01    11.8281      0.755      1.095    19.9772 0.0000e+00
      0.782     -0.082     2.3426     41.200     39.800  38.186987     3.6757      8.931  -138.0878 3.5499e+01    12.5731      0.768      1.114    20.3767 0.0000e+00
      0.788     -0.085     2.6606     45.796     39.871  38.587772     3.8543      8.923  -135.0625 3.5574e+01    13.8676      0.775      1.124    20.8251 0.0000e+00
      0.785     -0.135     2.9388     50.956     39.881  38.756809     3.9446      8.915  -132.4204 3.5719e+01    14.4982      0.776      1.126    21.5425 0.0000e+00
      0.760     -0.208     3.1990     56.611     39.587  38.517655     3.9274      8.909  -130.4050 3.6118e+01    14.4243      0.763      1.106    22.3714 0.0000e+00
      0.695     -0.273     3.5187     62.074     39.146  38.107614     3.7038      8.904  -128.7629 3.7048e+01    13.5895      0.697      1.011    23.0617 0.0000e+00
      0.587     -0.308     3.8777     66.691     39.218  38.241059     3.3143      8.899  -126.9352 3.9063e+01    12.1240      0.584      0.848    23.4643 0.0000e+00
      0.459     -0.306     4.2939     70.241     39.908  38.988965     3.1041      8.894  -124.6535 4.2467e+01    11.2923      0.448      0.648    23.6340 0.0000e+00
      0.344     -0.269     4.8040     72.758     40.230  39.281764     3.0928      8.892  -121.9097 4.5616e+01    11.2876      0.317      0.459    23.6610 0.0000e+00
      0.278     -0.204     5.2896     74.282     39.778  38.735192     3.2533      8.892  -119.0564 4.6954e+01    12.9889      0.254      0.368    23.6314 0.0000e+00
      0.259     -0.129     5.6737     74.732     39.463  38.408842     3.5381      8.894  -116.3965 4.7395e+01    16.2180      0.247      0.359    23.7302 0.0000e+00
      0.261     -0.064     5.9545     74.328     39.247  38.318460     3.6979      8.896  -113.7538 4.7568e+01    18.0154      0.256      0.370    23.9004 0.0000e+00
      0.269     -0.028     6.1625     73.560     38.478  37.705973     3.7295      8.897  -111.1084 4.7391e+01    18.0858      0.264      0.383    23.8804 0.0000e+00
      0.276     -0.024     6.3314     72.720     37.778  37.158730     3.6619      8.897  -108.5020 4.6927e+01    17.1704      0.270      0.392    23.6285 0.0000e+00
      0.278     -0.042     6.3715     72.035     37.519  37.095732     3.4881      8.896  -105.9873 4.6501e+01    15.5224      0.277      0.402    23.5557 0.0000e+00
      0.266     -0.068     6.2817     71.795     37.489  37.261827     3.3680      8.892  -103.5040 4.6701e+01    14.6586      0.268      0.389    23.8354 0.0000e+00
      0.236     -0.090     6.1930     72.135     37.746  37.644383     3.3584      8.887  -100.9322 4.7512e+01    14.6852      0.233      0.337    24.0058 0.0000e+00
      0.199     -0.101     6.1043     73.060     38.180  38.104467     3.3631      8.881   -98.6388 4.8991e+01    14.7176      0.195      0.282    24.1218 0.0000e+00
      0.162     -0.101     5.9982     74.462     38.661  38.509742     3.2918      8.874   -96.9411 5.1335e+01    14.8456      0.159      0.231    24.4368 0.0000e+00
      0.129     -0.089     5.9452     76.113     39.171  38.863928     3.1705      8.868   -95.6342 5.3475e+01    15.2086      0.121      0.176    24.7266 0.0000e+00
      0.109     -0.069     5.9521     77.665     39.537  39.023387     3.1038      8.865   -94.0224 5.4285e+01    15.4515      0.101      0.146    24.9071 0.0000e+00
      0.101     -0.049     6.0280     78.734     39.444  38.724066     3.1182      8.864   -91.8217 5.4077e+01    15.5950      0.098      0.142    24.9461 0.0000e+00
      0.098     -0.029     6.1634     79.103     38.754  37.909769     3.1696      8.865   -89.5022 5.3570e+01    16.0217      0.097      0.141    24.8313 0.0000e+00
      0.094     -0.012     6.3334     78.769     38.035  37.236528     3.1924      8.867   -87.2300 5.3120e+01    16.5793      0.093      0.135    24.6287 0.0000e+00
      0.089      0.001     6.5104     77.884     37.717  37.119920     3.1684      8.870   -84.9115 5.2304e+01    16.8035      0.086      0.124    24.3501 0.0000e+00
      0.088      0.011     6.6415     76.712     37.372  37.007852     3.1297      8.875   -82.7213 5.0760e+01    16.5464      0.082      0.119    24.0572 0.0000e+00
      0.094      0.021     6.7021     75.622     36.882  36.706765     2.8652      8.877   -80.7090 4.8878e+01    13.6756      0.090      0.130    23.8192 0.0000e+00
      0.104      0.035     6.6664     74.995     36.406  36.398590     2.3684      8.878   -78.8218 4.7264e+01     8.3614      0.103      0.150    23.8394 0.0000e+00
      0.113      0.049     6.5400     75.054     35.973  36.137285     2.0751      8.880   -77.1981 4.6714e+01     5.3766      0.111      0.163    24.2046 0.0000e+00
      0.123      0.058     6.3888     75.830     35.686  36.022169     2.0156      8.882   -75.7888 4.6609e+01     5.0849      0.117      0.170    24.5488 0.0000e+00
      0.140      0.053     6.2614     77.220     35.591  36.085649     1.9569      8.883   -74.1716 4.5715e+01     4.9366      0.133      0.193    24.7573 0.0000e+00
      0.166      0.033     6.1771     78.981     35.655  36.270556     1.8729      8.884   -72.1854 4.4358e+01     4.5750      0.162      0.235    24.9813 0.0000e+00
      0.191      0.005     6.1548     80.855     35.745  36.417997     1.8075      8.885   -70.1862 4.3665e+01     4.2656      0.193      0.280    25.2231 0.0000e+00
      0.199     -0.022     6.1927     82.721     35.801  36.472528     1.7733      8.888   -68.2401 4.4832e+01     4.1667      0.208      0.302    25.4710 0.0000e+00
      0.176     -0.043     6.2863     84.411     35.846  36.485727     1.8430      8.891   -66.2937 4.7312e+01     4.6436      0.181      0.262    25.7081 0.0000e+00
      0.133     -0.054     6.4196     85.776     35.841  36.450622     2.0092      8.893   -64.4621 4.9418e+01     5.5569      0.125      0.182    25.8898 0.0000e+00
      0.100     -0.054     6.5620     86.842     35.771  36.365284     2.1015      8.894   -62.7859 4.9959e+01     6.0204      0.089      0.129    25.9670 0.0000e+00
      0.090     -0.041     6.7216     87.557     35.682  36.278748     2.1010      8.895   -61.1702 4.8733e+01     5.9782      0.083      0.120    25.9436 0.0000e+00
      0.095     -0.018     6.8751     87.897     35.613  36.229173     2.0698      8.897   -59.4674 4.7212e+01     5.7641      0.093      0.135    25.8833 0.0000e+00
      0.102      0.005     6.9846     88.022     35.563  36.210071     2.0157      8.898   -57.7704 4.6388e+01     5.4470      0.103      0.150    25.8365 0.0000e+00
      0.106      0.019     7.0790     88.087     35.496  36.174733     1.9629      8.900   -56.1394 4.6141e+01     5.1835      0.105      0.153    25.8143 0.0000e+00
      0.110      0.021     7.1397     88.233     35.412  36.119208     1.9392      8.902   -54.3738 4.5610e+01     5.0720      0.106      0.153    25.8202 0.0000e+00
      0.118      0.016     7.1537     88.513     35.372  36.109813     1.9127      8.903   -52.3400 4.4063e+01     4.9876      0.115      0.166    25.8540 0.0000e+00
      0.127      0.010     7.1558     88.879     35.362  36.124634     1.8506      8.904   -50.2188 4.2573e+01     4.7774      0.127      0.185    25.9048 0.0000e+00
      0.132      0.005     7.1489     89.318     35.332  36.108109     1.8041      8.905   -48.2576 4.1961e+01     4.5802      0.132      0.191    25.9524 0.0000e+00
      0.127     -0.004     7.1539     89.747     35.315  36.100369     1.7992      8.905   -46.5233 4.1724e+01     4.5499      0.126      0.183    25.9913 0.0000e+00
      0.120     -0.019     7.1742     89.979     35.425  36.221415     1.7912      8.905   -44.7372 4.1481e+01     4.5484      0.117      0.170    26.0392 0.0000e+00
