Data/DataNotYetUploadedToEDI/Raw_CTD/RawDownloads/070325_fcr50_S7809001.cnv
* Sea-Bird SBE19plus  Data File:
* FileName = C:\R\Reservoirs\Data\DataNotYetUploadedToEDI\Raw_CTD\RawDownloads\070325_fcr50_S7809_0001.hex
* Software version 2.8.0.119
* Temperature SN = 7809
* Conductivity SN = 7809
* System UpLoad Time = Jul 07 2025 16:16:48
* <ApplicationData>
* <Seaterm232>
# nquan = 15
# nvalues = 2772                        
# units = specified
# name 0 = depFM: Depth [fresh water, m]
# name 1 = dz/dtM: Descent Rate [m/s]
# name 2 = sbeox0Mg/L: Oxygen, SBE 43 [mg/l]
# name 3 = sbeox0PS: Oxygen, SBE 43 [% saturation]
# name 4 = specc: Specific Conductance [uS/cm]
# name 5 = c0uS/cm: Conductivity [uS/cm]
# name 6 = flECO-AFL: Fluorescence, WET Labs ECO-AFL/FL [mg/m^3]
# name 7 = ph: pH
# name 8 = orp: Oxidation Reduction Potential [mV]
# name 9 = par/sat/log: PAR/Logarithmic, Satlantic
# name 10 = turbWETntu0: Turbidity, WET Labs ECO [NTU]
# name 11 = prdM: Pressure, Strain Gauge [db]
# name 12 = prdE: Pressure, Strain Gauge [psi]
# name 13 = tv290C: Temperature [ITS-90, deg C]
# name 14 = flag:  0.000e+00
# span 0 =     -0.655,      9.646       
# span 1 =     -4.628,      0.150       
# span 2 =    -0.0116,    10.6812       
# span 3 =     -0.037,    112.146       
# span 4 =      0.625,    233.362       
# span 5 =   0.622617, 170.990860       
# span 6 =    -0.9382,   227.5834       
# span 7 =      6.877,      9.105       
# span 8 = -1240.7455,   242.9007       
# span 9 = 1.2352e-01, 1.7251e+03       
# span 10 =    -0.1633,   306.1627      
# span 11 =     -0.643,      9.460      
# span 12 =     -0.932,     13.721      
# span 13 =    11.0390,    27.0007      
# span 14 = 0.0000e+00, 0.0000e+00      
# interval = seconds: 0.25
# start_time = Jul 03 2025 09:23:50 [Instrument's time stamp, header]
# bad_flag = -9.990e-29
*END*
[from data line 1446]
      6.703      0.044     8.2228     74.706     45.328  32.724006     0.6930      7.806   190.7415 1.2357e-01    12.9285      6.573      9.534    11.0939 0.0000e+00
      6.718      0.044     8.2224     74.725     45.327  32.724021     0.7393      7.805   191.0422 1.2362e-01    12.9262      6.589      9.557    11.0936 0.0000e+00
      6.730      0.042     8.2220     74.757     45.327  32.724191     0.7443      7.804   191.3249 1.2368e-01    12.8229      6.600      9.572    11.0934 0.0000e+00
      6.739      0.039     8.2208     74.791     45.329  32.726074     0.7201      7.805   191.5794 1.2370e-01    12.7388      6.609      9.586    11.0935 0.0000e+00
      6.748      0.035     8.2168     74.830     45.357  32.746783     0.7041      7.805   191.7954 1.2376e-01    12.7628      6.619      9.600    11.0939 0.0000e+00
      6.755      0.032     8.2211     74.848     45.408  32.784260     0.7018      7.805   191.8717 1.2379e-01    12.8741      6.625      9.608    11.0948 0.0000e+00
      6.762      0.030     8.2244     74.834     45.428  32.798550     0.7002      7.805   191.8139 1.2373e-01    12.9233      6.630      9.617    11.0958 0.0000e+00
      6.770      0.028     8.2272     74.825     45.419  32.792679     0.6761      7.805   191.7844 1.2366e-01    12.8796      6.639      9.630    11.0959 0.0000e+00
      6.779      0.026     8.2331     74.835     45.396  32.776712     0.6440      7.804   191.9449 1.2359e-01    12.8236      6.648      9.643    11.0960 0.0000e+00
      6.786      0.026     8.2366     74.855     45.334  32.732380     0.6693      7.804   192.2069 1.2355e-01    12.8956      6.655      9.653    11.0964 0.0000e+00
      6.790      0.026     8.2314     74.875     45.289  32.700759     0.7407      7.804   192.4563 1.2360e-01    12.9976      6.658      9.657    11.0970 0.0000e+00
      6.794      0.025     8.2306     74.884     45.303  32.711603     0.7577      7.805   192.7240 1.2368e-01    12.9296      6.662      9.662    11.0977 0.0000e+00
      6.801      0.025     8.2327     74.902     45.337  32.736603     0.7168      7.805   192.8623 1.2372e-01    12.7569      6.669      9.673    11.0980 0.0000e+00
      6.809      0.026     8.2333     74.892     45.354  32.749268     0.6968      7.804   192.7523 1.2371e-01    12.6860      6.678      9.686    11.0986 0.0000e+00
      6.817      0.028     8.2389     74.830     45.339  32.737852     0.7155      7.803   192.7699 1.2371e-01    12.7904      6.685      9.696    11.0999 0.0000e+00
      6.823      0.028     8.2348     74.742     45.320  32.725455     0.7430      7.804   193.0750 1.2366e-01    12.9250      6.691      9.704    11.1013 0.0000e+00
      6.829      0.029     8.2408     74.646     45.319  32.726251     0.7381      7.804   193.3444 1.2356e-01    12.9138      6.697      9.713    11.1013 0.0000e+00
      6.837      0.029     8.2416     74.578     45.345  32.747482     0.7143      7.804   193.4457 1.2355e-01    12.8599      6.705      9.724    11.1007 0.0000e+00
      6.844      0.028     8.2309     74.554     45.404  32.791828     0.6961      7.804   193.6114 1.2362e-01    12.9224      6.712      9.735    11.1006 0.0000e+00
      6.852      0.026     8.2233     74.557     45.439  32.818343     0.6854      7.802   193.8855 1.2367e-01    12.9859      6.719      9.745    11.1021 0.0000e+00
      6.861      0.024     8.2086     74.582     45.433  32.814306     0.6927      7.802   194.0921 1.2371e-01    12.9787      6.728      9.759    11.1037 0.0000e+00
      6.867      0.024     8.2007     74.637     45.420  32.806464     0.6759      7.802   194.3034 1.2374e-01    12.9035      6.736      9.770    11.1061 0.0000e+00
      6.870      0.025     8.1986     74.702     45.391  32.786964     0.6407      7.802   194.6330 1.2371e-01    12.8621      6.738      9.773    11.1095 0.0000e+00
      6.873      0.026     8.1993     74.757     45.362  32.768869     0.6503      7.802   194.8932 1.2368e-01    12.9563      6.738      9.773    11.1098 0.0000e+00
      6.878      0.028     8.2004     74.807     45.371  32.778004     0.6835      7.802   195.0404 1.2370e-01    13.0173      6.744      9.781    11.1097 0.0000e+00
      6.888      0.030     8.2082     74.855     45.357  32.770529     0.7008      7.801   195.2951 1.2371e-01    12.9175      6.754      9.795    11.1115 0.0000e+00
      6.900      0.031     8.2156     74.902     45.319  32.741939     0.7100      7.800   195.4778 1.2365e-01    12.7402      6.765      9.813    11.1134 0.0000e+00
      6.911      0.033     8.2204     74.947     45.334  32.749536     0.7273      7.800   195.4424 1.2361e-01    12.7172      6.779      9.832    11.1153 0.0000e+00
      6.917      0.034     8.2257     74.969     45.406  32.798935     0.7525      7.800   195.4696 1.2361e-01    12.8450      6.786      9.841    11.1195 0.0000e+00
      6.922      0.033     8.2296     74.952     45.453  32.831670     0.7484      7.800   195.7207 1.2363e-01    12.8510      6.785      9.842    11.1241 0.0000e+00
      6.930      0.031     8.2354     74.950     45.448  32.828134     0.7194      7.800   196.0683 1.2368e-01    12.7900      6.793      9.853    11.1221 0.0000e+00
      6.941      0.031     8.2413     75.000     45.435  32.819617     0.7018      7.799   196.3168 1.2370e-01    12.8244      6.808      9.874    11.1173 0.0000e+00
      6.951      0.031     8.2471     75.050     45.394  32.792134     0.7013      7.798   196.5742 1.2366e-01    12.9590      6.817      9.888    11.1140 0.0000e+00
      6.958      0.031     8.2422     75.079     45.330  32.749613     0.7220      7.799   196.8581 1.2367e-01    13.1539      6.822      9.895    11.1126 0.0000e+00
      6.964      0.031     8.2380     75.065     45.324  32.749602     0.7274      7.800   196.9099 1.2369e-01    13.1649      6.829      9.906    11.1131 0.0000e+00
      6.970      0.031     8.2495     75.042     45.375  32.792004     0.7084      7.800   196.9414 1.2364e-01    12.9900      6.836      9.917    11.1139 0.0000e+00
      6.975      0.032     8.2524     75.047     45.404  32.818203     0.7006      7.800   197.1529 1.2364e-01    12.9175      6.838      9.919    11.1164 0.0000e+00
      6.985      0.033     8.2571     74.994     45.391  32.812600     0.7075      7.799   197.3166 1.2367e-01    13.0065      6.848      9.932    11.1199 0.0000e+00
      6.998      0.035     8.2552     74.924     45.352  32.787712     0.7330      7.799   197.4582 1.2368e-01    13.3144      6.865      9.956    11.1254 0.0000e+00
      7.007      0.036     8.2421     74.884     45.327  32.771049     0.7430      7.798   197.7468 1.2371e-01    13.6680      6.872      9.967    11.1322 0.0000e+00
      7.014      0.036     8.2555     74.825     45.368  32.801457     0.7124      7.798   197.8800 1.2372e-01    13.7292      6.877      9.974    11.1380 0.0000e+00
      7.024      0.035     8.2413     74.795     45.418  32.838164     0.6869      7.798   197.7787 1.2372e-01    13.6102      6.889      9.992    11.1420 0.0000e+00
      7.033      0.033     8.2292     74.792     45.411  32.834215     0.7011      7.798   197.8127 1.2372e-01    13.3917      6.899     10.005    11.1454 0.0000e+00
      7.040      0.031     8.2329     74.784     45.387  32.817150     0.7422      7.798   198.0337 1.2370e-01    13.1024      6.903     10.012    11.1486 0.0000e+00
      7.049      0.029     8.2185     74.834     45.397  32.822161     0.7514      7.797   198.3852 1.2364e-01    12.8788      6.912     10.025    11.1482 0.0000e+00
      7.058      0.029     8.2168     74.930     45.412  32.831357     0.7127      7.797   198.7067 1.2364e-01    12.7375      6.922     10.040    11.1478 0.0000e+00
      7.063      0.029     8.2204     74.997     45.366  32.801458     0.6899      7.797   198.7383 1.2371e-01    12.8290      6.927     10.047    11.1502 0.0000e+00
      7.068      0.029     8.2135     75.058     45.323  32.777867     0.7008      7.797   198.6806 1.2375e-01    13.0967      6.930     10.051    11.1505 0.0000e+00
      7.075      0.029     8.2190     75.065     45.343  32.799895     0.7122      7.797   198.7841 1.2372e-01    13.2418      6.937     10.061    11.1467 0.0000e+00
      7.084      0.030     8.2395     74.979     45.357  32.814042     0.6939      7.797   198.9568 1.2370e-01    13.1830      6.948     10.077    11.1434 0.0000e+00
      7.094      0.032     8.2381     74.894     45.367  32.822035     0.6542      7.797   199.0478 1.2374e-01    13.0694      6.958     10.091    11.1470 0.0000e+00
      7.101      0.033     8.2477     74.845     45.381  32.833100     0.6812      7.797   199.1096 1.2377e-01    13.0976      6.963     10.099    11.1573 0.0000e+00
      7.107      0.032     8.2515     74.835     45.362  32.820941     0.7711      7.797   199.3608 1.2372e-01    13.1825      6.968     10.106    11.1682 0.0000e+00
      7.117      0.032     8.2318     74.875     45.334  32.801906     0.8178      7.797   199.5892 1.2369e-01    13.2075      6.980     10.123    11.1711 0.0000e+00
      7.127      0.032     8.2241     74.940     45.328  32.793279     0.8049      7.797   199.5486 1.2372e-01    13.1600      6.992     10.141    11.1713 0.0000e+00
      7.134      0.032     8.2185     74.996     45.323  32.780069     0.7564      7.796   199.5586 1.2370e-01    13.0867      6.996     10.147    11.1724 0.0000e+00
      7.140      0.031     8.2152     75.015     45.323  32.769054     0.7223      7.795   199.7955 1.2364e-01    13.1414      6.999     10.153    11.1731 0.0000e+00
      7.150      0.031     8.2215     75.015     45.357  32.786980     0.7423      7.795   200.0037 1.2364e-01    13.2063      7.012     10.170    11.1773 0.0000e+00
      7.160      0.032     8.2288     74.992     45.389  32.806479     0.7475      7.795   200.0977 1.2367e-01    13.1198      7.024     10.187    11.1745 0.0000e+00
      7.166      0.033     8.2417     74.958     45.404  32.814476     0.7111      7.795   200.1574 1.2371e-01    12.9153      7.028     10.193    11.1592 0.0000e+00
      7.172      0.033     8.2431     74.932     45.413  32.820229     0.6930      7.795   200.2098 1.2371e-01    12.7498      7.032     10.198    11.1452 0.0000e+00
      7.182      0.032     8.2450     74.866     45.401  32.812589     0.7115      7.795   200.2998 1.2368e-01    12.7929      7.043     10.214    11.1400 0.0000e+00
      7.192      0.031     8.2449     74.826     45.357  32.785545     0.7442      7.794   200.4715 1.2373e-01    12.8549      7.054     10.230    11.1364 0.0000e+00
      7.201      0.031     8.2353     74.851     45.291  32.747010     0.7464      7.793   200.5658 1.2379e-01    12.7822      7.061     10.241    11.1321 0.0000e+00
      7.208      0.032     8.2426     74.856     45.251  32.727338     0.7306      7.794   200.5783 1.2376e-01    12.8024      7.070     10.254    11.1313 0.0000e+00
      7.214      0.032     8.2271     74.824     45.264  32.738029     0.7272      7.794   200.8811 1.2367e-01    12.9282      7.075     10.261    11.1326 0.0000e+00
      7.219      0.033     8.2193     74.796     45.287  32.749393     0.7225      7.795   201.3017 1.2361e-01    12.9708      7.079     10.265    11.1356 0.0000e+00
      7.229      0.034     8.2277     74.759     45.280  32.737844     0.7070      7.795   201.4490 1.2363e-01    12.9075      7.088     10.280    11.1476 0.0000e+00
      7.241      0.036     8.2244     74.719     45.270  32.725269     0.6640      7.794   201.4572 1.2366e-01    12.7779      7.102     10.301    11.1634 0.0000e+00
      7.251      0.036     8.2170     74.707     45.275  32.724229     0.6440      7.794   201.5722 1.2365e-01    12.7699      7.112     10.315    11.1647 0.0000e+00
      7.260      0.036     8.2180     74.677     45.277  32.725269     0.6736      7.794   201.8072 1.2367e-01    12.9476      7.119     10.325    11.1541 0.0000e+00
      7.268      0.035     8.2164     74.642     45.292  32.737843     0.7134      7.794   202.0612 1.2369e-01    13.1165      7.128     10.338    11.1474 0.0000e+00
      7.276      0.035     8.2073     74.657     45.312  32.749379     0.7255      7.793   202.3209 1.2369e-01    13.1376      7.136     10.351    11.1427 0.0000e+00
      7.284      0.035     8.2142     74.692     45.306  32.737860     0.6950      7.792   202.6237 1.2364e-01    13.0319      7.142     10.359    11.1345 0.0000e+00
      7.294      0.034     8.2091     74.709     45.299  32.725445     0.6867      7.792   202.8828 1.2357e-01    13.0340      7.151     10.371    11.1342 0.0000e+00
      7.305      0.033     8.1994     74.727     45.307  32.726135     0.7256      7.792   202.8728 1.2355e-01    13.1979      7.165     10.392    11.1404 0.0000e+00
      7.315      0.033     8.2049     74.757     45.337  32.746208     0.7565      7.792   202.7609 1.2357e-01    13.1687      7.175     10.407    11.1368 0.0000e+00
      7.321      0.031     8.2134     74.788     45.382  32.777816     0.7522      7.791   202.9061 1.2364e-01    12.8853      7.178     10.411    11.1265 0.0000e+00
      7.326      0.028     8.2140     74.811     45.401  32.791095     0.7407      7.791   203.1663 1.2372e-01    12.7098      7.183     10.419    11.1183 0.0000e+00
      7.335      0.025     8.2172     74.816     45.388  32.779876     0.7511      7.791   203.3263 1.2371e-01    12.7548      7.193     10.434    11.1127 0.0000e+00
      7.343      0.023     8.2218     74.812     45.374  32.769042     0.7778      7.791   203.5501 1.2368e-01    12.8142      7.203     10.447    11.1102 0.0000e+00
      7.348      0.022     8.2246     74.806     45.399  32.786982     0.7883      7.791   203.8931 1.2365e-01    12.7108      7.206     10.451    11.1112 0.0000e+00
      7.351      0.022     8.2286     74.785     45.422  32.806467     0.7699      7.791   204.0319 1.2362e-01    12.5630      7.209     10.455    11.1105 0.0000e+00
      7.355      0.023     8.2284     74.750     45.423  32.814308     0.7477      7.791   204.0234 1.2367e-01    12.4962      7.213     10.461    11.1077 0.0000e+00
      7.359      0.024     8.2285     74.738     45.414  32.818359     0.7272      7.790   204.2213 1.2370e-01    12.6543      7.216     10.465    11.1058 0.0000e+00
      7.367      0.025     8.2279     74.760     45.372  32.792014     0.7056      7.790   204.4449 1.2365e-01    13.0398      7.223     10.476    11.1071 0.0000e+00
      7.377      0.026     8.2267     74.800     45.318  32.749540     0.6772      7.790   204.5764 1.2364e-01    13.1610      7.236     10.495    11.1083 0.0000e+00
      7.385      0.026     8.2180     74.841     45.323  32.748902     0.6421      7.790   204.7783 1.2369e-01    12.9929      7.244     10.508    11.1157 0.0000e+00
      7.390      0.027     8.2136     74.869     45.376  32.784300     0.6564      7.790   204.9930 1.2372e-01    12.9882      7.247     10.511    11.1331 0.0000e+00
      7.395      0.029     8.2163     74.904     45.396  32.796878     0.7167      7.790   205.1075 1.2367e-01    13.1383      7.251     10.516    11.1374 0.0000e+00
      7.401      0.029     8.2219     74.943     45.367  32.774092     0.7464      7.789   205.1304 1.2368e-01    13.2025      7.257     10.525    11.1297 0.0000e+00
      7.409      0.030     8.2299     74.966     45.352  32.762572     0.7330      7.789   205.2697 1.2373e-01    13.1498      7.264     10.535    11.1248 0.0000e+00
      7.419      0.031     8.2300     74.969     45.380  32.784471     0.7132      7.789   205.5878 1.2373e-01    13.1153      7.275     10.552    11.1230 0.0000e+00
      7.430      0.031     8.2356     74.945     45.379  32.785097     0.7229      7.790   205.7923 1.2370e-01    13.1611      7.287     10.571    11.1210 0.0000e+00
      7.438      0.031     8.2418     74.928     45.357  32.770144     0.7504      7.790   205.8502 1.2371e-01    13.1227      7.296     10.582    11.1180 0.0000e+00
      7.442      0.031     8.2430     74.936     45.388  32.794003     0.7621      7.790   205.9427 1.2373e-01    13.0613      7.298     10.585    11.1176 0.0000e+00
