Data/DataNotYetUploadedToEDI/Raw_CTD/RawDownloads/070325_fcr20_S7809004.cnv
* Sea-Bird SBE19plus  Data File:
* FileName = C:\R\Reservoirs\Data\DataNotYetUploadedToEDI\Raw_CTD\RawDownloads\070325_fcr50_S7809_0004.hex
* Software version 2.8.0.119
* Temperature SN = 7809
* Conductivity SN = 7809
* System UpLoad Time = Jul 07 2025 16:19:59
* <ApplicationData>
* <Seaterm232>
# nquan = 15
# nvalues = 1738                        
# units = specified
# name 0 = depFM: Depth [fresh water, m]
# name 1 = dz/dtM: Descent Rate [m/s]
# name 2 = sbeox0Mg/L: Oxygen, SBE 43 [mg/l]
# name 3 = sbeox0PS: Oxygen, SBE 43 [% saturation]
# name 4 = specc: Specific Conductance [uS/cm]
# name 5 = c0uS/cm: Conductivity [uS/cm]
# name 6 = flECO-AFL: Fluorescence, WET Labs ECO-AFL/FL [mg/m^3]
# name 7 = ph: pH
# name 8 = orp: Oxidation Reduction Potential [mV]
# name 9 = par/sat/log: PAR/Logarithmic, Satlantic
# name 10 = turbWETntu0: Turbidity, WET Labs ECO [NTU]
# name 11 = prdM: Pressure, Strain Gauge [db]
# name 12 = prdE: Pressure, Strain Gauge [psi]
# name 13 = tv290C: Temperature [ITS-90, deg C]
# name 14 = flag:  0.000e+00
# span 0 =     -0.643,      3.722       
# span 1 =     -0.336,      0.181       
# span 2 =     0.0062,     9.0209       
# span 3 =      0.066,    108.788       
# span 4 =      1.703,     97.068       
# span 5 =   1.550803,  78.811947       
# span 6 =    -1.9729,   232.7177       
# span 7 =      7.837,      9.039       
# span 8 =  -207.6072,   348.1028       
# span 9 = 1.2367e-01, 2.6138e+03       
# span 10 =    -0.0538,   203.9186      
# span 11 =     -0.632,      3.651      
# span 12 =     -0.916,      5.296      
# span 13 =    12.3114,    26.5709      
# span 14 = 0.0000e+00, 0.0000e+00      
# interval = seconds: 0.25
# start_time = Jul 03 2025 10:48:02 [Instrument's time stamp, header]
# bad_flag = -9.990e-29
*END*
[from data line 97]
     -0.011     -0.009     4.9029     60.187     34.146  35.037155     1.6687      8.758   121.3305 2.7926e+02     4.0169     -0.010     -0.015    26.3452 0.0000e+00
     -0.012     -0.019     4.8922     60.057     34.101  34.988878     1.6328      8.761   121.3860 2.6832e+02     3.9043     -0.010     -0.015    26.3219 0.0000e+00
     -0.016     -0.034     4.8757     59.931     34.100  34.989883     1.6134      8.765   121.2623 2.6697e+02     3.8263     -0.015     -0.022    26.3075 0.0000e+00
     -0.023     -0.050     4.8653     59.804     34.155  35.049314     1.6428      8.767   121.1254 2.6907e+02     3.7911     -0.022     -0.032    26.3018 0.0000e+00
     -0.036     -0.062     4.8571     59.690     34.180  35.072996     1.6887      8.770   121.1070 2.7592e+02     3.7861     -0.031     -0.045    26.2981 0.0000e+00
     -0.061     -0.066     4.8456     59.631     34.135  35.022427     1.6857      8.775   121.2129 2.8109e+02     3.7320     -0.057     -0.081    26.2930 0.0000e+00
     -0.091     -0.062     4.8357     59.632     34.060  34.945460     1.6304      8.780   121.4585 3.2866e+02     3.7513     -0.093     -0.134    26.2993 0.0000e+00
     -0.114     -0.055     4.8247     59.653     34.014  34.903741     1.5861      8.785   121.6679 6.6419e+02     3.9515     -0.118     -0.171    26.3066 0.0000e+00
     -0.123     -0.045     4.8139     59.681     34.013  34.898690     1.5755      8.789   121.7663 1.2732e+03     4.1029     -0.124     -0.180    26.3008 0.0000e+00
     -0.123     -0.033     4.8097     59.710     34.021  34.884392     1.5682      8.793   121.9592 1.6820e+03     4.1137     -0.121     -0.175    26.2902 0.0000e+00
     -0.123     -0.021     4.8124     59.706     34.023  34.857720     1.5482      8.798   122.2790 1.7684e+03     4.0135     -0.118     -0.172    26.2876 0.0000e+00
     -0.128     -0.010     4.8125     59.682     34.018  34.829930     1.5414      8.802   122.5353 1.7588e+03     4.0190     -0.123     -0.179    26.3054 0.0000e+00
     -0.138     -0.001     4.8137     59.672     34.007  34.802143     1.5612      8.806   122.8217 1.7415e+03     4.2471     -0.138     -0.200    26.3090 0.0000e+00
     -0.144      0.006     4.8222     59.650     33.994  34.775498     1.5709      8.810   123.1610 1.7144e+03     4.4146     -0.146     -0.211    26.2672 0.0000e+00
     -0.139      0.014     4.8253     59.580     33.990  34.761541     1.5671      8.813   123.3685 1.6013e+03     4.3706     -0.139     -0.201    26.2152 0.0000e+00
     -0.127      0.022     4.8242     59.437     33.997  34.760263     1.5821      8.815   123.4379 1.3195e+03     4.1594     -0.125     -0.181    26.1835 0.0000e+00
     -0.114      0.026     4.8271     59.212     34.005  34.760035     1.6276      8.817   123.4834 9.7636e+02     4.0134     -0.110     -0.160    26.1626 0.0000e+00
     -0.106      0.026     4.8281     58.961     34.010  34.758767     1.6754      8.818   123.6599 7.6462e+02     4.0399     -0.102     -0.147    26.1423 0.0000e+00
     -0.101      0.021     4.8239     58.727     34.001  34.744923     1.6777      8.821   123.9384 8.2355e+02     4.0018     -0.099     -0.144    26.1278 0.0000e+00
     -0.098      0.015     4.8145     58.462     33.982  34.719529     1.6468      8.824   124.2686 1.1315e+03     3.8942     -0.095     -0.139    26.1176 0.0000e+00
     -0.095      0.010     4.7953     58.138     33.974  34.705505     1.6263      8.826   124.5546 1.3950e+03     3.8662     -0.093     -0.135    26.1047 0.0000e+00
     -0.093      0.005     4.7730     57.826     33.978  34.702247     1.6467      8.829   124.6445 1.4485e+03     3.9366     -0.092     -0.133    26.0941 0.0000e+00
     -0.092      0.001     4.7577     57.553     33.964  34.680117     1.6937      8.831   124.7521 1.4118e+03     4.0623     -0.090     -0.130    26.0872 0.0000e+00
     -0.091     -0.002     4.7391     57.289     33.922  34.628260     1.7038      8.832   124.9960 1.4282e+03     4.1219     -0.088     -0.128    26.0790 0.0000e+00
     -0.093     -0.005     4.7092     57.039     33.886  34.582795     1.6850      8.835   125.2696 1.5660e+03     4.1449     -0.091     -0.132    26.0696 0.0000e+00
     -0.097     -0.008     4.6841     56.782     33.884  34.574501     1.6828      8.837   125.5658 1.7685e+03     4.1699     -0.095     -0.137    26.0603 0.0000e+00
     -0.099     -0.009     4.6655     56.511     33.906  34.591424     1.7023      8.838   125.8237 1.9258e+03     4.1852     -0.097     -0.141    26.0482 0.0000e+00
     -0.101     -0.007     4.6437     56.272     33.917  34.597063     1.7378      8.841   126.0643 1.9920e+03     4.1245     -0.099     -0.144    26.0331 0.0000e+00
     -0.104     -0.003     4.6256     56.068     33.907  34.579225     1.7625      8.844   126.3241 1.9564e+03     3.9142     -0.102     -0.148    26.0203 0.0000e+00
     -0.107      0.000     4.6069     55.876     33.898  34.566067     1.7595      8.847   126.4700 1.8592e+03     3.8287     -0.107     -0.155    26.0119 0.0000e+00
     -0.106      0.000     4.5821     55.725     33.898  34.564861     1.7595      8.849   126.5381 1.8483e+03     3.9443     -0.106     -0.155    26.0059 0.0000e+00
     -0.101     -0.001     4.5638     55.605     33.898  34.564638     1.7791      8.851   126.7169 1.9452e+03     4.0140     -0.099     -0.144    25.9966 0.0000e+00
     -0.097     -0.002     4.5507     55.464     33.901  34.563370     1.7971      8.852   126.9117 2.0137e+03     3.9540     -0.092     -0.134    25.9839 0.0000e+00
     -0.099     -0.000     4.5328     55.301     33.891  34.549526     1.7943      8.854   127.0001 2.0317e+03     3.8345     -0.095     -0.138    25.9759 0.0000e+00
     -0.106      0.004     4.5211     55.148     33.869  34.524138     1.7697      8.857   127.1831 2.0216e+03     3.8326     -0.105     -0.152    25.9790 0.0000e+00
     -0.112      0.009     4.5139     55.022     33.857  34.510183     1.7652      8.860   127.4895 1.9706e+03     3.9655     -0.113     -0.163    25.9796 0.0000e+00
     -0.109      0.014     4.5025     54.904     33.856  34.507674     1.7989      8.861   127.6082 1.8455e+03     4.1095     -0.111     -0.161    25.9703 0.0000e+00
     -0.098      0.019     4.4888     54.784     33.848  34.493813     1.8273      8.861   127.4993 1.4802e+03     4.1730     -0.097     -0.141    25.9638 0.0000e+00
     -0.085      0.021     4.4756     54.655     33.834  34.469466     1.8259      8.862   127.4629 9.1050e+02     4.1176     -0.082     -0.118    25.9609 0.0000e+00
     -0.076      0.019     4.4670     54.513     33.843  34.467065     1.8069      8.862   127.5985 5.3306e+02     4.1240     -0.072     -0.104    25.9585 0.0000e+00
     -0.073      0.012     4.4574     54.391     33.851  34.464758     1.7723      8.863   127.8486 5.3668e+02     4.1816     -0.070     -0.101    25.9599 0.0000e+00
     -0.074      0.003     4.4480     54.302     33.837  34.441554     1.7068      8.863   128.2504 7.7764e+02     4.0626     -0.073     -0.106    25.9523 0.0000e+00
     -0.076     -0.004     4.4403     54.188     33.844  34.440279     1.6488      8.863   128.5846 1.0544e+03     3.8804     -0.075     -0.108    25.9321 0.0000e+00
     -0.079     -0.006     4.4288     54.042     33.864  34.449317     1.6366      8.864   128.7055 1.2711e+03     3.8229     -0.077     -0.112    25.9151 0.0000e+00
     -0.082     -0.004     4.4179     53.880     33.851  34.423932     1.6668      8.866   128.8517 1.3921e+03     3.8799     -0.081     -0.118    25.9006 0.0000e+00
     -0.085     -0.003     4.4161     53.686     33.827  34.387115     1.7143      8.868   128.9761 1.3247e+03     3.9894     -0.085     -0.123    25.8870 0.0000e+00
     -0.085     -0.003     4.4071     53.496     33.836  34.384809     1.7198      8.870   128.9190 1.0040e+03     3.9855     -0.085     -0.124    25.8753 0.0000e+00
     -0.083     -0.006     4.3945     53.330     33.856  34.396034     1.6910      8.872   128.7635 5.7446e+02     3.8667     -0.081     -0.118    25.8592 0.0000e+00
     -0.079     -0.011     4.3861     53.166     33.864  34.395929     1.6496      8.875   128.8160 3.1139e+02     3.8164     -0.076     -0.110    25.8394 0.0000e+00
     -0.080     -0.016     4.3685     53.030     33.857  34.383533     1.6112      8.879   129.1241 2.5090e+02     3.8899     -0.074     -0.107    25.8203 0.0000e+00
     -0.090     -0.019     4.3543     52.954     33.850  34.373037     1.6180      8.883   129.3909 2.9842e+02     4.0042     -0.087     -0.126    25.8037 0.0000e+00
     -0.103     -0.019     4.3436     52.921     33.873  34.395899     1.6153      8.886   129.5468 6.1324e+02     4.0032     -0.103     -0.150    25.7901 0.0000e+00
     -0.111     -0.014     4.3298     52.913     33.885  34.406176     1.5608      8.888   129.6324 1.1700e+03     3.9802     -0.109     -0.160    25.7782 0.0000e+00
     -0.114     -0.003     4.3178     52.908     33.860  34.370409     1.5176      8.891   129.8243 1.4184e+03     4.0668     -0.113     -0.163    25.7689 0.0000e+00
     -0.114      0.010     4.3132     52.877     33.850  34.344089     1.5173      8.894   130.0598 1.1159e+03     4.1277     -0.114     -0.164    25.7650 0.0000e+00
     -0.108      0.021     4.3108     52.821     33.862  34.341699     1.5233      8.897   130.1572 8.2497e+02     4.1027     -0.109     -0.158    25.7667 0.0000e+00
     -0.096      0.026     4.3102     52.736     33.872  34.341482     1.5078      8.900   130.3136 7.4692e+02     4.0031     -0.095     -0.138    25.7672 0.0000e+00
     -0.083      0.026     4.3129     52.620     33.877  34.341462     1.5208      8.902   130.4880 5.7787e+02     3.9483     -0.080     -0.115    25.7523 0.0000e+00
     -0.075      0.022     4.3115     52.485     33.881  34.341451     1.5884      8.904   130.6310 4.7255e+02     4.0558     -0.071     -0.103    25.7233 0.0000e+00
     -0.071      0.015     4.3096     52.328     33.886  34.341337     1.6349      8.906   130.9238 4.2375e+02     4.1403     -0.068     -0.099    25.6976 0.0000e+00
     -0.071      0.008     4.3040     52.158     33.891  34.340078     1.6410      8.908   131.2754 3.3161e+02     4.1173     -0.069     -0.100    25.6839 0.0000e+00
     -0.072      0.003     4.2937     51.996     33.883  34.326228     1.6381      8.909   131.5269 3.0604e+02     4.0500     -0.071     -0.103    25.6792 0.0000e+00
     -0.074      0.001     4.2839     51.841     33.862  34.300747     1.6506      8.912   131.6411 3.0267e+02     4.0104     -0.073     -0.105    25.6746 0.0000e+00
     -0.074      0.001     4.2718     51.696     33.851  34.285761     1.6831      8.914   131.7094 3.4546e+02     4.0822     -0.073     -0.106    25.6653 0.0000e+00
     -0.073      0.002     4.2573     51.560     33.840  34.271909     1.6814      8.915   131.8374 4.7245e+02     4.0632     -0.071     -0.104    25.6554 0.0000e+00
     -0.070      0.002     4.2450     51.422     33.830  34.260145     1.6631      8.916   131.9830 5.6446e+02     3.9175     -0.069     -0.099    25.6483 0.0000e+00
     -0.069      0.002     4.2329     51.274     33.843  34.270412     1.6785      8.918   132.1800 5.3435e+02     3.8918     -0.067     -0.097    25.6412 0.0000e+00
     -0.069      0.001     4.2212     51.123     33.845  34.269153     1.7099      8.920   132.4127 4.5207e+02     3.9924     -0.067     -0.097    25.6352 0.0000e+00
     -0.070     -0.001     4.2111     50.988     33.825  34.244919     1.7424      8.922   132.5597 4.3521e+02     4.1094     -0.070     -0.101    25.6324 0.0000e+00
     -0.071     -0.004     4.2000     50.882     33.815  34.231182     1.7474      8.923   132.7522 5.1108e+02     4.0761     -0.071     -0.103    25.6301 0.0000e+00
     -0.071     -0.006     4.1882     50.776     33.817  34.229933     1.7203      8.924   133.0194 5.6709e+02     3.9659     -0.069     -0.101    25.6256 0.0000e+00
     -0.072     -0.006     4.1758     50.654     33.822  34.229819     1.6970      8.926   133.2957 5.1784e+02     3.9380     -0.069     -0.100    25.6192 0.0000e+00
     -0.074     -0.006     4.1640     50.549     33.827  34.229794     1.6988      8.928   133.5975 4.2644e+02     3.9440     -0.072     -0.105    25.6132 0.0000e+00
     -0.078     -0.006     4.1574     50.464     33.831  34.229623     1.7426      8.929   133.7431 3.8230e+02     3.9701     -0.077     -0.112    25.6087 0.0000e+00
     -0.081     -0.005     4.1502     50.377     33.832  34.227743     1.7781      8.931   133.7658 4.0016e+02     3.9117     -0.080     -0.116    25.6041 0.0000e+00
     -0.082     -0.003     4.1385     50.298     33.814  34.207062     1.7613      8.932   133.8720 4.6229e+02     3.8868     -0.080     -0.116    25.5973 0.0000e+00
     -0.081     -0.000     4.1304     50.231     33.780  34.169902     1.7557      8.934   134.0803 5.5145e+02     4.0110     -0.079     -0.115    25.5899 0.0000e+00
     -0.079      0.002     4.1259     50.166     33.773  34.159093     1.7687      8.936   134.3918 6.3889e+02     4.0476     -0.078     -0.112    25.5836 0.0000e+00
     -0.077      0.002     4.1175     50.113     33.820  34.203252     1.7679      8.937   134.7133 7.0164e+02     3.9529     -0.076     -0.110    25.5786 0.0000e+00
     -0.077      0.002     4.1117     50.120     34.067  34.450045     1.7713      8.938   134.8688 7.4325e+02     3.8910     -0.076     -0.110    25.5746 0.0000e+00
     -0.077      0.003     4.1069     50.354     34.588  34.985915     1.7763      8.940   134.8958 7.8404e+02     3.9480     -0.076     -0.110    25.5707 0.0000e+00
     -0.077      0.003     4.1023     51.824     35.028  35.479868     1.7873      8.941   134.8680 8.4058e+02     4.0620     -0.076     -0.111    25.5662 0.0000e+00
     -0.077      0.003     4.0960     56.757     35.109  35.663972     1.7959      8.941   134.7908 9.5191e+02     4.1080     -0.076     -0.111    25.5603 0.0000e+00
     -0.075      0.001     4.0961     66.174     35.011  35.689321     1.7979      8.943   134.8227 1.1119e+03     4.0933     -0.075     -0.108    25.5545 0.0000e+00
     -0.072     -0.004     4.1002     77.838     34.936  35.723109     1.8014      8.947   134.9948 1.0329e+03     4.0903     -0.070     -0.102    25.5485 0.0000e+00
     -0.071     -0.010     4.1308     88.695     34.889  35.755425     1.8058      8.948   135.1513 6.4482e+02     4.1743     -0.069     -0.098    25.6029 0.0000e+00
     -0.074     -0.016     4.4604     97.401     34.841  35.762926     1.7841      8.949   135.2520 4.1488e+02     4.2548     -0.071     -0.103    25.7728 0.0000e+00
     -0.081     -0.021     5.3037    103.667     34.790  35.750442     1.7065      8.951   135.4384 7.9367e+02     4.1409     -0.077     -0.113    25.9768 0.0000e+00
     -0.092     -0.022     6.3430    107.437     34.744  35.731432     1.6420      8.954   135.7708 1.5525e+03     3.9582     -0.091     -0.132    26.1365 0.0000e+00
     -0.102     -0.019     7.2259    108.788     34.715  35.723474     1.6278      8.956   136.0012 1.9763e+03     3.8903     -0.102     -0.148    26.2478 0.0000e+00
     -0.107     -0.013     7.9242    108.027     34.695  35.717694     1.6433      8.957   135.9874 2.0317e+03     4.0033     -0.106     -0.154    26.3237 0.0000e+00
     -0.108     -0.005     8.4228    105.936     34.690  35.725020     1.6793      8.960   135.9472 2.0322e+03     4.2310     -0.107     -0.155    26.3785 0.0000e+00
     -0.106      0.001     8.7175    103.561     34.703  35.748619     1.6803      8.962   136.1180 1.9983e+03     4.2855     -0.104     -0.151    26.4185 0.0000e+00
     -0.103      0.004     8.8172    101.568     34.698  35.749250     1.6465      8.962   136.4177 1.9388e+03     4.1501     -0.101     -0.146    26.4481 0.0000e+00
     -0.099      0.006     8.7293    100.082     34.679  35.732665     1.6285      8.963   136.6464 1.8658e+03     4.0639     -0.097     -0.140    26.4687 0.0000e+00
