Data/DataNotYetUploadedToEDI/Raw_CTD/RawDownloads/070323_bvr50_S8188024.cnv
* Sea-Bird SBE19plus  Data File:
* FileName = C:\R\Reservoirs\Data\DataNotYetUploadedToEDI\Raw_CTD\RawDownloads\062623_fcr50_S8188_0024.hex
* Software version 2.8.0.119
* Temperature SN = 8188
* Conductivity SN = 8188
* System UpLoad Time = Jul 03 2023 16:36:52
* <ApplicationData>
* <Seaterm232>
# nquan = 16
# nvalues = 1133                        
# units = specified
# name 0 = depFM: Depth [fresh water, m]
# name 1 = dz/dtM: Descent Rate [m/s]
# name 2 = sbeox0Mg/L: Oxygen, SBE 43 [mg/l]
# name 3 = sbeox0PS: Oxygen, SBE 43 [% saturation]
# name 4 = specc: Specific Conductance [uS/cm]
# name 5 = c0uS/cm: Conductivity [uS/cm]
# name 6 = wetCDOM: Fluorescence, WET Labs CDOM [mg/m^3]
# name 7 = flECO-AFL: Fluorescence, WET Labs ECO-AFL/FL [mg/m^3]
# name 8 = flECO-AFL1: Fluorescence, WET Labs ECO-AFL/FL, 2 [mg/m^3]
# name 9 = flECO-AFL2: Fluorescence, WET Labs ECO-AFL/FL, 3 [mg/m^3]
# name 10 = par/sat/log: PAR/Logarithmic, Satlantic
# name 11 = turbWETntu0: Turbidity, WET Labs ECO [NTU]
# name 12 = prdM: Pressure, Strain Gauge [db]
# name 13 = prdE: Pressure, Strain Gauge [psi]
# name 14 = tv290C: Temperature [ITS-90, deg C]
# name 15 = flag:  0.000e+00
# span 0 =     -0.749,      9.847       
# span 1 =     -0.214,      0.182       
# span 2 =    -0.0587,     9.0723       
# span 3 =     -0.543,    102.852       
# span 4 =      1.006,    229.454       
# span 5 =   0.855748, 155.697582       
# span 6 =    -0.1800,     7.3800       
# span 7 =    -1.9847,    18.8477       
# span 8 =    -6.9438,     0.8094       
# span 9 =    -8.2908,    24.1110       
# span 10 = 1.1585e-01, 1.5439e+03      
# span 11 =    -3.7751,   966.6306      
# span 12 =     -0.734,      9.657      
# span 13 =     -1.064,     14.006      
# span 14 =     8.9222,    25.8809      
# span 15 = 0.0000e+00, 0.0000e+00      
# interval = seconds: 0.25
# start_time = Jul 03 2023 10:14:13 [Instrument's time stamp, header]
# bad_flag = -9.990e-29
*END*
[from data line 724]
      7.866      0.068     0.1761      1.530     96.047  66.255616     6.3000     1.0556     0.0426     0.9306 1.1612e-01     3.0937      7.714     11.188     9.5208 0.0000e+00
      7.884      0.068     0.1765      1.518     96.135  66.297688     6.2100     0.8802     0.0426     0.8460 1.1610e-01     2.6578      7.731     11.213     9.5131 0.0000e+00
      7.902      0.068     0.1763      1.504     96.254  66.361424     6.2100     0.8954     0.0426     0.8460 1.1612e-01     2.6879      7.749     11.239     9.5058 0.0000e+00
      7.919      0.067     0.1757      1.495     96.420  66.459852     6.2100     0.8878     0.0426     0.8460 1.1597e-01     2.6578      7.766     11.264     9.4979 0.0000e+00
      7.936      0.066     0.1747      1.492     96.631  66.589466     6.2100     0.8840     0.0426     0.8460 1.1605e-01     2.6277      7.782     11.287     9.4889 0.0000e+00
      7.952      0.066     0.1734      1.496     96.844  66.721353     6.2100     0.9069     0.0426     1.0152 1.1592e-01     2.8832      7.798     11.310     9.4792 0.0000e+00
      7.968      0.065     0.1719      1.501     97.034  66.837124     6.2100     0.9030     0.0426     1.0152 1.1623e-01     2.9434      7.814     11.334     9.4699 0.0000e+00
      7.985      0.065     0.1709      1.504     97.208  66.941864     6.2100     0.8802     0.0426     1.0152 1.1620e-01     2.8983      7.831     11.357     9.4615 0.0000e+00
      8.002      0.065     0.1706      1.505     97.367  67.035733     6.2100     0.8954     0.0426     1.0152 1.1602e-01     2.9133      7.847     11.382     9.4534 0.0000e+00
      8.019      0.066     0.1710      1.506     97.514  67.121942     6.2100     1.0060     0.0426     0.9729 1.1605e-01     2.6879      7.864     11.406     9.4456 0.0000e+00
      8.036      0.066     0.1717      1.506     97.667  67.211576     6.2100     0.9908     0.0426     0.9729 1.1605e-01     2.6879      7.880     11.429     9.4379 0.0000e+00
      8.052      0.067     0.1720      1.508     97.807  67.292832     6.2100     0.9984     0.0426     0.9729 1.1610e-01     2.6728      7.897     11.453     9.4301 0.0000e+00
      8.069      0.068     0.1721      1.516     97.915  67.351671     6.2100     0.9946     0.0426     0.9729 1.1600e-01     2.7480      7.913     11.477     9.4222 0.0000e+00
      8.086      0.070     0.1722      1.525     98.000  67.395847     6.2100     1.0289     0.0426     0.7191 1.1610e-01     2.5075      7.930     11.502     9.4144 0.0000e+00
      8.105      0.071     0.1723      1.533     98.065  67.427224     6.2100     1.0251     0.0426     0.7191 1.1600e-01     2.3722      7.948     11.528     9.4064 0.0000e+00
      8.123      0.073     0.1726      1.535     98.093  67.434329     6.2100     0.9870     0.0426     0.7191 1.1600e-01     2.4624      7.967     11.554     9.3985 0.0000e+00
      8.142      0.075     0.1735      1.530     98.106  67.430960     6.2100     1.0518     0.0426     0.7191 1.1612e-01     2.4323      7.985     11.581     9.3908 0.0000e+00
      8.161      0.076     0.1747      1.517     98.145  67.445973     6.2100     1.0060     0.0426     0.7191 1.1600e-01     2.6578      8.004     11.608     9.3834 0.0000e+00
      8.181      0.076     0.1755      1.499     98.218  67.483372     6.2100     0.9603     0.0426     0.8037 1.1617e-01     2.6578      8.023     11.636     9.3767 0.0000e+00
      8.201      0.076     0.1758      1.479     98.316  67.537259     6.2100     0.9603     0.0426     0.8037 1.1620e-01     2.7179      8.043     11.665     9.3704 0.0000e+00
      8.221      0.075     0.1753      1.461     98.416  67.592249     6.2100     0.9565     0.0426     0.8037 1.1620e-01     2.7179      8.062     11.693     9.3643 0.0000e+00
      8.240      0.074     0.1738      1.452     98.512  67.645151     6.2100     0.9755     0.0426     0.8037 1.1628e-01     2.7029      8.081     11.721     9.3581 0.0000e+00
      8.259      0.073     0.1718      1.459     98.644  67.723958     6.2100     0.8916     0.0852     0.7614 1.1617e-01     2.4774      8.099     11.747     9.3518 0.0000e+00
      8.277      0.072     0.1695      1.473     98.822  67.835799     6.2100     0.8878     0.0852     0.7614 1.1612e-01     2.4925      8.117     11.773     9.3450 0.0000e+00
      8.295      0.071     0.1674      1.484     99.001  67.949002     6.2100     0.9069     0.0852     0.7614 1.1610e-01     2.5526      8.135     11.798     9.3380 0.0000e+00
      8.313      0.070     0.1665      1.489     99.158  68.048128     6.2100     0.8687     0.0852     0.7614 1.1615e-01     2.4624      8.152     11.824     9.3313 0.0000e+00
      8.330      0.069     0.1673      1.490     99.299  68.137790     6.2100     1.0099     0.0852     0.8037 1.1630e-01     2.5977      8.170     11.849     9.3253 0.0000e+00
      8.348      0.069     0.1689      1.490     99.421  68.214124     6.2100     1.0213     0.0852     0.8037 1.1615e-01     2.6728      8.187     11.874     9.3201 0.0000e+00
      8.365      0.068     0.1702      1.485     99.509  68.267730     6.2100     1.0289     0.0852     0.8037 1.1617e-01     2.6728      8.204     11.899     9.3153 0.0000e+00
      8.383      0.067     0.1708      1.476     99.538  68.281160     6.2100     1.0022     0.0852     0.8037 1.1612e-01     2.7179      8.221     11.923     9.3109 0.0000e+00
      8.400      0.067     0.1710      1.467     99.515  68.257997     6.2100     1.0213     0.0852     0.8037 1.1595e-01     2.4323      8.238     11.947     9.3071 0.0000e+00
      8.417      0.066     0.1709      1.463     99.488  68.231739     6.2100     1.0213     0.0426     0.8037 1.1610e-01     2.4474      8.254     11.971     9.3036 0.0000e+00
      8.434      0.066     0.1704      1.466     99.489  68.223156     6.2100     1.0289     0.0426     0.8037 1.1600e-01     2.5376      8.271     11.995     9.3002 0.0000e+00
      8.450      0.066     0.1694      1.472     99.507  68.225993     6.2100     1.0327     0.0426     0.8037 1.1605e-01     2.3873      8.287     12.019     9.2967 0.0000e+00
      8.467      0.066     0.1683      1.475     99.539  68.237037     6.2100     1.0213     0.0426     0.8037 1.1602e-01     2.4774      8.303     12.043     9.2931 0.0000e+00
      8.484      0.067     0.1679      1.473     99.586  68.259233     6.2100     1.0175     0.0852     0.7614 1.1612e-01     2.5075      8.320     12.067     9.2892 0.0000e+00
      8.501      0.067     0.1683      1.469     99.634  68.282630     6.2100     1.0251     0.0852     0.7614 1.1615e-01     2.5075      8.336     12.091     9.2848 0.0000e+00
      8.518      0.067     0.1690      1.467     99.679  68.305531     6.2100     1.0251     0.0852     0.7614 1.1605e-01     2.4023      8.353     12.116     9.2797 0.0000e+00
      8.535      0.067     0.1693      1.464     99.743  68.341979     6.2100     1.1815     0.0852     0.7614 1.1592e-01     2.4774      8.370     12.140     9.2744 0.0000e+00
      8.552      0.066     0.1691      1.459     99.834  68.397724     6.2100     1.2006     0.0426     0.8460 1.1612e-01     2.3873      8.387     12.164     9.2692 0.0000e+00
      8.569      0.066     0.1687      1.453     99.941  68.463827     6.2100     1.2387     0.0426     0.8460 1.1592e-01     2.5075      8.403     12.188     9.2645 0.0000e+00
      8.586      0.066     0.1684      1.446    100.065  68.542045     6.2100     1.1853     0.0426     0.8460 1.1625e-01     2.4624      8.420     12.211     9.2605 0.0000e+00
      8.602      0.066     0.1681      1.440    100.212  68.635380     6.2100     1.2502     0.0426     0.8460 1.1605e-01     2.3422      8.436     12.235     9.2570 0.0000e+00
      8.619      0.065     0.1676      1.438    100.331  68.709209     6.2100     1.2387     0.0852     0.8883 1.1605e-01     2.4474      8.452     12.259     9.2535 0.0000e+00
      8.636      0.065     0.1669      1.437    100.373  68.729654     6.2100     1.2921     0.0852     0.8883 1.1623e-01     2.4624      8.469     12.283     9.2501 0.0000e+00
      8.652      0.065     0.1661      1.434    100.348  68.706134     6.2100     1.2540     0.0852     0.8883 1.1615e-01     2.5075      8.485     12.307     9.2468 0.0000e+00
      8.669      0.065     0.1655      1.431    100.304  68.672055     6.2100     1.1586     0.0852     0.8883 1.1602e-01     2.6428      8.501     12.330     9.2431 0.0000e+00
      8.685      0.065     0.1652      1.429    100.269  68.646102     6.2100     1.1434     0.0852     0.8883 1.1610e-01     2.6879      8.517     12.353     9.2390 0.0000e+00
      8.701      0.065     0.1651      1.430    100.233  68.621354     6.2100     1.1357     0.0426     0.9306 1.1605e-01     2.5977      8.533     12.375     9.2350 0.0000e+00
      8.717      0.066     0.1648      1.430    100.197  68.597163     6.2100     1.1319     0.0426     0.9306 1.1617e-01     2.6428      8.549     12.399     9.2319 0.0000e+00
      8.734      0.066     0.1644      1.428    100.174  68.582949     6.2100     1.2235     0.0426     0.9306 1.1612e-01     2.7029      8.565     12.423     9.2299 0.0000e+00
      8.751      0.066     0.1643      1.424    100.170  68.580872     6.2100     1.2159     0.0426     0.9306 1.1617e-01     2.7029      8.582     12.447     9.2289 0.0000e+00
      8.769      0.066     0.1644      1.419    100.184  68.590381     6.2100     1.2082     0.0426     1.0575 1.1623e-01     2.6127      8.599     12.472     9.2287 0.0000e+00
      8.785      0.066     0.1643      1.419    100.220  68.614009     6.2100     1.2082     0.0426     1.0575 1.1602e-01     2.7329      8.616     12.496     9.2292 0.0000e+00
      8.802      0.065     0.1641      1.423    100.284  68.656073     6.2100     1.0747     0.0426     1.0575 1.1610e-01     2.5225      8.632     12.519     9.2298 0.0000e+00
      8.818      0.065     0.1636      1.426    100.377  68.715889     6.2100     1.0938     0.0426     1.0575 1.1600e-01     2.4023      8.648     12.542     9.2302 0.0000e+00
      8.834      0.065     0.1631      1.430    100.477  68.779650     6.2100     1.0785     0.0852     0.8883 1.1607e-01     2.4774      8.664     12.565     9.2302 0.0000e+00
      8.851      0.066     0.1631      1.436    100.564  68.832617     6.2100     1.0709     0.0852     0.8883 1.1617e-01     2.4023      8.680     12.589     9.2297 0.0000e+00
      8.868      0.067     0.1635      1.440    100.628  68.869075     6.2100     1.1281     0.0852     0.8883 1.1600e-01     2.6728      8.696     12.613     9.2286 0.0000e+00
      8.885      0.067     0.1639      1.445    100.663  68.886845     6.2100     1.1319     0.0852     0.8883 1.1612e-01     2.7630      8.713     12.638     9.2269 0.0000e+00
      8.902      0.067     0.1644      1.447    100.689  68.898598     6.2100     1.1434     0.0852     0.8037 1.1615e-01     2.5977      8.731     12.662     9.2243 0.0000e+00
      8.920      0.067     0.1650      1.440    100.734  68.923340     6.2100     1.1663     0.0852     0.8037 1.1605e-01     2.7480      8.748     12.687     9.2211 0.0000e+00
      8.937      0.067     0.1656      1.431    100.803  68.963702     6.2100     0.9641     0.0852     0.8037 1.1612e-01     2.4474      8.764     12.711     9.2176 0.0000e+00
      8.954      0.067     0.1662      1.423    100.908  69.026478     6.2100     0.9679     0.0852     0.8037 1.1612e-01     2.4624      8.781     12.736     9.2143 0.0000e+00
      8.971      0.067     0.1664      1.414    101.054  69.114521     6.2100     0.9793     0.0852     0.8037 1.1628e-01     2.4925      8.798     12.760     9.2113 0.0000e+00
      8.987      0.067     0.1657      1.402    101.204  69.203698     6.2100     0.9221     0.0852     0.8460 1.1615e-01     2.4474      8.814     12.783     9.2083 0.0000e+00
      9.004      0.067     0.1646      1.391    101.331  69.276126     6.2100     0.6932     0.0852     0.8460 1.1612e-01     2.4624      8.830     12.807     9.2048 0.0000e+00
      9.021      0.067     0.1637      1.387    101.424  69.327311     6.2100     0.6665     0.0852     0.8460 1.1602e-01     2.5225      8.847     12.831     9.2004 0.0000e+00
      9.038      0.067     0.1627      1.391    101.479  69.355033     6.2100     0.6894     0.0852     0.8460 1.1612e-01     2.6127      8.864     12.856     9.1946 0.0000e+00
      9.056      0.068     0.1613      1.406    101.507  69.366683     6.2100     0.6475     0.0426     0.6345 1.1612e-01     2.4023      8.881     12.881     9.1878 0.0000e+00
      9.074      0.068     0.1601      1.423    101.527  69.373303     6.2100     0.6703     0.0426     0.6345 1.1600e-01     2.5676      8.898     12.906     9.1809 0.0000e+00
      9.091      0.069     0.1595      1.434    101.547  69.380626     6.2100     0.6627     0.0426     0.6345 1.1612e-01     2.4925      8.915     12.930     9.1747 0.0000e+00
      9.108      0.069     0.1601      1.437    101.575  69.394573     6.2100     0.6398     0.0426     0.6345 1.1600e-01     2.4023      8.932     12.954     9.1698 0.0000e+00
      9.125      0.070     0.1618      1.432    101.629  69.426798     6.1200     0.6436     0.0426     0.6768 1.1605e-01     2.4774      8.949     12.979     9.1660 0.0000e+00
      9.143      0.070     0.1638      1.418    101.729  69.489862     6.1200     0.6665     0.0426     0.6768 1.1592e-01     2.8081      8.967     13.005     9.1627 0.0000e+00
      9.162      0.070     0.1651      1.398    101.888  69.592646     6.1200     0.6932     0.0426     0.6768 1.1628e-01     2.7480      8.985     13.032     9.1598 0.0000e+00
      9.180      0.072     0.1654      1.378    102.125  69.746689     6.1200     0.6665     0.0426     0.6768 1.1605e-01     2.6728      9.003     13.057     9.1572 0.0000e+00
      9.198      0.073     0.1648      1.361    102.469  69.971245     6.1200     0.6589     0.0426     0.6768 1.1600e-01     2.7630      9.020     13.082     9.1548 0.0000e+00
      9.215      0.075     0.1632      1.351    102.916  70.260726     6.1200     0.6093     0.0426     0.6345 1.1623e-01     2.4023      9.037     13.107     9.1523 0.0000e+00
      9.234      0.077     0.1610      1.351    103.351  70.537577     6.1200     0.6093     0.0426     0.6345 1.1612e-01     2.5075      9.056     13.134     9.1494 0.0000e+00
      9.255      0.078     0.1587      1.359    103.654  70.722855     6.1200     0.6093     0.0426     0.6345 1.1617e-01     2.3572      9.076     13.164     9.1457 0.0000e+00
      9.277      0.077     0.1567      1.374    103.817  70.814384     6.1200     0.6398     0.0426     0.6345 1.1605e-01     2.4323      9.097     13.194     9.1406 0.0000e+00
      9.298      0.076     0.1556      1.389    103.834  70.812761     6.1200     0.6208     0.0426     0.5076 1.1610e-01     2.5075      9.118     13.224     9.1332 0.0000e+00
      9.317      0.073     0.1556      1.404    103.720  70.729457     6.1200     0.5902     0.0426     0.5076 1.1610e-01     2.3722      9.137     13.252     9.1234 0.0000e+00
      9.335      0.069     0.1566      1.419    103.597  70.647410     6.1200     0.6208     0.0426     0.5076 1.1623e-01     2.4624      9.154     13.277     9.1128 0.0000e+00
      9.351      0.066     0.1583      1.430    103.592  70.649896     6.1200     0.6055     0.0426     0.5076 1.1607e-01     2.4774      9.170     13.300     9.1034 0.0000e+00
      9.366      0.066     0.1601      1.434    103.782  70.785193     6.1200     0.6589     0.0852     0.4653 1.1595e-01     2.8832      9.185     13.322     9.0969 0.0000e+00
      9.381      0.067     0.1618      1.431    104.187  71.061604     6.1200     0.6818     0.0852     0.4653 1.1605e-01     2.7780      9.200     13.344     9.0941 0.0000e+00
      9.397      0.070     0.1635      1.423    104.765  71.447687     6.1200     0.6780     0.0852     0.4653 1.1612e-01     2.8832      9.216     13.366     9.0950 0.0000e+00
