Data/DataNotYetUploadedToEDI/Raw_CTD/RawDownloads/070522_fcr50_S7809006.cnv
* Sea-Bird SBE19plus  Data File:
* FileName = C:\R\Reservoirs\Data\DataNotYetUploadedToEDI\Raw_CTD\RawDownloads\070522_bvr40_SBE19plus01907809_0006.hex
* Software version 2.8.0.119
* Temperature SN = 7809
* Conductivity SN = 7809
* System UpLoad Time = Jul 05 2022 16:53:06
* <ApplicationData>
* <Seaterm232>
# nquan = 15
# nvalues = 1744                        
# units = specified
# name 0 = depFM: Depth [fresh water, m]
# name 1 = dz/dtM: Descent Rate [m/s]
# name 2 = sbeox0Mg/L: Oxygen, SBE 43 [mg/l]
# name 3 = sbeox0PS: Oxygen, SBE 43 [% saturation]
# name 4 = specc: Specific Conductance [uS/cm]
# name 5 = c0uS/cm: Conductivity [uS/cm]
# name 6 = flECO-AFL: Fluorescence, WET Labs ECO-AFL/FL [mg/m^3]
# name 7 = ph: pH
# name 8 = orp: Oxidation Reduction Potential [mV]
# name 9 = par/sat/log: PAR/Logarithmic, Satlantic
# name 10 = turbWETntu0: Turbidity, WET Labs ECO [NTU]
# name 11 = prdM: Pressure, Strain Gauge [db]
# name 12 = prdE: Pressure, Strain Gauge [psi]
# name 13 = tv290C: Temperature [ITS-90, deg C]
# name 14 = flag:  0.000e+00
# span 0 =     -0.655,      9.554       
# span 1 =     -4.242,      0.225       
# span 2 =     0.0354,    11.9003       
# span 3 =      0.345,    147.981       
# span 4 =      0.223,    310.619       
# span 5 =   0.251683, 222.249122       
# span 6 =    -0.1690,     3.6296       
# span 7 =      5.347,      9.921       
# span 8 = -1240.7455,   190.4215       
# span 9 = 1.2342e-01, 2.9330e+02       
# span 10 =    -0.4361,   210.4883      
# span 11 =     -0.643,      9.370      
# span 12 =     -0.932,     13.591      
# span 13 =    10.5399,    31.3743      
# span 14 = 0.0000e+00, 0.0000e+00      
# interval = seconds: 0.25
# start_time = Jul 05 2022 10:57:09 [Instrument's time stamp, header]
# bad_flag = -9.990e-29
*END*
[from data line 1157]
      8.571     -0.087     0.3393      3.286     56.943  40.526851     3.0016      7.705  -184.8787 1.2356e-01    57.9218      8.412     12.201    10.5828 0.0000e+00
      8.494     -0.130     0.3417      3.393     56.038  39.884748     2.9522      7.702  -183.2721 1.2352e-01    56.0310      8.323     12.072    10.5782 0.0000e+00
      8.430     -0.143     0.3467      3.479     55.526  39.520055     2.8540      7.699  -181.5183 1.2355e-01    52.4865      8.257     11.976    10.5778 0.0000e+00
      8.394     -0.129     0.3535      3.534     55.738  39.669280     2.7885      7.696  -179.3320 1.2359e-01    50.5227      8.221     11.924    10.5801 0.0000e+00
      8.384     -0.109     0.3652      3.578     55.993  39.849677     2.7667      7.694  -176.9713 1.2359e-01    50.2895      8.218     11.919    10.5830 0.0000e+00
      8.384     -0.099     0.3790      3.626     56.099  39.925315     2.7566      7.691  -174.9143 1.2359e-01    50.1120      8.227     11.931    10.5852 0.0000e+00
      8.374     -0.110     0.3887      3.675     56.131  39.949554     2.6831      7.687  -173.2175 1.2357e-01    48.6150      8.220     11.921    10.5850 0.0000e+00
      8.344     -0.140     0.3938      3.721     55.776  39.698764     2.5359      7.683  -172.1151 1.2355e-01    45.8191      8.189     11.876    10.5828 0.0000e+00
      8.299     -0.179     0.3980      3.761     55.040  39.176349     2.4505      7.679  -171.2224 1.2360e-01    44.2146      8.141     11.808    10.5817 0.0000e+00
      8.242     -0.207     0.4036      3.788     54.469  38.770494     2.4249      7.676  -169.5650 1.2363e-01    43.7672      8.086     11.728    10.5819 0.0000e+00
      8.177     -0.213     0.4094      3.812     54.404  38.723898     2.3426      7.674  -167.4769 1.2359e-01    41.0934      8.022     11.636    10.5829 0.0000e+00
      8.103     -0.198     0.4140      3.834     54.605  38.866640     2.2207      7.673  -165.4201 1.2362e-01    36.2759      7.945     11.524    10.5847 0.0000e+00
      8.035     -0.174     0.4198      3.849     54.399  38.720536     2.1578      7.672  -163.9689 1.2366e-01    33.6498      7.869     11.413    10.5866 0.0000e+00
      7.995     -0.152     0.4215      3.861     53.704  38.225804     2.1479      7.671  -163.1808 1.2363e-01    33.3204      7.828     11.353    10.5870 0.0000e+00
      7.985     -0.137     0.4244      3.876     53.151  37.831776     2.0852      7.668  -161.9140 1.2356e-01    32.6011      7.830     11.356    10.5863 0.0000e+00
      7.980     -0.132     0.4273      3.905     52.966  37.698231     1.9657      7.665  -160.5248 1.2354e-01    31.4427      7.836     11.365    10.5859 0.0000e+00
      7.952     -0.138     0.4285      3.929     53.043  37.752672     1.9096      7.663  -159.0326 1.2354e-01    30.8604      7.809     11.326    10.5864 0.0000e+00
      7.902     -0.157     0.4301      3.952     53.188  37.855829     1.9147      7.661  -157.2945 1.2349e-01    30.7872      7.750     11.240    10.5873 0.0000e+00
      7.847     -0.177     0.4298      3.995     53.202  37.867350     1.8683      7.658  -156.2004 1.2349e-01    30.3526      7.692     11.156    10.5864 0.0000e+00
      7.795     -0.181     0.4355      4.044     53.146  37.828559     1.7728      7.654  -155.1818 1.2358e-01    29.5676      7.645     11.089    10.5849 0.0000e+00
      7.744     -0.165     0.4380      4.096     52.969  37.703914     1.7255      7.653  -153.7552 1.2366e-01    29.1540      7.597     11.018    10.5840 0.0000e+00
      7.694     -0.140     0.4380      4.164     52.685  37.501822     1.7294      7.652  -152.0288 1.2361e-01    29.1086      7.541     10.937    10.5840 0.0000e+00
      7.656     -0.120     0.4452      4.229     52.565  37.414501     1.7200      7.651  -149.8822 1.2352e-01    28.9844      7.498     10.875    10.5853 0.0000e+00
      7.641     -0.112     0.4503      4.270     52.471  37.345730     1.6463      7.649  -147.5896 1.2353e-01    28.1304      7.489     10.861    10.5868 0.0000e+00
      7.637     -0.117     0.4544      4.302     52.237  37.177665     1.5370      7.647  -145.6459 1.2366e-01    26.6408      7.495     10.870    10.5883 0.0000e+00
      7.623     -0.134     0.4641      4.340     52.122  37.094719     1.4885      7.644  -144.4504 1.2373e-01    25.8324      7.485     10.857    10.5886 0.0000e+00
      7.585     -0.159     0.4719      4.370     52.224  37.167275     1.4845      7.640  -143.7174 1.2367e-01    25.6994      7.446     10.800    10.5866 0.0000e+00
      7.527     -0.180     0.4759      4.385     52.311  37.230502     1.4216      7.637  -142.8054 1.2360e-01    24.8628      7.385     10.710    10.5845 0.0000e+00
      7.460     -0.187     0.4781      4.403     52.211  37.161599     1.3031      7.633  -140.8236 1.2360e-01    23.3004      7.315     10.609    10.5831 0.0000e+00
      7.396     -0.175     0.4834      4.425     52.027  37.031770     1.2420      7.631  -138.1690 1.2358e-01    22.4537      7.249     10.513    10.5820 0.0000e+00
      7.346     -0.150     0.4879      4.443     51.884  36.929107     1.2400      7.629  -136.4331 1.2356e-01    22.3787      7.196     10.436    10.5817 0.0000e+00
      7.316     -0.120     0.4875      4.465     51.805  36.871575     1.2294      7.628  -135.3224 1.2355e-01    21.7793      7.168     10.396    10.5829 0.0000e+00
      7.305     -0.098     0.4898      4.501     51.769  36.843483     1.2054      7.627  -134.1179 1.2357e-01    20.6039      7.163     10.389    10.5855 0.0000e+00
      7.298     -0.087     0.4932      4.534     51.770  36.843119     1.1833      7.624  -132.7110 1.2364e-01    19.9513      7.160     10.384    10.5874 0.0000e+00
      7.285     -0.088     0.4945      4.553     51.805  36.867174     1.1700      7.622  -130.2708 1.2366e-01    19.8323      7.149     10.369    10.5865 0.0000e+00
      7.259     -0.098     0.4961      4.564     51.825  36.880664     1.1350      7.620  -127.3288 1.2361e-01    19.3705      7.123     10.330    10.5840 0.0000e+00
      7.224     -0.113     0.5013      4.568     51.823  36.879393     1.0765      7.616  -125.5321 1.2356e-01    18.6038      7.083     10.272    10.5821 0.0000e+00
      7.189     -0.126     0.5057      4.569     51.784  36.851807     1.0376      7.612  -124.2916 1.2358e-01    18.2139      7.048     10.222    10.5807 0.0000e+00
      7.157     -0.131     0.5070      4.578     51.711  36.800796     1.0146      7.609  -122.9135 1.2361e-01    18.1411      7.019     10.181    10.5798 0.0000e+00
      7.123     -0.123     0.5084      4.596     51.667  36.769951     0.9726      7.606  -121.4306 1.2361e-01    17.7234      6.987     10.132    10.5793 0.0000e+00
      7.086     -0.102     0.5090      4.611     51.615  36.732531     0.9214      7.603  -119.2680 1.2361e-01    17.0232      6.951     10.080    10.5790 0.0000e+00
      7.050     -0.071     0.5082      4.621     51.433  36.602023     0.9116      7.601  -116.8989 1.2358e-01    16.6779      6.911     10.023    10.5795 0.0000e+00
      7.025     -0.029     0.5090      4.637     51.148  36.396881     0.9201      7.601  -115.0703 1.2354e-01    16.6566      6.880      9.978    10.5806 0.0000e+00
      7.023      0.016     0.5123      4.650     50.990  36.281472     0.9083      7.600  -113.7638 1.2353e-01    16.7314      6.880      9.981    10.5812 0.0000e+00
      7.039      0.048     0.5138      4.650     51.000  36.284680     0.9348      7.598  -112.3737 1.2356e-01    16.8652      6.898     10.005    10.5812 0.0000e+00
      7.070      0.049     0.5140      4.653     51.039  36.308837     1.0071      7.595  -110.6529 1.2354e-01    16.9083      6.926     10.045    10.5801 0.0000e+00
      7.115      0.015     0.5162      4.672     51.147  36.383311     1.0499      7.591  -109.1334 1.2353e-01    16.9111      6.981     10.124    10.5777 0.0000e+00
      7.149     -0.039     0.5188      4.700     51.292  36.487567     1.0450      7.588  -107.8532 1.2360e-01    16.8644      7.028     10.193    10.5742 0.0000e+00
      7.138     -0.085     0.5178      4.726     51.292  36.491330     0.9812      7.585  -106.5312 1.2367e-01    16.4806      7.022     10.185    10.5701 0.0000e+00
      7.070     -0.110     0.5172      4.754     51.109  36.365398     0.8862      7.583  -105.1945 1.2366e-01    15.8570      6.945     10.074    10.5669 0.0000e+00
      6.977     -0.109     0.5203      4.792     50.919  36.233248     0.8449      7.581  -104.1667 1.2363e-01    15.5070      6.828      9.903    10.5648 0.0000e+00
      6.916     -0.084     0.5234      4.826     50.820  36.161821     0.8478      7.579  -103.6552 1.2361e-01    15.4592      6.755      9.798    10.5647 0.0000e+00
      6.916     -0.042     0.5266      4.843     50.788  36.135926     0.8719      7.577  -103.0532 1.2355e-01    15.4505      6.768      9.817    10.5691 0.0000e+00
      6.955     -0.002     0.5282      4.852     50.847  36.173804     0.9195      7.573  -101.5344 1.2352e-01    15.4367      6.823      9.897    10.5751 0.0000e+00
      6.992      0.011     0.5339      4.862     50.942  36.239313     0.9499      7.570   -99.5743 1.2356e-01    15.4626      6.865      9.957    10.5778 0.0000e+00
      7.011     -0.013     0.5384      4.875     51.019  36.293834     0.9481      7.566   -98.1965 1.2359e-01    15.3872      6.881      9.979    10.5764 0.0000e+00
      7.007     -0.057     0.5395      4.888     51.061  36.325696     0.8724      7.561   -97.0066 1.2359e-01    14.4576      6.881      9.980    10.5724 0.0000e+00
      6.975     -0.096     0.5404      4.902     51.031  36.307486     0.7254      7.558   -95.5990 1.2353e-01    12.8310      6.853      9.940    10.5680 0.0000e+00
      6.915     -0.116     0.5410      4.915     50.966  36.263902     0.6354      7.556   -94.4268 1.2343e-01    11.9793      6.784      9.839    10.5655 0.0000e+00
      6.853     -0.115     0.5434      4.929     50.935  36.242642     0.6172      7.554   -93.4160 1.2342e-01    11.8805      6.706      9.727    10.5654 0.0000e+00
      6.820     -0.096     0.5439      4.925     50.932  36.240682     0.5720      7.551   -92.5849 1.2348e-01    10.9525      6.675      9.682    10.5674 0.0000e+00
      6.816     -0.065     0.5466      4.913     50.932  36.240201     0.4884      7.547   -91.9494 1.2350e-01     9.1626      6.685      9.696    10.5710 0.0000e+00
      6.817     -0.032     0.5463      4.912     50.927  36.236823     0.4385      7.545   -90.8938 1.2352e-01     8.1726      6.688      9.700    10.5745 0.0000e+00
      6.816     -0.008     0.5502      4.903     50.877  36.199843     0.4347      7.543   -89.3723 1.2357e-01     8.1380      6.681      9.690    10.5758 0.0000e+00
      6.817      0.002     0.5492      4.898     50.753  36.110153     0.4421      7.540   -88.0074 1.2363e-01     8.3679      6.684      9.694    10.5755 0.0000e+00
      6.819      0.004     0.5452      4.902     50.656  36.040187     0.4453      7.536   -86.9527 1.2366e-01     8.6977      6.690      9.701    10.5750 0.0000e+00
      6.819      0.005     0.5489      4.905     50.675  36.051445     0.4403      7.533   -86.2565 1.2364e-01     8.8466      6.688      9.698    10.5744 0.0000e+00
      6.819      0.005     0.5450      4.914     50.774  36.119437     0.4395      7.530   -85.8700 1.2364e-01     8.8366      6.687      9.697    10.5733 0.0000e+00
      6.822      0.004     0.5451      4.919     50.840  36.164712     0.4435      7.526   -85.1191 1.2365e-01     8.8500      6.691      9.703    10.5720 0.0000e+00
      6.824     -0.000     0.5466      4.918     50.827  36.154961     0.4881      7.524   -83.7169 1.2363e-01     9.2820      6.693      9.707    10.5705 0.0000e+00
      6.825     -0.010     0.5453      4.928     50.791  36.128363     0.5721      7.521   -81.8222 1.2359e-01    10.0620      6.693      9.707    10.5685 0.0000e+00
      6.825     -0.027     0.5481      4.956     50.747  36.096779     0.6180      7.518   -79.6766 1.2357e-01    10.4595      6.693      9.707    10.5661 0.0000e+00
      6.822     -0.050     0.5480      4.975     50.737  36.090155     0.6268      7.514   -77.9080 1.2354e-01    10.5015      6.692      9.706    10.5642 0.0000e+00
      6.811     -0.077     0.5478      4.976     50.767  36.111685     0.6291      7.510   -77.5594 1.2351e-01    10.5008      6.684      9.696    10.5636 0.0000e+00
      6.786     -0.106     0.5473      4.978     50.842  36.166850     0.6286      7.506   -78.2151 1.2354e-01    10.4167      6.660      9.658    10.5633 0.0000e+00
      6.750     -0.135     0.5526      4.971     50.955  36.249839     0.6288      7.502   -78.0058 1.2360e-01    10.3042      6.620      9.601    10.5631 0.0000e+00
      6.708     -0.156     0.5556      4.962     51.008  36.290713     0.6153      7.498   -76.5780 1.2361e-01    10.1995      6.579      9.542    10.5630 0.0000e+00
      6.663     -0.159     0.5529      4.964     50.988  36.280577     0.5657      7.495   -74.8896 1.2360e-01     9.7663      6.538      9.482    10.5635 0.0000e+00
      6.612     -0.145     0.5557      4.960     50.945  36.254118     0.4944      7.492   -73.5953 1.2360e-01     9.0278      6.487      9.408    10.5650 0.0000e+00
      6.559     -0.121     0.5537      4.941     50.899  36.224466     0.4522      7.490   -73.2320 1.2360e-01     8.6492      6.425      9.319    10.5676 0.0000e+00
      6.525     -0.091     0.5516      4.930     50.829  36.175721     0.4388      7.487   -73.5950 1.2359e-01     8.6390      6.385      9.262    10.5713 0.0000e+00
      6.519     -0.058     0.5529      4.932     50.734  36.108644     0.4492      7.485   -73.0796 1.2356e-01     8.5977      6.391      9.268    10.5753 0.0000e+00
      6.523     -0.028     0.5537      4.936     50.650  36.047599     0.4858      7.483   -71.6470 1.2356e-01     8.4915      6.403      9.286    10.5794 0.0000e+00
      6.521     -0.006     0.5492      4.934     50.598  36.008356     0.5063      7.481   -70.5559 1.2354e-01     8.4130      6.394      9.275    10.5824 0.0000e+00
      6.521      0.000     0.5482      4.931     50.612  36.014636     0.5060      7.478   -69.7818 1.2351e-01     8.4009      6.392      9.272    10.5835 0.0000e+00
      6.526     -0.011     0.5495      4.941     50.680  36.060108     0.4907      7.474   -68.7397 1.2355e-01     8.4470      6.402      9.285    10.5836 0.0000e+00
      6.530     -0.035     0.5494      4.959     50.759  36.114262     0.4634      7.470   -67.4200 1.2362e-01     8.5612      6.406      9.291    10.5829 0.0000e+00
      6.528     -0.065     0.5503      4.983     50.826  36.162090     0.4586      7.467   -66.3873 1.2363e-01     8.6882      6.407      9.292    10.5803 0.0000e+00
      6.513     -0.100     0.5474      4.994     50.870  36.194489     0.4571      7.464   -65.6322 1.2354e-01     8.7184      6.396      9.277    10.5764 0.0000e+00
      6.476     -0.136     0.5507      4.981     50.858  36.188929     0.4366      7.460   -64.8297 1.2348e-01     8.6534      6.356      9.220    10.5731 0.0000e+00
      6.425     -0.165     0.5514      4.972     50.808  36.158279     0.4106      7.456   -63.8252 1.2353e-01     8.3809      6.299      9.137    10.5712 0.0000e+00
      6.373     -0.176     0.5550      4.971     50.778  36.140991     0.3933      7.453   -62.7784 1.2357e-01     7.9504      6.249      9.063    10.5713 0.0000e+00
      6.319     -0.165     0.5584      4.962     50.724  36.106732     0.3938      7.451   -61.9817 1.2358e-01     7.7526      6.200      8.993    10.5728 0.0000e+00
      6.264     -0.139     0.5534      4.952     50.658  36.061132     0.3909      7.448   -61.0752 1.2359e-01     7.6980      6.139      8.904    10.5756 0.0000e+00
      6.222     -0.106     0.5532      4.957     50.619  36.033549     0.3836      7.446   -59.9064 1.2357e-01     7.5295      6.087      8.829    10.5807 0.0000e+00
      6.208     -0.073     0.5539      4.967     50.611  36.026882     0.3806      7.443   -58.8632 1.2356e-01     7.3886      6.082      8.821    10.5858 0.0000e+00
