Data/DataNotYetUploadedToEDI/Raw_CTD/RawDownloads/070522_bvr50_S7809005.cnv
* Sea-Bird SBE19plus  Data File:
* FileName = C:\R\Reservoirs\Data\DataNotYetUploadedToEDI\Raw_CTD\RawDownloads\070522_bvr40_SBE19plus01907809_0005.hex
* Software version 2.8.0.119
* Temperature SN = 7809
* Conductivity SN = 7809
* System UpLoad Time = Jul 05 2022 16:52:21
* <ApplicationData>
* <Seaterm232>
# nquan = 15
# nvalues = 988                         
# units = specified
# name 0 = depFM: Depth [fresh water, m]
# name 1 = dz/dtM: Descent Rate [m/s]
# name 2 = sbeox0Mg/L: Oxygen, SBE 43 [mg/l]
# name 3 = sbeox0PS: Oxygen, SBE 43 [% saturation]
# name 4 = specc: Specific Conductance [uS/cm]
# name 5 = c0uS/cm: Conductivity [uS/cm]
# name 6 = flECO-AFL: Fluorescence, WET Labs ECO-AFL/FL [mg/m^3]
# name 7 = ph: pH
# name 8 = orp: Oxidation Reduction Potential [mV]
# name 9 = par/sat/log: PAR/Logarithmic, Satlantic
# name 10 = turbWETntu0: Turbidity, WET Labs ECO [NTU]
# name 11 = prdM: Pressure, Strain Gauge [db]
# name 12 = prdE: Pressure, Strain Gauge [psi]
# name 13 = tv290C: Temperature [ITS-90, deg C]
# name 14 = flag:  0.000e+00
# span 0 =     -0.718,      7.668       
# span 1 =     -0.426,      0.257       
# span 2 =     0.0259,     7.2306       
# span 3 =      0.284,     92.539       
# span 4 =      4.941,    211.494       
# span 5 =   4.896356, 146.241219       
# span 6 =    -2.0516,     4.6237       
# span 7 =      6.092,      9.440       
# span 8 =   -97.5782,   936.4744       
# span 9 = 1.2341e-01, 2.2247e+03       
# span 10 =    -0.3786,    27.9631      
# span 11 =     -0.705,      7.520      
# span 12 =     -1.023,     10.907      
# span 13 =     9.5662,    31.7742      
# span 14 = 0.0000e+00, 0.0000e+00      
# interval = seconds: 0.25
# start_time = Jul 05 2022 09:14:06 [Instrument's time stamp, header]
# bad_flag = -9.990e-29
*END*
[from data line 193]
      0.747      0.040     3.3459     40.391     30.352  30.101480     2.4296      9.028   148.2456 7.2066e+01    23.1090      0.735      1.065    24.7796 0.0000e+00
      0.759      0.040     3.3502     40.057     30.364  30.099833     2.4207      9.018   147.7979 7.0218e+01    22.9107      0.747      1.083    24.7257 0.0000e+00
      0.766      0.040     3.3744     39.646     30.366  30.082850     2.4160      9.005   147.7462 6.8830e+01    22.8909      0.752      1.091    24.6533 0.0000e+00
      0.769      0.043     3.3833     39.185     30.342  30.022909     2.4396      8.990   147.9649 6.7875e+01    22.9725      0.754      1.094    24.6088 0.0000e+00
      0.773      0.051     3.3679     38.637     30.319  29.945560     2.4819      8.976   148.1187 6.5865e+01    23.2145      0.754      1.095    24.5773 0.0000e+00
      0.786      0.061     3.3384     37.940     30.354  29.908259     2.4939      8.963   148.4873 6.1972e+01    23.3574      0.767      1.111    24.5614 0.0000e+00
      0.809      0.071     3.3045     37.062     30.419  29.888764     2.4774      8.949   149.3246 5.7117e+01    23.3334      0.791      1.147    24.5411 0.0000e+00
      0.836      0.079     3.2710     35.949     30.448  29.836499     2.5060      8.935   150.7563 5.2845e+01    22.7884      0.821      1.190    24.4771 0.0000e+00
      0.860      0.085     3.2334     34.464     30.471  29.783349     2.5741      8.921   152.2033 4.9958e+01    21.7207      0.846      1.226    24.3878 0.0000e+00
      0.880      0.089     3.1828     32.613     30.524  29.753153     2.6099      8.906   152.7959 4.7957e+01    21.1151      0.865      1.255    24.2722 0.0000e+00
      0.898      0.091     3.1177     30.593     30.577  29.724845     2.6225      8.891   152.8455 4.6102e+01    20.9655      0.882      1.278    24.1168 0.0000e+00
      0.918      0.095     3.0389     28.521     30.610  29.694529     2.7929      8.876   152.9750 4.3564e+01    20.1514      0.897      1.301    23.9835 0.0000e+00
      0.944      0.100     2.9211     26.476     30.604  29.640082     3.1218      8.861   153.3299 4.0389e+01    18.7187      0.924      1.341    23.8765 0.0000e+00
      0.973      0.104     2.7613     24.636     30.589  29.573595     3.3037      8.847   153.6949 3.7519e+01    17.9210      0.955      1.386    23.7321 0.0000e+00
      1.003      0.106     2.5967     23.137     30.603  29.524490     3.3279      8.835   153.8598 3.5110e+01    17.7145      0.984      1.426    23.5845 0.0000e+00
      1.033      0.101     2.4242     21.897     30.630  29.489996     3.5644      8.821   153.9473 3.3053e+01    16.6322      1.015      1.472    23.4881 0.0000e+00
      1.060      0.091     2.2466     20.763     30.664  29.473399     4.0235      8.806   154.1509 3.1368e+01    14.7411      1.041      1.511    23.4239 0.0000e+00
      1.084      0.079     2.0868     19.668     30.675  29.450531     4.2845      8.793   154.5148 3.0014e+01    13.7400      1.064      1.543    23.3424 0.0000e+00
      1.103      0.068     1.9676     18.601     30.650  29.403626     4.3146      8.782   154.9050 2.9109e+01    13.6480      1.085      1.573    23.2314 0.0000e+00
      1.115      0.058     1.8722     17.642     30.618  29.349971     4.3124      8.773   155.3415 2.8630e+01    13.5945      1.097      1.591    23.1263 0.0000e+00
      1.123      0.052     1.7773     16.852     30.603  29.308885     4.3833      8.763   155.8344 2.8110e+01    13.4684      1.100      1.595    23.0447 0.0000e+00
      1.133      0.050     1.6882     16.176     30.614  29.287167     4.5312      8.753   156.3041 2.7315e+01    13.2853      1.110      1.610    22.9920 0.0000e+00
      1.147      0.053     1.5930     15.546     30.643  29.277503     4.6102      8.742   156.6340 2.6417e+01    13.1905      1.124      1.631    22.9612 0.0000e+00
      1.162      0.058     1.5086     14.925     30.662  29.255370     4.6237      8.731   156.7257 2.5532e+01    13.1421      1.139      1.653    22.9264 0.0000e+00
      1.177      0.065     1.4456     14.296     30.657  29.209672     4.6100      8.721   156.7237 2.4719e+01    12.8028      1.153      1.674    22.8831 0.0000e+00
      1.193      0.070     1.3907     13.669     30.651  29.168642     4.5783      8.711   156.7825 2.3863e+01    12.3328      1.167      1.693    22.8311 0.0000e+00
      1.213      0.073     1.3388     13.027     30.650  29.139572     4.5731      8.701   156.9201 2.2939e+01    12.2080      1.188      1.725    22.7692 0.0000e+00
      1.235      0.074     1.2884     12.341     30.645  29.111721     4.5642      8.690   157.1821 2.2108e+01    12.1815      1.212      1.758    22.7005 0.0000e+00
      1.255      0.075     1.2342     11.642     30.643  29.085422     4.4040      8.678   157.6276 2.1371e+01    11.6377      1.231      1.786    22.6307 0.0000e+00
      1.274      0.078     1.1821     11.001     30.662  29.075113     4.1095      8.667   158.0041 2.0688e+01    10.7568      1.249      1.812    22.5729 0.0000e+00
      1.291      0.083     1.1295     10.437     30.745  29.113823     3.9499      8.656   158.2079 2.0079e+01    10.3093      1.266      1.836    22.5287 0.0000e+00
      1.308      0.089     1.0696      9.899     30.866  29.173066     3.9217      8.644   158.4565 1.9445e+01    10.2576      1.281      1.858    22.4927 0.0000e+00
      1.330      0.098     1.0065      9.295     30.914  29.157437     3.6518      8.631   158.6875 1.8595e+01     9.7561      1.301      1.886    22.4547 0.0000e+00
      1.359      0.106     0.9514      8.520     30.864  29.051547     3.1432      8.619   158.7626 1.7639e+01     8.7887      1.333      1.934    22.4134 0.0000e+00
      1.390      0.108     0.9052      7.527     30.836  28.970297     2.8574      8.607   158.7627 1.6790e+01     8.2620      1.364      1.979    22.3537 0.0000e+00
      1.421      0.103     0.8630      6.392     30.916  28.999044     2.8251      8.595   158.9469 1.5937e+01     8.2053      1.392      2.019    22.2565 0.0000e+00
      1.454      0.093     0.8156      5.251     30.898  28.955329     2.7614      8.583   159.4405 1.5152e+01     8.0684      1.428      2.072    22.1503 0.0000e+00
      1.482      0.081     0.7517      4.193     30.635  28.695257     2.6287      8.571   159.9130 1.4679e+01     7.8027      1.459      2.116    22.0577 0.0000e+00
      1.496      0.071     0.6639      3.297     30.395  28.453460     2.5440      8.558   160.0134 1.4470e+01     7.6577      1.470      2.133    21.9665 0.0000e+00
      1.502      0.062     0.5590      2.619     30.345  28.377149     2.5360      8.546   159.9662 1.4290e+01     7.6809      1.471      2.132    21.8823 0.0000e+00
      1.512      0.057     0.4584      2.142     30.339  28.343034     2.5400      8.534   160.1168 1.3910e+01     7.7069      1.477      2.142    21.8396 0.0000e+00
      1.531      0.059     0.3628      1.811     30.311  28.294489     2.5261      8.524   160.2006 1.3475e+01     7.7339      1.501      2.178    21.8344 0.0000e+00
      1.548      0.069     0.2818      1.586     30.345  28.297261     2.5012      8.513   160.0324 1.3252e+01     7.8014      1.522      2.206    21.8098 0.0000e+00
      1.561      0.079     0.2238      1.430     30.477  28.376514     2.4802      8.503   159.5457 1.3066e+01     7.8748      1.529      2.216    21.7512 0.0000e+00
      1.578      0.084     0.1842      1.312     30.662  28.492027     2.4637      8.492   158.1882 1.2642e+01     7.9033      1.543      2.237    21.6987 0.0000e+00
      1.607      0.084     0.1560      1.212     30.856  28.616233     2.3014      8.482   155.9217 1.2092e+01     7.4971      1.575      2.284    21.6695 0.0000e+00
      1.638      0.084     0.1375      1.126     31.039  28.737206     1.9741      8.472   153.8242 1.1694e+01     6.6873      1.610      2.336    21.6335 0.0000e+00
      1.662      0.084     0.1250      1.044     31.234  28.877024     1.7858      8.463   152.7026 1.1510e+01     6.2418      1.633      2.369    21.5577 0.0000e+00
      1.677      0.083     0.1157      0.970     31.387  28.975529     1.7733      8.454   152.0824 1.1395e+01     6.2094      1.646      2.386    21.4556 0.0000e+00
      1.690      0.081     0.1067      0.926     31.452  28.977332     1.7977      8.445   151.4883 1.1193e+01     6.2277      1.654      2.400    21.3605 0.0000e+00
      1.708      0.079     0.0996      0.894     31.508  28.962137     1.8397      8.437   151.1122 1.0877e+01     6.2235      1.672      2.424    21.2808 0.0000e+00
      1.733      0.078     0.0931      0.880     31.589  28.981877     1.8565      8.428   150.9765 1.0519e+01     6.1926      1.699      2.464    21.2200 0.0000e+00
      1.761      0.077     0.0841      0.897     31.682  29.025767     1.8507      8.419   150.9650 1.0218e+01     6.1956      1.729      2.508    21.1663 0.0000e+00
      1.783      0.073     0.0826      0.905     31.688  28.985630     1.8366      8.410   151.0595 1.0037e+01     6.0217      1.752      2.541    21.0707 0.0000e+00
      1.798      0.068     0.0796      0.905     31.562  28.813475     1.8107      8.402   151.1734 9.9257e+00     5.5928      1.764      2.558    20.9427 0.0000e+00
      1.809      0.060     0.0762      0.916     31.456  28.655691     1.7951      8.393   151.3087 9.8070e+00     5.3137      1.774      2.572    20.8572 0.0000e+00
      1.822      0.054     0.0815      0.919     31.458  28.599135     1.7815      8.383   151.4907 9.6811e+00     5.2430      1.786      2.591    20.8100 0.0000e+00
      1.837      0.050     0.0817      0.923     31.486  28.573302     1.7035      8.372   151.6532 9.5566e+00     5.2505      1.801      2.613    20.7398 0.0000e+00
      1.852      0.049     0.0797      0.938     31.488  28.533440     1.5681      8.362   151.7254 9.4343e+00     5.3024      1.817      2.634    20.6419 0.0000e+00
      1.864      0.049     0.0838      0.953     31.487  28.497448     1.4856      8.353   151.6754 9.3445e+00     5.2889      1.829      2.653    20.5414 0.0000e+00
      1.874      0.051     0.0827      0.991     31.480  28.455026     1.4709      8.344   151.6505 9.2782e+00     5.2589      1.838      2.666    20.4466 0.0000e+00
      1.883      0.054     0.0826      1.070     31.459  28.400795     1.4736      8.335   151.7686 9.1797e+00     5.2461      1.845      2.674    20.3625 0.0000e+00
      1.896      0.058     0.0853      1.164     31.439  28.348800     1.5100      8.327   152.0709 9.0243e+00     5.3061      1.856      2.692    20.2999 0.0000e+00
      1.914      0.063     0.0855      1.263     31.472  28.333422     1.5699      8.317   152.4672 8.8358e+00     5.4377      1.877      2.722    20.2506 0.0000e+00
      1.934      0.072     0.0879      1.376     31.693  28.468350     1.5894      8.308   152.6886 8.6767e+00     5.5052      1.898      2.752    20.1888 0.0000e+00
      1.951      0.082     0.0968      1.497     32.139  28.775736     1.5798      8.299   152.6823 8.5608e+00     5.5412      1.915      2.776    20.1302 0.0000e+00
      1.968      0.089     0.1061      1.627     32.616  29.070596     1.5371      8.291   152.4771 8.4172e+00     5.4627      1.929      2.797    20.0892 0.0000e+00
      1.991      0.093     0.1135      1.732     32.981  29.244163     1.4484      8.283   152.0999 8.1859e+00     5.2395      1.948      2.825    20.0184 0.0000e+00
      2.022      0.095     0.1257      1.761     33.255  29.352748     1.3806      8.275   151.7356 7.9218e+00     5.0966      1.982      2.874    19.9211 0.0000e+00
      2.053      0.095     0.1356      1.708     33.475  29.432440     1.3497      8.268   151.6865 7.7291e+00     5.0332      2.018      2.926    19.7939 0.0000e+00
      2.076      0.092     0.1498      1.594     33.681  29.510260     1.3082      8.260   151.9361 7.5971e+00     4.7802      2.038      2.956    19.5756 0.0000e+00
      2.096      0.085     0.1628      1.433     33.871  29.596217     1.2449      8.251   152.0000 7.4444e+00     4.3607      2.053      2.978    19.3109 0.0000e+00
      2.116      0.077     0.1656      1.248     34.055  29.710931     1.2172      8.242   151.7706 7.2769e+00     4.1626      2.075      3.011    19.1189 0.0000e+00
      2.136      0.070     0.1603      1.086     34.269  29.882908     1.2146      8.232   151.6577 7.1451e+00     4.1274      2.097      3.041    18.9593 0.0000e+00
      2.152      0.063     0.1498      0.957     34.443  30.027358     1.1796      8.222   151.7539 7.0188e+00     4.0033      2.109      3.059    18.7884 0.0000e+00
      2.168      0.056     0.1353      0.856     34.737  30.252983     1.1444      8.214   151.9014 6.8778e+00     3.8923      2.125      3.082    18.6692 0.0000e+00
      2.184      0.050     0.1148      0.788     35.394  30.772450     1.1383      8.207   152.1494 6.7721e+00     3.8436      2.144      3.109    18.5981 0.0000e+00
      2.194      0.047     0.1008      0.761     36.161  31.363256     1.1393      8.199   152.3437 6.7227e+00     3.8249      2.154      3.124    18.5885 0.0000e+00
      2.200      0.045     0.0884      0.763     36.744  31.753976     1.1976      8.191   152.3573 6.6723e+00     3.9737      2.157      3.128    18.6047 0.0000e+00
      2.208      0.045     0.0791      0.782     37.195  32.009577     1.3114      8.183   152.4865 6.5804e+00     4.2422      2.162      3.136    18.5507 0.0000e+00
      2.221      0.046     0.0722      0.792     37.531  32.171152     1.3663      8.176   152.7017 6.4853e+00     4.3720      2.179      3.161    18.4730 0.0000e+00
      2.236      0.050     0.0704      0.776     37.754  32.249204     1.3700      8.169   152.8079 6.4132e+00     4.3485      2.195      3.183    18.3903 0.0000e+00
      2.249      0.055     0.0717      0.770     37.948  32.319143     1.3722      8.161   152.9966 6.3450e+00     4.2989      2.204      3.197    18.2156 0.0000e+00
      2.262      0.059     0.0735      0.774     38.181  32.446048     1.4688      8.151   153.4345 6.2693e+00     4.4218      2.217      3.216    18.0177 0.0000e+00
      2.278      0.062     0.0778      0.758     38.777  32.895897     1.6722      8.141   154.1451 6.1916e+00     4.6722      2.233      3.239    17.8504 0.0000e+00
      2.295      0.063     0.0726      0.734     39.675  33.573537     1.7919      8.128   154.7909 6.0996e+00     4.7985      2.250      3.263    17.6968 0.0000e+00
      2.313      0.062     0.0729      0.726     40.308  33.981842     1.8013      8.115   155.1330 6.0000e+00     4.8224      2.269      3.290    17.5676 0.0000e+00
      2.332      0.058     0.0756      0.717     40.819  34.281857     1.7851      8.103   155.5286 5.9183e+00     4.7562      2.286      3.316    17.4725 0.0000e+00
      2.348      0.053     0.0728      0.701     41.315  34.601132     1.7795      8.093   156.0466 5.8570e+00     4.6471      2.304      3.342    17.4289 0.0000e+00
      2.360      0.046     0.0693      0.703     41.454  34.671665     1.7924      8.082   156.4059 5.8157e+00     4.6309      2.317      3.360    17.3389 0.0000e+00
      2.368      0.039     0.0697      0.701     41.521  34.754166     1.7992      8.070   155.9145 5.7852e+00     4.6283      2.321      3.368    17.1465 0.0000e+00
      2.376      0.038     0.0708      0.686     42.467  35.598678     1.7861      8.059   154.0625 5.7544e+00     4.5807      2.330      3.379    16.9709 0.0000e+00
      2.383      0.046     0.0659      0.684     44.049  36.892662     1.7510      8.050   151.1361 5.7336e+00     4.5683      2.340      3.394    16.8549 0.0000e+00
      2.388      0.059     0.0687      0.689     44.933  37.463274     1.7337      8.042   147.7202 5.7237e+00     4.6150      2.341      3.396    16.7757 0.0000e+00
      2.396      0.073     0.0693      0.692     45.196  37.424636     1.7434      8.033   143.9944 5.6350e+00     4.6335      2.343      3.397    16.8257 0.0000e+00
      2.421      0.085     0.0648      0.704     45.456  37.376435     1.7103      8.023   139.3847 5.4023e+00     4.4839      2.370      3.436    16.9523 0.0000e+00
