Data/DataNotYetUploadedToEDI/Raw_CTD/RawDownloads/070522_bvr40_SBE19plus01907809_0004.cnv
* Sea-Bird SBE19plus  Data File:
* FileName = C:\R\Reservoirs\Data\DataNotYetUploadedToEDI\Raw_CTD\RawDownloads\070522_bvr40_SBE19plus01907809_0004.hex
* Software version 2.8.0.119
* Temperature SN = 7809
* Conductivity SN = 7809
* System UpLoad Time = Jul 05 2022 16:51:54
* <ApplicationData>
* <Seaterm232>
# nquan = 15
# nvalues = 541                         
# units = specified
# name 0 = depFM: Depth [fresh water, m]
# name 1 = dz/dtM: Descent Rate [m/s]
# name 2 = sbeox0Mg/L: Oxygen, SBE 43 [mg/l]
# name 3 = sbeox0PS: Oxygen, SBE 43 [% saturation]
# name 4 = specc: Specific Conductance [uS/cm]
# name 5 = c0uS/cm: Conductivity [uS/cm]
# name 6 = flECO-AFL: Fluorescence, WET Labs ECO-AFL/FL [mg/m^3]
# name 7 = ph: pH
# name 8 = orp: Oxidation Reduction Potential [mV]
# name 9 = par/sat/log: PAR/Logarithmic, Satlantic
# name 10 = turbWETntu0: Turbidity, WET Labs ECO [NTU]
# name 11 = prdM: Pressure, Strain Gauge [db]
# name 12 = prdE: Pressure, Strain Gauge [psi]
# name 13 = tv290C: Temperature [ITS-90, deg C]
# name 14 = flag:  0.000e+00
# span 0 =     -0.718,      2.278       
# span 1 =     -0.351,      0.159       
# span 2 =     0.0305,     7.9886       
# span 3 =      0.347,    100.512       
# span 4 =      3.381,    158.648       
# span 5 =   3.402147, 133.557299       
# span 6 =    -0.0669,     4.1989       
# span 7 =      7.411,      9.542       
# span 8 =    28.0671,   213.3273       
# span 9 = 3.1944e+00, 1.7423e+03       
# span 10 =    -0.3444,    27.5823      
# span 11 =     -0.706,      2.237      
# span 12 =     -1.024,      3.245      
# span 13 =    17.0473,    28.2215      
# span 14 = 0.0000e+00, 0.0000e+00      
# interval = seconds: 0.25
# start_time = Jul 05 2022 07:38:57 [Instrument's time stamp, header]
# bad_flag = -9.990e-29
*END*
     -0.106     -0.002     6.8657     89.128     30.468  32.329783     3.6949      9.078   200.9403 2.6012e+02    27.0613     -0.103     -0.150    28.1281 0.0000e+00
     -0.109      0.003     6.9018     89.252     30.428  32.300234     3.7051      9.119   211.5555 2.6384e+02    27.0026     -0.108     -0.156    28.0806 0.0000e+00
     -0.110      0.011     6.9355     89.324     30.411  32.292638     3.7024      9.151   213.1564 2.7389e+02    26.8491     -0.107     -0.156    28.0534 0.0000e+00
     -0.108      0.021     6.9563     89.355     30.420  32.301352     3.6874      9.174   213.3273 2.8707e+02    26.5711     -0.106     -0.155    28.0387 0.0000e+00
     -0.103      0.030     6.9743     89.354     30.466  32.342194     3.6562      9.192   212.5034 2.7284e+02    26.3744     -0.104     -0.151    28.0373 0.0000e+00
     -0.091      0.037     6.9772     89.345     30.536  32.406049     3.6169      9.210   211.6260 2.5370e+02    26.2813     -0.091     -0.132    28.0740 0.0000e+00
     -0.075      0.039     6.9804     89.325     30.572  32.439411     3.5958      9.229   211.6671 2.5716e+02    26.2994     -0.073     -0.106    28.0953 0.0000e+00
     -0.060      0.038     6.9839     89.248     30.563  32.428570     3.7005      9.245   211.9682 2.9196e+02    26.6269     -0.056     -0.081    28.0907 0.0000e+00
     -0.050      0.033     6.9838     88.930     30.539  32.401769     3.9082      9.258   211.5670 3.5921e+02    27.1671     -0.046     -0.067    28.0722 0.0000e+00
     -0.046      0.026     6.9873     88.287     30.514  32.368944     4.0181      9.269   210.6020 4.3196e+02    27.4677     -0.045     -0.065    28.0519 0.0000e+00
     -0.043      0.018     6.9853     87.583     30.505  32.348674     4.0227      9.277   209.8502 5.1008e+02    27.4952     -0.043     -0.062    28.0430 0.0000e+00
     -0.039      0.012     6.9860     87.028     30.512  32.346870     4.0555      9.281   209.6185 5.8105e+02    27.4652     -0.039     -0.056    28.0463 0.0000e+00
     -0.036      0.009     6.9678     86.442     30.518  32.347119     4.1398      9.282   209.4356 6.6125e+02    27.4810     -0.036     -0.052    28.0476 0.0000e+00
     -0.034      0.007     6.9066     85.570     30.525  32.351678     4.1930      9.283   209.1018 7.0882e+02    27.5492     -0.033     -0.047    28.0345 0.0000e+00
     -0.032      0.005     6.8451     84.521     30.512  32.338591     4.1989      9.284   208.6801 6.4236e+02    27.5718     -0.032     -0.046    28.0142 0.0000e+00
     -0.032      0.004     6.8116     83.571     30.487  32.315679     4.1947      9.285   208.0363 6.0676e+02    27.5490     -0.032     -0.046    27.9978 0.0000e+00
     -0.032      0.004     6.7787     82.757     30.494  32.328252     4.1847      9.286   207.3406 6.4104e+02    27.5470     -0.031     -0.045    27.9881 0.0000e+00
     -0.031      0.004     6.7057     81.978     30.522  32.363822     4.1852      9.286   206.8072 6.2266e+02    27.5823     -0.032     -0.046    27.9836 0.0000e+00
     -0.030      0.005     6.6109     81.175     30.518  32.365367     4.1924      9.285   206.2335 5.9172e+02    27.5662     -0.031     -0.043    27.9850 0.0000e+00
     -0.029      0.005     6.5378     80.361     30.497  32.346942     4.1554      9.284   205.6516 5.9814e+02    27.3173     -0.028     -0.041    27.9916 0.0000e+00
     -0.027      0.004     6.4763     79.465     30.479  32.331249     4.0709      9.284   205.1064 5.9345e+02    26.9303     -0.026     -0.038    28.0006 0.0000e+00
     -0.025      0.002     6.4168     78.389     30.450  32.302432     4.0197      9.286   204.6315 5.8026e+02    26.7819     -0.024     -0.035    28.0106 0.0000e+00
     -0.025      0.000     6.3507     77.278     30.463  32.315510     4.0197      9.290   204.4701 6.5906e+02    26.8209     -0.023     -0.034    28.0192 0.0000e+00
     -0.026     -0.002     6.2875     76.368     30.508  32.362575     4.0203      9.294   204.3600 7.6447e+02    26.8208     -0.024     -0.035    28.0265 0.0000e+00
     -0.028     -0.003     6.2240     75.719     30.510  32.364302     4.0101      9.297   203.9881 7.8748e+02    26.7461     -0.027     -0.040    28.0341 0.0000e+00
     -0.030     -0.003     6.1324     75.196     30.482  32.336387     4.0047      9.299   203.5009 7.7764e+02    26.6008     -0.030     -0.044    28.0372 0.0000e+00
     -0.031     -0.002     6.0380     74.688     30.487  32.342054     4.0057      9.300   203.1151 7.8382e+02    26.5336     -0.031     -0.045    28.0348 0.0000e+00
     -0.030      0.000     5.9647     74.207     30.515  32.369419     4.0129      9.300   202.7656 7.9290e+02    26.5824     -0.029     -0.042    28.0316 0.0000e+00
     -0.029      0.001     5.9202     73.789     30.500  32.350262     4.0421      9.299   202.3720 7.4900e+02    26.5422     -0.028     -0.040    28.0314 0.0000e+00
     -0.029      0.002     5.8829     73.437     30.459  32.300625     4.0843      9.299   202.1415 6.7796e+02    26.3891     -0.028     -0.041    28.0352 0.0000e+00
     -0.028      0.002     5.8404     73.073     30.444  32.276442     4.1150      9.299   201.9580 6.2466e+02    26.3365     -0.028     -0.040    28.0371 0.0000e+00
     -0.028      0.001     5.8032     72.640     30.428  32.248045     4.1300      9.298   201.2729 6.1764e+02    26.3849     -0.028     -0.040    28.0340 0.0000e+00
     -0.028      0.001     5.7691     72.215     30.406  32.210855     4.1084      9.295   199.7083 6.6554e+02    26.3934     -0.027     -0.040    28.0281 0.0000e+00
     -0.027      0.001     5.7465     72.017     30.418  32.207153     4.0610      9.290   198.6132 7.2227e+02    26.3367     -0.027     -0.039    28.0183 0.0000e+00
     -0.027      0.001     5.7217     72.319     30.428  32.203259     4.0314      9.287   199.0444 7.6602e+02    26.2798     -0.026     -0.038    28.0043 0.0000e+00
     -0.027      0.001     5.6872     73.152     30.402  32.163746     4.0169      9.287   199.4154 7.6031e+02    26.2863     -0.026     -0.038    27.9864 0.0000e+00
     -0.027      0.001     5.6510     74.274     30.359  32.109778     4.0189      9.289   199.3135 7.2261e+02    26.3127     -0.027     -0.040    27.9625 0.0000e+00
     -0.027      0.001     5.6272     75.451     30.318  32.057915     4.0303      9.293   199.4479 7.0316e+02    26.3263     -0.028     -0.040    27.9351 0.0000e+00
     -0.026      0.001     5.6525     76.601     30.316  32.043846     4.0307      9.298   199.4054 6.7381e+02    26.3141     -0.025     -0.036    27.9082 0.0000e+00
     -0.025      0.001     5.7296     77.707     30.351  32.066441     4.0239      9.302   198.9705 6.4298e+02    26.2670     -0.024     -0.034    27.8870 0.0000e+00
     -0.025      0.001     5.8259     78.686     30.376  32.077505     3.9894      9.303   198.4055 6.4512e+02    26.1664     -0.025     -0.036    27.8762 0.0000e+00
     -0.026      0.001     5.9205     79.347     30.363  32.050798     3.9376      9.301   197.9951 6.5052e+02    26.0205     -0.025     -0.037    27.8660 0.0000e+00
     -0.026      0.000     6.0124     79.532     30.324  31.997102     3.9144      9.296   197.9665 6.4764e+02    25.9378     -0.026     -0.037    27.8455 0.0000e+00
     -0.026 -4.508e-07     6.1037     79.294     30.283  31.935430     3.9087      9.292   198.2320 6.6453e+02    25.8842     -0.026     -0.038    27.8187 0.0000e+00
     -0.025      0.000     6.1897     78.886     30.246  31.875684     3.9010      9.290   198.5370 6.9735e+02    25.8153     -0.025     -0.036    27.7928 0.0000e+00
     -0.025      0.000     6.2500     78.563     30.235  31.845261     3.8882      9.289   198.7297 7.0950e+02    25.8231     -0.024     -0.035    27.7731 0.0000e+00
     -0.025     -0.001     6.2649     78.414     30.223  31.821142     3.8706      9.289   198.6693 7.0058e+02    25.8754     -0.023     -0.034    27.7560 0.0000e+00
     -0.025     -0.002     6.2411     78.414     30.186  31.774237     3.8551      9.288   198.4091 6.9494e+02    25.8664     -0.025     -0.035    27.7253 0.0000e+00
     -0.026     -0.003     6.2047     78.498     30.141  31.721917     3.8423      9.287   198.2508 6.9228e+02    25.8179     -0.024     -0.036    27.6844 0.0000e+00
     -0.027     -0.004     6.1818     78.639     30.120  31.695704     3.8239      9.286   198.2176 6.9046e+02    25.8353     -0.026     -0.037    27.6518 0.0000e+00
     -0.028     -0.004     6.1728     78.845     30.138  31.710884     3.7986      9.286   198.0081 6.8549e+02    25.9062     -0.028     -0.040    27.6333 0.0000e+00
     -0.029     -0.004     6.1763     79.060     30.146  31.715254     3.7945      9.286   197.5251 6.8244e+02    25.9235     -0.029     -0.042    27.6236 0.0000e+00
     -0.030     -0.002     6.1852     79.207     30.121  31.685141     3.8078      9.290   197.0231 6.9375e+02    25.8730     -0.030     -0.043    27.6148 0.0000e+00
     -0.031      0.002     6.1949     79.272     30.102  31.663766     3.8433      9.299   196.7572 7.1022e+02    25.9110     -0.030     -0.044    27.6077 0.0000e+00
     -0.031      0.007     6.2143     79.248     30.087  31.647005     3.9149      9.310   196.8054 7.3147e+02    26.1090     -0.031     -0.046    27.6026 0.0000e+00
     -0.030      0.012     6.2349     79.091     30.048  31.609270     3.9668      9.318   197.1750 7.4279e+02    26.2865     -0.031     -0.045    27.5966 0.0000e+00
     -0.027      0.015     6.2469     78.762     30.019  31.587905     3.9715      9.322   197.4403 7.2241e+02    26.3487     -0.027     -0.041    27.5898 0.0000e+00
     -0.019      0.015     6.2522     78.330     30.003  31.578889     3.8878      9.325   197.1738 6.9216e+02    26.1780     -0.020     -0.029    27.5866 0.0000e+00
     -0.009      0.014     6.2518     77.985     29.989  31.563665     3.7368      9.327   196.7060 6.6755e+02    25.8275     -0.008     -0.012    27.5851 0.0000e+00
     -0.004      0.011     6.2413     77.950     30.025  31.594030     3.6615      9.326   196.5169 6.4976e+02    25.6642     -0.001     -0.003    27.5873 0.0000e+00
     -0.005      0.006     6.2113     78.273     30.069  31.629034     3.6683      9.322   196.5220 6.4658e+02    25.6725     -0.004     -0.006    27.6063 0.0000e+00
     -0.008      0.001     6.1698     78.711     30.058  31.606491     3.7192      9.317   196.4230 6.3339e+02    25.6880     -0.009     -0.013    27.6258 0.0000e+00
     -0.010     -0.002     6.1347     78.951     30.036  31.575041     3.7940      9.311   196.2662 6.0449e+02    25.7152     -0.010     -0.015    27.6254 0.0000e+00
     -0.010     -0.002     6.1306     78.824     30.031  31.565745     3.8229      9.307   196.1756 6.0788e+02    25.7623     -0.009     -0.014    27.6094 0.0000e+00
     -0.010      0.000     6.1682     78.349     30.026  31.557479     3.8271      9.307   196.1011 6.4785e+02    25.8473     -0.009     -0.013    27.5864 0.0000e+00
     -0.010      0.002     6.2144     77.635     30.009  31.538489     3.8461      9.309   195.9681 6.8847e+02    25.8555     -0.010     -0.015    27.5671 0.0000e+00
     -0.009      0.003     6.2396     76.737     29.996  31.526326     3.8768      9.312   195.8578 7.0364e+02    25.7580     -0.010     -0.014    27.5552 0.0000e+00
     -0.008      0.004     6.2297     75.704     30.002  31.537216     3.9154      9.314   195.8860 6.9284e+02    25.7280     -0.008     -0.012    27.5472 0.0000e+00
     -0.006      0.004     6.1876     74.651     30.005  31.543373     3.9394      9.315   195.8791 6.7525e+02    25.7660     -0.006     -0.009    27.5411 0.0000e+00
     -0.004      0.004     6.1313     73.741     29.997  31.537380     3.9498      9.317   195.7742 6.5875e+02    25.8077     -0.004     -0.006    27.5397 0.0000e+00
     -0.004      0.003     6.0592     73.110     29.986  31.528158     3.9488      9.317   195.6507 6.4535e+02    25.8231     -0.004     -0.005    27.5446 0.0000e+00
     -0.003      0.002     5.9732     72.765     29.952  31.495267     3.9278      9.314   195.5041 6.3329e+02    25.7124     -0.003     -0.005    27.5519 0.0000e+00
     -0.003      0.001     5.8852     72.623     29.911  31.456673     3.9041      9.307   195.3784 6.2454e+02    25.5629     -0.003     -0.004    27.5575 0.0000e+00
     -0.003      0.000     5.8075     72.565     29.891  31.441908     3.9041      9.300   194.8192 6.2602e+02    25.5180     -0.003     -0.004    27.5606 0.0000e+00
     -0.004      0.000     5.7584     72.474     29.885  31.443550     3.9606      9.296   188.5705 6.3634e+02    25.5108     -0.004     -0.006    27.5635 0.0000e+00
     -0.004      0.001     5.7333     72.327     29.850  31.413144     4.0549      9.292   173.9447 6.4993e+02    25.4755     -0.004     -0.006    27.5682 0.0000e+00
     -0.003      0.001     5.7242     72.160     29.766  31.327862     4.1036      9.285   160.7190 6.6149e+02    25.4335     -0.003     -0.005    27.5758 0.0000e+00
     -0.003     -0.003     5.7233     71.943     29.679  31.236566     4.1001      9.277   155.9120 6.6274e+02    25.3788     -0.003     -0.005    27.5865 0.0000e+00
     -0.002     -0.017     5.7149     71.589     29.644  31.196841     4.0704      9.272   165.7255 6.5633e+02    25.2927     -0.004     -0.005    27.6006 0.0000e+00
     -0.001     -0.047     5.6996     71.097     29.670  31.227914     4.0189      9.283   187.1397 6.6517e+02    25.2127     -0.000      0.000    27.6134 0.0000e+00
     -0.003     -0.095     5.6869     70.626     29.653  31.231897     3.9854      9.313   199.8168 7.2256e+02    25.1967      0.000      0.001    27.6189 0.0000e+00
     -0.018     -0.149     5.6736     70.513     29.569  31.181637     3.9567      9.352   201.8184 9.3130e+02    25.2015     -0.009     -0.012    27.6160 0.0000e+00
     -0.059     -0.192     5.6468     71.172     29.550  31.190853     3.7717      9.384   202.2203 1.1219e+03    25.4411     -0.043     -0.061    27.6121 0.0000e+00
     -0.136     -0.214     5.6040     72.639     29.510  31.153188     3.4556      9.406   201.9226 9.3781e+02    25.9763     -0.124     -0.179    27.6052 0.0000e+00
     -0.235     -0.211     5.5554     74.407     29.356  30.979817     3.2888      9.423   201.8334 6.1562e+02    26.3088     -0.238     -0.345    27.6384 0.0000e+00
     -0.316     -0.185     5.5217     75.943     29.262  30.869674     3.2700      9.435   202.6048 5.1985e+02    26.3193     -0.330     -0.478    27.7309 0.0000e+00
     -0.354     -0.141     5.5636     77.043     29.287  30.899158     3.2445      9.440   203.6777 7.0819e+02    26.2398     -0.358     -0.519    27.7870 0.0000e+00
     -0.361     -0.088     5.6996     77.723     29.327  30.955941     3.0640      9.439   204.1375 1.0459e+03    26.0655     -0.355     -0.515    27.7864 0.0000e+00
     -0.360     -0.044     5.8576     78.133     29.343  30.985707     2.7521      9.435   203.8610 1.0451e+03    25.8171     -0.353     -0.512    27.7625 0.0000e+00
     -0.358     -0.019     5.9854     78.414     29.356  31.005502     2.5941      9.434   203.5176 7.0729e+02    25.6960     -0.351     -0.510    27.7285 0.0000e+00
     -0.357     -0.014     6.0706     78.528     29.352  31.005103     2.5859      9.437   203.7720 5.3206e+02    25.6601     -0.349     -0.508    27.7373 0.0000e+00
     -0.360     -0.017     6.1149     78.324     29.326  30.980889     2.6439      9.442   204.3552 5.0658e+02    25.6557     -0.350     -0.509    27.7766 0.0000e+00
     -0.368     -0.018     6.1394     77.759     29.309  30.966311     2.7717      9.445   204.3746 5.0295e+02    25.7459     -0.358     -0.520    27.7948 0.0000e+00
     -0.380     -0.016     6.1619     76.889     29.296  30.955634     2.8488      9.445   203.8348 5.0778e+02    25.8287     -0.373     -0.542    27.8022 0.0000e+00
     -0.389     -0.012     6.1772     75.815     29.255  30.915192     2.8684      9.445   203.5931 4.5572e+02    25.8711     -0.385     -0.559    27.8089 0.0000e+00
     -0.389     -0.006     6.1608     74.660     29.199  30.857708     3.0091      9.445   203.6031 4.6045e+02    25.9843     -0.384     -0.557    27.8145 0.0000e+00
