Data/DataNotYetUploadedToEDI/Raw_CTD/RawDownloads/070522_fcr50_S7809006.cnv
* Sea-Bird SBE19plus  Data File:
* FileName = C:\R\Reservoirs\Data\DataNotYetUploadedToEDI\Raw_CTD\RawDownloads\070522_bvr40_SBE19plus01907809_0006.hex
* Software version 2.8.0.119
* Temperature SN = 7809
* Conductivity SN = 7809
* System UpLoad Time = Jul 05 2022 16:53:06
* <ApplicationData>
* <Seaterm232>
# nquan = 15
# nvalues = 1744                        
# units = specified
# name 0 = depFM: Depth [fresh water, m]
# name 1 = dz/dtM: Descent Rate [m/s]
# name 2 = sbeox0Mg/L: Oxygen, SBE 43 [mg/l]
# name 3 = sbeox0PS: Oxygen, SBE 43 [% saturation]
# name 4 = specc: Specific Conductance [uS/cm]
# name 5 = c0uS/cm: Conductivity [uS/cm]
# name 6 = flECO-AFL: Fluorescence, WET Labs ECO-AFL/FL [mg/m^3]
# name 7 = ph: pH
# name 8 = orp: Oxidation Reduction Potential [mV]
# name 9 = par/sat/log: PAR/Logarithmic, Satlantic
# name 10 = turbWETntu0: Turbidity, WET Labs ECO [NTU]
# name 11 = prdM: Pressure, Strain Gauge [db]
# name 12 = prdE: Pressure, Strain Gauge [psi]
# name 13 = tv290C: Temperature [ITS-90, deg C]
# name 14 = flag:  0.000e+00
# span 0 =     -0.655,      9.554       
# span 1 =     -4.242,      0.225       
# span 2 =     0.0354,    11.9003       
# span 3 =      0.345,    147.981       
# span 4 =      0.223,    310.619       
# span 5 =   0.251683, 222.249122       
# span 6 =    -0.1690,     3.6296       
# span 7 =      5.347,      9.921       
# span 8 = -1240.7455,   190.4215       
# span 9 = 1.2342e-01, 2.9330e+02       
# span 10 =    -0.4361,   210.4883      
# span 11 =     -0.643,      9.370      
# span 12 =     -0.932,     13.591      
# span 13 =    10.5399,    31.3743      
# span 14 = 0.0000e+00, 0.0000e+00      
# interval = seconds: 0.25
# start_time = Jul 05 2022 10:57:09 [Instrument's time stamp, header]
# bad_flag = -9.990e-29
*END*
[from data line 964]
      8.070      0.106     0.6123      5.514     50.165  35.666960     0.2966      6.696    45.6103 1.2359e-01     6.0517      7.921     11.488    10.5451 0.0000e+00
      8.094      0.096     0.6136      5.505     50.169  35.670716     0.2821      6.696    45.9513 1.2363e-01     5.9873      7.942     11.519    10.5448 0.0000e+00
      8.104      0.086     0.6118      5.504     50.202  35.694305     0.2723      6.696    46.3343 1.2365e-01     5.9699      7.946     11.525    10.5444 0.0000e+00
      8.114      0.079     0.6140      5.511     50.209  35.698525     0.2783      6.696    46.7126 1.2360e-01     6.1143      7.954     11.535    10.5450 0.0000e+00
      8.132      0.079     0.6156      5.514     50.154  35.658315     0.2888      6.695    46.9120 1.2354e-01     6.4007      7.972     11.563    10.5469 0.0000e+00
      8.157      0.085     0.6128      5.529     50.146  35.652021     0.2905      6.693    47.1104 1.2355e-01     6.5296      7.999     11.602    10.5484 0.0000e+00
      8.184      0.098     0.6122      5.529     50.196  35.685844     0.2820      6.691    47.4768 1.2361e-01     6.4767      8.027     11.641    10.5484 0.0000e+00
      8.209      0.113     0.6157      5.493     50.198  35.686781     0.2782      6.690    47.9006 1.2365e-01     6.4107      8.051     11.677    10.5475 0.0000e+00
      8.232      0.123     0.6126      5.473     50.165  35.663348     0.2854      6.690    48.3627 1.2358e-01     6.3460      8.072     11.707    10.5464 0.0000e+00
      8.262      0.123     0.6165      5.475     50.155  35.656166     0.2858      6.689    48.8485 1.2350e-01     6.3096      8.096     11.741    10.5451 0.0000e+00
      8.304      0.115     0.6195      5.450     50.164  35.663357     0.2754      6.688    49.1276 1.2352e-01     6.2781      8.139     11.805    10.5442 0.0000e+00
      8.351      0.104     0.6102      5.404     50.194  35.686890     0.2683      6.686    49.2427 1.2356e-01     6.2389      8.196     11.887    10.5437 0.0000e+00
      8.383      0.093     0.6081      5.379     50.191  35.687046     0.2829      6.685    49.3802 1.2355e-01     6.2113      8.232     11.940    10.5433 0.0000e+00
      8.391      0.084     0.6121      5.375     50.159  35.665244     0.3181      6.685    49.4124 1.2355e-01     6.1487      8.232     11.940    10.5432 0.0000e+00
      8.391      0.078     0.6087      5.370     50.177  35.676936     0.3450      6.684    49.3748 1.2354e-01     6.0632      8.222     11.926    10.5437 0.0000e+00
      8.402      0.076     0.6003      5.361     50.213  35.701582     0.3422      6.682    49.2690 1.2355e-01     5.9968      8.233     11.941    10.5462 0.0000e+00
      8.429      0.080     0.5984      5.341     50.226  35.709592     0.3092      6.680    49.1658 1.2353e-01     5.9952      8.263     11.985    10.5501 0.0000e+00
      8.462      0.089     0.5996      5.312     50.227  35.710372     0.2779      6.680    49.4176 1.2347e-01     6.0441      8.301     12.040    10.5510 0.0000e+00
      8.492      0.097     0.5979      5.302     50.229  35.711011     0.2729      6.680    49.9037 1.2350e-01     6.0755      8.333     12.084    10.5491 0.0000e+00
      8.512      0.098     0.5981      5.298     50.239  35.717306     0.2819      6.679    50.2253 1.2359e-01     6.0678      8.348     12.108    10.5470 0.0000e+00
      8.531      0.094     0.5959      5.277     50.248  35.723072     0.2872      6.677    50.1223 1.2359e-01     6.0189      8.364     12.130    10.5463 0.0000e+00
      8.555      0.087     0.5904      5.249     50.241  35.717306     0.2785      6.675    49.7782 1.2363e-01     5.9969      8.388     12.166    10.5464 0.0000e+00
      8.582      0.078     0.5903      5.216     50.232  35.711011     0.2755      6.673    49.7634 1.2368e-01     6.0410      8.418     12.209    10.5455 0.0000e+00
      8.607      0.069     0.5918      5.180     50.231  35.710373     0.2840      6.672    49.9435 1.2365e-01     6.0737      8.442     12.245    10.5446 0.0000e+00
      8.625      0.064     0.5879      5.165     50.230  35.709594     0.2818      6.671    50.0628 1.2360e-01     6.0510      8.460     12.269    10.5441 0.0000e+00
      8.635      0.065     0.5848      5.159     50.219  35.701584     0.2655      6.671    50.6901 1.2353e-01     6.0052      8.471     12.285    10.5438 0.0000e+00
      8.639      0.072     0.5823      5.140     50.184  35.676938     0.2532      6.670    51.6768 1.2352e-01     5.9988      8.471     12.287    10.5435 0.0000e+00
      8.647      0.083     0.5755      5.134     50.167  35.665257     0.2592      6.669    52.0994 1.2359e-01     6.0414      8.473     12.288    10.5434 0.0000e+00
      8.672      0.095     0.5750      5.141     50.197  35.687176     0.2716      6.669    51.8420 1.2359e-01     6.1100      8.498     12.326    10.5435 0.0000e+00
      8.712      0.103     0.5764      5.139     50.199  35.688305     0.2690      6.668    51.4894 1.2357e-01     6.1795      8.545     12.394    10.5433 0.0000e+00
      8.751      0.103     0.5716      5.142     50.186  35.678910     0.2614      6.666    52.3954 1.2362e-01     6.1993      8.586     12.453    10.5431 0.0000e+00
      8.782      0.093     0.5712      5.163     50.216  35.700400     0.2625      6.664    54.3647 1.2367e-01     6.2118      8.614     12.494    10.5436 0.0000e+00
      8.804      0.075     0.5739      5.178     50.206  35.694492     0.2665      6.664    55.4249 1.2363e-01     6.1946      8.638     12.528    10.5446 0.0000e+00
      8.817      0.059     0.5724      5.183     50.170  35.670895     0.2666      6.663    55.2338 1.2363e-01     6.0940      8.650     12.547    10.5446 0.0000e+00
      8.822      0.052     0.5713      5.192     50.165  35.668736     0.2646      6.662    54.7212 1.2365e-01     6.0191      8.651     12.547    10.5443 0.0000e+00
      8.825      0.058     0.5762      5.205     50.165  35.668385     0.2751      6.661    54.6475 1.2365e-01     6.0061      8.652     12.549    10.5442 0.0000e+00
      8.833      0.074     0.5777      5.222     50.165  35.666654     0.2854      6.660    55.0318 1.2365e-01     6.0065      8.659     12.559    10.5452 0.0000e+00
      8.851      0.093     0.5767      5.241     50.141  35.647800     0.2978      6.659    55.6678 1.2363e-01     6.0575      8.676     12.582    10.5477 0.0000e+00
      8.882      0.108     0.5788      5.250     50.119  35.630656     0.3249      6.658    56.4012 1.2360e-01     6.1448      8.706     12.626    10.5494 0.0000e+00
      8.926      0.114     0.5796      5.242     50.148  35.649614     0.3389      6.657    56.9302 1.2360e-01     6.1735      8.753     12.694    10.5488 0.0000e+00
      8.970      0.110     0.5818      5.228     50.201  35.686777     0.3422      6.657    57.1592 1.2360e-01     6.2001      8.802     12.766    10.5472 0.0000e+00
      9.001      0.098     0.5842      5.209     50.219  35.699511     0.3478      6.657    56.4170 1.2358e-01     6.2271      8.832     12.810    10.5452 0.0000e+00
      9.016      0.081     0.5863      5.178     50.185  35.676749     0.3491      6.654    54.8388 1.2359e-01     6.1578      8.843     12.826    10.5430 0.0000e+00
      9.026      0.063     0.5840      5.139     50.166  35.665220     0.3408      6.652    54.5974 1.2364e-01     6.0458      8.849     12.835    10.5416 0.0000e+00
      9.036      0.048     0.5824      5.100     50.196  35.686942     0.3226      6.651    55.8212 1.2364e-01     5.9657      8.861     12.851    10.5409 0.0000e+00
      9.049      0.037     0.5817      5.075     50.193  35.685733     0.3037      6.649    56.6435 1.2361e-01     5.9743      8.873     12.869    10.5408 0.0000e+00
      9.061      0.032     0.5771      5.070     50.142  35.650611     0.2870      6.649    57.0535 1.2363e-01     6.0142      8.887     12.889    10.5424 0.0000e+00
      9.071      0.032     0.5729      5.077     50.129  35.642751     0.2794      6.648    56.4767 1.2364e-01     6.0032      8.899     12.906    10.5445 0.0000e+00
      9.073      0.037     0.5676      5.083     50.144  35.654124     0.2784      6.647    54.6599 1.2358e-01     6.0124      8.899     12.907    10.5457 0.0000e+00
      9.073      0.047     0.5647      5.091     50.154  35.661292     0.2744      6.646    53.7584 1.2352e-01     6.0914      8.895     12.899    10.5460 0.0000e+00
      9.081      0.062     0.5643      5.101     50.162  35.666005     0.2728      6.645    53.8355 1.2353e-01     6.2410      8.900     12.908    10.5465 0.0000e+00
      9.102      0.081     0.5661      5.113     50.137  35.647695     0.2762      6.644    54.1295 1.2359e-01     6.3185      8.924     12.943    10.5482 0.0000e+00
      9.130      0.104     0.5663      5.138     50.114  35.630143     0.2817      6.644    54.6459 1.2362e-01     6.2432      8.954     12.986    10.5499 0.0000e+00
      9.161      0.125     0.5670      5.167     50.136  35.644031     0.2895      6.644    54.1433 1.2358e-01     6.1842      8.983     13.028    10.5493 0.0000e+00
      9.195      0.136     0.5687      5.188     50.202  35.688777     0.3122      6.644    52.6983 1.2355e-01     6.2199      9.015     13.075    10.5483 0.0000e+00
      9.235      0.135     0.5686      5.193     50.258  35.727266     0.3397      6.643    51.8011 1.2357e-01     6.2652      9.053     13.132    10.5481 0.0000e+00
      9.278      0.124     0.5727      5.185     50.261  35.728926     0.3476      6.642    51.8140 1.2360e-01     6.2537      9.101     13.198    10.5472 0.0000e+00
      9.318      0.105     0.5759      5.176     50.321  35.772246     0.3403      6.641    52.3370 1.2362e-01     6.2167      9.143     13.261    10.5447 0.0000e+00
      9.345      0.083     0.5785      5.147     51.171  36.377874     0.3179      6.639    53.0487 1.2364e-01     6.1947      9.170     13.301    10.5420 0.0000e+00
      9.357      0.061     0.5799      5.097     60.108  42.734457     0.2935      6.637    53.5356 1.2367e-01     6.1922      9.179     13.313    10.5404 0.0000e+00
      9.359      0.044     0.5769      5.045     76.834  54.633167     0.2862      6.634    53.4927 1.2368e-01     6.2207      9.178     13.312    10.5399 0.0000e+00
      9.361      0.034     0.5781      4.990     83.730  59.552143     0.2805      6.633    53.2187 1.2366e-01     6.2315      9.179     13.314    10.5406 0.0000e+00
      9.367      0.030     0.5750      4.935     79.984  56.907465     0.2663      6.633    53.9215 1.2364e-01     6.2541      9.182     13.318    10.5431 0.0000e+00
      9.379      0.030     0.5672      4.870     79.029  56.240269     0.2554      6.633    55.5371 1.2359e-01     6.3584      9.197     13.339    10.5451 0.0000e+00
      9.393      0.029     0.5629      4.745     82.695  58.852057     0.2571      6.632    55.8027 1.2354e-01     6.4671      9.214     13.364    10.5466 0.0000e+00
      9.402      0.027     0.5554      4.555     89.902  63.981295     0.2707      6.629    54.8958 1.2354e-01     6.5439      9.223     13.376    10.5583 0.0000e+00
      9.406      0.023     0.5493      4.335     95.409  67.902188     0.2862      6.627    55.2413 1.2352e-01     6.5014      9.224     13.378    10.5754 0.0000e+00
      9.409      0.017     0.5449      4.085     92.373  65.743456     0.2872      6.627    56.7969 1.2350e-01     6.3284      9.226     13.382    10.5819 0.0000e+00
      9.412      0.012     0.5320      3.825     83.382  59.346573     0.2742      6.627    57.7009 1.2352e-01     6.2296      9.230     13.387    10.5812 0.0000e+00
      9.415      0.009     0.5069      3.590     75.052  53.418703     0.2616      6.626    57.3951 1.2352e-01     6.2290      9.234     13.391    10.5814 0.0000e+00
      9.417      0.008     0.4845      3.385     75.505  53.741420     0.2600      6.624    56.8855 1.2349e-01     6.2519      9.236     13.395    10.5822 0.0000e+00
      9.419      0.007     0.4556      3.229     89.390  63.627553     0.2710      6.623    57.1316 1.2349e-01     6.2673      9.237     13.397    10.5828 0.0000e+00
      9.420      0.006     0.4234      3.139    111.735  79.546878     0.2869      6.621    57.6182 1.2356e-01     6.2443      9.238     13.398    10.5852 0.0000e+00
      9.420      0.006     0.3996      3.114    124.057  88.341641     0.3017      6.619    57.0042 1.2360e-01     6.2468      9.238     13.398    10.5862 0.0000e+00
      9.421      0.006     0.3744      3.147    118.427  84.354827     0.2999      6.618    55.8166 1.2356e-01     6.2647      9.239     13.399    10.5848 0.0000e+00
      9.424      0.006     0.3567      3.192    120.921  86.147932     0.2824      6.617    55.9061 1.2354e-01     6.2209      9.242     13.404    10.5849 0.0000e+00
      9.426      0.007     0.3470      3.197    146.636 104.484323     0.2736      6.615    56.1080 1.2354e-01     6.1616      9.244     13.407    10.5906 0.0000e+00
      9.428      0.009     0.3436      3.137    183.426 130.739144     0.2676      6.615    55.2464 1.2356e-01     6.1625      9.246     13.410    10.6030 0.0000e+00
      9.430      0.011     0.3495      3.000    220.134 156.986261     0.2605      6.614    54.4360 1.2361e-01     6.1633      9.248     13.413    10.6149 0.0000e+00
      9.431      0.014     0.3571      2.800    245.627 175.310676     0.2623      6.614    53.9680 1.2364e-01     6.0693      9.249     13.414    10.6200 0.0000e+00
      9.435      0.017     0.3582      2.571    259.811 185.642926     0.2643      6.614    53.8889 1.2365e-01     5.9815      9.252     13.419    10.6209 0.0000e+00
      9.440      0.019     0.3519      2.305    275.203 196.847541     0.2598      6.613    54.3404 1.2367e-01     5.9902      9.257     13.426    10.6302 0.0000e+00
      9.446      0.019     0.3364      1.987    272.032 194.711078     0.2494      6.611    56.3299 1.2363e-01     6.0718      9.263     13.435    10.6486 0.0000e+00
      9.453      0.018     0.3110      1.655    234.607 167.964844     0.2553      6.609    58.4984 1.2357e-01     6.2165      9.270     13.445    10.6758 0.0000e+00
      9.460      0.015     0.2862      1.336    203.767 145.809812     0.2729      6.608    59.2226 1.2356e-01     6.3055      9.279     13.457    10.7253 0.0000e+00
      9.464      0.011     0.2587      1.053    199.512 142.628593     0.2707      6.607    59.9234 1.2356e-01     6.2931      9.282     13.462    10.7643 0.0000e+00
      9.464      0.006     0.2195      0.834    192.545 137.548962     0.2708      6.607    60.2604 1.2354e-01     6.2380      9.281     13.461    10.7904 0.0000e+00
      9.464      0.003     0.1829      0.665    168.682 120.443961     0.2822      6.604    59.8556 1.2353e-01     6.1520      9.282     13.462    10.8088 0.0000e+00
      9.463      0.002     0.1469      0.526    143.166 102.189077     0.2836      6.594    58.1262 1.2355e-01     6.1073      9.281     13.460    10.7799 0.0000e+00
      9.462      0.004     0.1131      0.427    124.687  88.979823     0.2794      6.569    55.2682 1.2360e-01     6.0732      9.280     13.459    10.7372 0.0000e+00
      9.462      0.008     0.0909      0.398    113.254  80.816337     0.2734      6.538    54.3809 1.2365e-01     6.0124      9.279     13.458    10.7120 0.0000e+00
      9.464      0.012     0.0731      0.449    104.663  74.688166     0.2681      6.518    51.7003 1.2365e-01     6.0560      9.279     13.459    10.6953 0.0000e+00
      9.470      0.014     0.0569      0.553     91.996  65.646741     0.2660      6.513     8.2305 1.2361e-01     6.1909      9.285     13.468    10.6844 0.0000e+00
      9.478      0.015     0.0448      0.707     91.721  65.439187     0.2646      6.522   -85.1509 1.2358e-01     6.2760      9.295     13.482    10.6760 0.0000e+00
      9.483      0.016     0.0401      0.926    101.169  72.168579     0.2763      6.541  -161.8228 1.2353e-01     6.3335      9.301     13.490    10.6746 0.0000e+00
      9.485      0.016     0.0484      1.190     94.696  67.546709     0.3157      6.566  -196.5885 1.2351e-01     6.5114      9.302     13.491    10.6792 0.0000e+00
