Data/DataNotYetUploadedToEDI/Raw_CTD/RawDownloads/070522_bvr40_SBE19plus01907809_0004.cnv
* Sea-Bird SBE19plus  Data File:
* FileName = C:\R\Reservoirs\Data\DataNotYetUploadedToEDI\Raw_CTD\RawDownloads\070522_bvr40_SBE19plus01907809_0004.hex
* Software version 2.8.0.119
* Temperature SN = 7809
* Conductivity SN = 7809
* System UpLoad Time = Jul 05 2022 16:51:54
* <ApplicationData>
* <Seaterm232>
# nquan = 15
# nvalues = 541                         
# units = specified
# name 0 = depFM: Depth [fresh water, m]
# name 1 = dz/dtM: Descent Rate [m/s]
# name 2 = sbeox0Mg/L: Oxygen, SBE 43 [mg/l]
# name 3 = sbeox0PS: Oxygen, SBE 43 [% saturation]
# name 4 = specc: Specific Conductance [uS/cm]
# name 5 = c0uS/cm: Conductivity [uS/cm]
# name 6 = flECO-AFL: Fluorescence, WET Labs ECO-AFL/FL [mg/m^3]
# name 7 = ph: pH
# name 8 = orp: Oxidation Reduction Potential [mV]
# name 9 = par/sat/log: PAR/Logarithmic, Satlantic
# name 10 = turbWETntu0: Turbidity, WET Labs ECO [NTU]
# name 11 = prdM: Pressure, Strain Gauge [db]
# name 12 = prdE: Pressure, Strain Gauge [psi]
# name 13 = tv290C: Temperature [ITS-90, deg C]
# name 14 = flag:  0.000e+00
# span 0 =     -0.718,      2.278       
# span 1 =     -0.351,      0.159       
# span 2 =     0.0305,     7.9886       
# span 3 =      0.347,    100.512       
# span 4 =      3.381,    158.648       
# span 5 =   3.402147, 133.557299       
# span 6 =    -0.0669,     4.1989       
# span 7 =      7.411,      9.542       
# span 8 =    28.0671,   213.3273       
# span 9 = 3.1944e+00, 1.7423e+03       
# span 10 =    -0.3444,    27.5823      
# span 11 =     -0.706,      2.237      
# span 12 =     -1.024,      3.245      
# span 13 =    17.0473,    28.2215      
# span 14 = 0.0000e+00, 0.0000e+00      
# interval = seconds: 0.25
# start_time = Jul 05 2022 07:38:57 [Instrument's time stamp, header]
# bad_flag = -9.990e-29
*END*
[from data line 193]
      0.496      0.069     4.7923     57.536     30.072  30.529089     2.2559      9.260   157.3273 1.0330e+02    25.8256      0.484      0.702    25.7846 0.0000e+00
      0.516      0.077     4.7097     57.953     30.159  30.597891     2.2790      9.247   157.8877 9.7155e+01    25.8082      0.506      0.734    25.7748 0.0000e+00
      0.537      0.083     4.6693     58.374     30.221  30.615899     2.2666      9.236   159.3669 9.1289e+01    25.8022      0.527      0.764    25.7710 0.0000e+00
      0.559      0.085     4.6577     58.670     30.274  30.619960     2.2644      9.227   161.2741 8.5097e+01    25.5482      0.548      0.793    25.7568 0.0000e+00
      0.583      0.082     4.6826     58.658     30.334  30.646918     2.2689      9.218   162.5356 7.8562e+01    24.9912      0.572      0.829    25.7632 0.0000e+00
      0.608      0.075     4.7244     58.245     30.393  30.688219     2.2715      9.208   162.4023 7.2945e+01    24.6360      0.597      0.866    25.7439 0.0000e+00
      0.630      0.067     4.7682     57.575     30.459  30.738930     2.2629      9.199   161.2976 6.9260e+01    24.5670      0.620      0.900    25.6477 0.0000e+00
      0.645      0.058     4.8076     56.809     30.494  30.752889     2.2313      9.190   160.6212 6.7123e+01    24.3618      0.634      0.920    25.5544 0.0000e+00
      0.654      0.052     4.8164     56.003     30.486  30.730174     2.1802      9.180   160.4189 6.5680e+01    23.9662      0.642      0.931    25.5001 0.0000e+00
      0.662      0.047     4.7771     55.198     30.472  30.717829     2.1438      9.167   160.2280 6.4028e+01    23.7122      0.649      0.941    25.4774 0.0000e+00
      0.672      0.046     4.7184     54.424     30.479  30.730422     2.1329      9.154   160.1205 6.1770e+01    23.6481      0.657      0.953    25.4603 0.0000e+00
      0.684      0.047     4.6599     53.772     30.510  30.755659     2.1314      9.141   160.2367 5.9185e+01    23.6347      0.671      0.973    25.4152 0.0000e+00
      0.699      0.048     4.5943     53.337     30.538  30.769380     2.1427      9.129   160.7736 5.6671e+01    23.6525      0.686      0.994    25.3783 0.0000e+00
      0.713      0.048     4.5277     53.068     30.554  30.769507     2.1527      9.119   161.3629 5.4651e+01    23.6928      0.700      1.016    25.3930 0.0000e+00
      0.727      0.043     4.4595     52.840     30.554  30.757174     2.1449      9.109   162.0276 5.2915e+01    23.7119      0.713      1.035    25.4172 0.0000e+00
      0.738      0.038     4.4022     52.592     30.549  30.747030     2.1396      9.101   163.1317 5.1412e+01    23.7119      0.724      1.051    25.4007 0.0000e+00
      0.747      0.034     4.3716     52.342     30.578  30.773636     2.1467      9.093   164.1298 5.0769e+01    23.7958      0.735      1.066    25.3710 0.0000e+00
      0.752      0.034     4.3566     52.112     30.648  30.825288     2.1559      9.083   164.3729 5.0814e+01    23.9413      0.739      1.073    25.3450 0.0000e+00
      0.755      0.036     4.3413     51.869     30.737  30.864371     2.1591      9.075   164.0065 5.0175e+01    24.0019      0.738      1.071    25.3206 0.0000e+00
      0.761      0.039     4.3204     51.494     30.813  30.865735     2.1526      9.067   163.9151 4.8185e+01    23.9481      0.745      1.079    25.3155 0.0000e+00
      0.776      0.042     4.2980     50.778     30.863  30.841665     2.1445      9.060   164.3873 4.5815e+01    23.7347      0.760      1.102    25.3213 0.0000e+00
      0.793      0.043     4.2817     49.569     30.898  30.826815     2.1517      9.052   164.6395 4.3985e+01    23.4371      0.778      1.129    25.3039 0.0000e+00
      0.807      0.042     4.2711     47.954     30.904  30.812893     2.1650      9.043   164.3828 4.2720e+01    23.2872      0.794      1.151    25.2200 0.0000e+00
      0.817      0.040     4.2582     46.195     30.892  30.800100     2.1637      9.035   164.2083 4.1897e+01    23.2550      0.803      1.165    25.0753 0.0000e+00
      0.823      0.037     4.2163     44.589     30.890  30.798926     2.1528      9.028   164.5083 4.1324e+01    23.1845      0.807      1.172    24.9436 0.0000e+00
      0.829      0.036     4.1187     43.329     30.888  30.798706     2.1416      9.022   164.9129 4.0571e+01    23.0827      0.811      1.178    24.8601 0.0000e+00
      0.837      0.037     3.9784     42.387     30.875  30.797437     2.1442      9.015   165.3154 3.9365e+01    23.0494      0.818      1.187    24.8337 0.0000e+00
      0.847      0.038     3.8226     41.640     30.848  30.783601     2.1599      9.006   166.1911 3.7823e+01    23.0209      0.830      1.203    24.8502 0.0000e+00
      0.860      0.038     3.6824     41.105     30.824  30.758235     2.1733      9.000   167.4136 3.6318e+01    22.9088      0.844      1.223    24.8453 0.0000e+00
      0.872      0.038     3.5806     40.865     30.841  30.744314     2.1811      8.996   168.4811 3.5069e+01    22.7869      0.856      1.242    24.8415 0.0000e+00
      0.882      0.037     3.5065     40.800     30.888  30.742016     2.1874      8.991   169.2037 3.4122e+01    22.7430      0.866      1.255    24.8669 0.0000e+00
      0.890      0.035     3.4426     40.644     30.929  30.730374     2.2004      8.986   169.6122 3.3507e+01    22.7544      0.873      1.266    24.8962 0.0000e+00
      0.896      0.035     3.3903     40.199     30.980  30.730266     2.2047      8.982   169.9775 3.2903e+01    22.7529      0.878      1.275    24.9127 0.0000e+00
      0.903      0.035     3.3801     39.403     31.015  30.740633     2.1975      8.978   170.5225 3.2034e+01    22.7254      0.885      1.284    24.8459 0.0000e+00
      0.913      0.036     3.3901     38.345     30.990  30.728895     2.2050      8.973   170.9541 3.1129e+01    22.7293      0.895      1.298    24.7523 0.0000e+00
      0.924      0.037     3.3866     37.179     30.963  30.715156     2.2207      8.968   171.0657 3.0265e+01    22.7311      0.906      1.314    24.6818 0.0000e+00
      0.935      0.037     3.3596     36.034     30.963  30.701325     2.2375      8.962   171.1832 2.9479e+01    22.1330      0.917      1.330    24.5726 0.0000e+00
      0.945      0.035     3.2920     34.982     30.976  30.688431     2.2578      8.955   171.2565 2.8828e+01    20.9973      0.927      1.344    24.5206 0.0000e+00
      0.954      0.032     3.1961     34.053     31.000  30.686008     2.2593      8.949   171.2639 2.8201e+01    20.3739      0.936      1.358    24.5775 0.0000e+00
      0.962      0.030     3.0924     33.264     31.019  30.671991     2.2547      8.943   171.5308 2.7786e+01    20.3353      0.944      1.370    24.6172 0.0000e+00
      0.968      0.029     2.9980     32.672     31.030  30.645694     2.2683      8.938   171.8165 2.7530e+01    20.3929      0.950      1.378    24.5740 0.0000e+00
      0.973      0.029     2.9120     32.316     31.046  30.621580     2.2996      8.932   171.8787 2.7064e+01    20.2850      0.953      1.383    24.5245 0.0000e+00
      0.980      0.030     2.8364     32.087     31.098  30.633940     2.3411      8.925   171.8522 2.6381e+01    20.0212      0.960      1.393    24.4952 0.0000e+00
      0.989      0.030     2.7720     31.780     31.152  30.668292     2.3632      8.916   171.8411 2.5571e+01    19.9025      0.970      1.407    24.4341 0.0000e+00
      0.999      0.029     2.7222     31.260     31.134  30.656535     2.3670      8.909   171.9171 2.4782e+01    19.9769      0.979      1.420    24.3779 0.0000e+00
      1.008      0.028     2.6996     30.585     31.099  30.618588     2.3369      8.902   171.9963 2.4199e+01    20.5448      0.989      1.434    24.3178 0.0000e+00
      1.015      0.027     2.6917     29.969     31.107  30.589850     2.2645      8.895   172.1107 2.3799e+01    21.4748      0.997      1.445    24.2329 0.0000e+00
      1.020      0.025     2.6730     29.494     31.132  30.562578     2.2159      8.888   172.3534 2.3514e+01    21.9633      1.001      1.452    24.1973 0.0000e+00
      1.024      0.025     2.6259     28.968     31.162  30.542343     2.2075      8.882   172.6078 2.3193e+01    22.0112      1.003      1.455    24.2326 0.0000e+00
      1.029      0.026     2.5596     28.216     31.203  30.535308     2.2301      8.877   172.7775 2.2727e+01    21.8145      1.008      1.462    24.2507 0.0000e+00
      1.036      0.028     2.5073     27.275     31.245  30.540847     2.2728      8.872   172.8567 2.2252e+01    21.4985      1.016      1.473    24.1681 0.0000e+00
      1.044      0.031     2.4811     26.256     31.257  30.545860     2.2901      8.866   173.0492 2.1917e+01    21.3670      1.023      1.484    24.0713 0.0000e+00
      1.052      0.036     2.4473     25.269     31.235  30.532521     2.2818      8.859   173.4700 2.1617e+01    21.3175      1.032      1.497    24.0048 0.0000e+00
      1.061      0.039     2.3837     24.462     31.215  30.506369     2.3055      8.851   173.9011 2.1149e+01    21.1046      1.040      1.508    23.9203 0.0000e+00
      1.071      0.040     2.3045     23.942     31.225  30.483222     2.3692      8.843   174.2172 2.0529e+01    20.8083      1.049      1.522    23.8448 0.0000e+00
      1.084      0.038     2.2160     23.651     31.231  30.442784     2.4025      8.834   174.5385 1.9815e+01    20.6731      1.063      1.541    23.8449 0.0000e+00
      1.097      0.034     2.1263     23.406     31.226  30.397734     2.3920      8.826   175.1192 1.9189e+01    20.6312      1.078      1.563    23.8830 0.0000e+00
      1.107      0.028     2.0536     23.050     31.236  30.382219     2.3746      8.820   175.8180 1.8909e+01    20.4724      1.089      1.579    23.8755 0.0000e+00
      1.112      0.023     2.0145     22.546     31.252  30.381944     2.3588      8.814   176.2768 1.8879e+01    20.2566      1.092      1.584    23.8180 0.0000e+00
      1.113      0.020     1.9998     21.930     31.271  30.394380     2.3431      8.808   176.6229 1.8884e+01    20.1394      1.092      1.583    23.7241 0.0000e+00
      1.114      0.019     1.9869     21.180     31.276  30.405788     2.3341      8.802   176.9907 1.8768e+01    20.1149      1.091      1.583    23.6570 0.0000e+00
      1.117      0.021     1.9593     20.336     31.249  30.393104     2.3329      8.794   177.2822 1.8429e+01    20.1306      1.094      1.587    23.6250 0.0000e+00
      1.124      0.024     1.9136     19.540     31.216  30.367829     2.3284      8.787   177.6520 1.7939e+01    20.2609      1.102      1.598    23.5990 0.0000e+00
      1.134      0.028     1.8649     18.880     31.209  30.353779     2.3307      8.779   178.1925 1.7443e+01    20.4949      1.112      1.613    23.5823 0.0000e+00
      1.143      0.030     1.8007     18.398     31.233  30.350000     2.3435      8.772   178.5685 1.7048e+01    20.6034      1.122      1.626    23.5983 0.0000e+00
      1.150      0.031     1.7208     18.090     31.244  30.322094     2.3495      8.766   178.5857 1.6784e+01    20.5818      1.129      1.636    23.6303 0.0000e+00
      1.158      0.030     1.6518     17.866     31.225  30.269885     2.3452      8.760   178.5718 1.6549e+01    20.4721      1.135      1.647    23.6416 0.0000e+00
      1.165      0.029     1.5946     17.622     31.211  30.225851     2.3418      8.752   178.8309 1.6268e+01    20.2686      1.142      1.657    23.6389 0.0000e+00
      1.173      0.029     1.5543     17.321     31.201  30.170006     2.3423      8.745   179.1374 1.6028e+01    20.1708      1.150      1.668    23.5907 0.0000e+00
      1.180      0.030     1.5342     16.982     31.195  30.101746     2.3343      8.740   179.3520 1.5865e+01    20.1091      1.158      1.680    23.5111 0.0000e+00
      1.186      0.032     1.5202     16.547     31.191  30.034361     2.3200      8.734   179.6183 1.5689e+01    19.6933      1.163      1.687    23.4589 0.0000e+00
      1.193      0.035     1.5018     15.875     31.140  29.925701     2.3189      8.729   179.9481 1.5399e+01    19.0717      1.169      1.695    23.4285 0.0000e+00
      1.203      0.040     1.4759     14.915     31.074  29.802136     2.3294      8.724   180.2433 1.5031e+01    18.7765      1.180      1.710    23.3542 0.0000e+00
      1.214      0.045     1.4514     13.755     31.087  29.744716     2.3299      8.718   180.4342 1.4642e+01    18.6855      1.191      1.727    23.2411 0.0000e+00
      1.226      0.048     1.4239     12.506     31.159  29.738476     2.2679      8.711   180.7074 1.4162e+01    17.8348      1.201      1.741    23.1359 0.0000e+00
      1.241      0.048     1.3703     11.215     31.213  29.726581     2.1529      8.705   181.1372 1.3599e+01    16.2451      1.216      1.764    23.0429 0.0000e+00
      1.256      0.046     1.2863      9.873     31.257  29.727582     2.0886      8.698   181.5003 1.3099e+01    15.3833      1.233      1.788    22.9569 0.0000e+00
      1.268      0.041     1.1855      8.549     31.297  29.750525     2.0816      8.692   181.8293 1.2748e+01    15.3396      1.245      1.806    22.8407 0.0000e+00
      1.278      0.037     1.0790      7.380     31.293  29.750399     2.0763      8.686   182.1889 1.2508e+01    15.3073      1.254      1.818    22.7069 0.0000e+00
      1.284      0.033     0.9716      6.451     31.263  29.726060     2.0416      8.679   182.3213 1.2329e+01    15.1288      1.260      1.828    22.6001 0.0000e+00
      1.290      0.031     0.8550      5.822     31.251  29.709829     1.9860      8.672   182.2255 1.2140e+01    14.8891      1.265      1.834    22.5324 0.0000e+00
      1.297      0.031     0.7341      5.506     31.238  29.680923     1.9620      8.666   182.2355 1.1900e+01    14.8008      1.271      1.843    22.5133 0.0000e+00
      1.306      0.032     0.6316      5.403     31.211  29.630099     1.9674      8.660   182.3558 1.1635e+01    14.8118      1.280      1.857    22.5294 0.0000e+00
      1.316      0.032     0.5493      5.390     31.212  29.602421     1.9183      8.653   182.4758 1.1396e+01    14.5099      1.291      1.873    22.5446 0.0000e+00
      1.326      0.032     0.4927      5.387     31.241  29.599796     1.8008      8.648   182.5675 1.1235e+01    13.9524      1.301      1.887    22.5368 0.0000e+00
      1.334      0.031     0.4707      5.347     31.271  29.598316     1.7290      8.642   182.6037 1.1114e+01    13.7070      1.308      1.897    22.5061 0.0000e+00
      1.341      0.029     0.4659      5.225     31.281  29.584477     1.7242      8.635   182.7413 1.0987e+01    13.6955      1.315      1.907    22.4627 0.0000e+00
      1.348      0.027     0.4676      4.995     31.266  29.559225     1.7017      8.628   183.0267 1.0873e+01    13.4718      1.322      1.917    22.4175 0.0000e+00
      1.354      0.026     0.4687      4.692     31.259  29.546550     1.6478      8.621   183.2154 1.0795e+01    13.0862      1.328      1.926    22.3684 0.0000e+00
      1.359      0.025     0.4669      4.377     31.280  29.557995     1.6129      8.614   183.2162 1.0691e+01    12.8926      1.332      1.933    22.3162 0.0000e+00
      1.366      0.025     0.4588      4.084     31.305  29.570812     1.6129      8.605   183.3807 1.0523e+01    12.9074      1.339      1.942    22.2749 0.0000e+00
      1.373      0.025     0.4366      3.810     31.309  29.574726     1.6066      8.598   183.9141 1.0373e+01    12.7864      1.348      1.955    22.2632 0.0000e+00
      1.380      0.030     0.4085      3.573     31.335  29.605319     1.5781      8.591   184.4175 1.0290e+01    12.4541      1.353      1.963    22.2592 0.0000e+00
      1.385      0.037     0.3797      3.419     31.430  29.687157     1.5594      8.583   184.5621 1.0239e+01    12.2380      1.357      1.969    22.2447 0.0000e+00
      1.390      0.044     0.3553      3.348     31.583  29.803507     1.5471      8.577   184.7157 1.0070e+01    12.2224      1.360      1.973    22.2170 0.0000e+00
      1.402      0.049     0.3314      3.307     31.700  29.870997     1.4795      8.571   185.0703 9.7067e+00    11.9589      1.372      1.989    22.2157 0.0000e+00
