Data/DataNotYetUploadedToEDI/Raw_CTD/RawDownloads/070522_bvr50_S7809005.cnv
* Sea-Bird SBE19plus  Data File:
* FileName = C:\R\Reservoirs\Data\DataNotYetUploadedToEDI\Raw_CTD\RawDownloads\070522_bvr40_SBE19plus01907809_0005.hex
* Software version 2.8.0.119
* Temperature SN = 7809
* Conductivity SN = 7809
* System UpLoad Time = Jul 05 2022 16:52:21
* <ApplicationData>
* <Seaterm232>
# nquan = 15
# nvalues = 988                         
# units = specified
# name 0 = depFM: Depth [fresh water, m]
# name 1 = dz/dtM: Descent Rate [m/s]
# name 2 = sbeox0Mg/L: Oxygen, SBE 43 [mg/l]
# name 3 = sbeox0PS: Oxygen, SBE 43 [% saturation]
# name 4 = specc: Specific Conductance [uS/cm]
# name 5 = c0uS/cm: Conductivity [uS/cm]
# name 6 = flECO-AFL: Fluorescence, WET Labs ECO-AFL/FL [mg/m^3]
# name 7 = ph: pH
# name 8 = orp: Oxidation Reduction Potential [mV]
# name 9 = par/sat/log: PAR/Logarithmic, Satlantic
# name 10 = turbWETntu0: Turbidity, WET Labs ECO [NTU]
# name 11 = prdM: Pressure, Strain Gauge [db]
# name 12 = prdE: Pressure, Strain Gauge [psi]
# name 13 = tv290C: Temperature [ITS-90, deg C]
# name 14 = flag:  0.000e+00
# span 0 =     -0.718,      7.668       
# span 1 =     -0.426,      0.257       
# span 2 =     0.0259,     7.2306       
# span 3 =      0.284,     92.539       
# span 4 =      4.941,    211.494       
# span 5 =   4.896356, 146.241219       
# span 6 =    -2.0516,     4.6237       
# span 7 =      6.092,      9.440       
# span 8 =   -97.5782,   936.4744       
# span 9 = 1.2341e-01, 2.2247e+03       
# span 10 =    -0.3786,    27.9631      
# span 11 =     -0.705,      7.520      
# span 12 =     -1.023,     10.907      
# span 13 =     9.5662,    31.7742      
# span 14 = 0.0000e+00, 0.0000e+00      
# interval = seconds: 0.25
# start_time = Jul 05 2022 09:14:06 [Instrument's time stamp, header]
# bad_flag = -9.990e-29
*END*
[from data line 964]
      0.215     -0.113     3.1976     48.930     29.779  29.686448     2.6921      7.991   -71.0004 5.3127e+02    24.8468      0.224      0.325    24.6904 0.0000e+00
      0.172     -0.179     3.6047     49.516     29.779  29.747518     2.6791      8.064   -69.6529 7.1414e+02    24.9542      0.176      0.256    24.5718 0.0000e+00
      0.103     -0.229     3.8898     50.540     29.844  29.887119     2.6560      8.130   -67.5539 1.1367e+03    24.9956      0.109      0.158    24.6053 0.0000e+00
      0.012     -0.248     4.0283     52.133     29.905  30.043235     2.6374      8.183   -65.4972 1.6057e+03    25.0402      0.017      0.025    24.7647 0.0000e+00
     -0.086     -0.241     4.0601     54.162     29.987  30.240628     2.5869      8.225   -63.2833 1.5462e+03    25.3911     -0.095     -0.137    24.8260 0.0000e+00
     -0.159     -0.232     4.0785     56.617     30.119  30.498958     2.4879      8.270   -59.1988 1.0891e+03    25.9586     -0.173     -0.251    24.9373 0.0000e+00
     -0.193     -0.245     4.1533     59.478     30.123  30.631142     2.4214      8.325   -55.9476 8.5078e+02    26.1973     -0.199     -0.288    25.0532 0.0000e+00
     -0.204     -0.276     4.2805     62.458     29.890  30.507791     2.3163      8.379   -61.4001 9.7257e+02    25.6810     -0.194     -0.281    25.2092 0.0000e+00
     -0.233     -0.303     4.4295     65.033     29.544  30.212189     1.2079      8.420   -63.3493 1.0450e+03    20.0234     -0.205     -0.298    25.4141 0.0000e+00
     -0.328     -0.317     4.6099     66.574     29.281  29.909817    -0.8254      8.445   -44.4965 1.0449e+03     9.6807     -0.286     -0.414    25.6206 0.0000e+00
     -0.494     -0.315     4.8354     66.797     29.201  29.704432    -1.9438      8.455   -27.2993 1.3074e+03     4.0291     -0.492     -0.712    25.8432 0.0000e+00
     -0.643     -0.288     5.0701     65.909     29.229  29.567070    -2.0516      8.451   -29.7350 1.5424e+03     3.4761     -0.681     -0.988    26.0569 0.0000e+00
     -0.701     -0.230     5.2902     64.292     29.089  29.262977    -2.0202      8.440   -35.9174 1.7023e+03     3.3008     -0.700     -1.015    26.1867 0.0000e+00
     -0.707     -0.149     5.4300     62.379     26.684  26.724712    -1.5304      8.427   -40.0152 1.9783e+03     2.3542     -0.690     -1.000    26.1277 0.0000e+00
     -0.708     -0.068     5.4615     60.590     19.060  19.030859    -0.6248      8.414   -43.3168 2.1525e+03     0.6730     -0.698     -1.012    25.8803 0.0000e+00
     -0.708     -0.017     5.4106     59.247     10.027   9.987389    -0.1340      8.402   -42.5400 2.1901e+03    -0.2541     -0.693     -1.005    25.5667 0.0000e+00
     -0.707     -0.001     5.2936     58.572      5.978   5.940601    -0.0991      8.391   -40.6894 2.1924e+03    -0.3498     -0.693     -1.006    25.2761 0.0000e+00
     -0.707      0.001     5.1464     58.598      5.423   5.381142    -0.0951      8.380   -40.5579 2.1860e+03    -0.3470     -0.692     -1.004    25.0240 0.0000e+00
     -0.707      0.001     5.0092     59.125      5.103   5.059136    -0.0853      8.370   -40.3476 2.1854e+03    -0.3579     -0.693     -1.005    24.8379 0.0000e+00
     -0.706      0.001     4.8978     59.477      4.941   4.896356    -0.0811      8.365   -39.8676 2.1852e+03    -0.3786     -0.692     -1.004    24.7289 0.0000e+00
     -0.706 -9.990e-29     4.8511 -9.990e-29 -9.990e-29 -9.990e-29 -9.990e-29 -9.990e-29 -9.990e-29 2.1922e+03 -9.990e-29     -0.693     -1.005    24.6532 0.0000e+00
     -0.706 -9.990e-29     4.8577 -9.990e-29 -9.990e-29 -9.990e-29 -9.990e-29 -9.990e-29 -9.990e-29 2.2089e+03 -9.990e-29     -0.693     -1.005    24.6059 0.0000e+00
     -0.706 -9.990e-29     4.9274 -9.990e-29 -9.990e-29 -9.990e-29 -9.990e-29 -9.990e-29 -9.990e-29 2.2217e+03 -9.990e-29     -0.693     -1.005    24.5569 0.0000e+00
     -0.706 -9.990e-29     4.9949 -9.990e-29 -9.990e-29 -9.990e-29 -9.990e-29 -9.990e-29 -9.990e-29 2.2247e+03 -9.990e-29     -0.692     -1.004    24.5182 0.0000e+00
