Data/DataNotYetUploadedToEDI/Raw_CTD/RawDownloads/070522_bvr40_SBE19plus01907809_0004.cnv
* Sea-Bird SBE19plus  Data File:
* FileName = C:\R\Reservoirs\Data\DataNotYetUploadedToEDI\Raw_CTD\RawDownloads\070522_bvr40_SBE19plus01907809_0004.hex
* Software version 2.8.0.119
* Temperature SN = 7809
* Conductivity SN = 7809
* System UpLoad Time = Jul 05 2022 16:51:54
* <ApplicationData>
* <Seaterm232>
# nquan = 15
# nvalues = 541                         
# units = specified
# name 0 = depFM: Depth [fresh water, m]
# name 1 = dz/dtM: Descent Rate [m/s]
# name 2 = sbeox0Mg/L: Oxygen, SBE 43 [mg/l]
# name 3 = sbeox0PS: Oxygen, SBE 43 [% saturation]
# name 4 = specc: Specific Conductance [uS/cm]
# name 5 = c0uS/cm: Conductivity [uS/cm]
# name 6 = flECO-AFL: Fluorescence, WET Labs ECO-AFL/FL [mg/m^3]
# name 7 = ph: pH
# name 8 = orp: Oxidation Reduction Potential [mV]
# name 9 = par/sat/log: PAR/Logarithmic, Satlantic
# name 10 = turbWETntu0: Turbidity, WET Labs ECO [NTU]
# name 11 = prdM: Pressure, Strain Gauge [db]
# name 12 = prdE: Pressure, Strain Gauge [psi]
# name 13 = tv290C: Temperature [ITS-90, deg C]
# name 14 = flag:  0.000e+00
# span 0 =     -0.718,      2.278       
# span 1 =     -0.351,      0.159       
# span 2 =     0.0305,     7.9886       
# span 3 =      0.347,    100.512       
# span 4 =      3.381,    158.648       
# span 5 =   3.402147, 133.557299       
# span 6 =    -0.0669,     4.1989       
# span 7 =      7.411,      9.542       
# span 8 =    28.0671,   213.3273       
# span 9 = 3.1944e+00, 1.7423e+03       
# span 10 =    -0.3444,    27.5823      
# span 11 =     -0.706,      2.237      
# span 12 =     -1.024,      3.245      
# span 13 =    17.0473,    28.2215      
# span 14 = 0.0000e+00, 0.0000e+00      
# interval = seconds: 0.25
# start_time = Jul 05 2022 07:38:57 [Instrument's time stamp, header]
# bad_flag = -9.990e-29
*END*
[from data line 290]
      1.441      0.055     0.2949      3.100     31.785  29.908351     1.2770      8.555   185.1689 9.1180e+00    11.0253      1.417      2.054    22.2341 0.0000e+00
      1.456      0.052     0.2907      2.862     31.889  30.027558     1.2569      8.547   185.1214 8.9760e+00    10.9892      1.428      2.071    22.1864 0.0000e+00
      1.468      0.046     0.2893      2.576     32.031  30.169472     1.2646      8.538   185.1776 8.8540e+00    10.9031      1.439      2.088    22.1131 0.0000e+00
      1.478      0.039     0.2852      2.349     32.194  30.292987     1.2786      8.530   185.3324 8.7325e+00    10.7351      1.450      2.103    22.0253 0.0000e+00
      1.487      0.033     0.2744      2.234     32.348  30.379837     1.2769      8.523   185.5309 8.6165e+00    10.6329      1.458      2.115    22.0211 0.0000e+00
      1.494      0.028     0.2523      2.194     32.491  30.458757     1.2692      8.517   185.6839 8.5214e+00    10.5891      1.465      2.125    22.0885 0.0000e+00
      1.499      0.024     0.2218      2.160     32.635  30.549789     1.2679      8.510   185.8056 8.4365e+00    10.5807      1.470      2.132    22.1144 0.0000e+00
      1.504      0.023     0.2013      2.098     32.733  30.592914     1.2703      8.504   185.8843 8.3081e+00    10.6343      1.474      2.139    22.0612 0.0000e+00
      1.509      0.023     0.1928      2.010     32.862  30.663143     1.2729      8.496   185.9468 8.1728e+00    10.7248      1.480      2.147    21.9471 0.0000e+00
      1.514      0.025     0.1925      1.890     33.147  30.891689     1.2747      8.488   186.2170 8.0612e+00    10.7878      1.485      2.154    21.8547 0.0000e+00
      1.520      0.028     0.1910      1.739     33.595  31.264144     1.2668      8.481   186.5700 7.9216e+00    10.8148      1.490      2.161    21.8087 0.0000e+00
      1.527      0.032     0.1848      1.564     34.119  31.679608     1.2435      8.473   186.6873 7.7697e+00    10.8463      1.497      2.171    21.7286 0.0000e+00
      1.536      0.037     0.1779      1.374     34.538  31.984286     1.2179      8.465   186.7751 7.6228e+00    10.8266      1.506      2.184    21.6353 0.0000e+00
      1.547      0.041     0.1678      1.204     34.732  32.094926     1.2076      8.457   186.9429 7.4535e+00    10.7472      1.516      2.199    21.5969 0.0000e+00
      1.558      0.043     0.1537      1.071     34.744  32.066259     1.2020      8.449   186.9089 7.2934e+00    10.6722      1.528      2.216    21.5491 0.0000e+00
      1.570      0.044     0.1392      0.956     34.706  32.018019     1.1755      8.439   186.7091 7.1852e+00    10.2273      1.541      2.235    21.4265 0.0000e+00
      1.582      0.043     0.1212      0.860     34.706  32.018852     1.1360      8.428   186.5056 7.0848e+00     9.3986      1.552      2.251    21.2888 0.0000e+00
      1.594      0.040     0.1050      0.790     34.761  32.076325     1.1084      8.417   186.2550 6.9904e+00     8.9539      1.563      2.268    21.1820 0.0000e+00
      1.605      0.036     0.0953      0.751     34.897  32.205731     1.0904      8.407   185.8309 6.9484e+00     8.9158      1.575      2.286    21.1251 0.0000e+00
      1.614      0.033     0.0841      0.744     35.104  32.378905     1.1015      8.399   185.3352 6.9362e+00     8.9720      1.584      2.297    21.1179 0.0000e+00
      1.620      0.031     0.0757      0.747     35.304  32.521725     1.1425      8.392   184.9937 6.9382e+00     9.1203      1.589      2.305    21.1213 0.0000e+00
      1.625      0.031     0.0694      0.754     35.435  32.601092     1.1619      8.383   184.5412 6.9281e+00     9.2058      1.592      2.310    21.1315 0.0000e+00
      1.630      0.030     0.0652      0.781     35.446  32.577647     1.1538      8.373   183.5647 6.8443e+00     9.1860      1.597      2.316    21.1520 0.0000e+00
      1.640      0.029     0.0662      0.810     35.382  32.491817     1.1354      8.364   182.3923 6.7046e+00     9.1196      1.607      2.331    21.1338 0.0000e+00
      1.652      0.026     0.0669      0.816     35.343  32.450897     1.1148      8.357   181.6372 6.5866e+00     8.8811      1.621      2.352    21.0499 0.0000e+00
      1.661      0.023     0.0660      0.806     35.342  32.463287     1.1043      8.350   181.1458 6.5412e+00     8.4896      1.632      2.366    20.9899 0.0000e+00
      1.665      0.020     0.0695      0.790     35.398  32.514852     1.0994      8.343   180.4941 6.5475e+00     8.2798      1.634      2.369    20.9538 0.0000e+00
      1.665      0.019     0.0735      0.778     35.488  32.567152     1.0894      8.336   179.6948 6.5527e+00     8.2578      1.633      2.369    20.8939 0.0000e+00
      1.666      0.019     0.0731      0.772     35.557  32.588393     1.0830      8.329   178.8809 6.5334e+00     8.2225      1.632      2.367    20.8897 0.0000e+00
      1.669      0.022     0.0724      0.764     35.654  32.644808     1.0975      8.322   178.2243 6.4690e+00     8.2297      1.635      2.372    20.9317 0.0000e+00
      1.677      0.027     0.0701      0.746     35.799  32.742010     1.1137      8.316   177.6933 6.3549e+00     8.2419      1.644      2.384    20.9419 0.0000e+00
      1.688      0.032     0.0693      0.721     36.014  32.875985     1.1042      8.307   176.9345 6.2341e+00     8.1649      1.655      2.400    20.8872 0.0000e+00
      1.698      0.035     0.0690      0.704     36.308  33.059972     1.0994      8.297   176.0183 6.1405e+00     7.9139      1.666      2.417    20.8094 0.0000e+00
      1.708      0.036     0.0690      0.694     36.543  33.191193     1.1219      8.288   175.0476 6.0781e+00     7.5300      1.675      2.429    20.7730 0.0000e+00
      1.716      0.035     0.0672      0.674     36.686  33.257808     1.1435      8.279   172.8552 6.0359e+00     7.3155      1.683      2.441    20.7447 0.0000e+00
      1.725      0.034     0.0642      0.649     36.775  33.294685     1.1523      8.270   168.5252 6.0003e+00     7.2662      1.691      2.453    20.6520 0.0000e+00
      1.734      0.032     0.0627      0.627     36.840  33.319997     1.1454      8.262   163.7348 5.9678e+00     7.1387      1.701      2.467    20.5174 0.0000e+00
      1.742      0.031     0.0635      0.596     37.001  33.437004     1.1189      8.254   160.3631 5.9207e+00     6.9355      1.709      2.478    20.3984 0.0000e+00
      1.750      0.031     0.0611      0.574     37.321  33.694914     1.0975      8.244   158.3026 5.8694e+00     6.8240      1.716      2.489    20.3120 0.0000e+00
      1.757      0.031     0.0579      0.568     37.660  33.965541     1.0950      8.234   156.9756 5.8336e+00     6.7821      1.724      2.500    20.2587 0.0000e+00
      1.764      0.031     0.0579      0.573     37.861  34.109472     1.1052      8.225   155.5899 5.7991e+00     6.6685      1.730      2.508    20.2154 0.0000e+00
      1.771      0.031     0.0532      0.582     37.968  34.167009     1.1210      8.216   153.5074 5.7451e+00     6.5088      1.737      2.518    20.1805 0.0000e+00
      1.780      0.032     0.0516      0.587     37.998  34.153906     1.1362      8.208   151.2407 5.6823e+00     6.4572      1.746      2.532    20.1411 0.0000e+00
      1.789      0.033     0.0511      0.587     37.961  34.077803     1.1478      8.201   149.6073 5.6405e+00     6.5231      1.755      2.546    20.0912 0.0000e+00
      1.796      0.034     0.0516      0.577     38.005  34.071088     1.1523      8.193   148.2993 5.6043e+00     6.5873      1.762      2.554    20.0414 0.0000e+00
      1.805      0.035     0.0535      0.562     38.410  34.389677     1.1573      8.183   146.0945 5.5300e+00     6.5858      1.769      2.565    19.9882 0.0000e+00
      1.815      0.036     0.0531      0.551     39.152  35.013022     1.1593      8.174   143.4266 5.4290e+00     6.5387      1.780      2.582    19.9386 0.0000e+00
      1.824      0.038     0.0540      0.542     39.697  35.457257     1.1592      8.166   141.9405 5.3636e+00     6.5302      1.790      2.597    19.8829 0.0000e+00
      1.833      0.038     0.0528      0.540     39.948  35.639256     1.1645      8.156   141.5476 5.3178e+00     6.5515      1.796      2.607    19.8178 0.0000e+00
      1.843      0.037     0.0510      0.541     40.252  35.881878     1.1815      8.146   141.1716 5.2352e+00     6.5228      1.806      2.619    19.7590 0.0000e+00
      1.855      0.035     0.0504      0.540     40.519  36.107915     1.2077      8.137   140.2340 5.1464e+00     6.3883      1.821      2.640    19.7131 0.0000e+00
      1.866      0.031     0.0492      0.545     40.570  36.152809     1.2147      8.127   138.3844 5.1012e+00     6.2564      1.832      2.656    19.6589 0.0000e+00
      1.873      0.027     0.0492      0.554     40.865  36.424689     1.2163      8.119   135.7580 5.0757e+00     6.2609      1.836      2.663    19.5916 0.0000e+00
      1.878      0.025     0.0501      0.546     41.705  37.175701     1.2442      8.111   133.2572 5.0448e+00     6.2030      1.842      2.672    19.5587 0.0000e+00
      1.882      0.024     0.0492      0.530     42.661  38.003923     1.2765      8.102   131.5498 5.0326e+00     6.0009      1.847      2.678    19.5491 0.0000e+00
      1.885      0.026     0.0495      0.520     43.451  38.638358     1.2818      8.094   130.4292 5.0031e+00     5.8664      1.847      2.679    19.5452 0.0000e+00
      1.891      0.029     0.0518      0.519     44.136  39.138771     1.2666      8.086   129.5174 4.9395e+00     5.8070      1.852      2.687    19.5650 0.0000e+00
      1.900      0.032     0.0502      0.519     44.730  39.551320     1.2600      8.077   127.7526 4.8977e+00     5.7952      1.864      2.703    19.5756 0.0000e+00
      1.911      0.035     0.0482      0.515     45.287  39.947790     1.2675      8.068   122.7708 4.8441e+00     5.8259      1.874      2.717    19.5573 0.0000e+00
      1.921      0.036     0.0475      0.514     45.937  40.443989     1.2666      8.059   115.0562 4.7621e+00     5.8367      1.885      2.732    19.4777 0.0000e+00
      1.931      0.036     0.0476      0.514     46.554  40.920644     1.2572      8.049   108.2973 4.7070e+00     5.8241      1.895      2.748    19.3345 0.0000e+00
      1.940      0.035     0.0483      0.514     46.941  41.207590     1.2621      8.040   103.6863 4.6647e+00     5.7758      1.902      2.759    19.1979 0.0000e+00
      1.948      0.033     0.0473      0.519     47.245  41.439678     1.2681      8.031   100.3463 4.6140e+00     5.7313      1.909      2.769    19.0939 0.0000e+00
      1.956      0.031     0.0474      0.516     47.712  41.823875     1.2629      8.022    97.5104 4.5658e+00     5.6950      1.918      2.782    19.0142 0.0000e+00
      1.965      0.029     0.0482      0.508     48.369  42.364185     1.2657      8.013    94.4351 4.5099e+00     5.6105      1.927      2.794    18.9412 0.0000e+00
      1.972      0.029     0.0469      0.511     49.049  42.897930     1.2690      8.005    91.2981 4.4538e+00     5.5630      1.934      2.805    18.8795 0.0000e+00
      1.978      0.030     0.0491      0.514     49.638  43.329482     1.2695      7.999    88.7481 4.4134e+00     5.5990      1.940      2.814    18.8485 0.0000e+00
      1.984      0.031     0.0484      0.518     50.105  43.648991     1.2798      7.992    86.9207 4.3765e+00     5.6357      1.945      2.821    18.8286 0.0000e+00
      1.992      0.032     0.0463      0.516     50.356  43.779481     1.2851      7.984    85.6365 4.3340e+00     5.6322      1.954      2.832    18.7995 0.0000e+00
      2.002      0.034     0.0483      0.505     50.481  43.828696     1.2753      7.976    84.8355 4.2804e+00     5.5903      1.964      2.848    18.7357 0.0000e+00
      2.012      0.034     0.0476      0.496     50.676  43.990216     1.2620      7.968    84.3781 4.2256e+00     5.5043      1.972      2.862    18.6395 0.0000e+00
      2.021      0.033     0.0487      0.487     50.926  44.209904     1.2570      7.958    83.9778 4.1885e+00     5.4128      1.982      2.876    18.5572 0.0000e+00
      2.030      0.032     0.0492      0.479     51.194  44.391479     1.2648      7.948    83.5224 4.1597e+00     5.4068      1.991      2.887    18.4598 0.0000e+00
      2.037      0.030     0.0470      0.484     51.418  44.472720     1.2731      7.938    83.0882 4.1325e+00     5.3968      1.998      2.898    18.3775 0.0000e+00
      2.044      0.029     0.0464      0.494     51.522  44.430756     1.2983      7.929    82.6859 4.0931e+00     5.3254      2.005      2.908    18.3936 0.0000e+00
      2.050      0.027     0.0460      0.489     51.529  44.328010     1.3445      7.921    81.9264 4.0354e+00     5.2958      2.010      2.916    18.4271 0.0000e+00
      2.056      0.027     0.0443      0.481     51.378  44.118430     1.3740      7.911    80.2723 3.9943e+00     5.3462      2.016      2.925    18.3787 0.0000e+00
      2.064      0.028     0.0450      0.486     51.076  43.799774     1.3892      7.901    78.0013 3.9706e+00     5.4222      2.024      2.936    18.2468 0.0000e+00
      2.071      0.028     0.0476      0.483     50.809  43.520102     1.3951      7.892    75.7202 3.9461e+00     5.4287      2.032      2.947    18.1028 0.0000e+00
      2.078      0.029     0.0465      0.471     50.583  43.274352     1.3870      7.883    73.1688 3.9132e+00     5.3916      2.038      2.955    17.9982 0.0000e+00
      2.086      0.030     0.0444      0.465     50.310  42.985172     1.3750      7.872    70.0399 3.8650e+00     5.3491      2.045      2.966    17.9235 0.0000e+00
      2.094      0.030     0.0469      0.465     50.030  42.687862     1.3750      7.861    66.7122 3.8222e+00     5.3244      2.055      2.979    17.8711 0.0000e+00
      2.102      0.031     0.0464      0.479     49.846  42.470627     1.4038      7.851    63.9078 3.7892e+00     5.2302      2.062      2.989    17.8231 0.0000e+00
      2.110      0.033     0.0441      0.487     49.825  42.388411     1.4393      7.840    61.8579 3.7577e+00     4.9960      2.069      3.000    17.7715 0.0000e+00
      2.118      0.034     0.0446      0.470     49.913  42.391470     1.4469      7.829    60.3394 3.7313e+00     4.8494      2.077      3.012    17.7184 0.0000e+00
      2.126      0.035     0.0435      0.459     49.984  42.380657     1.4452      7.816    59.4003 3.7010e+00     4.8570      2.084      3.024    17.6572 0.0000e+00
      2.136      0.037     0.0454      0.464     49.984  42.321015     1.4691      7.804    58.9343 3.6652e+00     4.8834      2.094      3.039    17.5987 0.0000e+00
      2.145      0.038     0.0488      0.459     49.950  42.241155     1.5018      7.792    58.7486 3.6365e+00     4.8958      2.104      3.051    17.5384 0.0000e+00
      2.155      0.038     0.0441      0.451     49.935  42.176214     1.5087      7.781    58.7043 3.5958e+00     4.9048      2.113      3.065    17.4615 0.0000e+00
      2.165      0.037     0.0431      0.451     50.067  42.233500     1.5029      7.771    58.5712 3.5388e+00     4.8897      2.123      3.080    17.3846 0.0000e+00
      2.175      0.036     0.0456      0.450     50.502  42.553134     1.5061      7.762    58.3441 3.5065e+00     4.8149      2.134      3.095    17.3255 0.0000e+00
      2.185      0.034     0.0440      0.442     51.046  42.996009     1.5223      7.752    58.1949 3.4920e+00     4.6844      2.144      3.109    17.2813 0.0000e+00
      2.194      0.031     0.0429      0.444     51.415  43.338178     1.5488      7.742    58.1444 3.4709e+00     4.5755      2.152      3.122    17.2290 0.0000e+00
      2.201      0.028     0.0433      0.450     51.863  43.772302     1.5606      7.733    58.0775 3.4509e+00     4.4890      2.159      3.132    17.1709 0.0000e+00
      2.207      0.027     0.0444      0.451     53.035  44.819452     1.5566      7.726    57.9030 3.4249e+00     4.3891      2.164      3.139    17.1175 0.0000e+00
