Data/DataNotYetUploadedToEDI/Raw_CTD/RawDownloads/070522_bvr50_S7809005.cnv
* Sea-Bird SBE19plus  Data File:
* FileName = C:\R\Reservoirs\Data\DataNotYetUploadedToEDI\Raw_CTD\RawDownloads\070522_bvr40_SBE19plus01907809_0005.hex
* Software version 2.8.0.119
* Temperature SN = 7809
* Conductivity SN = 7809
* System UpLoad Time = Jul 05 2022 16:52:21
* <ApplicationData>
* <Seaterm232>
# nquan = 15
# nvalues = 988                         
# units = specified
# name 0 = depFM: Depth [fresh water, m]
# name 1 = dz/dtM: Descent Rate [m/s]
# name 2 = sbeox0Mg/L: Oxygen, SBE 43 [mg/l]
# name 3 = sbeox0PS: Oxygen, SBE 43 [% saturation]
# name 4 = specc: Specific Conductance [uS/cm]
# name 5 = c0uS/cm: Conductivity [uS/cm]
# name 6 = flECO-AFL: Fluorescence, WET Labs ECO-AFL/FL [mg/m^3]
# name 7 = ph: pH
# name 8 = orp: Oxidation Reduction Potential [mV]
# name 9 = par/sat/log: PAR/Logarithmic, Satlantic
# name 10 = turbWETntu0: Turbidity, WET Labs ECO [NTU]
# name 11 = prdM: Pressure, Strain Gauge [db]
# name 12 = prdE: Pressure, Strain Gauge [psi]
# name 13 = tv290C: Temperature [ITS-90, deg C]
# name 14 = flag:  0.000e+00
# span 0 =     -0.718,      7.668       
# span 1 =     -0.426,      0.257       
# span 2 =     0.0259,     7.2306       
# span 3 =      0.284,     92.539       
# span 4 =      4.941,    211.494       
# span 5 =   4.896356, 146.241219       
# span 6 =    -2.0516,     4.6237       
# span 7 =      6.092,      9.440       
# span 8 =   -97.5782,   936.4744       
# span 9 = 1.2341e-01, 2.2247e+03       
# span 10 =    -0.3786,    27.9631      
# span 11 =     -0.705,      7.520      
# span 12 =     -1.023,     10.907      
# span 13 =     9.5662,    31.7742      
# span 14 = 0.0000e+00, 0.0000e+00      
# interval = seconds: 0.25
# start_time = Jul 05 2022 09:14:06 [Instrument's time stamp, header]
# bad_flag = -9.990e-29
*END*
[from data line 290]
      2.491      0.099     0.0673      0.712     46.075  37.431295     1.6082      8.000   124.1325 4.8771e+00     4.1523      2.447      3.550    16.7207 0.0000e+00
      2.516      0.097     0.0671      0.710     46.427  37.525194     1.6097      7.988   116.0241 4.6844e+00     4.2006      2.467      3.578    16.3959 0.0000e+00
      2.536      0.091     0.0690      0.714     46.837  37.698163     1.6089      7.975   110.8743 4.5066e+00     4.2446      2.488      3.608    16.0951 0.0000e+00
      2.555      0.084     0.0723      0.710     47.216  37.873578     1.5985      7.960   107.7252 4.3443e+00     4.2748      2.507      3.636    15.8446 0.0000e+00
      2.575      0.080     0.0702      0.693     47.514  37.997094     1.5921      7.944   105.2237 4.2015e+00     4.2916      2.524      3.661    15.6102 0.0000e+00
      2.595      0.078     0.0707      0.668     47.790  38.113328     1.5894      7.927   102.8261 4.0608e+00     4.3115      2.543      3.689    15.3959 0.0000e+00
      2.616      0.076     0.0721      0.673     48.093  38.264110     1.5825      7.912   100.2453 3.9204e+00     4.3450      2.565      3.721    15.2290 0.0000e+00
      2.637      0.073     0.0715      0.702     48.632  38.615092     1.5430      7.898    97.1644 3.8131e+00     4.2864      2.586      3.752    15.0999 0.0000e+00
      2.656      0.068     0.0712      0.695     49.832  39.502957     1.4689      7.884    93.7094 3.7267e+00     4.1148      2.604      3.778    14.9787 0.0000e+00
      2.673      0.062     0.0659      0.664     51.155  40.500322     1.4272      7.872    90.2203 3.6474e+00     4.0467      2.622      3.803    14.8664 0.0000e+00
      2.688      0.056     0.0663      0.653     51.556  40.779729     1.4222      7.859    86.9848 3.5834e+00     4.1124      2.637      3.825    14.7730 0.0000e+00
      2.699      0.053     0.0739      0.651     51.359  40.597899     1.4159      7.845    84.3592 3.5279e+00     4.0884      2.647      3.838    14.6937 0.0000e+00
      2.710      0.051     0.0721      0.644     51.298  40.521789     1.4009      7.830    82.3930 3.4826e+00     3.9620      2.658      3.854    14.6281 0.0000e+00
      2.721      0.048     0.0656      0.642     51.328  40.493739     1.3824      7.815    80.5047 3.4379e+00     3.8828      2.668      3.869    14.5805 0.0000e+00
      2.734      0.044     0.0666      0.637     51.343  40.448975     1.3760      7.801    78.3058 3.3754e+00     3.8821      2.679      3.884    14.5381 0.0000e+00
      2.750      0.041     0.0668      0.631     51.422  40.487898     1.3812      7.788    76.1979 3.3041e+00     3.8508      2.698      3.912    14.5188 0.0000e+00
      2.763      0.040     0.0652      0.633     51.621  40.647190     1.3875      7.778    74.2051 3.2650e+00     3.7442      2.713      3.934    14.5071 0.0000e+00
      2.768      0.041     0.0655      0.632     51.750  40.725848     1.3850      7.768    72.1941 3.2510e+00     3.6513      2.716      3.939    14.4467 0.0000e+00
      2.771      0.044     0.0657      0.626     51.620  40.550922     1.3770      7.758    70.5529 3.2257e+00     3.5822      2.716      3.939    14.3713 0.0000e+00
      2.779      0.048     0.0634      0.615     51.428  40.308065     1.4068      7.748    69.2460 3.1695e+00     3.5569      2.721      3.947    14.3505 0.0000e+00
      2.795      0.055     0.0653      0.593     51.228  40.072764     1.4707      7.737    67.9219 3.0838e+00     3.6189      2.740      3.975    14.3786 0.0000e+00
      2.815      0.063     0.0647      0.585     50.953  39.798903     1.5010      7.724    66.4167 3.0091e+00     3.6834      2.762      4.007    14.3687 0.0000e+00
      2.834      0.068     0.0638      0.588     50.759  39.597216     1.4896      7.710    64.8129 2.9448e+00     3.6532      2.779      4.030    14.2801 0.0000e+00
      2.852      0.069     0.0645      0.585     50.844  39.600303     1.4747      7.698    63.4157 2.8676e+00     3.5617      2.797      4.056    14.1772 0.0000e+00
      2.871      0.066     0.0597      0.597     51.248  39.836154     1.4783      7.687    61.9984 2.7998e+00     3.4991      2.815      4.083    14.1007 0.0000e+00
      2.889      0.064     0.0594      0.614     51.848  40.228901     1.5008      7.674    60.4106 2.7502e+00     3.4763      2.834      4.111    14.0459 0.0000e+00
      2.904      0.062     0.0619      0.605     52.487  40.670163     1.5142      7.660    59.1030 2.7027e+00     3.4567      2.849      4.133    14.0079 0.0000e+00
      2.916      0.058     0.0590      0.593     53.031  41.048565     1.5072      7.648    57.4591 2.6452e+00     3.3995      2.859      4.147    13.9482 0.0000e+00
      2.931      0.052     0.0608      0.597     53.427  41.315512     1.5238      7.636    54.7308 2.5849e+00     3.2629      2.872      4.166    13.8592 0.0000e+00
      2.948      0.046     0.0659      0.607     53.701  41.487426     1.5727      7.625    51.5832 2.5490e+00     3.0688      2.893      4.195    13.7840 0.0000e+00
      2.961      0.041     0.0623      0.616     54.158  41.795083     1.6073      7.617    48.6552 2.5350e+00     2.9659      2.907      4.215    13.7367 0.0000e+00
      2.969      0.037     0.0607      0.603     55.053  42.434602     1.6173      7.609    45.8288 2.5230e+00     2.9759      2.913      4.224    13.6992 0.0000e+00
      2.974      0.033     0.0619      0.573     55.936  43.066722     1.6274      7.600    42.9631 2.5067e+00     2.9499      2.916      4.230    13.6609 0.0000e+00
      2.980      0.032     0.0629      0.563     56.268  43.284819     1.6461      7.594    40.4204 2.4872e+00     2.9240      2.922      4.238    13.6278 0.0000e+00
      2.988      0.034     0.0652      0.568     55.909  42.978176     1.6604      7.588    38.4015 2.4675e+00     2.9704      2.930      4.249    13.5862 0.0000e+00
      2.997      0.039     0.0644      0.573     55.042  42.277115     1.6673      7.581    36.4484 2.4283e+00     2.9990      2.937      4.260    13.5351 0.0000e+00
      3.008      0.044     0.0583      0.589     54.296  41.659182     1.6551      7.574    34.3574 2.3830e+00     2.9275      2.948      4.276    13.4900 0.0000e+00
      3.021      0.049     0.0577      0.593     53.948  41.342573     1.6201      7.568    32.4790 2.3667e+00     2.8233      2.963      4.298    13.4565 0.0000e+00
      3.034      0.053     0.0608      0.588     53.632  41.049656     1.5944      7.560    30.8584 2.3532e+00     2.7988      2.975      4.315    13.4341 0.0000e+00
      3.048      0.055     0.0580      0.612     53.262  40.718096     1.5943      7.553    29.3036 2.3191e+00     2.8014      2.988      4.334    13.4049 0.0000e+00
      3.064      0.055     0.0628      0.638     52.959  40.441684     1.5938      7.544    27.7906 2.2820e+00     2.7529      3.006      4.360    13.3610 0.0000e+00
      3.079      0.054     0.0632      0.633     52.670  40.181220     1.5718      7.535    26.4176 2.2538e+00     2.6565      3.021      4.381    13.3136 0.0000e+00
      3.093      0.051     0.0590      0.614     52.369  39.915600     1.5446      7.528    25.4367 2.2242e+00     2.5582      3.033      4.398    13.2667 0.0000e+00
      3.106      0.048     0.0644      0.603     52.131  39.703682     1.5310      7.520    24.8784 2.1937e+00     2.5211      3.047      4.419    13.2194 0.0000e+00
      3.117      0.043     0.0688      0.613     52.008  39.585097     1.5405      7.513    24.3129 2.1749e+00     2.5492      3.058      4.435    13.1773 0.0000e+00
      3.127      0.038     0.0665      0.631     52.003  39.559988     1.5512      7.506    23.5040 2.1609e+00     2.5561      3.067      4.448    13.1395 0.0000e+00
      3.137      0.033     0.0643      0.617     52.143  39.653775     1.5446      7.498    22.2387 2.1490e+00     2.5022      3.077      4.462    13.1048 0.0000e+00
      3.145      0.029     0.0625      0.590     52.210  39.704252     1.5436      7.491    20.3722 2.1420e+00     2.4777      3.085      4.474    13.0761 0.0000e+00
      3.151      0.029     0.0631      0.580     51.986  39.536052     1.5724      7.484    18.5740 2.1368e+00     2.5685      3.091      4.483    13.0525 0.0000e+00
      3.155      0.033     0.0689      0.574     51.738  39.332557     1.6174      7.477    17.3605 2.1271e+00     2.7118      3.094      4.487    13.0302 0.0000e+00
      3.159      0.038     0.0653      0.565     51.709  39.273379     1.6295      7.471    16.6265 2.1075e+00     2.7743      3.097      4.491    13.0154 0.0000e+00
      3.169      0.044     0.0608      0.556     51.761  39.264460     1.6191      7.465    16.0661 2.0792e+00     2.7784      3.106      4.504    13.0193 0.0000e+00
      3.184      0.049     0.0613      0.548     51.771  39.224666     1.6168      7.459    15.4035 2.0463e+00     2.7621      3.122      4.528    13.0292 0.0000e+00
      3.202      0.054     0.0608      0.551     51.759  39.172724     1.6104      7.453    14.5515 1.9973e+00     2.7472      3.141      4.555    13.0181 0.0000e+00
      3.218      0.056     0.0592      0.558     51.773  39.143773     1.6084      7.447    13.5941 1.9450e+00     2.7688      3.158      4.580    12.9757 0.0000e+00
      3.233      0.056     0.0591      0.558     51.798  39.128271     1.6096      7.441    12.6032 1.9252e+00     2.7502      3.171      4.599    12.9235 0.0000e+00
      3.245      0.056     0.0572      0.570     51.819  39.112091     1.5997      7.435    11.4335 1.9044e+00     2.6932      3.182      4.615    12.8785 0.0000e+00
      3.258      0.057     0.0576      0.585     51.982  39.201811     1.5389      7.431    10.2057 1.8611e+00     2.5917      3.195      4.633    12.8370 0.0000e+00
      3.271      0.060     0.0605      0.586     52.279  39.388520     1.4323      7.427     9.1155 1.8246e+00     2.4456      3.206      4.650    12.7989 0.0000e+00
      3.286      0.064     0.0579      0.578     52.434  39.466809     1.3759      7.422     8.1463 1.7958e+00     2.3617      3.220      4.671    12.7659 0.0000e+00
      3.304      0.067     0.0602      0.568     52.547  39.514108     1.3645      7.417     7.3489 1.7648e+00     2.2951      3.240      4.700    12.7369 0.0000e+00
      3.324      0.068     0.0630      0.560     52.932  39.770089     1.3274      7.412     6.6160 1.7368e+00     2.1523      3.260      4.729    12.7054 0.0000e+00
      3.344      0.068     0.0624      0.559     53.477  40.151649     1.2765      7.407     5.6516 1.7145e+00     1.9669      3.281      4.758    12.6687 0.0000e+00
      3.361      0.070     0.0612      0.549     53.996  40.512203     1.2572      7.403     4.3785 1.6950e+00     1.8642      3.299      4.785    12.6312 0.0000e+00
      3.375      0.074     0.0607      0.536     54.558  40.894694     1.2611      7.399     3.1815 1.6723e+00     1.8671      3.310      4.801    12.5945 0.0000e+00
      3.389      0.078     0.0586      0.540     54.981  41.160830     1.2562      7.395     2.2787 1.6419e+00     1.8993      3.321      4.816    12.5620 0.0000e+00
      3.409      0.081     0.0604      0.549     55.003  41.129380     1.2478      7.391     1.3778 1.6158e+00     1.9453      3.340      4.843    12.5375 0.0000e+00
      3.436      0.081     0.0590      0.559     54.980  41.085252     1.2434      7.386     0.2909 1.5928e+00     1.9789      3.371      4.887    12.5148 0.0000e+00
      3.465      0.081     0.0552      0.564     55.397  41.388416     1.2443      7.381    -0.7965 1.5590e+00     1.9984      3.402      4.934    12.4809 0.0000e+00
      3.486      0.079     0.0583      0.561     56.326  42.067377     1.2341      7.376    -1.6165 1.5240e+00     1.9773      3.421      4.962    12.4278 0.0000e+00
      3.501      0.073     0.0583      0.556     57.307  42.760969     1.2022      7.371    -2.2247 1.4928e+00     1.8941      3.433      4.980    12.3768 0.0000e+00
      3.515      0.065     0.0603      0.554     57.768  43.050574     1.1840      7.366    -2.8158 1.4663e+00     1.8465      3.446      4.998    12.3537 0.0000e+00
      3.533      0.058     0.0608      0.563     57.725  42.968102     1.1891      7.362    -3.6017 1.4533e+00     1.8452      3.465      5.024    12.3547 0.0000e+00
      3.550      0.055     0.0598      0.570     57.267  42.588406     1.1968      7.359    -4.5848 1.4505e+00     1.8444      3.484      5.053    12.3511 0.0000e+00
      3.561      0.055     0.0598      0.568     56.623  42.075417     1.1946      7.354    -5.4102 1.4463e+00     1.7692      3.494      5.068    12.3121 0.0000e+00
      3.571      0.057     0.0584      0.572     56.354  41.840271     1.1876      7.348    -6.0096 1.4253e+00     1.6188      3.500      5.077    12.2552 0.0000e+00
      3.582      0.062     0.0606      0.577     56.490  41.901976     1.1863      7.343    -6.4980 1.3931e+00     1.5642      3.511      5.092    12.2111 0.0000e+00
      3.598      0.068     0.0620      0.573     56.761  42.060255     1.1870      7.337    -6.9278 1.3766e+00     1.5858      3.527      5.115    12.1798 0.0000e+00
      3.619      0.074     0.0600      0.566     57.051  42.231577     1.1801      7.332    -7.3344 1.3711e+00     1.6411      3.548      5.146    12.1517 0.0000e+00
      3.642      0.079     0.0617      0.557     57.315  42.387534     1.1609      7.327    -7.7137 1.3458e+00     1.7551      3.572      5.181    12.1207 0.0000e+00
      3.666      0.081     0.0626      0.552     57.584  42.550336     1.1377      7.322    -8.0732 1.3123e+00     1.8031      3.596      5.216    12.0860 0.0000e+00
      3.686      0.079     0.0615      0.549     57.802  42.677544     1.1241      7.317    -8.4968 1.2942e+00     1.7767      3.616      5.244    12.0475 0.0000e+00
      3.705      0.074     0.0616      0.547     57.987  42.783729     1.1303      7.312    -9.1364 1.2804e+00     1.7430      3.633      5.269    12.0080 0.0000e+00
      3.724      0.069     0.0593      0.546     58.247  42.946091     1.1462      7.308    -9.7842 1.2678e+00     1.6696      3.652      5.297    11.9732 0.0000e+00
      3.740      0.063     0.0597      0.544     58.517  43.118162     1.1492      7.304   -10.1347 1.2603e+00     1.5724      3.669      5.321    11.9434 0.0000e+00
      3.754      0.058     0.0593      0.550     58.768  43.278302     1.1419      7.302   -10.3617 1.2528e+00     1.5236      3.682      5.340    11.9141 0.0000e+00
      3.769      0.054     0.0587      0.552     59.080  43.486692     1.1418      7.301   -10.7222 1.2404e+00     1.4906      3.696      5.361    11.8868 0.0000e+00
      3.784      0.050     0.0598      0.547     59.702  43.924963     1.1474      7.298   -11.2240 1.2275e+00     1.4118      3.712      5.384    11.8629 0.0000e+00
      3.794      0.048     0.0579      0.549     60.792  44.707615     1.1516      7.295   -11.6977 1.2165e+00     1.3564      3.722      5.398    11.8386 0.0000e+00
      3.804      0.048     0.0599      0.550     61.845  45.463679     1.1418      7.293   -11.9757 1.2057e+00     1.3331      3.728      5.408    11.8165 0.0000e+00
      3.816      0.049     0.0607      0.538     62.200  45.707170     1.1120      7.290   -12.0895 1.1994e+00     1.3700      3.741      5.426    11.8001 0.0000e+00
      3.829      0.050     0.0582      0.522     62.023  45.558004     1.0915      7.287   -12.1274 1.1891e+00     1.5287      3.755      5.446    11.7849 0.0000e+00
      3.843      0.051     0.0595      0.507     61.885  45.436540     1.0944      7.284   -12.1759 1.1741e+00     1.6463      3.768      5.465    11.7684 0.0000e+00
      3.858      0.051     0.0605      0.497     61.837  45.380546     1.0959      7.282   -12.3321 1.1642e+00     1.6306      3.784      5.488    11.7532 0.0000e+00
      3.872      0.049     0.0583      0.507     61.876  45.388506     1.0844      7.280   -12.7256 1.1461e+00     1.5773      3.798      5.510    11.7395 0.0000e+00
