Data/DataNotYetUploadedToEDI/Raw_CTD/RawDownloads/070522_fcr50_S7809006.cnv
* Sea-Bird SBE19plus  Data File:
* FileName = C:\R\Reservoirs\Data\DataNotYetUploadedToEDI\Raw_CTD\RawDownloads\070522_bvr40_SBE19plus01907809_0006.hex
* Software version 2.8.0.119
* Temperature SN = 7809
* Conductivity SN = 7809
* System UpLoad Time = Jul 05 2022 16:53:06
* <ApplicationData>
* <Seaterm232>
# nquan = 15
# nvalues = 1744                        
# units = specified
# name 0 = depFM: Depth [fresh water, m]
# name 1 = dz/dtM: Descent Rate [m/s]
# name 2 = sbeox0Mg/L: Oxygen, SBE 43 [mg/l]
# name 3 = sbeox0PS: Oxygen, SBE 43 [% saturation]
# name 4 = specc: Specific Conductance [uS/cm]
# name 5 = c0uS/cm: Conductivity [uS/cm]
# name 6 = flECO-AFL: Fluorescence, WET Labs ECO-AFL/FL [mg/m^3]
# name 7 = ph: pH
# name 8 = orp: Oxidation Reduction Potential [mV]
# name 9 = par/sat/log: PAR/Logarithmic, Satlantic
# name 10 = turbWETntu0: Turbidity, WET Labs ECO [NTU]
# name 11 = prdM: Pressure, Strain Gauge [db]
# name 12 = prdE: Pressure, Strain Gauge [psi]
# name 13 = tv290C: Temperature [ITS-90, deg C]
# name 14 = flag:  0.000e+00
# span 0 =     -0.655,      9.554       
# span 1 =     -4.242,      0.225       
# span 2 =     0.0354,    11.9003       
# span 3 =      0.345,    147.981       
# span 4 =      0.223,    310.619       
# span 5 =   0.251683, 222.249122       
# span 6 =    -0.1690,     3.6296       
# span 7 =      5.347,      9.921       
# span 8 = -1240.7455,   190.4215       
# span 9 = 1.2342e-01, 2.9330e+02       
# span 10 =    -0.4361,   210.4883      
# span 11 =     -0.643,      9.370      
# span 12 =     -0.932,     13.591      
# span 13 =    10.5399,    31.3743      
# span 14 = 0.0000e+00, 0.0000e+00      
# interval = seconds: 0.25
# start_time = Jul 05 2022 10:57:09 [Instrument's time stamp, header]
# bad_flag = -9.990e-29
*END*
[from data line 1061]
      9.489      0.015     0.0750      1.784     86.434  61.639220     0.3935      6.627  -222.5158 1.2355e-01     6.9313      9.304     13.494    10.6709 0.0000e+00
      9.494      0.016     0.1019      2.057     88.712  63.256274     0.4075      6.656  -220.4300 1.2353e-01     6.9946      9.310     13.502    10.6635 0.0000e+00
      9.500      0.017     0.1309      2.297     92.344  65.842266     0.4270      6.683  -216.3124 1.2352e-01     7.4496      9.316     13.512    10.6624 0.0000e+00
      9.505      0.018     0.1639      2.522     91.910  65.533403     0.4465      6.710  -215.3199 1.2355e-01     8.1965      9.322     13.521    10.6607 0.0000e+00
      9.509      0.017     0.1999      2.703     83.379  59.449920     0.4513      6.735  -216.0870 1.2361e-01     8.5440      9.325     13.525    10.6540 0.0000e+00
      9.512      0.016     0.2304      2.822     79.937  56.990771     0.4436      6.759  -216.9839 1.2358e-01     8.5769      9.328     13.529    10.6491 0.0000e+00
      9.517      0.014     0.2548      2.902     82.027  58.474991     0.4617      6.781  -217.3889 1.2353e-01     9.0039      9.333     13.536    10.6470 0.0000e+00
      9.521      0.012     0.2822      2.934     81.234  57.906649     0.5115      6.801  -217.7138 1.2355e-01     9.8131      9.337     13.543    10.6486 0.0000e+00
      9.525      0.011     0.3040      2.924     78.062  55.642884     0.5549      6.819  -218.4168 1.2363e-01    10.4359      9.341     13.548    10.6495 0.0000e+00
      9.527      0.009     0.3141      2.905     75.519  53.828998     0.6035      6.836  -219.9522 1.2370e-01    12.1272      9.343     13.551    10.6441 0.0000e+00
      9.528      0.007     0.3248      2.894     75.763  54.001377     0.9744      6.854  -222.3400 1.2367e-01    30.2963      9.344     13.552    10.6408 0.0000e+00
      9.529      0.006     0.3287      2.905     76.988  54.871808     1.6523      6.872  -224.4011 1.2362e-01    63.7271      9.345     13.553    10.6398 0.0000e+00
      9.530      0.006     0.3246      2.932     77.652  55.340787     2.0240      6.887  -225.5137 1.2360e-01    82.0178      9.347     13.556    10.6370 0.0000e+00
      9.530      0.007     0.3234      2.962     75.183  53.578116     2.0642      6.902  -226.4139 1.2358e-01    83.7584      9.346     13.555    10.6367 0.0000e+00
      9.532      0.007     0.3205      3.009     69.358  49.423991     2.0645      6.917  -227.4564 1.2358e-01    84.1582      9.347     13.556    10.6363 0.0000e+00
      9.536      0.007     0.3221      3.090     67.387  48.014292     1.9523      6.931  -228.4823 1.2360e-01    86.5789      9.353     13.565    10.6342 0.0000e+00
      9.539      0.007     0.3267      3.197     69.632  49.608278     1.7566      6.945  -229.5253 1.2359e-01    91.0615      9.356     13.569    10.6308 0.0000e+00
      9.541      0.006     0.3284      3.302     71.670  51.056579     1.6621      6.958  -230.7747 1.2357e-01    93.4032      9.356     13.571    10.6288 0.0000e+00
      9.542      0.005     0.3332      3.379     74.255  52.897641     1.6589      6.969  -231.9736 1.2357e-01    91.9717      9.358     13.573    10.6277 0.0000e+00
      9.542      0.004     0.3421      3.436     77.895  55.494080     1.5678      6.981  -232.8354 1.2357e-01    73.8214      9.357     13.571    10.6238 0.0000e+00
      9.542      0.004     0.3560      3.504     86.949  61.949231     1.3758      6.992  -233.7097 1.2355e-01    40.5107      9.357     13.572    10.6190 0.0000e+00
      9.543      0.004     0.3685      3.583    118.185  84.212712     1.2613      7.003  -234.8012 1.2357e-01    22.3382      9.358     13.573    10.6156 0.0000e+00
      9.545      0.004     0.3774      3.640    154.918 110.405812     1.2487      7.016  -235.8801 1.2357e-01    20.9676      9.360     13.577    10.6154 0.0000e+00
      9.547      0.005     0.3810      3.666    148.068 105.554869     1.3143      7.029  -236.6874 1.2355e-01    24.0070      9.363     13.580    10.6181 0.0000e+00
      9.548      0.006     0.3889      3.651    109.763  78.271516     1.4558      7.040  -237.1626 1.2357e-01    29.8125      9.363     13.581    10.6212 0.0000e+00
      9.548      0.006     0.3999      3.559     86.775  61.876881     1.5445      7.049  -237.5821 1.2358e-01    33.0226      9.363     13.580    10.6233 0.0000e+00
      9.550      0.005     0.4058      3.369     83.551  59.560071     1.5706      7.059  -238.1463 1.2356e-01    33.6819      9.366     13.584    10.6270 0.0000e+00
      9.552      0.004     0.4084      3.092     86.027  61.310289     1.7215      7.069  -238.6496 1.2356e-01    37.4761      9.368     13.587    10.6448 0.0000e+00
      9.554      0.004     0.4090      2.758     87.575  62.404044     1.9958      7.078  -238.9355 1.2365e-01    44.3969      9.369     13.589    10.6616 0.0000e+00
      9.554      0.003     0.3998      2.457     86.022  61.292129     2.1484      7.086  -239.1077 1.2375e-01    48.2908      9.369     13.589    10.6532 0.0000e+00
      9.554      0.002     0.3772      2.243     83.403  59.422017     2.1688      7.095  -239.2696 1.2375e-01    49.7490      9.369     13.589    10.6390 0.0000e+00
      9.554      0.001     0.3474      2.115     85.803  61.125696     2.1266      7.102  -239.5161 1.2367e-01    61.8222      9.369     13.589    10.6311 0.0000e+00
      9.554      0.000     0.3050      2.092     89.905  64.044229     2.0209      7.109  -239.7647 1.2361e-01    83.8302      9.369     13.589    10.6256 0.0000e+00
      9.554 -4.796e-07     0.2683      2.169     85.351  60.800501     1.9559      7.115  -239.7798 1.2359e-01    95.7222      9.370     13.590    10.6232 0.0000e+00
      9.554      0.000     0.2479      2.313     76.746  54.670648     1.9480      7.121  -240.0433 1.2356e-01    96.0240      9.370     13.591    10.6209 0.0000e+00
      9.554      0.000     0.2302      2.491     72.405  51.575864     1.9179      7.127  -241.4027 1.2355e-01    87.4114      9.370     13.590    10.6170 0.0000e+00
      9.554     -0.001     0.2287      2.640     72.749  51.817635     1.8658      7.133  -243.6539 1.2359e-01    71.3838      9.369     13.589    10.6143 0.0000e+00
      9.554     -0.002     0.2392      2.738     76.938  54.801061     1.8425      7.139  -245.4939 1.2362e-01    62.6140      9.370     13.590    10.6156 0.0000e+00
      9.554     -0.006     0.2549      2.829     88.835  63.276234     1.8444      7.146  -246.0121 1.2360e-01    61.7193      9.370     13.590    10.6160 0.0000e+00
      9.553     -0.011     0.2789      2.942    111.851  79.671901     1.8139      7.154  -246.3917 1.2355e-01    60.5313      9.370     13.590    10.6135 0.0000e+00
      9.552     -0.017     0.2965      3.051    130.986  93.308520     1.4820      7.164  -246.8148 1.2357e-01    48.3197      9.367     13.586    10.6107 0.0000e+00
      9.548     -0.023     0.3047      3.142    139.415  99.328440     0.8941      7.175  -246.0506 1.2359e-01    25.9763      9.364     13.582    10.6105 0.0000e+00
      9.540     -0.028     0.3124      3.197    161.995 115.450881     0.5825      7.186  -245.4125 1.2353e-01    13.7810      9.358     13.573    10.6117 0.0000e+00
      9.528     -0.032     0.3283      3.177    198.195 141.319601     0.5522      7.196  -245.0361 1.2350e-01    12.5680      9.344     13.552    10.6123 0.0000e+00
      9.518     -0.034     0.3398      3.066    224.661 160.303303     0.5029      7.206  -243.9949 1.2355e-01    11.4136      9.333     13.535    10.6134 0.0000e+00
      9.509     -0.034     0.3503      2.854    244.783 174.774124     0.4195      7.215  -244.1808 1.2360e-01     9.4905      9.326     13.526    10.6197 0.0000e+00
      9.500     -0.031     0.3590      2.545    261.208 186.577800     0.3763      7.224  -245.3908 1.2362e-01     8.5140      9.317     13.512    10.6263 0.0000e+00
      9.493     -0.026     0.3563      2.166    272.086 194.403675     0.3880      7.232  -245.7184 1.2357e-01     9.0682      9.308     13.501    10.6419 0.0000e+00
      9.486     -0.020     0.3447      1.763    280.650 200.576438     0.5859      7.240  -245.2169 1.2351e-01    16.1232      9.302     13.492    10.6747 0.0000e+00
      9.480     -0.015     0.3204      1.378    289.759 207.137936     0.9537      7.248  -244.8337 1.2346e-01    29.0490      9.296     13.483    10.6997 0.0000e+00
      9.477     -0.010     0.2853      1.033    301.094 215.289427     1.1566      7.256  -245.3009 1.2349e-01    36.0937      9.291     13.477    10.7129 0.0000e+00
      9.478     -0.010     0.2410      0.757    308.330 220.522236     1.2003      7.264  -245.1877 1.2355e-01    37.0467      9.294     13.480    10.7217 0.0000e+00
      9.480     -0.013     0.1942      0.566    310.619 222.235826     1.4821      7.271  -244.0672 1.2358e-01    40.6391      9.298     13.485    10.7314 0.0000e+00
      9.480     -0.019     0.1515      0.433    310.524 222.249122     1.9998      7.276  -243.8841 1.2360e-01    47.1126      9.299     13.488    10.7416 0.0000e+00
      9.474     -0.026     0.1121      0.357    298.762 213.898833     2.2831      7.281  -244.3507 1.2357e-01    50.5842      9.294     13.480    10.7473 0.0000e+00
      9.463     -0.033     0.0796      0.345    250.549 179.419335     2.3195      7.285  -244.5463 1.2352e-01    50.3672      9.280     13.460    10.7566 0.0000e+00
      9.449     -0.041     0.0612      0.347    175.378 125.596515     2.4149      7.289  -244.8725 1.2350e-01    44.5234      9.265     13.438    10.7704 0.0000e+00
      9.437     -0.051     0.0463      0.349    119.058  85.247196     2.5627      7.292  -245.0249 1.2350e-01    33.7294      9.253     13.421    10.7841 0.0000e+00
      9.427     -0.062     0.0354      0.368     95.048  68.016956     2.6323      7.296  -245.5287 1.2347e-01    27.8689      9.245     13.408    10.7965 0.0000e+00
      9.417     -0.069     0.0388      0.395     89.703  64.137409     2.6653      7.299  -246.8345 1.2347e-01    27.7730      9.238     13.398    10.8061 0.0000e+00
      9.399     -0.068     0.0387      0.436     96.818  69.159782     2.9289      7.303  -247.7350 1.2355e-01    32.7751      9.223     13.378    10.8076 0.0000e+00
      9.369     -0.058     0.0373      0.527    131.218  93.661996     3.3893      7.307  -248.0709 1.2363e-01    42.0291      9.190     13.329    10.7992 0.0000e+00
      9.338     -0.044     0.0409      0.697    153.716 109.696113     3.6296      7.310  -248.6585 1.2361e-01    47.0900      9.148     13.269    10.7807 0.0000e+00
      9.324     -0.030     0.0436      0.945    121.551  86.747086     3.6198      7.314  -251.2261 1.2358e-01    48.1929      9.133     13.246    10.7475 0.0000e+00
      9.333     -0.023     0.0466      1.238     89.890  64.155805     3.3547      7.317  -254.5081 1.2359e-01    55.7045      9.152     13.272    10.7140 0.0000e+00
      9.349     -0.036     0.0549      1.513     83.966  59.914063     2.8703      7.319  -254.3558 1.2358e-01    69.3890      9.172     13.303    10.6876 0.0000e+00
      9.356     -0.077     0.0743      1.718     79.266  56.542621     2.6155      7.320  -252.3105 1.2356e-01    76.8422      9.179     13.312    10.6745 0.0000e+00
      9.347     -0.146     0.1027      1.834     74.104  52.848118     2.6133      7.322  -250.5997 1.2359e-01    77.4682      9.176     13.308    10.6851 0.0000e+00
      9.312     -0.226     0.1386      1.903     70.158  50.029993     2.6104      7.325  -247.7811 1.2364e-01    76.8551      9.148     13.269    10.6889 0.0000e+00
      9.235     -0.292     0.1707      1.969     66.662  47.536480     2.5729      7.331  -246.3661 1.2367e-01    75.6129      9.070     13.156    10.6755 0.0000e+00
      9.121     -0.321     0.1952      2.029     64.051  45.670145     2.5414      7.347  -249.2360 1.2365e-01    74.9512      8.948     12.977    10.6611 0.0000e+00
      8.994     -0.308     0.2057      2.103     63.269  45.102783     2.5458      7.379  -253.6575 1.2361e-01    74.8323      8.816     12.786    10.6522 0.0000e+00
      8.881     -0.258     0.2104      2.219     64.466  45.942494     2.6258      7.422  -256.8924 1.2356e-01    73.6288      8.692     12.606    10.6517 0.0000e+00
      8.814     -0.186     0.2199      2.384     65.708  46.813904     2.7601      7.463  -256.3422 1.2350e-01    71.4322      8.619     12.500    10.6533 0.0000e+00
      8.804     -0.105     0.2250      2.589     66.266  47.200723     2.8291      7.503  -251.1342 1.2351e-01    70.2725      8.623     12.508    10.6503 0.0000e+00
      8.823     -0.031     0.2317      2.794     66.801  47.573940     2.8284      7.541  -244.8587 1.2359e-01    70.1622      8.657     12.557    10.6421 0.0000e+00
      8.837      0.019     0.2449      2.956     67.001  47.709747     2.8180      7.573  -238.1127 1.2363e-01    70.3042      8.672     12.578    10.6304 0.0000e+00
      8.840      0.029     0.2634      3.071     66.195  47.129556     2.8198      7.593  -231.6887 1.2360e-01    72.8086      8.665     12.568    10.6191 0.0000e+00
      8.852     -0.004     0.2878      3.146     65.173  46.396234     2.8334      7.607  -228.5327 1.2360e-01    77.5215      8.673     12.579    10.6110 0.0000e+00
      8.874     -0.065     0.3130      3.158     64.817  46.139828     2.8330      7.617  -226.7986 1.2362e-01    80.0791      8.708     12.630    10.6057 0.0000e+00
      8.878     -0.137     0.3311      3.123     64.525  45.932807     2.8231      7.625  -224.4018 1.2362e-01    80.0593      8.726     12.654    10.6010 0.0000e+00
      8.837     -0.198     0.3426      3.084     63.614  45.288931     2.7893      7.639  -221.4067 1.2361e-01    77.7271      8.685     12.596    10.5958 0.0000e+00
      8.749     -0.227     0.3533      3.049     62.779  44.699146     2.7236      7.663  -217.8598 1.2360e-01    73.4695      8.589     12.459    10.5915 0.0000e+00
      8.634     -0.211     0.3539      3.011     63.403  45.146068     2.6861      7.688  -214.7282 1.2361e-01    71.1430      8.467     12.281    10.5887 0.0000e+00
      8.527     -0.159     0.3467      2.976     65.133  46.378354     2.6768      7.703  -211.8488 1.2363e-01    70.7427      8.343     12.102    10.5892 0.0000e+00
      8.476     -0.098     0.3435      2.947     65.792  46.846176     2.6702      7.707  -208.4274 1.2368e-01    69.0737      8.276     12.004    10.5936 0.0000e+00
      8.507     -0.053     0.3396      2.925     64.310  45.790314     2.6893      7.705  -205.1086 1.2369e-01    66.2331      8.323     12.072    10.5990 0.0000e+00
      8.582     -0.031     0.3349      2.930     61.910  44.080370     2.7158      7.704  -202.4380 1.2366e-01    64.7492      8.431     12.228    10.6013 0.0000e+00
      8.624     -0.020     0.3309      2.964     60.103  42.793340     2.7238      7.707  -200.0559 1.2359e-01    64.4195      8.490     12.313    10.6005 0.0000e+00
      8.590     -0.012     0.3279      2.988     59.030  42.028580     2.7034      7.712  -197.7303 1.2351e-01    62.2130      8.446     12.251    10.5994 0.0000e+00
      8.505     -0.006     0.3247      2.999     57.750  41.113764     2.6690      7.717  -195.5715 1.2356e-01    58.2243      8.329     12.079    10.5986 0.0000e+00
      8.447      0.003     0.3237      3.022     56.698  40.358785     2.6659      7.720  -193.2266 1.2363e-01    56.0562      8.246     11.961    10.5974 0.0000e+00
      8.472      0.015     0.3311      3.048     57.099  40.638485     2.6822      7.719  -190.9737 1.2358e-01    55.9479      8.284     12.014    10.5975 0.0000e+00
      8.552      0.021     0.3335      3.076     57.713  41.070618     2.7659      7.716  -189.4978 1.2354e-01    56.5393      8.395     12.175    10.5975 0.0000e+00
      8.619      0.007     0.3320      3.120     57.639  41.016944     2.9210      7.712  -188.2018 1.2356e-01    57.5703      8.478     12.296    10.5947 0.0000e+00
