Data/DataNotYetUploadedToEDI/Raw_CTD/RawDownloads/070522_bvr50_S7809005.cnv
* Sea-Bird SBE19plus  Data File:
* FileName = C:\R\Reservoirs\Data\DataNotYetUploadedToEDI\Raw_CTD\RawDownloads\070522_bvr40_SBE19plus01907809_0005.hex
* Software version 2.8.0.119
* Temperature SN = 7809
* Conductivity SN = 7809
* System UpLoad Time = Jul 05 2022 16:52:21
* <ApplicationData>
* <Seaterm232>
# nquan = 15
# nvalues = 988                         
# units = specified
# name 0 = depFM: Depth [fresh water, m]
# name 1 = dz/dtM: Descent Rate [m/s]
# name 2 = sbeox0Mg/L: Oxygen, SBE 43 [mg/l]
# name 3 = sbeox0PS: Oxygen, SBE 43 [% saturation]
# name 4 = specc: Specific Conductance [uS/cm]
# name 5 = c0uS/cm: Conductivity [uS/cm]
# name 6 = flECO-AFL: Fluorescence, WET Labs ECO-AFL/FL [mg/m^3]
# name 7 = ph: pH
# name 8 = orp: Oxidation Reduction Potential [mV]
# name 9 = par/sat/log: PAR/Logarithmic, Satlantic
# name 10 = turbWETntu0: Turbidity, WET Labs ECO [NTU]
# name 11 = prdM: Pressure, Strain Gauge [db]
# name 12 = prdE: Pressure, Strain Gauge [psi]
# name 13 = tv290C: Temperature [ITS-90, deg C]
# name 14 = flag:  0.000e+00
# span 0 =     -0.718,      7.668       
# span 1 =     -0.426,      0.257       
# span 2 =     0.0259,     7.2306       
# span 3 =      0.284,     92.539       
# span 4 =      4.941,    211.494       
# span 5 =   4.896356, 146.241219       
# span 6 =    -2.0516,     4.6237       
# span 7 =      6.092,      9.440       
# span 8 =   -97.5782,   936.4744       
# span 9 = 1.2341e-01, 2.2247e+03       
# span 10 =    -0.3786,    27.9631      
# span 11 =     -0.705,      7.520      
# span 12 =     -1.023,     10.907      
# span 13 =     9.5662,    31.7742      
# span 14 = 0.0000e+00, 0.0000e+00      
# interval = seconds: 0.25
# start_time = Jul 05 2022 09:14:06 [Instrument's time stamp, header]
# bad_flag = -9.990e-29
*END*
[from data line 675]
      6.669     -0.178     0.0525      0.505    102.724  71.542427     1.0823      7.108   -88.6149 1.2352e-01     9.6186      6.496      9.421     9.7954 0.0000e+00
      6.630     -0.153     0.0543      0.511    102.657  71.479446     1.0733      7.108   -88.5153 1.2353e-01     9.4646      6.468      9.380     9.8186 0.0000e+00
      6.678     -0.127     0.0517      0.486    102.416  71.307120     1.0623      7.106   -88.3526 1.2356e-01     9.1661      6.545      9.492     9.8331 0.0000e+00
      6.738     -0.095     0.0519      0.468    102.206  71.174047     1.0585      7.105   -88.5409 1.2357e-01     9.0509      6.636      9.626     9.8298 0.0000e+00
      6.726     -0.065     0.0590      0.465    102.134  71.140992     1.0604      7.105   -88.9846 1.2353e-01     9.0959      6.637      9.625     9.8205 0.0000e+00
      6.631     -0.050     0.0597      0.460    102.158  71.161575     1.0529      7.106   -89.4159 1.2359e-01     8.9924      6.502      9.431     9.8098 0.0000e+00
      6.536     -0.053     0.0539      0.454    102.185  71.168812     1.0254      7.107   -89.6259 1.2362e-01     8.7224      6.368      9.235     9.8059 0.0000e+00
      6.529     -0.065     0.0523      0.461    102.107  71.101437     1.0107      7.107   -89.4593 1.2356e-01     8.5640      6.371      9.241     9.8161 0.0000e+00
      6.595     -0.070     0.0531      0.471    101.841  70.918662     1.0170      7.104   -89.2086 1.2353e-01     8.5120      6.473      9.388     9.8283 0.0000e+00
      6.652     -0.061     0.0524      0.476    101.552  70.737589     1.0186      7.103   -89.2620 1.2355e-01     7.9911      6.558      9.511     9.8298 0.0000e+00
      6.630     -0.055     0.0506      0.482    101.547  70.754321     1.0213      7.104   -89.5878 1.2360e-01     7.0476      6.535      9.479     9.8220 0.0000e+00
      6.535     -0.061     0.0519      0.477    101.789  70.930401     1.0247      7.104   -89.7922 1.2360e-01     6.5326      6.400      9.283     9.8112 0.0000e+00
      6.454     -0.065     0.0545      0.468    101.930  71.024366     1.0264      7.104   -89.7548 1.2355e-01     6.4780      6.293      9.128     9.8120 0.0000e+00
      6.447     -0.048     0.0526      0.469    101.909  71.001104     1.0080      7.105   -89.7374 1.2356e-01     6.4218      6.305      9.143     9.8261 0.0000e+00
      6.488     -0.009     0.0560      0.469    101.868  70.966755     0.9686      7.107   -89.6686 1.2358e-01     6.2978      6.367      9.236     9.8388 0.0000e+00
      6.525      0.029     0.0543      0.459    101.723  70.863150     0.9494      7.107   -89.4394 1.2354e-01     6.2085      6.410      9.298     9.8420 0.0000e+00
      6.535      0.039     0.0520      0.449    101.400  70.637763     0.9508      7.107   -89.2893 1.2355e-01     6.1958      6.413      9.301     9.8376 0.0000e+00
      6.534      0.020     0.0536      0.450    101.052  70.401420     0.9690      7.107   -89.3156 1.2356e-01     6.2121      6.405      9.291     9.8323 0.0000e+00
      6.533     -0.007     0.0536      0.452    100.876  70.292384     1.0035      7.107   -89.3273 1.2348e-01     6.2349      6.408      9.295     9.8299 0.0000e+00
      6.529     -0.023     0.0526      0.457    100.916  70.335788     1.0180      7.107   -89.2578 1.2344e-01     6.2328      6.407      9.293     9.8290 0.0000e+00
      6.516     -0.026     0.0493      0.455    101.020  70.418049     1.0111      7.106   -89.1648 1.2350e-01     6.1863      6.392      9.271     9.8279 0.0000e+00
      6.500     -0.020     0.0520      0.445    101.077  70.461215     1.0032      7.106   -89.0624 1.2351e-01     6.1507      6.370      9.239     9.8305 0.0000e+00
      6.490     -0.010     0.0500      0.450    101.102  70.476571     0.9892      7.106   -88.9674 1.2348e-01     5.9732      6.359      9.224     9.8387 0.0000e+00
      6.490      0.002     0.0524      0.470    101.112  70.476675     0.9754      7.106   -88.9628 1.2349e-01     5.6119      6.364      9.230     9.8476 0.0000e+00
      6.497      0.013     0.0525      0.487    101.102  70.462465     0.9691      7.105   -89.1781 1.2353e-01     5.4035      6.370      9.239     9.8525 0.0000e+00
      6.508      0.018     0.0491      0.481    101.062  70.431795     0.9631      7.105   -89.4191 1.2353e-01     5.3317      6.380      9.253     9.8538 0.0000e+00
      6.521      0.013     0.0504      0.466    100.956  70.359935     0.9525      7.105   -89.6403 1.2352e-01     5.0512      6.399      9.281     9.8532 0.0000e+00
      6.527     -0.007     0.0530      0.459    100.669  70.165314     0.9496      7.105   -89.9597 1.2353e-01     4.6083      6.405      9.290     9.8486 0.0000e+00
      6.523     -0.042     0.0568      0.449    100.304  69.920791     0.9529      7.104   -90.0976 1.2357e-01     4.3831      6.396      9.277     9.8433 0.0000e+00
      6.517     -0.088     0.0549      0.446    100.127  69.817266     0.9515      7.103   -89.9307 1.2357e-01     4.3777      6.394      9.274     9.8424 0.0000e+00
      6.500     -0.138     0.0519      0.451    100.058  69.802924     0.9574      7.103   -89.6622 1.2353e-01     4.3717      6.386      9.262     9.8443 0.0000e+00
      6.456     -0.184     0.0526      0.437     99.829  69.683903     0.9655      7.103   -89.5190 1.2356e-01     4.3460      6.340      9.197     9.8467 0.0000e+00
      6.387     -0.222     0.0507      0.414     99.367  69.394567     0.9577      7.101   -89.4891 1.2361e-01     4.3396      6.264      9.085     9.8507 0.0000e+00
      6.311     -0.248     0.0490      0.413     98.824  69.035965     0.9379      7.100   -89.4726 1.2357e-01     4.3623      6.187      8.974     9.8591 0.0000e+00
      6.239     -0.256     0.0526      0.429     98.528  68.841636     0.9352      7.100   -89.4063 1.2350e-01     4.3818      6.118      8.874     9.8769 0.0000e+00
      6.169     -0.243     0.0502      0.449     98.581  68.887001     0.9493      7.101   -89.2028 1.2346e-01     4.4049      6.049      8.775     9.9012 0.0000e+00
      6.102     -0.215     0.0452      0.475     98.665  68.949311     0.9591      7.103   -89.0781 1.2351e-01     4.4367      5.980      8.673     9.9185 0.0000e+00
      6.046     -0.180     0.0458      0.488     98.500  68.832811     0.9616      7.103   -89.1036 1.2355e-01     4.4242      5.924      8.591     9.9274 0.0000e+00
      6.005     -0.142     0.0489      0.481     98.110  68.558198     0.9545      7.103   -89.0805 1.2350e-01     4.3228      5.885      8.535     9.9331 0.0000e+00
      5.978     -0.103     0.0497      0.476     97.554  68.169668     0.9488      7.103   -89.1431 1.2349e-01     4.1661      5.860      8.498     9.9376 0.0000e+00
      5.961     -0.067     0.0542      0.468     96.955  67.755540     0.9505      7.104   -89.3439 1.2349e-01     4.1010      5.843      8.475     9.9396 0.0000e+00
      5.952     -0.037     0.0568      0.452     96.563  67.488936     0.9495      7.105   -89.4428 1.2348e-01     4.1172      5.834      8.461     9.9378 0.0000e+00
      5.949     -0.016     0.0535      0.447     96.367  67.359731     0.9365      7.105   -89.3070 1.2352e-01     3.8833      5.832      8.458     9.9364 0.0000e+00
      5.950     -0.003     0.0538      0.446     96.232  67.273075     0.9099      7.104   -89.1648 1.2355e-01     3.4248      5.833      8.460     9.9368 0.0000e+00
      5.956      0.003     0.0540      0.437     96.122  67.203350     0.8859      7.104   -89.3573 1.2354e-01     3.1848      5.840      8.470     9.9384 0.0000e+00
      5.961     -0.000     0.0496      0.434     96.131  67.215333     0.8797      7.104   -89.6561 1.2352e-01     3.1684      5.849      8.483     9.9428 0.0000e+00
      5.962     -0.015     0.0506      0.432     96.324  67.354460     0.8845      7.103   -89.7665 1.2353e-01     3.1583      5.847      8.481     9.9475 0.0000e+00
      5.960     -0.039     0.0512      0.427     96.602  67.551763     0.8940      7.103   -89.8315 1.2354e-01     3.1640      5.843      8.475     9.9518 0.0000e+00
      5.955     -0.069     0.0484      0.429     96.897  67.759023     0.9031      7.104   -89.9257 1.2354e-01     3.1693      5.845      8.477     9.9553 0.0000e+00
      5.937     -0.099     0.0492      0.428     97.084  67.891498     0.9027      7.105   -89.9589 1.2355e-01     3.1539      5.830      8.457     9.9580 0.0000e+00
      5.901     -0.125     0.0489      0.417     97.154  67.946736     0.8983      7.105   -89.8899 1.2362e-01     3.1489      5.790      8.398     9.9608 0.0000e+00
      5.854     -0.147     0.0477      0.412     97.190  67.982308     0.8918      7.105   -89.8651 1.2472e-01     3.0749      5.739      8.324     9.9619 0.0000e+00
      5.808     -0.163     0.0484      0.415     97.019  67.877007     0.8899      7.105   -90.0029 1.2578e-01     2.9765      5.693      8.257     9.9618 0.0000e+00
      5.767     -0.168     0.0495      0.424     96.728  67.689785     0.9013      7.106   -90.1790 1.2523e-01     2.9501      5.656      8.203     9.9622 0.0000e+00
      5.724     -0.163     0.0463      0.443     96.608  67.624081     0.9043      7.107   -90.3600 1.2965e-01     2.9605      5.616      8.145     9.9650 0.0000e+00
      5.679     -0.153     0.0460      0.451     96.451  67.527209     0.8932      7.107   -90.5565 1.4370e-01     2.9990      5.568      8.076     9.9711 0.0000e+00
      5.635     -0.144     0.0472      0.444     96.176  67.344198     0.8830      7.107   -90.6610 1.6275e-01     3.0402      5.521      8.008     9.9785 0.0000e+00
      5.600     -0.135     0.0466      0.450     96.124  67.316714     0.8733      7.108   -90.6783 1.7400e-01     3.0828      5.488      7.960     9.9870 0.0000e+00
      5.575     -0.126     0.0509      0.465     96.300  67.448978     0.8752      7.109   -90.6802 1.8210e-01     3.1393      5.469      7.931     9.9978 0.0000e+00
      5.548     -0.116     0.0520      0.458     96.433  67.546117     0.8896      7.109   -90.7700 1.9168e-01     3.1078      5.444      7.895    10.0049 0.0000e+00
      5.518     -0.108     0.0491      0.435     96.424  67.538514     0.8966      7.109   -91.0745 1.9362e-01     3.0091      5.411      7.848    10.0074 0.0000e+00
      5.487     -0.102     0.0502      0.420     96.259  67.420561     0.8944      7.110   -91.4368 2.0471e-01     2.9713      5.380      7.803    10.0131 0.0000e+00
      5.458     -0.098     0.0541      0.415     96.034  67.263189     0.8880      7.112   -91.5377 2.2090e-01     2.9243      5.350      7.761    10.0194 0.0000e+00
      5.436     -0.093     0.0525      0.423     95.973  67.223569     0.8860      7.112   -91.5193 2.2275e-01     2.8161      5.328      7.728    10.0209 0.0000e+00
      5.418     -0.088     0.0478      0.438     95.927  67.195591     0.8940      7.112   -91.6444 2.2831e-01     2.7558      5.316      7.709    10.0195 0.0000e+00
      5.398     -0.084     0.0477      0.446     95.717  67.051934     0.9015      7.113   -91.7597 2.4896e-01     2.7764      5.295      7.679    10.0177 0.0000e+00
      5.375     -0.081     0.0457      0.443     95.468  66.883884     0.8938      7.114   -91.7948 2.7605e-01     2.7571      5.270      7.643    10.0171 0.0000e+00
      5.353     -0.081     0.0476      0.429     95.078  66.624494     0.8762      7.115   -91.8115 2.9383e-01     2.6591      5.251      7.615    10.0196 0.0000e+00
      5.332     -0.084     0.0497      0.426     94.268  66.075059     0.8714      7.115   -91.8755 2.8331e-01     2.5484      5.227      7.580    10.0225 0.0000e+00
      5.313     -0.089     0.0506      0.437     93.339  65.448491     0.8858      7.115   -92.1388 2.7111e-01     2.5124      5.208      7.555    10.0232 0.0000e+00
      5.296     -0.095     0.0509      0.439     92.862  65.145528     0.9006      7.115   -92.4989 2.9116e-01     2.5644      5.197      7.539    10.0256 0.0000e+00
      5.273     -0.101     0.0476      0.429     92.812  65.142812     0.8926      7.116   -92.6154 3.1674e-01     2.5290      5.175      7.506    10.0335 0.0000e+00
      5.241     -0.109     0.0470      0.425     92.984  65.288677     0.8554      7.118   -92.6018 3.2688e-01     2.3579      5.140      7.455    10.0431 0.0000e+00
      5.207     -0.116     0.0497      0.420     93.187  65.448543     0.8178      7.119   -92.7646 3.4035e-01     2.2369      5.104      7.403    10.0550 0.0000e+00
      5.176     -0.119     0.0507      0.420     93.226  65.488095     0.8043      7.119   -92.9497 3.5363e-01     2.2276      5.075      7.361    10.0736 0.0000e+00
      5.147     -0.115     0.0471      0.426     93.160  65.449381     0.8081      7.120   -93.0321 3.6418e-01     2.2453      5.050      7.324    10.0936 0.0000e+00
      5.114     -0.107     0.0485      0.419     93.118  65.425014     0.8385      7.121   -92.9866 3.8040e-01     2.3149      5.016      7.275    10.1069 0.0000e+00
      5.084     -0.101     0.0474      0.417     93.138  65.447499     0.8797      7.121   -92.8297 3.8440e-01     2.4204      4.981      7.224    10.1148 0.0000e+00
      5.062     -0.096     0.0460      0.435     93.147  65.467232     0.8905      7.122   -92.7704 3.8355e-01     2.4610      4.963      7.197    10.1218 0.0000e+00
      5.044     -0.091     0.0498      0.443     93.042  65.409589     0.8864      7.124   -92.7859 4.1201e-01     2.4649      4.949      7.177    10.1252 0.0000e+00
      5.024     -0.083     0.0464      0.434     92.988  65.385630     0.8882      7.124   -92.8446 4.4904e-01     2.5013      4.929      7.148    10.1271 0.0000e+00
      4.999     -0.076     0.0455      0.436     93.142  65.495095     0.8955      7.124   -92.9632 4.5590e-01     2.5929      4.903      7.111    10.1312 0.0000e+00
      4.974     -0.074     0.0495      0.452     93.292  65.589996     0.9082      7.124   -93.0159 4.5365e-01     2.6513      4.873      7.069    10.1386 0.0000e+00
      4.956     -0.074     0.0513      0.457     93.366  65.643970     0.9162      7.125   -93.1381 4.5692e-01     2.6266      4.855      7.042    10.1484 0.0000e+00
      4.947     -0.073     0.0477      0.444     93.396  65.703140     0.9098      7.125   -93.4086 4.5679e-01     2.6352      4.855      7.041    10.1582 0.0000e+00
      4.935     -0.072     0.0480      0.430     93.357  65.733884     0.8977      7.125   -93.7041 4.7199e-01     2.6872      4.845      7.027    10.1605 0.0000e+00
      4.911     -0.071     0.0518      0.432     93.336  65.761725     0.8947      7.125   -93.9581 4.9804e-01     2.7088      4.817      6.987    10.1482 0.0000e+00
      4.885     -0.073     0.0519      0.431     93.434  65.849280     0.8983      7.125   -94.0706 5.0531e-01     2.7253      4.788      6.944    10.1427 0.0000e+00
      4.865     -0.081     0.0506      0.422     93.487  65.903418     0.9073      7.124   -94.0317 5.0421e-01     2.6823      4.768      6.916    10.1674 0.0000e+00
      4.851     -0.090     0.0465      0.433     93.264  65.781225     0.9131      7.124   -94.0038 5.1503e-01     2.5642      4.757      6.898    10.2077 0.0000e+00
      4.836     -0.098     0.0492      0.448     92.994  65.642063     0.9015      7.124   -94.0781 5.3453e-01     2.4930      4.747      6.883    10.2325 0.0000e+00
      4.811     -0.106     0.0493      0.439     92.882  65.618057     0.8825      7.124   -94.1556 5.5809e-01     2.4709      4.724      6.851    10.2361 0.0000e+00
      4.775     -0.112     0.0457      0.417     92.903  65.681542     0.8759      7.124   -94.1662 5.8461e-01     2.4338      4.683      6.793    10.2399 0.0000e+00
      4.736     -0.115     0.0484      0.402     93.084  65.838141     0.8877      7.124   -94.1199 6.0244e-01     2.3856      4.642      6.731    10.2605 0.0000e+00
      4.702     -0.111     0.0515      0.393     93.289  65.987322     0.9006      7.124   -94.0257 6.0856e-01     2.3661      4.610      6.686    10.2910 0.0000e+00
      4.675     -0.098     0.0498      0.392     93.351  66.024588     0.8989      7.125   -93.9746 6.1939e-01     2.3349      4.583      6.649    10.3220 0.0000e+00
