Data/DataNotYetUploadedToEDI/Raw_CTD/RawDownloads/070623_fcr50_S8188001.cnv
* Sea-Bird SBE19plus  Data File:
* FileName = C:\R\Reservoirs\Data\DataNotYetUploadedToEDI\Raw_CTD\RawDownloads\073123_fcr50_S8188_0001.hex
* Software version 2.8.0.119
* Temperature SN = 8188
* Conductivity SN = 8188
* System UpLoad Time = Aug 02 2023 16:14:11
* <ApplicationData>
* <Seaterm232>
# nquan = 16
# nvalues = 1888                        
# units = specified
# name 0 = depFM: Depth [fresh water, m]
# name 1 = dz/dtM: Descent Rate [m/s]
# name 2 = sbeox0Mg/L: Oxygen, SBE 43 [mg/l]
# name 3 = sbeox0PS: Oxygen, SBE 43 [% saturation]
# name 4 = specc: Specific Conductance [uS/cm]
# name 5 = c0uS/cm: Conductivity [uS/cm]
# name 6 = wetCDOM: Fluorescence, WET Labs CDOM [mg/m^3]
# name 7 = flECO-AFL: Fluorescence, WET Labs ECO-AFL/FL [mg/m^3]
# name 8 = flECO-AFL1: Fluorescence, WET Labs ECO-AFL/FL, 2 [mg/m^3]
# name 9 = flECO-AFL2: Fluorescence, WET Labs ECO-AFL/FL, 3 [mg/m^3]
# name 10 = par/sat/log: PAR/Logarithmic, Satlantic
# name 11 = turbWETntu0: Turbidity, WET Labs ECO [NTU]
# name 12 = prdM: Pressure, Strain Gauge [db]
# name 13 = prdE: Pressure, Strain Gauge [psi]
# name 14 = tv290C: Temperature [ITS-90, deg C]
# name 15 = flag:  0.000e+00
# span 0 =     -0.674,      9.487       
# span 1 =     -0.300,      0.168       
# span 2 =    -0.7229,    12.1296       
# span 3 =     -8.029,    149.438       
# span 4 =      0.129,    338.749       
# span 5 =   0.149046, 241.799730       
# span 6 =    -6.5700,    12.9600       
# span 7 =    -2.9422,   245.2458       
# span 8 =    -4.0470,     4.1748       
# span 9 =    -6.5142,    16.5393       
# span 10 = 1.1572e-01, 1.8124e+03      
# span 11 =    -9.9224,   966.4803      
# span 12 =     -0.661,      9.303      
# span 13 =     -0.958,     13.493      
# span 14 =    10.6783,    32.4972      
# span 15 = 0.0000e+00, 0.0000e+00      
# interval = seconds: 0.25
# start_time = Jul 06 2023 14:18:12 [Instrument's time stamp, header]
# bad_flag = -9.990e-29
*END*
[from data line 1176]
      5.020      0.023     8.6723     78.088     45.771  32.764468     3.5100     0.1019     0.0852     0.1692 6.0175e-01     4.9123      4.923      7.141    10.7926 0.0000e+00
      5.026      0.025     8.6654     78.082     45.775  32.764866     3.5100     0.0791     0.0852     0.1692 5.7854e-01     4.8522      4.929      7.149    10.7921 0.0000e+00
      5.033      0.028     8.6592     78.100     45.776  32.763645     3.5100     0.0714     0.0852     0.1692 5.5430e-01     4.7921      4.936      7.159    10.7915 0.0000e+00
      5.041      0.029     8.6545     78.145     45.774  32.760479     3.5100     0.1210     0.0852     0.1692 5.6291e-01     5.1077      4.943      7.170    10.7905 0.0000e+00
      5.049      0.031     8.6520     78.211     45.768  32.754523     3.5100     0.0867     0.0852     0.1269 5.2865e-01     5.0776      4.951      7.182    10.7889 0.0000e+00
      5.058      0.031     8.6518     78.289     45.758  32.746171     3.5100     0.0867     0.0852     0.1269 5.2067e-01     5.0025      4.960      7.194    10.7869 0.0000e+00
      5.066      0.032     8.6543     78.365     45.752  32.741115     3.5100     0.0943     0.0852     0.1269 5.3909e-01     5.1378      4.968      7.206    10.7846 0.0000e+00
      5.074      0.032     8.6597     78.426     45.754  32.741967     3.5100     0.1134     0.0852     0.1269 5.1527e-01     4.7921      4.976      7.217    10.7825 0.0000e+00
      5.082      0.032     8.6674     78.467     45.757  32.743015     3.6000     0.0905     0.0852     0.1269 5.3072e-01     4.9123      4.984      7.228    10.7807 0.0000e+00
      5.090      0.034     8.6763     78.487     45.757  32.742558     3.6000     0.0829     0.0852     0.1269 5.2499e-01     4.8221      4.991      7.239    10.7793 0.0000e+00
      5.098      0.036     8.6849     78.492     45.757  32.742453     3.6000     0.0791     0.0852     0.1269 5.0332e-01     4.8823      4.999      7.251    10.7783 0.0000e+00
      5.107      0.038     8.6918     78.497     45.758  32.742673     3.6000     0.0142     0.0852     0.1269 4.9723e-01     4.8221      5.008      7.264    10.7775 0.0000e+00
      5.117      0.041     8.6965     78.508     45.760  32.743277     3.6000     0.0142     0.0852     0.1269 4.5248e-01     4.8823      5.018      7.278    10.7769 0.0000e+00
      5.128      0.043     8.6989     78.524     45.762  32.744424     3.5100     0.0257     0.0852     0.1692 5.1426e-01     4.8221      5.029      7.294    10.7763 0.0000e+00
      5.141      0.044     8.6996     78.546     45.765  32.746422     3.5100     0.0447     0.0852     0.1692 4.7681e-01     4.8221      5.041      7.312    10.7758 0.0000e+00
      5.153      0.043     8.7002     78.570     45.769  32.749804     3.5100     0.0295     0.0852     0.1692 4.4410e-01     5.0776      5.053      7.329    10.7752 0.0000e+00
      5.164      0.042     8.7015     78.590     45.774  32.753490     3.5100     0.0180     0.0852     0.1692 4.6920e-01     5.0476      5.064      7.345    10.7747 0.0000e+00
      5.175      0.041     8.7033     78.603     45.774  32.754502     3.6000     0.0295     0.0852     0.1692 4.3892e-01     5.0476      5.075      7.360    10.7743 0.0000e+00
      5.184      0.039     8.7058     78.608     45.769  32.751131     3.6000     0.0295     0.0852     0.1692 4.2958e-01     5.1077      5.084      7.374    10.7743 0.0000e+00
      5.194      0.037     8.7084     78.613     45.765  32.748419     3.6000     0.0867     0.0852     0.1692 4.2319e-01     4.9424      5.093      7.387    10.7747 0.0000e+00
      5.203      0.035     8.7105     78.626     45.770  32.751584     3.6000     0.0714     0.0852     0.1692 4.1971e-01     4.8973      5.103      7.400    10.7752 0.0000e+00
      5.212      0.033     8.7118     78.654     45.776  32.755528     3.6000     0.0829     0.1278     0.1269 4.2605e-01     4.9574      5.111      7.413    10.7758 0.0000e+00
      5.220      0.031     8.7122     78.702     45.777  32.755362     3.6000     0.0867     0.1278     0.1269 4.2531e-01     4.8522      5.119      7.425    10.7763 0.0000e+00
      5.228      0.030     8.7127     78.775     45.775  32.753022     3.6000     0.0867     0.1278     0.1269 3.8401e-01     4.8522      5.127      7.436    10.7765 0.0000e+00
      5.235      0.028     8.7143     78.867     45.774  32.751845     3.6000     0.0867     0.1278     0.1269 4.1671e-01     4.8372      5.134      7.446    10.7762 0.0000e+00
      5.242      0.027     8.7175     78.965     45.774  32.751517     3.6000     0.1019     0.0852     0.1269 4.1770e-01     4.8071      5.140      7.455    10.7756 0.0000e+00
      5.248      0.026     8.7230     79.066     45.772  32.749970     3.6000     0.0981     0.0852     0.1269 4.1454e-01     4.8372      5.147      7.465    10.7748 0.0000e+00
      5.254      0.025     8.7313     79.159     45.770  32.748771     3.6000     0.0981     0.0852     0.1269 4.0229e-01     4.7921      5.153      7.474    10.7739 0.0000e+00
      5.261      0.024     8.7416     79.225     45.771  32.749582     3.6000     0.1134     0.0852     0.1269 4.0238e-01     4.8522      5.159      7.482    10.7733 0.0000e+00
      5.267      0.024     8.7526     79.246     45.775  32.752619     3.6000     0.0943     0.0852     0.1269 4.2025e-01     4.8522      5.165      7.491    10.7728 0.0000e+00
      5.273      0.024     8.7638     79.219     45.781  32.756710     3.5100     0.0752     0.0852     0.0846 3.7937e-01     4.9424      5.171      7.499    10.7726 0.0000e+00
      5.279      0.025     8.7741     79.158     45.787  32.760967     3.5100     0.0676     0.0852     0.0846 3.9622e-01     4.8071      5.176      7.508    10.7725 0.0000e+00
      5.285      0.025     8.7814     79.078     45.795  32.766526     3.5100     0.0943     0.0852     0.0846 3.8762e-01     5.0776      5.182      7.516    10.7726 0.0000e+00
      5.291      0.027     8.7837     78.984     45.804  32.772888     3.5100     0.0943     0.0852     0.0846 4.0299e-01     5.0326      5.189      7.525    10.7727 0.0000e+00
      5.298      0.028     8.7807     78.883     45.809  32.775808     3.5100     0.0714     0.0852     0.1269 3.6048e-01     4.9724      5.195      7.535    10.7727 0.0000e+00
      5.305      0.030     8.7740     78.782     45.807  32.774085     3.5100     0.0867     0.0852     0.1269 3.5365e-01     5.0776      5.202      7.545    10.7727 0.0000e+00
      5.313      0.032     8.7651     78.688     45.806  32.773201     3.5100     0.0829     0.0852     0.1269 3.9365e-01     5.0175      5.210      7.556    10.7725 0.0000e+00
      5.322      0.034     8.7547     78.596     45.812  32.776880     3.5100     0.0905     0.0852     0.1269 3.8728e-01     5.1829      5.218      7.569    10.7723 0.0000e+00
      5.331      0.035     8.7436     78.497     45.814  32.778181     3.5100     0.0791     0.1278     0.0846 3.5090e-01     5.1077      5.227      7.581    10.7719 0.0000e+00
      5.340      0.036     8.7325     78.387     45.803  32.769532     3.5100     0.0867     0.1278     0.0846 3.5197e-01     5.0025      5.236      7.594    10.7715 0.0000e+00
      5.349      0.036     8.7222     78.264     45.787  32.758526     3.5100     0.0943     0.1278     0.0846 3.3876e-01     4.8823      5.245      7.608    10.7710 0.0000e+00
      5.358      0.036     8.7121     78.135     45.778  32.752132     3.5100     0.1096     0.1278     0.0846 3.7486e-01     4.8522      5.255      7.621    10.7706 0.0000e+00
      5.368      0.035     8.7013     78.008     45.772  32.748642     3.5100     0.0981     0.1278     0.0846 3.3358e-01     4.7320      5.264      7.635    10.7703 0.0000e+00
      5.377      0.033     8.6890     77.891     45.766  32.745147     3.6000     0.0829     0.1278     0.0846 3.2407e-01     4.7921      5.273      7.648    10.7701 0.0000e+00
      5.386      0.031     8.6754     77.792     45.761  32.742694     3.6000     0.0752     0.1278     0.0846 3.2442e-01     5.0175      5.282      7.661    10.7701 0.0000e+00
      5.393      0.029     8.6611     77.713     45.764  32.746571     3.6000     0.0638     0.1278     0.0846 3.2400e-01     5.1678      5.289      7.671    10.7703 0.0000e+00
      5.400      0.027     8.6469     77.660     45.773  32.753851     3.6000     0.0867     0.1278     0.0846 3.1491e-01     5.1378      5.295      7.680    10.7709 0.0000e+00
      5.406      0.025     8.6337     77.636     45.780  32.760534     3.6000     0.0791     0.0852     0.1269 3.0620e-01     5.1227      5.301      7.689    10.7718 0.0000e+00
      5.412      0.024     8.6225     77.640     45.785  32.764443     3.6000     0.0981     0.0852     0.1269 2.6524e-01     5.0626      5.307      7.697    10.7731 0.0000e+00
      5.417      0.024     8.6135     77.665     45.781  32.762658     3.6000     0.0867     0.0852     0.1269 3.3987e-01     5.0175      5.313      7.705    10.7747 0.0000e+00
      5.423      0.024     8.6072     77.703     45.778  32.760645     3.6000     0.0714     0.0852     0.1269 3.4194e-01     5.0776      5.318      7.714    10.7762 0.0000e+00
      5.429      0.024     8.6043     77.749     45.780  32.761827     3.5100     0.0905     0.0852     0.0846 2.8920e-01     5.0476      5.324      7.722    10.7775 0.0000e+00
      5.435      0.025     8.6046     77.803     45.782  32.762559     3.5100     0.0104     0.0852     0.0846 3.2442e-01     5.1378      5.330      7.731    10.7783 0.0000e+00
      5.442      0.026     8.6073     77.864     45.780  32.761056     3.5100     0.0257     0.0852     0.0846 3.0874e-01     5.0476      5.336      7.740    10.7788 0.0000e+00
      5.448      0.027     8.6114     77.924     45.778  32.758898     3.5100     0.0371     0.0852     0.0846 3.1484e-01     5.1378      5.343      7.750    10.7790 0.0000e+00
      5.456      0.028     8.6165     77.988     45.780  32.759469     3.6000     0.0142     0.0852     0.0846 3.0080e-01     5.0626      5.350      7.760    10.7791 0.0000e+00
      5.464      0.028     8.6226     78.056     45.786  32.762922     3.6000     0.1019     0.0852     0.0846 2.9787e-01     4.7770      5.358      7.771    10.7788 0.0000e+00
      5.471      0.028     8.6294     78.121     45.791  32.766218     3.6000     0.0867     0.0852     0.0846 3.0408e-01     4.7921      5.366      7.782    10.7781 0.0000e+00
      5.479      0.028     8.6363     78.175     45.796  32.770234     3.6000     0.0867     0.0852     0.0846 3.2043e-01     4.9574      5.373      7.793    10.7773 0.0000e+00
      5.486      0.027     8.6435     78.210     45.807  32.778022     3.6000     0.0943     0.0852     0.0846 3.2127e-01     4.8672      5.380      7.803    10.7765 0.0000e+00
      5.492      0.026     8.6511     78.227     45.818  32.785718     3.6000     0.0829     0.1278     0.1269 2.8286e-01     4.8071      5.386      7.812    10.7759 0.0000e+00
      5.499      0.025     8.6585     78.229     45.818  32.785472     3.6000     0.0752     0.1278     0.1269 2.9420e-01     4.8522      5.392      7.821    10.7755 0.0000e+00
      5.505      0.024     8.6645     78.211     45.806  32.777220     3.6000     0.0867     0.1278     0.1269 2.7986e-01     4.8221      5.398      7.829    10.7753 0.0000e+00
      5.511      0.023     8.6684     78.172     45.795  32.768662     3.6000     0.0829     0.1278     0.1269 3.0408e-01     4.8823      5.404      7.838    10.7752 0.0000e+00
      5.517      0.023     8.6703     78.120     45.788  32.763457     3.6000     0.0867     0.1278     0.0846 2.9420e-01     5.0175      5.410      7.846    10.7752 0.0000e+00
      5.523      0.022     8.6705     78.066     45.784  32.760217     3.6000     0.1019     0.1278     0.0846 2.7355e-01     5.0776      5.416      7.855    10.7752 0.0000e+00
      5.529      0.021     8.6685     78.013     45.784  32.760058     3.6000     0.0867     0.1278     0.0846 3.0975e-01     5.0626      5.422      7.863    10.7752 0.0000e+00
      5.534      0.020     8.6641     77.962     45.788  32.762938     3.6000     0.0867     0.1278     0.0846 2.5384e-01     5.0626      5.427      7.871    10.7750 0.0000e+00
      5.539      0.018     8.6584     77.916     45.794  32.767645     3.6000     0.0867     0.0852     0.1269 2.7648e-01     4.8522      5.431      7.878    10.7748 0.0000e+00
      5.543      0.017     8.6525     77.871     45.799  32.771473     3.6000     0.0829     0.0852     0.1269 3.2464e-01     4.8823      5.436      7.884    10.7745 0.0000e+00
      5.547      0.016     8.6466     77.829     45.795  32.769501     3.6000     0.0867     0.0852     0.1269 3.0067e-01     4.8221      5.440      7.890    10.7743 0.0000e+00
      5.551      0.014     8.6411     77.789     45.789  32.765165     3.6000     0.0867     0.0852     0.1269 2.8644e-01     4.7921      5.443      7.895    10.7743 0.0000e+00
      5.554      0.013     8.6358     77.748     45.785  32.763250     3.6000     0.0943     0.0852     0.1692 3.0935e-01     5.0776      5.447      7.900    10.7746 0.0000e+00
      5.558      0.012     8.6308     77.710     45.782  32.761264     3.6000     0.1019     0.0852     0.1692 2.8035e-01     5.1829      5.450      7.904    10.7750 0.0000e+00
      5.560      0.011     8.6261     77.681     45.778  32.758677     3.6000     0.0981     0.0852     0.1692 2.6819e-01     5.0626      5.453      7.908    10.7755 0.0000e+00
      5.563      0.010     8.6215     77.661     45.775  32.756781     3.6000     0.0791     0.0852     0.1692 2.9039e-01     5.1528      5.455      7.912    10.7761 0.0000e+00
      5.565      0.009     8.6169     77.652     45.772  32.755070     3.6000     0.0867     0.0852     0.1692 2.7968e-01     4.8221      5.458      7.915    10.7766 0.0000e+00
      5.568      0.008     8.6126     77.654     45.777  32.759028     3.6000     0.0981     0.1278     0.1692 2.8261e-01     4.8372      5.460      7.919    10.7769 0.0000e+00
      5.570      0.008     8.6094     77.664     45.791  32.769711     3.6000     0.1019     0.1278     0.1692 2.9401e-01     4.8071      5.462      7.922    10.7772 0.0000e+00
      5.572      0.007     8.6072     77.684     45.801  32.778085     3.6000     0.1019     0.1278     0.1692 2.5920e-01     4.8522      5.464      7.925    10.7774 0.0000e+00
      5.574      0.007     8.6061     77.715     45.809  32.784404     3.6000     0.0791     0.1278     0.1692 2.9382e-01     4.8221      5.466      7.927    10.7778 0.0000e+00
      5.575      0.006     8.6061     77.755     45.816  32.790353     3.6000     0.0752     0.1278     0.0423 2.9414e-01     4.7921      5.467      7.929    10.7784 0.0000e+00
      5.577      0.006     8.6071     77.800     45.819  32.793557     3.6000     0.0867     0.1278     0.0423 3.0060e-01     4.8372      5.469      7.932    10.7793 0.0000e+00
      5.578      0.006     8.6090     77.853     45.825  32.798832     3.6000     0.0867     0.1278     0.0423 2.9735e-01     4.8522      5.470      7.934    10.7802 0.0000e+00
      5.580      0.006     8.6123     77.915     45.836  32.807583     3.6000     0.0752     0.1278     0.0423 2.9988e-01     4.8823      5.472      7.936    10.7812 0.0000e+00
      5.581      0.006     8.6166     77.977     45.844  32.814225     3.6000     0.0752     0.0852     0.0846 2.8023e-01     4.9123      5.473      7.938    10.7820 0.0000e+00
      5.582      0.006     8.6214     78.030     45.840  32.812606     3.6000     0.0676     0.0852     0.0846 2.9077e-01     4.8372      5.474      7.940    10.7830 0.0000e+00
      5.584      0.006     8.6271     78.069     45.825  32.802295     3.6000     0.0943     0.0852     0.0846 2.9484e-01     4.9875      5.476      7.942    10.7841 0.0000e+00
      5.585      0.007     8.6336     78.092     45.810  32.792424     3.6000     0.0524     0.0852     0.0846 2.9427e-01     4.9273      5.477      7.944    10.7853 0.0000e+00
