Data/DataNotYetUploadedToEDI/Raw_CTD/RawDownloads/070623_fcr50_S8188001.cnv
* Sea-Bird SBE19plus  Data File:
* FileName = C:\R\Reservoirs\Data\DataNotYetUploadedToEDI\Raw_CTD\RawDownloads\073123_fcr50_S8188_0001.hex
* Software version 2.8.0.119
* Temperature SN = 8188
* Conductivity SN = 8188
* System UpLoad Time = Aug 02 2023 16:14:11
* <ApplicationData>
* <Seaterm232>
# nquan = 16
# nvalues = 1888                        
# units = specified
# name 0 = depFM: Depth [fresh water, m]
# name 1 = dz/dtM: Descent Rate [m/s]
# name 2 = sbeox0Mg/L: Oxygen, SBE 43 [mg/l]
# name 3 = sbeox0PS: Oxygen, SBE 43 [% saturation]
# name 4 = specc: Specific Conductance [uS/cm]
# name 5 = c0uS/cm: Conductivity [uS/cm]
# name 6 = wetCDOM: Fluorescence, WET Labs CDOM [mg/m^3]
# name 7 = flECO-AFL: Fluorescence, WET Labs ECO-AFL/FL [mg/m^3]
# name 8 = flECO-AFL1: Fluorescence, WET Labs ECO-AFL/FL, 2 [mg/m^3]
# name 9 = flECO-AFL2: Fluorescence, WET Labs ECO-AFL/FL, 3 [mg/m^3]
# name 10 = par/sat/log: PAR/Logarithmic, Satlantic
# name 11 = turbWETntu0: Turbidity, WET Labs ECO [NTU]
# name 12 = prdM: Pressure, Strain Gauge [db]
# name 13 = prdE: Pressure, Strain Gauge [psi]
# name 14 = tv290C: Temperature [ITS-90, deg C]
# name 15 = flag:  0.000e+00
# span 0 =     -0.674,      9.487       
# span 1 =     -0.300,      0.168       
# span 2 =    -0.7229,    12.1296       
# span 3 =     -8.029,    149.438       
# span 4 =      0.129,    338.749       
# span 5 =   0.149046, 241.799730       
# span 6 =    -6.5700,    12.9600       
# span 7 =    -2.9422,   245.2458       
# span 8 =    -4.0470,     4.1748       
# span 9 =    -6.5142,    16.5393       
# span 10 = 1.1572e-01, 1.8124e+03      
# span 11 =    -9.9224,   966.4803      
# span 12 =     -0.661,      9.303      
# span 13 =     -0.958,     13.493      
# span 14 =    10.6783,    32.4972      
# span 15 = 0.0000e+00, 0.0000e+00      
# interval = seconds: 0.25
# start_time = Jul 06 2023 14:18:12 [Instrument's time stamp, header]
# bad_flag = -9.990e-29
*END*
[from data line 1718]
      4.217     -0.153     8.6015     77.538     46.243  33.107489     3.6900     0.0791     0.1704     0.0846 1.3120e+00     6.5656      4.135      5.998    10.7909 0.0000e+00
      4.179     -0.154     8.5997     77.500     46.243  33.109061     3.6900     0.0981     0.1704     0.0846 1.3461e+00     6.5957      4.098      5.944    10.7920 0.0000e+00
      4.139     -0.157     8.5973     77.468     46.254  33.117627     3.6900     0.0943     0.1704     0.0846 1.4490e+00     6.4905      4.060      5.888    10.7931 0.0000e+00
      4.099     -0.160     8.5940     77.466     46.266  33.127550     3.6900     0.1096     0.1704     0.0846 1.5140e+00     6.3853      4.020      5.831    10.7941 0.0000e+00
      4.058     -0.164     8.5899     77.505     46.273  33.133554     3.6000     0.0791     0.1278     0.1269 1.5923e+00     6.3101      3.980      5.772    10.7952 0.0000e+00
      4.016     -0.168     8.5854     77.576     46.272  33.133280     3.6000     0.0867     0.1278     0.1269 1.6354e+00     6.3251      3.939      5.712    10.7962 0.0000e+00
      3.973     -0.170     8.5817     77.657     46.267  33.130615     3.6000     0.0714     0.1278     0.1269 1.7047e+00     6.3402      3.896      5.651    10.7972 0.0000e+00
      3.928     -0.169     8.5813     77.733     46.263  33.128811     3.6000     0.1210     0.1278     0.1269 1.8635e+00     5.3332      3.852      5.587    10.7983 0.0000e+00
      3.882     -0.165     8.5855     77.794     46.255  33.123425     3.6000     0.0791     0.1278     0.0846 1.9616e+00     5.2881      3.807      5.522    10.7992 0.0000e+00
      3.838     -0.159     8.5931     77.831     46.233  33.109059     3.6000     0.0752     0.1278     0.0846 2.0892e+00     5.4384      3.764      5.459    10.8001 0.0000e+00
      3.797     -0.151     8.6020     77.838     46.211  33.093767     3.6000     0.0791     0.1278     0.0846 2.1416e+00     5.3332      3.724      5.400    10.8009 0.0000e+00
      3.760     -0.142     8.6102     77.806     46.210  33.093272     3.6000     0.0905     0.1278     0.0846 2.1379e+00     6.1147      3.688      5.348    10.8018 0.0000e+00
      3.728     -0.135     8.6167     77.740     46.229  33.107443     3.6000     0.1134     0.1278     0.0846 2.1342e+00     6.1147      3.656      5.302    10.8028 0.0000e+00
      3.697     -0.132     8.6207     77.654     46.252  33.124215     3.6000     0.1210     0.1278     0.0846 2.1286e+00     6.0696      3.626      5.259    10.8038 0.0000e+00
      3.667     -0.133     8.6212     77.557     46.268  33.136181     3.6000     0.1058     0.1278     0.0846 2.1295e+00     6.1147      3.596      5.215    10.8047 0.0000e+00
      3.634     -0.137     8.6175     77.451     46.276  33.142569     3.6000     0.0867     0.1278     0.0846 2.1533e+00     7.0015      3.564      5.169    10.8052 0.0000e+00
      3.599     -0.143     8.6102     77.336     46.283  33.149045     3.6000     0.0333     0.1278     0.0846 2.2484e+00     6.9564      3.529      5.119    10.8054 0.0000e+00
      3.560     -0.148     8.6007     77.208     46.291  33.157335     3.6000     0.0333     0.1278     0.0846 2.4061e+00     6.9865      3.491      5.064    10.8056 0.0000e+00
      3.519     -0.151     8.5899     77.060     46.293  33.161728     3.6000     0.0371     0.1278     0.0846 2.6093e+00     7.0616      3.451      5.005    10.8061 0.0000e+00
      3.478     -0.149     8.5779     76.882     46.291  33.163397     3.6000     0.0295     0.1278     0.0846 2.6707e+00     6.9865      3.410      4.946    10.8071 0.0000e+00
      3.437     -0.143     8.5647     76.660     46.291  33.166747     3.6000     0.1019     0.1278     0.0846 2.8094e+00     5.5436      3.371      4.889    10.8089 0.0000e+00
      3.401     -0.135     8.5501     76.382     46.289  33.168710     3.6000     0.1096     0.1278     0.0846 2.9056e+00     5.6037      3.335      4.837    10.8113 0.0000e+00
      3.368     -0.127     8.5332     76.035     46.286  33.169812     3.6000     0.0714     0.1278     0.0846 2.8917e+00     5.6037      3.304      4.791    10.8144 0.0000e+00
      3.340     -0.121     8.5127     75.608     46.295  33.178266     3.6000     0.0867     0.1278     0.0846 2.8210e+00     5.6488      3.276      4.750    10.8180 0.0000e+00
      3.313     -0.119     8.4874     75.110     46.317  33.196327     3.6000     0.1058     0.1278     0.0846 2.8271e+00     5.7540      3.249      4.712    10.8217 0.0000e+00
      3.286     -0.124     8.4560     74.563     46.345  33.218910     3.6900     0.0867     0.1278     0.1269 2.7984e+00     5.8893      3.223      4.674    10.8253 0.0000e+00
      3.256     -0.134     8.4169     74.002     46.369  33.240156     3.6900     0.0981     0.1278     0.1269 2.7929e+00     5.7841      3.194      4.632    10.8286 0.0000e+00
      3.223     -0.147     8.3691     73.471     46.389  33.259788     3.6900     0.0676     0.1278     0.1269 2.8861e+00     5.7690      3.161      4.584    10.8313 0.0000e+00
      3.184     -0.163     8.3135     72.994     46.418  33.287003     3.6900     0.0791     0.1278     0.1269 3.0025e+00     6.7610      3.123      4.529    10.8338 0.0000e+00
      3.139     -0.177     8.2525     72.549     46.467  33.329058     3.6000     0.0829     0.0852     0.1269 3.1639e+00     6.8362      3.079      4.465    10.8365 0.0000e+00
      3.089     -0.188     8.1896     72.092     46.539  33.389247     3.6000     0.0981     0.0852     0.1269 3.2723e+00     6.8211      3.030      4.394    10.8404 0.0000e+00
      3.037     -0.195     8.1298     71.591     46.651  33.479661     3.6000     0.0791     0.0852     0.1269 3.4588e+00     6.8211      2.979      4.320    10.8460 0.0000e+00
      2.984     -0.198     8.0757     71.040     46.824  33.616488     3.6000     0.1210     0.0852     0.1269 3.6179e+00     5.8592      2.927      4.245    10.8529 0.0000e+00
      2.933     -0.199     8.0251     70.449     47.036  33.786705     3.6900     0.0791     0.1704     0.1692 3.6958e+00     5.7841      2.876      4.171    10.8608 0.0000e+00
      2.883     -0.198     7.9729     69.813     47.214  33.938666     3.6900     0.0943     0.1704     0.1692 3.7524e+00     5.8893      2.828      4.101    10.8697 0.0000e+00
      2.834     -0.196     7.9156     69.098     47.339  34.061402     3.6900     0.1019     0.1704     0.1692 3.8826e+00     5.7991      2.780      4.031    10.8803 0.0000e+00
      2.784     -0.195     7.8524     68.234     47.473  34.197548     3.6900     0.0905     0.1704     0.1692 4.0958e+00     5.2279      2.731      3.960    10.8940 0.0000e+00
      2.734     -0.194     7.7838     67.119     47.636  34.359645     3.6900     0.1096     0.1704     0.1692 4.2159e+00     5.2279      2.682      3.889    10.9127 0.0000e+00
      2.685     -0.192     7.7091     65.644     47.792  34.523585     3.6900     0.1134     0.0852     0.1692 4.3311e+00     5.1227      2.633      3.818    10.9386 0.0000e+00
      2.635     -0.188     7.6244     63.724     47.845  34.620199     3.6900     0.1019     0.0852     0.1692 4.5058e+00     5.2129      2.585      3.748    10.9728 0.0000e+00
      2.586     -0.182     7.5221     61.331     47.714  34.590091     3.6900     0.2355     0.0852     0.1692 4.7532e+00     2.7480      2.536      3.679    11.0143 0.0000e+00
      2.539     -0.172     7.3915     58.450     47.485  34.486631     3.6900     0.2088     0.0852     0.1692 5.1166e+00     2.7480      2.490      3.610    11.0619 0.0000e+00
      2.494     -0.160     7.2204     55.055     47.292  34.397101     3.6900     0.2431     0.0852     0.1692 5.4234e+00     2.7480      2.446      3.547    11.1161 0.0000e+00
      2.454     -0.147     6.9997     51.180     47.179  34.349122     3.6900     0.2011     0.0852     0.1692 5.4352e+00     2.7029      2.407      3.490    11.1779 0.0000e+00
      2.420     -0.134     6.7266     47.026     47.143  34.341782     3.6900     0.2202     0.0852     0.1692 5.3706e+00     1.3502      2.373      3.442    11.2457 0.0000e+00
      2.390     -0.125     6.4010     42.976     47.181  34.379066     3.6900     0.2088     0.0852     0.1692 5.3624e+00     1.3351      2.344      3.400    11.3117 0.0000e+00
      2.363     -0.120     6.0216     39.480     47.286  34.462992     3.7800     0.2049     0.0852     0.1269 5.3613e+00     1.4253      2.317      3.360    11.3653 0.0000e+00
      2.335     -0.122     5.5928     36.912     47.430  34.580294     3.7800     0.2278     0.0852     0.1269 5.3496e+00     1.4253      2.290      3.321    11.4011 0.0000e+00
      2.307     -0.129     5.1362     35.492     47.558  34.698874     3.7800     0.1439     0.0852     0.1269 5.3659e+00     2.9434      2.262      3.281    11.4209 0.0000e+00
      2.275     -0.141     4.6924     35.265     47.635  34.798864     3.7800     0.1439     0.0852     0.1269 5.4034e+00     2.9434      2.231      3.235    11.4306 0.0000e+00
      2.238     -0.156     4.3095     36.070     47.678  34.893065     3.8700     0.1363     0.0852     0.1269 5.6275e+00     2.9734      2.195      3.183    11.4380 0.0000e+00
      2.196     -0.173     4.0277     37.522     47.701  34.990755     3.8700     0.1439     0.0852     0.1269 5.9223e+00     3.0335      2.153      3.123    11.4512 0.0000e+00
      2.149     -0.189     3.8700     39.082     47.696  35.086299     3.8700     0.2431     0.0852     0.1269 6.1159e+00     2.3271      2.107      3.056    11.4779 0.0000e+00
      2.097     -0.203     3.8409     40.210     47.656  35.171511     3.8700     0.2278     0.0852     0.1269 6.3309e+00     2.3271      2.057      2.983    11.5236 0.0000e+00
      2.042     -0.215     3.9224     40.498     47.555  35.225545     3.8700     0.2202     0.0852     0.1269 6.8549e+00     2.2670      2.003      2.904    11.5897 0.0000e+00
      1.984     -0.224     4.0723     39.745     47.377  35.233107     3.7800     0.2011     0.0426     0.1269 7.2628e+00     2.3722      1.946      2.822    11.6756 0.0000e+00
      1.924     -0.231     4.2322     37.945     47.141  35.204141     3.7800     0.5139     0.0426     0.1269 7.6367e+00     1.3502      1.887      2.737    11.7800 0.0000e+00
      1.865     -0.237     4.3436     35.231     46.870  35.156675     3.7800     0.5216     0.0426     0.1269 7.7689e+00     1.3953      1.829      2.652    11.9016 0.0000e+00
      1.804     -0.241     4.3629     31.840     46.585  35.109743     3.7800     0.5178     0.0426     0.1269 8.2491e+00     1.3802      1.769      2.566    12.0381 0.0000e+00
      1.742     -0.244     4.2698     28.054     46.294  35.068662     3.7800     0.5216     0.0852     0.2961 8.9807e+00     1.3802      1.708      2.478    12.1864 0.0000e+00
      1.679     -0.247     4.0645     24.111     45.988  35.022483     3.7800     0.4987     0.0852     0.2961 9.6315e+00     1.0646      1.646      2.388    12.3433 0.0000e+00
      1.615     -0.249     3.7625     20.185     45.685  34.982663     3.7800     0.5139     0.0852     0.2961 1.0130e+01     1.1398      1.584      2.297    12.5095 0.0000e+00
      1.552     -0.251     3.3896     16.422     45.413  34.974239     3.7800     0.5139     0.0852     0.2961 1.0721e+01     1.1097      1.521      2.207    12.6889 0.0000e+00
      1.487     -0.251     2.9764     12.947     45.164  34.991010     3.7800     0.5063     0.0426     0.4230 1.1508e+01     1.1097      1.458      2.115    12.8820 0.0000e+00
      1.422     -0.249     2.5491      9.833     44.917  35.013691     3.7800     0.4643     0.0426     0.4230 1.2525e+01     0.9143      1.394      2.022    13.0842 0.0000e+00
      1.357     -0.245     2.1266      7.100     44.681  35.044376     3.7800     0.4376     0.0426     0.4230 1.3863e+01     0.9293      1.331      1.930    13.2936 0.0000e+00
      1.293     -0.240     1.7241      4.736     44.474  35.091256     3.7800     0.4376     0.0426     0.4230 1.5122e+01     0.8391      1.268      1.840    13.5133 0.0000e+00
      1.233     -0.234     1.3546      2.740     44.297  35.150997     3.7800     0.4949     0.0426     0.4230 1.5596e+01     0.8993      1.209      1.754    13.7440 0.0000e+00
      1.175     -0.229     1.0254      1.126     44.142  35.215769     3.8700     0.6894     0.0426     0.3384 1.6229e+01     0.6137      1.152      1.671    13.9819 0.0000e+00
      1.119     -0.226     0.7384     -0.084     44.005  35.285027     3.8700     0.7047     0.0426     0.3384 1.7382e+01     0.5686      1.097      1.591    14.2214 0.0000e+00
      1.063     -0.224     0.4920     -0.887     43.887  35.361402     3.8700     0.6818     0.0426     0.3384 1.8813e+01     0.5987      1.042      1.512    14.4560 0.0000e+00
      1.007     -0.225     0.2853     -1.302     43.774  35.435558     3.8700     0.6780     0.0426     0.3384 2.0032e+01     0.7039      0.987      1.432    14.6799 0.0000e+00
      0.950     -0.228     0.1193     -1.345     43.646  35.495588     4.0500     0.8802     0.0000     0.2538 2.1437e+01     0.8692      0.932      1.351    14.8918 0.0000e+00
      0.892     -0.231    -0.0044     -1.038     43.516  35.553543     4.0500     0.8840     0.0000     0.2538 2.4556e+01     0.8391      0.874      1.268    15.0937 0.0000e+00
      0.831     -0.233    -0.0863     -0.434     43.416  35.636767     4.0500     0.8725     0.0000     0.2538 2.9705e+01     0.7640      0.815      1.183    15.2878 0.0000e+00
      0.770     -0.235    -0.1286      0.384     43.363  35.755576     4.0500     0.8611     0.0000     0.2538 3.7358e+01     0.9444      0.755      1.095    15.4762 0.0000e+00
      0.709     -0.236    -0.1335      1.330     43.329  35.888184     3.9600     1.1205     0.0000     0.2538 4.7179e+01     1.0345      0.696      1.009    15.6626 0.0000e+00
      0.650     -0.237    -0.1036      2.346     43.274  36.006580     3.9600     1.1167     0.0000     0.2538 4.8890e+01     1.1247      0.637      0.924    15.8508 0.0000e+00
      0.590     -0.237    -0.0445      3.397     43.217  36.128477     3.9600     1.0976     0.0000     0.2538 5.9710e+01     1.1548      0.579      0.840    16.0399 0.0000e+00
      0.530     -0.238     0.0354      4.487     43.217  36.302233     3.9600     1.1396     0.0000     0.2538 8.4334e+01     1.0646      0.520      0.754    16.2262 0.0000e+00
      0.469     -0.239     0.1273      5.654     43.292  36.548440     3.9600     0.9297     0.0852     0.2538 1.1529e+02     1.4554      0.460      0.667    16.4111 0.0000e+00
      0.407     -0.239     0.2252      6.959     43.370  36.817882     3.9600     0.9336     0.0852     0.2538 1.6348e+02     1.3051      0.400      0.579    16.6000 0.0000e+00
      0.346     -0.237     0.3258      8.476     43.353  37.037831     3.9600     0.9336     0.0852     0.2538 2.1121e+02     1.3953      0.339      0.492    16.7953 0.0000e+00
      0.284     -0.233     0.4290     10.301     43.250  37.213469     3.9600     0.9450     0.0852     0.2538 3.4119e+02     1.4404      0.279      0.404    16.9963 0.0000e+00
      0.224     -0.226     0.5384     12.565     43.124  37.381744     3.9600     1.4943     0.0852     0.2538 5.0287e+02     5.6338      0.219      0.318    17.2076 0.0000e+00
      0.166     -0.218     0.6595     15.400     42.994  37.545946     4.0500     1.4829     0.0426     0.2961 7.8902e+02     5.5436      0.162      0.235    17.4431 0.0000e+00
      0.111     -0.210     0.7985     18.851     42.873  37.712239     4.0500     1.4714     0.0426     0.2961 6.0449e+02     5.6638      0.109      0.158    17.7158 0.0000e+00
      0.061     -0.204     0.9644     22.845     42.796  37.909133     4.0500     1.5020     0.0426     0.2961 6.1630e+02     5.5736      0.059      0.086    18.0217 0.0000e+00
      0.012     -0.199     1.1690     27.248     42.820  38.189144     4.0500     1.9788     0.0426     0.2961 7.7341e+02     8.7300      0.012      0.017    18.3428 0.0000e+00
