Data/DataNotYetUploadedToEDI/Raw_CTD/RawDownloads/070623_fcr50_S7809002.cnv
* Sea-Bird SBE19plus  Data File:
* FileName = C:\R\Reservoirs\Data\DataNotYetUploadedToEDI\Raw_CTD\RawDownloads\073123_fcr50_S7809_0002.hex
* Software version 2.8.0.119
* Temperature SN = 7809
* Conductivity SN = 7809
* System UpLoad Time = Aug 03 2023 12:33:48
* <ApplicationData>
* <Seaterm232>
# nquan = 15
# nvalues = 1834                        
# units = specified
# name 0 = depFM: Depth [fresh water, m]
# name 1 = dz/dtM: Descent Rate [m/s]
# name 2 = sbeox0Mg/L: Oxygen, SBE 43 [mg/l]
# name 3 = sbeox0PS: Oxygen, SBE 43 [% saturation]
# name 4 = specc: Specific Conductance [uS/cm]
# name 5 = c0uS/cm: Conductivity [uS/cm]
# name 6 = flECO-AFL: Fluorescence, WET Labs ECO-AFL/FL [mg/m^3]
# name 7 = ph: pH
# name 8 = orp: Oxidation Reduction Potential [mV]
# name 9 = par/sat/log: PAR/Logarithmic, Satlantic
# name 10 = turbWETntu0: Turbidity, WET Labs ECO [NTU]
# name 11 = prdM: Pressure, Strain Gauge [db]
# name 12 = prdE: Pressure, Strain Gauge [psi]
# name 13 = tv290C: Temperature [ITS-90, deg C]
# name 14 = flag:  0.000e+00
# span 0 =     -0.676,      9.528       
# span 1 =     -0.320,      0.175       
# span 2 =     0.1474,    13.7308       
# span 3 =      1.495,    170.046       
# span 4 =      0.357,    169.813       
# span 5 =   0.424875, 121.435601       
# span 6 =    -2.2115,     9.3866       
# span 7 =     -1.799,      9.806       
# span 8 = -1240.7455,  1240.2295       
# span 9 = 1.2313e-01, 2.2162e+03       
# span 10 =    -2.2168,   957.6378      
# span 11 =     -0.663,      9.343      
# span 12 =     -0.961,     13.551      
# span 13 =    10.7302,    34.4363      
# span 14 = 0.0000e+00, 0.0000e+00      
# interval = seconds: 0.25
# start_time = Jul 06 2023 10:35:17 [Instrument's time stamp, header]
# bad_flag = -9.990e-29
*END*
[from data line 1639]
      5.102     -0.297     9.1997     83.144     47.362  33.924389     0.2092      6.957   341.8390 1.2361e-01     6.9666      5.003      7.256    10.8062 0.0000e+00
      5.018     -0.280     9.1964     83.315     47.321  33.896473     0.2055      6.954   350.8491 1.2340e-01     7.0718      4.921      7.138    10.8081 0.0000e+00
      4.940     -0.257     9.2000     83.255     47.281  33.868556     0.1945      6.952   349.4105 1.2342e-01     6.9967      4.844      7.026    10.8094 0.0000e+00
      4.871     -0.234     9.2034     83.321     47.282  33.868556     0.1909      6.951   349.4105 1.3010e-01     6.8915      4.777      6.929    10.8099 0.0000e+00
      4.816     -0.215     9.2075     83.361     47.363  33.924389     0.1762      6.949   345.7383 1.3444e-01     6.6660      4.722      6.849    10.8112 0.0000e+00
      4.778     -0.201     9.2261     83.418     47.287  33.868556     0.2128      6.951   345.6626 1.4024e-01     6.8163      4.686      6.796    10.8126 0.0000e+00
      4.748     -0.191     9.2193     83.445     47.327  33.896472     0.2165      6.953   351.3033 1.6908e-01     6.7412      4.656      6.753    10.8136 0.0000e+00
      4.701     -0.186     9.2268     83.512     47.289  33.868556     0.2385      6.950   351.8333 1.8783e-01     6.8764      4.610      6.686    10.8128 0.0000e+00
      4.638     -0.188     9.2316     83.540     47.290  33.868556     0.1725      6.944   352.1741 1.6915e-01     6.8464      4.549      6.597    10.8107 0.0000e+00
      4.576     -0.196     9.2383     83.582     47.291  33.868556     0.2092      6.946   352.0605 1.8190e-01     6.8614      4.488      6.509    10.8092 0.0000e+00
      4.538     -0.203     9.2414     83.604     47.291  33.868556     0.2128      6.943   350.0919 2.2576e-01     6.9816      4.450      6.455    10.8084 0.0000e+00
      4.498     -0.206     9.2491     83.595     47.290  33.868556     0.2055      6.942   350.2055 2.3773e-01     6.8764      4.411      6.398    10.8073 0.0000e+00
      4.442     -0.205     9.2523     83.608     47.327  33.896471     0.1945      6.940   350.4705 2.5119e-01     6.8915      4.356      6.318    10.8066 0.0000e+00
      4.385     -0.202     9.2571     83.542     47.288  33.868555     0.1909      6.943   351.6062 3.1544e-01     6.8013      4.300      6.237    10.8060 0.0000e+00
      4.326     -0.187     9.2596     83.545     47.289  33.868555     0.2128      6.941   351.7198 3.4403e-01     6.8915      4.242      6.153    10.8058 0.0000e+00
      4.266     -0.154     9.2584     83.540     47.212  33.812723     0.2018      6.939   352.4391 3.6589e-01     6.9366      4.183      6.067    10.8067 0.0000e+00
      4.221     -0.110     9.2595     83.503     47.293  33.868556     0.1872      6.940   352.1741 3.6383e-01     6.7863      4.139      6.003    10.8081 0.0000e+00
      4.188     -0.069     9.2522     83.473     47.220  33.812724     0.1762      6.939   351.9848 3.6932e-01     6.8163      4.107      5.957    10.8083 0.0000e+00
      4.195     -0.043     9.2527     83.461     47.264  33.840640     0.2018      6.937   349.0698 3.6652e-01     6.8764      4.114      5.966    10.8077 0.0000e+00
      4.219     -0.043     9.2523     83.393     47.307  33.868556     0.1945      6.942   351.6441 3.5765e-01     6.9516      4.138      6.002    10.8069 0.0000e+00
      4.231     -0.070     9.2487     83.280     47.309  33.868556     0.2128      6.943   351.5305 3.5687e-01     6.9666      4.149      6.017    10.8042 0.0000e+00
      4.222     -0.117     9.2462     83.163     47.310  33.868556     0.2055      6.941   351.6441 3.4929e-01     6.8163      4.141      6.005    10.8007 0.0000e+00
      4.182     -0.173     9.2455     83.129     47.231  33.812724     0.1872      6.944   352.4769 3.9398e-01     6.8915      4.101      5.948    10.7973 0.0000e+00
      4.105     -0.221     9.2388     83.100     47.384  33.924388     0.2128      6.944   352.3634 4.4650e-01     6.8915      4.026      5.839    10.7943 0.0000e+00
      4.021     -0.240     9.2266     82.750     47.341  33.896471     0.1835      6.943   349.9783 5.1166e-01     6.7712      3.943      5.719    10.7924 0.0000e+00
      3.942     -0.224     9.2138     83.052     47.299  33.868555     0.1945      6.940   350.9248 5.3077e-01     6.8915      3.866      5.607    10.7917 0.0000e+00
      3.876     -0.183     9.2098     83.063     47.297  33.868555     0.1689      6.937   351.0005 5.5226e-01     6.8764      3.801      5.512    10.7925 0.0000e+00
      3.822     -0.130     9.2061     83.159     47.298  33.868555     0.1835      6.934   351.2276 5.4535e-01     6.8614      3.748      5.436    10.7947 0.0000e+00
      3.807     -0.078     9.1668     83.192     47.222  33.812723     0.2128      6.934   352.4012 5.3458e-01     7.0418      3.734      5.415    10.7975 0.0000e+00
      3.824     -0.036     9.1997     83.057     47.224  33.812723     0.1872      6.933   352.0984 5.3854e-01     6.8464      3.750      5.439    10.8001 0.0000e+00
      3.830     -0.011     9.2006     83.071     47.189  33.784807     0.2348      6.930   350.7733 5.7027e-01     6.8313      3.756      5.447    10.8015 0.0000e+00
      3.829     -0.013     9.2113     82.882     47.230  33.812723     0.1799      6.929   351.6062 5.1601e-01     6.8163      3.755      5.446    10.8010 0.0000e+00
      3.831     -0.044     9.2153     82.913     47.311  33.868555     0.1799      6.932   351.7576 5.2322e-01     6.9816      3.757      5.449    10.7995 0.0000e+00
      3.830     -0.092     9.2008     82.683     47.311  33.868555     0.2202      6.937   352.0226 5.1011e-01     6.9065      3.756      5.448    10.7974 0.0000e+00
      3.814     -0.144     9.2029     82.567     47.231  33.812723     0.1652      6.940   352.1362 5.3551e-01     6.7562      3.740      5.425    10.7950 0.0000e+00
      3.764     -0.191     9.1823     82.697     47.305  33.868554     0.1872      6.941   352.0226 5.7950e-01     6.8464      3.691      5.354    10.7929 0.0000e+00
      3.691     -0.218     9.1861     82.855     47.338  33.896470     0.1835      6.942   352.9312 6.0928e-01     6.8464      3.619      5.249    10.7912 0.0000e+00
      3.612     -0.214     9.1607     82.956     47.293  33.868553     0.2238      6.938   353.3855 6.4546e-01     7.1921      3.542      5.137    10.7911 0.0000e+00
      3.531     -0.186     9.1476     83.084     47.288  33.868553     0.2018      6.937   353.5748 6.9819e-01     7.2372      3.462      5.022    10.7923 0.0000e+00
      3.463     -0.140     9.1614     83.128     47.286  33.868553     0.1835      6.937   353.3098 7.4853e-01     7.0718      3.396      4.925    10.7953 0.0000e+00
      3.454     -0.087     9.1779     83.062     47.210  33.812721     0.1909      6.940   353.6884 6.7863e-01     7.0418      3.387      4.913    10.7998 0.0000e+00
      3.472     -0.039     9.1881     82.879     47.252  33.840637     0.1616      6.940   354.2184 6.9336e-01     7.1320      3.405      4.939    10.8046 0.0000e+00
      3.477     -0.010     9.2015     82.555     47.295  33.868553     0.2128      6.938   354.7484 6.5919e-01     7.2071      3.410      4.946    10.8083 0.0000e+00
      3.478     -0.013     9.2061     82.189     47.219  33.812721     0.2238      6.936   355.2405 6.7189e-01     7.1770      3.411      4.947    10.8096 0.0000e+00
      3.485     -0.048     9.1990     81.978     47.298  33.868553     0.1872      6.935   355.6191 6.6565e-01     7.0869      3.417      4.956    10.8083 0.0000e+00
      3.484     -0.100     9.1793     81.737     47.297  33.868553     0.1945      6.932   355.9598 6.6464e-01     7.0418      3.416      4.955    10.8058 0.0000e+00
      3.459     -0.159     9.1439     81.638     47.371  33.924385     0.2165      6.933   356.1112 7.0826e-01     7.2372      3.392      4.919    10.8034 0.0000e+00
      3.404     -0.216     9.1038     81.765     47.404  33.952300     0.2275      6.938   352.8934 7.3630e-01     7.2071      3.338      4.841    10.8014 0.0000e+00
      3.330     -0.248     9.0807     82.140     47.432  33.980215     0.2018      6.933   354.2184 8.1144e-01     7.1921      3.266      4.737    10.8004 0.0000e+00
      3.243     -0.245     9.0537     82.351     47.416  33.980214     0.1799      6.929   352.5148 9.0635e-01     7.1320      3.180      4.613    10.8012 0.0000e+00
      3.144     -0.214     9.0422     82.423     47.326  33.924381     0.1982      6.932   351.9848 9.2864e-01     7.1320      3.083      4.472    10.8044 0.0000e+00
      3.061     -0.164     9.0552     82.426     47.321  33.924380     0.2238      6.932   353.1584 9.5706e-01     7.1169      3.002      4.354    10.8094 0.0000e+00
      3.050     -0.107     9.0950     82.131     47.241  33.868548     0.2165      6.932   353.5369 9.3815e-01     7.0718      2.991      4.338    10.8176 0.0000e+00
      3.070     -0.053     9.1158     81.439     47.281  33.896464     0.1872      6.931   347.8205 9.6018e-01     7.1770      3.011      4.366    10.8294 0.0000e+00
      3.076     -0.020     9.1219     80.474     47.324  33.924380     0.2092      6.932   349.7133 9.6813e-01     6.9366      3.017      4.376    10.8384 0.0000e+00
      3.076     -0.023     9.1213     79.282     47.328  33.924380     0.1872      6.930   348.5398 9.3815e-01     7.1320      3.016      4.375    10.8427 0.0000e+00
      3.080     -0.063     9.0884     78.223     47.328  33.924380     0.2055      6.932   347.8583 9.4921e-01     7.2071      3.020      4.381    10.8443 0.0000e+00
      3.075     -0.121     9.0119     77.516     47.402  33.980212     0.2018      6.931   349.9026 9.5831e-01     7.0267      3.016      4.374    10.8432 0.0000e+00
      3.041     -0.180     8.9058     77.238     47.625  34.147709     0.1945      6.933   349.6376 1.0174e+00     6.8464      2.982      4.326    10.8402 0.0000e+00
      2.976     -0.237     8.7744     77.441     47.716  34.231457     0.1799      6.930   339.9083 1.0490e+00     6.9666      2.918      4.233    10.8374 0.0000e+00
      2.896     -0.270     8.6574     77.780     47.761  34.287287     0.2055      6.926   334.3433 1.1543e+00     6.9366      2.840      4.119    10.8368 0.0000e+00
      2.803     -0.268     8.5785     78.388     47.646  34.231451     0.2092      6.919   323.8190 1.1689e+00     6.9516      2.749      3.987    10.8399 0.0000e+00
      2.708     -0.236     8.5461     78.702     47.613  34.231448     0.3264      6.921   320.4497 1.2983e+00     5.4335      2.656      3.852    10.8481 0.0000e+00
      2.622     -0.185     8.5648     78.438     47.974  34.510614     0.3117      6.920   308.4111 1.3701e+00     5.3734      2.571      3.729    10.8672 0.0000e+00
      2.597     -0.126     8.5974     77.330     47.785  34.398943     0.3190      6.921   300.1582 1.3583e+00     5.5989      2.546      3.693    10.8918 0.0000e+00
      2.606     -0.074     8.6589     75.216     47.837  34.454775     0.3447      6.919   287.2110 1.3568e+00     5.6590      2.556      3.707    10.9204 0.0000e+00
      2.610     -0.046     8.6886     72.482     47.730  34.398938     0.2934      6.923   278.3146 1.3731e+00     5.4636      2.559      3.712    10.9452 0.0000e+00
      2.610     -0.054     8.6553     69.480     47.856  34.510603     0.3044      6.921   270.6295 1.3547e+00     5.2081      2.559      3.712    10.9655 0.0000e+00
      2.611     -0.102     8.5281     66.452     48.098  34.706020     0.3007      6.922   268.8503 1.3650e+00     5.1029      2.560      3.713    10.9904 0.0000e+00
      2.597     -0.172     8.2912     63.442     48.210  34.817686     0.3740      6.918   266.8817 1.3838e+00     5.3283      2.547      3.694    11.0100 0.0000e+00
      2.543     -0.246     7.9858     60.296     48.471  35.041022     0.3300      6.917   264.4588 1.4888e+00     5.2081      2.494      3.617    11.0322 0.0000e+00
      2.458     -0.301     7.6511     58.277     48.823  35.348113     0.3483      6.917   259.0831 1.6160e+00     5.0428      2.411      3.497    11.0541 0.0000e+00
      2.354     -0.318     7.3139     56.731     49.280  35.766879     0.2934      6.908   254.3131 1.7329e+00     4.9376      2.308      3.348    11.0760 0.0000e+00
      2.233     -0.298     6.9775     55.344     49.106  35.766864     0.2934      6.906   251.8523 1.9802e+00     4.9225      2.190      3.176    11.1077 0.0000e+00
      2.115     -0.247     6.6260     54.373     49.021  35.822688     0.3337      6.904   247.9531 2.0973e+00     5.1329      2.074      3.008    11.1439 0.0000e+00
      2.060     -0.178     6.3962     53.544     48.874  35.822675     0.4142      6.904   246.8552 2.1447e+00     3.5848      2.021      2.931    11.1978 0.0000e+00
      2.069     -0.106     6.2138     51.781     48.259  35.459724     0.4399      6.899   250.6031 2.0896e+00     3.5247      2.029      2.942    11.2865 0.0000e+00
      2.074     -0.049     6.0439     49.248     48.210  35.459719     0.4069      6.901   243.4102 2.1023e+00     3.5999      2.034      2.949    11.4152 0.0000e+00
      2.072     -0.027     5.9215     45.954     48.206  35.459719     0.4179      6.901   240.4195 2.0452e+00     3.5247      2.032      2.948    11.5353 0.0000e+00
      2.081     -0.047     5.8166     41.804     48.467  35.655147     0.3373      6.903   238.7537 2.0797e+00     4.8774      2.041      2.960    11.6451 0.0000e+00
      2.082     -0.096     5.6134     37.551     48.568  35.766817     0.3264      6.903   235.3087 2.0937e+00     4.7722      2.042      2.961    11.7364 0.0000e+00
      2.058     -0.159     5.3342     34.353     48.401  35.710971     0.3227      6.899   234.0594 2.1634e+00     4.7121      2.018      2.928    11.7737 0.0000e+00
      2.005     -0.232     4.9771     32.082     48.073  35.571366     0.3007      6.896   242.0852 2.2919e+00     4.6520      1.966      2.852    11.7764 0.0000e+00
      1.934     -0.294     4.5272     31.264     47.821  35.515513     0.4472      6.896   237.2394 2.4545e+00     3.7502      1.897      2.751    11.7798 0.0000e+00
      1.845     -0.320     4.0630     31.657     47.584  35.515492     0.4619      6.894   235.3466 2.7559e+00     3.5247      1.810      2.625    11.8185 0.0000e+00
      1.729     -0.308     3.7112     32.255     47.294  35.515465     0.4252      6.893   230.1223 3.0729e+00     3.4345      1.696      2.460    11.8880 0.0000e+00
      1.599     -0.266     3.4575     32.828     47.096  35.571277     0.4069      6.895   228.9109 3.4600e+00     3.5397      1.568      2.275    11.9944 0.0000e+00
      1.521     -0.202     3.3588     32.426     46.974  35.627095     0.4069      6.896   238.5645 3.4796e+00     3.5397      1.492      2.164    12.1308 0.0000e+00
      1.516     -0.134     3.3869     31.691     46.736  35.571243     0.5021      6.896   236.5202 3.4691e+00     2.7281      1.486      2.156    12.3155 0.0000e+00
      1.515     -0.075     3.4331     29.251     46.628  35.571233     0.5131      6.890   236.3309 3.4272e+00     2.7281      1.485      2.154    12.5447 0.0000e+00
      1.521     -0.044     3.4770     26.507     46.489  35.515390     0.4728      6.895   235.5359 3.4361e+00     2.6229      1.491      2.163    12.7619 0.0000e+00
      1.532     -0.055     3.4224     23.529     46.333  35.459546     0.4912      6.895   229.9709 3.4198e+00     2.6830      1.502      2.179    12.9194 0.0000e+00
      1.524     -0.096     3.3349     20.872     46.159  35.403699     0.5168      6.895   229.2137 3.4955e+00     3.2391      1.494      2.167    13.0520 0.0000e+00
      1.495     -0.148     3.0721     18.391     46.077  35.459521     0.5168      6.902   235.8766 3.6378e+00     3.1189      1.466      2.126    13.1404 0.0000e+00
      1.443     -0.209     2.7805     17.025     45.949  35.515337     0.5278      6.898   235.8766 3.9035e+00     3.1189      1.415      2.053    13.1942 0.0000e+00
