Data/DataNotYetUploadedToEDI/Raw_CTD/RawDownloads/070623_fcr50_S8188001.cnv
* Sea-Bird SBE19plus  Data File:
* FileName = C:\R\Reservoirs\Data\DataNotYetUploadedToEDI\Raw_CTD\RawDownloads\073123_fcr50_S8188_0001.hex
* Software version 2.8.0.119
* Temperature SN = 8188
* Conductivity SN = 8188
* System UpLoad Time = Aug 02 2023 16:14:11
* <ApplicationData>
* <Seaterm232>
# nquan = 16
# nvalues = 1888                        
# units = specified
# name 0 = depFM: Depth [fresh water, m]
# name 1 = dz/dtM: Descent Rate [m/s]
# name 2 = sbeox0Mg/L: Oxygen, SBE 43 [mg/l]
# name 3 = sbeox0PS: Oxygen, SBE 43 [% saturation]
# name 4 = specc: Specific Conductance [uS/cm]
# name 5 = c0uS/cm: Conductivity [uS/cm]
# name 6 = wetCDOM: Fluorescence, WET Labs CDOM [mg/m^3]
# name 7 = flECO-AFL: Fluorescence, WET Labs ECO-AFL/FL [mg/m^3]
# name 8 = flECO-AFL1: Fluorescence, WET Labs ECO-AFL/FL, 2 [mg/m^3]
# name 9 = flECO-AFL2: Fluorescence, WET Labs ECO-AFL/FL, 3 [mg/m^3]
# name 10 = par/sat/log: PAR/Logarithmic, Satlantic
# name 11 = turbWETntu0: Turbidity, WET Labs ECO [NTU]
# name 12 = prdM: Pressure, Strain Gauge [db]
# name 13 = prdE: Pressure, Strain Gauge [psi]
# name 14 = tv290C: Temperature [ITS-90, deg C]
# name 15 = flag:  0.000e+00
# span 0 =     -0.674,      9.487       
# span 1 =     -0.300,      0.168       
# span 2 =    -0.7229,    12.1296       
# span 3 =     -8.029,    149.438       
# span 4 =      0.129,    338.749       
# span 5 =   0.149046, 241.799730       
# span 6 =    -6.5700,    12.9600       
# span 7 =    -2.9422,   245.2458       
# span 8 =    -4.0470,     4.1748       
# span 9 =    -6.5142,    16.5393       
# span 10 = 1.1572e-01, 1.8124e+03      
# span 11 =    -9.9224,   966.4803      
# span 12 =     -0.661,      9.303      
# span 13 =     -0.958,     13.493      
# span 14 =    10.6783,    32.4972      
# span 15 = 0.0000e+00, 0.0000e+00      
# interval = seconds: 0.25
# start_time = Jul 06 2023 14:18:12 [Instrument's time stamp, header]
# bad_flag = -9.990e-29
*END*
[from data line 543]
      1.571      0.003     0.4024      4.336     41.193  35.598938     3.9600     0.4148     0.0000     0.0846 3.2901e+00     0.5385      1.541      2.235    18.2084 0.0000e+00
      1.572      0.003     0.4033      4.354     41.189  35.597190     3.9600     0.4033     0.0000     0.0846 3.2980e+00     0.6588      1.542      2.236    18.2049 0.0000e+00
      1.573      0.003     0.4048      4.369     41.186  35.596774     3.9600     0.3804     0.0426     0.1692 3.2937e+00     0.2379      1.542      2.237    18.2031 0.0000e+00
      1.573      0.003     0.4068      4.382     41.184  35.597578     3.9600     0.4071     0.0426     0.1692 3.3749e+00     0.3281      1.543      2.238    18.2034 0.0000e+00
      1.574      0.003     0.4087      4.398     41.183  35.599816     3.9600     0.4033     0.0426     0.1692 3.3763e+00     0.2680      1.544      2.239    18.2052 0.0000e+00
      1.575      0.003     0.4103      4.417     41.181  35.604084     3.9600     0.3995     0.0426     0.1692 3.4580e+00     0.3882      1.544      2.240    18.2077 0.0000e+00
      1.576      0.003     0.4117      4.437     41.174  35.607561     3.9600     0.4071     0.0000     0.0846 3.5355e+00     0.6137      1.545      2.241    18.2101 0.0000e+00
      1.576      0.003     0.4130      4.453     41.157  35.607212     3.9600     0.4033     0.0000     0.0846 3.5394e+00     0.4634      1.546      2.242    18.2128 0.0000e+00
      1.577      0.003     0.4144      4.466     41.134  35.602945     3.9600     0.3919     0.0000     0.0846 3.6313e+00     0.4784      1.546      2.243    18.2169 0.0000e+00
      1.578      0.003     0.4162      4.473     41.105  35.593624     3.9600     0.3919     0.0000     0.0846 3.6990e+00     0.5536      1.547      2.244    18.2242 0.0000e+00
      1.578      0.003     0.4180      4.475     41.081  35.584686     3.9600     0.4071     0.0000     0.0846 3.7893e+00     0.7339      1.548      2.245    18.2363 0.0000e+00
      1.579      0.003     0.4194      4.478     41.068  35.581670     3.9600     0.3881     0.0426     0.1269 3.9199e+00     0.5385      1.548      2.246    18.2531 0.0000e+00
      1.580      0.003     0.4204      4.482     41.061  35.579811     3.9600     0.3881     0.0426     0.1269 3.9843e+00     0.5385      1.549      2.247    18.2726 0.0000e+00
      1.581      0.003     0.4209      4.485     41.060  35.578613     3.9600     0.4186     0.0426     0.1269 4.1021e+00     0.6137      1.550      2.248    18.2914 0.0000e+00
      1.581      0.003     0.4210      4.487     41.065  35.577757     3.9600     0.4109     0.0426     0.1269 4.1867e+00     0.3582      1.551      2.249    18.3065 0.0000e+00
      1.582      0.003     0.4212      4.495     41.066  35.569093     3.9600     0.4033     0.0000     0.1692 4.3717e+00     0.3582      1.551      2.250    18.3162 0.0000e+00
      1.583      0.003     0.4215      4.508     41.063  35.550309     3.9600     0.3995     0.0000     0.1692 4.4668e+00     0.2079      1.552      2.251    18.3207 0.0000e+00
      1.583      0.002     0.4218      4.525     41.056  35.524318     3.9600     0.4071     0.0000     0.1692 4.5659e+00     0.3882      1.552      2.252    18.3204 0.0000e+00
      1.584      0.002     0.4220      4.542     41.050  35.496072     3.9600     0.4033     0.0000     0.1692 4.6460e+00     0.2680      1.553      2.252    18.3149 0.0000e+00
      1.585      0.002     0.4228      4.563     41.045  35.469919     3.9600     0.4491     0.0426     0.1269 4.7336e+00     0.4033      1.554      2.253    18.3029 0.0000e+00
      1.585      0.002     0.4243      4.591     41.039  35.446808     3.9600     0.4224     0.0426     0.1269 4.7937e+00     0.3281      1.554      2.254    18.2837 0.0000e+00
      1.586      0.002     0.4260      4.629     41.040  35.432457     3.9600     0.3995     0.0426     0.1269 4.8777e+00     0.3281      1.555      2.255    18.2586 0.0000e+00
      1.586      0.002     0.4279      4.677     41.051  35.430960     3.9600     0.3995     0.0426     0.1269 4.9407e+00     0.2830      1.555      2.256    18.2311 0.0000e+00
      1.586      0.002     0.4301      4.730     41.065  35.433997     3.8700     0.4033     0.0000     0.0846 4.9182e+00     0.4033      1.556      2.256    18.2047 0.0000e+00
      1.587      0.002     0.4330      4.782     41.068  35.430493     3.8700     0.4071     0.0000     0.0846 4.9075e+00     0.3131      1.556      2.257    18.1822 0.0000e+00
      1.587      0.002     0.4368      4.830     41.061  35.419514     3.8700     0.3919     0.0000     0.0846 4.8820e+00     0.3432      1.557      2.258    18.1641 0.0000e+00
      1.588      0.002     0.4414      4.882     41.051  35.406054     3.8700     0.4033     0.0000     0.0846 4.8376e+00     0.2981      1.557      2.259    18.1503 0.0000e+00
      1.589      0.002     0.4465      4.940     41.038  35.390486     3.8700     0.4148     0.0000     0.0846 4.8124e+00     0.2981      1.558      2.260    18.1399 0.0000e+00
      1.589      0.002     0.4514      4.998     41.017  35.368657     3.9600     0.3957     0.0426     0.0846 4.7718e+00     0.3732      1.558      2.260    18.1320 0.0000e+00
      1.590      0.002     0.4561      5.057     40.992  35.342668     3.9600     0.4148     0.0426     0.0846 4.6896e+00     0.3432      1.559      2.261    18.1256 0.0000e+00
      1.590      0.002     0.4610      5.112     40.973  35.321433     3.9600     0.4415     0.0426     0.0846 4.6008e+00     0.3732      1.560      2.262    18.1200 0.0000e+00
      1.591      0.002     0.4665      5.160     40.962  35.307211     3.9600     0.3957     0.0426     0.0846 4.5323e+00     0.4333      1.560      2.263    18.1147 0.0000e+00
      1.592      0.003     0.4721      5.202     40.954  35.296210     3.9600     0.4148     0.0426     0.0846 4.4629e+00     0.2830      1.561      2.264    18.1095 0.0000e+00
      1.593      0.003     0.4776      5.237     40.946  35.285495     3.9600     0.4148     0.0426     0.0846 4.3292e+00     0.2981      1.562      2.265    18.1042 0.0000e+00
      1.593      0.003     0.4829      5.263     40.939  35.276170     3.9600     0.4300     0.0426     0.0846 4.2178e+00     0.3131      1.562      2.266    18.0988 0.0000e+00
      1.594      0.003     0.4875      5.280     40.934  35.269709     3.9600     0.3995     0.0426     0.0846 4.1667e+00     0.3582      1.563      2.267    18.0934 0.0000e+00
      1.595      0.003     0.4916      5.293     40.930  35.264390     3.9600     0.3919     0.0426     0.1269 4.0533e+00     0.3582      1.564      2.268    18.0883 0.0000e+00
      1.595      0.003     0.4949      5.306     40.926  35.258793     3.9600     0.4071     0.0426     0.1269 3.9456e+00     0.4033      1.564      2.269    18.0837 0.0000e+00
      1.596      0.003     0.4973      5.322     40.916  35.247465     3.9600     0.3995     0.0426     0.1269 3.9038e+00     0.3882      1.565      2.270    18.0798 0.0000e+00
      1.597      0.003     0.4990      5.342     40.903  35.233327     3.9600     0.3957     0.0426     0.1269 3.8008e+00     0.4333      1.566      2.271    18.0769 0.0000e+00
      1.597      0.003     0.5003      5.363     40.899  35.226472     3.9600     0.4224     0.0426     0.0846 3.7614e+00     0.2680      1.566      2.272    18.0746 0.0000e+00
      1.598      0.003     0.5015      5.382     40.899  35.223091     3.9600     0.3995     0.0426     0.0846 3.7006e+00     0.3131      1.567      2.273    18.0722 0.0000e+00
      1.599      0.003     0.5031      5.398     40.895  35.216341     3.9600     0.3919     0.0426     0.0846 3.6741e+00     0.2830      1.568      2.274    18.0690 0.0000e+00
      1.600      0.003     0.5050      5.415     40.885  35.204423     3.9600     0.3919     0.0426     0.0846 3.5664e+00     0.3281      1.569      2.275    18.0651 0.0000e+00
      1.601      0.003     0.5070      5.432     40.869  35.186137     3.9600     0.3995     0.0426     0.0846 3.5309e+00     0.3131      1.570      2.276    18.0610 0.0000e+00
      1.601      0.004     0.5088      5.452     40.850  35.164531     3.9600     0.4071     0.0000     0.0846 3.5095e+00     0.3281      1.570      2.277    18.0571 0.0000e+00
      1.602      0.004     0.5104      5.478     40.833  35.143744     3.9600     0.3461     0.0000     0.0846 3.4905e+00     0.3432      1.571      2.279    18.0532 0.0000e+00
      1.604      0.004     0.5120      5.512     40.820  35.126155     3.9600     0.3575     0.0000     0.0846 3.4028e+00     0.3732      1.573      2.280    18.0487 0.0000e+00
      1.605      0.004     0.5137      5.556     40.809  35.111034     3.9600     0.3194     0.0000     0.0846 3.3588e+00     0.3582      1.574      2.282    18.0432 0.0000e+00
      1.606      0.004     0.5157      5.608     40.794  35.094349     3.9600     0.3346     0.0426     0.0846 3.3261e+00     0.3732      1.575      2.284    18.0364 0.0000e+00
      1.607      0.004     0.5182      5.664     40.782  35.079572     3.9600     0.3842     0.0426     0.0846 3.2652e+00     0.3131      1.576      2.285    18.0288 0.0000e+00
      1.608      0.004     0.5215      5.720     40.771  35.066724     3.9600     0.4071     0.0426     0.0846 3.2299e+00     0.2680      1.577      2.287    18.0214 0.0000e+00
      1.609      0.004     0.5257      5.769     40.754  35.048417     3.9600     0.3995     0.0426     0.0846 3.1674e+00     0.4333      1.578      2.288    18.0148 0.0000e+00
      1.610      0.004     0.5307      5.812     40.739  35.031652     3.9600     0.4071     0.0000     0.0846 3.1826e+00     0.3582      1.579      2.290    18.0093 0.0000e+00
      1.611      0.004     0.5361      5.847     40.736  35.023841     3.9600     0.4033     0.0000     0.0846 3.1523e+00     0.2981      1.580      2.291    18.0045 0.0000e+00
      1.612      0.005     0.5414      5.877     40.735  35.018941     3.9600     0.3804     0.0000     0.0846 3.1284e+00     0.2981      1.581      2.293    18.0001 0.0000e+00
      1.613      0.005     0.5461      5.901     40.732  35.011684     3.9600     0.4071     0.0000     0.0846 3.1318e+00     0.2981      1.582      2.295    17.9956 0.0000e+00
      1.615      0.006     0.5502      5.918     40.728  35.004094     3.9600     0.3919     0.0000     0.0846 3.1230e+00     0.2830      1.584      2.297    17.9905 0.0000e+00
      1.616      0.007     0.5536      5.929     40.722  34.994149     3.9600     0.3766     0.0426     0.0423 3.0966e+00     0.3432      1.585      2.299    17.9850 0.0000e+00
      1.618      0.008     0.5565      5.939     40.707  34.975233     3.9600     0.3804     0.0426     0.0423 3.1406e+00     0.3582      1.587      2.301    17.9793 0.0000e+00
      1.620      0.009     0.5589      5.945     40.685  34.950227     3.9600     0.3766     0.0426     0.0423 3.0986e+00     0.3882      1.589      2.304    17.9737 0.0000e+00
      1.622      0.011     0.5605      5.946     40.673  34.932264     3.9600     0.3995     0.0426     0.0423 3.1027e+00     0.2680      1.591      2.308    17.9682 0.0000e+00
      1.625      0.012     0.5617      5.943     40.678  34.928439     3.9600     0.3995     0.0000     0.0846 3.1148e+00     0.4333      1.594      2.312    17.9623 0.0000e+00
      1.629      0.014     0.5627      5.934     40.685  34.925847     3.9600     0.4071     0.0000     0.0846 3.0939e+00     0.2830      1.597      2.316    17.9554 0.0000e+00
      1.632      0.017     0.5633      5.918     40.686  34.915876     3.9600     0.4148     0.0000     0.0846 3.0685e+00     0.3582      1.601      2.322    17.9474 0.0000e+00
      1.637      0.020     0.5636      5.893     40.692  34.907749     3.9600     0.3804     0.0000     0.0846 3.0751e+00     0.2680      1.605      2.328    17.9384 0.0000e+00
      1.642      0.023     0.5634      5.852     40.710  34.907219     3.9600     0.4071     0.0000     0.0423 3.0738e+00     0.2981      1.610      2.335    17.9286 0.0000e+00
      1.648      0.027     0.5627      5.791     40.728  34.902264     3.9600     0.4262     0.0000     0.0423 3.0765e+00     0.2379      1.616      2.344    17.9178 0.0000e+00
      1.655      0.031     0.5613      5.703     40.734  34.883638     3.9600     0.4071     0.0000     0.0423 3.0532e+00     0.2981      1.623      2.354    17.9048 0.0000e+00
      1.664      0.035     0.5590      5.578     40.734  34.858256     3.9600     0.4224     0.0000     0.0423 3.0103e+00     0.3882      1.632      2.366    17.8887 0.0000e+00
      1.673      0.039     0.5554      5.398     40.729  34.827272     3.9600     0.4186     0.0000     0.0846 2.9869e+00     0.5235      1.641      2.380    17.8682 0.0000e+00
      1.684      0.043     0.5498      5.152     40.715  34.786382     3.9600     0.3995     0.0000     0.0846 2.9572e+00     0.6137      1.652      2.395    17.8433 0.0000e+00
      1.696      0.045     0.5418      4.851     40.686  34.732602     3.9600     0.3919     0.0000     0.0846 2.9151e+00     0.5836      1.663      2.412    17.8149 0.0000e+00
      1.708      0.047     0.5302      4.516     40.638  34.663473     3.9600     0.3995     0.0000     0.0846 2.8008e+00     0.5836      1.675      2.430    17.7837 0.0000e+00
      1.721      0.048     0.5134      4.179     40.579  34.586306     3.9600     0.3537     0.0000     0.0846 2.7929e+00     0.6137      1.688      2.448    17.7501 0.0000e+00
      1.734      0.049     0.4904      3.878     40.527  34.516170     3.8700     0.3232     0.0426     0.0846 2.7838e+00     0.6137      1.700      2.466    17.7144 0.0000e+00
      1.746      0.049     0.4621      3.655     40.488  34.456145     3.8700     0.3232     0.0426     0.0846 2.7736e+00     0.5686      1.712      2.484    17.6787 0.0000e+00
      1.759      0.049     0.4305      3.540     40.453  34.398146     3.8700     0.3423     0.0426     0.0846 2.7490e+00     0.5536      1.725      2.501    17.6446 0.0000e+00
      1.771      0.049     0.3986      3.550     40.411  34.334627     3.8700     0.3423     0.0426     0.0846 2.7063e+00     0.5536      1.737      2.519    17.6119 0.0000e+00
      1.784      0.050     0.3702      3.677     40.358  34.260531     3.8700     0.3499     0.0852     0.1269 2.6406e+00     0.5686      1.749      2.537    17.5795 0.0000e+00
      1.796      0.050     0.3491      3.892     40.302  34.181843     3.8700     0.3423     0.0852     0.1269 2.6332e+00     0.5836      1.762      2.555    17.5462 0.0000e+00
      1.809      0.051     0.3385      4.163     40.257  34.109265     3.8700     0.3499     0.0852     0.1269 2.6366e+00     0.5385      1.774      2.573    17.5118 0.0000e+00
      1.822      0.052     0.3397      4.457     40.229  34.049187     3.8700     0.3919     0.0852     0.1269 2.5811e+00     0.5235      1.787      2.592    17.4766 0.0000e+00
      1.836      0.051     0.3521      4.742     40.211  34.001430     3.8700     0.4186     0.0426     0.1269 2.5515e+00     0.5235      1.800      2.611    17.4407 0.0000e+00
      1.850      0.051     0.3730      4.993     40.190  33.957217     3.8700     0.4376     0.0426     0.1269 2.4799e+00     0.6588      1.814      2.631    17.4023 0.0000e+00
      1.863      0.049     0.3994      5.195     40.158  33.912679     3.8700     0.4033     0.0426     0.1269 2.4398e+00     0.5836      1.827      2.650    17.3597 0.0000e+00
      1.876      0.047     0.4280      5.344     40.116  33.867820     3.8700     0.3766     0.0426     0.1269 2.4499e+00     0.6888      1.839      2.668    17.3149 0.0000e+00
      1.887      0.045     0.4558      5.435     40.058  33.814639     3.7800     0.4148     0.0000     0.1269 2.4046e+00     0.5836      1.851      2.684    17.2738 0.0000e+00
      1.898      0.043     0.4802      5.465     39.989  33.750837     3.7800     0.3766     0.0000     0.1269 2.3936e+00     0.5836      1.861      2.700    17.2413 0.0000e+00
