Data/DataNotYetUploadedToEDI/Raw_CTD/RawDownloads/070623_fcr50_S7809002.cnv
* Sea-Bird SBE19plus  Data File:
* FileName = C:\R\Reservoirs\Data\DataNotYetUploadedToEDI\Raw_CTD\RawDownloads\073123_fcr50_S7809_0002.hex
* Software version 2.8.0.119
* Temperature SN = 7809
* Conductivity SN = 7809
* System UpLoad Time = Aug 03 2023 12:33:48
* <ApplicationData>
* <Seaterm232>
# nquan = 15
# nvalues = 1834                        
# units = specified
# name 0 = depFM: Depth [fresh water, m]
# name 1 = dz/dtM: Descent Rate [m/s]
# name 2 = sbeox0Mg/L: Oxygen, SBE 43 [mg/l]
# name 3 = sbeox0PS: Oxygen, SBE 43 [% saturation]
# name 4 = specc: Specific Conductance [uS/cm]
# name 5 = c0uS/cm: Conductivity [uS/cm]
# name 6 = flECO-AFL: Fluorescence, WET Labs ECO-AFL/FL [mg/m^3]
# name 7 = ph: pH
# name 8 = orp: Oxidation Reduction Potential [mV]
# name 9 = par/sat/log: PAR/Logarithmic, Satlantic
# name 10 = turbWETntu0: Turbidity, WET Labs ECO [NTU]
# name 11 = prdM: Pressure, Strain Gauge [db]
# name 12 = prdE: Pressure, Strain Gauge [psi]
# name 13 = tv290C: Temperature [ITS-90, deg C]
# name 14 = flag:  0.000e+00
# span 0 =     -0.676,      9.528       
# span 1 =     -0.320,      0.175       
# span 2 =     0.1474,    13.7308       
# span 3 =      1.495,    170.046       
# span 4 =      0.357,    169.813       
# span 5 =   0.424875, 121.435601       
# span 6 =    -2.2115,     9.3866       
# span 7 =     -1.799,      9.806       
# span 8 = -1240.7455,  1240.2295       
# span 9 = 1.2313e-01, 2.2162e+03       
# span 10 =    -2.2168,   957.6378      
# span 11 =     -0.663,      9.343      
# span 12 =     -0.961,     13.551      
# span 13 =    10.7302,    34.4363      
# span 14 = 0.0000e+00, 0.0000e+00      
# interval = seconds: 0.25
# start_time = Jul 06 2023 10:35:17 [Instrument's time stamp, header]
# bad_flag = -9.990e-29
*END*
[from data line 1254]
      6.831      0.041     9.2288     83.362     46.995  33.617325     0.2092      7.162   324.5383 1.2350e-01     6.6510      6.699      9.716    10.7661 0.0000e+00
      6.840      0.036     9.2346     83.402     46.995  33.617325     0.1652      7.160   324.4247 1.2350e-01     6.5909      6.708      9.729    10.7659 0.0000e+00
      6.844      0.031     9.2412     83.463     47.113  33.701072     0.1945      7.159   326.2418 1.2350e-01     6.7111      6.712      9.735    10.7653 0.0000e+00
      6.853      0.027     9.2420     83.428     47.074  33.673156     0.2421      7.158   324.6140 1.2326e-01     7.0117      6.721      9.748    10.7649 0.0000e+00
      6.862      0.024     9.2417     83.480     46.995  33.617325     0.1945      7.157   324.2354 1.2334e-01     6.9516      6.729      9.760    10.7644 0.0000e+00
      6.863      0.022     9.2462     83.439     46.995  33.617325     0.1872      7.157   322.4561 1.2361e-01     6.8013      6.731      9.762    10.7641 0.0000e+00
      6.866      0.020     9.2530     83.443     46.995  33.617325     0.1799      7.155   322.8726 1.2337e-01     6.8313      6.733      9.765    10.7637 0.0000e+00
      6.875      0.020     9.2491     83.438     46.994  33.617325     0.2348      7.154   323.0240 1.2334e-01     6.8163      6.742      9.779    10.7640 0.0000e+00
      6.883      0.023     9.2548     83.473     47.032  33.645241     0.2348      7.154   329.4976 1.2356e-01     6.7863      6.750      9.790    10.7643 0.0000e+00
      6.884      0.031     9.2502     83.428     46.993  33.617325     0.2311      7.157   327.4154 1.2340e-01     6.7863      6.751      9.791    10.7642 0.0000e+00
      6.886      0.043     9.2506     83.451     47.071  33.673157     0.1872      7.155   326.9990 1.2326e-01     6.6510      6.753      9.794    10.7645 0.0000e+00
      6.897      0.053     9.2500     83.530     46.994  33.617325     0.1762      7.152   323.5540 1.2348e-01     6.6961      6.763      9.809    10.7649 0.0000e+00
      6.913      0.059     9.2537     83.537     47.073  33.673157     0.2385      7.149   323.4783 1.2350e-01     7.0568      6.779      9.833    10.7658 0.0000e+00
      6.936      0.061     9.2487     83.529     47.112  33.701073     0.2348      7.148   333.2454 1.2348e-01     6.9816      6.802      9.865    10.7660 0.0000e+00
      6.965      0.059     9.2513     83.523     46.991  33.617325     0.2202      7.151   333.0940 1.2359e-01     6.9516      6.830      9.907    10.7656 0.0000e+00
      6.984      0.052     9.2601     83.481     47.057  33.673155     0.1616      7.146   328.1347 1.2324e-01     6.8614      6.849      9.933    10.7653 0.0000e+00
      6.984      0.041     9.2611     83.429     46.975  33.617323     0.1835      7.147   327.7183 1.2350e-01     6.6810      6.849      9.933    10.7645 0.0000e+00
      6.986      0.030     9.2603     83.426     47.058  33.673156     0.2348      7.146   327.7561 1.2356e-01     6.7562      6.851      9.937    10.7641 0.0000e+00
      6.996      0.022     9.2588     83.394     46.985  33.617324     0.2018      7.145   323.8947 1.2348e-01     6.6209      6.861      9.951    10.7677 0.0000e+00
      7.002      0.019     9.2523     83.345     47.026  33.645240     0.2018      7.144   334.5704 1.2340e-01     6.7261      6.867      9.960    10.7765 0.0000e+00
      7.004      0.020     9.2459     83.411     46.986  33.617324     0.1872      7.146   331.9583 1.2356e-01     6.6209      6.869      9.962    10.7794 0.0000e+00
      7.007      0.021     9.2464     83.457     46.986  33.617325     0.2092      7.146   331.8069 1.2350e-01     6.8464      6.871      9.966    10.7757 0.0000e+00
      7.016      0.021     9.2437     83.462     47.063  33.673156     0.2238      7.144   331.1633 1.2348e-01     6.8464      6.881      9.980    10.7717 0.0000e+00
      7.021      0.019     9.2385     83.436     46.983  33.617324     0.2128      7.143   326.3554 1.2340e-01     6.7712      6.886      9.987    10.7705 0.0000e+00
      7.023      0.017     9.2457     83.411     47.061  33.673156     0.1909      7.143   326.5826 1.2356e-01     6.5608      6.887      9.989    10.7713 0.0000e+00
      7.034      0.018     9.2508     83.380     47.097  33.701072     0.2055      7.142   336.3876 1.2361e-01     6.6510      6.898     10.004    10.7709 0.0000e+00
      7.039      0.021     9.2511     83.373     47.057  33.673156     0.1799      7.142   335.1383 1.2340e-01     6.7562      6.903     10.012    10.7721 0.0000e+00
      7.034      0.022     9.2480     83.359     46.985  33.617324     0.2348      7.142   335.1762 1.2340e-01     6.8464      6.898     10.005    10.7732 0.0000e+00
      7.034      0.020     9.2451     83.258     46.986  33.617325     0.1945      7.142   335.2897 1.2350e-01     6.6209      6.898     10.004    10.7738 0.0000e+00
      7.051      0.019     9.2412     83.283     47.061  33.673156     0.1872      7.142   330.6333 1.2350e-01     6.6209      6.915     10.029    10.7755 0.0000e+00
      7.068      0.024     9.2403     83.313     46.979  33.617324     0.2311      7.141   330.2547 1.2340e-01     6.6961      6.931     10.053    10.7766 0.0000e+00
      7.064      0.033     9.2397     83.314     47.098  33.701072     0.1945      7.140   336.9176 1.2345e-01     6.7863      6.927     10.047    10.7720 0.0000e+00
      7.059      0.037     9.2287     83.385     47.067  33.673157     0.2092      7.138   336.5012 1.2348e-01     6.7261      6.922     10.040    10.7714 0.0000e+00
      7.069      0.035     9.2310     83.395     46.993  33.617325     0.1945      7.138   336.8419 1.2350e-01     6.6360      6.932     10.055    10.7733 0.0000e+00
      7.091      0.034     9.2336     83.452     47.074  33.673157     0.1872      7.137   333.5862 1.2356e-01     6.5909      6.954     10.086    10.7768 0.0000e+00
      7.110      0.036     9.2341     83.412     46.995  33.617326     0.2165      7.135   333.4347 1.2332e-01     6.7562      6.972     10.113    10.7753 0.0000e+00
      7.118      0.038     9.2431     83.375     46.994  33.617326     0.2092      7.135   333.4726 1.2353e-01     6.7111      6.980     10.124    10.7692 0.0000e+00
      7.118      0.037     9.2451     83.425     47.113  33.701073     0.2311      7.136   335.7062 1.2340e-01     6.7562      6.980     10.124    10.7656 0.0000e+00
      7.117      0.035     9.2518     83.370     47.075  33.673157     0.1652      7.136   336.1983 1.2329e-01     6.6209      6.980     10.123    10.7638 0.0000e+00
      7.126      0.034     9.2473     83.407     46.998  33.617326     0.1725      7.135   336.1226 1.2345e-01     6.6660      6.988     10.135    10.7641 0.0000e+00
      7.145      0.037     9.2430     83.459     47.076  33.673158     0.2238      7.135   335.8576 1.2359e-01     6.7562      7.006     10.162    10.7647 0.0000e+00
      7.162      0.040     9.2487     83.454     46.998  33.617326     0.2092      7.132   335.3276 1.2334e-01     6.6360      7.024     10.187    10.7639 0.0000e+00
      7.170      0.040     9.2429     83.490     46.999  33.617326     0.1982      7.131   335.1762 1.2369e-01     6.7562      7.031     10.198    10.7630 0.0000e+00
      7.174      0.035     9.2472     83.565     47.116  33.701074     0.1799      7.131   334.0783 1.2345e-01     6.7261      7.035     10.203    10.7621 0.0000e+00
      7.182      0.028     9.2530     83.674     46.999  33.617326     0.1872      7.130   335.7062 1.2329e-01     6.6209      7.043     10.215    10.7618 0.0000e+00
      7.192      0.022     9.2525     83.627     46.998  33.617326     0.2165      7.128   335.5169 1.2340e-01     6.6810      7.052     10.229    10.7617 0.0000e+00
      7.198      0.018     9.2564     83.636     47.072  33.673157     0.1909      7.128   335.8576 1.2340e-01     6.7712      7.059     10.238    10.7615 0.0000e+00
      7.201      0.014     9.2648     83.583     46.986  33.617325     0.1799      7.126   335.0626 1.2337e-01     6.6209      7.062     10.243    10.7615 0.0000e+00
      7.203      0.010     9.2769     83.544     46.982  33.617325     0.2165      7.124   335.1004 1.2334e-01     6.7261      7.064     10.245    10.7614 0.0000e+00
      7.204      0.007     9.2715     83.505     47.018  33.645240     0.2238      7.125   333.6619 1.2329e-01     6.7412      7.064     10.246    10.7619 0.0000e+00
      7.203      0.006     9.2718     83.376     46.978  33.617324     0.2238      7.123   334.4569 1.2334e-01     6.7562      7.064     10.246    10.7655 0.0000e+00
      7.204      0.008     9.2648     83.346     46.978  33.617324     0.1799      7.122   334.7976 1.2329e-01     6.6660      7.065     10.247    10.7710 0.0000e+00
      7.208      0.012     9.2598     83.332     46.981  33.617325     0.1945      7.122   334.9869 1.2350e-01     6.6510      7.068     10.252    10.7744 0.0000e+00
      7.211      0.018     9.2549     83.373     46.987  33.617325     0.2494      7.122   335.2519 1.2356e-01     6.7261      7.071     10.256    10.7765 0.0000e+00
      7.213      0.024     9.2404     83.426     47.109  33.701073     0.2421      7.120   333.5862 1.2342e-01     6.8013      7.074     10.260    10.7776 0.0000e+00
      7.220      0.029     9.2372     83.437     46.995  33.617326     0.2165      7.121   334.1162 1.2342e-01     6.9065      7.080     10.269    10.7773 0.0000e+00
      7.231      0.034     9.2361     83.481     46.997  33.617326     0.1872      7.121   334.3812 1.2348e-01     6.6209      7.091     10.285    10.7748 0.0000e+00
      7.243      0.036     9.2416     83.507     46.998  33.617326     0.1872      7.117   334.3054 1.2340e-01     6.5608      7.103     10.302    10.7703 0.0000e+00
      7.251      0.037     9.2484     83.609     47.076  33.673158     0.2202      7.119   334.4947 1.2340e-01     6.8915      7.111     10.314    10.7664 0.0000e+00
      7.263      0.035     9.2501     83.657     46.997  33.617326     0.2165      7.116   334.1540 1.2316e-01     7.0117      7.122     10.330    10.7641 0.0000e+00
      7.272      0.031     9.2551     83.677     47.114  33.701074     0.2092      7.118   335.2897 1.2350e-01     7.0117      7.132     10.344    10.7630 0.0000e+00
      7.279      0.027     9.2582     83.727     46.997  33.617326     0.1725      7.116   334.7219 1.2350e-01     6.9065      7.139     10.354    10.7624 0.0000e+00
      7.285      0.022     9.2695     83.727     46.920  33.561495     0.1872      7.113   335.1004 1.2334e-01     6.7111      7.145     10.362    10.7624 0.0000e+00
      7.289      0.017     9.2747     83.746     47.076  33.673158     0.2238      7.113   335.2140 1.2348e-01     6.7712      7.149     10.368    10.7627 0.0000e+00
      7.294      0.013     9.2769     83.764     46.920  33.561495     0.2348      7.110   334.3054 1.2342e-01     6.7261      7.153     10.374    10.7627 0.0000e+00
      7.297      0.010     9.2825     83.732     47.076  33.673158     0.1945      7.108   334.0783 1.2329e-01     6.6510      7.156     10.379    10.7625 0.0000e+00
      7.298      0.007     9.2827     83.659     47.037  33.645242     0.1945      7.112   337.4476 1.2345e-01     6.5608      7.157     10.381    10.7621 0.0000e+00
      7.297      0.005     9.2848     83.618     46.998  33.617326     0.2055      7.111   337.3719 1.2340e-01     6.7261      7.156     10.379    10.7621 0.0000e+00
      7.299      0.004     9.2867     83.633     46.998  33.617326     0.2311      7.108   337.5612 1.2353e-01     6.6810      7.158     10.382    10.7620 0.0000e+00
      7.300      0.004     9.2832     83.598     47.076  33.673158     0.2165      7.108   335.8197 1.2340e-01     6.7412      7.159     10.383    10.7619 0.0000e+00
      7.301      0.006     9.2751     83.538     47.075  33.673158     0.1616      7.104   335.7819 1.2334e-01     6.6360      7.160     10.384    10.7619 0.0000e+00
      7.302      0.009     9.2707     83.498     46.996  33.617326     0.2165      7.104   335.5547 1.2340e-01     6.7562      7.161     10.386    10.7618 0.0000e+00
      7.303      0.013     9.2723     83.517     47.113  33.701074     0.1982      7.106   339.6055 1.2356e-01     6.7412      7.162     10.388    10.7617 0.0000e+00
      7.306      0.017     9.2683     83.599     46.997  33.617326     0.2202      7.106   339.4919 1.2334e-01     6.7863      7.164     10.391    10.7620 0.0000e+00
      7.311      0.021     9.2615     83.546     46.998  33.617326     0.1872      7.102   340.4762 1.2342e-01     6.8915      7.169     10.398    10.7630 0.0000e+00
      7.321      0.029     9.2569     83.564     46.998  33.617327     0.1799      7.102   340.6655 1.2350e-01     6.8764      7.180     10.413    10.7639 0.0000e+00
      7.329      0.039     9.2590     83.550     46.998  33.617327     0.2238      7.103   337.3340 1.2329e-01     6.9065      7.187     10.425    10.7635 0.0000e+00
      7.332      0.046     9.2683     83.568     46.999  33.617327     0.2238      7.097   337.2205 1.2340e-01     6.9967      7.190     10.428    10.7626 0.0000e+00
      7.341      0.047     9.2625     83.589     47.038  33.645243     0.1872      7.097   341.0440 1.2340e-01     6.8614      7.199     10.442    10.7621 0.0000e+00
      7.367      0.044     9.2646     83.489     46.999  33.617327     0.1799      7.095   341.9905 1.2356e-01     6.5458      7.224     10.478    10.7620 0.0000e+00
      7.390      0.044     9.2630     83.472     46.995  33.617326     0.1945      7.097   342.4448 1.2348e-01     6.6660      7.247     10.511    10.7619 0.0000e+00
      7.397      0.047     9.2651     83.543     46.992  33.617326     0.2238      7.097   342.3312 1.2356e-01     6.7111      7.254     10.520    10.7614 0.0000e+00
      7.395      0.045     9.2676     83.573     47.069  33.673158     0.2275      7.094   340.8169 1.2334e-01     6.8013      7.252     10.518    10.7612 0.0000e+00
      7.397      0.039     9.2564     83.516     47.069  33.673158     0.1799      7.097   341.0440 1.2334e-01     6.6660      7.254     10.520    10.7614 0.0000e+00
      7.416      0.040     9.2538     83.538     47.028  33.645242     0.1725      7.098   340.0597 1.2345e-01     6.5007      7.272     10.547    10.7644 0.0000e+00
      7.439      0.049     9.2612     83.510     46.989  33.617326     0.1872      7.097   341.8769 1.2321e-01     6.6510      7.295     10.580    10.7670 0.0000e+00
      7.447      0.057     9.2644     83.495     46.992  33.617326     0.2092      7.096   342.3312 1.2329e-01     6.7562      7.303     10.592    10.7674 0.0000e+00
      7.449      0.058     9.2581     83.447     46.996  33.617327     0.2165      7.097   343.8455 1.2353e-01     6.5909      7.305     10.594    10.7673 0.0000e+00
      7.469      0.057     9.2602     83.440     47.076  33.673159     0.1945      7.097   343.8455 1.2340e-01     6.7261      7.324     10.623    10.7689 0.0000e+00
      7.496      0.055     9.2571     83.465     46.921  33.561496     0.2165      7.097   343.8076 1.2353e-01     6.7712      7.351     10.661    10.7690 0.0000e+00
      7.509      0.055     9.2560     83.446     47.038  33.645243     0.1835      7.094   337.5612 1.2334e-01     6.6059      7.364     10.680    10.7664 0.0000e+00
      7.516      0.057     9.2513     83.524     46.998  33.617327     0.2128      7.095   340.2869 1.2348e-01     6.7111      7.371     10.691    10.7638 0.0000e+00
      7.531      0.060     9.2508     83.509     47.074  33.673159     0.2092      7.093   340.5140 1.2356e-01     6.6209      7.385     10.712    10.7623 0.0000e+00
      7.544      0.065     9.2537     83.423     46.918  33.561496     0.1945      7.096   343.9969 1.2329e-01     6.7261      7.398     10.729    10.7615 0.0000e+00
      7.551      0.070     9.2517     83.410     46.997  33.617327     0.1909      7.094   344.6783 1.2340e-01     6.7412      7.405     10.740    10.7611 0.0000e+00
