Data/DataNotYetUploadedToEDI/Raw_CTD/RawDownloads/070623_fcr50_S8188001.cnv
* Sea-Bird SBE19plus  Data File:
* FileName = C:\R\Reservoirs\Data\DataNotYetUploadedToEDI\Raw_CTD\RawDownloads\073123_fcr50_S8188_0001.hex
* Software version 2.8.0.119
* Temperature SN = 8188
* Conductivity SN = 8188
* System UpLoad Time = Aug 02 2023 16:14:11
* <ApplicationData>
* <Seaterm232>
# nquan = 16
# nvalues = 1888                        
# units = specified
# name 0 = depFM: Depth [fresh water, m]
# name 1 = dz/dtM: Descent Rate [m/s]
# name 2 = sbeox0Mg/L: Oxygen, SBE 43 [mg/l]
# name 3 = sbeox0PS: Oxygen, SBE 43 [% saturation]
# name 4 = specc: Specific Conductance [uS/cm]
# name 5 = c0uS/cm: Conductivity [uS/cm]
# name 6 = wetCDOM: Fluorescence, WET Labs CDOM [mg/m^3]
# name 7 = flECO-AFL: Fluorescence, WET Labs ECO-AFL/FL [mg/m^3]
# name 8 = flECO-AFL1: Fluorescence, WET Labs ECO-AFL/FL, 2 [mg/m^3]
# name 9 = flECO-AFL2: Fluorescence, WET Labs ECO-AFL/FL, 3 [mg/m^3]
# name 10 = par/sat/log: PAR/Logarithmic, Satlantic
# name 11 = turbWETntu0: Turbidity, WET Labs ECO [NTU]
# name 12 = prdM: Pressure, Strain Gauge [db]
# name 13 = prdE: Pressure, Strain Gauge [psi]
# name 14 = tv290C: Temperature [ITS-90, deg C]
# name 15 = flag:  0.000e+00
# span 0 =     -0.674,      9.487       
# span 1 =     -0.300,      0.168       
# span 2 =    -0.7229,    12.1296       
# span 3 =     -8.029,    149.438       
# span 4 =      0.129,    338.749       
# span 5 =   0.149046, 241.799730       
# span 6 =    -6.5700,    12.9600       
# span 7 =    -2.9422,   245.2458       
# span 8 =    -4.0470,     4.1748       
# span 9 =    -6.5142,    16.5393       
# span 10 = 1.1572e-01, 1.8124e+03      
# span 11 =    -9.9224,   966.4803      
# span 12 =     -0.661,      9.303      
# span 13 =     -0.958,     13.493      
# span 14 =    10.6783,    32.4972      
# span 15 = 0.0000e+00, 0.0000e+00      
# interval = seconds: 0.25
# start_time = Jul 06 2023 14:18:12 [Instrument's time stamp, header]
# bad_flag = -9.990e-29
*END*
     -0.673 1.0089e-07     6.6504     91.819      0.164   0.188154    -4.5000    -0.1613    -2.1300    -2.0304 3.5242e+02     0.3432     -0.660     -0.958    32.4972 0.0000e+00
     -0.673 1.2971e-07     6.6507     91.818      0.159   0.182838    -4.5000    -0.1498    -2.1300    -2.0304 4.2125e+02     0.3882     -0.660     -0.958    32.4972 0.0000e+00
     -0.673 1.6677e-07     6.6511     91.818      0.155   0.177865    -4.5000    -0.1536    -2.1300    -2.0304 4.1679e+02     0.2680     -0.660     -0.958    32.4972 0.0000e+00
     -0.673 2.1442e-07     6.6513     91.818      0.149   0.171909     0.1800    -0.1575     0.0000     0.0846 4.0881e+02     0.3281     -0.660     -0.958    32.4971 0.0000e+00
     -0.673 2.7569e-07     6.6512     91.819      0.142   0.163381     0.1800    -0.1498     0.0000     0.0846 4.1417e+02     0.3281     -0.660     -0.958    32.4970 0.0000e+00
     -0.673 3.5445e-07     6.6512     91.821      0.134   0.153961     0.1800    -0.1155     0.0000     0.0846 4.2595e+02     0.3882     -0.660     -0.958    32.4969 0.0000e+00
     -0.673 4.5572e-07     6.6512     91.821      0.129   0.149046     0.1800    -0.1308     0.0000     0.0846 4.3313e+02     0.4484     -0.660     -0.958    32.4967 0.0000e+00
     -0.673 5.8593e-07     6.6512     91.819      0.131   0.151279     0.1800    -0.1613     0.0000     0.0846 4.2873e+02     0.5836     -0.660     -0.958    32.4966 0.0000e+00
     -0.673 7.5334e-07     6.6513     91.817      0.140   0.161254     0.1800    -0.1422     0.0000    -0.3807 4.3768e+02     0.5686     -0.660     -0.958    32.4964 0.0000e+00
     -0.674 9.6858e-07     6.6514     91.815      0.154   0.177679     0.1800    -0.1384     0.0000    -0.3807 4.1417e+02     0.5235     -0.661     -0.958    32.4963 0.0000e+00
     -0.674      0.000     6.6515     91.813      0.171   0.197024     0.1800    -0.1231     0.0000    -0.3807 3.9820e+02     0.5235     -0.661     -0.958    32.4961 0.0000e+00
     -0.674      0.000     6.6514     91.809      0.192   0.220496     0.1800    -0.1498     0.0000    -0.3807 3.3721e+02     0.3432     -0.661     -0.958    32.4960 0.0000e+00
     -0.674      0.000     6.6512     91.805      0.215   0.246444     0.1800    -0.1422     0.0000     0.1692 3.1116e+02     0.2981     -0.661     -0.958    32.4958 0.0000e+00
     -0.674      0.000     6.6511     91.801      0.232   0.265974     0.1800    -0.1422     0.0000     0.1692 1.5687e+02     0.2981     -0.661     -0.958    32.4956 0.0000e+00
     -0.674      0.000     6.6509     91.797      0.241   0.276384     0.1800    -0.1613     0.0000     0.1692 6.8217e+01     0.3582     -0.661     -0.958    32.4954 0.0000e+00
     -0.674      0.000     6.6507     91.794      0.244   0.280451     0.1800    -0.1422     0.0000     0.1692 1.5296e+02    -0.1979     -0.661     -0.958    32.4951 0.0000e+00
     -0.674      0.000     6.6504     91.788      0.243   0.279260     0.0000    -0.1269     0.0000     0.2538 1.8548e+02    -0.1829     -0.661     -0.958    32.4949 0.0000e+00
     -0.674      0.000     6.6501     91.777      0.240   0.276446     0.0000    -0.1536     0.0000     0.2538 1.8161e+02    -0.0927     -0.661     -0.958    32.4947 0.0000e+00
     -0.674      0.000     6.6499     91.756      0.243   0.279167     0.0000    -0.1651     0.0000     0.2538 2.1599e+02    -0.1679     -0.661     -0.958    32.4944 0.0000e+00
     -0.674      0.000     6.6497     91.717      0.257   0.296057     0.0000    -0.1384     0.0000     0.2538 5.0265e+02    -0.9043     -0.661     -0.958    32.4942 0.0000e+00
     -0.674      0.000     6.6493     91.650      0.288   0.331620     0.0000    -0.1346     0.0000     0.2115 4.5712e+02    -0.8292     -0.661     -0.958    32.4939 0.0000e+00
     -0.674      0.000     6.6486     91.537      0.330   0.379523     0.0000    -0.1575     0.0000     0.2115 3.9066e+02    -0.9344     -0.661     -0.958    32.4937 0.0000e+00
     -0.674      0.000     6.6471     91.346      0.373   0.428816     0.0000    -0.1651     0.0000     0.2115 3.5120e+02    -0.8142     -0.661     -0.958    32.4934 0.0000e+00
     -0.674      0.000     6.6443     91.026      0.411   0.472875     0.0000    -0.1384     0.0000     0.2115 3.2064e+02    -0.6789     -0.661     -0.958    32.4931 0.0000e+00
     -0.674      0.000     6.6395     90.497      0.443   0.509610     0.0000    -0.1575     0.0000     0.2115 3.2498e+02    -0.6338     -0.661     -0.958    32.4928 0.0000e+00
     -0.674      0.000     6.6313     89.621      0.464   0.532999     0.0900    -0.1384     0.0000     0.2961 3.4582e+02    -0.6037     -0.661     -0.958    32.4924 0.0000e+00
     -0.674      0.000     6.6175     88.241      0.469   0.539396     0.0900    -0.1498     0.0000     0.2961 3.3546e+02    -0.6338     -0.661     -0.958    32.4920 0.0000e+00
     -0.674      0.000     6.5944     86.349      0.469   0.538414     0.0900    -0.1575     0.0000     0.2961 3.4884e+02    -0.6037     -0.661     -0.958    32.4917 0.0000e+00
     -0.674      0.000     6.5561     84.188      0.471   0.541653     0.0900    -0.1460     0.0000     0.2961 3.4892e+02    -0.5887     -0.661     -0.958    32.4913 0.0000e+00
     -0.674      0.000     6.4926     82.135      0.482   0.553931     0.0000    -0.1536    -0.0426     0.0846 3.4149e+02    -0.7691     -0.661     -0.958    32.4909 0.0000e+00
     -0.674      0.000     6.3927     80.511      0.496   0.570614     0.0000    -0.1498    -0.0426     0.0846 3.6339e+02    -0.6338     -0.661     -0.958    32.4906 0.0000e+00
     -0.673      0.000     6.2556     79.496      0.508   0.584289     0.0000    -0.1498    -0.0426     0.0846 3.6992e+02    -0.3633     -0.660     -0.958    32.4902 0.0000e+00
     -0.673      0.000     6.0991     79.149      0.514   0.590695     0.0000    -0.1575    -0.0426     0.0846 4.0220e+02    -0.4384     -0.660     -0.958    32.4898 0.0000e+00
     -0.673      0.000     5.9505     79.443      0.511   0.587585     0.0000    -0.1536     0.0000     0.1692 3.8560e+02    -0.3783     -0.660     -0.957    32.4894 0.0000e+00
     -0.673      0.001     5.8329     80.256      0.503   0.578084     0.0000    -0.1765     0.0000     0.1692 3.9142e+02    -0.4534     -0.660     -0.957    32.4889 0.0000e+00
     -0.672      0.001     5.7594     81.376      0.491   0.563613     0.0000    -0.1613     0.0000     0.1692 4.0518e+02    -0.3482     -0.659     -0.957    32.4884 0.0000e+00
     -0.672      0.001     5.7343     82.572      0.477   0.548222     0.0000    -0.1384     0.0000     0.1692 3.9785e+02    -0.3482     -0.659     -0.957    32.4879 0.0000e+00
     -0.672      0.001     5.7556     83.668      0.466   0.535713     0.1800    -0.1308     0.0000    -0.1692 3.8753e+02    -0.4234     -0.659     -0.956    32.4875 0.0000e+00
     -0.672      0.001     5.8146     84.583      0.457   0.524728     0.1800    -0.1422     0.0000    -0.1692 3.5884e+02    -0.3933     -0.659     -0.956    32.4870 0.0000e+00
     -0.671      0.002     5.8958     85.307      0.451   0.518268     0.1800    -0.1575     0.0000    -0.1692 3.1327e+02    -0.5887     -0.658     -0.956    32.4865 0.0000e+00
     -0.671      0.002     5.9824     85.857      0.452   0.518566     0.1800    -0.1498     0.0000    -0.1692 2.1581e+02    -0.6939     -0.658     -0.955    32.4860 0.0000e+00
     -0.670      0.003     6.0619     86.266      0.461   0.527677     0.1800    -0.1651     0.0000    -0.1692 2.0166e+02    -0.6789     -0.657     -0.954    32.4855 0.0000e+00
     -0.670      0.004     6.1283     86.566      0.485   0.553963    -0.0900    -0.1536    -0.0426     0.1269 1.6703e+02    -0.6789     -0.657     -0.953    32.4849 0.0000e+00
     -0.669      0.005     6.1808     86.790      0.537   0.612340    -0.0900     0.0218    -0.0426     0.1269 1.6606e+02    -0.5136     -0.656     -0.951    32.4842 0.0000e+00
     -0.667      0.006     6.2208     86.960      0.636   0.722330    -0.0900     0.0066    -0.0426     0.1269 1.8200e+02    -0.3783     -0.654     -0.949    32.4832 0.0000e+00
     -0.666      0.008     6.2506     87.094      0.804   0.909310    -0.0900     0.0371    -0.0426     0.1269 1.9617e+02    -0.4384     -0.653     -0.947    32.4818 0.0000e+00
     -0.663      0.011     6.2726     87.200      1.078   1.215233    -0.0900     0.0524     0.0000     0.7191 2.1030e+02    -0.3482     -0.651     -0.944    32.4797 0.0000e+00
     -0.661      0.014     6.2891     87.288      1.533   1.721679    -0.0900    -0.1613     0.0000     0.7191 2.1983e+02    -0.6488     -0.648     -0.940    32.4764 0.0000e+00
     -0.657      0.017     6.3021     87.366      2.299   2.575561    -0.0900    -0.1651     0.0000     0.7191 2.2964e+02    -0.6338     -0.645     -0.935    32.4712 0.0000e+00
     -0.653      0.022     6.3127     87.437      3.592   4.016445    -0.0900    -0.1498     0.0000     0.7191 2.5583e+02    -0.6789     -0.640     -0.928    32.4626 0.0000e+00
     -0.647      0.029     6.3219     87.503      5.759   6.432518     0.0000    -0.1384    -0.0426     0.1269 2.6877e+02    -0.5737     -0.634     -0.920    32.4485 0.0000e+00
     -0.639      0.037     6.3308     87.566      9.363  10.450275     0.0000     0.3995    -0.0426     0.1269 6.4395e+02    79.7173     -0.627     -0.909    32.4254 0.0000e+00
     -0.630      0.047     6.3406     87.629     15.338  17.109485     0.0000     0.4148    -0.0426     0.1269 3.0171e+02    79.5820     -0.618     -0.896    32.3870 0.0000e+00
     -0.618      0.059     6.3527     87.694     23.707  26.413375     0.0000     0.4109    -0.0426     0.1269 3.1029e+02    79.6872     -0.606     -0.878    32.3234 0.0000e+00
     -0.602      0.072     6.3690     87.767     32.424  36.032236     1.8000     0.4148     0.2556     0.5076 3.2633e+02    79.6572     -0.590     -0.856    32.2176 0.0000e+00
     -0.582      0.085     6.3928     87.855     39.208  43.406807     1.8000     2.1009     0.2556     0.5076 3.2975e+02    26.9315     -0.571     -0.828    32.0422 0.0000e+00
     -0.558      0.097     6.4264     87.969     43.363  47.779293     1.8000     2.0818     0.2556     0.5076 3.5334e+02    26.8713     -0.547     -0.793    31.7763 0.0000e+00
     -0.530      0.108     6.4684     88.124     45.577  49.929253     1.8000     2.1238     0.2556     0.5076 4.0766e+02    26.9465     -0.520     -0.754    31.4380 0.0000e+00
     -0.500      0.117     6.5146     88.339     46.783  50.919640     1.8000     2.0932     0.2556     0.5076 4.3730e+02    26.9916     -0.490     -0.711    31.0701 0.0000e+00
     -0.468      0.123     6.5627     88.630     47.512  51.369356     7.2000     2.4022     0.4260    13.8744 4.2939e+02    29.5467     -0.459     -0.666    30.6989 0.0000e+00
     -0.435      0.126     6.6140     89.002     48.010  51.582645     7.2000     2.4213     0.4260    13.8744 3.5319e+02    29.6820     -0.426     -0.618    30.3226 0.0000e+00
     -0.401      0.127     6.6708     89.441     48.373  51.685736     7.2000     2.3908     0.4260    13.8744 3.4952e+02    29.6068     -0.393     -0.570    29.9301 0.0000e+00
     -0.367      0.126     6.7343     89.926     48.656  51.747729     7.2000     2.4213     0.4260    13.8744 3.5021e+02    29.5768     -0.360     -0.523    29.5249 0.0000e+00
     -0.335      0.123     6.8033     90.438     48.895  51.810912     7.2000     2.6922     0.4686    15.3972 3.4968e+02    30.2832     -0.329     -0.477    29.1282 0.0000e+00
     -0.304      0.118     6.8752     90.949     49.062  51.842571     7.2000     2.7379     0.4686    15.3972 3.4627e+02    30.3583     -0.299     -0.433    28.7650 0.0000e+00
     -0.274      0.112     6.9468     91.420     49.104  51.781771     7.2000     2.7151     0.4686    15.3972 3.4763e+02    30.3283     -0.269     -0.390    28.4516 0.0000e+00
     -0.246      0.105     7.0160     91.813     49.019  51.616261     7.2000     2.7151     0.4686    15.3972 3.5612e+02    30.3433     -0.241     -0.349    28.1933 0.0000e+00
     -0.219      0.096     7.0809     92.113     48.828  51.355420     7.1100     3.0584     0.4260    16.4547 3.5581e+02    29.1259     -0.215     -0.311    27.9897 0.0000e+00
     -0.195      0.085     7.1400     92.325     48.543  50.997078     7.1100     3.0355     0.4260    16.4547 3.6087e+02    29.2912     -0.191     -0.277    27.8363 0.0000e+00
     -0.174      0.074     7.1908     92.481     48.173  50.542797     7.1100     3.0279     0.4260    16.4547 3.6888e+02    29.1409     -0.171     -0.248    27.7250 0.0000e+00
     -0.157      0.062     7.2318     92.640     47.768  50.041880     7.1100     3.0584     0.4260    16.4547 3.7315e+02    29.1409     -0.155     -0.224    27.6447 0.0000e+00
     -0.144      0.052     7.2634     92.940     47.421  49.600556     7.0200     2.8562     0.4686    16.5393 3.7821e+02    25.7591     -0.141     -0.205    27.5812 0.0000e+00
     -0.133      0.043     7.2881     93.884     47.192  49.291390     7.0200     2.8257     0.4686    16.5393 3.8193e+02    25.8042     -0.130     -0.189    27.5197 0.0000e+00
     -0.124      0.035     7.3095     96.576     47.067  49.101298     7.0200     2.8600     0.4686    16.5393 4.5603e+02    25.7441     -0.122     -0.177    27.4497 0.0000e+00
     -0.117      0.029     7.3325    101.905     47.009  48.993458     7.0200     2.8295     0.4686    16.5393 5.7866e+02    25.6990     -0.114     -0.166    27.3701 0.0000e+00
     -0.110      0.025     7.3671    109.387     47.008  48.958927     7.0200     2.7227     0.4686    16.5393 4.9217e+02    25.3082     -0.108     -0.157    27.2891 0.0000e+00
     -0.105      0.022     7.4520    117.482     47.065  48.998406     7.2900     2.7379     0.4260    16.4124 3.8702e+02    25.2331     -0.103     -0.149    27.2153 0.0000e+00
     -0.100      0.021     7.6746    124.718     47.154  49.084766     7.2900     2.7303     0.4260    16.4124 3.7706e+02    25.2180     -0.098     -0.142    27.1529 0.0000e+00
     -0.095      0.020     8.1054    130.216     47.237  49.173658     7.2900     2.7227     0.4260    16.4124 3.7829e+02    25.3082     -0.093     -0.135    27.1033 0.0000e+00
     -0.090      0.020     8.7059    133.566     47.293  49.241224     7.2900     2.7837     0.4260    16.4124 3.7641e+02    24.9926     -0.089     -0.129    27.0676 0.0000e+00
     -0.085      0.020     9.3531    134.651     47.325  49.285663     7.1100     2.7761     0.4260    15.9471 2.9677e+02    25.0978     -0.084     -0.121    27.0471 0.0000e+00
     -0.080      0.020     9.9299    133.738     47.336  49.308919     7.1100     2.7761     0.4260    15.9471 2.5164e+02    25.0828     -0.079     -0.114    27.0406 0.0000e+00
     -0.075      0.020    10.3666    131.438     47.337  49.317193     7.1100     2.7837     0.4260    15.9471 2.5717e+02    25.0828     -0.074     -0.107    27.0440 0.0000e+00
     -0.070      0.019    10.6313    128.493     47.333  49.316657     7.1100     2.9096     0.4260    15.9471 2.5751e+02    26.0146     -0.069     -0.100    27.0532 0.0000e+00
     -0.065      0.018    10.7153    125.519     47.322  49.303204     7.1100     2.9249     0.4260    15.5664 2.3891e+02    26.0297     -0.064     -0.093    27.0655 0.0000e+00
     -0.060      0.017    10.6403    122.823     47.299  49.273246     7.1100     2.9210     0.4260    15.5664 2.0066e+02    26.0597     -0.059     -0.086    27.0771 0.0000e+00
     -0.056      0.014    10.4558    120.418     47.264  49.226722     7.1100     2.9020     0.4260    15.5664 1.9183e+02    25.9846     -0.055     -0.079    27.0853 0.0000e+00
     -0.052      0.011    10.2208    118.177     47.210  49.155189     7.1100     2.8333     0.4260    15.5664 1.9196e+02    24.3463     -0.051     -0.074    27.0888 0.0000e+00
     -0.049      0.007     9.9844    115.956     47.122  49.045515     7.1100     2.8753     0.4260    15.5664 1.8902e+02    24.3613     -0.049     -0.070    27.0873 0.0000e+00
     -0.048      0.002     9.7710    113.701     46.981  48.880344     7.0200     2.8371     0.4260    15.1857 1.8612e+02    24.3012     -0.047     -0.069    27.0807 0.0000e+00
