Data/DataNotYetUploadedToEDI/Raw_CTD/RawDownloads/070623_fcr50_S7809002.cnv
* Sea-Bird SBE19plus  Data File:
* FileName = C:\R\Reservoirs\Data\DataNotYetUploadedToEDI\Raw_CTD\RawDownloads\073123_fcr50_S7809_0002.hex
* Software version 2.8.0.119
* Temperature SN = 7809
* Conductivity SN = 7809
* System UpLoad Time = Aug 03 2023 12:33:48
* <ApplicationData>
* <Seaterm232>
# nquan = 15
# nvalues = 1834                        
# units = specified
# name 0 = depFM: Depth [fresh water, m]
# name 1 = dz/dtM: Descent Rate [m/s]
# name 2 = sbeox0Mg/L: Oxygen, SBE 43 [mg/l]
# name 3 = sbeox0PS: Oxygen, SBE 43 [% saturation]
# name 4 = specc: Specific Conductance [uS/cm]
# name 5 = c0uS/cm: Conductivity [uS/cm]
# name 6 = flECO-AFL: Fluorescence, WET Labs ECO-AFL/FL [mg/m^3]
# name 7 = ph: pH
# name 8 = orp: Oxidation Reduction Potential [mV]
# name 9 = par/sat/log: PAR/Logarithmic, Satlantic
# name 10 = turbWETntu0: Turbidity, WET Labs ECO [NTU]
# name 11 = prdM: Pressure, Strain Gauge [db]
# name 12 = prdE: Pressure, Strain Gauge [psi]
# name 13 = tv290C: Temperature [ITS-90, deg C]
# name 14 = flag:  0.000e+00
# span 0 =     -0.676,      9.528       
# span 1 =     -0.320,      0.175       
# span 2 =     0.1474,    13.7308       
# span 3 =      1.495,    170.046       
# span 4 =      0.357,    169.813       
# span 5 =   0.424875, 121.435601       
# span 6 =    -2.2115,     9.3866       
# span 7 =     -1.799,      9.806       
# span 8 = -1240.7455,  1240.2295       
# span 9 = 1.2313e-01, 2.2162e+03       
# span 10 =    -2.2168,   957.6378      
# span 11 =     -0.663,      9.343      
# span 12 =     -0.961,     13.551      
# span 13 =    10.7302,    34.4363      
# span 14 = 0.0000e+00, 0.0000e+00      
# interval = seconds: 0.25
# start_time = Jul 06 2023 10:35:17 [Instrument's time stamp, header]
# bad_flag = -9.990e-29
*END*
[from data line 386]
      0.710      0.029     3.8301     34.811     42.207  39.255713     2.7251      8.763   200.7829 2.9671e+01    10.4085      0.696      1.010    21.5820 0.0000e+00
      0.721      0.021     3.5888     34.222     42.254  39.311557     2.7727      8.757   201.0858 2.9421e+01    10.4236      0.707      1.025    21.5499 0.0000e+00
      0.723      0.013     3.3722     33.972     42.216  39.311551     2.7910      8.753   201.8051 2.9186e+01    10.5588      0.709      1.028    21.5218 0.0000e+00
      0.723      0.009     3.1921     34.027     42.225  39.367390     2.6042      8.747   206.1965 2.9357e+01     9.6420      0.709      1.028    21.5024 0.0000e+00
      0.723      0.006     3.0729     34.297     42.147  39.311542     2.6262      8.742   206.7265 2.9249e+01     9.5518      0.709      1.029    21.4981 0.0000e+00
      0.724      0.004     3.0201     34.725     42.146  39.311541     2.6042      8.736   205.8179 2.9243e+01     9.4015      0.710      1.030    21.5126 0.0000e+00
      0.725      0.005     2.9956     35.248     42.155  39.311543     2.5969      8.731   205.4394 2.9332e+01     9.5518      0.711      1.031    21.5554 0.0000e+00
      0.725      0.005     2.9971     35.829     42.147  39.311542     2.6848      8.728   205.3636 2.9142e+01     9.8223      0.711      1.031    21.6116 0.0000e+00
      0.727      0.005     3.0197     36.442     42.184  39.367384     2.6701      8.723   205.3258 2.8865e+01     9.9426      0.713      1.035    21.6307 0.0000e+00
      0.731      0.005     3.0573     36.976     42.198  39.395304     2.6885      8.720   206.3479 2.8833e+01     9.8674      0.717      1.040    21.6324 0.0000e+00
      0.733      0.005     3.1041     37.416     42.214  39.451144     2.6408      8.716   206.0072 2.8815e+01     9.6420      0.719      1.042    21.6218 0.0000e+00
      0.732      0.004     3.1546     37.717     42.143  39.451134     2.4797      8.712   205.8936 2.8858e+01     8.6500      0.718      1.041    21.6313 0.0000e+00
      0.733      0.002     3.2071     38.066     42.108  39.451129     2.5310      8.708   204.6822 2.8833e+01     8.7402      0.719      1.042    21.6560 0.0000e+00
      0.733      0.001     3.2529     38.452     42.152  39.479054     2.4980      8.705   203.3951 2.8821e+01     8.7552      0.719      1.042    21.6743 0.0000e+00
      0.733      0.001     3.2886     38.876     42.160  39.451136     2.5053      8.703   204.1144 2.8833e+01     8.7251      0.719      1.043    21.7220 0.0000e+00
      0.734      0.001     3.3100     39.352     42.205  39.451143     2.4870      8.697   204.3415 2.8752e+01     8.4546      0.720      1.044    21.8005 0.0000e+00
      0.734      0.001     3.3381     39.832     42.219  39.451144     2.3552      8.695   204.5686 2.8709e+01     7.8083      0.719      1.043    21.8404 0.0000e+00
      0.734      0.001     3.3729     40.256     42.132  39.395295     2.3808      8.692   205.1365 2.8646e+01     7.6730      0.720      1.044    21.8246 0.0000e+00
      0.735      0.001     3.4129     40.629     42.121  39.395293     2.3955      8.686   205.3636 2.8442e+01     7.6881      0.721      1.045    21.7820 0.0000e+00
      0.735      0.001     3.4580     40.866     42.159  39.423217     2.3955      8.685   202.2972 2.8399e+01     7.7181      0.721      1.045    21.7323 0.0000e+00
      0.735      0.001     3.5013     41.038     42.152  39.395298     2.3735      8.680   203.0922 2.8252e+01     8.0788      0.721      1.046    21.7172 0.0000e+00
      0.735      0.001     3.5364     41.003     42.238  39.451147     2.3772      8.680   203.6601 2.8087e+01     8.2442      0.721      1.046    21.7475 0.0000e+00
      0.736      0.001     3.5684     40.908     42.195  39.395304     2.3845      8.678   205.2501 2.7977e+01     8.2292      0.721      1.046    21.7590 0.0000e+00
      0.736      0.002     3.5899     40.799     42.254  39.451150     2.4028      8.677   204.0765 2.7856e+01     7.9135      0.721      1.046    21.7500 0.0000e+00
      0.736      0.005     3.6067     40.673     42.165  39.367381     2.3698      8.673   200.5936 2.7681e+01     7.2973      0.722      1.047    21.7253 0.0000e+00
      0.736      0.008     3.6057     40.570     42.189  39.311548     2.3772      8.668   201.7293 2.7561e+01     7.3574      0.722      1.047    21.6957 0.0000e+00
      0.737      0.011     3.5986     40.445     42.208  39.255713     2.3405      8.668   201.6536 2.7418e+01     7.5227      0.722      1.048    21.6776 0.0000e+00
      0.740      0.014     3.5890     40.292     42.227  39.255716     2.3882      8.666   203.7358 2.6587e+01     7.5077      0.726      1.053    21.6782 0.0000e+00
      0.750      0.018     3.5779     39.741     42.150  39.144032     2.2417      8.662   204.0008 2.6005e+01     6.8915      0.735      1.066    21.6775 0.0000e+00
      0.753      0.022     3.5753     38.858     42.106  39.032353     2.2453      8.655   200.5179 2.5730e+01     6.8313      0.739      1.071    21.5841 0.0000e+00
      0.757      0.024     3.5703     37.832     42.195  39.032366     2.2307      8.648   201.6915 2.5173e+01     6.8764      0.742      1.077    21.4971 0.0000e+00
      0.762      0.023     3.5582     36.750     42.204  38.976531     2.2380      8.639   201.8051 2.4536e+01     7.0418      0.747      1.084    21.4770 0.0000e+00
      0.772      0.020     3.5128     35.451     42.298  39.032380     2.3296      8.636   202.0322 2.3653e+01     6.5758      0.757      1.098    21.4292 0.0000e+00
      0.782      0.017     3.4404     33.801     42.295  39.032379     2.2966      8.632   202.9408 2.3383e+01     6.3654      0.766      1.112    21.3447 0.0000e+00
      0.784      0.013     3.3560     32.084     42.271  39.032376     2.2893      8.627   203.7358 2.3076e+01     6.4105      0.768      1.115    21.2468 0.0000e+00
      0.784      0.009     3.2648     30.556     42.289  39.088215     2.2929      8.622   201.3508 2.2891e+01     6.3955      0.769      1.116    21.1711 0.0000e+00
      0.784      0.007     3.1516     29.587     42.199  39.032366     2.2050      8.622   202.5622 2.2649e+01     6.3354      0.769      1.115    21.1347 0.0000e+00
      0.784      0.010     3.0048     29.172     41.979  38.836910     2.2050      8.614   203.5844 2.2488e+01     6.3053      0.769      1.116    21.1374 0.0000e+00
      0.785      0.015     2.8506     29.088     41.963  38.781072     2.2160      8.599   204.2279 2.2182e+01     6.2151      0.770      1.116    21.1640 0.0000e+00
      0.786      0.018     2.7124     29.295     42.060  38.781085     2.1648      8.585   204.4172 2.1721e+01     6.1700      0.771      1.118    21.2104 0.0000e+00
      0.794      0.022     2.6248     29.583     42.159  38.809017     2.1648      8.580   204.1522 2.0839e+01     6.1700      0.779      1.130    21.2432 0.0000e+00
      0.810      0.026     2.5874     29.572     42.167  38.781100     2.3296      8.575   204.6065 2.0246e+01     6.5758      0.794      1.152    21.2525 0.0000e+00
      0.815      0.029     2.5825     29.332     42.139  38.725261     2.3515      8.567   204.4551 1.9993e+01     6.5758      0.799      1.159    21.2039 0.0000e+00
      0.817      0.029     2.6063     28.774     42.187  38.725267     2.2929      8.564   204.7201 1.9556e+01     6.4105      0.801      1.162    21.0967 0.0000e+00
      0.825      0.027     2.6358     28.058     42.287  38.781116     2.2929      8.556   205.1365 1.8889e+01     6.3955      0.809      1.173    21.0215 0.0000e+00
      0.835      0.023     2.6369     27.202     42.274  38.753197     2.5127      8.552   206.3479 1.8189e+01     6.9366      0.819      1.188    20.9796 0.0000e+00
      0.844      0.024     2.6174     26.402     42.316  38.781120     2.5713      8.550   208.4301 1.8009e+01     6.9816      0.828      1.200    20.9443 0.0000e+00
      0.846      0.025     2.5703     25.710     42.215  38.669436     2.5749      8.547   208.5437 1.7703e+01     7.0718      0.830      1.204    20.8916 0.0000e+00
      0.849      0.024     2.5083     25.043     42.308  38.725284     2.5273      8.540   207.6351 1.7364e+01     6.9366      0.833      1.208    20.8501 0.0000e+00
      0.854      0.022     2.4327     24.482     42.273  38.669443     2.4797      8.534   207.6351 1.6889e+01     9.1610      0.838      1.215    20.8308 0.0000e+00
      0.864      0.021     2.3618     23.906     42.287  38.669445     2.4944      8.531   207.7108 1.6253e+01     9.2211      0.847      1.229    20.8181 0.0000e+00
      0.873      0.021     2.3009     23.445     42.267  38.641525     2.5053      8.531   210.7015 1.6042e+01     9.1460      0.856      1.242    20.7956 0.0000e+00
      0.877      0.022     2.2427     23.160     42.251  38.613605     2.4944      8.525   211.6101 1.5814e+01     9.1760      0.860      1.247    20.7614 0.0000e+00
      0.878      0.022     2.1937     23.094     42.271  38.613608     2.2783      8.522   211.3829 1.5685e+01     7.4927      0.861      1.249    20.7332 0.0000e+00
      0.882      0.022     2.1427     23.081     42.235  38.557768     2.3222      8.520   211.6101 1.5401e+01     7.7181      0.865      1.254    20.7176 0.0000e+00
      0.888      0.022     2.1019     23.115     42.200  38.501928     2.3479      8.513   211.7237 1.5019e+01     7.7181      0.871      1.263    20.7058 0.0000e+00
      0.898      0.022     2.0770     23.059     42.281  38.557774     2.3222      8.509   213.7680 1.4757e+01     7.7181      0.880      1.277    20.6910 0.0000e+00
      0.906      0.021     2.0719     22.638     42.233  38.501932     2.0183      8.506   212.6701 1.4450e+01     5.4636      0.888      1.288    20.6694 0.0000e+00
      0.911      0.020     2.0718     21.984     42.176  38.446090     2.0036      8.505   214.2222 1.4347e+01     5.4185      0.893      1.296    20.6415 0.0000e+00
      0.913      0.020     2.0760     21.131     42.096  38.362327     2.0402      8.498   214.4115 1.4217e+01     5.5388      0.895      1.298    20.6134 0.0000e+00
      0.915      0.020     2.0719     20.278     42.126  38.362331     2.0549      8.496   214.7901 1.4082e+01     5.5538      0.897      1.302    20.5920 0.0000e+00
      0.917      0.024     2.0346     19.490     42.122  38.334413     2.0073      8.490   217.6294 1.4003e+01     5.4486      0.899      1.304    20.5777 0.0000e+00
      0.925      0.029     1.9761     18.854     42.112  38.306495     1.7912      8.477   215.9258 1.3587e+01     4.1710      0.907      1.316    20.5728 0.0000e+00
      0.936      0.031     1.8998     18.334     42.168  38.362337     1.7656      8.463   216.4180 1.3499e+01     4.1710      0.917      1.331    20.5608 0.0000e+00
      0.944      0.032     1.8243     17.874     42.154  38.362335     1.8059      8.453   215.6608 1.3166e+01     4.3664      0.926      1.343    20.5282 0.0000e+00
      0.959      0.030     1.7545     17.561     42.079  38.306490     1.7949      8.451   214.8658 1.2948e+01     4.3814      0.940      1.364    20.4986 0.0000e+00
      0.967      0.028     1.6980     17.201     42.070  38.306489     1.6484      8.449   216.1530 1.2999e+01     3.7502      0.948      1.375    20.4764 0.0000e+00
      0.968      0.027     1.6509     16.879     41.994  38.222727     1.6557      8.443   217.2508 1.3016e+01     3.7802      0.950      1.377    20.4828 0.0000e+00
      0.971      0.025     1.6090     16.670     42.098  38.250658     1.6557      8.439   217.2508 1.3058e+01     3.7201      0.953      1.382    20.4978 0.0000e+00
      0.975      0.023     1.5803     16.516     42.164  38.250667     1.6960      8.434   217.2130 1.2987e+01     3.8854      0.957      1.387    20.5123 0.0000e+00
      0.987      0.022     1.5477     16.296     42.110  38.194826     1.6118      8.427   216.7208 1.2828e+01     3.9305      0.968      1.403    20.5218 0.0000e+00
      0.997      0.022     1.5192     16.069     42.011  38.138978     1.6044      8.426   216.4180 1.2911e+01     3.7802      0.977      1.417    20.5045 0.0000e+00
      1.000      0.020     1.5027     15.784     42.066  38.222737     1.5642      8.422   216.0772 1.2993e+01     3.6900      0.980      1.422    20.4257 0.0000e+00
      1.003      0.017     1.4909     15.543     42.013  38.194813     1.5935      8.418   216.4180 1.3066e+01     3.7201      0.984      1.427    20.3544 0.0000e+00
      1.006      0.013     1.4714     15.330     41.997  38.194810     1.6411      8.414   216.4180 1.3175e+01     3.9155      0.987      1.431    20.3461 0.0000e+00
      1.010      0.010     1.4497     15.200     41.931  38.138967     1.6337      8.413   216.4937 1.3338e+01     3.9456      0.990      1.436    20.3866 0.0000e+00
      1.012      0.008     1.4228     15.190     42.014  38.194813     1.5861      8.405   216.6830 1.3519e+01     3.9005      0.992      1.439    20.4273 0.0000e+00
      1.014      0.006     1.4005     15.302     42.082  38.222739     1.5678      8.405   215.7744 1.3678e+01     3.7051      0.994      1.442    20.4508 0.0000e+00
      1.015      0.005     1.3808     15.477     42.067  38.194820     1.6411      8.401   216.3801 1.3830e+01     3.5247      0.995      1.444    20.4686 0.0000e+00
      1.016      0.005     1.3690     15.595     42.011  38.138978     1.6777      8.399   216.8722 1.3987e+01     3.7351      0.996      1.445    20.4738 0.0000e+00
      1.016      0.006     1.3687     15.735     42.024  38.138980     1.6850      8.398   217.7808 1.4229e+01     3.6149      0.996      1.445    20.4497 0.0000e+00
      1.016      0.008     1.3798     15.857     42.050  38.138983     1.6337      8.396   218.1973 1.4362e+01     3.6450      0.997      1.445    20.4098 0.0000e+00
      1.018      0.009     1.3961     15.888     42.024  38.083146     1.6484      8.394   218.3487 1.4592e+01     3.4796      0.998      1.447    20.3930 0.0000e+00
      1.022      0.011     1.4069     15.848     42.097  38.111073     1.5568      8.391   217.7051 1.4639e+01     3.9456      1.002      1.454    20.3873 0.0000e+00
      1.027      0.012     1.4199     15.797     42.099  38.083156     1.5568      8.388   218.6515 1.4780e+01     4.0057      1.007      1.461    20.3724 0.0000e+00
      1.030      0.013     1.4318     15.672     42.123  38.083159     1.5532      8.387   219.1815 1.4921e+01     3.8253      1.010      1.465    20.3449 0.0000e+00
      1.033      0.014     1.4356     15.550     42.190  38.139002     1.5312      8.386   219.9765 1.4925e+01     3.7953      1.013      1.469    20.3064 0.0000e+00
      1.035      0.015     1.4333     15.376     42.070  38.083152     1.4982      8.384   219.9387 1.4947e+01     3.6750      1.015      1.473    20.2609 0.0000e+00
      1.039      0.016     1.4297     15.205     42.027  38.111063     1.4580      8.378   219.3708 1.4970e+01     3.6149      1.019      1.477    20.2260 0.0000e+00
      1.043      0.016     1.4191     15.096     42.014  38.083145     1.4982      8.373   219.5601 1.4912e+01     3.6900      1.023      1.484    20.2000 0.0000e+00
      1.050      0.016     1.4082     14.931     42.027  38.083146     1.4799      8.371   219.9387 1.4805e+01     3.5698      1.030      1.493    20.1945 0.0000e+00
      1.055      0.015     1.3907     14.958     41.973  38.027305     1.3005      8.368   219.4465 1.4825e+01     3.2993      1.035      1.501    20.2572 0.0000e+00
      1.058      0.013     1.3731     14.948     42.019  38.027311     1.3188      8.367   220.6201 1.4728e+01     3.4646      1.037      1.505    20.3360 0.0000e+00
      1.060      0.012     1.3637     14.950     42.058  38.027317     1.3261      8.364   220.7715 1.4754e+01     3.4646      1.040      1.508    20.3176 0.0000e+00
      1.062      0.012     1.3493     14.938     42.123  38.111076     1.3408      8.361   220.2415 1.4728e+01     3.4345      1.041      1.510    20.3027 0.0000e+00
