Data/DataNotYetUploadedToEDI/Raw_CTD/RawDownloads/070722_ccr30_SBE19plus01907809_0007.cnv
* Sea-Bird SBE19plus  Data File:
* FileName = C:\R\Reservoirs\Data\DataNotYetUploadedToEDI\Raw_CTD\RawDownloads\070722_ccr50_SBE19plus01907809_0007.hex
* Software version 2.8.0.119
* Temperature SN = 7809
* Conductivity SN = 7809
* System UpLoad Time = Jul 07 2022 15:47:08
* <ApplicationData>
* <Seaterm232>
# nquan = 15
# nvalues = 1754                        
# units = specified
# name 0 = depFM: Depth [fresh water, m]
# name 1 = dz/dtM: Descent Rate [m/s]
# name 2 = sbeox0Mg/L: Oxygen, SBE 43 [mg/l]
# name 3 = sbeox0PS: Oxygen, SBE 43 [% saturation]
# name 4 = specc: Specific Conductance [uS/cm]
# name 5 = c0uS/cm: Conductivity [uS/cm]
# name 6 = flECO-AFL: Fluorescence, WET Labs ECO-AFL/FL [mg/m^3]
# name 7 = ph: pH
# name 8 = orp: Oxidation Reduction Potential [mV]
# name 9 = par/sat/log: PAR/Logarithmic, Satlantic
# name 10 = turbWETntu0: Turbidity, WET Labs ECO [NTU]
# name 11 = prdM: Pressure, Strain Gauge [db]
# name 12 = prdE: Pressure, Strain Gauge [psi]
# name 13 = tv290C: Temperature [ITS-90, deg C]
# name 14 = flag:  0.000e+00
# span 0 =     -0.486,     14.581       
# span 1 =     -0.292,      0.307       
# span 2 =     2.3961,     8.6233       
# span 3 =     22.862,     99.981       
# span 4 =      1.282,    102.565       
# span 5 =   1.265605,  92.494897       
# span 6 =    -0.1653,     3.7731       
# span 7 =      7.237,      8.556       
# span 8 =    81.0326,   529.6673       
# span 9 = 1.2352e-01, 1.3869e+03       
# span 10 =    -0.4005,     9.1302      
# span 11 =     -0.477,     14.300      
# span 12 =     -0.692,     20.740      
# span 13 =    10.9986,    28.1170      
# span 14 = 0.0000e+00, 0.0000e+00      
# interval = seconds: 0.25
# start_time = Jul 07 2022 08:47:21 [Instrument's time stamp, header]
# bad_flag = -9.990e-29
*END*
[from data line 482]
      5.320      0.123     8.4348     92.604     86.695  78.057118     2.9254      8.503   183.6613 1.5163e+02     1.3873      5.216      7.566    20.8693 0.0000e+00
      5.364      0.114     8.4504     91.711     86.990  78.097288     2.9554      8.501   184.0022 1.4799e+02     1.4423      5.265      7.637    20.6899 0.0000e+00
      5.394      0.095     8.4657     90.842     87.094  78.108183     3.0147      8.498   184.2524 1.4547e+02     1.5588      5.295      7.680    20.4767 0.0000e+00
      5.410      0.074     8.4657     90.119     87.036  78.061663     3.0518      8.495   184.4489 1.4393e+02     1.6338      5.308      7.698    20.2072 0.0000e+00
      5.418      0.057     8.4216     89.642     86.961  77.979655     3.0546      8.493   184.9165 1.4332e+02     1.6319      5.315      7.709    19.9839 0.0000e+00
      5.421      0.051     8.3607     89.347     86.983  77.879151     3.0400      8.492   185.3464 1.4322e+02     1.5369      5.315      7.708    19.8532 0.0000e+00
      5.426      0.056     8.2840     89.114     87.129  77.799481     3.0167      8.490   185.4307 1.4285e+02     1.4070      5.318      7.713    19.8144 0.0000e+00
      5.441      0.070     8.2068     88.899     87.277  77.715059     3.0059      8.487   185.5048 1.4182e+02     1.3935      5.332      7.733    19.8458 0.0000e+00
      5.463      0.085     8.1658     88.649     87.401  77.620648     3.0097      8.485   185.6402 1.4022e+02     1.4417      5.355      7.768    19.8565 0.0000e+00
      5.489      0.095     8.1552     88.285     87.555  77.547303     3.0541      8.482   185.9502 1.3791e+02     1.4780      5.381      7.804    19.7873 0.0000e+00
      5.521      0.097     8.1589     87.828     87.725  77.526946     3.1341      8.480   186.4129 1.3476e+02     1.5245      5.413      7.850    19.6355 0.0000e+00
      5.555      0.092     8.1600     87.314     87.880  77.564920     3.1794      8.477   186.8466 1.3205e+02     1.5597      5.452      7.909    19.5111 0.0000e+00
      5.581      0.083     8.1591     86.736     87.924  77.561513     3.1851      8.474   187.2368 1.3065e+02     1.5963      5.476      7.943    19.4108 0.0000e+00
      5.596      0.075     8.1462     86.172     87.857  77.485701     3.1869      8.470   187.4307 1.3026e+02     1.6255      5.489      7.961    19.2684 0.0000e+00
      5.606      0.071     8.1181     85.737     87.819  77.410776     3.1926      8.467   187.5562 1.3056e+02     1.6054      5.498      7.975    19.1661 0.0000e+00
      5.616      0.071     8.0819     85.439     87.881  77.354530     3.1954      8.466   187.8933 1.3076e+02     1.5585      5.504      7.983    19.1169 0.0000e+00
      5.632      0.075     8.0283     85.217     88.033  77.313832     3.1877      8.465   188.4088 1.3038e+02     1.5362      5.520      8.006    19.0952 0.0000e+00
      5.656      0.080     7.9701     84.978     88.220  77.299718     3.1830      8.463   188.7125 1.2948e+02     1.5417      5.546      8.044    19.0981 0.0000e+00
      5.685      0.082     7.9328     84.646     88.392  77.310723     3.2292      8.460   188.6403 1.2793e+02     1.6243      5.575      8.087    19.0849 0.0000e+00
      5.713      0.080     7.9172     84.213     88.509  77.319632     3.3133      8.457   188.5689 1.2617e+02     1.7836      5.604      8.129    19.0232 0.0000e+00
      5.733      0.076     7.9179     83.714     88.515  77.280231     3.3600      8.454   188.7090 1.2477e+02     1.8971      5.626      8.159    18.9067 0.0000e+00
      5.746      0.076     7.9178     83.222     88.483  77.215517     3.3610      8.452   188.9576 1.2382e+02     1.9372      5.636      8.175    18.7952 0.0000e+00
      5.756      0.079     7.8971     82.757     88.555  77.172571     3.3086      8.449   189.1662 1.2305e+02     1.9268      5.642      8.184    18.7207 0.0000e+00
      5.771      0.086     7.8665     82.279     88.732  77.142091     3.2260      8.446   189.3384 1.2195e+02     1.8739      5.654      8.201    18.6622 0.0000e+00
      5.796      0.094     7.8190     81.799     88.918  77.100914     3.1865      8.442   189.5769 1.2040e+02     1.8434      5.680      8.239    18.6436 0.0000e+00
      5.829      0.101     7.7705     81.263     89.087  77.055685     3.1796      8.439   189.8986 1.1874e+02     1.8318      5.717      8.292    18.6473 0.0000e+00
      5.862      0.102     7.7416     80.579     89.267  77.039770     3.2010      8.435   190.2169 1.1712e+02     1.7683      5.751      8.341    18.5901 0.0000e+00
      5.891      0.097     7.7118     79.729     89.408  77.035355     3.2457      8.433   190.5863 1.1551e+02     1.6893      5.779      8.382    18.4644 0.0000e+00
      5.916      0.090     7.6890     78.782     89.448  77.002139     3.2623      8.430   191.0955 1.1410e+02     1.6631      5.805      8.419    18.3469 0.0000e+00
      5.934      0.085     7.6589     77.871     89.448  76.955792     3.2520      8.426   191.2967 1.1296e+02     1.6562      5.822      8.444    18.2422 0.0000e+00
      5.947      0.084     7.6106     77.030     89.489  76.919715     3.2547      8.423   191.2131 1.1182e+02     1.6405      5.831      8.457    18.1372 0.0000e+00
      5.962      0.087     7.5413     76.224     89.569  76.883548     3.2786      8.421   191.5473 1.1023e+02     1.6097      5.842      8.472    18.0624 0.0000e+00
      5.987      0.094     7.4481     75.494     89.653  76.836063     3.2986      8.418   192.0679 1.0836e+02     1.5912      5.868      8.513    18.0333 0.0000e+00
      6.017      0.101     7.3641     74.881     89.745  76.790217     3.3136      8.416   192.3450 1.0666e+02     1.6223      5.902      8.560    18.0209 0.0000e+00
      6.046      0.105     7.2935     74.314     89.890  76.773856     3.3355      8.413   192.6610 1.0479e+02     1.6102      5.929      8.599    17.9806 0.0000e+00
      6.076      0.104     7.2243     73.713     90.056  76.765143     3.3554      8.409   193.1345 1.0239e+02     1.5132      5.958      8.641    17.9165 0.0000e+00
      6.105      0.095     7.1622     73.083     90.190  76.748216     3.3541      8.405   193.5102 9.9549e+01     1.4057      5.987      8.684    17.8471 0.0000e+00
      6.130      0.083     7.1171     72.412     90.300  76.759643     3.3456      8.402   193.6767 9.6641e+01     1.3344      6.013      8.721    17.7821 0.0000e+00
      6.150      0.071     7.0794     71.709     90.346  76.776128     3.3604      8.399   193.9432 9.4161e+01     1.3350      6.033      8.751    17.7042 0.0000e+00
      6.165      0.061     7.0325     71.055     90.325  76.756880     3.3915      8.395   194.2371 9.2376e+01     1.4128      6.047      8.772    17.6118 0.0000e+00
      6.174      0.057     6.9850     70.480     90.316  76.717547     3.4138      8.391   194.2180 9.1297e+01     1.4550      6.056      8.784    17.5345 0.0000e+00
      6.182      0.061     6.9295     70.004     90.346  76.681761     3.4211      8.387   194.3146 9.0468e+01     1.4349      6.060      8.790    17.4845 0.0000e+00
      6.193      0.072     6.8567     69.660     90.389  76.641811     3.4224      8.385   194.5449 8.9290e+01     1.4092      6.071      8.805    17.4790 0.0000e+00
      6.211      0.087     6.7929     69.405     90.470  76.615666     3.4457      8.382   194.4213 8.7534e+01     1.4180      6.089      8.832    17.4964 0.0000e+00
      6.237      0.098     6.7407     69.153     90.611  76.619689     3.4942      8.377   194.9718 8.5014e+01     1.5068      6.112      8.866    17.4738 0.0000e+00
      6.272      0.103     6.6976     68.806     90.785  76.626761     3.5265      8.371   195.9515 8.2108e+01     1.5942      6.148      8.918    17.4336 0.0000e+00
      6.308      0.098     6.6725     68.288     90.940  76.637454     3.5367      8.366   195.7715 7.9830e+01     1.6209      6.189      8.976    17.3981 0.0000e+00
      6.338      0.086     6.6583     67.593     90.956  76.621738     3.5262      8.362   195.2906 7.8672e+01     1.5563      6.219      9.019    17.3405 0.0000e+00
      6.359      0.072     6.6461     66.779     90.844  76.563785     3.4989      8.359   195.2993 7.9013e+01     1.4287      6.241      9.052    17.2822 0.0000e+00
      6.369      0.062     6.6271     65.940     90.782  76.508676     3.4809      8.356   195.4468 8.0953e+01     1.3419      6.249      9.064    17.1996 0.0000e+00
      6.371      0.059     6.5899     65.161     90.832  76.463742     3.4836      8.352   195.6105 8.3448e+01     1.3268      6.246      9.058    17.1066 0.0000e+00
      6.377      0.066     6.5222     64.491     90.941  76.401622     3.5567      8.349   195.7296 8.5508e+01     1.4164      6.249      9.064    17.0984 0.0000e+00
      6.394      0.080     6.4330     63.915     91.085  76.329255     3.6911      8.346   195.8548 8.6680e+01     1.5708      6.267      9.089    17.1492 0.0000e+00
      6.420      0.094     6.3485     63.328     91.270  76.287450     3.7689      8.342   196.0057 8.6718e+01     1.6570      6.295      9.130    17.1541 0.0000e+00
      6.454      0.102     6.2794     62.628     91.470  76.277150     3.7731      8.338   196.1777 8.5726e+01     1.6733      6.326      9.177    17.0980 0.0000e+00
      6.490      0.101     6.2256     61.786     91.652  76.268035     3.7087      8.334   196.3852 8.4240e+01     1.6643      6.365      9.233    17.0107 0.0000e+00
      6.522      0.091     6.1892     60.776     91.783  76.240595     3.5981      8.329   196.6218 8.2986e+01     1.6169      6.401      9.284    16.8967 0.0000e+00
      6.543      0.079     6.1526     59.622     91.866  76.199358     3.5426      8.326   196.8875 8.2191e+01     1.5786      6.419      9.310    16.7809 0.0000e+00
      6.555      0.069     6.0944     58.442     91.962  76.150552     3.5284      8.324   197.1894 8.1810e+01     1.6110      6.430      9.326    16.6899 0.0000e+00
      6.563      0.067     6.0265     57.335     92.096  76.095110     3.5345      8.322   197.4317 8.1744e+01     1.6667      6.436      9.335    16.6005 0.0000e+00
      6.572      0.073     5.9383     56.361     92.214  76.037110     3.5742      8.319   197.5802 8.1554e+01     1.6719      6.441      9.341    16.5181 0.0000e+00
      6.588      0.086     5.8244     55.572     92.267  75.957398     3.6014      8.314   197.7798 8.0908e+01     1.6402      6.457      9.364    16.4754 0.0000e+00
      6.615      0.098     5.7147     54.983     92.374  75.893637     3.5971      8.310   198.1249 7.9884e+01     1.5908      6.485      9.406    16.4112 0.0000e+00
      6.650      0.105     5.6162     54.485     92.629  75.901393     3.5555      8.306   198.3970 7.8516e+01     1.5520      6.520      9.457    16.3059 0.0000e+00
      6.686      0.103     5.5311     53.947     92.872  75.923846     3.4979      8.301   198.4031 7.6831e+01     1.5466      6.556      9.510    16.2121 0.0000e+00
      6.720      0.093     5.4558     53.303     93.001  75.910731     3.4831      8.297   198.2845 7.5332e+01     1.5949      6.595      9.564    16.1645 0.0000e+00
      6.742      0.081     5.4112     52.473     93.060  75.869761     3.4931      8.294   198.3396 7.4387e+01     1.6911      6.618      9.598    16.0959 0.0000e+00
      6.753      0.071     5.3848     51.480     93.089  75.809603     3.4861      8.291   198.5531 7.3712e+01     1.7535      6.624      9.607    15.9561 0.0000e+00
      6.760      0.067     5.3413     50.459     93.139  75.755120     3.4724      8.286   198.8009 7.3040e+01     1.7010      6.629      9.614    15.8569 0.0000e+00
      6.770      0.070     5.2896     49.475     93.228  75.719196     3.4693      8.283   199.1853 7.2057e+01     1.6024      6.636      9.625    15.8057 0.0000e+00
      6.786      0.079     5.2119     48.527     93.340  75.692811     3.4738      8.281   199.5012 7.0333e+01     1.5863      6.651      9.647    15.7577 0.0000e+00
      6.813      0.089     5.1097     47.627     93.486  75.690113     3.4681      8.278   199.6085 6.7937e+01     1.6091      6.679      9.687    15.7191 0.0000e+00
      6.845      0.096     5.0129     46.766     93.603  75.686425     3.4083      8.273   199.7945 6.5197e+01     1.6389      6.713      9.736    15.6668 0.0000e+00
      6.876      0.098     4.9223     45.908     93.638  75.648099     3.3093      8.270   200.1151 6.2323e+01     1.6733      6.745      9.782    15.6065 0.0000e+00
      6.901      0.096     4.8332     45.035     93.698  75.607866     3.2608      8.266   200.3873 5.9570e+01     1.6830      6.772      9.822    15.5466 0.0000e+00
      6.920      0.091     4.7512     44.166     93.834  75.581093     3.2464      8.261   201.1078 5.6920e+01     1.6534      6.787      9.844    15.4737 0.0000e+00
      6.939      0.086     4.6730     43.307     93.999  75.578369     3.2014      8.256   202.2865 5.4169e+01     1.5893      6.802      9.865    15.4141 0.0000e+00
      6.962      0.085     4.5898     42.437     94.127  75.574773     3.1421      8.252   202.9380 5.1710e+01     1.5564      6.829      9.905    15.3963 0.0000e+00
      6.984      0.088     4.5050     41.567     94.215  75.537486     3.1208      8.248   202.8770 4.9812e+01     1.5639      6.850      9.936    15.3583 0.0000e+00
      7.004      0.092     4.4260     40.707     94.342  75.508631     3.1271      8.245   202.4084 4.8242e+01     1.5770      6.865      9.957    15.2662 0.0000e+00
      7.028      0.093     4.3494     39.838     94.481  75.479890     3.0842      8.242   201.9176 4.6935e+01     1.6126      6.890      9.993    15.1889 0.0000e+00
      7.056      0.091     4.2651     38.938     94.585  75.443959     3.0022      8.238   201.6752 4.5908e+01     1.6524      6.919     10.036    15.1431 0.0000e+00
      7.083      0.087     4.1813     37.969     94.697  75.455271     2.9517      8.234   201.6288 4.5110e+01     1.6145      6.948     10.077    15.0898 0.0000e+00
      7.106      0.081     4.1031     36.873     94.787  75.489498     2.9304      8.231   201.7008 4.4501e+01     1.5642      6.971     10.111    15.0175 0.0000e+00
      7.124      0.075     4.0222     35.683     94.786  75.476528     2.8696      8.226   201.7708 4.4102e+01     1.5911      6.988     10.135    14.9366 0.0000e+00
      7.139      0.071     3.9386     34.548     94.741  75.425509     2.7749      8.222   201.8728 4.3877e+01     1.6320      7.001     10.154    14.8689 0.0000e+00
      7.153      0.073     3.8470     33.559     94.738  75.380914     2.7339      8.218   201.9882 4.3743e+01     1.6488      7.015     10.174    14.8291 0.0000e+00
      7.168      0.080     3.7377     32.766     94.760  75.318513     2.7319      8.213   202.0480 4.3634e+01     1.6568      7.029     10.193    14.8121 0.0000e+00
      7.187      0.090     3.6088     32.211     94.818  75.242761     2.6668      8.208   202.1654 4.3442e+01     1.6605      7.046     10.218    14.8104 0.0000e+00
      7.212      0.097     3.4914     31.824     94.995  75.227303     2.5458      8.204   202.5465 4.3053e+01     1.6256      7.070     10.254    14.8094 0.0000e+00
      7.244      0.098     3.3931     31.501     95.231  75.258490     2.4839      8.200   203.1293 4.2442e+01     1.5766      7.104     10.303    14.7870 0.0000e+00
      7.277      0.090     3.3108     31.184     95.431  75.301965     2.4850      8.196   203.5330 4.1724e+01     1.5803      7.139     10.354    14.7462 0.0000e+00
      7.305      0.074     3.2638     30.794     95.550  75.371595     2.4842      8.191   203.6415 4.1034e+01     1.5342      7.167     10.395    14.6820 0.0000e+00
      7.325      0.056     3.2357     30.307     95.476  75.401449     2.4660      8.186   203.6668 4.0509e+01     1.4288      7.188     10.425    14.5924 0.0000e+00
      7.333      0.045     3.2088     29.798     95.251  75.345344     2.4395      8.181   203.6668 4.0173e+01     1.3985      7.197     10.438    14.5031 0.0000e+00
      7.330      0.045     3.1857     29.338     95.128  75.265238     2.4228      8.176   203.7286 3.9776e+01     1.3734      7.191     10.428    14.4336 0.0000e+00
