Data/DataNotYetUploadedToEDI/Raw_CTD/RawDownloads/070725_fcr10_S7809007.cnv
* Sea-Bird SBE19plus  Data File:
* FileName = C:\R\Reservoirs\Data\DataNotYetUploadedToEDI\Raw_CTD\RawDownloads\070325_fcr50_S7809_0007.hex
* Software version 2.8.0.119
* Temperature SN = 7809
* Conductivity SN = 7809
* System UpLoad Time = Jul 07 2025 16:22:07
* <ApplicationData>
* <Seaterm232>
# nquan = 15
# nvalues = 1319                        
# units = specified
# name 0 = depFM: Depth [fresh water, m]
# name 1 = dz/dtM: Descent Rate [m/s]
# name 2 = sbeox0Mg/L: Oxygen, SBE 43 [mg/l]
# name 3 = sbeox0PS: Oxygen, SBE 43 [% saturation]
# name 4 = specc: Specific Conductance [uS/cm]
# name 5 = c0uS/cm: Conductivity [uS/cm]
# name 6 = flECO-AFL: Fluorescence, WET Labs ECO-AFL/FL [mg/m^3]
# name 7 = ph: pH
# name 8 = orp: Oxidation Reduction Potential [mV]
# name 9 = par/sat/log: PAR/Logarithmic, Satlantic
# name 10 = turbWETntu0: Turbidity, WET Labs ECO [NTU]
# name 11 = prdM: Pressure, Strain Gauge [db]
# name 12 = prdE: Pressure, Strain Gauge [psi]
# name 13 = tv290C: Temperature [ITS-90, deg C]
# name 14 = flag:  0.000e+00
# span 0 =     -0.646,      2.052       
# span 1 =     -0.570,      0.152       
# span 2 =     0.0499,     9.1225       
# span 3 =      0.574,    116.271       
# span 4 =     -5.308,     82.177       
# span 5 =  -6.418009,  73.364184       
# span 6 =    -0.0430,    78.0319       
# span 7 =      7.029,      9.048       
# span 8 =  -826.7591,   384.5464       
# span 9 = 3.5286e+00, 2.4900e+03       
# span 10 =    -0.0711,   117.1958      
# span 11 =     -0.634,      2.015      
# span 12 =     -0.919,      2.922      
# span 13 =    19.4736,    35.5338      
# span 14 = 0.0000e+00, 0.0000e+00      
# interval = seconds: 0.25
# start_time = Jul 07 2025 12:36:03 [Instrument's time stamp, header]
# bad_flag = -9.990e-29
*END*
[from data line 1061]
      2.034      0.001     0.1274      1.349     71.413  63.760705    42.7995      8.349   181.7408 1.8287e+01    27.9687      1.995      2.893    19.6634 0.0000e+00
      2.035      0.001     0.1226      1.358     71.274  63.627372    42.8205      8.350   181.4917 1.7963e+01    27.9031      1.995      2.894    19.6624 0.0000e+00
      2.035      0.001     0.1244      1.383     71.141  63.503532    42.9520      8.350   181.1297 1.7642e+01    27.3881      1.996      2.895    19.6558 0.0000e+00
      2.035      0.001     0.1238      1.425     71.107  63.470578    43.2318      8.350   180.8914 1.7249e+01    26.6952      1.996      2.894    19.6459 0.0000e+00
      2.035      0.001     0.1229      1.457     71.125  63.483070    43.3984      8.350   180.8474 1.6753e+01    26.4605      1.996      2.895    19.6366 0.0000e+00
      2.036      0.001     0.1244      1.486     71.179  63.527498    43.4021      8.349   180.8556 1.6446e+01    26.4972      1.997      2.896    19.6302 0.0000e+00
      2.036      0.000     0.1250      1.521     71.293  63.626518    43.3678      8.349   180.8188 1.6371e+01    26.5588      1.996      2.895    19.6270 0.0000e+00
      2.036 4.2859e-07     0.1318      1.540     71.406  63.727252    43.2925      8.350   180.7463 1.6331e+01    26.7266      1.996      2.895    19.6254 0.0000e+00
      2.036      0.000     0.1335      1.550     71.477  63.792399    43.2159      8.350   180.5815 1.6273e+01    26.8523      1.997      2.896    19.6231 0.0000e+00
      2.036      0.000     0.1350      1.570     71.458  63.778833    43.2074      8.351   180.2024 1.6203e+01    26.7463      1.997      2.896    19.6195 0.0000e+00
      2.036      0.001     0.1409      1.585     71.354  63.690304    43.6724      8.351   179.6043 1.6138e+01    26.0939      1.997      2.896    19.6178 0.0000e+00
      2.036      0.001     0.1412      1.578     71.324  63.675077    44.5594      8.351   178.8567 1.6087e+01    25.0445      1.997      2.896    19.6184 0.0000e+00
      2.036      0.001     0.1411      1.552     71.419  63.785352    45.0433      8.351   178.1323 1.5879e+01    24.4761      1.997      2.896    19.6197 0.0000e+00
      2.036      0.002     0.1442      1.532     71.555  63.943517    45.1115      8.352   177.6431 1.5375e+01    24.3123      1.997      2.896    19.6222 0.0000e+00
      2.037      0.002     0.1459      1.515     71.717  64.126099    45.5096      8.352   177.2439 1.4681e+01    23.8830      1.998      2.898    19.6242 0.0000e+00
      2.038      0.002     0.1457      1.504     71.855  64.277433    46.2602      8.350   176.7475 1.3966e+01    23.3507      1.998      2.898    19.6293 0.0000e+00
      2.039      0.002     0.1413      1.521     71.948  64.375464    46.6719      8.349   176.1150 1.3398e+01    23.2055      1.999      2.900    19.6473 0.0000e+00
      2.039      0.002     0.1400      1.551     72.065  64.485382    46.7330      8.349   175.1027 1.3049e+01    23.3227      2.000      2.901    19.6772 0.0000e+00
      2.039      0.001     0.1393      1.564     72.184  64.589802    46.7825      8.349   173.0249 1.2869e+01    22.8212      2.000      2.900    19.7059 0.0000e+00
      2.040      0.001     0.1356      1.556     72.297  64.684896    46.8133      8.349   169.5776 1.2796e+01    21.7529      2.001      2.902    19.7257 0.0000e+00
      2.040      0.001     0.1387      1.546     72.448  64.809112    46.8134      8.348   165.6007 1.2715e+01    21.1668      2.000      2.901    19.7350 0.0000e+00
      2.040      0.001     0.1424      1.544     72.618  64.947941    46.7837      8.347   161.9374 1.2528e+01    21.0284      2.000      2.901    19.7372 0.0000e+00
      2.040      0.001     0.1440      1.536     72.866  65.156147    46.7461      8.347   158.5821 1.2336e+01    20.9679      2.001      2.902    19.7361 0.0000e+00
      2.041      0.001     0.1419      1.521     73.173  65.420226    46.5254      8.347   155.2323 1.2229e+01    21.1877      2.001      2.902    19.7316 0.0000e+00
      2.041      0.001     0.1408      1.510     73.383  65.599179    46.1210      8.347   151.8065 1.2140e+01    21.6019      2.001      2.902    19.7243 0.0000e+00
      2.041      0.001     0.1416      1.503     73.468  65.667711    45.8848      8.347   148.3938 1.2062e+01    21.7403      2.002      2.903    19.7143 0.0000e+00
      2.041      0.001     0.1407      1.488     73.485  65.676938    45.8497      8.347   145.2015 1.2003e+01    21.5629      2.002      2.903    19.7041 0.0000e+00
      2.041      0.001     0.1390      1.455     73.454  65.647188    45.8964      8.347   142.4626 1.1884e+01    21.3012      2.002      2.904    19.6965 0.0000e+00
      2.041      0.001     0.1379      1.425     73.424  65.625729    45.9751      8.347   140.3151 1.1694e+01    21.0696      2.002      2.903    19.6914 0.0000e+00
      2.042      0.001     0.1378      1.420     73.536  65.735213    46.0352      8.346   138.6814 1.1523e+01    21.0521      2.002      2.904    19.6869 0.0000e+00
      2.042      0.001     0.1372      1.422     73.771  65.954245    46.0915      8.346   137.2501 1.1390e+01    21.0888      2.002      2.904    19.6811 0.0000e+00
      2.042      0.001     0.1331      1.414     73.875  66.049977    46.1568      8.346   135.8286 1.1255e+01    20.6934      2.002      2.904    19.6793 0.0000e+00
      2.042      0.001     0.1291      1.396     73.822  66.003083    46.2084      8.347   134.4858 1.1144e+01    19.9266      2.003      2.905    19.6842 0.0000e+00
      2.042      0.000     0.1298      1.379     73.773  65.959158    46.2071      8.349   133.4051 1.1085e+01    19.4355      2.002      2.904    19.6921 0.0000e+00
      2.042      0.000     0.1304      1.364     73.708  65.900149    46.1917      8.349   132.7418 1.1021e+01    19.3666      2.003      2.905    19.6989 0.0000e+00
      2.042      0.000     0.1299      1.343     73.596  65.797966    46.2134      8.349   132.3163 1.0897e+01    19.7775      2.003      2.905    19.7000 0.0000e+00
      2.043      0.001     0.1276      1.315     73.462  65.676837    46.2532      8.350   131.8748 1.0793e+01    20.5094      2.003      2.905    19.6992 0.0000e+00
      2.043      0.001     0.1261      1.300     73.355  65.579389    46.2648      8.350   131.3613 1.0764e+01    20.8719      2.003      2.905    19.7003 0.0000e+00
      2.043      0.001     0.1250      1.295     73.349  65.572882    46.2368      8.350   130.6685 1.0757e+01    20.8810      2.003      2.905    19.6988 0.0000e+00
      2.043      0.001     0.1235      1.289     73.449  65.661712    45.9650      8.352   129.6068 1.0744e+01    21.5070      2.003      2.906    19.6967 0.0000e+00
      2.043      0.001     0.1196      1.289     73.634  65.827342    45.4674      8.355   127.9022 1.0729e+01    22.9067      2.004      2.907    19.6966 0.0000e+00
      2.043      0.001     0.1184      1.288     73.883  66.050438    45.1974      8.355   125.5448 1.0702e+01    23.7304      2.004      2.906    19.6952 0.0000e+00
      2.043      0.000     0.1189      1.278     74.116  66.262175    45.1809      8.355   123.1301 1.0624e+01    23.7124      2.003      2.906    19.6941 0.0000e+00
      2.044 1.8628e-08     0.1173      1.283     74.286  66.417524    45.2093      8.355   121.2489 1.0485e+01    22.8609      2.004      2.907    19.6939 0.0000e+00
      2.044 2.0491e-07     0.1178      1.288     74.480  66.594287    45.2323      8.356   119.8352 1.0315e+01    21.2575      2.004      2.907    19.6942 0.0000e+00
      2.044 2.0493e-07     0.1189      1.279     74.719  66.810739    45.2099      8.357   118.5990 1.0144e+01    20.3463      2.004      2.907    19.6946 0.0000e+00
      2.044 1.8935e-08     0.1158      1.286     74.930  67.001114    45.1633      8.358   117.4015 1.0051e+01    20.1787      2.004      2.907    19.6965 0.0000e+00
      2.044 5.0802e-09     0.1170      1.301     75.128  67.180305    45.1352      8.358   116.1101 1.0031e+01    20.0857      2.004      2.907    19.6995 0.0000e+00
      2.044 3.7409e-08     0.1196      1.303     75.218  67.261524    45.1196      8.359   114.7730 9.9832e+00    20.2119      2.005      2.908    19.7017 0.0000e+00
      2.044 4.0982e-07     0.1150      1.296     75.101  67.156994    45.1155      8.360   113.4516 9.8992e+00    20.4749      2.004      2.907    19.7032 0.0000e+00
      2.044      0.000     0.1178      1.291     74.921  66.996765    45.1364      8.362   111.9209 9.8114e+00    20.5664      2.004      2.907    19.7045 0.0000e+00
      2.044      0.000     0.1195      1.292     74.827  66.912921    45.1299      8.364   110.2034 9.7145e+00    20.4983      2.004      2.907    19.7058 0.0000e+00
      2.044      0.001     0.1193      1.274     74.822  66.905826    44.7631      8.364   108.6893 9.6027e+00    20.2324      2.005      2.908    19.7064 0.0000e+00
      2.044      0.001     0.1189      1.254     74.830  66.910973    44.0638      8.364   107.5527 9.3376e+00    19.7778      2.004      2.907    19.7070 0.0000e+00
      2.044      0.001     0.1166      1.258     74.755  66.848050    43.6997      8.365   106.6127 8.8545e+00    19.6120      2.004      2.907    19.7073 0.0000e+00
      2.045      0.001     0.1197      1.267     74.594  66.716963    43.7058      8.366   105.7568 8.4584e+00    19.6960      2.006      2.909    19.7073 0.0000e+00
      2.046      0.001     0.1166      1.258     74.438  66.596974    43.6716      8.366   105.1197 8.3172e+00    19.6671      2.006      2.910    19.7059 0.0000e+00
      2.046      0.001     0.1132      1.247     74.424  66.604707    43.5528      8.366   104.7596 8.2645e+00    19.4676      2.006      2.910    19.7030 0.0000e+00
      2.046      0.001     0.1150      1.250     74.565  66.746935    43.4593      8.367   104.5004 8.2075e+00    19.2307      2.006      2.909    19.7032 0.0000e+00
      2.046      0.000     0.1168      1.255     74.745  66.918626    43.4406      8.368   104.2233 8.1847e+00    19.1248      2.006      2.909    19.7129 0.0000e+00
      2.046 1.8628e-08     0.1152      1.268     74.928  67.091934    43.5847      8.370   103.9037 8.1997e+00    19.1782      2.006      2.909    19.7288 0.0000e+00
      2.046 2.0490e-07     0.1126      1.275     75.029  67.190140    43.8782      8.370   103.3898 8.2030e+00    19.3304      2.006      2.910    19.7432 0.0000e+00
      2.046 2.0490e-07     0.1149      1.266     75.059  67.216370    44.0680      8.370   102.7416 8.1849e+00    19.4276      2.007      2.910    19.7535 0.0000e+00
      2.046 1.8627e-08     0.1138      1.256     75.142  67.281971    44.0976      8.370   102.1750 8.1632e+00    19.4320      2.007      2.910    19.7595 0.0000e+00
      2.046 1.6934e-09     0.1160      1.266     75.303  67.411370    44.0704      8.370   101.6155 8.1382e+00    19.1441      2.006      2.910    19.7665 0.0000e+00
      2.046 1.5395e-10     0.1175      1.292     75.575  67.637007    44.0304      8.371   100.8806 8.1151e+00    18.6110      2.007      2.910    19.7735 0.0000e+00
      2.046 1.3995e-11     0.1152      1.304     75.975  67.976507    44.0127      8.373   100.0003 8.0917e+00    18.3490      2.006      2.910    19.7734 0.0000e+00
      2.046 1.2742e-12     0.1146      1.307     76.468  68.402213    44.0319      8.375    99.0594 8.0744e+00    18.3671      2.007      2.910    19.7668 0.0000e+00
      2.046 1.3668e-13     0.1140      1.319     76.974  68.843947    44.1284      8.376    98.0226 8.0543e+00    18.5910      2.007      2.911    19.7567 0.0000e+00
      2.046 2.4167e-13     0.1195      1.322     77.435  69.250049    44.2643      8.377    96.9287 8.0029e+00    18.9045      2.007      2.910    19.7435 0.0000e+00
      2.047 2.5436e-12     0.1196      1.305     77.790  69.562629    44.3185      8.377    95.9002 7.9625e+00    18.9461      2.007      2.911    19.7299 0.0000e+00
      2.047 2.7970e-11     0.1186      1.282     77.948  69.699762    44.2938      8.378    94.8787 7.9570e+00    18.7868      2.007      2.911    19.7202 0.0000e+00
      2.047 3.0766e-10     0.1210      1.264     78.026  69.764098    44.2734      8.379    93.7840 7.9525e+00    18.6871      2.007      2.911    19.7137 0.0000e+00
      2.047 3.3843e-09     0.1218      1.234     78.180  69.895607    44.3960      8.380    92.4726 7.9508e+00    18.5945      2.007      2.911    19.7092 0.0000e+00
      2.047 3.7227e-08     0.1196      1.195     78.398  70.082218    44.6685      8.381    90.8966 7.9438e+00    18.4866      2.007      2.911    19.7069 0.0000e+00
      2.046 4.0950e-07     0.1163      1.168     78.586  70.240780    44.8552      8.382    89.3555 7.9073e+00    18.4756      2.006      2.910    19.7046 0.0000e+00
      2.046      0.000     0.1165      1.154     78.719  70.350919    44.8897      8.384    87.8640 7.8489e+00    18.4953      2.006      2.910    19.7015 0.0000e+00
      2.046      0.000     0.1132      1.125     78.853  70.460507    44.7361      8.385    86.4566 7.7730e+00    18.4859      2.007      2.910    19.6978 0.0000e+00
      2.046      0.001     0.1089      1.100     78.965  70.548844    44.4290      8.387    85.3309 7.6675e+00    18.4648      2.007      2.910    19.6919 0.0000e+00
      2.047      0.001     0.1054      1.101     79.028  70.592712    44.2641      8.387    84.4915 7.5559e+00    18.5471      2.008      2.912    19.6853 0.0000e+00
      2.047      0.001     0.1070      1.097     79.058  70.609540    44.2416      8.388    83.8792 7.4460e+00    18.6613      2.007      2.911    19.6804 0.0000e+00
      2.047      0.000     0.1030      1.092     79.085  70.625178    44.0892      8.390    83.3482 7.3200e+00    18.6500      2.007      2.911    19.6745 0.0000e+00
      2.047 1.8614e-08     0.0984      1.094     79.126  70.654661    43.8280      8.391    82.9750 7.2323e+00    18.6150      2.008      2.912    19.6663 0.0000e+00
      2.047 2.0475e-07     0.1022      1.088     79.199  70.711756    43.6888      8.391    82.8086 7.1973e+00    18.6146      2.007      2.911    19.6584 0.0000e+00
      2.047 2.0475e-07     0.1002      1.080     79.319  70.807026    43.6297      8.392    82.5411 7.1423e+00    18.5769      2.008      2.912    19.6518 0.0000e+00
      2.047 1.8614e-08     0.0992      1.081     79.387  70.853138    43.3711      8.393    82.1497 7.0541e+00    18.2609      2.007      2.911    19.6465 0.0000e+00
      2.047 1.6921e-09     0.1008      1.068     79.370  70.824353    42.9591      8.395    81.6902 6.9770e+00    17.8008      2.008      2.912    19.6424 0.0000e+00
      2.047 1.5383e-10     0.1000      1.056     79.330  70.776783    42.7601      8.397    80.9428 6.9309e+00    17.6589      2.008      2.912    19.6377 0.0000e+00
      2.047 1.3985e-11     0.0974      1.058     79.276  70.722875    42.7300      8.398    80.0827 6.9064e+00    17.7745      2.008      2.913    19.6302 0.0000e+00
      2.047 1.2713e-12     0.1005      1.062     79.227  70.681027    42.1621      8.398    79.4642 6.8400e+00    17.8320      2.008      2.912    19.6204 0.0000e+00
      2.047 1.1558e-13     0.0977      1.078     79.188  70.652165    41.0951      8.398    79.0569 6.6683e+00    17.8087      2.009      2.913    19.6107 0.0000e+00
      2.047 1.0507e-14     0.0952      1.079     79.154  70.628155    40.5157      8.399    78.6858 6.4404e+00    17.8005      2.008      2.912    19.6035 0.0000e+00
      2.047 9.5515e-16     0.0982      1.054     79.169  70.644980    40.4007      8.400    78.4184 6.2332e+00    17.8009      2.008      2.912    19.5993 0.0000e+00
      2.048 8.6835e-17     0.0956      1.037     79.259  70.728479    39.8626      8.401    78.3198 6.0937e+00    17.5055      2.008      2.913    19.6003 0.0000e+00
      2.048 7.8940e-18     0.0997      1.029     79.421  70.875019    38.9284      8.402    78.1815 6.0352e+00    16.9272      2.009      2.914    19.6062 0.0000e+00
