Data/DataNotYetUploadedToEDI/Raw_CTD/RawDownloads/070722_ccr07_0004.cnv
* Sea-Bird SBE19plus  Data File:
* FileName = C:\R\Reservoirs\Data\DataNotYetUploadedToEDI\Raw_CTD\RawDownloads\070722_ccr50_SBE19plus01907809_0004.hex
* Software version 2.8.0.119
* Temperature SN = 7809
* Conductivity SN = 7809
* System UpLoad Time = Jul 07 2022 15:45:28
* <ApplicationData>
* <Seaterm232>
# nquan = 15
# nvalues = 302                         
# units = specified
# name 0 = depFM: Depth [fresh water, m]
# name 1 = dz/dtM: Descent Rate [m/s]
# name 2 = sbeox0Mg/L: Oxygen, SBE 43 [mg/l]
# name 3 = sbeox0PS: Oxygen, SBE 43 [% saturation]
# name 4 = specc: Specific Conductance [uS/cm]
# name 5 = c0uS/cm: Conductivity [uS/cm]
# name 6 = flECO-AFL: Fluorescence, WET Labs ECO-AFL/FL [mg/m^3]
# name 7 = ph: pH
# name 8 = orp: Oxidation Reduction Potential [mV]
# name 9 = par/sat/log: PAR/Logarithmic, Satlantic
# name 10 = turbWETntu0: Turbidity, WET Labs ECO [NTU]
# name 11 = prdM: Pressure, Strain Gauge [db]
# name 12 = prdE: Pressure, Strain Gauge [psi]
# name 13 = tv290C: Temperature [ITS-90, deg C]
# name 14 = flag:  0.000e+00
# span 0 =     -0.490,      0.860       
# span 1 =     -0.414,      0.240       
# span 2 =     3.4977,     6.7946       
# span 3 =     44.359,     84.624       
# span 4 =     20.515,     92.249       
# span 5 =  21.574018,  97.632013       
# span 6 =    -1.7498,   227.9862       
# span 7 =      7.823,      8.105       
# span 8 =   131.7713,   185.5312       
# span 9 = 9.7988e+01, 2.5662e+03       
# span 10 =    -4.0042,    48.0446      
# span 11 =     -0.482,      0.845      
# span 12 =     -0.700,      1.225      
# span 13 =    26.9586,    28.2880      
# span 14 = 0.0000e+00, 0.0000e+00      
# interval = seconds: 0.25
# start_time = Jul 07 2022 08:10:25 [Instrument's time stamp, header]
# bad_flag = -9.990e-29
*END*
[from data line 97]
      0.051     -0.013     3.8537     47.980     91.625  96.177316     1.5415      7.923   156.8034 7.0772e+02     7.6470      0.046      0.067    27.4839 0.0000e+00
      0.052     -0.007     3.8318     47.703     91.636  96.200067     1.5389      7.922   156.9740 9.1809e+02     7.6532      0.048      0.070    27.4812 0.0000e+00
      0.060     -0.003     3.8196     47.418     91.616  96.195333     1.5729      7.922   157.0714 1.1888e+03     7.6840      0.059      0.087    27.4782 0.0000e+00
      0.066     -0.001     3.8087     47.201     91.592  96.183712     1.6029      7.922   157.1205 1.3723e+03     7.7115      0.069      0.100    27.4763 0.0000e+00
      0.066     -0.001     3.7923     47.150     91.592  96.186778     1.6105      7.922   157.1380 1.3210e+03     7.7472      0.068      0.098    27.4756 0.0000e+00
      0.058     -0.002     3.7675     47.279     91.578  96.168803     1.6237      7.920   157.1963 1.0799e+03     7.7393      0.056      0.082    27.4816 0.0000e+00
      0.051     -0.003     3.7428     47.471     91.573  96.157174     1.6542      7.920   157.3953 8.2042e+02     7.6849      0.047      0.068    27.4940 0.0000e+00
      0.051     -0.002     3.7216     47.673     91.586  96.173362     1.6707      7.919   157.6510 6.5719e+02     7.6704      0.048      0.070    27.5020 0.0000e+00
      0.055      0.001     3.7157     47.926     91.573  96.173734     1.6648      7.917   157.8794 5.9574e+02     7.7004      0.054      0.078    27.5034 0.0000e+00
      0.060      0.003     3.7321     48.195     91.548  96.161699     1.6754      7.915   158.0924 6.0421e+02     7.8424      0.058      0.085    27.5003 0.0000e+00
      0.062      0.003     3.7493     48.360     91.535  96.155074     1.7072      7.913   158.2466 6.6502e+02     8.0890      0.061      0.090    27.4947 0.0000e+00
      0.062      0.001     3.7617     48.344     91.538  96.157234     1.7240      7.912   158.2820 7.5108e+02     8.2221      0.062      0.088    27.4941 0.0000e+00
      0.060     -0.001     3.7824     48.172     91.570  96.187818     1.7213      7.913   158.3480 8.3030e+02     8.2224      0.059      0.085    27.5051 0.0000e+00
      0.058     -0.002     3.8076     47.915     91.589  96.206854     1.7074      7.913   158.5277 8.7373e+02     8.1273      0.057      0.082    27.5156 0.0000e+00
      0.056     -0.001     3.8225     47.602     91.579  96.196597     1.6803      7.913   158.7345 8.6618e+02     7.9603      0.055      0.079    27.5180 0.0000e+00
      0.055      0.002     3.8207     47.260     91.572  96.191007     1.6519      7.912   158.9552 8.2776e+02     7.8769      0.053      0.077    27.5170 0.0000e+00
      0.056      0.004     3.8037     46.913     91.582  96.202858     1.6394      7.910   159.1316 7.9146e+02     7.8700      0.054      0.078    27.5149 0.0000e+00
      0.060      0.004     3.7840     46.583     91.592  96.212694     1.6458      7.909   159.2319 7.6810e+02     7.8774      0.059      0.085    27.5139 0.0000e+00
      0.063      0.004     3.7581     46.316     91.568  96.182725     1.6621      7.909   159.3078 7.4957e+02     7.9326      0.063      0.091    27.5139 0.0000e+00
      0.064      0.002     3.7303     46.121     91.548  96.158509     1.6782      7.909   159.3616 7.3243e+02     7.9911      0.063      0.092    27.5155 0.0000e+00
      0.064     -0.002     3.7030     45.966     91.566  96.174287     1.6826      7.910   159.3661 7.1330e+02     8.0036      0.063      0.091    27.5172 0.0000e+00
      0.063     -0.005     3.6744     45.841     91.576  96.182688     1.6731      7.911   159.4475 6.8608e+02     7.9813      0.062      0.090    27.5162 0.0000e+00
      0.061     -0.006     3.6539     45.761     91.592  96.196488     1.6631      7.910   159.6580 6.5219e+02     7.9262      0.060      0.087    27.5131 0.0000e+00
      0.056     -0.006     3.6395     45.706     91.611  96.213938     1.6617      7.910   159.8452 6.1476e+02     7.8837      0.055      0.079    27.5111 0.0000e+00
      0.053     -0.005     3.6284     45.613     91.601  96.202872     1.6562      7.911   159.9912 5.8283e+02     7.8776      0.051      0.073    27.5098 0.0000e+00
      0.053     -0.004     3.6168     45.475     91.590  96.189883     1.6636      7.911   160.1320 5.6520e+02     7.8865      0.051      0.074    27.5084 0.0000e+00
      0.055     -0.002     3.6115     45.320     91.586  96.184103     1.7015      7.910   160.2573 5.5492e+02     7.9229      0.054      0.079    27.5068 0.0000e+00
      0.056     -0.001     3.6100     45.146     91.601  96.196577     1.7315      7.910   160.3875 5.4500e+02     7.9422      0.056      0.082    27.5054 0.0000e+00
      0.054     -0.001     3.6025     44.988     91.619  96.213502     1.7348      7.910   160.5025 5.4107e+02     7.9152      0.052      0.077    27.5046 0.0000e+00
      0.052     -0.002     3.5899     44.874     91.606  96.197928     1.7255      7.910   160.5288 5.4701e+02     7.9035      0.050      0.073    27.5047 0.0000e+00
      0.052     -0.002     3.5789     44.732     91.609  96.199075     1.7264      7.910   160.5329 5.5430e+02     7.9712      0.051      0.074    27.5040 0.0000e+00
      0.053     -0.002     3.5645     44.546     91.637  96.227367     1.7450      7.910   160.6382 5.5333e+02     8.0849      0.052      0.075    27.5020 0.0000e+00
      0.053      0.002     3.5486     44.399     91.634  96.222007     1.7591      7.909   160.8558 5.4359e+02     8.1519      0.054      0.077    27.5006 0.0000e+00
      0.051      0.009     3.5450     44.359     91.612  96.197857     1.7646      7.909   161.0998 5.3289e+02     8.1655      0.050      0.073    27.4997 0.0000e+00
      0.049      0.017     3.5340     44.429     91.605  96.189772     1.7856      7.909   161.0923 5.3063e+02     8.2155      0.046      0.067    27.4988 0.0000e+00
      0.053      0.023     3.5154     44.528     91.595  96.187851     1.8217      7.908   161.0231 5.4190e+02     8.3464      0.049      0.070    27.4980 0.0000e+00
      0.064      0.026     3.5031     44.668     91.563  96.174641     1.8432      7.907   161.4678 5.6414e+02     8.4499      0.060      0.088    27.4966 0.0000e+00
      0.080      0.026     3.4977     45.024     91.526  96.157282     1.8461      7.907   162.0816 5.8896e+02     8.4428      0.080      0.117    27.4962 0.0000e+00
      0.092      0.024     3.5087     45.828     91.527  96.168795     1.8232      7.906   162.3359 6.1785e+02     8.3286      0.095      0.137    27.4952 0.0000e+00
      0.094      0.020     3.5160     47.116     91.543  96.186667     1.7824      7.906   162.4770 6.5759e+02     8.1962      0.093      0.136    27.4967 0.0000e+00
      0.092      0.015     3.5205     48.592     91.542  96.182568     1.7694      7.907   162.5831 6.9262e+02     8.1740      0.088      0.127    27.5109 0.0000e+00
      0.092      0.010     3.5403     49.941     91.542  96.182834     1.7739      7.907   162.2430 7.2977e+02     8.1965      0.089      0.128    27.5268 0.0000e+00
      0.095      0.009     3.5989     51.006     91.547  96.189876     1.7709      7.906   161.3760 7.5665e+02     8.1273      0.094      0.136    27.5310 0.0000e+00
      0.099      0.006     3.7139     51.683     91.556  96.204116     1.7752      7.905   161.1336 7.7873e+02     8.0201      0.097      0.141    27.5299 0.0000e+00
      0.103     -0.001     3.8396     51.915     91.570  96.227813     1.7833      7.905   162.0662 7.8586e+02     7.9598      0.100      0.146    27.5277 0.0000e+00
      0.107     -0.009     3.9484     51.797     91.556  96.222019     1.7857      7.904   162.8429 7.0339e+02     7.9099      0.107      0.156    27.5273 0.0000e+00
      0.106     -0.016     4.0360     51.583     91.531  96.197679     1.7546      7.903   163.0398 6.2104e+02     7.8278      0.111      0.160    27.5284 0.0000e+00
      0.094     -0.021     4.0912     51.393     91.524  96.187923     1.6900      7.903   163.0693 5.8584e+02     7.7518      0.093      0.135    27.5305 0.0000e+00
      0.079     -0.024     4.1079     51.148     91.507  96.167655     1.6532      7.903   162.7693 5.4514e+02     7.7428      0.073      0.106    27.5370 0.0000e+00
      0.072     -0.025     4.0873     50.825     91.482  96.143410     1.6514      7.902   162.5105 5.2926e+02     7.7529      0.069      0.100    27.5430 0.0000e+00
      0.070     -0.025     4.0666     50.539     91.480  96.149180     1.6437      7.902   162.8660 5.3188e+02     7.7381      0.070      0.101    27.5438 0.0000e+00
      0.068     -0.024     4.0574     50.394     91.495  96.173834     1.6190      7.902   163.1093 5.3860e+02     7.7338      0.066      0.097    27.5409 0.0000e+00
      0.066     -0.023     4.0386     50.341     91.503  96.187116     1.6025      7.901   162.4410 5.8508e+02     7.7350      0.066      0.095    27.5392 0.0000e+00
      0.058     -0.022     4.0091     50.264     91.498  96.182586     1.6017      7.901   161.5824 7.2826e+02     7.7189      0.060      0.087    27.5395 0.0000e+00
      0.046     -0.019     3.9815     50.136     91.498  96.182653     1.6094      7.901   161.4187 9.2675e+02     7.7444      0.043      0.062    27.5442 0.0000e+00
      0.036     -0.011     3.9718     49.971     91.503  96.187927     1.6294      7.901   161.4935 1.0566e+03     7.8381      0.032      0.046    27.5523 0.0000e+00
      0.033      0.000     3.9728     49.803     91.498  96.182747     1.6515      7.901   161.2823 1.0751e+03     7.9297      0.031      0.045    27.5540 0.0000e+00
      0.036      0.014     3.9660     49.715     91.495  96.183627     1.6687      7.901   161.2741 9.8514e+02     7.9631      0.034      0.049    27.5533 0.0000e+00
      0.045      0.029     3.9554     49.691     91.504  96.198582     1.7043      7.902   161.9108 8.2986e+02     7.9347      0.043      0.062    27.5535 0.0000e+00
      0.056      0.043     3.9432     49.667     91.595  96.299962     1.7569      7.902   162.5273 6.8706e+02     7.9286      0.054      0.079    27.5530 0.0000e+00
      0.067      0.054     3.9244     49.791     91.774  96.519007     1.7805      7.901   162.2762 5.8719e+02     7.9576      0.064      0.093    27.5530 0.0000e+00
      0.081      0.061     3.9195     50.795     91.844  96.684648     1.7739      7.900   161.8852 5.6411e+02     7.9436      0.078      0.113    27.5542 0.0000e+00
      0.099      0.065     3.9201     53.594     91.746  96.712833     1.7761      7.898   162.1026 7.2322e+02     7.9301      0.097      0.140    27.5596 0.0000e+00
      0.120      0.067     3.9171     57.807     91.605  96.669190     1.8405      7.896   162.3224 1.0551e+03     8.1013      0.118      0.171    27.5596 0.0000e+00
      0.140      0.070     3.9094     62.044     91.491  96.602346     1.9531      7.893   162.2195 1.3175e+03     8.4425      0.140      0.203    27.5627 0.0000e+00
      0.155      0.072     3.9395     65.577     91.420  96.540728     2.0144      7.890   162.3215 1.2446e+03     8.6394      0.153      0.223    27.6179 0.0000e+00
      0.169      0.073     4.1661     68.330     91.384  96.496589     2.0237      7.887   162.7823 9.5460e+02     8.6721      0.164      0.238    27.7090 0.0000e+00
      0.187      0.074     4.5529     70.249     91.354  96.450267     2.0985      7.885   163.3162 7.6512e+02     8.9396      0.183      0.264    27.7693 0.0000e+00
      0.209      0.073     4.8961     71.344     91.284  96.362227     2.2366      7.885   163.4423 6.8732e+02     9.4146      0.206      0.298    27.7936 0.0000e+00
      0.232      0.064     5.1689     71.680     91.199  96.258890     2.3040      7.884   163.1897 7.0383e+02     9.6336      0.229      0.332    27.7983 0.0000e+00
      0.254      0.045     5.3920     71.458     91.173  96.218420     2.2970      7.883   163.1869 7.9285e+02     9.6057      0.249      0.361    27.7917 0.0000e+00
      0.272      0.017     5.5401     71.052     91.218  96.254480     2.2523      7.883   163.4081 8.0689e+02     9.4528      0.271      0.393    27.7827 0.0000e+00
      0.278     -0.016     5.6269     70.692     91.280  96.313283     2.1793      7.883   163.8849 7.2699e+02     9.2196      0.282      0.409    27.7745 0.0000e+00
      0.265     -0.048     5.6504     70.416     91.322  96.356988     2.1388      7.883   164.5639 6.6337e+02     9.1428      0.264      0.383    27.7679 0.0000e+00
      0.238     -0.077     5.6185     70.215     91.360  96.401309     2.1286      7.883   164.7349 6.7300e+02     9.1737      0.233      0.338    27.7603 0.0000e+00
      0.208     -0.099     5.5818     70.044     91.415  96.467575     2.0642      7.882   164.9200 6.7034e+02     8.9440      0.204      0.296    27.7525 0.0000e+00
      0.177     -0.109     5.5548     69.897     91.457  96.522208     1.9344      7.881   165.5980 5.9982e+02     8.4500      0.173      0.252    27.7489 0.0000e+00
      0.147     -0.107     5.5323     69.814     91.475  96.553077     1.8496      7.880   165.6183 5.3878e+02     8.1531      0.144      0.209    27.7494 0.0000e+00
      0.117     -0.093     5.5183     69.735     91.495  96.586433     1.8372      7.881   165.1661 5.2249e+02     8.1217      0.115      0.168    27.7522 0.0000e+00
      0.089     -0.072     5.5056     69.608     91.505  96.607529     1.8601      7.883   165.2066 5.3627e+02     8.1724      0.084      0.122    27.7564 0.0000e+00
      0.068     -0.046     5.4895     69.501     91.507  96.617359     1.9020      7.884   165.4203 5.5972e+02     8.2878      0.060      0.088    27.7619 0.0000e+00
      0.059     -0.018     5.4856     69.406     91.524  96.641694     1.9359      7.885   166.1146 5.7050e+02     8.3893      0.053      0.077    27.7687 0.0000e+00
      0.063      0.009     5.4824     69.257     91.524  96.647359     1.9618      7.886   167.0622 5.8159e+02     8.4428      0.058      0.084    27.7757 0.0000e+00
      0.075      0.033     5.4663     69.096     91.495  96.622262     2.0156      7.886   166.9832 6.0685e+02     8.5603      0.073      0.106    27.7821 0.0000e+00
      0.090      0.053     5.4583     68.985     91.462  96.592658     2.0947      7.886   166.5365 6.1720e+02     8.7505      0.088      0.128    27.7862 0.0000e+00
      0.106      0.067     5.4548     68.917     91.413  96.543829     2.1276      7.887   166.6515 6.4728e+02     8.8642      0.102      0.148    27.7888 0.0000e+00
      0.123      0.077     5.4403     68.885     91.351  96.477093     2.1146      7.887   167.0827 8.8177e+02     8.9093      0.120      0.174    27.7922 0.0000e+00
      0.143      0.084     5.4241     68.879     91.243  96.358157     2.1366      7.886   167.2756 1.1942e+03     9.0909      0.138      0.201    27.7952 0.0000e+00
      0.167      0.089     5.4172     68.905     91.091  96.186982     2.2019      7.885   166.9188 1.2795e+03     9.4204      0.163      0.236    27.7984 0.0000e+00
      0.195      0.089     5.4110     68.989     90.988  96.061027     2.2469      7.884   166.7267 1.2432e+03     9.6149      0.191      0.277    27.8010 0.0000e+00
      0.221      0.088     5.4091     69.100     90.931  95.980015     2.2647      7.884   166.9316 1.2072e+03     9.6313      0.218      0.316    27.8002 0.0000e+00
      0.244      0.085     5.4094     69.233     90.881  95.907037     2.3828      7.884   166.9007 1.1274e+03     9.7894      0.242      0.351    27.7978 0.0000e+00
      0.262      0.082     5.4094     69.450     90.812  95.814612     2.6017      7.884   167.2143 1.0633e+03    10.0927      0.258      0.375    27.7926 0.0000e+00
      0.278      0.081     5.4195     69.760     90.713  95.689267     2.7142      7.883   168.3139 1.0906e+03    10.1901      0.272      0.395    27.7814 0.0000e+00
      0.296      0.082     5.4301     70.133     90.653  95.599839     2.7112      7.883   169.1826 1.1441e+03    10.1466      0.289      0.419    27.7693 0.0000e+00
