Data/DataNotYetUploadedToEDI/Raw_CTD/RawDownloads/070725_fcr40_S7809010.cnv
* Sea-Bird SBE19plus  Data File:
* FileName = C:\R\Reservoirs\Data\DataNotYetUploadedToEDI\Raw_CTD\RawDownloads\070325_fcr50_S7809_0010.hex
* Software version 2.8.0.119
* Temperature SN = 7809
* Conductivity SN = 7809
* System UpLoad Time = Jul 07 2025 16:25:08
* <ApplicationData>
* <Seaterm232>
# nquan = 15
# nvalues = 2096                        
# units = specified
# name 0 = depFM: Depth [fresh water, m]
# name 1 = dz/dtM: Descent Rate [m/s]
# name 2 = sbeox0Mg/L: Oxygen, SBE 43 [mg/l]
# name 3 = sbeox0PS: Oxygen, SBE 43 [% saturation]
# name 4 = specc: Specific Conductance [uS/cm]
# name 5 = c0uS/cm: Conductivity [uS/cm]
# name 6 = flECO-AFL: Fluorescence, WET Labs ECO-AFL/FL [mg/m^3]
# name 7 = ph: pH
# name 8 = orp: Oxidation Reduction Potential [mV]
# name 9 = par/sat/log: PAR/Logarithmic, Satlantic
# name 10 = turbWETntu0: Turbidity, WET Labs ECO [NTU]
# name 11 = prdM: Pressure, Strain Gauge [db]
# name 12 = prdE: Pressure, Strain Gauge [psi]
# name 13 = tv290C: Temperature [ITS-90, deg C]
# name 14 = flag:  0.000e+00
# span 0 =     -0.636,      5.920       
# span 1 =     -0.460,      0.179       
# span 2 =    -0.0006,     8.7787       
# span 3 =      0.007,    103.975       
# span 4 =      1.243,     60.225       
# span 5 =   1.124560,  47.083991       
# span 6 =    -1.1038,    20.4260       
# span 7 =      7.551,      9.427       
# span 8 =    99.5443,   243.7122       
# span 9 = 1.8247e-01, 2.6979e+03       
# span 10 =    -9.8680,   468.9582      
# span 11 =     -0.625,      5.806      
# span 12 =     -0.906,      8.421      
# span 13 =    11.1549,    27.4736      
# span 14 = 0.0000e+00, 0.0000e+00      
# interval = seconds: 0.25
# start_time = Jul 07 2025 13:16:42 [Instrument's time stamp, header]
# bad_flag = -9.990e-29
*END*
[from data line 1928]
      1.507     -0.346     1.8328     21.826     48.050  38.140987     3.6527      8.084   226.8772 2.9713e+02    12.2819      1.504      2.181    14.1667 0.0000e+00
      1.354     -0.377     1.9056     23.006     48.002  38.105212     3.6317      8.090   226.6224 3.7241e+02    12.2779      1.336      1.937    14.4546 0.0000e+00
      1.184     -0.360     1.9893     24.104     47.859  38.009882     3.5805      8.095   226.4713 4.2914e+02    12.1881      1.143      1.659    14.6393 0.0000e+00
      1.058     -0.301     2.0952     25.011     47.614  37.876788     3.5745      8.101   225.9099 4.4502e+02    12.1876      1.004      1.458    14.6843 0.0000e+00
      1.007     -0.215     2.2142     25.710     47.249  37.701748     3.6002      8.107   225.3419 4.5228e+02    12.2370      0.969      1.405    14.6878 0.0000e+00
      1.008     -0.133     2.3382     26.246     46.932  37.606974     3.5584      8.113   224.8518 4.5432e+02    11.9998      0.987      1.432    14.6851 0.0000e+00
      1.023     -0.094     2.4545     26.636     46.739  37.619489     3.4432      8.119   224.2858 4.4796e+02    11.5060      1.006      1.460    14.6857 0.0000e+00
      1.030     -0.120     2.5438     26.918     46.619  37.662898     3.3567      8.124   223.9186 4.4144e+02    11.2530      1.013      1.470    14.7529 0.0000e+00
      1.022     -0.199     2.6039     27.214     46.519  37.687796     3.3359      8.130   223.5959 4.5839e+02    11.2987      1.014      1.469    14.8757 0.0000e+00
      0.977     -0.293     2.6482     27.687     46.383  37.666832     3.2832      8.138   222.5347 5.2257e+02    11.2725      0.983      1.426    15.0575 0.0000e+00
      0.872     -0.361     2.6756     28.433     46.176  37.599906     3.1602      8.148   220.6386 6.0354e+02    11.0734      0.873      1.267    15.2578 0.0000e+00
      0.717     -0.382     2.6902     29.421     45.807  37.449835     3.0732      8.158   218.9103 7.5437e+02    10.8725      0.706      1.024    15.4027 0.0000e+00
      0.555     -0.352     2.7075     30.546     45.262  37.248537     3.0468      8.164   218.2433 9.3570e+02    10.7560      0.528      0.766    15.5121 0.0000e+00
      0.435     -0.282     2.7447     31.688     44.704  37.133457     3.0576      8.167   218.3393 9.7587e+02    10.7922      0.396      0.575    15.5962 0.0000e+00
      0.387     -0.189     2.8160     32.847     44.255  37.137584     3.1363      8.169   218.4356 9.3961e+02    10.9012      0.359      0.523    15.6931 0.0000e+00
      0.396     -0.104     2.9082     34.113     43.906  37.172008     3.2494      8.173   217.9455 9.6896e+02    10.9803      0.385      0.557    15.8380 0.0000e+00
      0.422     -0.064     3.0093     35.542     43.614  37.169352     3.3014      8.178   216.8016 9.8579e+02    11.0305      0.419      0.606    16.0949 0.0000e+00
      0.438     -0.080     3.0944     37.235     43.328  37.105783     3.2746      8.183   215.1017 9.4420e+02    10.9622      0.435      0.630    16.5176 0.0000e+00
      0.437     -0.132     3.1698     39.290     42.985  36.974715     3.1416      8.194   212.7073 1.0314e+03    10.7347      0.439      0.636    16.9836 0.0000e+00
      0.399     -0.185     3.2677     41.695     42.459  36.727002     2.9242      8.215   210.4784 1.2034e+03    10.3647      0.417      0.605    17.3665 0.0000e+00
      0.305     -0.215     3.3809     44.335     41.689  36.395279     2.8017      8.243   209.4909 1.2532e+03    10.0749      0.311      0.450    17.6355 0.0000e+00
      0.187     -0.211     3.5237     46.914     40.804  36.136936     2.7760      8.270   209.9739 1.1896e+03     9.9977      0.164      0.237    17.8232 0.0000e+00
      0.107     -0.176     3.7088     49.190     39.949  36.015262     2.6803      8.285   211.3274 9.7725e+02     9.9776      0.084      0.123    17.9930 0.0000e+00
      0.081     -0.118     3.9204     51.231     39.281  36.067106     2.5273      8.290   212.0899 8.1696e+02     9.9677      0.070      0.102    18.1929 0.0000e+00
      0.087     -0.051     4.1516     53.296     38.871  36.257067     2.4319      8.291   211.8794 8.3549e+02     9.9129      0.082      0.118    18.5555 0.0000e+00
      0.104      0.003     4.3446     55.693     38.627  36.409329     2.3930      8.291   211.3637 8.1419e+02     9.7929      0.102      0.148    19.2290 0.0000e+00
      0.121      0.029     4.4731     58.745     38.472  36.449249     2.4403      8.291   210.8447 1.0385e+03     9.7469      0.120      0.174    20.0765 0.0000e+00
      0.131      0.032     4.5716     62.713     38.357  36.422720     2.5702      8.292   210.5082 1.4152e+03     9.8009      0.130      0.189    20.9396 0.0000e+00
      0.136      0.026     4.6729     67.539     38.281  36.405921     2.6570      8.293   210.2212 1.3897e+03     9.8653      0.134      0.194    21.7338 0.0000e+00
      0.139      0.017     4.8286     72.717     38.251  36.436568     2.6656      8.294   209.3535 1.3498e+03     9.8422      0.137      0.199    22.2257 0.0000e+00
      0.141      0.009     5.0651     77.457     38.236  36.476098     2.6412      8.296   207.8463 1.4601e+03     9.7604      0.138      0.201    22.4080 0.0000e+00
      0.142      0.003     5.4034     81.160     38.226  36.503240     2.6365      8.299   206.2804 1.3273e+03     9.7296      0.139      0.202    22.4787 0.0000e+00
      0.143     -0.002     5.8301     83.715     38.215  36.510982     2.6590      8.302   204.8749 1.1491e+03     9.7094      0.141      0.204    22.5401 0.0000e+00
      0.143     -0.004     6.2958     85.172     38.204  36.506284     2.6722      8.306   203.9311 1.0123e+03     9.6868      0.141      0.205    22.6242 0.0000e+00
      0.140     -0.001     6.7178     85.600     38.213  36.509897     2.6624      8.310   203.5587 1.0065e+03     9.6617      0.137      0.200    22.7035 0.0000e+00
      0.135      0.004     7.0284     85.205     38.203  36.491202     2.6154      8.313   203.2971 1.1359e+03     9.5771      0.131      0.191    22.7483 0.0000e+00
      0.132      0.008     7.2434     84.257     38.164  36.470585     2.5609      8.316   203.0912 1.1527e+03     9.5518      0.126      0.183    22.7708 0.0000e+00
      0.137      0.012     7.3695     83.080     38.158  36.514451     2.5533      8.319   203.0485 1.3182e+03     9.6285      0.130      0.189    22.7742 0.0000e+00
      0.149      0.016     7.3973     81.966     38.186  36.577501     2.5565      8.321   203.1252 1.4678e+03     9.6509      0.147      0.213    22.7747 0.0000e+00
      0.158      0.022     7.3606     80.996     38.212  36.598451     2.4425      8.323   203.3295 1.2865e+03     9.3781      0.160      0.231    22.7427 0.0000e+00
      0.159      0.027     7.2693     80.187     38.214  36.577396     2.2314      8.327   203.5399 1.1581e+03     8.8935      0.157      0.227    22.7457 0.0000e+00
      0.158      0.028     7.1401     79.569     38.158  36.513243     2.1265      8.330   203.7762 1.2075e+03     8.6763      0.151      0.217    22.8550 0.0000e+00
      0.166      0.026     7.0377     79.092     38.064  36.457279     2.1311      8.333   204.0355 1.2715e+03     8.6978      0.159      0.231    22.9118 0.0000e+00
      0.181      0.025     6.9572     78.739     37.999  36.471858     2.1125      8.338   204.0943 1.3155e+03     8.6070      0.181      0.263    22.8929 0.0000e+00
      0.192      0.026     6.8898     78.561     37.937  36.499276     2.0510      8.343   204.0567 1.2560e+03     8.4334      0.192      0.278    22.8477 0.0000e+00
      0.196      0.030     6.8455     78.595     37.840  36.471653     1.9959      8.347   204.0968 1.1465e+03     8.4092      0.193      0.279    22.8139 0.0000e+00
      0.197      0.036     6.7984     78.866     37.773  36.455220     1.9874      8.349   204.0627 1.0544e+03     8.5182      0.193      0.279    22.8608 0.0000e+00
      0.200      0.041     6.7504     79.371     37.761  36.491007     2.0144      8.351   203.5592 1.0039e+03     8.5561      0.194      0.282    22.9775 0.0000e+00
      0.210      0.046     6.7170     80.020     37.754  36.523712     2.0475      8.356   202.5682 1.0579e+03     8.5263      0.200      0.291    23.1157 0.0000e+00
      0.230      0.046     6.7088     80.684     37.736  36.533444     2.0635      8.364   201.8895 1.1309e+03     8.5337      0.222      0.323    23.1975 0.0000e+00
      0.256      0.041     6.7253     81.300     37.731  36.545260     2.0577      8.374   201.8924 1.3557e+03     8.6103      0.256      0.371    23.2436 0.0000e+00
      0.272      0.027     6.7617     81.828     37.727  36.539708     2.1023      8.384   202.0011 1.6502e+03     8.7703      0.272      0.395    23.3186 0.0000e+00
      0.273      0.005     6.8154     82.193     37.674  36.466313     2.1947      8.394   201.8279 1.6369e+03     8.8625      0.270      0.392    23.3744 0.0000e+00
      0.268     -0.023     6.8693     82.346     37.570  36.355779     2.2264      8.401   201.6045 1.4352e+03     8.8023      0.262      0.380    23.3996 0.0000e+00
      0.259     -0.048     6.9181     82.311     37.470  36.281908     2.2112      8.405   201.5368 1.2232e+03     8.7597      0.257      0.373    23.4351 0.0000e+00
      0.244     -0.063     6.9651     82.140     37.405  36.271130     2.1936      8.410   201.4402 1.0796e+03     8.7573      0.244      0.354    23.4373 0.0000e+00
      0.217     -0.069     7.0060     81.911     37.350  36.288995     2.0888      8.415   201.0385 1.0872e+03     8.7401      0.213      0.310    23.3826 0.0000e+00
      0.189     -0.067     7.0206     81.782     37.290  36.307671     1.8847      8.420   200.5519 1.2336e+03     8.6880      0.181      0.262    23.3571 0.0000e+00
      0.169     -0.059     7.0107     81.901     37.229  36.306704     1.7559      8.424   200.2884 1.4063e+03     8.6059      0.163      0.236    23.3972 0.0000e+00
      0.158     -0.047     6.9859     82.301     37.164  36.277383     1.7469      8.428   200.0036 1.4929e+03     8.5675      0.153      0.224    23.4680 0.0000e+00
      0.151     -0.035     6.9473     82.936     37.131  36.270452     1.8259      8.432   199.6894 1.4410e+03     8.6672      0.146      0.211    23.5686 0.0000e+00
      0.148     -0.025     6.9154     83.733     37.125  36.286390     1.9789      8.435   199.5009 1.3104e+03     8.8897      0.145      0.209    23.6872 0.0000e+00
      0.146     -0.019     6.9144     84.556     37.103  36.279762     2.0574      8.437   199.3585 1.3037e+03     8.9686      0.146      0.210    23.7704 0.0000e+00
      0.140     -0.015     6.9460     85.244     37.066  36.253788     2.0422      8.438   199.1727 1.3673e+03     8.8687      0.138      0.200    23.8027 0.0000e+00
      0.133     -0.016     6.9968     85.726     37.020  36.226158     2.0362      8.439   198.8896 1.2378e+03     8.8785      0.128      0.186    23.8352 0.0000e+00
      0.130     -0.023     7.0637     86.046     36.948  36.199517     2.0430      8.443   198.6024 1.0888e+03     9.0181      0.124      0.180    23.8684 0.0000e+00
      0.130     -0.037     7.1371     86.279     36.857  36.185547     2.0413      8.448   198.3672 1.1241e+03     9.0881      0.128      0.186    23.8866 0.0000e+00
      0.129     -0.054     7.1953     86.437     36.775  36.184257     2.0165      8.453   198.0251 1.1165e+03     9.0073      0.132      0.191    23.8969 0.0000e+00
      0.115     -0.070     7.2331     86.531     36.713  36.184028     1.9430      8.458   197.5627 1.1765e+03     8.9302      0.119      0.173    23.9083 0.0000e+00
      0.088     -0.081     7.2491     86.653     36.660  36.182875     1.8680      8.463   197.2509 1.3534e+03     8.9751      0.089      0.130    23.9610 0.0000e+00
      0.052     -0.084     7.2531     86.909     36.588  36.170385     1.8495      8.468   196.9219 1.1355e+03     8.9353      0.051      0.072    24.0797 0.0000e+00
      0.020     -0.078     7.2505     87.402     36.501  36.159990     1.8447      8.473   196.5108 5.7869e+02     8.8258      0.013      0.019    24.2077 0.0000e+00
     -0.000     -0.062     7.2439     88.084     36.433  36.184200     1.7345      8.478   196.4107 3.0671e+02     8.7772     -0.006     -0.008    24.2782 0.0000e+00
     -0.009     -0.038     7.2449     88.738     36.374  36.209453     1.5334      8.482   196.4001 4.9488e+02     8.7230     -0.009     -0.014    24.3364 0.0000e+00
     -0.012     -0.018     7.2503     89.271     36.316  36.211646     1.4357      8.486   196.2092 7.1451e+02     8.7179     -0.014     -0.020    24.4163 0.0000e+00
     -0.011     -0.008     7.2786     89.796     36.261  36.210795     1.4349      8.491   195.9101 5.8425e+02     8.6815     -0.015     -0.021    24.5130 0.0000e+00
     -0.004     -0.008     7.3269     90.469     36.183  36.199248     1.4164      8.496   195.3642 3.8619e+02     8.5904     -0.004     -0.005    24.6557 0.0000e+00
      0.001     -0.013     7.3655     91.296     36.107  36.199038     1.3696      8.504   194.6860 3.5194e+02     8.5043      0.006      0.009    24.7878 0.0000e+00
     -0.003     -0.021     7.3965     92.145     36.045  36.208370     1.3181      8.519   193.9049 4.1215e+02     8.4259      0.000      0.001    24.8511 0.0000e+00
     -0.017     -0.032     7.4257     92.981     35.965  36.185283     1.3108      8.544   192.6314 9.0739e+02     8.4284     -0.015     -0.021    24.9140 0.0000e+00
     -0.032     -0.048     7.4662     93.809     35.897  36.173781     1.3221      8.574   191.0754 1.3230e+03     8.3979     -0.033     -0.048    25.0121 0.0000e+00
     -0.043     -0.065     7.5274     94.535     35.840  36.196279     1.2637      8.604   189.9749 8.4271e+02     8.2612     -0.045     -0.065    25.1227 0.0000e+00
     -0.051     -0.078     7.5813     95.104     35.753  36.203625     1.1541      8.630   189.2211 3.3933e+02     8.1086     -0.047     -0.068    25.2335 0.0000e+00
     -0.069     -0.086     7.6377     95.517     35.666  36.199303     1.1036      8.652   188.1564 2.9860e+02     8.0904     -0.060     -0.087    25.3038 0.0000e+00
     -0.104     -0.091     7.7036     95.784     35.614  36.207601     1.1284      8.669   187.1684 3.1977e+02     8.2119     -0.101     -0.146    25.3611 0.0000e+00
     -0.141     -0.096     7.7466     95.960     35.605  36.240598     1.2282      8.684   186.3944 3.4237e+02     8.2790     -0.144     -0.208    25.4804 0.0000e+00
     -0.167     -0.100     7.7711     96.146     35.610  36.281081     1.3693      8.698   185.5092 3.8323e+02     8.2865     -0.167     -0.243    25.6343 0.0000e+00
     -0.182     -0.105     7.7875     96.330     35.604  36.316420     1.4373      8.710   184.7255 6.2472e+02     8.3025     -0.176     -0.256    25.7552 0.0000e+00
     -0.200     -0.117     7.7970     96.409     35.587  36.350685     1.4673      8.721   186.4690 8.9505e+02     8.2341     -0.191     -0.276    25.8367 0.0000e+00
     -0.227     -0.147     7.7982     96.302     35.559  36.378202     1.6735      8.732   190.9306 1.2440e+03     6.8789     -0.223     -0.323    25.8924 0.0000e+00
     -0.260     -0.190     7.8083     95.896     35.333  36.205068     2.0082      8.738   190.2303 1.9139e+03     4.2137     -0.255     -0.370    25.9309 0.0000e+00
     -0.301     -0.227     7.8213     95.212     32.699  33.559471     2.1682      8.741   183.6801 1.8989e+03     2.6202     -0.286     -0.414    25.9855 0.0000e+00
     -0.371     -0.243     7.8153     94.382     23.530  24.182859     2.2003      8.744   179.7041 1.3381e+03     2.1976     -0.348     -0.503    26.0660 0.0000e+00
     -0.473     -0.235     7.8015     93.416     11.955  12.305620     2.3970      8.745   179.1532 1.3476e+03    -0.8279     -0.465     -0.674    26.1453 0.0000e+00
     -0.570     -0.207     7.7578     92.506      6.588   6.794660     2.7236      8.746   178.9980 1.3572e+03    -6.5305     -0.582     -0.844    26.2256 0.0000e+00
     -0.622     -0.164     7.6800     91.998      5.855   6.043132     2.8950      8.747   178.6881 1.0030e+03    -9.6711     -0.625     -0.906    26.3165 0.0000e+00
