Data/DataNotYetUploadedToEDI/Raw_CTD/RawDownloads/070722_ccr20_SBE19plus01907809_0006.cnv
* Sea-Bird SBE19plus  Data File:
* FileName = C:\R\Reservoirs\Data\DataNotYetUploadedToEDI\Raw_CTD\RawDownloads\070722_ccr50_SBE19plus01907809_0006.hex
* Software version 2.8.0.119
* Temperature SN = 7809
* Conductivity SN = 7809
* System UpLoad Time = Jul 07 2022 15:46:22
* <ApplicationData>
* <Seaterm232>
# nquan = 15
# nvalues = 1273                        
# units = specified
# name 0 = depFM: Depth [fresh water, m]
# name 1 = dz/dtM: Descent Rate [m/s]
# name 2 = sbeox0Mg/L: Oxygen, SBE 43 [mg/l]
# name 3 = sbeox0PS: Oxygen, SBE 43 [% saturation]
# name 4 = specc: Specific Conductance [uS/cm]
# name 5 = c0uS/cm: Conductivity [uS/cm]
# name 6 = flECO-AFL: Fluorescence, WET Labs ECO-AFL/FL [mg/m^3]
# name 7 = ph: pH
# name 8 = orp: Oxidation Reduction Potential [mV]
# name 9 = par/sat/log: PAR/Logarithmic, Satlantic
# name 10 = turbWETntu0: Turbidity, WET Labs ECO [NTU]
# name 11 = prdM: Pressure, Strain Gauge [db]
# name 12 = prdE: Pressure, Strain Gauge [psi]
# name 13 = tv290C: Temperature [ITS-90, deg C]
# name 14 = flag:  0.000e+00
# span 0 =     -0.488,      9.222       
# span 1 =     -0.350,      0.233       
# span 2 =     0.3994,     7.6151       
# span 3 =      3.693,     93.707       
# span 4 =      1.801,    105.377       
# span 5 =   1.816855,  92.115027       
# span 6 =    -0.1507,     3.4817       
# span 7 =      7.387,      8.465       
# span 8 =   -62.0043,   229.9068       
# span 9 = 1.0563e+00, 8.0581e+02       
# span 10 =    -0.3937,    31.5724      
# span 11 =     -0.479,      9.044      
# span 12 =     -0.695,     13.117      
# span 13 =    11.6535,    27.8680      
# span 14 = 0.0000e+00, 0.0000e+00      
# interval = seconds: 0.25
# start_time = Jul 07 2022 08:33:07 [Instrument's time stamp, header]
# bad_flag = -9.990e-29
*END*
[from data line 97]
      0.821     -0.066     5.2204     67.359     86.512  90.902474     0.6037      8.450   145.7684 3.6408e+02     0.8466      0.807      1.170    27.5163 0.0000e+00
      0.805     -0.090     5.3098     66.577     86.489  90.889959     0.6091      8.451   145.5997 3.6958e+02     0.8217      0.790      1.146    27.5113 0.0000e+00
      0.784     -0.117     5.3580     65.607     86.498  90.906041     0.6218      8.452   145.8897 3.7523e+02     0.7506      0.772      1.120    27.5156 0.0000e+00
      0.753     -0.147     5.3630     64.646     86.558  90.969775     0.6322      8.453   147.6402 3.8422e+02     0.7045      0.744      1.078    27.5242 0.0000e+00
      0.708     -0.172     5.3256     63.920     86.669  91.088312     0.6346      8.453   150.1594 3.9823e+02     0.7078      0.697      1.012    27.5313 0.0000e+00
      0.654     -0.189     5.2580     63.666     86.705  91.131182     0.6265      8.454   150.9674 4.1297e+02     0.6877      0.641      0.931    27.5385 0.0000e+00
      0.596     -0.197     5.1759     63.894     86.616  91.043026     0.6095      8.455   148.8926 4.2520e+02     0.6329      0.585      0.849    27.5429 0.0000e+00
      0.536     -0.197     5.0945     64.282     86.543  90.976192     0.6030      8.454   145.8085 4.3648e+02     0.6255      0.522      0.757    27.5414 0.0000e+00
      0.485     -0.193     5.0289     64.529     86.516  90.958961     0.6064      8.454   144.6519 4.4804e+02     0.6325      0.470      0.681    27.5411 0.0000e+00
      0.445     -0.188     5.0054     64.532     86.514  90.961876     0.6093      8.454   145.8351 4.6061e+02     0.6498      0.438      0.635    27.5467 0.0000e+00
      0.405     -0.182     5.0372     64.333     86.563  91.011452     0.6138      8.455   148.0689 4.7644e+02     0.6635      0.399      0.579    27.5484 0.0000e+00
      0.359     -0.175     5.0762     64.120     86.604  91.049715     0.6268      8.457   149.2047 4.9289e+02     0.6278      0.353      0.512    27.5534 0.0000e+00
      0.309     -0.168     5.0960     64.056     86.604  91.043002     0.6338      8.458   149.5877 5.0985e+02     0.5940      0.303      0.441    27.5631 0.0000e+00
      0.260     -0.156     5.0965     64.098     86.623  91.057437     0.6061      8.458   150.7198 5.3030e+02     0.6304      0.251      0.364    27.5651 0.0000e+00
      0.218     -0.136     5.0740     64.140     86.659  91.097080     0.5664      8.459   151.6218 5.4622e+02     0.7602      0.210      0.305    27.5635 0.0000e+00
      0.183     -0.107     5.0507     64.146     86.637  91.077231     0.5610      8.459   151.8894 5.5955e+02     0.8656      0.178      0.259    27.5614 0.0000e+00
      0.157     -0.077     5.0492     64.054     86.569  91.008208     0.5661      8.459   151.8902 5.8283e+02     0.8792      0.149      0.218    27.5560 0.0000e+00
      0.143     -0.049     5.0576     63.759     86.521  90.961955     0.5615      8.459   151.6314 5.9373e+02     0.8225      0.136      0.196    27.5513 0.0000e+00
      0.143     -0.028     5.0595     63.238     86.518  90.963079     0.5722      8.460   151.0839 5.8088e+02     0.7607      0.139      0.201    27.5532 0.0000e+00
      0.148     -0.014     5.0617     62.627     86.574  91.021799     0.5789      8.461   150.6050 5.7758e+02     0.7473      0.146      0.212    27.5571 0.0000e+00
      0.149     -0.005     5.0584     62.185     86.649  91.099682     0.5761      8.461   150.6593 5.7315e+02     0.6947      0.148      0.214    27.5564 0.0000e+00
      0.146     -0.001     5.0361     62.145     86.687  91.141750     0.5718      8.460   150.9654 5.5744e+02     0.6365      0.144      0.208    27.5587 0.0000e+00
      0.142      0.000     4.9908     62.498     86.692  91.148930     0.5603      8.460   150.7793 5.6477e+02     0.6928      0.139      0.201    27.5641 0.0000e+00
      0.141      0.001     4.9344     62.957     86.670  91.122925     0.5609      8.460   150.1302 5.7906e+02     0.8288      0.136      0.197    27.5626 0.0000e+00
      0.141      0.004     4.8919     63.227     86.635  91.081655     0.5628      8.459   149.6562 5.7037e+02     0.9483      0.138      0.199    27.5599 0.0000e+00
      0.146      0.005     4.8875     63.211     86.649  91.095020     0.5588      8.459   148.8345 5.5479e+02     0.9763      0.143      0.207    27.5627 0.0000e+00
      0.151      0.004     4.9263     62.968     86.707  91.157348     0.5626      8.458   147.8517 5.4932e+02     0.9286      0.149      0.216    27.5651 0.0000e+00
      0.153      0.003     4.9721     62.651     86.739  91.199413     0.5662      8.456   147.4959 5.5493e+02     0.8834      0.152      0.220    27.5626 0.0000e+00
      0.153      0.002     4.9955     62.456     86.748  91.222139     0.5689      8.455   147.2854 5.6009e+02     0.8743      0.151      0.217    27.5587 0.0000e+00
      0.149      0.002     4.9922     62.480     86.755  91.241393     0.5628      8.456   147.2856 5.5827e+02     0.8863      0.146      0.212    27.5583 0.0000e+00
      0.146      0.003     4.9692     62.655     86.752  91.241482     0.5505      8.457   147.6700 5.5389e+02     0.8241      0.142      0.206    27.5590 0.0000e+00
      0.147      0.005     4.9369     62.835     86.737  91.223207     0.5530      8.457   148.0614 5.4818e+02     0.7035      0.143      0.207    27.5625 0.0000e+00
      0.151      0.007     4.9170     62.846     86.727  91.211188     0.5609      8.456   148.4905 5.4643e+02     0.6915      0.149      0.216    27.5731 0.0000e+00
      0.156      0.008     4.9221     62.632     86.737  91.223333     0.5622      8.454   149.5021 5.5171e+02     0.7476      0.154      0.223    27.5820 0.0000e+00
      0.160      0.008     4.9386     62.313     86.750  91.242881     0.5769      8.454   151.0007 5.5419e+02     0.7331      0.158      0.228    27.5816 0.0000e+00
      0.161      0.006     4.9597     62.017     86.755  91.256790     0.6057      8.454   151.9834 5.4849e+02     0.6871      0.160      0.232    27.5786 0.0000e+00
      0.161      0.004     4.9633     61.825     86.754  91.264355     0.6192      8.454   152.4362 5.4260e+02     0.6694      0.159      0.230    27.5775 0.0000e+00
      0.160      0.003     4.9404     61.771     86.751  91.270780     0.6144      8.454   152.8625 5.4301e+02     0.6552      0.157      0.228    27.5783 0.0000e+00
      0.160      0.003     4.9118     61.818     86.746  91.270905     0.5982      8.454   153.2646 5.4432e+02     0.6527      0.157      0.228    27.5826 0.0000e+00
      0.161      0.004     4.8860     61.875     86.741  91.265875     0.5811      8.454   153.4264 5.4462e+02     0.6725      0.157      0.228    27.5875 0.0000e+00
      0.163      0.004     4.8690     61.844     86.755  91.273544     0.5829      8.454   153.1846 5.5420e+02     0.6898      0.159      0.230    27.5927 0.0000e+00
      0.166      0.003     4.8655     61.659     86.786  91.300039     0.5864      8.455   152.8356 5.6426e+02     0.7250      0.162      0.236    27.5988 0.0000e+00
      0.168      0.001     4.8716     61.364     86.814  91.331869     0.5824      8.455   152.4763 5.6191e+02     0.7906      0.165      0.240    27.6032 0.0000e+00
      0.168     -0.001     4.8788     61.109     86.812  91.340474     0.5751      8.455   152.0235 5.5714e+02     0.8347      0.166      0.240    27.6032 0.0000e+00
      0.166     -0.001     4.8793     61.028     86.799  91.340519     0.5567      8.455   151.8355 5.5514e+02     0.8486      0.162      0.235    27.5977 0.0000e+00
      0.162     -0.001     4.8645     61.136     86.781  91.332436     0.5434      8.455   151.9241 5.5185e+02     0.8896      0.159      0.230    27.5917 0.0000e+00
      0.161      0.000     4.8355     61.332     86.756  91.306346     0.5397      8.454   152.0622 5.4931e+02     0.9551      0.157      0.228    27.5929 0.0000e+00
      0.162      0.001     4.8107     61.469     86.741  91.279396     0.5445      8.454   152.0427 5.5071e+02     0.9911      0.158      0.229    27.6010 0.0000e+00
      0.164      0.001     4.8028     61.444     86.737  91.260911     0.5684      8.454   151.4303 5.5786e+02     0.9834      0.161      0.233    27.6104 0.0000e+00
      0.167      0.001     4.8141     61.222     86.757  91.273571     0.5868      8.453   150.6804 5.6590e+02     0.9640      0.164      0.238    27.6179 0.0000e+00
      0.168      0.000     4.8343     60.865     86.782  91.305289     0.5835      8.453   150.5471 5.6655e+02     0.9277      0.165      0.240    27.6186 0.0000e+00
      0.166     -0.001     4.8487     60.530     86.789  91.326502     0.5706      8.453   151.0222 5.5355e+02     0.8525      0.164      0.238    27.6098 0.0000e+00
      0.163     -0.001     4.8485     60.341     86.787  91.339320     0.5557      8.453   152.0372 5.3740e+02     0.8056      0.161      0.232    27.5989 0.0000e+00
      0.162      0.000     4.8305     60.321     86.771  91.333132     0.5542      8.453   153.3549 5.3659e+02     0.8388      0.158      0.229    27.5940 0.0000e+00
      0.162      0.002     4.7960     60.429     86.754  91.315286     0.5684      8.452   154.2204 5.4002e+02     0.9123      0.158      0.229    27.5974 0.0000e+00
      0.164      0.004     4.7651     60.574     86.761  91.314300     0.5770      8.451   154.2434 5.4124e+02     0.9085      0.160      0.232    27.6073 0.0000e+00
      0.167      0.005     4.7494     60.653     86.780  91.321193     0.5837      8.450   153.9769 5.4754e+02     0.7596      0.164      0.238    27.6174 0.0000e+00
      0.171      0.004     4.7483     60.590     86.800  91.335023     0.5909      8.450   153.7516 5.4980e+02     0.6489      0.167      0.244    27.6237 0.0000e+00
      0.172      0.003     4.7595     60.411     86.815  91.354332     0.5814      8.450   153.6694 5.4809e+02     0.6629      0.169      0.246    27.6247 0.0000e+00
      0.171      0.001     4.7742     60.252     86.870  91.427498     0.5684      8.451   154.0159 5.4911e+02     0.6549      0.169      0.245    27.6189 0.0000e+00
      0.169      0.000     4.7845     60.583     86.996  91.583835     0.5669      8.452   154.4989 5.4555e+02     0.6215      0.165      0.240    27.6088 0.0000e+00
      0.168      0.000     4.7787     62.410     87.085  91.718575     0.5717      8.451   154.7777 5.3434e+02     0.6352      0.163      0.237    27.6026 0.0000e+00
      0.169      0.001     4.7610     66.413     87.091  91.784985     0.5759      8.450   154.9772 5.3421e+02     0.6837      0.165      0.239    27.6058 0.0000e+00
      0.170      0.001     4.7408     71.948     87.066  91.814614     0.5764      8.450   155.2777 5.4749e+02     0.7292      0.166      0.241    27.6158 0.0000e+00
      0.172      0.001     4.7306     77.532     87.038  91.822551     0.5775      8.450   155.3993 5.4574e+02     0.7073      0.169      0.245    27.6259 0.0000e+00
      0.173      0.000     4.8427     82.095     87.013  91.817428     0.5732      8.450   154.3823 5.3803e+02     0.6236      0.171      0.248    27.6480 0.0000e+00
      0.173     -0.001     5.1780     85.395     87.002  91.816302     0.5654      8.450   152.7903 5.4609e+02     0.6056      0.171      0.248    27.6895 0.0000e+00
      0.171     -0.001     5.6606     87.455     86.989  91.808951     0.5668      8.449   152.1530 5.5039e+02     0.6601      0.168      0.244    27.7251 0.0000e+00
      0.168      0.000     6.1312     88.333     86.969  91.792136     0.5649      8.448   152.0975 5.4316e+02     0.7023      0.165      0.239    27.7451 0.0000e+00
      0.167      0.002     6.4861     88.207     86.979  91.803754     0.5593      8.447   152.3774 5.3670e+02     0.7398      0.163      0.236    27.7560 0.0000e+00
      0.169      0.003     6.7447     87.368     86.995  91.822251     0.5575      8.446   153.2138 5.3389e+02     0.7383      0.164      0.238    27.7612 0.0000e+00
      0.173      0.003     6.9064     86.271     86.997  91.825021     0.5593      8.446   154.0366 5.3916e+02     0.6837      0.170      0.247    27.7641 0.0000e+00
      0.176      0.002     6.9682     85.301     87.008  91.837249     0.5649      8.446   154.2381 5.4451e+02     0.6264      0.174      0.252    27.7662 0.0000e+00
      0.176      0.001     6.9533     84.583     87.013  91.842934     0.5672      8.447   153.8427 5.4025e+02     0.5917      0.174      0.252    27.7673 0.0000e+00
      0.175      0.000     6.8712     84.054     87.000  91.830170     0.5700      8.447   153.5584 5.3904e+02     0.6049      0.172      0.249    27.7679 0.0000e+00
      0.172      0.000     6.7738     83.663     86.981  91.810097     0.5740      8.447   153.6395 5.4194e+02     0.6501      0.169      0.244    27.7684 0.0000e+00
      0.171      0.000     6.6943     83.371     86.962  91.790993     0.5745      8.446   153.8777 5.3867e+02     0.6940      0.167      0.242    27.7682 0.0000e+00
      0.172      0.001     6.6419     83.129     86.961  91.789942     0.5757      8.445   154.2015 5.3480e+02     0.6921      0.167      0.243    27.7684 0.0000e+00
      0.174      0.001     6.6014     82.974     86.968  91.797388     0.5802      8.443   154.8005 5.3537e+02     0.6615      0.170      0.248    27.7690 0.0000e+00
      0.176      0.000     6.5702     82.932     86.987  91.817448     0.5786      8.443   155.6143 5.3637e+02     0.6651      0.173      0.251    27.7698 0.0000e+00
      0.177     -0.001     6.5515     82.998     87.010  91.841726     0.5727      8.443   156.2117 5.3468e+02     0.7352      0.174      0.252    27.7698 0.0000e+00
      0.175     -0.002     6.5289     83.158     87.004  91.836580     0.5672      8.444   156.6895 5.3303e+02     0.8260      0.173      0.250    27.7696 0.0000e+00
      0.172     -0.002     6.5165     83.342     86.986  91.818819     0.5618      8.444   157.1750 5.3637e+02     0.8754      0.169      0.245    27.7698 0.0000e+00
      0.170     -0.001     6.5141     83.465     86.984  91.817729     0.5659      8.444   157.4353 5.3650e+02     0.8881      0.166      0.240    27.7697 0.0000e+00
      0.170      0.001     6.5182     83.475     86.989  91.823406     0.5753      8.444   157.4275 5.3221e+02     0.9115      0.166      0.241    27.7699 0.0000e+00
      0.172      0.002     6.5336     83.343     86.989  91.823876     0.5843      8.444   156.9086 5.3327e+02     0.9533      0.170      0.245    27.7707 0.0000e+00
      0.176      0.002     6.5505     83.112     86.989  91.823407     0.5906      8.443   156.2380 5.3433e+02     0.9494      0.173      0.250    27.7711 0.0000e+00
      0.177     -0.001     6.5613     82.921     86.985  91.817740     0.5847      8.441   157.0633 5.3397e+02     0.9329      0.174      0.253    27.7714 0.0000e+00
      0.176     -0.007     6.5632     82.866     86.986  91.818943     0.5642      8.441   158.7128 5.3340e+02     0.8561      0.174      0.252    27.7722 0.0000e+00
      0.175     -0.016     6.5522     82.881     87.003  91.837956     0.5506      8.440   159.1463 5.3114e+02     0.7045      0.172      0.248    27.7728 0.0000e+00
      0.171     -0.025     6.5291     82.904     87.019  91.856870     0.5618      8.438   159.2070 5.3159e+02     0.6365      0.169      0.245    27.7723 0.0000e+00
      0.164     -0.033     6.5097     82.952     87.017  91.856870     0.5741      8.437   159.5333 5.4213e+02     0.6489      0.164      0.238    27.7715 0.0000e+00
      0.151     -0.040     6.5096     82.992     86.997  91.837966     0.5741      8.437   158.7894 5.5878e+02     0.6835      0.150      0.217    27.7717 0.0000e+00
      0.136     -0.045     6.5135     83.008     86.977  91.819066     0.5706      8.437   156.9240 5.6753e+02     0.7127      0.132      0.191    27.7721 0.0000e+00
      0.124     -0.048     6.5117     83.051     86.976  91.819113     0.5651      8.436   155.7352 5.7616e+02     0.6948      0.121      0.175    27.7731 0.0000e+00
