Data/DataNotYetUploadedToEDI/Raw_CTD/RawDownloads/070722_ccr50_0001.cnv
* Sea-Bird SBE19plus  Data File:
* FileName = C:\R\Reservoirs\Data\DataNotYetUploadedToEDI\Raw_CTD\RawDownloads\070722_ccr50_SBE19plus01907809_0001.hex
* Software version 2.8.0.119
* Temperature SN = 7809
* Conductivity SN = 7809
* System UpLoad Time = Jul 07 2022 15:44:47
* <ApplicationData>
* <Seaterm232>
# nquan = 15
# nvalues = 1733                        
# units = specified
# name 0 = depFM: Depth [fresh water, m]
# name 1 = dz/dtM: Descent Rate [m/s]
# name 2 = sbeox0Mg/L: Oxygen, SBE 43 [mg/l]
# name 3 = sbeox0PS: Oxygen, SBE 43 [% saturation]
# name 4 = specc: Specific Conductance [uS/cm]
# name 5 = c0uS/cm: Conductivity [uS/cm]
# name 6 = flECO-AFL: Fluorescence, WET Labs ECO-AFL/FL [mg/m^3]
# name 7 = ph: pH
# name 8 = orp: Oxidation Reduction Potential [mV]
# name 9 = par/sat/log: PAR/Logarithmic, Satlantic
# name 10 = turbWETntu0: Turbidity, WET Labs ECO [NTU]
# name 11 = prdM: Pressure, Strain Gauge [db]
# name 12 = prdE: Pressure, Strain Gauge [psi]
# name 13 = tv290C: Temperature [ITS-90, deg C]
# name 14 = flag:  0.000e+00
# span 0 =     -0.496,     21.320       
# span 1 =     -0.364,      0.239       
# span 2 =     0.0685,     8.6814       
# span 3 =      0.649,     99.575       
# span 4 =      9.436,    253.006       
# span 5 =   9.794110, 179.547400       
# span 6 =    -0.0895,     4.9981       
# span 7 =      6.837,      8.249       
# span 8 =   103.7036,   255.9797       
# span 9 = 1.2352e-01, 1.8791e+03       
# span 10 =    -0.6418,   264.5460      
# span 11 =     -0.491,     20.908      
# span 12 =     -0.712,     30.324      
# span 13 =    10.4602,    27.6462      
# span 14 = 0.0000e+00, 0.0000e+00      
# interval = seconds: 0.25
# start_time = Jul 07 2022 06:54:23 [Instrument's time stamp, header]
# bad_flag = -9.990e-29
*END*
[from data line 193]
      0.176      0.001     6.7381     85.668     86.713  91.307807     0.5234      7.981   168.2486 1.0317e+03     0.7204      0.175      0.254    27.6429 0.0000e+00
      0.167     -0.001     6.7385     85.679     86.729  91.325574     0.5185      7.983   168.4709 1.0108e+03     0.7002      0.164      0.236    27.6430 0.0000e+00
      0.161     -0.001     6.7413     85.654     86.730  91.326608     0.5134      7.985   168.5993 1.0307e+03     0.6560      0.154      0.223    27.6430 0.0000e+00
      0.161      0.000     6.7435     85.576     86.724  91.320305     0.5109      7.987   168.5966 1.0958e+03     0.6303      0.155      0.224    27.6431 0.0000e+00
      0.167      0.003     6.7476     85.432     86.717  91.312952     0.5210      7.988   168.6101 1.1003e+03     0.6290      0.164      0.237    27.6431 0.0000e+00
      0.174      0.004     6.7485     85.280     86.705  91.301288     0.5446      7.990   168.7627 9.8980e+02     0.6750      0.172      0.250    27.6431 0.0000e+00
      0.177      0.003     6.7467     85.218     86.710  91.306443     0.5627      7.992   168.8933 9.3291e+02     0.7424      0.176      0.255    27.6433 0.0000e+00
      0.174      0.001     6.7416     85.227     86.715  91.311707     0.5736      7.993   168.9840 9.4755e+02     0.7604      0.172      0.250    27.6435 0.0000e+00
      0.169     -0.001     6.7290     85.212     86.706  91.301349     0.5770      7.994   169.1708 9.4242e+02     0.7214      0.166      0.240    27.6436 0.0000e+00
      0.166     -0.001     6.7124     85.200     86.713  91.308371     0.5702      7.996   169.3448 9.1932e+02     0.6804      0.162      0.234    27.6436 0.0000e+00
      0.166     -0.000     6.7081     85.267     86.737  91.333031     0.5584      7.997   169.4539 8.9620e+02     0.6403      0.161      0.235    27.6437 0.0000e+00
      0.170      0.000     6.7141     85.360     86.749  91.345166     0.5503      7.997   169.6296 8.8677e+02     0.6120      0.166      0.241    27.6439 0.0000e+00
      0.174     -0.001     6.7113     85.374     86.733  91.327921     0.5562      7.998   169.8343 8.9663e+02     0.6458      0.171      0.248    27.6435 0.0000e+00
      0.175     -0.004     6.7060     85.327     86.721  91.315280     0.5630      7.998   169.9507 9.2056e+02     0.7073      0.173      0.250    27.6430 0.0000e+00
      0.172     -0.005     6.7138     85.323     86.725  91.319494     0.5656      7.999   170.0893 9.3181e+02     0.7421      0.170      0.247    27.6429 0.0000e+00
      0.165     -0.004     6.7261     85.394     86.722  91.315287     0.5791      8.001   170.3065 9.2585e+02     0.7582      0.163      0.236    27.6426 0.0000e+00
      0.159     -0.000     6.7260     85.498     86.735  91.327994     0.5849      8.002   170.4259 9.2264e+02     0.7309      0.154      0.224    27.6421 0.0000e+00
      0.158      0.004     6.7179     85.595     86.752  91.345959     0.5691      8.003   170.4146 8.7953e+02     0.6519      0.152      0.221    27.6424 0.0000e+00
      0.164      0.006     6.7166     85.620     86.747  91.341751     0.5550      8.004   170.4281 8.1220e+02     0.5882      0.159      0.231    27.6423 0.0000e+00
      0.174      0.006     6.7249     85.492     86.744  91.340700     0.5555      8.005   170.5885 7.9993e+02     0.5752      0.170      0.249    27.6418 0.0000e+00
      0.179      0.003     6.7335     85.270     86.736  91.333252     0.5584      8.007   170.8060 8.1638e+02     0.6318      0.178      0.259    27.6411 0.0000e+00
      0.178     -0.003     6.7420     85.050     86.717  91.315290     0.5571      8.008   170.9056 8.5559e+02     0.7258      0.176      0.256    27.6410 0.0000e+00
      0.171     -0.010     6.7493     84.835     86.716  91.314276     0.5645      8.008   170.9324 8.9350e+02     0.7553      0.167      0.242    27.6417 0.0000e+00
      0.165     -0.015     6.7357     84.615     86.722  91.320993     0.5726      8.009   170.9583 8.9264e+02     0.7156      0.161      0.234    27.6429 0.0000e+00
      0.161     -0.016     6.7135     84.410     86.733  91.332918     0.5719      8.011   171.0465 8.9247e+02     0.6897      0.158      0.230    27.6439 0.0000e+00
      0.156     -0.014     6.6983     84.258     86.733  91.331293     0.5649      8.012   171.2245 9.2692e+02     0.6809      0.153      0.221    27.6447 0.0000e+00
      0.151     -0.009     6.6806     84.167     86.707  91.301349     0.5537      8.013   171.3901 9.5572e+02     0.6779      0.147      0.213    27.6451 0.0000e+00
      0.149     -0.003     6.6637     84.130     86.697  91.288786     0.5454      8.014   171.5866 9.3259e+02     0.6881      0.145      0.210    27.6450 0.0000e+00
      0.150      0.003     6.6455     84.193     86.714  91.306558     0.5480      8.015   171.7930 9.0694e+02     0.7011      0.147      0.214    27.6446 0.0000e+00
      0.152      0.009     6.6336     84.398     86.732  91.325472     0.5686      8.015   171.8206 8.9702e+02     0.6988      0.149      0.216    27.6436 0.0000e+00
      0.155      0.012     6.6280     84.709     86.732  91.326722     0.5857      8.016   171.8343 8.6877e+02     0.6600      0.150      0.219    27.6425 0.0000e+00
      0.160      0.012     6.6226     85.001     86.726  91.321680     0.5806      8.017   171.9588 8.4402e+02     0.6418      0.156      0.226    27.6417 0.0000e+00
      0.167      0.010     6.6266     85.204     86.731  91.328097     0.5728      8.018   171.9497 9.0402e+02     0.6493      0.164      0.237    27.6409 0.0000e+00
      0.171      0.007     6.6428     85.365     86.744  91.340719     0.5749      8.019   171.8960 9.6283e+02     0.6485      0.170      0.247    27.6408 0.0000e+00
      0.170      0.004     6.6723     85.545     86.750  91.347115     0.5731      8.019   171.9976 9.1593e+02     0.6662      0.169      0.245    27.6424 0.0000e+00
      0.167      0.002     6.6979     85.761     86.744  91.341851     0.5672      8.019   172.2318 8.8484e+02     0.6924      0.163      0.236    27.6437 0.0000e+00
      0.165      0.001     6.7108     85.946     86.742  91.340656     0.5697      8.019   172.4911 9.0629e+02     0.6925      0.160      0.233    27.6436 0.0000e+00
      0.166      0.001     6.7224     85.995     86.734  91.332669     0.5712      8.019   172.6366 9.1199e+02     0.7010      0.162      0.235    27.6433 0.0000e+00
      0.169      0.002     6.7351     85.873     86.712  91.308870     0.5682      8.020   172.7876 9.0465e+02     0.7275      0.166      0.241    27.6430 0.0000e+00
      0.172      0.002     6.7544     85.655     86.711  91.307235     0.5663      8.021   173.0258 9.1424e+02     0.6715      0.170      0.246    27.6433 0.0000e+00
      0.173      0.001     6.7725     85.389     86.717  91.312901     0.5567      8.022   173.1933 9.3589e+02     0.5703      0.170      0.247    27.6439 0.0000e+00
      0.171     -0.001     6.7783     85.094     86.718  91.313801     0.5607      8.022   173.1788 9.5074e+02     0.5628      0.168      0.244    27.6440 0.0000e+00
      0.169     -0.003     6.7647     84.853     86.722  91.318108     0.5967      8.023   173.1945 9.5716e+02     0.6487      0.165      0.240    27.6440 0.0000e+00
      0.167     -0.003     6.7460     84.740     86.706  91.301401     0.6267      8.024   173.4691 9.6008e+02     0.7202      0.164      0.238    27.6436 0.0000e+00
      0.167     -0.003     6.7268     84.753     86.706  91.302548     0.6320      8.025   173.5732 9.6480e+02     0.7108      0.164      0.238    27.6433 0.0000e+00
      0.167     -0.002     6.6993     84.806     86.734  91.331981     0.6185      8.025   173.2477 9.6906e+02     0.6713      0.164      0.238    27.6430 0.0000e+00
      0.167      0.000     6.6788     84.826     86.741  91.339344     0.5889      8.025   172.9753 9.6684e+02     0.6530      0.164      0.238    27.6428 0.0000e+00
      0.167      0.000     6.6691     84.809     86.731  91.327984     0.5655      8.025   172.9469 9.5994e+02     0.6607      0.164      0.238    27.6434 0.0000e+00
      0.167      0.001     6.6738     84.817     86.726  91.321795     0.5600      8.025   172.9909 9.5887e+02     0.6609      0.163      0.236    27.6441 0.0000e+00
      0.167      0.002     6.6800     84.878     86.732  91.328103     0.5648      8.024   173.0767 9.5599e+02     0.6212      0.163      0.236    27.6441 0.0000e+00
      0.168      0.002     6.6818     84.917     86.743  91.340668     0.5823      8.023   173.2101 9.5100e+02     0.6255      0.164      0.238    27.6438 0.0000e+00
      0.169      0.002     6.6785     84.897     86.748  91.346553     0.6123      8.023   173.3141 9.5839e+02     0.7124      0.165      0.239    27.6435 0.0000e+00
      0.170      0.002     6.6764     84.898     86.738  91.335670     0.6286      8.024   173.3014 9.5482e+02     0.7504      0.167      0.242    27.6429 0.0000e+00
      0.170      0.001     6.6857     84.966     86.739  91.336251     0.6295      8.026   173.2279 9.4531e+02     0.7092      0.168      0.243    27.6429 0.0000e+00
      0.170      0.001     6.6903     85.030     86.755  91.353585     0.6234      8.026   173.2003 9.5318e+02     0.6572      0.167      0.242    27.6434 0.0000e+00
      0.169      0.001     6.6851     85.017     86.756  91.354494     0.6124      8.026   173.3113 9.5915e+02     0.6344      0.166      0.241    27.6436 0.0000e+00
      0.169      0.002     6.6826     84.925     86.749  91.347241     0.6127      8.026   173.5381 9.4785e+02     0.6392      0.165      0.239    27.6440 0.0000e+00
      0.170      0.002     6.6918     84.782     86.732  91.329474     0.6195      8.025   173.7914 9.2000e+02     0.6464      0.165      0.240    27.6441 0.0000e+00
      0.172      0.002     6.6990     84.614     86.732  91.330430     0.6276      8.024   173.9645 8.9705e+02     0.6869      0.168      0.244    27.6439 0.0000e+00
      0.174      0.001     6.6977     84.501     86.760  91.358803     0.6362      8.024   173.9965 8.8319e+02     0.7191      0.171      0.248    27.6439 0.0000e+00
      0.174      0.000     6.6890     84.536     86.756  91.354598     0.6319      8.024   174.0066 8.7618e+02     0.6946      0.172      0.249    27.6440 0.0000e+00
      0.172     -0.001     6.6779     84.691     86.745  91.343179     0.6254      8.025   174.0864 8.8733e+02     0.6639      0.170      0.246    27.6442 0.0000e+00
      0.170     -0.001     6.6628     84.877     86.750  91.347907     0.6241      8.025   174.1869 8.9743e+02     0.6546      0.167      0.241    27.6443 0.0000e+00
      0.169     -0.001     6.6488     85.037     86.750  91.348177     0.6157      8.026   174.2761 8.8935e+02     0.6511      0.165      0.239    27.6438 0.0000e+00
      0.170      0.000     6.6542     85.170     86.748  91.346440     0.6160      8.026   174.4768 8.7505e+02     0.6562      0.166      0.240    27.6433 0.0000e+00
      0.171      0.001     6.6689     85.295     86.730  91.326900     0.6279      8.026   174.7203 8.5578e+02     0.6821      0.168      0.243    27.6435 0.0000e+00
      0.173      0.001     6.6858     85.413     86.707  91.302679     0.6343      8.027   174.8107 8.3533e+02     0.7247      0.169      0.246    27.6437 0.0000e+00
      0.173      0.001     6.6977     85.491     86.712  91.307924     0.6356      8.027   174.7961 8.2549e+02     0.7613      0.170      0.247    27.6436 0.0000e+00
      0.172      0.000     6.7075     85.481     86.730  91.326733     0.6351      8.027   174.8020 8.1555e+02     0.7489      0.169      0.246    27.6435 0.0000e+00
      0.172     -0.001     6.7172     85.421     86.742  91.339343     0.6356      8.027   174.7960 8.0500e+02     0.6775      0.169      0.245    27.6434 0.0000e+00
      0.172     -0.001     6.7270     85.392     86.736  91.333231     0.6336      8.027   174.8095 8.0148e+02     0.6154      0.169      0.245    27.6435 0.0000e+00
      0.172     -0.000     6.7360     85.388     86.721  91.316421     0.6284      8.027   174.9644 7.9924e+02     0.6128      0.168      0.244    27.6434 0.0000e+00
      0.171      0.001     6.7339     85.363     86.731  91.326846     0.6226      8.027   175.2068 7.9189e+02     0.6458      0.168      0.243    27.6435 0.0000e+00
      0.171      0.002     6.7253     85.324     86.737  91.332106     0.6221      8.027   175.4165 7.8263e+02     0.6723      0.167      0.243    27.6433 0.0000e+00
      0.172      0.002     6.7238     85.294     86.722  91.316427     0.6376      8.027   176.1236 7.7310e+02     0.6603      0.168      0.244    27.6432 0.0000e+00
      0.174     -0.003     6.7263     85.271     86.733  91.328035     0.6528      8.027   177.2181 7.5171e+02     0.6384      0.170      0.248    27.6433 0.0000e+00
      0.176     -0.015     6.7226     85.219     86.748  91.345290     0.6477      8.028   177.5508 7.3278e+02     0.6123      0.173      0.251    27.6427 0.0000e+00
      0.177     -0.034     6.7196     85.145     86.737  91.334303     0.6347      8.030   177.6511 7.4161e+02     0.5834      0.174      0.253    27.6424 0.0000e+00
      0.172     -0.055     6.7165     85.089     86.725  91.322358     0.6291      8.032   178.0857 7.7516e+02     0.5959      0.172      0.250    27.6423 0.0000e+00
      0.156     -0.071     6.7167     85.050     86.730  91.328044     0.6292      8.033   178.2452 8.3972e+02     0.6609      0.161      0.232    27.6424 0.0000e+00
      0.124     -0.079     6.7127     85.072     86.742  91.339463     0.6278      8.034   178.1179 8.9727e+02     0.7554      0.125      0.182    27.6430 0.0000e+00
      0.087     -0.077     6.7035     85.171     86.738  91.333252     0.6289      8.037   178.0092 8.9726e+02     0.7818      0.079      0.116    27.6433 0.0000e+00
      0.060     -0.067     6.7018     85.282     86.724  91.316537     0.6334      8.038   177.9635 8.8964e+02     0.7413      0.052      0.076    27.6440 0.0000e+00
      0.048     -0.049     6.6958     85.399     86.736  91.328108     0.6158      8.039   177.8234 9.0483e+02     0.7096      0.044      0.063    27.6446 0.0000e+00
      0.045     -0.028     6.6961     85.519     86.752  91.345979     0.5821      8.040   177.6915 9.1200e+02     0.6717      0.042      0.061    27.6438 0.0000e+00
      0.045     -0.009     6.7089     85.608     86.747  91.341866     0.5673      8.042   177.8315 9.0596e+02     0.6251      0.043      0.062    27.6423 0.0000e+00
      0.047      0.003     6.7157     85.594     86.745  91.341970     0.5626      8.042   178.2259 8.9548e+02     0.5897      0.046      0.066    27.6408 0.0000e+00
      0.050      0.008     6.7256     85.449     86.749  91.347239     0.5583      8.043   178.5016 8.8067e+02     0.6188      0.048      0.070    27.6401 0.0000e+00
      0.053      0.009     6.7360     85.299     86.743  91.341985     0.5660      8.043   178.5837 8.6193e+02     0.7045      0.053      0.076    27.6406 0.0000e+00
      0.056      0.007     6.7443     85.241     86.743  91.342031     0.5804      8.044   178.3591 8.3771e+02     0.7380      0.056      0.081    27.6417 0.0000e+00
      0.058      0.004     6.7470     85.238     86.748  91.347801     0.5908      8.045   177.6776 8.0766e+02     0.7154      0.057      0.083    27.6431 0.0000e+00
      0.059      0.000     6.7284     85.232     86.748  91.348166     0.5916      8.047   177.3996 7.8562e+02     0.6704      0.059      0.086    27.6439 0.0000e+00
      0.059     -0.003     6.7135     85.217     86.747  91.346436     0.5822      8.048   177.7517 7.8593e+02     0.6379      0.059      0.085    27.6445 0.0000e+00
      0.056     -0.005     6.7116     85.221     86.729  91.326889     0.5682      8.048   178.1496 8.0214e+02     0.6645      0.055      0.079    27.6450 0.0000e+00
      0.053     -0.006     6.7128     85.221     86.707  91.302564     0.5637      8.048   178.2526 8.1869e+02     0.6850      0.052      0.075    27.6451 0.0000e+00
      0.051     -0.008     6.7131     85.207     86.711  91.306672     0.5863      8.049   177.7920 8.2659e+02     0.6796      0.050      0.073    27.6449 0.0000e+00
