Data/DataNotYetUploadedToEDI/Raw_CTD/RawDownloads/070721_fcr50.cnv
* Sea-Bird SBE19plus  Data File:
* FileName = C:\R\Reservoirs\Data\DataNotYetUploadedToEDI\Raw_CTD\RawDownloads\070721_fcr50_0001.hex
* Software version 2.8.0.119
* Temperature SN = 7809
* Conductivity SN = 7809
* System UpLoad Time = Jul 09 2021 15:30:55
* <ApplicationData>
* <Seaterm232>
# nquan = 16
# nvalues = 1470                        
# units = specified
# name 0 = depFM: Depth [fresh water, m]
# name 1 = dz/dtM: Descent Rate [m/s]
# name 2 = orp: Oxidation Reduction Potential [mV]
# name 3 = sbeox0Mg/L: Oxygen, SBE 43 [mg/l]
# name 4 = sbeox0PS: Oxygen, SBE 43 [% saturation]
# name 5 = par/sat/log: PAR/Logarithmic, Satlantic
# name 6 = ph: pH
# name 7 = specc: Specific Conductance [uS/cm]
# name 8 = c0uS/cm: Conductivity [uS/cm]
# name 9 = flECO-AFL: Fluorescence, WET Labs ECO-AFL/FL [mg/m^3]
# name 10 = turbWETntu0: Turbidity, WET Labs ECO [NTU]
# name 11 = tv290C: Temperature [ITS-90, deg C]
# name 12 = density00: Density [density, kg/m^3]
# name 13 = prdE: Pressure, Strain Gauge [psi]
# name 14 = prdM: Pressure, Strain Gauge [db]
# name 15 = flag:  0.000e+00
# span 0 =     -0.638,      9.621       
# span 1 =     -0.350,      0.195       
# span 2 = -1240.7455,   291.6175       
# span 3 =     0.6225,     8.5250       
# span 4 =      5.571,    107.328       
# span 5 = 1.2335e-01, 2.2053e+03       
# span 6 =     -1.888,     15.855       
# span 7 =      0.871,    236.435       
# span 8 =   1.000672, 164.037396       
# span 9 =    -3.3805,    46.7151       
# span 10 =    -7.1849,   232.4893      
# span 11 =     9.5314,    32.4609      
# span 12 =   994.8877,   999.8636      
# span 13 =     -0.908,     13.685      
# span 14 =     -0.626,      9.435      
# span 15 = 0.0000e+00, 0.0000e+00      
# interval = seconds: 0.25
# start_time = Jul 07 2021 01:06:56 [Instrument's time stamp, header]
# bad_flag = -9.990e-29
*END*
[from data line 1356]
      4.079     -0.303    39.0460     0.6573      5.737 6.8169e+00     15.812     56.121  39.547373     0.3839     1.4172    10.1234   999.7316      5.801      3.999 0.0000e+00
      4.003     -0.317    39.2194     0.6403      5.727 7.2298e+00     15.813     56.267  39.673013     0.4943     1.7263    10.1592   999.7281      5.688      3.922 0.0000e+00
      3.931     -0.320    39.3226     0.6495      5.752 7.7105e+00     15.812     56.305  39.724451     0.5482     1.8317    10.1926   999.7248      5.596      3.857 0.0000e+00
      3.849     -0.311    39.3467     0.6419      5.858 8.3679e+00     15.810     56.366  39.788499     0.5214     1.6609    10.2177   999.7221      5.486      3.783 0.0000e+00
      3.754     -0.296    39.5121     0.6453      5.914 9.1210e+00     15.810     56.466  39.876180     0.5137     1.4472    10.2293   999.7207      5.338      3.681 0.0000e+00
      3.662     -0.282    39.6021     0.6439      5.904 9.7699e+00     15.809     56.560  39.959474     0.6073     1.5128    10.2506   999.7183      5.194      3.581 0.0000e+00
      3.593     -0.273    39.4881     0.6351      5.856 1.0252e+01     15.808     56.820  40.160894     0.7087     1.8020    10.2766   999.7156      5.095      3.513 0.0000e+00
      3.548     -0.271    39.5098     0.6644      5.799 1.0854e+01     15.806     57.397  40.597753     0.7475     1.8885    10.2919   999.7141      5.049      3.481 0.0000e+00
      3.503     -0.274    39.6067     0.6633      5.794 1.2002e+01     15.804     57.959  41.052215     0.7523     1.7347    10.3074   999.7125      4.994      3.444 0.0000e+00
      3.437     -0.285    39.5403     0.6626      5.799 1.3847e+01     15.802     58.159  41.276010     0.7575     1.6939    10.3224   999.7108      4.900      3.379 0.0000e+00
      3.349     -0.305    39.3100     0.6581      5.798 1.6227e+01     15.801     58.220  41.399453     0.7915     1.8073    10.3360   999.7092      4.770      3.288 0.0000e+00
      3.253     -0.326    39.0586     0.6434      5.803 1.8616e+01     15.799     58.384  41.592679     0.9543     1.9034    10.3533   999.7074      4.618      3.183 0.0000e+00
      3.165     -0.335    38.9101     0.6498      5.813 2.0872e+01     15.797     58.409  41.708039     2.5630     2.0670    10.4008   999.7028      4.496      3.099 0.0000e+00
      3.083     -0.324    38.8055     0.6468      5.844 2.3685e+01     15.795     58.287  41.715244     5.4983     2.3087    10.4866   999.6944      4.394      3.029 0.0000e+00
      2.993     -0.302    38.5684     0.6456      5.894 2.7091e+01     15.794     58.333  41.806848     7.1193     2.5599    10.5573   999.6872      4.259      2.936 0.0000e+00
      2.905     -0.283    38.3655     0.6453      5.901 2.9997e+01     15.793     58.353  41.863494     7.3702     2.8044    10.6045   999.6824      4.115      2.837 0.0000e+00
      2.840     -0.275    38.3316     0.6454      5.870 3.1820e+01     15.791     58.044  41.701928     8.1879     2.8609    10.6995   999.6729      4.023      2.775 0.0000e+00
      2.795     -0.277    37.9866     0.6446      5.848 3.3769e+01     15.788     57.429  41.376910     9.6248     2.7630    10.8009   999.6627      3.983      2.746 0.0000e+00
      2.743     -0.285    37.4630     0.6557      5.843 3.7145e+01     15.782     56.689  41.044264    10.4001     2.7199    10.8353   999.6592      3.919      2.701 0.0000e+00
      2.668     -0.296    37.1637     0.6550      5.865 4.1647e+01     15.776     56.099  40.854004    10.4953     2.8194    10.8637   999.6561      3.801      2.620 0.0000e+00
      2.575     -0.312    36.7768     0.6463      5.868 4.6653e+01     15.771     55.485  40.600189    10.6812     3.0737    10.9040   999.6515      3.666      2.528 0.0000e+00
      2.478     -0.330    36.3986     0.6461      5.831 5.1367e+01     15.767     54.736  40.197215    10.9405     3.2193    10.9884   999.6423      3.520      2.427 0.0000e+00
      2.389     -0.340    36.2910     0.6384      5.799 5.5136e+01     15.763     54.337  40.044173    11.0266     3.1042    11.1836   999.6216      3.387      2.335 0.0000e+00
      2.313     -0.340    36.3351     0.6418      5.795 5.8796e+01     15.760     54.145  40.019421    10.9973     2.9859    11.4323   999.5949      3.294      2.271 0.0000e+00
      2.234     -0.332    36.4159     0.6405      5.808 6.3432e+01     15.757     53.525  39.644163    10.9773     2.9554    11.6071   999.5755      3.187      2.197 0.0000e+00
      2.142     -0.319    36.3220     0.6317      5.853 6.8710e+01     15.753     52.590  39.061461    10.8313     3.0790    11.7076   999.5637      3.046      2.100 0.0000e+00
      2.049     -0.308    35.9741     0.6254      5.959 7.3541e+01     15.747     51.789  38.623033    10.5302     3.2797    11.8533   999.5470      2.908      2.004 0.0000e+00
      1.968     -0.304    35.6501     0.6249      6.121 7.7528e+01     15.742     50.928  38.151524    10.3316     3.2537    11.9754   999.5329      2.790      1.923 0.0000e+00
      1.902     -0.308    35.5882     0.6244      6.282 8.1165e+01     15.737     49.272  37.105230    10.2234     3.1768    12.0151   999.5278      2.701      1.862 0.0000e+00
      1.843     -0.318    35.6570     0.6266      6.441 8.5307e+01     15.727     46.982  35.682532     9.2885     3.1736    12.1133   999.5159      2.627      1.812 0.0000e+00
      1.773     -0.331    35.7075     0.6348      6.642 9.0903e+01     15.712     45.102  34.721246     7.5818     3.1117    12.2878   999.4950      2.534      1.747 0.0000e+00
      1.682     -0.343    35.1660     0.6532      6.837 9.8803e+01     15.693     43.939  34.367196     6.6116     2.9435    12.4535   999.4748      2.406      1.658 0.0000e+00
      1.571     -0.350    34.0997     0.6695      7.017 1.0818e+02     15.677     43.355  34.384800     6.3604     2.6508    12.6164   999.4540      2.234      1.541 0.0000e+00
      1.460     -0.347    33.7426     0.6754      7.235 1.1641e+02     15.664     43.279  34.680826     5.4026     2.3537    12.9013   999.4172      2.060      1.420 0.0000e+00
      1.370     -0.332    34.1180     0.6948      7.553 1.2285e+02     15.657     43.393  34.964459     3.7861     2.2697    13.4555   999.3448      1.940      1.337 0.0000e+00
      1.298     -0.303    34.6797     0.7029      8.016 1.2917e+02     15.657     43.362  34.958915     2.9424     2.4245    14.1628   999.2476      1.846      1.272 0.0000e+00
      1.231     -0.264    35.4586     0.7108      8.653 1.3611e+02     15.657     43.095  34.740718     2.8400     2.4742    14.6934   999.1709      1.747      1.205 0.0000e+00
      1.166     -0.219    36.3079     0.7243      9.496 1.4334e+02     15.652     42.631  34.483728     2.5956     2.3899    15.1212   999.1065      1.658      1.143 0.0000e+00
      1.104     -0.176    37.0332     0.7495     10.537 1.4994e+02     15.643     42.045  34.263093     2.2201     2.3322    15.3886   999.0654      1.565      1.079 0.0000e+00
      1.056     -0.138    37.8616     0.7980     11.718 1.5394e+02     15.632     41.610  34.230813     2.0576     2.3264    15.3050   999.0779      1.484      1.023 0.0000e+00
      1.031     -0.111    38.8383     0.8592     12.843 1.5495e+02     15.623     41.471  34.347660     2.1084     2.4907    15.2384   999.0881      1.458      1.005 0.0000e+00
      1.026     -0.102    39.6365     0.9438     13.720 1.5467e+02     15.621     41.395  34.343641     2.1191     2.6020    15.3847   999.0653      1.459      1.006 0.0000e+00
      1.026     -0.112    40.1994     1.0391     14.302 1.5533e+02     15.620     41.238  34.245735     2.0722     2.6084    15.7003   999.0156      1.464      1.009 0.0000e+00
      1.011     -0.139    40.4810     1.1542     14.666 1.6016e+02     15.615     41.064  34.242621     2.0761     2.7394    16.1721   998.9391      1.457      1.005 0.0000e+00
      0.968     -0.177    40.5468     1.2643     15.016 1.6985e+02     15.609     40.923  34.306172     2.1181     2.8465    16.5219   998.8809      1.390      0.958 0.0000e+00
      0.902     -0.220    40.7364     1.3498     15.475 1.8171e+02     15.604     40.790  34.316379     2.0938     2.6671    16.4853   998.8866      1.283      0.885 0.0000e+00
      0.827     -0.261    41.0525     1.4087     15.994 1.9416e+02     15.602     40.675  34.302724     2.0579     2.3557    16.4357   998.8946      1.176      0.811 0.0000e+00
      0.755     -0.297    41.1855     1.4257     16.469 2.0684e+02     15.599     40.590  34.331537     2.1036     2.3088    16.6766   998.8534      1.070      0.738 0.0000e+00
      0.685     -0.324    41.1402     1.4470     16.846 2.2176e+02     15.595     40.496  34.347620     2.1604     2.4433    16.9534   998.8057      0.977      0.674 0.0000e+00
      0.606     -0.339    41.1937     1.4907     17.173 2.4370e+02     15.592     40.432  34.370398     2.1824     2.4713    17.0858   998.7823      0.875      0.603 0.0000e+00
      0.510     -0.342    41.2296     1.5428     17.525 2.7325e+02     15.586     40.282  34.416660     2.1779     2.5099    17.1368   998.7729      0.731      0.504 0.0000e+00
      0.402     -0.334    41.1437     1.5865     17.920 3.0129e+02     15.573     39.872  34.399555     2.1636     2.6694    17.2862   998.7461      0.569      0.392 0.0000e+00
      0.300     -0.321    41.4460     1.6151     18.377 3.2442e+02     15.558     39.435  34.417830     2.1622     2.7871    17.4424   998.7177      0.415      0.286 0.0000e+00
      0.220     -0.305    42.1306     1.6421     18.894 3.4942e+02     15.545     39.345  34.701606     2.1712     2.8341    17.4475   998.7165      0.297      0.204 0.0000e+00
      0.165     -0.288    42.7110     1.6709     19.411 3.7578e+02     15.532     39.614  35.292947     2.2049     2.8598    17.6187   998.6855      0.235      0.161 0.0000e+00
      0.112     -0.275    42.8708     1.6907     20.002 4.2391e+02     15.516     39.838  35.920571     2.2558     2.8584    18.1161   998.5939      0.171      0.117 0.0000e+00
      0.045     -0.276    42.8588     1.7120     20.839 4.7742e+02     15.499     39.835  36.389241     2.2806     3.0233    18.6680   998.4892      0.068      0.047 0.0000e+00
     -0.032     -0.292    44.2002     1.7507     21.974 4.8163e+02     15.484     39.795  36.771969     2.3239     5.1614    19.1128   998.4022     -0.047     -0.033 0.0000e+00
     -0.109     -0.309    48.0763     1.7818     23.296 4.5875e+02     15.471     39.530  36.867996     2.7881    28.5045    19.4821   998.3289     -0.158     -0.109 0.0000e+00
     -0.188     -0.315    54.1902     1.8074     24.667 4.3891e+02     15.463     38.847  36.471940     3.6113    71.1638    20.0475   998.2132     -0.260     -0.179 0.0000e+00
     -0.278     -0.310    54.8841     1.8574     26.054 4.1864e+02     15.460     38.037  35.791220     4.0278    94.1604    20.7172   998.0721     -0.384     -0.266 0.0000e+00
     -0.375     -0.293    46.7439     1.9440     27.434 4.0158e+02     15.464     37.474  35.110339     3.8951    93.9307    21.2197   997.9629     -0.550     -0.380 0.0000e+00
     -0.452     -0.263    40.9467     2.0494     28.633 3.8694e+02     15.478     37.414  34.648356     2.0538    68.3864    21.6718   997.8625     -0.660     -0.455 0.0000e+00
     -0.508     -0.218    40.8022     2.1558     29.324 3.6591e+02     15.501     37.827  34.456345    -1.3352    21.1383    22.0097   997.7862     -0.710     -0.490 0.0000e+00
     -0.565     -0.166    41.3827     2.2698     29.227 3.2725e+02     15.524     38.476  34.437764    -3.1965    -4.6813    22.1516   997.7531     -0.812     -0.560 0.0000e+00
     -0.608     -0.116    41.7712     2.4039     28.390 2.8534e+02     15.545     39.163  34.486330    -3.3805    -7.0721    21.9743   997.7931     -0.888     -0.612 0.0000e+00
     -0.621     -0.075    42.1441     2.5484     27.155 2.8900e+02     15.565     39.722  34.471728    -3.3683    -7.1849    21.3829   997.9251     -0.886     -0.610 0.0000e+00
     -0.622     -0.043    43.3091     2.6651     25.961 3.8479e+02     15.582     39.602  33.943294    -3.0017    -5.6678    20.5519   998.1050     -0.884     -0.609 0.0000e+00
     -0.622     -0.018    45.7053     2.6976     25.447 5.8364e+02     15.594     33.202  28.223422    -2.3236    -2.8392    19.7243   998.2770     -0.885     -0.611 0.0000e+00
     -0.622     -0.004    48.0578     2.6452     26.529 7.3089e+02     15.601     19.875  16.808798    -1.9504    -1.3782    19.0066   998.4206     -0.883     -0.609 0.0000e+00
     -0.622 -1.052e-13    49.8122     2.5515     29.968 8.2829e+02     15.604     10.528   8.871476    -1.8370    -1.3581    18.3614   998.5443     -0.885     -0.610 0.0000e+00
     -0.622 -1.157e-12    51.4313     2.4489     35.865 1.0483e+03     15.605      8.404   7.071558    -0.8093    -1.0518    17.7950   998.6503     -0.885     -0.610 0.0000e+00
     -0.622 -1.272e-11    52.7497     2.3870     43.632 1.2247e+03     15.605      8.276   6.960485     1.0627    -0.4209    17.3651   998.7267     -0.885     -0.610 0.0000e+00
     -0.622 -1.400e-10    53.5349     2.4699     52.084 1.2623e+03     15.606      7.596   6.387840     2.0475    -0.1153    17.1475   998.7583     -0.886     -0.611 0.0000e+00
     -0.622 -1.540e-09    53.9558     2.8052     59.969 1.2764e+03     15.606      6.581   5.533940     2.0373     0.0342    17.0803   998.7673     -0.885     -0.610 0.0000e+00
     -0.622 -1.694e-08    54.9133     3.3933     66.556 1.2764e+03     15.606      5.646   4.746810     1.1305     1.3518    17.0584   998.7715     -0.885     -0.610 0.0000e+00
     -0.622 -1.863e-07    56.4222     4.1881     71.558 1.2534e+03     15.606      4.719   3.967175    -0.5619     3.6270    17.0491   998.7732     -0.885     -0.610 0.0000e+00
     -0.622 -1.862e-07    58.0890     5.0558     75.075 1.2487e+03     15.606      4.188   3.520477    -1.4974     4.7805    17.0424   998.7741     -0.886     -0.611 0.0000e+00
     -0.622 -1.540e-08    59.4932     5.8365     77.505 1.2846e+03     15.607      4.047   3.400722    -1.5696     4.6907    17.0365   998.7747     -0.885     -0.610 0.0000e+00
     -0.623 -1.052e-13    59.8923     6.4838     79.211 1.3195e+03     15.608      3.980   3.342869    -1.5295     2.6437    17.0315   998.7755     -0.886     -0.611 0.0000e+00
     -0.623 -1.157e-12    59.9888     6.9662     80.549 1.3005e+03     15.609      3.963   3.327830    -1.4695    -1.1883    17.0267   998.7760     -0.887     -0.611 0.0000e+00
     -0.623 -1.273e-11    59.0254     7.2852     81.684 1.1074e+03     15.608      4.137   3.472315    -1.4365    -3.2927    17.0221   998.7767     -0.886     -0.611 0.0000e+00
     -0.623 -1.400e-10    57.9661     7.5140     82.444 7.9777e+02     15.608      4.329   3.632610    -1.4258    -3.3686    17.0126   998.7783     -0.886     -0.611 0.0000e+00
     -0.623 -1.540e-09    60.0012     7.6685     82.844 6.4341e+02     15.608      4.162   3.491964    -1.2925    -2.5171    16.9959   998.7813     -0.887     -0.611 0.0000e+00
     -0.623 -1.695e-08    62.7243     7.7867     83.021 6.3148e+02     15.608      3.697   3.102251    -1.0458    -1.0663    16.9786   998.7842     -0.886     -0.611 0.0000e+00
     -0.624 -1.864e-07    63.8750     7.9193     83.091 6.1669e+02     15.608      3.395   2.848681    -0.9228    -0.3488    16.9646   998.7867     -0.886     -0.611 0.0000e+00
     -0.624 -1.864e-07    64.6219     7.9876     83.206 5.8628e+02     15.609      3.377   2.833574    -0.9117    -0.2977    16.9527   998.7888     -0.888     -0.613 0.0000e+00
     -0.623 -1.695e-08    65.3014     8.0212     83.282 5.5402e+02     15.610      3.480   2.919589    -0.8922    -0.2079    16.9437   998.7903     -0.887     -0.612 0.0000e+00
     -0.623 -1.541e-09    65.9819     8.0411     83.251 5.4172e+02     15.610      3.579   3.001721    -0.8872    -0.1891    16.9428   998.7904     -0.886     -0.611 0.0000e+00
     -0.624 -1.400e-10    66.7409     8.0313     83.214 5.3775e+02     15.610      3.657   3.066368    -0.8985    -0.2424    16.9474   998.7895     -0.887     -0.612 0.0000e+00
