Data/DataNotYetUploadedToEDI/Raw_CTD/RawDownloads/070725_fcr20_S7809008.cnv
* Sea-Bird SBE19plus  Data File:
* FileName = C:\R\Reservoirs\Data\DataNotYetUploadedToEDI\Raw_CTD\RawDownloads\070325_fcr50_S7809_0008.hex
* Software version 2.8.0.119
* Temperature SN = 7809
* Conductivity SN = 7809
* System UpLoad Time = Jul 07 2025 16:22:54
* <ApplicationData>
* <Seaterm232>
# nquan = 15
# nvalues = 1818                        
# units = specified
# name 0 = depFM: Depth [fresh water, m]
# name 1 = dz/dtM: Descent Rate [m/s]
# name 2 = sbeox0Mg/L: Oxygen, SBE 43 [mg/l]
# name 3 = sbeox0PS: Oxygen, SBE 43 [% saturation]
# name 4 = specc: Specific Conductance [uS/cm]
# name 5 = c0uS/cm: Conductivity [uS/cm]
# name 6 = flECO-AFL: Fluorescence, WET Labs ECO-AFL/FL [mg/m^3]
# name 7 = ph: pH
# name 8 = orp: Oxidation Reduction Potential [mV]
# name 9 = par/sat/log: PAR/Logarithmic, Satlantic
# name 10 = turbWETntu0: Turbidity, WET Labs ECO [NTU]
# name 11 = prdM: Pressure, Strain Gauge [db]
# name 12 = prdE: Pressure, Strain Gauge [psi]
# name 13 = tv290C: Temperature [ITS-90, deg C]
# name 14 = flag:  0.000e+00
# span 0 =     -0.633,      3.332       
# span 1 =     -3.857,      0.206       
# span 2 =     0.0134,     7.6812       
# span 3 =      0.180,     95.716       
# span 4 =      1.158,     97.384       
# span 5 =   1.165027,  76.331790       
# span 6 =    -0.0876,   227.6222       
# span 7 =      7.763,      9.297       
# span 8 =   -80.7334,   207.9296       
# span 9 = 1.3203e-01, 2.4517e+03       
# span 10 =    -4.0920,   288.6164      
# span 11 =     -0.623,      3.269      
# span 12 =     -0.903,      4.741      
# span 13 =    13.9815,    28.4094      
# span 14 = 0.0000e+00, 0.0000e+00      
# interval = seconds: 0.25
# start_time = Jul 07 2025 12:45:51 [Instrument's time stamp, header]
# bad_flag = -9.990e-29
*END*
[from data line 1639]
      3.328      0.001     0.0275      0.336     97.193  75.826420     0.5744      8.552   -64.6426 2.2743e-01    67.4757      3.264      4.734    14.0061 0.0000e+00
      3.328      0.001     0.0339      0.344     97.209  75.840208     0.4192      8.552   -64.7507 2.1728e-01    51.8132      3.264      4.734    14.0051 0.0000e+00
      3.329      0.001     0.0430      0.339     97.212  75.842930     0.1431      8.552   -64.7982 2.1371e-01    23.2078      3.264      4.735    14.0043 0.0000e+00
      3.329      0.001     0.0347      0.365     97.233  75.859330    -0.0098      8.553   -64.9596 2.1907e-01     7.5931      3.265      4.735    14.0043 0.0000e+00
      3.330      0.001     0.0324      0.419     97.299  75.911347    -0.0228      8.553   -65.2390 2.1125e-01     6.3163      3.265      4.736    14.0050 0.0000e+00
      3.330      0.001     0.0385      0.442     97.364  75.963252    -0.0051      8.553   -65.4234 1.8572e-01     7.3259      3.265      4.736    14.0059 0.0000e+00
      3.330      0.001     0.0323      0.451     97.384  75.978289     0.0296      8.554   -65.4679 1.7417e-01     9.2104      3.266      4.737    14.0056 0.0000e+00
      3.331      0.001     0.0354      0.452     97.370  75.965994     0.0551      8.554   -65.5189 1.9263e-01    10.1091      3.266      4.738    14.0057 0.0000e+00
      3.331      0.001     0.0465      0.432     97.340  75.941749     0.0460      8.553   -65.6102 2.0914e-01    10.0281      3.266      4.737    14.0065 0.0000e+00
      3.331      0.001     0.0452      0.418     97.337  75.939459     0.0100      8.553   -65.7122 1.9481e-01    10.0074      3.266      4.738    14.0067 0.0000e+00
      3.331      0.001     0.0460      0.405     97.336  75.938304    -0.0136      8.553   -65.8054 1.6256e-01    10.2000      3.267      4.739    14.0066 0.0000e+00
      3.331      0.001     0.0489      0.384     97.321  75.927786     0.0017      8.553   -65.8767 1.5496e-01    10.4440      3.267      4.738    14.0057 0.0000e+00
      3.331      0.001     0.0430      0.367     97.335  75.939440     0.0370      8.554   -65.9712 1.6704e-01    10.5324      3.266      4.738    14.0050 0.0000e+00
      3.332      0.000     0.0433      0.345     97.350  75.952058     0.0308      8.556   -66.0881 1.6265e-01    10.4490      3.267      4.739    14.0050 0.0000e+00
      3.332 1.8628e-08     0.0427      0.323     97.350  75.953196    -0.0153      8.556   -66.1715 1.5671e-01    10.2214      3.267      4.739    14.0051 0.0000e+00
      3.332 2.0490e-07     0.0383      0.314     97.349  75.953196    -0.0380      8.555   -66.2907 1.6207e-01     9.8984      3.268      4.739    14.0054 0.0000e+00
      3.332 2.0490e-07     0.0389      0.317     97.345  75.952059    -0.0357      8.553   -66.4109 1.7123e-01     9.7196      3.267      4.739    14.0059 0.0000e+00
      3.332 1.8627e-08     0.0353      0.314     97.327  75.939459    -0.0206      8.552   -66.4207 1.7621e-01     9.7676      3.267      4.739    14.0063 0.0000e+00
      3.332 1.6934e-09     0.0328      0.300     97.310  75.928005     0.0117      8.552   -66.4096 1.6531e-01     9.5224      3.268      4.739    14.0069 0.0000e+00
      3.332 1.5395e-10     0.0316      0.300     97.324  75.940720     0.0384      8.553   -66.4487 1.5863e-01     8.8386      3.267      4.739    14.0076 0.0000e+00
      3.332 1.3995e-11     0.0327      0.324     97.353  75.966046     0.0444      8.554   -66.6353 1.6140e-01     8.3321      3.267      4.739    14.0084 0.0000e+00
      3.332 1.2723e-12     0.0338      0.366     97.368  75.979908     0.0254      8.555   -66.8588 1.5102e-01     8.0446      3.268      4.739    14.0094 0.0000e+00
      3.332 1.1566e-13     0.0295      0.384     97.368  75.981166    -0.0074      8.555   -66.9136 1.4074e-01     6.9671      3.268      4.739    14.0100 0.0000e+00
      3.332 1.0514e-14     0.0310      0.376     97.365  75.981271    -0.0282      8.556   -66.9532 1.4370e-01     5.1426      3.268      4.739    14.0109 0.0000e+00
      3.332 9.4010e-16     0.0315      0.376     97.362  75.981177    -0.0173      8.557   -67.0804 1.4446e-01     4.2257      3.267      4.739    14.0121 0.0000e+00
      3.332 -8.690e-17     0.0392      0.391     97.358  75.980032     0.0245      8.557   -67.2470 1.3511e-01     4.1807      3.268      4.740    14.0132 0.0000e+00
      3.332 -1.904e-15     0.0413      0.426     97.338  75.967420     0.0521      8.557   -67.3335 1.3203e-01     3.9162      3.268      4.740    14.0142 0.0000e+00
      3.332 -2.103e-14     0.0371      0.441     97.320  75.955851     0.0337      8.557   -67.3518 1.3906e-01     3.4183      3.268      4.739    14.0153 0.0000e+00
      3.332 -2.313e-13     0.0396      0.410     97.332  75.967316    -0.0073      8.558   -67.4683 1.3947e-01     3.0811      3.268      4.740    14.0166 0.0000e+00
      3.332 -2.545e-12     0.0380      0.362     97.343  75.978884    -0.0265      8.558   -67.6233 1.3632e-01     3.0155      3.267      4.739    14.0179 0.0000e+00
      3.332 -2.799e-11     0.0454      0.337     97.326  75.968565    -0.0076      8.558   -67.7625 1.3818e-01     3.0008      3.268      4.739    14.0190 0.0000e+00
      3.332 -3.079e-10     0.0476      0.333     97.323  75.969711     0.0302      8.558   -67.8611 1.4043e-01     2.9371      3.268      4.740    14.0203 0.0000e+00
      3.332 -3.387e-09     0.0429      0.325     97.349  75.992742     0.0553      8.558   -67.9556 1.4200e-01     2.8602      3.267      4.739    14.0217 0.0000e+00
      3.332 -3.726e-08     0.0364      0.324     97.345  75.992731     0.0466      8.558   -68.1304 1.4183e-01     2.7545      3.268      4.740    14.0232 0.0000e+00
      3.332 -4.098e-07     0.0328      0.329     97.311  75.969573     0.0088      8.558   -68.3400 1.3633e-01     2.5478      3.268      4.739    14.0247 0.0000e+00
      3.332     -0.000     0.0359      0.344     97.303  75.967060    -0.0277      8.559   -68.6820 1.3281e-01     2.3420      3.268      4.740    14.0261 0.0000e+00
      3.332     -0.000     0.0320      0.356     97.292  75.962350    -0.0365      8.559   -69.0826 1.3271e-01     2.3491      3.268      4.740    14.0277 0.0000e+00
      3.332     -0.001     0.0342      0.350     97.222  75.912635    -0.0150      8.559   -69.3982 1.3436e-01     2.5312      3.268      4.740    14.0292 0.0000e+00
      3.332     -0.001     0.0329      0.360     97.164  75.874582     0.0082      8.558   -69.7448 1.5272e-01     2.6662      3.268      4.740    14.0311 0.0000e+00
      3.332     -0.001     0.0351      0.404     97.159  75.883721     0.0193      8.558   -70.0894 1.8712e-01     3.8441      3.269      4.741    14.0327 0.0000e+00
      3.331     -0.001     0.0386      0.458     97.154  75.895997     0.0194      8.558   -70.3810 2.1421e-01     6.2176      3.266      4.736    14.0348 0.0000e+00
      3.330     -0.001     0.0343      0.488     97.135  75.895873    -0.0074      8.558   -70.6894 2.1609e-01     7.5555      3.265      4.737    14.0373 0.0000e+00
      3.330     -0.000     0.0359      0.490     97.103  75.882237    -0.0224      8.558   -71.0656 1.9555e-01     7.6542      3.266      4.736    14.0397 0.0000e+00
      3.331      0.000     0.0406      0.473     97.060  75.858294     0.0047      8.558   -71.4878 1.7598e-01     7.2738      3.265      4.737    14.0470 0.0000e+00
      3.332      0.000     0.0491      0.453     97.052  75.860702     0.0372      8.557   -71.9226 1.6790e-01     6.5433      3.267      4.739    14.0569 0.0000e+00
      3.332     -0.002     0.0506      0.425     97.107  75.911363     0.0461      8.557   -72.3646 1.6783e-01     6.1315      3.268      4.739    14.0647 0.0000e+00
      3.332     -0.007     0.0514      0.364     97.165  75.962224     0.0376      8.558   -72.8737 1.7533e-01     5.9499      3.267      4.739    14.0702 0.0000e+00
      3.331     -0.017     0.0487      0.267     97.166  75.967047     0.0172      8.559   -73.6044 1.8941e-01     5.2019      3.267      4.737    14.0748 0.0000e+00
      3.330     -0.028     0.0462      0.181     97.170  75.969682    -0.0084      8.561   -74.4886 2.5330e-01     4.0560      3.267      4.739    14.0793 0.0000e+00
      3.323     -0.038     0.0456      0.180     97.209  75.994091    -0.0227      8.563   -75.3046 4.2195e-01     3.5381      3.264      4.734    14.0833 0.0000e+00
      3.308     -0.045     0.0384      0.246     97.240  76.007848    -0.0066      8.564   -75.8995 7.0839e-01     3.5857      3.246      4.708    14.0866 0.0000e+00
      3.288     -0.048     0.0286      0.322     97.260  76.008851     0.0119      8.565   -76.2605 1.1797e+00     3.2308      3.224      4.676    14.0890 0.0000e+00
      3.271     -0.048     0.0134      0.400     97.279  76.006199     0.0015      8.565   -76.4855 1.7680e+00     2.4588      3.206      4.649    14.0888 0.0000e+00
      3.259     -0.047     0.0162      0.480     97.261  75.975759    -0.0078      8.566   -76.6410 2.1903e+00     2.2102      3.193      4.632    14.0856 0.0000e+00
      3.252     -0.050     0.0255      0.535     97.175  75.895104    -0.0085      8.567   -76.9367 2.3778e+00     4.0167      3.190      4.626    14.0801 0.0000e+00
      3.247     -0.067     0.0332      0.569     97.055  75.793922     0.0589      8.566   -77.3067 2.5202e+00    23.8562      3.186      4.621    14.0724 0.0000e+00
      3.237     -0.110     0.0406      0.623     96.530  75.388146     0.2084      8.565   -77.3302 2.7090e+00    60.2235      3.177      4.606    14.0626 0.0000e+00
      3.222     -0.177     0.0498      0.644     95.589  74.676243     0.3169      8.567   -77.0478 2.8900e+00    80.1720      3.163      4.587    14.0537 0.0000e+00
      3.189     -0.255     0.0581      0.633     95.060  74.306749     0.3727      8.570   -76.8188 3.8430e+00    83.0169      3.143      4.558    14.0467 0.0000e+00
      3.116     -0.329     0.0547      0.636     94.870  74.226582     0.6171      8.572   -76.7976 7.7113e+00    94.8595      3.076      4.462    14.0412 0.0000e+00
      2.995     -0.379     0.0670      0.620     94.082  73.707034     1.0575      8.576   -77.2214 1.6154e+01   116.3388      2.944      4.270    14.0422 0.0000e+00
      2.853     -0.392     0.0687      0.594     92.325  72.474925     1.3283      8.581   -77.9855 2.7972e+01   127.8919      2.793      4.050    14.0544 0.0000e+00
      2.720     -0.364     0.0618      0.551     89.334  70.326699     1.6778      8.585   -78.4648 3.9750e+01   127.1167      2.661      3.858    14.0753 0.0000e+00
      2.611     -0.299     0.0685      0.472     84.786  66.992287     5.3988      8.590   -78.7147 4.7680e+01   106.4878      2.546      3.692    14.1128 0.0000e+00
      2.545     -0.217     0.0629      0.407     79.897  63.427102    12.2276      8.598   -79.0277 5.0620e+01    68.2928      2.477      3.591    14.1596 0.0000e+00
      2.525     -0.150     0.0608      0.374     76.203  60.835915    15.9441      8.606   -79.1531 5.1649e+01    47.3773      2.471      3.584    14.2333 0.0000e+00
      2.526     -0.129     0.0596      0.335     73.753  59.234631    16.2688      8.612   -79.1116 5.2388e+01    45.4392      2.477      3.594    14.3531 0.0000e+00
      2.531     -0.164     0.0462      0.295     72.393  58.487419    16.2868      8.618   -79.2141 5.2225e+01    44.7916      2.482      3.600    14.4959 0.0000e+00
      2.524     -0.242     0.0398      0.324     70.282  57.074426    16.4612      8.628   -79.5324 5.5314e+01    40.2315      2.493      3.615    14.6823 0.0000e+00
      2.468     -0.333     0.0381      0.448     65.433  53.392303    16.8123      8.647   -80.2059 6.7545e+01    32.0804      2.451      3.556    14.9170 0.0000e+00
      2.342     -0.398     0.0353      0.695     60.259  49.469314    16.9948      8.676   -80.7334 8.7181e+01    27.6730      2.313      3.355    15.1571 0.0000e+00
      2.168     -0.411     0.0259      1.140     57.418  47.490148    16.9207      8.709   -80.3177 1.1239e+02    27.2155      2.124      3.081    15.4044 0.0000e+00
      1.996     -0.369     0.0288      1.798     55.342  46.098257    16.1568      8.734   -78.1046 1.3765e+02    27.0272      1.939      2.814    15.6198 0.0000e+00
      1.876     -0.283     0.0417      2.633     51.729  43.368942    14.8250      8.748   -73.4196 1.4874e+02    27.0020      1.805      2.619    15.7856 0.0000e+00
      1.836     -0.177     0.0602      3.580     47.954  40.515932    14.1269      8.750   -67.4662 1.4234e+02    27.1150      1.777      2.576    16.0276 0.0000e+00
      1.860     -0.087     0.1050      4.657     46.361  39.530909    13.9669      8.750   -61.6183 1.3147e+02    26.8912      1.822      2.643    16.3665 0.0000e+00
      1.896     -0.049     0.1679      6.010     46.931  40.345006    12.5822      8.755   -56.4013 1.2675e+02    23.2369      1.869      2.710    16.6718 0.0000e+00
      1.914     -0.082     0.2522      7.802     48.138  41.601365    10.0276      8.765   -51.8817 1.2567e+02    16.4759      1.884      2.730    16.9091 0.0000e+00
      1.909     -0.170     0.3413     10.189     48.498  42.028509     8.6562      8.775   -47.6680 1.2985e+02    12.8819      1.883      2.731    17.2227 0.0000e+00
      1.867     -0.271     0.4351     13.364     47.870  41.574775     8.6272      8.780   -43.5690 1.4551e+02    12.9170      1.854      2.691    17.6468 0.0000e+00
      1.764     -0.343     0.5532     17.321     46.818  40.812093     9.3353      8.779   -39.3181 1.7686e+02    15.2946      1.751      2.539    18.0216 0.0000e+00
      1.611     -0.365     0.7172     21.737     46.019  40.359779    10.6186      8.773   -34.9033 2.2323e+02    19.4606      1.582      2.295    18.2466 0.0000e+00
      1.452     -0.337     0.9308     26.255     45.692  40.358442    11.2836      8.766   -30.8863 2.5907e+02    21.5783      1.405      2.038    18.3366 0.0000e+00
      1.342     -0.269     1.2246     30.505     45.185  40.161667    11.2666      8.759   -27.4874 2.6013e+02    21.5993      1.287      1.865    18.3936 0.0000e+00
      1.304     -0.181     1.6088     34.263     44.380  39.694417    10.5711      8.753   -24.3514 2.4822e+02    20.0224      1.263      1.831    18.5409 0.0000e+00
      1.314     -0.104     2.0187     37.718     43.813  39.532472     9.2503      8.748   -21.1044 2.4502e+02    16.9275      1.288      1.868    18.8258 0.0000e+00
      1.334     -0.073     2.4347     41.173     43.581  39.727198     8.5054      8.741   -17.6529 2.4033e+02    15.1279      1.311      1.902    19.1854 0.0000e+00
      1.346     -0.105     2.8245     44.736     43.514  39.955158     8.3981      8.734   -14.3687 2.3933e+02    14.8306      1.324      1.920    19.4545 0.0000e+00
      1.339     -0.188     3.1465     48.433     43.463  40.004468     8.2943      8.729   -11.5952 2.5504e+02    14.6997      1.326      1.923    19.6596 0.0000e+00
      1.291     -0.285     3.4208     52.273     43.348  39.879292     7.5660      8.726    -9.5005 2.8101e+02    14.3648      1.289      1.870    20.0674 0.0000e+00
      1.186     -0.356     3.6936     56.237     43.123  39.647424     6.2505      8.723    -7.5397 3.2466e+02    13.8555      1.178      1.709    20.6375 0.0000e+00
      1.037     -0.377     3.9820     59.981     42.694  39.295171     5.5316      8.718    -4.8379 3.9823e+02    13.5628      1.022      1.482    21.0023 0.0000e+00
      0.879     -0.347     4.3087     62.835     42.134  38.920258     5.4155      8.714    -1.9565 4.5965e+02    13.4213      0.850      1.235    21.0616 0.0000e+00
      0.757     -0.276     4.6542     64.470     41.674  38.731813     4.9210      8.712     0.2833 4.8802e+02    13.1358      0.711      1.031    20.9902 0.0000e+00
      0.708     -0.181     5.0200     65.081     41.377  38.730440     4.0645      8.710     1.9378 5.1252e+02    12.7068      0.670      0.972    20.9337 0.0000e+00
