Data/DataNotYetUploadedToEDI/Raw_CTD/RawDownloads/070725_fcr30_S7809009.cnv
* Sea-Bird SBE19plus  Data File:
* FileName = C:\R\Reservoirs\Data\DataNotYetUploadedToEDI\Raw_CTD\RawDownloads\070325_fcr50_S7809_0009.hex
* Software version 2.8.0.119
* Temperature SN = 7809
* Conductivity SN = 7809
* System UpLoad Time = Jul 07 2025 16:24:15
* <ApplicationData>
* <Seaterm232>
# nquan = 15
# nvalues = 3239                        
# units = specified
# name 0 = depFM: Depth [fresh water, m]
# name 1 = dz/dtM: Descent Rate [m/s]
# name 2 = sbeox0Mg/L: Oxygen, SBE 43 [mg/l]
# name 3 = sbeox0PS: Oxygen, SBE 43 [% saturation]
# name 4 = specc: Specific Conductance [uS/cm]
# name 5 = c0uS/cm: Conductivity [uS/cm]
# name 6 = flECO-AFL: Fluorescence, WET Labs ECO-AFL/FL [mg/m^3]
# name 7 = ph: pH
# name 8 = orp: Oxidation Reduction Potential [mV]
# name 9 = par/sat/log: PAR/Logarithmic, Satlantic
# name 10 = turbWETntu0: Turbidity, WET Labs ECO [NTU]
# name 11 = prdM: Pressure, Strain Gauge [db]
# name 12 = prdE: Pressure, Strain Gauge [psi]
# name 13 = tv290C: Temperature [ITS-90, deg C]
# name 14 = flag:  0.000e+00
# span 0 =     -0.636,      5.300       
# span 1 =     -0.509,      0.194       
# span 2 =     0.0199,     9.0117       
# span 3 =      0.202,    113.275       
# span 4 =      0.926,     67.967       
# span 5 =   0.901414,  53.573734       
# span 6 =    -0.2265,    33.2008       
# span 7 =      7.725,      9.511       
# span 8 =    58.2566,   497.3247       
# span 9 = 1.2349e-01, 2.6667e+03       
# span 10 =    -3.0403,   231.3334      
# span 11 =     -0.624,      5.201      
# span 12 =     -0.905,      7.543      
# span 13 =    11.1431,    27.9199      
# span 14 = 0.0000e+00, 0.0000e+00      
# interval = seconds: 0.25
# start_time = Jul 07 2025 13:00:01 [Instrument's time stamp, header]
# bad_flag = -9.990e-29
*END*
[from data line 386]
      0.692      0.013     7.9783     99.621     34.985  36.030958     2.2423      9.411   128.7964 1.9434e+02     5.7682      0.679      0.986    26.4937 0.0000e+00
      0.695      0.009     7.9810     99.771     34.979  36.024566     2.2211      9.408   128.8343 1.9270e+02     5.6637      0.683      0.991    26.4913 0.0000e+00
      0.696      0.005     7.9861     99.821     34.984  36.029276     2.2210      9.406   128.9499 1.9162e+02     5.6363      0.684      0.992    26.4895 0.0000e+00
      0.696      0.003     7.9908     99.841     34.980  36.024457     2.2414      9.404   129.2474 1.9006e+02     5.7443      0.682      0.990    26.4886 0.0000e+00
      0.695      0.002     8.0125     99.866     34.985  36.029742     2.2591      9.403   129.4204 1.9371e+02     5.8423      0.682      0.989    26.4875 0.0000e+00
      0.695      0.005     8.0274     99.903     34.986  36.029732     2.2445      9.402   129.4069 2.0263e+02     5.7623      0.681      0.988    26.4867 0.0000e+00
      0.695      0.010     8.0263     99.958     34.981  36.024332     2.2228      9.401   129.5135 2.1013e+02     5.6994      0.681      0.988    26.4867 0.0000e+00
      0.697      0.015     8.0283     99.973     34.986  36.027902     2.2206      9.399   129.6779 2.2060e+02     5.8669      0.683      0.990    26.4867 0.0000e+00
      0.702      0.019     8.0306     99.943     34.969  36.009453     2.2262      9.397   129.6741 2.3503e+02     6.1485      0.687      0.995    26.4866 0.0000e+00
      0.710      0.022     8.0315     99.969     34.953  35.991613     2.2159      9.396   129.6399 2.4758e+02     6.2007      0.697      1.011    26.4866 0.0000e+00
      0.720      0.022     8.0396    100.098     34.965  36.002533     2.1880      9.396   129.6939 2.6069e+02     6.0532      0.709      1.027    26.4854 0.0000e+00
      0.726      0.021     8.0421    100.240     34.978  36.014589     2.1885      9.395   129.8961 2.7489e+02     5.9710      0.713      1.034    26.4831 0.0000e+00
      0.729      0.019     8.0350    100.319     34.976  36.010485     2.2215      9.394   130.1923 2.9448e+02     5.9934      0.714      1.036    26.4814 0.0000e+00
      0.733      0.015     8.0355    100.380     34.985  36.016358     2.2378      9.392   130.3498 3.1577e+02     6.0160      0.718      1.040    26.4799 0.0000e+00
      0.737      0.013     8.0498    100.471     34.992  36.022140     2.2188      9.391   130.5099 3.3263e+02     5.9360      0.724      1.049    26.4785 0.0000e+00
      0.740      0.012     8.0655    100.567     34.988  36.016949     2.1752      9.390   130.7516 3.4518e+02     5.9147      0.726      1.054    26.4763 0.0000e+00
      0.742      0.012     8.0689    100.678     34.989  36.017035     2.1516      9.388   130.8629 3.5698e+02     6.0662      0.727      1.056    26.4722 0.0000e+00
      0.745      0.012     8.0728    100.857     34.995  36.023179     2.1669      9.386   130.9089 3.7113e+02     6.1962      0.730      1.059    26.4680 0.0000e+00
      0.748      0.012     8.0823    101.074     35.001  36.027790     2.1771      9.386   130.9644 3.7652e+02     6.2223      0.733      1.064    26.4653 0.0000e+00
      0.750      0.012     8.0908    101.261     34.985  36.009333     2.1744      9.386   131.0177 3.7428e+02     6.1087      0.735      1.067    26.4638 0.0000e+00
      0.754      0.011     8.0959    101.346     34.968  35.990366     2.1754      9.386   131.2086 3.7591e+02     5.9509      0.738      1.071    26.4631 0.0000e+00
      0.759      0.010     8.1125    101.292     34.966  35.988797     2.1894      9.385   131.4656 3.8526e+02     5.9529      0.745      1.080    26.4629 0.0000e+00
      0.762      0.009     8.1326    101.221     34.964  35.990365     2.2113      9.384   131.6301 3.9769e+02     5.9617      0.748      1.086    26.4605 0.0000e+00
      0.763      0.009     8.1486    101.201     34.979  36.009331     2.2073      9.383   131.7352 4.0558e+02     5.8530      0.748      1.085    26.4570 0.0000e+00
      0.763      0.009     8.1609    101.141     34.994  36.027778     2.1822      9.382   131.7898 4.0358e+02     5.7659      0.748      1.085    26.4548 0.0000e+00
      0.764      0.009     8.1489    101.000     34.988  36.023059     2.1662      9.382   131.8600 4.0752e+02     5.7966      0.748      1.086    26.4558 0.0000e+00
      0.767      0.010     8.1397    100.850     34.982  36.015723     2.1801      9.382   132.0685 4.1935e+02     5.9176      0.752      1.091    26.4606 0.0000e+00
      0.771      0.011     8.1430    100.790     34.970  36.002533     2.2163      9.381   132.3317 4.2373e+02     5.9981      0.757      1.099    26.4660 0.0000e+00
      0.775      0.011     8.1380    100.823     34.960  35.990469     2.2128      9.379   132.4610 4.2366e+02     5.9156      0.760      1.103    26.4713 0.0000e+00
      0.779      0.010     8.1242    100.855     34.967  35.996757     2.1722      9.379   132.5127 4.3798e+02     5.7736      0.763      1.107    26.4739 0.0000e+00
      0.781      0.009     8.1081    100.833     34.986  36.015110     2.1580      9.378   132.6128 4.5507e+02     5.7852      0.766      1.111    26.4725 0.0000e+00
      0.782      0.008     8.1035    100.824     34.994  36.022027     2.1823      9.377   132.7257 4.5138e+02     5.9187      0.767      1.113    26.4703 0.0000e+00
      0.783      0.008     8.1104    100.875     34.990  36.016939     2.2170      9.376   132.8444 4.4918e+02     5.9193      0.768      1.114    26.4680 0.0000e+00
      0.784      0.007     8.1157    100.946     34.991  36.017035     2.2273      9.375   132.9301 4.4849e+02     5.7588      0.769      1.116    26.4666 0.0000e+00
      0.787      0.007     8.1108    101.027     34.996  36.023189     2.2242      9.375   132.9870 4.5116e+02     5.6858      0.772      1.120    26.4651 0.0000e+00
      0.790      0.007     8.1078    101.138     35.001  36.027904     2.2287      9.375   133.0158 4.5627e+02     5.7883      0.775      1.124    26.4627 0.0000e+00
      0.792      0.007     8.1157    101.243     34.983  36.010590     2.2322      9.375   133.0209 4.5131e+02     5.9393      0.777      1.126    26.4606 0.0000e+00
      0.793      0.006     8.1212    101.282     34.976  36.004198     2.2158      9.374   133.2208 4.4883e+02     5.9403      0.778      1.128    26.4590 0.0000e+00
      0.795      0.004     8.1263    101.277     34.984  36.014060     2.1810      9.374   133.4536 4.5310e+02     5.8003      0.780      1.131    26.4594 0.0000e+00
      0.797      0.003     8.1363    101.295     34.973  36.002939     2.1770      9.373   133.5125 4.6100e+02     5.7835      0.781      1.133    26.4606 0.0000e+00
      0.797      0.003     8.1476    101.314     34.968  35.996632     2.2098      9.372   133.5887 4.7474e+02     5.9074      0.781      1.133    26.4612 0.0000e+00
      0.797      0.003     8.1499    101.322     34.974  36.001256     2.2278      9.371   133.6868 4.8522e+02     5.9663      0.781      1.133    26.4629 0.0000e+00
      0.797      0.004     8.1446    101.334     34.970  35.995389     2.2108      9.370   133.7529 4.8924e+02     5.8812      0.781      1.132    26.4651 0.0000e+00
      0.797      0.006     8.1490    101.313     34.966  35.989140     2.1796      9.370   133.8712 4.9722e+02     5.7324      0.782      1.133    26.4655 0.0000e+00
      0.799      0.008     8.1511    101.244     34.971  35.989140     2.1667      9.370   134.0850 4.9867e+02     5.6699      0.783      1.135    26.4650 0.0000e+00
      0.802      0.009     8.1493    101.166     34.982  35.995390     2.1879      9.370   134.2725 4.9809e+02     5.7749      0.786      1.140    26.4639 0.0000e+00
      0.805      0.009     8.1539    101.132     34.992  36.001260     2.2202      9.370   134.4175 5.0223e+02     5.9426      0.791      1.145    26.4613 0.0000e+00
      0.809      0.008     8.1527    101.160     34.991  35.996646     2.2155      9.370   134.6335 5.1181e+02     5.9562      0.794      1.151    26.4567 0.0000e+00
      0.812      0.007     8.1471    101.183     35.001  36.003047     2.1895      9.369   134.8193 5.2466e+02     5.8363      0.796      1.154    26.4498 0.0000e+00
      0.812      0.005     8.1399    101.095     35.016  36.015208     2.2134      9.368   134.9431 5.2739e+02     5.8250      0.797      1.155    26.4422 0.0000e+00
      0.812      0.005     8.1377    101.005     35.018  36.016778     2.2718      9.367   135.0980 5.3393e+02     5.8878      0.797      1.156    26.4355 0.0000e+00
      0.812      0.005     8.1415    101.071     35.022  36.022026     2.2956      9.366   135.1432 5.4820e+02     5.9127      0.796      1.155    26.4294 0.0000e+00
      0.813      0.005     8.1510    101.167     35.013  36.015217     2.2766      9.367   135.1462 5.5318e+02     5.9211      0.797      1.156    26.4249 0.0000e+00
      0.816      0.006     8.1408    101.212     34.993  35.997905     2.2592      9.367   135.3062 5.5489e+02     5.9206      0.800      1.160    26.4200 0.0000e+00
      0.818      0.006     8.1223    101.262     34.995  36.003059     2.2759      9.367   135.4429 5.6186e+02     5.9751      0.802      1.163    26.4169 0.0000e+00
      0.820      0.006     8.1388    101.343     35.004  36.014083     2.2876      9.367   135.5083 5.6588e+02     5.9318      0.804      1.166    26.4206 0.0000e+00
      0.822      0.006     8.1460    101.444     34.991  36.004305     2.2667      9.368   135.6660 5.6298e+02     5.7720      0.806      1.169    26.4268 0.0000e+00
      0.822      0.005     8.1457    101.524     34.996  36.011736     2.2482      9.368   135.8872 5.5987e+02     5.7173      0.807      1.170    26.4311 0.0000e+00
      0.823      0.004     8.1499    101.548     35.024  36.040481     2.2552      9.368   136.0322 5.6485e+02     5.7833      0.807      1.170    26.4341 0.0000e+00
      0.824      0.004     8.1550    101.518     35.019  36.034613     2.2690      9.367   136.1287 5.7021e+02     5.9205      0.808      1.172    26.4372 0.0000e+00
      0.825      0.004     8.1652    101.473     34.990  36.004242     2.2640      9.367   136.1936 5.6598e+02     5.9409      0.809      1.174    26.4414 0.0000e+00
      0.826      0.004     8.1712    101.437     34.978  35.990512     2.2455      9.368   136.2141 5.6284e+02     5.7910      0.810      1.175    26.4454 0.0000e+00
      0.827      0.005     8.1738    101.413     34.984  35.995505     2.2286      9.369   136.3768 5.5962e+02     5.7133      0.811      1.176    26.4460 0.0000e+00
      0.828      0.005     8.1695    101.403     34.991  36.001157     2.2342      9.369   136.6128 5.5577e+02     5.7880      0.812      1.177    26.4440 0.0000e+00
      0.830      0.004     8.1658    101.396     34.986  35.995389     2.2633      9.369   136.7441 5.5174e+02     5.9081      0.814      1.179    26.4421 0.0000e+00
      0.831      0.004     8.1632    101.393     34.978  35.989213     2.2727      9.369   136.8454 5.4586e+02     5.9013      0.815      1.181    26.4417 0.0000e+00
      0.832      0.003     8.1607    101.395     34.975  35.989940     2.2646      9.369   136.8914 5.4991e+02     5.7742      0.816      1.183    26.4408 0.0000e+00
      0.833      0.003     8.1616    101.383     34.985  36.004189     2.2896      9.369   136.9563 5.5102e+02     5.7727      0.817      1.185    26.4370 0.0000e+00
      0.833      0.002     8.1610    101.369     35.013  36.034598     2.3343      9.368   137.1134 5.5226e+02     5.9169      0.817      1.185    26.4355 0.0000e+00
      0.833      0.002     8.1597    101.355     35.022  36.040368     2.3557      9.368   137.2422 5.5377e+02     6.0141      0.817      1.185    26.4378 0.0000e+00
      0.833      0.001     8.1607    101.270     34.997  36.010493     2.3404      9.368   137.3947 5.4962e+02     6.0256      0.817      1.185    26.4427 0.0000e+00
      0.834      0.000     8.1579    101.130     34.981  35.990628     2.3074      9.369   137.5812 5.4826e+02     6.0570      0.818      1.187    26.4518 0.0000e+00
      0.834     -0.001     8.1541    101.048     34.985  35.990524     2.3054      9.369   137.6907 5.4641e+02     6.1545      0.819      1.187    26.4562 0.0000e+00
      0.834     -0.002     8.1585    101.052     35.005  36.009237     2.3335      9.369   137.7716 5.5318e+02     6.2479      0.818      1.187    26.4492 0.0000e+00
      0.833     -0.002     8.1532    101.130     35.024  36.026526     2.3224      9.368   137.8717 5.5783e+02     6.2630      0.818      1.186    26.4406 0.0000e+00
      0.832     -0.002     8.1359    101.226     35.008  36.009221     2.2548      9.369   137.9537 5.5367e+02     6.1668      0.816      1.183    26.4356 0.0000e+00
      0.830     -0.002     8.1321    101.294     34.989  35.990349     2.1901      9.369   138.0754 5.5273e+02     6.0753      0.814      1.181    26.4312 0.0000e+00
      0.830     -0.001     8.1318    101.374     34.988  35.988695     2.1806      9.369   138.1387 5.5197e+02     6.1135      0.814      1.181    26.4275 0.0000e+00
      0.830      0.001     8.1399    101.425     34.991  35.989215     2.2152      9.369   138.1163 5.4727e+02     6.1161      0.814      1.181    26.4253 0.0000e+00
      0.831      0.002     8.1519    101.393     35.001  35.996638     2.2503      9.369   138.2350 5.4283e+02     6.0037      0.815      1.182    26.4239 0.0000e+00
      0.832      0.003     8.1522    101.338     35.024  36.014991     2.2646      9.369   138.4550 5.3948e+02     5.9503      0.816      1.183    26.4243 0.0000e+00
      0.834      0.004     8.1614    101.288     35.034  36.020760     2.2550      9.370   138.6259 5.4022e+02     6.0513      0.818      1.186    26.4243 0.0000e+00
      0.835      0.004     8.1697    101.220     35.021  36.002937     2.2832      9.371   138.7526 5.4180e+02     6.2001      0.819      1.188    26.4209 0.0000e+00
      0.835      0.005     8.1633    101.158     35.011  35.989832     2.3475      9.372   138.8681 5.4460e+02     6.2126      0.819      1.188    26.4156 0.0000e+00
      0.836      0.006     8.1595    101.148     35.012  35.989208     2.3661      9.372   138.9036 5.4414e+02     6.1001      0.819      1.188    26.4090 0.0000e+00
      0.837      0.006     8.1587    101.188     35.018  35.995391     2.3583      9.371   138.9237 5.4159e+02     6.0014      0.821      1.191    26.4012 0.0000e+00
      0.840      0.006     8.1525    101.234     35.024  36.001140     2.3708      9.371   139.0249 5.4054e+02     5.9755      0.823      1.194    26.3952 0.0000e+00
      0.842      0.005     8.1465    101.250     35.022  35.995273     2.3913      9.371   139.0944 5.3489e+02     5.9580      0.826      1.198    26.3912 0.0000e+00
      0.844      0.005     8.1458    101.214     35.018  35.987888     2.3822      9.371   139.1620 5.3152e+02     5.8579      0.828      1.201    26.3894 0.0000e+00
      0.845      0.004     8.1512    101.160     35.008  35.975303     2.3611      9.371   139.2407 5.2355e+02     5.7554      0.829      1.202    26.3907 0.0000e+00
      0.845      0.004     8.1552    101.134     35.005  35.969999     2.3609      9.371   139.3576 5.1847e+02     5.7439      0.829      1.202    26.3899 0.0000e+00
      0.845      0.004     8.1590    101.105     35.023  35.987195     2.3713      9.372   139.5428 5.2307e+02     5.8209      0.828      1.200    26.3835 0.0000e+00
      0.845      0.005     8.1559    101.063     35.030  35.992868     2.3859      9.372   139.6729 5.2852e+02     5.9693      0.828      1.201    26.3774 0.0000e+00
      0.846      0.007     8.1484    101.012     35.013  35.975138     2.3801      9.372   139.8126 5.3624e+02     6.0005      0.830      1.203    26.3745 0.0000e+00
      0.849      0.009     8.1503    100.967     35.003  35.963176     2.3515      9.372   139.9410 5.4420e+02     5.8569      0.832      1.207    26.3718 0.0000e+00
