Data/DataNotYetUploadedToEDI/Raw_CTD/RawDownloads/070721_fcr50.cnv
* Sea-Bird SBE19plus  Data File:
* FileName = C:\R\Reservoirs\Data\DataNotYetUploadedToEDI\Raw_CTD\RawDownloads\070721_fcr50_0001.hex
* Software version 2.8.0.119
* Temperature SN = 7809
* Conductivity SN = 7809
* System UpLoad Time = Jul 09 2021 15:30:55
* <ApplicationData>
* <Seaterm232>
# nquan = 16
# nvalues = 1470                        
# units = specified
# name 0 = depFM: Depth [fresh water, m]
# name 1 = dz/dtM: Descent Rate [m/s]
# name 2 = orp: Oxidation Reduction Potential [mV]
# name 3 = sbeox0Mg/L: Oxygen, SBE 43 [mg/l]
# name 4 = sbeox0PS: Oxygen, SBE 43 [% saturation]
# name 5 = par/sat/log: PAR/Logarithmic, Satlantic
# name 6 = ph: pH
# name 7 = specc: Specific Conductance [uS/cm]
# name 8 = c0uS/cm: Conductivity [uS/cm]
# name 9 = flECO-AFL: Fluorescence, WET Labs ECO-AFL/FL [mg/m^3]
# name 10 = turbWETntu0: Turbidity, WET Labs ECO [NTU]
# name 11 = tv290C: Temperature [ITS-90, deg C]
# name 12 = density00: Density [density, kg/m^3]
# name 13 = prdE: Pressure, Strain Gauge [psi]
# name 14 = prdM: Pressure, Strain Gauge [db]
# name 15 = flag:  0.000e+00
# span 0 =     -0.638,      9.621       
# span 1 =     -0.350,      0.195       
# span 2 = -1240.7455,   291.6175       
# span 3 =     0.6225,     8.5250       
# span 4 =      5.571,    107.328       
# span 5 = 1.2335e-01, 2.2053e+03       
# span 6 =     -1.888,     15.855       
# span 7 =      0.871,    236.435       
# span 8 =   1.000672, 164.037396       
# span 9 =    -3.3805,    46.7151       
# span 10 =    -7.1849,   232.4893      
# span 11 =     9.5314,    32.4609      
# span 12 =   994.8877,   999.8636      
# span 13 =     -0.908,     13.685      
# span 14 =     -0.626,      9.435      
# span 15 = 0.0000e+00, 0.0000e+00      
# interval = seconds: 0.25
# start_time = Jul 07 2021 01:06:56 [Instrument's time stamp, header]
# bad_flag = -9.990e-29
*END*
[from data line 1085]
      7.381      0.026   108.2564     0.6851      6.125 6.7163e-01     15.838     57.194  39.810372    -0.1898     1.8761     9.8050   999.7754     10.496      7.237 0.0000e+00
      7.391      0.018   108.2793     0.6785      6.125 6.7312e-01     15.838     57.206  39.817402    -0.2125     1.8417     9.8024   999.7757     10.519      7.252 0.0000e+00
      7.394      0.013   108.0493     0.6922      6.093 6.8024e-01     15.837     57.169  39.792748    -0.2313     1.8287     9.8015   999.7759     10.520      7.253 0.0000e+00
      7.394      0.010   107.4543     0.6989      6.048 6.8703e-01     15.836     57.034  39.702702    -0.2264     1.8556     9.8021   999.7758     10.514      7.249 0.0000e+00
      7.395      0.006   107.0225     0.6912      6.059 6.8340e-01     15.836     56.905  39.617279    -0.1822     1.9267     9.8006   999.7760     10.519      7.252 0.0000e+00
      7.396      0.003   106.9585     0.6979      6.114 6.7831e-01     15.837     56.851  39.585051    -0.1450     1.9677     9.7986   999.7761     10.521      7.254 0.0000e+00
      7.396      0.002   107.1095     0.6923      6.137 6.8276e-01     15.837     56.818  39.566924    -0.1584     1.9047     9.7999   999.7760     10.518      7.252 0.0000e+00
      7.397      0.003   106.8705     0.6816      6.094 6.9122e-01     15.836     56.749  39.525064    -0.1817     1.8172     9.8037   999.7756     10.520      7.254 0.0000e+00
      7.398      0.004   106.2188     0.6853      6.045 6.8668e-01     15.836     56.645  39.459757    -0.1783     1.7684     9.8077   999.7752     10.524      7.256 0.0000e+00
      7.398      0.007   105.8551     0.6940      6.031 6.7879e-01     15.836     56.566  39.412030    -0.1651     1.7270     9.8123   999.7748     10.522      7.255 0.0000e+00
      7.399      0.013   105.9145     0.7006      6.054 6.7366e-01     15.835     56.618  39.455775    -0.1564     1.6600     9.8167   999.7744     10.523      7.256 0.0000e+00
      7.400      0.023   106.0766     0.6893      6.056 6.7054e-01     15.835     56.827  39.607858    -0.1579     1.6110     9.8223   999.7739     10.525      7.257 0.0000e+00
      7.404      0.033   106.0084     0.6840      6.035 6.7236e-01     15.835     57.090  39.791007    -0.1554     1.6489     9.8289   999.7734     10.528      7.259 0.0000e+00
      7.414      0.040   105.6920     0.6808      6.058 6.6380e-01     15.835     57.254  39.892992    -0.1259     1.7411     9.8357   999.7728     10.541      7.268 0.0000e+00
      7.430      0.044   105.4349     0.6867      6.068 6.4499e-01     15.835     57.270  39.888845    -0.0966     1.8328     9.8413   999.7724     10.565      7.285 0.0000e+00
      7.449      0.045   105.3954     0.6902      6.032 6.3709e-01     15.836     57.254  39.867791    -0.0874     1.8656     9.8488   999.7719     10.598      7.308 0.0000e+00
      7.464      0.044   105.3860     0.6771      5.981 6.4102e-01     15.837     57.298  39.892314    -0.1001     1.8280     9.8523   999.7718     10.624      7.325 0.0000e+00
      7.470      0.041   105.2358     0.6893      5.971 6.4348e-01     15.837     57.363  39.931453    -0.1264     1.8240     9.8373   999.7732     10.627      7.328 0.0000e+00
      7.474      0.035   105.2136     0.6897      6.040 6.4727e-01     15.836     57.412  39.960175    -0.1390     1.8860     9.8203   999.7746     10.628      7.327 0.0000e+00
      7.483      0.030   105.2892     0.6838      6.104 6.4708e-01     15.836     57.454  39.985689    -0.1384     1.9264     9.8134   999.7752     10.641      7.337 0.0000e+00
      7.494      0.028   105.1174     0.6780      6.127 6.4417e-01     15.837     57.459  39.986042    -0.1281     1.8315     9.8088   999.7757     10.660      7.350 0.0000e+00
      7.502      0.029   104.8570     0.6704      6.147 6.4419e-01     15.837     57.432  39.964441    -0.1191     1.6645     9.8034   999.7763     10.674      7.360 0.0000e+00
      7.507      0.031   104.6362     0.6870      6.134 6.3301e-01     15.836     57.453  39.978405    -0.1062     1.6239     9.7988   999.7767     10.677      7.362 0.0000e+00
      7.512      0.031   104.6843     0.6955      6.099 6.2210e-01     15.836     57.523  40.027925    -0.0772     1.6846     9.7960   999.7769     10.681      7.364 0.0000e+00
      7.520      0.032   105.0085     0.6924      6.065 6.2446e-01     15.836     57.561  40.055407    -0.0443     1.7125     9.7924   999.7772     10.695      7.374 0.0000e+00
      7.530      0.033   105.1153     0.7004      6.049 6.2670e-01     15.836     57.561  40.056791    -0.0232     1.6519     9.7900   999.7775     10.711      7.385 0.0000e+00
      7.540      0.034   104.8571     0.6968      6.062 6.2103e-01     15.836     57.546  40.044665    -0.0322     1.5701     9.7898   999.7776     10.723      7.393 0.0000e+00
      7.550      0.034   104.4675     0.6903      6.015 6.1185e-01     15.836     57.537  40.035732    -0.0389     1.5811     9.7903   999.7776     10.739      7.403 0.0000e+00
      7.559      0.034   104.5343     0.6898      5.943 6.0678e-01     15.836     57.598  40.075728    -0.0270     1.6127     9.7922   999.7775     10.753      7.414 0.0000e+00
      7.565      0.034   105.0618     0.6805      5.967 6.0933e-01     15.836     57.703  40.147417    -0.0130     1.6784     9.7935   999.7774     10.760      7.419 0.0000e+00
      7.572      0.035   105.2540     0.6933      6.047 6.1556e-01     15.835     57.787  40.204295     0.0055     1.8259     9.7921   999.7776     10.769      7.424 0.0000e+00
      7.581      0.038   104.9655     0.6852      6.105 6.1312e-01     15.835     57.863  40.255641     0.0069     1.8856     9.7891   999.7779     10.783      7.435 0.0000e+00
      7.591      0.042   104.6703     0.6659      6.082 6.0129e-01     15.835     57.963  40.323926     0.0049     1.8853     9.7868   999.7781     10.798      7.445 0.0000e+00
      7.601      0.046   104.5236     0.6768      6.049 5.9038e-01     15.835     58.068  40.395185     0.0093     1.9250     9.7856   999.7783     10.810      7.453 0.0000e+00
      7.615      0.048   104.4831     0.6848      6.054 5.7988e-01     15.835     58.104  40.419001     0.0023     1.9192     9.7841   999.7785     10.829      7.466 0.0000e+00
      7.631      0.050   104.6108     0.6991      6.039 5.6756e-01     15.835     58.109  40.421456    -0.0132     1.8842     9.7823   999.7788     10.857      7.486 0.0000e+00
      7.645      0.053   104.7773     0.6896      6.004 5.6561e-01     15.835     58.207  40.488343    -0.0344     1.8791     9.7815   999.7790     10.876      7.500 0.0000e+00
      7.655      0.058   104.7751     0.6820      5.996 5.7413e-01     15.835     58.359  40.592981    -0.0347     1.8924     9.7805   999.7791     10.885      7.506 0.0000e+00
      7.667      0.062   104.6711     0.6903      6.047 5.7255e-01     15.835     58.474  40.671029    -0.0266     1.9070     9.7794   999.7793     10.901      7.516 0.0000e+00
      7.684      0.064   104.3794     0.6849      6.099 5.6329e-01     15.836     58.567  40.733777    -0.0313     1.8844     9.7785   999.7794     10.926      7.533 0.0000e+00
      7.704      0.064   103.9152     0.6811      6.071 5.5794e-01     15.836     58.635  40.780387    -0.0352     1.8246     9.7776   999.7797     10.956      7.553 0.0000e+00
      7.724      0.062   103.8767     0.6763      6.011 5.5784e-01     15.836     58.648  40.790248    -0.0545     1.8366     9.7764   999.7799     10.988      7.576 0.0000e+00
      7.743      0.059   104.1718     0.6857      6.018 5.5380e-01     15.835     58.648  40.789529    -0.0828     1.9271     9.7745   999.7802     11.017      7.596 0.0000e+00
      7.756      0.056   104.2137     0.6971      6.054 5.3535e-01     15.835     58.715  40.835175    -0.1011     1.9231     9.7727   999.7805     11.035      7.608 0.0000e+00
      7.764      0.056   103.9536     0.6916      6.029 5.2192e-01     15.835     58.899  40.961290    -0.1038     1.8556     9.7721   999.7806     11.044      7.614 0.0000e+00
      7.771      0.059   103.5222     0.6769      5.979 5.2080e-01     15.835     59.114  41.108335    -0.0969     1.7980     9.7731   999.7805     11.050      7.618 0.0000e+00
      7.785      0.068   103.2133     0.6805      5.959 5.1063e-01     15.836     59.273  41.216592    -0.0941     1.7078     9.7727   999.7806     11.069      7.632 0.0000e+00
      7.806      0.080   103.2308     0.6924      6.004 4.9213e-01     15.836     59.423  41.318057    -0.0887     1.6574     9.7716   999.7808     11.103      7.655 0.0000e+00
      7.830      0.092   103.3888     0.6844      6.084 4.8810e-01     15.835     59.613  41.446460    -0.0896     1.6353     9.7700   999.7811     11.135      7.678 0.0000e+00
      7.856      0.098   103.2309     0.6772      6.100 4.8904e-01     15.835     59.785  41.563025    -0.1037     1.5773     9.7678   999.7815     11.172      7.704 0.0000e+00
      7.886      0.093   102.6987     0.6738      6.071 4.8114e-01     15.836     59.820  41.584820    -0.1443     1.3692     9.7662   999.7819     11.216      7.734 0.0000e+00
      7.918      0.080   102.2019     0.6777      6.073 4.7577e-01     15.836     59.727  41.519542    -0.2002     1.0757     9.7635   999.7823     11.264      7.766 0.0000e+00
      7.944      0.064   101.8699     0.6957      6.099 4.6937e-01     15.836     59.657  41.472017    -0.2163     0.9804     9.7607   999.7828     11.310      7.797 0.0000e+00
      7.955      0.047   101.6968     0.6950      6.139 4.6568e-01     15.835     59.629  41.454543    -0.2150     0.9734     9.7575   999.7831     11.323      7.807 0.0000e+00
      7.955      0.033   101.7437     0.6854      6.174 4.6731e-01     15.835     59.600  41.435226    -0.2044     0.9557     9.7553   999.7833     11.313      7.799 0.0000e+00
      7.955      0.028   101.8346     0.6898      6.187 4.7252e-01     15.835     59.680  41.492370    -0.1547     1.0407     9.7551   999.7833     11.314      7.800 0.0000e+00
      7.957      0.033   101.6766     0.6912      6.187 4.7612e-01     15.835     59.980  41.701128    -0.0995     1.1774     9.7561   999.7832     11.320      7.805 0.0000e+00
      7.961      0.046   101.3825     0.6965      6.138 4.6588e-01     15.835     60.491  42.054943    -0.0619     1.2696     9.7584   999.7830     11.318      7.803 0.0000e+00
      7.973      0.061   101.1175     0.7033      6.068 4.4482e-01     15.835     61.000  42.405906    -0.0537     1.2638     9.7587   999.7830     11.330      7.812 0.0000e+00
      7.999      0.076   101.0545     0.7003      5.998 4.2409e-01     15.835     61.436  42.707110    -0.0672     1.2099     9.7601   999.7830     11.375      7.844 0.0000e+00
      8.029      0.087   101.2228     0.7064      5.946 4.1585e-01     15.835     61.996  43.094030    -0.0720     1.2016     9.7616   999.7831     11.426      7.878 0.0000e+00
      8.051      0.092   101.1736     0.6972      5.985 4.1845e-01     15.834     62.443  43.402139    -0.0354     1.3346     9.7588   999.7837     11.453      7.896 0.0000e+00
      8.073      0.089   100.8034     0.6869      6.050 4.2068e-01     15.834     62.605  43.512205     0.0799     1.5477     9.7561   999.7842     11.476      7.913 0.0000e+00
      8.099      0.080   100.3601     0.6842      6.084 4.1287e-01     15.835     62.824  43.663022     0.1965     1.5818     9.7548   999.7845     11.522      7.944 0.0000e+00
      8.123      0.071   100.2024     0.6666      6.100 4.0120e-01     15.836     63.155  43.892462     0.2201     1.4383     9.7534   999.7850     11.563      7.972 0.0000e+00
      8.138      0.062   100.3591     0.6800      6.080 3.9075e-01     15.836     63.312  44.000881     0.1942     1.3224     9.7508   999.7854     11.576      7.981 0.0000e+00
      8.148      0.050   100.2758     0.6897      6.085 3.8116e-01     15.836     63.161  43.894661     0.1311     1.2787     9.7484   999.7857     11.586      7.988 0.0000e+00
      8.161      0.038    99.8837     0.6887      6.145 3.7652e-01     15.836     62.863  43.687412     0.0490     1.2881     9.7479   999.7859     11.608      8.003 0.0000e+00
      8.172      0.028    99.4904     0.6972      6.172 3.7116e-01     15.835     62.632  43.526581     0.0021     1.2643     9.7480   999.7861     11.626      8.016 0.0000e+00
      8.177      0.022    99.1335     0.6881      6.145 3.6976e-01     15.834     62.464  43.410210    -0.0254     1.1632     9.7469   999.7863     11.632      8.020 0.0000e+00
      8.178      0.018    98.9249     0.6868      6.130 3.7747e-01     15.835     62.299  43.296129    -0.0360     1.1636     9.7457   999.7863     11.631      8.019 0.0000e+00
      8.179      0.016    98.8601     0.6999      6.128 3.8000e-01     15.835     62.196  43.226462    -0.0404     1.2688     9.7454   999.7862     11.634      8.021 0.0000e+00
      8.182      0.021    98.7803     0.7050      6.130 3.7735e-01     15.835     62.524  43.456640    -0.0690     1.2335     9.7457   999.7862     11.637      8.024 0.0000e+00
      8.185      0.031    98.6491     0.6945      6.110 3.8481e-01     15.835     63.831  44.365105    -0.1249     1.0459     9.7461   999.7861     11.641      8.026 0.0000e+00
      8.191      0.043    98.3921     0.6966      6.066 3.8473e-01     15.835     65.944  45.830375    -0.1723     0.9238     9.7459   999.7861     11.647      8.030 0.0000e+00
      8.203      0.055    98.1678     0.6952      6.086 3.6853e-01     15.835     67.931  47.205372    -0.1739     0.9584     9.7473   999.7859     11.662      8.040 0.0000e+00
      8.223      0.065    98.0878     0.6954      6.145 3.6196e-01     15.834     69.775  48.481981    -0.1543     1.0177     9.7504   999.7858     11.694      8.063 0.0000e+00
      8.247      0.074    97.9416     0.6987      6.193 3.6583e-01     15.834     72.459  50.344020    -0.1457     0.9889     9.7512   999.7863     11.733      8.090 0.0000e+00
      8.267      0.079    97.5185     0.6819      6.202 3.6960e-01     15.835     75.482  52.445896    -0.1370     0.9537     9.7477   999.7876     11.759      8.108 0.0000e+00
      8.286      0.079    96.9299     0.6910      6.158 3.7367e-01     15.835     77.735  54.017443    -0.0767     0.9016     9.7423   999.7889     11.782      8.125 0.0000e+00
      8.308      0.076    96.6753     0.6983      6.132 3.7332e-01     15.835     79.581  55.308935     0.0208     0.8396     9.7388   999.7896     11.817      8.148 0.0000e+00
      8.329      0.071    96.6769     0.7039      6.117 3.6865e-01     15.835     80.732  56.119482     0.0777     0.8900     9.7365   999.7909     11.850      8.170 0.0000e+00
      8.346      0.066    96.5196     0.7091      6.066 3.6087e-01     15.834     81.011  56.322166     0.0968     0.9616     9.7369   999.7924     11.870      8.184 0.0000e+00
      8.361      0.059    96.2365     0.6963      6.037 3.5126e-01     15.834     81.517  56.679685     0.0615     0.9507     9.7415   999.7927     11.891      8.198 0.0000e+00
      8.376      0.050    95.9207     0.6952      6.076 3.4865e-01     15.834     81.808  56.884778    -0.0354     0.8947     9.7471   999.7930     11.917      8.216 0.0000e+00
      8.389      0.040    95.6266     0.6979      6.121 3.4735e-01     15.835     81.366  56.578541    -0.1016     0.8343     9.7542   999.7931     11.934      8.229 0.0000e+00
      8.399      0.031    95.3478     0.6878      6.161 3.4185e-01     15.835     81.306  56.534447    -0.1003     0.8379     9.7610   999.7922     11.948      8.238 0.0000e+00
      8.406      0.023    95.0450     0.6793      6.182 3.3975e-01     15.834     81.780  56.859872    -0.0386     0.8698     9.7637   999.7924     11.959      8.245 0.0000e+00
      8.408      0.016    94.8043     0.6919      6.162 3.4996e-01     15.833     81.834  56.892243     0.0444     0.8078     9.7652   999.7926     11.961      8.247 0.0000e+00
      8.409      0.010    94.6748     0.6937      6.140 3.6410e-01     15.834     81.066  56.354116     0.0727     0.7072     9.7665   999.7920     11.959      8.245 0.0000e+00
