Data/DataNotYetUploadedToEDI/Raw_CTD/RawDownloads/070722_ccr20_SBE19plus01907809_0006.cnv
* Sea-Bird SBE19plus  Data File:
* FileName = C:\R\Reservoirs\Data\DataNotYetUploadedToEDI\Raw_CTD\RawDownloads\070722_ccr50_SBE19plus01907809_0006.hex
* Software version 2.8.0.119
* Temperature SN = 7809
* Conductivity SN = 7809
* System UpLoad Time = Jul 07 2022 15:46:22
* <ApplicationData>
* <Seaterm232>
# nquan = 15
# nvalues = 1273                        
# units = specified
# name 0 = depFM: Depth [fresh water, m]
# name 1 = dz/dtM: Descent Rate [m/s]
# name 2 = sbeox0Mg/L: Oxygen, SBE 43 [mg/l]
# name 3 = sbeox0PS: Oxygen, SBE 43 [% saturation]
# name 4 = specc: Specific Conductance [uS/cm]
# name 5 = c0uS/cm: Conductivity [uS/cm]
# name 6 = flECO-AFL: Fluorescence, WET Labs ECO-AFL/FL [mg/m^3]
# name 7 = ph: pH
# name 8 = orp: Oxidation Reduction Potential [mV]
# name 9 = par/sat/log: PAR/Logarithmic, Satlantic
# name 10 = turbWETntu0: Turbidity, WET Labs ECO [NTU]
# name 11 = prdM: Pressure, Strain Gauge [db]
# name 12 = prdE: Pressure, Strain Gauge [psi]
# name 13 = tv290C: Temperature [ITS-90, deg C]
# name 14 = flag:  0.000e+00
# span 0 =     -0.488,      9.222       
# span 1 =     -0.350,      0.233       
# span 2 =     0.3994,     7.6151       
# span 3 =      3.693,     93.707       
# span 4 =      1.801,    105.377       
# span 5 =   1.816855,  92.115027       
# span 6 =    -0.1507,     3.4817       
# span 7 =      7.387,      8.465       
# span 8 =   -62.0043,   229.9068       
# span 9 = 1.0563e+00, 8.0581e+02       
# span 10 =    -0.3937,    31.5724      
# span 11 =     -0.479,      9.044      
# span 12 =     -0.695,     13.117      
# span 13 =    11.6535,    27.8680      
# span 14 = 0.0000e+00, 0.0000e+00      
# interval = seconds: 0.25
# start_time = Jul 07 2022 08:33:07 [Instrument's time stamp, header]
# bad_flag = -9.990e-29
*END*
[from data line 868]
      7.262     -0.083     0.5329      5.196    101.644  76.789820     0.9628      7.444   219.3518 9.9128e+00     4.0096      7.121     10.329    12.6865 0.0000e+00
      7.241     -0.080     0.5319      5.283    101.629  76.827050     0.9903      7.443   219.0842 1.0133e+01     4.0646      7.102     10.301    12.7031 0.0000e+00
      7.219     -0.080     0.5350      5.369    101.542  76.772436     1.0353      7.443   218.7922 1.0362e+01     4.1091      7.079     10.268    12.7130 0.0000e+00
      7.199     -0.084     0.5414      5.481    101.394  76.701375     1.0666      7.443   218.4883 1.0526e+01     4.1374      7.057     10.236    12.7291 0.0000e+00
      7.184     -0.090     0.5495      5.612    101.218  76.666869     1.0768      7.441   218.2489 1.0675e+01     4.1670      7.045     10.218    12.7750 0.0000e+00
      7.165     -0.096     0.5599      5.716    100.990  76.609511     1.0507      7.439   217.9622 1.0939e+01     4.1261      7.031     10.198    12.8082 0.0000e+00
      7.135     -0.099     0.5665      5.794    100.774  76.579867     0.9927      7.439   217.6900 1.1289e+01     4.0181      6.998     10.151    12.7928 0.0000e+00
      7.101     -0.099     0.5787      5.896    100.671  76.626302     0.9579      7.439   217.6244 1.1609e+01     3.9542      6.963     10.098    12.8027 0.0000e+00
      7.071     -0.096     0.5946      6.057    100.663  76.662773     0.9551      7.438   217.5989 1.1905e+01     3.9337      6.935     10.057    12.8745 0.0000e+00
      7.046     -0.088     0.6048      6.291    100.651  76.639631     1.0009      7.437   217.5549 1.2148e+01     4.0777      6.908     10.019    12.9199 0.0000e+00
      7.027     -0.079     0.6093      6.580    100.625  76.600646     1.0865      7.436   217.7808 1.2295e+01     4.3983      6.889      9.991    12.9876 0.0000e+00
      7.013     -0.074     0.6176      6.878    100.594  76.572632     1.1327      7.435   218.0922 1.2425e+01     4.5653      6.878      9.974    13.0799 0.0000e+00
      7.000     -0.074     0.6340      7.153    100.542  76.555077     1.1431      7.434   218.1371 1.2580e+01     4.5936      6.865      9.956    13.0836 0.0000e+00
      6.985     -0.078     0.6590      7.381    100.519  76.579046     1.1204      7.433   218.3234 1.2804e+01     4.5356      6.852      9.938    13.0668 0.0000e+00
      6.965     -0.084     0.6926      7.544    100.484  76.608320     1.0583      7.433   218.7954 1.3154e+01     4.3082      6.834      9.911    13.0585 0.0000e+00
      6.937     -0.089     0.7241      7.645    100.368  76.591384     1.0161      7.433   218.8542 1.3529e+01     4.1325      6.803      9.867    13.0499 0.0000e+00
      6.909     -0.093     0.7544      7.718    100.223  76.564975     1.0097      7.432   218.3458 1.3852e+01     4.1186      6.774      9.826    13.0654 0.0000e+00
      6.884     -0.095     0.7785      7.792    100.020  76.543280     1.0402      7.430   217.8116 1.4163e+01     4.2779      6.751      9.792    13.0873 0.0000e+00
      6.861     -0.096     0.7952      7.882     99.655  76.519839     1.1017      7.428   217.5571 1.4462e+01     4.5549      6.727      9.757    13.1134 0.0000e+00
      6.840     -0.097     0.8037      8.028     99.211  76.472470     1.1377      7.428   217.5915 1.4739e+01     4.7012      6.708      9.729    13.1487 0.0000e+00
      6.818     -0.099     0.8088      8.291     98.891  76.415690     1.1417      7.427   217.9696 1.5031e+01     4.6800      6.689      9.701    13.1948 0.0000e+00
      6.793     -0.100     0.8166      8.713     98.731  76.405392     1.1423      7.425   218.4286 1.5413e+01     4.6056      6.664      9.666    13.2270 0.0000e+00
      6.762     -0.101     0.8210      9.282     98.644  76.411630     1.1613      7.422   218.4099 1.5834e+01     4.5198      6.632      9.619    13.3754 0.0000e+00
      6.732     -0.101     0.8311      9.986     98.588  76.427658     1.2057      7.422   218.0868 1.6156e+01     4.4279      6.599      9.571    13.5764 0.0000e+00
      6.707     -0.100     0.8540     10.782     98.549  76.472163     1.2374      7.422   217.8778 1.6406e+01     4.3825      6.577      9.539    13.6376 0.0000e+00
      6.686     -0.097     0.8992     11.574     98.542  76.505045     1.2534      7.421   218.1208 1.6684e+01     4.4153      6.558      9.512    13.6984 0.0000e+00
      6.663     -0.092     0.9571     12.346     98.580  76.507580     1.2744      7.420   218.7014 1.7003e+01     4.3797      6.534      9.476    13.7342 0.0000e+00
      6.639     -0.086     1.0296     13.079     98.639  76.502778     1.2918      7.420   218.7032 1.7358e+01     4.2259      6.510      9.442    13.7460 0.0000e+00
      6.614     -0.081     1.1180     13.681     98.711  76.510467     1.2973      7.420   218.1423 1.7692e+01     4.1266      6.486      9.407    13.8062 0.0000e+00
      6.592     -0.076     1.1971     14.069     98.824  76.536948     1.2985      7.420   217.8558 1.7923e+01     4.1019      6.462      9.372    13.8306 0.0000e+00
      6.575     -0.073     1.2778     14.208     98.929  76.568725     1.3145      7.420   218.0797 1.8099e+01     4.1314      6.446      9.349    13.8047 0.0000e+00
      6.561     -0.072     1.3593     14.119     98.903  76.576912     1.3499      7.419   218.6121 1.8297e+01     4.2792      6.435      9.333    13.7710 0.0000e+00
      6.547     -0.074     1.4252     13.873     98.783  76.572428     1.3688      7.418   218.8711 1.8519e+01     4.3857      6.422      9.315    13.7562 0.0000e+00
      6.529     -0.078     1.4678     13.537     98.692  76.578173     1.3673      7.417   218.5445 1.8798e+01     4.3605      6.406      9.290    13.7228 0.0000e+00
      6.506     -0.082     1.4830     13.185     98.597  76.582910     1.3574      7.416   218.6211 1.9133e+01     4.2819      6.382      9.255    13.6765 0.0000e+00
      6.481     -0.086     1.4703     12.930     98.435  76.566248     1.3324      7.415   219.1957 1.9489e+01     4.1874      6.355      9.218    13.6926 0.0000e+00
      6.456     -0.087     1.4394     12.845     98.255  76.567468     1.3146      7.413   219.0386 1.9824e+01     4.1397      6.331      9.182    13.7672 0.0000e+00
      6.434     -0.087     1.4031     12.948     98.034  76.597808     1.3166      7.413   218.3568 2.0101e+01     4.1490      6.309      9.149    13.7914 0.0000e+00
      6.414     -0.088     1.3592     13.249     97.680  76.615621     1.3485      7.413   218.0075 2.0385e+01     4.1635      6.290      9.123    13.8234 0.0000e+00
      6.394     -0.091     1.3290     13.725     97.225  76.656111     1.4008      7.412   217.8263 2.0701e+01     4.1779      6.272      9.096    13.8882 0.0000e+00
      6.374     -0.098     1.3188     14.360     96.733  76.706596     1.4328      7.410   217.6273 2.1026e+01     4.1868      6.252      9.067    13.9453 0.0000e+00
      6.350     -0.104     1.3245     15.131     96.205  76.718213     1.4277      7.409   217.6672 2.1418e+01     4.1683      6.229      9.034    14.0511 0.0000e+00
      6.320     -0.107     1.3540     16.026     95.700  76.733546     1.4140      7.408   217.7918 2.1893e+01     4.0913      6.199      8.990    14.1892 0.0000e+00
      6.286     -0.105     1.3955     17.063     95.360  76.765407     1.4254      7.405   217.5868 2.2382e+01     3.9727      6.164      8.940    14.4117 0.0000e+00
      6.252     -0.099     1.4536     18.251     95.183  76.786098     1.4402      7.404   217.2530 2.2826e+01     3.9305      6.129      8.889    14.6567 0.0000e+00
      6.224     -0.093     1.5264     19.569     95.013  76.793275     1.4350      7.403   217.1111 2.3115e+01     3.9215      6.099      8.846    14.8578 0.0000e+00
      6.208     -0.088     1.6063     20.949     94.884  76.788817     1.4209      7.402   217.0755 2.3245e+01     3.8645      6.085      8.827    15.1129 0.0000e+00
      6.197     -0.085     1.7041     22.252     94.956  76.795882     1.4270      7.401   217.2525 2.3460e+01     3.7874      6.081      8.820    15.2892 0.0000e+00
      6.179     -0.085     1.8224     23.345     95.056  76.815068     1.4672      7.402   217.5307 2.3853e+01     3.7409      6.063      8.794    15.3200 0.0000e+00
      6.154     -0.085     1.9529     24.193     94.971  76.830082     1.4916      7.402   217.4278 2.4313e+01     3.7469      6.036      8.754    15.4067 0.0000e+00
      6.125     -0.088     2.0909     24.801     94.795  76.850442     1.4969      7.402   217.4713 2.4780e+01     3.7238      6.006      8.710    15.5119 0.0000e+00
      6.098     -0.090     2.2315     25.194     94.622  76.870812     1.5566      7.401   217.8839 2.5137e+01     3.5973      5.976      8.666    15.4373 0.0000e+00
      6.078     -0.089     2.3440     25.466     94.465  76.885947     1.6565      7.401   218.0294 2.5397e+01     3.4475      5.959      8.643    15.3530 0.0000e+00
      6.060     -0.088     2.4240     25.696     94.240  76.906520     1.7134      7.401   217.9386 2.5721e+01     3.4152      5.945      8.624    15.4404 0.0000e+00
      6.038     -0.089     2.4808     25.984     93.835  76.929165     1.7208      7.400   217.8195 2.6098e+01     3.4118      5.921      8.588    15.5308 0.0000e+00
      6.017     -0.092     2.5092     26.484     93.359  76.969563     1.7284      7.400   217.8793 2.6501e+01     3.3378      5.901      8.558    15.6243 0.0000e+00
      5.994     -0.096     2.5313     27.324     92.882  77.014252     1.7562      7.400   217.7161 2.7000e+01     3.2731      5.881      8.529    15.6879 0.0000e+00
      5.966     -0.097     2.5479     28.564     92.423  77.025246     1.7819      7.400   217.1369 2.7563e+01     3.2440      5.850      8.484    15.7527 0.0000e+00
      5.936     -0.095     2.5572     30.236     92.143  77.039450     1.7887      7.399   216.7269 2.8090e+01     3.2255      5.820      8.441    15.9819 0.0000e+00
      5.911     -0.093     2.5889     32.267     92.053  77.059208     1.7967      7.398   216.6302 2.8531e+01     3.2200      5.795      8.405    16.2184 0.0000e+00
      5.889     -0.092     2.6573     34.422     92.047  77.073620     1.8131      7.398   216.7425 2.8886e+01     3.2108      5.773      8.374    16.4548 0.0000e+00
      5.871     -0.091     2.7617     36.440     92.013  77.086634     1.8282      7.397   217.0516 2.9261e+01     3.2178      5.758      8.351    16.7028 0.0000e+00
      5.851     -0.092     2.9177     38.172     91.888  77.089522     1.8384      7.397   217.4423 2.9739e+01     3.2360      5.740      8.325    16.8316 0.0000e+00
      5.826     -0.097     3.1224     39.531     91.806  77.108689     1.8779      7.398   217.5947 3.0281e+01     3.0886      5.714      8.286    16.8659 0.0000e+00
      5.799     -0.103     3.3417     40.465     91.839  77.127868     1.9563      7.398   217.2596 3.0841e+01     2.7691      5.687      8.248    16.8580 0.0000e+00
      5.772     -0.110     3.5415     41.076     91.861  77.130768     1.9957      7.397   217.0900 3.1409e+01     2.5493      5.661      8.210    16.8626 0.0000e+00
      5.743     -0.114     3.7040     41.487     91.784  77.143728     1.9965      7.397   217.7810 3.2000e+01     2.5144      5.633      8.169    16.9464 0.0000e+00
      5.712     -0.112     3.8344     41.715     91.676  77.157585     2.0577      7.397   218.3878 3.2633e+01     2.5857      5.602      8.124    17.0235 0.0000e+00
      5.679     -0.106     3.9221     41.834     91.656  77.171370     2.1776      7.397   218.0597 3.3265e+01     2.6606      5.569      8.077    16.9879 0.0000e+00
      5.648     -0.097     3.9773     41.958     91.659  77.183353     2.2481      7.397   217.4277 3.3812e+01     2.6336      5.538      8.032    16.9477 0.0000e+00
      5.623     -0.088     4.0155     42.124     91.599  77.175387     2.2682      7.397   217.2855 3.4235e+01     2.5667      5.512      7.994    17.0124 0.0000e+00
      5.606     -0.081     4.0257     42.319     91.613  77.202202     2.3719      7.398   217.2009 3.4548e+01     2.5009      5.496      7.971    17.1056 0.0000e+00
      5.594     -0.076     4.0325     42.525     91.675  77.253421     2.5525      7.399   217.0071 3.4831e+01     2.4187      5.486      7.958    17.0987 0.0000e+00
      5.579     -0.074     4.0460     42.738     91.655  77.286320     2.6458      7.399   217.1793 3.5208e+01     2.3585      5.474      7.939    17.0781 0.0000e+00
      5.559     -0.075     4.0571     42.939     91.619  77.345880     2.6512      7.399   217.0453 3.5699e+01     2.3202      5.452      7.908    17.1389 0.0000e+00
      5.536     -0.077     4.0776     43.124     91.580  77.465317     2.6514      7.399   216.7635 3.6200e+01     2.2971      5.428      7.873    17.1381 0.0000e+00
      5.513     -0.079     4.0986     43.311     91.445  77.650371     2.6558      7.398   216.7835 3.6661e+01     2.3861      5.407      7.842    17.1098 0.0000e+00
      5.493     -0.079     4.1168     43.574     91.037  77.804503     2.6630      7.395   216.3413 3.7039e+01     2.5428      5.386      7.811    17.1567 0.0000e+00
      5.474     -0.074     4.1326     44.084     90.432  77.868048     2.6635      7.393   215.6331 3.7376e+01     2.5853      5.368      7.786    17.1973 0.0000e+00
      5.456     -0.067     4.1441     44.954     89.941  77.911103     2.6537      7.391   215.3613 3.7821e+01     2.5589      5.351      7.761    17.2617 0.0000e+00
      5.437     -0.057     4.1494     46.241     89.615  77.944406     2.5691      7.388   215.3787 3.8276e+01     2.5992      5.332      7.733    17.4052 0.0000e+00
      5.420     -0.049     4.1399     47.960     89.463  78.016937     2.4070      7.387   215.2410 3.8572e+01     2.7314      5.314      7.707    17.7031 0.0000e+00
      5.410     -0.045     4.1519     49.895     89.469  78.152879     2.3161      7.387   214.9867 3.8681e+01     2.8245      5.302      7.689    18.0921 0.0000e+00
      5.405     -0.045     4.2132     51.778     89.449  78.253783     2.3271      7.388   214.8850 3.8680e+01     2.8025      5.299      7.686    18.3349 0.0000e+00
      5.401     -0.051     4.3143     53.506     89.387  78.347476     2.4325      7.388   214.9582 3.8789e+01     2.6366      5.300      7.687    18.5039 0.0000e+00
      5.392     -0.061     4.4744     54.971     89.251  78.459808     2.6077      7.388   215.0967 3.9111e+01     2.3910      5.291      7.673    18.6185 0.0000e+00
      5.374     -0.073     4.6636     56.057     88.995  78.532001     2.6987      7.388   215.1837 3.9657e+01     2.2923      5.272      7.647    18.6672 0.0000e+00
      5.348     -0.083     4.8308     56.828     88.750  78.585296     2.7087      7.389   215.2355 4.0371e+01     2.2972      5.246      7.609    18.7385 0.0000e+00
      5.318     -0.090     4.9905     57.425     88.540  78.596185     2.7865      7.390   215.2926 4.1015e+01     2.2444      5.214      7.561    18.7978 0.0000e+00
      5.290     -0.092     5.1198     57.928     88.433  78.600379     2.9310      7.391   215.4446 4.1502e+01     2.1660      5.185      7.520    18.9295 0.0000e+00
      5.269     -0.089     5.1954     58.363     88.520  78.699673     3.0077      7.392   215.5235 4.1904e+01     2.1350      5.166      7.492    19.1310 0.0000e+00
      5.251     -0.083     5.2449     58.712     88.545  78.780012     3.0147      7.392   215.3866 4.2301e+01     2.1431      5.151      7.470    19.2821 0.0000e+00
      5.231     -0.078     5.2859     58.957     88.405  78.745721     3.0252      7.393   215.3381 4.2769e+01     2.1956      5.131      7.442    19.3972 0.0000e+00
      5.210     -0.073     5.3239     59.132     88.378  78.730031     3.0423      7.394   215.4535 4.3224e+01     2.2916      5.107      7.407    19.4649 0.0000e+00
      5.190     -0.070     5.3684     59.259     88.620  78.908045     3.0563      7.394   215.8351 4.3588e+01     2.3471      5.088      7.380    19.4296 0.0000e+00
