Data/DataNotYetUploadedToEDI/Raw_CTD/RawDownloads/070722_ccr30_SBE19plus01907809_0007.cnv
* Sea-Bird SBE19plus  Data File:
* FileName = C:\R\Reservoirs\Data\DataNotYetUploadedToEDI\Raw_CTD\RawDownloads\070722_ccr50_SBE19plus01907809_0007.hex
* Software version 2.8.0.119
* Temperature SN = 7809
* Conductivity SN = 7809
* System UpLoad Time = Jul 07 2022 15:47:08
* <ApplicationData>
* <Seaterm232>
# nquan = 15
# nvalues = 1754                        
# units = specified
# name 0 = depFM: Depth [fresh water, m]
# name 1 = dz/dtM: Descent Rate [m/s]
# name 2 = sbeox0Mg/L: Oxygen, SBE 43 [mg/l]
# name 3 = sbeox0PS: Oxygen, SBE 43 [% saturation]
# name 4 = specc: Specific Conductance [uS/cm]
# name 5 = c0uS/cm: Conductivity [uS/cm]
# name 6 = flECO-AFL: Fluorescence, WET Labs ECO-AFL/FL [mg/m^3]
# name 7 = ph: pH
# name 8 = orp: Oxidation Reduction Potential [mV]
# name 9 = par/sat/log: PAR/Logarithmic, Satlantic
# name 10 = turbWETntu0: Turbidity, WET Labs ECO [NTU]
# name 11 = prdM: Pressure, Strain Gauge [db]
# name 12 = prdE: Pressure, Strain Gauge [psi]
# name 13 = tv290C: Temperature [ITS-90, deg C]
# name 14 = flag:  0.000e+00
# span 0 =     -0.486,     14.581       
# span 1 =     -0.292,      0.307       
# span 2 =     2.3961,     8.6233       
# span 3 =     22.862,     99.981       
# span 4 =      1.282,    102.565       
# span 5 =   1.265605,  92.494897       
# span 6 =    -0.1653,     3.7731       
# span 7 =      7.237,      8.556       
# span 8 =    81.0326,   529.6673       
# span 9 = 1.2352e-01, 1.3869e+03       
# span 10 =    -0.4005,     9.1302      
# span 11 =     -0.477,     14.300      
# span 12 =     -0.692,     20.740      
# span 13 =    10.9986,    28.1170      
# span 14 = 0.0000e+00, 0.0000e+00      
# interval = seconds: 0.25
# start_time = Jul 07 2022 08:47:21 [Instrument's time stamp, header]
# bad_flag = -9.990e-29
*END*
[from data line 1350]
      8.241     -0.113     3.1969     29.247     99.022  72.872006     1.0154      7.241   236.7180 2.4131e+01     2.0531      8.080     11.719    11.6851 0.0000e+00
      8.209     -0.114     3.1767     29.234     98.921  72.857134     1.0052      7.241   237.0058 2.4694e+01     2.0198      8.049     11.674    11.7138 0.0000e+00
      8.179     -0.112     3.1697     29.189     98.916  72.873616     1.0243      7.242   237.4930 2.5364e+01     2.0037      8.022     11.635    11.7362 0.0000e+00
      8.148     -0.107     3.1705     29.086     98.953  72.880718     1.0801      7.242   238.1350 2.6217e+01     2.0297      7.990     11.588    11.7553 0.0000e+00
      8.119     -0.100     3.1653     28.938     99.005  72.879452     1.1220      7.242   238.0562 2.7155e+01     2.0601      7.959     11.544    11.7929 0.0000e+00
      8.096     -0.095     3.1632     28.764     99.125  72.921793     1.1386      7.242   237.4015 2.8171e+01     2.0975      7.938     11.514    11.8323 0.0000e+00
      8.076     -0.095     3.1590     28.593     99.153  72.947896     1.1563      7.242   237.1883 2.9326e+01     2.1067      7.920     11.487    11.8432 0.0000e+00
      8.056     -0.095     3.1478     28.458     99.044  72.940951     1.1696      7.243   237.4572 3.0623e+01     2.0686      7.901     11.460    11.8220 0.0000e+00
      8.035     -0.095     3.1326     28.373     98.987  72.964976     1.1741      7.243   237.5543 3.2075e+01     2.0463      7.882     11.432    11.8101 0.0000e+00
      8.007     -0.090     3.1151     28.322     99.067  73.047863     1.1779      7.242   237.3304 3.3693e+01     2.0427      7.855     11.392    11.7699 0.0000e+00
      7.973     -0.082     3.0964     28.301     99.197  73.180778     1.1821      7.241   236.9865 3.5259e+01     2.0587      7.817     11.338    11.7609 0.0000e+00
      7.946     -0.073     3.0751     28.293     99.055  73.237931     1.1831      7.240   236.5801 3.6454e+01     2.0693      7.786     11.292    11.8287 0.0000e+00
      7.933     -0.067     3.0663     28.273     98.710  73.230822     1.1830      7.238   236.2020 3.7314e+01     2.0680      7.776     11.277    11.8598 0.0000e+00
      7.929     -0.067     3.0589     28.246     98.562  73.285712     1.1890      7.237   236.0290 3.8043e+01     2.0425      7.776     11.277    11.8711 0.0000e+00
      7.924     -0.072     3.0582     28.170     98.496  73.329998     1.2047      7.238   236.0373 3.8687e+01     1.9661      7.774     11.276    11.8531 0.0000e+00
      7.909     -0.082     3.0548     27.995     98.362  73.321663     1.2241      7.238   236.0434 3.9355e+01     1.8963      7.763     11.258    11.9355 0.0000e+00
      7.879     -0.092     3.0363     27.742     98.277  73.312105     1.2314      7.238   236.0175 4.0009e+01     1.8827      7.729     11.211    12.1270 0.0000e+00
      7.840     -0.100     3.0324     27.467     98.237  73.278033     1.2437      7.238   235.9820 4.0251e+01     1.9041      7.685     11.146    12.1868 0.0000e+00
      7.806     -0.100     3.0251     27.186     98.262  73.227352     1.2730      7.239   235.9580 3.9964e+01     1.9156      7.651     11.096    12.2115 0.0000e+00
      7.782     -0.092     3.0003     26.882     98.419  73.207493     1.2936      7.241   235.7280 3.9421e+01     1.8854      7.630     11.067    12.2819 0.0000e+00
      7.763     -0.081     2.9688     26.592     98.654  73.228360     1.2930      7.241   235.2653 3.8773e+01     1.8119      7.613     11.041    12.3038 0.0000e+00
      7.747     -0.072     2.9386     26.392     98.823  73.288877     1.2903      7.241   235.2682 3.8042e+01     1.8119      7.596     11.017    12.3055 0.0000e+00
      7.733     -0.070     2.9127     26.331     98.812  73.367343     1.3117      7.241   235.7626 3.7250e+01     1.8175      7.582     10.997    12.2736 0.0000e+00
      7.721     -0.075     2.8834     26.399     98.729  73.478353     1.3430      7.240   236.1666 3.6505e+01     1.7083      7.574     10.986    12.1944 0.0000e+00
      7.704     -0.084     2.8554     26.563     98.664  73.614774     1.3530      7.239   236.3679 3.5942e+01     1.6192      7.559     10.963    12.0954 0.0000e+00
      7.679     -0.093     2.8347     26.774     98.475  73.682832     1.3496      7.240   236.1321 3.5516e+01     1.5950      7.530     10.922    12.0413 0.0000e+00
      7.650     -0.102     2.8255     27.001     98.160  73.666157     1.3518      7.240   235.4665 3.5188e+01     1.5865      7.502     10.882    12.1077 0.0000e+00
      7.620     -0.108     2.8264     27.213     97.948  73.667532     1.3633      7.239   235.0301 3.4987e+01     1.5840      7.475     10.842    12.2150 0.0000e+00
      7.589     -0.110     2.8414     27.360     97.848  73.699640     1.3720      7.239   235.1580 3.4715e+01     1.5985      7.442     10.793    12.2963 0.0000e+00
      7.561     -0.109     2.8581     27.425     97.690  73.673294     1.3659      7.239   235.2927 3.4228e+01     1.6258      7.412     10.751    12.4010 0.0000e+00
      7.536     -0.105     2.8736     27.408     97.544  73.603223     1.3643      7.238   235.0233 3.3729e+01     1.6407      7.392     10.721    12.5386 0.0000e+00
      7.509     -0.100     2.8951     27.323     97.540  73.551317     1.3931      7.238   234.6544 3.3322e+01     1.6415      7.364     10.681    12.6152 0.0000e+00
      7.481     -0.097     2.9070     27.202     97.680  73.553903     1.4399      7.239   234.4455 3.2854e+01     1.6016      7.333     10.636    12.6516 0.0000e+00
      7.458     -0.097     2.9110     27.072     97.898  73.634375     1.4638      7.240   234.3906 3.2307e+01     1.5338      7.312     10.605    12.7152 0.0000e+00
      7.438     -0.101     2.9063     26.953     98.064  73.761809     1.4740      7.240   234.3346 3.1841e+01     1.5396      7.296     10.582    12.7457 0.0000e+00
      7.417     -0.107     2.8981     26.878     98.079  73.887584     1.4883      7.240   234.3716 3.1502e+01     1.6040      7.275     10.552    12.7108 0.0000e+00
      7.390     -0.112     2.8888     26.901     97.889  73.948115     1.4869      7.240   234.5787 3.1236e+01     1.6284      7.249     10.513    12.6440 0.0000e+00
      7.356     -0.116     2.8775     27.010     97.572  73.922127     1.4737      7.239   234.6020 3.1075e+01     1.6297      7.215     10.464    12.5876 0.0000e+00
      7.319     -0.114     2.8653     27.110     97.353  73.891279     1.4706      7.239   234.6530 3.0955e+01     1.6194      7.177     10.409    12.5840 0.0000e+00
      7.285     -0.108     2.8491     27.142     97.304  73.892950     1.5232      7.239   235.1950 3.0745e+01     1.6413      7.142     10.359    12.6464 0.0000e+00
      7.256     -0.099     2.8444     27.099     97.405  73.942378     1.6277      7.239   235.5632 3.0474e+01     1.7580      7.113     10.316    12.7637 0.0000e+00
      7.235     -0.091     2.8528     26.985     97.573  74.044146     1.7026      7.241   235.3189 3.0194e+01     1.8689      7.092     10.286    12.8982 0.0000e+00
      7.220     -0.088     2.8613     26.838     97.552  74.106835     1.7291      7.242   234.9941 2.9988e+01     1.8881      7.081     10.269    12.9657 0.0000e+00
      7.205     -0.089     2.8627     26.699     97.373  74.128637     1.7396      7.241   234.8196 2.9976e+01     1.7853      7.068     10.251    12.9779 0.0000e+00
      7.185     -0.093     2.8605     26.594     97.274  74.180884     1.7475      7.241   234.7588 3.0147e+01     1.6177      7.048     10.223    12.9602 0.0000e+00
      7.157     -0.096     2.8494     26.555     97.192  74.230419     1.7571      7.241   234.6883 3.0428e+01     1.5349      7.021     10.183    12.9111 0.0000e+00
      7.124     -0.096     2.8289     26.604     97.010  74.219417     1.7646      7.240   234.4838 3.0748e+01     1.5362      6.985     10.131    12.9585 0.0000e+00
      7.093     -0.091     2.8068     26.717     96.854  74.175082     1.7546      7.240   234.1791 3.1010e+01     1.5647      6.951     10.082    13.0801 0.0000e+00
      7.068     -0.082     2.7905     26.832     96.895  74.202723     1.7370      7.240   233.8445 3.1134e+01     1.6061      6.928     10.048    13.1287 0.0000e+00
      7.051     -0.075     2.7832     26.936     97.016  74.299473     1.7346      7.242   233.7934 3.1144e+01     1.6268      6.914     10.027    13.1722 0.0000e+00
      7.041     -0.072     2.7827     27.046     96.926  74.328330     1.7334      7.242   233.9052 3.1116e+01     1.6098      6.904     10.013    13.2642 0.0000e+00
      7.031     -0.075     2.7957     27.147     96.738  74.297622     1.7222      7.241   233.7336 3.1115e+01     1.6056      6.896     10.002    13.3092 0.0000e+00
      7.016     -0.080     2.8095     27.242     96.740  74.309534     1.7154      7.241   233.6121 3.1306e+01     1.6097      6.885      9.986    13.2876 0.0000e+00
      6.989     -0.086     2.8194     27.360     96.799  74.345294     1.7184      7.241   233.7256 3.1670e+01     1.5920      6.857      9.945    13.2607 0.0000e+00
      6.956     -0.089     2.8295     27.532     96.705  74.348764     1.7251      7.241   233.7297 3.1933e+01     1.5963      6.818      9.889    13.3307 0.0000e+00
      6.928     -0.087     2.8322     27.792     96.569  74.351569     1.7298      7.242   233.5747 3.2071e+01     1.5937      6.792      9.851    13.4356 0.0000e+00
      6.907     -0.080     2.8429     28.113     96.512  74.379345     1.8012      7.242   233.3149 3.2164e+01     1.5944      6.773      9.824    13.4061 0.0000e+00
      6.890     -0.070     2.8570     28.423     96.540  74.430557     1.9465      7.243   233.0829 3.2177e+01     1.6729      6.755      9.798    13.3702 0.0000e+00
      6.876     -0.063     2.8681     28.698     96.650  74.526057     2.0307      7.245   233.0075 3.2163e+01     1.7566      6.742      9.778    13.4354 0.0000e+00
      6.865     -0.059     2.8924     28.971     96.662  74.581008     2.0454      7.246   233.0051 3.2214e+01     1.8209      6.731      9.764    13.5036 0.0000e+00
      6.853     -0.057     2.9269     29.236     96.547  74.586742     2.0487      7.246   233.0540 3.2451e+01     1.8358      6.722      9.750    13.5376 0.0000e+00
      6.837     -0.054     2.9600     29.469     96.487  74.659026     2.0292      7.245   233.0829 3.2879e+01     1.7316      6.705      9.725    13.5526 0.0000e+00
      6.818     -0.050     2.9861     29.735     96.374  74.756233     2.0092      7.244   233.0095 3.3344e+01     1.6545      6.684      9.695    13.5423 0.0000e+00
      6.803     -0.049     3.0135     30.105     96.079  74.809243     2.0071      7.245   232.8550 3.3750e+01     1.6200      6.668      9.672    13.5614 0.0000e+00
      6.793     -0.054     3.0400     30.536     95.777  74.855559     1.9622      7.246   232.8502 3.4119e+01     1.5884      6.660      9.658    13.6265 0.0000e+00
      6.787     -0.064     3.0571     30.996     95.616  74.935358     1.8742      7.246   233.2960 3.4663e+01     1.6141      6.657      9.655    13.6746 0.0000e+00
      6.779     -0.078     3.0744     31.532     95.431  75.011883     1.8333      7.246   234.0283 3.5589e+01     1.6231      6.652      9.648    13.7527 0.0000e+00
      6.760     -0.092     3.1050     32.170     95.100  75.018638     1.8419      7.247   234.5643 3.6973e+01     1.5955      6.635      9.624    13.9282 0.0000e+00
      6.727     -0.101     3.1391     32.919     94.778  74.953826     1.8866      7.248   234.3557 3.8686e+01     1.5871      6.601      9.573    14.1049 0.0000e+00
      6.685     -0.103     3.1780     33.783     94.655  74.863836     1.9579      7.249   233.5705 4.0328e+01     1.5904      6.555      9.506    14.1721 0.0000e+00
      6.646     -0.098     3.2256     34.703     94.800  74.820091     1.9889      7.251   232.9010 4.1480e+01     1.5667      6.512      9.445    14.2778 0.0000e+00
      6.623     -0.088     3.2779     35.576     95.109  74.869461     1.9867      7.253   232.4551 4.1992e+01     1.5399      6.489      9.413    14.4586 0.0000e+00
      6.614     -0.078     3.3443     36.307     95.299  74.952230     1.9974      7.253   232.3091 4.2149e+01     1.5742      6.486      9.407    14.5757 0.0000e+00
      6.606     -0.071     3.4344     36.803     95.212  74.994795     2.0179      7.253   232.4258 4.2337e+01     1.6389      6.482      9.400    14.5793 0.0000e+00
      6.592     -0.070     3.5416     37.066     95.022  75.003049     2.0184      7.253   232.7487 4.2747e+01     1.6384      6.467      9.380    14.4667 0.0000e+00
      6.570     -0.074     3.6434     37.230     94.927  74.988686     2.0034      7.253   233.2017 4.3443e+01     1.6028      6.445      9.348    14.3284 0.0000e+00
      6.545     -0.080     3.7275     37.435     94.974  75.011821     2.0280      7.254   233.3420 4.4274e+01     1.5844      6.417      9.307    14.2776 0.0000e+00
      6.521     -0.085     3.7712     37.719     95.036  75.092128     2.0908      7.254   233.3272 4.5022e+01     1.5869      6.393      9.272    14.3696 0.0000e+00
      6.501     -0.087     3.7812     38.049     94.882  75.133719     2.1305      7.255   233.3663 4.5604e+01     1.6335      6.375      9.247    14.4934 0.0000e+00
      6.481     -0.084     3.7908     38.438     94.594  75.133677     2.1337      7.256   233.2128 4.5989e+01     1.6695      6.357      9.220    14.5107 0.0000e+00
      6.461     -0.078     3.8128     38.898     94.418  75.155444     2.1297      7.256   232.8475 4.6269e+01     1.6463      6.338      9.193    14.4788 0.0000e+00
      6.436     -0.073     3.8461     39.434     94.332  75.206474     2.1562      7.257   232.4775 4.6443e+01     1.5927      6.312      9.155    14.4712 0.0000e+00
      6.414     -0.069     3.8691     40.051     94.206  75.242522     2.2127      7.258   232.2668 4.6150e+01     1.5672      6.284      9.114    14.5693 0.0000e+00
      6.400     -0.067     3.8944     40.686     94.097  75.273783     2.2391      7.260   232.3643 4.5480e+01     1.5773      6.274      9.100    14.7389 0.0000e+00
      6.392     -0.063     3.9362     41.287     94.033  75.330438     2.2504      7.262   232.4519 4.4944e+01     1.5783      6.272      9.095    14.8041 0.0000e+00
      6.379     -0.060     3.9842     41.860     93.896  75.355825     2.3661      7.263   232.1223 4.4545e+01     1.5792      6.257      9.075    14.8446 0.0000e+00
      6.359     -0.061     4.0430     42.417     93.795  75.390290     2.5560      7.263   231.9068 4.4117e+01     1.5891      6.236      9.045    14.9423 0.0000e+00
      6.339     -0.069     4.1032     42.973     93.804  75.493147     2.6409      7.264   232.1691 4.3494e+01     1.5950      6.214      9.012    15.0006 0.0000e+00
      6.325     -0.079     4.1600     43.577     93.709  75.582965     2.6348      7.264   232.3688 4.2636e+01     1.5823      6.201      8.993    15.0363 0.0000e+00
      6.311     -0.088     4.2085     44.262     93.431  75.586936     2.6073      7.265   232.3421 4.1985e+01     1.5028      6.194      8.983    15.1308 0.0000e+00
      6.288     -0.093     4.2584     45.022     93.139  75.541456     2.5578      7.266   232.3616 4.1738e+01     1.4203      6.171      8.950    15.1991 0.0000e+00
      6.256     -0.094     4.3111     45.906     93.007  75.541608     2.5359      7.268   232.4330 4.1679e+01     1.4042      6.135      8.898    15.2129 0.0000e+00
      6.224     -0.092     4.3596     46.896     92.998  75.588901     2.5421      7.271   232.6037 4.1681e+01     1.4108      6.102      8.851    15.3086 0.0000e+00
      6.197     -0.087     4.4175     47.858     92.961  75.605031     2.5581      7.273   232.6187 4.1657e+01     1.4662      6.073      8.808    15.4588 0.0000e+00
      6.177     -0.078     4.4786     48.714     92.910  75.609607     2.5791      7.274   232.2704 4.1574e+01     1.5277      6.055      8.782    15.5697 0.0000e+00
