Data/DataNotYetUploadedToEDI/Raw_CTD/RawDownloads/070725_fcr40_S7809010.cnv
* Sea-Bird SBE19plus  Data File:
* FileName = C:\R\Reservoirs\Data\DataNotYetUploadedToEDI\Raw_CTD\RawDownloads\070325_fcr50_S7809_0010.hex
* Software version 2.8.0.119
* Temperature SN = 7809
* Conductivity SN = 7809
* System UpLoad Time = Jul 07 2025 16:25:08
* <ApplicationData>
* <Seaterm232>
# nquan = 15
# nvalues = 2096                        
# units = specified
# name 0 = depFM: Depth [fresh water, m]
# name 1 = dz/dtM: Descent Rate [m/s]
# name 2 = sbeox0Mg/L: Oxygen, SBE 43 [mg/l]
# name 3 = sbeox0PS: Oxygen, SBE 43 [% saturation]
# name 4 = specc: Specific Conductance [uS/cm]
# name 5 = c0uS/cm: Conductivity [uS/cm]
# name 6 = flECO-AFL: Fluorescence, WET Labs ECO-AFL/FL [mg/m^3]
# name 7 = ph: pH
# name 8 = orp: Oxidation Reduction Potential [mV]
# name 9 = par/sat/log: PAR/Logarithmic, Satlantic
# name 10 = turbWETntu0: Turbidity, WET Labs ECO [NTU]
# name 11 = prdM: Pressure, Strain Gauge [db]
# name 12 = prdE: Pressure, Strain Gauge [psi]
# name 13 = tv290C: Temperature [ITS-90, deg C]
# name 14 = flag:  0.000e+00
# span 0 =     -0.636,      5.920       
# span 1 =     -0.460,      0.179       
# span 2 =    -0.0006,     8.7787       
# span 3 =      0.007,    103.975       
# span 4 =      1.243,     60.225       
# span 5 =   1.124560,  47.083991       
# span 6 =    -1.1038,    20.4260       
# span 7 =      7.551,      9.427       
# span 8 =    99.5443,   243.7122       
# span 9 = 1.8247e-01, 2.6979e+03       
# span 10 =    -9.8680,   468.9582      
# span 11 =     -0.625,      5.806      
# span 12 =     -0.906,      8.421      
# span 13 =    11.1549,    27.4736      
# span 14 = 0.0000e+00, 0.0000e+00      
# interval = seconds: 0.25
# start_time = Jul 07 2025 13:16:42 [Instrument's time stamp, header]
# bad_flag = -9.990e-29
*END*
[from data line 1446]
      4.697      0.019     7.1263     65.424     45.119  32.749228     0.5290      7.971   211.2865 2.1191e+00    13.7885      4.606      6.681    11.3095 0.0000e+00
      4.702      0.018     7.1479     65.549     45.105  32.737809     0.5009      7.972   211.5011 2.0952e+00    13.6691      4.611      6.688    11.3047 0.0000e+00
      4.706      0.018     7.1559     65.688     45.088  32.725245     0.5031      7.973   211.7572 2.0792e+00    13.6766      4.615      6.694    11.2966 0.0000e+00
      4.710      0.018     7.1545     65.841     45.084  32.724205     0.5309      7.972   211.8880 2.0717e+00    13.7092      4.618      6.698    11.2910 0.0000e+00
      4.714      0.017     7.1626     65.988     45.084  32.725246     0.5285      7.971   211.8775 2.0583e+00    13.6190      4.621      6.703    11.2888 0.0000e+00
      4.720      0.017     7.1803     66.097     45.099  32.737836     0.5155      7.971   211.8892 2.0352e+00    13.5774      4.627      6.712    11.2876 0.0000e+00
      4.725      0.017     7.1934     66.166     45.113  32.749540     0.5235      7.971   211.9436 2.0102e+00    13.7189      4.634      6.721    11.2875 0.0000e+00
      4.729      0.017     7.2110     66.176     45.096  32.739879     0.5425      7.971   212.1041 1.9951e+00    13.9289      4.638      6.727    11.2896 0.0000e+00
      4.732      0.016     7.2293     66.101     45.106  32.747908     0.5707      7.971   212.3680 1.9852e+00    13.9649      4.640      6.729    11.2922 0.0000e+00
      4.735      0.015     7.2395     65.933     45.158  32.783175     0.5728      7.970   212.5528 1.9582e+00    13.8465      4.644      6.735    11.2924 0.0000e+00
      4.740      0.013     7.2485     65.693     45.167  32.785636     0.5598      7.969   212.7032 1.9205e+00    13.8293      4.648      6.741    11.2937 0.0000e+00
      4.744      0.011     7.2494     65.424     45.160  32.777657     0.5630      7.967   212.8963 1.9004e+00    13.9273      4.653      6.748    11.2981 0.0000e+00
      4.747      0.009     7.2422     65.191     45.208  32.813586     0.5701      7.966   213.0807 1.9007e+00    13.9727      4.657      6.754    11.2990 0.0000e+00
      4.749      0.007     7.2226     65.046     45.237  32.839399     0.5623      7.966   213.2113 1.9045e+00    13.9337      4.658      6.755    11.2958 0.0000e+00
      4.749      0.006     7.1963     65.001     45.222  32.835991     0.5185      7.966   213.3574 1.8976e+00    13.8321      4.657      6.755    11.2907 0.0000e+00
      4.749      0.007     7.1647     65.048     45.212  32.835837     0.4987      7.966   213.5571 1.8822e+00    13.8030      4.656      6.753    11.2865 0.0000e+00
      4.749      0.009     7.1362     65.178     45.207  32.837543     0.5225      7.966   213.6467 1.8768e+00    13.9232      4.657      6.754    11.2875 0.0000e+00
      4.751      0.013     7.1196     65.331     45.232  32.856626     0.5483      7.966   213.6664 1.8651e+00    14.2269      4.658      6.756    11.2932 0.0000e+00
      4.756      0.016     7.1139     65.459     45.264  32.876236     0.5604      7.965   213.7951 1.8416e+00    14.5709      4.663      6.763    11.3025 0.0000e+00
      4.763      0.018     7.1165     65.559     45.285  32.884312     0.5449      7.963   213.9981 1.8237e+00    14.6667      4.671      6.775    11.3123 0.0000e+00
      4.769      0.018     7.1329     65.616     45.307  32.890820     0.5437      7.962   214.1427 1.8106e+00    14.7031      4.678      6.785    11.3186 0.0000e+00
      4.774      0.018     7.1526     65.648     45.321  32.891473     0.5619      7.962   214.2531 1.8014e+00    14.6683      4.683      6.792    11.3191 0.0000e+00
      4.778      0.017     7.1652     65.703     45.334  32.892195     0.5403      7.963   214.3856 1.7938e+00    14.3488      4.685      6.795    11.3141 0.0000e+00
      4.781      0.015     7.1797     65.801     45.351  32.899541     0.4993      7.963   214.5401 1.7835e+00    14.0510      4.688      6.800    11.3066 0.0000e+00
      4.784      0.014     7.1870     65.956     45.375  32.916854     0.4828      7.962   214.6590 1.7680e+00    13.9712      4.691      6.804    11.2956 0.0000e+00
      4.787      0.014     7.1891     66.183     45.363  32.911191     0.5065      7.962   214.7045 1.7576e+00    13.9639      4.695      6.809    11.2837 0.0000e+00
      4.792      0.013     7.1972     66.466     45.337  32.894522     0.5612      7.962   214.8320 1.7531e+00    13.9633      4.700      6.816    11.2742 0.0000e+00
      4.796      0.012     7.2085     66.768     45.352  32.905642     0.5782      7.961   214.9963 1.7414e+00    13.8959      4.703      6.821    11.2669 0.0000e+00
      4.800      0.011     7.2240     67.056     45.369  32.918746     0.5547      7.959   215.0561 1.7306e+00    13.7636      4.708      6.827    11.2672 0.0000e+00
      4.802      0.011     7.2489     67.292     45.376  32.926074     0.5429      7.959   215.1252 1.7273e+00    13.7304      4.710      6.831    11.2739 0.0000e+00
      4.802      0.011     7.2812     67.448     45.379  32.930810     0.5604      7.959   215.2294 1.7155e+00    13.8704      4.709      6.830    11.2763 0.0000e+00
      4.804      0.012     7.3154     67.493     45.349  32.912574     0.5922      7.959   215.3692 1.7003e+00    14.0894      4.711      6.831    11.2748 0.0000e+00
      4.807      0.015     7.3486     67.418     45.323  32.895906     0.5854      7.959   215.5250 1.7034e+00    14.1583      4.714      6.837    11.2756 0.0000e+00
      4.812      0.017     7.3751     67.275     45.353  32.919609     0.5442      7.958   215.6502 1.7025e+00    14.0885      4.719      6.845    11.2787 0.0000e+00
      4.818      0.019     7.3921     67.122     45.389  32.945402     0.5194      7.958   215.7647 1.6805e+00    14.0990      4.725      6.853    11.2822 0.0000e+00
      4.824      0.020     7.3986     67.003     45.407  32.953997     0.5179      7.958   215.8769 1.6616e+00    14.1832      4.731      6.862    11.2853 0.0000e+00
      4.829      0.020     7.3864     66.958     45.427  32.960078     0.5268      7.958   216.0599 1.6450e+00    14.2184      4.736      6.870    11.2876 0.0000e+00
      4.834      0.021     7.3682     66.993     45.435  32.955474     0.5265      7.958   216.1718 1.6226e+00    14.1827      4.741      6.876    11.2905 0.0000e+00
      4.839      0.022     7.3502     67.123     45.456  32.961774     0.5310      7.958   216.1109 1.5996e+00    14.1613      4.744      6.881    11.2916 0.0000e+00
      4.844      0.024     7.3350     67.361     45.478  32.972789     0.5650      7.958   216.0983 1.5816e+00    14.1996      4.749      6.888    11.2870 0.0000e+00
      4.850      0.024     7.3329     67.647     45.468  32.961766     0.5878      7.958   216.1912 1.5656e+00    14.1670      4.756      6.898    11.2764 0.0000e+00
      4.858      0.023     7.3389     67.921     45.465  32.955376     0.5905      7.958   216.3732 1.5402e+00    14.1084      4.763      6.909    11.2626 0.0000e+00
      4.866      0.021     7.3521     68.181     45.474  32.958970     0.5894      7.958   216.5783 1.5156e+00    14.0722      4.772      6.921    11.2527 0.0000e+00
      4.872      0.018     7.3829     68.422     45.451  32.941774     0.5740      7.957   216.6922 1.5039e+00    13.9686      4.779      6.931    11.2487 0.0000e+00
      4.875      0.015     7.4182     68.610     45.445  32.937779     0.5710      7.956   216.8042 1.5061e+00    13.9491      4.781      6.934    11.2445 0.0000e+00
      4.875      0.013     7.4478     68.751     45.494  32.974118     0.5860      7.954   216.8993 1.5067e+00    13.9389      4.781      6.935    11.2391 0.0000e+00
      4.877      0.011     7.4767     68.860     45.529  33.000481     0.5815      7.953   216.9824 1.4907e+00    13.8111      4.782      6.936    11.2363 0.0000e+00
      4.881      0.010     7.5058     68.904     45.528  33.002763     0.5579      7.953   217.2066 1.4803e+00    13.8044      4.786      6.942    11.2360 0.0000e+00
      4.885      0.010     7.5259     68.884     45.521  33.001723     0.5498      7.953   217.4600 1.4769e+00    13.9941      4.791      6.949    11.2364 0.0000e+00
      4.888      0.010     7.5384     68.830     45.497  32.987911     0.5669      7.953   217.6361 1.4679e+00    14.1575      4.794      6.953    11.2370 0.0000e+00
      4.889      0.011     7.5547     68.760     45.461  32.962646     0.5903      7.953   217.7870 1.4725e+00    14.1411      4.795      6.955    11.2379 0.0000e+00
      4.890      0.012     7.5575     68.676     45.444  32.950020     0.5903      7.953   217.8223 1.4809e+00    14.0343      4.795      6.954    11.2410 0.0000e+00
      4.893      0.012     7.5527     68.553     45.459  32.962135     0.5763      7.952   217.8046 1.4694e+00    14.0277      4.798      6.958    11.2471 0.0000e+00
      4.898      0.012     7.5463     68.386     45.487  32.982250     0.5788      7.951   217.8313 1.4519e+00    14.1302      4.803      6.966    11.2512 0.0000e+00
      4.902      0.011     7.5368     68.195     45.518  33.002900     0.5875      7.951   217.8873 1.4465e+00    14.2143      4.808      6.973    11.2510 0.0000e+00
      4.906      0.009     7.5308     68.032     45.547  33.021470     0.5646      7.951   218.1365 1.4508e+00    14.1903      4.812      6.979    11.2509 0.0000e+00
      4.909      0.005     7.5160     67.926     45.541  33.016446     0.5102      7.950   218.4351 1.4492e+00    14.0795      4.815      6.983    11.2524 0.0000e+00
      4.910      0.004     7.4977     67.830     45.521  33.005598     0.4868      7.950   218.4011 1.4410e+00    14.0707      4.816      6.985    11.2526 0.0000e+00
      4.908      0.006     7.4751     67.787     45.530  33.017196     0.4980      7.951   218.2421 1.4513e+00    14.1858      4.815      6.983    11.2499 0.0000e+00
      4.904      0.013     7.4537     67.882     45.545  33.029794     0.5214      7.952   218.2324 1.4694e+00    14.2408      4.810      6.976    11.2465 0.0000e+00
      4.903      0.022     7.4491     68.082     45.551  33.031044     0.5537      7.952   218.2838 1.4636e+00    14.1553      4.806      6.971    11.2452 0.0000e+00
      4.910      0.031     7.4345     68.309     45.562  33.032303     0.5627      7.951   218.4330 1.4366e+00    14.0401      4.813      6.980    11.2490 0.0000e+00
      4.925      0.038     7.4222     68.522     45.593  33.045002     0.5723      7.951   218.6604 1.3912e+00    14.0440      4.828      7.004    11.2564 0.0000e+00
      4.943      0.042     7.4362     68.700     45.624  33.057692     0.5951      7.951   218.7964 1.3365e+00    14.1682      4.849      7.032    11.2598 0.0000e+00
      4.959      0.040     7.4616     68.826     45.637  33.058846     0.5975      7.951   218.7863 1.3135e+00    14.3127      4.865      7.056    11.2564 0.0000e+00
      4.969      0.034     7.4896     68.919     45.646  33.058942     0.5759      7.950   218.7110 1.3269e+00    14.3215      4.874      7.070    11.2478 0.0000e+00
      4.974      0.025     7.5152     69.020     45.650  33.058848     0.5507      7.949   218.7465 1.3176e+00    14.2407      4.879      7.075    11.2363 0.0000e+00
      4.977      0.017     7.5377     69.142     45.649  33.057705     0.5585      7.948   218.8710 1.2827e+00    14.2242      4.881      7.078    11.2251 0.0000e+00
      4.979      0.011     7.5527     69.272     45.629  33.045120     0.5873      7.947   219.0116 1.2728e+00    14.2239      4.883      7.082    11.2156 0.0000e+00
      4.981      0.008     7.5615     69.412     45.610  33.033575     0.5827      7.947   219.2417 1.2836e+00    14.1339      4.885      7.085    11.2086 0.0000e+00
      4.982      0.008     7.5728     69.565     45.624  33.045005     0.5531      7.947   219.4161 1.2872e+00    13.9901      4.885      7.086    11.2055 0.0000e+00
      4.983      0.010     7.5871     69.686     45.640  33.056435     0.5371      7.947   219.3997 1.2744e+00    13.9538      4.886      7.087    11.2060 0.0000e+00
      4.984      0.013     7.6012     69.751     45.625  33.044892     0.5724      7.948   219.3879 1.2645e+00    14.1052      4.888      7.089    11.2076 0.0000e+00
      4.988      0.016     7.6145     69.767     45.605  33.032316     0.6549      7.948   219.5317 1.2694e+00    14.2842      4.891      7.093    11.2103 0.0000e+00
      4.993      0.019     7.6338     69.708     45.597  33.031276     0.6944      7.948   219.6760 1.2709e+00    14.3067      4.896      7.100    11.2131 0.0000e+00
      4.999      0.022     7.6491     69.586     45.590  33.032316     0.6670      7.948   219.7555 1.2632e+00    14.2753      4.903      7.111    11.2127 0.0000e+00
      5.006      0.025     7.6536     69.459     45.601  33.044899     0.6242      7.947   219.8901 1.2474e+00    14.2125      4.910      7.122    11.2103 0.0000e+00
      5.012      0.027     7.6587     69.334     45.615  33.056537     0.6095      7.946   220.0133 1.2343e+00    14.1278      4.915      7.129    11.2116 0.0000e+00
      5.018      0.027     7.6504     69.209     45.600  33.046147     0.6304      7.946   220.0413 1.2289e+00    14.1398      4.921      7.137    11.2181 0.0000e+00
      5.026      0.026     7.6315     69.114     45.602  33.046157     0.6272      7.946   220.0563 1.2117e+00    14.1183      4.928      7.148    11.2254 0.0000e+00
      5.034      0.023     7.6177     69.067     45.618  33.056653     0.5874      7.945   220.1073 1.1801e+00    14.1407      4.937      7.160    11.2302 0.0000e+00
      5.042      0.019     7.6048     69.062     45.607  33.046168     0.5737      7.944   220.2288 1.1668e+00    14.3418      4.946      7.172    11.2319 0.0000e+00
      5.047      0.015     7.5882     69.084     45.610  33.046263     0.5937      7.944   220.4069 1.1838e+00    14.4671      4.950      7.179    11.2321 0.0000e+00
      5.048      0.012     7.5779     69.123     45.630  33.057807     0.6048      7.944   220.5401 1.1972e+00    14.4596      4.950      7.180    11.2315 0.0000e+00
      5.048      0.010     7.5732     69.197     45.635  33.058856     0.5754      7.944   220.6339 1.1901e+00    14.3539      4.950      7.180    11.2290 0.0000e+00
      5.049      0.009     7.5737     69.300     45.635  33.058943     0.5138      7.944   220.6814 1.1792e+00    14.1801      4.950      7.180    11.2263 0.0000e+00
      5.051      0.010     7.5780     69.392     45.633  33.058857     0.4920      7.943   220.6839 1.1711e+00    14.1336      4.952      7.184    11.2244 0.0000e+00
      5.055      0.012     7.5808     69.449     45.629  33.057819     0.5197      7.942   220.7504 1.1481e+00    14.0988      4.958      7.191    11.2208 0.0000e+00
      5.059      0.013     7.5899     69.502     45.611  33.046388     0.5399      7.942   220.8826 1.1247e+00    13.9643      4.962      7.196    11.2174 0.0000e+00
      5.062      0.015     7.6031     69.583     45.612  33.047541     0.5451      7.942   220.9920 1.1302e+00    13.9090      4.964      7.200    11.2170 0.0000e+00
      5.066      0.016     7.6146     69.668     45.647  33.071765     0.5506      7.942   221.0400 1.1375e+00    14.0101      4.968      7.205    11.2193 0.0000e+00
      5.069      0.017     7.6184     69.715     45.666  33.085503     0.5645      7.942   221.0337 1.1297e+00    14.1620      4.971      7.210    11.2222 0.0000e+00
      5.074      0.018     7.6214     69.708     45.666  33.086752     0.5798      7.941   221.0879 1.1169e+00    14.1741      4.976      7.217    11.2241 0.0000e+00
      5.080      0.019     7.6323     69.673     45.663  33.086866     0.5849      7.941   221.2652 1.1015e+00    14.0888      4.981      7.226    11.2247 0.0000e+00
      5.085      0.020     7.6435     69.625     45.660  33.086885     0.5848      7.941   221.3702 1.0940e+00    14.1208      4.987      7.233    11.2232 0.0000e+00
      5.090      0.020     7.6503     69.576     45.659  33.086990     0.5865      7.941   221.4111 1.0867e+00    14.2542      4.991      7.238    11.2220 0.0000e+00
