Data/DataNotYetUploadedToEDI/Raw_CTD/RawDownloads/070725_fcr40_S7809010.cnv
* Sea-Bird SBE19plus  Data File:
* FileName = C:\R\Reservoirs\Data\DataNotYetUploadedToEDI\Raw_CTD\RawDownloads\070325_fcr50_S7809_0010.hex
* Software version 2.8.0.119
* Temperature SN = 7809
* Conductivity SN = 7809
* System UpLoad Time = Jul 07 2025 16:25:08
* <ApplicationData>
* <Seaterm232>
# nquan = 15
# nvalues = 2096                        
# units = specified
# name 0 = depFM: Depth [fresh water, m]
# name 1 = dz/dtM: Descent Rate [m/s]
# name 2 = sbeox0Mg/L: Oxygen, SBE 43 [mg/l]
# name 3 = sbeox0PS: Oxygen, SBE 43 [% saturation]
# name 4 = specc: Specific Conductance [uS/cm]
# name 5 = c0uS/cm: Conductivity [uS/cm]
# name 6 = flECO-AFL: Fluorescence, WET Labs ECO-AFL/FL [mg/m^3]
# name 7 = ph: pH
# name 8 = orp: Oxidation Reduction Potential [mV]
# name 9 = par/sat/log: PAR/Logarithmic, Satlantic
# name 10 = turbWETntu0: Turbidity, WET Labs ECO [NTU]
# name 11 = prdM: Pressure, Strain Gauge [db]
# name 12 = prdE: Pressure, Strain Gauge [psi]
# name 13 = tv290C: Temperature [ITS-90, deg C]
# name 14 = flag:  0.000e+00
# span 0 =     -0.636,      5.920       
# span 1 =     -0.460,      0.179       
# span 2 =    -0.0006,     8.7787       
# span 3 =      0.007,    103.975       
# span 4 =      1.243,     60.225       
# span 5 =   1.124560,  47.083991       
# span 6 =    -1.1038,    20.4260       
# span 7 =      7.551,      9.427       
# span 8 =    99.5443,   243.7122       
# span 9 = 1.8247e-01, 2.6979e+03       
# span 10 =    -9.8680,   468.9582      
# span 11 =     -0.625,      5.806      
# span 12 =     -0.906,      8.421      
# span 13 =    11.1549,    27.4736      
# span 14 = 0.0000e+00, 0.0000e+00      
# interval = seconds: 0.25
# start_time = Jul 07 2025 13:16:42 [Instrument's time stamp, header]
# bad_flag = -9.990e-29
*END*
[from data line 1543]
      5.101      0.019     7.6425     69.497     45.678  33.100728     0.5960      7.941   221.6014 1.0806e+00    14.3170      5.002      7.255    11.2265 0.0000e+00
      5.106      0.018     7.6364     69.487     45.691  33.112358     0.5662      7.941   221.6742 1.0685e+00    14.1343      5.007      7.263    11.2298 0.0000e+00
      5.110      0.017     7.6294     69.506     45.675  33.101873     0.5608      7.940   221.6929 1.0570e+00    14.1064      5.012      7.269    11.2306 0.0000e+00
      5.114      0.015     7.6274     69.550     45.675  33.100834     0.5818      7.938   221.7424 1.0513e+00    14.2197      5.015      7.273    11.2291 0.0000e+00
      5.117      0.014     7.6200     69.621     45.676  33.099794     0.5948      7.937   221.7562 1.0446e+00    14.3077      5.018      7.278    11.2293 0.0000e+00
      5.120      0.014     7.6195     69.697     45.664  33.089309     0.6090      7.936   221.7737 1.0413e+00    14.3163      5.021      7.282    11.2322 0.0000e+00
      5.123      0.015     7.6219     69.739     45.683  33.100940     0.6121      7.936   221.9538 1.0478e+00    14.2557      5.024      7.285    11.2335 0.0000e+00
      5.127      0.017     7.6257     69.704     45.703  33.113532     0.6239      7.937   222.1275 1.0507e+00    14.2924      5.027      7.291    11.2322 0.0000e+00
      5.132      0.017     7.6357     69.610     45.708  33.114677     0.6359      7.937   222.2395 1.0422e+00    14.3507      5.032      7.299    11.2305 0.0000e+00
      5.137      0.018     7.6446     69.504     45.712  33.114781     0.6157      7.936   222.3606 1.0242e+00    14.2768      5.037      7.307    11.2287 0.0000e+00
      5.142      0.018     7.6530     69.395     45.714  33.114782     0.5880      7.936   222.3872 9.9484e-01    14.1844      5.043      7.314    11.2266 0.0000e+00
      5.146      0.018     7.6484     69.303     45.715  33.114678     0.5583      7.936   222.3889 9.8061e-01    14.0881      5.047      7.320    11.2237 0.0000e+00
      5.150      0.017     7.6352     69.253     45.716  33.113523     0.5567      7.936   222.4672 9.9106e-01    14.0691      5.051      7.326    11.2213 0.0000e+00
      5.154      0.016     7.6254     69.245     45.704  33.100826     0.5929      7.937   222.4734 9.9733e-01    14.1591      5.055      7.331    11.2188 0.0000e+00
      5.158      0.016     7.6126     69.270     45.693  33.088045     0.5974      7.937   222.4634 9.8517e-01    14.1518      5.059      7.337    11.2167 0.0000e+00
      5.162      0.017     7.6012     69.333     45.694  33.085860     0.5601      7.936   222.5194 9.7148e-01    14.0489      5.063      7.343    11.2167 0.0000e+00
      5.167      0.018     7.5961     69.430     45.680  33.074411     0.5340      7.936   222.6342 9.6252e-01    14.0076      5.068      7.349    11.2148 0.0000e+00
      5.171      0.019     7.5969     69.531     45.684  33.076501     0.5317      7.936   222.7318 9.5017e-01    14.1320      5.071      7.354    11.2093 0.0000e+00
      5.176      0.021     7.6003     69.605     45.733  33.111125     0.5327      7.936   222.7538 9.4181e-01    14.3221      5.076      7.361    11.2035 0.0000e+00
      5.181      0.022     7.6072     69.644     45.736  33.112383     0.5204      7.935   222.8995 9.3880e-01    14.3592      5.081      7.369    11.2006 0.0000e+00
      5.187      0.023     7.6202     69.662     45.709  33.091714     0.4987      7.935   223.0305 9.2723e-01    14.2737      5.087      7.377    11.1993 0.0000e+00
      5.194      0.023     7.6323     69.678     45.745  33.114993     0.5115      7.935   223.0480 9.1148e-01    14.2792      5.094      7.388    11.1979 0.0000e+00
      5.201      0.023     7.6415     69.701     45.783  33.140066     0.5753      7.935   223.1118 9.0773e-01    14.4594      5.101      7.398    11.1975 0.0000e+00
      5.206      0.022     7.6444     69.734     45.787  33.141099     0.6294      7.935   223.1127 9.0948e-01    14.6078      5.106      7.406    11.1975 0.0000e+00
      5.211      0.021     7.6461     69.761     45.769  33.127484     0.6334      7.935   223.0585 8.9858e-01    14.5708      5.111      7.413    11.1960 0.0000e+00
      5.216      0.019     7.6481     69.765     45.734  33.102334     0.6241      7.934   223.1459 8.6941e-01    14.4213      5.115      7.419    11.1928 0.0000e+00
      5.221      0.017     7.6509     69.749     45.718  33.090783     0.6503      7.933   223.3949 8.4870e-01    14.2692      5.120      7.426    11.1896 0.0000e+00
      5.226      0.016     7.6557     69.723     45.751  33.114701     0.6915      7.933   223.6584 8.4864e-01    14.2008      5.125      7.434    11.1876 0.0000e+00
      5.230      0.016     7.6596     69.675     45.783  33.137761     0.7061      7.933   223.8380 8.4431e-01    14.2093      5.129      7.440    11.1868 0.0000e+00
      5.233      0.015     7.6600     69.623     45.752  33.115825     0.6769      7.932   223.8465 8.3747e-01    14.3036      5.132      7.443    11.1870 0.0000e+00
      5.236      0.014     7.6566     69.598     45.735  33.103241     0.6219      7.932   223.7604 8.3987e-01    14.4869      5.134      7.446    11.1873 0.0000e+00
      5.240      0.014     7.6558     69.588     45.748  33.112498     0.6068      7.933   223.8298 8.3894e-01    14.6490      5.137      7.452    11.1874 0.0000e+00
      5.245      0.014     7.6497     69.585     45.729  33.100859     0.6360      7.933   223.9972 8.3710e-01    14.6934      5.143      7.460    11.1873 0.0000e+00
      5.249      0.015     7.6415     69.616     45.709  33.089409     0.6418      7.932   224.0634 8.4003e-01    14.5104      5.147      7.465    11.1875 0.0000e+00
      5.251      0.015     7.6400     69.672     45.720  33.100953     0.6020      7.931   224.1144 8.3593e-01    14.1789      5.149      7.469    11.1872 0.0000e+00
      5.254      0.014     7.6402     69.709     45.734  33.113547     0.5628      7.931   224.2694 8.2650e-01    14.0674      5.153      7.473    11.1867 0.0000e+00
      5.258      0.013     7.6370     69.739     45.732  33.114794     0.5670      7.931   224.3880 8.1595e-01    14.1529      5.157      7.480    11.1889 0.0000e+00
      5.262      0.012     7.6395     69.787     45.729  33.116042     0.5946      7.931   224.4309 8.0706e-01    14.1187      5.160      7.485    11.1936 0.0000e+00
      5.265      0.012     7.6492     69.843     45.742  33.128634     0.5970      7.931   224.4437 8.0532e-01    14.0297      5.163      7.489    11.1974 0.0000e+00
      5.268      0.011     7.6508     69.895     45.755  33.140162     0.5709      7.931   224.4569 8.0885e-01    14.0334      5.166      7.493    11.1996 0.0000e+00
      5.270      0.011     7.6523     69.948     45.740  33.128532     0.5536      7.930   224.5038 8.1614e-01    14.0949      5.168      7.495    11.2024 0.0000e+00
      5.273      0.011     7.6577     69.997     45.724  33.114908     0.5635      7.929   224.4947 8.1896e-01    14.1589      5.170      7.499    11.2062 0.0000e+00
      5.276      0.011     7.6639     70.021     45.709  33.102325     0.5570      7.929   224.5196 8.1521e-01    14.1576      5.174      7.504    11.2106 0.0000e+00
      5.279      0.012     7.6685     70.017     45.712  33.103269     0.5162      7.929   224.6318 8.0672e-01    14.1466      5.177      7.509    11.2128 0.0000e+00
      5.282      0.013     7.6743     69.998     45.744  33.126329     0.4951      7.929   224.7333 7.9667e-01    14.1979      5.180      7.513    11.2114 0.0000e+00
      5.284      0.013     7.6820     69.975     45.745  33.127368     0.4930      7.929   224.8867 7.9100e-01    14.2651      5.182      7.516    11.2095 0.0000e+00
      5.287      0.013     7.6845     69.944     45.730  33.115824     0.4825      7.928   225.0234 7.8878e-01    14.3446      5.184      7.519    11.2073 0.0000e+00
      5.292      0.012     7.6840     69.909     45.729  33.113641     0.4598      7.929   225.0093 7.8756e-01    14.3392      5.190      7.526    11.2054 0.0000e+00
      5.296      0.010     7.6810     69.877     45.716  33.100973     0.4263      7.929   224.9746 7.7658e-01    14.2341      5.194      7.533    11.2056 0.0000e+00
      5.299      0.008     7.6793     69.862     45.704  33.089543     0.4273      7.928   225.0342 7.6518e-01    14.2347      5.198      7.538    11.2062 0.0000e+00
      5.300      0.008     7.6753     69.870     45.722  33.102326     0.4721      7.928   225.1274 7.7036e-01    14.3472      5.199      7.540    11.2059 0.0000e+00
      5.300      0.008     7.6718     69.872     45.753  33.128637     0.5102      7.928   225.1554 7.8203e-01    14.4327      5.197      7.538    11.2045 0.0000e+00
      5.300      0.009     7.6684     69.876     45.779  33.153899     0.5131      7.929   225.1144 7.7511e-01    14.4145      5.197      7.537    11.2006 0.0000e+00
      5.302      0.010     7.6660     69.906     45.771  33.154003     0.4901      7.929   225.1482 7.5551e-01    14.2970      5.199      7.540    11.1970 0.0000e+00
      5.306      0.013     7.6700     69.932     45.734  33.129903     0.4745      7.928   225.3053 7.4896e-01    14.2087      5.204      7.548    11.1959 0.0000e+00
      5.311      0.015     7.6690     69.940     45.717  33.116281     0.4744      7.926   225.4648 7.4048e-01    14.2355      5.210      7.556    11.1990 0.0000e+00
      5.316      0.015     7.6651     69.954     45.720  33.116187     0.4723      7.926   225.5291 7.2119e-01    14.2785      5.214      7.563    11.2081 0.0000e+00
      5.320      0.015     7.6696     69.929     45.742  33.128762     0.4566      7.926   225.4801 7.1513e-01    14.1826      5.217      7.566    11.2165 0.0000e+00
      5.324      0.014     7.6739     69.849     45.762  33.141441     0.4350      7.926   225.4748 7.2916e-01    14.0323      5.221      7.572    11.2189 0.0000e+00
      5.328      0.013     7.6704     69.774     45.765  33.142593     0.4438      7.926   225.6365 7.3554e-01    14.0331      5.225      7.578    11.2169 0.0000e+00
      5.330      0.012     7.6771     69.729     45.765  33.142688     0.4714      7.925   225.8006 7.2443e-01    14.1230      5.227      7.581    11.2139 0.0000e+00
      5.333      0.012     7.6764     69.714     45.765  33.142593     0.4612      7.925   225.9104 7.1743e-01    14.1282      5.230      7.586    11.2105 0.0000e+00
      5.336      0.012     7.6629     69.744     45.764  33.141439     0.4277      7.925   226.0173 7.1612e-01    14.0619      5.233      7.589    11.2073 0.0000e+00
      5.339      0.013     7.6558     69.813     45.748  33.128742     0.4002      7.924   226.0607 7.0683e-01    14.0044      5.235      7.591    11.2062 0.0000e+00
      5.342      0.015     7.6505     69.879     45.731  33.115951     0.3872      7.924   226.0918 6.9975e-01    14.0139      5.238      7.597    11.2063 0.0000e+00
      5.346      0.018     7.6481     69.939     45.728  33.113663     0.4025      7.924   226.1349 7.0652e-01    14.1083      5.243      7.604    11.2075 0.0000e+00
      5.350      0.022     7.6508     70.005     45.713  33.101088     0.4111      7.924   226.1516 7.0847e-01    14.1216      5.247      7.610    11.2072 0.0000e+00
      5.355      0.024     7.6618     70.042     45.703  33.090793     0.4079      7.924   226.2073 6.9874e-01    14.0049      5.252      7.617    11.2048 0.0000e+00
      5.362      0.024     7.6694     70.043     45.744  33.116065     0.4215      7.925   226.2923 6.8836e-01    13.9269      5.258      7.626    11.2041 0.0000e+00
      5.372      0.019     7.6731     70.032     45.800  33.152872     0.4429      7.925   226.4048 6.7515e-01    13.9292      5.269      7.642    11.2050 0.0000e+00
      5.382      0.012     7.6843     69.995     45.802  33.155158     0.4663      7.924   226.5353 6.5816e-01    13.9304      5.280      7.658    11.2047 0.0000e+00
      5.386      0.005     7.6890     69.955     45.779  33.143718     0.4718      7.923   226.5803 6.5857e-01    13.8727      5.284      7.664    11.2007 0.0000e+00
      5.382      0.000     7.6873     69.942     45.766  33.141439     0.4518      7.923   226.6036 6.8024e-01    13.8461      5.280      7.659    11.1944 0.0000e+00
      5.375     -0.002     7.6900     69.928     45.737  33.127607     0.4483      7.923   226.6458 6.9453e-01    13.9164      5.269      7.644    11.1893 0.0000e+00
      5.370     -0.002     7.6842     69.936     45.693  33.103375     0.4711      7.922   226.6604 6.8949e-01    14.0051      5.263      7.634    11.1893 0.0000e+00
      5.370      0.002     7.6754     69.972     45.687  33.102230     0.4861      7.921   226.6939 6.7499e-01    14.0991      5.265      7.637    11.1966 0.0000e+00
      5.374      0.007     7.6768     69.982     45.706  33.113765     0.4713      7.922   226.7925 6.6434e-01    14.2000      5.270      7.644    11.2052 0.0000e+00
      5.379      0.010     7.6715     69.975     45.714  33.115959     0.4428      7.922   226.9067 6.5856e-01    14.2690      5.276      7.652    11.2127 0.0000e+00
      5.384      0.010     7.6684     69.976     45.735  33.128753     0.4405      7.923   226.9560 6.5314e-01    14.3179      5.280      7.659    11.2225 0.0000e+00
      5.387      0.008     7.6778     69.975     45.752  33.141554     0.4610      7.923   226.9584 6.5410e-01    14.3126      5.283      7.662    11.2263 0.0000e+00
      5.387      0.005     7.6770     69.976     45.752  33.143849     0.4565      7.922   227.0217 6.5868e-01    14.1710      5.284      7.663    11.2223 0.0000e+00
      5.387      0.003     7.6753     69.964     45.767  33.156517     0.4110      7.922   227.1183 6.6843e-01    14.0069      5.283      7.661    11.2181 0.0000e+00
      5.386      0.002     7.6784     69.940     45.781  33.167833     0.3688      7.921   227.0938 6.7864e-01    14.0016      5.282      7.660    11.2149 0.0000e+00
      5.386      0.004     7.6761     69.935     45.760  33.153793     0.3704      7.921   227.0701 6.7518e-01    14.1063      5.282      7.661    11.2147 0.0000e+00
      5.386      0.009     7.6775     69.956     45.705  33.113640     0.3812      7.921   227.1763 6.6582e-01    14.0778      5.282      7.661    11.2181 0.0000e+00
      5.387      0.014     7.6760     69.977     45.637  33.063010     0.3669      7.921   227.3448 6.5839e-01    13.8616      5.283      7.662    11.2208 0.0000e+00
      5.391      0.018     7.6707     69.982     45.623  33.049167     0.3551      7.921   227.5595 6.5474e-01    13.7475      5.287      7.667    11.2217 0.0000e+00
      5.399      0.019     7.6700     69.962     45.663  33.073152     0.3633      7.921   227.7070 6.4427e-01    13.8254      5.294      7.678    11.2229 0.0000e+00
      5.409      0.018     7.6737     69.888     45.708  33.099235     0.3997      7.921   227.7514 6.2685e-01    13.9158      5.305      7.694    11.2232 0.0000e+00
      5.416      0.015     7.6772     69.777     45.732  33.110751     0.4365      7.921   227.7519 6.1980e-01    13.8828      5.314      7.707    11.2218 0.0000e+00
      5.419      0.011     7.6773     69.671     45.702  33.085497     0.4256      7.920   227.7136 6.2153e-01    13.7681      5.316      7.710    11.2183 0.0000e+00
      5.417      0.009     7.6793     69.571     45.652  33.047660     0.4176      7.920   227.7182 6.2750e-01    13.7595      5.312      7.705    11.2115 0.0000e+00
      5.414      0.012     7.6715     69.486     45.636  33.033933     0.4482      7.920   227.7215 6.3820e-01    13.9154      5.309      7.699    11.2038 0.0000e+00
      5.414      0.017     7.6572     69.441     45.657  33.046404     0.4716      7.920   227.6674 6.4893e-01    14.0814      5.308      7.700    11.1974 0.0000e+00
      5.419      0.024     7.6477     69.455     45.697  33.071554     0.4675      7.920   227.6666 6.5275e-01    14.0919      5.312      7.705    11.1937 0.0000e+00
