Data/DataNotYetUploadedToEDI/Raw_CTD/RawDownloads/070725_fcr30_S7809009.cnv
* Sea-Bird SBE19plus  Data File:
* FileName = C:\R\Reservoirs\Data\DataNotYetUploadedToEDI\Raw_CTD\RawDownloads\070325_fcr50_S7809_0009.hex
* Software version 2.8.0.119
* Temperature SN = 7809
* Conductivity SN = 7809
* System UpLoad Time = Jul 07 2025 16:24:15
* <ApplicationData>
* <Seaterm232>
# nquan = 15
# nvalues = 3239                        
# units = specified
# name 0 = depFM: Depth [fresh water, m]
# name 1 = dz/dtM: Descent Rate [m/s]
# name 2 = sbeox0Mg/L: Oxygen, SBE 43 [mg/l]
# name 3 = sbeox0PS: Oxygen, SBE 43 [% saturation]
# name 4 = specc: Specific Conductance [uS/cm]
# name 5 = c0uS/cm: Conductivity [uS/cm]
# name 6 = flECO-AFL: Fluorescence, WET Labs ECO-AFL/FL [mg/m^3]
# name 7 = ph: pH
# name 8 = orp: Oxidation Reduction Potential [mV]
# name 9 = par/sat/log: PAR/Logarithmic, Satlantic
# name 10 = turbWETntu0: Turbidity, WET Labs ECO [NTU]
# name 11 = prdM: Pressure, Strain Gauge [db]
# name 12 = prdE: Pressure, Strain Gauge [psi]
# name 13 = tv290C: Temperature [ITS-90, deg C]
# name 14 = flag:  0.000e+00
# span 0 =     -0.636,      5.300       
# span 1 =     -0.509,      0.194       
# span 2 =     0.0199,     9.0117       
# span 3 =      0.202,    113.275       
# span 4 =      0.926,     67.967       
# span 5 =   0.901414,  53.573734       
# span 6 =    -0.2265,    33.2008       
# span 7 =      7.725,      9.511       
# span 8 =    58.2566,   497.3247       
# span 9 = 1.2349e-01, 2.6667e+03       
# span 10 =    -3.0403,   231.3334      
# span 11 =     -0.624,      5.201      
# span 12 =     -0.905,      7.543      
# span 13 =    11.1431,    27.9199      
# span 14 = 0.0000e+00, 0.0000e+00      
# interval = seconds: 0.25
# start_time = Jul 07 2025 13:00:01 [Instrument's time stamp, header]
# bad_flag = -9.990e-29
*END*
[from data line 579]
      0.992      0.004     8.1386    100.418     35.239  36.022169     2.4886      9.365   146.9296 3.8814e+02     6.4963      0.973      1.412    26.1233 0.0000e+00
      0.994      0.005     8.1351    100.429     35.240  36.018085     2.5138      9.365   147.0282 3.8585e+02     6.6296      0.975      1.414    26.1195 0.0000e+00
      0.995      0.005     8.1272    100.429     35.252  36.029216     2.5165      9.365   147.1504 3.8152e+02     6.6713      0.975      1.414    26.1180 0.0000e+00
      0.996      0.006     8.1272    100.423     35.250  36.029850     2.4620      9.364   147.2884 3.7732e+02     6.5899      0.976      1.417    26.1142 0.0000e+00
      0.998      0.006     8.1312    100.430     35.244  36.025755     2.3881      9.363   147.3207 3.7133e+02     6.5004      0.978      1.419    26.1053 0.0000e+00
      0.999      0.006     8.1332    100.463     35.259  36.043165     2.3631      9.363   147.2822 3.6179e+02     6.5105      0.980      1.420    26.0954 0.0000e+00
      1.001      0.006     8.1338    100.513     35.265  36.049995     2.3856      9.363   147.3390 3.5375e+02     6.6449      0.982      1.425    26.0938 0.0000e+00
      1.003      0.005     8.1316    100.537     35.260  36.044890     2.3764      9.363   147.4920 3.4675e+02     6.6902      0.984      1.427    26.0997 0.0000e+00
      1.004      0.005     8.1307    100.504     35.259  36.044889     2.3180      9.363   147.5829 3.3801e+02     6.5800      0.984      1.428    26.1046 0.0000e+00
      1.005      0.005     8.1339    100.454     35.263  36.049986     2.2870      9.362   147.5769 3.2838e+02     6.5071      0.985      1.430    26.1057 0.0000e+00
      1.006      0.006     8.1387    100.409     35.257  36.043061     2.3100      9.362   147.5924 3.1955e+02     6.5615      0.986      1.431    26.1052 0.0000e+00
      1.007      0.007     8.1432    100.329     35.241  36.024612     2.3545      9.361   147.5980 3.1351e+02     6.6560      0.987      1.432    26.1058 0.0000e+00
      1.009      0.008     8.1373    100.229     35.235  36.017275     2.3758      9.361   147.5590 3.0424e+02     6.6254      0.989      1.435    26.1085 0.0000e+00
      1.012      0.008     8.1315    100.149     35.235  36.017794     2.3601      9.362   147.7229 2.9349e+02     6.5326      0.993      1.438    26.1104 0.0000e+00
      1.015      0.007     8.1318    100.092     35.249  36.030890     2.3650      9.362   148.0305 2.8541e+02     6.5584      0.996      1.444    26.1083 0.0000e+00
      1.017      0.006     8.1241    100.064     35.269  36.048714     2.4011      9.362   148.1808 2.7510e+02     6.6639      0.999      1.449    26.1046 0.0000e+00
      1.019      0.004     8.1141    100.050     35.266  36.042947     2.4217      9.362   148.2498 2.6652e+02     6.6823      1.000      1.450    26.1042 0.0000e+00
      1.019      0.002     8.1090    100.034     35.251  36.024604     2.4053      9.362   148.3488 2.5880e+02     6.5762      0.999      1.450    26.1044 0.0000e+00
      1.018      0.000     8.1034    100.044     35.245  36.017277     2.3701      9.362   148.4313 2.5179e+02     6.4740      0.998      1.448    26.1027 0.0000e+00
      1.018     -0.001     8.1024    100.089     35.245  36.017806     2.3532      9.362   148.4723 2.4850e+02     6.5053      0.998      1.448    26.0992 0.0000e+00
      1.017     -0.001     8.1031    100.097     35.258  36.030997     2.3433      9.362   148.5869 2.4285e+02     6.5442      0.998      1.447    26.0941 0.0000e+00
      1.017     -0.001     8.1011    100.026     35.274  36.049869     2.3333      9.362   148.7852 2.3807e+02     6.4664      0.997      1.447    26.0902 0.0000e+00
      1.017      0.000     8.1006     99.962     35.277  36.055647     2.3238      9.362   148.8911 2.3581e+02     6.4179      0.998      1.447    26.0895 0.0000e+00
      1.017      0.001     8.1074     99.975     35.257  36.037413     2.3202      9.362   148.9203 2.3191e+02     6.4704      0.997      1.446    26.0897 0.0000e+00
      1.017      0.002     8.1111    100.052     35.238  36.019749     2.3395      9.361   148.9658 2.3119e+02     6.5897      0.997      1.446    26.0904 0.0000e+00
      1.017      0.003     8.0997    100.144     35.248  36.032433     2.3326      9.360   149.0108 2.3157e+02     6.6305      0.997      1.446    26.0933 0.0000e+00
      1.018      0.004     8.0920    100.214     35.275  36.063868     2.3121      9.359   149.0349 2.3103e+02     6.5188      0.998      1.448    26.0982 0.0000e+00
      1.020      0.005     8.0933    100.274     35.290  36.082587     2.3159      9.359   149.0845 2.3333e+02     6.4343      1.000      1.451    26.1020 0.0000e+00
      1.022      0.005     8.1008    100.299     35.275  36.068418     2.3366      9.359   149.1806 2.3572e+02     6.4978      1.003      1.454    26.1031 0.0000e+00
      1.024      0.005     8.1096    100.159     35.290  36.082910     2.3801      9.359   149.2502 2.3614e+02     6.6378      1.004      1.456    26.1062 0.0000e+00
      1.025      0.005     8.1134     99.877     35.342  36.130908     2.3920      9.359   149.3245 2.3781e+02     6.6583      1.005      1.458    26.1121 0.0000e+00
      1.026      0.005     8.1167     99.722     35.362  36.141148     2.3639      9.358   149.4761 2.4076e+02     6.5403      1.006      1.459    26.1168 0.0000e+00
      1.027      0.005     8.1244     99.762     35.377  36.143253     2.3485      9.358   149.6201 2.4176e+02     6.4754      1.006      1.460    26.1183 0.0000e+00
      1.028      0.006     8.1162     99.827     35.402  36.156334     2.3638      9.359   149.6891 2.4171e+02     6.5568      1.008      1.463    26.1184 0.0000e+00
      1.029      0.007     8.0786     99.804     35.428  36.172392     2.3986      9.359   149.6224 2.4112e+02     6.6694      1.009      1.464    26.1130 0.0000e+00
      1.031      0.009     8.0678     99.683     35.473  36.210498     2.3955      9.358   149.5016 2.3987e+02     6.6419      1.011      1.467    26.0971 0.0000e+00
      1.034      0.010     8.0827     99.538     35.507  36.236356     2.3427      9.358   149.6058 2.3785e+02     6.5659      1.014      1.471    26.0765 0.0000e+00
      1.037      0.010     8.0924     99.445     35.512  36.231229     2.2923      9.358   149.7629 2.3439e+02     6.5355      1.016      1.474    26.0572 0.0000e+00
      1.041      0.010     8.0940     99.374     35.501  36.211942     2.2858      9.358   149.7669 2.2957e+02     6.5490      1.020      1.480    26.0413 0.0000e+00
      1.044      0.009     8.0824     99.221     35.485  36.193495     2.3138      9.358   149.8254 2.2314e+02     6.6256      1.025      1.485    26.0328 0.0000e+00
      1.046      0.008     8.0691     98.976     35.487  36.198536     2.3237      9.358   149.9554 2.1680e+02     6.6086      1.027      1.488    26.0243 0.0000e+00
      1.047      0.007     8.0647     98.729     35.494  36.209449     2.3061      9.357   150.0478 2.1307e+02     6.5478      1.027      1.490    26.0054 0.0000e+00
      1.048      0.005     8.0667     98.578     35.480  36.198546     2.3090      9.357   150.0824 2.1181e+02     6.6083      1.028      1.490    25.9903 0.0000e+00
      1.049      0.004     8.0537     98.523     35.475  36.193620     2.3415      9.357   150.1159 2.1152e+02     6.6573      1.028      1.491    25.9906 0.0000e+00
      1.050      0.004     8.0296     98.453     35.499  36.213335     2.3660      9.357   150.1942 2.1142e+02     6.5923      1.029      1.495    25.9972 0.0000e+00
      1.052      0.005     8.0062     98.383     35.540  36.246563     2.3721      9.357   150.2538 2.1218e+02     6.5061      1.032      1.497    26.0032 0.0000e+00
      1.053      0.005     7.9904     98.329     35.581  36.278119     2.3653      9.357   150.3209 2.1283e+02     6.5378      1.033      1.498    26.0076 0.0000e+00
      1.054      0.005     7.9948     98.252     35.588  36.277609     2.3666      9.357   150.4035 2.1373e+02     6.6674      1.033      1.499    26.0085 0.0000e+00
      1.056      0.005     7.9860     98.245     35.556  36.240384     2.3880      9.356   150.4790 2.1465e+02     6.6730      1.035      1.502    26.0030 0.0000e+00
      1.058      0.004     7.9800     98.296     35.527  36.208728     2.3752      9.356   150.5446 2.1395e+02     6.5372      1.037      1.504    25.9886 0.0000e+00
      1.058      0.004     7.9855     98.311     35.530  36.212106     2.3200      9.356   150.5948 2.1348e+02     6.4605      1.038      1.505    25.9726 0.0000e+00
      1.059      0.003     7.9709     98.291     35.534  36.217775     2.3114      9.356   150.6552 2.1224e+02     6.5307      1.039      1.507    25.9619 0.0000e+00
      1.060      0.003     7.9748     98.287     35.530  36.213820     2.3455      9.355   150.6724 2.1060e+02     6.6683      1.039      1.507    25.9549 0.0000e+00
      1.060      0.004     7.9829     98.283     35.547  36.227749     2.3417      9.355   150.6308 2.0864e+02     6.6549      1.039      1.507    25.9519 0.0000e+00
      1.061      0.005     7.9841     98.289     35.583  36.259274     2.3155      9.355   150.6688 2.0544e+02     6.5062      1.040      1.508    25.9516 0.0000e+00
      1.062      0.006     7.9784     98.342     35.606  36.277729     2.3033      9.354   150.7875 2.0196e+02     6.4414      1.041      1.510    25.9559 0.0000e+00
      1.064      0.007     7.9795     98.395     35.592  36.260530     2.3188      9.354   150.8618 1.9817e+02     6.5205      1.043      1.513    25.9599 0.0000e+00
      1.067      0.007     7.9809     98.453     35.576  36.241668     2.3530      9.353   150.9647 1.9444e+02     6.6432      1.046      1.518    25.9532 0.0000e+00
      1.070      0.007     7.9777     98.513     35.581  36.240015     2.3423      9.353   151.0847 1.9043e+02     6.6271      1.049      1.522    25.9423 0.0000e+00
      1.072      0.007     7.9898     98.555     35.589  36.240538     2.3053      9.353   151.1087 1.8673e+02     6.4965      1.051      1.524    25.9355 0.0000e+00
      1.072      0.006     7.9900     98.539     35.600  36.247970     2.2974      9.352   151.1689 1.8358e+02     6.4302      1.052      1.525    25.9335 0.0000e+00
      1.073      0.006     7.9976     98.473     35.618  36.266427     2.3216      9.352   151.2966 1.8051e+02     6.5083      1.052      1.526    25.9310 0.0000e+00
      1.074      0.006     8.0031     98.428     35.625  36.273345     2.3567      9.352   151.3617 1.7778e+02     6.6558      1.054      1.528    25.9214 0.0000e+00
      1.076      0.007     8.0103     98.356     35.620  36.268162     2.3476      9.352   151.4401 1.7526e+02     6.6423      1.055      1.530    25.9078 0.0000e+00
      1.079      0.007     8.0115     98.231     35.618  36.267218     2.3029      9.352   151.5562 1.7333e+02     6.4814      1.057      1.533    25.9019 0.0000e+00
      1.081      0.006     7.9988     98.110     35.610  36.261931     2.2827      9.351   151.5603 1.7191e+02     6.4187      1.060      1.538    25.9044 0.0000e+00
      1.083      0.005     8.0008     98.039     35.615  36.267694     2.3032      9.350   151.4901 1.7048e+02     6.4982      1.062      1.541    25.9035 0.0000e+00
      1.083      0.005     7.9955     98.017     35.620  36.273453     2.3340      9.350   151.4812 1.6966e+02     6.6231      1.063      1.541    25.9007 0.0000e+00
      1.083      0.005     7.9823     97.998     35.614  36.268110     2.3298      9.350   151.5392 1.6906e+02     6.6308      1.062      1.541    25.9044 0.0000e+00
      1.084      0.005     7.9702     97.944     35.613  36.266542     2.3033      9.349   151.6744 1.6880e+02     6.5237      1.063      1.541    25.9106 0.0000e+00
      1.085      0.005     7.9641     97.868     35.602  36.254496     2.3131      9.348   151.8258 1.6873e+02     6.5232      1.064      1.543    25.9118 0.0000e+00
      1.088      0.005     7.9642     97.806     35.599  36.249354     2.3476      9.348   151.9073 1.6810e+02     6.6245      1.067      1.547    25.9112 0.0000e+00
      1.090      0.005     7.9640     97.743     35.621  36.267823     2.3541      9.349   151.9708 1.6777e+02     6.6550      1.070      1.551    25.9122 0.0000e+00
      1.092      0.005     7.9595     97.659     35.646  36.287449     2.3339      9.349   151.9924 1.6687e+02     6.5852      1.071      1.553    25.9125 0.0000e+00
      1.092      0.005     7.9509     97.585     35.659  36.296293     2.3202      9.348   151.9104 1.6560e+02     6.5668      1.071      1.553    25.9120 0.0000e+00
      1.092      0.005     7.9476     97.540     35.676  36.311291     2.3294      9.348   151.9251 1.6465e+02     6.6711      1.071      1.554    25.9087 0.0000e+00
      1.093      0.006     7.9448     97.525     35.710  36.341882     2.3538      9.347   152.0836 1.6338e+02     6.7535      1.072      1.554    25.9017 0.0000e+00
      1.094      0.008     7.9372     97.553     35.725  36.348915     2.3744      9.347   152.1921 1.6212e+02     6.7090      1.073      1.556    25.8931 0.0000e+00
      1.097      0.009     7.9318     97.602     35.719  36.332861     2.3704      9.347   152.2912 1.6054e+02     6.5768      1.076      1.561    25.8859 0.0000e+00
      1.101      0.009     7.9292     97.660     35.730  36.338111     2.3720      9.347   152.3353 1.5900e+02     6.5222      1.081      1.567    25.8843 0.0000e+00
      1.104      0.008     7.9266     97.711     35.742  36.348928     2.4014      9.347   152.2954 1.5745e+02     6.5944      1.084      1.571    25.8816 0.0000e+00
      1.106      0.007     7.9324     97.715     35.729  36.336750     2.4013      9.346   152.4106 1.5546e+02     6.5969      1.084      1.573    25.8687 0.0000e+00
      1.107      0.005     7.9390     97.656     35.710  36.317761     2.3383      9.345   152.6091 1.5330e+02     6.4830      1.085      1.575    25.8524 0.0000e+00
      1.108      0.003     7.9444     97.531     35.701  36.309694     2.2633      9.344   152.7173 1.5100e+02     6.4131      1.087      1.577    25.8430 0.0000e+00
      1.108      0.003     7.9520     97.410     35.693  36.302669     2.2437      9.344   152.7721 1.4850e+02     6.5033      1.087      1.577    25.8419 0.0000e+00
      1.108      0.003     7.9503     97.369     35.685  36.296266     2.2676      9.344   152.7553 1.4571e+02     6.6520      1.086      1.576    25.8447 0.0000e+00
      1.108      0.003     7.9472     97.374     35.683  36.295735     2.2686      9.344   152.7723 1.4278e+02     6.6395      1.086      1.576    25.8462 0.0000e+00
      1.109      0.003     7.9347     97.408     35.682  36.296244     2.2404      9.344   152.8919 1.3970e+02     6.5909      1.088      1.578    25.8462 0.0000e+00
      1.110      0.003     7.9196     97.476     35.688  36.302429     2.2255      9.344   152.9970 1.3670e+02     6.6111      1.089      1.579    25.8476 0.0000e+00
      1.112      0.003     7.9204     97.571     35.694  36.307063     2.2390      9.343   153.0964 1.3377e+02     6.6101      1.091      1.581    25.8500 0.0000e+00
      1.113      0.003     7.9194     97.676     35.677  36.288818     2.2529      9.342   153.2337 1.3082e+02     6.6134      1.091      1.583    25.8525 0.0000e+00
      1.113      0.003     7.9216     97.768     35.658  36.272185     2.2438      9.342   153.2799 1.2800e+02     6.5485      1.092      1.583    25.8559 0.0000e+00
      1.114      0.003     7.9280     97.870     35.677  36.296305     2.2295      9.342   153.2256 1.2542e+02     6.5075      1.092      1.584    25.8562 0.0000e+00
      1.114      0.004     7.9353     97.962     35.703  36.326657     2.2214      9.342   153.2654 1.2322e+02     6.5623      1.093      1.585    25.8522 0.0000e+00
      1.115      0.006     7.9473     97.963     35.697  36.321924     2.2368      9.342   153.3312 1.2110e+02     6.5971      1.094      1.586    25.8498 0.0000e+00
