Data/DataNotYetUploadedToEDI/Raw_CTD/RawDownloads/070722_ccr20_SBE19plus01907809_0006.cnv
* Sea-Bird SBE19plus  Data File:
* FileName = C:\R\Reservoirs\Data\DataNotYetUploadedToEDI\Raw_CTD\RawDownloads\070722_ccr50_SBE19plus01907809_0006.hex
* Software version 2.8.0.119
* Temperature SN = 7809
* Conductivity SN = 7809
* System UpLoad Time = Jul 07 2022 15:46:22
* <ApplicationData>
* <Seaterm232>
# nquan = 15
# nvalues = 1273                        
# units = specified
# name 0 = depFM: Depth [fresh water, m]
# name 1 = dz/dtM: Descent Rate [m/s]
# name 2 = sbeox0Mg/L: Oxygen, SBE 43 [mg/l]
# name 3 = sbeox0PS: Oxygen, SBE 43 [% saturation]
# name 4 = specc: Specific Conductance [uS/cm]
# name 5 = c0uS/cm: Conductivity [uS/cm]
# name 6 = flECO-AFL: Fluorescence, WET Labs ECO-AFL/FL [mg/m^3]
# name 7 = ph: pH
# name 8 = orp: Oxidation Reduction Potential [mV]
# name 9 = par/sat/log: PAR/Logarithmic, Satlantic
# name 10 = turbWETntu0: Turbidity, WET Labs ECO [NTU]
# name 11 = prdM: Pressure, Strain Gauge [db]
# name 12 = prdE: Pressure, Strain Gauge [psi]
# name 13 = tv290C: Temperature [ITS-90, deg C]
# name 14 = flag:  0.000e+00
# span 0 =     -0.488,      9.222       
# span 1 =     -0.350,      0.233       
# span 2 =     0.3994,     7.6151       
# span 3 =      3.693,     93.707       
# span 4 =      1.801,    105.377       
# span 5 =   1.816855,  92.115027       
# span 6 =    -0.1507,     3.4817       
# span 7 =      7.387,      8.465       
# span 8 =   -62.0043,   229.9068       
# span 9 = 1.0563e+00, 8.0581e+02       
# span 10 =    -0.3937,    31.5724      
# span 11 =     -0.479,      9.044      
# span 12 =     -0.695,     13.117      
# span 13 =    11.6535,    27.8680      
# span 14 = 0.0000e+00, 0.0000e+00      
# interval = seconds: 0.25
# start_time = Jul 07 2022 08:33:07 [Instrument's time stamp, header]
# bad_flag = -9.990e-29
*END*
[from data line 675]
      8.097      0.074     0.5285      5.016    101.905  76.832045     1.1655      7.803   216.2254 4.3052e+00     4.2190      7.942     11.519    12.7668 0.0000e+00
      8.118      0.072     0.5318      4.985    101.944  76.795621     1.1404      7.801   216.3477 4.2421e+00     4.1847      7.963     11.549    12.7464 0.0000e+00
      8.133      0.067     0.5342      4.960    101.992  76.762522     1.1162      7.798   216.7773 4.1859e+00     4.1381      7.976     11.568    12.7344 0.0000e+00
      8.146      0.061     0.5354      4.924    102.051  76.749482     1.0813      7.795   217.2899 4.1160e+00     4.0994      7.988     11.584    12.7215 0.0000e+00
      8.160      0.056     0.5322      4.869    102.131  76.764968     1.0346      7.792   216.9536 4.0416e+00     4.0927      8.003     11.607    12.6990 0.0000e+00
      8.175      0.051     0.5284      4.824    102.163  76.759089     1.0092      7.787   216.4967 3.9824e+00     4.1261      8.018     11.630    12.6629 0.0000e+00
      8.189      0.047     0.5273      4.802    102.153  76.741907     1.0160      7.783   216.4118 3.9292e+00     4.1611      8.032     11.649    12.6257 0.0000e+00
      8.201      0.043     0.5249      4.787    102.146  76.747839     1.0242      7.781   216.3565 3.8802e+00     4.2089      8.043     11.666    12.5988 0.0000e+00
      8.210      0.038     0.5169      4.779    102.144  76.767285     1.0170      7.778   216.4310 3.8421e+00     4.2939      8.051     11.678    12.5762 0.0000e+00
      8.219      0.034     0.5121      4.778    102.145  76.786430     1.0123      7.774   216.5383 3.8092e+00     4.3350      8.060     11.690    12.5602 0.0000e+00
      8.226      0.032     0.5112      4.785    102.136  76.788705     1.0182      7.773   216.9657 3.7889e+00     4.3301      8.067     11.701    12.5551 0.0000e+00
      8.233      0.030     0.5086      4.793    102.142  76.794808     1.0385      7.771   217.5547 3.7753e+00     4.4052      8.073     11.710    12.5628 0.0000e+00
      8.241      0.030     0.5085      4.797    102.144  76.796674     1.0741      7.767   217.3787 3.7463e+00     4.5592      8.081     11.721    12.5756 0.0000e+00
      8.248      0.031     0.5075      4.798    102.077  76.747720     1.0903      7.764   216.8167 3.7215e+00     4.6557      8.089     11.731    12.5857 0.0000e+00
      8.255      0.033     0.5087      4.794    101.978  76.647713     1.0768      7.762   216.6961 3.7064e+00     4.6493      8.096     11.742    12.5899 0.0000e+00
      8.263      0.038     0.5100      4.789    101.931  76.540600     1.0434      7.759   216.6951 3.6811e+00     4.6866      8.104     11.753    12.5904 0.0000e+00
      8.272      0.045     0.5098      4.787    101.950  76.469201     1.0117      7.757   216.5458 3.6437e+00     4.8341      8.111     11.764    12.5869 0.0000e+00
      8.282      0.053     0.5103      4.792    101.983  76.419749     1.0092      7.755   216.7839 3.5952e+00     4.9633      8.120     11.778    12.5940 0.0000e+00
      8.296      0.062     0.5097      4.803    102.024  76.387380     1.0224      7.752   217.1661 3.5313e+00     5.0532      8.134     11.798    12.5903 0.0000e+00
      8.314      0.068     0.5097      4.828    102.100  76.395465     1.0296      7.750   217.0368 3.4532e+00     5.1010      8.153     11.825    12.5424 0.0000e+00
      8.336      0.073     0.5095      4.863    102.221  76.453914     1.0551      7.749   217.0265 3.3681e+00     5.1995      8.174     11.856    12.4968 0.0000e+00
      8.358      0.074     0.5107      4.909    102.352  76.522173     1.1054      7.745   217.4724 3.2818e+00     5.3910      8.196     11.888    12.4628 0.0000e+00
      8.379      0.069     0.5118      4.975    102.413  76.521792     1.1306      7.742   217.6962 3.2092e+00     5.5037      8.219     11.919    12.4305 0.0000e+00
      8.397      0.059     0.5148      5.050    102.450  76.512807     1.1262      7.739   217.5817 3.1442e+00     5.5371      8.234     11.943    12.4058 0.0000e+00
      8.413      0.046     0.5193      5.094    102.487  76.540572     1.1019      7.736   217.6372 3.0794e+00     5.5555      8.251     11.967    12.3914 0.0000e+00
      8.425      0.035     0.5233      5.091    102.452  76.539784     1.0616      7.733   218.0224 3.0548e+00     5.5551      8.266     11.989    12.3852 0.0000e+00
      8.429      0.029     0.5310      5.076    102.462  76.566851     1.0381      7.731   218.2812 3.0677e+00     5.5669      8.267     11.991    12.3553 0.0000e+00
      8.428      0.029     0.5414      5.067    102.638  76.677241     1.0257      7.729   218.1852 3.0739e+00     5.5956      8.265     11.986    12.3284 0.0000e+00
      8.429      0.036     0.5473      5.055    102.896  76.794265     1.0127      7.726   218.0653 3.0581e+00     5.6295      8.264     11.985    12.3350 0.0000e+00
      8.436      0.047     0.5442      5.035    103.109  76.837938     1.0053      7.724   217.9502 3.0078e+00     5.7027      8.270     11.994    12.3506 0.0000e+00
      8.451      0.058     0.5415      4.992    103.267  76.823905     1.0104      7.723   217.7406 2.9171e+00     5.7981      8.285     12.017    12.3686 0.0000e+00
      8.474      0.067     0.5421      4.922    103.411  76.815060     1.0333      7.721   217.5094 2.8071e+00     5.8603      8.308     12.051    12.3621 0.0000e+00
      8.499      0.070     0.5404      4.820    103.490  76.794409     1.0740      7.719   217.3051 2.7198e+00     5.9082      8.338     12.092    12.3190 0.0000e+00
      8.522      0.070     0.5407      4.678    103.439  76.701217     1.1197      7.716   217.2499 2.6631e+00     5.9670      8.360     12.125    12.2621 0.0000e+00
      8.537      0.069     0.5362      4.513    103.350  76.577814     1.1358      7.714   217.3588 2.6189e+00     5.9900      8.373     12.145    12.1906 0.0000e+00
      8.548      0.068     0.5296      4.343    103.358  76.509588     1.1283      7.712   217.4168 2.5857e+00     6.0170      8.383     12.158    12.1291 0.0000e+00
      8.560      0.066     0.5206      4.192    103.468  76.511637     1.1286      7.709   217.4343 2.5340e+00     6.0876      8.391     12.170    12.0951 0.0000e+00
      8.578      0.064     0.5034      4.092    103.582  76.538956     1.1396      7.707   217.6575 2.4563e+00     6.1265      8.410     12.198    12.0728 0.0000e+00
      8.602      0.060     0.4864      4.068    103.595  76.522125     1.1522      7.705   217.9645 2.3833e+00     6.1120      8.437     12.237    12.0492 0.0000e+00
      8.623      0.054     0.4668      4.108    103.572  76.498735     1.1563      7.702   218.1354 2.3354e+00     6.0820      8.459     12.269    12.0105 0.0000e+00
      8.637      0.047     0.4504      4.191    103.588  76.510304     1.1314      7.700   218.3466 2.3144e+00     6.0035      8.473     12.289    11.9656 0.0000e+00
      8.643      0.040     0.4380      4.321    103.538  76.471385     1.0922      7.696   218.6247 2.3062e+00     5.8803      8.478     12.296    11.9373 0.0000e+00
      8.646      0.036     0.4360      4.461    103.375  76.345871     1.0737      7.694   218.8312 2.2958e+00     5.7874      8.478     12.297    11.9270 0.0000e+00
      8.650      0.036     0.4431      4.585    103.293  76.263539     1.0741      7.692   218.9505 2.2687e+00     5.7684      8.481     12.301    11.9267 0.0000e+00
      8.658      0.039     0.4492      4.691    103.402  76.301918     1.0969      7.690   218.8628 2.2341e+00     5.8894      8.489     12.313    11.9276 0.0000e+00
      8.672      0.043     0.4662      4.771    103.537  76.365073     1.1332      7.688   218.7164 2.2039e+00     6.0555      8.502     12.332    11.9259 0.0000e+00
      8.689      0.046     0.4829      4.847    103.587  76.391701     1.1469      7.686   218.6435 2.1653e+00     6.1029      8.520     12.359    11.9263 0.0000e+00
      8.704      0.047     0.4945      4.946    103.637  76.433234     1.1384      7.684   218.7560 2.1342e+00     6.0524      8.538     12.383    11.9191 0.0000e+00
      8.715      0.052     0.5086      5.051    103.795  76.549551     1.1291      7.682   218.9576 2.1217e+00     6.0259      8.547     12.397    11.8920 0.0000e+00
      8.722      0.061     0.5156      5.143    103.963  76.654330     1.1261      7.680   218.7586 2.1044e+00     6.2263      8.553     12.406    11.8692 0.0000e+00
      8.730      0.071     0.5224      5.241    104.049  76.683420     1.1356      7.678   218.5009 2.0774e+00     6.5969      8.558     12.412    11.8678 0.0000e+00
      8.747      0.081     0.5337      5.323    104.134  76.710604     1.1445      7.676   218.6814 2.0101e+00     6.7836      8.571     12.431    11.8734 0.0000e+00
      8.777      0.088     0.5475      5.333    104.194  76.728795     1.1497      7.674   218.8750 1.9012e+00     6.8101      8.607     12.482    11.8761 0.0000e+00
      8.812      0.091     0.5549      5.282    104.194  76.712715     1.2076      7.671   218.6907 1.8102e+00     6.9170      8.644     12.538    11.8674 0.0000e+00
      8.841      0.088     0.5662      5.193    104.199  76.706799     1.3113      7.668   218.5182 1.7525e+00     7.0852      8.672     12.578    11.8463 0.0000e+00
      8.862      0.082     0.5805      5.062    104.229  76.720792     1.3722      7.666   218.5963 1.7216e+00     7.1697      8.694     12.609    11.8277 0.0000e+00
      8.876      0.074     0.5786      4.895    104.287  76.754809     1.3854      7.665   218.7745 1.7048e+00     7.1868      8.706     12.627    11.8162 0.0000e+00
      8.887      0.070     0.5727      4.732    104.362  76.800379     1.3960      7.663   219.2964 1.6716e+00     7.2244      8.714     12.638    11.8084 0.0000e+00
      8.902      0.071     0.5639      4.601    104.410  76.826961     1.4008      7.661   219.7444 1.6297e+00     7.2482      8.730     12.660    11.8044 0.0000e+00
      8.921      0.075     0.5499      4.499    104.412  76.822031     1.3856      7.660   219.3727 1.5976e+00     7.2355      8.748     12.687    11.8013 0.0000e+00
      8.943      0.080     0.5295      4.420    104.394  76.804307     1.3612      7.657   218.7595 1.5512e+00     7.2079      8.768     12.717    11.7971 0.0000e+00
      8.968      0.082     0.5105      4.349    104.397  76.803286     1.3396      7.654   218.4387 1.4904e+00     7.2559      8.796     12.757    11.7918 0.0000e+00
      8.993      0.081     0.4974      4.264    104.410  76.809676     1.3251      7.651   218.3332 1.4484e+00     7.4054      8.821     12.794    11.7879 0.0000e+00
      9.013      0.077     0.4861      4.173    104.426  76.818021     1.3263      7.649   218.4313 1.4173e+00     7.5129      8.840     12.821    11.7852 0.0000e+00
      9.030      0.071     0.4783      4.106    104.462  76.840633     1.3289      7.647   218.5058 1.3815e+00     7.4963      8.856     12.845    11.7830 0.0000e+00
      9.047      0.064     0.4717      4.061    104.537  76.892448     1.3073      7.644   218.5455 1.3476e+00     7.3420      8.872     12.868    11.7813 0.0000e+00
      9.063      0.058     0.4627      4.010    104.689  76.999704     1.2730      7.642   218.5672 1.3246e+00     7.1161      8.889     12.892    11.7800 0.0000e+00
      9.078      0.054     0.4503      3.959    104.867  77.120770     1.2551      7.640   218.5105 1.3167e+00     7.0203      8.904     12.914    11.7783 0.0000e+00
      9.090      0.051     0.4435      3.929    104.927  77.148911     1.2489      7.637   218.6340 1.2989e+00     7.0030      8.914     12.929    11.7763 0.0000e+00
      9.101      0.047     0.4406      3.913    104.861  77.085761     1.2479      7.634   218.8555 1.2654e+00     6.9060      8.923     12.942    11.7747 0.0000e+00
      9.113      0.045     0.4346      3.884    104.832  77.056200     1.2603      7.633   218.8663 1.2445e+00     6.8050      8.937     12.962    11.7734 0.0000e+00
      9.125      0.044     0.4272      3.836    104.925  77.109190     1.2736      7.632   218.9370 1.2325e+00     6.7716      8.949     12.980    11.7696 0.0000e+00
      9.135      0.044     0.4251      3.787    105.043  77.154554     1.2672      7.629   219.2791 1.2145e+00     6.7420      8.958     12.994    11.7599 0.0000e+00
      9.145      0.043     0.4246      3.743    105.121  77.159839     1.2498      7.627   219.4757 1.1948e+00     6.6859      8.967     13.005    11.7521 0.0000e+00
      9.157      0.041     0.4219      3.703    105.172  77.173029     1.2288      7.625   219.3356 1.1802e+00     6.7425      8.979     13.022    11.7495 0.0000e+00
      9.170      0.037     0.4156      3.693    105.193  77.186927     1.2049      7.622   219.1332 1.1642e+00     6.9144      8.994     13.044    11.7483 0.0000e+00
      9.181      0.033     0.4097      3.716    105.226  77.200796     1.2025      7.619   219.0080 1.1386e+00     7.0214      9.005     13.060    11.7268 0.0000e+00
      9.188      0.028     0.4071      3.762    105.274  77.213613     1.2086      7.617   218.8534 1.1120e+00     7.0124      9.011     13.070    11.6896 0.0000e+00
      9.192      0.023     0.4001      3.832    105.302  77.214790     1.2034      7.615   218.7269 1.0999e+00     6.9749      9.014     13.074    11.6818 0.0000e+00
      9.196      0.018     0.3994      3.886    105.316  77.215002     1.1985      7.614   218.7699 1.1058e+00     6.9789      9.018     13.080    11.6894 0.0000e+00
      9.200      0.015     0.4031      3.915    105.317  77.216167     1.1910      7.612   218.7708 1.1118e+00     6.9924      9.022     13.085    11.6829 0.0000e+00
      9.204      0.013     0.4063      3.955    105.321  77.228876     1.1789      7.609   218.5656 1.1068e+00     6.9673      9.026     13.091    11.6690 0.0000e+00
      9.207      0.012     0.4173      3.987    105.319  77.241583     1.1935      7.606   218.6118 1.0999e+00     6.9825      9.029     13.096    11.6586 0.0000e+00
      9.210      0.011     0.4240      3.992    105.310  77.242739     1.2343      7.604   218.9845 1.0958e+00     7.0404      9.032     13.099    11.6546 0.0000e+00
      9.212      0.010     0.4233      3.981    105.313  77.242856     1.2553      7.602   218.9430 1.0880e+00     7.0515      9.034     13.103    11.6535 0.0000e+00
      9.214      0.008     0.4301      3.964    105.324  77.242991     1.2570      7.600   218.6254 1.0790e+00     7.0480      9.036     13.106    11.6600 0.0000e+00
      9.216      0.007     0.4344      3.964    105.330  77.244367     1.2800      7.599   218.5860 1.0714e+00     7.0330      9.038     13.109    11.6689 0.0000e+00
      9.218      0.006     0.4331      3.980    105.336  77.259499     1.3328      7.597   218.5536 1.0678e+00     7.0065      9.040     13.112    11.6733 0.0000e+00
      9.220      0.004     0.4332      3.980    105.358  77.298871     1.3710      7.594   218.4051 1.0678e+00     7.0005      9.042     13.114    11.6717 0.0000e+00
      9.221      0.003     0.4292      3.968    105.375  77.339170     1.3760      7.592   218.3394 1.0669e+00     7.0285      9.042     13.115    11.6653 0.0000e+00
      9.221      0.002     0.4291      3.963    105.377  77.365522     1.3352      7.590   218.3609 1.0742e+00     7.0724      9.043     13.115    11.6626 0.0000e+00
      9.220      0.001     0.4335      3.953    105.344  77.363333     1.2521      7.587   218.4931 1.0789e+00     7.0525      9.042     13.114    11.6677 0.0000e+00
      9.220      0.001     0.4325      3.933    105.233  77.312723     1.1956      7.585   218.6475 1.0739e+00     6.9590      9.042     13.114    11.6806 0.0000e+00
      9.221      0.000     0.4297      3.908    105.095  77.261990     1.1916      7.584   218.5934 1.0744e+00     6.9328      9.043     13.115    11.6949 0.0000e+00
      9.221      0.000     0.4303      3.884    104.997  77.258325     1.2299      7.583   218.4409 1.0769e+00     7.0098      9.043     13.115    11.7075 0.0000e+00
      9.221      0.001     0.4293      3.856    104.911  77.268495     1.2842      7.580   218.3519 1.0794e+00     7.0697      9.043     13.116    11.7150 0.0000e+00
