Data/DataNotYetUploadedToEDI/Raw_CTD/RawDownloads/070722_ccr21_0002.cnv
* Sea-Bird SBE19plus  Data File:
* FileName = C:\R\Reservoirs\Data\DataNotYetUploadedToEDI\Raw_CTD\RawDownloads\070722_ccr50_SBE19plus01907809_0002.hex
* Software version 2.8.0.119
* Temperature SN = 7809
* Conductivity SN = 7809
* System UpLoad Time = Jul 07 2022 15:45:05
* <ApplicationData>
* <Seaterm232>
# nquan = 15
# nvalues = 573                         
# units = specified
# name 0 = depFM: Depth [fresh water, m]
# name 1 = dz/dtM: Descent Rate [m/s]
# name 2 = sbeox0Mg/L: Oxygen, SBE 43 [mg/l]
# name 3 = sbeox0PS: Oxygen, SBE 43 [% saturation]
# name 4 = specc: Specific Conductance [uS/cm]
# name 5 = c0uS/cm: Conductivity [uS/cm]
# name 6 = flECO-AFL: Fluorescence, WET Labs ECO-AFL/FL [mg/m^3]
# name 7 = ph: pH
# name 8 = orp: Oxidation Reduction Potential [mV]
# name 9 = par/sat/log: PAR/Logarithmic, Satlantic
# name 10 = turbWETntu0: Turbidity, WET Labs ECO [NTU]
# name 11 = prdM: Pressure, Strain Gauge [db]
# name 12 = prdE: Pressure, Strain Gauge [psi]
# name 13 = tv290C: Temperature [ITS-90, deg C]
# name 14 = flag:  0.000e+00
# span 0 =     -0.496,      5.304       
# span 1 =     -0.438,      0.320       
# span 2 =     4.5912,     7.4053       
# span 3 =     58.092,     91.283       
# span 4 =      6.570,     90.462       
# span 5 =   6.884497,  94.123284       
# span 6 =    -2.0364,   227.4850       
# span 7 =      6.994,      8.146       
# span 8 =   124.2207,   210.1243       
# span 9 = 2.3689e+01, 2.1556e+03       
# span 10 =    -0.3560,    23.3781      
# span 11 =     -0.489,      5.204      
# span 12 =     -0.709,      7.547      
# span 13 =    21.9153,    27.6105      
# span 14 = 0.0000e+00, 0.0000e+00      
# interval = seconds: 0.25
# start_time = Jul 07 2022 07:46:11 [Instrument's time stamp, header]
# bad_flag = -9.990e-29
*END*
[from data line 290]
      2.740      0.084     6.6946     84.689     86.961  91.076181     0.7578      8.071   181.0521 1.2050e+02     0.9746      2.688      3.899    27.4211 0.0000e+00
      2.759      0.082     6.7023     84.649     87.012  91.101285     0.7498      8.070   181.0776 1.1953e+02     0.9366      2.705      3.923    27.4135 0.0000e+00
      2.778      0.082     6.7083     84.622     87.036  91.104345     0.7377      8.070   181.0111 1.1848e+02     0.8718      2.725      3.951    27.3996 0.0000e+00
      2.798      0.085     6.7066     84.565     87.064  91.113154     0.7277      8.071   180.8501 1.1737e+02     0.8408      2.744      3.979    27.3796 0.0000e+00
      2.819      0.091     6.7024     84.492     87.111  91.144178     0.7297      8.072   180.6799 1.1619e+02     0.8688      2.763      4.008    27.3586 0.0000e+00
      2.843      0.096     6.7015     84.477     87.138  91.161497     0.7365      8.072   180.6748 1.1470e+02     0.9019      2.787      4.042    27.3418 0.0000e+00
      2.869      0.099     6.7029     84.520     87.176  91.195359     0.7426      8.072   180.8747 1.1292e+02     0.9007      2.812      4.078    27.3310 0.0000e+00
      2.897      0.101     6.6995     84.554     87.224  91.235668     0.7465      8.072   181.1174 1.1106e+02     0.8883      2.840      4.120    27.3185 0.0000e+00
      2.926      0.104     6.6918     84.586     87.214  91.203773     0.7419      8.073   181.2861 1.0951e+02     0.8881      2.874      4.167    27.3066 0.0000e+00
      2.951      0.106     6.6908     84.662     87.231  91.191185     0.7359      8.073   181.5386 1.0836e+02     0.8981      2.896      4.198    27.3013 0.0000e+00
      2.973      0.106     6.6986     84.771     87.341  91.274173     0.7489      8.073   181.9331 1.0708e+02     0.9751      2.913      4.224    27.2994 0.0000e+00
      3.000      0.103     6.7008     84.886     87.466  91.380519     0.7747      8.075   182.0113 1.0532e+02     1.1026      2.940      4.264    27.2952 0.0000e+00
      3.032      0.099     6.7020     84.988     87.557  91.459609     0.7896      8.076   181.7970 1.0344e+02     1.1412      2.974      4.313    27.2831 0.0000e+00
      3.063      0.097     6.7121     85.052     87.755  91.658149     0.7960      8.076   181.8366 1.0187e+02     1.1338      3.007      4.361    27.2633 0.0000e+00
      3.086      0.097     6.7236     85.065     88.152  92.064214     0.7943      8.076   182.2318 1.0067e+02     1.1157      3.030      4.394    27.2436 0.0000e+00
      3.102      0.097     6.7348     85.020     88.518  92.426913     0.7930      8.076   182.6175 9.9437e+01     1.0255      3.042      4.412    27.2292 0.0000e+00
      3.120      0.096     6.7447     84.826     88.731  92.609773     0.7979      8.077   182.7995 9.7747e+01     0.9315      3.054      4.431    27.2205 0.0000e+00
      3.147      0.095     6.7510     84.353     88.850  92.685379     0.7951      8.078   182.8848 9.5713e+01     0.9009      3.082      4.472    27.2168 0.0000e+00
      3.180      0.094     6.7514     83.603     88.905  92.705095     0.7842      8.078   182.7886 9.3709e+01     0.8951      3.121      4.527    27.2144 0.0000e+00
      3.210      0.091     6.7511     82.703     88.942  92.720923     0.7906      8.078   182.5816 9.1984e+01     0.9639      3.152      4.571    27.2064 0.0000e+00
      3.231      0.087     6.7450     81.810     88.985  92.749531     0.8227      8.077   182.5326 9.0533e+01     1.1183      3.170      4.598    27.1819 0.0000e+00
      3.247      0.083     6.7101     81.032     89.047  92.796603     0.8481      8.076   182.5412 8.9221e+01     1.2247      3.184      4.618    27.1482 0.0000e+00
      3.262      0.082     6.6493     80.421     89.112  92.844920     0.8560      8.074   182.4274 8.7857e+01     1.2590      3.199      4.640    27.1271 0.0000e+00
      3.279      0.084     6.5739     80.037     89.174  92.888573     0.8515      8.074   182.3604 8.6256e+01     1.2265      3.214      4.661    27.1169 0.0000e+00
      3.302      0.088     6.5004     79.875     89.369  93.070009     0.8445      8.072   182.5923 8.4386e+01     1.1380      3.235      4.692    27.1088 0.0000e+00
      3.331      0.091     6.4399     79.819     89.815  93.512438     0.8450      8.069   182.9939 8.2503e+01     1.0774      3.267      4.738    27.0991 0.0000e+00
      3.360      0.094     6.3897     79.814     90.409  94.104473     0.8499      8.068   183.3454 8.0908e+01     1.0745      3.298      4.784    27.0884 0.0000e+00
      3.383      0.095     6.3595     79.837     90.462  94.123284     0.8695      8.067   183.6584 7.9513e+01     1.1028      3.320      4.814    27.0769 0.0000e+00
      3.403      0.094     6.3538     79.741     89.469  93.040216     0.8998      8.066   184.0251 7.8119e+01     1.1462      3.335      4.837    27.0638 0.0000e+00
      3.424      0.092     6.3523     79.378     88.359  91.819566     0.9165      8.064   184.4226 7.6714e+01     1.1895      3.356      4.868    27.0527 0.0000e+00
      3.449      0.089     6.3505     78.784     88.009  91.382817     0.9218      8.063   184.6792 7.5388e+01     1.2167      3.383      4.906    27.0389 0.0000e+00
      3.475      0.087     6.3618     78.359     87.889  91.193144     0.9473      8.061   184.7194 7.4202e+01     1.2017      3.409      4.944    27.0201 0.0000e+00
      3.500      0.087     6.3612     78.639     87.502  90.734221     0.9913      8.059   184.6503 7.3187e+01     1.1443      3.433      4.980    26.9929 0.0000e+00
      3.520      0.090     6.3379     79.649     87.622  90.793441     1.0127      8.057   184.7034 7.2354e+01     1.1038      3.453      5.009    26.9530 0.0000e+00
      3.537      0.095     6.2850     80.974     88.659  91.781804     1.0152      8.055   185.1037 7.1524e+01     1.1223      3.468      5.030    26.9072 0.0000e+00
      3.556      0.101     6.2315     82.383     89.163  92.192685     1.0296      8.053   185.6182 7.0524e+01     1.2983      3.484      5.054    26.8708 0.0000e+00
      3.583      0.107     6.2583     83.825     88.302  91.182997     1.0625      8.052   185.8483 6.9319e+01     1.5587      3.509      5.090    26.8413 0.0000e+00
      3.618      0.112     6.3611     85.006     87.198  89.937986     1.0872      8.051   185.9076 6.7996e+01     1.6746      3.547      5.145    26.8076 0.0000e+00
      3.655      0.113     6.4787     85.634     86.706  89.347279     1.0872      8.051   185.9908 6.6811e+01     1.7096      3.586      5.202    26.7616 0.0000e+00
      3.686      0.109     6.5939     85.876     86.735  89.317867     1.0789      8.052   185.9933 6.5839e+01     1.7767      3.617      5.246    26.6942 0.0000e+00
      3.712      0.102     6.7300     86.110     86.901  89.455129     1.0699      8.052   185.8513 6.4945e+01     1.8365      3.640      5.280    26.6202 0.0000e+00
      3.734      0.095     6.8465     86.547     86.817  89.353803     1.0706      8.051   185.6517 6.4156e+01     1.8530      3.663      5.313    26.5598 0.0000e+00
      3.754      0.091     6.8934     87.102     86.474  88.982815     1.0791      8.050   185.5585 6.3475e+01     1.8732      3.682      5.340    26.5124 0.0000e+00
      3.773      0.092     6.9045     87.569     86.134  88.593467     1.0810      8.050   185.8422 6.2694e+01     1.9104      3.698      5.364    26.4765 0.0000e+00
      3.795      0.094     6.9189     87.966     85.952  88.333656     1.1180      8.051   186.4148 6.1726e+01     2.0289      3.719      5.395    26.4593 0.0000e+00
      3.821      0.095     6.9574     88.428     85.972  88.257239     1.1940      8.052   186.8043 6.0588e+01     2.2466      3.746      5.432    26.4554 0.0000e+00
      3.850      0.092     7.0134     88.911     86.102  88.305118     1.2261      8.053   186.8510 5.9377e+01     2.3230      3.777      5.478    26.4489 0.0000e+00
      3.879      0.087     7.0514     89.331     86.182  88.340247     1.2066      8.053   186.8075 5.8357e+01     2.2692      3.807      5.522    26.4286 0.0000e+00
      3.903      0.079     7.0807     89.711     86.159  88.300462     1.1910      8.053   186.8809 5.7615e+01     2.2794      3.829      5.554    26.3866 0.0000e+00
      3.919      0.070     7.1308     90.090     86.020  88.141929     1.1965      8.053   187.1358 5.7021e+01     2.3436      3.844      5.575    26.3205 0.0000e+00
      3.931      0.064     7.1810     90.462     85.877  87.949229     1.2142      8.053   187.3093 5.6435e+01     2.3964      3.855      5.591    26.2629 0.0000e+00
      3.942      0.062     7.2151     90.771     85.883  87.877711     1.2217      8.053   187.1711 5.5754e+01     2.4059      3.865      5.606    26.2386 0.0000e+00
      3.957      0.064     7.2459     90.985     85.999  87.912835     1.2115      8.054   187.0991 5.4919e+01     2.3564      3.879      5.625    26.2351 0.0000e+00
      3.974      0.068     7.2759     91.161     86.081  87.928755     1.2077      8.054   187.1272 5.3966e+01     2.3098      3.897      5.652    26.2357 0.0000e+00
      3.994      0.074     7.3117     91.283     86.077  87.879367     1.2089      8.055   187.0807 5.2982e+01     2.3207      3.916      5.680    26.2072 0.0000e+00
      4.014      0.080     7.3465     91.213     86.059  87.824220     1.2019      8.056   187.1393 5.2031e+01     2.3514      3.937      5.710    26.1549 0.0000e+00
      4.034      0.084     7.3662     90.924     86.046  87.770522     1.1982      8.057   187.2339 5.1164e+01     2.3730      3.956      5.738    26.1035 0.0000e+00
      4.056      0.088     7.3863     90.563     85.996  87.675052     1.2052      8.057   187.1920 5.0268e+01     2.3768      3.976      5.766    26.0596 0.0000e+00
      4.081      0.090     7.4053     90.183     85.929  87.559867     1.2192      8.055   187.1481 4.9285e+01     2.3981      4.003      5.805    26.0400 0.0000e+00
      4.105      0.090     7.4042     89.730     85.879  87.458511     1.2262      8.055   187.2199 4.8329e+01     2.4250      4.027      5.840    26.0219 0.0000e+00
      4.129      0.091     7.3763     89.250     85.813  87.339507     1.2151      8.054   187.2849 4.7397e+01     2.3608      4.048      5.871    25.9955 0.0000e+00
      4.152      0.092     7.3489     88.860     85.736  87.201654     1.2012      8.053   187.4187 4.6532e+01     2.2367      4.073      5.906    25.9710 0.0000e+00
      4.174      0.095     7.3265     88.686     85.738  87.126674     1.1999      8.053   187.7190 4.5798e+01     2.1883      4.093      5.937    25.9426 0.0000e+00
      4.195      0.100     7.2905     88.771     85.770  87.068542     1.1998      8.052   187.9905 4.5109e+01     2.1853      4.113      5.965    25.9139 0.0000e+00
      4.220      0.104     7.2523     89.018     85.742  86.943638     1.2257      8.052   188.2069 4.4388e+01     2.1668      4.136      5.999    25.8841 0.0000e+00
      4.250      0.105     7.2204     89.275     85.732  86.824182     1.2878      8.052   188.4420 4.3619e+01     2.1690      4.165      6.042    25.8531 0.0000e+00
      4.282      0.103     7.2105     89.435     85.782  86.768326     1.3259      8.052   188.5955 4.2856e+01     2.1434      4.200      6.093    25.8065 0.0000e+00
      4.312      0.098     7.2282     89.452     85.862  86.776700     1.3284      8.053   188.6870 4.2200e+01     2.0964      4.231      6.137    25.7507 0.0000e+00
      4.336      0.091     7.2607     89.363     85.921  86.798170     1.3185      8.053   188.9459 4.1693e+01     2.0110      4.254      6.170    25.6987 0.0000e+00
      4.355      0.082     7.2932     89.278     85.914  86.773589     1.3064      8.052   189.3160 4.1268e+01     1.8627      4.272      6.196    25.6307 0.0000e+00
      4.371      0.073     7.3173     89.239     85.887  86.733751     1.3059      8.052   189.5487 4.0850e+01     1.8067      4.286      6.216    25.5603 0.0000e+00
      4.389      0.066     7.3237     89.242     85.872  86.697899     1.3218      8.051   189.6086 4.0460e+01     1.8453      4.304      6.242    25.5189 0.0000e+00
      4.407      0.062     7.3136     89.289     85.860  86.657920     1.3398      8.050   189.5236 4.0125e+01     1.8853      4.323      6.270    25.5006 0.0000e+00
      4.422      0.062     7.3074     89.370     85.874  86.631749     1.3576      8.048   189.4674 3.9841e+01     1.9154      4.338      6.291    25.4931 0.0000e+00
      4.434      0.066     7.3051     89.436     85.943  86.635698     1.3786      8.047   189.7037 3.9560e+01     1.9354      4.348      6.306    25.4902 0.0000e+00
      4.448      0.072     7.3069     89.422     86.037  86.641986     1.3779      8.047   190.1432 3.9234e+01     1.9222      4.361      6.325    25.4755 0.0000e+00
      4.465      0.079     7.3127     89.280     86.147  86.644071     1.3649      8.047   190.3942 3.8882e+01     1.8587      4.378      6.349    25.4594 0.0000e+00
      4.487      0.085     7.3233     88.962     86.289  86.660756     1.3470      8.047   190.4150 3.8440e+01     1.7824      4.397      6.377    25.4433 0.0000e+00
      4.514      0.089     7.3370     88.394     86.401  86.652820     1.3280      8.047   190.4805 3.7901e+01     1.7164      4.427      6.420    25.3997 0.0000e+00
      4.544      0.089     7.3435     87.504     86.473  86.611507     1.3339      8.046   190.6702 3.7423e+01     1.6754      4.459      6.467    25.3491 0.0000e+00
      4.568      0.086     7.3413     86.366     86.536  86.542494     1.3440      8.045   190.9025 3.7042e+01     1.6630      4.481      6.499    25.2895 0.0000e+00
      4.587      0.083     7.3280     85.162     86.534  86.390333     1.3508      8.044   191.1379 3.6744e+01     1.6345      4.499      6.526    25.2057 0.0000e+00
      4.604      0.082     7.2946     83.950     86.363  86.042914     1.3659      8.043   191.2790 3.6528e+01     1.5705      4.516      6.550    25.1366 0.0000e+00
      4.619      0.085     7.2267     82.726     86.074  85.520062     1.3682      8.041   191.3176 3.6256e+01     1.5723      4.530      6.569    25.0809 0.0000e+00
      4.638      0.090     7.1343     81.536     85.878  85.026520     1.3706      8.039   191.4336 3.5817e+01     1.6571      4.547      6.594    25.0011 0.0000e+00
      4.663      0.096     7.0465     80.405     85.844  84.651884     1.4272      8.038   191.6484 3.5299e+01     1.8431      4.571      6.631    24.9125 0.0000e+00
      4.693      0.101     6.9592     79.409     85.966  84.422385     1.5125      8.037   192.0224 3.4780e+01     2.1134      4.602      6.674    24.8244 0.0000e+00
      4.725      0.102     6.8720     78.711     86.215  84.348776     1.5523      8.037   192.5990 3.4273e+01     2.1930      4.635      6.722    24.6859 0.0000e+00
      4.754      0.098     6.7964     78.379     86.462  84.333494     1.5598      8.036   193.0284 3.3845e+01     2.1220      4.665      6.765    24.5060 0.0000e+00
      4.778      0.091     6.7262     78.328     86.545  84.237237     1.5775      8.035   193.0837 3.3467e+01     2.0755      4.686      6.796    24.3035 0.0000e+00
      4.798      0.082     6.6621     78.413     86.434  84.011007     1.5996      8.034   193.2687 3.3101e+01     1.9714      4.706      6.826    24.0882 0.0000e+00
      4.818      0.075     6.6242     78.463     86.304  83.759137     1.6026      8.032   193.7158 3.2798e+01     1.8888      4.727      6.856    23.9006 0.0000e+00
      4.833      0.070     6.6199     78.441     86.242  83.543531     1.5966      8.031   193.9293 3.2557e+01     1.8962      4.741      6.876    23.7466 0.0000e+00
      4.848      0.070     6.6311     78.437     86.229  83.374318     1.5940      8.031   193.9581 3.2315e+01     1.9245      4.754      6.895    23.6439 0.0000e+00
      4.864      0.072     6.6513     78.496     86.244  83.238431     1.5875      8.029   194.1493 3.2029e+01     1.9568      4.770      6.919    23.5980 0.0000e+00
