Data/DataNotYetUploadedToEDI/Raw_CTD/RawDownloads/070722_ccr10_SBE19plus01907809_0005.cnv
* Sea-Bird SBE19plus  Data File:
* FileName = C:\R\Reservoirs\Data\DataNotYetUploadedToEDI\Raw_CTD\RawDownloads\070722_ccr50_SBE19plus01907809_0005.hex
* Software version 2.8.0.119
* Temperature SN = 7809
* Conductivity SN = 7809
* System UpLoad Time = Jul 07 2022 15:45:48
* <ApplicationData>
* <Seaterm232>
# nquan = 15
# nvalues = 698                         
# units = specified
# name 0 = depFM: Depth [fresh water, m]
# name 1 = dz/dtM: Descent Rate [m/s]
# name 2 = sbeox0Mg/L: Oxygen, SBE 43 [mg/l]
# name 3 = sbeox0PS: Oxygen, SBE 43 [% saturation]
# name 4 = specc: Specific Conductance [uS/cm]
# name 5 = c0uS/cm: Conductivity [uS/cm]
# name 6 = flECO-AFL: Fluorescence, WET Labs ECO-AFL/FL [mg/m^3]
# name 7 = ph: pH
# name 8 = orp: Oxidation Reduction Potential [mV]
# name 9 = par/sat/log: PAR/Logarithmic, Satlantic
# name 10 = turbWETntu0: Turbidity, WET Labs ECO [NTU]
# name 11 = prdM: Pressure, Strain Gauge [db]
# name 12 = prdE: Pressure, Strain Gauge [psi]
# name 13 = tv290C: Temperature [ITS-90, deg C]
# name 14 = flag:  0.000e+00
# span 0 =     -0.491,      3.356       
# span 1 =     -0.272,      0.311       
# span 2 =     3.7195,     6.9357       
# span 3 =     46.633,     87.983       
# span 4 =      0.956,     89.063       
# span 5 =   0.980260,  93.458256       
# span 6 =    -0.1450,     2.6069       
# span 7 =      7.966,      8.295       
# span 8 =    91.5664,   223.3765       
# span 9 = 5.5676e+01, 2.6880e+03       
# span 10 =    -1.1106,    25.0835      
# span 11 =     -0.483,      3.292      
# span 12 =     -0.701,      4.774      
# span 13 =    26.2654,    28.0065      
# span 14 = 0.0000e+00, 0.0000e+00      
# interval = seconds: 0.25
# start_time = Jul 07 2022 08:17:23 [Instrument's time stamp, header]
# bad_flag = -9.990e-29
*END*
     -0.490      0.000     6.9338     85.898      0.972   0.997270    -0.0955      8.059   183.6588 2.6030e+03    -0.2879     -0.481     -0.697    26.2782 0.0000e+00
     -0.490      0.000     6.9339     85.909      0.956   0.980260    -0.1036      8.063   161.7218 2.6449e+03    -0.3722     -0.481     -0.697    26.2780 0.0000e+00
     -0.490      0.002     6.9332     85.905      1.049   1.076444    -0.1084      8.066   135.2068 2.6769e+03    -0.3917     -0.480     -0.697    26.2794 0.0000e+00
     -0.490      0.009     6.9321     85.900      2.589   2.666616    -0.0960      8.064    94.5146 2.6880e+03    -0.3186     -0.481     -0.697    26.2777 0.0000e+00
     -0.490      0.025     6.9334     85.911     13.968  14.446206    -0.0784      8.076    91.5664 2.6599e+03    -0.2059     -0.480     -0.697    26.2811 0.0000e+00
     -0.489      0.050     6.9357     85.911     43.302  44.976804    -0.0781      8.128   135.5249 2.6078e+03    -0.1219     -0.480     -0.697    26.2756 0.0000e+00
     -0.484      0.082     6.9340     85.888     74.395  77.597061    -0.0928      8.187   149.0113 2.4023e+03    -0.0206     -0.479     -0.695    26.2813 0.0000e+00
     -0.464      0.114     6.9345     85.866     87.120  91.251073    -0.0973      8.219   138.3908 1.7399e+03     0.8137     -0.465     -0.674    26.2654 0.0000e+00
     -0.422      0.142     6.9295     85.855     88.182  92.701135    -0.0833      8.239   136.6883 9.3445e+02     2.3490     -0.418     -0.608    26.3235 0.0000e+00
     -0.366      0.166     6.8855     85.859     88.196  92.968147    -0.0733      8.254   131.9534 5.7193e+02     3.2052     -0.358     -0.520    26.6789 0.0000e+00
     -0.310      0.186     6.8285     85.905     88.117  93.080905    -0.0592      8.258   124.5918 5.4866e+02     3.2742     -0.300     -0.435    27.1058 0.0000e+00
     -0.264      0.199     6.7933     86.039     88.007  93.110937     0.1040      8.258   120.7269 5.4310e+02     3.3887     -0.254     -0.370    27.3852 0.0000e+00
     -0.224      0.202     6.7695     86.303     87.890  93.077123     0.3930      8.260   120.3266 4.5891e+02     3.6676     -0.225     -0.326    27.5731 0.0000e+00
     -0.176      0.196     6.7530     86.696     87.769  92.990147     0.5392      8.261   120.4409 3.4148e+02     3.8451     -0.178     -0.258    27.7083 0.0000e+00
     -0.114      0.181     6.7419     87.155     87.661  92.886049     0.5558      8.261   120.9900 2.7232e+02     3.8612     -0.112     -0.162    27.8189 0.0000e+00
     -0.052      0.160     6.7405     87.557     87.619  92.835924     0.6113      8.260   121.9758 2.5410e+02     3.4512     -0.044     -0.064    27.9049 0.0000e+00
     -0.007      0.135     6.7555     87.826     87.634  92.829213     0.6933      8.259   123.0681 2.5255e+02     2.6463      0.002      0.003    27.9552 0.0000e+00
      0.018      0.106     6.7850     87.969     87.654  92.804878     0.7322      8.256   124.1299 2.5440e+02     2.1913      0.023      0.033    27.9735 0.0000e+00
      0.029      0.078     6.8256     87.983     87.636  92.732378     0.7234      8.253   125.0059 2.5788e+02     2.1168      0.030      0.043    27.9760 0.0000e+00
      0.035      0.056     6.8598     87.879     87.603  92.652017     0.7040      8.252   125.6576 2.6020e+02     2.0867      0.032      0.048    27.9731 0.0000e+00
      0.045      0.043     6.8801     87.716     87.645  92.659821     0.6966      8.252   126.1587 2.6470e+02     2.0668      0.042      0.062    27.9640 0.0000e+00
      0.058      0.038     6.8961     87.564     87.760  92.763090     0.7013      8.252   126.4188 2.7023e+02     2.0473      0.058      0.084    27.9324 0.0000e+00
      0.070      0.034     6.9018     87.476     87.858  92.883172     0.7019      8.252   126.5653 2.7215e+02     2.0549      0.070      0.102    27.8982 0.0000e+00
      0.080      0.027     6.8931     87.134     87.899  92.967148     0.7039      8.252   126.8974 2.6529e+02     2.0908      0.079      0.115    27.8750 0.0000e+00
      0.088      0.019     6.8838     85.942     87.909  93.015426     0.7177      8.250   127.3374 2.4219e+02     2.1061      0.088      0.126    27.8504 0.0000e+00
      0.092      0.014     6.8676     83.846     87.889  93.021829     0.7272      8.248   127.5838 2.1287e+02     2.1031      0.093      0.135    27.8351 0.0000e+00
      0.089      0.017     6.8664     81.406     87.772  92.917429     0.7269      8.247   127.8108 2.0391e+02     2.1231      0.090      0.131    27.8473 0.0000e+00
      0.083      0.023     6.8626     79.029     87.621  92.770584     0.7229      8.247   128.2754 2.0991e+02     2.1090      0.078      0.114    27.8783 0.0000e+00
      0.084      0.027     6.7677     76.716     87.566  92.708925     0.7122      8.248   128.8997 2.0947e+02     2.0686      0.076      0.111    27.9007 0.0000e+00
      0.100      0.027     6.5784     74.471     87.564  92.680626     0.7056      8.249   129.5079 2.0839e+02     2.0786      0.094      0.137    27.9143 0.0000e+00
      0.123      0.022     6.3726     72.390     87.601  92.682741     0.7096      8.249   129.9500 2.1149e+02     2.0936      0.125      0.181    27.9252 0.0000e+00
      0.137      0.011     6.1921     70.654     87.678  92.734438     0.7186      8.248   130.3735 2.1286e+02     2.0796      0.142      0.206    27.9346 0.0000e+00
      0.136     -0.003     6.0085     69.481     87.756  92.796936     0.7230      8.247   130.8425 2.1208e+02     2.0801      0.137      0.198    27.9369 0.0000e+00
      0.123     -0.017     5.8323     68.820     87.826  92.866064     0.7212      8.246   131.2332 2.0906e+02     2.0986      0.123      0.178    27.9163 0.0000e+00
      0.106     -0.024     5.6684     68.471     87.823  92.870770     0.7222      8.247   131.6566 2.0835e+02     2.0994      0.103      0.150    27.8912 0.0000e+00
      0.093     -0.020     5.5227     68.391     87.738  92.790259     0.7185      8.248   132.1749 2.0695e+02     2.0902      0.088      0.127    27.8752 0.0000e+00
      0.088     -0.009     5.4354     68.509     87.663  92.719282     0.7092      8.250   132.5104 1.9655e+02     2.0896      0.085      0.123    27.8626 0.0000e+00
      0.090      0.005     5.3931     68.597     87.645  92.712095     0.7101      8.251   132.4431 1.8385e+02     2.0911      0.086      0.125    27.8590 0.0000e+00
      0.099      0.019     5.3632     68.549     87.685  92.766967     0.7210      8.252   132.0504 1.7610e+02     2.1091      0.095      0.139    27.8677 0.0000e+00
      0.110      0.033     5.3562     68.457     87.720  92.810449     0.7320      8.254   131.7204 1.7470e+02     2.1359      0.110      0.159    27.8730 0.0000e+00
      0.117      0.048     5.3756     68.399     87.704  92.792714     0.7518      8.255   131.9797 1.8113e+02     2.1757      0.116      0.167    27.8756 0.0000e+00
      0.124      0.066     5.3848     68.346     87.719  92.806888     0.7774      8.255   134.6697 1.8776e+02     2.2497      0.119      0.171    27.8848 0.0000e+00
      0.138      0.090     5.3751     68.210     87.762  92.854635     0.7838      8.256   139.2934 1.8259e+02     2.3128      0.132      0.190    27.8919 0.0000e+00
      0.163      0.116     5.3655     67.934     87.705  92.797720     0.7713      8.259   141.7671 1.7060e+02     2.3230      0.158      0.229    27.8960 0.0000e+00
      0.196      0.136     5.3621     67.661     87.601  92.691030     0.7749      8.263   142.1231 1.6534e+02     2.3049      0.189      0.274    27.8959 0.0000e+00
      0.240      0.144     5.3607     67.621     87.615  92.709272     0.8028      8.266   142.3076 1.6863e+02     2.2993      0.229      0.330    27.8915 0.0000e+00
      0.297      0.135     5.3535     67.867     87.729  92.827516     0.8258      8.267   142.4488 1.7137e+02     2.3232      0.294      0.424    27.8945 0.0000e+00
      0.347      0.115     5.3273     68.356     87.825  92.912515     0.8365      8.267   142.5392 1.6761e+02     2.3555      0.352      0.510    27.8977 0.0000e+00
      0.373      0.089     5.2954     68.989     87.857  92.910297     0.8323      8.267   141.1635 1.6154e+02     2.3481      0.372      0.539    27.8976 0.0000e+00
      0.380      0.060     5.2934     69.573     87.860  92.864236     0.8160      8.266   138.3780 1.5987e+02     2.3015      0.375      0.543    27.9017 0.0000e+00
      0.380      0.037     5.3137     69.963     87.842  92.800646     0.8069      8.265   136.7357 1.6466e+02     2.2704      0.373      0.540    27.9014 0.0000e+00
      0.379      0.024     5.3539     70.164     87.792  92.713659     0.8135      8.264   136.5361 1.7152e+02     2.2454      0.370      0.537    27.8943 0.0000e+00
      0.382      0.021     5.4134     70.257     87.745  92.639094     0.8286      8.264   136.6531 1.7841e+02     2.1705      0.372      0.540    27.8720 0.0000e+00
      0.389      0.021     5.4662     70.188     87.726  92.598519     0.8398      8.264   136.8595 1.8645e+02     2.1155      0.379      0.550    27.8391 0.0000e+00
      0.402      0.020     5.4996     69.843     87.751  92.604579     0.8495      8.264   137.1391 1.9270e+02     2.1611      0.394      0.572    27.8138 0.0000e+00
      0.413      0.017     5.5119     69.285     87.807  92.648741     0.8541      8.264   137.5390 1.9596e+02     2.2099      0.408      0.593    27.7946 0.0000e+00
      0.417      0.014     5.5230     68.703     87.848  92.687336     0.8453      8.264   137.9940 1.9839e+02     2.2274      0.411      0.598    27.7807 0.0000e+00
      0.413      0.012     5.5248     68.195     87.849  92.689682     0.8348      8.265   138.4246 1.9915e+02     2.2714      0.405      0.587    27.7710 0.0000e+00
      0.408      0.012     5.4958     67.716     87.836  92.677113     0.8265      8.265   138.7878 1.9702e+02     2.2974      0.397      0.576    27.7577 0.0000e+00
      0.408      0.013     5.4463     67.225     87.822  92.662542     0.8206      8.264   139.2013 1.9281e+02     2.3028      0.397      0.576    27.7475 0.0000e+00
      0.418      0.015     5.3972     66.781     87.800  92.640674     0.8215      8.262   139.7249 1.8742e+02     2.3018      0.409      0.593    27.7463 0.0000e+00
      0.430      0.015     5.3599     66.492     87.821  92.667079     0.8298      8.262   140.1280 1.8177e+02     2.2511      0.424      0.614    27.7487 0.0000e+00
      0.437      0.014     5.3242     66.434     87.873  92.727446     0.8457      8.262   140.4617 1.7618e+02     2.1677      0.431      0.625    27.7494 0.0000e+00
      0.437      0.011     5.2831     66.542     87.878  92.734683     0.8553      8.261   140.9207 1.7136e+02     2.1127      0.429      0.623    27.7483 0.0000e+00
      0.434      0.006     5.2452     66.597     87.841  92.691002     0.8549      8.260   141.3761 1.6824e+02     2.0992      0.425      0.616    27.7494 0.0000e+00
      0.433      0.003     5.2192     66.408     87.806  92.644424     0.8493      8.259   141.7517 1.6649e+02     2.0728      0.423      0.614    27.7523 0.0000e+00
      0.434      0.003     5.2151     65.931     87.789  92.616609     0.8378      8.259   142.1070 1.6573e+02     2.0332      0.424      0.615    27.7561 0.0000e+00
      0.437      0.004     5.2317     65.276     87.787  92.609039     0.8315      8.259   142.4016 1.6677e+02     2.0302      0.429      0.622    27.7583 0.0000e+00
      0.440      0.005     5.2421     64.640     87.796  92.616477     0.8319      8.259   142.6464 1.6772e+02     2.0697      0.432      0.627    27.7559 0.0000e+00
      0.441      0.003     5.2286     64.162     87.821  92.642948     0.8338      8.258   142.9154 1.6645e+02     2.1012      0.432      0.627    27.7487 0.0000e+00
      0.442      0.000     5.1893     63.901     87.851  92.674744     0.8373      8.257   143.2452 1.6407e+02     2.1041      0.433      0.628    27.7416 0.0000e+00
      0.442     -0.003     5.1305     63.887     87.859  92.682976     0.8326      8.256   143.6237 1.6092e+02     2.1043      0.435      0.631    27.7388 0.0000e+00
      0.441     -0.003     5.0772     64.096     87.855  92.678896     0.8193      8.255   144.0496 1.5881e+02     2.0702      0.434      0.629    27.7382 0.0000e+00
      0.437     -0.001     5.0386     64.368     87.868  92.689000     0.8177      8.255   144.5231 1.5878e+02     2.0324      0.429      0.622    27.7385 0.0000e+00
      0.433      0.002     5.0168     64.446     87.864  92.677958     0.8300      8.255   144.8742 1.5865e+02     2.0574      0.424      0.614    27.7385 0.0000e+00
      0.433      0.006     5.0159     64.203     87.811  92.608963     0.8348      8.255   145.0259 1.5643e+02     2.0994      0.423      0.615    27.7386 0.0000e+00
      0.438      0.007     5.0360     63.682     87.773  92.554241     0.8341      8.256   145.1528 1.5274e+02     2.1308      0.429      0.622    27.7392 0.0000e+00
      0.446      0.005     5.0677     63.031     87.815  92.588596     0.8707      8.257   145.3762 1.4937e+02     2.1637      0.438      0.635    27.7377 0.0000e+00
      0.451      0.001     5.0771     62.523     87.869  92.642798     0.9365      8.258   145.6616 1.4662e+02     2.1554      0.445      0.645    27.7337 0.0000e+00
      0.451     -0.003     5.0564     62.452     87.861  92.637288     0.9641      8.257   145.9366 1.4487e+02     2.0988      0.444      0.645    27.7258 0.0000e+00
      0.444     -0.004     5.0135     62.860     87.811  92.585571     0.9544      8.257   146.2061 1.4476e+02     2.0600      0.437      0.633    27.7155 0.0000e+00
      0.435     -0.008     4.9546     63.466     87.758  92.526211     0.9363      8.256   146.4249 1.4570e+02     2.1308      0.425      0.617    27.7100 0.0000e+00
      0.431     -0.018     4.9042     63.956     87.739  92.491856     0.9123      8.254   147.9804 1.4635e+02     2.3056      0.418      0.607    27.7085 0.0000e+00
      0.436     -0.038     4.8964     64.341     87.765  92.488115     0.8960      8.254   151.0742 1.4961e+02     2.4316      0.423      0.615    27.7112 0.0000e+00
      0.443     -0.061     4.9387     64.949     87.798  92.480936     0.8977      8.256   152.7722 1.5747e+02     2.4245      0.439      0.638    27.7129 0.0000e+00
      0.434     -0.081     4.9979     65.992     87.814  92.468574     0.9158      8.258   152.8515 1.6337e+02     2.3901      0.440      0.638    27.7112 0.0000e+00
      0.395     -0.090     5.0369     67.223     87.816  92.465781     0.9409      8.259   152.8933 1.6257e+02     2.3920      0.396      0.574    27.7068 0.0000e+00
      0.340     -0.088     5.0564     68.277     87.785  92.447161     0.9514      8.260   152.9332 1.6045e+02     2.3447      0.328      0.476    27.6868 0.0000e+00
      0.298     -0.074     5.0970     69.077     87.755  92.434229     0.9431      8.262   152.9046 1.6033e+02     2.2961      0.282      0.407    27.6573 0.0000e+00
      0.285     -0.049     5.1912     69.639     87.755  92.436626     0.9398      8.263   152.8049 1.5831e+02     2.3165      0.271      0.392    27.6384 0.0000e+00
      0.294     -0.021     5.3038     69.987     87.749  92.412553     0.9454      8.264   152.5888 1.5263e+02     2.3522      0.287      0.416    27.6369 0.0000e+00
      0.309      0.001     5.3830     70.193     87.754  92.397488     0.9524      8.264   151.4097 1.4628e+02     2.3867      0.306      0.443    27.6476 0.0000e+00
      0.319      0.016     5.4441     70.195     87.811  92.445211     0.9660      8.264   149.2175 1.4256e+02     2.3920      0.317      0.458    27.6639 0.0000e+00
      0.319      0.029     5.4897     69.877     87.843  92.480842     0.9775      8.263   147.9362 1.4101e+02     2.3481      0.316      0.457    27.6663 0.0000e+00
      0.313      0.046     5.5126     69.307     87.794  92.446764     0.9749      8.262   147.9639 1.4034e+02     2.3686      0.307      0.446    27.6503 0.0000e+00
      0.311      0.072     5.5334     68.636     87.741  92.414740     0.9585      8.262   148.3479 1.4042e+02     2.4678      0.297      0.430    27.6364 0.0000e+00
