Data/DataNotYetUploadedToEDI/Raw_CTD/RawDownloads/070725_bvr50_S8188001.cnv
* Sea-Bird SBE19plus  Data File:
* FileName = C:\R\Reservoirs\Data\DataNotYetUploadedToEDI\Raw_CTD\RawDownloads\070725_bvr50_S8188_0001.hex
* Software version 2.8.0.119
* Temperature SN = 8188
* Conductivity SN = 8188
* System UpLoad Time = Jul 09 2025 16:16:44
* <ApplicationData>
* <Seaterm232>
# nquan = 16
# nvalues = 2617                        
# units = specified
# name 0 = depFM: Depth [fresh water, m]
# name 1 = dz/dtM: Descent Rate [m/s]
# name 2 = sbeox0Mg/L: Oxygen, SBE 43 [mg/l]
# name 3 = sbeox0PS: Oxygen, SBE 43 [% saturation]
# name 4 = specc: Specific Conductance [uS/cm]
# name 5 = c0uS/cm: Conductivity [uS/cm]
# name 6 = wetCDOM: Fluorescence, WET Labs CDOM [mg/m^3]
# name 7 = flECO-AFL: Fluorescence, WET Labs ECO-AFL/FL [mg/m^3]
# name 8 = flECO-AFL1: Fluorescence, WET Labs ECO-AFL/FL, 2 [mg/m^3]
# name 9 = flECO-AFL2: Fluorescence, WET Labs ECO-AFL/FL, 3 [mg/m^3]
# name 10 = par/sat/log: PAR/Logarithmic, Satlantic
# name 11 = turbWETntu0: Turbidity, WET Labs ECO [NTU]
# name 12 = prdM: Pressure, Strain Gauge [db]
# name 13 = prdE: Pressure, Strain Gauge [psi]
# name 14 = tv290C: Temperature [ITS-90, deg C]
# name 15 = flag:  0.000e+00
# span 0 =     -0.713,      6.351       
# span 1 =     -0.222,      0.196       
# span 2 =     0.0113,     9.5065       
# span 3 =      0.120,    119.687       
# span 4 =   -643.036,    268.052       
# span 5 =-490.136753, 196.000694       
# span 6 =    -4.5000,    62.5500       
# span 7 =    -0.9598,    19.7391       
# span 8 =    -5.2398,     5.2824       
# span 9 =    -7.5294,    21.9960       
# span 10 = 1.1582e-01, 3.2510e+03      
# span 11 =    -2.7568,   154.5616      
# span 12 =     -0.699,      6.228      
# span 13 =     -1.014,      9.033      
# span 14 =    11.5575,    27.6760      
# span 15 = 0.0000e+00, 0.0000e+00      
# interval = seconds: 0.25
# start_time = Jul 07 2025 10:24:55 [Instrument's time stamp, header]
# bad_flag = -9.990e-29
*END*
[from data line 362]
      0.090     -0.000     5.3142    106.578     30.828  32.188090    19.9800     1.9471     0.0852     1.3959 3.3590e+02     5.3856      0.089      0.128    27.2944 0.0000e+00
      0.090     -0.000     6.0449    113.607     30.823  32.176062    19.9800     1.9280     0.0852     1.3959 2.9420e+02     5.3856      0.089      0.128    27.2628 0.0000e+00
      0.090      0.000     6.8899    118.000     30.821  32.169366    19.9800     1.8555     0.0852     1.3959 2.4957e+02     5.0835      0.089      0.128    27.2352 0.0000e+00
      0.090      0.000     7.7295    119.687     30.831  32.176174    19.9800     1.8746     0.0852     1.3959 2.7047e+02     5.1892      0.089      0.128    27.2139 0.0000e+00
      0.090      0.001     8.4627    119.015     30.844  32.186351    19.8900     1.8784     0.0852     1.3959 5.4925e+02     5.1288      0.089      0.128    27.1986 0.0000e+00
      0.090      0.001     9.0221    116.737     30.858  32.198630    19.8900     1.8593     0.0852     1.3959 3.4485e+02     5.1590      0.089      0.128    27.1878 0.0000e+00
      0.090      0.002     9.3718    113.763     30.870  32.208316    19.8900     1.9165     0.0852     1.3959 2.3271e+02     5.1590      0.089      0.128    27.1801 0.0000e+00
      0.091      0.003     9.5065    110.797     30.881  32.217992    19.8900     1.9242     0.0852     1.3959 2.1181e+02     5.1590      0.090      0.129    27.1743 0.0000e+00
      0.092      0.003     9.4538    108.205     30.899  32.236214    19.8900     1.9280     0.1278     1.3113 1.9875e+02     5.1137      0.090      0.131    27.1695 0.0000e+00
      0.093      0.004     9.2734    106.104     30.916  32.251908    19.8900     1.9318     0.1278     1.3113 1.7933e+02     5.0986      0.091      0.132    27.1654 0.0000e+00
      0.094      0.005     9.0377    104.476     30.912  32.247348    19.8900     2.0729     0.1278     1.3113 2.0369e+02     5.1741      0.092      0.134    27.1618 0.0000e+00
      0.095      0.005     8.8025    103.242     30.891  32.223312    19.8900     2.0577     0.1278     1.3113 2.0920e+02     5.2194      0.093      0.135    27.1589 0.0000e+00
      0.096      0.006     8.5969    102.306     30.867  32.197290    19.9800     2.0577     0.1704     1.3959 1.9342e+02     5.1590      0.094      0.137    27.1565 0.0000e+00
      0.097      0.006     8.4302    101.596     30.849  32.176285    19.9800     2.0577     0.1704     1.3959 2.6982e+02     5.0381      0.096      0.139    27.1545 0.0000e+00
      0.099      0.006     8.3011    101.064     30.834  32.158678    19.9800     1.8708     0.1704     1.3959 2.2880e+02     5.1741      0.097      0.141    27.1527 0.0000e+00
      0.101      0.006     8.2034    100.667     30.831  32.155709    19.9800     1.8708     0.1704     1.3959 2.4115e+02     5.1741      0.099      0.144    27.1506 0.0000e+00
      0.103      0.006     8.1295    100.371     30.844  32.168577    20.0700     1.8441     0.0852     1.6497 3.0151e+02     5.1590      0.101      0.146    27.1478 0.0000e+00
      0.104      0.006     8.0735    100.151     30.850  32.174821    20.0700     1.8708     0.0852     1.6497 2.0564e+02     5.2496      0.102      0.148    27.1449 0.0000e+00
      0.105      0.006     8.0315     99.988     30.850  32.174114    20.0700     1.9852     0.0852     1.6497 1.8861e+02     5.4611      0.103      0.150    27.1428 0.0000e+00
      0.106      0.006     8.0002     99.870     30.856  32.180211    20.0700     1.9967     0.0852     1.6497 1.8918e+02     5.3856      0.104      0.152    27.1417 0.0000e+00
      0.108      0.006     7.9767     99.797     30.858  32.180795    20.0700     1.9928     0.0852     1.6497 1.9481e+02     5.4007      0.106      0.154    27.1413 0.0000e+00
      0.109      0.006     7.9592     99.763     30.849  32.170046    19.9800     1.9928     0.1704     1.3536 2.3090e+02     5.3403      0.107      0.156    27.1409 0.0000e+00
      0.111      0.005     7.9464     99.756     30.847  32.167008    19.9800     1.8593     0.1704     1.3536 2.0649e+02     5.1892      0.109      0.158    27.1402 0.0000e+00
      0.112      0.005     7.9372     99.770     30.857  32.176844    19.9800     1.8517     0.1704     1.3536 2.2069e+02     5.1137      0.110      0.160    27.1389 0.0000e+00
      0.114      0.004     7.9316     99.804     30.866  32.186244    19.9800     1.8441     0.1704     1.3536 2.2642e+02     5.1439      0.112      0.162    27.1371 0.0000e+00
      0.115      0.003     7.9292     99.849     30.868  32.187757    20.0700     1.8708     0.1278     1.3959 2.2069e+02     5.1892      0.112      0.163    27.1352 0.0000e+00
      0.115      0.001     7.9289     99.891     30.860  32.179793    20.0700     1.8822     0.1278     1.3959 2.4183e+02     5.1892      0.113      0.164    27.1335 0.0000e+00
      0.115      0.000     7.9301     99.925     30.850  32.170187    20.0700     1.8479     0.1278     1.3959 2.9484e+02     5.1288      0.113      0.164    27.1323 0.0000e+00
      0.115     -0.001     7.9330     99.936     30.846  32.166338    20.0700     1.8555     0.1278     1.3959 2.3705e+02     5.1439      0.113      0.164    27.1317 0.0000e+00
      0.114     -0.001     7.9365     99.916     30.833  32.153276    19.9800     1.8784     0.1704     1.6497 1.9025e+02     5.1590      0.112      0.163    27.1314 0.0000e+00
      0.114     -0.002     7.9399     99.880     30.809  32.129509    19.9800     1.9089     0.1704     1.6497 2.0122e+02     5.1439      0.112      0.163    27.1316 0.0000e+00
      0.113     -0.003     7.9425     99.855     30.802  32.122558    19.9800     1.9509     0.1704     1.6497 2.3075e+02     5.0381      0.111      0.162    27.1323 0.0000e+00
      0.113     -0.004     7.9432     99.865     30.811  32.132563    19.9800     1.9356     0.1704     1.6497 2.4774e+02     5.2950      0.111      0.161    27.1334 0.0000e+00
      0.112     -0.005     7.9415     99.910     30.820  32.142274    19.9800     1.9280     0.1704     1.6497 2.5401e+02     5.1288      0.110      0.159    27.1346 0.0000e+00
      0.110     -0.007     7.9385     99.971     30.830  32.154281    19.9800     2.0081     0.1278     1.6074 2.8181e+02     5.1590      0.108      0.157    27.1357 0.0000e+00
      0.108     -0.008     7.9364    100.034     30.842  32.167802    19.9800     2.0081     0.1278     1.6074 2.2103e+02     5.1288      0.106      0.154    27.1368 0.0000e+00
      0.106     -0.008     7.9369    100.097     30.851  32.178477    19.9800     2.0310     0.1278     1.6074 2.5164e+02     5.1741      0.104      0.151    27.1378 0.0000e+00
      0.103     -0.008     7.9403    100.157     30.855  32.183176    19.9800     1.9814     0.1278     1.6074 2.2613e+02     5.1288      0.102      0.147    27.1391 0.0000e+00
      0.101     -0.008     7.9450    100.199     30.850  32.177178    19.9800     1.9165     0.0852     1.4805 2.3449e+02     5.1288      0.099      0.143    27.1406 0.0000e+00
      0.098     -0.007     7.9498    100.211     30.838  32.164858    19.9800     1.9356     0.0852     1.4805 2.2623e+02     5.2194      0.097      0.140    27.1424 0.0000e+00
      0.097     -0.006     7.9546    100.194     30.831  32.156873    19.9800     1.9242     0.0852     1.4805 2.6731e+02     5.2647      0.095      0.138    27.1439 0.0000e+00
      0.095     -0.005     7.9592    100.164     30.837  32.163043    19.9800     1.9165     0.0852     1.4805 4.5672e+02     5.1590      0.094      0.136    27.1449 0.0000e+00
      0.095     -0.003     7.9625    100.127     30.845  32.171073    19.8900     1.9776     0.1704     1.5228 3.7210e+02     5.1741      0.093      0.135    27.1450 0.0000e+00
      0.094     -0.002     7.9635    100.075     30.836  32.161195    19.8900     1.9967     0.1704     1.5228 3.4112e+02     5.1590      0.092      0.134    27.1446 0.0000e+00
      0.094     -0.001     7.9623    100.007     30.820  32.144716    19.8900     2.0005     0.1704     1.5228 2.6679e+02     5.1590      0.092      0.134    27.1439 0.0000e+00
      0.093     -0.001     7.9599     99.928     30.819  32.143135    19.8900     2.0005     0.1704     1.5228 3.1279e+02     5.1137      0.092      0.133    27.1434 0.0000e+00
      0.093      0.000     7.9570     99.859     30.832  32.156029    20.0700     1.9509     0.1278     1.5228 2.6460e+02     5.3856      0.092      0.133    27.1430 0.0000e+00
      0.094      0.000     7.9530     99.827     30.847  32.170903    20.0700     1.9280     0.1278     1.5228 2.1945e+02     5.3856      0.092      0.134    27.1425 0.0000e+00
      0.094      0.001     7.9477     99.837     30.853  32.175790    20.0700     1.9471     0.1278     1.5228 2.4262e+02     5.3403      0.092      0.134    27.1419 0.0000e+00
      0.095      0.001     7.9415     99.876     30.849  32.171994    20.0700     1.9280     0.1278     1.5228 3.8939e+02     5.4007      0.093      0.135    27.1410 0.0000e+00
      0.095      0.001     7.9362     99.932     30.852  32.174435    20.0700     1.9318     0.1278     1.5228 2.6471e+02     5.1590      0.093      0.135    27.1399 0.0000e+00
      0.095      0.001     7.9338     99.989     30.861  32.183764    19.9800     1.9242     0.1278     1.3959 2.5247e+02     5.2345      0.093      0.135    27.1389 0.0000e+00
      0.095      0.001     7.9347    100.036     30.868  32.190519    19.9800     1.9242     0.1278     1.3959 2.1873e+02     5.1288      0.093      0.135    27.1381 0.0000e+00
      0.095      0.001     7.9379    100.060     30.874  32.196502    19.9800     1.9013     0.1278     1.3959 2.2045e+02     5.1892      0.094      0.136    27.1375 0.0000e+00
      0.096      0.000     7.9424    100.043     30.881  32.203309    19.9800     1.9356     0.1278     1.3959 2.2045e+02     5.4007      0.094      0.136    27.1371 0.0000e+00
      0.096      0.000     7.9469     99.988     30.886  32.208769    19.9800     1.9165     0.1704     1.5228 2.1969e+02     5.4158      0.094      0.136    27.1367 0.0000e+00
      0.096      0.000     7.9508     99.913     30.885  32.208365    19.9800     1.9280     0.1704     1.5228 2.0911e+02     5.4158      0.094      0.136    27.1362 0.0000e+00
      0.096      0.000     7.9527     99.842     30.877  32.199998    19.9800     1.9318     0.1704     1.5228 2.3715e+02     5.3856      0.094      0.136    27.1358 0.0000e+00
      0.096      0.000     7.9515     99.797     30.873  32.195377    19.9800     1.9204     0.1704     1.5228 2.2964e+02     5.4007      0.094      0.136    27.1354 0.0000e+00
      0.096      0.000     7.9471     99.790     30.873  32.195263    19.9800     1.8975     0.1278     1.5651 2.2786e+02     5.3856      0.094      0.136    27.1351 0.0000e+00
      0.096      0.000     7.9412     99.811     30.870  32.191657    19.9800     1.9242     0.1278     1.5651 2.2466e+02     5.3403      0.094      0.136    27.1348 0.0000e+00
      0.096      0.000     7.9355     99.848     30.874  32.195549    19.9800     1.9471     0.1278     1.5651 2.1793e+02     5.4611      0.094      0.136    27.1347 0.0000e+00
      0.096      0.001     7.9320     99.894     30.892  32.213952    19.9800     1.8860     0.1278     1.5651 2.4315e+02     5.1288      0.094      0.136    27.1347 0.0000e+00
      0.096      0.001     7.9315     99.945     30.905  32.227872    19.9800     1.8708     0.1278     1.5228 2.2257e+02     5.1892      0.094      0.137    27.1346 0.0000e+00
      0.096      0.000     7.9332     99.992     30.907  32.229071    19.9800     1.8860     0.1278     1.5228 2.0267e+02     5.0684      0.094      0.137    27.1344 0.0000e+00
      0.097      0.000     7.9362    100.028     30.902  32.223844    19.9800     1.8784     0.1278     1.5228 2.2403e+02     5.1741      0.095      0.138    27.1340 0.0000e+00
      0.097      0.000     7.9399    100.051     30.886  32.206814    19.9800     1.8517     0.1278     1.5228 2.5897e+02     5.1741      0.095      0.138    27.1335 0.0000e+00
      0.097      0.000     7.9440    100.054     30.856  32.175432    19.9800     1.8860     0.1278     1.5228 2.1085e+02     5.2647      0.095      0.137    27.1330 0.0000e+00
      0.097      0.001     7.9478    100.029     30.829  32.147220    19.9800     1.8593     0.1278     1.5651 2.0757e+02     5.1741      0.095      0.137    27.1329 0.0000e+00
      0.097      0.002     7.9506     99.976     30.824  32.142539    19.9800     1.8670     0.1278     1.5651 2.3464e+02     5.2496      0.095      0.138    27.1329 0.0000e+00
      0.097      0.003     7.9525     99.912     30.837  32.156159    19.9800     1.9204     0.1278     1.5651 3.6150e+02     5.3856      0.095      0.138    27.1328 0.0000e+00
      0.098      0.004     7.9528     99.854     30.856  32.175777    19.9800     1.9356     0.1278     1.5651 4.0378e+02     5.4158      0.096      0.140    27.1327 0.0000e+00
      0.100      0.005     7.9507     99.812     30.869  32.188699    19.9800     1.9242     0.1278     1.4805 2.5028e+02     5.3554      0.098      0.142    27.1325 0.0000e+00
      0.101      0.005     7.9465     99.790     30.865  32.184429    19.9800     1.9509     0.1278     1.4805 2.3932e+02     5.4007      0.099      0.144    27.1324 0.0000e+00
      0.103      0.005     7.9415     99.796     30.856  32.175770    19.9800     2.0081     0.1278     1.4805 2.3342e+02     5.3554      0.101      0.147    27.1324 0.0000e+00
      0.105      0.005     7.9369     99.839     30.854  32.174356    19.9800     1.9928     0.1278     1.4805 2.1750e+02     5.5064      0.103      0.149    27.1321 0.0000e+00
      0.106      0.004     7.9336     99.915     30.859  32.179809    20.0700     1.9967     0.1278     1.4805 2.1241e+02     5.4007      0.104      0.151    27.1318 0.0000e+00
      0.107      0.003     7.9318    100.003     30.873  32.193584    20.0700     2.0081     0.1278     1.4805 2.0506e+02     5.4158      0.104      0.152    27.1318 0.0000e+00
      0.107      0.003     7.9323    100.070     30.890  32.211386    20.0700     1.9547     0.1278     1.4805 3.0840e+02     5.0986      0.105      0.153    27.1322 0.0000e+00
      0.108      0.002     7.9356    100.108     30.904  32.226014    20.0700     1.9509     0.1278     1.4805 1.9536e+02     5.1892      0.106      0.154    27.1327 0.0000e+00
      0.109      0.002     7.9417    100.129     30.909  32.231409    19.9800     1.9356     0.1278     1.5651 3.2683e+02     5.1741      0.106      0.154    27.1330 0.0000e+00
      0.109      0.002     7.9486    100.146     30.900  32.223035    19.9800     1.9280     0.1278     1.5651 2.2359e+02     5.1137      0.107      0.155    27.1331 0.0000e+00
      0.109      0.001     7.9539    100.155     30.883  32.204633    19.9800     1.9204     0.1278     1.5651 4.3891e+02     5.2345      0.107      0.156    27.1331 0.0000e+00
      0.110      0.001     7.9569    100.154     30.864  32.185240    19.9800     1.9318     0.1278     1.5651 1.9931e+02     5.1892      0.107      0.156    27.1331 0.0000e+00
      0.110      0.001     7.9587    100.157     30.846  32.165657    19.9800     1.9204     0.1278     1.5651 2.2165e+02     5.2647      0.107      0.156    27.1333 0.0000e+00
      0.110      0.000     7.9600    100.176     30.824  32.142656    19.9800     1.9089     0.0852     1.3113 2.0157e+02     5.0230      0.108      0.156    27.1336 0.0000e+00
      0.110      0.000     7.9606    100.209     30.810  32.128027    19.9800     1.8860     0.0852     1.3113 2.0005e+02     5.3705      0.108      0.157    27.1337 0.0000e+00
      0.110      0.000     7.9606    100.234     30.806  32.123844    19.9800     1.8708     0.0852     1.3113 2.3561e+02     5.4913      0.108      0.157    27.1336 0.0000e+00
      0.110      0.000     7.9608    100.226     30.803  32.121026    19.9800     1.8708     0.0852     1.3113 2.2122e+02     5.4460      0.108      0.157    27.1333 0.0000e+00
