Data/DataNotYetUploadedToEDI/Raw_CTD/RawDownloads/070725_bvr50_S8188001.cnv
* Sea-Bird SBE19plus  Data File:
* FileName = C:\R\Reservoirs\Data\DataNotYetUploadedToEDI\Raw_CTD\RawDownloads\070725_bvr50_S8188_0001.hex
* Software version 2.8.0.119
* Temperature SN = 8188
* Conductivity SN = 8188
* System UpLoad Time = Jul 09 2025 16:16:44
* <ApplicationData>
* <Seaterm232>
# nquan = 16
# nvalues = 2617                        
# units = specified
# name 0 = depFM: Depth [fresh water, m]
# name 1 = dz/dtM: Descent Rate [m/s]
# name 2 = sbeox0Mg/L: Oxygen, SBE 43 [mg/l]
# name 3 = sbeox0PS: Oxygen, SBE 43 [% saturation]
# name 4 = specc: Specific Conductance [uS/cm]
# name 5 = c0uS/cm: Conductivity [uS/cm]
# name 6 = wetCDOM: Fluorescence, WET Labs CDOM [mg/m^3]
# name 7 = flECO-AFL: Fluorescence, WET Labs ECO-AFL/FL [mg/m^3]
# name 8 = flECO-AFL1: Fluorescence, WET Labs ECO-AFL/FL, 2 [mg/m^3]
# name 9 = flECO-AFL2: Fluorescence, WET Labs ECO-AFL/FL, 3 [mg/m^3]
# name 10 = par/sat/log: PAR/Logarithmic, Satlantic
# name 11 = turbWETntu0: Turbidity, WET Labs ECO [NTU]
# name 12 = prdM: Pressure, Strain Gauge [db]
# name 13 = prdE: Pressure, Strain Gauge [psi]
# name 14 = tv290C: Temperature [ITS-90, deg C]
# name 15 = flag:  0.000e+00
# span 0 =     -0.713,      6.351       
# span 1 =     -0.222,      0.196       
# span 2 =     0.0113,     9.5065       
# span 3 =      0.120,    119.687       
# span 4 =   -643.036,    268.052       
# span 5 =-490.136753, 196.000694       
# span 6 =    -4.5000,    62.5500       
# span 7 =    -0.9598,    19.7391       
# span 8 =    -5.2398,     5.2824       
# span 9 =    -7.5294,    21.9960       
# span 10 = 1.1582e-01, 3.2510e+03      
# span 11 =    -2.7568,   154.5616      
# span 12 =     -0.699,      6.228      
# span 13 =     -1.014,      9.033      
# span 14 =    11.5575,    27.6760      
# span 15 = 0.0000e+00, 0.0000e+00      
# interval = seconds: 0.25
# start_time = Jul 07 2025 10:24:55 [Instrument's time stamp, header]
# bad_flag = -9.990e-29
*END*
[from data line 2260]
      5.122      0.051     0.0512      0.472    148.159 110.292815    46.9800     1.3710     0.1704     3.6378 1.1592e-01     7.5458      5.023      7.285    12.2487 0.0000e+00
      5.134      0.052     0.0507      0.466    148.462 110.487720    46.9800     1.3596     0.1704     3.6378 1.1600e-01     7.4703      5.035      7.303    12.2437 0.0000e+00
      5.148      0.054     0.0507      0.464    148.716 110.646361    46.9800     1.3787     0.1704     3.6378 1.1610e-01     7.4552      5.048      7.322    12.2368 0.0000e+00
      5.162      0.057     0.0508      0.472    148.932 110.779052    46.9800     1.3825     0.1704     3.6378 1.1597e-01     8.2105      5.062      7.342    12.2283 0.0000e+00
      5.177      0.059     0.0505      0.481    149.128 110.899179    47.9700     1.4359     0.1704     3.6378 1.1605e-01     8.2105      5.077      7.363    12.2184 0.0000e+00
      5.192      0.061     0.0499      0.489    149.288 110.994788    47.9700     1.4550     0.1704     3.6378 1.1595e-01     8.2860      5.092      7.385    12.2080 0.0000e+00
      5.208      0.063     0.0498      0.496    149.426 111.075377    47.9700     1.4054     0.1704     3.6378 1.1585e-01     8.1652      5.108      7.408    12.1978 0.0000e+00
      5.225      0.064     0.0506      0.502    149.590 111.176433    47.9700     1.4016     0.1704     3.6378 1.1605e-01     8.1803      5.124      7.432    12.1884 0.0000e+00
      5.242      0.064     0.0516      0.509    149.790 111.306907    47.9700     1.4473     0.1704     3.6378 1.1592e-01     7.7573      5.141      7.456    12.1798 0.0000e+00
      5.258      0.065     0.0525      0.511    150.011 111.453602    49.4100     1.4435     0.1704     4.3146 1.1605e-01     7.7875      5.157      7.479    12.1719 0.0000e+00
      5.275      0.065     0.0532      0.504    150.240 111.607649    49.4100     1.4206     0.1704     4.3146 1.1612e-01     7.8177      5.173      7.503    12.1645 0.0000e+00
      5.291      0.066     0.0539      0.493    150.469 111.760137    49.4100     1.4168     0.1704     4.3146 1.1612e-01     7.7573      5.189      7.526    12.1576 0.0000e+00
      5.308      0.066     0.0546      0.481    150.686 111.903739    49.4100     1.3787     0.1704     4.3146 1.1597e-01     7.6667      5.205      7.550    12.1514 0.0000e+00
      5.325      0.067     0.0548      0.465    150.904 112.048754    47.6100     1.3710     0.1704     3.7647 1.1602e-01     7.7573      5.222      7.574    12.1458 0.0000e+00
      5.343      0.066     0.0541      0.452    151.145 112.211856    47.6100     1.3367     0.1704     3.7647 1.1600e-01     7.6365      5.240      7.599    12.1402 0.0000e+00
      5.360      0.065     0.0530      0.446    151.402 112.388548    47.6100     1.3367     0.1704     3.7647 1.1595e-01     7.7573      5.257      7.624    12.1345 0.0000e+00
      5.377      0.063     0.0517      0.444    151.643 112.555958    47.6100     1.3748     0.1704     3.7647 1.1605e-01     7.9235      5.273      7.649    12.1286 0.0000e+00
      5.393      0.061     0.0500      0.445    151.857 112.704740    47.5200     1.3863     0.1704     3.5109 1.1607e-01     7.9990      5.289      7.671    12.1229 0.0000e+00
      5.408      0.058     0.0486      0.450    152.037 112.830575    47.5200     1.3596     0.1704     3.5109 1.1610e-01     8.0443      5.304      7.693    12.1177 0.0000e+00
      5.422      0.055     0.0479      0.458    152.167 112.921025    47.5200     1.3443     0.1704     3.5109 1.1617e-01     7.9839      5.318      7.713    12.1131 0.0000e+00
      5.436      0.052     0.0477      0.467    152.212 112.950218    47.5200     1.3596     0.1704     3.5109 1.1600e-01     7.6516      5.331      7.732    12.1092 0.0000e+00
      5.449      0.050     0.0479      0.472    152.174 112.919939    46.5300     1.3443     0.1704     3.6378 1.1623e-01     7.6667      5.344      7.750    12.1060 0.0000e+00
      5.461      0.047     0.0484      0.468    152.136 112.892104    46.5300     1.3863     0.1704     3.6378 1.1605e-01     7.7875      5.356      7.768    12.1033 0.0000e+00
      5.473      0.045     0.0492      0.459    152.114 112.877286    46.5300     1.3443     0.1704     3.6378 1.1607e-01     7.7120      5.367      7.784    12.1013 0.0000e+00
      5.484      0.043     0.0502      0.454    152.088 112.861535    46.5300     1.4511     0.1704     3.6378 1.1600e-01     7.9537      5.378      7.800    12.0999 0.0000e+00
      5.495      0.041     0.0508      0.454    152.103 112.878647    46.5300     1.4359     0.1704     3.6378 1.1602e-01     8.0443      5.389      7.816    12.0993 0.0000e+00
      5.505      0.040     0.0504      0.453    152.142 112.911187    47.3400     1.4435     0.1278     3.8493 1.1600e-01     7.9386      5.399      7.830    12.0993 0.0000e+00
      5.515      0.039     0.0494      0.448    152.158 112.925841    47.3400     1.4473     0.1278     3.8493 1.1600e-01     7.9235      5.408      7.844    12.0998 0.0000e+00
      5.524      0.040     0.0488      0.443    152.190 112.950512    47.3400     1.4359     0.1278     3.8493 1.1617e-01     7.8479      5.417      7.857    12.1011 0.0000e+00
      5.533      0.040     0.0487      0.444    152.273 113.011776    47.3400     1.3863     0.1278     3.8493 1.1595e-01     7.7573      5.426      7.870    12.1029 0.0000e+00
      5.544      0.042     0.0487      0.446    152.385 113.093975    47.7900     1.4359     0.1278     4.1031 1.1617e-01     7.7422      5.436      7.885    12.1043 0.0000e+00
      5.555      0.044     0.0481      0.448    152.501 113.179035    47.7900     1.4283     0.1278     4.1031 1.1605e-01     7.7875      5.447      7.900    12.1051 0.0000e+00
      5.566      0.046     0.0476      0.452    152.666 113.297637    47.7900     1.3596     0.1278     4.1031 1.1590e-01     7.9839      5.458      7.917    12.1054 0.0000e+00
      5.578      0.048     0.0477      0.456    152.948 113.497407    47.7900     1.3596     0.1278     4.1031 1.1607e-01     7.9688      5.470      7.933    12.1054 0.0000e+00
      5.590      0.050     0.0479      0.460    153.381 113.803619    49.0500     1.3443     0.1278     4.3146 1.1602e-01     7.9235      5.482      7.951    12.1051 0.0000e+00
      5.603      0.052     0.0481      0.463    153.973 114.221941    49.0500     1.3634     0.1278     4.3146 1.1600e-01     8.0141      5.495      7.970    12.1047 0.0000e+00
      5.617      0.054     0.0485      0.470    154.665 114.709939    49.0500     1.4893     0.1278     4.3146 1.1592e-01     7.9839      5.508      7.989    12.1035 0.0000e+00
      5.631      0.056     0.0490      0.478    155.395 115.223761    49.0500     1.5007     0.1278     4.3146 1.1595e-01     8.0141      5.522      8.010    12.1006 0.0000e+00
      5.646      0.058     0.0494      0.485    156.121 115.734433    49.0500     1.4931     0.1278     4.3146 1.1605e-01     7.9537      5.537      8.031    12.0956 0.0000e+00
      5.662      0.059     0.0498      0.490    156.769 116.188136    49.4100     1.4778     0.1704     4.3992 1.1605e-01     7.9235      5.552      8.052    12.0889 0.0000e+00
      5.677      0.060     0.0505      0.494    157.324 116.573859    49.4100     1.5389     0.1704     4.3992 1.1607e-01     8.6033      5.567      8.074    12.0808 0.0000e+00
      5.693      0.060     0.0514      0.498    157.825 116.920457    49.4100     1.5694     0.1704     4.3992 1.1623e-01     8.7845      5.582      8.097    12.0719 0.0000e+00
      5.708      0.060     0.0522      0.502    158.270 117.226352    49.4100     1.5351     0.1704     4.3992 1.1612e-01     8.6335      5.598      8.119    12.0630 0.0000e+00
      5.724      0.059     0.0527      0.503    158.648 117.483108    50.0400     1.5313     0.1278     4.5684 1.1612e-01     8.6335      5.613      8.141    12.0545 0.0000e+00
      5.739      0.058     0.0531      0.498    159.040 117.751194    50.0400     1.5656     0.1278     4.5684 1.1607e-01     8.6637      5.628      8.163    12.0464 0.0000e+00
      5.754      0.057     0.0536      0.489    159.558 118.112099    50.0400     1.5732     0.1278     4.5684 1.1615e-01     8.6335      5.642      8.184    12.0385 0.0000e+00
      5.768      0.056     0.0540      0.482    160.172 118.540053    50.0400     1.5427     0.1278     4.5684 1.1600e-01     8.7090      5.656      8.204    12.0310 0.0000e+00
      5.782      0.055     0.0541      0.476    160.854 119.013162    50.4900     1.5503     0.1704     4.3569 1.1590e-01     8.7090      5.670      8.224    12.0237 0.0000e+00
      5.796      0.054     0.0536      0.471    161.744 119.631587    50.4900     1.6228     0.1704     4.3569 1.1595e-01     9.1622      5.684      8.243    12.0167 0.0000e+00
      5.810      0.053     0.0527      0.470    162.763 120.336196    50.4900     1.6304     0.1704     4.3569 1.1602e-01     9.2226      5.697      8.263    12.0096 0.0000e+00
      5.823      0.052     0.0519      0.470    163.462 120.792770    50.4900     1.6228     0.1704     4.3569 1.1607e-01     9.1169      5.710      8.282    12.0014 0.0000e+00
      5.836      0.051     0.0512      0.472    163.375 120.664935    50.6700     1.6304     0.1704     4.3569 1.1595e-01     9.2226      5.723      8.301    11.9914 0.0000e+00
      5.849      0.050     0.0508      0.477    162.034 119.614487    50.6700     1.6724     0.1704     4.3569 1.1605e-01     9.1169      5.736      8.319    11.9791 0.0000e+00
      5.862      0.048     0.0506      0.481    158.730 117.125207    50.6700     1.6838     0.1704     4.3569 1.1597e-01     9.1924      5.748      8.337    11.9637 0.0000e+00
      5.874      0.045     0.0507      0.481    152.392 112.411232    50.6700     1.6686     0.1704     4.3569 1.1592e-01     9.2075      5.760      8.354    11.9450 0.0000e+00
      5.886      0.043     0.0509      0.478    141.224 104.149469    50.6700     1.6724     0.1704     4.3569 1.1597e-01     9.0867      5.771      8.371    11.9247 0.0000e+00
      5.896      0.040     0.0515      0.474    122.067  90.012719    51.2100     1.9280     0.1704     4.3569 1.1615e-01     9.5701      5.782      8.386    11.9052 0.0000e+00
      5.906      0.037     0.0520      0.469     89.658  66.123127    51.2100     1.8860     0.1704     4.3569 1.1602e-01     9.7060      5.792      8.400    11.8882 0.0000e+00
      5.915      0.035     0.0520      0.464     35.365  26.120142    51.2100     1.8898     0.1704     4.3569 1.1600e-01     9.6154      5.800      8.413    11.8743 0.0000e+00
      5.923      0.032     0.0516      0.460    -55.215 -40.609672    51.2100     1.9051     0.1704     4.3569 1.1600e-01     9.6607      5.808      8.424    11.8635 0.0000e+00
      5.931      0.031     0.0512      0.456   -206.334-151.936973    52.0200     1.8784     0.1704     4.5261 1.1602e-01    10.4311      5.816      8.435    11.8556 0.0000e+00
      5.938      0.030     0.0507      0.454   -458.674-337.829197    52.0200     1.8708     0.1704     4.5261 1.1605e-01    10.3254      5.823      8.445    11.8501 0.0000e+00
      5.945      0.031     0.0502      0.455   -615.333-453.256940    52.0200     1.8593     0.1704     4.5261 1.1628e-01    10.3556      5.830      8.456    11.8463 0.0000e+00
      5.953      0.032     0.0497      0.455   -454.159-334.586452    52.0200     1.8593     0.1704     4.5261 1.1600e-01    10.3556      5.838      8.466    11.8427 0.0000e+00
      5.961      0.034     0.0492      0.453   -197.866-145.853727    52.8300     1.8441     0.1704     4.6530 1.1612e-01     9.5701      5.845      8.478    11.8373 0.0000e+00
      5.969      0.037     0.0491      0.449    -43.322 -32.059228    52.8300     1.8746     0.1704     4.6530 1.1610e-01     9.6758      5.854      8.490    11.8290 0.0000e+00
      5.979      0.039     0.0492      0.446     50.561  37.056161    52.8300     1.8402     0.1704     4.6530 1.1595e-01     9.5852      5.863      8.504    11.8181 0.0000e+00
      5.990      0.042     0.0492      0.444    108.404  79.622911    52.8300     1.8593     0.1704     4.6530 1.1615e-01     9.6909      5.874      8.519    11.8062 0.0000e+00
      6.001      0.045     0.0490      0.442    144.743 106.343439    52.8300     2.0501     0.1704     4.6530 1.1595e-01    10.3254      5.885      8.535    11.7952 0.0000e+00
      6.013      0.047     0.0486      0.440    168.343 123.674438    52.6500     2.0310     0.1704     4.9491 1.1605e-01    10.3707      5.897      8.552    11.7857 0.0000e+00
      6.025      0.049     0.0482      0.438    184.762 135.706816    52.6500     2.0577     0.1704     4.9491 1.1600e-01    10.3254      5.909      8.570    11.7771 0.0000e+00
      6.038      0.050     0.0480      0.438    196.866 144.547523    52.6500     2.0577     0.1704     4.9491 1.1617e-01    10.3254      5.922      8.588    11.7682 0.0000e+00
      6.051      0.051     0.0478      0.443    205.843 151.073633    52.6500     2.1531     0.1704     4.9491 1.1597e-01    10.3556      5.934      8.607    11.7579 0.0000e+00
      6.064      0.052     0.0477      0.451    212.733 156.059676    52.8300     2.1645     0.1704     4.2723 1.1605e-01    10.3556      5.947      8.625    11.7464 0.0000e+00
      6.078      0.052     0.0475      0.458    218.386 160.139824    52.8300     2.1645     0.1704     4.2723 1.1600e-01    10.3556      5.960      8.644    11.7335 0.0000e+00
      6.091      0.052     0.0475      0.458    223.121 163.554247    52.8300     2.1454     0.1704     4.2723 1.1595e-01    10.4009      5.973      8.663    11.7178 0.0000e+00
      6.104      0.051     0.0480      0.455    227.058 166.395555    52.8300     2.3514     0.1704     4.2723 1.1610e-01    12.0173      5.986      8.682    11.7000 0.0000e+00
      6.118      0.050     0.0490      0.453    230.518 168.900163    52.2000     2.3514     0.1704     4.3146 1.1582e-01    12.0626      5.999      8.701    11.6819 0.0000e+00
      6.131      0.049     0.0497      0.453    234.226 171.597621    52.2000     2.3285     0.1704     4.3146 1.1590e-01    11.9116      6.012      8.720    11.6653 0.0000e+00
      6.143      0.047     0.0497      0.453    238.985 175.076910    52.2000     2.3667     0.1704     4.3146 1.1612e-01    12.0173      6.025      8.738    11.6514 0.0000e+00
      6.155      0.045     0.0494      0.452    244.610 179.200850    52.2000     2.7215     0.1704     4.3146 1.1607e-01    13.5129      6.036      8.754    11.6408 0.0000e+00
      6.166      0.044     0.0492      0.452    249.756 182.980933    51.0300     2.7100     0.1704     4.5684 1.1607e-01    13.5431      6.047      8.770    11.6333 0.0000e+00
      6.177      0.042     0.0492      0.456    253.377 185.645504    51.0300     2.7291     0.1704     4.5684 1.1605e-01    13.5431      6.057      8.785    11.6288 0.0000e+00
      6.187      0.041     0.0492      0.462    255.495 187.204727    51.0300     2.7138     0.1704     4.5684 1.1605e-01    13.4826      6.067      8.800    11.6268 0.0000e+00
      6.198      0.040     0.0491      0.465    256.638 188.040275    51.0300     3.1144     0.1704     4.5684 1.1605e-01    16.0507      6.078      8.815    11.6272 0.0000e+00
      6.208      0.038     0.0491      0.461    257.233 188.465287    51.0300     3.0953     0.1704     4.5684 1.1605e-01    16.0809      6.088      8.830    11.6291 0.0000e+00
      6.217      0.037     0.0495      0.450    257.446 188.601125    51.0300     3.0915     0.1704     4.5684 1.1602e-01    16.0809      6.097      8.843    11.6314 0.0000e+00
      6.226      0.036     0.0502      0.438    257.279 188.451899    51.0300     3.0724     0.1704     4.5684 1.1610e-01    15.9903      6.106      8.856    11.6328 0.0000e+00
      6.235      0.036     0.0505      0.431    256.696 187.995877    51.0300     3.4730     0.1704     4.5684 1.1607e-01    18.2563      6.115      8.869    11.6325 0.0000e+00
      6.244      0.036     0.0501      0.428    255.655 187.211809    51.0300     3.4424     0.1704     4.5684 1.1605e-01    18.1807      6.124      8.881    11.6303 0.0000e+00
