Data/DataNotYetUploadedToEDI/Raw_CTD/RawDownloads/070722_ccr50_0001.cnv
* Sea-Bird SBE19plus  Data File:
* FileName = C:\R\Reservoirs\Data\DataNotYetUploadedToEDI\Raw_CTD\RawDownloads\070722_ccr50_SBE19plus01907809_0001.hex
* Software version 2.8.0.119
* Temperature SN = 7809
* Conductivity SN = 7809
* System UpLoad Time = Jul 07 2022 15:44:47
* <ApplicationData>
* <Seaterm232>
# nquan = 15
# nvalues = 1733                        
# units = specified
# name 0 = depFM: Depth [fresh water, m]
# name 1 = dz/dtM: Descent Rate [m/s]
# name 2 = sbeox0Mg/L: Oxygen, SBE 43 [mg/l]
# name 3 = sbeox0PS: Oxygen, SBE 43 [% saturation]
# name 4 = specc: Specific Conductance [uS/cm]
# name 5 = c0uS/cm: Conductivity [uS/cm]
# name 6 = flECO-AFL: Fluorescence, WET Labs ECO-AFL/FL [mg/m^3]
# name 7 = ph: pH
# name 8 = orp: Oxidation Reduction Potential [mV]
# name 9 = par/sat/log: PAR/Logarithmic, Satlantic
# name 10 = turbWETntu0: Turbidity, WET Labs ECO [NTU]
# name 11 = prdM: Pressure, Strain Gauge [db]
# name 12 = prdE: Pressure, Strain Gauge [psi]
# name 13 = tv290C: Temperature [ITS-90, deg C]
# name 14 = flag:  0.000e+00
# span 0 =     -0.496,     21.320       
# span 1 =     -0.364,      0.239       
# span 2 =     0.0685,     8.6814       
# span 3 =      0.649,     99.575       
# span 4 =      9.436,    253.006       
# span 5 =   9.794110, 179.547400       
# span 6 =    -0.0895,     4.9981       
# span 7 =      6.837,      8.249       
# span 8 =   103.7036,   255.9797       
# span 9 = 1.2352e-01, 1.8791e+03       
# span 10 =    -0.6418,   264.5460      
# span 11 =     -0.491,     20.908      
# span 12 =     -0.712,     30.324      
# span 13 =    10.4602,    27.6462      
# span 14 = 0.0000e+00, 0.0000e+00      
# interval = seconds: 0.25
# start_time = Jul 07 2022 06:54:23 [Instrument's time stamp, header]
# bad_flag = -9.990e-29
*END*
[from data line 386]
      1.600      0.071     6.7261     85.087     86.721  91.291283     0.6950      8.181   185.5121 4.9523e+02     0.7509      1.567      2.275    27.6279 0.0000e+00
      1.616      0.071     6.7196     85.067     86.716  91.285929     0.6898      8.182   185.5697 4.9563e+02     0.7115      1.582      2.296    27.6278 0.0000e+00
      1.638      0.070     6.7165     85.106     86.715  91.284784     0.6843      8.182   185.4177 4.9088e+02     0.6490      1.605      2.327    27.6282 0.0000e+00
      1.663      0.068     6.7068     85.214     86.708  91.277431     0.6788      8.183   185.1368 4.8818e+02     0.6438      1.632      2.365    27.6285 0.0000e+00
      1.684      0.066     6.7012     85.310     86.693  91.260616     0.6737      8.184   185.0995 4.8718e+02     0.6819      1.653      2.397    27.6287 0.0000e+00
      1.698      0.066     6.7000     85.335     86.704  91.272225     0.6724      8.184   185.3107 4.8561e+02     0.7006      1.667      2.419    27.6286 0.0000e+00
      1.707      0.069     6.7009     85.337     86.722  91.290617     0.6803      8.185   185.3674 4.8266e+02     0.7326      1.674      2.429    27.6283 0.0000e+00
      1.716      0.075     6.7132     85.324     86.724  91.292242     0.7098      8.186   185.3554 4.7356e+02     0.7621      1.680      2.436    27.6280 0.0000e+00
      1.734      0.080     6.7239     85.271     86.724  91.291868     0.7386      8.188   185.5094 4.6449e+02     0.7496      1.696      2.459    27.6277 0.0000e+00
      1.762      0.082     6.7217     85.203     86.719  91.286087     0.7371      8.189   185.5943 4.6112e+02     0.7184      1.725      2.502    27.6275 0.0000e+00
      1.795      0.079     6.7227     85.178     86.719  91.285937     0.7241      8.191   185.6073 4.5558e+02     0.6589      1.763      2.557    27.6276 0.0000e+00
      1.823      0.074     6.7232     85.211     86.723  91.290055     0.7228      8.191   185.7527 4.4913e+02     0.6105      1.795      2.603    27.6271 0.0000e+00
      1.838      0.066     6.7180     85.242     86.706  91.272289     0.7216      8.192   185.9753 4.4771e+02     0.6453      1.806      2.619    27.6265 0.0000e+00
      1.843      0.059     6.7108     85.235     86.696  91.261885     0.7184      8.194   186.1484 4.4606e+02     0.7043      1.806      2.620    27.6265 0.0000e+00
      1.849      0.055     6.7075     85.228     86.725  91.291421     0.7251      8.194   186.2104 4.4272e+02     0.7086      1.810      2.626    27.6263 0.0000e+00
      1.860      0.056     6.7131     85.273     86.744  91.311483     0.7275      8.195   186.2090 4.3721e+02     0.6973      1.822      2.643    27.6264 0.0000e+00
      1.879      0.060     6.7167     85.360     86.746  91.313690     0.7306      8.196   186.1315 4.2796e+02     0.7039      1.843      2.673    27.6265 0.0000e+00
      1.901      0.064     6.7148     85.452     86.751  91.318106     0.7381      8.196   185.9617 4.2111e+02     0.6873      1.866      2.706    27.6265 0.0000e+00
      1.922      0.066     6.7119     85.517     86.735  91.301301     0.7269      8.196   185.9630 4.1868e+02     0.6330      1.886      2.736    27.6262 0.0000e+00
      1.938      0.065     6.7164     85.507     86.735  91.301255     0.7120      8.196   186.1479 4.1623e+02     0.5935      1.903      2.759    27.6258 0.0000e+00
      1.950      0.061     6.7245     85.421     86.750  91.317546     0.7075      8.196   186.3044 4.1486e+02     0.6198      1.911      2.772    27.6257 0.0000e+00
      1.963      0.056     6.7320     85.334     86.740  91.307514     0.7057      8.197   186.3055 4.1129e+02     0.6429      1.923      2.790    27.6256 0.0000e+00
      1.980      0.050     6.7394     85.267     86.740  91.307130     0.7233      8.198   186.0753 4.0310e+02     0.5996      1.942      2.816    27.6258 0.0000e+00
      1.996      0.045     6.7391     85.178     86.745  91.312910     0.7620      8.198   185.8445 3.9905e+02     0.5748      1.959      2.841    27.6258 0.0000e+00
      2.008      0.042     6.7287     85.111     86.746  91.313810     0.7906      8.199   185.8375 3.9737e+02     0.6167      1.971      2.858    27.6260 0.0000e+00
      2.014      0.042     6.7206     85.111     86.749  91.318005     0.7948      8.200   185.9909 3.9371e+02     0.6621      1.976      2.865    27.6261 0.0000e+00
      2.018      0.045     6.7192     85.112     86.731  91.300047     0.7878      8.200   186.1505 3.9252e+02     0.6450      1.978      2.869    27.6263 0.0000e+00
      2.025      0.051     6.7097     85.068     86.718  91.287434     0.7818      8.200   186.2187 3.9162e+02     0.6150      1.983      2.877    27.6261 0.0000e+00
      2.039      0.059     6.7015     85.056     86.722  91.292684     0.7797      8.201   186.2142 3.8802e+02     0.6412      1.998      2.896    27.6257 0.0000e+00
      2.060      0.067     6.7051     85.109     86.729  91.299931     0.7872      8.202   186.2667 3.8693e+02     0.6886      2.020      2.928    27.6261 0.0000e+00
      2.083      0.072     6.7076     85.178     86.741  91.311473     0.7982      8.202   186.4237 3.8687e+02     0.7092      2.043      2.963    27.6270 0.0000e+00
      2.104      0.073     6.6998     85.273     86.736  91.305077     0.8047      8.203   186.5634 3.8156e+02     0.6850      2.064      2.993    27.6282 0.0000e+00
      2.123      0.072     6.6968     85.373     86.719  91.286169     0.7986      8.204   186.5793 3.7803e+02     0.6350      2.083      3.021    27.6292 0.0000e+00
      2.140      0.071     6.7058     85.408     86.709  91.273604     0.7830      8.204   186.6165 3.7864e+02     0.6180      2.099      3.044    27.6288 0.0000e+00
      2.154      0.073     6.7083     85.379     86.718  91.280322     0.7738      8.204   186.7545 3.7649e+02     0.6496      2.111      3.062    27.6277 0.0000e+00
      2.169      0.075     6.7165     85.279     86.743  91.303809     0.7705      8.205   186.7861 3.7249e+02     0.6759      2.125      3.082    27.6275 0.0000e+00
      2.189      0.076     6.7289     85.095     86.746  91.303235     0.7760      8.206   186.7399 3.6906e+02     0.6959      2.144      3.110    27.6269 0.0000e+00
      2.214      0.075     6.7292     84.864     86.720  91.273378     0.7833      8.207   186.7124 3.6337e+02     0.7215      2.171      3.149    27.6252 0.0000e+00
      2.240      0.073     6.7282     84.631     86.710  91.260727     0.7829      8.208   186.7114 3.5651e+02     0.7120      2.200      3.190    27.6239 0.0000e+00
      2.258      0.069     6.7215     84.485     86.727  91.277438     0.7959      8.209   186.8999 3.5179e+02     0.7518      2.216      3.214    27.6221 0.0000e+00
      2.270      0.064     6.7051     84.489     86.737  91.284668     0.8243      8.210   187.1845 3.4749e+02     0.8610      2.226      3.228    27.6201 0.0000e+00
      2.282      0.059     6.6869     84.602     86.742  91.284553     0.8343      8.210   187.3138 3.4165e+02     0.9052      2.237      3.244    27.6187 0.0000e+00
      2.296      0.054     6.6660     84.785     86.737  91.276045     0.8255      8.210   187.3444 3.3404e+02     0.8766      2.250      3.264    27.6176 0.0000e+00
      2.312      0.052     6.6506     84.949     86.710  91.245373     0.8347      8.210   187.3827 3.2674e+02     0.8228      2.268      3.291    27.6166 0.0000e+00
      2.327      0.053     6.6551     84.987     86.699  91.231615     0.8545      8.211   187.4318 3.2113e+02     0.7671      2.283      3.313    27.6148 0.0000e+00
      2.338      0.055     6.6643     84.987     86.706  91.236865     0.8572      8.211   187.4219 3.1533e+02     0.7491      2.292      3.324    27.6119 0.0000e+00
      2.348      0.057     6.6800     85.062     86.717  91.245264     0.8505      8.212   187.3489 3.0966e+02     0.7417      2.301      3.337    27.6096 0.0000e+00
      2.362      0.058     6.7009     85.188     86.744  91.269579     0.8314      8.212   187.3244 3.0550e+02     0.6778      2.315      3.357    27.6084 0.0000e+00
      2.379      0.061     6.6977     85.275     86.754  91.276506     0.8016      8.212   187.3830 3.0120e+02     0.6259      2.333      3.383    27.6074 0.0000e+00
      2.398      0.063     6.6941     85.275     86.746  91.265425     0.7813      8.212   187.5416 2.9729e+02     0.6267      2.353      3.412    27.6060 0.0000e+00
      2.416      0.064     6.7020     85.230     86.744  91.262760     0.7771      8.212   187.6933 2.9535e+02     0.6184      2.370      3.438    27.6038 0.0000e+00
      2.431      0.062     6.7147     85.200     86.726  91.244280     0.8006      8.213   187.7548 2.9375e+02     0.6287      2.384      3.457    27.6019 0.0000e+00
      2.447      0.060     6.7246     85.169     86.715  91.232750     0.8406      8.214   187.7690 2.9180e+02     0.6832      2.399      3.479    27.5999 0.0000e+00
      2.462      0.059     6.7219     85.094     86.732  91.250511     0.8619      8.215   187.7791 2.9059e+02     0.7307      2.415      3.502    27.5985 0.0000e+00
      2.475      0.060     6.7168     85.027     86.749  91.268277     0.8583      8.215   187.8776 2.9010e+02     0.7237      2.427      3.521    27.5980 0.0000e+00
      2.489      0.062     6.7144     85.037     86.739  91.256802     0.8293      8.216   188.0121 2.8846e+02     0.6677      2.440      3.539    27.5981 0.0000e+00
      2.504      0.063     6.7154     85.111     86.723  91.238938     0.7945      8.216   188.0287 2.8577e+02     0.6336      2.454      3.560    27.5984 0.0000e+00
      2.522      0.062     6.7066     85.170     86.729  91.243034     0.7871      8.215   187.9928 2.8370e+02     0.6541      2.473      3.587    27.5984 0.0000e+00
      2.542      0.059     6.6983     85.105     86.730  91.242730     0.7906      8.214   188.0938 2.8215e+02     0.6758      2.493      3.616    27.5983 0.0000e+00
      2.559      0.056     6.7007     84.921     86.724  91.235264     0.8192      8.214   188.1310 2.7986e+02     0.6917      2.512      3.644    27.5980 0.0000e+00
      2.572      0.055     6.7079     84.757     86.707  91.216336     0.8756      8.215   187.9265 2.7748e+02     0.7088      2.525      3.662    27.5971 0.0000e+00
      2.580      0.055     6.7174     84.692     86.697  91.204622     0.8978      8.216   187.9445 2.7605e+02     0.7127      2.531      3.670    27.5961 0.0000e+00
      2.589      0.057     6.7129     84.697     86.713  91.220798     0.8955      8.217   188.2632 2.7386e+02     0.7037      2.538      3.681    27.5950 0.0000e+00
      2.602      0.062     6.6920     84.758     86.713  91.221171     0.8895      8.219   188.4237 2.7057e+02     0.6691      2.550      3.699    27.5943 0.0000e+00
      2.622      0.067     6.6771     84.879     86.703  91.209121     0.8760      8.219   188.4225 2.6699e+02     0.6356      2.570      3.727    27.5937 0.0000e+00
      2.646      0.072     6.6742     85.019     86.697  91.202280     0.8821      8.219   188.4211 2.6283e+02     0.6405      2.596      3.764    27.5929 0.0000e+00
      2.668      0.074     6.6752     85.137     86.697  91.202032     0.8964      8.219   188.4929 2.5840e+02     0.6931      2.619      3.798    27.5925 0.0000e+00
      2.687      0.073     6.6785     85.220     86.701  91.206122     0.8989      8.219   188.7740 2.5474e+02     0.7255      2.634      3.821    27.5922 0.0000e+00
      2.703      0.072     6.6903     85.239     86.684  91.188147     0.9049      8.220   189.0665 2.5137e+02     0.6910      2.649      3.843    27.5920 0.0000e+00
      2.719      0.070     6.7029     85.218     86.672  91.175440     0.9097      8.220   189.0184 2.4743e+02     0.6520      2.666      3.867    27.5920 0.0000e+00
      2.736      0.069     6.7109     85.205     86.676  91.179656     0.9077      8.220   188.8807 2.4298e+02     0.6286      2.682      3.891    27.5919 0.0000e+00
      2.754      0.069     6.7206     85.223     86.672  91.175544     0.9061      8.221   188.9502 2.3841e+02     0.6133      2.700      3.917    27.5917 0.0000e+00
      2.773      0.070     6.7199     85.241     86.686  91.189304     0.9142      8.221   188.9988 2.3438e+02     0.6042      2.720      3.945    27.5914 0.0000e+00
      2.791      0.070     6.7172     85.216     86.715  91.218850     0.9316      8.221   188.9514 2.3119e+02     0.6206      2.738      3.971    27.5913 0.0000e+00
      2.808      0.069     6.7151     85.176     86.712  91.214855     0.9494      8.223   188.8936 2.2851e+02     0.6750      2.753      3.993    27.5914 0.0000e+00
      2.826      0.068     6.7171     85.128     86.703  91.204593     0.9634      8.223   188.8165 2.2570e+02     0.7156      2.770      4.020    27.5911 0.0000e+00
      2.844      0.066     6.7219     85.053     86.721  91.221936     0.9433      8.223   188.7937 2.2262e+02     0.7015      2.789      4.046    27.5909 0.0000e+00
      2.861      0.066     6.7167     84.979     86.735  91.233786     0.9057      8.224   188.8756 2.1961e+02     0.6418      2.807      4.070    27.5906 0.0000e+00
      2.876      0.066     6.7144     84.965     86.727  91.220697     0.8990      8.224   188.9466 2.1691e+02     0.5746      2.821      4.092    27.5900 0.0000e+00
      2.891      0.067     6.7116     85.005     86.702  91.190839     0.9041      8.224   188.9638 2.1460e+02     0.5720      2.834      4.110    27.5895 0.0000e+00
      2.908      0.067     6.7051     85.038     86.704  91.190688     0.9009      8.225   188.9982 2.1241e+02     0.6440      2.851      4.136    27.5888 0.0000e+00
      2.927      0.067     6.6971     85.058     86.732  91.218865     0.9018      8.226   189.0181 2.1034e+02     0.7276      2.870      4.164    27.5868 0.0000e+00
      2.946      0.067     6.6958     85.099     86.727  91.213605     0.9072      8.227   189.0319 2.0847e+02     0.7633      2.888      4.190    27.5841 0.0000e+00
      2.963      0.066     6.7030     85.178     86.705  91.190672     0.9077      8.228   189.1651 2.0674e+02     0.7341      2.906      4.215    27.5817 0.0000e+00
      2.979      0.064     6.7050     85.273     86.709  91.195931     0.9163      8.228   189.3383 2.0538e+02     0.6824      2.921      4.237    27.5803 0.0000e+00
      2.995      0.063     6.7055     85.328     86.725  91.213604     0.9361      8.227   189.3188 2.0420e+02     0.6499      2.936      4.258    27.5797 0.0000e+00
      3.010      0.063     6.7081     85.310     86.725  91.213594     0.9472      8.226   189.1878 2.0334e+02     0.6488      2.953      4.282    27.5799 0.0000e+00
      3.025      0.068     6.7148     85.259     86.709  91.195819     0.9509      8.226   189.2166 2.0258e+02     0.6693      2.966      4.301    27.5803 0.0000e+00
      3.040      0.075     6.7244     85.246     86.704  91.189428     0.9563      8.227   189.4090 2.0113e+02     0.6927      2.980      4.322    27.5807 0.0000e+00
      3.057      0.083     6.7298     85.294     86.716  91.199900     0.9619      8.227   189.5351 1.9933e+02     0.7263      2.997      4.347    27.5815 0.0000e+00
      3.079      0.090     6.7271     85.348     86.714  91.195267     0.9612      8.228   189.6231 1.9707e+02     0.7693      3.017      4.375    27.5816 0.0000e+00
      3.108      0.095     6.7204     85.329     86.718  91.196987     0.9552      8.229   189.7850 1.9415e+02     0.7680      3.046      4.419    27.5810 0.0000e+00
      3.139      0.097     6.7189     85.240     86.742  91.220681     0.9483      8.230   190.0294 1.9190e+02     0.7107      3.081      4.468    27.5800 0.0000e+00
      3.165      0.094     6.7242     85.141     86.749  91.227408     0.9445      8.231   190.5129 1.9066e+02     0.6570      3.105      4.503    27.5786 0.0000e+00
      3.187      0.087     6.7322     85.038     86.738  91.214740     0.9415      8.231   190.8125 1.8980e+02     0.6308      3.125      4.532    27.5766 0.0000e+00
