Data/DataNotYetUploadedToEDI/Raw_CTD/RawDownloads/070722_ccr21_0002.cnv
* Sea-Bird SBE19plus  Data File:
* FileName = C:\R\Reservoirs\Data\DataNotYetUploadedToEDI\Raw_CTD\RawDownloads\070722_ccr50_SBE19plus01907809_0002.hex
* Software version 2.8.0.119
* Temperature SN = 7809
* Conductivity SN = 7809
* System UpLoad Time = Jul 07 2022 15:45:05
* <ApplicationData>
* <Seaterm232>
# nquan = 15
# nvalues = 573                         
# units = specified
# name 0 = depFM: Depth [fresh water, m]
# name 1 = dz/dtM: Descent Rate [m/s]
# name 2 = sbeox0Mg/L: Oxygen, SBE 43 [mg/l]
# name 3 = sbeox0PS: Oxygen, SBE 43 [% saturation]
# name 4 = specc: Specific Conductance [uS/cm]
# name 5 = c0uS/cm: Conductivity [uS/cm]
# name 6 = flECO-AFL: Fluorescence, WET Labs ECO-AFL/FL [mg/m^3]
# name 7 = ph: pH
# name 8 = orp: Oxidation Reduction Potential [mV]
# name 9 = par/sat/log: PAR/Logarithmic, Satlantic
# name 10 = turbWETntu0: Turbidity, WET Labs ECO [NTU]
# name 11 = prdM: Pressure, Strain Gauge [db]
# name 12 = prdE: Pressure, Strain Gauge [psi]
# name 13 = tv290C: Temperature [ITS-90, deg C]
# name 14 = flag:  0.000e+00
# span 0 =     -0.496,      5.304       
# span 1 =     -0.438,      0.320       
# span 2 =     4.5912,     7.4053       
# span 3 =     58.092,     91.283       
# span 4 =      6.570,     90.462       
# span 5 =   6.884497,  94.123284       
# span 6 =    -2.0364,   227.4850       
# span 7 =      6.994,      8.146       
# span 8 =   124.2207,   210.1243       
# span 9 = 2.3689e+01, 2.1556e+03       
# span 10 =    -0.3560,    23.3781      
# span 11 =     -0.489,      5.204      
# span 12 =     -0.709,      7.547      
# span 13 =    21.9153,    27.6105      
# span 14 = 0.0000e+00, 0.0000e+00      
# interval = seconds: 0.25
# start_time = Jul 07 2022 07:46:11 [Instrument's time stamp, header]
# bad_flag = -9.990e-29
*END*
[from data line 97]
      0.083     -0.003     5.0950     65.472     86.407  90.644798     0.4118      7.783   163.4613 2.0315e+03     0.9693      0.081      0.117    27.4698 0.0000e+00
      0.080     -0.010     5.1602     65.013     86.358  90.594328     0.3861      7.786   163.4438 2.0414e+03     0.8795      0.082      0.118    27.4551 0.0000e+00
      0.075     -0.020     5.1985     64.452     86.326  90.555193     0.3545      7.788   163.4912 2.0426e+03     0.8582      0.073      0.106    27.4511 0.0000e+00
      0.073     -0.037     5.2049     63.967     86.343  90.553109     0.3380      7.792   163.5177 2.0540e+03     0.8837      0.069      0.099    27.4463 0.0000e+00
      0.074     -0.055     5.1789     63.906     86.384  90.569099     0.3368      7.797   163.5066 2.0775e+03     0.9145      0.078      0.112    27.4449 0.0000e+00
      0.064     -0.065     5.1409     64.426     86.450  90.621324     0.3312      7.803   163.4422 2.0431e+03     0.8886      0.073      0.107    27.4468 0.0000e+00
      0.032     -0.059     5.0944     65.284     86.498  90.675867     0.3195      7.809   163.3414 1.7259e+03     0.7755      0.035      0.053    27.4472 0.0000e+00
     -0.010     -0.039     5.0428     66.087     86.457  90.656325     0.3119      7.815   163.2339 1.4813e+03     0.7079     -0.017     -0.025    27.4339 0.0000e+00
     -0.036     -0.014     5.0341     66.671     86.352  90.575835     0.3058      7.821   163.2609 1.7696e+03     0.7202     -0.046     -0.068    27.4130 0.0000e+00
     -0.031      0.001     5.0853     67.335     86.302  90.529295     0.3381      7.828   163.8406 2.0654e+03     0.8217     -0.041     -0.059    27.4016 0.0000e+00
      0.003      0.003     5.1668     68.599     86.335  90.538703     0.4105      7.834   164.4781 2.1119e+03     0.9790     -0.003     -0.004    27.4048 0.0000e+00
      0.044     -0.003     5.2341     70.328     86.390  90.562382     0.4488      7.839   164.3434 2.1175e+03     1.0507      0.057      0.082    27.4198 0.0000e+00
      0.054     -0.012     5.2714     71.918     86.403  90.561204     0.4593      7.844   163.9326 2.0829e+03     1.1085      0.077      0.111    27.4439 0.0000e+00
      0.014     -0.021     5.2982     73.328     86.353  90.524433     0.4464      7.850   163.8135 2.0510e+03     1.3014      0.019      0.028    27.4523 0.0000e+00
     -0.039     -0.026     5.4027     74.564     86.302  90.499309     0.3929      7.856   163.7645 2.0447e+03     1.5385     -0.056     -0.080    27.4292 0.0000e+00
     -0.056     -0.024     5.5771     75.321     86.305  90.511805     0.3530      7.861   163.5979 2.0498e+03     1.6187     -0.071     -0.104    27.4038 0.0000e+00
     -0.034     -0.009     5.6924     75.646     86.355  90.548371     0.3386      7.865   163.5197 2.0423e+03     1.5881     -0.033     -0.048    27.3920 0.0000e+00
     -0.007      0.016     5.7979     75.690     86.385  90.559915     0.3438      7.869   163.6794 1.8908e+03     1.3729      0.003      0.004    27.4048 0.0000e+00
      0.003      0.034     5.9147     75.370     86.361  90.524182     0.3740      7.873   163.8948 1.4432e+03     0.9643      0.009      0.012    27.4316 0.0000e+00
     -0.000      0.035     5.9650     74.663     86.334  90.497803     0.3964      7.876   164.0585 1.0702e+03     0.7468     -0.004     -0.006    27.4369 0.0000e+00
      0.000      0.026     5.9852     73.687     86.326  90.495301     0.4064      7.879   164.1962 1.2848e+03     0.7587     -0.006     -0.008    27.4213 0.0000e+00
      0.011      0.018     5.9976     72.593     86.325  90.493935     0.4204      7.882   164.3545 1.7617e+03     0.8341      0.012      0.018    27.4072 0.0000e+00
      0.022      0.014     5.9729     71.587     86.320  90.481295     0.4244      7.883   164.5955 1.9964e+03     0.9072      0.026      0.037    27.4011 0.0000e+00
      0.026      0.011     5.9121     70.831     86.313  90.469620     0.4125      7.884   164.7880 2.0360e+03     0.9254      0.027      0.039    27.4033 0.0000e+00
      0.025      0.006     5.8312     70.315     86.322  90.479928     0.4010      7.887   164.7900 2.0356e+03     0.9179      0.024      0.035    27.4111 0.0000e+00
      0.023      0.003     5.7381     69.902     86.318  90.478770     0.4021      7.890   164.7913 2.0306e+03     0.8844      0.022      0.032    27.4101 0.0000e+00
      0.020      0.004     5.6535     69.459     86.294  90.455620     0.4095      7.892   164.9754 2.0288e+03     0.8283      0.019      0.028    27.4024 0.0000e+00
      0.019      0.009     5.5950     68.908     86.294  90.454358     0.4157      7.893   165.1228 2.0315e+03     0.7858      0.017      0.025    27.4000 0.0000e+00
      0.021      0.012     5.5588     68.288     86.309  90.463512     0.4188      7.894   165.1107 2.0354e+03     0.7806      0.018      0.027    27.4016 0.0000e+00
      0.030      0.012     5.5296     67.696     86.299  90.439125     0.4143      7.896   165.1734 2.0379e+03     0.7657      0.028      0.041    27.4044 0.0000e+00
      0.040      0.009     5.4968     67.142     86.291  90.413799     0.3935      7.899   165.2793 2.0375e+03     0.7412      0.043      0.062    27.4059 0.0000e+00
      0.045      0.004     5.4532     66.685     86.299  90.411603     0.3580      7.902   165.2721 2.0300e+03     0.7926      0.048      0.070    27.4053 0.0000e+00
      0.040     -0.001     5.3980     66.417     86.304  90.412550     0.3349      7.904   165.3450 2.0071e+03     0.9083      0.041      0.060    27.4028 0.0000e+00
      0.032     -0.003     5.3551     66.235     86.316  90.425237     0.3310      7.905   165.5573 1.9286e+03     0.9797      0.031      0.046    27.3926 0.0000e+00
      0.027     -0.001     5.3111     65.984     86.326  90.437837     0.3355      7.906   165.1727 1.7578e+03     0.9385      0.026      0.038    27.3810 0.0000e+00
      0.026      0.004     5.2686     65.642     86.323  90.437740     0.3475      7.906   164.3941 1.5474e+03     0.8876      0.025      0.036    27.3748 0.0000e+00
      0.030      0.008     5.2537     65.284     86.311  90.424068     0.3598      7.907   163.8867 1.3645e+03     0.9116      0.027      0.040    27.3730 0.0000e+00
      0.039      0.007     5.2444     65.004     86.297  90.399688     0.3683      7.908   163.4267 1.2236e+03     0.9210      0.038      0.056    27.3735 0.0000e+00
      0.049      0.004     5.2246     64.845     86.306  90.397282     0.3757      7.908   163.3055 1.1499e+03     0.8295      0.051      0.073    27.3741 0.0000e+00
      0.051     -0.001     5.1946     64.793     86.310  90.394962     0.3820      7.909   163.2823 1.0684e+03     0.6936      0.054      0.079    27.3775 0.0000e+00
      0.043     -0.006     5.1632     64.847     86.287  90.371622     0.3869      7.911   163.2317 8.9080e+02     0.6450      0.044      0.064    27.3783 0.0000e+00
      0.032     -0.011     5.1400     65.003     86.280  90.369412     0.3859      7.913   163.2101 8.0845e+02     0.6523      0.026      0.037    27.3713 0.0000e+00
      0.030     -0.013     5.1297     65.190     86.279  90.368254     0.3864      7.915   163.0206 1.0252e+03     0.6442      0.027      0.040    27.3627 0.0000e+00
      0.032     -0.011     5.1263     65.311     86.274  90.357624     0.4009      7.917   163.2641 1.4284e+03     0.6499      0.034      0.049    27.3576 0.0000e+00
      0.029     -0.006     5.1286     65.237     86.288  90.368028     0.4099      7.917   164.1756 1.7581e+03     0.6864      0.028      0.040    27.3592 0.0000e+00
      0.025     -0.001     5.1445     64.886     86.288  90.366880     0.4039      7.918   165.0923 1.8951e+03     0.7439      0.024      0.035    27.3647 0.0000e+00
      0.025      0.002     5.1608     64.298     86.268  90.343742     0.4041      7.919   165.6582 1.9123e+03     0.7998      0.024      0.035    27.3649 0.0000e+00
      0.028      0.005     5.1746     63.497     86.268  90.342595     0.4122      7.921   166.2859 1.8992e+03     0.8494      0.028      0.040    27.3599 0.0000e+00
      0.030      0.008     5.1738     62.546     86.280  90.353010     0.4104      7.922   165.8849 1.8812e+03     0.8659      0.030      0.043    27.3568 0.0000e+00
      0.033      0.010     5.1411     61.561     86.273  90.342492     0.4068      7.924   163.9073 1.8592e+03     0.8965      0.031      0.045    27.3565 0.0000e+00
      0.037      0.012     5.0960     60.574     86.277  90.342586     0.4193      7.925   163.1959 1.8376e+03     0.9111      0.036      0.052    27.3559 0.0000e+00
      0.041      0.017     5.0319     59.661     86.290  90.354146     0.4278      7.927   164.5108 1.8276e+03     0.8040      0.041      0.059    27.3554 0.0000e+00
      0.042      0.022     4.9498     58.948     86.291  90.355082     0.4181      7.928   164.9210 1.8281e+03     0.6949      0.042      0.061    27.3540 0.0000e+00
      0.044      0.025     4.8746     58.457     86.289  90.353907     0.4110      7.929   163.8536 1.8289e+03     0.6845      0.041      0.059    27.3518 0.0000e+00
      0.054      0.022     4.7941     58.160     86.278  90.339939     0.4082      7.931   163.1339 1.8243e+03     0.7471      0.049      0.070    27.3493 0.0000e+00
      0.069      0.017     4.7163     58.092     86.258  90.313365     0.4012      7.934   163.1891 1.8123e+03     0.8363      0.069      0.100    27.3478 0.0000e+00
      0.079      0.011     4.6604     58.316     86.238  90.286915     0.4083      7.936   163.4891 1.7962e+03     0.9088      0.084      0.121    27.3479 0.0000e+00
      0.079      0.003     4.6234     58.846     86.230  90.274452     0.4274      7.938   163.6636 1.7772e+03     0.9749      0.080      0.116    27.3489 0.0000e+00
      0.070     -0.003     4.5983     59.592     86.248  90.289832     0.4254      7.940   163.6634 1.7546e+03     0.9864      0.065      0.096    27.3486 0.0000e+00
      0.062     -0.006     4.5912     60.361     86.423  90.472870     0.4005      7.940   163.8310 1.7291e+03     0.9462      0.059      0.085    27.3441 0.0000e+00
      0.059     -0.004     4.6082     61.219     86.810  90.897979     0.3840      7.941   164.2265 1.6870e+03     0.9330      0.057      0.084    27.3401 0.0000e+00
      0.058      0.004     4.6527     63.086     87.118  91.296922     0.3915      7.943   164.8322 1.5752e+03     0.9291      0.056      0.082    27.3385 0.0000e+00
      0.061      0.013     4.7183     66.975     87.173  91.481547     0.4003      7.944   165.2179 1.3402e+03     0.8981      0.060      0.085    27.3367 0.0000e+00
      0.068      0.020     4.7852     72.363     87.117  91.540859     0.3991      7.946   164.8459 1.0341e+03     0.9006      0.067      0.097    27.3345 0.0000e+00
      0.077      0.026     4.8260     77.809     87.074  91.569147     0.4097      7.948   164.5507 7.7343e+02     0.9595      0.076      0.110    27.3344 0.0000e+00
      0.084      0.032     4.9182     82.409     87.039  91.569346     0.4207      7.949   164.7463 6.2612e+02     0.9951      0.081      0.119    27.3768 0.0000e+00
      0.090      0.037     5.2433     85.895     86.998  91.543326     0.4152      7.950   164.9742 6.7266e+02     0.9889      0.087      0.126    27.4698 0.0000e+00
      0.098      0.042     5.7156     88.271     86.960  91.508908     0.4025      7.952   165.0684 9.2495e+02     0.9531      0.095      0.138    27.5442 0.0000e+00
      0.111      0.047     6.1601     89.529     86.924  91.471137     0.3915      7.953   165.1108 1.1544e+03     0.9041      0.107      0.157    27.5808 0.0000e+00
      0.126      0.052     6.5286     89.754     86.924  91.468147     0.3905      7.955   165.1426 1.1839e+03     0.8745      0.123      0.179    27.5998 0.0000e+00
      0.140      0.057     6.7968     89.237     86.931  91.472746     0.3903      7.956   165.1955 1.1902e+03     0.8676      0.138      0.200    27.6077 0.0000e+00
      0.154      0.062     6.9875     88.365     86.924  91.463154     0.3969      7.958   165.6642 1.2213e+03     0.8897      0.150      0.219    27.6105 0.0000e+00
      0.169      0.066     7.0847     87.468     86.943  91.479329     0.4122      7.959   166.1632 1.1375e+03     0.9370      0.165      0.240    27.6095 0.0000e+00
      0.186      0.070     7.0937     86.723     86.945  91.477554     0.4175      7.960   166.0671 1.0740e+03     0.9614      0.183      0.264    27.6073 0.0000e+00
      0.206      0.074     7.0420     86.201     86.915  91.441693     0.4105      7.961   165.6204 1.0790e+03     0.9447      0.201      0.291    27.6056 0.0000e+00
      0.226      0.077     6.9628     85.891     86.906  91.427237     0.3944      7.962   165.7520 1.0540e+03     0.9066      0.221      0.321    27.6041 0.0000e+00
      0.247      0.080     6.8889     85.709     86.913  91.429932     0.3893      7.963   166.4543 9.8198e+02     0.8758      0.242      0.352    27.6022 0.0000e+00
      0.268      0.082     6.8282     85.561     86.901  91.410687     0.3989      7.964   167.4000 8.7434e+02     0.8799      0.265      0.384    27.6000 0.0000e+00
      0.288      0.082     6.7881     85.450     86.884  91.385282     0.4019      7.967   169.0128 7.7916e+02     0.8879      0.282      0.409    27.5976 0.0000e+00
      0.308      0.082     6.7660     85.409     86.884  91.377084     0.4090      7.970   170.2960 6.9322e+02     0.9049      0.300      0.436    27.5949 0.0000e+00
      0.331      0.081     6.7566     85.413     86.891  91.375146     0.4264      7.972   170.6116 6.5769e+02     0.9484      0.325      0.471    27.5920 0.0000e+00
      0.352      0.079     6.7440     85.392     86.886  91.361838     0.4294      7.974   170.1609 6.8354e+02     0.9694      0.346      0.502    27.5884 0.0000e+00
      0.372      0.076     6.7339     85.297     86.874  91.343331     0.4195      7.975   169.4928 7.0752e+02     0.9542      0.365      0.529    27.5839 0.0000e+00
      0.392      0.073     6.7327     85.175     86.877  91.342128     0.4238      7.976   169.4171 7.1293e+02     0.9017      0.385      0.558    27.5789 0.0000e+00
      0.410      0.069     6.7353     85.083     86.886  91.347279     0.4399      7.977   169.2452 6.8115e+02     0.8471      0.403      0.585    27.5737 0.0000e+00
      0.427      0.066     6.7372     85.038     86.884  91.342009     0.4484      7.978   168.7913 6.5396e+02     0.8740      0.418      0.607    27.5690 0.0000e+00
      0.442      0.066     6.7273     85.056     86.886  91.341999     0.4519      7.980   168.7476 6.5709e+02     0.9537      0.433      0.628    27.5652 0.0000e+00
      0.457      0.071     6.7161     85.112     86.894  91.347144     0.4572      7.981   169.0606 6.3596e+02     0.9571      0.449      0.651    27.5625 0.0000e+00
      0.472      0.077     6.7096     85.123     86.891  91.340625     0.4621      7.981   169.4785 6.1069e+02     0.8810      0.462      0.670    27.5604 0.0000e+00
      0.490      0.083     6.7050     85.077     86.881  91.326753     0.4605      7.982   169.9285 6.1354e+02     0.8533      0.476      0.690    27.5590 0.0000e+00
      0.516      0.087     6.7067     85.031     86.866  91.306579     0.4545      7.983   170.5439 6.0909e+02     0.8958      0.504      0.732    27.5577 0.0000e+00
      0.546      0.087     6.7154     85.013     86.851  91.287463     0.4568      7.986   171.1544 6.0203e+02     0.9159      0.536      0.779    27.5560 0.0000e+00
      0.571      0.084     6.7166     85.023     86.852  91.286364     0.4552      7.988   171.5457 6.0554e+02     0.8913      0.562      0.815    27.5537 0.0000e+00
      0.591      0.077     6.7103     85.034     86.861  91.293291     0.4515      7.988   171.8331 5.9124e+02     0.9065      0.581      0.843    27.5515 0.0000e+00
      0.608      0.068     6.7072     85.057     86.876  91.307631     0.4622      7.989   171.9617 5.6969e+02     0.9626      0.598      0.867    27.5495 0.0000e+00
