Data/DataNotYetUploadedToEDI/Raw_CTD/RawDownloads/070722_ccr07_0004.cnv
* Sea-Bird SBE19plus  Data File:
* FileName = C:\R\Reservoirs\Data\DataNotYetUploadedToEDI\Raw_CTD\RawDownloads\070722_ccr50_SBE19plus01907809_0004.hex
* Software version 2.8.0.119
* Temperature SN = 7809
* Conductivity SN = 7809
* System UpLoad Time = Jul 07 2022 15:45:28
* <ApplicationData>
* <Seaterm232>
# nquan = 15
# nvalues = 302                         
# units = specified
# name 0 = depFM: Depth [fresh water, m]
# name 1 = dz/dtM: Descent Rate [m/s]
# name 2 = sbeox0Mg/L: Oxygen, SBE 43 [mg/l]
# name 3 = sbeox0PS: Oxygen, SBE 43 [% saturation]
# name 4 = specc: Specific Conductance [uS/cm]
# name 5 = c0uS/cm: Conductivity [uS/cm]
# name 6 = flECO-AFL: Fluorescence, WET Labs ECO-AFL/FL [mg/m^3]
# name 7 = ph: pH
# name 8 = orp: Oxidation Reduction Potential [mV]
# name 9 = par/sat/log: PAR/Logarithmic, Satlantic
# name 10 = turbWETntu0: Turbidity, WET Labs ECO [NTU]
# name 11 = prdM: Pressure, Strain Gauge [db]
# name 12 = prdE: Pressure, Strain Gauge [psi]
# name 13 = tv290C: Temperature [ITS-90, deg C]
# name 14 = flag:  0.000e+00
# span 0 =     -0.490,      0.860       
# span 1 =     -0.414,      0.240       
# span 2 =     3.4977,     6.7946       
# span 3 =     44.359,     84.624       
# span 4 =     20.515,     92.249       
# span 5 =  21.574018,  97.632013       
# span 6 =    -1.7498,   227.9862       
# span 7 =      7.823,      8.105       
# span 8 =   131.7713,   185.5312       
# span 9 = 9.7988e+01, 2.5662e+03       
# span 10 =    -4.0042,    48.0446      
# span 11 =     -0.482,      0.845      
# span 12 =     -0.700,      1.225      
# span 13 =    26.9586,    28.2880      
# span 14 = 0.0000e+00, 0.0000e+00      
# interval = seconds: 0.25
# start_time = Jul 07 2022 08:10:25 [Instrument's time stamp, header]
# bad_flag = -9.990e-29
*END*
     -0.487      0.098     6.7946     84.047     89.835  94.830756    -1.7498      8.104   144.5839 5.9945e+02    -4.0042     -0.482     -0.700    26.9628 0.0000e+00
     -0.464      0.137     6.7794     83.779     91.611  97.071894    -1.7016      8.104   145.0303 1.1890e+03    -3.8077     -0.469     -0.681    26.9586 0.0000e+00
     -0.409      0.174     6.7353     83.563     91.748  97.481620    -0.8799      8.105   144.4596 2.1161e+03    -0.7209     -0.405     -0.588    27.1109 0.0000e+00
     -0.340      0.205     6.6622     83.417     91.715  97.622612     0.6367      8.101   142.4146 2.5662e+03     4.9661     -0.329     -0.477    27.4889 0.0000e+00
     -0.277      0.229     6.5984     83.397     91.635  97.632013     1.4709      8.092   139.7503 2.5160e+03     8.1116     -0.269     -0.390    27.8003 0.0000e+00
     -0.222      0.240     6.5562     83.481     91.580  97.595428     1.5399      8.080   135.3905 2.1451e+03     8.4460     -0.220     -0.318    27.9896 0.0000e+00
     -0.164      0.240     6.5225     83.567     91.575  97.561910     1.5294      8.065   132.3751 1.3486e+03     8.4626     -0.163     -0.237    28.1365 0.0000e+00
     -0.100      0.234     6.4972     83.583     91.600  97.544726     1.5608      8.048   131.7713 5.8234e+02     8.3811     -0.097     -0.141    28.2282 0.0000e+00
     -0.035      0.227     6.4907     83.580     91.601  97.514784     1.6448      8.035   134.4572 2.4848e+02     8.2809     -0.035     -0.050    28.2811 0.0000e+00
      0.026      0.216     6.4999     83.691     91.556  97.454239     1.6967      8.027   139.2957 1.6542e+02     8.2412      0.027      0.039    28.2880 0.0000e+00
      0.082      0.200     6.5117     83.949     91.501  97.385107     1.7215      8.024   141.6607 1.3243e+02     8.2427      0.084      0.122    28.2649 0.0000e+00
      0.130      0.178     6.5155     84.274     91.410  97.251337     1.8448      8.024   141.7149 1.1552e+02     8.3675      0.130      0.187    28.2342 0.0000e+00
      0.172      0.153     6.5117     84.624     91.245  96.981635     2.0560      8.024   141.7578 1.0304e+02     8.6567      0.169      0.244    28.2158 0.0000e+00
      0.211      0.126     6.5188     84.572     91.096  96.668123     2.1693      8.024   141.9214 9.7988e+01     8.8708      0.210      0.305    28.2153 0.0000e+00
      0.243      0.100     6.5449     83.184     91.055  96.449737     2.1739      8.023   142.0588 1.0149e+02     8.9058      0.243      0.351    28.2118 0.0000e+00
      0.263      0.076     6.5695     80.254     91.069  96.312505     2.2035      8.021   142.2136 1.0736e+02     8.9771      0.261      0.377    28.2001 0.0000e+00
      0.274      0.054     6.6069     76.612     91.089  96.217032     2.2683      8.019   142.4161 1.1102e+02     9.2209      0.270      0.391    28.1525 0.0000e+00
      0.281      0.036     6.6552     72.895     91.135  96.185603     2.3006      8.017   142.5286 1.1369e+02     9.4286      0.277      0.401    28.0535 0.0000e+00
      0.287      0.022     6.5694     69.356     91.186  96.186777     2.3028      8.016   142.6280 1.1443e+02     9.4728      0.282      0.409    27.9505 0.0000e+00
      0.291      0.013     6.3084     66.283     91.201  96.167548     2.3276      8.014   142.7575 1.1360e+02     9.4819      0.285      0.412    27.8648 0.0000e+00
      0.293      0.009     6.0152     63.749     91.200  96.143846     2.3765      8.012   142.8036 1.1128e+02     9.5383      0.288      0.418    27.8005 0.0000e+00
      0.293      0.009     5.7276     61.802     91.226  96.154570     2.4105      8.011   142.6688 1.0913e+02     9.5740      0.289      0.420    27.7593 0.0000e+00
      0.291      0.012     5.4369     60.740     91.314  96.233588     2.4228      8.009   141.1273 1.0911e+02     9.6058      0.286      0.414    27.7317 0.0000e+00
      0.291      0.012     5.1979     60.543     91.419  96.336019     2.4918      8.005   138.3619 1.0955e+02     9.9235      0.282      0.409    27.7139 0.0000e+00
      0.296      0.004     5.0040     60.679     91.398  96.311834     2.6293      8.000   136.9380 1.0879e+02    10.4779      0.289      0.417    27.7025 0.0000e+00
      0.309     -0.010     4.8352     60.781     91.288  96.195567     2.7116      7.997   136.8169 1.0780e+02    10.8088      0.304      0.440    27.6942 0.0000e+00
      0.317     -0.023     4.7504     60.890     91.237  96.138654     2.7135      7.996   136.8119 1.1076e+02    10.8838      0.318      0.463    27.6864 0.0000e+00
      0.307     -0.031     4.7584     61.010     91.237  96.132501     2.6106      7.995   136.9632 1.2717e+02    10.5990      0.309      0.450    27.6815 0.0000e+00
      0.279     -0.035     4.7803     60.949     91.292  96.184765     2.4166      7.993   137.1838 1.5442e+02     9.9618      0.273      0.395    27.6812 0.0000e+00
      0.253     -0.037     4.7822     60.634     91.368  96.261755     2.3062      7.989   137.4145 1.7942e+02     9.6016      0.241      0.348    27.6820 0.0000e+00
      0.243     -0.040     4.7887     60.125     91.343  96.236578     2.2918      7.987   137.5152 1.9705e+02     9.5574      0.231      0.335    27.6796 0.0000e+00
      0.249     -0.040     4.8093     59.559     91.242  96.134760     2.2673      7.985   137.6267 2.1370e+02     9.4279      0.241      0.350    27.6758 0.0000e+00
      0.258     -0.035     4.8053     59.245     91.159  96.048292     2.2173      7.984   137.9890 2.8051e+02     9.2316      0.260      0.377    27.6725 0.0000e+00
      0.249     -0.022     4.7774     59.450     91.139  96.017900     2.1873      7.981   138.2825 4.8113e+02     9.1652      0.255      0.369    27.6701 0.0000e+00
      0.220     -0.001     4.7372     60.121     91.157  96.021673     2.1875      7.979   138.3355 7.9412e+02     9.2053      0.215      0.313    27.6714 0.0000e+00
      0.195      0.030     4.6798     60.841     91.177  96.030282     2.1941      7.978   138.4574 9.8617e+02     9.2386      0.178      0.259    27.6754 0.0000e+00
      0.199      0.071     4.6469     61.167     91.212  96.058363     2.2592      7.977   138.8962 9.9428e+02     9.7727      0.183      0.266    27.6770 0.0000e+00
      0.236      0.112     4.6635     61.004     91.263  96.106784     2.3667      7.977   139.3386 1.0602e+03    10.8464      0.226      0.329    27.6710 0.0000e+00
      0.291      0.136     4.7314     60.545     91.326  96.170526     2.4120      7.976   139.4191 1.0846e+03    11.4266      0.282      0.410    27.6612 0.0000e+00
      0.351      0.126     4.8050     60.115     91.344  96.193071     2.4240      7.975   139.4383 7.8675e+02    11.4590      0.345      0.501    27.6536 0.0000e+00
      0.406      0.080     4.8310     59.946     91.274  96.124971     2.5375      7.973   139.5708 3.8157e+02    11.4765      0.405      0.589    27.6492 0.0000e+00
      0.438      0.021     4.8132     60.000     91.194  96.046748     2.7274      7.972   139.7310 1.8852e+02    11.5018      0.445      0.645    27.6463 0.0000e+00
      0.428     -0.027     4.7667     60.165     91.156  96.010500     2.8221      7.972   139.9987 1.5761e+02    11.5256      0.438      0.634    27.6444 0.0000e+00
      0.376     -0.050     4.7243     60.579     91.146  96.004699     2.8338      7.971   140.3983 1.6286e+02    11.5595      0.374      0.542    27.6466 0.0000e+00
      0.311     -0.048     4.7128     61.255     91.175  96.040201     2.8441      7.968   140.8630 1.7016e+02    11.5699      0.292      0.423    27.6513 0.0000e+00
      0.281     -0.025     4.7248     61.741     91.188  96.058157     2.8462      7.966   141.2293 1.6271e+02    11.5145      0.254      0.369    27.6550 0.0000e+00
      0.301      0.011     4.7301     61.726     91.159  96.031012     2.8426      7.965   141.4714 1.5016e+02    11.4714      0.288      0.417    27.6566 0.0000e+00
      0.344      0.042     4.7555     61.303     91.157  96.030007     2.8343      7.964   141.6398 1.4589e+02    11.4923      0.344      0.499    27.6577 0.0000e+00
      0.379      0.049     4.8307     60.639     91.172  96.046006     2.8534      7.961   141.7162 1.4801e+02    11.6301      0.377      0.547    27.6611 0.0000e+00
      0.398      0.026     4.8778     59.825     91.162  96.033661     2.9071      7.958   141.7932 1.5031e+02    11.8741      0.392      0.569    27.6642 0.0000e+00
      0.405     -0.011     4.8698     59.005     91.144  96.007942     2.9430      7.956   141.9686 1.5476e+02    12.0167      0.403      0.586    27.6663 0.0000e+00
      0.392     -0.039     4.8314     58.457     91.138  95.989441     2.9537      7.956   142.2016 1.7402e+02    12.0231      0.396      0.575    27.6672 0.0000e+00
      0.354     -0.049     4.7775     58.370     91.158  96.000741     2.9287      7.955   142.4605 2.0605e+02    11.8826      0.350      0.508    27.6662 0.0000e+00
      0.313     -0.043     4.7117     58.650     91.174  96.017342     2.8653      7.954   142.7753 2.1800e+02    11.6161      0.294      0.428    27.6663 0.0000e+00
      0.298     -0.025     4.6366     58.994     91.154  95.999366     2.8279      7.954   143.0828 2.0479e+02    11.4650      0.281      0.408    27.6637 0.0000e+00
      0.310      0.000     4.5880     59.170     91.128  95.974192     2.8260      7.955   143.3390 1.9762e+02    11.4903      0.303      0.442    27.6546 0.0000e+00
      0.330      0.030     4.5845     59.200     91.122  95.967368     2.8349      7.955   143.8075 2.0006e+02    11.7846      0.326      0.473    27.6475 0.0000e+00
      0.345      0.057     4.6173     59.217     91.136  95.980463     2.8604      7.956   144.6186 1.9718e+02    12.2914      0.338      0.490    27.6486 0.0000e+00
      0.357      0.082     4.6525     59.295     91.167  96.005322     2.8929      7.956   145.4020 1.8615e+02    12.5960      0.350      0.508    27.6515 0.0000e+00
      0.369      0.104     4.6633     59.339     91.195  96.013514     2.9119      7.955   146.1382 1.7234e+02    12.7011      0.362      0.523    27.6527 0.0000e+00
      0.389      0.127     4.6612     59.153     91.221  96.015879     2.9560      7.955   147.8413 1.5497e+02    12.9132      0.374      0.541    27.6523 0.0000e+00
      0.429      0.150     4.6601     58.749     91.251  96.033867     3.0348      7.955   150.2490 1.3537e+02    13.1794      0.410      0.595    27.6526 0.0000e+00
      0.487      0.167     4.6681     58.330     91.256  96.040185     3.0659      7.955   151.4157 1.2302e+02    13.2894      0.480      0.698    27.6504 0.0000e+00
      0.542      0.173     4.6823     57.958     91.235  96.028668     3.0576      7.954   151.0217 1.2067e+02    13.3212      0.537      0.779    27.6362 0.0000e+00
      0.588      0.160     4.6686     57.518     91.211  96.021832     3.0594      7.951   150.3030 1.3097e+02    13.3243      0.572      0.831    27.6184 0.0000e+00
      0.632      0.125     4.6276     56.966     91.191  96.021160     3.0705      7.946   150.0391 1.5479e+02    13.1563      0.624      0.905    27.6116 0.0000e+00
      0.669      0.072     4.5933     56.442     91.177  96.020574     3.0924      7.943   149.9824 1.8245e+02    12.8955      0.662      0.960    27.6127 0.0000e+00
      0.689      0.011     4.5691     56.123     91.170  96.014784     3.1154      7.942   150.3918 2.3035e+02    12.7666      0.683      0.991    27.6181 0.0000e+00
      0.688     -0.052     4.5353     56.029     91.194  96.014751     3.1245      7.940   151.0308 3.3149e+02    12.7249      0.688      0.996    27.6308 0.0000e+00
      0.660     -0.113     4.4860     56.090     91.255  96.020141     3.1191      7.938   150.4812 4.6760e+02    12.6313      0.654      0.948    27.6441 0.0000e+00
      0.610     -0.166     4.4369     56.318     91.320  96.016261     3.1091      7.937   149.3394 5.9612e+02    12.5226      0.601      0.871    27.6511 0.0000e+00
      0.550     -0.208     4.4120     56.685     91.390  96.031341     3.1028      7.935   148.7548 7.1730e+02    12.4697      0.540      0.782    27.6553 0.0000e+00
      0.489     -0.234     4.4094     57.032     91.470  96.075185     3.1017      7.933   148.4885 8.6191e+02    12.4363      0.479      0.695    27.6453 0.0000e+00
      0.427     -0.241     4.4153     57.257     91.514  96.101117     3.0371      7.931   148.5289 1.1031e+03    12.1864      0.420      0.609    27.6057 0.0000e+00
      0.360     -0.232     4.4362     57.379     91.514  96.090453     2.9127      7.931   148.6412 1.3047e+03    11.7374      0.356      0.515    27.5615 0.0000e+00
      0.289     -0.213     4.4743     57.375     91.506  96.073434     2.8462      7.931   148.2984 1.3019e+03    11.5159      0.281      0.407    27.5297 0.0000e+00
      0.227     -0.189     4.5073     57.149     91.520  96.086126     2.8152      7.931   147.9112 1.2698e+03    11.4885      0.214      0.311    27.5064 0.0000e+00
      0.186     -0.159     4.5228     56.711     91.537  96.116716     2.6045      7.931   147.9168 1.1460e+03    10.8949      0.176      0.256    27.4971 0.0000e+00
      0.160     -0.123     4.5332     56.229     91.533  96.125325     2.2380      7.931   148.1946 8.0866e+02     9.7703      0.158      0.229    27.4950 0.0000e+00
      0.135     -0.085     4.5379     55.872     91.538  96.126634     2.0385      7.930   148.4310 5.2729e+02     9.1636      0.134      0.193    27.4881 0.0000e+00
      0.111     -0.052     4.5208     55.661     91.558  96.132534     2.0068      7.930   148.5373 4.3864e+02     9.0928      0.104      0.151    27.4838 0.0000e+00
      0.100     -0.027     4.4788     55.469     91.576  96.133036     1.8956      7.931   148.7053 4.5204e+02     8.7429      0.092      0.133    27.4960 0.0000e+00
      0.103     -0.010     4.4345     55.202     91.591  96.132675     1.7005      7.931   149.0860 6.4934e+02     8.1101      0.100      0.144    27.5063 0.0000e+00
      0.113      0.002     4.4056     54.867     91.597  96.128147     1.5952      7.930   150.8172 1.0019e+03     7.7620      0.112      0.163    27.5019 0.0000e+00
      0.121      0.007     4.3950     54.415     91.617  96.141862     1.5884      7.929   153.6347 1.2110e+03     7.7110      0.121      0.174    27.4915 0.0000e+00
      0.123      0.005     4.3847     53.802     91.649  96.171298     1.5773      7.928   155.1888 1.1585e+03     7.6635      0.123      0.177    27.4804 0.0000e+00
      0.123      0.000     4.3613     53.099     91.647  96.166042     1.5519      7.929   155.4975 8.9202e+02     7.5634      0.122      0.176    27.4718 0.0000e+00
      0.118     -0.005     4.3374     52.355     91.625  96.141912     1.5397      7.929   155.7320 6.1267e+02     7.4573      0.117      0.169    27.4661 0.0000e+00
      0.112     -0.009     4.3056     51.592     91.617  96.133942     1.5387      7.929   156.0448 5.5433e+02     7.4388      0.108      0.158    27.4625 0.0000e+00
      0.111     -0.013     4.2524     50.869     91.612  96.133282     1.5309      7.928   156.2684 7.3160e+02     7.4769      0.108      0.157    27.4602 0.0000e+00
      0.112     -0.016     4.1960     50.218     91.602  96.133940     1.5200      7.928   156.2853 8.7966e+02     7.4743      0.112      0.162    27.4588 0.0000e+00
      0.109     -0.020     4.1384     49.660     91.595  96.141917     1.5244      7.928   156.3343 8.0003e+02     7.4418      0.108      0.156    27.4584 0.0000e+00
      0.102     -0.026     4.0742     49.204     91.607  96.166159     1.5423      7.926   156.4310 6.6660e+02     7.4590      0.101      0.146    27.4583 0.0000e+00
      0.095     -0.032     4.0178     48.832     91.611  96.172668     1.5533      7.925   156.5080 5.9597e+02     7.5797      0.093      0.136    27.4592 0.0000e+00
      0.087     -0.035     3.9646     48.555     91.599  96.157016     1.5490      7.925   156.6633 5.5699e+02     7.7057      0.087      0.127    27.4662 0.0000e+00
      0.074     -0.031     3.9191     48.366     91.614  96.167700     1.5484      7.924   156.7598 5.5170e+02     7.7195      0.072      0.105    27.4767 0.0000e+00
