Data/DataNotYetUploadedToEDI/Raw_CTD/RawDownloads/070725_fcr50_S7809006.cnv
* Sea-Bird SBE19plus  Data File:
* FileName = C:\R\Reservoirs\Data\DataNotYetUploadedToEDI\Raw_CTD\RawDownloads\070325_fcr50_S7809_0006.hex
* Software version 2.8.0.119
* Temperature SN = 7809
* Conductivity SN = 7809
* System UpLoad Time = Jul 07 2025 16:21:32
* <ApplicationData>
* <Seaterm232>
# nquan = 15
# nvalues = 2186                        
# units = specified
# name 0 = depFM: Depth [fresh water, m]
# name 1 = dz/dtM: Descent Rate [m/s]
# name 2 = sbeox0Mg/L: Oxygen, SBE 43 [mg/l]
# name 3 = sbeox0PS: Oxygen, SBE 43 [% saturation]
# name 4 = specc: Specific Conductance [uS/cm]
# name 5 = c0uS/cm: Conductivity [uS/cm]
# name 6 = flECO-AFL: Fluorescence, WET Labs ECO-AFL/FL [mg/m^3]
# name 7 = ph: pH
# name 8 = orp: Oxidation Reduction Potential [mV]
# name 9 = par/sat/log: PAR/Logarithmic, Satlantic
# name 10 = turbWETntu0: Turbidity, WET Labs ECO [NTU]
# name 11 = prdM: Pressure, Strain Gauge [db]
# name 12 = prdE: Pressure, Strain Gauge [psi]
# name 13 = tv290C: Temperature [ITS-90, deg C]
# name 14 = flag:  0.000e+00
# span 0 =     -0.647,      9.663       
# span 1 =     -4.098,      8.415       
# span 2 =     0.0444,     9.6513       
# span 3 =      0.432,     95.609       
# span 4 =      0.507,    304.299       
# span 5 =   0.539131, 220.078825       
# span 6 =    -0.5797,   227.5870       
# span 7 =      5.545,      8.778       
# span 8 = -1240.7455,   276.8795       
# span 9 = 1.2348e-01, 1.9877e+03       
# span 10 =   -10.4482,   255.9381      
# span 11 =     -0.635,      9.477      
# span 12 =     -0.920,     13.745      
# span 13 =    11.0817,    28.1812      
# span 14 = 0.0000e+00, 0.0000e+00      
# interval = seconds: 0.25
# start_time = Jul 07 2025 10:38:55 [Instrument's time stamp, header]
# bad_flag = -9.990e-29
*END*
[from data line 1639]
      7.083      0.009     7.7313     70.110     46.431  33.616538     0.9968      7.836   230.6859 1.2368e-01    13.0754      6.946     10.074    11.2040 0.0000e+00
      7.085      0.011     7.7256     70.085     46.419  33.608963     0.9823      7.836   229.8900 1.2371e-01    13.0232      6.948     10.078    11.2036 0.0000e+00
      7.087      0.015     7.7097     70.081     46.390  33.589248     0.9299      7.835   228.2732 1.2377e-01    13.0686      6.950     10.080    11.2020 0.0000e+00
      7.088      0.021     7.6982     70.089     46.363  33.568495     0.9129      7.834   227.7435 1.2382e-01    13.1797      6.950     10.080    11.1985 0.0000e+00
      7.093      0.028     7.6946     70.126     46.341  33.548376     0.9424      7.835   228.4752 1.2377e-01    13.3073      6.954     10.086    11.1973 0.0000e+00
      7.103      0.034     7.6903     70.212     46.330  33.536320     0.9633      7.835   229.4631 1.2374e-01    13.2114      6.966     10.103    11.1996 0.0000e+00
      7.115      0.039     7.6913     70.313     46.352  33.549614     0.9564      7.836   230.0505 1.2374e-01    12.8738      6.978     10.120    11.2022 0.0000e+00
      7.127      0.043     7.6908     70.336     46.401  33.582224     0.9506      7.836   229.3825 1.2372e-01    12.6759      6.989     10.137    11.2003 0.0000e+00
      7.140      0.047     7.6955     70.297     46.446  33.613370     0.9596      7.836   227.8401 1.2369e-01    12.7317      7.004     10.157    11.1949 0.0000e+00
      7.150      0.048     7.7048     70.276     46.438  33.608965     0.9654      7.836   227.0605 1.2364e-01    12.8309      7.013     10.171    11.1902 0.0000e+00
      7.159      0.047     7.7247     70.301     46.411  33.592420     0.9467      7.836   227.3559 1.2364e-01    12.7818      7.018     10.179    11.1869 0.0000e+00
      7.174      0.044     7.7251     70.332     46.422  33.603654     0.9164      7.835   227.8835 1.2367e-01    12.6499      7.034     10.201    11.1839 0.0000e+00
      7.190      0.040     7.7160     70.279     46.438  33.617912     0.9155      7.835   228.1052 1.2365e-01    12.6717      7.054     10.231    11.1820 0.0000e+00
      7.201      0.037     7.7150     70.193     46.463  33.637918     0.9275      7.835   227.9716 1.2361e-01    12.7717      7.064     10.245    11.1830 0.0000e+00
      7.207      0.032     7.7143     70.161     46.484  33.655221     0.9106      7.835   227.5596 1.2362e-01    12.8004      7.066     10.248    11.1871 0.0000e+00
      7.212      0.027     7.7275     70.164     46.458  33.636788     0.8778      7.835   227.0809 1.2367e-01    12.7797      7.071     10.255    11.1924 0.0000e+00
      7.218      0.022     7.7152     70.163     46.416  33.605380     0.8473      7.835   226.9156 1.2365e-01    12.6919      7.080     10.268    11.1942 0.0000e+00
      7.223      0.020     7.7007     70.160     46.401  33.592700     0.8506      7.835   227.1106 1.2360e-01    12.7293      7.085     10.276    11.1950 0.0000e+00
      7.227      0.020     7.6996     70.176     46.426  33.610362     0.8839      7.834   227.6312 1.2360e-01    12.9583      7.087     10.279    11.1985 0.0000e+00
      7.231      0.021     7.7006     70.194     46.448  33.628586     0.9005      7.834   228.1347 1.2362e-01    13.1387      7.091     10.285    11.2003 0.0000e+00
      7.236      0.023     7.7014     70.209     46.434  33.622713     0.8842      7.834   228.2075 1.2362e-01    13.0998      7.096     10.293    11.1982 0.0000e+00
      7.242      0.027     7.6991     70.264     46.403  33.602801     0.8620      7.834   228.0811 1.2362e-01    12.9322      7.102     10.301    11.1950 0.0000e+00
      7.248      0.031     7.7029     70.332     46.368  33.578170     0.8905      7.834   227.9834 1.2362e-01    12.9229      7.107     10.308    11.1935 0.0000e+00
      7.256      0.033     7.7056     70.328     46.370  33.578681     0.9455      7.833   227.8860 1.2365e-01    13.0892      7.113     10.317    11.1968 0.0000e+00
      7.268      0.033     7.7025     70.282     46.416  33.608985     0.9691      7.833   228.4530 1.2369e-01    13.2014      7.127     10.336    11.2028 0.0000e+00
      7.281      0.031     7.7077     70.231     46.444  33.627336     0.9511      7.833   229.5894 1.2370e-01    13.1175      7.143     10.359    11.2053 0.0000e+00
      7.290      0.028     7.7240     70.203     46.422  33.610223     0.8866      7.833   230.0971 1.2372e-01    12.9291      7.151     10.372    11.2063 0.0000e+00
      7.294      0.024     7.7176     70.248     46.398  33.592410     0.8383      7.833   230.1186 1.2369e-01    12.8705      7.153     10.375    11.2050 0.0000e+00
      7.297      0.021     7.7136     70.315     46.412  33.602291     0.8501      7.833   229.8490 1.2361e-01    12.9220      7.156     10.379    11.2007 0.0000e+00
      7.301      0.021     7.7079     70.303     46.413  33.602811     0.8457      7.833   229.2464 1.2359e-01    12.8344      7.160     10.386    11.1984 0.0000e+00
      7.304      0.024     7.7010     70.265     46.404  33.598697     0.8020      7.833   229.5432 1.2361e-01    12.5971      7.161     10.387    11.1978 0.0000e+00
      7.309      0.028     7.7076     70.278     46.422  33.615989     0.7791      7.834   230.7702 1.2366e-01    12.4435      7.166     10.393    11.1977 0.0000e+00
      7.320      0.032     7.7233     70.273     46.426  33.621557     0.8025      7.835   231.4346 1.2371e-01    12.4805      7.178     10.411    11.1970 0.0000e+00
      7.332      0.037     7.7184     70.257     46.398  33.602581     0.8432      7.835   231.2095 1.2365e-01    12.6001      7.191     10.430    11.1966 0.0000e+00
      7.342      0.041     7.7054     70.297     46.364  33.576891     0.8378      7.834   230.7152 1.2358e-01    12.6258      7.201     10.444    11.1986 0.0000e+00
      7.350      0.043     7.7162     70.373     46.352  33.564723     0.7878      7.834   230.5344 1.2360e-01    12.6206      7.207     10.452    11.2035 0.0000e+00
      7.360      0.045     7.7117     70.435     46.385  33.582337     0.7546      7.834   230.9164 1.2369e-01    12.7084      7.216     10.466    11.2083 0.0000e+00
      7.374      0.047     7.7056     70.459     46.416  33.599516     0.7613      7.834   231.4626 1.2375e-01    12.7991      7.231     10.488    11.2094 0.0000e+00
      7.388      0.050     7.7115     70.410     46.399  33.582100     0.7941      7.834   231.7174 1.2372e-01    12.8622      7.245     10.508    11.2089 0.0000e+00
      7.401      0.053     7.7245     70.353     46.376  33.562084     0.8009      7.833   231.8465 1.2367e-01    12.8227      7.257     10.526    11.2046 0.0000e+00
      7.414      0.055     7.7306     70.330     46.360  33.547837     0.7683      7.833   231.9049 1.2363e-01    12.7647      7.270     10.543    11.1972 0.0000e+00
      7.428      0.056     7.7393     70.248     46.348  33.536728     0.7583      7.834   231.7358 1.2363e-01    12.8457      7.284     10.565    11.1904 0.0000e+00
      7.442      0.057     7.7314     70.136     46.375  33.554655     0.7873      7.834   231.5223 1.2368e-01    12.8787      7.299     10.585    11.1851 0.0000e+00
      7.456      0.057     7.7181     70.017     46.403  33.574255     0.8119      7.834   231.4743 1.2373e-01    12.7202      7.313     10.605    11.1815 0.0000e+00
      7.471      0.055     7.7299     69.877     46.417  33.583370     0.8066      7.833   231.5859 1.2371e-01    12.5002      7.327     10.625    11.1788 0.0000e+00
      7.487      0.050     7.7133     69.776     46.443  33.601420     0.7891      7.833   231.6669 1.2369e-01    12.4734      7.342     10.649    11.1767 0.0000e+00
      7.502      0.046     7.7007     69.713     46.444  33.602158     0.7923      7.833   231.6801 1.2371e-01    12.6018      7.359     10.674    11.1753 0.0000e+00
      7.513      0.043     7.6929     69.653     46.431  33.592297     0.7872      7.833   231.6596 1.2369e-01    12.6520      7.370     10.689    11.1742 0.0000e+00
      7.519      0.041     7.6696     69.606     46.454  33.609080     0.7597      7.833   231.5036 1.2362e-01    12.6356      7.373     10.694    11.1732 0.0000e+00
      7.526      0.039     7.6617     69.606     46.463  33.614744     0.7517      7.833   231.3429 1.2362e-01    12.6431      7.377     10.701    11.1726 0.0000e+00
      7.537      0.039     7.6559     69.651     46.439  33.597339     0.7572      7.833   231.3519 1.2365e-01    12.7085      7.390     10.719    11.1722 0.0000e+00
      7.550      0.039     7.6498     69.744     46.428  33.588962     0.7672      7.833   231.4399 1.2365e-01    12.8113      7.405     10.740    11.1719 0.0000e+00
      7.562      0.039     7.6414     69.875     46.412  33.576906     0.7648      7.832   231.4600 1.2367e-01    12.7936      7.416     10.755    11.1717 0.0000e+00
      7.572      0.037     7.6429     69.983     46.414  33.578457     0.7366      7.832   231.3369 1.2367e-01    12.6646      7.426     10.770    11.1712 0.0000e+00
      7.581      0.033     7.6481     70.060     46.454  33.607719     0.7171      7.832   231.3289 1.2367e-01    12.6185      7.437     10.786    11.1708 0.0000e+00
      7.588      0.028     7.6560     70.119     46.462  33.613487     0.7208      7.832   231.5355 1.2368e-01    12.6463      7.442     10.794    11.1706 0.0000e+00
      7.594      0.024     7.6768     70.144     46.423  33.584748     0.7482      7.832   231.6844 1.2365e-01    12.6580      7.446     10.799    11.1706 0.0000e+00
      7.600      0.020     7.6867     70.133     46.413  33.577467     0.7728      7.832   231.6661 1.2365e-01    12.5896      7.454     10.811    11.1705 0.0000e+00
      7.605      0.018     7.6945     70.089     46.428  33.588899     0.7607      7.831   231.5723 1.2364e-01    12.4687      7.459     10.819    11.1704 0.0000e+00
      7.607      0.016     7.7025     70.033     46.438  33.596075     0.7440      7.830   231.7544 1.2359e-01    12.4260      7.459     10.818    11.1704 0.0000e+00
      7.611      0.016     7.7047     69.965     46.444  33.600788     0.7536      7.831   232.3199 1.2354e-01    12.5170      7.462     10.824    11.1704 0.0000e+00
      7.616      0.017     7.7043     69.890     46.419  33.582443     0.7779      7.831   232.7314 1.2359e-01    12.6455      7.470     10.834    11.1703 0.0000e+00
      7.619      0.018     7.6973     69.825     46.394  33.564602     0.7792      7.832   232.7709 1.2366e-01    12.6145      7.472     10.837    11.1704 0.0000e+00
      7.622      0.019     7.6921     69.788     46.409  33.575409     0.7524      7.832   232.7121 1.2366e-01    12.4845      7.474     10.839    11.1704 0.0000e+00
      7.629      0.019     7.6845     69.778     46.424  33.586216     0.7618      7.832   232.7080 1.2365e-01    12.6096      7.481     10.850    11.1704 0.0000e+00
      7.636      0.018     7.6749     69.778     46.400  33.568374     0.8018      7.831   232.7214 1.2364e-01    12.9658      7.490     10.863    11.1706 0.0000e+00
      7.641      0.018     7.6675     69.791     46.375  33.550021     0.8114      7.830   232.7029 1.2359e-01    13.1708      7.493     10.867    11.1707 0.0000e+00
      7.644      0.018     7.6627     69.815     46.381  33.554645     0.7862      7.830   232.9994 1.2354e-01    13.1068      7.496     10.872    11.1706 0.0000e+00
      7.648      0.020     7.6639     69.836     46.390  33.560837     0.7388      7.830   233.6398 1.2351e-01    12.8409      7.501     10.879    11.1702 0.0000e+00
      7.650      0.024     7.6621     69.841     46.390  33.561452     0.7127      7.830   234.0788 1.2351e-01    12.6209      7.503     10.882    11.1701 0.0000e+00
      7.655      0.030     7.6646     69.829     46.391  33.562076     0.7284      7.830   234.2637 1.2353e-01    12.6328      7.504     10.884    11.1701 0.0000e+00
      7.664      0.035     7.6676     69.839     46.400  33.568373     0.7461      7.831   233.8103 1.2358e-01    12.7117      7.515     10.899    11.1700 0.0000e+00
      7.677      0.039     7.6701     69.866     46.408  33.574141     0.7512      7.831   232.8978 1.2367e-01    12.8574      7.529     10.919    11.1702 0.0000e+00
      7.690      0.041     7.6724     69.894     46.401  33.568373     0.7488      7.830   232.6961 1.2375e-01    13.0616      7.542     10.939    11.1704 0.0000e+00
      7.702      0.040     7.6664     69.919     46.392  33.562086     0.7586      7.830   233.0061 1.2377e-01    13.1662      7.553     10.955    11.1705 0.0000e+00
      7.712      0.035     7.6698     69.928     46.391  33.561566     0.7858      7.830   233.6346 1.2377e-01    13.2685      7.563     10.969    11.1703 0.0000e+00
      7.721      0.029     7.6733     69.910     46.392  33.562086     0.7863      7.829   234.4449 1.2372e-01    13.3075      7.573     10.983    11.1702 0.0000e+00
      7.728      0.021     7.6758     69.866     46.401  33.568374     0.7566      7.829   233.6833 1.2371e-01    13.0570      7.581     10.995    11.1699 0.0000e+00
      7.733      0.013     7.6800     69.822     46.409  33.574141     0.7434      7.829   231.6531 1.2377e-01    12.7327      7.585     11.001    11.1698 0.0000e+00
      7.734      0.007     7.6805     69.785     46.401  33.568374     0.7679      7.830   230.8052 1.2377e-01    12.7003      7.584     11.000    11.1700 0.0000e+00
      7.734      0.002     7.6798     69.745     46.392  33.562097     0.8026      7.830   231.0029 1.2366e-01    12.8359      7.584     11.000    11.1698 0.0000e+00
      7.733     -0.001     7.6726     69.725     46.392  33.561691     0.7973      7.830   231.6352 1.2357e-01    12.8349      7.585     11.001    11.1696 0.0000e+00
      7.730     -0.003     7.6677     69.741     46.393  33.563460     0.7698      7.829   232.5988 1.2359e-01    12.7913      7.581     10.995    11.1695 0.0000e+00
      7.729     -0.003     7.6650     69.783     46.419  33.583485     0.7614      7.829   232.2434 1.2364e-01    12.7858      7.578     10.991    11.1693 0.0000e+00
      7.729     -0.002     7.6591     69.832     46.458  33.613476     0.7719      7.829   230.7789 1.2362e-01    12.7692      7.579     10.993    11.1693 0.0000e+00
      7.729      0.000     7.6558     69.873     46.449  33.608852     0.7960      7.828   230.1217 1.2362e-01    12.7613      7.580     10.994    11.1696 0.0000e+00
      7.729      0.002     7.6582     69.913     46.423  33.591029     0.8038      7.828   230.4055 1.2367e-01    12.6900      7.579     10.993    11.1699 0.0000e+00
      7.730      0.005     7.6637     69.977     46.418  33.588316     0.7912      7.829   230.9412 1.2371e-01    12.6933      7.580     10.994    11.1711 0.0000e+00
      7.731      0.009     7.6688     70.036     46.401  33.576053     0.8013      7.829   231.2646 1.2372e-01    12.8354      7.581     10.996    11.1733 0.0000e+00
      7.732      0.014     7.6737     70.056     46.393  33.569652     0.8341      7.828   231.3898 1.2370e-01    12.9739      7.582     10.997    11.1756 0.0000e+00
      7.734      0.019     7.6749     70.081     46.402  33.574360     0.8462      7.828   231.4223 1.2370e-01    13.0351      7.583     10.998    11.1772 0.0000e+00
      7.740      0.024     7.6834     70.116     46.397  33.569529     0.8234      7.828   231.2277 1.2374e-01    12.9605      7.589     11.007    11.1775 0.0000e+00
      7.750      0.028     7.6941     70.133     46.405  33.574681     0.7912      7.828   231.0162 1.2374e-01    12.9256      7.601     11.023    11.1779 0.0000e+00
      7.761      0.033     7.6910     70.123     46.405  33.573216     0.7904      7.829   230.9290 1.2366e-01    12.9888      7.612     11.040    11.1774 0.0000e+00
      7.769      0.038     7.6954     70.087     46.376  33.551809     0.8052      7.829   230.9483 1.2360e-01    12.9048      7.619     11.050    11.1756 0.0000e+00
