Data/DataNotYetUploadedToEDI/Raw_CTD/RawDownloads/070722_ccr08_SBE19plus01907809_0003.cnv
* Sea-Bird SBE19plus  Data File:
* FileName = C:\R\Reservoirs\Data\DataNotYetUploadedToEDI\Raw_CTD\RawDownloads\070722_ccr50_SBE19plus01907809_0003.hex
* Software version 2.8.0.119
* Temperature SN = 7809
* Conductivity SN = 7809
* System UpLoad Time = Jul 07 2022 15:45:17
* <ApplicationData>
* <Seaterm232>
# nquan = 15
# nvalues = 372                         
# units = specified
# name 0 = depFM: Depth [fresh water, m]
# name 1 = dz/dtM: Descent Rate [m/s]
# name 2 = sbeox0Mg/L: Oxygen, SBE 43 [mg/l]
# name 3 = sbeox0PS: Oxygen, SBE 43 [% saturation]
# name 4 = specc: Specific Conductance [uS/cm]
# name 5 = c0uS/cm: Conductivity [uS/cm]
# name 6 = flECO-AFL: Fluorescence, WET Labs ECO-AFL/FL [mg/m^3]
# name 7 = ph: pH
# name 8 = orp: Oxidation Reduction Potential [mV]
# name 9 = par/sat/log: PAR/Logarithmic, Satlantic
# name 10 = turbWETntu0: Turbidity, WET Labs ECO [NTU]
# name 11 = prdM: Pressure, Strain Gauge [db]
# name 12 = prdE: Pressure, Strain Gauge [psi]
# name 13 = tv290C: Temperature [ITS-90, deg C]
# name 14 = flag:  0.000e+00
# span 0 =     -0.491,      1.135       
# span 1 =     -0.438,      0.277       
# span 2 =     4.0740,     7.0149       
# span 3 =     51.534,     88.683       
# span 4 =     82.369,     87.861       
# span 5 =  85.980043,  92.112425       
# span 6 =    -1.0540,     6.1110       
# span 7 =      7.718,      8.234       
# span 8 =    -5.4643,   171.9435       
# span 9 = 4.7291e+01, 2.1251e+03       
# span 10 =     1.3717,    12.2568      
# span 11 =     -0.482,      1.113      
# span 12 =     -0.700,      1.615      
# span 13 =    25.7306,    27.8526      
# span 14 = 0.0000e+00, 0.0000e+00      
# interval = seconds: 0.25
# start_time = Jul 07 2022 08:02:13 [Instrument's time stamp, header]
# bad_flag = -9.990e-29
*END*
     -0.475      0.154     6.9574     85.288     87.861  92.112425    -1.0540      8.233    98.2348 1.0898e+03     6.3460     -0.482     -0.699    25.7306 0.0000e+00
     -0.421      0.203     6.9431     85.345     87.416  92.094674    -1.0416      8.234    92.7488 1.7172e+03     6.3546     -0.426     -0.618    25.8542 0.0000e+00
     -0.339      0.244     6.8678     85.535     86.984  91.866920    -0.5477      8.218    87.7885 1.8736e+03     5.1034     -0.330     -0.479    26.4424 0.0000e+00
     -0.254      0.272     6.7867     85.864     86.770  91.711726     0.3651      8.200    84.5489 1.6820e+03     2.7640     -0.246     -0.357    27.0684 0.0000e+00
     -0.178      0.277     6.7374     86.300     86.683  91.617226     0.8648      8.183    85.3275 1.9061e+03     1.5016     -0.172     -0.250    27.4581 0.0000e+00
     -0.106      0.261     6.7074     86.779     86.646  91.550935     0.9068      8.167    89.9759 2.1251e+03     1.3865     -0.103     -0.151    27.7200 0.0000e+00
     -0.038      0.233     6.7101     87.228     86.614  91.482423     0.8988      8.155    92.0538 2.0910e+03     1.3717     -0.034     -0.049    27.8313 0.0000e+00
      0.022      0.203     6.7338     87.618     86.597  91.424646     0.8765      8.148    90.0596 2.1166e+03     1.6988      0.028      0.042    27.8526 0.0000e+00
      0.066      0.176     6.7709     87.907     86.582  91.360975     0.8448      8.143    91.4179 1.9735e+03     2.3690      0.068      0.099    27.8426 0.0000e+00
      0.100      0.153     6.8139     88.077     86.552  91.284766     0.8316      8.140    96.7756 1.4283e+03     2.7801      0.099      0.143    27.8244 0.0000e+00
      0.131      0.137     6.8509     88.199     86.510  91.202573     0.8342      8.136   100.2042 1.1990e+03     2.8441      0.130      0.188    27.8047 0.0000e+00
      0.161      0.127     6.8856     88.325     86.478  91.130133     0.8343      8.133   101.2971 1.4817e+03     2.9381      0.158      0.230    27.7832 0.0000e+00
      0.190      0.121     6.9148     88.558     86.488  91.108272     0.8410      8.129   100.3524 1.5343e+03     3.1301      0.184      0.266    27.7519 0.0000e+00
      0.224      0.121     6.9260     88.683     86.531  91.128945     0.8490      8.127    97.5579 1.4750e+03     3.2529      0.219      0.317    27.7249 0.0000e+00
      0.259      0.126     6.9392     87.820     86.546  91.125710     0.8476      8.126    96.2469 1.5840e+03     3.2613      0.259      0.376    27.7071 0.0000e+00
      0.287      0.132     6.9484     85.470     86.507  91.069136     0.8495      8.124    96.9764 1.7466e+03     3.3343      0.284      0.410    27.6822 0.0000e+00
      0.312      0.134     6.9646     82.171     86.472  91.017142     0.8716      8.120    98.1189 1.7463e+03     3.5204      0.301      0.436    27.6617 0.0000e+00
      0.348      0.128     7.0149     78.685     86.473  91.005699     0.8985      8.115    99.3917 1.4895e+03     3.6332      0.336      0.488    27.6498 0.0000e+00
      0.396      0.117     6.9675     75.298     86.535  91.057925     0.9075      8.110   100.6640 1.2564e+03     3.6742      0.391      0.568    27.6385 0.0000e+00
      0.436      0.101     6.7590     72.115     86.626  91.139914     0.9145      8.107   101.7150 1.1574e+03     3.7078      0.435      0.632    27.6301 0.0000e+00
      0.459      0.081     6.4738     69.475     86.670  91.170396     0.9331      8.104   102.7219 1.1118e+03     3.7313      0.453      0.657    27.6209 0.0000e+00
      0.469      0.056     6.1956     67.702     86.685  91.172116     0.9487      8.101   103.8033 1.1078e+03     3.7196      0.461      0.669    27.6142 0.0000e+00
      0.474      0.032     5.9322     66.833     86.685  91.160701     0.9535      8.097   104.8095 1.1290e+03     3.6689      0.466      0.676    27.6074 0.0000e+00
      0.477      0.016     5.6681     66.591     86.631  91.095937     0.9499      8.095   105.6816 1.2605e+03     3.7332      0.469      0.680    27.5989 0.0000e+00
      0.477      0.008     5.4510     66.597     86.568  91.024897     0.9464      8.095   106.4323 1.4548e+03     3.8818      0.469      0.679    27.5891 0.0000e+00
      0.477      0.004     5.3104     66.625     86.547  91.001173     0.9537      8.095   107.1744 1.4230e+03     3.9289      0.467      0.677    27.5805 0.0000e+00
      0.478      0.002     5.2519     66.640     86.546  90.999840     0.9626      8.095   108.0297 1.1974e+03     3.9279      0.469      0.679    27.5751 0.0000e+00
      0.479      0.002     5.2457     66.657     86.552  91.008783     0.9624      8.094   108.9446 1.0412e+03     3.9371      0.471      0.682    27.5700 0.0000e+00
      0.480      0.002     5.2529     66.610     86.529  90.982136     0.9602      8.092   109.8045 1.0488e+03     3.9036      0.471      0.683    27.5670 0.0000e+00
      0.480      0.002     5.2548     66.371     86.491  90.931989     0.9609      8.089   110.5965 1.1073e+03     3.8638      0.470      0.681    27.5663 0.0000e+00
      0.480     -0.001     5.2544     65.854     86.483  90.911113     0.9622      8.086   111.2932 1.1088e+03     3.8666      0.470      0.681    27.5663 0.0000e+00
      0.482     -0.008     5.2579     65.089     86.437  90.856878     0.9591      8.084   111.6042 1.1276e+03     3.9036      0.473      0.685    27.5683 0.0000e+00
      0.483     -0.023     5.2581     64.169     86.371  90.784891     0.9574      8.081   111.6028 1.1461e+03     3.9347      0.475      0.688    27.5692 0.0000e+00
      0.480     -0.051     5.2434     63.208     86.401  90.803727     0.9582      8.079   111.7062 1.0838e+03     3.9360      0.471      0.683    27.5609 0.0000e+00
      0.474     -0.082     5.2020     62.408     86.571  90.957441     0.9605      8.080   112.0802 1.2255e+03     3.9529      0.467      0.677    27.5515 0.0000e+00
      0.455     -0.103     5.1383     62.026     86.791  91.180971     0.9688      8.082   112.7693 1.4887e+03     3.9343      0.457      0.662    27.5486 0.0000e+00
      0.411     -0.107     5.0640     62.269     86.857  91.280948     0.9661      8.083   113.5846 1.3726e+03     3.8130      0.411      0.598    27.5513 0.0000e+00
      0.351     -0.093     4.9826     63.274     86.679  91.148953     0.9525      8.082   114.1955 1.2211e+03     3.7158      0.338      0.491    27.5468 0.0000e+00
      0.305     -0.069     4.9131     64.964     86.489  90.983975     0.9457      8.082   114.5629 1.3466e+03     3.6822      0.285      0.414    27.5224 0.0000e+00
      0.296     -0.036     4.8792     66.917     86.531  91.003048     0.9426      8.083   115.1015 1.4732e+03     3.6792      0.277      0.401    27.5125 0.0000e+00
      0.320      0.009     4.8914     68.724     86.695  91.125182     0.9321      8.086   116.0614 1.4293e+03     3.7829      0.313      0.455    27.5339 0.0000e+00
      0.345      0.060     4.9670     70.353     86.768  91.188915     0.9184      8.088   117.1350 1.2529e+03     3.9113      0.351      0.510    27.5749 0.0000e+00
      0.350      0.103     5.1115     71.765     86.696  91.137774     0.9094      8.087   118.0160 1.3763e+03     3.9673      0.340      0.493    27.6098 0.0000e+00
      0.361      0.130     5.2842     72.599     86.554  91.015561     0.9069      8.084   118.7978 1.5584e+03     4.0153      0.337      0.490    27.5853 0.0000e+00
      0.405      0.143     5.4272     72.561     86.456  90.919378     0.9470      8.081   119.6176 1.2695e+03     3.9794      0.391      0.568    27.5339 0.0000e+00
      0.467      0.145     5.5531     71.706     86.424  90.865009     1.0201      8.079   120.3562 1.1282e+03     3.8750      0.461      0.668    27.5322 0.0000e+00
      0.525      0.132     5.6776     70.304     86.464  90.866824     1.0581      8.078   121.0181 1.2505e+03     3.8462      0.521      0.755    27.5570 0.0000e+00
      0.566      0.100     5.7512     68.666     86.567  90.941268     1.0648      8.077   121.6833 1.1246e+03     3.8705      0.562      0.815    27.5740 0.0000e+00
      0.587      0.053     5.7441     67.065     86.640  91.002053     1.0683      8.076   122.2051 1.0561e+03     3.8605      0.584      0.846    27.5818 0.0000e+00
      0.587      0.002     5.6698     65.672     86.608  90.965903     1.0747      8.073   122.3363 1.2175e+03     3.7946      0.584      0.847    27.5672 0.0000e+00
      0.569     -0.050     5.5533     64.589     86.523  90.885692     1.0841      8.070   122.1510 1.2877e+03     3.7570      0.558      0.809    27.5373 0.0000e+00
      0.545     -0.098     5.4184     63.860     86.543  90.922408     1.0818      8.067   122.0302 1.2387e+03     3.7471      0.531      0.770    27.5148 0.0000e+00
      0.523     -0.131     5.2879     63.404     86.691  91.091949     1.0478      8.067   122.1667 1.1776e+03     3.7092      0.516      0.749    27.5085 0.0000e+00
      0.490     -0.138     5.1764     63.211     86.795  91.218856     0.9884      8.069   122.5958 1.1301e+03     3.6753      0.492      0.713    27.5074 0.0000e+00
      0.433     -0.119     5.0867     63.496     86.736  91.185178     0.9550      8.070   123.2613 1.1532e+03     3.6785      0.431      0.624    27.5128 0.0000e+00
      0.368     -0.083     5.0331     64.462     86.591  91.066305     0.9599      8.069   124.1046 1.3596e+03     3.7132      0.346      0.502    27.5250 0.0000e+00
      0.335     -0.039     4.9985     65.951     86.498  90.989724     0.9565      8.068   124.9617 1.5032e+03     3.8218      0.309      0.448    27.5314 0.0000e+00
      0.348      0.007     4.9741     67.378     86.482  90.958696     0.9307      8.066   125.6237 1.3258e+03     3.9667      0.334      0.486    27.5379 0.0000e+00
      0.385      0.047     4.9875     68.311     86.518  90.945460     0.9143      8.065   126.2573 1.2916e+03     3.9623      0.378      0.548    27.5575 0.0000e+00
      0.424      0.072     5.0631     68.731     86.580  90.956763     0.9073      8.064   126.9437 1.7945e+03     3.8714      0.420      0.610    27.5794 0.0000e+00
      0.450      0.075     5.2017     68.677     86.623  90.968105     0.9218      8.064   127.5561 2.0992e+03     3.7899      0.449      0.650    27.5977 0.0000e+00
      0.461      0.062     5.3291     68.192     86.627  90.955383     0.9721      8.063   128.2415 1.5837e+03     3.6945      0.454      0.657    27.5924 0.0000e+00
      0.466      0.045     5.4013     67.433     86.610  90.930077     1.0080      8.062   128.9504 1.1447e+03     3.6738      0.457      0.663    27.5501 0.0000e+00
      0.472      0.031     5.4377     66.502     86.598  90.916462     1.0228      8.061   129.5016 1.1957e+03     3.7107      0.462      0.670    27.5148 0.0000e+00
      0.479      0.022     5.4365     65.476     86.596  90.917932     1.0345      8.059   130.0022 1.2409e+03     3.7985      0.469      0.681    27.4984 0.0000e+00
      0.488      0.017     5.3910     64.501     86.617  90.947856     1.0334      8.057   130.4425 1.1450e+03     3.9163      0.480      0.696    27.4892 0.0000e+00
      0.493      0.015     5.3297     63.662     86.676  91.023945     1.0259      8.055   130.9530 1.0415e+03     3.9391      0.485      0.703    27.4861 0.0000e+00
      0.494      0.014     5.2563     63.002     86.704  91.074927     1.0190      8.054   131.6145 1.1053e+03     3.9034      0.486      0.705    27.4861 0.0000e+00
      0.493      0.013     5.1673     62.500     86.665  91.055641     1.0169      8.052   132.1606 1.1958e+03     3.8600      0.483      0.700    27.4889 0.0000e+00
      0.495      0.011     5.0903     62.066     86.642  91.045131     1.0168      8.052   132.5656 1.2388e+03     3.8581      0.484      0.700    27.4918 0.0000e+00
      0.500      0.012     5.0210     61.663     86.658  91.075045     1.0178      8.053   132.8979 1.4034e+03     3.9153      0.490      0.710    27.4992 0.0000e+00
      0.507      0.017     4.9675     61.270     86.666  91.099429     1.0284      8.054   133.2530 1.5244e+03     3.9368      0.498      0.722    27.5148 0.0000e+00
      0.510      0.027     4.9317     60.883     86.642  91.085640     1.0372      8.054   133.6756 1.3654e+03     3.9469      0.503      0.728    27.5288 0.0000e+00
      0.511      0.039     4.8959     60.527     86.589  91.035505     1.0331      8.055   134.0496 1.1314e+03     3.9342      0.497      0.722    27.5346 0.0000e+00
      0.517      0.053     4.8652     60.196     86.553  91.001930     1.0199      8.056   134.4195 1.2734e+03     3.8521      0.502      0.728    27.5407 0.0000e+00
      0.534      0.069     4.8333     59.850     86.548  90.997607     1.0025      8.056   134.8786 1.5201e+03     3.8091      0.523      0.758    27.5522 0.0000e+00
      0.558      0.084     4.8004     59.455     86.537  90.983240     0.9977      8.055   136.4171 1.3603e+03     3.8576      0.545      0.792    27.5600 0.0000e+00
      0.584      0.096     4.7728     59.050     86.514  90.955377     1.0199      8.054   139.3411 1.1532e+03     3.9948      0.571      0.828    27.5606 0.0000e+00
      0.614      0.099     4.7475     58.708     86.479  90.915046     1.0546      8.052   141.6677 1.1876e+03     4.1701      0.602      0.874    27.5640 0.0000e+00
      0.644      0.089     4.7218     58.409     86.448  90.877105     1.0767      8.050   142.6076 1.2831e+03     4.2346      0.632      0.917    27.5659 0.0000e+00
      0.672      0.065     4.6898     58.077     86.468  90.878119     1.0784      8.048   142.9619 1.3117e+03     4.2277      0.659      0.957    27.5632 0.0000e+00
      0.695      0.032     4.6546     57.786     86.540  90.927278     1.0671      8.046   142.2509 1.2301e+03     4.1562      0.686      0.995    27.5597 0.0000e+00
      0.704     -0.003     4.6284     57.840     86.590  90.962774     1.0566      8.045   140.5507 1.0961e+03     3.9852      0.698      1.012    27.5582 0.0000e+00
      0.694     -0.036     4.6089     58.505     86.553  90.925780     1.0514      8.043   139.6128 1.0153e+03     3.9015      0.687      0.995    27.5594 0.0000e+00
      0.667     -0.067     4.5826     59.616     86.481  90.861488     1.0541      8.041   140.0308 9.7400e+02     3.9304      0.658      0.953    27.5461 0.0000e+00
      0.636     -0.101     4.5515     60.769     86.446  90.821283     1.0640      8.040   140.7010 9.8308e+02     3.9584      0.618      0.896    27.5246 0.0000e+00
      0.613     -0.139     4.5445     61.858     86.479  90.821173     1.0716      8.039   140.3165 1.0041e+03     3.9659      0.598      0.867    27.5146 0.0000e+00
      0.591     -0.178     4.6029     63.010     86.570  90.860105     1.0789      8.039   139.8562 9.7461e+02     3.9530      0.588      0.853    27.5169 0.0000e+00
      0.552     -0.212     4.7076     64.213     86.661  90.910423     1.0863      8.040   140.8137 9.2444e+02     3.9396      0.551      0.799    27.5280 0.0000e+00
      0.486     -0.235     4.7987     65.207     86.686  90.920828     1.0691      8.040   142.0857 9.5260e+02     3.8719      0.486      0.704    27.5327 0.0000e+00
      0.397     -0.243     4.8800     65.725     86.611  90.858723     1.0282      8.040   142.5878 1.0640e+03     3.7160      0.392      0.568    27.5096 0.0000e+00
      0.306     -0.231     4.9743     65.778     86.523  90.795375     1.0092      8.040   141.9807 1.1677e+03     3.6258      0.290      0.421    27.4679 0.0000e+00
      0.238     -0.200     5.0808     65.621     86.517  90.790770     1.0142      8.041   141.8864 1.2535e+03     3.6690      0.221      0.320    27.4379 0.0000e+00
      0.198     -0.155     5.1708     65.526     86.567  90.803056     0.9968      8.041   143.7705 1.3072e+03     3.6239      0.187      0.271    27.4298 0.0000e+00
      0.179     -0.108     5.2089     65.563     86.631  90.816698     0.9483      8.041   145.4015 1.3841e+03     3.3877      0.174      0.252    27.4413 0.0000e+00
      0.169     -0.070     5.2027     65.578     86.675  90.828460     0.9107      8.042   145.9476 1.4494e+03     3.2037      0.167      0.242    27.4679 0.0000e+00
