Data/DataNotYetUploadedToEDI/Raw_CTD/RawDownloads/070725_fcr40_S7809010.cnv
* Sea-Bird SBE19plus  Data File:
* FileName = C:\R\Reservoirs\Data\DataNotYetUploadedToEDI\Raw_CTD\RawDownloads\070325_fcr50_S7809_0010.hex
* Software version 2.8.0.119
* Temperature SN = 7809
* Conductivity SN = 7809
* System UpLoad Time = Jul 07 2025 16:25:08
* <ApplicationData>
* <Seaterm232>
# nquan = 15
# nvalues = 2096                        
# units = specified
# name 0 = depFM: Depth [fresh water, m]
# name 1 = dz/dtM: Descent Rate [m/s]
# name 2 = sbeox0Mg/L: Oxygen, SBE 43 [mg/l]
# name 3 = sbeox0PS: Oxygen, SBE 43 [% saturation]
# name 4 = specc: Specific Conductance [uS/cm]
# name 5 = c0uS/cm: Conductivity [uS/cm]
# name 6 = flECO-AFL: Fluorescence, WET Labs ECO-AFL/FL [mg/m^3]
# name 7 = ph: pH
# name 8 = orp: Oxidation Reduction Potential [mV]
# name 9 = par/sat/log: PAR/Logarithmic, Satlantic
# name 10 = turbWETntu0: Turbidity, WET Labs ECO [NTU]
# name 11 = prdM: Pressure, Strain Gauge [db]
# name 12 = prdE: Pressure, Strain Gauge [psi]
# name 13 = tv290C: Temperature [ITS-90, deg C]
# name 14 = flag:  0.000e+00
# span 0 =     -0.636,      5.920       
# span 1 =     -0.460,      0.179       
# span 2 =    -0.0006,     8.7787       
# span 3 =      0.007,    103.975       
# span 4 =      1.243,     60.225       
# span 5 =   1.124560,  47.083991       
# span 6 =    -1.1038,    20.4260       
# span 7 =      7.551,      9.427       
# span 8 =    99.5443,   243.7122       
# span 9 = 1.8247e-01, 2.6979e+03       
# span 10 =    -9.8680,   468.9582      
# span 11 =     -0.625,      5.806      
# span 12 =     -0.906,      8.421      
# span 13 =    11.1549,    27.4736      
# span 14 = 0.0000e+00, 0.0000e+00      
# interval = seconds: 0.25
# start_time = Jul 07 2025 13:16:42 [Instrument's time stamp, header]
# bad_flag = -9.990e-29
*END*
[from data line 482]
      1.044      0.024     7.8392     96.922     35.366  36.107174     2.2106      9.314   161.4923 1.1201e+02     8.5828      1.023      1.484    26.0356 0.0000e+00
      1.053      0.023     7.8241     96.936     35.353  36.090119     2.1754      9.314   161.6338 1.0795e+02     8.5459      1.033      1.498    26.0347 0.0000e+00
      1.062      0.020     7.8332     96.885     35.376  36.108567     2.1701      9.312   161.8179 1.0430e+02     8.6219      1.043      1.512    26.0390 0.0000e+00
      1.068      0.015     7.8495     96.838     35.412  36.139875     2.1887      9.309   161.9119 1.0200e+02     8.7843      1.049      1.522    26.0439 0.0000e+00
      1.069      0.011     7.8596     96.821     35.430  36.151397     2.2011      9.307   161.9101 1.0095e+02     8.9036      1.050      1.522    26.0427 0.0000e+00
      1.068      0.007     7.8608     96.799     35.407  36.120969     2.1945      9.306   161.9689 1.0014e+02     8.9026      1.048      1.519    26.0361 0.0000e+00
      1.068      0.006     7.8551     96.764     35.384  36.089212     2.1745      9.305   162.0197 9.9058e+01     8.8401      1.046      1.518    26.0295 0.0000e+00
      1.068      0.007     7.8504     96.699     35.389  36.084662     2.1684      9.303   162.0079 9.8111e+01     8.8651      1.046      1.518    26.0228 0.0000e+00
      1.071      0.008     7.8540     96.603     35.380  36.065941     2.1789      9.301   162.0852 9.7559e+01     8.8644      1.050      1.523    26.0124 0.0000e+00
      1.075      0.009     7.8521     96.528     35.377  36.053190     2.1853      9.299   162.2659 9.7313e+01     8.7631      1.055      1.531    26.0013 0.0000e+00
      1.079      0.010     7.8521     96.511     35.390  36.057382     2.1783      9.298   162.3849 9.7339e+01     8.6999      1.058      1.536    25.9900 0.0000e+00
      1.081      0.011     7.8498     96.565     35.393  36.053165     2.1613      9.297   162.4059 9.7718e+01     8.6469      1.060      1.538    25.9769 0.0000e+00
      1.082      0.011     7.8406     96.676     35.411  36.065638     2.1541      9.295   162.4343 9.8193e+01     8.7023      1.060      1.538    25.9630 0.0000e+00
      1.083      0.010     7.8367     96.812     35.432  36.081278     2.1499      9.293   162.5556 9.8846e+01     8.8230      1.062      1.540    25.9493 0.0000e+00
      1.087      0.010     7.8358     96.923     35.408  36.051909     2.1272      9.291   162.6682 1.0021e+02     8.8088      1.065      1.545    25.9363 0.0000e+00
      1.092      0.010     7.8427     96.961     35.386  36.027784     2.0953      9.289   162.6773 1.0240e+02     8.7694      1.071      1.553    25.9255 0.0000e+00
      1.095      0.011     7.8533     96.935     35.401  36.043372     2.0807      9.288   162.6656 1.0465e+02     8.8246      1.075      1.559    25.9181 0.0000e+00
      1.096      0.012     7.8672     96.898     35.405  36.050037     2.0842      9.287   162.6991 1.0568e+02     8.9302      1.075      1.559    25.9100 0.0000e+00
      1.097      0.014     7.8795     96.890     35.400  36.044926     2.0795      9.285   162.8240 1.0450e+02     8.9192      1.075      1.559    25.9017 0.0000e+00
      1.100      0.014     7.8825     96.896     35.402  36.045029     2.0561      9.283   162.9707 1.0151e+02     8.7939      1.077      1.563    25.8981 0.0000e+00
      1.106      0.013     7.8783     96.858     35.414  36.051280     2.0349      9.281   163.0112 9.8050e+01     8.7473      1.083      1.571    25.9000 0.0000e+00
      1.112      0.012     7.8730     96.756     35.426  36.057045     2.0573      9.281   162.9693 9.5540e+01     8.8346      1.091      1.583    25.9047 0.0000e+00
      1.116      0.010     7.8727     96.645     35.426  36.051279     2.1106      9.280   163.0659 9.4645e+01     8.9954      1.096      1.590    25.9069 0.0000e+00
      1.116      0.008     7.8756     96.570     35.422  36.045003     2.1291      9.279   163.3198 9.4590e+01     9.0174      1.097      1.589    25.9035 0.0000e+00
      1.115      0.008     7.8755     96.539     35.423  36.044613     2.1065      9.278   163.4573 9.4549e+01     8.8614      1.094      1.586    25.8936 0.0000e+00
      1.114      0.009     7.8659     96.579     35.427  36.046552     2.0866      9.278   163.5243 9.4427e+01     8.8166      1.092      1.584    25.8823 0.0000e+00
      1.117      0.012     7.8562     96.697     35.452  36.068443     2.0883      9.278   163.6988 9.4092e+01     8.9201      1.094      1.587    25.8756 0.0000e+00
      1.123      0.016     7.8516     96.837     35.509  36.118944     2.0941      9.278   163.9333 9.3519e+01     8.9860      1.100      1.595    25.8729 0.0000e+00
      1.129      0.018     7.8477     96.931     35.548  36.149540     2.0819      9.277   164.1217 9.3009e+01     8.9635      1.108      1.606    25.8715 0.0000e+00
      1.135      0.018     7.8507     96.973     35.529  36.121121     2.0414      9.276   164.2564 9.2793e+01     8.8879      1.115      1.617    25.8692 0.0000e+00
      1.140      0.018     7.8628     97.000     35.507  36.092569     2.0111      9.275   164.3564 9.2794e+01     8.8911      1.119      1.623    25.8643 0.0000e+00
      1.143      0.017     7.8787     97.046     35.541  36.121549     2.0233      9.275   164.3846 9.2834e+01     9.0030      1.121      1.625    25.8537 0.0000e+00
      1.146      0.016     7.8883     97.126     35.578  36.154274     2.0388      9.275   164.4254 9.2731e+01     9.0788      1.125      1.630    25.8392 0.0000e+00
      1.150      0.016     7.8916     97.182     35.598  36.170989     2.0410      9.274   164.5924 9.2415e+01     9.0225      1.128      1.636    25.8260 0.0000e+00
      1.155      0.016     7.8952     97.152     35.627  36.196729     2.0413      9.274   164.7694 9.2202e+01     8.9024      1.133      1.643    25.8162 0.0000e+00
      1.159      0.016     7.8978     97.036     35.646  36.211689     2.0516      9.274   164.8438 9.2394e+01     8.9249      1.137      1.650    25.8098 0.0000e+00
      1.164      0.016     7.9079     96.850     35.664  36.224964     2.0733      9.272   164.8898 9.3592e+01     9.0551      1.142      1.656    25.8047 0.0000e+00
      1.168      0.015     7.9160     96.629     35.674  36.230333     2.0868      9.270   164.9823 9.7399e+01     9.0419      1.146      1.663    25.7988 0.0000e+00
      1.172      0.014     7.9130     96.414     35.660  36.213145     2.0740      9.268   165.0151 1.0435e+02     8.9023      1.149      1.666    25.7931 0.0000e+00
      1.175      0.014     7.9048     96.245     35.657  36.207493     2.0437      9.268   165.0277 1.1225e+02     8.9046      1.152      1.671    25.7873 0.0000e+00
      1.177      0.014     7.8892     96.192     35.676  36.225440     2.0449      9.267   165.1347 1.1912e+02     9.0348      1.155      1.675    25.7804 0.0000e+00
      1.180      0.014     7.8707     96.300     35.692  36.239794     2.0625      9.267   165.1897 1.2419e+02     9.0078      1.158      1.679    25.7740 0.0000e+00
      1.184      0.014     7.8536     96.499     35.708  36.254138     2.0486      9.267   165.2635 1.2590e+02     8.8527      1.161      1.684    25.7684 0.0000e+00
      1.189      0.014     7.8379     96.643     35.728  36.271972     2.0273      9.266   165.4245 1.2335e+02     8.7651      1.166      1.691    25.7646 0.0000e+00
      1.194      0.015     7.8316     96.640     35.723  36.265071     2.0217      9.265   165.5882 1.1897e+02     8.8018      1.170      1.697    25.7635 0.0000e+00
      1.198      0.015     7.8429     96.540     35.694  36.234139     2.0395      9.264   165.7802 1.1556e+02     8.9208      1.174      1.703    25.7621 0.0000e+00
      1.200      0.014     7.8647     96.419     35.677  36.215229     2.0514      9.262   165.9379 1.1228e+02     8.9401      1.177      1.707    25.7585 0.0000e+00
      1.203      0.014     7.8809     96.303     35.689  36.226776     2.0324      9.260   166.0328 1.0840e+02     8.8294      1.179      1.710    25.7544 0.0000e+00
      1.207      0.014     7.8781     96.210     35.709  36.246852     2.0252      9.260   166.1537 1.0583e+02     8.7779      1.184      1.717    25.7513 0.0000e+00
      1.211      0.015     7.8672     96.157     35.730  36.267613     2.0310      9.259   166.2807 1.0588e+02     8.8648      1.188      1.723    25.7492 0.0000e+00
      1.215      0.016     7.8580     96.138     35.750  36.287444     2.0436      9.258   166.3641 1.0876e+02     9.0601      1.191      1.728    25.7479 0.0000e+00
      1.218      0.018     7.8479     96.137     35.760  36.296278     2.0539      9.257   166.4731 1.1463e+02     9.1917      1.194      1.731    25.7468 0.0000e+00
      1.222      0.018     7.8397     96.151     35.776  36.310978     2.0386      9.255   166.5669 1.2534e+02     9.1241      1.198      1.736    25.7464 0.0000e+00
      1.228      0.019     7.8356     96.196     35.805  36.338272     2.0421      9.253   166.5520 1.3907e+02     9.0961      1.204      1.746    25.7461 0.0000e+00
      1.234      0.019     7.8350     96.264     35.841  36.372477     2.0709      9.251   166.5509 1.5071e+02     9.1602      1.211      1.757    25.7450 0.0000e+00
      1.239      0.019     7.8353     96.312     35.881  36.407297     2.0866      9.248   166.6396 1.6252e+02     9.1146      1.215      1.764    25.7433 0.0000e+00
      1.244      0.018     7.8358     96.308     35.921  36.442015     2.0742      9.246   166.6781 1.7652e+02     8.9888      1.219      1.769    25.7420 0.0000e+00
      1.248      0.016     7.8396     96.189     35.959  36.474990     2.0457      9.245   166.6722 1.8948e+02     8.8693      1.225      1.776    25.7402 0.0000e+00
      1.252      0.016     7.8481     95.927     35.978  36.488730     2.0334      9.244   166.7406 2.0290e+02     8.8653      1.228      1.781    25.7358 0.0000e+00
      1.255      0.017     7.8527     95.609     35.975  36.481223     2.0336      9.243   166.7306 2.1770e+02     8.9739      1.231      1.786    25.7287 0.0000e+00
      1.259      0.018     7.8561     95.316     35.946  36.447670     2.0321      9.241   166.5508 2.2949e+02     9.0550      1.234      1.790    25.7194 0.0000e+00
      1.263      0.019     7.8501     95.086     35.901  36.400300     2.0233      9.240   166.5457 2.3802e+02     9.0255      1.237      1.794    25.7108 0.0000e+00
      1.269      0.019     7.8249     94.940     35.855  36.352629     2.0268      9.237   166.8415 2.4715e+02     8.8910      1.244      1.804    25.7034 0.0000e+00
      1.276      0.020     7.7979     94.903     35.816  36.315425     2.0581      9.235   167.1162 2.6176e+02     8.7956      1.252      1.816    25.6970 0.0000e+00
      1.282      0.022     7.7741     95.001     35.828  36.331185     2.0773      9.233   167.2849 2.8062e+02     8.7256      1.258      1.824    25.6920 0.0000e+00
      1.285      0.022     7.7551     95.226     35.907  36.416288     2.0756      9.232   167.4187 3.0064e+02     8.6603      1.260      1.828    25.6880 0.0000e+00
      1.289      0.021     7.7431     95.526     36.008  36.519543     2.0624      9.231   167.5297 3.2084e+02     8.6891      1.263      1.832    25.6873 0.0000e+00
      1.296      0.019     7.7382     95.826     36.058  36.564420     2.0427      9.228   167.6800 3.3879e+02     8.7321      1.271      1.843    25.6889 0.0000e+00
      1.303      0.019     7.7461     96.071     36.080  36.578177     2.0535      9.226   167.8593 3.4782e+02     8.7697      1.279      1.855    25.6945 0.0000e+00
      1.308      0.020     7.7641     96.241     36.134  36.622417     2.0763      9.224   167.9773 3.4720e+02     8.7681      1.283      1.861    25.7054 0.0000e+00
      1.311      0.020     7.7911     96.304     36.181  36.655142     2.0768      9.222   168.0748 3.4838e+02     8.7121      1.286      1.865    25.7067 0.0000e+00
      1.315      0.020     7.8189     96.257     36.204  36.656580     2.0521      9.220   168.2636 3.4666e+02     8.6736      1.288      1.870    25.6957 0.0000e+00
      1.321      0.021     7.8399     96.115     36.216  36.639762     2.0104      9.218   168.4530 3.3895e+02     8.6792      1.294      1.877    25.6842 0.0000e+00
      1.327      0.022     7.8577     95.902     36.184  36.578661     1.9974      9.215   168.5584 3.3247e+02     8.7452      1.301      1.887    25.6719 0.0000e+00
      1.333      0.022     7.8651     95.700     36.119  36.488828     2.0106      9.212   168.6768 3.2915e+02     8.7204      1.307      1.896    25.6541 0.0000e+00
      1.340      0.021     7.8648     95.605     36.096  36.441875     2.0208      9.208   168.8528 3.2844e+02     8.5496      1.314      1.906    25.6232 0.0000e+00
      1.346      0.020     7.8604     95.707     36.132  36.455085     2.0293      9.206   168.9651 3.2568e+02     8.3878      1.320      1.915    25.5787 0.0000e+00
      1.351      0.019     7.8451     96.023     36.155  36.458158     2.0466      9.204   169.0020 3.2286e+02     8.3702      1.324      1.921    25.5371 0.0000e+00
      1.355      0.018     7.8310     96.461     36.129  36.415545     2.0717      9.201   169.1266 3.2253e+02     8.4735      1.328      1.927    25.5055 0.0000e+00
      1.358      0.017     7.8249     97.019     36.113  36.383991     2.0831      9.199   169.3537 3.2030e+02     8.4753      1.331      1.931    25.4736 0.0000e+00
      1.362      0.017     7.8357     97.737     36.135  36.393872     2.0855      9.197   169.5103 3.1733e+02     8.3579      1.335      1.936    25.4390 0.0000e+00
      1.367      0.018     7.8722     98.470     36.155  36.408102     2.1000      9.195   169.6439 3.1525e+02     8.3519      1.341      1.945    25.4099 0.0000e+00
      1.372      0.018     7.9106     99.011     36.175  36.429127     2.1335      9.192   169.8507 3.1390e+02     8.4710      1.347      1.952    25.3892 0.0000e+00
      1.377      0.019     7.9544     99.296     36.199  36.457734     2.1990      9.189   169.9458 3.1631e+02     8.4992      1.350      1.959    25.3684 0.0000e+00
      1.381      0.020     8.0231     99.384     36.174  36.436734     2.2681      9.186   169.9337 3.1670e+02     8.3512      1.355      1.965    25.3478 0.0000e+00
      1.386      0.020     8.0917     99.349     36.103  36.365582     2.2860      9.184   170.0485 3.1300e+02     8.1852      1.359      1.971    25.3403 0.0000e+00
      1.392      0.019     8.1374     99.284     36.038  36.295400     2.2906      9.182   170.3006 3.0805e+02     8.1665      1.364      1.979    25.3437 0.0000e+00
      1.398      0.018     8.1564     99.171     35.979  36.222671     2.2992      9.179   170.4876 3.0275e+02     8.1934      1.371      1.988    25.3498 0.0000e+00
      1.403      0.017     8.1616     98.926     35.900  36.120702     2.2808      9.177   170.6738 3.0240e+02     8.2031      1.376      1.996    25.3571 0.0000e+00
      1.407      0.017     8.1545     98.695     35.823  36.014218     2.2518      9.175   170.9171 3.0415e+02     8.2491      1.380      2.001    25.3623 0.0000e+00
      1.409      0.018     8.1477     98.570     35.793  35.950329     2.2231      9.173   171.0208 3.0706e+02     8.2717      1.382      2.004    25.3553 0.0000e+00
      1.413      0.018     8.1527     98.600     35.796  35.919219     2.2257      9.171   171.0668 3.0839e+02     8.3053      1.384      2.008    25.3358 0.0000e+00
      1.418      0.019     8.1243     98.833     35.802  35.891819     2.2831      9.168   171.2153 3.0556e+02     8.2801      1.390      2.015    25.3049 0.0000e+00
      1.424      0.019     8.1117     99.105     35.814  35.872794     2.3590      9.165   171.4397 3.0284e+02     8.1708      1.397      2.026    25.2608 0.0000e+00
      1.430      0.017     8.1105     99.401     35.849  35.879487     2.4029      9.163   171.6290 2.9565e+02     8.1460      1.402      2.035    25.2138 0.0000e+00
      1.435      0.014     8.1096     99.785     35.904  35.909249     2.3982      9.161   171.7835 2.8665e+02     8.1850      1.408      2.042    25.1662 0.0000e+00
