Data/DataNotYetUploadedToEDI/Raw_CTD/RawDownloads/070725_fcr50_S7809006.cnv
* Sea-Bird SBE19plus  Data File:
* FileName = C:\R\Reservoirs\Data\DataNotYetUploadedToEDI\Raw_CTD\RawDownloads\070325_fcr50_S7809_0006.hex
* Software version 2.8.0.119
* Temperature SN = 7809
* Conductivity SN = 7809
* System UpLoad Time = Jul 07 2025 16:21:32
* <ApplicationData>
* <Seaterm232>
# nquan = 15
# nvalues = 2186                        
# units = specified
# name 0 = depFM: Depth [fresh water, m]
# name 1 = dz/dtM: Descent Rate [m/s]
# name 2 = sbeox0Mg/L: Oxygen, SBE 43 [mg/l]
# name 3 = sbeox0PS: Oxygen, SBE 43 [% saturation]
# name 4 = specc: Specific Conductance [uS/cm]
# name 5 = c0uS/cm: Conductivity [uS/cm]
# name 6 = flECO-AFL: Fluorescence, WET Labs ECO-AFL/FL [mg/m^3]
# name 7 = ph: pH
# name 8 = orp: Oxidation Reduction Potential [mV]
# name 9 = par/sat/log: PAR/Logarithmic, Satlantic
# name 10 = turbWETntu0: Turbidity, WET Labs ECO [NTU]
# name 11 = prdM: Pressure, Strain Gauge [db]
# name 12 = prdE: Pressure, Strain Gauge [psi]
# name 13 = tv290C: Temperature [ITS-90, deg C]
# name 14 = flag:  0.000e+00
# span 0 =     -0.647,      9.663       
# span 1 =     -4.098,      8.415       
# span 2 =     0.0444,     9.6513       
# span 3 =      0.432,     95.609       
# span 4 =      0.507,    304.299       
# span 5 =   0.539131, 220.078825       
# span 6 =    -0.5797,   227.5870       
# span 7 =      5.545,      8.778       
# span 8 = -1240.7455,   276.8795       
# span 9 = 1.2348e-01, 1.9877e+03       
# span 10 =   -10.4482,   255.9381      
# span 11 =     -0.635,      9.477      
# span 12 =     -0.920,     13.745      
# span 13 =    11.0817,    28.1812      
# span 14 = 0.0000e+00, 0.0000e+00      
# interval = seconds: 0.25
# start_time = Jul 07 2025 10:38:55 [Instrument's time stamp, header]
# bad_flag = -9.990e-29
*END*
[from data line 1350]
      5.240      0.025     7.6476     69.675     46.413  33.603927     0.9590      7.900   204.0596 7.2467e-01    12.5530      5.142      7.457    11.1994 0.0000e+00
      5.243      0.023     7.6470     69.700     46.428  33.614743     0.9051      7.900   204.5719 7.3157e-01    12.6348      5.140      7.455    11.1992 0.0000e+00
      5.247      0.019     7.6392     69.728     46.412  33.602565     0.8939      7.900   205.1995 7.1613e-01    12.6652      5.145      7.462    11.1990 0.0000e+00
      5.252      0.017     7.6433     69.745     46.386  33.583579     0.8987      7.900   205.2817 6.9240e-01    12.6124      5.151      7.471    11.1985 0.0000e+00
      5.257      0.019     7.6477     69.747     46.375  33.575514     0.8877      7.899   204.9632 6.7685e-01    12.5776      5.155      7.478    11.1983 0.0000e+00
      5.259      0.024     7.6491     69.762     46.366  33.568499     0.8772      7.898   204.8761 6.7340e-01    12.5525      5.157      7.480    11.1980 0.0000e+00
      5.263      0.028     7.6536     69.787     46.357  33.562201     0.9134      7.898   205.0022 6.7593e-01    12.6497      5.160      7.484    11.1977 0.0000e+00
      5.271      0.032     7.6561     69.789     46.358  33.562815     0.9681      7.898   205.0258 6.6583e-01    12.6945      5.167      7.494    11.1974 0.0000e+00
      5.284      0.034     7.6543     69.764     46.376  33.575919     0.9723      7.898   205.0748 6.3812e-01    12.5475      5.181      7.516    11.1972 0.0000e+00
      5.298      0.034     7.6557     69.745     46.401  33.593751     0.9395      7.898   205.6812 6.2986e-01    12.4091      5.197      7.539    11.1972 0.0000e+00
      5.307      0.031     7.6611     69.762     46.393  33.588087     0.9206      7.897   206.5075 6.3386e-01    12.4554      5.204      7.548    11.1971 0.0000e+00
      5.312      0.026     7.6612     69.807     46.370  33.570879     0.9276      7.896   206.6325 6.2257e-01    12.6292      5.209      7.555    11.1968 0.0000e+00
      5.317      0.020     7.6570     69.839     46.376  33.576033     0.9490      7.896   206.1600 6.1207e-01    12.6667      5.214      7.563    11.1965 0.0000e+00
      5.322      0.015     7.6534     69.860     46.391  33.586954     0.9461      7.896   205.6991 6.1121e-01    12.5318      5.220      7.572    11.1963 0.0000e+00
      5.325      0.011     7.6553     69.881     46.376  33.576034     0.9256      7.895   205.7066 6.1478e-01    12.4683      5.222      7.575    11.1964 0.0000e+00
      5.326      0.009     7.6630     69.884     46.368  33.570879     0.9257      7.894   206.6806 6.1724e-01    12.5474      5.221      7.573    11.1965 0.0000e+00
      5.329      0.008     7.6663     69.896     46.391  33.588078     0.9387      7.893   208.0971 6.1501e-01    12.6351      5.226      7.579    11.1968 0.0000e+00
      5.330      0.008     7.6662     69.930     46.398  33.593652     0.9586      7.893   208.6383 6.0838e-01    12.6744      5.227      7.582    11.1971 0.0000e+00
      5.331      0.013     7.6722     69.938     46.373  33.574827     0.9670      7.893   208.5777 6.0273e-01    12.6463      5.226      7.580    11.1971 0.0000e+00
      5.333      0.020     7.6694     69.903     46.340  33.550802     0.9730      7.894   208.3107 6.0447e-01    12.6713      5.230      7.585    11.1978 0.0000e+00
      5.336      0.029     7.6690     69.837     46.349  33.556947     0.9905      7.894   208.5067 6.0199e-01    12.7713      5.231      7.588    11.1987 0.0000e+00
      5.344      0.035     7.6774     69.759     46.389  33.585678     0.9869      7.894   209.7429 5.9157e-01    12.7622      5.238      7.598    11.1988 0.0000e+00
      5.357      0.038     7.6772     69.674     46.384  33.580960     0.9546      7.893   210.5235 5.8011e-01    12.6296      5.254      7.619    11.1986 0.0000e+00
      5.373      0.038     7.6738     69.586     46.360  33.563345     0.9155      7.893   210.6320 5.5819e-01    12.4659      5.270      7.643    11.1983 0.0000e+00
      5.388      0.035     7.6650     69.519     46.360  33.563034     0.9055      7.892   210.5386 5.4159e-01    12.4577      5.288      7.669    11.1978 0.0000e+00
      5.395      0.029     7.6565     69.483     46.380  33.577197     0.9168      7.891   210.0826 5.4205e-01    12.5652      5.292      7.676    11.1973 0.0000e+00
      5.397      0.021     7.6479     69.480     46.422  33.607699     0.9277      7.891   209.9363 5.4037e-01    12.7055      5.291      7.674    11.1966 0.0000e+00
      5.401      0.015     7.6365     69.512     46.430  33.614610     0.9377      7.891   210.3179 5.3794e-01    12.8895      5.297      7.682    11.1958 0.0000e+00
      5.404      0.011     7.6292     69.571     46.405  33.597307     0.9296      7.890   210.7398 5.3919e-01    12.9120      5.300      7.687    11.1955 0.0000e+00
      5.405      0.012     7.6253     69.626     46.393  33.588837     0.9296      7.890   210.9937 5.4093e-01    12.9435      5.299      7.686    11.1948 0.0000e+00
      5.408      0.015     7.6248     69.658     46.374  33.575638     0.9369      7.890   211.2367 5.4013e-01    12.9968      5.303      7.692    11.1947 0.0000e+00
      5.410      0.019     7.6283     69.685     46.360  33.564614     0.9017      7.890   211.5267 5.3098e-01    12.7707      5.305      7.694    11.1961 0.0000e+00
      5.413      0.025     7.6359     69.718     46.386  33.582437     0.8529      7.888   211.1442 5.2365e-01    12.4990      5.305      7.695    11.1974 0.0000e+00
      5.422      0.031     7.6435     69.748     46.413  33.600788     0.8379      7.888   210.3127 5.1776e-01    12.4103      5.316      7.710    11.1979 0.0000e+00
      5.432      0.035     7.6450     69.770     46.408  33.596164     0.8872      7.888   210.0759 4.9893e-01    12.5174      5.328      7.727    11.1982 0.0000e+00
      5.443      0.037     7.6479     69.768     46.400  33.589972     0.9829      7.888   210.4325 4.7612e-01    12.7703      5.335      7.738    11.1975 0.0000e+00
      5.456      0.037     7.6525     69.749     46.400  33.589366     1.0209      7.887   211.0966 4.6859e-01    12.8718      5.351      7.761    11.1960 0.0000e+00
      5.467      0.034     7.6556     69.737     46.399  33.588839     0.9896      7.887   211.3950 4.7444e-01    12.7536      5.363      7.779    11.1944 0.0000e+00
      5.473      0.030     7.6599     69.734     46.392  33.583591     0.9791      7.887   210.4264 4.6836e-01    12.6051      5.366      7.782    11.1933 0.0000e+00
      5.479      0.028     7.6592     69.739     46.400  33.589357     1.0182      7.886   208.8502 4.5461e-01    12.5449      5.372      7.791    11.1929 0.0000e+00
      5.485      0.028     7.6553     69.754     46.408  33.595117     1.0632      7.886   208.3401 4.4774e-01    12.6067      5.378      7.802    11.1926 0.0000e+00
      5.490      0.030     7.6547     69.778     46.401  33.589783     1.0651      7.886   208.9907 4.4074e-01    12.6004      5.384      7.809    11.1924 0.0000e+00
      5.496      0.034     7.6544     69.798     46.399  33.588308     0.9907      7.886   209.8337 4.3842e-01    12.7083      5.389      7.817    11.1924 0.0000e+00
      5.504      0.037     7.6547     69.791     46.384  33.577292     0.9050      7.886   210.3593 4.3461e-01    13.1255      5.396      7.827    11.1924 0.0000e+00
      5.517      0.039     7.6568     69.758     46.393  33.583476     0.8937      7.886   210.0966 4.1303e-01    13.3752      5.411      7.847    11.1922 0.0000e+00
      5.532      0.040     7.6587     69.715     46.416  33.599626     0.9130      7.885   209.0670 3.9051e-01    13.3706      5.426      7.870    11.1920 0.0000e+00
      5.542      0.040     7.6636     69.675     46.392  33.582228     0.9050      7.884   208.3205 3.8453e-01    13.3086      5.434      7.883    11.1915 0.0000e+00
      5.550      0.039     7.6621     69.656     46.365  33.563451     0.8882      7.884   208.2128 3.7790e-01    13.1379      5.441      7.893    11.1914 0.0000e+00
      5.558      0.037     7.6575     69.664     46.365  33.562930     0.9100      7.884   208.5388 3.6573e-01    12.9796      5.451      7.906    11.1916 0.0000e+00
      5.566      0.036     7.6530     69.688     46.383  33.575930     0.9533      7.883   209.1649 3.5893e-01    12.8637      5.458      7.917    11.1916 0.0000e+00
      5.576      0.036     7.6469     69.720     46.407  33.593744     0.9793      7.883   209.5018 3.6037e-01    12.7960      5.468      7.931    11.1914 0.0000e+00
      5.586      0.036     7.6454     69.770     46.399  33.587974     0.9820      7.883   209.3429 3.6231e-01    12.7419      5.480      7.948    11.1912 0.0000e+00
      5.595      0.036     7.6462     69.818     46.373  33.569623     0.9691      7.882   209.0504 3.5588e-01    12.6194      5.486      7.957    11.1913 0.0000e+00
      5.605      0.036     7.6499     69.847     46.362  33.562192     0.9818      7.882   208.9768 3.5413e-01    12.6125      5.496      7.971    11.1916 0.0000e+00
      5.615      0.037     7.6519     69.873     46.361  33.561568     1.0100      7.883   208.9695 3.5491e-01    12.6248      5.509      7.990    11.1918 0.0000e+00
      5.622      0.039     7.6585     69.907     46.362  33.562079     0.9696      7.883   208.9610 3.4068e-01    12.5282      5.513      7.996    11.1922 0.0000e+00
      5.629      0.039     7.6653     69.942     46.370  33.568376     0.8758      7.882   209.6486 3.2142e-01    12.4693      5.516      8.002    11.1926 0.0000e+00
      5.641      0.039     7.6665     69.976     46.379  33.574257     0.8333      7.881   210.7443 3.0441e-01    12.4937      5.530      8.022    11.1931 0.0000e+00
      5.655      0.039     7.6695     69.994     46.374  33.569742     0.8555      7.881   211.0236 2.8838e-01    12.5847      5.547      8.045    11.1931 0.0000e+00
      5.667      0.039     7.6732     69.970     46.385  33.577230     0.8940      7.881   210.5309 2.8198e-01    12.6131      5.558      8.062    11.1933 0.0000e+00
      5.675      0.038     7.6776     69.933     46.419  33.601350     0.9162      7.880   209.9504 2.8324e-01    12.4955      5.565      8.072    11.1935 0.0000e+00
      5.682      0.036     7.6808     69.908     46.428  33.607600     0.9155      7.880   210.6296 2.8571e-01    12.3921      5.571      8.080    11.1929 0.0000e+00
      5.690      0.034     7.6863     69.875     46.403  33.589348     0.9101      7.879   212.4615 2.8008e-01    12.4568      5.580      8.093    11.1922 0.0000e+00
      5.700      0.032     7.6810     69.851     46.378  33.570996     0.9514      7.878   213.3439 2.6659e-01    12.5942      5.590      8.108    11.1916 0.0000e+00
      5.709      0.029     7.6750     69.856     46.386  33.576045     1.0153      7.878   213.3827 2.6258e-01    12.5838      5.599      8.120    11.1910 0.0000e+00
      5.717      0.026     7.6757     69.856     46.401  33.586947     1.0246      7.878   213.1887 2.6809e-01    12.4683      5.607      8.131    11.1906 0.0000e+00
      5.723      0.022     7.6698     69.844     46.386  33.575920     1.0313      7.877   212.7195 2.7091e-01    12.4957      5.614      8.142    11.1903 0.0000e+00
      5.728      0.019     7.6660     69.862     46.377  33.569613     1.0552      7.877   212.9581 2.6283e-01    12.7102      5.618      8.149    11.1900 0.0000e+00
      5.731      0.018     7.6688     69.897     46.384  33.574132     1.0472      7.877   213.9218 2.4944e-01    12.9090      5.620      8.151    11.1899 0.0000e+00
      5.732      0.019     7.6704     69.918     46.374  33.567117     1.0089      7.877   214.5636 2.4567e-01    12.8844      5.621      8.152    11.1898 0.0000e+00
      5.736      0.020     7.6646     69.914     46.348  33.548246     0.9662      7.877   214.6955 2.4534e-01    12.7201      5.624      8.157    11.1897 0.0000e+00
      5.743      0.023     7.6685     69.885     46.331  33.536295     0.9639      7.877   214.6559 2.3685e-01    12.6990      5.631      8.167    11.1896 0.0000e+00
      5.750      0.028     7.6740     69.866     46.350  33.549504     0.9897      7.877   214.6010 2.3014e-01    12.8338      5.640      8.179    11.1895 0.0000e+00
      5.757      0.032     7.6758     69.854     46.393  33.581065     0.9957      7.876   214.2898 2.3024e-01    12.9146      5.647      8.189    11.1893 0.0000e+00
      5.765      0.033     7.6770     69.828     46.420  33.600666     0.9776      7.875   213.9899 2.2964e-01    12.8570      5.654      8.200    11.1894 0.0000e+00
      5.775      0.033     7.6702     69.809     46.415  33.596166     0.9461      7.875   214.3309 2.2931e-01    12.7181      5.664      8.214    11.1893 0.0000e+00
      5.785      0.033     7.6691     69.802     46.408  33.590098     0.9387      7.875   214.7993 2.2770e-01    12.7036      5.674      8.229    11.1890 0.0000e+00
      5.795      0.033     7.6700     69.788     46.409  33.590741     0.9629      7.875   214.9211 2.1846e-01    12.8527      5.684      8.243    11.1890 0.0000e+00
      5.802      0.032     7.6650     69.793     46.427  33.603940     0.9563      7.874   215.0287 2.1028e-01    12.8822      5.690      8.253    11.1887 0.0000e+00
      5.808      0.030     7.6623     69.825     46.453  33.622802     0.9248      7.874   214.5522 2.0688e-01    12.7518      5.695      8.260    11.1881 0.0000e+00
      5.815      0.028     7.6646     69.866     46.462  33.628465     0.9321      7.874   213.3755 2.0663e-01    12.7110      5.702      8.271    11.1877 0.0000e+00
      5.824      0.027     7.6599     69.935     46.436  33.608960     0.9775      7.874   212.9325 2.1437e-01    12.8665      5.712      8.285    11.1875 0.0000e+00
      5.831      0.026     7.6604     70.025     46.392  33.577305     1.0155      7.874   213.2409 2.1473e-01    13.0617      5.719      8.295    11.1871 0.0000e+00
      5.837      0.025     7.6665     70.096     46.372  33.562953     1.0086      7.873   213.9203 2.0546e-01    13.0548      5.724      8.301    11.1869 0.0000e+00
      5.844      0.024     7.6682     70.123     46.372  33.562320     0.9447      7.872   214.9525 1.9656e-01    12.9205      5.731      8.312    11.1865 0.0000e+00
      5.850      0.024     7.6768     70.130     46.383  33.569646     0.8681      7.872   214.7945 1.9366e-01    12.8383      5.738      8.322    11.1861 0.0000e+00
      5.853      0.028     7.6883     70.121     46.408  33.588092     0.8562      7.873   213.3862 1.9858e-01    12.8122      5.740      8.325    11.1859 0.0000e+00
      5.857      0.031     7.6984     70.081     46.417  33.595014     0.8917      7.874   212.6369 1.9783e-01    12.8433      5.742      8.330    11.1854 0.0000e+00
      5.865      0.032     7.6989     70.010     46.410  33.589888     0.8905      7.873   212.8759 1.9244e-01    12.8043      5.749      8.338    11.1850 0.0000e+00
      5.879      0.032     7.6993     69.923     46.410  33.589568     0.8575      7.873   213.5230 1.7873e-01    12.7169      5.765      8.360    11.1848 0.0000e+00
      5.893      0.030     7.7005     69.863     46.412  33.591148     0.8590      7.873   214.0085 1.6154e-01    12.7774      5.784      8.389    11.1850 0.0000e+00
      5.901      0.026     7.6944     69.845     46.437  33.608980     0.8918      7.873   213.6690 1.5467e-01    12.8866      5.789      8.397    11.1852 0.0000e+00
      5.903      0.021     7.6880     69.850     46.444  33.614843     0.9043      7.873   212.7738 1.5833e-01    12.9096      5.787      8.393    11.1852 0.0000e+00
      5.905      0.016     7.6746     69.876     46.422  33.598589     0.8771      7.872   212.2196 1.6974e-01    12.7830      5.792      8.399    11.1852 0.0000e+00
      5.907      0.015     7.6681     69.932     46.427  33.602799     0.8213      7.872   212.3024 1.7557e-01    12.5862      5.794      8.402    11.1851 0.0000e+00
