Data/DataNotYetUploadedToEDI/Raw_CTD/RawDownloads/070722_ccr21_0002.cnv
* Sea-Bird SBE19plus  Data File:
* FileName = C:\R\Reservoirs\Data\DataNotYetUploadedToEDI\Raw_CTD\RawDownloads\070722_ccr50_SBE19plus01907809_0002.hex
* Software version 2.8.0.119
* Temperature SN = 7809
* Conductivity SN = 7809
* System UpLoad Time = Jul 07 2022 15:45:05
* <ApplicationData>
* <Seaterm232>
# nquan = 15
# nvalues = 573                         
# units = specified
# name 0 = depFM: Depth [fresh water, m]
# name 1 = dz/dtM: Descent Rate [m/s]
# name 2 = sbeox0Mg/L: Oxygen, SBE 43 [mg/l]
# name 3 = sbeox0PS: Oxygen, SBE 43 [% saturation]
# name 4 = specc: Specific Conductance [uS/cm]
# name 5 = c0uS/cm: Conductivity [uS/cm]
# name 6 = flECO-AFL: Fluorescence, WET Labs ECO-AFL/FL [mg/m^3]
# name 7 = ph: pH
# name 8 = orp: Oxidation Reduction Potential [mV]
# name 9 = par/sat/log: PAR/Logarithmic, Satlantic
# name 10 = turbWETntu0: Turbidity, WET Labs ECO [NTU]
# name 11 = prdM: Pressure, Strain Gauge [db]
# name 12 = prdE: Pressure, Strain Gauge [psi]
# name 13 = tv290C: Temperature [ITS-90, deg C]
# name 14 = flag:  0.000e+00
# span 0 =     -0.496,      5.304       
# span 1 =     -0.438,      0.320       
# span 2 =     4.5912,     7.4053       
# span 3 =     58.092,     91.283       
# span 4 =      6.570,     90.462       
# span 5 =   6.884497,  94.123284       
# span 6 =    -2.0364,   227.4850       
# span 7 =      6.994,      8.146       
# span 8 =   124.2207,   210.1243       
# span 9 = 2.3689e+01, 2.1556e+03       
# span 10 =    -0.3560,    23.3781      
# span 11 =     -0.489,      5.204      
# span 12 =     -0.709,      7.547      
# span 13 =    21.9153,    27.6105      
# span 14 = 0.0000e+00, 0.0000e+00      
# interval = seconds: 0.25
# start_time = Jul 07 2022 07:46:11 [Instrument's time stamp, header]
# bad_flag = -9.990e-29
*END*
     -0.496      0.073     6.9936     85.686     76.507  78.731110    -2.0364      7.046   130.6284 1.6542e+03    22.9255     -0.485     -0.703    25.6691 0.0000e+00
     -0.491      0.127     6.9920     85.651     86.381  89.580055    -1.6028      7.099   131.9364 2.0136e+03    23.3781     -0.487     -0.705    25.6805 0.0000e+00
     -0.463      0.187     6.9962     85.655     87.098  90.900130     3.6902      7.098   127.1074 2.1556e+03    23.1005     -0.473     -0.686    25.6637 0.0000e+00
     -0.397      0.245     6.9789     85.782     86.975  91.132311    62.1777      7.077   124.7259 1.7991e+03    20.1498     -0.397     -0.575    25.8084 0.0000e+00
     -0.307      0.293     6.9053     86.100     86.831  91.179778   169.3901      7.051   124.2207 1.1094e+03    14.7900     -0.301     -0.437    26.3597 0.0000e+00
     -0.211      0.320     6.8350     86.583     86.659  91.092836   227.4205      7.025   124.6987 9.9939e+02    11.8566     -0.208     -0.303    26.8996 0.0000e+00
     -0.113      0.319     6.7935     87.173     86.514  90.971410   227.4850      7.005   125.7729 1.5870e+03    11.2929     -0.108     -0.156    27.2182 0.0000e+00
     -0.023      0.290     6.7764     87.787     86.462  90.919763   170.1038      6.995   130.9281 1.6290e+03     8.4526     -0.019     -0.028    27.4178 0.0000e+00
      0.054      0.246     6.7915     88.288     86.467  90.913465    64.0530      6.994   136.6116 9.1134e+02     3.4419      0.060      0.087    27.5167 0.0000e+00
      0.111      0.198     6.8256     88.634     86.474  90.895241     6.1805      7.000   135.2956 3.4945e+02     0.7531      0.118      0.171    27.5641 0.0000e+00
      0.146      0.153     6.8717     88.874     86.437  90.826531     0.9202      7.008   132.6552 1.8482e+02     0.5372      0.148      0.215    27.5740 0.0000e+00
      0.168      0.113     6.9264     89.011     86.361  90.718487     0.4516      7.018   133.1656 1.4996e+02     0.6952      0.166      0.240    27.5746 0.0000e+00
      0.186      0.082     6.9676     89.026     86.337  90.669757     0.4139      7.027   134.0677 1.4198e+02     0.9552      0.181      0.262    27.5675 0.0000e+00
      0.204      0.061     6.9937     88.966     86.430  90.745970     0.4060      7.035   134.7001 1.4299e+02     1.0153      0.201      0.291    27.5503 0.0000e+00
      0.219      0.046     7.0158     88.950     86.566  90.876935     0.4061      7.042   135.3057 1.5442e+02     0.9439      0.217      0.315    27.5313 0.0000e+00
      0.229      0.035     7.0296     88.883     86.658  90.981565     0.4150      7.049   135.9688 2.0264e+02     0.8775      0.227      0.329    27.5162 0.0000e+00
      0.234      0.027     7.0319     88.237     86.705  91.057296     0.4139      7.057   136.4371 5.4606e+02     0.7937      0.231      0.335    27.5018 0.0000e+00
      0.237      0.022     7.0236     86.588     86.711  91.093218     0.4013      7.070   136.7523 8.6558e+02     0.7158      0.232      0.336    27.4890 0.0000e+00
      0.239      0.023     7.0222     84.217     86.691  91.098036     0.3882      7.088   137.0262 7.8434e+02     0.6532      0.235      0.339    27.4789 0.0000e+00
      0.243      0.032     7.0357     81.675     86.691  91.115586     0.3885      7.112   137.4262 8.1682e+02     0.6517      0.237      0.343    27.4834 0.0000e+00
      0.248      0.047     7.0013     79.232     86.680  91.114683     0.4042      7.138   137.9750 7.8871e+02     0.6981      0.241      0.350    27.5034 0.0000e+00
      0.258      0.062     6.8553     77.083     86.649  91.087128     0.4115      7.159   138.4128 7.1782e+02     0.7011      0.250      0.363    27.5224 0.0000e+00
      0.278      0.077     6.6455     75.486     86.657  91.100352     0.4104      7.175   138.8477 9.5963e+02     0.6889      0.268      0.388    27.5363 0.0000e+00
      0.308      0.086     6.4402     74.420     86.642  91.083818     0.3990      7.191   139.2754 1.0421e+03     0.7546      0.302      0.437    27.5472 0.0000e+00
      0.338      0.086     6.2446     73.702     86.582  91.014385     0.3659      7.207   139.4542 8.2651e+02     0.8815      0.335      0.485    27.5523 0.0000e+00
      0.363      0.075     6.0613     73.281     86.597  91.023838     0.3343      7.226   139.8048 6.5544e+02     0.9245      0.354      0.514    27.5533 0.0000e+00
      0.386      0.062     5.9379     73.126     86.645  91.070946     0.3250      7.247   140.7617 8.3553e+02     0.8993      0.380      0.551    27.5581 0.0000e+00
      0.401      0.055     5.8626     73.124     86.600  91.011698     0.3365      7.269   141.9897 1.0796e+03     0.9190      0.403      0.585    27.5599 0.0000e+00
      0.400      0.060     5.8049     73.071     86.490  90.879712     0.3489      7.289   142.9517 1.0252e+03     0.9577      0.393      0.570    27.5513 0.0000e+00
      0.395      0.072     5.7736     72.806     86.434  90.810335     0.3498      7.304   143.6177 8.9285e+02     0.9563      0.376      0.547    27.5486 0.0000e+00
      0.410      0.089     5.7631     72.374     86.438  90.808681     0.3468      7.315   144.1043 7.6147e+02     0.9371      0.392      0.569    27.5499 0.0000e+00
      0.447      0.112     5.7709     72.033     86.494  90.859697     0.3382      7.328   144.5334 6.0947e+02     0.9302      0.438      0.634    27.5423 0.0000e+00
      0.492      0.141     5.7738     72.018     86.558  90.918488     0.3295      7.344   146.3959 5.2524e+02     0.9070      0.486      0.705    27.5287 0.0000e+00
      0.532      0.167     5.7522     72.359     86.533  90.883665     0.3327      7.362   149.4169 5.2018e+02     0.8955      0.524      0.759    27.5236 0.0000e+00
      0.569      0.179     5.7094     72.990     86.484  90.820139     0.3351      7.377   150.9464 6.2858e+02     0.9275      0.556      0.806    27.5237 0.0000e+00
      0.614      0.175     5.6742     73.721     86.470  90.786218     0.3332      7.389   152.2412 8.4908e+02     0.9188      0.593      0.860    27.5164 0.0000e+00
      0.674      0.160     5.6754     74.220     86.440  90.727823     0.3359      7.398   154.4030 1.0592e+03     0.8925      0.661      0.959    27.5117 0.0000e+00
      0.733      0.137     5.7037     74.260     86.425  90.686298     0.3428      7.407   155.4030 1.1346e+03     0.9515      0.732      1.061    27.5079 0.0000e+00
      0.768      0.106     5.7578     73.810     86.484  90.729176     0.3490      7.415   155.4698 1.0702e+03     1.0165      0.761      1.103    27.5020 0.0000e+00
      0.783      0.067     5.8294     72.935     86.564  90.801147     0.3445      7.424   155.7265 1.0796e+03     0.9950      0.770      1.117    27.4906 0.0000e+00
      0.787      0.028     5.8767     71.762     86.618  90.857068     0.3389      7.432   156.1844 1.1699e+03     0.9315      0.774      1.122    27.4728 0.0000e+00
      0.785     -0.002     5.8815     70.561     86.650  90.896644     0.3389      7.439   156.6183 1.1826e+03     0.9318      0.772      1.119    27.4578 0.0000e+00
      0.776     -0.020     5.8449     69.706     86.644  90.898167     0.3453      7.446   156.8429 1.1739e+03     0.9986      0.763      1.107    27.4462 0.0000e+00
      0.764     -0.030     5.7738     69.285     86.618  90.875494     0.3578      7.455   157.0068 1.0301e+03     1.0214      0.748      1.085    27.4384 0.0000e+00
      0.754     -0.036     5.6750     69.000     86.616  90.876859     0.3738      7.463   157.2232 8.1145e+02     0.9683      0.740      1.071    27.4387 0.0000e+00
      0.747     -0.040     5.5647     68.589     86.650  90.914674     0.3971      7.473   157.4809 7.5976e+02     0.9035      0.734      1.064    27.4439 0.0000e+00
      0.739     -0.039     5.4929     68.093     86.682  90.951209     0.4057      7.483   157.7992 7.9864e+02     0.8867      0.726      1.052    27.4488 0.0000e+00
      0.727     -0.032     5.4724     67.726     86.665  90.937108     0.3956      7.493   158.1471 8.7563e+02     0.9019      0.714      1.036    27.4516 0.0000e+00
      0.712     -0.020     5.4586     67.609     86.602  90.871346     0.3907      7.503   158.4168 9.3641e+02     0.9166      0.698      1.013    27.4525 0.0000e+00
      0.700     -0.008     5.4235     67.575     86.525  90.791923     0.3968      7.511   157.2753 1.0686e+03     0.9284      0.681      0.987    27.4539 0.0000e+00
      0.700      0.002     5.3762     67.340     86.472  90.739817     0.4112      7.516   154.4975 1.4696e+03     0.9413      0.681      0.986    27.4557 0.0000e+00
      0.715      0.008     5.3423     66.966     86.486  90.750004     0.4151      7.521   152.4496 1.6025e+03     0.9699      0.701      1.015    27.4595 0.0000e+00
      0.730      0.011     5.3372     66.819     86.532  90.787915     0.4101      7.527   151.7866 1.2495e+03     1.0010      0.721      1.046    27.4581 0.0000e+00
      0.734      0.011     5.3490     67.094     86.563  90.816681     0.4088      7.534   151.6445 1.0852e+03     0.9765      0.725      1.052    27.4569 0.0000e+00
      0.727      0.009     5.3270     67.632     86.583  90.843478     0.3993      7.541   151.7628 1.1065e+03     0.9124      0.713      1.034    27.4643 0.0000e+00
      0.720      0.006     5.2821     68.056     86.590  90.857598     0.3869      7.549   152.0126 1.0066e+03     0.8746      0.704      1.022    27.4611 0.0000e+00
      0.720      0.006     5.2670     68.160     86.590  90.860242     0.3848      7.556   152.3420 1.0103e+03     0.8961      0.704      1.021    27.4501 0.0000e+00
      0.725      0.009     5.2920     67.953     86.607  90.875450     0.3979      7.561   152.4756 1.1218e+03     0.9666      0.710      1.030    27.4486 0.0000e+00
      0.734      0.012     5.3501     67.541     86.645  90.914308     0.4120      7.566   152.4232 1.0743e+03     1.0099      0.720      1.044    27.4539 0.0000e+00
      0.742      0.015     5.3874     67.148     86.675  90.948568     0.4145      7.571   152.6548 1.0202e+03     1.0091      0.729      1.058    27.4592 0.0000e+00
      0.745      0.017     5.3936     67.002     86.635  90.908185     0.3943      7.576   152.8669 1.1328e+03     0.9575      0.734      1.064    27.4597 0.0000e+00
      0.742      0.016     5.3766     67.121     86.537  90.807537     0.3505      7.581   152.7510 1.2067e+03     0.8984      0.728      1.056    27.4575 0.0000e+00
      0.741      0.006     5.3361     67.256     86.476  90.748978     0.3261      7.588   152.7164 1.1502e+03     0.8749      0.721      1.045    27.4556 0.0000e+00
      0.751     -0.008     5.2979     67.244     86.500  90.772413     0.3331      7.596   152.8781 1.0412e+03     0.8450      0.733      1.063    27.4582 0.0000e+00
      0.765     -0.011     5.2834     67.359     86.632  90.900145     0.3433      7.606   153.1579 1.0056e+03     0.8445      0.757      1.098    27.4600 0.0000e+00
      0.762      0.011     5.3038     68.180     86.747  91.021690     0.3582      7.617   153.4318 1.0168e+03     0.8685      0.759      1.100    27.4585 0.0000e+00
      0.732      0.056     5.3211     70.006     86.670  90.970317     0.3879      7.629   153.4370 9.4951e+02     0.8964      0.722      1.048    27.4658 0.0000e+00
      0.705      0.106     5.3115     72.370     86.525  90.851300     0.4019      7.643   153.3072 8.6517e+02     0.9074      0.668      0.968    27.4665 0.0000e+00
      0.732      0.149     5.3020     74.504     86.466  90.790803     0.3948      7.653   154.1853 8.2586e+02     0.9000      0.687      0.997    27.4544 0.0000e+00
      0.824      0.171     5.3531     76.046     86.453  90.747511     0.4020      7.660   156.5688 7.9978e+02     0.9092      0.805      1.168    27.4493 0.0000e+00
      0.930      0.160     5.5127     76.896     86.452  90.709314     0.4149      7.668   157.9486 8.0241e+02     0.9153      0.928      1.346    27.4722 0.0000e+00
      1.001      0.104     5.7253     76.905     86.484  90.710409     0.4093      7.677   157.1017 8.1001e+02     0.9399      0.999      1.448    27.5040 0.0000e+00
      1.024      0.009     5.9001     76.072     86.552  90.760708     0.4001      7.686   156.8262 6.9756e+02     0.9681      1.021      1.480    27.5012 0.0000e+00
      1.000     -0.100     6.0236     74.752     86.601  90.808780     0.4125      7.694   157.8012 5.9902e+02     0.9828      0.998      1.447    27.4769 0.0000e+00
      0.931     -0.193     6.1005     73.488     86.559  90.782987     0.4257      7.700   157.9627 7.2931e+02     0.9806      0.920      1.335    27.4545 0.0000e+00
      0.841     -0.255     6.1048     72.622     86.457  90.703213     0.4188      7.703   158.3492 9.0707e+02     0.9413      0.823      1.192    27.4356 0.0000e+00
      0.751     -0.287     6.0298     72.063     86.408  90.670869     0.4033      7.705   159.8076 8.9709e+02     0.9183      0.731      1.060    27.4205 0.0000e+00
      0.676     -0.293     5.9076     71.657     86.446  90.709869     0.3888      7.709   159.6790 1.0622e+03     0.9078      0.658      0.956    27.4181 0.0000e+00
      0.610     -0.281     5.7941     71.522     86.476  90.729682     0.3930      7.713   158.5147 1.3848e+03     0.9168      0.603      0.873    27.4314 0.0000e+00
      0.542     -0.262     5.7296     71.681     86.475  90.719658     0.4040      7.717   158.6360 1.4267e+03     0.9575      0.534      0.774    27.4513 0.0000e+00
      0.472     -0.243     5.6933     71.840     86.473  90.715828     0.4053      7.722   159.3380 1.3437e+03     0.9904      0.459      0.667    27.4656 0.0000e+00
      0.408     -0.224     5.6526     71.702     86.439  90.683370     0.4086      7.726   159.1740 1.5066e+03     1.0073      0.396      0.574    27.4614 0.0000e+00
      0.353     -0.204     5.6401     71.136     86.399  90.645134     0.4113      7.730   159.0612 1.8820e+03     0.9563      0.344      0.499    27.4511 0.0000e+00
      0.305     -0.182     5.6663     70.229     86.386  90.635027     0.4128      7.733   159.9530 1.9005e+03     0.8870      0.297      0.431    27.4463 0.0000e+00
      0.263     -0.163     5.6863     69.171     86.375  90.624756     0.4088      7.736   160.5785 1.6220e+03     0.8860      0.255      0.370    27.4456 0.0000e+00
      0.228     -0.148     5.6796     67.997     86.396  90.648111     0.3969      7.740   161.2044 1.4989e+03     0.9103      0.222      0.322    27.4483 0.0000e+00
      0.198     -0.138     5.6324     66.709     86.469  90.726675     0.3937      7.744   161.4113 1.3686e+03     0.9428      0.195      0.282    27.4519 0.0000e+00
      0.165     -0.125     5.5512     65.487     86.544  90.811670     0.3958      7.748   159.9827 1.2924e+03     0.9710      0.164      0.238    27.4529 0.0000e+00
      0.129     -0.109     5.4689     64.577     86.567  90.849215     0.3972      7.751   158.0418 1.5446e+03     0.9440      0.127      0.184    27.4531 0.0000e+00
      0.094     -0.087     5.3781     64.075     86.506  90.799149     0.3934      7.754   158.5073 1.7748e+03     0.8889      0.090      0.130    27.4547 0.0000e+00
      0.068     -0.060     5.2699     63.858     86.411  90.715021     0.3745      7.758   161.4812 1.6826e+03     0.8513      0.061      0.088    27.4539 0.0000e+00
      0.057     -0.033     5.1651     63.824     86.347  90.658627     0.3527      7.763   163.1108 1.3211e+03     0.8312      0.050      0.072    27.4572 0.0000e+00
      0.059     -0.010     5.0879     64.038     86.322  90.625980     0.3375      7.767   163.0678 8.6067e+02     0.8504      0.055      0.078    27.4670 0.0000e+00
      0.070      0.006     5.0541     64.560     86.357  90.638194     0.3402      7.771   163.0264 7.2856e+02     0.9127      0.068      0.098    27.4750 0.0000e+00
      0.082      0.013     5.0400     65.205     86.418  90.679093     0.3687      7.775   162.9546 1.1491e+03     0.9707      0.085      0.123    27.4833 0.0000e+00
      0.087      0.011     5.0330     65.649     86.427  90.675371     0.4072      7.777   163.0604 1.7251e+03     1.0052      0.090      0.130    27.4950 0.0000e+00
