Data/DataNotYetUploadedToEDI/Raw_CTD/RawDownloads/070722_ccr07_0004.cnv
* Sea-Bird SBE19plus  Data File:
* FileName = C:\R\Reservoirs\Data\DataNotYetUploadedToEDI\Raw_CTD\RawDownloads\070722_ccr50_SBE19plus01907809_0004.hex
* Software version 2.8.0.119
* Temperature SN = 7809
* Conductivity SN = 7809
* System UpLoad Time = Jul 07 2022 15:45:28
* <ApplicationData>
* <Seaterm232>
# nquan = 15
# nvalues = 302                         
# units = specified
# name 0 = depFM: Depth [fresh water, m]
# name 1 = dz/dtM: Descent Rate [m/s]
# name 2 = sbeox0Mg/L: Oxygen, SBE 43 [mg/l]
# name 3 = sbeox0PS: Oxygen, SBE 43 [% saturation]
# name 4 = specc: Specific Conductance [uS/cm]
# name 5 = c0uS/cm: Conductivity [uS/cm]
# name 6 = flECO-AFL: Fluorescence, WET Labs ECO-AFL/FL [mg/m^3]
# name 7 = ph: pH
# name 8 = orp: Oxidation Reduction Potential [mV]
# name 9 = par/sat/log: PAR/Logarithmic, Satlantic
# name 10 = turbWETntu0: Turbidity, WET Labs ECO [NTU]
# name 11 = prdM: Pressure, Strain Gauge [db]
# name 12 = prdE: Pressure, Strain Gauge [psi]
# name 13 = tv290C: Temperature [ITS-90, deg C]
# name 14 = flag:  0.000e+00
# span 0 =     -0.490,      0.860       
# span 1 =     -0.414,      0.240       
# span 2 =     3.4977,     6.7946       
# span 3 =     44.359,     84.624       
# span 4 =     20.515,     92.249       
# span 5 =  21.574018,  97.632013       
# span 6 =    -1.7498,   227.9862       
# span 7 =      7.823,      8.105       
# span 8 =   131.7713,   185.5312       
# span 9 = 9.7988e+01, 2.5662e+03       
# span 10 =    -4.0042,    48.0446      
# span 11 =     -0.482,      0.845      
# span 12 =     -0.700,      1.225      
# span 13 =    26.9586,    28.2880      
# span 14 = 0.0000e+00, 0.0000e+00      
# interval = seconds: 0.25
# start_time = Jul 07 2022 08:10:25 [Instrument's time stamp, header]
# bad_flag = -9.990e-29
*END*
[from data line 193]
      0.341      0.092     5.4563     70.877     90.642  95.526580     2.7692      7.884   169.4099 1.1311e+03    10.6098      0.334      0.485    27.7486 0.0000e+00
      0.367      0.100     5.4834     71.130     90.657  95.512624     2.8840      7.886   169.5439 1.0114e+03    11.2292      0.361      0.524    27.7374 0.0000e+00
      0.394      0.107     5.5140     71.281     90.696  95.518494     2.9372      7.889   169.9601 8.7991e+02    11.5555      0.386      0.560    27.7226 0.0000e+00
      0.420      0.113     5.5499     71.309     90.750  95.533912     2.9455      7.891   170.3121 7.9959e+02    11.5825      0.410      0.595    27.7050 0.0000e+00
      0.448      0.118     5.5808     71.266     90.829  95.571768     2.9766      7.891   170.6161 7.5351e+02    11.5903      0.438      0.636    27.6876 0.0000e+00
      0.480      0.122     5.6005     71.219     90.895  95.594551     3.0051      7.890   170.6250 7.1938e+02    11.6159      0.470      0.682    27.6724 0.0000e+00
      0.515      0.123     5.6170     71.133     90.961  95.618509     3.0074      7.890   170.6782 6.6842e+02    11.6184      0.505      0.733    27.6536 0.0000e+00
      0.549      0.121     5.6195     70.956     91.056  95.670567     3.0046      7.891   171.0868 6.2059e+02    11.6208      0.540      0.782    27.6297 0.0000e+00
      0.581      0.117     5.6146     70.672     91.145  95.715121     2.9966      7.892   171.4363 5.6858e+02    11.6098      0.571      0.828    27.6045 0.0000e+00
      0.611      0.112     5.6169     70.302     91.247  95.775540     2.9768      7.892   171.4614 5.2865e+02    11.5547      0.600      0.871    27.5785 0.0000e+00
      0.636      0.110     5.6132     69.886     91.398  95.892223     2.9653      7.891   171.4769 5.1431e+02    11.5357      0.624      0.906    27.5542 0.0000e+00
      0.660      0.110     5.6028     69.449     91.578  96.044683     2.9652      7.889   171.7960 4.9579e+02    11.5504      0.646      0.937    27.5278 0.0000e+00
      0.685      0.111     5.5822     68.988     91.718  96.156066     2.9919      7.887   172.3075 4.7192e+02    11.5962      0.671      0.974    27.4993 0.0000e+00
      0.713      0.112     5.5546     68.498     91.814  96.221288     3.0386      7.885   172.9291 4.4926e+02    11.6791      0.698      1.012    27.4733 0.0000e+00
      0.746      0.109     5.5225     67.919     91.939  96.324423     3.0645      7.884   173.3759 4.1767e+02    11.6979      0.730      1.059    27.4509 0.0000e+00
      0.780      0.101     5.4909     67.198     92.080  96.449010     3.0720      7.883   173.3215 3.8571e+02    11.6524      0.768      1.113    27.4326 0.0000e+00
      0.810      0.087     5.4558     66.434     92.167  96.519219     3.0450      7.883   172.9592 3.6367e+02    11.5397      0.796      1.155    27.4131 0.0000e+00
      0.832      0.069     5.4199     65.694     92.202  96.537271     2.9882      7.883   172.8679 3.4416e+02    11.3605      0.819      1.188    27.3919 0.0000e+00
      0.845      0.049     5.3811     64.945     92.216  96.540041     2.9594      7.882   172.9917 3.3036e+02    11.2625      0.833      1.207    27.3767 0.0000e+00
      0.850      0.032     5.3180     64.196     92.235  96.552691     2.9549      7.880   172.9938 3.2412e+02    11.2769      0.834      1.210    27.3658 0.0000e+00
      0.852      0.019     5.2572     63.536     92.249  96.563007     2.9420      7.879   172.9792 3.2248e+02    11.2953      0.836      1.212    27.3540 0.0000e+00
      0.853      0.011     5.2022     63.040     92.224  96.537568     2.9123      7.877   173.0735 3.2496e+02    11.2792      0.837      1.214    27.3433 0.0000e+00
      0.855      0.007     5.1431     62.662     92.186  96.499513     2.8873      7.877   173.3593 3.2603e+02    11.2527      0.839      1.217    27.3367 0.0000e+00
      0.857      0.005     5.0813     62.356     92.170  96.484500     2.8811      7.877   173.6812 3.2662e+02    11.2486      0.840      1.219    27.3334 0.0000e+00
      0.859      0.004     5.0257     62.217     92.168  96.483248     2.8787      7.877   173.7815 3.3041e+02    11.3321      0.842      1.221    27.3312 0.0000e+00
      0.859      0.003     4.9887     62.297     92.168  96.484374     2.9083      7.877   173.7975 3.3363e+02    11.5106      0.843      1.222    27.3313 0.0000e+00
      0.860      0.002     4.9619     62.451     92.181  96.498114     2.9726      7.878   173.8746 3.3667e+02    11.6656      0.844      1.224    27.3335 0.0000e+00
      0.860      0.001     4.9334     62.582     92.206  96.522178     3.0062      7.878   174.0259 3.4045e+02    11.7366      0.845      1.225    27.3342 0.0000e+00
      0.860     -0.001     4.9176     62.686     92.209  96.520926     3.0077      7.878   174.3365 3.4446e+02    11.7196      0.844      1.224    27.3341 0.0000e+00
      0.860     -0.002     4.9330     62.790     92.175  96.482965     3.0148      7.878   174.6185 3.4729e+02    11.6998      0.843      1.222    27.3353 0.0000e+00
      0.860     -0.004     4.9457     62.921     92.139  96.444794     3.0178      7.878   174.8547 3.4829e+02    11.8052      0.843      1.223    27.3354 0.0000e+00
      0.859     -0.006     4.9567     63.066     92.133  96.441013     3.0105      7.877   175.2996 3.4517e+02    11.9344      0.842      1.221    27.3338 0.0000e+00
      0.857     -0.006     4.9643     63.199     92.125  96.437262     3.0098      7.876   175.6087 3.3526e+02    11.9646      0.840      1.218    27.3317 0.0000e+00
      0.854     -0.006     4.9710     63.346     92.085  96.399443     3.0420      7.876   175.5809 3.1948e+02    11.9310      0.839      1.217    27.3291 0.0000e+00
      0.851     -0.006     4.9830     63.534     92.049  96.365351     3.1090      7.875   175.5664 2.9723e+02    11.9379      0.835      1.211    27.3286 0.0000e+00
      0.850     -0.006     4.9945     63.651     92.084  96.406671     3.1618      7.874   175.6059 2.7773e+02    11.9804      0.832      1.207    27.3313 0.0000e+00
      0.850     -0.009     5.0056     63.664     92.186  96.517442     3.1812      7.871   175.7994 2.6935e+02    11.9661      0.832      1.207    27.3345 0.0000e+00
      0.851     -0.014     5.0117     63.684     92.231  96.559867     3.1607      7.868   176.1864 2.7300e+02    11.9016      0.834      1.210    27.3363 0.0000e+00
      0.850     -0.018     5.0342     63.746     92.221  96.538018     3.1052      7.864   176.8420 2.9036e+02    11.8142      0.836      1.212    27.3372 0.0000e+00
      0.844     -0.020     5.0443     63.746     92.202  96.507648     3.0686      7.861   177.8764 3.1889e+02    11.7302      0.831      1.204    27.3399 0.0000e+00
      0.831     -0.020     5.0388     63.555     92.147  96.447055     3.0585      7.858   178.4546 3.5388e+02    11.6715      0.814      1.180    27.3453 0.0000e+00
      0.821     -0.019     5.0406     63.225     92.138  96.441404     3.0253      7.856   178.2399 3.8218e+02    11.5829      0.802      1.163    27.3424 0.0000e+00
      0.816     -0.024     5.0485     62.920     92.134  96.439326     2.9665      7.854   177.9483 3.9292e+02    11.4783      0.798      1.158    27.3327 0.0000e+00
      0.817     -0.037     5.0562     62.740     91.996  96.294732     2.9382      7.852   177.8533 4.0214e+02    11.4317      0.799      1.158    27.3269 0.0000e+00
      0.821     -0.062     5.0378     62.695     91.797  96.092351     2.9492      7.851   177.8667 4.2286e+02    11.4298      0.810      1.175    27.3255 0.0000e+00
      0.815     -0.100     5.0054     62.740     91.659  95.963967     2.9915      7.851   178.0240 4.4447e+02    11.5234      0.809      1.172    27.3291 0.0000e+00
      0.786     -0.145     4.9791     62.968     91.564  95.887279     3.0505      7.852   178.3778 4.8245e+02    11.7095      0.777      1.125    27.3313 0.0000e+00
      0.738     -0.185     4.9636     63.528     91.452  95.801154     3.0793      7.852   178.7898 5.6838e+02    11.8012      0.729      1.057    27.3285 0.0000e+00
      0.673     -0.208     4.9641     64.386     91.303  95.685872     3.0740      7.852   179.0476 6.7110e+02    11.7443      0.666      0.965    27.3305 0.0000e+00
      0.595     -0.205     4.9639     65.416     91.150  95.574655     3.0284      7.851   179.1721 7.4832e+02    11.6355      0.582      0.845    27.3409 0.0000e+00
      0.522     -0.179     4.9726     66.498     91.063  95.537697     2.9607      7.851   179.2616 8.0470e+02    11.5450      0.503      0.729    27.3532 0.0000e+00
      0.472     -0.139     5.0194     67.513     91.033  95.557096     2.9296      7.852   179.2698 8.5198e+02    11.5032      0.451      0.655    27.3690 0.0000e+00
      0.452     -0.094     5.0889     68.428     90.998  95.554895     2.9349      7.854   179.3573 8.8401e+02    11.4728      0.438      0.635    27.3923 0.0000e+00
      0.451     -0.051     5.1702     69.212     90.938  95.511140     2.9494      7.855   179.7176 8.5649e+02    11.4164      0.443      0.641    27.4184 0.0000e+00
      0.455     -0.017     5.2582     69.805     90.889  95.473262     2.9559      7.855   180.0985 7.8319e+02    11.3678      0.448      0.649    27.4502 0.0000e+00
      0.457      0.003     5.3343     70.213     90.884  95.478528     2.9550      7.855   180.3494 7.6917e+02    11.3288      0.450      0.652    27.4826 0.0000e+00
      0.457      0.012     5.4056     70.478     90.912  95.511226     2.9554      7.856   180.5144 7.8716e+02    11.2537      0.448      0.648    27.5002 0.0000e+00
      0.458      0.014     5.4700     70.635     90.955  95.550627     2.9442      7.857   180.5439 7.5033e+02    11.1763      0.447      0.649    27.5085 0.0000e+00
      0.464      0.012     5.5146     70.698     90.986  95.573328     2.9614      7.858   180.5330 7.5586e+02    11.2131      0.454      0.658    27.5163 0.0000e+00
      0.473      0.009     5.5451     70.676     91.015  95.594893     3.0298      7.859   180.6411 8.1001e+02    11.3904      0.464      0.672    27.5232 0.0000e+00
      0.479      0.008     5.5649     70.571     91.047  95.620559     3.0719      7.860   180.8195 7.8877e+02    11.5104      0.472      0.684    27.5252 0.0000e+00
      0.479      0.007     5.5773     70.365     91.064  95.629249     3.0718      7.862   180.9691 7.3683e+02    11.5019      0.472      0.686    27.5209 0.0000e+00
      0.472      0.003     5.5829     70.087     91.084  95.636349     3.0608      7.863   180.9873 7.1583e+02    11.4927      0.461      0.668    27.5143 0.0000e+00
      0.468     -0.003     5.5810     69.826     91.104  95.642780     3.0395      7.863   180.8675 7.3531e+02    11.5015      0.452      0.657    27.5089 0.0000e+00
      0.473     -0.009     5.5746     69.627     91.115  95.643386     3.0221      7.864   180.8965 7.7256e+02    11.5066      0.463      0.672    27.5051 0.0000e+00
      0.480     -0.011     5.5580     69.445     91.122  95.643669     3.0164      7.866   181.0796 7.5141e+02    11.5198      0.477      0.690    27.5003 0.0000e+00
      0.476     -0.009     5.5338     69.260     91.128  95.646188     3.0294      7.868   181.1889 7.2830e+02    11.5247      0.471      0.683    27.4930 0.0000e+00
      0.462     -0.007     5.5116     69.096     91.156  95.673837     3.0535      7.869   181.2721 7.7098e+02    11.4974      0.451      0.656    27.4837 0.0000e+00
      0.452     -0.008     5.4997     68.976     91.209  95.723571     3.0584      7.869   181.2251 7.7954e+02    11.4627      0.437      0.634    27.4780 0.0000e+00
      0.453     -0.010     5.4860     68.941     91.237  95.738722     3.0559      7.869   181.1368 7.2638e+02    11.4468      0.440      0.637    27.4745 0.0000e+00
      0.463     -0.010     5.4699     68.983     91.246  95.729798     3.0644      7.870   181.3238 7.1678e+02    11.4076      0.457      0.663    27.4716 0.0000e+00
      0.468     -0.006     5.4577     69.035     91.275  95.742843     3.0704      7.871   181.5924 7.3300e+02    11.3302      0.466      0.675    27.4720 0.0000e+00
      0.460      0.003     5.4457     69.026     91.311  95.769232     3.0782      7.871   181.7171 7.3687e+02    11.2974      0.455      0.659    27.4702 0.0000e+00
      0.446      0.013     5.4444     68.935     91.345  95.794445     3.0841      7.871   181.8852 7.4913e+02    11.2843      0.435      0.629    27.4614 0.0000e+00
      0.441      0.023     5.4510     68.783     91.352  95.793280     3.0590      7.872   182.1626 7.4732e+02    11.2402      0.425      0.617    27.4491 0.0000e+00
      0.454      0.033     5.4585     68.594     91.321  95.755130     3.0150      7.872   182.3174 7.5101e+02    11.2087      0.439      0.638    27.4396 0.0000e+00
      0.479      0.039     5.4588     68.403     91.281  95.714762     2.9930      7.872   182.4664 7.5829e+02    11.2100      0.470      0.683    27.4346 0.0000e+00
      0.504      0.039     5.4511     68.254     91.246  95.686791     2.9933      7.873   182.6744 7.5658e+02    11.2214      0.500      0.724    27.4291 0.0000e+00
      0.515      0.034     5.4391     68.189     91.219  95.671334     3.0011      7.874   182.7667 7.8047e+02    11.1761      0.511      0.741    27.4233 0.0000e+00
      0.514      0.022     5.4237     68.233     91.193  95.655088     3.0122      7.874   182.8941 7.9955e+02    11.0726      0.506      0.734    27.4200 0.0000e+00
      0.507      0.004     5.4071     68.340     91.147  95.617581     3.0206      7.874   182.9239 7.6941e+02    10.9940      0.495      0.717    27.4201 0.0000e+00
      0.507     -0.020     5.3938     68.440     91.121  95.599451     3.0271      7.873   182.5245 7.3941e+02    10.9771      0.494      0.717    27.4261 0.0000e+00
      0.513     -0.050     5.3864     68.517     91.138  95.626691     3.0244      7.872   181.5061 7.4421e+02    11.0398      0.506      0.735    27.4338 0.0000e+00
      0.513     -0.080     5.3908     68.600     91.131  95.628962     3.0127      7.870   180.1613 7.5461e+02    11.1363      0.511      0.742    27.4402 0.0000e+00
      0.490     -0.106     5.4022     68.724     91.058  95.563336     3.0107      7.869   179.3437 7.3626e+02    11.1883      0.490      0.710    27.4461 0.0000e+00
      0.444     -0.125     5.4088     68.878     90.948  95.469206     3.0088      7.867   179.0188 7.0467e+02    11.2234      0.441      0.638    27.4502 0.0000e+00
      0.386     -0.134     5.4143     69.047     90.832  95.381258     2.9893      7.864   178.7283 6.9187e+02    11.3223      0.374      0.543    27.4562 0.0000e+00
      0.337     -0.138     5.4180     69.240     90.742  95.326778     2.9173      7.863   178.4983 6.6422e+02    11.4621      0.321      0.465    27.4624 0.0000e+00
      0.309     -0.148     5.4283     69.445     90.694  95.319349     2.8028      7.863   178.3891 6.5451e+02    11.5470      0.298      0.432    27.4657 0.0000e+00
      0.295     -0.176     5.4411     69.721     90.743  95.418707     2.7456      7.865   178.8702 6.8423e+02    11.6310      0.289      0.420    27.4753 0.0000e+00
      0.280     -0.224     5.4500     70.134     90.954  95.701414     2.7669      7.867   178.5510 8.4747e+02    12.4444      0.285      0.414    27.4959 0.0000e+00
      0.235     -0.289     5.4656     70.579     91.166  96.002909     3.1020      7.868   178.0574 1.2690e+03    21.7231      0.252      0.365    27.5204 0.0000e+00
      0.141     -0.355     5.4775     70.850     91.152  96.075040     3.7347      7.870   179.8711 1.6688e+03    38.7964      0.150      0.217    27.5420 0.0000e+00
      0.012     -0.402     5.4921     70.735     90.961  95.937712     4.0744      7.872   179.9168 1.5368e+03    48.0446      0.015      0.022    27.5678 0.0000e+00
     -0.129     -0.414     5.5266     70.193     90.761  95.741777     4.0626      7.875   177.9216 1.1886e+03    48.0070     -0.128     -0.185    27.5992 0.0000e+00
     -0.262     -0.384     5.5626     69.480     90.678  95.614002     3.7087      7.879   179.1503 1.2419e+03    38.2738     -0.269     -0.390    27.6423 0.0000e+00
