Data/DataNotYetUploadedToEDI/Raw_CTD/RawDownloads/070725_fcr20_S7809008.cnv
* Sea-Bird SBE19plus  Data File:
* FileName = C:\R\Reservoirs\Data\DataNotYetUploadedToEDI\Raw_CTD\RawDownloads\070325_fcr50_S7809_0008.hex
* Software version 2.8.0.119
* Temperature SN = 7809
* Conductivity SN = 7809
* System UpLoad Time = Jul 07 2025 16:22:54
* <ApplicationData>
* <Seaterm232>
# nquan = 15
# nvalues = 1818                        
# units = specified
# name 0 = depFM: Depth [fresh water, m]
# name 1 = dz/dtM: Descent Rate [m/s]
# name 2 = sbeox0Mg/L: Oxygen, SBE 43 [mg/l]
# name 3 = sbeox0PS: Oxygen, SBE 43 [% saturation]
# name 4 = specc: Specific Conductance [uS/cm]
# name 5 = c0uS/cm: Conductivity [uS/cm]
# name 6 = flECO-AFL: Fluorescence, WET Labs ECO-AFL/FL [mg/m^3]
# name 7 = ph: pH
# name 8 = orp: Oxidation Reduction Potential [mV]
# name 9 = par/sat/log: PAR/Logarithmic, Satlantic
# name 10 = turbWETntu0: Turbidity, WET Labs ECO [NTU]
# name 11 = prdM: Pressure, Strain Gauge [db]
# name 12 = prdE: Pressure, Strain Gauge [psi]
# name 13 = tv290C: Temperature [ITS-90, deg C]
# name 14 = flag:  0.000e+00
# span 0 =     -0.633,      3.332       
# span 1 =     -3.857,      0.206       
# span 2 =     0.0134,     7.6812       
# span 3 =      0.180,     95.716       
# span 4 =      1.158,     97.384       
# span 5 =   1.165027,  76.331790       
# span 6 =    -0.0876,   227.6222       
# span 7 =      7.763,      9.297       
# span 8 =   -80.7334,   207.9296       
# span 9 = 1.3203e-01, 2.4517e+03       
# span 10 =    -4.0920,   288.6164      
# span 11 =     -0.623,      3.269      
# span 12 =     -0.903,      4.741      
# span 13 =    13.9815,    28.4094      
# span 14 = 0.0000e+00, 0.0000e+00      
# interval = seconds: 0.25
# start_time = Jul 07 2025 12:45:51 [Instrument's time stamp, header]
# bad_flag = -9.990e-29
*END*
[from data line 1254]
      2.659      0.017     0.3227      2.375     62.665  52.620053     4.8476      8.350   206.4683 4.8671e+01    15.9026      2.609      3.784    17.0468 0.0000e+00
      2.663      0.017     0.2847      2.413     62.464  52.421448     4.8295      8.349   206.4047 4.8270e+01    16.0540      2.613      3.789    17.0468 0.0000e+00
      2.667      0.017     0.2512      2.464     62.049  52.051604     4.8321      8.347   206.3408 4.7847e+01    16.1523      2.615      3.793    17.0325 0.0000e+00
      2.671      0.018     0.2302      2.490     61.499  51.577404     4.8213      8.344   206.2982 4.7412e+01    15.8954      2.620      3.800    17.0080 0.0000e+00
      2.674      0.021     0.2254      2.487     61.199  51.323454     4.7828      8.341   206.3195 4.6915e+01    15.4075      2.623      3.804    16.9800 0.0000e+00
      2.679      0.025     0.2338      2.437     62.944  52.791117     4.7404      8.338   206.3405 4.6124e+01    15.1712      2.627      3.810    16.9549 0.0000e+00
      2.686      0.031     0.2393      2.322     67.598  56.684707     4.7165      8.336   206.2941 4.4906e+01    15.1904      2.633      3.818    16.9375 0.0000e+00
      2.694      0.037     0.2416      2.171     72.483  60.737461     4.7103      8.333   206.3610 4.3559e+01    15.2305      2.642      3.832    16.9256 0.0000e+00
      2.704      0.041     0.2421      2.019     74.806  62.600597     4.6735      8.330   206.4610 4.1877e+01    15.3825      2.650      3.845    16.9249 0.0000e+00
      2.717      0.044     0.2386      1.885     75.193  62.821476     4.5966      8.327   206.3855 3.9413e+01    15.6621      2.662      3.862    16.9337 0.0000e+00
      2.732      0.044     0.2260      1.800     75.927  63.344485     4.5371      8.321   206.3072 3.7101e+01    15.7759      2.681      3.889    16.9341 0.0000e+00
      2.745      0.044     0.2094      1.740     77.515  64.603525     4.4875      8.312   206.2883 3.5682e+01    15.6657      2.694      3.908    16.9057 0.0000e+00
      2.753      0.043     0.1963      1.660     78.928  65.717672     4.4045      8.303   206.1571 3.4556e+01    15.6272      2.701      3.916    16.8442 0.0000e+00
      2.762      0.043     0.1800      1.552     79.609  66.203929     4.2999      8.293   205.9261 3.3003e+01    15.7207      2.707      3.925    16.7641 0.0000e+00
      2.773      0.043     0.1743      1.404     79.896  66.352312     4.2467      8.278   205.7322 3.1239e+01    15.7715      2.719      3.943    16.7023 0.0000e+00
      2.785      0.044     0.1708      1.234     80.386  66.685537     4.2439      8.262   205.5337 2.9861e+01    15.6604      2.732      3.962    16.6671 0.0000e+00
      2.795      0.045     0.1618      1.057     80.983  67.118994     4.2157      8.246   205.2467 2.8565e+01    15.2654      2.740      3.974    16.6336 0.0000e+00
      2.808      0.045     0.1536      0.888     81.399  67.398948     4.1389      8.231   204.6708 2.7128e+01    14.7532      2.753      3.992    16.5800 0.0000e+00
      2.822      0.045     0.1375      0.750     81.940  67.782575     4.0728      8.220   203.3884 2.6078e+01    14.5237      2.768      4.015    16.5136 0.0000e+00
      2.832      0.044     0.1208      0.648     82.827  68.452643     4.0741      8.213   201.2711 2.5461e+01    14.5734      2.778      4.029    16.4720 0.0000e+00
      2.842      0.043     0.1034      0.572     83.677  69.081780     4.1122      8.209   198.6018 2.4784e+01    14.5004      2.785      4.040    16.4392 0.0000e+00
      2.852      0.041     0.0855      0.527     84.187  69.415257     4.1351      8.206   195.6350 2.3942e+01    14.2219      2.796      4.056    16.3953 0.0000e+00
      2.864      0.040     0.0718      0.514     84.559  69.624585     4.1179      8.203   191.9003 2.3164e+01    14.0067      2.808      4.074    16.3565 0.0000e+00
      2.874      0.038     0.0633      0.511     85.086  69.960140     4.0958      8.202   186.0546 2.2477e+01    13.8455      2.818      4.087    16.3216 0.0000e+00
      2.884      0.036     0.0547      0.501     85.687  70.357960     4.0833      8.203   178.3851 2.1798e+01    13.6052      2.827      4.100    16.2785 0.0000e+00
      2.893      0.033     0.0505      0.490     86.118  70.620954     4.0501      8.205   171.2697 2.1207e+01    13.3900      2.838      4.116    16.2252 0.0000e+00
      2.901      0.031     0.0502      0.495     86.490  70.851724     4.0446      8.208   165.8436 2.0769e+01    13.3614      2.846      4.128    16.1655 0.0000e+00
      2.907      0.029     0.0510      0.509     86.958  71.177689     4.0662      8.212   161.6481 2.0349e+01    13.3624      2.850      4.135    16.1069 0.0000e+00
      2.913      0.027     0.0499      0.520     87.429  71.511147     4.0617      8.216   158.2284 1.9831e+01    13.1289      2.857      4.144    16.0517 0.0000e+00
      2.921      0.025     0.0470      0.529     87.810  71.768913     4.0402      8.219   155.4695 1.9270e+01    12.7585      2.865      4.155    15.9950 0.0000e+00
      2.928      0.024     0.0489      0.540     88.163  72.005965     4.0145      8.223   152.8988 1.8764e+01    12.5725      2.871      4.164    15.9508 0.0000e+00
      2.935      0.023     0.0503      0.550     88.559  72.279627     3.9922      8.227   150.0323 1.8370e+01    12.5546      2.878      4.174    15.9223 0.0000e+00
      2.940      0.020     0.0517      0.570     88.779  72.407946     3.9862      8.231   146.7945 1.8060e+01    12.5421      2.884      4.182    15.8937 0.0000e+00
      2.945      0.018     0.0519      0.594     88.772  72.349646     4.0004      8.235   143.0895 1.7827e+01    12.5568      2.889      4.189    15.8619 0.0000e+00
      2.949      0.017     0.0539      0.605     88.811  72.337455     4.0142      8.239   139.2225 1.7699e+01    12.5961      2.892      4.195    15.8322 0.0000e+00
      2.952      0.017     0.0540      0.604     88.916  72.387626     4.0117      8.243   135.5728 1.7627e+01    12.5737      2.895      4.198    15.8064 0.0000e+00
      2.954      0.017     0.0562      0.595     89.026  72.447700     3.9870      8.245   132.0856 1.7492e+01    12.4564      2.897      4.201    15.7765 0.0000e+00
      2.959      0.016     0.0598      0.582     89.194  72.555225     3.9319      8.248   128.4640 1.7130e+01    12.2719      2.901      4.207    15.7438 0.0000e+00
      2.966      0.015     0.0601      0.561     89.371  72.670610     3.8871      8.252   124.9085 1.6705e+01    12.0843      2.909      4.220    15.7194 0.0000e+00
      2.972      0.015     0.0606      0.538     89.518  72.762137     3.8937      8.255   121.8784 1.6545e+01    12.0658      2.916      4.229    15.7013 0.0000e+00
      2.975      0.016     0.0590      0.529     89.718  72.899038     3.9291      8.259   119.1876 1.6563e+01    12.1171      2.917      4.231    15.6846 0.0000e+00
      2.975      0.018     0.0582      0.528     90.180  73.245188     3.9408      8.262   116.6374 1.6532e+01    11.9872      2.917      4.231    15.6690 0.0000e+00
      2.976      0.021     0.0562      0.521     90.725  73.641808     3.9015      8.264   114.3613 1.6304e+01    11.7256      2.917      4.230    15.6527 0.0000e+00
      2.981      0.025     0.0523      0.510     90.938  73.753185     3.8458      8.266   112.3159 1.5688e+01    11.5157      2.921      4.237    15.6371 0.0000e+00
      2.992      0.028     0.0524      0.502     90.942  73.701803     3.8246      8.267   110.0618 1.4768e+01    11.3969      2.932      4.254    15.6231 0.0000e+00
      3.004      0.030     0.0530      0.497     91.085  73.783329     3.8613      8.269   107.4122 1.3984e+01    11.2111      2.946      4.274    15.6106 0.0000e+00
      3.013      0.030     0.0519      0.493     91.433  74.039594     3.9317      8.272   104.8865 1.3500e+01    10.9422      2.956      4.287    15.5868 0.0000e+00
      3.019      0.029     0.0505      0.494     91.748  74.257416     3.9687      8.275   102.6683 1.3171e+01    10.8106      2.962      4.296    15.5456 0.0000e+00
      3.023      0.027     0.0498      0.505     91.894  74.319102     3.9672      8.278   100.6403 1.2876e+01    10.7816      2.965      4.300    15.5119 0.0000e+00
      3.028      0.026     0.0497      0.519     91.929  74.276790     3.9463      8.282    98.8639 1.2402e+01    10.5572      2.968      4.306    15.4964 0.0000e+00
      3.034      0.026     0.0492      0.529     91.839  74.127173     3.8993      8.285    97.1934 1.1727e+01    10.1816      2.975      4.316    15.4880 0.0000e+00
      3.042      0.026     0.0488      0.539     91.665  73.908570     3.8740      8.290    95.5845 1.1002e+01     9.9986      2.983      4.327    15.4691 0.0000e+00
      3.050      0.026     0.0502      0.547     91.546  73.731439     3.8979      8.294    93.8660 1.0293e+01    10.0866      2.991      4.340    15.4361 0.0000e+00
      3.059      0.025     0.0526      0.546     91.528  73.638233     3.9469      8.298    91.9030 9.7352e+00    10.1517      3.001      4.351    15.3962 0.0000e+00
      3.065      0.022     0.0525      0.545     91.576  73.607947     3.9917      8.303    90.0030 9.3953e+00    10.0680      3.006      4.360    15.3526 0.0000e+00
      3.070      0.020     0.0540      0.540     91.666  73.619452     3.9906      8.306    88.3597 9.1738e+00     9.9971      3.011      4.367    15.3126 0.0000e+00
      3.074      0.018     0.0557      0.535     91.770  73.650127     3.9497      8.307    87.0042 8.9327e+00     9.9097      3.014      4.372    15.2668 0.0000e+00
      3.077      0.016     0.0543      0.542     91.910  73.724492     3.9219      8.311    85.7461 8.6256e+00     9.8309      3.017      4.376    15.2194 0.0000e+00
      3.080      0.015     0.0550      0.543     92.063  73.819270     3.9120      8.316    84.4192 8.3104e+00     9.8306      3.021      4.381    15.1857 0.0000e+00
      3.085      0.013     0.0546      0.513     92.131  73.842494     3.9053      8.319    83.1783 8.0254e+00     9.8376      3.025      4.387    15.1515 0.0000e+00
      3.089      0.010     0.0527      0.483     92.146  73.814542     3.9079      8.321    82.1002 7.8098e+00     9.8473      3.030      4.393    15.1197 0.0000e+00
      3.093      0.007     0.0547      0.480     92.178  73.799109     3.9103      8.324    81.1064 7.7502e+00     9.8793      3.033      4.399    15.1014 0.0000e+00
      3.094      0.005     0.0565      0.471     92.193  73.782984     3.9003      8.326    80.1101 7.9050e+00     9.7457      3.035      4.402    15.0890 0.0000e+00
      3.093      0.005     0.0518      0.464     92.151  73.746693     3.8876      8.327    79.1743 8.1648e+00     9.4622      3.034      4.400    15.0733 0.0000e+00
      3.092      0.006     0.0461      0.474     92.130  73.741734     3.8818      8.329    78.3957 8.3203e+00     9.3546      3.031      4.396    15.0500 0.0000e+00
      3.092      0.008     0.0498      0.476     92.265  73.850185     3.8960      8.332    77.5800 8.2721e+00     9.4012      3.031      4.395    15.0248 0.0000e+00
      3.094      0.011     0.0474      0.476     92.617  74.104400     3.9185      8.335    76.7104 8.0862e+00     9.4789      3.034      4.401    15.0061 0.0000e+00
      3.099      0.015     0.0452      0.484     93.137  74.463253     3.9117      8.338    75.9690 7.8545e+00     9.5439      3.039      4.408    15.0062 0.0000e+00
      3.105      0.016     0.0489      0.485     93.843  74.946810     3.8806      8.341    75.3269 7.5869e+00     9.5031      3.045      4.416    15.0197 0.0000e+00
      3.110      0.016     0.0481      0.475     94.740  75.564356     3.8417      8.343    74.7117 7.3276e+00     9.3609      3.050      4.424    15.0237 0.0000e+00
      3.115      0.015     0.0472      0.481     95.527  76.080909     3.7915      8.346    74.0375 7.1427e+00     9.1225      3.055      4.431    15.0078 0.0000e+00
      3.119      0.012     0.0490      0.499     95.945  76.296883     3.7479      8.349    73.2838 7.0301e+00     8.8758      3.059      4.437    14.9763 0.0000e+00
      3.121      0.010     0.0504      0.500     96.125  76.331790     3.7478      8.352    72.3951 6.9711e+00     8.8375      3.061      4.439    14.9321 0.0000e+00
      3.122      0.010     0.0465      0.491     96.211  76.312104     3.7734      8.356    71.2945 6.9081e+00     8.8988      3.061      4.440    14.8785 0.0000e+00
      3.123      0.010     0.0481      0.493     96.136  76.185912     3.7993      8.360    70.1289 6.8122e+00     8.8313      3.062      4.441    14.8199 0.0000e+00
      3.125      0.011     0.0518      0.503     95.897  75.950348     3.8038      8.362    69.0561 6.7072e+00     8.6698      3.064      4.444    14.7552 0.0000e+00
      3.128      0.013     0.0511      0.509     95.525  75.625511     3.7685      8.364    68.0471 6.5722e+00     8.5868      3.067      4.449    14.6965 0.0000e+00
      3.131      0.016     0.0491      0.497     95.081  75.246403     3.7472      8.367    67.0488 6.4179e+00     8.6126      3.071      4.454    14.6523 0.0000e+00
      3.136      0.018     0.0500      0.474     94.719  74.926789     3.7711      8.370    66.0203 6.3090e+00     8.6736      3.076      4.461    14.6164 0.0000e+00
      3.142      0.018     0.0510      0.466     94.544  74.749073     3.8158      8.372    64.9892 6.2550e+00     8.8121      3.082      4.470    14.5930 0.0000e+00
      3.147      0.017     0.0526      0.469     94.527  74.686963     3.8470      8.375    64.1327 6.2370e+00     8.9212      3.086      4.477    14.5807 0.0000e+00
      3.152      0.015     0.0516      0.464     94.515  74.620775     3.8403      8.378    63.4075 6.2673e+00     8.8320      3.091      4.484    14.5673 0.0000e+00
      3.156      0.012     0.0469      0.460     94.457  74.520894     3.8015      8.382    62.5884 6.3460e+00     8.6555      3.095      4.489    14.5502 0.0000e+00
      3.158      0.010     0.0471      0.470     94.392  74.432835     3.7522      8.385    61.5420 6.4442e+00     8.5289      3.097      4.492    14.5295 0.0000e+00
      3.159      0.009     0.0483      0.467     94.270  74.318905     3.7187      8.386    60.2196 6.5242e+00     8.4974      3.098      4.494    14.5043 0.0000e+00
      3.160      0.009     0.0478      0.456     94.077  74.160510     3.7288      8.388    58.9030 6.5717e+00     8.5815      3.099      4.495    14.4717 0.0000e+00
      3.161      0.010     0.0452      0.469     93.854  73.979842     3.7665      8.390    57.7550 6.5793e+00     8.6236      3.100      4.497    14.4392 0.0000e+00
      3.164      0.010     0.0492      0.489     93.713  73.850885     3.7840      8.392    56.5776 6.5410e+00     8.5968      3.102      4.500    14.4204 0.0000e+00
      3.168      0.010     0.0487      0.490     93.786  73.872710     3.7648      8.394    55.3360 6.4832e+00     8.5646      3.107      4.506    14.4124 0.0000e+00
      3.172      0.009     0.0445      0.478     93.988  73.989395     3.7265      8.396    54.1863 6.4423e+00     8.4736      3.112      4.514    14.4108 0.0000e+00
      3.175      0.008     0.0481      0.471     94.191  74.117388     3.7035      8.398    53.1738 6.4294e+00     8.3844      3.114      4.517    14.4110 0.0000e+00
      3.176      0.005     0.0507      0.452     94.331  74.212358     3.7028      8.400    52.2135 6.4391e+00     8.4089      3.115      4.517    14.4031 0.0000e+00
      3.176      0.003     0.0511      0.427     94.381  74.247652     3.7102      8.402    51.3520 6.4666e+00     8.5303      3.115      4.518    14.3823 0.0000e+00
      3.176      0.001     0.0479      0.418     94.427  74.289834     3.7168      8.404    50.5007 6.4913e+00     8.6226      3.115      4.518    14.3550 0.0000e+00
      3.176      0.001     0.0490      0.417     94.467  74.340940     3.7166      8.406    49.4922 6.4986e+00     8.6018      3.114      4.517    14.3369 0.0000e+00
