Data/DataNotYetUploadedToEDI/Raw_CTD/RawDownloads/070725_bvr50_S8188001.cnv
* Sea-Bird SBE19plus  Data File:
* FileName = C:\R\Reservoirs\Data\DataNotYetUploadedToEDI\Raw_CTD\RawDownloads\070725_bvr50_S8188_0001.hex
* Software version 2.8.0.119
* Temperature SN = 8188
* Conductivity SN = 8188
* System UpLoad Time = Jul 09 2025 16:16:44
* <ApplicationData>
* <Seaterm232>
# nquan = 16
# nvalues = 2617                        
# units = specified
# name 0 = depFM: Depth [fresh water, m]
# name 1 = dz/dtM: Descent Rate [m/s]
# name 2 = sbeox0Mg/L: Oxygen, SBE 43 [mg/l]
# name 3 = sbeox0PS: Oxygen, SBE 43 [% saturation]
# name 4 = specc: Specific Conductance [uS/cm]
# name 5 = c0uS/cm: Conductivity [uS/cm]
# name 6 = wetCDOM: Fluorescence, WET Labs CDOM [mg/m^3]
# name 7 = flECO-AFL: Fluorescence, WET Labs ECO-AFL/FL [mg/m^3]
# name 8 = flECO-AFL1: Fluorescence, WET Labs ECO-AFL/FL, 2 [mg/m^3]
# name 9 = flECO-AFL2: Fluorescence, WET Labs ECO-AFL/FL, 3 [mg/m^3]
# name 10 = par/sat/log: PAR/Logarithmic, Satlantic
# name 11 = turbWETntu0: Turbidity, WET Labs ECO [NTU]
# name 12 = prdM: Pressure, Strain Gauge [db]
# name 13 = prdE: Pressure, Strain Gauge [psi]
# name 14 = tv290C: Temperature [ITS-90, deg C]
# name 15 = flag:  0.000e+00
# span 0 =     -0.713,      6.351       
# span 1 =     -0.222,      0.196       
# span 2 =     0.0113,     9.5065       
# span 3 =      0.120,    119.687       
# span 4 =   -643.036,    268.052       
# span 5 =-490.136753, 196.000694       
# span 6 =    -4.5000,    62.5500       
# span 7 =    -0.9598,    19.7391       
# span 8 =    -5.2398,     5.2824       
# span 9 =    -7.5294,    21.9960       
# span 10 = 1.1582e-01, 3.2510e+03      
# span 11 =    -2.7568,   154.5616      
# span 12 =     -0.699,      6.228      
# span 13 =     -1.014,      9.033      
# span 14 =    11.5575,    27.6760      
# span 15 = 0.0000e+00, 0.0000e+00      
# interval = seconds: 0.25
# start_time = Jul 07 2025 10:24:55 [Instrument's time stamp, header]
# bad_flag = -9.990e-29
*END*
[from data line 2351]
      6.262      0.037     0.0476      0.434    251.828 184.401408    50.7600     3.4653     0.1278     4.2723 1.1617e-01    18.2412      6.141      8.907    11.6211 0.0000e+00
      6.272      0.037     0.0469      0.441    248.888 182.261822    50.7600     8.2872     0.1278     4.2723 1.1600e-01    37.3357      6.150      8.920    11.6156 0.0000e+00
      6.282      0.038     0.0465      0.447    245.530 179.822150    50.7600     8.2872     0.1278     4.2723 1.1610e-01    37.4717      6.160      8.934    11.6115 0.0000e+00
      6.291      0.037     0.0467      0.455    243.399 178.277511    50.7600     8.2757     0.1704     4.7376 1.1612e-01    37.3961      6.170      8.948    11.6095 0.0000e+00
      6.301      0.036     0.0472      0.463    242.304 177.472886    50.7600     8.2567     0.1704     4.7376 1.1628e-01    37.4112      6.179      8.962    11.6101 0.0000e+00
      6.311      0.034     0.0479      0.469    241.481 176.842452    50.7600    15.5238     0.1704     4.7376 1.1592e-01    77.3526      6.189      8.976    11.6128 0.0000e+00
      6.319      0.032     0.0486      0.475    243.496 178.269633    50.7600    15.5200     0.1704     4.7376 1.1590e-01    77.5188      6.197      8.988    11.6168 0.0000e+00
      6.327      0.028     0.0494      0.476    248.676 182.006072    50.7600    15.5009     0.1704     4.7376 1.1600e-01    77.4886      6.205      8.999    11.6201 0.0000e+00
      6.334      0.024     0.0503      0.474    253.807 185.710467    56.6100    15.5238     0.2130     7.7409 1.1620e-01    77.5188      6.212      9.009    11.6197 0.0000e+00
      6.340      0.020     0.0510      0.471    257.887 188.655862    56.6100    13.8720     0.2130     7.7409 1.1615e-01    68.9232      6.217      9.017    11.6142 0.0000e+00
      6.345      0.015     0.0516      0.465    261.004 190.907134    56.6100    13.8644     0.2130     7.7409 1.1607e-01    68.8779      6.222      9.024    11.6047 0.0000e+00
      6.348      0.011     0.0517      0.458    263.213 192.502653    56.6100    13.8682     0.2130     7.7409 1.1595e-01    68.9988      6.225      9.029    11.5936 0.0000e+00
      6.350      0.006     0.0515      0.451    265.021 193.809673    57.5100    13.8605     0.2130     8.0370 1.1612e-01    68.8628      6.227      9.032    11.5833 0.0000e+00
      6.351      0.001     0.0512      0.444    266.641 194.981996    57.5100    11.0147     0.2130     8.0370 1.1605e-01   154.4710      6.228      9.033    11.5753 0.0000e+00
      6.351     -0.004     0.0506      0.437    267.917 195.906582    57.5100    11.0147     0.2130     8.0370 1.1612e-01   154.5616      6.228      9.033    11.5695 0.0000e+00
      6.349     -0.008     0.0499      0.430    268.052 196.000694    57.5100    11.0376     0.2130     8.0370 1.1612e-01   154.3652      6.226      9.030    11.5654 0.0000e+00
      6.346     -0.012     0.0491      0.421    266.934 195.182957    55.4400    11.0224     0.2130     6.6411 1.1605e-01   154.4861      6.223      9.026    11.5624 0.0000e+00
      6.342     -0.016     0.0483      0.411    265.306 194.000347    55.4400    -0.2693     0.2130     6.6411 1.1600e-01     1.7147      6.220      9.021    11.5601 0.0000e+00
      6.338     -0.020     0.0475      0.403    263.464 192.669603    55.4400    -0.2769     0.2130     6.6411 1.1607e-01     1.5939      6.215      9.014    11.5585 0.0000e+00
      6.332     -0.024     0.0468      0.399    261.798 191.472237    55.4400    -0.2769     0.2130     6.6411 1.1600e-01     1.5486      6.210      9.006    11.5575 0.0000e+00
      6.326     -0.029     0.0458      0.402    260.556 190.588826    55.4400    -0.2579     0.2130     6.6411 1.1595e-01     1.6543      6.203      8.997    11.5575 0.0000e+00
      6.318     -0.033     0.0448      0.410    259.430 189.791823    55.6200    -0.1358     0.2982     7.3179 1.1610e-01    63.6058      6.196      8.986    11.5590 0.0000e+00
      6.309     -0.039     0.0438      0.419    258.321 189.009196    55.6200     1.1154     0.2982     7.3179 1.1612e-01    63.6662      6.187      8.974    11.5620 0.0000e+00
      6.299     -0.046     0.0434      0.429    257.292 188.287151    55.6200     1.0926     0.2982     7.3179 1.1600e-01    63.8173      6.177      8.959    11.5662 0.0000e+00
      6.287     -0.054     0.0437      0.438    256.074 187.429132    55.6200     1.1040     0.2982     7.3179 1.1600e-01    63.8022      6.165      8.942    11.5710 0.0000e+00
      6.273     -0.064     0.0446      0.444    254.066 185.993580    54.4500     1.1231     0.2982     6.3873 1.1605e-01    63.7266      6.152      8.922    11.5761 0.0000e+00
      6.257     -0.076     0.0456      0.446    250.914 183.724114    54.4500     8.0469     0.2982     6.3873 1.1600e-01   118.7594      6.136      8.899    11.5816 0.0000e+00
      6.237     -0.090     0.0467      0.446    247.021 180.922626    54.4500     8.0469     0.2982     6.3873 1.1607e-01   118.8198      6.117      8.871    11.5877 0.0000e+00
      6.213     -0.103     0.0477      0.445    242.918 177.981823    54.4500     8.0392     0.2982     6.3873 1.1617e-01   118.9104      6.093      8.837    11.5944 0.0000e+00
      6.184     -0.115     0.0483      0.445    239.547 175.585769    55.9800     8.0392     0.2556     7.7409 1.1623e-01   118.8500      6.064      8.795    11.6013 0.0000e+00
      6.150     -0.124     0.0485      0.445    237.876 174.431266    55.9800     3.3433     0.2556     7.7409 1.1605e-01    44.0732      6.031      8.747    11.6092 0.0000e+00
      6.114     -0.129     0.0484      0.442    237.106 173.921799    55.9800     3.3356     0.2556     7.7409 1.1612e-01    44.0581      5.996      8.695    11.6193 0.0000e+00
      6.078     -0.133     0.0483      0.439    236.056 173.189568    55.9800     3.3433     0.2556     7.7409 1.1595e-01    44.1487      5.961      8.645    11.6325 0.0000e+00
      6.045     -0.135     0.0483      0.435    234.574 172.127549    53.9100     3.3394     0.2556     7.1487 1.1600e-01    44.0732      5.928      8.598    11.6478 0.0000e+00
      6.013     -0.136     0.0482      0.429    233.201 171.140417    53.9100     2.3667     0.2556     7.1487 1.1610e-01    56.8381      5.896      8.552    11.6623 0.0000e+00
      5.979     -0.136     0.0479      0.422    232.507 170.650784    53.9100     2.3514     0.2556     7.1487 1.1617e-01    56.8834      5.864      8.504    11.6737 0.0000e+00
      5.944     -0.135     0.0476      0.416    232.518 170.672469    53.9100     2.3476     0.2556     7.1487 1.1605e-01    56.8381      5.829      8.454    11.6815 0.0000e+00
      5.906     -0.134     0.0472      0.414    232.964 171.000704    53.9100     2.3514     0.2556     7.1487 1.1590e-01    56.8079      5.792      8.401    11.6868 0.0000e+00
      5.870     -0.131     0.0466      0.419    233.211 171.167529    62.5500     2.4926     0.5964     6.1335 1.1612e-01    27.2899      5.757      8.349    11.6912 0.0000e+00
      5.837     -0.128     0.0458      0.426    232.724 170.784254    62.5500     2.4888     0.5964     6.1335 1.1612e-01    27.3201      5.724      8.302    11.6953 0.0000e+00
      5.807     -0.125     0.0452      0.432    231.419 169.802829    62.5500     2.4735     0.5964     6.1335 1.1607e-01    27.3806      5.695      8.259    11.6982 0.0000e+00
      5.778     -0.123     0.0449      0.440    229.189 168.154068    62.5500     2.4621     0.5964     6.1335 1.1615e-01    27.3655      5.667      8.219    11.6984 0.0000e+00
      5.749     -0.125     0.0454      0.450    226.199 165.965789    49.5900     2.2866     0.2130     5.1606 1.1605e-01    26.1116      5.638      8.177    11.6953 0.0000e+00
      5.718     -0.128     0.0462      0.460    223.005 163.646965    49.5900     2.2713     0.2130     5.1606 1.1605e-01    26.1267      5.607      8.133    11.6899 0.0000e+00
      5.684     -0.131     0.0469      0.469    219.790 161.327063    49.5900     2.3018     0.2130     5.1606 1.1612e-01    25.9908      5.574      8.084    11.6848 0.0000e+00
      5.648     -0.132     0.0477      0.473    215.963 158.567874    49.5900     2.2561     0.2130     5.1606 1.1628e-01    26.1116      5.539      8.033    11.6824 0.0000e+00
      5.611     -0.131     0.0488      0.469    210.786 154.824026    48.0600     2.3095     0.1704     4.3146 1.1600e-01    30.5227      5.503      7.981    11.6838 0.0000e+00
      5.576     -0.128     0.0499      0.461    205.037 150.668115    48.0600     2.2904     0.1704     4.3146 1.1590e-01    30.5529      5.468      7.931    11.6896 0.0000e+00
      5.544     -0.123     0.0508      0.451    200.707 147.564376    48.0600     2.2866     0.1704     4.3146 1.1605e-01    30.4774      5.437      7.885    11.6990 0.0000e+00
      5.515     -0.120     0.0512      0.438    198.541 146.053363    48.0600     2.3056     0.1704     4.3146 1.1600e-01    30.4925      5.408      7.844    11.7109 0.0000e+00
      5.488     -0.119     0.0508      0.425    197.803 145.583948    48.0600     1.8441     0.1704     4.3146 1.1590e-01    49.6777      5.382      7.806    11.7248 0.0000e+00
      5.461     -0.121     0.0499      0.416    197.646 145.526294    48.4200     1.8670     0.1704     4.5261 1.1602e-01    49.5417      5.355      7.766    11.7411 0.0000e+00
      5.431     -0.125     0.0488      0.413    197.615 145.546597    48.4200     1.8708     0.1704     4.5261 1.1592e-01    49.5417      5.325      7.724    11.7601 0.0000e+00
      5.397     -0.128     0.0474      0.414    197.105 145.203595    48.4200     1.8784     0.1704     4.5261 1.1610e-01    49.6474      5.293      7.677    11.7802 0.0000e+00
      5.361     -0.130     0.0460      0.419    195.362 143.945115    48.4200     1.8670     0.1704     4.5261 1.1600e-01    45.2213      5.257      7.625    11.7984 0.0000e+00
      5.325     -0.130     0.0450      0.425    192.549 141.898233    48.4200     1.8670     0.2130     4.1454 1.1610e-01    45.3421      5.222      7.573    11.8127 0.0000e+00
      5.290     -0.127     0.0447      0.430    189.568 139.730792    48.4200     1.8708     0.2130     4.1454 1.1595e-01    45.3270      5.188      7.524    11.8235 0.0000e+00
      5.259     -0.123     0.0448      0.438    187.064 137.922107    48.4200     1.8593     0.2130     4.1454 1.1612e-01    45.3119      5.157      7.479    11.8317 0.0000e+00
      5.229     -0.120     0.0452      0.445    185.253 136.628544    48.4200     2.0386     0.2130     4.1454 1.1600e-01    31.4744      5.128      7.438    11.8384 0.0000e+00
      5.201     -0.118     0.0459      0.447    184.394 136.037637    48.4200     2.0577     0.1704     4.9491 1.1605e-01    31.4442      5.101      7.398    11.8451 0.0000e+00
      5.173     -0.116     0.0465      0.447    184.829 136.396156    48.4200     2.0501     0.1704     4.9491 1.1597e-01    31.5046      5.073      7.358    11.8530 0.0000e+00
      5.143     -0.115     0.0473      0.449    186.259 137.477425    48.4200     2.0234     0.1704     4.9491 1.1605e-01    31.4895      5.044      7.315    11.8627 0.0000e+00
      5.112     -0.114     0.0480      0.450    188.256 138.959238    48.4200     1.7792     0.1704     4.9491 1.1595e-01    20.3712      5.013      7.271    11.8738 0.0000e+00
      5.081     -0.112     0.0483      0.446    190.570 140.656115    48.4200     1.7792     0.1704     4.9491 1.1597e-01    20.2654      4.983      7.227    11.8852 0.0000e+00
      5.052     -0.110     0.0483      0.438    192.133 141.783003    49.4100     1.7868     0.2130     4.8645 1.1607e-01    20.3259      4.955      7.186    11.8953 0.0000e+00
      5.026     -0.109     0.0485      0.429    191.795 141.500898    49.4100     1.7983     0.2130     4.8645 1.1585e-01    20.3410      4.929      7.149    11.9021 0.0000e+00
      5.002     -0.110     0.0486      0.422    189.894 140.075015    49.4100     1.4855     0.2130     4.8645 1.1610e-01    10.1441      4.905      7.114    11.9041 0.0000e+00
      4.976     -0.114     0.0482      0.416    187.815 138.538957    49.4100     1.5046     0.2130     4.8645 1.1620e-01    10.0535      4.880      7.077    11.9012 0.0000e+00
      4.947     -0.120     0.0473      0.412    186.413 137.524352    50.3100     1.5046     0.2556     5.4144 1.1600e-01    10.0988      4.851      7.037    11.8942 0.0000e+00
      4.915     -0.124     0.0464      0.408    185.621 136.972866    50.3100     1.4931     0.2556     5.4144 1.1600e-01    10.1894      4.820      6.991    11.8857 0.0000e+00
      4.880     -0.126     0.0456      0.406    184.971 136.529231    50.3100     1.6686     0.2556     5.4144 1.1597e-01    12.5309      4.785      6.941    11.8795 0.0000e+00
      4.843     -0.124     0.0450      0.407    184.271 136.045108    50.3100     1.7029     0.2556     5.4144 1.1612e-01    12.5611      4.750      6.889    11.8790 0.0000e+00
      4.809     -0.117     0.0445      0.409    183.823 135.739737    49.7700     1.6877     0.2130     5.2029 1.1607e-01    12.5460      4.716      6.840    11.8842 0.0000e+00
      4.778     -0.107     0.0441      0.412    183.689 135.657815    49.7700     1.6800     0.2130     5.2029 1.1612e-01    12.4403      4.686      6.797    11.8930 0.0000e+00
      4.753     -0.094     0.0438      0.421    183.831 135.771487    49.7700     1.5427     0.2130     5.2029 1.1612e-01    10.8239      4.661      6.761    11.9028 0.0000e+00
      4.733     -0.083     0.0439      0.434    184.634 136.365292    49.7700     1.5427     0.2130     5.2029 1.1595e-01    10.8994      4.641      6.732    11.9116 0.0000e+00
      4.715     -0.074     0.0441      0.448    185.837 137.247198    48.8700     1.5580     0.2130     4.8645 1.1610e-01    10.7786      4.624      6.707    11.9186 0.0000e+00
      4.699     -0.070     0.0445      0.458    186.284 137.565245    48.8700     1.5694     0.2130     4.8645 1.1607e-01    10.8390      4.609      6.684    11.9233 0.0000e+00
      4.684     -0.070     0.0454      0.464    185.364 136.877696    48.8700     1.4855     0.2130     4.8645 1.1605e-01     8.7694      4.594      6.662    11.9257 0.0000e+00
      4.668     -0.075     0.0469      0.468    183.417 135.443699    48.8700     1.4626     0.2130     4.8645 1.1607e-01     8.6637      4.578      6.640    11.9259 0.0000e+00
      4.650     -0.082     0.0484      0.468    181.301 133.899899    48.8700     1.4817     0.2130     4.8645 1.1600e-01     8.6335      4.560      6.614    11.9240 0.0000e+00
      4.629     -0.091     0.0494      0.463    179.794 132.819518    49.7700     1.4817     0.2556     4.9491 1.1595e-01     8.6788      4.539      6.584    11.9209 0.0000e+00
      4.603     -0.099     0.0500      0.453    178.965 132.246737    49.7700     1.5465     0.2556     4.9491 1.1600e-01     9.6607      4.514      6.548    11.9187 0.0000e+00
      4.574     -0.105     0.0505      0.438    178.366 131.844679    49.7700     1.5465     0.2556     4.9491 1.1623e-01     9.7362      4.486      6.507    11.9198 0.0000e+00
      4.544     -0.106     0.0505      0.423    177.631 131.336000    49.7700     1.5465     0.2556     4.9491 1.1600e-01     9.6305      4.456      6.464    11.9249 0.0000e+00
      4.514     -0.104     0.0499      0.414    176.684 130.665116    49.8600     1.5580     0.2130     4.8645 1.1600e-01     9.6607      4.427      6.421    11.9340 0.0000e+00
      4.487     -0.098     0.0488      0.408    175.635 129.913318    49.8600     1.4893     0.2130     4.8645 1.1600e-01     9.9931      4.400      6.382    11.9452 0.0000e+00
      4.462     -0.090     0.0472      0.404    174.863 129.364442    49.8600     1.5084     0.2130     4.8645 1.1620e-01    10.0988      4.376      6.347    11.9564 0.0000e+00
      4.441     -0.082     0.0456      0.400    174.654 129.230348    49.8600     1.4588     0.2130     4.8645 1.1595e-01    10.0686      4.356      6.317    11.9662 0.0000e+00
