Data/DataNotYetUploadedToEDI/Raw_CTD/RawDownloads/070722_ccr10_SBE19plus01907809_0005.cnv
* Sea-Bird SBE19plus  Data File:
* FileName = C:\R\Reservoirs\Data\DataNotYetUploadedToEDI\Raw_CTD\RawDownloads\070722_ccr50_SBE19plus01907809_0005.hex
* Software version 2.8.0.119
* Temperature SN = 7809
* Conductivity SN = 7809
* System UpLoad Time = Jul 07 2022 15:45:48
* <ApplicationData>
* <Seaterm232>
# nquan = 15
# nvalues = 698                         
# units = specified
# name 0 = depFM: Depth [fresh water, m]
# name 1 = dz/dtM: Descent Rate [m/s]
# name 2 = sbeox0Mg/L: Oxygen, SBE 43 [mg/l]
# name 3 = sbeox0PS: Oxygen, SBE 43 [% saturation]
# name 4 = specc: Specific Conductance [uS/cm]
# name 5 = c0uS/cm: Conductivity [uS/cm]
# name 6 = flECO-AFL: Fluorescence, WET Labs ECO-AFL/FL [mg/m^3]
# name 7 = ph: pH
# name 8 = orp: Oxidation Reduction Potential [mV]
# name 9 = par/sat/log: PAR/Logarithmic, Satlantic
# name 10 = turbWETntu0: Turbidity, WET Labs ECO [NTU]
# name 11 = prdM: Pressure, Strain Gauge [db]
# name 12 = prdE: Pressure, Strain Gauge [psi]
# name 13 = tv290C: Temperature [ITS-90, deg C]
# name 14 = flag:  0.000e+00
# span 0 =     -0.491,      3.356       
# span 1 =     -0.272,      0.311       
# span 2 =     3.7195,     6.9357       
# span 3 =     46.633,     87.983       
# span 4 =      0.956,     89.063       
# span 5 =   0.980260,  93.458256       
# span 6 =    -0.1450,     2.6069       
# span 7 =      7.966,      8.295       
# span 8 =    91.5664,   223.3765       
# span 9 = 5.5676e+01, 2.6880e+03       
# span 10 =    -1.1106,    25.0835      
# span 11 =     -0.483,      3.292      
# span 12 =     -0.701,      4.774      
# span 13 =    26.2654,    28.0065      
# span 14 = 0.0000e+00, 0.0000e+00      
# interval = seconds: 0.25
# start_time = Jul 07 2022 08:17:23 [Instrument's time stamp, header]
# bad_flag = -9.990e-29
*END*
[from data line 482]
      3.337      0.012     3.7446     51.046     88.717  92.001849     1.9884      8.079   193.7084 6.1711e+01     4.7643      3.273      4.747    26.7852 0.0000e+00
      3.340      0.011     3.7955     52.431     88.771  92.060192     2.1198      8.075   193.7995 6.0611e+01     5.8583      3.275      4.750    26.8091 0.0000e+00
      3.343      0.011     3.8656     53.595     88.805  92.101220     2.1922      8.072   193.9023 5.9264e+01     6.4417      3.278      4.755    26.8256 0.0000e+00
      3.346      0.011     3.9604     54.372     88.794  92.116394     2.1983      8.070   194.1772 5.7665e+01     6.5226      3.281      4.760    26.8396 0.0000e+00
      3.350      0.010     4.0780     54.745     88.754  92.116527     2.1938      8.066   194.5413 5.6245e+01     6.5628      3.285      4.765    26.8480 0.0000e+00
      3.352      0.008     4.1944     54.829     88.709  92.102889     2.1957      8.061   194.6910 5.5676e+01     6.7574      3.288      4.768    26.8456 0.0000e+00
      3.354      0.006     4.2934     54.798     88.681  92.078724     2.2125      8.058   194.7829 5.5886e+01     7.1337      3.289      4.770    26.8449 0.0000e+00
      3.355      0.004     4.3544     54.783     88.696  92.078715     2.2300      8.056   195.0509 5.6303e+01     7.3548      3.290      4.772    26.8589 0.0000e+00
      3.356      0.003     4.3781     54.752     88.746  92.102753     2.2416      8.052   195.2632 5.6607e+01     7.3815      3.291      4.773    26.8911 0.0000e+00
      3.356      0.001     4.3779     54.607     88.788  92.114970     2.3113      8.049   195.2851 5.6807e+01     7.3880      3.291      4.773    26.9132 0.0000e+00
      3.356      0.000     4.3699     54.338     88.808  92.099205     2.4317      8.046   195.4013 5.7072e+01     7.4334      3.291      4.773    26.9137 0.0000e+00
      3.356      0.000     4.3717     53.989     88.777  92.039257     2.4907      8.043   195.7219 5.7427e+01     7.4871      3.292      4.774    26.9026 0.0000e+00
      3.356     -0.001     4.3749     53.579     88.702  91.962383     2.4912      8.040   196.0640 5.7739e+01     7.4898      3.291      4.773    26.8850 0.0000e+00
      3.356     -0.003     4.3644     53.184     88.649  91.932774     2.4385      8.038   196.2680 5.8013e+01     7.4661      3.290      4.772    26.8690 0.0000e+00
      3.355     -0.005     4.3421     52.960     88.614  91.935645     2.3443      8.034   196.2098 5.8444e+01     7.5084      3.291      4.773    26.8449 0.0000e+00
      3.354     -0.010     4.3167     53.018     88.566  91.933577     2.3009      8.031   195.9625 5.8891e+01     7.5914      3.290      4.771    26.8249 0.0000e+00
      3.352     -0.020     4.2821     53.378     88.496  91.907843     2.2969      8.028   195.8598 5.9011e+01     7.6491      3.287      4.768    26.8263 0.0000e+00
      3.349     -0.035     4.2433     54.031     88.429  91.878924     2.2702      8.025   196.0007 5.8995e+01     7.3862      3.285      4.764    26.8429 0.0000e+00
      3.343     -0.055     4.2203     54.947     88.414  91.901919     2.2286      8.022   196.2025 5.9454e+01     6.7707      3.281      4.759    26.8663 0.0000e+00
      3.330     -0.079     4.2234     56.061     88.402  91.931581     2.2097      8.017   196.4067 6.0993e+01     6.3897      3.270      4.743    26.8947 0.0000e+00
      3.305     -0.101     4.2498     57.316     88.346  91.919697     2.2007      8.012   196.5775 6.3448e+01     6.2978      3.243      4.703    26.9235 0.0000e+00
      3.272     -0.117     4.3008     58.671     88.216  91.821894     2.1772      8.007   196.8041 6.6661e+01     6.0352      3.211      4.656    26.9433 0.0000e+00
      3.232     -0.126     4.3750     60.054     87.430  91.003474     2.1664      8.003   197.0817 7.0750e+01     5.5717      3.174      4.602    26.9651 0.0000e+00
      3.190     -0.129     4.4628     61.292     86.731  90.226234     2.1787      8.000   197.3528 7.4179e+01     5.3045      3.125      4.532    26.9889 0.0000e+00
      3.155     -0.131     4.5620     62.112     87.424  90.880614     2.1927      7.997   197.6728 7.5800e+01     5.3333      3.089      4.480    27.0156 0.0000e+00
      3.131     -0.138     4.6684     62.327     88.214  91.667220     2.2522      7.993   197.8536 7.6864e+01     5.7831      3.071      4.453    27.0461 0.0000e+00
      3.108     -0.149     4.7825     62.053     88.304  91.789329     2.3666      7.989   197.9905 7.8506e+01     6.5754      3.050      4.424    27.0489 0.0000e+00
      3.076     -0.163     4.8939     61.693     88.274  91.848369     2.4271      7.984   198.5544 8.0972e+01     6.9884      3.022      4.384    27.0136 0.0000e+00
      3.028     -0.175     4.9699     61.673     88.190  91.872526     2.4175      7.980   199.3365 8.4334e+01     6.9508      2.976      4.315    26.9627 0.0000e+00
      2.968     -0.179     4.9872     62.314     88.124  91.890838     2.3417      7.978   199.5307 8.8122e+01     6.4615      2.911      4.221    26.9361 0.0000e+00
      2.906     -0.173     4.9490     63.649     88.125  91.942741     2.2101      7.977   199.1825 9.1577e+01     5.5816      2.847      4.129    26.9539 0.0000e+00
      2.854     -0.159     4.9037     65.304     88.150  91.991462     2.1410      7.974   198.8259 9.4172e+01     5.1255      2.791      4.048    27.0134 0.0000e+00
      2.820     -0.141     4.8859     66.882     88.185  92.034855     2.1382      7.972   198.5748 9.5766e+01     5.1145      2.758      4.001    27.0893 0.0000e+00
      2.802     -0.124     4.9277     68.182     88.230  92.085885     2.1267      7.972   198.4689 9.7112e+01     5.0723      2.749      3.987    27.1392 0.0000e+00
      2.784     -0.112     5.0479     69.115     88.240  92.099774     2.0682      7.971   198.4916 9.9341e+01     4.9223      2.735      3.967    27.1640 0.0000e+00
      2.756     -0.109     5.1901     69.649     88.215  92.075620     1.9890      7.970   198.5057 1.0255e+02     4.7358      2.705      3.923    27.1750 0.0000e+00
      2.723     -0.113     5.3189     69.746     88.188  92.048192     1.9519      7.969   198.4671 1.0623e+02     4.6274      2.669      3.871    27.1768 0.0000e+00
      2.690     -0.119     5.4254     69.463     88.165  92.022497     1.9353      7.969   198.5412 1.1040e+02     4.5346      2.638      3.826    27.1791 0.0000e+00
      2.659     -0.122     5.4981     69.028     88.165  92.019298     1.8970      7.969   198.7135 1.1515e+02     4.2296      2.608      3.783    27.1809 0.0000e+00
      2.628     -0.120     5.5429     68.652     88.156  92.009509     1.8555      7.968   198.8292 1.2002e+02     3.7739      2.577      3.738    27.1812 0.0000e+00
      2.597     -0.114     5.5507     68.385     88.113  91.967733     1.8494      7.968   198.8227 1.2437e+02     3.5334      2.547      3.695    27.1824 0.0000e+00
      2.566     -0.106     5.5192     68.238     88.100  91.959295     1.8567      7.967   198.7197 1.2791e+02     3.4744      2.516      3.650    27.1817 0.0000e+00
      2.537     -0.097     5.4782     68.266     88.106  91.971083     1.8517      7.967   198.6166 1.3023e+02     3.3004      2.484      3.604    27.1791 0.0000e+00
      2.514     -0.087     5.4484     68.520     88.115  91.983090     1.8468      7.968   198.6948 1.3164e+02     3.0342      2.464      3.573    27.1788 0.0000e+00
      2.496     -0.078     5.4275     68.980     88.172  92.040892     1.8396      7.968   199.0629 1.3371e+02     2.9203      2.449      3.551    27.1805 0.0000e+00
      2.480     -0.072     5.4129     69.483     88.235  92.097681     1.8311      7.967   199.1096 1.3681e+02     2.9483      2.432      3.527    27.1838 0.0000e+00
      2.463     -0.068     5.4139     69.828     88.246  92.097421     1.8269      7.966   198.7429 1.4076e+02     2.9622      2.415      3.503    27.1876 0.0000e+00
      2.447     -0.070     5.4326     69.880     88.197  92.037741     1.8301      7.966   198.6736 1.4564e+02     2.9518      2.399      3.481    27.1892 0.0000e+00
      2.430     -0.076     5.4752     69.588     88.112  91.948365     1.8456      7.966   198.9600 1.5089e+02     2.9593      2.383      3.457    27.1890 0.0000e+00
      2.413     -0.083     5.5224     69.071     88.067  91.906999     1.8561      7.968   199.2800 1.5683e+02     2.9846      2.367      3.432    27.1835 0.0000e+00
      2.393     -0.089     5.5530     68.565     88.072  91.919124     1.8487      7.970   199.1005 1.6432e+02     2.9844      2.351      3.409    27.1744 0.0000e+00
      2.366     -0.092     5.5616     68.331     88.053  91.904221     1.8394      7.970   198.5110 1.7330e+02     2.9573      2.321      3.368    27.1689 0.0000e+00
      2.335     -0.093     5.5333     68.481     88.001  91.853987     1.8359      7.971   198.2610 1.8163e+02     2.9307      2.288      3.319    27.1686 0.0000e+00
      2.308     -0.092     5.4856     68.861     87.964  91.820446     1.8309      7.971   198.4009 1.8851e+02     2.9349      2.261      3.279    27.1731 0.0000e+00
      2.287     -0.091     5.4367     69.309     87.954  91.816623     1.8288      7.971   198.9114 1.9457e+02     2.8721      2.241      3.251    27.1783 0.0000e+00
      2.270     -0.090     5.4120     69.828     87.939  91.807774     1.8356      7.972   199.5301 1.9832e+02     2.6841      2.227      3.231    27.1807 0.0000e+00
      2.251     -0.088     5.4318     70.410     87.904  91.777057     1.8456      7.974   199.5996 2.0038e+02     2.5738      2.209      3.204    27.1826 0.0000e+00
      2.228     -0.088     5.4677     71.021     87.884  91.763170     1.8503      7.976   199.2364 2.0303e+02     2.6321      2.186      3.172    27.1855 0.0000e+00
      2.200     -0.091     5.4998     71.646     87.882  91.767052     1.8418      7.978   198.8383 2.0552e+02     2.6708      2.158      3.130    27.1893 0.0000e+00
      2.174     -0.097     5.5412     72.194     87.871  91.760416     1.8271      7.979   198.4859 2.0684e+02     2.5986      2.128      3.087    27.1929 0.0000e+00
      2.154     -0.102     5.5897     72.605     87.853  91.746531     1.8225      7.980   198.1594 2.0932e+02     2.5107      2.113      3.064    27.1971 0.0000e+00
      2.133     -0.105     5.6353     72.950     87.829  91.726353     1.8352      7.981   197.8164 2.1447e+02     2.4966      2.096      3.040    27.2007 0.0000e+00
      2.103     -0.107     5.6892     73.316     87.806  91.707213     1.8479      7.982   197.6077 2.2125e+02     2.5306      2.063      2.993    27.2033 0.0000e+00
      2.070     -0.108     5.7354     73.698     87.799  91.705883     1.8350      7.984   197.5282 2.2930e+02     2.4769      2.030      2.943    27.2064 0.0000e+00
      2.039     -0.109     5.7637     74.042     87.795  91.710276     1.8131      7.986   197.3717 2.3820e+02     2.3597      1.999      2.900    27.2099 0.0000e+00
      2.012     -0.107     5.7884     74.347     87.774  91.696759     1.7986      7.988   197.3510 2.4616e+02     2.3088      1.971      2.858    27.2122 0.0000e+00
      1.987     -0.104     5.8169     74.614     87.739  91.669634     1.7768      7.990   197.4498 2.5094e+02     2.2718      1.949      2.826    27.2141 0.0000e+00
      1.962     -0.101     5.8503     74.875     87.697  91.636678     1.7490      7.992   197.2750 2.4964e+02     2.1178      1.925      2.792    27.2181 0.0000e+00
      1.938     -0.100     5.8754     75.207     87.662  91.616234     1.7294      7.993   196.9584 2.4436e+02     1.9151      1.900      2.755    27.2233 0.0000e+00
      1.913     -0.099     5.8995     75.591     87.635  91.613224     1.7223      7.994   196.8056 2.3840e+02     1.8363      1.878      2.723    27.2284 0.0000e+00
      1.887     -0.097     5.9208     76.018     87.599  91.600324     1.7209      7.997   196.8043 2.3036e+02     1.8827      1.851      2.684    27.2332 0.0000e+00
      1.860     -0.093     5.9355     76.599     87.570  91.587484     1.7045      7.999   196.9420 2.2289e+02     1.9292      1.822      2.643    27.2388 0.0000e+00
      1.835     -0.087     5.9635     77.364     87.558  91.585181     1.6737      8.001   197.1810 2.1720e+02     1.9197      1.798      2.608    27.2468 0.0000e+00
      1.813     -0.081     5.9944     78.177     87.540  91.572482     1.6566      8.004   197.2848 2.1336e+02     1.8703      1.776      2.576    27.2625 0.0000e+00
      1.795     -0.076     6.0203     78.885     87.524  91.561132     1.6565      8.006   197.0776 2.1150e+02     1.8110      1.758      2.550    27.2796 0.0000e+00
      1.780     -0.076     6.0641     79.412     87.529  91.575128     1.6718      8.008   196.7412 2.1024e+02     1.8516      1.746      2.532    27.2887 0.0000e+00
      1.765     -0.083     6.1297     79.781     87.554  91.614553     1.7005      8.009   196.6588 2.0996e+02     1.9846      1.732      2.512    27.2940 0.0000e+00
      1.748     -0.094     6.1983     80.098     87.576  91.656319     1.7288      8.012   196.7698 2.1027e+02     2.0875      1.715      2.487    27.2962 0.0000e+00
      1.724     -0.105     6.2561     80.410     87.599  91.698643     1.7471      8.017   196.7065 2.1277e+02     2.1397      1.695      2.459    27.2989 0.0000e+00
      1.690     -0.114     6.2973     80.666     87.626  91.744802     1.7470      8.021   196.5816 2.1743e+02     2.1374      1.660      2.408    27.3041 0.0000e+00
      1.650     -0.120     6.3210     80.841     87.622  91.769348     1.7356      8.025   196.4648 2.2204e+02     2.0942      1.615      2.342    27.3107 0.0000e+00
      1.615     -0.121     6.3428     80.966     87.626  91.804718     1.7269      8.029   196.2402 2.2602e+02     2.0617      1.580      2.292    27.3238 0.0000e+00
      1.588     -0.116     6.3699     81.120     87.646  91.854576     1.7166      8.031   196.2746 2.2950e+02     2.0509      1.559      2.260    27.3349 0.0000e+00
      1.561     -0.107     6.3894     81.330     87.626  91.863530     1.6936      8.034   196.4507 2.3400e+02     2.0669      1.532      2.222    27.3396 0.0000e+00
      1.534     -0.098     6.4009     81.526     87.593  91.849441     1.6739      8.038   196.3044 2.3934e+02     2.1177      1.502      2.177    27.3594 0.0000e+00
      1.510     -0.091     6.4053     81.668     87.609  91.875019     1.6779      8.041   196.3132 2.4300e+02     2.1531      1.480      2.147    27.3801 0.0000e+00
      1.488     -0.086     6.4139     81.723     87.643  91.918454     1.6923      8.044   196.4706 2.4588e+02     2.1532      1.461      2.119    27.3916 0.0000e+00
      1.467     -0.084     6.4325     81.673     87.643  91.929522     1.6987      8.047   196.2287 2.4991e+02     2.1187      1.437      2.084    27.4144 0.0000e+00
      1.450     -0.084     6.4467     81.605     87.645  91.945279     1.6971      8.050   195.9702 2.5331e+02     2.0783      1.421      2.062    27.4267 0.0000e+00
      1.432     -0.086     6.4582     81.577     87.666  91.981815     1.6974      8.052   196.0118 2.5752e+02     2.0744      1.407      2.042    27.4268 0.0000e+00
      1.407     -0.090     6.4650     81.552     87.660  91.989783     1.7021      8.055   196.3017 2.6403e+02     2.0381      1.381      2.003    27.4317 0.0000e+00
      1.381     -0.096     6.4554     81.567     87.645  91.978059     1.6952      8.058   196.4637 2.6816e+02     2.0146      1.352      1.960    27.4383 0.0000e+00
      1.357     -0.104     6.4465     81.675     87.644  91.967247     1.6723      8.061   196.2504 2.7300e+02     2.0975      1.330      1.930    27.4465 0.0000e+00
      1.332     -0.112     6.4477     81.838     87.611  91.922624     1.6506      8.065   196.2169 2.8126e+02     2.1866      1.310      1.900    27.4549 0.0000e+00
      1.302     -0.118     6.4416     82.000     87.579  91.883617     1.6482      8.067   196.4893 2.8781e+02     2.2034      1.277      1.853    27.4644 0.0000e+00
      1.270     -0.121     6.4399     82.133     87.581  91.877132     1.6607      8.068   196.7050 2.9517e+02     2.1642      1.244      1.805    27.4698 0.0000e+00
