Data/DataNotYetUploadedToEDI/Raw_CTD/RawDownloads/070722_ccr30_SBE19plus01907809_0007.cnv
* Sea-Bird SBE19plus  Data File:
* FileName = C:\R\Reservoirs\Data\DataNotYetUploadedToEDI\Raw_CTD\RawDownloads\070722_ccr50_SBE19plus01907809_0007.hex
* Software version 2.8.0.119
* Temperature SN = 7809
* Conductivity SN = 7809
* System UpLoad Time = Jul 07 2022 15:47:08
* <ApplicationData>
* <Seaterm232>
# nquan = 15
# nvalues = 1754                        
# units = specified
# name 0 = depFM: Depth [fresh water, m]
# name 1 = dz/dtM: Descent Rate [m/s]
# name 2 = sbeox0Mg/L: Oxygen, SBE 43 [mg/l]
# name 3 = sbeox0PS: Oxygen, SBE 43 [% saturation]
# name 4 = specc: Specific Conductance [uS/cm]
# name 5 = c0uS/cm: Conductivity [uS/cm]
# name 6 = flECO-AFL: Fluorescence, WET Labs ECO-AFL/FL [mg/m^3]
# name 7 = ph: pH
# name 8 = orp: Oxidation Reduction Potential [mV]
# name 9 = par/sat/log: PAR/Logarithmic, Satlantic
# name 10 = turbWETntu0: Turbidity, WET Labs ECO [NTU]
# name 11 = prdM: Pressure, Strain Gauge [db]
# name 12 = prdE: Pressure, Strain Gauge [psi]
# name 13 = tv290C: Temperature [ITS-90, deg C]
# name 14 = flag:  0.000e+00
# span 0 =     -0.486,     14.581       
# span 1 =     -0.292,      0.307       
# span 2 =     2.3961,     8.6233       
# span 3 =     22.862,     99.981       
# span 4 =      1.282,    102.565       
# span 5 =   1.265605,  92.494897       
# span 6 =    -0.1653,     3.7731       
# span 7 =      7.237,      8.556       
# span 8 =    81.0326,   529.6673       
# span 9 = 1.2352e-01, 1.3869e+03       
# span 10 =    -0.4005,     9.1302      
# span 11 =     -0.477,     14.300      
# span 12 =     -0.692,     20.740      
# span 13 =    10.9986,    28.1170      
# span 14 = 0.0000e+00, 0.0000e+00      
# interval = seconds: 0.25
# start_time = Jul 07 2022 08:47:21 [Instrument's time stamp, header]
# bad_flag = -9.990e-29
*END*
[from data line 97]
      0.404     -0.113     5.2933     66.038     86.510  91.129156     0.5107      8.470   124.9581 5.6957e+02     0.6143      0.400      0.580    27.6568 0.0000e+00
      0.368     -0.108     5.2681     66.263     86.522  91.129394     0.5063      8.472   125.1840 5.8403e+02     0.6202      0.361      0.523    27.6670 0.0000e+00
      0.333     -0.101     5.2279     66.493     86.380  90.982662     0.4983      8.472   126.0306 5.8533e+02     0.6608      0.323      0.469    27.6745 0.0000e+00
      0.304     -0.093     5.1880     66.560     86.217  90.817462     0.4960      8.472   125.5580 5.8363e+02     0.6609      0.295      0.427    27.6726 0.0000e+00
      0.284     -0.087     5.1907     66.446     86.210  90.785167     0.5043      8.472   125.4918 5.8646e+02     0.6554      0.274      0.397    27.6641 0.0000e+00
      0.274     -0.083     5.2188     66.330     86.320  90.846482     0.5158      8.472   125.8336 5.8952e+02     0.6974      0.269      0.390    27.6512 0.0000e+00
      0.264     -0.081     5.2405     66.433     86.435  90.922887     0.5184      8.473   126.3346 5.9766e+02     0.6909      0.266      0.385    27.6536 0.0000e+00
      0.242     -0.078     5.2458     66.748     86.471  90.945902     0.5189      8.474   128.2803 6.1129e+02     0.6442      0.240      0.349    27.6709 0.0000e+00
      0.209     -0.072     5.2326     67.103     86.390  90.870399     0.5139      8.476   130.0855 6.2545e+02     0.6113      0.204      0.296    27.6562 0.0000e+00
      0.179     -0.060     5.2184     67.378     86.268  90.773010     0.4909      8.478   129.2325 6.3549e+02     0.6003      0.172      0.249    27.6100 0.0000e+00
      0.161     -0.042     5.2302     67.480     86.195  90.722182     0.4662      8.479   126.7424 6.4387e+02     0.6482      0.150      0.219    27.5816 0.0000e+00
      0.158     -0.019     5.2631     67.319     86.190  90.700958     0.4566      8.480   125.8763 6.4768e+02     0.7120      0.151      0.219    27.5775 0.0000e+00
      0.164      0.002     5.2926     66.949     86.239  90.707116     0.4567      8.480   127.4503 6.3725e+02     0.7225      0.161      0.233    27.5801 0.0000e+00
      0.173      0.015     5.3143     66.564     86.298  90.732978     0.4767      8.481   129.7713 6.3222e+02     0.6725      0.169      0.246    27.6025 0.0000e+00
      0.182      0.020     5.3242     66.357     86.340  90.759269     0.5068      8.481   131.3106 6.3652e+02     0.6200      0.179      0.259    27.6323 0.0000e+00
      0.190      0.019     5.3104     66.364     86.357  90.770644     0.5129      8.481   132.2948 6.3753e+02     0.6004      0.188      0.273    27.6174 0.0000e+00
      0.194      0.016     5.2792     66.465     86.337  90.743331     0.5007      8.482   133.0673 6.4363e+02     0.6069      0.193      0.280    27.5798 0.0000e+00
      0.194      0.012     5.2438     66.470     86.286  90.683353     0.4923      8.482   133.4229 6.5215e+02     0.6294      0.190      0.275    27.5585 0.0000e+00
      0.194      0.007     5.2275     66.226     86.230  90.617693     0.4944      8.483   132.8953 6.5671e+02     0.6337      0.188      0.274    27.5507 0.0000e+00
      0.196      0.003     5.2324     65.702     86.218  90.585264     0.5013      8.483   131.7643 6.6408e+02     0.6252      0.192      0.279    27.5489 0.0000e+00
      0.200      0.000     5.2459     64.937     86.278  90.609136     0.5000      8.483   131.4488 6.7384e+02     0.6278      0.197      0.285    27.5460 0.0000e+00
      0.201     -0.002     5.2526     64.039     86.353  90.651932     0.4964      8.484   131.2328 6.9381e+02     0.6314      0.199      0.288    27.5402 0.0000e+00
      0.198     -0.002     5.2328     63.184     86.367  90.657573     0.4994      8.484   130.0121 7.2204e+02     0.6351      0.195      0.283    27.5397 0.0000e+00
      0.193     -0.001     5.1910     62.420     86.322  90.613747     0.5021      8.484   129.3377 7.4096e+02     0.6384      0.188      0.273    27.5336 0.0000e+00
      0.191      0.001     5.1319     61.684     86.277  90.567124     0.5050      8.483   130.3923 7.7310e+02     0.6367      0.185      0.269    27.5017 0.0000e+00
      0.192      0.004     5.0559     60.984     86.256  90.538933     0.5091      8.482   131.8360 8.3357e+02     0.6492      0.187      0.271    27.4742 0.0000e+00
      0.196      0.005     4.9867     60.298     86.261  90.527209     0.5015      8.481   132.0813 9.0900e+02     0.6871      0.191      0.277    27.4741 0.0000e+00
      0.201      0.003     4.9316     59.609     86.316  90.552506     0.4800      8.479   131.5510 9.8680e+02     0.7194      0.197      0.286    27.4819 0.0000e+00
      0.205     -0.002     4.8693     59.002     86.385  90.590419     0.4653      8.479   131.7050 1.0534e+03     0.6979      0.203      0.294    27.4806 0.0000e+00
      0.205     -0.006     4.8168     58.562     86.415  90.604063     0.4648      8.480   132.3081 1.0920e+03     0.6655      0.204      0.296    27.4765 0.0000e+00
      0.199     -0.009     4.7649     58.288     86.406  90.590286     0.4577      8.481   132.5631 1.1060e+03     0.6693      0.196      0.286    27.4709 0.0000e+00
      0.189     -0.009     4.7077     58.082     86.367  90.551000     0.4381      8.481   133.0676 1.1199e+03     0.6419      0.183      0.266    27.4485 0.0000e+00
      0.184     -0.007     4.6606     57.908     86.322  90.510558     0.4271      8.480   133.8469 1.1195e+03     0.6077      0.177      0.257    27.4223 0.0000e+00
      0.184     -0.004     4.6242     57.773     86.303  90.482817     0.4323      8.479   134.1559 1.0966e+03     0.6310      0.179      0.261    27.4143 0.0000e+00
      0.188      0.000     4.6088     57.647     86.322  90.469894     0.4510      8.479   133.7927 1.0631e+03     0.6847      0.184      0.267    27.4149 0.0000e+00
      0.192      0.001     4.5923     57.518     86.366  90.481419     0.4623      8.478   132.8964 1.0234e+03     0.7108      0.189      0.274    27.4133 0.0000e+00
      0.193     -0.000     4.5767     57.361     86.395  90.494941     0.4533      8.477   132.1804 9.9523e+02     0.6730      0.190      0.276    27.4223 0.0000e+00
      0.191     -0.003     4.5681     57.148     86.413  90.506196     0.4503      8.477   131.9338 9.8738e+02     0.6029      0.188      0.272    27.4239 0.0000e+00
      0.188     -0.005     4.5596     56.905     86.405  90.490334     0.4510      8.477   131.8068 1.0025e+03     0.5806      0.184      0.267    27.3952 0.0000e+00
      0.185     -0.006     4.5524     56.656     86.355  90.430306     0.4446      8.477   131.8495 1.0271e+03     0.6430      0.181      0.262    27.3707 0.0000e+00
      0.183     -0.004     4.5418     56.372     86.348  90.416217     0.4397      8.477   132.1926 1.0472e+03     0.6750      0.179      0.260    27.3646 0.0000e+00
      0.183     -0.001     4.5244     56.098     86.383  90.447135     0.4407      8.477   132.7714 1.0766e+03     0.6600      0.179      0.260    27.3621 0.0000e+00
      0.183      0.004     4.5031     55.900     86.365  90.422631     0.4493      8.476   133.3404 1.1303e+03     0.7002      0.179      0.260    27.3586 0.0000e+00
      0.183      0.007     4.4872     55.736     86.321  90.374259     0.4523      8.476   133.3944 1.2061e+03     0.7503      0.178      0.258    27.3527 0.0000e+00
      0.186      0.007     4.4631     55.582     86.318  90.370922     0.4521      8.475   133.6833 1.2803e+03     0.7197      0.181      0.261    27.3491 0.0000e+00
      0.191      0.005     4.4372     55.417     86.327  90.382291     0.4549      8.474   134.6819 1.3048e+03     0.6377      0.187      0.271    27.3457 0.0000e+00
      0.196      0.002     4.4263     55.209     86.331  90.384565     0.4528      8.474   134.4561 1.2832e+03     0.5791      0.194      0.282    27.3428 0.0000e+00
      0.197     -0.002     4.4127     55.034     86.350  90.398407     0.4518      8.474   133.6200 1.2898e+03     0.5915      0.195      0.283    27.3408 0.0000e+00
      0.192     -0.003     4.4004     54.968     86.378  90.422483     0.4511      8.474   133.6932 1.3282e+03     0.6854      0.189      0.274    27.3399 0.0000e+00
      0.187     -0.003     4.3907     54.995     86.380  90.421329     0.4438      8.473   133.7064 1.3479e+03     0.7231      0.182      0.264    27.3430 0.0000e+00
      0.183     -0.001     4.3698     55.042     86.345  90.384452     0.4472      8.471   133.7791 1.3476e+03     0.6717      0.177      0.257    27.3431 0.0000e+00
      0.183      0.003     4.3542     55.024     86.318  90.358091     0.4430      8.470   134.3145 1.3517e+03     0.6450      0.178      0.258    27.3366 0.0000e+00
      0.188      0.005     4.3501     54.923     86.326  90.356926     0.4087      8.470   135.2756 1.3502e+03     0.6394      0.185      0.268    27.3334 0.0000e+00
      0.194      0.006     4.3542     54.780     86.367  90.370366     0.3827      8.471   136.0202 1.3365e+03     0.6377      0.192      0.279    27.3338 0.0000e+00
      0.196      0.004     4.3614     54.630     86.416  90.393379     0.3778      8.471   135.7458 1.3211e+03     0.6587      0.194      0.282    27.3306 0.0000e+00
      0.196     -0.000     4.3600     54.499     86.415  90.380799     0.3828      8.470   136.4328 1.2989e+03     0.6885      0.193      0.280    27.3350 0.0000e+00
      0.193     -0.008     4.3500     54.400     86.386  90.345399     0.3930      8.470   137.6158 1.2831e+03     0.6901      0.189      0.274    27.3355 0.0000e+00
      0.191     -0.019     4.3401     54.325     86.397  90.346851     0.4005      8.470   137.8322 1.2757e+03     0.6777      0.187      0.271    27.3103 0.0000e+00
      0.188     -0.029     4.3290     54.271     86.462  90.398344     0.4075      8.470   138.1019 1.2593e+03     0.6760      0.186      0.270    27.2887 0.0000e+00
      0.183     -0.038     4.3181     54.326     86.773  90.713639     0.4025      8.470   138.3817 1.2413e+03     0.6357      0.184      0.266    27.2871 0.0000e+00
      0.170     -0.046     4.3108     54.960     87.392  91.424935     0.3823      8.470   139.6676 1.2164e+03     0.5998      0.170      0.246    27.2872 0.0000e+00
      0.151     -0.052     4.3057     57.394     87.772  92.067957     0.3710      8.470   140.8301 1.1724e+03     0.6175      0.146      0.212    27.2801 0.0000e+00
      0.134     -0.055     4.3015     62.725     87.643  92.320970     0.3739      8.470   140.1333 1.1391e+03     0.6117      0.130      0.188    27.2702 0.0000e+00
      0.120     -0.055     4.2981     70.015     87.377  92.386362     0.3765      8.469   139.0723 1.1283e+03     0.6322      0.117      0.170    27.2560 0.0000e+00
      0.106     -0.049     4.3141     77.052     87.203  92.414050     0.3775      8.468   139.2727 1.1122e+03     0.6947      0.104      0.151    27.2550 0.0000e+00
      0.094     -0.039     4.4396     82.742     87.087  92.401713     0.3853      8.467   140.8352 1.0793e+03     0.6829      0.091      0.133    27.3992 0.0000e+00
      0.083     -0.029     4.8688     86.915     87.000  92.364530     0.3958      8.468   142.2194 1.0504e+03     0.6261      0.080      0.116    27.6823 0.0000e+00
      0.076     -0.019     5.5141     89.540     86.958  92.346078     0.3965      8.469   142.3286 1.0353e+03     0.5886      0.072      0.105    27.8936 0.0000e+00
      0.073     -0.010     6.0708     90.814     86.967  92.369425     0.3936      8.468   141.7250 1.0259e+03     0.5718      0.070      0.101    27.9988 0.0000e+00
      0.074     -0.003     6.5074     90.945     86.980  92.392480     0.3941      8.467   141.7183 1.0200e+03     0.5938      0.072      0.105    28.0551 0.0000e+00
      0.077      0.002     6.8383     90.217     86.954  92.370495     0.3948      8.466   141.6452 1.0174e+03     0.6489      0.075      0.109    28.0807 0.0000e+00
      0.080      0.005     7.0301     89.199     86.938  92.357975     0.4021      8.463   140.1526 1.0151e+03     0.6915      0.078      0.114    28.0937 0.0000e+00
      0.081      0.006     7.1250     88.320     86.944  92.368277     0.4073      8.462   138.3843 1.0090e+03     0.6995      0.080      0.117    28.1002 0.0000e+00
      0.081      0.009     7.1313     87.647     86.942  92.367877     0.4076      8.462   137.7307 9.9983e+02     0.7110      0.080      0.116    28.1051 0.0000e+00
      0.081      0.014     7.0528     87.175     86.927  92.353152     0.4058      8.463   137.8427 9.8976e+02     0.7286      0.079      0.114    28.1078 0.0000e+00
      0.081      0.023     6.9588     86.880     86.893  92.317415     0.3936      8.464   138.0172 9.8306e+02     0.7071      0.078      0.113    28.1108 0.0000e+00
      0.086      0.033     6.8933     86.665     86.893  92.317311     0.3851      8.466   138.2058 1.0179e+03     0.6568      0.081      0.117    28.1129 0.0000e+00
      0.098      0.042     6.8397     86.512     86.929  92.351891     0.3863      8.467   138.4883 1.0260e+03     0.6319      0.095      0.137    28.1140 0.0000e+00
      0.115      0.049     6.8020     86.436     86.936  92.353986     0.3912      8.469   139.1954 9.2630e+02     0.6797      0.113      0.164    28.1146 0.0000e+00
      0.132      0.052     6.7842     86.367     86.930  92.342634     0.3942      8.469   139.7870 8.3694e+02     0.7222      0.129      0.187    28.1156 0.0000e+00
      0.147      0.049     6.7672     86.274     86.932  92.341799     0.4062      8.468   139.5322 8.0829e+02     0.7017      0.144      0.209    28.1155 0.0000e+00
      0.161      0.043     6.7532     86.214     86.938  92.343893     0.4281      8.468   139.2120 7.8767e+02     0.6709      0.158      0.229    28.1124 0.0000e+00
      0.171      0.037     6.7515     86.187     86.964  92.367943     0.4346      8.468   139.0987 7.6620e+02     0.6233      0.170      0.246    28.1089 0.0000e+00
      0.177      0.033     6.7480     86.152     86.978  92.378224     0.4348      8.468   139.0232 7.4959e+02     0.5698      0.176      0.254    28.1065 0.0000e+00
      0.180      0.033     6.7369     86.105     86.947  92.341017     0.4219      8.469   138.9018 7.4534e+02     0.5703      0.177      0.256    28.1048 0.0000e+00
      0.184      0.036     6.7336     86.080     86.914  92.299598     0.3952      8.472   138.6638 7.4319e+02     0.6296      0.179      0.259    28.1028 0.0000e+00
      0.193      0.043     6.7335     86.094     86.889  92.258946     0.3870      8.474   138.7266 7.4284e+02     0.6716      0.188      0.272    28.0997 0.0000e+00
      0.208      0.051     6.7309     86.084     86.885  92.231003     0.3895      8.474   138.9718 7.4359e+02     0.6681      0.204      0.295    28.0973 0.0000e+00
      0.224      0.056     6.7266     86.019     86.895  92.216052     0.4008      8.474   138.7889 7.3331e+02     0.6226      0.220      0.317    28.0959 0.0000e+00
      0.241      0.058     6.7228     85.928     86.900  92.205303     0.4231      8.475   138.4947 7.2446e+02     0.5647      0.236      0.341    28.0932 0.0000e+00
      0.261      0.058     6.7286     85.848     86.928  92.228186     0.4346      8.477   138.5977 7.1995e+02     0.5827      0.257      0.372    28.0856 0.0000e+00
      0.276      0.058     6.7303     85.800     86.938  92.238369     0.4318      8.478   138.9165 7.1575e+02     0.6365      0.273      0.397    28.0704 0.0000e+00
      0.285      0.059     6.7260     85.828     86.909  92.201251     0.4388      8.479   139.2525 7.1586e+02     0.6684      0.280      0.406    28.0529 0.0000e+00
      0.294      0.061     6.7186     85.937     86.892  92.160905     0.4613      8.480   139.6480 7.1295e+02     0.6944      0.286      0.414    28.0433 0.0000e+00
      0.310      0.064     6.7131     86.013     86.897  92.132035     0.4709      8.481   140.0844 7.1212e+02     0.7119      0.302      0.437    28.0403 0.0000e+00
