Data/DataNotYetUploadedToEDI/Raw_CTD/RawDownloads/070725_fcr30_S7809009.cnv
* Sea-Bird SBE19plus  Data File:
* FileName = C:\R\Reservoirs\Data\DataNotYetUploadedToEDI\Raw_CTD\RawDownloads\070325_fcr50_S7809_0009.hex
* Software version 2.8.0.119
* Temperature SN = 7809
* Conductivity SN = 7809
* System UpLoad Time = Jul 07 2025 16:24:15
* <ApplicationData>
* <Seaterm232>
# nquan = 15
# nvalues = 3239                        
# units = specified
# name 0 = depFM: Depth [fresh water, m]
# name 1 = dz/dtM: Descent Rate [m/s]
# name 2 = sbeox0Mg/L: Oxygen, SBE 43 [mg/l]
# name 3 = sbeox0PS: Oxygen, SBE 43 [% saturation]
# name 4 = specc: Specific Conductance [uS/cm]
# name 5 = c0uS/cm: Conductivity [uS/cm]
# name 6 = flECO-AFL: Fluorescence, WET Labs ECO-AFL/FL [mg/m^3]
# name 7 = ph: pH
# name 8 = orp: Oxidation Reduction Potential [mV]
# name 9 = par/sat/log: PAR/Logarithmic, Satlantic
# name 10 = turbWETntu0: Turbidity, WET Labs ECO [NTU]
# name 11 = prdM: Pressure, Strain Gauge [db]
# name 12 = prdE: Pressure, Strain Gauge [psi]
# name 13 = tv290C: Temperature [ITS-90, deg C]
# name 14 = flag:  0.000e+00
# span 0 =     -0.636,      5.300       
# span 1 =     -0.509,      0.194       
# span 2 =     0.0199,     9.0117       
# span 3 =      0.202,    113.275       
# span 4 =      0.926,     67.967       
# span 5 =   0.901414,  53.573734       
# span 6 =    -0.2265,    33.2008       
# span 7 =      7.725,      9.511       
# span 8 =    58.2566,   497.3247       
# span 9 = 1.2349e-01, 2.6667e+03       
# span 10 =    -3.0403,   231.3334      
# span 11 =     -0.624,      5.201      
# span 12 =     -0.905,      7.543      
# span 13 =    11.1431,    27.9199      
# span 14 = 0.0000e+00, 0.0000e+00      
# interval = seconds: 0.25
# start_time = Jul 07 2025 13:00:01 [Instrument's time stamp, header]
# bad_flag = -9.990e-29
*END*
[from data line 290]
      0.018     -0.005     8.3115    104.719     34.950  36.447048     1.3198      9.499   124.3502 1.4648e+03     5.2703      0.015      0.023    27.1296 0.0000e+00
      0.010      0.011     8.3305    104.603     34.924  36.414067     1.3313      9.500   112.0837 2.0134e+03     5.4424      0.007      0.009    27.1296 0.0000e+00
      0.012      0.034     8.3337    104.546     34.903  36.380617     1.3733      9.502   110.4031 1.9390e+03     5.5920      0.006      0.009    27.1342 0.0000e+00
      0.028      0.058     8.3286    104.557     34.897  36.359841     1.4453      9.506   109.7944 1.1438e+03     5.6452      0.022      0.032    27.1376 0.0000e+00
      0.057      0.075     8.3266    104.542     34.904  36.353201     1.4687      9.509   109.2835 7.3706e+02     5.6073      0.055      0.080    27.1371 0.0000e+00
      0.087      0.081     8.3111    104.512     34.927  36.363760     1.4730      9.511   108.9590 9.7442e+02     5.6120      0.087      0.127    27.1298 0.0000e+00
      0.114      0.084     8.3098    104.523     34.934  36.360582     1.5061      9.511   108.8823 1.2955e+03     5.5994      0.113      0.163    27.1122 0.0000e+00
      0.134      0.097     8.3192    104.538     34.899  36.314757     1.5273      9.511   109.3885 1.4475e+03     5.4548      0.135      0.196    27.0896 0.0000e+00
      0.144      0.124     8.3198    104.505     34.856  36.253837     1.5132      9.510   110.4329 1.5023e+03     5.3328      0.144      0.209    27.0684 0.0000e+00
      0.153      0.157     8.3168    104.385     34.829  36.195017     1.4854      9.506   111.4436 1.5393e+03     5.2510      0.144      0.210    27.0496 0.0000e+00
      0.184      0.183     8.3227    104.110     34.849  36.174580     1.4825      9.502   112.0591 1.4349e+03     5.2177      0.159      0.232    27.0341 0.0000e+00
      0.261      0.194     8.3271    103.615     34.907  36.197014     1.5534      9.498   112.2811 1.1056e+03     5.2713      0.244      0.353    27.0233 0.0000e+00
      0.361      0.189     8.3264    102.904     34.942  36.212408     1.6680      9.494   112.4072 8.4178e+02     5.3534      0.372      0.539    27.0086 0.0000e+00
      0.429      0.165     8.3269    102.110     34.969  36.233769     1.7112      9.490   112.6376 7.6368e+02     5.4239      0.436      0.632    26.9636 0.0000e+00
      0.455      0.124     8.3168    101.441     34.995  36.264934     1.7009      9.487   113.0018 7.6277e+02     5.4752      0.451      0.654    26.8921 0.0000e+00
      0.461      0.074     8.2875    101.037     34.994  36.271973     1.7019      9.486   113.2840 8.1685e+02     5.5289      0.457      0.662    26.8313 0.0000e+00
      0.459      0.030     8.2306    100.945     34.970  36.255445     1.7064      9.485   113.3825 8.2174e+02     5.5610      0.450      0.652    26.8033 0.0000e+00
      0.455      0.006     8.1606    101.124     34.967  36.255454     1.6884      9.482   113.4186 8.0458e+02     5.5227      0.444      0.643    26.7987 0.0000e+00
      0.455      0.000     8.1024    101.428     34.983  36.272087     1.6513      9.480   113.5476 8.5370e+02     5.5102      0.446      0.646    26.8046 0.0000e+00
      0.456      0.002     8.0671    101.763     34.977  36.266211     1.6323      9.479   113.8246 8.9535e+02     5.5793      0.449      0.651    26.8210 0.0000e+00
      0.456      0.009     8.0572    102.117     34.958  36.247848     1.6327      9.478   114.1854 8.8961e+02     5.6750      0.447      0.649    26.8362 0.0000e+00
      0.455      0.017     8.0770    102.366     34.951  36.240416     1.6317      9.478   114.6408 8.7021e+02     5.6766      0.445      0.646    26.8387 0.0000e+00
      0.459      0.025     8.1063    102.436     34.953  36.239803     1.6205      9.478   115.1150 8.9493e+02     5.5650      0.448      0.650    26.8339 0.0000e+00
      0.468      0.034     8.1285    102.348     34.955  36.240428     1.6221      9.478   115.5308 9.3777e+02     5.5207      0.458      0.664    26.8353 0.0000e+00
      0.481      0.041     8.1633    102.112     34.963  36.247974     1.6431      9.477   115.7968 9.3242e+02     5.5512      0.470      0.684    26.8405 0.0000e+00
      0.494      0.045     8.1858    101.851     34.981  36.267585     1.6491      9.476   115.8348 9.0893e+02     5.5582      0.484      0.703    26.8386 0.0000e+00
      0.509      0.045     8.1880    101.714     34.995  36.287191     1.6284      9.476   115.8190 8.9554e+02     5.4696      0.500      0.725    26.8345 0.0000e+00
      0.523      0.040     8.1856    101.781     34.991  36.294686     1.6089      9.476   115.9496 8.7613e+02     5.3328      0.514      0.745    26.8314 0.0000e+00
      0.534      0.034     8.1607    102.077     34.977  36.294789     1.6379      9.476   116.2096 8.6270e+02     5.3385      0.524      0.760    26.8294 0.0000e+00
      0.541      0.027     8.1354    102.530     34.960  36.288453     1.6884      9.475   116.5538 8.4895e+02     5.4708      0.531      0.771    26.8296 0.0000e+00
      0.544      0.022     8.1224    103.020     34.946  36.281544     1.7038      9.475   117.0143 8.3328e+02     5.5322      0.534      0.774    26.8354 0.0000e+00
      0.547      0.018     8.1229    103.440     34.936  36.274717     1.6903      9.475   117.3891 8.4759e+02     5.4316      0.536      0.777    26.8541 0.0000e+00
      0.549      0.016     8.1463    103.736     34.931  36.269363     1.6744      9.475   117.5575 8.6569e+02     5.3135      0.538      0.780    26.8785 0.0000e+00
      0.554      0.015     8.1828    103.905     34.946  36.280256     1.6945      9.475   117.7599 8.5989e+02     5.3683      0.542      0.786    26.8959 0.0000e+00
      0.560      0.014     8.2244    103.948     34.951  36.279519     1.7429      9.475   118.0301 8.4311e+02     5.5132      0.550      0.797    26.9052 0.0000e+00
      0.566      0.012     8.2584    103.864     34.939  36.260436     1.7683      9.475   118.2429 8.3006e+02     5.5626      0.556      0.806    26.9105 0.0000e+00
      0.569      0.010     8.2817    103.686     34.926  36.239871     1.7775      9.475   118.4399 8.3431e+02     5.5217      0.558      0.809    26.9108 0.0000e+00
      0.569      0.008     8.2959    103.481     34.916  36.221205     1.8036      9.475   118.6914 8.3491e+02     5.5307      0.558      0.810    26.9046 0.0000e+00
      0.569      0.008     8.3012    103.283     34.932  36.225083     1.8416      9.474   119.0465 8.2306e+02     5.6376      0.557      0.808    26.8948 0.0000e+00
      0.569      0.008     8.2955    103.071     34.943  36.223296     1.8713      9.474   119.4639 8.2426e+02     5.7209      0.557      0.808    26.8843 0.0000e+00
      0.572      0.010     8.2797    102.839     34.930  36.199571     1.8802      9.474   119.7811 8.0746e+02     5.6835      0.561      0.813    26.8757 0.0000e+00
      0.576      0.014     8.2637    102.593     34.931  36.192006     1.8744      9.475   119.9566 7.7240e+02     5.5958      0.565      0.819    26.8647 0.0000e+00
      0.579      0.016     8.2527    102.340     34.941  36.195277     1.8754      9.474   120.1218 7.6736e+02     5.5825      0.567      0.822    26.8441 0.0000e+00
      0.583      0.017     8.2386    102.102     34.927  36.175658     1.9005      9.473   120.3168 7.8704e+02     5.6605      0.571      0.828    26.8236 0.0000e+00
      0.589      0.016     8.2216    101.902     34.906  36.145130     1.9277      9.473   120.5071 7.9406e+02     5.7521      0.578      0.839    26.8103 0.0000e+00
      0.595      0.014     8.2042    101.742     34.916  36.143406     1.9298      9.473   120.7021 7.8831e+02     5.7679      0.584      0.849    26.7976 0.0000e+00
      0.600      0.012     8.1841    101.605     34.940  36.154786     1.9260      9.473   120.8681 8.3101e+02     5.7494      0.589      0.853    26.7889 0.0000e+00
      0.601      0.010     8.1653    101.499     34.954  36.155806     1.9315      9.473   120.9646 8.7641e+02     5.8015      0.590      0.855    26.7830 0.0000e+00
      0.601      0.008     8.1510    101.399     34.968  36.155723     1.9560      9.474   121.0947 8.4783e+02     5.8854      0.589      0.854    26.7713 0.0000e+00
      0.602      0.008     8.1420    101.213     34.973  36.153766     1.9801      9.475   121.3230 8.1417e+02     5.8764      0.590      0.855    26.7509 0.0000e+00
      0.603      0.008     8.1338    101.010     34.952  36.132122     1.9653      9.474   121.5736 7.9149e+02     5.7946      0.591      0.858    26.7312 0.0000e+00
      0.606      0.008     8.1264    100.933     34.904  36.084380     1.9515      9.473   121.7160 7.8487e+02     5.8184      0.594      0.862    26.7140 0.0000e+00
      0.610      0.008     8.1283    100.918     34.911  36.084121     1.9720      9.473   121.8401 7.9242e+02     5.9597      0.599      0.869    26.6891 0.0000e+00
      0.613      0.007     8.1136    100.898     34.969  36.128971     1.9959      9.473   122.1273 7.8608e+02     6.0333      0.602      0.873    26.6742 0.0000e+00
      0.614      0.006     8.0863    100.889     34.972  36.119046     1.9906      9.472   122.3488 7.8473e+02     5.9228      0.603      0.874    26.6820 0.0000e+00
      0.614      0.006     8.0863    100.860     34.950  36.091005     1.9591      9.472   122.4537 7.5585e+02     5.7510      0.601      0.872    26.6904 0.0000e+00
      0.614      0.006     8.0879    100.798     34.966  36.107163     1.9551      9.472   122.6217 7.2781e+02     5.7670      0.601      0.872    26.6785 0.0000e+00
      0.616      0.007     8.0880    100.762     34.985  36.124065     2.0006      9.471   122.7459 7.2202e+02     5.9788      0.604      0.876    26.6508 0.0000e+00
      0.618      0.010     8.0926    100.764     34.973  36.105008     2.0434      9.471   122.8365 7.0658e+02     6.1945      0.606      0.879    26.6296 0.0000e+00
      0.621      0.012     8.0920    100.738     34.946  36.067086     2.0398      9.471   123.0283 6.9748e+02     6.2228      0.608      0.883    26.6245 0.0000e+00
      0.625      0.012     8.0840    100.683     34.934  36.046236     2.0153      9.471   123.1722 6.9810e+02     6.0820      0.613      0.889    26.6255 0.0000e+00
      0.629      0.011     8.0797    100.604     34.937  36.043248     2.0045      9.470   123.2859 7.0902e+02     5.9954      0.616      0.894    26.6241 0.0000e+00
      0.633      0.010     8.0866    100.510     34.930  36.030950     2.0019      9.468   123.5428 6.9217e+02     5.9266      0.620      0.900    26.6141 0.0000e+00
      0.635      0.008     8.0844    100.413     34.928  36.024433     2.0002      9.467   123.7833 6.3101e+02     5.8652      0.623      0.904    26.5980 0.0000e+00
      0.637      0.005     8.0825    100.305     34.936  36.027894     1.9847      9.466   123.9564 5.8581e+02     5.8672      0.625      0.906    26.5849 0.0000e+00
      0.637      0.003     8.0776    100.224     34.921  36.009344     1.9718      9.464   124.1734 5.5186e+02     5.8825      0.625      0.907    26.5765 0.0000e+00
      0.636      0.001     8.0690    100.178     34.906  35.990481     2.0021      9.462   124.4269 5.1958e+02     5.9822      0.624      0.906    26.5708 0.0000e+00
      0.635      0.001     8.0648    100.140     34.909  35.990170     2.0441      9.461   124.6987 4.9452e+02     6.0141      0.623      0.904    26.5637 0.0000e+00
      0.635      0.001     8.0541    100.116     34.928  36.005572     2.0465      9.460   124.9652 4.6217e+02     5.8584      0.622      0.902    26.5569 0.0000e+00
      0.636      0.001     8.0483    100.131     34.973  36.049805     2.0308      9.458   125.2397 4.2753e+02     5.7399      0.624      0.905    26.5521 0.0000e+00
      0.638      0.002     8.0471    100.163     35.005  36.080839     2.0450      9.457   125.5226 3.9241e+02     5.8113      0.626      0.908    26.5466 0.0000e+00
      0.639      0.003     8.0442    100.185     34.990  36.063549     2.0779      9.455   125.7190 3.6636e+02     5.9354      0.626      0.908    26.5413 0.0000e+00
      0.639      0.003     8.0418    100.211     34.960  36.031099     2.1042      9.452   125.8068 3.4598e+02     5.9078      0.627      0.909    26.5362 0.0000e+00
      0.639      0.004     8.0441    100.184     34.937  36.005730     2.0958      9.450   125.8968 3.2323e+02     5.7852      0.627      0.909    26.5317 0.0000e+00
      0.640      0.005     8.0499    100.089     34.944  36.010619     2.0601      9.449   126.0319 3.0560e+02     5.7849      0.626      0.909    26.5293 0.0000e+00
      0.641      0.006     8.0480    100.006     34.962  36.026756     2.0549      9.449   126.1496 2.9325e+02     5.9380      0.629      0.912    26.5278 0.0000e+00
      0.644      0.006     8.0546     99.977     34.949  36.010491     2.0824      9.447   126.2017 2.7565e+02     6.0994      0.631      0.915    26.5264 0.0000e+00
      0.646      0.006     8.0538    100.002     34.945  36.004297     2.1103      9.443   126.2320 2.5547e+02     6.1309      0.634      0.919    26.5241 0.0000e+00
      0.648      0.004     8.0418    100.049     34.957  36.015312     2.1017      9.441   126.3436 2.4182e+02     6.0455      0.636      0.922    26.5205 0.0000e+00
      0.649      0.001     8.0363    100.070     34.958  36.016776     2.0780      9.439   126.5183 2.2975e+02     6.0574      0.636      0.923    26.5158 0.0000e+00
      0.650     -0.001     8.0335    100.070     34.963  36.022006     2.0984      9.437   126.6245 2.1617e+02     6.1728      0.638      0.925    26.5111 0.0000e+00
      0.649     -0.003     8.0378    100.065     34.957  36.015094     2.1311      9.435   126.6808 2.0438e+02     6.2110      0.637      0.925    26.5079 0.0000e+00
      0.646     -0.003     8.0429     99.986     34.939  35.996651     2.1161      9.434   126.7687 1.9688e+02     6.0752      0.634      0.919    26.5066 0.0000e+00
      0.643     -0.002     8.0456     99.826     34.933  35.989360     2.0750      9.432   126.9122 1.9331e+02     5.8292      0.630      0.913    26.5065 0.0000e+00
      0.642      0.000     8.0421     99.628     34.934  35.990390     2.0751      9.430   127.1261 1.9123e+02     5.7641      0.629      0.912    26.5068 0.0000e+00
      0.643      0.003     8.0462     99.321     34.952  36.009102     2.1089      9.428   127.2892 1.8863e+02     5.9028      0.631      0.914    26.5070 0.0000e+00
      0.645      0.006     8.0413     98.996     34.969  36.025257     2.1344      9.424   127.3360 1.8678e+02     6.0033      0.633      0.918    26.5064 0.0000e+00
      0.647      0.010     8.0219     98.863     34.941  35.995369     2.1423      9.423   127.4343 1.8704e+02     5.9546      0.635      0.921    26.5061 0.0000e+00
      0.650      0.013     8.0143     98.919     34.913  35.964971     2.1291      9.423   127.6172 1.8773e+02     5.8256      0.637      0.924    26.5060 0.0000e+00
      0.653      0.016     7.9859     99.027     34.923  35.974957     2.1244      9.422   127.7398 1.8925e+02     5.8108      0.641      0.929    26.5053 0.0000e+00
      0.657      0.018     7.9494     99.113     34.938  35.989217     2.1354      9.420   127.8843 1.9002e+02     5.8437      0.644      0.934    26.5043 0.0000e+00
      0.662      0.021     7.9417     99.181     34.960  36.010483     2.1454      9.417   128.0743 1.9044e+02     5.8140      0.649      0.941    26.5030 0.0000e+00
      0.668      0.022     7.9510     99.230     34.992  36.041733     2.1451      9.415   128.2298 1.9114e+02     5.7929      0.656      0.951    26.5016 0.0000e+00
      0.676      0.022     7.9628     99.270     35.001  36.049809     2.1244      9.413   128.3879 1.9195e+02     5.7933      0.663      0.962    26.4999 0.0000e+00
      0.683      0.021     7.9678     99.326     34.997  36.044676     2.1525      9.412   128.5235 1.9555e+02     5.8537      0.670      0.972    26.4981 0.0000e+00
