Data/DataNotYetUploadedToEDI/Raw_CTD/RawDownloads/070722_ccr20_SBE19plus01907809_0006.cnv
* Sea-Bird SBE19plus  Data File:
* FileName = C:\R\Reservoirs\Data\DataNotYetUploadedToEDI\Raw_CTD\RawDownloads\070722_ccr50_SBE19plus01907809_0006.hex
* Software version 2.8.0.119
* Temperature SN = 7809
* Conductivity SN = 7809
* System UpLoad Time = Jul 07 2022 15:46:22
* <ApplicationData>
* <Seaterm232>
# nquan = 15
# nvalues = 1273                        
# units = specified
# name 0 = depFM: Depth [fresh water, m]
# name 1 = dz/dtM: Descent Rate [m/s]
# name 2 = sbeox0Mg/L: Oxygen, SBE 43 [mg/l]
# name 3 = sbeox0PS: Oxygen, SBE 43 [% saturation]
# name 4 = specc: Specific Conductance [uS/cm]
# name 5 = c0uS/cm: Conductivity [uS/cm]
# name 6 = flECO-AFL: Fluorescence, WET Labs ECO-AFL/FL [mg/m^3]
# name 7 = ph: pH
# name 8 = orp: Oxidation Reduction Potential [mV]
# name 9 = par/sat/log: PAR/Logarithmic, Satlantic
# name 10 = turbWETntu0: Turbidity, WET Labs ECO [NTU]
# name 11 = prdM: Pressure, Strain Gauge [db]
# name 12 = prdE: Pressure, Strain Gauge [psi]
# name 13 = tv290C: Temperature [ITS-90, deg C]
# name 14 = flag:  0.000e+00
# span 0 =     -0.488,      9.222       
# span 1 =     -0.350,      0.233       
# span 2 =     0.3994,     7.6151       
# span 3 =      3.693,     93.707       
# span 4 =      1.801,    105.377       
# span 5 =   1.816855,  92.115027       
# span 6 =    -0.1507,     3.4817       
# span 7 =      7.387,      8.465       
# span 8 =   -62.0043,   229.9068       
# span 9 = 1.0563e+00, 8.0581e+02       
# span 10 =    -0.3937,    31.5724      
# span 11 =     -0.479,      9.044      
# span 12 =     -0.695,     13.117      
# span 13 =    11.6535,    27.8680      
# span 14 = 0.0000e+00, 0.0000e+00      
# interval = seconds: 0.25
# start_time = Jul 07 2022 08:33:07 [Instrument's time stamp, header]
# bad_flag = -9.990e-29
*END*
[from data line 193]
      0.102     -0.042     6.5218     83.141     87.012  91.863189     0.5496      8.437   158.3940 6.0205e+02     0.6428      0.102      0.148    27.7759 0.0000e+00
      0.087     -0.033     6.5207     82.990     87.010  91.862814     0.5481      8.438   159.7398 6.0995e+02     0.5809      0.085      0.124    27.7773 0.0000e+00
      0.074     -0.024     6.5229     82.774     86.982  91.834007     0.5568      8.439   160.0863 6.2189e+02     0.5724      0.069      0.100    27.7780 0.0000e+00
      0.069     -0.014     6.5327     82.692     86.980  91.832813     0.5633      8.440   160.2602 6.2939e+02     0.6422      0.065      0.094    27.7790 0.0000e+00
      0.072     -0.005     6.5380     82.802     86.993  91.848378     0.5598      8.440   160.5519 6.2797e+02     0.7073      0.071      0.103    27.7811 0.0000e+00
      0.076      0.002     6.5224     82.964     86.976  91.831454     0.5559      8.440   160.4295 6.2494e+02     0.7111      0.075      0.109    27.7821 0.0000e+00
      0.079      0.005     6.4978     83.074     86.964  91.818947     0.5582      8.440   159.8129 6.2360e+02     0.6876      0.079      0.113    27.7822 0.0000e+00
      0.081      0.005     6.4888     83.179     86.969  91.824319     0.5623      8.440   159.2050 6.2130e+02     0.6625      0.081      0.117    27.7827 0.0000e+00
      0.082      0.002     6.5043     83.373     86.976  91.832819     0.5475      8.440   158.3277 6.1939e+02     0.6120      0.081      0.118    27.7838 0.0000e+00
      0.081      0.001     6.5196     83.583     87.000  91.858140     0.5120      8.440   157.3806 6.1951e+02     0.5898      0.080      0.117    27.7851 0.0000e+00
      0.080      0.002     6.5272     83.671     87.016  91.876124     0.5000      8.440   157.3038 6.2033e+02     0.6333      0.078      0.113    27.7852 0.0000e+00
      0.079      0.003     6.5297     83.625     86.999  91.859509     0.5194      8.440   157.2264 6.2105e+02     0.6943      0.076      0.110    27.7847 0.0000e+00
      0.079      0.006     6.5482     83.540     86.987  91.848005     0.5290      8.440   156.2729 6.2060e+02     0.7463      0.076      0.110    27.7849 0.0000e+00
      0.081      0.011     6.5711     83.520     87.002  91.864200     0.5160      8.439   155.6694 6.2066e+02     0.8176      0.079      0.115    27.7850 0.0000e+00
      0.086      0.016     6.5763     83.485     87.001  91.864575     0.5035      8.439   155.6943 6.2452e+02     0.8731      0.085      0.123    27.7856 0.0000e+00
      0.091      0.024     6.5715     83.343     86.989  91.852536     0.5031      8.440   156.0578 6.3782e+02     0.8710      0.090      0.131    27.7866 0.0000e+00
      0.096      0.033     6.5579     83.219     86.983  91.845807     0.5035      8.440   156.1063 6.4076e+02     0.8602      0.093      0.136    27.7871 0.0000e+00
      0.102      0.041     6.5604     83.230     86.985  91.846810     0.4999      8.440   155.5067 6.1226e+02     0.8455      0.098      0.142    27.7878 0.0000e+00
      0.114      0.049     6.5640     83.367     87.004  91.864660     0.5006      8.440   155.6914 5.7485e+02     0.7619      0.109      0.158    27.7886 0.0000e+00
      0.131      0.057     6.5450     83.549     87.011  91.870856     0.5119      8.441   156.1888 5.4330e+02     0.6679      0.130      0.187    27.7892 0.0000e+00
      0.149      0.065     6.5321     83.716     87.001  91.858139     0.5205      8.441   155.6695 5.2074e+02     0.6657      0.148      0.214    27.7893 0.0000e+00
      0.166      0.073     6.5341     83.889     86.987  91.838071     0.5125      8.441   155.0055 5.1555e+02     0.6677      0.163      0.236    27.7881 0.0000e+00
      0.183      0.081     6.5471     84.037     86.977  91.818963     0.4993      8.442   154.6995 5.1510e+02     0.6238      0.179      0.260    27.7867 0.0000e+00
      0.202      0.086     6.5652     84.098     86.984  91.817857     0.4943      8.443   154.4642 5.0840e+02     0.6129      0.198      0.287    27.7865 0.0000e+00
      0.226      0.090     6.5747     84.060     86.998  91.824671     0.4930      8.443   154.5697 4.9863e+02     0.6394      0.219      0.319    27.7855 0.0000e+00
      0.254      0.091     6.5909     83.940     87.016  91.837752     0.5081      8.443   155.9752 4.8659e+02     0.8066      0.249      0.362    27.7822 0.0000e+00
      0.283      0.091     6.6054     83.799     87.031  91.848835     0.5522      8.443   158.3793 4.7560e+02     1.0979      0.281      0.407    27.7770 0.0000e+00
      0.306      0.086     6.6107     83.746     87.020  91.831494     0.5848      8.444   159.9771 4.6845e+02     1.2237      0.301      0.437    27.7713 0.0000e+00
      0.325      0.079     6.6079     83.822     87.014  91.818836     0.5785      8.446   160.6673 4.6489e+02     1.2000      0.320      0.464    27.7669 0.0000e+00
      0.344      0.073     6.5973     83.929     87.025  91.822945     0.5586      8.446   160.3579 4.6044e+02     1.0850      0.338      0.489    27.7640 0.0000e+00
      0.360      0.069     6.5834     84.042     87.027  91.817571     0.5438      8.446   159.3335 4.5464e+02     0.8916      0.354      0.515    27.7612 0.0000e+00
      0.375      0.068     6.5756     84.162     87.037  91.817438     0.5414      8.447   158.6917 4.4969e+02     0.8096      0.368      0.534    27.7584 0.0000e+00
      0.389      0.070     6.5893     84.237     87.054  91.821324     0.5547      8.447   158.2774 4.4166e+02     0.8438      0.381      0.552    27.7545 0.0000e+00
      0.407      0.074     6.5973     84.292     87.045  91.800942     0.5716      8.447   158.1955 4.3381e+02     0.8951      0.398      0.578    27.7495 0.0000e+00
      0.429      0.080     6.6046     84.282     87.015  91.761740     0.5873      8.447   158.6480 4.2926e+02     0.9183      0.420      0.611    27.7467 0.0000e+00
      0.450      0.085     6.6201     84.106     86.994  91.728839     0.5955      8.448   160.0489 4.2419e+02     0.8856      0.442      0.641    27.7415 0.0000e+00
      0.473      0.090     6.6225     83.766     87.000  91.721055     0.5872      8.448   161.2810 4.1540e+02     0.8407      0.461      0.668    27.7304 0.0000e+00
      0.498      0.090     6.6298     83.359     87.022  91.731186     0.5697      8.448   160.6387 4.0625e+02     0.7861      0.489      0.709    27.7236 0.0000e+00
      0.524      0.087     6.6342     83.012     87.023  91.724134     0.5584      8.447   159.7684 3.9993e+02     0.6695      0.515      0.747    27.7222 0.0000e+00
      0.548      0.082     6.6199     82.843     87.004  91.699368     0.5588      8.446   159.9657 3.9440e+02     0.5915      0.536      0.779    27.7154 0.0000e+00
      0.568      0.075     6.5917     82.888     86.995  91.686069     0.5663      8.446   160.6151 3.8947e+02     0.6293      0.559      0.811    27.7058 0.0000e+00
      0.585      0.068     6.5564     83.045     87.001  91.690505     0.5742      8.447   160.9954 3.8543e+02     0.7499      0.574      0.833    27.6988 0.0000e+00
      0.599      0.062     6.5267     83.251     87.001  91.689405     0.5794      8.447   161.2938 3.8110e+02     0.8888      0.588      0.851    27.6941 0.0000e+00
      0.613      0.057     6.5109     83.561     86.985  91.672778     0.5795      8.447   161.6425 3.7631e+02     0.9426      0.601      0.871    27.6915 0.0000e+00
      0.627      0.054     6.5199     83.946     86.994  91.680225     0.5674      8.447   161.2531 3.7188e+02     0.8884      0.615      0.892    27.6889 0.0000e+00
      0.641      0.053     6.5351     84.245     87.029  91.715854     0.5490      8.447   160.7156 3.6876e+02     0.8132      0.629      0.911    27.6875 0.0000e+00
      0.654      0.056     6.5473     84.344     87.037  91.722051     0.5410      8.447   160.8226 3.6668e+02     0.8187      0.642      0.930    27.6879 0.0000e+00
      0.666      0.061     6.5720     84.254     87.011  91.691558     0.5532      8.447   161.1694 3.6373e+02     0.8874      0.653      0.948    27.6885 0.0000e+00
      0.678      0.066     6.6089     84.089     86.992  91.665093     0.5713      8.448   161.2955 3.5926e+02     0.9254      0.663      0.962    27.6875 0.0000e+00
      0.694      0.071     6.6357     83.979     86.995  91.656387     0.5770      8.449   161.6588 3.5374e+02     0.9370      0.678      0.984    27.6859 0.0000e+00
      0.718      0.074     6.6432     83.964     86.999  91.649865     0.5807      8.450   162.2924 3.4756e+02     0.9260      0.702      1.019    27.6848 0.0000e+00
      0.743      0.075     6.6330     84.049     87.004  91.649798     0.5989      8.451   162.4166 3.4302e+02     0.8605      0.731      1.061    27.6838 0.0000e+00
      0.765      0.071     6.6151     84.184     87.011  91.655568     0.6147      8.452   162.5588 3.4153e+02     0.8275      0.753      1.092    27.6805 0.0000e+00
      0.782      0.061     6.6080     84.235     87.012  91.656044     0.6048      8.451   163.7542 3.3964e+02     0.8353      0.767      1.111    27.6721 0.0000e+00
      0.797      0.049     6.6071     84.115     87.013  91.655557     0.5953      8.451   165.4268 3.3594e+02     0.7840      0.782      1.134    27.6649 0.0000e+00
      0.808      0.039     6.6140     83.880     87.009  91.649672     0.6079      8.453   166.1759 3.3319e+02     0.7195      0.794      1.151    27.6629 0.0000e+00
      0.814      0.035     6.6306     83.669     87.008  91.648473     0.6239      8.453   166.0148 3.3238e+02     0.7044      0.800      1.160    27.6626 0.0000e+00
      0.815      0.036     6.6371     83.576     87.002  91.641063     0.6312      8.453   165.2860 3.3153e+02     0.6704      0.799      1.159    27.6623 0.0000e+00
      0.819      0.040     6.6261     83.594     86.989  91.623661     0.6290      8.453   164.1614 3.2848e+02     0.6496      0.800      1.159    27.6614 0.0000e+00
      0.829      0.046     6.6031     83.675     87.001  91.628807     0.6227      8.452   163.4299 3.2541e+02     0.7253      0.811      1.176    27.6599 0.0000e+00
      0.847      0.052     6.5826     83.754     87.016  91.639690     0.6223      8.452   163.1527 3.2351e+02     0.8005      0.830      1.204    27.6596 0.0000e+00
      0.867      0.060     6.5775     83.826     87.007  91.628067     0.6240      8.452   163.1321 3.2076e+02     0.8418      0.851      1.235    27.6603 0.0000e+00
      0.884      0.067     6.5792     83.940     86.997  91.615440     0.6176      8.452   163.3529 3.1752e+02     0.8484      0.870      1.261    27.6578 0.0000e+00
      0.896      0.073     6.5893     84.105     87.001  91.614181     0.6120      8.451   164.3606 3.1428e+02     0.7781      0.879      1.275    27.6526 0.0000e+00
      0.910      0.078     6.5961     84.311     87.007  91.612836     0.6233      8.450   165.5079 3.1051e+02     0.7434      0.889      1.290    27.6502 0.0000e+00
      0.931      0.082     6.5987     84.507     87.003  91.599164     0.6370      8.450   165.0071 3.0685e+02     0.7366      0.912      1.323    27.6495 0.0000e+00
      0.958      0.084     6.6091     84.583     86.989  91.576033     0.6455      8.450   163.9838 3.0238e+02     0.7293      0.939      1.361    27.6485 0.0000e+00
      0.987      0.084     6.6218     84.517     87.005  91.587490     0.6595      8.451   163.8041 2.9733e+02     0.7914      0.968      1.404    27.6453 0.0000e+00
      1.012      0.079     6.6397     84.463     87.028  91.610508     0.6724      8.451   164.3828 2.9438e+02     0.8387      0.997      1.446    27.6404 0.0000e+00
      1.030      0.072     6.6597     84.499     87.018  91.599989     0.6851      8.451   165.3884 2.9189e+02     0.8572      1.012      1.467    27.6348 0.0000e+00
      1.043      0.064     6.6695     84.542     87.007  91.587481     0.6964      8.451   165.6377 2.8859e+02     0.8444      1.023      1.482    27.6288 0.0000e+00
      1.055      0.058     6.6565     84.568     87.008  91.586448     0.7013      8.451   165.0744 2.8616e+02     0.7524      1.034      1.500    27.6262 0.0000e+00
      1.068      0.056     6.6491     84.612     87.011  91.587491     0.7028      8.450   164.7720 2.8353e+02     0.6672      1.046      1.518    27.6264 0.0000e+00
      1.083      0.059     6.6580     84.669     87.026  91.600093     0.6976      8.449   164.6495 2.8008e+02     0.6337      1.062      1.540    27.6263 0.0000e+00
      1.098      0.064     6.6604     84.674     87.041  91.611629     0.6883      8.448   164.4527 2.7743e+02     0.6209      1.077      1.562    27.6258 0.0000e+00
      1.113      0.073     6.6617     84.585     87.040  91.599799     0.6741      8.447   164.6294 2.7551e+02     0.6835      1.091      1.583    27.6249 0.0000e+00
      1.131      0.082     6.6648     84.438     87.037  91.584210     0.6663      8.448   164.9796 2.7264e+02     0.8090      1.107      1.606    27.6225 0.0000e+00
      1.152      0.089     6.6721     84.306     87.016  91.550285     0.6780      8.450   164.9870 2.6838e+02     0.8749      1.128      1.635    27.6217 0.0000e+00
      1.179      0.091     6.6744     84.263     86.983  91.507520     0.6825      8.451   164.8057 2.6288e+02     0.8998      1.154      1.672    27.6201 0.0000e+00
      1.210      0.089     6.6663     84.306     86.992  91.512231     0.6790      8.451   164.7657 2.5755e+02     0.9388      1.189      1.724    27.6132 0.0000e+00
      1.238      0.084     6.6541     84.387     87.023  91.543646     0.6858      8.451   164.9334 2.5482e+02     0.9713      1.218      1.767    27.6058 0.0000e+00
      1.256      0.076     6.6413     84.506     87.048  91.569432     0.6889      8.451   165.7154 2.5392e+02     0.9513      1.233      1.789    27.5986 0.0000e+00
      1.269      0.066     6.6391     84.666     87.049  91.569667     0.6838      8.451   166.4771 2.5242e+02     0.9018      1.244      1.805    27.5927 0.0000e+00
      1.282      0.058     6.6454     84.829     87.028  91.546482     0.6739      8.451   166.0557 2.5047e+02     0.8855      1.257      1.823    27.5904 0.0000e+00
      1.295      0.055     6.6507     84.981     87.025  91.543451     0.6698      8.450   165.7819 2.4859e+02     0.8910      1.271      1.843    27.5905 0.0000e+00
      1.309      0.058     6.6597     85.112     87.018  91.533019     0.6838      8.450   166.0055 2.4634e+02     0.8990      1.283      1.861    27.5908 0.0000e+00
      1.322      0.064     6.6743     85.171     86.977  91.483926     0.7013      8.450   165.7484 2.4419e+02     0.9148      1.297      1.881    27.5898 0.0000e+00
      1.337      0.073     6.6876     85.151     86.960  91.458536     0.7144      8.450   165.6852 2.4212e+02     0.9448      1.311      1.901    27.5894 0.0000e+00
      1.355      0.082     6.6986     85.127     86.988  91.480369     0.7259      8.450   166.1870 2.3923e+02     0.9542      1.327      1.926    27.5898 0.0000e+00
      1.378      0.090     6.7118     85.124     87.005  91.493546     0.7244      8.449   166.6535 2.3556e+02     0.9262      1.350      1.958    27.5887 0.0000e+00
      1.406      0.095     6.7176     85.114     87.005  91.490684     0.7124      8.449   166.5085 2.3162e+02     0.8796      1.377      1.996    27.5848 0.0000e+00
      1.436      0.096     6.7127     85.071     87.023  91.509342     0.7141      8.450   166.1541 2.2782e+02     0.8349      1.409      2.044    27.5801 0.0000e+00
      1.464      0.092     6.7111     84.983     87.043  91.528380     0.7281      8.451   166.2398 2.2442e+02     0.8304      1.439      2.087    27.5757 0.0000e+00
      1.486      0.083     6.7130     84.913     87.046  91.530111     0.7331      8.452   166.5983 2.2114e+02     0.8586      1.458      2.115    27.5717 0.0000e+00
      1.506      0.072     6.7122     84.911     87.047  91.530269     0.7323      8.452   167.5629 2.1830e+02     0.9019      1.478      2.144    27.5704 0.0000e+00
      1.522      0.062     6.7104     84.875     87.048  91.530284     0.7352      8.452   168.6974 2.1645e+02     0.8759      1.494      2.167    27.5709 0.0000e+00
