Data/DataNotYetUploadedToEDI/Raw_CTD/RawDownloads/070725_fcr20_S7809008.cnv
* Sea-Bird SBE19plus  Data File:
* FileName = C:\R\Reservoirs\Data\DataNotYetUploadedToEDI\Raw_CTD\RawDownloads\070325_fcr50_S7809_0008.hex
* Software version 2.8.0.119
* Temperature SN = 7809
* Conductivity SN = 7809
* System UpLoad Time = Jul 07 2025 16:22:54
* <ApplicationData>
* <Seaterm232>
# nquan = 15
# nvalues = 1818                        
# units = specified
# name 0 = depFM: Depth [fresh water, m]
# name 1 = dz/dtM: Descent Rate [m/s]
# name 2 = sbeox0Mg/L: Oxygen, SBE 43 [mg/l]
# name 3 = sbeox0PS: Oxygen, SBE 43 [% saturation]
# name 4 = specc: Specific Conductance [uS/cm]
# name 5 = c0uS/cm: Conductivity [uS/cm]
# name 6 = flECO-AFL: Fluorescence, WET Labs ECO-AFL/FL [mg/m^3]
# name 7 = ph: pH
# name 8 = orp: Oxidation Reduction Potential [mV]
# name 9 = par/sat/log: PAR/Logarithmic, Satlantic
# name 10 = turbWETntu0: Turbidity, WET Labs ECO [NTU]
# name 11 = prdM: Pressure, Strain Gauge [db]
# name 12 = prdE: Pressure, Strain Gauge [psi]
# name 13 = tv290C: Temperature [ITS-90, deg C]
# name 14 = flag:  0.000e+00
# span 0 =     -0.633,      3.332       
# span 1 =     -3.857,      0.206       
# span 2 =     0.0134,     7.6812       
# span 3 =      0.180,     95.716       
# span 4 =      1.158,     97.384       
# span 5 =   1.165027,  76.331790       
# span 6 =    -0.0876,   227.6222       
# span 7 =      7.763,      9.297       
# span 8 =   -80.7334,   207.9296       
# span 9 = 1.3203e-01, 2.4517e+03       
# span 10 =    -4.0920,   288.6164      
# span 11 =     -0.623,      3.269      
# span 12 =     -0.903,      4.741      
# span 13 =    13.9815,    28.4094      
# span 14 = 0.0000e+00, 0.0000e+00      
# interval = seconds: 0.25
# start_time = Jul 07 2025 12:45:51 [Instrument's time stamp, header]
# bad_flag = -9.990e-29
*END*
[from data line 868]
      1.488      0.014     6.6218     76.398     41.112  40.344987     2.0533      8.957   178.0983 2.1829e+02     8.1583      1.459      2.116    24.1313 0.0000e+00
      1.491      0.014     6.5718     75.896     41.090  40.303473     2.0883      8.952   178.0683 2.1839e+02     8.0412      1.461      2.119    24.1142 0.0000e+00
      1.496      0.014     6.5161     75.475     41.074  40.270726     2.1273      8.946   178.0361 2.2004e+02     8.1286      1.466      2.126    24.0989 0.0000e+00
      1.501      0.015     6.4654     75.160     41.019  40.202871     2.1342      8.939   178.0529 2.1863e+02     8.1897      1.473      2.136    24.0853 0.0000e+00
      1.506      0.017     6.4214     74.967     40.883  40.054181     2.1127      8.934   178.0994 2.1969e+02     8.0283      1.478      2.143    24.0622 0.0000e+00
      1.507      0.019     6.3810     74.884     40.584  39.742165     2.0752      8.930   178.0819 2.2104e+02     7.7489      1.478      2.144    24.0362 0.0000e+00
      1.510      0.019     6.3481     74.887     40.146  39.286062     2.0732      8.925   178.0998 2.2147e+02     7.6804      1.479      2.145    24.0150 0.0000e+00
      1.516      0.019     6.3217     74.925     39.808  38.918233     2.1043      8.919   178.3162 2.2309e+02     7.8149      1.486      2.155    23.9996 0.0000e+00
      1.525      0.018     6.3092     74.952     39.715  38.785008     2.1182      8.914   178.6332 2.2057e+02     7.7694      1.496      2.170    23.9813 0.0000e+00
      1.532      0.016     6.3049     75.000     39.784  38.817463     2.1084      8.909   178.8349 2.1672e+02     7.4729      1.504      2.181    23.9585 0.0000e+00
      1.535      0.014     6.3099     75.079     39.791  38.802914     2.0940      8.904   178.9476 2.1674e+02     7.3039      1.507      2.186    23.9297 0.0000e+00
      1.535      0.014     6.3223     75.179     39.609  38.609073     2.1024      8.899   179.0498 2.1460e+02     7.3659      1.506      2.184    23.8795 0.0000e+00
      1.535      0.015     6.3285     75.334     39.392  38.377463     2.1342      8.893   179.1239 2.1265e+02     7.3005      1.504      2.181    23.8190 0.0000e+00
      1.536      0.019     6.3382     75.579     39.260  38.223539     2.1789      8.888   179.2414 2.1544e+02     7.0590      1.505      2.182    23.7727 0.0000e+00
      1.542      0.024     6.3494     75.933     39.205  38.144017     2.2113      8.883   179.3522 2.1544e+02     6.9061      1.511      2.191    23.7497 0.0000e+00
      1.552      0.028     6.3570     76.395     39.196  38.113942     2.2010      8.877   179.3449 2.1157e+02     6.9210      1.521      2.208    23.7343 0.0000e+00
      1.562      0.030     6.3730     76.985     39.146  38.050242     2.2121      8.870   179.3252 2.0962e+02     6.9991      1.532      2.223    23.7090 0.0000e+00
      1.572      0.030     6.3963     77.706     39.050  37.944918     2.2537      8.865   179.4585 2.0883e+02     6.9282      1.542      2.237    23.6754 0.0000e+00
      1.580      0.029     6.4316     78.406     38.907  37.792309     2.2721      8.859   179.7520 2.0881e+02     6.7467      1.550      2.248    23.6390 0.0000e+00
      1.585      0.026     6.4740     78.895     38.666  37.537607     2.2751      8.853   180.0350 2.0888e+02     6.6841      1.554      2.255    23.6094 0.0000e+00
      1.590      0.024     6.5235     79.205     38.362  37.213147     2.2742      8.848   180.1260 2.0684e+02     6.7866      1.557      2.260    23.5929 0.0000e+00
      1.596      0.022     6.5917     79.486     38.094  36.915047     2.2867      8.844   180.1642 2.0579e+02     6.9615      1.564      2.269    23.5799 0.0000e+00
      1.602      0.019     6.6623     79.800     37.944  36.725197     2.2837      8.839   180.3249 2.0540e+02     6.9536      1.572      2.280    23.5650 0.0000e+00
      1.608      0.016     6.7043     80.125     37.889  36.630841     2.2551      8.835   180.5200 2.0250e+02     6.7587      1.578      2.288    23.5411 0.0000e+00
      1.612      0.012     6.7282     80.380     37.893  36.599013     2.2411      8.831   180.8889 1.9950e+02     6.6554      1.582      2.294    23.5009 0.0000e+00
      1.614      0.008     6.7591     80.603     37.984  36.657578     2.2632      8.826   181.4299 1.9814e+02     6.6611      1.584      2.298    23.4488 0.0000e+00
      1.614      0.007     6.7929     80.987     38.119  36.767833     2.3065      8.822   181.8122 1.9880e+02     6.6906      1.584      2.296    23.3866 0.0000e+00
      1.614      0.008     6.8323     81.564     38.214  36.853381     2.3063      8.819   182.0702 2.0096e+02     6.6702      1.582      2.294    23.3302 0.0000e+00
      1.614      0.010     6.8607     82.204     38.163  36.803592     2.2697      8.817   182.3120 1.9988e+02     6.5518      1.582      2.294    23.2859 0.0000e+00
      1.617      0.012     6.8739     82.809     37.968  36.609999     2.2632      8.815   182.4993 1.9602e+02     6.4548      1.585      2.298    23.2430 0.0000e+00
      1.623      0.014     6.9109     83.364     37.850  36.479666     2.3029      8.812   182.6994 1.9853e+02     6.5216      1.591      2.308    23.2150 0.0000e+00
      1.629      0.015     6.9665     83.906     37.888  36.496769     2.3494      8.810   182.9243 2.0408e+02     6.7101      1.598      2.318    23.2119 0.0000e+00
      1.634      0.014     7.0229     84.405     37.973  36.562964     2.3516      8.808   183.0681 2.0041e+02     6.7191      1.604      2.325    23.2177 0.0000e+00
      1.637      0.013     7.0763     84.754     38.001  36.582031     2.3291      8.805   183.1473 1.9356e+02     6.5272      1.606      2.329    23.2122 0.0000e+00
      1.639      0.010     7.1237     84.824     38.024  36.600392     2.3351      8.802   183.1937 1.9181e+02     6.4742      1.608      2.332    23.1873 0.0000e+00
      1.641      0.008     7.1767     84.685     38.151  36.721500     2.3583      8.800   183.1991 1.9191e+02     6.5559      1.610      2.334    23.1546 0.0000e+00
      1.643      0.006     7.2245     84.639     38.269  36.840749     2.3673      8.799   183.3847 1.9226e+02     6.5585      1.611      2.337    23.1324 0.0000e+00
      1.645      0.006     7.2617     84.806     38.254  36.836635     2.3448      8.796   183.6308 1.9336e+02     6.4373      1.613      2.339    23.1248 0.0000e+00
      1.645      0.006     7.2677     84.974     38.206  36.798682     2.3197      8.792   183.6800 1.9331e+02     6.3543      1.613      2.340    23.1218 0.0000e+00
      1.646      0.007     7.2424     85.018     38.163  36.762588     2.3384      8.790   183.8071 1.9105e+02     6.4089      1.614      2.342    23.1178 0.0000e+00
      1.649      0.009     7.2316     85.040     38.047  36.654039     2.3626      8.789   183.9636 1.8927e+02     6.4498      1.616      2.345    23.1257 0.0000e+00
      1.651      0.010     7.2550     85.050     37.894  36.501463     2.3711      8.786   184.0230 1.8904e+02     6.4040      1.619      2.348    23.1447 0.0000e+00
      1.654      0.011     7.2741     84.970     37.781  36.377192     2.3751      8.784   184.1812 1.8905e+02     6.3326      1.621      2.351    23.1544 0.0000e+00
      1.657      0.011     7.2678     84.766     37.717  36.293590     2.3767      8.781   184.3269 1.8873e+02     6.3723      1.625      2.357    23.1591 0.0000e+00
      1.661      0.011     7.2706     84.474     37.634  36.188575     2.3994      8.778   184.4081 1.8722e+02     6.5083      1.629      2.362    23.1681 0.0000e+00
      1.663      0.011     7.2750     84.179     37.527  36.059175     2.4160      8.776   184.5613 1.8659e+02     6.4744      1.631      2.366    23.1645 0.0000e+00
      1.665      0.011     7.2723     83.954     37.495  35.997999     2.3949      8.775   184.8021 1.8868e+02     6.2695      1.633      2.369    23.1406 0.0000e+00
      1.668      0.011     7.2587     83.814     37.487  35.956463     2.3683      8.774   184.9967 1.8894e+02     6.1493      1.635      2.372    23.1077 0.0000e+00
      1.671      0.011     7.2346     83.709     37.437  35.874170     2.3779      8.773   185.0215 1.8665e+02     6.2165      1.638      2.375    23.0747 0.0000e+00
      1.674      0.009     7.2120     83.668     37.422  35.827794     2.4113      8.771   185.0155 1.8522e+02     6.3980      1.642      2.381    23.0415 0.0000e+00
      1.678      0.005     7.1971     83.844     37.460  35.839838     2.4218      8.770   185.0966 1.8430e+02     6.4312      1.645      2.386    22.9993 0.0000e+00
      1.680      0.000     7.1946     84.299     37.526  35.892863     2.4134      8.769   185.3146 1.8329e+02     6.2757      1.647      2.389    22.9517 0.0000e+00
      1.680     -0.005     7.1928     84.928     37.592  35.961299     2.4184      8.768   185.6714 1.8331e+02     6.1931      1.649      2.392    22.9056 0.0000e+00
      1.678     -0.009     7.1867     85.548     37.586  35.969349     2.4395      8.767   185.9692 1.8483e+02     6.2523      1.648      2.390    22.8609 0.0000e+00
      1.673     -0.009     7.2056     86.096     37.528  35.926772     2.4693      8.766   186.0762 1.8695e+02     6.3423      1.641      2.380    22.8247 0.0000e+00
      1.666     -0.007     7.2507     86.702     37.485  35.890672     2.4711      8.765   186.0182 1.8914e+02     6.3253      1.632      2.367    22.8100 0.0000e+00
      1.661     -0.003     7.3089     87.295     37.446  35.850117     2.4362      8.765   186.0428 1.9036e+02     6.2512      1.627      2.360    22.8218 0.0000e+00
      1.663      0.000     7.3655     87.695     37.423  35.817127     2.4134      8.764   186.2882 1.8918e+02     6.2320      1.630      2.364    22.8457 0.0000e+00
      1.669      0.003     7.3973     87.932     37.432  35.809026     2.4284      8.763   186.5756 1.8741e+02     6.2981      1.638      2.375    22.8636 0.0000e+00
      1.674      0.005     7.4538     88.077     37.456  35.815585     2.4681      8.762   186.7643 1.8813e+02     6.3673      1.643      2.382    22.8716 0.0000e+00
      1.674      0.005     7.5152     88.129     37.481  35.832961     2.4773      8.761   186.8488 1.8976e+02     6.3175      1.643      2.383    22.8676 0.0000e+00
      1.671      0.004     7.5468     88.048     37.473  35.828756     2.4473      8.761   186.9095 1.8962e+02     6.2762      1.639      2.377    22.8506 0.0000e+00
      1.670      0.004     7.5690     87.844     37.403  35.764761     2.4310      8.760   186.8965 1.8937e+02     6.3462      1.636      2.373    22.8258 0.0000e+00
      1.671      0.005     7.5850     87.639     37.336  35.693700     2.4302      8.759   186.8625 1.8987e+02     6.4462      1.638      2.375    22.8007 0.0000e+00
      1.674      0.007     7.5935     87.593     37.323  35.667494     2.4287      8.758   186.8432 1.8954e+02     6.4607      1.642      2.381    22.7902 0.0000e+00
      1.678      0.009     7.5847     87.724     37.306  35.638224     2.4130      8.757   186.7482 1.8874e+02     6.3515      1.647      2.388    22.8003 0.0000e+00
      1.682      0.011     7.5624     87.863     37.269  35.593583     2.3739      8.757   186.7476 1.8905e+02     6.2184      1.650      2.394    22.8113 0.0000e+00
      1.684      0.014     7.5389     87.832     37.253  35.571870     2.3803      8.757   186.8355 1.8964e+02     6.2515      1.651      2.395    22.7998 0.0000e+00
      1.685      0.017     7.5379     87.676     37.253  35.566029     2.4480      8.757   186.9511 1.8867e+02     6.4447      1.651      2.395    22.7753 0.0000e+00
      1.688      0.022     7.5585     87.608     37.220  35.522952     2.4936      8.758   187.1128 1.8691e+02     6.5044      1.654      2.400    22.7565 0.0000e+00
      1.694      0.026     7.5792     87.638     37.146  35.431709     2.4819      8.758   187.1550 1.8559e+02     6.3584      1.660      2.408    22.7455 0.0000e+00
      1.703      0.029     7.5775     87.633     37.097  35.351071     2.4394      8.758   187.1180 1.8396e+02     6.2855      1.669      2.421    22.7382 0.0000e+00
      1.714      0.029     7.5522     87.571     37.103  35.309287     2.4209      8.757   187.1813 1.8109e+02     6.4087      1.680      2.438    22.7314 0.0000e+00
      1.724      0.027     7.5496     87.511     37.158  35.307122     2.4084      8.756   187.3181 1.7803e+02     6.4462      1.693      2.455    22.7205 0.0000e+00
      1.731      0.024     7.5637     87.581     37.233  35.324813     2.3882      8.756   187.3952 1.7651e+02     6.2953      1.700      2.465    22.6954 0.0000e+00
      1.735      0.019     7.5674     87.707     37.292  35.332767     2.3927      8.756   187.4253 1.7591e+02     6.1897      1.702      2.469    22.6481 0.0000e+00
      1.737      0.015     7.5733     87.655     37.339  35.339778     2.4051      8.756   187.5099 1.7530e+02     6.2285      1.704      2.471    22.5802 0.0000e+00
      1.739      0.012     7.5713     87.487     37.378  35.346089     2.4222      8.756   187.6436 1.7501e+02     6.3541      1.705      2.473    22.5022 0.0000e+00
      1.742      0.010     7.5882     87.381     37.408  35.345582     2.4162      8.756   187.7509 1.7445e+02     6.3770      1.708      2.477    22.4283 0.0000e+00
      1.746      0.009     7.6260     87.457     37.415  35.333606     2.3815      8.757   187.7758 1.7382e+02     6.3344      1.712      2.484    22.3615 0.0000e+00
      1.750      0.009     7.6202     87.773     37.412  35.328151     2.3689      8.757   187.7723 1.7391e+02     6.3518      1.716      2.488    22.3133 0.0000e+00
      1.752      0.008     7.6042     88.084     37.422  35.343073     2.3886      8.756   187.8810 1.7406e+02     6.3478      1.718      2.491    22.2791 0.0000e+00
      1.752      0.006     7.6016     88.095     37.392  35.323689     2.4208      8.755   188.1436 1.7348e+02     6.4228      1.718      2.491    22.2320 0.0000e+00
      1.753      0.006     7.6039     87.820     37.338  35.284140     2.4335      8.755   188.3657 1.7224e+02     6.4726      1.718      2.491    22.2029 0.0000e+00
      1.754      0.006     7.6430     87.475     37.353  35.309049     2.4259      8.755   188.4162 1.7149e+02     6.4379      1.720      2.494    22.2064 0.0000e+00
      1.756      0.007     7.6812     87.247     37.413  35.371070     2.4208      8.755   188.4094 1.7122e+02     6.4127      1.722      2.497    22.2152 0.0000e+00
      1.757      0.007     7.6780     87.149     37.449  35.399565     2.4298      8.755   188.4550 1.7048e+02     6.3728      1.723      2.499    22.2283 0.0000e+00
      1.760      0.006     7.6427     87.087     37.475  35.399787     2.4433      8.755   188.6241 1.7053e+02     6.3993      1.726      2.503    22.2466 0.0000e+00
      1.764      0.005     7.6044     87.126     37.493  35.373718     2.4174      8.755   188.8192 1.7147e+02     6.3583      1.730      2.510    22.2612 0.0000e+00
      1.764      0.005     7.5820     87.346     37.503  35.338100     2.3744      8.756   188.9203 1.7128e+02     6.3207      1.731      2.511    22.2688 0.0000e+00
      1.763      0.004     7.5813     87.580     37.552  35.349757     2.3815      8.756   189.0730 1.7017e+02     6.4575      1.729      2.508    22.2683 0.0000e+00
      1.763      0.004     7.5765     87.645     37.621  35.387715     2.4199      8.756   189.2887 1.6955e+02     6.5438      1.728      2.507    22.2373 0.0000e+00
      1.764      0.005     7.5825     87.466     37.678  35.416322     2.4473      8.756   189.3769 1.6923e+02     6.4415      1.730      2.509    22.1694 0.0000e+00
      1.766      0.006     7.6224     87.019     37.728  35.441807     2.4543      8.756   189.3657 1.6873e+02     6.2794      1.733      2.513    22.0997 0.0000e+00
      1.769      0.007     7.6536     86.327     37.745  35.442037     2.4468      8.756   189.4110 1.6890e+02     6.2584      1.735      2.516    22.0590 0.0000e+00
