Data/DataNotYetUploadedToEDI/Raw_CTD/RawDownloads/070725_fcr10_S7809007.cnv
* Sea-Bird SBE19plus  Data File:
* FileName = C:\R\Reservoirs\Data\DataNotYetUploadedToEDI\Raw_CTD\RawDownloads\070325_fcr50_S7809_0007.hex
* Software version 2.8.0.119
* Temperature SN = 7809
* Conductivity SN = 7809
* System UpLoad Time = Jul 07 2025 16:22:07
* <ApplicationData>
* <Seaterm232>
# nquan = 15
# nvalues = 1319                        
# units = specified
# name 0 = depFM: Depth [fresh water, m]
# name 1 = dz/dtM: Descent Rate [m/s]
# name 2 = sbeox0Mg/L: Oxygen, SBE 43 [mg/l]
# name 3 = sbeox0PS: Oxygen, SBE 43 [% saturation]
# name 4 = specc: Specific Conductance [uS/cm]
# name 5 = c0uS/cm: Conductivity [uS/cm]
# name 6 = flECO-AFL: Fluorescence, WET Labs ECO-AFL/FL [mg/m^3]
# name 7 = ph: pH
# name 8 = orp: Oxidation Reduction Potential [mV]
# name 9 = par/sat/log: PAR/Logarithmic, Satlantic
# name 10 = turbWETntu0: Turbidity, WET Labs ECO [NTU]
# name 11 = prdM: Pressure, Strain Gauge [db]
# name 12 = prdE: Pressure, Strain Gauge [psi]
# name 13 = tv290C: Temperature [ITS-90, deg C]
# name 14 = flag:  0.000e+00
# span 0 =     -0.646,      2.052       
# span 1 =     -0.570,      0.152       
# span 2 =     0.0499,     9.1225       
# span 3 =      0.574,    116.271       
# span 4 =     -5.308,     82.177       
# span 5 =  -6.418009,  73.364184       
# span 6 =    -0.0430,    78.0319       
# span 7 =      7.029,      9.048       
# span 8 =  -826.7591,   384.5464       
# span 9 = 3.5286e+00, 2.4900e+03       
# span 10 =    -0.0711,   117.1958      
# span 11 =     -0.634,      2.015      
# span 12 =     -0.919,      2.922      
# span 13 =    19.4736,    35.5338      
# span 14 = 0.0000e+00, 0.0000e+00      
# interval = seconds: 0.25
# start_time = Jul 07 2025 12:36:03 [Instrument's time stamp, header]
# bad_flag = -9.990e-29
*END*
[from data line 964]
      2.003      0.007     0.1278      1.118     71.022  63.398429    56.5181      8.355   209.2569 3.9860e+01    39.7068      1.964      2.849    19.6107 0.0000e+00
      2.005      0.006     0.1241      1.067     70.651  63.083036    55.6086      8.351   209.2158 3.9619e+01    39.6835      1.966      2.852    19.6004 0.0000e+00
      2.007      0.005     0.1158      1.018     70.300  62.784397    55.5402      8.347   209.0904 3.9409e+01    39.6600      1.968      2.854    19.5985 0.0000e+00
      2.008      0.005     0.1063      0.975     70.910  63.345572    55.4498      8.344   209.0312 3.9236e+01    39.4225      1.969      2.856    19.6139 0.0000e+00
      2.008      0.004     0.1029      0.947     71.298  63.705191    55.2068      8.342   209.1026 3.9024e+01    38.8620      1.969      2.856    19.6305 0.0000e+00
      2.009      0.004     0.0972      0.944     70.994  63.447494    55.0068      8.340   209.1793 3.8757e+01    38.4170      1.970      2.857    19.6388 0.0000e+00
      2.010      0.004     0.0934      0.972     71.350  63.787898    54.8294      8.340   209.0979 3.8473e+01    38.4825      1.971      2.859    19.6507 0.0000e+00
      2.012      0.004     0.0886      1.066     72.199  64.580447    53.2789      8.339   208.8926 3.8167e+01    40.6113      1.973      2.861    19.6624 0.0000e+00
      2.013      0.004     0.0856      1.246     72.449  64.833632    50.4008      8.337   208.7620 3.7769e+01    44.5485      1.974      2.863    19.6713 0.0000e+00
      2.014      0.004     0.0860      1.462     72.414  64.816012    48.8191      8.337   208.7231 3.7324e+01    46.7008      1.975      2.864    19.6786 0.0000e+00
      2.016      0.004     0.0868      1.653     72.271  64.685151    48.6701      8.337   208.6808 3.6938e+01    46.8895      1.977      2.867    19.6898 0.0000e+00
      2.016      0.003     0.0942      1.822     72.034  64.458664    48.3096      8.337   208.6811 3.6608e+01    46.8648      1.977      2.868    19.7199 0.0000e+00
      2.017      0.003     0.1119      1.936     72.166  64.555641    47.6306      8.336   208.7256 3.6301e+01    46.8115      1.978      2.868    19.7455 0.0000e+00
      2.018      0.002     0.1361      1.952     72.650  64.968103    47.2602      8.335   208.7029 3.5993e+01    46.7922      1.979      2.870    19.7527 0.0000e+00
      2.018      0.002     0.1506      1.903     73.124  65.379024    47.2018      8.336   208.7512 3.5687e+01    46.9048      1.979      2.870    19.7504 0.0000e+00
      2.019      0.002     0.1678      1.792     73.429  65.647963    46.6591      8.337   208.8788 3.5392e+01    47.1820      1.980      2.871    19.7379 0.0000e+00
      2.019      0.002     0.1821      1.642     73.679  65.868714    45.5839      8.337   208.5257 3.5077e+01    47.4460      1.980      2.871    19.7221 0.0000e+00
      2.019      0.002     0.1788      1.496     73.786  65.951143    44.9464      8.337   207.4932 3.4736e+01    47.4663      1.980      2.872    19.7066 0.0000e+00
      2.020      0.002     0.1772      1.375     73.655  65.818510    44.8357      8.337   206.5468 3.4382e+01    47.3244      1.981      2.873    19.6957 0.0000e+00
      2.020      0.001     0.1651      1.301     73.410  65.599478    44.7109      8.337   206.2042 3.4030e+01    47.2344      1.981      2.873    19.6968 0.0000e+00
      2.020      0.001     0.1496      1.275     73.171  65.399798    44.5365      8.337   206.2754 3.3720e+01    47.2310      1.981      2.874    19.6998 0.0000e+00
      2.021      0.001     0.1369      1.292     73.057  65.310526    44.4662      8.338   206.5476 3.3473e+01    47.3185      1.982      2.875    19.6867 0.0000e+00
      2.021      0.001     0.1234      1.338     73.097  65.346170    44.4860      8.338   206.8277 3.3267e+01    47.3010      1.982      2.875    19.6705 0.0000e+00
      2.021      0.001     0.1181      1.404     73.080  65.322430    44.4757      8.338   206.9949 3.3037e+01    47.1909      1.982      2.875    19.6709 0.0000e+00
      2.021      0.001     0.1146      1.478     72.900  65.150551    44.5163      8.339   207.0207 3.2757e+01    47.8996      1.982      2.875    19.6866 0.0000e+00
      2.022      0.001     0.1175      1.531     72.729  64.983635    44.6688      8.339   206.9683 3.2453e+01    49.3791      1.983      2.876    19.6979 0.0000e+00
      2.022      0.001     0.1219      1.550     72.572  64.829256    44.7877      8.339   206.8775 3.2121e+01    50.2886      1.983      2.875    19.6950 0.0000e+00
      2.023      0.001     0.1277      1.549     72.418  64.681860    44.8472      8.339   206.6106 3.1763e+01    50.5958      1.984      2.876    19.6884 0.0000e+00
      2.023      0.001     0.1363      1.548     72.399  64.662915    45.1047      8.340   206.1515 3.1398e+01    51.3510      1.984      2.877    19.6805 0.0000e+00
      2.023      0.001     0.1412      1.540     72.533  64.790830    45.5295      8.341   205.7143 3.1061e+01    52.4850      1.984      2.877    19.6703 0.0000e+00
      2.023      0.001     0.1428      1.526     72.848  65.084726    45.7467      8.341   205.4535 3.0785e+01    53.0008      1.984      2.877    19.6603 0.0000e+00
      2.023      0.001     0.1410      1.503     73.213  65.420552    45.7750      8.341   205.2349 3.0561e+01    53.0103      1.984      2.878    19.6517 0.0000e+00
      2.023      0.001     0.1424      1.462     73.206  65.419987    45.8641      8.342   204.9643 3.0334e+01    53.1468      1.984      2.878    19.6493 0.0000e+00
      2.023      0.001     0.1412      1.432     72.678  64.950812    46.0332      8.342   204.5911 3.0058e+01    53.3863      1.984      2.878    19.6570 0.0000e+00
      2.024      0.001     0.1393      1.421     71.973  64.322824    46.1387      8.342   203.6483 2.9746e+01    53.4812      1.985      2.879    19.6672 0.0000e+00
      2.024      0.001     0.1393      1.408     71.386  63.799890    46.1662      8.343   202.0825 2.9433e+01    53.4397      1.985      2.879    19.6745 0.0000e+00
      2.025      0.001     0.1326      1.397     71.074  63.520582    46.2077      8.343   200.5439 2.9144e+01    53.1241      1.985      2.880    19.6781 0.0000e+00
      2.025      0.001     0.1301      1.395     71.184  63.614332    46.2647      8.343   199.2412 2.8812e+01    52.5346      1.986      2.880    19.6792 0.0000e+00
      2.025      0.001     0.1307      1.397     71.604  63.980339    46.2984      8.344   198.1196 2.8383e+01    52.2216      1.986      2.880    19.6810 0.0000e+00
      2.025      0.001     0.1285      1.399     72.075  64.387794    46.3145      8.344   197.2207 2.7992e+01    52.1408      1.986      2.881    19.6828 0.0000e+00
      2.026      0.001     0.1275      1.402     72.400  64.664920    46.2678      8.345   196.4603 2.7745e+01    50.7721      1.986      2.881    19.6819 0.0000e+00
      2.026      0.001     0.1274      1.397     72.550  64.789418    46.1175      8.345   195.8095 2.7556e+01    48.0037      1.987      2.882    19.6798 0.0000e+00
      2.026      0.000     0.1280      1.387     72.652  64.876428    46.0115      8.345   195.2027 2.7336e+01    46.3717      1.986      2.881    19.6738 0.0000e+00
      2.026      0.000     0.1277      1.385     72.669  64.890908    45.9606      8.345   194.6301 2.7073e+01    46.1384      1.987      2.882    19.6623 0.0000e+00
      2.026      0.001     0.1288      1.381     72.539  64.773862    45.5859      8.345   194.1346 2.6781e+01    45.6613      1.987      2.882    19.6523 0.0000e+00
      2.026      0.001     0.1282      1.369     72.422  64.668519    44.8844      8.344   193.5990 2.6482e+01    44.8058      1.987      2.882    19.6458 0.0000e+00
      2.026      0.001     0.1263      1.345     72.310  64.570335    44.4625      8.345   193.0580 2.6184e+01    44.3337      1.987      2.882    19.6431 0.0000e+00
      2.027      0.001     0.1272      1.328     72.129  64.412753    44.4213      8.347   192.6700 2.5927e+01    44.3254      1.987      2.883    19.6434 0.0000e+00
      2.027      0.001     0.1263      1.319     71.985  64.288181    44.4273      8.347   192.4363 2.5738e+01    44.2274      1.988      2.883    19.6430 0.0000e+00
      2.027      0.000     0.1262      1.309     71.964  64.271409    44.4351      8.347   192.1246 2.5570e+01    43.7295      1.988      2.883    19.6416 0.0000e+00
      2.027 2.2015e-08     0.1226      1.301     72.107  64.400581    44.4908      8.347   191.6543 2.5380e+01    43.0879      1.988      2.883    19.6425 0.0000e+00
      2.027 2.4216e-07     0.1211      1.292     72.302  64.579192    44.5521      8.346   191.2238 2.5195e+01    42.8918      1.988      2.884    19.6468 0.0000e+00
      2.027 6.1471e-07     0.1215      1.314     72.448  64.715402    44.5932      8.346   190.7916 2.5060e+01    42.9642      1.987      2.883    19.6499 0.0000e+00
      2.027      0.000     0.1185      1.350     72.653  64.903765    44.5301      8.346   190.3864 2.4894e+01    42.1526      1.988      2.883    19.6503 0.0000e+00
      2.027      0.000     0.1207      1.347     72.770  65.013971    44.3547      8.346   190.1104 2.4646e+01    40.4564      1.988      2.884    19.6513 0.0000e+00
      2.027      0.001     0.1163      1.316     72.570  64.840615    44.2285      8.346   189.9499 2.4453e+01    39.3984      1.989      2.885    19.6541 0.0000e+00
      2.027      0.001     0.1192      1.299     72.279  64.586895    44.1534      8.346   189.8215 2.4336e+01    39.1652      1.988      2.884    19.6584 0.0000e+00
      2.028      0.001     0.1259      1.313     72.160  64.487923    43.7375      8.346   189.5055 2.4197e+01    38.7634      1.989      2.884    19.6621 0.0000e+00
      2.028      0.001     0.1239      1.330     72.056  64.406456    43.0204      8.346   189.0540 2.4037e+01    38.0931      1.988      2.884    19.6658 0.0000e+00
      2.028      0.001     0.1201      1.319     71.781  64.173746    42.6577      8.346   188.6649 2.3859e+01    37.7554      1.989      2.885    19.6698 0.0000e+00
      2.028      0.001     0.1171      1.295     71.529  63.961690    42.6143      8.346   188.3284 2.3597e+01    37.6874      1.988      2.884    19.6733 0.0000e+00
      2.028      0.001     0.1203      1.297     71.494  63.939320    42.3549      8.346   187.9965 2.3220e+01    37.2020      1.989      2.884    19.6785 0.0000e+00
      2.029      0.001     0.1229      1.317     71.593  64.030365    41.8930      8.346   187.7497 2.2842e+01    36.3610      1.990      2.886    19.6867 0.0000e+00
      2.029      0.001     0.1215      1.323     71.755  64.172965    41.6579      8.346   187.5802 2.2561e+01    35.9903      1.990      2.886    19.6969 0.0000e+00
      2.029      0.001     0.1170      1.317     71.935  64.329165    41.6419      8.347   187.4103 2.2370e+01    36.0682      1.990      2.886    19.7068 0.0000e+00
      2.030      0.001     0.1175      1.319     72.017  64.394012    41.6917      8.347   187.2449 2.2280e+01    35.6291      1.990      2.887    19.7134 0.0000e+00
      2.030      0.001     0.1217      1.339     72.025  64.385157    41.8362      8.346   187.1292 2.2252e+01    34.6093      1.990      2.887    19.7147 0.0000e+00
      2.030      0.001     0.1213      1.364     72.074  64.412691    41.9320      8.346   187.0436 2.2205e+01    34.0202      1.990      2.886    19.7117 0.0000e+00
      2.030      0.000     0.1200      1.372     72.151  64.472746    41.9177      8.346   186.8978 2.2131e+01    33.9377      1.991      2.888    19.7097 0.0000e+00
      2.030 1.7116e-08     0.1199      1.367     72.225  64.539395    41.8543      8.346   186.6578 2.2028e+01    33.4753      1.990      2.887    19.7054 0.0000e+00
      2.030 1.8828e-07     0.1219      1.356     72.266  64.583133    41.7652      8.346   186.2922 2.1899e+01    32.6990      1.991      2.887    19.6917 0.0000e+00
      2.030 1.9136e-07     0.1262      1.362     72.294  64.620344    41.6647      8.347   185.9184 2.1761e+01    32.3400      1.991      2.888    19.6776 0.0000e+00
      2.030 5.4343e-08     0.1253      1.382     72.404  64.735168    41.6038      8.348   185.6655 2.1584e+01    32.3449      1.991      2.888    19.6719 0.0000e+00
      2.030 4.1136e-07     0.1259      1.365     72.563  64.891292    41.5707      8.348   185.4724 2.1356e+01    32.2119      1.991      2.887    19.6737 0.0000e+00
      2.030      0.000     0.1233      1.335     72.662  64.983046    41.5056      8.348   185.3048 2.1136e+01    31.7570      1.991      2.888    19.6781 0.0000e+00
      2.030      0.000     0.1230      1.335     72.713  65.018520    41.4325      8.348   185.1017 2.0965e+01    31.2513      1.991      2.888    19.6860 0.0000e+00
      2.030      0.001     0.1290      1.326     72.789  65.066025    41.4192      8.347   184.8227 2.0845e+01    31.1198      1.990      2.887    19.7005 0.0000e+00
      2.031      0.001     0.1254      1.306     72.870  65.112614    41.4614      8.346   184.5128 2.0757e+01    31.2939      1.991      2.888    19.7121 0.0000e+00
      2.031      0.001     0.1196      1.316     72.923  65.136986    41.4102      8.347   184.1946 2.0686e+01    31.5457      1.992      2.889    19.7142 0.0000e+00
      2.031      0.001     0.1228      1.331     72.906  65.106501    41.2580      8.347   183.9007 2.0618e+01    31.8419      1.992      2.889    19.7071 0.0000e+00
      2.031      0.001     0.1229      1.323     72.795  64.998177    41.1692      8.347   183.7119 2.0523e+01    32.0056      1.992      2.889    19.6914 0.0000e+00
      2.031      0.000     0.1170      1.302     72.701  64.907448    41.1356      8.347   183.6329 2.0398e+01    31.9874      1.992      2.890    19.6714 0.0000e+00
      2.031      0.000     0.1207      1.279     72.700  64.899088    41.0257      8.347   183.5471 2.0267e+01    32.0664      1.992      2.889    19.6547 0.0000e+00
      2.032      0.001     0.1229      1.261     72.706  64.897078    40.8651      8.347   183.3636 2.0148e+01    32.3446      1.992      2.890    19.6449 0.0000e+00
      2.032      0.001     0.1215      1.256     72.625  64.819600    40.8076      8.347   183.0489 2.0069e+01    32.6188      1.992      2.890    19.6396 0.0000e+00
      2.032      0.001     0.1192      1.264     72.449  64.661251    40.8055      8.347   182.6672 2.0037e+01    32.6492      1.992      2.890    19.6355 0.0000e+00
      2.032      0.001     0.1171      1.279     72.272  64.507472    40.8062      8.348   182.4486 1.9977e+01    32.1650      1.993      2.891    19.6305 0.0000e+00
      2.033      0.001     0.1147      1.293     72.166  64.421722    40.8659      8.349   182.4703 1.9769e+01    31.4109      1.993      2.891    19.6246 0.0000e+00
      2.033      0.001     0.1146      1.296     72.112  64.386952    40.9284      8.349   182.4995 1.9454e+01    31.1151      1.993      2.891    19.6202 0.0000e+00
      2.033      0.001     0.1157      1.323     72.116  64.404786    40.9954      8.348   182.4585 1.9212e+01    31.1502      1.994      2.892    19.6195 0.0000e+00
      2.033      0.001     0.1163      1.361     72.151  64.446753    41.3853      8.348   182.4042 1.9093e+01    30.4349      1.994      2.892    19.6226 0.0000e+00
      2.033      0.001     0.1202      1.369     72.147  64.449603    42.0630      8.350   182.4442 1.9013e+01    28.9566      1.994      2.892    19.6286 0.0000e+00
      2.033      0.001     0.1170      1.373     72.062  64.375713    42.4146      8.351   182.5126 1.8925e+01    28.0328      1.994      2.892    19.6386 0.0000e+00
      2.034      0.001     0.1199      1.373     71.923  64.252306    42.4152      8.350   182.3716 1.8860e+01    27.8738      1.995      2.893    19.6501 0.0000e+00
      2.034      0.001     0.1274      1.358     71.758  64.101206    42.4037      8.350   182.1157 1.8780e+01    27.8536      1.995      2.893    19.6580 0.0000e+00
      2.034      0.001     0.1244      1.354     71.594  63.946646    42.5008      8.349   181.9134 1.8640e+01    27.8564      1.995      2.893    19.6613 0.0000e+00
