Data/DataNotYetUploadedToEDI/Raw_CTD/RawDownloads/070721_fcr50.cnv
* Sea-Bird SBE19plus  Data File:
* FileName = C:\R\Reservoirs\Data\DataNotYetUploadedToEDI\Raw_CTD\RawDownloads\070721_fcr50_0001.hex
* Software version 2.8.0.119
* Temperature SN = 7809
* Conductivity SN = 7809
* System UpLoad Time = Jul 09 2021 15:30:55
* <ApplicationData>
* <Seaterm232>
# nquan = 16
# nvalues = 1470                        
# units = specified
# name 0 = depFM: Depth [fresh water, m]
# name 1 = dz/dtM: Descent Rate [m/s]
# name 2 = orp: Oxidation Reduction Potential [mV]
# name 3 = sbeox0Mg/L: Oxygen, SBE 43 [mg/l]
# name 4 = sbeox0PS: Oxygen, SBE 43 [% saturation]
# name 5 = par/sat/log: PAR/Logarithmic, Satlantic
# name 6 = ph: pH
# name 7 = specc: Specific Conductance [uS/cm]
# name 8 = c0uS/cm: Conductivity [uS/cm]
# name 9 = flECO-AFL: Fluorescence, WET Labs ECO-AFL/FL [mg/m^3]
# name 10 = turbWETntu0: Turbidity, WET Labs ECO [NTU]
# name 11 = tv290C: Temperature [ITS-90, deg C]
# name 12 = density00: Density [density, kg/m^3]
# name 13 = prdE: Pressure, Strain Gauge [psi]
# name 14 = prdM: Pressure, Strain Gauge [db]
# name 15 = flag:  0.000e+00
# span 0 =     -0.638,      9.621       
# span 1 =     -0.350,      0.195       
# span 2 = -1240.7455,   291.6175       
# span 3 =     0.6225,     8.5250       
# span 4 =      5.571,    107.328       
# span 5 = 1.2335e-01, 2.2053e+03       
# span 6 =     -1.888,     15.855       
# span 7 =      0.871,    236.435       
# span 8 =   1.000672, 164.037396       
# span 9 =    -3.3805,    46.7151       
# span 10 =    -7.1849,   232.4893      
# span 11 =     9.5314,    32.4609      
# span 12 =   994.8877,   999.8636      
# span 13 =     -0.908,     13.685      
# span 14 =     -0.626,      9.435      
# span 15 = 0.0000e+00, 0.0000e+00      
# interval = seconds: 0.25
# start_time = Jul 07 2021 01:06:56 [Instrument's time stamp, header]
# bad_flag = -9.990e-29
*END*
[from data line 362]
      0.787      0.009   272.3831     5.5896     70.157 1.8202e+02     15.392     40.029  41.269660     2.5149     3.2962    26.5399   996.6636      1.119      0.772 0.0000e+00
      0.788      0.008   271.6127     5.5953     70.329 1.8124e+02     15.392     40.041  41.282118     2.5353     3.2336    26.5363   996.6647      1.120      0.772 0.0000e+00
      0.790      0.008   271.3479     5.6074     70.481 1.8058e+02     15.392     40.028  41.269422     2.5623     3.2111    26.5363   996.6646      1.124      0.775 0.0000e+00
      0.792      0.009   270.8168     5.6210     70.609 1.7999e+02     15.391     39.998  41.243095     2.5752     3.2302    26.5425   996.6630      1.127      0.777 0.0000e+00
      0.794      0.012   270.0097     5.6356     70.691 1.7955e+02     15.391     39.970  41.217706     2.5857     3.2931    26.5449   996.6623      1.129      0.778 0.0000e+00
      0.797      0.016   269.4192     5.6505     70.707 1.7929e+02     15.391     39.970  41.216344     2.6030     3.3884    26.5416   996.6633      1.132      0.780 0.0000e+00
      0.801      0.018   269.5268     5.6619     70.655 1.7878e+02     15.392     39.982  41.226626     2.6126     3.4201    26.5427   996.6630      1.139      0.785 0.0000e+00
      0.806      0.018   269.9338     5.6727     70.562 1.7783e+02     15.392     39.971  41.215074     2.6158     3.4019    26.5506   996.6608      1.146      0.789 0.0000e+00
      0.813      0.018   270.1252     5.6792     70.471 1.7674e+02     15.392     39.958  41.203618     2.6226     3.4089    26.5559   996.6595      1.157      0.797 0.0000e+00
      0.820      0.017   269.6034     5.6806     70.379 1.7613e+02     15.392     39.976  41.215062     2.6284     3.4021    26.5551   996.6597      1.169      0.806 0.0000e+00
      0.823      0.015   268.7868     5.6767     70.241 1.7584e+02     15.392     40.003  41.226492     2.6006     3.3542    26.5479   996.6616      1.172      0.808 0.0000e+00
      0.825      0.015   269.4579     5.6671     69.993 1.7548e+02     15.392     40.005  41.214840     2.5436     3.3451    26.5460   996.6621      1.174      0.809 0.0000e+00
      0.826      0.015   271.1791     5.6592     69.590 1.7522e+02     15.393     40.002  41.201106     2.5019     3.3941    26.5584   996.6588      1.174      0.810 0.0000e+00
      0.829      0.016   272.1317     5.6538     69.084 1.7451e+02     15.393     39.998  41.187364     2.4783     3.4665    26.5492   996.6613      1.177      0.812 0.0000e+00
      0.836      0.017   271.3389     5.6480     68.656 1.7297e+02     15.393     39.994  41.175616     2.4685     3.5345    26.5183   996.6697      1.188      0.819 0.0000e+00
      0.843      0.017   269.6819     5.6313     68.503 1.7181e+02     15.392     40.010  41.185994     2.4597     3.5285    26.5056   996.6732      1.200      0.828 0.0000e+00
      0.848      0.017   263.9704     5.5989     68.687 1.7131e+02     15.392     40.015  41.185889     2.4377     3.4630    26.4951   996.6760      1.207      0.832 0.0000e+00
      0.850      0.017   252.6995     5.5540     69.130 1.7079e+02     15.391     40.005  41.174337     2.4224     3.4285    26.4790   996.6804      1.209      0.834 0.0000e+00
      0.853      0.018   245.8601     5.5132     69.730 1.7025e+02     15.391     40.003  41.173268     2.4082     3.4553    26.4709   996.6826      1.213      0.836 0.0000e+00
      0.856      0.022   245.8051     5.5005     70.389 1.6965e+02     15.392     40.005  41.172965     2.3899     3.5118    26.4619   996.6851      1.218      0.840 0.0000e+00
      0.860      0.028   246.5289     5.5190     70.971 1.6858e+02     15.393     40.013  41.170667     2.3822     3.4943    26.4557   996.6867      1.221      0.842 0.0000e+00
      0.867      0.033   246.6955     5.5584     71.379 1.6673e+02     15.395     39.999  41.145477     2.3728     3.4160    26.4531   996.6874      1.229      0.847 0.0000e+00
      0.879      0.039   246.1855     5.6074     71.703 1.6439e+02     15.395     39.989  41.122265     2.3147     3.4578    26.4593   996.6858      1.248      0.861 0.0000e+00
      0.894      0.045   244.4060     5.6654     72.213 1.6266e+02     15.396     40.031  41.143882     2.2227     3.6218    26.4571   996.6865      1.273      0.877 0.0000e+00
      0.905      0.050   241.9572     5.7177     73.097 1.6153e+02     15.396     40.057  41.152926     2.1848     3.7508    26.4411   996.6909      1.290      0.889 0.0000e+00
      0.915      0.051   240.6684     5.7503     74.157 1.5962e+02     15.396     40.005  41.104633     2.1904     3.7813    26.4237   996.6956      1.298      0.896 0.0000e+00
      0.928      0.051   240.6967     5.7675     75.056 1.5670e+02     15.396     39.970  41.067774     2.1371     3.7502    26.4171   996.6974      1.318      0.909 0.0000e+00
      0.946      0.052   241.2664     5.8028     75.750 1.5403e+02     15.397     40.036  41.088112     2.0267     3.7180    26.3885   996.7053      1.349      0.930 0.0000e+00
      0.960      0.052   241.7919     5.8863     76.346 1.5248e+02     15.398     40.086  41.096571     1.9725     3.7354    26.3425   996.7178      1.369      0.944 0.0000e+00
      0.970      0.049   241.8016     5.9846     76.918 1.5071e+02     15.398     40.014  41.043022     1.9872     3.7886    26.3643   996.7118      1.376      0.949 0.0000e+00
      0.983      0.042   241.6427     6.0509     77.630 1.4814e+02     15.398     39.965  41.011961     1.9944     3.7783    26.4059   996.7007      1.396      0.963 0.0000e+00
      0.998      0.033   241.5048     6.1107     78.485 1.4652e+02     15.400     40.033  41.038412     1.9448     3.7138    26.3130   996.7258      1.424      0.982 0.0000e+00
      1.006      0.025   241.5108     6.1748     79.199 1.4645e+02     15.401     40.088  41.045401     1.8645     3.6947    26.1986   996.7565      1.435      0.989 0.0000e+00
      1.008      0.019   241.7160     6.2016     79.473 1.4680e+02     15.401     40.089  41.032896     1.8345     3.7191    26.2849   996.7333      1.434      0.989 0.0000e+00
      1.009      0.013   238.4794     6.2505     79.193 1.4682e+02     15.401     40.079  41.014153     1.8490     3.7676    26.3530   996.7150      1.435      0.990 0.0000e+00
      1.010      0.012   231.4579     6.3436     78.544 1.4657e+02     15.401     40.098  41.009189     1.8491     3.7667    26.2442   996.7442      1.437      0.991 0.0000e+00
      1.011      0.015   227.2864     6.4190     77.777 1.4622e+02     15.401     40.149  41.036319     1.8360     3.7093    26.1597   996.7669      1.439      0.991 0.0000e+00
      1.014      0.020   226.5875     6.4457     76.961 1.4563e+02     15.402     40.147  41.024780     1.8435     3.7254    26.1727   996.7635      1.442      0.994 0.0000e+00
      1.019      0.024   226.1914     6.4150     76.060 1.4431e+02     15.402     40.111  40.996595     1.8627     3.7904    26.1706   996.7640      1.448      0.998 0.0000e+00
      1.029      0.027   225.8526     6.3578     75.126 1.4249e+02     15.402     40.114  41.012915     1.8686     3.8077    26.1318   996.7745      1.463      1.009 0.0000e+00
      1.040      0.029   225.4165     6.2997     74.341 1.4099e+02     15.402     40.124  41.031705     1.8572     3.7637    26.0912   996.7853      1.481      1.021 0.0000e+00
      1.048      0.031   225.0482     6.2379     73.833 1.4009e+02     15.402     40.125  41.033389     1.8388     3.7047    26.0749   996.7897      1.492      1.028 0.0000e+00
      1.053      0.032   225.2717     6.1618     73.599 1.3956e+02     15.402     40.130  41.033269     1.8373     3.7115    26.0984   996.7835      1.499      1.033 0.0000e+00
      1.058      0.032   225.9669     6.0764     73.534 1.3879e+02     15.402     40.132  41.030249     1.8290     3.7770    26.1176   996.7783      1.504      1.036 0.0000e+00
      1.066      0.033   226.8285     6.0077     73.469 1.3734e+02     15.402     40.102  40.996868     1.7961     3.8106    26.1285   996.7755      1.514      1.044 0.0000e+00
      1.078      0.035   227.6889     5.9676     73.315 1.3570e+02     15.402     40.055  40.947022     1.7731     3.7736    26.1296   996.7753      1.534      1.058 0.0000e+00
      1.088      0.038   228.3676     5.9517     73.083 1.3466e+02     15.403     40.045  40.935345     1.7606     3.7421    26.1180   996.7784      1.550      1.069 0.0000e+00
      1.096      0.041   228.9257     5.9545     72.812 1.3375e+02     15.404     40.032  40.919149     1.7502     3.7386    26.1114   996.7803      1.559      1.075 0.0000e+00
      1.105      0.042   229.3603     5.9515     72.519 1.3222e+02     15.404     39.994  40.878137     1.7432     3.6631    26.1083   996.7811      1.570      1.082 0.0000e+00
      1.117      0.043   229.8368     5.9380     72.207 1.3032e+02     15.404     39.999  40.883779     1.7331     3.5501    26.1055   996.7819      1.588      1.094 0.0000e+00
      1.131      0.045   230.4708     5.9187     71.953 1.2873e+02     15.404     40.046  40.923889     1.7139     3.5047    26.1069   996.7816      1.611      1.111 0.0000e+00
      1.143      0.045   231.0035     5.8946     71.782 1.2738e+02     15.403     40.050  40.918782     1.7113     3.5262    26.1035   996.7824      1.626      1.121 0.0000e+00
      1.154      0.043   231.4596     5.8755     71.742 1.2580e+02     15.403     40.014  40.885483     1.7499     3.5697    26.0954   996.7846      1.639      1.130 0.0000e+00
      1.166      0.038   231.7698     5.8431     71.916 1.2425e+02     15.403     40.031  40.902120     1.7897     3.5856    26.1051   996.7821      1.658      1.143 0.0000e+00
      1.177      0.033   231.8293     5.8246     72.246 1.2328e+02     15.404     40.083  40.929533     1.8006     3.5463    26.0948   996.7849      1.676      1.155 0.0000e+00
      1.184      0.028   232.0061     5.8147     72.736 1.2278e+02     15.405     40.091  40.899519     1.7860     3.4721    26.0655   996.7928      1.687      1.163 0.0000e+00
      1.189      0.025   232.3595     5.8008     73.349 1.2243e+02     15.405     40.081  40.856531     1.7758     3.4094    26.0834   996.7880      1.691      1.166 0.0000e+00
      1.191      0.024   232.6598     5.8221     74.027 1.2199e+02     15.406     40.106  40.854026     1.7914     3.3716    26.1012   996.7833      1.694      1.168 0.0000e+00
      1.195      0.025   232.9695     5.8492     74.777 1.2131e+02     15.408     40.151  40.869194     1.8033     3.3587    26.0540   996.7959      1.699      1.171 0.0000e+00
      1.201      0.027   233.3508     5.8969     75.489 1.2031e+02     15.409     40.150  40.849460     1.7961     3.3563    25.9943   996.8118      1.706      1.177 0.0000e+00
      1.211      0.027   233.6570     5.9554     76.048 1.1901e+02     15.410     40.105  40.805808     1.7805     3.3079    25.9595   996.8211      1.720      1.186 0.0000e+00
      1.222      0.027   233.8324     6.0076     76.453 1.1792e+02     15.410     40.092  40.785717     1.7760     3.2539    25.9314   996.8286      1.739      1.199 0.0000e+00
      1.231      0.025   234.0086     6.0809     76.713 1.1744e+02     15.410     40.134  40.796948     1.7900     3.2878    25.8848   996.8410      1.753      1.209 0.0000e+00
      1.236      0.022   234.2393     6.1459     76.731 1.1723e+02     15.411     40.192  40.814604     1.8067     3.3404    25.8487   996.8506      1.758      1.212 0.0000e+00
      1.239      0.018   234.4708     6.1879     76.372 1.1697e+02     15.413     40.221  40.808720     1.8061     3.3056    25.8739   996.8439      1.761      1.214 0.0000e+00
      1.242      0.015   234.5703     6.2190     75.646 1.1661e+02     15.414     40.229  40.789218     1.7828     3.2105    25.8751   996.8436      1.766      1.218 0.0000e+00
      1.245      0.014   234.5822     6.2499     74.751 1.1630e+02     15.414     40.229  40.769188     1.7721     3.1864    25.8206   996.8580      1.770      1.221 0.0000e+00
      1.248      0.014   234.7001     6.2631     73.924 1.1604e+02     15.415     40.230  40.756921     1.7816     3.2542    25.7647   996.8728      1.775      1.224 0.0000e+00
      1.251      0.015   234.7908     6.2388     73.221 1.1559e+02     15.415     40.249  40.767829     1.7656     3.2414    25.7210   996.8844      1.779      1.226 0.0000e+00
      1.255      0.016   234.8192     6.1772     72.586 1.1498e+02     15.415     40.262  40.774109     1.7213     3.1004    25.6871   996.8933      1.784      1.230 0.0000e+00
      1.260      0.017   234.9568     6.0974     72.018 1.1439e+02     15.415     40.262  40.769370     1.6945     2.9911    25.6616   996.8999      1.794      1.237 0.0000e+00
      1.265      0.017   235.2499     6.0312     71.603 1.1392e+02     15.415     40.268  40.773999     1.6994     3.0182    25.6457   996.9042      1.800      1.241 0.0000e+00
      1.270      0.017   235.5248     5.9781     71.403 1.1342e+02     15.415     40.262  40.766600     1.7133     3.0493    25.6390   996.9060      1.805      1.244 0.0000e+00
      1.275      0.016   235.6137     5.9265     71.314 1.1292e+02     15.414     40.240  40.743387     1.7090     2.9558    25.6301   996.9083      1.813      1.250 0.0000e+00
      1.279      0.014   235.6362     5.8791     71.255 1.1267e+02     15.414     40.250  40.747218     1.6860     2.8490    25.6217   996.9105      1.820      1.255 0.0000e+00
      1.282      0.013   235.7102     5.8402     71.257 1.1254e+02     15.415     40.267  40.749436     1.6740     2.7884    25.6219   996.9104      1.824      1.258 0.0000e+00
      1.284      0.012   235.9063     5.8297     71.279 1.1228e+02     15.416     40.242  40.706716     1.6784     2.7717    25.6199   996.9110      1.826      1.259 0.0000e+00
      1.287      0.011   236.2869     5.8270     71.339 1.1181e+02     15.416     40.225  40.674963     1.6625     2.8187    25.6209   996.9107      1.830      1.262 0.0000e+00
      1.291      0.009   236.7840     5.8158     71.408 1.1142e+02     15.417     40.248  40.682861     1.6156     2.8424    25.6179   996.9115      1.838      1.267 0.0000e+00
      1.294      0.008   237.0125     5.8253     71.355 1.1139e+02     15.418     40.261  40.675239     1.5786     2.8182    25.5949   996.9176      1.841      1.269 0.0000e+00
      1.295      0.006   236.8120     5.8265     71.214 1.1147e+02     15.418     40.249  40.646242     1.5677     2.8006    25.5662   996.9251      1.842      1.270 0.0000e+00
      1.296      0.004   236.5978     5.8315     71.070 1.1147e+02     15.418     40.264  40.649602     1.5889     2.7671    25.5544   996.9282      1.843      1.271 0.0000e+00
      1.296      0.003   236.6588     5.8487     70.959 1.1147e+02     15.419     40.280  40.652379     1.6348     2.6870    25.5382   996.9324      1.843      1.271 0.0000e+00
      1.297      0.004   236.8615     5.8429     70.924 1.1151e+02     15.419     40.260  40.616319     1.6465     2.5879    25.5045   996.9413      1.845      1.272 0.0000e+00
      1.297      0.007   236.9838     5.8314     70.998 1.1164e+02     15.420     40.253  40.594418     1.6341     2.5300    25.4819   996.9471      1.845      1.272 0.0000e+00
      1.297      0.014   237.1043     5.8205     71.209 1.1178e+02     15.421     40.260  40.577971     1.6561     2.5706    25.4749   996.9490      1.845      1.272 0.0000e+00
      1.298      0.026   237.3727     5.8108     71.537 1.1157e+02     15.422     40.269  40.544359     1.7035     2.6665    25.4594   996.9531      1.845      1.272 0.0000e+00
      1.303      0.041   237.7334     5.8103     71.859 1.1074e+02     15.424     40.351  40.568785     1.7392     2.6943    25.4337   996.9597      1.850      1.275 0.0000e+00
      1.314      0.053   238.0247     5.8170     72.055 1.0912e+02     15.426     40.456  40.619330     1.7347     2.6319    25.4198   996.9634      1.865      1.286 0.0000e+00
