Data/DataNotYetUploadedToEDI/Raw_CTD/RawDownloads/070725_fcr10_S7809007.cnv
* Sea-Bird SBE19plus  Data File:
* FileName = C:\R\Reservoirs\Data\DataNotYetUploadedToEDI\Raw_CTD\RawDownloads\070325_fcr50_S7809_0007.hex
* Software version 2.8.0.119
* Temperature SN = 7809
* Conductivity SN = 7809
* System UpLoad Time = Jul 07 2025 16:22:07
* <ApplicationData>
* <Seaterm232>
# nquan = 15
# nvalues = 1319                        
# units = specified
# name 0 = depFM: Depth [fresh water, m]
# name 1 = dz/dtM: Descent Rate [m/s]
# name 2 = sbeox0Mg/L: Oxygen, SBE 43 [mg/l]
# name 3 = sbeox0PS: Oxygen, SBE 43 [% saturation]
# name 4 = specc: Specific Conductance [uS/cm]
# name 5 = c0uS/cm: Conductivity [uS/cm]
# name 6 = flECO-AFL: Fluorescence, WET Labs ECO-AFL/FL [mg/m^3]
# name 7 = ph: pH
# name 8 = orp: Oxidation Reduction Potential [mV]
# name 9 = par/sat/log: PAR/Logarithmic, Satlantic
# name 10 = turbWETntu0: Turbidity, WET Labs ECO [NTU]
# name 11 = prdM: Pressure, Strain Gauge [db]
# name 12 = prdE: Pressure, Strain Gauge [psi]
# name 13 = tv290C: Temperature [ITS-90, deg C]
# name 14 = flag:  0.000e+00
# span 0 =     -0.646,      2.052       
# span 1 =     -0.570,      0.152       
# span 2 =     0.0499,     9.1225       
# span 3 =      0.574,    116.271       
# span 4 =     -5.308,     82.177       
# span 5 =  -6.418009,  73.364184       
# span 6 =    -0.0430,    78.0319       
# span 7 =      7.029,      9.048       
# span 8 =  -826.7591,   384.5464       
# span 9 = 3.5286e+00, 2.4900e+03       
# span 10 =    -0.0711,   117.1958      
# span 11 =     -0.634,      2.015      
# span 12 =     -0.919,      2.922      
# span 13 =    19.4736,    35.5338      
# span 14 = 0.0000e+00, 0.0000e+00      
# interval = seconds: 0.25
# start_time = Jul 07 2025 12:36:03 [Instrument's time stamp, header]
# bad_flag = -9.990e-29
*END*
[from data line 386]
      0.560      0.011     8.1154    101.254     35.486  36.728144     1.9233      9.000   169.0853 7.2352e+02     7.9572      0.549      0.797    26.7342 0.0000e+00
      0.563      0.012     8.1173    101.176     35.481  36.714414     1.9220      9.001   169.3135 7.2179e+02     7.9155      0.552      0.801    26.7356 0.0000e+00
      0.566      0.013     8.1200    101.151     35.479  36.701812     1.8774      9.002   169.4505 7.0998e+02     7.7208      0.555      0.806    26.7444 0.0000e+00
      0.571      0.014     8.1140    101.113     35.486  36.702653     1.8509      9.003   169.4508 6.9671e+02     7.5839      0.560      0.812    26.7526 0.0000e+00
      0.575      0.014     8.1019    101.037     35.510  36.724583     1.8677      9.004   169.4898 6.8850e+02     7.5925      0.564      0.819    26.7483 0.0000e+00
      0.578      0.014     8.0976    100.982     35.497  36.713149     1.9136      9.005   169.5770 6.8715e+02     7.7235      0.567      0.822    26.7322 0.0000e+00
      0.582      0.015     8.1011    100.974     35.472  36.691314     1.9234      9.005   169.6453 6.8031e+02     7.7321      0.571      0.827    26.7142 0.0000e+00
      0.585      0.015     8.1008    100.959     35.491  36.714396     1.8939      9.006   169.7135 6.7052e+02     7.6967      0.574      0.832    26.7053 0.0000e+00
      0.588      0.015     8.0919    100.915     35.513  36.738423     1.8901      9.007   169.7993 6.6523e+02     7.7744      0.576      0.837    26.7031 0.0000e+00
      0.593      0.016     8.0859    100.866     35.503  36.728022     1.9192      9.009   169.9084 6.6303e+02     7.8172      0.582      0.843    26.7048 0.0000e+00
      0.597      0.017     8.0874    100.808     35.495  36.715540     1.9633      9.011   169.9994 6.6771e+02     7.9065      0.586      0.850    26.7114 0.0000e+00
      0.601      0.017     8.0860    100.738     35.501  36.714397     1.9899      9.011   170.0398 6.6683e+02     7.9317      0.590      0.854    26.7179 0.0000e+00
      0.606      0.016     8.0800    100.667     35.506  36.714190     1.9913      9.011   169.9671 6.6256e+02     7.8824      0.595      0.861    26.7204 0.0000e+00
      0.610      0.015     8.0769    100.613     35.506  36.713036     2.0056      9.010   169.8946 6.6488e+02     7.9598      0.599      0.870    26.7216 0.0000e+00
      0.614      0.014     8.0735    100.618     35.494  36.700440     2.0296      9.010   169.9375 6.6764e+02     8.0133      0.602      0.874    26.7149 0.0000e+00
      0.618      0.014     8.0691    100.703     35.486  36.688790     2.0069      9.012   170.0559 6.6474e+02     7.9497      0.605      0.878    26.7010 0.0000e+00
      0.620      0.014     8.0646    100.805     35.501  36.699079     1.9390      9.013   170.2933 6.5796e+02     7.8052      0.608      0.882    26.6946 0.0000e+00
      0.623      0.014     8.0584    100.808     35.503  36.697936     1.9084      9.013   170.4844 6.5070e+02     7.7692      0.610      0.885    26.6933 0.0000e+00
      0.627      0.014     8.0579    100.685     35.483  36.674959     1.9361      9.014   170.6460 6.4270e+02     7.8897      0.614      0.891    26.6945 0.0000e+00
      0.632      0.013     8.0669    100.545     35.487  36.675064     1.9826      9.015   170.8704 6.3759e+02     7.9645      0.621      0.901    26.6898 0.0000e+00
      0.636      0.012     8.0813    100.431     35.512  36.699205     2.0122      9.016   170.8746 6.3706e+02     7.9215      0.625      0.906    26.6791 0.0000e+00
      0.638      0.011     8.0839    100.313     35.525  36.713040     1.9952      9.017   170.7821 6.3576e+02     7.7798      0.626      0.908    26.6762 0.0000e+00
      0.641      0.009     8.0682    100.238     35.523  36.715441     1.9849      9.017   170.8707 6.2971e+02     7.7544      0.629      0.913    26.6744 0.0000e+00
      0.643      0.007     8.0568    100.237     35.530  36.728243     2.0212      9.018   170.9995 6.2254e+02     7.8888      0.631      0.915    26.6671 0.0000e+00
      0.643      0.007     8.0521    100.295     35.537  36.740933     2.0256      9.019   171.0492 6.2499e+02     7.9012      0.631      0.915    26.6619 0.0000e+00
      0.645      0.007     8.0386    100.415     35.535  36.741982     1.9889      9.019   171.1273 6.3453e+02     7.7675      0.632      0.916    26.6641 0.0000e+00
      0.647      0.008     8.0307    100.559     35.538  36.740924     1.9765      9.019   171.1699 6.3872e+02     7.6735      0.635      0.920    26.6723 0.0000e+00
      0.649      0.008     8.0315    100.671     35.537  36.728140     1.9998      9.020   171.1343 6.3861e+02     7.7204      0.636      0.923    26.6804 0.0000e+00
      0.652      0.009     8.0330    100.734     35.532  36.714298     2.0299      9.020   171.2126 6.3520e+02     7.8903      0.639      0.927    26.6875 0.0000e+00
      0.654      0.009     8.0435    100.744     35.521  36.700446     2.0245      9.021   171.4278 6.3114e+02     7.9172      0.642      0.931    26.6958 0.0000e+00
      0.656      0.008     8.0578    100.710     35.508  36.687556     1.9929      9.023   171.6714 6.2764e+02     7.7378      0.644      0.934    26.6907 0.0000e+00
      0.659      0.008     8.0696    100.649     35.506  36.685354     1.9722      9.024   171.8356 6.2456e+02     7.6342      0.646      0.937    26.6691 0.0000e+00
      0.661      0.008     8.0776    100.571     35.495  36.673817     1.9820      9.024   171.8644 6.2598e+02     7.7238      0.648      0.940    26.6540 0.0000e+00
      0.662      0.008     8.0778    100.478     35.495  36.674971     2.0202      9.025   171.8473 6.2295e+02     7.8305      0.649      0.942    26.6537 0.0000e+00
      0.664      0.008     8.0744    100.368     35.516  36.699311     2.0254      9.026   171.8873 6.1382e+02     7.7634      0.652      0.946    26.6547 0.0000e+00
      0.667      0.008     8.0694    100.268     35.527  36.714297     1.9872      9.026   172.0039 6.1144e+02     7.6974      0.654      0.949    26.6545 0.0000e+00
      0.669      0.008     8.0626    100.203     35.537  36.729275     1.9665      9.026   172.1386 6.1060e+02     7.7840      0.656      0.952    26.6556 0.0000e+00
      0.672      0.008     8.0562    100.163     35.553  36.753510     1.9913      9.026   172.2255 6.0829e+02     7.9228      0.659      0.955    26.6554 0.0000e+00
      0.674      0.007     8.0451    100.162     35.543  36.753529     2.0383      9.027   172.2790 6.0818e+02     7.9416      0.661      0.959    26.6599 0.0000e+00
      0.676      0.006     8.0352    100.198     35.511  36.729510     2.0430      9.028   172.2702 5.9936e+02     7.8062      0.663      0.961    26.6662 0.0000e+00
      0.677      0.005     8.0310    100.230     35.494  36.716925     2.0230      9.028   172.2052 5.9066e+02     7.7883      0.663      0.962    26.6686 0.0000e+00
      0.678      0.004     8.0254    100.274     35.503  36.728271     2.0211      9.029   172.1808 5.9217e+02     7.9298      0.664      0.964    26.6787 0.0000e+00
      0.678      0.004     8.0216    100.356     35.512  36.739799     2.0206      9.029   172.2339 5.9489e+02     8.0144      0.665      0.964    26.6974 0.0000e+00
      0.679      0.004     8.0256    100.447     35.499  36.729405     2.0326      9.030   172.4169 5.9573e+02     7.9565      0.665      0.966    26.7109 0.0000e+00
      0.680      0.004     8.0261    100.523     35.495  36.729507     2.0423      9.030   172.6724 5.9823e+02     7.8449      0.667      0.968    26.7163 0.0000e+00
      0.681      0.004     8.0273    100.573     35.504  36.741043     2.0547      9.030   172.8289 5.9693e+02     7.9298      0.668      0.969    26.7191 0.0000e+00
      0.682      0.004     8.0358    100.601     35.503  36.741988     2.0905      9.031   172.9316 5.9671e+02     8.1627      0.669      0.970    26.7227 0.0000e+00
      0.683      0.004     8.0424    100.634     35.502  36.740931     2.1081      9.032   173.0537 5.9901e+02     8.2695      0.670      0.971    26.7273 0.0000e+00
      0.685      0.004     8.0484    100.692     35.491  36.728270     2.0767      9.033   173.1864 5.9285e+02     8.1277      0.671      0.973    26.7327 0.0000e+00
      0.686      0.004     8.0514    100.756     35.482  36.715809     2.0183      9.033   173.2456 5.8750e+02     7.8488      0.672      0.975    26.7379 0.0000e+00
      0.687      0.004     8.0528    100.786     35.488  36.717164     2.0014      9.033   173.1681 5.8267e+02     7.7672      0.673      0.976    26.7385 0.0000e+00
      0.688      0.004     8.0543    100.767     35.520  36.744634     2.0312      9.034   173.0236 5.8173e+02     7.8924      0.674      0.978    26.7384 0.0000e+00
      0.689      0.003     8.0599    100.742     35.570  36.794137     2.0291      9.034   173.0471 5.9426e+02     7.8933      0.675      0.980    26.7379 0.0000e+00
      0.689      0.003     8.0673    100.766     35.581  36.808085     1.9755      9.034   173.2796 5.9825e+02     7.7441      0.675      0.980    26.7330 0.0000e+00
      0.690      0.003     8.0713    100.797     35.555  36.786375     1.9239      9.035   173.3393 5.8777e+02     7.6939      0.676      0.981    26.7253 0.0000e+00
      0.691      0.004     8.0701    100.788     35.549  36.785458     1.9215      9.035   173.2538 5.8273e+02     7.7987      0.677      0.983    26.7164 0.0000e+00
      0.691      0.004     8.0653    100.797     35.554  36.797004     1.9628      9.035   173.2775 5.7793e+02     7.9526      0.678      0.983    26.7119 0.0000e+00
      0.692      0.005     8.0689    100.868     35.551  36.799083     1.9904      9.036   173.3678 5.7453e+02     8.0183      0.679      0.984    26.7155 0.0000e+00
      0.694      0.005     8.0733    100.969     35.557  36.810598     1.9813      9.036   173.4858 5.7793e+02     7.9782      0.680      0.987    26.7247 0.0000e+00
      0.696      0.006     8.0676    101.093     35.551  36.809338     1.9694      9.037   173.6710 5.8545e+02     7.9449      0.682      0.989    26.7338 0.0000e+00
      0.697      0.006     8.0652    101.220     35.525  36.783863     1.9879      9.038   173.8005 5.9121e+02     7.9923      0.683      0.991    26.7411 0.0000e+00
      0.699      0.006     8.0726    101.275     35.500  36.756395     2.0215      9.038   173.8460 5.7928e+02     8.0386      0.685      0.995    26.7483 0.0000e+00
      0.701      0.006     8.0790    101.261     35.478  36.731023     2.0176      9.039   173.9634 5.6284e+02     7.9925      0.687      0.997    26.7576 0.0000e+00
      0.702      0.005     8.0872    101.251     35.478  36.730899     1.9831      9.039   174.0159 5.6223e+02     7.9467      0.688      0.998    26.7649 0.0000e+00
      0.703      0.005     8.1013    101.214     35.501  36.754898     1.9620      9.039   173.9646 5.6588e+02     7.9287      0.689      1.000    26.7663 0.0000e+00
      0.704      0.005     8.1062    101.083     35.514  36.767379     1.9624      9.039   173.9459 5.6452e+02     8.0145      0.691      1.002    26.7634 0.0000e+00
      0.705      0.005     8.1012    100.907     35.504  36.754908     1.9788      9.039   173.9613 5.6650e+02     8.1296      0.691      1.002    26.7589 0.0000e+00
      0.706      0.005     8.1022    100.770     35.483  36.731004     1.9778      9.040   173.9791 5.6901e+02     8.0577      0.693      1.005    26.7584 0.0000e+00
      0.708      0.005     8.1030    100.688     35.486  36.732158     1.9498      9.040   173.9890 5.6955e+02     8.0330      0.695      1.008    26.7609 0.0000e+00
      0.710      0.005     8.0895    100.638     35.523  36.768866     1.9490      9.041   173.9949 5.6307e+02     8.1730      0.696      1.010    26.7598 0.0000e+00
      0.711      0.004     8.0733    100.640     35.547  36.794123     1.9764      9.042   173.9640 5.5010e+02     8.2466      0.697      1.011    26.7547 0.0000e+00
      0.712      0.004     8.0625    100.731     35.535  36.783728     1.9732      9.042   173.8731 5.4720e+02     8.1709      0.699      1.013    26.7517 0.0000e+00
      0.713      0.003     8.0578    100.857     35.520  36.770092     1.9355      9.042   173.7561 5.5230e+02     8.0096      0.700      1.015    26.7489 0.0000e+00
      0.713      0.003     8.0539    100.927     35.506  36.756154     1.9115      9.043   173.7546 5.5254e+02     7.9023      0.699      1.015    26.7452 0.0000e+00
      0.714      0.003     8.0512    100.910     35.496  36.742112     1.9239      9.044   173.8556 5.5141e+02     7.9663      0.700      1.015    26.7464 0.0000e+00
      0.715      0.003     8.0601    100.830     35.489  36.727211     1.9607      9.044   173.9446 5.5003e+02     8.1335      0.700      1.016    26.7507 0.0000e+00
      0.716      0.004     8.0733    100.731     35.476  36.702870     1.9730      9.044   174.0563 5.5455e+02     8.1481      0.701      1.018    26.7546 0.0000e+00
      0.717      0.005     8.0793    100.649     35.486  36.701604     1.9476      9.045   174.1743 5.6036e+02     8.0060      0.702      1.019    26.7557 0.0000e+00
      0.718      0.005     8.0774    100.585     35.506  36.711883     1.9626      9.045   174.3381 5.5976e+02     7.9528      0.703      1.021    26.7511 0.0000e+00
      0.719      0.006     8.0719    100.553     35.502  36.700234     2.0202      9.046   174.5745 5.6278e+02     7.9830      0.704      1.022    26.7382 0.0000e+00
      0.721      0.008     8.0647    100.585     35.496  36.687649     2.0451      9.047   174.7091 5.5864e+02     7.9950      0.706      1.025    26.7213 0.0000e+00
      0.723      0.009     8.0611    100.641     35.499  36.686609     2.0305      9.047   174.6756 5.5043e+02     7.9283      0.709      1.028    26.7063 0.0000e+00
      0.725      0.011     8.0581    100.648     35.501  36.687660     2.0110      9.047   174.5995 5.4061e+02     7.7908      0.711      1.031    26.6914 0.0000e+00
      0.728      0.011     8.0548    100.605     35.512  36.700350     2.0332      9.047   174.5626 5.3202e+02     7.8018      0.715      1.036    26.6795 0.0000e+00
      0.732      0.011     8.0602    100.538     35.522  36.713143     2.0830      9.047   174.5731 5.3002e+02     7.9592      0.718      1.042    26.6716 0.0000e+00
      0.736      0.011     8.0690    100.448     35.523  36.715441     2.0882      9.047   174.6407 5.2947e+02     7.9514      0.721      1.046    26.6654 0.0000e+00
      0.738      0.010     8.0691    100.373     35.535  36.728130     2.0127      9.046   174.6921 5.3414e+02     7.8442      0.724      1.051    26.6637 0.0000e+00
      0.740      0.009     8.0635    100.358     35.545  36.739666     1.9114      9.046   174.7637 5.3867e+02     7.9265      0.726      1.053    26.6672 0.0000e+00
      0.742      0.009     8.0589    100.364     35.534  36.728016     1.8871      9.046   174.9049 5.3743e+02     8.0923      0.727      1.055    26.6705 0.0000e+00
      0.744      0.010     8.0501    100.357     35.523  36.714173     1.9185      9.047   175.0224 5.3056e+02     8.1756      0.729      1.058    26.6719 0.0000e+00
      0.745      0.010     8.0410    100.351     35.512  36.699195     1.9081      9.048   175.0662 5.2236e+02     8.1138      0.732      1.060    26.6730 0.0000e+00
      0.748      0.010     8.0424    100.355     35.491  36.673815     1.8625      9.048   175.0897 5.1587e+02     7.9600      0.734      1.064    26.6741 0.0000e+00
      0.752      0.010     8.0443    100.372     35.483  36.661107     1.8414      9.048   175.1355 5.1254e+02     7.9560      0.738      1.070    26.6744 0.0000e+00
      0.756      0.009     8.0426    100.372     35.500  36.672434     1.8605      9.048   175.1895 5.1101e+02     8.0991      0.742      1.077    26.6701 0.0000e+00
      0.759      0.008     8.0436    100.302     35.518  36.683858     1.8852      9.048   175.3120 5.0762e+02     8.1531      0.745      1.081    26.6648 0.0000e+00
