Data/DataNotYetUploadedToEDI/Raw_CTD/RawDownloads/070725_fcr20_S7809008.cnv
* Sea-Bird SBE19plus  Data File:
* FileName = C:\R\Reservoirs\Data\DataNotYetUploadedToEDI\Raw_CTD\RawDownloads\070325_fcr50_S7809_0008.hex
* Software version 2.8.0.119
* Temperature SN = 7809
* Conductivity SN = 7809
* System UpLoad Time = Jul 07 2025 16:22:54
* <ApplicationData>
* <Seaterm232>
# nquan = 15
# nvalues = 1818                        
# units = specified
# name 0 = depFM: Depth [fresh water, m]
# name 1 = dz/dtM: Descent Rate [m/s]
# name 2 = sbeox0Mg/L: Oxygen, SBE 43 [mg/l]
# name 3 = sbeox0PS: Oxygen, SBE 43 [% saturation]
# name 4 = specc: Specific Conductance [uS/cm]
# name 5 = c0uS/cm: Conductivity [uS/cm]
# name 6 = flECO-AFL: Fluorescence, WET Labs ECO-AFL/FL [mg/m^3]
# name 7 = ph: pH
# name 8 = orp: Oxidation Reduction Potential [mV]
# name 9 = par/sat/log: PAR/Logarithmic, Satlantic
# name 10 = turbWETntu0: Turbidity, WET Labs ECO [NTU]
# name 11 = prdM: Pressure, Strain Gauge [db]
# name 12 = prdE: Pressure, Strain Gauge [psi]
# name 13 = tv290C: Temperature [ITS-90, deg C]
# name 14 = flag:  0.000e+00
# span 0 =     -0.633,      3.332       
# span 1 =     -3.857,      0.206       
# span 2 =     0.0134,     7.6812       
# span 3 =      0.180,     95.716       
# span 4 =      1.158,     97.384       
# span 5 =   1.165027,  76.331790       
# span 6 =    -0.0876,   227.6222       
# span 7 =      7.763,      9.297       
# span 8 =   -80.7334,   207.9296       
# span 9 = 1.3203e-01, 2.4517e+03       
# span 10 =    -4.0920,   288.6164      
# span 11 =     -0.623,      3.269      
# span 12 =     -0.903,      4.741      
# span 13 =    13.9815,    28.4094      
# span 14 = 0.0000e+00, 0.0000e+00      
# interval = seconds: 0.25
# start_time = Jul 07 2025 12:45:51 [Instrument's time stamp, header]
# bad_flag = -9.990e-29
*END*
[from data line 964]
      1.772      0.007     7.6556     84.799     37.738  35.417930     2.4489      8.757   189.5979 1.6958e+02     6.3498      1.738      2.521    21.9911 0.0000e+00
      1.774      0.007     7.6217     84.201     37.753  35.428211     2.3948      8.757   189.7175 1.6887e+02     6.2346      1.741      2.525    21.9629 0.0000e+00
      1.775      0.009     7.5596     83.760     37.744  35.416480     2.3592      8.757   189.8227 1.6832e+02     6.1939      1.742      2.527    21.9408 0.0000e+00
      1.776      0.012     7.4832     83.471     37.735  35.402980     2.3768      8.757   189.9227 1.6745e+02     6.3016      1.741      2.526    21.9280 0.0000e+00
      1.778      0.016     7.4214     83.287     37.730  35.391883     2.4326      8.758   189.9803 1.6595e+02     6.4446      1.742      2.526    21.9216 0.0000e+00
      1.783      0.020     7.3683     83.191     37.757  35.409191     2.4677      8.758   190.0891 1.6433e+02     6.4196      1.747      2.533    21.9139 0.0000e+00
      1.790      0.023     7.3296     83.144     37.852  35.485337     2.4442      8.758   190.2057 1.6250e+02     6.2720      1.756      2.547    21.9113 0.0000e+00
      1.799      0.024     7.3080     83.067     37.951  35.551163     2.4142      8.758   190.0989 1.6077e+02     6.1980      1.765      2.560    21.9068 0.0000e+00
      1.806      0.024     7.2929     82.951     38.013  35.570564     2.4298      8.760   190.0034 1.5950e+02     6.3097      1.772      2.569    21.8960 0.0000e+00
      1.812      0.024     7.2864     82.851     38.083  35.592963     2.4750      8.762   190.1688 1.5999e+02     6.4613      1.779      2.580    21.8865 0.0000e+00
      1.817      0.023     7.2878     82.776     38.173  35.631578     2.4784      8.762   190.2918 1.6150e+02     6.3922      1.783      2.585    21.8777 0.0000e+00
      1.820      0.021     7.2862     82.634     38.251  35.656703     2.4369      8.763   190.2858 1.6012e+02     6.2247      1.784      2.588    21.8398 0.0000e+00
      1.825      0.020     7.2816     82.279     38.353  35.706329     2.4147      8.763   190.3550 1.5643e+02     6.2127      1.789      2.595    21.7818 0.0000e+00
      1.833      0.019     7.2793     81.632     38.488  35.787385     2.4265      8.763   190.5262 1.5408e+02     6.3491      1.799      2.609    21.7287 0.0000e+00
      1.840      0.019     7.2846     80.738     38.565  35.811844     2.4544      8.762   190.7207 1.5323e+02     6.4392      1.805      2.618    21.6680 0.0000e+00
      1.843      0.019     7.2869     79.682     38.617  35.811647     2.4603      8.761   190.8136 1.5253e+02     6.3803      1.807      2.621    21.6023 0.0000e+00
      1.846      0.018     7.2666     78.492     38.709  35.848385     2.4399      8.761   190.8752 1.5142e+02     6.2861      1.810      2.625    21.5450 0.0000e+00
      1.850      0.016     7.2156     77.214     38.791  35.875279     2.4488      8.760   190.9494 1.5009e+02     6.3249      1.814      2.631    21.4891 0.0000e+00
      1.855      0.016     7.1410     75.876     38.851  35.882949     2.4765      8.760   191.0223 1.4917e+02     6.4740      1.819      2.638    21.4238 0.0000e+00
      1.860      0.017     7.0575     74.479     38.891  35.877606     2.4840      8.760   191.1539 1.4866e+02     6.5172      1.824      2.645    21.3621 0.0000e+00
      1.864      0.017     6.9581     73.113     38.927  35.874070     2.4720      8.759   191.1652 1.4746e+02     6.4030      1.828      2.651    21.3016 0.0000e+00
      1.867      0.017     6.8516     71.864     38.993  35.903597     2.4900      8.758   191.0730 1.4562e+02     6.2892      1.831      2.656    21.2348 0.0000e+00
      1.872      0.016     6.7444     70.773     39.038  35.917321     2.5680      8.757   191.0705 1.4450e+02     6.2688      1.836      2.662    21.1730 0.0000e+00
      1.877      0.016     6.6218     69.848     39.060  35.913069     2.6168      8.755   191.1351 1.4403e+02     6.2924      1.840      2.669    21.1180 0.0000e+00
      1.881      0.016     6.5039     69.045     39.086  35.915604     2.6136      8.753   191.2523 1.4326e+02     6.2679      1.845      2.676    21.0711 0.0000e+00
      1.884      0.016     6.3971     68.352     39.070  35.884488     2.5954      8.752   191.3693 1.4167e+02     6.1431      1.848      2.680    21.0324 0.0000e+00
      1.888      0.015     6.3022     67.767     39.048  35.854083     2.5803      8.751   191.4307 1.3981e+02     6.0815      1.852      2.686    20.9965 0.0000e+00
      1.891      0.015     6.2277     67.262     39.063  35.865203     2.5970      8.750   191.4785 1.3825e+02     6.2066      1.855      2.690    20.9647 0.0000e+00
      1.895      0.014     6.1584     66.867     39.092  35.892047     2.5897      8.749   191.6036 1.3710e+02     6.2550      1.859      2.696    20.9370 0.0000e+00
      1.900      0.014     6.0986     66.607     39.133  35.924852     2.5339      8.747   191.7386 1.3664e+02     6.1874      1.863      2.703    20.9165 0.0000e+00
      1.904      0.013     6.0504     66.396     39.167  35.944577     2.4968      8.744   191.7334 1.3627e+02     6.2092      1.866      2.708    20.9025 0.0000e+00
      1.907      0.012     6.0045     66.192     39.181  35.940184     2.5064      8.743   191.7126 1.3547e+02     6.3137      1.871      2.712    20.8999 0.0000e+00
      1.909      0.011     5.9650     66.072     39.198  35.935168     2.5343      8.742   191.7466 1.3484e+02     6.4605      1.873      2.715    20.9050 0.0000e+00
      1.911      0.011     5.9482     66.089     39.237  35.947353     2.5260      8.741   191.8863 1.3442e+02     6.4816      1.873      2.717    20.8988 0.0000e+00
      1.913      0.011     5.9331     66.198     39.281  35.960569     2.4729      8.740   192.1105 1.3385e+02     6.2952      1.876      2.721    20.8846 0.0000e+00
      1.916      0.012     5.9124     66.275     39.321  35.968024     2.4325      8.739   192.2210 1.3297e+02     6.0856      1.879      2.725    20.8622 0.0000e+00
      1.920      0.012     5.9045     66.240     39.356  35.974006     2.4449      8.738   192.2747 1.3184e+02     6.0313      1.882      2.730    20.8320 0.0000e+00
      1.923      0.012     5.9088     66.056     39.374  35.969409     2.4817      8.735   192.3301 1.3095e+02     6.1511      1.885      2.734    20.8056 0.0000e+00
      1.926      0.012     5.9296     65.741     39.407  35.975863     2.4784      8.733   192.3755 1.3037e+02     6.2018      1.889      2.740    20.7712 0.0000e+00
      1.930      0.012     5.9420     65.370     39.452  35.988557     2.4381      8.730   192.4788 1.2959e+02     6.1654      1.893      2.746    20.7281 0.0000e+00
      1.932      0.012     5.9448     64.979     39.486  35.995956     2.4110      8.727   192.6328 1.2843e+02     6.1552      1.895      2.748    20.6958 0.0000e+00
      1.934      0.011     5.9310     64.594     39.510  36.001836     2.4248      8.724   192.7743 1.2736e+02     6.1469      1.897      2.750    20.6724 0.0000e+00
      1.937      0.011     5.9013     64.214     39.521  35.996184     2.4548      8.723   192.9002 1.2650e+02     6.1330      1.899      2.755    20.6449 0.0000e+00
      1.941      0.010     5.8735     63.799     39.538  35.991044     2.4422      8.722   193.0363 1.2585e+02     6.0215      1.903      2.761    20.6032 0.0000e+00
      1.944      0.010     5.8405     63.349     39.576  36.003113     2.4132      8.720   193.1288 1.2530e+02     5.9950      1.906      2.765    20.5702 0.0000e+00
      1.946      0.010     5.8073     62.921     39.611  36.015172     2.4286      8.718   193.1593 1.2445e+02     6.1535      1.909      2.768    20.5568 0.0000e+00
      1.948      0.010     5.7771     62.507     39.626  36.009926     2.4533      8.716   193.2318 1.2372e+02     6.3329      1.911      2.772    20.5391 0.0000e+00
      1.950      0.011     5.7443     62.109     39.636  36.003112     2.4381      8.712   193.3176 1.2346e+02     6.4215      1.912      2.774    20.5088 0.0000e+00
      1.953      0.011     5.7024     61.754     39.641  35.996216     2.4029      8.710   193.3357 1.2326e+02     6.3370      1.914      2.777    20.4790 0.0000e+00
      1.956      0.011     5.6687     61.412     39.648  35.989977     2.3846      8.707   193.3648 1.2259e+02     6.3013      1.918      2.782    20.4564 0.0000e+00
      1.960      0.009     5.6350     61.101     39.668  35.991114     2.4005      8.705   193.4116 1.2147e+02     6.3659      1.922      2.788    20.4287 0.0000e+00
      1.964      0.006     5.5975     60.846     39.707  36.009942     2.4283      8.703   193.4709 1.2077e+02     6.3320      1.927      2.795    20.4101 0.0000e+00
      1.966      0.001     5.5710     60.637     39.742  36.027244     2.4294      8.701   193.5653 1.2079e+02     6.1996      1.929      2.798    20.4010 0.0000e+00
      1.966     -0.004     5.5393     60.476     39.732  36.009941     2.4056      8.699   193.6931 1.2115e+02     6.0288      1.929      2.798    20.3825 0.0000e+00
      1.963     -0.007     5.5132     60.354     39.709  35.991078     2.3988      8.697   193.8121 1.2192e+02     6.0435      1.926      2.793    20.3612 0.0000e+00
      1.957     -0.007     5.4934     60.216     39.693  35.989526     2.4221      8.694   193.8846 1.2282e+02     6.2742      1.919      2.784    20.3387 0.0000e+00
      1.952     -0.002     5.4765     60.038     39.676  35.991199     2.4213      8.692   193.9673 1.2317e+02     6.3587      1.913      2.775    20.3183 0.0000e+00
      1.950      0.006     5.4628     59.895     39.686  36.011319     2.3806      8.691   194.0386 1.2292e+02     6.2451      1.910      2.770    20.3067 0.0000e+00
      1.952      0.015     5.4534     59.830     39.735  36.042460     2.3547      8.689   194.1440 1.2184e+02     6.1649      1.912      2.772    20.3085 0.0000e+00
      1.960      0.021     5.4426     59.856     39.788  36.050452     2.3910      8.687   194.2960 1.2007e+02     6.1748      1.921      2.786    20.3263 0.0000e+00
      1.972      0.023     5.4169     59.969     39.831  36.044451     2.4625      8.685   194.4127 1.1862e+02     6.2278      1.935      2.805    20.3544 0.0000e+00
      1.982      0.021     5.4028     60.120     39.853  36.033285     2.4777      8.684   194.6088 1.1792e+02     6.1911      1.946      2.822    20.3768 0.0000e+00
      1.988      0.017     5.3973     60.245     39.881  36.042303     2.4407      8.682   194.7740 1.1764e+02     6.0388      1.950      2.829    20.3633 0.0000e+00
      1.988      0.012     5.4057     60.225     39.941  36.090020     2.4067      8.679   194.7764 1.1748e+02     6.0602      1.951      2.829    20.3001 0.0000e+00
      1.987      0.007     5.4263     59.966     39.959  36.102606     2.3993      8.677   194.8090 1.1720e+02     6.2785      1.949      2.826    20.2331 0.0000e+00
      1.987      0.004     5.4438     59.484     39.928  36.067572     2.4263      8.675   194.9098 1.1648e+02     6.3902      1.948      2.825    20.1957 0.0000e+00
      1.988      0.003     5.4626     58.866     39.916  36.047126     2.4337      8.672   195.1353 1.1547e+02     6.3507      1.949      2.826    20.1787 0.0000e+00
      1.990      0.003     5.4649     58.199     39.921  36.045732     2.4306      8.670   195.4708 1.1443e+02     6.2798      1.952      2.830    20.1738 0.0000e+00
      1.992      0.004     5.4405     57.564     39.926  36.050711     2.4466      8.668   195.6966 1.1374e+02     6.2164      1.954      2.834    20.1707 0.0000e+00
      1.993      0.004     5.3942     57.031     39.913  36.043878     2.4524      8.665   195.8002 1.1349e+02     6.1993      1.954      2.834    20.1632 0.0000e+00
      1.993      0.004     5.3374     56.641     39.889  36.026572     2.4682      8.662   195.8628 1.1341e+02     6.2088      1.955      2.835    20.1481 0.0000e+00
      1.993      0.005     5.2754     56.413     39.890  36.031818     2.5037      8.660   195.8518 1.1331e+02     6.1953      1.954      2.834    20.1371 0.0000e+00
      1.994      0.006     5.2153     56.364     39.897  36.043872     2.5497      8.659   195.8392 1.1315e+02     6.3090      1.955      2.835    20.1405 0.0000e+00
      1.996      0.007     5.1647     56.489     39.892  36.045422     2.5917      8.657   195.8832 1.1273e+02     6.5250      1.957      2.838    20.1497 0.0000e+00
      1.999      0.008     5.1283     56.684     39.887  36.050564     2.6036      8.655   195.9523 1.1195e+02     6.5865      1.960      2.843    20.1550 0.0000e+00
      2.002      0.008     5.1072     56.851     39.864  36.042601     2.5769      8.653   196.0725 1.1145e+02     6.4716      1.963      2.847    20.1590 0.0000e+00
      2.004      0.007     5.1004     57.002     39.820  36.012612     2.5351      8.652   196.1326 1.1133e+02     6.2971      1.966      2.850    20.1657 0.0000e+00
      2.005      0.006     5.1158     57.142     39.806  36.005242     2.5475      8.650   196.1631 1.1121e+02     6.2532      1.967      2.852    20.1722 0.0000e+00
      2.006      0.005     5.1371     57.247     39.821  36.016949     2.6023      8.649   196.3547 1.1105e+02     6.3852      1.967      2.852    20.1844 0.0000e+00
      2.007      0.002     5.1474     57.368     39.837  36.027257     2.6064      8.647   196.5561 1.1076e+02     6.4237      1.968      2.854    20.2030 0.0000e+00
      2.009     -0.002     5.1592     57.507     39.887  36.066414     2.5641      8.645   196.5334 1.1047e+02     6.3086      1.970      2.858    20.2166 0.0000e+00
      2.009     -0.004     5.1749     57.617     39.949  36.109687     2.5401      8.643   196.5109 1.1051e+02     6.2235      1.972      2.859    20.2230 0.0000e+00
      2.007     -0.004     5.1800     57.734     39.969  36.106282     2.5493      8.642   196.6274 1.1091e+02     6.2829      1.969      2.855    20.2212 0.0000e+00
      2.003     -0.003     5.1915     57.862     39.973  36.088669     2.5754      8.642   196.6515 1.1136e+02     6.4463      1.964      2.849    20.2124 0.0000e+00
      1.999     -0.001     5.2095     57.946     39.986  36.087055     2.5811      8.640   196.6304 1.1143e+02     6.4569      1.960      2.841    20.2098 0.0000e+00
      1.998      0.002     5.2161     57.948     39.999  36.086755     2.5598      8.638   196.6306 1.1098e+02     6.3080      1.959      2.841    20.1980 0.0000e+00
      2.002      0.005     5.2307     57.792     40.009  36.085029     2.5428      8.636   196.5678 1.1024e+02     6.2517      1.963      2.847    20.1606 0.0000e+00
      2.006      0.007     5.2490     57.433     39.993  36.066167     2.5580      8.634   196.5598 1.0957e+02     6.3234      1.968      2.854    20.1317 0.0000e+00
      2.010      0.008     5.2571     56.978     39.968  36.049032     2.6104      8.633   196.6196 1.0925e+02     6.3201      1.972      2.859    20.1199 0.0000e+00
      2.011      0.008     5.2618     56.533     39.978  36.068222     2.6356      8.633   196.6877 1.0931e+02     6.1441      1.974      2.862    20.1050 0.0000e+00
      2.011      0.008     5.2535     56.126     40.019  36.107851     2.6042      8.633   196.7812 1.0946e+02     6.0733      1.972      2.860    20.0878 0.0000e+00
      2.011      0.009     5.2157     55.819     40.074  36.147484     2.5810      8.633   196.8898 1.0922e+02     6.1133      1.971      2.858    20.0788 0.0000e+00
      2.013      0.010     5.1691     55.642     40.121  36.166690     2.6294      8.633   197.0553 1.0837e+02     6.1496      1.973      2.862    20.0894 0.0000e+00
      2.017      0.012     5.1283     55.561     40.132  36.149692     2.7147      8.633   197.2324 1.0740e+02     6.2386      1.978      2.869    20.1095 0.0000e+00
      2.022      0.014     5.0872     55.562     40.135  36.132279     2.7391      8.634   197.3966 1.0656e+02     6.2333      1.983      2.876    20.1161 0.0000e+00
      2.027      0.017     5.0591     55.587     40.161  36.146483     2.7407      8.635   197.6648 1.0597e+02     6.2911      1.989      2.885    20.1010 0.0000e+00
