Data/DataNotYetUploadedToEDI/Raw_CTD/RawDownloads/070722_ccr50_0001.cnv
* Sea-Bird SBE19plus  Data File:
* FileName = C:\R\Reservoirs\Data\DataNotYetUploadedToEDI\Raw_CTD\RawDownloads\070722_ccr50_SBE19plus01907809_0001.hex
* Software version 2.8.0.119
* Temperature SN = 7809
* Conductivity SN = 7809
* System UpLoad Time = Jul 07 2022 15:44:47
* <ApplicationData>
* <Seaterm232>
# nquan = 15
# nvalues = 1733                        
# units = specified
# name 0 = depFM: Depth [fresh water, m]
# name 1 = dz/dtM: Descent Rate [m/s]
# name 2 = sbeox0Mg/L: Oxygen, SBE 43 [mg/l]
# name 3 = sbeox0PS: Oxygen, SBE 43 [% saturation]
# name 4 = specc: Specific Conductance [uS/cm]
# name 5 = c0uS/cm: Conductivity [uS/cm]
# name 6 = flECO-AFL: Fluorescence, WET Labs ECO-AFL/FL [mg/m^3]
# name 7 = ph: pH
# name 8 = orp: Oxidation Reduction Potential [mV]
# name 9 = par/sat/log: PAR/Logarithmic, Satlantic
# name 10 = turbWETntu0: Turbidity, WET Labs ECO [NTU]
# name 11 = prdM: Pressure, Strain Gauge [db]
# name 12 = prdE: Pressure, Strain Gauge [psi]
# name 13 = tv290C: Temperature [ITS-90, deg C]
# name 14 = flag:  0.000e+00
# span 0 =     -0.496,     21.320       
# span 1 =     -0.364,      0.239       
# span 2 =     0.0685,     8.6814       
# span 3 =      0.649,     99.575       
# span 4 =      9.436,    253.006       
# span 5 =   9.794110, 179.547400       
# span 6 =    -0.0895,     4.9981       
# span 7 =      6.837,      8.249       
# span 8 =   103.7036,   255.9797       
# span 9 = 1.2352e-01, 1.8791e+03       
# span 10 =    -0.6418,   264.5460      
# span 11 =     -0.491,     20.908      
# span 12 =     -0.712,     30.324      
# span 13 =    10.4602,    27.6462      
# span 14 = 0.0000e+00, 0.0000e+00      
# interval = seconds: 0.25
# start_time = Jul 07 2022 06:54:23 [Instrument's time stamp, header]
# bad_flag = -9.990e-29
*END*
[from data line 1350]
     19.850     -0.182     0.9767      9.207    117.009  83.426687     1.4150      7.109   193.1332 1.2377e-01    16.1962     19.470     28.239    10.6477 0.0000e+00
     19.810     -0.179     0.9882      9.346    116.787  83.279535     1.4142      7.110   193.2721 1.2373e-01    15.0307     19.433     28.185    10.6435 0.0000e+00
     19.760     -0.181     0.9979      9.503    116.793  83.288763     1.4148      7.110   193.2745 1.2367e-01    14.3814     19.380     28.107    10.6396 0.0000e+00
     19.706     -0.186     1.0106      9.668    116.786  83.284010     1.4223      7.110   193.5059 1.2369e-01    14.3242     19.321     28.023    10.6406 0.0000e+00
     19.657     -0.193     1.0221      9.846    116.608  83.158502     1.4466      7.109   194.0899 1.2374e-01    14.1679     19.274     27.955    10.6471 0.0000e+00
     19.612     -0.198     1.0377     10.030    116.443  83.042519     1.4678      7.108   194.5719 1.2372e-01    13.7899     19.235     27.899    10.6534 0.0000e+00
     19.565     -0.201     1.0561     10.211    116.237  82.898688     1.4627      7.108   194.6864 1.2368e-01    13.5449     19.188     27.830    10.6545 0.0000e+00
     19.512     -0.202     1.0738     10.390    115.939  82.690692     1.4511      7.110   194.7005 1.2368e-01    13.4941     19.135     27.753    10.6538 0.0000e+00
     19.457     -0.202     1.0938     10.554    115.664  82.498079     1.4435      7.111   194.9153 1.2366e-01    13.3813     19.083     27.677    10.6543 0.0000e+00
     19.401     -0.200     1.1150     10.700    115.454  82.349535     1.4377      7.111   195.1320 1.2361e-01    13.2395     19.026     27.593    10.6553 0.0000e+00
     19.348     -0.195     1.1345     10.862    115.375  82.292991     1.4393      7.111   195.2565 1.2358e-01    13.1799     18.971     27.515    10.6560 0.0000e+00
     19.300     -0.190     1.1550     11.054    115.417  82.322887     1.4374      7.112   195.4731 1.2359e-01    13.1395     18.925     27.448    10.6587 0.0000e+00
     19.256     -0.186     1.1742     11.260    115.423  82.329654     1.4233      7.112   195.7727 1.2364e-01    13.0590     18.883     27.387    10.6614 0.0000e+00
     19.214     -0.183     1.1876     11.487    115.297  82.247698     1.4104      7.111   196.0397 1.2361e-01    12.6839     18.843     27.330    10.6610 0.0000e+00
     19.169     -0.182     1.2053     11.748    115.067  82.094692     1.4069      7.111   196.2059 1.2360e-01    12.0535     18.802     27.269    10.6609 0.0000e+00
     19.119     -0.183     1.2281     12.022    114.748  81.877990     1.4139      7.112   196.2344 1.2364e-01    11.7227     18.750     27.195    10.6608 0.0000e+00
     19.069     -0.185     1.2506     12.286    114.432  81.661470     1.4275      7.112   196.2123 1.2365e-01    11.6906     18.699     27.120    10.6606 0.0000e+00
     19.022     -0.187     1.2741     12.519    114.212  81.510654     1.4219      7.112   196.2818 1.2366e-01    11.6995     18.656     27.058    10.6648 0.0000e+00
     18.977     -0.189     1.3048     12.719    113.948  81.325654     1.3966      7.113   196.3872 1.2371e-01    11.7285     18.612     26.994    10.6704 0.0000e+00
     18.930     -0.192     1.3358     12.917    113.596  81.077132     1.3796      7.113   196.5401 1.2377e-01    11.7332     18.564     26.925    10.6750 0.0000e+00
     18.883     -0.196     1.3651     13.119    113.194  80.793835     1.3658      7.113   196.7537 1.2380e-01    11.7224     18.518     26.858    10.6794 0.0000e+00
     18.833     -0.197     1.3932     13.331    112.875  80.569666     1.3212      7.114   196.9910 1.2375e-01    11.5291     18.471     26.789    10.6817 0.0000e+00
     18.779     -0.194     1.4110     13.577    112.723  80.464044     1.2570      7.115   197.2578 1.2366e-01    11.1041     18.416     26.711    10.6825 0.0000e+00
     18.723     -0.188     1.4350     13.895    112.460  80.279435     1.2306      7.117   197.3984 1.2363e-01    10.8193     18.359     26.627    10.6839 0.0000e+00
     18.673     -0.183     1.4564     14.320    112.224  80.117090     1.2435      7.117   197.4007 1.2364e-01    10.7164     18.308     26.553    10.6859 0.0000e+00
     18.631     -0.180     1.4790     14.829    112.352  80.217100     1.2297      7.117   197.4572 1.2366e-01     9.9281     18.268     26.496    10.6873 0.0000e+00
     18.594     -0.182     1.5054     15.370    112.610  80.408247     1.1717      7.117   197.5662 1.2373e-01     8.4271     18.236     26.449    10.6888 0.0000e+00
     18.554     -0.190     1.5376     15.919    112.494  80.330976     1.1252      7.118   197.6862 1.2375e-01     7.5644     18.199     26.394    10.6891 0.0000e+00
     18.508     -0.202     1.5867     16.478    111.997  79.981921     1.1082      7.118   197.8755 1.2369e-01     7.4564     18.152     26.327    10.6914 0.0000e+00
     18.453     -0.215     1.6448     17.007    111.477  79.619734     1.0658      7.119   198.0484 1.2365e-01     7.2574     18.099     26.251    10.6969 0.0000e+00
     18.389     -0.223     1.7068     17.436    111.131  79.383628     0.9960      7.121   198.0557 1.2370e-01     6.8324     18.035     26.159    10.6999 0.0000e+00
     18.321     -0.226     1.7656     17.753    110.984  79.287943     0.9635      7.123   197.8776 1.2374e-01     6.5535     17.965     26.056    10.7016 0.0000e+00
     18.259     -0.226     1.8299     18.027    110.886  79.225438     0.9638      7.124   197.7879 1.2370e-01     6.5151     17.902     25.965    10.7043 0.0000e+00
     18.206     -0.226     1.8921     18.319    110.660  79.072762     0.9583      7.125   198.0029 1.2363e-01     6.3685     17.853     25.892    10.7081 0.0000e+00
     18.157     -0.226     1.9403     18.645    110.139  78.712956     0.9468      7.125   198.3262 1.2361e-01     6.0442     17.808     25.828    10.7138 0.0000e+00
     18.106     -0.228     1.9713     19.027    109.460  78.243154     0.9409      7.126   198.5993 1.2367e-01     5.8392     17.760     25.759    10.7184 0.0000e+00
     18.047     -0.231     1.9985     19.467    108.877  77.840800     0.9457      7.128   198.8964 1.2375e-01     5.8038     17.701     25.674    10.7205 0.0000e+00
     17.980     -0.233     2.0317     19.930    108.429  77.533856     0.9540      7.129   199.1645 1.2375e-01     5.7524     17.632     25.574    10.7246 0.0000e+00
     17.912     -0.233     2.0657     20.413    108.212  77.391488     0.9586      7.130   199.2604 1.2366e-01     5.6617     17.563     25.473    10.7307 0.0000e+00
     17.851     -0.232     2.1072     20.954    108.107  77.326817     0.9521      7.131   199.2816 1.2362e-01     5.5949     17.503     25.384    10.7378 0.0000e+00
     17.797     -0.230     2.1586     21.594    107.824  77.133212     0.9334      7.132   199.4214 1.2372e-01     5.5262     17.452     25.312    10.7448 0.0000e+00
     17.747     -0.229     2.2098     22.361    107.297  76.766316     0.9238      7.133   199.5738 1.2381e-01     5.4808     17.406     25.245    10.7509 0.0000e+00
     17.693     -0.230     2.2601     23.219    106.659  76.322032     0.9105      7.133   199.8327 1.2374e-01     5.4557     17.355     25.171    10.7568 0.0000e+00
     17.632     -0.231     2.3195     24.083    106.215  76.018729     0.8730      7.134   200.3147 1.2365e-01     5.3927     17.292     25.081    10.7619 0.0000e+00
     17.566     -0.234     2.3876     24.923    106.025  75.894937     0.8358      7.135   200.5837 1.2365e-01     5.3341     17.225     24.984    10.7654 0.0000e+00
     17.502     -0.237     2.4739     25.767    105.849  75.778384     0.8183      7.135   200.5912 1.2368e-01     5.2936     17.161     24.890    10.7693 0.0000e+00
     17.442     -0.239     2.5738     26.633    105.535  75.562605     0.8113      7.135   200.6630 1.2363e-01     5.1768     17.102     24.804    10.7758 0.0000e+00
     17.387     -0.240     2.6698     27.489    105.090  75.255688     0.8023      7.135   200.8486 1.2365e-01     4.9807     17.051     24.731    10.7829 0.0000e+00
     17.332     -0.240     2.7610     28.334    104.786  75.053791     0.7844      7.135   201.1155 1.2370e-01     4.8692     17.000     24.656    10.7890 0.0000e+00
     17.268     -0.239     2.8520     29.174    104.639  74.964102     0.7607      7.136   201.3942 1.2368e-01     4.8533     16.936     24.563    10.7932 0.0000e+00
     17.198     -0.236     2.9512     29.974    104.400  74.806661     0.7488      7.137   201.6378 1.2373e-01     4.7203     16.863     24.458    10.7966 0.0000e+00
     17.133     -0.234     3.0450     30.757    104.113  74.611531     0.7404      7.138   201.9094 1.2380e-01     4.4914     16.798     24.364    10.8021 0.0000e+00
     17.076     -0.231     3.1361     31.539    103.872  74.447369     0.7256      7.139   202.1837 1.2375e-01     4.3743     16.743     24.285    10.8103 0.0000e+00
     17.024     -0.226     3.2330     32.278    103.722  74.346656     0.7109      7.140   202.3725 1.2369e-01     4.3289     16.694     24.214    10.8184 0.0000e+00
     16.972     -0.224     3.3184     32.970    103.713  74.346852     0.7042      7.140   202.5579 1.2371e-01     4.2501     16.645     24.142    10.8247 0.0000e+00
     16.916     -0.224     3.4024     33.631    103.672  74.322677     0.7116      7.140   202.7900 1.2378e-01     4.1729     16.591     24.063    10.8297 0.0000e+00
     16.855     -0.225     3.4932     34.245    103.470  74.181447     0.7255      7.140   203.0281 1.2377e-01     4.1813     16.529     23.973    10.8334 0.0000e+00
     16.794     -0.225     3.5738     34.795    103.261  74.037007     0.7301      7.140   203.3719 1.2367e-01     4.1804     16.467     23.884    10.8366 0.0000e+00
     16.735     -0.223     3.6484     35.281    103.076  73.910498     0.7180      7.140   203.6778 1.2364e-01     4.1284     16.411     23.803    10.8400 0.0000e+00
     16.679     -0.218     3.7233     35.704    102.906  73.795453     0.7038      7.140   203.8011 1.2369e-01     4.0987     16.356     23.722    10.8426 0.0000e+00
     16.624     -0.214     3.7912     36.052    102.802  73.726091     0.7089      7.141   203.9157 1.2370e-01     4.0942     16.302     23.642    10.8441 0.0000e+00
     16.572     -0.212     3.8520     36.353    102.771  73.707186     0.7211      7.141   204.0315 1.2372e-01     4.1424     16.251     23.570    10.8465 0.0000e+00
     16.522     -0.214     3.9048     36.649    102.749  73.693942     0.7181      7.141   204.0816 1.2372e-01     4.2032     16.204     23.502    10.8500 0.0000e+00
     16.469     -0.219     3.9531     36.939    102.565  73.565963     0.7149      7.141   204.1783 1.2372e-01     4.1810     16.152     23.427    10.8535 0.0000e+00
     16.414     -0.224     3.9900     37.242    102.281  73.366930     0.7156      7.140   204.5118 1.2374e-01     4.1129     16.097     23.347    10.8560 0.0000e+00
     16.355     -0.229     4.0196     37.567    102.117  73.256953     0.7098      7.140   204.9305 1.2374e-01     4.0973     16.040     23.265    10.8573 0.0000e+00
     16.292     -0.230     4.0547     37.865    102.098  73.252771     0.7104      7.140   205.2830 1.2378e-01     4.1285     15.977     23.172    10.8586 0.0000e+00
     16.227     -0.226     4.0848     38.124    102.088  73.252837     0.7234      7.139   205.5912 1.2379e-01     4.1832     15.911     23.077    10.8602 0.0000e+00
     16.167     -0.219     4.1166     38.394    101.998  73.194236     0.7338      7.139   205.7316 1.2374e-01     4.2117     15.853     22.993    10.8621 0.0000e+00
     16.113     -0.210     4.1563     38.694    101.884  73.116026     0.7358      7.140   205.7753 1.2369e-01     4.2001     15.801     22.917    10.8664 0.0000e+00
     16.064     -0.204     4.1892     38.999    101.815  73.069585     0.7310      7.141   205.8620 1.2367e-01     4.1456     15.753     22.846    10.8714 0.0000e+00
     16.018     -0.202     4.2138     39.293    101.821  73.077447     0.7176      7.141   206.0057 1.2369e-01     4.0310     15.709     22.783    10.8753 0.0000e+00
     15.972     -0.204     4.2428     39.571    101.825  73.084027     0.7073      7.141   206.2224 1.2366e-01     3.9083     15.667     22.723    10.8783 0.0000e+00
     15.920     -0.209     4.2780     39.838    101.735  73.022091     0.7146      7.141   206.5032 1.2364e-01     3.8568     15.616     22.648    10.8794 0.0000e+00
     15.861     -0.214     4.3114     40.101    101.650  72.963894     0.7223      7.141   206.8194 1.2372e-01     3.8865     15.554     22.560    10.8807 0.0000e+00
     15.801     -0.217     4.3442     40.331    101.627  72.952155     0.7252      7.141   207.1195 1.2378e-01     3.8576     15.495     22.474    10.8829 0.0000e+00
     15.744     -0.218     4.3745     40.499    101.609  72.943690     0.7328      7.140   207.2921 1.2374e-01     3.7459     15.438     22.390    10.8845 0.0000e+00
     15.690     -0.216     4.4031     40.623    101.579  72.925093     0.7237      7.140   207.3577 1.2364e-01     3.6629     15.386     22.315    10.8857 0.0000e+00
     15.638     -0.212     4.4332     40.743    101.565  72.917896     0.7059      7.140   207.4832 1.2359e-01     3.6069     15.337     22.244    10.8872 0.0000e+00
     15.585     -0.209     4.4607     40.860    101.563  72.920202     0.7009      7.141   207.7771 1.2359e-01     3.6150     15.284     22.167    10.8894 0.0000e+00
     15.531     -0.209     4.4777     40.960    101.515  72.889456     0.6960      7.142   208.1580 1.2357e-01     3.6916     15.231     22.090    10.8916 0.0000e+00
     15.479     -0.208     4.4892     41.062    101.476  72.863801     0.6886      7.142   208.4747 1.2361e-01     3.7132     15.180     22.016    10.8929 0.0000e+00
     15.425     -0.208     4.5020     41.172    101.475  72.864146     0.6875      7.140   208.6803 1.2367e-01     3.6717     15.128     21.941    10.8945 0.0000e+00
     15.371     -0.209     4.5168     41.247    101.426  72.830098     0.6910      7.139   208.8367 1.2363e-01     3.5667     15.072     21.861    10.8965 0.0000e+00
     15.319     -0.211     4.5262     41.313    101.340  72.769778     0.6971      7.139   208.9897 1.2360e-01     3.4336     15.022     21.786    10.8983 0.0000e+00
     15.268     -0.212     4.5351     41.399    101.247  72.706608     0.7032      7.139   209.0676 1.2363e-01     3.3941     14.975     21.720    10.8993 0.0000e+00
     15.213     -0.212     4.5530     41.498    101.143  72.638080     0.7058      7.140   209.0901 1.2360e-01     3.4311     14.921     21.640    10.8997 0.0000e+00
     15.155     -0.211     4.5573     41.609    101.048  72.576519     0.7038      7.140   209.2626 1.2355e-01     3.5051     14.861     21.553    10.9003 0.0000e+00
     15.100     -0.210     4.5631     41.727    100.979  72.534062     0.6956      7.141   209.5185 1.2352e-01     3.6065     14.807     21.475    10.9011 0.0000e+00
     15.048     -0.208     4.5747     41.871    100.930  72.505927     0.6812      7.141   209.6021 1.2358e-01     3.6665     14.757     21.402    10.9026 0.0000e+00
     14.996     -0.207     4.5834     42.059    100.898  72.490462     0.6629      7.141   209.5856 1.2366e-01     3.6495     14.706     21.328    10.9056 0.0000e+00
     14.945     -0.207     4.5974     42.276    100.868  72.474144     0.6409      7.141   209.6632 1.2365e-01     3.5029     14.655     21.255    10.9092 0.0000e+00
     14.895     -0.212     4.6083     42.501    100.807  72.435691     0.6236      7.140   209.8518 1.2364e-01     3.2943     14.608     21.187    10.9127 0.0000e+00
     14.842     -0.219     4.6226     42.727    100.756  72.406706     0.6200      7.138   210.0594 1.2367e-01     3.2455     14.558     21.115    10.9166 0.0000e+00
     14.785     -0.228     4.6444     42.956    100.702  72.377828     0.6135      7.138   210.3655 1.2371e-01     3.2545     14.501     21.033    10.9204 0.0000e+00
