Data/DataNotYetUploadedToEDI/Raw_CTD/RawDownloads/070722_ccr08_SBE19plus01907809_0003.cnv
* Sea-Bird SBE19plus  Data File:
* FileName = C:\R\Reservoirs\Data\DataNotYetUploadedToEDI\Raw_CTD\RawDownloads\070722_ccr50_SBE19plus01907809_0003.hex
* Software version 2.8.0.119
* Temperature SN = 7809
* Conductivity SN = 7809
* System UpLoad Time = Jul 07 2022 15:45:17
* <ApplicationData>
* <Seaterm232>
# nquan = 15
# nvalues = 372                         
# units = specified
# name 0 = depFM: Depth [fresh water, m]
# name 1 = dz/dtM: Descent Rate [m/s]
# name 2 = sbeox0Mg/L: Oxygen, SBE 43 [mg/l]
# name 3 = sbeox0PS: Oxygen, SBE 43 [% saturation]
# name 4 = specc: Specific Conductance [uS/cm]
# name 5 = c0uS/cm: Conductivity [uS/cm]
# name 6 = flECO-AFL: Fluorescence, WET Labs ECO-AFL/FL [mg/m^3]
# name 7 = ph: pH
# name 8 = orp: Oxidation Reduction Potential [mV]
# name 9 = par/sat/log: PAR/Logarithmic, Satlantic
# name 10 = turbWETntu0: Turbidity, WET Labs ECO [NTU]
# name 11 = prdM: Pressure, Strain Gauge [db]
# name 12 = prdE: Pressure, Strain Gauge [psi]
# name 13 = tv290C: Temperature [ITS-90, deg C]
# name 14 = flag:  0.000e+00
# span 0 =     -0.491,      1.135       
# span 1 =     -0.438,      0.277       
# span 2 =     4.0740,     7.0149       
# span 3 =     51.534,     88.683       
# span 4 =     82.369,     87.861       
# span 5 =  85.980043,  92.112425       
# span 6 =    -1.0540,     6.1110       
# span 7 =      7.718,      8.234       
# span 8 =    -5.4643,   171.9435       
# span 9 = 4.7291e+01, 2.1251e+03       
# span 10 =     1.3717,    12.2568      
# span 11 =     -0.482,      1.113      
# span 12 =     -0.700,      1.615      
# span 13 =    25.7306,    27.8526      
# span 14 = 0.0000e+00, 0.0000e+00      
# interval = seconds: 0.25
# start_time = Jul 07 2022 08:02:13 [Instrument's time stamp, header]
# bad_flag = -9.990e-29
*END*
[from data line 193]
      0.746      0.074     5.9853     75.894     86.538  91.039769     1.3936      8.020   165.1335 3.8584e+02     4.4520      0.732      1.061    27.5996 0.0000e+00
      0.765      0.072     5.9879     75.833     86.404  90.892129     1.4099      8.020   165.6659 3.7156e+02     4.5124      0.752      1.090    27.5994 0.0000e+00
      0.784      0.071     5.9876     75.680     86.201  90.665769     1.4220      8.020   165.4699 3.6357e+02     4.5681      0.769      1.115    27.5995 0.0000e+00
      0.801      0.070     5.9821     75.490     85.971  90.401097     1.4238      8.020   165.1725 3.5572e+02     4.6136      0.785      1.139    27.5974 0.0000e+00
      0.818      0.069     5.9831     75.363     85.784  90.171677     1.4473      8.019   165.2530 3.5124e+02     4.7197      0.802      1.163    27.5951 0.0000e+00
      0.835      0.069     5.9812     75.305     85.644  89.990007     1.4822      8.018   165.5836 3.6073e+02     4.8264      0.819      1.188    27.5919 0.0000e+00
      0.853      0.070     5.9677     75.233     85.429  89.730426     1.4959      8.017   165.6424 3.8301e+02     4.8446      0.838      1.214    27.5861 0.0000e+00
      0.872      0.071     5.9499     75.109     85.140  89.385504     1.4968      8.016   165.3617 4.0845e+02     4.8034      0.856      1.241    27.5724 0.0000e+00
      0.888      0.074     5.9421     74.983     84.645  88.807751     1.5175      8.015   165.2006 4.3555e+02     4.7378      0.871      1.263    27.5503 0.0000e+00
      0.906      0.078     5.9435     74.879     83.727  87.767327     1.5640      8.016   165.3298 4.7550e+02     4.6658      0.887      1.286    27.5303 0.0000e+00
      0.926      0.081     5.9408     74.704     82.831  86.723342     1.6007      8.016   165.7188 5.1776e+02     4.6168      0.908      1.317    27.5131 0.0000e+00
      0.949      0.081     5.9314     74.383     82.424  86.165774     1.6199      8.016   166.1183 5.2486e+02     4.6237      0.929      1.350    27.4895 0.0000e+00
      0.973      0.078     5.9226     73.919     82.369  85.984091     1.6468      8.016   166.2029 5.1397e+02     4.6131      0.953      1.382    27.4562 0.0000e+00
      0.997      0.070     5.9239     73.321     82.453  85.988511     1.6762      8.016   166.1389 5.2101e+02     4.4883      0.980      1.421    27.4115 0.0000e+00
      1.016      0.060     5.9188     72.648     82.591  86.091945     1.6755      8.015   166.2047 5.2027e+02     4.3779      0.999      1.450    27.3504 0.0000e+00
      1.028      0.048     5.9012     72.027     82.727  86.217554     1.6545      8.015   166.4829 5.0192e+02     4.3717      1.009      1.464    27.2632 0.0000e+00
      1.036      0.037     5.8739     71.488     82.932  86.426546     1.6468      8.014   166.7489 4.9197e+02     4.3794      1.016      1.474    27.1763 0.0000e+00
      1.041      0.027     5.8311     71.021     83.132  86.648183     1.6490      8.013   166.7539 4.8960e+02     4.4024      1.022      1.482    27.1282 0.0000e+00
      1.045      0.021     5.7733     70.705     83.057  86.608865     1.6560      8.012   166.7154 4.9547e+02     4.4452      1.025      1.488    27.1087 0.0000e+00
      1.049      0.018     5.7243     70.551     82.817  86.396214     1.6733      8.011   166.8001 5.0525e+02     4.4534      1.029      1.493    27.1018 0.0000e+00
      1.054      0.018     5.6856     70.515     82.660  86.238474     1.6833      8.010   166.9175 4.9959e+02     4.4329      1.034      1.499    27.0974 0.0000e+00
      1.059      0.018     5.6415     70.565     82.667  86.227312     1.6774      8.008   167.0163 4.8489e+02     4.4018      1.038      1.506    27.1005 0.0000e+00
      1.064      0.019     5.6149     70.653     82.836  86.388350     1.6694      8.007   167.1340 4.6579e+02     4.3853      1.044      1.513    27.1307 0.0000e+00
      1.068      0.019     5.6011     70.700     82.915  86.469175     1.6604      8.007   167.3077 4.4685e+02     4.3693      1.048      1.519    27.1644 0.0000e+00
      1.073      0.018     5.5984     70.684     82.823  86.378165     1.6522      8.006   167.5682 4.3072e+02     4.3458      1.052      1.526    27.1635 0.0000e+00
      1.078      0.017     5.6057     70.688     82.754  86.305075     1.6620      8.005   167.7887 4.1408e+02     4.3394      1.056      1.533    27.1440 0.0000e+00
      1.083      0.015     5.6162     70.754     82.744  86.284706     1.6872      8.005   167.9085 4.0042e+02     4.3272      1.062      1.541    27.1339 0.0000e+00
      1.087      0.013     5.6220     70.836     82.852  86.386146     1.6986      8.005   168.0696 3.8909e+02     4.2314      1.066      1.547    27.1358 0.0000e+00
      1.090      0.010     5.6152     70.906     83.157  86.705159     1.6917      8.004   168.1890 3.8922e+02     4.1381      1.069      1.552    27.1412 0.0000e+00
      1.092      0.008     5.6146     71.005     83.436  87.026915     1.6790      8.003   168.2335 4.0396e+02     4.1898      1.071      1.553    27.1415 0.0000e+00
      1.092      0.006     5.6225     71.127     83.393  87.034424     1.6695      8.003   168.2625 4.1722e+02     4.2749      1.071      1.553    27.1343 0.0000e+00
      1.093      0.006     5.6321     71.202     83.133  86.796059     1.6693      8.001   168.3679 4.2112e+02     4.3137      1.072      1.555    27.1239 0.0000e+00
      1.094      0.006     5.6352     71.236     82.856  86.497044     1.6754      7.999   168.4762 4.1582e+02     4.3524      1.073      1.556    27.1193 0.0000e+00
      1.095      0.007     5.6407     71.255     82.622  86.216112     1.6856      7.997   168.4534 3.9810e+02     4.3329      1.074      1.558    27.1379 0.0000e+00
      1.098      0.008     5.6504     71.253     82.520  86.069183     1.6926      7.996   168.5216 3.6985e+02     4.2477      1.076      1.561    27.1833 0.0000e+00
      1.101      0.008     5.6521     71.236     82.595  86.118987     1.6848      7.995   168.6981 3.3341e+02     4.1760      1.079      1.565    27.2087 0.0000e+00
      1.103      0.008     5.6547     71.186     82.729  86.246132     1.6666      7.994   168.7812 3.0178e+02     4.1153      1.082      1.570    27.1959 0.0000e+00
      1.105      0.007     5.6605     71.031     82.755  86.271512     1.6566      7.993   168.8379 2.8250e+02     4.1628      1.084      1.572    27.1682 0.0000e+00
      1.107      0.006     5.6622     70.761     82.720  86.235161     1.6547      7.992   169.0392 2.6034e+02     4.3404      1.085      1.575    27.1411 0.0000e+00
      1.108      0.005     5.6624     70.469     82.734  86.251590     1.6598      7.991   169.3225 2.3124e+02     4.4529      1.086      1.576    27.1235 0.0000e+00
      1.108      0.004     5.6627     70.241     82.878  86.406590     1.6685      7.990   169.5967 2.0752e+02     4.4639      1.087      1.576    27.1169 0.0000e+00
      1.109      0.004     5.6508     70.124     83.218  86.774294     1.6432      7.988   169.8591 1.9485e+02     4.4389      1.088      1.578    27.1181 0.0000e+00
      1.110      0.004     5.6253     70.148     83.654  87.264692     1.5875      7.987   170.0861 1.8681e+02     4.3895      1.088      1.578    27.1181 0.0000e+00
      1.111      0.004     5.5999     70.296     84.066  87.758871     1.5523      7.987   170.2759 1.7749e+02     4.3452      1.089      1.579    27.1180 0.0000e+00
      1.112      0.004     5.5806     70.548     84.326  88.108657     1.5423      7.987   170.4339 1.6591e+02     4.3132      1.090      1.581    27.1213 0.0000e+00
      1.114      0.004     5.5692     70.890     84.343  88.188200     1.5334      7.986   170.7055 1.5466e+02     4.2753      1.091      1.584    27.1249 0.0000e+00
      1.116      0.004     5.5703     71.237     84.332  88.212132     1.5193      7.986   171.2368 1.4849e+02     4.2292      1.094      1.587    27.1442 0.0000e+00
      1.116      0.004     5.5789     71.529     84.365  88.270919     1.5046      7.985   171.6950 1.4709e+02     4.2004      1.095      1.588    27.1868 0.0000e+00
      1.116      0.005     5.5923     71.795     84.277  88.199695     1.4981      7.983   171.9435 1.4543e+02     4.2002      1.095      1.588    27.2401 0.0000e+00
      1.116      0.006     5.6191     72.037     84.190  88.113906     1.5562      7.981   171.5747 1.3781e+02     4.2267      1.094      1.587    27.2804 0.0000e+00
      1.118      0.006     5.6481     72.238     84.330  88.250852     1.6671      7.979   169.8176 1.2304e+02     4.2810      1.095      1.589    27.2948 0.0000e+00
      1.121      0.007     5.6667     72.429     84.529  88.456832     1.7237      7.977   162.1415 1.0834e+02     4.3450      1.100      1.595    27.3078 0.0000e+00
      1.124      0.007     5.6869     72.638     84.564  88.506398     1.7241      7.974   145.9604 9.9137e+01     4.3847      1.103      1.600    27.3253 0.0000e+00
      1.126      0.007     5.7066     72.798     84.579  88.532293     1.7139      7.972   130.4195 9.3781e+01     4.3860      1.105      1.602    27.3275 0.0000e+00
      1.128      0.006     5.7231     72.872     84.684  88.642795     1.6829      7.972   121.1071 9.0117e+01     4.3945      1.105      1.603    27.3149 0.0000e+00
      1.129      0.004     5.7359     72.889     84.854  88.825252     1.6405      7.971   113.4682 8.7123e+01     4.4190      1.106      1.604    27.3124 0.0000e+00
      1.129      0.002     5.7546     72.906     85.027  89.021797     1.6175      7.969   101.7277 8.4421e+01     4.4089      1.107      1.605    27.3266 0.0000e+00
      1.130      0.002     5.7684     73.014     85.092  89.111908     1.6046      7.967    86.7027 8.2339e+01     4.3754      1.108      1.607    27.3338 0.0000e+00
      1.130      0.001     5.7715     73.157     85.053  89.088308     1.5684      7.964    75.4007 8.0522e+01     4.3560      1.108      1.608    27.3292 0.0000e+00
      1.130      0.001     5.7745     73.250     85.075  89.117948     1.5127      7.959    67.9795 7.8190e+01     4.3793      1.108      1.607    27.3301 0.0000e+00
      1.130      0.001     5.7675     73.343     85.104  89.152395     1.4887      7.955    61.4168 7.5293e+01     4.4173      1.108      1.608    27.3411 0.0000e+00
      1.131      0.000     5.7785     73.509     84.888  88.932610     1.5023      7.951    55.6771 7.2121e+01     4.4394      1.109      1.608    27.3570 0.0000e+00
      1.131      0.000     5.7929     73.730     84.473  88.495022     1.5276      7.948    50.7213 6.9276e+01     4.4422      1.109      1.608    27.3698 0.0000e+00
      1.131     -0.001     5.7964     73.853     84.016  87.994028     1.5526      7.943    46.4088 6.6921e+01     4.4171      1.109      1.608    27.3694 0.0000e+00
      1.130     -0.001     5.8021     73.745     83.660  87.579652     1.5560      7.938    42.4245 6.4244e+01     4.4092      1.108      1.608    27.3692 0.0000e+00
      1.130     -0.001     5.8132     73.455     83.431  87.299203     1.5432      7.933    38.5977 6.1064e+01     4.4148      1.108      1.607    27.3781 0.0000e+00
      1.130     -0.001     5.8370     73.140     83.200  87.018847     1.5396      7.926    34.8994 5.7899e+01     4.5185      1.108      1.607    27.3779 0.0000e+00
      1.129     -0.001     5.8529     72.863     82.980  86.732697     1.5454      7.918    31.4368 5.4897e+01     4.7408      1.107      1.605    27.3659 0.0000e+00
      1.128     -0.001     5.8456     72.610     82.832  86.509286     1.5544      7.908    28.2219 5.2113e+01     4.8822      1.106      1.605    27.3355 0.0000e+00
      1.128      0.000     5.8189     72.359     82.742  86.351740     1.5656      7.897    24.6793 4.9793e+01     4.9306      1.106      1.605    27.3080 0.0000e+00
      1.129      0.000     5.7943     72.082     82.670  86.226250     1.5817      7.885    19.8357 4.8115e+01     5.1202      1.107      1.606    27.2956 0.0000e+00
      1.129      0.001     5.7774     71.792     82.738  86.263300     1.6075      7.872    13.4531 4.7291e+01     5.4672      1.107      1.605    27.2577 0.0000e+00
      1.129      0.002     5.7622     71.536     82.965  86.481795     1.6203      7.859     6.7023 4.7672e+01     5.6418      1.106      1.605    27.2108 0.0000e+00
      1.130      0.003     5.7479     71.339     83.121  86.643101     1.6107      7.846    -0.3558 5.0031e+01     5.6253      1.108      1.607    27.1722 0.0000e+00
      1.131      0.003     5.7287     71.187     83.211  86.751546     1.5995      7.833    -5.4643 5.4266e+01     5.9517      1.109      1.608    27.1407 0.0000e+00
      1.132      0.004     5.7056     71.080     83.329  86.903021     1.6020      7.821    -4.9019 5.8544e+01     6.6505      1.110      1.610    27.1207 0.0000e+00
      1.133      0.004     5.6858     71.061     83.341  86.948927     1.6154      7.811    -1.2138 6.2146e+01     7.0377      1.111      1.611    27.1091 0.0000e+00
      1.134      0.003     5.6709     71.179     83.124  86.734507     1.6200      7.802     3.2493 6.6547e+01     7.0124      1.112      1.613    27.1093 0.0000e+00
      1.135      0.002     5.6581     71.404     82.834  86.408330     1.6246      7.796     8.6228 7.3319e+01     6.7205      1.113      1.614    27.1173 0.0000e+00
      1.135      0.000     5.6466     71.654     82.660  86.183610     1.6380      7.791    13.5102 8.1979e+01     6.2408      1.113      1.615    27.1367 0.0000e+00
      1.135     -0.002     5.6398     71.862     82.689  86.178723     1.6475      7.784    17.6883 9.1200e+01     5.9947      1.113      1.615    27.1627 0.0000e+00
      1.135     -0.004     5.6493     71.982     82.869  86.349181     1.6570      7.777    21.5404 1.0163e+02     5.9997      1.113      1.614    27.1746 0.0000e+00
      1.134     -0.006     5.6721     72.002     82.925  86.401082     1.6618      7.772    24.8099 1.1505e+02     5.9932      1.112      1.612    27.1567 0.0000e+00
      1.131     -0.008     5.6969     71.941     82.765  86.234121     1.6638      7.765    27.7938 1.3143e+02     5.8820      1.109      1.609    27.1214 0.0000e+00
      1.128     -0.009     5.7172     71.804     82.585  86.046829     1.6727      7.756    31.0322 1.4814e+02     5.7145      1.106      1.604    27.0992 0.0000e+00
      1.125     -0.009     5.7280     71.609     82.533  85.980043     1.6695      7.750    34.5395 1.6384e+02     5.6075      1.104      1.601    27.0925 0.0000e+00
      1.123     -0.009     5.7290     71.388     82.627  86.062280     1.6585      7.745    38.1938 1.8160e+02     5.5452      1.102      1.597    27.0862 0.0000e+00
      1.122     -0.009     5.7240     71.163     82.836  86.278302     1.6472      7.740    41.6613 2.0570e+02     5.3025      1.100      1.595    27.0897 0.0000e+00
      1.119     -0.009     5.7125     70.993     83.022  86.494177     1.6250      7.736    44.2854 2.3575e+02     4.8939      1.098      1.592    27.0942 0.0000e+00
      1.117     -0.010     5.6963     70.936     83.127  86.638236     1.6074      7.732    46.2609 2.6442e+02     4.7037      1.095      1.588    27.0821 0.0000e+00
      1.115     -0.013     5.6808     70.968     83.203  86.748767     1.6000      7.728    48.4247 2.8794e+02     4.7107      1.093      1.585    27.0684 0.0000e+00
      1.113     -0.017     5.6612     71.043     83.244  86.813520     1.5857      7.723    50.8305 3.0841e+02     4.6366      1.091      1.583    27.0656 0.0000e+00
      1.109     -0.023     5.6431     71.162     83.260  86.849063     1.5670      7.723    53.1510 3.2614e+02     4.4908      1.089      1.579    27.0812 0.0000e+00
      1.103     -0.032     5.6373     71.311     83.256  86.860688     1.5570      7.723    55.1444 3.4382e+02     4.4167      1.083      1.570    27.1080 0.0000e+00
      1.094     -0.042     5.6406     71.465     83.276  86.890523     1.5483      7.722    57.0363 3.6484e+02     4.4241      1.073      1.556    27.1266 0.0000e+00
      1.082     -0.055     5.6440     71.619     83.396  87.019102     1.5786      7.722    59.2486 3.9096e+02     4.8531      1.062      1.540    27.1370 0.0000e+00
