Data/DataNotYetUploadedToEDI/Raw_CTD/RawDownloads/070722_ccr10_SBE19plus01907809_0005.cnv
* Sea-Bird SBE19plus  Data File:
* FileName = C:\R\Reservoirs\Data\DataNotYetUploadedToEDI\Raw_CTD\RawDownloads\070722_ccr50_SBE19plus01907809_0005.hex
* Software version 2.8.0.119
* Temperature SN = 7809
* Conductivity SN = 7809
* System UpLoad Time = Jul 07 2022 15:45:48
* <ApplicationData>
* <Seaterm232>
# nquan = 15
# nvalues = 698                         
# units = specified
# name 0 = depFM: Depth [fresh water, m]
# name 1 = dz/dtM: Descent Rate [m/s]
# name 2 = sbeox0Mg/L: Oxygen, SBE 43 [mg/l]
# name 3 = sbeox0PS: Oxygen, SBE 43 [% saturation]
# name 4 = specc: Specific Conductance [uS/cm]
# name 5 = c0uS/cm: Conductivity [uS/cm]
# name 6 = flECO-AFL: Fluorescence, WET Labs ECO-AFL/FL [mg/m^3]
# name 7 = ph: pH
# name 8 = orp: Oxidation Reduction Potential [mV]
# name 9 = par/sat/log: PAR/Logarithmic, Satlantic
# name 10 = turbWETntu0: Turbidity, WET Labs ECO [NTU]
# name 11 = prdM: Pressure, Strain Gauge [db]
# name 12 = prdE: Pressure, Strain Gauge [psi]
# name 13 = tv290C: Temperature [ITS-90, deg C]
# name 14 = flag:  0.000e+00
# span 0 =     -0.491,      3.356       
# span 1 =     -0.272,      0.311       
# span 2 =     3.7195,     6.9357       
# span 3 =     46.633,     87.983       
# span 4 =      0.956,     89.063       
# span 5 =   0.980260,  93.458256       
# span 6 =    -0.1450,     2.6069       
# span 7 =      7.966,      8.295       
# span 8 =    91.5664,   223.3765       
# span 9 = 5.5676e+01, 2.6880e+03       
# span 10 =    -1.1106,    25.0835      
# span 11 =     -0.483,      3.292      
# span 12 =     -0.701,      4.774      
# span 13 =    26.2654,    28.0065      
# span 14 = 0.0000e+00, 0.0000e+00      
# interval = seconds: 0.25
# start_time = Jul 07 2022 08:17:23 [Instrument's time stamp, header]
# bad_flag = -9.990e-29
*END*
[from data line 579]
      1.200     -0.111     6.4672     82.224     87.696  92.000002     1.6690      8.070   196.9825 3.0712e+02     2.0266      1.178      1.708    27.4519 0.0000e+00
      1.166     -0.099     6.4804     82.197     87.762  92.101785     1.6654      8.071   196.9003 3.1330e+02     2.0449      1.139      1.651    27.4531 0.0000e+00
      1.143     -0.087     6.4925     82.160     87.797  92.184700     1.6579      8.072   196.5390 3.1580e+02     2.1369      1.116      1.618    27.4463 0.0000e+00
      1.130     -0.077     6.5000     82.165     87.805  92.239546     1.6288      8.073   196.1419 3.1811e+02     2.2854      1.108      1.607    27.4395 0.0000e+00
      1.119     -0.068     6.4996     82.251     87.783  92.256306     1.5799      8.076   195.8845 3.2202e+02     2.4057      1.098      1.593    27.4407 0.0000e+00
      1.104     -0.061     6.4949     82.426     87.759  92.260222     1.5497      8.079   195.7510 3.2242e+02     2.3966      1.084      1.572    27.4626 0.0000e+00
      1.086     -0.059     6.4863     82.659     87.767  92.286948     1.5386      8.081   195.6459 3.2657e+02     2.3451      1.065      1.545    27.4923 0.0000e+00
      1.067     -0.061     6.4824     82.906     87.791  92.325119     1.5282      8.084   195.5607 3.3152e+02     2.2951      1.044      1.515    27.5203 0.0000e+00
      1.052     -0.066     6.4864     83.152     87.794  92.340243     1.5245      8.087   195.5806 3.3131e+02     2.2371      1.029      1.492    27.5440 0.0000e+00
      1.041     -0.071     6.4990     83.369     87.785  92.342651     1.5347      8.091   195.7146 3.3395e+02     2.2583      1.023      1.483    27.5597 0.0000e+00
      1.026     -0.076     6.5187     83.529     87.790  92.354260     1.5516      8.094   195.8906 3.4029e+02     2.3460      1.010      1.465    27.5694 0.0000e+00
      1.003     -0.079     6.5365     83.647     87.786  92.353444     1.5621      8.097   195.9007 3.4766e+02     2.4099      0.985      1.427    27.5749 0.0000e+00
      0.977     -0.079     6.5565     83.737     87.765  92.332789     1.5630      8.100   195.5789 3.5758e+02     2.3819      0.959      1.390    27.5822 0.0000e+00
      0.952     -0.073     6.5737     83.764     87.790  92.358870     1.5531      8.103   195.4415 3.6720e+02     2.2812      0.932      1.352    27.5901 0.0000e+00
      0.929     -0.059     6.5854     83.774     87.840  92.414436     1.5426      8.105   195.5297 3.7287e+02     2.2512      0.908      1.317    27.5947 0.0000e+00
      0.913     -0.042     6.5925     83.810     87.851  92.432346     1.5521      8.108   195.5272 3.7524e+02     2.2917      0.892      1.294    27.5950 0.0000e+00
      0.907     -0.026     6.6031     83.786     87.859  92.448259     1.5847      8.111   195.5829 3.7678e+02     2.2927      0.886      1.286    27.5955 0.0000e+00
      0.909     -0.012     6.6035     83.691     87.883  92.479664     1.6119      8.114   195.6012 3.7664e+02     2.2977      0.891      1.292    27.5951 0.0000e+00
      0.913     -0.002     6.5994     83.601     87.893  92.494136     1.6154      8.116   195.6623 3.7519e+02     2.3529      0.897      1.300    27.5959 0.0000e+00
      0.915      0.002     6.6091     83.592     87.890  92.496067     1.5849      8.118   195.8062 3.7561e+02     2.3788      0.898      1.303    27.6010 0.0000e+00
      0.914      0.001     6.6046     83.686     87.892  92.503023     1.5268      8.120   195.7919 3.7890e+02     2.3371      0.897      1.301    27.6062 0.0000e+00
      0.914     -0.003     6.5952     83.836     87.899  92.514662     1.4954      8.122   195.7476 3.8055e+02     2.2925      0.897      1.300    27.6090 0.0000e+00
      0.914     -0.006     6.5851     84.013     87.889  92.509618     1.4969      8.124   195.7866 3.7775e+02     2.2844      0.897      1.301    27.6107 0.0000e+00
      0.912     -0.006     6.5827     84.183     87.880  92.505629     1.5117      8.125   195.6613 3.7592e+02     2.3079      0.896      1.298    27.6135 0.0000e+00
      0.908     -0.002     6.5929     84.278     87.897  92.530032     1.5326      8.126   195.4367 3.7700e+02     2.3374      0.890      1.291    27.6168 0.0000e+00
      0.903      0.003     6.6042     84.271     87.910  92.550321     1.5409      8.129   195.5664 3.8000e+02     2.3677      0.885      1.284    27.6192 0.0000e+00
      0.903      0.008     6.6187     84.211     87.913  92.560191     1.5454      8.131   196.1113 3.7941e+02     2.4016      0.885      1.283    27.6219 0.0000e+00
      0.908      0.011     6.6342     84.136     87.932  92.585796     1.5372      8.133   196.6043 3.7411e+02     2.3706      0.890      1.291    27.6248 0.0000e+00
      0.917      0.011     6.6426     84.043     87.947  92.605565     1.5177      8.136   196.7943 3.6859e+02     2.3003      0.900      1.305    27.6281 0.0000e+00
      0.925      0.007     6.6390     83.939     87.946  92.608451     1.5170      8.140   196.8609 3.6463e+02     2.2693      0.909      1.318    27.6326 0.0000e+00
      0.928      0.001     6.6329     83.899     87.954  92.620700     1.5285      8.143   196.8934 3.6916e+02     2.2683      0.912      1.322    27.6366 0.0000e+00
      0.924     -0.004     6.6266     83.973     87.957  92.626491     1.5317      8.144   196.9285 3.7312e+02     2.2884      0.908      1.316    27.6396 0.0000e+00
      0.917     -0.006     6.6200     84.106     87.944  92.614882     1.5312      8.146   197.0277 3.6972e+02     2.3423      0.899      1.304    27.6422 0.0000e+00
      0.910     -0.006     6.6086     84.231     87.936  92.607524     1.5395      8.148   197.0604 3.7219e+02     2.4070      0.890      1.292    27.6441 0.0000e+00
      0.907     -0.003     6.6025     84.309     87.930  92.601118     1.5563      8.150   196.9794 3.7568e+02     2.4230      0.887      1.287    27.6462 0.0000e+00
      0.910      0.001     6.6113     84.324     87.929  92.601014     1.5687      8.151   196.9086 3.7083e+02     2.3988      0.891      1.292    27.6482 0.0000e+00
      0.915      0.002     6.6234     84.311     87.933  92.606264     1.5467      8.152   196.8069 3.6716e+02     2.3523      0.899      1.304    27.6490 0.0000e+00
      0.920      0.001     6.6337     84.291     87.927  92.601018     1.4982      8.155   196.6953 3.6805e+02     2.3048      0.904      1.310    27.6493 0.0000e+00
      0.920      0.000     6.6414     84.248     87.927  92.601168     1.4738      8.157   196.6781 3.7095e+02     2.3035      0.903      1.309    27.6496 0.0000e+00
      0.917      0.002     6.6405     84.203     87.932  92.608086     1.4772      8.158   196.6852 3.7457e+02     2.3361      0.900      1.305    27.6502 0.0000e+00
      0.912      0.010     6.6384     84.195     87.944  92.621073     1.4979      8.160   196.6947 3.7319e+02     2.4257      0.895      1.297    27.6506 0.0000e+00
      0.907      0.021     6.6384     84.216     87.955  92.631010     1.5321      8.164   196.6216 3.7084e+02     2.5332      0.888      1.287    27.6511 0.0000e+00
      0.910      0.031     6.6340     84.249     87.929  92.601055     1.5493      8.168   196.4900 3.6865e+02     2.5762      0.886      1.285    27.6519 0.0000e+00
      0.929      0.034     6.6283     84.295     87.907  92.576834     1.5477      8.170   196.4795 3.6120e+02     2.6039      0.907      1.315    27.6526 0.0000e+00
      0.955      0.031     6.6288     84.341     87.922  92.592503     1.5300      8.173   196.4950 3.5631e+02     2.5613      0.940      1.362    27.6530 0.0000e+00
      0.972      0.026     6.6312     84.353     87.929  92.599742     1.4933      8.176   196.5055 3.5781e+02     2.4026      0.960      1.393    27.6519 0.0000e+00
      0.970      0.018     6.6332     84.290     87.929  92.600776     1.4696      8.178   196.5202 3.5816e+02     2.2907      0.956      1.387    27.6500 0.0000e+00
      0.959      0.006     6.6382     84.184     87.932  92.605001     1.4683      8.179   196.5009 3.5832e+02     2.3012      0.937      1.358    27.6490 0.0000e+00
      0.953     -0.009     6.6417     84.108     87.916  92.587244     1.4775      8.181   196.2714 3.5964e+02     2.4274      0.931      1.348    27.6488 0.0000e+00
      0.957     -0.025     6.6454     84.054     87.906  92.576841     1.4894      8.181   195.7252 3.5525e+02     2.5866      0.938      1.360    27.6493 0.0000e+00
      0.963     -0.036     6.6392     84.003     87.932  92.606390     1.4964      8.180   195.3170 3.4637e+02     2.6549      0.949      1.375    27.6502 0.0000e+00
      0.957     -0.046     6.6268     83.988     87.947  92.626576     1.4946      8.180   195.2073 3.3903e+02     2.6388      0.947      1.372    27.6507 0.0000e+00
      0.932     -0.062     6.6225     84.018     87.945  92.630155     1.4851      8.180   195.0882 3.3352e+02     2.5620      0.918      1.332    27.6503 0.0000e+00
      0.901     -0.092     6.6194     84.054     87.958  92.649678     1.4731      8.181   194.9091 3.3169e+02     2.5125      0.877      1.273    27.6496 0.0000e+00
      0.882     -0.135     6.6134     84.094     87.972  92.671883     1.4653      8.185   194.7624 3.3579e+02     2.5186      0.858      1.244    27.6505 0.0000e+00
      0.872     -0.183     6.6110     84.149     87.995  92.707877     1.4738      8.188   194.4327 3.3716e+02     2.5330      0.866      1.256    27.6537 0.0000e+00
      0.836     -0.228     6.6158     84.203     88.034  92.766963     1.4765      8.190   193.9341 3.3959e+02     2.5501      0.840      1.218    27.6572 0.0000e+00
      0.757     -0.260     6.6176     84.260     88.059  92.814018     1.4232      8.191   193.6380 3.6230e+02     2.5547      0.748      1.085    27.6594 0.0000e+00
      0.654     -0.272     6.6193     84.285     88.055  92.831731     1.3456      8.193   193.5196 3.9609e+02     2.5547      0.641      0.930    27.6632 0.0000e+00
      0.550     -0.260     6.6244     84.182     88.058  92.853984     1.3120      8.194   193.3632 4.2054e+02     2.5494      0.533      0.774    27.6703 0.0000e+00
      0.468     -0.222     6.6268     83.956     88.080  92.892337     1.3005      8.195   193.1237 4.4697e+02     2.5594      0.442      0.641    27.6804 0.0000e+00
      0.425     -0.168     6.6290     83.640     88.087  92.913936     1.2484      8.196   192.8612 4.7228e+02     2.5725      0.405      0.588    27.6938 0.0000e+00
      0.413     -0.123     6.6356     83.247     88.083  92.924390     1.1723      8.198   192.5118 4.7512e+02     2.5707      0.406      0.589    27.7064 0.0000e+00
      0.406     -0.113     6.6246     82.961     88.100  92.955170     1.1461      8.199   191.9112 4.7244e+02     2.5723      0.399      0.578    27.7174 0.0000e+00
      0.401     -0.141     6.6026     82.891     88.160  93.031773     1.1557      8.200   191.3627 4.7305e+02     2.5921      0.390      0.565    27.7260 0.0000e+00
      0.390     -0.194     6.5821     82.956     88.250  93.151119     1.1138      8.202   192.3330 4.9243e+02     2.6047      0.398      0.576    27.7328 0.0000e+00
      0.340     -0.242     6.5400     83.096     88.298  93.253596     1.0139      8.204   194.6093 5.6893e+02     2.5885      0.359      0.520    27.7417 0.0000e+00
      0.236     -0.263     6.5132     83.250     88.291  93.317041     0.9555      8.207   195.6545 6.4068e+02     2.5672      0.239      0.346    27.7496 0.0000e+00
      0.111     -0.252     6.5127     83.340     88.254  93.346026     0.9483      8.209   194.5601 6.6708e+02     2.5525      0.098      0.142    27.7549 0.0000e+00
      0.012     -0.214     6.5166     83.348     88.209  93.349791     0.9108      8.209   193.5949 7.2180e+02     2.5815     -0.010     -0.016    27.7629 0.0000e+00
     -0.032     -0.161     6.5260     83.311     88.191  93.362648     0.8589      8.211   194.7389 7.8396e+02     2.6442     -0.050     -0.073    27.7945 0.0000e+00
     -0.029     -0.113     6.5354     83.261     88.176  93.374352     0.8461      8.214   195.7442 7.9516e+02     2.6952     -0.034     -0.049    27.8414 0.0000e+00
     -0.007     -0.092     6.5384     83.169     88.140  93.364152     0.8472      8.215   194.3066 7.7406e+02     3.1989     -0.002     -0.002    27.8816 0.0000e+00
     -0.000     -0.108     6.5335     82.938     88.128  93.366556     0.7893      8.214   191.9837 7.6896e+02     8.9391      0.016      0.022    27.9136 0.0000e+00
     -0.030     -0.153     6.5284     82.481     88.161  93.403448     0.6864      8.213   192.1790 7.8282e+02    19.4254     -0.019     -0.028    27.9254 0.0000e+00
     -0.090     -0.201     6.5233     81.764     88.189  93.428675     0.6278      8.212   195.9798 7.8632e+02    25.0835     -0.083     -0.120    27.9384 0.0000e+00
     -0.172     -0.231     6.5167     80.818     88.185  93.417215     0.5959      8.212   201.0284 7.8342e+02    25.0190     -0.163     -0.236    27.9607 0.0000e+00
     -0.262     -0.238     6.5012     79.925     88.175  93.392046     0.4177      8.213   203.2320 7.5716e+02    18.4070     -0.264     -0.382    27.9680 0.0000e+00
     -0.337     -0.223     6.4647     79.467     88.183  93.378708     0.1128      8.214   202.9204 7.2057e+02     6.1472     -0.344     -0.498    27.9668 0.0000e+00
     -0.382     -0.191     6.4113     79.468     88.212  93.383101    -0.0440      8.217   204.3155 7.0312e+02    -0.5467     -0.383     -0.556    27.9649 0.0000e+00
     -0.408     -0.149     6.3294     79.599     88.174  93.317944    -0.0553      8.218   206.4202 6.9277e+02    -1.1106     -0.394     -0.572    27.9611 0.0000e+00
     -0.440     -0.108     6.2439     79.454     87.269  92.336492    -0.0823      8.218   207.4610 6.5993e+02    -0.8753     -0.428     -0.620    27.9535 0.0000e+00
     -0.474     -0.075     6.2106     78.805     76.938  81.389224    -0.1290      8.219   208.2959 5.8369e+02    -0.3664     -0.476     -0.689    27.9402 0.0000e+00
     -0.489     -0.052     6.2233     77.772     51.675  54.656906    -0.1450      8.221   209.1155 4.7079e+02    -0.0818     -0.483     -0.701    27.9245 0.0000e+00
     -0.490     -0.033     6.2475     76.659     26.821  28.366693    -0.1348      8.222   209.8855 3.6313e+02    -0.0647     -0.480     -0.696    27.9096 0.0000e+00
     -0.490     -0.016     6.2459     75.633     15.356  16.239860    -0.1384      8.222   210.5506 3.0654e+02    -0.0903     -0.481     -0.698    27.8952 0.0000e+00
     -0.490     -0.005     6.1921     74.750     12.244  12.946738    -0.1307      8.222   210.9626 2.7986e+02    -0.1872     -0.480     -0.697    27.8829 0.0000e+00
     -0.490     -0.000     6.1000     74.075     10.921  11.544669    -0.0995      8.223   210.7367 2.4438e+02    -0.2800     -0.481     -0.698    27.8757 0.0000e+00
     -0.490 -2.860e-08     6.0107     73.667      9.814  10.371174    -0.0778      8.224   209.9710 2.0296e+02    -0.2559     -0.480     -0.696    27.8719 0.0000e+00
     -0.490 -3.145e-07     5.9301     73.537      8.896   9.397838    -0.0680      8.224   209.1890 1.7692e+02    -0.2370     -0.480     -0.697    27.8695 0.0000e+00
     -0.490 -3.145e-07     5.8589     73.612      7.883   8.325484    -0.0812      8.224   208.6814 1.7196e+02    -0.2900     -0.481     -0.698    27.8642 0.0000e+00
     -0.490 -2.859e-08     5.8062     73.792      6.719   7.094005    -0.1202      8.224   208.6516 1.7852e+02    -0.3164     -0.480     -0.697    27.8501 0.0000e+00
     -0.490 -2.599e-09     5.7745     73.997      5.896   6.222557    -0.1403      8.224   209.0870 1.8079e+02    -0.3176     -0.481     -0.697    27.8314 0.0000e+00
     -0.490 -2.363e-10     5.7696     74.200      5.526   5.830402    -0.1325      8.223   209.0418 1.6069e+02    -0.3385     -0.481     -0.697    27.8136 0.0000e+00
     -0.490 -2.148e-11     5.7797     74.401      5.292   5.581615    -0.1177      8.220   208.2767 1.2732e+02    -0.3628     -0.481     -0.698    27.7964 0.0000e+00
