Data/DataNotYetUploadedToEDI/Raw_CTD/RawDownloads/070725_bvr50_S8188001.cnv
* Sea-Bird SBE19plus  Data File:
* FileName = C:\R\Reservoirs\Data\DataNotYetUploadedToEDI\Raw_CTD\RawDownloads\070725_bvr50_S8188_0001.hex
* Software version 2.8.0.119
* Temperature SN = 8188
* Conductivity SN = 8188
* System UpLoad Time = Jul 09 2025 16:16:44
* <ApplicationData>
* <Seaterm232>
# nquan = 16
# nvalues = 2617                        
# units = specified
# name 0 = depFM: Depth [fresh water, m]
# name 1 = dz/dtM: Descent Rate [m/s]
# name 2 = sbeox0Mg/L: Oxygen, SBE 43 [mg/l]
# name 3 = sbeox0PS: Oxygen, SBE 43 [% saturation]
# name 4 = specc: Specific Conductance [uS/cm]
# name 5 = c0uS/cm: Conductivity [uS/cm]
# name 6 = wetCDOM: Fluorescence, WET Labs CDOM [mg/m^3]
# name 7 = flECO-AFL: Fluorescence, WET Labs ECO-AFL/FL [mg/m^3]
# name 8 = flECO-AFL1: Fluorescence, WET Labs ECO-AFL/FL, 2 [mg/m^3]
# name 9 = flECO-AFL2: Fluorescence, WET Labs ECO-AFL/FL, 3 [mg/m^3]
# name 10 = par/sat/log: PAR/Logarithmic, Satlantic
# name 11 = turbWETntu0: Turbidity, WET Labs ECO [NTU]
# name 12 = prdM: Pressure, Strain Gauge [db]
# name 13 = prdE: Pressure, Strain Gauge [psi]
# name 14 = tv290C: Temperature [ITS-90, deg C]
# name 15 = flag:  0.000e+00
# span 0 =     -0.713,      6.351       
# span 1 =     -0.222,      0.196       
# span 2 =     0.0113,     9.5065       
# span 3 =      0.120,    119.687       
# span 4 =   -643.036,    268.052       
# span 5 =-490.136753, 196.000694       
# span 6 =    -4.5000,    62.5500       
# span 7 =    -0.9598,    19.7391       
# span 8 =    -5.2398,     5.2824       
# span 9 =    -7.5294,    21.9960       
# span 10 = 1.1582e-01, 3.2510e+03      
# span 11 =    -2.7568,   154.5616      
# span 12 =     -0.699,      6.228      
# span 13 =     -1.014,      9.033      
# span 14 =    11.5575,    27.6760      
# span 15 = 0.0000e+00, 0.0000e+00      
# interval = seconds: 0.25
# start_time = Jul 07 2025 10:24:55 [Instrument's time stamp, header]
# bad_flag = -9.990e-29
*END*
[from data line 814]
      0.091      0.000     7.9683    100.293     30.805  32.140895    19.9800     1.8135     0.1278     1.4382 3.9450e+02     5.2043      0.089      0.129    27.1600 0.0000e+00
      0.090     -0.001     7.9675    100.290     30.823  32.159727    19.9800     1.8212     0.1278     1.4382 2.8261e+02     5.1892      0.088      0.129    27.1604 0.0000e+00
      0.090     -0.001     7.9670    100.278     30.853  32.191484    19.9800     1.8135     0.1278     1.4382 2.6225e+02     5.1288      0.088      0.128    27.1607 0.0000e+00
      0.089     -0.001     7.9671    100.267     30.877  32.216752    19.9800     1.7983     0.1278     1.4382 2.4231e+02     5.2194      0.087      0.127    27.1612 0.0000e+00
      0.089      0.000     7.9675    100.267     30.882  32.222351    19.8900     1.8212     0.1704     1.4382 2.1793e+02     5.1590      0.087      0.127    27.1619 0.0000e+00
      0.089      0.000     7.9672    100.276     30.875  32.215750    19.8900     1.8097     0.1704     1.4382 2.2835e+02     5.1590      0.087      0.127    27.1626 0.0000e+00
      0.090      0.000     7.9661    100.282     30.854  32.193196    19.8900     1.7945     0.1704     1.4382 2.3772e+02     5.0381      0.088      0.128    27.1633 0.0000e+00
      0.090      0.000     7.9652    100.272     30.819  32.156643    19.8900     1.8021     0.1704     1.4382 1.9067e+02     5.0835      0.088      0.128    27.1638 0.0000e+00
      0.090      0.000     7.9651    100.242     30.796  32.132193    19.9800     1.8784     0.1704     1.4382 2.3602e+02     5.2194      0.088      0.127    27.1642 0.0000e+00
      0.089     -0.000     7.9658    100.193     30.792  32.127268    19.9800     1.8517     0.1704     1.4382 2.1964e+02     5.0533      0.087      0.127    27.1643 0.0000e+00
      0.089     -0.000     7.9663    100.126     30.785  32.120638    19.9800     1.8555     0.1704     1.4382 2.4736e+02     5.1137      0.087      0.127    27.1640 0.0000e+00
      0.089     -0.000     7.9656    100.050     30.779  32.114519    19.9800     1.8593     0.1704     1.4382 2.4342e+02     5.0835      0.087      0.127    27.1636 0.0000e+00
      0.089      0.000     7.9633     99.977     30.790  32.127194    20.0700     1.8364     0.1278     1.4805 2.9159e+02     5.1439      0.087      0.127    27.1630 0.0000e+00
      0.089      0.001     7.9595     99.922     30.811  32.150096    20.0700     1.8860     0.1278     1.4805 2.1352e+02     5.1741      0.087      0.127    27.1625 0.0000e+00
      0.089      0.001     7.9542     99.891     30.825  32.165429    20.0700     1.8708     0.1278     1.4805 2.4084e+02     5.1741      0.087      0.127    27.1625 0.0000e+00
      0.089      0.002     7.9481     99.884     30.831  32.173301    20.0700     1.8708     0.1278     1.4805 2.0916e+02     5.0986      0.087      0.127    27.1630 0.0000e+00
      0.090      0.002     7.9421     99.901     30.844  32.187759    20.0700     1.8555     0.1278     1.4805 2.0044e+02     5.1288      0.088      0.128    27.1643 0.0000e+00
      0.090      0.003     7.9375     99.932     30.867  32.212661    20.0700     1.8784     0.1278     1.5228 2.0870e+02     5.1137      0.088      0.129    27.1662 0.0000e+00
      0.091      0.004     7.9347     99.960     30.882  32.228754    20.0700     1.8517     0.1278     1.5228 1.7313e+02     5.1288      0.089      0.130    27.1683 0.0000e+00
      0.093      0.005     7.9338     99.983     30.883  32.230370    20.0700     1.8593     0.1278     1.5228 1.7298e+02     5.2194      0.091      0.132    27.1704 0.0000e+00
      0.094      0.005     7.9349    100.015     30.882  32.229891    20.0700     1.8822     0.1278     1.5228 1.8467e+02     4.8115      0.092      0.134    27.1721 0.0000e+00
      0.095      0.005     7.9372    100.060     30.880  32.227189    20.1600     1.8517     0.1278     1.5228 2.0232e+02     4.9324      0.094      0.136    27.1734 0.0000e+00
      0.097      0.005     7.9393    100.102     30.870  32.217562    20.1600     1.8975     0.1278     1.5228 2.0497e+02     4.9324      0.095      0.138    27.1742 0.0000e+00
      0.098      0.006     7.9410    100.132     30.856  32.202423    20.1600     1.8364     0.1278     1.5228 2.6237e+02     4.9022      0.096      0.140    27.1747 0.0000e+00
      0.100      0.006     7.9436    100.154     30.840  32.185704    20.1600     1.9165     0.1278     1.5228 2.2446e+02     5.2950      0.097      0.141    27.1750 0.0000e+00
      0.101      0.007     7.9472    100.170     30.826  32.170914    20.1600     1.9242     0.0852     1.3113 1.9707e+02     5.3403      0.099      0.144    27.1751 0.0000e+00
      0.103      0.008     7.9505    100.178     30.814  32.158090    20.1600     1.9394     0.0852     1.3113 2.7629e+02     5.4460      0.101      0.146    27.1752 0.0000e+00
      0.106      0.009     7.9528    100.176     30.805  32.147798    20.1600     1.8937     0.0852     1.3113 1.9600e+02     5.4460      0.103      0.150    27.1754 0.0000e+00
      0.108      0.009     7.9545    100.163     30.813  32.155217    20.1600     1.9356     0.0852     1.3113 2.0005e+02     5.1288      0.106      0.154    27.1756 0.0000e+00
      0.111      0.008     7.9559    100.134     30.838  32.180334    20.2500     1.9356     0.1278     1.5651 1.7786e+02     5.0684      0.109      0.158    27.1754 0.0000e+00
      0.113      0.008     7.9566    100.090     30.860  32.201964    20.2500     1.9165     0.1278     1.5651 1.9125e+02     5.1288      0.111      0.161    27.1748 0.0000e+00
      0.115      0.007     7.9566    100.039     30.873  32.213924    20.2500     1.9394     0.1278     1.5651 2.0369e+02     5.1741      0.113      0.163    27.1736 0.0000e+00
      0.116      0.006     7.9558     99.990     30.879  32.219403    20.2500     1.9089     0.1278     1.5651 2.0902e+02     5.1288      0.114      0.166    27.1719 0.0000e+00
      0.118      0.005     7.9538     99.955     30.874  32.213888    20.2500     1.9356     0.1278     1.5651 4.1580e+02     5.0684      0.115      0.168    27.1699 0.0000e+00
      0.119      0.005     7.9506     99.947     30.859  32.197898    20.1600     1.8937     0.0852     1.4805 2.7426e+02     5.1590      0.117      0.170    27.1678 0.0000e+00
      0.120      0.004     7.9468     99.959     30.855  32.193062    20.1600     1.9089     0.0852     1.4805 2.2935e+02     5.1288      0.118      0.172    27.1659 0.0000e+00
      0.121      0.003     7.9431     99.990     30.867  32.206058    20.1600     1.8708     0.0852     1.4805 2.9981e+02     5.1892      0.119      0.173    27.1643 0.0000e+00
      0.122      0.002     7.9405    100.041     30.879  32.218443    20.1600     1.8860     0.0852     1.4805 3.2854e+02     5.1741      0.120      0.174    27.1632 0.0000e+00
      0.123      0.002     7.9399    100.096     30.888  32.227543    20.0700     1.8517     0.1704     1.5228 2.9741e+02     5.1288      0.120      0.174    27.1625 0.0000e+00
      0.123      0.001     7.9409    100.141     30.892  32.231802    20.0700     1.8441     0.1704     1.5228 2.2132e+02     5.2043      0.120      0.175    27.1622 0.0000e+00
      0.123      0.001     7.9434    100.184     30.887  32.226380    20.0700     1.8670     0.1704     1.5228 2.4073e+02     5.1137      0.121      0.175    27.1622 0.0000e+00
      0.123      0.001     7.9475    100.224     30.889  32.227758    20.0700     1.8517     0.1704     1.5228 2.6720e+02     5.2345      0.121      0.175    27.1623 0.0000e+00
      0.123      0.001     7.9518    100.254     30.901  32.240286    20.0700     1.8784     0.1278     1.4382 3.7283e+02     5.0986      0.121      0.176    27.1622 0.0000e+00
      0.124      0.001     7.9555    100.267     30.908  32.247388    20.0700     1.8784     0.1278     1.4382 2.3080e+02     5.1590      0.121      0.176    27.1619 0.0000e+00
      0.124      0.001     7.9589    100.259     30.898  32.237015    20.0700     1.8555     0.1278     1.4382 2.9761e+02     4.9324      0.121      0.176    27.1614 0.0000e+00
      0.124      0.001     7.9622    100.231     30.878  32.216361    20.0700     1.8250     0.1278     1.4382 4.4073e+02     4.9173      0.121      0.176    27.1610 0.0000e+00
      0.124      0.002     7.9646    100.188     30.862  32.199834    20.1600     1.8937     0.1278     1.3536 4.4131e+02     4.9324      0.121      0.176    27.1606 0.0000e+00
      0.124      0.003     7.9657    100.136     30.852  32.189002    20.1600     1.8670     0.1278     1.3536 3.1002e+02     4.9324      0.122      0.177    27.1605 0.0000e+00
      0.125      0.004     7.9651    100.083     30.852  32.188943    20.1600     1.8860     0.1278     1.3536 3.1834e+02     5.1288      0.123      0.179    27.1605 0.0000e+00
      0.127      0.005     7.9628    100.036     30.866  32.203626    20.1600     1.8670     0.1278     1.3536 2.3948e+02     5.1590      0.124      0.180    27.1605 0.0000e+00
      0.128      0.005     7.9594    100.007     30.885  32.223025    20.1600     1.8479     0.1278     1.3536 3.4194e+02     5.1288      0.126      0.182    27.1604 0.0000e+00
      0.130      0.005     7.9553    100.005     30.895  32.232394    20.0700     1.8631     0.1278     1.4382 2.5650e+02     5.1590      0.127      0.184    27.1602 0.0000e+00
      0.131      0.005     7.9511    100.031     30.883  32.220290    20.0700     1.9280     0.1278     1.4382 3.7920e+02     5.1892      0.129      0.187    27.1599 0.0000e+00
      0.133      0.004     7.9474    100.076     30.854  32.189461    20.0700     1.9318     0.1278     1.4382 2.1750e+02     5.0533      0.130      0.189    27.1594 0.0000e+00
      0.134      0.004     7.9453    100.131     30.822  32.155586    20.0700     1.9242     0.1278     1.4382 2.3500e+02     5.0835      0.131      0.190    27.1589 0.0000e+00
      0.135      0.003     7.9452    100.185     30.807  32.139508    20.0700     1.9165     0.1704     1.4805 3.7895e+02     5.1137      0.132      0.191    27.1583 0.0000e+00
      0.135      0.002     7.9473    100.223     30.819  32.152871    20.0700     1.8364     0.1704     1.4805 2.3054e+02     5.1892      0.132      0.192    27.1578 0.0000e+00
      0.135      0.001     7.9509    100.243     30.844  32.179324    20.0700     1.8975     0.1704     1.4805 2.2422e+02     5.0986      0.132      0.192    27.1574 0.0000e+00
      0.135      0.000     7.9554    100.255     30.861  32.198037    20.0700     1.8784     0.1704     1.4805 2.4136e+02     5.2043      0.133      0.193    27.1571 0.0000e+00
      0.136     -0.002     7.9597    100.273     30.868  32.206031    20.1600     1.8708     0.1278     1.3536 2.1450e+02     5.2194      0.133      0.193    27.1570 0.0000e+00
      0.135     -0.003     7.9626    100.301     30.874  32.213406    20.1600     1.8479     0.1278     1.3536 2.6254e+02     5.0986      0.132      0.192    27.1574 0.0000e+00
      0.134     -0.005     7.9641    100.338     30.883  32.224122    20.1600     1.8517     0.1278     1.3536 4.2144e+02     5.0986      0.131      0.191    27.1582 0.0000e+00
      0.133     -0.007     7.9649    100.381     30.890  32.231076    20.1600     1.8441     0.1278     1.3536 1.9987e+02     5.1288      0.130      0.189    27.1596 0.0000e+00
      0.131     -0.009     7.9660    100.421     30.890  32.232139    20.0700     1.8822     0.1278     1.3536 3.8393e+02     5.1590      0.128      0.186    27.1612 0.0000e+00
      0.128     -0.010     7.9681    100.445     30.886  32.227596    20.0700     1.9165     0.1278     1.3536 2.2359e+02     4.9777      0.125      0.182    27.1626 0.0000e+00
      0.124     -0.011     7.9708    100.437     30.878  32.220218    20.0700     1.9242     0.1278     1.3536 2.3034e+02     5.0835      0.122      0.177    27.1638 0.0000e+00
      0.121     -0.012     7.9741    100.397     30.873  32.216005    20.0700     1.9127     0.1278     1.3536 2.7354e+02     5.1892      0.119      0.172    27.1648 0.0000e+00
      0.118     -0.011     7.9772    100.337     30.871  32.213833    20.0700     1.9318     0.1278     1.3536 3.2287e+02     5.1288      0.116      0.168    27.1656 0.0000e+00
      0.115     -0.010     7.9790    100.271     30.862  32.205155    20.0700     1.8593     0.0852     1.4805 3.3986e+02     5.0835      0.113      0.164    27.1664 0.0000e+00
      0.112     -0.009     7.9782    100.211     30.845  32.187658    20.0700     1.8593     0.0852     1.4805 3.2336e+02     5.2043      0.110      0.160    27.1673 0.0000e+00
      0.110     -0.008     7.9749    100.172     30.827  32.168627    20.0700     1.8593     0.0852     1.4805 3.1103e+02     5.1892      0.107      0.156    27.1683 0.0000e+00
      0.108     -0.006     7.9700    100.161     30.815  32.156928    20.0700     1.8670     0.0852     1.4805 6.2956e+02     5.1137      0.106      0.154    27.1691 0.0000e+00
      0.107     -0.004     7.9647    100.179     30.809  32.151433    20.0700     1.8784     0.0852     1.3536 5.9459e+02     5.3705      0.105      0.152    27.1696 0.0000e+00
      0.106     -0.002     7.9599    100.220     30.804  32.146695    20.0700     1.8670     0.0852     1.3536 6.3616e+02     5.3554      0.104      0.151    27.1700 0.0000e+00
      0.106     -0.001     7.9567    100.264     30.811  32.153398    20.0700     1.8631     0.0852     1.3536 2.4893e+02     5.3101      0.104      0.151    27.1704 0.0000e+00
      0.106     -0.000     7.9557    100.289     30.832  32.175323    20.0700     1.8670     0.0852     1.3536 2.8781e+02     5.3705      0.104      0.151    27.1710 0.0000e+00
      0.106     -0.000     7.9571    100.281     30.844  32.188441    20.1600     1.8822     0.1278     1.3959 2.8353e+02     5.1288      0.104      0.152    27.1717 0.0000e+00
      0.107     -0.000     7.9603    100.247     30.841  32.186290    20.1600     1.8593     0.1278     1.3959 3.5166e+02     5.1590      0.105      0.152    27.1721 0.0000e+00
      0.107     -0.001     7.9637    100.216     30.837  32.182241    20.1600     1.8708     0.1278     1.3959 6.8197e+02     5.0079      0.104      0.152    27.1725 0.0000e+00
      0.106     -0.001     7.9657    100.204     30.834  32.179196    20.1600     1.8708     0.1278     1.3959 4.1788e+02     5.1590      0.104      0.151    27.1728 0.0000e+00
      0.105     -0.002     7.9650    100.206     30.835  32.180326    20.0700     1.8135     0.1704     1.4805 3.5150e+02     5.1439      0.103      0.150    27.1731 0.0000e+00
      0.104     -0.003     7.9623    100.206     30.844  32.189918    20.0700     1.8021     0.1704     1.4805 6.0030e+02     5.0986      0.102      0.149    27.1734 0.0000e+00
      0.104     -0.004     7.9598    100.202     30.855  32.202561    20.0700     1.8021     0.1704     1.4805 4.6513e+02     5.1288      0.102      0.148    27.1738 0.0000e+00
      0.103     -0.004     7.9588    100.204     30.866  32.213661    20.0700     1.7945     0.1704     1.4805 2.2569e+02     5.0986      0.101      0.147    27.1742 0.0000e+00
      0.102     -0.005     7.9588    100.213     30.875  32.224185    20.0700     1.8135     0.1704     1.4805 2.0609e+02     5.1590      0.100      0.145    27.1747 0.0000e+00
      0.100     -0.006     7.9587    100.211     30.868  32.217023    20.0700     1.8059     0.1278     1.4805 2.6639e+02     5.1439      0.099      0.143    27.1753 0.0000e+00
      0.099     -0.007     7.9583    100.190     30.838  32.186281    20.0700     1.7907     0.1278     1.4805 2.1478e+02     5.1741      0.097      0.141    27.1761 0.0000e+00
      0.097     -0.007     7.9584    100.168     30.817  32.163597    20.0700     1.8059     0.1278     1.4805 2.0591e+02     5.2194      0.095      0.138    27.1769 0.0000e+00
      0.095     -0.006     7.9589    100.170     30.818  32.164829    20.0700     1.8670     0.1278     1.4805 2.0166e+02     5.1892      0.093      0.135    27.1777 0.0000e+00
