Data/DataNotYetUploadedToEDI/Raw_CTD/RawDownloads/070721_fcr50.cnv
* Sea-Bird SBE19plus  Data File:
* FileName = C:\R\Reservoirs\Data\DataNotYetUploadedToEDI\Raw_CTD\RawDownloads\070721_fcr50_0001.hex
* Software version 2.8.0.119
* Temperature SN = 7809
* Conductivity SN = 7809
* System UpLoad Time = Jul 09 2021 15:30:55
* <ApplicationData>
* <Seaterm232>
# nquan = 16
# nvalues = 1470                        
# units = specified
# name 0 = depFM: Depth [fresh water, m]
# name 1 = dz/dtM: Descent Rate [m/s]
# name 2 = orp: Oxidation Reduction Potential [mV]
# name 3 = sbeox0Mg/L: Oxygen, SBE 43 [mg/l]
# name 4 = sbeox0PS: Oxygen, SBE 43 [% saturation]
# name 5 = par/sat/log: PAR/Logarithmic, Satlantic
# name 6 = ph: pH
# name 7 = specc: Specific Conductance [uS/cm]
# name 8 = c0uS/cm: Conductivity [uS/cm]
# name 9 = flECO-AFL: Fluorescence, WET Labs ECO-AFL/FL [mg/m^3]
# name 10 = turbWETntu0: Turbidity, WET Labs ECO [NTU]
# name 11 = tv290C: Temperature [ITS-90, deg C]
# name 12 = density00: Density [density, kg/m^3]
# name 13 = prdE: Pressure, Strain Gauge [psi]
# name 14 = prdM: Pressure, Strain Gauge [db]
# name 15 = flag:  0.000e+00
# span 0 =     -0.638,      9.621       
# span 1 =     -0.350,      0.195       
# span 2 = -1240.7455,   291.6175       
# span 3 =     0.6225,     8.5250       
# span 4 =      5.571,    107.328       
# span 5 = 1.2335e-01, 2.2053e+03       
# span 6 =     -1.888,     15.855       
# span 7 =      0.871,    236.435       
# span 8 =   1.000672, 164.037396       
# span 9 =    -3.3805,    46.7151       
# span 10 =    -7.1849,   232.4893      
# span 11 =     9.5314,    32.4609      
# span 12 =   994.8877,   999.8636      
# span 13 =     -0.908,     13.685      
# span 14 =     -0.626,      9.435      
# span 15 = 0.0000e+00, 0.0000e+00      
# interval = seconds: 0.25
# start_time = Jul 07 2021 01:06:56 [Instrument's time stamp, header]
# bad_flag = -9.990e-29
*END*
[from data line 181]
     -0.290     -0.127 -1240.7455     7.2084     90.332 3.9248e+02     15.384     40.329  42.126706     1.4135     3.1275    27.2084   996.4760     -0.440     -0.302 0.0000e+00
     -0.326     -0.130 -1240.7455     7.1816     90.335 3.9230e+02     15.384     40.329  42.112861     1.4181     8.4818    27.2094   996.4755     -0.480     -0.330 0.0000e+00
     -0.335     -0.123 -1240.7455     7.1616     90.024 3.9285e+02     15.384     40.361  42.136879     1.4488    66.7025    27.2364   996.4681     -0.472     -0.326 0.0000e+00
     -0.346     -0.103 -1240.7455     7.1592     89.162 3.8879e+02     15.384     40.388  42.163192     1.4993   173.3662    27.2404   996.4670     -0.481     -0.332 0.0000e+00
     -0.378     -0.082 -1240.7455     7.1678     87.778 3.7938e+02     15.383     40.397  42.177106     1.5319   231.1818    27.2225   996.4718     -0.527     -0.363 0.0000e+00
     -0.419     -0.068 -1240.7455     7.1804     86.252 3.7452e+02     15.383     40.389  42.178167     1.5087   232.4893    27.2034   996.4767     -0.613     -0.423 0.0000e+00
     -0.443     -0.056 -1240.7455     7.1641     84.930 3.7830e+02     15.383     40.379  42.176035     1.0949   189.2769    27.1908   996.4802     -0.643     -0.444 0.0000e+00
     -0.445     -0.040 -1240.7455     7.0984     83.832 3.8412e+02     15.383     40.349  42.151332     0.3061   109.1626    27.1872   996.4813     -0.630     -0.435 0.0000e+00
     -0.442     -0.020 -1240.7455     6.9723     82.823 3.8787e+02     15.382     40.329  42.133402    -0.1410    65.2996    27.1950   996.4791     -0.628     -0.433 0.0000e+00
     -0.442     -0.004 -1240.7455     6.8371     81.978 3.9171e+02     15.382     40.347  42.149675    -0.2014    59.9413    27.2098   996.4750     -0.628     -0.433 0.0000e+00
     -0.441      0.002 -1240.7455     6.7330     81.716 3.9698e+02     15.383     40.364  42.157661    -0.3952    44.5474    27.2196   996.4723     -0.627     -0.432 0.0000e+00
     -0.441      0.002 -1240.7455     6.6501     82.236 4.0252e+02     15.384     40.383  42.166467    -0.7489    16.9507    27.2272   996.4701     -0.627     -0.432 0.0000e+00
     -0.440      0.001 -1240.7455     6.5714     83.116 4.0514e+02     15.383     40.408  42.192647    -0.9489     1.8620    27.2349   996.4680     -0.628     -0.433 0.0000e+00
     -0.439      0.000 -1240.7455     6.4863     83.753 4.0592e+02     15.382     40.415  42.220301    -0.9825     0.4385    27.2303   996.4692     -0.626     -0.431 0.0000e+00
     -0.439 5.8151e-08 -1240.7455     6.4578     84.072 4.0592e+02     15.382     40.409  42.246951    -0.9931     0.3224    27.2157   996.4733     -0.625     -0.431 0.0000e+00
     -0.440 6.3966e-07 -1240.7455     6.5175     84.576 4.0368e+02     15.381     40.392  42.261023    -0.9816     0.3892    27.1967   996.4786     -0.626     -0.431 0.0000e+00
     -0.441      0.000 -1240.7455     6.6103     85.581 4.0088e+02     15.380     40.371  42.263548    -0.9577     0.4570    27.1891   996.4807     -0.627     -0.432 0.0000e+00
     -0.441      0.000 -1240.7455     6.6616     86.866 3.9885e+02     15.379     40.369  42.277510    -0.9529     0.4210    27.2222   996.4715     -0.627     -0.432 0.0000e+00
     -0.441      0.001 -1240.7455     6.6577     88.213 3.9754e+02     15.377     40.383  42.302909    -0.9710     0.3658    27.2704   996.4582     -0.627     -0.432 0.0000e+00
     -0.440      0.001 -1240.7455     6.6824     89.943 3.9788e+02     15.376     40.386  42.316758    -0.9853     0.4079    27.3096   996.4473     -0.626     -0.431 0.0000e+00
     -0.439      0.002 -1240.7455     6.7684     92.409 4.0111e+02     15.376     40.376  42.318016    -0.9824     0.4837    27.3420   996.4383     -0.625     -0.431 0.0000e+00
     -0.439      0.003 -1240.7455     6.8809     95.345 4.0686e+02     15.376     40.367  42.318138    -0.9645     0.4927    27.3606   996.4330     -0.625     -0.431 0.0000e+00
     -0.438      0.004 -1240.7455     6.9723     98.089 4.1387e+02     15.376     40.360  42.318251    -0.9509     0.4136    27.3701   996.4304     -0.623     -0.429 0.0000e+00
     -0.437      0.004 -1240.7455     7.0891    100.035 4.2138e+02     15.376     40.355  42.319394    -0.9415     0.4192    27.3832   996.4269     -0.622     -0.429 0.0000e+00
     -0.436      0.004 -1240.7455     7.2964    101.133 4.2820e+02     15.376     40.363  42.331959    -0.9280     0.5952    27.3994   996.4223     -0.619     -0.428 0.0000e+00
     -0.434      0.005 -1240.7455     7.5445    101.734 4.3268e+02     15.376     40.371  42.343228    -0.9215     0.8937    27.4121   996.4188     -0.617     -0.426 0.0000e+00
     -0.433      0.010 -1240.7455     7.7833    102.040 4.3491e+02     15.377     40.356  42.328703    -0.8915     3.2725    27.4210   996.4164     -0.616     -0.425 0.0000e+00
     -0.432      0.018 -1240.7455     7.9373    102.220 4.3585e+02     15.379     40.314  42.283291    -0.6788    29.5628    27.4280   996.4144     -0.615     -0.424 0.0000e+00
     -0.430      0.031 -1240.7455     8.0041    102.366 4.3685e+02     15.379     40.224  42.175009    -0.3146    77.7854    27.4319   996.4133     -0.613     -0.423 0.0000e+00
     -0.425      0.048 -1240.7455     8.0527    102.475 4.4051e+02     15.379     40.130  42.035074    -0.1120   103.9178    27.4350   996.4124     -0.611     -0.421 0.0000e+00
     -0.411      0.067 -1240.7455     8.0691    102.653 4.4544e+02     15.377     40.086  41.924293    -0.0505   103.9621    27.4365   996.4121     -0.591     -0.407 0.0000e+00
     -0.389      0.086 -1240.7455     8.0786    102.879 4.5009e+02     15.372     40.086  41.851073     0.4394    78.3202    27.4409   996.4110     -0.554     -0.382 0.0000e+00
     -0.361      0.102 -1240.7455     8.0976    103.102 4.5614e+02     15.370     40.143  41.847891     1.3379    30.9519    27.4320   996.4135     -0.518     -0.357 0.0000e+00
     -0.330      0.114 -1240.7455     8.1044    103.421 4.6207e+02     15.374     40.225  41.885722     1.8387     5.1325    27.3794   996.4283     -0.470     -0.323 0.0000e+00
     -0.298      0.120 -1240.7455     8.1344    103.847 4.6759e+02     15.379     40.298  41.927553     1.8975     2.8301    27.2893   996.4534     -0.421     -0.291 0.0000e+00
     -0.265      0.120 -1240.7455     8.1718    104.320 4.7514e+02     15.383     40.362  41.972765     1.8964     2.5991    27.1905   996.4810     -0.378     -0.261 0.0000e+00
     -0.231      0.116 -1240.7455     8.1933    104.787 4.8255e+02     15.385     40.387  41.988011     1.9024     2.5114    27.1095   996.5036     -0.325     -0.224 0.0000e+00
     -0.201      0.110 -1240.7455     8.2288    105.150 4.8631e+02     15.387     40.387  41.984918     1.9400     2.4907    27.0520   996.5195     -0.284     -0.196 0.0000e+00
     -0.176      0.105 -1240.7455     8.2716    105.410 4.8844e+02     15.387     40.400  41.998845     1.9790     2.5198    27.0112   996.5309     -0.252     -0.174 0.0000e+00
     -0.151      0.101 -1240.7455     8.3126    105.681 4.9071e+02     15.388     40.426  42.029442     1.9937     2.5546    26.9840   996.5386     -0.211     -0.145 0.0000e+00
     -0.129      0.097 -1240.7455     8.3566    105.985 4.9193e+02     15.388     40.432  42.037496     2.0314     2.6370    26.9728   996.5417     -0.183     -0.126 0.0000e+00
     -0.107      0.093 -1240.7455     8.3863    106.281 4.9258e+02     15.387     40.427  42.032747     2.1104     2.7612    26.9706   996.5423     -0.157     -0.108 0.0000e+00
     -0.080      0.088 -1240.7455     8.4006    106.564 4.8657e+02     15.387     40.428  42.035502     2.1487     2.7861    26.9719   996.5422     -0.114     -0.078 0.0000e+00
     -0.051      0.083 -1240.7455     8.4217    106.769 4.7598e+02     15.388     40.398  42.007322     2.1511     2.7663    26.9765   996.5411     -0.068     -0.047 0.0000e+00
     -0.031      0.079 -1240.7455     8.4486    106.807 4.6742e+02     15.388     40.333  41.945937     2.1394     2.7965    26.9807   996.5400     -0.042     -0.029 0.0000e+00
     -0.016      0.078 -1240.7455     8.4696    106.343 4.5470e+02     15.387     40.252  41.864590     2.0922     2.8075    26.9781   996.5408     -0.023     -0.016 0.0000e+00
     -0.003      0.079 -1240.7455     8.4959    104.511 4.4032e+02     15.387     40.188  41.785484     2.0475     2.7968    26.9805   996.5401     -0.005     -0.003 0.0000e+00
      0.013      0.082 -1240.7455     8.5131    100.709 4.2519e+02     15.389     40.131  41.687687     2.0285     2.7697    26.9848   996.5390      0.014      0.009 0.0000e+00
      0.036      0.083 -1240.7455     8.5178     95.515 4.0686e+02     15.392     40.067  41.570715     2.0540     2.7203    26.9916   996.5372      0.045      0.032 0.0000e+00
      0.066      0.082 -1240.7455     8.5109     90.296 3.9150e+02     15.395     40.057  41.513651     2.1168     2.6802    27.0035   996.5341      0.093      0.065 0.0000e+00
      0.096      0.076 -1240.7454     8.3932     86.290 3.8313e+02     15.397     40.093  41.505462     2.1582     2.6623    26.9954   996.5364      0.143      0.098 0.0000e+00
      0.116      0.066 -1240.7446     8.0755     83.903 3.7780e+02     15.400     40.114  41.471627     2.1635     2.6072    26.9428   996.5509      0.168      0.116 0.0000e+00
      0.127      0.052 -1240.7356     7.6277     82.646 3.7146e+02     15.403     40.116  41.421843     2.1528     2.5283    26.8609   996.5734      0.182      0.125 0.0000e+00
      0.134      0.037 -1240.6367     7.1800     82.003 3.6887e+02     15.406     40.140  41.411241     2.1528     2.5318    26.8117   996.5868      0.191      0.132 0.0000e+00
      0.139      0.027 -1239.5484     6.8494     81.818 3.6917e+02     15.409     40.157  41.406858     2.1723     2.5818    26.7628   996.6002      0.197      0.136 0.0000e+00
      0.144      0.022 -1227.5775     6.6938     81.991 3.6509e+02     15.419     40.140  41.368815     2.1891     2.5837    26.6848   996.6215      0.205      0.141 0.0000e+00
      0.149      0.025 -1095.8978     6.6176     82.386 3.5945e+02     15.498     40.121  41.332076     2.1834     2.5551    26.6112   996.6415      0.211      0.146 0.0000e+00
      0.153      0.034  -648.4867     6.5699     82.850 3.5865e+02     15.671     40.135  41.343466     2.1604     2.5786    26.5690   996.6531      0.218      0.150 0.0000e+00
      0.157      0.047   -80.1809     6.5621     83.400 3.5795e+02     15.778     40.164  41.379585     2.1599     2.6962    26.5539   996.6571      0.221      0.153 0.0000e+00
      0.166      0.059   193.1265     6.5807     84.111 3.5105e+02     15.713     40.169  41.387949     2.1778     2.8101    26.5240   996.6652      0.228      0.158 0.0000e+00
      0.187      0.067   233.4413     6.6240     84.715 3.4239e+02     15.591     40.168  41.381130     2.1758     2.8570    26.4937   996.6736      0.259      0.179 0.0000e+00
      0.217      0.069   244.5618     6.6606     84.799 3.3453e+02     15.509     40.160  41.360601     2.1737     2.8512    26.4937   996.6737      0.312      0.216 0.0000e+00
      0.243      0.064   246.9647     6.6942     84.153 3.2639e+02     15.461     40.145  41.330135     2.1812     2.8089    26.5115   996.6690      0.352      0.243 0.0000e+00
      0.259      0.053   248.0397     6.7617     82.796 3.2269e+02     15.434     40.159  41.330120     2.1905     2.7912    26.5146   996.6682      0.373      0.257 0.0000e+00
      0.268      0.038   251.0207     6.8274     81.039 3.2163e+02     15.420     40.204  41.360389     2.2003     2.8097    26.5059   996.6706      0.383      0.264 0.0000e+00
      0.271      0.022   250.7436     6.8379     79.242 3.1945e+02     15.412     40.238  41.378728     2.1756     2.8264    26.4911   996.6746      0.385      0.266 0.0000e+00
      0.272      0.011   246.3237     6.7929     77.778 3.1878e+02     15.407     40.238  41.361400     2.1196     2.8214    26.4695   996.6804      0.387      0.267 0.0000e+00
      0.272      0.005   244.2996     6.6723     77.067 3.1669e+02     15.404     40.229  41.341275     2.0871     2.8179    26.4511   996.6854      0.387      0.267 0.0000e+00
      0.272      0.002   245.7147     6.5228     77.109 3.1394e+02     15.404     40.216  41.325815     2.0967     2.8520    26.4324   996.6905      0.387      0.267 0.0000e+00
      0.272      0.002   248.9788     6.3747     77.494 3.1394e+02     15.404     40.193  41.301414     2.1215     2.8218    26.4125   996.6959      0.387      0.267 0.0000e+00
      0.273      0.002   252.5334     6.2389     77.814 3.1500e+02     15.404     40.193  41.300143     2.1298     2.6587    26.3853   996.7032      0.389      0.268 0.0000e+00
      0.275      0.002   252.6432     6.1866     77.905 3.1580e+02     15.403     40.205  41.310433     2.1208     2.5285    26.3696   996.7074      0.391      0.269 0.0000e+00
      0.275      0.003   246.5201     6.2033     77.757 3.1652e+02     15.401     40.199  41.298893     2.1083     2.5174    26.3759   996.7058      0.391      0.270 0.0000e+00
      0.275      0.006   237.6949     6.2486     77.437 3.1814e+02     15.400     40.192  41.287553     2.1018     2.5585    26.3737   996.7063      0.391      0.270 0.0000e+00
      0.275      0.012   234.9036     6.2774     77.086 3.1828e+02     15.400     40.203  41.300256     2.0999     2.5805    26.3699   996.7073      0.392      0.270 0.0000e+00
      0.276      0.020   238.6685     6.2837     76.772 3.1699e+02     15.401     40.223  41.325540     2.0946     2.5772    26.3728   996.7065      0.392      0.270 0.0000e+00
      0.280      0.030   244.6695     6.2732     76.517 3.1471e+02     15.402     40.230  41.339370     2.0946     2.5864    26.3629   996.7092      0.395      0.272 0.0000e+00
      0.291      0.039   250.8478     6.2408     76.328 3.0747e+02     15.402     40.222  41.340536     2.1291     2.6576    26.3514   996.7123      0.411      0.283 0.0000e+00
      0.306      0.047   253.1423     6.2126     76.210 2.9886e+02     15.402     40.214  41.339651     2.1968     2.7851    26.3575   996.7108      0.437      0.301 0.0000e+00
      0.321      0.052   254.5160     6.1848     76.163 2.9453e+02     15.401     40.198  41.328684     2.2263     2.8244    26.3639   996.7092      0.455      0.313 0.0000e+00
      0.337      0.054   260.3153     6.1644     76.197 2.9072e+02     15.401     40.195  41.334884     2.2103     2.7885    26.3686   996.7079      0.479      0.331 0.0000e+00
      0.352      0.051   266.9922     6.1464     76.316 2.8617e+02     15.401     40.200  41.351154     2.2029     2.7977    26.3874   996.7030      0.504      0.348 0.0000e+00
      0.363      0.046   271.5763     6.1366     76.497 2.8262e+02     15.401     40.175  41.335000     2.2133     2.8326    26.3939   996.7013      0.516      0.356 0.0000e+00
      0.375      0.040   274.4427     6.1326     76.828 2.7922e+02     15.400     40.160  41.330005     2.2306     2.8674    26.3972   996.7005      0.532      0.367 0.0000e+00
      0.387      0.032   276.4398     6.1314     77.395 2.7730e+02     15.399     40.179  41.354249     2.2314     2.8756    26.4136   996.6961      0.554      0.382 0.0000e+00
      0.395      0.025   278.4291     6.1437     78.029 2.7649e+02     15.399     40.201  41.374248     2.2225     2.8288    26.4243   996.6932      0.563      0.388 0.0000e+00
      0.398      0.018   280.1690     6.1526     78.356 2.7524e+02     15.399     40.213  41.381378     2.2094     2.7128    26.4376   996.6896      0.565      0.389 0.0000e+00
      0.400      0.012   281.8175     6.1726     78.150 2.7331e+02     15.399     40.212  41.376975     2.1874     2.6061    26.4531   996.6854      0.570      0.392 0.0000e+00
      0.402      0.007   283.1325     6.2227     77.538 2.7326e+02     15.399     40.221  41.384477     2.1859     2.6030    26.4601   996.6836      0.572      0.394 0.0000e+00
      0.402      0.006   283.3347     6.2878     76.828 2.7485e+02     15.399     40.244  41.408609     2.1909     2.6073    26.4540   996.6853      0.572      0.395 0.0000e+00
