Data/DataNotYetUploadedToEDI/Raw_CTD/RawDownloads/070725_fcr50_S7809006.cnv
* Sea-Bird SBE19plus  Data File:
* FileName = C:\R\Reservoirs\Data\DataNotYetUploadedToEDI\Raw_CTD\RawDownloads\070325_fcr50_S7809_0006.hex
* Software version 2.8.0.119
* Temperature SN = 7809
* Conductivity SN = 7809
* System UpLoad Time = Jul 07 2025 16:21:32
* <ApplicationData>
* <Seaterm232>
# nquan = 15
# nvalues = 2186                        
# units = specified
# name 0 = depFM: Depth [fresh water, m]
# name 1 = dz/dtM: Descent Rate [m/s]
# name 2 = sbeox0Mg/L: Oxygen, SBE 43 [mg/l]
# name 3 = sbeox0PS: Oxygen, SBE 43 [% saturation]
# name 4 = specc: Specific Conductance [uS/cm]
# name 5 = c0uS/cm: Conductivity [uS/cm]
# name 6 = flECO-AFL: Fluorescence, WET Labs ECO-AFL/FL [mg/m^3]
# name 7 = ph: pH
# name 8 = orp: Oxidation Reduction Potential [mV]
# name 9 = par/sat/log: PAR/Logarithmic, Satlantic
# name 10 = turbWETntu0: Turbidity, WET Labs ECO [NTU]
# name 11 = prdM: Pressure, Strain Gauge [db]
# name 12 = prdE: Pressure, Strain Gauge [psi]
# name 13 = tv290C: Temperature [ITS-90, deg C]
# name 14 = flag:  0.000e+00
# span 0 =     -0.647,      9.663       
# span 1 =     -4.098,      8.415       
# span 2 =     0.0444,     9.6513       
# span 3 =      0.432,     95.609       
# span 4 =      0.507,    304.299       
# span 5 =   0.539131, 220.078825       
# span 6 =    -0.5797,   227.5870       
# span 7 =      5.545,      8.778       
# span 8 = -1240.7455,   276.8795       
# span 9 = 1.2348e-01, 1.9877e+03       
# span 10 =   -10.4482,   255.9381      
# span 11 =     -0.635,      9.477      
# span 12 =     -0.920,     13.745      
# span 13 =    11.0817,    28.1812      
# span 14 = 0.0000e+00, 0.0000e+00      
# interval = seconds: 0.25
# start_time = Jul 07 2025 10:38:55 [Instrument's time stamp, header]
# bad_flag = -9.990e-29
*END*
[from data line 1254]
      4.453      0.054     6.6274     59.471     46.037  33.492796     1.0055      7.952   191.5365 3.3745e+00    12.9645      4.372      6.341    11.4172 0.0000e+00
      4.466      0.056     6.5881     59.425     46.040  33.498657     1.0029      7.951   191.5968 3.2935e+00    12.9002      4.379      6.352    11.4096 0.0000e+00
      4.481      0.054     6.5492     59.559     46.032  33.504961     0.9833      7.950   191.7775 3.1654e+00    12.7719      4.391      6.368    11.3921 0.0000e+00
      4.499      0.049     6.5199     59.863     46.011  33.505585     0.9845      7.949   192.0002 3.0525e+00    12.7448      4.414      6.404    11.3776 0.0000e+00
      4.513      0.043     6.4946     60.301     45.987  33.506216     0.9934      7.948   192.1385 3.0095e+00    12.7775      4.428      6.423    11.3692 0.0000e+00
      4.519      0.037     6.4893     60.789     45.972  33.512615     0.9735      7.948   192.1587 2.9713e+00    12.7924      4.430      6.425    11.3731 0.0000e+00
      4.527      0.031     6.5016     61.203     45.968  33.519527     0.9442      7.947   192.0723 2.9270e+00    12.7878      4.439      6.437    11.3890 0.0000e+00
      4.534      0.026     6.5332     61.455     45.984  33.526356     0.9225      7.946   191.9548 2.9031e+00    12.7219      4.450      6.453    11.4067 0.0000e+00
      4.539      0.023     6.5810     61.522     46.024  33.531721     0.9606      7.944   192.0293 2.8621e+00    12.7466      4.451      6.455    11.4275 0.0000e+00
      4.544      0.022     6.6366     61.369     46.053  33.520928     1.0461      7.943   192.4559 2.8029e+00    12.8132      4.456      6.461    11.4482 0.0000e+00
      4.551      0.021     6.6841     61.034     46.096  33.522709     1.0666      7.943   192.8966 2.7730e+00    12.7417      4.466      6.476    11.4634 0.0000e+00
      4.556      0.021     6.7098     60.678     46.174  33.553234     1.0340      7.942   192.7980 2.7539e+00    12.6683      4.468      6.480    11.4604 0.0000e+00
      4.560      0.023     6.7262     60.496     46.232  33.572742     1.0005      7.941   192.4681 2.7204e+00    12.6433      4.471      6.485    11.4273 0.0000e+00
      4.566      0.025     6.7143     60.621     46.250  33.568226     0.9859      7.940   192.4351 2.6943e+00    12.6440      4.479      6.496    11.3890 0.0000e+00
      4.571      0.026     6.6751     61.078     46.257  33.562053     1.0076      7.941   192.5721 2.6641e+00    12.6417      4.482      6.501    11.3588 0.0000e+00
      4.579      0.029     6.6322     61.810     46.266  33.561546     1.0048      7.941   192.9194 2.5994e+00    12.5478      4.488      6.510    11.3298 0.0000e+00
      4.589      0.032     6.6110     62.749     46.275  33.562077     0.9694      7.940   193.3646 2.5423e+00    12.4654      4.502      6.530    11.3035 0.0000e+00
      4.597      0.035     6.6267     63.841     46.283  33.568468     0.9623      7.939   193.4812 2.5293e+00    12.5333      4.510      6.541    11.2842 0.0000e+00
      4.603      0.040     6.6815     64.986     46.275  33.575378     0.9863      7.938   193.4692 2.4993e+00    12.6514      4.512      6.545    11.2739 0.0000e+00
      4.613      0.043     6.7655     66.032     46.263  33.582194     1.0092      7.937   193.6488 2.4272e+00    12.5955      4.521      6.559    11.2671 0.0000e+00
      4.626      0.043     6.8710     66.893     46.267  33.587451     0.9982      7.937   193.8465 2.3478e+00    12.4385      4.536      6.580    11.2601 0.0000e+00
      4.640      0.043     6.9944     67.584     46.259  33.575501     0.9687      7.937   194.0529 2.2760e+00    12.4606      4.548      6.597    11.2551 0.0000e+00
      4.655      0.043     7.1249     68.131     46.249  33.564591     0.9612      7.937   194.4234 2.2348e+00    12.6231      4.566      6.622    11.2734 0.0000e+00
      4.665      0.041     7.2387     68.530     46.277  33.582413     0.9656      7.936   194.9708 2.2229e+00    12.7299      4.577      6.639    11.3004 0.0000e+00
      4.670      0.037     7.3309     68.794     46.301  33.600652     0.9719      7.936   195.4229 2.1945e+00    12.7273      4.577      6.639    11.2976 0.0000e+00
      4.679      0.037     7.4081     68.963     46.277  33.594782     0.9543      7.936   195.5017 2.1381e+00    12.6595      4.587      6.653    11.2849 0.0000e+00
      4.689      0.039     7.4684     69.051     46.230  33.574897     0.9191      7.935   195.4071 2.0996e+00    12.6958      4.602      6.673    11.2842 0.0000e+00
      4.696      0.043     7.5126     69.058     46.198  33.550579     0.9211      7.933   195.3979 2.0874e+00    12.8590      4.605      6.679    11.2823 0.0000e+00
      4.705      0.046     7.5398     68.979     46.224  33.554534     0.9289      7.933   195.8199 2.0405e+00    12.9589      4.610      6.687    11.2759 0.0000e+00
      4.721      0.046     7.5558     68.826     46.255  33.559249     0.8968      7.932   196.5520 1.9469e+00    12.8794      4.629      6.714    11.2914 0.0000e+00
      4.739      0.043     7.5606     68.648     46.254  33.544120     0.8566      7.931   196.9374 1.8618e+00    12.6832      4.649      6.742    11.3183 0.0000e+00
      4.752      0.041     7.5618     68.462     46.292  33.561935     0.8675      7.931   197.0374 1.8395e+00    12.6703      4.663      6.763    11.3157 0.0000e+00
      4.759      0.037     7.5580     68.279     46.333  33.584307     0.9128      7.930   197.1587 1.8519e+00    12.8599      4.669      6.772    11.2933 0.0000e+00
      4.763      0.033     7.5412     68.137     46.308  33.560822     0.9374      7.927   197.1996 1.8334e+00    12.8242      4.669      6.773    11.2719 0.0000e+00
      4.768      0.031     7.5245     68.074     46.273  33.531759     0.9491      7.926   197.4458 1.7943e+00    12.5452      4.675      6.780    11.2565 0.0000e+00
      4.777      0.033     7.5063     68.115     46.303  33.550120     0.9542      7.926   198.0698 1.7566e+00    12.3902      4.686      6.795    11.2465 0.0000e+00
      4.787      0.038     7.4846     68.225     46.365  33.592488     0.9654      7.927   198.4644 1.7277e+00    12.4538      4.696      6.810    11.2391 0.0000e+00
      4.797      0.043     7.4700     68.367     46.378  33.599919     0.9763      7.928   198.6033 1.6876e+00    12.5280      4.702      6.820    11.2333 0.0000e+00
      4.808      0.047     7.4607     68.534     46.348  33.576517     0.9447      7.928   198.7167 1.6340e+00    12.4677      4.714      6.837    11.2286 0.0000e+00
      4.822      0.048     7.4686     68.696     46.332  33.563320     0.9082      7.927   198.6302 1.6050e+00    12.4084      4.730      6.860    11.2253 0.0000e+00
      4.835      0.047     7.4834     68.851     46.338  33.567236     0.9008      7.926   198.5047 1.5841e+00    12.4250      4.741      6.877    11.2226 0.0000e+00
      4.849      0.045     7.4974     68.990     46.330  33.560420     0.9137      7.925   198.6619 1.5447e+00    12.5318      4.755      6.896    11.2209 0.0000e+00
      4.862      0.040     7.5195     69.063     46.309  33.544356     0.9470      7.925   198.9829 1.5132e+00    12.6758      4.771      6.918    11.2195 0.0000e+00
      4.872      0.035     7.5366     69.074     46.336  33.563341     0.9546      7.925   199.2009 1.4971e+00    12.6286      4.779      6.931    11.2181 0.0000e+00
      4.878      0.029     7.5526     69.062     46.386  33.599628     0.9226      7.925   199.4910 1.4748e+00    12.4728      4.782      6.936    11.2171 0.0000e+00
      4.884      0.024     7.5725     69.047     46.390  33.602437     0.9180      7.925   199.9099 1.4521e+00    12.5008      4.789      6.946    11.2165 0.0000e+00
      4.890      0.021     7.5795     69.054     46.384  33.597293     0.9492      7.924   199.7914 1.4367e+00    12.6250      4.797      6.957    11.2158 0.0000e+00
      4.893      0.020     7.5785     69.083     46.390  33.600877     0.9664      7.923   199.1772 1.4290e+00    12.6077      4.799      6.960    11.2153 0.0000e+00
      4.897      0.020     7.5774     69.105     46.365  33.582328     0.9504      7.922   199.0223 1.4287e+00    12.4626      4.801      6.962    11.2151 0.0000e+00
      4.902      0.021     7.5741     69.123     46.340  33.563352     0.9153      7.921   199.4670 1.4243e+00    12.3052      4.807      6.972    11.2149 0.0000e+00
      4.908      0.023     7.5747     69.168     46.338  33.561782     0.8988      7.921   200.1662 1.4033e+00    12.3444      4.814      6.983    11.2144 0.0000e+00
      4.913      0.024     7.5800     69.222     46.341  33.563341     0.9012      7.921   200.6791 1.3673e+00    12.4925      4.817      6.986    11.2132 0.0000e+00
      4.920      0.027     7.5833     69.263     46.367  33.582205     0.9026      7.921   200.4195 1.3390e+00    12.5255      4.824      6.996    11.2125 0.0000e+00
      4.929      0.031     7.5818     69.288     46.391  33.599517     0.8983      7.921   199.6952 1.3314e+00    12.5371      4.835      7.013    11.2120 0.0000e+00
      4.935      0.033     7.5889     69.289     46.368  33.582329     0.8916      7.920   199.4077 1.3248e+00    12.6338      4.840      7.020    11.2114 0.0000e+00
      4.942      0.034     7.5961     69.284     46.343  33.564715     0.9136      7.919   199.4386 1.2958e+00    12.8413      4.843      7.023    11.2108 0.0000e+00
      4.954      0.035     7.5996     69.281     46.360  33.576883     0.9555      7.919   199.7242 1.2528e+00    12.9272      4.857      7.045    11.2108 0.0000e+00
      4.966      0.038     7.6044     69.281     46.397  33.602563     0.9571      7.919   200.3658 1.2291e+00    12.8177      4.873      7.070    11.2108 0.0000e+00
      4.974      0.042     7.6023     69.288     46.424  33.621436     0.9166      7.918   200.4851 1.2212e+00    12.7134      4.878      7.076    11.2102 0.0000e+00
      4.981      0.044     7.6020     69.309     46.415  33.614732     0.8817      7.918   200.0481 1.2007e+00    12.6914      4.881      7.080    11.2099 0.0000e+00
      4.993      0.044     7.6020     69.349     46.375  33.584950     0.8762      7.917   199.9006 1.1656e+00    12.7226      4.895      7.099    11.2100 0.0000e+00
      5.009      0.044     7.6013     69.399     46.368  33.578568     0.8916      7.917   199.9924 1.1234e+00    12.6465      4.913      7.125    11.2097 0.0000e+00
      5.024      0.046     7.6025     69.446     46.400  33.601014     0.8851      7.917   200.1255 1.0849e+00    12.4886      4.928      7.147    11.2091 0.0000e+00
      5.036      0.047     7.6042     69.460     46.403  33.602564     0.8726      7.917   200.4767 1.0655e+00    12.4188      4.940      7.165    11.2084 0.0000e+00
      5.043      0.045     7.6095     69.436     46.397  33.597296     0.8740      7.916   201.0550 1.0630e+00    12.4170      4.945      7.172    11.2074 0.0000e+00
      5.050      0.042     7.6151     69.407     46.402  33.600766     0.8685      7.915   201.6116 1.0528e+00    12.4335      4.948      7.178    11.2062 0.0000e+00
      5.065      0.040     7.6219     69.373     46.374  33.581071     0.8813      7.913   201.6997 1.0204e+00    12.4124      4.967      7.204    11.2057 0.0000e+00
      5.080      0.039     7.6250     69.341     46.330  33.549502     0.8796      7.913   201.3459 9.8870e-01    12.3674      4.986      7.232    11.2047 0.0000e+00
      5.089      0.036     7.6189     69.336     46.312  33.536293     0.8637      7.912   200.9475 9.7125e-01    12.4696      4.991      7.239    11.2033 0.0000e+00
      5.095      0.032     7.6175     69.365     46.328  33.548254     0.8882      7.912   200.8410 9.5895e-01    12.6581      4.996      7.246    11.2032 0.0000e+00
      5.103      0.027     7.6133     69.432     46.355  33.567229     0.9097      7.911   201.6068 9.5185e-01    12.7337      5.005      7.260    11.2038 0.0000e+00
      5.109      0.024     7.6076     69.522     46.365  33.575388     0.8911      7.910   203.0663 9.4620e-01    12.6997      5.011      7.268    11.2042 0.0000e+00
      5.113      0.024     7.6082     69.612     46.374  33.583467     0.8551      7.909   203.8608 9.2898e-01    12.6577      5.014      7.273    11.2045 0.0000e+00
      5.118      0.023     7.6097     69.691     46.397  33.601460     0.8482      7.909   203.5552 9.0090e-01    12.7374      5.017      7.278    11.2045 0.0000e+00
      5.125      0.021     7.6188     69.754     46.399  33.602605     0.8834      7.909   203.0697 8.8886e-01    12.9122      5.024      7.288    11.2042 0.0000e+00
      5.133      0.021     7.6293     69.793     46.392  33.597310     0.9149      7.908   203.4122 8.9239e-01    12.9269      5.034      7.302    11.2045 0.0000e+00
      5.138      0.022     7.6392     69.793     46.396  33.600880     0.9043      7.908   204.4270 8.9329e-01    12.7096      5.039      7.309    11.2066 0.0000e+00
      5.142      0.022     7.6477     69.757     46.370  33.582329     0.8631      7.908   205.1014 8.8569e-01    12.5053      5.042      7.313    11.2085 0.0000e+00
      5.146      0.021     7.6545     69.700     46.345  33.563344     0.8492      7.908   205.1986 8.6676e-01    12.5073      5.046      7.317    11.2082 0.0000e+00
      5.151      0.019     7.6602     69.625     46.343  33.561670     0.8612      7.907   205.1720 8.5433e-01    12.5623      5.050      7.325    11.2075 0.0000e+00
      5.159      0.019     7.6600     69.557     46.344  33.562086     0.8671      7.907   205.2097 8.4893e-01    12.4876      5.060      7.339    11.2081 0.0000e+00
      5.164      0.019     7.6545     69.529     46.352  33.568373     0.8786      7.907   205.0526 8.3988e-01    12.4234      5.066      7.347    11.2086 0.0000e+00
      5.167      0.019     7.6495     69.537     46.361  33.574244     0.8919      7.907   204.9932 8.3430e-01    12.4358      5.067      7.350    11.2075 0.0000e+00
      5.170      0.019     7.6401     69.569     46.356  33.569631     0.9204      7.906   205.3520 8.2872e-01    12.5005      5.070      7.354    11.2066 0.0000e+00
      5.174      0.018     7.6301     69.611     46.366  33.576042     0.9729      7.906   205.6054 8.1723e-01    12.6248      5.073      7.358    11.2068 0.0000e+00
      5.181      0.017     7.6287     69.653     46.384  33.588315     1.0020      7.905   205.7330 8.1049e-01    12.6065      5.080      7.368    11.2073 0.0000e+00
      5.188      0.017     7.6290     69.693     46.389  33.591132     0.9812      7.904   206.0350 8.0501e-01    12.4503      5.089      7.380    11.2074 0.0000e+00
      5.192      0.016     7.6340     69.718     46.416  33.610099     0.9537      7.903   205.6426 7.8988e-01    12.4102      5.092      7.386    11.2066 0.0000e+00
      5.194      0.015     7.6387     69.722     46.441  33.627307     0.9694      7.903   204.6025 7.8000e-01    12.5310      5.094      7.388    11.2051 0.0000e+00
      5.197      0.013     7.6439     69.726     46.416  33.608862     1.0126      7.902   204.4724 7.7791e-01    12.6820      5.097      7.391    11.2038 0.0000e+00
      5.200      0.013     7.6486     69.729     46.374  33.577416     1.0185      7.901   205.1020 7.7086e-01    12.6635      5.100      7.397    11.2029 0.0000e+00
      5.203      0.017     7.6526     69.706     46.356  33.564312     0.9824      7.902   205.9343 7.6618e-01    12.5126      5.103      7.401    11.2022 0.0000e+00
      5.206      0.022     7.6517     69.683     46.375  33.577314     0.9763      7.902   206.7920 7.6999e-01    12.5320      5.106      7.405    11.2016 0.0000e+00
      5.210      0.025     7.6508     69.659     46.417  33.607720     1.0111      7.902   206.2663 7.5901e-01    12.6920      5.108      7.408    11.2009 0.0000e+00
      5.220      0.026     7.6557     69.634     46.427  33.614734     1.0375      7.902   204.6545 7.2340e-01    12.7399      5.116      7.420    11.2004 0.0000e+00
