Data/DataNotYetUploadedToEDI/Raw_CTD/RawDownloads/070722_ccr08_SBE19plus01907809_0003.cnv
* Sea-Bird SBE19plus  Data File:
* FileName = C:\R\Reservoirs\Data\DataNotYetUploadedToEDI\Raw_CTD\RawDownloads\070722_ccr50_SBE19plus01907809_0003.hex
* Software version 2.8.0.119
* Temperature SN = 7809
* Conductivity SN = 7809
* System UpLoad Time = Jul 07 2022 15:45:17
* <ApplicationData>
* <Seaterm232>
# nquan = 15
# nvalues = 372                         
# units = specified
# name 0 = depFM: Depth [fresh water, m]
# name 1 = dz/dtM: Descent Rate [m/s]
# name 2 = sbeox0Mg/L: Oxygen, SBE 43 [mg/l]
# name 3 = sbeox0PS: Oxygen, SBE 43 [% saturation]
# name 4 = specc: Specific Conductance [uS/cm]
# name 5 = c0uS/cm: Conductivity [uS/cm]
# name 6 = flECO-AFL: Fluorescence, WET Labs ECO-AFL/FL [mg/m^3]
# name 7 = ph: pH
# name 8 = orp: Oxidation Reduction Potential [mV]
# name 9 = par/sat/log: PAR/Logarithmic, Satlantic
# name 10 = turbWETntu0: Turbidity, WET Labs ECO [NTU]
# name 11 = prdM: Pressure, Strain Gauge [db]
# name 12 = prdE: Pressure, Strain Gauge [psi]
# name 13 = tv290C: Temperature [ITS-90, deg C]
# name 14 = flag:  0.000e+00
# span 0 =     -0.491,      1.135       
# span 1 =     -0.438,      0.277       
# span 2 =     4.0740,     7.0149       
# span 3 =     51.534,     88.683       
# span 4 =     82.369,     87.861       
# span 5 =  85.980043,  92.112425       
# span 6 =    -1.0540,     6.1110       
# span 7 =      7.718,      8.234       
# span 8 =    -5.4643,   171.9435       
# span 9 = 4.7291e+01, 2.1251e+03       
# span 10 =     1.3717,    12.2568      
# span 11 =     -0.482,      1.113      
# span 12 =     -0.700,      1.615      
# span 13 =    25.7306,    27.8526      
# span 14 = 0.0000e+00, 0.0000e+00      
# interval = seconds: 0.25
# start_time = Jul 07 2022 08:02:13 [Instrument's time stamp, header]
# bad_flag = -9.990e-29
*END*
[from data line 97]
      0.152     -0.039     5.1734     64.984     86.679  90.817933     0.8778      8.042   146.2328 1.9107e+03     3.1435      0.149      0.216    27.4418 0.0000e+00
      0.145     -0.030     5.1860     64.426     86.678  90.827094     0.8750      8.043   146.0698 2.0293e+03     3.1983      0.143      0.209    27.4034 0.0000e+00
      0.135     -0.015     5.1950     63.861     86.629  90.801659     0.8826      8.043   146.0798 2.0241e+03     3.2236      0.134      0.194    27.3852 0.0000e+00
      0.122     -0.002     5.1815     63.554     86.564  90.764765     0.9026      8.042   146.4398 1.8796e+03     3.2445      0.119      0.172    27.3796 0.0000e+00
      0.116     -0.001     5.1455     63.828     86.556  90.762573     0.9167      8.041   146.9807 1.7069e+03     3.2795      0.104      0.150    27.3787 0.0000e+00
      0.132     -0.013     5.0991     64.775     86.603  90.775172     0.8960      8.040   147.3714 1.4960e+03     3.2719      0.121      0.175    27.3832 0.0000e+00
      0.159     -0.028     5.0450     66.104     86.661  90.789865     0.8608      8.040   147.5506 1.2820e+03     3.2208      0.166      0.241    27.3979 0.0000e+00
      0.161     -0.037     5.0074     67.495     86.697  90.812988     0.8398      8.041   147.6840 1.3766e+03     3.1739      0.176      0.256    27.4250 0.0000e+00
      0.122     -0.039     5.0230     68.895     86.655  90.800389     0.8256      8.041   147.7802 1.6619e+03     3.1486      0.124      0.180    27.4366 0.0000e+00
      0.074     -0.039     5.1120     70.090     86.576  90.764754     0.8227      8.042   147.8534 1.8327e+03     3.1545      0.057      0.083    27.4035 0.0000e+00
      0.054     -0.036     5.2345     70.767     86.566  90.763700     0.8373      8.043   147.9665 1.8972e+03     3.2105      0.038      0.055    27.3679 0.0000e+00
      0.067     -0.022     5.3396     71.010     86.622  90.787669     0.8522      8.043   148.1145 1.9068e+03     3.2802      0.065      0.092    27.3560 0.0000e+00
      0.089      0.000     5.4541     70.974     86.668  90.800163     0.8530      8.042   148.1810 1.8382e+03     3.3137      0.095      0.137    27.3798 0.0000e+00
      0.097      0.021     5.5617     70.608     86.658  90.787541     0.8560      8.041   148.0813 1.7803e+03     3.2733      0.102      0.148    27.4239 0.0000e+00
      0.088      0.032     5.6059     69.952     86.602  90.762216     0.8797      8.041   148.1138 1.7419e+03     3.2021      0.085      0.123    27.4303 0.0000e+00
      0.081      0.032     5.6213     69.139     86.555  90.748347     0.8991      8.041   148.4888 1.5134e+03     3.2036      0.071      0.102    27.3965 0.0000e+00
      0.093      0.028     5.6280     68.247     86.559  90.747083     0.8989      8.040   148.9149 1.2225e+03     3.2582      0.085      0.123    27.3691 0.0000e+00
      0.119      0.024     5.5969     67.402     86.595  90.746922     0.8846      8.039   149.1367 1.3423e+03     3.2817      0.120      0.172    27.3670 0.0000e+00
      0.139      0.021     5.5364     66.741     86.626  90.746334     0.8678      8.039   149.2774 1.7215e+03     3.2820      0.144      0.209    27.3936 0.0000e+00
      0.141      0.015     5.4688     66.227     86.631  90.739920     0.8618      8.039   149.4115 1.8205e+03     3.2963      0.143      0.208    27.4282 0.0000e+00
      0.129      0.006     5.3954     65.805     86.615  90.732939     0.8546      8.039   149.4680 1.6878e+03     3.2835      0.125      0.181    27.4208 0.0000e+00
      0.118     -0.002     5.3250     65.544     86.592  90.725522     0.8557      8.038   149.6160 1.6797e+03     3.1613      0.111      0.161    27.3875 0.0000e+00
      0.117     -0.005     5.2778     65.417     86.579  90.713855     0.8742      8.036   149.9097 1.7329e+03     2.9798      0.112      0.162    27.3666 0.0000e+00
      0.123     -0.003     5.2416     65.242     86.603  90.719055     0.8868      8.035   150.1801 1.8859e+03     2.9003      0.121      0.175    27.3602 0.0000e+00
      0.129      0.000     5.2022     64.949     86.632  90.724778     0.8926      8.035   150.3908 2.0495e+03     2.9515      0.128      0.187    27.3680 0.0000e+00
      0.130      0.001     5.1800     64.601     86.640  90.719419     0.9026      8.036   150.5641 1.9324e+03     3.0864      0.129      0.188    27.3835 0.0000e+00
      0.126      0.000     5.1784     64.217     86.642  90.717823     0.9157      8.036   150.7265 1.7813e+03     3.1990      0.124      0.181    27.3874 0.0000e+00
      0.121     -0.002     5.1677     63.728     86.628  90.705480     0.9184      8.037   150.8911 1.7470e+03     3.2196      0.118      0.171    27.3699 0.0000e+00
      0.119     -0.002     5.1422     63.050     86.616  90.697350     0.9095      8.037   151.0921 1.7856e+03     3.2336      0.116      0.168    27.3525 0.0000e+00
      0.121     -0.001     5.1149     62.199     86.601  90.683107     0.9002      8.036   151.3498 1.8370e+03     3.2310      0.118      0.172    27.3458 0.0000e+00
      0.124      0.001     5.0867     61.252     86.586  90.660450     0.8802      8.035   151.5986 1.8381e+03     3.2220      0.123      0.178    27.3447 0.0000e+00
      0.126      0.001     5.0515     60.224     86.614  90.677715     0.8592      8.035   151.8626 1.8176e+03     3.2622      0.125      0.181    27.3469 0.0000e+00
      0.125      0.000     4.9971     59.143     86.644  90.701095     0.8551      8.034   152.1327 1.7802e+03     3.2729      0.124      0.179    27.3491 0.0000e+00
      0.123     -0.001     4.9251     58.073     86.633  90.688795     0.8551      8.032   152.2838 1.7888e+03     3.2147      0.122      0.175    27.3522 0.0000e+00
      0.121     -0.001     4.8518     57.044     86.602  90.656157     0.8675      8.031   152.3986 1.8323e+03     3.1733      0.119      0.172    27.3484 0.0000e+00
      0.121     -0.001     4.7711     56.115     86.574  90.624391     0.8881      8.031   152.6601 1.8527e+03     3.2166      0.118      0.171    27.3377 0.0000e+00
      0.122     -0.000     4.6818     55.305     86.577  90.622614     0.8965      8.031   152.9506 1.8826e+03     3.2596      0.119      0.173    27.3325 0.0000e+00
      0.123 -3.611e-07     4.5988     54.562     86.592  90.634667     0.9021      8.031   153.0718 1.8969e+03     3.2154      0.120      0.174    27.3341 0.0000e+00
      0.124      0.000     4.5140     53.917     86.604  90.642947     0.8898      8.030   153.1793 1.9014e+03     3.1605      0.122      0.176    27.3352 0.0000e+00
      0.124      0.000     4.4391     53.412     86.622  90.659140     0.8557      8.030   153.3899 1.9830e+03     3.1761      0.122      0.177    27.3332 0.0000e+00
      0.123      0.000     4.3797     53.031     86.606  90.639706     0.8395      8.030   153.5524 2.0182e+03     3.1991      0.120      0.174    27.3299 0.0000e+00
      0.122     -0.000     4.3182     52.752     86.569  90.598711     0.8521      8.029   153.5961 1.9359e+03     3.1992      0.119      0.172    27.3271 0.0000e+00
      0.122      0.002     4.2656     52.531     86.582  90.608552     0.8583      8.029   153.1443 1.8664e+03     3.2463      0.119      0.173    27.3249 0.0000e+00
      0.122      0.005     4.2276     52.343     86.607  90.631515     0.8479      8.029   152.6494 1.8455e+03     3.2555      0.120      0.174    27.3234 0.0000e+00
      0.122      0.007     4.1970     52.195     86.600  90.622026     0.8422      8.029   152.7746 1.8526e+03     3.1735      0.119      0.173    27.3226 0.0000e+00
      0.124      0.005     4.1768     52.027     86.602  90.620983     0.8397      8.027   152.9378 1.8870e+03     3.1444      0.120      0.175    27.3212 0.0000e+00
      0.129     -0.004     4.1612     51.815     86.611  90.618901     0.8515      8.026   152.9882 1.9874e+03     3.1085      0.126      0.182    27.3189 0.0000e+00
      0.135     -0.018     4.1436     51.616     86.606  90.596835     0.8855      8.025   152.6096 2.0891e+03     3.0121      0.135      0.196    27.3170 0.0000e+00
      0.134     -0.032     4.1358     51.534     86.627  90.608492     0.9092      8.024   152.3180 2.0713e+03     3.0039      0.137      0.199    27.3155 0.0000e+00
      0.120     -0.046     4.1236     51.748     86.648  90.632664     0.9127      8.024   152.7320 2.0083e+03     3.0434      0.121      0.176    27.3160 0.0000e+00
      0.097     -0.056     4.1034     52.219     86.641  90.634764     0.9109      8.024   152.7967 2.0245e+03     3.0802      0.094      0.136    27.3101 0.0000e+00
      0.074     -0.061     4.0894     52.669     86.628  90.633900     0.9053      8.023   152.5833 2.0746e+03     3.1414      0.070      0.100    27.2953 0.0000e+00
      0.058     -0.059     4.0740     52.974     86.605  90.622242     0.8944      8.023   152.7328 2.0673e+03     3.1340      0.055      0.079    27.2887 0.0000e+00
      0.045     -0.050     4.0906     53.140     86.598  90.620991     0.8875      8.023   153.1422 2.0522e+03     3.0934      0.043      0.062    27.2915 0.0000e+00
      0.034     -0.038     4.1416     53.151     86.597  90.618784     0.8798      8.023   153.5756 2.0484e+03     3.1276      0.032      0.046    27.2972 0.0000e+00
      0.025     -0.027     4.1772     53.014     86.577  90.595558     0.8675      8.023   153.6709 2.0321e+03     3.2071      0.024      0.035    27.3056 0.0000e+00
      0.019     -0.017     4.1995     52.774     86.578  90.594487     0.8643      8.024   153.5200 2.0240e+03     3.2690      0.018      0.026    27.3138 0.0000e+00
      0.016     -0.009     4.2140     52.479     86.593  90.605837     0.8666      8.024   153.5586 1.9081e+03     3.2605      0.014      0.021    27.3184 0.0000e+00
      0.017     -0.002     4.2144     52.167     86.599  90.605620     0.8614      8.025   153.6208 1.4896e+03     3.2063      0.016      0.023    27.3161 0.0000e+00
      0.020      0.003     4.2028     51.949     86.709  90.719024     0.8596      8.025   153.4978 1.1761e+03     3.1944      0.020      0.029    27.3132 0.0000e+00
      0.023      0.007     4.1817     52.230     86.968  91.023230     0.8699      8.026   153.1899 1.4373e+03     3.2196      0.023      0.033    27.3137 0.0000e+00
      0.023      0.011     4.1583     53.959     87.113  91.295361     0.8776      8.026   152.9090 1.7738e+03     3.2382      0.024      0.034    27.3114 0.0000e+00
      0.024      0.015     4.1318     57.944     87.031  91.402580     0.8859      8.026   152.8557 1.6428e+03     3.2484      0.023      0.033    27.3067 0.0000e+00
      0.027      0.023     4.1069     63.496     86.887  91.429740     0.9043      8.026   153.2333 1.3151e+03     3.3082      0.027      0.037    27.3023 0.0000e+00
      0.033      0.037     4.1020     69.055     86.782  91.433282     0.9244      8.027   154.2043 1.3647e+03     3.4154      0.031      0.046    27.3034 0.0000e+00
      0.041      0.053     4.1924     73.691     86.739  91.445573     0.9295      8.028   154.7880 1.6813e+03     3.4519      0.040      0.057    27.3723 0.0000e+00
      0.053      0.069     4.5225     77.094     86.724  91.451273     0.9157      8.029   154.6130 1.8173e+03     3.4415      0.049      0.070    27.5124 0.0000e+00
      0.075      0.081     5.0133     79.321     86.708  91.438633     0.8990      8.030   154.7555 1.6790e+03     3.4610      0.068      0.099    27.6244 0.0000e+00
      0.106      0.088     5.4600     80.490     86.693  91.419927     0.8935      8.030   155.3055 1.4902e+03     3.4815      0.107      0.156    27.6843 0.0000e+00
      0.136      0.090     5.8338     80.620     86.693  91.415840     0.9004      8.030   155.3264 1.6662e+03     3.4845      0.138      0.200    27.7138 0.0000e+00
      0.158      0.088     6.0953     79.996     86.732  91.452803     0.9079      8.030   155.0090 2.0336e+03     3.4972      0.156      0.226    27.7214 0.0000e+00
      0.177      0.084     6.2636     79.119     86.766  91.485326     0.9087      8.030   154.8234 1.9622e+03     3.4649      0.174      0.252    27.7219 0.0000e+00
      0.195      0.080     6.3626     78.367     86.775  91.491141     0.9022      8.030   154.6296 1.5089e+03     3.3322      0.192      0.278    27.7200 0.0000e+00
      0.212      0.081     6.3623     77.863     86.810  91.523096     0.8949      8.030   155.3328 1.2122e+03     3.2254      0.208      0.302    27.7173 0.0000e+00
      0.232      0.087     6.2979     77.539     86.849  91.553759     0.8955      8.030   157.0461 1.0664e+03     3.1988      0.227      0.329    27.7148 0.0000e+00
      0.254      0.093     6.2175     77.297     86.854  91.543947     0.9262      8.030   158.3946 8.3238e+02     3.2838      0.250      0.362    27.7130 0.0000e+00
      0.278      0.098     6.1565     77.134     86.858  91.531600     0.9834      8.030   159.1619 6.0439e+02     3.5023      0.271      0.393    27.7114 0.0000e+00
      0.308      0.100     6.1191     77.039     86.872  91.531616     1.0128      8.030   159.5267 4.9585e+02     3.6536      0.301      0.436    27.7091 0.0000e+00
      0.339      0.098     6.0996     76.968     86.893  91.544115     1.0229      8.030   159.1917 4.7182e+02     3.7131      0.336      0.487    27.7038 0.0000e+00
      0.366      0.095     6.0792     76.901     86.911  91.555539     1.0481      8.030   158.6382 4.7963e+02     3.8458      0.362      0.524    27.6940 0.0000e+00
      0.387      0.092     6.0680     76.838     86.904  91.542545     1.0680      8.029   158.7717 4.8664e+02     3.9937      0.380      0.551    27.6829 0.0000e+00
      0.406      0.088     6.0638     76.813     86.883  91.514174     1.0719      8.028   159.1709 4.8691e+02     4.0319      0.397      0.576    27.6745 0.0000e+00
      0.425      0.086     6.0583     76.838     86.848  91.466839     1.0699      8.028   159.3350 5.0332e+02     4.0349      0.416      0.604    27.6688 0.0000e+00
      0.447      0.089     6.0546     76.860     86.812  91.415295     1.0856      8.027   159.7238 5.0697e+02     4.0979      0.438      0.635    27.6647 0.0000e+00
      0.471      0.094     6.0477     76.816     86.809  91.399620     1.1202      8.025   160.1718 5.0056e+02     4.1793      0.462      0.671    27.6626 0.0000e+00
      0.496      0.099     6.0456     76.720     86.824  91.404468     1.1392      8.025   160.3641 5.1007e+02     4.2332      0.485      0.704    27.6596 0.0000e+00
      0.522      0.100     6.0500     76.612     86.838  91.410301     1.1491      8.025   160.4997 4.8367e+02     4.2374      0.510      0.739    27.6526 0.0000e+00
      0.551      0.099     6.0556     76.484     86.839  91.406546     1.1893      8.024   160.6935 4.3752e+02     4.1958      0.541      0.785    27.6445 0.0000e+00
      0.579      0.096     6.0517     76.322     86.797  91.359060     1.2427      8.024   161.0725 4.3292e+02     4.1746      0.571      0.827    27.6374 0.0000e+00
      0.603      0.093     6.0431     76.155     86.728  91.281239     1.2616      8.024   161.6406 4.5793e+02     4.1516      0.594      0.860    27.6308 0.0000e+00
      0.623      0.090     6.0359     76.025     86.687  91.228622     1.2598      8.023   161.9700 4.4791e+02     4.1229      0.612      0.887    27.6252 0.0000e+00
      0.642      0.085     6.0271     75.958     86.701  91.231537     1.2541      8.021   162.0430 3.9826e+02     4.1358      0.628      0.911    27.6224 0.0000e+00
      0.665      0.082     6.0130     75.950     86.729  91.252879     1.2760      8.021   162.3519 3.7188e+02     4.2053      0.650      0.943    27.6221 0.0000e+00
      0.689      0.081     5.9990     75.963     86.713  91.232314     1.3405      8.021   162.9511 3.7559e+02     4.3474      0.677      0.981    27.6198 0.0000e+00
      0.710      0.080     5.9885     75.952     86.658  91.173634     1.3851      8.020   163.5234 3.8860e+02     4.4526      0.697      1.011    27.6130 0.0000e+00
