Data/DataNotYetUploadedToEDI/Raw_CTD/RawDownloads/070925_ccr50_S8188002.cnv
* Sea-Bird SBE19plus  Data File:
* FileName = C:\R\Reservoirs\Data\DataNotYetUploadedToEDI\Raw_CTD\RawDownloads\070725_bvr50_S8188_0002.hex
* Software version 2.8.0.119
* Temperature SN = 8188
* Conductivity SN = 8188
* System UpLoad Time = Jul 09 2025 16:17:37
* <ApplicationData>
* <Seaterm232>
# nquan = 16
# nvalues = 3773                        
# units = specified
# name 0 = depFM: Depth [fresh water, m]
# name 1 = dz/dtM: Descent Rate [m/s]
# name 2 = sbeox0Mg/L: Oxygen, SBE 43 [mg/l]
# name 3 = sbeox0PS: Oxygen, SBE 43 [% saturation]
# name 4 = specc: Specific Conductance [uS/cm]
# name 5 = c0uS/cm: Conductivity [uS/cm]
# name 6 = wetCDOM: Fluorescence, WET Labs CDOM [mg/m^3]
# name 7 = flECO-AFL: Fluorescence, WET Labs ECO-AFL/FL [mg/m^3]
# name 8 = flECO-AFL1: Fluorescence, WET Labs ECO-AFL/FL, 2 [mg/m^3]
# name 9 = flECO-AFL2: Fluorescence, WET Labs ECO-AFL/FL, 3 [mg/m^3]
# name 10 = par/sat/log: PAR/Logarithmic, Satlantic
# name 11 = turbWETntu0: Turbidity, WET Labs ECO [NTU]
# name 12 = prdM: Pressure, Strain Gauge [db]
# name 13 = prdE: Pressure, Strain Gauge [psi]
# name 14 = tv290C: Temperature [ITS-90, deg C]
# name 15 = flag:  0.000e+00
# span 0 =     -0.427,     21.831       
# span 1 =     -0.246,      0.163       
# span 2 =    -0.3874,    10.9052       
# span 3 =     -3.443,    132.249       
# span 4 =   -680.656,    215.899       
# span 5 =-489.567740, 149.184249       
# span 6 =   -11.4300,    50.9400       
# span 7 =    -2.5162,     7.9935       
# span 8 =    -3.1950,     3.1950       
# span 9 =   -12.7323,     1.2267       
# span 10 = 1.1572e-01, 1.7862e+03      
# span 11 =   -10.2042,    39.3297      
# span 12 =     -0.418,     21.409      
# span 13 =     -0.607,     31.051      
# span 14 =     9.5469,    29.5015      
# span 15 = 0.0000e+00, 0.0000e+00      
# interval = seconds: 0.25
# start_time = Jul 09 2025 10:03:30 [Instrument's time stamp, header]
# bad_flag = -9.990e-29
*END*
[from data line 272]
      0.326      0.001     3.7049     48.590    104.766 113.977435    10.6200     0.2876     0.0000     0.2115 2.8248e+02    -0.6872      0.320      0.464    29.3896 0.0000e+00
      0.326      0.001     3.7051     48.595    104.773 113.985477    10.5300     0.2648     0.0000     0.2115 2.8850e+02    -0.5663      0.320      0.464    29.3894 0.0000e+00
      0.327      0.001     3.7069     48.581    104.790 114.003864    10.5300     0.2762     0.0000     0.2115 2.8938e+02    -0.6268      0.320      0.464    29.3892 0.0000e+00
      0.327      0.001     3.7092     48.539    104.810 114.025499    10.5300     0.2800     0.0000     0.2115 2.8563e+02    -0.5966      0.320      0.465    29.3891 0.0000e+00
      0.327      0.002     3.7108     48.465    104.817 114.032158    10.5300     0.2648     0.0000     0.2115 2.8267e+02    -0.5512      0.321      0.465    29.3891 0.0000e+00
      0.328      0.002     3.7113     48.376    104.796 114.009616    10.6200     0.2724     0.0426     0.0846 2.8095e+02    -0.3246      0.321      0.466    29.3890 0.0000e+00
      0.328      0.001     3.7102     48.304    104.754 113.963863    10.6200     0.2838     0.0426     0.0846 2.8016e+02    -0.3095      0.322      0.466    29.3890 0.0000e+00
      0.329      0.001     3.7069     48.279    104.702 113.906692    10.6200     0.2648     0.0426     0.0846 2.7986e+02    -0.4304      0.322      0.467    29.3890 0.0000e+00
      0.329      0.000     3.7013     48.317    104.652 113.852854    10.6200     0.2838     0.0426     0.0846 2.8279e+02    -0.2793      0.322      0.467    29.3890 0.0000e+00
      0.329     -0.001     3.6945     48.417    104.613 113.809989    10.6200     0.2915     0.0426     0.0846 2.9407e+02    -0.5663      0.322      0.467    29.3890 0.0000e+00
      0.328     -0.001     3.6890     48.565    104.576 113.770666    10.7100     0.2915     0.0000     0.0423 3.0640e+02    -0.5059      0.322      0.467    29.3890 0.0000e+00
      0.328     -0.002     3.6871     48.743    104.535 113.726396    10.7100     0.2571     0.0000     0.0423 3.1931e+02    -0.6570      0.321      0.466    29.3890 0.0000e+00
      0.327     -0.003     3.6900     48.938    104.481 113.667376    10.7100     0.2724     0.0000     0.0423 3.3539e+02    -0.6419      0.320      0.465    29.3889 0.0000e+00
      0.326     -0.004     3.6976     49.159    104.412 113.593864    10.7100     0.2915     0.0000     0.0423 3.4313e+02    -0.7325      0.320      0.464    29.3889 0.0000e+00
      0.325     -0.004     3.7089     49.406    104.352 113.530248    10.5300     0.2724     0.0426     0.0846 3.4597e+02    -0.6872      0.319      0.463    29.3890 0.0000e+00
      0.324     -0.005     3.7225     49.648    104.318 113.495558    10.5300     0.2953     0.0426     0.0846 3.4231e+02    -0.5059      0.318      0.461    29.3892 0.0000e+00
      0.323     -0.005     3.7374     49.838    104.303 113.480545    10.5300     0.2648     0.0426     0.0846 3.2605e+02    -0.5361      0.316      0.459    29.3895 0.0000e+00
      0.322     -0.004     3.7542     49.937    104.291 113.469207    10.5300     0.2190     0.0426     0.0846 3.1593e+02    -0.3397      0.315      0.457    29.3900 0.0000e+00
      0.320     -0.004     3.7730     49.930    104.281 113.458519    10.6200     0.2075     0.0852     0.1269 3.0428e+02    -0.3549      0.314      0.455    29.3908 0.0000e+00
      0.319     -0.003     3.7915     49.827    104.272 113.449633    10.6200     0.2075     0.0852     0.1269 3.0414e+02    -0.3549      0.313      0.454    29.3917 0.0000e+00
      0.319     -0.002     3.8059     49.657    104.266 113.444176    10.6200     0.2037     0.0852     0.1269 3.0125e+02    -0.4606      0.313      0.454    29.3925 0.0000e+00
      0.319     -0.002     3.8135     49.444    104.270 113.448692    10.6200     0.2724     0.0852     0.1269 3.0753e+02    -0.3851      0.312      0.453    29.3931 0.0000e+00
      0.319     -0.001     3.8129     49.214    104.277 113.456388    10.6200     0.2800     0.0426     0.2538 3.1449e+02    -0.3246      0.312      0.453    29.3936 0.0000e+00
      0.318     -0.001     3.8050     48.991    104.275 113.453318    10.6200     0.2571     0.0426     0.2538 3.1669e+02    -0.3095      0.312      0.453    29.3939 0.0000e+00
      0.318     -0.001     3.7919     48.797    104.261 113.438664    10.6200     0.2876     0.0426     0.2538 3.1855e+02    -0.3095      0.312      0.452    29.3941 0.0000e+00
      0.318     -0.001     3.7757     48.641    104.238 113.412517    10.6200     0.2609     0.0426     0.2538 3.1800e+02    -0.3549      0.311      0.452    29.3942 0.0000e+00
      0.318     -0.001     3.7581     48.531    104.208 113.379902    10.6200     0.2876     0.0426     0.2538 3.2266e+02    -0.2340      0.311      0.452    29.3943 0.0000e+00
      0.318     -0.001     3.7411     48.468    104.190 113.360116    10.6200     0.2609     0.0852     0.0846 3.2372e+02    -0.3549      0.311      0.452    29.3942 0.0000e+00
      0.318     -0.000     3.7263     48.439    104.190 113.359883    10.6200     0.2571     0.0852     0.0846 3.2513e+02    -0.4002      0.311      0.452    29.3941 0.0000e+00
      0.318     -0.000     3.7144     48.423    104.201 113.371140    10.6200     0.2037     0.0852     0.0846 3.2661e+02    -0.4002      0.311      0.452    29.3939 0.0000e+00
      0.317     -0.000     3.7060     48.401    104.213 113.384892    10.6200     0.1961     0.0852     0.0846 3.2711e+02    -0.3549      0.311      0.451    29.3938 0.0000e+00
      0.317     -0.000     3.7012     48.362    104.225 113.396808    10.6200     0.2228     0.0426     0.0846 3.2789e+02    -0.3700      0.311      0.451    29.3936 0.0000e+00
      0.317     -0.000     3.6991     48.302    104.241 113.414065    10.6200     0.2075     0.0426     0.0846 3.2997e+02    -0.3851      0.311      0.451    29.3935 0.0000e+00
      0.317     -0.000     3.6978     48.220    104.259 113.433265    10.6200     0.2800     0.0426     0.0846 3.3126e+02    -0.4606      0.311      0.451    29.3933 0.0000e+00
      0.317      0.000     3.6962     48.118    104.269 113.443533    10.6200     0.2991     0.0426     0.0846 3.3626e+02    -0.3246      0.311      0.451    29.3932 0.0000e+00
      0.317      0.001     3.6932     48.005    104.277 113.451604    10.6200     0.2838     0.0426     0.0423 3.3597e+02    -0.3246      0.311      0.451    29.3930 0.0000e+00
      0.317      0.001     3.6886     47.887    104.292 113.467630    10.6200     0.2762     0.0426     0.0423 3.3692e+02    -0.2793      0.311      0.452    29.3928 0.0000e+00
      0.318      0.002     3.6823     47.771    104.308 113.483886    10.6200     0.1999     0.0426     0.0423 3.4209e+02    -0.3549      0.311      0.452    29.3925 0.0000e+00
      0.318      0.002     3.6746     47.661    104.313 113.488711    10.6200     0.1961     0.0426     0.0423 3.4440e+02    -0.2038      0.312      0.453    29.3923 0.0000e+00
      0.319      0.003     3.6660     47.561    104.312 113.487390    10.6200     0.2304     0.0426     0.0423 3.4778e+02    -0.3095      0.312      0.454    29.3920 0.0000e+00
      0.320      0.003     3.6570     47.473    104.320 113.495568    10.6200     0.2152     0.0426     0.0846 3.5227e+02    -0.3700      0.313      0.455    29.3918 0.0000e+00
      0.321      0.004     3.6481     47.391    104.338 113.515425    10.6200     0.2876     0.0426     0.0846 3.5105e+02    -0.3851      0.314      0.456    29.3916 0.0000e+00
      0.321      0.004     3.6398     47.297    104.353 113.532261    10.6200     0.2876     0.0426     0.0846 3.5028e+02    -0.3397      0.315      0.457    29.3913 0.0000e+00
      0.322      0.005     3.6321     47.177    104.355 113.534568    10.6200     0.2648     0.0426     0.0846 3.4500e+02    -0.4757      0.316      0.459    29.3911 0.0000e+00
      0.324      0.005     3.6254     47.038    104.333 113.510963    10.5300     0.2648     0.0426     0.1692 3.4530e+02    -0.3246      0.317      0.460    29.3910 0.0000e+00
      0.325      0.005     3.6191     46.901    104.286 113.459152    10.5300     0.2724     0.0426     0.1692 3.4440e+02    -0.3246      0.319      0.462    29.3909 0.0000e+00
      0.327      0.005     3.6119     46.793    104.232 113.401311    10.5300     0.2648     0.0426     0.1692 3.5534e+02    -0.3851      0.320      0.465    29.3909 0.0000e+00
      0.328      0.005     3.6028     46.723    104.182 113.346011    10.5300     0.2876     0.0426     0.1692 3.6848e+02    -0.4002      0.322      0.467    29.3910 0.0000e+00
      0.330      0.004     3.5922     46.694    104.127 113.286506    10.6200     0.2800     0.0426     0.1269 3.9057e+02    -0.4455      0.323      0.469    29.3911 0.0000e+00
      0.331      0.004     3.5817     46.716    104.072 113.226922    10.6200     0.2800     0.0426     0.1269 4.0334e+02    -0.3700      0.324      0.471    29.3912 0.0000e+00
      0.332      0.003     3.5735     46.801    104.026 113.177366    10.6200     0.2991     0.0426     0.1269 4.1417e+02    -0.4606      0.325      0.472    29.3912 0.0000e+00
      0.332      0.002     3.5682     46.948    103.996 113.144619    10.6200     0.2876     0.0426     0.1269 4.1888e+02    -0.3095      0.326      0.472    29.3911 0.0000e+00
      0.332      0.001     3.5660     47.134    103.979 113.125947    10.7100     0.2686     0.0000     0.1692 4.0908e+02    -0.4002      0.326      0.473    29.3911 0.0000e+00
      0.332      0.000     3.5677     47.326    103.966 113.112373    10.7100     0.2304     0.0000     0.1692 3.9751e+02    -0.4757      0.326      0.473    29.3911 0.0000e+00
      0.332     -0.001     3.5741     47.509    103.947 113.092277    10.7100     0.2228     0.0000     0.1692 4.0580e+02    -0.5210      0.325      0.472    29.3912 0.0000e+00
      0.332     -0.002     3.5853     47.694    103.924 113.068299    10.7100     0.2075     0.0000     0.1692 4.0046e+02    -0.5814      0.325      0.472    29.3913 0.0000e+00
      0.331     -0.003     3.5995     47.892    103.902 113.046043    10.7100     0.2152     0.0000     0.1692 4.1553e+02    -0.6872      0.325      0.471    29.3915 0.0000e+00
      0.330     -0.004     3.6142     48.089    103.873 113.015574    10.6200     0.2762     0.0000     0.1269 4.2780e+02    -0.6721      0.324      0.470    29.3917 0.0000e+00
      0.329     -0.005     3.6281     48.256    103.840 112.980765    10.6200     0.2800     0.0000     0.1269 4.4198e+02    -0.5210      0.322      0.468    29.3920 0.0000e+00
      0.327     -0.005     3.6422     48.364    103.817 112.956330    10.6200     0.2648     0.0000     0.1269 4.7463e+02    -0.7627      0.321      0.466    29.3925 0.0000e+00
      0.326     -0.005     3.6573     48.409    103.805 112.943751    10.6200     0.2876     0.0000     0.1269 4.8285e+02    -0.5814      0.320      0.464    29.3931 0.0000e+00
      0.324     -0.005     3.6723     48.401    103.801 112.939674    10.6200     0.2381     0.0852     0.0846 4.8876e+02    -0.5512      0.318      0.462    29.3937 0.0000e+00
      0.323     -0.004     3.6850     48.344    103.800 112.939010    10.6200     0.2304     0.0852     0.0846 4.8865e+02    -0.6268      0.317      0.460    29.3943 0.0000e+00
      0.322     -0.004     3.6932     48.243    103.806 112.945584    10.6200     0.2152     0.0852     0.0846 4.7453e+02    -0.7174      0.316      0.459    29.3948 0.0000e+00
      0.321     -0.004     3.6967     48.106    103.816 112.957148    10.6200     0.2228     0.0852     0.0846 4.6392e+02    -0.6117      0.315      0.457    29.3950 0.0000e+00
      0.320     -0.003     3.6960     47.952    103.812 112.952792    10.7100     0.2075     0.0426     0.1692 4.5296e+02    -0.2944      0.314      0.456    29.3952 0.0000e+00
      0.319     -0.003     3.6917     47.800    103.796 112.935352    10.7100     0.2037     0.0426     0.1692 4.3949e+02    -0.3549      0.313      0.455    29.3953 0.0000e+00
      0.319     -0.003     3.6839     47.676    103.790 112.928174    10.7100     0.2266     0.0426     0.1692 4.3597e+02    -0.3549      0.313      0.454    29.3954 0.0000e+00
      0.318     -0.003     3.6735     47.592    103.794 112.933341    10.7100     0.2304     0.0426     0.1692 4.4914e+02    -0.2340      0.312      0.453    29.3954 0.0000e+00
      0.317     -0.003     3.6617     47.545    103.800 112.940235    10.6200     0.2800     0.0426     0.0846 4.5543e+02    -0.3549      0.311      0.451    29.3954 0.0000e+00
      0.316     -0.003     3.6501     47.512    103.806 112.946694    10.6200     0.2915     0.0426     0.0846 4.7144e+02    -0.3700      0.310      0.450    29.3954 0.0000e+00
      0.315     -0.002     3.6406     47.464    103.809 112.950441    10.6200     0.2800     0.0426     0.0846 4.9474e+02    -0.3246      0.309      0.448    29.3954 0.0000e+00
      0.314     -0.001     3.6342     47.383    103.807 112.948477    10.6200     0.2762     0.0426     0.0846 5.1113e+02    -0.3397      0.308      0.447    29.3954 0.0000e+00
      0.314      0.000     3.6306     47.271    103.796 112.936279    10.6200     0.2113     0.0426     0.0846 5.1717e+02    -0.4304      0.308      0.447    29.3956 0.0000e+00
      0.315      0.001     3.6281     47.137    103.780 112.918592    10.6200     0.1923     0.0426     0.0846 5.1504e+02    -0.3246      0.308      0.448    29.3957 0.0000e+00
      0.316      0.002     3.6244     46.993    103.777 112.914695    10.6200     0.1999     0.0426     0.0846 4.9906e+02    -0.3851      0.309      0.449    29.3958 0.0000e+00
      0.317      0.002     3.6182     46.864    103.789 112.927548    10.6200     0.2113     0.0426     0.0846 4.7103e+02    -0.3397      0.310      0.450    29.3958 0.0000e+00
      0.317      0.002     3.6096     46.778    103.804 112.944581    10.6200     0.2876     0.0426     0.0846 4.4284e+02    -0.6419      0.311      0.451    29.3957 0.0000e+00
      0.318      0.002     3.5994     46.757    103.817 112.958339    10.6200     0.3029     0.0000     0.0846 4.2290e+02    -0.5814      0.311      0.452    29.3957 0.0000e+00
      0.318      0.002     3.5884     46.834    103.834 112.976490    10.6200     0.2686     0.0000     0.0846 4.2752e+02    -0.7476      0.312      0.452    29.3956 0.0000e+00
      0.319      0.002     3.5786     47.067    103.874 113.019871    10.6200     0.2724     0.0000     0.0846 4.4973e+02    -0.6419      0.312      0.453    29.3956 0.0000e+00
      0.319      0.002     3.5721     47.551    103.955 113.108048    10.6200     0.2724     0.0000     0.0846 4.8537e+02    -0.2491      0.313      0.454    29.3955 0.0000e+00
      0.320      0.002     3.5705     48.433    104.109 113.276534    10.6200     0.2571     0.0426     0.0423 5.2487e+02    -0.4002      0.314      0.455    29.3954 0.0000e+00
      0.320      0.002     3.5763     49.952    104.397 113.590252    10.6200     0.2571     0.0426     0.0423 5.6868e+02    -0.3700      0.314      0.456    29.3953 0.0000e+00
      0.321      0.002     3.5942     52.496    104.898 114.136861    10.6200     0.2838     0.0426     0.0423 5.9369e+02    -0.3549      0.315      0.457    29.3952 0.0000e+00
      0.321      0.002     3.6311     56.723    105.573 114.874150    10.6200     0.2800     0.0426     0.0423 6.0792e+02    -0.2944      0.315      0.457    29.3953 0.0000e+00
      0.322      0.002     3.6985     63.406    106.197 115.554790    10.6200     0.2762     0.0426     0.0423 5.9201e+02    -0.3246      0.316      0.458    29.3955 0.0000e+00
      0.323      0.002     3.8144     72.642    106.623 116.020321    10.6200     0.2876     0.0426     0.1692 5.7803e+02    -0.3549      0.316      0.459    29.3959 0.0000e+00
      0.323      0.002     4.0086     83.346    106.886 116.308889    10.6200     0.2800     0.0426     0.1692 5.4462e+02    -0.2642      0.317      0.460    29.3966 0.0000e+00
