Data/DataNotYetUploadedToEDI/Raw_CTD/RawDownloads/070925_ccr50_S8188002.cnv
* Sea-Bird SBE19plus  Data File:
* FileName = C:\R\Reservoirs\Data\DataNotYetUploadedToEDI\Raw_CTD\RawDownloads\070725_bvr50_S8188_0002.hex
* Software version 2.8.0.119
* Temperature SN = 8188
* Conductivity SN = 8188
* System UpLoad Time = Jul 09 2025 16:17:37
* <ApplicationData>
* <Seaterm232>
# nquan = 16
# nvalues = 3773                        
# units = specified
# name 0 = depFM: Depth [fresh water, m]
# name 1 = dz/dtM: Descent Rate [m/s]
# name 2 = sbeox0Mg/L: Oxygen, SBE 43 [mg/l]
# name 3 = sbeox0PS: Oxygen, SBE 43 [% saturation]
# name 4 = specc: Specific Conductance [uS/cm]
# name 5 = c0uS/cm: Conductivity [uS/cm]
# name 6 = wetCDOM: Fluorescence, WET Labs CDOM [mg/m^3]
# name 7 = flECO-AFL: Fluorescence, WET Labs ECO-AFL/FL [mg/m^3]
# name 8 = flECO-AFL1: Fluorescence, WET Labs ECO-AFL/FL, 2 [mg/m^3]
# name 9 = flECO-AFL2: Fluorescence, WET Labs ECO-AFL/FL, 3 [mg/m^3]
# name 10 = par/sat/log: PAR/Logarithmic, Satlantic
# name 11 = turbWETntu0: Turbidity, WET Labs ECO [NTU]
# name 12 = prdM: Pressure, Strain Gauge [db]
# name 13 = prdE: Pressure, Strain Gauge [psi]
# name 14 = tv290C: Temperature [ITS-90, deg C]
# name 15 = flag:  0.000e+00
# span 0 =     -0.427,     21.831       
# span 1 =     -0.246,      0.163       
# span 2 =    -0.3874,    10.9052       
# span 3 =     -3.443,    132.249       
# span 4 =   -680.656,    215.899       
# span 5 =-489.567740, 149.184249       
# span 6 =   -11.4300,    50.9400       
# span 7 =    -2.5162,     7.9935       
# span 8 =    -3.1950,     3.1950       
# span 9 =   -12.7323,     1.2267       
# span 10 = 1.1572e-01, 1.7862e+03      
# span 11 =   -10.2042,    39.3297      
# span 12 =     -0.418,     21.409      
# span 13 =     -0.607,     31.051      
# span 14 =     9.5469,    29.5015      
# span 15 = 0.0000e+00, 0.0000e+00      
# interval = seconds: 0.25
# start_time = Jul 09 2025 10:03:30 [Instrument's time stamp, header]
# bad_flag = -9.990e-29
*END*
[from data line 3164]
     13.940     -0.133     7.1630     65.125    128.879  92.720673    24.3000     0.5585     0.1278     0.1269 1.6714e-01     1.5486     13.670     19.827    10.9669 0.0000e+00
     13.908     -0.129     7.1696     65.169    128.886  92.727715    24.3000     0.5585     0.1278     0.1269 1.3763e-01     1.5939     13.639     19.782    10.9675 0.0000e+00
     13.876     -0.124     7.1759     65.244    128.893  92.735030    24.3000     0.5585     0.1278     0.1692 1.5827e-01     1.6845     13.608     19.736    10.9680 0.0000e+00
     13.844     -0.120     7.1807     65.348    128.899  92.740575    24.3000     0.5470     0.1278     0.1692 1.6084e-01     1.5486     13.576     19.691    10.9686 0.0000e+00
     13.812     -0.116     7.1840     65.474    128.883  92.729845    24.3000     0.5509     0.1278     0.1692 1.4713e-01     1.5788     13.545     19.646    10.9694 0.0000e+00
     13.783     -0.113     7.1887     65.616    128.854  92.709968    24.3000     0.5776     0.1278     0.1692 1.6711e-01     1.5032     13.516     19.604    10.9702 0.0000e+00
     13.756     -0.112     7.1968     65.765    128.847  92.705611    24.3000     0.5547     0.1278     0.0846 1.6707e-01     1.5486     13.490     19.565    10.9710 0.0000e+00
     13.730     -0.112     7.2082     65.910    128.857  92.713614    24.3000     0.5356     0.1278     0.0846 1.6776e-01     1.5183     13.465     19.529    10.9715 0.0000e+00
     13.703     -0.113     7.2221     66.038    128.878  92.730118    24.3000     0.5470     0.1278     0.0846 1.6091e-01     1.5637     13.438     19.491    10.9719 0.0000e+00
     13.674     -0.114     7.2377     66.135    128.928  92.767514    24.3000     0.5356     0.1278     0.0846 1.8220e-01     1.5486     13.410     19.449    10.9721 0.0000e+00
     13.643     -0.114     7.2541     66.203    128.974  92.801815    24.3000     0.5203     0.1278     0.1692 1.9571e-01     1.5637     13.379     19.404    10.9724 0.0000e+00
     13.611     -0.113     7.2700     66.250    128.971  92.800213    24.3000     0.4898     0.1278     0.1692 2.0223e-01     1.6392     13.347     19.359    10.9728 0.0000e+00
     13.581     -0.111     7.2840     66.289    128.949  92.784256    24.3000     0.5127     0.1278     0.1692 2.2238e-01     1.6392     13.318     19.316    10.9734 0.0000e+00
     13.554     -0.109     7.2946     66.329    128.936  92.775662    24.3000     0.5776     0.1278     0.1692 1.9038e-01     1.6241     13.291     19.278    10.9739 0.0000e+00
     13.528     -0.107     7.3020     66.373    128.915  92.762148    24.3000     0.5585     0.1278     0.1692 2.2603e-01     1.5335     13.266     19.242    10.9743 0.0000e+00
     13.503     -0.107     7.3071     66.422    128.894  92.748103    24.3900     0.5470     0.1278     0.2115 2.1080e-01     1.7147     13.242     19.206    10.9745 0.0000e+00
     13.476     -0.106     7.3114     66.474    128.905  92.757749    24.3900     0.5890     0.1278     0.2115 2.0789e-01     1.6090     13.216     19.168    10.9746 0.0000e+00
     13.448     -0.106     7.3158     66.527    128.943  92.785669    24.3900     0.5013     0.1278     0.2115 2.4226e-01     1.5939     13.187     19.127    10.9748 0.0000e+00
     13.418     -0.106     7.3206     66.584    128.967  92.803349    24.3900     0.4975     0.1278     0.2115 2.5023e-01     1.4881     13.159     19.085    10.9753 0.0000e+00
     13.390     -0.105     7.3259     66.642    128.967  92.803515    24.3000     0.5013     0.0852     0.1269 2.3155e-01     1.6392     13.131     19.045    10.9759 0.0000e+00
     13.365     -0.105     7.3316     66.697    128.972  92.808189    24.3000     0.5280     0.0852     0.1269 2.1784e-01     1.5486     13.106     19.009    10.9764 0.0000e+00
     13.341     -0.106     7.3374     66.739    128.977  92.812622    24.3000     0.6195     0.0852     0.1269 2.5953e-01     1.5939     13.082     18.975    10.9767 0.0000e+00
     13.316     -0.109     7.3436     66.762    128.953  92.796022    24.3000     0.6539     0.0852     0.1269 2.6872e-01     1.6090     13.058     18.939    10.9769 0.0000e+00
     13.288     -0.113     7.3500     66.771    128.939  92.787925    24.3000     0.6081     0.0852     0.0423 2.4806e-01     1.5939     13.031     18.900    10.9770 0.0000e+00
     13.257     -0.117     7.3560     66.773    128.966  92.808146    24.3000     0.6310     0.0852     0.0423 3.0989e-01     1.6543     13.001     18.857    10.9772 0.0000e+00
     13.224     -0.120     7.3606     66.774    128.986  92.824120    24.3000     0.5661     0.0852     0.0423 2.9039e-01     1.8507     12.968     18.809    10.9775 0.0000e+00
     13.191     -0.122     7.3631     66.782    128.991  92.828122    24.3000     0.5585     0.0852     0.0423 3.2204e-01     1.9262     12.936     18.762    10.9780 0.0000e+00
     13.159     -0.123     7.3640     66.799    129.020  92.849186    24.3000     0.5585     0.0852     0.1269 2.8932e-01     1.8507     12.905     18.717    10.9786 0.0000e+00
     13.129     -0.124     7.3641     66.827    129.069  92.884940    24.3000     0.5509     0.0852     0.1269 3.0402e-01     1.8205     12.875     18.674    10.9791 0.0000e+00
     13.100     -0.126     7.3642     66.871    129.089  92.900966    24.3000     0.5356     0.0852     0.1269 2.9516e-01     1.6543     12.847     18.633    10.9795 0.0000e+00
     13.070     -0.127     7.3650     66.924    129.074  92.891550    24.3000     0.5203     0.0852     0.1269 2.9806e-01     1.6241     12.817     18.589    10.9797 0.0000e+00
     13.036     -0.129     7.3668     66.974    129.049  92.874160    24.3000     0.5280     0.0852     0.1269 3.3729e-01     1.5032     12.784     18.542    10.9799 0.0000e+00
     13.000     -0.130     7.3698     67.011    129.006  92.844156    24.3000     0.5280     0.0852     0.0846 3.2733e-01     1.5183     12.748     18.490    10.9802 0.0000e+00
     12.964     -0.129     7.3746     67.032    128.930  92.789544    24.3000     0.5432     0.0852     0.0846 4.0361e-01     1.5788     12.713     18.439    10.9806 0.0000e+00
     12.931     -0.128     7.3804     67.034    128.842  92.725726    24.3000     0.5356     0.0852     0.0846 3.9382e-01     1.5486     12.681     18.392    10.9811 0.0000e+00
     12.900     -0.126     7.3858     67.026    128.747  92.657659    24.3000     0.5890     0.0852     0.0846 3.9356e-01     1.5939     12.651     18.348    10.9815 0.0000e+00
     12.871     -0.123     7.3899     67.017    128.600  92.553208    24.3000     0.5623     0.0852     0.0846 3.7937e-01     1.6241     12.622     18.306    10.9818 0.0000e+00
     12.840     -0.120     7.3921     67.010    128.367  92.386517    24.3000     0.5318     0.0852     0.0846 3.9356e-01     1.5939     12.592     18.263    10.9819 0.0000e+00
     12.808     -0.117     7.3924     67.006    128.018  92.135111    24.3000     0.5280     0.0852     0.0846 4.2762e-01     1.6090     12.561     18.218    10.9819 0.0000e+00
     12.776     -0.112     7.3915     67.006    127.472  91.741936    24.3000     0.5242     0.0852     0.0846 4.5455e-01     1.6543     12.529     18.172    10.9820 0.0000e+00
     12.746     -0.107     7.3904     67.014    126.553  91.080172    24.3000     0.5127     0.1704     0.1692 4.4594e-01     1.5486     12.500     18.130    10.9823 0.0000e+00
     12.720     -0.101     7.3896     67.028    124.974  89.943380    24.3000     0.6081     0.1704     0.1692 4.4594e-01     1.7298     12.474     18.092    10.9827 0.0000e+00
     12.697     -0.097     7.3892     67.045    122.319  88.032413    24.3000     0.6157     0.1704     0.1692 4.7722e-01     1.8054     12.452     18.060    10.9828 0.0000e+00
     12.676     -0.094     7.3892     67.060    117.916  84.863650    24.3000     0.6233     0.1704     0.1692 4.6514e-01     1.8658     12.431     18.029    10.9827 0.0000e+00
     12.654     -0.094     7.3901     67.068    110.653  79.636037    24.3000     0.6005     0.1704     0.1692 4.7053e-01     1.8054     12.409     17.998    10.9826 0.0000e+00
     12.631     -0.095     7.3916     67.073     98.627  70.979518    24.3900     0.5280     0.1278     0.1692 4.7053e-01     1.5637     12.386     17.965    10.9826 0.0000e+00
     12.605     -0.097     7.3934     67.084     78.584  56.551726    24.3900     0.5280     0.1278     0.1692 4.9788e-01     1.6241     12.361     17.928    10.9827 0.0000e+00
     12.577     -0.097     7.3950     67.107     45.124  32.465294    24.3900     0.4936     0.1278     0.1692 5.0386e-01     1.5486     12.334     17.889    10.9829 0.0000e+00
     12.551     -0.096     7.3960     67.141    -10.722  -7.736786    24.3900     0.5280     0.1278     0.1692 5.7341e-01     1.6543     12.308     17.851    10.9832 0.0000e+00
     12.527     -0.095     7.3965     67.174   -103.880 -74.797046    24.3000     0.6348     0.1278     0.1692 4.9335e-01     1.6090     12.284     17.817    10.9834 0.0000e+00
     12.505     -0.095     7.3976     67.200   -259.184-186.594226    24.3000     0.6233     0.1278     0.1692 5.5744e-01     1.5939     12.263     17.785    10.9835 0.0000e+00
     12.483     -0.096     7.4002     67.220   -518.027-372.924924    24.3000     0.6233     0.1278     0.1692 5.3026e-01     1.5032     12.241     17.754    10.9835 0.0000e+00
     12.460     -0.097     7.4040     67.239   -679.830-489.399915    24.3000     0.6233     0.1278     0.1692 5.5165e-01     1.6241     12.218     17.721    10.9835 0.0000e+00
     12.434     -0.099     7.4078     67.257   -518.134-372.999786    24.3900     0.4784     0.0852     0.1692 5.5731e-01     1.6241     12.193     17.685    10.9835 0.0000e+00
     12.406     -0.099     7.4107     67.274   -259.360-186.717964    24.3900     0.4593     0.0852     0.1692 6.1416e-01     1.6090     12.166     17.646    10.9837 0.0000e+00
     12.378     -0.098     7.4131     67.296   -104.076 -74.934734    24.3900     0.4593     0.0852     0.1692 6.4117e-01     1.5939     12.138     17.606    10.9840 0.0000e+00
     12.352     -0.096     7.4152     67.326    -10.886  -7.851224    24.3900     0.4860     0.0852     0.1692 6.4564e-01     1.6543     12.113     17.568    10.9843 0.0000e+00
     12.329     -0.094     7.4169     67.355     45.037  32.405521    24.3000     0.5165     0.1278     0.1269 6.5482e-01     1.7147     12.090     17.536    10.9847 0.0000e+00
     12.308     -0.094     7.4186     67.372     78.575  56.548659    24.3000     0.5280     0.1278     0.1269 6.2643e-01     1.6543     12.070     17.506    10.9849 0.0000e+00
     12.287     -0.096     7.4210     67.379     98.685  71.026346    24.3000     0.5089     0.1278     0.1269 6.1711e-01     1.5637     12.049     17.476    10.9849 0.0000e+00
     12.264     -0.102     7.4242     67.384    110.762  79.721276    24.3000     0.5051     0.1278     0.1269 6.2848e-01     1.5939     12.027     17.444    10.9848 0.0000e+00
     12.238     -0.108     7.4273     67.393    118.001  84.934118    24.3000     0.4593     0.1278     0.1269 6.4845e-01     1.2766     12.001     17.407    10.9848 0.0000e+00
     12.208     -0.114     7.4292     67.406    122.317  88.042976    24.3900     0.4708     0.0852     0.1269 7.0213e-01     1.3371     11.971     17.363    10.9850 0.0000e+00
     12.174     -0.117     7.4299     67.427    124.913  89.912838    24.3900     0.4517     0.0852     0.1269 7.2808e-01     1.3975     11.939     17.316    10.9854 0.0000e+00
     12.141     -0.117     7.4303     67.457    126.522  91.072300    24.3900     0.4593     0.0852     0.1269 8.1606e-01     1.3220     11.906     17.269    10.9859 0.0000e+00
     12.110     -0.114     7.4312     67.493    127.527  91.796590    24.3900     0.5356     0.0852     0.1269 8.7483e-01     1.3220     11.876     17.225    10.9865 0.0000e+00
     12.082     -0.110     7.4325     67.527    128.113  92.218920    24.3900     0.5356     0.1278     0.2115 8.0619e-01     1.3069     11.849     17.185    10.9872 0.0000e+00
     12.057     -0.107     7.4347     67.544    128.442  92.455907    24.3900     0.5318     0.1278     0.2115 8.3744e-01     1.3975     11.824     17.149    10.9877 0.0000e+00
     12.033     -0.107     7.4379     67.542    128.648  92.604710    24.3900     0.5165     0.1278     0.2115 8.0182e-01     1.2615     11.800     17.115    10.9881 0.0000e+00
     12.007     -0.108     7.4419     67.528    128.773  92.695021    24.3900     0.4364     0.1278     0.2115 7.9610e-01     1.3673     11.775     17.078    10.9884 0.0000e+00
     11.979     -0.110     7.4456     67.512    128.831  92.736939    24.3900     0.4593     0.1278     0.0846 8.8727e-01     1.3371     11.747     17.039    10.9886 0.0000e+00
     11.949     -0.111     7.4474     67.497    128.847  92.749632    24.3900     0.4326     0.1278     0.0846 9.1786e-01     1.3220     11.718     16.996    10.9887 0.0000e+00
     11.918     -0.110     7.4472     67.488    128.828  92.736486    24.3900     0.4708     0.1278     0.0846 1.0051e+00     1.3522     11.687     16.951    10.9888 0.0000e+00
     11.888     -0.106     7.4457     67.486    128.804  92.719966    24.3900     0.5394     0.1278     0.0846 9.7884e-01     1.6694     11.658     16.909    10.9889 0.0000e+00
     11.861     -0.102     7.4438     67.490    128.811  92.725632    24.3000     0.5280     0.0852     0.1692 9.7863e-01     1.5486     11.632     16.871    10.9892 0.0000e+00
     11.837     -0.098     7.4422     67.495    128.810  92.725030    24.3000     0.5051     0.0852     0.1692 1.0161e+00     1.5486     11.608     16.837    10.9895 0.0000e+00
     11.815     -0.096     7.4411     67.498    128.777  92.702016    24.3000     0.5203     0.0852     0.1692 9.4951e-01     1.6241     11.587     16.805    10.9898 0.0000e+00
     11.793     -0.096     7.4408     67.506    128.760  92.690410    24.3000     0.5013     0.0852     0.1692 9.8546e-01     1.3824     11.565     16.774    10.9900 0.0000e+00
     11.769     -0.097     7.4412     67.520    128.777  92.703097    24.3000     0.4440     0.0852     0.1692 9.9471e-01     1.3522     11.542     16.740    10.9903 0.0000e+00
     11.743     -0.099     7.4417     67.541    128.798  92.719490    24.3900     0.4784     0.1278     0.2538 1.0633e+00     1.4579     11.516     16.703    10.9905 0.0000e+00
     11.715     -0.100     7.4421     67.574    128.806  92.725978    24.3900     0.4555     0.1278     0.2538 1.1369e+00     1.3371     11.489     16.663    10.9907 0.0000e+00
     11.688     -0.100     7.4429     67.619    128.810  92.730286    24.3900     0.4593     0.1278     0.2538 1.1374e+00     1.3673     11.462     16.625    10.9909 0.0000e+00
     11.663     -0.100     7.4444     67.664    128.836  92.749545    24.3900     0.5013     0.1278     0.2538 1.1352e+00     1.6543     11.438     16.589    10.9911 0.0000e+00
     11.640     -0.101     7.4467     67.702    128.856  92.764917    24.3900     0.5051     0.1278     0.2115 1.1514e+00     1.6392     11.415     16.556    10.9914 0.0000e+00
     11.616     -0.103     7.4503     67.734    128.853  92.762522    24.3900     0.5242     0.1278     0.2115 1.1546e+00     1.5335     11.392     16.522    10.9918 0.0000e+00
     11.591     -0.106     7.4551     67.754    128.857  92.765695    24.3900     0.5203     0.1278     0.2115 1.1606e+00     1.5183     11.367     16.486    10.9923 0.0000e+00
     11.563     -0.109     7.4600     67.761    128.867  92.773283    24.3900     0.4898     0.1278     0.2115 1.2262e+00     1.5788     11.340     16.447    10.9926 0.0000e+00
     11.533     -0.110     7.4642     67.760    128.880  92.783315    24.3900     0.4631     0.0852     0.1692 1.2691e+00     1.6392     11.310     16.403    10.9928 0.0000e+00
     11.502     -0.111     7.4677     67.753    128.914  92.808455    24.3900     0.4593     0.0852     0.1692 1.3531e+00     1.5486     11.280     16.359    10.9929 0.0000e+00
     11.472     -0.110     7.4698     67.744    128.959  92.841423    24.3900     0.4479     0.0852     0.1692 1.3502e+00     1.5486     11.251     16.318    10.9930 0.0000e+00
