Data/DataNotYetUploadedToEDI/Raw_CTD/RawDownloads/070925_ccr50_S8188002.cnv
* Sea-Bird SBE19plus  Data File:
* FileName = C:\R\Reservoirs\Data\DataNotYetUploadedToEDI\Raw_CTD\RawDownloads\070725_bvr50_S8188_0002.hex
* Software version 2.8.0.119
* Temperature SN = 8188
* Conductivity SN = 8188
* System UpLoad Time = Jul 09 2025 16:17:37
* <ApplicationData>
* <Seaterm232>
# nquan = 16
# nvalues = 3773                        
# units = specified
# name 0 = depFM: Depth [fresh water, m]
# name 1 = dz/dtM: Descent Rate [m/s]
# name 2 = sbeox0Mg/L: Oxygen, SBE 43 [mg/l]
# name 3 = sbeox0PS: Oxygen, SBE 43 [% saturation]
# name 4 = specc: Specific Conductance [uS/cm]
# name 5 = c0uS/cm: Conductivity [uS/cm]
# name 6 = wetCDOM: Fluorescence, WET Labs CDOM [mg/m^3]
# name 7 = flECO-AFL: Fluorescence, WET Labs ECO-AFL/FL [mg/m^3]
# name 8 = flECO-AFL1: Fluorescence, WET Labs ECO-AFL/FL, 2 [mg/m^3]
# name 9 = flECO-AFL2: Fluorescence, WET Labs ECO-AFL/FL, 3 [mg/m^3]
# name 10 = par/sat/log: PAR/Logarithmic, Satlantic
# name 11 = turbWETntu0: Turbidity, WET Labs ECO [NTU]
# name 12 = prdM: Pressure, Strain Gauge [db]
# name 13 = prdE: Pressure, Strain Gauge [psi]
# name 14 = tv290C: Temperature [ITS-90, deg C]
# name 15 = flag:  0.000e+00
# span 0 =     -0.427,     21.831       
# span 1 =     -0.246,      0.163       
# span 2 =    -0.3874,    10.9052       
# span 3 =     -3.443,    132.249       
# span 4 =   -680.656,    215.899       
# span 5 =-489.567740, 149.184249       
# span 6 =   -11.4300,    50.9400       
# span 7 =    -2.5162,     7.9935       
# span 8 =    -3.1950,     3.1950       
# span 9 =   -12.7323,     1.2267       
# span 10 = 1.1572e-01, 1.7862e+03      
# span 11 =   -10.2042,    39.3297      
# span 12 =     -0.418,     21.409      
# span 13 =     -0.607,     31.051      
# span 14 =     9.5469,    29.5015      
# span 15 = 0.0000e+00, 0.0000e+00      
# interval = seconds: 0.25
# start_time = Jul 09 2025 10:03:30 [Instrument's time stamp, header]
# bad_flag = -9.990e-29
*END*
[from data line 814]
      0.329      0.000     7.4549     97.456    107.332 116.753000    10.7100     0.1503     0.0426     0.2115 2.7082e+02    -0.4757      0.323      0.468    29.3782 0.0000e+00
      0.329      0.000     7.4529     97.426    107.318 116.738445    10.7100     0.1503     0.0426     0.2115 2.7792e+02    -0.3549      0.323      0.469    29.3795 0.0000e+00
      0.329      0.000     7.4505     97.420    107.314 116.734425    10.7100     0.1427     0.0426     0.2115 2.8819e+02    -0.4153      0.323      0.469    29.3806 0.0000e+00
      0.329      0.000     7.4472     97.440    107.321 116.741866    10.7100     0.1656     0.0426     0.1692 2.8806e+02    -0.6872      0.323      0.469    29.3812 0.0000e+00
      0.329      0.000     7.4436     97.474    107.330 116.752755    10.7100     0.1656     0.0426     0.1692 2.9318e+02    -0.6570      0.323      0.469    29.3816 0.0000e+00
      0.329      0.000     7.4413     97.502    107.342 116.767994    10.7100     0.1274     0.0426     0.1692 2.9121e+02    -0.6570      0.323      0.469    29.3819 0.0000e+00
      0.329     -0.001     7.4409     97.520    107.354 116.783648    10.7100     0.1732     0.0426     0.1692 2.9330e+02    -0.6117      0.323      0.469    29.3821 0.0000e+00
      0.329     -0.001     7.4424     97.546    107.358 116.791892    10.7100     0.1541     0.0852     0.0846 2.8719e+02    -0.3549      0.323      0.469    29.3824 0.0000e+00
      0.329     -0.001     7.4449     97.581    107.358 116.794924    10.7100     0.1389     0.0852     0.0846 2.9001e+02    -0.3549      0.323      0.468    29.3830 0.0000e+00
      0.329     -0.002     7.4469     97.616    107.358 116.799553    10.7100     0.1579     0.0852     0.0846 2.9356e+02    -0.4455      0.322      0.468    29.3838 0.0000e+00
      0.328     -0.002     7.4481     97.656    107.364 116.809012    10.7100     0.1503     0.0852     0.0846 3.0520e+02    -0.3700      0.322      0.467    29.3850 0.0000e+00
      0.328     -0.002     7.4499     97.707    107.356 116.803827    10.8000     0.1579     0.0426     0.1269 3.2091e+02    -0.6419      0.322      0.466    29.3865 0.0000e+00
      0.327     -0.003     7.4523     97.755    107.333 116.780613    10.8000     0.1656     0.0426     0.1269 3.3205e+02    -0.6570      0.321      0.465    29.3881 0.0000e+00
      0.326     -0.003     7.4548     97.790    107.311 116.757180    10.8000     0.1122     0.0426     0.1269 3.3707e+02    -0.5814      0.320      0.464    29.3897 0.0000e+00
      0.325     -0.003     7.4577     97.813    107.299 116.745279    10.8000     0.1618     0.0426     0.1269 3.3546e+02    -0.6721      0.319      0.463    29.3914 0.0000e+00
      0.325     -0.003     7.4614     97.827    107.301 116.747736    10.8000     0.1427     0.0426     0.1269 3.4253e+02    -0.6872      0.318      0.462    29.3928 0.0000e+00
      0.324     -0.003     7.4649     97.840    107.310 116.757207    10.7100     0.1503     0.0000     0.0846 3.7266e+02    -0.6419      0.317      0.460    29.3937 0.0000e+00
      0.323     -0.002     7.4675     97.850    107.333 116.782217    10.7100     0.1579     0.0000     0.0846 4.0501e+02    -0.6268      0.317      0.459    29.3942 0.0000e+00
      0.323     -0.002     7.4692     97.857    107.363 116.813435    10.7100     0.1579     0.0000     0.0846 4.3436e+02    -0.6419      0.316      0.458    29.3944 0.0000e+00
      0.322     -0.002     7.4703     97.870    107.370 116.819188    10.7100     0.1541     0.0000     0.0846 4.7093e+02    -0.6419      0.316      0.458    29.3947 0.0000e+00
      0.322     -0.002     7.4713     97.888    107.357 116.803009    10.7100     0.1579     0.0426     0.1269 4.7856e+02    -0.7023      0.316      0.458    29.3948 0.0000e+00
      0.322     -0.002     7.4721     97.891    107.346 116.790583    10.7100     0.1427     0.0426     0.1269 4.1806e+02    -0.7476      0.315      0.457    29.3946 0.0000e+00
      0.321     -0.002     7.4726     97.862    107.336 116.780597    10.7100     0.1503     0.0426     0.1269 4.0343e+02    -0.6872      0.315      0.456    29.3940 0.0000e+00
      0.320     -0.002     7.4737     97.804    107.309 116.752387    10.7100     0.1503     0.0426     0.1269 3.7575e+02    -0.5663      0.314      0.455    29.3932 0.0000e+00
      0.319     -0.003     7.4752     97.730    107.283 116.726431    10.7100     0.1694     0.0426     0.0000 3.8342e+02    -0.7476      0.313      0.454    29.3925 0.0000e+00
      0.319     -0.003     7.4755     97.645    107.277 116.721806    10.7100     0.1503     0.0426     0.0000 3.8035e+02    -0.6721      0.313      0.453    29.3922 0.0000e+00
      0.318     -0.003     7.4733     97.554    107.275 116.721281    10.7100     0.1694     0.0426     0.0000 4.0536e+02    -0.6570      0.312      0.452    29.3923 0.0000e+00
      0.318     -0.003     7.4688     97.471    107.286 116.734714    10.7100     0.1618     0.0426     0.0000 4.5722e+02    -0.2944      0.311      0.452    29.3929 0.0000e+00
      0.317     -0.003     7.4630     97.411    107.321 116.773688    10.7100     0.1503     0.0426     0.1269 4.9874e+02    -0.3700      0.311      0.451    29.3940 0.0000e+00
      0.316     -0.002     7.4564     97.387    107.358 116.812597    10.7100     0.1389     0.0426     0.1269 5.4084e+02    -0.3851      0.310      0.449    29.3950 0.0000e+00
      0.315     -0.002     7.4493     97.398    107.377 116.831817    10.7100     0.1427     0.0426     0.1269 5.4818e+02    -0.3851      0.309      0.448    29.3960 0.0000e+00
      0.314     -0.001     7.4429     97.420    107.380 116.832473    10.7100     0.1732     0.0426     0.1269 5.4308e+02    -0.3246      0.308      0.447    29.3966 0.0000e+00
      0.314     -0.000     7.4383     97.419    107.362 116.810741    10.7100     0.1618     0.0426     0.1269 5.5828e+02    -0.3246      0.308      0.447    29.3968 0.0000e+00
      0.314      0.001     7.4365     97.394    107.335 116.778824    10.7100     0.1541     0.0426     0.1269 5.0102e+02    -0.3549      0.308      0.447    29.3964 0.0000e+00
      0.314      0.003     7.4375     97.368    107.315 116.754210    10.7100     0.1732     0.0426     0.1269 4.9798e+02    -0.3549      0.308      0.447    29.3955 0.0000e+00
      0.315      0.004     7.4393     97.349    107.297 116.732337    10.7100     0.1503     0.0426     0.1269 5.0881e+02    -0.4908      0.309      0.449    29.3943 0.0000e+00
      0.317      0.005     7.4393     97.342    107.291 116.723370    10.7100     0.1465     0.0426     0.1269 5.4497e+02    -0.4002      0.311      0.450    29.3930 0.0000e+00
      0.318      0.006     7.4376     97.356    107.312 116.744917    10.8000     0.1656     0.0426     0.1692 6.1216e+02    -0.4455      0.312      0.453    29.3918 0.0000e+00
      0.320      0.006     7.4357     97.395    107.341 116.774726    10.8000     0.1541     0.0426     0.1692 6.1269e+02    -0.4606      0.314      0.455    29.3906 0.0000e+00
      0.322      0.005     7.4344     97.448    107.352 116.784745    10.8000     0.1656     0.0426     0.1692 6.1176e+02    -0.3246      0.316      0.458    29.3896 0.0000e+00
      0.323      0.004     7.4340     97.504    107.357 116.789647    10.8000     0.1808     0.0426     0.1692 5.7828e+02    -0.3246      0.317      0.460    29.3886 0.0000e+00
      0.324      0.003     7.4352     97.562    107.360 116.792738    10.7100     0.1427     0.0000     0.0846 5.7866e+02    -0.3851      0.318      0.462    29.3878 0.0000e+00
      0.325      0.002     7.4383     97.625    107.347 116.778843    10.7100     0.1618     0.0000     0.0846 5.6474e+02    -0.3700      0.319      0.462    29.3870 0.0000e+00
      0.325      0.001     7.4424     97.684    107.338 116.770255    10.7100     0.1618     0.0000     0.0846 5.8206e+02    -0.4002      0.319      0.462    29.3863 0.0000e+00
      0.325      0.000     7.4467     97.719    107.346 116.780685    10.7100     0.1351     0.0000     0.0846 6.2956e+02    -0.4002      0.319      0.462    29.3858 0.0000e+00
      0.325      0.000     7.4512     97.720    107.356 116.792915    10.7100     0.1503     0.0000     0.0846 6.6370e+02    -0.3549      0.319      0.462    29.3857 0.0000e+00
      0.325     -0.001     7.4560     97.696    107.358 116.796206    10.7100     0.1427     0.0000     0.0846 6.9877e+02    -0.3397      0.319      0.462    29.3861 0.0000e+00
      0.325     -0.001     7.4604     97.666    107.354 116.791436    10.7100     0.1465     0.0000     0.0846 7.6190e+02    -0.5512      0.319      0.462    29.3867 0.0000e+00
      0.324     -0.002     7.4630     97.651    107.356 116.793333    10.7100     0.1694     0.0000     0.0846 8.0846e+02    -0.6268      0.318      0.461    29.3874 0.0000e+00
      0.323     -0.002     7.4630     97.656    107.368 116.806402    10.7100     0.1465     0.0000     0.0846 8.3597e+02    -0.5966      0.317      0.460    29.3880 0.0000e+00
      0.323     -0.003     7.4611     97.669    107.375 116.814129    10.7100     0.1579     0.0426     0.0846 8.3743e+02    -0.6872      0.317      0.459    29.3884 0.0000e+00
      0.322     -0.003     7.4588     97.683    107.372 116.810575    10.7100     0.1541     0.0426     0.0846 8.2175e+02    -0.6117      0.316      0.458    29.3885 0.0000e+00
      0.322     -0.003     7.4577     97.713    107.369 116.806791    10.7100     0.1465     0.0426     0.0846 8.2103e+02    -0.6570      0.315      0.458    29.3885 0.0000e+00
      0.321     -0.004     7.4581     97.758    107.371 116.809768    10.7100     0.1541     0.0426     0.0846 7.6555e+02    -0.6117      0.315      0.456    29.3883 0.0000e+00
      0.320     -0.004     7.4591     97.795    107.370 116.808301    10.6200     0.1503     0.0000     0.0000 7.5448e+02    -0.6419      0.314      0.455    29.3882 0.0000e+00
      0.319     -0.004     7.4602     97.802    107.357 116.793998    10.6200     0.1389     0.0000     0.0000 7.1973e+02    -0.7174      0.313      0.454    29.3881 0.0000e+00
      0.318     -0.004     7.4625     97.775    107.343 116.779045    10.6200     0.1503     0.0000     0.0000 7.6521e+02    -0.6268      0.311      0.452    29.3881 0.0000e+00
      0.316     -0.004     7.4659     97.726    107.338 116.773454    10.6200     0.1427     0.0000     0.0000 8.4035e+02    -0.6721      0.310      0.450    29.3881 0.0000e+00
      0.315     -0.004     7.4687     97.673    107.347 116.781734    10.7100     0.1732     0.0000     0.0846 8.9016e+02    -0.6872      0.309      0.448    29.3882 0.0000e+00
      0.315     -0.004     7.4692     97.622    107.365 116.800093    10.7100     0.1656     0.0000     0.0846 9.5800e+02    -0.6268      0.308      0.447    29.3883 0.0000e+00
      0.314     -0.005     7.4671     97.572    107.383 116.819428    10.7100     0.1846     0.0000     0.0846 9.4292e+02    -0.6721      0.308      0.447    29.3882 0.0000e+00
      0.314     -0.007     7.4634     97.534    107.402 116.840893    10.7100     0.1389     0.0000     0.0846 8.9734e+02    -0.6872      0.308      0.446    29.3879 0.0000e+00
      0.312     -0.010     7.4594     97.517    107.417 116.858215    10.7100     0.1618     0.0000     0.0846 9.1646e+02    -0.5512      0.306      0.444    29.3875 0.0000e+00
      0.309     -0.013     7.4556     97.520    107.428 116.872011    10.7100     0.1351     0.0426     0.2115 9.3842e+02    -0.4304      0.303      0.440    29.3871 0.0000e+00
      0.305     -0.016     7.4518     97.537    107.436 116.881960    10.7100     0.1808     0.0426     0.2115 9.4682e+02    -0.3700      0.299      0.434    29.3870 0.0000e+00
      0.300     -0.020     7.4488     97.560    107.424 116.870717    10.7100     0.1732     0.0426     0.2115 9.3091e+02    -0.3246      0.294      0.427    29.3873 0.0000e+00
      0.295     -0.024     7.4475     97.582    107.410 116.857283    10.7100     0.1427     0.0426     0.2115 9.4867e+02    -0.4304      0.289      0.419    29.3877 0.0000e+00
      0.289     -0.028     7.4477     97.605    107.406 116.856075    10.7100     0.1503     0.0426     0.1269 1.0232e+03    -0.6117      0.283      0.410    29.3883 0.0000e+00
      0.281     -0.032     7.4489     97.644    107.397 116.848771    10.7100     0.1579     0.0426     0.1269 1.0763e+03    -0.6268      0.275      0.400    29.3888 0.0000e+00
      0.272     -0.035     7.4506     97.709    107.389 116.843424    10.7100     0.1503     0.0426     0.1269 1.1538e+03    -0.6721      0.266      0.387    29.3896 0.0000e+00
      0.262     -0.038     7.4521     97.788    107.389 116.846609    10.7100     0.1923     0.0426     0.1269 1.3344e+03    -0.6419      0.257      0.373    29.3906 0.0000e+00
      0.251     -0.041     7.4537     97.854    107.395 116.855174    10.7100     0.1618     0.0426     0.0423 1.1601e+03    -0.4908      0.246      0.358    29.3920 0.0000e+00
      0.241     -0.043     7.4565     97.891    107.404 116.867404    10.7100     0.1541     0.0426     0.0423 1.1728e+03    -0.5361      0.236      0.342    29.3934 0.0000e+00
      0.230     -0.045     7.4613     97.899    107.397 116.862561    10.7100     0.1541     0.0426     0.0423 1.2043e+03    -0.3549      0.225      0.326    29.3948 0.0000e+00
      0.218     -0.046     7.4671     97.883    107.374 116.839353    10.7100     0.1503     0.0426     0.0423 1.1118e+03    -0.4002      0.213      0.309    29.3961 0.0000e+00
      0.205     -0.047     7.4720     97.840    107.351 116.815592    10.7100     0.1503     0.0426     0.1692 8.6932e+02    -0.3397      0.201      0.292    29.3973 0.0000e+00
      0.193     -0.048     7.4747     97.783    107.335 116.798942    10.7100     0.1389     0.0426     0.1692 9.9859e+02    -0.4606      0.189      0.274    29.3986 0.0000e+00
      0.180     -0.048     7.4752     97.744    107.334 116.798961    10.7100     0.1732     0.0426     0.1692 1.4156e+03    -0.4455      0.177      0.257    29.3997 0.0000e+00
      0.168     -0.048     7.4738     97.747    107.352 116.821654    10.7100     0.1694     0.0426     0.1692 1.1890e+03    -0.3549      0.165      0.239    29.4006 0.0000e+00
      0.156     -0.048     7.4704     97.771    107.378 116.855074    10.7100     0.1541     0.0426     0.1692 1.2765e+03    -0.7023      0.153      0.222    29.4011 0.0000e+00
      0.144     -0.047     7.4660     97.772    107.393 116.880134    10.7100     0.1503     0.0000     0.0846 1.3446e+03    -0.6268      0.141      0.205    29.4015 0.0000e+00
      0.131     -0.045     7.4630     97.731    107.402 116.899516    10.7100     0.1694     0.0000     0.0846 1.5302e+03    -0.6570      0.129      0.187    29.4021 0.0000e+00
      0.119     -0.042     7.4630     97.679    107.415 116.922390    10.7100     0.1236     0.0000     0.0846 1.4740e+03    -0.6419      0.117      0.170    29.4034 0.0000e+00
      0.108     -0.039     7.4646     97.655    107.421 116.934857    10.7100     0.1541     0.0000     0.0846 1.5130e+03    -0.6570      0.106      0.154    29.4059 0.0000e+00
      0.098     -0.035     7.4642     97.662    107.409 116.924241    10.7100     0.1694     0.0426     0.1269 1.5100e+03    -0.4455      0.097      0.140    29.4098 0.0000e+00
      0.090     -0.030     7.4604     97.683    107.386 116.899712    10.7100     0.1541     0.0426     0.1269 1.5090e+03    -0.4304      0.089      0.129    29.4143 0.0000e+00
      0.084     -0.025     7.4559     97.706    107.369 116.878729    10.7100     0.1618     0.0426     0.1269 1.5012e+03    -0.4908      0.083      0.119    29.4183 0.0000e+00
      0.078     -0.021     7.4538     97.732    107.363 116.867696    10.7100     0.1656     0.0426     0.1269 1.5054e+03    -0.3851      0.077      0.111    29.4211 0.0000e+00
      0.073     -0.017     7.4542     97.764    107.350 116.847670    10.8000     0.1618     0.0000     0.0423 1.4731e+03    -0.4002      0.072      0.105    29.4224 0.0000e+00
