Data/DataNotYetUploadedToEDI/Raw_CTD/RawDownloads/071023_bvr50_S8188002.cnv
* Sea-Bird SBE19plus  Data File:
* FileName = C:\R\Reservoirs\Data\DataNotYetUploadedToEDI\Raw_CTD\RawDownloads\073123_fcr50_S8188_0002.hex
* Software version 2.8.0.119
* Temperature SN = 8188
* Conductivity SN = 8188
* System UpLoad Time = Aug 02 2023 16:14:28
* <ApplicationData>
* <Seaterm232>
# nquan = 16
# nvalues = 1072                        
# units = specified
# name 0 = depFM: Depth [fresh water, m]
# name 1 = dz/dtM: Descent Rate [m/s]
# name 2 = sbeox0Mg/L: Oxygen, SBE 43 [mg/l]
# name 3 = sbeox0PS: Oxygen, SBE 43 [% saturation]
# name 4 = specc: Specific Conductance [uS/cm]
# name 5 = c0uS/cm: Conductivity [uS/cm]
# name 6 = wetCDOM: Fluorescence, WET Labs CDOM [mg/m^3]
# name 7 = flECO-AFL: Fluorescence, WET Labs ECO-AFL/FL [mg/m^3]
# name 8 = flECO-AFL1: Fluorescence, WET Labs ECO-AFL/FL, 2 [mg/m^3]
# name 9 = flECO-AFL2: Fluorescence, WET Labs ECO-AFL/FL, 3 [mg/m^3]
# name 10 = par/sat/log: PAR/Logarithmic, Satlantic
# name 11 = turbWETntu0: Turbidity, WET Labs ECO [NTU]
# name 12 = prdM: Pressure, Strain Gauge [db]
# name 13 = prdE: Pressure, Strain Gauge [psi]
# name 14 = tv290C: Temperature [ITS-90, deg C]
# name 15 = flag:  0.000e+00
# span 0 =     -0.775,      8.358       
# span 1 =     -0.248,      0.159       
# span 2 =    -1.2333,     9.9026       
# span 3 =    -11.346,    114.037       
# span 4 =      1.127,    108.632       
# span 5 =   1.156742,  74.405702       
# span 6 =    -4.5000,    10.4400       
# span 7 =    -2.6828,   245.2610       
# span 8 =    -7.8810,     2.0022       
# span 9 =    -2.0304,    21.1923       
# span 10 = 1.1590e-01, 2.2406e+03      
# span 11 =   -10.5387,   966.6006      
# span 12 =     -0.760,      8.196      
# span 13 =     -1.101,     11.887      
# span 14 =     9.2423,    26.3519      
# span 15 = 0.0000e+00, 0.0000e+00      
# interval = seconds: 0.25
# start_time = Jul 10 2023 10:58:57 [Instrument's time stamp, header]
# bad_flag = -9.990e-29
*END*
[from data line 91]
     -0.182      0.007     5.5689     67.290     29.334  30.065129     2.0700     0.4720     0.0852     0.0846 3.3942e+02     0.2981     -0.178     -0.259    26.2416 0.0000e+00
     -0.181      0.005     5.5508     66.499     29.324  30.054465     2.0700     0.4148     0.0852     0.0846 4.0080e+02     0.3281     -0.177     -0.256    26.2414 0.0000e+00
     -0.180      0.003     5.5247     65.601     29.318  30.048518     1.9800     0.4300     0.0000     0.1692 4.6261e+02     0.2379     -0.176     -0.255    26.2410 0.0000e+00
     -0.179      0.000     5.4866     64.652     29.320  30.049660     1.9800     0.4300     0.0000     0.1692 3.3721e+02     0.3281     -0.176     -0.255    26.2406 0.0000e+00
     -0.180     -0.002     5.4351     63.701     29.321  30.050279     1.9800     0.4415     0.0000     0.1692 6.0964e+02     0.2229     -0.176     -0.255    26.2401 0.0000e+00
     -0.181     -0.004     5.3713     62.791     29.321  30.050537     1.9800     0.4148     0.0000     0.1692 3.6888e+02     0.2680     -0.177     -0.256    26.2396 0.0000e+00
     -0.182     -0.005     5.2988     61.947     29.321  30.050505     1.5300     0.4605     0.0426     0.1269 3.4485e+02     0.2379     -0.178     -0.258    26.2392 0.0000e+00
     -0.183     -0.007     5.2222     61.177     29.317  30.046213     1.5300     0.4148     0.0426     0.1269 5.1314e+02     0.2379     -0.179     -0.260    26.2387 0.0000e+00
     -0.185     -0.008     5.1454     60.476     29.312  30.040477     1.5300     0.4567     0.0426     0.1269 3.9032e+02     0.2680     -0.181     -0.263    26.2383 0.0000e+00
     -0.187     -0.009     5.0719     59.832     29.308  30.035728     1.5300     0.4300     0.0426     0.1269 3.6872e+02     0.2680     -0.183     -0.266    26.2378 0.0000e+00
     -0.190     -0.010     5.0038     59.236     29.303  30.030700     2.0700     0.4300     0.0000     0.1692 4.1761e+02     0.2379     -0.186     -0.270    26.2374 0.0000e+00
     -0.193     -0.011     4.9417     58.684     29.301  30.028010     2.0700     0.4491     0.0000     0.1692 3.8185e+02     0.2530     -0.189     -0.274    26.2371 0.0000e+00
     -0.196     -0.011     4.8851     58.171     29.304  30.030901     2.0700     0.4300     0.0000     0.1692 4.0089e+02     0.2379     -0.192     -0.278    26.2367 0.0000e+00
     -0.199     -0.011     4.8331     57.688     29.309  30.036185     2.0700     0.4300     0.0000     0.1692 4.5722e+02     0.2981     -0.195     -0.282    26.2362 0.0000e+00
     -0.202     -0.011     4.7850     57.234     29.315  30.041311     2.0700     0.4262     0.0000     0.1692 4.7877e+02     0.1929     -0.198     -0.286    26.2357 0.0000e+00
     -0.204     -0.011     4.7405     56.805     29.321  30.047646     2.1600     0.4529     0.0426     0.1692 4.9765e+02     0.2680     -0.200     -0.290    26.2351 0.0000e+00
     -0.207     -0.010     4.6991     56.398     29.327  30.052918     2.1600     0.4453     0.0426     0.1692 4.9485e+02     0.2530     -0.203     -0.294    26.2345 0.0000e+00
     -0.209     -0.010     4.6601     56.006     29.329  30.054574     2.1600     0.3995     0.0426     0.1692 4.9281e+02     0.2680     -0.205     -0.298    26.2339 0.0000e+00
     -0.212     -0.009     4.6234     55.627     29.327  30.053056     2.1600     0.4567     0.0426     0.1692 5.0825e+02     0.2981     -0.208     -0.301    26.2332 0.0000e+00
     -0.214     -0.008     4.5889     55.262     29.323  30.047958     2.3400     0.4300     0.0852     0.1269 5.2316e+02     0.2379     -0.210     -0.305    26.2325 0.0000e+00
     -0.217     -0.006     4.5560     54.919     29.317  30.041882     2.3400     0.3613     0.0852     0.1269 5.3943e+02     0.2379     -0.212     -0.308    26.2319 0.0000e+00
     -0.218     -0.004     4.5244     54.606     29.312  30.037167     2.3400     0.3499     0.0852     0.1269 5.5393e+02     0.3281     -0.214     -0.310    26.2313 0.0000e+00
     -0.220     -0.002     4.4938     54.322     29.308  30.032555     2.3400     0.3652     0.0852     0.1269 5.7005e+02     0.3882     -0.215     -0.312    26.2308 0.0000e+00
     -0.220      0.001     4.4645     54.062     29.302  30.026817     2.0700     0.3804     0.0000     0.2115 5.4545e+02     0.2680     -0.215     -0.312    26.2304 0.0000e+00
     -0.219      0.004     4.4368     53.820     29.298  30.022382     2.0700     0.4376     0.0000     0.2115 5.2738e+02     0.3582     -0.215     -0.311    26.2301 0.0000e+00
     -0.217      0.007     4.4115     53.594     29.298  30.022028     2.0700     0.4300     0.0000     0.2115 5.2795e+02     0.2379     -0.213     -0.309    26.2299 0.0000e+00
     -0.215      0.009     4.3886     53.388     29.298  30.021700     2.0700     0.4415     0.0000     0.2115 5.0047e+02     0.1929     -0.211     -0.306    26.2298 0.0000e+00
     -0.212      0.010     4.3676     53.212     29.297  30.021311     2.0700     0.4453     0.0000     0.1692 4.4768e+02     0.2830     -0.208     -0.301    26.2297 0.0000e+00
     -0.208      0.010     4.3480     53.077     29.301  30.024717     2.0700     0.4872     0.0000     0.1692 4.0203e+02     0.1929     -0.204     -0.297    26.2296 0.0000e+00
     -0.205      0.009     4.3297     52.997     29.305  30.028867     2.0700     0.5139     0.0000     0.1692 3.6680e+02     0.1628     -0.201     -0.292    26.2296 0.0000e+00
     -0.203      0.007     4.3130     52.983     29.307  30.030906     2.0700     0.5063     0.0000     0.1692 3.9863e+02     0.2680     -0.199     -0.288    26.2296 0.0000e+00
     -0.201      0.005     4.2989     53.037     29.308  30.031380     2.0700     0.5139     0.0000     0.1692 4.0037e+02     0.1628     -0.197     -0.286    26.2293 0.0000e+00
     -0.200      0.003     4.2881     53.147     29.308  30.030413     2.0700     0.3575     0.0426     0.1269 3.6268e+02     0.2981     -0.196     -0.285    26.2289 0.0000e+00
     -0.200      0.002     4.2816     53.292     29.306  30.027749     2.0700     0.3804     0.0426     0.1269 3.8998e+02     0.2079     -0.196     -0.285    26.2284 0.0000e+00
     -0.200      0.000     4.2805     53.448     29.301  30.022677     2.0700     0.3728     0.0426     0.1269 3.7690e+02     0.2981     -0.196     -0.285    26.2277 0.0000e+00
     -0.200      0.000     4.2849     53.586     29.297  30.017804     2.0700     0.3804     0.0426     0.1269 3.7081e+02     0.1929     -0.196     -0.285    26.2271 0.0000e+00
     -0.200     -0.001     4.2939     53.688     29.295  30.015791     2.0700     0.3957    -0.0426     0.4230 3.7986e+02     0.1628     -0.197     -0.285    26.2264 0.0000e+00
     -0.201     -0.001     4.3056     53.760     29.296  30.016101     2.0700     0.3575    -0.0426     0.4230 4.0159e+02     0.2379     -0.197     -0.285    26.2257 0.0000e+00
     -0.201     -0.002     4.3183     53.821     29.295  30.014856     2.0700     0.3652    -0.0426     0.4230 4.5662e+02     0.2680     -0.197     -0.286    26.2249 0.0000e+00
     -0.201     -0.003     4.3295     53.885     29.289  30.007765     2.0700     0.3842    -0.0426     0.4230 3.7723e+02     0.1929     -0.197     -0.286    26.2241 0.0000e+00
     -0.202     -0.004     4.3378     53.964     29.283  30.000857     2.0700     0.4033     0.0426     0.1692 4.0011e+02     0.2530     -0.198     -0.287    26.2233 0.0000e+00
     -0.203     -0.004     4.3437     54.058     29.279  29.996248     2.0700     0.3575     0.0426     0.1692 4.4487e+02     0.2680     -0.199     -0.289    26.2224 0.0000e+00
     -0.205     -0.004     4.3487     54.160     29.272  29.988751     2.0700     0.3575     0.0426     0.1692 3.9475e+02     0.3131     -0.201     -0.291    26.2216 0.0000e+00
     -0.206     -0.004     4.3539     54.257     29.264  29.980326     2.0700     0.3575     0.0426     0.1692 3.8736e+02     0.2229     -0.202     -0.293    26.2207 0.0000e+00
     -0.208     -0.004     4.3603     54.337     29.257  29.972686     2.3400     0.4415     0.0852     0.2115 3.8185e+02     0.1628     -0.204     -0.295    26.2198 0.0000e+00
     -0.208     -0.003     4.3680     54.391     29.253  29.967753     2.3400     0.4148     0.0852     0.2115 3.7518e+02     0.2379     -0.204     -0.296    26.2189 0.0000e+00
     -0.209     -0.002     4.3763     54.420     29.254  29.968172     2.3400     0.4224     0.0852     0.2115 3.7445e+02     0.3131     -0.205     -0.297    26.2179 0.0000e+00
     -0.209     -0.001     4.3843     54.432     29.257  29.970094     2.3400     0.4453     0.0852     0.2115 3.7510e+02     0.2379     -0.205     -0.297    26.2169 0.0000e+00
     -0.209     -0.000     4.3908     54.435     29.261  29.974032     2.3400     0.5101     0.0852     0.2115 3.7445e+02     0.0125     -0.205     -0.297    26.2159 0.0000e+00
     -0.208      0.000     4.3952     54.444     29.268  29.981037     2.0700     0.4949     0.0426     0.3384 3.7412e+02    -0.0627     -0.204     -0.297    26.2149 0.0000e+00
     -0.208      0.001     4.3976     54.471     29.273  29.985055     2.0700     0.4949     0.0426     0.3384 3.7526e+02    -0.0927     -0.204     -0.297    26.2139 0.0000e+00
     -0.208      0.000     4.3987     54.528     29.275  29.987160     2.0700     0.4872     0.0426     0.3384 3.7535e+02     0.0125     -0.204     -0.296    26.2130 0.0000e+00
     -0.208     -0.000     4.3990     54.617     29.276  29.987913     2.0700     0.5445     0.0426     0.3384 3.7608e+02     0.2379     -0.204     -0.296    26.2121 0.0000e+00
     -0.208     -0.001     4.3998     54.741     29.276  29.987513     2.0700     0.5445     0.0426     0.0846 4.0316e+02     0.1478     -0.204     -0.296    26.2112 0.0000e+00
     -0.208     -0.002     4.4021     54.896     29.282  29.993775     2.0700     0.5788     0.0426     0.0846 3.9959e+02     0.1929     -0.204     -0.296    26.2105 0.0000e+00
     -0.209     -0.003     4.4067     55.068     29.293  30.004408     2.0700     0.5521     0.0426     0.0846 3.9837e+02     0.1327     -0.205     -0.297    26.2097 0.0000e+00
     -0.210     -0.003     4.4139     55.239     29.299  30.010368     2.0700     0.5025     0.0426     0.0846 3.7739e+02     0.2830     -0.206     -0.299    26.2091 0.0000e+00
     -0.211     -0.004     4.4240     55.400     29.298  30.009285     2.0700     0.4911     0.0000     0.2538 3.9210e+02     0.2981     -0.207     -0.300    26.2086 0.0000e+00
     -0.212     -0.003     4.4366     55.550     29.290  30.000870     2.0700     0.5101     0.0000     0.2538 4.0863e+02     0.1628     -0.208     -0.302    26.2082 0.0000e+00
     -0.213     -0.003     4.4505     55.691     29.276  29.986838     2.0700     0.5216     0.0000     0.2538 4.1924e+02     0.2530     -0.209     -0.304    26.2078 0.0000e+00
     -0.214     -0.001     4.4643     55.828     29.265  29.975327     2.0700     0.4758     0.0000     0.2538 4.3663e+02     0.0876     -0.210     -0.305    26.2075 0.0000e+00
     -0.215      0.001     4.4774     55.979     29.261  29.971188     2.0700     0.4224     0.0000     0.2538 4.6001e+02    -0.0176     -0.211     -0.305    26.2072 0.0000e+00
     -0.214      0.003     4.4896     56.192     29.260  29.969356     2.1600     0.4567     0.0000     0.2538 4.6594e+02     0.0426     -0.210     -0.305    26.2071 0.0000e+00
     -0.213      0.006     4.5009     56.562     29.259  29.969344     2.1600     0.4300     0.0000     0.2538 4.3901e+02    -0.0326     -0.209     -0.304    26.2070 0.0000e+00
     -0.212      0.008     4.5120     57.266     29.268  29.979068     2.1600     0.4262     0.0000     0.2538 4.4865e+02     0.0426     -0.208     -0.301    26.2069 0.0000e+00
     -0.209      0.011     4.5242     58.599     29.292  30.005079     2.1600     0.4987     0.0000     0.2538 4.3806e+02     0.2830     -0.205     -0.297    26.2069 0.0000e+00
     -0.206      0.013     4.5414     61.044     29.327  30.042436     2.0700     0.4949     0.0852     0.0846 4.5603e+02     0.2079     -0.202     -0.293    26.2071 0.0000e+00
     -0.202      0.014     4.5712     65.179     29.354  30.073382     2.0700     0.4872     0.0852     0.0846 4.2438e+02     0.2680     -0.198     -0.287    26.2075 0.0000e+00
     -0.198      0.016     4.6280     71.226     29.367  30.090329     2.0700     0.5139     0.0852     0.0846 4.0063e+02     0.2229     -0.194     -0.281    26.2085 0.0000e+00
     -0.194      0.017     4.7355     78.712     29.375  30.101755     2.0700     0.5025     0.0852     0.0846 3.6355e+02     0.1778     -0.190     -0.275    26.2104 0.0000e+00
     -0.189      0.018     4.9328     86.715     29.381  30.110709     1.8900     0.4987     0.1278     0.2115 3.4417e+02     0.3131     -0.186     -0.269    26.2138 0.0000e+00
     -0.185      0.019     5.2664     94.281     29.383  30.115619     1.8900     0.4872     0.1278     0.2115 3.4899e+02     0.2981     -0.181     -0.263    26.2188 0.0000e+00
     -0.180      0.022     5.7543    100.610     29.388  30.121754     1.8900     0.4911     0.1278     0.2115 3.9236e+02     0.2981     -0.177     -0.256    26.2248 0.0000e+00
     -0.175      0.025     6.3584    105.142     29.391  30.126790     1.8900     0.4415     0.1278     0.2115 3.9561e+02     0.2680     -0.172     -0.249    26.2306 0.0000e+00
     -0.169      0.030     7.0044    107.604     29.392  30.128110     1.9800     0.4224     0.0000     0.1692 4.1752e+02     0.2530     -0.166     -0.241    26.2356 0.0000e+00
     -0.161      0.037     7.6150    108.070     29.397  30.133986     1.9800     0.4376     0.0000     0.1692 4.3004e+02     0.1327     -0.158     -0.229    26.2396 0.0000e+00
     -0.151      0.044     8.1259    106.976     29.401  30.138065     1.9800     0.4186     0.0000     0.1692 3.0283e+02     0.2379     -0.148     -0.215    26.2426 0.0000e+00
     -0.139      0.051     8.4917    104.975     29.396  30.133515     1.9800     0.4758     0.0000     0.1692 3.3263e+02     0.1778     -0.136     -0.197    26.2447 0.0000e+00
     -0.125      0.058     8.6904    102.649     29.393  30.131002     1.9800     0.4300     0.0000     0.1692 3.1143e+02     0.1628     -0.122     -0.177    26.2460 0.0000e+00
     -0.109      0.064     8.7278    100.371     29.400  30.137776     2.0700     0.4453     0.0852     0.2538 4.6940e+02     0.2079     -0.106     -0.154    26.2469 0.0000e+00
     -0.091      0.069     8.6394     98.350     29.409  30.147723     2.0700     0.4300     0.0852     0.2538 5.6622e+02     0.2079     -0.089     -0.129    26.2475 0.0000e+00
     -0.071      0.072     8.4778     96.667     29.413  30.151616     2.0700     0.3804     0.0852     0.2538 5.7153e+02    -0.0326     -0.070     -0.101    26.2480 0.0000e+00
     -0.051      0.074     8.2899     95.314     29.412  30.150495     2.0700     0.3728     0.0852     0.2538 3.5868e+02     0.0125     -0.050     -0.073    26.2483 0.0000e+00
     -0.031      0.073     8.1059     94.251     29.410  30.148018     1.9800     0.3537     0.0426     0.2538 6.7446e+02     0.0576     -0.031     -0.045    26.2486 0.0000e+00
     -0.012      0.071     7.9427     93.429     29.409  30.147487     1.9800     0.3690     0.0426     0.2538 5.3943e+02     0.0125     -0.012     -0.018    26.2488 0.0000e+00
      0.005      0.069     7.8067     92.814     29.408  30.146780     1.9800     0.3613     0.0426     0.2538 1.0194e+03     0.2830      0.005      0.008    26.2489 0.0000e+00
      0.022      0.067     7.6975     92.382     29.402  30.139767     1.9800     0.3804     0.0426     0.2538 1.4508e+03     0.2530      0.022      0.032    26.2489 0.0000e+00
      0.038      0.066     7.6116     92.098     29.396  30.134478     2.1600     0.3652     0.0426    -0.0846 8.2604e+02     0.3281      0.037      0.055    26.2490 0.0000e+00
      0.054      0.067     7.5452     91.917     29.397  30.135443     2.1600     0.3842     0.0426    -0.0846 6.1256e+02     0.1929      0.053      0.077    26.2490 0.0000e+00
