Data/DataNotYetUploadedToEDI/Raw_CTD/RawDownloads/071023_fcr50_S8188003.cnv
* Sea-Bird SBE19plus  Data File:
* FileName = C:\R\Reservoirs\Data\DataNotYetUploadedToEDI\Raw_CTD\RawDownloads\073123_fcr50_S8188_0003.hex
* Software version 2.8.0.119
* Temperature SN = 8188
* Conductivity SN = 8188
* System UpLoad Time = Aug 02 2023 16:14:58
* <ApplicationData>
* <Seaterm232>
# nquan = 16
# nvalues = 2024                        
# units = specified
# name 0 = depFM: Depth [fresh water, m]
# name 1 = dz/dtM: Descent Rate [m/s]
# name 2 = sbeox0Mg/L: Oxygen, SBE 43 [mg/l]
# name 3 = sbeox0PS: Oxygen, SBE 43 [% saturation]
# name 4 = specc: Specific Conductance [uS/cm]
# name 5 = c0uS/cm: Conductivity [uS/cm]
# name 6 = wetCDOM: Fluorescence, WET Labs CDOM [mg/m^3]
# name 7 = flECO-AFL: Fluorescence, WET Labs ECO-AFL/FL [mg/m^3]
# name 8 = flECO-AFL1: Fluorescence, WET Labs ECO-AFL/FL, 2 [mg/m^3]
# name 9 = flECO-AFL2: Fluorescence, WET Labs ECO-AFL/FL, 3 [mg/m^3]
# name 10 = par/sat/log: PAR/Logarithmic, Satlantic
# name 11 = turbWETntu0: Turbidity, WET Labs ECO [NTU]
# name 12 = prdM: Pressure, Strain Gauge [db]
# name 13 = prdE: Pressure, Strain Gauge [psi]
# name 14 = tv290C: Temperature [ITS-90, deg C]
# name 15 = flag:  0.000e+00
# span 0 =     -0.693,      9.122       
# span 1 =     -0.361,      0.288       
# span 2 =    -0.4448,     8.6605       
# span 3 =     -4.358,     93.398       
# span 4 =     -0.193,     58.118       
# span 5 =  -0.186325,  44.973554       
# span 6 =   -13.6800,     8.4600       
# span 7 =    -1.0768,   245.2458       
# span 8 =    -3.0672,     2.2578       
# span 9 =    -3.5955,     9.0945       
# span 10 = 1.1585e-01, 2.7501e+03      
# span 11 =    -7.3974,    97.2875      
# span 12 =     -0.680,      8.946      
# span 13 =     -0.986,     12.975      
# span 14 =    10.8413,    27.2540      
# span 15 = 0.0000e+00, 0.0000e+00      
# interval = seconds: 0.25
# start_time = Jul 10 2023 12:54:42 [Instrument's time stamp, header]
# bad_flag = -9.990e-29
*END*
[from data line 995]
      3.656      0.012     0.1062      0.972     53.887  40.188727     3.9600     0.1058     0.1278     0.1692 2.0765e+00     7.1217      3.585      5.200    12.2533 0.0000e+00
      3.659      0.010     0.1054      0.980     54.159  40.414090     3.9600     0.1134     0.1278     0.1692 2.0363e+00     7.1518      3.588      5.204    12.2422 0.0000e+00
      3.661      0.009     0.1044      0.994     54.368  40.588057     3.8700     0.0981     0.1278     0.1269 2.0626e+00     7.1518      3.590      5.207    12.2492 0.0000e+00
      3.663      0.008     0.1039      1.008     54.500  40.697586     3.8700     0.1134     0.1278     0.1269 2.0452e+00     7.3773      3.592      5.210    12.2661 0.0000e+00
      3.665      0.008     0.1040      1.019     54.545  40.734247     3.8700     0.1401     0.1278     0.1269 2.0874e+00     7.4073      3.594      5.213    12.2864 0.0000e+00
      3.667      0.007     0.1049      1.034     54.497  40.691965     3.8700     0.1363     0.1278     0.1269 2.0707e+00     7.2720      3.595      5.215    12.3067 0.0000e+00
      3.668      0.007     0.1064      1.051     54.382  40.589184     3.8700     0.1134     0.1704     0.0846 2.0541e+00     7.2871      3.597      5.218    12.3234 0.0000e+00
      3.670      0.007     0.1078      1.067     54.256  40.469811     3.8700     0.1019     0.1704     0.0846 2.0702e+00     7.3773      3.599      5.220    12.3334 0.0000e+00
      3.672      0.008     0.1090      1.080     54.158  40.367389     3.8700     0.1019     0.1704     0.0846 2.0253e+00     7.3773      3.601      5.223    12.3362 0.0000e+00
      3.674      0.008     0.1106      1.088     54.089  40.292241     3.8700     0.1134     0.1704     0.0846 2.0385e+00     7.3171      3.603      5.226    12.3307 0.0000e+00
      3.676      0.008     0.1125      1.097     54.019  40.230270     3.8700     0.0943     0.1704     0.0846 2.0443e+00     7.3923      3.605      5.229    12.3152 0.0000e+00
      3.678      0.008     0.1142      1.118     53.913  40.157026     3.8700     0.0981     0.1704     0.0846 2.0314e+00     7.4374      3.607      5.232    12.2915 0.0000e+00
      3.680      0.008     0.1157      1.152     53.839  40.120331     3.8700     0.1286     0.1704     0.0846 2.0398e+00     7.3171      3.609      5.235    12.2651 0.0000e+00
      3.682      0.008     0.1166      1.195     53.844  40.148039     3.8700     0.1134     0.1704     0.0846 2.0581e+00     7.3773      3.611      5.238    12.2434 0.0000e+00
      3.684      0.008     0.1175      1.244     53.841  40.172262     3.8700     0.1286     0.1278     0.2115 2.0452e+00     7.3322      3.613      5.241    12.2338 0.0000e+00
      3.687      0.008     0.1197      1.301     53.825  40.187577     3.8700     0.1286     0.1278     0.2115 2.0112e+00     7.4073      3.615      5.244    12.2393 0.0000e+00
      3.689      0.009     0.1233      1.373     53.824  40.209954     3.8700     0.1134     0.1278     0.2115 2.0514e+00     7.3622      3.617      5.246    12.2562 0.0000e+00
      3.691      0.009     0.1279      1.461     53.787  40.197818     3.8700     0.1058     0.1278     0.2115 2.0447e+00     7.3322      3.619      5.249    12.2785 0.0000e+00
      3.693      0.010     0.1331      1.559     53.669  40.118218     3.8700     0.1210     0.1278     0.2115 2.0621e+00     7.3322      3.621      5.253    12.3036 0.0000e+00
      3.696      0.011     0.1391      1.660     53.423  39.938039     3.8700     0.1286     0.1704     0.2115 2.0541e+00     7.3773      3.624      5.256    12.3286 0.0000e+00
      3.698      0.012     0.1467      1.753     52.968  39.601311     3.8700     0.0981     0.1704     0.2115 2.0698e+00     7.3773      3.627      5.260    12.3499 0.0000e+00
      3.701      0.014     0.1561      1.833     52.339  39.127193     3.8700     0.1210     0.1704     0.2115 2.0350e+00     7.4073      3.630      5.264    12.3648 0.0000e+00
      3.705      0.015     0.1666      1.902     51.768  38.682433     3.8700     0.1363     0.1704     0.2115 2.0328e+00     7.4223      3.633      5.269    12.3724 0.0000e+00
      3.709      0.017     0.1773      1.963     51.419  38.392078     3.8700     0.1286     0.1278     0.0846 2.0487e+00     7.1819      3.637      5.275    12.3761 0.0000e+00
      3.714      0.017     0.1873      2.017     51.233  38.222278     3.8700     0.1363     0.1278     0.0846 2.0125e+00     7.0917      3.642      5.283    12.3787 0.0000e+00
      3.719      0.018     0.1958      2.075     51.131  38.119826     3.8700     0.0981     0.1278     0.0846 2.0174e+00     7.0917      3.647      5.290    12.3750 0.0000e+00
      3.724      0.017     0.2033      2.152     51.083  38.065326     3.8700     0.1019     0.1278     0.0846 1.9986e+00     7.1819      3.652      5.297    12.3577 0.0000e+00
      3.728      0.016     0.2100      2.268     51.086  38.052167     3.8700     0.1286     0.1704     0.0846 2.0038e+00     6.7310      3.656      5.303    12.3293 0.0000e+00
      3.732      0.014     0.2159      2.445     51.161  38.092686     3.8700     0.1286     0.1704     0.0846 1.9951e+00     6.5506      3.660      5.309    12.2988 0.0000e+00
      3.736      0.012     0.2222      2.692     51.327  38.197688     3.8700     0.1210     0.1704     0.0846 2.0239e+00     6.6708      3.663      5.314    12.2737 0.0000e+00
      3.739      0.011     0.2305      3.000     51.567  38.357536     3.8700     0.1286     0.1704     0.0846 1.9964e+00     6.6258      3.666      5.318    12.2551 0.0000e+00
      3.741      0.009     0.2431      3.357     51.819  38.535623     3.8700     0.1134     0.1278     0.1269 2.0086e+00     6.8662      3.669      5.321    12.2403 0.0000e+00
      3.743      0.008     0.2622      3.749     52.025  38.692281     3.8700     0.1096     0.1278     0.1269 1.9934e+00     6.8512      3.671      5.324    12.2251 0.0000e+00
      3.745      0.007     0.2888      4.150     52.168  38.813821     3.8700     0.1325     0.1278     0.1269 2.0034e+00     7.0316      3.672      5.326    12.2070 0.0000e+00
      3.746      0.006     0.3219      4.535     52.262  38.902941     3.8700     0.1134     0.1278     0.1269 2.0056e+00     6.8512      3.674      5.328    12.1894 0.0000e+00
      3.747      0.005     0.3603      4.879     52.329  38.975484     3.8700     0.1019     0.1278     0.1269 2.0099e+00     6.5356      3.675      5.330    12.1799 0.0000e+00
      3.748      0.005     0.4023      5.148     52.402  39.058719     3.9600     0.1286     0.1278     0.0846 2.0217e+00     6.6107      3.676      5.332    12.1837 0.0000e+00
      3.749      0.004     0.4451      5.326     52.495  39.162957     3.9600     0.1134     0.1278     0.0846 2.0306e+00     6.5957      3.677      5.333    12.1978 0.0000e+00
      3.750      0.004     0.4863      5.409     52.596  39.274398     3.9600     0.1210     0.1278     0.0846 2.0244e+00     6.5957      3.678      5.334    12.2163 0.0000e+00
      3.751      0.004     0.5228      5.403     52.685  39.375219     3.9600     0.1782     0.1278     0.0846 2.0359e+00     5.7089      3.679      5.335    12.2380 0.0000e+00
      3.752      0.005     0.5514      5.323     52.746  39.450706     3.9600     0.1859     0.1278     0.2115 2.0275e+00     5.6338      3.680      5.337    12.2653 0.0000e+00
      3.753      0.006     0.5700      5.189     52.765  39.489296     3.9600     0.1897     0.1278     0.2115 2.0381e+00     5.7390      3.681      5.338    12.2980 0.0000e+00
      3.755      0.007     0.5784      5.026     52.716  39.471564     3.9600     0.1706     0.1278     0.2115 1.9779e+00     5.6789      3.682      5.340    12.3327 0.0000e+00
      3.756      0.008     0.5773      4.856     52.546  39.357127     3.9600     0.1630     0.1278     0.2115 1.9895e+00     5.9344      3.684      5.343    12.3655 0.0000e+00
      3.759      0.010     0.5684      4.690     52.220  39.115469     3.9600     0.1706     0.1704     0.0846 2.0034e+00     5.9494      3.686      5.346    12.3935 0.0000e+00
      3.761      0.012     0.5539      4.533     51.768  38.763366     3.9600     0.1782     0.1704     0.0846 2.0182e+00     5.9043      3.688      5.349    12.4160 0.0000e+00
      3.764      0.015     0.5364      4.396     51.227  38.323801     3.9600     0.1973     0.1704     0.0846 2.0069e+00     5.9193      3.691      5.354    12.4339 0.0000e+00
      3.768      0.018     0.5181      4.282     50.666  37.845946     3.9600     0.1019     0.1704     0.0846 2.0152e+00     6.0396      3.695      5.360    12.4458 0.0000e+00
      3.773      0.020     0.5002      4.203     50.223  37.438087     3.9600     0.1515     0.1704     0.0846 2.0064e+00     5.9344      3.700      5.366    12.4479 0.0000e+00
      3.779      0.023     0.4837      4.181     49.979  37.173687     3.9600     0.1286     0.1704     0.0846 1.9973e+00     6.0095      3.706      5.374    12.4346 0.0000e+00
      3.785      0.025     0.4693      4.251     49.936  37.067406     3.9600     0.1172     0.1704     0.0846 1.9650e+00     5.8592      3.712      5.384    12.4003 0.0000e+00
      3.792      0.026     0.4578      4.461     50.019  37.071091     3.9600     0.1096     0.1704     0.0846 1.9488e+00     6.3702      3.719      5.394    12.3423 0.0000e+00
      3.799      0.028     0.4502      4.866     50.113  37.100554     3.9600     0.1210     0.1704     0.0846 1.9873e+00     6.4454      3.726      5.403    12.2661 0.0000e+00
      3.806      0.029     0.4487      5.524     50.153  37.106210     3.9600     0.1019     0.1278     0.0846 1.9642e+00     6.3101      3.732      5.413    12.1847 0.0000e+00
      3.813      0.031     0.4570      6.488     50.081  37.038068     3.9600     0.1210     0.1278     0.0846 1.9480e+00     6.4003      3.739      5.423    12.1111 0.0000e+00
      3.821      0.034     0.4803      7.773     49.872  36.866073     3.9600     0.1096     0.1278     0.0846 1.9421e+00     6.3402      3.747      5.435    12.0534 0.0000e+00
      3.830      0.037     0.5245      9.323     49.539  36.591897     3.9600     0.1096     0.1278     0.0846 1.9328e+00     6.2500      3.756      5.447    12.0139 0.0000e+00
      3.839      0.041     0.5958     11.021     49.089  36.217693     3.9600     0.1134     0.1278     0.1692 1.9387e+00     6.4153      3.765      5.461    11.9899 0.0000e+00
      3.850      0.044     0.7001     12.733     48.674  35.853619     3.9600     0.1286     0.1278     0.1692 1.9518e+00     6.3702      3.775      5.476    11.9742 0.0000e+00
      3.862      0.045     0.8393     14.348     48.472  35.640261     3.9600     0.1210     0.1278     0.1692 1.9228e+00     6.0095      3.787      5.493    11.9564 0.0000e+00
      3.875      0.046     1.0074     15.823     48.425  35.548446     3.9600     0.1096     0.1278     0.1692 1.8563e+00     5.9193      3.801      5.512    11.9280 0.0000e+00
      3.889      0.045     1.1921     17.216     48.390  35.478429     3.8700     0.1210     0.1704     0.1269 1.8647e+00     5.9494      3.813      5.531    11.8845 0.0000e+00
      3.900      0.042     1.3791     18.702     48.336  35.405595     3.8700     0.1134     0.1704     0.1269 1.8575e+00     5.9494      3.825      5.547    11.8253 0.0000e+00
      3.910      0.039     1.5562     20.558     48.294  35.348153     3.8700     0.1134     0.1704     0.1269 1.8806e+00     5.7089      3.834      5.561    11.7593 0.0000e+00
      3.919      0.035     1.7181     23.061     48.284  35.318511     3.8700     0.1096     0.1704     0.1269 1.8615e+00     5.6187      3.843      5.575    11.7005 0.0000e+00
      3.928      0.032     1.8709     26.343     48.314  35.322628     3.7800     0.1096     0.1278     0.0846 1.7948e+00     5.6638      3.852      5.587    11.6552 0.0000e+00
      3.936      0.029     2.0338     30.319     48.380  35.359620     3.7800     0.1248     0.1278     0.0846 1.8538e+00     5.6638      3.859      5.598    11.6211 0.0000e+00
      3.942      0.027     2.2369     34.732     48.464  35.415586     3.7800     0.1134     0.1278     0.0846 1.8314e+00     5.6187      3.866      5.607    11.5936 0.0000e+00
      3.948      0.024     2.5103     39.235     48.529  35.463857     3.7800     0.0981     0.1278     0.0846 1.8093e+00     5.9344      3.872      5.616    11.5707 0.0000e+00
      3.954      0.023     2.8685     43.469     48.555  35.485618     3.7800     0.1172     0.1278     0.0846 1.8474e+00     5.9494      3.877      5.624    11.5526 0.0000e+00
      3.960      0.022     3.3021     47.119     48.548  35.482710     3.7800     0.0943     0.1278     0.1269 1.8089e+00     5.9193      3.883      5.632    11.5407 0.0000e+00
      3.965      0.021     3.7828     49.959     48.509  35.454359     3.7800     0.1019     0.1278     0.1269 1.8223e+00     5.9795      3.888      5.640    11.5356 0.0000e+00
      3.970      0.020     4.2730     51.879     48.430  35.393004     3.7800     0.1363     0.1278     0.1269 1.7991e+00     5.9344      3.893      5.647    11.5360 0.0000e+00
      3.976      0.020     4.7336     52.902     48.315  35.302089     3.7800     0.1058     0.1278     0.1269 1.8175e+00     5.9494      3.899      5.655    11.5390 0.0000e+00
      3.981      0.019     5.1308     53.152     48.211  35.214807     3.6900     0.1096     0.1278     0.0846 1.8002e+00     5.9795      3.904      5.662    11.5414 0.0000e+00
      3.986      0.018     5.4401     52.789     48.163  35.167297     3.6900     0.0867     0.1278     0.0846 1.7847e+00     5.9494      3.909      5.669    11.5410 0.0000e+00
      3.990      0.017     5.6496     51.978     48.164  35.156793     3.6900     0.1134     0.1278     0.0846 1.7516e+00     5.7239      3.913      5.676    11.5374 0.0000e+00
      3.995      0.016     5.7620     50.885     48.185  35.164647     3.6900     0.1363     0.1278     0.0846 1.7781e+00     5.7540      3.917      5.682    11.5301 0.0000e+00
      3.999      0.015     5.7907     49.688     48.210  35.177112     3.6900     0.1134     0.1278     0.0846 1.7905e+00     5.6638      3.921      5.687    11.5188 0.0000e+00
      4.002      0.015     5.7529     48.560     48.231  35.189587     3.6900     0.0943     0.1278     0.0846 1.7658e+00     5.6939      3.925      5.692    11.5056 0.0000e+00
      4.006      0.014     5.6659     47.648     48.245  35.199458     3.6900     0.1286     0.1278     0.0846 1.7897e+00     5.7540      3.928      5.697    11.4942 0.0000e+00
      4.009      0.014     5.5478     47.049     48.254  35.207378     3.6900     0.1096     0.1278     0.0846 1.7685e+00     5.6488      3.932      5.702    11.4861 0.0000e+00
      4.013      0.014     5.4180     46.791     48.273  35.221399     3.6900     0.1058     0.1278     0.0846 1.7638e+00     5.6338      3.935      5.707    11.4807 0.0000e+00
      4.016      0.015     5.2954     46.829     48.301  35.241300     3.6900     0.0943     0.1278     0.0846 1.7214e+00     5.6939      3.939      5.712    11.4777 0.0000e+00
      4.020      0.015     5.1960     47.071     48.329  35.260504     3.6900     0.1286     0.1278     0.0846 1.7539e+00     5.6939      3.943      5.718    11.4773 0.0000e+00
      4.024      0.016     5.1306     47.411     48.338  35.266308     3.6900     0.1134     0.1278     0.0846 1.7581e+00     5.6338      3.947      5.724    11.4783 0.0000e+00
      4.028      0.016     5.1023     47.763     48.321  35.252336     3.6900     0.1134     0.1278     0.0846 1.7688e+00     5.6338      3.950      5.730    11.4791 0.0000e+00
      4.032      0.017     5.1066     48.057     48.284  35.222785     3.6900     0.1286     0.0852     0.1269 1.7627e+00     5.7089      3.954      5.735    11.4786 0.0000e+00
      4.037      0.017     5.1331     48.249     48.226  35.175717     3.6900     0.0981     0.0852     0.1269 1.7433e+00     5.4083      3.959      5.741    11.4771 0.0000e+00
