Data/DataNotYetUploadedToEDI/Raw_CTD/RawDownloads/071023_fcr50_S7809003.cnv
* Sea-Bird SBE19plus  Data File:
* FileName = C:\R\Reservoirs\Data\DataNotYetUploadedToEDI\Raw_CTD\RawDownloads\073123_fcr50_S7809_0003.hex
* Software version 2.8.0.119
* Temperature SN = 7809
* Conductivity SN = 7809
* System UpLoad Time = Aug 03 2023 12:34:35
* <ApplicationData>
* <Seaterm232>
# nquan = 15
# nvalues = 1801                        
# units = specified
# name 0 = depFM: Depth [fresh water, m]
# name 1 = dz/dtM: Descent Rate [m/s]
# name 2 = sbeox0Mg/L: Oxygen, SBE 43 [mg/l]
# name 3 = sbeox0PS: Oxygen, SBE 43 [% saturation]
# name 4 = specc: Specific Conductance [uS/cm]
# name 5 = c0uS/cm: Conductivity [uS/cm]
# name 6 = flECO-AFL: Fluorescence, WET Labs ECO-AFL/FL [mg/m^3]
# name 7 = ph: pH
# name 8 = orp: Oxidation Reduction Potential [mV]
# name 9 = par/sat/log: PAR/Logarithmic, Satlantic
# name 10 = turbWETntu0: Turbidity, WET Labs ECO [NTU]
# name 11 = prdM: Pressure, Strain Gauge [db]
# name 12 = prdE: Pressure, Strain Gauge [psi]
# name 13 = tv290C: Temperature [ITS-90, deg C]
# name 14 = flag:  0.000e+00
# span 0 =     -0.685,      7.410       
# span 1 =     -0.342,      0.318       
# span 2 =     0.1475,     9.7065       
# span 3 =      1.629,    120.530       
# span 4 =      0.061,    129.577       
# span 5 =   0.064418, 118.049230       
# span 6 =    -1.8500,   232.7379       
# span 7 =      6.408,      9.246       
# span 8 = -1240.7455,   298.9837       
# span 9 = 1.2346e-01, 2.7283e+03       
# span 10 =    -2.0359,   954.1759      
# span 11 =     -0.672,      7.270      
# span 12 =     -0.975,     10.543      
# span 13 =    10.8455,    27.9106      
# span 14 = 0.0000e+00, 0.0000e+00      
# interval = seconds: 0.25
# start_time = Jul 10 2023 09:08:31 [Instrument's time stamp, header]
# bad_flag = -9.990e-29
*END*
[from data line 1735]
     -0.056     -0.077     1.5779     32.683     43.123  38.573021     2.5413      7.092    40.0725 1.5932e+03    22.0381     -0.052     -0.077    19.1138 0.0000e+00
     -0.071     -0.063     1.8684     36.343     43.143  38.597523     2.5342      7.113    33.6619 1.8725e+03    21.9389     -0.066     -0.096    19.4179 0.0000e+00
     -0.096     -0.052     2.2124     39.043     43.176  38.601684     2.5393      7.132    30.6056 2.0838e+03    21.9625     -0.095     -0.137    19.5640 0.0000e+00
     -0.120     -0.041     2.6066     40.769     43.177  38.623292     2.5531      7.145    31.8556 2.1759e+03    22.0845     -0.124     -0.180    19.6588 0.0000e+00
     -0.133     -0.025     3.0030     41.695     43.157  38.731881     2.5843      7.153    34.9233 2.1906e+03    22.9017     -0.134     -0.194    19.7425 0.0000e+00
     -0.134     -0.003     3.3556     41.909     42.988  38.835971     2.6335      7.158    36.4646 2.1861e+03    24.3960     -0.134     -0.194    19.7570 0.0000e+00
     -0.127      0.017     3.6055     41.595     42.750  38.930301     2.6566      7.161    33.1119 2.1461e+03    25.2249     -0.126     -0.183    19.6659 0.0000e+00
     -0.115      0.019     3.7516     41.198     42.480  38.984400     2.6645      7.169    26.6499 2.0532e+03    25.2719     -0.113     -0.163    19.6907 0.0000e+00
     -0.100     -0.014     3.8308     41.513     42.069  38.855895     2.6545      7.189    24.2392 1.9712e+03    24.7256     -0.099     -0.143    19.7929 0.0000e+00
     -0.085     -0.087     3.8161     43.128     41.849  38.709570     2.5944      7.215    29.2605 2.0147e+03    23.6756     -0.080     -0.117    20.1479 0.0000e+00
     -0.081     -0.182     3.7470     45.799     40.960  37.849862     2.5281      7.236    36.6844 2.1151e+03    23.5061     -0.067     -0.097    20.5569 0.0000e+00
     -0.119     -0.256     3.6615     48.805     39.910  37.027195     2.4110      7.267    40.4374 2.1821e+03    28.4833     -0.088     -0.127    20.8497 0.0000e+00
     -0.228     -0.280     3.6264     51.276     40.600  38.027070     1.2948      7.329    41.4265 2.2057e+03    83.8545     -0.198     -0.287    21.3123 0.0000e+00
     -0.395     -0.269     3.7886     52.794     41.382  39.152652    -0.7551      7.404    42.1904 2.1969e+03   185.2835     -0.391     -0.567    21.3172 0.0000e+00
     -0.541     -0.249     4.0628     53.589     41.138  39.215365    -1.8500      7.463    42.2748 2.1996e+03   240.2158     -0.579     -0.841    21.0672 0.0000e+00
     -0.571     -0.214     4.3466     53.846     40.871  39.103070    -1.6059      7.498    39.8654 2.2083e+03   241.4176     -0.613     -0.889    21.2797 0.0000e+00
     -0.506     -0.152     4.5388     53.524     40.741  39.000840     2.2624      7.530    40.6773 2.2037e+03   200.5998     -0.464     -0.673    21.7938 0.0000e+00
     -0.492     -0.079     4.6004     52.607     40.998  39.185065     9.3738      7.585    48.7367 2.1985e+03   125.0756     -0.431     -0.625    22.3618 0.0000e+00
     -0.572     -0.033     4.6353     51.320     43.464  41.393879    13.2229      7.655    55.2296 2.1952e+03    84.3109     -0.574     -0.833    22.7319 0.0000e+00
     -0.641     -0.026     4.6447     49.965     50.748  48.062564    13.2203      7.719    57.2333 2.1844e+03    85.4523     -0.665     -0.965    22.8821 0.0000e+00
     -0.630     -0.028     4.6215     48.800     61.359  57.725903     9.4266      7.768    59.3698 2.1716e+03   138.7058     -0.633     -0.919    22.8915 0.0000e+00
     -0.581     -0.013     4.5391     47.988     76.858  71.743753     2.4677      7.802    60.7563 2.1759e+03   237.0503     -0.548     -0.795    22.8106 0.0000e+00
     -0.562      0.001     4.4306     47.559    100.624  93.232114    -0.8723      7.822    59.8005 2.1914e+03   291.9998     -0.540     -0.784    22.6654 0.0000e+00
     -0.568     -0.009     4.3290     47.611    118.075 108.776838     4.0833      7.837    59.3421 2.1948e+03   311.7807     -0.566     -0.821    22.4140 0.0000e+00
     -0.573     -0.038     4.2428     47.917    120.008 110.032815    62.4434      7.848    60.1182 2.1913e+03   476.2880     -0.555     -0.804    22.0908 0.0000e+00
     -0.593     -0.061     4.2112     48.760    122.973 112.317456   169.5042      7.857    61.6994 2.1886e+03   777.1059     -0.568     -0.825    21.7366 0.0000e+00
     -0.633     -0.066     4.1861     51.554    129.577 118.049230   227.8789      7.863    64.0060 2.1846e+03   941.0020     -0.629     -0.913    21.3694 0.0000e+00
     -0.663     -0.059     4.2310     56.777    107.221  97.541937   232.7379      7.867    65.6362 2.1816e+03   954.1759     -0.661     -0.959    21.0455 0.0000e+00
     -0.671     -0.046     4.2929     63.606     56.230  51.101320   228.0457      7.871    69.3644 2.1725e+03   936.5270     -0.658     -0.954    20.8119 0.0000e+00
     -0.672     -0.029     4.2970     71.251     24.995  22.682955   171.0546      7.886    80.2606 2.1607e+03   727.9528     -0.660     -0.955    20.6525 0.0000e+00
     -0.672     -0.012     4.5474     79.069     21.430  19.424275    66.4961      7.903    93.1019 2.1610e+03   345.4209     -0.659     -0.956    20.5366 0.0000e+00
     -0.672     -0.002     5.0709     86.314     22.233  20.138230     9.4692      7.902    99.2683 2.1658e+03   136.5386     -0.659     -0.955    20.4546 0.0000e+00
     -0.672 -1.466e-09     5.7116     92.285     21.429  19.396820     4.3391      7.886    99.6664 2.1688e+03   115.0294     -0.659     -0.956    20.3943 0.0000e+00
     -0.672 -1.612e-08     6.4272     96.535     20.119  18.194763     4.3436      7.868    98.0016 2.1761e+03    85.4229     -0.660     -0.957    20.3480 0.0000e+00
     -0.672 -1.773e-07     7.1615     98.936     18.696  16.888960     5.1538      7.853   104.9513 2.1757e+03    34.1495     -0.659     -0.956    20.3115 0.0000e+00
     -0.672 -2.112e-07     7.8467     99.813     17.138  15.462755     5.6122      7.832    85.7821 2.1630e+03     6.3176     -0.659     -0.956    20.2837 0.0000e+00
     -0.672 -4.256e-07     8.4019     99.668     16.108  14.515694     5.5827      7.799    88.5531 2.1582e+03     3.9444     -0.659     -0.956    20.2539 0.0000e+00
     -0.672     -0.000     8.8030     98.905     16.324  14.692258     4.8895      7.759   202.3823 2.2264e+03     5.3528     -0.659     -0.956    20.2137 0.0000e+00
     -0.672     -0.000     9.0147     97.875     16.542  14.872106     3.6484      7.730   295.3024 2.3626e+03     8.4520     -0.659     -0.955    20.1610 0.0000e+00
     -0.672     -0.001     9.0856     96.842     15.477  13.901223     2.9779      7.727   273.1821 2.4687e+03    10.1952     -0.659     -0.956    20.1033 0.0000e+00
     -0.672     -0.001     9.0727     95.988     14.168  12.714248     2.8501      7.743   160.3510 2.5212e+03    10.1356     -0.660     -0.957    20.0516 0.0000e+00
     -0.673     -0.001     8.9984     95.335     12.880  11.548688     2.1033      7.760    11.1223 2.4848e+03     7.4578     -0.659     -0.956    19.9999 0.0000e+00
     -0.673     -0.001     8.9081     94.766     12.449  11.152457     0.7477      7.755   -58.3097 2.3870e+03     2.5507     -0.660     -0.957    19.9472 0.0000e+00
     -0.673     -0.000     8.8146     94.296     13.596  12.169180     0.0097      7.738   -54.7578 2.2898e+03    -0.0747     -0.660     -0.958    19.9026 0.0000e+00
     -0.673 -3.077e-10     8.7420     94.006     13.902  12.434484    -0.0529      7.727   -44.8769 2.1275e+03    -0.2713     -0.660     -0.957    19.8623 0.0000e+00
     -0.673 -3.384e-09     8.6982     93.883     13.232  11.825479    -0.0678      7.717    -9.9099 1.8901e+03    -0.3058     -0.661     -0.958    19.8231 0.0000e+00
     -0.673 -3.723e-08     8.6496     93.869     13.188  11.777032    -0.0778      7.703    56.5626 1.6717e+03    -0.2865     -0.660     -0.957    19.7863 0.0000e+00
     -0.673 -4.095e-07     8.6087     93.921     12.710  11.341832    -0.0662      7.694   102.8733 1.4917e+03    -0.2089     -0.659     -0.956    19.7507 0.0000e+00
     -0.673     -0.000     8.5899     94.016     11.341  10.112421    -0.0610      7.692    82.4050 1.3550e+03    -0.1866     -0.660     -0.957    19.7157 0.0000e+00
     -0.673     -0.000     8.5867     94.125      9.835   8.762657    -0.0734      7.681   110.9940 1.3600e+03    -0.2217     -0.659     -0.956    19.6809 0.0000e+00
     -0.673     -0.001     8.5928     94.193      9.214   8.202238    -0.0832      7.661   244.5424 1.4541e+03    -0.2577     -0.660     -0.957    19.6459 0.0000e+00
     -0.673     -0.001     8.6039     94.170      9.734   8.659029    -0.0792      7.652   282.8994 1.5361e+03    -0.2810     -0.660     -0.957    19.6112 0.0000e+00
     -0.673     -0.001     8.6192     94.046     10.083   8.963149    -0.0658      7.648   232.7591 1.7266e+03    -0.2981     -0.661     -0.958    19.5770 0.0000e+00
     -0.673     -0.000     8.6372     93.866      9.593   8.521125    -0.0634      7.649   225.8629 2.0096e+03    -0.3285     -0.660     -0.958    19.5429 0.0000e+00
     -0.673 -1.861e-08     8.6515     93.694      8.446   7.496525    -0.0668      7.656   235.2241 1.7738e+03    -0.3063     -0.660     -0.958    19.5078 0.0000e+00
     -0.673 -2.048e-07     8.6559     93.545      7.354   6.522623    -0.0576      7.665   225.6613 1.4921e+03    -0.2350     -0.661     -0.958    19.4721 0.0000e+00
     -0.673 -2.048e-07     8.6491     93.424      6.694   5.933019    -0.0593      7.677   201.7859 2.0903e+03    -0.2520     -0.660     -0.958    19.4375 0.0000e+00
     -0.673 -1.861e-08     8.6351     93.354      6.209   5.499592    -0.0792      7.685   188.2324 2.6498e+03    -0.3408     -0.660     -0.957    19.4040 0.0000e+00
     -0.673 -1.692e-09     8.6250     93.319      5.958   5.273473    -0.0812      7.689   188.3518 2.7034e+03    -0.3527     -0.660     -0.958    19.3715 0.0000e+00
     -0.673 -1.539e-10     8.6175     93.296      5.837   5.163037    -0.0669      7.692   190.1516 2.7116e+03    -0.3276     -0.661     -0.958    19.3403 0.0000e+00
     -0.673 -1.410e-11     8.6098     93.315      5.786   5.114623    -0.0644      7.695   190.4625 2.7155e+03    -0.3450     -0.660     -0.958    19.3083 0.0000e+00
     -0.673 -2.543e-12     8.6094     93.339      5.806   5.131578    -0.0683      7.696   190.2178 2.7178e+03    -0.3578     -0.660     -0.958    19.2781 0.0000e+00
     -0.673 -9.990e-29     8.6138 -9.990e-29 -9.990e-29 -9.990e-29 -9.990e-29 -9.990e-29 -9.990e-29 2.7207e+03 -9.990e-29     -0.660     -0.957    19.2474 0.0000e+00
     -0.673 -9.990e-29     8.6129 -9.990e-29 -9.990e-29 -9.990e-29 -9.990e-29 -9.990e-29 -9.990e-29 2.7248e+03 -9.990e-29     -0.660     -0.958    19.2209 0.0000e+00
     -0.673 -9.990e-29     8.6218 -9.990e-29 -9.990e-29 -9.990e-29 -9.990e-29 -9.990e-29 -9.990e-29 2.7276e+03 -9.990e-29     -0.660     -0.957    19.1902 0.0000e+00
     -0.673 -9.990e-29     8.6321 -9.990e-29 -9.990e-29 -9.990e-29 -9.990e-29 -9.990e-29 -9.990e-29 2.7283e+03 -9.990e-29     -0.660     -0.957    19.1685 0.0000e+00
