Data/DataNotYetUploadedToEDI/Raw_CTD/RawDownloads/071023_fcr50_S7809003.cnv
* Sea-Bird SBE19plus  Data File:
* FileName = C:\R\Reservoirs\Data\DataNotYetUploadedToEDI\Raw_CTD\RawDownloads\073123_fcr50_S7809_0003.hex
* Software version 2.8.0.119
* Temperature SN = 7809
* Conductivity SN = 7809
* System UpLoad Time = Aug 03 2023 12:34:35
* <ApplicationData>
* <Seaterm232>
# nquan = 15
# nvalues = 1801                        
# units = specified
# name 0 = depFM: Depth [fresh water, m]
# name 1 = dz/dtM: Descent Rate [m/s]
# name 2 = sbeox0Mg/L: Oxygen, SBE 43 [mg/l]
# name 3 = sbeox0PS: Oxygen, SBE 43 [% saturation]
# name 4 = specc: Specific Conductance [uS/cm]
# name 5 = c0uS/cm: Conductivity [uS/cm]
# name 6 = flECO-AFL: Fluorescence, WET Labs ECO-AFL/FL [mg/m^3]
# name 7 = ph: pH
# name 8 = orp: Oxidation Reduction Potential [mV]
# name 9 = par/sat/log: PAR/Logarithmic, Satlantic
# name 10 = turbWETntu0: Turbidity, WET Labs ECO [NTU]
# name 11 = prdM: Pressure, Strain Gauge [db]
# name 12 = prdE: Pressure, Strain Gauge [psi]
# name 13 = tv290C: Temperature [ITS-90, deg C]
# name 14 = flag:  0.000e+00
# span 0 =     -0.685,      7.410       
# span 1 =     -0.342,      0.318       
# span 2 =     0.1475,     9.7065       
# span 3 =      1.629,    120.530       
# span 4 =      0.061,    129.577       
# span 5 =   0.064418, 118.049230       
# span 6 =    -1.8500,   232.7379       
# span 7 =      6.408,      9.246       
# span 8 = -1240.7455,   298.9837       
# span 9 = 1.2346e-01, 2.7283e+03       
# span 10 =    -2.0359,   954.1759      
# span 11 =     -0.672,      7.270      
# span 12 =     -0.975,     10.543      
# span 13 =    10.8455,    27.9106      
# span 14 = 0.0000e+00, 0.0000e+00      
# interval = seconds: 0.25
# start_time = Jul 10 2023 09:08:31 [Instrument's time stamp, header]
# bad_flag = -9.990e-29
*END*
[from data line 579]
      0.548      0.012     9.0601    111.126     41.710  42.360055     2.5550      9.225   193.5381 1.3650e+02    26.0698      0.538      0.780    25.8521 0.0000e+00
      0.552      0.012     9.0585    111.156     41.670  42.314578     2.5597      9.225   194.6665 1.3567e+02    26.0805      0.542      0.786    25.8274 0.0000e+00
      0.554      0.012     9.0533    111.257     41.656  42.284503     2.5584      9.226   195.2563 1.3485e+02    26.2214      0.543      0.787    25.7936 0.0000e+00
      0.555      0.012     9.0525    111.360     41.646  42.250265     2.5568      9.226   194.4741 1.3400e+02    26.4413      0.544      0.789    25.7701 0.0000e+00
      0.556      0.013     9.0519    111.343     41.635  42.217920     2.5568      9.225   192.8670 1.3294e+02    26.5194      0.546      0.791    25.7723 0.0000e+00
      0.559      0.015     9.0509    111.223     41.645  42.210743     2.5501      9.224   192.0862 1.3086e+02    26.5166      0.547      0.793    25.7756 0.0000e+00
      0.563      0.017     9.0651    111.083     41.675  42.226919     2.5426      9.223   192.6049 1.2756e+02    26.5441      0.551      0.799    25.7520 0.0000e+00
      0.570      0.019     9.0862    110.966     41.683  42.223077     2.5238      9.223   193.6314 1.2427e+02    26.5438      0.559      0.810    25.7158 0.0000e+00
      0.578      0.019     9.0859    110.873     41.648  42.164267     2.4982      9.223   193.5714 1.2210e+02    26.5132      0.568      0.823    25.6938 0.0000e+00
      0.583      0.018     9.0768    110.776     41.599  42.087049     2.4912      9.222   192.2239 1.2095e+02    26.4814      0.572      0.830    25.6725 0.0000e+00
      0.586      0.016     9.0679    110.661     41.575  42.051019     2.5047      9.221   191.1909 1.1986e+02    26.5011      0.574      0.833    25.6518 0.0000e+00
      0.589      0.012     9.0584    110.551     41.574  42.045964     2.5206      9.222   191.0629 1.1845e+02    26.4442      0.578      0.838    25.6490 0.0000e+00
      0.592      0.011     9.0572    110.460     41.578  42.025929     2.5170      9.224   191.4503 1.1725e+02    26.2372      0.581      0.842    25.6199 0.0000e+00
      0.594      0.011     9.0580    110.356     41.541  41.935671     2.5024      9.224   192.1751 1.1637e+02    26.0814      0.583      0.845    25.5675 0.0000e+00
      0.595      0.013     9.0495    110.223     41.455  41.779668     2.5020      9.224   192.7705 1.1525e+02    26.0291      0.584      0.847    25.5605 0.0000e+00
      0.597      0.017     9.0364    110.037     41.404  41.662825     2.5298      9.225   192.7126 1.1355e+02    26.1178      0.586      0.849    25.5738 0.0000e+00
      0.601      0.022     9.0359    109.737     41.382  41.601788     2.5635      9.225   192.1635 1.1088e+02    26.3011      0.589      0.854    25.5466 0.0000e+00
      0.607      0.026     9.0394    109.291     41.342  41.549348     2.5675      9.224   191.4654 1.0735e+02    26.3317      0.594      0.862    25.4744 0.0000e+00
      0.616      0.029     9.0428    108.683     41.325  41.536498     2.5545      9.223   192.4463 1.0344e+02    26.2479      0.603      0.874    25.3864 0.0000e+00
      0.627      0.029     9.0467    107.968     41.338  41.573358     2.5308      9.221   194.8163 9.9390e+01    26.2450      0.615      0.891    25.2924 0.0000e+00
      0.638      0.027     9.0300    107.309     41.352  41.614261     2.5058      9.219   195.5999 9.6426e+01    26.3311      0.628      0.910    25.2431 0.0000e+00
      0.645      0.023     8.9937    106.766     41.382  41.650293     2.5102      9.219   194.5216 9.5063e+01    26.4003      0.634      0.919    25.2447 0.0000e+00
      0.648      0.017     8.9456    106.351     41.433  41.691683     2.5175      9.220   193.1360 9.4219e+01    26.3993      0.635      0.922    25.2364 0.0000e+00
      0.650      0.012     8.8720    106.149     41.484  41.733886     2.4770      9.220   194.1610 9.3767e+01    26.3525      0.638      0.926    25.2738 0.0000e+00
      0.652      0.007     8.8089    106.174     41.536  41.779751     2.4110      9.219   197.1932 9.3835e+01    26.3127      0.640      0.928    25.3264 0.0000e+00
      0.653      0.004     8.7667    106.347     41.558  41.801946     2.3781      9.217   198.4792 9.3655e+01    26.2928      0.640      0.928    25.3245 0.0000e+00
      0.653      0.002     8.7306    106.616     41.553  41.811849     2.3783      9.217   197.5792 9.2975e+01    26.2835      0.640      0.928    25.3032 0.0000e+00
      0.653      0.001     8.7152    106.943     41.545  41.836038     2.3886      9.217   196.0337 9.2308e+01    26.2683      0.641      0.929    25.2941 0.0000e+00
      0.653      0.001     8.7224    107.291     41.514  41.840593     2.4110      9.218   196.0539 9.2127e+01    26.3490      0.641      0.929    25.2872 0.0000e+00
      0.654      0.002     8.7390    107.663     41.452  41.803506     2.4411      9.218   197.8233 9.2339e+01    26.5761      0.641      0.930    25.2780 0.0000e+00
      0.654      0.003     8.7585    108.038     41.340  41.705006     2.4613      9.218   198.9285 9.2462e+01    26.7250      0.641      0.930    25.2964 0.0000e+00
      0.654      0.006     8.7804    108.356     41.172  41.538193     2.4634      9.218   199.1782 9.2121e+01    26.7832      0.642      0.931    25.3426 0.0000e+00
      0.655      0.011     8.7993    108.556     41.034  41.373272     2.4497      9.217   198.6067 9.1261e+01    26.8012      0.642      0.932    25.3935 0.0000e+00
      0.658      0.015     8.8258    108.554     41.018  41.297597     2.4381      9.216   197.6105 9.0000e+01    26.7381      0.645      0.935    25.4240 0.0000e+00
      0.662      0.019     8.8567    108.245     41.041  41.257778     2.4394      9.218   197.9736 8.7944e+01    26.7031      0.648      0.940    25.4364 0.0000e+00
      0.669      0.022     8.8816    107.584     41.037  41.209059     2.4492      9.219   199.1251 8.5211e+01    26.7534      0.657      0.951    25.4504 0.0000e+00
      0.678      0.024     8.9036    106.645     41.016  41.152729     2.4732      9.219   199.6599 8.3089e+01    27.0391      0.667      0.968    25.4306 0.0000e+00
      0.684      0.025     8.9229    105.560     40.976  41.084378     2.4961      9.217   199.4497 8.1599e+01    27.4934      0.671      0.974    25.3338 0.0000e+00
      0.690      0.024     8.9140    104.430     40.993  41.080712     2.5018      9.215   198.2190 7.9845e+01    27.7032      0.675      0.979    25.2456 0.0000e+00
      0.696      0.023     8.8641    103.352     41.039  41.108370     2.5008      9.212   196.9104 7.7563e+01    27.6972      0.682      0.990    25.2018 0.0000e+00
      0.703      0.021     8.7886    102.417     41.052  41.101431     2.5090      9.209   197.0494 7.5677e+01    27.7282      0.690      1.002    25.1582 0.0000e+00
      0.708      0.019     8.7032    101.680     41.027  41.060252     2.5263      9.206   198.0071 7.4860e+01    27.7706      0.696      1.009    25.1232 0.0000e+00
      0.712      0.018     8.6110    101.169     40.897  40.927784     2.5268      9.205   198.9391 7.3986e+01    27.7661      0.698      1.012    25.0983 0.0000e+00
      0.716      0.019     8.5213    100.839     40.675  40.705603     2.5144      9.203   199.4567 7.3007e+01    27.7071      0.702      1.018    25.0808 0.0000e+00
      0.720      0.023     8.4482    100.566     40.528  40.531679     2.5180      9.194   197.8129 7.2415e+01    27.5013      0.706      1.025    25.0520 0.0000e+00
      0.723      0.027     8.3893    100.214     40.539  40.474920     2.5455      9.181   194.8086 7.1320e+01    27.2246      0.708      1.027    25.0280 0.0000e+00
      0.729      0.028     8.3484     99.660     40.602  40.463482     2.5710      9.173   194.7091 6.8491e+01    27.0942      0.712      1.032    25.0268 0.0000e+00
      0.741      0.028     8.3233     98.797     40.633  40.456729     2.5690      9.171   196.8668 6.4834e+01    27.0523      0.726      1.053    25.0424 0.0000e+00
      0.755      0.026     8.3075     97.632     40.635  40.456681     2.5626      9.172   197.8390 6.2779e+01    27.0258      0.743      1.078    25.0251 0.0000e+00
      0.762      0.022     8.2975     96.320     40.632  40.462907     2.5603      9.175   195.9667 6.2132e+01    27.0128      0.748      1.086    24.9182 0.0000e+00
      0.764      0.016     8.2739     95.074     40.633  40.468565     2.5579      9.178   192.3833 6.1816e+01    26.9974      0.749      1.087    24.8014 0.0000e+00
      0.766      0.010     8.2089     94.068     40.628  40.461633     2.5676      9.180   191.5961 6.1740e+01    27.0444      0.751      1.089    24.7605 0.0000e+00
      0.766      0.004     8.1047     93.385     40.620  40.442547     2.5689      9.183   193.4181 6.1460e+01    27.0685      0.751      1.089    24.7727 0.0000e+00
      0.766      0.001     7.9867     93.019     40.632  40.428173     2.5743      9.188   194.4520 6.0933e+01    27.0494      0.751      1.089    24.7903 0.0000e+00
      0.766      0.001     7.8773     92.949     40.642  40.414723     2.5986      9.193   193.5135 6.0765e+01    27.0527      0.751      1.089    24.7943 0.0000e+00
      0.766      0.001     7.7919     93.134     40.575  40.343357     2.6135      9.197   191.2770 6.1110e+01    27.0412      0.752      1.090    24.7899 0.0000e+00
      0.766      0.002     7.7370     93.445     40.451  40.199921     2.6210      9.200   189.9528 6.1526e+01    27.0467      0.751      1.090    24.7877 0.0000e+00
      0.766      0.003     7.7134     93.703     40.328  40.013150     2.6056      9.205   189.8919 6.1602e+01    26.9817      0.751      1.090    24.7430 0.0000e+00
      0.767      0.004     7.7148     93.773     40.210  39.798513     2.5607      9.210   190.6274 6.1340e+01    26.8363      0.752      1.091    24.6944 0.0000e+00
      0.768      0.008     7.7305     93.502     40.163  39.635394     2.5369      9.217   191.7047 6.1049e+01    26.7583      0.753      1.092    24.7185 0.0000e+00
      0.770      0.013     7.7640     92.571     40.296  39.627269     2.5504      9.221   191.5600 6.0743e+01    26.7897      0.755      1.095    24.7101 0.0000e+00
      0.773      0.018     7.8026     90.521     40.536  39.700070     2.5737      9.218   190.5985 5.9923e+01    27.0794      0.757      1.098    24.6171 0.0000e+00
      0.777      0.023     7.8288     86.913     40.749  39.753843     2.5780      9.214   190.1457 5.8178e+01    27.4941      0.760      1.103    24.4879 0.0000e+00
      0.786      0.028     7.8383     81.507     40.946  39.832981     2.5602      9.214   190.3875 5.5822e+01    27.6702      0.768      1.115    24.3443 0.0000e+00
      0.796      0.032     7.7963     74.230     41.109  39.895223     2.5497      9.210   191.8869 5.3955e+01    27.7059      0.782      1.134    24.1827 0.0000e+00
      0.805      0.033     7.6735     65.592     41.214  39.871654     2.5517      9.200   193.5618 5.2907e+01    27.8227      0.792      1.148    23.9609 0.0000e+00
      0.812      0.032     7.4017     56.695     41.297  39.801676     2.5431      9.188   193.6028 5.1603e+01    27.9896      0.795      1.152    23.7454 0.0000e+00
      0.821      0.029     6.9671     48.103     41.372  39.746983     2.5199      9.178   193.0715 4.9849e+01    28.0505      0.804      1.166    23.6254 0.0000e+00
      0.831      0.024     6.3519     39.873     41.420  39.717873     2.4962      9.171   192.4724 4.8576e+01    27.9783      0.817      1.184    23.5404 0.0000e+00
      0.838      0.020     5.5836     32.395     41.430  39.703451     2.4810      9.167   191.6071 4.8052e+01    27.9364      0.823      1.192    23.3807 0.0000e+00
      0.841      0.015     4.8326     26.295     41.420  39.699505     2.4693      9.166   192.9346 4.7858e+01    27.9878      0.824      1.195    23.1705 0.0000e+00
      0.843      0.010     4.1205     22.100     41.379  39.670167     2.4625      9.166   195.8751 4.7744e+01    28.0184      0.826      1.197    23.0050 0.0000e+00
      0.843      0.006     3.4044     20.051     41.304  39.602589     2.4580      9.169   195.9281 4.7659e+01    27.9645      0.827      1.199    22.9156 0.0000e+00
      0.844      0.005     2.7408     19.814     41.197  39.517044     2.4472      9.171   193.8336 4.7555e+01    27.8834      0.827      1.200    22.8982 0.0000e+00
      0.844      0.005     2.2024     20.806     41.035  39.397407     2.4490      9.174   193.0076 4.7426e+01    27.8242      0.828      1.201    22.9159 0.0000e+00
      0.845      0.008     1.8273     22.621     40.862  39.234962     2.4622      9.179   194.9745 4.7299e+01    27.7944      0.828      1.201    22.9384 0.0000e+00
      0.846      0.013     1.6663     24.841     40.803  39.076007     2.4656      9.183   198.3426 4.6974e+01    27.7964      0.830      1.204    22.9258 0.0000e+00
      0.847      0.019     1.6688     26.924     40.850  38.934926     2.4574      9.182   199.4014 4.6059e+01    27.7800      0.831      1.205    22.9418 0.0000e+00
      0.852      0.025     1.7583     28.184     40.974  38.861530     2.4455      9.173   198.4835 4.4149e+01    27.8020      0.834      1.209    23.0036 0.0000e+00
      0.861      0.028     1.9251     27.996     41.166  38.886357     2.4475      9.158   197.2259 4.1269e+01    27.9253      0.844      1.224    23.0655 0.0000e+00
      0.874      0.028     2.1370     26.493     41.266  38.917589     2.4571      9.144   197.6172 3.8469e+01    28.0073      0.858      1.244    22.9250 0.0000e+00
      0.885      0.026     2.3482     24.643     41.225  38.921772     2.4613      9.135   200.4613 3.6810e+01    28.0076      0.870      1.262    22.6318 0.0000e+00
      0.891      0.022     2.4938     23.207     41.150  38.937006     2.4565      9.130   202.3607 3.6272e+01    28.0313      0.876      1.270    22.4208 0.0000e+00
      0.894      0.016     2.4890     22.286     41.100  38.974987     2.4410      9.127   202.6002 3.6194e+01    28.1228      0.877      1.272    22.1761 0.0000e+00
      0.895      0.010     2.3184     21.804     41.051  39.000361     2.4394      9.126   201.9803 3.6151e+01    28.2263      0.878      1.273    22.0911 0.0000e+00
      0.896      0.006     2.1267     21.734     41.001  38.990065     2.4541      9.126   200.7163 3.6122e+01    28.2578      0.879      1.275    22.1938 0.0000e+00
      0.897      0.005     2.0020     22.000     40.995  38.977478     2.4604      9.127   200.7402 3.6114e+01    28.1954      0.880      1.276    22.3063 0.0000e+00
      0.898      0.006     1.9202     22.455     41.028  38.975076     2.4499      9.129   202.1826 3.5961e+01    28.1215      0.881      1.277    22.4147 0.0000e+00
      0.899      0.008     1.8746     22.882     41.063  38.960977     2.4348      9.132   203.3575 3.5700e+01    28.1492      0.882      1.279    22.5096 0.0000e+00
      0.901      0.011     1.8690     23.058     41.112  38.933865     2.4359      9.131   203.6748 3.5514e+01    28.2232      0.883      1.281    22.5670 0.0000e+00
      0.902      0.014     1.8973     22.922     41.220  38.901001     2.4557      9.127   203.4377 3.5120e+01    28.0938      0.884      1.283    22.5431 0.0000e+00
      0.906      0.016     1.9447     22.545     41.382  38.880720     2.4824      9.123   202.5555 3.4401e+01    27.8146      0.887      1.287    22.4967 0.0000e+00
      0.913      0.016     1.9928     21.907     41.530  38.878779     2.5001      9.118   201.5267 3.4143e+01    27.6831      0.895      1.298    22.4399 0.0000e+00
      0.920      0.015     2.0125     20.953     41.641  38.877329     2.5033      9.114   201.6673 3.4803e+01    27.6991      0.904      1.311    22.3785 0.0000e+00
      0.925      0.013     2.0012     19.816     41.736  38.863053     2.4963      9.112   202.6207 3.5720e+01    27.7343      0.908      1.317    22.2106 0.0000e+00
