Data/DataNotYetUploadedToEDI/Raw_CTD/RawDownloads/071023_fcr50_S7809003.cnv
* Sea-Bird SBE19plus  Data File:
* FileName = C:\R\Reservoirs\Data\DataNotYetUploadedToEDI\Raw_CTD\RawDownloads\073123_fcr50_S7809_0003.hex
* Software version 2.8.0.119
* Temperature SN = 7809
* Conductivity SN = 7809
* System UpLoad Time = Aug 03 2023 12:34:35
* <ApplicationData>
* <Seaterm232>
# nquan = 15
# nvalues = 1801                        
# units = specified
# name 0 = depFM: Depth [fresh water, m]
# name 1 = dz/dtM: Descent Rate [m/s]
# name 2 = sbeox0Mg/L: Oxygen, SBE 43 [mg/l]
# name 3 = sbeox0PS: Oxygen, SBE 43 [% saturation]
# name 4 = specc: Specific Conductance [uS/cm]
# name 5 = c0uS/cm: Conductivity [uS/cm]
# name 6 = flECO-AFL: Fluorescence, WET Labs ECO-AFL/FL [mg/m^3]
# name 7 = ph: pH
# name 8 = orp: Oxidation Reduction Potential [mV]
# name 9 = par/sat/log: PAR/Logarithmic, Satlantic
# name 10 = turbWETntu0: Turbidity, WET Labs ECO [NTU]
# name 11 = prdM: Pressure, Strain Gauge [db]
# name 12 = prdE: Pressure, Strain Gauge [psi]
# name 13 = tv290C: Temperature [ITS-90, deg C]
# name 14 = flag:  0.000e+00
# span 0 =     -0.685,      7.410       
# span 1 =     -0.342,      0.318       
# span 2 =     0.1475,     9.7065       
# span 3 =      1.629,    120.530       
# span 4 =      0.061,    129.577       
# span 5 =   0.064418, 118.049230       
# span 6 =    -1.8500,   232.7379       
# span 7 =      6.408,      9.246       
# span 8 = -1240.7455,   298.9837       
# span 9 = 1.2346e-01, 2.7283e+03       
# span 10 =    -2.0359,   954.1759      
# span 11 =     -0.672,      7.270      
# span 12 =     -0.975,     10.543      
# span 13 =    10.8455,    27.9106      
# span 14 = 0.0000e+00, 0.0000e+00      
# interval = seconds: 0.25
# start_time = Jul 10 2023 09:08:31 [Instrument's time stamp, header]
# bad_flag = -9.990e-29
*END*
[from data line 868]
      1.625      0.003     0.1675      1.799     42.189  35.964634     0.9889      8.192   168.2632 6.1336e+00     2.1545      1.594      2.312    17.5302 0.0000e+00
      1.626      0.003     0.1688      1.800     42.185  35.974940     0.9777      8.190   166.3292 6.1298e+00     2.1320      1.594      2.312    17.5580 0.0000e+00
      1.627      0.004     0.1676      1.800     42.178  35.979914     0.9614      8.189   165.8256 6.1202e+00     2.1215      1.596      2.315    17.5923 0.0000e+00
      1.629      0.004     0.1695      1.823     42.173  35.961339     0.9583      8.186   168.1107 6.1141e+00     2.1302      1.597      2.317    17.6114 0.0000e+00
      1.630      0.005     0.1728      1.859     42.195  35.940682     0.9743      8.182   168.9208 6.1110e+00     2.1677      1.598      2.318    17.6152 0.0000e+00
      1.631      0.006     0.1718      1.893     42.204  35.920448     0.9882      8.179   167.5328 6.0905e+00     2.1661      1.599      2.319    17.6313 0.0000e+00
      1.632      0.006     0.1704      1.914     42.191  35.907009     0.9766      8.175   165.3528 6.0678e+00     2.1107      1.601      2.321    17.6619 0.0000e+00
      1.634      0.006     0.1735      1.920     42.186  35.905096     0.9417      8.171   162.5233 6.0585e+00     2.1126      1.603      2.324    17.6497 0.0000e+00
      1.636      0.006     0.1777      1.927     42.180  35.897318     0.8997      8.168   161.8013 6.0567e+00     2.1895      1.604      2.326    17.5737 0.0000e+00
      1.638      0.006     0.1811      1.929     42.165  35.876417     0.8757      8.165   163.3332 6.0516e+00     2.2204      1.606      2.329    17.5371 0.0000e+00
      1.639      0.006     0.1838      1.922     42.140  35.842730     0.8681      8.163   163.9235 6.0476e+00     2.1798      1.608      2.332    17.5498 0.0000e+00
      1.641      0.007     0.1828      1.912     42.119  35.807249     0.8583      8.161   162.4858 6.0475e+00     2.0736      1.609      2.334    17.5534 0.0000e+00
      1.642      0.008     0.1842      1.904     42.101  35.764645     0.8568      8.160   160.1464 6.0440e+00     1.9607      1.610      2.335    17.5505 0.0000e+00
      1.643      0.009     0.1848      1.885     42.078  35.708279     0.8664      8.157   157.9219 6.0344e+00     1.9426      1.611      2.337    17.5415 0.0000e+00
      1.646      0.012     0.1838      1.869     42.032  35.633292     0.8744      8.155   155.5515 6.0096e+00     1.9563      1.613      2.339    17.5236 0.0000e+00
      1.649      0.015     0.1824      1.860     41.994  35.555890     0.9033      8.155   153.4263 5.9750e+00     1.9900      1.617      2.345    17.5081 0.0000e+00
      1.653      0.019     0.1828      1.837     42.041  35.533750     0.9502      8.154   152.5309 5.9505e+00     2.0772      1.622      2.352    17.4791 0.0000e+00
      1.658      0.021     0.1807      1.816     42.130  35.555880     0.9748      8.151   152.3829 5.9276e+00     2.1557      1.625      2.356    17.4209 0.0000e+00
      1.664      0.021     0.1777      1.809     42.166  35.569585     0.9851      8.148   152.2393 5.8918e+00     2.1887      1.631      2.366    17.3873 0.0000e+00
      1.672      0.020     0.1803      1.806     42.140  35.572530     1.0579      8.145   150.2778 5.8553e+00     2.1687      1.640      2.380    17.3431 0.0000e+00
      1.678      0.018     0.1761      1.807     42.110  35.591529     1.1894      8.141   147.4236 5.8388e+00     2.0847      1.646      2.389    17.2518 0.0000e+00
      1.681      0.015     0.1741      1.801     42.084  35.609009     1.2510      8.138   147.0689 5.8315e+00     2.0269      1.649      2.392    17.1783 0.0000e+00
      1.683      0.012     0.1747      1.774     42.038  35.593574     1.2538      8.133   147.7959 5.8181e+00     2.0843      1.651      2.394    17.1526 0.0000e+00
      1.686      0.008     0.1732      1.744     42.029  35.595288     1.2737      8.129   147.7817 5.8176e+00     2.1634      1.654      2.399    17.1941 0.0000e+00
      1.688      0.006     0.1740      1.741     42.067  35.629743     1.3001      8.126   147.9300 5.8260e+00     2.1640      1.656      2.402    17.2618 0.0000e+00
      1.689      0.004     0.1739      1.760     42.063  35.629472     1.3147      8.124   146.3199 5.8276e+00     2.1255      1.657      2.403    17.3091 0.0000e+00
      1.689      0.004     0.1708      1.780     42.017  35.592014     1.3167      8.123   142.7681 5.8253e+00     2.1081      1.657      2.403    17.3390 0.0000e+00
      1.689      0.005     0.1657      1.788     41.976  35.557546     1.3330      8.123   141.2938 5.8212e+00     2.1590      1.657      2.403    17.3436 0.0000e+00
      1.690      0.007     0.1664      1.799     41.941  35.529969     1.3871      8.123   141.0565 5.8212e+00     2.2625      1.657      2.404    17.3421 0.0000e+00
      1.691      0.010     0.1688      1.824     41.924  35.512387     1.4548      8.122   140.8450 5.8192e+00     2.3355      1.658      2.405    17.3498 0.0000e+00
      1.694      0.013     0.1715      1.842     41.889  35.471852     1.4935      8.120   141.2324 5.7999e+00     2.3917      1.661      2.409    17.3513 0.0000e+00
      1.699      0.015     0.1716      1.842     41.848  35.420550     1.4970      8.119   139.0289 5.7688e+00     2.4299      1.666      2.417    17.3494 0.0000e+00
      1.704      0.017     0.1712      1.828     41.859  35.399685     1.4390      8.118   134.6800 5.7512e+00     2.4217      1.672      2.425    17.3555 0.0000e+00
      1.709      0.018     0.1757      1.796     41.840  35.346430     1.3339      8.117   132.6161 5.7457e+00     2.3944      1.677      2.433    17.3533 0.0000e+00
      1.713      0.018     0.1777      1.764     41.803  35.284192     1.2667      8.115   133.2625 5.7248e+00     2.3387      1.680      2.436    17.3356 0.0000e+00
      1.718      0.017     0.1767      1.759     41.835  35.281619     1.2501      8.113   134.5798 5.6963e+00     2.3288      1.685      2.443    17.3241 0.0000e+00
      1.723      0.016     0.1767      1.764     41.908  35.315288     1.1827      8.111   134.1738 5.6804e+00     2.3433      1.690      2.451    17.2880 0.0000e+00
      1.727      0.014     0.1729      1.759     41.973  35.373990     1.0517      8.108   131.8814 5.6669e+00     2.2748      1.695      2.457    17.2276 0.0000e+00
      1.731      0.013     0.1681      1.753     41.973  35.420336     0.9814      8.105   130.3511 5.6512e+00     2.1842      1.698      2.463    17.1982 0.0000e+00
      1.733      0.012     0.1690      1.742     41.932  35.431580     0.9656      8.103   130.0391 5.6411e+00     2.1027      1.700      2.465    17.1685 0.0000e+00
      1.736      0.010     0.1712      1.725     41.940  35.446546     0.9191      8.101   130.2611 5.6370e+00     2.0400      1.702      2.469    17.1132 0.0000e+00
      1.738      0.009     0.1692      1.725     41.998  35.474413     0.8517      8.099   130.7118 5.6379e+00     1.9733      1.704      2.472    17.1083 0.0000e+00
      1.741      0.009     0.1686      1.744     42.081  35.514698     0.8163      8.096   130.8423 5.6323e+00     1.9111      1.706      2.475    17.1919 0.0000e+00
      1.743      0.010     0.1683      1.760     42.161  35.552886     0.8074      8.095   130.2900 5.6216e+00     1.9020      1.709      2.480    17.2673 0.0000e+00
      1.745      0.012     0.1647      1.754     42.193  35.555405     0.7938      8.093   129.0250 5.6165e+00     1.8976      1.711      2.482    17.2671 0.0000e+00
      1.747      0.013     0.1651      1.732     42.203  35.545119     0.8018      8.089   127.6795 5.6035e+00     1.9268      1.713      2.485    17.2317 0.0000e+00
      1.751      0.014     0.1680      1.708     42.233  35.555395     0.8373      8.086   126.6683 5.5780e+00     1.9472      1.716      2.490    17.1929 0.0000e+00
      1.757      0.014     0.1706      1.683     42.247  35.552732     0.8483      8.084   126.0911 5.5588e+00     1.9053      1.723      2.498    17.1565 0.0000e+00
      1.762      0.014     0.1698      1.686     42.215  35.512899     0.8358      8.083   126.5521 5.5528e+00     1.8979      1.729      2.507    17.1283 0.0000e+00
      1.765      0.016     0.1664      1.720     42.010  35.327564     0.8272      8.083   126.9922 5.5385e+00     1.9954      1.731      2.510    17.1076 0.0000e+00
      1.766      0.019     0.1654      1.716     41.534  34.898071     0.8192      8.081   125.6479 5.5230e+00     2.1612      1.732      2.512    17.0908 0.0000e+00
      1.768      0.023     0.1617      1.691     41.209  34.570922     0.8142      8.075   123.8068 5.5125e+00     2.2284      1.734      2.514    17.0725 0.0000e+00
      1.773      0.025     0.1599      1.704     41.246  34.544346     0.8002      8.066   122.3703 5.4734e+00     2.1599      1.735      2.518    17.0556 0.0000e+00
      1.784      0.025     0.1690      1.731     41.329  34.576684     0.7825      8.061   121.9589 5.4118e+00     2.1174      1.747      2.534    17.0483 0.0000e+00
      1.797      0.024     0.1672      1.742     41.342  34.581190     0.7838      8.060   122.8771 5.3690e+00     2.1594      1.765      2.560    17.0219 0.0000e+00
      1.805      0.023     0.1603      1.745     41.188  34.471919     0.7993      8.062   122.8887 5.3504e+00     2.1889      1.772      2.571    16.9437 0.0000e+00
      1.807      0.020     0.1655      1.739     40.846  34.207220     0.8029      8.064   121.9277 5.3453e+00     2.1673      1.772      2.570    16.8601 0.0000e+00
      1.808      0.019     0.1686      1.718     40.507  33.918605     0.7704      8.065   120.7216 5.3497e+00     2.1374      1.773      2.571    16.8135 0.0000e+00
      1.809      0.019     0.1692      1.702     40.302  33.710441     0.7299      8.067   119.3187 5.3403e+00     2.1347      1.773      2.572    16.8060 0.0000e+00
      1.813      0.024     0.1694      1.698     40.295  33.657057     0.7204      8.067   119.5066 5.3131e+00     2.1688      1.776      2.575    16.8404 0.0000e+00
      1.821      0.030     0.1694      1.673     40.649  33.907527     0.7219      8.068   121.0998 5.2889e+00     2.2083      1.784      2.588    16.8840 0.0000e+00
      1.832      0.035     0.1664      1.652     41.585  34.645112     0.7151      8.069   121.6325 5.2677e+00     2.2015      1.796      2.604    16.8806 0.0000e+00
      1.842      0.039     0.1634      1.669     43.088  35.849739     0.7045      8.069   120.9574 5.2361e+00     2.1550      1.807      2.621    16.8204 0.0000e+00
      1.853      0.041     0.1671      1.707     44.594  37.051596     0.7023      8.069   119.7350 5.1986e+00     2.1580      1.816      2.634    16.7556 0.0000e+00
      1.864      0.041     0.1624      1.749     45.349  37.628287     0.7132      8.065   118.2094 5.1573e+00     2.2044      1.828      2.652    16.7043 0.0000e+00
      1.876      0.038     0.1585      1.772     45.469  37.682627     0.7121      8.060   117.4819 5.1085e+00     2.1692      1.840      2.668    16.6548 0.0000e+00
      1.886      0.034     0.1628      1.772     45.540  37.708562     0.6804      8.057   117.5643 5.0718e+00     2.0398      1.849      2.682    16.5994 0.0000e+00
      1.895      0.030     0.1659      1.766     45.623  37.751454     0.6470      8.056   117.3989 5.0520e+00     1.9382      1.860      2.699    16.5402 0.0000e+00
      1.901      0.028     0.1717      1.750     45.659  37.757008     0.6409      8.056   116.7724 5.0274e+00     1.9309      1.866      2.706    16.4811 0.0000e+00
      1.905      0.028     0.1746      1.722     45.639  37.712227     0.6484      8.055   115.9264 5.0050e+00     1.9520      1.867      2.709    16.4276 0.0000e+00
      1.909      0.029     0.1731      1.712     45.538  37.590706     0.6780      8.051   114.7413 5.0035e+00     1.9205      1.872      2.715    16.3943 0.0000e+00
      1.916      0.029     0.1732      1.717     45.468  37.493338     0.7241      8.046   113.7140 4.9783e+00     1.8565      1.877      2.722    16.3695 0.0000e+00
      1.927      0.029     0.1726      1.707     45.416  37.423300     0.7404      8.043   113.4857 4.9111e+00     1.8278      1.889      2.740    16.3446 0.0000e+00
      1.939      0.028     0.1677      1.706     45.302  37.314958     0.7418      8.043   113.6161 4.8695e+00     1.8806      1.904      2.762    16.3177 0.0000e+00
      1.946      0.027     0.1668      1.745     45.178  37.198653     0.7414      8.042   113.6557 4.8790e+00     1.9828      1.910      2.770    16.2725 0.0000e+00
      1.949      0.024     0.1701      1.787     45.153  37.159251     0.7185      8.039   113.4477 4.8898e+00     2.0720      1.911      2.772    16.2199 0.0000e+00
      1.953      0.022     0.1679      1.837     45.248  37.219260     0.6985      8.038   112.3063 4.8694e+00     2.1056      1.913      2.775    16.1904 0.0000e+00
      1.958      0.024     0.1648      1.913     45.353  37.289636     0.6993      8.038   110.6968 4.8436e+00     2.0821      1.919      2.784    16.1811 0.0000e+00
      1.963      0.031     0.1724      1.985     45.331  37.248684     0.6947      8.038   110.0766 4.8205e+00     2.0961      1.926      2.794    16.1697 0.0000e+00
      1.968      0.039     0.1761      2.062     45.207  37.104810     0.6680      8.035   109.8829 4.7846e+00     2.1376      1.929      2.798    16.1440 0.0000e+00
      1.978      0.048     0.1782      2.128     45.164  37.009488     0.6346      8.028   109.6457 4.7461e+00     2.1048      1.937      2.809    16.1218 0.0000e+00
      1.995      0.059     0.1900      2.144     45.366  37.111363     0.6238      8.018   109.2739 4.7004e+00     2.0419      1.955      2.836    16.1100 0.0000e+00
      2.013      0.069     0.1947      2.128     45.697  37.321198     0.6291      8.005   108.3130 4.6408e+00     2.0261      1.976      2.866    16.0893 0.0000e+00
      2.030      0.075     0.2030      2.104     45.857  37.389034     0.6155      7.996   106.9753 4.5818e+00     2.0164      1.990      2.885    16.0439 0.0000e+00
      2.050      0.074     0.2131      2.078     45.881  37.360392     0.5919      7.992   105.1450 4.5135e+00     1.9581      2.005      2.908    15.9685 0.0000e+00
      2.078      0.066     0.2127      2.053     45.898  37.355566     0.5769      7.990   103.4772 4.4522e+00     1.9018      2.038      2.958    15.8949 0.0000e+00
      2.103      0.055     0.2110      2.043     45.867  37.330659     0.5679      7.988   102.1255 4.4397e+00     1.8825      2.069      3.000    15.8365 0.0000e+00
      2.113      0.042     0.2087      2.042     45.837  37.313067     0.5740      7.987    99.9005 4.4430e+00     1.8955      2.073      3.006    15.7568 0.0000e+00
      2.115      0.031     0.2069      2.034     45.936  37.396693     0.5848      7.985    96.9655 4.4286e+00     1.9566      2.073      3.007    15.6945 0.0000e+00
      2.116      0.023     0.2030      2.041     46.248  37.643766     0.5812      7.981    94.4297 4.4166e+00     1.9376      2.075      3.009    15.6842 0.0000e+00
      2.117      0.020     0.2024      2.061     46.500  37.825587     0.5808      7.975    92.6437 4.4139e+00     1.8374      2.076      3.010    15.6887 0.0000e+00
      2.119      0.023     0.2042      2.064     46.524  37.818262     0.5881      7.971    91.3747 4.3962e+00     1.8381      2.077      3.012    15.6996 0.0000e+00
      2.127      0.028     0.2008      2.057     46.767  37.999361     0.5941      7.970    90.4424 4.3626e+00     1.9119      2.083      3.021    15.7044 0.0000e+00
      2.140      0.033     0.2017      2.043     47.183  38.301859     0.5957      7.970    89.7172 4.3406e+00     1.9776      2.102      3.048    15.7028 0.0000e+00
      2.150      0.036     0.2064      2.019     47.335  38.366253     0.5826      7.971    88.8010 4.3337e+00     1.9839      2.112      3.063    15.6731 0.0000e+00
