Data/DataNotYetUploadedToEDI/Raw_CTD/RawDownloads/071023_fcr50_S8188003.cnv
* Sea-Bird SBE19plus  Data File:
* FileName = C:\R\Reservoirs\Data\DataNotYetUploadedToEDI\Raw_CTD\RawDownloads\073123_fcr50_S8188_0003.hex
* Software version 2.8.0.119
* Temperature SN = 8188
* Conductivity SN = 8188
* System UpLoad Time = Aug 02 2023 16:14:58
* <ApplicationData>
* <Seaterm232>
# nquan = 16
# nvalues = 2024                        
# units = specified
# name 0 = depFM: Depth [fresh water, m]
# name 1 = dz/dtM: Descent Rate [m/s]
# name 2 = sbeox0Mg/L: Oxygen, SBE 43 [mg/l]
# name 3 = sbeox0PS: Oxygen, SBE 43 [% saturation]
# name 4 = specc: Specific Conductance [uS/cm]
# name 5 = c0uS/cm: Conductivity [uS/cm]
# name 6 = wetCDOM: Fluorescence, WET Labs CDOM [mg/m^3]
# name 7 = flECO-AFL: Fluorescence, WET Labs ECO-AFL/FL [mg/m^3]
# name 8 = flECO-AFL1: Fluorescence, WET Labs ECO-AFL/FL, 2 [mg/m^3]
# name 9 = flECO-AFL2: Fluorescence, WET Labs ECO-AFL/FL, 3 [mg/m^3]
# name 10 = par/sat/log: PAR/Logarithmic, Satlantic
# name 11 = turbWETntu0: Turbidity, WET Labs ECO [NTU]
# name 12 = prdM: Pressure, Strain Gauge [db]
# name 13 = prdE: Pressure, Strain Gauge [psi]
# name 14 = tv290C: Temperature [ITS-90, deg C]
# name 15 = flag:  0.000e+00
# span 0 =     -0.693,      9.122       
# span 1 =     -0.361,      0.288       
# span 2 =    -0.4448,     8.6605       
# span 3 =     -4.358,     93.398       
# span 4 =     -0.193,     58.118       
# span 5 =  -0.186325,  44.973554       
# span 6 =   -13.6800,     8.4600       
# span 7 =    -1.0768,   245.2458       
# span 8 =    -3.0672,     2.2578       
# span 9 =    -3.5955,     9.0945       
# span 10 = 1.1585e-01, 2.7501e+03      
# span 11 =    -7.3974,    97.2875      
# span 12 =     -0.680,      8.946      
# span 13 =     -0.986,     12.975      
# span 14 =    10.8413,    27.2540      
# span 15 = 0.0000e+00, 0.0000e+00      
# interval = seconds: 0.25
# start_time = Jul 10 2023 12:54:42 [Instrument's time stamp, header]
# bad_flag = -9.990e-29
*END*
[from data line 1356]
      5.461      0.021     8.5756     77.620     46.866  33.624287     3.6900     0.1172     0.0852     0.0846 2.5034e-01     5.4384      5.355      7.767    10.8689 0.0000e+00
      5.466      0.022     8.5787     77.615     46.861  33.621188     3.6900     0.1134     0.0852     0.0846 2.3541e-01     5.4233      5.361      7.775    10.8695 0.0000e+00
      5.472      0.022     8.5814     77.611     46.869  33.626985     3.6900     0.0905     0.0852     0.0846 2.1651e-01     5.4985      5.366      7.783    10.8700 0.0000e+00
      5.478      0.023     8.5834     77.608     46.881  33.635305     3.6000     0.1248     0.1278     0.1692 2.6506e-01     5.3632      5.372      7.792    10.8703 0.0000e+00
      5.484      0.024     8.5840     77.595     46.895  33.644403     3.6000     0.1210     0.1278     0.1692 2.3597e-01     5.3782      5.378      7.800    10.8704 0.0000e+00
      5.490      0.025     8.5834     77.571     46.908  33.652747     3.6000     0.1172     0.1278     0.1692 2.0259e-01     5.5286      5.384      7.808    10.8705 0.0000e+00
      5.497      0.025     8.5829     77.549     46.912  33.654639     3.6000     0.1019     0.1278     0.1692 2.0193e-01     5.4083      5.390      7.818    10.8703 0.0000e+00
      5.503      0.026     8.5827     77.537     46.901  33.646623     3.6900     0.1210     0.0852     0.2115 2.3236e-01     5.4835      5.397      7.827    10.8700 0.0000e+00
      5.510      0.026     8.5813     77.534     46.879  33.630522     3.6900     0.1210     0.0852     0.2115 2.5302e-01     5.5135      5.403      7.837    10.8693 0.0000e+00
      5.517      0.027     8.5789     77.534     46.856  33.613925     3.6900     0.1286     0.0852     0.2115 2.2880e-01     5.3332      5.410      7.846    10.8685 0.0000e+00
      5.523      0.027     8.5766     77.539     46.843  33.604288     3.6900     0.1210     0.0852     0.2115 1.9600e-01     5.4835      5.416      7.856    10.8678 0.0000e+00
      5.530      0.027     8.5754     77.550     46.842  33.603003     3.6900     0.1019     0.0852     0.0846 2.2296e-01     5.4684      5.423      7.865    10.8674 0.0000e+00
      5.537      0.028     8.5751     77.564     46.847  33.605766     3.6900     0.0638     0.0852     0.0846 2.0471e-01     5.4233      5.430      7.876    10.8671 0.0000e+00
      5.544      0.028     8.5752     77.573     46.848  33.605391     3.6900     0.0676     0.0852     0.0846 2.0206e-01     5.5135      5.437      7.886    10.8668 0.0000e+00
      5.551      0.028     8.5758     77.571     46.844  33.601780     3.6900     0.0371     0.0852     0.0846 1.8484e-01     5.4835      5.444      7.896    10.8665 0.0000e+00
      5.558      0.028     8.5772     77.561     46.846  33.601890     3.6900     0.0562     0.0852     0.0846 1.9558e-01     5.3782      5.451      7.906    10.8658 0.0000e+00
      5.566      0.028     8.5789     77.548     46.853  33.605751     3.6900     0.1210     0.0852     0.0846 1.9030e-01     5.7540      5.458      7.916    10.8648 0.0000e+00
      5.573      0.029     8.5801     77.533     46.855  33.606471     3.6900     0.0943     0.0852     0.0846 1.9342e-01     5.6939      5.465      7.926    10.8637 0.0000e+00
      5.580      0.030     8.5801     77.519     46.847  33.600281     3.6900     0.1134     0.0852     0.0846 1.9617e-01     5.7540      5.472      7.936    10.8626 0.0000e+00
      5.587      0.032     8.5792     77.514     46.838  33.593452     3.6900     0.1172     0.0852     0.0846 1.7817e-01     5.7390      5.479      7.947    10.8616 0.0000e+00
      5.595      0.034     8.5779     77.526     46.837  33.592085     3.6900     0.1210     0.0852     0.1269 1.8783e-01     5.4985      5.487      7.958    10.8606 0.0000e+00
      5.604      0.036     8.5764     77.549     46.838  33.591855     3.6900     0.0981     0.0852     0.1269 1.9905e-01     5.4835      5.496      7.971    10.8598 0.0000e+00
      5.614      0.037     8.5750     77.568     46.840  33.592698     3.6900     0.1134     0.0852     0.1269 2.0440e-01     5.5135      5.506      7.985    10.8592 0.0000e+00
      5.625      0.037     8.5746     77.575     46.843  33.594842     3.6900     0.1172     0.0852     0.1269 1.8067e-01     5.4684      5.516      8.001    10.8586 0.0000e+00
      5.636      0.035     8.5760     77.571     46.842  33.594895     3.6900     0.1286     0.0852     0.0846 1.8714e-01     5.4684      5.527      8.016    10.8578 0.0000e+00
      5.645      0.032     8.5787     77.562     46.843  33.596835     3.6900     0.1286     0.0852     0.0846 1.7682e-01     5.4684      5.536      8.029    10.8570 0.0000e+00
      5.652      0.029     8.5810     77.553     46.853  33.605137     3.6900     0.1439     0.0852     0.0846 1.7059e-01     5.4835      5.543      8.040    10.8566 0.0000e+00
      5.658      0.025     8.5818     77.549     46.868  33.618056     3.6900     0.1286     0.0852     0.0846 1.9088e-01     5.3933      5.549      8.049    10.8566 0.0000e+00
      5.664      0.022     8.5812     77.559     46.878  33.627155     3.6900     0.1210     0.1278     0.0846 1.4964e-01     5.4083      5.555      8.056    10.8572 0.0000e+00
      5.669      0.020     8.5800     77.584     46.881  33.630899     3.6900     0.1172     0.1278     0.0846 1.7007e-01     5.4684      5.560      8.064    10.8583 0.0000e+00
      5.674      0.019     8.5786     77.622     46.884  33.634247     3.6900     0.1172     0.1278     0.0846 1.7598e-01     5.4985      5.564      8.070    10.8601 0.0000e+00
      5.678      0.018     8.5778     77.662     46.882  33.634132     3.6900     0.1019     0.1278     0.0846 1.8459e-01     5.4083      5.569      8.077    10.8621 0.0000e+00
      5.683      0.017     8.5784     77.694     46.876  33.630523     3.6900     0.0142     0.1278     0.0846 1.5194e-01     5.1829      5.573      8.083    10.8641 0.0000e+00
      5.687      0.017     8.5809     77.712     46.868  33.626419     3.6900     0.0447     0.0852     0.1692 1.4954e-01     5.1979      5.577      8.089    10.8658 0.0000e+00
      5.692      0.016     8.5848     77.711     46.858  33.620724     3.6900     0.0485     0.0852     0.1692 1.6664e-01     5.2129      5.582      8.096    10.8672 0.0000e+00
      5.696      0.015     8.5890     77.694     46.850  33.615881     3.6900     0.0295     0.0852     0.1692 1.5931e-01     5.1829      5.586      8.102    10.8685 0.0000e+00
      5.700      0.015     8.5923     77.668     46.847  33.614559     3.6900     0.1286     0.0852     0.1692 1.5673e-01     5.0776      5.590      8.107    10.8696 0.0000e+00
      5.703      0.014     8.5940     77.636     46.843  33.612446     3.6900     0.1019     0.0852     0.1692 1.6703e-01     5.1678      5.593      8.112    10.8709 0.0000e+00
      5.706      0.013     8.5937     77.603     46.838  33.608977     3.6900     0.1286     0.0852     0.1692 1.6897e-01     5.3181      5.596      8.117    10.8722 0.0000e+00
      5.710      0.013     8.5915     77.580     46.841  33.611148     3.6900     0.1439     0.0852     0.1692 1.4703e-01     5.1829      5.599      8.121    10.8735 0.0000e+00
      5.713      0.013     8.5885     77.576     46.847  33.615579     3.6900     0.1172     0.0852     0.1692 1.5039e-01     5.3933      5.602      8.126    10.8743 0.0000e+00
      5.716      0.013     8.5849     77.589     46.846  33.615529     3.6900     0.1210     0.1278     0.1692 1.5504e-01     5.4083      5.606      8.130    10.8745 0.0000e+00
      5.719      0.013     8.5812     77.616     46.851  33.618907     3.6900     0.1286     0.1278     0.1692 1.4958e-01     5.4985      5.609      8.135    10.8747 0.0000e+00
      5.723      0.014     8.5786     77.645     46.868  33.630575     3.6900     0.1096     0.1278     0.1692 1.3992e-01     5.4083      5.612      8.140    10.8750 0.0000e+00
      5.726      0.014     8.5780     77.671     46.883  33.639779     3.6900     0.1286     0.1278     0.1692 1.4706e-01     5.5135      5.616      8.145    10.8756 0.0000e+00
      5.730      0.014     8.5795     77.697     46.883  33.639074     3.6900     0.1019     0.1278     0.1692 1.4627e-01     5.4684      5.620      8.151    10.8760 0.0000e+00
      5.734      0.014     8.5824     77.725     46.876  33.634213     3.6900     0.1134     0.1278     0.1692 1.4954e-01     5.4684      5.623      8.156    10.8758 0.0000e+00
      5.738      0.014     8.5858     77.748     46.870  33.629839     3.6900     0.1210     0.1278     0.1692 1.2648e-01     5.4384      5.627      8.161    10.8751 0.0000e+00
      5.741      0.014     8.5889     77.767     46.868  33.628748     3.6900     0.1134     0.1278     0.1692 1.2344e-01     5.4534      5.630      8.166    10.8740 0.0000e+00
      5.745      0.014     8.5920     77.782     46.870  33.630648     3.6900     0.1363     0.1278     0.1692 1.3279e-01     5.4684      5.634      8.171    10.8732 0.0000e+00
      5.748      0.014     8.5951     77.792     46.870  33.632087     3.6900     0.1210     0.0852     0.0846 1.5521e-01     5.4083      5.637      8.176    10.8727 0.0000e+00
      5.752      0.015     8.5977     77.799     46.875  33.637407     3.6900     0.1210     0.0852     0.0846 1.4375e-01     5.4985      5.641      8.181    10.8727 0.0000e+00
      5.756      0.015     8.5997     77.801     46.887  33.648027     3.6900     0.0333     0.0852     0.0846 1.4964e-01     5.4384      5.644      8.187    10.8731 0.0000e+00
      5.760      0.016     8.6011     77.792     46.900  33.658860     3.6900     0.0485     0.0852     0.0846 1.2544e-01     5.4083      5.648      8.192    10.8740 0.0000e+00
      5.764      0.016     8.6020     77.773     46.903  33.662890     3.6900     0.0638     0.1278     0.1269 1.2301e-01     5.4384      5.653      8.198    10.8752 0.0000e+00
      5.768      0.017     8.6024     77.751     46.902  33.663174     3.6900     0.0562     0.1278     0.1269 1.4371e-01     5.5135      5.657      8.204    10.8769 0.0000e+00
      5.772      0.017     8.6022     77.729     46.909  33.669689     3.6900     0.0447     0.1278     0.1269 1.2322e-01     5.2129      5.661      8.210    10.8789 0.0000e+00
      5.777      0.018     8.6009     77.709     46.920  33.678232     3.6900     0.0333     0.1278     0.1269 1.1605e-01     5.2279      5.665      8.216    10.8810 0.0000e+00
      5.781      0.019     8.5984     77.695     46.925  33.683158     3.6900     0.0714     0.1278     0.0846 1.3506e-01     5.2279      5.670      8.223    10.8829 0.0000e+00
      5.786      0.019     8.5957     77.683     46.928  33.685781     3.6900     0.0791     0.1278     0.0846 1.1610e-01     5.2129      5.675      8.230    10.8843 0.0000e+00
      5.792      0.019     8.5930     77.676     46.928  33.686801     3.6900     0.1058     0.1278     0.0846 1.3124e-01     5.4233      5.680      8.237    10.8854 0.0000e+00
      5.797      0.019     8.5906     77.684     46.927  33.686491     3.6900     0.1058     0.1278     0.0846 1.6150e-01     5.4083      5.685      8.245    10.8866 0.0000e+00
      5.802      0.019     8.5888     77.702     46.923  33.684766     3.6900     0.1210     0.1278     0.0846 1.1617e-01     5.4384      5.690      8.252    10.8876 0.0000e+00
      5.807      0.018     8.5873     77.726     46.916  33.681168     3.6000     0.1210     0.1278     0.1692 1.4078e-01     5.5286      5.694      8.259    10.8883 0.0000e+00
      5.811      0.018     8.5865     77.757     46.905  33.674738     3.6000     0.0714     0.1278     0.1692 1.1995e-01     5.4835      5.699      8.265    10.8891 0.0000e+00
      5.815      0.018     8.5871     77.792     46.887  33.663759     3.6000     0.0600     0.1278     0.1692 1.2000e-01     5.4083      5.703      8.271    10.8902 0.0000e+00
      5.819      0.018     8.5889     77.825     46.870  33.653227     3.6000     0.0714     0.1278     0.1692 1.2976e-01     5.5436      5.707      8.277    10.8914 0.0000e+00
      5.824      0.018     8.5912     77.854     46.862  33.648254     3.6000     0.0447     0.1278     0.1692 1.2642e-01     5.4684      5.712      8.284    10.8926 0.0000e+00
      5.829      0.018     8.5944     77.867     46.855  33.643553     3.6000     0.1058     0.1278     0.1692 1.1605e-01     5.4233      5.716      8.291    10.8939 0.0000e+00
      5.834      0.018     8.5979     77.859     46.847  33.637872     3.6000     0.1134     0.1278     0.1692 1.1595e-01     5.4684      5.721      8.297    10.8956 0.0000e+00
      5.838      0.019     8.6012     77.846     46.842  33.633654     3.6000     0.1286     0.1278     0.1692 1.2330e-01     5.4384      5.726      8.304    10.8974 0.0000e+00
      5.843      0.020     8.6042     77.838     46.838  33.629777     3.6900     0.0981     0.0852     0.2115 1.4090e-01     5.4083      5.730      8.310    10.8987 0.0000e+00
      5.848      0.021     8.6056     77.835     46.838  33.629167     3.6900     0.1210     0.0852     0.2115 1.2808e-01     5.1528      5.735      8.317    10.8990 0.0000e+00
      5.853      0.022     8.6047     77.829     46.849  33.635622     3.6900     0.1210     0.0852     0.2115 1.2322e-01     5.1979      5.740      8.325    10.8989 0.0000e+00
      5.859      0.024     8.6033     77.821     46.866  33.646903     3.6900     0.1096     0.0852     0.2115 1.1600e-01     5.2580      5.746      8.333    10.8985 0.0000e+00
      5.866      0.025     8.6026     77.814     46.882  33.658095     3.6900     0.1363     0.1278     0.1692 1.1605e-01     5.1077      5.752      8.343    10.8979 0.0000e+00
      5.872      0.025     8.6024     77.810     46.890  33.664261     3.6900     0.1134     0.1278     0.1692 1.1602e-01     5.4684      5.759      8.352    10.8969 0.0000e+00
      5.879      0.026     8.6020     77.804     46.886  33.661106     3.6900     0.1363     0.1278     0.1692 1.3757e-01     5.5286      5.765      8.361    10.8956 0.0000e+00
      5.885      0.026     8.6014     77.784     46.878  33.653729     3.6900     0.1134     0.1278     0.1692 1.3751e-01     5.4083      5.771      8.370    10.8946 0.0000e+00
      5.892      0.025     8.6007     77.751     46.875  33.650065     3.6900     0.1210     0.1278     0.1692 1.4229e-01     5.4684      5.778      8.380    10.8944 0.0000e+00
      5.898      0.025     8.6002     77.718     46.875  33.647155     3.6900     0.1172     0.0852     0.0846 1.4063e-01     5.6939      5.784      8.389    10.8946 0.0000e+00
      5.905      0.025     8.5995     77.692     46.876  33.644225     3.6900     0.1134     0.0852     0.0846 1.2626e-01     5.6939      5.791      8.398    10.8943 0.0000e+00
      5.911      0.024     8.5976     77.672     46.881  33.644454     3.6900     0.1134     0.0852     0.0846 1.3201e-01     5.6338      5.797      8.407    10.8928 0.0000e+00
      5.917      0.024     8.5944     77.659     46.884  33.641960     3.6900     0.1134     0.0852     0.0846 1.1623e-01     5.6939      5.802      8.416    10.8904 0.0000e+00
      5.923      0.023     8.5914     77.654     46.873  33.630138     3.6900     0.1210     0.1278     0.1269 1.2648e-01     5.1378      5.808      8.424    10.8874 0.0000e+00
      5.929      0.023     8.5892     77.651     46.853  33.611776     3.6900     0.0905     0.1278     0.1269 1.1686e-01     5.1829      5.814      8.433    10.8839 0.0000e+00
      5.935      0.023     8.5879     77.646     46.835  33.595840     3.6900     0.1134     0.1278     0.1269 1.1989e-01     5.2279      5.820      8.441    10.8797 0.0000e+00
      5.941      0.022     8.5874     77.633     46.830  33.589963     3.6900     0.1325     0.1278     0.1269 1.3198e-01     5.2129      5.826      8.449    10.8751 0.0000e+00
      5.946      0.022     8.5877     77.610     46.836  33.592577     3.6900     0.1172     0.0852     0.1269 1.2861e-01     5.6638      5.831      8.457    10.8705 0.0000e+00
      5.951      0.021     8.5882     77.580     46.843  33.596459     3.6900     0.1210     0.0852     0.1269 1.3523e-01     5.6187      5.836      8.465    10.8665 0.0000e+00
