Data/DataNotYetUploadedToEDI/Raw_CTD/RawDownloads/071023_bvr50_S8188002.cnv
* Sea-Bird SBE19plus  Data File:
* FileName = C:\R\Reservoirs\Data\DataNotYetUploadedToEDI\Raw_CTD\RawDownloads\073123_fcr50_S8188_0002.hex
* Software version 2.8.0.119
* Temperature SN = 8188
* Conductivity SN = 8188
* System UpLoad Time = Aug 02 2023 16:14:28
* <ApplicationData>
* <Seaterm232>
# nquan = 16
# nvalues = 1072                        
# units = specified
# name 0 = depFM: Depth [fresh water, m]
# name 1 = dz/dtM: Descent Rate [m/s]
# name 2 = sbeox0Mg/L: Oxygen, SBE 43 [mg/l]
# name 3 = sbeox0PS: Oxygen, SBE 43 [% saturation]
# name 4 = specc: Specific Conductance [uS/cm]
# name 5 = c0uS/cm: Conductivity [uS/cm]
# name 6 = wetCDOM: Fluorescence, WET Labs CDOM [mg/m^3]
# name 7 = flECO-AFL: Fluorescence, WET Labs ECO-AFL/FL [mg/m^3]
# name 8 = flECO-AFL1: Fluorescence, WET Labs ECO-AFL/FL, 2 [mg/m^3]
# name 9 = flECO-AFL2: Fluorescence, WET Labs ECO-AFL/FL, 3 [mg/m^3]
# name 10 = par/sat/log: PAR/Logarithmic, Satlantic
# name 11 = turbWETntu0: Turbidity, WET Labs ECO [NTU]
# name 12 = prdM: Pressure, Strain Gauge [db]
# name 13 = prdE: Pressure, Strain Gauge [psi]
# name 14 = tv290C: Temperature [ITS-90, deg C]
# name 15 = flag:  0.000e+00
# span 0 =     -0.775,      8.358       
# span 1 =     -0.248,      0.159       
# span 2 =    -1.2333,     9.9026       
# span 3 =    -11.346,    114.037       
# span 4 =      1.127,    108.632       
# span 5 =   1.156742,  74.405702       
# span 6 =    -4.5000,    10.4400       
# span 7 =    -2.6828,   245.2610       
# span 8 =    -7.8810,     2.0022       
# span 9 =    -2.0304,    21.1923       
# span 10 = 1.1590e-01, 2.2406e+03      
# span 11 =   -10.5387,   966.6006      
# span 12 =     -0.760,      8.196      
# span 13 =     -1.101,     11.887      
# span 14 =     9.2423,    26.3519      
# span 15 = 0.0000e+00, 0.0000e+00      
# interval = seconds: 0.25
# start_time = Jul 10 2023 10:58:57 [Instrument's time stamp, header]
# bad_flag = -9.990e-29
*END*
[from data line 814]
      6.000     -0.104     0.2349      2.173     72.669  51.732002     6.1200     2.8028     0.0852     2.4111 2.0526e+01     2.6428      5.884      8.534    10.5333 0.0000e+00
      5.973     -0.105     0.2377      2.170     72.322  51.508492     6.1200     2.8066     0.0852     2.4111 2.0397e+01     2.7179      5.858      8.496    10.5476 0.0000e+00
      5.947     -0.105     0.2398      2.163     71.869  51.209691     6.1200     2.7875     0.0852     2.4111 2.1851e+01     2.5977      5.832      8.458    10.5623 0.0000e+00
      5.920     -0.106     0.2413      2.157     71.239  50.785653     6.1200     2.7799     0.0852     2.4111 2.2434e+01     2.6277      5.805      8.420    10.5771 0.0000e+00
      5.893     -0.106     0.2419      2.155     70.503  50.287820     6.1200     3.7450     0.0426     2.8341 2.2688e+01     2.8231      5.779      8.381    10.5926 0.0000e+00
      5.865     -0.106     0.2415      2.153     69.644  49.706324     6.1200     3.7221     0.0426     2.8341 2.3665e+01     2.8532      5.752      8.343    10.6091 0.0000e+00
      5.838     -0.106     0.2406      2.151     68.572  48.975294     6.1200     3.7145     0.0426     2.8341 2.3960e+01     2.8682      5.726      8.304    10.6261 0.0000e+00
      5.812     -0.106     0.2398      2.156     67.138  47.990961     6.1200     3.7221     0.0426     2.8341 2.4033e+01     2.7329      5.699      8.266    10.6439 0.0000e+00
      5.785     -0.107     0.2395      2.173     65.314  46.734606     6.0300     4.1570     0.0852     3.1725 2.4301e+01     3.1087      5.673      8.228    10.6640 0.0000e+00
      5.758     -0.108     0.2391      2.204     63.445  45.457791     6.0300     4.1685     0.0852     3.1725 2.4668e+01     3.1388      5.647      8.190    10.6870 0.0000e+00
      5.731     -0.110     0.2387      2.247     61.998  44.493774     6.0300     4.1685     0.0852     3.1725 2.5123e+01     3.0786      5.620      8.151    10.7134 0.0000e+00
      5.703     -0.112     0.2391      2.308     60.986  43.845064     6.0300     4.1494     0.0852     3.1725 2.6011e+01     3.1688      5.593      8.112    10.7442 0.0000e+00
      5.674     -0.114     0.2408      2.400     60.096  43.279234     6.0300     5.8012     0.0852     3.1725 2.6571e+01     3.3191      5.565      8.071    10.7820 0.0000e+00
      5.645     -0.116     0.2439      2.539     59.265  42.748425     5.8500     5.8050     0.0852     4.3146 2.7179e+01     3.3492      5.536      8.029    10.8300 0.0000e+00
      5.615     -0.117     0.2483      2.730     58.687  42.394412     5.8500     5.8088     0.0852     4.3146 2.8609e+01     3.4093      5.506      7.986    10.8883 0.0000e+00
      5.584     -0.118     0.2547      2.976     58.396  42.239688     5.8500     5.8164     0.0852     4.3146 2.9582e+01     3.3943      5.476      7.943    10.9511 0.0000e+00
      5.554     -0.118     0.2645      3.279     58.105  42.074588     5.8500     8.8110     0.0852     4.3146 3.0245e+01     3.5746      5.446      7.899    11.0118 0.0000e+00
      5.523     -0.117     0.2793      3.643     57.527  41.692624     5.8500     8.7805     0.0852     4.9914 3.1603e+01     3.5897      5.417      7.856    11.0682 0.0000e+00
      5.493     -0.116     0.3000      4.060     56.782  41.186099     5.8500     8.7805     0.0852     4.9914 3.2621e+01     3.5295      5.387      7.814    11.1204 0.0000e+00
      5.464     -0.114     0.3267      4.510     56.172  40.776552     5.8500     8.7462     0.0852     4.9914 3.3746e+01     3.5897      5.358      7.772    11.1669 0.0000e+00
      5.435     -0.111     0.3596      4.964     55.774  40.521184     5.8500    13.9342     0.0852     4.9914 3.6310e+01     3.5596      5.330      7.730    11.2057 0.0000e+00
      5.406     -0.108     0.3992      5.396     55.534  40.379633     5.6700    13.9724     0.0852     6.4719 3.8379e+01     3.6798      5.302      7.689    11.2375 0.0000e+00
      5.379     -0.104     0.4447      5.799     55.438  40.339907     5.6700    13.9762     0.0852     6.4719 3.7399e+01     3.6197      5.275      7.651    11.2662 0.0000e+00
      5.353     -0.101     0.4937      6.168     55.403  40.337924     5.6700    13.9533     0.0852     6.4719 4.0057e+01     3.5446      5.250      7.614    11.2953 0.0000e+00
      5.329     -0.098     0.5430      6.500     55.231  40.230520     5.6700    14.8078     0.0852     6.4719 4.1331e+01     3.3342      5.226      7.579    11.3253 0.0000e+00
      5.304     -0.096     0.5899      6.791     54.847  39.967264     5.2200    14.8193     0.1278     8.4600 4.0477e+01     3.3041      5.202      7.545    11.3546 0.0000e+00
      5.280     -0.095     0.6336      7.050     54.303  39.590874     5.2200    14.8078     0.1278     8.4600 4.3809e+01     3.3191      5.178      7.510    11.3810 0.0000e+00
      5.256     -0.094     0.6736      7.277     53.616  39.115880     5.2200    14.7964     0.1278     8.4600 4.5103e+01     3.3041      5.154      7.476    11.4025 0.0000e+00
      5.232     -0.095     0.7096      7.476     52.865  38.601826     5.2200    15.0024     0.1278     8.4600 4.5487e+01     3.2740      5.131      7.442    11.4192 0.0000e+00
      5.209     -0.097     0.7411      7.659     52.072  38.064161     5.2200    14.9948     0.1278     8.4600 4.6456e+01     3.3191      5.108      7.409    11.4349 0.0000e+00
      5.185     -0.100     0.7690      7.847     51.074  37.385262     4.7700    14.9757     0.1278     9.1791 4.8763e+01     3.2891      5.085      7.375    11.4542 0.0000e+00
      5.160     -0.104     0.7933      8.073     49.831  36.538594     4.7700    14.9833     0.1278     9.1791 4.7549e+01     3.3642      5.060      7.339    11.4802 0.0000e+00
      5.133     -0.109     0.8143      8.379     48.328  35.516269     4.7700    12.6906     0.1278     9.1791 5.0182e+01     3.0035      5.034      7.301    11.5140 0.0000e+00
      5.105     -0.115     0.8332      8.811     46.567  34.322954     4.7700    12.6525     0.1278     9.1791 5.3110e+01     3.1087      5.006      7.260    11.5567 0.0000e+00
      5.074     -0.121     0.8525      9.422     44.847  33.179130     4.6800    12.6601     0.1278     9.5175 5.5229e+01     3.0937      4.976      7.217    11.6105 0.0000e+00
      5.043     -0.126     0.8754     10.261     43.434  32.276862     4.6800    12.6906     0.1278     9.5175 5.7594e+01     3.1989      4.945      7.172    11.6792 0.0000e+00
      5.009     -0.130     0.9063     11.363     42.325  31.607239     4.6800    10.3255     0.1278     9.5175 5.9064e+01     2.6578      4.912      7.125    11.7673 0.0000e+00
      4.975     -0.133     0.9501     12.755     41.400  31.076849     4.6800    10.2988     0.1278     9.5175 6.1983e+01     2.6578      4.879      7.076    11.8800 0.0000e+00
      4.940     -0.134     1.0122     14.449     40.582  30.629402     4.8600    10.3064     0.1278     8.9676 6.7597e+01     2.6879      4.844      7.026    12.0208 0.0000e+00
      4.905     -0.134     1.0976     16.432     39.935  30.309931     4.8600    10.3255     0.1278     8.9676 6.4948e+01     2.7931      4.810      6.976    12.1857 0.0000e+00
      4.870     -0.133     1.2100     18.659     39.502  30.136212     4.8600     7.1707     0.1278     8.9676 6.7392e+01     2.1768      4.776      6.927    12.3668 0.0000e+00
      4.836     -0.130     1.3520     21.048     39.244  30.067868     4.8600     7.1783     0.1278     8.9676 7.5356e+01     2.2370      4.742      6.878    12.5590 0.0000e+00
      4.803     -0.126     1.5246     23.487     39.107  30.060939     3.8700     7.1592     0.1278     6.1758 6.9701e+01     2.1768      4.710      6.831    12.7611 0.0000e+00
      4.771     -0.121     1.7265     25.843     39.025  30.070019     3.8700     7.1745     0.1278     6.1758 7.2528e+01     2.3271      4.679      6.786    12.9670 0.0000e+00
      4.741     -0.117     1.9531     27.982     38.950  30.069811     3.8700     6.3086     0.1278     6.1758 7.8447e+01     2.1919      4.649      6.743    13.1587 0.0000e+00
      4.713     -0.113     2.1966     29.778     38.860  30.050358     3.8700     6.2933     0.1278     6.1758 7.6014e+01     2.1317      4.621      6.703    13.3175 0.0000e+00
      4.684     -0.110     2.4460     31.138     38.757  30.020336     3.8700     6.2971     0.1278     6.1758 7.6811e+01     2.1768      4.594      6.663    13.4381 0.0000e+00
      4.657     -0.107     2.6873     32.031     38.640  29.977680     3.8700     6.2818     0.0852     5.5413 8.5366e+01     2.2820      4.567      6.623    13.5285 0.0000e+00
      4.630     -0.105     2.9061     32.479     38.487  29.903098     3.8700     5.3587     0.0852     5.5413 8.4462e+01     1.9664      4.540      6.585    13.6003 0.0000e+00
      4.603     -0.102     3.0892     32.545     38.323  29.814322     3.8700     5.3968     0.0852     5.5413 8.1275e+01     1.8462      4.514      6.547    13.6639 0.0000e+00
      4.577     -0.099     3.2265     32.319     38.171  29.733219     3.8700     5.3739     0.0852     5.5413 9.0564e+01     1.9063      4.488      6.510    13.7273 0.0000e+00
      4.552     -0.096     3.3149     31.899     37.997  29.634204     3.9600     5.3587     0.0852     4.3146 8.7488e+01     1.9363      4.464      6.475    13.7900 0.0000e+00
      4.529     -0.093     3.3576     31.385     37.802  29.526511     3.9600     4.0960     0.0852     4.3146 8.4114e+01     2.2670      4.441      6.442    13.8465 0.0000e+00
      4.506     -0.091     3.3610     30.875     37.643  29.456664     3.9600     4.0960     0.0852     4.3146 8.8137e+01     2.1768      4.419      6.409    13.8975 0.0000e+00
      4.484     -0.090     3.3344     30.441     37.547  29.437719     3.9600     4.0884     0.0852     4.3146 9.4484e+01     2.1618      4.397      6.378    13.9457 0.0000e+00
      4.461     -0.090     3.2877     30.113     37.531  29.468586     3.8700     4.0998     0.0852     3.1302 9.0367e+01     2.1167      4.375      6.345    13.9942 0.0000e+00
      4.438     -0.089     3.2308     29.897     37.587  29.539681     3.8700     3.8290     0.0852     3.1302 8.9683e+01     1.9063      4.352      6.313    14.0523 0.0000e+00
      4.415     -0.089     3.1733     29.780     37.670  29.614523     3.8700     3.8557     0.0852     3.1302 9.1156e+01     1.9965      4.330      6.280    14.1248 0.0000e+00
      4.392     -0.089     3.1236     29.728     37.718  29.649711     3.8700     3.8595     0.0852     3.1302 9.1474e+01     1.9814      4.307      6.247    14.1988 0.0000e+00
      4.369     -0.088     3.0860     29.693     37.689  29.620967     3.7800     3.8442     0.0852     3.2148 8.4059e+01     1.9514      4.285      6.215    14.2569 0.0000e+00
      4.347     -0.087     3.0614     29.629     37.551  29.518645     3.7800     2.5739     0.0852     3.2148 9.3199e+01     2.1017      4.263      6.183    14.2922 0.0000e+00
      4.325     -0.085     3.0484     29.520     37.315  29.366936     3.7800     2.5548     0.0852     3.2148 9.4648e+01     2.2370      4.241      6.152    14.3053 0.0000e+00
      4.303     -0.082     3.0434     29.379     37.051  29.224382     3.7800     2.5510     0.0852     3.2148 9.5995e+01     2.2670      4.220      6.121    14.3018 0.0000e+00
      4.282     -0.081     3.0402     29.245     36.820  29.128212     3.7800     2.5510     0.0852     3.2148 9.7022e+01     2.2820      4.199      6.091    14.2945 0.0000e+00
      4.263     -0.080     3.0331     29.167     36.627  29.066645     3.8700     2.3145     0.0852     2.9610 9.5433e+01     2.2670      4.180      6.063    14.3041 0.0000e+00
      4.244     -0.080     3.0189     29.198     36.434  28.999507     3.8700     2.3069     0.0852     2.9610 9.1394e+01     2.1317      4.162      6.036    14.3507 0.0000e+00
      4.224     -0.081     2.9987     29.388     36.204  28.897019     3.8700     2.3183     0.0852     2.9610 8.9644e+01     2.2069      4.143      6.008    14.4390 0.0000e+00
      4.204     -0.082     2.9774     29.762     35.945  28.769472     3.8700     2.3298     0.0852     2.9610 9.5288e+01     2.1768      4.123      5.979    14.5556 0.0000e+00
      4.182     -0.084     2.9612     30.321     35.698  28.654131     3.8700     2.4175     0.0852     1.5651 9.3463e+01     2.1768      4.101      5.948    14.6804 0.0000e+00
      4.160     -0.086     2.9566     31.041     35.490  28.569738     3.8700     2.4480     0.0852     1.5651 9.8424e+01     2.2670      4.079      5.916    14.7988 0.0000e+00
      4.137     -0.087     2.9684     31.887     35.313  28.509632     3.8700     2.4366     0.0852     1.5651 1.1034e+02     2.2370      4.057      5.884    14.9099 0.0000e+00
      4.114     -0.086     2.9987     32.822     35.158  28.465706     3.8700     2.4595     0.0852     1.5651 1.0870e+02     2.1768      4.034      5.851    15.0208 0.0000e+00
      4.091     -0.086     3.0472     33.809     35.021  28.434168     3.7800     2.0780     0.0426     1.7343 1.1572e+02     2.1919      4.012      5.819    15.1356 0.0000e+00
      4.070     -0.085     3.1116     34.806     34.888  28.402652     3.7800     2.0589     0.0426     1.7343 1.2750e+02     2.1618      3.991      5.789    15.2523 0.0000e+00
      4.049     -0.084     3.1883     35.777     34.730  28.354837     3.7800     2.0742     0.0426     1.7343 1.1798e+02     2.1317      3.971      5.760    15.3684 0.0000e+00
      4.029     -0.085     3.2736     36.706     34.548  28.297771     3.7800     2.0665     0.0426     1.7343 1.2959e+02     2.1468      3.951      5.730    15.4832 0.0000e+00
      4.007     -0.086     3.3639     37.604     34.353  28.239999     3.7800     2.1161     0.0426     0.9729 1.2065e+02     1.8913      3.930      5.700    15.5959 0.0000e+00
      3.985     -0.088     3.4549     38.499     34.153  28.179978     3.7800     2.1657     0.0426     0.9729 1.2333e+02     2.0716      3.909      5.669    15.7066 0.0000e+00
      3.963     -0.090     3.5425     39.437     33.967  28.129425     3.7800     2.1924     0.0426     0.9729 1.3538e+02     1.9814      3.886      5.636    15.8229 0.0000e+00
      3.939     -0.093     3.6242     40.465     33.820  28.104560     3.7800     2.1734     0.0426     0.9729 1.2948e+02     1.9814      3.863      5.603    15.9558 0.0000e+00
      3.915     -0.094     3.7011     41.613     33.726  28.110636     3.7800     2.1886     0.0426     0.9729 1.4204e+02     1.9814      3.839      5.568    16.1044 0.0000e+00
      3.890     -0.095     3.7771     42.882     33.675  28.133438     3.7800     2.1505     0.0426     0.9306 1.4337e+02     1.9664      3.815      5.533    16.2576 0.0000e+00
      3.866     -0.095     3.8569     44.237     33.651  28.155293     3.7800     2.1352     0.0426     0.9306 1.3986e+02     1.9063      3.791      5.498    16.4080 0.0000e+00
      3.841     -0.095     3.9457     45.596     33.642  28.170150     3.7800     2.1505     0.0426     0.9306 1.4896e+02     1.9514      3.767      5.463    16.5504 0.0000e+00
      3.817     -0.095     4.0473     46.843     33.626  28.170092     3.7800     2.1314     0.0426     0.9306 1.4459e+02     2.0115      3.743      5.429    16.6746 0.0000e+00
      3.793     -0.095     4.1627     47.858     33.584  28.151143     3.6900     1.9330     0.0426     0.6768 1.4032e+02     1.6057      3.720      5.396    16.7697 0.0000e+00
      3.770     -0.095     4.2891     48.551     33.518  28.124088     3.6900     1.9674     0.0426     0.6768 1.4671e+02     1.7109      3.697      5.362    16.8312 0.0000e+00
      3.746     -0.096     4.4181     48.909     33.445  28.105469     3.6900     1.9330     0.0426     0.6768 1.4883e+02     1.7560      3.673      5.328    16.8646 0.0000e+00
      3.721     -0.096     4.5373     49.007     33.377  28.098243     3.6900     1.9750     0.0426     0.6768 1.5612e+02     1.6808      3.649      5.293    16.8843 0.0000e+00
