Data/DataNotYetUploadedToEDI/Raw_CTD/RawDownloads/071023_bvr50_S8188002.cnv
* Sea-Bird SBE19plus  Data File:
* FileName = C:\R\Reservoirs\Data\DataNotYetUploadedToEDI\Raw_CTD\RawDownloads\073123_fcr50_S8188_0002.hex
* Software version 2.8.0.119
* Temperature SN = 8188
* Conductivity SN = 8188
* System UpLoad Time = Aug 02 2023 16:14:28
* <ApplicationData>
* <Seaterm232>
# nquan = 16
# nvalues = 1072                        
# units = specified
# name 0 = depFM: Depth [fresh water, m]
# name 1 = dz/dtM: Descent Rate [m/s]
# name 2 = sbeox0Mg/L: Oxygen, SBE 43 [mg/l]
# name 3 = sbeox0PS: Oxygen, SBE 43 [% saturation]
# name 4 = specc: Specific Conductance [uS/cm]
# name 5 = c0uS/cm: Conductivity [uS/cm]
# name 6 = wetCDOM: Fluorescence, WET Labs CDOM [mg/m^3]
# name 7 = flECO-AFL: Fluorescence, WET Labs ECO-AFL/FL [mg/m^3]
# name 8 = flECO-AFL1: Fluorescence, WET Labs ECO-AFL/FL, 2 [mg/m^3]
# name 9 = flECO-AFL2: Fluorescence, WET Labs ECO-AFL/FL, 3 [mg/m^3]
# name 10 = par/sat/log: PAR/Logarithmic, Satlantic
# name 11 = turbWETntu0: Turbidity, WET Labs ECO [NTU]
# name 12 = prdM: Pressure, Strain Gauge [db]
# name 13 = prdE: Pressure, Strain Gauge [psi]
# name 14 = tv290C: Temperature [ITS-90, deg C]
# name 15 = flag:  0.000e+00
# span 0 =     -0.775,      8.358       
# span 1 =     -0.248,      0.159       
# span 2 =    -1.2333,     9.9026       
# span 3 =    -11.346,    114.037       
# span 4 =      1.127,    108.632       
# span 5 =   1.156742,  74.405702       
# span 6 =    -4.5000,    10.4400       
# span 7 =    -2.6828,   245.2610       
# span 8 =    -7.8810,     2.0022       
# span 9 =    -2.0304,    21.1923       
# span 10 = 1.1590e-01, 2.2406e+03      
# span 11 =   -10.5387,   966.6006      
# span 12 =     -0.760,      8.196      
# span 13 =     -1.101,     11.887      
# span 14 =     9.2423,    26.3519      
# span 15 = 0.0000e+00, 0.0000e+00      
# interval = seconds: 0.25
# start_time = Jul 10 2023 10:58:57 [Instrument's time stamp, header]
# bad_flag = -9.990e-29
*END*
[from data line 452]
      4.471      0.054     3.5510     37.265     33.085  28.161201     3.6900     1.9521     0.0852     0.4230 8.3205e+01     2.5526      4.384      6.359    17.6146 0.0000e+00
      4.484      0.054     3.5611     37.262     33.102  28.169351     3.6900     1.9597     0.0852     0.4230 7.6911e+01     2.4173      4.397      6.378    17.5910 0.0000e+00
      4.497      0.055     3.5645     37.319     33.110  28.166348     3.6900     1.9559     0.0852     0.4230 8.1700e+01     2.4774      4.410      6.397    17.5748 0.0000e+00
      4.511      0.056     3.5629     37.436     33.111  28.151391     3.6900     1.9521     0.0852     0.3384 8.4444e+01     2.3873      4.424      6.416    17.5639 0.0000e+00
      4.525      0.058     3.5600     37.580     33.122  28.136329     3.6900     1.9407     0.0852     0.3384 8.0135e+01     2.4323      4.438      6.437    17.5551 0.0000e+00
      4.540      0.061     3.5604     37.691     33.160  28.132984     3.6900     2.0131     0.0852     0.3384 8.0975e+01     2.4925      4.453      6.458    17.5450 0.0000e+00
      4.556      0.063     3.5670     37.705     33.219  28.136502     3.6900     2.0208     0.0852     0.3384 8.4922e+01     2.4925      4.468      6.480    17.5304 0.0000e+00
      4.573      0.066     3.5798     37.547     33.274  28.131982     3.6900     2.0017     0.0426     0.3384 7.4964e+01     2.4474      4.484      6.504    17.5075 0.0000e+00
      4.590      0.068     3.5962     37.146     33.322  28.118216     3.6900     2.0170     0.0426     0.3384 7.2465e+01     2.4624      4.502      6.529    17.4709 0.0000e+00
      4.608      0.069     3.6109     36.462     33.373  28.103409     3.6900     2.0894     0.0426     0.3384 7.7667e+01     2.1317      4.519      6.554    17.4166 0.0000e+00
      4.626      0.071     3.6173     35.510     33.426  28.087571     3.6900     2.0780     0.0426     0.3384 7.3066e+01     2.2971      4.537      6.580    17.3474 0.0000e+00
      4.644      0.071     3.6077     34.351     33.478  28.070434     3.6900     2.0780     0.0426     0.3384 7.4817e+01     2.2820      4.555      6.606    17.2703 0.0000e+00
      4.663      0.071     3.5749     33.075     33.528  28.055347     3.6900     2.0780     0.0852     0.4653 7.9424e+01     2.2219      4.573      6.632    17.1889 0.0000e+00
      4.681      0.071     3.5152     31.779     33.575  28.042242     3.6900     2.4366     0.0852     0.4653 7.3368e+01     2.1768      4.591      6.659    17.1025 0.0000e+00
      4.699      0.070     3.4296     30.560     33.617  28.031583     3.6900     2.4442     0.0852     0.4653 6.8202e+01     2.1468      4.609      6.684    17.0117 0.0000e+00
      4.717      0.069     3.3238     29.503     33.658  28.024485     3.6900     2.4518     0.0852     0.4653 7.4138e+01     2.1768      4.626      6.710    16.9209 0.0000e+00
      4.735      0.069     3.2060     28.669     33.691  28.015095     3.6900     2.4251     0.0852     0.2538 7.2955e+01     2.1468      4.643      6.734    16.8355 0.0000e+00
      4.752      0.069     3.0854     28.077     33.716  28.000908     3.6900     2.4480     0.0852     0.2538 6.8559e+01     2.1317      4.660      6.759    16.7583 0.0000e+00
      4.769      0.069     2.9715     27.702     33.739  27.986058     3.6900     2.4404     0.0852     0.2538 7.0554e+01     2.1618      4.677      6.783    16.6895 0.0000e+00
      4.787      0.069     2.8726     27.489     33.763  27.970545     3.6900     2.4671     0.0852     0.2538 7.0080e+01     2.1317      4.694      6.808    16.6282 0.0000e+00
      4.804      0.070     2.7947     27.375     33.781  27.950229     3.6900     2.4366     0.0426     0.3807 6.6882e+01     2.2370      4.712      6.834    16.5730 0.0000e+00
      4.823      0.070     2.7401     27.312     33.795  27.927612     3.6900     2.5052     0.0426     0.3807 6.7833e+01     2.2670      4.729      6.859    16.5213 0.0000e+00
      4.841      0.070     2.7067     27.273     33.812  27.908538     3.6900     2.4862     0.0426     0.3807 6.7217e+01     2.2370      4.747      6.885    16.4700 0.0000e+00
      4.858      0.070     2.6889     27.253     33.829  27.891882     3.6900     2.5091     0.0426     0.3807 6.4976e+01     2.2069      4.764      6.910    16.4178 0.0000e+00
      4.876      0.070     2.6807     27.258     33.852  27.879138     3.6900     2.5281     0.0426     0.4230 6.4470e+01     2.2069      4.782      6.935    16.3656 0.0000e+00
      4.893      0.070     2.6775     27.292     33.883  27.872848     3.6900     2.9478     0.0426     0.4230 6.3002e+01     2.1618      4.799      6.960    16.3151 0.0000e+00
      4.911      0.071     2.6764     27.362     33.915  27.865394     3.6900     2.9287     0.0426     0.4230 6.3829e+01     2.1768      4.816      6.985    16.2670 0.0000e+00
      4.929      0.071     2.6771     27.459     33.944  27.852806     3.6900     2.9363     0.0426     0.4230 6.3098e+01     2.1017      4.834      7.011    16.2209 0.0000e+00
      4.947      0.072     2.6802     27.563     33.979  27.841625     3.6900     2.9516     0.0426     0.4230 6.2538e+01     2.1618      4.852      7.037    16.1750 0.0000e+00
      4.966      0.072     2.6863     27.645     34.028  27.836789     3.6900     3.2453     0.0852     0.4230 6.0717e+01     2.1468      4.870      7.063    16.1278 0.0000e+00
      4.984      0.073     2.6960     27.678     34.084  27.833047     3.6900     3.2644     0.0852     0.4230 6.0074e+01     2.1919      4.888      7.089    16.0782 0.0000e+00
      5.003      0.072     2.7087     27.651     34.134  27.823458     3.6900     3.2644     0.0852     0.4230 5.7757e+01     2.1468      4.906      7.115    16.0247 0.0000e+00
      5.022      0.071     2.7224     27.590     34.181  27.811403     3.6900     3.2377     0.0852     0.4230 5.8464e+01     2.1317      4.924      7.142    15.9655 0.0000e+00
      5.040      0.070     2.7343     27.545     34.228  27.803565     3.6900     3.7756     0.0852     0.5922 5.5313e+01     1.9814      4.943      7.169    15.8994 0.0000e+00
      5.059      0.068     2.7417     27.583     34.274  27.799830     3.6900     3.7870     0.0852     0.5922 5.3912e+01     1.9965      4.961      7.195    15.8273 0.0000e+00
      5.076      0.065     2.7434     27.762     34.312  27.793263     3.6900     3.7794     0.0852     0.5922 5.6002e+01     1.9965      4.977      7.219    15.7526 0.0000e+00
      5.092      0.062     2.7416     28.118     34.339  27.780130     3.6900     3.8023     0.0852     0.5922 5.3644e+01     1.8913      4.993      7.242    15.6799 0.0000e+00
      5.107      0.060     2.7411     28.648     34.359  27.762869     3.6000     4.2028     0.0852     0.5076 5.2036e+01     1.8462      5.007      7.263    15.6125 0.0000e+00
      5.121      0.058     2.7485     29.330     34.377  27.744795     3.6000     4.2371     0.0852     0.5076 5.4667e+01     1.9514      5.022      7.284    15.5519 0.0000e+00
      5.136      0.056     2.7697     30.127     34.395  27.729005     3.6000     4.2486     0.0852     0.5076 5.2822e+01     2.0115      5.036      7.305    15.4971 0.0000e+00
      5.150      0.054     2.8083     30.997     34.418  27.719207     3.6000     4.2104     0.0852     0.5076 5.0051e+01     2.0265      5.050      7.325    15.4462 0.0000e+00
      5.164      0.053     2.8644     31.898     34.446  27.716746     3.5100     4.4126     0.0000     0.7614 5.3237e+01     1.9363      5.064      7.345    15.3975 0.0000e+00
      5.177      0.051     2.9356     32.790     34.471  27.717006     3.5100     4.4317     0.0000     0.7614 5.0929e+01     1.9965      5.077      7.364    15.3504 0.0000e+00
      5.190      0.049     3.0183     33.641     34.489  27.716095     3.5100     4.4050     0.0000     0.7614 4.8668e+01     1.9814      5.090      7.382    15.3054 0.0000e+00
      5.202      0.047     3.1082     34.420     34.505  27.717731     3.5100     4.4393     0.0000     0.7614 5.0280e+01     2.0115      5.102      7.399    15.2640 0.0000e+00
      5.214      0.047     3.2009     35.094     34.525  27.726307     3.5100     4.6415     0.0000     0.7614 4.8530e+01     1.9363      5.113      7.416    15.2282 0.0000e+00
      5.225      0.048     3.2924     35.633     34.543  27.736193     3.5100     4.6491     0.0426     0.7614 4.7632e+01     1.9363      5.124      7.431    15.1991 0.0000e+00
      5.236      0.050     3.3794     36.010     34.543  27.734186     3.5100     4.6301     0.0426     0.7614 5.0225e+01     1.8913      5.135      7.448    15.1766 0.0000e+00
      5.249      0.053     3.4587     36.207     34.520  27.715790     3.5100     4.6301     0.0426     0.7614 4.8404e+01     2.0566      5.147      7.466    15.1604 0.0000e+00
      5.263      0.057     3.5273     36.222     34.487  27.687980     3.5100     5.0039     0.0426     0.7614 4.7549e+01     1.6508      5.161      7.486    15.1496 0.0000e+00
      5.279      0.061     3.5819     36.071     34.456  27.655220     3.5100     5.0382     0.0426     0.8037 4.7056e+01     1.6508      5.176      7.508    15.1431 0.0000e+00
      5.295      0.063     3.6198     35.785     34.427  27.616691     3.5100     5.0115     0.0426     0.8037 4.5468e+01     1.6808      5.193      7.532    15.1410 0.0000e+00
      5.313      0.065     3.6395     35.411     34.399  27.570038     3.5100     5.0306     0.0426     0.8037 4.4038e+01     1.7710      5.210      7.556    15.1411 0.0000e+00
      5.330      0.067     3.6412     35.006     34.373  27.514699     3.5100     5.4388     0.0426     0.8037 4.2970e+01     1.7710      5.227      7.581    15.1384 0.0000e+00
      5.347      0.067     3.6269     34.626     34.363  27.459671     3.5100     5.4235     0.0852     0.7191 4.2886e+01     1.7410      5.244      7.605    15.1277 0.0000e+00
      5.364      0.068     3.5998     34.332     34.374  27.414037     3.5100     5.4083     0.0852     0.7191 4.2028e+01     1.6508      5.260      7.629    15.1057 0.0000e+00
      5.381      0.068     3.5648     34.175     34.396  27.373545     3.5100     5.4312     0.0852     0.7191 4.0504e+01     1.7710      5.277      7.654    15.0706 0.0000e+00
      5.398      0.069     3.5279     34.190     34.426  27.337291     3.5100     7.5293     0.0852     0.7191 4.0716e+01     1.6658      5.294      7.678    15.0198 0.0000e+00
      5.416      0.070     3.4948     34.392     34.490  27.323325     3.5100     7.5293     0.0426     0.9729 4.0680e+01     1.7410      5.311      7.703    14.9523 0.0000e+00
      5.434      0.072     3.4712     34.762     34.600  27.335838     3.5100     7.5216     0.0426     0.9729 3.8655e+01     1.8011      5.329      7.728    14.8728 0.0000e+00
      5.452      0.073     3.4617     35.248     34.697  27.330650     3.5100     7.5483     0.0426     0.9729 3.8689e+01     1.6808      5.347      7.754    14.7888 0.0000e+00
      5.471      0.075     3.4700     35.777     34.724  27.264800     3.5100    10.1386     0.0426     0.9729 3.7742e+01     2.4023      5.365      7.781    14.7022 0.0000e+00
      5.491      0.076     3.4978     36.263     34.700  27.158340     3.5100    10.1538     0.0426     0.9729 3.5855e+01     2.4624      5.384      7.809    14.6079 0.0000e+00
      5.510      0.077     3.5439     36.618     34.663  27.046229     3.5100    10.1348     0.0426     1.0575 3.4948e+01     2.3722      5.404      7.838    14.5010 0.0000e+00
      5.530      0.077     3.6030     36.772     34.621  26.936182     3.5100    10.1615     0.0426     1.0575 3.4736e+01     2.4925      5.423      7.866    14.3819 0.0000e+00
      5.550      0.076     3.6671     36.700     34.584  26.836465     3.5100    14.7430     0.0426     1.0575 3.4055e+01     2.4474      5.443      7.894    14.2554 0.0000e+00
      5.570      0.075     3.7271     36.434     34.560  26.752161     3.5100    14.7544     0.0426     1.0575 3.3512e+01     2.4624      5.462      7.922    14.1291 0.0000e+00
      5.589      0.074     3.7733     36.051     34.546  26.678604     3.6000    14.7544     0.0852     2.4534 3.2185e+01     2.4624      5.481      7.950    14.0091 0.0000e+00
      5.608      0.071     3.7981     35.652     34.541  26.615974     3.6000    14.7697     0.0852     2.4534 3.2220e+01     2.4624      5.500      7.976    13.8978 0.0000e+00
      5.626      0.069     3.7990     35.327     34.549  26.567364     3.6000    17.4209     0.0852     2.4534 3.1623e+01     2.1768      5.517      8.002    13.7955 0.0000e+00
      5.643      0.066     3.7792     35.153     34.575  26.535646     3.6000    17.4400     0.0852     2.4534 3.1220e+01     2.1017      5.534      8.026    13.7003 0.0000e+00
      5.660      0.064     3.7469     35.189     34.619  26.520281     3.5100    17.4362     0.1278     2.9187 3.0829e+01     2.1768      5.550      8.050    13.6104 0.0000e+00
      5.675      0.062     3.7123     35.475     34.669  26.513208     3.5100    17.4057     0.1278     2.9187 2.9698e+01     2.2971      5.565      8.072    13.5256 0.0000e+00
      5.691      0.061     3.6851     36.017     34.731  26.516501     3.5100    18.5272     0.1278     2.9187 2.8559e+01     2.3873      5.581      8.094    13.4459 0.0000e+00
      5.706      0.060     3.6732     36.779     34.814  26.538954     3.5100    18.5310     0.1278     2.9187 2.8183e+01     2.4925      5.596      8.116    13.3710 0.0000e+00
      5.721      0.060     3.6828     37.697     34.911  26.574675     3.5100    18.5196     0.1278     2.9187 2.8152e+01     2.4774      5.611      8.137    13.3007 0.0000e+00
      5.737      0.059     3.7185     38.676     35.003  26.609434     3.5100    18.5425     0.1278     3.0879 2.7362e+01     2.4925      5.626      8.159    13.2346 0.0000e+00
      5.752      0.059     3.7806     39.600     35.096  26.648537     3.5100    16.6999     0.1278     3.0879 2.6525e+01     3.0035      5.640      8.181    13.1722 0.0000e+00
      5.767      0.058     3.8658     40.339     35.203  26.702411     3.5100    16.7076     0.1278     3.0879 2.6699e+01     3.0486      5.655      8.202    13.1134 0.0000e+00
      5.781      0.058     3.9671     40.747     35.314  26.761666     3.5100    16.6961     0.1278     3.0879 2.6250e+01     3.1388      5.670      8.223    13.0586 0.0000e+00
      5.796      0.058     4.0747     40.692     35.424  26.822306     3.6000    16.7038     0.1278     4.8645 2.5260e+01     2.9584      5.684      8.244    13.0085 0.0000e+00
      5.811      0.057     4.1761     40.092     35.543  26.890602     3.6000    21.0335     0.1278     4.8645 2.4824e+01     5.6939      5.698      8.265    12.9636 0.0000e+00
      5.825      0.057     4.2576     38.916     35.685  26.976847     3.6000    21.0068     0.1278     4.8645 2.4513e+01     5.7239      5.713      8.286    12.9239 0.0000e+00
      5.840      0.057     4.3038     37.184     35.869  27.098100     3.6000    21.0182     0.1278     4.8645 2.3466e+01     5.6939      5.727      8.306    12.8886 0.0000e+00
      5.854      0.057     4.3009     34.958     36.124  27.274815     3.7800    20.9915     0.1704    11.2518 2.3152e+01     5.7841      5.741      8.327    12.8564 0.0000e+00
      5.868      0.057     4.2400     32.338     36.498  27.542237     3.7800    20.2362     0.1704    11.2518 2.2926e+01     6.9714      5.755      8.347    12.8261 0.0000e+00
      5.882      0.058     4.1180     29.453     37.070  27.951884     3.7800    20.2057     0.1704    11.2518 2.2492e+01     6.8512      5.769      8.367    12.7977 0.0000e+00
      5.897      0.059     3.9366     26.456     37.871  28.517964     3.7800    20.2095     0.1704    11.2518 2.2148e+01     6.8512      5.783      8.388    12.7728 0.0000e+00
      5.912      0.060     3.7022     23.475     38.820  29.171672     3.9600    20.2553     0.2130    21.1923 2.1437e+01     6.9414      5.798      8.409    12.7525 0.0000e+00
      5.927      0.061     3.4256     20.555     39.737  29.778461     3.9600    10.2492     0.2130    21.1923 2.0831e+01     5.0626      5.813      8.431    12.7336 0.0000e+00
