Data/DataNotYetUploadedToEDI/Raw_CTD/RawDownloads/071023_fcr50_S8188003.cnv
* Sea-Bird SBE19plus  Data File:
* FileName = C:\R\Reservoirs\Data\DataNotYetUploadedToEDI\Raw_CTD\RawDownloads\073123_fcr50_S8188_0003.hex
* Software version 2.8.0.119
* Temperature SN = 8188
* Conductivity SN = 8188
* System UpLoad Time = Aug 02 2023 16:14:58
* <ApplicationData>
* <Seaterm232>
# nquan = 16
# nvalues = 2024                        
# units = specified
# name 0 = depFM: Depth [fresh water, m]
# name 1 = dz/dtM: Descent Rate [m/s]
# name 2 = sbeox0Mg/L: Oxygen, SBE 43 [mg/l]
# name 3 = sbeox0PS: Oxygen, SBE 43 [% saturation]
# name 4 = specc: Specific Conductance [uS/cm]
# name 5 = c0uS/cm: Conductivity [uS/cm]
# name 6 = wetCDOM: Fluorescence, WET Labs CDOM [mg/m^3]
# name 7 = flECO-AFL: Fluorescence, WET Labs ECO-AFL/FL [mg/m^3]
# name 8 = flECO-AFL1: Fluorescence, WET Labs ECO-AFL/FL, 2 [mg/m^3]
# name 9 = flECO-AFL2: Fluorescence, WET Labs ECO-AFL/FL, 3 [mg/m^3]
# name 10 = par/sat/log: PAR/Logarithmic, Satlantic
# name 11 = turbWETntu0: Turbidity, WET Labs ECO [NTU]
# name 12 = prdM: Pressure, Strain Gauge [db]
# name 13 = prdE: Pressure, Strain Gauge [psi]
# name 14 = tv290C: Temperature [ITS-90, deg C]
# name 15 = flag:  0.000e+00
# span 0 =     -0.693,      9.122       
# span 1 =     -0.361,      0.288       
# span 2 =    -0.4448,     8.6605       
# span 3 =     -4.358,     93.398       
# span 4 =     -0.193,     58.118       
# span 5 =  -0.186325,  44.973554       
# span 6 =   -13.6800,     8.4600       
# span 7 =    -1.0768,   245.2458       
# span 8 =    -3.0672,     2.2578       
# span 9 =    -3.5955,     9.0945       
# span 10 = 1.1585e-01, 2.7501e+03      
# span 11 =    -7.3974,    97.2875      
# span 12 =     -0.680,      8.946      
# span 13 =     -0.986,     12.975      
# span 14 =    10.8413,    27.2540      
# span 15 = 0.0000e+00, 0.0000e+00      
# interval = seconds: 0.25
# start_time = Jul 10 2023 12:54:42 [Instrument's time stamp, header]
# bad_flag = -9.990e-29
*END*
[from data line 633]
      1.143      0.024     0.0564      0.920     42.439  37.882850     4.0500     1.0671     0.0426     0.4653 1.5582e+01     1.1848      1.121      1.625    19.7581 0.0000e+00
      1.149      0.023     0.0771      0.853     42.457  37.879102     4.0500     1.0938     0.0426     0.4230 1.5109e+01     1.1999      1.127      1.634    19.7205 0.0000e+00
      1.155      0.023     0.0887      0.817     42.481  37.883125     4.0500     1.0976     0.0426     0.4230 1.5017e+01     1.1398      1.132      1.643    19.6859 0.0000e+00
      1.161      0.022     0.0897      0.829     42.509  37.892029     4.0500     1.0862     0.0426     0.4230 1.4897e+01     1.2299      1.138      1.650    19.6547 0.0000e+00
      1.166      0.021     0.0843      0.903     42.540  37.904228     4.0500     1.1014     0.0426     0.4230 1.4842e+01     1.3802      1.143      1.658    19.6273 0.0000e+00
      1.171      0.021     0.0782      1.042     42.582  37.922974     4.0500     1.0900     0.0426     0.4230 1.4826e+01     1.2299      1.148      1.665    19.6040 0.0000e+00
      1.176      0.021     0.0749      1.226     42.643  37.953266     4.0500     1.1014     0.0426     0.4230 1.4739e+01     1.1999      1.153      1.672    19.5839 0.0000e+00
      1.181      0.022     0.0760      1.419     42.728  37.995258     4.0500     1.0900     0.0426     0.4230 1.4710e+01     1.1848      1.158      1.679    19.5656 0.0000e+00
      1.186      0.023     0.0829      1.584     42.828  38.040340     4.0500     0.8725     0.0426     0.4230 1.4574e+01     1.3051      1.163      1.687    19.5471 0.0000e+00
      1.192      0.024     0.0957      1.707     42.923  38.074780     4.0500     0.8725     0.0426     0.4230 1.4245e+01     1.2149      1.169      1.696    19.5256 0.0000e+00
      1.199      0.024     0.1127      1.795     42.993  38.085973     4.0500     0.8802     0.0426     0.3384 1.3468e+01     1.2299      1.176      1.705    19.4971 0.0000e+00
      1.206      0.024     0.1305      1.857     43.037  38.078880     4.0500     0.9221     0.0426     0.3384 1.2834e+01     1.2600      1.182      1.715    19.4578 0.0000e+00
      1.213      0.024     0.1458      1.892     43.065  38.065474     4.0500     0.8153     0.0426     0.3384 1.2720e+01     1.1097      1.189      1.725    19.4071 0.0000e+00
      1.219      0.023     0.1573      1.903     43.074  38.042177     4.0500     0.7733     0.0426     0.3384 1.2632e+01     1.2299      1.195      1.733    19.3487 0.0000e+00
      1.224      0.022     0.1656      1.900     43.059  38.002777     4.1400     0.7505     0.0000     0.4230 1.2657e+01     1.2901      1.200      1.741    19.2895 0.0000e+00
      1.229      0.021     0.1715      1.892     43.023  37.948651     4.1400     0.7733     0.0000     0.4230 1.2520e+01     1.2600      1.206      1.749    19.2358 0.0000e+00
      1.235      0.021     0.1748      1.875     42.983  37.889134     4.1400     0.7276     0.0000     0.4230 1.2520e+01     1.2149      1.211      1.756    19.1908 0.0000e+00
      1.240      0.021     0.1759      1.850     42.954  37.836085     4.1400     0.7085     0.0000     0.4230 1.2436e+01     1.2600      1.216      1.764    19.1544 0.0000e+00
      1.245      0.021     0.1758      1.820     42.944  37.795165     4.0500     0.7352     0.0426     0.3384 1.2090e+01     1.2149      1.221      1.771    19.1246 0.0000e+00
      1.251      0.021     0.1751      1.789     42.951  37.767343     4.0500     0.7161     0.0426     0.3384 1.1866e+01     1.3051      1.227      1.779    19.0979 0.0000e+00
      1.256      0.022     0.1737      1.764     42.966  37.745199     4.0500     0.6780     0.0426     0.3384 1.1704e+01     0.9594      1.232      1.787    19.0701 0.0000e+00
      1.262      0.022     0.1714      1.748     42.978  37.718866     4.0500     0.6665     0.0426     0.3384 1.1649e+01     1.0045      1.237      1.795    19.0380 0.0000e+00
      1.267      0.023     0.1688      1.748     42.982  37.685282     4.0500     0.6665     0.0426     0.2115 1.1530e+01     0.9444      1.243      1.802    19.0011 0.0000e+00
      1.273      0.023     0.1661      1.767     42.978  37.645392     4.0500     0.6742     0.0426     0.2115 1.1319e+01     1.0345      1.248      1.811    18.9612 0.0000e+00
      1.279      0.023     0.1638      1.806     42.970  37.604404     4.0500     0.6055     0.0426     0.2115 1.0913e+01     1.0045      1.254      1.819    18.9197 0.0000e+00
      1.285      0.023     0.1625      1.851     42.964  37.569213     4.0500     0.6360     0.0426     0.2115 1.0658e+01     1.0045      1.260      1.828    18.8771 0.0000e+00
      1.291      0.024     0.1626      1.890     42.949  37.530432     4.0500     0.6169     0.0426     0.2115 1.0716e+01     1.0045      1.266      1.837    18.8338 0.0000e+00
      1.297      0.024     0.1646      1.914     42.914  37.477719     4.1400     0.6246     0.0426     0.3384 1.0660e+01     0.9894      1.272      1.845    18.7915 0.0000e+00
      1.303      0.024     0.1684      1.916     42.872  37.420786     4.1400     0.5559     0.0426     0.3384 1.0651e+01     1.0496      1.278      1.853    18.7523 0.0000e+00
      1.309      0.024     0.1727      1.902     42.828  37.364257     4.1400     0.5750     0.0426     0.3384 1.0216e+01     0.9293      1.284      1.862    18.7176 0.0000e+00
      1.316      0.024     0.1765      1.877     42.779  37.304941     4.1400     0.5521     0.0426     0.3384 1.0108e+01     0.9444      1.290      1.871    18.6875 0.0000e+00
      1.322      0.024     0.1787      1.845     42.724  37.238904     4.0500     0.5368     0.0000     0.3384 1.0070e+01     0.9143      1.296      1.879    18.6614 0.0000e+00
      1.327      0.024     0.1790      1.813     42.656  37.160421     4.0500     0.6017     0.0000     0.3384 9.9204e+00     0.6738      1.302      1.888    18.6383 0.0000e+00
      1.333      0.025     0.1777      1.787     42.582  37.074310     4.0500     0.6284     0.0000     0.3384 9.8774e+00     0.7490      1.307      1.896    18.6172 0.0000e+00
      1.340      0.026     0.1755      1.774     42.522  36.997221     4.0500     0.6208     0.0000     0.3384 9.7813e+00     0.6588      1.314      1.905    18.5969 0.0000e+00
      1.346      0.027     0.1726      1.775     42.489  36.942269     4.0500     0.6169     0.0426     0.2961 9.4882e+00     0.6888      1.320      1.915    18.5760 0.0000e+00
      1.354      0.029     0.1697      1.781     42.479  36.906681     4.0500     0.5292     0.0426     0.2961 9.3267e+00     0.8993      1.327      1.925    18.5533 0.0000e+00
      1.361      0.029     0.1674      1.782     42.475  36.877006     4.0500     0.5635     0.0426     0.2961 9.0926e+00     0.6588      1.335      1.936    18.5277 0.0000e+00
      1.369      0.030     0.1662      1.782     42.468  36.845328     4.0500     0.5559     0.0426     0.2961 8.7457e+00     0.6588      1.343      1.947    18.4990 0.0000e+00
      1.377      0.029     0.1664      1.784     42.460  36.815082     4.0500     0.5445     0.0000     0.2961 8.3665e+00     0.7039      1.350      1.958    18.4682 0.0000e+00
      1.385      0.029     0.1671      1.785     42.454  36.790088     4.0500     0.5559     0.0000     0.2961 8.1370e+00     0.7039      1.358      1.970    18.4367 0.0000e+00
      1.392      0.028     0.1673      1.781     42.449  36.767639     4.0500     0.5712     0.0000     0.2961 8.1529e+00     0.7490      1.365      1.980    18.4054 0.0000e+00
      1.399      0.027     0.1674      1.773     42.428  36.733826     4.0500     0.5292     0.0000     0.2961 8.0666e+00     0.8542      1.372      1.989    18.3755 0.0000e+00
      1.405      0.026     0.1676      1.764     42.378  36.675672     4.0500     0.5445     0.0000     0.2961 7.9863e+00     0.7189      1.378      1.998    18.3482 0.0000e+00
      1.411      0.025     0.1678      1.752     42.309  36.599454     4.0500     0.5063     0.0426     0.2961 7.9086e+00     1.0646      1.384      2.007    18.3243 0.0000e+00
      1.417      0.025     0.1675      1.739     42.242  36.524461     4.0500     0.5063     0.0426     0.2961 7.8317e+00     0.9744      1.390      2.016    18.3036 0.0000e+00
      1.424      0.026     0.1669      1.725     42.197  36.468324     4.0500     0.4796     0.0426     0.2961 7.6152e+00     0.9293      1.396      2.025    18.2850 0.0000e+00
      1.431      0.026     0.1660      1.713     42.175  36.431920     4.0500     0.4796     0.0426     0.2961 7.2961e+00     1.0045      1.403      2.035    18.2671 0.0000e+00
      1.438      0.026     0.1650      1.705     42.163  36.405538     4.0500     0.4872     0.0426     0.2538 7.2613e+00     0.7189      1.410      2.045    18.2484 0.0000e+00
      1.444      0.026     0.1638      1.702     42.154  36.382143     4.0500     0.4872     0.0426     0.2538 7.2031e+00     0.6888      1.416      2.054    18.2283 0.0000e+00
      1.451      0.026     0.1626      1.699     42.141  36.355495     4.0500     0.4796     0.0426     0.2538 7.0928e+00     0.6588      1.422      2.063    18.2075 0.0000e+00
      1.457      0.026     0.1615      1.696     42.120  36.322451     4.0500     0.4872     0.0426     0.2538 6.9736e+00     0.6588      1.429      2.073    18.1872 0.0000e+00
      1.464      0.027     0.1608      1.695     42.092  36.282119     4.0500     0.4758     0.0426     0.3384 6.8163e+00     0.9744      1.435      2.082    18.1680 0.0000e+00
      1.470      0.028     0.1606      1.693     42.054  36.231666     4.0500     0.4872     0.0426     0.3384 6.8803e+00     0.9744      1.442      2.092    18.1495 0.0000e+00
      1.477      0.029     0.1604      1.688     41.997  36.161600     4.0500     0.4949     0.0426     0.3384 6.7956e+00     0.9744      1.449      2.101    18.1313 0.0000e+00
      1.485      0.030     0.1602      1.683     41.925  36.075021     4.0500     0.4911     0.0426     0.3384 6.6423e+00     1.0195      1.456      2.112    18.1130 0.0000e+00
      1.493      0.031     0.1601      1.680     41.865  35.996375     4.0500     0.4758     0.0000     0.2961 6.3889e+00     0.8993      1.464      2.123    18.0940 0.0000e+00
      1.501      0.031     0.1600      1.680     41.820  35.930435     4.0500     0.4796     0.0000     0.2961 6.2015e+00     1.0045      1.472      2.135    18.0728 0.0000e+00
      1.510      0.031     0.1596      1.680     41.772  35.863579     4.0500     0.4720     0.0000     0.2961 6.0960e+00     1.0045      1.480      2.147    18.0479 0.0000e+00
      1.518      0.031     0.1592      1.679     41.719  35.793820     4.0500     0.4796     0.0000     0.2961 6.1372e+00     1.0045      1.488      2.158    18.0189 0.0000e+00
      1.525      0.030     0.1591      1.675     41.662  35.722361     4.0500     0.4148     0.0000     0.2961 6.1132e+00     0.8842      1.495      2.169    17.9870 0.0000e+00
      1.532      0.030     0.1591      1.669     41.597  35.644011     4.0500     0.4491     0.0000     0.3384 6.0445e+00     0.8842      1.503      2.179    17.9544 0.0000e+00
      1.540      0.030     0.1592      1.661     41.532  35.565601     4.0500     0.4338     0.0000     0.3384 5.9688e+00     1.0045      1.510      2.190    17.9234 0.0000e+00
      1.547      0.030     0.1592      1.655     41.479  35.495931     4.0500     0.4262     0.0000     0.3384 5.8469e+00     0.9444      1.517      2.200    17.8944 0.0000e+00
      1.555      0.031     0.1590      1.651     41.419  35.420381     4.0500     0.4796     0.0000     0.3384 5.7311e+00     0.9744      1.525      2.212    17.8668 0.0000e+00
      1.563      0.031     0.1584      1.649     41.349  35.334648     3.9600     0.4949     0.0426     0.2538 5.6902e+00     0.9444      1.533      2.223    17.8396 0.0000e+00
      1.571      0.031     0.1578      1.649     41.289  35.257461     3.9600     0.4872     0.0426     0.2538 5.6618e+00     0.9143      1.541      2.235    17.8119 0.0000e+00
      1.580      0.031     0.1573      1.647     41.258  35.203883     3.9600     0.4872     0.0426     0.2538 5.5257e+00     0.9594      1.549      2.247    17.7834 0.0000e+00
      1.588      0.031     0.1571      1.642     41.258  35.177451     3.9600     0.4300     0.0426     0.2538 5.4958e+00     0.8241      1.557      2.258    17.7538 0.0000e+00
      1.596      0.031     0.1570      1.635     41.289  35.179038     3.9600     0.4300     0.0000     0.2961 5.4719e+00     0.7189      1.565      2.270    17.7230 0.0000e+00
      1.604      0.030     0.1571      1.623     41.352  35.209064     3.9600     0.4148     0.0000     0.2961 5.3496e+00     0.7189      1.573      2.281    17.6911 0.0000e+00
      1.611      0.029     0.1570      1.606     41.437  35.259693     3.9600     0.4224     0.0000     0.2961 5.3380e+00     0.6888      1.580      2.292    17.6587 0.0000e+00
      1.619      0.028     0.1566      1.591     41.521  35.310756     3.9600     0.4300     0.0000     0.2961 5.3149e+00     0.7941      1.587      2.302    17.6269 0.0000e+00
      1.626      0.027     0.1561      1.579     41.578  35.340219     3.9600     0.4491     0.0000     0.2961 5.3103e+00     0.7941      1.594      2.312    17.5965 0.0000e+00
      1.633      0.026     0.1550      1.565     41.601  35.342076     3.9600     0.4186     0.0000     0.3807 5.2586e+00     0.7790      1.601      2.322    17.5681 0.0000e+00
      1.639      0.025     0.1534      1.545     41.596  35.320782     3.9600     0.4109     0.0000     0.3807 5.2233e+00     0.7039      1.607      2.332    17.5418 0.0000e+00
      1.646      0.024     0.1521      1.525     41.579  35.290464     3.9600     0.4071     0.0000     0.3807 5.2403e+00     0.7189      1.614      2.341    17.5175 0.0000e+00
      1.652      0.024     0.1510      1.509     41.570  35.266801     3.9600     0.4453     0.0000     0.3807 5.1758e+00     0.7790      1.620      2.349    17.4947 0.0000e+00
      1.657      0.023     0.1498      1.498     41.573  35.253385     3.9600     0.4262     0.0426     0.4230 5.1837e+00     0.7189      1.625      2.357    17.4733 0.0000e+00
      1.663      0.023     0.1480      1.494     41.587  35.248621     3.9600     0.4224     0.0426     0.4230 5.1826e+00     0.6588      1.631      2.366    17.4533 0.0000e+00
      1.669      0.023     0.1461      1.492     41.608  35.249255     3.9600     0.4567     0.0426     0.4230 5.1646e+00     0.9744      1.637      2.374    17.4341 0.0000e+00
      1.675      0.023     0.1446      1.492     41.636  35.255456     3.9600     0.4491     0.0426     0.4230 5.1210e+00     1.0045      1.643      2.382    17.4150 0.0000e+00
      1.681      0.023     0.1437      1.496     41.670  35.266897     3.9600     0.4491     0.0000     0.4653 5.1333e+00     0.9444      1.648      2.390    17.3953 0.0000e+00
      1.686      0.023     0.1433      1.500     41.707  35.280686     3.9600     0.4224     0.0000     0.4653 5.1155e+00     1.0345      1.654      2.398    17.3751 0.0000e+00
      1.692      0.024     0.1432      1.501     41.745  35.294558     3.9600     0.3575     0.0000     0.4653 5.0131e+00     0.9143      1.659      2.407    17.3544 0.0000e+00
      1.698      0.024     0.1432      1.499     41.777  35.304290     3.9600     0.3613     0.0000     0.4653 5.0591e+00     0.9594      1.665      2.415    17.3335 0.0000e+00
      1.704      0.024     0.1436      1.495     41.802  35.308515     3.9600     0.3575     0.0000     0.3807 4.9860e+00     0.8993      1.672      2.424    17.3125 0.0000e+00
      1.711      0.024     0.1441      1.487     41.816  35.304398     3.9600     0.3728     0.0000     0.3807 4.9968e+00     0.9594      1.678      2.433    17.2914 0.0000e+00
      1.717      0.025     0.1442      1.480     41.802  35.278958     3.9600     0.3728     0.0000     0.3807 4.9697e+00     0.7189      1.684      2.442    17.2702 0.0000e+00
      1.723      0.026     0.1441      1.476     41.740  35.213528     3.9600     0.3690     0.0000     0.3807 4.9589e+00     0.7640      1.690      2.451    17.2491 0.0000e+00
