Data/DataNotYetUploadedToEDI/Raw_CTD/RawDownloads/071122_bvr40_S7809001.cnv
* Sea-Bird SBE19plus  Data File:
* FileName = C:\R\Reservoirs\Data\DataNotYetUploadedToEDI\Raw_CTD\RawDownloads\071122_bvr40_0001.hex
* Software version 2.8.0.119
* Temperature SN = 7809
* Conductivity SN = 7809
* System UpLoad Time = Jul 14 2022 16:05:20
* <ApplicationData>
* <Seaterm232>
# nquan = 15
# nvalues = 703                         
# units = specified
# name 0 = depFM: Depth [fresh water, m]
# name 1 = dz/dtM: Descent Rate [m/s]
# name 2 = sbeox0Mg/L: Oxygen, SBE 43 [mg/l]
# name 3 = sbeox0PS: Oxygen, SBE 43 [% saturation]
# name 4 = specc: Specific Conductance [uS/cm]
# name 5 = c0uS/cm: Conductivity [uS/cm]
# name 6 = flECO-AFL: Fluorescence, WET Labs ECO-AFL/FL [mg/m^3]
# name 7 = ph: pH
# name 8 = orp: Oxidation Reduction Potential [mV]
# name 9 = par/sat/log: PAR/Logarithmic, Satlantic
# name 10 = turbWETntu0: Turbidity, WET Labs ECO [NTU]
# name 11 = prdM: Pressure, Strain Gauge [db]
# name 12 = prdE: Pressure, Strain Gauge [psi]
# name 13 = tv290C: Temperature [ITS-90, deg C]
# name 14 = flag:  0.000e+00
# span 0 =     -0.740,      2.145       
# span 1 =     -0.287,      0.203       
# span 2 =     0.0275,     7.2976       
# span 3 =      0.305,     88.307       
# span 4 =      0.725,    235.041       
# span 5 =   0.740794, 207.535385       
# span 6 =    -1.6297,   227.5524       
# span 7 =      6.033,      7.428       
# span 8 =  -163.9376,  1240.2295       
# span 9 = 1.0649e+01, 2.2782e+03       
# span 10 =    -7.9924,    37.4208      
# span 11 =     -0.726,      2.105      
# span 12 =     -1.053,      3.053      
# span 13 =    18.4505,    26.0712      
# span 14 = 0.0000e+00, 0.0000e+00      
# interval = seconds: 0.25
# start_time = Jul 11 2022 07:50:16 [Instrument's time stamp, header]
# bad_flag = -9.990e-29
*END*
[from data line 290]
      0.976      0.028     3.6562     43.000     30.367  29.584316     2.9622      7.223   204.0418 1.3182e+02    12.8028      0.958      1.389    23.7410 0.0000e+00
      0.983      0.025     3.6492     42.949     30.348  29.558971     2.9666      7.224   204.0392 1.3071e+02    12.8242      0.964      1.399    23.7319 0.0000e+00
      0.988      0.023     3.6472     42.928     30.341  29.545141     2.9693      7.226   204.1282 1.2975e+02    12.7734      0.970      1.406    23.7246 0.0000e+00
      0.993      0.022     3.6457     42.897     30.342  29.543883     2.9701      7.227   204.4291 1.2895e+02    12.8036      0.974      1.413    23.7151 0.0000e+00
      0.997      0.021     3.6385     42.840     30.341  29.543755     2.9679      7.226   204.7516 1.2830e+02    12.9507      0.978      1.418    23.7070 0.0000e+00
      1.002      0.021     3.6340     42.763     30.340  29.543588     2.9678      7.224   205.0176 1.2726e+02    13.0491      0.983      1.424    23.6937 0.0000e+00
      1.008      0.021     3.6360     42.674     30.337  29.541873     2.9849      7.224   205.4072 1.2596e+02    13.0359      0.989      1.434    23.6811 0.0000e+00
      1.015      0.022     3.6330     42.596     30.319  29.523013     3.0084      7.225   205.8489 1.2497e+02    12.9962      0.995      1.444    23.6771 0.0000e+00
      1.020      0.022     3.6284     42.558     30.307  29.505735     3.0276      7.226   206.1421 1.2437e+02    13.0134      1.001      1.452    23.6785 0.0000e+00
      1.025      0.022     3.6212     42.588     30.333  29.523130     3.0425      7.226   206.3708 1.2361e+02    13.0735      1.005      1.458    23.6827 0.0000e+00
      1.031      0.022     3.6127     42.694     30.363  29.543145     3.0468      7.226   206.6345 1.2257e+02    13.0732      1.010      1.465    23.6867 0.0000e+00
      1.037      0.022     3.6053     42.870     30.387  29.557549     3.0714      7.227   207.0080 1.2160e+02    13.0097      1.017      1.475    23.6857 0.0000e+00
      1.043      0.022     3.6016     43.083     30.412  29.570490     3.1235      7.227   207.2735 1.2031e+02    12.9556      1.022      1.482    23.6761 0.0000e+00
      1.049      0.022     3.6056     43.315     30.428  29.572812     3.1517      7.227   207.3490 1.1897e+02    12.9649      1.028      1.492    23.6592 0.0000e+00
      1.054      0.022     3.6149     43.600     30.455  29.585609     3.1544      7.228   207.4915 1.1793e+02    13.0195      1.035      1.501    23.6433 0.0000e+00
      1.059      0.021     3.6326     43.946     30.479  29.598412     3.1394      7.228   207.6191 1.1684e+02    13.0691      1.039      1.507    23.6303 0.0000e+00
      1.065      0.020     3.6528     44.269     30.489  29.600814     3.1040      7.230   207.6873 1.1568e+02    13.1207      1.044      1.514    23.6113 0.0000e+00
      1.070      0.018     3.6722     44.500     30.509  29.614647     3.0840      7.232   207.8856 1.1459e+02    13.1308      1.050      1.521    23.5893 0.0000e+00
      1.075      0.018     3.6970     44.688     30.538  29.638870     3.0894      7.232   208.2103 1.1367e+02    13.1234      1.055      1.530    23.5642 0.0000e+00
      1.079      0.018     3.7311     44.858     30.543  29.640119     3.1100      7.232   208.4290 1.1277e+02    13.1684      1.058      1.535    23.5468 0.0000e+00
      1.082      0.018     3.7630     44.972     30.538  29.629748     3.1429      7.233   208.5520 1.1165e+02    13.1958      1.061      1.538    23.5385 0.0000e+00
      1.087      0.018     3.7797     45.019     30.557  29.640246     3.1626      7.234   208.7505 1.1024e+02    13.1811      1.066      1.545    23.5267 0.0000e+00
      1.093      0.017     3.7948     44.954     30.566  29.640258     3.1644      7.234   208.8502 1.0886e+02    13.1964      1.072      1.555    23.5207 0.0000e+00
      1.098      0.017     3.8129     44.746     30.564  29.629888     3.1644      7.234   208.8113 1.0796e+02    13.2096      1.078      1.563    23.5188 0.0000e+00
      1.102      0.017     3.8214     44.469     30.585  29.641623     3.2046      7.237   208.8823 1.0725e+02    13.2046      1.081      1.568    23.5084 0.0000e+00
      1.105      0.017     3.8287     44.249     30.607  29.655351     3.2849      7.239   209.1068 1.0653e+02    13.2034      1.084      1.573    23.4931 0.0000e+00
      1.108      0.018     3.8265     44.229     30.625  29.669079     3.3271      7.241   209.3739 1.0569e+02    13.1615      1.086      1.576    23.4812 0.0000e+00
      1.112      0.019     3.8059     44.479     30.637  29.680824     3.3323      7.241   209.6165 1.0445e+02    13.1417      1.090      1.581    23.4680 0.0000e+00
      1.118      0.021     3.7806     44.928     30.626  29.670575     3.3067      7.240   209.8040 1.0300e+02    13.1017      1.096      1.590    23.4506 0.0000e+00
      1.124      0.021     3.7577     45.462     30.631  29.671938     3.2421      7.240   209.9198 1.0154e+02    12.9164      1.103      1.599    23.4370 0.0000e+00
      1.131      0.021     3.7530     45.959     30.666  29.697306     3.2005      7.242   209.9839 1.0016e+02    12.7457      1.109      1.609    23.4312 0.0000e+00
      1.137      0.021     3.7779     46.293     30.702  29.723723     3.2020      7.244   210.1491 9.9011e+01    12.7115      1.116      1.618    23.4352 0.0000e+00
      1.141      0.021     3.8195     46.438     30.722  29.737766     3.2112      7.244   210.4541 9.8125e+01    12.7423      1.119      1.624    23.4380 0.0000e+00
      1.146      0.021     3.8680     46.438     30.730  29.740300     3.2119      7.244   210.6608 9.7131e+01    12.7768      1.123      1.629    23.4308 0.0000e+00
      1.151      0.021     3.9172     46.327     30.751  29.754353     3.2101      7.244   210.8413 9.5787e+01    12.7522      1.128      1.636    23.4149 0.0000e+00
      1.157      0.020     3.9472     46.201     30.787  29.780885     3.2071      7.244   211.0019 9.4312e+01    12.7190      1.134      1.645    23.3983 0.0000e+00
      1.163      0.020     3.9571     46.226     30.822  29.807522     3.2005      7.243   211.0534 9.3059e+01    12.7168      1.141      1.656    23.3913 0.0000e+00
      1.168      0.020     3.9578     46.444     30.847  29.822832     3.2049      7.243   211.2059 9.2122e+01    12.7244      1.147      1.663    23.3854 0.0000e+00
      1.172      0.019     3.9472     46.717     30.874  29.839204     3.2178      7.242   211.3838 9.1293e+01    12.7773      1.150      1.667    23.3744 0.0000e+00
      1.176      0.018     3.9298     46.917     30.925  29.878680     3.2148      7.242   211.5701 9.0322e+01    12.7754      1.154      1.673    23.3609 0.0000e+00
      1.181      0.017     3.9311     47.069     30.979  29.919766     3.2030      7.242   211.8229 8.9232e+01    12.7014      1.159      1.680    23.3492 0.0000e+00
      1.186      0.016     3.9570     47.280     31.028  29.955603     3.1834      7.242   212.0315 8.8341e+01    12.7032      1.164      1.689    23.3358 0.0000e+00
      1.190      0.016     3.9863     47.577     31.078  29.994998     3.1435      7.242   212.2000 8.7696e+01    12.7632      1.168      1.693    23.3192 0.0000e+00
      1.194      0.015     4.0036     47.905     31.107  30.015724     3.1045      7.242   212.3110 8.7044e+01    12.7777      1.171      1.698    23.3022 0.0000e+00
      1.197      0.014     4.0121     48.140     31.112  30.016012     3.0859      7.243   212.3414 8.6348e+01    12.7422      1.174      1.703    23.2849 0.0000e+00
      1.200      0.013     4.0322     48.204     31.096  29.998476     3.1009      7.243   212.3093 8.5649e+01    12.7777      1.177      1.707    23.2665 0.0000e+00
      1.204      0.013     4.0597     48.172     31.091  29.993881     3.1453      7.243   212.1808 8.4909e+01    12.8982      1.182      1.714    23.2501 0.0000e+00
      1.208      0.013     4.0929     48.132     31.123  30.023841     3.1735      7.244   212.0784 8.4246e+01    12.9706      1.185      1.718    23.2385 0.0000e+00
      1.211      0.013     4.1184     48.075     31.145  30.043750     3.1661      7.244   212.1896 8.3690e+01    13.0039      1.188      1.723    23.2301 0.0000e+00
      1.214      0.014     4.1188     47.937     31.146  30.044427     3.1471      7.245   212.4072 8.3108e+01    13.0619      1.191      1.727    23.2307 0.0000e+00
      1.217      0.015     4.1128     47.710     31.134  30.032019     3.1437      7.246   212.6442 8.2353e+01    13.1250      1.193      1.730    23.2316 0.0000e+00
      1.221      0.015     4.1107     47.472     31.127  30.020509     3.1582      7.246   212.9044 8.1395e+01    13.1861      1.197      1.736    23.2280 0.0000e+00
      1.226      0.015     4.1085     47.282     31.145  30.032047     3.1653      7.247   213.0571 8.0473e+01    13.2540      1.202      1.744    23.2271 0.0000e+00
      1.230      0.015     4.0977     47.100     31.164  30.044727     3.1128      7.248   213.1141 7.9754e+01    13.1941      1.207      1.751    23.2276 0.0000e+00
      1.234      0.015     4.0746     46.884     31.171  30.047023     3.0142      7.249   213.1637 7.9069e+01    13.0428      1.210      1.755    23.2264 0.0000e+00
      1.238      0.016     4.0524     46.703     31.188  30.059806     2.9638      7.251   213.3132 7.8450e+01    12.9962      1.214      1.760    23.2180 0.0000e+00
      1.241      0.019     4.0389     46.616     31.202  30.072494     2.9691      7.251   213.6299 7.7868e+01    13.0067      1.217      1.765    23.2065 0.0000e+00
      1.245      0.022     4.0275     46.623     31.204  30.073648     2.9703      7.248   213.9821 7.7070e+01    13.1016      1.220      1.769    23.1981 0.0000e+00
      1.250      0.023     4.0051     46.665     31.205  30.073753     2.9450      7.245   214.1298 7.5977e+01    13.2215      1.225      1.776    23.1914 0.0000e+00
      1.258      0.023     3.9881     46.620     31.205  30.073773     2.9213      7.242   214.0392 7.4559e+01    13.2258      1.232      1.788    23.1842 0.0000e+00
      1.268      0.021     3.9822     46.485     31.207  30.073878     2.9175      7.242   213.9195 7.3317e+01    13.2227      1.244      1.804    23.1831 0.0000e+00
      1.275      0.020     3.9816     46.354     31.212  30.075025     2.9398      7.246   213.8000 7.2706e+01    13.2517      1.252      1.815    23.1845 0.0000e+00
      1.278      0.023     3.9934     46.245     31.231  30.087632     2.9829      7.252   213.7990 7.2552e+01    13.2697      1.254      1.818    23.1822 0.0000e+00
      1.278      0.029     3.9884     46.191     31.250  30.099512     2.9976      7.256   213.8222 7.2675e+01    13.2686      1.255      1.820    23.1816 0.0000e+00
      1.279      0.037     3.9718     46.236     31.246  30.091872     2.9846      7.257   213.9081 7.2305e+01    13.2389      1.252      1.816    23.1799 0.0000e+00
      1.287      0.045     3.9624     46.271     31.284  30.122039     2.9841      7.257   214.3212 6.9896e+01    13.2180      1.254      1.820    23.1742 0.0000e+00
      1.308      0.051     3.9534     46.167     31.389  30.210677     3.0324      7.255   214.5153 6.6170e+01    13.2551      1.281      1.858    23.1643 0.0000e+00
      1.333      0.053     3.9452     45.984     31.475  30.276067     3.1191      7.253   214.3619 6.3572e+01    13.3460      1.311      1.901    23.1526 0.0000e+00
      1.349      0.052     3.9545     45.870     31.495  30.278700     3.1596      7.251   214.4455 6.2157e+01    13.3940      1.324      1.920    23.1475 0.0000e+00
      1.359      0.046     3.9647     45.862     31.464  30.242485     3.1476      7.248   214.7516 6.1054e+01    13.3577      1.334      1.934    23.1426 0.0000e+00
      1.366      0.038     3.9532     45.845     31.434  30.218552     3.1319      7.246   214.9656 6.0061e+01    13.2831      1.340      1.943    23.1214 0.0000e+00
      1.371      0.033     3.9349     45.759     31.452  30.242903     3.1191      7.245   215.1410 5.8986e+01    13.1415      1.343      1.949    23.0885 0.0000e+00
      1.378      0.030     3.9247     45.711     31.495  30.283356     3.1100      7.243   215.4090 5.7927e+01    12.9775      1.352      1.961    23.0564 0.0000e+00
      1.387      0.029     3.9314     45.782     31.549  30.327298     3.0959      7.240   215.4528 5.6930e+01    12.9389      1.361      1.973    23.0441 0.0000e+00
      1.395      0.029     3.9317     45.887     31.633  30.393836     3.0823      7.238   215.4118 5.5763e+01    13.0174      1.367      1.982    23.0599 0.0000e+00
      1.404      0.030     3.9173     45.905     31.714  30.453898     3.0873      7.237   215.6027 5.4791e+01    13.0378      1.378      1.999    23.0796 0.0000e+00
      1.412      0.032     3.9096     45.795     31.761  30.482938     3.1053      7.237   215.6090 5.4488e+01    12.9808      1.388      2.013    23.0757 0.0000e+00
      1.416      0.034     3.9211     45.550     31.781  30.491362     3.1093      7.237   215.5741 5.4123e+01    12.9433      1.388      2.013    23.0600 0.0000e+00
      1.423      0.036     3.9364     45.197     31.791  30.492327     3.1280      7.236   215.7840 5.3026e+01    12.9603      1.393      2.019    23.0415 0.0000e+00
      1.435      0.036     3.9402     44.772     31.803  30.494600     3.1815      7.234   215.9092 5.1666e+01    13.0153      1.408      2.041    23.0075 0.0000e+00
      1.448      0.036     3.9341     44.270     31.836  30.518831     3.2145      7.233   215.8834 5.0456e+01    13.0271      1.420      2.061    22.9791 0.0000e+00
      1.460      0.035     3.9127     43.728     31.923  30.595106     3.2273      7.233   215.9879 4.9476e+01    13.0014      1.432      2.078    22.9651 0.0000e+00
      1.468      0.031     3.8815     43.218     32.068  30.719487     3.2278      7.233   216.2262 4.8966e+01    12.9774      1.442      2.092    22.9508 0.0000e+00
      1.473      0.026     3.8475     42.720     32.200  30.818199     3.2209      7.233   216.3567 4.8616e+01    12.9077      1.444      2.095    22.9353 0.0000e+00
      1.477      0.022     3.8045     42.149     32.252  30.837657     3.2364      7.233   216.3606 4.7970e+01    12.8412      1.447      2.099    22.9245 0.0000e+00
      1.483      0.020     3.7541     41.482     32.262  30.827914     3.2563      7.233   216.4453 4.7247e+01    12.8237      1.455      2.111    22.9184 0.0000e+00
      1.489      0.019     3.7127     40.771     32.268  30.827160     3.2615      7.231   216.6067 4.6741e+01    12.7976      1.461      2.119    22.9019 0.0000e+00
      1.493      0.019     3.6773     40.069     32.271  30.828532     3.2329      7.230   216.6770 4.6296e+01    12.7984      1.464      2.122    22.8529 0.0000e+00
      1.497      0.020     3.6330     39.392     32.290  30.844505     3.1760      7.229   216.6930 4.5776e+01    12.8684      1.467      2.128    22.7930 0.0000e+00
      1.502      0.020     3.5750     38.681     32.346  30.893498     3.1482      7.227   216.7143 4.5281e+01    12.9603      1.473      2.136    22.7632 0.0000e+00
      1.507      0.021     3.5125     37.843     32.443  30.977122     3.1546      7.225   216.7628 4.4716e+01    12.9869      1.477      2.143    22.7591 0.0000e+00
      1.512      0.022     3.4511     36.885     32.588  31.094837     3.1953      7.223   216.8495 4.4020e+01    12.8835      1.482      2.150    22.7610 0.0000e+00
      1.519      0.022     3.3941     35.880     32.773  31.239026     3.2662      7.223   216.9885 4.3328e+01    12.7346      1.490      2.161    22.7590 0.0000e+00
      1.526      0.022     3.3388     34.913     32.977  31.389123     3.3042      7.223   217.0661 4.2766e+01    12.6897      1.496      2.171    22.7522 0.0000e+00
      1.531      0.022     3.2655     34.056     33.155  31.514853     3.3128      7.222   217.0129 4.2349e+01    12.7505      1.502      2.178    22.7403 0.0000e+00
