Data/DataNotYetUploadedToEDI/Raw_CTD/RawDownloads/071122_bvr40_S7809001.cnv
* Sea-Bird SBE19plus  Data File:
* FileName = C:\R\Reservoirs\Data\DataNotYetUploadedToEDI\Raw_CTD\RawDownloads\071122_bvr40_0001.hex
* Software version 2.8.0.119
* Temperature SN = 7809
* Conductivity SN = 7809
* System UpLoad Time = Jul 14 2022 16:05:20
* <ApplicationData>
* <Seaterm232>
# nquan = 15
# nvalues = 703                         
# units = specified
# name 0 = depFM: Depth [fresh water, m]
# name 1 = dz/dtM: Descent Rate [m/s]
# name 2 = sbeox0Mg/L: Oxygen, SBE 43 [mg/l]
# name 3 = sbeox0PS: Oxygen, SBE 43 [% saturation]
# name 4 = specc: Specific Conductance [uS/cm]
# name 5 = c0uS/cm: Conductivity [uS/cm]
# name 6 = flECO-AFL: Fluorescence, WET Labs ECO-AFL/FL [mg/m^3]
# name 7 = ph: pH
# name 8 = orp: Oxidation Reduction Potential [mV]
# name 9 = par/sat/log: PAR/Logarithmic, Satlantic
# name 10 = turbWETntu0: Turbidity, WET Labs ECO [NTU]
# name 11 = prdM: Pressure, Strain Gauge [db]
# name 12 = prdE: Pressure, Strain Gauge [psi]
# name 13 = tv290C: Temperature [ITS-90, deg C]
# name 14 = flag:  0.000e+00
# span 0 =     -0.740,      2.145       
# span 1 =     -0.287,      0.203       
# span 2 =     0.0275,     7.2976       
# span 3 =      0.305,     88.307       
# span 4 =      0.725,    235.041       
# span 5 =   0.740794, 207.535385       
# span 6 =    -1.6297,   227.5524       
# span 7 =      6.033,      7.428       
# span 8 =  -163.9376,  1240.2295       
# span 9 = 1.0649e+01, 2.2782e+03       
# span 10 =    -7.9924,    37.4208      
# span 11 =     -0.726,      2.105      
# span 12 =     -1.053,      3.053      
# span 13 =    18.4505,    26.0712      
# span 14 = 0.0000e+00, 0.0000e+00      
# interval = seconds: 0.25
# start_time = Jul 11 2022 07:50:16 [Instrument's time stamp, header]
# bad_flag = -9.990e-29
*END*
[from data line 482]
      1.990      0.011     0.0695      0.695     41.874  37.253993     4.7153      7.082   205.6224 1.5885e+01     8.7828      1.952      2.831    19.6766 0.0000e+00
      1.994      0.011     0.0669      0.675     41.875  37.224963     4.8498      7.081   204.1754 1.5765e+01     8.7510      1.955      2.836    19.6298 0.0000e+00
      1.997      0.010     0.0666      0.658     41.815  37.150203     4.9313      7.080   201.5626 1.5700e+01     8.7497      1.957      2.839    19.5780 0.0000e+00
      1.999      0.009     0.0664      0.640     41.716  37.047628     4.9438      7.080   198.6388 1.5676e+01     8.7665      1.960      2.844    19.5227 0.0000e+00
      2.001      0.007     0.0635      0.625     41.671  36.999365     4.9838      7.080   196.4419 1.5652e+01     8.8519      1.962      2.846    19.4753 0.0000e+00
      2.002      0.006     0.0621      0.623     41.686  37.010557     5.0828      7.078   194.9612 1.5638e+01     9.0642      1.963      2.847    19.4397 0.0000e+00
      2.003      0.005     0.0606      0.613     41.736  37.056111     5.1587      7.076   193.9001 1.5629e+01     9.2500      1.964      2.849    19.4141 0.0000e+00
      2.004      0.005     0.0590      0.582     41.786  37.106254     5.1768      7.075   193.1621 1.5597e+01     9.3223      1.965      2.850    19.3964 0.0000e+00
      2.005      0.005     0.0566      0.565     41.772  37.109519     5.1940      7.075   192.3200 1.5546e+01     9.5631      1.967      2.852    19.3880 0.0000e+00
      2.006      0.005     0.0577      0.578     41.727  37.095604     5.2331      7.075   191.0314 1.5486e+01    10.0434      1.967      2.853    19.3856 0.0000e+00
      2.008      0.005     0.0579      0.603     41.732  37.128284     5.2664      7.075   189.7126 1.5430e+01    10.3464      1.969      2.856    19.3870 0.0000e+00
      2.009      0.006     0.0526      0.610     41.775  37.187612     5.2728      7.075   188.7649 1.5385e+01    10.3914      1.971      2.858    19.3907 0.0000e+00
      2.011      0.006     0.0507      0.584     41.832  37.242226     5.1939      7.074   187.9182 1.5344e+01     9.9730      1.972      2.859    19.4096 0.0000e+00
      2.012      0.006     0.0529      0.555     41.883  37.281290     5.0359      7.073   186.8746 1.5293e+01     9.0793      1.973      2.861    19.4438 0.0000e+00
      2.013      0.007     0.0558      0.558     41.878  37.279418     4.9354      7.073   185.6106 1.5218e+01     8.5361      1.974      2.863    19.4820 0.0000e+00
      2.016      0.007     0.0576      0.574     41.787  37.219596     4.9195      7.073   183.9926 1.5134e+01     8.4944      1.977      2.868    19.5143 0.0000e+00
      2.018      0.008     0.0542      0.584     41.579  37.065344     4.9185      7.072   182.1113 1.5069e+01     8.5413      1.979      2.870    19.5167 0.0000e+00
      2.020      0.008     0.0489      0.579     41.332  36.872976     4.8735      7.072   180.5876 1.5019e+01     8.6588      1.981      2.873    19.4960 0.0000e+00
      2.021      0.007     0.0512      0.559     41.227  36.796188     4.8005      7.071   179.5943 1.4969e+01     8.8562      1.982      2.875    19.4925 0.0000e+00
      2.024      0.007     0.0530      0.543     41.275  36.834491     4.7681      7.069   178.7050 1.4912e+01     8.9470      1.985      2.878    19.5269 0.0000e+00
      2.026      0.008     0.0539      0.544     41.436  36.955600     4.7655      7.069   177.7511 1.4839e+01     8.9373      1.987      2.881    19.5703 0.0000e+00
      2.027      0.008     0.0541      0.556     41.725  37.182415     4.7775      7.069   176.6645 1.4759e+01     8.9092      1.988      2.883    19.6052 0.0000e+00
      2.028      0.009     0.0507      0.558     42.035  37.420727     4.7960      7.069   175.3750 1.4674e+01     8.8119      1.989      2.885    19.6319 0.0000e+00
      2.031      0.009     0.0493      0.545     42.236  37.553973     4.8057      7.069   173.9471 1.4587e+01     8.7176      1.992      2.889    19.6251 0.0000e+00
      2.035      0.009     0.0492      0.551     42.327  37.588511     4.8117      7.068   172.5642 1.4497e+01     8.6919      1.996      2.894    19.5913 0.0000e+00
      2.037      0.009     0.0514      0.566     42.360  37.584587     4.8270      7.067   171.3886 1.4407e+01     8.6037      1.998      2.898    19.5526 0.0000e+00
      2.040      0.009     0.0526      0.563     42.360  37.569894     4.8571      7.067   170.4015 1.4347e+01     8.4359      2.000      2.901    19.5119 0.0000e+00
      2.042      0.008     0.0486      0.559     42.392  37.601091     4.8679      7.068   169.5776 1.4316e+01     8.3372      2.002      2.905    19.4547 0.0000e+00
      2.043      0.007     0.0500      0.557     42.503  37.708122     4.8580      7.068   168.9131 1.4290e+01     8.2978      2.004      2.907    19.3902 0.0000e+00
      2.045      0.007     0.0537      0.544     42.668  37.849341     4.7954      7.067   168.3034 1.4244e+01     8.3357      2.005      2.908    19.3494 0.0000e+00
      2.046      0.007     0.0514      0.529     42.919  38.040186     4.6855      7.066   167.4537 1.4164e+01     8.4537      2.007      2.910    19.3334 0.0000e+00
      2.049      0.008     0.0513      0.534     43.416  38.430113     4.6369      7.066   166.2966 1.4089e+01     8.4947      2.009      2.914    19.3401 0.0000e+00
      2.051      0.008     0.0520      0.546     44.418  39.266019     4.6324      7.066   165.1537 1.4034e+01     8.4561      2.011      2.917    19.3595 0.0000e+00
      2.052      0.009     0.0502      0.546     45.763  40.409476     4.6142      7.065   164.2177 1.3959e+01     8.4649      2.012      2.919    19.3633 0.0000e+00
      2.055      0.010     0.0477      0.540     47.298  41.727078     4.5910      7.065   163.4117 1.3867e+01     8.5334      2.014      2.922    19.3209 0.0000e+00
      2.058      0.010     0.0489      0.533     49.581  43.716402     4.5766      7.064   162.6361 1.3769e+01     8.5668      2.017      2.927    19.2514 0.0000e+00
      2.061      0.009     0.0513      0.530     52.168  46.002528     4.5815      7.063   161.8955 1.3668e+01     8.5608      2.022      2.932    19.1930 0.0000e+00
      2.063      0.009     0.0504      0.528     57.546  50.781007     4.5922      7.062   161.1676 1.3596e+01     8.5642      2.024      2.935    19.1464 0.0000e+00
      2.065      0.009     0.0502      0.516     67.002  59.160837     4.6893      7.062   160.4609 1.3568e+01     8.5738      2.025      2.937    19.1017 0.0000e+00
      2.067      0.008     0.0491      0.500     72.589  64.107313     4.8900      7.062   159.8894 1.3559e+01     8.6087      2.027      2.940    19.0705 0.0000e+00
      2.068      0.008     0.0488      0.492     71.010  62.726317     5.0215      7.060   159.4194 1.3556e+01     8.6777      2.028      2.942    19.0741 0.0000e+00
      2.071      0.008     0.0496      0.502     67.380  59.544343     5.0390      7.058   158.9945 1.3562e+01     8.7588      2.030      2.944    19.1142 0.0000e+00
      2.073      0.008     0.0475      0.518     68.495  60.554504     4.9098      7.057   158.6240 1.3563e+01     8.8043      2.033      2.949    19.1519 0.0000e+00
      2.075      0.007     0.0461      0.510     73.900  65.345388     4.6666      7.057   158.2088 1.3542e+01     8.7842      2.035      2.952    19.1520 0.0000e+00
      2.077      0.007     0.0446      0.490     78.491  69.403508     4.5291      7.056   157.6748 1.3512e+01     8.7209      2.037      2.954    19.1580 0.0000e+00
      2.079      0.007     0.0458      0.483     84.126  74.375470     4.5119      7.055   157.0710 1.3492e+01     8.6530      2.038      2.957    19.1823 0.0000e+00
      2.080      0.007     0.0493      0.488     83.363  73.684820     4.5082      7.054   156.4156 1.3470e+01     8.6467      2.040      2.959    19.2022 0.0000e+00
      2.081      0.007     0.0477      0.485     73.956  65.363573     4.4935      7.051   155.6865 1.3458e+01     8.7133      2.041      2.960    19.2115 0.0000e+00
      2.083      0.007     0.0446      0.478     70.120  61.990189     4.4760      7.049   155.0527 1.3458e+01     8.7757      2.043      2.964    19.2064 0.0000e+00
      2.085      0.008     0.0439      0.476     72.329  63.965935     4.4625      7.049   154.5167 1.3424e+01     8.7858      2.045      2.966    19.2043 0.0000e+00
      2.088      0.008     0.0457      0.469     75.346  66.647992     4.4049      7.049   153.8519 1.3342e+01     8.8691      2.048      2.970    19.1882 0.0000e+00
      2.090      0.009     0.0450      0.456     81.824  72.381233     4.3040      7.048   153.1240 1.3242e+01     9.1002      2.050      2.973    19.1756 0.0000e+00
      2.092      0.010     0.0435      0.451     91.805  81.197242     4.2505      7.047   152.4268 1.3161e+01     9.2571      2.051      2.976    19.1971 0.0000e+00
      2.094      0.011     0.0445      0.454    103.095  91.144563     4.2476      7.045   151.7025 1.3076e+01     9.2635      2.053      2.978    19.2181 0.0000e+00
      2.097      0.012     0.0434      0.461    114.358 101.047831     4.1607      7.044   150.9062 1.2951e+01     9.1772      2.056      2.982    19.2247 0.0000e+00
      2.101      0.012     0.0419      0.474    126.351 111.579132     3.9826      7.044   149.9399 1.2804e+01     8.9991      2.060      2.988    19.2284 0.0000e+00
      2.105      0.012     0.0413      0.485    135.968 119.964479     3.8758      7.044   148.9672 1.2657e+01     8.8516      2.065      2.994    19.2235 0.0000e+00
      2.108      0.011     0.0422      0.491    136.680 120.442380     3.8591      7.043   147.5762 1.2543e+01     8.7947      2.068      2.999    19.2042 0.0000e+00
      2.110      0.011     0.0421      0.502    133.789 117.744209     3.8977      7.042   145.2529 1.2477e+01     8.8240      2.070      3.002    19.1744 0.0000e+00
      2.112      0.011     0.0439      0.518    139.349 122.490155     3.9682      7.040   142.4728 1.2406e+01     8.8990      2.072      3.004    19.1583 0.0000e+00
      2.114      0.012     0.0454      0.529    156.049 136.932052     4.0040      7.040   140.0324 1.2315e+01     8.9494      2.073      3.006    19.1210 0.0000e+00
      2.117      0.013     0.0451      0.534    175.462 153.583542     4.0141      7.040   137.6867 1.2231e+01     8.9546      2.076      3.011    19.0506 0.0000e+00
      2.120      0.014     0.0462      0.544    189.297 165.274328     4.0160      7.039   134.8464 1.2127e+01     8.9279      2.079      3.016    18.9940 0.0000e+00
      2.125      0.014     0.0485      0.556    197.827 172.393077     4.0093      7.038   132.7928 1.1957e+01     8.8989      2.084      3.022    18.9564 0.0000e+00
      2.130      0.013     0.0494      0.556    203.983 177.551429     4.0086      7.037   131.6135 1.1755e+01     8.8780      2.089      3.029    18.9003 0.0000e+00
      2.134      0.012     0.0494      0.530    208.776 181.609039     4.0161      7.034   129.7939 1.1611e+01     8.8805      2.094      3.037    18.7704 0.0000e+00
      2.137      0.010     0.0507      0.500    212.447 184.732179     4.0491      7.031   126.7949 1.1542e+01     8.8266      2.096      3.040    18.6395 0.0000e+00
      2.138      0.008     0.0520      0.477    215.577 187.400287     4.1085      7.030   123.2299 1.1492e+01     8.7046      2.096      3.039    18.5577 0.0000e+00
      2.139      0.006     0.0539      0.452    218.723 190.103880     4.1511      7.030   121.1052 1.1413e+01     8.6352      2.097      3.042    18.5079 0.0000e+00
      2.141      0.004     0.0493      0.437    221.117 192.183498     4.1656      7.031   120.8941 1.1313e+01     8.6357      2.099      3.045    18.4873 0.0000e+00
      2.142      0.004     0.0463      0.434    222.453 193.375491     4.2504      7.032   121.2799 1.1239e+01     8.6091      2.101      3.047    18.4717 0.0000e+00
      2.142      0.003     0.0453      0.429    223.372 194.227621     4.4269      7.032   121.5544 1.1194e+01     8.5181      2.102      3.048    18.4589 0.0000e+00
      2.142      0.002     0.0417      0.414    224.122 194.945462     4.5278      7.031   121.0294 1.1148e+01     8.4581      2.101      3.047    18.4508 0.0000e+00
      2.143      0.000     0.0405      0.413    224.795 195.599992     4.5372      7.029   119.8359 1.1105e+01     8.4640      2.102      3.048    18.4505 0.0000e+00
      2.143     -0.001     0.0408      0.425    225.843 196.581183     4.6074      7.029   118.7400 1.1075e+01     8.6236      2.102      3.049    18.4579 0.0000e+00
      2.142     -0.001     0.0411      0.436    227.391 197.988562     4.7359      7.029   118.0179 1.1048e+01     8.8843      2.101      3.047    18.4710 0.0000e+00
      2.142     -0.001     0.0379      0.441    228.654 199.129607     4.8089      7.029   117.7289 1.1019e+01     8.9862      2.101      3.047    18.4862 0.0000e+00
      2.141     -0.001     0.0383      0.427    229.139 199.574742     4.8240      7.029   117.4839 1.1000e+01     9.0022      2.100      3.046    18.5019 0.0000e+00
      2.141     -0.001     0.0400      0.411    229.004 199.471281     4.8274      7.029   117.0348 1.1007e+01     9.1455      2.100      3.045    18.5179 0.0000e+00
      2.141     -0.001     0.0407      0.416    228.618 199.157194     4.8329      7.028   116.3423 1.1024e+01     9.3526      2.100      3.046    18.5317 0.0000e+00
      2.141     -0.001     0.0424      0.434    228.516 199.101279     4.8319      7.028   115.0468 1.1026e+01     9.4573      2.099      3.045    18.5412 0.0000e+00
      2.141     -0.001     0.0400      0.445    229.011 199.562360     4.8074      7.028   113.2445 1.1009e+01     9.4545      2.100      3.046    18.5452 0.0000e+00
      2.141     -0.001     0.0373      0.460    229.794 200.257310     4.6705      7.029   111.4153 1.0963e+01     9.3185      2.100      3.046    18.5466 0.0000e+00
      2.141     -0.001     0.0382      0.479    230.259 200.663675     4.3998      7.031   110.0523 1.0913e+01     9.1105      2.099      3.045    18.5512 0.0000e+00
      2.141     -0.001     0.0414      0.479    230.224 200.639994     4.2055      7.031   109.6699 1.0856e+01     9.0239      2.099      3.045    18.5597 0.0000e+00
      2.140     -0.001     0.0413      0.474    230.024 200.482441     4.1521      7.030   110.4054 1.0764e+01     8.9891      2.099      3.044    18.5676 0.0000e+00
      2.139     -0.001     0.0424      0.474    229.928 200.420898     4.1459      7.030   111.3734 1.0678e+01     8.9282      2.098      3.042    18.5699 0.0000e+00
      2.139     -0.000     0.0461      0.465    230.023 200.535202     4.2055      7.030   111.5658 1.0649e+01     8.8690      2.097      3.042    18.5682 0.0000e+00
      2.139      0.001     0.0448      0.456    230.331 200.841654     4.3067      7.030   111.9571 1.0673e+01     8.7860      2.097      3.042    18.5695 0.0000e+00
      2.139      0.003     0.0436      0.455    230.756 201.249392     4.3542      7.030   112.7487 1.0728e+01     8.7096      2.098      3.042    18.5743 0.0000e+00
      2.140      0.003     0.0451      0.449    231.142 201.629322     4.3547      7.030   112.6197 1.0807e+01     8.6975      2.097      3.042    18.5782 0.0000e+00
      2.141      0.002     0.0434      0.446    231.334 201.855231     4.2466      7.029   112.1178 1.0920e+01     8.8439      2.099      3.046    18.5849 0.0000e+00
      2.144     -0.002     0.0417      0.442    231.340 201.935072     4.0286      7.026   112.1011 1.1050e+01     9.0797      2.102      3.049    18.5946 0.0000e+00
      2.145     -0.008     0.0436      0.433    231.273 201.955438     3.9090      7.025   112.3319 1.1214e+01     9.1908      2.104      3.052    18.6017 0.0000e+00
      2.144     -0.013     0.0411      0.428    231.209 201.973722     3.8915      7.026   111.7251 1.1568e+01     9.2654      2.105      3.053    18.6099 0.0000e+00
      2.138     -0.017     0.0418      0.422    231.194 202.028369     3.8155      7.027   108.3777 1.2157e+01     9.9130      2.099      3.044    18.6228 0.0000e+00
