Data/DataNotYetUploadedToEDI/Raw_CTD/RawDownloads/071122_fcr50_S7809003.cnv
* Sea-Bird SBE19plus  Data File:
* FileName = C:\R\Reservoirs\Data\DataNotYetUploadedToEDI\Raw_CTD\RawDownloads\071122_bvr40_0003.hex
* Software version 2.8.0.119
* Temperature SN = 7809
* Conductivity SN = 7809
* System UpLoad Time = Jul 14 2022 16:07:01
* <ApplicationData>
* <Seaterm232>
# nquan = 15
# nvalues = 2202                        
# units = specified
# name 0 = depFM: Depth [fresh water, m]
# name 1 = dz/dtM: Descent Rate [m/s]
# name 2 = sbeox0Mg/L: Oxygen, SBE 43 [mg/l]
# name 3 = sbeox0PS: Oxygen, SBE 43 [% saturation]
# name 4 = specc: Specific Conductance [uS/cm]
# name 5 = c0uS/cm: Conductivity [uS/cm]
# name 6 = flECO-AFL: Fluorescence, WET Labs ECO-AFL/FL [mg/m^3]
# name 7 = ph: pH
# name 8 = orp: Oxidation Reduction Potential [mV]
# name 9 = par/sat/log: PAR/Logarithmic, Satlantic
# name 10 = turbWETntu0: Turbidity, WET Labs ECO [NTU]
# name 11 = prdM: Pressure, Strain Gauge [db]
# name 12 = prdE: Pressure, Strain Gauge [psi]
# name 13 = tv290C: Temperature [ITS-90, deg C]
# name 14 = flag:  0.000e+00
# span 0 =     -0.667,      9.484       
# span 1 =     -0.304,      0.112       
# span 2 =     0.0104,     7.3310       
# span 3 =      0.116,     82.913       
# span 4 =      0.847,    245.521       
# span 5 =   0.850832, 176.101842       
# span 6 =    -2.0938,    15.0376       
# span 7 =      6.468,      9.267       
# span 8 = -1240.7455,   231.6871       
# span 9 = 1.2357e-01, 2.8308e+03       
# span 10 =    -9.5109,   355.2189      
# span 11 =     -0.654,      9.301      
# span 12 =     -0.949,     13.489      
# span 13 =    10.7326,    25.2757      
# span 14 = 0.0000e+00, 0.0000e+00      
# interval = seconds: 0.25
# start_time = Jul 11 2022 10:33:29 [Instrument's time stamp, header]
# bad_flag = -9.990e-29
*END*
[from data line 579]
      1.821      0.056     0.0622      0.624     41.113  36.227459     7.7078      8.096   107.0775 1.0107e+01     2.6194      1.784      2.588    19.3166 0.0000e+00
      1.840      0.050     0.0614      0.624     41.212  36.272644     8.0497      8.088   106.7635 9.7881e+00     2.6205      1.805      2.618    19.2565 0.0000e+00
      1.856      0.042     0.0608      0.619     41.277  36.301983     8.0661      8.079   106.5273 9.6093e+00     2.5661      1.824      2.646    19.1945 0.0000e+00
      1.864      0.035     0.0574      0.626     41.399  36.391918     7.9966      8.072   106.3720 9.5260e+00     2.6105      1.830      2.655    19.1210 0.0000e+00
      1.868      0.029     0.0575      0.626     41.720  36.662454     7.8752      8.065   106.3493 9.4410e+00     2.7814      1.832      2.657    19.0448 0.0000e+00
      1.871      0.026     0.0589      0.600     42.019  36.909611     7.8225      8.057   106.4245 9.3804e+00     2.8900      1.835      2.663    18.9958 0.0000e+00
      1.875      0.026     0.0562      0.590     42.189  37.033908     7.8257      8.050   106.5072 9.3069e+00     2.8650      1.837      2.665    18.9662 0.0000e+00
      1.882      0.031     0.0582      0.600     42.284  37.087233     7.7976      8.043   106.4024 9.1606e+00     2.8202      1.843      2.673    18.9444 0.0000e+00
      1.892      0.037     0.0605      0.598     42.353  37.110400     7.5991      8.033   106.0183 9.0005e+00     2.8268      1.856      2.691    18.9366 0.0000e+00
      1.902      0.042     0.0542      0.580     42.638  37.313971     7.2398      8.025   105.6478 8.8340e+00     2.8421      1.865      2.705    18.9214 0.0000e+00
      1.914      0.046     0.0542      0.567     43.297  37.836290     7.0323      8.018   105.5364 8.6540e+00     2.8687      1.876      2.721    18.8886 0.0000e+00
      1.928      0.050     0.0564      0.564     44.099  38.479054     6.9802      8.011   105.3600 8.5230e+00     2.8751      1.893      2.745    18.8527 0.0000e+00
      1.940      0.054     0.0566      0.571     44.695  38.933842     6.6257      8.001   104.9770 8.4218e+00     2.7830      1.904      2.761    18.8112 0.0000e+00
      1.952      0.056     0.0535      0.588     45.095  39.212693     5.9749      7.992   104.6059 8.2558e+00     2.6780      1.912      2.773    18.7550 0.0000e+00
      1.968      0.059     0.0525      0.591     45.582  39.567332     5.6124      7.983   104.4008 8.0460e+00     2.6640      1.929      2.797    18.6907 0.0000e+00
      1.986      0.064     0.0528      0.583     46.216  40.050492     5.5381      7.973   104.3893 7.8995e+00     2.6823      1.950      2.829    18.6268 0.0000e+00
      2.001      0.068     0.0521      0.583     46.734  40.424459     5.0096      7.962   104.2948 7.7960e+00     2.6946      1.964      2.848    18.5542 0.0000e+00
      2.016      0.068     0.0566      0.590     46.957  40.537014     4.0174      7.952   103.9476 7.6478e+00     2.7432      1.975      2.864    18.4716 0.0000e+00
      2.037      0.065     0.0557      0.596     47.170  40.650173     3.4707      7.945   103.6335 7.4600e+00     2.8264      1.997      2.895    18.3961 0.0000e+00
      2.060      0.060     0.0545      0.590     47.603  40.968007     3.4018      7.937   103.5084 7.3074e+00     2.8808      2.025      2.936    18.3293 0.0000e+00
      2.076      0.055     0.0547      0.571     48.015  41.271882     3.1931      7.927   103.2944 7.2314e+00     2.9223      2.039      2.958    18.2506 0.0000e+00
      2.084      0.048     0.0556      0.559     48.164  41.343099     2.8199      7.917   102.7668 7.1761e+00     2.9865      2.042      2.963    18.1551 0.0000e+00
      2.093      0.039     0.0567      0.562     48.199  41.321585     2.6094      7.908   101.9475 7.0807e+00     3.0088      2.051      2.974    18.0756 0.0000e+00
      2.104      0.032     0.0564      0.563     48.399  41.455700     2.5797      7.902   101.1313 6.9882e+00     3.0204      2.065      2.995    18.0267 0.0000e+00
      2.113      0.028     0.0537      0.563     48.714  41.696026     2.4441      7.896   100.7288 6.9461e+00     3.0591      2.074      3.009    17.9792 0.0000e+00
      2.117      0.025     0.0519      0.564     48.896  41.816962     2.1844      7.887   100.6947 6.9095e+00     3.0671      2.076      3.011    17.9136 0.0000e+00
      2.121      0.022     0.0540      0.564     48.892  41.776139     2.0364      7.878   100.6326 6.8416e+00     3.0485      2.077      3.014    17.8529 0.0000e+00
      2.126      0.019     0.0532      0.570     48.847  41.709838     2.0109      7.872   100.4940 6.7620e+00     3.0387      2.084      3.023    17.8203 0.0000e+00
      2.133      0.018     0.0531      0.580     48.873  41.713026     2.0106      7.867   100.4812 6.7007e+00     3.0510      2.093      3.035    17.7967 0.0000e+00
      2.138      0.019     0.0542      0.575     49.008  41.814656     2.0907      7.862   100.5644 6.6629e+00     3.0606      2.097      3.042    17.7589 0.0000e+00
      2.140      0.021     0.0531      0.566     49.144  41.923723     2.2302      7.855   100.5539 6.6310e+00     3.0526      2.098      3.043    17.7138 0.0000e+00
      2.144      0.025     0.0540      0.565     49.186  41.953407     2.3062      7.849   100.3542 6.5902e+00     3.0221      2.101      3.047    17.6867 0.0000e+00
      2.149      0.029     0.0562      0.562     49.326  42.046697     2.3111      7.843   100.1279 6.5250e+00     2.9991      2.105      3.053    17.6700 0.0000e+00
      2.158      0.034     0.0548      0.558     49.608  42.227046     2.2484      7.836    99.9685 6.4387e+00     3.1850      2.115      3.066    17.6542 0.0000e+00
      2.170      0.038     0.0535      0.564     49.849  42.357824     2.1220      7.830    99.9762 6.3615e+00     3.5625      2.129      3.086    17.6476 0.0000e+00
      2.182      0.043     0.0541      0.569     50.078  42.486039     2.0480      7.825   100.3931 6.2990e+00     3.7706      2.140      3.104    17.6488 0.0000e+00
      2.192      0.047     0.0541      0.583     50.319  42.635402     2.0369      7.819   100.9656 6.2299e+00     3.7542      2.150      3.119    17.6345 0.0000e+00
      2.202      0.049     0.0522      0.603     50.457  42.704730     2.0622      7.811   101.2197 6.1585e+00     3.8764      2.159      3.131    17.5633 0.0000e+00
      2.214      0.048     0.0546      0.596     50.486  42.689880     2.1377      7.802   101.2279 6.0774e+00     4.2239      2.169      3.146    17.4742 0.0000e+00
      2.230      0.044     0.0543      0.575     50.453  42.646109     2.1920      7.794   100.8932 5.9827e+00     4.4373      2.187      3.171    17.4133 0.0000e+00
      2.247      0.038     0.0546      0.554     50.406  42.619510     2.2020      7.788   100.1837 5.9174e+00     4.4757      2.206      3.199    17.3590 0.0000e+00
      2.258      0.033     0.0604      0.538     50.390  42.622024     2.2422      7.782    99.7916 5.8837e+00     4.5852      2.217      3.216    17.3120 0.0000e+00
      2.262      0.028     0.0569      0.532     50.383  42.613096     2.3126      7.778   100.1100 5.8602e+00     4.7711      2.219      3.218    17.2683 0.0000e+00
      2.263      0.024     0.0554      0.527     50.367  42.574995     2.3541      7.773   100.5915 5.8440e+00     4.9130      2.218      3.218    17.2435 0.0000e+00
      2.264      0.022     0.0532      0.541     50.377  42.541915     2.3860      7.767   100.1068 5.8177e+00     4.9675      2.219      3.220    17.2718 0.0000e+00
      2.269      0.022     0.0506      0.543     50.406  42.530249     2.5146      7.762    99.2388 5.7633e+00     4.9183      2.221      3.223    17.2976 0.0000e+00
      2.279      0.023     0.0524      0.526     50.371  42.497324     2.7185      7.756    99.2173 5.6983e+00     4.7619      2.235      3.242    17.2912 0.0000e+00
      2.289      0.025     0.0486      0.518     50.296  42.460970     2.8285      7.749    99.4164 5.6569e+00     4.6482      2.249      3.262    17.2687 0.0000e+00
      2.294      0.025     0.0530      0.515     50.343  42.534773     2.8462      7.744    99.7539 5.6366e+00     4.6708      2.250      3.262    17.2189 0.0000e+00
      2.298      0.026     0.0538      0.519     50.498  42.691944     2.8665      7.738   100.0286 5.6171e+00     4.7276      2.253      3.268    17.1693 0.0000e+00
      2.303      0.026     0.0491      0.519     50.583  42.775505     2.8993      7.730    99.5544 5.5764e+00     4.7201      2.259      3.276    17.1664 0.0000e+00
      2.309      0.026     0.0506      0.508     50.595  42.783911     2.9088      7.724    99.0966 5.5202e+00     4.6490      2.262      3.281    17.2068 0.0000e+00
      2.318      0.028     0.0487      0.499     50.542  42.730142     2.8908      7.719    99.1398 5.4795e+00     4.6190      2.271      3.294    17.2443 0.0000e+00
      2.328      0.031     0.0500      0.501     50.434  42.632851     2.8732      7.714    99.5607 5.4522e+00     4.6655      2.285      3.313    17.2736 0.0000e+00
      2.335      0.032     0.0508      0.512     50.409  42.622506     2.7621      7.707    99.7110 5.4162e+00     4.7663      2.292      3.324    17.2827 0.0000e+00
      2.340      0.032     0.0481      0.522     50.521  42.731938     2.5629      7.702    99.1505 5.3537e+00     4.8809      2.294      3.328    17.2789 0.0000e+00
      2.349      0.031     0.0478      0.529     50.769  42.941066     2.4549      7.696    98.7203 5.2827e+00     4.8903      2.302      3.339    17.2701 0.0000e+00
      2.359      0.029     0.0476      0.529     51.001  43.121149     2.4210      7.689    98.8109 5.2451e+00     4.8467      2.316      3.358    17.2512 0.0000e+00
      2.368      0.026     0.0494      0.520     51.034  43.133123     2.2696      7.683    99.1278 5.2354e+00     5.0368      2.323      3.369    17.2716 0.0000e+00
      2.374      0.023     0.0502      0.518     50.991  43.085822     2.0064      7.677    99.3681 5.2097e+00     5.4122      2.327      3.375    17.2957 0.0000e+00
      2.379      0.019     0.0510      0.516     51.062  43.120137     1.8600      7.673    99.3072 5.1824e+00     5.5934      2.335      3.386    17.2922 0.0000e+00
      2.383      0.018     0.0517      0.513     51.389  43.357690     1.8476      7.669    99.0806 5.1803e+00     5.6226      2.338      3.391    17.2722 0.0000e+00
      2.384      0.020     0.0490      0.518     51.941  43.801180     1.8642      7.664    98.8648 5.1715e+00     5.8331      2.337      3.390    17.2483 0.0000e+00
      2.386      0.024     0.0503      0.525     52.335  44.105168     1.8953      7.659    98.6774 5.1504e+00     6.1920      2.339      3.392    17.2505 0.0000e+00
      2.392      0.027     0.0497      0.529     52.575  44.241915     1.9069      7.655    98.9656 5.1112e+00     6.3746      2.343      3.398    17.2318 0.0000e+00
      2.404      0.031     0.0489      0.528     53.194  44.693227     1.8961      7.652    99.6822 5.0471e+00     6.4357      2.357      3.418    17.1652 0.0000e+00
      2.416      0.035     0.0500      0.525     53.933  45.247904     1.8568      7.646    99.9424 5.0026e+00     7.0673      2.373      3.442    17.1597 0.0000e+00
      2.424      0.035     0.0507      0.526     54.159  45.365612     1.8063      7.641    99.6156 4.9865e+00     8.2043      2.378      3.448    17.1588 0.0000e+00
      2.431      0.033     0.0512      0.528     54.282  45.418507     1.7933      7.638    99.3456 4.9681e+00     8.8418      2.381      3.453    17.0630 0.0000e+00
      2.441      0.029     0.0511      0.518     54.495  45.570172     1.7983      7.633    99.7753 4.9476e+00     8.9683      2.396      3.475    17.0023 0.0000e+00
      2.450      0.024     0.0508      0.508     54.413  45.486384     1.8178      7.627   100.5085 4.9364e+00     9.0853      2.406      3.490    16.9551 0.0000e+00
      2.454      0.020     0.0505      0.504     54.246  45.357074     1.8620      7.621   100.7254 4.9233e+00     9.2309      2.406      3.490    16.8637 0.0000e+00
      2.458      0.016     0.0523      0.497     54.178  45.339019     1.8924      7.617   100.5052 4.8935e+00     9.3628      2.411      3.496    16.8215 0.0000e+00
      2.461      0.012     0.0500      0.498     54.272  45.458456     1.9021      7.613   100.4276 4.8588e+00     9.4508      2.415      3.502    16.8099 0.0000e+00
      2.462      0.012     0.0488      0.499     54.719  45.849584     1.9047      7.609   101.0773 4.8402e+00     9.4744      2.414      3.502    16.7812 0.0000e+00
      2.463      0.014     0.0495      0.482     55.304  46.324957     1.9154      7.604   101.9939 4.8364e+00     9.8189      2.415      3.503    16.7908 0.0000e+00
      2.466      0.017     0.0475      0.465     55.728  46.638149     1.9399      7.599   102.3893 4.8302e+00    10.5763      2.417      3.506    16.8387 0.0000e+00
      2.471      0.021     0.0480      0.463     56.055  46.844712     1.9515      7.595   102.3304 4.8146e+00    11.0491      2.421      3.512    16.8848 0.0000e+00
      2.478      0.025     0.0496      0.469     56.321  46.982450     1.9470      7.590   102.3145 4.7834e+00    11.1968      2.430      3.524    16.9016 0.0000e+00
      2.487      0.027     0.0465      0.483     56.489  47.034481     1.9350      7.585   102.6276 4.7489e+00    12.3962      2.439      3.538    16.8859 0.0000e+00
      2.495      0.027     0.0441      0.504     56.712  47.156469     1.9152      7.580   102.8466 4.7363e+00    14.6542      2.447      3.549    16.8484 0.0000e+00
      2.503      0.026     0.0451      0.522     57.099  47.442143     1.8988      7.578   102.7245 4.7299e+00    15.8846      2.455      3.561    16.7870 0.0000e+00
      2.509      0.024     0.0451      0.518     57.450  47.696758     1.9031      7.575   102.5290 4.7166e+00    16.0682      2.462      3.570    16.7092 0.0000e+00
      2.513      0.023     0.0469      0.507     57.656  47.823896     1.9421      7.571   102.5476 4.6991e+00    17.1134      2.465      3.574    16.6172 0.0000e+00
      2.518      0.025     0.0490      0.505     57.867  47.964110     1.9957      7.566   102.8632 4.6638e+00    19.0257      2.468      3.580    16.5584 0.0000e+00
      2.523      0.028     0.0521      0.496     58.024  48.059562     2.0191      7.560   103.0756 4.6142e+00    20.0604      2.475      3.589    16.5436 0.0000e+00
      2.529      0.030     0.0512      0.476     58.183  48.153103     2.0174      7.555   102.7061 4.5685e+00    20.2294      2.479      3.595    16.5136 0.0000e+00
      2.539      0.031     0.0485      0.464     58.651  48.523988     2.0582      7.551   102.0094 4.5346e+00    21.5475      2.488      3.608    16.4617 0.0000e+00
      2.552      0.031     0.0502      0.472     59.060  48.863645     2.1369      7.546   101.1908 4.5125e+00    23.9742      2.506      3.635    16.4397 0.0000e+00
      2.561      0.029     0.0491      0.495     58.950  48.769985     2.1787      7.541   100.2077 4.4862e+00    25.2483      2.514      3.646    16.4161 0.0000e+00
      2.566      0.025     0.0464      0.513     58.677  48.533711     2.1883      7.536    99.5016 4.4538e+00    25.3038      2.515      3.648    16.3649 0.0000e+00
      2.572      0.019     0.0445      0.509     58.547  48.418090     2.2038      7.531    99.0196 4.4288e+00    24.9530      2.524      3.660    16.3561 0.0000e+00
      2.577      0.013     0.0457      0.490     58.510  48.387239     2.2245      7.527    98.3382 4.4033e+00    24.2864      2.529      3.668    16.3685 0.0000e+00
      2.579      0.009     0.0487      0.484     58.463  48.351046     2.2385      7.523    97.7156 4.3870e+00    23.9391      2.529      3.668    16.3633 0.0000e+00
      2.579      0.005     0.0511      0.485     58.389  48.297753     2.2484      7.519    97.3425 4.3934e+00    23.9308      2.530      3.669    16.3515 0.0000e+00
