Data/DataNotYetUploadedToEDI/Raw_CTD/RawDownloads/071122_fcr50_S7809003.cnv
* Sea-Bird SBE19plus  Data File:
* FileName = C:\R\Reservoirs\Data\DataNotYetUploadedToEDI\Raw_CTD\RawDownloads\071122_bvr40_0003.hex
* Software version 2.8.0.119
* Temperature SN = 7809
* Conductivity SN = 7809
* System UpLoad Time = Jul 14 2022 16:07:01
* <ApplicationData>
* <Seaterm232>
# nquan = 15
# nvalues = 2202                        
# units = specified
# name 0 = depFM: Depth [fresh water, m]
# name 1 = dz/dtM: Descent Rate [m/s]
# name 2 = sbeox0Mg/L: Oxygen, SBE 43 [mg/l]
# name 3 = sbeox0PS: Oxygen, SBE 43 [% saturation]
# name 4 = specc: Specific Conductance [uS/cm]
# name 5 = c0uS/cm: Conductivity [uS/cm]
# name 6 = flECO-AFL: Fluorescence, WET Labs ECO-AFL/FL [mg/m^3]
# name 7 = ph: pH
# name 8 = orp: Oxidation Reduction Potential [mV]
# name 9 = par/sat/log: PAR/Logarithmic, Satlantic
# name 10 = turbWETntu0: Turbidity, WET Labs ECO [NTU]
# name 11 = prdM: Pressure, Strain Gauge [db]
# name 12 = prdE: Pressure, Strain Gauge [psi]
# name 13 = tv290C: Temperature [ITS-90, deg C]
# name 14 = flag:  0.000e+00
# span 0 =     -0.667,      9.484       
# span 1 =     -0.304,      0.112       
# span 2 =     0.0104,     7.3310       
# span 3 =      0.116,     82.913       
# span 4 =      0.847,    245.521       
# span 5 =   0.850832, 176.101842       
# span 6 =    -2.0938,    15.0376       
# span 7 =      6.468,      9.267       
# span 8 = -1240.7455,   231.6871       
# span 9 = 1.2357e-01, 2.8308e+03       
# span 10 =    -9.5109,   355.2189      
# span 11 =     -0.654,      9.301      
# span 12 =     -0.949,     13.489      
# span 13 =    10.7326,    25.2757      
# span 14 = 0.0000e+00, 0.0000e+00      
# interval = seconds: 0.25
# start_time = Jul 11 2022 10:33:29 [Instrument's time stamp, header]
# bad_flag = -9.990e-29
*END*
[from data line 868]
      4.302      0.068     0.1198      1.874     50.871  36.476394     0.5814      7.174   -17.2788 2.4240e-01     2.3986      4.213      6.109    10.8632 0.0000e+00
      4.327      0.069     0.1298      2.157     50.840  36.451642     0.5690      7.174   -16.7643 2.4969e-01     2.6071      4.245      6.157    10.8556 0.0000e+00
      4.350      0.073     0.1485      2.433     50.833  36.444100     0.5567      7.173   -15.8240 2.5444e-01     2.6041      4.273      6.196    10.8484 0.0000e+00
      4.363      0.073     0.1755      2.679     50.847  36.448611     0.5498      7.172   -14.7717 2.4937e-01     2.6352      4.277      6.203    10.8490 0.0000e+00
      4.378      0.066     0.2073      2.870     50.848  36.442767     0.5516      7.171   -14.0214 2.3693e-01     2.7434      4.286      6.217    10.8507 0.0000e+00
      4.403      0.057     0.2389      3.022     50.845  36.436844     0.5618      7.170   -13.3778 2.2837e-01     2.8202      4.322      6.268    10.8454 0.0000e+00
      4.423      0.050     0.2698      3.158     50.850  36.440407     0.5652      7.167   -12.5828 2.2675e-01     2.8126      4.347      6.305    10.8461 0.0000e+00
      4.428      0.043     0.2998      3.295     50.911  36.485853     0.5682      7.163   -11.8940 2.2512e-01     2.7191      4.341      6.296    10.8406 0.0000e+00
      4.431      0.033     0.3186      3.427     50.985  36.542419     0.5892      7.160   -11.1586 2.1768e-01     2.6120      4.340      6.294    10.8299 0.0000e+00
      4.441      0.023     0.3353      3.548     50.991  36.553605     0.6113      7.158   -10.3159 2.1428e-01     2.6107      4.357      6.318    10.8277 0.0000e+00
      4.449      0.018     0.3490      3.641     50.986  36.557697     0.6269      7.156    -9.6213 2.1710e-01     2.6692      4.367      6.333    10.8284 0.0000e+00
      4.451      0.022     0.3652      3.704     50.938  36.528486     0.6281      7.154    -8.9544 2.1623e-01     2.6706      4.364      6.329    10.8300 0.0000e+00
      4.451      0.029     0.3796      3.771     50.837  36.454085     0.6179      7.150    -8.1024 2.1815e-01     2.6276      4.365      6.329    10.8331 0.0000e+00
      4.453      0.035     0.3930      3.817     50.806  36.419104     0.6195      7.147    -7.0638 2.1195e-01     2.6271      4.367      6.333    10.8399 0.0000e+00
      4.461      0.040     0.4057      3.822     50.837  36.422595     0.6315      7.143    -6.2915 1.9945e-01     2.6650      4.370      6.338    10.8489 0.0000e+00
      4.480      0.042     0.4077      3.817     50.871  36.432857     0.6376      7.141    -5.9062 1.9521e-01     2.6757      4.390      6.368    10.8549 0.0000e+00
      4.503      0.041     0.4185      3.828     50.943  36.479757     0.6185      7.138    -5.5024 1.8889e-01     2.7219      4.422      6.412    10.8559 0.0000e+00
      4.516      0.036     0.4248      3.866     51.030  36.545741     0.5837      7.135    -4.9365 1.8788e-01     2.8824      4.435      6.431    10.8423 0.0000e+00
      4.519      0.026     0.4235      3.939     51.085  36.596517     0.5664      7.133    -4.3133 1.9698e-01     3.0113      4.432      6.426    10.8170 0.0000e+00
      4.520      0.015     0.4218      4.043     51.135  36.649779     0.5674      7.129    -3.8183 2.0558e-01     3.0157      4.434      6.429    10.8030 0.0000e+00
      4.521      0.006     0.4232      4.149     51.154  36.682424     0.5709      7.125    -3.3387 2.0722e-01     3.0378      4.434      6.432    10.8002 0.0000e+00
      4.521      0.002     0.4268      4.241     51.116  36.674169     0.5664      7.122    -2.7303 1.9531e-01     3.1427      4.433      6.429    10.8014 0.0000e+00
      4.521      0.001     0.4346      4.301     51.100  36.676817     0.5635      7.120    -2.2276 1.8066e-01     3.2250      4.435      6.432    10.8149 0.0000e+00
      4.521      0.001     0.4479      4.313     51.140  36.714449     0.5690      7.118    -1.8199 1.7845e-01     3.2470      4.434      6.431    10.8332 0.0000e+00
      4.521      0.001     0.4591      4.277     51.174  36.748688     0.5576      7.114    -1.1559 1.8342e-01     3.4081      4.434      6.430    10.8518 0.0000e+00
      4.521      0.005     0.4704      4.212     51.106  36.710316     0.5265      7.111    -0.3081 1.8494e-01     3.7381      4.435      6.432    10.8731 0.0000e+00
      4.521      0.015     0.4773      4.127     50.909  36.567587     0.5004      7.109     0.4289 1.7552e-01     3.9241      4.434      6.431    10.8872 0.0000e+00
      4.522      0.029     0.4792      4.042     50.728  36.418104     0.4995      7.107     0.9583 1.6989e-01     3.9486      4.434      6.431    10.8924 0.0000e+00
      4.526      0.042     0.4729      3.984     50.695  36.361469     0.5156      7.105     1.2745 1.8145e-01     3.9330      4.435      6.433    10.9018 0.0000e+00
      4.539      0.052     0.4663      3.949     50.780  36.390105     0.5206      7.101     1.8426 1.8601e-01     3.9059      4.444      6.447    10.9177 0.0000e+00
      4.564      0.055     0.4562      3.936     50.889  36.447234     0.5109      7.098     2.7511 1.7526e-01     3.9282      4.475      6.490    10.9202 0.0000e+00
      4.591      0.054     0.4448      3.951     50.947  36.481447     0.4972      7.094     3.5682 1.5987e-01     3.9294      4.508      6.537    10.8977 0.0000e+00
      4.607      0.049     0.4401      4.000     50.952  36.486689     0.4972      7.091     4.4093 1.4636e-01     3.9209      4.524      6.561    10.8607 0.0000e+00
      4.612      0.049     0.4363      4.096     50.891  36.447207     0.5102      7.090     5.1776 1.5000e-01     3.9274      4.523      6.561    10.8241 0.0000e+00
      4.612      0.057     0.4347      4.213     50.804  36.384562     0.5138      7.090     5.6305 1.5885e-01     3.9051      4.521      6.558    10.8029 0.0000e+00
      4.614      0.068     0.4371      4.318     50.784  36.363406     0.5076      7.088     6.1851 1.5940e-01     3.8902      4.523      6.561    10.7990 0.0000e+00
      4.628      0.075     0.4403      4.424     50.820  36.381647     0.5015      7.085     6.9787 1.6317e-01     3.8845      4.528      6.567    10.8010 0.0000e+00
      4.666      0.079     0.4525      4.523     50.867  36.414861     0.4896      7.083     7.5687 1.6038e-01     3.8359      4.568      6.626    10.8083 0.0000e+00
      4.714      0.076     0.4684      4.593     50.903  36.447919     0.4725      7.080     7.8978 1.4478e-01     3.7467      4.637      6.725    10.8099 0.0000e+00
      4.738      0.065     0.4773      4.648     50.913  36.464281     0.4606      7.078     8.1189 1.3624e-01     3.6945      4.658      6.758    10.7992 0.0000e+00
      4.737      0.046     0.4903      4.708     50.932  36.485867     0.4532      7.076     8.3496 1.3781e-01     3.6840      4.641      6.731    10.7890 0.0000e+00
      4.736      0.024     0.5027      4.764     50.966  36.518670     0.4510      7.073     8.7077 1.3852e-01     3.7898      4.643      6.733    10.7876 0.0000e+00
      4.738      0.007     0.5094      4.803     50.986  36.543837     0.4504      7.070     9.0938 1.3693e-01     4.0170      4.648      6.743    10.7989 0.0000e+00
      4.737      0.001     0.5141      4.848     51.049  36.599918     0.4534      7.067     9.4903 1.3772e-01     4.1428      4.644      6.735    10.8087 0.0000e+00
      4.737      0.002     0.5211      4.897     51.159  36.689425     0.4544      7.064     9.8874 1.4192e-01     4.1833      4.646      6.738    10.8141 0.0000e+00
      4.739      0.002     0.5293      4.919     51.214  36.738247     0.4376      7.062    10.1949 1.4108e-01     4.3360      4.649      6.743    10.8240 0.0000e+00
      4.739      0.002     0.5306      4.920     51.212  36.746323     0.4165      7.061    10.3695 1.3433e-01     4.5539      4.647      6.740    10.8341 0.0000e+00
      4.739      0.002     0.5356      4.909     51.255  36.787082     0.4078      7.057    10.5359 1.3543e-01     4.6657      4.648      6.742    10.8453 0.0000e+00
      4.739      0.001     0.5441      4.882     51.329  36.850572     0.4068      7.053    10.9167 1.4058e-01     4.6633      4.649      6.742    10.8568 0.0000e+00
      4.739      0.000     0.5440      4.837     51.356  36.879819     0.4126      7.050    11.3600 1.3525e-01     4.6273      4.647      6.740    10.8649 0.0000e+00
      4.739      0.000     0.5449      4.787     51.357  36.887051     0.4362      7.047    11.7651 1.3240e-01     4.6402      4.648      6.742    10.8739 0.0000e+00
      4.739      0.001     0.5430      4.744     51.423  36.938026     0.4602      7.045    11.9436 1.4106e-01     4.6832      4.649      6.742    10.8830 0.0000e+00
      4.740      0.005     0.5409      4.695     51.574  37.052226     0.4695      7.043    11.9695 1.4574e-01     4.7029      4.648      6.741    10.8935 0.0000e+00
      4.740      0.011     0.5347      4.649     51.654  37.126335     0.4649      7.040    12.4227 1.3871e-01     4.7418      4.649      6.743    10.9049 0.0000e+00
      4.741      0.023     0.5277      4.604     51.461  37.009661     0.4469      7.037    13.1211 1.2920e-01     4.8116      4.648      6.742    10.9119 0.0000e+00
      4.745      0.040     0.5254      4.548     51.053  36.719646     0.4434      7.034    13.7885 1.3122e-01     4.8971      4.652      6.747    10.9134 0.0000e+00
      4.753      0.058     0.5178      4.495     50.755  36.473531     0.4558      7.030    14.2979 1.4031e-01     4.9562      4.658      6.756    10.9149 0.0000e+00
      4.770      0.074     0.5134      4.458     50.695  36.380272     0.4550      7.028    14.2037 1.3859e-01     4.9113      4.672      6.776    10.9299 0.0000e+00
      4.798      0.087     0.5086      4.419     50.720  36.352987     0.4417      7.026    13.8542 1.3360e-01     4.8323      4.704      6.823    10.9626 0.0000e+00
      4.830      0.096     0.5020      4.392     50.737  36.333834     0.4358      7.025    13.9432 1.3368e-01     4.8217      4.740      6.874    10.9764 0.0000e+00
      4.858      0.099     0.4946      4.390     50.772  36.338905     0.4427      7.022    14.4199 1.3061e-01     4.8511      4.766      6.913    10.9349 0.0000e+00
      4.882      0.094     0.4942      4.403     50.804  36.350856     0.4507      7.018    15.0569 1.2730e-01     4.9144      4.789      6.946    10.8750 0.0000e+00
      4.904      0.084     0.4885      4.458     50.814  36.351489     0.4403      7.016    15.5368 1.2545e-01     5.0059      4.809      6.974    10.8292 0.0000e+00
      4.928      0.073     0.4845      4.568     50.809  36.346556     0.4088      7.015    15.4894 1.2385e-01     5.0696      4.834      7.009    10.7987 0.0000e+00
      4.948      0.065     0.4873      4.710     50.817  36.354626     0.3859      7.014    15.1733 1.2373e-01     5.1044      4.857      7.045    10.7817 0.0000e+00
      4.959      0.060     0.4859      4.856     50.852  36.385648     0.3886      7.011    15.1568 1.2373e-01     5.1533      4.865      7.056    10.7708 0.0000e+00
      4.967      0.056     0.4918      5.001     50.870  36.404566     0.3830      7.007    15.5472 1.2366e-01     5.2851      4.867      7.059    10.7654 0.0000e+00
      4.981      0.052     0.5050      5.134     50.848  36.393131     0.3523      7.004    16.1083 1.2366e-01     5.4681      4.883      7.082    10.7636 0.0000e+00
      4.998      0.049     0.5224      5.226     50.819  36.374221     0.3331      7.003    16.5208 1.2374e-01     5.5551      4.904      7.112    10.7658 0.0000e+00
      5.012      0.048     0.5382      5.279     50.809  36.366176     0.3341      7.000    16.7484 1.2380e-01     5.5512      4.915      7.128    10.7735 0.0000e+00
      5.025      0.048     0.5542      5.297     50.802  36.359269     0.3561      6.997    17.0534 1.2380e-01     5.4558      4.927      7.146    10.7803 0.0000e+00
      5.037      0.051     0.5711      5.282     50.798  36.354119     0.3905      6.994    17.5411 1.2374e-01     5.2550      4.942      7.168    10.7841 0.0000e+00
      5.043      0.053     0.5806      5.255     50.818  36.367320     0.3926      6.992    18.0857 1.2371e-01     5.1050      4.947      7.175    10.7868 0.0000e+00
      5.051      0.053     0.5860      5.233     50.853  36.392063     0.3815      6.990    18.4754 1.2372e-01     5.0772      4.946      7.174    10.7851 0.0000e+00
      5.071      0.049     0.5889      5.223     50.863  36.399617     0.3808      6.987    18.9836 1.2374e-01     5.1581      4.968      7.205    10.7828 0.0000e+00
      5.098      0.043     0.5851      5.210     50.856  36.395234     0.3677      6.984    19.6694 1.2378e-01     5.3313      5.007      7.263    10.7806 0.0000e+00
      5.111      0.035     0.5827      5.190     50.861  36.402489     0.3479      6.982    19.9707 1.2382e-01     5.4283      5.019      7.280    10.7790 0.0000e+00
      5.111      0.025     0.5788      5.185     50.885  36.423922     0.3327      6.981    20.0455 1.2381e-01     5.3743      5.009      7.265    10.7794 0.0000e+00
      5.110      0.013     0.5791      5.190     50.930  36.464133     0.3247      6.979    20.2300 1.2374e-01     5.3285      5.010      7.268    10.7788 0.0000e+00
      5.111      0.004     0.5786      5.195     50.971  36.508199     0.3181      6.977    20.7380 1.2372e-01     5.4213      5.014      7.272    10.7793 0.0000e+00
      5.111      0.004     0.5734      5.205     50.946  36.512832     0.3021      6.975    21.5428 1.2376e-01     5.6076      5.011      7.268    10.7828 0.0000e+00
      5.112      0.011     0.5744      5.208     50.844  36.456750     0.2819      6.973    22.0452 1.2379e-01     5.6687      5.013      7.270    10.7871 0.0000e+00
      5.112      0.020     0.5753      5.203     50.771  36.400878     0.2664      6.971    22.3379 1.2379e-01     5.6131      5.013      7.271    10.7927 0.0000e+00
      5.113      0.028     0.5748      5.202     50.811  36.408025     0.2642      6.969    22.5862 1.2374e-01     5.6184      5.011      7.268    10.8068 0.0000e+00
      5.122      0.037     0.5765      5.194     50.849  36.416305     0.2712      6.967    22.6389 1.2370e-01     5.6300      5.018      7.278    10.8341 0.0000e+00
      5.141      0.047     0.5767      5.179     50.804  36.374135     0.2765      6.965    23.1464 1.2374e-01     5.6173      5.042      7.313    10.8580 0.0000e+00
      5.158      0.059     0.5751      5.179     50.769  36.342048     0.2777      6.963    24.2494 1.2379e-01     5.6015      5.064      7.345    10.8534 0.0000e+00
      5.166      0.068     0.5760      5.184     50.785  36.345417     0.2778      6.960    24.8756 1.2380e-01     5.5753      5.064      7.344    10.8222 0.0000e+00
      5.178      0.072     0.5767      5.185     50.801  36.351437     0.2867      6.957    24.7803 1.2377e-01     5.6084      5.071      7.354    10.7994 0.0000e+00
      5.204      0.072     0.5723      5.205     50.806  36.351417     0.2932      6.956    24.6458 1.2378e-01     5.6604      5.103      7.401    10.7966 0.0000e+00
      5.233      0.072     0.5736      5.240     50.802  36.345168     0.2899      6.955    25.0568 1.2378e-01     5.6566      5.137      7.450    10.7901 0.0000e+00
      5.253      0.071     0.5758      5.281     50.799  36.339294     0.2969      6.953    25.8776 1.2372e-01     5.6313      5.154      7.476    10.7799 0.0000e+00
      5.266      0.066     0.5725      5.318     50.809  36.343812     0.3113      6.952    26.4823 1.2369e-01     5.6269      5.163      7.489    10.7747 0.0000e+00
      5.279      0.058     0.5772      5.345     50.799  36.336375     0.3219      6.951    26.6893 1.2370e-01     5.6379      5.176      7.507    10.7725 0.0000e+00
      5.293      0.052     0.5803      5.390     50.765  36.312786     0.3340      6.948    26.6602 1.2374e-01     5.5937      5.192      7.530    10.7696 0.0000e+00
