Data/DataNotYetUploadedToEDI/Raw_CTD/RawDownloads/071122_bvr50_S7809002.cnv
* Sea-Bird SBE19plus  Data File:
* FileName = C:\R\Reservoirs\Data\DataNotYetUploadedToEDI\Raw_CTD\RawDownloads\071122_bvr40_0002.hex
* Software version 2.8.0.119
* Temperature SN = 7809
* Conductivity SN = 7809
* System UpLoad Time = Jul 14 2022 16:06:05
* <ApplicationData>
* <Seaterm232>
# nquan = 15
# nvalues = 1726                        
# units = specified
# name 0 = depFM: Depth [fresh water, m]
# name 1 = dz/dtM: Descent Rate [m/s]
# name 2 = sbeox0Mg/L: Oxygen, SBE 43 [mg/l]
# name 3 = sbeox0PS: Oxygen, SBE 43 [% saturation]
# name 4 = specc: Specific Conductance [uS/cm]
# name 5 = c0uS/cm: Conductivity [uS/cm]
# name 6 = flECO-AFL: Fluorescence, WET Labs ECO-AFL/FL [mg/m^3]
# name 7 = ph: pH
# name 8 = orp: Oxidation Reduction Potential [mV]
# name 9 = par/sat/log: PAR/Logarithmic, Satlantic
# name 10 = turbWETntu0: Turbidity, WET Labs ECO [NTU]
# name 11 = prdM: Pressure, Strain Gauge [db]
# name 12 = prdE: Pressure, Strain Gauge [psi]
# name 13 = tv290C: Temperature [ITS-90, deg C]
# name 14 = flag:  0.000e+00
# span 0 =     -0.744,      7.643       
# span 1 =     -0.312,      0.134       
# span 2 =     0.0260,     6.7730       
# span 3 =      0.258,     79.781       
# span 4 =      0.244,    120.480       
# span 5 =   0.233951,  83.651415       
# span 6 =    -0.1542,     4.0970       
# span 7 =      6.597,      7.657       
# span 8 =   -93.8225,   358.8746       
# span 9 = 1.2361e-01, 5.9429e+02       
# span 10 =    -0.3191,    27.6410      
# span 11 =     -0.730,      7.495      
# span 12 =     -1.059,     10.871      
# span 13 =     9.7061,    25.3257      
# span 14 = 0.0000e+00, 0.0000e+00      
# interval = seconds: 0.25
# start_time = Jul 11 2022 09:08:08 [Instrument's time stamp, header]
# bad_flag = -9.990e-29
*END*
[from data line 579]
      2.236      0.015     0.1787      1.773     33.013  28.915824     3.4357      7.075   267.4064 4.5087e+00     5.5754      2.193      3.181    18.9505 0.0000e+00
      2.238      0.014     0.1715      1.759     32.989  28.874264     3.4957      7.073   267.4252 4.4951e+00     5.6845      2.194      3.183    18.9031 0.0000e+00
      2.242      0.013     0.1702      1.734     32.947  28.827586     3.5034      7.071   267.3945 4.4662e+00     5.6840      2.197      3.187    18.8496 0.0000e+00
      2.247      0.013     0.1655      1.711     32.907  28.795166     3.5368      7.071   267.2935 4.4462e+00     5.6722      2.205      3.197    18.8261 0.0000e+00
      2.250      0.013     0.1648      1.682     32.899  28.799221     3.6081      7.071   267.4954 4.4417e+00     5.7459      2.207      3.202    18.7922 0.0000e+00
      2.252      0.014     0.1653      1.673     32.974  28.876635     3.6585      7.069   267.8566 4.4519e+00     5.8243      2.209      3.203    18.7497 0.0000e+00
      2.254      0.015     0.1604      1.691     33.085  28.970506     3.6801      7.066   267.9604 4.4597e+00     5.8685      2.210      3.205    18.7394 0.0000e+00
      2.257      0.016     0.1610      1.710     33.208  29.046750     3.7365      7.066   267.8900 4.4306e+00     6.0074      2.212      3.208    18.7435 0.0000e+00
      2.263      0.017     0.1557      1.741     33.323  29.101156     3.8240      7.064   267.9522 4.3784e+00     6.2044      2.219      3.218    18.7621 0.0000e+00
      2.269      0.018     0.1543      1.779     33.383  29.121131     3.8813      7.062   268.0239 4.3549e+00     6.3036      2.227      3.229    18.7893 0.0000e+00
      2.273      0.018     0.1588      1.796     33.373  29.098056     3.9039      7.060   267.9828 4.3581e+00     6.3194      2.230      3.234    18.7953 0.0000e+00
      2.277      0.018     0.1583      1.778     33.351  29.075711     3.9055      7.059   267.9712 4.3509e+00     6.3260      2.232      3.239    18.7418 0.0000e+00
      2.282      0.018     0.1625      1.727     33.386  29.104516     3.9342      7.058   268.0565 4.3412e+00     6.5553      2.238      3.246    18.6495 0.0000e+00
      2.286      0.018     0.1672      1.651     33.501  29.192768     4.0098      7.057   268.1530 4.3397e+00     7.0083      2.243      3.253    18.6029 0.0000e+00
      2.290      0.019     0.1691      1.561     33.677  29.318659     4.0547      7.055   268.2779 4.3215e+00     7.2589      2.246      3.258    18.5849 0.0000e+00
      2.295      0.020     0.1676      1.476     33.849  29.422187     4.0599      7.055   268.4480 4.2891e+00     7.2972      2.250      3.264    18.5828 0.0000e+00
      2.301      0.021     0.1622      1.401     34.004  29.493591     3.9901      7.052   268.4884 4.2649e+00     7.3011      2.256      3.272    18.5910 0.0000e+00
      2.306      0.022     0.1551      1.335     34.148  29.547992     3.8517      7.048   268.4224 4.2502e+00     7.2713      2.262      3.280    18.5749 0.0000e+00
      2.312      0.023     0.1459      1.273     34.248  29.572718     3.7846      7.047   268.5104 4.2297e+00     7.2783      2.268      3.289    18.5350 0.0000e+00
      2.318      0.024     0.1379      1.191     34.343  29.602294     3.7785      7.046   268.7776 4.1997e+00     7.2840      2.273      3.297    18.4680 0.0000e+00
      2.324      0.024     0.1315      1.091     34.459  29.651960     3.6772      7.044   268.9869 4.1737e+00     6.9637      2.279      3.306    18.3680 0.0000e+00
      2.330      0.023     0.1253      1.004     34.534  29.666025     3.4841      7.041   268.9756 4.1370e+00     6.3771      2.284      3.313    18.2545 0.0000e+00
      2.336      0.022     0.1209      0.919     34.556  29.645495     3.3826      7.040   268.8129 4.0737e+00     6.1009      2.290      3.321    18.1616 0.0000e+00
      2.344      0.021     0.1140      0.836     34.594  29.657252     3.3831      7.039   268.7409 4.0258e+00     6.1187      2.299      3.335    18.0928 0.0000e+00
      2.350      0.019     0.1017      0.772     34.642  29.681377     3.3396      7.038   268.7071 4.0174e+00     5.9773      2.305      3.345    18.0262 0.0000e+00
      2.353      0.018     0.0953      0.700     34.664  29.683591     3.2484      7.038   268.6625 4.0093e+00     5.6894      2.307      3.347    17.9426 0.0000e+00
      2.356      0.017     0.0879      0.640     34.675  29.684001     3.1956      7.036   268.7178 3.9838e+00     5.5417      2.309      3.350    17.8753 0.0000e+00
      2.359      0.016     0.0772      0.624     34.690  29.686326     3.1844      7.033   268.8597 3.9592e+00     5.5580      2.314      3.357    17.8619 0.0000e+00
      2.363      0.016     0.0750      0.625     34.740  29.711686     3.1463      7.029   269.0878 3.9332e+00     5.5449      2.318      3.362    17.8383 0.0000e+00
      2.368      0.015     0.0662      0.630     34.796  29.737038     3.0670      7.027   269.2384 3.9012e+00     5.4168      2.322      3.367    17.8047 0.0000e+00
      2.374      0.013     0.0582      0.632     34.826  29.739251     3.0160      7.027   269.1314 3.8815e+00     5.3074      2.329      3.377    17.8026 0.0000e+00
      2.379      0.012     0.0596      0.630     34.845  29.738415     3.0135      7.026   268.9991 3.8820e+00     5.3151      2.334      3.386    17.7867 0.0000e+00
      2.381      0.012     0.0589      0.631     34.850  29.726912     3.0195      7.026   269.1015 3.8884e+00     5.3386      2.336      3.388    17.7636 0.0000e+00
      2.380      0.011     0.0603      0.651     34.867  29.726936     3.0388      7.026   269.2509 3.8797e+00     5.2168      2.334      3.384    17.7257 0.0000e+00
      2.381      0.011     0.0603      0.683     34.887  29.738683     3.0722      7.026   269.4289 3.8555e+00     5.0028      2.333      3.384    17.6866 0.0000e+00
      2.386      0.013     0.0602      0.692     34.884  29.742144     3.0818      7.025   269.7050 3.8380e+00     4.9042      2.340      3.394    17.6699 0.0000e+00
      2.391      0.015     0.0595      0.688     34.917  29.768802     3.0717      7.025   269.9220 3.8403e+00     4.9122      2.346      3.402    17.6460 0.0000e+00
      2.394      0.017     0.0606      0.679     34.992  29.807422     3.0414      7.024   269.9875 3.8339e+00     4.8947      2.347      3.403    17.6208 0.0000e+00
      2.399      0.018     0.0673      0.668     35.062  29.828707     2.9904      7.022   269.8944 3.8061e+00     4.8627      2.351      3.410    17.6075 0.0000e+00
      2.404      0.018     0.0660      0.669     35.110  29.835932     2.9624      7.021   269.8291 3.7868e+00     4.8682      2.360      3.422    17.6295 0.0000e+00
      2.409      0.018     0.0655      0.669     35.130  29.831335     2.9528      7.022   269.8863 3.7745e+00     4.8582      2.363      3.428    17.6404 0.0000e+00
      2.414      0.018     0.0656      0.662     35.150  29.836491     2.9912      7.023   269.9837 3.7545e+00     4.8437      2.366      3.432    17.5941 0.0000e+00
      2.418      0.018     0.0625      0.663     35.161  29.834874     3.0845      7.024   270.0612 3.7343e+00     4.8640      2.371      3.440    17.5314 0.0000e+00
      2.421      0.019     0.0646      0.668     35.147  29.811771     3.1323      7.024   270.2207 3.7043e+00     4.8647      2.374      3.444    17.4761 0.0000e+00
      2.425      0.020     0.0645      0.669     35.156  29.810709     3.1285      7.023   270.4490 3.6617e+00     4.8187      2.378      3.448    17.4487 0.0000e+00
      2.431      0.020     0.0629      0.668     35.178  29.822026     3.1546      7.020   270.4985 3.6278e+00     4.7510      2.384      3.457    17.4385 0.0000e+00
      2.437      0.019     0.0634      0.660     35.182  29.821809     3.2157      7.017   270.4753 3.5864e+00     4.6955      2.390      3.466    17.4213 0.0000e+00
      2.444      0.017     0.0645      0.653     35.162  29.808072     3.2511      7.014   270.5128 3.5298e+00     4.6604      2.396      3.476    17.4051 0.0000e+00
      2.449      0.014     0.0635      0.656     35.122  29.782732     3.2495      7.011   270.5208 3.4962e+00     4.6337      2.403      3.486    17.3929 0.0000e+00
      2.451      0.010     0.0647      0.663     35.094  29.769006     3.2461      7.008   270.4861 3.4939e+00     4.5768      2.405      3.488    17.3811 0.0000e+00
      2.451      0.008     0.0632      0.670     35.085  29.768910     3.2526      7.006   270.4375 3.4943e+00     4.4853      2.404      3.486    17.3740 0.0000e+00
      2.451      0.007     0.0619      0.680     35.094  29.781576     3.2607      7.006   270.2780 3.4871e+00     4.4499      2.404      3.486    17.3779 0.0000e+00
      2.452      0.007     0.0629      0.685     35.107  29.795378     3.2607      7.005   270.0197 3.4851e+00     4.4562      2.405      3.488    17.3935 0.0000e+00
      2.455      0.008     0.0635      0.674     35.126  29.809001     3.2527      7.004   269.8957 3.4772e+00     4.4252      2.406      3.490    17.4122 0.0000e+00
      2.458      0.010     0.0642      0.667     35.146  29.819496     3.2056      7.004   269.8122 3.4583e+00     4.4167      2.410      3.496    17.4204 0.0000e+00
      2.461      0.012     0.0646      0.674     35.127  29.795477     3.1239      7.004   269.7837 3.4338e+00     4.4562      2.413      3.500    17.4266 0.0000e+00
      2.464      0.014     0.0673      0.680     35.112  29.772161     3.0813      7.004   269.9808 3.4085e+00     4.4585      2.417      3.505    17.4341 0.0000e+00
      2.468      0.015     0.0638      0.689     35.148  29.791137     3.0733      7.004   270.3032 3.3998e+00     4.4098      2.420      3.510    17.4296 0.0000e+00
      2.471      0.015     0.0630      0.697     35.213  29.834728     3.0930      7.003   270.5845 3.3861e+00     4.3109      2.422      3.513    17.4173 0.0000e+00
      2.476      0.014     0.0653      0.691     35.255  29.855449     3.1533      7.003   270.6283 3.3592e+00     4.2198      2.427      3.520    17.4089 0.0000e+00
      2.481      0.013     0.0646      0.689     35.270  29.851473     3.1952      7.004   270.5743 3.3375e+00     4.2302      2.434      3.530    17.3927 0.0000e+00
      2.485      0.013     0.0659      0.697     35.290  29.850023     3.1908      7.005   270.6200 3.3275e+00     4.2317      2.438      3.536    17.3743 0.0000e+00
      2.486      0.012     0.0679      0.696     35.295  29.837896     3.1669      7.006   270.5798 3.3216e+00     4.2731      2.437      3.535    17.3608 0.0000e+00
      2.486      0.012     0.0660      0.683     35.303  29.831607     3.1474      7.007   270.4314 3.2996e+00     4.4572      2.436      3.534    17.3397 0.0000e+00
      2.490      0.012     0.0653      0.678     35.324  29.837363     3.1471      7.009   270.3748 3.2746e+00     4.6126      2.443      3.543    17.3149 0.0000e+00
      2.495      0.014     0.0676      0.677     35.348  29.844081     3.1468      7.010   270.3250 3.2638e+00     4.6833      2.448      3.550    17.2858 0.0000e+00
      2.497      0.015     0.0675      0.659     35.369  29.849430     3.1015      7.009   270.2604 3.2439e+00     4.6283      2.448      3.551    17.2617 0.0000e+00
      2.501      0.015     0.0650      0.627     35.367  29.838632     3.0321      7.009   270.2815 3.1846e+00     4.4951      2.451      3.557    17.2473 0.0000e+00
      2.507      0.014     0.0645      0.594     35.373  29.840297     3.0074      7.007   270.4084 3.1020e+00     4.4726      2.458      3.565    17.2312 0.0000e+00
      2.512      0.012     0.0664      0.568     35.405  29.869545     3.0190      7.003   270.5041 3.0511e+00     4.4934      2.466      3.575    17.2105 0.0000e+00
      2.514      0.010     0.0635      0.559     35.399  29.875305     3.0061      7.000   270.3204 3.0354e+00     4.3707      2.467      3.577    17.1912 0.0000e+00
      2.515      0.008     0.0606      0.567     35.346  29.846574     2.9673      7.000   270.0797 3.0176e+00     4.1844      2.466      3.576    17.1787 0.0000e+00
      2.516      0.007     0.0567      0.571     35.321  29.839142     2.9494      7.000   270.0894 2.9951e+00     4.1544      2.468      3.579    17.1731 0.0000e+00
      2.517      0.008     0.0545      0.578     35.326  29.848854     2.9574      6.999   270.2654 2.9741e+00     4.2124      2.469      3.581    17.1738 0.0000e+00
      2.517      0.009     0.0525      0.597     35.316  29.837226     2.9719      6.996   270.4008 2.9515e+00     4.2364      2.468      3.580    17.1906 0.0000e+00
      2.520      0.009     0.0551      0.592     35.311  29.825324     3.0161      6.993   270.5219 2.9133e+00     4.2739      2.470      3.582    17.2194 0.0000e+00
      2.525      0.009     0.0555      0.597     35.331  29.831725     3.0845      6.991   270.6966 2.8585e+00     4.3242      2.477      3.592    17.2384 0.0000e+00
      2.530      0.008     0.0533      0.624     35.371  29.851216     3.1163      6.990   270.7925 2.8190e+00     4.3662      2.483      3.601    17.2494 0.0000e+00
      2.532      0.006     0.0602      0.643     35.406  29.870793     3.1168      6.989   270.7350 2.8142e+00     4.4058      2.484      3.603    17.2423 0.0000e+00
      2.531      0.004     0.0559      0.653     35.414  29.878236     3.0665      6.989   270.6030 2.8267e+00     4.3938      2.482      3.600    17.2261 0.0000e+00
      2.530      0.003     0.0560      0.649     35.408  29.877821     2.9658      6.989   270.5733 2.8370e+00     4.3576      2.481      3.598    17.2184 0.0000e+00
      2.530      0.004     0.0616      0.648     35.392  29.865777     2.9230      6.989   270.6344 2.8536e+00     4.4126      2.481      3.598    17.1918 0.0000e+00
      2.530      0.007     0.0613      0.642     35.392  29.859401     2.9235      6.988   270.5669 2.8645e+00     4.5121      2.480      3.597    17.1711 0.0000e+00
      2.532      0.010     0.0644      0.621     35.415  29.864109     2.9797      6.987   270.3607 2.8306e+00     4.5698      2.481      3.598    17.1799 0.0000e+00
      2.537      0.012     0.0619      0.609     35.434  29.859292     3.1127      6.987   270.2057 2.7759e+00     4.6313      2.488      3.608    17.1890 0.0000e+00
      2.543      0.014     0.0622      0.601     35.469  29.864529     3.1828      6.987   270.1548 2.7544e+00     4.6755      2.496      3.620    17.1934 0.0000e+00
      2.546      0.015     0.0636      0.582     35.491  29.864001     3.1776      6.986   270.1760 2.7485e+00     4.6939      2.498      3.623    17.1838 0.0000e+00
      2.547      0.015     0.0585      0.570     35.496  29.852893     3.1415      6.986   270.2898 2.7176e+00     4.7180      2.497      3.621    17.1620 0.0000e+00
      2.550      0.015     0.0587      0.579     35.519  29.856987     3.0789      6.985   270.4127 2.6778e+00     4.7278      2.500      3.626    17.1324 0.0000e+00
      2.555      0.015     0.0586      0.599     35.529  29.850082     3.0366      6.983   270.4575 2.6497e+00     4.7442      2.506      3.635    17.0918 0.0000e+00
      2.560      0.015     0.0559      0.617     35.521  29.832787     3.0135      6.980   270.4872 2.6180e+00     4.7112      2.510      3.641    17.0644 0.0000e+00
      2.563      0.014     0.0539      0.622     35.534  29.838035     2.9407      6.978   270.5128 2.5781e+00     4.6015      2.513      3.645    17.0487 0.0000e+00
      2.567      0.013     0.0558      0.611     35.554  29.850138     2.8146      6.977   270.5098 2.5366e+00     4.5112      2.517      3.651    17.0245 0.0000e+00
      2.572      0.012     0.0580      0.594     35.563  29.852331     2.7361      6.976   270.5365 2.5059e+00     4.4733      2.523      3.659    17.0016 0.0000e+00
      2.575      0.012     0.0599      0.579     35.580  29.864537     2.7157      6.973   270.5775 2.5013e+00     4.4507      2.526      3.664    16.9868 0.0000e+00
