Data/DataNotYetUploadedToEDI/Raw_CTD/RawDownloads/071122_fcr50_S8188001.cnv
* Sea-Bird SBE19plus  Data File:
* FileName = C:\R\Reservoirs\Data\DataNotYetUploadedToEDI\Raw_CTD\RawDownloads\071122_fcr50_0001.hex
* Software version 2.8.0.119
* Temperature SN = 8188
* Conductivity SN = 8188
* System UpLoad Time = Jul 14 2022 16:29:06
* <ApplicationData>
* <Seaterm232>
# nquan = 16
# nvalues = 7544                        
# units = specified
# name 0 = depFM: Depth [fresh water, m]
# name 1 = dz/dtM: Descent Rate [m/s]
# name 2 = sbeox0Mg/L: Oxygen, SBE 43 [mg/l]
# name 3 = sbeox0PS: Oxygen, SBE 43 [% saturation]
# name 4 = specc: Specific Conductance [uS/cm]
# name 5 = c0uS/cm: Conductivity [uS/cm]
# name 6 = wetCDOM: Fluorescence, WET Labs CDOM [mg/m^3]
# name 7 = flECO-AFL: Fluorescence, WET Labs ECO-AFL/FL [mg/m^3]
# name 8 = flECO-AFL1: Fluorescence, WET Labs ECO-AFL/FL, 2 [mg/m^3]
# name 9 = flECO-AFL2: Fluorescence, WET Labs ECO-AFL/FL, 3 [mg/m^3]
# name 10 = par/sat/log: PAR/Logarithmic, Satlantic
# name 11 = turbWETntu0: Turbidity, WET Labs ECO [NTU]
# name 12 = prdM: Pressure, Strain Gauge [db]
# name 13 = prdE: Pressure, Strain Gauge [psi]
# name 14 = tv290C: Temperature [ITS-90, deg C]
# name 15 = flag:  0.000e+00
# span 0 =     -0.690,      9.462       
# span 1 =     -4.507,      4.749       
# span 2 =    -1.9916,     9.4702       
# span 3 =    -21.592,    112.400       
# span 4 =   -143.108,    164.685       
# span 5 =-128.708218, 118.073788       
# span 6 =   -17.9275,   385.9793       
# span 7 =    -0.1140,    28.6520       
# span 8 =    -2.7502,    31.9942       
# span 9 =    -3.1744,    17.7969       
# span 10 = 1.1598e-01, 2.6618e+03      
# span 11 =    -0.0102,     9.8133      
# span 12 =     -0.677,      9.279      
# span 13 =     -0.982,     13.458      
# span 14 =    10.7327,    26.1456      
# span 15 = 0.0000e+00, 0.0000e+00      
# interval = seconds: 0.25
# start_time = Jul 11 2022 12:45:46 [Instrument's time stamp, header]
# bad_flag = -9.990e-29
*END*
[from data line 4159]
     -0.680 -9.051e-20     8.4332     94.400      0.432   0.396105   367.2000     2.2285    10.2825     2.4894 1.1617e-01     9.8116     -0.666     -0.967    20.9612 0.0000e+00
     -0.680 -8.274e-21     8.4304     94.379      0.323   0.296439   367.2000     2.2341    10.2569     2.3560 1.1614e-01     9.8115     -0.666     -0.966    20.9513 0.0000e+00
     -0.680 -1.239e-21     8.4315     94.365      0.329   0.301369   367.2000     2.2443    10.2726     2.4565 1.1618e-01     9.8116     -0.666     -0.967    20.9300 0.0000e+00
     -0.680 -5.464e-21     8.4345     94.362      0.424   0.388366   367.2000     2.2507    10.2630     2.3642 1.1618e-01     9.8119     -0.667     -0.968    20.8993 0.0000e+00
     -0.680 -5.937e-20     8.4363     94.359      0.442   0.404719   367.2000     2.2512    10.2688     2.1567 1.1615e-01     9.8119     -0.666     -0.967    20.8703 0.0000e+00
     -0.680 -6.530e-19     8.4372     94.348      0.471   0.431685   367.2000     2.2487    10.2652     2.0865 1.1617e-01     9.8118     -0.666     -0.967    20.8575 0.0000e+00
     -0.680 -7.183e-18     8.4361     94.318      0.559   0.512211   367.2000     2.2437    10.2674     2.1374 1.1619e-01     9.8118     -0.667     -0.967    20.8506 0.0000e+00
     -0.680 -7.901e-17     8.4390     94.288      0.695   0.636932   367.2000     2.2369    10.2661     2.0933 1.1619e-01     9.8116     -0.666     -0.967    20.8368 0.0000e+00
     -0.680 -8.691e-16     8.4406     94.274      1.087   0.996066   367.2000     2.2342    10.2668     2.0068 1.1620e-01     9.8111     -0.667     -0.967    20.8222 0.0000e+00
     -0.680 -9.560e-15     8.4421     94.270      1.399   1.282070   367.2000     2.2358    10.2665     1.9757 1.1620e-01     9.8111     -0.666     -0.966    20.8147 0.0000e+00
     -0.680 -1.052e-13     8.4389     94.265      1.159   1.061799   367.2000     2.2383    10.2665     1.9972 1.1618e-01     9.8114     -0.667     -0.967    20.8112 0.0000e+00
     -0.680 -1.157e-12     8.4358     94.254      0.682   0.624540   367.2000     2.2413    10.2669     1.9800 1.1617e-01     9.8119     -0.666     -0.967    20.8088 0.0000e+00
     -0.680 -1.272e-11     8.4354     94.260      0.411   0.376367   367.2000     2.2429    10.2661     1.9972 1.1613e-01     9.8122     -0.667     -0.967    20.8077 0.0000e+00
     -0.680 -1.400e-10     8.4350     94.270      0.385   0.352766   367.2000     2.2425    10.2673     2.0657 1.1615e-01     9.8120     -0.667     -0.967    20.8069 0.0000e+00
     -0.680 -1.540e-09     8.4363     94.269      0.444   0.406575   367.2000     2.2404    10.2653     2.0743 1.1622e-01     9.8118     -0.667     -0.967    20.8061 0.0000e+00
     -0.680 -1.694e-08     8.4328     94.269      0.533   0.487720   367.2000     2.2372    10.2688     2.0762 1.1625e-01     9.8116     -0.667     -0.968    20.8054 0.0000e+00
     -0.680 -1.863e-07     8.4353     94.264      0.574   0.525049   367.2000     2.2362    10.2630     2.0633 1.1625e-01     9.8114     -0.667     -0.968    20.8046 0.0000e+00
     -0.680 -1.863e-07     8.4372     94.262      0.789   0.723119   367.2000     2.2371    10.2272     1.9556 1.1622e-01     9.8112     -0.667     -0.968    20.8036 0.0000e+00
     -0.680 -1.693e-08     8.4352     94.266      0.939   0.860565   367.2000     2.2385    10.2231     1.9409 1.1617e-01     9.8113     -0.666     -0.967    20.8026 0.0000e+00
     -0.680 -1.539e-09     8.4375     94.266      0.915   0.838941   367.2000     2.2411    10.2230     1.9470 1.1613e-01     9.8119     -0.666     -0.967    20.8014 0.0000e+00
     -0.680 -1.400e-10     8.4358     94.253      0.945   0.866091   367.2000     2.2426    10.2272     1.9480 1.1613e-01     9.8121     -0.666     -0.967    20.8000 0.0000e+00
     -0.680 -1.272e-11     8.4361     94.234      0.856   0.784417   367.2000     2.2422    10.2630     1.9846 1.1613e-01     9.8119     -0.666     -0.967    20.7983 0.0000e+00
     -0.680 -1.157e-12     8.4369     94.229      0.426   0.390642   367.2000     2.2423    10.2687     1.9912 1.1611e-01     9.8121     -0.667     -0.967    20.7966 0.0000e+00
     -0.680 -1.052e-13     8.4375     94.230      0.089   0.081659   367.2000     2.2429    10.2652     1.9846 1.1615e-01     9.8121     -0.667     -0.967    20.7951 0.0000e+00
     -0.680 -9.560e-15     8.4367     94.222      0.089   0.081596   367.2000     2.2427    10.2674     1.9929 1.1620e-01     9.8118     -0.666     -0.966    20.7934 0.0000e+00
     -0.680 -8.690e-16     8.4336     94.208      0.132   0.120273   367.2000     2.2422    10.2661     2.0258 1.1620e-01     9.8118     -0.666     -0.967    20.7914 0.0000e+00
     -0.680 -7.900e-17     8.4346     94.205      0.085   0.077484   367.2000     2.2440    10.2669     2.0335 1.1619e-01     9.8115     -0.667     -0.968    20.7896 0.0000e+00
     -0.680 -7.180e-18     8.4358     94.211      0.481   0.440392   367.2000     2.2479    10.2664     2.0282 1.1614e-01     9.8113     -0.667     -0.966    20.7877 0.0000e+00
     -0.680 -6.530e-19     8.4352     94.220      0.948   0.868095   367.2000     2.2500    10.2667     2.0324 1.1611e-01     9.8116     -0.666     -0.967    20.7857 0.0000e+00
     -0.680 -5.935e-20     8.4332     94.227     -0.525  -0.480589   367.2000     2.2497    10.2666     2.0283 1.1616e-01     9.8117     -0.667     -0.968    20.7842 0.0000e+00
     -0.680 -5.395e-21     8.4335     94.233     -3.048  -2.790960   367.2000     2.2462    10.2666     2.0332 1.1626e-01     9.8117     -0.667     -0.967    20.7823 0.0000e+00
     -0.680 -4.905e-22     8.4346     94.237     -2.033  -1.860731   367.2000     2.2397    10.2665     2.0262 1.1625e-01     9.8115     -0.667     -0.968    20.7804 0.0000e+00
     -0.680 -4.459e-23     8.4357     94.232      1.892   1.732148   367.2000     2.2367    10.2666     2.0371 1.1617e-01     9.8111     -0.666     -0.967    20.7789 0.0000e+00
     -0.680 -4.054e-24     8.4370     94.231      2.733   2.502119   367.2000     2.2367    10.2666     2.0197 1.1613e-01     9.8111     -0.667     -0.966    20.7774 0.0000e+00
     -0.680 -3.686e-25     8.4377     94.241      1.146   1.049239   367.2000     2.2373    10.2666     1.9132 1.1612e-01     9.8115     -0.666     -0.967    20.7757 0.0000e+00
     -0.680 -3.351e-26     8.4390     94.237      0.228   0.208765   367.2000     2.2401    10.2666     1.9003 1.1612e-01     9.8116     -0.666     -0.966    20.7740 0.0000e+00
     -0.680 -3.046e-27     8.4377     94.231     -0.048  -0.043502   367.2000     2.2431    10.2666     1.9010 1.1612e-01     9.8116     -0.666     -0.967    20.7725 0.0000e+00
     -0.680 -2.769e-28     8.4367     94.248      0.244   0.223308   367.2000     2.2439    10.2666     1.9123 1.1612e-01     9.8116     -0.666     -0.967    20.7712 0.0000e+00
     -0.680 -2.517e-29     8.4402     94.270      0.512   0.469128   367.2000     2.2394    10.2666     2.0209 1.1615e-01     9.8116     -0.667     -0.968    20.7686 0.0000e+00
     -0.680 -2.289e-30     8.4400     94.285      0.549   0.502295   367.2000     2.2315    10.2666     2.0351 1.1618e-01     9.8113     -0.667     -0.967    20.7643 0.0000e+00
     -0.680 -2.080e-31     8.4384     94.305      0.535   0.489520   367.2000     2.2282    10.2666     2.0293 1.1616e-01     9.8110     -0.666     -0.967    20.7595 0.0000e+00
     -0.680 -1.891e-32     8.4420     94.319      0.492   0.449477   367.2000     2.2294    10.2666     2.0283 1.1617e-01     9.8110     -0.666     -0.966    20.7559 0.0000e+00
     -0.680 -1.719e-33     8.4449     94.315      0.462   0.422542   367.2000     2.2333    10.2666     1.9914 1.1620e-01     9.8118     -0.667     -0.967    20.7524 0.0000e+00
     -0.679 -1.563e-34     8.4463     94.316      0.474   0.433461   367.2000     2.2386    10.2666     1.9853 1.1619e-01     9.8125     -0.666     -0.967    20.7474 0.0000e+00
     -0.679 -1.415e-35     8.4498     94.325      0.489   0.446699   367.2000     2.2424    10.2666     1.9911 1.1616e-01     9.8122     -0.665     -0.965    20.7389 0.0000e+00
     -0.679 -6.349e-37     8.4537     94.318      0.490   0.447793   367.2000     2.2442    10.2666     1.9843 1.1615e-01     9.8120     -0.666     -0.966    20.7306 0.0000e+00
     -0.679 7.1052e-36     8.4533     94.309      0.488   0.446687   367.2000     2.2417    10.2666     1.9936 1.1618e-01     9.8121     -0.666     -0.967    20.7210 0.0000e+00
     -0.679 7.9439e-35     8.4547     94.313      0.473   0.433327   367.2000     2.2369    10.2666     2.0243 1.1624e-01     9.8116     -0.666     -0.966    20.7100 0.0000e+00
     -0.679 8.7394e-34     8.4558     94.327      0.458   0.421063   367.2000     2.2342    10.2666     2.0359 1.1629e-01     9.8113     -0.666     -0.966    20.7227 0.0000e+00
     -0.680 9.6134e-33     8.4480     94.339      0.471   0.433207   367.2000     2.2338    10.2666     2.0241 1.1625e-01     9.8118     -0.667     -0.967    20.7533 0.0000e+00
     -0.680 1.0575e-31     8.4449     94.348      0.484   0.445360   367.2000     2.2368    10.2666     2.0391 1.1617e-01     9.8121     -0.666     -0.967    20.7687 0.0000e+00
     -0.679 1.1632e-30     8.4381     94.361      0.471   0.433207   367.2000     2.2413    10.2666     2.1071 1.1612e-01     9.8121     -0.666     -0.966    20.8120 0.0000e+00
     -0.679 1.2795e-29     8.4238     94.357      0.457   0.421062   367.2000     2.2428    10.2666     2.1190 1.1612e-01     9.8120     -0.666     -0.966    20.9072 0.0000e+00
     -0.680 1.4075e-28     8.4123     94.336      0.471   0.433327   367.2000     2.2420    10.2666     2.1140 1.1614e-01     9.8118     -0.667     -0.967    20.9877 0.0000e+00
     -0.680 1.5482e-27     8.4049     94.318      0.486   0.446697   367.2000     2.2403    10.2666     2.1134 1.1617e-01     9.8116     -0.666     -0.967    21.0286 0.0000e+00
     -0.680 1.7031e-26     8.4061     94.300      0.487   0.447912   367.2000     2.2369    10.2666     2.0749 1.1619e-01     9.8114     -0.667     -0.967    21.0412 0.0000e+00
     -0.680 1.8734e-25     8.4063     94.283      0.487   0.448013   367.2000     2.2339    10.2666     2.0720 1.1624e-01     9.8113     -0.667     -0.967    21.0347 0.0000e+00
     -0.680 2.0607e-24     8.4050     94.280      0.487   0.447923   367.2000     2.2337    10.2666     2.0720 1.1629e-01     9.8116     -0.667     -0.967    21.0231 0.0000e+00
     -0.679 2.2668e-23     8.4059     94.286      0.486   0.446819   367.2000     2.2346    10.2666     2.0749 1.1626e-01     9.8121     -0.666     -0.966    21.0133 0.0000e+00
     -0.679 2.4935e-22     8.4049     94.296      0.472   0.434667   367.2000     2.2358    10.2665     2.0685 1.1621e-01     9.8122     -0.666     -0.966    21.0092 0.0000e+00
     -0.680 2.7428e-21     8.4025     94.320      0.473   0.435793   367.2000     2.2366    10.2667     2.0351 1.1622e-01     9.8120     -0.666     -0.967    21.0092 0.0000e+00
     -0.680 3.0171e-20     8.4023     94.342      0.500   0.460434   367.2000     2.2353    10.2664     2.0266 1.1622e-01     9.8119     -0.666     -0.967    21.0112 0.0000e+00
     -0.680 3.3188e-19     8.4028     94.341      0.503   0.462996   367.2000     2.2310    10.2669     2.0342 1.1617e-01     9.8120     -0.666     -0.967    21.0143 0.0000e+00
     -0.680 3.6507e-18     8.4022     94.330      0.507   0.466776   367.2000     2.2239    10.2661     2.0257 1.1611e-01     9.8122     -0.667     -0.967    21.0176 0.0000e+00
     -0.680 4.0158e-17     8.4044     94.320      0.550   0.506132   367.2000     2.2206    10.2674     1.9923 1.1608e-01     9.8122     -0.666     -0.967    21.0204 0.0000e+00
     -0.680 4.4173e-16     8.4076     94.320      0.581   0.534441   367.2000     2.2219    10.2653     1.9859 1.1615e-01     9.8122     -0.667     -0.967    21.0229 0.0000e+00
     -0.679 4.8591e-15     8.4058     94.331      0.586   0.539446   367.2000     2.2274    10.2688     1.9888 1.1620e-01     9.8121     -0.666     -0.966    21.0245 0.0000e+00
     -0.679 5.3450e-14     8.4047     94.336      0.615   0.566649   367.2000     2.2369    10.2631     1.9888 1.1616e-01     9.8120     -0.666     -0.967    21.0258 0.0000e+00
     -0.680 9.7991e-14     8.4034     94.322      0.645   0.593748   367.2000     2.2421    10.2271     1.9858 1.1614e-01     9.8123     -0.667     -0.968    21.0266 0.0000e+00
     -0.680 5.3450e-14     8.4028     94.312      0.649   0.597487   367.2000     2.2418    10.2230     1.9925 1.1617e-01     9.8125     -0.666     -0.967    21.0270 0.0000e+00
     -0.680 4.8590e-15     8.4048     94.336      0.665   0.611853   367.2000     2.2437    10.2230     1.9806 1.1622e-01     9.8121     -0.666     -0.967    21.0272 0.0000e+00
     -0.680 4.4173e-16     8.4055     94.349      0.687   0.632650   367.2000     2.2485    10.2272     2.0006 1.1620e-01     9.8118     -0.666     -0.967    21.0270 0.0000e+00
     -0.680 4.0158e-17     8.4044     94.335      0.702   0.646733   367.2000     2.2504    10.2630     2.1021 1.1616e-01     9.8119     -0.666     -0.967    21.0268 0.0000e+00
     -0.679 3.6507e-18     8.4003     94.328      0.703   0.647332   367.2000     2.2488    10.2687     2.1235 1.1623e-01     9.8123     -0.666     -0.966    21.0269 0.0000e+00
     -0.679 3.3188e-19     8.4060     94.332      0.695   0.639890   367.2000     2.2468    10.2652     2.1086 1.1626e-01     9.8123     -0.666     -0.966    21.0270 0.0000e+00
     -0.680 3.0171e-20     8.4078     94.344      0.678   0.624147   367.2000     2.2453    10.2674     2.1207 1.1623e-01     9.8120     -0.666     -0.967    21.0270 0.0000e+00
     -0.680 2.7428e-21     8.4036     94.355      0.643   0.591788   367.2000     2.2438    10.2661     2.1086 1.1623e-01     9.8118     -0.666     -0.967    21.0272 0.0000e+00
     -0.680 2.4935e-22     8.4046     94.350      0.637   0.585656   367.2000     2.2418    10.2669     2.0789 1.1619e-01     9.8115     -0.667     -0.967    21.0273 0.0000e+00
     -0.679 2.2668e-23     8.4039     94.350      0.671   0.617406   367.2000     2.2409    10.2664     2.0678 1.1617e-01     9.8111     -0.666     -0.966    21.0271 0.0000e+00
     -0.679 2.0607e-24     8.4058     94.371      0.694   0.638670   367.2000     2.2424    10.2667     2.0775 1.1620e-01     9.8111     -0.666     -0.966    21.0269 0.0000e+00
     -0.679 1.8734e-25     8.4077     94.384      0.696   0.640548   367.2000     2.2430    10.2666     2.0669 1.1622e-01     9.8111     -0.666     -0.966    21.0263 0.0000e+00
     -0.679 1.7031e-26     8.4065     94.375      0.695   0.640111   367.2000     2.2420    10.2666     2.0360 1.1622e-01     9.8112     -0.666     -0.966    21.0256 0.0000e+00
     -0.680 1.5483e-27     8.4050     94.370      0.688   0.633392   367.2000     2.2398    10.2665     2.0261 1.1618e-01     9.8117     -0.666     -0.967    21.0248 0.0000e+00
     -0.680 1.4075e-28     8.4091     94.361      0.681   0.626709   367.2000     2.2362    10.2666     2.0344 1.1613e-01     9.8118     -0.666     -0.967    21.0236 0.0000e+00
     -0.680 1.2795e-29     8.4115     94.346      0.681   0.626704   367.2000     2.2337    10.2666     2.0257 1.1615e-01     9.8114     -0.666     -0.966    21.0222 0.0000e+00
     -0.680 1.1632e-30     8.4086     94.341      0.688   0.633332   367.2000     2.2336    10.2666     1.9920 1.1621e-01     9.8114     -0.666     -0.967    21.0208 0.0000e+00
     -0.680 1.0575e-31     8.4095     94.338      0.695   0.639455   367.2000     2.2357    10.2666     1.9865 1.1630e-01     9.8119     -0.666     -0.967    21.0191 0.0000e+00
     -0.680 9.6135e-33     8.4095     94.331      0.688   0.633327   367.2000     2.2393    10.2666     1.9876 1.1636e-01     9.8123     -0.666     -0.967    21.0174 0.0000e+00
     -0.680 8.7395e-34     8.4069     94.336      0.680   0.626642   367.2000     2.2423    10.2666     1.9907 1.1635e-01     9.8120     -0.666     -0.967    21.0159 0.0000e+00
