Data/DataNotYetUploadedToEDI/Raw_CTD/RawDownloads/071122_fcr50_S8188001.cnv
* Sea-Bird SBE19plus  Data File:
* FileName = C:\R\Reservoirs\Data\DataNotYetUploadedToEDI\Raw_CTD\RawDownloads\071122_fcr50_0001.hex
* Software version 2.8.0.119
* Temperature SN = 8188
* Conductivity SN = 8188
* System UpLoad Time = Jul 14 2022 16:29:06
* <ApplicationData>
* <Seaterm232>
# nquan = 16
# nvalues = 7544                        
# units = specified
# name 0 = depFM: Depth [fresh water, m]
# name 1 = dz/dtM: Descent Rate [m/s]
# name 2 = sbeox0Mg/L: Oxygen, SBE 43 [mg/l]
# name 3 = sbeox0PS: Oxygen, SBE 43 [% saturation]
# name 4 = specc: Specific Conductance [uS/cm]
# name 5 = c0uS/cm: Conductivity [uS/cm]
# name 6 = wetCDOM: Fluorescence, WET Labs CDOM [mg/m^3]
# name 7 = flECO-AFL: Fluorescence, WET Labs ECO-AFL/FL [mg/m^3]
# name 8 = flECO-AFL1: Fluorescence, WET Labs ECO-AFL/FL, 2 [mg/m^3]
# name 9 = flECO-AFL2: Fluorescence, WET Labs ECO-AFL/FL, 3 [mg/m^3]
# name 10 = par/sat/log: PAR/Logarithmic, Satlantic
# name 11 = turbWETntu0: Turbidity, WET Labs ECO [NTU]
# name 12 = prdM: Pressure, Strain Gauge [db]
# name 13 = prdE: Pressure, Strain Gauge [psi]
# name 14 = tv290C: Temperature [ITS-90, deg C]
# name 15 = flag:  0.000e+00
# span 0 =     -0.690,      9.462       
# span 1 =     -4.507,      4.749       
# span 2 =    -1.9916,     9.4702       
# span 3 =    -21.592,    112.400       
# span 4 =   -143.108,    164.685       
# span 5 =-128.708218, 118.073788       
# span 6 =   -17.9275,   385.9793       
# span 7 =    -0.1140,    28.6520       
# span 8 =    -2.7502,    31.9942       
# span 9 =    -3.1744,    17.7969       
# span 10 = 1.1598e-01, 2.6618e+03      
# span 11 =    -0.0102,     9.8133      
# span 12 =     -0.677,      9.279      
# span 13 =     -0.982,     13.458      
# span 14 =    10.7327,    26.1456      
# span 15 = 0.0000e+00, 0.0000e+00      
# interval = seconds: 0.25
# start_time = Jul 11 2022 12:45:46 [Instrument's time stamp, header]
# bad_flag = -9.990e-29
*END*
[from data line 7323]
     -0.683 -4.958e-43     8.6687     95.444      1.283   1.156202   367.2000     2.2864    10.2230     1.8613 1.1622e-01     9.8125     -0.670     -0.972    20.0417 0.0000e+00
     -0.683 -4.507e-44     8.6680     95.415      3.831   3.451051   367.2000     2.2869    10.2246     1.8592 1.1617e-01     9.8125     -0.670     -0.972    20.0419 0.0000e+00
     -0.683 -4.098e-45     8.6689     95.370      3.833   3.453216   367.2000     2.2867    10.2235     1.8206 1.1614e-01     9.8127     -0.670     -0.971    20.0421 0.0000e+00
     -0.683 -3.725e-46     8.6718     95.352      1.312   1.182461   367.2000     2.2871    10.2244     1.8195 1.1614e-01     9.8125     -0.670     -0.972    20.0423 0.0000e+00
     -0.683 -3.387e-47     8.6717     95.378     -0.158  -0.142044   367.2000     2.2903    10.2235     1.8158 1.1613e-01     9.8121     -0.670     -0.971    20.0425 0.0000e+00
     -0.683 -3.081e-48     8.6684     95.408     -0.326  -0.293085   367.2000     2.2944    10.2246     1.8252 1.1610e-01     9.8118     -0.670     -0.971    20.0426 0.0000e+00
     -0.683 -3.069e-49     8.6625     95.408     -0.341  -0.306765   367.2000     2.2963    10.2231     1.8976 1.1607e-01     9.8117     -0.670     -0.971    20.0431 0.0000e+00
     -0.683 -3.228e-49     8.6598     95.398     -0.341  -0.307456   367.2000     2.2965    10.2254     1.9053 1.1608e-01     9.8116     -0.670     -0.972    20.0432 0.0000e+00
     -0.683 -3.273e-48     8.6649     95.399     -0.335  -0.301442   367.2000     2.2938    10.2219     1.9053 1.1613e-01     9.8116     -0.670     -0.971    20.0431 0.0000e+00
     -0.683 -3.598e-47     8.6691     95.409     -0.335  -0.301452   367.2000     2.2879    10.2275     1.8976 1.1616e-01     9.8119     -0.669     -0.971    20.0433 0.0000e+00
     -0.683 -3.958e-46     8.6672     95.418     -0.342  -0.307576   367.2000     2.2849    10.2634     1.8252 1.1614e-01     9.8123     -0.670     -0.971    20.0433 0.0000e+00
     -0.683 -4.353e-45     8.6660     95.408     -0.342  -0.308077   367.2000     2.2862    10.2676     1.8159 1.1612e-01     9.8126     -0.670     -0.972    20.0433 0.0000e+00
     -0.683 -4.789e-44     8.6663     95.383     -0.341  -0.307515   367.2000     2.2896    10.2676     1.8193 1.1616e-01     9.8124     -0.669     -0.971    20.0436 0.0000e+00
     -0.683 -5.268e-43     8.6674     95.384     -0.334  -0.300780   367.2000     2.2945    10.2634     1.8209 1.1621e-01     9.8119     -0.669     -0.970    20.0438 0.0000e+00
     -0.683 -5.794e-42     8.6685     95.411     -0.326  -0.294041   367.2000     2.2966    10.2276     1.8587 1.1623e-01     9.8120     -0.669     -0.971    20.0440 0.0000e+00
     -0.683 -6.374e-41     8.6686     95.433     -0.326  -0.293433   367.2000     2.2946    10.2217     1.8621 1.1624e-01     9.8123     -0.669     -0.971    20.0441 0.0000e+00
     -0.683 -7.011e-40     8.6633     95.447     -0.326  -0.293438   367.2000     2.2938    10.2256     1.8618 1.1625e-01     9.8122     -0.670     -0.971    20.0443 0.0000e+00
     -0.683 -7.712e-39     8.6635     95.446     -0.327  -0.294096   367.2000     2.2949    10.2228     1.8591 1.1627e-01     9.8117     -0.669     -0.971    20.0446 0.0000e+00
     -0.683 -8.484e-38     8.6684     95.445     -0.335  -0.301393   367.2000     2.2949    10.2251     1.8653 1.1631e-01     9.8117     -0.670     -0.971    20.0448 0.0000e+00
     -0.683 -9.332e-37     8.6690     95.440     -0.349  -0.314259   367.2000     2.2945    10.2227     1.8989 1.1628e-01     9.8116     -0.670     -0.971    20.0448 0.0000e+00
     -0.683 -1.027e-35     8.6718     95.426     -0.350  -0.314867   367.2000     2.2978    10.2258     1.9071 1.1620e-01     9.8112     -0.670     -0.972    20.0449 0.0000e+00
     -0.683 -1.129e-34     8.6701     95.426     -0.343  -0.308740   367.2000     2.3043    10.2213     1.9000 1.1620e-01     9.8114     -0.670     -0.971    20.0452 0.0000e+00
     -0.683 -1.242e-33     8.6702     95.436     -0.342  -0.307580   367.2000     2.3080    10.2282     1.9078 1.1624e-01     9.8119     -0.670     -0.971    20.0453 0.0000e+00
     -0.683 -1.366e-32     8.6710     95.428     -0.335  -0.300835   367.2000     2.3084    10.2624     1.9423 1.1617e-01     9.8120     -0.670     -0.971    20.0456 0.0000e+00
     -0.683 -1.503e-31     8.6674     95.410     -0.328  -0.294588   367.2000     2.3052    10.2693     1.9468 1.1612e-01     9.8118     -0.670     -0.972    20.0458 0.0000e+00
     -0.683 -1.653e-30     8.6680     95.408     -0.333  -0.299443   367.2000     2.2986    10.2649     1.9471 1.1618e-01     9.8118     -0.669     -0.971    20.0457 0.0000e+00
     -0.683 -1.819e-29     8.6705     95.404     -0.324  -0.292147   367.2000     2.2941    10.2679     1.9418 1.1623e-01     9.8116     -0.670     -0.972    20.0459 0.0000e+00
     -0.683 -2.000e-28     8.6694     95.399     -0.304  -0.273766   367.2000     2.2920    10.2655     1.9085 1.1622e-01     9.8117     -0.670     -0.971    20.0461 0.0000e+00
     -0.683 -2.200e-27     8.6654     95.407     -0.310  -0.279391   367.2000     2.2871    10.2678     1.8989 1.1620e-01     9.8119     -0.670     -0.971    20.0461 0.0000e+00
     -0.683 -2.420e-26     8.6675     95.405     -0.325  -0.292764   367.2000     2.2789    10.2651     1.9090 1.1620e-01     9.8116     -0.670     -0.972    20.0464 0.0000e+00
     -0.683 -2.663e-25     8.6668     95.395     -0.334  -0.300664   367.2000     2.2738    10.2689     1.8959 1.1619e-01     9.8113     -0.670     -0.972    20.0466 0.0000e+00
     -0.683 -2.929e-24     8.6646     95.406     -0.342  -0.307509   367.2000     2.2732    10.2629     1.9151 1.1618e-01     9.8118     -0.670     -0.972    20.0466 0.0000e+00
     -0.683 -3.222e-23     8.6675     95.420     -0.342  -0.308124   367.2000     2.2751    10.2272     2.0197 1.1614e-01     9.8125     -0.670     -0.971    20.0467 0.0000e+00
     -0.684 -3.544e-22     8.6672     95.411     -0.342  -0.308098   367.2000     2.2786    10.2230     2.0350 1.1611e-01     9.8121     -0.670     -0.972    20.0468 0.0000e+00
     -0.684 -3.898e-21     8.6643     95.418     -0.341  -0.307199   367.2000     2.2800    10.2230     2.0307 1.1613e-01     9.8116     -0.670     -0.972    20.0471 0.0000e+00
     -0.684 -4.288e-20     8.6658     95.428     -0.330  -0.297256   367.2000     2.2800    10.2272     2.0251 1.1611e-01     9.8118     -0.670     -0.972    20.0473 0.0000e+00
     -0.684 -4.717e-19     8.6701     95.408     -0.358  -0.322679   367.2000     2.2826    10.2630     1.9522 1.1609e-01     9.8119     -0.670     -0.972    20.0474 0.0000e+00
     -0.683 -5.188e-18     8.6652     95.399     -0.907  -0.816776   367.2000     2.2870    10.2687     1.9419 1.1614e-01     9.8120     -0.670     -0.972    20.0475 0.0000e+00
     -0.683 -5.707e-17     8.6668     95.408     -1.425  -1.284084   367.2000     2.2882    10.2652     1.9481 1.1620e-01     9.8120     -0.670     -0.972    20.0476 0.0000e+00
     -0.684 -6.278e-16     8.6713     95.405     -0.944  -0.850795   367.2000     2.2866    10.2674     1.9444 1.1617e-01     9.8117     -0.670     -0.972    20.0479 0.0000e+00
     -0.684 -6.906e-15     8.6649     95.406     -0.403  -0.362980   367.2000     2.2840    10.2660     1.9465 1.1611e-01     9.8115     -0.670     -0.972    20.0481 0.0000e+00
     -0.683 -7.596e-14     8.6648     95.411     -0.339  -0.305822   367.2000     2.2805    10.2670     1.9455 1.1610e-01     9.8115     -0.670     -0.972    20.0482 0.0000e+00
     -0.683 -8.356e-13     8.6680     95.400     -0.327  -0.294499   367.2000     2.2786    10.2662     1.9458 1.1614e-01     9.8118     -0.670     -0.972    20.0483 0.0000e+00
     -0.683 -9.192e-12     8.6656     95.397     -0.326  -0.293475   367.2000     2.2783    10.2670     1.9463 1.1619e-01     9.8119     -0.670     -0.971    20.0485 0.0000e+00
     -0.683 -1.011e-10     8.6656     95.422     -0.326  -0.293443   367.2000     2.2778    10.2661     1.9449 1.1622e-01     9.8118     -0.669     -0.971    20.0487 0.0000e+00
     -0.683 -1.112e-09     8.6681     95.447     -0.327  -0.294113   367.2000     2.2770    10.2675     1.9474 1.1616e-01     9.8114     -0.670     -0.973    20.0487 0.0000e+00
     -0.683 -1.223e-08     8.6654     95.443     -0.335  -0.301570   367.2000     2.2769    10.2652     1.9430 1.1610e-01     9.8113     -0.671     -0.972    20.0489 0.0000e+00
     -0.683 -1.346e-07     8.6637     95.431     -0.351  -0.316209   367.2000     2.2783    10.2688     1.9503 1.1615e-01     9.8117     -0.670     -0.971    20.0491 0.0000e+00
     -0.683     -0.000     8.6678     95.435     -0.373  -0.336318   367.2000     2.2822    10.2631     1.9383 1.1621e-01     9.8121     -0.670     -0.972    20.0492 0.0000e+00
     -0.683     -0.000     8.6713     95.445     -0.380  -0.342501   367.2000     2.2857    10.2272     1.8682 1.1622e-01     9.8123     -0.670     -0.971    20.0494 0.0000e+00
     -0.683     -0.000     8.6697     95.441     -0.359  -0.323567   367.2000     2.2867    10.2230     1.8581 1.1627e-01     9.8120     -0.670     -0.972    20.0495 0.0000e+00
     -0.683     -0.002     8.6673     95.422     -0.343  -0.309591   367.2000     2.2872    10.2230     1.8611 1.1632e-01     9.8114     -0.670     -0.972    20.0496 0.0000e+00
     -0.684     -0.022     8.6686     95.391     -0.342  -0.308320   367.2000     2.2885    10.2272     1.8645 1.1627e-01     9.8113     -0.670     -0.972    20.0498 0.0000e+00
     -0.684     -0.238     8.6700     95.368     -0.342  -0.308200   367.2000     2.2888    10.2630     1.8988 1.1617e-01     9.8113     -0.670     -0.972    20.0499 0.0000e+00
     -0.684     -2.622     8.6696     95.369     -0.342  -0.308134   367.2000     2.2880    10.2688     1.9082 1.1618e-01     9.8112     -0.671     -0.973    20.0501 0.0000e+00
     -0.684     -2.622     8.6678     95.378     -0.341  -0.307520   367.2000     2.2879    10.2652     1.8977 1.1624e-01     9.8114     -0.670     -0.972    20.0503 0.0000e+00
     -0.683     -0.238     8.6646     95.393     -0.334  -0.300781   367.2000     2.2864    10.2674     1.9118 1.1626e-01     9.8115     -0.670     -0.972    20.0503 0.0000e+00
     -0.683     -0.022     8.6610     95.419     -0.326  -0.294046   367.2000     2.2820    10.2660     1.9804 1.1624e-01     9.8116     -0.670     -0.971    20.0506 0.0000e+00
     -0.683     -0.002     8.6628     95.427     -0.326  -0.293488   367.2000     2.2789    10.2670     1.9918 1.1623e-01     9.8116     -0.669     -0.971    20.0507 0.0000e+00
     -0.684     -0.000     8.6636     95.431     -0.327  -0.294040   367.2000     2.2780    10.2662     1.9873 1.1623e-01     9.8116     -0.670     -0.972    20.0509 0.0000e+00
     -0.684     -0.000     8.6633     95.443     -0.334  -0.300719   367.2000     2.2739    10.2670     1.9861 1.1623e-01     9.8118     -0.670     -0.972    20.0512 0.0000e+00
     -0.684     -0.000     8.6687     95.434     -0.341  -0.306845   367.2000     2.2678    10.2660     1.9486 1.1619e-01     9.8119     -0.670     -0.972    20.0511 0.0000e+00
     -0.684 -1.346e-07     8.6678     95.422     -0.334  -0.300708   367.2000     2.2662    10.2676     1.9443 1.1618e-01     9.8117     -0.670     -0.972    20.0513 0.0000e+00
     -0.684 -1.223e-08     8.6668     95.424     -0.326  -0.293913   367.2000     2.2669    10.2650     1.9465 1.1621e-01     9.8115     -0.670     -0.972    20.0516 0.0000e+00
     -0.684 -1.112e-09     8.6710     95.417     -0.325  -0.292090   367.2000     2.2681    10.2691     1.9458 1.1617e-01     9.8115     -0.670     -0.972    20.0515 0.0000e+00
     -0.683 -1.011e-10     8.6683     95.404     -0.310  -0.278666   367.2000     2.2701    10.2626     1.9451 1.1612e-01     9.8115     -0.670     -0.972    20.0517 0.0000e+00
     -0.683 -9.190e-12     8.6658     95.413     -0.296  -0.266407   367.2000     2.2709    10.2280     1.9473 1.1617e-01     9.8116     -0.670     -0.972    20.0520 0.0000e+00
     -0.684 -8.355e-13     8.6682     95.428     -0.310  -0.278661   367.2000     2.2716    10.2216     1.9431 1.1623e-01     9.8118     -0.670     -0.972    20.0522 0.0000e+00
     -0.684 -7.595e-14     8.6672     95.425     -0.325  -0.292029   367.2000     2.2771    10.2252     1.9504 1.1619e-01     9.8119     -0.670     -0.972    20.0524 0.0000e+00
     -0.684 -6.905e-15     8.6642     95.422     -0.326  -0.293244   367.2000     2.2884    10.2236     1.9382 1.1614e-01     9.8116     -0.671     -0.973    20.0526 0.0000e+00
     -0.684 -6.280e-16     8.6660     95.410     -0.326  -0.293345   367.2000     2.2961    10.2238     1.8684 1.1617e-01     9.8116     -0.670     -0.972    20.0527 0.0000e+00
     -0.684 -5.705e-17     8.6691     95.381     -0.326  -0.293250   367.2000     2.2957    10.2250     1.8577 1.1611e-01     9.8121     -0.670     -0.972    20.0527 0.0000e+00
     -0.684 -5.190e-18     8.6665     95.379     -0.325  -0.292096   367.2000     2.2882    10.2220     1.8617 1.1604e-01     9.8121     -0.671     -0.973    20.0528 0.0000e+00
     -0.684 -4.717e-19     8.6672     95.412     -0.310  -0.279395   367.2000     2.2775    10.2274     1.8634 1.1607e-01     9.8122     -0.670     -0.972    20.0530 0.0000e+00
     -0.684 -4.288e-20     8.6674     95.443     -0.305  -0.274487   367.2000     2.2726    10.2635     1.9005 1.1609e-01     9.8124     -0.670     -0.972    20.0531 0.0000e+00
     -0.684 -3.898e-21     8.6617     95.453     -0.333  -0.300151   367.2000     2.2724    10.2676     1.9053 1.1614e-01     9.8118     -0.670     -0.972    20.0533 0.0000e+00
     -0.684 -3.544e-22     8.6614     95.454     -0.355  -0.320093   367.2000     2.2718    10.2677     1.9024 1.1621e-01     9.8114     -0.671     -0.973    20.0536 0.0000e+00
     -0.684 -3.222e-23     8.6661     95.452     -0.348  -0.313409   367.2000     2.2705    10.2634     1.9043 1.1617e-01     9.8116     -0.670     -0.972    20.0538 0.0000e+00
     -0.684 -2.929e-24     8.6698     95.452     -0.318  -0.286732   367.2000     2.2703    10.2276     1.9030 1.1615e-01     9.8117     -0.670     -0.972    20.0539 0.0000e+00
     -0.684 -2.663e-25     8.6695     95.446     -0.297  -0.267146   367.2000     2.2719    10.2217     1.9039 1.1625e-01     9.8119     -0.670     -0.971    20.0541 0.0000e+00
     -0.684 -2.421e-26     8.6699     95.427     -0.310  -0.278794   367.2000     2.2734    10.2256     1.9032 1.1633e-01     9.8122     -0.670     -0.972    20.0543 0.0000e+00
     -0.684 -2.201e-27     8.6693     95.404     -0.325  -0.292770   367.2000     2.2768    10.2229     1.9039 1.1633e-01     9.8126     -0.670     -0.972    20.0543 0.0000e+00
     -0.684 -2.000e-28     8.6696     95.396     -0.335  -0.301328   367.2000     2.2831    10.2250     1.9030 1.1630e-01     9.8127     -0.670     -0.972    20.0544 0.0000e+00
     -0.684 -1.818e-29     8.6697     95.413     -0.349  -0.314873   367.2000     2.2866    10.2229     1.9044 1.1630e-01     9.8122     -0.671     -0.973    20.0548 0.0000e+00
     -0.684 -1.653e-30     8.6669     95.432     -0.356  -0.321733   367.2000     2.2863    10.2255     1.9022 1.1627e-01     9.8120     -0.670     -0.972    20.0550 0.0000e+00
     -0.684 -1.503e-31     8.6650     95.449     -0.351  -0.316878   367.2000     2.2861    10.2217     1.9056 1.1621e-01     9.8120     -0.670     -0.971    20.0552 0.0000e+00
     -0.684 -1.366e-32     8.6622     95.458     -0.359  -0.323573   367.2000     2.2870    10.2276     1.9001 1.1621e-01     9.8118     -0.671     -0.973    20.0553 0.0000e+00
     -0.683 -1.242e-33     8.6665     95.448     -0.372  -0.335275   367.2000     2.2882    10.2635     1.8642 1.1621e-01     9.8113     -0.670     -0.972    20.0553 0.0000e+00
     -0.683 -1.129e-34     8.6673     95.438     -0.359  -0.323573   367.2000     2.2886    10.2675     1.8605 1.1621e-01     9.8111     -0.670     -0.971    20.0555 0.0000e+00
