Data/DataNotYetUploadedToEDI/Raw_CTD/RawDownloads/071122_bvr50_S7809002.cnv
* Sea-Bird SBE19plus  Data File:
* FileName = C:\R\Reservoirs\Data\DataNotYetUploadedToEDI\Raw_CTD\RawDownloads\071122_bvr40_0002.hex
* Software version 2.8.0.119
* Temperature SN = 7809
* Conductivity SN = 7809
* System UpLoad Time = Jul 14 2022 16:06:05
* <ApplicationData>
* <Seaterm232>
# nquan = 15
# nvalues = 1726                        
# units = specified
# name 0 = depFM: Depth [fresh water, m]
# name 1 = dz/dtM: Descent Rate [m/s]
# name 2 = sbeox0Mg/L: Oxygen, SBE 43 [mg/l]
# name 3 = sbeox0PS: Oxygen, SBE 43 [% saturation]
# name 4 = specc: Specific Conductance [uS/cm]
# name 5 = c0uS/cm: Conductivity [uS/cm]
# name 6 = flECO-AFL: Fluorescence, WET Labs ECO-AFL/FL [mg/m^3]
# name 7 = ph: pH
# name 8 = orp: Oxidation Reduction Potential [mV]
# name 9 = par/sat/log: PAR/Logarithmic, Satlantic
# name 10 = turbWETntu0: Turbidity, WET Labs ECO [NTU]
# name 11 = prdM: Pressure, Strain Gauge [db]
# name 12 = prdE: Pressure, Strain Gauge [psi]
# name 13 = tv290C: Temperature [ITS-90, deg C]
# name 14 = flag:  0.000e+00
# span 0 =     -0.744,      7.643       
# span 1 =     -0.312,      0.134       
# span 2 =     0.0260,     6.7730       
# span 3 =      0.258,     79.781       
# span 4 =      0.244,    120.480       
# span 5 =   0.233951,  83.651415       
# span 6 =    -0.1542,     4.0970       
# span 7 =      6.597,      7.657       
# span 8 =   -93.8225,   358.8746       
# span 9 = 1.2361e-01, 5.9429e+02       
# span 10 =    -0.3191,    27.6410      
# span 11 =     -0.730,      7.495      
# span 12 =     -1.059,     10.871      
# span 13 =     9.7061,    25.3257      
# span 14 = 0.0000e+00, 0.0000e+00      
# interval = seconds: 0.25
# start_time = Jul 11 2022 09:08:08 [Instrument's time stamp, header]
# bad_flag = -9.990e-29
*END*
[from data line 482]
      1.852      0.020     0.3925      4.843     30.645  27.985341     3.1712      7.134   266.3885 6.9454e+00     5.5908      1.817      2.635    20.9398 0.0000e+00
      1.857      0.019     0.3972      5.064     30.694  28.019998     3.1302      7.134   266.2030 6.8688e+00     5.3232      1.821      2.641    20.8449 0.0000e+00
      1.863      0.019     0.4071      5.313     30.692  28.018453     3.1263      7.134   266.0429 6.7728e+00     5.3161      1.827      2.650    20.7595 0.0000e+00
      1.870      0.019     0.4190      5.593     30.631  27.966660     3.1162      7.133   265.9150 6.6927e+00     5.3000      1.834      2.660    20.6854 0.0000e+00
      1.875      0.018     0.4320      5.957     30.562  27.900874     2.9417      7.132   265.8620 6.6326e+00     5.0261      1.839      2.666    20.6459 0.0000e+00
      1.879      0.018     0.4541      6.394     30.527  27.856893     2.6137      7.133   265.9174 6.5811e+00     4.6007      1.842      2.672    20.6335 0.0000e+00
      1.882      0.018     0.4771      6.843     30.499  27.815197     2.4305      7.134   265.9821 6.5418e+00     4.3922      1.845      2.676    20.6356 0.0000e+00
      1.885      0.017     0.4982      7.262     30.474  27.777021     2.4235      7.132   265.9558 6.4982e+00     4.3845      1.848      2.680    20.6513 0.0000e+00
      1.890      0.017     0.5320      7.628     30.489  27.775609     2.4797      7.129   265.7720 6.4264e+00     4.4055      1.853      2.687    20.6478 0.0000e+00
      1.896      0.016     0.5742      7.933     30.526  27.798107     2.5614      7.127   265.5671 6.3600e+00     4.4065      1.860      2.697    20.6233 0.0000e+00
      1.902      0.014     0.6159      8.202     30.531  27.795487     2.5959      7.127   265.3701 6.3308e+00     4.3970      1.866      2.706    20.5954 0.0000e+00
      1.905      0.014     0.6545      8.479     30.481  27.743912     2.5968      7.128   265.2840 6.3211e+00     4.3921      1.868      2.709    20.5685 0.0000e+00
      1.906      0.014     0.6880      8.784     30.429  27.681604     2.6043      7.128   265.2999 6.3045e+00     4.2796      1.869      2.711    20.5444 0.0000e+00
      1.907      0.014     0.7154      9.101     30.445  27.675960     2.6125      7.126   265.2181 6.2578e+00     4.0614      1.870      2.712    20.5218 0.0000e+00
      1.911      0.014     0.7372      9.398     30.461  27.675638     2.6127      7.123   265.0697 6.1949e+00     3.9396      1.873      2.716    20.5137 0.0000e+00
      1.916      0.015     0.7622      9.655     30.407  27.614313     2.6072      7.121   264.8812 6.1491e+00     3.9339      1.879      2.726    20.5109 0.0000e+00
      1.921      0.015     0.7905      9.889     30.368  27.568321     2.6124      7.120   264.7460 6.1094e+00     3.9591      1.884      2.734    20.4852 0.0000e+00
      1.925      0.015     0.8205     10.114     30.367  27.563234     2.6170      7.119   264.7257 6.0562e+00     3.9715      1.887      2.738    20.4426 0.0000e+00
      1.929      0.015     0.8494     10.356     30.355  27.552797     2.6048      7.119   264.8087 6.0028e+00     3.9464      1.891      2.743    20.4213 0.0000e+00
      1.932      0.016     0.8708     10.636     30.304  27.505513     2.5983      7.118   264.9749 5.9492e+00     3.9292      1.894      2.748    20.4051 0.0000e+00
      1.935      0.017     0.8931     10.936     30.238  27.435233     2.6466      7.116   265.1009 5.8932e+00     4.0027      1.898      2.753    20.3781 0.0000e+00
      1.940      0.017     0.9123     11.248     30.228  27.400263     2.7393      7.113   265.1264 5.8428e+00     4.1512      1.901      2.758    20.3774 0.0000e+00
      1.945      0.016     0.9325     11.568     30.262  27.399586     2.7863      7.111   265.0260 5.7797e+00     4.2218      1.906      2.765    20.3797 0.0000e+00
      1.950      0.015     0.9596     11.908     30.316  27.427008     2.7821      7.111   264.7479 5.7153e+00     4.1730      1.914      2.776    20.3806 0.0000e+00
      1.955      0.015     0.9863     12.302     30.381  27.478253     2.7809      7.112   264.6030 5.6836e+00     4.1419      1.918      2.782    20.3751 0.0000e+00
      1.957      0.015     1.0158     12.756     30.414  27.512091     2.8048      7.110   264.5646 5.6728e+00     4.2903      1.919      2.783    20.3211 0.0000e+00
      1.959      0.014     1.0464     13.248     30.410  27.519223     2.8457      7.108   264.4561 5.6580e+00     4.5325      1.921      2.785    20.2557 0.0000e+00
      1.962      0.013     1.0753     13.720     30.379  27.501114     2.8601      7.106   264.4095 5.6295e+00     4.6449      1.923      2.788    20.2213 0.0000e+00
      1.967      0.013     1.1120     14.107     30.354  27.483302     2.8456      7.104   264.4314 5.5943e+00     4.6240      1.928      2.797    20.2113 0.0000e+00
      1.972      0.013     1.1531     14.381     30.367  27.494027     2.8535      7.103   264.5479 5.5623e+00     4.4856      1.934      2.806    20.2212 0.0000e+00
      1.975      0.012     1.1990     14.530     30.382  27.504013     2.8885      7.103   264.5282 5.5475e+00     4.2695      1.937      2.809    20.2422 0.0000e+00
      1.976      0.011     1.2443     14.562     30.354  27.477264     2.9113      7.103   264.3651 5.5527e+00     4.1638      1.938      2.811    20.2616 0.0000e+00
      1.978      0.011     1.2789     14.507     30.304  27.424146     2.9127      7.103   264.2109 5.5432e+00     4.1631      1.939      2.814    20.2725 0.0000e+00
      1.980      0.012     1.3048     14.404     30.264  27.368851     2.9053      7.103   264.1263 5.5150e+00     4.2270      1.942      2.817    20.2645 0.0000e+00
      1.982      0.015     1.3180     14.301     30.243  27.315751     2.9045      7.103   264.2884 5.4867e+00     4.3908      1.944      2.819    20.2559 0.0000e+00
      1.986      0.018     1.3198     14.236     30.265  27.289149     2.9115      7.101   264.4501 5.4530e+00     4.4353      1.947      2.823    20.2582 0.0000e+00
      1.991      0.020     1.3139     14.219     30.335  27.300680     2.9152      7.098   264.2741 5.4073e+00     4.3549      1.952      2.831    20.2523 0.0000e+00
      1.998      0.021     1.3038     14.262     30.415  27.328323     3.0240      7.096   264.1394 5.3535e+00     4.4438      1.959      2.842    20.2203 0.0000e+00
      2.007      0.021     1.2944     14.402     30.482  27.369784     3.2457      7.096   264.1983 5.3196e+00     4.6213      1.969      2.856    20.1622 0.0000e+00
      2.012      0.020     1.2905     14.635     30.530  27.421642     3.3648      7.096   264.1254 5.3111e+00     4.6912      1.974      2.863    20.0844 0.0000e+00
      2.015      0.019     1.2916     14.906     30.540  27.448271     3.3730      7.096   264.0331 5.2927e+00     4.6740      1.974      2.865    19.9905 0.0000e+00
      2.019      0.017     1.2956     15.159     30.518  27.438231     3.3865      7.096   264.1148 5.2688e+00     4.5499      1.980      2.872    19.9056 0.0000e+00
      2.023      0.015     1.3092     15.360     30.504  27.427039     3.4125      7.096   264.2532 5.2520e+00     4.4208      1.984      2.878    19.8711 0.0000e+00
      2.026      0.015     1.3321     15.503     30.520  27.439729     3.4292      7.096   264.3287 5.2291e+00     4.4107      1.987      2.882    19.9004 0.0000e+00
      2.030      0.015     1.3575     15.575     30.552  27.464887     3.4301      7.095   264.4261 5.2001e+00     4.4272      1.992      2.889    19.9415 0.0000e+00
      2.034      0.015     1.3812     15.553     30.573  27.477670     3.4234      7.092   264.5706 5.1633e+00     4.4159      1.995      2.895    19.9552 0.0000e+00
      2.038      0.015     1.3994     15.417     30.570  27.467509     3.4234      7.089   264.6124 5.1312e+00     4.4446      1.999      2.900    19.9533 0.0000e+00
      2.042      0.014     1.4129     15.194     30.581  27.468789     3.4551      7.089   264.5009 5.1136e+00     4.5347      2.002      2.905    19.9496 0.0000e+00
      2.046      0.013     1.4205     14.931     30.614  27.493141     3.4985      7.089   264.4275 5.0949e+00     4.6170      2.007      2.911    19.9448 0.0000e+00
      2.050      0.013     1.4197     14.630     30.630  27.508400     3.5064      7.089   264.5005 5.0812e+00     4.6542      2.010      2.917    19.9334 0.0000e+00
      2.052      0.013     1.4072     14.309     30.652  27.526518     3.5009      7.088   264.6085 5.0711e+00     4.6092      2.012      2.919    19.9214 0.0000e+00
      2.055      0.012     1.3839     13.985     30.741  27.585428     3.5146      7.087   264.5289 5.0400e+00     4.4832      2.014      2.922    19.9052 0.0000e+00
      2.058      0.012     1.3623     13.640     30.862  27.650193     3.5225      7.088   264.3984 5.0126e+00     4.3942      2.019      2.928    19.8930 0.0000e+00
      2.062      0.012     1.3336     13.290     30.944  27.675662     3.5301      7.090   264.5792 5.0139e+00     4.4207      2.022      2.933    19.8989 0.0000e+00
      2.065      0.013     1.3023     12.945     31.012  27.703147     3.5402      7.090   264.8224 5.0230e+00     4.6336      2.026      2.938    19.9087 0.0000e+00
      2.067      0.013     1.2762     12.565     31.065  27.728925     3.5367      7.090   264.8436 5.0167e+00     4.9530      2.027      2.940    19.8816 0.0000e+00
      2.070      0.013     1.2449     12.099     31.089  27.733762     3.5374      7.090   264.8352 4.9925e+00     5.1057      2.029      2.943    19.7926 0.0000e+00
      2.075      0.012     1.2150     11.536     31.127  27.761613     3.5485      7.091   264.8936 4.9745e+00     5.0787      2.036      2.952    19.7018 0.0000e+00
      2.080      0.011     1.1857     10.903     31.176  27.812123     3.5800      7.091   264.8611 4.9659e+00     4.9339      2.041      2.960    19.6542 0.0000e+00
      2.082      0.011     1.1542     10.224     31.192  27.837383     3.6265      7.091   264.7861 4.9692e+00     4.7565      2.042      2.962    19.6240 0.0000e+00
      2.083      0.011     1.1126      9.566     31.157  27.813506     3.6533      7.090   265.0192 4.9817e+00     4.7100      2.042      2.962    19.5935 0.0000e+00
      2.084      0.012     1.0590      8.987     31.108  27.776984     3.6622      7.088   265.4432 4.9707e+00     4.7135      2.044      2.965    19.5789 0.0000e+00
      2.087      0.012     1.0016      8.497     31.102  27.776119     3.6342      7.085   265.6105 4.9441e+00     4.5930      2.047      2.968    19.6005 0.0000e+00
      2.092      0.012     0.9356      8.115     31.137  27.803060     3.5726      7.084   265.4922 4.9268e+00     4.4141      2.051      2.974    19.6218 0.0000e+00
      2.097      0.012     0.8728      7.853     31.203  27.849172     3.5416      7.085   265.3032 4.9224e+00     4.3612      2.057      2.983    19.6266 0.0000e+00
      2.101      0.012     0.8211      7.720     31.343  27.953316     3.5348      7.088   265.2190 4.9248e+00     4.3981      2.062      2.991    19.6426 0.0000e+00
      2.102      0.012     0.7735      7.685     31.552  28.111428     3.5229      7.091   265.3340 4.9239e+00     4.4152      2.062      2.990    19.6558 0.0000e+00
      2.102      0.013     0.7396      7.667     31.739  28.239571     3.4728      7.093   265.4892 4.9041e+00     4.4660      2.061      2.989    19.6479 0.0000e+00
      2.105      0.014     0.7149      7.622     31.857  28.298274     3.3863      7.093   265.4615 4.8666e+00     4.5684      2.063      2.993    19.6249 0.0000e+00
      2.110      0.015     0.7035      7.543     31.922  28.314031     3.3511      7.093   265.3428 4.8364e+00     4.6287      2.068      3.000    19.5905 0.0000e+00
      2.117      0.017     0.7053      7.417     31.942  28.303256     3.3637      7.094   265.3448 4.8224e+00     4.6825      2.077      3.011    19.5491 0.0000e+00
      2.122      0.018     0.7048      7.160     31.953  28.294732     3.3306      7.096   265.4856 4.8322e+00     4.6726      2.082      3.020    19.4899 0.0000e+00
      2.126      0.020     0.7029      6.712     32.019  28.337713     3.2501      7.098   265.6686 4.8474e+00     4.5088      2.085      3.025    19.4055 0.0000e+00
      2.128      0.020     0.6953      6.135     32.157  28.442594     3.2063      7.098   265.8373 4.8297e+00     4.3759      2.087      3.027    19.3335 0.0000e+00
      2.132      0.020     0.6881      5.505     32.228  28.485218     3.2014      7.095   265.8905 4.7921e+00     4.3637      2.090      3.031    19.2954 0.0000e+00
      2.139      0.020     0.6684      4.874     32.163  28.409324     3.1408      7.093   265.8805 4.7542e+00     4.3956      2.097      3.042    19.2704 0.0000e+00
      2.148      0.019     0.6231      4.297     32.103  28.348995     3.0225      7.091   265.8893 4.7193e+00     4.3848      2.107      3.056    19.2458 0.0000e+00
      2.153      0.018     0.5681      3.802     32.075  28.326270     2.9535      7.091   265.8243 4.6971e+00     4.3362      2.114      3.066    19.2226 0.0000e+00
      2.156      0.016     0.5089      3.386     32.061  28.324727     2.9473      7.090   265.8698 4.6841e+00     4.3545      2.115      3.067    19.1886 0.0000e+00
      2.158      0.014     0.4488      3.058     32.119  28.393738     2.9637      7.089   266.0948 4.6868e+00     4.4695      2.115      3.069    19.1522 0.0000e+00
      2.160      0.014     0.3940      2.834     32.181  28.463432     2.9931      7.089   266.2218 4.7015e+00     4.5997      2.118      3.074    19.1431 0.0000e+00
      2.163      0.015     0.3497      2.716     32.183  28.470141     3.0121      7.087   266.2004 4.6930e+00     4.6302      2.120      3.075    19.1467 0.0000e+00
      2.168      0.016     0.3102      2.701     32.191  28.474866     3.0184      7.083   266.1804 4.6618e+00     4.5994      2.125      3.082    19.1607 0.0000e+00
      2.173      0.017     0.2788      2.775     32.252  28.520546     3.0362      7.082   266.3238 4.6311e+00     4.6028      2.132      3.092    19.1989 0.0000e+00
      2.178      0.018     0.2586      2.893     32.339  28.578721     3.0696      7.082   266.5574 4.6131e+00     4.6376      2.137      3.099    19.2277 0.0000e+00
      2.182      0.018     0.2470      2.979     32.405  28.607740     3.0886      7.081   266.5958 4.6126e+00     4.6440      2.140      3.105    19.2306 0.0000e+00
      2.187      0.017     0.2468      2.998     32.452  28.617823     3.0833      7.079   266.4446 4.6099e+00     4.6122      2.143      3.108    19.2265 0.0000e+00
      2.192      0.016     0.2541      2.964     32.497  28.637196     3.0726      7.079   266.4500 4.6078e+00     4.6290      2.149      3.117    19.2161 0.0000e+00
      2.197      0.016     0.2691      2.877     32.520  28.651783     3.0833      7.080   266.6607 4.6231e+00     4.7449      2.156      3.127    19.1881 0.0000e+00
      2.200      0.017     0.2782      2.730     32.538  28.667403     3.1128      7.080   266.8419 4.6353e+00     4.8520      2.159      3.130    19.1382 0.0000e+00
      2.202      0.018     0.2787      2.530     32.580  28.699280     3.1302      7.079   267.0058 4.6168e+00     4.8648      2.158      3.131    19.0809 0.0000e+00
      2.206      0.018     0.2765      2.306     32.620  28.720258     3.1347      7.077   267.0934 4.5812e+00     4.8653      2.163      3.136    19.0479 0.0000e+00
      2.212      0.019     0.2685      2.101     32.657  28.730857     3.1587      7.074   267.1271 4.5586e+00     4.9946      2.169      3.146    19.0460 0.0000e+00
      2.218      0.019     0.2550      1.950     32.723  28.764007     3.2129      7.072   267.2415 4.5463e+00     5.2665      2.175      3.155    19.0501 0.0000e+00
      2.224      0.018     0.2352      1.865     32.802  28.804095     3.2492      7.072   267.2712 4.5298e+00     5.4205      2.182      3.164    19.0473 0.0000e+00
      2.229      0.017     0.2131      1.822     32.870  28.835190     3.2559      7.074   267.3149 4.5080e+00     5.3883      2.186      3.171    19.0229 0.0000e+00
