Data/DataNotYetUploadedToEDI/Raw_CTD/RawDownloads/071122_fcr50_S8188001.cnv
* Sea-Bird SBE19plus  Data File:
* FileName = C:\R\Reservoirs\Data\DataNotYetUploadedToEDI\Raw_CTD\RawDownloads\071122_fcr50_0001.hex
* Software version 2.8.0.119
* Temperature SN = 8188
* Conductivity SN = 8188
* System UpLoad Time = Jul 14 2022 16:29:06
* <ApplicationData>
* <Seaterm232>
# nquan = 16
# nvalues = 7544                        
# units = specified
# name 0 = depFM: Depth [fresh water, m]
# name 1 = dz/dtM: Descent Rate [m/s]
# name 2 = sbeox0Mg/L: Oxygen, SBE 43 [mg/l]
# name 3 = sbeox0PS: Oxygen, SBE 43 [% saturation]
# name 4 = specc: Specific Conductance [uS/cm]
# name 5 = c0uS/cm: Conductivity [uS/cm]
# name 6 = wetCDOM: Fluorescence, WET Labs CDOM [mg/m^3]
# name 7 = flECO-AFL: Fluorescence, WET Labs ECO-AFL/FL [mg/m^3]
# name 8 = flECO-AFL1: Fluorescence, WET Labs ECO-AFL/FL, 2 [mg/m^3]
# name 9 = flECO-AFL2: Fluorescence, WET Labs ECO-AFL/FL, 3 [mg/m^3]
# name 10 = par/sat/log: PAR/Logarithmic, Satlantic
# name 11 = turbWETntu0: Turbidity, WET Labs ECO [NTU]
# name 12 = prdM: Pressure, Strain Gauge [db]
# name 13 = prdE: Pressure, Strain Gauge [psi]
# name 14 = tv290C: Temperature [ITS-90, deg C]
# name 15 = flag:  0.000e+00
# span 0 =     -0.690,      9.462       
# span 1 =     -4.507,      4.749       
# span 2 =    -1.9916,     9.4702       
# span 3 =    -21.592,    112.400       
# span 4 =   -143.108,    164.685       
# span 5 =-128.708218, 118.073788       
# span 6 =   -17.9275,   385.9793       
# span 7 =    -0.1140,    28.6520       
# span 8 =    -2.7502,    31.9942       
# span 9 =    -3.1744,    17.7969       
# span 10 = 1.1598e-01, 2.6618e+03      
# span 11 =    -0.0102,     9.8133      
# span 12 =     -0.677,      9.279      
# span 13 =     -0.982,     13.458      
# span 14 =    10.7327,    26.1456      
# span 15 = 0.0000e+00, 0.0000e+00      
# interval = seconds: 0.25
# start_time = Jul 11 2022 12:45:46 [Instrument's time stamp, header]
# bad_flag = -9.990e-29
*END*
[from data line 6419]
     -0.683 8.0965e-40     8.6819     95.340     -0.280  -0.251762   367.2000     2.5066    10.2701     1.8606 1.1614e-01     9.8117     -0.669     -0.971    19.9220 0.0000e+00
     -0.683 7.3605e-41     8.6809     95.315     -0.280  -0.252370   367.2000     2.4993    10.3062     1.8604 1.1617e-01     9.8113     -0.669     -0.971    19.9220 0.0000e+00
     -0.683 6.6910e-42     8.6806     95.304     -0.316  -0.284677   367.2000     2.4947    10.3101     1.8636 1.1620e-01     9.8113     -0.669     -0.971    19.9221 0.0000e+00
     -0.682 6.0830e-43     8.6823     95.320     -0.339  -0.305388   367.2000     2.4950    10.3104     1.8566 1.1621e-01     9.8117     -0.669     -0.970    19.9220 0.0000e+00
     -0.682 5.5300e-44     8.6837     95.330     -0.334  -0.300587   367.2000     2.5003    10.3057     1.8692 1.1616e-01     9.8122     -0.669     -0.970    19.9219 0.0000e+00
     -0.683 5.0270e-45     8.6789     95.325     -0.326  -0.294022   367.2000     2.5081    10.2707     1.9377 1.1614e-01     9.8124     -0.670     -0.971    19.9223 0.0000e+00
     -0.683 4.5702e-46     8.6770     95.317     -0.326  -0.293416   367.2000     2.5115    10.2636     1.9509 1.1620e-01     9.8124     -0.670     -0.971    19.9225 0.0000e+00
     -0.683 4.1547e-47     8.6812     95.321     -0.326  -0.293251   367.2000     2.5108    10.2693     1.9426 1.1625e-01     9.8125     -0.669     -0.970    19.9225 0.0000e+00
     -0.683 3.7800e-48     8.6815     95.333     -0.325  -0.292031   367.2000     2.5089    10.2636     1.9479 1.1627e-01     9.8125     -0.669     -0.971    19.9226 0.0000e+00
     -0.683 3.7652e-49     8.6806     95.320     -0.310  -0.278668   367.2000     2.5062    10.2707     1.9442 1.1622e-01     9.8121     -0.669     -0.971    19.9226 0.0000e+00
     -0.683 3.9602e-49     8.6799     95.295     -0.296  -0.266473   367.2000     2.5047    10.3055     1.9473 1.1615e-01     9.8119     -0.669     -0.970    19.9226 0.0000e+00
     -0.683 4.0156e-48     8.6791     95.289     -0.310  -0.279390   367.2000     2.5036    10.3106     1.9440 1.1612e-01     9.8120     -0.670     -0.971    19.9226 0.0000e+00
     -0.683 4.4141e-47     8.6832     95.300     -0.334  -0.300040   367.2000     2.5061    10.3097     1.9482 1.1612e-01     9.8123     -0.670     -0.971    19.9226 0.0000e+00
     -0.683 4.8555e-46     8.6806     95.330     -0.349  -0.313956   367.2000     2.5126    10.3067     1.9421 1.1612e-01     9.8121     -0.670     -0.971    19.9227 0.0000e+00
     -0.683 5.3410e-45     8.6764     95.354     -0.348  -0.312852   367.2000     2.5168    10.2691     1.9068 1.1616e-01     9.8115     -0.670     -0.971    19.9229 0.0000e+00
     -0.683 5.8752e-44     8.6775     95.361     -0.319  -0.286687   367.2000     2.5178    10.2660     1.9025 1.1623e-01     9.8111     -0.670     -0.971    19.9228 0.0000e+00
     -0.683 6.4627e-43     8.6768     95.356     -0.297  -0.267197   367.2000     2.5178    10.2653     1.9025 1.1621e-01     9.8113     -0.669     -0.970    19.9229 0.0000e+00
     -0.683 7.1089e-42     8.6817     95.339     -0.310  -0.279397   367.2000     2.5178    10.2700     1.9067 1.1616e-01     9.8117     -0.670     -0.971    19.9231 0.0000e+00
     -0.683 7.8198e-41     8.6839     95.328     -0.333  -0.299395   367.2000     2.5189    10.3054     1.9423 1.1616e-01     9.8119     -0.669     -0.971    19.9230 0.0000e+00
     -0.683 8.6018e-40     8.6838     95.312     -0.341  -0.306792   367.2000     2.5196    10.3115     1.9480 1.1616e-01     9.8119     -0.670     -0.972    19.9231 0.0000e+00
     -0.683 9.4620e-39     8.6845     95.281     -0.335  -0.301438   367.2000     2.5183    10.3076     1.9444 1.1616e-01     9.8122     -0.670     -0.971    19.9232 0.0000e+00
     -0.683 1.0408e-37     8.6808     95.266     -0.335  -0.302055   367.2000     2.5177    10.3104     1.9468 1.1617e-01     9.8125     -0.669     -0.971    19.9233 0.0000e+00
     -0.683 1.1449e-36     8.6811     95.278     -0.349  -0.314260   367.2000     2.5185    10.3081     1.9450 1.1615e-01     9.8121     -0.669     -0.970    19.9233 0.0000e+00
     -0.683 1.2594e-35     8.6804     95.292     -0.349  -0.314210   367.2000     2.5189    10.3105     1.9465 1.1610e-01     9.8118     -0.670     -0.971    19.9235 0.0000e+00
     -0.683 1.3853e-34     8.6757     95.299     -0.335  -0.301449   367.2000     2.5179    10.3074     1.9449 1.1610e-01     9.8118     -0.669     -0.971    19.9236 0.0000e+00
     -0.683 1.5239e-33     8.6737     95.300     -0.328  -0.294765   367.2000     2.5167    10.3118     1.9471 1.1613e-01     9.8118     -0.670     -0.971    19.9235 0.0000e+00
     -0.683 1.6762e-32     8.6768     95.310     -0.334  -0.300792   367.2000     2.5162    10.3050     1.9438 1.1614e-01     9.8116     -0.670     -0.971    19.9237 0.0000e+00
     -0.683 1.8439e-31     8.6775     95.341     -0.341  -0.306913   367.2000     2.5162    10.2707     1.9490 1.1617e-01     9.8113     -0.669     -0.971    19.9237 0.0000e+00
     -0.683 2.0283e-30     8.6785     95.359     -0.335  -0.301388   367.2000     2.5129    10.2640     1.9406 1.1621e-01     9.8112     -0.669     -0.971    19.9238 0.0000e+00
     -0.683 2.2311e-29     8.6781     95.362     -0.335  -0.301388   367.2000     2.5065    10.2681     1.9542 1.1621e-01     9.8112     -0.670     -0.971    19.9238 0.0000e+00
     -0.683 2.4542e-28     8.6772     95.361     -0.341  -0.306912   367.2000     2.5036    10.2657     1.9321 1.1621e-01     9.8117     -0.670     -0.971    19.9237 0.0000e+00
     -0.683 2.6996e-27     8.6830     95.347     -0.334  -0.300775   367.2000     2.5037    10.2672     1.7887 1.1621e-01     9.8122     -0.670     -0.971    19.9239 0.0000e+00
     -0.683 2.9696e-26     8.6840     95.326     -0.327  -0.294583   367.2000     2.5053    10.2663     1.7735 1.1623e-01     9.8122     -0.670     -0.971    19.9241 0.0000e+00
     -0.683 3.2665e-25     8.6834     95.317     -0.333  -0.299444   367.2000     2.5093    10.2668     1.7713 1.1627e-01     9.8123     -0.670     -0.972    19.9242 0.0000e+00
     -0.683 3.5932e-24     8.6842     95.312     -0.324  -0.292147   367.2000     2.5117    10.2665     1.7915 1.1627e-01     9.8122     -0.670     -0.971    19.9241 0.0000e+00
     -0.683 3.9525e-23     8.6827     95.293     -0.304  -0.273761   367.2000     2.5112    10.2667     1.9730 1.1622e-01     9.8119     -0.669     -0.971    19.9243 0.0000e+00
     -0.683 4.3478e-22     8.6799     95.284     -0.310  -0.279336   367.2000     2.5088    10.2665     1.9944 1.1619e-01     9.8123     -0.669     -0.971    19.9246 0.0000e+00
     -0.683 4.7825e-21     8.6789     95.298     -0.325  -0.292152   367.2000     2.5059    10.2667     1.9893 1.1616e-01     9.8127     -0.669     -0.971    19.9245 0.0000e+00
     -0.683 5.2608e-20     8.6805     95.310     -0.327  -0.293920   367.2000     2.5041    10.2666     1.9793 1.1610e-01     9.8122     -0.669     -0.971    19.9246 0.0000e+00
     -0.683 5.7869e-19     8.6768     95.320     -0.334  -0.300715   367.2000     2.5037    10.2666     1.8720 1.1610e-01     9.8117     -0.670     -0.971    19.9246 0.0000e+00
     -0.683 6.3656e-18     8.6749     95.335     -0.341  -0.306907   367.2000     2.5087    10.2666     1.8534 1.1620e-01     9.8117     -0.669     -0.971    19.9247 0.0000e+00
     -0.683 7.0021e-17     8.6787     95.341     -0.335  -0.301388   367.2000     2.5184    10.2666     1.8678 1.1622e-01     9.8114     -0.670     -0.972    19.9248 0.0000e+00
     -0.683 7.7023e-16     8.6786     95.340     -0.335  -0.301388   367.2000     2.5238    10.2665     1.8541 1.1618e-01     9.8112     -0.670     -0.971    19.9250 0.0000e+00
     -0.683 8.4726e-15     8.6793     95.345     -0.341  -0.306913   367.2000     2.5242    10.2667     1.8704 1.1616e-01     9.8114     -0.669     -0.971    19.9251 0.0000e+00
     -0.683 9.3198e-14     8.6818     95.342     -0.334  -0.300790   367.2000     2.5194    10.2665     1.9373 1.1614e-01     9.8118     -0.669     -0.971    19.9250 0.0000e+00
     -0.683 1.0252e-12     8.6820     95.327     -0.327  -0.294754   367.2000     2.5095    10.2668     1.9505 1.1618e-01     9.8117     -0.669     -0.971    19.9253 0.0000e+00
     -0.683 1.1277e-11     8.6810     95.302     -0.335  -0.301328   367.2000     2.5036    10.2662     1.9438 1.1626e-01     9.8114     -0.670     -0.971    19.9254 0.0000e+00
     -0.683 1.2405e-10     8.6824     95.277     -0.348  -0.312868   367.2000     2.5033    10.2672     1.9457 1.1630e-01     9.8116     -0.669     -0.970    19.9253 0.0000e+00
     -0.683 1.3645e-09     8.6823     95.273     -0.333  -0.299495   367.2000     2.5052    10.2656     1.9032 1.1625e-01     9.8119     -0.669     -0.971    19.9255 0.0000e+00
     -0.683 1.5010e-08     8.6803     95.283     -0.305  -0.274434   367.2000     2.5079    10.2682     1.9068 1.1618e-01     9.8115     -0.669     -0.971    19.9256 0.0000e+00
     -0.683 1.6511e-07     8.6785     95.296     -0.310  -0.279457   367.2000     2.5097    10.2640     1.8963 1.1617e-01     9.8115     -0.669     -0.971    19.9256 0.0000e+00
     -0.683      0.000     8.6744     95.324     -0.325  -0.292826   367.2000     2.5111    10.2708     1.9162 1.1617e-01     9.8120     -0.670     -0.971    19.9257 0.0000e+00
     -0.683      0.000     8.6748     95.349     -0.335  -0.301272   367.2000     2.5116    10.3050     2.0167 1.1613e-01     9.8119     -0.670     -0.971    19.9258 0.0000e+00
     -0.683      0.000     8.6767     95.355     -0.349  -0.314178   367.2000     2.5101    10.3119     2.0407 1.1614e-01     9.8118     -0.669     -0.971    19.9258 0.0000e+00
     -0.683      0.002     8.6763     95.355     -0.349  -0.314077   367.2000     2.5104    10.3074     2.0211 1.1614e-01     9.8120     -0.669     -0.971    19.9261 0.0000e+00
     -0.683      0.027     8.6799     95.344     -0.334  -0.300051   367.2000     2.5125    10.3105     2.0411 1.1611e-01     9.8120     -0.669     -0.971    19.9263 0.0000e+00
     -0.683      0.292     8.6834     95.328     -0.311  -0.279390   367.2000     2.5141    10.3080     2.0157 1.1615e-01     9.8118     -0.670     -0.971    19.9263 0.0000e+00
     -0.683      3.217     8.6821     95.329     -0.296  -0.266462   367.2000     2.5171    10.3105     1.9179 1.1619e-01     9.8117     -0.669     -0.971    19.9263 0.0000e+00
     -0.683      3.217     8.6834     95.339     -0.309  -0.278545   367.2000     2.5194    10.3075     1.8936 1.1620e-01     9.8114     -0.669     -0.971    19.9265 0.0000e+00
     -0.683      0.292     8.6822     95.354     -0.323  -0.290683   367.2000     2.5192    10.3119     1.9113 1.1619e-01     9.8113     -0.669     -0.970    19.9266 0.0000e+00
     -0.683      0.027     8.6790     95.364     -0.309  -0.278419   367.2000     2.5179    10.3049     1.8958 1.1617e-01     9.8118     -0.669     -0.971    19.9266 0.0000e+00
     -0.683      0.002     8.6805     95.355     -0.294  -0.265065   367.2000     2.5143    10.2707     1.8680 1.1617e-01     9.8119     -0.670     -0.971    19.9267 0.0000e+00
     -0.683      0.000     8.6810     95.342     -0.293  -0.264021   367.2000     2.5109    10.2640     1.8562 1.1616e-01     9.8119     -0.669     -0.971    19.9267 0.0000e+00
     -0.683      0.000     8.6821     95.337     -0.295  -0.265799   367.2000     2.5098    10.2681     1.8657 1.1613e-01     9.8118     -0.669     -0.971    19.9269 0.0000e+00
     -0.683      0.000     8.6848     95.339     -0.318  -0.286563   367.2000     2.5115    10.2657     1.8562 1.1613e-01     9.8115     -0.669     -0.971    19.9270 0.0000e+00
     -0.683 1.6510e-07     8.6823     95.331     -0.348  -0.312868   367.2000     2.5158    10.2672     1.8231 1.1613e-01     9.8112     -0.669     -0.971    19.9270 0.0000e+00
     -0.683 1.5009e-08     8.6812     95.305     -0.349  -0.314264   367.2000     2.5183    10.2663     1.8170 1.1612e-01     9.8115     -0.669     -0.971    19.9272 0.0000e+00
     -0.683 1.3645e-09     8.6806     95.290     -0.337  -0.303442   367.2000     2.5181    10.2668     1.8188 1.1619e-01     9.8123     -0.670     -0.971    19.9273 0.0000e+00
     -0.683 1.2405e-10     8.6811     95.294     -0.352  -0.316822   367.2000     2.5164    10.2665     1.8208 1.1621e-01     9.8123     -0.670     -0.971    19.9274 0.0000e+00
     -0.683 1.1277e-11     8.6820     95.316     -0.379  -0.341232   367.2000     2.5134    10.2667     1.8594 1.1616e-01     9.8117     -0.669     -0.971    19.9274 0.0000e+00
     -0.683 1.0252e-12     8.6768     95.344     -0.366  -0.328988   367.2000     2.5113    10.2666     1.8607 1.1626e-01     9.8117     -0.669     -0.971    19.9275 0.0000e+00
     -0.683 9.3200e-14     8.6762     95.345     -0.337  -0.303577   367.2000     2.5110    10.2667     1.8642 1.1634e-01     9.8117     -0.669     -0.971    19.9276 0.0000e+00
     -0.683 8.4725e-15     8.6764     95.328     -0.337  -0.303581   367.2000     2.5076    10.2666     1.8550 1.1626e-01     9.8116     -0.669     -0.971    19.9277 0.0000e+00
     -0.683 7.7025e-16     8.6780     95.326     -0.365  -0.329042   367.2000     2.5012    10.2666     1.8720 1.1619e-01     9.8116     -0.670     -0.971    19.9278 0.0000e+00
     -0.683 7.0020e-17     8.6830     95.329     -0.380  -0.341834   367.2000     2.4987    10.2666     1.9776 1.1614e-01     9.8114     -0.669     -0.970    19.9280 0.0000e+00
     -0.683 6.3655e-18     8.6825     95.322     -0.360  -0.323447   367.2000     2.4989    10.2666     1.9930 1.1615e-01     9.8116     -0.669     -0.971    19.9281 0.0000e+00
     -0.683 5.7870e-19     8.6788     95.310     -0.344  -0.308918   367.2000     2.5011    10.2666     1.9876 1.1619e-01     9.8122     -0.669     -0.971    19.9281 0.0000e+00
     -0.683 5.2610e-20     8.6795     95.304     -0.335  -0.300968   367.2000     2.5068    10.2666     1.9842 1.1619e-01     9.8123     -0.669     -0.971    19.9283 0.0000e+00
     -0.683 4.7825e-21     8.6808     95.319     -0.328  -0.294721   367.2000     2.5104    10.2666     1.9074 1.1617e-01     9.8119     -0.669     -0.971    19.9285 0.0000e+00
     -0.683 4.3468e-22     8.6791     95.351     -0.334  -0.300782   367.2000     2.5104    10.2666     1.9037 1.1617e-01     9.8114     -0.670     -0.971    19.9286 0.0000e+00
     -0.683 3.8382e-23     8.6784     95.369     -0.341  -0.306852   367.2000     2.5110    10.2666     1.8991 1.1620e-01     9.8114     -0.670     -0.971    19.9285 0.0000e+00
     -0.683 2.2458e-24     8.6768     95.353     -0.334  -0.300720   367.2000     2.5116    10.2666     1.9131 1.1620e-01     9.8120     -0.670     -0.971    19.9286 0.0000e+00
     -0.683 1.0003e-89     8.6783     95.332     -0.326  -0.294036   367.2000     2.5115    10.2666     2.0209 1.1620e-01     9.8120     -0.670     -0.972    19.9289 0.0000e+00
     -0.683 1.1003e-88     8.6824     95.329     -0.326  -0.293428   367.2000     2.5114    10.2666     2.0343 1.1624e-01     9.8114     -0.669     -0.971    19.9290 0.0000e+00
     -0.683 1.2104e-87     8.6852     95.324     -0.326  -0.293371   367.2000     2.5123    10.2666     2.0312 1.1627e-01     9.8112     -0.669     -0.971    19.9289 0.0000e+00
     -0.683 1.3314e-86     8.6821     95.305     -0.326  -0.293356   367.2000     2.5150    10.2666     2.0248 1.1622e-01     9.8115     -0.669     -0.971    19.9291 0.0000e+00
     -0.682 1.4645e-85     8.6786     95.293     -0.326  -0.293245   367.2000     2.5168    10.2666     1.9524 1.1615e-01     9.8120     -0.669     -0.970    19.9292 0.0000e+00
     -0.682 1.6110e-84     8.6805     95.305     -0.325  -0.292028   367.2000     2.5165    10.2666     1.9417 1.1615e-01     9.8125     -0.669     -0.970    19.9293 0.0000e+00
     -0.683 1.7721e-83     8.6798     95.327     -0.310  -0.278640   367.2000     2.5136    10.2666     1.9482 1.1618e-01     9.8123     -0.669     -0.971    19.9294 0.0000e+00
