Data/DataNotYetUploadedToEDI/Raw_CTD/RawDownloads/071122_bvr50_S7809002.cnv
* Sea-Bird SBE19plus  Data File:
* FileName = C:\R\Reservoirs\Data\DataNotYetUploadedToEDI\Raw_CTD\RawDownloads\071122_bvr40_0002.hex
* Software version 2.8.0.119
* Temperature SN = 7809
* Conductivity SN = 7809
* System UpLoad Time = Jul 14 2022 16:06:05
* <ApplicationData>
* <Seaterm232>
# nquan = 15
# nvalues = 1726                        
# units = specified
# name 0 = depFM: Depth [fresh water, m]
# name 1 = dz/dtM: Descent Rate [m/s]
# name 2 = sbeox0Mg/L: Oxygen, SBE 43 [mg/l]
# name 3 = sbeox0PS: Oxygen, SBE 43 [% saturation]
# name 4 = specc: Specific Conductance [uS/cm]
# name 5 = c0uS/cm: Conductivity [uS/cm]
# name 6 = flECO-AFL: Fluorescence, WET Labs ECO-AFL/FL [mg/m^3]
# name 7 = ph: pH
# name 8 = orp: Oxidation Reduction Potential [mV]
# name 9 = par/sat/log: PAR/Logarithmic, Satlantic
# name 10 = turbWETntu0: Turbidity, WET Labs ECO [NTU]
# name 11 = prdM: Pressure, Strain Gauge [db]
# name 12 = prdE: Pressure, Strain Gauge [psi]
# name 13 = tv290C: Temperature [ITS-90, deg C]
# name 14 = flag:  0.000e+00
# span 0 =     -0.744,      7.643       
# span 1 =     -0.312,      0.134       
# span 2 =     0.0260,     6.7730       
# span 3 =      0.258,     79.781       
# span 4 =      0.244,    120.480       
# span 5 =   0.233951,  83.651415       
# span 6 =    -0.1542,     4.0970       
# span 7 =      6.597,      7.657       
# span 8 =   -93.8225,   358.8746       
# span 9 = 1.2361e-01, 5.9429e+02       
# span 10 =    -0.3191,    27.6410      
# span 11 =     -0.730,      7.495      
# span 12 =     -1.059,     10.871      
# span 13 =     9.7061,    25.3257      
# span 14 = 0.0000e+00, 0.0000e+00      
# interval = seconds: 0.25
# start_time = Jul 11 2022 09:08:08 [Instrument's time stamp, header]
# bad_flag = -9.990e-29
*END*
[from data line 1254]
      5.827      0.036     0.0410      0.370     97.413  68.514084     1.3048      7.051   -51.0095 1.2369e-01     2.1661      5.715      8.288    10.1764 0.0000e+00
      5.837      0.036     0.0441      0.380     97.456  68.533162     1.3154      7.051   -51.0405 1.2371e-01     2.1447      5.722      8.299    10.1750 0.0000e+00
      5.849      0.035     0.0407      0.373     97.464  68.528777     1.3042      7.051   -51.3017 1.2378e-01     2.1483      5.736      8.320    10.1740 0.0000e+00
      5.859      0.033     0.0384      0.375     97.466  68.524577     1.2932      7.051   -51.5872 1.2379e-01     2.2434      5.748      8.336    10.1701 0.0000e+00
      5.866      0.032     0.0420      0.390     97.499  68.545894     1.2905      7.051   -51.7392 1.2376e-01     2.3381      5.753      8.343    10.1647 0.0000e+00
      5.872      0.031     0.0440      0.389     97.571  68.595965     1.2970      7.052   -51.8492 1.2380e-01     2.3715      5.759      8.352    10.1583 0.0000e+00
      5.879      0.028     0.0413      0.380     97.611  68.621837     1.2963      7.054   -52.0560 1.2387e-01     2.3732      5.766      8.362    10.1527 0.0000e+00
      5.887      0.026     0.0406      0.378     97.588  68.604643     1.2738      7.054   -52.2604 1.2386e-01     2.3592      5.773      8.373    10.1499 0.0000e+00
      5.896      0.026     0.0458      0.374     97.552  68.578626     1.2507      7.054   -52.4282 1.2378e-01     2.3391      5.783      8.386    10.1495 0.0000e+00
      5.902      0.025     0.0437      0.372     97.528  68.561328     1.2407      7.055   -52.7077 1.2373e-01     2.3016      5.788      8.396    10.1495 0.0000e+00
      5.907      0.025     0.0419      0.371     97.565  68.586044     1.2453      7.055   -52.9728 1.2368e-01     2.2468      5.793      8.402    10.1481 0.0000e+00
      5.912      0.024     0.0431      0.373     97.622  68.623396     1.2559      7.055   -53.1383 1.2372e-01     2.1884      5.797      8.408    10.1472 0.0000e+00
      5.918      0.023     0.0416      0.378     97.639  68.631842     1.2600      7.056   -53.3326 1.2380e-01     2.1425      5.803      8.417    10.1479 0.0000e+00
      5.925      0.022     0.0421      0.383     97.635  68.624645     1.2621      7.057   -53.5154 1.2380e-01     2.1014      5.810      8.426    10.1477 0.0000e+00
      5.933      0.020     0.0415      0.384     97.607  68.599888     1.2571      7.057   -53.6275 1.2376e-01     2.0672      5.819      8.441    10.1463 0.0000e+00
      5.939      0.020     0.0417      0.393     97.594  68.586578     1.2481      7.058   -53.8277 1.2373e-01     2.0712      5.826      8.451    10.1457 0.0000e+00
      5.941      0.020     0.0421      0.401     97.604  68.590740     1.2456      7.059   -54.1288 1.2372e-01     2.1155      5.826      8.450    10.1438 0.0000e+00
      5.942      0.021     0.0436      0.388     97.601  68.586692     1.2436      7.061   -54.2573 1.2373e-01     2.1586      5.827      8.452    10.1408 0.0000e+00
      5.946      0.022     0.0428      0.378     97.626  68.601151     1.2489      7.061   -54.3484 1.2378e-01     2.1824      5.830      8.456    10.1383 0.0000e+00
      5.954      0.024     0.0434      0.379     97.683  68.638522     1.2593      7.062   -54.5429 1.2381e-01     2.1637      5.837      8.466    10.1361 0.0000e+00
      5.964      0.027     0.0473      0.383     97.710  68.657435     1.2538      7.062   -54.7149 1.2380e-01     2.1038      5.849      8.484    10.1350 0.0000e+00
      5.973      0.028     0.0430      0.386     97.678  68.639276     1.2405      7.062   -54.9663 1.2380e-01     2.1064      5.859      8.498    10.1339 0.0000e+00
      5.979      0.028     0.0420      0.389     97.631  68.609518     1.2390      7.062   -55.2590 1.2382e-01     2.1613      5.863      8.503    10.1323 0.0000e+00
      5.984      0.028     0.0428      0.389     97.640  68.615213     1.2449      7.063   -55.4140 1.2383e-01     2.1877      5.867      8.508    10.1305 0.0000e+00
      5.991      0.027     0.0429      0.385     97.690  68.644620     1.2538      7.064   -55.5508 1.2379e-01     2.1859      5.875      8.522    10.1297 0.0000e+00
      5.999      0.027     0.0437      0.381     97.708  68.647486     1.2629      7.064   -55.7946 1.2376e-01     2.1735      5.883      8.534    10.1333 0.0000e+00
      6.005      0.027     0.0436      0.379     97.725  68.649860     1.2552      7.065   -56.0389 1.2376e-01     2.1408      5.887      8.539    10.1356 0.0000e+00
      6.013      0.026     0.0441      0.375     97.767  68.673307     1.2275      7.065   -56.1806 1.2377e-01     2.0977      5.897      8.553    10.1349 0.0000e+00
      6.020      0.026     0.0431      0.381     97.777  68.676912     1.2100      7.066   -56.3032 1.2375e-01     2.0962      5.905      8.565    10.1323 0.0000e+00
      6.025      0.027     0.0426      0.392     97.802  68.693444     1.2106      7.067   -56.4892 1.2375e-01     2.1225      5.906      8.566    10.1265 0.0000e+00
      6.031      0.028     0.0431      0.400     97.878  68.746154     1.2092      7.067   -56.7086 1.2379e-01     2.1427      5.913      8.577    10.1206 0.0000e+00
      6.038      0.031     0.0414      0.410     97.969  68.806086     1.2179      7.067   -57.0629 1.2378e-01     2.1359      5.923      8.591    10.1177 0.0000e+00
      6.045      0.034     0.0421      0.405     98.128  68.909930     1.2334      7.068   -57.5032 1.2375e-01     2.1081      5.926      8.595    10.1163 0.0000e+00
      6.054      0.038     0.0452      0.384     98.248  68.985435     1.2304      7.068   -57.8165 1.2376e-01     2.0799      5.936      8.609    10.1156 0.0000e+00
      6.066      0.039     0.0437      0.377     98.221  68.956785     1.2308      7.069   -58.0123 1.2375e-01     2.0681      5.949      8.628    10.1170 0.0000e+00
      6.078      0.038     0.0472      0.378     98.214  68.944619     1.2467      7.069   -58.1498 1.2365e-01     2.1704      5.958      8.642    10.1145 0.0000e+00
      6.090      0.036     0.0470      0.373     98.249  68.965373     1.2567      7.068   -58.2745 1.2364e-01     2.3264      5.974      8.666    10.1100 0.0000e+00
      6.099      0.033     0.0417      0.366     98.234  68.953639     1.2593      7.068   -58.4013 1.2374e-01     2.3484      5.984      8.679    10.1064 0.0000e+00
      6.104      0.030     0.0423      0.381     98.194  68.929781     1.2537      7.070   -58.4778 1.2377e-01     2.2997      5.986      8.681    10.0992 0.0000e+00
      6.109      0.028     0.0428      0.403     98.184  68.930977     1.2309      7.070   -58.5119 1.2377e-01     2.2507      5.992      8.689    10.0958 0.0000e+00
      6.115      0.026     0.0429      0.402     98.230  68.968110     1.1998      7.070   -58.6417 1.2377e-01     2.1656      5.996      8.696    10.0948 0.0000e+00
      6.124      0.027     0.0394      0.392     98.274  68.997642     1.1859      7.071   -58.9292 1.2375e-01     2.1243      6.004      8.708    10.0924 0.0000e+00
      6.133      0.032     0.0420      0.376     98.333  69.033973     1.1959      7.071   -59.2346 1.2378e-01     2.1269      6.016      8.724    10.0954 0.0000e+00
      6.139      0.037     0.0478      0.361     98.425  69.089793     1.2036      7.072   -59.5802 1.2380e-01     2.1631      6.020      8.731    10.1018 0.0000e+00
      6.144      0.040     0.0444      0.362     98.460  69.100882     1.1962      7.073   -60.0099 1.2383e-01     2.2548      6.023      8.735    10.1043 0.0000e+00
      6.155      0.041     0.0447      0.354     98.483  69.104512     1.1809      7.073   -60.3008 1.2379e-01     2.3138      6.032      8.747    10.1026 0.0000e+00
      6.174      0.040     0.0431      0.334     98.535  69.133681     1.1693      7.073   -60.3446 1.2367e-01     2.3296      6.055      8.783    10.1001 0.0000e+00
      6.189      0.039     0.0386      0.339     98.547  69.135965     1.1803      7.073   -60.3675 1.2364e-01     2.2747      6.075      8.812    10.0965 0.0000e+00
      6.194      0.037     0.0418      0.360     98.549  69.132111     1.1972      7.074   -60.4910 1.2366e-01     2.1630      6.074      8.809    10.0880 0.0000e+00
      6.199      0.033     0.0414      0.378     98.579  69.150599     1.1912      7.074   -60.6338 1.2366e-01     2.1065      6.077      8.815    10.0807 0.0000e+00
      6.207      0.028     0.0354      0.389     98.611  69.168936     1.1819      7.074   -60.8025 1.2369e-01     2.0696      6.088      8.830    10.0789 0.0000e+00
      6.214      0.025     0.0375      0.384     98.611  69.163268     1.1852      7.075   -60.9828 1.2375e-01     2.0581      6.093      8.837    10.0750 0.0000e+00
      6.222      0.024     0.0411      0.377     98.591  69.145587     1.1895      7.076   -61.0930 1.2382e-01     2.1734      6.102      8.851    10.0718 0.0000e+00
      6.229      0.023     0.0424      0.384     98.594  69.145703     1.1920      7.077   -61.1880 1.2384e-01     2.3362      6.110      8.863    10.0720 0.0000e+00
      6.232      0.021     0.0449      0.389     98.621  69.164663     1.1908      7.077   -61.3584 1.2379e-01     2.3858      6.111      8.864    10.0696 0.0000e+00
      6.236      0.021     0.0436      0.386     98.648  69.184277     1.1917      7.078   -61.5183 1.2373e-01     2.3298      6.115      8.869    10.0660 0.0000e+00
      6.241      0.020     0.0410      0.385     98.662  69.192301     1.1937      7.078   -61.6580 1.2374e-01     2.2735      6.122      8.879    10.0644 0.0000e+00
      6.246      0.020     0.0436      0.380     98.673  69.198158     1.1826      7.079   -61.7562 1.2383e-01     2.2855      6.124      8.882    10.0631 0.0000e+00
      6.252      0.020     0.0447      0.375     98.663  69.191573     1.1736      7.080   -61.7600 1.2386e-01     2.3394      6.130      8.891    10.0632 0.0000e+00
      6.259      0.020     0.0427      0.380     98.640  69.176203     1.1849      7.081   -61.7898 1.2386e-01     2.3779      6.140      8.905    10.0650 0.0000e+00
      6.264      0.020     0.0439      0.381     98.675  69.202870     1.1859      7.081   -61.9448 1.2390e-01     2.5120      6.144      8.911    10.0632 0.0000e+00
      6.267      0.022     0.0429      0.364     98.753  69.259930     1.1599      7.081   -62.0852 1.2389e-01     2.7309      6.146      8.914    10.0612 0.0000e+00
      6.270      0.024     0.0417      0.354     98.805  69.294454     1.1375      7.082   -62.1109 1.2382e-01     2.8044      6.148      8.917    10.0625 0.0000e+00
      6.275      0.025     0.0426      0.364     98.833  69.302689     1.1320      7.083   -62.1691 1.2378e-01     2.7850      6.151      8.921    10.0631 0.0000e+00
      6.285      0.027     0.0445      0.373     98.839  69.295967     1.1425      7.083   -62.2725 1.2382e-01     2.7016      6.162      8.937    10.0629 0.0000e+00
      6.296      0.028     0.0406      0.376     98.817  69.276688     1.1654      7.084   -62.3291 1.2383e-01     2.5138      6.177      8.959    10.0658 0.0000e+00
      6.304      0.028     0.0383      0.379     98.795  69.260146     1.1840      7.085   -62.3374 1.2378e-01     2.4268      6.184      8.969    10.0664 0.0000e+00
      6.309      0.027     0.0417      0.385     98.831  69.286512     1.1927      7.085   -62.3724 1.2375e-01     2.4360      6.185      8.971    10.0574 0.0000e+00
      6.314      0.024     0.0424      0.397     98.907  69.341392     1.1781      7.086   -62.4075 1.2376e-01     2.3520      6.191      8.980    10.0507 0.0000e+00
      6.320      0.021     0.0420      0.402     98.926  69.352027     1.1401      7.088   -62.5050 1.2374e-01     2.1966      6.199      8.991    10.0504 0.0000e+00
      6.325      0.020     0.0431      0.397     98.933  69.351585     1.1254      7.088   -62.7761 1.2372e-01     2.1276      6.203      8.997    10.0500 0.0000e+00
      6.331      0.020     0.0426      0.391     99.007  69.399559     1.1339      7.090   -63.0190 1.2373e-01     2.1336      6.208      9.006    10.0504 0.0000e+00
      6.337      0.021     0.0454      0.384     99.046  69.423919     1.1263      7.090   -63.2049 1.2377e-01     2.2003      6.215      9.016    10.0520 0.0000e+00
      6.340      0.021     0.0459      0.385     99.003  69.392042     1.1002      7.090   -63.3886 1.2379e-01     2.3185      6.217      9.018    10.0513 0.0000e+00
      6.343      0.022     0.0442      0.378     99.005  69.395244     1.0764      7.091   -63.4326 1.2374e-01     2.3339      6.218      9.019    10.0467 0.0000e+00
      6.351      0.023     0.0452      0.372     99.101  69.462635     1.0709      7.091   -63.3939 1.2368e-01     2.2837      6.228      9.031    10.0448 0.0000e+00
      6.359      0.026     0.0414      0.380     99.175  69.508153     1.0919      7.092   -63.4363 1.2370e-01     2.2927      6.238      9.046    10.0438 0.0000e+00
      6.364      0.028     0.0448      0.379     99.175  69.500952     1.1310      7.092   -63.6012 1.2373e-01     2.3398      6.240      9.051    10.0417 0.0000e+00
      6.370      0.029     0.0429      0.366     99.273  69.566112     1.1524      7.092   -63.7527 1.2371e-01     2.3752      6.244      9.056    10.0440 0.0000e+00
      6.379      0.032     0.0401      0.357     99.505  69.724308     1.1508      7.093   -63.8055 1.2368e-01     2.3793      6.257      9.074    10.0453 0.0000e+00
      6.388      0.035     0.0443      0.357     99.668  69.825680     1.1453      7.094   -63.8097 1.2373e-01     2.3554      6.266      9.089    10.0415 0.0000e+00
      6.394      0.039     0.0429      0.364     99.804  69.902498     1.1356      7.095   -63.8037 1.2381e-01     2.3250      6.268      9.091    10.0362 0.0000e+00
      6.404      0.043     0.0411      0.370     99.994  70.017875     1.1251      7.096   -63.8185 1.2379e-01     2.3194      6.277      9.104    10.0347 0.0000e+00
      6.418      0.047     0.0400      0.373    100.101  70.077291     1.1269      7.097   -63.8168 1.2377e-01     2.3555      6.295      9.130    10.0358 0.0000e+00
      6.431      0.049     0.0398      0.372    100.081  70.049184     1.1408      7.097   -63.7831 1.2386e-01     2.3863      6.307      9.147    10.0282 0.0000e+00
      6.445      0.049     0.0413      0.384    100.018  69.995629     1.1523      7.097   -63.8414 1.2386e-01     2.3843      6.319      9.165    10.0163 0.0000e+00
      6.460      0.047     0.0414      0.400    100.027  70.001443     1.1486      7.098   -64.0046 1.2378e-01     2.3647      6.336      9.190    10.0087 0.0000e+00
      6.472      0.044     0.0429      0.387    100.096  70.055953     1.1291      7.099   -64.0359 1.2374e-01     2.3199      6.348      9.207    10.0008 0.0000e+00
      6.481      0.041     0.0412      0.371    100.125  70.083027     1.1163      7.099   -63.9619 1.2372e-01     2.2874      6.355      9.218     9.9932 0.0000e+00
      6.491      0.037     0.0420      0.371    100.108  70.074712     1.1268      7.100   -63.9702 1.2373e-01     2.3127      6.364      9.230     9.9876 0.0000e+00
      6.500      0.035     0.0480      0.370    100.115  70.082464     1.1399      7.101   -63.9642 1.2376e-01     2.3530      6.375      9.246     9.9868 0.0000e+00
      6.508      0.034     0.0434      0.370    100.249  70.176756     1.1416      7.101   -63.9754 1.2379e-01     2.3645      6.384      9.259     9.9924 0.0000e+00
      6.515      0.035     0.0407      0.377    100.468  70.325488     1.1389      7.102   -64.0194 1.2376e-01     2.3491      6.390      9.266     9.9959 0.0000e+00
      6.523      0.036     0.0425      0.375    100.618  70.419760     1.1325      7.103   -63.9801 1.2371e-01     2.3716      6.397      9.278     9.9970 0.0000e+00
      6.533      0.036     0.0415      0.371    100.646  70.427268     1.1389      7.103   -64.0169 1.2371e-01     2.5005      6.407      9.292     9.9985 0.0000e+00
