Data/DataNotYetUploadedToEDI/Raw_CTD/RawDownloads/071122_fcr50_S7809003.cnv
* Sea-Bird SBE19plus  Data File:
* FileName = C:\R\Reservoirs\Data\DataNotYetUploadedToEDI\Raw_CTD\RawDownloads\071122_bvr40_0003.hex
* Software version 2.8.0.119
* Temperature SN = 7809
* Conductivity SN = 7809
* System UpLoad Time = Jul 14 2022 16:07:01
* <ApplicationData>
* <Seaterm232>
# nquan = 15
# nvalues = 2202                        
# units = specified
# name 0 = depFM: Depth [fresh water, m]
# name 1 = dz/dtM: Descent Rate [m/s]
# name 2 = sbeox0Mg/L: Oxygen, SBE 43 [mg/l]
# name 3 = sbeox0PS: Oxygen, SBE 43 [% saturation]
# name 4 = specc: Specific Conductance [uS/cm]
# name 5 = c0uS/cm: Conductivity [uS/cm]
# name 6 = flECO-AFL: Fluorescence, WET Labs ECO-AFL/FL [mg/m^3]
# name 7 = ph: pH
# name 8 = orp: Oxidation Reduction Potential [mV]
# name 9 = par/sat/log: PAR/Logarithmic, Satlantic
# name 10 = turbWETntu0: Turbidity, WET Labs ECO [NTU]
# name 11 = prdM: Pressure, Strain Gauge [db]
# name 12 = prdE: Pressure, Strain Gauge [psi]
# name 13 = tv290C: Temperature [ITS-90, deg C]
# name 14 = flag:  0.000e+00
# span 0 =     -0.667,      9.484       
# span 1 =     -0.304,      0.112       
# span 2 =     0.0104,     7.3310       
# span 3 =      0.116,     82.913       
# span 4 =      0.847,    245.521       
# span 5 =   0.850832, 176.101842       
# span 6 =    -2.0938,    15.0376       
# span 7 =      6.468,      9.267       
# span 8 = -1240.7455,   231.6871       
# span 9 = 1.2357e-01, 2.8308e+03       
# span 10 =    -9.5109,   355.2189      
# span 11 =     -0.654,      9.301      
# span 12 =     -0.949,     13.489      
# span 13 =    10.7326,    25.2757      
# span 14 = 0.0000e+00, 0.0000e+00      
# interval = seconds: 0.25
# start_time = Jul 11 2022 10:33:29 [Instrument's time stamp, header]
# bad_flag = -9.990e-29
*END*
[from data line 1350]
      9.313      0.041     0.6022      5.398     51.548  36.842999     0.2792      6.578    86.9451 1.2366e-01     5.8943      9.130     13.243    10.7330 0.0000e+00
      9.319      0.043     0.6038      5.393     51.669  36.930175     0.2693      6.578    87.1816 1.2369e-01     5.8583      9.137     13.252    10.7332 0.0000e+00
      9.331      0.044     0.5996      5.410     51.689  36.945453     0.2734      6.577    87.1493 1.2378e-01     5.8235      9.147     13.267    10.7338 0.0000e+00
      9.349      0.045     0.5992      5.439     51.803  37.027719     0.2791      6.575    86.9853 1.2378e-01     5.8495      9.166     13.295    10.7333 0.0000e+00
      9.369      0.043     0.5997      5.439     52.081  37.227256     0.2795      6.573    86.9191 1.2378e-01     5.8652      9.192     13.331    10.7334 0.0000e+00
      9.382      0.038     0.5966      5.400     53.819  38.470197     0.2782      6.573    86.9507 1.2382e-01     5.8772      9.204     13.349    10.7349 0.0000e+00
      9.386      0.031     0.5994      5.357     70.693  50.533968     0.2632      6.574    87.0234 1.2381e-01     5.8919      9.204     13.350    10.7358 0.0000e+00
      9.388      0.026     0.6049      5.320    101.294  72.421011     0.2568      6.574    87.1099 1.2375e-01     5.8714      9.207     13.353    10.7367 0.0000e+00
      9.390      0.022     0.6056      5.268    117.076  83.731248     0.2671      6.573    86.8782 1.2375e-01     5.8689      9.209     13.357    10.7372 0.0000e+00
      9.394      0.021     0.5986      5.207    115.964  82.968611     0.2708      6.572    86.5449 1.2375e-01     5.8964      9.210     13.359    10.7380 0.0000e+00
      9.403      0.021     0.5935      5.130    111.576  79.853909     0.2693      6.572    86.6937 1.2376e-01     5.8957      9.220     13.373    10.7374 0.0000e+00
      9.413      0.021     0.5910      4.965    108.313  77.530675     0.2648      6.571    86.6122 1.2380e-01     5.8612      9.233     13.391    10.7403 0.0000e+00
      9.419      0.020     0.5846      4.672    120.868  86.525483     0.2584      6.571    85.9899 1.2380e-01     5.8207      9.239     13.399    10.7562 0.0000e+00
      9.422      0.019     0.5762      4.287    166.497 119.225290     0.2589      6.570    85.2779 1.2378e-01     5.7810      9.240     13.401    10.7729 0.0000e+00
      9.424      0.017     0.5722      3.853    224.384 160.784578     0.2626      6.568    84.6286 1.2378e-01     5.7577      9.242     13.405    10.7844 0.0000e+00
      9.427      0.017     0.5562      3.416    245.521 176.101842     0.2609      6.568    84.5067 1.2378e-01     5.7783      9.244     13.408    10.7892 0.0000e+00
      9.431      0.017     0.5206      3.017    221.293 158.872010     0.2550      6.568    84.6644 1.2378e-01     5.8933      9.247     13.412    10.7878 0.0000e+00
      9.437      0.017     0.4772      2.654    182.742 131.242502     0.2500      6.568    84.7276 1.2374e-01     6.0543      9.254     13.423    10.7916 0.0000e+00
      9.444      0.017     0.4266      2.304    155.740 111.813655     0.2588      6.567    84.8409 1.2366e-01     6.1203      9.263     13.434    10.8130 0.0000e+00
      9.449      0.016     0.3756      1.978    141.819 101.761860     0.2782      6.565    85.2601 1.2367e-01     6.1103      9.268     13.442    10.8625 0.0000e+00
      9.452      0.014     0.3314      1.685    133.504  95.751120     0.2842      6.565    85.8387 1.2378e-01     6.0352      9.269     13.444    10.9083 0.0000e+00
      9.453      0.011     0.2934      1.435    130.260  93.399485     0.2731      6.565    85.9861 1.2381e-01     5.8962      9.270     13.445    10.9151 0.0000e+00
      9.455      0.009     0.2535      1.257    126.151  90.441968     0.2608      6.565    86.0956 1.2373e-01     5.8292      9.273     13.449    10.8954 0.0000e+00
      9.458      0.008     0.2171      1.153    118.988  85.298345     0.2604      6.564    86.4749 1.2367e-01     5.8409      9.275     13.453    10.8713 0.0000e+00
      9.460      0.008     0.1854      1.136    114.494  82.071131     0.2674      6.563    86.6138 1.2367e-01     5.8665      9.277     13.456    10.8549 0.0000e+00
      9.463      0.008     0.1551      1.213    121.396  87.019501     0.2710      6.563    86.5704 1.2372e-01     5.9002      9.280     13.460    10.8467 0.0000e+00
      9.465      0.008     0.1366      1.350    147.262 105.568342     0.2715      6.563    86.8972 1.2373e-01     5.9058      9.282     13.462    10.8441 0.0000e+00
      9.466      0.009     0.1245      1.517    170.983 122.590645     0.2726      6.563    87.3814 1.2368e-01     5.8662      9.283     13.464    10.8406 0.0000e+00
      9.468      0.009     0.1208      1.697    170.665 122.398745     0.2766      6.564    87.6922 1.2367e-01     5.8313      9.285     13.467    10.8361 0.0000e+00
      9.470      0.009     0.1327      1.847    161.346 115.758436     0.2780      6.565    87.7299 1.2368e-01     5.8593      9.287     13.469    10.8386 0.0000e+00
      9.473      0.009     0.1483      1.927    141.311 101.410605     0.2728      6.564    87.4077 1.2368e-01     5.8639      9.291     13.474    10.8398 0.0000e+00
      9.477      0.008     0.1669      1.921    106.458  76.408796     0.2637      6.563    87.4957 1.2374e-01     5.8183      9.294     13.480    10.8429 0.0000e+00
      9.479      0.007     0.1891      1.845     88.414  63.453408     0.2596      6.562    87.9333 1.2379e-01     5.8543      9.296     13.483    10.8569 0.0000e+00
      9.481      0.006     0.2068      1.728     87.503  62.782738     0.2643      6.562    87.7080 1.2372e-01     5.9234      9.297     13.484    10.8722 0.0000e+00
      9.482      0.004     0.2169      1.627     85.389  61.248582     0.2704      6.562    87.0949 1.2366e-01     5.9364      9.298     13.486    10.8823 0.0000e+00
      9.482      0.003     0.2149      1.603     90.594  64.969497     0.2754      6.562    86.8014 1.2371e-01     5.9097      9.299     13.487    10.8881 0.0000e+00
      9.482      0.002     0.2058      1.692    111.850  80.208839     0.2752      6.561    86.6539 1.2376e-01     5.8736      9.299     13.487    10.8848 0.0000e+00
      9.482      0.001     0.1908      1.897    145.798 104.559114     0.2674      6.560    86.5172 1.2380e-01     5.8756      9.299     13.487    10.8718 0.0000e+00
      9.483      0.000     0.1761      2.169    162.385 116.473576     0.2562      6.558    86.5242 1.2378e-01     5.8647      9.299     13.487    10.8598 0.0000e+00
      9.484     -0.001     0.1733      2.460    143.161 102.713665     0.2570      6.556    86.7394 1.2373e-01     5.8444      9.300     13.489    10.8538 0.0000e+00
      9.484     -0.001     0.1816      2.730    119.255  85.589088     0.2851      6.556    86.9680 1.2374e-01     5.9722      9.301     13.489    10.8517 0.0000e+00
      9.482     -0.001     0.2075      2.889    107.838  77.403201     0.3216      6.556    86.8791 1.2376e-01     6.2151      9.300     13.488    10.8525 0.0000e+00
      9.481      0.000     0.2398      2.879    101.121  72.575796     0.3394      6.556    87.0412 1.2376e-01     6.3552      9.297     13.483    10.8590 0.0000e+00
      9.481      0.000     0.2714      2.741     97.609  70.046614     0.3429      6.555    87.6371 1.2376e-01     6.3342      9.296     13.483    10.8734 0.0000e+00
      9.482      0.000     0.3065      2.550     95.971  68.867499     0.3385      6.554    87.8033 1.2376e-01     6.2688      9.299     13.487    10.8864 0.0000e+00
      9.483     -0.001     0.3272      2.385     93.661  67.212035     0.3534      6.554    87.9331 1.2379e-01     6.3158      9.300     13.488    10.8887 0.0000e+00
      9.483     -0.004     0.3229      2.301     91.042  65.337009     0.3984      6.554    88.6032 1.2384e-01     6.4586      9.299     13.487    10.8833 0.0000e+00
      9.483     -0.010     0.3051      2.288     85.698  61.502901     0.4334      6.553    89.1090 1.2383e-01     6.5610      9.299     13.487    10.8774 0.0000e+00
      9.482     -0.016     0.2814      2.350     81.522  58.499245     0.4511      6.551    89.2296 1.2382e-01     6.5973      9.299     13.487    10.8757 0.0000e+00
      9.477     -0.021     0.2589      2.503     90.356  64.823193     0.4619      6.551    89.4586 1.2382e-01     6.5220      9.296     13.483    10.8774 0.0000e+00
      9.468     -0.021     0.2526      2.724    100.981  72.430871     0.4645      6.549    89.8996 1.2377e-01     6.3679      9.287     13.469    10.8809 0.0000e+00
      9.457     -0.019     0.2502      2.968    102.946  73.834078     0.4576      6.547    90.0018 1.2368e-01     6.2702      9.273     13.448    10.8821 0.0000e+00
      9.448     -0.015     0.2557      3.193    102.615  73.596713     0.4451      6.546    89.7474 1.2364e-01     6.2635      9.261     13.433    10.8793 0.0000e+00
      9.447     -0.009     0.2743      3.389     97.609  70.006063     0.4134      6.545    89.7485 1.2365e-01     6.2530      9.262     13.435    10.8702 0.0000e+00
      9.451     -0.004     0.2998      3.534     89.182  63.960413     0.3662      6.545    90.0163 1.2365e-01     6.1429      9.270     13.445    10.8588 0.0000e+00
      9.454     -0.005     0.3302      3.579     80.759  57.917612     0.3393      6.545    90.4041 1.2368e-01     6.0252      9.271     13.447    10.8567 0.0000e+00
      9.454     -0.015     0.3538      3.519     69.044  49.513204     0.3297      6.545    90.8236 1.2378e-01     5.9910      9.271     13.447    10.8584 0.0000e+00
      9.454     -0.033     0.3766      3.417     57.586  41.291937     0.3085      6.545    90.7858 1.2383e-01     5.9690      9.273     13.449    10.8577 0.0000e+00
      9.449     -0.048     0.3949      3.316     53.202  38.142207     0.2750      6.544    90.3780 1.2380e-01     5.8959      9.271     13.446    10.8573 0.0000e+00
      9.432     -0.053     0.4014      3.240     55.860  40.041245     0.2648      6.543    90.2806 1.2376e-01     5.8244      9.257     13.426    10.8561 0.0000e+00
      9.401     -0.051     0.3904      3.245     60.530  43.384453     0.2685      6.541    90.4691 1.2375e-01     5.7879      9.220     13.373    10.8536 0.0000e+00
      9.372     -0.044     0.3773      3.367     62.179  44.565478     0.2626      6.541    90.6779 1.2372e-01     5.7955      9.181     13.316    10.8501 0.0000e+00
      9.364     -0.033     0.3672      3.612     62.956  45.124113     0.2600      6.541    90.5679 1.2369e-01     5.8485      9.175     13.307    10.8440 0.0000e+00
      9.372     -0.018     0.3546      3.947     66.231  47.473531     0.2619      6.541    90.0860 1.2375e-01     5.8822      9.193     13.334    10.8372 0.0000e+00
      9.378     -0.004     0.3548      4.302     69.052  49.496490     0.2686      6.541    90.0125 1.2380e-01     5.8949      9.200     13.344    10.8335 0.0000e+00
      9.377      0.004     0.3674      4.603     69.281  49.660361     0.2742      6.540    90.3682 1.2378e-01     5.8656      9.194     13.336    10.8332 0.0000e+00
      9.376      0.004     0.3960      4.840     68.551  49.137562     0.2798      6.539    90.3436 1.2377e-01     5.8697      9.194     13.335    10.8353 0.0000e+00
      9.376      0.001     0.4357      5.007     68.641  49.203720     0.2946      6.539    89.9728 1.2374e-01     5.9786      9.196     13.338    10.8371 0.0000e+00
      9.376     -0.002     0.4791      5.056     68.090  48.810524     0.3116      6.539    90.0142 1.2371e-01     6.0550      9.195     13.336    10.8372 0.0000e+00
      9.377     -0.009     0.5124      5.012     64.303  46.096584     0.3275      6.539    90.6722 1.2369e-01     6.0762      9.195     13.337    10.8371 0.0000e+00
      9.377     -0.027     0.5363      4.927     58.353  41.831297     0.3207      6.538    91.5618 1.2368e-01     6.0305      9.196     13.338    10.8376 0.0000e+00
      9.376     -0.055     0.5606      4.812     54.116  38.791773     0.2868      6.536    92.1665 1.2370e-01     5.9116      9.196     13.337    10.8388 0.0000e+00
      9.370     -0.078     0.5632      4.700     53.571  38.397705     0.2678      6.535    92.1325 1.2369e-01     5.8346      9.193     13.334    10.8404 0.0000e+00
      9.346     -0.088     0.5547      4.615     55.525  39.793940     0.2743      6.533    91.8399 1.2368e-01     5.8171      9.178     13.312    10.8411 0.0000e+00
      9.297     -0.083     0.5478      4.570     57.066  40.895581     0.2818      6.532    91.8972 1.2368e-01     5.8021      9.123     13.231    10.8411 0.0000e+00
      9.243     -0.071     0.5317      4.590     56.504  40.491196     0.2750      6.531    92.2234 1.2369e-01     5.7904      9.047     13.122    10.8398 0.0000e+00
      9.224     -0.054     0.5190      4.673     55.172  39.534800     0.2754      6.529    92.4286 1.2372e-01     5.8119      9.029     13.095    10.8354 0.0000e+00
      9.241     -0.029     0.5099      4.793     54.834  39.289954     0.2864      6.528    92.5720 1.2372e-01     5.7884      9.065     13.147    10.8306 0.0000e+00
      9.259     -0.004     0.5025      4.935     55.215  39.560438     0.2834      6.527    92.8380 1.2366e-01     5.7456      9.090     13.184    10.8287 0.0000e+00
      9.258      0.009     0.5058      5.072     55.144  39.507118     0.2726      6.525    93.0636 1.2360e-01     5.8072      9.082     13.172    10.8280 0.0000e+00
      9.252      0.002     0.5161      5.170     54.475  39.025826     0.2642      6.525    93.0636 1.2362e-01     5.8507      9.067     13.151    10.8263 0.0000e+00
      9.252     -0.023     0.5297      5.222     53.476  38.307715     0.2657      6.526    93.0099 1.2370e-01     5.8271      9.072     13.158    10.8236 0.0000e+00
      9.256     -0.050     0.5461      5.239     52.506  37.610650     0.2736      6.526    93.5321 1.2372e-01     5.8289      9.082     13.172    10.8208 0.0000e+00
      9.250     -0.068     0.5638      5.238     52.283  37.447084     0.2764      6.525    94.3873 1.2372e-01     5.8376      9.077     13.165    10.8190 0.0000e+00
      9.226     -0.074     0.5743      5.236     53.118  38.042386     0.2754      6.525    94.5746 1.2376e-01     5.8299      9.055     13.133    10.8175 0.0000e+00
      9.184     -0.070     0.5792      5.233     54.154  38.783418     0.2698      6.527    94.3339 1.2372e-01     5.8049      9.009     13.067    10.8156 0.0000e+00
      9.140     -0.061     0.5812      5.235     54.084  38.732862     0.2663      6.529    94.2304 1.2365e-01     5.8080      8.949     12.981    10.8130 0.0000e+00
      9.125     -0.045     0.5794      5.242     53.506  38.319053     0.2743      6.530    94.6136 1.2368e-01     5.8330      8.934     12.958    10.8091 0.0000e+00
      9.140     -0.024     0.5804      5.262     53.723  38.473332     0.2837      6.530    95.3531 1.2373e-01     5.8340      8.967     13.004    10.8060 0.0000e+00
      9.154     -0.003     0.5791      5.302     54.212  38.822455     0.2722      6.529    95.6861 1.2374e-01     5.8209      8.986     13.034    10.8057 0.0000e+00
      9.152      0.009     0.5795      5.332     54.180  38.798376     0.2511      6.527    95.5423 1.2373e-01     5.7774      8.976     13.019    10.8060 0.0000e+00
      9.146      0.008     0.5806      5.330     54.029  38.689579     0.2536      6.527    95.1637 1.2369e-01     5.7511      8.963     13.001    10.8053 0.0000e+00
      9.148      0.002     0.5807      5.307     54.062  38.712026     0.2686      6.528    94.8936 1.2369e-01     5.7770      8.970     13.010    10.8044 0.0000e+00
      9.152     -0.000     0.5883      5.281     53.854  38.562404     0.2751      6.528    95.2017 1.2371e-01     5.8161      8.979     13.023    10.8036 0.0000e+00
      9.152      0.001     0.5921      5.269     53.456  38.275800     0.2731      6.528    95.8777 1.2368e-01     5.8822      8.975     13.017    10.8026 0.0000e+00
