Data/DataNotYetUploadedToEDI/Raw_CTD/RawDownloads/071122_bvr40_S7809001.cnv
* Sea-Bird SBE19plus  Data File:
* FileName = C:\R\Reservoirs\Data\DataNotYetUploadedToEDI\Raw_CTD\RawDownloads\071122_bvr40_0001.hex
* Software version 2.8.0.119
* Temperature SN = 7809
* Conductivity SN = 7809
* System UpLoad Time = Jul 14 2022 16:05:20
* <ApplicationData>
* <Seaterm232>
# nquan = 15
# nvalues = 703                         
# units = specified
# name 0 = depFM: Depth [fresh water, m]
# name 1 = dz/dtM: Descent Rate [m/s]
# name 2 = sbeox0Mg/L: Oxygen, SBE 43 [mg/l]
# name 3 = sbeox0PS: Oxygen, SBE 43 [% saturation]
# name 4 = specc: Specific Conductance [uS/cm]
# name 5 = c0uS/cm: Conductivity [uS/cm]
# name 6 = flECO-AFL: Fluorescence, WET Labs ECO-AFL/FL [mg/m^3]
# name 7 = ph: pH
# name 8 = orp: Oxidation Reduction Potential [mV]
# name 9 = par/sat/log: PAR/Logarithmic, Satlantic
# name 10 = turbWETntu0: Turbidity, WET Labs ECO [NTU]
# name 11 = prdM: Pressure, Strain Gauge [db]
# name 12 = prdE: Pressure, Strain Gauge [psi]
# name 13 = tv290C: Temperature [ITS-90, deg C]
# name 14 = flag:  0.000e+00
# span 0 =     -0.740,      2.145       
# span 1 =     -0.287,      0.203       
# span 2 =     0.0275,     7.2976       
# span 3 =      0.305,     88.307       
# span 4 =      0.725,    235.041       
# span 5 =   0.740794, 207.535385       
# span 6 =    -1.6297,   227.5524       
# span 7 =      6.033,      7.428       
# span 8 =  -163.9376,  1240.2295       
# span 9 = 1.0649e+01, 2.2782e+03       
# span 10 =    -7.9924,    37.4208      
# span 11 =     -0.726,      2.105      
# span 12 =     -1.053,      3.053      
# span 13 =    18.4505,    26.0712      
# span 14 = 0.0000e+00, 0.0000e+00      
# interval = seconds: 0.25
# start_time = Jul 11 2022 07:50:16 [Instrument's time stamp, header]
# bad_flag = -9.990e-29
*END*
[from data line 386]
      1.540      0.022     3.0965     32.548     33.175  31.489315     3.3202      7.221   216.8805 4.1484e+01    12.8842      1.510      2.189    22.6608 0.0000e+00
      1.546      0.022     3.0134     31.777     33.108  31.422814     3.3195      7.218   216.8884 4.0927e+01    12.9775      1.516      2.198    22.5896 0.0000e+00
      1.552      0.023     2.9451     30.829     33.131  31.447912     3.3208      7.216   217.0425 4.0350e+01    13.0256      1.522      2.208    22.5117 0.0000e+00
      1.558      0.023     2.8840     29.593     33.237  31.539187     3.3106      7.214   217.2818 3.9756e+01    12.9546      1.528      2.216    22.4686 0.0000e+00
      1.565      0.022     2.8205     28.127     33.375  31.638845     3.2885      7.211   217.6300 3.9236e+01    12.8360      1.535      2.226    22.4485 0.0000e+00
      1.571      0.020     2.7598     26.484     33.476  31.701852     3.2613      7.208   217.8976 3.8805e+01    12.7525      1.540      2.234    22.4424 0.0000e+00
      1.576      0.018     2.6827     24.695     33.527  31.730372     3.2403      7.207   217.9366 3.8386e+01    12.7306      1.545      2.241    22.4633 0.0000e+00
      1.580      0.016     2.5703     22.899     33.536  31.730066     3.2423      7.206   217.9292 3.8021e+01    12.7425      1.550      2.248    22.4574 0.0000e+00
      1.583      0.014     2.4454     21.299     33.500  31.698136     3.2855      7.204   217.8945 3.7724e+01    12.7600      1.553      2.252    22.3935 0.0000e+00
      1.586      0.013     2.3062     20.037     33.444  31.661291     3.3550      7.202   217.9466 3.7406e+01    12.7711      1.555      2.255    22.3346 0.0000e+00
      1.589      0.012     2.1467     19.076     33.354  31.601597     3.3910      7.201   218.1299 3.7046e+01    12.7402      1.557      2.258    22.3100 0.0000e+00
      1.592      0.012     1.9844     18.206     33.269  31.547001     3.3875      7.200   218.2175 3.6706e+01    12.7282      1.561      2.264    22.2966 0.0000e+00
      1.595      0.013     1.8400     17.259     33.277  31.571781     3.3880      7.199   218.2314 3.6446e+01    12.7622      1.565      2.270    22.2961 0.0000e+00
      1.597      0.015     1.7301     16.268     33.352  31.647646     3.3891      7.197   218.2119 3.6194e+01    12.7757      1.567      2.272    22.3214 0.0000e+00
      1.601      0.017     1.6536     15.336     33.420  31.703526     3.3761      7.196   218.1531 3.5787e+01    12.7547      1.569      2.276    22.3694 0.0000e+00
      1.606      0.018     1.5837     14.504     33.483  31.740220     3.3645      7.195   218.2089 3.5245e+01    12.7128      1.574      2.283    22.4121 0.0000e+00
      1.612      0.019     1.4980     13.827     33.549  31.774282     3.3484      7.194   218.3709 3.4742e+01    12.7139      1.581      2.293    22.4376 0.0000e+00
      1.617      0.022     1.4070     13.412     33.596  31.798334     3.3223      7.194   218.4767 3.4353e+01    12.7676      1.587      2.302    22.4477 0.0000e+00
      1.621      0.025     1.3272     13.363     33.654  31.840809     3.2985      7.193   218.6274 3.4036e+01    12.7477      1.591      2.307    22.4360 0.0000e+00
      1.626      0.027     1.2542     13.633     33.743  31.907431     3.2776      7.192   218.8170 3.3621e+01    12.6772      1.594      2.312    22.3961 0.0000e+00
      1.633      0.028     1.1932     13.966     33.847  31.969851     3.2694      7.192   218.7899 3.2980e+01    12.6669      1.601      2.323    22.3424 0.0000e+00
      1.643      0.029     1.1537     14.118     33.959  32.024881     3.2748      7.192   218.6434 3.2328e+01    12.6224      1.612      2.338    22.3122 0.0000e+00
      1.652      0.030     1.1492     14.013     34.062  32.065531     3.2840      7.192   218.5092 3.1848e+01    12.5154      1.621      2.353    22.3045 0.0000e+00
      1.660      0.030     1.1841     13.679     34.132  32.080874     3.2890      7.192   218.2854 3.1480e+01    12.4667      1.629      2.363    22.2845 0.0000e+00
      1.667      0.029     1.2225     13.131     34.177  32.083522     3.3101      7.192   218.0893 3.1153e+01    12.4778      1.635      2.371    22.2317 0.0000e+00
      1.673      0.028     1.2392     12.343     34.226  32.097484     3.3647      7.190   218.0308 3.0768e+01    12.5126      1.641      2.380    22.1499 0.0000e+00
      1.681      0.027     1.2302     11.284     34.281  32.122848     3.4081      7.188   218.0937 3.0252e+01    12.5460      1.648      2.390    22.0607 0.0000e+00
      1.689      0.025     1.2020      9.961     34.317  32.136569     3.4188      7.186   218.2480 2.9737e+01    12.5064      1.657      2.403    21.9846 0.0000e+00
      1.696      0.024     1.1574      8.511     34.332  32.136562     3.4114      7.185   218.3465 2.9365e+01    12.4434      1.665      2.415    21.9270 0.0000e+00
      1.701      0.022     1.0892      7.143     34.328  32.122741     3.4514      7.183   218.4252 2.9105e+01    12.3989      1.669      2.421    21.8824 0.0000e+00
      1.705      0.021     0.9990      5.959     34.312  32.096251     3.5529      7.181   218.6836 2.8797e+01    12.3439      1.672      2.424    21.8453 0.0000e+00
      1.710      0.020     0.8788      4.966     34.293  32.069845     3.6149      7.178   218.9749 2.8367e+01    12.3249      1.676      2.431    21.8153 0.0000e+00
      1.715      0.019     0.7429      4.135     34.282  32.057059     3.6183      7.174   219.0219 2.7932e+01    12.3067      1.682      2.440    21.7958 0.0000e+00
      1.721      0.018     0.6209      3.435     34.297  32.068452     3.5686      7.169   218.9947 2.7570e+01    12.2601      1.687      2.447    21.7848 0.0000e+00
      1.726      0.016     0.5173      2.876     34.322  32.080790     3.4800      7.166   219.0752 2.7286e+01    12.2396      1.693      2.456    21.7660 0.0000e+00
      1.730      0.015     0.4313      2.482     34.329  32.079430     3.4376      7.164   219.1358 2.7103e+01    12.2641      1.698      2.463    21.7476 0.0000e+00
      1.733      0.013     0.3597      2.231     34.296  32.051980     3.4472      7.162   219.1249 2.7010e+01    12.2825      1.701      2.466    21.7507 0.0000e+00
      1.735      0.012     0.2979      2.077     34.236  32.002504     3.4881      7.160   219.0293 2.6898e+01    12.2576      1.702      2.468    21.7516 0.0000e+00
      1.737      0.012     0.2467      1.990     34.224  31.988429     3.5576      7.158   218.8407 2.6699e+01    12.2362      1.703      2.469    21.7288 0.0000e+00
      1.740      0.013     0.2139      1.965     34.258  32.008589     3.5971      7.157   218.6516 2.6462e+01    12.2284      1.706      2.475    21.7093 0.0000e+00
      1.744      0.015     0.1930      2.005     34.260  31.992645     3.5991      7.156   218.6353 2.6199e+01    12.2318      1.710      2.480    21.7216 0.0000e+00
      1.748      0.018     0.1807      2.102     34.215  31.922434     3.5813      7.155   218.8153 2.5934e+01    12.1408      1.714      2.486    21.7406 0.0000e+00
      1.752      0.020     0.1729      2.222     34.197  31.857021     3.5400      7.154   218.8488 2.5649e+01    11.9129      1.719      2.491    21.7333 0.0000e+00
      1.757      0.020     0.1706      2.328     34.234  31.835663     3.5076      7.151   218.6963 2.5242e+01    11.7656      1.722      2.497    21.7138 0.0000e+00
      1.764      0.020     0.1745      2.413     34.295  31.854314     3.5138      7.147   218.6925 2.4790e+01    11.7607      1.729      2.508    21.6913 0.0000e+00
      1.771      0.019     0.1838      2.468     34.351  31.892278     3.6238      7.144   218.8035 2.4482e+01    11.5125      1.738      2.520    21.6586 0.0000e+00
      1.776      0.018     0.1969      2.483     34.374  31.914268     3.8058      7.142   218.9186 2.4312e+01    10.9844      1.742      2.527    21.5790 0.0000e+00
      1.779      0.016     0.2057      2.457     34.388  31.929995     3.8999      7.139   219.1388 2.4188e+01    10.6704      1.744      2.531    21.4776 0.0000e+00
      1.782      0.015     0.2142      2.365     34.423  31.955641     3.9039      7.135   219.4010 2.4076e+01    10.5856      1.747      2.534    21.4258 0.0000e+00
      1.785      0.013     0.2199      2.210     34.462  31.970752     3.8877      7.133   219.9377 2.3926e+01    10.5739      1.749      2.537    21.4076 0.0000e+00
      1.788      0.013     0.2203      2.040     34.507  31.985870     3.7535      7.131   220.7236 2.3722e+01    10.8364      1.753      2.543    21.4148 0.0000e+00
      1.793      0.013     0.2195      1.880     34.553  32.011589     3.5051      7.129   220.9015 2.3541e+01    11.2998      1.759      2.550    21.4267 0.0000e+00
      1.797      0.013     0.2117      1.760     34.578  32.028104     3.3562      7.127   220.2825 2.3433e+01    11.4969      1.762      2.555    21.4205 0.0000e+00
      1.799      0.013     0.1952      1.687     34.613  32.058736     3.3346      7.127   219.5191 2.3370e+01    11.4778      1.764      2.559    21.3835 0.0000e+00
      1.802      0.013     0.1808      1.630     34.689  32.128362     3.4269      7.128   219.1567 2.3312e+01    11.5466      1.767      2.564    21.3344 0.0000e+00
      1.804      0.014     0.1650      1.590     34.822  32.235955     3.6150      7.130   219.0840 2.3231e+01    11.6108      1.769      2.566    21.3143 0.0000e+00
      1.807      0.015     0.1539      1.588     35.051  32.408612     3.7196      7.132   219.0709 2.3096e+01    11.5712      1.772      2.570    21.3034 0.0000e+00
      1.812      0.018     0.1496      1.607     35.299  32.567481     3.7266      7.134   219.0846 2.2893e+01    11.4775      1.777      2.578    21.3040 0.0000e+00
      1.817      0.020     0.1441      1.632     35.399  32.571705     3.6828      7.134   218.9916 2.2637e+01    11.3324      1.782      2.585    21.3129 0.0000e+00
      1.823      0.022     0.1393      1.662     35.342  32.459569     3.5978      7.133   218.9785 2.2337e+01    11.1825      1.788      2.593    21.2933 0.0000e+00
      1.829      0.024     0.1402      1.682     35.308  32.416187     3.5571      7.129   219.0987 2.1985e+01    11.1350      1.794      2.601    21.2415 0.0000e+00
      1.835      0.025     0.1432      1.677     35.381  32.490961     3.5722      7.125   219.1537 2.1619e+01    11.0645      1.800      2.610    21.1419 0.0000e+00
      1.842      0.025     0.1448      1.642     35.431  32.539463     3.7311      7.121   219.1278 2.1282e+01    10.5704      1.807      2.621    20.9835 0.0000e+00
      1.849      0.026     0.1488      1.576     35.453  32.558823     4.0212      7.118   219.0437 2.0956e+01     9.7379      1.813      2.630    20.8836 0.0000e+00
      1.855      0.026     0.1514      1.483     35.638  32.725038     4.1842      7.116   218.9112 2.0641e+01     9.2656      1.819      2.639    20.8931 0.0000e+00
      1.861      0.026     0.1505      1.378     36.069  33.090922     4.2195      7.114   218.9022 2.0313e+01     9.1972      1.824      2.647    20.9191 0.0000e+00
      1.868      0.026     0.1476      1.287     36.590  33.495517     4.3574      7.113   219.0202 1.9938e+01     9.0135      1.831      2.656    20.9172 0.0000e+00
      1.876      0.026     0.1416      1.228     37.042  33.812667     4.6027      7.112   219.0480 1.9618e+01     8.6844      1.840      2.668    20.9079 0.0000e+00
      1.883      0.025     0.1328      1.194     37.287  33.945410     4.7468      7.110   218.9803 1.9362e+01     8.5308      1.847      2.678    20.9214 0.0000e+00
      1.889      0.024     0.1226      1.162     37.164  33.768860     4.7683      7.110   218.8043 1.9130e+01     8.5578      1.853      2.687    20.8964 0.0000e+00
      1.895      0.022     0.1141      1.133     36.841  33.453269     4.7548      7.109   218.5537 1.8970e+01     8.5662      1.859      2.696    20.7780 0.0000e+00
      1.900      0.020     0.1092      1.118     36.651  33.299824     4.6826      7.109   218.2741 1.8831e+01     8.6671      1.863      2.702    20.6328 0.0000e+00
      1.905      0.020     0.1078      1.093     36.695  33.371901     4.5777      7.108   218.0050 1.8681e+01     8.9572      1.868      2.709    20.5040 0.0000e+00
      1.909      0.020     0.1049      1.043     36.887  33.563942     4.5362      7.108   217.8806 1.8540e+01     9.1707      1.873      2.716    20.4039 0.0000e+00
      1.914      0.021     0.1013      0.991     37.066  33.719686     4.5467      7.108   217.8032 1.8364e+01     9.1988      1.877      2.722    20.3746 0.0000e+00
      1.919      0.021     0.1011      0.951     37.175  33.796666     4.5463      7.108   217.6712 1.8129e+01     9.2626      1.882      2.729    20.4174 0.0000e+00
      1.925      0.021     0.0997      0.904     37.345  33.924027     4.5394      7.108   217.4892 1.7884e+01     9.4643      1.888      2.739    20.4757 0.0000e+00
      1.932      0.021     0.0940      0.866     37.593  34.118267     4.5300      7.108   217.2373 1.7690e+01     9.6556      1.896      2.749    20.5043 0.0000e+00
      1.937      0.020     0.0879      0.854     37.848  34.306396     4.5321      7.107   217.0344 1.7538e+01     9.7312      1.901      2.756    20.4885 0.0000e+00
      1.942      0.018     0.0869      0.848     38.110  34.486645     4.5990      7.107   217.0145 1.7388e+01     9.5928      1.904      2.760    20.4514 0.0000e+00
      1.947      0.017     0.0811      0.850     38.437  34.712390     4.7058      7.106   217.1691 1.7253e+01     9.3139      1.909      2.768    20.4177 0.0000e+00
      1.950      0.016     0.0765      0.872     38.783  34.943307     4.7574      7.103   217.2701 1.7159e+01     9.1944      1.913      2.775    20.3791 0.0000e+00
      1.953      0.015     0.0775      0.888     38.932  34.995827     4.7579      7.100   217.1165 1.7035e+01     9.2077      1.915      2.777    20.3256 0.0000e+00
      1.958      0.013     0.0765      0.872     38.875  34.903447     4.7692      7.097   216.8608 1.6836e+01     9.1676      1.919      2.784    20.2454 0.0000e+00
      1.963      0.010     0.0760      0.843     38.780  34.840825     4.8025      7.096   216.6731 1.6710e+01     9.0503      1.926      2.793    20.1553 0.0000e+00
      1.965      0.008     0.0793      0.830     38.752  34.872799     4.8195      7.096   216.4812 1.6712e+01     8.9510      1.928      2.796    20.0503 0.0000e+00
      1.965      0.007     0.0828      0.818     38.884  35.036487     4.8085      7.096   216.3484 1.6741e+01     8.9241      1.927      2.795    19.9212 0.0000e+00
      1.965      0.007     0.0797      0.788     39.169  35.298209     4.7692      7.096   216.3573 1.6752e+01     8.8618      1.927      2.795    19.8500 0.0000e+00
      1.966      0.008     0.0759      0.766     39.510  35.564297     4.7020      7.094   216.3305 1.6717e+01     8.7773      1.927      2.794    19.8999 0.0000e+00
      1.968      0.009     0.0751      0.762     39.832  35.780674     4.6537      7.090   216.1967 1.6598e+01     8.7569      1.929      2.797    20.0001 0.0000e+00
      1.971      0.010     0.0758      0.762     40.105  35.948569     4.6353      7.088   215.9443 1.6418e+01     8.7178      1.932      2.803    20.0655 0.0000e+00
      1.976      0.011     0.0710      0.763     40.382  36.135728     4.6294      7.089   215.5158 1.6275e+01     8.6467      1.938      2.811    20.0761 0.0000e+00
      1.980      0.012     0.0687      0.754     40.796  36.458200     4.6405      7.089   214.3709 1.6244e+01     8.6488      1.942      2.817    20.0201 0.0000e+00
      1.981      0.012     0.0698      0.737     41.301  36.867051     4.6605      7.086   211.8245 1.6251e+01     8.7429      1.943      2.818    19.9092 0.0000e+00
      1.982      0.012     0.0692      0.727     41.663  37.147380     4.6637      7.084   208.7324 1.6184e+01     8.8282      1.944      2.820    19.8033 0.0000e+00
