Data/DataNotYetUploadedToEDI/Raw_CTD/RawDownloads/071221_bvr50.cnv
* Sea-Bird SBE19plus  Data File:
* FileName = C:\R\Reservoirs\Data\DataNotYetUploadedToEDI\Raw_CTD\RawDownloads\071221_fcr50_0002.hex
* Software version 2.8.0.119
* Temperature SN = 7809
* Conductivity SN = 7809
* System UpLoad Time = Jul 12 2021 19:05:36
* <ApplicationData>
* <Seaterm232>
# nquan = 16
# nvalues = 884                         
# units = specified
# name 0 = depFM: Depth [fresh water, m]
# name 1 = dz/dtM: Descent Rate [m/s]
# name 2 = orp: Oxidation Reduction Potential [mV]
# name 3 = sbeox0Mg/L: Oxygen, SBE 43 [mg/l]
# name 4 = sbeox0PS: Oxygen, SBE 43 [% saturation]
# name 5 = par/sat/log: PAR/Logarithmic, Satlantic
# name 6 = ph: pH
# name 7 = specc: Specific Conductance [uS/cm]
# name 8 = c0uS/cm: Conductivity [uS/cm]
# name 9 = flECO-AFL: Fluorescence, WET Labs ECO-AFL/FL [mg/m^3]
# name 10 = turbWETntu0: Turbidity, WET Labs ECO [NTU]
# name 11 = tv290C: Temperature [ITS-90, deg C]
# name 12 = density00: Density [density, kg/m^3]
# name 13 = prdE: Pressure, Strain Gauge [psi]
# name 14 = prdM: Pressure, Strain Gauge [db]
# name 15 = flag:  0.000e+00
# span 0 =     -0.681,     10.278       
# span 1 =     -0.450,      0.156       
# span 2 = -1240.7455,   322.4021       
# span 3 =     0.5547,     9.2989       
# span 4 =      5.079,    118.076       
# span 5 = 1.2328e-01, 6.9687e+02       
# span 6 =     15.187,     15.866       
# span 7 =      0.700,    117.342       
# span 8 =   0.801512,  79.562217       
# span 9 =    -0.9356,    27.4289       
# span 10 =    -0.4345,     6.9447      
# span 11 =     8.8888,    32.2912      
# span 12 =   994.9422,   999.8828      
# span 13 =     -0.970,     14.620      
# span 14 =     -0.669,     10.080      
# span 15 = 0.0000e+00, 0.0000e+00      
# interval = seconds: 0.25
# start_time = Jul 12 2021 02:13:05 [Instrument's time stamp, header]
# bad_flag = -9.990e-29
*END*
[from data line 181]
      0.361      0.015 -1203.3990     8.8859    111.041 1.7009e+02     15.360     27.537  28.837099     1.2376     1.1201    27.3576   996.4336      0.513      0.353 0.0000e+00
      0.365      0.015 -1203.3458     8.8760    110.947 1.5733e+02     15.360     27.524  28.819259     1.2175     1.1156    27.3650   996.4315      0.518      0.357 0.0000e+00
      0.370      0.017 -1203.3218     8.8566    111.160 1.4539e+02     15.360     27.514  28.807173     1.2401     1.1576    27.3651   996.4316      0.528      0.364 0.0000e+00
      0.373      0.020 -1203.3678     8.8190    111.590 1.3514e+02     15.360     27.526  28.817830     1.3112     1.1475    27.3635   996.4320      0.531      0.366 0.0000e+00
      0.376      0.025 -1203.3856     8.7808    112.105 1.2635e+02     15.360     27.532  28.821249     1.3524     1.0624    27.3546   996.4344      0.532      0.367 0.0000e+00
      0.384      0.032 -1203.2783     8.7764    112.488 1.1947e+02     15.361     27.502  28.785065     1.3569     1.0562    27.3440   996.4374      0.543      0.374 0.0000e+00
      0.394      0.045 -1202.9311     8.7974    112.606 1.1432e+02     15.361     27.484  28.760935     1.3652     1.2094    27.3422   996.4380      0.560      0.387 0.0000e+00
      0.403      0.062 -1202.4571     8.8321    112.478 1.1082e+02     15.361     27.511  28.783228     1.3772     1.4038    27.3431   996.4378      0.573      0.396 0.0000e+00
      0.414      0.078 -1202.1069     8.8834    112.152 1.0893e+02     15.361     27.534  28.800848     1.3672     1.4497    27.3350   996.4400      0.583      0.402 0.0000e+00
      0.435      0.088 -1201.8799     8.9189    111.762 1.0738e+02     15.361     27.524  28.783668     1.3398     1.3872    27.3274   996.4423      0.609      0.419 0.0000e+00
      0.470      0.091 -1201.6921     8.9267    111.454 1.0639e+02     15.362     27.516  28.765801     1.3418     1.3687    27.3183   996.4449      0.669      0.460 0.0000e+00
      0.507      0.087 -1201.5562     8.9196    111.232 1.0574e+02     15.362     27.533  28.775110     1.3910     1.3291    27.3042   996.4490      0.730      0.503 0.0000e+00
      0.533      0.076 -1201.3561     8.8910    111.137 1.0501e+02     15.362     27.531  28.769331     1.4393     1.2516    27.2952   996.4517      0.763      0.527 0.0000e+00
      0.547      0.059 -1201.1660     8.8546    111.253 1.0486e+02     15.362     27.521  28.759358     1.4494     1.2213    27.2841   996.4547      0.781      0.539 0.0000e+00
      0.554      0.039 -1201.1510     8.8368    111.479 1.0571e+02     15.363     27.541  28.781393     1.4363     1.1693    27.2634   996.4606      0.788      0.544 0.0000e+00
      0.559      0.023 -1201.0879     8.8217    111.695 1.0741e+02     15.363     27.541  28.782030     1.4139     1.1028    27.2440   996.4660      0.795      0.548 0.0000e+00
      0.562      0.014 -1201.0053     8.8078    111.797 1.0935e+02     15.363     27.525  28.767055     1.3894     1.1039    27.2385   996.4675      0.802      0.553 0.0000e+00
      0.562      0.012 -1201.0989     8.8234    111.670 1.1150e+02     15.363     27.545  28.790635     1.3777     1.1139    27.2421   996.4665      0.800      0.552 0.0000e+00
      0.561      0.015 -1201.1874     8.8441    111.420 1.1418e+02     15.363     27.562  28.813400     1.3680     1.1206    27.2452   996.4656      0.796      0.549 0.0000e+00
      0.564      0.023 -1201.1285     8.8611    111.265 1.1740e+02     15.362     27.533  28.788580     1.3684     1.1505    27.2461   996.4654      0.799      0.551 0.0000e+00
      0.571      0.036 -1200.9886     8.8778    111.319 1.2025e+02     15.362     27.489  28.744281     1.4006     1.1668    27.2468   996.4653      0.814      0.561 0.0000e+00
      0.580      0.051 -1200.7874     8.8610    111.567 1.2182e+02     15.362     27.471  28.721829     1.4232     1.1463    27.2520   996.4639      0.824      0.568 0.0000e+00
      0.593      0.065 -1200.5026     8.8312    111.845 1.2172e+02     15.362     27.465  28.707415     1.4228     1.1426    27.2647   996.4604      0.835      0.576 0.0000e+00
      0.614      0.074 -1200.1258     8.8157    112.025 1.2077e+02     15.362     27.465  28.696850     1.4432     1.2587    27.2760   996.4574      0.871      0.601 0.0000e+00
      0.642      0.076 -1199.6729     8.8172    112.073 1.1980e+02     15.362     27.498  28.720950     1.4787     1.4180    27.2801   996.4563      0.913      0.629 0.0000e+00
      0.668      0.073 -1199.2434     8.8459    111.977 1.1860e+02     15.363     27.528  28.745055     1.5000     1.4555    27.2735   996.4582      0.952      0.656 0.0000e+00
      0.689      0.065 -1198.8899     8.8741    111.777 1.1802e+02     15.364     27.522  28.734553     1.5004     1.4023    27.2548   996.4636      0.985      0.679 0.0000e+00
      0.702      0.055 -1198.5823     8.8910    111.571 1.1850e+02     15.364     27.511  28.720827     1.5029     1.3584    27.2355   996.4689      1.003      0.691 0.0000e+00
      0.708      0.046 -1198.4495     8.8996    111.481 1.1972e+02     15.364     27.501  28.705957     1.5399     1.3708    27.2159   996.4744      1.006      0.694 0.0000e+00
      0.714      0.041 -1198.5753     8.8927    111.549 1.2126e+02     15.364     27.485  28.681626     1.5852     1.3803    27.1998   996.4789      1.013      0.698 0.0000e+00
      0.724      0.041 -1198.6406     8.8752    111.639 1.2263e+02     15.364     27.492  28.680360     1.6120     1.3708    27.1959   996.4801      1.029      0.709 0.0000e+00
      0.734      0.045 -1198.5502     8.8550    111.599 1.2404e+02     15.364     27.507  28.690635     1.6252     1.3928    27.1932   996.4808      1.045      0.720 0.0000e+00
      0.745      0.049 -1198.5148     8.8464    111.466 1.2503e+02     15.364     27.497  28.678987     1.6489     1.3379    27.1859   996.4829      1.059      0.730 0.0000e+00
      0.760      0.049 -1198.3846     8.8595    111.346 1.2517e+02     15.364     27.487  28.666395     1.6893     1.2221    27.1697   996.4874      1.078      0.743 0.0000e+00
      0.778      0.047 -1198.0947     8.8770    111.281 1.2530e+02     15.364     27.490  28.665249     1.7035     1.1599    27.1498   996.4930      1.107      0.764 0.0000e+00
      0.792      0.044 -1197.8491     8.8715    111.275 1.2542e+02     15.364     27.494  28.665126     1.6969     1.1351    27.1424   996.4952      1.132      0.781 0.0000e+00
      0.801      0.040 -1197.5653     8.8572    111.336 1.2559e+02     15.364     27.496  28.664897     1.7051     1.1286    27.1426   996.4951      1.139      0.786 0.0000e+00
      0.807      0.036 -1197.1588     8.8477    111.485 1.2652e+02     15.365     27.496  28.662474     1.7163     1.1493    27.1395   996.4960      1.148      0.792 0.0000e+00
      0.814      0.035 -1196.8921     8.8436    111.659 1.2702e+02     15.366     27.479  28.635835     1.7083     1.1796    27.1305   996.4985      1.158      0.798 0.0000e+00
      0.822      0.037 -1196.6635     8.8453    111.711 1.2664e+02     15.366     27.455  28.596530     1.6949     1.1864    27.1219   996.5009      1.168      0.805 0.0000e+00
      0.831      0.039 -1196.2873     8.8481    111.517 1.2631e+02     15.367     27.445  28.567813     1.7064     1.2310    27.1194   996.5016      1.182      0.815 0.0000e+00
      0.841      0.041 -1196.0437     8.8626    111.130 1.2567e+02     15.368     27.435  28.542326     1.7425     1.3413    27.1177   996.5021      1.194      0.823 0.0000e+00
      0.856      0.043 -1195.9555     8.8830    110.755 1.2518e+02     15.369     27.444  28.542080     1.7685     1.4212    27.1052   996.5056      1.217      0.839 0.0000e+00
      0.869      0.043 -1195.8227     8.8966    110.483 1.2530e+02     15.370     27.474  28.564822     1.7831     1.4075    27.0733   996.5145      1.241      0.855 0.0000e+00
      0.878      0.045 -1195.6426     8.8870    110.319 1.2480e+02     15.370     27.482  28.563553     1.8529     1.2793    27.0349   996.5251      1.249      0.861 0.0000e+00
      0.887      0.049 -1195.4129     8.8507    110.285 1.2380e+02     15.371     27.458  28.526723     1.9631     1.1411    27.0064   996.5330      1.260      0.869 0.0000e+00
      0.897      0.055 -1195.1101     8.8218    110.310 1.2311e+02     15.373     27.448  28.500095     2.0187     1.1094    26.9930   996.5368      1.275      0.880 0.0000e+00
      0.910      0.064 -1194.8211     8.8039    110.337 1.2337e+02     15.374     27.461  28.495299     2.0391     1.1019    26.9826   996.5396      1.291      0.891 0.0000e+00
      0.927      0.074 -1194.5852     8.7897    110.403 1.2404e+02     15.374     27.454  28.468704     2.0562     1.0849    26.9624   996.5452      1.318      0.909 0.0000e+00
      0.950      0.081 -1194.4093     8.7949    110.539 1.2329e+02     15.374     27.438  28.432236     2.1110     1.1097    26.9419   996.5510      1.349      0.930 0.0000e+00
      0.976      0.086 -1194.2426     8.8034    110.635 1.2158e+02     15.375     27.460  28.434939     2.2250     1.1608    26.9137   996.5588      1.388      0.956 0.0000e+00
      1.003      0.089 -1194.0331     8.8092    110.489 1.2039e+02     15.376     27.482  28.437922     2.3000     1.1884    26.8756   996.5694      1.431      0.985 0.0000e+00
      1.025      0.089 -1193.8545     8.8186    110.113 1.1950e+02     15.376     27.469  28.404841     2.3220     1.1697    26.8422   996.5787      1.459      1.006 0.0000e+00
      1.045      0.087 -1193.7176     8.8367    109.742 1.1849e+02     15.377     27.438  28.352099     2.3671     1.1397    26.8058   996.5886      1.485      1.025 0.0000e+00
      1.065      0.082 -1193.6693     8.8612    109.635 1.1743e+02     15.379     27.414  28.307645     2.4441     1.1351    26.7666   996.5994      1.514      1.044 0.0000e+00
      1.087      0.073 -1193.7005     8.8534    109.902 1.1633e+02     15.379     27.434  28.311356     2.4910     1.1481    26.7330   996.6088      1.545      1.065 0.0000e+00
      1.110      0.063 -1193.4920     8.8206    110.335 1.1517e+02     15.380     27.467  28.333508     2.5040     1.1605    26.6971   996.6186      1.581      1.091 0.0000e+00
      1.129      0.053 -1193.0421     8.7900    110.588 1.1408e+02     15.380     27.461  28.321741     2.4963     1.1469    26.6576   996.6294      1.609      1.110 0.0000e+00
      1.140      0.043 -1192.7342     8.7808    110.497 1.1361e+02     15.380     27.440  28.295936     2.4549     1.1209    26.6216   996.6393      1.626      1.121 0.0000e+00
      1.143      0.036 -1192.5223     8.8158    110.207 1.1376e+02     15.381     27.427  28.275230     2.4333     1.1211    26.5889   996.6482      1.628      1.122 0.0000e+00
      1.143      0.034 -1192.2872     8.8666    110.030 1.1361e+02     15.382     27.423  28.261679     2.4438     1.1491    26.5644   996.6547      1.622      1.118 0.0000e+00
      1.149      0.034 -1192.1282     8.8929    110.145 1.1277e+02     15.382     27.431  28.258930     2.3831     1.1504    26.5595   996.6561      1.631      1.124 0.0000e+00
      1.161      0.038 -1192.0627     8.8813    110.460 1.1161e+02     15.382     27.425  28.241984     2.2516     1.1025    26.5576   996.6568      1.649      1.138 0.0000e+00
      1.176      0.043 -1192.0976     8.8483    110.687 1.1061e+02     15.383     27.439  28.247059     2.1794     1.0850    26.5430   996.6607      1.673      1.154 0.0000e+00
      1.189      0.047 -1192.1203     8.8321    110.639 1.0982e+02     15.384     27.459  28.256854     2.1780     1.1108    26.5232   996.6661      1.694      1.167 0.0000e+00
      1.200      0.050 -1192.0786     8.8470    110.375 1.0917e+02     15.384     27.447  28.233528     2.2152     1.1734    26.5018   996.6720      1.708      1.177 0.0000e+00
      1.210      0.054 -1192.0240     8.8866    110.065 1.0841e+02     15.384     27.442  28.218742     2.2675     1.2584    26.4828   996.6771      1.721      1.186 0.0000e+00
      1.222      0.060 -1191.9760     8.9142    109.837 1.0734e+02     15.384     27.438  28.204931     2.2850     1.3144    26.4648   996.6821      1.739      1.199 0.0000e+00
      1.237      0.070 -1191.9288     8.9097    109.764 1.0616e+02     15.385     27.439  28.193381     2.2944     1.3703    26.4462   996.6871      1.758      1.212 0.0000e+00
      1.254      0.080 -1191.7976     8.8865    109.902 1.0467e+02     15.386     27.469  28.205945     2.3612     1.4198    26.4264   996.6925      1.780      1.227 0.0000e+00
      1.278      0.087 -1191.4221     8.8597    110.181 1.0282e+02     15.387     27.513  28.229938     2.4629     1.3974    26.4082   996.6976      1.816      1.251 0.0000e+00
      1.305      0.089 -1190.7438     8.8441    110.512 1.0085e+02     15.388     27.531  28.229713     2.5133     1.3401    26.3946   996.7014      1.855      1.279 0.0000e+00
      1.335      0.085 -1190.0499     8.8366    110.864 9.8960e+01     15.389     27.519  28.203198     2.5130     1.3440    26.3716   996.7076      1.899      1.310 0.0000e+00
      1.360      0.076 -1189.5711     8.8577    111.147 9.7588e+01     15.389     27.489  28.163062     2.5169     1.3757    26.3359   996.7174      1.941      1.338 0.0000e+00
      1.378      0.066 -1189.3424     8.8905    111.285 9.6777e+01     15.390     27.459  28.125014     2.5514     1.3465    26.2962   996.7282      1.964      1.354 0.0000e+00
      1.388      0.057 -1190.1245     8.9208    111.276 9.6101e+01     15.390     27.468  28.123739     2.5959     1.3000    26.2588   996.7383      1.976      1.361 0.0000e+00
      1.396      0.053 -1193.0045     8.9588    111.174 9.5310e+01     15.390     27.503  28.147634     2.6167     1.2947    26.2331   996.7451      1.985      1.368 0.0000e+00
      1.405      0.055 -1197.5777     8.9850    110.999 9.4175e+01     15.390     27.528  28.160188     2.6212     1.3502    26.2205   996.7485      1.997      1.377 0.0000e+00
      1.418      0.060 -1202.1405     8.9990    110.719 9.2676e+01     15.390     27.530  28.148637     2.6311     1.4213    26.2073   996.7522      2.012      1.388 0.0000e+00
      1.436      0.067 -1205.3253     8.9984    110.389 9.0976e+01     15.390     27.530  28.134818     2.6417     1.3998    26.1897   996.7569      2.039      1.406 0.0000e+00
      1.458      0.072 -1206.9183     8.9930    110.215 8.9138e+01     15.391     27.527  28.119952     2.6345     1.3304    26.1673   996.7630      2.074      1.430 0.0000e+00
      1.481      0.072 -1207.5487     8.9855    110.371 8.7322e+01     15.393     27.512  28.095736     2.6302     1.3379    26.1400   996.7705      2.108      1.454 0.0000e+00
      1.501      0.069 -1207.8708     8.9660    110.761 8.5799e+01     15.393     27.518  28.095726     2.6561     1.3879    26.1162   996.7769      2.137      1.473 0.0000e+00
      1.518      0.064 -1208.0599     8.9361    111.169 8.4804e+01     15.393     27.543  28.119830     2.6998     1.4195    26.0929   996.7832      2.161      1.490 0.0000e+00
      1.532      0.060 -1208.2005     8.9173    111.453 8.4171e+01     15.393     27.554  28.133451     2.7201     1.4452    26.0701   996.7893      2.182      1.504 0.0000e+00
      1.542      0.057 -1208.3665     8.9386    111.592 8.3476e+01     15.393     27.554  28.133555     2.7197     1.4236    26.0519   996.7941      2.191      1.511 0.0000e+00
      1.555      0.056 -1208.3464     8.9793    111.711 8.2418e+01     15.393     27.544  28.121087     2.8290     1.4671    26.0397   996.7974      2.207      1.522 0.0000e+00
      1.572      0.057 -1208.1284     9.0157    111.896 8.1248e+01     15.394     27.536  28.109554     3.0500     1.5936    26.0397   996.7976      2.235      1.541 0.0000e+00
      1.588      0.061 -1207.7961     9.0396    112.078 8.0310e+01     15.395     27.554  28.120975     3.1692     1.6142    26.0475   996.7956      2.261      1.559 0.0000e+00
      1.601      0.067 -1207.2533     9.0449    112.183 7.9349e+01     15.395     27.576  28.132301     3.1642     1.5792    26.0490   996.7951      2.278      1.571 0.0000e+00
