Data/DataNotYetUploadedToEDI/Raw_CTD/RawDownloads/071221_bvr50.cnv
* Sea-Bird SBE19plus  Data File:
* FileName = C:\R\Reservoirs\Data\DataNotYetUploadedToEDI\Raw_CTD\RawDownloads\071221_fcr50_0002.hex
* Software version 2.8.0.119
* Temperature SN = 7809
* Conductivity SN = 7809
* System UpLoad Time = Jul 12 2021 19:05:36
* <ApplicationData>
* <Seaterm232>
# nquan = 16
# nvalues = 884                         
# units = specified
# name 0 = depFM: Depth [fresh water, m]
# name 1 = dz/dtM: Descent Rate [m/s]
# name 2 = orp: Oxidation Reduction Potential [mV]
# name 3 = sbeox0Mg/L: Oxygen, SBE 43 [mg/l]
# name 4 = sbeox0PS: Oxygen, SBE 43 [% saturation]
# name 5 = par/sat/log: PAR/Logarithmic, Satlantic
# name 6 = ph: pH
# name 7 = specc: Specific Conductance [uS/cm]
# name 8 = c0uS/cm: Conductivity [uS/cm]
# name 9 = flECO-AFL: Fluorescence, WET Labs ECO-AFL/FL [mg/m^3]
# name 10 = turbWETntu0: Turbidity, WET Labs ECO [NTU]
# name 11 = tv290C: Temperature [ITS-90, deg C]
# name 12 = density00: Density [density, kg/m^3]
# name 13 = prdE: Pressure, Strain Gauge [psi]
# name 14 = prdM: Pressure, Strain Gauge [db]
# name 15 = flag:  0.000e+00
# span 0 =     -0.681,     10.278       
# span 1 =     -0.450,      0.156       
# span 2 = -1240.7455,   322.4021       
# span 3 =     0.5547,     9.2989       
# span 4 =      5.079,    118.076       
# span 5 = 1.2328e-01, 6.9687e+02       
# span 6 =     15.187,     15.866       
# span 7 =      0.700,    117.342       
# span 8 =   0.801512,  79.562217       
# span 9 =    -0.9356,    27.4289       
# span 10 =    -0.4345,     6.9447      
# span 11 =     8.8888,    32.2912      
# span 12 =   994.9422,   999.8828      
# span 13 =     -0.970,     14.620      
# span 14 =     -0.669,     10.080      
# span 15 = 0.0000e+00, 0.0000e+00      
# interval = seconds: 0.25
# start_time = Jul 12 2021 02:13:05 [Instrument's time stamp, header]
# bad_flag = -9.990e-29
*END*
[from data line 452]
      3.829      0.043   295.5461     5.9026     65.562 1.6111e+01     15.505     27.907  26.139707     9.5891     2.2202    21.9883   997.8069      5.448      3.756 0.0000e+00
      3.832      0.049   295.9438     5.9082     64.893 1.6130e+01     15.506     27.883  26.096950     9.6837     2.1343    21.9342   997.8191      5.447      3.756 0.0000e+00
      3.838      0.055   296.1447     5.8701     64.248 1.6002e+01     15.507     27.853  26.044993     9.7288     2.0854    21.9016   997.8264      5.453      3.760 0.0000e+00
      3.855      0.059   296.4272     5.8093     63.617 1.5723e+01     15.509     27.857  26.018887     9.6953     2.1103    21.8679   997.8342      5.476      3.776 0.0000e+00
      3.881      0.060   296.6922     5.7484     62.951 1.5368e+01     15.511     27.900  26.034962     9.3173     2.1606    21.8255   997.8437      5.518      3.805 0.0000e+00
      3.908      0.057   296.7670     5.6962     62.254 1.5109e+01     15.511     27.925  26.049041     8.6106     2.1783    21.7941   997.8510      5.565      3.837 0.0000e+00
      3.924      0.051   296.9002     5.6420     61.637 1.5078e+01     15.511     27.873  25.998820     8.2081     2.1533    21.7566   997.8594      5.591      3.855 0.0000e+00
      3.928      0.044   297.0988     5.5961     61.094 1.5163e+01     15.511     27.813  25.935152     8.1602     2.0633    21.6912   997.8741      5.589      3.853 0.0000e+00
      3.928      0.036   297.2758     5.5454     60.579 1.5130e+01     15.512     27.813  25.913501     8.1749     2.0175    21.6409   997.8854      5.582      3.848 0.0000e+00
      3.934      0.032   297.4907     5.4760     60.130 1.4939e+01     15.515     27.794  25.863857     8.3475     2.0462    21.6315   997.8876      5.592      3.855 0.0000e+00
      3.946      0.034   297.7182     5.4248     59.774 1.4765e+01     15.517     27.741  25.778852     8.6358     1.9979    21.6347   997.8869      5.614      3.871 0.0000e+00
      3.958      0.039   297.8760     5.3801     59.482 1.4646e+01     15.518     27.716  25.710198     8.7707     1.8800    21.6288   997.8883      5.632      3.883 0.0000e+00
      3.967      0.041   298.1085     5.3353     59.206 1.4498e+01     15.521     27.737  25.667967     8.7567     1.7883    21.5923   997.8964      5.643      3.891 0.0000e+00
      3.977      0.039   298.3780     5.3026     58.825 1.4317e+01     15.525     27.780  25.648707     8.6194     1.7820    21.5184   997.9128      5.653      3.898 0.0000e+00
      3.990      0.037   298.5521     5.2786     58.180 1.4139e+01     15.527     27.773  25.604093     8.3696     1.8376    21.4637   997.9250      5.675      3.913 0.0000e+00
      4.002      0.039   298.8378     5.2603     57.270 1.4040e+01     15.528     27.698  25.509041     8.2264     1.8427    21.3953   997.9402      5.699      3.928 0.0000e+00
      4.007      0.044   299.3371     5.2523     56.215 1.4032e+01     15.530     27.666  25.450792     8.1844     1.8100    21.2635   997.9692      5.701      3.930 0.0000e+00
      4.010      0.050   299.9427     5.2395     55.130 1.3928e+01     15.531     27.718  25.470600     8.0436     1.8541    21.1395   997.9963      5.697      3.928 0.0000e+00
      4.023      0.058   300.4820     5.1868     54.116 1.3635e+01     15.532     27.698  25.431369     7.8215     1.9297    21.0841   998.0085      5.715      3.941 0.0000e+00
      4.046      0.067   300.9535     5.1037     53.225 1.3340e+01     15.533     27.513  25.230125     7.7111     1.9344    21.0480   998.0164      5.755      3.968 0.0000e+00
      4.067      0.077   301.4273     5.0133     52.459 1.3135e+01     15.537     27.364  25.003498     7.6722     1.8763    20.9931   998.0284      5.787      3.990 0.0000e+00
      4.087      0.083   301.9092     4.9177     51.706 1.2916e+01     15.545     27.415  24.910957     7.3220     1.8457    20.9308   998.0420      5.810      4.006 0.0000e+00
      4.108      0.082   302.3062     4.8293     50.796 1.2647e+01     15.551     27.569  24.935535     6.7004     1.8729    20.9005   998.0486      5.842      4.028 0.0000e+00
      4.132      0.076   302.5268     4.7496     49.741 1.2376e+01     15.554     27.685  24.983397     6.3647     1.8624    20.8954   998.0497      5.877      4.052 0.0000e+00
      4.155      0.069   302.7713     4.6984     48.481 1.2159e+01     15.556     27.713  24.982193     6.3244     1.8213    20.7273   998.0858      5.912      4.076 0.0000e+00
      4.174      0.061   303.1113     4.6725     46.755 1.2029e+01     15.558     27.676  24.920948     6.2999     1.8218    20.4024   998.1549      5.939      4.096 0.0000e+00
      4.185      0.052   303.4539     4.6058     44.561 1.1941e+01     15.560     27.613  24.813661     6.2019     1.8341    20.1717   998.2032      5.952      4.105 0.0000e+00
      4.193      0.045   303.8158     4.5152     42.256 1.1859e+01     15.564     27.599  24.699701     6.0356     1.8322    20.1016   998.2179      5.964      4.112 0.0000e+00
      4.202      0.040   304.1314     4.4202     40.277 1.1777e+01     15.572     27.680  24.621126     5.9387     1.7993    20.0709   998.2243      5.976      4.121 0.0000e+00
      4.211      0.039   304.3442     4.2661     38.884 1.1664e+01     15.581     27.785  24.561057     5.8985     1.7451    20.0270   998.2334      5.988      4.128 0.0000e+00
      4.221      0.042   304.7544     4.0579     37.949 1.1537e+01     15.588     27.817  24.480597     5.6357     1.7615    19.9638   998.2465      6.004      4.140 0.0000e+00
      4.231      0.047   305.3044     3.8466     36.954 1.1404e+01     15.591     27.741  24.345789     5.1637     1.8605    19.7863   998.2829      6.017      4.149 0.0000e+00
      4.243      0.057   305.5747     3.6786     35.367 1.1256e+01     15.594     27.656  24.199463     4.9037     1.9111    19.4699   998.3470      6.033      4.159 0.0000e+00
      4.257      0.070   305.7852     3.5772     33.149 1.1120e+01     15.599     27.666  24.106569     4.8665     1.8591    19.1571   998.4093      6.055      4.175 0.0000e+00
      4.272      0.084   306.3873     3.5231     30.724 1.0938e+01     15.605     27.735  24.046958     4.8275     1.7465    18.9645   998.4472      6.073      4.187 0.0000e+00
      4.295      0.096   307.2621     3.4604     28.585 1.0665e+01     15.612     27.800  23.985925     4.7860     1.6483    18.8822   998.4633      6.104      4.209 0.0000e+00
      4.326      0.101   307.9311     3.3200     26.993 1.0366e+01     15.617     27.866  23.939261     4.7652     1.6328    18.7755   998.4840      6.152      4.242 0.0000e+00
      4.361      0.099   308.4530     3.1075     25.785 1.0086e+01     15.621     27.950  23.926566     4.7286     1.6276    18.5713   998.5234      6.203      4.276 0.0000e+00
      4.393      0.092   309.0979     2.8779     24.573 9.8688e+00     15.624     28.057  23.959159     4.4960     1.6205    18.3420   998.5672      6.254      4.312 0.0000e+00
      4.418      0.080   309.7051     2.6760     23.126 9.7534e+00     15.626     28.159  24.016163     4.0895     1.6500    18.1299   998.6070      6.289      4.336 0.0000e+00
      4.431      0.066   310.0311     2.5442     21.556 9.6975e+00     15.626     28.196  24.044963     3.8660     1.6409    17.9371   998.6428      6.304      4.346 0.0000e+00
      4.440      0.054   310.2865     2.4535     20.149 9.6355e+00     15.625     28.182  24.053696     3.8435     1.6128    17.7806   998.6715      6.314      4.353 0.0000e+00
      4.449      0.047   310.6414     2.3529     19.083 9.5500e+00     15.623     28.154  24.058359     3.7513     1.6195    17.6768   998.6905      6.327      4.362 0.0000e+00
      4.459      0.047   310.8806     2.2125     18.424 9.4702e+00     15.623     28.108  24.037968     3.5813     1.6191    17.6220   998.7005      6.343      4.373 0.0000e+00
      4.470      0.054   311.0275     2.0487     18.126 9.3887e+00     15.623     28.073  23.997436     3.5051     1.6079    17.6183   998.7012      6.358      4.384 0.0000e+00
      4.482      0.064   311.2138     1.9093     18.055 9.2790e+00     15.626     28.081  23.948797     3.5062     1.5868    17.6680   998.6922      6.373      4.394 0.0000e+00
      4.497      0.073   311.4980     1.8020     18.136 9.1283e+00     15.631     28.117  23.893763     3.4894     1.5695    17.7267   998.6816      6.392      4.407 0.0000e+00
      4.520      0.081   311.7957     1.7391     18.341 8.9443e+00     15.636     28.159  23.839283     3.5124     1.5709    17.7713   998.6736      6.425      4.430 0.0000e+00
      4.547      0.087   311.8881     1.7175     18.591 8.7633e+00     15.640     28.205  23.797327     3.5943     1.5692    17.7723   998.6735      6.469      4.461 0.0000e+00
      4.573      0.089   311.8411     1.7167     18.746 8.6038e+00     15.644     28.254  23.766898     3.6488     1.5832    17.6581   998.6944      6.507      4.486 0.0000e+00
      4.596      0.087   311.9166     1.7300     18.667 8.4563e+00     15.647     28.279  23.724956     3.6474     1.5693    17.4848   998.7258      6.537      4.507 0.0000e+00
      4.617      0.081   312.1977     1.7592     18.355 8.3073e+00     15.649     28.284  23.670657     3.6340     1.5378    17.3203   998.7551      6.568      4.529 0.0000e+00
      4.638      0.075   312.6591     1.7922     17.871 8.1698e+00     15.651     28.282  23.617661     3.6391     1.5801    17.1731   998.7812      6.598      4.549 0.0000e+00
      4.656      0.072   313.1068     1.8201     17.294 8.0688e+00     15.654     28.304  23.591488     3.6517     1.6340    17.0522   998.8025      6.624      4.567 0.0000e+00
      4.671      0.071   313.3087     1.8143     16.763 7.9979e+00     15.658     28.375  23.607827     3.6443     1.6404    16.9411   998.8218      6.646      4.583 0.0000e+00
      4.685      0.071   313.4654     1.7845     16.329 7.8985e+00     15.660     28.452  23.624897     3.4552     1.6234    16.8352   998.8401      6.662      4.593 0.0000e+00
      4.702      0.071   313.8835     1.7423     16.048 7.7439e+00     15.662     28.490  23.607570     3.0999     1.6001    16.7429   998.8561      6.684      4.609 0.0000e+00
      4.725      0.070   314.3205     1.6782     15.934 7.6016e+00     15.664     28.524  23.588523     2.9147     1.5984    16.6702   998.8685      6.721      4.634 0.0000e+00
      4.747      0.070   314.6188     1.6317     15.898 7.5083e+00     15.666     28.571  23.584812     2.9144     1.6029    16.6011   998.8805      6.755      4.657 0.0000e+00
      4.764      0.069   314.8228     1.5889     15.881 7.4376e+00     15.668     28.594  23.562637     2.9149     1.5862    16.5164   998.8948      6.778      4.674 0.0000e+00
      4.779      0.068   314.8086     1.5617     15.859 7.3683e+00     15.671     28.580  23.510625     2.9017     1.6020    16.4247   998.9102      6.797      4.687 0.0000e+00
      4.794      0.067   314.7913     1.5603     15.833 7.2928e+00     15.673     28.576  23.463247     2.8973     1.6571    16.3417   998.9241      6.817      4.700 0.0000e+00
      4.809      0.065   314.8723     1.5592     15.826 7.1878e+00     15.675     28.601  23.433673     2.9004     1.6691    16.2681   998.9364      6.838      4.715 0.0000e+00
      4.828      0.063   315.0130     1.5614     15.878 7.0503e+00     15.676     28.628  23.406662     2.9008     1.6781    16.1979   998.9481      6.865      4.734 0.0000e+00
      4.848      0.063   315.2882     1.5611     16.001 6.9441e+00     15.678     28.660  23.390278     2.8927     1.7319    16.1300   998.9593      6.898      4.756 0.0000e+00
      4.865      0.066   315.6187     1.5603     16.157 6.8719e+00     15.681     28.670  23.362367     2.8978     1.8035    16.0551   998.9716      6.922      4.772 0.0000e+00
      4.877      0.071   315.9976     1.5612     16.305 6.7988e+00     15.683     28.666  23.322831     2.9242     1.8921    15.9628   998.9867      6.938      4.783 0.0000e+00
      4.888      0.079   316.2546     1.5680     16.361 6.7120e+00     15.684     28.678  23.292722     2.9452     1.9104    15.8723   999.0014      6.950      4.792 0.0000e+00
      4.905      0.088   316.2311     1.5857     16.297 6.5861e+00     15.687     28.694  23.251952     3.1230     1.8191    15.7981   999.0133      6.971      4.807 0.0000e+00
      4.933      0.095   316.1436     1.6027     16.222 6.4281e+00     15.692     28.736  23.210336     3.4717     1.7838    15.7418   999.0225      7.013      4.836 0.0000e+00
      4.967      0.100   316.2301     1.6237     16.220 6.2568e+00     15.697     28.788  23.169968     3.6707     1.8614    15.6798   999.0325      7.065      4.871 0.0000e+00
      4.999      0.101   316.5886     1.6347     16.269 6.1166e+00     15.700     28.841  23.144273     3.6982     1.8994    15.6127   999.0433      7.115      4.905 0.0000e+00
      5.025      0.098   317.0357     1.6238     16.299 6.0285e+00     15.701     28.911  23.153252     3.6897     1.8654    15.5346   999.0557      7.152      4.932 0.0000e+00
      5.045      0.093   317.3342     1.6190     16.276 5.9489e+00     15.702     28.942  23.151637     3.6532     1.8281    15.3872   999.0788      7.176      4.949 0.0000e+00
      5.063      0.088   317.5311     1.6247     16.154 5.8551e+00     15.704     28.946  23.124729     3.6301     1.8257    15.2260   999.1038      7.199      4.964 0.0000e+00
      5.083      0.087   317.6101     1.6389     15.964 5.7509e+00     15.707     28.962  23.081545     3.6191     1.8707    15.1096   999.1216      7.228      4.984 0.0000e+00
      5.106      0.088   317.6861     1.6431     15.818 5.6504e+00     15.711     28.965  23.009950     3.4346     1.9602    15.0219   999.1350      7.262      5.007 0.0000e+00
      5.131      0.091   318.0206     1.6456     15.721 5.5576e+00     15.714     28.988  22.956595     3.0679     2.0501    14.9923   999.1397      7.298      5.032 0.0000e+00
      5.156      0.096   318.3843     1.6350     15.653 5.4567e+00     15.718     29.047  22.943699     2.8477     2.0644    14.9660   999.1437      7.334      5.056 0.0000e+00
      5.181      0.102   318.6422     1.6096     15.577 5.3634e+00     15.721     29.078  22.917364     2.8235     2.0641    14.8554   999.1604      7.372      5.082 0.0000e+00
      5.203      0.107   318.9877     1.6048     15.460 5.2768e+00     15.723     29.122  22.891809     2.8036     2.0812    14.7115   999.1818      7.400      5.103 0.0000e+00
      5.227      0.111   319.2928     1.5975     15.330 5.1489e+00     15.727     29.220  22.888321     2.7399     2.0647    14.5866   999.2003      7.428      5.122 0.0000e+00
      5.260      0.114   319.4061     1.5963     15.185 4.9873e+00     15.732     29.321  22.875098     2.7021     2.0714    14.4832   999.2153      7.479      5.156 0.0000e+00
      5.297      0.115   319.4967     1.5938     14.966 4.8278e+00     15.737     29.416  22.858654     2.7189     2.1276    14.4079   999.2264      7.537      5.198 0.0000e+00
      5.330      0.116   319.6994     1.5819     14.700 4.6815e+00     15.741     29.470  22.816229     2.9146     2.1604    14.3169   999.2395      7.583      5.229 0.0000e+00
      5.356      0.115   319.9653     1.5733     14.494 4.5722e+00     15.745     29.470  22.742557     3.2849     2.1255    14.1694   999.2606      7.619      5.253 0.0000e+00
      5.380      0.112   320.2161     1.5686     14.401 4.4760e+00     15.749     29.538  22.728813     3.4949     2.0834    14.0037   999.2840      7.650      5.274 0.0000e+00
      5.407      0.109   320.3223     1.5506     14.370 4.3535e+00     15.751     29.678  22.776809     3.5474     2.0974    13.8464   999.3058      7.686      5.300 0.0000e+00
      5.438      0.107   320.3889     1.5212     14.260 4.2485e+00     15.754     29.794  22.815461     3.9192     2.1221    13.7003   999.3259      7.737      5.334 0.0000e+00
      5.467      0.106   320.7640     1.5038     14.055 4.1838e+00     15.757     29.853  22.815589     7.9995     2.2102    13.5782   999.3424      7.779      5.364 0.0000e+00
