Data/DataNotYetUploadedToEDI/Raw_CTD/RawDownloads/071221_fcr50.cnv
* Sea-Bird SBE19plus  Data File:
* FileName = C:\R\Reservoirs\Data\DataNotYetUploadedToEDI\Raw_CTD\RawDownloads\071221_fcr50_0001.hex
* Software version 2.8.0.119
* Temperature SN = 7809
* Conductivity SN = 7809
* System UpLoad Time = Jul 12 2021 19:05:12
* <ApplicationData>
* <Seaterm232>
# nquan = 16
# nvalues = 677                         
# units = specified
# name 0 = depFM: Depth [fresh water, m]
# name 1 = dz/dtM: Descent Rate [m/s]
# name 2 = orp: Oxidation Reduction Potential [mV]
# name 3 = sbeox0Mg/L: Oxygen, SBE 43 [mg/l]
# name 4 = sbeox0PS: Oxygen, SBE 43 [% saturation]
# name 5 = par/sat/log: PAR/Logarithmic, Satlantic
# name 6 = ph: pH
# name 7 = specc: Specific Conductance [uS/cm]
# name 8 = c0uS/cm: Conductivity [uS/cm]
# name 9 = flECO-AFL: Fluorescence, WET Labs ECO-AFL/FL [mg/m^3]
# name 10 = turbWETntu0: Turbidity, WET Labs ECO [NTU]
# name 11 = tv290C: Temperature [ITS-90, deg C]
# name 12 = density00: Density [density, kg/m^3]
# name 13 = prdE: Pressure, Strain Gauge [psi]
# name 14 = prdM: Pressure, Strain Gauge [db]
# name 15 = flag:  0.000e+00
# span 0 =     -0.606,      9.687       
# span 1 =     -0.512,      0.170       
# span 2 =  -588.5825,   241.3728       
# span 3 =     0.7274,     8.4896       
# span 4 =      6.789,    104.623       
# span 5 = 1.2356e-01, 1.2377e+03       
# span 6 =     15.374,     15.843       
# span 7 =      0.761,    135.578       
# span 8 =   0.761103,  93.623697       
# span 9 =    -3.2855,    15.2278       
# span 10 =    -2.1712,    29.0152      
# span 11 =     9.5182,    26.1215      
# span 12 =   996.7721,   999.8379      
# span 13 =     -0.862,     13.779      
# span 14 =     -0.595,      9.500      
# span 15 = 0.0000e+00, 0.0000e+00      
# interval = seconds: 0.25
# start_time = Jul 11 2021 20:04:05 [Instrument's time stamp, header]
# bad_flag = -9.990e-29
*END*
     -0.606 5.4780e-46  -452.8399     8.4710    102.422 1.3215e+02     15.418      0.825   0.825726    -0.9151    -0.0539    25.0474   997.0406     -0.861     -0.594 0.0000e+00
     -0.606 6.0258e-45  -459.6230     8.4388    102.513 1.3897e+02     15.415      0.814   0.815246    -0.9161    -0.0220    25.0481   997.0404     -0.862     -0.594 0.0000e+00
     -0.606 6.6284e-44  -467.8298     8.4578    102.525 1.4388e+02     15.411      0.802   0.802766    -0.9111     0.0150    25.0486   997.0403     -0.862     -0.594 0.0000e+00
     -0.606 7.2913e-43  -475.9218     8.4641    102.507 1.4026e+02     15.410      0.801   0.801519    -0.9213     0.0151    25.0495   997.0400     -0.861     -0.594 0.0000e+00
     -0.606 8.0204e-42  -482.3510     8.4413    102.540 1.3584e+02     15.410      0.800   0.800170    -0.9243     0.0139    25.0510   997.0396     -0.862     -0.594 0.0000e+00
     -0.606 8.8224e-41  -486.3698     8.4716    102.435 1.3694e+02     15.411      0.786   0.786454    -0.9001     0.0345    25.0518   997.0394     -0.862     -0.594 0.0000e+00
     -0.606 9.7047e-40  -489.0639     8.4651    102.398 1.4672e+02     15.412      0.762   0.762369    -0.8863     0.0236    25.0521   997.0394     -0.862     -0.594 0.0000e+00
     -0.606 1.0675e-38  -491.7813     8.4516    102.568 2.1620e+02     15.414      0.762   0.762359    -0.9008     0.0201    25.0526   997.0392     -0.861     -0.594 0.0000e+00
     -0.606 1.1743e-37  -495.1336     8.4786    102.731 2.7843e+02     15.414      0.786   0.786328    -0.9124     0.0605    25.0533   997.0390     -0.861     -0.594 0.0000e+00
     -0.606 1.2917e-36  -498.8809     8.4502    102.801 2.1766e+02     15.415      0.798   0.798789    -0.9122     0.0313    25.0537   997.0390     -0.862     -0.595 0.0000e+00
     -0.606 1.4209e-35  -502.7597     8.4416    102.762 1.4826e+02     15.415      0.786   0.786328    -0.9172    -0.0579    25.0538   997.0389     -0.862     -0.594 0.0000e+00
     -0.606 1.5629e-34  -506.7562     8.4714    102.663 1.4165e+02     15.413      0.762   0.762360    -0.9162    -0.0563    25.0543   997.0388     -0.861     -0.594 0.0000e+00
     -0.606 1.7192e-33  -511.3229     8.4808    102.577 1.4390e+02     15.412      0.762   0.762380    -0.9096     0.0158    25.0547   997.0387     -0.861     -0.594 0.0000e+00
     -0.606 1.8912e-32  -515.8165     8.4896    102.434 1.4698e+02     15.413      0.786   0.786568    -0.9132     0.0239    25.0550   997.0386     -0.862     -0.594 0.0000e+00
     -0.606 2.0803e-31  -519.1006     8.4853    102.334 1.4923e+02     15.413      0.801   0.801427    -0.9220    -0.0266    25.0553   997.0385     -0.861     -0.594 0.0000e+00
     -0.606 2.2883e-30  -522.2073     8.4701    102.453 1.4528e+02     15.412      0.815   0.815352    -0.9304    -0.0459    25.0555   997.0385     -0.861     -0.594 0.0000e+00
     -0.606 2.5171e-29  -525.9333     8.4713    102.644 1.4306e+02     15.411      0.827   0.828238    -0.9188    -0.0036    25.0558   997.0384     -0.861     -0.594 0.0000e+00
     -0.606 2.7689e-28  -529.9083     8.4561    102.754 1.6143e+02     15.411      0.829   0.830542    -0.8961     0.0393    25.0560   997.0384     -0.862     -0.594 0.0000e+00
     -0.606 3.0457e-27  -533.7020     8.4346    102.736 3.4848e+02     15.411      0.842   0.843212    -0.8944     0.0261    25.0562   997.0383     -0.862     -0.594 0.0000e+00
     -0.606 3.3503e-26  -536.6984     8.4567    102.570 7.4930e+02     15.411      0.853   0.854738    -0.8984     0.0087    25.0564   997.0383     -0.862     -0.594 0.0000e+00
     -0.606 3.6854e-25  -539.5517     8.4759    102.449 1.0682e+03     15.411      0.842   0.843212    -0.8974     0.0352    25.0567   997.0382     -0.861     -0.594 0.0000e+00
     -0.606 4.0539e-24  -542.3887     8.4832    102.529 1.1861e+03     15.411      0.829   0.830543    -0.9101     0.0368    25.0570   997.0381     -0.862     -0.595 0.0000e+00
     -0.606 4.4593e-23  -544.8440     8.4875    102.660 1.2321e+03     15.411      0.827   0.828249    -0.9282    -0.0063    25.0576   997.0380     -0.862     -0.594 0.0000e+00
     -0.606 4.9052e-22  -547.5567     8.4646    102.724 1.1862e+03     15.411      0.814   0.815477    -0.9260    -0.0056    25.0583   997.0378     -0.861     -0.594 0.0000e+00
     -0.606 5.3957e-21  -550.2367     8.4455    102.705 8.8952e+02     15.411      0.801   0.802798    -0.9125    -0.0568    25.0588   997.0377     -0.862     -0.594 0.0000e+00
     -0.606 5.9353e-20  -552.3823     8.4628    102.624 5.1537e+02     15.411      0.800   0.801645    -0.9163    -0.2138    25.0590   997.0376     -0.861     -0.595 0.0000e+00
     -0.606 6.5288e-19  -554.4841     8.4762    102.582 4.1158e+02     15.412      0.800   0.801530    -0.9252    -0.2898    25.0593   997.0375     -0.862     -0.594 0.0000e+00
     -0.606 7.1817e-18  -553.7959     8.4792    102.515 6.2679e+02     15.416      0.800   0.801416    -0.9153    -0.2554    25.0598   997.0374     -0.861     -0.595 0.0000e+00
     -0.606 7.8999e-17  -551.2881     8.4821    102.450 1.0024e+03     15.419      0.799   0.800262    -0.9109    -0.2436    25.0606   997.0371     -0.862     -0.594 0.0000e+00
     -0.606 8.6899e-16  -554.6208     8.4646    102.543 1.2033e+03     15.416      0.786   0.787584    -0.9287    -0.2502    25.0616   997.0369     -0.862     -0.595 0.0000e+00
     -0.606 9.5589e-15  -560.7942     8.4682    102.648 9.6282e+02     15.411      0.774   0.774820    -0.9401    -0.2319    25.0621   997.0368     -0.862     -0.595 0.0000e+00
     -0.606 1.0515e-13  -563.4652     8.4646    102.639 4.5943e+02     15.409      0.772   0.772630    -0.9252    -0.2285    25.0628   997.0366     -0.862     -0.594 0.0000e+00
     -0.606 1.1566e-12  -564.5457     8.4438    102.570 1.6034e+02     15.409      0.761   0.761103    -0.9107    -0.2444    25.0637   997.0364     -0.862     -0.594 0.0000e+00
     -0.606 1.2723e-11  -565.4264     8.4652    102.488 1.0753e+02     15.410      0.761   0.762142    -0.9172    -0.2864    25.0644   997.0362     -0.861     -0.594 0.0000e+00
     -0.606 1.3995e-10  -565.4235     8.4759    102.376 8.9200e+01     15.411      0.784   0.785186    -0.9176    -0.2896    25.0648   997.0361     -0.862     -0.594 0.0000e+00
     -0.606 1.5395e-09  -560.4667     8.4717    102.264 7.9926e+01     15.414      0.785   0.786336    -0.9056    -0.2487    25.0650   997.0361     -0.861     -0.594 0.0000e+00
     -0.606 1.6934e-08  -552.2138     8.4649    102.320 7.6629e+01     15.422      0.775   0.776056    -0.9066    -0.2727    25.0656   997.0359     -0.861     -0.594 0.0000e+00
     -0.605 1.8627e-07  -555.8933     8.4579    102.551 7.7279e+01     15.422      0.787   0.787583    -0.9192    -0.2709    25.0667   997.0356     -0.861     -0.594 0.0000e+00
     -0.605 1.8627e-07  -569.5076     8.4517    102.744 9.0807e+01     15.412      0.798   0.799016    -0.9155    -0.1925    25.0676   997.0354     -0.860     -0.593 0.0000e+00
     -0.606 1.6935e-08  -575.8898     8.4318    102.725 2.3494e+02     15.408      0.786   0.787595    -0.8992    -0.1828    25.0683   997.0352     -0.862     -0.594 0.0000e+00
     -0.606 1.5474e-09  -576.4468     8.4366    102.553 4.1495e+02     15.410      0.775   0.776181    -0.9033    -0.2233    25.0688   997.0351     -0.862     -0.595 0.0000e+00
     -0.606 2.2689e-10  -577.1884     8.4648    102.466 5.7474e+02     15.411      0.787   0.787708    -0.9175    -0.2350    25.0697   997.0349     -0.861     -0.594 0.0000e+00
     -0.606 9.6903e-10  -577.2847     8.4850    102.448 8.9240e+02     15.413      0.799   0.800274    -0.9191    -0.2562    25.0715   997.0344     -0.861     -0.594 0.0000e+00
     -0.606 1.0521e-08  -577.2673     8.4849    102.447 1.1269e+03     15.413      0.800   0.801419    -0.9221    -0.2736    25.0734   997.0340     -0.861     -0.593 0.0000e+00
     -0.606 1.1571e-07  -580.2476     8.4551    102.572 1.1583e+03     15.412      0.800   0.801550    -0.9349    -0.2728    25.0743   997.0337     -0.861     -0.594 0.0000e+00
     -0.606      0.000  -585.8729     8.4517    102.694 1.1612e+03     15.409      0.800   0.801867    -0.9407    -0.2818    25.0752   997.0335     -0.860     -0.593 0.0000e+00
     -0.606      0.000  -588.5825     8.4583    102.754 1.1643e+03     15.409      0.804   0.805250    -0.9257    -0.2798    25.0769   997.0330     -0.861     -0.594 0.0000e+00
     -0.605      0.000  -584.4438     8.4415    102.755 1.1724e+03     15.412      0.840   0.842454    -0.9060    -0.2819    25.0784   997.0326     -0.860     -0.593 0.0000e+00
     -0.605      0.002  -538.9302     8.4670    102.666 1.1740e+03     15.426      0.995   0.998313    -0.9210    -0.3072    25.0799   997.0323     -0.861     -0.593 0.0000e+00
     -0.605      0.009  -459.1848     8.4743    102.511 1.1696e+03     15.445      2.171   2.182952    -0.9830    -0.3456    25.0809   997.0320     -0.862     -0.594 0.0000e+00
     -0.605      0.025  -410.2620     8.4770    102.280 1.1661e+03     15.447      9.067   9.147542    -1.0545    -0.4031    25.0825   997.0315     -0.861     -0.593 0.0000e+00
     -0.604      0.050  -418.1297     8.4835    102.216 1.1451e+03     15.438     23.337  23.599217    -1.0994    -0.4191    25.0829   997.0314     -0.860     -0.593 0.0000e+00
     -0.599      0.079  -466.3799     8.4672    102.427 9.8015e+02     15.423     35.620  36.100380    -1.1158     0.1832    25.0845   997.0311     -0.861     -0.593 0.0000e+00
     -0.577      0.110  -496.3442     8.4651    102.615 6.4680e+02     15.400     39.808  40.427478    -0.9759     7.6345    25.0836   997.0313     -0.835     -0.575 0.0000e+00
     -0.533      0.139  -495.4638     8.4143    102.673 5.4825e+02     15.384     40.207  40.894403    -0.6860    21.3508    25.1989   997.0024     -0.761     -0.525 0.0000e+00
     -0.483      0.160  -494.2812     8.3595    102.692 8.5390e+02     15.379     40.320  41.047823    -0.5195    28.7983    25.4622   996.9397     -0.683     -0.471 0.0000e+00
     -0.436      0.170  -493.8320     8.3656    102.739 1.1498e+03     15.380     40.384  41.140013    -0.4980    29.0152    25.6648   996.8916     -0.622     -0.428 0.0000e+00
     -0.388      0.168  -493.2164     8.3623    102.901 1.2316e+03     15.381     40.407  41.183949    -0.4742    23.9385    25.7822   996.8610     -0.555     -0.383 0.0000e+00
     -0.341      0.158  -492.2583     8.3492    103.124 1.2237e+03     15.381     40.407  41.198231    -0.1461    12.9425    25.8611   996.8404     -0.479     -0.330 0.0000e+00
     -0.303      0.146  -490.4215     8.3477    103.365 1.1999e+03     15.378     40.380  41.185772     0.4652     4.4170    25.8983   996.8308     -0.425     -0.294 0.0000e+00
     -0.273      0.132  -487.8718     8.3380    103.665 1.1780e+03     15.376     40.341  41.160281     0.7938     1.9519    25.9338   996.8215     -0.389     -0.268 0.0000e+00
     -0.243      0.116  -485.0040     8.3532    103.987 1.1698e+03     15.376     40.313  41.143934     0.8142     1.6769    25.9563   996.8155     -0.347     -0.239 0.0000e+00
     -0.212      0.099  -481.9895     8.3712    104.277 1.1748e+03     15.375     40.277  41.115081     0.8167     1.6763    25.9706   996.8119     -0.299     -0.206 0.0000e+00
     -0.184      0.083  -478.9568     8.3827    104.473 1.1867e+03     15.374     40.224  41.065332     0.8527     1.7388    25.9915   996.8065     -0.255     -0.177 0.0000e+00
     -0.164      0.067  -476.1262     8.4087    104.564 1.2031e+03     15.374     40.207  41.050215     0.8964     1.7454    26.0092   996.8019     -0.231     -0.159 0.0000e+00
     -0.152      0.049  -473.4049     8.4318    104.607 1.2181e+03     15.374     40.215  41.059247     0.9062     1.7559    26.0248   996.7978     -0.213     -0.147 0.0000e+00
     -0.144      0.033  -470.6612     8.4571    104.623 1.2282e+03     15.374     40.203  41.047592     0.8950     1.7634    26.0360   996.7949     -0.202     -0.139 0.0000e+00
     -0.139      0.021  -467.8172     8.4724    104.534 1.2346e+03     15.375     40.193  41.036251     0.8846     1.6982    26.0405   996.7937     -0.196     -0.136 0.0000e+00
     -0.136      0.012  -464.9166     8.4769    104.337 1.2347e+03     15.376     40.206  41.049069     0.8851     1.6883    26.0426   996.7931     -0.193     -0.134 0.0000e+00
     -0.136      0.006  -462.3476     8.4792    104.241 1.2307e+03     15.377     40.231  41.075623     0.8930     1.7471    26.0437   996.7928     -0.194     -0.134 0.0000e+00
     -0.136      0.003  -460.1583     8.4826    104.286 1.2237e+03     15.377     40.256  41.103425     0.8932     1.7903    26.0443   996.7927     -0.194     -0.134 0.0000e+00
     -0.136      0.002  -457.8910     8.4810    104.359 1.2147e+03     15.378     40.283  41.131332     0.8781     1.8330    26.0430   996.7930     -0.194     -0.134 0.0000e+00
     -0.136      0.002  -455.3254     8.4514    104.358 1.2062e+03     15.378     40.313  41.159144     0.8635     1.8856    26.0418   996.7933     -0.193     -0.133 0.0000e+00
     -0.135      0.002  -452.7125     8.4441    103.813 1.2013e+03     15.379     40.343  41.185804     0.8685     1.9465    26.0434   996.7928     -0.191     -0.132 0.0000e+00
     -0.134      0.002  -450.3895     8.4542    101.743 1.1974e+03     15.380     40.358  41.199769     0.8814     1.9860    26.0475   996.7918     -0.190     -0.131 0.0000e+00
     -0.134      0.002  -448.4901     8.4569     97.472 1.1909e+03     15.380     40.358  41.201049     0.8863     1.9508    26.0482   996.7917     -0.191     -0.131 0.0000e+00
     -0.134      0.002  -446.7830     8.4698     91.586 1.1874e+03     15.380     40.354  41.201277     0.8800     1.8989    26.0428   996.7931     -0.190     -0.131 0.0000e+00
     -0.133      0.001  -445.0637     8.4585     85.599 1.1869e+03     15.380     40.350  41.202535     0.8811     1.9074    26.0367   996.7947     -0.190     -0.131 0.0000e+00
     -0.133      0.001  -443.1902     8.3234     80.908 1.1916e+03     15.379     40.359  41.216268     0.9475     1.9512    26.0347   996.7952     -0.190     -0.131 0.0000e+00
     -0.133      0.001  -441.2512     7.9527     77.969 1.1990e+03     15.379     40.378  41.240388     1.0539     1.9818    26.0372   996.7947     -0.188     -0.130 0.0000e+00
     -0.132      0.001  -439.6027     7.4265     76.454 1.2050e+03     15.380     40.374  41.240274     1.0992     1.9679    26.0429   996.7932     -0.187     -0.129 0.0000e+00
     -0.132      0.001  -438.2290     6.8932     75.912 1.2109e+03     15.380     40.347  41.214895     1.0940     1.9204    26.0491   996.7915     -0.188     -0.130 0.0000e+00
     -0.132      0.001  -437.0314     6.5005     75.878 1.2146e+03     15.380     40.318  41.187426     1.0866     1.8892    26.0560   996.7896     -0.188     -0.129 0.0000e+00
     -0.132      0.000  -435.9631     6.2806     75.932 1.2171e+03     15.381     40.293  41.162046     1.0857     1.8991    26.0619   996.7880     -0.188     -0.129 0.0000e+00
     -0.132 1.8628e-08  -434.6901     6.1651     75.738 1.2179e+03     15.382     40.291  41.161934     1.0836     1.9036    26.0672   996.7866     -0.188     -0.129 0.0000e+00
     -0.132 2.0490e-07  -432.9980     6.1381     75.248 1.2167e+03     15.381     40.311  41.186064     1.0715     1.8740    26.0712   996.7856     -0.187     -0.129 0.0000e+00
     -0.132 2.0490e-07  -431.1630     6.1440     74.735 1.2147e+03     15.380     40.320  41.199911     1.0635     1.8502    26.0712   996.7855     -0.187     -0.129 0.0000e+00
     -0.132 1.8627e-08  -429.5392     6.1614     74.480 1.2114e+03     15.381     40.318  41.202417     1.0344     1.8899    26.0711   996.7856     -0.189     -0.130 0.0000e+00
     -0.132 1.6934e-09  -428.0779     6.1473     74.489 1.2069e+03     15.381     40.328  41.216379     0.9863     1.9769    26.0738   996.7849     -0.188     -0.129 0.0000e+00
     -0.132 1.5395e-10  -426.5720     6.0955     74.448 1.2031e+03     15.380     40.349  41.241778     0.9584     1.9754    26.0789   996.7835     -0.187     -0.129 0.0000e+00
