Data/DataNotYetUploadedToEDI/Raw_CTD/RawDownloads/071221_fcr50.cnv
* Sea-Bird SBE19plus  Data File:
* FileName = C:\R\Reservoirs\Data\DataNotYetUploadedToEDI\Raw_CTD\RawDownloads\071221_fcr50_0001.hex
* Software version 2.8.0.119
* Temperature SN = 7809
* Conductivity SN = 7809
* System UpLoad Time = Jul 12 2021 19:05:12
* <ApplicationData>
* <Seaterm232>
# nquan = 16
# nvalues = 677                         
# units = specified
# name 0 = depFM: Depth [fresh water, m]
# name 1 = dz/dtM: Descent Rate [m/s]
# name 2 = orp: Oxidation Reduction Potential [mV]
# name 3 = sbeox0Mg/L: Oxygen, SBE 43 [mg/l]
# name 4 = sbeox0PS: Oxygen, SBE 43 [% saturation]
# name 5 = par/sat/log: PAR/Logarithmic, Satlantic
# name 6 = ph: pH
# name 7 = specc: Specific Conductance [uS/cm]
# name 8 = c0uS/cm: Conductivity [uS/cm]
# name 9 = flECO-AFL: Fluorescence, WET Labs ECO-AFL/FL [mg/m^3]
# name 10 = turbWETntu0: Turbidity, WET Labs ECO [NTU]
# name 11 = tv290C: Temperature [ITS-90, deg C]
# name 12 = density00: Density [density, kg/m^3]
# name 13 = prdE: Pressure, Strain Gauge [psi]
# name 14 = prdM: Pressure, Strain Gauge [db]
# name 15 = flag:  0.000e+00
# span 0 =     -0.606,      9.687       
# span 1 =     -0.512,      0.170       
# span 2 =  -588.5825,   241.3728       
# span 3 =     0.7274,     8.4896       
# span 4 =      6.789,    104.623       
# span 5 = 1.2356e-01, 1.2377e+03       
# span 6 =     15.374,     15.843       
# span 7 =      0.761,    135.578       
# span 8 =   0.761103,  93.623697       
# span 9 =    -3.2855,    15.2278       
# span 10 =    -2.1712,    29.0152      
# span 11 =     9.5182,    26.1215      
# span 12 =   996.7721,   999.8379      
# span 13 =     -0.862,     13.779      
# span 14 =     -0.595,      9.500      
# span 15 = 0.0000e+00, 0.0000e+00      
# interval = seconds: 0.25
# start_time = Jul 11 2021 20:04:05 [Instrument's time stamp, header]
# bad_flag = -9.990e-29
*END*
[from data line 181]
      1.188      0.097  -279.3642     5.6222     64.317 2.0375e+02     15.449     36.512  35.600779     2.2377     1.8703    24.4933   997.1988      1.688      1.163 0.0000e+00
      1.216      0.090  -276.5242     5.5770     63.336 1.9968e+02     15.453     36.555  35.529182     2.2166     1.8409    24.2530   997.2591      1.731      1.192 0.0000e+00
      1.242      0.084  -273.7960     5.5414     62.294 1.9514e+02     15.457     36.680  35.551673     2.2038     1.8938    24.0662   997.3055      1.769      1.219 0.0000e+00
      1.261      0.079  -271.0717     5.4992     61.409 1.8666e+02     15.459     36.819  35.618747     2.2065     1.9605    23.9069   997.3447      1.797      1.240 0.0000e+00
      1.275      0.074  -268.3642     5.4427     60.902 1.7706e+02     15.459     36.804  35.578583     2.2111     1.9614    23.7456   997.3843      1.814      1.250 0.0000e+00
      1.288      0.070  -265.7537     5.3762     60.773 1.7421e+02     15.460     36.613  35.383305     2.2213     1.9039    23.5863   997.4232      1.829      1.261 0.0000e+00
      1.307      0.070  -263.2546     5.2940     60.931 1.7801e+02     15.463     36.429  35.161339     2.3293     1.9186    23.4436   997.4578      1.856      1.280 0.0000e+00
      1.327      0.073  -260.9479     5.2195     61.246 1.7986e+02     15.468     36.356  34.988775     2.5256     2.0702    23.3376   997.4834      1.890      1.303 0.0000e+00
      1.347      0.079  -258.6850     5.1806     61.518 1.7840e+02     15.474     36.395  34.883079     2.6311     2.1922    23.3186   997.4881      1.917      1.321 0.0000e+00
      1.366      0.084  -256.2851     5.1717     61.663 1.7675e+02     15.479     36.495  34.834980     2.6504     2.1913    23.3350   997.4841      1.941      1.338 0.0000e+00
      1.386      0.088  -253.9574     5.1904     61.668 1.7463e+02     15.483     36.571  34.787745     2.6634     2.1623    23.2877   997.4955      1.969      1.359 0.0000e+00
      1.409      0.092  -251.6205     5.2434     61.473 1.7179e+02     15.487     36.651  34.755971     2.7890     2.3225    23.1341   997.5323      2.001      1.381 0.0000e+00
      1.435      0.096  -249.1090     5.2887     61.032 1.6847e+02     15.492     36.806  34.767926     3.0533     2.6865    22.9168   997.5839      2.041      1.408 0.0000e+00
      1.461      0.098  -246.4785     5.3214     60.330 1.6489e+02     15.498     37.030  34.805194     3.2077     2.8900    22.7062   997.6336      2.078      1.432 0.0000e+00
      1.487      0.098  -243.3892     5.3420     59.342 1.6091e+02     15.506     37.253  34.825600     3.2256     2.8603    22.5451   997.6713      2.114      1.458 0.0000e+00
      1.512      0.094  -239.7196     5.3373     58.036 1.5665e+02     15.513     37.382  34.760574     3.2789     2.8074    22.4276   997.6987      2.154      1.485 0.0000e+00
      1.537      0.090  -235.9236     5.3188     56.532 1.5279e+02     15.520     37.449  34.653259     3.3757     2.8341    22.2491   997.7399      2.187      1.507 0.0000e+00
      1.560      0.089  -232.2515     5.2814     55.006 1.4984e+02     15.525     37.486  34.543093     3.4318     2.9085    21.9961   997.7978      2.222      1.531 0.0000e+00
      1.580      0.091  -228.3591     5.2272     53.471 1.4747e+02     15.530     37.451  34.380177     3.4522     2.9165    21.7337   997.8571      2.251      1.551 0.0000e+00
      1.597      0.092  -223.7076     5.1308     51.766 1.4419e+02     15.536     37.412  34.206162     3.5843     2.8967    21.4828   997.9131      2.268      1.563 0.0000e+00
      1.620      0.092  -218.5996     5.0137     49.838 1.3968e+02     15.542     37.447  34.088680     3.8185     2.9445    21.2481   997.9648      2.298      1.585 0.0000e+00
      1.650      0.087  -213.9202     4.8956     47.871 1.3484e+02     15.547     37.546  34.038192     3.9475     3.0478    21.0611   998.0059      2.346      1.618 0.0000e+00
      1.681      0.079  -210.0641     4.7810     46.036 1.3040e+02     15.551     37.657  34.039687     3.9795     3.1165    20.9016   998.0406      2.397      1.653 0.0000e+00
      1.704      0.071  -206.9072     4.6509     44.551 1.2667e+02     15.552     37.702  34.043177     4.0812     3.0875    20.7197   998.0797      2.430      1.674 0.0000e+00
      1.716      0.065  -203.8848     4.4836     43.574 1.2311e+02     15.551     37.590  33.953438     4.2428     3.0410    20.5080   998.1247      2.443      1.684 0.0000e+00
      1.721      0.061  -200.3650     4.3239     43.021 1.2091e+02     15.551     37.403  33.779552     4.3220     3.0003    20.3018   998.1682      2.448      1.688 0.0000e+00
      1.728      0.061  -196.7004     4.1609     42.832 1.2106e+02     15.553     37.329  33.653929     4.3323     2.9735    20.1637   998.1971      2.452      1.691 0.0000e+00
      1.745      0.064  -193.5622     4.0211     42.972 1.2116e+02     15.556     37.316  33.576583     4.3872     2.9918    20.1076   998.2088      2.475      1.707 0.0000e+00
      1.770      0.069  -190.9861     3.9370     43.305 1.2012e+02     15.557     37.250  33.478781     4.4708     2.9459    20.1690   998.1962      2.520      1.738 0.0000e+00
      1.794      0.074  -188.8701     3.8851     43.702 1.1908e+02     15.558     37.081  33.296233     4.5136     2.8658    20.1951   998.1907      2.556      1.762 0.0000e+00
      1.813      0.075  -186.9063     3.8761     43.977 1.1813e+02     15.561     36.853  33.019072     4.5325     2.8817    20.0672   998.2174      2.580      1.778 0.0000e+00
      1.829      0.072  -184.8794     3.9047     43.902 1.1681e+02     15.568     36.769  32.792431     4.5842     2.8629    19.9652   998.2385      2.602      1.794 0.0000e+00
      1.847      0.068  -183.0333     3.9397     43.400 1.1514e+02     15.576     36.822  32.649550     4.6529     2.7422    19.9278   998.2462      2.628      1.812 0.0000e+00
      1.864      0.067  -181.4496     3.9825     42.568 1.1350e+02     15.583     36.837  32.496771     4.6769     2.6581    19.9098   998.2500      2.654      1.830 0.0000e+00
      1.879      0.068  -179.8411     4.0237     41.556 1.1166e+02     15.588     36.814  32.340825     4.6646     2.6364    19.8449   998.2632      2.672      1.841 0.0000e+00
      1.896      0.070  -178.1251     4.0368     40.466 1.0886e+02     15.593     36.819  32.223128     4.6657     2.6507    19.6099   998.3110      2.692      1.856 0.0000e+00
      1.916      0.072  -176.3615     4.0118     39.371 1.0571e+02     15.598     36.788  32.088706     4.6522     2.5902    19.3079   998.3717      2.725      1.879 0.0000e+00
      1.936      0.074  -174.4345     3.9457     38.251 1.0321e+02     15.601     36.698  31.920880     4.6063     2.4544    19.0877   998.4154      2.756      1.900 0.0000e+00
      1.954      0.075  -172.5500     3.8638     37.054 1.0064e+02     15.604     36.634  31.779999     4.5683     2.3825    18.9190   998.4485      2.779      1.915 0.0000e+00
      1.973      0.075  -170.8708     3.7716     35.872 9.7635e+01     15.607     36.584  31.654130     4.5461     2.3383    18.7456   998.4821      2.807      1.935 0.0000e+00
      1.993      0.074  -169.0156     3.6809     34.768 9.5152e+01     15.610     36.527  31.540918     4.5852     2.2288    18.5970   998.5108      2.838      1.957 0.0000e+00
      2.011      0.073  -167.0687     3.5911     33.813 9.2882e+01     15.611     36.515  31.489640     4.6786     2.0548    18.4876   998.5317      2.860      1.972 0.0000e+00
      2.029      0.074  -165.6579     3.4781     33.108 9.0062e+01     15.612     36.540  31.478197     4.7226     1.9511    18.3734   998.5534      2.883      1.988 0.0000e+00
      2.049      0.075  -164.8635     3.3758     32.577 8.7510e+01     15.613     36.493  31.402517     4.7156     1.9362    18.2474   998.5771      2.915      2.011 0.0000e+00
      2.067      0.078  -164.1740     3.2777     32.148 8.5376e+01     15.617     36.404  31.272448     4.6226     1.9441    18.1547   998.5945      2.940      2.027 0.0000e+00
      2.085      0.082  -162.8286     3.1812     31.824 8.2908e+01     15.621     36.470  31.237801     4.4481     1.9777    18.1155   998.6019      2.961      2.041 0.0000e+00
      2.108      0.082  -160.3842     3.1246     31.557 8.0141e+01     15.624     36.672  31.300715     4.3508     1.9647    18.0696   998.6105      2.996      2.065 0.0000e+00
      2.133      0.080  -157.5055     3.0805     31.355 7.7484e+01     15.627     36.831  31.335107     4.3235     1.8891    18.0247   998.6190      3.033      2.091 0.0000e+00
      2.156      0.077  -155.2960     3.0386     31.205 7.5212e+01     15.631     36.864  31.272842     4.1284     1.8196    17.9749   998.6283      3.068      2.115 0.0000e+00
      2.176      0.074  -153.9751     3.0234     31.078 7.3542e+01     15.635     36.776  31.118745     3.7745     1.7758    17.8331   998.6544      3.099      2.137 0.0000e+00
      2.190      0.073  -153.3214     3.0049     30.995 7.2224e+01     15.638     36.712  30.994482     3.5920     1.7369    17.6612   998.6858      3.116      2.147 0.0000e+00
      2.203      0.073  -153.2431     2.9941     30.893 7.0713e+01     15.640     36.768  30.975737     3.5907     1.6926    17.5327   998.7091      3.131      2.158 0.0000e+00
      2.219      0.078  -153.2000     2.9917     30.714 6.9047e+01     15.641     36.889  31.018902     3.5781     1.6532    17.4078   998.7315      3.157      2.176 0.0000e+00
      2.239      0.084  -152.1979     2.9803     30.456 6.7230e+01     15.642     37.085  31.135654     3.4865     1.6379    17.2977   998.7511      3.183      2.194 0.0000e+00
      2.263      0.090  -150.0759     2.9842     30.154 6.5151e+01     15.645     37.346  31.308770     3.3420     1.6796    17.2125   998.7662      3.216      2.218 0.0000e+00
      2.292      0.093  -148.0202     2.9809     29.869 6.3110e+01     15.648     37.593  31.462432     3.2607     1.7108    17.1154   998.7834      3.260      2.247 0.0000e+00
      2.321      0.094  -146.7013     2.9690     29.616 6.1424e+01     15.650     37.899  31.661176     3.2381     1.6375    17.0319   998.7981      3.304      2.278 0.0000e+00
      2.345      0.093  -146.0031     2.9469     29.340 6.0151e+01     15.652     38.299  31.935218     3.1450     1.5825    16.9753   998.8082      3.339      2.302 0.0000e+00
      2.364      0.092  -145.8587     2.9177     28.985 5.9015e+01     15.655     38.584  32.111052     2.9944     1.6301    16.9174   998.8184      3.361      2.318 0.0000e+00
      2.384      0.091  -145.6436     2.8944     28.622 5.7780e+01     15.657     38.697  32.137487     2.9236     1.6636    16.8451   998.8310      3.388      2.336 0.0000e+00
      2.406      0.091  -144.6066     2.8758     28.350 5.6487e+01     15.660     38.774  32.127876     2.9090     1.6442    16.7678   998.8444      3.422      2.359 0.0000e+00
      2.431      0.094  -142.8716     2.8586     28.163 5.5205e+01     15.663     38.860  32.121643     2.7983     1.6017    16.6907   998.8578      3.458      2.384 0.0000e+00
      2.457      0.099  -140.3246     2.8241     27.964 5.4017e+01     15.667     39.114  32.252372     2.6054     1.5265    16.6095   998.8718      3.496      2.411 0.0000e+00
      2.482      0.101  -137.0425     2.7897     27.735 5.2959e+01     15.670     39.583  32.566342     2.5034     1.4566    16.5254   998.8862      3.532      2.435 0.0000e+00
      2.507      0.098  -134.5061     2.7685     27.588 5.1810e+01     15.672     39.956  32.808789     2.5094     1.4440    16.4278   998.9026      3.563      2.457 0.0000e+00
      2.535      0.093  -133.3175     2.7615     27.581 5.0582e+01     15.673     40.142  32.899557     2.5064     1.5111    16.3267   998.9196      3.606      2.485 0.0000e+00
      2.563      0.086  -132.9959     2.7503     27.632 4.9638e+01     15.675     40.212  32.902343     2.4664     1.6151    16.2215   998.9372      3.652      2.517 0.0000e+00
      2.584      0.077  -133.1119     2.7253     27.561 4.8947e+01     15.678     40.195  32.842422     2.4450     1.6719    16.1285   998.9529      3.678      2.536 0.0000e+00
      2.600      0.069  -132.9999     2.7145     27.314 4.8275e+01     15.680     40.209  32.809491     2.4481     1.7164    16.0541   998.9652      3.697      2.549 0.0000e+00
      2.615      0.063  -132.5879     2.7194     26.966 4.7660e+01     15.682     40.356  32.884814     2.3997     1.7418    15.9700   998.9789      3.721      2.565 0.0000e+00
      2.628      0.062  -132.4323     2.7391     26.538 4.7145e+01     15.682     40.614  33.055148     2.2985     1.7035    15.9020   998.9900      3.739      2.577 0.0000e+00
      2.640      0.066  -132.7534     2.7366     26.062 4.6578e+01     15.683     40.859  33.219239     2.2350     1.7000    15.8522   998.9981      3.753      2.588 0.0000e+00
      2.655      0.075  -133.5455     2.7086     25.548 4.5863e+01     15.685     41.137  33.409424     2.2238     1.7690    15.7957   999.0072      3.775      2.602 0.0000e+00
      2.675      0.084  -133.9215     2.6806     24.969 4.5027e+01     15.686     41.474  33.641444     2.2196     1.7821    15.7364   999.0168      3.803      2.621 0.0000e+00
      2.698      0.091  -133.0840     2.6376     24.414 4.4064e+01     15.688     41.666  33.740268     2.2039     1.8239    15.6883   999.0247      3.835      2.644 0.0000e+00
      2.727      0.095  -132.0225     2.5917     24.011 4.2981e+01     15.690     41.738  33.715907     2.1767     1.9990    15.6491   999.0310      3.877      2.673 0.0000e+00
      2.758      0.096  -131.7561     2.5466     23.752 4.1981e+01     15.692     41.792  33.664048     2.1578     2.1147    15.6055   999.0382      3.926      2.707 0.0000e+00
      2.784      0.095  -132.4446     2.4878     23.550 4.1261e+01     15.695     41.763  33.557300     2.1655     2.1587    15.5600   999.0456      3.965      2.733 0.0000e+00
      2.803      0.093  -133.3778     2.4271     23.233 4.0613e+01     15.698     41.705  33.440350     2.2226     2.2221    15.4988   999.0554      3.987      2.748 0.0000e+00
      2.822      0.088  -133.5745     2.3967     22.685 3.9794e+01     15.702     41.731  33.392068     2.3139     2.2972    15.3941   999.0718      4.012      2.766 0.0000e+00
      2.845      0.084  -133.5330     2.3774     21.960 3.8870e+01     15.705     41.852  33.417597     2.3636     2.3801    15.2630   999.0922      4.045      2.789 0.0000e+00
      2.870      0.083  -133.9078     2.3702     21.157 3.8032e+01     15.707     42.024  33.495128     2.3848     2.4347    15.1663   999.1071      4.083      2.815 0.0000e+00
      2.892      0.088  -134.4069     2.3496     20.415 3.7369e+01     15.708     42.239  33.631458     2.6180     2.5806    15.0885   999.1190      4.116      2.838 0.0000e+00
      2.909      0.093  -134.7498     2.2910     19.769 3.6719e+01     15.709     42.499  33.796871     3.0472     2.8049    15.0080   999.1312      4.137      2.852 0.0000e+00
      2.928      0.098  -134.2679     2.2236     19.212 3.5882e+01     15.712     42.740  33.908774     3.2827     2.8461    14.9176   999.1449      4.161      2.869 0.0000e+00
      2.954      0.099  -132.8828     2.1360     18.772 3.4818e+01     15.716     42.959  33.969128     3.3957     2.8046    14.8312   999.1580      4.198      2.893 0.0000e+00
      2.987      0.098  -131.6824     2.0634     18.438 3.3648e+01     15.720     43.178  34.018848     4.5477     3.0574    14.8096   999.1614      4.249      2.929 0.0000e+00
      3.020      0.096  -131.2826     2.0010     18.250 3.2622e+01     15.724     43.379  34.065609     6.6730     3.5340    14.7820   999.1659      4.300      2.966 0.0000e+00
      3.045      0.093  -131.4909     1.9442     18.165 3.1917e+01     15.728     43.604  34.153664     7.8245     3.7946    14.6796   999.1812      4.336      2.989 0.0000e+00
      3.061      0.089  -131.9634     1.9106     18.088 3.1367e+01     15.730     43.826  34.258511     7.8654     3.8060    14.5371   999.2020      4.354      3.002 0.0000e+00
