Data/DataNotYetUploadedToEDI/Raw_CTD/RawDownloads/071221_fcr50.cnv
* Sea-Bird SBE19plus  Data File:
* FileName = C:\R\Reservoirs\Data\DataNotYetUploadedToEDI\Raw_CTD\RawDownloads\071221_fcr50_0001.hex
* Software version 2.8.0.119
* Temperature SN = 7809
* Conductivity SN = 7809
* System UpLoad Time = Jul 12 2021 19:05:12
* <ApplicationData>
* <Seaterm232>
# nquan = 16
# nvalues = 677                         
# units = specified
# name 0 = depFM: Depth [fresh water, m]
# name 1 = dz/dtM: Descent Rate [m/s]
# name 2 = orp: Oxidation Reduction Potential [mV]
# name 3 = sbeox0Mg/L: Oxygen, SBE 43 [mg/l]
# name 4 = sbeox0PS: Oxygen, SBE 43 [% saturation]
# name 5 = par/sat/log: PAR/Logarithmic, Satlantic
# name 6 = ph: pH
# name 7 = specc: Specific Conductance [uS/cm]
# name 8 = c0uS/cm: Conductivity [uS/cm]
# name 9 = flECO-AFL: Fluorescence, WET Labs ECO-AFL/FL [mg/m^3]
# name 10 = turbWETntu0: Turbidity, WET Labs ECO [NTU]
# name 11 = tv290C: Temperature [ITS-90, deg C]
# name 12 = density00: Density [density, kg/m^3]
# name 13 = prdE: Pressure, Strain Gauge [psi]
# name 14 = prdM: Pressure, Strain Gauge [db]
# name 15 = flag:  0.000e+00
# span 0 =     -0.606,      9.687       
# span 1 =     -0.512,      0.170       
# span 2 =  -588.5825,   241.3728       
# span 3 =     0.7274,     8.4896       
# span 4 =      6.789,    104.623       
# span 5 = 1.2356e-01, 1.2377e+03       
# span 6 =     15.374,     15.843       
# span 7 =      0.761,    135.578       
# span 8 =   0.761103,  93.623697       
# span 9 =    -3.2855,    15.2278       
# span 10 =    -2.1712,    29.0152      
# span 11 =     9.5182,    26.1215      
# span 12 =   996.7721,   999.8379      
# span 13 =     -0.862,     13.779      
# span 14 =     -0.595,      9.500      
# span 15 = 0.0000e+00, 0.0000e+00      
# interval = seconds: 0.25
# start_time = Jul 11 2021 20:04:05 [Instrument's time stamp, header]
# bad_flag = -9.990e-29
*END*
[from data line 452]
      8.005      0.113   130.8133     0.9688      7.981 3.0127e-01     15.838     69.020  47.971462     0.0339     0.9441     9.7590   999.7861     11.382      7.847 0.0000e+00
      8.036      0.112   130.3045     0.9489      8.114 2.8815e-01     15.838     69.258  48.136986     0.0295     0.9193     9.7539   999.7869     11.429      7.879 0.0000e+00
      8.067      0.112   129.7314     0.9179      8.211 2.9519e-01     15.838     69.482  48.291830     0.0255     0.9073     9.7513   999.7872     11.476      7.913 0.0000e+00
      8.097      0.112   129.3041     0.8912      8.222 2.9396e-01     15.838     69.709  48.446689     0.0431     0.9367     9.7497   999.7875     11.517      7.941 0.0000e+00
      8.125      0.110   129.0101     0.9027      8.184 2.7913e-01     15.838     69.956  48.612377     0.0810     0.9653     9.7491   999.7878     11.556      7.968 0.0000e+00
      8.152      0.107   128.4998     0.9233      8.144 2.6558e-01     15.839     70.285  48.834642     0.1016     0.9445     9.7495   999.7880     11.596      7.995 0.0000e+00
      8.179      0.103   127.7802     0.9367      8.110 2.6052e-01     15.839     70.677  49.102037     0.1011     0.9253     9.7499   999.7882     11.633      8.021 0.0000e+00
      8.204      0.101   127.1919     0.9355      8.097 2.6036e-01     15.838     71.066  49.368865     0.0941     0.9394     9.7481   999.7885     11.669      8.045 0.0000e+00
      8.229      0.100   126.8069     0.9282      8.079 2.5571e-01     15.837     71.563  49.711249     0.1023     0.9776     9.7427   999.7892     11.707      8.071 0.0000e+00
      8.254      0.101   126.4813     0.9252      8.030 2.5321e-01     15.837     72.627  50.447618     0.1247     0.9754     9.7373   999.7898     11.742      8.096 0.0000e+00
      8.278      0.103   126.0085     0.9199      8.042 2.5035e-01     15.838     75.116  52.175672     0.1352     0.9132     9.7344   999.7904     11.772      8.117 0.0000e+00
      8.302      0.107   125.3926     0.9181      8.103 2.3984e-01     15.838     78.783  54.727215     0.1346     0.8772     9.7322   999.7908     11.806      8.140 0.0000e+00
      8.331      0.112   124.7991     0.9228      8.119 2.3678e-01     15.838     82.642  57.416185     0.1269     0.9182     9.7298   999.7913     11.849      8.169 0.0000e+00
      8.362      0.116   124.3387     0.9066      8.066 2.4367e-01     15.838     86.677  60.231182     0.1185     0.9967     9.7283   999.7917     11.893      8.200 0.0000e+00
      8.393      0.117   124.0413     0.9103      7.961 2.3895e-01     15.837     90.140  62.650930     0.1189     1.0363     9.7269   999.7928     11.936      8.230 0.0000e+00
      8.425      0.117   123.6992     0.9246      7.906 2.2257e-01     15.837     91.860  63.862543     0.1220     1.0194     9.7287   999.7944     11.983      8.262 0.0000e+00
      8.457      0.116   123.1274     0.9230      7.980 2.1242e-01     15.836     92.245  64.141714     0.1276     0.9643     9.7356   999.7952     12.031      8.295 0.0000e+00
      8.485      0.116   122.6348     0.9205      8.092 2.1013e-01     15.834     92.125  64.056385     0.1392     0.8848     9.7415   999.7964     12.071      8.323 0.0000e+00
      8.510      0.115   122.4750     0.9010      8.088 2.0982e-01     15.834     91.661  63.720525     0.1474     0.8482     9.7485   999.7975     12.102      8.344 0.0000e+00
      8.538      0.112   122.3131     0.8903      7.980 2.1386e-01     15.835     90.935  63.194699     0.1506     0.8994     9.7597   999.7971     12.141      8.370 0.0000e+00
      8.571      0.110   121.8819     0.9027      7.894 2.1324e-01     15.835     90.469  62.845939     0.1491     0.9887     9.7674   999.7966     12.191      8.406 0.0000e+00
      8.602      0.108   121.7355     0.9254      7.870 1.9971e-01     15.836     90.819  63.062260     0.1489     1.1044     9.7661   999.7968     12.238      8.437 0.0000e+00
      8.628      0.106   122.0064     0.9241      7.889 1.8911e-01     15.837     92.069  63.903800     0.1483     1.1984     9.7579   999.7975     12.274      8.462 0.0000e+00
      8.652      0.103   121.8872     0.9025      7.884 1.9120e-01     15.837     93.694  65.013845     0.1415     1.1983     9.7455   999.7984     12.307      8.485 0.0000e+00
      8.676      0.100   121.3268     0.8946      7.832 1.8960e-01     15.837     94.661  65.680145     0.1907     1.1722     9.7316   999.7994     12.340      8.508 0.0000e+00
      8.701      0.100   120.8232     0.8916      7.839 1.7741e-01     15.837     94.735  65.731875     0.2946     1.1575     9.7167   999.8009     12.375      8.533 0.0000e+00
      8.727      0.103   120.3582     0.8968      7.882 1.7099e-01     15.837     94.790  65.766438     0.3494     1.1583     9.6996   999.8029     12.412      8.557 0.0000e+00
      8.753      0.104   119.5765     0.9021      7.865 1.6856e-01     15.837     95.100  65.970925     0.3478     1.1820     9.6897   999.8047     12.449      8.583 0.0000e+00
      8.779      0.101   118.5990     0.8847      7.830 1.6291e-01     15.836     95.223  66.043441     0.3791     1.1690     9.6891   999.8053     12.485      8.609 0.0000e+00
      8.808      0.094   117.8318     0.8878      7.776 1.6024e-01     15.835     95.185  66.007666     0.4607     1.1388     9.6910   999.8050     12.527      8.637 0.0000e+00
      8.837      0.086   117.3556     0.9031      7.711 1.5683e-01     15.837     95.341  66.110356     0.5247     1.1601     9.6902   999.8052     12.574      8.670 0.0000e+00
      8.859      0.083   116.8850     0.8917      7.673 1.4820e-01     15.838     95.759  66.395271     0.5512     1.1866     9.6829   999.8062     12.606      8.692 0.0000e+00
      8.872      0.085   116.0993     0.8920      7.641 1.4077e-01     15.837     96.514  66.910301     0.5522     1.1497     9.6750   999.8069     12.620      8.701 0.0000e+00
      8.882      0.091   115.1696     0.8863      7.630 1.4905e-01     15.837     97.760  67.761373     0.5559     1.1604     9.6704   999.8072     12.629      8.707 0.0000e+00
      8.900      0.099   114.5056     0.8732      7.640 1.6579e-01     15.837     99.015  68.613374     0.5871     1.2822     9.6679   999.8076     12.651      8.723 0.0000e+00
      8.933      0.107   114.0082     0.8751      7.674 1.6338e-01     15.837     99.991  69.266558     0.6236     1.3862     9.6661   999.8081     12.700      8.756 0.0000e+00
      8.974      0.114   113.1988     0.8669      7.761 1.5241e-01     15.837    101.365  70.192410     0.6454     1.4213     9.6622   999.8088     12.767      8.802 0.0000e+00
      9.012      0.119   112.2046     0.8670      7.824 1.4354e-01     15.838    103.531  71.671076     0.6596     1.5009     9.6553   999.8101     12.826      8.843 0.0000e+00
      9.039      0.124   111.4523     0.8705      7.784 1.3579e-01     15.838    106.624  73.794988     0.6802     1.6274     9.6469   999.8114     12.859      8.866 0.0000e+00
      9.060      0.126   110.7277     0.8681      7.668 1.3760e-01     15.838    110.528  76.481268     0.6947     1.6809     9.6345   999.8128     12.882      8.882 0.0000e+00
      9.086      0.127   109.7244     0.8853      7.574 1.3859e-01     15.838    114.333  79.098364     0.6922     1.7010     9.6204   999.8145     12.915      8.905 0.0000e+00
      9.122      0.129   108.7859     0.8966      7.577 1.3302e-01     15.838    117.589  81.336875     0.6969     1.6994     9.6101   999.8163     12.970      8.942 0.0000e+00
      9.164      0.133   108.0699     0.8899      7.619 1.2761e-01     15.838    121.483  84.021917     0.7237     1.6610     9.6027   999.8182     13.037      8.989 0.0000e+00
      9.203      0.134   107.2627     0.8734      7.657 1.2474e-01     15.837    126.535  87.518399     0.7491     1.6496     9.5963   999.8205     13.094      9.028 0.0000e+00
      9.237      0.130   106.5110     0.8561      7.689 1.2379e-01     15.837    130.591  90.340187     0.7656     1.6985     9.5890   999.8228     13.140      9.060 0.0000e+00
      9.267      0.120   106.1223     0.8628      7.670 1.2373e-01     15.838    132.205  91.481172     0.7985     1.7720     9.5820   999.8244     13.180      9.088 0.0000e+00
      9.296      0.109   105.7462     0.8703      7.631 1.2375e-01     15.838    132.316  91.578456     0.8420     1.7482     9.5776   999.8261     13.222      9.116 0.0000e+00
      9.323      0.100   105.0613     0.8700      7.585 1.2376e-01     15.837    131.664  91.134645     0.8623     1.6504     9.5779   999.8285     13.263      9.144 0.0000e+00
      9.348      0.097   104.4659     0.8812      7.510 1.2389e-01     15.836    130.675  90.442225     0.8721     1.6195     9.5852   999.8298     13.299      9.169 0.0000e+00
      9.368      0.099   103.9686     0.8734      7.475 1.2497e-01     15.836    130.283  90.142473     0.8847     1.6501     9.5968   999.8292     13.325      9.188 0.0000e+00
      9.387      0.104   103.2646     0.8678      7.483 1.2593e-01     15.837    130.686  90.373821     0.8906     1.6767     9.6058   999.8286     13.347      9.203 0.0000e+00
      9.411      0.110   102.5782     0.8685      7.478 1.2493e-01     15.837    131.316  90.757748     0.8963     1.7013     9.6083   999.8282     13.380      9.225 0.0000e+00
      9.442      0.116   101.8642     0.8512      7.464 1.2383e-01     15.838    131.768  91.030123     0.9053     1.7414     9.6060   999.8279     13.428      9.258 0.0000e+00
      9.479      0.119   100.9989     0.8497      7.462 1.2363e-01     15.839    132.030  91.185342     0.9233     1.8183     9.5958   999.8288     13.484      9.297 0.0000e+00
      9.516      0.118   100.3764     0.8544      7.467 1.2356e-01     15.839    132.398  91.425402     0.9422     1.8751     9.5746   999.8311     13.537      9.333 0.0000e+00
      9.548      0.110   100.2744     0.8532      7.487 1.2358e-01     15.839    132.905  91.769062     0.9431     1.8443     9.5526   999.8332     13.582      9.364 0.0000e+00
      9.575      0.097   100.0234     0.8504      7.510 1.2361e-01     15.839    133.660  92.285991     0.9441     1.8242     9.5378   999.8348     13.621      9.391 0.0000e+00
      9.597      0.082    98.1159     0.8516      7.474 1.2365e-01     15.839    134.649  92.966329     1.0021     1.9409     9.5284   999.8356     13.653      9.413 0.0000e+00
      9.614      0.067    95.1066     0.8518      7.395 1.2370e-01     15.838    135.328  93.440144     1.1101     2.1223     9.5234   999.8363     13.677      9.430 0.0000e+00
      9.629      0.054    93.3220     0.8523      7.319 1.2369e-01     15.837    135.578  93.623697     1.1715     2.1977     9.5222   999.8367     13.697      9.444 0.0000e+00
      9.640      0.043    91.8530     0.8617      7.268 1.2368e-01     15.837    135.522  93.594613     1.1815     2.2011     9.5203   999.8370     13.714      9.455 0.0000e+00
      9.649      0.036    89.3049     0.8547      7.270 1.2370e-01     15.837    135.328  93.470355     1.1836     2.1978     9.5182   999.8379     13.725      9.463 0.0000e+00
      9.656      0.032    87.6366     0.8429      7.312 1.2370e-01     15.836    135.105  93.330509     1.2170     2.2612     9.5201   999.8379     13.734      9.469 0.0000e+00
      9.661      0.028    87.4265     0.8356      7.367 1.2367e-01     15.836    134.766  93.112941     1.2985     2.4515     9.5256   999.8376     13.741      9.474 0.0000e+00
      9.668      0.024    87.0228     0.8254      7.406 1.2367e-01     15.836    134.493  92.939921     1.3397     2.6101     9.5295   999.8372     13.749      9.480 0.0000e+00
      9.676      0.020    86.0254     0.8288      7.386 1.2365e-01     15.836    134.501  92.956860     1.3339     2.6350     9.5314   999.8370     13.762      9.489 0.0000e+00
      9.682      0.015    84.9177     0.8332      7.280 1.2362e-01     15.836    134.651  93.063188     1.3230     2.5115     9.5374   999.8366     13.774      9.497 0.0000e+00
      9.686      0.010    83.9545     0.8410      7.157 1.2369e-01     15.835    134.678  93.080003     1.3032     2.3181     9.5441   999.8358     13.779      9.500 0.0000e+00
      9.687      0.005    83.1548     0.8465      7.125 1.2373e-01     15.835    134.613  93.032900     1.2950     2.1856     9.5501   999.8352     13.779      9.500 0.0000e+00
      9.686      0.000    82.2183     0.8468      7.175 1.2371e-01     15.836    134.484  92.939147     1.2902     2.1107     9.5555   999.8348     13.778      9.500 0.0000e+00
      9.684     -0.003    80.8902     0.8326      7.258 1.2371e-01     15.836    134.162  92.710116     1.2456     2.0653     9.5554   999.8348     13.774      9.497 0.0000e+00
      9.681     -0.004    79.4864     0.8090      7.290 1.2369e-01     15.836    133.665  92.363805     1.1756     2.0486     9.5542   999.8349     13.770      9.494 0.0000e+00
      9.679     -0.004    78.7539     0.8110      7.254 1.2371e-01     15.836    133.129  91.997494     1.1499     2.0801     9.5541   999.8349     13.767      9.492 0.0000e+00
      9.679     -0.003    78.5728     0.8154      7.224 1.2379e-01     15.835    132.435  91.526618     1.1636     2.1375     9.5519   999.8351     13.766      9.492 0.0000e+00
      9.680     -0.002    77.9849     0.8302      7.194 1.2381e-01     15.835    131.285  90.743183     1.2080     2.1585     9.5488   999.8352     13.768      9.493 0.0000e+00
      9.680     -0.003    77.0668     0.8371      7.173 1.2374e-01     15.835    129.500  89.524784     1.2850     2.1626     9.5473   999.8351     13.768      9.493 0.0000e+00
      9.680     -0.010    75.5596     0.8236      7.181 1.2366e-01     15.834    125.683  86.912422     1.3235     2.1525     9.5490   999.8348     13.768      9.493 0.0000e+00
      9.679     -0.025    73.3549     0.8251      7.171 1.2363e-01     15.833    117.419  81.234026     1.3015     2.1051     9.5530   999.8343     13.767      9.492 0.0000e+00
      9.678     -0.046    71.6620     0.8205      7.175 1.2363e-01     15.833    108.049  74.805131     1.1611     2.0011     9.5570   999.8335     13.767      9.492 0.0000e+00
      9.671     -0.073    70.4065     0.8145      7.216 1.2363e-01     15.831    103.083  71.441598     0.9138     1.8224     9.5609   999.8326     13.764      9.489 0.0000e+00
      9.649     -0.109    69.5320     0.8215      7.204 1.2365e-01     15.829     98.877  68.608200     0.7720     1.6958     9.5731   999.8308     13.736      9.470 0.0000e+00
      9.612     -0.155    69.2623     0.8168      7.113 1.2372e-01     15.828     93.676  65.081083     0.7624     1.6723     9.5879   999.8261     13.672      9.426 0.0000e+00
      9.570     -0.207    68.7799     0.8126      7.006 1.2379e-01     15.827     91.104  63.371648     0.7214     1.6411     9.6096   999.8189     13.611      9.384 0.0000e+00
      9.522     -0.260    68.0870     0.8252      6.943 1.2430e-01     15.825     89.482  62.303860     0.6203     1.5588     9.6497   999.8151     13.560      9.349 0.0000e+00
      9.450     -0.311    67.7675     0.8232      6.962 1.3005e-01     15.824     85.831  59.796047     0.5500     1.4673     9.6928   999.8100     13.456      9.278 0.0000e+00
      9.353     -0.359    67.6702     0.8074      7.017 1.3558e-01     15.824     80.891  56.367319     0.5292     1.4273     9.7367   999.8024     13.303      9.172 0.0000e+00
      9.248     -0.399    67.4265     0.7940      7.061 1.3359e-01     15.824     77.869  54.264253     0.4732     1.3834     9.7806   999.7984     13.155      9.070 0.0000e+00
      9.139     -0.426    66.9710     0.7813      7.056 1.3844e-01     15.824     76.850  53.553473     0.3697     1.2798     9.8172   999.7943     13.006      8.967 0.0000e+00
      9.020     -0.438    66.7241     0.7882      7.009 1.5769e-01     15.824     76.305  53.172253     0.2979     1.2044     9.8372   999.7908     12.833      8.848 0.0000e+00
      8.897     -0.440    67.0222     0.7955      6.982 1.7868e-01     15.824     75.725  52.767231     0.2733     1.1932     9.8408   999.7873     12.648      8.721 0.0000e+00
