Data/DataNotYetUploadedToEDI/Raw_CTD/RawDownloads/071221_bvr50.cnv
* Sea-Bird SBE19plus  Data File:
* FileName = C:\R\Reservoirs\Data\DataNotYetUploadedToEDI\Raw_CTD\RawDownloads\071221_fcr50_0002.hex
* Software version 2.8.0.119
* Temperature SN = 7809
* Conductivity SN = 7809
* System UpLoad Time = Jul 12 2021 19:05:36
* <ApplicationData>
* <Seaterm232>
# nquan = 16
# nvalues = 884                         
# units = specified
# name 0 = depFM: Depth [fresh water, m]
# name 1 = dz/dtM: Descent Rate [m/s]
# name 2 = orp: Oxidation Reduction Potential [mV]
# name 3 = sbeox0Mg/L: Oxygen, SBE 43 [mg/l]
# name 4 = sbeox0PS: Oxygen, SBE 43 [% saturation]
# name 5 = par/sat/log: PAR/Logarithmic, Satlantic
# name 6 = ph: pH
# name 7 = specc: Specific Conductance [uS/cm]
# name 8 = c0uS/cm: Conductivity [uS/cm]
# name 9 = flECO-AFL: Fluorescence, WET Labs ECO-AFL/FL [mg/m^3]
# name 10 = turbWETntu0: Turbidity, WET Labs ECO [NTU]
# name 11 = tv290C: Temperature [ITS-90, deg C]
# name 12 = density00: Density [density, kg/m^3]
# name 13 = prdE: Pressure, Strain Gauge [psi]
# name 14 = prdM: Pressure, Strain Gauge [db]
# name 15 = flag:  0.000e+00
# span 0 =     -0.681,     10.278       
# span 1 =     -0.450,      0.156       
# span 2 = -1240.7455,   322.4021       
# span 3 =     0.5547,     9.2989       
# span 4 =      5.079,    118.076       
# span 5 = 1.2328e-01, 6.9687e+02       
# span 6 =     15.187,     15.866       
# span 7 =      0.700,    117.342       
# span 8 =   0.801512,  79.562217       
# span 9 =    -0.9356,    27.4289       
# span 10 =    -0.4345,     6.9447      
# span 11 =     8.8888,    32.2912      
# span 12 =   994.9422,   999.8828      
# span 13 =     -0.970,     14.620      
# span 14 =     -0.669,     10.080      
# span 15 = 0.0000e+00, 0.0000e+00      
# interval = seconds: 0.25
# start_time = Jul 12 2021 02:13:05 [Instrument's time stamp, header]
# bad_flag = -9.990e-29
*END*
[from data line 362]
      2.714      0.055   108.8801     8.7382    105.985 3.6809e+01     15.426     27.780  27.854047     4.9534     2.1168    25.2408   997.0122      3.860      2.662 0.0000e+00
      2.725      0.061   132.9228     8.6898    106.505 3.6468e+01     15.427     27.777  27.835266     4.9729     2.1409    25.2031   997.0219      3.873      2.670 0.0000e+00
      2.740      0.065   156.5261     8.6813    106.986 3.5950e+01     15.427     27.775  27.818958     5.0431     2.1257    25.1764   997.0289      3.896      2.686 0.0000e+00
      2.759      0.068   179.4261     8.6952    107.225 3.5332e+01     15.427     27.815  27.847135     5.1728     2.1046    25.1536   997.0350      3.922      2.704 0.0000e+00
      2.782      0.070   201.9339     8.7301    107.139 3.4731e+01     15.428     27.835  27.858772     5.2530     2.0913    25.1287   997.0414      3.957      2.728 0.0000e+00
      2.803      0.070   222.2577     8.7850    106.789 3.4255e+01     15.428     27.816  27.832786     5.2881     2.1022    25.0989   997.0492      3.991      2.752 0.0000e+00
      2.820      0.068   237.7657     8.8356    106.312 3.3872e+01     15.427     27.841  27.850087     5.5497     2.0997    25.0707   997.0565      4.011      2.765 0.0000e+00
      2.834      0.065   247.9914     8.8615    105.872 3.3480e+01     15.426     27.878  27.877648     6.0226     2.0609    25.0515   997.0615      4.030      2.779 0.0000e+00
      2.849      0.060   253.7476     8.8537    105.586 3.3058e+01     15.424     27.862  27.848857     6.2755     2.0443    25.0351   997.0658      4.051      2.794 0.0000e+00
      2.864      0.056   256.8577     8.8238    105.488 3.2624e+01     15.423     27.845  27.819110     6.3184     2.0711    25.0226   997.0691      4.074      2.809 0.0000e+00
      2.879      0.053   261.5909     8.7798    105.468 3.2228e+01     15.424     27.873  27.835125     6.4839     2.0753    25.0134   997.0715      4.096      2.824 0.0000e+00
      2.894      0.049   268.3010     8.7437    105.364 3.1893e+01     15.425     27.901  27.852181     6.7517     2.0270    24.9954   997.0761      4.118      2.839 0.0000e+00
      2.906      0.046   271.6534     8.7220    105.146 3.1627e+01     15.425     27.892  27.835017     6.8852     2.0365    24.9698   997.0828      4.137      2.852 0.0000e+00
      2.915      0.042   271.8375     8.7207    104.880 3.1465e+01     15.424     27.881  27.817873     6.8964     2.1216    24.9473   997.0886      4.148      2.860 0.0000e+00
      2.924      0.040   272.8507     8.7305    104.651 3.1266e+01     15.424     27.902  27.835185     6.8962     2.1298    24.9267   997.0939      4.156      2.865 0.0000e+00
      2.934      0.039   276.4178     8.7241    104.497 3.0983e+01     15.424     27.926  27.854042     6.8929     2.0666    24.9046   997.0996      4.173      2.876 0.0000e+00
      2.944      0.041   281.5844     8.7070    104.374 3.0781e+01     15.424     27.943  27.855569     6.9036     2.0430    24.8887   997.1037      4.190      2.889 0.0000e+00
      2.953      0.043   283.1794     8.6835    104.247 3.0628e+01     15.425     27.969  27.853623     6.9120     2.0848    24.8803   997.1058      4.200      2.896 0.0000e+00
      2.963      0.043   282.1090     8.6630    104.009 3.0406e+01     15.426     27.974  27.830470     6.9087     2.1613    24.8725   997.1080      4.212      2.905 0.0000e+00
      2.977      0.045   283.6121     8.6548    103.592 3.0130e+01     15.427     27.933  27.765881     6.8731     2.1777    24.8726   997.1079      4.235      2.920 0.0000e+00
      2.990      0.049   285.1789     8.6460    103.017 2.9921e+01     15.428     27.898  27.706962     6.8152     2.1120    24.8511   997.1135      4.257      2.935 0.0000e+00
      3.000      0.054   284.5337     8.6502    102.208 2.9762e+01     15.429     27.912  27.688935     6.7910     2.0534    24.7874   997.1298      4.266      2.942 0.0000e+00
      3.011      0.059   283.2098     8.6442    101.195 2.9466e+01     15.430     27.933  27.674730     6.7985     2.0515    24.7306   997.1443      4.278      2.949 0.0000e+00
      3.027      0.061   281.8194     8.6083    100.200 2.9054e+01     15.432     27.952  27.662024     6.9444     2.0895    24.6964   997.1529      4.304      2.967 0.0000e+00
      3.048      0.060   280.4565     8.5742     99.405 2.8630e+01     15.433     27.978  27.662124     7.2114     2.0666    24.6570   997.1630      4.334      2.988 0.0000e+00
      3.068      0.056   279.2071     8.5157     98.856 2.8240e+01     15.433     28.010  27.675903     7.3465     1.9806    24.5974   997.1782      4.365      3.008 0.0000e+00
      3.085      0.049   278.2417     8.4324     98.428 2.7990e+01     15.434     28.045  27.701736     7.3662     2.0112    24.5288   997.1955      4.392      3.028 0.0000e+00
      3.096      0.039   277.5607     8.3540     97.967 2.7936e+01     15.435     28.070  27.720721     7.4119     2.1272    24.4711   997.2101      4.408      3.039 0.0000e+00
      3.101      0.031   277.1681     8.2924     97.529 2.7974e+01     15.436     28.069  27.715154     7.4692     2.1825    24.4247   997.2218      4.410      3.041 0.0000e+00
      3.103      0.028   277.0216     8.2555     97.267 2.7923e+01     15.436     28.050  27.697856     7.4876     2.1645    24.3928   997.2297      4.411      3.041 0.0000e+00
      3.107      0.033   277.0798     8.2300     97.223 2.7819e+01     15.436     28.051  27.701861     7.5008     2.1150    24.3797   997.2331      4.420      3.047 0.0000e+00
      3.112      0.044   277.0976     8.1891     97.324 2.7704e+01     15.436     28.054  27.700146     7.8196     2.1681    24.3717   997.2351      4.426      3.052 0.0000e+00
      3.121      0.055   276.7206     8.1473     97.436 2.7367e+01     15.437     28.049  27.677126     8.4237     2.2914    24.3602   997.2380      4.434      3.056 0.0000e+00
      3.140      0.063   275.9634     8.1250     97.444 2.6786e+01     15.438     28.073  27.677219     8.7680     2.3361    24.3643   997.2371      4.462      3.077 0.0000e+00
      3.166      0.066   275.0837     8.1202     97.250 2.6199e+01     15.438     28.117  27.701231     8.8064     2.3309    24.3797   997.2333      4.503      3.105 0.0000e+00
      3.192      0.062   274.3440     8.1362     96.858 2.5802e+01     15.438     28.140  27.713700     8.8217     2.2966    24.3709   997.2356      4.545      3.133 0.0000e+00
      3.210      0.052   273.8165     8.1520     96.319 2.5648e+01     15.439     28.133  27.701109     9.1048     2.2311    24.3357   997.2446      4.571      3.151 0.0000e+00
      3.219      0.042   273.5245     8.1655     95.658 2.5644e+01     15.439     28.114  27.675839     9.6355     2.1559    24.2860   997.2570      4.581      3.158 0.0000e+00
      3.221      0.034   273.4802     8.1545     94.964 2.5689e+01     15.440     28.112  27.661886     9.9167     2.1085    24.2469   997.2668      4.583      3.160 0.0000e+00
      3.222      0.031   273.5395     8.1197     94.324 2.5693e+01     15.441     28.131  27.659250     9.9397     2.1047    24.2342   997.2700      4.582      3.159 0.0000e+00
      3.226      0.034   273.6393     8.0781     93.761 2.5581e+01     15.444     28.144  27.643938    10.0374     2.1786    24.2278   997.2715      4.585      3.161 0.0000e+00
      3.236      0.039   273.8268     8.0191     93.290 2.5310e+01     15.446     28.133  27.603565    10.2214     2.3154    24.2189   997.2738      4.599      3.171 0.0000e+00
      3.252      0.044   274.0848     7.9611     92.942 2.4967e+01     15.446     28.106  27.551649    10.3230     2.3507    24.1999   997.2786      4.626      3.190 0.0000e+00
      3.267      0.046   274.3503     7.9131     92.687 2.4757e+01     15.446     28.099  27.523640    10.2740     2.2962    24.1600   997.2886      4.651      3.207 0.0000e+00
      3.280      0.045   274.6268     7.8744     92.429 2.4603e+01     15.447     28.112  27.518602     9.6390     2.2397    24.1060   997.3020      4.664      3.216 0.0000e+00
      3.292      0.040   275.0198     7.8404     92.097 2.4388e+01     15.448     28.097  27.490704     8.5008     2.1833    24.0497   997.3160      4.680      3.227 0.0000e+00
      3.302      0.038   275.5748     7.8190     91.697 2.4261e+01     15.448     28.056  27.440035     7.8890     2.1295    24.0050   997.3270      4.700      3.240 0.0000e+00
      3.308      0.041   276.0886     7.8063     91.282 2.4223e+01     15.448     28.043  27.413406     7.8500     2.0691    23.9687   997.3360      4.706      3.244 0.0000e+00
      3.312      0.047   276.4138     7.7918     90.864 2.4121e+01     15.450     28.077  27.422436     8.0002     2.0375    23.9366   997.3440      4.708      3.246 0.0000e+00
      3.321      0.052   276.8388     7.7670     90.455 2.3878e+01     15.452     28.108  27.422316     8.2844     2.0562    23.9138   997.3497      4.720      3.254 0.0000e+00
      3.338      0.053   277.4420     7.7324     90.057 2.3425e+01     15.453     28.119  27.411909     8.4449     2.1228    23.8968   997.3539      4.743      3.270 0.0000e+00
      3.363      0.051   277.8563     7.7015     89.703 2.2886e+01     15.453     28.135  27.423432     8.4520     2.1568    23.8783   997.3585      4.783      3.298 0.0000e+00
      3.386      0.048   278.1485     7.6708     89.423 2.2617e+01     15.453     28.139  27.434773     8.4465     2.1239    23.8346   997.3693      4.825      3.326 0.0000e+00
      3.395      0.046   278.6520     7.6468     89.145 2.2681e+01     15.453     28.118  27.422189     8.5502     2.1026    23.7684   997.3856      4.834      3.333 0.0000e+00
      3.393      0.045   279.2979     7.6184     88.792 2.2732e+01     15.453     28.099  27.398152     8.7620     2.1051    23.7242   997.3964      4.822      3.325 0.0000e+00
      3.394      0.045   279.7624     7.5864     88.456 2.2541e+01     15.454     28.119  27.397857     8.8995     2.1550    23.7211   997.3972      4.821      3.324 0.0000e+00
      3.408      0.045   280.0528     7.5628     88.290 2.2127e+01     15.454     28.162  27.418593     8.9446     2.1895    23.7422   997.3920      4.841      3.338 0.0000e+00
      3.431      0.049   280.4002     7.5401     88.310 2.1680e+01     15.455     28.152  27.395117     9.1547     2.1451    23.7686   997.3857      4.880      3.364 0.0000e+00
      3.451      0.052   280.8650     7.5073     88.425 2.1454e+01     15.456     28.069  27.304279     9.5514     2.1335    23.7608   997.3877      4.916      3.389 0.0000e+00
      3.463      0.052   281.3712     7.4788     88.466 2.1393e+01     15.456     27.990  27.208292     9.7729     2.1178    23.7107   997.3999      4.927      3.397 0.0000e+00
      3.469      0.046   281.7879     7.4718     88.304 2.1281e+01     15.458     28.005  27.185967     9.7547     2.0590    23.6693   997.4100      4.933      3.400 0.0000e+00
      3.479      0.038   282.2904     7.4786     87.959 2.1092e+01     15.461     28.093  27.224584     9.3788     2.0403    23.6485   997.4152      4.947      3.411 0.0000e+00
      3.490      0.031   282.9728     7.4956     87.442 2.0921e+01     15.463     28.137  27.231129     8.6899     2.0624    23.6357   997.4183      4.964      3.423 0.0000e+00
      3.501      0.029   283.6716     7.5088     86.754 2.0829e+01     15.463     28.123  27.201629     8.3209     2.1210    23.6131   997.4239      4.983      3.435 0.0000e+00
      3.506      0.029   284.2861     7.5012     86.000 2.0810e+01     15.463     28.107  27.185016     8.3401     2.1654    23.5428   997.4409      4.990      3.441 0.0000e+00
      3.508      0.032   284.8107     7.4859     85.250 2.0798e+01     15.463     28.077  27.157127     8.7511     2.2219    23.4391   997.4660      4.988      3.440 0.0000e+00
      3.511      0.038   285.3687     7.4553     84.560 2.0722e+01     15.464     28.050  27.118152     9.4942     2.3226    23.3709   997.4825      4.993      3.442 0.0000e+00
      3.521      0.047   286.0417     7.3922     83.974 2.0518e+01     15.465     28.054  27.094322     9.9047     2.3879    23.3462   997.4884      5.004      3.450 0.0000e+00
      3.537      0.057   286.7537     7.3279     83.519 2.0161e+01     15.466     28.048  27.059253     9.9764     2.4279    23.3507   997.4874      5.026      3.466 0.0000e+00
      3.557      0.067   287.3521     7.2593     83.205 1.9758e+01     15.468     28.028  27.011240    10.3235     2.4285    23.3681   997.4833      5.060      3.489 0.0000e+00
      3.577      0.075   287.8566     7.2014     82.894 1.9418e+01     15.470     28.010  26.957765    10.9440     2.3600    23.3451   997.4889      5.091      3.510 0.0000e+00
      3.596      0.079   288.3794     7.1619     82.489 1.9092e+01     15.472     27.953  26.856656    11.2801     2.3557    23.2824   997.5040      5.114      3.525 0.0000e+00
      3.616      0.078   288.9410     7.1247     81.969 1.8739e+01     15.475     27.896  26.740109    11.3164     2.4102    23.2286   997.5170      5.142      3.545 0.0000e+00
      3.637      0.074   289.4846     7.1131     81.297 1.8373e+01     15.479     27.919  26.690230    11.2875     2.3662    23.1870   997.5270      5.173      3.567 0.0000e+00
      3.659      0.070   290.0477     7.0968     80.411 1.8027e+01     15.483     27.929  26.634043    11.1981     2.3055    23.1212   997.5429      5.206      3.590 0.0000e+00
      3.679      0.068   290.5003     7.0721     79.175 1.7822e+01     15.486     27.857  26.504662    11.1313     2.3275    23.0419   997.5618      5.238      3.612 0.0000e+00
      3.691      0.065   290.7411     7.0447     77.545 1.7721e+01     15.489     27.814  26.394370    11.1189     2.3581    22.9343   997.5873      5.252      3.621 0.0000e+00
      3.702      0.059   291.1530     7.0055     75.645 1.7490e+01     15.493     27.874  26.378680    11.1146     2.3666    22.7869   997.6220      5.260      3.626 0.0000e+00
      3.719      0.050   291.6950     6.9523     73.708 1.7113e+01     15.496     27.998  26.441710    10.9661     2.2594    22.6702   997.6494      5.287      3.645 0.0000e+00
      3.739      0.040   291.9592     6.8587     71.935 1.6848e+01     15.496     28.099  26.522105    10.6772     2.0576    22.5772   997.6711      5.323      3.671 0.0000e+00
      3.753      0.032   292.1971     6.7302     70.351 1.6812e+01     15.495     28.086  26.526150    10.5203     1.9859    22.4487   997.7009      5.343      3.684 0.0000e+00
      3.756      0.027   292.6781     6.5763     68.963 1.6907e+01     15.494     27.963  26.427224    10.5094     2.0446    22.3008   997.7351      5.346      3.686 0.0000e+00
      3.753      0.022   293.1282     6.4132     67.899 1.7014e+01     15.495     27.883  26.340873    10.3932     2.0806    22.1890   997.7608      5.337      3.680 0.0000e+00
      3.751      0.021   293.5102     6.2634     67.233 1.6995e+01     15.497     27.883  26.306628    10.1547     2.0441    22.1612   997.7672      5.329      3.674 0.0000e+00
      3.758      0.026   293.9411     6.1216     67.001 1.6845e+01     15.498     27.878  26.266825    10.0183     2.0487    22.2179   997.7542      5.342      3.683 0.0000e+00
      3.770      0.035   294.2083     5.9855     67.156 1.6715e+01     15.499     27.883  26.240135     9.9933     2.1375    22.2751   997.7411      5.364      3.698 0.0000e+00
      3.781      0.042   294.3321     5.8960     67.383 1.6584e+01     15.500     27.914  26.237589     9.8718     2.2244    22.2476   997.7475      5.376      3.708 0.0000e+00
      3.793      0.044   294.5779     5.8471     67.343 1.6343e+01     15.501     27.943  26.235999     9.6555     2.2759    22.1615   997.7672      5.389      3.715 0.0000e+00
      3.809      0.042   294.8567     5.8308     66.929 1.6115e+01     15.504     27.950  26.220865     9.5427     2.2794    22.0993   997.7815      5.419      3.736 0.0000e+00
