Data/DataNotYetUploadedToEDI/Raw_CTD/RawDownloads/071425_bvr50_S8188001.cnv
* Sea-Bird SBE19plus  Data File:
* FileName = C:\R\Reservoirs\Data\DataNotYetUploadedToEDI\Raw_CTD\RawDownloads\071425_bvr50_S8188_0001.hex
* Software version 2.8.0.119
* Temperature SN = 8188
* Conductivity SN = 8188
* System UpLoad Time = Aug 21 2025 13:35:22
* <ApplicationData>
* <Seaterm232>
# nquan = 16
# nvalues = 2397                        
# units = specified
# name 0 = depFM: Depth [fresh water, m]
# name 1 = dz/dtM: Descent Rate [m/s]
# name 2 = sbeox0Mg/L: Oxygen, SBE 43 [mg/l]
# name 3 = sbeox0PS: Oxygen, SBE 43 [% saturation]
# name 4 = specc: Specific Conductance [uS/cm]
# name 5 = c0uS/cm: Conductivity [uS/cm]
# name 6 = wetCDOM: Fluorescence, WET Labs CDOM [mg/m^3]
# name 7 = flECO-AFL: Fluorescence, WET Labs ECO-AFL/FL [mg/m^3]
# name 8 = flECO-AFL1: Fluorescence, WET Labs ECO-AFL/FL, 2 [mg/m^3]
# name 9 = flECO-AFL2: Fluorescence, WET Labs ECO-AFL/FL, 3 [mg/m^3]
# name 10 = par/sat/log: PAR/Logarithmic, Satlantic
# name 11 = turbWETntu0: Turbidity, WET Labs ECO [NTU]
# name 12 = prdM: Pressure, Strain Gauge [db]
# name 13 = prdE: Pressure, Strain Gauge [psi]
# name 14 = tv290C: Temperature [ITS-90, deg C]
# name 15 = flag:  0.000e+00
# span 0 =     -0.696,      5.966       
# span 1 =     -0.154,      0.139       
# span 2 =     0.0326,     9.7915       
# span 3 =      0.307,    123.735       
# span 4 =   -635.663,    328.727       
# span 5 =-507.491213, 242.657612       
# span 6 =    -4.5000,    55.8900       
# span 7 =    -2.6306,   245.1530       
# span 8 =    -2.1300,     1.0224       
# span 9 =    -6.8526,     9.2637       
# span 10 = 1.1580e-01, 1.7531e+03      
# span 11 =    -7.9836,   971.0642      
# span 12 =     -0.683,      5.851      
# span 13 =     -0.989,      8.487      
# span 14 =    11.9031,    27.3995      
# span 15 = 0.0000e+00, 0.0000e+00      
# interval = seconds: 0.25
# start_time = Jul 14 2025 09:01:00 [Instrument's time stamp, header]
# bad_flag = -9.990e-29
*END*
[from data line 362]
      0.165      0.003     5.1553    109.178     31.683  33.166407    20.7900     4.0147     0.1278     0.8883 3.8761e+02     6.6847      0.161      0.234    27.1497 0.0000e+00
      0.165      0.003     5.9703    116.971     31.661  33.155456    20.7900     4.0261     0.1278     0.8883 4.4739e+02     6.4884      0.162      0.236    27.2102 0.0000e+00
      0.166      0.004     6.9081    121.847     31.636  33.138142    20.7900     3.9689     0.1278     0.8883 3.9475e+02     6.6394      0.163      0.237    27.2631 0.0000e+00
      0.167      0.004     7.8360    123.735     31.621  33.127777    20.7900     3.9536     0.1278     0.8883 3.6173e+02     6.5639      0.164      0.238    27.3041 0.0000e+00
      0.169      0.005     8.6437    123.014     31.621  33.131555    20.7900     3.9765     0.1278     0.9729 3.4194e+02     6.6545      0.166      0.240    27.3337 0.0000e+00
      0.170      0.005     9.2585    120.509     31.637  33.150483    20.7900     4.0032     0.1278     0.9729 3.9304e+02     6.5488      0.167      0.241    27.3539 0.0000e+00
      0.171      0.005     9.6430    117.209     31.656  33.171683    20.7900     4.0414     0.1278     0.9729 3.3220e+02     6.4279      0.168      0.243    27.3671 0.0000e+00
      0.173      0.005     9.7915    113.880     31.656  33.172922    20.7900     4.0147     0.1278     0.9729 3.4402e+02     6.2769      0.170      0.246    27.3756 0.0000e+00
      0.174      0.005     9.7339    110.933     31.646  33.162499    20.7900     4.0223     0.1704     1.0152 3.2939e+02     6.3826      0.171      0.248    27.3810 0.0000e+00
      0.176      0.004     9.5352    108.509     31.640  33.157552    20.7900     4.0337     0.1704     1.0152 3.3263e+02     6.3373      0.173      0.250    27.3847 0.0000e+00
      0.177      0.003     9.2738    106.604     31.637  33.154770    20.7900     4.0375     0.1704     1.0152 3.7437e+02     6.6394      0.173      0.251    27.3873 0.0000e+00
      0.177      0.001     9.0102    105.151     31.636  33.153411    20.7900     4.0643     0.1704     1.0152 3.7731e+02     6.5186      0.174      0.252    27.3892 0.0000e+00
      0.177     -0.001     8.7769    104.072     31.636  33.153113    20.7900     4.0375     0.2130     1.0575 3.2932e+02     6.5941      0.174      0.252    27.3905 0.0000e+00
      0.176     -0.002     8.5850    103.284     31.623  33.139853    20.7900     4.0604     0.2130     1.0575 3.8342e+02     6.5790      0.173      0.251    27.3913 0.0000e+00
      0.175     -0.003     8.4342    102.711     31.597  33.112088    20.7900     4.0185     0.2130     1.0575 3.7633e+02     6.5186      0.172      0.249    27.3918 0.0000e+00
      0.174     -0.004     8.3192    102.304     31.585  33.100258    20.7900     3.9574     0.2130     1.0575 3.5496e+02     6.3373      0.171      0.247    27.3921 0.0000e+00
      0.173     -0.004     8.2339    102.018     31.598  33.113157    20.7900     3.9613     0.2130     1.0575 4.2567e+02     6.4430      0.169      0.245    27.3923 0.0000e+00
      0.171     -0.004     8.1715    101.809     31.608  33.124350    20.7000     3.9422     0.1704     0.8883 3.5051e+02     6.3373      0.168      0.243    27.3922 0.0000e+00
      0.170     -0.004     8.1262    101.653     31.611  33.126863    20.7000     3.9765     0.1704     0.8883 4.3464e+02     6.3675      0.167      0.242    27.3921 0.0000e+00
      0.169     -0.003     8.0940    101.535     31.611  33.127341    20.7000     3.9574     0.1704     0.8883 3.7339e+02     6.5488      0.166      0.241    27.3920 0.0000e+00
      0.168     -0.001     8.0714    101.443     31.610  33.125910    20.7000     3.9384     0.1704     0.8883 3.8201e+02     6.6545      0.165      0.240    27.3918 0.0000e+00
      0.168     -0.000     8.0549    101.372     31.610  33.126174    20.7000     3.9574     0.1704     0.9306 3.3531e+02     6.5941      0.165      0.239    27.3916 0.0000e+00
      0.168      0.001     8.0425    101.320     31.610  33.126212    20.7000     3.9613     0.1704     0.9306 4.3474e+02     6.5488      0.165      0.239    27.3915 0.0000e+00
      0.169      0.001     8.0332    101.285     31.611  33.128024    20.7000     4.0223     0.1704     0.9306 3.5954e+02     6.2920      0.165      0.240    27.3915 0.0000e+00
      0.169      0.002     8.0259    101.263     31.629  33.146036    20.7000     4.0337     0.1704     0.9306 3.8652e+02     6.3675      0.166      0.241    27.3918 0.0000e+00
      0.170      0.002     8.0202    101.237     31.651  33.169119    20.7000     4.0032     0.1278     0.9306 3.8956e+02     6.3373      0.167      0.242    27.3923 0.0000e+00
      0.171      0.002     8.0160    101.194     31.659  33.177532    20.7000     4.0223     0.1278     0.9306 3.8077e+02     6.4430      0.168      0.243    27.3927 0.0000e+00
      0.171      0.002     8.0133    101.150     31.664  33.183480    20.7000     3.9193     0.1278     0.9306 5.4026e+02     6.3977      0.168      0.244    27.3929 0.0000e+00
      0.172      0.002     8.0115    101.129     31.677  33.196515    20.7000     3.9040     0.1278     0.9306 4.0730e+02     6.4430      0.169      0.245    27.3927 0.0000e+00
      0.172      0.002     8.0095    101.141     31.684  33.204179    20.7000     3.9117     0.1278     0.9306 4.8421e+02     6.3675      0.169      0.245    27.3924 0.0000e+00
      0.173      0.001     8.0061    101.190     31.688  33.208515    20.7000     3.9002     0.1278     0.9729 5.8004e+02     6.2920      0.169      0.246    27.3922 0.0000e+00
      0.173      0.001     8.0026    101.274     31.691  33.212672    20.7000     3.9727     0.1278     0.9729 4.7011e+02     6.4430      0.170      0.246    27.3923 0.0000e+00
      0.173      0.001     8.0009    101.378     31.682  33.203816    20.7000     3.9765     0.1278     0.9729 3.5736e+02     6.3373      0.170      0.247    27.3925 0.0000e+00
      0.173      0.001     8.0018    101.468     31.667  33.187552    20.7000     3.9613     0.1278     0.9729 4.4739e+02     6.3977      0.170      0.247    27.3928 0.0000e+00
      0.173      0.000     8.0056    101.541     31.655  33.175478    20.7900     3.9918     0.1278     0.8883 3.5150e+02     6.3373      0.170      0.247    27.3933 0.0000e+00
      0.173      0.000     8.0122    101.588     31.650  33.170349    20.7900     4.2893     0.1278     0.8883 5.4014e+02     6.4279      0.170      0.247    27.3938 0.0000e+00
      0.173      0.000     8.0203    101.590     31.654  33.174781    20.7900     4.2664     0.1278     0.8883 4.2976e+02     6.3524      0.170      0.247    27.3944 0.0000e+00
      0.173     -0.001     8.0274    101.571     31.659  33.179997    20.7900     4.2931     0.1278     0.8883 4.9733e+02     6.3675      0.170      0.246    27.3948 0.0000e+00
      0.173     -0.001     8.0331    101.560     31.657  33.177429    20.7900     4.2664     0.1704     0.8460 4.2290e+02     6.3373      0.170      0.246    27.3950 0.0000e+00
      0.172     -0.002     8.0368    101.549     31.653  33.172368    20.7900     4.2016     0.1704     0.8460 4.0783e+02     6.1409      0.169      0.245    27.3951 0.0000e+00
      0.172     -0.002     8.0371    101.518     31.654  33.173423    20.7900     4.2092     0.1704     0.8460 4.3578e+02     6.1107      0.169      0.245    27.3949 0.0000e+00
      0.171     -0.002     8.0356    101.480     31.660  33.178883    20.7900     4.2054     0.1704     0.8460 4.7319e+02     6.1711      0.168      0.244    27.3945 0.0000e+00
      0.171     -0.003     8.0348    101.458     31.661  33.180246    20.7900     4.2016     0.1278     0.8883 5.0484e+02     6.1711      0.167      0.243    27.3939 0.0000e+00
      0.170     -0.003     8.0340    101.470     31.661  33.179866    20.7900     4.1558     0.1278     0.8883 4.7278e+02     6.3977      0.167      0.242    27.3933 0.0000e+00
      0.169     -0.003     8.0317    101.509     31.665  33.183618    20.7900     4.1215     0.1278     0.8883 3.9967e+02     6.4279      0.166      0.240    27.3927 0.0000e+00
      0.168     -0.003     8.0287    101.550     31.668  33.186527    20.7900     4.1520     0.1278     0.8883 4.0194e+02     6.3826      0.165      0.239    27.3921 0.0000e+00
      0.167     -0.002     8.0271    101.581     31.669  33.187377    20.7900     4.1558     0.1278     0.8883 3.8863e+02     6.2769      0.164      0.238    27.3917 0.0000e+00
      0.167     -0.002     8.0281    101.606     31.672  33.190378    20.7900     4.0833     0.1704     0.9729 4.0465e+02     6.3373      0.164      0.237    27.3913 0.0000e+00
      0.167     -0.002     8.0312    101.635     31.672  33.190355    20.7900     4.0948     0.1704     0.9729 4.8908e+02     6.3675      0.163      0.237    27.3910 0.0000e+00
      0.166     -0.001     8.0344    101.676     31.669  33.187301    20.7900     4.0757     0.1704     0.9729 4.8033e+02     6.3524      0.163      0.237    27.3908 0.0000e+00
      0.166     -0.001     8.0369    101.719     31.668  33.186379    20.7900     4.0757     0.1704     0.9729 4.1453e+02     6.3977      0.163      0.236    27.3909 0.0000e+00
      0.166     -0.001     8.0389    101.734     31.663  33.181366    20.7900     4.3275     0.1704     0.8883 3.9544e+02     6.3675      0.163      0.236    27.3910 0.0000e+00
      0.166     -0.001     8.0411    101.703     31.649  33.166942    20.7900     4.3313     0.1704     0.8883 3.9863e+02     6.3373      0.162      0.236    27.3913 0.0000e+00
      0.166     -0.001     8.0443    101.633     31.634  33.151212    20.7900     4.3084     0.1704     0.8883 3.9561e+02     6.2316      0.162      0.235    27.3915 0.0000e+00
      0.165     -0.002     8.0477    101.558     31.627  33.143923    20.7900     4.3389     0.1704     0.8883 4.1363e+02     6.3977      0.162      0.235    27.3917 0.0000e+00
      0.165     -0.002     8.0489    101.513     31.622  33.139148    20.7900     4.1405     0.1704     0.9306 3.8293e+02     6.3977      0.162      0.234    27.3917 0.0000e+00
      0.164     -0.003     8.0465    101.505     31.623  33.139598    20.7900     4.1367     0.1704     0.9306 5.6144e+02     6.4128      0.161      0.233    27.3917 0.0000e+00
      0.163     -0.003     8.0409    101.519     31.639  33.157343    20.7900     4.1405     0.1704     0.9306 3.9066e+02     6.2920      0.160      0.232    27.3915 0.0000e+00
      0.162     -0.004     8.0350    101.551     31.652  33.171222    20.7900     4.1291     0.1704     0.9306 4.9238e+02     6.2769      0.159      0.231    27.3915 0.0000e+00
      0.161     -0.004     8.0315    101.596     31.641  33.159042    20.7900     4.2702     0.1704     0.9306 5.3710e+02     6.2920      0.158      0.230    27.3916 0.0000e+00
      0.160     -0.004     8.0308    101.632     31.611  33.127514    20.7900     4.2702     0.1704     0.9306 4.2604e+02     6.3373      0.157      0.228    27.3918 0.0000e+00
      0.159     -0.004     8.0318    101.644     31.579  33.094125    20.7900     4.2664     0.1704     0.9306 4.6281e+02     6.3826      0.156      0.226    27.3921 0.0000e+00
      0.158     -0.004     8.0343    101.623     31.567  33.081840    20.7900     4.2741     0.1704     0.9306 4.5385e+02     6.4733      0.155      0.225    27.3924 0.0000e+00
      0.157     -0.004     8.0378    101.575     31.572  33.087383    20.7900     4.0833     0.1704     0.9306 4.9560e+02     6.2920      0.154      0.224    27.3926 0.0000e+00
      0.156     -0.003     8.0407    101.521     31.573  33.088329    20.7900     4.0948     0.1704     1.0152 4.9442e+02     6.3222      0.153      0.223    27.3928 0.0000e+00
      0.156     -0.003     8.0416    101.473     31.566  33.080948    20.7900     4.0986     0.1704     1.0152 3.9296e+02     6.3071      0.153      0.222    27.3928 0.0000e+00
      0.155     -0.003     8.0400    101.441     31.561  33.075223    20.7900     4.0719     0.1704     1.0152 3.5074e+02     6.3222      0.152      0.221    27.3927 0.0000e+00
      0.154     -0.003     8.0362    101.442     31.563  33.077593    20.7900     3.9803     0.1704     1.0152 4.6111e+02     6.3071      0.151      0.219    27.3927 0.0000e+00
      0.153     -0.002     8.0319    101.472     31.574  33.088692    20.7000     3.9536     0.1704     0.8037 4.8505e+02     6.2316      0.150      0.218    27.3926 0.0000e+00
      0.153     -0.002     8.0281    101.516     31.596  33.111478    20.7000     3.9727     0.1704     0.8037 4.5981e+02     6.3524      0.150      0.217    27.3926 0.0000e+00
      0.153     -0.002     8.0256    101.563     31.619  33.136094    20.7000     3.9574     0.1704     0.8037 3.3430e+02     6.3675      0.150      0.217    27.3926 0.0000e+00
      0.153     -0.001     8.0256    101.596     31.631  33.149185    20.7000     4.0108     0.1704     0.8037 3.1758e+02     6.4430      0.150      0.217    27.3927 0.0000e+00
      0.152     -0.000     8.0280    101.595     31.640  33.158226    20.7000     4.0375     0.1278     0.8883 2.9587e+02     6.4279      0.149      0.217    27.3928 0.0000e+00
      0.152     -0.000     8.0314    101.581     31.658  33.177579    20.7000     4.0414     0.1278     0.8883 3.9168e+02     6.3675      0.149      0.217    27.3929 0.0000e+00
      0.152     -0.000     8.0352    101.583     31.678  33.198463    20.7000     4.0185     0.1278     0.8883 3.5650e+02     6.3977      0.149      0.217    27.3931 0.0000e+00
      0.152     -0.000     8.0377    101.594     31.684  33.204535    20.7000     4.0261     0.1278     0.8883 3.8501e+02     6.3071      0.149      0.217    27.3933 0.0000e+00
      0.152     -0.000     8.0376    101.593     31.681  33.201400    20.7000     4.0223     0.1704     0.8460 4.1970e+02     6.3071      0.149      0.216    27.3935 0.0000e+00
      0.152     -0.000     8.0365    101.580     31.680  33.200172    20.7000     4.0414     0.1704     0.8460 6.2289e+02     6.3524      0.149      0.216    27.3937 0.0000e+00
      0.152     -0.000     8.0367    101.563     31.690  33.210483    20.7000     4.0452     0.1704     0.8460 3.4650e+02     6.3675      0.149      0.216    27.3938 0.0000e+00
      0.152     -0.000     8.0375    101.554     31.702  33.223130    20.7000     4.1863     0.1704     0.8460 3.1669e+02     6.3977      0.149      0.216    27.3938 0.0000e+00
      0.152      0.000     8.0375    101.558     31.703  33.223562    20.7000     4.2245     0.1704     0.8460 3.0053e+02     6.4279      0.149      0.216    27.3936 0.0000e+00
      0.152      0.000     8.0365    101.564     31.699  33.219859    20.7900     4.2016     0.1704     0.8883 3.3422e+02     6.3373      0.149      0.215    27.3933 0.0000e+00
      0.151      0.000     8.0352    101.566     31.695  33.215018    20.7900     4.1825     0.1704     0.8883 3.8234e+02     6.3977      0.148      0.215    27.3929 0.0000e+00
      0.151      0.000     8.0345    101.574     31.693  33.213724    20.7900     4.0719     0.1704     0.8883 5.4014e+02     6.3977      0.148      0.215    27.3925 0.0000e+00
      0.152      0.001     8.0349    101.585     31.691  33.211648    20.7900     4.1177     0.1704     0.8883 5.0102e+02     6.3373      0.149      0.215    27.3922 0.0000e+00
      0.152      0.001     8.0354    101.584     31.671  33.190310    20.7000     4.0871     0.1278     1.0152 5.0803e+02     6.2618      0.149      0.216    27.3920 0.0000e+00
      0.152      0.002     8.0355    101.570     31.648  33.165930    20.7000     4.0871     0.1278     1.0152 4.4044e+02     6.2920      0.149      0.216    27.3919 0.0000e+00
      0.153      0.002     8.0362    101.554     31.638  33.155907    20.7000     4.1596     0.1278     1.0152 5.7340e+02     6.4430      0.150      0.217    27.3920 0.0000e+00
      0.153      0.002     8.0370    101.531     31.634  33.151594    20.7000     4.1520     0.1278     1.0152 5.1470e+02     6.3373      0.150      0.218    27.3921 0.0000e+00
