Data/DataNotYetUploadedToEDI/Raw_CTD/RawDownloads/071425_fcr10_S7809002.cnv
* Sea-Bird SBE19plus  Data File:
* FileName = C:\R\Reservoirs\Data\DataNotYetUploadedToEDI\Raw_CTD\RawDownloads\071425_fcr50_S7809_0002.hex
* Software version 2.8.0.119
* Temperature SN = 7809
* Conductivity SN = 7809
* System UpLoad Time = Jul 14 2025 17:13:24
* <ApplicationData>
* <Seaterm232>
# nquan = 15
# nvalues = 1878                        
# units = specified
# name 0 = depFM: Depth [fresh water, m]
# name 1 = dz/dtM: Descent Rate [m/s]
# name 2 = sbeox0Mg/L: Oxygen, SBE 43 [mg/l]
# name 3 = sbeox0PS: Oxygen, SBE 43 [% saturation]
# name 4 = specc: Specific Conductance [uS/cm]
# name 5 = c0uS/cm: Conductivity [uS/cm]
# name 6 = flECO-AFL: Fluorescence, WET Labs ECO-AFL/FL [mg/m^3]
# name 7 = ph: pH
# name 8 = orp: Oxidation Reduction Potential [mV]
# name 9 = par/sat/log: PAR/Logarithmic, Satlantic
# name 10 = turbWETntu0: Turbidity, WET Labs ECO [NTU]
# name 11 = prdM: Pressure, Strain Gauge [db]
# name 12 = prdE: Pressure, Strain Gauge [psi]
# name 13 = tv290C: Temperature [ITS-90, deg C]
# name 14 = flag:  0.000e+00
# span 0 =     -0.635,      2.396       
# span 1 =     -0.372,      0.161       
# span 2 =     0.0135,     8.8467       
# span 3 =      0.157,    111.839       
# span 4 =      0.515,     99.787       
# span 5 =   0.581954,  88.577103       
# span 6 =    -0.9933,    33.3637       
# span 7 =     -1.882,      8.988       
# span 8 = -1240.7455,   211.4167       
# span 9 = 1.2342e-01, 2.4123e+03       
# span 10 =    -1.4691,   196.1909      
# span 11 =     -0.623,      2.351      
# span 12 =     -0.904,      3.409      
# span 13 =    19.1491,    31.5913      
# span 14 = 0.0000e+00, 0.0000e+00      
# interval = seconds: 0.25
# start_time = Jul 14 2025 12:03:06 [Instrument's time stamp, header]
# bad_flag = -9.990e-29
*END*
[from data line 1350]
      2.268      0.002     0.0231      0.254     91.510  81.209801     4.0721      8.350    45.9167 2.0752e+00    11.2400      2.224      3.225    19.3784 0.0000e+00
      2.269      0.003     0.0228      0.240     91.643  81.332237     4.1004      8.352    44.8439 1.9892e+00    11.3700      2.225      3.227    19.3745 0.0000e+00
      2.270      0.003     0.0235      0.230     91.654  81.342094     4.0478      8.353    43.7252 1.9262e+00    11.4615      2.226      3.228    19.3655 0.0000e+00
      2.270      0.003     0.0245      0.219     91.928  81.583362     3.9263      8.355    42.6297 1.8516e+00    11.5945      2.227      3.230    19.3619 0.0000e+00
      2.271      0.002     0.0239      0.204     92.498  82.087170     3.8385      8.356    41.5791 1.7736e+00    11.6128      2.226      3.229    19.3681 0.0000e+00
      2.272      0.002     0.0215      0.195     93.083  82.600382     3.8189      8.357    40.5733 1.6990e+00    11.5459      2.227      3.231    19.3713 0.0000e+00
      2.273      0.002     0.0214      0.201     93.779  83.209618     3.8467      8.359    39.5880 1.6549e+00    11.5028      2.229      3.233    19.3698 0.0000e+00
      2.273      0.002     0.0204      0.222     94.518  83.856712     3.9089      8.361    38.5282 1.6459e+00    11.4338      2.229      3.233    19.3692 0.0000e+00
      2.273      0.002     0.0184      0.244     94.975  84.255112     3.9459      8.361    37.3104 1.6286e+00    11.3606      2.228      3.232    19.3691 0.0000e+00
      2.273      0.002     0.0175      0.256     94.855  84.146939     3.9532      8.363    36.1337 1.5926e+00    11.2670      2.229      3.234    19.3655 0.0000e+00
      2.274      0.002     0.0178      0.258     94.261  83.630023     4.0883      8.365    35.1420 1.5410e+00    11.3258      2.230      3.235    19.3600 0.0000e+00
      2.275      0.002     0.0203      0.248     93.634  83.093237     4.3390      8.366    34.2680 1.4803e+00    11.6268      2.230      3.235    19.3553 0.0000e+00
      2.276      0.002     0.0230      0.247     93.227  82.744726     4.4543      8.367    33.4818 1.4259e+00    11.8326      2.232      3.237    19.3517 0.0000e+00
      2.276      0.003     0.0236      0.252     93.203  82.723343     4.4333      8.368    32.7773 1.3754e+00    11.8681      2.232      3.237    19.3483 0.0000e+00
      2.277      0.003     0.0248      0.250     93.481  82.961898     4.3098      8.369    32.1173 1.3279e+00    11.9189      2.233      3.238    19.3534 0.0000e+00
      2.277      0.003     0.0219      0.246     93.847  83.275932     4.1016      8.371    31.4384 1.2849e+00    12.0366      2.233      3.238    19.3687 0.0000e+00
      2.278      0.003     0.0227      0.247     94.220  83.594736     3.9975      8.374    30.7638 1.2384e+00    12.1291      2.233      3.240    19.3769 0.0000e+00
      2.279      0.003     0.0238      0.252     94.213  83.572906     3.9915      8.376    30.1552 1.1859e+00    12.0814      2.235      3.242    19.3750 0.0000e+00
      2.280      0.002     0.0228      0.257     93.742  83.139151     3.9550      8.378    29.5857 1.1389e+00    11.9043      2.235      3.242    19.3696 0.0000e+00
      2.280      0.002     0.0225      0.257     93.299  82.738589     3.7305      8.378    28.9543 1.1024e+00    11.3545      2.236      3.243    19.3632 0.0000e+00
      2.280      0.002     0.0227      0.258     92.937  82.418476     3.3663      8.378    28.2002 1.0719e+00    10.4886      2.237      3.244    19.3582 0.0000e+00
      2.280      0.001     0.0232      0.258     92.535  82.066970     3.1965      8.379    27.2655 1.0542e+00    10.0771      2.236      3.244    19.3489 0.0000e+00
      2.281      0.001     0.0239      0.243     92.160  81.731975     3.2096      8.381    26.1709 1.0475e+00    10.0683      2.237      3.245    19.3378 0.0000e+00
      2.281      0.001     0.0238      0.242     91.825  81.420645     3.2832      8.382    25.0319 1.0365e+00     9.8020      2.237      3.245    19.3342 0.0000e+00
      2.282      0.001     0.0229      0.255     91.700  81.291602     3.4121      8.384    23.9047 1.0156e+00     9.3165      2.238      3.245    19.3356 0.0000e+00
      2.282      0.001     0.0255      0.256     91.813  81.379982     3.4860      8.385    22.7806 9.9198e-01     9.0146      2.238      3.246    19.3399 0.0000e+00
      2.282      0.001     0.0209      0.241     91.922  81.471727     3.5116      8.386    21.6796 9.7889e-01     8.9869      2.239      3.247    19.3412 0.0000e+00
      2.282      0.001     0.0218      0.220     91.896  81.446978     3.7458      8.387    20.5722 9.7810e-01     9.2884      2.238      3.246    19.3305 0.0000e+00
      2.282      0.001     0.0242      0.219     91.841  81.398717     4.1957      8.388    19.4587 9.8338e-01     9.7908      2.238      3.246    19.3181 0.0000e+00
      2.283      0.001     0.0238      0.223     91.909  81.460539     4.4570      8.389    18.3679 9.8608e-01    10.0747      2.239      3.247    19.3126 0.0000e+00
      2.283      0.001     0.0234      0.219     92.018  81.558532     4.5079      8.390    17.2783 9.7341e-01    10.1933      2.239      3.248    19.3104 0.0000e+00
      2.283      0.001     0.0184      0.216     92.026  81.566050     4.5777      8.391    16.2650 9.6336e-01    10.1322      2.239      3.247    19.3097 0.0000e+00
      2.284      0.001     0.0207      0.215     91.866  81.424241     4.6599      8.393    15.4089 9.6580e-01     9.8137      2.240      3.248    19.3099 0.0000e+00
      2.284      0.001     0.0209      0.221     91.523  81.115804     4.6780      8.394    14.6709 9.4829e-01     9.5537      2.240      3.249    19.3111 0.0000e+00
      2.284      0.001     0.0198      0.229     91.133  80.762039     4.6808      8.394    13.9666 9.2473e-01     9.5501      2.240      3.249    19.3122 0.0000e+00
      2.284      0.001     0.0204      0.232     90.859  80.517270     4.8344      8.395    13.2603 9.2170e-01     9.8381      2.240      3.249    19.3125 0.0000e+00
      2.285      0.001     0.0192      0.234     90.766  80.445608     5.0872      8.396    12.5839 9.1103e-01    10.2352      2.240      3.249    19.3134 0.0000e+00
      2.285      0.001     0.0203      0.234     90.982  80.658683     5.2067      8.398    11.8975 8.8608e-01    10.3546      2.241      3.250    19.3112 0.0000e+00
      2.286      0.001     0.0216      0.229     91.484  81.122236     5.2147      8.399    11.0690 8.6966e-01    10.2569      2.242      3.251    19.3044 0.0000e+00
      2.286      0.001     0.0213      0.229     91.800  81.408187     5.2668      8.400    10.2247 8.6419e-01    10.1134      2.241      3.251    19.3009 0.0000e+00
      2.286      0.001     0.0214      0.243     91.699  81.318025     5.3538      8.400     9.4325 8.5715e-01     9.9170      2.241      3.251    19.3078 0.0000e+00
      2.286      0.001     0.0222      0.261     91.534  81.176775     5.4007      8.400     8.5463 8.4896e-01     9.8293      2.241      3.251    19.3228 0.0000e+00
      2.286      0.001     0.0208      0.277     91.503  81.163004     5.4352      8.401     7.7689 8.5164e-01     9.8393      2.242      3.251    19.3351 0.0000e+00
      2.286      0.001     0.0205      0.295     91.403  81.087947     5.6460      8.403     7.2594 8.5276e-01     9.9348      2.242      3.251    19.3370 0.0000e+00
      2.286      0.002     0.0221      0.310     91.041  80.778029     6.0018      8.405     6.7746 8.3735e-01    10.0962      2.242      3.252    19.3334 0.0000e+00
      2.286      0.002     0.0244      0.300     90.534  80.341043     6.1744      8.406     6.2092 8.1724e-01    10.1177      2.242      3.252    19.3357 0.0000e+00
      2.287      0.002     0.0252      0.275     90.126  80.001399     6.1519      8.406     5.5002 7.9684e-01     9.9883      2.243      3.253    19.3449 0.0000e+00
      2.288      0.003     0.0270      0.261     89.847  79.787362     6.1125      8.407     4.5683 7.6673e-01     9.8985      2.244      3.255    19.3538 0.0000e+00
      2.289      0.003     0.0296      0.267     89.662  79.660844     5.8976      8.408     3.5462 7.3531e-01     9.8524      2.245      3.256    19.3592 0.0000e+00
      2.290      0.003     0.0283      0.272     89.578  79.616325     5.5089      8.408     2.4346 7.1357e-01     9.7725      2.245      3.256    19.3640 0.0000e+00
      2.291      0.003     0.0245      0.269     89.502  79.567068     5.3083      8.409     1.1943 6.9542e-01     9.7523      2.246      3.258    19.3759 0.0000e+00
      2.291      0.002     0.0230      0.254     89.355  79.446823     5.2790      8.409    -0.0927 6.7522e-01     9.7778      2.246      3.258    19.3965 0.0000e+00
      2.292      0.002     0.0249      0.238     89.261  79.370625     5.1048      8.409    -1.4261 6.5623e-01     9.7061      2.248      3.259    19.4194 0.0000e+00
      2.292      0.002     0.0253      0.240     89.085  79.218066     4.7994      8.409    -2.7955 6.4632e-01     9.5682      2.248      3.260    19.4377 0.0000e+00
      2.292      0.002     0.0250      0.250     88.271  78.492454     4.6251      8.410    -4.0886 6.4123e-01     9.5113      2.248      3.260    19.4475 0.0000e+00
      2.292      0.002     0.0238      0.245     87.046  77.400815     4.6039      8.411    -5.2728 6.3812e-01     9.5642      2.248      3.260    19.4509 0.0000e+00
      2.293      0.002     0.0208      0.245     86.182  76.637478     4.5508      8.413    -6.4447 6.3682e-01     9.6276      2.249      3.261    19.4554 0.0000e+00
      2.293      0.002     0.0218      0.265     85.809  76.320479     4.4240      8.414    -7.5891 6.2154e-01     9.5946      2.249      3.261    19.4593 0.0000e+00
      2.294      0.002     0.0240      0.275     85.762  76.301901     4.3439      8.415    -8.6131 5.9405e-01     9.4719      2.250      3.263    19.4563 0.0000e+00
      2.295      0.002     0.0226      0.272     85.791  76.349312     4.3233      8.416    -9.5336 5.6507e-01     9.3399      2.251      3.264    19.4535 0.0000e+00
      2.296      0.002     0.0208      0.277     85.455  76.067246     4.3333      8.416   -10.5458 5.3951e-01     9.3313      2.252      3.266    19.4555 0.0000e+00
      2.297      0.002     0.0253      0.271     84.577  75.307379     4.3983      8.417   -11.8166 5.3175e-01     9.4707      2.253      3.267    19.4642 0.0000e+00
      2.297      0.001     0.0263      0.258     83.601  74.472972     4.4682      8.417   -13.1114 5.4124e-01     9.6245      2.252      3.267    19.4801 0.0000e+00
      2.297      0.001     0.0234      0.253     83.085  74.052368     4.5287      8.417   -14.3283 5.5679e-01     9.7215      2.252      3.266    19.4939 0.0000e+00
      2.297      0.002     0.0269      0.262     83.031  74.036267     4.7393      8.417   -15.5162 5.4989e-01     9.9267      2.252      3.267    19.5014 0.0000e+00
      2.297      0.002     0.0246      0.282     83.211  74.214775     5.0754      8.417   -16.2895 5.0394e-01    10.1929      2.253      3.268    19.5118 0.0000e+00
      2.298      0.002     0.0235      0.297     83.446  74.430732     5.2382      8.418   -16.5366 4.6932e-01    10.2065      2.253      3.268    19.5344 0.0000e+00
      2.299      0.002     0.0229      0.311     83.433  74.422400     5.2588      8.419   -16.7832 4.7268e-01    10.1598      2.255      3.270    19.5614 0.0000e+00
      2.300      0.002     0.0228      0.309     82.858  73.923316     5.4173      8.421   -17.3781 4.8690e-01    10.5499      2.255      3.271    19.5819 0.0000e+00
      2.300      0.001     0.0271      0.288     81.905  73.100536     5.6974      8.421   -18.2231 4.9994e-01    11.2346      2.255      3.271    19.5930 0.0000e+00
      2.300      0.001     0.0265      0.284     81.248  72.547486     5.8488      8.421   -19.2556 5.0405e-01    11.6064      2.255      3.271    19.5942 0.0000e+00
      2.300      0.001     0.0292      0.290     81.182  72.512578     5.8658      8.422   -20.3124 5.0147e-01    11.6301      2.255      3.271    19.5927 0.0000e+00
      2.300      0.001     0.0300      0.278     81.359  72.678510     5.8533      8.423   -21.0207 5.0012e-01    11.6231      2.256      3.271    19.6000 0.0000e+00
      2.300      0.001     0.0248      0.264     81.467  72.773922     5.8232      8.423   -21.1945 4.9683e-01    12.5118      2.255      3.271    19.6193 0.0000e+00
      2.301      0.000     0.0254      0.264     81.468  72.776263     5.8095      8.424   -20.8652 4.9258e-01    14.2796      2.256      3.272    19.6436 0.0000e+00
      2.301     -0.001     0.0282      0.263     81.173  72.516123     5.8215      8.425   -20.4811 4.8784e-01    15.3027      2.257      3.273    19.6601 0.0000e+00
      2.301     -0.001     0.0251      0.266     80.714  72.107636     5.8257      8.426   -20.5940 4.9587e-01    15.3523      2.257      3.273    19.6625 0.0000e+00
      2.300      0.000     0.0232      0.280     80.554  71.969004     5.7357      8.427   -21.0247 5.1859e-01    14.2644      2.256      3.271    19.6582 0.0000e+00
      2.299 4.0981e-07     0.0247      0.286     80.422  71.856991     5.5819      8.428   -21.3875 5.2975e-01    12.2260      2.254      3.269    19.6593 0.0000e+00
      2.299      0.000     0.0238      0.288     79.963  71.452497     5.4981      8.429   -21.7113 5.2368e-01    11.0311      2.254      3.269    19.6640 0.0000e+00
      2.300      0.000     0.0235      0.298     79.546  71.082750     5.4801      8.429   -22.0144 5.1696e-01    10.8511      2.256      3.271    19.6632 0.0000e+00
      2.300      0.001     0.0263      0.302     79.393  70.945889     5.4476      8.430   -22.2989 5.1703e-01    10.6646      2.257      3.273    19.6654 0.0000e+00
      2.300      0.001     0.0265      0.301     79.320  70.878266     5.3964      8.430   -22.6553 5.2602e-01    10.3801      2.256      3.272    19.6717 0.0000e+00
      2.300      0.001     0.0254      0.304     79.201  70.773603     5.3679      8.430   -23.0551 5.3711e-01    10.2811      2.255      3.270    19.6733 0.0000e+00
      2.300      0.001     0.0278      0.301     79.037  70.633815     5.3525      8.430   -23.4327 5.3985e-01    10.2536      2.256      3.271    19.6766 0.0000e+00
      2.300      0.001     0.0280      0.288     78.904  70.522880     5.2190      8.431   -23.6925 5.3866e-01    10.0127      2.256      3.272    19.6772 0.0000e+00
      2.301      0.001     0.0269      0.277     78.744  70.385702     4.9768      8.433   -23.8730 5.3325e-01     9.6584      2.257      3.273    19.6717 0.0000e+00
      2.301      0.000     0.0283      0.277     78.513  70.182826     4.8463      8.433   -24.2391 5.2625e-01     9.4875      2.257      3.274    19.6739 0.0000e+00
      2.301 5.4371e-08     0.0279      0.277     78.273  69.976683     4.8483      8.433   -24.7634 5.3280e-01     9.5517      2.257      3.273    19.6792 0.0000e+00
      2.301 5.9808e-07     0.0262      0.268     78.059  69.799997     4.8509      8.434   -25.3088 5.4467e-01    10.0243      2.257      3.273    19.6846 0.0000e+00
      2.300      0.000     0.0248      0.261     77.934  69.699047     4.8119      8.435   -25.9286 5.4684e-01    10.7269      2.256      3.272    19.6893 0.0000e+00
      2.300      0.000     0.0250      0.257     77.874  69.645909     4.7674      8.437   -26.5789 5.4545e-01    11.0099      2.256      3.271    19.6884 0.0000e+00
      2.301      0.001     0.0262      0.268     77.831  69.602405     4.7538      8.438   -27.2344 5.4393e-01    10.9870      2.257      3.273    19.6935 0.0000e+00
      2.301      0.001     0.0236      0.297     77.854  69.617934     4.9134      8.438   -27.9179 5.4998e-01    11.5090      2.257      3.273    19.7065 0.0000e+00
      2.301      0.001     0.0242      0.316     78.026  69.770104     5.2159      8.438   -28.7348 5.5508e-01    12.5740      2.257      3.273    19.7151 0.0000e+00
