Data/DataNotYetUploadedToEDI/Raw_CTD/RawDownloads/071425_fcr30_S7809004.cnv
* Sea-Bird SBE19plus  Data File:
* FileName = C:\R\Reservoirs\Data\DataNotYetUploadedToEDI\Raw_CTD\RawDownloads\071425_fcr50_S7809_0004.hex
* Software version 2.8.0.119
* Temperature SN = 7809
* Conductivity SN = 7809
* System UpLoad Time = Jul 14 2025 17:14:57
* <ApplicationData>
* <Seaterm232>
# nquan = 15
# nvalues = 2137                        
# units = specified
# name 0 = depFM: Depth [fresh water, m]
# name 1 = dz/dtM: Descent Rate [m/s]
# name 2 = sbeox0Mg/L: Oxygen, SBE 43 [mg/l]
# name 3 = sbeox0PS: Oxygen, SBE 43 [% saturation]
# name 4 = specc: Specific Conductance [uS/cm]
# name 5 = c0uS/cm: Conductivity [uS/cm]
# name 6 = flECO-AFL: Fluorescence, WET Labs ECO-AFL/FL [mg/m^3]
# name 7 = ph: pH
# name 8 = orp: Oxidation Reduction Potential [mV]
# name 9 = par/sat/log: PAR/Logarithmic, Satlantic
# name 10 = turbWETntu0: Turbidity, WET Labs ECO [NTU]
# name 11 = prdM: Pressure, Strain Gauge [db]
# name 12 = prdE: Pressure, Strain Gauge [psi]
# name 13 = tv290C: Temperature [ITS-90, deg C]
# name 14 = flag:  0.000e+00
# span 0 =     -0.625,      5.420       
# span 1 =     -0.354,      0.185       
# span 2 =     0.0207,     9.3369       
# span 3 =      0.222,    115.575       
# span 4 =      5.067,     63.064       
# span 5 =   5.197030,  47.471662       
# span 6 =    -1.9871,   227.6098       
# span 7 =      7.454,      9.827       
# span 8 =    57.0406,   759.3221       
# span 9 = 1.2351e-01, 2.1060e+03       
# span 10 =    -3.1710,   340.4642      
# span 11 =     -0.614,      5.316      
# span 12 =     -0.891,      7.709      
# span 13 =    11.3604,    28.8155      
# span 14 = 0.0000e+00, 0.0000e+00      
# interval = seconds: 0.25
# start_time = Jul 14 2025 12:28:37 [Instrument's time stamp, header]
# bad_flag = -9.990e-29
*END*
[from data line 97]
     -0.063      0.009     5.8501     73.555     34.759  36.839668     1.4528      9.275    64.6733 1.9139e+03     4.2337     -0.060     -0.087    27.9797 0.0000e+00
     -0.059      0.001     5.8358     73.740     34.783  36.866295     1.4506      9.295    64.3854 1.7832e+03     4.1103     -0.055     -0.080    27.9813 0.0000e+00
     -0.061     -0.011     5.8026     74.183     34.797  36.880241     1.4065      9.320    64.1171 1.8371e+03     4.0842     -0.058     -0.083    27.9832 0.0000e+00
     -0.068     -0.023     5.7641     74.756     34.798  36.881385     1.3681      9.343    64.0106 1.9576e+03     4.0891     -0.065     -0.096    27.9845 0.0000e+00
     -0.078     -0.031     5.7466     75.350     34.796  36.880128     1.3529      9.363    64.3889 1.5830e+03     4.0658     -0.076     -0.111    27.9861 0.0000e+00
     -0.090     -0.034     5.7660     75.839     34.781  36.865048     1.3395      9.381    64.9905 7.4999e+02     4.0425     -0.088     -0.128    27.9872 0.0000e+00
     -0.101     -0.034     5.8044     76.114     34.743  36.825958     1.3309      9.395    65.2622 2.8910e+02     4.3890     -0.100     -0.145    27.9868 0.0000e+00
     -0.111     -0.032     5.8509     76.079     34.707  36.788199     1.3495      9.407    65.2649 2.3864e+02     5.2489     -0.111     -0.161    27.9863 0.0000e+00
     -0.117     -0.031     5.9025     75.699     34.709  36.789229     1.3805      9.418    65.4530 2.3107e+02     5.8647     -0.117     -0.168    27.9872 0.0000e+00
     -0.121     -0.027     5.9421     75.093     34.755  36.838408     1.3980      9.428    65.8160 2.2974e+02     5.9937     -0.119     -0.172    27.9899 0.0000e+00
     -0.126     -0.022     5.9669     74.490     34.788  36.875200     1.3870      9.439    66.2128 2.2940e+02     5.9883     -0.122     -0.177    27.9927 0.0000e+00
     -0.136     -0.014     5.9656     74.041     34.765  36.853363     1.3551      9.449    66.5508 2.3014e+02     6.4144     -0.133     -0.192    27.9932 0.0000e+00
     -0.146     -0.004     5.9328     73.659     34.739  36.828190     1.3544      9.459    66.8044 2.3134e+02     7.4226     -0.147     -0.213    27.9906 0.0000e+00
     -0.147      0.005     5.8781     73.194     34.735  36.824654     1.3862      9.467    67.1289 2.2981e+02     8.0667     -0.148     -0.215    27.9896 0.0000e+00
     -0.139      0.013     5.8239     72.604     34.723  36.810604     1.3903      9.474    67.3761 2.2520e+02     7.9855     -0.138     -0.200    27.9925 0.0000e+00
     -0.129      0.019     5.7934     71.896     34.703  36.785217     1.3870      9.480    67.5566 2.2058e+02     6.8846     -0.124     -0.180    27.9962 0.0000e+00
     -0.120      0.021     5.7687     71.151     34.693  36.771496     1.4220      9.483    68.0206 2.1816e+02     5.0723     -0.115     -0.167    28.0009 0.0000e+00
     -0.115      0.019     5.7312     70.562     34.695  36.771599     1.4633      9.485    68.5990 2.1763e+02     4.1781     -0.112     -0.163    28.0038 0.0000e+00
     -0.112      0.013     5.6862     70.337     34.710  36.786462     1.4953      9.487    68.9572 2.1722e+02     4.2021     -0.110     -0.160    28.0002 0.0000e+00
     -0.109      0.008     5.6298     70.557     34.744  36.824302     1.5170      9.489    69.2541 2.1653e+02     4.2016     -0.107     -0.155    27.9945 0.0000e+00
     -0.108      0.005     5.5654     71.069     34.763  36.848412     1.5260      9.490    69.6928 2.1641e+02     4.1035     -0.105     -0.152    27.9893 0.0000e+00
     -0.109      0.003     5.5138     71.544     34.735  36.824175     1.5291      9.490    70.0456 2.1669e+02     4.0414     -0.106     -0.154    27.9838 0.0000e+00
     -0.109      0.003     5.4930     71.730     34.695  36.785075     1.5384      9.490    70.1641 2.1694e+02     4.0651     -0.108     -0.156    27.9817 0.0000e+00
     -0.109      0.004     5.5143     71.584     34.666  36.756368     1.5462      9.491    70.2666 2.1756e+02     4.1165     -0.108     -0.157    27.9851 0.0000e+00
     -0.107      0.005     5.5649     71.193     34.642  36.730884     1.5156      9.492    70.5106 2.1897e+02     4.1157     -0.106     -0.154    27.9922 0.0000e+00
     -0.104      0.007     5.6088     70.723     34.641  36.730760     1.4843      9.491    70.8770 2.2067e+02     4.1590     -0.103     -0.148    28.0015 0.0000e+00
     -0.102      0.009     5.6231     70.449     34.662  36.754869     1.4834      9.491    71.3420 2.2145e+02     4.2302     -0.100     -0.145    28.0086 0.0000e+00
     -0.100      0.010     5.6082     70.589     34.673  36.768587     1.4805      9.492    71.8301 2.2184e+02     4.1563     -0.098     -0.142    28.0098 0.0000e+00
     -0.098      0.010     5.5747     71.087     34.672  36.769719     1.4657      9.492    72.1323 2.2272e+02     3.9822     -0.096     -0.139    28.0086 0.0000e+00
     -0.095      0.010     5.5289     71.695     34.671  36.768563     1.4384      9.493    72.2424 2.2289e+02     3.8674     -0.094     -0.135    28.0085 0.0000e+00
     -0.092      0.010     5.4989     72.133     34.661  36.754606     1.4245      9.494    72.3010 2.2216e+02     3.9304     -0.091     -0.132    28.0113 0.0000e+00
     -0.090      0.010     5.5123     72.210     34.641  36.727864     1.4564      9.495    72.5833 2.2134e+02     4.0613     -0.089     -0.129    28.0159 0.0000e+00
     -0.087      0.010     5.5588     71.891     34.619  36.699021     1.4994      9.495    74.7949 2.2045e+02     4.0829     -0.086     -0.125    28.0202 0.0000e+00
     -0.084      0.009     5.6143     71.231     34.586  36.659669     1.5028      9.497    96.0291 2.1959e+02     3.9870     -0.081     -0.119    28.0203 0.0000e+00
     -0.082      0.007     5.6555     70.367     34.566  36.632761     1.4810      9.502   133.4141 2.1905e+02     3.8577     -0.079     -0.115    28.0128 0.0000e+00
     -0.080      0.005     5.6624     69.590     34.567  36.627468     1.4860      9.511   142.0459 2.1868e+02     3.8859     -0.078     -0.114    28.0037 0.0000e+00
     -0.080      0.005     5.6360     69.105     34.542  36.595666     1.5132      9.515   115.8189 2.1785e+02     4.0211     -0.077     -0.112    27.9977 0.0000e+00
     -0.080      0.006     5.5837     68.873     34.517  36.565494     1.5264      9.515    91.2010 2.1749e+02     4.0912     -0.078     -0.113    27.9913 0.0000e+00
     -0.080      0.009     5.5057     68.780     34.534  36.579913     1.5127      9.512    81.9468 2.1758e+02     4.0509     -0.079     -0.115    27.9828 0.0000e+00
     -0.078      0.012     5.4388     68.735     34.537  36.579643     1.4805      9.511    80.1579 2.0961e+02     3.9099     -0.079     -0.114    27.9737 0.0000e+00
     -0.073      0.014     5.4050     68.620     34.525  36.562226     1.5036      9.511    79.4656 1.9601e+02     3.8893     -0.072     -0.105    27.9658 0.0000e+00
     -0.066      0.017     5.3910     68.382     34.529  36.559663     1.5923      9.511    78.9115 1.9028e+02     4.0065     -0.064     -0.093    27.9604 0.0000e+00
     -0.061      0.021     5.3853     68.078     34.524  36.548651     1.6455      9.510    78.5335 1.8853e+02     4.0629     -0.059     -0.085    27.9560 0.0000e+00
     -0.057      0.024     5.3868     67.765     34.536  36.555966     1.6308      9.510    78.3378 1.8739e+02     4.0246     -0.056     -0.081    27.9507 0.0000e+00
     -0.053      0.023     5.3808     67.450     34.565  36.584649     1.5978      9.511    77.8358 1.9310e+02     4.0219     -0.053     -0.078    27.9441 0.0000e+00
     -0.046      0.017     5.3593     67.095     34.559  36.578204     1.6040      9.513    76.8520 2.0548e+02     4.1664     -0.046     -0.067    27.9349 0.0000e+00
     -0.036      0.007     5.3357     66.683     34.524  36.541489     1.6392      9.514    76.0786 2.1456e+02     4.3028     -0.033     -0.050    27.9250 0.0000e+00
     -0.028     -0.008     5.3108     66.275     34.507  36.521429     1.6320      9.514    75.7126 2.1152e+02     4.2709     -0.023     -0.034    27.9168 0.0000e+00
     -0.030     -0.025     5.2887     65.983     34.516  36.526019     1.5259      9.516    75.4386 2.0483e+02     4.0877     -0.024     -0.035    27.9125 0.0000e+00
     -0.042     -0.042     5.2613     65.883     34.528  36.533515     1.3715      9.519    75.5181 2.0671e+02     3.9663     -0.040     -0.058    27.9140 0.0000e+00
     -0.061     -0.052     5.2271     65.977     34.548  36.548613     1.3049      9.522    75.8998 2.1291e+02     4.0337     -0.060     -0.087    27.9167 0.0000e+00
     -0.083     -0.051     5.1917     66.239     34.583  36.581648     1.3198      9.522    76.1823 2.2004e+02     4.0826     -0.080     -0.115    27.9125 0.0000e+00
     -0.105     -0.041     5.1668     66.548     34.617  36.615685     1.3191      9.523    76.4380 2.3295e+02     4.0106     -0.106     -0.153    27.9054 0.0000e+00
     -0.120     -0.026     5.1610     66.680     34.652  36.642892     1.3207      9.524    76.7541 2.4328e+02     3.9159     -0.125     -0.181    27.8977 0.0000e+00
     -0.119     -0.010     5.1686     66.506     34.698  36.656794     1.3639      9.525    77.0799 2.4170e+02     3.9271     -0.118     -0.171    27.8897 0.0000e+00
     -0.109      0.003     5.1927     66.101     34.743  36.656819     1.4170      9.527    77.2789 2.3447e+02     4.0436     -0.105     -0.153    27.8808 0.0000e+00
     -0.100      0.010     5.2251     65.660     34.766  36.643106     1.4556      9.530    77.2684 2.2912e+02     4.0949     -0.098     -0.141    27.8817 0.0000e+00
     -0.095      0.010     5.2399     65.446     34.761  36.617844     1.4567      9.533    77.2109 2.2592e+02     4.1709     -0.092     -0.133    27.8823 0.0000e+00
     -0.094      0.006     5.2276     65.624     34.755  36.605148     1.4377      9.535    77.1855 2.2277e+02     4.4513     -0.091     -0.131    27.8274 0.0000e+00
     -0.097      0.002     5.1995     66.105     34.768  36.616483     1.4347      9.537    77.2191 2.1988e+02     4.7177     -0.095     -0.138    27.7378 0.0000e+00
     -0.101     -0.001     5.1616     66.645     34.778  36.627994     1.4365      9.539    77.3593 2.1794e+02     4.7966     -0.100     -0.145    27.6804 0.0000e+00
     -0.102     -0.001     5.1402     67.013     34.766  36.617435     1.4345      9.541    77.5048 2.1626e+02     4.5847     -0.100     -0.145    27.6585 0.0000e+00
     -0.100     -0.001     5.1588     67.121     34.771  36.615719     1.4185      9.544    77.6006 2.1505e+02     4.1023     -0.099     -0.144    27.6525 0.0000e+00
     -0.097     -0.001     5.2043     67.033     34.779  36.607237     1.4189      9.548    77.7431 2.1464e+02     3.8489     -0.095     -0.138    27.6515 0.0000e+00
     -0.096      0.001     5.2543     66.932     34.766  36.578293     1.4476      9.551    77.8526 2.1574e+02     3.9468     -0.092     -0.133    27.6515 0.0000e+00
     -0.099      0.003     5.2847     67.062     34.774  36.583003     1.4738      9.555    77.8915 2.2101e+02     4.0556     -0.095     -0.138    27.6606 0.0000e+00
     -0.103      0.004     5.2911     67.446     34.788  36.600721     1.4849      9.558    78.0409 2.2953e+02     4.0372     -0.105     -0.150    27.6555 0.0000e+00
     -0.102      0.005     5.2840     67.841     34.786  36.602175     1.4744      9.560    78.2824 2.3466e+02     3.9303     -0.104     -0.151    27.6184 0.0000e+00
     -0.095      0.006     5.2683     68.095     34.784  36.600590     1.4799      9.562    78.4886 2.3352e+02     3.8902     -0.091     -0.133    27.5906 0.0000e+00
     -0.090      0.006     5.2769     68.182     34.767  36.581554     1.5021      9.563    78.6409 2.3018e+02     3.9270     -0.086     -0.126    27.5904 0.0000e+00
     -0.089      0.005     5.3180     68.067     34.751  36.562363     1.4926      9.564    78.8331 2.2726e+02     3.9656     -0.088     -0.128    27.5997 0.0000e+00
     -0.089      0.002     5.3517     67.717     34.751  36.558902     1.4561      9.564    79.0059 2.2455e+02     3.9809     -0.088     -0.127    27.6060 0.0000e+00
     -0.090     -0.002     5.3708     67.162     34.736  36.539701     1.4191      9.564    79.0957 2.2305e+02     3.9069     -0.088     -0.128    27.6063 0.0000e+00
     -0.092     -0.003     5.3796     66.466     34.720  36.520551     1.4040      9.565    79.2298 2.2293e+02     3.8915     -0.091     -0.131    27.6036 0.0000e+00
     -0.094     -0.003     5.3724     65.702     34.719  36.517719     1.4063      9.566    79.3370 2.2273e+02     3.9305     -0.093     -0.135    27.5996 0.0000e+00
     -0.095     -0.003     5.3438     64.955     34.709  36.505456     1.3960      9.566    79.3588 2.2180e+02     3.8670     -0.093     -0.135    27.5945 0.0000e+00
     -0.094     -0.003     5.2988     64.267     34.705  36.499180     1.3717      9.567    79.3220 2.2110e+02     3.8406     -0.092     -0.134    27.5889 0.0000e+00
     -0.094     -0.002     5.2427     63.673     34.714  36.505271     1.3538      9.568    79.3223 2.2120e+02     3.8853     -0.091     -0.132    27.5858 0.0000e+00
     -0.095     -0.001     5.1789     63.189     34.727  36.515654     1.3627      9.569    79.4483 2.2154e+02     3.9970     -0.093     -0.134    27.5843 0.0000e+00
     -0.096     -0.001     5.1204     62.835     34.893  36.688159     1.3885      9.570    79.5553 2.2182e+02     4.1322     -0.094     -0.137    27.5819 0.0000e+00
     -0.096     -0.001     5.0647     62.974     35.303  37.131624     1.3821      9.573    79.5839 2.2187e+02     4.1202     -0.095     -0.138    27.5771 0.0000e+00
     -0.096     -0.000     5.0184     65.009     35.587  37.499354     1.3529      9.575    79.6220 2.2218e+02     4.0565     -0.094     -0.137    27.5733 0.0000e+00
     -0.096      0.001     4.9804     70.602     35.462  37.517656     1.3591      9.577    79.7572 2.2302e+02     4.1134     -0.094     -0.136    27.5675 0.0000e+00
     -0.095      0.002     4.9510     79.339     35.195  37.416612     1.3903      9.577    79.9279 2.2331e+02     4.2613     -0.094     -0.136    27.5641 0.0000e+00
     -0.095      0.004     4.9249     89.024     34.996  37.356651     1.3969      9.579    79.8789 2.2275e+02     4.2742     -0.093     -0.135    27.5554 0.0000e+00
     -0.094      0.004     5.0037     97.971     34.845  37.300547     1.3813      9.581    79.5952 2.2204e+02     4.1323     -0.092     -0.134    27.6252 0.0000e+00
     -0.093      0.005     5.4350    105.346     34.734  37.246048     1.3680      9.584    79.4236 2.2148e+02     4.0819     -0.091     -0.132    27.8775 0.0000e+00
     -0.091      0.005     6.1766    110.681     34.673  37.205431     1.3606      9.587    79.4379 2.2121e+02     4.1099     -0.089     -0.130    28.1733 0.0000e+00
     -0.089      0.004     6.9442    113.736     34.664  37.190215     1.3592      9.589    79.5098 2.2142e+02     4.0944     -0.087     -0.127    28.3889 0.0000e+00
     -0.087      0.003     7.6389    114.543     34.682  37.188958     1.3420      9.592    79.6909 2.2180e+02     3.9971     -0.086     -0.124    28.5371 0.0000e+00
     -0.087      0.001     8.2113    113.686     34.702  37.190198     1.3021      9.595    79.9071 2.2189e+02     3.8903     -0.084     -0.122    28.6277 0.0000e+00
     -0.087      0.000     8.6227    112.043     34.728  37.205177     1.3012      9.596    80.0588 2.2219e+02     3.9645     -0.085     -0.123    28.6625 0.0000e+00
     -0.088     -0.001     8.8672    110.298     34.763  37.243142     1.3393      9.596    80.2346 2.2334e+02     4.1085     -0.086     -0.125    28.6445 0.0000e+00
     -0.089     -0.001     8.9159    108.803     34.775  37.268522     1.3558      9.597    80.3976 2.2449e+02     4.1282     -0.088     -0.127    28.6065 0.0000e+00
     -0.089     -0.001     8.8274    107.701     34.749  37.258243     1.3517      9.599    80.3955 2.2477e+02     4.0325     -0.089     -0.129    28.5744 0.0000e+00
