Data/DataNotYetUploadedToEDI/Raw_CTD/RawDownloads/071425_fcr50_S7809001.cnv
* Sea-Bird SBE19plus  Data File:
* FileName = C:\R\Reservoirs\Data\DataNotYetUploadedToEDI\Raw_CTD\RawDownloads\071425_fcr50_S7809_0001.hex
* Software version 2.8.0.119
* Temperature SN = 7809
* Conductivity SN = 7809
* System UpLoad Time = Jul 14 2025 17:12:35
* <ApplicationData>
* <Seaterm232>
# nquan = 15
# nvalues = 2171                        
# units = specified
# name 0 = depFM: Depth [fresh water, m]
# name 1 = dz/dtM: Descent Rate [m/s]
# name 2 = sbeox0Mg/L: Oxygen, SBE 43 [mg/l]
# name 3 = sbeox0PS: Oxygen, SBE 43 [% saturation]
# name 4 = specc: Specific Conductance [uS/cm]
# name 5 = c0uS/cm: Conductivity [uS/cm]
# name 6 = flECO-AFL: Fluorescence, WET Labs ECO-AFL/FL [mg/m^3]
# name 7 = ph: pH
# name 8 = orp: Oxidation Reduction Potential [mV]
# name 9 = par/sat/log: PAR/Logarithmic, Satlantic
# name 10 = turbWETntu0: Turbidity, WET Labs ECO [NTU]
# name 11 = prdM: Pressure, Strain Gauge [db]
# name 12 = prdE: Pressure, Strain Gauge [psi]
# name 13 = tv290C: Temperature [ITS-90, deg C]
# name 14 = flag:  0.000e+00
# span 0 =     -0.628,      9.266       
# span 1 =     -0.270,      0.704       
# span 2 =    -0.0457,     8.8975       
# span 3 =     -0.383,    110.815       
# span 4 =      0.733,     49.617       
# span 5 =   0.791050,  39.135110       
# span 6 =    -2.0890,   233.8054       
# span 7 =      6.964,      9.334       
# span 8 = -1240.7455,   285.6316       
# span 9 = 1.2350e-01, 2.1727e+03       
# span 10 =    -3.4842,   293.3127      
# span 11 =     -0.617,      9.087      
# span 12 =     -0.894,     13.180      
# span 13 =    11.3126,    28.9632      
# span 14 = 0.0000e+00, 0.0000e+00      
# interval = seconds: 0.25
# start_time = Jul 14 2025 10:42:55 [Instrument's time stamp, header]
# bad_flag = -9.990e-29
*END*
[from data line 1254]
      5.377      0.040     6.9179     63.027     47.415  34.455101     0.8542      7.871   235.4702 1.3840e-01    13.2062      5.275      7.651    11.3331 0.0000e+00
      5.389      0.037     6.9138     62.957     47.416  34.456028     0.8684      7.870   235.9721 1.3140e-01    13.1790      5.287      7.668    11.3325 0.0000e+00
      5.395      0.033     6.9113     62.907     47.433  34.468594     0.8418      7.870   235.4494 1.3169e-01    13.1278      5.291      7.675    11.3318 0.0000e+00
      5.398      0.032     6.9036     62.886     47.450  34.480138     0.8236      7.869   234.0547 1.2791e-01    13.2358      5.293      7.677    11.3311 0.0000e+00
      5.403      0.033     6.8972     62.884     47.435  34.468718     0.8391      7.869   233.4772 1.2402e-01    13.4271      5.297      7.682    11.3306 0.0000e+00
      5.411      0.037     6.8877     62.888     47.419  34.457401     0.8715      7.870   233.6290 1.2365e-01    13.4251      5.306      7.696    11.3309 0.0000e+00
      5.422      0.042     6.8817     62.897     47.437  34.470204     0.8738      7.870   234.1692 1.2371e-01    13.3150      5.317      7.712    11.3311 0.0000e+00
      5.436      0.044     6.8805     62.926     47.474  34.496623     0.8503      7.870   235.1050 1.2379e-01    13.3595      5.329      7.729    11.3306 0.0000e+00
      5.451      0.044     6.8804     62.965     47.510  34.523041     0.8202      7.870   235.1348 1.2378e-01    13.4845      5.345      7.753    11.3301 0.0000e+00
      5.466      0.044     6.8818     62.999     47.528  34.535824     0.8016      7.869   234.1003 1.2368e-01    13.5280      5.364      7.780    11.3299 0.0000e+00
      5.474      0.044     6.8808     63.045     47.512  34.524289     0.8175      7.868   233.5234 1.2354e-01    13.4761      5.371      7.791    11.3298 0.0000e+00
      5.478      0.043     6.8851     63.109     47.492  34.510466     0.8202      7.868   233.7519 1.2354e-01    13.3693      5.369      7.789    11.3302 0.0000e+00
      5.488      0.041     6.8906     63.158     47.472  34.495585     0.8099      7.867   234.1959 1.2362e-01    13.3634      5.378      7.800    11.3299 0.0000e+00
      5.503      0.041     6.8928     63.185     47.437  34.471256     0.8258      7.867   234.8485 1.2370e-01    13.4736      5.397      7.828    11.3294 0.0000e+00
      5.517      0.044     6.8972     63.201     47.434  34.470102     0.8377      7.868   235.4475 1.2373e-01    13.5399      5.412      7.851    11.3296 0.0000e+00
      5.526      0.046     6.9064     63.199     47.449  34.481637     0.8371      7.869   235.3296 1.2363e-01    13.4816      5.420      7.862    11.3297 0.0000e+00
      5.535      0.044     6.9120     63.187     47.452  34.483829     0.8267      7.869   235.0577 1.2357e-01    13.3491      5.426      7.870    11.3303 0.0000e+00
      5.547      0.040     6.9132     63.155     47.470  34.496603     0.8124      7.868   235.1707 1.2361e-01    13.3386      5.438      7.887    11.3312 0.0000e+00
      5.561      0.037     6.9168     63.099     47.487  34.509197     0.8214      7.867   235.4061 1.2362e-01    13.4576      5.456      7.913    11.3329 0.0000e+00
      5.571      0.035     6.9145     63.062     47.486  34.509207     0.8281      7.867   236.3544 1.2362e-01    13.5240      5.466      7.927    11.3336 0.0000e+00
      5.576      0.033     6.9141     63.055     47.470  34.496717     0.8098      7.867   237.8612 1.2364e-01    13.4585      5.468      7.930    11.3324 0.0000e+00
      5.581      0.030     6.9124     63.043     47.456  34.485077     0.7926      7.866   238.3953 1.2367e-01    13.3484      5.473      7.938    11.3316 0.0000e+00
      5.589      0.028     6.9023     63.032     47.472  34.495366     0.8030      7.866   238.0795 1.2374e-01    13.3878      5.482      7.951    11.3329 0.0000e+00
      5.598      0.027     6.8978     63.061     47.472  34.494212     0.8271      7.866   238.0878 1.2375e-01    13.5249      5.490      7.962    11.3342 0.0000e+00
      5.606      0.027     6.9000     63.115     47.441  34.471132     0.8172      7.867   238.1509 1.2366e-01    13.5729      5.497      7.972    11.3333 0.0000e+00
      5.614      0.027     6.8985     63.153     47.440  34.470092     0.7837      7.867   238.5843 1.2361e-01    13.5579      5.506      7.986    11.3313 0.0000e+00
      5.620      0.028     6.8945     63.179     47.456  34.481637     0.7714      7.867   239.7999 1.2362e-01    13.5820      5.512      7.995    11.3296 0.0000e+00
      5.624      0.030     6.8989     63.189     47.460  34.483831     0.7854      7.867   240.5458 1.2370e-01    13.6935      5.513      7.996    11.3284 0.0000e+00
      5.629      0.032     6.9086     63.194     47.479  34.496614     0.8276      7.866   240.6335 1.2377e-01    13.7440      5.517      8.003    11.3276 0.0000e+00
      5.639      0.033     6.9102     63.218     47.497  34.509303     0.8571      7.866   240.4302 1.2374e-01    13.5780      5.530      8.019    11.3274 0.0000e+00
      5.652      0.035     6.9145     63.228     47.499  34.510353     0.8426      7.865   240.0662 1.2371e-01    13.3607      5.542      8.039    11.3272 0.0000e+00
      5.664      0.038     6.9158     63.213     47.498  34.509315     0.8346      7.864   240.5347 1.2374e-01    13.2682      5.556      8.058    11.3267 0.0000e+00
      5.671      0.040     6.9128     63.193     47.481  34.496740     0.8353      7.864   241.6209 1.2374e-01    13.2797      5.562      8.068    11.3260 0.0000e+00
      5.676      0.041     6.9197     63.170     47.466  34.485205     0.8269      7.865   242.1863 1.2372e-01    13.3632      5.565      8.072    11.3250 0.0000e+00
      5.685      0.040     6.9207     63.161     47.482  34.496741     0.8159      7.865   242.2087 1.2369e-01    13.4237      5.574      8.084    11.3243 0.0000e+00
      5.700      0.039     6.9174     63.172     47.500  34.509324     0.7942      7.864   242.0637 1.2362e-01    13.3627      5.589      8.106    11.3241 0.0000e+00
      5.716      0.038     6.9162     63.169     47.502  34.510459     0.7900      7.864   242.0676 1.2358e-01    13.3772      5.608      8.132    11.3237 0.0000e+00
      5.726      0.037     6.9127     63.161     47.502  34.510459     0.8146      7.864   242.1705 1.2363e-01    13.5306      5.617      8.147    11.3237 0.0000e+00
      5.731      0.038     6.9101     63.177     47.500  34.509325     0.8340      7.863   242.1890 1.2370e-01    13.5772      5.619      8.149    11.3235 0.0000e+00
      5.736      0.042     6.9152     63.193     47.483  34.496740     0.8241      7.863   242.2910 1.2372e-01    13.4972      5.625      8.159    11.3231 0.0000e+00
      5.742      0.046     6.9135     63.177     47.467  34.485195     0.7954      7.862   242.6305 1.2369e-01    13.4172      5.630      8.166    11.3230 0.0000e+00
      5.754      0.051     6.9104     63.153     47.483  34.496626     0.8110      7.859   243.1098 1.2368e-01    13.4294      5.638      8.177    11.3228 0.0000e+00
      5.776      0.055     6.9139     63.167     47.499  34.508056     0.8709      7.858   242.7510 1.2370e-01    13.5082      5.664      8.215    11.3227 0.0000e+00
      5.799      0.058     6.9177     63.197     47.484  34.496511     0.8959      7.857   241.7345 1.2369e-01    13.5498      5.691      8.255    11.3229 0.0000e+00
      5.811      0.059     6.9153     63.220     47.466  34.483926     0.8718      7.857   241.4870 1.2365e-01    13.5223      5.700      8.267    11.3226 0.0000e+00
      5.820      0.057     6.9082     63.246     47.466  34.482782     0.8298      7.857   241.9963 1.2365e-01    13.4496      5.705      8.274    11.3222 0.0000e+00
      5.832      0.052     6.9131     63.252     47.467  34.482678     0.8037      7.856   242.7308 1.2361e-01    13.4229      5.718      8.293    11.3222 0.0000e+00
      5.848      0.049     6.9170     63.218     47.468  34.482669     0.8141      7.856   243.1400 1.2353e-01    13.4040      5.734      8.317    11.3220 0.0000e+00
      5.864      0.048     6.9182     63.184     47.468  34.482668     0.8310      7.857   242.5552 1.2352e-01    13.3920      5.752      8.343    11.3216 0.0000e+00
      5.875      0.047     6.9225     63.164     47.468  34.482668     0.8334      7.857   241.5109 1.2357e-01    13.4141      5.763      8.359    11.3209 0.0000e+00
      5.884      0.044     6.9253     63.120     47.468  34.482669     0.8341      7.856   241.1828 1.2362e-01    13.4328      5.767      8.366    11.3203 0.0000e+00
      5.896      0.041     6.9185     63.074     47.468  34.482679     0.8486      7.856   241.4276 1.2364e-01    13.5157      5.781      8.385    11.3192 0.0000e+00
      5.908      0.040     6.9136     63.066     47.468  34.482793     0.8754      7.855   241.8893 1.2363e-01    13.5618      5.796      8.407    11.3188 0.0000e+00
      5.915      0.040     6.9155     63.073     47.470  34.484041     0.8830      7.855   242.5494 1.2359e-01    13.4776      5.800      8.412    11.3190 0.0000e+00
      5.922      0.039     6.9088     63.071     47.489  34.497769     0.8650      7.855   242.5256 1.2358e-01    13.3180      5.805      8.419    11.3190 0.0000e+00
      5.934      0.039     6.9008     63.096     47.524  34.521881     0.8496      7.854   241.8597 1.2365e-01    13.2028      5.819      8.440    11.3194 0.0000e+00
      5.947      0.040     6.9016     63.119     47.524  34.521787     0.8551      7.854   241.6387 1.2374e-01    13.2464      5.833      8.461    11.3193 0.0000e+00
      5.956      0.042     6.9053     63.094     47.490  34.496636     0.8735      7.854   241.7463 1.2374e-01    13.2982      5.842      8.474    11.3192 0.0000e+00
      5.964      0.043     6.9007     63.066     47.455  34.471571     0.8724      7.854   241.8713 1.2371e-01    13.2825      5.846      8.480    11.3188 0.0000e+00
      5.975      0.043     6.9051     63.072     47.456  34.472517     0.8660      7.855   242.2027 1.2370e-01    13.3635      5.857      8.495    11.3178 0.0000e+00
      5.990      0.043     6.9128     63.097     47.505  34.508068     0.8630      7.855   242.5692 1.2367e-01    13.4922      5.875      8.521    11.3174 0.0000e+00
      6.002      0.044     6.9048     63.136     47.523  34.520738     0.8520      7.855   242.7756 1.2364e-01    13.5415      5.887      8.538    11.3174 0.0000e+00
      6.012      0.044     6.9008     63.189     47.493  34.498809     0.8504      7.854   242.8060 1.2368e-01    13.4814      5.895      8.550    11.3176 0.0000e+00
      6.022      0.041     6.9032     63.242     47.490  34.496720     0.8435      7.853   242.7646 1.2371e-01    13.3456      5.905      8.566    11.3176 0.0000e+00
      6.032      0.037     6.9054     63.279     47.489  34.495482     0.8435      7.853   242.7908 1.2368e-01    13.3341      5.915      8.579    11.3174 0.0000e+00
      6.043      0.033     6.9098     63.291     47.473  34.483833     0.8506      7.853   243.3811 1.2365e-01    13.4116      5.926      8.595    11.3174 0.0000e+00
      6.053      0.030     6.9162     63.285     47.471  34.482765     0.8374      7.853   244.3952 1.2366e-01    13.4618      5.938      8.611    11.3174 0.0000e+00
      6.058      0.028     6.9226     63.278     47.470  34.482575     0.8179      7.854   244.8992 1.2370e-01    13.4968      5.942      8.618    11.3172 0.0000e+00
      6.063      0.028     6.9273     63.268     47.468  34.481537     0.7979      7.854   245.0020 1.2375e-01    13.4590      5.944      8.620    11.3168 0.0000e+00
      6.068      0.030     6.9283     63.253     47.453  34.470208     0.7865      7.854   244.8640 1.2375e-01    13.4496      5.950      8.629    11.3167 0.0000e+00
      6.074      0.032     6.9265     63.239     47.456  34.472496     0.7971      7.854   244.4346 1.2369e-01    13.5199      5.957      8.639    11.3172 0.0000e+00
      6.083      0.034     6.9256     63.210     47.506  34.509201     0.8180      7.854   244.8004 1.2364e-01    13.5570      5.964      8.650    11.3177 0.0000e+00
      6.096      0.034     6.9255     63.168     47.540  34.533321     0.8221      7.854   245.9305 1.2364e-01    13.4885      5.978      8.670    11.3180 0.0000e+00
      6.109      0.033     6.9224     63.165     47.509  34.510336     0.7965      7.854   246.4843 1.2369e-01    13.3753      5.994      8.693    11.3181 0.0000e+00
      6.117      0.030     6.9218     63.191     47.475  34.485081     0.7750      7.853   246.4196 1.2373e-01    13.3497      6.000      8.703    11.3181 0.0000e+00
      6.120      0.029     6.9210     63.217     47.470  34.481754     0.8040      7.853   246.2667 1.2371e-01    13.4174      6.001      8.703    11.3180 0.0000e+00
      6.124      0.029     6.9102     63.239     47.453  34.470106     0.8469      7.852   246.1848 1.2369e-01    13.4423      6.006      8.711    11.3174 0.0000e+00
      6.130      0.030     6.9129     63.253     47.454  34.471136     0.8446      7.852   246.3750 1.2366e-01    13.3435      6.012      8.718    11.3170 0.0000e+00
      6.138      0.033     6.9170     63.268     47.485  34.494215     0.8256      7.852   246.8458 1.2364e-01    13.2817      6.017      8.727    11.3170 0.0000e+00
      6.149      0.035     6.9188     63.272     47.487  34.495370     0.8178      7.852   247.2310 1.2364e-01    13.3787      6.028      8.743    11.3169 0.0000e+00
      6.163      0.035     6.9229     63.243     47.473  34.485092     0.8091      7.852   247.4194 1.2364e-01    13.5254      6.045      8.767    11.3172 0.0000e+00
      6.173      0.034     6.9221     63.195     47.489  34.496846     0.7857      7.852   247.4887 1.2369e-01    13.5185      6.056      8.783    11.3181 0.0000e+00
      6.178      0.034     6.9254     63.166     47.508  34.510585     0.7517      7.852   247.3801 1.2367e-01    13.3979      6.058      8.786    11.3186 0.0000e+00
      6.183      0.033     6.9265     63.151     47.526  34.524315     0.7478      7.852   247.3115 1.2359e-01    13.3996      6.062      8.792    11.3180 0.0000e+00
      6.190      0.033     6.9238     63.157     47.542  34.535955     0.7805      7.851   247.6063 1.2361e-01    13.5382      6.070      8.804    11.3176 0.0000e+00
      6.200      0.033     6.9145     63.187     47.527  34.524439     0.8143      7.850   248.1046 1.2367e-01    13.6732      6.080      8.818    11.3178 0.0000e+00
      6.211      0.034     6.9139     63.207     47.509  34.511959     0.8228      7.851   248.4318 1.2366e-01    13.6997      6.091      8.834    11.3180 0.0000e+00
      6.222      0.036     6.9112     63.228     47.509  34.511958     0.8249      7.851   248.5512 1.2364e-01    13.6540      6.104      8.852    11.3185 0.0000e+00
      6.229      0.037     6.9103     63.259     47.526  34.524429     0.8562      7.850   248.3441 1.2368e-01    13.5649      6.110      8.861    11.3186 0.0000e+00
      6.235      0.037     6.9181     63.273     47.543  34.535851     0.9020      7.849   247.9071 1.2367e-01    13.4762      6.113      8.865    11.3182 0.0000e+00
      6.244      0.036     6.9172     63.254     47.526  34.523161     0.9372      7.849   247.8261 1.2362e-01    13.5038      6.122      8.880    11.3183 0.0000e+00
      6.257      0.035     6.9194     63.227     47.491  34.497897     0.9243      7.848   248.0531 1.2364e-01    13.4890      6.136      8.900    11.3189 0.0000e+00
      6.268      0.034     6.9245     63.210     47.471  34.484167     0.8704      7.848   248.3291 1.2366e-01    13.4002      6.148      8.917    11.3187 0.0000e+00
      6.278      0.032     6.9269     63.187     47.470  34.484055     0.8518      7.848   248.7538 1.2366e-01    13.4197      6.158      8.931    11.3178 0.0000e+00
      6.283      0.030     6.9237     63.169     47.486  34.496535     0.8743      7.848   248.8864 1.2374e-01    13.4864      6.162      8.938    11.3173 0.0000e+00
