Data/DataNotYetUploadedToEDI/Raw_CTD/RawDownloads/071425_fcr50_S7809001.cnv
* Sea-Bird SBE19plus  Data File:
* FileName = C:\R\Reservoirs\Data\DataNotYetUploadedToEDI\Raw_CTD\RawDownloads\071425_fcr50_S7809_0001.hex
* Software version 2.8.0.119
* Temperature SN = 7809
* Conductivity SN = 7809
* System UpLoad Time = Jul 14 2025 17:12:35
* <ApplicationData>
* <Seaterm232>
# nquan = 15
# nvalues = 2171                        
# units = specified
# name 0 = depFM: Depth [fresh water, m]
# name 1 = dz/dtM: Descent Rate [m/s]
# name 2 = sbeox0Mg/L: Oxygen, SBE 43 [mg/l]
# name 3 = sbeox0PS: Oxygen, SBE 43 [% saturation]
# name 4 = specc: Specific Conductance [uS/cm]
# name 5 = c0uS/cm: Conductivity [uS/cm]
# name 6 = flECO-AFL: Fluorescence, WET Labs ECO-AFL/FL [mg/m^3]
# name 7 = ph: pH
# name 8 = orp: Oxidation Reduction Potential [mV]
# name 9 = par/sat/log: PAR/Logarithmic, Satlantic
# name 10 = turbWETntu0: Turbidity, WET Labs ECO [NTU]
# name 11 = prdM: Pressure, Strain Gauge [db]
# name 12 = prdE: Pressure, Strain Gauge [psi]
# name 13 = tv290C: Temperature [ITS-90, deg C]
# name 14 = flag:  0.000e+00
# span 0 =     -0.628,      9.266       
# span 1 =     -0.270,      0.704       
# span 2 =    -0.0457,     8.8975       
# span 3 =     -0.383,    110.815       
# span 4 =      0.733,     49.617       
# span 5 =   0.791050,  39.135110       
# span 6 =    -2.0890,   233.8054       
# span 7 =      6.964,      9.334       
# span 8 = -1240.7455,   285.6316       
# span 9 = 1.2350e-01, 2.1727e+03       
# span 10 =    -3.4842,   293.3127      
# span 11 =     -0.617,      9.087      
# span 12 =     -0.894,     13.180      
# span 13 =    11.3126,    28.9632      
# span 14 = 0.0000e+00, 0.0000e+00      
# interval = seconds: 0.25
# start_time = Jul 14 2025 10:42:55 [Instrument's time stamp, header]
# bad_flag = -9.990e-29
*END*
[from data line 290]
      0.094      0.027     8.2802    105.943     34.898  36.966264     1.7604      8.908   151.7919 1.0735e+03     4.0440      0.091      0.133    27.9681 0.0000e+00
      0.103      0.030     8.2790    105.836     34.908  36.973488     1.7373      8.917   152.1451 1.0228e+03     3.9407      0.100      0.145    27.9665 0.0000e+00
      0.114      0.034     8.2878    105.671     34.927  36.990688     1.7155      8.926   152.6637 1.0220e+03     3.8613      0.112      0.162    27.9653 0.0000e+00
      0.125      0.035     8.2984    105.588     34.922  36.983871     1.7215      8.935   153.1583 9.8927e+02     3.9383      0.124      0.179    27.9610 0.0000e+00
      0.133      0.034     8.3025    105.643     34.896  36.954511     1.7510      8.942   153.5657 9.9610e+02     4.0855      0.131      0.189    27.9554 0.0000e+00
      0.141      0.032     8.2931    105.778     34.895  36.952951     1.7560      8.950   153.8034 1.0067e+03     4.1043      0.138      0.201    27.9510 0.0000e+00
      0.150      0.032     8.2749    105.889     34.909  36.965008     1.7325      8.958   153.8813 9.2607e+02     3.9949      0.148      0.214    27.9471 0.0000e+00
      0.156      0.033     8.2675    105.911     34.919  36.973385     1.7161      8.968   154.1643 8.8464e+02     4.0266      0.153      0.222    27.9443 0.0000e+00
      0.162      0.034     8.2744    105.921     34.937  36.990785     1.7242      8.977   154.5576 9.1857e+02     4.2482      0.159      0.231    27.9433 0.0000e+00
      0.171      0.035     8.2878    106.037     34.933  36.985026     1.7555      8.984   154.7645 9.3968e+02     4.3867      0.167      0.242    27.9424 0.0000e+00
      0.182      0.035     8.3002    106.214     34.918  36.967196     1.7610      8.990   154.9451 8.8672e+02     4.3000      0.178      0.259    27.9392 0.0000e+00
      0.193      0.034     8.2998    106.351     34.919  36.965566     1.7580      8.997   155.1924 8.4323e+02     4.1565      0.190      0.278    27.9354 0.0000e+00
      0.203      0.032     8.2950    106.512     34.920  36.965314     1.7855      9.002   155.4311 8.3020e+02     4.1201      0.199      0.289    27.9332 0.0000e+00
      0.210      0.028     8.3066    106.701     34.918  36.964148     1.8029      9.006   155.4221 8.1322e+02     4.1331      0.206      0.299    27.9313 0.0000e+00
      0.217      0.024     8.3277    106.807     34.905  36.951466     1.8181      9.009   155.0841 8.3142e+02     4.0741      0.213      0.309    27.9276 0.0000e+00
      0.222      0.020     8.3331    106.799     34.892  36.938880     1.8196      9.013   154.8719 8.2096e+02     3.8861      0.217      0.316    27.9232 0.0000e+00
      0.226      0.017     8.3453    106.684     34.892  36.938870     1.8051      9.016   154.7489 7.8628e+02     3.7721      0.221      0.321    27.9219 0.0000e+00
      0.229      0.015     8.3668    106.489     34.905  36.951351     1.8000      9.019   154.6294 7.9632e+02     3.8567      0.224      0.325    27.9228 0.0000e+00
      0.233      0.014     8.3729    106.227     34.917  36.962879     1.7920      9.022   154.6324 8.4481e+02     3.9197      0.228      0.331    27.9241 0.0000e+00
      0.237      0.014     8.3735    105.936     34.907  36.951351     1.7907      9.025   154.5258 9.3444e+02     3.7812      0.232      0.337    27.9254 0.0000e+00
      0.239      0.015     8.3628    105.761     34.894  36.938880     1.7851      9.029   154.5449 1.0053e+03     3.5497      0.234      0.340    27.9254 0.0000e+00
      0.241      0.017     8.3471    105.755     34.893  36.938993     1.7910      9.032   154.6920 1.1127e+03     3.5110      0.236      0.342    27.9238 0.0000e+00
      0.245      0.018     8.3286    105.835     34.905  36.952722     1.8201      9.035   154.8414 1.1842e+03     3.6205      0.239      0.347    27.9220 0.0000e+00
      0.251      0.020     8.2981    105.972     34.929  36.977969     1.8453      9.037   155.4911 9.6416e+02     3.7128      0.245      0.356    27.9212 0.0000e+00
      0.258      0.021     8.2828    106.156     34.942  36.990440     1.8535      9.040   156.5245 7.2417e+02     3.7733      0.254      0.367    27.9222 0.0000e+00
      0.264      0.021     8.2873    106.336     34.931  36.976608     1.8451      9.044   157.2703 7.1637e+02     3.7365      0.259      0.376    27.9250 0.0000e+00
      0.269      0.020     8.2921    106.453     34.896  36.937621     1.8523      9.046   157.5392 8.3099e+02     3.7122      0.264      0.383    27.9276 0.0000e+00
      0.273      0.018     8.3032    106.486     34.865  36.899760     1.8736      9.047   157.5387 9.5049e+02     3.7865      0.268      0.388    27.9274 0.0000e+00
      0.277      0.016     8.3194    106.408     34.871  36.899544     1.8694      9.050   157.4365 9.3524e+02     3.7812      0.271      0.393    27.9250 0.0000e+00
      0.281      0.015     8.3363    106.214     34.909  36.934994     1.8432      9.052   157.2499 8.3028e+02     3.6822      0.276      0.400    27.9221 0.0000e+00
      0.285      0.014     8.3458    105.977     34.923  36.947666     1.8318      9.054   157.0888 8.1128e+02     3.6478      0.281      0.408    27.9182 0.0000e+00
      0.289      0.014     8.3502    105.792     34.902  36.925848     1.8477      9.057   157.0380 8.1803e+02     3.7077      0.283      0.410    27.9119 0.0000e+00
      0.292      0.014     8.3469    105.713     34.900  36.925007     1.8862      9.060   157.0655 6.8638e+02     3.7913      0.286      0.414    27.9022 0.0000e+00
      0.295      0.015     8.3295    105.676     34.910  36.937498     1.9137      9.063   157.1630 5.3414e+02     3.8386      0.290      0.421    27.8929 0.0000e+00
      0.298      0.016     8.3099    105.619     34.920  36.949979     1.9057      9.068   156.8404 4.8046e+02     3.8697      0.292      0.423    27.8894 0.0000e+00
      0.302      0.017     8.2911    105.598     34.917  36.949013     1.8982      9.072   156.1764 5.0582e+02     3.8938      0.295      0.427    27.8917 0.0000e+00
      0.308      0.018     8.2884    105.705     34.895  36.925814     1.9308      9.076   156.0173 6.1285e+02     3.9598      0.302      0.437    27.8946 0.0000e+00
      0.313      0.018     8.2876    105.896     34.895  36.923299     1.9840      9.080   156.4657 7.0848e+02     4.0184      0.307      0.446    27.8970 0.0000e+00
      0.318      0.017     8.2804    106.040     34.895  36.918599     1.9915      9.084   157.0383 7.1550e+02     3.9530      0.312      0.453    27.9006 0.0000e+00
      0.322      0.017     8.2742    106.091     34.856  36.868975     1.9723      9.089   157.1756 7.1069e+02     3.9550      0.316      0.458    27.9033 0.0000e+00
      0.325      0.018     8.2836    106.025     34.830  36.830895     1.9853      9.093   156.6630 7.2853e+02     4.0767      0.319      0.463    27.9048 0.0000e+00
      0.329      0.019     8.3058    105.843     34.850  36.838878     2.0065      9.097   156.0025 7.8928e+02     4.1269      0.322      0.468    27.9020 0.0000e+00
      0.333      0.020     8.3169    105.638     34.861  36.838566     1.9957      9.102   155.9008 8.3388e+02     4.0493      0.325      0.472    27.8939 0.0000e+00
      0.339      0.020     8.3240    105.525     34.858  36.827106     1.9622      9.106   156.4656 9.1059e+02     3.8894      0.331      0.480    27.8818 0.0000e+00
      0.347      0.019     8.3223    105.516     34.861  36.827209     1.9605      9.107   157.2392 1.0127e+03     3.8003      0.340      0.493    27.8649 0.0000e+00
      0.353      0.017     8.3074    105.495     34.873  36.839803     1.9910      9.107   157.2535 8.3930e+02     3.8257      0.347      0.503    27.8455 0.0000e+00
      0.357      0.014     8.2901    105.369     34.884  36.852474     2.0066      9.107   156.3796 6.1812e+02     3.8546      0.351      0.508    27.8264 0.0000e+00
      0.359      0.010     8.2821    105.215     34.885  36.853523     1.9989      9.104   155.5353 6.4144e+02     3.7737      0.352      0.511    27.8144 0.0000e+00
      0.360      0.007     8.2864    105.154     34.885  36.852484     1.9724      9.102   155.0466 7.1185e+02     3.6327      0.353      0.513    27.8115 0.0000e+00
      0.361      0.005     8.2887    105.202     34.875  36.839908     1.9620      9.100   154.7729 7.2288e+02     3.7220      0.354      0.513    27.8136 0.0000e+00
      0.361      0.004     8.2749    105.317     34.866  36.828362     1.9891      9.098   154.6352 7.8164e+02     3.9990      0.354      0.514    27.8153 0.0000e+00
      0.362      0.004     8.2580    105.432     34.879  36.839785     2.0091      9.097   154.8443 8.5651e+02     4.1462      0.355      0.515    27.8146 0.0000e+00
      0.364      0.005     8.2543    105.512     34.893  36.851112     1.9951      9.098   155.1494 8.1148e+02     4.1014      0.356      0.517    27.8141 0.0000e+00
      0.366      0.007     8.2590    105.562     34.884  36.838412     1.9952      9.099   154.9690 7.5684e+02     4.0046      0.358      0.521    27.8120 0.0000e+00
      0.368      0.010     8.2710    105.567     34.862  36.813127     2.0517      9.102   154.5560 7.7122e+02     4.0003      0.360      0.523    27.8074 0.0000e+00
      0.369      0.015     8.2823    105.515     34.848  36.799197     2.1122      9.107   154.4580 7.6898e+02     4.0502      0.360      0.523    27.8032 0.0000e+00
      0.372      0.019     8.2876    105.399     34.844  36.796888     2.1276      9.113   155.5048 7.1275e+02     4.0948      0.364      0.527    27.7984 0.0000e+00
      0.378      0.024     8.2940    105.258     34.831  36.785217     2.0964      9.118   157.3178 6.5472e+02     4.0608      0.369      0.534    27.7931 0.0000e+00
      0.387      0.028     8.2945    105.167     34.833  36.784989     2.0433      9.124   158.2253 6.8678e+02     3.9817      0.379      0.550    27.7900 0.0000e+00
      0.396      0.030     8.2906    105.099     34.853  36.794134     2.0266      9.131   158.0456 7.7933e+02     4.0265      0.390      0.565    27.7920 0.0000e+00
      0.404      0.031     8.2810    105.011     34.844  36.768860     2.0438      9.136   157.6398 8.1084e+02     4.0904      0.395      0.573    27.7960 0.0000e+00
      0.412      0.030     8.2643    104.910     34.825  36.733185     2.0269      9.141   157.7067 7.6773e+02     4.0368      0.404      0.586    27.8000 0.0000e+00
      0.420      0.027     8.2597    104.774     34.848  36.743475     1.9717      9.145   158.5104 7.7487e+02     3.9245      0.413      0.599    27.7999 0.0000e+00
      0.427      0.025     8.2595    104.650     34.879  36.766341     1.9425      9.148   159.6140 8.0271e+02     3.8932      0.419      0.608    27.7817 0.0000e+00
      0.433      0.023     8.2536    104.624     34.876  36.755845     1.9567      9.152   160.2096 7.5476e+02     3.9666      0.424      0.616    27.7541 0.0000e+00
      0.438      0.022     8.2524    104.679     34.868  36.743459     1.9607      9.156   160.2907 7.1753e+02     3.9914      0.430      0.624    27.7315 0.0000e+00
      0.442      0.021     8.2423    104.768     34.870  36.743477     1.9249      9.160   160.2503 6.8154e+02     3.9207      0.433      0.629    27.7122 0.0000e+00
      0.447      0.021     8.2305    104.873     34.884  36.756054     1.8896      9.164   159.8936 6.1889e+02     3.8630      0.437      0.634    27.6974 0.0000e+00
      0.454      0.022     8.2319    105.008     34.896  36.768621     1.8832      9.168   159.5051 5.9759e+02     3.8742      0.445      0.645    27.6884 0.0000e+00
      0.460      0.024     8.2382    105.153     34.896  36.768525     1.8891      9.172   159.6833 6.0695e+02     3.8858      0.452      0.655    27.6826 0.0000e+00
      0.465      0.026     8.2469    105.238     34.883  36.754900     1.8860      9.177   160.0698 6.3179e+02     3.8662      0.456      0.661    27.6782 0.0000e+00
      0.471      0.027     8.2539    105.227     34.858  36.730777     1.8785      9.181   160.3922 7.0705e+02     3.8767      0.461      0.669    27.6772 0.0000e+00
      0.479      0.026     8.2650    105.138     34.856  36.730663     1.8994      9.185   160.6555 7.3570e+02     3.9444      0.469      0.681    27.6773 0.0000e+00
      0.489      0.025     8.2795    105.028     34.876  36.753526     1.9309      9.189   159.9840 6.4166e+02     4.0356      0.480      0.696    27.6752 0.0000e+00
      0.496      0.024     8.2871    104.942     34.875  36.753412     1.9343      9.191   158.7264 5.5806e+02     4.0920      0.487      0.707    27.6755 0.0000e+00
      0.501      0.022     8.2851    104.893     34.853  36.729279     1.9233      9.192   158.4409 5.5568e+02     4.0451      0.492      0.714    27.6795 0.0000e+00
      0.505      0.019     8.2754    104.845     34.843  36.715540     1.9059      9.195   159.1138 6.0398e+02     3.9462      0.495      0.717    27.6834 0.0000e+00
      0.509      0.017     8.2655    104.790     34.847  36.714188     1.9074      9.198   159.9796 6.0758e+02     3.9557      0.498      0.722    27.6851 0.0000e+00
      0.514      0.015     8.2573    104.750     34.850  36.712931     1.9497      9.201   159.5306 5.3008e+02     4.0576      0.504      0.731    27.6869 0.0000e+00
      0.518      0.014     8.2555    104.725     34.842  36.700336     1.9927      9.204   157.7286 4.7667e+02     4.1189      0.509      0.738    27.6868 0.0000e+00
      0.521      0.014     8.2535    104.719     34.836  36.688799     1.9947      9.206   156.8627 4.8098e+02     4.0479      0.511      0.741    27.6800 0.0000e+00
      0.524      0.014     8.2479    104.688     34.851  36.700335     1.9741      9.209   157.3205 4.7743e+02     3.9174      0.514      0.744    27.6720 0.0000e+00
      0.527      0.015     8.2475    104.553     34.868  36.712912     1.9759      9.212   158.1877 4.4922e+02     3.9414      0.517      0.750    27.6668 0.0000e+00
      0.530      0.016     8.2446    104.301     34.877  36.713954     1.9924      9.214   158.7441 4.4337e+02     4.0298      0.520      0.754    27.6605 0.0000e+00
      0.535      0.018     8.2469    104.037     34.885  36.712915     1.9979      9.217   158.3695 4.4567e+02     4.0300      0.523      0.759    27.6537 0.0000e+00
      0.541      0.019     8.2484    103.892     34.880  36.700331     1.9852      9.219   157.4439 4.3209e+02     4.0119      0.529      0.768    27.6489 0.0000e+00
      0.547      0.020     8.2391    103.894     34.873  36.688692     1.9548      9.222   156.9314 4.2607e+02     4.0164      0.536      0.778    27.6409 0.0000e+00
      0.552      0.021     8.2184    104.033     34.884  36.699085     1.9382      9.226   157.0771 4.4090e+02     4.0844      0.542      0.785    27.6278 0.0000e+00
      0.557      0.021     8.1936    104.295     34.884  36.699085     1.9420      9.229   157.5703 4.4902e+02     4.1159      0.547      0.793    27.6128 0.0000e+00
      0.561      0.020     8.1853    104.614     34.872  36.688691     1.9435      9.230   158.3349 4.2467e+02     4.0562      0.550      0.798    27.6007 0.0000e+00
      0.566      0.020     8.1866    104.903     34.880  36.700322     1.9306      9.232   158.8368 4.2124e+02     3.9781      0.554      0.803    27.5953 0.0000e+00
      0.572      0.020     8.1969    105.111     34.888  36.712812     1.9113      9.235   158.6488 4.4229e+02     3.8200      0.561      0.813    27.5937 0.0000e+00
      0.577      0.019     8.2201    105.236     34.886  36.712812     1.9189      9.236   158.5568 4.5616e+02     3.6471      0.567      0.822    27.5939 0.0000e+00
      0.582      0.019     8.2475    105.280     34.873  36.700330     1.9474      9.238   158.5843 4.6490e+02     3.5274      0.571      0.828    27.5972 0.0000e+00
      0.587      0.018     8.2710    105.237     34.863  36.688793     1.9556      9.241   158.3797 4.4612e+02     3.4318      0.576      0.835    27.6033 0.0000e+00
