Data/DataNotYetUploadedToEDI/Raw_CTD/RawDownloads/071425_fcr20_S7809003.cnv
* Sea-Bird SBE19plus  Data File:
* FileName = C:\R\Reservoirs\Data\DataNotYetUploadedToEDI\Raw_CTD\RawDownloads\071425_fcr50_S7809_0003.hex
* Software version 2.8.0.119
* Temperature SN = 7809
* Conductivity SN = 7809
* System UpLoad Time = Jul 14 2025 17:14:02
* <ApplicationData>
* <Seaterm232>
# nquan = 15
# nvalues = 1448                        
# units = specified
# name 0 = depFM: Depth [fresh water, m]
# name 1 = dz/dtM: Descent Rate [m/s]
# name 2 = sbeox0Mg/L: Oxygen, SBE 43 [mg/l]
# name 3 = sbeox0PS: Oxygen, SBE 43 [% saturation]
# name 4 = specc: Specific Conductance [uS/cm]
# name 5 = c0uS/cm: Conductivity [uS/cm]
# name 6 = flECO-AFL: Fluorescence, WET Labs ECO-AFL/FL [mg/m^3]
# name 7 = ph: pH
# name 8 = orp: Oxidation Reduction Potential [mV]
# name 9 = par/sat/log: PAR/Logarithmic, Satlantic
# name 10 = turbWETntu0: Turbidity, WET Labs ECO [NTU]
# name 11 = prdM: Pressure, Strain Gauge [db]
# name 12 = prdE: Pressure, Strain Gauge [psi]
# name 13 = tv290C: Temperature [ITS-90, deg C]
# name 14 = flag:  0.000e+00
# span 0 =     -0.625,      3.460       
# span 1 =     -0.356,      0.140       
# span 2 =    -0.0564,     8.8418       
# span 3 =     -0.472,    111.839       
# span 4 =      1.105,    289.802       
# span 5 =   1.096446, 233.291706       
# span 6 =    -0.4675,    48.5853       
# span 7 =      8.107,      9.669       
# span 8 =   -82.7794,   206.1442       
# span 9 = 6.5730e-01, 2.4411e+03       
# span 10 =    -1.6946,   118.1096      
# span 11 =     -0.613,      3.394      
# span 12 =     -0.889,      4.923      
# span 13 =    14.4318,    27.8415      
# span 14 = 0.0000e+00, 0.0000e+00      
# interval = seconds: 0.25
# start_time = Jul 14 2025 12:14:22 [Instrument's time stamp, header]
# bad_flag = -9.990e-29
*END*
[from data line 482]
      1.094      0.008     7.6252     94.494     35.460  36.540083     2.2972      9.329   116.4755 1.1484e+02     6.5386      1.073      1.556    26.5226 0.0000e+00
      1.098      0.008     7.6093     94.534     35.465  36.539024     2.2897      9.325   116.7170 1.1013e+02     6.4678      1.077      1.562    26.5246 0.0000e+00
      1.099      0.007     7.5977     94.584     35.401  36.467207     2.2535      9.321   116.8371 1.0700e+02     6.3029      1.078      1.564    26.5261 0.0000e+00
      1.099      0.007     7.5932     94.553     35.311  36.369699     2.2332      9.317   117.0674 1.0504e+02     6.1839      1.077      1.562    26.5236 0.0000e+00
      1.100      0.008     7.5924     94.422     35.259  36.311817     2.2603      9.314   117.4368 1.0374e+02     6.2937      1.077      1.563    26.5176 0.0000e+00
      1.101      0.010     7.5973     94.249     35.226  36.274956     2.3147      9.312   117.7755 1.0250e+02     6.5713      1.080      1.566    26.5095 0.0000e+00
      1.104      0.013     7.6070     94.069     35.196  36.241256     2.3253      9.309   118.0654 1.0130e+02     6.6706      1.083      1.571    26.5007 0.0000e+00
      1.109      0.016     7.6062     93.889     35.180  36.221605     2.2978      9.306   118.3605 1.0042e+02     6.5376      1.087      1.577    26.4918 0.0000e+00
      1.113      0.018     7.5934     93.734     35.189  36.227702     2.3061      9.304   118.5900 9.9820e+01     6.5686      1.092      1.584    26.4848 0.0000e+00
      1.118      0.019     7.5795     93.613     35.216  36.251524     2.3424      9.302   118.7760 9.9589e+01     6.8072      1.097      1.591    26.4807 0.0000e+00
      1.124      0.019     7.5658     93.520     35.224  36.255828     2.3377      9.300   118.9750 9.9714e+01     6.8947      1.102      1.598    26.4780 0.0000e+00
      1.130      0.019     7.5506     93.448     35.251  36.279738     2.2986      9.297   119.1020 1.0011e+02     6.8071      1.108      1.607    26.4748 0.0000e+00
      1.135      0.019     7.5384     93.369     35.325  36.350254     2.2851      9.294   119.1930 1.0072e+02     6.8061      1.114      1.615    26.4701 0.0000e+00
      1.139      0.019     7.5301     93.275     35.391  36.410475     2.3086      9.290   119.3879 1.0144e+02     6.9521      1.117      1.620    26.4636 0.0000e+00
      1.143      0.019     7.5229     93.175     35.426  36.436800     2.3414      9.287   119.6511 1.0219e+02     7.0344      1.122      1.625    26.4579 0.0000e+00
      1.148      0.020     7.5197     93.095     35.476  36.478180     2.3404      9.284   119.9664 1.0277e+02     6.9815      1.125      1.632    26.4524 0.0000e+00
      1.153      0.023     7.5137     93.024     35.596  36.593515     2.3053      9.282   120.2748 1.0319e+02     6.9957      1.131      1.640    26.4456 0.0000e+00
      1.158      0.026     7.5079     92.918     35.695  36.689184     2.2833      9.281   120.4543 1.0344e+02     7.1027      1.136      1.647    26.4364 0.0000e+00
      1.164      0.030     7.5001     92.781     35.695  36.683125     2.2983      9.279   120.5882 1.0299e+02     7.2167      1.141      1.654    26.4215 0.0000e+00
      1.173      0.031     7.4961     92.596     35.663  36.647154     2.3286      9.276   120.6894 1.0165e+02     7.2811      1.149      1.665    26.4047 0.0000e+00
      1.183      0.031     7.4950     92.340     35.650  36.634956     2.3248      9.274   120.8178 9.9861e+01     7.2330      1.159      1.681    26.3931 0.0000e+00
      1.194      0.029     7.4853     92.055     35.673  36.662555     2.3114      9.271   121.0216 9.8056e+01     7.2495      1.173      1.700    26.3862 0.0000e+00
      1.203      0.025     7.4767     91.815     35.731  36.727049     2.3162      9.268   121.2614 9.6714e+01     7.4122      1.181      1.713    26.3769 0.0000e+00
      1.208      0.020     7.4641     91.633     35.780  36.780244     2.3166      9.267   121.5659 9.6010e+01     7.4931      1.184      1.719    26.3701 0.0000e+00
      1.209      0.016     7.4415     91.492     35.799  36.798116     2.3154      9.266   121.7779 9.5504e+01     7.4075      1.186      1.721    26.3731 0.0000e+00
      1.210      0.015     7.4148     91.404     35.822  36.816226     2.3016      9.264   121.9323 9.4799e+01     7.3335      1.186      1.720    26.3802 0.0000e+00
      1.213      0.016     7.3937     91.358     35.885  36.872303     2.2992      9.261   122.1422 9.3809e+01     7.4516      1.188      1.723    26.3890 0.0000e+00
      1.218      0.017     7.3807     91.347     35.986  36.968518     2.3118      9.258   122.3363 9.2719e+01     7.6401      1.193      1.731    26.3939 0.0000e+00
      1.224      0.019     7.3675     91.384     36.050  37.027750     2.3125      9.256   122.5581 9.2017e+01     7.7003      1.200      1.742    26.3902 0.0000e+00
      1.231      0.019     7.3629     91.439     36.046  37.017387     2.3237      9.254   122.7595 9.2164e+01     7.7347      1.208      1.752    26.3813 0.0000e+00
      1.237      0.018     7.3614     91.467     36.067  37.033580     2.3395      9.252   122.8779 9.3404e+01     7.8169      1.213      1.759    26.3691 0.0000e+00
      1.241      0.017     7.3602     91.440     36.136  37.096618     2.3621      9.250   123.0435 9.5834e+01     7.9429      1.217      1.765    26.3585 0.0000e+00
      1.244      0.015     7.3658     91.368     36.194  37.145038     2.3979      9.248   123.2994 9.9292e+01     8.1310      1.220      1.769    26.3497 0.0000e+00
      1.247      0.014     7.3733     91.311     36.236  37.174834     2.4391      9.246   123.4769 1.0365e+02     8.4510      1.223      1.774    26.3413 0.0000e+00
      1.250      0.014     7.3763     91.251     36.276  37.203041     2.4766      9.243   123.5554 1.0899e+02     8.8749      1.226      1.778    26.3350 0.0000e+00
      1.253      0.015     7.3768     91.184     36.317  37.232257     2.4773      9.241   123.7315 1.1532e+02     9.0890      1.229      1.783    26.3256 0.0000e+00
      1.258      0.015     7.3690     91.162     36.372  37.274248     2.4723      9.239   124.0567 1.2269e+02     9.1270      1.232      1.789    26.3090 0.0000e+00
      1.262      0.015     7.3681     91.063     36.443  37.330012     2.4584      9.237   124.3903 1.3116e+02     8.9928      1.238      1.795    26.2889 0.0000e+00
      1.266      0.015     7.3696     90.921     36.529  37.398851     2.3926      9.235   124.6673 1.4055e+02     8.6614      1.242      1.801    26.2713 0.0000e+00
      1.270      0.016     7.3567     90.863     36.620  37.472000     2.3261      9.234   124.9123 1.5022e+02     8.4670      1.245      1.806    26.2552 0.0000e+00
      1.273      0.018     7.3691     90.807     36.683  37.516430     2.2941      9.231   125.0293 1.5954e+02     8.3847      1.248      1.811    26.2368 0.0000e+00
      1.277      0.021     7.3617     90.713     36.735  37.555288     2.3559      9.226   125.0483 1.6819e+02     8.2137      1.252      1.816    26.2117 0.0000e+00
      1.282      0.024     7.3444     90.628     36.813  37.624543     2.4994      9.223   125.1429 1.7575e+02     7.9362      1.256      1.822    26.1848 0.0000e+00
      1.289      0.026     7.3527     90.566     36.919  37.719220     2.5641      9.220   125.3122 1.8212e+02     7.6944      1.263      1.833    26.1564 0.0000e+00
      1.298      0.027     7.3506     90.513     37.035  37.811645     2.5389      9.216   125.5468 1.8743e+02     7.5781      1.273      1.847    26.1268 0.0000e+00
      1.307      0.027     7.3439     90.436     37.110  37.853634     2.5359      9.213   125.7418 1.9154e+02     7.3843      1.282      1.859    26.1084 0.0000e+00
      1.314      0.025     7.3380     90.268     37.138  37.846119     2.5946      9.210   125.7775 1.9470e+02     7.0938      1.290      1.870    26.0977 0.0000e+00
      1.320      0.022     7.3356     89.984     37.170  37.847632     2.6661      9.206   125.8930 1.9740e+02     6.9008      1.295      1.879    26.0847 0.0000e+00
      1.325      0.019     7.3364     89.676     37.215  37.871885     2.6844      9.203   126.1061 1.9983e+02     6.7921      1.299      1.884    26.0492 0.0000e+00
      1.329      0.016     7.3398     89.451     37.241  37.885505     2.6574      9.200   126.2023 2.0187e+02     6.7361      1.303      1.890    25.9940 0.0000e+00
      1.332      0.014     7.3348     89.329     37.248  37.885382     2.5978      9.196   126.3676 2.0344e+02     6.8389      1.306      1.895    25.9448 0.0000e+00
      1.335      0.014     7.3136     89.310     37.239  37.870392     2.5388      9.191   126.6426 2.0448e+02     7.0792      1.309      1.898    25.9016 0.0000e+00
      1.338      0.014     7.2884     89.381     37.209  37.831161     2.5262      9.187   126.8603 2.0488e+02     7.1476      1.312      1.903    25.8714 0.0000e+00
      1.341      0.015     7.2729     89.492     37.172  37.791760     2.5118      9.185   127.1063 2.0464e+02     7.0161      1.315      1.908    25.8554 0.0000e+00
      1.346      0.015     7.2637     89.619     37.145  37.774720     2.4898      9.181   127.3803 2.0430e+02     7.0612      1.320      1.914    25.8497 0.0000e+00
      1.351      0.016     7.2622     89.747     37.111  37.752062     2.4858      9.177   127.5921 2.0426e+02     7.3173      1.325      1.922    25.8442 0.0000e+00
      1.355      0.016     7.2732     89.809     37.075  37.708191     2.4709      9.173   127.7743 2.0425e+02     7.4479      1.329      1.927    25.8259 0.0000e+00
      1.359      0.015     7.2840     89.790     37.083  37.688461     2.4513      9.169   128.0338 2.0400e+02     7.3425      1.332      1.932    25.8181 0.0000e+00
      1.362      0.015     7.2901     89.747     37.130  37.703831     2.4317      9.164   128.3210 2.0345e+02     7.0332      1.336      1.937    25.8396 0.0000e+00
      1.365      0.015     7.3004     89.679     37.158  37.703607     2.4251      9.160   128.5805 2.0249e+02     6.7145      1.339      1.941    25.8706 0.0000e+00
      1.369      0.015     7.3072     89.549     37.165  37.685709     2.4544      9.157   128.9341 2.0107e+02     6.6658      1.343      1.947    25.8619 0.0000e+00
      1.374      0.015     7.3086     89.349     37.180  37.677754     2.4783      9.153   129.3261 1.9947e+02     6.7173      1.347      1.954    25.8101 0.0000e+00
      1.378      0.014     7.3128     89.132     37.197  37.670844     2.4393      9.149   129.6202 1.9781e+02     6.7569      1.352      1.960    25.7627 0.0000e+00
      1.382      0.013     7.3130     88.949     37.217  37.665581     2.3483      9.146   129.9096 1.9621e+02     6.8717      1.355      1.965    25.7279 0.0000e+00
      1.385      0.010     7.3080     88.832     37.253  37.677526     2.3033      9.141   130.2435 1.9479e+02     7.0113      1.357      1.969    25.6933 0.0000e+00
      1.387      0.008     7.2934     88.821     37.284  37.688327     2.3278      9.137   130.4738 1.9328e+02     7.1472      1.360      1.974    25.6622 0.0000e+00
      1.389      0.008     7.2778     88.894     37.281  37.669236     2.3363      9.133   130.6298 1.9198e+02     7.4561      1.362      1.976    25.6317 0.0000e+00
      1.390      0.009     7.2680     88.987     37.263  37.637039     2.2971      9.129   130.8394 1.9107e+02     7.9111      1.363      1.976    25.5953 0.0000e+00
      1.391      0.010     7.2602     89.082     37.262  37.616289     2.2540      9.126   131.1144 1.8980e+02     8.1387      1.363      1.976    25.5612 0.0000e+00
      1.393      0.013     7.2644     89.226     37.280  37.608690     2.2566      9.123   131.4591 1.8785e+02     8.2262      1.365      1.980    25.5337 0.0000e+00
      1.397      0.015     7.2755     89.453     37.303  37.608570     2.2872      9.119   131.8241 1.8574e+02     8.3548      1.370      1.987    25.5122 0.0000e+00
      1.403      0.017     7.2861     89.816     37.323  37.614802     2.2817      9.115   132.0866 1.8393e+02     8.3959      1.376      1.995    25.4979 0.0000e+00
      1.408      0.019     7.2943     90.326     37.331  37.620566     2.2317      9.111   132.2238 1.8233e+02     8.3135      1.382      2.004    25.4735 0.0000e+00
      1.413      0.020     7.3113     90.840     37.329  37.614804     2.1824      9.107   132.3639 1.8083e+02     8.2128      1.386      2.011    25.4343 0.0000e+00
      1.417      0.020     7.3336     91.239     37.340  37.608588     2.1767      9.102   132.5767 1.7928e+02     8.2372      1.390      2.016    25.3972 0.0000e+00
      1.422      0.020     7.3628     91.551     37.372  37.608834     2.1793      9.097   132.8172 1.7729e+02     8.3355      1.395      2.022    25.3771 0.0000e+00
      1.428      0.020     7.4113     91.861     37.420  37.617736     2.1566      9.093   133.0359 1.7488e+02     8.3765      1.400      2.030    25.3811 0.0000e+00
      1.434      0.019     7.4569     92.160     37.493  37.652700     2.1429      9.090   133.1552 1.7262e+02     8.3562      1.406      2.039    25.3851 0.0000e+00
      1.439      0.018     7.4916     92.358     37.588  37.714255     2.1303      9.087   133.2272 1.7077e+02     8.3641      1.412      2.048    25.3603 0.0000e+00
      1.443      0.017     7.5196     92.406     37.692  37.790850     2.1212      9.082   133.3897 1.6912e+02     8.4027      1.416      2.054    25.3136 0.0000e+00
      1.447      0.016     7.5532     92.310     37.806  37.880755     2.1074      9.078   133.6583 1.6751e+02     8.3452      1.419      2.058    25.2577 0.0000e+00
      1.450      0.016     7.5893     92.046     37.922  37.976334     2.0715      9.074   133.9799 1.6586e+02     8.2154      1.422      2.063    25.2035 0.0000e+00
      1.453      0.017     7.6132     91.549     38.022  38.058069     2.0447      9.071   134.2659 1.6411e+02     8.1313      1.425      2.067    25.1598 0.0000e+00
      1.457      0.020     7.6211     90.791     38.092  38.107514     2.0413      9.068   134.4494 1.6224e+02     8.2164      1.428      2.072    25.1232 0.0000e+00
      1.462      0.022     7.6180     89.787     38.138  38.129952     2.0561      9.066   134.5635 1.6000e+02     8.4588      1.433      2.078    25.0902 0.0000e+00
      1.469      0.022     7.6034     88.609     38.167  38.138952     2.0482      9.063   134.6989 1.5734e+02     8.5339      1.440      2.089    25.0633 0.0000e+00
      1.477      0.021     7.5653     87.347     38.194  38.152844     2.0047      9.060   134.8829 1.5507e+02     8.4077      1.450      2.102    25.0432 0.0000e+00
      1.484      0.019     7.5063     86.034     38.215  38.170987     1.9789      9.057   135.1530 1.5364e+02     8.3677      1.456      2.112    25.0172 0.0000e+00
      1.488      0.016     7.4261     84.739     38.207  38.167951     2.0026      9.053   135.4691 1.5255e+02     8.4600      1.459      2.116    24.9824 0.0000e+00
      1.490      0.013     7.3285     83.599     38.211  38.179596     2.0421      9.049   135.7804 1.5154e+02     8.5674      1.461      2.120    24.9544 0.0000e+00
      1.492      0.011     7.2269     82.698     38.279  38.248342     2.0400      9.045   136.1626 1.5050e+02     8.5387      1.463      2.122    24.9371 0.0000e+00
      1.495      0.009     7.1176     82.059     38.339  38.301133     2.0111      9.043   136.4774 1.4959e+02     8.4206      1.466      2.126    24.9323 0.0000e+00
      1.497      0.009     7.0033     81.669     38.363  38.310220     2.0010      9.039   136.6615 1.4889e+02     8.5057      1.469      2.130    24.9420 0.0000e+00
      1.499      0.010     6.9054     81.398     38.425  38.358190     2.0010      9.035   136.9252 1.4821e+02     8.7478      1.469      2.131    24.9557 0.0000e+00
      1.500      0.012     6.8302     81.072     38.515  38.436919     1.9943      9.032   137.2569 1.4731e+02     8.8543      1.471      2.134    24.9595 0.0000e+00
      1.503      0.014     6.7784     80.674     38.594  38.500620     1.9702      9.030   137.4879 1.4611e+02     8.8032      1.474      2.138    24.9474 0.0000e+00
