Data/DataNotYetUploadedToEDI/Raw_CTD/RawDownloads/071425_bvr50_S8188001.cnv
* Sea-Bird SBE19plus  Data File:
* FileName = C:\R\Reservoirs\Data\DataNotYetUploadedToEDI\Raw_CTD\RawDownloads\071425_bvr50_S8188_0001.hex
* Software version 2.8.0.119
* Temperature SN = 8188
* Conductivity SN = 8188
* System UpLoad Time = Aug 21 2025 13:35:22
* <ApplicationData>
* <Seaterm232>
# nquan = 16
# nvalues = 2397                        
# units = specified
# name 0 = depFM: Depth [fresh water, m]
# name 1 = dz/dtM: Descent Rate [m/s]
# name 2 = sbeox0Mg/L: Oxygen, SBE 43 [mg/l]
# name 3 = sbeox0PS: Oxygen, SBE 43 [% saturation]
# name 4 = specc: Specific Conductance [uS/cm]
# name 5 = c0uS/cm: Conductivity [uS/cm]
# name 6 = wetCDOM: Fluorescence, WET Labs CDOM [mg/m^3]
# name 7 = flECO-AFL: Fluorescence, WET Labs ECO-AFL/FL [mg/m^3]
# name 8 = flECO-AFL1: Fluorescence, WET Labs ECO-AFL/FL, 2 [mg/m^3]
# name 9 = flECO-AFL2: Fluorescence, WET Labs ECO-AFL/FL, 3 [mg/m^3]
# name 10 = par/sat/log: PAR/Logarithmic, Satlantic
# name 11 = turbWETntu0: Turbidity, WET Labs ECO [NTU]
# name 12 = prdM: Pressure, Strain Gauge [db]
# name 13 = prdE: Pressure, Strain Gauge [psi]
# name 14 = tv290C: Temperature [ITS-90, deg C]
# name 15 = flag:  0.000e+00
# span 0 =     -0.696,      5.966       
# span 1 =     -0.154,      0.139       
# span 2 =     0.0326,     9.7915       
# span 3 =      0.307,    123.735       
# span 4 =   -635.663,    328.727       
# span 5 =-507.491213, 242.657612       
# span 6 =    -4.5000,    55.8900       
# span 7 =    -2.6306,   245.1530       
# span 8 =    -2.1300,     1.0224       
# span 9 =    -6.8526,     9.2637       
# span 10 = 1.1580e-01, 1.7531e+03      
# span 11 =    -7.9836,   971.0642      
# span 12 =     -0.683,      5.851      
# span 13 =     -0.989,      8.487      
# span 14 =    11.9031,    27.3995      
# span 15 = 0.0000e+00, 0.0000e+00      
# interval = seconds: 0.25
# start_time = Jul 14 2025 09:01:00 [Instrument's time stamp, header]
# bad_flag = -9.990e-29
*END*
[from data line 1356]
      2.501      0.006     0.0582      0.607     56.582  46.820449    25.4700     4.6365     0.2556     8.8830 1.3114e+00     9.4190      2.453      3.558    16.4251 0.0000e+00
      2.504      0.007     0.0582      0.613     56.488  46.762223    25.4700     4.8119     0.2556     8.8830 1.2710e+00     8.9205      2.455      3.561    16.4043 0.0000e+00
      2.506      0.007     0.0581      0.610     56.498  46.793038    25.4700     4.8081     0.2556     8.8830 1.2647e+00     9.0867      2.457      3.564    16.3823 0.0000e+00
      2.507      0.007     0.0586      0.604     56.563  46.863312    25.4700     4.7967     0.2556     8.8830 1.3414e+00     8.9507      2.459      3.567    16.3681 0.0000e+00
      2.509      0.006     0.0595      0.597     56.631  46.926008    25.8300     4.7852     0.2130     9.0099 1.3140e+00     9.0716      2.461      3.569    16.3703 0.0000e+00
      2.510      0.005     0.0600      0.591     56.701  46.979907    25.8300     4.8005     0.2130     9.0099 1.2475e+00     9.0867      2.462      3.570    16.3872 0.0000e+00
      2.511      0.005     0.0597      0.586     56.858  47.097184    25.8300     4.7967     0.2130     9.0099 1.2617e+00     8.9658      2.463      3.572    16.4077 0.0000e+00
      2.512      0.004     0.0591      0.582     57.100  47.279214    25.8300     4.7814     0.2130     9.0099 1.3108e+00     8.9658      2.464      3.573    16.4222 0.0000e+00
      2.513      0.005     0.0584      0.581     57.354  47.462918    25.8300     4.7929     0.2130     9.2637 1.3557e+00     8.9960      2.465      3.574    16.4276 0.0000e+00
      2.514      0.005     0.0578      0.586     57.638  47.667383    25.8300     4.5602     0.2130     9.2637 1.3128e+00     9.1773      2.465      3.576    16.4239 0.0000e+00
      2.515      0.005     0.0574      0.595     58.048  47.973044    25.8300     4.5449     0.2130     9.2637 1.2752e+00     9.0867      2.467      3.578    16.4134 0.0000e+00
      2.517      0.005     0.0570      0.604     58.548  48.345796    25.8300     4.5335     0.2130     9.2637 1.2674e+00     9.2377      2.468      3.580    16.3969 0.0000e+00
      2.518      0.005     0.0569      0.611     58.901  48.592014    25.8300     4.5449     0.2130     9.2637 1.2499e+00     9.2075      2.470      3.582    16.3745 0.0000e+00
      2.520      0.005     0.0574      0.617     58.933  48.578012    25.6500     4.4801     0.2130     8.5869 1.2488e+00     9.6607      2.471      3.584    16.3481 0.0000e+00
      2.521      0.005     0.0583      0.619     58.711  48.371817    25.6500     4.4877     0.2130     8.5869 1.2841e+00     9.7060      2.472      3.586    16.3189 0.0000e+00
      2.522      0.004     0.0593      0.619     58.425  48.131738    25.6500     4.5068     0.2130     8.5869 1.2364e+00     9.7211      2.473      3.587    16.2845 0.0000e+00
      2.523      0.004     0.0600      0.619     58.243  47.991096    25.6500     4.4724     0.2130     8.5869 1.1820e+00     9.6456      2.475      3.589    16.2458 0.0000e+00
      2.524      0.004     0.0606      0.617     58.265  48.024014    25.5600     4.7433     0.2130     8.4600 1.1861e+00     9.2831      2.476      3.590    16.2116 0.0000e+00
      2.525      0.004     0.0608      0.613     58.473  48.205384    25.5600     4.7433     0.2130     8.4600 1.2284e+00     9.1471      2.476      3.591    16.1912 0.0000e+00
      2.525      0.004     0.0608      0.606     58.711  48.400188    25.5600     4.7433     0.2130     8.4600 1.2813e+00     9.2982      2.477      3.592    16.1870 0.0000e+00
      2.526      0.004     0.0608      0.599     58.809  48.469009    25.5600     4.7547     0.2130     8.4600 1.2491e+00     9.1924      2.477      3.593    16.1951 0.0000e+00
      2.527      0.004     0.0606      0.593     58.720  48.384351    25.7400     4.7356     0.2130     8.7138 1.2297e+00     9.4945      2.478      3.594    16.2077 0.0000e+00
      2.528      0.003     0.0602      0.588     58.452  48.163505    25.7400     4.7433     0.2130     8.7138 1.2054e+00     9.4794      2.479      3.596    16.2164 0.0000e+00
      2.529      0.003     0.0596      0.581     58.005  47.811367    25.7400     4.7242     0.2130     8.7138 1.1895e+00     9.4643      2.480      3.598    16.2153 0.0000e+00
      2.530      0.002     0.0589      0.569     57.472  47.407452    25.7400     4.7433     0.2130     8.7138 1.1766e+00     9.4794      2.481      3.599    16.2056 0.0000e+00
      2.531      0.001     0.0583      0.554     57.033  47.095207    26.0100     4.6632     0.2130     8.5869 1.1947e+00     9.5096      2.482      3.600    16.1962 0.0000e+00
      2.531      0.001     0.0578      0.540     56.833  46.982719    26.0100     4.6670     0.2130     8.5869 1.2262e+00     9.4794      2.482      3.599    16.1963 0.0000e+00
      2.530      0.001     0.0571      0.530     56.933  47.105770    26.0100     4.6746     0.2130     8.5869 1.3145e+00     9.4190      2.481      3.598    16.2111 0.0000e+00
      2.529      0.002     0.0559      0.523     57.290  47.417448    26.0100     4.6670     0.2130     8.5869 1.3312e+00     9.4945      2.481      3.598    16.2422 0.0000e+00
      2.530      0.004     0.0544      0.521     57.844  47.865333    26.0100     4.7509     0.2130     8.5869 1.3563e+00     9.7060      2.481      3.598    16.2856 0.0000e+00
      2.531      0.006     0.0530      0.526     58.520  48.389464    25.7400     4.7395     0.2130     8.1639 1.2986e+00     9.7816      2.482      3.600    16.3313 0.0000e+00
      2.533      0.009     0.0519      0.537     59.162  48.868478    25.7400     4.7471     0.2130     8.1639 1.1629e+00     9.7211      2.485      3.603    16.3667 0.0000e+00
      2.536      0.011     0.0512      0.553     59.694  49.250707    25.7400     4.7471     0.2130     8.1639 1.1929e+00     9.5550      2.487      3.607    16.3819 0.0000e+00
      2.539      0.013     0.0510      0.569     60.150  49.572291    25.7400     4.6555     0.2130     8.1639 1.2633e+00     9.3888      2.490      3.612    16.3731 0.0000e+00
      2.543      0.015     0.0516      0.583     60.545  49.847216    26.0100     4.6861     0.2130     8.5869 1.2093e+00     9.4039      2.494      3.616    16.3432 0.0000e+00
      2.547      0.016     0.0527      0.595     60.904  50.098958    26.0100     4.6975     0.2130     8.5869 1.1484e+00     9.4794      2.497      3.622    16.2996 0.0000e+00
      2.551      0.017     0.0543      0.606     61.295  50.382685    26.0100     4.6937     0.2130     8.5869 1.1614e+00     9.5399      2.502      3.628    16.2517 0.0000e+00
      2.556      0.019     0.0559      0.616     61.794  50.758108    26.0100     4.7814     0.2130     8.5869 1.1149e+00     9.1622      2.506      3.635    16.2056 0.0000e+00
      2.561      0.020     0.0573      0.620     62.429  51.241607    26.3700     4.7967     0.2130     8.8830 1.1362e+00     9.2075      2.511      3.642    16.1639 0.0000e+00
      2.566      0.020     0.0585      0.621     63.096  51.744813    26.3700     4.8234     0.2130     8.8830 1.1089e+00     9.2831      2.516      3.649    16.1278 0.0000e+00
      2.571      0.021     0.0597      0.622     63.644  52.144725    26.3700     4.8005     0.2130     8.8830 1.1147e+00     9.2226      2.522      3.657    16.0970 0.0000e+00
      2.577      0.022     0.0607      0.622     63.973  52.366554    26.3700     4.8043     0.2130     8.8830 1.0452e+00     9.7211      2.527      3.665    16.0688 0.0000e+00
      2.583      0.022     0.0611      0.621     64.139  52.463471    26.3700     4.7967     0.2130     8.8830 1.0266e+00     9.6607      2.533      3.674    16.0387 0.0000e+00
      2.589      0.022     0.0612      0.616     64.270  52.541069    26.8200     4.7738     0.2130     8.5869 9.9969e-01     9.7211      2.539      3.682    16.0033 0.0000e+00
      2.594      0.022     0.0615      0.605     64.374  52.606084    26.8200     4.7929     0.2130     8.5869 1.0071e+00     9.6305      2.544      3.690    15.9639 0.0000e+00
      2.600      0.022     0.0615      0.592     64.452  52.655915    26.8200     4.7891     0.2130     8.5869 1.0315e+00     9.6456      2.550      3.698    15.9263 0.0000e+00
      2.605      0.022     0.0614      0.580     64.572  52.743728    26.8200     4.8158     0.2130     8.5869 9.8889e-01     9.6456      2.555      3.706    15.8955 0.0000e+00
      2.611      0.022     0.0609      0.565     64.788  52.908888    27.4500     4.7776     0.2130     8.3331 9.4869e-01     9.6456      2.561      3.714    15.8724 0.0000e+00
      2.617      0.023     0.0599      0.547     65.094  53.143600    27.4500     4.7814     0.2130     8.3331 9.4869e-01     9.7665      2.566      3.722    15.8563 0.0000e+00
      2.622      0.023     0.0586      0.529     65.504  53.456622    27.4500     4.7395     0.2130     8.3331 9.2026e-01    10.5973      2.572      3.730    15.8457 0.0000e+00
      2.628      0.024     0.0575      0.515     66.031  53.859647    27.4500     4.6937     0.2130     8.3331 9.2930e-01    10.5671      2.578      3.738    15.8379 0.0000e+00
      2.634      0.024     0.0560      0.508     66.548  54.248793    28.2600     4.7433     0.2556     7.9947 8.8862e-01    10.5822      2.584      3.747    15.8293 0.0000e+00
      2.641      0.024     0.0541      0.511     66.919  54.520461    28.2600     4.7356     0.2556     7.9947 8.9133e-01    10.5822      2.590      3.756    15.8174 0.0000e+00
      2.647      0.023     0.0524      0.519     67.191  54.719182    28.2600     4.2855     0.2556     7.9947 8.3635e-01    10.5520      2.596      3.765    15.8014 0.0000e+00
      2.653      0.023     0.0511      0.528     67.484  54.943808    28.2600     4.2474     0.2556     7.9947 8.8554e-01    10.6728      2.602      3.774    15.7808 0.0000e+00
      2.659      0.022     0.0504      0.539     67.801  55.192423    27.6300     4.2664     0.2556     8.1639 8.1041e-01    10.6577      2.608      3.782    15.7564 0.0000e+00
      2.664      0.022     0.0507      0.552     67.994  55.341890    27.6300     4.2664     0.2556     8.1639 8.5714e-01    10.5822      2.613      3.790    15.7331 0.0000e+00
      2.670      0.021     0.0516      0.562     67.993  55.334359    27.6300     4.3732     0.2556     8.1639 8.2462e-01    10.7182      2.618      3.797    15.7160 0.0000e+00
      2.675      0.021     0.0525      0.563     67.900  55.255562    27.6300     4.3923     0.2556     8.1639 8.4880e-01    10.5822      2.623      3.805    15.7054 0.0000e+00
      2.680      0.020     0.0535      0.558     67.926  55.275911    27.6300     4.4000     0.2556     8.1639 7.8442e-01    10.6577      2.629      3.813    15.6983 0.0000e+00
      2.686      0.020     0.0548      0.550     68.303  55.580293    29.9700     4.3809     0.2130     8.6292 7.3014e-01    10.5671      2.634      3.820    15.6926 0.0000e+00
      2.691      0.020     0.0558      0.543     69.156  56.261841    29.9700     4.3351     0.2130     8.6292 7.6656e-01    10.7937      2.639      3.827    15.6882 0.0000e+00
      2.695      0.020     0.0560      0.537     70.437  57.270995    29.9700     4.3275     0.2130     8.6292 7.5171e-01    10.8390      2.643      3.834    15.6860 0.0000e+00
      2.700      0.020     0.0554      0.535     71.770  58.296547    29.9700     4.3427     0.2130     8.6292 7.7915e-01    10.8088      2.648      3.840    15.6858 0.0000e+00
      2.705      0.020     0.0546      0.537     72.682  58.961826    31.1400     4.3504     0.2556     8.5869 7.6257e-01    10.8239      2.652      3.847    15.6844 0.0000e+00
      2.710      0.021     0.0539      0.545     73.079  59.210895    31.1400     4.5640     0.2556     8.5869 7.0642e-01    12.1080      2.658      3.855    15.6762 0.0000e+00
      2.716      0.021     0.0534      0.560     73.162  59.227843    31.1400     4.5487     0.2556     8.5869 6.6140e-01    12.0626      2.664      3.863    15.6538 0.0000e+00
      2.722      0.021     0.0532      0.573     73.212  59.246550    31.1400     4.5297     0.2556     8.5869 6.5482e-01    11.9871      2.669      3.872    15.6133 0.0000e+00
      2.727      0.021     0.0534      0.582     73.250  59.273998    31.1400     4.5602     0.2130     7.9101 6.3950e-01    12.0777      2.675      3.879    15.5606 0.0000e+00
      2.733      0.021     0.0544      0.587     73.046  59.110084    31.1400     4.3923     0.2130     7.9101 6.5825e-01    11.7001      2.680      3.887    15.5100 0.0000e+00
      2.738      0.021     0.0559      0.585     72.696  58.832758    31.1400     4.3885     0.2130     7.9101 6.5482e-01    11.6246      2.685      3.894    15.4749 0.0000e+00
      2.743      0.020     0.0572      0.576     72.528  58.711105    31.1400     4.3809     0.2130     7.9101 6.5825e-01    11.6397      2.690      3.901    15.4595 0.0000e+00
      2.748      0.020     0.0581      0.563     72.574  58.766536    31.3200     4.3847     0.2130     7.4025 6.3783e-01    11.5339      2.695      3.909    15.4567 0.0000e+00
      2.753      0.020     0.0586      0.548     72.715  58.896168    31.3200     4.1405     0.2130     7.4025 6.1270e-01    10.5822      2.700      3.917    15.4574 0.0000e+00
      2.758      0.020     0.0584      0.531     72.994  59.128589    31.3200     4.1482     0.2130     7.4025 6.4396e-01    10.7031      2.705      3.924    15.4616 0.0000e+00
      2.764      0.020     0.0575      0.516     73.482  59.515807    31.3200     4.1444     0.2130     7.4025 6.2033e-01    10.6577      2.710      3.931    15.4714 0.0000e+00
      2.769      0.021     0.0562      0.504     74.194  60.069339    31.3200     4.1634     0.2130     7.4025 6.2060e-01    10.6124      2.715      3.938    15.4840 0.0000e+00
      2.774      0.021     0.0547      0.496     75.119  60.781226    35.3700     4.4648     0.2130     7.5717 6.1644e-01    10.4916      2.721      3.946    15.4947 0.0000e+00
      2.779      0.021     0.0530      0.495     76.217  61.619912    35.3700     4.4305     0.2130     7.5717 6.0621e-01    10.3707      2.726      3.953    15.4994 0.0000e+00
      2.785      0.021     0.0515      0.500     77.449  62.555732    35.3700     4.4648     0.2130     7.5717 6.0005e-01    10.4160      2.731      3.961    15.4948 0.0000e+00
      2.790      0.022     0.0502      0.505     78.700  63.495144    35.3700     4.4381     0.2130     7.5717 5.9473e-01    10.3707      2.736      3.969    15.4801 0.0000e+00
      2.796      0.022     0.0494      0.511     79.615  64.156017    39.3300     4.3923     0.2130     8.0370 5.7005e-01    10.4311      2.742      3.977    15.4561 0.0000e+00
      2.802      0.022     0.0494      0.519     79.878  64.295636    39.3300     4.4152     0.2130     8.0370 5.7503e-01    10.3103      2.747      3.985    15.4241 0.0000e+00
      2.808      0.021     0.0500      0.529     79.650  64.060956    39.3300     4.3656     0.2130     8.0370 5.1036e-01    10.4160      2.753      3.993    15.3853 0.0000e+00
      2.813      0.019     0.0505      0.538     79.396  63.834273    39.3300     4.3923     0.2130     8.0370 4.8306e-01    10.4614      2.759      4.002    15.3401 0.0000e+00
      2.818      0.018     0.0511      0.543     79.498  63.914216    41.1300     4.1215     0.2556     7.8678 5.0059e-01     9.6154      2.764      4.009    15.2905 0.0000e+00
      2.822      0.017     0.0520      0.543     79.990  64.312129    41.1300     4.1558     0.2556     7.8678 5.3862e-01     9.6305      2.768      4.015    15.2442 0.0000e+00
      2.826      0.016     0.0531      0.544     80.680  64.858838    41.1300     4.1596     0.2556     7.8678 5.6561e-01     9.7362      2.771      4.019    15.2112 0.0000e+00
      2.829      0.016     0.0540      0.549     81.385  65.402887    41.1300     4.1482     0.2556     7.8678 5.5213e-01     9.6003      2.774      4.024    15.1963 0.0000e+00
      2.833      0.017     0.0545      0.552     81.805  65.698320    41.1300     3.9040     0.2556     7.8678 5.3582e-01     9.6607      2.778      4.029    15.1947 0.0000e+00
