Data/DataNotYetUploadedToEDI/Raw_CTD/RawDownloads/071422_ccr50_S8188002.cnv
* Sea-Bird SBE19plus  Data File:
* FileName = C:\R\Reservoirs\Data\DataNotYetUploadedToEDI\Raw_CTD\RawDownloads\071122_fcr50_0002.hex
* Software version 2.8.0.119
* Temperature SN = 8188
* Conductivity SN = 8188
* System UpLoad Time = Jul 14 2022 16:29:53
* <ApplicationData>
* <Seaterm232>
# nquan = 16
# nvalues = 3343                        
# units = specified
# name 0 = depFM: Depth [fresh water, m]
# name 1 = dz/dtM: Descent Rate [m/s]
# name 2 = sbeox0Mg/L: Oxygen, SBE 43 [mg/l]
# name 3 = sbeox0PS: Oxygen, SBE 43 [% saturation]
# name 4 = specc: Specific Conductance [uS/cm]
# name 5 = c0uS/cm: Conductivity [uS/cm]
# name 6 = wetCDOM: Fluorescence, WET Labs CDOM [mg/m^3]
# name 7 = flECO-AFL: Fluorescence, WET Labs ECO-AFL/FL [mg/m^3]
# name 8 = flECO-AFL1: Fluorescence, WET Labs ECO-AFL/FL, 2 [mg/m^3]
# name 9 = flECO-AFL2: Fluorescence, WET Labs ECO-AFL/FL, 3 [mg/m^3]
# name 10 = par/sat/log: PAR/Logarithmic, Satlantic
# name 11 = turbWETntu0: Turbidity, WET Labs ECO [NTU]
# name 12 = prdM: Pressure, Strain Gauge [db]
# name 13 = prdE: Pressure, Strain Gauge [psi]
# name 14 = tv290C: Temperature [ITS-90, deg C]
# name 15 = flag:  0.000e+00
# span 0 =     -0.468,     21.111       
# span 1 =     -0.214,      0.209       
# span 2 =    -0.5343,    11.1418       
# span 3 =     -4.694,    125.072       
# span 4 =  -1723.714,    126.519       
# span 5 = -1.239e+03,  93.039392       
# span 6 =    -4.7669,     8.2869       
# span 7 =    -0.0886,    28.7108       
# span 8 =    -2.2561,     2.3757       
# span 9 =    -2.1636,     2.1822       
# span 10 = 1.1588e-01, 2.3097e+03      
# span 11 =    -0.0088,     9.8123      
# span 12 =     -0.460,     20.704      
# span 13 =     -0.667,     30.029      
# span 14 =    10.5366,    34.1904      
# span 15 = 0.0000e+00, 0.0000e+00      
# interval = seconds: 0.25
# start_time = Jul 14 2022 10:01:20 [Instrument's time stamp, header]
# bad_flag = -9.990e-29
*END*
[from data line 3255]
      0.721     -0.002     8.2413    103.918     86.179  90.145380     1.7967     3.3220     0.0014     0.1258 1.0778e+03     1.8040      0.703      1.018    27.2911 0.0000e+00
      0.722     -0.001     8.2443    103.919     86.214  90.200520     1.8050     3.3141    -0.0008     0.1274 9.7063e+02     1.8314      0.706      1.023    27.2860 0.0000e+00
      0.729      0.002     8.2424    103.983     86.193  90.190642     1.7922     3.2976     0.0005     0.1269 7.9735e+02     1.8824      0.716      1.038    27.2817 0.0000e+00
      0.734      0.003     8.2387    104.061     86.159  90.161370     1.7171     3.2874    -0.0003     0.1265 6.9404e+02     1.9107      0.722      1.047    27.2819 0.0000e+00
      0.736      0.001     8.2349    104.086     86.119  90.117395     1.7074     3.2844     0.0002     0.1278 9.5952e+02     1.9188      0.723      1.049    27.2938 0.0000e+00
      0.735     -0.004     8.2301    104.072     86.081  90.065132     1.7088     3.2702    -0.0001     0.1252 1.3546e+03     1.9799      0.721      1.047    27.3082 0.0000e+00
      0.731     -0.010     8.2367    104.071     86.098  90.071030     1.7153     3.2439     0.0000     0.1297 1.3651e+03     2.0913      0.717      1.040    27.3133 0.0000e+00
      0.726     -0.015     8.2452    104.101     86.198  90.188684     1.7947     3.2294    -0.0000     0.1671 1.2939e+03     2.1504      0.711      1.031    27.3181 0.0000e+00
      0.722     -0.018     8.2459    104.153     86.283  90.336810     1.8011     3.2295     0.0001     0.1685 1.5417e+03     2.1401      0.708      1.027    27.3183 0.0000e+00
      0.717     -0.023     8.2446    104.237     86.243  90.372727     1.8030     3.2419 6.7672e-07     0.1730 1.6103e+03     1.9689      0.703      1.019    27.3077 0.0000e+00
      0.712     -0.031     8.2454    104.341     86.184  90.352292     1.7922     3.2643    -0.0000     0.1615 1.3188e+03     1.6541      0.698      1.011    27.2960 0.0000e+00
      0.709     -0.044     8.2490    104.414     86.255  90.428296     1.7188     3.2773     0.0000     0.0929 1.1977e+03     1.4824      0.697      1.010    27.2957 0.0000e+00
      0.700     -0.059     8.2462    104.435     86.354  90.546977     1.7033     3.2793    -0.0000     0.0788 1.1629e+03     1.4650      0.691      1.002    27.3363 0.0000e+00
      0.682     -0.074     8.2438    104.457     86.384  90.636376     1.7161     3.2790     0.0000     0.0894 1.1829e+03     1.4427      0.673      0.976    27.3987 0.0000e+00
      0.657     -0.088     8.2502    104.522     86.368  90.696910     1.7030     3.2790    -0.0000     0.0797 1.2457e+03     1.4043      0.645      0.936    27.4253 0.0000e+00
      0.627     -0.103     8.2599    104.625     86.348  90.737413     1.7197     3.2789     0.0000     0.0907 1.0476e+03     1.3832      0.614      0.892    27.4065 0.0000e+00
      0.597     -0.115     8.2586    104.725     86.356  90.787686     1.7909     3.2778    -0.0000     0.1205 9.6715e+02     1.3802      0.583      0.846    27.4085 0.0000e+00
      0.571     -0.120     8.2531    104.792     86.351  90.830915     1.8053     3.2663     0.0000     0.1324 1.0263e+03     1.3685      0.560      0.813    27.4506 0.0000e+00
      0.543     -0.121     8.2504    104.862     86.331  90.853970     1.7973     3.2434    -0.0001     0.1208 8.2910e+02     1.3475      0.539      0.782    27.5048 0.0000e+00
      0.505     -0.124     8.2542    104.930     86.325  90.863414     1.8009     3.2289     0.0001     0.1350 5.6312e+02     1.3364      0.496      0.720    27.5426 0.0000e+00
      0.467     -0.134     8.2629    104.968     86.346  90.877429     1.8008     3.2244    -0.0001     0.2046 4.2251e+02     1.3352      0.451      0.655    27.5536 0.0000e+00
      0.440     -0.149     8.2599    104.978     86.369  90.888009     1.7974     3.2009     0.0002     0.2139 4.0397e+02     1.3320      0.430      0.624    27.5867 0.0000e+00
      0.414     -0.167     8.2617    104.993     86.333  90.855917     1.8051     3.1581    -0.0004     0.2132 4.4344e+02     1.3263      0.412      0.596    27.6208 0.0000e+00
      0.375     -0.179     8.2670    105.052     86.283  90.827926     1.7912     3.1357     0.0006     0.2053 4.1942e+02     1.3233      0.374      0.543    27.6275 0.0000e+00
      0.317     -0.183     8.2709    105.110     86.308  90.888111     1.7191     3.1354    -0.0010     0.1339 5.3800e+02     1.3238      0.316      0.457    27.6195 0.0000e+00
      0.249     -0.176     8.2736    105.100     86.349  90.974363     1.7038     3.1489     0.0017     0.1226 9.7378e+02     1.3325      0.242      0.350    27.6034 0.0000e+00
      0.189     -0.155     8.2712    105.037     86.320  90.990734     1.7148     3.1754    -0.0027     0.1296 1.4349e+03     1.3483      0.178      0.259    27.6084 0.0000e+00
      0.149     -0.122     8.2759    105.015     86.250  90.950719     1.7055     3.1908     0.0045     0.1251 1.7389e+03     1.3568      0.137      0.200    27.6264 0.0000e+00
      0.129     -0.087     8.2802    105.065     86.185  90.896818     1.7154     3.1936     0.0380     0.1283 1.8967e+03     1.3581      0.121      0.175    27.6439 0.0000e+00
      0.124     -0.062     8.2751    105.115     86.168  90.880658     1.7024     3.2060     0.0461     0.1256 1.8455e+03     1.3671      0.119      0.172    27.6711 0.0000e+00
      0.129     -0.055     8.2618    105.082     86.185  90.890730     1.7216     3.2284     0.0395     0.1283 1.7151e+03     1.3829      0.127      0.184    27.7014 0.0000e+00
      0.129     -0.065     8.2554    104.918     86.190  90.883193     1.6915     3.2404     0.0460     0.1249 1.7576e+03     1.3911      0.135      0.196    27.7225 0.0000e+00
      0.112     -0.085     8.2623    104.718     86.241  90.924911     1.7399     3.2388     0.0380     0.1299 1.9231e+03     1.3905      0.116      0.169    27.7293 0.0000e+00
      0.078     -0.104     8.2671    104.612     86.303  90.988909     2.0434     3.2044     0.0044     0.1670 2.0108e+03     1.3736      0.077      0.113    27.7295 0.0000e+00
      0.036     -0.115     8.2686    104.574     86.285  90.979969     2.0778     3.1409    -0.0025     0.1684 2.0053e+03     1.3422      0.037      0.053    27.7252 0.0000e+00
     -0.007     -0.113     8.2538    104.536     86.243  90.952244     2.0790     3.1069     0.0013     0.1731 1.9699e+03     1.3252     -0.010     -0.015    27.7154 0.0000e+00
     -0.041     -0.097     8.2328    104.531     86.201  90.924514     2.0418     3.1009    -0.0004     0.1612 1.9401e+03     1.3238     -0.046     -0.066    27.7071 0.0000e+00
     -0.061     -0.073     8.2277    104.611     86.178  90.915529     1.7421     3.0580    -0.0004     0.0934 1.9470e+03     1.3282     -0.061     -0.088    27.7052 0.0000e+00
     -0.072     -0.050     8.2265    104.720     86.224  90.979025     1.6880     2.9811     0.0012     0.0780 1.9536e+03     1.3374     -0.074     -0.107    27.7121 0.0000e+00
     -0.077     -0.032     8.2204    104.778     86.244  91.015259     1.7272     2.9411    -0.0024     0.0906 1.6053e+03     1.3427     -0.080     -0.116    27.7241 0.0000e+00
     -0.074     -0.019     8.2152    104.772     86.169  90.947444     1.6933     2.9492     0.0042     0.0778 8.6172e+02     1.3437     -0.071     -0.103    27.7335 0.0000e+00
     -0.073     -0.009     8.2232    104.733     86.122  90.903809     1.6347     3.0754     0.0381     0.0491 3.7370e+02     1.3526     -0.066     -0.096    27.7417 0.0000e+00
     -0.082     -0.002     8.2336    104.717     86.174  90.961589     1.6092     3.3062     0.0457     0.0365 3.2072e+02     1.3695     -0.080     -0.116    27.7502 0.0000e+00
     -0.090     -0.000     8.2363    104.768     86.241  91.036752     1.6295     3.4308     0.0400     0.0485 6.9829e+02     1.3784     -0.094     -0.136    27.7595 0.0000e+00
     -0.086     -0.004     8.2341    104.875     86.262  91.067887     1.6093     3.4318     0.0454     0.0341 1.0773e+03     1.3774     -0.087     -0.125    27.7681 0.0000e+00
     -0.077     -0.014     8.2289    104.993     86.246  91.067251     1.6343     3.3096     0.0390     0.0545 1.0720e+03     1.3583     -0.073     -0.106    27.7703 0.0000e+00
     -0.072     -0.038     8.2260    105.063     86.306  91.164494     1.6939     3.0862     0.0027     0.1129 1.4517e+03     1.3224     -0.069     -0.099    27.7702 0.0000e+00
     -0.076     -0.075     8.2299    104.983     86.410  91.363556     1.7261     3.0152     0.0001     0.1410 2.0044e+03     1.3018     -0.069     -0.101    27.7732 0.0000e+00
     -0.093     -0.116     8.2399    104.770     86.462  91.578575     1.6898     3.6004    -0.0030     0.1093 2.0783e+03     1.2924     -0.084     -0.123    27.7771 0.0000e+00
     -0.130     -0.149     8.2477    104.532     86.451  91.733436     1.7391    10.1668     0.0066     0.1523 1.8321e+03     1.2111     -0.118     -0.172    27.7862 0.0000e+00
     -0.191     -0.161     8.2566    104.238     86.313  91.679060     1.7603    22.2027     0.0786     0.3568 1.5797e+03     1.0625     -0.181     -0.262    27.7969 0.0000e+00
     -0.263     -0.150     8.2448    103.829     86.173  91.530606     1.8545    28.7108     0.0882     0.3933 1.5673e+03     0.9801     -0.266     -0.385    27.8388 0.0000e+00
     -0.319     -0.120     8.2039    103.272     86.133  91.427958     1.7174    28.6514     0.0851     0.3762 1.5806e+03     0.9546     -0.324     -0.471    27.9505 0.0000e+00
     -0.344     -0.080     8.1727    102.533     86.167  91.385698     1.9308    21.4796     0.0825     0.3782 1.5639e+03     0.7521     -0.347     -0.502    28.0688 0.0000e+00
     -0.343     -0.040     8.1432    101.677     86.258  91.425734     3.3079     8.2341     0.1366     0.3459 1.6550e+03     0.3827     -0.344     -0.498    28.1228 0.0000e+00
     -0.325     -0.008     8.1121    100.831     86.343  91.505715     3.4417     1.0090     0.1082     0.3265 1.7444e+03     0.1825     -0.316     -0.458    28.1128 0.0000e+00
     -0.311      0.008     8.0781    100.125     86.415  91.607992     3.4833     0.3798     0.1630     0.3574 1.7539e+03     0.1792     -0.297     -0.431    28.0714 0.0000e+00
     -0.311      0.006     8.0246     99.599     86.470  91.714558     3.2560     0.6273     0.0683     0.3075 1.7099e+03     0.3431     -0.304     -0.440    28.0159 0.0000e+00
     -0.316     -0.006     7.9605     99.273     86.418  91.711018     1.5280     1.1911    -0.3164     0.1195 1.6927e+03     0.6459     -0.311     -0.452    27.9777 0.0000e+00
     -0.319     -0.022     7.8889     99.221     85.229  90.482010     1.2408     1.5569    -0.4430     0.0527 1.7387e+03     0.8098     -0.313     -0.455    27.9765 0.0000e+00
     -0.324     -0.040     7.8315     99.378     71.750  76.177748     1.4169     2.2151    -0.3165     0.1212 1.7504e+03     0.8094     -0.314     -0.455    27.9924 0.0000e+00
     -0.335     -0.057     7.7866     99.606     43.657  46.341220     1.3088     9.1359    -0.4739     0.0344 1.6581e+03     0.6392     -0.329     -0.476    28.0253 0.0000e+00
     -0.348     -0.069     7.7517     99.969     24.583  26.062898     1.3753    21.8157    -0.2470     0.1608 1.2988e+03     0.3242     -0.342     -0.497    28.0602 0.0000e+00
     -0.368     -0.074     7.7458    100.368     19.478  20.602007     1.5253    28.6769     0.9381     0.9063 8.5374e+02     0.1531     -0.351     -0.509    28.0825 0.0000e+00
     -0.401     -0.073     7.7677    100.295     13.133  13.852512     1.5042    28.6584     1.1250     0.9918 6.8573e+02     0.1461     -0.394     -0.571    28.0799 0.0000e+00
     -0.433     -0.064     7.7822     99.451      6.260   6.576639     1.5924    21.5871     1.0572     0.9971 4.8484e+02     0.2401     -0.435     -0.631    28.0688 0.0000e+00
     -0.447     -0.050     7.8136     97.784      3.355   3.511831     1.4155     8.5227     1.0224     0.8997 1.9868e+02     0.4153     -0.441     -0.640    28.0223 0.0000e+00
     -0.449     -0.033     7.8905     95.359      2.569   2.685916     0.1010     1.3942     0.1738    -0.1437 8.7111e+01     0.5108     -0.440     -0.639    27.8771 0.0000e+00
     -0.449     -0.016     7.9257     92.613      2.090   2.185616    -0.0185     0.7542     0.1243    -0.2181 7.1435e+01     0.5190     -0.441     -0.640    27.6194 0.0000e+00
     -0.450     -0.005     7.8944     90.044      1.312   1.372271    -0.0592     0.7940     0.0895    -0.2646 6.8601e+01     0.5128     -0.441     -0.639    27.3570 0.0000e+00
     -0.450     -0.000     7.7814     87.932      0.577   0.603259     0.1516     0.9712     0.2171    -0.0858 6.5607e+01     0.4996     -0.441     -0.640    27.2615 0.0000e+00
     -0.450      0.001     7.5687     86.498      0.288   0.301813     1.8201     1.0705     0.9149     1.0407 6.3322e+01     0.4922     -0.441     -0.640    27.2750 0.0000e+00
     -0.450      0.001     7.3330     85.887      0.276   0.288763     2.0664     1.0761     1.1197     1.2959 6.3562e+01     0.4924     -0.441     -0.639    27.2944 0.0000e+00
     -0.450      0.002     7.1219     86.006      0.296   0.310667     1.9460     1.0323     0.9115     1.0777 6.4472e+01     0.5025     -0.441     -0.640    27.3156 0.0000e+00
     -0.449      0.002     6.9462     86.631      0.283   0.297062     1.9698     0.9497     1.1740     1.3123 6.4602e+01     0.5214     -0.440     -0.639    27.3317 0.0000e+00
     -0.447      0.002     6.8244     87.521      0.247   0.259052     1.3684     0.9049     2.0587     1.9018 6.4787e+01     0.5320     -0.438     -0.636    27.3459 0.0000e+00
     -0.447      0.002     6.7788     88.434      0.244   0.255496     1.3575     0.9014     2.3420     2.1395 6.5042e+01     0.5330     -0.438     -0.635    27.3582 0.0000e+00
     -0.447      0.001     6.7944     89.224      0.243   0.254059     1.3147     0.9036     2.0871     1.9141 6.4571e+01     0.5329     -0.438     -0.635    27.3692 0.0000e+00
     -0.447      0.001     6.8479     89.861      0.231   0.241684     1.4217     0.9098     2.3757     2.1822 6.3581e+01     0.5328     -0.438     -0.636    27.3779 0.0000e+00
     -0.447      0.000     6.9262     90.367      0.230   0.240659     1.2245     0.9145     1.9829     1.8058 6.3024e+01     0.5327     -0.438     -0.636    27.3851 0.0000e+00
     -0.447 1.8795e-08     7.0012     90.777      0.231   0.241671     0.1276     0.9139     0.2255     0.0485 6.3098e+01     0.5327     -0.438     -0.635    27.3916 0.0000e+00
     -0.447 2.0675e-07     7.0629     91.109      0.242   0.253925    -0.0783     0.9009    -0.1385    -0.2989 6.2959e+01     0.5310     -0.438     -0.636    27.3973 0.0000e+00
     -0.447 2.0830e-07     7.1126     91.372      0.242   0.254025     0.0483     0.8784     0.0853    -0.0957 6.1986e+01     0.5273     -0.438     -0.635    27.4022 0.0000e+00
     -0.447 3.7563e-08     7.1500     91.488      0.232   0.242885    -0.0299     0.8675    -0.0529    -0.2043 6.0992e+01     0.5254     -0.438     -0.636    27.4067 0.0000e+00
     -0.447 -9.990e-29     7.1827 -9.990e-29 -9.990e-29 -9.990e-29     0.0190 -9.990e-29     0.0335     0.0156 6.0496e+01 -9.990e-29     -0.438     -0.636    27.4105 0.0000e+00
     -0.447 -9.990e-29     7.2068 -9.990e-29 -9.990e-29 -9.990e-29    -0.0125 -9.990e-29    -0.0223    -0.0104 6.0641e+01 -9.990e-29     -0.438     -0.636    27.4142 0.0000e+00
     -0.447 -9.990e-29     7.2293 -9.990e-29 -9.990e-29 -9.990e-29     0.0093 -9.990e-29     0.0164     0.0077 6.1026e+01 -9.990e-29     -0.439     -0.636    27.4172 0.0000e+00
     -0.447 -9.990e-29     7.2446 -9.990e-29 -9.990e-29 -9.990e-29    -0.0083 -9.990e-29    -0.0146    -0.0068 6.1105e+01 -9.990e-29     -0.438     -0.635    27.4187 0.0000e+00
