Data/DataNotYetUploadedToEDI/Raw_CTD/RawDownloads/071425_fcr40_S7809005.cnv
* Sea-Bird SBE19plus  Data File:
* FileName = C:\R\Reservoirs\Data\DataNotYetUploadedToEDI\Raw_CTD\RawDownloads\071425_fcr50_S7809_0005.hex
* Software version 2.8.0.119
* Temperature SN = 7809
* Conductivity SN = 7809
* System UpLoad Time = Jul 14 2025 17:15:57
* <ApplicationData>
* <Seaterm232>
# nquan = 15
# nvalues = 2372                        
# units = specified
# name 0 = depFM: Depth [fresh water, m]
# name 1 = dz/dtM: Descent Rate [m/s]
# name 2 = sbeox0Mg/L: Oxygen, SBE 43 [mg/l]
# name 3 = sbeox0PS: Oxygen, SBE 43 [% saturation]
# name 4 = specc: Specific Conductance [uS/cm]
# name 5 = c0uS/cm: Conductivity [uS/cm]
# name 6 = flECO-AFL: Fluorescence, WET Labs ECO-AFL/FL [mg/m^3]
# name 7 = ph: pH
# name 8 = orp: Oxidation Reduction Potential [mV]
# name 9 = par/sat/log: PAR/Logarithmic, Satlantic
# name 10 = turbWETntu0: Turbidity, WET Labs ECO [NTU]
# name 11 = prdM: Pressure, Strain Gauge [db]
# name 12 = prdE: Pressure, Strain Gauge [psi]
# name 13 = tv290C: Temperature [ITS-90, deg C]
# name 14 = flag:  0.000e+00
# span 0 =     -0.620,      5.677       
# span 1 =     -0.734,      0.142       
# span 2 =     0.0266,     9.6031       
# span 3 =      0.282,    120.010       
# span 4 =      1.544,     59.113       
# span 5 =   1.429720,  46.081479       
# span 6 =    -2.0351,    18.4123       
# span 7 =      7.882,     10.223       
# span 8 =   102.0892,   238.2892       
# span 9 = 1.4929e-01, 2.3787e+03       
# span 10 =    -0.1521,   413.7040      
# span 11 =     -0.609,      5.568      
# span 12 =     -0.883,      8.075      
# span 13 =    11.2875,    28.4796      
# span 14 = 0.0000e+00, 0.0000e+00      
# interval = seconds: 0.25
# start_time = Jul 14 2025 12:40:28 [Instrument's time stamp, header]
# bad_flag = -9.990e-29
*END*
[from data line 193]
     -0.082     -0.011     8.8266    109.928     34.780  37.074969     1.4431      9.771   169.9620 9.8942e+02     4.0932     -0.084     -0.123    28.2860 0.0000e+00
     -0.080     -0.007     8.7077    109.736     34.776  37.076865     1.4551      9.777   180.9040 1.3713e+03     4.2390     -0.080     -0.116    28.2842 0.0000e+00
     -0.073     -0.002     8.6308    109.501     34.770  37.077140     1.4495      9.784   182.1743 1.7894e+03     4.2862     -0.070     -0.102    28.2836 0.0000e+00
     -0.069      0.002     8.5750    109.250     34.769  37.078299     1.4165      9.791   173.7063 1.9485e+03     4.2881     -0.064     -0.093    28.2868 0.0000e+00
     -0.072      0.003     8.5550    109.012     34.783  37.090887     1.3980      9.798   179.0122 1.5106e+03     4.3632     -0.068     -0.100    28.2917 0.0000e+00
     -0.077     -0.001     8.5480    108.862     34.797  37.102424     1.4090      9.804   173.6244 8.3914e+02     4.4097     -0.079     -0.115    28.3010 0.0000e+00
     -0.077     -0.005     8.5216    108.857     34.787  37.090888     1.4326      9.808   156.4865 4.9006e+02     4.4747     -0.076     -0.111    28.3116 0.0000e+00
     -0.072     -0.009     8.5039    108.927     34.776  37.078303     1.4249      9.810   148.9530 4.1761e+02     4.4312     -0.068     -0.097    28.3160 0.0000e+00
     -0.073     -0.011     8.4831    109.050     34.776  37.077158     1.3827      9.810   144.4869 4.0653e+02     4.2938     -0.071     -0.102    28.3122 0.0000e+00
     -0.079     -0.014     8.4677    109.192     34.776  37.077053     1.3722      9.810   140.2581 4.1418e+02     4.2828     -0.079     -0.114    28.3059 0.0000e+00
     -0.085     -0.019     8.4749    109.295     34.773  37.077028     1.3975      9.809   139.7240 5.9809e+02     4.2982     -0.084     -0.121    28.3044 0.0000e+00
     -0.091     -0.021     8.4768    109.275     34.768  37.076871     1.3977      9.808   150.5046 1.1512e+03     4.2399     -0.089     -0.129    28.3034 0.0000e+00
     -0.097     -0.019     8.4900    109.173     34.763  37.075154     1.3664      9.809   161.6797 1.8057e+03     4.1594     -0.095     -0.138    28.2999 0.0000e+00
     -0.103     -0.016     8.5013    109.120     34.743  37.056275     1.3441      9.812   152.2355 2.1431e+03     4.1783     -0.102     -0.148    28.2994 0.0000e+00
     -0.108     -0.011     8.5117    109.053     34.725  37.038969     1.3526      9.812   140.4231 2.2275e+03     4.2983     -0.107     -0.156    28.3064 0.0000e+00
     -0.110     -0.005     8.5104    108.935     34.738  37.056260     1.3768      9.812   139.3986 2.2551e+03     4.4147     -0.110     -0.159    28.3158 0.0000e+00
     -0.110      0.001     8.4900    108.790     34.751  37.074990     1.3868      9.815   151.6359 2.0004e+03     4.4580     -0.108     -0.156    28.3212 0.0000e+00
     -0.108      0.006     8.4949    108.672     34.748  37.075095     1.3742      9.821   175.4130 1.3162e+03     4.3773     -0.106     -0.154    28.3227 0.0000e+00
     -0.105      0.009     8.4877    108.719     34.730  37.057525     1.3655      9.828   188.9007 7.1384e+02     4.3272     -0.103     -0.150    28.3238 0.0000e+00
     -0.100      0.010     8.4768    108.891     34.727  37.052924     1.3570      9.833   190.7321 5.2652e+02     4.3647     -0.097     -0.142    28.3285 0.0000e+00
     -0.096      0.009     8.4660    109.046     34.756  37.082913     1.3377      9.838   191.3618 5.8218e+02     4.2843     -0.094     -0.136    28.3373 0.0000e+00
     -0.094      0.008     8.4461    109.165     34.774  37.102850     1.3322      9.842   191.6957 7.6752e+02     4.1060     -0.092     -0.134    28.3450 0.0000e+00
     -0.093      0.006     8.4537    109.310     34.773  37.103622     1.3392      9.846   191.9297 9.3812e+02     4.0192     -0.091     -0.132    28.3460 0.0000e+00
     -0.093      0.004     8.4726    109.452     34.763  37.092251     1.3571      9.848   192.1260 9.6148e+02     4.0893     -0.091     -0.132    28.3426 0.0000e+00
     -0.092      0.003     8.4856    109.537     34.763  37.092265     1.3819      9.849   192.3495 8.7992e+02     4.2702     -0.090     -0.131    28.3407 0.0000e+00
     -0.092      0.003     8.4905    109.567     34.774  37.103794     1.3806      9.851   192.4807 7.7152e+02     4.3960     -0.090     -0.131    28.3422 0.0000e+00
     -0.091      0.004     8.5031    109.545     34.775  37.104748     1.3497      9.853   192.4219 6.7962e+02     4.3475     -0.089     -0.130    28.3442 0.0000e+00
     -0.091      0.005     8.5175    109.505     34.775  37.103794     1.3325      9.853   192.2414 6.2178e+02     4.2639     -0.089     -0.129    28.3442 0.0000e+00
     -0.090      0.006     8.5216    109.480     34.765  37.092256     1.3647      9.854   191.2435 5.9324e+02     4.3069     -0.087     -0.128    28.3427 0.0000e+00
     -0.087      0.006     8.5261    109.474     34.766  37.092152     1.4231      9.854   180.7862 5.8237e+02     4.4237     -0.085     -0.123    28.3418 0.0000e+00
     -0.085      0.006     8.5222    109.491     34.775  37.102535     1.4393      9.854   160.7911 5.7331e+02     4.4462     -0.082     -0.120    28.3430 0.0000e+00
     -0.083      0.006     8.5179    109.499     34.763  37.090894     1.4107      9.850   148.1490 5.5663e+02     4.3741     -0.080     -0.118    28.3428 0.0000e+00
     -0.081      0.005     8.5174    109.463     34.751  37.078299     1.3938      9.845   144.8589 5.4401e+02     4.4406     -0.079     -0.115    28.3402 0.0000e+00
     -0.081      0.003     8.5156    109.385     34.751  37.077154     1.4100      9.841   143.1225 5.4569e+02     4.6695     -0.078     -0.114    28.3386 0.0000e+00
     -0.081      0.003     8.5188    109.300     34.754  37.077051     1.4397      9.838   141.8680 5.6348e+02     4.8183     -0.079     -0.115    28.3393 0.0000e+00
     -0.080      0.003     8.5200    109.207     34.758  37.077052     1.4366      9.837   140.7037 5.9131e+02     4.7717     -0.079     -0.114    28.3418 0.0000e+00
     -0.080      0.004     8.5172    109.102     34.760  37.077156     1.4221      9.835   139.7140 6.1411e+02     4.5837     -0.078     -0.113    28.3438 0.0000e+00
     -0.079      0.004     8.5095    109.036     34.762  37.078310     1.4312      9.834   139.1080 6.2439e+02     4.3901     -0.077     -0.112    28.3417 0.0000e+00
     -0.077      0.005     8.5039    109.031     34.775  37.091001     1.4382      9.834   139.6566 6.3652e+02     4.3101     -0.075     -0.109    28.3355 0.0000e+00
     -0.075      0.005     8.4989    109.020     34.788  37.103691     1.4490      9.834   151.4236 6.5812e+02     4.2990     -0.073     -0.106    28.3296 0.0000e+00
     -0.073      0.005     8.4885    108.962     34.791  37.104845     1.4456      9.835   172.8009 6.6475e+02     4.2220     -0.072     -0.104    28.3260 0.0000e+00
     -0.072      0.004     8.4827    108.962     34.793  37.104941     1.4304      9.839   175.2854 6.3517e+02     4.1639     -0.071     -0.102    28.3252 0.0000e+00
     -0.071      0.002     8.4842    109.024     34.798  37.104846     1.4396      9.843   167.6974 5.9770e+02     4.2462     -0.070     -0.101    28.3248 0.0000e+00
     -0.070      0.001     8.4882    109.058     34.804  37.103694     1.4569      9.846   177.2467 6.0482e+02     4.3285     -0.068     -0.099    28.3215 0.0000e+00
     -0.071      0.001     8.4774    109.138     34.797  37.091004     1.4649      9.851   187.5833 6.3794e+02     4.3053     -0.069     -0.099    28.3187 0.0000e+00
     -0.072      0.001     8.4765    109.293     34.787  37.078305     1.4363      9.854   188.8281 6.4276e+02     4.2397     -0.071     -0.102    28.3166 0.0000e+00
     -0.072      0.002     8.4910    109.452     34.785  37.077047     1.3934      9.856   189.1138 6.4542e+02     4.2861     -0.071     -0.103    28.3092 0.0000e+00
     -0.071      0.002     8.4881    109.584     34.780  37.075797     1.3954      9.858   189.4031 7.1467e+02     4.4570     -0.071     -0.102    28.2967 0.0000e+00
     -0.070      0.002     8.4955    109.630     34.765  37.063202     1.4111      9.859   189.6586 8.4736e+02     4.5635     -0.069     -0.099    28.2873 0.0000e+00
     -0.068      0.002     8.5125    109.555     34.752  37.051674     1.4081      9.860   189.7075 9.3989e+02     4.4470     -0.066     -0.096    28.2836 0.0000e+00
     -0.066      0.001     8.5230    109.448     34.764  37.063314     1.4007      9.860   189.7369 8.9851e+02     4.2087     -0.065     -0.094    28.2860 0.0000e+00
     -0.066     -0.001     8.5348    109.382     34.779  37.077043     1.4057      9.861   189.8411 7.8101e+02     4.1426     -0.065     -0.094    28.2929 0.0000e+00
     -0.067     -0.003     8.5400    109.336     34.794  37.090760     1.4266      9.862   189.7634 7.1921e+02     4.2282     -0.066     -0.097    28.2997 0.0000e+00
     -0.070     -0.003     8.5293    109.338     34.801  37.102254     1.4124      9.862   189.5718 7.3980e+02     4.1847     -0.069     -0.100    28.3037 0.0000e+00
     -0.072     -0.002     8.5178    109.403     34.782  37.089122     1.3589      9.863   189.4182 7.9443e+02     3.9929     -0.071     -0.103    28.3021 0.0000e+00
     -0.073     -0.001     8.5173    109.466     34.747  37.058892     1.3287      9.863   189.1961 8.5984e+02     3.8559     -0.072     -0.105    28.2949 0.0000e+00
     -0.073      0.001     8.5122    109.486     34.737  37.054015     1.3466      9.863   189.0371 9.3503e+02     3.8601     -0.072     -0.104    28.2912 0.0000e+00
     -0.072      0.004     8.5094    109.454     34.771  37.093621     1.4009      9.864   188.9588 1.0112e+03     3.9417     -0.071     -0.103    28.2981 0.0000e+00
     -0.070      0.006     8.5172    109.398     34.768  37.093610     1.4355      9.864   188.5069 1.1084e+03     3.9880     -0.069     -0.100    28.3098 0.0000e+00
     -0.068      0.006     8.5198    109.362     34.728  37.053884     1.4233      9.865   187.0144 1.2249e+03     4.0104     -0.067     -0.097    28.3204 0.0000e+00
     -0.066      0.005     8.5215    109.352     34.732  37.057469     1.4039      9.866   176.7640 1.3079e+03     4.0412     -0.064     -0.093    28.3284 0.0000e+00
     -0.064      0.002     8.5173    109.356     34.755  37.073504     1.4089      9.864   157.9237 1.4211e+03     4.0873     -0.062     -0.090    28.3335 0.0000e+00
     -0.064     -0.003     8.5097    109.337     34.751  37.057385     1.4344      9.860   146.3533 1.6940e+03     4.1241     -0.062     -0.090    28.3384 0.0000e+00
     -0.064     -0.008     8.5074    109.310     34.756  37.052917     1.4291      9.856   143.6414 2.0515e+03     4.0763     -0.061     -0.089    28.3439 0.0000e+00
     -0.067     -0.011     8.5054    109.317     34.789  37.082917     1.3945      9.853   142.1703 2.2809e+03     4.0896     -0.064     -0.093    28.3439 0.0000e+00
     -0.072     -0.012     8.5105    109.373     34.806  37.102845     1.3895      9.852   140.9567 2.3471e+03     4.1825     -0.070     -0.101    28.3315 0.0000e+00
     -0.078     -0.011     8.5105    109.468     34.801  37.103511     1.4195      9.849   139.9810 2.3556e+03     4.2089     -0.077     -0.111    28.3114 0.0000e+00
     -0.083     -0.009     8.5097    109.593     34.781  37.090985     1.4411      9.847   139.3214 2.3585e+03     4.1698     -0.082     -0.120    28.2956 0.0000e+00
     -0.085     -0.006     8.5108    109.738     34.760  37.078309     1.4258      9.847   138.7449 2.3617e+03     4.0851     -0.085     -0.123    28.2882 0.0000e+00
     -0.083     -0.002     8.5157    109.853     34.751  37.077156     1.4008      9.847   138.0018 2.3627e+03     4.1068     -0.082     -0.118    28.2889 0.0000e+00
     -0.081      0.001     8.5219    109.884     34.746  37.077059     1.4048      9.847   137.2197 2.3609e+03     4.2273     -0.078     -0.114    28.2991 0.0000e+00
     -0.080      0.003     8.5287    109.813     34.742  37.077154     1.4336      9.846   136.6867 2.3569e+03     4.2786     -0.078     -0.114    28.3140 0.0000e+00
     -0.081      0.004     8.5403    109.685     34.737  37.078306     1.4486      9.845   136.3757 2.3543e+03     4.2489     -0.079     -0.115    28.3288 0.0000e+00
     -0.081      0.004     8.5483    109.567     34.742  37.090994     1.4291      9.845   136.0411 2.3581e+03     4.1423     -0.080     -0.116    28.3409 0.0000e+00
     -0.080      0.004     8.5510    109.485     34.746  37.103674     1.4054      9.844   135.6523 2.3661e+03     4.1160     -0.078     -0.114    28.3485 0.0000e+00
     -0.077      0.003     8.5427    109.458     34.740  37.104732     1.4032      9.844   136.2356 2.3727e+03     4.2389     -0.075     -0.109    28.3542 0.0000e+00
     -0.075      0.002     8.5289    109.446     34.735  37.103797     1.4022      9.845   147.8258 2.3759e+03     4.3304     -0.073     -0.105    28.3617 0.0000e+00
     -0.074     -0.000     8.5187    109.383     34.722  37.092374     1.3854      9.849   169.5288 2.3768e+03     4.2650     -0.073     -0.105    28.3726 0.0000e+00
     -0.075     -0.002     8.5088    109.320     34.725  37.093528     1.3583      9.853   181.4820 2.3777e+03     4.1313     -0.074     -0.107    28.3859 0.0000e+00
     -0.077     -0.003     8.5054    109.300     34.750  37.117746     1.3497      9.857   182.8236 2.3787e+03     4.1488     -0.077     -0.111    28.3976 0.0000e+00
     -0.079     -0.003     8.5085    109.272     34.765  37.131381     1.3724      9.859   183.4268 2.3772e+03     4.2720     -0.078     -0.113    28.4048 0.0000e+00
     -0.080     -0.002     8.4993    109.219     34.767  37.131476     1.3908      9.862   184.0430 2.3761e+03     4.3230     -0.078     -0.114    28.4068 0.0000e+00
     -0.080      0.000     8.4930    109.141     34.757  37.118890     1.3808      9.865   183.8214 2.3777e+03     4.2533     -0.080     -0.116    28.4046 0.0000e+00
     -0.080      0.001     8.4953    109.031     34.746  37.106106     1.3598      9.867   175.2414 2.3778e+03     4.1470     -0.079     -0.115    28.4001 0.0000e+00
     -0.079      0.001     8.4936    108.992     34.744  37.103810     1.3623      9.867   157.8235 2.3768e+03     4.1640     -0.077     -0.112    28.3967 0.0000e+00
     -0.077      0.001     8.4888    109.086     34.731  37.091129     1.3856      9.863   145.9035 2.3764e+03     4.2536     -0.076     -0.110    28.3944 0.0000e+00
     -0.077     -0.000     8.4855    109.162     34.719  37.079687     1.3837      9.859   142.1940 2.3746e+03     4.2404     -0.074     -0.108    28.3908 0.0000e+00
     -0.077     -0.002     8.4739    109.149     34.731  37.092377     1.3562      9.855   140.4190 2.3718e+03     4.1410     -0.075     -0.108    28.3880 0.0000e+00
     -0.079     -0.002     8.4651    109.156     34.756  37.117653     1.3444      9.853   139.3277 2.3691e+03     4.0762     -0.077     -0.112    28.3876 0.0000e+00
     -0.081     -0.002     8.4812    109.228     34.771  37.131488     1.3576      9.851   138.4633 2.3676e+03     4.1057     -0.079     -0.115    28.3908 0.0000e+00
     -0.082     -0.001     8.4889    109.296     34.773  37.132746     1.3819      9.850   137.7112 2.3685e+03     4.2247     -0.081     -0.118    28.3942 0.0000e+00
     -0.082      0.000     8.4818    109.315     34.770  37.132860     1.3886      9.848   137.1177 2.3704e+03     4.2513     -0.081     -0.117    28.3940 0.0000e+00
     -0.081      0.001     8.4819    109.339     34.764  37.132869     1.3716      9.846   136.7074 2.3719e+03     4.1197     -0.079     -0.115    28.3906 0.0000e+00
     -0.079      0.001     8.4910    109.406     34.754  37.132868     1.3608      9.844   136.2774 2.3733e+03     4.0341     -0.078     -0.113    28.3865 0.0000e+00
     -0.079      0.002     8.4989    109.493     34.744  37.132867     1.3663      9.843   135.7045 2.3753e+03     4.1044     -0.076     -0.110    28.3853 0.0000e+00
     -0.079      0.002     8.4965    109.553     34.735  37.132876     1.3626      9.843   135.2870 2.3747e+03     4.1843     -0.077     -0.112    28.3882 0.0000e+00
