Data/DataNotYetUploadedToEDI/Raw_CTD/RawDownloads/071425_fcr20_S7809003.cnv
* Sea-Bird SBE19plus  Data File:
* FileName = C:\R\Reservoirs\Data\DataNotYetUploadedToEDI\Raw_CTD\RawDownloads\071425_fcr50_S7809_0003.hex
* Software version 2.8.0.119
* Temperature SN = 7809
* Conductivity SN = 7809
* System UpLoad Time = Jul 14 2025 17:14:02
* <ApplicationData>
* <Seaterm232>
# nquan = 15
# nvalues = 1448                        
# units = specified
# name 0 = depFM: Depth [fresh water, m]
# name 1 = dz/dtM: Descent Rate [m/s]
# name 2 = sbeox0Mg/L: Oxygen, SBE 43 [mg/l]
# name 3 = sbeox0PS: Oxygen, SBE 43 [% saturation]
# name 4 = specc: Specific Conductance [uS/cm]
# name 5 = c0uS/cm: Conductivity [uS/cm]
# name 6 = flECO-AFL: Fluorescence, WET Labs ECO-AFL/FL [mg/m^3]
# name 7 = ph: pH
# name 8 = orp: Oxidation Reduction Potential [mV]
# name 9 = par/sat/log: PAR/Logarithmic, Satlantic
# name 10 = turbWETntu0: Turbidity, WET Labs ECO [NTU]
# name 11 = prdM: Pressure, Strain Gauge [db]
# name 12 = prdE: Pressure, Strain Gauge [psi]
# name 13 = tv290C: Temperature [ITS-90, deg C]
# name 14 = flag:  0.000e+00
# span 0 =     -0.625,      3.460       
# span 1 =     -0.356,      0.140       
# span 2 =    -0.0564,     8.8418       
# span 3 =     -0.472,    111.839       
# span 4 =      1.105,    289.802       
# span 5 =   1.096446, 233.291706       
# span 6 =    -0.4675,    48.5853       
# span 7 =      8.107,      9.669       
# span 8 =   -82.7794,   206.1442       
# span 9 = 6.5730e-01, 2.4411e+03       
# span 10 =    -1.6946,   118.1096      
# span 11 =     -0.613,      3.394      
# span 12 =     -0.889,      4.923      
# span 13 =    14.4318,    27.8415      
# span 14 = 0.0000e+00, 0.0000e+00      
# interval = seconds: 0.25
# start_time = Jul 14 2025 12:14:22 [Instrument's time stamp, header]
# bad_flag = -9.990e-29
*END*
[from data line 772]
      2.067      0.010     1.9552     21.407     41.798  38.257549     2.2135      8.532   160.6819 4.0941e+01     4.2829      2.027      2.940    20.8067 0.0000e+00
      2.069      0.012     1.9475     21.326     41.806  38.252569     2.2771      8.531   160.6967 4.0826e+01     4.4479      2.030      2.943    20.7872 0.0000e+00
      2.071      0.013     1.9357     21.270     41.842  38.265281     2.2801      8.530   160.7535 4.0742e+01     4.4310      2.032      2.947    20.7765 0.0000e+00
      2.074      0.014     1.9249     21.231     41.894  38.284315     2.2254      8.528   160.8525 4.0501e+01     4.3864      2.033      2.950    20.7709 0.0000e+00
      2.078      0.015     1.9169     21.176     41.933  38.292288     2.1563      8.525   160.9473 4.0151e+01     4.4898      2.038      2.956    20.7600 0.0000e+00
      2.084      0.016     1.9093     21.077     41.955  38.298183     2.1435      8.523   160.9534 3.9852e+01     4.6218      2.044      2.964    20.7493 0.0000e+00
      2.089      0.016     1.9054     20.931     41.949  38.292124     2.1709      8.522   160.9256 3.9637e+01     4.7525      2.049      2.971    20.7262 0.0000e+00
      2.093      0.016     1.9045     20.728     41.930  38.282481     2.1791      8.519   160.9555 3.9427e+01     4.8407      2.052      2.977    20.6857 0.0000e+00
      2.096      0.016     1.9026     20.487     41.947  38.308513     2.1844      8.516   160.9706 3.9166e+01     4.8684      2.055      2.981    20.6467 0.0000e+00
      2.099      0.015     1.8936     20.267     41.991  38.353068     2.1929      8.514   160.9368 3.8861e+01     4.8821      2.058      2.984    20.6303 0.0000e+00
      2.103      0.014     1.8809     20.100     42.022  38.376996     2.1913      8.511   160.9772 3.8466e+01     4.8696      2.061      2.990    20.6331 0.0000e+00
      2.108      0.013     1.8627     19.993     42.067  38.407441     2.2223      8.510   161.1152 3.8062e+01     4.8536      2.067      2.998    20.6441 0.0000e+00
      2.112      0.012     1.8370     19.935     42.142  38.467322     2.2684      8.509   161.2280 3.7775e+01     4.7921      2.071      3.004    20.6593 0.0000e+00
      2.114      0.010     1.8167     19.892     42.219  38.529878     2.2824      8.506   161.3089 3.7601e+01     4.8081      2.073      3.007    20.6691 0.0000e+00
      2.116      0.010     1.8015     19.824     42.307  38.592669     2.2928      8.504   161.4040 3.7485e+01     4.9113      2.075      3.009    20.6616 0.0000e+00
      2.117      0.010     1.7929     19.700     42.416  38.655366     2.3603      8.503   161.5184 3.7386e+01     5.0152      2.075      3.010    20.6438 0.0000e+00
      2.118      0.011     1.7893     19.505     42.531  38.716765     2.4573      8.502   161.5738 3.7274e+01     5.1420      2.077      3.013    20.6340 0.0000e+00
      2.121      0.012     1.7866     19.230     42.623  38.763845     2.4839      8.500   161.5569 3.7079e+01     5.1462      2.080      3.018    20.6297 0.0000e+00
      2.126      0.012     1.7825     18.858     42.670  38.780350     2.4744      8.498   161.5724 3.6853e+01     5.1349      2.085      3.024    20.6158 0.0000e+00
      2.130      0.012     1.7728     18.369     42.696  38.789369     2.5075      8.497   161.5889 3.6711e+01     5.2104      2.089      3.031    20.5667 0.0000e+00
      2.134      0.012     1.7584     17.801     42.723  38.809410     2.5601      8.496   161.5844 3.6647e+01     5.2732      2.092      3.035    20.5060 0.0000e+00
      2.136      0.011     1.7347     17.241     42.753  38.832290     2.5695      8.493   161.6040 3.6587e+01     5.2451      2.094      3.038    20.4659 0.0000e+00
      2.137      0.011     1.7040     16.746     42.813  38.875625     2.5469      8.491   161.6544 3.6505e+01     5.1093      2.096      3.040    20.4320 0.0000e+00
      2.140      0.011     1.6593     16.337     42.913  38.952602     2.5529      8.491   161.6776 3.6397e+01     5.0998      2.098      3.044    20.4144 0.0000e+00
      2.143      0.011     1.6040     16.009     42.979  39.001474     2.6581      8.490   161.7121 3.6217e+01     5.2327      2.101      3.047    20.4150 0.0000e+00
      2.146      0.012     1.5526     15.743     43.017  39.022299     2.8371      8.487   161.8136 3.5991e+01     5.2824      2.105      3.053    20.4137 0.0000e+00
      2.150      0.013     1.5073     15.531     43.097  39.077450     2.9188      8.485   161.8726 3.5776e+01     5.1879      2.108      3.058    20.3979 0.0000e+00
      2.153      0.013     1.4713     15.357     43.217  39.160591     2.9138      8.484   161.9090 3.5568e+01     5.0808      2.112      3.062    20.3783 0.0000e+00
      2.156      0.014     1.4432     15.191     43.369  39.265997     3.0437      8.484   161.9955 3.5374e+01     5.1831      2.114      3.066    20.3689 0.0000e+00
      2.159      0.015     1.4195     15.011     43.555  39.399955     3.2995      8.484   162.0579 3.5193e+01     5.4339      2.117      3.071    20.3541 0.0000e+00
      2.163      0.017     1.4008     14.798     43.715  39.510989     3.4510      8.483   162.0612 3.4951e+01     5.5511      2.121      3.076    20.3330 0.0000e+00
      2.168      0.017     1.3878     14.532     43.767  39.529613     3.4931      8.481   162.1212 3.4638e+01     5.4729      2.126      3.083    20.3069 0.0000e+00
      2.173      0.017     1.3741     14.185     43.756  39.498180     3.7341      8.479   162.2672 3.4321e+01     5.4108      2.131      3.091    20.2660 0.0000e+00
      2.178      0.016     1.3597     13.731     43.785  39.511674     4.2007      8.478   162.3641 3.4076e+01     5.5519      2.136      3.098    20.2239 0.0000e+00
      2.182      0.016     1.3422     13.209     43.852  39.565826     4.4904      8.476   162.3461 3.3945e+01     5.7447      2.141      3.106    20.1858 0.0000e+00
      2.185      0.015     1.3192     12.692     43.944  39.645228     4.5658      8.474   162.3076 3.3810e+01     5.7945      2.143      3.108    20.1498 0.0000e+00
      2.188      0.014     1.2906     12.226     44.021  39.710161     4.8699      8.473   162.4141 3.3611e+01     5.7782      2.146      3.112    20.1265 0.0000e+00
      2.192      0.014     1.2479     11.850     44.038  39.716301     5.4209      8.471   162.6018 3.3414e+01     5.7526      2.150      3.118    20.1138 0.0000e+00
      2.196      0.013     1.1974     11.575     44.057  39.719451     5.7344      8.469   162.7712 3.3235e+01     5.7916      2.154      3.124    20.1069 0.0000e+00
      2.200      0.012     1.1503     11.364     44.104  39.748241     5.7894      8.467   162.9129 3.3082e+01     5.9422      2.158      3.129    20.1041 0.0000e+00
      2.203      0.011     1.1060     11.186     44.184  39.810531     5.8029      8.466   162.9387 3.2982e+01     5.9691      2.160      3.134    20.1010 0.0000e+00
      2.207      0.010     1.0715     11.034     44.292  39.901407     5.8719      8.464   162.9113 3.2931e+01     5.8086      2.164      3.139    20.0917 0.0000e+00
      2.209      0.010     1.0491     10.899     44.439  40.021994     6.0339      8.463   162.9259 3.2912e+01     5.7101      2.166      3.141    20.0729 0.0000e+00
      2.209      0.011     1.0311     10.763     44.727  40.253115     6.1468      8.463   162.9432 3.2890e+01     5.8027      2.166      3.141    20.0537 0.0000e+00
      2.210      0.014     1.0155     10.624     45.100  40.538058     6.2208      8.463   162.9473 3.2798e+01     5.9375      2.167      3.143    20.0438 0.0000e+00
      2.214      0.016     1.0012     10.464     45.332  40.674723     6.6292      8.462   162.9754 3.2603e+01     5.9051      2.171      3.148    20.0418 0.0000e+00
      2.220      0.018     0.9908     10.238     45.374  40.636120     7.3391      8.460   163.0256 3.2292e+01     5.7868      2.177      3.157    20.0318 0.0000e+00
      2.227      0.018     0.9783      9.917     45.372  40.578928     7.7218      8.460   162.9526 3.1980e+01     5.7709      2.185      3.168    20.0019 0.0000e+00
      2.233      0.018     0.9668      9.465     45.448  40.617800     7.8019      8.458   162.7803 3.1820e+01     5.8502      2.191      3.178    19.9483 0.0000e+00
      2.237      0.017     0.9570      8.903     45.591  40.725294     8.2163      8.456   162.7494 3.1740e+01     5.9932      2.194      3.183    19.8621 0.0000e+00
      2.240      0.015     0.9375      8.346     45.707  40.799685     8.9203      8.455   162.8374 3.1632e+01     6.1005      2.196      3.186    19.7643 0.0000e+00
      2.241      0.013     0.9116      7.860     45.774  40.819107     9.2812      8.454   162.8970 3.1457e+01     6.0543      2.198      3.187    19.6994 0.0000e+00
      2.245      0.013     0.8712      7.462     45.836  40.833133     9.4007      8.453   162.8677 3.1202e+01     5.9806      2.202      3.192    19.6778 0.0000e+00
      2.250      0.014     0.8135      7.175     45.884  40.842283    10.5395      8.452   162.7407 3.0972e+01     6.2005      2.207      3.201    19.6653 0.0000e+00
      2.254      0.017     0.7618      6.987     45.872  40.802758    12.6131      8.451   162.6532 3.0850e+01     6.6630      2.210      3.206    19.6325 0.0000e+00
      2.256      0.022     0.7180      6.876     45.901  40.799467    13.7394      8.449   162.7557 3.0747e+01     6.8248      2.212      3.209    19.5824 0.0000e+00
      2.260      0.027     0.6805      6.834     46.158  40.992851    14.0616      8.447   162.9482 3.0470e+01     6.7213      2.215      3.212    19.5346 0.0000e+00
      2.268      0.032     0.6557      6.839     46.618  41.363837    16.8669      8.446   163.0015 2.9992e+01     7.1890      2.222      3.222    19.4986 0.0000e+00
      2.279      0.036     0.6397      6.871     47.075  41.730819    22.0394      8.445   162.8835 2.9547e+01     8.2775      2.235      3.242    19.4708 0.0000e+00
      2.290      0.038     0.6297      6.927     47.353  41.939200    24.8989      8.445   162.8127 2.9174e+01     8.9858      2.246      3.258    19.4410 0.0000e+00
      2.301      0.038     0.6272      6.999     47.509  42.042719    25.3224      8.444   162.8338 2.8701e+01     9.0576      2.256      3.271    19.4028 0.0000e+00
      2.314      0.035     0.6291      7.074     47.671  42.157303    27.0771      8.443   162.7946 2.8290e+01     9.1461      2.270      3.292    19.3603 0.0000e+00
      2.324      0.030     0.6322      7.131     47.796  42.245596    30.2837      8.441   162.7691 2.8134e+01     9.5087      2.281      3.308    19.3188 0.0000e+00
      2.329      0.024     0.6385      7.150     47.785  42.221647    32.0573      8.438   162.8687 2.8075e+01     9.8208      2.284      3.313    19.2787 0.0000e+00
      2.332      0.018     0.6458      7.125     47.678  42.121605    32.2417      8.436   162.9670 2.8015e+01     9.9476      2.287      3.317    19.2412 0.0000e+00
      2.335      0.013     0.6541      7.090     47.668  42.114971    32.2555      8.435   162.9253 2.7986e+01     9.9148      2.290      3.321    19.2092 0.0000e+00
      2.339      0.010     0.6601      7.077     47.828  42.268391    32.3407      8.433   162.8806 2.7972e+01     9.8008      2.294      3.327    19.1849 0.0000e+00
      2.341      0.010     0.6629      7.055     48.091  42.516781    32.5399      8.431   162.8573 2.7977e+01     9.7639      2.297      3.331    19.1714 0.0000e+00
      2.341      0.011     0.6590      7.012     48.364  42.769833    32.6827      8.429   162.7289 2.7991e+01     9.8452      2.296      3.330    19.1658 0.0000e+00
      2.342      0.012     0.6536      6.977     48.605  42.979598    32.8692      8.427   162.6191 2.7932e+01     9.9982      2.297      3.331    19.1674 0.0000e+00
      2.346      0.015     0.6548      6.940     48.896  43.212321    34.4282      8.425   162.6475 2.7758e+01    10.1790      2.300      3.335    19.1811 0.0000e+00
      2.352      0.019     0.6530      6.864     49.325  43.552493    37.2494      8.422   162.8138 2.7559e+01    10.3905      2.306      3.344    19.2007 0.0000e+00
      2.358      0.025     0.6464      6.746     49.791  43.918819    38.8076      8.420   163.0820 2.7414e+01    10.5062      2.312      3.353    19.2177 0.0000e+00
      2.363      0.031     0.6441      6.587     50.106  44.150346    39.1854      8.419   163.2234 2.7280e+01    10.5872      2.317      3.361    19.2175 0.0000e+00
      2.369      0.036     0.6431      6.385     50.274  44.257115    41.6925      8.419   163.1465 2.7100e+01    10.9265      2.323      3.369    19.1888 0.0000e+00
      2.379      0.038     0.6358      6.160     50.305  44.257551    46.1982      8.418   163.0984 2.6803e+01    11.3287      2.331      3.380    19.1452 0.0000e+00
      2.393      0.038     0.6256      5.916     50.205  44.155583    48.5853      8.417   163.1580 2.6411e+01    11.4193      2.346      3.403    19.0992 0.0000e+00
      2.408      0.037     0.6122      5.656     50.153  44.103309    48.4069      8.415   163.1781 2.6120e+01    11.3728      2.364      3.429    19.0508 0.0000e+00
      2.418      0.033     0.5924      5.414     50.261  44.196794    44.1673      8.414   163.0840 2.6000e+01    11.3481      2.373      3.442    19.0061 0.0000e+00
      2.423      0.028     0.5720      5.215     50.408  44.333749    36.3597      8.413   162.9664 2.5963e+01    11.2909      2.376      3.447    18.9788 0.0000e+00
      2.427      0.023     0.5504      5.072     50.508  44.426227    32.0842      8.411   162.8744 2.5891e+01    11.1939      2.379      3.452    18.9697 0.0000e+00
      2.431      0.018     0.5240      4.977     50.598  44.489739    31.5085      8.408   162.8327 2.5733e+01    11.0638      2.384      3.458    18.9629 0.0000e+00
      2.436      0.016     0.5011      4.901     50.689  44.530346    29.4250      8.406   162.8065 2.5582e+01    10.8785      2.390      3.466    18.9585 0.0000e+00
      2.440      0.015     0.4823      4.824     50.759  44.536284    25.6773      8.405   162.7295 2.5484e+01    10.6962      2.393      3.471    18.9701 0.0000e+00
      2.444      0.014     0.4684      4.741     50.784  44.497985    23.6576      8.402   162.7619 2.5413e+01    10.6699      2.397      3.477    18.9825 0.0000e+00
      2.448      0.013     0.4619      4.637     50.790  44.448062    23.4906      8.399   162.8547 2.5347e+01    10.6625      2.400      3.482    18.9700 0.0000e+00
      2.450      0.011     0.4554      4.496     50.829  44.440421    23.5751      8.398   162.8186 2.5252e+01    10.5729      2.402      3.484    18.9266 0.0000e+00
      2.453      0.011     0.4487      4.292     50.889  44.469011    24.9613      8.398   162.6699 2.5152e+01    10.5092      2.405      3.488    18.8670 0.0000e+00
      2.455      0.010     0.4424      4.028     50.912  44.476327    27.5501      8.398   162.4333 2.5097e+01    10.5406      2.408      3.492    18.8053 0.0000e+00
      2.458      0.010     0.4330      3.728     50.908  44.465384    28.9741      8.396   162.2805 2.5073e+01    10.6448      2.411      3.496    18.7467 0.0000e+00
      2.461      0.010     0.4218      3.398     50.911  44.463654    29.0871      8.394   162.3714 2.5060e+01    10.6425      2.414      3.501    18.7039 0.0000e+00
      2.463      0.010     0.4028      3.050     50.901  44.455397    29.0164      8.394   162.6728 2.5050e+01    10.5468      2.416      3.503    18.6838 0.0000e+00
      2.465      0.011     0.3766      2.720     50.856  44.429026    28.9011      8.394   163.0845 2.5001e+01    10.5127      2.417      3.506    18.6744 0.0000e+00
      2.467      0.011     0.3493      2.445     50.713  44.335252    28.8425      8.394   163.3054 2.4924e+01    10.5720      2.419      3.509    18.6673 0.0000e+00
      2.470      0.012     0.3182      2.235     50.518  44.210308    28.8731      8.393   163.3644 2.4847e+01    10.6831      2.422      3.513    18.6635 0.0000e+00
