Data/DataNotYetUploadedToEDI/Raw_CTD/RawDownloads/071422_ccr50_S8188002.cnv
* Sea-Bird SBE19plus  Data File:
* FileName = C:\R\Reservoirs\Data\DataNotYetUploadedToEDI\Raw_CTD\RawDownloads\071122_fcr50_0002.hex
* Software version 2.8.0.119
* Temperature SN = 8188
* Conductivity SN = 8188
* System UpLoad Time = Jul 14 2022 16:29:53
* <ApplicationData>
* <Seaterm232>
# nquan = 16
# nvalues = 3343                        
# units = specified
# name 0 = depFM: Depth [fresh water, m]
# name 1 = dz/dtM: Descent Rate [m/s]
# name 2 = sbeox0Mg/L: Oxygen, SBE 43 [mg/l]
# name 3 = sbeox0PS: Oxygen, SBE 43 [% saturation]
# name 4 = specc: Specific Conductance [uS/cm]
# name 5 = c0uS/cm: Conductivity [uS/cm]
# name 6 = wetCDOM: Fluorescence, WET Labs CDOM [mg/m^3]
# name 7 = flECO-AFL: Fluorescence, WET Labs ECO-AFL/FL [mg/m^3]
# name 8 = flECO-AFL1: Fluorescence, WET Labs ECO-AFL/FL, 2 [mg/m^3]
# name 9 = flECO-AFL2: Fluorescence, WET Labs ECO-AFL/FL, 3 [mg/m^3]
# name 10 = par/sat/log: PAR/Logarithmic, Satlantic
# name 11 = turbWETntu0: Turbidity, WET Labs ECO [NTU]
# name 12 = prdM: Pressure, Strain Gauge [db]
# name 13 = prdE: Pressure, Strain Gauge [psi]
# name 14 = tv290C: Temperature [ITS-90, deg C]
# name 15 = flag:  0.000e+00
# span 0 =     -0.468,     21.111       
# span 1 =     -0.214,      0.209       
# span 2 =    -0.5343,    11.1418       
# span 3 =     -4.694,    125.072       
# span 4 =  -1723.714,    126.519       
# span 5 = -1.239e+03,  93.039392       
# span 6 =    -4.7669,     8.2869       
# span 7 =    -0.0886,    28.7108       
# span 8 =    -2.2561,     2.3757       
# span 9 =    -2.1636,     2.1822       
# span 10 = 1.1588e-01, 2.3097e+03      
# span 11 =    -0.0088,     9.8123      
# span 12 =     -0.460,     20.704      
# span 13 =     -0.667,     30.029      
# span 14 =    10.5366,    34.1904      
# span 15 = 0.0000e+00, 0.0000e+00      
# interval = seconds: 0.25
# start_time = Jul 14 2022 10:01:20 [Instrument's time stamp, header]
# bad_flag = -9.990e-29
*END*
[from data line 2893]
      7.634     -0.088     5.1656     50.583     97.566  73.778793     3.6937     3.3044     0.0874     0.1193 5.3865e+01     1.5928      7.485     10.855    12.7652 0.0000e+00
      7.615     -0.090     5.2125     50.992     97.636  73.802166     3.6837     3.2979     0.0816     0.1379 5.4351e+01     1.6326      7.470     10.834    12.7339 0.0000e+00
      7.595     -0.092     5.2614     51.257     97.722  73.800856     3.6048     3.2953     0.0457     0.2443 5.4931e+01     1.6545      7.449     10.803    12.7442 0.0000e+00
      7.571     -0.096     5.3038     51.370     97.769  73.762882     3.6008     3.2959     0.0416     0.2562 5.5537e+01     1.6557      7.425     10.769    12.8013 0.0000e+00
      7.545     -0.101     5.3502     51.441     97.801  73.748818     3.5933     3.3031     0.0417     0.2579 5.6278e+01     1.6507      7.400     10.733    12.8208 0.0000e+00
      7.516     -0.108     5.4026     51.535     97.811  73.766064     3.6142     3.3190     0.0457     0.2423 5.7087e+01     1.6421      7.370     10.690    12.7952 0.0000e+00
      7.488     -0.116     5.4357     51.659     97.811  73.836122     3.7658     3.3287     0.0818     0.0960 5.7802e+01     1.6375      7.341     10.649    12.7632 0.0000e+00
      7.461     -0.124     5.4467     51.858     97.696  73.919485     3.7867     3.3291     0.0871     0.0807 5.8595e+01     1.6373      7.317     10.614    12.7089 0.0000e+00
      7.431     -0.130     5.4548     52.199     97.459  73.962415     3.7793     3.3267     0.0842     0.0817 5.9652e+01     1.6420      7.290     10.573    12.6921 0.0000e+00
      7.394     -0.133     5.4649     52.681     97.220  73.949567     3.7750     3.3236     0.0854     0.0948 6.0872e+01     1.6512      7.252     10.518    12.6998 0.0000e+00
      7.353     -0.134     5.4740     53.236     97.085  73.899640     3.6964     3.3228     0.0857     0.1992 6.2028e+01     1.6560      7.210     10.457    12.7162 0.0000e+00
      7.315     -0.134     5.4792     53.763     97.133  73.899986     3.6860     3.3233     0.0838     0.2212 6.3055e+01     1.6553      7.171     10.401    12.8162 0.0000e+00
      7.283     -0.130     5.4981     54.170     97.240  73.953694     3.6924     3.3314     0.0877     0.2020 6.3974e+01     1.6458      7.140     10.356    12.9551 0.0000e+00
      7.254     -0.126     5.5403     54.457     97.245  74.007808     3.6884     3.3474     0.0809     0.2230 6.4862e+01     1.6283      7.115     10.319    13.0534 0.0000e+00
      7.224     -0.123     5.5986     54.657     97.192  74.080797     3.6911     3.3562     0.0471     0.2849 6.5805e+01     1.6185      7.085     10.275    13.0764 0.0000e+00
      7.194     -0.121     5.6648     54.745     97.112  74.159852     3.6892     3.3625     0.0394     0.3046 6.6752e+01     1.6190      7.054     10.230    13.0349 0.0000e+00
      7.163     -0.120     5.7108     54.762     96.995  74.219675     3.6908     3.4221     0.0453     0.2884 6.7809e+01     1.6355      7.025     10.190    13.0032 0.0000e+00
      7.131     -0.117     5.7327     54.812     96.884  74.263098     3.6891     3.5306     0.0397     0.3051 6.9003e+01     1.6659      6.994     10.144    13.0384 0.0000e+00
      7.098     -0.111     5.7496     54.930     96.814  74.279129     3.6914     3.5897     0.0463     0.2837 7.0106e+01     1.6824      6.959     10.095    13.1048 0.0000e+00
      7.068     -0.105     5.7479     55.088     96.788  74.278286     3.6879     3.5909     0.0824     0.1802 7.0991e+01     1.6820      6.929     10.050    13.1760 0.0000e+00
      7.043     -0.100     5.7326     55.266     96.727  74.252924     3.6933     3.5556     0.0853     0.1645 7.1671e+01     1.6642      6.904     10.014    13.2594 0.0000e+00
      7.023     -0.096     5.7281     55.439     96.660  74.243104     3.6846     3.4939     0.0878     0.1687 7.2309e+01     1.6317      6.886      9.988    13.3350 0.0000e+00
      7.004     -0.094     5.7373     55.605     96.649  74.294897     3.6987     3.4614     0.0792     0.1751 7.3114e+01     1.6137      6.871      9.965    13.3720 0.0000e+00
      6.981     -0.093     5.7553     55.785     96.604  74.338027     3.7713     3.4622     0.0056     0.2462 7.4145e+01     1.6129      6.849      9.933    13.3639 0.0000e+00
      6.953     -0.093     5.7735     55.957     96.533  74.358778     3.7853     3.4934    -0.0014     0.2597 7.5245e+01     1.6234      6.818      9.889    13.3751 0.0000e+00
      6.924     -0.092     5.7891     56.116     96.521  74.410583     3.7767     3.5475    -0.0024     0.2482 7.6193e+01     1.6424      6.787      9.845    13.4001 0.0000e+00
      6.901     -0.088     5.8005     56.291     96.501  74.423278     3.7820     3.5762     0.0068     0.2605 7.6986e+01     1.6531      6.766      9.813    13.4252 0.0000e+00
      6.881     -0.081     5.8149     56.478     96.425  74.377001     3.7787     3.5824     0.0776     0.2892 7.7759e+01     1.6551      6.748      9.787    13.4765 0.0000e+00
      6.861     -0.072     5.8293     56.654     96.371  74.392256     3.7808     3.6244     0.0904     0.3023 7.8514e+01     1.6632      6.728      9.759    13.5105 0.0000e+00
      6.844     -0.065     5.8376     56.806     96.338  74.472489     3.7796     3.7013     0.0812     0.2892 7.9119e+01     1.6781      6.709      9.731    13.5516 0.0000e+00
      6.829     -0.060     5.8554     56.938     96.276  74.535429     3.7803     3.7434     0.0890     0.3055 7.9723e+01     1.6859      6.698      9.714    13.5648 0.0000e+00
      6.815     -0.060     5.8771     57.061     96.178  74.544538     3.7798     3.7484     0.0807     0.2819 8.0353e+01     1.6854      6.684      9.693    13.5510 0.0000e+00
      6.802     -0.063     5.8924     57.195     96.058  74.515072     3.7801     3.7499     0.0464     0.1390 8.0737e+01     1.6763      6.668      9.671    13.5829 0.0000e+00
      6.790     -0.069     5.8992     57.369     96.028  74.517482     3.7799     3.7497     0.0413     0.1243 8.1227e+01     1.6596      6.661      9.660    13.6475 0.0000e+00
      6.774     -0.077     5.9035     57.579     96.100  74.573710     3.7801     3.7502     0.0419     0.1206 8.2179e+01     1.6502      6.646      9.639    13.7155 0.0000e+00
      6.750     -0.084     5.9116     57.816     96.147  74.653723     3.7800     3.7510     0.0456     0.1436 8.3356e+01     1.6496      6.620      9.601    13.7495 0.0000e+00
      6.724     -0.090     5.9179     58.091     96.079  74.740799     3.7800     3.7525     0.0817     0.3202 8.4626e+01     1.6546      6.594      9.564    13.7914 0.0000e+00
      6.697     -0.093     5.9351     58.432     95.876  74.814892     3.7800     3.7553     0.0873     0.3497 8.5926e+01     1.6636      6.567      9.525    13.8063 0.0000e+00
      6.672     -0.093     5.9594     58.882     95.613  74.873348     3.7801     3.7570     0.0839     0.3312 8.7152e+01     1.6684      6.542      9.489    13.7856 0.0000e+00
      6.650     -0.091     5.9819     59.440     95.402  74.906689     3.7799     3.7598     0.0860     0.3431 8.8350e+01     1.6691      6.521      9.458    13.8005 0.0000e+00
      6.627     -0.091     6.0000     60.076     95.350  74.947652     3.7802     3.7902     0.0847     0.3349 8.9525e+01     1.6687      6.498      9.425    13.8721 0.0000e+00
      6.606     -0.094     6.0146     60.796     95.351  75.030456     3.7797     3.8465     0.0855     0.3415 9.0605e+01     1.6672      6.477      9.394    14.0071 0.0000e+00
      6.586     -0.100     6.0413     61.650     95.193  75.096135     3.7805     3.8767     0.0850     0.3350 9.1854e+01     1.6664      6.461      9.371    14.1609 0.0000e+00
      6.561     -0.107     6.0830     62.632     94.964  75.133144     3.7792     3.8787     0.0853     0.3431 9.3426e+01     1.6674      6.437      9.336    14.2898 0.0000e+00
      6.531     -0.112     6.1472     63.632     94.847  75.207584     3.7812     3.8797     0.0851     0.3763 9.5147e+01     1.6758      6.404      9.289    14.3000 0.0000e+00
      6.498     -0.111     6.2172     64.617     94.803  75.319864     3.7780     3.8803     0.0854     0.3834 9.7116e+01     1.6906      6.372      9.244    14.3028 0.0000e+00
      6.464     -0.102     6.2846     65.677     94.674  75.408441     3.7833     3.8796     0.0849     0.3791 9.9193e+01     1.6988      6.339      9.193    14.4416 0.0000e+00
      6.432     -0.086     6.3733     66.812     94.404  75.466960     3.7747     3.8763     0.0855     0.3817 1.0072e+02     1.6994      6.304      9.143    14.5705 0.0000e+00
      6.408     -0.065     6.4669     67.919     94.096  75.486524     3.7887     3.8498     0.0847     0.3801 1.0141e+02     1.7013      6.279      9.108    14.6473 0.0000e+00
      6.397     -0.043     6.5508     68.974     94.004  75.510015     3.8613     3.8024     0.0860     0.3809 1.0151e+02     1.7059      6.270      9.094    14.7139 0.0000e+00
      6.395     -0.023     6.6449     69.920     94.148  75.615790     3.8754     3.7760     0.0839     0.3807 1.0136e+02     1.7084      6.270      9.094    14.7991 0.0000e+00
      6.397     -0.008     6.7449     70.703     94.148  75.750599     3.8668     3.7740     0.0874     0.3804 1.0124e+02     1.7069      6.274      9.099    14.9609 0.0000e+00
      6.400     -0.000     6.8256     71.407     93.883  75.787078     3.8720     3.7880     0.0817     0.3813 1.0121e+02     1.6945      6.277      9.104    15.1500 0.0000e+00
      6.402      0.002     6.9258     72.028     93.611  75.718898     3.8687     3.8143     0.0457     0.3796 1.0115e+02     1.6725      6.278      9.106    15.2023 0.0000e+00
      6.402      0.001     7.0432     72.500     93.617  75.738270     3.8708     3.8285     0.0416     0.3824 1.0105e+02     1.6601      6.279      9.106    15.0993 0.0000e+00
      6.401     -0.001     7.0983     72.882     93.814  75.886007     3.8696     3.8283     0.0416     0.3778 1.0113e+02     1.6584      6.277      9.104    15.1926 0.0000e+00
      6.399     -0.001     7.1395     73.282     93.823  76.016752     3.8703     3.8194     0.0458     0.3855 1.0132e+02     1.6538      6.276      9.102    15.3979 0.0000e+00
      6.399     -0.000     7.1970     73.757     93.611  76.101475     3.8699     3.8040     0.0816     0.4178 1.0137e+02     1.6452      6.275      9.100    15.4625 0.0000e+00
      6.399      0.001     7.2393     74.321     93.349  76.166506     3.8701     3.7957     0.0873     0.4273 1.0131e+02     1.6406      6.276      9.101    15.4646 0.0000e+00
      6.399      0.003     7.2831     74.992     93.128  76.262146     3.8699     3.7962     0.0838     0.4184 1.0117e+02     1.6409      6.275      9.102    15.4004 0.0000e+00
      6.400      0.004     7.3095     75.824     92.943  76.378658     3.8701     3.8040     0.0860     0.4289 1.0109e+02     1.6475      6.276      9.103    15.4757 0.0000e+00
      6.403      0.003     7.3297     76.898     92.697  76.357787     3.8700     3.8186     0.0847     0.4594 1.0109e+02     1.6594      6.279      9.107    15.6519 0.0000e+00
      6.405     -0.002     7.3626     78.147     92.477  76.145339     3.8700     3.8279     0.0855     0.4702 1.0092e+02     1.6659      6.281      9.110    15.7909 0.0000e+00
      6.407     -0.013     7.4053     79.334     92.543  75.907241     3.8700     3.8271     0.0850     0.4601 1.0070e+02     1.6669      6.283      9.113    15.9403 0.0000e+00
      6.407     -0.028     7.4566     80.205     92.917  75.778844     3.8700     3.8043     0.0853     0.4720 1.0099e+02     1.6686      6.285      9.117    16.0963 0.0000e+00
      6.401     -0.044     7.5440     80.583     93.329  75.742477     3.8700     3.7618     0.0852     0.4556 1.0192e+02     1.6715      6.281      9.110    16.2266 0.0000e+00
      6.386     -0.059     7.6774     80.355     93.571  75.737687     3.8700     3.7376     0.0852     0.3908 1.0325e+02     1.6730      6.265      9.087    16.2247 0.0000e+00
      6.362     -0.071     7.8331     79.448     93.656  75.720696     3.8699     3.7393     0.0851     0.3730 1.0489e+02     1.6732      6.241      9.052    16.0404 0.0000e+00
      6.336     -0.079     7.9734     77.914     93.671  75.672257     3.8701     3.7902     0.0852     0.3879 1.0635e+02     1.6729      6.211      9.009    15.7575 0.0000e+00
      6.313     -0.084     8.0518     75.970     93.700  75.625517     3.8698     3.8856     0.0852     0.3722 1.0739e+02     1.6719      6.189      8.976    15.5319 0.0000e+00
      6.296     -0.087     8.0487     73.956     93.801  75.629053     3.8704     3.9403     0.0852     0.3027 1.0839e+02     1.6714      6.174      8.955    15.4454 0.0000e+00
      6.278     -0.088     7.9597     72.156     93.886  75.647260     3.8694     3.9524     0.0852     0.2949 1.0972e+02     1.6710      6.158      8.932    15.4219 0.0000e+00
      6.256     -0.091     7.8052     70.680     93.888  75.642636     3.8709     4.0269     0.0852     0.2922 1.1137e+02     1.6674      6.137      8.900    15.3883 0.0000e+00
      6.229     -0.094     7.6018     69.560     93.856  75.640800     3.8685     4.1645     0.0852     0.3061 1.1301e+02     1.6607      6.110      8.861    15.3583 0.0000e+00
      6.202     -0.096     7.3973     68.816     93.827  75.692738     3.8725     4.2410     0.0852     0.4123 1.1476e+02     1.6571      6.081      8.820    15.3019 0.0000e+00
      6.175     -0.096     7.2207     68.473     93.774  75.797126     3.8659     4.2539     0.0852     0.4292 1.1674e+02     1.6572      6.056      8.783    15.2716 0.0000e+00
      6.150     -0.095     7.0701     68.525     93.645  75.888325     3.8766     4.3157     0.0852     0.4197 1.1842e+02     1.6616      6.031      8.747    15.2783 0.0000e+00
      6.127     -0.093     6.9575     68.919     93.513  75.983816     3.8592     4.4287     0.0852     0.4242 1.1963e+02     1.6699      6.009      8.715    15.2830 0.0000e+00
      6.107     -0.093     6.8761     69.585     93.431  76.140096     3.8876     4.4940     0.0853     0.4235 1.2106e+02     1.6744      5.990      8.688    15.3159 0.0000e+00
      6.086     -0.095     6.8294     70.517     93.292  76.357396     4.0323     4.5325     0.0851     0.4206 1.2277e+02     1.6764      5.969      8.657    15.4012 0.0000e+00
      6.062     -0.098     6.8200     71.813     92.993  76.581920     4.0612     4.8885     0.0854     0.4278 1.2445e+02     1.6973      5.945      8.622    15.5161 0.0000e+00
      6.036     -0.102     6.8460     73.582     92.528  76.690396     4.0427     5.5408     0.0849     0.4145 1.2641e+02     1.7358      5.920      8.587    15.6270 0.0000e+00
      6.007     -0.104     6.8999     75.834     92.053  76.654758     4.0552     5.8973     0.0857     0.4373 1.2851e+02     1.7567      5.891      8.545    15.7206 0.0000e+00
      5.978     -0.105     6.9631     78.465     91.855  76.625073     4.0455     5.9330     0.0844     0.5341 1.3033e+02     1.7577      5.862      8.501    15.8834 0.0000e+00
      5.950     -0.104     7.0442     81.328     91.931  76.669915     4.0548     5.9679     0.0865     0.5632 1.3194e+02     1.7448      5.835      8.462    16.1687 0.0000e+00
      5.924     -0.103     7.1724     84.288     92.036  76.790949     4.0438     6.0253     0.0830     0.5358 1.3374e+02     1.7209      5.809      8.426    16.4654 0.0000e+00
      5.900     -0.104     7.3627     87.052     92.021  77.073644     4.0592     6.0557     0.0888     0.5684 1.3570e+02     1.7079      5.786      8.392    16.6829 0.0000e+00
      5.876     -0.108     7.6159     89.382     91.678  77.449672     4.1310     6.0522     0.1247     0.7021 1.3744e+02     1.7074      5.762      8.357    16.7436 0.0000e+00
      5.851     -0.112     7.9054     91.561     91.001  77.752446     4.1455     5.9743     0.1288     0.7284 1.3932e+02     1.7171      5.739      8.324    16.6827 0.0000e+00
      5.822     -0.115     8.2058     94.028     90.259  77.893934     4.1367     5.8320     0.1288     0.7153 1.4182e+02     1.7356      5.712      8.285    16.6647 0.0000e+00
