Data/DataNotYetUploadedToEDI/Raw_CTD/RawDownloads/071425_fcr10_S7809002.cnv
* Sea-Bird SBE19plus  Data File:
* FileName = C:\R\Reservoirs\Data\DataNotYetUploadedToEDI\Raw_CTD\RawDownloads\071425_fcr50_S7809_0002.hex
* Software version 2.8.0.119
* Temperature SN = 7809
* Conductivity SN = 7809
* System UpLoad Time = Jul 14 2025 17:13:24
* <ApplicationData>
* <Seaterm232>
# nquan = 15
# nvalues = 1878                        
# units = specified
# name 0 = depFM: Depth [fresh water, m]
# name 1 = dz/dtM: Descent Rate [m/s]
# name 2 = sbeox0Mg/L: Oxygen, SBE 43 [mg/l]
# name 3 = sbeox0PS: Oxygen, SBE 43 [% saturation]
# name 4 = specc: Specific Conductance [uS/cm]
# name 5 = c0uS/cm: Conductivity [uS/cm]
# name 6 = flECO-AFL: Fluorescence, WET Labs ECO-AFL/FL [mg/m^3]
# name 7 = ph: pH
# name 8 = orp: Oxidation Reduction Potential [mV]
# name 9 = par/sat/log: PAR/Logarithmic, Satlantic
# name 10 = turbWETntu0: Turbidity, WET Labs ECO [NTU]
# name 11 = prdM: Pressure, Strain Gauge [db]
# name 12 = prdE: Pressure, Strain Gauge [psi]
# name 13 = tv290C: Temperature [ITS-90, deg C]
# name 14 = flag:  0.000e+00
# span 0 =     -0.635,      2.396       
# span 1 =     -0.372,      0.161       
# span 2 =     0.0135,     8.8467       
# span 3 =      0.157,    111.839       
# span 4 =      0.515,     99.787       
# span 5 =   0.581954,  88.577103       
# span 6 =    -0.9933,    33.3637       
# span 7 =     -1.882,      8.988       
# span 8 = -1240.7455,   211.4167       
# span 9 = 1.2342e-01, 2.4123e+03       
# span 10 =    -1.4691,   196.1909      
# span 11 =     -0.623,      2.351      
# span 12 =     -0.904,      3.409      
# span 13 =    19.1491,    31.5913      
# span 14 = 0.0000e+00, 0.0000e+00      
# interval = seconds: 0.25
# start_time = Jul 14 2025 12:03:06 [Instrument's time stamp, header]
# bad_flag = -9.990e-29
*END*
[from data line 1735]
      2.236     -0.185     0.0233      0.157     73.689  65.767788     5.2058      8.648  -186.4036 5.6505e+00    20.1472      2.202      3.194    19.5561 0.0000e+00
      2.181     -0.246     0.0199      0.162     65.193  58.273950     5.0310      8.646  -186.8787 5.6568e+00    16.5250      2.145      3.111    19.5705 0.0000e+00
      2.107     -0.292     0.0159      0.192     64.894  58.209840     5.0705      8.645  -188.1587 6.2113e+00    17.1313      2.072      3.005    19.5872 0.0000e+00
      2.014     -0.305     0.0138      0.297     71.865  64.675965     5.7326      8.652  -185.9628 8.0991e+00    26.7258      1.984      2.878    19.6049 0.0000e+00
      1.901     -0.284     0.0144      0.548     76.854  69.239188     6.9519      8.670  -179.5150 1.0245e+01    44.3320      1.865      2.706    19.6079 0.0000e+00
      1.793     -0.239     0.0145      0.978     77.484  69.733411     7.5945      8.689  -172.0616 1.1417e+01    53.9500      1.739      2.522    19.6556 0.0000e+00
      1.732     -0.191     0.0150      1.508     76.387  68.618114     7.5177      8.704  -165.2781 1.1532e+01    55.4993      1.674      2.428    19.8265 0.0000e+00
      1.725     -0.158     0.0226      1.975     73.634  66.049910     6.3569      8.715  -159.0993 1.1748e+01    63.9866      1.686      2.446    20.0279 0.0000e+00
      1.737     -0.156     0.0428      2.246     70.331  63.082533     4.2633      8.724  -153.0228 1.2497e+01    79.5049      1.712      2.482    20.0833 0.0000e+00
      1.731     -0.192     0.0850      2.310     67.980  61.079505     3.1448      8.730  -147.2162 1.3648e+01    87.9434      1.710      2.479    20.0017 0.0000e+00
      1.688     -0.261     0.1394      2.263     63.400  57.143836     3.0789      8.733  -141.8922 1.5669e+01    87.6880      1.673      2.427    19.9019 0.0000e+00
      1.599     -0.332     0.1876      2.295     55.449  50.240186     3.2418      8.732  -136.8330 1.8975e+01    75.7690      1.582      2.295    19.8235 0.0000e+00
      1.472     -0.369     0.2120      2.679     47.994  43.907026     3.5488      8.724  -131.7325 2.3218e+01    53.7562      1.448      2.100    19.8041 0.0000e+00
      1.328     -0.354     0.2148      3.799     43.469  40.377692     3.7367      8.704  -126.5124 2.7821e+01    41.7938      1.301      1.888    19.9074 0.0000e+00
      1.197     -0.293     0.2036      6.454     41.267  39.051430     3.7831      8.678  -121.4682 3.1561e+01    40.7500      1.154      1.675    20.0485 0.0000e+00
      1.116     -0.204     0.1971     11.979     40.143  38.661195     3.7436      8.656  -117.0323 3.2739e+01    39.9393      1.066      1.546    20.2603 0.0000e+00
      1.102     -0.111     0.2192     21.160     39.387  38.452586     3.2247      8.643  -113.4029 3.1742e+01    31.8889      1.067      1.547    20.6916 0.0000e+00
      1.129     -0.033     0.2968     33.192     38.802  38.243262     2.3038      8.642  -110.2801 3.0352e+01    17.2666      1.110      1.609    21.4021 0.0000e+00
      1.159      0.017     0.4714     46.331     38.468  38.161423     1.8139      8.647  -107.5824 2.9500e+01     9.3789      1.143      1.658    22.3528 0.0000e+00
      1.174      0.032     0.8968     58.840     38.290  38.161470     1.7961      8.654  -105.1341 2.9342e+01     8.7319      1.156      1.677    23.2347 0.0000e+00
      1.176      0.017     1.6974     69.583     38.120  38.117167     1.7811      8.662  -102.7903 2.9632e+01     8.1798      1.155      1.676    23.8848 0.0000e+00
      1.172     -0.027     2.7439     77.887     38.107  38.197048     1.6991      8.668  -100.4090 2.9674e+01     7.1444      1.148      1.666    24.3282 0.0000e+00
      1.169     -0.095     3.8787     83.298     38.448  38.619772     1.6283      8.671   -97.5082 2.9360e+01     6.5295      1.146      1.662    24.6226 0.0000e+00
      1.164     -0.182     4.9296     85.982     38.803  39.040215     1.6159      8.671   -94.5609 2.9646e+01     6.4846      1.146      1.663    24.8498 0.0000e+00
      1.136     -0.271     5.8155     86.598     38.572  38.838632     1.6576      8.673   -92.1342 3.2362e+01     6.4990      1.136      1.646    25.0059 0.0000e+00
      1.053     -0.340     6.5116     85.899     37.802  38.086202     1.7075      8.675   -89.7624 3.8412e+01     6.3611      1.058      1.533    25.1145 0.0000e+00
      0.910     -0.372     6.9347     84.587     37.271  37.620968     1.7120      8.677   -86.7915 4.6684e+01     6.2176      0.899      1.305    25.2211 0.0000e+00
      0.747     -0.361     7.1207     83.250     37.500  37.972866     1.7123      8.680   -83.2296 5.5483e+01     6.2668      0.722      1.046    25.3205 0.0000e+00
      0.616     -0.306     7.1461     82.394     37.890  38.470312     1.8193      8.680   -79.5626 6.2337e+01     7.1272      0.578      0.837    25.3485 0.0000e+00
      0.550     -0.221     7.0691     82.361     37.811  38.432287     1.9988      8.678   -76.0101 6.5964e+01     8.6614      0.517      0.750    25.3411 0.0000e+00
      0.540     -0.128     6.9339     82.960     37.646  38.274717     2.0768      8.676   -72.6262 6.6155e+01     9.4455      0.522      0.759    25.4281 0.0000e+00
      0.555     -0.058     6.7857     83.611     37.577  38.215069     2.0538      8.673   -69.6234 6.4507e+01     9.4681      0.545      0.791    25.6329 0.0000e+00
      0.571     -0.037     6.6803     83.961     37.379  38.028386     1.9957      8.672   -67.0637 6.4449e+01     9.4474      0.564      0.818    25.7999 0.0000e+00
      0.576     -0.077     6.6802     84.032     37.127  37.794324     1.9326      8.673   -64.7358 6.5401e+01     9.4344      0.569      0.825    25.8296 0.0000e+00
      0.569     -0.155     6.7534     83.988     36.911  37.606028     1.9229      8.676   -62.6418 6.6783e+01     9.3789      0.563      0.816    25.8240 0.0000e+00
      0.539     -0.237     6.8135     83.957     36.613  37.338143     1.9203      8.681   -60.6752 7.0824e+01     9.2887      0.548      0.794    25.8440 0.0000e+00
      0.459     -0.293     6.8373     84.040     36.390  37.157005     1.8933      8.686   -58.3370 7.8699e+01     9.2652      0.477      0.691    25.8589 0.0000e+00
      0.324     -0.311     6.8341     84.380     36.491  37.319583     1.9031      8.690   -55.6220 9.3564e+01     9.3684      0.320      0.463    25.8827 0.0000e+00
      0.184     -0.288     6.8206     85.100     36.709  37.590718     1.9566      8.694   -52.9720 1.1583e+02     9.5801      0.158      0.230    25.9369 0.0000e+00
      0.093     -0.228     6.8106     86.135     36.868  37.770294     1.9987      8.697   -50.5597 1.3454e+02     9.6396      0.072      0.103    25.9795 0.0000e+00
      0.058     -0.143     6.8066     87.196     37.006  37.904485     1.9961      8.702   -48.2231 1.4227e+02     9.5405      0.045      0.065    26.0339 0.0000e+00
      0.062     -0.057     6.8157     87.926     37.001  37.880638     1.9667      8.705   -45.8856 1.4113e+02     9.7828      0.053      0.077    26.1373 0.0000e+00
      0.085      0.005     6.8665     88.143     36.754  37.608830     1.9347      8.707   -43.6361 1.3499e+02    10.3490      0.084      0.121    26.2130 0.0000e+00
      0.111      0.034     6.9572     87.902     36.497  37.346598     1.9163      8.707   -41.5009 1.3045e+02    10.6470      0.112      0.163    26.2281 0.0000e+00
      0.128      0.039     7.0573     87.405     36.310  37.184724     1.9200      8.706   -39.5144 1.2926e+02    10.6871      0.130      0.189    26.2131 0.0000e+00
      0.132      0.032     7.1251     86.937     36.003  36.920734     1.9133      8.705   -37.5992 1.2793e+02    11.6884      0.132      0.192    26.1844 0.0000e+00
      0.128      0.019     7.1448     86.775     35.778  36.756345     1.9021      8.704   -35.6383 1.1918e+02    13.7352      0.123      0.179    26.1461 0.0000e+00
      0.128      0.002     7.1212     87.114     36.046  37.100780     1.9082      8.702   -33.7877 1.0226e+02    14.9736      0.122      0.177    26.1384 0.0000e+00
      0.134     -0.024     7.0648     87.929     36.491  37.595447     1.9117      8.700   -32.2601 9.1278e+01    15.1848      0.131      0.189    26.1904 0.0000e+00
      0.140     -0.063     7.0109     88.953     36.514  37.597673     1.9036      8.699   -30.7617 9.2731e+01    15.7414      0.140      0.202    26.2633 0.0000e+00
      0.136     -0.111     6.9784     89.821     36.288  37.318057     1.8852      8.702   -26.8562 1.0529e+02    16.7839      0.142      0.206    26.3526 0.0000e+00
      0.108     -0.164     6.9921     90.314     36.136  37.133437     1.8896      8.709    -9.5596 1.4153e+02    17.4057      0.120      0.174    26.4734 0.0000e+00
      0.047     -0.215     7.0561     90.361     36.021  37.015198     1.9146      8.719     5.7750 2.2033e+02    17.3500      0.055      0.079    26.5438 0.0000e+00
     -0.038     -0.258     7.1585     90.015     35.893  36.903690     1.8712      8.731     5.3174 3.1673e+02    15.0173     -0.038     -0.056    26.4892 0.0000e+00
     -0.122     -0.292     7.2466     89.599     35.699  36.737015     1.7474      8.743     9.3427 3.7683e+02    10.6193     -0.125     -0.182    26.3960 0.0000e+00
     -0.197     -0.313     7.2902     89.322     35.378  36.459388     1.6575      8.751     7.8982 3.9633e+02     8.1717     -0.194     -0.281    26.3595 0.0000e+00
     -0.270     -0.315     7.2978     89.121     34.998  36.148501     1.6500      8.754    -6.5560 4.1991e+02     7.9352     -0.261     -0.378    26.3647 0.0000e+00
     -0.350     -0.299     7.2500     88.887     34.610  35.833496     1.6402      8.754   -17.7790 4.4908e+02     7.8612     -0.337     -0.490    26.3967 0.0000e+00
     -0.441     -0.268     7.2036     88.362     32.885  34.110175     1.3724      8.755   -21.4530 4.3716e+02     6.9356     -0.430     -0.624    26.4405 0.0000e+00
     -0.530     -0.227     7.1802     87.341     25.317  26.287520     0.8757      8.759   -21.1232 4.0133e+02     5.1810     -0.532     -0.771    26.5040 0.0000e+00
     -0.592     -0.177     7.1458     86.158     14.008  14.553455     0.5871      8.764   -20.7608 3.7376e+02     4.1362     -0.596     -0.864    26.6342 0.0000e+00
     -0.619     -0.122     7.1175     85.466      8.130   8.449858     0.5465      8.768   -20.2552 3.4149e+02     4.0041     -0.612     -0.890    26.7766 0.0000e+00
     -0.625     -0.071     7.0759     85.628      7.173   7.453983     0.4260      8.772   -19.4835 3.0879e+02     3.5836     -0.614     -0.891    26.8726 0.0000e+00
     -0.625     -0.031     6.9739     86.388      6.627   6.884182     0.1628      8.774   -18.6572 2.8679e+02     2.7071     -0.613     -0.889    26.9337 0.0000e+00
     -0.624     -0.009     6.8537     87.191      6.262   6.502386     0.0021      8.776   -17.9223 2.7432e+02     2.2883     -0.612     -0.888    26.9614 0.0000e+00
     -0.624     -0.001     6.7851     87.809      6.153   6.385704    -0.0016      8.777   -16.9653 2.6855e+02     2.3796     -0.612     -0.887    26.9668 0.0000e+00
     -0.624      0.001     6.8081     88.313      6.376   6.613743    -0.0067      8.778   -15.5168 2.6233e+02     2.4111     -0.612     -0.888    26.9567 0.0000e+00
     -0.624      0.001     6.8941     88.599      6.120   6.345220    -0.0514      8.779   -14.0033 2.5153e+02     2.2935     -0.612     -0.887    26.9366 0.0000e+00
     -0.624      0.001     6.9660     88.391      5.475   5.673203    -0.0678      8.781   -13.0347 2.3515e+02     2.2560     -0.611     -0.887    26.9132 0.0000e+00
     -0.624      0.001     7.0112     87.588      7.965   8.244991    -0.0384      8.783   -12.4091 2.1263e+02     2.3674     -0.612     -0.887    26.8873 0.0000e+00
     -0.624      0.001     7.0584     86.410     17.570  18.175396    -0.0208      8.785   -11.3434 1.9007e+02     2.4446     -0.611     -0.887    26.8590 0.0000e+00
     -0.623      0.001     7.0966     85.314     29.402  30.399864    -0.0374      8.786    -9.4419 1.7304e+02     2.4719     -0.611     -0.885    26.8291 0.0000e+00
     -0.621      0.001     7.0869     84.652     35.051  36.210208    -0.0732      8.786    -7.1424 1.6228e+02     2.5270     -0.610     -0.884    26.7986 0.0000e+00
     -0.621      0.001     7.0200     84.338     35.921  37.057179    -0.0782      8.789    -4.7917 1.5699e+02     2.5990     -0.609     -0.884    26.7697 0.0000e+00
     -0.622      0.000     6.9147     84.063     36.196  37.277517    -0.0570      8.793    -2.7019 1.5644e+02     2.3513     -0.610     -0.885    26.7376 0.0000e+00
     -0.622 1.8640e-08     6.8172     83.756     36.449  37.478229    -0.0502      8.793    -1.5775 1.5552e+02     1.7868     -0.610     -0.885    26.7022 0.0000e+00
     -0.622 2.0505e-07     6.7740     83.621     36.659  37.643722    -0.0532      8.791    -1.0049 1.4883e+02     1.4438     -0.610     -0.885    26.6598 0.0000e+00
     -0.622 2.0505e-07     6.7720     83.950     36.809  37.755504    -0.0685      8.790    -0.3392 1.3813e+02     1.4490     -0.610     -0.884    26.5811 0.0000e+00
     -0.622 1.8641e-08     6.7630     84.963     36.967  37.877892    -0.0777      8.790     0.3632 1.2773e+02     1.5764     -0.610     -0.885    26.4836 0.0000e+00
     -0.622 1.6946e-09     6.7403     86.519     37.102  37.981253    -0.0808      8.791     1.0347 1.2123e+02     1.6516     -0.610     -0.884    26.4017 0.0000e+00
     -0.622 1.5405e-10     6.7305     88.196     37.139  37.989897    -0.0894      8.792     1.6712 1.1768e+02     1.6757     -0.609     -0.884    26.3332 0.0000e+00
     -0.622 1.4005e-11     6.7536     89.668     36.844  37.665085    -0.0909      8.794     2.3796 1.1497e+02     1.6969     -0.610     -0.884    26.2773 0.0000e+00
     -0.622 1.2731e-12     6.8460     90.728     33.638  34.371222    -0.0899      8.795     3.0606 1.1336e+02     1.7709     -0.610     -0.885    26.2251 0.0000e+00
     -0.622 1.1574e-13     6.9955     91.242     26.275  26.837267    -0.0610      8.794     3.5393 1.1261e+02     1.5118     -0.610     -0.885    26.1749 0.0000e+00
     -0.621 1.0522e-14     7.1431     91.197     18.556  18.945380    -0.0155      8.794     4.0377 1.1237e+02     0.7160     -0.609     -0.884    26.1369 0.0000e+00
     -0.621 9.5655e-16     7.2719     90.720     13.874  14.158120    -0.0066      8.794     4.7847 1.1242e+02     0.1430     -0.609     -0.884    26.1060 0.0000e+00
     -0.622 8.6960e-17     7.3659     90.020     12.821  13.075768     0.0047      8.796     5.6017 1.1208e+02     0.0828     -0.610     -0.884    26.0800 0.0000e+00
     -0.622 7.9055e-18     7.4106     89.301     13.584  13.845975     0.0298      8.798     6.2582 1.1068e+02     0.1248     -0.610     -0.885    26.0587 0.0000e+00
     -0.622 7.1865e-19     7.4061     88.734     13.705  13.963905     0.0137      8.798     6.7867 1.0889e+02     0.0706     -0.610     -0.884    26.0401 0.0000e+00
     -0.622 6.5335e-20     7.3633     88.424     13.552  13.804343    -0.0238      8.796     7.2591 1.0779e+02     0.0085     -0.610     -0.884    26.0187 0.0000e+00
     -0.621 5.9395e-21     7.3052     88.385     14.067  14.324915    -0.0322      8.797     7.7540 1.0719e+02    -0.0120     -0.609     -0.884    25.9876 0.0000e+00
     -0.621 5.3995e-22     7.2455     88.566     14.110  14.363812    -0.0123      8.800     8.3830 1.0770e+02    -0.0064     -0.609     -0.883    25.9576 0.0000e+00
     -0.622 4.9086e-23     7.1987     88.862     13.719  13.958019    -0.0008      8.803     9.0129 1.0931e+02     0.0079     -0.610     -0.884    25.9380 0.0000e+00
     -0.622 4.4624e-24     7.1756     89.183     14.123  14.362262    -0.0093      8.803     9.5190 1.0974e+02    -0.0450     -0.610     -0.884    25.9246 0.0000e+00
     -0.622 4.0567e-25     7.1748     89.505     14.760  15.004802    -0.0064      8.803    10.0286 1.0837e+02    -0.0304     -0.610     -0.884    25.9135 0.0000e+00
     -0.621 3.6879e-26     7.1959     89.807     14.394  14.628112     0.0176      8.803    10.5277 1.0674e+02     0.0819     -0.609     -0.884    25.8932 0.0000e+00
