Data/DataNotYetUploadedToEDI/Raw_CTD/RawDownloads/071425_fcr40_S7809005.cnv
* Sea-Bird SBE19plus  Data File:
* FileName = C:\R\Reservoirs\Data\DataNotYetUploadedToEDI\Raw_CTD\RawDownloads\071425_fcr50_S7809_0005.hex
* Software version 2.8.0.119
* Temperature SN = 7809
* Conductivity SN = 7809
* System UpLoad Time = Jul 14 2025 17:15:57
* <ApplicationData>
* <Seaterm232>
# nquan = 15
# nvalues = 2372                        
# units = specified
# name 0 = depFM: Depth [fresh water, m]
# name 1 = dz/dtM: Descent Rate [m/s]
# name 2 = sbeox0Mg/L: Oxygen, SBE 43 [mg/l]
# name 3 = sbeox0PS: Oxygen, SBE 43 [% saturation]
# name 4 = specc: Specific Conductance [uS/cm]
# name 5 = c0uS/cm: Conductivity [uS/cm]
# name 6 = flECO-AFL: Fluorescence, WET Labs ECO-AFL/FL [mg/m^3]
# name 7 = ph: pH
# name 8 = orp: Oxidation Reduction Potential [mV]
# name 9 = par/sat/log: PAR/Logarithmic, Satlantic
# name 10 = turbWETntu0: Turbidity, WET Labs ECO [NTU]
# name 11 = prdM: Pressure, Strain Gauge [db]
# name 12 = prdE: Pressure, Strain Gauge [psi]
# name 13 = tv290C: Temperature [ITS-90, deg C]
# name 14 = flag:  0.000e+00
# span 0 =     -0.620,      5.677       
# span 1 =     -0.734,      0.142       
# span 2 =     0.0266,     9.6031       
# span 3 =      0.282,    120.010       
# span 4 =      1.544,     59.113       
# span 5 =   1.429720,  46.081479       
# span 6 =    -2.0351,    18.4123       
# span 7 =      7.882,     10.223       
# span 8 =   102.0892,   238.2892       
# span 9 = 1.4929e-01, 2.3787e+03       
# span 10 =    -0.1521,   413.7040      
# span 11 =     -0.609,      5.568      
# span 12 =     -0.883,      8.075      
# span 13 =    11.2875,    28.4796      
# span 14 = 0.0000e+00, 0.0000e+00      
# interval = seconds: 0.25
# start_time = Jul 14 2025 12:40:28 [Instrument's time stamp, header]
# bad_flag = -9.990e-29
*END*
[from data line 1928]
      4.584      0.006     5.2922     49.167     45.892  33.498768     0.5409      7.943   160.2185 1.9832e+00    13.2530      4.496      6.522    11.5016 0.0000e+00
      4.583      0.004     5.3149     49.311     45.917  33.517016     0.5444      7.941   160.6034 1.9867e+00    13.3068      4.494      6.519    11.4994 0.0000e+00
      4.582      0.004     5.3355     49.453     45.909  33.512385     0.5325      7.941   160.9565 1.9884e+00    13.2357      4.493      6.517    11.4968 0.0000e+00
      4.582      0.005     5.3467     49.562     45.898  33.506210     0.5053      7.940   161.3039 1.9768e+00    13.1103      4.492      6.516    11.4959 0.0000e+00
      4.584      0.008     5.3578     49.618     45.897  33.505803     0.5153      7.940   161.6200 1.9541e+00    13.0883      4.494      6.519    11.4948 0.0000e+00
      4.587      0.013     5.3756     49.630     45.901  33.507468     0.5702      7.940   161.9400 1.9322e+00    13.1405      4.499      6.525    11.4934 0.0000e+00
      4.591      0.017     5.3922     49.654     45.931  33.526339     0.6108      7.940   162.2467 1.9147e+00    13.1266      4.502      6.530    11.4958 0.0000e+00
      4.595      0.019     5.4039     49.667     45.958  33.543643     0.6066      7.940   162.4895 1.9027e+00    13.0231      4.505      6.535    11.4982 0.0000e+00
      4.602      0.019     5.4111     49.575     45.938  33.526345     0.5779      7.940   162.7255 1.8729e+00    12.9481      4.512      6.545    11.4980 0.0000e+00
      4.610      0.017     5.4085     49.437     45.917  33.507522     0.5729      7.940   163.1209 1.8250e+00    13.0051      4.521      6.557    11.4971 0.0000e+00
      4.616      0.012     5.4107     49.379     45.920  33.506388     0.5952      7.940   163.6573 1.8035e+00    13.0975      4.528      6.567    11.4942 0.0000e+00
      4.618      0.007     5.4218     49.412     45.930  33.512628     0.6058      7.939   164.0473 1.7986e+00    13.1095      4.530      6.570    11.4908 0.0000e+00
      4.618      0.002     5.4072     49.512     45.939  33.519525     0.5771      7.938   164.3095 1.7966e+00    12.9785      4.529      6.569    11.4884 0.0000e+00
      4.615     -0.001     5.3849     49.646     45.947  33.526342     0.5138      7.938   164.5910 1.8115e+00    12.7780      4.526      6.565    11.4841 0.0000e+00
      4.612     -0.001     5.3818     49.768     45.956  33.531599     0.4902      7.938   164.9549 1.8207e+00    12.7350      4.523      6.560    11.4797 0.0000e+00
      4.610     -0.001     5.3855     49.882     45.942  33.519649     0.5248      7.938   165.3534 1.8105e+00    12.7992      4.520      6.555    11.4785 0.0000e+00
      4.610      0.000     5.3974     50.022     45.928  33.508740     0.5328      7.938   165.7101 1.7937e+00    12.7687      4.519      6.555    11.4798 0.0000e+00
      4.614      0.001     5.4145     50.177     45.948  33.526581     0.5032      7.939   165.9982 1.7842e+00    12.6740      4.526      6.565    11.4812 0.0000e+00
      4.617      0.004     5.4277     50.320     45.964  33.545037     0.4913      7.939   166.2559 1.7995e+00    12.6440      4.532      6.573    11.4810 0.0000e+00
      4.615      0.007     5.4377     50.440     45.952  33.541557     0.5138      7.938   166.5887 1.8161e+00    12.7140      4.527      6.566    11.4776 0.0000e+00
      4.613      0.009     5.4548     50.500     45.958  33.547957     0.5427      7.937   166.9243 1.8041e+00    12.7693      4.521      6.556    11.4745 0.0000e+00
      4.616      0.009     5.4726     50.460     45.974  33.558981     0.5322      7.937   167.2164 1.7778e+00    12.6982      4.524      6.562    11.4795 0.0000e+00
      4.623      0.010     5.4862     50.345     45.959  33.547958     0.5034      7.937   167.4531 1.7505e+00    12.6735      4.534      6.575    11.4892 0.0000e+00
      4.629      0.011     5.5002     50.198     45.948  33.541567     0.4954      7.937   167.7213 1.7381e+00    12.7437      4.541      6.585    11.4953 0.0000e+00
      4.631      0.012     5.5092     50.030     45.951  33.545150     0.4926      7.937   168.1367 1.7390e+00    12.6929      4.543      6.589    11.4968 0.0000e+00
      4.631      0.012     5.5041     49.877     45.927  33.527839     0.5027      7.937   168.5169 1.7380e+00    12.6057      4.542      6.588    11.4945 0.0000e+00
      4.631      0.013     5.4881     49.783     45.923  33.522590     0.5262      7.937   168.7051 1.7359e+00    12.6113      4.541      6.584    11.4942 0.0000e+00
      4.634      0.015     5.4733     49.773     45.959  33.545140     0.5442      7.937   168.8646 1.7236e+00    12.6923      4.543      6.587    11.4974 0.0000e+00
      4.639      0.019     5.4526     49.863     45.965  33.546700     0.5707      7.937   169.1536 1.6946e+00    12.8344      4.550      6.598    11.4994 0.0000e+00
      4.646      0.020     5.4336     50.039     45.964  33.541444     0.6042      7.936   169.4462 1.6571e+00    12.9634      4.557      6.608    11.4994 0.0000e+00
      4.654      0.020     5.4238     50.269     45.978  33.545028     0.6160      7.936   169.7348 1.6236e+00    12.9873      4.564      6.620    11.4965 0.0000e+00
      4.661      0.018     5.4217     50.545     45.961  33.526581     0.5887      7.936   170.1478 1.6087e+00    12.8839      4.572      6.632    11.4919 0.0000e+00
      4.666      0.015     5.4326     50.865     45.944  33.508741     0.5580      7.936   170.5689 1.6071e+00    12.8750      4.576      6.638    11.4885 0.0000e+00
      4.667      0.013     5.4544     51.205     45.966  33.519653     0.5523      7.937   170.7821 1.6023e+00    13.0171      4.577      6.639    11.4842 0.0000e+00
      4.668      0.012     5.4803     51.514     45.989  33.531613     0.5371      7.937   170.9196 1.5966e+00    13.0310      4.577      6.638    11.4766 0.0000e+00
      4.670      0.012     5.5109     51.763     45.989  33.526460     0.5159      7.937   171.1980 1.5929e+00    12.9063      4.579      6.641    11.4692 0.0000e+00
      4.673      0.014     5.5474     51.983     45.988  33.520787     0.5123      7.937   171.4806 1.5873e+00    12.8407      4.582      6.646    11.4641 0.0000e+00
      4.677      0.018     5.5874     52.197     46.000  33.526461     0.5259      7.936   171.6697 1.5699e+00    12.9547      4.586      6.652    11.4590 0.0000e+00
      4.682      0.021     5.6243     52.411     46.010  33.531616     0.5475      7.936   171.8504 1.5416e+00    13.1925      4.591      6.659    11.4528 0.0000e+00
      4.688      0.022     5.6493     52.618     45.997  33.519666     0.5406      7.936   172.1154 1.5225e+00    13.2555      4.597      6.668    11.4471 0.0000e+00
      4.695      0.022     5.6735     52.836     45.985  33.508870     0.5088      7.936   172.3791 1.5030e+00    13.1369      4.604      6.678    11.4419 0.0000e+00
      4.702      0.022     5.6970     53.095     46.014  33.527960     0.4795      7.936   172.5439 1.4765e+00    13.0222      4.612      6.689    11.4385 0.0000e+00
      4.708      0.021     5.7211     53.360     46.059  33.560146     0.4690      7.935   172.7315 1.4594e+00    12.9609      4.618      6.698    11.4368 0.0000e+00
      4.711      0.021     5.7441     53.583     46.087  33.580805     0.4816      7.935   173.0124 1.4425e+00    13.0111      4.620      6.701    11.4343 0.0000e+00
      4.715      0.020     5.7647     53.723     46.095  33.587415     0.4735      7.936   173.3591 1.4233e+00    13.0141      4.623      6.705    11.4314 0.0000e+00
      4.721      0.019     5.7964     53.777     46.079  33.576618     0.4460      7.936   173.6535 1.4138e+00    12.8956      4.629      6.714    11.4300 0.0000e+00
      4.727      0.019     5.8272     53.762     46.078  33.577148     0.4499      7.936   173.8186 1.4011e+00    12.8414      4.636      6.724    11.4289 0.0000e+00
      4.732      0.018     5.8530     53.687     46.099  33.593827     0.4781      7.936   173.9793 1.3861e+00    12.8713      4.642      6.732    11.4284 0.0000e+00
      4.737      0.017     5.8691     53.572     46.088  33.587955     0.4960      7.935   174.2201 1.3847e+00    12.8812      4.645      6.738    11.4295 0.0000e+00
      4.741      0.015     5.8721     53.428     46.059  33.569599     0.4826      7.935   174.5788 1.3799e+00    12.8242      4.649      6.743    11.4314 0.0000e+00
      4.744      0.013     5.8724     53.286     46.049  33.562214     0.4495      7.935   175.0472 1.3672e+00    12.7288      4.652      6.747    11.4323 0.0000e+00
      4.746      0.013     5.8612     53.180     46.050  33.562110     0.4540      7.935   175.4098 1.3611e+00    12.7188      4.654      6.750    11.4333 0.0000e+00
      4.749      0.013     5.8490     53.096     46.059  33.568340     0.4868      7.934   175.6071 1.3507e+00    12.8064      4.657      6.755    11.4366 0.0000e+00
      4.753      0.015     5.8320     53.032     46.067  33.574103     0.4966      7.934   175.7984 1.3292e+00    12.8649      4.661      6.760    11.4396 0.0000e+00
      4.755      0.018     5.8132     53.001     46.061  33.568336     0.4975      7.935   176.0017 1.3111e+00    12.8116      4.663      6.764    11.4396 0.0000e+00
      4.759      0.019     5.8047     52.978     46.056  33.562058     0.4979      7.935   176.2572 1.2964e+00    12.7418      4.666      6.767    11.4372 0.0000e+00
      4.764      0.019     5.7952     52.942     46.060  33.561642     0.5014      7.934   176.5655 1.2677e+00    12.8077      4.671      6.773    11.4366 0.0000e+00
      4.773      0.015     5.7864     52.919     46.066  33.563307     0.5227      7.933   176.8045 1.2352e+00    12.8909      4.681      6.788    11.4380 0.0000e+00
      4.782      0.010     5.7847     52.924     46.091  33.582179     0.5307      7.933   176.9098 1.2213e+00    12.8253      4.693      6.806    11.4370 0.0000e+00
      4.786      0.007     5.7848     52.965     46.112  33.599492     0.4904      7.933   176.9783 1.2382e+00    12.6635      4.697      6.812    11.4335 0.0000e+00
      4.781      0.005     5.7785     53.026     46.085  33.582304     0.4430      7.932   177.2020 1.2710e+00    12.5743      4.689      6.801    11.4295 0.0000e+00
      4.773      0.005     5.7769     53.060     46.060  33.564691     0.4485      7.932   177.4639 1.2707e+00    12.6357      4.678      6.786    11.4263 0.0000e+00
      4.772      0.006     5.7763     53.026     46.077  33.576868     0.4833      7.932   177.6489 1.2416e+00    12.6885      4.677      6.784    11.4267 0.0000e+00
      4.779      0.009     5.7810     52.953     46.113  33.602652     0.4978      7.932   177.8902 1.2213e+00    12.6310      4.687      6.796    11.4306 0.0000e+00
      4.788      0.014     5.7895     52.902     46.139  33.622659     0.4896      7.932   178.1452 1.2168e+00    12.5900      4.698      6.813    11.4328 0.0000e+00
      4.793      0.019     5.7954     52.864     46.144  33.628435     0.4755      7.932   178.4088 1.2207e+00    12.6023      4.703      6.821    11.4330 0.0000e+00
      4.793      0.021     5.7911     52.824     46.115  33.609044     0.4688      7.931   178.6683 1.2152e+00    12.6097      4.699      6.816    11.4328 0.0000e+00
      4.794      0.020     5.7778     52.805     46.073  33.578544     0.4919      7.931   178.7881 1.1939e+00    12.6104      4.699      6.815    11.4319 0.0000e+00
      4.802      0.019     5.7750     52.827     46.070  33.576890     0.5301      7.931   178.9957 1.1714e+00    12.6110      4.708      6.829    11.4323 0.0000e+00
      4.813      0.021     5.7710     52.913     46.083  33.589049     0.5481      7.931   179.3714 1.1630e+00    12.6512      4.722      6.848    11.4354 0.0000e+00
      4.819      0.027     5.7642     53.033     46.092  33.598673     0.5521      7.932   179.6319 1.1612e+00    12.7547      4.729      6.858    11.4384 0.0000e+00
      4.820      0.035     5.7630     53.150     46.134  33.629808     0.5444      7.933   179.7359 1.1418e+00    12.8717      4.727      6.856    11.4377 0.0000e+00
      4.822      0.041     5.7626     53.251     46.167  33.648275     0.5218      7.933   179.8551 1.1012e+00    12.9391      4.725      6.852    11.4370 0.0000e+00
      4.833      0.046     5.7737     53.316     46.157  33.631609     0.4956      7.932   180.0409 1.0619e+00    12.9200      4.736      6.867    11.4407 0.0000e+00
      4.854      0.047     5.7883     53.342     46.152  33.618620     0.4934      7.932   180.1749 1.0297e+00    12.9137      4.759      6.902    11.4465 0.0000e+00
      4.877      0.046     5.8000     53.368     46.160  33.618111     0.5288      7.932   180.1841 9.9515e-01    12.9651      4.785      6.940    11.4482 0.0000e+00
      4.893      0.045     5.8137     53.418     46.174  33.625450     0.5729      7.932   180.2388 9.7316e-01    12.9276      4.803      6.967    11.4408 0.0000e+00
      4.897      0.042     5.8227     53.519     46.199  33.643906     0.5864      7.932   180.4921 9.8188e-01    12.7678      4.805      6.970    11.4286 0.0000e+00
      4.896      0.039     5.8245     53.682     46.204  33.650921     0.5669      7.933   180.7513 9.8328e-01    12.6385      4.799      6.961    11.4180 0.0000e+00
      4.901      0.037     5.8276     53.837     46.198  33.646836     0.5626      7.934   180.9640 9.4688e-01    12.6621      4.801      6.965    11.4109 0.0000e+00
      4.916      0.037     5.8338     53.957     46.218  33.657957     0.5844      7.935   181.2566 9.0161e-01    12.7460      4.819      6.990    11.4065 0.0000e+00
      4.933      0.036     5.8411     54.077     46.223  33.658488     0.5801      7.934   181.5358 8.6290e-01    12.7638      4.840      7.019    11.4080 0.0000e+00
      4.948      0.032     5.8638     54.211     46.218  33.653250     0.5523      7.933   181.6731 8.3984e-01    12.7064      4.856      7.041    11.4148 0.0000e+00
      4.955      0.027     5.8818     54.357     46.224  33.658074     0.5399      7.932   181.7120 8.4404e-01    12.6334      4.863      7.053    11.4152 0.0000e+00
      4.955      0.021     5.8923     54.483     46.217  33.653365     0.5543      7.932   181.8347 8.5880e-01    12.6666      4.860      7.048    11.4089 0.0000e+00
      4.954      0.016     5.9072     54.557     46.225  33.659759     0.5937      7.932   182.1240 8.5209e-01    12.7663      4.856      7.043    11.4043 0.0000e+00
      4.957      0.015     5.9206     54.592     46.240  33.671943     0.5998      7.932   182.3696 8.3484e-01    12.7461      4.859      7.049    11.4029 0.0000e+00
      4.963      0.015     5.9383     54.597     46.238  33.673788     0.5616      7.932   182.5672 8.3219e-01    12.6280      4.866      7.057    11.4038 0.0000e+00
      4.970      0.016     5.9543     54.584     46.244  33.682065     0.5556      7.932   182.8789 8.2237e-01    12.6358      4.875      7.070    11.4051 0.0000e+00
      4.976      0.016     5.9603     54.565     46.277  33.708590     0.5951      7.931   183.1270 8.0636e-01    12.8399      4.882      7.080    11.4053 0.0000e+00
      4.979      0.015     5.9642     54.521     46.321  33.740725     0.6311      7.930   183.2440 8.0670e-01    13.0462      4.884      7.083    11.4067 0.0000e+00
      4.980      0.015     5.9641     54.446     46.342  33.753376     0.6321      7.930   183.3475 8.1277e-01    13.0464      4.883      7.084    11.4103 0.0000e+00
      4.981      0.016     5.9604     54.373     46.322  33.734658     0.6159      7.931   183.5171 8.1122e-01    12.8761      4.883      7.083    11.4148 0.0000e+00
      4.985      0.018     5.9597     54.338     46.284  33.704734     0.6107      7.931   183.7470 7.9314e-01    12.7297      4.888      7.089    11.4185 0.0000e+00
      4.992      0.020     5.9550     54.370     46.292  33.708798     0.6181      7.931   183.8896 7.6746e-01    12.7108      4.895      7.099    11.4194 0.0000e+00
      5.000      0.022     5.9458     54.484     46.311  33.720346     0.6396      7.931   184.0363 7.4974e-01    12.7850      4.903      7.112    11.4156 0.0000e+00
