Data/DataNotYetUploadedToEDI/Raw_CTD/RawDownloads/071425_fcr10_S7809002.cnv
* Sea-Bird SBE19plus  Data File:
* FileName = C:\R\Reservoirs\Data\DataNotYetUploadedToEDI\Raw_CTD\RawDownloads\071425_fcr50_S7809_0002.hex
* Software version 2.8.0.119
* Temperature SN = 7809
* Conductivity SN = 7809
* System UpLoad Time = Jul 14 2025 17:13:24
* <ApplicationData>
* <Seaterm232>
# nquan = 15
# nvalues = 1878                        
# units = specified
# name 0 = depFM: Depth [fresh water, m]
# name 1 = dz/dtM: Descent Rate [m/s]
# name 2 = sbeox0Mg/L: Oxygen, SBE 43 [mg/l]
# name 3 = sbeox0PS: Oxygen, SBE 43 [% saturation]
# name 4 = specc: Specific Conductance [uS/cm]
# name 5 = c0uS/cm: Conductivity [uS/cm]
# name 6 = flECO-AFL: Fluorescence, WET Labs ECO-AFL/FL [mg/m^3]
# name 7 = ph: pH
# name 8 = orp: Oxidation Reduction Potential [mV]
# name 9 = par/sat/log: PAR/Logarithmic, Satlantic
# name 10 = turbWETntu0: Turbidity, WET Labs ECO [NTU]
# name 11 = prdM: Pressure, Strain Gauge [db]
# name 12 = prdE: Pressure, Strain Gauge [psi]
# name 13 = tv290C: Temperature [ITS-90, deg C]
# name 14 = flag:  0.000e+00
# span 0 =     -0.635,      2.396       
# span 1 =     -0.372,      0.161       
# span 2 =     0.0135,     8.8467       
# span 3 =      0.157,    111.839       
# span 4 =      0.515,     99.787       
# span 5 =   0.581954,  88.577103       
# span 6 =    -0.9933,    33.3637       
# span 7 =     -1.882,      8.988       
# span 8 = -1240.7455,   211.4167       
# span 9 = 1.2342e-01, 2.4123e+03       
# span 10 =    -1.4691,   196.1909      
# span 11 =     -0.623,      2.351      
# span 12 =     -0.904,      3.409      
# span 13 =    19.1491,    31.5913      
# span 14 = 0.0000e+00, 0.0000e+00      
# interval = seconds: 0.25
# start_time = Jul 14 2025 12:03:06 [Instrument's time stamp, header]
# bad_flag = -9.990e-29
*END*
[from data line 1639]
      2.352      0.000     0.0267      0.281     91.971  81.381054     2.7889      8.553   -86.4784 1.8507e-01     8.6618      2.306      3.344    19.2448 0.0000e+00
      2.352      0.001     0.0261      0.281     92.291  81.662290     2.7235      8.553   -86.7061 1.9472e-01     8.6488      2.307      3.345    19.2431 0.0000e+00
      2.352      0.001     0.0235      0.280     92.498  81.842196     2.7183      8.554   -86.8571 2.0650e-01     8.6588      2.307      3.345    19.2411 0.0000e+00
      2.352      0.001     0.0242      0.284     92.786  82.093611     2.7512      8.555   -86.9283 2.1402e-01     8.7151      2.306      3.345    19.2393 0.0000e+00
      2.352      0.002     0.0270      0.276     93.291  82.539860     2.7547      8.556   -86.9645 2.1412e-01     8.8166      2.307      3.345    19.2384 0.0000e+00
      2.353      0.002     0.0257      0.271     93.641  82.849582     2.7107      8.556   -87.0364 2.1332e-01     8.8613      2.308      3.347    19.2373 0.0000e+00
      2.354      0.003     0.0252      0.279     93.715  82.912967     2.6610      8.557   -87.1089 2.0455e-01     8.8115      2.308      3.348    19.2351 0.0000e+00
      2.354      0.003     0.0272      0.288     93.730  82.924647     2.6450      8.559   -86.9809 1.9649e-01     8.7606      2.309      3.349    19.2331 0.0000e+00
      2.355      0.003     0.0254      0.291     93.662  82.863607     2.6586      8.559   -86.7801 2.0218e-01     8.7588      2.309      3.349    19.2326 0.0000e+00
      2.356      0.003     0.0241      0.289     93.745  82.938116     2.6835      8.559   -87.1753 2.0051e-01     8.7893      2.311      3.351    19.2334 0.0000e+00
      2.356      0.003     0.0261      0.286     94.027  83.189549     2.6964      8.560   -88.2320 1.8970e-01     8.8216      2.311      3.352    19.2328 0.0000e+00
      2.357      0.003     0.0268      0.287     94.218  83.359719     2.6977      8.560   -89.4034 1.7881e-01     8.8430      2.312      3.353    19.2309 0.0000e+00
      2.357      0.003     0.0269      0.290     94.340  83.469250     2.7164      8.559   -90.4979 1.6863e-01     8.7751      2.312      3.353    19.2304 0.0000e+00
      2.358      0.003     0.0271      0.290     94.440  83.559883     2.7474      8.559   -91.4853 1.6648e-01     8.6153      2.312      3.355    19.2311 0.0000e+00
      2.360      0.004     0.0259      0.290     94.445  83.565149     2.7639      8.560   -92.4796 1.5837e-01     8.5157      2.314      3.357    19.2328 0.0000e+00
      2.360      0.005     0.0265      0.292     94.337  83.469329     2.7832      8.560   -93.4857 1.4713e-01     8.5618      2.315      3.357    19.2335 0.0000e+00
      2.361      0.005     0.0269      0.288     94.210  83.355323     2.7981      8.560   -94.4437 1.4643e-01     8.6603      2.314      3.357    19.2338 0.0000e+00
      2.364      0.005     0.0268      0.282     94.185  83.331512     2.7783      8.559   -95.4595 1.4663e-01     8.6134      2.318      3.362    19.2349 0.0000e+00
      2.366      0.005     0.0263      0.284     94.231  83.372227     2.7516      8.558   -96.4749 1.4635e-01     8.4379      2.321      3.366    19.2354 0.0000e+00
      2.367      0.004     0.0273      0.295     94.262  83.402411     2.7493      8.558   -97.5139 1.5355e-01     8.3157      2.321      3.366    19.2355 0.0000e+00
      2.368      0.003     0.0270      0.318     94.301  83.442073     2.7517      8.558   -98.6441 1.5706e-01     8.3655      2.322      3.368    19.2347 0.0000e+00
      2.368      0.002     0.0252      0.335     94.399  83.533785     2.7389      8.558   -99.7293 1.4889e-01     8.5278      2.322      3.368    19.2335 0.0000e+00
      2.368      0.002     0.0263      0.322     94.494  83.620890     2.7279      8.559  -100.8266 1.4961e-01     8.6045      2.323      3.369    19.2332 0.0000e+00
      2.369      0.002     0.0265      0.304     94.402  83.541254     2.7349      8.559  -102.0172 1.5111e-01     8.6097      2.323      3.369    19.2346 0.0000e+00
      2.369      0.002     0.0292      0.315     94.169  83.334113     2.7724      8.559  -103.1116 1.3666e-01     8.5903      2.323      3.369    19.2375 0.0000e+00
      2.370      0.002     0.0328      0.339     94.038  83.215168     2.8074      8.560  -104.1640 1.2684e-01     8.5065      2.324      3.371    19.2405 0.0000e+00
      2.370      0.002     0.0299      0.343     94.009  83.184287     2.8004      8.560  -105.3643 1.3807e-01     8.4503      2.325      3.371    19.2425 0.0000e+00
      2.370      0.002     0.0263      0.323     93.981  83.151528     2.7705      8.560  -106.6104 1.4911e-01     8.3549      2.325      3.371    19.2431 0.0000e+00
      2.371      0.002     0.0287      0.291     94.047  83.200661     2.7542      8.560  -107.8735 1.3910e-01     8.2419      2.325      3.372    19.2430 0.0000e+00
      2.371      0.002     0.0323      0.276     94.279  83.396739     2.7610      8.560  -109.1078 1.2873e-01     8.2790      2.325      3.372    19.2416 0.0000e+00
      2.372      0.002     0.0325      0.281     94.534  83.614293     2.7701      8.560  -110.1767 1.3133e-01     8.4275      2.326      3.373    19.2384 0.0000e+00
      2.372      0.002     0.0305      0.300     94.746  83.795876     2.7725      8.560  -111.1607 1.3441e-01     8.5347      2.327      3.374    19.2343 0.0000e+00
      2.373      0.003     0.0260      0.324     94.982  84.002216     2.7730      8.560  -111.9707 1.2941e-01     8.5162      2.327      3.375    19.2291 0.0000e+00
      2.374      0.003     0.0247      0.331     95.207  84.201083     2.7685      8.560  -112.7436 1.2406e-01     8.4086      2.328      3.376    19.2236 0.0000e+00
      2.375      0.003     0.0259      0.325     95.381  84.355903     2.7596      8.560  -114.3975 1.2360e-01     8.2931      2.329      3.378    19.2190 0.0000e+00
      2.375      0.003     0.0269      0.316     95.512  84.474873     2.7568      8.560  -117.1687 1.2359e-01     8.2804      2.329      3.378    19.2164 0.0000e+00
      2.376      0.002     0.0313      0.316     95.603  84.558301     2.7759      8.560  -120.0935 1.2356e-01     8.3919      2.330      3.379    19.2150 0.0000e+00
      2.376      0.002     0.0307      0.328     95.650  84.601380     2.8237      8.561  -122.8309 1.2354e-01     8.5141      2.330      3.380    19.2149 0.0000e+00
      2.377      0.002     0.0301      0.325     95.666  84.614116     2.8696      8.562  -125.4870 1.2389e-01     8.5627      2.331      3.381    19.2160 0.0000e+00
      2.377      0.002     0.0291      0.311     95.710  84.648688     2.8728      8.562  -127.7739 1.2427e-01     8.5008      2.331      3.381    19.2170 0.0000e+00
      2.378      0.002     0.0279      0.306     95.777  84.701368     2.8542      8.562  -129.8318 1.2407e-01     8.3806      2.332      3.382    19.2189 0.0000e+00
      2.378      0.001     0.0315      0.317     95.833  84.742222     2.8439      8.562  -131.9557 1.2463e-01     8.4417      2.332      3.383    19.2203 0.0000e+00
      2.378      0.001     0.0302      0.324     95.937  84.824619     2.8407      8.562  -134.0095 1.2540e-01     8.7268      2.332      3.382    19.2193 0.0000e+00
      2.379      0.002     0.0284      0.299     96.070  84.934354     2.8487      8.564  -135.7356 1.2447e-01     8.9581      2.333      3.383    19.2171 0.0000e+00
      2.379      0.002     0.0275      0.281     96.135  84.987739     2.8644      8.566  -137.2522 1.2352e-01     9.0185      2.333      3.384    19.2141 0.0000e+00
      2.379      0.002     0.0289      0.296     96.181  85.024854     2.8904      8.566  -138.8386 1.2346e-01     8.9786      2.333      3.383    19.2093 0.0000e+00
      2.380      0.002     0.0323      0.313     96.304  85.128680     2.9210      8.565  -140.3763 1.2351e-01     8.9198      2.334      3.384    19.2033 0.0000e+00
      2.381      0.002     0.0270      0.321     96.491  85.289010     2.9267      8.565  -141.7334 1.2356e-01     8.8886      2.335      3.386    19.1989 0.0000e+00
      2.381      0.002     0.0240      0.326     96.661  85.436847     2.8922      8.566  -143.1163 1.2354e-01     8.8057      2.334      3.386    19.1976 0.0000e+00
      2.382      0.002     0.0279      0.331     96.829  85.580438     2.8372      8.568  -144.7071 1.2353e-01     8.6697      2.335      3.387    19.1967 0.0000e+00
      2.383      0.002     0.0293      0.351     97.030  85.753019     2.8024      8.568  -146.9426 1.2354e-01     8.6104      2.336      3.389    19.1929 0.0000e+00
      2.383      0.003     0.0295      0.379     97.238  85.933332     2.8134      8.568  -152.1640 1.2351e-01     8.6693      2.337      3.390    19.1899 0.0000e+00
      2.383      0.003     0.0307      0.374     97.433  86.106785     2.8289      8.568  -159.0540 1.2349e-01     8.7326      2.337      3.390    19.1897 0.0000e+00
      2.384      0.003     0.0299      0.346     97.603  86.260020     2.7983      8.568  -162.4502 1.2352e-01     8.5555      2.338      3.391    19.1876 0.0000e+00
      2.385      0.003     0.0314      0.332     97.957  86.577534     2.7426      8.569  -162.8555 1.2352e-01     8.2015      2.339      3.392    19.1838 0.0000e+00
      2.386      0.003     0.0369      0.332     98.452  87.019757     2.7127      8.571  -163.0081 1.2348e-01     8.0405      2.340      3.394    19.1819 0.0000e+00
      2.387      0.003     0.0357      0.331     98.673  87.217784     2.7031      8.572  -163.5208 1.2345e-01     8.0772      2.341      3.395    19.1824 0.0000e+00
      2.388      0.003     0.0308      0.336     98.647  87.190787     2.6933      8.573  -164.4941 1.2344e-01     8.1332      2.342      3.396    19.1848 0.0000e+00
      2.389      0.003     0.0301      0.342     98.599  87.138607     2.7198      8.573  -165.6569 1.2345e-01     8.2051      2.343      3.398    19.1870 0.0000e+00
      2.390      0.003     0.0312      0.340     98.639  87.159370     2.7822      8.573  -166.6530 1.2348e-01     8.2979      2.343      3.398    19.1894 0.0000e+00
      2.391      0.002     0.0300      0.335     98.757  87.250977     2.8061      8.572  -167.2452 1.2348e-01     8.2643      2.344      3.400    19.1918 0.0000e+00
      2.391      0.002     0.0309      0.334     98.962  87.419250     2.7928      8.572  -167.7407 1.2351e-01     8.1061      2.344      3.400    19.1903 0.0000e+00
      2.391      0.002     0.0323      0.351     99.258  87.667225     2.7880      8.573  -168.4291 1.2351e-01     8.0241      2.344      3.400    19.1844 0.0000e+00
      2.392      0.002     0.0310      0.367     99.383  87.768301     2.7899      8.574  -169.2874 1.2349e-01     8.0939      2.345      3.402    19.1757 0.0000e+00
      2.392      0.002     0.0314      0.362     99.221  87.623533     2.7894      8.575  -170.2023 1.2355e-01     8.2326      2.345      3.402    19.1698 0.0000e+00
      2.392      0.002     0.0297      0.367     99.008  87.443562     2.7819      8.575  -171.1457 1.2364e-01     8.2997      2.346      3.403    19.1644 0.0000e+00
      2.393      0.002     0.0322      0.392     98.913  87.373459     2.7752      8.575  -172.0895 1.2361e-01     8.2567      2.347      3.404    19.1558 0.0000e+00
      2.393      0.002     0.0355      0.408     98.874  87.348466     2.7831      8.575  -173.0096 1.2353e-01     8.1564      2.347      3.404    19.1505 0.0000e+00
      2.393      0.001     0.0327      0.403     98.784  87.268603     2.7941      8.575  -174.0116 1.2354e-01     8.0781      2.347      3.404    19.1491 0.0000e+00
      2.394      0.001     0.0329      0.389     98.606  87.107569     2.7835      8.576  -175.0846 1.2355e-01     8.0271      2.347      3.405    19.1537 0.0000e+00
      2.395      0.001     0.0370      0.375     98.400  86.928095     2.7718      8.577  -176.0876 1.2349e-01     8.0186      2.348      3.406    19.1634 0.0000e+00
      2.395      0.001     0.0386      0.371     98.262  86.816107     2.7853      8.578  -176.9330 1.2344e-01     8.1121      2.348      3.406    19.1696 0.0000e+00
      2.395      0.001     0.0373      0.386     98.203  86.771316     2.8137      8.579  -177.6483 1.2344e-01     8.2347      2.348      3.406    19.1678 0.0000e+00
      2.395      0.001     0.0361      0.396     98.195  86.768211     2.8240      8.579  -178.4552 1.2353e-01     8.3056      2.348      3.406    19.1627 0.0000e+00
      2.395      0.000     0.0346      0.388     98.197  86.778562     2.8349      8.579  -179.3764 1.2358e-01     8.3198      2.349      3.407    19.1646 0.0000e+00
      2.395      0.000     0.0332      0.381     98.168  86.769269     2.8789      8.580  -180.1822 1.2355e-01     8.3388      2.349      3.407    19.1720 0.0000e+00
      2.395      0.001     0.0358      0.389     98.163  86.783094     2.9063      8.581  -180.8846 1.2348e-01     8.3637      2.349      3.407    19.1760 0.0000e+00
      2.395      0.001     0.0376      0.406     98.192  86.818516     2.8915      8.582  -181.5016 1.2342e-01     8.3135      2.349      3.407    19.1762 0.0000e+00
      2.395      0.001     0.0357      0.406     98.191  86.815909     2.8748      8.583  -181.9650 1.2345e-01     8.2790      2.349      3.408    19.1797 0.0000e+00
      2.395      0.001     0.0347      0.377     98.127  86.751567     2.8881      8.584  -182.3572 1.2355e-01     8.3564      2.349      3.407    19.1896 0.0000e+00
      2.396      0.001     0.0355      0.354     97.979  86.613040     2.9266      8.585  -182.7158 1.2360e-01     8.4975      2.350      3.408    19.2006 0.0000e+00
      2.396      0.001     0.0380      0.353     97.759  86.413184     2.9487      8.585  -183.3759 1.2355e-01     8.5845      2.350      3.409    19.2066 0.0000e+00
      2.396      0.000     0.0391      0.343     96.853  85.607310     2.9309      8.586  -185.6062 1.2348e-01     8.5540      2.350      3.408    19.2045 0.0000e+00
      2.396     -0.004     0.0344      0.322     93.950  83.039032     2.8952      8.589  -189.0326 1.2349e-01     8.5048      2.351      3.409    19.1982 0.0000e+00
      2.396     -0.012     0.0309      0.310     89.613  79.209952     2.8752      8.591  -190.9908 1.2354e-01     8.5018      2.350      3.408    19.1945 0.0000e+00
      2.396     -0.024     0.0338      0.296     86.092  76.130354     2.8721      8.588  -191.1288 1.2355e-01     8.4842      2.350      3.408    19.1922 0.0000e+00
      2.393     -0.038     0.0322      0.289     83.777  74.162731     2.8575      8.588  -190.9591 1.2360e-01     8.4968      2.349      3.407    19.1894 0.0000e+00
      2.382     -0.050     0.0289      0.304     82.155  72.839069     2.7824      8.594  -190.6598 1.2422e-01     8.8249      2.340      3.394    19.1887 0.0000e+00
      2.361     -0.058     0.0290      0.318     81.452  72.331539     2.6634      8.607  -190.1772 1.3087e-01     9.4446      2.318      3.360    19.1860 0.0000e+00
      2.337     -0.061     0.0276      0.312     81.222  72.221875     2.5917      8.619  -189.8552 2.0395e-01     9.8414      2.291      3.323    19.1980 0.0000e+00
      2.317     -0.058     0.0250      0.299     80.562  71.703955     2.6223      8.628  -189.6925 3.8031e-01    10.2758      2.270      3.293    19.2503 0.0000e+00
      2.302     -0.053     0.0284      0.278     79.531  70.836678     3.3828      8.634  -189.5871 6.1087e-01    15.4818      2.254      3.269    19.3272 0.0000e+00
      2.293     -0.052     0.0305      0.250     79.261  70.634387     4.8378      8.641  -189.1823 9.9382e-01    25.2709      2.246      3.258    19.4014 0.0000e+00
      2.288     -0.062     0.0282      0.215     80.252  71.546326     5.6577      8.648  -188.4121 1.8534e+00    30.7340      2.244      3.254    19.4609 0.0000e+00
      2.283     -0.087     0.0282      0.180     81.670  72.837084     5.7134      8.650  -187.6745 3.2671e+00    30.9115      2.240      3.249    19.5019 0.0000e+00
