Data/DataNotYetUploadedToEDI/Raw_CTD/RawDownloads/071425_bvr50_S8188001.cnv
* Sea-Bird SBE19plus  Data File:
* FileName = C:\R\Reservoirs\Data\DataNotYetUploadedToEDI\Raw_CTD\RawDownloads\071425_bvr50_S8188_0001.hex
* Software version 2.8.0.119
* Temperature SN = 8188
* Conductivity SN = 8188
* System UpLoad Time = Aug 21 2025 13:35:22
* <ApplicationData>
* <Seaterm232>
# nquan = 16
# nvalues = 2397                        
# units = specified
# name 0 = depFM: Depth [fresh water, m]
# name 1 = dz/dtM: Descent Rate [m/s]
# name 2 = sbeox0Mg/L: Oxygen, SBE 43 [mg/l]
# name 3 = sbeox0PS: Oxygen, SBE 43 [% saturation]
# name 4 = specc: Specific Conductance [uS/cm]
# name 5 = c0uS/cm: Conductivity [uS/cm]
# name 6 = wetCDOM: Fluorescence, WET Labs CDOM [mg/m^3]
# name 7 = flECO-AFL: Fluorescence, WET Labs ECO-AFL/FL [mg/m^3]
# name 8 = flECO-AFL1: Fluorescence, WET Labs ECO-AFL/FL, 2 [mg/m^3]
# name 9 = flECO-AFL2: Fluorescence, WET Labs ECO-AFL/FL, 3 [mg/m^3]
# name 10 = par/sat/log: PAR/Logarithmic, Satlantic
# name 11 = turbWETntu0: Turbidity, WET Labs ECO [NTU]
# name 12 = prdM: Pressure, Strain Gauge [db]
# name 13 = prdE: Pressure, Strain Gauge [psi]
# name 14 = tv290C: Temperature [ITS-90, deg C]
# name 15 = flag:  0.000e+00
# span 0 =     -0.696,      5.966       
# span 1 =     -0.154,      0.139       
# span 2 =     0.0326,     9.7915       
# span 3 =      0.307,    123.735       
# span 4 =   -635.663,    328.727       
# span 5 =-507.491213, 242.657612       
# span 6 =    -4.5000,    55.8900       
# span 7 =    -2.6306,   245.1530       
# span 8 =    -2.1300,     1.0224       
# span 9 =    -6.8526,     9.2637       
# span 10 = 1.1580e-01, 1.7531e+03      
# span 11 =    -7.9836,   971.0642      
# span 12 =     -0.683,      5.851      
# span 13 =     -0.989,      8.487      
# span 14 =    11.9031,    27.3995      
# span 15 = 0.0000e+00, 0.0000e+00      
# interval = seconds: 0.25
# start_time = Jul 14 2025 09:01:00 [Instrument's time stamp, header]
# bad_flag = -9.990e-29
*END*
[from data line 543]
     -0.018     -0.088     8.0090    101.579     31.685  33.209814    20.7900     3.8239     0.1704     1.0575 7.0518e+02     6.3071     -0.018     -0.025    27.3965 0.0000e+00
     -0.045     -0.082     8.0113    101.660     31.699  33.224590    20.7900     3.8506     0.1704     1.0575 2.8421e+02     6.3977     -0.045     -0.064    27.3969 0.0000e+00
     -0.070     -0.069     8.0172    101.672     31.715  33.241482    20.7900     3.8506     0.1278     0.8037 8.9306e+02     6.5790     -0.068     -0.099    27.3975 0.0000e+00
     -0.087     -0.050     8.0263    101.623     31.721  33.247069    20.7900     3.8430     0.1278     0.8037 9.1110e+02     6.6092     -0.086     -0.124    27.3980 0.0000e+00
     -0.097     -0.028     8.0357    101.552     31.724  33.250806    20.7900     3.8163     0.1278     0.8037 9.1149e+02     6.6243     -0.096     -0.138    27.3984 0.0000e+00
     -0.100     -0.006     8.0420    101.489     31.721  33.247716    20.7900     3.8735     0.1278     0.8037 9.2707e+02     6.5186     -0.098     -0.142    27.3988 0.0000e+00
     -0.096      0.012     8.0429    101.455     31.704  33.229007    20.7900     4.1215     0.1704     0.9729 9.6741e+02     6.6847     -0.095     -0.137    27.3992 0.0000e+00
     -0.088      0.027     8.0390    101.455     31.691  33.215583    20.7900     4.1138     0.1704     0.9729 1.0566e+03     6.5639     -0.086     -0.125    27.3995 0.0000e+00
     -0.077      0.035     8.0334    101.485     31.686  33.209840    20.7900     4.0719     0.1704     0.9729 6.1389e+02     6.5337     -0.075     -0.109    27.3995 0.0000e+00
     -0.064      0.039     8.0285    101.541     31.677  33.200288    20.7900     4.1138     0.1704     0.9729 3.8443e+02     6.6847     -0.063     -0.091    27.3993 0.0000e+00
     -0.052      0.040     8.0258    101.604     31.675  33.198322    20.7900     4.0795     0.1704     0.9729 4.4739e+02     6.4128     -0.051     -0.074    27.3988 0.0000e+00
     -0.042      0.037     8.0259    101.651     31.686  33.209392    20.7900     4.0757     0.1278     0.8037 6.1376e+02     6.2920     -0.041     -0.059    27.3983 0.0000e+00
     -0.033      0.034     8.0283    101.682     31.691  33.214542    20.7900     4.0986     0.1278     0.8037 5.7627e+02     6.2316     -0.033     -0.047    27.3978 0.0000e+00
     -0.026      0.031     8.0328    101.696     31.688  33.211162    20.7900     4.0833     0.1278     0.8037 8.3688e+02     6.4733     -0.025     -0.036    27.3975 0.0000e+00
     -0.019      0.029     8.0378    101.687     31.681  33.204324    20.7900     4.0528     0.1278     0.8037 5.6413e+02     6.4128     -0.018     -0.027    27.3973 0.0000e+00
     -0.012      0.029     8.0416    101.656     31.666  33.188223    20.7900     4.0871     0.1278     0.8460 9.1248e+02     6.3675     -0.012     -0.017    27.3972 0.0000e+00
     -0.005      0.029     8.0440    101.606     31.651  33.172507    20.7900     4.1100     0.1278     0.8460 4.8421e+02     6.3675     -0.005     -0.007    27.3971 0.0000e+00
      0.002      0.029     8.0451    101.536     31.649  33.170911    20.7900     4.0795     0.1278     0.8460 8.5564e+02     6.4128      0.002      0.003    27.3972 0.0000e+00
      0.010      0.030     8.0444    101.467     31.657  33.179026    20.7900     3.9574     0.1278     0.8460 5.9705e+02     6.3675      0.010      0.014    27.3972 0.0000e+00
      0.018      0.029     8.0419    101.439     31.659  33.181090    20.7900     3.9689     0.1278     0.8460 3.2882e+02     6.4279      0.018      0.026    27.3973 0.0000e+00
      0.026      0.028     8.0380    101.464     31.646  33.167694    20.7900     3.9727     0.1278     0.8460 3.6221e+02     6.3826      0.026      0.038    27.3974 0.0000e+00
      0.034      0.027     8.0324    101.529     31.621  33.141242    20.7900     3.9346     0.1278     0.8460 4.8044e+02     6.3373      0.033      0.048    27.3976 0.0000e+00
      0.040      0.025     8.0270    101.612     31.597  33.116589    20.7900     3.9002     0.1278     0.8460 2.8279e+02     6.2467      0.040      0.057    27.3977 0.0000e+00
      0.046      0.023     8.0247    101.686     31.588  33.107080    20.7900     3.9231     0.1278     0.9306 4.9410e+02     6.3373      0.045      0.065    27.3977 0.0000e+00
      0.051      0.021     8.0267    101.736     31.583  33.102211    20.7900     3.9193     0.1278     0.9306 4.0934e+02     6.3373      0.051      0.073    27.3978 0.0000e+00
      0.056      0.019     8.0318    101.766     31.574  33.092716    20.7900     3.9155     0.1278     0.9306 5.3037e+02     6.3373      0.056      0.080    27.3978 0.0000e+00
      0.061      0.017     8.0383    101.772     31.573  33.091999    20.7900     3.9002     0.1278     0.9306 8.4291e+02     6.3373      0.060      0.087    27.3979 0.0000e+00
      0.066      0.016     8.0442    101.750     31.583  33.101860    20.7900     3.9040     0.1278     0.9306 5.0156e+02     6.3373      0.064      0.093    27.3980 0.0000e+00
      0.070      0.015     8.0481    101.707     31.595  33.114969    20.8800     3.8850     0.1704     1.0152 5.7527e+02     6.3675      0.068      0.099    27.3982 0.0000e+00
      0.073      0.014     8.0505    101.656     31.616  33.136815    20.8800     3.8850     0.1704     1.0152 5.1661e+02     6.4430      0.071      0.103    27.3983 0.0000e+00
      0.076      0.013     8.0510    101.611     31.628  33.149320    20.8800     4.0299     0.1704     1.0152 3.1245e+02     6.4128      0.074      0.108    27.3985 0.0000e+00
      0.079      0.013     8.0492    101.586     31.625  33.145861    20.8800     4.0452     0.1704     1.0152 4.1770e+02     6.3373      0.077      0.112    27.3987 0.0000e+00
      0.082      0.013     8.0458    101.581     31.624  33.145433    20.7900     4.0261     0.1704     0.8883 3.7920e+02     6.4128      0.080      0.117    27.3988 0.0000e+00
      0.085      0.013     8.0417    101.577     31.619  33.139954    20.7900     4.0604     0.1704     0.8883 4.5178e+02     6.3826      0.084      0.122    27.3989 0.0000e+00
      0.089      0.013     8.0382    101.565     31.606  33.125973    20.7900     4.0871     0.1704     0.8883 5.6560e+02     6.5639      0.087      0.126    27.3989 0.0000e+00
      0.092      0.012     8.0362    101.548     31.587  33.105736    20.7900     4.0948     0.1704     0.8883 5.6266e+02     6.3675      0.090      0.131    27.3989 0.0000e+00
      0.095      0.012     8.0358    101.526     31.568  33.085797    20.7900     4.0795     0.1704     0.8037 4.1498e+02     6.3977      0.093      0.135    27.3988 0.0000e+00
      0.098      0.012     8.0355    101.502     31.567  33.084742    20.7900     4.0871     0.1704     0.8037 3.7347e+02     6.3675      0.096      0.140    27.3987 0.0000e+00
      0.101      0.011     8.0346    101.485     31.576  33.094320    20.7900     4.1405     0.1704     0.8037 4.7525e+02     6.3977      0.099      0.144    27.3986 0.0000e+00
      0.104      0.010     8.0333    101.479     31.586  33.105136    20.7900     4.1329     0.1704     0.8037 4.5931e+02     6.2467      0.102      0.148    27.3985 0.0000e+00
      0.107      0.010     8.0315    101.484     31.600  33.120074    20.7900     4.1673     0.1278     0.9306 4.6291e+02     6.3675      0.105      0.152    27.3983 0.0000e+00
      0.109      0.009     8.0297    101.495     31.607  33.127184    20.7900     4.1558     0.1278     0.9306 4.0474e+02     6.4884      0.107      0.155    27.3981 0.0000e+00
      0.111      0.008     8.0283    101.514     31.605  33.124376    20.7900     4.2130     0.1278     0.9306 5.3465e+02     6.3675      0.109      0.158    27.3980 0.0000e+00
      0.113      0.008     8.0278    101.556     31.599  33.118871    20.7900     4.2283     0.1278     0.9306 5.1381e+02     6.3826      0.111      0.161    27.3979 0.0000e+00
      0.115      0.007     8.0282    101.626     31.590  33.109200    20.7900     4.2245     0.1278     0.9306 5.6733e+02     6.3977      0.113      0.163    27.3979 0.0000e+00
      0.117      0.007     8.0291    101.709     31.582  33.100751    20.7900     4.2092     0.1278     0.9306 4.8274e+02     6.3675      0.115      0.166    27.3978 0.0000e+00
      0.119      0.007     8.0307    101.779     31.571  33.089279    20.7900     4.0757     0.1278     0.9306 5.3014e+02     6.3222      0.117      0.169    27.3977 0.0000e+00
      0.120      0.006     8.0340    101.822     31.560  33.077701    20.7900     4.0948     0.1278     0.9306 4.6604e+02     6.3373      0.118      0.171    27.3976 0.0000e+00
      0.122      0.006     8.0396    101.835     31.571  33.088821    20.7900     4.0795     0.1278     0.9306 8.5248e+02     6.3524      0.120      0.173    27.3976 0.0000e+00
      0.123      0.005     8.0461    101.813     31.596  33.115647    20.7000     4.0986     0.1704     0.9729 4.4409e+02     6.2920      0.121      0.175    27.3976 0.0000e+00
      0.124      0.005     8.0517    101.760     31.625  33.145415    20.7000     4.1215     0.1704     0.9729 4.4787e+02     6.3524      0.122      0.177    27.3976 0.0000e+00
      0.126      0.005     8.0551    101.680     31.654  33.176102    20.7000     4.0948     0.1704     0.9729 4.4681e+02     6.3675      0.123      0.179    27.3975 0.0000e+00
      0.127      0.005     8.0560    101.580     31.675  33.197967    20.7000     4.0719     0.1704     0.9729 4.0979e+02     6.4430      0.125      0.181    27.3975 0.0000e+00
      0.128      0.005     8.0544    101.483     31.682  33.204890    20.7900     4.0643     0.1704     0.8460 5.0605e+02     6.2013      0.126      0.183    27.3974 0.0000e+00
      0.130      0.005     8.0501    101.418     31.671  33.192740    20.7900     4.1444     0.1704     0.8460 4.2244e+02     6.3826      0.127      0.185    27.3972 0.0000e+00
      0.131      0.005     8.0438    101.383     31.649  33.170230    20.7900     4.1749     0.1704     0.8460 6.7358e+02     6.3373      0.129      0.187    27.3971 0.0000e+00
      0.133      0.005     8.0360    101.362     31.635  33.155257    20.7900     4.1520     0.1704     0.8460 4.2456e+02     6.3675      0.130      0.189    27.3969 0.0000e+00
      0.134      0.004     8.0284    101.362     31.628  33.147813    20.7900     4.1215     0.1704     0.8460 5.0814e+02     6.2769      0.131      0.191    27.3967 0.0000e+00
      0.135      0.004     8.0232    101.393     31.617  33.135953    20.7000     4.0375     0.1278     1.0152 5.5743e+02     6.3977      0.132      0.192    27.3965 0.0000e+00
      0.136      0.004     8.0205    101.439     31.608  33.126473    20.7000     4.0185     0.1278     1.0152 4.3342e+02     6.3977      0.133      0.193    27.3962 0.0000e+00
      0.136      0.004     8.0188    101.478     31.606  33.124814    20.7000     4.0452     0.1278     1.0152 7.4019e+02     6.4279      0.134      0.194    27.3960 0.0000e+00
      0.137      0.005     8.0188    101.498     31.598  33.116591    20.7000     4.0185     0.1278     1.0152 4.1715e+02     6.3675      0.134      0.194    27.3959 0.0000e+00
      0.138      0.006     8.0213    101.494     31.592  33.109568    20.7900     4.0299     0.1278     0.9306 5.2853e+02     6.3222      0.135      0.196    27.3960 0.0000e+00
      0.140      0.007     8.0249    101.469     31.609  33.127768    20.7900     4.0147     0.1278     0.9306 3.7469e+02     6.4430      0.137      0.198    27.3961 0.0000e+00
      0.142      0.009     8.0280    101.445     31.642  33.162100    20.7900     4.0147     0.1278     0.9306 4.5781e+02     6.3373      0.139      0.201    27.3962 0.0000e+00
      0.144      0.010     8.0296    101.454     31.665  33.185867    20.7900     4.0185     0.1278     0.9306 5.1325e+02     6.3071      0.142      0.205    27.3964 0.0000e+00
      0.147      0.010     8.0293    101.502     31.676  33.197440    20.7900     4.1634     0.1704     0.9306 4.6041e+02     6.1107      0.144      0.209    27.3964 0.0000e+00
      0.150      0.011     8.0273    101.574     31.686  33.207872    20.7900     4.1444     0.1704     0.9306 4.6312e+02     6.1258      0.147      0.213    27.3963 0.0000e+00
      0.153      0.011     8.0254    101.662     31.694  33.215963    20.7900     4.1329     0.1704     0.9306 4.8749e+02     6.0956      0.150      0.217    27.3962 0.0000e+00
      0.155      0.011     8.0261    101.757     31.696  33.217892    20.7900     4.1405     0.1704     0.9306 3.9777e+02     6.1107      0.152      0.221    27.3960 0.0000e+00
      0.158      0.011     8.0300    101.830     31.698  33.220152    20.8800     3.9689     0.1704     0.9729 4.0783e+02     6.3222      0.155      0.225    27.3957 0.0000e+00
      0.160      0.012     8.0357    101.854     31.697  33.219360    20.8800     3.9803     0.1704     0.9729 4.6614e+02     6.3977      0.157      0.228    27.3955 0.0000e+00
      0.163      0.013     8.0427    101.822     31.677  33.199372    20.8800     3.9651     0.1704     0.9729 4.9206e+02     6.3524      0.160      0.232    27.3953 0.0000e+00
      0.167      0.014     8.0502    101.749     31.650  33.170790    20.8800     3.9651     0.1704     0.9729 4.4044e+02     6.3373      0.163      0.237    27.3954 0.0000e+00
      0.171      0.015     8.0560    101.660     31.638  33.157863    20.8800     3.9498     0.1704     0.9729 4.4361e+02     6.3524      0.167      0.242    27.3955 0.0000e+00
      0.175      0.015     8.0578    101.578     31.639  33.159135    20.7000     4.1482     0.1704     0.8460 4.3098e+02     6.3524      0.171      0.249    27.3958 0.0000e+00
      0.179      0.014     8.0552    101.518     31.646  33.166978    20.7000     4.1405     0.1704     0.8460 4.6523e+02     6.3675      0.176      0.255    27.3961 0.0000e+00
      0.183      0.013     8.0494    101.487     31.658  33.179499    20.7000     4.1596     0.1704     0.8460 4.0819e+02     6.3675      0.179      0.261    27.3963 0.0000e+00
      0.187      0.012     8.0423    101.492     31.661  33.182112    20.7000     4.1634     0.1704     0.8460 3.6489e+02     6.4128      0.183      0.265    27.3965 0.0000e+00
      0.189      0.011     8.0359    101.530     31.649  33.169538    20.7900     4.4038     0.1278     0.8883 4.1843e+02     6.3826      0.185      0.269    27.3965 0.0000e+00
      0.191      0.009     8.0312    101.577     31.640  33.160334    20.7900     4.4152     0.1278     0.8883 5.9511e+02     6.3977      0.188      0.272    27.3964 0.0000e+00
      0.193      0.008     8.0288    101.607     31.636  33.156028    20.7900     4.4000     0.1278     0.8883 4.2687e+02     6.3675      0.190      0.275    27.3962 0.0000e+00
      0.195      0.007     8.0292    101.614     31.622  33.141530    20.7900     4.4000     0.1278     0.8883 3.6426e+02     6.3373      0.191      0.278    27.3960 0.0000e+00
      0.197      0.006     8.0322    101.597     31.601  33.118949    20.7900     4.2168     0.1704     1.0152 3.6410e+02     6.4128      0.193      0.280    27.3958 0.0000e+00
      0.198      0.006     8.0359    101.564     31.587  33.104174    20.7900     4.2092     0.1704     1.0152 4.2864e+02     6.3524      0.194      0.282    27.3956 0.0000e+00
      0.199      0.006     8.0383    101.538     31.584  33.101232    20.7900     4.1940     0.1704     1.0152 4.3116e+02     6.3373      0.196      0.284    27.3953 0.0000e+00
      0.201      0.005     8.0389    101.515     31.584  33.101370    20.7900     4.1863     0.1704     1.0152 3.8401e+02     6.2920      0.197      0.286    27.3951 0.0000e+00
      0.202      0.005     8.0376    101.486     31.580  33.096659    20.7900     4.2702     0.1704     0.9306 3.5304e+02     6.4582      0.198      0.288    27.3949 0.0000e+00
      0.203      0.006     8.0350    101.458     31.573  33.089825    20.7900     4.2550     0.1704     0.9306 3.5884e+02     6.3675      0.199      0.289    27.3948 0.0000e+00
