Data/DataNotYetUploadedToEDI/Raw_CTD/RawDownloads/071425_fcr30_S7809004.cnv
* Sea-Bird SBE19plus  Data File:
* FileName = C:\R\Reservoirs\Data\DataNotYetUploadedToEDI\Raw_CTD\RawDownloads\071425_fcr50_S7809_0004.hex
* Software version 2.8.0.119
* Temperature SN = 7809
* Conductivity SN = 7809
* System UpLoad Time = Jul 14 2025 17:14:57
* <ApplicationData>
* <Seaterm232>
# nquan = 15
# nvalues = 2137                        
# units = specified
# name 0 = depFM: Depth [fresh water, m]
# name 1 = dz/dtM: Descent Rate [m/s]
# name 2 = sbeox0Mg/L: Oxygen, SBE 43 [mg/l]
# name 3 = sbeox0PS: Oxygen, SBE 43 [% saturation]
# name 4 = specc: Specific Conductance [uS/cm]
# name 5 = c0uS/cm: Conductivity [uS/cm]
# name 6 = flECO-AFL: Fluorescence, WET Labs ECO-AFL/FL [mg/m^3]
# name 7 = ph: pH
# name 8 = orp: Oxidation Reduction Potential [mV]
# name 9 = par/sat/log: PAR/Logarithmic, Satlantic
# name 10 = turbWETntu0: Turbidity, WET Labs ECO [NTU]
# name 11 = prdM: Pressure, Strain Gauge [db]
# name 12 = prdE: Pressure, Strain Gauge [psi]
# name 13 = tv290C: Temperature [ITS-90, deg C]
# name 14 = flag:  0.000e+00
# span 0 =     -0.625,      5.420       
# span 1 =     -0.354,      0.185       
# span 2 =     0.0207,     9.3369       
# span 3 =      0.222,    115.575       
# span 4 =      5.067,     63.064       
# span 5 =   5.197030,  47.471662       
# span 6 =    -1.9871,   227.6098       
# span 7 =      7.454,      9.827       
# span 8 =    57.0406,   759.3221       
# span 9 = 1.2351e-01, 2.1060e+03       
# span 10 =    -3.1710,   340.4642      
# span 11 =     -0.614,      5.316      
# span 12 =     -0.891,      7.709      
# span 13 =    11.3604,    28.8155      
# span 14 = 0.0000e+00, 0.0000e+00      
# interval = seconds: 0.25
# start_time = Jul 14 2025 12:28:37 [Instrument's time stamp, header]
# bad_flag = -9.990e-29
*END*
[from data line 2121]
     -0.617     -0.008     7.5124     86.356     18.600  18.770938    63.5127      8.470   109.3910 1.8277e+03     7.2833     -0.604     -0.877    26.1674 0.0000e+00
     -0.617     -0.001     7.4436     85.208     10.272  10.321085     5.4616      8.477   109.3736 1.7168e+03     3.5478     -0.606     -0.877    26.0577 0.0000e+00
     -0.617      0.000     7.3251     84.752      7.574   7.575205     0.1614      8.483   109.5870 1.5993e+03     3.1313     -0.605     -0.877    25.8380 0.0000e+00
     -0.617      0.000     7.1887     84.923      7.141   7.117337    -0.2293      8.488   110.1650 1.5347e+03     2.8959     -0.605     -0.878    25.5803 0.0000e+00
     -0.617      0.000     7.0741     85.590      6.854   6.812479    -0.0698      8.493   111.1997 1.5562e+03     2.4432     -0.605     -0.877    25.3516 0.0000e+00
     -0.617      0.000     6.9971     86.589      6.223   6.169965     0.0258      8.498   112.3756 1.5905e+03     2.0992     -0.604     -0.877    25.1584 0.0000e+00
     -0.617      0.000     6.9877     87.705      6.386   6.317936     0.0363      8.501   112.9386 1.5293e+03     2.1179     -0.605     -0.877    24.9829 0.0000e+00
     -0.616      0.000     7.0254     88.762      7.745   7.651120     0.0483      8.501   112.8442 1.2805e+03     2.2255     -0.604     -0.876    24.8209 0.0000e+00
     -0.616      0.000     7.1042     89.655      8.525   8.413816     0.0210      8.499   112.5244 8.8734e+02     2.2047     -0.604     -0.876    24.6771 0.0000e+00
     -0.616      0.000     7.2106     90.337      7.918   7.809812    -0.0359      8.500   112.2556 5.8982e+02     2.1401     -0.604     -0.877    24.5561 0.0000e+00
     -0.616      0.000     7.3223     90.798      6.779   6.684223    -0.0823      8.504   112.4342 5.3846e+02     2.0585     -0.603     -0.875    24.4561 0.0000e+00
     -0.616      0.000     7.4229     90.975      6.234   6.145720    -0.0986      8.506   112.7052 6.4755e+02     2.0037     -0.604     -0.876    24.3850 0.0000e+00
     -0.616 -9.990e-29     7.5063 -9.990e-29 -9.990e-29 -9.990e-29 -9.990e-29 -9.990e-29 -9.990e-29 7.6399e+02 -9.990e-29     -0.603     -0.876    24.3356 0.0000e+00
     -0.616 -9.990e-29     7.5664 -9.990e-29 -9.990e-29 -9.990e-29 -9.990e-29 -9.990e-29 -9.990e-29 8.2598e+02 -9.990e-29     -0.604     -0.876    24.3075 0.0000e+00
     -0.616 -9.990e-29     7.6087 -9.990e-29 -9.990e-29 -9.990e-29 -9.990e-29 -9.990e-29 -9.990e-29 8.5178e+02 -9.990e-29     -0.604     -0.877    24.2897 0.0000e+00
     -0.616 -9.990e-29     7.6312 -9.990e-29 -9.990e-29 -9.990e-29 -9.990e-29 -9.990e-29 -9.990e-29 8.5883e+02 -9.990e-29     -0.605     -0.876    24.2774 0.0000e+00
