Data/DataNotYetUploadedToEDI/Raw_CTD/RawDownloads/071422_ccr50_7809004.cnv
* Sea-Bird SBE19plus  Data File:
* FileName = C:\R\Reservoirs\Data\DataNotYetUploadedToEDI\Raw_CTD\RawDownloads\071122_bvr40_0004.hex
* Software version 2.8.0.119
* Temperature SN = 7809
* Conductivity SN = 7809
* System UpLoad Time = Jul 14 2022 16:08:41
* <ApplicationData>
* <Seaterm232>
# nquan = 15
# nvalues = 4017                        
# units = specified
# name 0 = depFM: Depth [fresh water, m]
# name 1 = dz/dtM: Descent Rate [m/s]
# name 2 = sbeox0Mg/L: Oxygen, SBE 43 [mg/l]
# name 3 = sbeox0PS: Oxygen, SBE 43 [% saturation]
# name 4 = specc: Specific Conductance [uS/cm]
# name 5 = c0uS/cm: Conductivity [uS/cm]
# name 6 = flECO-AFL: Fluorescence, WET Labs ECO-AFL/FL [mg/m^3]
# name 7 = ph: pH
# name 8 = orp: Oxidation Reduction Potential [mV]
# name 9 = par/sat/log: PAR/Logarithmic, Satlantic
# name 10 = turbWETntu0: Turbidity, WET Labs ECO [NTU]
# name 11 = prdM: Pressure, Strain Gauge [db]
# name 12 = prdE: Pressure, Strain Gauge [psi]
# name 13 = tv290C: Temperature [ITS-90, deg C]
# name 14 = flag:  0.000e+00
# span 0 =     -0.452,     21.285       
# span 1 =     -0.218,      0.330       
# span 2 =     0.0584,     9.4380       
# span 3 =      0.536,    105.090       
# span 4 =      0.422,    133.632       
# span 5 =   0.463537,  94.959817       
# span 6 =    -0.3786,   227.4442       
# span 7 =     -2.195,      8.384       
# span 8 = -1240.7455,   420.4929       
# span 9 = 1.2348e-01, 2.0399e+03       
# span 10 =    -0.9449,    37.7226      
# span 11 =     -0.444,     20.874      
# span 12 =     -0.643,     30.275      
# span 13 =    10.5174,    29.8977      
# span 14 = 0.0000e+00, 0.0000e+00      
# interval = seconds: 0.25
# start_time = Jul 14 2022 07:35:56 [Instrument's time stamp, header]
# bad_flag = -9.990e-29
*END*
[from data line 2603]
     18.808     -0.015     2.1349     23.048    108.884  78.034046     1.1778      7.149   214.4356 1.2370e-01     7.9835     18.444     26.751    10.8268 0.0000e+00
     18.804     -0.021     2.2292     23.919    108.899  78.033982     1.1866      7.149   214.5551 1.2367e-01     7.9655     18.442     26.748    10.8313 0.0000e+00
     18.799     -0.027     2.3317     24.625    108.746  77.915737     1.1834      7.149   214.6887 1.2367e-01     7.8393     18.437     26.740    10.8347 0.0000e+00
     18.789     -0.033     2.4492     25.054    108.697  77.875267     1.1559      7.149   214.8477 1.2363e-01     7.6868     18.427     26.726    10.8363 0.0000e+00
     18.778     -0.039     2.5522     25.184    108.948  78.053026     1.1296      7.150   215.1002 1.2364e-01     7.6592     18.415     26.709    10.8314 0.0000e+00
     18.768     -0.046     2.6530     25.054    109.184  78.222157     1.1149      7.150   215.2459 1.2368e-01     7.6767     18.405     26.694    10.8251 0.0000e+00
     18.758     -0.053     2.7387     24.749    109.249  78.268015     1.1114      7.150   215.1474 1.2364e-01     7.5563     18.397     26.682    10.8214 0.0000e+00
     18.745     -0.058     2.7845     24.351    109.279  78.289759     1.1201      7.149   215.0275 1.2366e-01     7.3307     18.384     26.664    10.8191 0.0000e+00
     18.728     -0.063     2.7992     23.917    109.283  78.294420     1.1281      7.149   215.0866 1.2377e-01     7.2376     18.367     26.637    10.8182 0.0000e+00
     18.709     -0.064     2.7798     23.468    109.231  78.260822     1.1257      7.149   215.2605 1.2378e-01     7.2854     18.347     26.610    10.8188 0.0000e+00
     18.689     -0.061     2.7437     23.040    109.146  78.201277     1.1233      7.148   215.3228 1.2372e-01     7.3955     18.327     26.581    10.8184 0.0000e+00
     18.671     -0.056     2.6964     22.690    109.073  78.146391     1.1406      7.147   215.2378 1.2374e-01     7.5782     18.308     26.553    10.8179 0.0000e+00
     18.656     -0.050     2.6482     22.418    109.018  78.105566     1.1688      7.147   215.1786 1.2382e-01     7.6846     18.294     26.533    10.8190 0.0000e+00
     18.647     -0.044     2.5981     22.200    108.901  78.025398     1.1900      7.147   215.2100 1.2383e-01     7.7258     18.286     26.521    10.8211 0.0000e+00
     18.640     -0.039     2.5458     22.041    108.773  77.939653     1.1971      7.148   215.2725 1.2371e-01     7.6998     18.281     26.514    10.8222 0.0000e+00
     18.633     -0.036     2.5089     21.945    108.703  77.894946     1.1881      7.148   215.3323 1.2361e-01     7.5413     18.274     26.504    10.8202 0.0000e+00
     18.624     -0.036     2.4802     21.915    108.567  77.802580     1.1726      7.148   215.4172 1.2363e-01     7.4144     18.264     26.489    10.8184 0.0000e+00
     18.614     -0.037     2.4549     21.958    108.436  77.712514     1.1676      7.147   215.4377 1.2367e-01     7.3962     18.255     26.475    10.8210 0.0000e+00
     18.604     -0.039     2.4373     22.070    108.408  77.695608     1.1697      7.146   215.4088 1.2369e-01     7.4237     18.245     26.460    10.8244 0.0000e+00
     18.594     -0.040     2.4266     22.248    108.446  77.725270     1.1807      7.146   215.4973 1.2372e-01     7.5074     18.235     26.448    10.8266 0.0000e+00
     18.584     -0.043     2.4223     22.473    108.572  77.816974     1.2098      7.146   215.6481 1.2374e-01     7.6573     18.225     26.433    10.8289 0.0000e+00
     18.574     -0.048     2.4280     22.725    108.707  77.914763     1.2308      7.146   215.7696 1.2369e-01     7.7663     18.214     26.417    10.8308 0.0000e+00
     18.563     -0.055     2.4392     22.967    108.850  78.017984     1.2261      7.145   215.8476 1.2367e-01     7.7324     18.204     26.403    10.8325 0.0000e+00
     18.549     -0.063     2.4608     23.157    108.980  78.111812     1.1776      7.145   215.9035 1.2369e-01     7.4180     18.193     26.386    10.8337 0.0000e+00
     18.532     -0.071     2.4857     23.304    108.956  78.096036     1.0931      7.145   216.0148 1.2368e-01     6.9712     18.177     26.363    10.8343 0.0000e+00
     18.511     -0.077     2.5145     23.417    108.929  78.081427     1.0457      7.145   216.1611 1.2370e-01     6.8056     18.154     26.331    10.8346 0.0000e+00
     18.487     -0.079     2.5451     23.462    108.981  78.125812     1.0533      7.144   216.2094 1.2367e-01     6.8503     18.129     26.295    10.8349 0.0000e+00
     18.463     -0.077     2.5637     23.422    108.883  78.060791     1.0691      7.144   216.2539 1.2362e-01     6.9990     18.106     26.260    10.8351 0.0000e+00
     18.443     -0.072     2.5796     23.326    108.610  77.867179     1.0701      7.144   216.3564 1.2368e-01     7.2720     18.085     26.229    10.8351 0.0000e+00
     18.426     -0.067     2.5940     23.197    108.361  77.691255     1.0581      7.144   216.3300 1.2374e-01     7.4178     18.069     26.206    10.8377 0.0000e+00
     18.413     -0.063     2.6001     23.067    108.293  77.649456     1.0484      7.144   216.2780 1.2370e-01     7.3958     18.058     26.190    10.8415 0.0000e+00
     18.401     -0.061     2.5928     22.959    108.411  77.743075     1.0599      7.143   216.4164 1.2369e-01     7.3811     18.047     26.174    10.8442 0.0000e+00
     18.387     -0.061     2.5824     22.879    108.490  77.806472     1.0889      7.142   216.7128 1.2372e-01     7.4115     18.033     26.154    10.8445 0.0000e+00
     18.370     -0.065     2.5663     22.877    108.446  77.780541     1.1169      7.143   216.9364 1.2367e-01     7.4208     18.015     26.128    10.8449 0.0000e+00
     18.353     -0.070     2.5503     22.981    108.483  77.810829     1.1326      7.143   216.9692 1.2360e-01     7.4257     17.998     26.104    10.8491 0.0000e+00
     18.335     -0.074     2.5397     23.161    108.630  77.918507     1.1205      7.142   217.0233 1.2359e-01     7.4359     17.983     26.081    10.8535 0.0000e+00
     18.315     -0.076     2.5273     23.377    108.743  78.002182     1.0776      7.142   217.1604 1.2363e-01     7.4080     17.962     26.051    10.8566 0.0000e+00
     18.293     -0.076     2.5249     23.569    108.729  77.996445     1.0477      7.143   217.2495 1.2370e-01     7.3959     17.939     26.018    10.8589 0.0000e+00
     18.272     -0.074     2.5394     23.704    108.608  77.912690     1.0507      7.144   217.3265 1.2378e-01     7.4264     17.918     25.986    10.8605 0.0000e+00
     18.252     -0.070     2.5591     23.786    108.471  77.815605     1.0709      7.144   217.4028 1.2382e-01     7.4693     17.899     25.960    10.8617 0.0000e+00
     18.235     -0.064     2.5865     23.802    108.326  77.712249     1.1089      7.142   217.4847 1.2377e-01     7.4713     17.881     25.936    10.8628 0.0000e+00
     18.219     -0.059     2.6096     23.754    108.097  77.552666     1.1367      7.142   217.5426 1.2373e-01     7.4157     17.865     25.912    10.8645 0.0000e+00
     18.206     -0.054     2.6222     23.674    107.802  77.347642     1.1321      7.142   217.5001 1.2375e-01     7.3777     17.854     25.894    10.8668 0.0000e+00
     18.195     -0.051     2.6334     23.607    107.505  77.139663     1.1205      7.141   217.4869 1.2375e-01     7.3874     17.844     25.879    10.8667 0.0000e+00
     18.184     -0.050     2.6345     23.570    107.140  76.880792     1.1285      7.141   217.5545 1.2370e-01     7.2934     17.832     25.863    10.8661 0.0000e+00
     18.171     -0.051     2.6284     23.587    106.791  76.632300     1.1546      7.142   217.6300 1.2369e-01     7.0958     17.820     25.845    10.8691 0.0000e+00
     18.158     -0.053     2.6162     23.713    106.673  76.549787     1.1778      7.143   217.7108 1.2370e-01     7.0133     17.807     25.827    10.8726 0.0000e+00
     18.145     -0.057     2.6092     23.970    106.717  76.582105     1.1840      7.142   217.8434 1.2366e-01     7.0134     17.795     25.810    10.8747 0.0000e+00
     18.130     -0.061     2.6042     24.340    106.889  76.705349     1.1628      7.141   217.9430 1.2364e-01     7.0289     17.780     25.788    10.8761 0.0000e+00
     18.113     -0.065     2.6028     24.802    107.156  76.896152     1.1306      7.141   217.8829 1.2369e-01     7.0988     17.762     25.762    10.8771 0.0000e+00
     18.096     -0.067     2.6161     25.331    107.280  76.982804     1.1104      7.141   217.8048 1.2364e-01     7.1413     17.747     25.740    10.8781 0.0000e+00
     18.078     -0.067     2.6455     25.872    107.293  76.990549     1.1098      7.141   217.8593 1.2358e-01     7.1667     17.729     25.714    10.8789 0.0000e+00
     18.059     -0.064     2.6876     26.362    107.203  76.926249     1.1158      7.141   218.0258 1.2360e-01     7.2692     17.709     25.684    10.8784 0.0000e+00
     18.042     -0.059     2.7387     26.734    106.903  76.713697     1.1075      7.142   218.1827 1.2362e-01     7.3894     17.692     25.660    10.8777 0.0000e+00
     18.027     -0.052     2.8001     26.952    106.537  76.453964     1.1009      7.142   218.2076 1.2364e-01     7.4253     17.678     25.639    10.8769 0.0000e+00
     18.013     -0.043     2.8622     27.037    106.092  76.136905     1.1024      7.142   218.2408 1.2362e-01     7.3949     17.663     25.619    10.8760 0.0000e+00
     18.003     -0.033     2.9190     27.026    105.625  75.803031     1.1010      7.142   218.4123 1.2358e-01     7.4667     17.654     25.605    10.8759 0.0000e+00
     17.997     -0.024     2.9624     26.957    105.329  75.594127     1.1085      7.142   218.5594 1.2360e-01     7.7124     17.649     25.598    10.8772 0.0000e+00
     17.993     -0.015     2.9844     26.916    105.034  75.390172     1.1270      7.142   218.6426 1.2368e-01     7.9064     17.645     25.592    10.8794 0.0000e+00
     17.991     -0.009     2.9923     27.007    104.728  75.179656     1.1335      7.141   218.6442 1.2372e-01     7.9332     17.642     25.587    10.8801 0.0000e+00
     17.990     -0.004     2.9907     27.283    104.489  75.018481     1.1289      7.141   218.4937 1.2370e-01     7.7973     17.641     25.586    10.8797 0.0000e+00
     17.991     -0.001     2.9792     27.730    104.138  74.775706     1.1211      7.141   218.3712 1.2369e-01     7.5272     17.643     25.589    10.8816 0.0000e+00
     17.993      0.000     2.9693     28.302    103.782  74.531610     1.1137      7.142   218.3675 1.2369e-01     7.3657     17.646     25.594    10.8854 0.0000e+00
     17.993     -0.000     2.9770     28.967    103.694  74.481517     1.1151      7.142   218.3625 1.2364e-01     7.3477     17.645     25.593    10.8902 0.0000e+00
     17.992     -0.005     3.0082     29.713    103.954  74.678342     1.1458      7.142   218.3103 1.2362e-01     7.2072     17.643     25.589    10.8955 0.0000e+00
     17.992     -0.013     3.0593     30.525    104.493  75.068868     1.2098      7.142   218.3391 1.2365e-01     6.9310     17.644     25.590    10.8989 0.0000e+00
     17.992     -0.024     3.1240     31.356    104.950  75.391140     1.2488      7.143   218.5396 1.2368e-01     6.7753     17.645     25.592    10.9047 0.0000e+00
     17.988     -0.035     3.1962     32.133    105.064  75.461565     1.2423      7.143   218.7553 1.2368e-01     6.7250     17.643     25.590    10.9121 0.0000e+00
     17.976     -0.045     3.2793     32.799    105.095  75.475608     1.2153      7.142   218.8827 1.2365e-01     6.6644     17.630     25.572    10.9176 0.0000e+00
     17.957     -0.054     3.3698     33.293    105.220  75.560918     1.1296      7.142   218.9604 1.2363e-01     6.5893     17.609     25.540    10.9200 0.0000e+00
     17.938     -0.062     3.4661     33.517    105.281  75.603499     1.0049      7.142   219.0059 1.2364e-01     6.5008     17.590     25.512    10.9159 0.0000e+00
     17.922     -0.067     3.5544     33.455    105.290  75.609217     0.9479      7.142   219.0896 1.2369e-01     6.4819     17.576     25.491    10.9089 0.0000e+00
     17.907     -0.067     3.6288     33.156    105.318  75.630052     0.9397      7.141   219.1980 1.2372e-01     6.4972     17.563     25.472    10.9046 0.0000e+00
     17.890     -0.066     3.6905     32.696    105.275  75.601270     0.9476      7.140   219.1979 1.2368e-01     6.5143     17.545     25.446    10.9035 0.0000e+00
     17.871     -0.064     3.7143     32.178    105.151  75.515372     0.9770      7.140   219.1746 1.2368e-01     6.5864     17.525     25.418    10.9032 0.0000e+00
     17.854     -0.061     3.7054     31.657    105.099  75.481006     0.9867      7.141   219.2602 1.2372e-01     6.6523     17.508     25.395    10.9025 0.0000e+00
     17.839     -0.058     3.6707     31.173    105.216  75.566988     0.9821      7.141   219.3723 1.2376e-01     6.6961     17.493     25.372    10.9025 0.0000e+00
     17.824     -0.054     3.6134     30.788    105.353  75.665442     0.9965      7.140   219.4121 1.2376e-01     6.8084     17.478     25.349    10.9039 0.0000e+00
     17.812     -0.050     3.5552     30.538    105.340  75.654774     1.0277      7.140   219.3973 1.2370e-01     6.9519     17.467     25.334    10.9057 0.0000e+00
     17.802     -0.045     3.4967     30.429    105.216  75.565082     1.0512      7.139   219.3649 1.2364e-01     7.0298     17.459     25.322    10.9073 0.0000e+00
     17.790     -0.041     3.4390     30.423    105.083  75.470536     1.0641      7.138   219.3646 1.2364e-01     7.0333     17.447     25.303    10.9081 0.0000e+00
     17.778     -0.037     3.3962     30.452    104.985  75.401162     1.0756      7.138   219.4797 1.2369e-01     7.0620     17.432     25.283    10.9078 0.0000e+00
     17.769     -0.035     3.3680     30.477    104.928  75.361668     1.0902      7.138   219.6382 1.2375e-01     7.1721     17.425     25.272    10.9072 0.0000e+00
     17.762     -0.035     3.3570     30.492    104.944  75.374248     1.1082      7.138   219.7321 1.2376e-01     7.2368     17.420     25.265    10.9070 0.0000e+00
     17.755     -0.037     3.3608     30.521    105.017  75.426194     1.1262      7.138   219.7551 1.2375e-01     7.2294     17.413     25.255    10.9073 0.0000e+00
     17.747     -0.041     3.3641     30.581    105.095  75.481435     1.1321      7.138   219.8297 1.2370e-01     7.1518     17.404     25.242    10.9078 0.0000e+00
     17.737     -0.047     3.3678     30.659    105.167  75.533858     1.1219      7.138   220.0314 1.2366e-01     7.0153     17.395     25.229    10.9082 0.0000e+00
     17.724     -0.054     3.3681     30.739    105.190  75.551730     1.1115      7.137   220.1295 1.2365e-01     6.9454     17.382     25.211    10.9089 0.0000e+00
     17.708     -0.060     3.3698     30.821    105.213  75.570459     1.1060      7.137   220.0691 1.2368e-01     6.9560     17.366     25.187    10.9090 0.0000e+00
     17.690     -0.065     3.3781     30.909    105.296  75.633224     1.1047      7.138   220.0756 1.2368e-01     6.9387     17.349     25.163    10.9082 0.0000e+00
     17.672     -0.067     3.3868     30.961    105.350  75.675232     1.1133      7.138   220.1223 1.2363e-01     6.8381     17.329     25.135    10.9082 0.0000e+00
     17.653     -0.066     3.3963     30.940    105.376  75.697152     1.1271      7.138   220.1171 1.2357e-01     6.7309     17.310     25.106    10.9095 0.0000e+00
     17.635     -0.063     3.4036     30.888    105.476  75.771181     1.1299      7.138   220.0990 1.2358e-01     6.7004     17.294     25.082    10.9106 0.0000e+00
     17.620     -0.061     3.4156     30.842    105.610  75.871377     1.0799      7.137   220.1615 1.2360e-01     6.6748     17.278     25.060    10.9118 0.0000e+00
     17.607     -0.061     3.4243     30.782    105.633  75.891989     0.9882      7.137   220.3566 1.2361e-01     6.5926     17.265     25.041    10.9136 0.0000e+00
