Data/DataNotYetUploadedToEDI/Raw_CTD/RawDownloads/071425_fcr50_S7809001.cnv
* Sea-Bird SBE19plus  Data File:
* FileName = C:\R\Reservoirs\Data\DataNotYetUploadedToEDI\Raw_CTD\RawDownloads\071425_fcr50_S7809_0001.hex
* Software version 2.8.0.119
* Temperature SN = 7809
* Conductivity SN = 7809
* System UpLoad Time = Jul 14 2025 17:12:35
* <ApplicationData>
* <Seaterm232>
# nquan = 15
# nvalues = 2171                        
# units = specified
# name 0 = depFM: Depth [fresh water, m]
# name 1 = dz/dtM: Descent Rate [m/s]
# name 2 = sbeox0Mg/L: Oxygen, SBE 43 [mg/l]
# name 3 = sbeox0PS: Oxygen, SBE 43 [% saturation]
# name 4 = specc: Specific Conductance [uS/cm]
# name 5 = c0uS/cm: Conductivity [uS/cm]
# name 6 = flECO-AFL: Fluorescence, WET Labs ECO-AFL/FL [mg/m^3]
# name 7 = ph: pH
# name 8 = orp: Oxidation Reduction Potential [mV]
# name 9 = par/sat/log: PAR/Logarithmic, Satlantic
# name 10 = turbWETntu0: Turbidity, WET Labs ECO [NTU]
# name 11 = prdM: Pressure, Strain Gauge [db]
# name 12 = prdE: Pressure, Strain Gauge [psi]
# name 13 = tv290C: Temperature [ITS-90, deg C]
# name 14 = flag:  0.000e+00
# span 0 =     -0.628,      9.266       
# span 1 =     -0.270,      0.704       
# span 2 =    -0.0457,     8.8975       
# span 3 =     -0.383,    110.815       
# span 4 =      0.733,     49.617       
# span 5 =   0.791050,  39.135110       
# span 6 =    -2.0890,   233.8054       
# span 7 =      6.964,      9.334       
# span 8 = -1240.7455,   285.6316       
# span 9 = 1.2350e-01, 2.1727e+03       
# span 10 =    -3.4842,   293.3127      
# span 11 =     -0.617,      9.087      
# span 12 =     -0.894,     13.180      
# span 13 =    11.3126,    28.9632      
# span 14 = 0.0000e+00, 0.0000e+00      
# interval = seconds: 0.25
# start_time = Jul 14 2025 10:42:55 [Instrument's time stamp, header]
# bad_flag = -9.990e-29
*END*
[from data line 2121]
     -0.605 -2.776e-12     7.6327     93.091      3.653   3.657830     0.2607      8.600   195.3578 2.3778e+02    -3.4233     -0.593     -0.859    25.1487 0.0000e+00
     -0.605 -3.054e-11     7.6461     93.083      3.507   3.510018     0.4838      8.599   195.9698 2.3674e+02    -1.9305     -0.593     -0.860    25.1246 0.0000e+00
     -0.605 -3.359e-10     7.6646     93.052      3.410   3.411549     0.9231      8.600   195.0719 2.3531e+02     0.9690     -0.594     -0.861    25.1009 0.0000e+00
     -0.605 -3.695e-09     7.6741     93.095      3.418   3.417461     1.1692      8.601   194.0516 2.3081e+02     2.4961     -0.593     -0.860    25.0782 0.0000e+00
     -0.604 -4.064e-08     7.6880     93.173      3.647   3.644844     1.1369      8.602   196.6253 2.2711e+02     2.4611     -0.593     -0.859    25.0547 0.0000e+00
     -0.604 -4.471e-07     7.6882     93.220      3.885   3.880291     0.5994      8.601   201.7552 2.2777e+02     2.2872     -0.593     -0.859    25.0311 0.0000e+00
     -0.604     -0.000     7.6832     93.236      3.927   3.920366    -0.3854      8.600   230.0929 2.3223e+02     2.1017     -0.592     -0.858    25.0078 0.0000e+00
     -0.604     -0.000     7.6936     93.252      3.948   3.939348    -0.9405      8.584   274.8557 2.4348e+02     1.9601     -0.593     -0.859    24.9845 0.0000e+00
     -0.604     -0.001     7.7056     93.284      3.993   3.983097    -1.0187      8.523   244.9826 2.8153e+02     1.9078     -0.592     -0.859    24.9617 0.0000e+00
     -0.604     -0.002     7.7120     93.288      3.954   3.942544    -1.0067      8.411   189.7398 5.2518e+02     2.2890     -0.592     -0.859    24.9388 0.0000e+00
     -0.604     -0.002     7.7157     93.099      4.033   4.019159    -0.7282      8.276   216.4228 9.9193e+02     3.0504     -0.593     -0.859    24.9162 0.0000e+00
     -0.605     -0.002     7.7191     92.318      4.166   4.149242    -0.2397      8.145   242.6343 1.3315e+03     3.4280     -0.593     -0.861    24.8938 0.0000e+00
     -0.607     -0.002     7.7266     90.531      4.013   3.994982     0.0132      8.040   230.9900 1.4878e+03     3.4039     -0.595     -0.864    24.8713 0.0000e+00
     -0.607     -0.002     7.7330     87.805      3.757   3.737742     0.0331      7.976   222.1576 1.6343e+03     3.4088     -0.596     -0.865    24.8480 0.0000e+00
     -0.607     -0.001     7.7328     84.579      3.657   3.636270     0.1261      7.945   215.0842 1.7523e+03     3.2134     -0.596     -0.864    24.8230 0.0000e+00
     -0.608     -0.001     7.6910     81.299      3.615   3.591607     0.2721      7.932   209.2217 1.8127e+03     2.6811     -0.596     -0.864    24.7966 0.0000e+00
     -0.608     -0.000     7.5420     78.324      3.475   3.451107     0.3163      7.929   204.2747 1.8221e+03     2.3359     -0.596     -0.865    24.7683 0.0000e+00
     -0.608 -1.878e-08     7.3034     75.914      3.292   3.267788     0.2943      7.932   200.9570 1.4431e+03     2.3190     -0.596     -0.864    24.7393 0.0000e+00
     -0.608 -2.066e-07     7.0270     74.238      3.173   3.148829     0.0634      7.940   198.9630 6.8444e+02     2.2038     -0.596     -0.864    24.7111 0.0000e+00
     -0.608 -2.066e-07     6.7473     73.358      3.115   3.089669    -0.4028      7.949   197.1164 2.4867e+02     1.9343     -0.596     -0.865    24.6839 0.0000e+00
     -0.607 -1.878e-08     6.4958     73.196      3.086   3.059253    -0.6479      7.959   195.0625 1.8989e+02     1.8607     -0.596     -0.864    24.6579 0.0000e+00
     -0.607 -1.707e-09     6.2935     73.579      3.063   3.034457    -0.6285      7.969   193.1449 1.7385e+02     1.9627     -0.596     -0.864    24.6327 0.0000e+00
     -0.607 -1.552e-10     6.1546     74.333      3.074   3.043237    -0.5256      7.979   192.2573 1.6905e+02     2.2455     -0.595     -0.863    24.6082 0.0000e+00
     -0.607 -1.411e-11     6.0866     75.288      3.071   3.038722    -0.3775      7.988   191.8153 1.6745e+02     2.6843     -0.595     -0.863    24.5842 0.0000e+00
     -0.608 -1.283e-12     6.0819     76.323      3.013   2.979848    -0.3192      7.998   190.4680 1.6649e+02     2.8272     -0.596     -0.864    24.5607 0.0000e+00
     -0.608 -1.166e-13     6.1212     77.387      2.999   2.964865    -0.3207      8.007   189.1312 1.7612e+02     2.8458     -0.596     -0.864    24.5350 0.0000e+00
     -0.607 -1.060e-14     6.1925     78.437      3.019   2.984251    -0.3198      8.014   188.3857 2.0403e+02     3.2176     -0.596     -0.864    24.5067 0.0000e+00
     -0.607 -9.640e-16     6.2797     79.463      2.997   2.960866    -0.3506      8.020   188.2513 2.3103e+02     3.7701     -0.596     -0.864    24.4804 0.0000e+00
     -0.607 -8.760e-17     6.3685     80.445      2.972   2.935498    -0.3676      8.027   188.8830 2.4260e+02     4.0944     -0.595     -0.863    24.4574 0.0000e+00
     -0.607 -7.965e-18     6.4623     81.330      2.968   2.930907    -0.3509      8.036   189.6567 2.4663e+02     4.1999     -0.596     -0.864    24.4370 0.0000e+00
     -0.607 -7.240e-19     6.5517     82.151      2.944   2.905350    -0.3491      8.044   189.6911 2.4990e+02     4.1923     -0.596     -0.864    24.4182 0.0000e+00
     -0.607 -6.585e-20     6.6393     82.950      2.919   2.879872    -0.3704      8.050   189.0416 2.5298e+02     3.9673     -0.595     -0.863    24.4003 0.0000e+00
     -0.607 -5.985e-21     6.7275     83.701      2.916   2.876244    -0.3751      8.054   188.7721 2.5464e+02     3.6668     -0.596     -0.864    24.3831 0.0000e+00
     -0.607 -5.440e-22     6.8010     84.401      2.902   2.861474    -0.3557      8.058   188.6696 2.5414e+02     3.5645     -0.596     -0.864    24.3663 0.0000e+00
     -0.607 -4.946e-23     6.8698     85.094      2.869   2.827983    -0.3523      8.063   188.4896 2.5326e+02     3.6187     -0.596     -0.864    24.3497 0.0000e+00
     -0.607 -4.496e-24     6.9404     85.763      2.829   2.788032    -0.3015      8.069   189.0049 2.5249e+02     4.5610     -0.596     -0.864    24.3334 0.0000e+00
     -0.607 -4.088e-25     7.0065     86.406      2.800   2.758504    -0.1820      8.075   192.8355 2.5229e+02     6.4175     -0.596     -0.864    24.3175 0.0000e+00
     -0.607 -3.716e-26     7.0633     87.070      2.766   2.724343    -0.1148      8.081   198.3246 2.5470e+02     7.4490     -0.596     -0.864    24.3018 0.0000e+00
     -0.607 -3.378e-27     7.1257     87.712      2.734   2.691704    -0.1133      8.087   199.7925 2.5916e+02     7.4007     -0.595     -0.863    24.2861 0.0000e+00
     -0.607 -3.071e-28     7.1848     88.283      2.724   2.680590    -0.1887      8.092   198.9684 2.6232e+02     6.2430     -0.595     -0.864    24.2705 0.0000e+00
     -0.607 -2.792e-29     7.2363     88.799      2.697   2.653317    -0.3107      8.095   198.7707 2.6260e+02     4.2459     -0.596     -0.864    24.2550 0.0000e+00
     -0.607 -2.538e-30     7.2972     89.266      2.659   2.615324    -0.3558      8.097   198.6058 2.6161e+02     3.2025     -0.595     -0.864    24.2390 0.0000e+00
     -0.607 -2.307e-31     7.3558     89.711      2.645   2.601289    -0.3518      8.100   198.2656 2.6084e+02     3.0901     -0.595     -0.864    24.2231 0.0000e+00
     -0.607 -2.098e-32     7.4027     90.151      2.655   2.610311    -0.2778      8.104   196.2060 2.6016e+02     3.0912     -0.595     -0.863    24.2081 0.0000e+00
     -0.607 -1.923e-33     7.4502     90.538      2.643   2.597719    -0.1032      8.108   192.8035 2.6000e+02     3.2161     -0.595     -0.864    24.1928 0.0000e+00
     -0.607 -3.467e-34     7.4893     90.710      2.621   2.575722    -0.0048      8.109   191.1985 2.6123e+02     3.3027     -0.596     -0.864    24.1782 0.0000e+00
     -0.607 -9.990e-29     7.5281 -9.990e-29 -9.990e-29 -9.990e-29 -9.990e-29 -9.990e-29 -9.990e-29 2.6337e+02 -9.990e-29     -0.595     -0.864    24.1626 0.0000e+00
     -0.607 -9.990e-29     7.5681 -9.990e-29 -9.990e-29 -9.990e-29 -9.990e-29 -9.990e-29 -9.990e-29 2.6527e+02 -9.990e-29     -0.595     -0.863    24.1488 0.0000e+00
     -0.607 -9.990e-29     7.6072 -9.990e-29 -9.990e-29 -9.990e-29 -9.990e-29 -9.990e-29 -9.990e-29 2.6614e+02 -9.990e-29     -0.596     -0.864    24.1320 0.0000e+00
     -0.607 -9.990e-29     7.6328 -9.990e-29 -9.990e-29 -9.990e-29 -9.990e-29 -9.990e-29 -9.990e-29 2.6627e+02 -9.990e-29     -0.595     -0.863    24.1201 0.0000e+00
