Data/DataNotYetUploadedToEDI/Raw_CTD/RawDownloads/071422_ccr50_7809004.cnv
* Sea-Bird SBE19plus  Data File:
* FileName = C:\R\Reservoirs\Data\DataNotYetUploadedToEDI\Raw_CTD\RawDownloads\071122_bvr40_0004.hex
* Software version 2.8.0.119
* Temperature SN = 7809
* Conductivity SN = 7809
* System UpLoad Time = Jul 14 2022 16:08:41
* <ApplicationData>
* <Seaterm232>
# nquan = 15
# nvalues = 4017                        
# units = specified
# name 0 = depFM: Depth [fresh water, m]
# name 1 = dz/dtM: Descent Rate [m/s]
# name 2 = sbeox0Mg/L: Oxygen, SBE 43 [mg/l]
# name 3 = sbeox0PS: Oxygen, SBE 43 [% saturation]
# name 4 = specc: Specific Conductance [uS/cm]
# name 5 = c0uS/cm: Conductivity [uS/cm]
# name 6 = flECO-AFL: Fluorescence, WET Labs ECO-AFL/FL [mg/m^3]
# name 7 = ph: pH
# name 8 = orp: Oxidation Reduction Potential [mV]
# name 9 = par/sat/log: PAR/Logarithmic, Satlantic
# name 10 = turbWETntu0: Turbidity, WET Labs ECO [NTU]
# name 11 = prdM: Pressure, Strain Gauge [db]
# name 12 = prdE: Pressure, Strain Gauge [psi]
# name 13 = tv290C: Temperature [ITS-90, deg C]
# name 14 = flag:  0.000e+00
# span 0 =     -0.452,     21.285       
# span 1 =     -0.218,      0.330       
# span 2 =     0.0584,     9.4380       
# span 3 =      0.536,    105.090       
# span 4 =      0.422,    133.632       
# span 5 =   0.463537,  94.959817       
# span 6 =    -0.3786,   227.4442       
# span 7 =     -2.195,      8.384       
# span 8 = -1240.7455,   420.4929       
# span 9 = 1.2348e-01, 2.0399e+03       
# span 10 =    -0.9449,    37.7226      
# span 11 =     -0.444,     20.874      
# span 12 =     -0.643,     30.275      
# span 13 =    10.5174,    29.8977      
# span 14 = 0.0000e+00, 0.0000e+00      
# interval = seconds: 0.25
# start_time = Jul 14 2022 07:35:56 [Instrument's time stamp, header]
# bad_flag = -9.990e-29
*END*
[from data line 1832]
     15.628     -0.003     5.0311     45.657    100.916  72.735138     0.3881      7.162   254.9458 1.2365e-01     2.7361     15.325     22.227    11.0332 0.0000e+00
     15.629      0.000     5.0341     45.672    100.893  72.718054     0.3832      7.162   254.8307 1.2362e-01     2.8001     15.327     22.230    11.0355 0.0000e+00
     15.631      0.002     5.0331     45.678    100.920  72.736387     0.3949      7.162   254.8619 1.2361e-01     2.9374     15.329     22.232    11.0358 0.0000e+00
     15.632      0.002     5.0288     45.673    100.960  72.766210     0.4057      7.162   254.9785 1.2363e-01     2.9959     15.330     22.234    11.0344 0.0000e+00
     15.633      0.001     5.0281     45.659    100.948  72.760994     0.3976      7.161   255.0359 1.2364e-01     2.9614     15.332     22.237    11.0346 0.0000e+00
     15.633     -0.001     5.0318     45.645    100.909  72.736855     0.3796      7.160   254.9530 1.2362e-01     2.9303     15.332     22.237    11.0351 0.0000e+00
     15.632     -0.003     5.0321     45.655    100.894  72.728467     0.3706      7.160   254.8370 1.2367e-01     2.9273     15.330     22.234    11.0334 0.0000e+00
     15.630     -0.004     5.0311     45.682    100.885  72.723108     0.3723      7.160   255.0099 1.2373e-01     2.9592     15.328     22.231    11.0336 0.0000e+00
     15.628     -0.006     5.0296     45.688    100.900  72.735591     0.3835      7.159   255.1508 1.2373e-01     3.0085     15.325     22.228    11.0365 0.0000e+00
     15.628     -0.006     5.0261     45.672    100.919  72.752338     0.3980      7.159   255.0773 1.2368e-01     2.9769     15.325     22.227    11.0385 0.0000e+00
     15.628     -0.005     5.0271     45.658    100.890  72.735010     0.3988      7.159   255.0681 1.2361e-01     2.8494     15.327     22.229    11.0399 0.0000e+00
     15.625     -0.002     5.0329     45.645    100.864  72.716677     0.3847      7.159   255.0394 1.2361e-01     2.7310     15.324     22.226    11.0401 0.0000e+00
     15.621      0.003     5.0332     45.620    100.879  72.721264     0.3762      7.159   254.9885 1.2365e-01     2.7068     15.319     22.217    11.0401 0.0000e+00
     15.621      0.007     5.0295     45.596    100.899  72.726936     0.3802      7.159   254.9694 1.2365e-01     2.7960     15.318     22.215    11.0425 0.0000e+00
     15.624      0.010     5.0280     45.585    100.901  72.721720     0.3910      7.159   254.9805 1.2356e-01     2.9214     15.321     22.221    11.0447 0.0000e+00
     15.631      0.010     5.0276     45.586    100.898  72.721719     0.4071      7.158   255.0366 1.2350e-01     2.9932     15.328     22.232    11.0452 0.0000e+00
     15.638      0.008     5.0241     45.600    100.893  72.726926     0.4168      7.158   255.0446 1.2355e-01     3.0149     15.338     22.246    11.0422 0.0000e+00
     15.642      0.005     5.0216     45.627    100.878  72.721152     0.4086      7.158   254.9914 1.2370e-01     2.9791     15.343     22.252    11.0362 0.0000e+00
     15.639      0.002     5.0212     45.650    100.871  72.715441     0.3994      7.157   254.9096 1.2375e-01     2.9368     15.337     22.245    11.0317 0.0000e+00
     15.634     -0.003     5.0213     45.650    100.879  72.721401     0.3971      7.156   255.0031 1.2360e-01     2.9474     15.332     22.236    11.0332 0.0000e+00
     15.631     -0.010     5.0214     45.632    100.886  72.729685     0.3972      7.156   255.2607 1.2348e-01     2.9701     15.327     22.230    11.0399 0.0000e+00
     15.632     -0.021     5.0251     45.617    100.911  72.752085     0.4005      7.156   255.3571 1.2350e-01     3.0068     15.329     22.234    11.0431 0.0000e+00
     15.635     -0.035     5.0289     45.607    100.972  72.801651     0.3957      7.156   255.3936 1.2354e-01     3.0145     15.335     22.241    11.0406 0.0000e+00
     15.631     -0.049     5.0287     45.589    100.983  72.820755     0.3888      7.155   255.5303 1.2358e-01     2.9267     15.332     22.238    11.0403 0.0000e+00
     15.614     -0.056     5.0253     45.582    100.922  72.792492     0.3835      7.155   255.5473 1.2362e-01     2.7997     15.318     22.217    11.0432 0.0000e+00
     15.583     -0.051     5.0226     45.607    100.882  72.777594     0.3820      7.156   255.5133 1.2361e-01     2.7423     15.282     22.166    11.0450 0.0000e+00
     15.551     -0.036     5.0238     45.657    100.864  72.767692     0.4030      7.156   255.5495 1.2357e-01     2.8135     15.242     22.107    11.0465 0.0000e+00
     15.537     -0.012     5.0189     45.697    100.838  72.736300     0.4385      7.156   255.4690 1.2355e-01     2.9432     15.229     22.087    11.0522 0.0000e+00
     15.544      0.013     5.0163     45.722    100.839  72.715667     0.4535      7.156   255.4006 1.2360e-01     2.9777     15.239     22.102    11.0615 0.0000e+00
     15.566      0.032     5.0185     45.757    100.854  72.708789     0.4513      7.156   255.4101 1.2368e-01     2.9233     15.263     22.137    11.0697 0.0000e+00
     15.593      0.041     5.0252     45.793    100.874  72.716646     0.4372      7.155   255.3264 1.2371e-01     2.9016     15.295     22.184    11.0727 0.0000e+00
     15.611      0.039     5.0319     45.808    100.919  72.747129     0.4076      7.155   255.2479 1.2368e-01     2.9199     15.316     22.213    11.0650 0.0000e+00
     15.614      0.031     5.0328     45.788    100.934  72.759714     0.3920      7.155   255.2361 1.2370e-01     2.9735     15.315     22.213    11.0512 0.0000e+00
     15.609      0.024     5.0397     45.762    100.908  72.741749     0.3899      7.156   255.1839 1.2370e-01     3.0379     15.305     22.199    11.0418 0.0000e+00
     15.607      0.021     5.0443     45.754    100.885  72.720511     0.3998      7.156   255.2179 1.2367e-01     3.0153     15.301     22.192    11.0396 0.0000e+00
     15.612      0.024     5.0472     45.730    100.863  72.693503     0.4196      7.156   255.3898 1.2368e-01     2.9391     15.307     22.201    11.0394 0.0000e+00
     15.623      0.025     5.0439     45.702    100.844  72.669300     0.4299      7.156   255.4552 1.2368e-01     2.9021     15.321     22.221    11.0405 0.0000e+00
     15.638      0.020     5.0372     45.686    100.869  72.681987     0.4327      7.155   255.4931 1.2368e-01     2.8755     15.335     22.242    11.0428 0.0000e+00
     15.650      0.008     5.0416     45.662    100.919  72.719832     0.4200      7.154   255.5899 1.2373e-01     2.8901     15.351     22.264    11.0397 0.0000e+00
     15.655     -0.003     5.0374     45.626    100.942  72.745715     0.4011      7.154   255.5065 1.2373e-01     3.0102     15.358     22.274    11.0330 0.0000e+00
     15.647     -0.009     5.0335     45.581    100.919  72.740823     0.3961      7.154   255.3452 1.2366e-01     3.0978     15.348     22.262    11.0270 0.0000e+00
     15.627     -0.010     5.0348     45.523    100.889  72.724232     0.3925      7.154   255.3611 1.2362e-01     3.0275     15.324     22.226    11.0240 0.0000e+00
     15.612     -0.008     5.0313     45.476    100.909  72.735705     0.3833      7.153   255.4403 1.2365e-01     2.8775     15.299     22.189    11.0245 0.0000e+00
     15.617     -0.003     5.0264     45.461    100.936  72.752474     0.3760      7.153   255.4418 1.2365e-01     2.7880     15.309     22.204    11.0302 0.0000e+00
     15.633      0.004     5.0215     45.465    100.913  72.736399     0.3869      7.153   255.4656 1.2364e-01     2.7991     15.336     22.244    11.0390 0.0000e+00
     15.641      0.008     5.0135     45.481    100.903  72.731925     0.4066      7.154   255.5560 1.2364e-01     2.8401     15.343     22.254    11.0403 0.0000e+00
     15.639      0.007     5.0069     45.504    100.939  72.761912     0.3981      7.154   255.5029 1.2364e-01     2.8396     15.336     22.243    11.0367 0.0000e+00
     15.636     -0.001     5.0075     45.529    100.959  72.781329     0.3751      7.153   255.3394 1.2365e-01     2.8280     15.332     22.238    11.0355 0.0000e+00
     15.634     -0.008     5.0070     45.555    100.945  72.776113     0.3705      7.153   255.3003 1.2370e-01     2.8706     15.332     22.236    11.0363 0.0000e+00
     15.631     -0.009     5.0090     45.565    100.920  72.762379     0.3757      7.153   255.2881 1.2374e-01     2.9100     15.330     22.234    11.0381 0.0000e+00
     15.627     -0.006     5.0121     45.553    100.890  72.742337     0.3802      7.153   255.1920 1.2369e-01     2.8943     15.325     22.228    11.0397 0.0000e+00
     15.623     -0.001     5.0136     45.552    100.867  72.724378     0.3992      7.153   255.0846 1.2363e-01     2.8863     15.320     22.219    11.0423 0.0000e+00
     15.623      0.003     5.0176     45.577    100.886  72.735830     0.4307      7.153   255.1079 1.2365e-01     2.9149     15.320     22.220    11.0453 0.0000e+00
     15.626      0.004     5.0189     45.601    100.911  72.753732     0.4458      7.153   255.3878 1.2372e-01     2.9683     15.322     22.223    11.0473 0.0000e+00
     15.632      0.003     5.0157     45.613    100.903  72.750246     0.4400      7.153   255.7156 1.2374e-01     2.9849     15.330     22.234    11.0484 0.0000e+00
     15.637     -0.002     5.0141     45.624    100.905  72.757209     0.4182      7.153   255.7152 1.2367e-01     2.9101     15.337     22.243    11.0474 0.0000e+00
     15.637     -0.007     5.0197     45.628    100.915  72.774396     0.3908      7.153   255.5549 1.2360e-01     2.8147     15.336     22.242    11.0459 0.0000e+00
     15.633     -0.011     5.0227     45.636    100.892  72.767475     0.3838      7.152   255.4991 1.2360e-01     2.7888     15.332     22.238    11.0454 0.0000e+00
     15.623     -0.013     5.0222     45.653    100.846  72.737075     0.3914      7.151   255.4711 1.2356e-01     2.8363     15.321     22.222    11.0461 0.0000e+00
     15.614     -0.011     5.0248     45.666    100.838  72.724478     0.3905      7.151   255.4733 1.2359e-01     2.9106     15.309     22.205    11.0494 0.0000e+00
     15.610     -0.006     5.0235     45.680    100.879  72.742219     0.3816      7.151   255.5259 1.2368e-01     2.9356     15.306     22.200    11.0543 0.0000e+00
     15.614      0.000     5.0230     45.695    100.918  72.760989     0.3755      7.152   255.5912 1.2368e-01     2.8661     15.311     22.207    11.0601 0.0000e+00
     15.619      0.006     5.0263     45.682    100.921  72.760819     0.3834      7.153   255.5742 1.2369e-01     2.8554     15.318     22.217    11.0632 0.0000e+00
     15.622      0.011     5.0275     45.667    100.888  72.740154     0.4109      7.153   255.4935 1.2374e-01     2.9424     15.320     22.221    11.0588 0.0000e+00
     15.624      0.014     5.0287     45.671    100.831  72.701729     0.4413      7.152   255.4750 1.2367e-01     2.9960     15.322     22.223    11.0508 0.0000e+00
     15.626      0.016     5.0346     45.641    100.801  72.677408     0.4432      7.151   255.5227 1.2357e-01     2.9911     15.323     22.225    11.0457 0.0000e+00
     15.630      0.019     5.0311     45.585    100.845  72.700197     0.4339      7.151   255.5540 1.2355e-01     2.9512     15.328     22.231    11.0444 0.0000e+00
     15.636      0.024     5.0262     45.550    100.892  72.723147     0.4367      7.152   255.5952 1.2362e-01     2.9241     15.334     22.238    11.0474 0.0000e+00
     15.642      0.029     5.0319     45.532    100.874  72.700757     0.4354      7.152   255.5906 1.2365e-01     2.9368     15.340     22.248    11.0502 0.0000e+00
     15.650      0.034     5.0273     45.511    100.857  72.683588     0.4348      7.153   255.4128 1.2362e-01     2.9676     15.347     22.259    11.0483 0.0000e+00
     15.660      0.039     5.0184     45.489    100.892  72.706136     0.4377      7.153   255.1655 1.2364e-01     2.9895     15.356     22.272    11.0433 0.0000e+00
     15.671      0.043     5.0165     45.479    100.913  72.719261     0.4372      7.153   255.0105 1.2371e-01     2.9957     15.368     22.290    11.0372 0.0000e+00
     15.683      0.047     5.0164     45.481    100.909  72.715233     0.4371      7.152   255.0014 1.2369e-01     2.9743     15.380     22.307    11.0321 0.0000e+00
     15.695      0.050     5.0140     45.490    100.918  72.720954     0.4363      7.152   255.0554 1.2364e-01     2.9356     15.391     22.323    11.0293 0.0000e+00
     15.708      0.055     5.0108     45.508    100.924  72.724906     0.4360      7.151   255.0605 1.2364e-01     2.9045     15.402     22.340    11.0288 0.0000e+00
     15.722      0.060     5.0097     45.531    100.893  72.699482     0.4500      7.151   254.9771 1.2364e-01     2.9395     15.417     22.360    11.0283 0.0000e+00
     15.737      0.066     5.0108     45.542    100.856  72.667666     0.4810      7.152   254.9071 1.2368e-01     3.0176     15.434     22.384    11.0272 0.0000e+00
     15.753      0.071     5.0111     45.549    100.852  72.657867     0.5111      7.152   254.9026 1.2368e-01     3.0288     15.448     22.405    11.0272 0.0000e+00
     15.773      0.074     5.0133     45.552    100.842  72.644522     0.5146      7.151   254.8371 1.2366e-01     2.9722     15.467     22.432    11.0271 0.0000e+00
     15.796      0.075     5.0173     45.530    100.833  72.633359     0.4991      7.150   254.8044 1.2366e-01     2.9135     15.490     22.467    11.0258 0.0000e+00
     15.819      0.074     5.0181     45.497    100.860  72.649954     0.4813      7.151   254.9366 1.2367e-01     2.8995     15.515     22.502    11.0232 0.0000e+00
     15.837      0.071     5.0184     45.473    100.870  72.654574     0.4573      7.152   255.0586 1.2368e-01     2.9409     15.534     22.529    11.0195 0.0000e+00
     15.852      0.068     5.0217     45.423    100.833  72.625687     0.4503      7.152   255.0741 1.2365e-01     3.0042     15.546     22.547    11.0160 0.0000e+00
     15.867      0.064     5.0184     45.332    100.827  72.618336     0.4635      7.152   255.1241 1.2366e-01     3.0147     15.559     22.566    11.0136 0.0000e+00
     15.883      0.062     5.0125     45.229    100.845  72.629220     0.4675      7.152   255.2339 1.2371e-01     2.9664     15.576     22.591    11.0123 0.0000e+00
     15.900      0.061     5.0136     45.126    100.849  72.630210     0.4564      7.152   255.2833 1.2371e-01     2.9324     15.594     22.616    11.0113 0.0000e+00
     15.917      0.062     5.0084     44.998    100.851  72.630308     0.4461      7.152   255.3770 1.2368e-01     2.9106     15.609     22.638    11.0101 0.0000e+00
     15.932      0.063     4.9969     44.842    100.852  72.630410     0.4425      7.152   255.5060 1.2364e-01     2.8736     15.625     22.661    11.0089 0.0000e+00
     15.946      0.064     4.9842     44.677    100.856  72.631444     0.4455      7.151   255.4673 1.2361e-01     2.8953     15.637     22.680    11.0077 0.0000e+00
     15.961      0.065     4.9758     44.538    100.873  72.642795     0.4578      7.150   255.4250 1.2365e-01     2.9683     15.651     22.700    11.0068 0.0000e+00
     15.978      0.066     4.9607     44.421    100.872  72.640599     0.4664      7.150   255.5110 1.2372e-01     3.0038     15.669     22.725    11.0062 0.0000e+00
     15.997      0.066     4.9437     44.266    100.824  72.604888     0.4579      7.150   255.6465 1.2372e-01     2.9831     15.688     22.755    11.0055 0.0000e+00
     16.016      0.065     4.9235     44.086    100.808  72.592183     0.4383      7.150   255.7731 1.2364e-01     2.9580     15.706     22.781    11.0049 0.0000e+00
     16.033      0.062     4.9068     43.912    100.840  72.614043     0.4292      7.151   255.7513 1.2355e-01     2.9392     15.723     22.804    11.0042 0.0000e+00
     16.048      0.058     4.9004     43.748    100.842  72.615074     0.4394      7.151   255.6412 1.2349e-01     2.9264     15.739     22.827    11.0035 0.0000e+00
