Data/DataNotYetUploadedToEDI/Raw_CTD/RawDownloads/071425_fcr20_S7809003.cnv
* Sea-Bird SBE19plus  Data File:
* FileName = C:\R\Reservoirs\Data\DataNotYetUploadedToEDI\Raw_CTD\RawDownloads\071425_fcr50_S7809_0003.hex
* Software version 2.8.0.119
* Temperature SN = 7809
* Conductivity SN = 7809
* System UpLoad Time = Jul 14 2025 17:14:02
* <ApplicationData>
* <Seaterm232>
# nquan = 15
# nvalues = 1448                        
# units = specified
# name 0 = depFM: Depth [fresh water, m]
# name 1 = dz/dtM: Descent Rate [m/s]
# name 2 = sbeox0Mg/L: Oxygen, SBE 43 [mg/l]
# name 3 = sbeox0PS: Oxygen, SBE 43 [% saturation]
# name 4 = specc: Specific Conductance [uS/cm]
# name 5 = c0uS/cm: Conductivity [uS/cm]
# name 6 = flECO-AFL: Fluorescence, WET Labs ECO-AFL/FL [mg/m^3]
# name 7 = ph: pH
# name 8 = orp: Oxidation Reduction Potential [mV]
# name 9 = par/sat/log: PAR/Logarithmic, Satlantic
# name 10 = turbWETntu0: Turbidity, WET Labs ECO [NTU]
# name 11 = prdM: Pressure, Strain Gauge [db]
# name 12 = prdE: Pressure, Strain Gauge [psi]
# name 13 = tv290C: Temperature [ITS-90, deg C]
# name 14 = flag:  0.000e+00
# span 0 =     -0.625,      3.460       
# span 1 =     -0.356,      0.140       
# span 2 =    -0.0564,     8.8418       
# span 3 =     -0.472,    111.839       
# span 4 =      1.105,    289.802       
# span 5 =   1.096446, 233.291706       
# span 6 =    -0.4675,    48.5853       
# span 7 =      8.107,      9.669       
# span 8 =   -82.7794,   206.1442       
# span 9 = 6.5730e-01, 2.4411e+03       
# span 10 =    -1.6946,   118.1096      
# span 11 =     -0.613,      3.394      
# span 12 =     -0.889,      4.923      
# span 13 =    14.4318,    27.8415      
# span 14 = 0.0000e+00, 0.0000e+00      
# interval = seconds: 0.25
# start_time = Jul 14 2025 12:14:22 [Instrument's time stamp, header]
# bad_flag = -9.990e-29
*END*
[from data line 868]
      2.478      0.013     0.2516      2.142     50.531  44.318741    29.5913      8.393   163.7102 2.4631e+01    10.3964      2.431      3.524    18.6692 0.0000e+00
      2.482      0.013     0.2263      2.315     50.741  44.522366    29.8251      8.393   163.7849 2.4521e+01    10.2619      2.434      3.530    18.7033 0.0000e+00
      2.485      0.013     0.2058      2.625     50.940  44.682186    29.7851      8.393   163.8415 2.4414e+01    10.2969      2.437      3.534    18.7513 0.0000e+00
      2.487      0.013     0.1923      3.011     51.033  44.727616    29.2317      8.393   163.7921 2.4292e+01    10.3755      2.439      3.538    18.8038 0.0000e+00
      2.490      0.012     0.1946      3.378     50.963  44.627265    28.2193      8.393   163.5312 2.4129e+01    10.3582      2.442      3.542    18.8570 0.0000e+00
      2.493      0.010     0.2102      3.624     50.904  44.547922    27.6657      8.394   163.1823 2.3915e+01    10.2591      2.445      3.547    18.8829 0.0000e+00
      2.498      0.009     0.2416      3.714     51.113  44.720416    27.5983      8.394   163.0153 2.3691e+01    10.1346      2.450      3.553    18.8612 0.0000e+00
      2.501      0.009     0.2804      3.681     51.505  45.062427    27.4789      8.393   163.1473 2.3541e+01    10.1506      2.453      3.557    18.8170 0.0000e+00
      2.501      0.010     0.3193      3.566     51.818  45.318772    27.3046      8.393   163.3157 2.3414e+01    10.3497      2.453      3.558    18.7762 0.0000e+00
      2.501      0.011     0.3437      3.420     51.971  45.407612    27.2219      8.394   163.2449 2.3214e+01    10.4922      2.451      3.555    18.7447 0.0000e+00
      2.504      0.012     0.3496      3.243     52.006  45.374766    27.2025      8.394   163.0653 2.2971e+01    10.5081      2.454      3.559    18.7372 0.0000e+00
      2.509      0.014     0.3466      2.998     52.003  45.302427    27.0788      8.394   162.9507 2.2729e+01    10.4388      2.460      3.568    18.7477 0.0000e+00
      2.514      0.016     0.3327      2.698     52.070  45.294648    25.9933      8.394   162.8920 2.2517e+01    10.4735      2.465      3.575    18.7353 0.0000e+00
      2.518      0.017     0.3197      2.375     52.193  45.344107    24.0653      8.395   162.8723 2.2347e+01    10.6891      2.470      3.582    18.6873 0.0000e+00
      2.522      0.017     0.3061      2.040     52.306  45.392511    23.0102      8.396   162.8848 2.2207e+01    10.7911      2.475      3.588    18.6210 0.0000e+00
      2.526      0.017     0.2825      1.722     52.550  45.562431    22.6409      8.396   162.8704 2.2089e+01    10.7165      2.477      3.593    18.5508 0.0000e+00
      2.530      0.017     0.2531      1.456     53.020  45.938468    19.5170      8.395   162.7837 2.1991e+01    10.4352      2.481      3.598    18.4870 0.0000e+00
      2.534      0.017     0.2238      1.235     53.560  46.384131    13.7872      8.395   162.6976 2.1894e+01    10.0550      2.485      3.604    18.4319 0.0000e+00
      2.539      0.017     0.1914      1.047     54.168  46.887967    10.6589      8.395   162.6895 2.1814e+01     9.9459      2.490      3.611    18.3843 0.0000e+00
      2.544      0.018     0.1592      0.907     55.013  47.586352    10.3000      8.395   162.7722 2.1794e+01     9.9698      2.494      3.618    18.3431 0.0000e+00
      2.548      0.021     0.1357      0.817     55.866  48.289058     9.1063      8.394   162.8366 2.1796e+01     9.7287      2.499      3.624    18.3136 0.0000e+00
      2.552      0.023     0.1156      0.770     56.316  48.654528     6.9138      8.393   162.8651 2.1738e+01     9.3196      2.502      3.629    18.2959 0.0000e+00
      2.557      0.024     0.0968      0.761     56.544  48.830723     5.6962      8.391   163.0312 2.1600e+01     9.1911      2.507      3.636    18.2805 0.0000e+00
      2.566      0.024     0.0833      0.732     56.660  48.895598     5.5373      8.391   163.3819 2.1431e+01     9.2340      2.515      3.648    18.2485 0.0000e+00
      2.575      0.023     0.0763      0.643     56.466  48.676983     5.1586      8.389   163.8365 2.1311e+01     9.2231      2.526      3.663    18.2089 0.0000e+00
      2.582      0.022     0.0705      0.550     56.203  48.409581     4.4888      8.387   164.1396 2.1272e+01     9.2639      2.533      3.673    18.1907 0.0000e+00
      2.585      0.020     0.0721      0.475     55.980  48.202051     4.1133      8.385   164.1215 2.1270e+01     9.2144      2.535      3.677    18.1818 0.0000e+00
      2.588      0.018     0.0730      0.393     55.608  47.881950     4.0487      8.384   163.9620 2.1250e+01     9.1384      2.537      3.680    18.1511 0.0000e+00
      2.591      0.018     0.0598      0.309     55.333  47.650200     3.9735      8.383   163.7594 2.1196e+01     9.3353      2.540      3.686    18.0937 0.0000e+00
      2.596      0.019     0.0508      0.214     55.367  47.685581     3.8872      8.381   163.4780 2.1132e+01     9.6477      2.546      3.693    18.0512 0.0000e+00
      2.601      0.020     0.0464      0.135     55.421  47.738361     3.8698      8.379   163.1413 2.1080e+01     9.7728      2.550      3.700    18.0449 0.0000e+00
      2.607      0.020     0.0360      0.121     55.316  47.653495     3.8718      8.378   162.7856 2.1029e+01     9.7546      2.556      3.707    18.0476 0.0000e+00
      2.613      0.019     0.0303      0.134     55.189  47.548301     3.8616      8.377   162.6189 2.0954e+01     9.8035      2.562      3.715    18.0522 0.0000e+00
      2.618      0.017     0.0204      0.135     55.188  47.545771     3.8878      8.375   162.6754 2.0889e+01     9.8861      2.568      3.725    18.0594 0.0000e+00
      2.623      0.015     0.0088      0.135     55.289  47.622900     3.9312      8.375   162.7803 2.0904e+01     9.8993      2.573      3.732    18.0642 0.0000e+00
      2.626      0.013     0.0113      0.156     55.428  47.718995     3.9777      8.374   162.9407 2.0979e+01     9.9629      2.576      3.735    18.0694 0.0000e+00
      2.628      0.012     0.0135      0.192     55.666  47.882286     3.9922      8.372   163.0655 2.1039e+01     9.9723      2.578      3.738    18.0744 0.0000e+00
      2.629      0.012     0.0127      0.217     55.949  48.073457     3.9984      8.372   163.0848 2.1071e+01    10.0128      2.579      3.740    18.0750 0.0000e+00
      2.632      0.013     0.0120      0.240     56.140  48.189197     4.0531      8.372   163.0020 2.1069e+01    10.2827      2.581      3.743    18.0672 0.0000e+00
      2.636      0.014     0.0134      0.257     56.189  48.202306     4.1124      8.371   162.8388 2.1043e+01    10.5367      2.585      3.750    18.0478 0.0000e+00
      2.641      0.014     0.0199      0.256     56.142  48.168426     4.1832      8.370   162.5742 2.1008e+01    10.6574      2.591      3.758    18.0092 0.0000e+00
      2.645      0.014     0.0199      0.261     56.084  48.160510     4.6174      8.370   162.2127 2.0980e+01    10.5815      2.595      3.764    17.9561 0.0000e+00
      2.649      0.013     0.0230      0.282     56.108  48.233618     5.3837      8.369   161.9954 2.0958e+01    10.3366      2.598      3.768    17.9086 0.0000e+00
      2.652      0.012     0.0258      0.315     56.350  48.481032     5.7987      8.367   162.0117 2.0897e+01    10.1891      2.601      3.772    17.8774 0.0000e+00
      2.655      0.011     0.0235      0.344     56.847  48.929868     5.8235      8.365   162.0649 2.0824e+01    10.2676      2.604      3.777    17.8806 0.0000e+00
      2.657      0.011     0.0245      0.372     57.469  49.470063     5.4836      8.365   162.0366 2.0783e+01    10.3633      2.606      3.779    17.9285 0.0000e+00
      2.660      0.012     0.0258      0.401     58.024  49.933075     4.8021      8.365   162.0137 2.0730e+01    10.2876      2.609      3.783    17.9849 0.0000e+00
      2.663      0.012     0.0306      0.427     58.456  50.273997     4.4006      8.364   161.9599 2.0624e+01    10.1717      2.611      3.787    18.0201 0.0000e+00
      2.666      0.012     0.0324      0.450     58.873  50.607805     4.3335      8.364   161.8167 2.0500e+01    10.0897      2.615      3.793    18.0354 0.0000e+00
      2.670      0.012     0.0350      0.469     59.402  51.048239     4.3311      8.363   161.7452 2.0392e+01    10.3197      2.619      3.798    18.0428 0.0000e+00
      2.673      0.013     0.0383      0.474     59.860  51.408367     4.3467      8.361   161.6967 2.0321e+01    10.8695      2.621      3.802    18.0316 0.0000e+00
      2.675      0.016     0.0403      0.454     59.885  51.342620     4.3392      8.360   161.4024 2.0286e+01    11.1696      2.623      3.805    17.9926 0.0000e+00
      2.677      0.021     0.0431      0.424     60.115  51.396156     4.3067      8.357   160.9405 2.0196e+01    11.1816      2.624      3.806    17.9698 0.0000e+00
      2.682      0.030     0.0445      0.390     61.457  52.372910     4.1874      8.353   160.5857 1.9999e+01    11.4922      2.629      3.813    17.9701 0.0000e+00
      2.690      0.040     0.0463      0.358     62.975  53.499900     4.0289      8.351   160.2958 1.9728e+01    12.2264      2.637      3.824    17.9535 0.0000e+00
      2.701      0.048     0.0432      0.328     63.486  53.782191     3.9714      8.348   159.9306 1.9322e+01    12.7481      2.646      3.838    17.8824 0.0000e+00
      2.717      0.052     0.0403      0.302     63.292  53.499732     3.9748      8.345   159.6118 1.8735e+01    12.8814      2.661      3.861    17.7506 0.0000e+00
      2.738      0.051     0.0374      0.279     63.011  53.196377     3.9703      8.342   159.4528 1.8188e+01    12.8816      2.685      3.896    17.6044 0.0000e+00
      2.756      0.046     0.0339      0.255     62.924  53.099052     3.9666      8.340   159.2992 1.7878e+01    12.9901      2.705      3.924    17.4715 0.0000e+00
      2.766      0.039     0.0318      0.244     62.989  53.148534     3.9722      8.338   159.1314 1.7747e+01    13.3043      2.715      3.937    17.3449 0.0000e+00
      2.771      0.030     0.0284      0.240     62.926  53.096096     3.9801      8.337   159.0583 1.7682e+01    13.5380      2.719      3.943    17.2419 0.0000e+00
      2.773      0.023     0.0275      0.233     62.540  52.782550     4.0041      8.334   158.9311 1.7612e+01    13.6635      2.720      3.945    17.1949 0.0000e+00
      2.776      0.019     0.0237      0.225     62.118  52.469190     4.0954      8.332   158.6251 1.7493e+01    13.7296      2.722      3.948    17.1843 0.0000e+00
      2.780      0.018     0.0231      0.214     62.053  52.482527     4.2014      8.332   158.1984 1.7311e+01    13.6538      2.725      3.953    17.1834 0.0000e+00
      2.786      0.019     0.0238      0.220     62.228  52.689900     4.2199      8.331   157.8165 1.7089e+01    13.5333      2.732      3.963    17.1851 0.0000e+00
      2.793      0.019     0.0216      0.242     62.429  52.880984     4.2030      8.329   157.5345 1.6906e+01    13.4673      2.740      3.974    17.1844 0.0000e+00
      2.799      0.018     0.0227      0.262     62.686  53.078319     4.1719      8.329   157.0261 1.6782e+01    13.4372      2.746      3.982    17.2190 0.0000e+00
      2.803      0.017     0.0194      0.307     63.072  53.361212     4.1024      8.328   155.8847 1.6691e+01    13.3742      2.750      3.988    17.2895 0.0000e+00
      2.807      0.017     0.0201      0.360     63.459  53.634129     4.0606      8.327   153.8876 1.6631e+01    13.3207      2.753      3.992    17.3437 0.0000e+00
      2.809      0.017     0.0244      0.380     63.703  53.774319     4.0418      8.326   151.1196 1.6558e+01    13.2677      2.755      3.995    17.3622 0.0000e+00
      2.813      0.018     0.0236      0.390     63.880  53.849525     4.0502      8.325   148.0557 1.6432e+01    13.3150      2.757      3.999    17.3382 0.0000e+00
      2.818      0.018     0.0285      0.411     64.033  53.908281     4.1285      8.324   145.3221 1.6268e+01    13.6532      2.762      4.006    17.2986 0.0000e+00
      2.824      0.018     0.0371      0.414     64.028  53.849568     4.1975      8.323   143.0197 1.6077e+01    13.9755      2.769      4.016    17.2592 0.0000e+00
      2.831      0.016     0.0365      0.388     63.907  53.711116     4.2020      8.323   140.6092 1.5894e+01    14.0347      2.777      4.027    17.2048 0.0000e+00
      2.836      0.014     0.0362      0.344     63.992  53.758405     4.1835      8.322   138.0299 1.5775e+01    13.7882      2.783      4.035    17.1457 0.0000e+00
      2.839      0.013     0.0410      0.302     64.497  54.167274     4.1651      8.321   135.5811 1.5750e+01    13.3520      2.785      4.039    17.0841 0.0000e+00
      2.839      0.013     0.0408      0.268     65.487  54.971217     4.1629      8.320   133.2849 1.5741e+01    13.1331      2.783      4.037    17.0422 0.0000e+00
      2.839      0.014     0.0384      0.241     67.006  56.175113     4.1728      8.320   131.1744 1.5614e+01    13.1568      2.782      4.035    17.0169 0.0000e+00
      2.843      0.017     0.0329      0.233     69.085  57.799100     4.2098      8.320   129.2486 1.5394e+01    13.2630      2.787      4.042    16.9947 0.0000e+00
      2.850      0.021     0.0289      0.252     71.348  59.552784     4.2779      8.320   127.5536 1.5174e+01    13.2896      2.795      4.054    16.9898 0.0000e+00
      2.857      0.023     0.0258      0.266     72.850  60.672174     4.3215      8.320   126.1674 1.4955e+01    13.2390      2.803      4.065    16.9807 0.0000e+00
      2.864      0.024     0.0228      0.267     73.200  60.851649     4.3215      8.321   125.1359 1.4706e+01    13.2325      2.809      4.074    16.9298 0.0000e+00
      2.871      0.023     0.0209      0.270     73.177  60.769772     4.2935      8.322   124.3737 1.4456e+01    13.1770      2.815      4.083    16.8325 0.0000e+00
      2.877      0.022     0.0251      0.260     73.407  60.952711     4.2749      8.322   123.5768 1.4260e+01    13.4213      2.822      4.093    16.7297 0.0000e+00
      2.881      0.020     0.0270      0.250     73.489  61.030587     4.2877      8.322   122.7282 1.4095e+01    14.0000      2.826      4.099    16.6356 0.0000e+00
      2.885      0.018     0.0246      0.227     73.404  60.949018     4.3068      8.322   121.9434 1.3898e+01    14.2986      2.829      4.103    16.5482 0.0000e+00
      2.890      0.016     0.0284      0.188     73.634  61.109996     4.2900      8.321   121.0568 1.3683e+01    14.2315      2.834      4.111    16.5010 0.0000e+00
      2.894      0.016     0.0244      0.174     74.237  61.579267     4.2429      8.321   119.8370 1.3532e+01    14.0419      2.839      4.119    16.5092 0.0000e+00
      2.898      0.016     0.0249      0.179     75.063  62.239203     4.2196      8.321   118.1222 1.3391e+01    13.9529      2.841      4.122    16.5282 0.0000e+00
      2.901      0.015     0.0239      0.185     75.617  62.672358     4.2330      8.321   115.8109 1.3147e+01    14.0778      2.843      4.126    16.5167 0.0000e+00
      2.906      0.014     0.0160      0.200     75.752  62.750333     4.2632      8.321   113.1428 1.2882e+01    14.2536      2.849      4.133    16.4909 0.0000e+00
      2.911      0.013     0.0167      0.218     75.860  62.800747     4.2607      8.322   110.8133 1.2698e+01    14.2344      2.856      4.142    16.4690 0.0000e+00
      2.914      0.012     0.0180      0.226     76.095  62.964179     4.2191      8.322   109.1548 1.2565e+01    14.0859      2.858      4.145    16.4538 0.0000e+00
      2.915      0.012     0.0172      0.230     76.400  63.201467     4.1926      8.323   107.9756 1.2433e+01    14.0285      2.858      4.146    16.4407 0.0000e+00
      2.918      0.011     0.0195      0.233     76.627  63.382439     4.1736      8.323   107.1379 1.2293e+01    14.0527      2.861      4.150    16.4158 0.0000e+00
