Data/DataNotYetUploadedToEDI/Raw_CTD/RawDownloads/071425_fcr30_S7809004.cnv
* Sea-Bird SBE19plus  Data File:
* FileName = C:\R\Reservoirs\Data\DataNotYetUploadedToEDI\Raw_CTD\RawDownloads\071425_fcr50_S7809_0004.hex
* Software version 2.8.0.119
* Temperature SN = 7809
* Conductivity SN = 7809
* System UpLoad Time = Jul 14 2025 17:14:57
* <ApplicationData>
* <Seaterm232>
# nquan = 15
# nvalues = 2137                        
# units = specified
# name 0 = depFM: Depth [fresh water, m]
# name 1 = dz/dtM: Descent Rate [m/s]
# name 2 = sbeox0Mg/L: Oxygen, SBE 43 [mg/l]
# name 3 = sbeox0PS: Oxygen, SBE 43 [% saturation]
# name 4 = specc: Specific Conductance [uS/cm]
# name 5 = c0uS/cm: Conductivity [uS/cm]
# name 6 = flECO-AFL: Fluorescence, WET Labs ECO-AFL/FL [mg/m^3]
# name 7 = ph: pH
# name 8 = orp: Oxidation Reduction Potential [mV]
# name 9 = par/sat/log: PAR/Logarithmic, Satlantic
# name 10 = turbWETntu0: Turbidity, WET Labs ECO [NTU]
# name 11 = prdM: Pressure, Strain Gauge [db]
# name 12 = prdE: Pressure, Strain Gauge [psi]
# name 13 = tv290C: Temperature [ITS-90, deg C]
# name 14 = flag:  0.000e+00
# span 0 =     -0.625,      5.420       
# span 1 =     -0.354,      0.185       
# span 2 =     0.0207,     9.3369       
# span 3 =      0.222,    115.575       
# span 4 =      5.067,     63.064       
# span 5 =   5.197030,  47.471662       
# span 6 =    -1.9871,   227.6098       
# span 7 =      7.454,      9.827       
# span 8 =    57.0406,   759.3221       
# span 9 = 1.2351e-01, 2.1060e+03       
# span 10 =    -3.1710,   340.4642      
# span 11 =     -0.614,      5.316      
# span 12 =     -0.891,      7.709      
# span 13 =    11.3604,    28.8155      
# span 14 = 0.0000e+00, 0.0000e+00      
# interval = seconds: 0.25
# start_time = Jul 14 2025 12:28:37 [Instrument's time stamp, header]
# bad_flag = -9.990e-29
*END*
[from data line 1832]
      5.407      0.000     4.3457     39.556     47.628  34.685229     0.0109      7.901   149.8922 1.2366e-01     6.2432      5.303      7.691    11.4157 0.0000e+00
      5.407      0.000     4.3475     39.444     47.653  34.704117     0.0237      7.901   150.1309 1.2369e-01     6.2617      5.302      7.690    11.4131 0.0000e+00
      5.407      0.001     4.3410     39.330     47.654  34.705947     0.0147      7.901   150.3787 1.2371e-01     6.2253      5.303      7.691    11.4108 0.0000e+00
      5.407      0.001     4.3292     39.216     47.653  34.707361    -0.0054      7.901   150.7367 1.2376e-01     6.1108      5.302      7.690    11.4096 0.0000e+00
      5.408      0.001     4.3223     39.092     47.669  34.721218    -0.0198      7.901   151.1044 1.2389e-01     6.1071      5.303      7.691    11.4097 0.0000e+00
      5.408      0.001     4.3079     39.020     47.699  34.746598    -0.0018      7.900   151.2973 1.2555e-01     6.2155      5.303      7.691    11.4106 0.0000e+00
      5.408      0.001     4.2941     38.964     47.713  34.760440     0.0216      7.900   151.4344 1.2710e-01     6.2596      5.304      7.692    11.4116 0.0000e+00
      5.408      0.001     4.2858     38.854     47.710  34.761688     0.0132      7.900   151.6429 1.2555e-01     6.1966      5.304      7.692    11.4133 0.0000e+00
      5.409      0.001     4.2651     38.785     47.706  34.761688    -0.0200      7.899   151.9256 1.2384e-01     6.0684      5.304      7.693    11.4162 0.0000e+00
      5.409      0.001     4.2584     38.765     47.701  34.760439    -0.0220      7.899   152.1855 1.2369e-01     6.0415      5.304      7.693    11.4198 0.0000e+00
      5.409      0.001     4.2614     38.720     47.680  34.746598     0.0136      7.899   152.3757 1.2366e-01     6.1440      5.304      7.693    11.4243 0.0000e+00
      5.409      0.001     4.2369     38.666     47.644  34.721228     0.0274      7.899   152.5909 1.2365e-01     6.3177      5.305      7.694    11.4282 0.0000e+00
      5.409      0.001     4.2315     38.619     47.626  34.707490     0.0030      7.899   152.8089 1.2365e-01     6.5018      5.305      7.694    11.4309 0.0000e+00
      5.409      0.001     4.2349     38.575     47.626  34.707385    -0.0314      7.899   153.0317 1.2365e-01     6.5255      5.305      7.695    11.4332 0.0000e+00
      5.410      0.001     4.2260     38.557     47.643  34.719959    -0.0309      7.898   153.3063 1.2368e-01     6.5351      5.305      7.694    11.4348 0.0000e+00
      5.411      0.001     4.2201     38.562     47.658  34.732628    -0.0157      7.898   153.6334 1.2414e-01     6.5838      5.306      7.695    11.4354 0.0000e+00
      5.411      0.001     4.2161     38.562     47.656  34.733676    -0.0307      7.898   153.8890 1.2458e-01     6.5682      5.306      7.696    11.4353 0.0000e+00
      5.411      0.001     4.2094     38.557     47.651  34.732627    -0.0455      7.898   154.0738 1.2418e-01     6.6193      5.306      7.696    11.4349 0.0000e+00
      5.411      0.001     4.2071     38.545     47.629  34.719947    -0.0445      7.898   154.4061 1.2369e-01     6.6896      5.306      7.696    11.4349 0.0000e+00
      5.411      0.001     4.2106     38.535     47.608  34.707258    -0.0280      7.898   154.7229 1.2361e-01     6.7695      5.306      7.696    11.4363 0.0000e+00
      5.411      0.001     4.2085     38.519     47.603  34.706115    -0.0124      7.897   154.8926 1.2361e-01     6.8680      5.307      7.697    11.4387 0.0000e+00
      5.411      0.001     4.2090     38.474     47.599  34.706123    -0.0302      7.895   155.0821 1.2365e-01     6.8899      5.307      7.697    11.4418 0.0000e+00
      5.412      0.001     4.2060     38.414     47.597  34.707361    -0.0347      7.895   155.2921 1.2370e-01     6.9315      5.307      7.698    11.4451 0.0000e+00
      5.412      0.001     4.2048     38.352     47.612  34.721087    -0.0167      7.896   155.4539 1.2370e-01     7.0294      5.308      7.698    11.4484 0.0000e+00
      5.412      0.001     4.2050     38.275     47.642  34.745193    -0.0047      7.896   155.6613 1.2366e-01     7.1511      5.308      7.699    11.4512 0.0000e+00
      5.412      0.001     4.1986     38.221     47.638  34.745038     0.0026      7.896   155.9066 1.2370e-01     7.2425      5.307      7.698    11.4542 0.0000e+00
      5.413      0.001     4.1898     38.214     47.599  34.719211    -0.0117      7.895   156.0976 1.2372e-01     7.2111      5.308      7.699    11.4569 0.0000e+00
      5.413      0.001     4.1863     38.212     47.552  34.686709    -0.0119      7.895   156.3361 1.2367e-01     7.2499      5.308      7.699    11.4595 0.0000e+00
      5.413      0.001     4.1741     38.217     47.526  34.669302     0.0176      7.896   156.6387 1.2365e-01     7.5069      5.309      7.700    11.4624 0.0000e+00
      5.413      0.001     4.1657     38.245     47.565  34.699087     0.0290      7.895   156.9168 1.2369e-01     7.7567      5.309      7.700    11.4654 0.0000e+00
      5.414      0.001     4.1696     38.298     47.604  34.729604     0.0009      7.895   157.2028 1.2371e-01     7.7759      5.309      7.700    11.4678 0.0000e+00
      5.414      0.001     4.1673     38.375     47.591  34.721041    -0.0392      7.896   157.3442 1.2366e-01     7.6713      5.309      7.701    11.4695 0.0000e+00
      5.414      0.001     4.1671     38.442     47.591  34.722455    -0.0314      7.896   157.3364 1.2362e-01     7.7549      5.310      7.701    11.4711 0.0000e+00
      5.414      0.001     4.1704     38.474     47.621  34.746704     0.0115      7.895   157.5379 1.2365e-01     8.0017      5.309      7.701    11.4733 0.0000e+00
      5.415      0.001     4.1753     38.505     47.638  34.760444     0.0136      7.894   157.8027 1.2370e-01     8.0936      5.310      7.701    11.4751 0.0000e+00
      5.415      0.001     4.1847     38.545     47.637  34.761683    -0.0230      7.894   157.9564 1.2371e-01     8.0123      5.310      7.701    11.4765 0.0000e+00
      5.415      0.001     4.1953     38.584     47.634  34.761692    -0.0405      7.893   158.1919 1.2366e-01     8.1115      5.310      7.701    11.4776 0.0000e+00
      5.415      0.001     4.1940     38.624     47.630  34.760548    -0.0226      7.893   158.4991 1.2364e-01     8.4051      5.310      7.702    11.4793 0.0000e+00
      5.415      0.001     4.1983     38.644     47.610  34.747861     0.0109      7.893   158.7453 1.2370e-01     8.5221      5.311      7.702    11.4811 0.0000e+00
      5.416      0.001     4.2035     38.641     47.590  34.735181     0.0151      7.893   158.9317 1.2375e-01     8.4665      5.311      7.703    11.4830 0.0000e+00
      5.416      0.001     4.2059     38.629     47.588  34.734132    -0.0227      7.893   159.2039 1.2371e-01     8.3824      5.311      7.703    11.4855 0.0000e+00
      5.416      0.001     4.2124     38.637     47.591  34.735180    -0.0457      7.893   159.4553 1.2362e-01     8.3933      5.311      7.703    11.4883 0.0000e+00
      5.416      0.001     4.2134     38.675     47.611  34.747851    -0.0220      7.893   159.6475 1.2359e-01     8.5298      5.312      7.704    11.4901 0.0000e+00
      5.417      0.000     4.2136     38.719     47.631  34.760436     0.0143      7.893   159.8932 1.2364e-01     8.5644      5.312      7.705    11.4912 0.0000e+00
      5.417 2.2014e-08     4.2098     38.743     47.633  34.760446     0.0102      7.893   160.0174 1.2368e-01     8.4694      5.312      7.705    11.4917 0.0000e+00
      5.417 2.4216e-07     4.2108     38.758     47.618  34.747977    -0.0135      7.893   160.1166 1.2368e-01     8.4400      5.312      7.704    11.4906 0.0000e+00
      5.417 6.1468e-07     4.2161     38.792     47.604  34.736564    -0.0223      7.892   160.4037 1.2368e-01     8.5170      5.312      7.705    11.4886 0.0000e+00
      5.416      0.000     4.2227     38.845     47.623  34.749351    -0.0213      7.892   160.6497 1.2368e-01     8.5815      5.311      7.703    11.4868 0.0000e+00
      5.416      0.000     4.2250     38.891     47.659  34.775686    -0.0008      7.892   160.7689 1.2365e-01     8.5365      5.312      7.704    11.4849 0.0000e+00
      5.417      0.001     4.2247     38.909     47.694  34.801190    -0.0000      7.893   160.9848 1.2363e-01     8.4167      5.312      7.705    11.4833 0.0000e+00
      5.417      0.001     4.2289     38.894     47.698  34.803916    -0.0113      7.893   161.2809 1.2368e-01     8.4310      5.312      7.704    11.4822 0.0000e+00
      5.417      0.001     4.2361     38.868     47.704  34.808645     0.0130      7.893   161.5091 1.2373e-01     8.5728      5.313      7.706    11.4810 0.0000e+00
      5.417      0.001     4.2418     38.840     47.772  34.858366     0.0355      7.893   161.6792 1.2372e-01     8.6279      5.313      7.705    11.4804 0.0000e+00
      5.417      0.000     4.2443     38.782     47.827  34.897496     0.0200      7.892   161.8752 1.2372e-01     8.5163      5.313      7.705    11.4804 0.0000e+00
      5.418 1.8626e-08     4.2416     38.703     47.834  34.901073    -0.0175      7.891   162.1573 1.2374e-01     8.3505      5.313      7.706    11.4807 0.0000e+00
      5.418 2.0489e-07     4.2372     38.635     47.836  34.901616    -0.0270      7.891   162.4232 1.2371e-01     8.3660      5.313      7.706    11.4813 0.0000e+00
      5.418 2.0489e-07     4.2371     38.579     47.840  34.904057    -0.0035      7.891   162.5090 1.2368e-01     8.5324      5.313      7.706    11.4814 0.0000e+00
      5.418 1.8626e-08     4.2299     38.519     47.876  34.930594     0.0177      7.891   162.5932 1.2375e-01     8.6205      5.313      7.706    11.4803 0.0000e+00
      5.418 1.6933e-09     4.2194     38.453     47.929  34.968674     0.0130      7.890   162.8386 1.2395e-01     8.5432      5.313      7.706    11.4787 0.0000e+00
      5.418 1.5394e-10     4.2127     38.388     47.949  34.983785    -0.0188      7.890   163.0664 1.2564e-01     8.4172      5.313      7.705    11.4779 0.0000e+00
      5.418 1.3994e-11     4.2074     38.335     47.953  34.986406    -0.0263      7.890   163.2830 1.2717e-01     8.4296      5.314      7.706    11.4776 0.0000e+00
      5.418 1.2722e-12     4.2007     38.290     47.972  35.000364     0.0060      7.891   163.5645 1.2553e-01     8.5558      5.313      7.707    11.4774 0.0000e+00
      5.418 1.1565e-13     4.1936     38.244     48.007  35.025652     0.0141      7.891   163.7161 1.2377e-01     8.5771      5.313      7.706    11.4774 0.0000e+00
      5.418 1.0514e-14     4.1854     38.202     48.025  35.038352    -0.0197      7.890   163.7398 1.2364e-01     8.4481      5.313      7.706    11.4776 0.0000e+00
      5.418 9.5585e-16     4.1799     38.156     48.010  35.027027    -0.0450      7.890   163.8513 1.2366e-01     8.3627      5.314      7.707    11.4775 0.0000e+00
      5.418 8.6895e-17     4.1762     38.105     47.995  35.015614    -0.0330      7.889   164.1179 1.2367e-01     8.3983      5.313      7.706    11.4773 0.0000e+00
      5.418 7.8995e-18     4.1697     38.064     48.011  35.027264    -0.0084      7.889   164.3820 1.2371e-01     8.4348      5.314      7.707    11.4775 0.0000e+00
      5.419 7.1815e-19     4.1665     38.032     48.031  35.040982    -0.0142      7.890   164.4632 1.2370e-01     8.3935      5.314      7.707    11.4774 0.0000e+00
      5.419 6.5285e-20     4.1614     37.997     48.050  35.054587    -0.0364      7.890   164.5842 1.2364e-01     8.4113      5.314      7.707    11.4764 0.0000e+00
      5.418 5.9350e-21     4.1550     37.959     48.064  35.064854    -0.0442      7.890   164.8980 1.2363e-01     8.4793      5.313      7.706    11.4757 0.0000e+00
      5.418 5.3955e-22     4.1507     37.947     48.026  35.038225    -0.0242      7.890   165.2461 1.2365e-01     8.4983      5.313      7.706    11.4754 0.0000e+00
      5.418 4.9049e-23     4.1475     37.949     47.953  34.986418     0.0055      7.891   165.5231 1.2370e-01     8.5048      5.314      7.707    11.4747 0.0000e+00
      5.418 4.4590e-24     4.1449     37.939     47.897  34.946049    -0.0015      7.891   165.6670 1.2378e-01     8.4212      5.314      7.707    11.4744 0.0000e+00
      5.418 4.0537e-25     4.1377     37.917     47.875  34.930833    -0.0259      7.891   165.7814 1.2376e-01     8.3761      5.314      7.707    11.4746 0.0000e+00
      5.418 3.6851e-26     4.1375     37.872     47.873  34.929336    -0.0235      7.891   165.9597 1.2368e-01     8.5058      5.314      7.707    11.4755 0.0000e+00
      5.419 3.3501e-27     4.1400     37.826     47.872  34.927952     0.0029      7.891   166.1010 1.2365e-01     8.5891      5.314      7.708    11.4770 0.0000e+00
      5.419 3.0456e-28     4.1363     37.808     47.854  34.914097     0.0100      7.890   166.1990 1.2362e-01     8.4949      5.314      7.707    11.4778 0.0000e+00
      5.419 2.7687e-29     4.1369     37.792     47.821  34.888717    -0.0130      7.889   166.3706 1.2364e-01     8.3570      5.314      7.708    11.4783 0.0000e+00
      5.419 2.5170e-30     4.1301     37.779     47.805  34.874874    -0.0166      7.889   166.6271 1.2391e-01     8.3908      5.314      7.707    11.4782 0.0000e+00
      5.419 2.2882e-31     4.1224     37.795     47.805  34.873615     0.0083      7.889   166.8061 1.2636e-01     8.5618      5.314      7.708    11.4775 0.0000e+00
      5.419 2.0802e-32     4.1238     37.821     47.808  34.873492     0.0214      7.890   166.8993 1.2856e-01     8.6478      5.314      7.708    11.4768 0.0000e+00
      5.419 1.8911e-33     4.1217     37.855     47.811  34.873388     0.0085      7.890   167.0664 1.2629e-01     8.5764      5.314      7.707    11.4755 0.0000e+00
      5.419 1.7191e-34     4.1179     37.902     47.811  34.872357    -0.0135      7.890   167.2771 1.2384e-01     8.4159      5.314      7.707    11.4739 0.0000e+00
      5.419 1.5629e-35     4.1222     37.940     47.796  34.861021    -0.0121      7.890   167.4681 1.2357e-01     8.3820      5.314      7.708    11.4717 0.0000e+00
      5.419 1.4208e-36     4.1253     37.959     47.801  34.863224     0.0093      7.890   167.6560 1.2352e-01     8.5079      5.314      7.708    11.4695 0.0000e+00
      5.419 1.2913e-37     4.1277     37.959     47.853  34.898986     0.0032      7.890   167.8277 1.2351e-01     8.5381      5.314      7.708    11.4675 0.0000e+00
      5.419 1.1448e-38     4.1355     37.960     47.874  34.912725    -0.0272      7.890   167.9951 1.2352e-01     8.4391      5.315      7.708    11.4661 0.0000e+00
      5.419 -2.170e-39     4.1386     37.960     47.862  34.902448    -0.0420      7.890   168.1307 1.2359e-01     8.4037      5.314      7.707    11.4655 0.0000e+00
      5.419 -3.551e-38     4.1422     37.930     47.863  34.901618    -0.0256      7.889   168.2635 1.2366e-01     8.4859      5.314      7.707    11.4644 0.0000e+00
      5.419 -3.917e-37     4.1406     37.883     47.867  34.902687     0.0034      7.888   168.4824 1.2367e-01     8.5788      5.314      7.707    11.4628 0.0000e+00
      5.419 -4.309e-36     4.1400     37.831     47.886  34.915370     0.0009      7.887   168.7121 1.2360e-01     8.5712      5.315      7.708    11.4612 0.0000e+00
      5.419 -4.740e-35     4.1439     37.759     47.906  34.928070    -0.0141      7.887   168.8901 1.2352e-01     8.5302      5.315      7.709    11.4593 0.0000e+00
      5.419 -5.214e-34     4.1383     37.668     47.909  34.929348    -0.0120      7.888   169.0861 1.2358e-01     8.5614      5.315      7.708    11.4571 0.0000e+00
      5.419 -5.735e-33     4.1330     37.571     47.913  34.930817    -0.0070      7.889   169.2743 1.2372e-01     8.6074      5.315      7.708    11.4549 0.0000e+00
      5.419 -6.309e-32     4.1292     37.487     47.934  34.945822     0.0140      7.889   169.3591 1.2375e-01     8.6080      5.315      7.708    11.4531 0.0000e+00
