Data/DataNotYetUploadedToEDI/Raw_CTD/RawDownloads/071422_ccr50_S8188002.cnv
* Sea-Bird SBE19plus  Data File:
* FileName = C:\R\Reservoirs\Data\DataNotYetUploadedToEDI\Raw_CTD\RawDownloads\071122_fcr50_0002.hex
* Software version 2.8.0.119
* Temperature SN = 8188
* Conductivity SN = 8188
* System UpLoad Time = Jul 14 2022 16:29:53
* <ApplicationData>
* <Seaterm232>
# nquan = 16
# nvalues = 3343                        
# units = specified
# name 0 = depFM: Depth [fresh water, m]
# name 1 = dz/dtM: Descent Rate [m/s]
# name 2 = sbeox0Mg/L: Oxygen, SBE 43 [mg/l]
# name 3 = sbeox0PS: Oxygen, SBE 43 [% saturation]
# name 4 = specc: Specific Conductance [uS/cm]
# name 5 = c0uS/cm: Conductivity [uS/cm]
# name 6 = wetCDOM: Fluorescence, WET Labs CDOM [mg/m^3]
# name 7 = flECO-AFL: Fluorescence, WET Labs ECO-AFL/FL [mg/m^3]
# name 8 = flECO-AFL1: Fluorescence, WET Labs ECO-AFL/FL, 2 [mg/m^3]
# name 9 = flECO-AFL2: Fluorescence, WET Labs ECO-AFL/FL, 3 [mg/m^3]
# name 10 = par/sat/log: PAR/Logarithmic, Satlantic
# name 11 = turbWETntu0: Turbidity, WET Labs ECO [NTU]
# name 12 = prdM: Pressure, Strain Gauge [db]
# name 13 = prdE: Pressure, Strain Gauge [psi]
# name 14 = tv290C: Temperature [ITS-90, deg C]
# name 15 = flag:  0.000e+00
# span 0 =     -0.468,     21.111       
# span 1 =     -0.214,      0.209       
# span 2 =    -0.5343,    11.1418       
# span 3 =     -4.694,    125.072       
# span 4 =  -1723.714,    126.519       
# span 5 = -1.239e+03,  93.039392       
# span 6 =    -4.7669,     8.2869       
# span 7 =    -0.0886,    28.7108       
# span 8 =    -2.2561,     2.3757       
# span 9 =    -2.1636,     2.1822       
# span 10 = 1.1588e-01, 2.3097e+03      
# span 11 =    -0.0088,     9.8123      
# span 12 =     -0.460,     20.704      
# span 13 =     -0.667,     30.029      
# span 14 =    10.5366,    34.1904      
# span 15 = 0.0000e+00, 0.0000e+00      
# interval = seconds: 0.25
# start_time = Jul 14 2022 10:01:20 [Instrument's time stamp, header]
# bad_flag = -9.990e-29
*END*
     -0.467 8.8943e-71     7.5544    107.271     -0.498  -0.590003    -4.3364     0.2014    -2.0527    -1.9488 1.1607e-01     0.6577     -0.458     -0.664    34.1904 0.0000e+00
     -0.467 9.7837e-70     7.5551    107.278     -0.521  -0.616849    -4.7669     0.2012    -2.2561    -2.1636 1.1607e-01     0.6584     -0.458     -0.664    34.1899 0.0000e+00
     -0.467 1.0762e-68     7.5572    107.286     -0.523  -0.619170    -4.0645     0.2054    -1.9242    -1.8131 1.1602e-01     0.6588     -0.458     -0.664    34.1895 0.0000e+00
     -0.467 1.1838e-67     7.5556    107.294     -0.522  -0.618065    -0.4355     0.2118    -0.2056    -0.0061 1.1599e-01     0.6587     -0.458     -0.664    34.1886 0.0000e+00
     -0.467 1.3022e-66     7.5547    107.301     -0.509  -0.603492     0.2668     0.2155     0.1254     0.3454 1.1603e-01     0.6584     -0.457     -0.663    34.1873 0.0000e+00
     -0.467 1.4324e-65     7.5567    107.292     -0.487  -0.577762    -0.1635     0.2153    -0.0759     0.1284 1.1604e-01     0.6583     -0.458     -0.664    34.1857 0.0000e+00
     -0.467 1.5757e-64     7.5569    107.279     -0.487  -0.576547     0.1001     0.2111     0.0450     0.2641 1.1600e-01     0.6573     -0.458     -0.665    34.1835 0.0000e+00
     -0.467 1.7332e-63     7.5577    107.292     -0.497  -0.588800    -0.0612     0.2049    -0.0251     0.1766 1.1595e-01     0.6550     -0.458     -0.664    34.1817 0.0000e+00
     -0.467 1.9066e-62     7.5592    107.304     -0.499  -0.591119     0.0372     0.2019     0.0564     0.1923 1.1597e-01     0.6534     -0.458     -0.665    34.1793 0.0000e+00
     -0.467 2.0972e-61     7.5590    107.298     -0.511  -0.604586    -0.0223     0.2009     0.0340     0.1548 1.1597e-01     0.6521     -0.458     -0.664    34.1765 0.0000e+00
     -0.467 2.3069e-60     7.5562    107.296     -0.521  -0.616848     0.0129     0.2007     0.0481     0.1785 1.1591e-01     0.6354     -0.458     -0.664    34.1748 0.0000e+00
     -0.467 2.5376e-59     7.5588    107.297     -0.510  -0.604587    -0.0065     0.2013     0.0389     0.1628 1.1590e-01     0.6044     -0.458     -0.665    34.1737 0.0000e+00
     -0.467 2.7914e-58     7.5608    107.298     -0.499  -0.591119     0.0019     0.2010     0.0455     0.1744 1.1588e-01     0.5872     -0.458     -0.665    34.1732 0.0000e+00
     -0.467 3.0705e-57     7.5583    107.292     -0.497  -0.588800     0.0024     0.1998     0.0399     0.1641 1.1592e-01     0.5839     -0.458     -0.665    34.1732 0.0000e+00
     -0.467 3.3776e-56     7.5593    107.274     -0.487  -0.576546    -0.0072     0.1940     0.0459     0.1755 1.1599e-01     0.5677     -0.458     -0.664    34.1730 0.0000e+00
     -0.467 3.7154e-55     7.5591    107.273     -0.488  -0.577751     0.0138     0.1846     0.0380     0.1602 1.1603e-01     0.5382     -0.458     -0.664    34.1716 0.0000e+00
     -0.467 4.0869e-54     7.5597    107.291     -0.510  -0.603371     0.1674     0.1804     0.0044     0.0934 1.1607e-01     0.5219     -0.459     -0.665    34.1692 0.0000e+00
     -0.467 4.4956e-53     7.5603    107.305     -0.521  -0.616738     0.1836     0.1792    -0.0027     0.0791 1.1607e-01     0.5207     -0.458     -0.664    34.1674 0.0000e+00
     -0.467 4.9451e-52     7.5576    107.309     -0.511  -0.604576     0.1844     0.1780     0.0017     0.0882 1.1600e-01     0.5241     -0.459     -0.665    34.1663 0.0000e+00
     -0.467 5.4397e-51     7.5576    107.309     -0.500  -0.591106     0.1664     0.1792    -0.0010     0.0819 1.1598e-01     0.5309     -0.458     -0.666    34.1652 0.0000e+00
     -0.467 5.9836e-50     7.5603    107.312     -0.498  -0.588666     0.0150     0.1802     0.0006     0.0868 1.1602e-01     0.5345     -0.458     -0.665    34.1642 0.0000e+00
     -0.467 6.5820e-49     7.5613    107.319     -0.486  -0.575078    -0.0093     0.1796    -0.0004     0.0821 1.1602e-01     0.5337     -0.458     -0.665    34.1624 0.0000e+00
     -0.467 7.2402e-48     7.5614    107.318     -0.474  -0.561600     0.0056     0.1790     0.0003     0.0878 1.1606e-01     0.5257     -0.459     -0.665    34.1607 0.0000e+00
     -0.467 7.9642e-47     7.5616    107.305     -0.473  -0.560495    -0.0034     0.1790    -0.0001     0.0798 1.1606e-01     0.5114     -0.458     -0.665    34.1603 0.0000e+00
     -0.467 8.7606e-46     7.5616    107.304     -0.474  -0.561719     0.0022     0.1791     0.0001     0.0921 1.1600e-01     0.5036     -0.458     -0.665    34.1600 0.0000e+00
     -0.467 9.6367e-45     7.5625    107.313     -0.487  -0.576404    -0.0013     0.1796    -0.0000     0.1622 1.1598e-01     0.5031     -0.458     -0.665    34.1593 0.0000e+00
     -0.468 1.0600e-43     7.5630    107.304     -0.510  -0.603250     0.0008     0.1784     0.0001     0.1722 1.1599e-01     0.5049     -0.459     -0.666    34.1595 0.0000e+00
     -0.468 1.1660e-42     7.5608    107.286     -0.521  -0.616739    -0.0005     0.1745 8.7441e-08     0.1696 1.1599e-01     0.5083     -0.459     -0.665    34.1597 0.0000e+00
     -0.468 1.2826e-41     7.5603    107.279     -0.511  -0.604708     0.0003     0.1722 -1.427e-07     0.1654 1.1596e-01     0.5103     -0.458     -0.665    34.1601 0.0000e+00
     -0.468 1.4109e-40     7.5630    107.285     -0.501  -0.592576    -0.0002     0.1725 2.3277e-07     0.0876 1.1594e-01     0.5123     -0.459     -0.666    34.1606 0.0000e+00
     -0.468 1.5520e-39     7.5611    107.306     -0.512  -0.604839     0.0001     0.1740 -3.798e-07     0.0869 1.1598e-01     0.5347     -0.458     -0.665    34.1607 0.0000e+00
     -0.468 1.7072e-38     7.5594    107.322     -0.523  -0.618198    -0.0000     0.1770 6.1965e-07     0.0765 1.1602e-01     0.5762     -0.459     -0.666    34.1609 0.0000e+00
     -0.468 1.8779e-37     7.5593    107.322     -0.524  -0.619303     0.0000     0.1791    -0.0000     0.1005 1.1606e-01     0.5989     -0.459     -0.666    34.1607 0.0000e+00
     -0.468 2.0657e-36     7.5591    107.312     -0.523  -0.618198    -0.0001     0.1803     0.0000     0.2814 1.1606e-01     0.6034     -0.459     -0.665    34.1597 0.0000e+00
     -0.467 2.2723e-35     7.5620    107.312     -0.511  -0.604841 -1.350e-08     0.1860    -0.0000     0.3002 1.1605e-01     0.6306     -0.458     -0.665    34.1589 0.0000e+00
     -0.467 2.4995e-34     7.5630    107.327     -0.501  -0.592588 2.2020e-08     0.1958     0.0000     0.3016 1.1604e-01     0.6806     -0.458     -0.665    34.1588 0.0000e+00
     -0.467 2.7495e-33     7.5630    107.342     -0.512  -0.604842 -3.593e-08     0.2009    -0.0000     0.2797 1.1600e-01     0.7080     -0.458     -0.665    34.1583 0.0000e+00
     -0.467 3.0244e-32     7.5618    107.351     -0.523  -0.618208 5.8619e-08     0.2009     0.0000     0.1030 1.1595e-01     0.7100     -0.458     -0.664    34.1570 0.0000e+00
     -0.468 3.3268e-31     7.5617    107.347     -0.524  -0.619413 -9.564e-08     0.2006    -0.0000     0.0727 1.1596e-01     0.7094     -0.459     -0.665    34.1564 0.0000e+00
     -0.468 3.6595e-30     7.5636    107.342     -0.524  -0.619413 1.5605e-07     0.2008     0.0000     0.0930 1.1600e-01     0.7084     -0.459     -0.665    34.1564 0.0000e+00
     -0.468 4.0255e-29     7.5643    107.342     -0.523  -0.618208 -2.546e-07     0.2002    -0.0000     0.0776 1.1604e-01     0.7077     -0.459     -0.666    34.1564 0.0000e+00
     -0.468 4.4280e-28     7.5656    107.334     -0.511  -0.604842 4.1540e-07     0.1983     0.0001     0.0919 1.1609e-01     0.7077     -0.459     -0.666    34.1567 0.0000e+00
     -0.468 4.8708e-27     7.5645    107.329     -0.501  -0.592588 1.5566e-07     0.1879    -0.0001     0.1201 1.1605e-01     0.7036     -0.459     -0.666    34.1570 0.0000e+00
     -0.468 5.3579e-26     7.5637    107.323     -0.512  -0.604842 6.8660e-08     0.1694     0.0002     0.1322 1.1600e-01     0.6951     -0.459     -0.666    34.1571 0.0000e+00
     -0.468 5.8937e-25     7.5651    107.308     -0.523  -0.618209 -3.097e-07     0.1596    -0.0003     0.1218 1.1600e-01     0.6905     -0.459     -0.665    34.1574 0.0000e+00
     -0.468 6.4831e-24     7.5631    107.303     -0.524  -0.619424 6.2659e-07     0.1591     0.0005     0.1330 1.1596e-01     0.6909     -0.458     -0.664    34.1578 0.0000e+00
     -0.468 7.1314e-23     7.5633    107.314     -0.524  -0.619524    -0.0000     0.1656    -0.0008     0.1631 1.1595e-01     0.6953     -0.459     -0.665    34.1580 0.0000e+00
     -0.468 7.8445e-22     7.5633    107.319     -0.524  -0.619424     0.0000     0.1783     0.0013     0.1742 1.1598e-01     0.7028     -0.459     -0.666    34.1585 0.0000e+00
     -0.468 8.6290e-21     7.5612    107.318     -0.523  -0.618209    -0.0000     0.1860    -0.0022     0.1641 1.1599e-01     0.7064     -0.459     -0.665    34.1586 0.0000e+00
     -0.468 9.4919e-20     7.5607    107.326     -0.511  -0.604841     0.0000     0.1878     0.0035     0.1757 1.1600e-01     0.7037     -0.459     -0.665    34.1588 0.0000e+00
     -0.468 1.0441e-18     7.5621    107.322     -0.501  -0.592577    -0.0000     0.1935     0.0395     0.2495 1.1603e-01     0.6690     -0.458     -0.665    34.1595 0.0000e+00
     -0.468 1.1485e-17     7.5630    107.311     -0.511  -0.604721     0.0000     0.2028     0.0436     0.2518 1.1601e-01     0.6049     -0.459     -0.665    34.1600 0.0000e+00
     -0.468 1.2634e-16     7.5610    107.318     -0.521  -0.616873    -0.0000     0.2064     0.0436     0.2626 1.1595e-01     0.5688     -0.459     -0.666    34.1603 0.0000e+00
     -0.468 1.3897e-15     7.5634    107.322     -0.510  -0.604719     0.0000     0.2018     0.0394     0.2360 1.1596e-01     0.5527     -0.459     -0.665    34.1612 0.0000e+00
     -0.468 1.5287e-14     7.5627    107.319     -0.500  -0.592567    -0.0001     0.1484     0.0036     0.0605 1.1604e-01     0.4095     -0.459     -0.665    34.1625 0.0000e+00
     -0.468 1.6815e-13     7.5599    107.333     -0.511  -0.604730     0.0001     0.0493    -0.0022     0.0320 1.1608e-01     0.1472     -0.459     -0.666    34.1647 0.0000e+00
     -0.468 1.8497e-12     7.5617    107.347     -0.521  -0.616994    -0.0002    -0.0052     0.0016     0.0470 1.1605e-01     0.0039     -0.459     -0.665    34.1681 0.0000e+00
     -0.468 2.0347e-11     7.5618    107.339     -0.512  -0.606057     0.0002    -0.0101    -0.0011     0.0420 1.1604e-01    -0.0088     -0.458     -0.665    34.1700 0.0000e+00
     -0.468 2.2381e-10     7.5601    107.334     -0.513  -0.607283    -0.0004    -0.0101     0.0010     0.0383 1.1606e-01    -0.0060     -0.459     -0.665    34.1687 0.0000e+00
     -0.468 2.4620e-09     7.5620    107.344     -0.534  -0.631808     0.0007    -0.0106    -0.0011    -0.0381 1.1611e-01     0.0014     -0.458     -0.665    34.1699 0.0000e+00
     -0.468 2.7081e-08     7.5646    107.348     -0.535  -0.633009    -0.0011    -0.0121     0.0015    -0.0425 1.1612e-01     0.0059     -0.459     -0.665    34.1672 0.0000e+00
     -0.468 2.9790e-07     7.5623    107.336     -0.526  -0.621814     0.0018    -0.0140    -0.0022    -0.0461 1.1607e-01     0.0078     -0.458     -0.664    34.1674 0.0000e+00
     -0.468      0.000     7.5626    107.331     -0.534  -0.631243    -0.0029    -0.0337     0.0034    -0.0336 1.1604e-01     0.0206     -0.459     -0.665    34.1603 0.0000e+00
     -0.468      0.000     7.5661    107.343     -0.518  -0.612215     0.0047    -0.0704     0.0396     0.0767 1.1602e-01     0.0436     -0.459     -0.666    34.1454 0.0000e+00
     -0.467      0.000     7.5691    107.358     -0.214  -0.256958    -0.0077    -0.0886     0.0432     0.0859 1.1597e-01     0.0571     -0.458     -0.665    34.1288 0.0000e+00
     -0.467      0.004     7.5653    107.336      3.024   3.529349     0.0125    -0.0764     0.0442     0.0896 1.1595e-01     0.0707     -0.458     -0.664    34.1414 0.0000e+00
     -0.468      0.018     7.5671    107.308     15.198  17.527551    -0.0204     0.0711     0.0384     0.0722 1.1600e-01     0.2095     -0.459     -0.666    34.1254 0.0000e+00
     -0.468      0.043     7.5645    107.335     39.553  44.877288     0.0333     0.3420     0.1861    -0.1169 1.1603e-01     0.4637     -0.458     -0.664    34.1512 0.0000e+00
     -0.467      0.075     7.5728    107.358     65.780  73.506961    -0.0543     0.4943     0.1317    -0.1239 1.1601e-01     0.6033     -0.460     -0.667    34.1086 0.0000e+00
     -0.452      0.112     7.5626    107.336     79.773  87.952041     0.0886     0.5571     0.2417    -0.1434 1.1602e-01     0.6280     -0.456     -0.661    34.1767 0.0000e+00
     -0.412      0.148     7.5916    107.313     83.291  90.832656    -0.1445     1.0912     0.0491    -0.0927 1.1605e-01     0.7642     -0.411     -0.596    33.8875 0.0000e+00
     -0.355      0.180     7.7824    107.398     84.260  91.141489    -1.1011     2.0677    -0.8944     0.2168 1.1600e-01     1.0125     -0.345     -0.501    32.4487 0.0000e+00
     -0.297      0.202     7.9771    107.738     84.933  91.278713    -1.3950     2.6003    -1.1156     0.2794 1.1595e-01     1.1481     -0.292     -0.422    30.9983 0.0000e+00
     -0.239      0.206     8.1019    108.296     85.456  91.407634    -1.1160     2.6476    -0.9412     0.2334 1.1595e-01     1.1601     -0.234     -0.341    30.0700 0.0000e+00
     -0.181      0.190     8.1847    108.861     85.833  91.548636    -1.4483     2.6449    -1.1113     0.2739 1.1591e-01     1.1576     -0.175     -0.254    29.4564 0.0000e+00
     -0.127      0.160     8.2404    109.317     86.153  91.764500    -0.9814     2.6326    -0.9039     0.2290 1.1591e-01     1.1509     -0.122     -0.176    29.0633 0.0000e+00
     -0.082      0.124     8.3216    109.569     86.400  91.986328     1.1679     2.6265    -0.0694     0.0649 1.1598e-01     1.1467     -0.075     -0.108    28.6910 0.0000e+00
     -0.055      0.086     8.4104    109.354     86.601  92.199549     1.6070     2.6259     0.1103     0.0292 1.1646e-01     1.1460     -0.048     -0.069    28.4407 0.0000e+00
     -0.046      0.050     8.4794    108.299     86.756  92.379099     1.3373     2.6069     0.0027     0.0491 1.2196e-01     1.1454     -0.043     -0.062    28.2930 0.0000e+00
     -0.047      0.023     8.5208    105.164     86.760  92.396924     1.5037     2.5719     0.0645     0.0402 1.8255e-01     1.1436     -0.045     -0.065    28.2350 0.0000e+00
     -0.051      0.010     8.5571     98.842     86.643  92.279684     1.3999     2.5542    -0.0118     0.0850 8.4915e-01     1.1424     -0.049     -0.072    28.2191 0.0000e+00
     -0.056      0.012     8.5410     91.767     86.539  92.180266     1.4663     2.5578     0.0073     0.0831 8.1821e+00     1.1430     -0.055     -0.080    28.2236 0.0000e+00
     -0.059      0.025     8.4826     86.974     86.480  92.142768     1.4211     2.6132    -0.0045     0.0875 8.7368e+01     1.1538     -0.059     -0.086    28.2337 0.0000e+00
     -0.054      0.044     8.3202     82.985     86.415  92.097155     1.4563     2.7158     0.0027     0.0796 2.9869e+02     1.1740     -0.057     -0.084    28.2443 0.0000e+00
     -0.037      0.067     7.7410     78.477     86.297  91.967332     1.5180     2.7718    -0.0016     0.0482 7.3814e+02     1.1856     -0.040     -0.058    28.2461 0.0000e+00
     -0.012      0.092     7.0221     75.718     86.172  91.791771     1.5352     2.7778     0.0010     0.0368 1.4272e+03     1.1876     -0.011     -0.016    28.2471 0.0000e+00
      0.015      0.116     6.7614     76.304     86.127  91.666997     1.5303     2.7831    -0.0006     0.0488 1.9980e+03     1.1932      0.014      0.020    28.2666 0.0000e+00
      0.045      0.133     6.5265     79.935     86.351  91.812656     1.5241     2.7894     0.0004     0.0333 2.1590e+03     1.2033      0.038      0.055    28.2881 0.0000e+00
      0.085      0.141     6.0360     85.141     86.837  92.266359     1.5430     2.7923    -0.0002     0.0561 1.7794e+03     1.2088      0.081      0.118    28.2861 0.0000e+00
      0.130      0.138     5.8000     89.847     87.070  92.480929     1.6978     2.7909     0.0001     0.1549 1.0937e+03     1.2086      0.130      0.188    28.2613 0.0000e+00
