Data/DataNotYetUploadedToEDI/Raw_CTD/RawDownloads/071425_fcr40_S7809005.cnv
* Sea-Bird SBE19plus  Data File:
* FileName = C:\R\Reservoirs\Data\DataNotYetUploadedToEDI\Raw_CTD\RawDownloads\071425_fcr50_S7809_0005.hex
* Software version 2.8.0.119
* Temperature SN = 7809
* Conductivity SN = 7809
* System UpLoad Time = Jul 14 2025 17:15:57
* <ApplicationData>
* <Seaterm232>
# nquan = 15
# nvalues = 2372                        
# units = specified
# name 0 = depFM: Depth [fresh water, m]
# name 1 = dz/dtM: Descent Rate [m/s]
# name 2 = sbeox0Mg/L: Oxygen, SBE 43 [mg/l]
# name 3 = sbeox0PS: Oxygen, SBE 43 [% saturation]
# name 4 = specc: Specific Conductance [uS/cm]
# name 5 = c0uS/cm: Conductivity [uS/cm]
# name 6 = flECO-AFL: Fluorescence, WET Labs ECO-AFL/FL [mg/m^3]
# name 7 = ph: pH
# name 8 = orp: Oxidation Reduction Potential [mV]
# name 9 = par/sat/log: PAR/Logarithmic, Satlantic
# name 10 = turbWETntu0: Turbidity, WET Labs ECO [NTU]
# name 11 = prdM: Pressure, Strain Gauge [db]
# name 12 = prdE: Pressure, Strain Gauge [psi]
# name 13 = tv290C: Temperature [ITS-90, deg C]
# name 14 = flag:  0.000e+00
# span 0 =     -0.620,      5.677       
# span 1 =     -0.734,      0.142       
# span 2 =     0.0266,     9.6031       
# span 3 =      0.282,    120.010       
# span 4 =      1.544,     59.113       
# span 5 =   1.429720,  46.081479       
# span 6 =    -2.0351,    18.4123       
# span 7 =      7.882,     10.223       
# span 8 =   102.0892,   238.2892       
# span 9 = 1.4929e-01, 2.3787e+03       
# span 10 =    -0.1521,   413.7040      
# span 11 =     -0.609,      5.568      
# span 12 =     -0.883,      8.075      
# span 13 =    11.2875,    28.4796      
# span 14 = 0.0000e+00, 0.0000e+00      
# interval = seconds: 0.25
# start_time = Jul 14 2025 12:40:28 [Instrument's time stamp, header]
# bad_flag = -9.990e-29
*END*
[from data line 482]
      0.349      0.008     8.6790    110.698     34.878  36.938753     1.7139     10.096   132.8749 1.6813e+02     4.0961      0.342      0.497    27.9532 0.0000e+00
      0.353      0.008     8.6762    110.721     34.890  36.951348     1.7371     10.099   133.0271 1.6646e+02     4.2231      0.346      0.502    27.9531 0.0000e+00
      0.356      0.008     8.6730    110.732     34.901  36.962988     1.7345     10.100   133.1731 1.6525e+02     4.2775      0.349      0.506    27.9517 0.0000e+00
      0.358      0.008     8.6714    110.713     34.891  36.952597     1.7151     10.101   133.1771 1.6408e+02     4.2414      0.351      0.509    27.9494 0.0000e+00
      0.359      0.007     8.6708    110.687     34.891  36.952608     1.6944     10.103   133.1608 1.6267e+02     4.1284      0.352      0.511    27.9476 0.0000e+00
      0.360      0.005     8.6745    110.647     34.901  36.963113     1.7009     10.105   133.1491 1.6125e+02     4.1069      0.353      0.512    27.9467 0.0000e+00
      0.362      0.005     8.6764    110.586     34.891  36.952720     1.7351     10.107   133.1207 1.5987e+02     4.2540      0.355      0.514    27.9466 0.0000e+00
      0.363      0.004     8.6728    110.567     34.891  36.953855     1.7581     10.109   133.0755 1.5861e+02     4.3703      0.356      0.516    27.9468 0.0000e+00
      0.364      0.004     8.6715    110.622     34.912  36.976833     1.7468     10.110   133.0325 1.5742e+02     4.3173      0.357      0.517    27.9467 0.0000e+00
      0.364      0.004     8.6697    110.731     34.912  36.976728     1.7152     10.111   133.0314 1.5617e+02     4.1593      0.357      0.518    27.9473 0.0000e+00
      0.365      0.005     8.6614    110.866     34.890  36.952596     1.7079     10.113   133.0627 1.5497e+02     4.1339      0.358      0.520    27.9481 0.0000e+00
      0.366      0.006     8.6588    110.967     34.876  36.938866     1.7255     10.114   133.1526 1.5382e+02     4.2155      0.359      0.521    27.9486 0.0000e+00
      0.367      0.007     8.6649    111.007     34.875  36.937618     1.7367     10.117   133.2579 1.5287e+02     4.2235      0.360      0.522    27.9494 0.0000e+00
      0.369      0.009     8.6728    111.020     34.875  36.937505     1.7262     10.118   133.3030 1.5205e+02     4.1964      0.362      0.525    27.9494 0.0000e+00
      0.372      0.011     8.6862    111.022     34.875  36.937495     1.6994     10.118   133.3544 1.5108e+02     4.1264      0.364      0.528    27.9495 0.0000e+00
      0.375      0.013     8.6950    110.992     34.875  36.937503     1.6873     10.118   133.2764 1.5025e+02     4.0604      0.368      0.534    27.9500 0.0000e+00
      0.380      0.013     8.6964    110.925     34.875  36.937607     1.7042     10.119   132.9624 1.4948e+02     4.0479      0.373      0.541    27.9502 0.0000e+00
      0.384      0.013     8.6966    110.857     34.876  36.938752     1.7206     10.121   132.6554 1.4846e+02     4.0430      0.376      0.545    27.9501 0.0000e+00
      0.388      0.012     8.6981    110.839     34.889  36.951337     1.7101     10.122   132.4036 1.4751e+02     4.0360      0.380      0.552    27.9500 0.0000e+00
      0.390      0.010     8.6960    110.862     34.900  36.962874     1.6945     10.123   132.2409 1.4677e+02     4.0316      0.384      0.557    27.9504 0.0000e+00
      0.392      0.008     8.6895    110.882     34.890  36.951338     1.7075     10.125   132.2369 1.4610e+02     4.0571      0.384      0.557    27.9505 0.0000e+00
      0.394      0.007     8.6822    110.901     34.879  36.938752     1.7335     10.126   132.2704 1.4559e+02     4.0369      0.386      0.560    27.9500 0.0000e+00
      0.395      0.006     8.6809    110.909     34.878  36.937599     1.7255     10.126   132.3007 1.4517e+02     3.9239      0.388      0.562    27.9493 0.0000e+00
      0.397      0.006     8.6861    110.894     34.878  36.937401     1.7035     10.126   132.2593 1.4484e+02     3.8524      0.389      0.565    27.9484 0.0000e+00
      0.398      0.007     8.6858    110.888     34.877  36.936351     1.7161     10.126   132.1140 1.4460e+02     3.9248      0.390      0.566    27.9474 0.0000e+00
      0.399      0.007     8.6882    110.908     34.866  36.924908     1.7447     10.126   132.0924 1.4439e+02     4.0477      0.391      0.568    27.9464 0.0000e+00
      0.402      0.007     8.6903    110.928     34.868  36.925957     1.7419     10.126   132.2557 1.4409e+02     4.0052      0.394      0.572    27.9458 0.0000e+00
      0.404      0.007     8.6870    110.917     34.890  36.949030     1.7145     10.127   132.2822 1.4381e+02     3.8565      0.396      0.576    27.9457 0.0000e+00
      0.406      0.007     8.6862    110.882     34.892  36.950069     1.7130     10.128   132.0688 1.4365e+02     3.8895      0.398      0.578    27.9459 0.0000e+00
      0.408      0.007     8.6886    110.849     34.882  36.938523     1.7333     10.128   131.9119 1.4344e+02     4.0612      0.400      0.581    27.9455 0.0000e+00
      0.410      0.006     8.6917    110.798     34.881  36.936331     1.7430     10.128   131.9344 1.4329e+02     4.1230      0.402      0.583    27.9445 0.0000e+00
      0.411      0.006     8.6909    110.698     34.869  36.923556     1.7392     10.129   131.9965 1.4336e+02     4.0218      0.403      0.584    27.9431 0.0000e+00
      0.412      0.006     8.6865    110.610     34.858  36.910971     1.7205     10.130   132.0607 1.4346e+02     3.8958      0.404      0.586    27.9420 0.0000e+00
      0.413      0.006     8.6850    110.576     34.858  36.911066     1.7164     10.131   132.1937 1.4336e+02     3.8984      0.405      0.587    27.9410 0.0000e+00
      0.414      0.006     8.6836    110.526     34.872  36.924701     1.7404     10.132   132.3998 1.4321e+02     3.9844      0.406      0.589    27.9397 0.0000e+00
      0.416      0.006     8.6726    110.433     34.896  36.948928     1.7519     10.135   132.5744 1.4307e+02     4.0130      0.408      0.592    27.9388 0.0000e+00
      0.418      0.007     8.6639    110.399     34.898  36.950185     1.7304     10.138   132.6699 1.4291e+02     3.9374      0.410      0.595    27.9379 0.0000e+00
      0.420      0.007     8.6646    110.461     34.888  36.939907     1.6972     10.139   132.7805 1.4281e+02     3.8904      0.412      0.597    27.9374 0.0000e+00
      0.421      0.007     8.6633    110.546     34.900  36.951558     1.6996     10.139   132.8796 1.4273e+02     3.9907      0.413      0.599    27.9371 0.0000e+00
      0.423      0.007     8.6505    110.639     34.913  36.964143     1.7347     10.141   132.9219 1.4271e+02     4.0915      0.415      0.602    27.9358 0.0000e+00
      0.425      0.007     8.6465    110.742     34.914  36.965174     1.7553     10.144   132.9473 1.4263e+02     4.0843      0.416      0.604    27.9342 0.0000e+00
      0.426      0.008     8.6565    110.839     34.914  36.964022     1.7409     10.147   132.9289 1.4248e+02     4.0734      0.417      0.606    27.9335 0.0000e+00
      0.428      0.009     8.6619    110.946     34.902  36.950206     1.7109     10.149   132.9574 1.4246e+02     4.1316      0.419      0.608    27.9331 0.0000e+00
      0.431      0.009     8.6689    111.029     34.879  36.925034     1.7161     10.149   133.0339 1.4239e+02     4.2074      0.423      0.613    27.9319 0.0000e+00
      0.434      0.009     8.6791    111.008     34.869  36.913479     1.7542     10.149   132.9930 1.4222e+02     4.2383      0.426      0.618    27.9306 0.0000e+00
      0.436      0.009     8.6849    110.855     34.892  36.937392     1.7798     10.152   132.8066 1.4217e+02     4.1974      0.428      0.620    27.9292 0.0000e+00
      0.439      0.008     8.6944    110.646     34.914  36.960350     1.7765     10.153   132.5872 1.4213e+02     4.1226      0.430      0.624    27.9275 0.0000e+00
      0.441      0.008     8.7048    110.511     34.893  36.937257     1.7563     10.155   132.4915 1.4212e+02     4.1197      0.432      0.627    27.9264 0.0000e+00
      0.442      0.008     8.7037    110.498     34.868  36.911991     1.7598     10.157   132.5955 1.4213e+02     4.1962      0.434      0.629    27.9255 0.0000e+00
      0.443      0.008     8.6904    110.561     34.865  36.908663     1.7609     10.159   132.7263 1.4194e+02     4.1939      0.435      0.630    27.9241 0.0000e+00
      0.446      0.009     8.6686    110.667     34.854  36.897013     1.7192     10.159   132.6963 1.4156e+02     4.0923      0.437      0.635    27.9230 0.0000e+00
      0.449      0.009     8.6568    110.787     34.855  36.898033     1.6889     10.160   132.6624 1.4086e+02     4.0613      0.440      0.638    27.9235 0.0000e+00
      0.451      0.009     8.6586    110.902     34.877  36.921001     1.6937     10.162   132.7477 1.3973e+02     4.1597      0.442      0.641    27.9242 0.0000e+00
      0.454      0.009     8.6635    110.994     34.877  36.920906     1.7269     10.162   132.7808 1.3882e+02     4.2235      0.446      0.646    27.9238 0.0000e+00
      0.456      0.009     8.6729    111.048     34.855  36.896887     1.7656     10.163   132.7193 1.3868e+02     4.0809      0.448      0.649    27.9232 0.0000e+00
      0.458      0.009     8.6832    111.078     34.844  36.884405     1.7702     10.164   132.6062 1.3890e+02     3.8707      0.449      0.651    27.9228 0.0000e+00
      0.460      0.009     8.6918    111.088     34.856  36.896888     1.7582     10.164   132.4447 1.3899e+02     3.7994      0.451      0.654    27.9229 0.0000e+00
      0.462      0.010     8.7009    111.081     34.879  36.920906     1.7624     10.165   132.4013 1.3891e+02     3.9371      0.453      0.657    27.9224 0.0000e+00
      0.465      0.011     8.7037    111.076     34.879  36.921002     1.7876     10.166   132.5126 1.3879e+02     4.1688      0.456      0.660    27.9213 0.0000e+00
      0.468      0.011     8.7063    111.046     34.858  36.898042     1.7883     10.167   132.6712 1.3864e+02     4.2101      0.459      0.666    27.9204 0.0000e+00
      0.471      0.010     8.7079    110.962     34.857  36.897116     1.7546     10.167   132.7707 1.3852e+02     4.0940      0.462      0.670    27.9204 0.0000e+00
      0.475      0.010     8.7052    110.857     34.868  36.909798     1.7549     10.167   132.7695 1.3855e+02     4.0973      0.465      0.675    27.9203 0.0000e+00
      0.477      0.009     8.7066    110.823     34.883  36.924473     1.8002     10.167   132.7431 1.3852e+02     4.2160      0.468      0.679    27.9205 0.0000e+00
      0.478      0.008     8.7050    110.873     34.905  36.947651     1.8441     10.167   132.7088 1.3842e+02     4.2653      0.469      0.680    27.9209 0.0000e+00
      0.479      0.006     8.6983    110.933     34.895  36.936237     1.8524     10.168   132.6988 1.3837e+02     4.2157      0.470      0.682    27.9209 0.0000e+00
      0.481      0.004     8.6856    110.930     34.875  36.913363     1.8342     10.170   132.6219 1.3819e+02     4.1281      0.472      0.684    27.9208 0.0000e+00
      0.483      0.002     8.6828    110.852     34.887  36.924891     1.8397     10.170   132.4679 1.3796e+02     4.0602      0.474      0.687    27.9203 0.0000e+00
      0.484      0.001     8.6903    110.766     34.910  36.948708     1.8613     10.169   132.3849 1.3780e+02     4.0432      0.475      0.689    27.9193 0.0000e+00
      0.483      0.001     8.6965    110.721     34.908  36.947527     1.8619     10.168   132.3072 1.3780e+02     4.0601      0.475      0.688    27.9183 0.0000e+00
      0.482      0.002     8.6981    110.706     34.873  36.910608     1.8398     10.169   132.2172 1.3815e+02     4.0251      0.473      0.686    27.9164 0.0000e+00
      0.482      0.005     8.6889    110.711     34.847  36.883042     1.8273     10.169   132.1571 1.3857e+02     4.0299      0.471      0.684    27.9141 0.0000e+00
      0.482      0.012     8.6809    110.756     34.834  36.868045     1.8517     10.171   132.2687 1.3892e+02     4.1863      0.472      0.684    27.9135 0.0000e+00
      0.485      0.019     8.6781    110.831     34.826  36.856177     1.8686     10.173   132.4481 1.3910e+02     4.2428      0.476      0.690    27.9137 0.0000e+00
      0.489      0.025     8.6777    110.916     34.843  36.866438     1.8653     10.174   132.2613 1.3856e+02     4.1659      0.478      0.694    27.9146 0.0000e+00
      0.499      0.027     8.6763    110.968     34.850  36.865190     1.8702     10.174   131.7307 1.3774e+02     4.0771      0.486      0.706    27.9147 0.0000e+00
      0.513      0.025     8.6810    110.907     34.831  36.841076     1.8939     10.176   131.1944 1.3679e+02     3.9891      0.504      0.732    27.9146 0.0000e+00
      0.524      0.021     8.6878    110.754     34.820  36.828689     1.9269     10.178   130.8531 1.3574e+02     4.0240      0.517      0.750    27.9110 0.0000e+00
      0.527      0.016     8.6966    110.591     34.833  36.842315     1.9195     10.178   130.7877 1.3505e+02     4.0550      0.518      0.751    27.8970 0.0000e+00
      0.525      0.010     8.7077    110.423     34.868  36.878918     1.8804     10.178   130.9200 1.3448e+02     3.9530      0.514      0.746    27.8830 0.0000e+00
      0.523      0.005     8.7022    110.250     34.879  36.890548     1.8624     10.179   131.0757 1.3462e+02     3.8841      0.512      0.743    27.8770 0.0000e+00
      0.523      0.003     8.6865    110.159     34.846  36.856034     1.8764     10.179   131.2077 1.3513e+02     3.9393      0.512      0.743    27.8759 0.0000e+00
      0.526      0.003     8.6748    110.212     34.834  36.842324     1.9078     10.179   131.3125 1.3521e+02     4.0397      0.516      0.749    27.8760 0.0000e+00
      0.529      0.004     8.6625    110.313     34.845  36.851686     1.9167     10.179   131.4824 1.3564e+02     4.0397      0.520      0.754    27.8765 0.0000e+00
      0.531      0.004     8.6454    110.353     34.836  36.842326     1.8927     10.179   131.6274 1.3629e+02     4.0067      0.520      0.755    27.8781 0.0000e+00
      0.531      0.005     8.6348    110.374     34.849  36.856045     1.8760     10.180   131.6026 1.3683e+02     4.0853      0.520      0.755    27.8784 0.0000e+00
      0.530      0.006     8.6430    110.443     34.882  36.890652     1.8889     10.181   131.5266 1.3724e+02     4.2047      0.519      0.753    27.8764 0.0000e+00
      0.530      0.009     8.6570    110.565     34.873  36.880051     1.9163     10.182   131.3105 1.3734e+02     4.2891      0.519      0.753    27.8726 0.0000e+00
      0.532      0.013     8.6567    110.683     34.852  36.854766     1.9157     10.182   131.1408 1.3741e+02     4.2516      0.523      0.757    27.8713 0.0000e+00
      0.537      0.019     8.6563    110.708     34.841  36.838740     1.8820     10.182   131.2816 1.3728e+02     4.1271      0.526      0.764    27.8725 0.0000e+00
      0.542      0.024     8.6618    110.667     34.822  36.813170     1.8585     10.184   131.4646 1.3688e+02     4.0820      0.531      0.771    27.8726 0.0000e+00
      0.549      0.028     8.6724    110.645     34.816  36.799404     1.8729     10.184   131.6318 1.3626e+02     4.1498      0.537      0.780    27.8715 0.0000e+00
      0.558      0.029     8.6873    110.620     34.823  36.799185     1.9221     10.184   131.7553 1.3553e+02     4.2639      0.548      0.794    27.8671 0.0000e+00
      0.568      0.029     8.6886    110.543     34.840  36.810514     1.9538     10.185   131.7528 1.3481e+02     4.2664      0.558      0.808    27.8612 0.0000e+00
      0.576      0.027     8.6820    110.479     34.844  36.809464     1.9405     10.186   131.8595 1.3392e+02     4.1454      0.565      0.820    27.8536 0.0000e+00
      0.583      0.024     8.6838    110.474     34.825  36.786484     1.9362     10.188   132.0139 1.3330e+02     4.1329      0.573      0.830    27.8412 0.0000e+00
      0.588      0.019     8.6874    110.501     34.830  36.786475     1.9599     10.189   131.9848 1.3317e+02     4.2517      0.578      0.838    27.8294 0.0000e+00
