Data/DataNotYetUploadedToEDI/Raw_CTD/RawDownloads/071422_ccr50_7809004.cnv
* Sea-Bird SBE19plus  Data File:
* FileName = C:\R\Reservoirs\Data\DataNotYetUploadedToEDI\Raw_CTD\RawDownloads\071122_bvr40_0004.hex
* Software version 2.8.0.119
* Temperature SN = 7809
* Conductivity SN = 7809
* System UpLoad Time = Jul 14 2022 16:08:41
* <ApplicationData>
* <Seaterm232>
# nquan = 15
# nvalues = 4017                        
# units = specified
# name 0 = depFM: Depth [fresh water, m]
# name 1 = dz/dtM: Descent Rate [m/s]
# name 2 = sbeox0Mg/L: Oxygen, SBE 43 [mg/l]
# name 3 = sbeox0PS: Oxygen, SBE 43 [% saturation]
# name 4 = specc: Specific Conductance [uS/cm]
# name 5 = c0uS/cm: Conductivity [uS/cm]
# name 6 = flECO-AFL: Fluorescence, WET Labs ECO-AFL/FL [mg/m^3]
# name 7 = ph: pH
# name 8 = orp: Oxidation Reduction Potential [mV]
# name 9 = par/sat/log: PAR/Logarithmic, Satlantic
# name 10 = turbWETntu0: Turbidity, WET Labs ECO [NTU]
# name 11 = prdM: Pressure, Strain Gauge [db]
# name 12 = prdE: Pressure, Strain Gauge [psi]
# name 13 = tv290C: Temperature [ITS-90, deg C]
# name 14 = flag:  0.000e+00
# span 0 =     -0.452,     21.285       
# span 1 =     -0.218,      0.330       
# span 2 =     0.0584,     9.4380       
# span 3 =      0.536,    105.090       
# span 4 =      0.422,    133.632       
# span 5 =   0.463537,  94.959817       
# span 6 =    -0.3786,   227.4442       
# span 7 =     -2.195,      8.384       
# span 8 = -1240.7455,   420.4929       
# span 9 = 1.2348e-01, 2.0399e+03       
# span 10 =    -0.9449,    37.7226      
# span 11 =     -0.444,     20.874      
# span 12 =     -0.643,     30.275      
# span 13 =    10.5174,    29.8977      
# span 14 = 0.0000e+00, 0.0000e+00      
# interval = seconds: 0.25
# start_time = Jul 14 2022 07:35:56 [Instrument's time stamp, header]
# bad_flag = -9.990e-29
*END*
[from data line 3085]
     12.656      0.005     5.0992     46.491    100.869  72.761784     0.5364      7.111   239.6849 6.1105e-01     2.8905     12.411     18.000    11.0708 0.0000e+00
     12.659      0.005     5.0986     46.506    100.899  72.781419     0.5329      7.112   239.7892 6.0543e-01     2.9408     12.415     18.007    11.0689 0.0000e+00
     12.663      0.004     5.1082     46.503    100.899  72.777472     0.5427      7.112   239.9286 6.1013e-01     3.0452     12.419     18.012    11.0671 0.0000e+00
     12.664      0.002     5.1153     46.491    100.908  72.777577     0.5636      7.112   239.9072 6.1600e-01     3.1620     12.420     18.014    11.0656 0.0000e+00
     12.663     -0.003     5.1177     46.481    100.925  72.782692     0.5692      7.112   239.7890 6.1111e-01     3.1918     12.420     18.013    11.0651 0.0000e+00
     12.662     -0.010     5.1201     46.468    100.924  72.775773     0.5599      7.112   239.7035 6.0805e-01     3.1318     12.418     18.010    11.0647 0.0000e+00
     12.660     -0.019     5.1197     46.433    100.903  72.757439     0.5504      7.112   239.6476 6.0863e-01     3.0528     12.415     18.007    11.0623 0.0000e+00
     12.656     -0.030     5.1178     46.384    100.894  72.751611     0.5460      7.113   239.8024 6.0160e-01     2.9873     12.413     18.004    11.0588 0.0000e+00
     12.649     -0.040     5.1173     46.322    100.913  72.768832     0.5492      7.113   239.9408 6.0233e-01     2.9897     12.408     17.996    11.0551 0.0000e+00
     12.637     -0.049     5.1183     46.242    100.914  72.775079     0.5639      7.112   239.7710 6.1866e-01     3.0128     12.395     17.978    11.0513 0.0000e+00
     12.619     -0.055     5.1131     46.172    100.891  72.763628     0.5903      7.112   239.6425 6.3991e-01     2.9941     12.375     17.950    11.0497 0.0000e+00
     12.599     -0.060     5.1077     46.131    100.879  72.757436     0.6105      7.112   239.7638 6.6562e-01     2.9686     12.354     17.918    11.0504 0.0000e+00
     12.582     -0.063     5.1017     46.112    100.885  72.763741     0.6082      7.112   239.9477 6.8535e-01     2.9086     12.337     17.894    11.0522 0.0000e+00
     12.570     -0.063     5.0905     46.126    100.898  72.776337     0.5959      7.112   240.0586 6.9750e-01     2.8496     12.327     17.879    11.0556 0.0000e+00
     12.557     -0.061     5.0816     46.169    100.900  72.782688     0.5951      7.112   240.0726 7.1139e-01     2.8700     12.316     17.863    11.0583 0.0000e+00
     12.540     -0.057     5.0783     46.219    100.886  72.777007     0.6158      7.112   240.1164 7.1515e-01     2.9512     12.298     17.837    11.0590 0.0000e+00
     12.521     -0.054     5.0748     46.265    100.877  72.771180     0.6302      7.112   240.1577 7.2034e-01     2.9764     12.278     17.808    11.0599 0.0000e+00
     12.505     -0.052     5.0762     46.298    100.887  72.775768     0.6183      7.111   240.1417 7.4334e-01     2.9359     12.262     17.785    11.0614 0.0000e+00
     12.495     -0.050     5.0824     46.321    100.881  72.768944     0.6050      7.111   240.1813 7.5966e-01     2.9056     12.252     17.771    11.0644 0.0000e+00
     12.486     -0.047     5.0869     46.331    100.857  72.752196     0.5945      7.111   240.2063 7.6030e-01     2.8832     12.245     17.759    11.0670 0.0000e+00
     12.477     -0.046     5.0937     46.333    100.870  72.763864     0.5742      7.111   240.1863 7.6779e-01     2.8697     12.236     17.747    11.0669 0.0000e+00
     12.465     -0.048     5.0960     46.340    100.892  72.782969     0.5596      7.111   240.1974 7.9042e-01     2.8452     12.225     17.732    11.0650 0.0000e+00
     12.451     -0.052     5.0997     46.328    100.903  72.792606     0.5600      7.110   240.2556 8.0899e-01     2.8253     12.210     17.709    11.0638 0.0000e+00
     12.437     -0.056     5.1009     46.291    100.934  72.816858     0.5447      7.110   240.2880 8.2116e-01     2.8343     12.196     17.689    11.0638 0.0000e+00
     12.423     -0.058     5.0987     46.260    100.937  72.822074     0.5087      7.111   240.3307 8.3918e-01     2.8177     12.185     17.673    11.0652 0.0000e+00
     12.407     -0.057     5.1018     46.241    100.893  72.792148     0.4821      7.112   240.4276 8.5023e-01     2.7621     12.169     17.649    11.0675 0.0000e+00
     12.389     -0.057     5.1009     46.224    100.866  72.772680     0.4810      7.112   240.4260 8.5363e-01     2.7423     12.148     17.619    11.0680 0.0000e+00
     12.373     -0.057     5.0945     46.225    100.872  72.777276     0.4957      7.111   240.3119 8.6169e-01     2.8176     12.131     17.595    11.0684 0.0000e+00
     12.362     -0.059     5.0904     46.255    100.881  72.784188     0.5017      7.110   240.2527 8.7639e-01     2.9210     12.122     17.582    11.0704 0.0000e+00
     12.352     -0.061     5.0899     46.284    100.888  72.792727     0.4952      7.110   240.3121 8.9966e-01     2.9333     12.115     17.571    11.0716 0.0000e+00
     12.338     -0.064     5.0867     46.316    100.913  72.816997     0.4843      7.110   240.3420 9.2241e-01     2.8982     12.101     17.551    11.0712 0.0000e+00
     12.318     -0.068     5.0852     46.358    100.912  72.823520     0.4781      7.110   240.2698 9.4203e-01     2.9067     12.081     17.522    11.0708 0.0000e+00
     12.296     -0.071     5.0919     46.393    100.882  72.808068     0.4864      7.110   240.3000 9.6523e-01     2.9325     12.058     17.489    11.0714 0.0000e+00
     12.275     -0.071     5.0937     46.427    100.895  72.820769     0.4935      7.110   240.4493 9.9387e-01     2.9714     12.036     17.458    11.0729 0.0000e+00
     12.256     -0.070     5.0955     46.460    100.930  72.850043     0.4884      7.110   240.5257 1.0186e+00     3.0019     12.018     17.431    11.0762 0.0000e+00
     12.241     -0.068     5.1025     46.481    100.918  72.844365     0.4991      7.110   240.5347 1.0286e+00     2.9592     12.003     17.408    11.0807 0.0000e+00
     12.228     -0.068     5.1038     46.486    100.875  72.815645     0.5235      7.111   240.5583 1.0348e+00     2.8993     11.991     17.392    11.0833 0.0000e+00
     12.213     -0.068     5.1086     46.490    100.880  72.820450     0.5341      7.111   240.7260 1.0487e+00     2.8933     11.979     17.374    11.0845 0.0000e+00
     12.194     -0.072     5.1117     46.490    100.904  72.838931     0.5355      7.110   241.0137 1.0810e+00     2.9201     11.958     17.345    11.0868 0.0000e+00
     12.173     -0.077     5.1147     46.476    100.912  72.848511     0.5325      7.110   241.1976 1.1331e+00     2.9836     11.936     17.312    11.0887 0.0000e+00
     12.153     -0.081     5.1139     46.475    100.937  72.872756     0.5223      7.110   241.3136 1.1711e+00     3.0463     11.918     17.286    11.0897 0.0000e+00
     12.133     -0.081     5.1137     46.490    100.937  72.877962     0.5123      7.109   241.4701 1.1922e+00     3.0295     11.902     17.262    11.0902 0.0000e+00
     12.110     -0.076     5.1166     46.508    100.892  72.847930     0.5035      7.109   241.6280 1.2169e+00     2.9520     11.876     17.225    11.0900 0.0000e+00
     12.086     -0.069     5.1110     46.518    100.867  72.827296     0.4908      7.110   241.7598 1.2293e+00     2.8942     11.851     17.186    11.0917 0.0000e+00
     12.067     -0.060     5.1118     46.510    100.864  72.819073     0.5088      7.110   241.8584 1.2427e+00     2.9453     11.832     17.161    11.0956 0.0000e+00
     12.054     -0.050     5.1135     46.506    100.866  72.812030     0.5703      7.110   241.9595 1.2679e+00     3.0918     11.819     17.142    11.0989 0.0000e+00
     12.047     -0.039     5.1152     46.511    100.870  72.805659     0.6112      7.110   242.0360 1.2804e+00     3.1969     11.814     17.134    11.0999 0.0000e+00
     12.041     -0.029     5.1181     46.507    100.879  72.805568     0.6113      7.110   242.0103 1.2777e+00     3.2249     11.810     17.129    11.0991 0.0000e+00
     12.034     -0.021     5.1153     46.504    100.887  72.810919     0.5891      7.110   241.9067 1.2737e+00     3.2605     11.801     17.115    11.0957 0.0000e+00
     12.028     -0.015     5.1154     46.502    100.872  72.806828     0.5506      7.110   241.7296 1.2817e+00     3.3196     11.794     17.105    11.0906 0.0000e+00
     12.024     -0.013     5.1183     46.497    100.876  72.819642     0.5290      7.111   241.5033 1.2999e+00     3.3582     11.790     17.100    11.0857 0.0000e+00
     12.024     -0.016     5.1168     46.513    100.890  72.838804     0.5265      7.111   241.4086 1.3121e+00     3.3862     11.791     17.101    11.0818 0.0000e+00
     12.025     -0.024     5.1167     46.563    100.897  72.847929     0.5206      7.110   241.5303 1.3145e+00     3.3503     11.793     17.104    11.0817 0.0000e+00
     12.024     -0.037     5.1173     46.643    100.925  72.866455     0.5078      7.110   241.6838 1.3189e+00     3.2325     11.794     17.106    11.0853 0.0000e+00
     12.015     -0.052     5.1139     46.749    100.937  72.872207     0.5052      7.109   241.6300 1.3354e+00     3.1573     11.787     17.097    11.0915 0.0000e+00
     11.995     -0.066     5.1146     46.850    100.915  72.853945     0.5140      7.109   241.4820 1.3653e+00     3.1576     11.766     17.065    11.0967 0.0000e+00
     11.969     -0.076     5.1205     46.910    100.890  72.836242     0.5222      7.109   241.4436 1.3965e+00     3.2019     11.736     17.022    11.0983 0.0000e+00
     11.944     -0.082     5.1292     46.946    100.904  72.848743     0.5381      7.109   241.4234 1.4332e+00     3.2490     11.712     16.986    11.0971 0.0000e+00
     11.922     -0.083     5.1419     46.970    100.942  72.878035     0.5565      7.109   241.4097 1.4757e+00     3.2486     11.692     16.957    11.0949 0.0000e+00
     11.902     -0.079     5.1564     46.965    100.934  72.872770     0.5699      7.109   241.4494 1.5025e+00     3.2313     11.672     16.927    11.0931 0.0000e+00
     11.884     -0.074     5.1611     46.964    100.901  72.848613     0.5744      7.109   241.4733 1.5250e+00     3.2446     11.654     16.903    11.0936 0.0000e+00
     11.867     -0.068     5.1632     46.960    100.889  72.840083     0.5699      7.109   241.5271 1.5590e+00     3.2392     11.638     16.880    11.0957 0.0000e+00
     11.848     -0.061     5.1694     46.935    100.880  72.833163     0.5574      7.109   241.6698 1.5850e+00     3.2007     11.619     16.851    11.0967 0.0000e+00
     11.831     -0.053     5.1645     46.916    100.875  72.828463     0.5475      7.109   241.8223 1.5990e+00     3.1888     11.600     16.825    11.0965 0.0000e+00
     11.817     -0.044     5.1656     46.906    100.904  72.846786     0.5510      7.110   241.9078 1.6174e+00     3.1973     11.587     16.806    11.0964 0.0000e+00
     11.808     -0.035     5.1677     46.878    100.928  72.864111     0.5571      7.111   241.9288 1.6414e+00     3.2354     11.578     16.793    11.0966 0.0000e+00
     11.803     -0.027     5.1611     46.851    100.901  72.847352     0.5551      7.110   241.9051 1.6493e+00     3.2396     11.574     16.787    11.0967 0.0000e+00
     11.800     -0.023     5.1600     46.862    100.878  72.834751     0.5517      7.110   241.7935 1.6479e+00     3.1797     11.572     16.783    11.0960 0.0000e+00
     11.795     -0.025     5.1607     46.884    100.879  72.838812     0.5576      7.110   241.6972 1.6556e+00     3.1601     11.567     16.776    11.0939 0.0000e+00
     11.791     -0.032     5.1573     46.896    100.869  72.832932     0.5769      7.110   241.7742 1.6596e+00     3.1730     11.563     16.770    11.0937 0.0000e+00
     11.786     -0.045     5.1507     46.941    100.862  72.827190     0.6103      7.110   241.8636 1.6741e+00     3.1991     11.559     16.765    11.0958 0.0000e+00
     11.776     -0.061     5.1538     47.016    100.872  72.832922     0.6283      7.109   241.9176 1.7084e+00     3.2369     11.551     16.753    11.0979 0.0000e+00
     11.758     -0.079     5.1587     47.077    100.879  72.838707     0.6199      7.109   241.9968 1.7498e+00     3.2542     11.533     16.727    11.1001 0.0000e+00
     11.734     -0.094     5.1552     47.122    100.868  72.833614     0.5754      7.109   242.0463 1.7984e+00     3.1695     11.508     16.691    11.1007 0.0000e+00
     11.705     -0.102     5.1612     47.166    100.863  72.834879     0.5065      7.109   242.0862 1.8686e+00     2.9981     11.480     16.651    11.0995 0.0000e+00
     11.670     -0.101     5.1726     47.200    100.885  72.853994     0.4775      7.108   242.0487 1.9572e+00     2.8903     11.445     16.600    11.0985 0.0000e+00
     11.636     -0.093     5.1787     47.207    100.912  72.874152     0.4902      7.108   242.0234 2.0280e+00     2.8910     11.407     16.544    11.0989 0.0000e+00
     11.611     -0.081     5.1822     47.186    100.932  72.888009     0.5111      7.109   242.1246 2.0537e+00     2.9716     11.383     16.509    11.1009 0.0000e+00
     11.598     -0.068     5.1876     47.143    100.941  72.894476     0.5134      7.109   242.2406 2.0554e+00     3.0107     11.373     16.495    11.1034 0.0000e+00
     11.590     -0.060     5.1923     47.109    100.931  72.888825     0.4937      7.109   242.3062 2.0805e+00     2.9540     11.366     16.485    11.1054 0.0000e+00
     11.580     -0.060     5.1921     47.088    100.920  72.883218     0.4806      7.108   242.3160 2.1249e+00     2.9012     11.356     16.471    11.1053 0.0000e+00
     11.568     -0.069     5.1910     47.077    100.926  72.890209     0.4712      7.108   242.2730 2.1557e+00     2.8511     11.345     16.455    11.1046 0.0000e+00
     11.552     -0.083     5.1833     47.082    100.948  72.909836     0.4547      7.109   242.2164 2.1885e+00     2.7913     11.332     16.435    11.1045 0.0000e+00
     11.528     -0.095     5.1801     47.092    100.968  72.929936     0.4481      7.109   242.2342 2.2518e+00     2.7933     11.308     16.402    11.1054 0.0000e+00
     11.497     -0.100     5.1783     47.120    100.976  72.942654     0.4494      7.109   242.3161 2.3458e+00     2.8418     11.276     16.354    11.1069 0.0000e+00
     11.462     -0.098     5.1755     47.156    100.961  72.936557     0.4543      7.109   242.2607 2.4430e+00     2.8648     11.238     16.300    11.1077 0.0000e+00
     11.430     -0.089     5.1779     47.171    100.936  72.919751     0.4742      7.109   242.1664 2.5049e+00     2.8321     11.205     16.251    11.1091 0.0000e+00
     11.409     -0.075     5.1767     47.173    100.949  72.930048     0.4898      7.109   242.3805 2.5401e+00     2.7889     11.185     16.221    11.1125 0.0000e+00
     11.397     -0.056     5.1798     47.184    100.952  72.934005     0.4843      7.109   242.6984 2.5663e+00     2.7863     11.175     16.209    11.1164 0.0000e+00
     11.388     -0.037     5.1857     47.203    100.911  72.904069     0.4835      7.109   242.7395 2.5834e+00     2.8344     11.168     16.198    11.1191 0.0000e+00
     11.380     -0.020     5.1866     47.206    100.890  72.885735     0.4876      7.109   242.6203 2.5982e+00     2.8589     11.159     16.184    11.1195 0.0000e+00
     11.377     -0.008     5.1854     47.205    100.919  72.902922     0.4843      7.110   242.6337 2.6044e+00     2.8091     11.154     16.178    11.1194 0.0000e+00
     11.377      0.001     5.1863     47.225    100.948  72.921282     0.4856      7.110   242.7290 2.6018e+00     2.7784     11.157     16.182    11.1209 0.0000e+00
     11.380      0.008     5.1905     47.266    100.943  72.917124     0.4866      7.110   242.7404 2.5847e+00     2.8299     11.160     16.185    11.1209 0.0000e+00
     11.384      0.013     5.1901     47.323    100.942  72.916181     0.4880      7.110   242.7721 2.5554e+00     2.9185     11.164     16.191    11.1183 0.0000e+00
