Data/DataNotYetUploadedToEDI/Raw_CTD/RawDownloads/071425_fcr20_S7809003.cnv
* Sea-Bird SBE19plus  Data File:
* FileName = C:\R\Reservoirs\Data\DataNotYetUploadedToEDI\Raw_CTD\RawDownloads\071425_fcr50_S7809_0003.hex
* Software version 2.8.0.119
* Temperature SN = 7809
* Conductivity SN = 7809
* System UpLoad Time = Jul 14 2025 17:14:02
* <ApplicationData>
* <Seaterm232>
# nquan = 15
# nvalues = 1448                        
# units = specified
# name 0 = depFM: Depth [fresh water, m]
# name 1 = dz/dtM: Descent Rate [m/s]
# name 2 = sbeox0Mg/L: Oxygen, SBE 43 [mg/l]
# name 3 = sbeox0PS: Oxygen, SBE 43 [% saturation]
# name 4 = specc: Specific Conductance [uS/cm]
# name 5 = c0uS/cm: Conductivity [uS/cm]
# name 6 = flECO-AFL: Fluorescence, WET Labs ECO-AFL/FL [mg/m^3]
# name 7 = ph: pH
# name 8 = orp: Oxidation Reduction Potential [mV]
# name 9 = par/sat/log: PAR/Logarithmic, Satlantic
# name 10 = turbWETntu0: Turbidity, WET Labs ECO [NTU]
# name 11 = prdM: Pressure, Strain Gauge [db]
# name 12 = prdE: Pressure, Strain Gauge [psi]
# name 13 = tv290C: Temperature [ITS-90, deg C]
# name 14 = flag:  0.000e+00
# span 0 =     -0.625,      3.460       
# span 1 =     -0.356,      0.140       
# span 2 =    -0.0564,     8.8418       
# span 3 =     -0.472,    111.839       
# span 4 =      1.105,    289.802       
# span 5 =   1.096446, 233.291706       
# span 6 =    -0.4675,    48.5853       
# span 7 =      8.107,      9.669       
# span 8 =   -82.7794,   206.1442       
# span 9 = 6.5730e-01, 2.4411e+03       
# span 10 =    -1.6946,   118.1096      
# span 11 =     -0.613,      3.394      
# span 12 =     -0.889,      4.923      
# span 13 =    14.4318,    27.8415      
# span 14 = 0.0000e+00, 0.0000e+00      
# interval = seconds: 0.25
# start_time = Jul 14 2025 12:14:22 [Instrument's time stamp, header]
# bad_flag = -9.990e-29
*END*
     -0.619 -6.747e-52     7.7815     93.591      2.406   2.388683     0.0210      8.345   111.8991 2.4411e+03     0.0974     -0.607     -0.881    24.6209 0.0000e+00
     -0.619 -7.421e-51     7.7846     93.598      2.331   2.313910     0.0359      8.349   110.8211 2.4230e+03     0.1229     -0.608     -0.882    24.6217 0.0000e+00
     -0.619 -8.163e-50     7.7870     93.608      2.263   2.246788     0.0149      8.352   108.7648 2.4056e+03     0.0687     -0.607     -0.881    24.6227 0.0000e+00
     -0.620 -8.980e-49     7.7856     93.608      2.227   2.210543    -0.0080      8.354   105.3622 2.3943e+03    -0.0116     -0.608     -0.881    24.6233 0.0000e+00
     -0.620 -9.878e-48     7.7875     93.594      2.209   2.192398     0.0015      8.358    98.4180 2.3792e+03     0.0404     -0.608     -0.881    24.6239 0.0000e+00
     -0.620 -1.087e-46     7.7871     93.596      2.170   2.154093     0.0048      8.364    85.7193 2.3502e+03     0.0827     -0.608     -0.881    24.6244 0.0000e+00
     -0.620 -1.195e-45     7.7883     93.624      2.143   2.127453    -0.0179      8.368    74.1716 2.3048e+03    -0.0128     -0.608     -0.881    24.6250 0.0000e+00
     -0.620 -1.315e-44     7.7896     93.661      2.139   2.123672    -0.0159      8.368    71.5068 2.2365e+03    -0.0211     -0.608     -0.881    24.6254 0.0000e+00
     -0.620 -1.446e-43     7.7858     93.664      2.124   2.108376     0.0122      8.366    68.8146 2.1126e+03     0.0844     -0.608     -0.881    24.6259 0.0000e+00
     -0.620 -1.591e-42     7.7867     93.650      2.084   2.069187     0.0145      8.366    65.1956 1.7303e+03     0.0672     -0.608     -0.882    24.6262 0.0000e+00
     -0.620 -1.750e-41     7.7883     93.663      2.044   2.029903    -0.0132      8.363    76.7911 1.2785e+03    -0.0233     -0.608     -0.881    24.6265 0.0000e+00
     -0.620 -1.925e-40     7.7942     93.681      2.028   2.013449    -0.0157      8.358   100.6920 1.3008e+03     0.0146     -0.608     -0.881    24.6271 0.0000e+00
     -0.620 -2.117e-39     7.7936     93.688      2.011   1.996934     0.0016      8.353   121.0990 1.5470e+03     0.0477     -0.608     -0.882    24.6276 0.0000e+00
     -0.620 -2.329e-38     7.7892     93.680      1.971   1.956900    -0.0116      8.349   140.8690 1.5879e+03    -0.0677     -0.608     -0.882    24.6277 0.0000e+00
     -0.620 -2.562e-37     7.7931     93.668      1.923   1.909461    -0.0258      8.344   161.6274 1.5118e+03    -0.1514     -0.608     -0.882    24.6278 0.0000e+00
     -0.620 -2.818e-36     7.7941     93.678      1.880   1.866753    -0.0043      8.344   168.4321 1.4305e+03    -0.0757     -0.608     -0.881    24.6276 0.0000e+00
     -0.620 -3.100e-35     7.7951     93.694      1.834   1.820571     0.0243      8.351   154.8287 1.3374e+03     0.0284     -0.608     -0.881    24.6273 0.0000e+00
     -0.620 -3.410e-34     7.7945     93.693      1.808   1.794470     0.0119      8.357   137.9964 1.0566e+03     0.0144     -0.608     -0.881    24.6273 0.0000e+00
     -0.620 -3.751e-33     7.7918     93.692      1.818   1.804537    -0.0292      8.356   131.1425 7.8124e+02    -0.0749     -0.608     -0.882    24.6271 0.0000e+00
     -0.620 -4.126e-32     7.7934     93.687      1.829   1.815608    -0.0403      8.339   141.6509 8.6485e+02    -0.0273     -0.608     -0.881    24.6267 0.0000e+00
     -0.620 -4.539e-31     7.7966     93.676      1.816   1.801642    -0.0303      8.306   173.0761 9.9815e+02     0.1457     -0.608     -0.882    24.6262 0.0000e+00
     -0.620 -4.993e-30     7.7947     93.691      1.776   1.762359    -0.0331      8.272   200.3275 9.7820e+02     0.1731     -0.608     -0.882    24.6259 0.0000e+00
     -0.620 -5.492e-29     7.7953     93.714      1.734   1.720688    -0.0167      8.258   206.1442 9.1429e+02     0.1674     -0.607     -0.881    24.6253 0.0000e+00
     -0.620 -6.041e-28     7.7960     93.719      1.691   1.677848     0.0192      8.258   197.2031 7.0626e+02     0.2819     -0.608     -0.882    24.6249 0.0000e+00
     -0.620 -6.645e-27     7.7921     93.716      1.637   1.624433     0.0179      8.263   183.5085 3.9673e+02     0.2584     -0.609     -0.883    24.6246 0.0000e+00
     -0.620 -7.310e-26     7.7952     93.711      1.593   1.581584    -0.0152      8.266   173.0643 2.2599e+02     0.1235     -0.608     -0.882    24.6238 0.0000e+00
     -0.619 -8.041e-25     7.7985     93.709      1.551   1.539815    -0.0155      8.265   166.7717 2.0527e+02     0.1199     -0.607     -0.881    24.6232 0.0000e+00
     -0.619 -8.845e-24     7.7975     93.715      1.510   1.499458     0.0144      8.267   162.3183 2.1029e+02     0.0770     -0.607     -0.880    24.6225 0.0000e+00
     -0.619 -9.729e-23     7.7980     93.715      1.485   1.473683     0.0131      8.279   158.1938 2.0988e+02    -0.0870     -0.607     -0.881    24.6222 0.0000e+00
     -0.619 -1.070e-21     7.7973     93.709      1.429   1.418183    -0.0060      8.290   155.1041 2.0699e+02    -0.1551     -0.607     -0.880    24.6216 0.0000e+00
     -0.619 -1.177e-20     7.7966     93.697      1.345   1.335140     0.0001      8.293   151.8915 2.0422e+02    -0.0630     -0.608     -0.881    24.6217 0.0000e+00
     -0.619 -1.295e-19     7.7980     93.666      1.303   1.293041     0.0198      8.287   146.6252 2.0221e+02     0.0697     -0.607     -0.881    24.6222 0.0000e+00
     -0.619 -1.424e-18     7.7979     93.652      1.298   1.289213     0.0163      8.280   142.0217 2.0413e+02     0.0492     -0.607     -0.881    24.6225 0.0000e+00
     -0.619 -1.567e-17     7.7965     93.696      1.298   1.288854    -0.0097      8.275   140.6263 2.0601e+02    -0.0373     -0.607     -0.881    24.6228 0.0000e+00
     -0.619 -1.724e-16     7.7974     93.748      1.298   1.288709    -0.0120      8.267   141.3691 2.0588e+02     0.0146     -0.607     -0.881    24.6233 0.0000e+00
     -0.619 -1.896e-15     7.7931     93.741      1.297   1.287450     0.0135      8.258   140.5906 2.0387e+02     0.0266     -0.608     -0.881    24.6237 0.0000e+00
     -0.619 -2.086e-14     7.7887     93.688      1.283   1.273630     0.0161      8.249   137.6676 1.9898e+02    -0.0621     -0.607     -0.881    24.6244 0.0000e+00
     -0.619 -2.294e-13     7.7958     93.681      1.258   1.248303     0.0030      8.238   136.7430 1.8886e+02    -0.0338     -0.607     -0.881    24.6250 0.0000e+00
     -0.619 -2.524e-12     7.8019     93.721      1.243   1.234586     0.0130      8.228   137.6711 1.7724e+02     0.0620     -0.608     -0.882    24.6255 0.0000e+00
     -0.619 -2.776e-11     7.8020     93.746      1.243   1.234462     0.0120      8.227   137.7041 1.7242e+02     0.0370     -0.607     -0.881    24.6259 0.0000e+00
     -0.619 -3.054e-10     7.7921     93.748      1.256   1.246807    -0.0167      8.230   137.3149 1.7311e+02    -0.0626     -0.607     -0.881    24.6259 0.0000e+00
     -0.619 -3.359e-09     7.7921     93.730      1.266   1.257163    -0.0261      8.231   137.0079 1.7311e+02    -0.0153     -0.608     -0.881    24.6259 0.0000e+00
     -0.619 -3.695e-08     7.7994     93.732      1.242   1.232990    -0.0106      8.230   135.7992 1.7112e+02     0.0617     -0.607     -0.880    24.6259 0.0000e+00
     -0.619 -4.064e-07     7.7993     93.751      1.216   1.207896     0.0052      8.226   133.1118 1.6896e+02     0.0153     -0.607     -0.880    24.6260 0.0000e+00
     -0.619     -0.000     7.8017     93.751      1.216   1.207119     0.0061      8.223   130.4987 1.6883e+02     0.0047     -0.607     -0.880    24.6262 0.0000e+00
     -0.619     -0.000     7.7966     93.737      1.232   1.223596     0.0007      8.223   129.3277 1.7207e+02     0.0352     -0.607     -0.882    24.6262 0.0000e+00
     -0.619     -0.001     7.7976     93.728      1.289   1.280426     0.0142      8.223   128.8482 1.7838e+02     0.0776     -0.608     -0.881    24.6261 0.0000e+00
     -0.619     -0.001     7.8016     93.731      1.334   1.324189     0.0121      8.218   128.5722 1.8491e+02     0.0378     -0.607     -0.880    24.6260 0.0000e+00
     -0.619     -0.000     7.8001     93.736      1.319   1.309350    -0.0173      8.207   127.8844 1.8848e+02    -0.1038     -0.607     -0.881    24.6260 0.0000e+00
     -0.619 -1.847e-08     7.7990     93.740      1.300   1.291031    -0.0159      8.192   126.5547 1.9126e+02    -0.0629     -0.607     -0.881    24.6260 0.0000e+00
     -0.620 -2.032e-07     7.7975     93.741      1.302   1.292706     0.0121      8.177   125.7448 1.9662e+02     0.1220     -0.608     -0.882    24.6257 0.0000e+00
     -0.620 -2.032e-07     7.7987     93.739      1.339   1.329603     0.0043      8.161   125.2328 2.0257e+02     0.1506     -0.608     -0.882    24.6255 0.0000e+00
     -0.620 -1.847e-08     7.7988     93.729      1.431   1.420454    -0.0181      8.145   124.1503 2.1071e+02     0.1806     -0.608     -0.881    24.6256 0.0000e+00
     -0.620 -1.680e-09     7.7991     93.714      1.516   1.504408    -0.0089      8.131   123.5831 2.2691e+02     0.5875     -0.608     -0.882    24.6260 0.0000e+00
     -0.620 -1.527e-10     7.7995     93.718      1.533   1.521254    -0.0095      8.125   124.0539 2.4413e+02     1.1075     -0.608     -0.881    24.6262 0.0000e+00
     -0.620 -1.388e-11     7.7988     93.731      1.509   1.497455    -0.0343      8.121   125.2822 2.5190e+02     1.2758     -0.608     -0.881    24.6266 0.0000e+00
     -0.620 -1.262e-12     7.7990     93.728      1.481   1.470016    -0.0342      8.119   127.9378 2.5460e+02     1.3242     -0.608     -0.882    24.6272 0.0000e+00
     -0.620 -1.147e-13     7.7954     93.723      1.454   1.442865    -0.0158      8.122   130.1788 2.5725e+02     1.3852     -0.608     -0.882    24.6279 0.0000e+00
     -0.620 -1.043e-14     7.7964     93.726      1.434   1.422536    -0.0195      8.125   130.1795 2.5834e+02     1.3304     -0.608     -0.882    24.6288 0.0000e+00
     -0.620 -9.480e-16     7.7992     93.731      1.425   1.414239    -0.0462      8.121   130.9576 2.5750e+02     1.2767     -0.608     -0.882    24.6291 0.0000e+00
     -0.620 -8.620e-17     7.7971     93.744      1.416   1.405891    -0.0810      8.111   134.1672 2.5518e+02     1.3161     -0.608     -0.882    24.6301 0.0000e+00
     -0.620 -7.835e-18     7.7967     93.755      1.395   1.384943    -0.0814      8.107   136.9802 2.5164e+02     1.4308     -0.608     -0.882    24.6309 0.0000e+00
     -0.620 -7.120e-19     7.7973     93.752      1.361   1.350978    -0.0513      8.113   137.4359 2.4750e+02     1.4345     -0.608     -0.882    24.6313 0.0000e+00
     -0.620 -6.475e-20     7.7971     93.751      1.321   1.311925    -0.0417      8.123   136.8379 2.4312e+02     1.3262     -0.609     -0.883    24.6320 0.0000e+00
     -0.620 -5.885e-21     7.7983     93.753      1.302   1.292800    -0.0323      8.138   136.3744 2.3940e+02     1.3517     -0.608     -0.882    24.6325 0.0000e+00
     -0.620 -5.350e-22     7.8006     93.751      1.319   1.309750    -0.0042      8.158   135.6177 2.3809e+02     1.4682     -0.608     -0.881    24.6328 0.0000e+00
     -0.620 -4.865e-23     7.7987     93.762      1.336   1.326851    -0.0093      8.179   134.9160 2.4311e+02     1.4374     -0.608     -0.882    24.6331 0.0000e+00
     -0.620 -4.423e-24     7.7986     93.774      1.319   1.309551    -0.0451      8.194   134.6865 2.5981e+02     1.3553     -0.607     -0.881    24.6334 0.0000e+00
     -0.620 -4.020e-25     7.7999     93.774      1.300   1.290591    -0.0540      8.203   134.5640 2.8105e+02     1.4314     -0.608     -0.882    24.6336 0.0000e+00
     -0.620 -3.655e-26     7.7980     93.783      1.297   1.287632    -0.0577      8.208   134.3813 2.8413e+02     1.4706     -0.608     -0.881    24.6335 0.0000e+00
     -0.620 -3.323e-27     7.7999     93.797      1.283   1.273769    -0.0654      8.210   134.1986 2.6818e+02     1.3849     -0.608     -0.882    24.6333 0.0000e+00
     -0.620 -3.021e-28     7.8019     93.803      1.259   1.249664    -0.0383      8.214   134.5056 2.5603e+02     1.4201     -0.609     -0.883    24.6331 0.0000e+00
     -0.620 -2.746e-29     7.8000     93.801      1.259   1.249549     0.0029      8.224   135.5985 2.5027e+02     1.5540     -0.608     -0.882    24.6330 0.0000e+00
     -0.620 -2.496e-30     7.8019     93.797      1.281   1.272373     0.0251      8.234   137.2599 2.4492e+02     1.6028     -0.608     -0.881    24.6328 0.0000e+00
     -0.620 -2.269e-31     7.8031     93.797      1.281   1.272257     0.0138      8.238   139.1928 2.4307e+02     1.5324     -0.608     -0.881    24.6325 0.0000e+00
     -0.620 -2.063e-32     7.8038     93.793      1.257   1.248157    -0.0170      8.238   140.9005 2.4540e+02     1.4543     -0.608     -0.882    24.6322 0.0000e+00
     -0.620 -1.875e-33     7.8035     93.793      1.243   1.234346    -0.0149      8.236   141.8180 2.5280e+02     1.4785     -0.608     -0.881    24.6319 0.0000e+00
     -0.620 -1.698e-34     7.8025     93.791      1.241   1.231948     0.0053      8.234   141.5111 2.6445e+02     1.4495     -0.608     -0.881    24.6314 0.0000e+00
     -0.620 -7.740e-36     7.8036     93.771      1.228   1.219156    -0.0130      8.233   140.5450 2.7362e+02     1.3075     -0.608     -0.882    24.6310 0.0000e+00
     -0.620 8.3949e-35     7.8026     93.756      1.215   1.206364    -0.0365      8.228   140.3746 2.7857e+02     1.2991     -0.608     -0.882    24.6305 0.0000e+00
     -0.620 9.3881e-34     7.8027     93.775      1.213   1.203955    -0.0289      8.217   141.2583 2.8114e+02     1.3828     -0.608     -0.881    24.6300 0.0000e+00
     -0.620 1.0328e-32     7.8041     93.798      1.199   1.190039    -0.0379      8.204   141.7648 2.7718e+02     1.3289     -0.608     -0.882    24.6296 0.0000e+00
     -0.620 1.1361e-31     7.8012     93.803      1.174   1.164789    -0.0714      8.210   141.4229 2.7666e+02     1.2619     -0.608     -0.882    24.6292 0.0000e+00
     -0.620 1.2497e-30     7.7981     93.799      1.160   1.152007    -0.0674      8.231   141.1687 2.9182e+02     1.2556     -0.609     -0.883    24.6286 0.0000e+00
     -0.620 1.3747e-29     7.8022     93.789      1.170   1.162172    -0.0386      8.251   141.4451 3.0719e+02     1.1855     -0.608     -0.882    24.6280 0.0000e+00
     -0.620 1.5122e-28     7.8044     93.784      1.169   1.161021    -0.0402      8.268   142.1831 3.0839e+02     1.0965     -0.608     -0.882    24.6277 0.0000e+00
     -0.620 1.6634e-27     7.8043     93.793      1.147   1.138081    -0.0363      8.274   143.1223 2.9897e+02     1.1360     -0.608     -0.882    24.6271 0.0000e+00
     -0.620 1.8297e-26     7.8041     93.798      1.147   1.138175     0.0004      8.262   143.7669 2.8757e+02     1.3222     -0.608     -0.881    24.6266 0.0000e+00
     -0.620 2.0127e-25     7.8031     93.794      1.171   1.162150     0.0203      8.242   143.5238 2.8894e+02     1.4683     -0.608     -0.882    24.6262 0.0000e+00
     -0.620 2.2140e-24     7.8020     93.798      1.183   1.174600     0.0048      8.226   142.7641 3.0710e+02     1.4339     -0.608     -0.881    24.6258 0.0000e+00
     -0.620 2.4354e-23     7.8038     93.796      1.171   1.162026    -0.0209      8.216   142.7554 3.2143e+02     1.3156     -0.608     -0.882    24.6253 0.0000e+00
     -0.620 2.6789e-22     7.8049     93.792      1.146   1.136803    -0.0324      8.214   143.7619 3.2069e+02     1.3030     -0.608     -0.881    24.6248 0.0000e+00
     -0.620 2.9468e-21     7.8028     93.792      1.131   1.122994    -0.0341      8.215   145.1259 3.1356e+02     1.3498     -0.608     -0.881    24.6244 0.0000e+00
     -0.620 3.2415e-20     7.8051     93.787      1.130   1.121739    -0.0411      8.225   146.6861 3.0366e+02     1.3001     -0.608     -0.882    24.6240 0.0000e+00
     -0.620 3.5656e-19     7.8042     93.784      1.130   1.121624    -0.0260      8.245   148.8595 2.9594e+02     1.2833     -0.608     -0.882    24.6234 0.0000e+00
     -0.620 3.9222e-18     7.8032     93.783      1.130   1.121614    -0.0094      8.263   151.1852 2.9446e+02     1.3176     -0.608     -0.882    24.6230 0.0000e+00
