Data/DataNotYetUploadedToEDI/Raw_CTD/RawDownloads/071422_ccr50_S8188002.cnv
* Sea-Bird SBE19plus  Data File:
* FileName = C:\R\Reservoirs\Data\DataNotYetUploadedToEDI\Raw_CTD\RawDownloads\071122_fcr50_0002.hex
* Software version 2.8.0.119
* Temperature SN = 8188
* Conductivity SN = 8188
* System UpLoad Time = Jul 14 2022 16:29:53
* <ApplicationData>
* <Seaterm232>
# nquan = 16
# nvalues = 3343                        
# units = specified
# name 0 = depFM: Depth [fresh water, m]
# name 1 = dz/dtM: Descent Rate [m/s]
# name 2 = sbeox0Mg/L: Oxygen, SBE 43 [mg/l]
# name 3 = sbeox0PS: Oxygen, SBE 43 [% saturation]
# name 4 = specc: Specific Conductance [uS/cm]
# name 5 = c0uS/cm: Conductivity [uS/cm]
# name 6 = wetCDOM: Fluorescence, WET Labs CDOM [mg/m^3]
# name 7 = flECO-AFL: Fluorescence, WET Labs ECO-AFL/FL [mg/m^3]
# name 8 = flECO-AFL1: Fluorescence, WET Labs ECO-AFL/FL, 2 [mg/m^3]
# name 9 = flECO-AFL2: Fluorescence, WET Labs ECO-AFL/FL, 3 [mg/m^3]
# name 10 = par/sat/log: PAR/Logarithmic, Satlantic
# name 11 = turbWETntu0: Turbidity, WET Labs ECO [NTU]
# name 12 = prdM: Pressure, Strain Gauge [db]
# name 13 = prdE: Pressure, Strain Gauge [psi]
# name 14 = tv290C: Temperature [ITS-90, deg C]
# name 15 = flag:  0.000e+00
# span 0 =     -0.468,     21.111       
# span 1 =     -0.214,      0.209       
# span 2 =    -0.5343,    11.1418       
# span 3 =     -4.694,    125.072       
# span 4 =  -1723.714,    126.519       
# span 5 = -1.239e+03,  93.039392       
# span 6 =    -4.7669,     8.2869       
# span 7 =    -0.0886,    28.7108       
# span 8 =    -2.2561,     2.3757       
# span 9 =    -2.1636,     2.1822       
# span 10 = 1.1588e-01, 2.3097e+03      
# span 11 =    -0.0088,     9.8123      
# span 12 =     -0.460,     20.704      
# span 13 =     -0.667,     30.029      
# span 14 =    10.5366,    34.1904      
# span 15 = 0.0000e+00, 0.0000e+00      
# interval = seconds: 0.25
# start_time = Jul 14 2022 10:01:20 [Instrument's time stamp, header]
# bad_flag = -9.990e-29
*END*
[from data line 362]
      0.113      0.005     8.1439    104.510     85.659  90.590656     1.5450     2.8213    -0.0005     0.0765 1.7989e+03     1.1595      0.113      0.163    27.8927 0.0000e+00
      0.117      0.006     8.1505    104.713     85.625  90.538672     1.5208     2.8558     0.0014     0.0916 1.8048e+03     1.1733      0.119      0.173    27.8916 0.0000e+00
      0.116      0.006     8.1642    104.906     85.621  90.518532     1.5356     2.8588    -0.0025     0.0770 1.8203e+03     1.1750      0.114      0.165    27.8842 0.0000e+00
      0.114      0.003     8.1818    105.022     85.599  90.482522     1.5265     2.8592     0.0044     0.0948 1.8426e+03     1.1801      0.109      0.159    27.8785 0.0000e+00
      0.114      0.000     8.1963    105.049     85.569  90.441760     1.5322     2.8586     0.0380     0.1592 1.8633e+03     1.1887      0.111      0.163    27.8737 0.0000e+00
      0.115     -0.002     8.2140    105.039     85.631  90.499564     1.5285     2.8579     0.0461     0.1764 1.8741e+03     1.1934      0.113      0.165    27.8638 0.0000e+00
      0.115     -0.003     8.2338    105.024     85.701  90.572117     1.5312     2.8597     0.0396     0.1632 1.8747e+03     1.1939      0.112      0.163    27.8515 0.0000e+00
      0.115     -0.006     8.2443    105.004     85.697  90.574282     1.5289     2.8777     0.0461     0.1756 1.8705e+03     1.1932      0.112      0.163    27.8460 0.0000e+00
      0.114     -0.009     8.2448    104.988     85.639  90.525759     1.5313     2.9104     0.0379     0.1608 1.8633e+03     1.1913      0.114      0.165    27.8404 0.0000e+00
      0.110     -0.012     8.2439    104.959     85.624  90.527051     1.5281     2.9280     0.0044     0.0917 1.8530e+03     1.1898      0.109      0.157    27.8341 0.0000e+00
      0.105     -0.014     8.2438    104.879     85.669  90.589929     1.5328     2.9275    -0.0027     0.0822 1.8391e+03     1.1888      0.101      0.146    27.8335 0.0000e+00
      0.101     -0.014     8.2405    104.774     85.677  90.609034     1.5255     2.9140     0.0017     0.0829 1.8263e+03     1.1839      0.099      0.143    27.8378 0.0000e+00
      0.096     -0.014     8.2386    104.719     85.686  90.622665     1.5373     2.8905    -0.0010     0.0908 1.8188e+03     1.1749      0.094      0.136    27.8455 0.0000e+00
      0.093     -0.014     8.2369    104.754     85.686  90.619345     1.6136     2.8784     0.0006     0.1623 1.8074e+03     1.1698      0.089      0.130    27.8565 0.0000e+00
      0.091     -0.013     8.2276    104.824     85.651  90.568890     1.6215     2.8748    -0.0004     0.1735 1.7993e+03     1.1697      0.090      0.130    27.8673 0.0000e+00
      0.089     -0.012     8.2165    104.887     85.653  90.554205     1.6229     2.8449     0.0003     0.1665 1.8004e+03     1.1721      0.088      0.127    27.8727 0.0000e+00
      0.084     -0.009     8.2096    104.973     85.684  90.577155     1.6119     2.7929    -0.0001     0.1710 1.8060e+03     1.1763      0.083      0.120    27.8751 0.0000e+00
      0.079     -0.004     8.2151    105.083     85.690  90.575562     1.5399     2.7664     0.0001     0.1679 1.8220e+03     1.1787      0.077      0.112    27.8743 0.0000e+00
      0.076      0.004     8.2244    105.176     85.662  90.534932     1.5215     2.7669    -0.0000     0.1703 1.8324e+03     1.1796      0.073      0.106    27.8645 0.0000e+00
      0.076      0.014     8.2282    105.236     85.633  90.492081     1.5391     2.7931     0.0001     0.1681 1.8298e+03     1.1859      0.073      0.105    27.8525 0.0000e+00
      0.081      0.028     8.2361    105.247     85.613  90.463638     1.5181     2.8424 1.3267e-08     0.1705 1.8283e+03     1.1972      0.078      0.114    27.8480 0.0000e+00
      0.090      0.042     8.2469    105.179     85.614  90.461812     1.4522     2.8699 -2.165e-08     0.1672 1.8219e+03     1.2038      0.088      0.128    27.8453 0.0000e+00
      0.103      0.053     8.2553    105.086     85.621  90.469999     1.4300     2.8730 3.5318e-08     0.1724 1.7445e+03     1.2073      0.100      0.144    27.8385 0.0000e+00
      0.122      0.061     8.2611    105.026     85.585  90.427233     1.4501     2.8791 -5.762e-08     0.1641 1.6970e+03     1.2378      0.118      0.171    27.8293 0.0000e+00
      0.142      0.067     8.2652    104.976     85.534  90.350921     1.4272     2.8909 9.4019e-08     0.1775 1.7214e+03     1.2938      0.141      0.205    27.8250 0.0000e+00
      0.160      0.071     8.2575    104.909     85.515  90.291976     1.4587     2.8983 -1.534e-07     0.1558 1.5976e+03     1.3246      0.157      0.228    27.8244 0.0000e+00
      0.176      0.072     8.2467    104.795     85.519  90.256053     1.6020     2.8997 2.5028e-07     0.0564 1.3834e+03     1.3254      0.172      0.249    27.8254 0.0000e+00
      0.194      0.072     8.2450    104.656     85.542  90.255019     1.6307     2.8980 -4.084e-07     0.0317 1.4310e+03     1.3036      0.190      0.275    27.8261 0.0000e+00
      0.214      0.073     8.2421    104.593     85.582  90.279433     1.6139     2.8943 -4.083e-07     0.0518 1.6505e+03     1.2632      0.208      0.303    27.8144 0.0000e+00
      0.234      0.076     8.2425    104.624     85.603  90.280417     1.6229     2.8918 2.5029e-07     0.0314 1.6411e+03     1.2408      0.231      0.335    27.7865 0.0000e+00
      0.251      0.078     8.2381    104.683     85.611  90.266880     1.6194     2.8927 -1.534e-07    -0.0328 1.6171e+03     1.2383      0.248      0.359    27.7582 0.0000e+00
      0.269      0.078     8.2237    104.775     85.612  90.251116     1.6183     2.9057 9.4004e-08    -0.0479 1.6614e+03     1.2343      0.261      0.378    27.7472 0.0000e+00
      0.293      0.075     8.2192    104.940     85.597  90.225184     1.6245     2.9272 -5.766e-08    -0.0394 1.5879e+03     1.2274      0.286      0.415    27.7398 0.0000e+00
      0.318      0.068     8.2281    105.158     85.602  90.224120     1.6118     2.9362 3.5318e-08    -0.0432 1.5218e+03     1.2239      0.315      0.457    27.7251 0.0000e+00
      0.337      0.059     8.2337    105.345     85.618  90.238237     1.5385     2.9351 -2.164e-08     0.0017 1.4818e+03     1.2239      0.332      0.482    27.7107 0.0000e+00
      0.349      0.047     8.2400    105.392     85.640  90.260477     1.5246     2.9281 1.3262e-08    -0.0056 1.4764e+03     1.2219      0.343      0.497    27.7014 0.0000e+00
      0.358      0.036     8.2552    105.293     85.667  90.289917     1.5336     2.9142 -8.118e-09     0.0108 1.4931e+03     1.2179      0.353      0.513    27.6958 0.0000e+00
      0.363      0.031     8.2745    105.148     85.633  90.255704     1.5274     2.9066 4.9660e-09    -0.0186 1.4910e+03     1.2159      0.357      0.519    27.6920 0.0000e+00
      0.365      0.031     8.2941    105.015     85.571  90.185308     1.5324     2.9064 -3.025e-09     0.0309 1.5097e+03     1.2158      0.358      0.518    27.6910 0.0000e+00
      0.368      0.036     8.2981    104.881     85.577  90.183439     1.5273     2.9114 1.8241e-09     0.3531 1.5020e+03     1.2153      0.358      0.520    27.6899 0.0000e+00
      0.377      0.041     8.2859    104.769     85.629  90.233091     1.5337     2.9222 -1.069e-09     0.3885 1.4460e+03     1.2142      0.367      0.531    27.6912 0.0000e+00
      0.393      0.046     8.2722    104.735     85.641  90.244054     1.5245     2.9288 5.7516e-10     0.3909 1.4371e+03     1.2137      0.382      0.555    27.6939 0.0000e+00
      0.413      0.047     8.2641    104.788     85.581  90.180585     1.5387     2.9287 -2.220e-10     0.3501 1.4594e+03     1.2134      0.405      0.590    27.6904 0.0000e+00
      0.430      0.042     8.2536    104.894     85.548  90.142682     1.6115     2.9278 -7.692e-11    -0.0096 1.4443e+03     1.2073      0.424      0.616    27.6832 0.0000e+00
      0.439      0.033     8.2425    104.989     85.596  90.191954     1.6249     2.9274 3.9456e-10    -0.0591 1.4629e+03     1.1959      0.432      0.627    27.6809 0.0000e+00
      0.443      0.024     8.2404    105.070     85.633  90.234734     1.6175     2.9270 -8.088e-10    -0.0371 1.5479e+03     1.1898      0.436      0.632    27.6815 0.0000e+00
      0.443      0.017     8.2447    105.195     85.638  90.253744     1.6207     2.9273 1.4206e-09    -0.0372 1.5848e+03     1.1895      0.435      0.631    27.6813 0.0000e+00
      0.443      0.014     8.2564    105.333     85.652  90.286435     1.6209     2.9263 -2.380e-09     0.0755 1.5486e+03     1.1914      0.433      0.628    27.6785 0.0000e+00
      0.445      0.012     8.2649    105.432     85.642  90.291532     1.6172     2.9228 3.9209e-09     0.0921 1.4861e+03     1.1948      0.435      0.631    27.6764 0.0000e+00
      0.451      0.012     8.2667    105.498     85.591  90.247702     1.6254     2.9206 -6.421e-09     0.0770 1.4462e+03     1.1967      0.442      0.641    27.6784 0.0000e+00
      0.459      0.011     8.2776    105.533     85.568  90.230399     1.6109     2.9194 1.0490e-08     0.0942 1.4517e+03     1.1970      0.452      0.656    27.6868 0.0000e+00
      0.463      0.009     8.2892    105.547     85.616  90.285423     1.5398     2.9094 -1.712e-08     0.1604 1.4627e+03     1.1991      0.457      0.662    27.6995 0.0000e+00
      0.463      0.004     8.2935    105.534     85.628  90.303708     1.5227     2.8914 2.7944e-08     0.1742 1.4612e+03     1.2037      0.454      0.658    27.7096 0.0000e+00
      0.461     -0.001     8.2993    105.432     85.574  90.248393     1.5365     2.8809 -4.560e-08     0.1668 1.4054e+03     1.2065      0.451      0.655    27.7149 0.0000e+00
      0.461     -0.005     8.3006    105.216     85.562  90.225910     1.5227     2.8795 7.4397e-08     0.1695 1.3887e+03     1.2068      0.453      0.657    27.7177 0.0000e+00
      0.459     -0.006     8.3008    104.973     85.592  90.234960     1.5399     2.8746 -1.214e-07     0.1708 1.3878e+03     1.2084      0.451      0.654    27.7199 0.0000e+00
      0.455     -0.006     8.3020    104.804     85.607  90.222376     1.6106     2.8645 1.9805e-07     0.2102 1.2514e+03     1.2120      0.444      0.645    27.7238 0.0000e+00
      0.454     -0.006     8.2948    104.719     85.617  90.209114     1.6258     2.8585 -3.231e-07     0.2102 1.1380e+03     1.2141      0.445      0.645    27.7281 0.0000e+00
      0.454     -0.007     8.2757    104.706     85.631  90.209962     1.6165     2.8595 5.2722e-07     0.2156 1.2069e+03     1.2133      0.447      0.649    27.7220 0.0000e+00
      0.452     -0.012     8.2543    104.756     85.656  90.232612     1.6222     2.8803 -8.602e-07     0.2035 1.3518e+03     1.2064      0.442      0.642    27.7065 0.0000e+00
      0.451     -0.025     8.2450    104.829     85.695  90.279864     1.6186     2.9188     0.0000     0.1355 1.4080e+03     1.1941      0.441      0.640    27.6883 0.0000e+00
      0.451     -0.048     8.2409    104.911     85.702  90.307405     1.6208     2.9402    -0.0000     0.1206 1.4672e+03     1.1874      0.444      0.645    27.6724 0.0000e+00
      0.443     -0.079     8.2406    105.019     85.660  90.294845     1.6195     2.9422     0.0000     0.1323 1.4312e+03     1.1876      0.438      0.636    27.6643 0.0000e+00
      0.423     -0.111     8.2468    105.118     85.604  90.263451     1.6203     2.9366    -0.0000     0.1211 1.2146e+03     1.1974      0.421      0.610    27.6630 0.0000e+00
      0.387     -0.140     8.2528    105.172     85.590  90.266371     1.6197     2.9264     0.0000     0.0897 1.1451e+03     1.2155      0.387      0.561    27.6650 0.0000e+00
      0.336     -0.162     8.2556    105.218     85.638  90.330179     1.6202     2.9211    -0.0000     0.0815 1.2246e+03     1.2256      0.332      0.481    27.6775 0.0000e+00
      0.279     -0.172     8.2624    105.291     85.648  90.357983     1.6199     2.9210     0.0000     0.0864 1.2918e+03     1.2264      0.271      0.393    27.7002 0.0000e+00
      0.228     -0.168     8.2700    105.383     85.602  90.331778     1.6202     2.9263    -0.0000     0.0837 1.3995e+03     1.2200      0.220      0.319    27.7173 0.0000e+00
      0.185     -0.151     8.2702    105.439     85.601  90.351873     1.6196     2.9368     0.0001     0.0849 1.5622e+03     1.2083      0.180      0.260    27.7266 0.0000e+00
      0.149     -0.123     8.2724    105.400     85.631  90.397887     1.6205     2.9430    -0.0001     0.0849 1.6879e+03     1.2019      0.145      0.211    27.7321 0.0000e+00
      0.118     -0.093     8.2767    105.287     85.644  90.414257     1.6192     2.9428     0.0002     0.0836 1.7745e+03     1.2009      0.114      0.166    27.7412 0.0000e+00
      0.097     -0.064     8.2835    105.154     85.644  90.414400     1.6213     2.9367    -0.0003     0.0866 1.8168e+03     1.1977      0.090      0.130    27.7558 0.0000e+00
      0.089     -0.041     8.2887    105.034     85.625  90.399613     1.6179     2.9259     0.0005     0.0813 1.8208e+03     1.1925      0.084      0.121    27.7699 0.0000e+00
      0.090     -0.026     8.2827    104.948     85.590  90.370878     1.6235     2.9199    -0.0008     0.0453 1.8490e+03     1.1901      0.089      0.128    27.7794 0.0000e+00
      0.091     -0.019     8.2722    104.932     85.555  90.337787     1.6144     2.9252     0.0013     0.0416 1.8956e+03     1.1912      0.091      0.131    27.7795 0.0000e+00
      0.091     -0.022     8.2609    104.987     85.561  90.338012     1.6292     2.9840    -0.0022     0.0409 1.9415e+03     1.2028      0.091      0.132    27.7760 0.0000e+00
      0.087     -0.037     8.2515    105.079     85.658  90.441286     1.6050     3.0895     0.0035     0.0461 1.9576e+03     1.2238      0.088      0.128    27.7794 0.0000e+00
      0.077     -0.061     8.2417    105.211     85.753  90.570973     1.4535     3.1479     0.0395     0.0801 1.9350e+03     1.2355      0.076      0.111    27.7873 0.0000e+00
      0.063     -0.086     8.2391    105.336     85.756  90.619803     1.4356     3.1574     0.0436     0.0884 1.9775e+03     1.2369      0.062      0.091    27.7923 0.0000e+00
      0.041     -0.102     8.2476    105.367     85.726  90.625567     1.4362     3.1847     0.0436     0.0807 1.8710e+03     1.2390      0.048      0.069    27.7845 0.0000e+00
      0.003     -0.102     8.2539    105.306     85.718  90.640714     1.4529     3.2315     0.0394     0.0897 1.2979e+03     1.2434      0.008      0.012    27.7758 0.0000e+00
     -0.046     -0.087     8.2626    105.261     85.727  90.667584     1.6059     3.2555     0.0036     0.1219 7.9288e+02     1.2462     -0.051     -0.075    27.7985 0.0000e+00
     -0.082     -0.057     8.2711    105.282     85.724  90.679676     1.6277     3.2520    -0.0022     0.1303 6.7802e+02     1.2453     -0.090     -0.131    27.8335 0.0000e+00
     -0.093     -0.021     8.2705    105.264     85.692  90.651536     1.6168     3.1949     0.0016     0.1242 5.8597e+02     1.2303     -0.099     -0.144    27.8540 0.0000e+00
     -0.082      0.012     8.2600    105.171     85.650  90.598159     1.6195     3.0906    -0.0011     0.1295 5.8449e+02     1.2031     -0.087     -0.126    27.8657 0.0000e+00
     -0.057      0.027     8.2517    105.126     85.642  90.575888     1.6243     3.0343     0.0010     0.1236 7.8855e+02     1.1883     -0.055     -0.081    27.8744 0.0000e+00
     -0.030      0.018     8.2576    105.143     85.716  90.653031     1.7064     3.0269    -0.0011     0.0867 9.1849e+02     1.1858     -0.026     -0.038    27.8862 0.0000e+00
     -0.012     -0.011     8.2578    105.091     85.816  90.786186     1.7083     2.9972     0.0016     0.0858 7.2804e+02     1.1761     -0.004     -0.005    27.8913 0.0000e+00
     -0.017     -0.045     8.2444    104.946     85.811  90.831880     1.7173     2.9437    -0.0023     0.0799 4.9904e+02     1.1591     -0.005     -0.007    27.8833 0.0000e+00
