Data/DataNotYetUploadedToEDI/Raw_CTD/RawDownloads/071522_bvr50_S8188001.cnv
* Sea-Bird SBE19plus  Data File:
* FileName = C:\R\Reservoirs\Data\DataNotYetUploadedToEDI\Raw_CTD\RawDownloads\071522_bvr50_0001.hex
* Software version 2.8.0.119
* Temperature SN = 8188
* Conductivity SN = 8188
* System UpLoad Time = Jul 16 2022 14:48:54
* <ApplicationData>
* <Seaterm232>
# nquan = 16
# nvalues = 1372                        
# units = specified
# name 0 = depFM: Depth [fresh water, m]
# name 1 = dz/dtM: Descent Rate [m/s]
# name 2 = sbeox0Mg/L: Oxygen, SBE 43 [mg/l]
# name 3 = sbeox0PS: Oxygen, SBE 43 [% saturation]
# name 4 = specc: Specific Conductance [uS/cm]
# name 5 = c0uS/cm: Conductivity [uS/cm]
# name 6 = wetCDOM: Fluorescence, WET Labs CDOM [mg/m^3]
# name 7 = flECO-AFL: Fluorescence, WET Labs ECO-AFL/FL [mg/m^3]
# name 8 = flECO-AFL1: Fluorescence, WET Labs ECO-AFL/FL, 2 [mg/m^3]
# name 9 = flECO-AFL2: Fluorescence, WET Labs ECO-AFL/FL, 3 [mg/m^3]
# name 10 = par/sat/log: PAR/Logarithmic, Satlantic
# name 11 = turbWETntu0: Turbidity, WET Labs ECO [NTU]
# name 12 = prdM: Pressure, Strain Gauge [db]
# name 13 = prdE: Pressure, Strain Gauge [psi]
# name 14 = tv290C: Temperature [ITS-90, deg C]
# name 15 = flag:  0.000e+00
# span 0 =     -0.708,      7.811       
# span 1 =     -0.334,      0.221       
# span 2 =     0.0609,     8.3487       
# span 3 =      0.570,     99.849       
# span 4 =     -0.329,    179.615       
# span 5 =  -0.364797, 125.336142       
# span 6 =    -4.7804,     7.8356       
# span 7 =     0.0042,     8.6608       
# span 8 =    -2.2563,     0.1739       
# span 9 =    -2.1555,    18.1334       
# span 10 = 1.1590e-01, 5.1503e+02      
# span 11 =    -0.0039,     9.8123      
# span 12 =     -0.695,      7.663      
# span 13 =     -1.008,     11.115      
# span 14 =     9.8405,    30.3937      
# span 15 = 0.0000e+00, 0.0000e+00      
# interval = seconds: 0.25
# start_time = Jul 15 2022 11:01:18 [Instrument's time stamp, header]
# bad_flag = -9.990e-29
*END*
[from data line 362]
      0.495      0.033     6.1401     74.673     30.038  30.606815     4.4106     3.3014     0.0852     0.2109 7.3464e+01     5.5793      0.483      0.702    26.1138 0.0000e+00
      0.505      0.036     6.1094     74.546     30.057  30.622417     4.4096     3.3004     0.0852     0.2086 7.2376e+01     5.5810      0.494      0.718    26.1066 0.0000e+00
      0.518      0.036     6.0892     74.311     30.127  30.696957     4.4102     3.2974     0.0852     0.2186 7.1288e+01     5.5951      0.508      0.737    26.0400 0.0000e+00
      0.529      0.035     6.0741     73.948     30.127  30.698062     4.4099     3.2914     0.0852     0.2883 7.0537e+01     5.6207      0.520      0.754    25.9623 0.0000e+00
      0.538      0.032     6.0619     73.601     30.070  30.635785     4.4100     3.2876     0.0852     0.3014 7.0209e+01     5.6348      0.528      0.766    25.9284 0.0000e+00
      0.543      0.028     6.0597     73.304     30.063  30.618966     4.4101     3.2875     0.0852     0.2921 6.9976e+01     5.6370      0.533      0.774    25.9323 0.0000e+00
      0.548      0.028     6.0410     73.085     30.084  30.629701     4.4098     3.2924     0.0851     0.2999 6.9484e+01     5.6441      0.536      0.778    25.9425 0.0000e+00
      0.554      0.031     6.0015     72.989     30.095  30.630561     4.4104     3.3011     0.0853     0.2915 6.8964e+01     5.6562      0.543      0.787    25.9448 0.0000e+00
      0.559      0.039     5.9772     72.995     30.105  30.629343     4.4094     3.3063     0.0851     0.2576 6.8494e+01     5.6629      0.548      0.794    25.9381 0.0000e+00
      0.567      0.049     5.9536     73.101     30.108  30.614960     4.4110     3.3069     0.0854     0.2525 6.7316e+01     5.6646      0.552      0.802    25.9195 0.0000e+00
      0.582      0.057     5.9347     73.283     30.107  30.591627     4.4084     3.3000     0.0848     0.2531 6.5532e+01     5.6756      0.569      0.826    25.9007 0.0000e+00
      0.602      0.062     5.9317     73.409     30.153  30.617191     4.4127     3.2868     0.0858     0.2568 6.3938e+01     5.6952      0.591      0.857    25.8849 0.0000e+00
      0.623      0.062     5.9328     73.368     30.205  30.654021     4.4056     3.2798     0.0842     0.2926 6.2261e+01     5.7054      0.612      0.886    25.8683 0.0000e+00
      0.644      0.057     5.9441     73.174     30.197  30.631911     4.4171     3.2797     0.0869     0.2982 6.0793e+01     5.7055      0.633      0.918    25.8406 0.0000e+00
      0.659      0.051     5.9686     72.832     30.197  30.619831     4.3984     3.2823     0.0825     0.2947 6.0133e+01     5.6996      0.650      0.942    25.7961 0.0000e+00
      0.668      0.046     5.9878     72.312     30.233  30.642960     4.4289     3.2864     0.0897     0.2970 5.9849e+01     5.6891      0.657      0.953    25.7611 0.0000e+00
      0.672      0.041     5.9841     71.640     30.252  30.641537     4.5702     3.2877     0.1232     0.2954 5.9618e+01     5.6839      0.658      0.952    25.7374 0.0000e+00
      0.678      0.036     5.9709     70.898     30.230  30.602589     4.6047     3.2862     0.1313     0.2967 5.8987e+01     5.6840      0.662      0.959    25.7121 0.0000e+00
      0.691      0.032     5.9475     70.190     30.208  30.577028     4.5770     3.2876     0.1247     0.2954 5.8028e+01     5.6855      0.677      0.983    25.6935 0.0000e+00
      0.705      0.030     5.9050     69.542     30.230  30.602477     4.6046     3.2941     0.1312     0.2969 5.7373e+01     5.6883      0.694      1.006    25.6797 0.0000e+00
      0.714      0.026     5.8526     68.858     30.265  30.640289     4.5703     3.2999     0.1231     0.2949 5.7049e+01     5.6901      0.703      1.019    25.6351 0.0000e+00
      0.717      0.021     5.7932     68.172     30.255  30.629213     4.4287     3.3020     0.0897     0.2981 5.6945e+01     5.6903      0.704      1.022    25.5965 0.0000e+00
      0.718      0.015     5.7310     67.619     30.244  30.603563     4.3988     3.3128     0.0825     0.2928 5.6709e+01     5.6909      0.703      1.020    25.6050 0.0000e+00
      0.720      0.010     5.6851     67.177     30.265  30.600138     4.4165     3.3319     0.0868     0.3014 5.6316e+01     5.6917      0.706      1.023    25.6078 0.0000e+00
      0.724      0.007     5.6270     66.732     30.278  30.587757     4.4067     3.3411     0.0842     0.2875 5.6104e+01     5.6922      0.711      1.031    25.6154 0.0000e+00
      0.727      0.007     5.5622     66.261     30.295  30.588837     4.4109     3.3401     0.0857     0.2204 5.6010e+01     5.6918      0.714      1.035    25.6217 0.0000e+00
      0.728      0.008     5.5228     65.828     30.317  30.613170     4.4111     3.3262     0.0850     0.2054 5.6047e+01     5.6837      0.714      1.035    25.5942 0.0000e+00
      0.728      0.009     5.4957     65.419     30.299  30.611961     4.4065     3.3015     0.0851     0.2164 5.6017e+01     5.6692      0.713      1.034    25.5473 0.0000e+00
      0.729      0.009     5.4655     64.991     30.242  30.574246     4.4168     3.2884     0.0857     0.2066 5.5893e+01     5.6615      0.715      1.036    25.4990 0.0000e+00
      0.732      0.010     5.4250     64.567     30.219  30.562193     4.4938     3.2884     0.0843     0.1727 5.5847e+01     5.6597      0.717      1.041    25.4687 0.0000e+00
      0.736      0.010     5.3913     64.213     30.254  30.601244     4.5015     3.3045     0.0868     0.1690 5.5597e+01     5.6467      0.722      1.047    25.4716 0.0000e+00
      0.741      0.009     5.3561     64.027     30.291  30.641411     4.5026     3.3344     0.0825     0.1663 5.5403e+01     5.6225      0.727      1.055    25.5089 0.0000e+00
      0.744      0.006     5.3157     64.100     30.287  30.642851     4.4924     3.3502     0.0897     0.1759 5.5391e+01     5.6092      0.730      1.060    25.5496 0.0000e+00
      0.745      0.004     5.2775     64.386     30.256  30.618660     4.4189     3.3500     0.1231     0.2469 5.5285e+01     5.6090      0.731      1.060    25.5659 0.0000e+00
      0.744      0.004     5.2462     64.797     30.256  30.618935     4.4033     3.3368     0.1312     0.2575 5.5322e+01     5.6171      0.730      1.058    25.5683 0.0000e+00
      0.742      0.005     5.2263     65.371     30.304  30.646182     4.4163     3.3135     0.1247     0.2524 5.5358e+01     5.6313      0.728      1.054    25.5685 0.0000e+00
      0.741      0.008     5.2331     66.077     30.376  30.678059     4.4026     3.3017     0.1312     0.2532 5.5224e+01     5.6393      0.725      1.052    25.5788 0.0000e+00
      0.744      0.011     5.2613     66.735     30.483  30.734291     4.4203     3.3023     0.1232     0.2564 5.4957e+01     5.6430      0.728      1.056    25.5923 0.0000e+00
      0.751      0.016     5.2881     67.180     30.611  30.786002     4.4898     3.3075     0.0896     0.2933 5.4594e+01     5.6765      0.736      1.067    25.6095 0.0000e+00
      0.757      0.022     5.3391     67.271     30.689  30.763166     4.5072     3.3152     0.0827     0.2971 5.4467e+01     5.7384      0.744      1.079    25.5757 0.0000e+00
      0.761      0.030     5.4129     66.817     30.750  30.728036     4.4941     3.3201     0.0866     0.2965 5.4408e+01     5.7725      0.747      1.084    25.4854 0.0000e+00
      0.764      0.038     5.4773     65.662     30.870  30.766112     4.5060     3.3225     0.0847     0.2941 5.4115e+01     5.7776      0.748      1.084    25.4287 0.0000e+00
      0.773      0.045     5.5287     63.677     30.986  30.818412     4.4924     3.3296     0.0850     0.2554 5.3417e+01     5.8032      0.756      1.095    25.2985 0.0000e+00
      0.790      0.050     5.5641     60.743     31.030  30.820278     4.5110     3.3426     0.0861     0.2550 5.2319e+01     5.8506      0.774      1.123    25.1034 0.0000e+00
      0.810      0.053     5.5457     56.966     31.024  30.788612     4.4828     3.3503     0.0833     0.2497 5.1348e+01     5.8767      0.794      1.152    24.9537 0.0000e+00
      0.827      0.054     5.4660     52.706     30.960  30.705513     4.5276     3.3514     0.0886     0.2618 5.0726e+01     5.8806      0.813      1.179    24.8180 0.0000e+00
      0.839      0.053     5.3193     48.371     30.906  30.625524     4.7419     3.3519     0.1247     0.3295 5.0311e+01     5.8981      0.824      1.196    24.7084 0.0000e+00
      0.848      0.050     5.0779     44.344     30.951  30.631445     4.7892     3.3511     0.1287     0.3450 4.9931e+01     5.9297      0.831      1.206    24.6452 0.0000e+00
      0.858      0.046     4.7545     40.993     31.000  30.642049     4.7552     3.3498     0.1288     0.3324 4.9336e+01     5.9471      0.841      1.219    24.6125 0.0000e+00
      0.870      0.044     4.3892     38.537     31.003  30.618674     4.7840     3.3500     0.1246     0.3452 4.8564e+01     5.9516      0.852      1.235    24.5898 0.0000e+00
      0.885      0.043     4.0219     36.971     31.014  30.618784     4.8488     3.3459     0.0887     0.3738 4.7919e+01     5.9832      0.868      1.260    24.5495 0.0000e+00
      0.897      0.043     3.6786     36.116     31.036  30.643367     4.8656     3.3362     0.0830     0.3865 4.7520e+01     6.0408      0.882      1.279    24.4756 0.0000e+00
      0.905      0.043     3.3965     35.681     31.036  30.645912     4.8586     3.3302     0.0866     0.3744 4.7260e+01     6.0722      0.888      1.288    24.4072 0.0000e+00
      0.914      0.043     3.1951     35.432     31.053  30.649554     4.8575     3.3288     0.0844     0.3891 4.6929e+01     6.0740      0.894      1.297    24.3678 0.0000e+00
      0.924      0.042     3.0697     35.305     31.120  30.687384     4.8669     3.3286     0.0857     0.3683 4.6415e+01     6.0647      0.904      1.313    24.3470 0.0000e+00
      0.937      0.041     3.0081     35.298     31.164  30.698255     4.9423     3.3282     0.0849     0.2656 4.5875e+01     6.0473      0.919      1.333    24.3604 0.0000e+00
      0.951      0.040     2.9783     35.330     31.141  30.645941     4.9547     3.3273     0.0855     0.2476 4.5412e+01     6.0379      0.933      1.354    24.3802 0.0000e+00
      0.961      0.038     2.9597     35.280     31.113  30.594821     4.9472     3.3285     0.0850     0.2561 4.5012e+01     6.0389      0.943      1.368    24.3525 0.0000e+00
      0.968      0.036     2.9504     35.055     31.158  30.620150     4.9517     3.3305     0.0853     0.2549 4.4683e+01     6.0566      0.950      1.377    24.2997 0.0000e+00
      0.975      0.036     2.9562     34.579     31.240  30.682158     4.9489     3.3308     0.0850     0.2938 4.4314e+01     6.0894      0.956      1.387    24.2455 0.0000e+00
      0.983      0.038     2.9660     33.871     31.245  30.669513     4.9506     3.3306     0.0855     0.2975 4.3866e+01     6.1072      0.963      1.398    24.1945 0.0000e+00
      0.992      0.041     2.9654     33.013     31.194  30.602244     4.9497     3.3295     0.0848     0.2953 4.3380e+01     6.1072      0.972      1.409    24.1574 0.0000e+00
      1.003      0.045     2.9518     32.056     31.159  30.543803     4.9502     3.3231     0.0858     0.2966 4.2812e+01     6.0917      0.982      1.424    24.1315 0.0000e+00
      1.016      0.049     2.9122     31.059     31.151  30.502886     4.9500     3.3129     0.0842     0.2959 4.2204e+01     6.0632      0.996      1.445    24.1035 0.0000e+00
      1.031      0.050     2.8508     30.159     31.190  30.512466     4.9499     3.3080     0.0869     0.2962 4.1640e+01     6.0477      1.011      1.467    24.0693 0.0000e+00
      1.046      0.050     2.7789     29.488     31.220  30.524597     4.9503     3.3080     0.0825     0.2962 4.1155e+01     6.0457      1.027      1.489    24.0495 0.0000e+00
      1.059      0.048     2.6995     29.049     31.222  30.514535     4.9494     3.3056     0.0897     0.2958 4.0779e+01     6.0346      1.039      1.507    24.0151 0.0000e+00
      1.070      0.043     2.6140     28.754     31.244  30.525793     4.9511     3.2995     0.1232     0.2966 4.0459e+01     6.0136      1.049      1.522    23.9480 0.0000e+00
      1.080      0.038     2.5352     28.515     31.250  30.525701     4.9483     3.2946     0.1313     0.2953 4.0167e+01     6.0015      1.060      1.538    23.8983 0.0000e+00
      1.090      0.033     2.4803     28.309     31.240  30.513409     4.9528     3.2937     0.1247     0.2975 3.9972e+01     5.9995      1.070      1.551    23.8798 0.0000e+00
      1.098      0.028     2.4470     28.159     31.241  30.512172     4.9454     3.2925     0.1313     0.2937 3.9815e+01     5.9945      1.077      1.562    23.8624 0.0000e+00
      1.103      0.024     2.4264     28.061     31.242  30.510734     4.9575     3.2895     0.1231     0.2999 3.9644e+01     5.9859      1.083      1.570    23.8419 0.0000e+00
      1.108      0.023     2.4073     28.016     31.230  30.496027     5.0333     3.2872     0.0897     0.3347 3.9536e+01     5.9814      1.087      1.576    23.8343 0.0000e+00
      1.113      0.023     2.3879     28.042     31.205  30.469349     5.0421     3.2868     0.0825     0.3402 3.9425e+01     5.9828      1.091      1.583    23.8309 0.0000e+00
      1.117      0.025     2.3764     28.123     31.193  30.458170     5.0421     3.2923     0.0869     0.3379 3.9278e+01     6.0068      1.095      1.589    23.8268 0.0000e+00
      1.122      0.028     2.3685     28.233     31.226  30.495872     5.0333     3.3022     0.0842     0.3376 3.9095e+01     6.0515      1.100      1.595    23.8252 0.0000e+00
      1.130      0.033     2.3634     28.382     31.243  30.520197     4.9575     3.3075     0.0859     0.3406 3.8757e+01     6.0757      1.107      1.606    23.8211 0.0000e+00
      1.141      0.039     2.3669     28.562     31.203  30.482290     4.9454     3.3083     0.0848     0.3341 3.8354e+01     6.0768      1.118      1.621    23.8125 0.0000e+00
      1.152      0.045     2.3752     28.754     31.176  30.442540     4.9527     3.3068     0.0855     0.3458 3.7983e+01     6.0676      1.129      1.637    23.8125 0.0000e+00
      1.162      0.050     2.3828     28.983     31.136  30.377073     4.9484     3.3030     0.0850     0.3262 3.7609e+01     6.0508      1.140      1.653    23.8247 0.0000e+00
      1.175      0.052     2.3947     29.238     31.161  30.365698     4.9509     3.3003     0.0854     0.2239 3.7177e+01     6.0416      1.150      1.668    23.8392 0.0000e+00
      1.191      0.052     2.4114     29.437     31.276  30.439953     4.9496     3.2988     0.0850     0.2037 3.6620e+01     6.0382      1.167      1.693    23.8496 0.0000e+00
      1.208      0.050     2.4266     29.473     31.329  30.464822     4.9499     3.2982     0.0855     0.2166 3.6095e+01     6.0086      1.186      1.720    23.8263 0.0000e+00
      1.223      0.047     2.4479     29.235     31.342  30.463843     4.9505     3.2956     0.0849     0.2080 3.5768e+01     5.9518      1.201      1.742    23.7791 0.0000e+00
      1.234      0.044     2.4757     28.637     31.320  30.428113     4.9489     3.2890     0.0857     0.2144 3.5613e+01     5.9171      1.211      1.757    23.7212 0.0000e+00
      1.241      0.042     2.4984     27.696     31.287  30.370296     4.9519     3.2845     0.0844     0.2085 3.5525e+01     5.9110      1.217      1.766    23.6511 0.0000e+00
      1.247      0.042     2.5073     26.538     31.320  30.372246     4.9468     3.2833     0.0865     0.2153 3.5362e+01     5.9076      1.223      1.773    23.6045 0.0000e+00
      1.256      0.044     2.4908     25.312     31.360  30.384142     4.9553     3.2701     0.0831     0.2059 3.5017e+01     5.8773      1.230      1.784    23.5946 0.0000e+00
      1.270      0.046     2.4404     24.116     31.379  30.379091     4.9413     3.2445     0.0887     0.2203 3.4554e+01     5.8213      1.244      1.804    23.5798 0.0000e+00
