Data/DataNotYetUploadedToEDI/Raw_CTD/RawDownloads/071522_bvr50_S7809001.cnv
* Sea-Bird SBE19plus  Data File:
* FileName = C:\R\Reservoirs\Data\DataNotYetUploadedToEDI\Raw_CTD\RawDownloads\071522_bvr50_0001.hex
* Software version 2.8.0.119
* Temperature SN = 7809
* Conductivity SN = 7809
* System UpLoad Time = Jul 16 2022 15:03:32
* <ApplicationData>
* <Seaterm232>
# nquan = 15
# nvalues = 1917                        
# units = specified
# name 0 = depFM: Depth [fresh water, m]
# name 1 = dz/dtM: Descent Rate [m/s]
# name 2 = sbeox0Mg/L: Oxygen, SBE 43 [mg/l]
# name 3 = sbeox0PS: Oxygen, SBE 43 [% saturation]
# name 4 = specc: Specific Conductance [uS/cm]
# name 5 = c0uS/cm: Conductivity [uS/cm]
# name 6 = flECO-AFL: Fluorescence, WET Labs ECO-AFL/FL [mg/m^3]
# name 7 = ph: pH
# name 8 = orp: Oxidation Reduction Potential [mV]
# name 9 = par/sat/log: PAR/Logarithmic, Satlantic
# name 10 = turbWETntu0: Turbidity, WET Labs ECO [NTU]
# name 11 = prdM: Pressure, Strain Gauge [db]
# name 12 = prdE: Pressure, Strain Gauge [psi]
# name 13 = tv290C: Temperature [ITS-90, deg C]
# name 14 = flag:  0.000e+00
# span 0 =     -0.688,      7.782       
# span 1 =     -0.303,      0.187       
# span 2 =     0.0317,     6.8222       
# span 3 =      0.310,     85.607       
# span 4 =      0.637,    181.102       
# span 5 =   0.701310, 126.125026       
# span 6 =    -0.0883,   233.7126       
# span 7 =     -2.189,      7.915       
# span 8 = -1240.7455,   264.2492       
# span 9 = 1.2351e-01, 1.8164e+03       
# span 10 =    -1.1752,    27.5095      
# span 11 =     -0.676,      7.632      
# span 12 =     -0.979,     11.069      
# span 13 =     9.8144,    30.0623      
# span 14 = 0.0000e+00, 0.0000e+00      
# interval = seconds: 0.25
# start_time = Jul 15 2022 08:47:16 [Instrument's time stamp, header]
# bad_flag = -9.990e-29
*END*
[from data line 1254]
      6.604      0.032     0.0412      0.370    107.107  74.992684     1.7129      7.162  -142.4458 1.2368e-01     3.0245      6.476      9.393    10.0149 0.0000e+00
      6.611      0.029     0.0407      0.359    107.268  75.094211     1.7191      7.163  -142.4890 1.2373e-01     3.0360      6.484      9.404    10.0154 0.0000e+00
      6.618      0.025     0.0429      0.352    107.389  75.165978     1.7275      7.163  -142.5443 1.2372e-01     3.0454      6.490      9.413    10.0152 0.0000e+00
      6.623      0.024     0.0422      0.352    107.490  75.225022     1.7308      7.163  -142.6837 1.2366e-01     3.1030      6.494      9.420    10.0107 0.0000e+00
      6.628      0.024     0.0424      0.358    107.516  75.236258     1.7257      7.162  -142.8843 1.2365e-01     3.1182      6.500      9.428    10.0058 0.0000e+00
      6.633      0.025     0.0401      0.370    107.519  75.238286     1.7159      7.162  -142.9910 1.2362e-01     3.0249      6.504      9.434    10.0010 0.0000e+00
      6.639      0.026     0.0396      0.376    107.529  75.249537     1.7124      7.163  -143.1127 1.2361e-01     2.8970      6.509      9.441     9.9948 0.0000e+00
      6.647      0.026     0.0396      0.381    107.602  75.308765     1.6995      7.164  -143.4093 1.2365e-01     2.8012      6.519      9.454     9.9883 0.0000e+00
      6.656      0.026     0.0397      0.403    107.787  75.446111     1.6601      7.165  -143.6521 1.2371e-01     2.7887      6.529      9.469     9.9844 0.0000e+00
      6.663      0.026     0.0424      0.415    107.967  75.575881     1.6194      7.165  -143.7252 1.2374e-01     2.8491      6.536      9.479     9.9852 0.0000e+00
      6.667      0.026     0.0429      0.400    108.107  75.670567     1.6147      7.165  -143.8626 1.2366e-01     2.9157      6.538      9.482     9.9879 0.0000e+00
      6.672      0.026     0.0414      0.382    108.256  75.764942     1.6456      7.166  -144.0233 1.2362e-01     2.9455      6.542      9.488     9.9912 0.0000e+00
      6.678      0.026     0.0460      0.376    108.363  75.827400     1.6760      7.167  -144.1203 1.2367e-01     2.9029      6.549      9.498     9.9965 0.0000e+00
      6.686      0.027     0.0491      0.383    108.420  75.853872     1.6826      7.167  -144.3467 1.2367e-01     2.8436      6.557      9.510     9.9989 0.0000e+00
      6.695      0.027     0.0443      0.390    108.401  75.830838     1.6751      7.167  -144.5233 1.2367e-01     2.8438      6.567      9.525     9.9961 0.0000e+00
      6.703      0.026     0.0432      0.388    108.275  75.739517     1.6698      7.168  -144.5347 1.2368e-01     2.8703      6.574      9.534     9.9916 0.0000e+00
      6.709      0.025     0.0414      0.385    108.130  75.639264     1.6593      7.168  -144.5705 1.2365e-01     2.8913      6.578      9.541     9.9854 0.0000e+00
      6.715      0.023     0.0435      0.390    108.035  75.571772     1.6485      7.168  -144.6114 1.2362e-01     2.9274      6.585      9.551     9.9788 0.0000e+00
      6.720      0.023     0.0446      0.402    108.020  75.558867     1.6467      7.169  -144.6851 1.2363e-01     2.9650      6.591      9.558     9.9732 0.0000e+00
      6.725      0.023     0.0437      0.403    108.090  75.610302     1.6461      7.169  -144.7736 1.2361e-01     2.9353      6.594      9.563     9.9720 0.0000e+00
      6.730      0.024     0.0434      0.397    108.186  75.685361     1.6411      7.168  -144.9071 1.2361e-01     2.8422      6.600      9.571     9.9748 0.0000e+00
      6.736      0.027     0.0430      0.389    108.380  75.831021     1.6113      7.168  -145.1816 1.2365e-01     2.7961      6.607      9.581     9.9734 0.0000e+00
      6.742      0.031     0.0466      0.385    108.667  76.037136     1.5684      7.167  -145.3382 1.2369e-01     2.8216      6.612      9.590     9.9705 0.0000e+00
      6.750      0.033     0.0455      0.386    108.830  76.144205     1.5548      7.166  -145.3380 1.2369e-01     2.8775      6.619      9.601     9.9724 0.0000e+00
      6.760      0.034     0.0449      0.379    108.891  76.172472     1.5721      7.167  -145.4370 1.2366e-01     2.8913      6.628      9.613     9.9765 0.0000e+00
      6.771      0.033     0.0439      0.369    108.927  76.188267     1.5868      7.167  -145.5900 1.2370e-01     2.7837      6.639      9.631     9.9818 0.0000e+00
      6.782      0.031     0.0427      0.378    108.865  76.144551     1.5739      7.167  -145.6385 1.2375e-01     2.6355      6.653      9.650     9.9869 0.0000e+00
      6.790      0.027     0.0443      0.392    108.770  76.088695     1.5571      7.167  -145.5925 1.2370e-01     2.5675      6.660      9.659     9.9824 0.0000e+00
      6.796      0.022     0.0433      0.392    108.743  76.084789     1.5586      7.169  -145.5508 1.2360e-01     2.5774      6.664      9.666     9.9729 0.0000e+00
      6.799      0.017     0.0401      0.395    108.747  76.097339     1.5676      7.169  -145.5645 1.2357e-01     2.6529      6.668      9.672     9.9689 0.0000e+00
      6.801      0.013     0.0426      0.405    108.766  76.113366     1.5756      7.168  -145.5863 1.2363e-01     2.7622      6.669      9.673     9.9677 0.0000e+00
      6.804      0.009     0.0455      0.405    108.828  76.151487     1.5791      7.168  -145.5555 1.2365e-01     2.8060      6.672      9.677     9.9730 0.0000e+00
      6.807      0.005     0.0439      0.402    108.883  76.177017     1.5773      7.169  -145.5371 1.2361e-01     2.7722      6.677      9.682     9.9832 0.0000e+00
      6.809      0.003     0.0437      0.405    108.891  76.167873     1.5782      7.169  -145.6218 1.2363e-01     2.8321      6.678      9.685     9.9871 0.0000e+00
      6.809      0.002     0.0469      0.395    108.907  76.167987     1.5985      7.170  -145.7189 1.2366e-01     3.0517      6.677      9.685     9.9884 0.0000e+00
      6.808      0.001     0.0460      0.380    108.930  76.178384     1.6150      7.171  -145.7652 1.2364e-01     3.2413      6.676      9.683     9.9865 0.0000e+00
      6.807      0.001     0.0441      0.376    108.918  76.166498     1.6107      7.171  -145.8371 1.2365e-01     3.3144      6.674      9.679     9.9788 0.0000e+00
      6.807      0.002     0.0474      0.360    108.901  76.151354     1.5965      7.172  -145.8998 1.2365e-01     3.2528      6.675      9.681     9.9713 0.0000e+00
      6.809      0.002     0.0449      0.340    108.861  76.122354     1.5762      7.174  -146.0071 1.2366e-01     3.1109      6.677      9.685     9.9655 0.0000e+00
      6.810      0.003     0.0414      0.339    108.789  76.070022     1.5650      7.174  -146.1879 1.2373e-01     3.0334      6.678      9.686     9.9639 0.0000e+00
      6.812      0.004     0.0441      0.343    108.730  76.026933     1.5611      7.174  -146.2784 1.2378e-01     3.0327      6.680      9.688     9.9629 0.0000e+00
      6.812      0.004     0.0408      0.342    108.667  75.982614     1.5457      7.174  -146.3275 1.2381e-01     2.9997      6.680      9.689     9.9608 0.0000e+00
      6.812      0.003     0.0371      0.351    108.568  75.915401     1.5289      7.175  -146.4373 1.2375e-01     2.8736      6.680      9.688     9.9611 0.0000e+00
      6.813      0.003     0.0385      0.371    108.470  75.849663     1.5249      7.176  -146.4879 1.2365e-01     2.7721      6.681      9.690     9.9600 0.0000e+00
      6.814      0.003     0.0392      0.380    108.423  75.823191     1.5214      7.177  -146.5091 1.2364e-01     2.7286      6.683      9.693     9.9584 0.0000e+00
      6.815      0.005     0.0381      0.385    108.439  75.849498     1.5294      7.177  -146.6934 1.2368e-01     2.6897      6.684      9.694     9.9585 0.0000e+00
      6.815      0.009     0.0388      0.393    108.496  75.913590     1.5459      7.177  -146.9100 1.2369e-01     2.6423      6.683      9.693     9.9594 0.0000e+00
      6.815      0.010     0.0432      0.391    108.525  75.962755     1.5456      7.177  -147.1488 1.2368e-01     2.6001      6.683      9.693     9.9609 0.0000e+00
      6.818      0.010     0.0430      0.382    108.461  75.935659     1.5431      7.177  -147.5160 1.2370e-01     2.6238      6.684      9.696     9.9622 0.0000e+00
      6.826      0.008     0.0430      0.379    108.331  75.840150     1.5487      7.177  -147.8218 1.2371e-01     2.6557      6.693      9.707     9.9691 0.0000e+00
      6.833      0.005     0.0454      0.383    108.234  75.761056     1.5305      7.177  -148.0935 1.2369e-01     2.5417      6.704      9.723     9.9811 0.0000e+00
      6.834      0.002     0.0445      0.388    108.212  75.741798     1.4980      7.178  -148.2192 1.2363e-01     2.3726      6.706      9.726     9.9971 0.0000e+00
      6.829     -0.001     0.0425      0.394    108.197  75.734383     1.4881      7.178  -148.1380 1.2363e-01     2.3194      6.698      9.713    10.0090 0.0000e+00
      6.824     -0.003     0.0423      0.392    108.187  75.734943     1.4865      7.178  -148.1438 1.2366e-01     2.3424      6.690      9.702    10.0023 0.0000e+00
      6.823     -0.004     0.0435      0.377    108.203  75.748579     1.4869      7.178  -148.2028 1.2366e-01     2.4122      6.689      9.703     9.9940 0.0000e+00
      6.824     -0.003     0.0436      0.379    108.151  75.708630     1.5007      7.178  -148.1640 1.2366e-01     2.4795      6.692      9.706     9.9934 0.0000e+00
      6.826     -0.001     0.0445      0.392    108.046  75.633163     1.5200      7.179  -148.1049 1.2368e-01     2.4728      6.694      9.708     9.9949 0.0000e+00
      6.826      0.001     0.0460      0.390    107.982  75.598579     1.5289      7.179  -148.0894 1.2370e-01     2.4683      6.695      9.710    10.0008 0.0000e+00
      6.826      0.001     0.0409      0.385    107.957  75.608189     1.5335      7.179  -148.1492 1.2367e-01     2.5264      6.694      9.709    10.0022 0.0000e+00
      6.825      0.001     0.0419      0.384    107.932  75.622306     1.5417      7.179  -148.3120 1.2370e-01     2.5956      6.693      9.707     9.9983 0.0000e+00
      6.824      0.001     0.0459      0.380    107.948  75.642222     1.5451      7.180  -148.4225 1.2377e-01     2.6212      6.691      9.705     9.9968 0.0000e+00
      6.825      0.002     0.0436      0.383    107.998  75.658383     1.5585      7.180  -148.4525 1.2379e-01     2.6316      6.692      9.705     9.9989 0.0000e+00
      6.826      0.003     0.0433      0.393    107.988  75.627066     1.5789      7.180  -148.5031 1.2379e-01     2.6861      6.694      9.708    10.0137 0.0000e+00
      6.827      0.003     0.0435      0.386    107.938  75.581248     1.5750      7.181  -148.6037 1.2377e-01     2.7004      6.695      9.711    10.0350 0.0000e+00
      6.829      0.003     0.0428      0.378    107.873  75.549155     1.5623      7.182  -148.7232 1.2372e-01     2.6676      6.697      9.713    10.0396 0.0000e+00
      6.829      0.002     0.0418      0.386    107.741  75.493205     1.5583      7.183  -148.8296 1.2363e-01     2.6651      6.697      9.713    10.0255 0.0000e+00
      6.829      0.001     0.0463      0.387    107.571  75.413109     1.5596      7.183  -148.9435 1.2356e-01     2.6703      6.697      9.713    10.0115 0.0000e+00
      6.829      0.001     0.0437      0.377    107.429  75.343227     1.5781      7.183  -149.0680 1.2356e-01     2.6966      6.696      9.712    10.0052 0.0000e+00
      6.829      0.002     0.0408      0.359    107.301  75.283675     1.5905      7.183  -149.2165 1.2358e-01     2.7093      6.697      9.713    10.0099 0.0000e+00
      6.829      0.003     0.0449      0.342    107.224  75.264948     1.5836      7.184  -149.2755 1.2363e-01     2.6868      6.697      9.714    10.0321 0.0000e+00
      6.830      0.004     0.0434      0.346    107.236  75.307448     1.5624      7.185  -149.1787 1.2371e-01     2.6990      6.698      9.714    10.0532 0.0000e+00
      6.831      0.004     0.0429      0.369    107.271  75.352803     1.5165      7.185  -149.0795 1.2374e-01     2.7536      6.698      9.715    10.0632 0.0000e+00
      6.832      0.003     0.0408      0.383    107.287  75.368592     1.4867      7.186  -149.0223 1.2367e-01     2.8014      6.700      9.718    10.0769 0.0000e+00
      6.834      0.002     0.0371      0.382    107.291  75.371277     1.5015      7.186  -149.0035 1.2359e-01     2.8324      6.703      9.721    10.0949 0.0000e+00
      6.835      0.001     0.0381      0.390    107.306  75.385270     1.5536      7.186  -149.0246 1.2358e-01     2.8544      6.703      9.722    10.1131 0.0000e+00
      6.834      0.001     0.0419      0.407    107.345  75.410708     1.6179      7.186  -149.0182 1.2360e-01     2.8970      6.702      9.720    10.1241 0.0000e+00
      6.833      0.001     0.0445      0.416    107.385  75.424690     1.6382      7.187  -149.0989 1.2365e-01     2.9040      6.701      9.718    10.1220 0.0000e+00
      6.833      0.001     0.0419      0.403    107.414  75.427233     1.6248      7.187  -149.2264 1.2367e-01     2.8359      6.701      9.718    10.1210 0.0000e+00
      6.834      0.001     0.0433      0.372    107.436  75.441429     1.6216      7.188  -149.2683 1.2366e-01     2.7914      6.701      9.718    10.1246 0.0000e+00
      6.835      0.001     0.0465      0.359    107.462  75.469260     1.6328      7.190  -149.3474 1.2370e-01     2.8099      6.704      9.723    10.1259 0.0000e+00
      6.836      0.002     0.0472      0.369    107.526  75.509600     1.6521      7.190  -149.4083 1.2370e-01     2.8892      6.704      9.725    10.1181 0.0000e+00
      6.835      0.002     0.0473      0.377    107.618  75.547937     1.6639      7.190  -149.4029 1.2368e-01     2.9643      6.702      9.722    10.1033 0.0000e+00
      6.835      0.002     0.0403      0.386    107.684  75.551523     1.6589      7.191  -149.3674 1.2363e-01     2.9667      6.703      9.721    10.1047 0.0000e+00
      6.836      0.002     0.0388      0.399    107.750  75.552923     1.6578      7.191  -149.3234 1.2358e-01     2.9173      6.703      9.722    10.1152 0.0000e+00
      6.837      0.002     0.0425      0.405    107.819  75.564814     1.6668      7.191  -149.3874 1.2361e-01     2.8789      6.704      9.724    10.1140 0.0000e+00
      6.838      0.002     0.0418      0.401    107.864  75.568181     1.6678      7.191  -149.4536 1.2365e-01     2.8793      6.706      9.726    10.1010 0.0000e+00
      6.838      0.002     0.0432      0.402    107.928  75.593603     1.6793      7.192  -149.5207 1.2369e-01     2.9218      6.706      9.727    10.0780 0.0000e+00
      6.838      0.001     0.0452      0.405    107.971  75.618011     1.6887      7.192  -149.6826 1.2369e-01     2.9833      6.705      9.725    10.0549 0.0000e+00
      6.839     -0.001     0.0464      0.398    107.949  75.609137     1.6651      7.191  -149.8625 1.2364e-01     2.9738      6.707      9.727    10.0390 0.0000e+00
      6.840     -0.001     0.0446      0.390    107.943  75.613390     1.6347      7.191  -150.0615 1.2361e-01     2.9084      6.709      9.731    10.0258 0.0000e+00
      6.838      0.000     0.0451      0.386    108.021  75.669446     1.6133      7.193  -150.1959 1.2364e-01     2.8760      6.707      9.728    10.0153 0.0000e+00
      6.836      0.004     0.0468      0.396    108.096  75.715049     1.6053      7.195  -150.2828 1.2369e-01     2.8904      6.704      9.722    10.0133 0.0000e+00
      6.835      0.012     0.0444      0.413    108.118  75.719994     1.6138      7.195  -150.3373 1.2373e-01     2.9456      6.702      9.720    10.0184 0.0000e+00
      6.838      0.023     0.0445      0.412    108.239  75.792767     1.6325      7.194  -150.2538 1.2372e-01     2.9964      6.704      9.724    10.0235 0.0000e+00
      6.844      0.034     0.0423      0.395    108.494  75.959523     1.6482      7.191  -150.2184 1.2366e-01     2.9920      6.710      9.732    10.0246 0.0000e+00
