Data/DataNotYetUploadedToEDI/Raw_CTD/RawDownloads/071522_bvr50_S7809001.cnv
* Sea-Bird SBE19plus  Data File:
* FileName = C:\R\Reservoirs\Data\DataNotYetUploadedToEDI\Raw_CTD\RawDownloads\071522_bvr50_0001.hex
* Software version 2.8.0.119
* Temperature SN = 7809
* Conductivity SN = 7809
* System UpLoad Time = Jul 16 2022 15:03:32
* <ApplicationData>
* <Seaterm232>
# nquan = 15
# nvalues = 1917                        
# units = specified
# name 0 = depFM: Depth [fresh water, m]
# name 1 = dz/dtM: Descent Rate [m/s]
# name 2 = sbeox0Mg/L: Oxygen, SBE 43 [mg/l]
# name 3 = sbeox0PS: Oxygen, SBE 43 [% saturation]
# name 4 = specc: Specific Conductance [uS/cm]
# name 5 = c0uS/cm: Conductivity [uS/cm]
# name 6 = flECO-AFL: Fluorescence, WET Labs ECO-AFL/FL [mg/m^3]
# name 7 = ph: pH
# name 8 = orp: Oxidation Reduction Potential [mV]
# name 9 = par/sat/log: PAR/Logarithmic, Satlantic
# name 10 = turbWETntu0: Turbidity, WET Labs ECO [NTU]
# name 11 = prdM: Pressure, Strain Gauge [db]
# name 12 = prdE: Pressure, Strain Gauge [psi]
# name 13 = tv290C: Temperature [ITS-90, deg C]
# name 14 = flag:  0.000e+00
# span 0 =     -0.688,      7.782       
# span 1 =     -0.303,      0.187       
# span 2 =     0.0317,     6.8222       
# span 3 =      0.310,     85.607       
# span 4 =      0.637,    181.102       
# span 5 =   0.701310, 126.125026       
# span 6 =    -0.0883,   233.7126       
# span 7 =     -2.189,      7.915       
# span 8 = -1240.7455,   264.2492       
# span 9 = 1.2351e-01, 1.8164e+03       
# span 10 =    -1.1752,    27.5095      
# span 11 =     -0.676,      7.632      
# span 12 =     -0.979,     11.069      
# span 13 =     9.8144,    30.0623      
# span 14 = 0.0000e+00, 0.0000e+00      
# interval = seconds: 0.25
# start_time = Jul 15 2022 08:47:16 [Instrument's time stamp, header]
# bad_flag = -9.990e-29
*END*
[from data line 868]
      4.436      0.033     0.0475      0.414     72.830  53.245229     2.6743      6.955   -55.0081 1.6361e+00     3.8344      4.349      6.308    11.6874 0.0000e+00
      4.441      0.030     0.0438      0.419     72.828  53.226574     2.6381      6.955   -56.4009 1.6093e+00     3.7082      4.354      6.315    11.6613 0.0000e+00
      4.448      0.030     0.0429      0.428     73.255  53.528807     2.6184      6.955   -57.9719 1.5902e+00     3.7477      4.361      6.325    11.6178 0.0000e+00
      4.457      0.032     0.0449      0.428     74.167  54.170312     2.6776      6.955   -59.7197 1.5727e+00     4.1752      4.371      6.339    11.5701 0.0000e+00
      4.466      0.034     0.0450      0.418     75.127  54.826295     2.8130      6.955   -61.5302 1.5435e+00     4.8800      4.380      6.353    11.5465 0.0000e+00
      4.475      0.034     0.0453      0.408     75.761  55.239964     2.8733      6.955   -62.9982 1.5104e+00     5.1980      4.389      6.365    11.5374 0.0000e+00
      4.485      0.034     0.0470      0.408     75.988  55.363482     2.8496      6.955   -63.8756 1.4900e+00     5.1514      4.397      6.379    11.5368 0.0000e+00
      4.494      0.032     0.0472      0.424     75.870  55.240629     2.7676      6.955   -64.4807 1.4771e+00     4.7258      4.407      6.392    11.5246 0.0000e+00
      4.503      0.028     0.0456      0.434     75.688  55.087477     2.6399      6.956   -65.1524 1.4721e+00     3.9472      4.416      6.403    11.4862 0.0000e+00
      4.510      0.025     0.0442      0.423     75.606  55.035107     2.5865      6.957   -65.9748 1.4736e+00     3.5593      4.423      6.416    11.4505 0.0000e+00
      4.516      0.022     0.0436      0.423     75.599  55.051750     2.5960      6.959   -66.9386 1.4626e+00     3.5884      4.429      6.424    11.4275 0.0000e+00
      4.519      0.021     0.0462      0.443     75.646  55.098313     2.5720      6.961   -67.7714 1.4395e+00     3.5133      4.432      6.428    11.3986 0.0000e+00
      4.522      0.021     0.0494      0.444     75.821  55.217265     2.5221      6.961   -68.1287 1.4238e+00     3.3000      4.435      6.432    11.3801 0.0000e+00
      4.527      0.022     0.0452      0.443     75.943  55.283955     2.5084      6.961   -68.2469 1.4136e+00     3.2297      4.439      6.437    11.3892 0.0000e+00
      4.533      0.025     0.0443      0.441     75.686  55.079463     2.5222      6.962   -68.4267 1.4058e+00     3.3129      4.444      6.446    11.4106 0.0000e+00
      4.540      0.028     0.0507      0.421     75.357  54.839394     2.4985      6.963   -68.5812 1.4010e+00     3.3492      4.452      6.457    11.4225 0.0000e+00
      4.549      0.030     0.0479      0.416     75.287  54.793314     2.4374      6.963   -68.6517 1.3850e+00     3.2925      4.462      6.471    11.4137 0.0000e+00
      4.558      0.030     0.0478      0.430     75.183  54.712749     2.3913      6.963   -68.5908 1.3628e+00     3.2087      4.469      6.482    11.3938 0.0000e+00
      4.566      0.030     0.0503      0.428     75.061  54.626949     2.3815      6.963   -68.5343 1.3385e+00     3.1897      4.478      6.494    11.3781 0.0000e+00
      4.573      0.029     0.0444      0.411     75.218  54.771474     2.3857      6.963   -68.6570 1.3130e+00     3.1993      4.486      6.506    11.3818 0.0000e+00
      4.579      0.027     0.0442      0.398     75.392  54.936877     2.4012      6.963   -68.7834 1.3038e+00     3.2227      4.491      6.513    11.3934 0.0000e+00
      4.585      0.026     0.0484      0.397     75.413  54.976566     2.4191      6.964   -68.7719 1.3028e+00     3.2670      4.497      6.522    11.3815 0.0000e+00
      4.593      0.025     0.0473      0.409     75.693  55.187898     2.4028      6.966   -68.8615 1.2972e+00     3.2571      4.504      6.533    11.3750 0.0000e+00
      4.600      0.025     0.0444      0.425     76.621  55.841742     2.3786      6.968   -69.2648 1.2908e+00     3.2395      4.511      6.543    11.4044 0.0000e+00
      4.605      0.027     0.0433      0.432     77.751  56.597982     2.3760      6.969   -69.6910 1.2778e+00     3.2934      4.516      6.552    11.4374 0.0000e+00
      4.610      0.031     0.0423      0.417     78.380  56.968096     2.3711      6.970   -69.8850 1.2583e+00     3.3625      4.519      6.555    11.4499 0.0000e+00
      4.616      0.035     0.0446      0.408     78.615  57.079256     2.3528      6.970   -70.0615 1.2350e+00     3.3230      4.525      6.563    11.4575 0.0000e+00
      4.627      0.037     0.0464      0.418     78.777  57.180191     2.3373      6.969   -70.4477 1.2087e+00     3.1923      4.537      6.580    11.4520 0.0000e+00
      4.640      0.037     0.0486      0.413     79.037  57.363232     2.3505      6.968   -71.0268 1.1789e+00     3.1822      4.549      6.599    11.4002 0.0000e+00
      4.653      0.036     0.0455      0.402     79.451  57.641875     2.3878      6.968   -71.7293 1.1615e+00     3.3713      4.563      6.618    11.3295 0.0000e+00
      4.663      0.032     0.0426      0.407     79.831  57.882978     2.4128      6.969   -72.5739 1.1558e+00     3.5665      4.575      6.635    11.2870 0.0000e+00
      4.670      0.026     0.0478      0.421     80.036  57.992988     2.4123      6.969   -73.4961 1.1332e+00     3.5953      4.580      6.644    11.2882 0.0000e+00
      4.674      0.021     0.0453      0.437     80.114  58.019708     2.3903      6.969   -74.3619 1.1112e+00     3.4110      4.584      6.649    11.2921 0.0000e+00
      4.676      0.017     0.0425      0.444     80.209  58.079045     2.3543      6.970   -75.0407 1.1077e+00     3.1486      4.586      6.651    11.2736 0.0000e+00
      4.678      0.015     0.0450      0.435     80.377  58.202549     2.3437      6.972   -75.5078 1.1011e+00     3.0539      4.588      6.654    11.2524 0.0000e+00
      4.683      0.014     0.0458      0.427     80.530  58.306796     2.3537      6.973   -75.9665 1.0926e+00     3.0856      4.593      6.661    11.2252 0.0000e+00
      4.688      0.014     0.0485      0.423     80.494  58.260261     2.3666      6.974   -76.6286 1.1016e+00     3.0875      4.599      6.670    11.2024 0.0000e+00
      4.693      0.015     0.0496      0.414     80.275  58.084252     2.3918      6.975   -77.4037 1.1006e+00     3.0429      4.603      6.676    11.1985 0.0000e+00
      4.696      0.016     0.0475      0.409     80.185  58.019705     2.3993      6.977   -78.1116 1.0837e+00     2.9906      4.605      6.680    11.2068 0.0000e+00
      4.698      0.017     0.0463      0.407     80.468  58.241635     2.3917      6.977   -78.7351 1.0895e+00     3.0017      4.607      6.682    11.2041 0.0000e+00
      4.702      0.018     0.0473      0.402     81.151  58.736110     2.3991      6.977   -79.3501 1.0979e+00     3.1083      4.610      6.686    11.1862 0.0000e+00
      4.708      0.021     0.0451      0.412     81.907  59.236982     2.4142      6.977   -80.0411 1.0812e+00     3.2551      4.616      6.695    11.1702 0.0000e+00
      4.714      0.025     0.0445      0.430     82.338  59.472638     2.4087      6.978   -80.7229 1.0607e+00     3.3081      4.623      6.705    11.1705 0.0000e+00
      4.720      0.028     0.0457      0.426     82.447  59.490248     2.3900      6.979   -81.2264 1.0381e+00     3.2707      4.628      6.713    11.1901 0.0000e+00
      4.728      0.030     0.0432      0.416     82.429  59.449836     2.3796      6.981   -81.4831 1.0090e+00     3.2463      4.636      6.725    11.1995 0.0000e+00
      4.737      0.030     0.0442      0.420     82.331  59.364923     2.3248      6.981   -81.5895 9.9885e-01     3.1845      4.646      6.738    11.1683 0.0000e+00
      4.746      0.030     0.0491      0.424     82.061  59.161923     2.2265      6.981   -81.6519 1.0049e+00     3.1038      4.654      6.751    11.1061 0.0000e+00
      4.754      0.029     0.0473      0.426     81.843  59.026956     2.1823      6.982   -81.7219 9.9718e-01     3.1253      4.663      6.763    11.0655 0.0000e+00
      4.761      0.026     0.0443      0.429     81.908  59.129783     2.1903      6.982   -81.9193 9.7513e-01     3.1708      4.670      6.772    11.0569 0.0000e+00
      4.767      0.024     0.0470      0.429     82.028  59.262494     2.2226      6.982   -82.4034 9.6152e-01     3.1073      4.676      6.781    11.0522 0.0000e+00
      4.772      0.022     0.0467      0.432     82.239  59.425360     2.2818      6.983   -83.1011 9.5882e-01     3.0401      4.680      6.788    11.0375 0.0000e+00
      4.777      0.021     0.0465      0.437     82.552  59.638761     2.3147      6.984   -83.7305 9.5339e-01     3.0418      4.685      6.795    11.0462 0.0000e+00
      4.782      0.020     0.0477      0.427     82.463  59.557123     2.3206      6.987   -84.1627 9.4020e-01     3.0601      4.690      6.803    11.0973 0.0000e+00
      4.788      0.018     0.0469      0.410     82.075  59.263605     2.3196      6.987   -84.3694 9.2504e-01     3.0907      4.695      6.809    11.1309 0.0000e+00
      4.793      0.016     0.0471      0.407     81.902  59.137262     2.2950      6.987   -84.5087 9.2039e-01     3.0706      4.702      6.818    11.1315 0.0000e+00
      4.798      0.014     0.0489      0.414     81.935  59.172299     2.2722      6.988   -84.8151 9.2819e-01     3.0219      4.707      6.827    11.1198 0.0000e+00
      4.801      0.012     0.0475      0.418     82.020  59.242836     2.2688      6.989   -85.1482 9.3404e-01     3.0129      4.709      6.829    11.1082 0.0000e+00
      4.802      0.012     0.0440      0.409     82.185  59.355264     2.2619      6.990   -85.5247 9.3233e-01     2.9967      4.709      6.830    11.0981 0.0000e+00
      4.804      0.012     0.0445      0.399     82.688  59.706300     2.2477      6.990   -86.2696 9.3437e-01     2.9631      4.710      6.832    11.0954 0.0000e+00
      4.807      0.017     0.0457      0.413     83.818  60.503201     2.2386      6.990   -87.1857 9.3450e-01     2.9483      4.714      6.837    11.1077 0.0000e+00
      4.810      0.023     0.0464      0.434     85.091  61.371627     2.2266      6.989   -87.7396 9.2359e-01     2.9201      4.717      6.842    11.1177 0.0000e+00
      4.814      0.030     0.0458      0.425     85.925  61.888850     2.2031      6.988   -87.8898 8.9907e-01     2.9976      4.719      6.845    11.1087 0.0000e+00
      4.824      0.035     0.0421      0.406     86.540  62.248733     2.1873      6.986   -87.9694 8.6350e-01     3.2025      4.728      6.858    11.0987 0.0000e+00
      4.838      0.038     0.0448      0.405     87.044  62.548039     2.2018      6.985   -88.1001 8.4091e-01     3.3135      4.745      6.882    11.0985 0.0000e+00
      4.851      0.040     0.0499      0.410     87.339  62.713805     2.2279      6.984   -88.2647 8.3807e-01     3.3490      4.759      6.901    11.0692 0.0000e+00
      4.861      0.040     0.0473      0.412     87.503  62.792499     2.2279      6.982   -88.4116 8.4076e-01     3.3242      4.768      6.915    11.0089 0.0000e+00
      4.870      0.038     0.0433      0.418     87.569  62.801007     2.2107      6.981   -88.5857 8.3821e-01     3.1843      4.776      6.927    10.9576 0.0000e+00
      4.878      0.034     0.0449      0.416     87.555  62.753131     2.2038      6.981   -88.9072 8.2781e-01     3.0585      4.782      6.936    10.9232 0.0000e+00
      4.886      0.030     0.0457      0.404     87.453  62.658071     2.2196      6.981   -89.2871 8.1295e-01     3.0670      4.791      6.950    10.8979 0.0000e+00
      4.895      0.027     0.0449      0.405     87.284  62.540606     2.2435      6.981   -89.7374 8.0058e-01     3.1498      4.801      6.963    10.8781 0.0000e+00
      4.902      0.024     0.0465      0.423     87.079  62.412334     2.2423      6.982   -90.3934 7.9637e-01     3.2403      4.808      6.973    10.8558 0.0000e+00
      4.907      0.021     0.0470      0.429     86.824  62.250127     2.2215      6.983   -91.1108 7.8962e-01     3.2723      4.813      6.980    10.8310 0.0000e+00
      4.911      0.019     0.0438      0.427     86.684  62.166808     2.2088      6.985   -91.6144 7.7168e-01     3.1957      4.816      6.986    10.8150 0.0000e+00
      4.914      0.017     0.0434      0.422     86.842  62.293903     2.2134      6.986   -91.9222 7.6001e-01     3.2025      4.818      6.989    10.8197 0.0000e+00
      4.918      0.016     0.0481      0.403     87.132  62.516901     2.2271      6.987   -92.0786 7.6222e-01     3.3208      4.822      6.993    10.8344 0.0000e+00
      4.923      0.014     0.0475      0.388     87.286  62.640676     2.2418      6.988   -92.1287 7.6947e-01     3.3618      4.828      7.003    10.8462 0.0000e+00
      4.928      0.013     0.0467      0.391     87.291  62.647507     2.2490      6.989   -92.2694 7.7267e-01     3.3223      4.833      7.011    10.8568 0.0000e+00
      4.931      0.011     0.0481      0.391     87.323  62.663003     2.2477      6.991   -92.4903 7.6601e-01     3.2868      4.836      7.014    10.8632 0.0000e+00
      4.933      0.009     0.0442      0.399     87.387  62.701027     2.2509      6.992   -92.7343 7.6003e-01     3.1719      4.838      7.016    10.8710 0.0000e+00
      4.934      0.007     0.0414      0.416     87.337  62.662756     2.2630      6.993   -92.9825 7.5539e-01     2.9927      4.838      7.017    10.8833 0.0000e+00
      4.935      0.007     0.0442      0.419     87.124  62.517761     2.2860      6.994   -93.1676 7.5154e-01     2.9641      4.840      7.020    10.8844 0.0000e+00
      4.937      0.007     0.0429      0.414     86.857  62.344860     2.3038      6.994   -93.4241 7.5100e-01     2.9965      4.841      7.022    10.8774 0.0000e+00
      4.938      0.008     0.0431      0.408     86.732  62.286676     2.2783      6.995   -93.8473 7.4918e-01     2.9408      4.842      7.023    10.8714 0.0000e+00
      4.940      0.011     0.0476      0.399     86.917  62.449276     2.2275      6.997   -94.3264 7.4026e-01     2.8717      4.845      7.027    10.8692 0.0000e+00
      4.943      0.015     0.0463      0.394     87.742  63.040923     2.2059      6.999   -94.9155 7.3046e-01     2.8781      4.848      7.032    10.8741 0.0000e+00
      4.947      0.020     0.0457      0.384     89.464  64.233292     2.2005      7.001   -95.5495 7.2962e-01     2.9151      4.851      7.035    10.8838 0.0000e+00
      4.951      0.026     0.0456      0.385     91.340  65.499193     2.1954      7.003   -95.9692 7.2346e-01     2.9431      4.854      7.041    10.9045 0.0000e+00
      4.957      0.033     0.0432      0.410     92.210  66.026878     2.2109      7.004   -96.2041 7.1022e-01     3.0129      4.860      7.049    10.9292 0.0000e+00
      4.967      0.038     0.0442      0.443     92.252  65.977459     2.2218      7.003   -96.4099 6.9524e-01     3.0411      4.870      7.062    10.9309 0.0000e+00
      4.981      0.043     0.0422      0.466     92.241  65.917720     2.2106      7.003   -96.5645 6.7382e-01     3.0111      4.884      7.084    10.9039 0.0000e+00
      4.995      0.044     0.0406      0.463     92.233  65.876111     2.2004      7.003   -96.6974 6.5152e-01     3.0598      4.899      7.105    10.8573 0.0000e+00
      5.007      0.041     0.0457      0.441     92.223  65.855386     2.2062      7.004   -96.8986 6.4667e-01     3.2202      4.910      7.121    10.7954 0.0000e+00
      5.018      0.036     0.0491      0.433     92.294  65.921152     2.2226      7.005   -97.1040 6.4733e-01     3.3455      4.922      7.139    10.7495 0.0000e+00
      5.027      0.029     0.0528      0.430     92.338  65.972710     2.2324      7.005   -97.2881 6.3177e-01     3.3787      4.932      7.153    10.7285 0.0000e+00
      5.032      0.023     0.0529      0.413     92.323  65.970716     2.2246      7.005   -97.4901 6.2555e-01     3.3827      4.935      7.159    10.7049 0.0000e+00
