Data/DataNotYetUploadedToEDI/Raw_CTD/RawDownloads/071522_bvr50_S8188001.cnv
* Sea-Bird SBE19plus  Data File:
* FileName = C:\R\Reservoirs\Data\DataNotYetUploadedToEDI\Raw_CTD\RawDownloads\071522_bvr50_0001.hex
* Software version 2.8.0.119
* Temperature SN = 8188
* Conductivity SN = 8188
* System UpLoad Time = Jul 16 2022 14:48:54
* <ApplicationData>
* <Seaterm232>
# nquan = 16
# nvalues = 1372                        
# units = specified
# name 0 = depFM: Depth [fresh water, m]
# name 1 = dz/dtM: Descent Rate [m/s]
# name 2 = sbeox0Mg/L: Oxygen, SBE 43 [mg/l]
# name 3 = sbeox0PS: Oxygen, SBE 43 [% saturation]
# name 4 = specc: Specific Conductance [uS/cm]
# name 5 = c0uS/cm: Conductivity [uS/cm]
# name 6 = wetCDOM: Fluorescence, WET Labs CDOM [mg/m^3]
# name 7 = flECO-AFL: Fluorescence, WET Labs ECO-AFL/FL [mg/m^3]
# name 8 = flECO-AFL1: Fluorescence, WET Labs ECO-AFL/FL, 2 [mg/m^3]
# name 9 = flECO-AFL2: Fluorescence, WET Labs ECO-AFL/FL, 3 [mg/m^3]
# name 10 = par/sat/log: PAR/Logarithmic, Satlantic
# name 11 = turbWETntu0: Turbidity, WET Labs ECO [NTU]
# name 12 = prdM: Pressure, Strain Gauge [db]
# name 13 = prdE: Pressure, Strain Gauge [psi]
# name 14 = tv290C: Temperature [ITS-90, deg C]
# name 15 = flag:  0.000e+00
# span 0 =     -0.708,      7.811       
# span 1 =     -0.334,      0.221       
# span 2 =     0.0609,     8.3487       
# span 3 =      0.570,     99.849       
# span 4 =     -0.329,    179.615       
# span 5 =  -0.364797, 125.336142       
# span 6 =    -4.7804,     7.8356       
# span 7 =     0.0042,     8.6608       
# span 8 =    -2.2563,     0.1739       
# span 9 =    -2.1555,    18.1334       
# span 10 = 1.1590e-01, 5.1503e+02      
# span 11 =    -0.0039,     9.8123      
# span 12 =     -0.695,      7.663      
# span 13 =     -1.008,     11.115      
# span 14 =     9.8405,    30.3937      
# span 15 = 0.0000e+00, 0.0000e+00      
# interval = seconds: 0.25
# start_time = Jul 15 2022 11:01:18 [Instrument's time stamp, header]
# bad_flag = -9.990e-29
*END*
[from data line 724]
      3.787      0.034     0.0861      0.807     54.146  41.452178     6.0224     3.2421     0.1235     5.8685 1.0405e+00     5.6506      3.715      5.388    13.3286 0.0000e+00
      3.792      0.030     0.0904      0.812     54.229  41.526420     6.0352     3.2438     0.1303     5.8806 1.0229e+00     5.6431      3.718      5.393    13.2969 0.0000e+00
      3.797      0.029     0.0865      0.802     54.416  41.653376     6.0259     3.2644     0.1265     5.8887 1.0192e+00     5.6311      3.724      5.401    13.2793 0.0000e+00
      3.802      0.031     0.0832      0.788     54.806  41.906524     6.0340     3.3006     0.1282     5.8584 1.0176e+00     5.6105      3.729      5.408    13.2623 0.0000e+00
      3.808      0.034     0.0842      0.784     55.292  42.223219     6.0251     3.3191     0.1282     5.6940 1.0020e+00     5.5994      3.733      5.415    13.2695 0.0000e+00
      3.818      0.038     0.0859      0.781     55.650  42.443060     6.0369     3.3206     0.1266     5.6444 9.7753e-01     5.6025      3.742      5.429    13.2990 0.0000e+00
      3.832      0.041     0.0843      0.767     55.924  42.605811     6.0194     3.3188     0.1301     5.6957 9.5055e-01     5.6517      3.757      5.450    13.2805 0.0000e+00
      3.845      0.042     0.0816      0.748     56.194  42.772561     6.0470     3.3147     0.1238     5.6303 9.2397e-01     5.7419      3.771      5.470    13.2301 0.0000e+00
      3.857      0.042     0.0824      0.748     56.410  42.905675     6.1936     3.3137     0.0894     5.4116 9.0703e-01     5.7914      3.782      5.486    13.1786 0.0000e+00
      3.867      0.039     0.0824      0.763     56.568  42.999448     6.2189     3.3162     0.0826     5.3394 9.0116e-01     5.8003      3.792      5.499    13.1285 0.0000e+00
      3.876      0.034     0.0812      0.777     56.628  43.028244     6.2065     3.3224     0.0869     5.4059 8.9272e-01     5.8458      3.801      5.513    13.0871 0.0000e+00
      3.885      0.029     0.0776      0.790     56.575  42.983649     6.2090     3.3316     0.0839     5.3288 8.8267e-01     5.9283      3.811      5.528    13.0531 0.0000e+00
      3.892      0.026     0.0780      0.803     56.594  43.000606     6.2157     3.3365     0.0863     5.4353 8.8122e-01     5.9726      3.819      5.538    13.0261 0.0000e+00
      3.897      0.026     0.0806      0.813     56.909  43.233281     6.2937     3.3384     0.0839     6.0365 8.8139e-01     5.9668      3.822      5.542    13.0009 0.0000e+00
      3.901      0.028     0.0819      0.820     57.565  43.702971     6.3030     3.3562     0.0869     6.1068 8.7710e-01     5.8579      3.825      5.548    12.9843 0.0000e+00
      3.905      0.032     0.0830      0.824     58.395  44.289006     6.2996     3.3890     0.0826     6.1108 8.6192e-01     5.6578      3.828      5.552    12.9814 0.0000e+00
      3.913      0.037     0.0850      0.821     59.108  44.779961     6.2978     3.4064     0.0894     6.0316 8.2691e-01     5.5478      3.835      5.562    12.9907 0.0000e+00
      3.926      0.042     0.0855      0.813     59.526  45.045619     6.2097     3.4074     0.1238     5.3976 7.9012e-01     5.5268      3.849      5.583    12.9912 0.0000e+00
      3.941      0.044     0.0866      0.801     59.711  45.136714     6.2184     3.4084     0.1301     5.2840 7.6560e-01     5.4004      3.865      5.606    12.9617 0.0000e+00
      3.955      0.044     0.0875      0.793     59.770  45.138256     6.1916     3.4117     0.1266     5.3650 7.4852e-01     5.1699      3.880      5.628    12.9196 0.0000e+00
      3.967      0.040     0.0864      0.785     59.710  45.064213     6.2431     3.4144     0.1282     5.2968 7.2632e-01     5.0439      3.893      5.646    12.8778 0.0000e+00
      3.977      0.034     0.0869      0.776     59.521  44.916953     6.5363     3.4163     0.1281     5.1894 6.9992e-01     5.0312      3.901      5.656    12.8321 0.0000e+00
      3.983      0.028     0.0838      0.771     59.318  44.776331     6.5906     3.4375     0.1266     5.1394 6.9583e-01     5.0216      3.907      5.665    12.7918 0.0000e+00
      3.988      0.023     0.0846      0.766     59.397  44.850107     6.5574     3.4781     0.1301     5.1792 7.0571e-01     5.0066      3.912      5.674    12.7530 0.0000e+00
      3.992      0.023     0.0833      0.767     59.964  45.268568     6.5776     3.5008     0.1239     5.1398 7.0767e-01     4.9983      3.916      5.679    12.7226 0.0000e+00
      3.996      0.027     0.0817      0.760     60.725  45.782759     6.5655     3.5047     0.0892     5.0089 7.0208e-01     4.9983      3.919      5.685    12.7246 0.0000e+00
      4.001      0.033     0.0827      0.746     61.327  46.135697     6.5724     3.5257     0.0828     4.9831 6.8541e-01     5.0088      3.922      5.689    12.7390 0.0000e+00
      4.009      0.039     0.0798      0.750     61.770  46.360721     6.5690     3.5637     0.0865     4.9925 6.6111e-01     5.0286      3.929      5.699    12.7564 0.0000e+00
      4.023      0.043     0.0822      0.757     62.048  46.476710     6.5698     3.5838     0.0845     4.9972 6.4196e-01     5.0389      3.944      5.721    12.7627 0.0000e+00
      4.039      0.044     0.0814      0.766     62.198  46.524660     6.5714     3.5839     0.0852     4.9771 6.2902e-01     5.0323      3.961      5.744    12.7082 0.0000e+00
      4.054      0.041     0.0777      0.797     62.251  46.535060     6.5670     3.5728     0.0857     4.7931 6.2217e-01     4.9493      3.977      5.768    12.6110 0.0000e+00
      4.066      0.035     0.0801      0.825     62.163  46.467324     6.5753     3.5531     0.0840     4.7775 6.2172e-01     4.7974      3.990      5.786    12.5198 0.0000e+00
      4.072      0.029     0.0814      0.826     62.121  46.448786     6.5611     3.5423     0.0872     4.7721 6.1573e-01     4.7133      3.994      5.793    12.4414 0.0000e+00
      4.074      0.024     0.0800      0.810     62.389  46.648725     6.5847     3.5401     0.0818     4.7998 6.0878e-01     4.6942      3.995      5.795    12.3859 0.0000e+00
      4.077      0.024     0.0855      0.782     62.908  46.993155     6.7369     3.5346     0.0457     5.1470 6.0603e-01     4.5712      3.998      5.799    12.3666 0.0000e+00
      4.081      0.028     0.0898      0.761     63.432  47.302876     6.7537     3.5252     0.0417     5.1479 6.0307e-01     4.3473      4.001      5.803    12.3680 0.0000e+00
      4.087      0.037     0.0882      0.761     63.889  47.555971     6.7549     3.5192     0.0416     5.2027 6.0047e-01     4.2250      4.006      5.810    12.3839 0.0000e+00
      4.098      0.046     0.0876      0.778     64.266  47.756174     6.7354     3.5172     0.0458     5.0788 5.9375e-01     4.2102      4.017      5.826    12.3988 0.0000e+00
      4.113      0.052     0.0831      0.803     64.552  47.899285     6.4915     3.4998     0.0816     4.4044 5.8133e-01     4.1679      4.032      5.849    12.3607 0.0000e+00
      4.131      0.055     0.0807      0.822     64.765  48.002574     6.4854     3.4693     0.0873     4.2467 5.5169e-01     4.0918      4.052      5.875    12.2825 0.0000e+00
      4.149      0.052     0.0810      0.839     64.890  48.059099     6.4564     3.4543     0.0838     4.3774 5.0907e-01     4.0495      4.070      5.902    12.2119 0.0000e+00
      4.164      0.047     0.0829      0.855     64.987  48.109764     6.5276     3.4522     0.0860     4.2416 4.8010e-01     4.0364      4.085      5.924    12.1496 0.0000e+00
      4.176      0.042     0.0871      0.854     65.137  48.209754     6.9699     3.4484     0.0847     3.7873 4.8009e-01     3.9333      4.097      5.942    12.0954 0.0000e+00
      4.182      0.038     0.0885      0.828     65.488  48.457324     7.0520     3.4455     0.0855     3.6860 4.9607e-01     3.7453      4.102      5.949    12.0507 0.0000e+00
      4.187      0.037     0.0899      0.786     66.098  48.873500     6.9983     3.4461     0.0850     3.7391 4.9681e-01     3.6433      4.105      5.953    12.0248 0.0000e+00
      4.193      0.039     0.0930      0.748     66.874  49.390503     7.0367     3.4468     0.0853     3.7212 4.8836e-01     3.6346      4.111      5.963    12.0096 0.0000e+00
      4.203      0.044     0.0932      0.735     67.675  49.911124     7.0043     3.4471     0.0851     3.7084 4.8607e-01     3.6373      4.120      5.976    12.0011 0.0000e+00
      4.217      0.048     0.0898      0.733     68.221  50.235791     6.9432     3.4649     0.0853     3.5306 4.7458e-01     3.6776      4.135      5.997    12.0049 0.0000e+00
      4.234      0.050     0.0850      0.719     68.450  50.342936     6.9217     3.4998     0.0851     3.4935 4.5083e-01     3.7523      4.153      6.023    11.9737 0.0000e+00
      4.250      0.048     0.0790      0.705     68.571  50.395711     6.9355     3.5189     0.0853     3.5300 4.3357e-01     3.7922      4.169      6.046    11.9265 0.0000e+00
      4.263      0.043     0.0792      0.709     68.696  50.468423     6.9260     3.5185     0.0850     3.4852 4.3389e-01     3.7847      4.182      6.066    11.8800 0.0000e+00
      4.272      0.038     0.0802      0.722     68.903  50.613942     6.9336     3.4942     0.0855     3.3700 4.3678e-01     3.6600      4.192      6.080    11.8080 0.0000e+00
      4.278      0.034     0.0781      0.735     69.366  50.938894     6.9261     3.4492     0.0847     3.3144 4.3163e-01     3.4301      4.196      6.085    11.7622 0.0000e+00
      4.283      0.035     0.0752      0.747     70.093  51.424221     6.9352     3.4251     0.0859     3.3746 4.2696e-01     3.3047      4.200      6.092    11.7433 0.0000e+00
      4.289      0.039     0.0767      0.760     70.727  51.819422     6.9222     3.4234     0.0840     3.2949 4.1885e-01     3.2957      4.206      6.101    11.7237 0.0000e+00
      4.297      0.044     0.0786      0.786     71.057  52.000604     6.8468     3.4236     0.0872     2.9200 4.1560e-01     3.3199      4.212      6.109    11.7278 0.0000e+00
      4.312      0.049     0.0795      0.815     71.271  52.128165     6.8381     3.4240     0.0820     2.8538 4.1967e-01     3.3661      4.228      6.131    11.7264 0.0000e+00
      4.332      0.052     0.0817      0.825     71.486  52.280510     6.8375     3.4231     0.0905     2.8835 4.0928e-01     3.3915      4.250      6.164    11.6869 0.0000e+00
      4.348      0.052     0.0814      0.811     71.683  52.423498     6.8475     3.4224     0.0766     2.8832 3.9343e-01     3.3968      4.267      6.188    11.6276 0.0000e+00
      4.361      0.048     0.0857      0.795     71.997  52.640639     6.9212     3.4278     0.0089     3.0338 3.8754e-01     3.4286      4.277      6.203    11.5780 0.0000e+00
      4.371      0.043     0.0894      0.780     72.355  52.878614     6.9367     3.4383    -0.0060     3.0550 3.8037e-01     3.4856      4.286      6.217    11.5597 0.0000e+00
      4.381      0.038     0.0912      0.750     72.465  52.935581     6.9236     3.4445     0.0047     3.0362 3.7400e-01     3.5155      4.297      6.233    11.5648 0.0000e+00
      4.389      0.036     0.0882      0.718     72.472  52.923933     6.9375     3.4443    -0.0045     3.0571 3.7130e-01     3.5090      4.303      6.242    11.5653 0.0000e+00
      4.396      0.037     0.0856      0.689     72.711  53.075651     6.9194     3.4393     0.0054     3.0290 3.6238e-01     3.4078      4.311      6.253    11.5594 0.0000e+00
      4.404      0.039     0.0866      0.674     73.311  53.485974     6.8507     3.4328     0.0376     2.9366 3.5387e-01     3.2210      4.319      6.265    11.5377 0.0000e+00
      4.413      0.044     0.0812      0.681     74.204  54.100600     6.8320     3.4299     0.0458     2.9029 3.5167e-01     3.1187      4.326      6.275    11.5169 0.0000e+00
      4.426      0.049     0.0782      0.688     75.459  54.965339     6.8472     3.4289     0.0404     2.9364 3.5092e-01     3.1095      4.340      6.295    11.5152 0.0000e+00
      4.440      0.053     0.0750      0.707     77.017  56.033999     6.8319     3.4269     0.0443     2.8950 3.4935e-01     3.1102      4.354      6.315    11.4947 0.0000e+00
      4.455      0.055     0.0716      0.753     77.921  56.613179     6.7556     3.4247     0.0408     2.7299 3.4863e-01     3.1127      4.368      6.335    11.4779 0.0000e+00
      4.471      0.053     0.0752      0.788     77.921  56.561018     6.7511     3.4235     0.0447     2.6928 3.4449e-01     3.1131      4.385      6.361    11.4559 0.0000e+00
      4.487      0.049     0.0750      0.795     77.732  56.417131     6.7419     3.4212     0.0396     2.7168 3.3021e-01     3.1060      4.401      6.384    11.4197 0.0000e+00
      4.501      0.043     0.0748      0.794     77.360  56.157680     6.7671     3.4031     0.0472     2.7001 3.1233e-01     3.0332      4.417      6.406    11.3833 0.0000e+00
      4.511      0.037     0.0835      0.793     77.115  55.992415     6.9108     3.3707     0.0804     2.7135 3.0711e-01     2.9003      4.424      6.417    11.3168 0.0000e+00
      4.516      0.034     0.0878      0.767     77.940  56.581789     6.9450     3.3523     0.0888     2.7001 3.1310e-01     2.8281      4.427      6.421    11.2753 0.0000e+00
      4.521      0.034     0.0874      0.726     79.535  57.673671     6.9156     3.3509     0.0820     2.7169 3.1681e-01     2.8259      4.434      6.430    11.2872 0.0000e+00
      4.527      0.038     0.0863      0.704     80.739  58.447016     6.9475     3.3651     0.0887     2.6926 3.1343e-01     2.8713      4.438      6.437    11.2914 0.0000e+00
      4.535      0.043     0.0883      0.689     81.307  58.767125     6.9053     3.3916     0.0805     2.7302 3.0448e-01     2.9548      4.445      6.447    11.3039 0.0000e+00
      4.549      0.048     0.0854      0.691     81.601  58.907694     6.6815     3.4053     0.0471     2.9843 2.9458e-01     2.9998      4.461      6.469    11.3150 0.0000e+00
      4.567      0.051     0.0772      0.730     81.800  58.997371     6.6529     3.4063     0.0399     3.0049 2.8765e-01     3.0019      4.479      6.496    11.2622 0.0000e+00
      4.583      0.051     0.0779      0.764     81.905  59.040168     6.6545     3.4010     0.0443     3.0189 2.8142e-01     2.9797      4.495      6.520    11.1880 0.0000e+00
      4.597      0.048     0.0754      0.759     81.886  59.019523     6.6795     3.3899     0.0416     2.9668 2.6656e-01     2.9378      4.509      6.541    11.1327 0.0000e+00
      4.607      0.042     0.0735      0.765     81.868  59.018133     6.9081     3.3836     0.0433     2.6207 2.5695e-01     2.9154      4.519      6.554    11.0879 0.0000e+00
      4.616      0.036     0.0804      0.805     81.860  59.023378     6.9431     3.3824     0.0422     2.5519 2.6111e-01     2.9183      4.527      6.565    11.0554 0.0000e+00
      4.624      0.031     0.0872      0.815     81.753  58.947748     6.9226     3.3756     0.0429     2.6037 2.6590e-01     2.9674      4.536      6.577    11.0329 0.0000e+00
      4.631      0.029     0.0828      0.779     81.709  58.914890     6.9336     3.3635     0.0424     2.5563 2.6390e-01     3.0570      4.542      6.587    11.0299 0.0000e+00
      4.638      0.029     0.0813      0.758     82.069  59.166877     6.9293     3.3573     0.0428     2.4762 2.5584e-01     3.1062      4.549      6.598    11.0433 0.0000e+00
      4.643      0.033     0.0904      0.761     83.124  59.898915     6.9278     3.3598     0.0424     2.4341 2.5323e-01     3.1172      4.554      6.604    11.0520 0.0000e+00
      4.648      0.039     0.0930      0.770     84.639  60.938122     6.9354     3.3877     0.0429     2.4740 2.5808e-01     3.1911      4.558      6.609    11.0501 0.0000e+00
      4.658      0.044     0.0839      0.789     85.912  61.794057     6.9198     3.4382     0.0422     2.4265 2.5828e-01     3.3258      4.566      6.624    11.0485 0.0000e+00
