Data/DataNotYetUploadedToEDI/Raw_CTD/RawDownloads/071522_bvr50_S7809001.cnv
* Sea-Bird SBE19plus  Data File:
* FileName = C:\R\Reservoirs\Data\DataNotYetUploadedToEDI\Raw_CTD\RawDownloads\071522_bvr50_0001.hex
* Software version 2.8.0.119
* Temperature SN = 7809
* Conductivity SN = 7809
* System UpLoad Time = Jul 16 2022 15:03:32
* <ApplicationData>
* <Seaterm232>
# nquan = 15
# nvalues = 1917                        
# units = specified
# name 0 = depFM: Depth [fresh water, m]
# name 1 = dz/dtM: Descent Rate [m/s]
# name 2 = sbeox0Mg/L: Oxygen, SBE 43 [mg/l]
# name 3 = sbeox0PS: Oxygen, SBE 43 [% saturation]
# name 4 = specc: Specific Conductance [uS/cm]
# name 5 = c0uS/cm: Conductivity [uS/cm]
# name 6 = flECO-AFL: Fluorescence, WET Labs ECO-AFL/FL [mg/m^3]
# name 7 = ph: pH
# name 8 = orp: Oxidation Reduction Potential [mV]
# name 9 = par/sat/log: PAR/Logarithmic, Satlantic
# name 10 = turbWETntu0: Turbidity, WET Labs ECO [NTU]
# name 11 = prdM: Pressure, Strain Gauge [db]
# name 12 = prdE: Pressure, Strain Gauge [psi]
# name 13 = tv290C: Temperature [ITS-90, deg C]
# name 14 = flag:  0.000e+00
# span 0 =     -0.688,      7.782       
# span 1 =     -0.303,      0.187       
# span 2 =     0.0317,     6.8222       
# span 3 =      0.310,     85.607       
# span 4 =      0.637,    181.102       
# span 5 =   0.701310, 126.125026       
# span 6 =    -0.0883,   233.7126       
# span 7 =     -2.189,      7.915       
# span 8 = -1240.7455,   264.2492       
# span 9 = 1.2351e-01, 1.8164e+03       
# span 10 =    -1.1752,    27.5095      
# span 11 =     -0.676,      7.632      
# span 12 =     -0.979,     11.069      
# span 13 =     9.8144,    30.0623      
# span 14 = 0.0000e+00, 0.0000e+00      
# interval = seconds: 0.25
# start_time = Jul 15 2022 08:47:16 [Instrument's time stamp, header]
# bad_flag = -9.990e-29
*END*
[from data line 964]
      5.040      0.014     0.0478      0.391     92.255  65.913492     2.0699      7.006   -98.0598 6.3684e-01     3.4448      4.942      7.168    10.7099 0.0000e+00
      5.042      0.013     0.0489      0.390     92.169  65.846098     2.0395      7.008   -98.4448 6.3813e-01     3.5202      4.944      7.171    10.7248 0.0000e+00
      5.043      0.013     0.0455      0.396     92.174  65.844295     2.0523      7.009   -98.7803 6.3180e-01     3.5886      4.945      7.172    10.7272 0.0000e+00
      5.047      0.012     0.0437      0.407     92.431  66.018704     2.0503      7.009   -99.0183 6.1682e-01     3.4522      4.948      7.177    10.7258 0.0000e+00
      5.052      0.010     0.0433      0.398     92.842  66.303622     2.0400      7.009   -99.2580 6.0800e-01     3.0997      4.954      7.186    10.7205 0.0000e+00
      5.056      0.008     0.0431      0.376     92.939  66.367785     2.0439      7.010   -99.6137 6.0906e-01     2.8801      4.959      7.193    10.7170 0.0000e+00
      5.058      0.006     0.0432      0.372     92.735  66.222910     2.0472      7.011  -100.1352 6.1265e-01     2.8806      4.961      7.195    10.7171 0.0000e+00
      5.057      0.004     0.0465      0.377     92.684  66.203198     2.0298      7.012  -100.9176 6.1665e-01     2.9011      4.960      7.194    10.7092 0.0000e+00
      5.056      0.002     0.0455      0.386     92.720  66.256486     2.0089      7.013  -101.8456 6.2220e-01     2.8200      4.958      7.192    10.7041 0.0000e+00
      5.056      0.002     0.0396      0.384     92.581  66.168650     1.9942      7.014  -102.6663 6.2391e-01     2.7197      4.958      7.191    10.7028 0.0000e+00
      5.057      0.003     0.0421      0.367     92.497  66.093823     1.9777      7.015  -103.3552 6.1384e-01     2.6795      4.958      7.191    10.6986 0.0000e+00
      5.059      0.004     0.0413      0.382     92.643  66.177360     1.9665      7.016  -103.8080 5.9814e-01     2.7097      4.961      7.196    10.7080 0.0000e+00
      5.061      0.004     0.0428      0.414     92.907  66.353041     1.9666      7.017  -104.0969 6.0037e-01     2.8462      4.963      7.198    10.7314 0.0000e+00
      5.062      0.004     0.0449      0.414     93.219  66.566710     1.9801      7.018  -104.3530 6.0970e-01     2.9977      4.963      7.199    10.7403 0.0000e+00
      5.063      0.003     0.0380      0.398     93.546  66.791996     1.9963      7.020  -104.7545 6.0367e-01     3.0385      4.965      7.202    10.7254 0.0000e+00
      5.063      0.003     0.0412      0.401     93.812  66.981096     2.0039      7.021  -105.3373 6.0041e-01     2.9630      4.966      7.203    10.7106 0.0000e+00
      5.063      0.004     0.0486      0.411     93.938  67.074785     1.9976      7.022  -105.8065 5.9999e-01     2.8709      4.964      7.201    10.7066 0.0000e+00
      5.063      0.006     0.0466      0.418     93.976  67.099140     1.9782      7.022  -106.2110 5.9885e-01     2.8818      4.964      7.199    10.7026 0.0000e+00
      5.065      0.011     0.0428      0.425     93.891  67.021510     1.9687      7.022  -106.6158 6.0250e-01     2.9233      4.966      7.203    10.6949 0.0000e+00
      5.067      0.018     0.0444      0.420     93.580  66.771270     1.9663      7.022  -106.8293 5.9120e-01     2.9625      4.969      7.207    10.6956 0.0000e+00
      5.070      0.025     0.0462      0.417     93.231  66.486910     1.9493      7.022  -106.8990 5.6811e-01     3.0480      4.970      7.208    10.7008 0.0000e+00
      5.077      0.031     0.0456      0.430     93.134  66.377760     1.9210      7.022  -107.0283 5.5866e-01     3.0690      4.977      7.219    10.7002 0.0000e+00
      5.090      0.034     0.0484      0.439     93.217  66.404160     1.9079      7.022  -107.2743 5.5612e-01     3.0121      4.992      7.241    10.6910 0.0000e+00
      5.104      0.034     0.0467      0.429     93.272  66.425011     1.9068      7.022  -107.6355 5.5541e-01     2.9754      5.006      7.260    10.6741 0.0000e+00
      5.114      0.033     0.0449      0.413     93.305  66.439323     1.9157      7.023  -108.0404 5.5752e-01     2.9667      5.016      7.276    10.6567 0.0000e+00
      5.120      0.028     0.0482      0.403     93.330  66.450173     1.9409      7.023  -108.3841 5.5113e-01     2.9748      5.022      7.283    10.6316 0.0000e+00
      5.125      0.022     0.0497      0.399     93.309  66.429178     1.9464      7.023  -108.6944 5.4441e-01     3.0044      5.025      7.288    10.6110 0.0000e+00
      5.130      0.017     0.0480      0.400     93.240  66.375990     1.9394      7.024  -109.2105 5.4408e-01     2.9486      5.031      7.297    10.6044 0.0000e+00
      5.134      0.013     0.0455      0.400     93.155  66.315165     1.9478      7.024  -109.8064 5.4044e-01     2.7784      5.036      7.304    10.6003 0.0000e+00
      5.137      0.010     0.0448      0.396     93.081  66.265327     1.9567      7.025  -110.1350 5.3192e-01     2.6552      5.039      7.308    10.5971 0.0000e+00
      5.139      0.008     0.0441      0.393     93.007  66.217981     1.9721      7.027  -110.4298 5.3161e-01     2.6552      5.040      7.309    10.5934 0.0000e+00
      5.140      0.007     0.0448      0.392     92.954  66.187269     2.0006      7.027  -110.8755 5.3593e-01     2.7095      5.040      7.310    10.5900 0.0000e+00
      5.141      0.007     0.0443      0.373     92.989  66.211545     2.0173      7.028  -111.3089 5.3063e-01     2.7993      5.042      7.312    10.5908 0.0000e+00
      5.142      0.008     0.0446      0.360     93.075  66.257472     2.0085      7.030  -111.7117 5.2648e-01     2.8878      5.043      7.314    10.5927 0.0000e+00
      5.144      0.010     0.0429      0.381     93.172  66.297977     1.9857      7.032  -112.0462 5.2697e-01     2.8567      5.045      7.317    10.5951 0.0000e+00
      5.147      0.013     0.0451      0.401     93.331  66.383713     1.9737      7.033  -112.1698 5.2326e-01     2.8328      5.047      7.320    10.6007 0.0000e+00
      5.150      0.016     0.0420      0.398     93.559  66.531959     1.9808      7.034  -112.2597 5.1701e-01     2.8724      5.050      7.325    10.6031 0.0000e+00
      5.154      0.019     0.0369      0.393     93.881  66.756683     1.9971      7.036  -112.5299 5.1091e-01     2.8228      5.053      7.329    10.5942 0.0000e+00
      5.160      0.023     0.0433      0.404     94.244  67.004958     2.0039      7.037  -112.8567 5.1125e-01     2.7117      5.059      7.338    10.5754 0.0000e+00
      5.166      0.027     0.0459      0.424     94.529  67.183913     1.9961      7.036  -113.0278 5.0850e-01     2.6216      5.067      7.349    10.5578 0.0000e+00
      5.173      0.029     0.0444      0.444     94.779  67.332587     2.0112      7.035  -112.9641 4.9379e-01     2.6561      5.072      7.357    10.5506 0.0000e+00
      5.182      0.030     0.0427      0.449     95.005  67.468764     2.0542      7.034  -112.7743 4.8343e-01     2.8220      5.081      7.370    10.5533 0.0000e+00
      5.192      0.029     0.0447      0.424     95.150  67.560129     2.0902      7.035  -112.6254 4.8617e-01     2.9532      5.093      7.386    10.5497 0.0000e+00
      5.200      0.028     0.0471      0.400     95.228  67.611584     2.1149      7.035  -112.5402 4.7919e-01     2.9794      5.100      7.396    10.5340 0.0000e+00
      5.206      0.026     0.0499      0.395     95.283  67.646310     2.1117      7.036  -112.4331 4.5763e-01     2.9669      5.106      7.405    10.5178 0.0000e+00
      5.212      0.024     0.0519      0.395     95.406  67.725938     2.0757      7.036  -112.4490 4.5515e-01     2.9732      5.113      7.415    10.5032 0.0000e+00
      5.217      0.023     0.0470      0.386     95.629  67.875691     2.0376      7.036  -112.7324 4.5910e-01     2.9865      5.117      7.421    10.4970 0.0000e+00
      5.222      0.023     0.0433      0.376     95.902  68.059647     2.0173      7.037  -113.1064 4.5051e-01     2.9913      5.120      7.426    10.4987 0.0000e+00
      5.227      0.024     0.0442      0.384     96.074  68.171708     2.0223      7.038  -113.2709 4.3931e-01     2.9632      5.125      7.433    10.4955 0.0000e+00
      5.233      0.026     0.0444      0.399     96.058  68.150840     2.0227      7.039  -113.2588 4.1929e-01     2.8858      5.132      7.443    10.4909 0.0000e+00
      5.241      0.027     0.0436      0.406     96.032  68.124903     2.0047      7.040  -113.3043 3.9682e-01     2.8073      5.138      7.453    10.4869 0.0000e+00
      5.249      0.027     0.0406      0.410     96.019  68.112156     1.9887      7.041  -113.3907 3.9147e-01     2.7312      5.147      7.466    10.4815 0.0000e+00
      5.258      0.026     0.0426      0.411     95.939  68.060230     1.9780      7.042  -113.5289 3.9812e-01     2.6488      5.157      7.479    10.4763 0.0000e+00
      5.264      0.024     0.0452      0.418     95.937  68.068710     1.9670      7.043  -113.6844 3.9623e-01     2.6308      5.163      7.487    10.4709 0.0000e+00
      5.268      0.021     0.0450      0.424     96.045  68.151186     1.9484      7.043  -113.8092 3.8741e-01     2.6853      5.166      7.493    10.4666 0.0000e+00
      5.273      0.019     0.0463      0.416     96.165  68.231745     1.9356      7.044  -114.0055 3.8396e-01     2.7261      5.171      7.500    10.4642 0.0000e+00
      5.277      0.017     0.0452      0.409     96.246  68.280547     1.9370      7.045  -114.1641 3.8517e-01     2.6798      5.175      7.505    10.4669 0.0000e+00
      5.282      0.016     0.0463      0.410     96.272  68.296637     1.9480      7.046  -114.1790 3.8142e-01     2.6034      5.179      7.512    10.4739 0.0000e+00
      5.286      0.015     0.0485      0.406     96.271  68.299249     1.9614      7.046  -114.1854 3.7432e-01     2.5880      5.184      7.518    10.4789 0.0000e+00
      5.289      0.013     0.0464      0.399     96.284  68.312130     1.9656      7.046  -114.2406 3.8366e-01     2.6308      5.187      7.523    10.4752 0.0000e+00
      5.293      0.011     0.0446      0.390     96.300  68.325345     1.9736      7.047  -114.3314 3.9924e-01     2.7110      5.190      7.529    10.4672 0.0000e+00
      5.295      0.010     0.0468      0.385     96.310  68.332005     1.9918      7.049  -114.4227 3.9185e-01     2.8067      5.193      7.532    10.4666 0.0000e+00
      5.297      0.010     0.0451      0.389     96.395  68.392654     2.0022      7.050  -114.4847 3.7738e-01     2.8661      5.194      7.533    10.4704 0.0000e+00
      5.298      0.011     0.0447      0.399     96.621  68.550520     1.9907      7.051  -114.5642 3.8167e-01     2.8479      5.195      7.535    10.4725 0.0000e+00
      5.301      0.013     0.0436      0.405     96.957  68.779873     1.9702      7.051  -114.6092 3.9068e-01     2.8262      5.197      7.538    10.4728 0.0000e+00
      5.304      0.015     0.0422      0.398     97.299  69.006150     1.9457      7.051  -114.6837 3.8575e-01     2.9110      5.201      7.544    10.4725 0.0000e+00
      5.309      0.017     0.0437      0.393     97.499  69.126803     1.9267      7.053  -114.8633 3.7146e-01     3.0526      5.206      7.551    10.4734 0.0000e+00
      5.314      0.018     0.0441      0.395     97.484  69.095326     1.9411      7.055  -114.9748 3.5991e-01     3.1038      5.211      7.558    10.4727 0.0000e+00
      5.320      0.017     0.0464      0.387     97.378  69.006643     1.9608      7.056  -114.9989 3.5341e-01     3.0858      5.217      7.566    10.4684 0.0000e+00
      5.325      0.015     0.0442      0.377     97.294  68.943792     1.9739      7.056  -115.0688 3.4921e-01     3.0403      5.223      7.576    10.4592 0.0000e+00
      5.330      0.012     0.0432      0.385     97.233  68.907056     1.9991      7.057  -115.1320 3.5843e-01     2.9294      5.228      7.583    10.4470 0.0000e+00
      5.333      0.009     0.0449      0.403     97.271  68.943594     2.0247      7.058  -115.1605 3.6820e-01     2.8382      5.230      7.585    10.4359 0.0000e+00
      5.333      0.007     0.0436      0.409     97.347  69.004467     2.0427      7.058  -115.2409 3.6249e-01     2.8593      5.230      7.585    10.4279 0.0000e+00
      5.333      0.005     0.0409      0.407     97.349  69.007891     2.0415      7.059  -115.3295 3.6309e-01     2.9116      5.230      7.585    10.4262 0.0000e+00
      5.334      0.005     0.0425      0.414     97.319  68.985000     2.0267      7.060  -115.3725 3.6734e-01     2.8900      5.230      7.585    10.4307 0.0000e+00
      5.335      0.006     0.0458      0.426     97.319  68.981763     2.0214      7.061  -115.5015 3.6543e-01     2.8377      5.232      7.588    10.4370 0.0000e+00
      5.337      0.008     0.0462      0.423     97.482  69.095781     2.0189      7.062  -115.8572 3.6784e-01     2.7907      5.234      7.591    10.4409 0.0000e+00
      5.338      0.012     0.0450      0.421     97.928  69.410811     2.0135      7.063  -116.3177 3.6844e-01     2.8006      5.235      7.593    10.4417 0.0000e+00
      5.340      0.017     0.0453      0.422     98.498  69.805359     2.0234      7.064  -116.6810 3.6329e-01     2.8883      5.237      7.595    10.4404 0.0000e+00
      5.344      0.021     0.0494      0.421     98.877  70.055018     2.0461      7.065  -116.9803 3.5594e-01     2.9636      5.240      7.599    10.4380 0.0000e+00
      5.351      0.025     0.0466      0.429     98.941  70.079135     2.0561      7.065  -117.2698 3.4708e-01     2.9586      5.247      7.609    10.4373 0.0000e+00
      5.361      0.027     0.0467      0.427     98.808  69.969889     2.0443      7.065  -117.5135 3.4736e-01     2.8629      5.257      7.625    10.4387 0.0000e+00
      5.370      0.029     0.0483      0.416     98.691  69.877500     2.0028      7.065  -117.7760 3.5063e-01     2.7286      5.266      7.638    10.4345 0.0000e+00
      5.377      0.029     0.0452      0.405     98.666  69.851350     1.9453      7.066  -118.0347 3.4692e-01     2.6666      5.274      7.650    10.4228 0.0000e+00
      5.383      0.028     0.0494      0.391     98.673  69.844267     1.9231      7.066  -118.1463 3.4715e-01     2.6943      5.279      7.657    10.4110 0.0000e+00
      5.389      0.027     0.0479      0.388     98.707  69.855366     1.9346      7.066  -118.0932 3.3874e-01     2.7220      5.284      7.663    10.4029 0.0000e+00
      5.397      0.026     0.0461      0.391     98.723  69.858491     1.9681      7.066  -117.9951 3.1767e-01     2.7960      5.292      7.676    10.3997 0.0000e+00
      5.404      0.025     0.0460      0.387     98.669  69.818523     2.0121      7.066  -117.9059 3.0842e-01     2.8724      5.301      7.688    10.3968 0.0000e+00
      5.411      0.025     0.0427      0.384     98.662  69.816755     2.0241      7.066  -117.9613 3.0658e-01     2.8603      5.306      7.696    10.3892 0.0000e+00
      5.417      0.024     0.0432      0.386     98.776  69.900643     2.0220      7.067  -118.2350 2.9801e-01     2.8546      5.313      7.705    10.3820 0.0000e+00
      5.422      0.024     0.0443      0.383     98.924  70.007040     2.0196      7.067  -118.5475 2.9335e-01     2.9051      5.318      7.713    10.3775 0.0000e+00
      5.427      0.025     0.0433      0.393     99.036  70.086851     2.0043      7.067  -118.7287 2.9902e-01     2.9586      5.322      7.719    10.3766 0.0000e+00
      5.433      0.026     0.0421      0.406     99.148  70.166898     1.9950      7.067  -118.7055 3.0049e-01     2.9555      5.328      7.727    10.3792 0.0000e+00
      5.441      0.026     0.0445      0.394     99.301  70.276144     1.9900      7.067  -118.6971 2.8456e-01     2.9017      5.335      7.738    10.3813 0.0000e+00
      5.450      0.027     0.0415      0.391     99.550  70.454906     1.9939      7.068  -118.7986 2.6983e-01     2.7855      5.345      7.752    10.3819 0.0000e+00
      5.457      0.028     0.0432      0.406    100.041  70.803759     2.0182      7.069  -118.9008 2.6976e-01     2.6781      5.353      7.764    10.3822 0.0000e+00
