Data/DataNotYetUploadedToEDI/Raw_CTD/RawDownloads/071522_bvr50_S8188001.cnv
* Sea-Bird SBE19plus  Data File:
* FileName = C:\R\Reservoirs\Data\DataNotYetUploadedToEDI\Raw_CTD\RawDownloads\071522_bvr50_0001.hex
* Software version 2.8.0.119
* Temperature SN = 8188
* Conductivity SN = 8188
* System UpLoad Time = Jul 16 2022 14:48:54
* <ApplicationData>
* <Seaterm232>
# nquan = 16
# nvalues = 1372                        
# units = specified
# name 0 = depFM: Depth [fresh water, m]
# name 1 = dz/dtM: Descent Rate [m/s]
# name 2 = sbeox0Mg/L: Oxygen, SBE 43 [mg/l]
# name 3 = sbeox0PS: Oxygen, SBE 43 [% saturation]
# name 4 = specc: Specific Conductance [uS/cm]
# name 5 = c0uS/cm: Conductivity [uS/cm]
# name 6 = wetCDOM: Fluorescence, WET Labs CDOM [mg/m^3]
# name 7 = flECO-AFL: Fluorescence, WET Labs ECO-AFL/FL [mg/m^3]
# name 8 = flECO-AFL1: Fluorescence, WET Labs ECO-AFL/FL, 2 [mg/m^3]
# name 9 = flECO-AFL2: Fluorescence, WET Labs ECO-AFL/FL, 3 [mg/m^3]
# name 10 = par/sat/log: PAR/Logarithmic, Satlantic
# name 11 = turbWETntu0: Turbidity, WET Labs ECO [NTU]
# name 12 = prdM: Pressure, Strain Gauge [db]
# name 13 = prdE: Pressure, Strain Gauge [psi]
# name 14 = tv290C: Temperature [ITS-90, deg C]
# name 15 = flag:  0.000e+00
# span 0 =     -0.708,      7.811       
# span 1 =     -0.334,      0.221       
# span 2 =     0.0609,     8.3487       
# span 3 =      0.570,     99.849       
# span 4 =     -0.329,    179.615       
# span 5 =  -0.364797, 125.336142       
# span 6 =    -4.7804,     7.8356       
# span 7 =     0.0042,     8.6608       
# span 8 =    -2.2563,     0.1739       
# span 9 =    -2.1555,    18.1334       
# span 10 = 1.1590e-01, 5.1503e+02      
# span 11 =    -0.0039,     9.8123      
# span 12 =     -0.695,      7.663      
# span 13 =     -1.008,     11.115      
# span 14 =     9.8405,    30.3937      
# span 15 = 0.0000e+00, 0.0000e+00      
# interval = seconds: 0.25
# start_time = Jul 15 2022 11:01:18 [Instrument's time stamp, header]
# bad_flag = -9.990e-29
*END*
[from data line 814]
      4.689      0.052     0.0850      0.764     87.325  62.714753     6.8292     3.4658     0.0416     2.2212 2.4079e-01     3.4091      4.598      6.669    11.0336 0.0000e+00
      4.706      0.052     0.0830      0.749     87.627  62.901020     6.8524     3.4498     0.0442     2.2613 2.4592e-01     3.4469      4.617      6.696    10.9976 0.0000e+00
      4.720      0.048     0.0883      0.743     87.466  62.764613     6.8228     3.4200     0.0401     2.2190 2.3786e-01     3.5154      4.630      6.716    10.9594 0.0000e+00
      4.731      0.042     0.0888      0.722     86.886  62.350048     6.8660     3.4040     0.0467     2.2739 2.1757e-01     3.5521      4.639      6.729    10.9273 0.0000e+00
      4.740      0.036     0.0832      0.699     86.286  61.945191     7.0852     3.4004     0.0811     2.5071 2.1053e-01     3.5484      4.649      6.743    10.9041 0.0000e+00
      4.747      0.032     0.0821      0.689     86.117  61.858509     7.1231     3.3798     0.0878     2.5572 2.1516e-01     3.4708      4.657      6.754    10.8877 0.0000e+00
      4.752      0.032     0.0836      0.679     86.553  62.180930     7.1053     3.3433     0.0836     2.5259 2.1866e-01     3.3286      4.660      6.760    10.8716 0.0000e+00
      4.757      0.037     0.0799      0.668     87.190  62.598324     7.1074     3.3233     0.0862     2.5460 2.1556e-01     3.2516      4.665      6.766    10.8716 0.0000e+00
      4.765      0.043     0.0761      0.678     87.541  62.780944     7.0250     3.3213     0.0845     2.5322 2.0995e-01     3.2482      4.671      6.775    10.8910 0.0000e+00
      4.778      0.050     0.0763      0.692     87.709  62.833850     7.0168     3.3272     0.0857     2.5432 2.0162e-01     3.2895      4.683      6.793    10.9163 0.0000e+00
      4.793      0.055     0.0757      0.693     87.876  62.899878     7.0222     3.3389     0.0848     2.5323 1.8965e-01     3.3660      4.699      6.816    10.9329 0.0000e+00
      4.812      0.057     0.0720      0.706     87.930  62.903099     7.0182     3.3444     0.0857     2.5457 1.8240e-01     3.4069      4.719      6.844    10.9014 0.0000e+00
      4.831      0.054     0.0749      0.726     87.912  62.872763     7.0217     3.3430     0.0846     2.5714 1.8473e-01     3.4044      4.739      6.873    10.8530 0.0000e+00
      4.846      0.049     0.0784      0.741     87.920  62.871129     7.0178     3.3281     0.0861     2.5901 1.9164e-01     3.3409      4.755      6.896    10.8148 0.0000e+00
      4.856      0.044     0.0752      0.759     87.942  62.883344     7.0230     3.3016     0.0838     2.5674 1.9025e-01     3.2242      4.763      6.909    10.7820 0.0000e+00
      4.862      0.042     0.0780      0.771     88.142  63.020444     7.0153     3.2884     0.0874     2.5997 1.8492e-01     3.1606      4.768      6.915    10.7626 0.0000e+00
      4.868      0.045     0.0813      0.756     89.223  63.785052     7.0276     3.2898     0.0816     2.5499 1.8552e-01     3.1520      4.774      6.924    10.7540 0.0000e+00
      4.877      0.051     0.0818      0.741     91.557  65.434188     7.1033     3.3141     0.0459     2.3150 1.8627e-01     3.1173      4.781      6.934    10.7521 0.0000e+00
      4.890      0.058     0.0837      0.751     93.801  67.002011     7.1121     3.3585     0.0414     2.2635 1.8030e-01     3.0545      4.793      6.952    10.7506 0.0000e+00
      4.910      0.063     0.0879      0.770     94.786  67.661847     7.1122     3.3827     0.0420     2.2998 1.7832e-01     3.0204      4.815      6.984    10.7469 0.0000e+00
      4.933      0.064     0.0835      0.776     95.128  67.866944     7.1031     3.3843     0.0452     2.2699 1.7935e-01     3.0170      4.837      7.016    10.7437 0.0000e+00
      4.953      0.063     0.0804      0.771     95.442  68.061580     7.0278     3.3787     0.0826     2.2559 1.7020e-01     3.0132      4.859      7.048    10.7363 0.0000e+00
      4.968      0.062     0.0831      0.757     95.562  68.121542     7.0148     3.3689     0.0858     2.2275 1.5891e-01     3.0068      4.875      7.072    10.7143 0.0000e+00
      4.977      0.062     0.0862      0.740     95.316  67.915629     7.0237     3.3642     0.0864     2.2604 1.5481e-01     3.0036      4.880      7.078    10.6875 0.0000e+00
      4.987      0.063     0.0866      0.750     94.834  67.533089     7.0168     3.3643     0.0818     2.2149 1.5471e-01     3.0079      4.887      7.088    10.6668 0.0000e+00
      5.003      0.065     0.0857      0.765     94.548  67.283393     7.0235     3.3654     0.0462     2.0146 1.5424e-01     3.0610      4.904      7.114    10.6533 0.0000e+00
      5.024      0.067     0.0853      0.755     94.582  67.263492     7.0153     3.3675     0.0404     1.9710 1.5294e-01     3.1583      4.926      7.145    10.6407 0.0000e+00
      5.048      0.068     0.0801      0.738     94.673  67.292419     7.0270     3.3692     0.0440     1.9999 1.4953e-01     3.2108      4.951      7.181    10.6256 0.0000e+00
      5.069      0.066     0.0830      0.729     94.810  67.362613     7.0090     3.3703     0.0417     1.9787 1.4554e-01     3.2128      4.973      7.212    10.6051 0.0000e+00
      5.084      0.064     0.0873      0.728     95.135  67.571150     6.9422     3.3775     0.0432     1.9975 1.3955e-01     3.1847      4.986      7.232    10.5783 0.0000e+00
      5.095      0.063     0.0837      0.735     95.564  67.852605     6.9191     3.3908     0.0422     1.9766 1.3974e-01     3.1321      4.997      7.249    10.5542 0.0000e+00
      5.105      0.065     0.0818      0.728     95.890  68.060524     6.9423     3.3979     0.0430     2.0046 1.5364e-01     3.1034      5.005      7.259    10.5355 0.0000e+00
      5.119      0.068     0.0813      0.709     96.198  68.259092     6.9134     3.3970     0.0422     1.9625 1.5520e-01     3.0983      5.016      7.275    10.5209 0.0000e+00
      5.141      0.071     0.0802      0.714     96.465  68.427450     6.9550     3.3749     0.0431     2.0290 1.3835e-01     3.0699      5.041      7.312    10.5110 0.0000e+00
      5.165      0.071     0.0829      0.728     96.560  68.472983     7.1770     3.3329     0.0417     2.3707 1.2688e-01     3.0189      5.068      7.351    10.4991 0.0000e+00
      5.187      0.070     0.0825      0.724     96.773  68.606716     7.2101     3.3106     0.0440     2.4350 1.2336e-01     2.9909      5.087      7.378    10.4849 0.0000e+00
      5.205      0.067     0.0773      0.719     97.200  68.894670     7.2004     3.3108     0.0404     2.3979 1.2312e-01     2.9852      5.107      7.406    10.4764 0.0000e+00
      5.218      0.063     0.0790      0.715     97.629  69.181704     7.1891     3.3217     0.0462     2.4169 1.2951e-01     2.9543      5.119      7.425    10.4655 0.0000e+00
      5.228      0.060     0.0834      0.715     98.019  69.439542     7.0330     3.3404     0.0819     2.3664 1.3397e-01     2.8979      5.124      7.432    10.4520 0.0000e+00
      5.241      0.060     0.0797      0.721     98.335  69.644984     7.0126     3.3506     0.0865     2.3708 1.2645e-01     2.8671      5.138      7.453    10.4447 0.0000e+00
      5.259      0.061     0.0807      0.718     98.539  69.771919     7.0235     3.3506     0.0858     2.3666 1.2128e-01     2.8656      5.157      7.480    10.4379 0.0000e+00
      5.277      0.062     0.0799      0.707     98.635  69.824499     7.0194     3.3388     0.0827     2.3718 1.2182e-01     2.8811      5.175      7.506    10.4287 0.0000e+00
      5.296      0.059     0.0790      0.706     98.628  69.807250     7.0177     3.3179     0.0451     2.4092 1.1876e-01     2.9101      5.194      7.533    10.4190 0.0000e+00
      5.312      0.052     0.0817      0.727     98.677  69.833893     7.0256     3.3074     0.0421     2.4098 1.1657e-01     2.9265      5.210      7.555    10.4092 0.0000e+00
      5.325      0.044     0.0802      0.737     98.839  69.943725     7.0096     3.3074     0.0412     2.4159 1.1860e-01     2.9321      5.224      7.577    10.4004 0.0000e+00
      5.335      0.037     0.0796      0.720     99.093  70.120695     7.0376     3.3015     0.0463     2.4015 1.2738e-01     2.9803      5.235      7.592    10.3927 0.0000e+00
      5.340      0.035     0.0763      0.691     99.519  70.417999     7.1818     3.2905     0.0811     2.2931 1.3267e-01     3.0693      5.237      7.596    10.3861 0.0000e+00
      5.344      0.037     0.0827      0.673    100.020  70.765285     7.2122     3.2863     0.0882     2.2816 1.2478e-01     3.1176      5.238      7.599    10.3816 0.0000e+00
      5.350      0.042     0.0837      0.685    100.373  71.005457     7.1908     3.2881     0.0825     2.2812 1.1802e-01     3.1179      5.244      7.606    10.3798 0.0000e+00
      5.361      0.049     0.0805      0.723    100.508  71.089828     7.2084     3.2934     0.0882     2.2935 1.2067e-01     3.0737      5.256      7.623    10.3795 0.0000e+00
      5.378      0.056     0.0775      0.764    100.552  71.109005     7.1903     3.3019     0.0812     2.2662 1.2358e-01     2.9917      5.274      7.649    10.3775 0.0000e+00
      5.397      0.061     0.0731      0.775    100.559  71.102036     7.1179     3.3061     0.0461     2.0908 1.2029e-01     2.9470      5.294      7.678    10.3732 0.0000e+00
      5.416      0.063     0.0763      0.763    100.439  71.005547     7.1075     3.3026     0.0415     2.0629 1.1686e-01     2.9458      5.312      7.705    10.3682 0.0000e+00
      5.432      0.060     0.0796      0.761    100.293  70.889297     7.1078     3.2692     0.0417     2.0765 1.1731e-01     2.9800      5.327      7.727    10.3626 0.0000e+00
      5.446      0.053     0.0880      0.767    100.249  70.846327     7.1176     3.2103     0.0458     2.0739 1.1790e-01     3.0432      5.341      7.746    10.3568 0.0000e+00
      5.460      0.045     0.0876      0.754    100.229  70.824177     7.1908     3.1791     0.0816     2.1109 1.1702e-01     3.0778      5.355      7.767    10.3513 0.0000e+00
      5.472      0.039     0.0845      0.719    100.142  70.756743     7.2077     3.1778     0.0875     2.1203 1.1611e-01     3.0798      5.368      7.786    10.3452 0.0000e+00
      5.480      0.037     0.0846      0.696     99.985  70.639727     7.1920     3.1988     0.0837     2.1073 1.1601e-01     3.0634      5.375      7.796    10.3381 0.0000e+00
      5.485      0.039     0.0867      0.686     99.883  70.559187     7.2102     3.2388     0.0863     2.1271 1.1596e-01     3.0329      5.379      7.801    10.3323 0.0000e+00
      5.490      0.043     0.0864      0.690     99.951  70.594574     7.2804     3.2607     0.0842     2.2303 1.1596e-01     3.0165      5.382      7.805    10.3283 0.0000e+00
      5.500      0.048     0.0788      0.705    100.066  70.661746     7.2957     3.2625     0.0863     2.2482 1.1604e-01     3.0174      5.391      7.817    10.3254 0.0000e+00
      5.517      0.052     0.0779      0.708    100.130  70.694975     7.2868     3.2576     0.0836     2.2393 1.1608e-01     3.0457      5.410      7.847    10.3234 0.0000e+00
      5.537      0.054     0.0762      0.715    100.187  70.725775     7.2915     3.2476     0.0875     2.2412 1.1606e-01     3.0974      5.432      7.878    10.3192 0.0000e+00
      5.554      0.052     0.0761      0.737    100.250  70.763584     7.2899     3.2426     0.0815     2.2459 1.1605e-01     3.1254      5.447      7.900    10.3122 0.0000e+00
      5.566      0.049     0.0805      0.742    100.329  70.813921     7.2889     3.2431     0.0459     2.2786 1.1603e-01     3.1302      5.460      7.918    10.3047 0.0000e+00
      5.576      0.048     0.0793      0.732    100.406  70.860922     7.2928     3.2502     0.0414     2.2904 1.1604e-01     3.1597      5.470      7.933    10.2985 0.0000e+00
      5.582      0.049     0.0785      0.730    100.515  70.926030     7.2850     3.2633     0.0419     2.2760 1.1605e-01     3.2142      5.474      7.940    10.2937 0.0000e+00
      5.591      0.054     0.0842      0.730    100.632  70.992370     7.2985     3.2703     0.0453     2.2964 1.1601e-01     3.2438      5.480      7.948    10.2905 0.0000e+00
      5.606      0.059     0.0840      0.731    100.743  71.054274     7.3714     3.2700     0.0824     2.3548 1.1596e-01     3.2412      5.495      7.970    10.2889 0.0000e+00
      5.626      0.062     0.0809      0.730    100.877  71.133381     7.3852     3.2617     0.0860     2.3829 1.1594e-01     3.1805      5.517      8.002    10.2859 0.0000e+00
      5.647      0.062     0.0825      0.725    100.902  71.137155     7.3767     3.2461     0.0860     2.3512 1.1595e-01     3.0690      5.538      8.032    10.2796 0.0000e+00
      5.667      0.059     0.0813      0.721    100.862  71.099885     7.3820     3.2370     0.0825     2.3942 1.1598e-01     3.0084      5.560      8.063    10.2713 0.0000e+00
      5.682      0.053     0.0820      0.715    100.854  71.088580     7.3788     3.2357     0.0452     2.5538 1.1603e-01     3.0050      5.575      8.086    10.2626 0.0000e+00
      5.691      0.049     0.0826      0.710    100.738  71.000466     7.3808     3.2391     0.0421     2.6014 1.1608e-01     3.0255      5.581      8.096    10.2545 0.0000e+00
      5.697      0.049     0.0808      0.715    100.440  70.778527     7.3795     3.2461     0.0412     2.5594 1.1608e-01     3.0636      5.587      8.103    10.2478 0.0000e+00
      5.705      0.053     0.0811      0.721    100.168  70.569546     7.3804     3.2504     0.0462     2.6061 1.1605e-01     3.0845      5.592      8.112    10.2430 0.0000e+00
      5.718      0.058     0.0804      0.749    100.196  70.570454     7.3797     3.2501     0.0810     2.7677 1.1605e-01     3.0875      5.603      8.128    10.2408 0.0000e+00
      5.738      0.062     0.0786      0.809    100.340  70.654206     7.3804     3.2418     0.0883     2.8071 1.1606e-01     3.1021      5.626      8.160    10.2388 0.0000e+00
      5.761      0.063     0.0809      0.848    100.334  70.635241     7.3795     3.2281     0.0823     2.7815 1.1608e-01     3.1289      5.651      8.195    10.2327 0.0000e+00
      5.781      0.060     0.0804      0.841    100.311  70.611681     7.3807     3.2211     0.0885     2.7995 1.1610e-01     3.1436      5.670      8.224    10.2236 0.0000e+00
      5.796      0.053     0.0811      0.809    100.356  70.639895     7.3789     3.2205     0.0807     2.7847 1.1605e-01     3.1431      5.685      8.246    10.2135 0.0000e+00
      5.806      0.046     0.0928      0.767    100.456  70.705816     7.3818     3.2260     0.0469     2.8000 1.1598e-01     3.1222      5.695      8.260    10.2045 0.0000e+00
      5.813      0.041     0.0977      0.732    100.601  70.799979     7.3771     3.2367     0.0401     2.7805 1.1600e-01     3.0840      5.701      8.269    10.1965 0.0000e+00
      5.819      0.039     0.0949      0.712    100.661  70.831473     7.3847     3.2415     0.0439     2.8089 1.1609e-01     3.0632      5.706      8.275    10.1926 0.0000e+00
      5.827      0.038     0.0917      0.697    100.655  70.816050     7.3723     3.2404     0.0422     2.7646 1.1614e-01     3.0577      5.714      8.287    10.1934 0.0000e+00
      5.839      0.038     0.0858      0.681    100.670  70.816404     7.2970     3.2350     0.0423     2.5664 1.1610e-01     3.0165      5.725      8.303    10.1909 0.0000e+00
      5.854      0.038     0.0812      0.682    100.706  70.835733     7.2875     3.2242     0.0438     2.5169 1.1603e-01     2.9410      5.742      8.328    10.1862 0.0000e+00
      5.866      0.042     0.0799      0.697    100.826  70.914475     7.2886     3.2151     0.0403     2.5568 1.1601e-01     2.8993      5.756      8.348    10.1807 0.0000e+00
      5.871      0.048     0.0788      0.690    100.993  71.024437     7.2956     3.2121     0.0466     2.5169 1.1602e-01     2.8955      5.759      8.352    10.1745 0.0000e+00
