Data/DataNotYetUploadedToEDI/Raw_CTD/RawDownloads/071723_bvr50_S7809006.cnv
* Sea-Bird SBE19plus  Data File:
* FileName = C:\R\Reservoirs\Data\DataNotYetUploadedToEDI\Raw_CTD\RawDownloads\073123_fcr50_S7809_0006.hex
* Software version 2.8.0.119
* Temperature SN = 7809
* Conductivity SN = 7809
* System UpLoad Time = Aug 03 2023 12:36:59
* <ApplicationData>
* <Seaterm232>
# nquan = 15
# nvalues = 2139                        
# units = specified
# name 0 = depFM: Depth [fresh water, m]
# name 1 = dz/dtM: Descent Rate [m/s]
# name 2 = sbeox0Mg/L: Oxygen, SBE 43 [mg/l]
# name 3 = sbeox0PS: Oxygen, SBE 43 [% saturation]
# name 4 = specc: Specific Conductance [uS/cm]
# name 5 = c0uS/cm: Conductivity [uS/cm]
# name 6 = flECO-AFL: Fluorescence, WET Labs ECO-AFL/FL [mg/m^3]
# name 7 = ph: pH
# name 8 = orp: Oxidation Reduction Potential [mV]
# name 9 = par/sat/log: PAR/Logarithmic, Satlantic
# name 10 = turbWETntu0: Turbidity, WET Labs ECO [NTU]
# name 11 = prdM: Pressure, Strain Gauge [db]
# name 12 = prdE: Pressure, Strain Gauge [psi]
# name 13 = tv290C: Temperature [ITS-90, deg C]
# name 14 = flag:  0.000e+00
# span 0 =     -0.705,      9.601       
# span 1 =     -0.639,      0.148       
# span 2 =     0.0733,    10.2823       
# span 3 =      0.728,    124.190       
# span 4 =      2.361,    134.095       
# span 5 =   2.478210,  91.487639       
# span 6 =    -0.6276,    39.8778       
# span 7 =      6.689,      9.168       
# span 8 =   -75.4662,   322.7779       
# span 9 = 1.2340e-01, 1.8222e+03       
# span 10 =    -4.4090,     8.6809      
# span 11 =     -0.692,      9.417      
# span 12 =     -1.004,     13.658      
# span 13 =     8.9859,    28.2816      
# span 14 = 0.0000e+00, 0.0000e+00      
# interval = seconds: 0.25
# start_time = Jul 17 2023 09:24:31 [Instrument's time stamp, header]
# bad_flag = -9.990e-29
*END*
[from data line 2025]
      1.640     -0.126     7.7040     95.461     29.802  30.450223     1.5788      7.092   129.0420 1.4047e+02     2.0344      1.618      2.345    26.3846 0.0000e+00
      1.594     -0.160     7.7099     95.285     29.853  30.473178     1.5501      7.091   129.4345 1.4234e+02     1.9766      1.567      2.274    26.3792 0.0000e+00
      1.533     -0.174     7.7282     95.167     29.863  30.474888     1.5345      7.090   129.8555 1.4482e+02     2.0209      1.506      2.184    26.2838 0.0000e+00
      1.465     -0.165     7.7405     95.094     29.866  30.470894     1.5403      7.089   130.5175 1.4715e+02     2.0925      1.434      2.081    26.1601 0.0000e+00
      1.407     -0.136     7.7338     95.062     29.903  30.488312     1.4872      7.086   131.3300 1.4834e+02     2.0226      1.366      1.982    26.0672 0.0000e+00
      1.377     -0.095     7.7251     95.075     29.937  30.495154     1.3675      7.085   132.1939 1.4830e+02     1.8587      1.340      1.946    26.0181 0.0000e+00
      1.370     -0.052     7.7174     95.103     29.947  30.490147     1.2912      7.085   133.1333 1.4789e+02     1.7847      1.341      1.945    26.0143 0.0000e+00
      1.375     -0.016     7.7103     95.129     29.951  30.491177     1.2890      7.085   133.9988 1.4751e+02     1.8110      1.348      1.954    26.0227 0.0000e+00
      1.385      0.008     7.7138     95.174     29.965  30.507614     1.3073      7.082   134.8281 1.4717e+02     1.8355      1.359      1.972    25.9742 0.0000e+00
      1.392      0.018     7.7241     95.241     30.003  30.562023     1.3297      7.077   135.8466 1.4682e+02     1.8065      1.368      1.983    25.9168 0.0000e+00
      1.397      0.020     7.7314     95.360     30.026  30.641583     1.3516      7.071   136.8499 1.4627e+02     1.7345      1.371      1.987    25.8920 0.0000e+00
      1.399      0.020     7.7306     95.590     29.992  30.708469     1.3556      7.068   137.6659 1.4544e+02     1.7161      1.372      1.989    25.8939 0.0000e+00
      1.402      0.021     7.7351     95.948     29.917  30.736568     1.3529      7.065   138.4861 1.4459e+02     1.7896      1.375      1.995    25.8979 0.0000e+00
      1.407      0.022     7.7401     96.376     29.846  30.727759     1.3439      7.061   139.1952 1.4395e+02     1.8375      1.380      2.001    25.8962 0.0000e+00
      1.413      0.023     7.7341     96.752     29.827  30.728922     1.3132      7.061   139.7871 1.4338e+02     1.7822      1.384      2.007    25.9855 0.0000e+00
      1.422      0.022     7.7251     96.992     29.835  30.750654     1.2902      7.066   140.5658 1.4283e+02     1.7357      1.394      2.022    26.1829 0.0000e+00
      1.432      0.017     7.7252     97.095     29.798  30.736810     1.2900      7.069   141.0396 1.4253e+02     1.7533      1.406      2.040    26.3960 0.0000e+00
      1.437      0.007     7.7489     97.064     29.739  30.688444     1.3279      7.070   140.6111 1.4247e+02     1.7906      1.412      2.049    26.5069 0.0000e+00
      1.437     -0.014     7.7825     96.871     29.731  30.673347     1.3907      7.078   140.0308 1.4263e+02     1.8105      1.409      2.044    26.5035 0.0000e+00
      1.436     -0.047     7.7997     96.579     29.748  30.681119     1.4077      7.092   140.1321 1.4330e+02     1.7892      1.406      2.039    26.5104 0.0000e+00
      1.433     -0.086     7.7973     96.329     29.739  30.655542     1.4005      7.104   140.7173 1.4485e+02     1.8065      1.410      2.045    26.5814 0.0000e+00
      1.414     -0.121     7.7931     96.171     29.740  30.617812     1.3790      7.111   141.3427 1.4789e+02     1.8149      1.399      2.029    26.6103 0.0000e+00
      1.368     -0.141     7.7818     96.059     29.775  30.605457     1.3136      7.115   141.8425 1.5231e+02     1.7203      1.348      1.955    26.5708 0.0000e+00
      1.303     -0.144     7.7527     95.968     29.837  30.632945     1.2586      7.117   142.3725 1.5709e+02     1.6193      1.277      1.852    26.5655 0.0000e+00
      1.242     -0.130     7.7329     95.918     29.892  30.696376     1.2388      7.120   143.0187 1.6099e+02     1.5493      1.209      1.754    26.5560 0.0000e+00
      1.204     -0.102     7.7342     95.963     29.871  30.738082     1.2491      7.123   143.6332 1.6327e+02     1.5915      1.168      1.694    26.4750 0.0000e+00
      1.194     -0.064     7.7385     96.182     29.816  30.756709     1.2838      7.126   144.2097 1.6417e+02     1.7192      1.167      1.691    26.3833 0.0000e+00
      1.199     -0.029     7.7411     96.516     29.803  30.794854     1.3002      7.126   144.9983 1.6433e+02     1.7273      1.177      1.706    26.3066 0.0000e+00
      1.206     -0.009     7.7387     96.777     29.788  30.818774     1.2888      7.124   145.6836 1.6425e+02     1.6897      1.185      1.718    26.2904 0.0000e+00
      1.209     -0.011     7.7173     96.897     29.738  30.792256     1.2798      7.124   145.9562 1.6422e+02     1.7083      1.188      1.723    26.4384 0.0000e+00
      1.210     -0.032     7.7134     96.959     29.686  30.727995     1.2992      7.128   146.3153 1.6482e+02     1.7134      1.187      1.722    26.6007 0.0000e+00
      1.208     -0.059     7.7411     96.989     29.670  30.676111     1.3395      7.130   146.8422 1.6702e+02     1.6494      1.188      1.723    26.6564 0.0000e+00
      1.193     -0.083     7.7537     96.936     29.700  30.672333     1.3595      7.125   147.4223 1.7155e+02     1.5827      1.178      1.709    26.7282 0.0000e+00
      1.158     -0.102     7.7490     96.785     29.737  30.682271     1.3591      7.114   147.9096 1.7819e+02     1.5902      1.140      1.655    26.7968 0.0000e+00
      1.111     -0.124     7.7579     96.595     29.745  30.669359     1.3762      7.111   147.9156 1.8494e+02     1.6033      1.085      1.574    26.7635 0.0000e+00
      1.073     -0.149     7.7749     96.497     29.734  30.643043     1.4162      7.115   147.7523 1.9014e+02     1.6048      1.045      1.516    26.6825 0.0000e+00
      1.051     -0.168     7.7774     96.548     29.724  30.617796     1.4344      7.120   147.8280 1.9529e+02     1.6083      1.031      1.495    26.6306 0.0000e+00
      1.025     -0.172     7.7720     96.637     29.734  30.617808     1.4131      7.122   148.0565 2.0416e+02     1.5766      1.019      1.479    26.5781 0.0000e+00
      0.968     -0.162     7.7566     96.660     29.762  30.643172     1.3582      7.124   148.2785 2.1887e+02     1.6311      0.962      1.395    26.5409 0.0000e+00
      0.890     -0.145     7.7484     96.666     29.783  30.670736     1.2870      7.126   148.5326 2.3356e+02     1.7897      0.861      1.247    26.5233 0.0000e+00
      0.835     -0.121     7.7614     96.740     29.797  30.697364     1.2513      7.127   149.1500 2.4176e+02     1.8551      0.800      1.161    26.4963 0.0000e+00
      0.819     -0.090     7.7758     96.855     29.796  30.711418     1.2425      7.130   149.9790 2.4621e+02     1.8065      0.800      1.160    26.4760 0.0000e+00
      0.822     -0.055     7.7762     96.978     29.785  30.713819     1.2315      7.131   150.5550 2.5061e+02     1.7146      0.807      1.170    26.4680 0.0000e+00
      0.826     -0.027     7.7705     97.090     29.788  30.726410     1.2335      7.130   151.1238 2.5471e+02     1.6322      0.811      1.176    26.4792 0.0000e+00
      0.827     -0.018     7.7763     97.102     29.790  30.736808     1.2510      7.125   151.6083 2.5771e+02     1.5962      0.814      1.180    26.5017 0.0000e+00
      0.821     -0.028     7.7824     96.971     29.758  30.712691     1.2511      7.119   151.6799 2.6021e+02     1.5867      0.808      1.172    26.5296 0.0000e+00
      0.811     -0.049     7.7877     96.834     29.728  30.688566     1.2266      7.119   151.8170 2.6282e+02     1.5852      0.795      1.152    26.5564 0.0000e+00
      0.800     -0.079     7.7983     96.796     29.740  30.698854     1.2134      7.123   152.2342 2.6665e+02     1.5781      0.787      1.141    26.5692 0.0000e+00
      0.784     -0.118     7.8016     96.831     29.760  30.710212     1.2237      7.126   152.5941 2.7412e+02     1.5693      0.776      1.124    26.5806 0.0000e+00
      0.755     -0.164     7.7811     96.899     29.759  30.699017     1.2434      7.128   152.6415 2.8595e+02     1.5465      0.745      1.081    26.6004 0.0000e+00
      0.711     -0.211     7.7641     96.934     29.752  30.690337     1.2518      7.130   152.4635 3.0330e+02     1.5081      0.702      1.019    26.6146 0.0000e+00
      0.649     -0.246     7.7654     96.943     29.781  30.732130     1.2419      7.133   152.0768 3.3170e+02     1.5141      0.645      0.934    26.6102 0.0000e+00
      0.568     -0.257     7.7696     97.022     29.837  30.823763     1.2328      7.139   151.9235 3.9241e+02     1.5854      0.565      0.819    26.5905 0.0000e+00
      0.472     -0.240     7.7825     97.191     29.866  30.910256     1.2403      7.147   152.0728 5.1465e+02     1.6531      0.461      0.670    26.5686 0.0000e+00
      0.386     -0.200     7.7856     97.353     29.837  30.953365     1.2497      7.150   152.3326 6.3264e+02     1.6486      0.362      0.524    26.5619 0.0000e+00
      0.336     -0.146     7.7800     97.504     29.782  30.964511     1.2141      7.150   153.3441 6.9418e+02     1.5997      0.316      0.458    26.5785 0.0000e+00
      0.325     -0.087     7.7776     97.744     29.760  30.981699     1.1501      7.154   154.4082 7.2826e+02     1.5743      0.314      0.456    26.6312 0.0000e+00
      0.331     -0.033     7.7820     98.014     29.797  31.034371     1.1261      7.160   154.9607 6.7546e+02     1.6145      0.325      0.470    26.7302 0.0000e+00
      0.341      0.004     7.7783     98.250     29.832  31.093916     1.1235      7.165   155.3781 5.4307e+02     1.6764      0.336      0.487    26.8628 0.0000e+00
      0.348      0.022     7.7622     98.486     29.820  31.130786     1.1099      7.166   155.7544 4.4451e+02     1.6395      0.341      0.494    27.0025 0.0000e+00
      0.354      0.026     7.7779     98.711     29.791  31.163061     1.1031      7.161   156.3274 4.0600e+02     1.5441      0.345      0.501    27.0697 0.0000e+00
      0.360      0.022     7.8028     98.864     29.745  31.167086     1.1080      7.151   156.5407 3.9245e+02     1.5480      0.354      0.512    27.0609 0.0000e+00
      0.366      0.010     7.8144     98.955     29.670  31.116101     1.1192      7.143   156.0971 3.8584e+02     1.6184      0.360      0.522    27.0879 0.0000e+00
      0.372     -0.010     7.8212     99.057     29.614  31.054116     1.1061      7.142   155.9538 3.8409e+02     1.6094      0.364      0.527    27.1834 0.0000e+00
      0.377     -0.030     7.8243     99.103     29.640  31.051963     1.0739      7.143   156.4435 3.9030e+02     1.5755      0.371      0.540    27.3028 0.0000e+00
      0.372     -0.044     7.8246     99.027     29.709  31.090022     1.0629      7.142   157.1994 4.4192e+02     1.5843      0.376      0.546    27.3981 0.0000e+00
      0.345     -0.048     7.8184     98.887     29.711  31.070191     1.0645      7.140   157.9529 5.2375e+02     1.5798      0.344      0.499    27.4478 0.0000e+00
      0.308     -0.043     7.8313     98.730     29.672  31.002462     1.0680      7.140   158.4987 5.7097e+02     1.5547      0.292      0.423    27.4450 0.0000e+00
      0.288     -0.033     7.8484     98.596     29.674  30.968844     1.0637      7.141   158.8947 6.1105e+02     1.5202      0.273      0.396    27.3772 0.0000e+00
      0.293     -0.017     7.8473     98.484     29.705  30.980826     1.0547      7.143   159.2984 6.6380e+02     1.5374      0.283      0.412    27.3030 0.0000e+00
      0.306      0.002     7.8399     98.363     29.739  31.020438     1.0588      7.145   159.6806 7.1965e+02     1.5926      0.302      0.438    27.2855 0.0000e+00
      0.316      0.016     7.8301     98.263     29.769  31.067192     1.0632      7.149   159.9025 8.4522e+02     1.5731      0.312      0.453    27.2479 0.0000e+00
      0.319      0.023     7.8317     98.223     29.783  31.102119     1.0657      7.154   160.3462 9.4739e+02     1.5058      0.312      0.453    27.1613 0.0000e+00
      0.320      0.025     7.8304     98.239     29.782  31.125600     1.0816      7.157   161.0876 8.1877e+02     1.4962      0.313      0.455    27.1245 0.0000e+00
      0.322      0.026     7.8161     98.329     29.785  31.160838     1.1051      7.158   161.5531 6.0198e+02     1.5598      0.315      0.457    27.1427 0.0000e+00
      0.328      0.027     7.8026     98.530     29.798  31.211048     1.1251      7.159   161.8450 4.9061e+02     1.6261      0.319      0.462    27.1724 0.0000e+00
      0.340      0.026     7.7957     98.798     29.781  31.225279     1.1323      7.155   162.1211 4.1997e+02     1.6146      0.333      0.484    27.2057 0.0000e+00
      0.354      0.017     7.7914     99.033     29.748  31.206085     1.1249      7.151   161.8798 3.7591e+02     1.5569      0.349      0.508    27.2443 0.0000e+00
      0.363     -0.005     7.7885     99.193     29.718  31.169303     1.1105      7.153   161.1640 3.6936e+02     1.5441      0.358      0.519    27.2978 0.0000e+00
      0.364     -0.044     7.7966     99.298     29.677  31.097717     1.1003      7.156   160.6083 3.7582e+02     1.5614      0.360      0.521    27.3661 0.0000e+00
      0.358     -0.097     7.8129     99.342     29.662  31.038272     1.0927      7.157   160.6671 4.0821e+02     1.5616      0.355      0.516    27.4294 0.0000e+00
      0.335     -0.157     7.8291     99.273     29.685  31.021396     1.0771      7.162   162.5641 5.2911e+02     1.5463      0.338      0.490    27.4570 0.0000e+00
      0.287     -0.212     7.8408     99.070     29.707  31.020463     1.0617      7.177   176.2311 7.3728e+02     1.5471      0.290      0.422    27.4479 0.0000e+00
      0.212     -0.249     7.8565     98.845     29.724  31.026959     1.0477      7.196   199.4360 9.7172e+02     1.5374      0.214      0.311    27.4005 0.0000e+00
      0.120     -0.263     7.8740     98.745     29.740  31.036490     1.0156      7.204   211.1701 1.4129e+03     1.5319      0.120      0.174    27.3115 0.0000e+00
      0.027     -0.251     7.8818     98.724     29.770  31.072265     0.9737      7.202   211.6773 1.8222e+03     1.5490      0.018      0.027    27.2293 0.0000e+00
     -0.046     -0.219     7.8671     98.666     29.810  31.142347     0.9494      7.200   211.5047 1.7323e+03     1.5048     -0.056     -0.081    27.1974 0.0000e+00
     -0.092     -0.176     7.8432     98.662     29.809  31.186115     0.9381      7.206   210.8040 1.4500e+03     1.4750     -0.097     -0.141    27.1862 0.0000e+00
     -0.116     -0.128     7.8407     98.828     29.804  31.220933     0.9534      7.214   209.7444 1.3109e+03     1.5308     -0.117     -0.172    27.1687 0.0000e+00
     -0.131     -0.080     7.8461     99.071     29.859  31.309645     0.9928      7.210   208.4158 1.3545e+03     1.5988     -0.126     -0.183    27.1636 0.0000e+00
     -0.149     -0.036     7.8305     99.320     29.875  31.370691     1.0064      7.197   199.0413 1.3641e+03     1.6147     -0.144     -0.208    27.2132 0.0000e+00
     -0.165      0.001     7.8089     99.547     29.782  31.324761     0.9941      7.195   182.2668 1.1756e+03     1.5520     -0.171     -0.246    27.3115 0.0000e+00
     -0.165      0.030     7.8194     99.585     29.703  31.261881     0.9765      7.204   182.4923 1.0441e+03     1.4893     -0.171     -0.249    27.3820 0.0000e+00
     -0.144      0.047     7.8372     99.368     29.702  31.244789     0.9510      7.216   200.9070 1.0922e+03     1.5056     -0.143     -0.209    27.4093 0.0000e+00
     -0.111      0.052     7.8425     99.096     29.722  31.244941     0.9192      7.225   211.3285 1.2113e+03     1.5431     -0.110     -0.158    27.4826 0.0000e+00
