Data/DataNotYetUploadedToEDI/Raw_CTD/RawDownloads/071723_fcr50_S7809004.cnv
* Sea-Bird SBE19plus  Data File:
* FileName = C:\R\Reservoirs\Data\DataNotYetUploadedToEDI\Raw_CTD\RawDownloads\073123_fcr50_S7809_0004.hex
* Software version 2.8.0.119
* Temperature SN = 7809
* Conductivity SN = 7809
* System UpLoad Time = Aug 03 2023 12:35:02
* <ApplicationData>
* <Seaterm232>
# nquan = 15
# nvalues = 984                         
# units = specified
# name 0 = depFM: Depth [fresh water, m]
# name 1 = dz/dtM: Descent Rate [m/s]
# name 2 = sbeox0Mg/L: Oxygen, SBE 43 [mg/l]
# name 3 = sbeox0PS: Oxygen, SBE 43 [% saturation]
# name 4 = specc: Specific Conductance [uS/cm]
# name 5 = c0uS/cm: Conductivity [uS/cm]
# name 6 = flECO-AFL: Fluorescence, WET Labs ECO-AFL/FL [mg/m^3]
# name 7 = ph: pH
# name 8 = orp: Oxidation Reduction Potential [mV]
# name 9 = par/sat/log: PAR/Logarithmic, Satlantic
# name 10 = turbWETntu0: Turbidity, WET Labs ECO [NTU]
# name 11 = prdM: Pressure, Strain Gauge [db]
# name 12 = prdE: Pressure, Strain Gauge [psi]
# name 13 = tv290C: Temperature [ITS-90, deg C]
# name 14 = flag:  0.000e+00
# span 0 =     -0.644,      8.728       
# span 1 =     -0.470,      0.334       
# span 2 =    -0.7947,     8.5822       
# span 3 =     -7.428,     99.246       
# span 4 =     12.437,    128.938       
# span 5 =  12.454408, 134.143237       
# span 6 =    -2.1170,     8.6061       
# span 7 =      6.646,      9.043       
# span 8 = -1240.4160,   343.5864       
# span 9 = 1.2354e-01, 1.3496e+03       
# span 10 =    -0.8473,    18.4774      
# span 11 =     -0.632,      8.561      
# span 12 =     -0.916,     12.416      
# span 13 =    10.9969,    27.3139      
# span 14 = 0.0000e+00, 0.0000e+00      
# interval = seconds: 0.25
# start_time = Jul 17 2023 06:22:23 [Instrument's time stamp, header]
# bad_flag = -9.990e-29
*END*
     -0.643      0.000     7.3683     93.035     12.987  13.588508    -0.0692      7.090 -1240.4160 8.8815e+02    -0.1870     -0.631     -0.915    27.3139 0.0000e+00
     -0.644      0.000     7.3705     93.027     13.527  14.152525    -0.0785      7.103 -1237.1205 1.0457e+03    -0.2508     -0.631     -0.916    27.3124 0.0000e+00
     -0.644      0.003     7.3709     93.015     20.717  21.668530    -0.0395      7.337 -1200.8700 1.0766e+03    -0.3075     -0.631     -0.916    27.3098 0.0000e+00
     -0.644      0.014     7.3707     93.025     59.383  62.044351     0.0526      7.841  -802.1150 9.5350e+02    -0.3942     -0.631     -0.915    27.3098 0.0000e+00
     -0.644      0.040     7.3727     93.047    116.305 121.309338     0.1108      8.277   -74.0254 9.3357e+02    -0.4787     -0.631     -0.916    27.3091 0.0000e+00
     -0.643      0.080     7.3711     93.047    128.938 134.143237     0.1235      8.509   317.3705 1.0713e+03    -0.5093     -0.630     -0.914    27.3103 0.0000e+00
     -0.634      0.124     7.3697     92.989     97.841 101.460267     0.1319      8.648   343.5864 1.1713e+03    -0.4920     -0.632     -0.916    27.3076 0.0000e+00
     -0.598      0.169     7.3695     92.864     69.242  71.590906     0.2453      8.784   335.0961 1.1944e+03    -0.4057     -0.606     -0.878    27.3100 0.0000e+00
     -0.526      0.217     7.3842     92.945     56.433  58.229357     0.4793      8.927   326.2219 1.2040e+03    -0.2174     -0.516     -0.748    27.2163 0.0000e+00
     -0.449      0.266     7.4140     93.461     52.147  53.750230     0.6221      9.018   320.8662 1.1038e+03    -0.0591     -0.429     -0.623    26.9799 0.0000e+00
     -0.386      0.306     7.4427     94.157     52.065  53.636934     0.6815      9.043   311.6388 8.3008e+02     0.1065     -0.384     -0.557    26.7779 0.0000e+00
     -0.315      0.330     7.4409     94.869     56.749  58.446809     1.1480      9.018   300.3499 5.1445e+02     1.2729     -0.321     -0.466    26.6481 0.0000e+00
     -0.219      0.334     7.4428     95.718     63.454  65.346176     1.9846      8.969   297.2569 2.7809e+02     3.3520     -0.218     -0.317    26.5635 0.0000e+00
     -0.114      0.323     7.5087     96.713     66.948  68.952600     2.4319      8.914   296.3537 1.5930e+02     4.4755     -0.109     -0.157    26.5221 0.0000e+00
     -0.014      0.297     7.5721     97.714     65.440  67.423262     2.4779      8.862   291.1499 1.1507e+02     4.5753     -0.007     -0.010    26.4981 0.0000e+00
      0.069      0.252     7.6216     98.521     61.673  63.567754     2.5908      8.819   286.9078 8.9839e+01     4.6273      0.077      0.112    26.4883 0.0000e+00
      0.126      0.195     7.6926     99.004     58.463  60.270904     2.7978      8.784   284.5555 7.7557e+01     4.6947      0.132      0.192    26.4804 0.0000e+00
      0.158      0.139     7.7755     99.205     56.009  57.739689     2.9082      8.754   282.8419 7.3768e+01     4.7064      0.160      0.232    26.4850 0.0000e+00
      0.174      0.094     7.8594     99.246     53.735  55.386203     2.9020      8.723   281.7615 7.3630e+01     4.6669      0.173      0.250    26.5098 0.0000e+00
      0.183      0.062     7.9253     99.168     51.582  53.155822     2.8483      8.691   280.5264 7.2997e+01     4.5925      0.180      0.261    26.5346 0.0000e+00
      0.189      0.042     7.9611     98.995     49.714  51.221514     2.7661      8.658   278.6633 7.1925e+01     4.5590      0.183      0.267    26.5447 0.0000e+00
      0.199      0.029     7.9718     98.784     48.259  49.715380     2.7244      8.623   276.6145 7.1018e+01     4.5686      0.193      0.281    26.5414 0.0000e+00
      0.211      0.018     7.9774     98.530     47.115  48.533277     2.7259      8.588   275.0274 7.2306e+01     4.5374      0.207      0.302    26.5297 0.0000e+00
      0.218      0.010     7.9726     98.087     46.207  47.595268     2.7352      8.548   274.1867 8.1052e+01     4.4893      0.217      0.315    26.5180 0.0000e+00
      0.218      0.004     7.9574     97.023     45.516  46.881318     2.7538      8.507   273.7626 1.0048e+02     4.4648      0.217      0.315    26.5092 0.0000e+00
      0.211      0.001     7.9409     94.483     45.089  46.439895     2.7762      8.466   273.3418 1.3419e+02     4.4804      0.207      0.300    26.5026 0.0000e+00
      0.204      0.000     7.9252     89.894     44.913  46.257512     2.7891      8.421   272.9699 1.7324e+02     4.4730      0.197      0.285    26.4976 0.0000e+00
      0.203      0.002     7.8988     84.023     44.858  46.199713     2.7930      8.371   272.5362 1.9359e+02     4.4101      0.195      0.284    26.4954 0.0000e+00
      0.208      0.004     7.8405     78.208     44.845  46.185421     2.7891      8.323   271.7982 1.9419e+02     4.3690      0.202      0.295    26.4937 0.0000e+00
      0.216      0.000     7.6684     73.090     44.870  46.211670     2.7759      8.283   270.5852 1.8912e+02     4.4197      0.212      0.308    26.4916 0.0000e+00
      0.221     -0.014     7.2687     68.830     44.920  46.263170     2.7666      8.248   269.2276 1.8456e+02     4.5108      0.217      0.315    26.4901 0.0000e+00
      0.221     -0.036     6.7440     65.459     44.895  46.236763     2.7603      8.210   268.3748 1.8355e+02     4.5141      0.219      0.317    26.4894 0.0000e+00
      0.214     -0.057     6.2680     63.058     44.746  46.082827     2.7418      8.168   267.9318 1.8647e+02     4.4601      0.215      0.312    26.4886 0.0000e+00
      0.192     -0.069     5.8525     61.822     44.655  45.988974     2.7176      8.126   267.7437 1.9036e+02     4.4378      0.195      0.282    26.4880 0.0000e+00
      0.155     -0.069     5.5089     61.548     44.964  46.308131     2.7008      8.087   267.8211 1.9736e+02     4.4492      0.152      0.220    26.4880 0.0000e+00
      0.120     -0.061     5.2404     61.638     45.655  47.021531     2.6959      8.048   267.5770 2.0901e+02     4.4613      0.110      0.159    26.4878 0.0000e+00
      0.104     -0.053     5.0333     61.730     45.998  47.377562     2.7167      8.010   266.8575 2.2058e+02     4.4476      0.095      0.137    26.4872 0.0000e+00
      0.106     -0.049     4.9399     61.858     45.563  46.930838     2.7610      7.973   266.3488 2.3173e+02     4.4197      0.102      0.147    26.4866 0.0000e+00
      0.115     -0.053     4.9424     62.222     44.966  46.318021     2.7824      7.934   265.9862 2.4982e+02     4.3979      0.117      0.169    26.4881 0.0000e+00
      0.115     -0.064     4.9591     62.999     44.716  46.062439     2.7755      7.894   265.3990 3.0954e+02     4.4231      0.121      0.175    26.4912 0.0000e+00
      0.094     -0.075     4.9623     64.069     44.840  46.189459     2.7611      7.851   264.7548 4.0205e+02     4.5531      0.100      0.145    26.4937 0.0000e+00
      0.051     -0.080     4.9675     65.017     45.409  46.774594     2.7408      7.806   264.2205 4.7915e+02     4.7065      0.053      0.076    26.4949 0.0000e+00
      0.006     -0.075     4.9884     65.549     45.916  47.296840     2.7302      7.766   263.9286 5.4875e+02     4.7411     -0.003     -0.005    26.4968 0.0000e+00
     -0.020     -0.060     5.0529     65.625     45.609  46.980840     2.7251      7.734   263.7201 6.1301e+02     4.6985     -0.030     -0.043    26.4997 0.0000e+00
     -0.021     -0.037     5.1563     65.355     44.842  46.191471     2.7369      7.710   263.4206 6.1637e+02     4.6349     -0.023     -0.033    26.4988 0.0000e+00
     -0.011     -0.013     5.2404     64.946     44.413  45.751477     2.7729      7.690   263.1476 6.1422e+02     4.5522     -0.009     -0.013    26.4965 0.0000e+00
     -0.005      0.003     5.2829     64.544     44.262  45.596815     2.7943      7.669   262.9140 6.4205e+02     4.5191     -0.003     -0.004    26.4969 0.0000e+00
     -0.003      0.008     5.2865     64.111     44.133  45.464101     2.7963      7.646   262.5753 5.7138e+02     4.5084     -0.002     -0.003    26.4975 0.0000e+00
     -0.003      0.004     5.2576     63.584     44.026  45.352951     2.7882      7.626   262.2360 4.7784e+02     4.4564     -0.003     -0.006    26.4987 0.0000e+00
     -0.003     -0.002     5.2186     63.061     43.946  45.268575     2.7795      7.611   261.9949 4.9239e+02     4.4364     -0.004     -0.005    26.5010 0.0000e+00
     -0.003     -0.003     5.1894     62.795     43.948  45.269140     2.7830      7.599   261.6392 5.4206e+02     4.4720     -0.001     -0.002    26.5016 0.0000e+00
     -0.006      0.002     5.1580     63.039     43.975  45.296299     2.7880      7.584   261.2042 5.6849e+02     4.4771     -0.004     -0.007    26.5015 0.0000e+00
     -0.011      0.014     5.1124     63.756     43.960  45.279550     2.7825      7.560   260.9515 5.5458e+02     4.4299     -0.013     -0.017    26.5005 0.0000e+00
     -0.012      0.029     5.0631     64.535     43.939  45.257062     2.7668      7.534   260.8210 5.2648e+02     4.4479     -0.015     -0.021    26.4982 0.0000e+00
     -0.006      0.048     5.0319     64.955     43.897  45.214834     2.7560      7.511   260.6583 5.2068e+02     4.5578     -0.010     -0.016    26.4967 0.0000e+00
      0.012      0.069     5.0515     64.990     43.834  45.149846     2.7519      7.493   260.6198 4.9201e+02     4.6655      0.008      0.011    26.4952 0.0000e+00
      0.040      0.088     5.1241     64.915     43.793  45.106080     2.7592      7.480   260.6986 4.1717e+02     4.7258      0.040      0.058    26.4937 0.0000e+00
      0.067      0.102     5.2022     64.800     43.755  45.066534     2.7853      7.468   260.6652 3.1548e+02     4.7062      0.067      0.097    26.4937 0.0000e+00
      0.095      0.107     5.2362     64.433     43.742  45.052554     2.8096      7.458   260.6467 2.3538e+02     4.6670      0.091      0.132    26.4946 0.0000e+00
      0.127      0.107     5.2256     63.765     43.754  45.064006     2.8205      7.451   260.8191 1.9878e+02     4.6620      0.123      0.179    26.4944 0.0000e+00
      0.158      0.106     5.2171     63.093     43.768  45.078048     2.8253      7.444   261.2007 1.7680e+02     4.6805      0.159      0.230    26.4936 0.0000e+00
      0.183      0.106     5.2190     62.740     44.032  45.349284     2.8176      7.436   261.7326 1.6409e+02     4.6854      0.183      0.265    26.4930 0.0000e+00
      0.202      0.104     5.1919     62.649     44.598  45.931273     2.7931      7.428   262.0024 1.5927e+02     4.5841      0.196      0.284    26.4921 0.0000e+00
      0.227      0.095     5.1280     62.485     44.869  46.211199     2.7710      7.420   261.9671 1.5452e+02     4.4463      0.218      0.317    26.4908 0.0000e+00
      0.260      0.081     5.0600     62.025     44.542  45.877258     2.7672      7.415   261.9942 1.4614e+02     4.3863      0.255      0.370    26.4896 0.0000e+00
      0.291      0.067     5.0355     61.429     44.059  45.385051     2.7888      7.412   262.0722 1.3785e+02     4.4050      0.291      0.422    26.4891 0.0000e+00
      0.308      0.054     5.0403     61.058     43.826  45.147919     2.8233      7.408   262.2222 1.3308e+02     4.4666      0.309      0.448    26.4887 0.0000e+00
      0.310      0.043     5.0358     61.035     43.970  45.295358     2.8350      7.402   262.5168 1.2888e+02     4.4477      0.306      0.443    26.4877 0.0000e+00
      0.306      0.037     4.9930     61.080     44.435  45.771164     2.8227      7.393   262.7083 1.2268e+02     4.3819      0.296      0.430    26.4919 0.0000e+00
      0.307      0.036     4.9292     60.762     44.795  46.139882     2.8153      7.385   262.7323 1.1722e+02     4.3885      0.297      0.430    26.5006 0.0000e+00
      0.320      0.041     4.8960     60.029     44.793  46.135142     2.8289      7.380   262.8057 1.1365e+02     4.4600      0.310      0.451    26.5033 0.0000e+00
      0.341      0.048     4.9017     59.149     44.693  46.031261     2.8463      7.376   262.9932 1.1118e+02     4.5285      0.335      0.487    26.5011 0.0000e+00
      0.360      0.052     4.9253     58.284     44.750  46.090002     2.8420      7.372   263.2782 1.0975e+02     4.4994      0.357      0.517    26.4984 0.0000e+00
      0.372      0.049     4.8994     57.438     44.990  46.337526     2.8524      7.368   263.4131 1.0905e+02     4.4157      0.365      0.529    26.4947 0.0000e+00
      0.382      0.040     4.8287     56.626     45.256  46.611754     2.8966      7.366   263.2472 1.0813e+02     4.3709      0.374      0.542    26.4910 0.0000e+00
      0.392      0.029     4.7543     55.975     45.317  46.675943     2.9347      7.363   263.0790 1.0638e+02     4.4017      0.386      0.560    26.4900 0.0000e+00
      0.400      0.019     4.6855     55.566     45.125  46.478798     2.9557      7.360   263.0143 1.0365e+02     4.4803      0.394      0.572    26.4909 0.0000e+00
      0.403      0.013     4.6194     55.432     44.788  46.132564     2.9591      7.359   262.9817 1.0089e+02     4.5011      0.397      0.577    26.4916 0.0000e+00
      0.402      0.010     4.5469     55.582     44.639  45.981137     2.9344      7.357   263.0292 9.9688e+01     4.4489      0.395      0.573    26.4921 0.0000e+00
      0.399      0.010     4.4937     55.910     44.945  46.298419     2.8979      7.352   263.0721 9.9571e+01     4.3957      0.389      0.565    26.4927 0.0000e+00
      0.399      0.011     4.4602     56.217     45.363  46.731237     2.8844      7.348   262.9836 9.9981e+01     4.4046      0.388      0.563    26.4935 0.0000e+00
      0.405      0.014     4.4473     56.319     45.457  46.834049     2.8959      7.345   262.9057 1.0077e+02     4.4539      0.395      0.572    26.4959 0.0000e+00
      0.415      0.019     4.4632     56.183     45.453  46.843211     2.9042      7.337   262.9913 1.0096e+02     4.4444      0.408      0.592    26.4982 0.0000e+00
      0.422      0.025     4.4947     55.863     45.744  47.159444     2.9014      7.327   263.0717 1.0093e+02     4.3924      0.418      0.607    26.5001 0.0000e+00
      0.422      0.027     4.5269     55.404     46.166  47.610371     2.8957      7.322   262.9322 9.9704e+01     4.3714      0.412      0.598    26.5010 0.0000e+00
      0.426      0.025     4.5343     54.848     46.384  47.851415     2.8931      7.322   262.6803 9.6906e+01     4.3961      0.413      0.599    26.5038 0.0000e+00
      0.438      0.022     4.5194     54.230     46.363  47.851914     2.9035      7.323   262.5211 9.4411e+01     4.4514      0.431      0.625    26.5211 0.0000e+00
      0.450      0.021     4.4917     53.645     46.294  47.806893     2.9132      7.322   262.5561 9.2719e+01     4.4936      0.445      0.645    26.5434 0.0000e+00
      0.455      0.020     4.4514     53.278     46.282  47.815006     2.9097      7.322   262.5881 9.2283e+01     4.4960      0.448      0.650    26.5577 0.0000e+00
      0.454      0.018     4.4058     53.258     46.278  47.823066     2.9031      7.323   262.5630 9.3285e+01     4.4470      0.444      0.644    26.5720 0.0000e+00
      0.454      0.015     4.3520     53.531     46.228  47.777397     2.8846      7.326   262.6829 9.4269e+01     4.4130      0.442      0.642    26.5978 0.0000e+00
      0.459      0.015     4.2961     53.959     46.036  47.580261     2.8603      7.327   262.7467 9.4452e+01     4.4612      0.450      0.653    26.6305 0.0000e+00
      0.465      0.020     4.2596     54.449     45.747  47.280596     2.8500      7.323   262.7325 9.4722e+01     4.5169      0.457      0.662    26.6533 0.0000e+00
      0.469      0.030     4.2603     54.998     45.553  47.074487     2.8427      7.318   262.7703 9.4699e+01     4.5398      0.459      0.667    26.6649 0.0000e+00
      0.473      0.040     4.2862     55.570     45.480  46.992755     2.8305      7.313   262.7726 9.3602e+01     4.4998      0.462      0.670    26.6704 0.0000e+00
      0.483      0.049     4.3236     55.993     45.483  46.990686     2.8272      7.310   262.6743 9.1829e+01     4.4425      0.468      0.680    26.6722 0.0000e+00
