Data/DataNotYetUploadedToEDI/Raw_CTD/RawDownloads/071723_fcr50_S7809004.cnv
* Sea-Bird SBE19plus  Data File:
* FileName = C:\R\Reservoirs\Data\DataNotYetUploadedToEDI\Raw_CTD\RawDownloads\073123_fcr50_S7809_0004.hex
* Software version 2.8.0.119
* Temperature SN = 7809
* Conductivity SN = 7809
* System UpLoad Time = Aug 03 2023 12:35:02
* <ApplicationData>
* <Seaterm232>
# nquan = 15
# nvalues = 984                         
# units = specified
# name 0 = depFM: Depth [fresh water, m]
# name 1 = dz/dtM: Descent Rate [m/s]
# name 2 = sbeox0Mg/L: Oxygen, SBE 43 [mg/l]
# name 3 = sbeox0PS: Oxygen, SBE 43 [% saturation]
# name 4 = specc: Specific Conductance [uS/cm]
# name 5 = c0uS/cm: Conductivity [uS/cm]
# name 6 = flECO-AFL: Fluorescence, WET Labs ECO-AFL/FL [mg/m^3]
# name 7 = ph: pH
# name 8 = orp: Oxidation Reduction Potential [mV]
# name 9 = par/sat/log: PAR/Logarithmic, Satlantic
# name 10 = turbWETntu0: Turbidity, WET Labs ECO [NTU]
# name 11 = prdM: Pressure, Strain Gauge [db]
# name 12 = prdE: Pressure, Strain Gauge [psi]
# name 13 = tv290C: Temperature [ITS-90, deg C]
# name 14 = flag:  0.000e+00
# span 0 =     -0.644,      8.728       
# span 1 =     -0.470,      0.334       
# span 2 =    -0.7947,     8.5822       
# span 3 =     -7.428,     99.246       
# span 4 =     12.437,    128.938       
# span 5 =  12.454408, 134.143237       
# span 6 =    -2.1170,     8.6061       
# span 7 =      6.646,      9.043       
# span 8 = -1240.4160,   343.5864       
# span 9 = 1.2354e-01, 1.3496e+03       
# span 10 =    -0.8473,    18.4774      
# span 11 =     -0.632,      8.561      
# span 12 =     -0.916,     12.416      
# span 13 =    10.9969,    27.3139      
# span 14 = 0.0000e+00, 0.0000e+00      
# interval = seconds: 0.25
# start_time = Jul 17 2023 06:22:23 [Instrument's time stamp, header]
# bad_flag = -9.990e-29
*END*
[from data line 772]
      6.378     -0.049     8.5362     77.385     48.586  35.000328     0.3244      6.806   314.3617 1.3283e-01     7.7525      6.260      9.080    11.0181 0.0000e+00
      6.350     -0.066     8.5364     77.371     48.598  35.010833     0.3283      6.806   314.4048 1.4507e-01     7.7345      6.227      9.032    11.0135 0.0000e+00
      6.319     -0.082     8.5341     77.388     48.582  35.000442     0.3499      6.804   314.3870 1.4934e-01     7.7631      6.192      8.981    11.0128 0.0000e+00
      6.298     -0.096     8.5322     77.421     48.582  35.001587     0.3613      6.804   314.3184 1.4638e-01     7.7908      6.173      8.953    11.0137 0.0000e+00
      6.284     -0.109     8.5295     77.451     48.611  35.024678     0.3575      6.806   314.2637 1.5259e-01     7.7623      6.165      8.942    11.0161 0.0000e+00
      6.264     -0.124     8.5244     77.458     48.610  35.025842     0.3445      6.806   314.4141 1.6419e-01     7.6917      6.148      8.916    11.0191 0.0000e+00
      6.230     -0.145     8.5289     77.444     48.593  35.015658     0.3375      6.807   314.5888 1.7055e-01     7.6542      6.113      8.866    11.0188 0.0000e+00
      6.187     -0.173     8.5319     77.442     48.606  35.028450     0.3401      6.808   314.6548 1.8167e-01     7.7188      6.068      8.803    11.0203 0.0000e+00
      6.137     -0.203     8.5360     77.459     48.636  35.053620     0.3346      6.808   314.6098 1.9912e-01     7.8233      6.019      8.729    11.0233 0.0000e+00
      6.082     -0.225     8.5370     77.493     48.654  35.066186     0.3291      6.807   314.4754 2.2280e-01     7.8251      5.966      8.653    11.0245 0.0000e+00
      6.021     -0.226     8.5321     77.544     48.639  35.053496     0.3231      6.805   314.4922 2.5885e-01     7.7398      5.908      8.569    11.0269 0.0000e+00
      5.949     -0.205     8.5316     77.602     48.606  35.027077     0.3202      6.802   314.5555 3.0123e-01     7.7144      5.836      8.464    11.0313 0.0000e+00
      5.874     -0.168     8.5330     77.650     48.575  35.000554     0.3363      6.800   314.6377 3.4089e-01     7.7581      5.754      8.345    11.0358 0.0000e+00
      5.819     -0.122     8.5362     77.662     48.563  34.986608     0.3426      6.799   314.8837 3.5121e-01     7.7552      5.688      8.250    11.0351 0.0000e+00
      5.804     -0.076     8.5433     77.649     48.568  34.985341     0.3296      6.799   314.9489 3.4431e-01     7.7130      5.680      8.238    11.0312 0.0000e+00
      5.818     -0.035     8.5506     77.659     48.572  34.985236     0.3217      6.800   314.7384 3.5318e-01     7.7261      5.710      8.281    11.0294 0.0000e+00
      5.833     -0.006     8.5577     77.648     48.572  34.985330     0.3299      6.800   314.6611 3.5398e-01     7.7778      5.725      8.303    11.0253 0.0000e+00
      5.836      0.005     8.5620     77.591     48.571  34.986483     0.3373      6.800   314.7889 3.3833e-01     7.7918      5.724      8.303    11.0185 0.0000e+00
      5.833     -0.002     8.5552     77.536     48.586  34.999173     0.3277      6.800   314.9927 3.2759e-01     7.7581      5.722      8.298    11.0137 0.0000e+00
      5.827     -0.022     8.5617     77.492     48.601  35.011863     0.3307      6.800   315.2327 3.2543e-01     7.7460      5.712      8.285    11.0106 0.0000e+00
      5.824     -0.047     8.5629     77.463     48.601  35.013025     0.3401      6.800   315.2807 3.2804e-01     7.7822      5.709      8.280    11.0104 0.0000e+00
      5.819     -0.077     8.5503     77.464     48.599  35.013225     0.3331      6.800   315.1434 3.4246e-01     7.8199      5.713      8.285    11.0133 0.0000e+00
      5.802     -0.115     8.5464     77.497     48.594  35.014284     0.3293      6.801   315.1218 3.6506e-01     7.8954      5.696      8.262    11.0153 0.0000e+00
      5.767     -0.160     8.5400     77.526     48.603  35.025839     0.3270      6.801   315.1918 3.8922e-01     8.0458      5.659      8.208    11.0167 0.0000e+00
      5.721     -0.206     8.5361     77.524     48.598  35.026046     0.3303      6.801   315.3007 4.3651e-01     8.2028      5.616      8.146    11.0177 0.0000e+00
      5.659     -0.243     8.5356     77.550     48.582  35.016796     0.3449      6.801   315.4918 4.9383e-01     8.2914      5.555      8.058    11.0192 0.0000e+00
      5.582     -0.258     8.5392     77.643     48.612  35.040908     0.3450      6.799   315.6097 5.4224e-01     8.2625      5.475      7.940    11.0244 0.0000e+00
      5.497     -0.248     8.5451     77.738     48.642  35.063781     0.3306      6.795   315.6074 6.0438e-01     8.0590      5.391      7.819    11.0304 0.0000e+00
      5.416     -0.213     8.5392     77.784     48.609  35.039555     0.3213      6.794   315.6359 6.6986e-01     7.7770      5.306      7.696    11.0337 0.0000e+00
      5.351     -0.164     8.5390     77.806     48.562  35.001789     0.3239      6.793   315.6099 7.0608e-01     7.6891      5.234      7.591    11.0367 0.0000e+00
      5.319     -0.112     8.5534     77.827     48.552  34.987853     0.3369      6.791   315.5516 7.0981e-01     7.7813      5.205      7.548    11.0387 0.0000e+00
      5.319     -0.067     8.5663     77.842     48.575  34.997943     0.3450      6.790   315.7061 6.9273e-01     7.8327      5.212      7.559    11.0401 0.0000e+00
      5.329     -0.035     8.5687     77.849     48.580  34.996875     0.3393      6.790   315.8425 6.7006e-01     7.8317      5.229      7.585    11.0409 0.0000e+00
      5.334     -0.020     8.5709     77.850     48.553  34.974936     0.3266      6.791   315.7386 6.6317e-01     7.8039      5.236      7.595    11.0362 0.0000e+00
      5.328     -0.023     8.5761     77.806     48.570  34.986482     0.3251      6.792   315.7403 6.7657e-01     7.7707      5.227      7.581    11.0279 0.0000e+00
      5.315     -0.038     8.5789     77.696     48.602  35.009572     0.3536      6.793   315.8631 6.9572e-01     7.7712      5.210      7.557    11.0214 0.0000e+00
      5.302     -0.062     8.5795     77.586     48.586  35.000324     0.3877      6.794   315.8470 7.1009e-01     7.7407      5.199      7.541    11.0169 0.0000e+00
      5.291     -0.094     8.5822     77.526     48.582  35.001573     0.3889      6.794   315.8896 7.2477e-01     7.7101      5.190      7.528    11.0143 0.0000e+00
      5.275     -0.135     8.5805     77.533     48.608  35.024671     0.3761      6.794   315.9478 7.5188e-01     7.7088      5.177      7.508    11.0132 0.0000e+00
      5.245     -0.180     8.5631     77.598     48.605  35.025815     0.3659      6.795   315.8632 7.9798e-01     7.6913      5.152      7.472    11.0133 0.0000e+00
      5.193     -0.225     8.5489     77.664     48.584  35.015413     0.3489      6.796   315.8990 8.7882e-01     7.7040      5.101      7.400    11.0163 0.0000e+00
      5.118     -0.255     8.5413     77.704     48.590  35.025804     0.3281      6.794   315.8638 1.0067e+00     7.7251      5.024      7.286    11.0210 0.0000e+00
      5.028     -0.260     8.5402     77.726     48.581  35.024555     0.3144      6.791   315.5242 1.1489e+00     7.7420      4.932      7.153    11.0252 0.0000e+00
      4.938     -0.236     8.5512     77.745     48.545  35.000321     0.3251      6.787   315.3197 1.2769e+00     7.7708      4.839      7.018    11.0278 0.0000e+00
      4.863     -0.188     8.5575     77.755     48.530  34.986592     0.3412      6.786   315.2852 1.3742e+00     7.7657      4.756      6.899    11.0329 0.0000e+00
      4.819     -0.129     8.5603     77.725     48.539  34.985458     0.3344      6.786   315.1058 1.4077e+00     7.7491      4.712      6.835    11.0401 0.0000e+00
      4.809     -0.074     8.5608     77.629     48.551  34.986603     0.3174      6.786   314.8722 1.3957e+00     7.7070      4.709      6.831    11.0453 0.0000e+00
      4.821     -0.036     8.5621     77.498     48.577  35.000427     0.3105      6.786   314.6971 1.3672e+00     7.6660      4.726      6.855    11.0488 0.0000e+00
      4.838     -0.021     8.5658     77.392     48.614  35.025702     0.3343      6.788   314.7101 1.3314e+00     7.6977      4.748      6.887    11.0450 0.0000e+00
      4.843     -0.027     8.5654     77.297     48.629  35.038400     0.3796      6.788   314.7706 1.3260e+00     7.7484      4.757      6.898    11.0356 0.0000e+00
      4.831     -0.047     8.5566     77.215     48.609  35.027064     0.4015      6.788   314.6537 1.3659e+00     7.7673      4.741      6.875    11.0275 0.0000e+00
      4.806     -0.069     8.5366     77.181     48.589  35.015538     0.3914      6.787   314.5885 1.4218e+00     7.7550      4.714      6.837    11.0226 0.0000e+00
      4.777     -0.088     8.5298     77.192     48.600  35.025940     0.3738      6.786   314.4121 1.4772e+00     7.7715      4.685      6.794    11.0211 0.0000e+00
      4.749     -0.104     8.5183     77.239     48.597  35.025941     0.3629      6.786   313.9841 1.5320e+00     7.7948      4.654      6.750    11.0225 0.0000e+00
      4.725     -0.123     8.5050     77.314     48.581  35.015548     0.3593      6.788   313.7150 1.5775e+00     7.7641      4.632      6.718    11.0269 0.0000e+00
      4.703     -0.149     8.5029     77.401     48.596  35.027188     0.3550      6.788   313.6531 1.6190e+00     7.7421      4.613      6.692    11.0305 0.0000e+00
      4.673     -0.184     8.5027     77.479     48.612  35.039783     0.3441      6.787   313.4947 1.6997e+00     7.7336      4.589      6.656    11.0325 0.0000e+00
      4.625     -0.226     8.5084     77.536     48.612  35.040936     0.3356      6.787   313.1762 1.8460e+00     7.7292      4.544      6.589    11.0345 0.0000e+00
      4.559     -0.268     8.5166     77.548     48.610  35.041135     0.3363      6.787   312.8996 2.0365e+00     7.7911      4.475      6.491    11.0361 0.0000e+00
      4.476     -0.301     8.5275     77.509     48.609  35.042185     0.3361      6.787   312.8168 2.2798e+00     7.8329      4.394      6.372    11.0367 0.0000e+00
      4.381     -0.317     8.5354     77.429     48.623  35.053636     0.3406      6.786   312.8635 2.5974e+00     7.7907      4.297      6.232    11.0375 0.0000e+00
      4.285     -0.311     8.5435     77.325     48.622  35.052691     0.3585      6.784   312.9485 2.9454e+00     7.7936      4.199      6.090    11.0387 0.0000e+00
      4.196     -0.288     8.5442     77.225     48.592  35.030765     0.3770      6.780   312.9841 3.2514e+00     7.8334      4.111      5.963    11.0399 0.0000e+00
      4.121     -0.257     8.5393     77.124     48.610  35.042329     0.3898      6.775   312.9501 3.4649e+00     7.7944      4.035      5.853    11.0427 0.0000e+00
      4.066     -0.230     8.5296     77.032     48.642  35.065618     0.3803      6.771   312.8806 3.5864e+00     7.6973      3.980      5.772    11.0444 0.0000e+00
      4.028     -0.211     8.5162     76.983     48.625  35.058556     0.3535      6.771   312.7470 3.6799e+00     7.6839      3.948      5.725    11.0436 0.0000e+00
      3.993     -0.203     8.5064     76.961     48.645  35.083846     0.3396      6.773   312.6246 3.8499e+00     7.7692      3.922      5.689    11.0437 0.0000e+00
      3.945     -0.203     8.4958     76.937     48.678  35.117616     0.3378      6.775   312.6912 4.1258e+00     7.8061      3.875      5.621    11.0421 0.0000e+00
      3.882     -0.212     8.4824     76.892     48.628  35.086171     0.3394      6.776   312.9498 4.4328e+00     7.7545      3.806      5.521    11.0393 0.0000e+00
      3.818     -0.222     8.4783     76.757     48.621  35.084354     0.3345      6.777   313.1700 4.7374e+00     7.6924      3.739      5.424    11.0451 0.0000e+00
      3.760     -0.227     8.4747     76.449     48.716  35.159108     0.3280      6.777   313.2892 5.0773e+00     7.7042      3.687      5.348    11.0593 0.0000e+00
      3.705     -0.225     8.4686     75.963     48.791  35.228622     0.3280      6.778   313.2727 5.4405e+00     7.7607      3.635      5.273    11.0707 0.0000e+00
      3.646     -0.220     8.4671     75.433     48.848  35.290364     0.3348      6.778   313.0561 5.7583e+00     7.7952      3.575      5.184    11.0740 0.0000e+00
      3.590     -0.218     8.4545     74.931     48.880  35.334600     0.3515      6.777   312.9074 6.0423e+00     7.8471      3.518      5.102    11.0762 0.0000e+00
      3.538     -0.218     8.4233     74.353     48.830  35.319348     0.3638      6.777   312.7653 6.3335e+00     7.9096      3.470      5.032    11.0799 0.0000e+00
      3.485     -0.217     8.3573     73.582     48.780  35.296318     0.3759      6.776   312.3704 6.6538e+00     7.9364      3.421      4.961    11.0963 0.0000e+00
      3.429     -0.216     8.2900     72.526     48.798  35.309969     0.3979      6.776   311.9193 7.0336e+00     7.9664      3.363      4.878    11.1207 0.0000e+00
      3.371     -0.215     8.2388     71.100     48.864  35.357509     0.4547      6.776   311.4399 7.4621e+00     7.9652      3.303      4.791    11.1398 0.0000e+00
      3.315     -0.211     8.1739     69.367     49.037  35.490417     0.5295      6.775   310.9626 7.9351e+00     7.8535      3.251      4.715    11.1668 0.0000e+00
      3.260     -0.205     8.0892     67.586     49.484  35.838283     0.5532      6.774   310.6228 8.4460e+00     7.7090      3.198      4.638    11.1825 0.0000e+00
      3.207     -0.200     7.9787     65.950     50.253  36.454417     0.5580      6.773   309.2239 8.9226e+00     7.6521      3.143      4.558    11.1781 0.0000e+00
      3.159     -0.195     7.8234     64.525     51.085  37.165864     0.5787      6.773   304.2869 9.3621e+00     7.6433      3.097      4.493    11.1727 0.0000e+00
      3.114     -0.193     7.6161     63.316     51.656  37.714233     0.5880      6.772   295.4125 9.8516e+00     7.6028      3.056      4.432    11.1810 0.0000e+00
      3.068     -0.194     7.4105     62.079     51.731  37.881407     0.5788      6.770   285.4691 1.0419e+01     7.5396      3.010      4.365    11.1983 0.0000e+00
      3.018     -0.198     7.2238     60.350     51.606  37.854666     0.5677      6.767   276.2966 1.1080e+01     7.4596      2.961      4.294    11.2448 0.0000e+00
      2.967     -0.203     7.0429     57.694     52.055  38.215931     0.6117      6.766   267.9659 1.1810e+01     7.3860      2.909      4.219    11.3638 0.0000e+00
      2.915     -0.208     6.8980     53.923     53.339  39.203410     0.6945      6.765   261.1459 1.2559e+01     7.2990      2.859      4.147    11.5107 0.0000e+00
      2.860     -0.210     6.7652     49.266     54.568  40.211492     0.7192      6.762   256.0437 1.3358e+01     7.1939      2.805      4.069    11.6313 0.0000e+00
      2.802     -0.210     6.5856     44.265     54.481  40.313982     0.7112      6.758   251.7033 1.4192e+01     7.1064      2.747      3.984    11.6889 0.0000e+00
      2.747     -0.207     6.3063     39.402     53.523  39.744748     0.8222      6.755   246.6961 1.5026e+01     6.7530      2.692      3.905    11.6992 0.0000e+00
      2.695     -0.200     5.8831     34.812     52.958  39.358277     1.1216      6.753   240.8448 1.5924e+01     6.0976      2.643      3.834    11.7263 0.0000e+00
      2.645     -0.192     5.3444     30.503     52.533  39.004838     1.4253      6.750   235.0749 1.6940e+01     5.6723      2.594      3.763    11.8076 0.0000e+00
      2.595     -0.185     4.7594     26.638     51.974  38.517434     1.5397      6.746   229.9325 1.7988e+01     5.5732      2.543      3.688    12.0065 0.0000e+00
      2.550     -0.181     4.2163     23.363     52.309  38.668828     1.5401      6.741   225.9045 1.8991e+01     5.5487      2.499      3.624    12.1794 0.0000e+00
      2.510     -0.181     3.7304     20.878     54.181  40.010213     1.6459      6.736   222.7665 2.0125e+01     5.3412      2.463      3.572    12.1740 0.0000e+00
