Data/DataNotYetUploadedToEDI/Raw_CTD/RawDownloads/071723_fcr50_S7809004.cnv
* Sea-Bird SBE19plus  Data File:
* FileName = C:\R\Reservoirs\Data\DataNotYetUploadedToEDI\Raw_CTD\RawDownloads\073123_fcr50_S7809_0004.hex
* Software version 2.8.0.119
* Temperature SN = 7809
* Conductivity SN = 7809
* System UpLoad Time = Aug 03 2023 12:35:02
* <ApplicationData>
* <Seaterm232>
# nquan = 15
# nvalues = 984                         
# units = specified
# name 0 = depFM: Depth [fresh water, m]
# name 1 = dz/dtM: Descent Rate [m/s]
# name 2 = sbeox0Mg/L: Oxygen, SBE 43 [mg/l]
# name 3 = sbeox0PS: Oxygen, SBE 43 [% saturation]
# name 4 = specc: Specific Conductance [uS/cm]
# name 5 = c0uS/cm: Conductivity [uS/cm]
# name 6 = flECO-AFL: Fluorescence, WET Labs ECO-AFL/FL [mg/m^3]
# name 7 = ph: pH
# name 8 = orp: Oxidation Reduction Potential [mV]
# name 9 = par/sat/log: PAR/Logarithmic, Satlantic
# name 10 = turbWETntu0: Turbidity, WET Labs ECO [NTU]
# name 11 = prdM: Pressure, Strain Gauge [db]
# name 12 = prdE: Pressure, Strain Gauge [psi]
# name 13 = tv290C: Temperature [ITS-90, deg C]
# name 14 = flag:  0.000e+00
# span 0 =     -0.644,      8.728       
# span 1 =     -0.470,      0.334       
# span 2 =    -0.7947,     8.5822       
# span 3 =     -7.428,     99.246       
# span 4 =     12.437,    128.938       
# span 5 =  12.454408, 134.143237       
# span 6 =    -2.1170,     8.6061       
# span 7 =      6.646,      9.043       
# span 8 = -1240.4160,   343.5864       
# span 9 = 1.2354e-01, 1.3496e+03       
# span 10 =    -0.8473,    18.4774      
# span 11 =     -0.632,      8.561      
# span 12 =     -0.916,     12.416      
# span 13 =    10.9969,    27.3139      
# span 14 = 0.0000e+00, 0.0000e+00      
# interval = seconds: 0.25
# start_time = Jul 17 2023 06:22:23 [Instrument's time stamp, header]
# bad_flag = -9.990e-29
*END*
[from data line 964]
     -0.597     -0.199     5.5229     65.480     41.457  42.089083     0.0827      6.761   135.5997 3.5274e+02     2.0123     -0.617     -0.895    25.7981 0.0000e+00
     -0.632     -0.149     5.5059     65.409     41.234  41.809416    -0.0197      6.723   147.7741 4.8981e+02     1.6588     -0.627     -0.908    25.8438 0.0000e+00
     -0.635     -0.093     5.4673     64.810     38.989  39.491467    -0.5549      6.676   156.4277 8.1650e+02     1.6613     -0.621     -0.901    25.8627 0.0000e+00
     -0.635     -0.042     5.3614     63.658     29.698  30.054288    -1.5440      6.666   136.0365 9.8600e+02     1.6327     -0.624     -0.905    25.8328 0.0000e+00
     -0.635     -0.011     5.2997     62.646     21.844  22.075442    -2.0820      6.680    52.0526 9.0753e+02     1.6205     -0.621     -0.900    25.7534 0.0000e+00
     -0.635     -0.001     5.3710     62.028     29.265  29.519359    -2.1170      6.685   -61.0009 9.2545e+02     1.5816     -0.624     -0.903    25.6873 0.0000e+00
     -0.635 -5.570e-10     5.3141     62.049     44.159  44.468268    -1.9833      6.676  -119.4284 1.0523e+03     0.9580     -0.623     -0.903    25.6353 0.0000e+00
     -0.635 -6.127e-09     5.1873     62.549     58.354  58.679537    -1.7134      6.665  -116.2986 9.8179e+02    -0.1800     -0.623     -0.904    25.5754 0.0000e+00
     -0.635 -6.740e-08     5.1258     63.139     71.011  71.358405    -1.5674      6.657  -101.3681 9.2948e+02    -0.8040     -0.622     -0.902    25.5276 0.0000e+00
     -0.635 -6.740e-08     5.0512     63.403     79.671  80.036185    -1.5582      6.655  -111.5864 1.0955e+03    -0.8473     -0.622     -0.903    25.4720 0.0000e+00
     -0.635 -6.125e-09     5.0822     63.612     83.338  83.695737    -1.5110      6.660  -165.5953 1.2295e+03    -0.7388     -0.622     -0.903    25.3616 0.0000e+00
     -0.634 -5.570e-10     5.1370     64.786     68.908  69.182168    -1.0385      6.662  -203.6475 1.2883e+03     0.2688     -0.622     -0.902    25.2634 0.0000e+00
     -0.634 -5.065e-11     5.2053     66.909     37.834  37.969444    -0.1813      6.653  -167.0304 1.3371e+03     2.0103     -0.622     -0.902    25.2339 0.0000e+00
     -0.634 -4.603e-12     5.2352     69.614     18.054  18.103755     0.2895      6.646  -121.9111 1.3496e+03     2.8967     -0.622     -0.902    25.2258 0.0000e+00
     -0.634 -4.219e-13     5.1869     72.672     13.510  13.534683     0.3336      6.646  -112.5732 1.3308e+03     2.9588     -0.622     -0.902    25.2097 0.0000e+00
     -0.634 -7.608e-14     5.3052     74.212     12.437  12.454408     0.3352      6.647  -112.7188 1.2956e+03     2.9668     -0.622     -0.902    25.1873 0.0000e+00
     -0.634 -9.990e-29     5.5090 -9.990e-29 -9.990e-29 -9.990e-29 -9.990e-29 -9.990e-29 -9.990e-29 1.2738e+03 -9.990e-29     -0.622     -0.902    25.1588 0.0000e+00
     -0.634 -9.990e-29     5.7037 -9.990e-29 -9.990e-29 -9.990e-29 -9.990e-29 -9.990e-29 -9.990e-29 1.2714e+03 -9.990e-29     -0.622     -0.902    25.1253 0.0000e+00
     -0.634 -9.990e-29     6.0350 -9.990e-29 -9.990e-29 -9.990e-29 -9.990e-29 -9.990e-29 -9.990e-29 1.2678e+03 -9.990e-29     -0.622     -0.902    25.0733 0.0000e+00
     -0.634 -9.990e-29     6.2594 -9.990e-29 -9.990e-29 -9.990e-29 -9.990e-29 -9.990e-29 -9.990e-29 1.2643e+03 -9.990e-29     -0.623     -0.903    25.0378 0.0000e+00
