Data/DataNotYetUploadedToEDI/Raw_CTD/RawDownloads/071723_bvr50_S7809006.cnv
* Sea-Bird SBE19plus  Data File:
* FileName = C:\R\Reservoirs\Data\DataNotYetUploadedToEDI\Raw_CTD\RawDownloads\073123_fcr50_S7809_0006.hex
* Software version 2.8.0.119
* Temperature SN = 7809
* Conductivity SN = 7809
* System UpLoad Time = Aug 03 2023 12:36:59
* <ApplicationData>
* <Seaterm232>
# nquan = 15
# nvalues = 2139                        
# units = specified
# name 0 = depFM: Depth [fresh water, m]
# name 1 = dz/dtM: Descent Rate [m/s]
# name 2 = sbeox0Mg/L: Oxygen, SBE 43 [mg/l]
# name 3 = sbeox0PS: Oxygen, SBE 43 [% saturation]
# name 4 = specc: Specific Conductance [uS/cm]
# name 5 = c0uS/cm: Conductivity [uS/cm]
# name 6 = flECO-AFL: Fluorescence, WET Labs ECO-AFL/FL [mg/m^3]
# name 7 = ph: pH
# name 8 = orp: Oxidation Reduction Potential [mV]
# name 9 = par/sat/log: PAR/Logarithmic, Satlantic
# name 10 = turbWETntu0: Turbidity, WET Labs ECO [NTU]
# name 11 = prdM: Pressure, Strain Gauge [db]
# name 12 = prdE: Pressure, Strain Gauge [psi]
# name 13 = tv290C: Temperature [ITS-90, deg C]
# name 14 = flag:  0.000e+00
# span 0 =     -0.705,      9.601       
# span 1 =     -0.639,      0.148       
# span 2 =     0.0733,    10.2823       
# span 3 =      0.728,    124.190       
# span 4 =      2.361,    134.095       
# span 5 =   2.478210,  91.487639       
# span 6 =    -0.6276,    39.8778       
# span 7 =      6.689,      9.168       
# span 8 =   -75.4662,   322.7779       
# span 9 = 1.2340e-01, 1.8222e+03       
# span 10 =    -4.4090,     8.6809      
# span 11 =     -0.692,      9.417      
# span 12 =     -1.004,     13.658      
# span 13 =     8.9859,    28.2816      
# span 14 = 0.0000e+00, 0.0000e+00      
# interval = seconds: 0.25
# start_time = Jul 17 2023 09:24:31 [Instrument's time stamp, header]
# bad_flag = -9.990e-29
*END*
[from data line 1350]
      9.056      0.048     0.1314      1.052    128.203  87.272426     1.3647      6.754   -14.4379 1.2345e-01     3.7470      8.882     12.882     9.0565 0.0000e+00
      9.071      0.044     0.1267      1.050    128.247  87.293232     1.3305      6.754   -14.8060 1.2347e-01     3.6077      8.897     12.904     9.0501 0.0000e+00
      9.083      0.038     0.1252      1.059    128.364  87.366526     1.2699      6.755   -15.3577 1.2348e-01     3.3000      8.908     12.920     9.0456 0.0000e+00
      9.090      0.031     0.1227      1.073    128.599  87.522474     1.2386      6.756   -15.8602 1.2349e-01     3.1351      8.917     12.933     9.0392 0.0000e+00
      9.094      0.025     0.1210      1.099    128.795  87.652028     1.2358      6.756   -16.0642 1.2352e-01     3.1858      8.919     12.936     9.0341 0.0000e+00
      9.096      0.023     0.1204      1.132    128.907  87.724255     1.2361      6.757   -16.1892 1.2356e-01     3.2294      8.919     12.935     9.0307 0.0000e+00
      9.100      0.025     0.1225      1.138    128.964  87.759602     1.2582      6.758   -16.4252 1.2357e-01     3.2527      8.923     12.942     9.0285 0.0000e+00
      9.107      0.030     0.1234      1.133    128.877  87.697708     1.3039      6.759   -16.5940 1.2360e-01     3.3643      8.931     12.953     9.0271 0.0000e+00
      9.116      0.036     0.1257      1.144    128.753  87.612058     1.3219      6.758   -16.5965 1.2361e-01     3.4182      8.939     12.965     9.0256 0.0000e+00
      9.126      0.041     0.1328      1.141    128.758  87.614630     1.3097      6.758   -16.6273 1.2355e-01     3.3919      8.948     12.979     9.0241 0.0000e+00
      9.138      0.045     0.1323      1.108    128.832  87.665189     1.3312      6.759   -16.8797 1.2346e-01     3.4567      8.962     12.998     9.0227 0.0000e+00
      9.152      0.049     0.1287      1.087    128.904  87.714443     1.3903      6.760   -17.1529 1.2344e-01     3.5864      8.976     13.018     9.0217 0.0000e+00
      9.165      0.053     0.1331      1.088    128.978  87.764834     1.4249      6.760   -17.3498 1.2347e-01     3.6615      8.988     13.035     9.0211 0.0000e+00
      9.176      0.054     0.1342      1.096    129.074  87.829150     1.4249      6.760   -17.5403 1.2350e-01     3.6823      8.999     13.051     9.0208 0.0000e+00
      9.190      0.054     0.1268      1.113    129.116  87.855922     1.4073      6.760   -17.6487 1.2350e-01     3.6667      9.011     13.070     9.0208 0.0000e+00
      9.207      0.053     0.1241      1.132    129.086  87.834077     1.3780      6.760   -17.7137 1.2350e-01     3.6097      9.028     13.094     9.0210 0.0000e+00
      9.223      0.050     0.1263      1.132    129.066  87.819482     1.3623      6.760   -17.8106 1.2349e-01     3.5741      9.047     13.121     9.0211 0.0000e+00
      9.236      0.045     0.1260      1.127    129.047  87.806685     1.3589      6.761   -17.9591 1.2349e-01     3.6126      9.060     13.140     9.0208 0.0000e+00
      9.246      0.040     0.1279      1.127    129.046  87.806583     1.3455      6.761   -18.1336 1.2353e-01     3.6303      9.068     13.151     9.0201 0.0000e+00
      9.253      0.035     0.1327      1.119    129.063  87.818244     1.3248      6.762   -18.2846 1.2356e-01     3.5485      9.074     13.161     9.0191 0.0000e+00
      9.261      0.032     0.1304      1.109    129.066  87.820446     1.3250      6.762   -18.4081 1.2353e-01     3.4775      9.082     13.172     9.0190 0.0000e+00
      9.268      0.031     0.1297      1.087    129.085  87.833203     1.3312      6.762   -18.5089 1.2348e-01     3.4557      9.089     13.182     9.0192 0.0000e+00
      9.274      0.030     0.1312      1.067    129.105  87.845258     1.3089      6.762   -18.6436 1.2346e-01     3.4218      9.094     13.190     9.0192 0.0000e+00
      9.284      0.029     0.1286      1.069    129.096  87.838960     1.2719      6.762   -18.8321 1.2348e-01     3.3751      9.104     13.203     9.0194 0.0000e+00
      9.294      0.028     0.1292      1.083    129.069  87.820674     1.2493      6.762   -18.9808 1.2352e-01     3.3688      9.115     13.221     9.0194 0.0000e+00
      9.301      0.025     0.1256      1.083    129.060  87.815015     1.2442      6.763   -19.1510 1.2351e-01     3.4138      9.123     13.232     9.0192 0.0000e+00
      9.306      0.021     0.1217      1.067    129.088  87.834151     1.2263      6.764   -19.5132 1.2349e-01     3.4065      9.126     13.236     9.0189 0.0000e+00
      9.310      0.018     0.1232      1.070    129.127  87.861204     1.1993      6.764   -19.9186 1.2351e-01     3.3148      9.130     13.241     9.0187 0.0000e+00
      9.315      0.017     0.1255      1.098    129.164  87.887640     1.1919      6.765   -20.0953 1.2356e-01     3.2616      9.136     13.251     9.0186 0.0000e+00
      9.318      0.020     0.1268      1.115    129.184  87.899323     1.1963      6.766   -20.1865 1.2362e-01     3.2765      9.138     13.254     9.0186 0.0000e+00
      9.319      0.025     0.1220      1.112    129.153  87.875235     1.2272      6.766   -20.3332 1.2363e-01     3.3232      9.136     13.251     9.0185 0.0000e+00
      9.324      0.032     0.1217      1.097    129.121  87.850852     1.2745      6.766   -20.4918 1.2356e-01     3.3483      9.141     13.258     9.0191 0.0000e+00
      9.334      0.038     0.1284      1.089    129.136  87.858969     1.2939      6.766   -20.7281 1.2353e-01     3.3414      9.152     13.275     9.0199 0.0000e+00
      9.348      0.043     0.1291      1.104    129.120  87.846143     1.3029      6.766   -20.9531 1.2360e-01     3.3767      9.166     13.295     9.0191 0.0000e+00
      9.364      0.044     0.1292      1.125    129.087  87.823003     1.3093      6.766   -21.0606 1.2363e-01     3.3987      9.183     13.319     9.0177 0.0000e+00
      9.379      0.041     0.1266      1.130    129.103  87.833640     1.3122      6.766   -21.1676 1.2362e-01     3.4359      9.200     13.342     9.0164 0.0000e+00
      9.389      0.034     0.1240      1.120    129.125  87.847529     1.3216      6.766   -21.4730 1.2368e-01     3.5197      9.208     13.355     9.0155 0.0000e+00
      9.395      0.024     0.1274      1.118    129.150  87.863694     1.3153      6.767   -22.0005 1.2368e-01     3.5572      9.214     13.363     9.0152 0.0000e+00
      9.399      0.015     0.1308      1.138    129.206  87.901863     1.2933      6.768   -22.5551 1.2356e-01     3.5824      9.218     13.369     9.0149 0.0000e+00
      9.400      0.008     0.1314      1.148    129.243  87.927329     1.2727      6.768   -23.0163 1.2347e-01     3.5171      9.219     13.371     9.0147 0.0000e+00
      9.399      0.004     0.1290      1.127    129.223  87.917142     1.2657      6.768   -23.3605 1.2344e-01     3.3477      9.218     13.369     9.0144 0.0000e+00
      9.399      0.002     0.1272      1.103    129.195  87.905931     1.2748      6.768   -23.5338 1.2348e-01     3.2768      9.216     13.367     9.0140 0.0000e+00
      9.400      0.001     0.1320      1.083    129.199  87.919016     1.2747      6.769   -23.6490 1.2352e-01     3.2751      9.217     13.368     9.0138 0.0000e+00
      9.401      0.001     0.1353      1.077    129.217  87.948118     1.2728      6.770   -23.9792 1.2352e-01     3.2243      9.220     13.372     9.0135 0.0000e+00
      9.401      0.002     0.1288      1.085    129.263  88.003363     1.2856      6.771   -24.5152 1.2350e-01     3.1413      9.221     13.373     9.0146 0.0000e+00
      9.401      0.004     0.1278      1.088    129.354  88.078073     1.2962      6.772   -25.0530 1.2350e-01     3.0914      9.220     13.372     9.0184 0.0000e+00
      9.400      0.008     0.1242      1.082    129.475  88.151657     1.3012      6.772   -25.4908 1.2350e-01     3.0985      9.218     13.369     9.0218 0.0000e+00
      9.399      0.014     0.1235      1.088    129.757  88.320506     1.3295      6.772   -25.7644 1.2348e-01     3.1935      9.217     13.367     9.0273 0.0000e+00
      9.403      0.020     0.1259      1.109    130.288  88.656385     1.3885      6.773   -25.9525 1.2349e-01     3.3858      9.220     13.372     9.0400 0.0000e+00
      9.411      0.025     0.1260      1.119    130.872  89.031803     1.4324      6.775   -26.1306 1.2350e-01     3.5111      9.229     13.384     9.0474 0.0000e+00
      9.421      0.030     0.1245      1.124    131.286  89.296963     1.4439      6.775   -26.2826 1.2355e-01     3.5124      9.239     13.400     9.0415 0.0000e+00
      9.431      0.031     0.1240      1.129    131.521  89.444841     1.4113      6.774   -26.4135 1.2363e-01     3.4694      9.248     13.414     9.0311 0.0000e+00
      9.441      0.029     0.1296      1.131    131.683  89.547364     1.3373      6.774   -26.5097 1.2368e-01     3.4024      9.258     13.429     9.0204 0.0000e+00
      9.448      0.026     0.1290      1.140    131.834  89.645849     1.2895      6.775   -26.6715 1.2366e-01     3.3510      9.267     13.441     9.0117 0.0000e+00
      9.453      0.022     0.1298      1.144    132.069  89.808544     1.2914      6.775   -26.9060 1.2360e-01     3.3603      9.271     13.446     9.0057 0.0000e+00
      9.457      0.019     0.1309      1.129    132.510  90.114804     1.3194      6.776   -27.0227 1.2353e-01     3.4468      9.273     13.451     9.0013 0.0000e+00
      9.461      0.017     0.1300      1.108    132.960  90.422174     1.3532      6.777   -27.0498 1.2349e-01     3.5766      9.278     13.456     8.9988 0.0000e+00
      9.465      0.017     0.1318      1.089    133.133  90.534634     1.3748      6.777   -27.1470 1.2349e-01     3.6659      9.282     13.462     8.9962 0.0000e+00
      9.470      0.017     0.1336      1.074    133.119  90.520180     1.3809      6.777   -27.2521 1.2349e-01     3.6724      9.286     13.469     8.9975 0.0000e+00
      9.475      0.017     0.1305      1.069    133.096  90.501905     1.3441      6.777   -27.2876 1.2347e-01     3.5181      9.292     13.476     9.0020 0.0000e+00
      9.479      0.016     0.1280      1.069    133.015  90.440916     1.2708      6.778   -27.3184 1.2348e-01     3.2691      9.297     13.484     9.0028 0.0000e+00
      9.483      0.015     0.1257      1.070    132.810  90.291752     1.2353      6.779   -27.3661 1.2356e-01     3.1551      9.300     13.488     8.9993 0.0000e+00
      9.487      0.013     0.1236      1.069    132.532  90.098090     1.2480      6.780   -27.4349 1.2359e-01     3.1996      9.304     13.494     8.9967 0.0000e+00
      9.490      0.011     0.1234      1.077    132.283  89.944439     1.2655      6.780   -27.5482 1.2354e-01     3.2946      9.307     13.499     8.9972 0.0000e+00
      9.493      0.010     0.1232      1.086    132.163  89.897306     1.2647      6.780   -27.6170 1.2354e-01     3.3128      9.309     13.502     8.9955 0.0000e+00
      9.495      0.009     0.1243      1.085    132.129  89.909989     1.2462      6.780   -27.6652 1.2353e-01     3.2487      9.311     13.505     8.9902 0.0000e+00
      9.497      0.009     0.1226      1.083    132.097  89.906950     1.2425      6.781   -27.8725 1.2348e-01     3.1688      9.313     13.508     8.9859 0.0000e+00
      9.498      0.008     0.1244      1.095    132.025  89.860588     1.2522      6.782   -28.1445 1.2352e-01     3.0983      9.315     13.510     8.9910 0.0000e+00
      9.501      0.008     0.1263      1.100    131.835  89.731162     1.2554      6.781   -28.3720 1.2360e-01     3.1135      9.317     13.513     9.0079 0.0000e+00
      9.503      0.008     0.1255      1.088    131.566  89.550892     1.2649      6.781   -28.6449 1.2363e-01     3.1819      9.319     13.516     9.0247 0.0000e+00
      9.506      0.008     0.1239      1.092    131.339  89.398735     1.2839      6.782   -28.8620 1.2358e-01     3.2082      9.322     13.520     9.0308 0.0000e+00
      9.508      0.007     0.1265      1.095    131.183  89.291113     1.3100      6.784   -28.9330 1.2351e-01     3.2258      9.324     13.523     9.0296 0.0000e+00
      9.509      0.007     0.1292      1.087    131.057  89.203950     1.3395      6.784   -28.9873 1.2349e-01     3.2930      9.326     13.525     9.0287 0.0000e+00
      9.510      0.006     0.1233      1.094    130.912  89.108300     1.3577      6.784   -29.0884 1.2354e-01     3.3720      9.326     13.527     9.0307 0.0000e+00
      9.512      0.006     0.1266      1.111    130.782  89.025299     1.3551      6.785   -29.2079 1.2361e-01     3.3948      9.328     13.529     9.0322 0.0000e+00
      9.514      0.006     0.1278      1.115    130.684  88.963844     1.3489      6.785   -29.3995 1.2361e-01     3.3974      9.330     13.531     9.0308 0.0000e+00
      9.515      0.007     0.1240      1.105    130.549  88.874208     1.3742      6.784   -29.5984 1.2359e-01     3.5073      9.331     13.533     9.0297 0.0000e+00
      9.517      0.007     0.1260      1.099    130.393  88.768569     1.4202      6.784   -29.7204 1.2359e-01     3.6978      9.333     13.536     9.0309 0.0000e+00
      9.519      0.008     0.1288      1.101    130.300  88.704486     1.4397      6.784   -29.9279 1.2356e-01     3.7542      9.335     13.539     9.0339 0.0000e+00
      9.521      0.008     0.1299      1.105    130.240  88.671947     1.4347      6.785   -30.3012 1.2350e-01     3.7106      9.337     13.543     9.0358 0.0000e+00
      9.523      0.008     0.1268      1.105    130.143  88.629629     1.4346      6.786   -30.7055 1.2350e-01     3.7509      9.339     13.545     9.0367 0.0000e+00
      9.525      0.007     0.1266      1.097    130.018  88.574554     1.4462      6.787   -31.0311 1.2355e-01     3.8317      9.342     13.548     9.0370 0.0000e+00
      9.527      0.006     0.1272      1.095    129.901  88.515021     1.4588      6.786   -31.3127 1.2359e-01     3.8680      9.344     13.551     9.0355 0.0000e+00
      9.529      0.004     0.1275      1.109    129.840  88.482399     1.4627      6.786   -31.5291 1.2360e-01     3.8484      9.345     13.554     9.0365 0.0000e+00
      9.530      0.003     0.1284      1.122    129.851  88.498228     1.4677      6.786   -31.5821 1.2358e-01     3.8344      9.346     13.555     9.0477 0.0000e+00
      9.530      0.003     0.1262      1.120    129.852  88.515553     1.4779      6.786   -31.6955 1.2357e-01     3.8687      9.346     13.555     9.0625 0.0000e+00
      9.530      0.003     0.1252      1.110    129.796  88.501044     1.4859      6.787   -32.2126 1.2357e-01     3.9221      9.346     13.555     9.0699 0.0000e+00
      9.530      0.005     0.1282      1.104    129.680  88.450061     1.4894      6.787   -32.8436 1.2357e-01     3.9327      9.345     13.554     9.0714 0.0000e+00
      9.531      0.008     0.1301      1.109    129.486  88.344474     1.4869      6.787   -33.2169 1.2358e-01     3.8609      9.346     13.555     9.0731 0.0000e+00
      9.532      0.013     0.1296      1.114    129.320  88.242313     1.4730      6.787   -33.5422 1.2363e-01     3.8049      9.347     13.557     9.0803 0.0000e+00
      9.536      0.016     0.1280      1.112    129.318  88.232730     1.4541      6.788   -33.8522 1.2364e-01     3.8364      9.350     13.561     9.0898 0.0000e+00
      9.542      0.017     0.1263      1.120    129.428  88.292210     1.4498      6.789   -34.1250 1.2361e-01     3.9007      9.357     13.571     9.1005 0.0000e+00
      9.550      0.017     0.1278      1.130    129.596  88.388914     1.4465      6.790   -34.6892 1.2354e-01     3.9322      9.365     13.584     9.1141 0.0000e+00
      9.556      0.015     0.1295      1.126    129.814  88.511308     1.4310      6.790   -35.4260 1.2349e-01     3.9444      9.373     13.594     9.1192 0.0000e+00
      9.559      0.010     0.1269      1.116    130.022  88.626916     1.4205      6.790   -35.8056 1.2352e-01     3.9455      9.375     13.597     9.1129 0.0000e+00
