Data/DataNotYetUploadedToEDI/Raw_CTD/RawDownloads/071723_fcr50_S7809005.cnv
* Sea-Bird SBE19plus  Data File:
* FileName = C:\R\Reservoirs\Data\DataNotYetUploadedToEDI\Raw_CTD\RawDownloads\073123_fcr50_S7809_0005.hex
* Software version 2.8.0.119
* Temperature SN = 7809
* Conductivity SN = 7809
* System UpLoad Time = Aug 03 2023 12:36:04
* <ApplicationData>
* <Seaterm232>
# nquan = 15
# nvalues = 2424                        
# units = specified
# name 0 = depFM: Depth [fresh water, m]
# name 1 = dz/dtM: Descent Rate [m/s]
# name 2 = sbeox0Mg/L: Oxygen, SBE 43 [mg/l]
# name 3 = sbeox0PS: Oxygen, SBE 43 [% saturation]
# name 4 = specc: Specific Conductance [uS/cm]
# name 5 = c0uS/cm: Conductivity [uS/cm]
# name 6 = flECO-AFL: Fluorescence, WET Labs ECO-AFL/FL [mg/m^3]
# name 7 = ph: pH
# name 8 = orp: Oxidation Reduction Potential [mV]
# name 9 = par/sat/log: PAR/Logarithmic, Satlantic
# name 10 = turbWETntu0: Turbidity, WET Labs ECO [NTU]
# name 11 = prdM: Pressure, Strain Gauge [db]
# name 12 = prdE: Pressure, Strain Gauge [psi]
# name 13 = tv290C: Temperature [ITS-90, deg C]
# name 14 = flag:  0.000e+00
# span 0 =     -0.639,      9.606       
# span 1 =     -0.197,      0.183       
# span 2 =    -0.7209,     8.6021       
# span 3 =     -6.228,     97.495       
# span 4 =      0.215,    192.151       
# span 5 =   0.215785, 138.256587       
# span 6 =    -0.6808,    19.4509       
# span 7 =      6.355,      8.845       
# span 8 = -1240.7455,   850.5091       
# span 9 = 1.2348e-01, 1.2197e+03       
# span 10 =    -0.0637,    44.6076      
# span 11 =     -0.627,      9.421      
# span 12 =     -0.909,     13.664      
# span 13 =    10.9729,    26.8303      
# span 14 = 0.0000e+00, 0.0000e+00      
# interval = seconds: 0.25
# start_time = Jul 17 2023 07:27:40 [Instrument's time stamp, header]
# bad_flag = -9.990e-29
*END*
[from data line 2314]
     -0.612 -1.305e-19     6.5396     79.364      4.520   4.526517    -0.1456      6.550   228.4756 2.1741e+02     0.9452     -0.601     -0.871    25.1777 0.0000e+00
     -0.612 -1.435e-18     6.5371     79.401      4.076   4.079493    -0.1580      6.553   201.1106 2.1942e+02     0.9201     -0.600     -0.871    25.1505 0.0000e+00
     -0.612 -1.579e-17     6.5420     79.619      3.726   3.727648    -0.1373      6.559   178.0155 2.2043e+02     0.9229     -0.601     -0.871    25.1236 0.0000e+00
     -0.612 -1.737e-16     6.5450     80.042      3.566   3.566505    -0.1024      6.557   200.7266 2.1403e+02     0.8431     -0.600     -0.870    25.0974 0.0000e+00
     -0.613 -1.910e-15     6.5494     80.329      3.462   3.461453    -0.0612      6.556   226.5392 2.0198e+02     0.7064     -0.601     -0.871    25.0715 0.0000e+00
     -0.613 -2.101e-14     6.5506     80.329      3.347   3.344326    -0.0393      6.559   223.6503 1.9178e+02     0.6707     -0.601     -0.871    25.0462 0.0000e+00
     -0.613 -2.312e-13     6.5633     80.222      3.358   3.353930    -0.0293      6.555   218.8829 1.8699e+02     0.6850     -0.601     -0.871    25.0223 0.0000e+00
     -0.613 -2.543e-12     6.6217     80.102      3.520   3.514217    -0.0396      6.544   220.7789 2.0006e+02     0.6391     -0.601     -0.871    24.9994 0.0000e+00
     -0.613 -2.797e-11     6.6514     79.846      3.707   3.698662    -0.0723      6.534   217.8377 2.5003e+02     0.6290     -0.601     -0.872    24.9771 0.0000e+00
     -0.613 -3.077e-10     6.6443     79.412      3.947   3.937004    -0.0831      6.534   210.1653 3.3182e+02     0.6993     -0.601     -0.872    24.9547 0.0000e+00
     -0.613 -3.384e-09     6.6352     79.027      4.192   4.178788    -0.0788      6.542   228.9367 4.1482e+02     0.7379     -0.601     -0.871    24.9321 0.0000e+00
     -0.613 -3.723e-08     6.6333     78.808      4.103   4.088097    -0.1037      6.554   279.6054 4.7864e+02     0.8899     -0.601     -0.872    24.9094 0.0000e+00
     -0.613 -4.095e-07     6.6211     78.704      3.870   3.854039    -0.1432      6.569   315.3374 5.1048e+02     1.2396     -0.601     -0.872    24.8862 0.0000e+00
     -0.613     -0.000     6.5739     78.658      3.773   3.756062    -0.1481      6.574   366.8003 5.1008e+02     1.4480     -0.601     -0.872    24.8622 0.0000e+00
     -0.613     -0.000     6.5431     78.581      3.554   3.536955    -0.1300      6.565   474.1373 4.9885e+02     1.3937     -0.601     -0.871    24.8384 0.0000e+00
     -0.613     -0.001     6.5316     78.453      3.249   3.231952    -0.1156      6.562   556.4060 4.9678e+02     1.1985     -0.601     -0.872    24.8157 0.0000e+00
     -0.613     -0.001     6.5250     78.365      3.063   3.045602    -0.0989      6.572   599.1970 5.0453e+02     1.0004     -0.601     -0.872    24.7930 0.0000e+00
     -0.613     -0.001     6.5288     78.334      3.013   2.994162    -0.0854      6.572   694.5978 5.2965e+02     0.9450     -0.601     -0.872    24.7683 0.0000e+00
     -0.614     -0.000     6.5267     78.288      3.010   2.990069    -0.0863      6.565   817.5763 5.4772e+02     0.9392     -0.602     -0.873    24.7439 0.0000e+00
     -0.614     -0.000     6.5133     78.214      2.890   2.869414    -0.0937      6.565   850.5091 5.1381e+02     0.8963     -0.602     -0.874    24.7211 0.0000e+00
     -0.614     -0.001     6.5088     78.177      2.760   2.738898    -0.0916      6.562   825.8922 4.7246e+02     1.0064     -0.602     -0.873    24.6978 0.0000e+00
     -0.614     -0.001     6.5124     78.202      2.701   2.678906    -0.0856      6.554   819.6958 4.6671e+02     1.2462     -0.601     -0.872    24.6748 0.0000e+00
     -0.614     -0.001     6.5123     78.313      2.610   2.587469    -0.0879      6.554   816.8013 4.7586e+02     1.3355     -0.602     -0.873    24.6530 0.0000e+00
     -0.614     -0.001     6.5045     78.477      2.543   2.520168    -0.0864      6.558   823.8481 4.8186e+02     1.3353     -0.602     -0.874    24.6314 0.0000e+00
     -0.614     -0.001     6.5047     78.535      2.523   2.498621    -0.0758      6.561   838.7346 4.8367e+02     1.3801     -0.603     -0.875    24.6096 0.0000e+00
     -0.614     -0.001     6.5092     78.477      2.478   2.453635    -0.0758      6.562   838.0493 4.7942e+02     1.3988     -0.602     -0.874    24.5874 0.0000e+00
     -0.615     -0.001     6.5181     78.404      2.508   2.482993    -0.0863      6.558   823.9086 4.7184e+02     1.3567     -0.603     -0.875    24.5663 0.0000e+00
     -0.615     -0.001     6.5451     78.387      2.564   2.536859    -0.0942      6.548   807.4022 4.7631e+02     1.3154     -0.603     -0.875    24.5465 0.0000e+00
     -0.615     -0.000     6.5498     78.437      2.434   2.408132    -0.1052      6.534   801.0005 4.9568e+02     1.3430     -0.603     -0.875    24.5270 0.0000e+00
     -0.615 -1.863e-08     6.5436     78.502      2.218   2.193448    -0.1195      6.522   804.8409 5.4248e+02     1.3833     -0.604     -0.876    24.5084 0.0000e+00
     -0.615 -2.049e-07     6.5380     78.572      2.055   2.031469    -0.1343      6.516   797.7380 7.0745e+02     1.3589     -0.603     -0.875    24.4892 0.0000e+00
     -0.615 -2.049e-07     6.5378     78.740      1.930   1.906549    -0.1419      6.517   776.6378 9.7231e+02     1.3558     -0.604     -0.876    24.4693 0.0000e+00
     -0.615 -1.863e-08     6.5470     78.952      1.910   1.886549    -0.1280      6.521   762.4957 1.1342e+03     1.4143     -0.603     -0.875    24.4508 0.0000e+00
     -0.615 -1.693e-09     6.5566     79.025      2.134   2.106360    -0.1075      6.522   757.8709 1.1539e+03     1.4163     -0.603     -0.875    24.4323 0.0000e+00
     -0.616 -1.539e-10     6.5588     79.006      2.572   2.537292    -0.1030      6.523   755.0494 1.1439e+03     1.3807     -0.604     -0.876    24.4137 0.0000e+00
     -0.616 -1.400e-11     6.5745     78.961      2.957   2.916216    -0.0986      6.525   752.7303 1.1475e+03     1.3937     -0.604     -0.876    24.3955 0.0000e+00
     -0.615 -1.272e-12     6.6085     78.828      3.122   3.077266    -0.0873      6.527   750.6522 1.1549e+03     1.4017     -0.603     -0.875    24.3768 0.0000e+00
     -0.615 -1.157e-13     6.6092     78.645      3.202   3.154277    -0.0910      6.530   748.8524 1.1595e+03     1.3414     -0.603     -0.875    24.3564 0.0000e+00
     -0.615 -1.052e-14     6.6078     78.510      3.264   3.213878    -0.0925      6.533   746.8854 1.1641e+03     1.3130     -0.604     -0.876    24.3348 0.0000e+00
     -0.615 -9.560e-16     6.6123     78.469      3.215   3.164441    -0.0721      6.536   744.9380 1.1519e+03     1.3663     -0.603     -0.875    24.3120 0.0000e+00
     -0.615 -8.690e-17     6.6013     78.521      3.114   3.063304    -0.0619      6.538   743.4615 1.0082e+03     1.4048     -0.603     -0.875    24.2880 0.0000e+00
     -0.615 -7.900e-18     6.5853     78.645      3.056   3.004577    -0.0770      6.540   742.1109 7.4352e+02     1.4032     -0.603     -0.875    24.2634 0.0000e+00
     -0.615 -7.180e-19     6.5760     78.789      3.013   2.961144    -0.0968      6.542   740.8258 5.8753e+02     1.3812     -0.603     -0.875    24.2385 0.0000e+00
     -0.615 -6.530e-20     6.5763     78.953      2.971   2.918233    -0.1023      6.543   740.3122 5.6408e+02     1.3779     -0.603     -0.874    24.2134 0.0000e+00
     -0.615 -5.935e-21     6.5834     79.176      2.918   2.865818    -0.0929      6.544   740.2894 5.6300e+02     1.3969     -0.603     -0.874    24.1878 0.0000e+00
     -0.615 -5.395e-22     6.5999     79.368      2.823   2.770809    -0.0915      6.546   739.7758 6.2186e+02     1.4062     -0.603     -0.875    24.1618 0.0000e+00
     -0.615 -4.905e-23     6.6156     79.437      2.708   2.656314    -0.0933      6.548   738.8345 8.0303e+02     1.4226     -0.603     -0.874    24.1361 0.0000e+00
     -0.615 -4.459e-24     6.6284     79.451      2.609   2.558339    -0.0816      6.548   737.1680 1.0077e+03     1.4578     -0.603     -0.875    24.1112 0.0000e+00
     -0.615 -4.054e-25     6.6542     79.464      2.523   2.473024    -0.0829      6.550   734.1667 1.1070e+03     1.4558     -0.603     -0.875    24.0867 0.0000e+00
     -0.615 -3.686e-26     6.6793     79.477      2.433   2.384906    -0.1012      6.553   729.9077 1.1341e+03     1.4337     -0.604     -0.876    24.0639 0.0000e+00
     -0.615 -3.351e-27     6.6812     79.495      2.364   2.316380    -0.1032      6.555   722.2384 1.1465e+03     1.4630     -0.603     -0.875    24.0455 0.0000e+00
     -0.615 -3.046e-28     6.6833     79.490      2.325   2.277916    -0.0897      6.558   708.9793 1.1482e+03     1.4689     -0.603     -0.874    24.0316 0.0000e+00
     -0.615 -2.769e-29     6.6871     79.471      2.283   2.236559    -0.0882      6.561   696.7585 1.1443e+03     1.4019     -0.603     -0.875    24.0198 0.0000e+00
     -0.615 -2.517e-30     6.6878     79.476      2.243   2.196398    -0.0939      6.562   692.1796 1.1438e+03     1.3704     -0.603     -0.875    24.0084 0.0000e+00
     -0.615 -2.289e-31     6.6931     79.491      2.219   2.172383    -0.0918      6.562   693.7105 1.1485e+03     1.3958     -0.604     -0.875    23.9962 0.0000e+00
     -0.615 -2.080e-32     6.6941     79.506      2.183   2.136231    -0.0878      6.561   699.0924 1.1508e+03     1.4019     -0.604     -0.875    23.9827 0.0000e+00
     -0.615 -1.891e-33     6.6918     79.526      2.122   2.075999    -0.0864      6.560   705.5418 1.1433e+03     1.3758     -0.603     -0.875    23.9682 0.0000e+00
     -0.615 -1.719e-34     6.6955     79.536      2.060   2.014214    -0.0918      6.560   710.5160 1.1171e+03     1.3197     -0.604     -0.875    23.9532 0.0000e+00
     -0.615 -1.563e-35     6.6994     79.537      2.004   1.959278    -0.0946      6.561   712.8607 9.7428e+02     1.3041     -0.603     -0.874    23.9378 0.0000e+00
     -0.615 -1.421e-36     6.7013     79.537      1.963   1.918516    -0.0867      6.563   712.9834 7.8815e+02     1.3572     -0.604     -0.875    23.9209 0.0000e+00
     -0.615 -1.292e-37     6.7068     79.547      1.947   1.901414    -0.0880      6.565   712.2576 8.5173e+02     1.3814     -0.604     -0.875    23.9033 0.0000e+00
     -0.615 -1.174e-38     6.7094     79.573      1.925   1.879186    -0.1029      6.567   711.5711 1.0684e+03     1.3917     -0.604     -0.876    23.8861 0.0000e+00
     -0.615 -1.068e-39     6.7114     79.586      1.885   1.839789    -0.1000      6.567   710.9626 1.1586e+03     1.4482     -0.603     -0.875    23.8691 0.0000e+00
     -0.615 -9.705e-41     6.7135     79.587      1.850   1.805113    -0.0863      6.567   709.6326 1.1475e+03     1.4487     -0.603     -0.874    23.8519 0.0000e+00
     -0.615 -8.825e-42     6.7154     79.612      1.821   1.776634    -0.0949      6.568   708.3110 1.1331e+03     1.3642     -0.603     -0.874    23.8347 0.0000e+00
     -0.615 -8.020e-43     6.7217     79.637      1.793   1.748817    -0.1045      6.568   707.6315 1.1236e+03     1.3482     -0.604     -0.876    23.8179 0.0000e+00
     -0.615 -7.290e-44     6.7253     79.641      1.767   1.722146    -0.0944      6.569   707.0093 1.1125e+03     1.3918     -0.603     -0.875    23.8014 0.0000e+00
     -0.615 -6.630e-45     6.7241     79.642      1.752   1.707524    -0.0891      6.571   705.9502 1.1117e+03     1.3792     -0.603     -0.875    23.7857 0.0000e+00
     -0.615 -6.025e-46     6.7302     79.634      1.743   1.698710    -0.0985      6.573   704.3766 1.1231e+03     1.3322     -0.603     -0.875    23.7714 0.0000e+00
     -0.615 -5.480e-47     6.7355     79.625      1.723   1.678911    -0.1080      6.574   702.8669 1.1345e+03     1.3032     -0.603     -0.874    23.7583 0.0000e+00
     -0.615 -4.980e-48     6.7347     79.627      1.702   1.658161    -0.1046      6.575   701.8074 1.1400e+03     1.3356     -0.603     -0.875    23.7459 0.0000e+00
     -0.615 -4.528e-49     6.7383     79.629      1.682   1.637849    -0.0903      6.576   701.0298 1.1406e+03     1.3820     -0.603     -0.874    23.7344 0.0000e+00
     -0.615 -4.116e-50     6.7377     79.622      1.667   1.623342    -0.0850      6.576   700.6068 1.1393e+03     1.3519     -0.604     -0.875    23.7231 0.0000e+00
     -0.615 -3.742e-51     6.7381     79.605      1.653   1.609439    -0.0901      6.576   700.2212 1.1393e+03     1.3474     -0.604     -0.875    23.7118 0.0000e+00
     -0.615 -3.401e-52     6.7405     79.592      1.641   1.596441    -0.0941      6.576   699.3781 1.1416e+03     1.3961     -0.603     -0.874    23.7010 0.0000e+00
     -0.615 -3.092e-53     6.7418     79.600      1.637   1.592861    -0.0996      6.576   698.5867 1.1451e+03     1.3944     -0.604     -0.875    23.6906 0.0000e+00
     -0.615 -2.811e-54     6.7429     79.617      1.610   1.566152    -0.0992      6.577   698.2243 1.1476e+03     1.3947     -0.603     -0.875    23.6804 0.0000e+00
     -0.615 -2.555e-55     6.7422     79.625      1.570   1.526871    -0.0896      6.579   697.7498 1.1490e+03     1.4337     -0.603     -0.874    23.6701 0.0000e+00
     -0.615 -2.323e-56     6.7417     79.637      1.541   1.497962    -0.0831      6.579   696.8929 1.1509e+03     1.4224     -0.603     -0.875    23.6598 0.0000e+00
     -0.615 -2.112e-57     6.7438     79.639      1.512   1.469983    -0.0868      6.580   695.8656 1.1530e+03     1.3267     -0.604     -0.875    23.6492 0.0000e+00
     -0.615 -1.920e-58     6.7485     79.618      1.483   1.441952    -0.0932      6.582   694.6216 1.1561e+03     1.2670     -0.604     -0.875    23.6384 0.0000e+00
     -0.615 -1.746e-59     6.7483     79.612      1.453   1.412405    -0.0852      6.583   693.2085 1.1612e+03     1.3145     -0.603     -0.874    23.6287 0.0000e+00
     -0.615 -1.587e-60     6.7513     79.622      1.405   1.366100    -0.0822      6.583   691.9435 1.1670e+03     1.3545     -0.603     -0.874    23.6205 0.0000e+00
     -0.615 -1.443e-61     6.7541     79.615      1.364   1.325456    -0.0977      6.583   690.8559 1.1721e+03     1.3408     -0.603     -0.874    23.6134 0.0000e+00
     -0.615 -1.311e-62     6.7501     79.598      1.339   1.301030    -0.1063      6.582   689.8679 1.1750e+03     1.3534     -0.603     -0.875    23.6069 0.0000e+00
     -0.615 -1.192e-63     6.7508     79.598      1.298   1.260785    -0.0951      6.582   689.0315 1.1739e+03     1.4046     -0.603     -0.874    23.5998 0.0000e+00
     -0.615 -1.084e-64     6.7549     79.612      1.255   1.218893    -0.0781      6.583   688.4010 1.1698e+03     1.4138     -0.604     -0.875    23.5918 0.0000e+00
     -0.615 -9.855e-66     6.7543     79.628      1.209   1.174566    -0.0842      6.585   687.9225 1.1657e+03     1.2938     -0.603     -0.874    23.5833 0.0000e+00
     -0.615 -8.955e-67     6.7532     79.647      1.138   1.104867    -0.1023      6.586   687.2039 1.1635e+03     1.1489     -0.604     -0.875    23.5738 0.0000e+00
     -0.615 -8.145e-68     6.7545     79.654      1.040   1.009575    -0.0963      6.586   686.0785 1.1622e+03     1.1311     -0.603     -0.874    23.5640 0.0000e+00
     -0.615 -7.405e-69     6.7578     79.655      0.937   0.909154    -0.0876      6.586   685.0712 1.1602e+03     1.1471     -0.603     -0.874    23.5548 0.0000e+00
     -0.615 -6.730e-70     6.7596     79.667      0.866   0.840769    -0.0889      6.587   684.5742 1.1632e+03     1.2048     -0.603     -0.874    23.5456 0.0000e+00
     -0.615 -6.120e-71     6.7632     79.672      0.841   0.816134    -0.0789      6.588   684.2862 1.1715e+03     1.3504     -0.603     -0.875    23.5368 0.0000e+00
     -0.615 -5.560e-72     6.7653     79.676      0.826   0.801322    -0.0746      6.589   683.3957 1.1760e+03     1.4053     -0.603     -0.875    23.5282 0.0000e+00
     -0.615 -5.055e-73     6.7641     79.685      0.813   0.788356    -0.0867      6.589   681.8940 1.1752e+03     1.3563     -0.603     -0.874    23.5194 0.0000e+00
