Data/DataNotYetUploadedToEDI/Raw_CTD/RawDownloads/071723_fcr50_S7809005.cnv
* Sea-Bird SBE19plus  Data File:
* FileName = C:\R\Reservoirs\Data\DataNotYetUploadedToEDI\Raw_CTD\RawDownloads\073123_fcr50_S7809_0005.hex
* Software version 2.8.0.119
* Temperature SN = 7809
* Conductivity SN = 7809
* System UpLoad Time = Aug 03 2023 12:36:04
* <ApplicationData>
* <Seaterm232>
# nquan = 15
# nvalues = 2424                        
# units = specified
# name 0 = depFM: Depth [fresh water, m]
# name 1 = dz/dtM: Descent Rate [m/s]
# name 2 = sbeox0Mg/L: Oxygen, SBE 43 [mg/l]
# name 3 = sbeox0PS: Oxygen, SBE 43 [% saturation]
# name 4 = specc: Specific Conductance [uS/cm]
# name 5 = c0uS/cm: Conductivity [uS/cm]
# name 6 = flECO-AFL: Fluorescence, WET Labs ECO-AFL/FL [mg/m^3]
# name 7 = ph: pH
# name 8 = orp: Oxidation Reduction Potential [mV]
# name 9 = par/sat/log: PAR/Logarithmic, Satlantic
# name 10 = turbWETntu0: Turbidity, WET Labs ECO [NTU]
# name 11 = prdM: Pressure, Strain Gauge [db]
# name 12 = prdE: Pressure, Strain Gauge [psi]
# name 13 = tv290C: Temperature [ITS-90, deg C]
# name 14 = flag:  0.000e+00
# span 0 =     -0.639,      9.606       
# span 1 =     -0.197,      0.183       
# span 2 =    -0.7209,     8.6021       
# span 3 =     -6.228,     97.495       
# span 4 =      0.215,    192.151       
# span 5 =   0.215785, 138.256587       
# span 6 =    -0.6808,    19.4509       
# span 7 =      6.355,      8.845       
# span 8 = -1240.7455,   850.5091       
# span 9 = 1.2348e-01, 1.2197e+03       
# span 10 =    -0.0637,    44.6076      
# span 11 =     -0.627,      9.421      
# span 12 =     -0.909,     13.664      
# span 13 =    10.9729,    26.8303      
# span 14 = 0.0000e+00, 0.0000e+00      
# interval = seconds: 0.25
# start_time = Jul 17 2023 07:27:40 [Instrument's time stamp, header]
# bad_flag = -9.990e-29
*END*
[from data line 1735]
      6.224     -0.043     8.4295     76.259     48.847  35.204161     0.4214      6.555   283.8149 1.7386e-01    11.7883      6.103      8.852    11.0289 0.0000e+00
      6.209     -0.042     8.4217     76.191     48.853  35.209938     0.3924      6.555   286.5305 1.8191e-01    11.0621      6.088      8.830    11.0293 0.0000e+00
      6.199     -0.042     8.4179     76.091     48.877  35.228292     0.3975      6.557   287.7916 1.7352e-01    11.0506      6.078      8.815    11.0301 0.0000e+00
      6.192     -0.039     8.4064     76.009     48.886  35.235725     0.4260      6.558   287.0179 1.6571e-01    11.1030      6.073      8.808    11.0312 0.0000e+00
      6.183     -0.033     8.4019     75.952     48.886  35.236358     0.4784      6.557   285.6936 1.6675e-01    11.1826      6.066      8.798    11.0324 0.0000e+00
      6.170     -0.026     8.3971     75.897     48.885  35.235950     0.5154      6.556   285.0291 1.7165e-01    11.2962      6.048      8.773    11.0338 0.0000e+00
      6.160     -0.021     8.3804     75.842     48.877  35.230797     0.5232      6.555   285.6955 1.7529e-01    11.3497      6.036      8.755    11.0349 0.0000e+00
      6.160     -0.017     8.3727     75.787     48.886  35.237501     0.5062      6.555   287.2114 1.8201e-01    11.4877      6.042      8.762    11.0359 0.0000e+00
      6.162     -0.017     8.3674     75.754     48.909  35.253552     0.4679      6.556   288.2142 1.9506e-01    11.7695      6.045      8.767    11.0368 0.0000e+00
      6.161     -0.023     8.3606     75.769     48.883  35.234517     0.4347      6.559   288.2700 1.9803e-01    11.9551      6.040      8.760    11.0375 0.0000e+00
      6.159     -0.032     8.3551     75.809     48.832  35.197706     0.4297      6.561   287.8862 1.9043e-01    12.0251      6.042      8.763    11.0377 0.0000e+00
      6.152     -0.041     8.3481     75.844     48.821  35.189177     0.4324      6.563   287.2734 1.9608e-01    12.0004      6.038      8.759    11.0377 0.0000e+00
      6.132     -0.045     8.3425     75.888     48.829  35.194845     0.4174      6.563   286.7975 2.0056e-01    11.8614      6.016      8.725    11.0375 0.0000e+00
      6.108     -0.045     8.3458     75.948     48.841  35.202788     0.3980      6.562   287.2949 1.9293e-01    11.7446      5.987      8.682    11.0370 0.0000e+00
      6.092     -0.041     8.3524     75.993     48.867  35.221765     0.3887      6.559   288.4690 2.0366e-01    11.7161      5.968      8.655    11.0366 0.0000e+00
      6.088     -0.035     8.3551     76.037     48.885  35.233944     0.3881      6.555   289.1195 2.2224e-01    11.7219      5.968      8.656    11.0364 0.0000e+00
      6.088     -0.029     8.3581     76.098     48.870  35.223137     0.3828      6.554   289.2237 2.1679e-01    11.6093      5.972      8.662    11.0361 0.0000e+00
      6.085     -0.026     8.3690     76.161     48.863  35.218003     0.3751      6.554   288.6963 2.1043e-01    11.3800      5.967      8.655    11.0359 0.0000e+00
      6.080     -0.030     8.3718     76.232     48.887  35.235317     0.3776      6.556   288.0777 2.1840e-01    11.2376      5.964      8.649    11.0357 0.0000e+00
      6.071     -0.036     8.3749     76.308     48.896  35.242136     0.3877      6.558   288.4553 2.2140e-01    11.2539      5.956      8.639    11.0356 0.0000e+00
      6.057     -0.039     8.3846     76.377     48.889  35.236991     0.3974      6.558   289.0453 2.2575e-01    11.5771      5.940      8.616    11.0355 0.0000e+00
      6.042     -0.039     8.3895     76.428     48.889  35.236565     0.3956      6.559   289.5333 2.3435e-01    12.1055      5.925      8.592    11.0352 0.0000e+00
      6.029     -0.037     8.3983     76.442     48.890  35.236980     0.3827      6.560   290.1388 2.3709e-01    12.3820      5.911      8.573    11.0350 0.0000e+00
      6.021     -0.036     8.4071     76.411     48.897  35.242010     0.3737      6.560   289.2263 2.2984e-01    12.3925      5.901      8.559    11.0348 0.0000e+00
      6.017     -0.038     8.4147     76.351     48.886  35.233935     0.3790      6.561   287.1900 2.2716e-01    12.2330      5.900      8.558    11.0346 0.0000e+00
      6.015     -0.042     8.4215     76.283     48.844  35.202790     0.3962      6.564   286.5978 2.4716e-01    11.9564      5.902      8.560    11.0345 0.0000e+00
      6.006     -0.047     8.4235     76.208     48.816  35.182691     0.3985      6.565   287.4868 2.6889e-01    11.7804      5.896      8.551    11.0345 0.0000e+00
      5.986     -0.052     8.4192     76.113     48.814  35.181277     0.3820      6.564   288.5603 2.8581e-01    11.7103      5.872      8.516    11.0343 0.0000e+00
      5.963     -0.058     8.4116     76.028     48.819  35.185688     0.3797      6.564   287.6174 2.9742e-01    11.5183      5.842      8.474    11.0340 0.0000e+00
      5.948     -0.062     8.4042     76.000     48.800  35.172574     0.3883      6.565   285.0350 2.9400e-01    11.2361      5.830      8.456    11.0338 0.0000e+00
      5.939     -0.060     8.3972     76.020     48.768  35.149615     0.3948      6.565   284.0945 2.8820e-01    11.1336      5.826      8.451    11.0338 0.0000e+00
      5.926     -0.052     8.3857     76.056     48.784  35.161890     0.4001      6.563   284.5051 2.9527e-01    11.0981      5.816      8.435    11.0337 0.0000e+00
      5.906     -0.043     8.3729     76.121     48.828  35.194091     0.3933      6.562   285.4392 3.1304e-01    10.9096      5.792      8.400    11.0339 0.0000e+00
      5.888     -0.035     8.3705     76.196     48.866  35.221707     0.3876      6.559   286.7855 3.1719e-01    10.6988      5.768      8.367    11.0344 0.0000e+00
      5.883     -0.027     8.3758     76.240     48.894  35.241996     0.3899      6.557   286.4141 3.1132e-01    10.6326      5.767      8.364    11.0349 0.0000e+00
      5.883     -0.017     8.3768     76.260     48.904  35.249047     0.3873      6.556   284.3910 3.1794e-01    10.6218      5.772      8.371    11.0355 0.0000e+00
      5.882     -0.007     8.3847     76.248     48.897  35.243509     0.3808      6.555   283.3174 3.2755e-01    10.5685      5.768      8.366    11.0360 0.0000e+00
      5.882     -0.001     8.3972     76.217     48.892  35.238489     0.3704      6.556   283.9295 3.2770e-01    10.6029      5.767      8.365    11.0363 0.0000e+00
      5.883 -4.969e-07     8.3983     76.222     48.912  35.251813     0.3779      6.557   285.1680 3.2195e-01    10.7648      5.770      8.370    11.0365 0.0000e+00
      5.883     -0.000     8.4027     76.262     48.949  35.277704     0.3962      6.557   285.9021 3.1469e-01    10.8521      5.770      8.367    11.0364 0.0000e+00
      5.883     -0.000     8.4021     76.302     48.978  35.297731     0.3927      6.557   285.6646 3.0990e-01    10.8730      5.769      8.367    11.0358 0.0000e+00
      5.883     -0.001     8.3934     76.339     48.988  35.303604     0.3847      6.557   284.7916 3.1182e-01    11.5982      5.770      8.369    11.0348 0.0000e+00
      5.883     -0.002     8.3963     76.377     48.963  35.285255     0.3828      6.556   284.2076 3.1584e-01    13.0274      5.769      8.367    11.0336 0.0000e+00
      5.884     -0.005     8.4025     76.383     48.938  35.266229     0.3867      6.553   284.1963 3.1303e-01    13.8405      5.769      8.368    11.0324 0.0000e+00
      5.884     -0.010     8.4072     76.348     48.936  35.263912     0.3988      6.551   284.6552 3.0533e-01    13.8796      5.771      8.370    11.0313 0.0000e+00
      5.882     -0.019     8.4102     76.290     48.927  35.257246     0.4043      6.550   285.2819 3.0525e-01    13.7066      5.768      8.366    11.0303 0.0000e+00
      5.877     -0.030     8.4168     76.205     48.917  35.249071     0.3941      6.550   285.1491 3.0892e-01    13.4565      5.764      8.360    11.0295 0.0000e+00
      5.871     -0.040     8.4190     76.088     48.889  35.228523     0.3846      6.553   284.5979 3.1313e-01    13.3487      5.759      8.353    11.0286 0.0000e+00
      5.858     -0.047     8.4121     75.949     48.849  35.199152     0.3890      6.555   284.3817 3.3305e-01    13.3939      5.747      8.336    11.0277 0.0000e+00
      5.840     -0.049     8.4080     75.804     48.865  35.211198     0.3888      6.556   284.3424 3.5598e-01    13.5248      5.726      8.305    11.0271 0.0000e+00
      5.820     -0.047     8.3981     75.696     48.914  35.247270     0.3814      6.557   284.3804 3.6698e-01    13.7015      5.705      8.275    11.0267 0.0000e+00
      5.806     -0.043     8.3849     75.657     48.924  35.254597     0.3751      6.557   284.8417 3.7080e-01    13.7881      5.691      8.254    11.0262 0.0000e+00
      5.800     -0.037     8.3696     75.686     48.897  35.236337     0.3616      6.556   285.4455 3.6698e-01    13.7866      5.686      8.247    11.0260 0.0000e+00
      5.795     -0.032     8.3514     75.760     48.868  35.216847     0.3432      6.556   285.4003 3.6680e-01    13.3075      5.685      8.244    11.0262 0.0000e+00
      5.790     -0.027     8.3375     75.846     48.856  35.209301     0.3283      6.556   285.0689 3.8003e-01    12.3340      5.679      8.237    11.0267 0.0000e+00
      5.783     -0.026     8.3339     75.901     48.853  35.208547     0.3225      6.556   284.7087 3.9032e-01    11.7511      5.671      8.226    11.0274 0.0000e+00
      5.775     -0.029     8.3376     75.900     48.852  35.207731     0.3312      6.554   284.3150 3.8836e-01    11.6916      5.663      8.214    11.0286 0.0000e+00
      5.767     -0.035     8.3466     75.867     48.840  35.199441     0.3588      6.553   285.1268 3.9137e-01    11.6143      5.655      8.202    11.0301 0.0000e+00
      5.761     -0.046     8.3578     75.850     48.801  35.171754     0.3896      6.555   286.7804 4.0258e-01    11.3630      5.648      8.192    11.0313 0.0000e+00
      5.754     -0.061     8.3652     75.846     48.739  35.126773     0.3958      6.557   287.2719 4.0613e-01    11.1466      5.644      8.186    11.0322 0.0000e+00
      5.742     -0.078     8.3638     75.828     48.701  35.099730     0.3840      6.557   286.5101 4.1340e-01    11.0471      5.636      8.175    11.0329 0.0000e+00
      5.718     -0.093     8.3571     75.811     48.699  35.098575     0.3810      6.558   285.5707 4.3979e-01    11.0825      5.612      8.139    11.0331 0.0000e+00
      5.683     -0.106     8.3557     75.829     48.719  35.112822     0.3755      6.560   286.1527 4.6559e-01    11.5403      5.573      8.083    11.0330 0.0000e+00
      5.648     -0.114     8.3573     75.863     48.763  35.145088     0.3507      6.560   288.0402 4.8539e-01    12.2774      5.536      8.029    11.0331 0.0000e+00
      5.616     -0.114     8.3547     75.868     48.798  35.171449     0.3310      6.561   288.8615 5.1089e-01    12.6510      5.507      7.987    11.0334 0.0000e+00
      5.587     -0.104     8.3496     75.820     48.805  35.177750     0.3206      6.561   288.3395 5.4019e-01    12.6417      5.479      7.947    11.0335 0.0000e+00
      5.560     -0.088     8.3537     75.756     48.775  35.157833     0.3162      6.559   287.4934 5.6796e-01    12.5072      5.452      7.908    11.0335 0.0000e+00
      5.536     -0.069     8.3589     75.755     48.721  35.120991     0.3282      6.556   287.0635 5.8466e-01    12.3230      5.427      7.870    11.0340 0.0000e+00
      5.519     -0.050     8.3607     75.814     48.707  35.112988     0.3406      6.553   287.8745 5.7912e-01    12.2591      5.406      7.842    11.0351 0.0000e+00
      5.512     -0.033     8.3546     75.917     48.722  35.124525     0.3414      6.551   289.3827 5.6202e-01    12.2123      5.403      7.837    11.0368 0.0000e+00
      5.512     -0.019     8.3409     76.081     48.734  35.133582     0.3454      6.550   289.8113 5.6376e-01    11.7571      5.407      7.843    11.0389 0.0000e+00
      5.512     -0.009     8.3424     76.262     48.769  35.159045     0.3723      6.547   289.4439 5.7892e-01    11.0257      5.405      7.840    11.0407 0.0000e+00
      5.512     -0.008     8.3507     76.411     48.797  35.178598     0.4005      6.541   288.7259 5.8426e-01    10.6110      5.404      7.838    11.0422 0.0000e+00
      5.512     -0.017     8.3578     76.502     48.799  35.179638     0.3958      6.536   287.4104 5.8497e-01    10.5005      5.406      7.840    11.0434 0.0000e+00
      5.511     -0.035     8.3800     76.532     48.789  35.171620     0.3653      6.536   287.1336 5.8652e-01    10.4067      5.405      7.839    11.0439 0.0000e+00
      5.507     -0.057     8.4013     76.537     48.754  35.145102     0.3305      6.538   288.2178 5.9826e-01    10.3312      5.403      7.837    11.0438 0.0000e+00
      5.493     -0.080     8.4184     76.543     48.709  35.112817     0.3170      6.542   288.8183 6.2667e-01    10.3383      5.393      7.821    11.0433 0.0000e+00
      5.465     -0.100     8.4301     76.550     48.690  35.098511     0.3263      6.546   288.6298 6.6020e-01    10.3225      5.363      7.778    11.0423 0.0000e+00
      5.426     -0.115     8.4300     76.533     48.691  35.099029     0.3264      6.548   288.0029 6.9311e-01    10.2765      5.321      7.717    11.0415 0.0000e+00
      5.386     -0.123     8.4314     76.533     48.718  35.119089     0.3350      6.550   287.0897 7.1853e-01    10.4650      5.278      7.656    11.0408 0.0000e+00
      5.353     -0.120     8.4300     76.604     48.761  35.150698     0.3715      6.553   287.0524 7.3933e-01    10.8250      5.247      7.611    11.0405 0.0000e+00
      5.324     -0.109     8.4347     76.697     48.778  35.163963     0.4025      6.553   288.0680 7.7093e-01    11.0426      5.223      7.576    11.0399 0.0000e+00
      5.296     -0.099     8.4305     76.732     48.759  35.152578     0.4096      6.551   288.8723 8.0989e-01    11.1155      5.193      7.532    11.0397 0.0000e+00
      5.272     -0.099     8.4257     76.723     48.739  35.139953     0.3995      6.551   289.0335 8.4028e-01    11.3648      5.163      7.489    11.0403 0.0000e+00
      5.258     -0.109     8.4371     76.696     48.734  35.138213     0.3968      6.554   288.9852 8.5544e-01    11.8705      5.155      7.477    11.0413 0.0000e+00
      5.244     -0.124     8.4515     76.646     48.723  35.131545     0.4021      6.557   288.8899 8.8397e-01    12.2090      5.151      7.471    11.0428 0.0000e+00
      5.212     -0.138     8.4536     76.622     48.710  35.122789     0.3976      6.559   288.9143 9.5871e-01    12.2804      5.120      7.427    11.0447 0.0000e+00
      5.161     -0.145     8.4490     76.620     48.673  35.095792     0.3752      6.560   289.3655 1.0498e+00    12.2546      5.062      7.342    11.0466 0.0000e+00
      5.105     -0.145     8.4501     76.585     48.622  35.058928     0.3383      6.560   290.1301 1.1150e+00    12.2047      5.002      7.255    11.0481 0.0000e+00
      5.058     -0.135     8.4385     76.526     48.620  35.057770     0.3268      6.555   290.7597 1.1593e+00    12.2230      4.955      7.187    11.0495 0.0000e+00
      5.027     -0.118     8.4365     76.477     48.653  35.081787     0.3433      6.549   290.9553 1.1929e+00    12.2713      4.925      7.142    11.0502 0.0000e+00
      5.009     -0.101     8.4412     76.463     48.672  35.095521     0.3635      6.543   290.4305 1.2068e+00    12.2080      4.911      7.122    11.0501 0.0000e+00
      4.998     -0.090     8.4349     76.475     48.674  35.096926     0.3795      6.538   289.6621 1.2216e+00    12.0390      4.904      7.112    11.0501 0.0000e+00
      4.983     -0.086     8.4277     76.494     48.677  35.098771     0.3788      6.538   289.7524 1.2694e+00    11.9352      4.891      7.094    11.0500 0.0000e+00
      4.959     -0.086     8.4202     76.533     48.705  35.117836     0.3804      6.542   290.5758 1.3320e+00    11.9784      4.865      7.056    11.0504 0.0000e+00
      4.930     -0.086     8.4195     76.594     48.732  35.137081     0.3829      6.546   291.5306 1.3864e+00    12.2199      4.834      7.011    11.0504 0.0000e+00
