Data/DataNotYetUploadedToEDI/Raw_CTD/RawDownloads/071723_fcr50_S7809005.cnv
* Sea-Bird SBE19plus  Data File:
* FileName = C:\R\Reservoirs\Data\DataNotYetUploadedToEDI\Raw_CTD\RawDownloads\073123_fcr50_S7809_0005.hex
* Software version 2.8.0.119
* Temperature SN = 7809
* Conductivity SN = 7809
* System UpLoad Time = Aug 03 2023 12:36:04
* <ApplicationData>
* <Seaterm232>
# nquan = 15
# nvalues = 2424                        
# units = specified
# name 0 = depFM: Depth [fresh water, m]
# name 1 = dz/dtM: Descent Rate [m/s]
# name 2 = sbeox0Mg/L: Oxygen, SBE 43 [mg/l]
# name 3 = sbeox0PS: Oxygen, SBE 43 [% saturation]
# name 4 = specc: Specific Conductance [uS/cm]
# name 5 = c0uS/cm: Conductivity [uS/cm]
# name 6 = flECO-AFL: Fluorescence, WET Labs ECO-AFL/FL [mg/m^3]
# name 7 = ph: pH
# name 8 = orp: Oxidation Reduction Potential [mV]
# name 9 = par/sat/log: PAR/Logarithmic, Satlantic
# name 10 = turbWETntu0: Turbidity, WET Labs ECO [NTU]
# name 11 = prdM: Pressure, Strain Gauge [db]
# name 12 = prdE: Pressure, Strain Gauge [psi]
# name 13 = tv290C: Temperature [ITS-90, deg C]
# name 14 = flag:  0.000e+00
# span 0 =     -0.639,      9.606       
# span 1 =     -0.197,      0.183       
# span 2 =    -0.7209,     8.6021       
# span 3 =     -6.228,     97.495       
# span 4 =      0.215,    192.151       
# span 5 =   0.215785, 138.256587       
# span 6 =    -0.6808,    19.4509       
# span 7 =      6.355,      8.845       
# span 8 = -1240.7455,   850.5091       
# span 9 = 1.2348e-01, 1.2197e+03       
# span 10 =    -0.0637,    44.6076      
# span 11 =     -0.627,      9.421      
# span 12 =     -0.909,     13.664      
# span 13 =    10.9729,    26.8303      
# span 14 = 0.0000e+00, 0.0000e+00      
# interval = seconds: 0.25
# start_time = Jul 17 2023 07:27:40 [Instrument's time stamp, header]
# bad_flag = -9.990e-29
*END*
[from data line 2025]
      2.526     -0.043     4.3220     38.947     54.064  39.918322     2.2806      6.470   202.5605 2.9068e+01     5.7998      2.478      3.594    11.8263 0.0000e+00
      2.529     -0.019     4.2999     38.542     54.349  40.156392     2.2785      6.467   202.8415 2.9010e+01     5.8037      2.482      3.600    11.8569 0.0000e+00
      2.531     -0.010     4.2706     38.028     54.442  40.257527     2.2948      6.461   202.6501 2.8995e+01     5.8245      2.481      3.599    11.8775 0.0000e+00
      2.531     -0.016     4.2413     37.477     54.387  40.252662     2.3111      6.459   200.3330 2.8993e+01     5.8125      2.483      3.601    11.8943 0.0000e+00
      2.531     -0.029     4.2091     37.005     54.215  40.161072     2.3098      6.463   197.1090 2.9132e+01     5.7956      2.483      3.601    11.9133 0.0000e+00
      2.525     -0.040     4.1636     36.640     54.089  40.102142     2.2956      6.469   195.5030 2.9778e+01     5.7230      2.481      3.598    11.9383 0.0000e+00
      2.507     -0.046     4.1025     36.242     54.145  40.174828     2.2891      6.474   195.3709 3.1031e+01     5.6512      2.463      3.574    11.9691 0.0000e+00
      2.482     -0.046     4.0348     35.654     54.246  40.278367     2.3477      6.476   195.7694 3.2061e+01     5.7132      2.430      3.523    12.0025 0.0000e+00
      2.464     -0.044     3.9774     34.797     54.291  40.338612     2.4628      6.475   195.3311 3.2346e+01     5.8929      2.410      3.495    12.0365 0.0000e+00
      2.458     -0.044     3.9431     33.679     54.333  40.395548     2.5236      6.475   193.4262 3.2336e+01     6.0133      2.409      3.495    12.0691 0.0000e+00
      2.457     -0.049     3.9056     32.505     54.472  40.522543     2.5172      6.477   191.4945 3.2351e+01     6.0071      2.410      3.494    12.0973 0.0000e+00
      2.455     -0.060     3.8399     31.430     54.719  40.731724     2.4776      6.482   190.3872 3.2635e+01     6.0569      2.409      3.494    12.1232 0.0000e+00
      2.445     -0.074     3.7508     30.426     54.805  40.830365     2.4105      6.486   189.6743 3.3799e+01     6.1721      2.405      3.488    12.1483 0.0000e+00
      2.418     -0.083     3.6160     29.527     54.568  40.699770     2.3633      6.486   189.2416 3.6104e+01     6.2042      2.378      3.450    12.1716 0.0000e+00
      2.376     -0.083     3.4797     28.793     54.299  40.549035     2.3480      6.483   189.6292 3.8712e+01     6.2055      2.328      3.378    12.1926 0.0000e+00
      2.338     -0.074     3.3709     28.264     54.219  40.531099     2.4090      6.481   190.3180 4.0234e+01     6.2556      2.283      3.312    12.2129 0.0000e+00
      2.320     -0.059     3.2553     27.919     54.202  40.546429     2.5339      6.477   189.8260 4.0324e+01     6.2984      2.267      3.289    12.2426 0.0000e+00
      2.320     -0.042     3.1551     27.593     54.177  40.544015     2.5937      6.473   188.3269 3.9981e+01     6.2786      2.275      3.299    12.2890 0.0000e+00
      2.325     -0.033     3.0710     27.133     54.194  40.565396     2.5903      6.472   186.9045 3.9938e+01     6.2555      2.282      3.309    12.3396 0.0000e+00
      2.326     -0.035     3.0106     26.582     54.335  40.678018     2.6351      6.474   186.9108 4.0129e+01     6.2922      2.281      3.308    12.3796 0.0000e+00
      2.321     -0.044     2.9800     26.023     54.520  40.826789     2.7355      6.472   188.0597 4.0931e+01     6.4151      2.280      3.307    12.4045 0.0000e+00
      2.304     -0.052     2.9534     25.487     54.517  40.840978     2.8051      6.464   188.2336 4.2912e+01     6.5458      2.267      3.288    12.4173 0.0000e+00
      2.274     -0.056     2.8993     25.064     54.417  40.786127     2.8448      6.458   187.3787 4.5124e+01     6.5738      2.230      3.233    12.4241 0.0000e+00
      2.247     -0.052     2.8346     24.819     54.408  40.798287     2.9821      6.457   186.4125 4.6041e+01     6.5498      2.195      3.182    12.4286 0.0000e+00
      2.237     -0.046     2.7782     24.746     54.473  40.861095     3.2087      6.458   186.5322 4.6039e+01     6.4933      2.191      3.178    12.4363 0.0000e+00
      2.236     -0.043     2.7129     24.798     54.526  40.910874     3.3293      6.462   187.3632 4.6051e+01     6.4725      2.193      3.182    12.4525 0.0000e+00
      2.236     -0.048     2.6650     24.914     54.659  41.019370     3.3412      6.469   187.2540 4.6086e+01     6.5372      2.193      3.181    12.4733 0.0000e+00
      2.233     -0.062     2.6378     25.001     54.910  41.220894     3.3442      6.475   186.5022 4.6600e+01     6.5583      2.194      3.182    12.4913 0.0000e+00
      2.220     -0.075     2.6319     24.976     55.005  41.316502     3.3667      6.477   185.6727 4.8537e+01     6.5225      2.185      3.170    12.5044 0.0000e+00
      2.187     -0.081     2.6384     24.856     54.999  41.350309     3.4212      6.477   185.3126 5.2237e+01     6.4796      2.153      3.123    12.5128 0.0000e+00
      2.142     -0.079     2.6539     24.710     55.142  41.502753     3.4531      6.476   185.5897 5.5688e+01     6.4505      2.095      3.038    12.5189 0.0000e+00
      2.109     -0.067     2.6681     24.565     55.341  41.699941     3.4699      6.475   185.7540 5.6398e+01     6.4780      2.054      2.980    12.5270 0.0000e+00
      2.102     -0.048     2.6613     24.350     55.450  41.830463     3.5827      6.475   185.5783 5.5599e+01     6.5044      2.060      2.987    12.5488 0.0000e+00
      2.107     -0.027     2.6444     24.005     55.445  41.875005     3.7599      6.474   185.2722 5.5219e+01     6.4960      2.070      3.002    12.5877 0.0000e+00
      2.110     -0.013     2.6228     23.516     55.362  41.857731     3.8482      6.474   184.2899 5.4918e+01     6.4796      2.068      3.000    12.6293 0.0000e+00
      2.111     -0.014     2.6106     22.874     55.248  41.812066     3.8513      6.477   182.7351 5.4548e+01     6.4770      2.071      3.003    12.6715 0.0000e+00
      2.111     -0.027     2.5872     22.128     55.144  41.767213     3.7562      6.482   181.7882 5.4558e+01     6.4978      2.072      3.005    12.7163 0.0000e+00
      2.106     -0.040     2.5468     21.308     55.094  41.759741     3.5807      6.486   181.6168 5.5479e+01     6.4925      2.070      3.001    12.7606 0.0000e+00
      2.090     -0.048     2.4955     20.383     55.090  41.785231     3.4846      6.490   181.7817 5.7510e+01     6.4818      2.055      2.979    12.8027 0.0000e+00
      2.065     -0.048     2.4218     19.393     55.100  41.821555     3.4849      6.492   181.2870 5.9584e+01     6.5049      2.024      2.935    12.8398 0.0000e+00
      2.043     -0.042     2.3394     18.476     55.142  41.881619     3.7098      6.491   180.1960 6.0568e+01     6.6000      1.998      2.898    12.8700 0.0000e+00
      2.032     -0.032     2.2551     17.712     55.186  41.940253     4.1394      6.487   179.7749 6.0579e+01     6.7442      1.989      2.885    12.8958 0.0000e+00
      2.031     -0.023     2.1546     17.101     55.176  41.959288     4.3840      6.484   179.8091 6.0174e+01     6.7799      1.991      2.888    12.9213 0.0000e+00
      2.036     -0.023     2.0423     16.660     55.087  41.921385     4.4119      6.483   179.6637 5.9623e+01     6.7237      1.995      2.893    12.9477 0.0000e+00
      2.041     -0.035     1.9401     16.367     54.969  41.862836     4.4027      6.483   178.7907 5.9484e+01     6.6459      2.004      2.907    12.9734 0.0000e+00
      2.038     -0.055     1.8622     16.207     54.876  41.822642     4.3967      6.486   177.4271 6.0488e+01     6.5559      2.006      2.909    12.9959 0.0000e+00
      2.020     -0.078     1.7936     16.196     54.745  41.752793     4.4061      6.490   176.6849 6.2812e+01     6.5237      1.985      2.879    13.0190 0.0000e+00
      1.988     -0.095     1.7472     16.216     54.576  41.653036     4.4077      6.492   176.6993 6.5955e+01     6.5301      1.952      2.832    13.0468 0.0000e+00
      1.949     -0.100     1.7192     16.177     54.431  41.568570     4.4240      6.491   176.9988 6.8942e+01     6.5305      1.910      2.771    13.0763 0.0000e+00
      1.912     -0.092     1.6941     16.078     54.388  41.556657     4.7781      6.486   176.9512 7.1317e+01     6.4610      1.871      2.715    13.1041 0.0000e+00
      1.884     -0.073     1.7015     15.885     54.464  41.635958     5.4438      6.481   176.3826 7.2775e+01     6.3383      1.843      2.672    13.1306 0.0000e+00
      1.871     -0.050     1.7063     15.612     54.516  41.702309     5.8140      6.476   175.9740 7.2897e+01     6.2768      1.830      2.653    13.1584 0.0000e+00
      1.871     -0.031     1.6972     15.314     54.500  41.724244     5.8587      6.471   175.7108 7.2515e+01     6.2289      1.834      2.661    13.1840 0.0000e+00
      1.874     -0.022     1.6913     15.025     54.428  41.710798     5.8509      6.470   175.1797 7.2333e+01     6.0676      1.838      2.665    13.2016 0.0000e+00
      1.875     -0.028     1.6685     14.805     54.227  41.603245     5.8196      6.475   175.0588 7.2122e+01     5.8638      1.837      2.665    13.2176 0.0000e+00
      1.875     -0.045     1.6361     14.683     53.952  41.439404     5.7964      6.484   175.4536 7.2308e+01     5.8142      1.842      2.670    13.2415 0.0000e+00
      1.866     -0.065     1.6042     14.618     53.736  41.316604     5.7709      6.490   175.4786 7.3857e+01     5.8433      1.836      2.663    13.2741 0.0000e+00
      1.840     -0.081     1.5691     14.558     53.611  41.260961     5.4945      6.492   175.1034 7.6736e+01     5.6350      1.809      2.624    13.3125 0.0000e+00
      1.804     -0.087     1.5425     14.428     53.578  41.274436     4.9678      6.490   174.4446 7.9821e+01     5.2426      1.768      2.564    13.3566 0.0000e+00
      1.768     -0.082     1.5314     14.153     53.635  41.352628     4.6798      6.483   173.7933 8.2340e+01     5.0960      1.730      2.511    13.4021 0.0000e+00
      1.742     -0.068     1.5246     13.758     53.716  41.444794     4.6748      6.475   174.1118 8.3648e+01     5.1596      1.703      2.471    13.4417 0.0000e+00
      1.730     -0.048     1.5195     13.336     53.756  41.500280     4.8332      6.468   175.1986 8.3568e+01     5.1576      1.692      2.455    13.4790 0.0000e+00
      1.730     -0.030     1.5090     12.916     53.748  41.515780     5.1215      6.462   175.6625 8.3083e+01     5.1066      1.697      2.461    13.5162 0.0000e+00
      1.732     -0.021     1.4784     12.495     53.704  41.505278     5.2723      6.461   175.2461 8.2853e+01     5.0555      1.699      2.464    13.5490 0.0000e+00
      1.732     -0.029     1.4310     12.157     53.498  41.373338     5.2671      6.470   174.8963 8.2872e+01     5.0521      1.699      2.464    13.5758 0.0000e+00
      1.731     -0.051     1.3852     11.982     52.973  40.999500     5.1081      6.484   175.2191 8.3162e+01     5.0313      1.699      2.465    13.5981 0.0000e+00
      1.724     -0.079     1.3442     11.938     52.326  40.539474     4.8144      6.496   175.8801 8.4715e+01     4.9405      1.697      2.461    13.6173 0.0000e+00
      1.700     -0.100     1.2946     11.925     51.965  40.317407     4.6461      6.503   176.2635 8.8407e+01     4.8760      1.675      2.429    13.6373 0.0000e+00
      1.657     -0.108     1.2549     11.916     51.991  40.408960     4.6211      6.504   176.1552 9.3292e+01     4.8322      1.628      2.363    13.6642 0.0000e+00
      1.607     -0.104     1.2372     11.900     52.185  40.631066     4.7625      6.504   175.7748 9.7734e+01     4.6851      1.572      2.279    13.6934 0.0000e+00
      1.568     -0.089     1.2377     11.799     52.381  40.845113     5.0494      6.503   175.8797 9.9965e+01     4.4296      1.526      2.214    13.7274 0.0000e+00
      1.553     -0.069     1.2350     11.575     52.472  40.966113     5.2099      6.503   176.3042 9.9801e+01     4.2698      1.518      2.201    13.7832 0.0000e+00
      1.554     -0.054     1.2299     11.273     52.322  40.888252     5.2376      6.505   176.0900 9.9178e+01     4.1883      1.526      2.213    13.8576 0.0000e+00
      1.556     -0.052     1.2328     10.978     51.748  40.474949     5.2342      6.511   175.5272 9.9130e+01     4.0933      1.526      2.214    13.9305 0.0000e+00
      1.554     -0.062     1.2204     10.677     50.803  39.776897     5.1444      6.516   175.5223 9.9814e+01     4.0428      1.527      2.213    13.9897 0.0000e+00
      1.542     -0.075     1.1960     10.322     50.113  39.302392     4.9925      6.514   175.7723 1.0253e+02     4.0223      1.520      2.205    14.0358 0.0000e+00
      1.508     -0.083     1.1581      9.989     49.994  39.307203     4.9120      6.508   175.7968 1.0819e+02     4.0158      1.488      2.158    14.0721 0.0000e+00
      1.460     -0.082     1.1274      9.749     50.035  39.454420     4.9206      6.507   175.9905 1.1354e+02     3.9643      1.425      2.067    14.1043 0.0000e+00
      1.425     -0.072     1.1021      9.592     50.028  39.559420     5.0548      6.510   176.4797 1.1483e+02     3.8788      1.384      2.007    14.1377 0.0000e+00
      1.419     -0.054     1.0567      9.457     49.988  39.624946     5.3026      6.512   176.9788 1.1371e+02     3.8691      1.390      2.016    14.1959 0.0000e+00
      1.422     -0.035     1.0189      9.257     49.864  39.612179     5.4452      6.513   176.6911 1.1333e+02     3.9154      1.396      2.026    14.3030 0.0000e+00
      1.423     -0.026     0.9921      8.989     49.667  39.532077     5.4547      6.518   175.5823 1.1364e+02     3.9605      1.396      2.024    14.4274 0.0000e+00
      1.423     -0.036     0.9752      8.729     49.275  39.291147     5.3685      6.526   174.8433 1.1343e+02     3.9023      1.396      2.024    14.5382 0.0000e+00
      1.420     -0.060     0.9647      8.505     48.636  38.856910     5.2018      6.532   174.9835 1.1450e+02     3.7240      1.395      2.025    14.6358 0.0000e+00
      1.406     -0.082     0.9419      8.269     48.107  38.533746     5.1199      6.536   175.6425 1.1885e+02     3.6493      1.387      2.011    14.7201 0.0000e+00
      1.373     -0.094     0.9097      8.012     47.891  38.493484     5.1436      6.537   176.2730 1.2470e+02     3.7171      1.353      1.962    14.7951 0.0000e+00
      1.328     -0.096     0.8794      7.744     47.785  38.560649     5.2394      6.537   176.5835 1.3011e+02     3.7571      1.301      1.887    14.8662 0.0000e+00
      1.289     -0.087     0.8611      7.503     47.710  38.647962     5.3784      6.537   176.7293 1.3340e+02     3.7232      1.255      1.820    14.9351 0.0000e+00
      1.269     -0.069     0.8333      7.334     47.730  38.787838     5.4425      6.537   177.0033 1.3351e+02     3.6839      1.238      1.796    15.0305 0.0000e+00
      1.264     -0.045     0.8054      7.225     47.779  38.919362     5.4575      6.538   177.3155 1.3284e+02     3.6917      1.239      1.797    15.1781 0.0000e+00
      1.264     -0.022     0.7752      7.216     47.763  38.969111     5.4930      6.540   177.6647 1.3284e+02     3.7484      1.240      1.799    15.3484 0.0000e+00
      1.265     -0.007     0.7436      7.339     47.683  38.945198     5.5308      6.543   178.1277 1.3264e+02     3.7884      1.241      1.800    15.5080 0.0000e+00
      1.265     -0.001     0.7290      7.532     47.571  38.884122     5.5483      6.545   178.5264 1.3160e+02     3.7661      1.240      1.799    15.6415 0.0000e+00
      1.265     -0.001     0.7136      7.747     47.434  38.801831     5.5374      6.544   178.6998 1.3012e+02     3.7176      1.241      1.800    15.7364 0.0000e+00
      1.265     -0.009     0.7086      7.925     47.281  38.711784     5.5161      6.542   178.5023 1.3058e+02     3.6797      1.241      1.800    15.7980 0.0000e+00
