Data/DataNotYetUploadedToEDI/Raw_CTD/RawDownloads/071723_bvr50_S7809006.cnv
* Sea-Bird SBE19plus  Data File:
* FileName = C:\R\Reservoirs\Data\DataNotYetUploadedToEDI\Raw_CTD\RawDownloads\073123_fcr50_S7809_0006.hex
* Software version 2.8.0.119
* Temperature SN = 7809
* Conductivity SN = 7809
* System UpLoad Time = Aug 03 2023 12:36:59
* <ApplicationData>
* <Seaterm232>
# nquan = 15
# nvalues = 2139                        
# units = specified
# name 0 = depFM: Depth [fresh water, m]
# name 1 = dz/dtM: Descent Rate [m/s]
# name 2 = sbeox0Mg/L: Oxygen, SBE 43 [mg/l]
# name 3 = sbeox0PS: Oxygen, SBE 43 [% saturation]
# name 4 = specc: Specific Conductance [uS/cm]
# name 5 = c0uS/cm: Conductivity [uS/cm]
# name 6 = flECO-AFL: Fluorescence, WET Labs ECO-AFL/FL [mg/m^3]
# name 7 = ph: pH
# name 8 = orp: Oxidation Reduction Potential [mV]
# name 9 = par/sat/log: PAR/Logarithmic, Satlantic
# name 10 = turbWETntu0: Turbidity, WET Labs ECO [NTU]
# name 11 = prdM: Pressure, Strain Gauge [db]
# name 12 = prdE: Pressure, Strain Gauge [psi]
# name 13 = tv290C: Temperature [ITS-90, deg C]
# name 14 = flag:  0.000e+00
# span 0 =     -0.705,      9.601       
# span 1 =     -0.639,      0.148       
# span 2 =     0.0733,    10.2823       
# span 3 =      0.728,    124.190       
# span 4 =      2.361,    134.095       
# span 5 =   2.478210,  91.487639       
# span 6 =    -0.6276,    39.8778       
# span 7 =      6.689,      9.168       
# span 8 =   -75.4662,   322.7779       
# span 9 = 1.2340e-01, 1.8222e+03       
# span 10 =    -4.4090,     8.6809      
# span 11 =     -0.692,      9.417      
# span 12 =     -1.004,     13.658      
# span 13 =     8.9859,    28.2816      
# span 14 = 0.0000e+00, 0.0000e+00      
# interval = seconds: 0.25
# start_time = Jul 17 2023 09:24:31 [Instrument's time stamp, header]
# bad_flag = -9.990e-29
*END*
[from data line 97]
      0.145     -0.007     5.1707     63.567     30.433  32.287805     0.8987      7.774   256.0555 2.0161e+02     1.6541      0.143      0.207    28.0334 0.0000e+00
      0.145     -0.011     5.1188     63.022     30.418  32.272391     0.8971      7.773   255.5099 2.0266e+02     1.6305      0.143      0.207    28.0361 0.0000e+00
      0.141     -0.013     5.0659     62.563     30.373  32.228005     0.9073      7.771   255.2619 2.0279e+02     1.6373      0.140      0.204    28.0387 0.0000e+00
      0.134     -0.013     5.0171     62.189     30.339  32.195195     0.9141      7.767   255.2944 2.0247e+02     1.5996      0.131      0.190    28.0401 0.0000e+00
      0.128     -0.012     4.9714     61.883     30.334  32.192882     0.9044      7.763   255.5583 2.0199e+02     1.5168      0.123      0.179    28.0392 0.0000e+00
      0.126     -0.010     4.9257     61.597     30.339  32.200045     0.8975      7.758   255.7850 2.0091e+02     1.4902      0.121      0.176    28.0405 0.0000e+00
      0.126     -0.008     4.8908     61.297     30.354  32.218368     0.8898      7.753   255.8846 2.0019e+02     1.5510      0.122      0.178    28.0464 0.0000e+00
      0.126     -0.006     4.8603     60.995     30.357  32.224113     0.8692      7.750   256.0746 2.0132e+02     1.6020      0.124      0.180    28.0530 0.0000e+00
      0.126     -0.005     4.8381     60.692     30.338  32.206079     0.8480      7.748   256.3618 2.0337e+02     1.5949      0.124      0.180    28.0574 0.0000e+00
      0.123     -0.005     4.8170     60.381     30.321  32.190638     0.8330      7.745   256.5175 2.0439e+02     1.6009      0.120      0.175    28.0607 0.0000e+00
      0.119     -0.005     4.7916     60.074     30.296  32.164285     0.8467      7.741   256.4940 2.0441e+02     1.6409      0.117      0.170    28.0645 0.0000e+00
      0.117     -0.004     4.7681     59.783     30.274  32.141202     0.8878      7.735   256.2500 2.0443e+02     1.6692      0.115      0.167    28.0690 0.0000e+00
      0.117     -0.003     4.7444     59.508     30.296  32.165290     0.9140      7.726   255.9766 2.0445e+02     1.6353      0.114      0.165    28.0732 0.0000e+00
      0.117     -0.001     4.7195     59.263     30.331  32.201780     0.9063      7.716   255.9418 2.0355e+02     1.5724      0.114      0.165    28.0760 0.0000e+00
      0.118     -0.001     4.6945     59.027     30.330  32.201775     0.8938      7.708   255.8291 2.0184e+02     1.5578      0.116      0.168    28.0773 0.0000e+00
      0.119     -0.001     4.6730     58.774     30.294  32.165240     0.9046      7.700   255.6467 2.0087e+02     1.5948      0.117      0.170    28.0775 0.0000e+00
      0.119     -0.001     4.6496     58.512     30.269  32.140655     0.9125      7.690   255.7143 2.0053e+02     1.6110      0.118      0.171    28.0767 0.0000e+00
      0.118     -0.001     4.6318     58.239     30.285  32.158282     0.9056      7.678   255.9586 2.0037e+02     1.5492      0.115      0.167    28.0765 0.0000e+00
      0.116     -0.001     4.6143     57.946     30.313  32.188052     0.9041      7.668   256.1063 2.0130e+02     1.4960      0.113      0.164    28.0789 0.0000e+00
      0.115     -0.000     4.5934     57.656     30.308  32.183420     0.9111      7.659   256.1232 2.0298e+02     1.5488      0.112      0.163    28.0824 0.0000e+00
      0.116      0.001     4.5729     57.399     30.291  32.165707     0.9157      7.654   256.2481 2.0426e+02     1.6404      0.113      0.165    28.0852 0.0000e+00
      0.118      0.001     4.5519     57.165     30.290  32.164200     0.9010      7.650   256.4119 2.0499e+02     1.6474      0.116      0.168    28.0867 0.0000e+00
      0.119      0.001     4.5286     56.921     30.291  32.165207     0.8835      7.647   256.2968 2.0557e+02     1.5646      0.117      0.169    28.0869 0.0000e+00
      0.119      0.000     4.5040     56.642     30.301  32.177881     0.8707      7.644   255.9756 2.0614e+02     1.4933      0.117      0.169    28.0867 0.0000e+00
      0.119     -0.001     4.4850     56.364     30.311  32.190566     0.8542      7.642   255.8839 2.0589e+02     1.5030      0.116      0.169    28.0870 0.0000e+00
      0.118     -0.002     4.4672     56.117     30.311  32.191710     0.8510      7.638   256.0482 2.0498e+02     1.5804      0.115      0.167    28.0875 0.0000e+00
      0.116     -0.002     4.4498     55.864     30.310  32.191715     0.8490      7.632   256.1552 2.0423e+02     1.6425      0.114      0.166    28.0885 0.0000e+00
      0.115     -0.001     4.4261     55.598     30.308  32.190623     0.8455      7.626   256.1455 2.0311e+02     1.6388      0.113      0.164    28.0905 0.0000e+00
      0.115     -0.001     4.4023     55.346     30.296  32.178509     0.8674      7.625   256.1020 2.0206e+02     1.6386      0.113      0.164    28.0928 0.0000e+00
      0.116      0.000     4.3857     55.131     30.288  32.172121     0.8978      7.626   256.1459 2.0179e+02     1.6738      0.114      0.166    28.0953 0.0000e+00
      0.116      0.002     4.3652     54.961     30.291  32.176829     0.9130      7.622   256.3329 2.0225e+02     1.6884      0.115      0.166    28.0974 0.0000e+00
      0.116      0.004     4.3436     54.807     30.286  32.171996     0.9018      7.612   256.3840 2.0335e+02     1.6451      0.113      0.165    28.0990 0.0000e+00
      0.117      0.005     4.3230     54.641     30.291  32.177124     0.8616      7.596   256.3340 2.0410e+02     1.5936      0.113      0.164    28.1014 0.0000e+00
      0.120      0.006     4.3054     54.463     30.288  32.175398     0.8349      7.582   256.3299 2.0438e+02     1.6131      0.117      0.170    28.1041 0.0000e+00
      0.123      0.007     4.2932     54.286     30.265  32.151127     0.8365      7.578   256.1619 2.0476e+02     1.6410      0.121      0.177    28.1055 0.0000e+00
      0.123      0.010     4.2821     54.128     30.253  32.137411     0.8398      7.581   255.9378 2.0509e+02     1.6234      0.122      0.176    28.1057 0.0000e+00
      0.123      0.015     4.2689     54.028     30.254  32.136426     0.8495      7.586   255.8578 2.0494e+02     1.6051      0.120      0.174    28.1069 0.0000e+00
      0.126      0.019     4.2541     53.972     30.260  32.139220     0.8787      7.585   256.0554 2.0386e+02     1.5908      0.122      0.177    28.1092 0.0000e+00
      0.132      0.019     4.2406     53.920     30.293  32.171191     0.9104      7.564   256.4334 2.0205e+02     1.6217      0.129      0.187    28.1114 0.0000e+00
      0.141      0.013     4.2259     53.885     30.386  32.269229     0.9244      7.470   257.1584 1.9963e+02     1.6369      0.139      0.201    28.1105 0.0000e+00
      0.150     -0.009     4.2193     54.105     30.481  32.373025     0.9158      7.358   260.0899 1.9720e+02     1.5695      0.148      0.215    28.1045 0.0000e+00
      0.157     -0.047     4.2176     55.213     30.510  32.411190     0.8969      7.362   268.9041 1.9471e+02     1.5583      0.156      0.227    28.0969 0.0000e+00
      0.155     -0.093     4.2132     57.843     30.503  32.413513     0.8967      7.437   281.2191 1.9230e+02     1.6045      0.161      0.233    28.0928 0.0000e+00
      0.130     -0.139     4.2083     62.114     30.484  32.401128     0.9131      7.487   281.8236 1.9800e+02     1.6157      0.140      0.204    28.0911 0.0000e+00
      0.073     -0.177     4.2035     67.457     30.466  32.388332     0.9117      7.503   269.0725 2.2057e+02     1.5912      0.078      0.112    28.0934 0.0000e+00
     -0.000     -0.199     4.2677     72.800     30.459  32.385677     0.8886      7.503   260.4925 2.6369e+02     1.5467     -0.004     -0.006    28.1081 0.0000e+00
     -0.070     -0.201     4.4685     77.180     30.439  32.369032     0.8830      7.504   258.9615 3.3047e+02     1.5562     -0.075     -0.108    28.1264 0.0000e+00
     -0.126     -0.181     4.8159     80.124     30.385  32.313966     0.8941      7.504   258.2181 4.2802e+02     1.6386     -0.128     -0.187    28.1381 0.0000e+00
     -0.167     -0.146     5.2676     81.534     30.304  32.227388     0.8815      7.506   257.7856 6.8542e+02     1.6885     -0.167     -0.243    28.1474 0.0000e+00
     -0.196     -0.103     5.7122     81.539     30.231  32.146903     0.8550      7.510   257.6901 1.0868e+03     1.6475     -0.196     -0.284    28.1569 0.0000e+00
     -0.216     -0.061     6.0642     80.468     30.195  32.102075     0.8405      7.512   257.8373 1.3398e+03     1.5865     -0.215     -0.312    28.1645 0.0000e+00
     -0.226     -0.026     6.2946     78.728     30.230  32.129421     0.8391      7.509   258.8768 1.3932e+03     1.6006     -0.225     -0.326    28.1684 0.0000e+00
     -0.225     -0.001     6.4024     76.742     30.327  32.223781     0.8378      7.504   265.8706 1.3901e+03     1.6124     -0.225     -0.326    28.1692 0.0000e+00
     -0.215      0.013     6.3924     74.969     30.397  32.291395     0.8342      7.502   272.1041 1.3799e+03     1.5584     -0.214     -0.310    28.1646 0.0000e+00
     -0.200      0.015     6.2987     73.700     30.419  32.312553     0.8365      7.505   266.3618 1.3435e+03     1.5287     -0.195     -0.284    28.1523 0.0000e+00
     -0.187      0.009     6.1550     72.927     30.395  32.289284     0.8330      7.508   259.4206 1.3119e+03     1.5606     -0.177     -0.258    28.1351 0.0000e+00
     -0.186      0.003     5.9866     72.479     30.307  32.200370     0.8248      7.507   257.9565 1.3386e+03     1.6022     -0.178     -0.259    28.1180 0.0000e+00
     -0.196      0.003     5.8407     72.211     30.234  32.125625     0.8115      7.500   257.3496 1.3673e+03     1.5875     -0.193     -0.279    28.1061 0.0000e+00
     -0.209      0.011     5.7431     72.037     30.193  32.083369     0.7886      7.490   257.0733 1.3528e+03     1.5540     -0.207     -0.299    28.1030 0.0000e+00
     -0.215      0.028     5.6887     71.885     30.181  32.070071     0.7728      7.480   256.9384 1.2774e+03     1.5390     -0.218     -0.316    28.1088 0.0000e+00
     -0.205      0.053     5.6565     71.687     30.205  32.091721     0.7703      7.472   256.8373 1.0264e+03     1.5766     -0.209     -0.302    28.1180 0.0000e+00
     -0.179      0.080     5.6368     71.368     30.211  32.091384     0.7921      7.463   256.7976 6.6377e+02     1.6672     -0.177     -0.257    28.1233 0.0000e+00
     -0.148      0.103     5.6256     70.897     30.194  32.065983     0.8284      7.451   256.8026 4.6003e+02     1.6774     -0.145     -0.211    28.1234 0.0000e+00
     -0.116      0.118     5.6147     70.285     30.173  32.038323     0.8433      7.415   256.7253 4.0584e+02     1.6320     -0.115     -0.167    28.1228 0.0000e+00
     -0.082      0.128     5.6028     69.578     30.153  32.010694     0.8465      7.347   256.6380 3.6499e+02     1.6641     -0.081     -0.117    28.1190 0.0000e+00
     -0.048      0.135     5.5799     68.907     30.137  31.985656     0.8594      7.313   256.6930 3.3530e+02     1.7250     -0.046     -0.067    28.1058 0.0000e+00
     -0.017      0.143     5.5436     68.483     30.149  31.989326     0.8669      7.347   256.9601 3.1092e+02     1.7189     -0.017     -0.024    28.0913 0.0000e+00
      0.016      0.148     5.4964     68.427     30.219  32.055051     0.8535      7.397   257.2862 2.8180e+02     1.6593      0.012      0.019    28.0834 0.0000e+00
      0.055      0.145     5.4379     68.563     30.309  32.145946     0.8381      7.430   257.3663 2.5580e+02     1.5850      0.051      0.074    28.0749 0.0000e+00
      0.102      0.134     5.3810     68.625     30.361  32.200207     0.8553      7.450   257.3266 2.3650e+02     1.5720      0.099      0.143    28.0616 0.0000e+00
      0.148      0.116     5.3423     68.559     30.360  32.203626     0.8869      7.459   257.4944 2.2354e+02     1.6044      0.151      0.219    28.0434 0.0000e+00
      0.182      0.095     5.3471     68.516     30.339  32.187295     0.8959      7.459   257.7602 2.1599e+02     1.6004      0.187      0.271    28.0292 0.0000e+00
      0.196      0.072     5.3684     68.672     30.341  32.193066     0.8885      7.461   257.8729 2.1393e+02     1.5922      0.197      0.286    28.0214 0.0000e+00
      0.197      0.050     5.3740     69.039     30.352  32.209971     0.8732      7.465   257.9974 2.1494e+02     1.6079      0.193      0.279    28.0182 0.0000e+00
      0.200      0.035     5.3633     69.551     30.337  32.201387     0.8597      7.460   258.3193 2.1539e+02     1.6533      0.192      0.277    28.0299 0.0000e+00
      0.210      0.031     5.3508     70.143     30.285  32.152722     0.8503      7.449   258.8390 2.1794e+02     1.6630      0.206      0.299    28.0414 0.0000e+00
      0.221      0.040     5.3646     70.752     30.258  32.129073     0.8346      7.441   259.4628 2.2515e+02     1.5889      0.218      0.317    28.0461 0.0000e+00
      0.226      0.053     5.3947     71.347     30.291  32.169205     0.8279      7.433   259.8390 2.3400e+02     1.5093      0.221      0.320    28.0537 0.0000e+00
      0.235      0.063     5.4343     71.841     30.311  32.193913     0.8527      7.421   260.0310 2.4087e+02     1.5193      0.225      0.326    28.0660 0.0000e+00
      0.255      0.068     5.4833     72.162     30.231  32.110629     0.8933      7.411   260.3224 2.4292e+02     1.6082      0.244      0.354    28.0782 0.0000e+00
      0.285      0.070     5.5282     72.495     30.000  31.860028     0.9112      7.413   260.5224 2.4057e+02     1.6272      0.282      0.410    28.0861 0.0000e+00
      0.310      0.069     5.5779     73.747     29.760  31.574483     0.9025      7.423   260.6424 2.3637e+02     1.5438      0.308      0.448    28.0926 0.0000e+00
      0.326      0.064     5.6189     77.460     29.697  31.449251     0.8960      7.431   260.8269 2.3008e+02     1.5226      0.320      0.465    28.1002 0.0000e+00
      0.337      0.055     5.6411     83.963     29.729  31.424160     0.9077      7.436   260.9474 2.2297e+02     1.6103      0.331      0.480    28.1010 0.0000e+00
      0.346      0.045     5.6485     91.432     29.742  31.397881     0.9188      7.439   260.8937 2.1554e+02     1.6813      0.339      0.491    28.1074 0.0000e+00
      0.355      0.038     5.6894     97.851     29.750  31.385201     0.9137      7.439   260.7806 2.0825e+02     1.6640      0.348      0.505    28.0694 0.0000e+00
      0.365      0.034     5.9711    102.571     29.772  31.397667     0.9043      7.439   260.6984 2.0328e+02     1.6062      0.358      0.519    27.9404 0.0000e+00
      0.375      0.029     6.5666    105.716     29.799  31.421731     0.9050      7.440   260.5015 2.0047e+02     1.5968      0.368      0.533    27.8273 0.0000e+00
      0.383      0.024     7.2289    107.447     29.801  31.422407     0.9139      7.440   260.2931 1.9924e+02     1.6183      0.377      0.546    27.7687 0.0000e+00
      0.389      0.019     7.7435    107.853     29.784  31.405840     0.9212      7.440   260.2431 1.9983e+02     1.6276      0.382      0.554    27.7350 0.0000e+00
      0.391      0.016     8.1102    107.140     29.788  31.411720     0.9021      7.441   260.3281 2.0129e+02     1.6066      0.384      0.557    27.7218 0.0000e+00
      0.391      0.015     8.3535    105.814     29.803  31.430078     0.8572      7.441   260.3748 2.0249e+02     1.5693      0.384      0.557    27.7141 0.0000e+00
      0.392      0.016     8.4891    104.475     29.809  31.437509     0.8360      7.442   260.3768 2.0271e+02     1.5863      0.383      0.556    27.7115 0.0000e+00
      0.397      0.019     8.5179    103.469     29.811  31.438133     0.8450      7.444   260.5243 2.0117e+02     1.5732      0.388      0.563    27.7142 0.0000e+00
      0.404      0.023     8.4445    102.786     29.814  31.437614     0.8583      7.446   260.6966 1.9802e+02     1.5132      0.396      0.575    27.7196 0.0000e+00
