Data/DataNotYetUploadedToEDI/Raw_CTD/RawDownloads/071822_bvr50_S7809002.cnv
* Sea-Bird SBE19plus  Data File:
* FileName = C:\R\Reservoirs\Data\DataNotYetUploadedToEDI\Raw_CTD\RawDownloads\071822_bvr40_S7809_0002.hex
* Software version 2.8.0.119
* Temperature SN = 7809
* Conductivity SN = 7809
* System UpLoad Time = Jul 18 2022 15:44:11
* <ApplicationData>
* <Seaterm232>
# nquan = 15
# nvalues = 1637                        
# units = specified
# name 0 = depFM: Depth [fresh water, m]
# name 1 = dz/dtM: Descent Rate [m/s]
# name 2 = sbeox0Mg/L: Oxygen, SBE 43 [mg/l]
# name 3 = sbeox0PS: Oxygen, SBE 43 [% saturation]
# name 4 = specc: Specific Conductance [uS/cm]
# name 5 = c0uS/cm: Conductivity [uS/cm]
# name 6 = flECO-AFL: Fluorescence, WET Labs ECO-AFL/FL [mg/m^3]
# name 7 = ph: pH
# name 8 = orp: Oxidation Reduction Potential [mV]
# name 9 = par/sat/log: PAR/Logarithmic, Satlantic
# name 10 = turbWETntu0: Turbidity, WET Labs ECO [NTU]
# name 11 = prdM: Pressure, Strain Gauge [db]
# name 12 = prdE: Pressure, Strain Gauge [psi]
# name 13 = tv290C: Temperature [ITS-90, deg C]
# name 14 = flag:  0.000e+00
# span 0 =     -0.737,      7.446       
# span 1 =     -0.462,      0.172       
# span 2 =     0.0361,     7.4675       
# span 3 =      0.351,     93.596       
# span 4 =      3.491,    113.254       
# span 5 =   3.502008,  79.199104       
# span 6 =    -1.6699,    32.6318       
# span 7 =      6.868,      7.790       
# span 8 =  -143.7475,   157.2052       
# span 9 = 1.2350e-01, 1.5430e+03       
# span 10 =    -0.7226,     7.5569      
# span 11 =     -0.723,      7.311      
# span 12 =     -1.049,     10.603      
# span 13 =     9.9617,    27.7371      
# span 14 = 0.0000e+00, 0.0000e+00      
# interval = seconds: 0.25
# start_time = Jul 18 2022 08:28:19 [Instrument's time stamp, header]
# bad_flag = -9.990e-29
*END*
[from data line 772]
      4.542      0.009     0.0549      0.492     87.124  63.290339     2.2814      6.978   -79.5714 2.7464e-01     4.9269      4.454      6.460    11.2616 0.0000e+00
      4.544      0.013     0.0526      0.483     87.563  63.615686     2.2789      6.980   -80.0039 2.6839e-01     4.9493      4.455      6.461    11.2757 0.0000e+00
      4.548      0.017     0.0540      0.468     88.340  64.179730     2.2652      6.982   -80.3460 2.7467e-01     4.6351      4.459      6.467    11.3038 0.0000e+00
      4.554      0.022     0.0543      0.462     89.184  64.775963     2.2489      6.983   -80.6966 2.6918e-01     4.1674      4.465      6.477    11.3173 0.0000e+00
      4.560      0.026     0.0539      0.469     89.777  65.172873     2.2397      6.985   -81.0603 2.5763e-01     3.9741      4.472      6.486    11.3188 0.0000e+00
      4.568      0.029     0.0534      0.484     90.271  65.485934     2.2622      6.985   -81.3877 2.4266e-01     4.0407      4.480      6.497    11.3239 0.0000e+00
      4.576      0.031     0.0507      0.498     90.655  65.703311     2.2881      6.985   -81.7293 2.2728e-01     4.0840      4.487      6.508    11.3260 0.0000e+00
      4.584      0.031     0.0500      0.505     90.763  65.705364     2.2705      6.986   -82.0076 2.2757e-01     3.9162      4.495      6.520    11.3179 0.0000e+00
      4.592      0.029     0.0509      0.514     90.761  65.637690     2.2322      6.986   -82.1706 2.3362e-01     3.6175      4.503      6.531    11.2952 0.0000e+00
      4.600      0.026     0.0532      0.522     90.739  65.583586     2.2075      6.987   -82.3245 2.3581e-01     3.4452      4.512      6.544    11.2721 0.0000e+00
      4.608      0.022     0.0549      0.517     90.717  65.559220     2.1968      6.988   -82.4911 2.3364e-01     3.4378      4.520      6.556    11.2407 0.0000e+00
      4.613      0.021     0.0553      0.506     90.677  65.533592     2.2033      6.989   -82.6365 2.2729e-01     3.4939      4.526      6.563    11.1904 0.0000e+00
      4.616      0.021     0.0562      0.512     90.497  65.400747     2.2190      6.990   -82.7921 2.2176e-01     3.5093      4.528      6.567    11.1507 0.0000e+00
      4.617      0.026     0.0578      0.517     90.190  65.159616     2.2286      6.991   -82.9100 2.1847e-01     3.4869      4.528      6.567    11.1297 0.0000e+00
      4.620      0.032     0.0580      0.503     89.899  64.904299     2.2192      6.992   -82.9434 2.1649e-01     3.4968      4.528      6.568    11.1279 0.0000e+00
      4.630      0.038     0.0538      0.481     89.744  64.726891     2.1975      6.995   -83.0230 2.1147e-01     3.4922      4.538      6.582    11.1361 0.0000e+00
      4.646      0.041     0.0564      0.466     89.749  64.665649     2.1990      6.995   -83.0986 2.0303e-01     3.4987      4.555      6.606    11.1338 0.0000e+00
      4.663      0.041     0.0582      0.458     89.899  64.735290     2.2200      6.995   -83.1696 1.9976e-01     3.5421      4.575      6.634    11.1262 0.0000e+00
      4.676      0.037     0.0554      0.455     90.087  64.870321     2.2268      6.995   -83.3648 1.9525e-01     3.5386      4.589      6.656    11.1014 0.0000e+00
      4.684      0.031     0.0528      0.449     90.162  64.964703     2.1897      6.998   -83.7377 1.8647e-01     3.3877      4.594      6.663    11.0584 0.0000e+00
      4.687      0.025     0.0509      0.444     90.105  64.987424     2.1211      7.000   -84.3236 1.8067e-01     3.1522      4.596      6.665    11.0175 0.0000e+00
      4.688      0.022     0.0502      0.457     89.993  64.954599     2.0795      7.002   -84.9424 1.7062e-01     3.0492      4.597      6.668    10.9941 0.0000e+00
      4.692      0.022     0.0503      0.491     89.884  64.885402     2.0866      7.004   -85.3683 1.5477e-01     3.0637      4.599      6.670    10.9933 0.0000e+00
      4.698      0.024     0.0498      0.507     89.858  64.849329     2.1243      7.006   -85.6008 1.4458e-01     3.0891      4.605      6.679    11.0174 0.0000e+00
      4.706      0.027     0.0483      0.490     89.871  64.835935     2.1602      7.008   -85.8617 1.4214e-01     3.1170      4.615      6.693    11.0643 0.0000e+00
      4.715      0.029     0.0488      0.475     89.733  64.723430     2.1708      7.011   -86.1127 1.4398e-01     3.0930      4.624      6.707    11.0955 0.0000e+00
      4.724      0.029     0.0548      0.486     89.532  64.568605     2.1612      7.013   -86.2276 1.4637e-01     3.0045      4.633      6.721    11.0966 0.0000e+00
      4.731      0.028     0.0580      0.504     89.442  64.488059     2.1689      7.014   -86.3902 1.4414e-01     3.0379      4.640      6.729    11.0821 0.0000e+00
      4.737      0.026     0.0533      0.504     89.419  64.448078     2.2058      7.016   -86.5300 1.4196e-01     3.2234      4.645      6.737    11.0655 0.0000e+00
      4.743      0.023     0.0511      0.496     89.397  64.402694     2.2330      7.019   -86.6274 1.4071e-01     3.3347      4.652      6.747    11.0608 0.0000e+00
      4.750      0.021     0.0529      0.483     89.410  64.383821     2.2315      7.021   -86.8797 1.3865e-01     3.3242      4.658      6.755    11.0586 0.0000e+00
      4.755      0.021     0.0571      0.468     89.477  64.410356     2.2132      7.023   -87.0857 1.4187e-01     3.2663      4.664      6.765    11.0489 0.0000e+00
      4.759      0.020     0.0553      0.467     89.580  64.469497     2.1772      7.025   -87.1384 1.4137e-01     3.2156      4.668      6.770    11.0361 0.0000e+00
      4.763      0.018     0.0545      0.463     89.673  64.527337     2.1292      7.027   -87.2583 1.3313e-01     3.2240      4.670      6.773    11.0183 0.0000e+00
      4.768      0.016     0.0543      0.445     89.698  64.538155     2.1082      7.028   -87.4176 1.3203e-01     3.2658      4.676      6.782    11.0000 0.0000e+00
      4.773      0.013     0.0501      0.445     89.707  64.536780     2.1132      7.029   -87.6014 1.3335e-01     3.3113      4.681      6.789    10.9887 0.0000e+00
      4.777      0.010     0.0518      0.466     89.758  64.574217     2.1155      7.030   -87.9320 1.2810e-01     3.3303      4.686      6.795    10.9798 0.0000e+00
      4.780      0.006     0.0527      0.485     89.791  64.609777     2.1101      7.031   -88.3168 1.2450e-01     3.2894      4.688      6.799    10.9765 0.0000e+00
      4.780      0.003     0.0477      0.501     89.734  64.585718     2.0985      7.032   -88.6411 1.2877e-01     3.2619      4.688      6.800    10.9736 0.0000e+00
      4.779      0.002     0.0478      0.506     89.642  64.537355     2.0842      7.034   -88.8411 1.3314e-01     3.2706      4.687      6.798    10.9666 0.0000e+00
      4.776      0.004     0.0526      0.493     89.611  64.533080     2.0949      7.036   -88.9285 1.3069e-01     3.2923      4.684      6.793    10.9660 0.0000e+00
      4.775      0.009     0.0530      0.481     89.688  64.597553     2.1364      7.038   -89.0953 1.2771e-01     3.3193      4.682      6.791    10.9747 0.0000e+00
      4.778      0.015     0.0558      0.466     89.837  64.681858     2.1531      7.041   -89.4816 1.2566e-01     3.2898      4.685      6.795    10.9857 0.0000e+00
      4.784      0.020     0.0574      0.454     89.969  64.726825     2.1389      7.042   -89.8990 1.2393e-01     3.2431      4.692      6.803    10.9937 0.0000e+00
      4.793      0.027     0.0534      0.449     90.153  64.823670     2.1472      7.042   -90.1849 1.2493e-01     3.3348      4.700      6.815    11.0056 0.0000e+00
      4.802      0.034     0.0535      0.441     90.450  65.027186     2.1874      7.043   -90.4429 1.2596e-01     3.5446      4.709      6.831    11.0174 0.0000e+00
      4.809      0.039     0.0515      0.449     90.653  65.155354     2.2168      7.043   -90.6952 1.2486e-01     3.6274      4.717      6.842    11.0050 0.0000e+00
      4.816      0.041     0.0488      0.471     90.714  65.166722     2.2203      7.042   -90.9992 1.2371e-01     3.5849      4.720      6.846    10.9645 0.0000e+00
      4.830      0.038     0.0509      0.479     90.741  65.164602     2.2045      7.041   -91.2785 1.2366e-01     3.5089      4.733      6.865    10.9398 0.0000e+00
      4.848      0.033     0.0473      0.481     90.697  65.129687     2.1670      7.042   -91.4917 1.2363e-01     3.3573      4.757      6.900    10.9485 0.0000e+00
      4.860      0.028     0.0486      0.491     90.681  65.125602     2.1417      7.043   -91.7698 1.2358e-01     3.2553      4.770      6.918    10.9397 0.0000e+00
      4.862      0.023     0.0533      0.496     90.816  65.242238     2.1485      7.043   -91.9740 1.2367e-01     3.2667      4.769      6.917    10.9111 0.0000e+00
      4.860      0.019     0.0532      0.484     91.173  65.523839     2.1742      7.043   -92.0679 1.2373e-01     3.3243      4.767      6.914    10.9003 0.0000e+00
      4.859      0.017     0.0523      0.470     91.815  65.990168     2.2019      7.043   -92.2167 1.2370e-01     3.3373      4.762      6.907    10.9022 0.0000e+00
      4.863      0.019     0.0545      0.474     92.385  66.371523     2.2092      7.046   -92.4827 1.2368e-01     3.2864      4.766      6.913    10.9035 0.0000e+00
      4.873      0.023     0.0559      0.481     92.560  66.451229     2.2040      7.048   -92.7889 1.2365e-01     3.2544      4.780      6.932    10.9148 0.0000e+00
      4.883      0.026     0.0536      0.470     92.782  66.572791     2.2060      7.049   -92.9930 1.2365e-01     3.2243      4.788      6.945    10.9359 0.0000e+00
      4.892      0.031     0.0508      0.460     93.697  67.206164     2.2254      7.050   -93.1435 1.2368e-01     3.2984      4.796      6.958    10.9417 0.0000e+00
      4.898      0.036     0.0516      0.460     94.944  68.075578     2.2633      7.052   -93.4045 1.2370e-01     3.5009      4.804      6.969    10.9227 0.0000e+00
      4.901      0.040     0.0551      0.463     95.600  68.510444     2.2903      7.053   -93.7392 1.2370e-01     3.5558      4.805      6.969    10.8905 0.0000e+00
      4.908      0.045     0.0512      0.473     95.677  68.526176     2.2843      7.052   -94.0930 1.2372e-01     3.4838      4.808      6.974    10.8692 0.0000e+00
      4.926      0.048     0.0502      0.487     95.638  68.456301     2.2503      7.052   -94.4128 1.2372e-01     3.5186      4.829      7.004    10.8622 0.0000e+00
      4.947      0.049     0.0513      0.487     95.661  68.427756     2.2115      7.053   -94.6808 1.2368e-01     3.6350      4.855      7.040    10.8510 0.0000e+00
      4.962      0.049     0.0503      0.476     95.720  68.435041     2.2067      7.054   -95.0105 1.2362e-01     3.7286      4.866      7.057    10.8294 0.0000e+00
      4.972      0.044     0.0522      0.476     95.722  68.417321     2.2256      7.055   -95.3876 1.2361e-01     3.7962      4.876      7.072    10.8085 0.0000e+00
      4.980      0.036     0.0544      0.483     95.627  68.340511     2.2151      7.057   -95.7130 1.2367e-01     3.8042      4.886      7.087    10.7887 0.0000e+00
      4.986      0.026     0.0553      0.482     95.436  68.205013     2.1714      7.058   -95.9329 1.2368e-01     3.7229      4.888      7.091    10.7610 0.0000e+00
      4.993      0.019     0.0516      0.481     95.196  68.049342     2.1382      7.059   -96.0683 1.2363e-01     3.6675      4.897      7.102    10.7406 0.0000e+00
      5.000      0.014     0.0524      0.469     94.976  67.919164     2.1302      7.061   -96.2309 1.2360e-01     3.6808      4.905      7.115    10.7345 0.0000e+00
      5.001      0.011     0.0546      0.457     94.819  67.837855     2.1412      7.062   -96.4369 1.2364e-01     3.6103      4.906      7.115    10.7283 0.0000e+00
      4.999      0.010     0.0525      0.462     94.772  67.828451     2.1622      7.063   -96.5791 1.2371e-01     3.4291      4.901      7.109    10.7281 0.0000e+00
      4.998      0.010     0.0543      0.458     94.894  67.932511     2.1688      7.064   -96.7456 1.2370e-01     3.3002      4.898      7.104    10.7369 0.0000e+00
      5.004      0.016     0.0525      0.444     95.004  68.016314     2.1545      7.064   -96.9881 1.2362e-01     3.2478      4.906      7.116    10.7526 0.0000e+00
      5.010      0.027     0.0486      0.447     94.939  67.952504     2.1381      7.063   -97.1881 1.2360e-01     3.2059      4.916      7.130    10.7717 0.0000e+00
      5.011      0.041     0.0522      0.456     94.879  67.859630     2.1380      7.063   -97.3573 1.2365e-01     3.2036      4.912      7.122    10.7836 0.0000e+00
      5.019      0.053     0.0516      0.465     95.143  67.973071     2.1526      7.064   -97.5718 1.2367e-01     3.2536      4.914      7.128    10.7930 0.0000e+00
      5.039      0.060     0.0475      0.482     95.626  68.244269     2.1644      7.064   -97.7162 1.2367e-01     3.2986      4.939      7.164    10.7974 0.0000e+00
      5.064      0.062     0.0498      0.502     95.843  68.343912     2.1483      7.064   -97.7268 1.2362e-01     3.2361      4.969      7.207    10.7922 0.0000e+00
      5.087      0.060     0.0509      0.509     95.723  68.225062     2.1068      7.065   -97.7000 1.2359e-01     3.0778      4.991      7.239    10.7643 0.0000e+00
      5.103      0.050     0.0509      0.500     95.532  68.077551     2.0796      7.067   -97.6500 1.2367e-01     2.9893      5.007      7.262    10.7173 0.0000e+00
      5.113      0.036     0.0535      0.485     95.446  68.021203     2.0776      7.068   -97.7240 1.2372e-01     3.0207      5.017      7.276    10.6763 0.0000e+00
      5.117      0.023     0.0563      0.475     95.471  68.051897     2.0826      7.069   -97.9918 1.2368e-01     3.0468      5.019      7.280    10.6475 0.0000e+00
      5.118      0.015     0.0576      0.462     95.564  68.131106     2.0812      7.070   -98.2211 1.2365e-01     3.0328      5.020      7.281    10.6300 0.0000e+00
      5.117      0.015     0.0559      0.438     95.761  68.280257     2.0692      7.072   -98.2597 1.2366e-01     3.0568      5.018      7.278    10.6251 0.0000e+00
      5.116      0.020     0.0535      0.420     96.004  68.457941     2.0452      7.074   -98.2004 1.2368e-01     3.0630      5.015      7.274    10.6292 0.0000e+00
      5.121      0.027     0.0529      0.423     96.154  68.564541     2.0251      7.076   -98.2780 1.2368e-01     3.0394      5.019      7.280    10.6380 0.0000e+00
      5.132      0.033     0.0521      0.448     96.321  68.679909     2.0423      7.078   -98.5957 1.2372e-01     3.0446      5.032      7.299    10.6453 0.0000e+00
      5.147      0.038     0.0485      0.479     96.641  68.900091     2.0866      7.079   -98.9448 1.2374e-01     3.0585      5.047      7.321    10.6489 0.0000e+00
      5.160      0.041     0.0455      0.494     96.982  69.130659     2.1114      7.081   -99.2295 1.2373e-01     3.0704      5.063      7.342    10.6529 0.0000e+00
      5.170      0.041     0.0461      0.500     97.347  69.371574     2.1087      7.082   -99.5439 1.2371e-01     3.0517      5.071      7.355    10.6515 0.0000e+00
      5.176      0.040     0.0492      0.495     97.687  69.589799     2.0954      7.083   -99.8202 1.2372e-01     3.0026      5.075      7.360    10.6491 0.0000e+00
      5.186      0.038     0.0545      0.474     97.834  69.673026     2.0842      7.083   -99.9023 1.2375e-01     2.9891      5.085      7.374    10.6469 0.0000e+00
      5.197      0.037     0.0549      0.456     97.947  69.742648     2.0892      7.084   -99.9343 1.2370e-01     3.0249      5.097      7.392    10.6387 0.0000e+00
      5.208      0.037     0.0560      0.449     98.125  69.859893     2.0984      7.086  -100.0354 1.2369e-01     3.0601      5.106      7.406    10.6303 0.0000e+00
      5.218      0.037     0.0565      0.454     98.176  69.883728     2.0868      7.087  -100.0923 1.2371e-01     3.1072      5.118      7.422    10.6159 0.0000e+00
