Data/DataNotYetUploadedToEDI/Raw_CTD/RawDownloads/071822_fcr50_S7809003.cnv
* Sea-Bird SBE19plus  Data File:
* FileName = C:\R\Reservoirs\Data\DataNotYetUploadedToEDI\Raw_CTD\RawDownloads\071822_bvr40_S7809_0003.hex
* Software version 2.8.0.119
* Temperature SN = 7809
* Conductivity SN = 7809
* System UpLoad Time = Jul 18 2022 15:44:51
* <ApplicationData>
* <Seaterm232>
# nquan = 15
# nvalues = 1539                        
# units = specified
# name 0 = depFM: Depth [fresh water, m]
# name 1 = dz/dtM: Descent Rate [m/s]
# name 2 = sbeox0Mg/L: Oxygen, SBE 43 [mg/l]
# name 3 = sbeox0PS: Oxygen, SBE 43 [% saturation]
# name 4 = specc: Specific Conductance [uS/cm]
# name 5 = c0uS/cm: Conductivity [uS/cm]
# name 6 = flECO-AFL: Fluorescence, WET Labs ECO-AFL/FL [mg/m^3]
# name 7 = ph: pH
# name 8 = orp: Oxidation Reduction Potential [mV]
# name 9 = par/sat/log: PAR/Logarithmic, Satlantic
# name 10 = turbWETntu0: Turbidity, WET Labs ECO [NTU]
# name 11 = prdM: Pressure, Strain Gauge [db]
# name 12 = prdE: Pressure, Strain Gauge [psi]
# name 13 = tv290C: Temperature [ITS-90, deg C]
# name 14 = flag:  0.000e+00
# span 0 =     -0.683,      9.548       
# span 1 =     -0.380,      0.244       
# span 2 =     0.0274,     8.5051       
# span 3 =      0.267,    105.235       
# span 4 =      0.513,    488.181       
# span 5 =   0.544436, 357.197288       
# span 6 =    -1.0722,    60.3287       
# span 7 =      6.394,      8.987       
# span 8 = -1240.7455,   133.3598       
# span 9 = 1.2351e-01, 2.7988e+03       
# span 10 =    -4.2789,   265.7755      
# span 11 =     -0.670,      9.364      
# span 12 =     -0.972,     13.581      
# span 13 =    10.9013,    28.0554      
# span 14 = 0.0000e+00, 0.0000e+00      
# interval = seconds: 0.25
# start_time = Jul 18 2022 10:02:24 [Instrument's time stamp, header]
# bad_flag = -9.990e-29
*END*
[from data line 1350]
      2.311     -0.094     0.1679      1.277     62.523  47.667542     9.0993      6.631    -5.6282 2.0696e+01    22.7081      2.261      3.279    13.1658 0.0000e+00
      2.287     -0.094     0.1604      1.197     62.122  47.487782     9.1219      6.634    -5.9720 2.1286e+01    22.4840      2.241      3.251    13.1326 0.0000e+00
      2.270     -0.091     0.1507      1.130     62.022  47.560339     9.1944      6.636    -6.0349 2.1878e+01    22.4544      2.227      3.230    13.0836 0.0000e+00
      2.252     -0.089     0.1441      1.080     62.017  47.656702     9.9421      6.639    -6.3028 2.2715e+01    22.0764      2.211      3.206    13.0589 0.0000e+00
      2.231     -0.093     0.1339      1.060     61.777  47.510911    11.2869      6.643    -7.1464 2.3757e+01    21.3285      2.189      3.174    13.0890 0.0000e+00
      2.206     -0.100     0.1247      1.067     61.239  47.130066    12.0134      6.647    -7.5450 2.4788e+01    20.8926      2.163      3.138    13.2112 0.0000e+00
      2.180     -0.106     0.1181      1.083     60.694  46.795464    12.0834      6.650    -7.1648 2.5866e+01    20.8376      2.140      3.104    13.3565 0.0000e+00
      2.150     -0.109     0.1111      1.094     60.232  46.574338    12.2160      6.654    -6.5927 2.7042e+01    20.7663      2.110      3.061    13.4415 0.0000e+00
      2.116     -0.109     0.1094      1.091     59.752  46.360014    13.5428      6.656    -6.4783 2.8102e+01    19.7224      2.073      3.006    13.4535 0.0000e+00
      2.087     -0.108     0.1112      1.076     59.370  46.234560    15.9399      6.658    -6.7281 2.8883e+01    17.7469      2.043      2.963    13.4554 0.0000e+00
      2.062     -0.105     0.1127      1.058     59.038  46.136270    17.2295      6.661    -6.6883 2.9567e+01    16.6245      2.023      2.935    13.5298 0.0000e+00
      2.038     -0.100     0.1145      1.048     58.702  45.996569    17.3661      6.664    -6.3412 3.0361e+01    16.4686      2.000      2.901    13.6593 0.0000e+00
      2.013     -0.095     0.1131      1.025     58.434  45.877930    17.8336      6.666    -6.0586 3.1196e+01    16.6133      1.974      2.863    13.7827 0.0000e+00
      1.988     -0.090     0.1114      0.982     57.970  45.590156    18.6866      6.668    -6.1969 3.1975e+01    16.9724      1.950      2.828    13.9359 0.0000e+00
      1.964     -0.085     0.1080      0.952     57.289  45.181830    19.1393      6.671    -6.6361 3.2732e+01    17.1903      1.926      2.794    14.0883 0.0000e+00
      1.943     -0.079     0.1079      0.936     56.621  44.874501    19.1383      6.674    -6.8086 3.3486e+01    17.1983      1.904      2.761    14.1779 0.0000e+00
      1.923     -0.073     0.1068      0.928     56.122  44.729412    18.8068      6.677    -6.6484 3.4129e+01    16.8975      1.885      2.734    14.2669 0.0000e+00
      1.906     -0.068     0.0989      0.930     55.747  44.633267    18.2111      6.679    -6.6786 3.4670e+01    16.4235      1.869      2.711    14.3024 0.0000e+00
      1.891     -0.067     0.0972      0.935     55.139  44.283209    17.8786      6.681    -7.0874 3.5197e+01    16.2158      1.855      2.689    14.3868 0.0000e+00
      1.878     -0.068     0.0952      0.957     54.280  43.732452    17.6584      6.683    -7.2892 3.5699e+01    16.0250      1.841      2.670    14.6193 0.0000e+00
      1.864     -0.069     0.0930      0.997     53.497  43.303095    15.4314      6.685    -7.3113 3.6400e+01    13.7413      1.830      2.654    14.8635 0.0000e+00
      1.844     -0.072     0.0941      1.047     52.958  43.088678    11.3360      6.688    -7.6135 3.7587e+01     9.5094      1.813      2.628    15.0592 0.0000e+00
      1.819     -0.079     0.0930      1.126     52.532  42.916447     9.1074      6.690    -7.9317 3.8715e+01     7.2156      1.782      2.584    15.1526 0.0000e+00
      1.799     -0.090     0.0951      1.255     51.857  42.489570     8.8854      6.692    -8.4044 3.9275e+01     7.0490      1.760      2.553    15.2466 0.0000e+00
      1.784     -0.104     0.0998      1.445     50.931  41.860341     8.4599      6.695    -9.6291 4.0067e+01     6.7081      1.753      2.543    15.4645 0.0000e+00
      1.763     -0.117     0.1027      1.681     50.317  41.525025     7.6998      6.697   -11.0391 4.1847e+01     6.0318      1.734      2.516    15.6994 0.0000e+00
      1.728     -0.129     0.1099      1.937     50.146  41.543683     7.2865      6.699   -11.2557 4.4400e+01     5.6355      1.698      2.463    15.8669 0.0000e+00
      1.684     -0.141     0.1215      2.212     50.071  41.578693     7.2503      6.702   -10.3547 4.7124e+01     5.5719      1.650      2.394    15.9628 0.0000e+00
      1.640     -0.150     0.1404      2.504     49.696  41.314138     7.2450      6.704    -9.5247 4.9665e+01     5.5369      1.606      2.329    16.0668 0.0000e+00
      1.601     -0.151     0.1651      2.779     48.714  40.565038     7.1398      6.705    -9.0488 5.2198e+01     5.1436      1.570      2.276    16.2644 0.0000e+00
      1.565     -0.146     0.1886      3.026     47.625  39.815645     6.9267      6.707    -8.8171 5.4923e+01     4.4036      1.535      2.225    16.4482 0.0000e+00
      1.528     -0.139     0.2146      3.237     46.743  39.293855     6.7990      6.712    -8.7871 5.7870e+01     3.9681      1.499      2.174    16.5370 0.0000e+00
      1.492     -0.133     0.2453      3.402     45.779  38.696062     6.8022      6.714    -9.3755 6.0783e+01     3.9418      1.461      2.119    16.5610 0.0000e+00
      1.459     -0.128     0.2718      3.541     44.906  38.169184     6.9733      6.714   -10.3382 6.3316e+01     4.2228      1.428      2.071    16.5854 0.0000e+00
      1.429     -0.123     0.2946      3.675     44.379  37.933945     7.2698      6.716   -10.7910 6.5696e+01     4.6674      1.402      2.032    16.7722 0.0000e+00
      1.399     -0.118     0.3150      3.828     44.108  37.881488     7.4161      6.718   -11.2358 6.8567e+01     4.8423      1.374      1.992    17.0451 0.0000e+00
      1.368     -0.113     0.3274      4.015     43.784  37.725425     7.4189      6.720   -11.4142 7.1699e+01     4.7998      1.340      1.944    17.2577 0.0000e+00
      1.339     -0.109     0.3391      4.231     43.423  37.505764     7.5124      6.722   -10.5396 7.4303e+01     4.7685      1.310      1.901    17.4906 0.0000e+00
      1.313     -0.106     0.3488      4.463     42.958  37.191651     7.6886      6.725    -9.1789 7.6801e+01     4.7377      1.290      1.870    17.7484 0.0000e+00
      1.287     -0.102     0.3611      4.693     42.290  36.717922     7.7686      6.729    -8.0396 7.9646e+01     4.7343      1.263      1.831    17.9708 0.0000e+00
      1.261     -0.097     0.3786      4.902     41.625  36.280587     7.7391      6.732    -7.5196 8.2514e+01     4.7274      1.235      1.792    18.0868 0.0000e+00
      1.236     -0.093     0.3981      5.069     40.778  35.708901     7.4646      6.735    -7.4522 8.5428e+01     4.6203      1.212      1.758    18.1826 0.0000e+00
      1.212     -0.090     0.4203      5.196     39.942  35.195928     6.9723      6.737    -7.2245 8.8243e+01     4.4990      1.188      1.722    18.2833 0.0000e+00
      1.190     -0.087     0.4411      5.308     39.527  35.088049     6.7057      6.739    -7.2615 9.0963e+01     4.4905      1.167      1.692    18.3816 0.0000e+00
      1.170     -0.084     0.4604      5.427     39.391  35.165838     6.6711      6.740    -7.8997 9.3993e+01     4.5172      1.149      1.666    18.5784 0.0000e+00
      1.150     -0.083     0.4740      5.561     39.370  35.249006     6.5459      6.740    -8.2303 9.7598e+01     4.4804      1.129      1.638    18.7558 0.0000e+00
      1.129     -0.084     0.4819      5.700     39.206  35.142604     6.3064      6.740    -7.9887 1.0157e+02     4.4212      1.107      1.606    19.0199 0.0000e+00
      1.107     -0.087     0.4881      5.837     38.743  34.767110     6.1725      6.744    -7.4736 1.0527e+02     4.4161      1.084      1.573    19.4241 0.0000e+00
      1.087     -0.091     0.4956      5.982     38.277  34.450103     6.1678      6.747    -6.8209 1.0957e+02     4.4535      1.066      1.546    19.6809 0.0000e+00
      1.064     -0.094     0.5076      6.135     38.002  34.353430     6.1655      6.749    -6.4634 1.1551e+02     4.4626      1.046      1.517    19.7885 0.0000e+00
      1.038     -0.097     0.5203      6.288     37.859  34.359341     6.2030      6.750    -6.7647 1.2188e+02     4.4926      1.018      1.477    19.8206 0.0000e+00
      1.011     -0.100     0.5320      6.428     37.799  34.394940     6.2965      6.751    -7.5389 1.2755e+02     4.5767      0.991      1.436    19.8218 0.0000e+00
      0.985     -0.101     0.5439      6.553     37.743  34.403537     6.3642      6.751    -8.0799 1.3315e+02     4.6596      0.966      1.400    19.9657 0.0000e+00
      0.959     -0.099     0.5555      6.678     37.617  34.336549     6.3895      6.751    -7.8868 1.3880e+02     4.7431      0.941      1.365    20.2119 0.0000e+00
      0.933     -0.096     0.5674      6.818     37.498  34.282530     6.3527      6.752    -7.2684 1.4405e+02     4.9711      0.915      1.327    20.3990 0.0000e+00
      0.907     -0.094     0.5795      6.964     37.468  34.321139     6.2606      6.754    -6.7122 1.4959e+02     5.3671      0.888      1.288    20.5045 0.0000e+00
      0.885     -0.094     0.5889      7.115     37.445  34.359612     6.2072      6.757    -6.4102 1.5515e+02     5.6031      0.867      1.257    20.5768 0.0000e+00
      0.865     -0.095     0.5987      7.281     37.331  34.303933     6.1897      6.760    -6.7146 1.6109e+02     5.6727      0.850      1.232    20.6308 0.0000e+00
      0.844     -0.097     0.6114      7.464     37.169  34.218661     5.9661      6.763    -7.2086 1.6984e+02     6.0718      0.829      1.203    20.6957 0.0000e+00
      0.818     -0.100     0.6231      7.652     37.078  34.216365     5.5258      6.766    -7.4781 1.8132e+02     6.7741      0.803      1.165    20.8039 0.0000e+00
      0.788     -0.103     0.6350      7.833     37.068  34.276289     5.2689      6.768    -7.8226 1.9122e+02     7.1942      0.772      1.120    20.8853 0.0000e+00
      0.759     -0.106     0.6493      8.018     37.075  34.309229     5.2411      6.770    -7.8467 1.9559e+02     7.2576      0.743      1.079    20.9303 0.0000e+00
      0.733     -0.107     0.6650      8.257     37.065  34.297654     5.3136      6.772    -9.4899 1.9703e+02     7.3707      0.719      1.043    21.0115 0.0000e+00
      0.708     -0.106     0.6806      8.591     37.019  34.263133     5.4633      6.773   -13.5802 2.0178e+02     7.6048      0.695      1.008    21.1409 0.0000e+00
      0.681     -0.105     0.6951      8.998     36.902  34.208878     5.5370      6.774   -19.1005 2.0956e+02     7.6974      0.668      0.968    21.2572 0.0000e+00
      0.653     -0.104     0.7091      9.433     36.729  34.148980     5.5052      6.775   -26.4190 2.1788e+02     7.7046      0.640      0.928    21.2830 0.0000e+00
      0.627     -0.102     0.7287      9.884     36.571  34.109710     5.2790      6.776   -31.9454 2.3440e+02     7.9306      0.614      0.893    21.2540 0.0000e+00
      0.600     -0.099     0.7596     10.438     36.483  34.114659     4.8737      6.778   -33.0920 2.5145e+02     8.3116      0.588      0.853    21.2469 0.0000e+00
      0.573     -0.094     0.7967     11.253     36.443  34.145534     4.6501      6.779   -32.7966 2.5568e+02     8.4858      0.560      0.813    21.3160 0.0000e+00
      0.550     -0.090     0.8331     12.393     36.407  34.166080     4.6307      6.781   -35.7731 2.6262e+02     8.4663      0.538      0.780    21.4833 0.0000e+00
      0.530     -0.087     0.8682     13.744     36.355  34.172935     4.6227      6.783   -41.8926 2.7512e+02     8.4505      0.519      0.753    21.6442 0.0000e+00
      0.510     -0.087     0.9080     15.129     36.233  34.165080     4.6210      6.785   -46.0433 2.8353e+02     8.5680      0.500      0.725    21.7586 0.0000e+00
      0.489     -0.090     0.9748     16.440     36.075  34.198073     4.6260      6.790   -48.5316 2.8918e+02     8.7940      0.480      0.696    21.8476 0.0000e+00
      0.467     -0.095     1.0787     17.774     35.910  34.255081     4.6247      6.795   -50.3827 2.9008e+02     8.8604      0.459      0.666    21.9252 0.0000e+00
      0.442     -0.101     1.2012     19.395     35.679  34.220611     4.6145      6.800   -49.4952 2.8991e+02     8.8243      0.435      0.629    21.9669 0.0000e+00
      0.415     -0.105     1.3249     21.644     35.515  34.162002     4.4939      6.806   -47.6102 3.0892e+02     8.8695      0.408      0.592    22.0870 0.0000e+00
      0.384     -0.105     1.4270     24.714     35.521  34.180642     4.2654      6.816   -47.0363 3.3295e+02     8.9626      0.379      0.549    22.3858 0.0000e+00
      0.352     -0.105     1.5253     28.431     35.610  34.255786     4.1323      6.829   -48.2341 3.2769e+02     8.9938      0.342      0.497    22.6978 0.0000e+00
      0.324     -0.106     1.6447     32.467     35.718  34.373073     4.0991      6.847   -51.0800 3.1971e+02     8.9394      0.315      0.456    23.0029 0.0000e+00
      0.304     -0.108     1.8220     36.421     35.719  34.457448     3.9896      6.869   -53.0523 3.3678e+02     8.8521      0.299      0.433    23.1481 0.0000e+00
      0.283     -0.109     2.0964     39.781     35.561  34.451802     3.8149      6.890   -52.8089 3.6582e+02     8.7576      0.280      0.407    23.1056 0.0000e+00
      0.254     -0.110     2.4248     42.214     35.399  34.431838     3.7343      6.908   -52.5248 4.3828e+02     8.7192      0.252      0.367    23.0894 0.0000e+00
      0.219     -0.114     2.7812     43.874     35.337  34.469892     3.7394      6.926   -53.5751 5.8094e+02     8.6950      0.215      0.312    23.0714 0.0000e+00
      0.185     -0.117     3.1323     45.354     35.307  34.531606     3.7773      6.945   -55.3553 6.7514e+02     8.6355      0.176      0.255    23.1813 0.0000e+00
      0.158     -0.115     3.4136     47.160     35.226  34.544081     3.8510      6.963   -56.4117 6.7575e+02     8.6490      0.155      0.223    23.4518 0.0000e+00
      0.131     -0.109     3.6035     49.375     35.111  34.494058     3.8972      6.980   -56.3667 6.9007e+02     8.7215      0.133      0.192    23.6566 0.0000e+00
      0.099     -0.109     3.7128     51.782     35.043  34.434125     3.8872      7.000   -56.4471 7.0921e+02     8.7265      0.095      0.138    23.7671 0.0000e+00
      0.071     -0.122     3.8117     54.221     35.094  34.453509     3.7056      7.027   -56.9533 7.3911e+02     8.5737      0.065      0.094    23.8877 0.0000e+00
      0.054     -0.144     3.9528     56.778     35.247  34.601561     3.3741      7.065   -57.2381 8.1024e+02     8.3085      0.054      0.079    24.0415 0.0000e+00
      0.031     -0.162     4.1378     59.346     35.329  34.765842     3.2000      7.114   -57.5677 9.4138e+02     8.1840      0.041      0.059    24.1502 0.0000e+00
     -0.017     -0.167     4.3500     61.468     35.207  34.791368     3.1897      7.170   -57.9270 1.0218e+03     8.2300     -0.005     -0.008    24.1506 0.0000e+00
     -0.091     -0.158     4.5516     62.847     35.017  34.720203     3.1667      7.226   -57.1939 8.0400e+02     8.2158     -0.091     -0.131    24.0687 0.0000e+00
     -0.159     -0.137     4.7725     63.801     34.992  34.729863     3.0223      7.272   -55.7592 4.9215e+02     7.9768     -0.173     -0.251    24.0231 0.0000e+00
     -0.194     -0.105     4.9955     65.047     35.104  34.844800     2.7843      7.311   -54.6048 3.7443e+02     7.6303     -0.202     -0.292    24.1541 0.0000e+00
     -0.199     -0.065     5.1589     66.900     35.121  34.905146     2.6685      7.346   -53.7323 3.6426e+02     7.4762     -0.198     -0.287    24.4258 0.0000e+00
