Data/DataNotYetUploadedToEDI/Raw_CTD/RawDownloads/071822_bvr50_S7809002.cnv
* Sea-Bird SBE19plus  Data File:
* FileName = C:\R\Reservoirs\Data\DataNotYetUploadedToEDI\Raw_CTD\RawDownloads\071822_bvr40_S7809_0002.hex
* Software version 2.8.0.119
* Temperature SN = 7809
* Conductivity SN = 7809
* System UpLoad Time = Jul 18 2022 15:44:11
* <ApplicationData>
* <Seaterm232>
# nquan = 15
# nvalues = 1637                        
# units = specified
# name 0 = depFM: Depth [fresh water, m]
# name 1 = dz/dtM: Descent Rate [m/s]
# name 2 = sbeox0Mg/L: Oxygen, SBE 43 [mg/l]
# name 3 = sbeox0PS: Oxygen, SBE 43 [% saturation]
# name 4 = specc: Specific Conductance [uS/cm]
# name 5 = c0uS/cm: Conductivity [uS/cm]
# name 6 = flECO-AFL: Fluorescence, WET Labs ECO-AFL/FL [mg/m^3]
# name 7 = ph: pH
# name 8 = orp: Oxidation Reduction Potential [mV]
# name 9 = par/sat/log: PAR/Logarithmic, Satlantic
# name 10 = turbWETntu0: Turbidity, WET Labs ECO [NTU]
# name 11 = prdM: Pressure, Strain Gauge [db]
# name 12 = prdE: Pressure, Strain Gauge [psi]
# name 13 = tv290C: Temperature [ITS-90, deg C]
# name 14 = flag:  0.000e+00
# span 0 =     -0.737,      7.446       
# span 1 =     -0.462,      0.172       
# span 2 =     0.0361,     7.4675       
# span 3 =      0.351,     93.596       
# span 4 =      3.491,    113.254       
# span 5 =   3.502008,  79.199104       
# span 6 =    -1.6699,    32.6318       
# span 7 =      6.868,      7.790       
# span 8 =  -143.7475,   157.2052       
# span 9 = 1.2350e-01, 1.5430e+03       
# span 10 =    -0.7226,     7.5569      
# span 11 =     -0.723,      7.311      
# span 12 =     -1.049,     10.603      
# span 13 =     9.9617,    27.7371      
# span 14 = 0.0000e+00, 0.0000e+00      
# interval = seconds: 0.25
# start_time = Jul 18 2022 08:28:19 [Instrument's time stamp, header]
# bad_flag = -9.990e-29
*END*
[from data line 964]
      5.997      0.036     0.0487      0.483    103.694  73.046056     2.1653      7.178  -113.2500 1.2365e-01     3.3743      5.881      8.529    10.2400 0.0000e+00
      6.010      0.038     0.0503      0.485    103.698  73.038227     2.1554      7.179  -113.2978 1.2362e-01     3.3242      5.896      8.551    10.2369 0.0000e+00
      6.020      0.040     0.0513      0.461    103.729  73.052925     2.1193      7.180  -113.3274 1.2366e-01     3.2281      5.905      8.564    10.2315 0.0000e+00
      6.030      0.041     0.0505      0.436    103.799  73.096698     2.0605      7.181  -113.3498 1.2372e-01     3.1689      5.913      8.576    10.2251 0.0000e+00
      6.039      0.040     0.0555      0.424    103.844  73.122757     2.0273      7.181  -113.3971 1.2375e-01     3.1882      5.923      8.589    10.2191 0.0000e+00
      6.049      0.040     0.0558      0.433    103.837  73.113872     2.0259      7.182  -113.6404 1.2373e-01     3.2563      5.930      8.601    10.2138 0.0000e+00
      6.060      0.040     0.0514      0.457    103.839  73.116319     2.0517      7.183  -113.8834 1.2368e-01     3.3095      5.942      8.619    10.2105 0.0000e+00
      6.071      0.039     0.0486      0.467    103.888  73.152353     2.0814      7.185  -113.9255 1.2361e-01     3.3192      5.955      8.637    10.2090 0.0000e+00
      6.081      0.038     0.0468      0.460    103.913  73.168370     2.0853      7.185  -113.9776 1.2360e-01     3.3044      5.963      8.649    10.2056 0.0000e+00
      6.091      0.036     0.0475      0.456    103.938  73.182915     2.0828      7.185  -114.0833 1.2365e-01     3.2683      5.973      8.663    10.2024 0.0000e+00
      6.100      0.034     0.0524      0.461    103.967  73.201146     2.1265      7.185  -114.0852 1.2368e-01     3.2239      5.983      8.677    10.2040 0.0000e+00
      6.108      0.032     0.0534      0.464    103.963  73.198208     2.2131      7.185  -114.0858 1.2367e-01     3.2461      5.990      8.688    10.2059 0.0000e+00
      6.115      0.031     0.0513      0.448    103.983  73.210922     2.2642      7.186  -114.1776 1.2368e-01     3.3317      5.997      8.698    10.2043 0.0000e+00
      6.122      0.031     0.0509      0.436    104.008  73.227806     2.2702      7.188  -114.2486 1.2373e-01     3.3711      6.003      8.707    10.2022 0.0000e+00
      6.130      0.031     0.0514      0.452    103.991  73.211751     2.2692      7.188  -114.2556 1.2373e-01     3.3131      6.011      8.719    10.2015 0.0000e+00
      6.139      0.032     0.0536      0.464    103.998  73.207395     2.2601      7.189  -114.2616 1.2369e-01     3.2103      6.021      8.732    10.2014 0.0000e+00
      6.146      0.033     0.0507      0.461    104.063  73.238657     2.2525      7.190  -114.3209 1.2364e-01     3.1530      6.028      8.742    10.2011 0.0000e+00
      6.154      0.034     0.0461      0.459    104.130  73.272065     2.2521      7.192  -114.4563 1.2362e-01     3.2007      6.034      8.752    10.2007 0.0000e+00
      6.164      0.035     0.0520      0.455    104.175  73.293648     2.2306      7.192  -114.6943 1.2365e-01     3.2405      6.044      8.767    10.1999 0.0000e+00
      6.174      0.035     0.0528      0.452    104.205  73.309012     2.1916      7.192  -114.9622 1.2366e-01     3.1565      6.055      8.781    10.1950 0.0000e+00
      6.183      0.035     0.0510      0.451    104.239  73.330766     2.1722      7.192  -115.1146 1.2365e-01     3.0387      6.063      8.793    10.1868 0.0000e+00
      6.191      0.034     0.0520      0.444    104.292  73.366067     2.1630      7.193  -115.2460 1.2362e-01     2.9773      6.071      8.806    10.1798 0.0000e+00
      6.200      0.033     0.0510      0.435    104.370  73.418180     2.1467      7.193  -115.4310 1.2361e-01     2.9949      6.081      8.819    10.1746 0.0000e+00
      6.208      0.031     0.0504      0.438    104.425  73.452591     2.1487      7.193  -115.6319 1.2367e-01     3.0813      6.088      8.830    10.1722 0.0000e+00
      6.216      0.030     0.0512      0.447    104.447  73.464468     2.1878      7.193  -115.9539 1.2372e-01     3.2008      6.096      8.842    10.1720 0.0000e+00
      6.224      0.028     0.0503      0.460    104.499  73.498249     2.2287      7.194  -116.2268 1.2370e-01     3.2786      6.104      8.854    10.1709 0.0000e+00
      6.231      0.027     0.0477      0.472    104.568  73.543371     2.2343      7.194  -116.2652 1.2366e-01     3.3050      6.111      8.863    10.1697 0.0000e+00
      6.237      0.027     0.0498      0.472    104.604  73.565298     2.2144      7.194  -116.2453 1.2363e-01     3.3156      6.117      8.870    10.1678 0.0000e+00
      6.243      0.028     0.0496      0.461    104.620  73.572771     2.1881      7.194  -116.3307 1.2365e-01     3.2704      6.121      8.880    10.1656 0.0000e+00
      6.249      0.029     0.0518      0.442    104.710  73.633723     2.1822      7.196  -116.5231 1.2371e-01     3.2022      6.128      8.888    10.1646 0.0000e+00
      6.257      0.032     0.0536      0.429    104.851  73.730465     2.2019      7.199  -116.6782 1.2370e-01     3.2074      6.136      8.899    10.1635 0.0000e+00
      6.265      0.034     0.0535      0.430    104.938  73.789479     2.2090      7.199  -116.7440 1.2365e-01     3.2310      6.143      8.909    10.1612 0.0000e+00
      6.274      0.036     0.0522      0.433    105.013  73.838984     2.1938      7.199  -116.8026 1.2361e-01     3.1810      6.152      8.922    10.1595 0.0000e+00
      6.285      0.036     0.0494      0.428    105.087  73.884289     2.1759      7.199  -116.8706 1.2355e-01     3.0811      6.165      8.941    10.1586 0.0000e+00
      6.296      0.036     0.0475      0.436    105.112  73.892512     2.1588      7.199  -116.8786 1.2358e-01     2.9788      6.175      8.956    10.1571 0.0000e+00
      6.305      0.034     0.0480      0.450    105.098  73.874864     2.1454      7.199  -116.8130 1.2368e-01     2.9696      6.182      8.967    10.1561 0.0000e+00
      6.314      0.030     0.0500      0.453    105.085  73.861502     2.1389      7.200  -116.8520 1.2368e-01     3.0376      6.192      8.981    10.1550 0.0000e+00
      6.322      0.027     0.0466      0.449    105.082  73.858016     2.1386      7.202  -117.0052 1.2363e-01     3.0842      6.201      8.993    10.1519 0.0000e+00
      6.327      0.025     0.0489      0.446    105.045  73.832715     2.1508      7.202  -117.0311 1.2357e-01     3.0884      6.206      9.000    10.1466 0.0000e+00
      6.332      0.024     0.0514      0.453    105.010  73.809715     2.1608      7.203  -116.9934 1.2358e-01     3.0886      6.208      9.005    10.1426 0.0000e+00
      6.337      0.025     0.0508      0.457    105.043  73.834061     2.1523      7.203  -117.0647 1.2362e-01     3.1556      6.214      9.012    10.1409 0.0000e+00
      6.343      0.027     0.0509      0.448    105.100  73.872955     2.1386      7.203  -117.1190 1.2360e-01     3.2491      6.221      9.023    10.1400 0.0000e+00
      6.348      0.030     0.0491      0.442    105.145  73.898770     2.1370      7.203  -117.1333 1.2360e-01     3.2622      6.225      9.029    10.1410 0.0000e+00
      6.356      0.034     0.0510      0.443    105.237  73.955582     2.1490      7.203  -117.2373 1.2361e-01     3.2459      6.232      9.038    10.1418 0.0000e+00
      6.367      0.039     0.0525      0.441    105.384  74.051586     2.1590      7.204  -117.2579 1.2361e-01     3.2913      6.243      9.055    10.1423 0.0000e+00
      6.378      0.043     0.0500      0.441    105.476  74.106532     2.1504      7.204  -117.1245 1.2360e-01     3.2982      6.255      9.073    10.1433 0.0000e+00
      6.389      0.045     0.0492      0.441    105.499  74.111652     2.1369      7.204  -117.0877 1.2360e-01     3.2272      6.265      9.086    10.1391 0.0000e+00
      6.401      0.046     0.0506      0.438    105.513  74.113471     2.1364      7.205  -117.1569 1.2363e-01     3.1841      6.277      9.104    10.1344 0.0000e+00
      6.415      0.044     0.0492      0.437    105.541  74.128521     2.1610      7.206  -117.2731 1.2364e-01     3.2206      6.293      9.127    10.1328 0.0000e+00
      6.428      0.039     0.0497      0.440    105.597  74.166543     2.2018      7.206  -117.5460 1.2361e-01     3.2935      6.304      9.143    10.1275 0.0000e+00
      6.438      0.032     0.0499      0.445    105.635  74.191988     2.2209      7.205  -117.8753 1.2360e-01     3.3480      6.315      9.159    10.1210 0.0000e+00
      6.446      0.025     0.0489      0.447    105.623  74.182030     2.2174      7.205  -118.0709 1.2364e-01     3.3336      6.324      9.172    10.1174 0.0000e+00
      6.450      0.020     0.0493      0.451    105.611  74.173218     2.1841      7.206  -118.2763 1.2369e-01     3.2560      6.326      9.175    10.1155 0.0000e+00
      6.452      0.019     0.0490      0.456    105.666  74.212504     2.1185      7.206  -118.5525 1.2369e-01     3.2291      6.327      9.177    10.1154 0.0000e+00
      6.452      0.020     0.0508      0.456    105.759  74.275833     2.0730      7.207  -118.6566 1.2369e-01     3.2817      6.327      9.177    10.1149 0.0000e+00
      6.455      0.024     0.0501      0.457    105.803  74.303570     2.0750      7.207  -118.6746 1.2374e-01     3.3453      6.326      9.176    10.1137 0.0000e+00
      6.464      0.029     0.0502      0.448    105.792  74.293728     2.1098      7.207  -118.7711 1.2374e-01     3.3493      6.336      9.190    10.1137 0.0000e+00
      6.477      0.034     0.0524      0.427    105.780  74.283894     2.1447      7.207  -118.8765 1.2375e-01     3.3302      6.355      9.216    10.1146 0.0000e+00
      6.487      0.039     0.0505      0.417    105.823  74.311737     2.1554      7.207  -119.0880 1.2375e-01     3.3187      6.364      9.230    10.1136 0.0000e+00
      6.495      0.041     0.0521      0.421    105.922  74.376241     2.1477      7.208  -119.2632 1.2366e-01     3.2790      6.368      9.235    10.1114 0.0000e+00
      6.505      0.040     0.0513      0.430    106.008  74.428451     2.1261      7.209  -119.2748 1.2357e-01     3.2265      6.378      9.251    10.1104 0.0000e+00
      6.518      0.040     0.0472      0.443    106.029  74.434706     2.1026      7.209  -119.4005 1.2357e-01     3.1611      6.393      9.272    10.1102 0.0000e+00
      6.530      0.040     0.0464      0.452    106.064  74.451858     2.0961      7.210  -119.5775 1.2360e-01     3.1038      6.404      9.289    10.1097 0.0000e+00
      6.538      0.040     0.0473      0.452    106.152  74.508754     2.0980      7.211  -119.6090 1.2359e-01     3.0794      6.412      9.300    10.1069 0.0000e+00
      6.547      0.040     0.0482      0.462    106.217  74.550812     2.0920      7.211  -119.6082 1.2355e-01     3.0719      6.420      9.311    10.1025 0.0000e+00
      6.557      0.040     0.0496      0.472    106.260  74.579161     2.0820      7.211  -119.5678 1.2356e-01     3.0469      6.430      9.326    10.0980 0.0000e+00
      6.567      0.040     0.0524      0.466    106.290  74.597373     2.0775      7.211  -119.4657 1.2362e-01     3.0160      6.440      9.340    10.0949 0.0000e+00
      6.578      0.040     0.0496      0.457    106.269  74.580406     2.0786      7.211  -119.4925 1.2367e-01     3.0403      6.450      9.356    10.0925 0.0000e+00
      6.590      0.039     0.0517      0.462    106.247  74.564619     2.1036      7.212  -119.6335 1.2371e-01     3.1696      6.463      9.374    10.0905 0.0000e+00
      6.601      0.038     0.0545      0.462    106.291  74.597103     2.1476      7.213  -119.7933 1.2371e-01     3.3151      6.474      9.390    10.0903 0.0000e+00
      6.610      0.037     0.0524      0.450    106.373  74.655483     2.1605      7.214  -119.9626 1.2367e-01     3.3313      6.483      9.403    10.0891 0.0000e+00
      6.617      0.037     0.0505      0.447    106.437  74.698672     2.1434      7.216  -120.0451 1.2363e-01     3.2638      6.489      9.411    10.0872 0.0000e+00
      6.624      0.038     0.0518      0.449    106.590  74.801608     2.1315      7.216  -120.0169 1.2361e-01     3.2162      6.495      9.421    10.0873 0.0000e+00
      6.634      0.040     0.0534      0.444    106.809  74.947018     2.1334      7.216  -119.9658 1.2354e-01     3.2328      6.505      9.435    10.0889 0.0000e+00
      6.645      0.042     0.0495      0.434    106.894  74.995468     2.1413      7.215  -119.9430 1.2350e-01     3.2934      6.517      9.451    10.0898 0.0000e+00
      6.657      0.043     0.0504      0.424    106.922  75.006179     2.1519      7.215  -119.9993 1.2358e-01     3.3339      6.528      9.467    10.0884 0.0000e+00
      6.670      0.043     0.0510      0.424    107.027  75.076512     2.1542      7.216  -120.0446 1.2368e-01     3.3137      6.541      9.487    10.0866 0.0000e+00
      6.683      0.041     0.0504      0.427    107.128  75.146946     2.1434      7.216  -120.0602 1.2365e-01     3.2534      6.556      9.508    10.0835 0.0000e+00
      6.693      0.036     0.0488      0.434    107.148  75.158873     2.1379      7.216  -120.2745 1.2360e-01     3.2204      6.565      9.521    10.0764 0.0000e+00
      6.701      0.032     0.0471      0.449    107.150  75.157179     2.1374      7.217  -120.4850 1.2360e-01     3.2221      6.571      9.530    10.0711 0.0000e+00
      6.708      0.028     0.0478      0.465    107.199  75.189999     2.1299      7.218  -120.5391 1.2362e-01     3.2398      6.578      9.541    10.0707 0.0000e+00
      6.714      0.025     0.0480      0.466    107.267  75.238012     2.1139      7.219  -120.6714 1.2368e-01     3.2295      6.584      9.549    10.0714 0.0000e+00
      6.719      0.024     0.0485      0.449    107.347  75.292940     2.1022      7.218  -120.8802 1.2375e-01     3.1663      6.589      9.556    10.0704 0.0000e+00
      6.725      0.024     0.0503      0.439    107.429  75.345825     2.1037      7.218  -121.0849 1.2378e-01     3.0905      6.595      9.566    10.0680 0.0000e+00
      6.730      0.025     0.0531      0.449    107.471  75.369120     2.1079      7.218  -121.2530 1.2377e-01     3.0296      6.600      9.573    10.0674 0.0000e+00
      6.736      0.027     0.0536      0.454    107.499  75.383977     2.1110      7.219  -121.3640 1.2372e-01     3.0107      6.605      9.579    10.0687 0.0000e+00
      6.743      0.029     0.0502      0.442    107.524  75.398380     2.1246      7.220  -121.4800 1.2368e-01     3.0335      6.612      9.590    10.0681 0.0000e+00
      6.752      0.032     0.0479      0.428    107.553  75.416191     2.1474      7.221  -121.6240 1.2364e-01     3.0656      6.621      9.604    10.0655 0.0000e+00
      6.761      0.035     0.0513      0.432    107.637  75.472245     2.1614      7.222  -121.7285 1.2363e-01     3.0914      6.631      9.617    10.0624 0.0000e+00
      6.770      0.039     0.0520      0.449    107.780  75.567814     2.1616      7.223  -121.8835 1.2366e-01     3.0714      6.638      9.627    10.0597 0.0000e+00
      6.779      0.041     0.0498      0.454    107.952  75.682162     2.1577      7.224  -122.1206 1.2368e-01     2.9952      6.647      9.640    10.0584 0.0000e+00
      6.790      0.042     0.0475      0.437    108.095  75.774642     2.1481      7.224  -122.3587 1.2370e-01     2.9562      6.659      9.657    10.0577 0.0000e+00
      6.802      0.042     0.0475      0.429    108.137  75.796425     2.1361      7.224  -122.5253 1.2369e-01     2.9762      6.672      9.675    10.0564 0.0000e+00
      6.815      0.041     0.0517      0.444    108.085  75.754920     2.1382      7.224  -122.4998 1.2364e-01     3.0320      6.683      9.693    10.0548 0.0000e+00
      6.826      0.038     0.0524      0.451    108.032  75.717576     2.1479      7.224  -122.4804 1.2366e-01     3.1180      6.696      9.712    10.0513 0.0000e+00
      6.836      0.034     0.0489      0.447    108.041  75.726134     2.1544      7.224  -122.6354 1.2369e-01     3.1611      6.705      9.724    10.0473 0.0000e+00
