Data/DataNotYetUploadedToEDI/Raw_CTD/RawDownloads/071822_bvr40_S7809001.cnv
* Sea-Bird SBE19plus  Data File:
* FileName = C:\R\Reservoirs\Data\DataNotYetUploadedToEDI\Raw_CTD\RawDownloads\071822_bvr40_S7809_0001.hex
* Software version 2.8.0.119
* Temperature SN = 7809
* Conductivity SN = 7809
* System UpLoad Time = Jul 18 2022 15:43:28
* <ApplicationData>
* <Seaterm232>
# nquan = 15
# nvalues = 486                         
# units = specified
# name 0 = depFM: Depth [fresh water, m]
# name 1 = dz/dtM: Descent Rate [m/s]
# name 2 = sbeox0Mg/L: Oxygen, SBE 43 [mg/l]
# name 3 = sbeox0PS: Oxygen, SBE 43 [% saturation]
# name 4 = specc: Specific Conductance [uS/cm]
# name 5 = c0uS/cm: Conductivity [uS/cm]
# name 6 = flECO-AFL: Fluorescence, WET Labs ECO-AFL/FL [mg/m^3]
# name 7 = ph: pH
# name 8 = orp: Oxidation Reduction Potential [mV]
# name 9 = par/sat/log: PAR/Logarithmic, Satlantic
# name 10 = turbWETntu0: Turbidity, WET Labs ECO [NTU]
# name 11 = prdM: Pressure, Strain Gauge [db]
# name 12 = prdE: Pressure, Strain Gauge [psi]
# name 13 = tv290C: Temperature [ITS-90, deg C]
# name 14 = flag:  0.000e+00
# span 0 =     -0.752,      2.326       
# span 1 =     -0.421,      0.209       
# span 2 =     0.0566,     7.2730       
# span 3 =      0.620,     92.359       
# span 4 =     25.439,    281.191       
# span 5 =  27.609049, 243.434742       
# span 6 =    -0.9126,     7.2749       
# span 7 =      6.915,      7.777       
# span 8 =    39.6654,   137.4377       
# span 9 = 4.2183e+01, 1.9875e+03       
# span 10 =     4.4019,   931.7929      
# span 11 =     -0.739,      2.284      
# span 12 =     -1.072,      3.313      
# span 13 =    18.0045,    30.9000      
# span 14 = 0.0000e+00, 0.0000e+00      
# interval = seconds: 0.25
# start_time = Jul 18 2022 07:43:25 [Instrument's time stamp, header]
# bad_flag = -9.990e-29
*END*
[from data line 386]
      2.266      0.035     0.0751      0.778    176.561 153.084298     3.7044      7.034    82.9895 4.6569e+01     5.1549      2.222      3.222    18.4270 0.0000e+00
      2.277      0.038     0.0721      0.793    208.756 180.615453     3.7039      7.033    81.6093 4.6003e+01     5.1296      2.233      3.238    18.4503 0.0000e+00
      2.287      0.039     0.0699      0.783    226.671 195.695415     3.6630      7.031    80.3240 4.5365e+01     5.0400      2.242      3.252    18.4904 0.0000e+00
      2.297      0.036     0.0718      0.758    233.406 201.157459     3.5846      7.028    78.4626 4.4507e+01     4.9587      2.252      3.266    18.4540 0.0000e+00
      2.308      0.030     0.0724      0.739    236.480 203.578810     3.5380      7.022    75.3649 4.3571e+01     4.9328      2.264      3.282    18.3655 0.0000e+00
      2.318      0.017     0.0763      0.718    240.745 207.133384     3.5329      7.013    70.8321 4.2683e+01     4.9320      2.275      3.300    18.2668 0.0000e+00
      2.325     -0.004     0.0742      0.693    245.519 211.201447     3.4889      7.004    66.2466 4.2183e+01     4.9494      2.281      3.308    18.1576 0.0000e+00
      2.326     -0.039     0.0708      0.678    241.641 207.867560     3.3808      6.999    63.4583 4.2533e+01     4.9717      2.284      3.313    18.0765 0.0000e+00
      2.319     -0.097     0.0702      0.688    223.928 192.646253     3.3160      6.997    62.4999 4.3961e+01     4.9627      2.278      3.306    18.0314 0.0000e+00
      2.299     -0.181     0.0680      0.704    208.734 179.596168     3.2974      6.997    62.0581 4.6326e+01     4.9769      2.259      3.276    18.0092 0.0000e+00
      2.263     -0.271     0.0656      0.709    218.295 187.844444     3.0721      6.999    61.3863 5.0501e+01     5.1436      2.231      3.235    18.0045 0.0000e+00
      2.193     -0.336     0.0627      0.702    241.323 207.677050     2.6637      6.999    60.2278 5.9526e+01     5.4412      2.169      3.147    18.0066 0.0000e+00
      2.069     -0.354     0.0651      0.689    243.624 209.680261     2.4540      6.994    58.0306 7.6057e+01     5.6721      2.050      2.974    18.0106 0.0000e+00
      1.902     -0.328     0.0669      0.683    225.134 193.805211     2.4428      6.984    55.5556 9.6703e+01     6.0903      1.859      2.698    18.0165 0.0000e+00
      1.759     -0.282     0.0676      0.682    210.708 181.443376     2.4455      6.974    53.9639 1.0899e+02    10.5321      1.682      2.440    18.0214 0.0000e+00
      1.708     -0.237     0.0666      0.667    205.889 177.365623     2.4528      6.968    52.4659 1.0569e+02    18.7615      1.644      2.384    18.0239 0.0000e+00
      1.734     -0.198     0.0647      0.641    208.945 180.075750     2.4486      6.969    50.7797 9.7268e+01    23.2326      1.702      2.469    18.0282 0.0000e+00
      1.761     -0.158     0.0643      0.629    224.606 193.639211     2.4364      6.972    49.6657 9.7883e+01    23.6016      1.753      2.542    18.0370 0.0000e+00
      1.725     -0.123     0.0648      0.622    246.822 212.848278     2.3881      6.971    48.8048 1.1223e+02    23.4616      1.725      2.502    18.0502 0.0000e+00
      1.620     -0.108     0.0643      0.622    262.173 226.152534     2.2896      6.964    47.7706 1.3075e+02    23.0772      1.585      2.300    18.0686 0.0000e+00
      1.527     -0.114     0.0589      0.635    268.399 231.610418     2.2195      6.954    46.3670 1.3599e+02    22.7796      1.456      2.111    18.0888 0.0000e+00
      1.518     -0.130     0.0600      0.645    270.940 233.904524     2.1980      6.949    44.4819 1.2639e+02    22.6977      1.465      2.125    18.1028 0.0000e+00
      1.568     -0.135     0.0583      0.640    272.697 235.514019     2.1795      6.953    43.1318 1.1822e+02    22.9070      1.549      2.247    18.1119 0.0000e+00
      1.592     -0.115     0.0580      0.628    274.113 236.790870     2.1372      6.957    42.8636 1.2546e+02    23.2611      1.598      2.318    18.1242 0.0000e+00
      1.530     -0.081     0.0600      0.620    275.283 237.815636     2.0944      6.955    42.6161 1.4736e+02    23.3929      1.530      2.220    18.1410 0.0000e+00
      1.412     -0.051     0.0615      0.620    276.267 238.682075     2.0859      6.947    42.0317 1.6528e+02    23.4416      1.361      1.974    18.1611 0.0000e+00
      1.343     -0.029     0.0605      0.636    277.235 239.581278     2.1100      6.937    41.5624 1.6353e+02    23.9182      1.267      1.837    18.1810 0.0000e+00
      1.382     -0.017     0.0583      0.651    278.450 240.745705     2.1443      6.930    40.8994 1.4671e+02    24.7148      1.334      1.935    18.1914 0.0000e+00
      1.479     -0.014     0.0590      0.674    280.022 242.256448     2.1593      6.930    40.0380 1.2821e+02    25.1135      1.464      2.124    18.1901 0.0000e+00
      1.544     -0.018     0.0566      0.722    281.191 243.434742     2.1661      6.935    39.6654 1.2287e+02    25.0154      1.547      2.243    18.1896 0.0000e+00
      1.526     -0.028     0.0610      0.778    278.585 241.347543     2.1518      6.936    39.8349 1.3730e+02    23.5625      1.529      2.217    18.2011 0.0000e+00
      1.431     -0.034     0.0609      0.827    267.392 231.815410     2.0944      6.932    40.3674 1.6016e+02    20.9034      1.408      2.042    18.2231 0.0000e+00
      1.331     -0.030     0.0622      0.856    246.418 213.789552     2.0474      6.924    41.1139 1.7126e+02    19.4406      1.268      1.839    18.2513 0.0000e+00
      1.315     -0.019     0.0678      0.867    217.832 189.131863     2.0322      6.917    41.4614 1.6057e+02    19.2331      1.249      1.810    18.2818 0.0000e+00
      1.390     -0.014     0.0732      0.877    168.759 146.639455     2.0352      6.915    41.2130 1.3836e+02    18.8726      1.360      1.971    18.3130 0.0000e+00
      1.481     -0.025     0.0786      0.872    100.323  87.325639     2.0424      6.918    41.1217 1.2518e+02    18.2926      1.480      2.146    18.3436 0.0000e+00
      1.508     -0.059     0.0812      0.841     52.631  46.189980     2.0363      6.920    41.8198 1.3380e+02    17.9584      1.516      2.198    18.3778 0.0000e+00
      1.445     -0.110     0.0811      0.810     38.172  34.189934     2.0272      6.920    42.7710 1.5606e+02    17.8728      1.438      2.084    18.4100 0.0000e+00
      1.333     -0.156     0.0823      0.799     35.582  32.598875     2.0245      6.919    43.0720 1.7572e+02    17.7697      1.296      1.880    18.4473 0.0000e+00
      1.241     -0.171     0.0839      0.953     34.755  32.406349     2.0200      6.919    42.8781 1.8467e+02    16.6097      1.193      1.731    18.5073 0.0000e+00
      1.202     -0.145     0.0770      1.535     34.316  32.370090     2.0056      6.922    42.7504 1.8228e+02    14.3678      1.166      1.691    18.8525 0.0000e+00
      1.200     -0.094     0.0745      2.589     34.045  32.351186     1.9928      6.925    42.7324 1.7982e+02    13.1059      1.176      1.706    19.7988 0.0000e+00
      1.207     -0.041     0.0687      3.900     33.895  32.368308     1.9822      6.927    42.6609 1.8346e+02    12.9667      1.186      1.719    20.9268 0.0000e+00
      1.208     -0.006     0.0679      5.258     33.787  32.387126     1.9851      6.927    42.4884 1.8466e+02    12.8551      1.187      1.721    21.7221 0.0000e+00
      1.203      0.008     0.1169      6.554     33.689  32.388671     2.0187      6.928    42.3668 1.8341e+02    12.6788      1.180      1.712    22.2271 0.0000e+00
      1.200      0.008     0.2171      7.767     33.619  32.387134     2.0474      6.929    42.4814 1.8307e+02    12.5771      1.172      1.700    22.5471 0.0000e+00
      1.205     -0.006     0.3352      8.865     33.564  32.368635     2.0491      6.928    42.7551 1.7977e+02    12.5483      1.178      1.709    22.7580 0.0000e+00
      1.216     -0.043     0.4542      9.746     33.538  32.355254     2.0232      6.923    43.0090 1.7719e+02    12.6031      1.195      1.734    22.9333 0.0000e+00
      1.223     -0.110     0.5638     10.339     33.598  32.415560     1.9840      6.921    43.1419 1.8084e+02    12.7965      1.202      1.744    23.0828 0.0000e+00
      1.214     -0.197     0.6660     10.629     33.690  32.527185     1.9735      6.922    43.2432 1.8796e+02    12.9395      1.201      1.742    23.1791 0.0000e+00
      1.166     -0.283     0.7642     10.669     33.720  32.627138     1.9796      6.924    43.8047 2.0381e+02    12.8967      1.168      1.694    23.2258 0.0000e+00
      1.059     -0.347     0.8410     10.692     33.710  32.736574     1.9835      6.924    44.9411 2.3374e+02    12.1082      1.057      1.533    23.2359 0.0000e+00
      0.909     -0.383     0.8920     11.085     33.675  32.836127     1.9964      6.921    46.1413 2.7320e+02    10.6813      0.892      1.293    23.2250 0.0000e+00
      0.761     -0.398     0.9163     12.136     33.587  32.880009     2.0101      6.920    46.9592 3.0298e+02     9.9568      0.727      1.053    23.2380 0.0000e+00
      0.660     -0.393     0.9115     13.910     33.472  32.886926     2.0244      6.922    47.3454 3.1345e+02     9.9421      0.626      0.908    23.3458 0.0000e+00
      0.603     -0.369     0.8958     16.260     33.343  32.856536     2.0271      6.926    47.5409 3.3499e+02     9.9236      0.597      0.865    23.5443 0.0000e+00
      0.542     -0.338     0.9159     18.867     33.258  32.829722     2.0186      6.930    48.0329 4.1523e+02     9.8010      0.548      0.795    23.7535 0.0000e+00
      0.448     -0.311     1.0011     21.458     33.280  32.879806     2.0220      6.933    49.5077 5.0064e+02     9.5875      0.441      0.639    23.9464 0.0000e+00
      0.345     -0.291     1.1483     23.755     33.325  32.954922     2.0264      6.935    57.4568 5.0923e+02     9.4598      0.330      0.477    24.1288 0.0000e+00
      0.259     -0.267     1.3556     25.466     33.303  32.977171     2.0303      6.940    71.3557 4.8658e+02     9.4518      0.248      0.359    24.2929 0.0000e+00
      0.192     -0.229     1.5777     26.601     33.224  32.958686     2.0361      6.947    79.4653 4.5936e+02     9.2518      0.181      0.264    24.3684 0.0000e+00
      0.143     -0.178     1.7994     27.424     33.104  32.921708     2.0378      6.953    80.6556 4.7769e+02     8.8870      0.133      0.193    24.3853 0.0000e+00
      0.113     -0.127     2.0046     28.309     32.979  32.910600     2.0432      6.958    76.2828 5.7189e+02     8.7303      0.108      0.158    24.4309 0.0000e+00
      0.092     -0.084     2.1414     29.720     32.886  32.951352     2.0425      6.962    66.7742 8.1870e+02     8.7238      0.089      0.131    24.4991 0.0000e+00
      0.076     -0.051     2.2241     31.998     32.801  32.970837     1.9790      6.963    60.9332 1.0196e+03     8.4328      0.071      0.103    24.5848 0.0000e+00
      0.069     -0.027     2.2779     35.036     32.739  32.956147     1.8583      6.964    60.1223 9.8232e+02     7.8416      0.065      0.094    24.7000 0.0000e+00
      0.070     -0.007     2.3286     38.183     32.732  32.964006     1.7977      6.967    60.3253 9.7166e+02     7.5196      0.068      0.099    24.8726 0.0000e+00
      0.074      0.009     2.4226     40.713     32.761  33.002477     1.8044      6.971    60.7217 8.2845e+02     7.5456      0.072      0.106    25.1126 0.0000e+00
      0.077      0.019     2.6028     42.408     32.796  33.040892     1.8064      6.974    61.0424 6.4922e+02     7.5059      0.074      0.108    25.2952 0.0000e+00
      0.082      0.023     2.8724     43.432     32.812  33.048085     1.7966      6.977    61.2780 6.6594e+02     7.3472      0.077      0.112    25.3423 0.0000e+00
      0.092      0.020     3.1578     43.842     32.801  33.026023     1.7858      6.980    61.5045 5.7430e+02     7.2672      0.088      0.128    25.3456 0.0000e+00
      0.104      0.015     3.3682     43.518     32.731  32.964331     1.7835      6.983    61.8025 4.6457e+02     7.2889      0.104      0.151    25.3619 0.0000e+00
      0.109      0.010     3.4971     42.642     32.607  32.872797     1.7779      6.987    62.2142 4.9757e+02     7.2001      0.111      0.161    25.3800 0.0000e+00
      0.106      0.005     3.5796     41.818     32.487  32.806958     1.7511      6.990    62.7832 5.2575e+02     6.9786      0.105      0.153    25.3550 0.0000e+00
      0.100     -0.001     3.6247     41.654     32.415  32.802380     1.7181      6.993    63.2616 5.3440e+02     6.8661      0.095      0.138    25.3226 0.0000e+00
      0.098     -0.006     3.5938     42.542     32.362  32.817544     1.7034      6.996    63.6093 6.6034e+02     6.8307      0.094      0.136    25.3374 0.0000e+00
      0.100     -0.008     3.4945     44.482     32.286  32.800206     1.6719      6.999    64.1482 7.6630e+02     6.5849      0.100      0.145    25.3887 0.0000e+00
      0.099     -0.006     3.4056     47.053     32.217  32.783034     1.6127      7.004    64.8732 6.9269e+02     6.1483      0.099      0.143    25.4795 0.0000e+00
      0.095     -0.005     3.3717     49.799     32.190  32.800203     1.5781      7.008    65.6645 7.3673e+02     5.8558      0.093      0.135    25.5917 0.0000e+00
      0.092     -0.005     3.4361     52.444     32.179  32.817658     1.5611      7.012    66.3166 8.2836e+02     5.8154      0.089      0.130    25.7035 0.0000e+00
      0.092     -0.005     3.6045     54.689     32.156  32.803927     1.5578      7.015    66.7345 6.7638e+02     5.8649      0.090      0.132    25.7930 0.0000e+00
      0.092     -0.003     3.8235     56.246     32.180  32.824403     1.5720      7.018    67.1045 6.2774e+02     5.7717      0.092      0.133    25.8732 0.0000e+00
      0.090      0.000     4.0454     57.024     32.240  32.875015     1.5736      7.019    67.6070 7.2656e+02     5.5076      0.088      0.128    25.9500 0.0000e+00
      0.089     -0.001     4.2651     57.105     32.224  32.845254     1.5606      7.019    68.5072 7.0441e+02     5.3363      0.085      0.124    25.9976 0.0000e+00
      0.091     -0.015     4.4578     56.679     32.167  32.781544     1.5485      7.017    70.1583 6.7320e+02     5.3407      0.088      0.129    26.0093 0.0000e+00
      0.095     -0.045     4.5851     55.947     32.187  32.802101     1.5522      7.015    77.8489 6.4974e+02     5.4240      0.093      0.136    25.9984 0.0000e+00
      0.096     -0.095     4.6486     55.154     32.239  32.840213     1.5640      7.018    91.1134 7.3800e+02     5.4554      0.097      0.141    25.9814 0.0000e+00
      0.083     -0.158     4.6501     54.532     32.230  32.798530     1.5748      7.024    97.7803 9.8962e+02     5.4121      0.092      0.133    25.9531 0.0000e+00
      0.040     -0.231     4.6117     53.971     32.188  32.741874     1.6985      7.033    94.0145 1.2418e+03     5.6870      0.055      0.079    25.9418 0.0000e+00
     -0.041     -0.308     4.5452     53.239     32.151  32.725770     3.1354      7.034    85.9334 1.1903e+03     8.9838     -0.029     -0.043    25.9594 0.0000e+00
     -0.147     -0.378     4.4700     52.550     32.126  32.730657     5.7645      7.028    80.0890 8.1021e+02    14.9728     -0.146     -0.213    25.9473 0.0000e+00
     -0.257     -0.421     4.4307     52.226     32.176  32.801016     7.1856      7.024    78.4155 7.8033e+02    18.2187     -0.251     -0.364    25.8630 0.0000e+00
     -0.376     -0.421     4.4031     52.064     32.619  33.259506     7.2749      7.027    80.8419 1.0674e+03    18.4774     -0.356     -0.516    25.8222 0.0000e+00
     -0.515     -0.382     4.3284     51.704     33.253  33.899414     6.8784      7.033    87.7449 1.1302e+03    18.3396     -0.508     -0.736    25.8890 0.0000e+00
     -0.642     -0.322     4.2498     51.161     33.378  34.007558     6.1447      7.039    93.6489 9.9638e+02    18.0554     -0.653     -0.946    25.9430 0.0000e+00
