Data/DataNotYetUploadedToEDI/Raw_CTD/RawDownloads/071822_bvr40_S7809001.cnv
* Sea-Bird SBE19plus  Data File:
* FileName = C:\R\Reservoirs\Data\DataNotYetUploadedToEDI\Raw_CTD\RawDownloads\071822_bvr40_S7809_0001.hex
* Software version 2.8.0.119
* Temperature SN = 7809
* Conductivity SN = 7809
* System UpLoad Time = Jul 18 2022 15:43:28
* <ApplicationData>
* <Seaterm232>
# nquan = 15
# nvalues = 486                         
# units = specified
# name 0 = depFM: Depth [fresh water, m]
# name 1 = dz/dtM: Descent Rate [m/s]
# name 2 = sbeox0Mg/L: Oxygen, SBE 43 [mg/l]
# name 3 = sbeox0PS: Oxygen, SBE 43 [% saturation]
# name 4 = specc: Specific Conductance [uS/cm]
# name 5 = c0uS/cm: Conductivity [uS/cm]
# name 6 = flECO-AFL: Fluorescence, WET Labs ECO-AFL/FL [mg/m^3]
# name 7 = ph: pH
# name 8 = orp: Oxidation Reduction Potential [mV]
# name 9 = par/sat/log: PAR/Logarithmic, Satlantic
# name 10 = turbWETntu0: Turbidity, WET Labs ECO [NTU]
# name 11 = prdM: Pressure, Strain Gauge [db]
# name 12 = prdE: Pressure, Strain Gauge [psi]
# name 13 = tv290C: Temperature [ITS-90, deg C]
# name 14 = flag:  0.000e+00
# span 0 =     -0.752,      2.326       
# span 1 =     -0.421,      0.209       
# span 2 =     0.0566,     7.2730       
# span 3 =      0.620,     92.359       
# span 4 =     25.439,    281.191       
# span 5 =  27.609049, 243.434742       
# span 6 =    -0.9126,     7.2749       
# span 7 =      6.915,      7.777       
# span 8 =    39.6654,   137.4377       
# span 9 = 4.2183e+01, 1.9875e+03       
# span 10 =     4.4019,   931.7929      
# span 11 =     -0.739,      2.284      
# span 12 =     -1.072,      3.313      
# span 13 =    18.0045,    30.9000      
# span 14 = 0.0000e+00, 0.0000e+00      
# interval = seconds: 0.25
# start_time = Jul 18 2022 07:43:25 [Instrument's time stamp, header]
# bad_flag = -9.990e-29
*END*
[from data line 193]
     -0.105      0.024     6.0837     76.376     31.085  32.469720     1.4266      7.361    95.8458 1.2013e+03     4.8138     -0.105     -0.153    27.2589 0.0000e+00
     -0.094      0.024     6.0809     76.276     31.079  32.458205     1.4302      7.352    96.0753 1.2083e+03     4.8368     -0.092     -0.134    27.2484 0.0000e+00
     -0.082      0.019     6.0771     76.186     31.068  32.445743     1.4224      7.347    95.4093 1.4819e+03     4.8668     -0.078     -0.113    27.2381 0.0000e+00
     -0.075      0.012     6.0702     76.117     31.063  32.445836     1.3906      7.349    94.4178 1.7300e+03     4.7657     -0.072     -0.104    27.2290 0.0000e+00
     -0.074      0.006     6.0603     76.119     31.069  32.459345     1.3625      7.358    93.9818 1.6034e+03     4.6396     -0.071     -0.104    27.2200 0.0000e+00
     -0.079      0.004     6.0539     76.188     31.084  32.482283     1.3575      7.373    94.1810 1.4885e+03     4.6406     -0.076     -0.110    27.2107 0.0000e+00
     -0.084      0.008     6.0478     76.277     31.067  32.469592     1.3714      7.391    94.7625 1.2772e+03     4.6750     -0.084     -0.121    27.2078 0.0000e+00
     -0.088      0.019     6.0377     76.362     31.037  32.432705     1.3892      7.406    95.2476 9.0017e+02     4.7472     -0.089     -0.128    27.2182 0.0000e+00
     -0.083      0.037     6.0379     76.448     31.038  32.416673     1.3887      7.418    95.8304 6.6847e+02     4.9335     -0.085     -0.123    27.2302 0.0000e+00
     -0.070      0.061     6.0431     76.453     31.053  32.402527     1.3747      7.427    96.6462 6.2564e+02     5.0831     -0.070     -0.101    27.2439 0.0000e+00
     -0.051      0.087     6.0502     76.268     31.081  32.388416     1.3775      7.426    97.1954 6.1938e+02     5.1221     -0.050     -0.072    27.2569 0.0000e+00
     -0.027      0.108     6.0561     75.909     31.121  32.372792     1.4306      7.414    97.4811 6.0322e+02     5.0629     -0.030     -0.044    27.2481 0.0000e+00
      0.007      0.119     6.0684     75.433     31.145  32.340317     1.5173      7.399    97.6918 6.1564e+02     4.9469      0.002      0.003    27.2186 0.0000e+00
      0.050      0.118     6.0796     74.853     31.160  32.312675     1.5606      7.387    97.8498 7.8514e+02     4.8819      0.050      0.073    27.1757 0.0000e+00
      0.091      0.106     6.0693     74.184     31.161  32.292099     1.5546      7.382    97.9292 1.0210e+03     4.8918      0.093      0.136    27.1056 0.0000e+00
      0.121      0.085     6.0503     73.530     31.155  32.281702     1.5781      7.380    97.9629 1.1182e+03     4.8953      0.124      0.179    27.0054 0.0000e+00
      0.139      0.060     6.0232     73.050     31.183  32.313752     1.6373      7.380    97.9992 1.1483e+03     4.7877      0.140      0.202    26.9041 0.0000e+00
      0.144      0.036     5.9853     72.795     31.226  32.362629     1.6706      7.380    98.1102 1.0032e+03     4.6506      0.144      0.209    26.8293 0.0000e+00
      0.143      0.019     5.9323     72.733     31.223  32.365485     1.6731      7.380    98.4440 9.0837e+02     4.6031      0.141      0.205    26.7991 0.0000e+00
      0.139      0.012     5.8733     72.827     31.199  32.348299     1.6422      7.377    98.9380 9.0955e+02     4.6235      0.135      0.196    26.7991 0.0000e+00
      0.137      0.012     5.8335     72.987     31.190  32.345036     1.5886      7.373    99.3503 7.2474e+02     4.6583      0.133      0.193    26.8065 0.0000e+00
      0.141      0.015     5.8148     73.127     31.170  32.326047     1.5569      7.372    99.3003 6.0656e+02     4.6481      0.137      0.198    26.8117 0.0000e+00
      0.151      0.018     5.8085     73.286     31.150  32.308900     1.5511      7.372    99.0216 6.5921e+02     4.6029      0.148      0.214    26.8203 0.0000e+00
      0.162      0.018     5.8170     73.509     31.161  32.327918     1.5844      7.375    99.0775 8.2357e+02     4.5897      0.160      0.234    26.8380 0.0000e+00
      0.167      0.012     5.8335     73.707     31.191  32.365799     1.6513      7.375    99.5460 9.7156e+02     4.6257      0.165      0.240    26.8477 0.0000e+00
      0.168     -0.007     5.8418     73.776     31.204  32.386542     1.6940      7.374   100.2122 8.1575e+02     4.6957      0.164      0.238    26.8448 0.0000e+00
      0.169     -0.042     5.8515     73.761     31.189  32.388529     1.6937      7.373   100.9382 5.6175e+02     4.7195      0.165      0.240    26.8500 0.0000e+00
      0.169     -0.087     5.8712     73.810     31.154  32.389848     1.6723      7.376   108.1509 4.9030e+02     4.6739      0.170      0.247    26.8667 0.0000e+00
      0.153     -0.130     5.8902     73.998     31.124  32.402555     1.6099      7.383   122.1173 6.5170e+02     4.6917      0.161      0.235    26.8796 0.0000e+00
      0.107     -0.165     5.8941     74.332     31.103  32.415439     1.5138      7.389   129.9048 9.0343e+02     4.7641      0.116      0.168    26.8811 0.0000e+00
      0.036     -0.191     5.8841     74.773     31.086  32.418894     1.4593      7.390   125.5621 9.5760e+02     4.7622      0.035      0.051    26.9013 0.0000e+00
     -0.037     -0.211     5.8795     75.238     31.101  32.444357     1.4338      7.393   121.3192 1.0898e+03     4.7037     -0.045     -0.065    26.9740 0.0000e+00
     -0.093     -0.223     5.8857     75.680     31.112  32.469724     1.3301      7.403   128.7658 1.3014e+03     4.6716     -0.097     -0.140    27.0548 0.0000e+00
     -0.133     -0.222     5.9072     76.088     31.085  32.472034     1.1708      7.415   136.0115 1.2231e+03     4.6816     -0.130     -0.189    27.1087 0.0000e+00
     -0.178     -0.205     5.9419     76.414     31.051  32.472332     1.0976      7.421   135.6208 1.2137e+03     4.6536     -0.167     -0.242    27.1457 0.0000e+00
     -0.240     -0.175     5.9792     76.617     31.031  32.473385     1.1021      7.422   133.8513 1.3877e+03     4.6060     -0.228     -0.331    27.1521 0.0000e+00
     -0.312     -0.134     6.0126     76.699     31.037  32.484799     1.1013      7.424   132.4260 1.4637e+03     4.6867     -0.315     -0.457    27.1615 0.0000e+00
     -0.362     -0.084     6.0403     76.686     31.035  32.483542     1.0958      7.431   130.9485 1.4559e+03     4.8437     -0.371     -0.538    27.2217 0.0000e+00
     -0.372     -0.027     6.0603     76.639     31.006  32.458190     1.1013      7.437   124.6770 1.3736e+03     4.9327     -0.375     -0.543    27.2947 0.0000e+00
     -0.351      0.033     6.0712     76.613     30.983  32.431878     1.1019      7.438   118.9775 1.1306e+03     4.9432     -0.348     -0.505    27.3314 0.0000e+00
     -0.317      0.082     6.0786     76.603     30.996  32.419003     1.0867      7.436   123.4671 8.3636e+02     4.9024     -0.309     -0.449    27.3259 0.0000e+00
     -0.282      0.107     6.0756     76.574     31.049  32.429271     1.0753      7.432   128.7133 7.7900e+02     4.8836     -0.276     -0.400    27.3212 0.0000e+00
     -0.248      0.107     6.0679     76.455     31.091  32.429165     1.0813      7.427   129.1512 1.0459e+03     4.9210     -0.245     -0.355    27.3381 0.0000e+00
     -0.215      0.087     6.0659     76.177     31.105  32.417641     1.1007      7.420   129.1065 1.3936e+03     4.9447     -0.209     -0.304    27.3477 0.0000e+00
     -0.189      0.056     6.0701     75.776     31.106  32.416696     1.1192      7.411   128.8603 1.5417e+03     4.8627     -0.181     -0.261    27.3033 0.0000e+00
     -0.175      0.019     6.0800     75.386     31.097  32.417741     1.1287      7.405   128.2393 1.5396e+03     4.6811     -0.167     -0.242    27.2133 0.0000e+00
     -0.177     -0.017     6.0820     75.156     31.099  32.430296     1.1407      7.405   127.5350 1.5275e+03     4.5927     -0.168     -0.245    27.1346 0.0000e+00
     -0.192     -0.045     6.0639     75.161     31.099  32.441716     1.1569      7.412   126.9696 1.5157e+03     4.6491     -0.185     -0.268    27.0892 0.0000e+00
     -0.218     -0.057     6.0269     75.326     31.079  32.429035     1.1569      7.420   122.5225 1.5163e+03     4.6800     -0.211     -0.307    27.0922 0.0000e+00
     -0.248     -0.051     5.9888     75.506     31.053  32.403781     1.1413      7.424   113.6013 1.5308e+03     4.6581     -0.246     -0.356    27.1181 0.0000e+00
     -0.271     -0.028     5.9661     75.654     31.046  32.389969     1.1347      7.423   107.7244 1.5329e+03     4.6577     -0.272     -0.395    27.1342 0.0000e+00
     -0.278      0.007     5.9665     75.767     31.056  32.388817     1.1440      7.418   106.0139 1.5269e+03     4.6753     -0.278     -0.403    27.1511 0.0000e+00
     -0.269      0.046     5.9841     75.782     31.074  32.389834     1.1531      7.412   105.0519 1.5366e+03     4.7003     -0.269     -0.391    27.1721 0.0000e+00
     -0.244      0.081     5.9987     75.656     31.098  32.402243     1.1699      7.407   104.4385 1.5385e+03     4.7546     -0.243     -0.352    27.1714 0.0000e+00
     -0.210      0.108     6.0105     75.465     31.103  32.412040     1.1978      7.402   104.0178 1.4003e+03     4.8195     -0.206     -0.298    27.1596 0.0000e+00
     -0.174      0.125     6.0237     75.339     31.065  32.381493     1.2074      7.400   103.6646 1.0890e+03     4.8703     -0.170     -0.247    27.1460 0.0000e+00
     -0.139      0.132     6.0312     75.317     31.041  32.349914     1.2109      7.399   103.3519 7.9560e+02     4.9246     -0.136     -0.197    27.1086 0.0000e+00
     -0.105      0.133     6.0217     75.340     31.062  32.347203     1.2572      7.398   103.1620 7.1143e+02     4.9639     -0.103     -0.150    27.0772 0.0000e+00
     -0.071      0.128     5.9997     75.331     31.093  32.348677     1.3339      7.395   103.0897 9.1142e+02     4.9352     -0.070     -0.102    27.0938 0.0000e+00
     -0.037      0.120     5.9853     75.247     31.130  32.367674     1.3730      7.391   102.9938 1.2660e+03     4.8853     -0.035     -0.051    27.1256 0.0000e+00
     -0.005      0.110     5.9873     75.085     31.143  32.386676     1.3729      7.386   102.6906 1.2751e+03     4.9070     -0.004     -0.006    27.1142 0.0000e+00
      0.024      0.101     5.9966     74.901     31.125  32.388245     1.3824      7.381   102.2639 8.5655e+02     4.9578      0.025      0.037    27.0687 0.0000e+00
      0.047      0.095     6.0029     74.749     31.114  32.386675     1.3963      7.381   102.3087 6.0074e+02     4.9535      0.049      0.071    27.0068 0.0000e+00
      0.065      0.094     6.0025     74.655     31.107  32.367710     1.3905      7.380   102.8879 5.6553e+02     4.8887      0.065      0.094    26.9624 0.0000e+00
      0.081      0.094     5.9844     74.631     31.114  32.349111     1.3872      7.375   103.5017 5.2744e+02     4.8580      0.077      0.112    26.9811 0.0000e+00
      0.103      0.093     5.9633     74.608     31.143  32.351959     1.3987      7.370   103.8799 5.0832e+02     4.8563      0.095      0.139    27.0301 0.0000e+00
      0.136      0.093     5.9486     74.468     31.158  32.338696     1.4038      7.367   103.9325 5.0524e+02     4.7991      0.134      0.195    27.0516 0.0000e+00
      0.169      0.094     5.9417     74.195     31.172  32.315506     1.3988      7.368   103.9657 5.2206e+02     4.7467      0.171      0.248    27.0325 0.0000e+00
      0.191      0.097     5.9480     73.838     31.217  32.325116     1.3886      7.373   104.2815 5.9400e+02     4.7009      0.188      0.273    26.9754 0.0000e+00
      0.207      0.101     5.9558     73.348     31.247  32.328031     1.3804      7.377   104.6532 6.1273e+02     4.6553      0.202      0.293    26.9307 0.0000e+00
      0.226      0.103     5.9485     72.713     31.229  32.287303     1.4246      7.380   104.8465 5.0413e+02     4.7076      0.218      0.317    26.9022 0.0000e+00
      0.252      0.103     5.9300     72.059     31.239  32.276442     1.5241      7.381   104.8117 4.6552e+02     4.8554      0.243      0.353    26.8267 0.0000e+00
      0.288      0.100     5.9127     71.494     31.302  32.323474     1.5756      7.381   104.5762 4.9336e+02     4.9394      0.282      0.409    26.7597 0.0000e+00
      0.325      0.092     5.8789     71.027     31.335  32.348736     1.5649      7.381   104.4088 5.1821e+02     4.8695      0.324      0.469    26.7204 0.0000e+00
      0.351      0.082     5.8257     70.644     31.315  32.328266     1.5776      7.381   104.4220 6.1907e+02     4.7618      0.350      0.508    26.6858 0.0000e+00
      0.365      0.070     5.7737     70.373     31.317  32.329576     1.6118      7.379   104.5640 6.7057e+02     4.6961      0.360      0.523    26.6554 0.0000e+00
      0.372      0.058     5.7323     70.212     31.357  32.364580     1.6204      7.374   104.7485 5.9467e+02     4.6564      0.365      0.529    26.6164 0.0000e+00
      0.380      0.050     5.6980     70.086     31.375  32.371088     1.6243      7.371   104.7613 5.1504e+02     4.6569      0.371      0.538    26.6051 0.0000e+00
      0.393      0.049     5.6640     69.879     31.364  32.344846     1.6500      7.373   104.8905 5.9441e+02     4.7017      0.384      0.557    26.6130 0.0000e+00
      0.408      0.055     5.6425     69.548     31.390  32.364270     1.6821      7.378   105.3642 7.3841e+02     4.7548      0.402      0.582    26.6129 0.0000e+00
      0.422      0.065     5.6328     69.217     31.441  32.415730     1.6960      7.380   105.5842 7.2510e+02     4.7528      0.417      0.603    26.6040 0.0000e+00
      0.434      0.073     5.6282     69.028     31.423  32.396441     1.6855      7.380   105.4855 6.4324e+02     4.6778      0.424      0.615    26.5833 0.0000e+00
      0.452      0.079     5.6182     68.969     31.413  32.384641     1.6634      7.381   105.7190 5.7212e+02     4.6330      0.437      0.634    26.5518 0.0000e+00
      0.480      0.083     5.5870     68.936     31.493  32.463252     1.6439      7.380   106.1715 5.1527e+02     4.6890      0.473      0.685    26.5392 0.0000e+00
      0.508      0.085     5.5545     68.900     31.561  32.522729     1.6327      7.376   106.3105 4.5742e+02     4.7403      0.501      0.728    26.5485 0.0000e+00
      0.529      0.084     5.5405     68.858     31.583  32.533156     1.6202      7.376   106.1945 3.8791e+02     4.7064      0.516      0.749    26.5408 0.0000e+00
      0.551      0.079     5.5411     68.717     31.647  32.589307     1.6172      7.379   106.2314 3.5676e+02     4.6550      0.540      0.784    26.5384 0.0000e+00
      0.571      0.073     5.5385     68.441     31.759  32.694423     1.6467      7.383   106.4985 3.9427e+02     4.6657      0.562      0.816    26.5420 0.0000e+00
      0.586      0.068     5.5358     68.086     31.868  32.789697     1.6860      7.386   106.6720 4.4823e+02     4.6989      0.575      0.834    26.5173 0.0000e+00
      0.600      0.064     5.5402     67.615     32.018  32.917019     1.7011      7.388   106.6937 4.2874e+02     4.6808      0.588      0.852    26.4924 0.0000e+00
      0.616      0.060     5.5312     66.917     32.231  33.092609     1.6956      7.388   106.7605 3.9533e+02     4.6523      0.603      0.874    26.4832 0.0000e+00
      0.632      0.058     5.5058     65.929     32.398  33.200837     1.7112      7.387   106.8776 3.9653e+02     4.6612      0.621      0.901    26.4714 0.0000e+00
      0.647      0.058     5.4818     64.518     32.470  33.211071     1.7569      7.386   106.9912 3.9073e+02     4.6856      0.636      0.922    26.4420 0.0000e+00
      0.660      0.058     5.4523     62.471     32.514  33.216243     1.7902      7.385   107.1871 3.6665e+02     4.6738      0.646      0.937    26.4062 0.0000e+00
      0.674      0.058     5.4020     59.836     32.581  33.263315     1.7968      7.383   107.3538 3.5208e+02     4.6212      0.660      0.958    26.3483 0.0000e+00
      0.689      0.058     5.3357     57.019     32.674  33.336368     1.7785      7.381   107.3716 3.4672e+02     4.5962      0.676      0.980    26.2337 0.0000e+00
