Data/DataNotYetUploadedToEDI/Raw_CTD/RawDownloads/071822_bvr40_S7809001.cnv
* Sea-Bird SBE19plus  Data File:
* FileName = C:\R\Reservoirs\Data\DataNotYetUploadedToEDI\Raw_CTD\RawDownloads\071822_bvr40_S7809_0001.hex
* Software version 2.8.0.119
* Temperature SN = 7809
* Conductivity SN = 7809
* System UpLoad Time = Jul 18 2022 15:43:28
* <ApplicationData>
* <Seaterm232>
# nquan = 15
# nvalues = 486                         
# units = specified
# name 0 = depFM: Depth [fresh water, m]
# name 1 = dz/dtM: Descent Rate [m/s]
# name 2 = sbeox0Mg/L: Oxygen, SBE 43 [mg/l]
# name 3 = sbeox0PS: Oxygen, SBE 43 [% saturation]
# name 4 = specc: Specific Conductance [uS/cm]
# name 5 = c0uS/cm: Conductivity [uS/cm]
# name 6 = flECO-AFL: Fluorescence, WET Labs ECO-AFL/FL [mg/m^3]
# name 7 = ph: pH
# name 8 = orp: Oxidation Reduction Potential [mV]
# name 9 = par/sat/log: PAR/Logarithmic, Satlantic
# name 10 = turbWETntu0: Turbidity, WET Labs ECO [NTU]
# name 11 = prdM: Pressure, Strain Gauge [db]
# name 12 = prdE: Pressure, Strain Gauge [psi]
# name 13 = tv290C: Temperature [ITS-90, deg C]
# name 14 = flag:  0.000e+00
# span 0 =     -0.752,      2.326       
# span 1 =     -0.421,      0.209       
# span 2 =     0.0566,     7.2730       
# span 3 =      0.620,     92.359       
# span 4 =     25.439,    281.191       
# span 5 =  27.609049, 243.434742       
# span 6 =    -0.9126,     7.2749       
# span 7 =      6.915,      7.777       
# span 8 =    39.6654,   137.4377       
# span 9 = 4.2183e+01, 1.9875e+03       
# span 10 =     4.4019,   931.7929      
# span 11 =     -0.739,      2.284      
# span 12 =     -1.072,      3.313      
# span 13 =    18.0045,    30.9000      
# span 14 = 0.0000e+00, 0.0000e+00      
# interval = seconds: 0.25
# start_time = Jul 18 2022 07:43:25 [Instrument's time stamp, header]
# bad_flag = -9.990e-29
*END*
     -0.749      0.072     6.6442     89.302     25.439  27.609049     5.6789      7.525   137.4377 6.3753e+02   931.6970     -0.739     -1.072    30.8824 0.0000e+00
     -0.734      0.109     6.6419     89.333     29.733  32.021949     5.6444      7.645   107.5783 7.5764e+02   931.7929     -0.729     -1.058    30.9000 0.0000e+00
     -0.698      0.147     6.6580     89.357     30.486  32.596275     3.9676      7.732    93.8070 7.3576e+02   698.0280     -0.689     -1.000    30.7565 0.0000e+00
     -0.647      0.181     6.7401     89.424     30.728  32.650841     0.8934      7.769    84.9324 7.2892e+02   266.0894     -0.638     -0.924    30.0619 0.0000e+00
     -0.588      0.204     6.8301     89.593     30.905  32.681376    -0.7706      7.762    81.4984 9.2914e+02    30.4261     -0.577     -0.837    29.3106 0.0000e+00
     -0.525      0.209     6.8915     89.854     31.029  32.711628    -0.9126      7.737    80.2490 1.2684e+03     8.9868     -0.516     -0.747    28.8299 0.0000e+00
     -0.463      0.198     6.9386     90.154     31.130  32.762859    -0.8893      7.723    71.2023 1.5199e+03     6.9378     -0.454     -0.657    28.4392 0.0000e+00
     -0.407      0.178     6.9838     90.469     31.244  32.856915    -0.3732      7.731    52.3039 1.6397e+03     6.3689     -0.393     -0.570    28.0941 0.0000e+00
     -0.364      0.157     7.0305     90.814     31.351  32.961207     0.5834      7.755    43.1876 1.7365e+03     5.7635     -0.350     -0.507    27.8310 0.0000e+00
     -0.337      0.138     7.0713     91.180     31.398  33.009420     1.1056      7.776    49.7712 1.8251e+03     5.4600     -0.327     -0.475    27.6817 0.0000e+00
     -0.316      0.122     7.1067     91.531     31.379  32.996051     1.1550      7.777    56.1904 1.8931e+03     5.3973     -0.313     -0.454    27.5994 0.0000e+00
     -0.290      0.109     7.1342     91.842     31.349  32.989770     1.1725      7.753    52.1419 1.9417e+03     5.2441     -0.287     -0.416    27.5650 0.0000e+00
     -0.256      0.099     7.1631     92.092     31.315  32.996910     1.2253      7.723    47.1104 1.9769e+03     5.0423     -0.251     -0.364    27.5564 0.0000e+00
     -0.222      0.092     7.1928     92.249     31.241  32.955660     1.2776      7.708    46.8072 1.9875e+03     4.9389     -0.214     -0.310    27.5603 0.0000e+00
     -0.198      0.088     7.2216     92.324     31.148  32.871483     1.2891      7.712    47.5282 1.8713e+03     4.9164     -0.188     -0.274    27.5576 0.0000e+00
     -0.184      0.086     7.2418     92.359     31.093  32.803367     1.2809      7.719    49.2027 1.8071e+03     4.9060     -0.179     -0.261    27.5920 0.0000e+00
     -0.174      0.089     7.2507     92.138     31.083  32.766057     1.2704      7.715    50.7928 1.8050e+03     4.8821     -0.173     -0.251    27.6849 0.0000e+00
     -0.158      0.097     7.2552     91.017     31.083  32.737332     1.2692      7.705    52.2991 1.5602e+03     4.9011     -0.160     -0.232    27.7535 0.0000e+00
     -0.130      0.112     7.2537     88.390     31.079  32.709602     1.2744      7.696    54.1660 1.3475e+03     4.9300     -0.130     -0.190    27.7740 0.0000e+00
     -0.092      0.133     7.2637     84.499     31.080  32.684344     1.3167      7.679    55.2103 1.2166e+03     4.8560     -0.089     -0.129    27.7532 0.0000e+00
     -0.055      0.153     7.2730     80.242     31.119  32.685491     1.3977      7.640    56.1496 1.1136e+03     4.7587     -0.052     -0.077    27.6993 0.0000e+00
     -0.016      0.165     7.2165     76.248     31.204  32.723414     1.4392      7.589    58.0379 1.1597e+03     4.7432     -0.021     -0.031    27.6516 0.0000e+00
      0.031      0.164     7.0066     72.844     31.295  32.762388     1.4436      7.542    59.6293 1.0786e+03     4.7371      0.028      0.041    27.6177 0.0000e+00
      0.084      0.150     6.6667     70.234     31.358  32.776229     1.4836      7.506    60.1619 8.5836e+02     4.6513      0.086      0.125    27.5815 0.0000e+00
      0.132      0.126     6.3259     68.373     31.384  32.763880     1.5567      7.483    59.7459 6.8075e+02     4.5594      0.134      0.194    27.5187 0.0000e+00
      0.167      0.096     6.0125     67.122     31.385  32.739815     1.6042      7.473    59.4178 5.3539e+02     4.5827      0.172      0.249    27.4306 0.0000e+00
      0.184      0.064     5.7441     66.362     31.401  32.738830     1.6247      7.466    60.3246 4.2703e+02     4.6592      0.187      0.271    27.3355 0.0000e+00
      0.186      0.035     5.5506     65.887     31.426  32.751950     1.6210      7.452    62.1060 3.9153e+02     4.6652      0.184      0.266    27.2466 0.0000e+00
      0.181      0.014     5.4136     65.467     31.453  32.771625     1.5181      7.427    64.0066 3.9239e+02     4.6210      0.176      0.255    27.1837 0.0000e+00
      0.177      0.003     5.3190     64.992     31.474  32.786497     1.3465      7.402    65.7535 4.0358e+02     4.6026      0.170      0.247    27.1480 0.0000e+00
      0.177     -0.001     5.2672     64.494     31.442  32.741561     1.2601      7.384    66.8798 4.9250e+02     4.6480      0.173      0.250    27.1220 0.0000e+00
      0.181     -0.001     5.2402     64.119     31.385  32.672096     1.2642      7.370    67.2129 6.6990e+02     4.7255      0.178      0.258    27.1004 0.0000e+00
      0.182      0.000     5.2092     63.881     31.361  32.643984     1.3051      7.358    67.3725 7.6138e+02     4.7542      0.180      0.261    27.0895 0.0000e+00
      0.181      0.000     5.1728     63.576     31.370  32.655249     1.3549      7.346    67.8625 7.4812e+02     4.7223      0.178      0.258    27.0821 0.0000e+00
      0.179     -0.001     5.1284     63.070     31.393  32.681509     1.3665      7.336    68.3198 7.3094e+02     4.6811      0.175      0.254    27.0608 0.0000e+00
      0.177     -0.001     5.0985     62.369     31.415  32.707893     1.3701      7.328    68.4281 6.6348e+02     4.6662      0.173      0.251    27.0377 0.0000e+00
      0.177     -0.001     5.0898     61.523     31.424  32.720665     1.4243      7.323    68.4832 6.2962e+02     4.6777      0.173      0.251    27.0356 0.0000e+00
      0.179      0.000     5.0680     60.617     31.410  32.709138     1.5052      7.320    68.7274 6.5074e+02     4.6832      0.175      0.255    27.0425 0.0000e+00
      0.180      0.001     5.0263     59.799     31.395  32.695326     1.5417      7.316    69.3162 7.0492e+02     4.6653      0.177      0.257    27.0443 0.0000e+00
      0.180      0.001     4.9691     59.293     31.379  32.680466     1.5403      7.308    70.1819 7.5228e+02     4.6323      0.177      0.256    27.0493 0.0000e+00
      0.180      0.000     4.8983     59.216     31.352  32.656270     1.4888      7.296    71.0209 6.4653e+02     4.6262      0.175      0.254    27.0590 0.0000e+00
      0.180      0.000     4.8227     59.430     31.344  32.656373     1.3845      7.284    71.5450 5.6712e+02     4.6247      0.176      0.255    27.0643 0.0000e+00
      0.179      0.000     4.7497     59.738     31.359  32.681730     1.3205      7.274    71.8727 6.3007e+02     4.6144      0.176      0.255    27.0653 0.0000e+00
      0.179      0.001     4.7037     60.033     31.375  32.709270     1.3139      7.266    72.2297 6.7470e+02     4.6729      0.175      0.254    27.0655 0.0000e+00
      0.180      0.002     4.7044     60.363     31.391  32.735779     1.3378      7.260    72.5053 8.6897e+02     4.7166      0.176      0.255    27.0695 0.0000e+00
      0.181      0.002     4.7257     60.923     31.393  32.748667     1.3764      7.254    72.7108 1.0996e+03     4.6985      0.177      0.257    27.0843 0.0000e+00
      0.182      0.002     4.7518     61.792     31.373  32.738302     1.3886      7.249    72.8212 9.2919e+02     4.6936      0.179      0.259    27.1027 0.0000e+00
      0.182      0.002     4.7740     62.783     31.362  32.737281     1.3775      7.246    72.8073 6.5813e+02     4.6566      0.179      0.259    27.1195 0.0000e+00
      0.182      0.001     4.7899     63.658     31.352  32.736336     1.3762      7.246    72.9732 5.6552e+02     4.5931      0.178      0.259    27.1357 0.0000e+00
      0.182      0.001     4.8297     64.287     31.335  32.726895     1.4141      7.246    73.4501 5.3654e+02     4.5751      0.178      0.259    27.1524 0.0000e+00
      0.182      0.001     4.9047     64.647     31.352  32.749940     1.4774      7.245    74.1856 6.7606e+02     4.6436      0.178      0.259    27.1697 0.0000e+00
      0.183      0.001     4.9900     64.766     31.361  32.761371     1.5007      7.244    74.9834 8.4590e+02     4.7034      0.179      0.260    27.1864 0.0000e+00
      0.183      0.001     5.0605     64.653     31.338  32.738318     1.4877      7.244    75.3525 8.3679e+02     4.6497      0.179      0.260    27.2032 0.0000e+00
      0.183      0.000     5.1102     64.338     31.327  32.724807     1.4617      7.243    75.2935 7.6883e+02     4.6437      0.179      0.260    27.2167 0.0000e+00
      0.183 3.4146e-09     5.1359     63.889     31.328  32.724816     1.4200      7.242    75.3882 6.4464e+02     4.7002      0.179      0.260    27.2240 0.0000e+00
      0.183 3.7561e-08     5.1459     63.378     31.342  32.738422     1.3907      7.242    75.8083 5.6253e+02     4.6829      0.180      0.261    27.2281 0.0000e+00
      0.183 4.1317e-07     5.1361     62.895     31.364  32.762514     1.3823      7.241    76.1576 6.0003e+02     4.6389      0.179      0.260    27.2293 0.0000e+00
      0.183      0.000     5.1085     62.499     31.362  32.762513     1.3933      7.241    76.2559 5.8896e+02     4.6127      0.179      0.259    27.2258 0.0000e+00
      0.183      0.000     5.0725     62.223     31.337  32.738410     1.4247      7.241    76.3075 5.5719e+02     4.6389      0.179      0.261    27.2220 0.0000e+00
      0.184      0.001     5.0282     62.074     31.322  32.724691     1.4455      7.241    76.5235 6.3978e+02     4.6834      0.181      0.262    27.2205 0.0000e+00
      0.184      0.001     4.9888     62.013     31.321  32.723445     1.4366      7.242    77.1478 6.9868e+02     4.6384      0.180      0.261    27.2216 0.0000e+00
      0.184      0.002     4.9560     61.959     31.321  32.723331     1.4254      7.244    78.0904 5.6950e+02     4.5721      0.180      0.261    27.2263 0.0000e+00
      0.184      0.002     4.9331     61.802     31.320  32.723321     1.4346      7.246    78.8007 4.4035e+02     4.5997      0.180      0.261    27.2304 0.0000e+00
      0.185      0.001     4.9228     61.473     31.318  32.723321     1.4477      7.246    79.0253 4.2858e+02     4.6648      0.182      0.264    27.2317 0.0000e+00
      0.186      0.001     4.9194     60.958     31.316  32.723341     1.4507      7.246    78.9127 5.1945e+02     4.6762      0.183      0.265    27.2314 0.0000e+00
      0.186      0.001     4.9195     60.299     31.316  32.723559     1.4460      7.247    78.7295 6.0110e+02     4.6343      0.182      0.265    27.2314 0.0000e+00
      0.186      0.002     4.9086     59.609     31.319  32.725960     1.4490      7.247    78.7890 5.7793e+02     4.6373      0.182      0.265    27.2335 0.0000e+00
      0.186      0.002     4.8818     58.955     31.344  32.752368     1.4616      7.247    79.1165 5.9292e+02     4.7118      0.181      0.263    27.2370 0.0000e+00
      0.186      0.002     4.8415     58.404     31.378  32.789256     1.4654      7.246    79.3330 6.4639e+02     4.7489      0.182      0.264    27.2403 0.0000e+00
      0.187      0.001     4.7828     58.019     31.378  32.791577     1.4532      7.245    79.3426 6.3840e+02     4.7108      0.183      0.265    27.2422 0.0000e+00
      0.188      0.001     4.7281     57.743     31.365  32.780434     1.4308      7.243    79.4902 5.5002e+02     4.5925      0.185      0.269    27.2408 0.0000e+00
      0.189      0.000     4.6753     57.511     31.365  32.781328     1.4280      7.241    79.9130 4.7614e+02     4.4800      0.186      0.270    27.2381 0.0000e+00
      0.188     -0.002     4.6264     57.310     31.384  32.802384     1.4438      7.241    80.3251 4.8265e+02     4.4779      0.185      0.268    27.2401 0.0000e+00
      0.187     -0.005     4.6000     57.104     31.423  32.844818     1.4478      7.242    80.2570 4.6307e+02     4.4989      0.183      0.266    27.2465 0.0000e+00
      0.186     -0.007     4.5791     56.851     31.425  32.850596     1.4423      7.245    79.7777 4.0991e+02     4.4947      0.182      0.264    27.2510 0.0000e+00
      0.184     -0.007     4.5603     56.548     31.383  32.808849     1.4360      7.246    79.6059 4.0780e+02     4.4960      0.180      0.262    27.2515 0.0000e+00
      0.181     -0.006     4.5455     56.216     31.358  32.783864     1.4381      7.245    79.9864 5.8248e+02     4.5144      0.177      0.257    27.2518 0.0000e+00
      0.178     -0.004     4.5305     55.871     31.375  32.802119     1.4511      7.243    80.3353 8.2210e+02     4.5463      0.174      0.252    27.2560 0.0000e+00
      0.177     -0.002     4.5098     55.514     31.409  32.839366     1.4523      7.243    80.3835 7.8465e+02     4.5739      0.172      0.250    27.2621 0.0000e+00
      0.178      0.000     4.4846     55.101     31.419  32.853819     1.4361      7.244    80.5690 5.7354e+02     4.6086      0.175      0.253    27.2658 0.0000e+00
      0.180      0.003     4.4582     54.623     31.413  32.850064     1.4292      7.246    81.0281 4.6192e+02     4.6596      0.177      0.256    27.2660 0.0000e+00
      0.180      0.005     4.4299     54.144     31.417  32.857370     1.4360      7.247    81.5468 4.7166e+02     4.7120      0.177      0.257    27.2655 0.0000e+00
      0.181      0.006     4.4034     53.652     31.432  32.878757     1.4599      7.247    81.9373 5.0835e+02     4.6951      0.176      0.256    27.2698 0.0000e+00
      0.183      0.005     4.3715     53.083     31.462  32.918460     1.5018      7.247    82.0488 5.1235e+02     4.6266      0.179      0.260    27.2775 0.0000e+00
      0.187      0.003     4.3289     52.442     31.489  32.957028     1.5340      7.248    82.1207 5.4084e+02     4.6352      0.184      0.266    27.2821 0.0000e+00
      0.188      0.001     4.2917     51.757     31.488  32.964691     1.5495      7.249    82.2912 5.6128e+02     4.6962      0.186      0.270    27.2843 0.0000e+00
      0.188      0.001     4.2558     51.070     31.463  32.947724     1.5310      7.252    82.4748 5.2898e+02     4.7156      0.185      0.268    27.2914 0.0000e+00
      0.185      0.001     4.2079     50.448     31.452  32.942094     1.4777      7.253    82.7064 6.8363e+02     4.6977      0.181      0.264    27.3070 0.0000e+00
      0.184      0.002     4.1553     49.895     31.467  32.960039     1.4372      7.251    82.8546 9.3976e+02     4.6855      0.179      0.259    27.3249 0.0000e+00
      0.184      0.003     4.0992     49.378     31.479  32.974497     1.4324      7.244    82.8891 8.4364e+02     4.7051      0.179      0.260    27.3396 0.0000e+00
      0.186      0.004     4.0408     48.894     31.491  32.990097     1.4369      7.239    82.9519 5.7881e+02     4.6952      0.183      0.264    27.3535 0.0000e+00
      0.190      0.005     3.9907     48.430     31.516  33.021864     1.4497      7.238    83.0123 6.0436e+02     4.6003      0.187      0.271    27.3647 0.0000e+00
      0.192      0.005     3.9492     47.987     31.529  33.041584     1.4788      7.240    83.2753 7.7316e+02     4.4800      0.191      0.276    27.3676 0.0000e+00
      0.192      0.004     3.9068     47.592     31.521  33.038335     1.4895      7.243    83.8942 8.5702e+02     4.4019      0.190      0.275    27.3676 0.0000e+00
      0.191      0.003     3.8693     47.214     31.524  33.045993     1.4955      7.245    84.3865 8.6804e+02     4.4079      0.187      0.272    27.3726 0.0000e+00
      0.191      0.002     3.8323     46.842     31.542  33.070792     1.5266      7.246    84.5815 7.1824e+02     4.4842      0.187      0.271    27.3826 0.0000e+00
