Data/DataNotYetUploadedToEDI/Raw_CTD/RawDownloads/071822_bvr40_S7809001.cnv
* Sea-Bird SBE19plus  Data File:
* FileName = C:\R\Reservoirs\Data\DataNotYetUploadedToEDI\Raw_CTD\RawDownloads\071822_bvr40_S7809_0001.hex
* Software version 2.8.0.119
* Temperature SN = 7809
* Conductivity SN = 7809
* System UpLoad Time = Jul 18 2022 15:43:28
* <ApplicationData>
* <Seaterm232>
# nquan = 15
# nvalues = 486                         
# units = specified
# name 0 = depFM: Depth [fresh water, m]
# name 1 = dz/dtM: Descent Rate [m/s]
# name 2 = sbeox0Mg/L: Oxygen, SBE 43 [mg/l]
# name 3 = sbeox0PS: Oxygen, SBE 43 [% saturation]
# name 4 = specc: Specific Conductance [uS/cm]
# name 5 = c0uS/cm: Conductivity [uS/cm]
# name 6 = flECO-AFL: Fluorescence, WET Labs ECO-AFL/FL [mg/m^3]
# name 7 = ph: pH
# name 8 = orp: Oxidation Reduction Potential [mV]
# name 9 = par/sat/log: PAR/Logarithmic, Satlantic
# name 10 = turbWETntu0: Turbidity, WET Labs ECO [NTU]
# name 11 = prdM: Pressure, Strain Gauge [db]
# name 12 = prdE: Pressure, Strain Gauge [psi]
# name 13 = tv290C: Temperature [ITS-90, deg C]
# name 14 = flag:  0.000e+00
# span 0 =     -0.752,      2.326       
# span 1 =     -0.421,      0.209       
# span 2 =     0.0566,     7.2730       
# span 3 =      0.620,     92.359       
# span 4 =     25.439,    281.191       
# span 5 =  27.609049, 243.434742       
# span 6 =    -0.9126,     7.2749       
# span 7 =      6.915,      7.777       
# span 8 =    39.6654,   137.4377       
# span 9 = 4.2183e+01, 1.9875e+03       
# span 10 =     4.4019,   931.7929      
# span 11 =     -0.739,      2.284      
# span 12 =     -1.072,      3.313      
# span 13 =    18.0045,    30.9000      
# span 14 = 0.0000e+00, 0.0000e+00      
# interval = seconds: 0.25
# start_time = Jul 18 2022 07:43:25 [Instrument's time stamp, header]
# bad_flag = -9.990e-29
*END*
[from data line 97]
      0.195      0.000     3.7646     46.190     31.545  33.085835     1.5448      7.248    85.0902 5.2204e+02     4.6152      0.192      0.278    27.4006 0.0000e+00
      0.196      0.000     3.7348     45.877     31.539  33.086052     1.5397      7.249    85.2970 6.1233e+02     4.6310      0.193      0.279    27.4081 0.0000e+00
      0.195     -0.001     3.7028     45.587     31.535  33.087204     1.5454      7.252    85.3097 7.2532e+02     4.6955      0.191      0.277    27.4174 0.0000e+00
      0.192     -0.002     3.6759     45.315     31.545  33.099773     1.5560      7.256    85.3306 8.2664e+02     4.7453      0.188      0.273    27.4259 0.0000e+00
      0.191     -0.002     3.6527     45.060     31.556  33.111228     1.5591      7.261    85.6348 1.0567e+03     4.6864      0.186      0.270    27.4347 0.0000e+00
      0.191     -0.005     3.6249     44.925     31.545  33.098900     1.5491      7.262    86.5792 1.1311e+03     4.6329      0.187      0.272    27.4461 0.0000e+00
      0.192     -0.013     3.6017     45.086     31.512  33.077508     1.5439      7.261    88.0596 8.6314e+02     4.7137      0.189      0.274    27.4574 0.0000e+00
      0.192     -0.031     3.5822     45.771     31.425  33.042801     1.5537      7.264    89.4236 7.1933e+02     4.8430      0.189      0.274    27.4582 0.0000e+00
      0.189     -0.064     3.5571     47.036     31.295  32.996362     1.5587      7.273    89.8212 8.1614e+02     4.8983      0.188      0.273    27.4598 0.0000e+00
      0.179     -0.108     3.5432     48.736     31.189  32.959981     1.5463      7.288    90.1137 8.2183e+02     4.8704      0.181      0.262    27.4572 0.0000e+00
      0.155     -0.151     3.5481     50.854     31.113  32.920042     1.5038      7.305    99.8439 9.4131e+02     4.8477      0.161      0.232    27.4469 0.0000e+00
      0.106     -0.179     3.5928     53.432     31.071  32.893930     1.4367      7.316   113.9433 1.1932e+03     4.8963      0.114      0.166    27.5388 0.0000e+00
      0.031     -0.186     3.6901     56.233     31.070  32.897895     1.4009      7.318   112.0849 1.2123e+03     4.9458      0.033      0.049    27.7283 0.0000e+00
     -0.050     -0.174     3.8131     58.714     31.089  32.904594     1.3962      7.312   109.9829 1.3225e+03     4.9343     -0.060     -0.087    27.8594 0.0000e+00
     -0.105     -0.150     3.9720     60.393     31.122  32.911507     1.3876      7.298   122.6853 1.4881e+03     4.8937     -0.118     -0.173    27.9049 0.0000e+00
     -0.124     -0.118     4.1783     61.192     31.156  32.918031     1.3722      7.287   130.9306 1.2170e+03     4.8306     -0.129     -0.187    27.9316 0.0000e+00
     -0.124     -0.084     4.4137     61.250     31.177  32.920030     1.3509      7.281   130.6062 1.0807e+03     4.7515     -0.118     -0.172    27.9477 0.0000e+00
     -0.129     -0.057     4.6281     60.748     31.202  32.935642     1.3303      7.283   129.5175 1.2915e+03     4.6889     -0.119     -0.172    27.9225 0.0000e+00
     -0.149     -0.042     4.7621     59.873     31.251  32.979976     1.3152      7.292   128.6082 1.0852e+03     4.6541     -0.146     -0.211    27.8689 0.0000e+00
     -0.170     -0.037     4.8252     58.782     31.286  33.012255     1.3087      7.301   128.3883 5.9233e+02     4.6381     -0.172     -0.250    27.8150 0.0000e+00
     -0.180     -0.032     4.8278     57.618     31.285  33.008902     1.3185      7.304   128.4938 4.0668e+02     4.6333     -0.179     -0.259    27.7830 0.0000e+00
     -0.183     -0.022     4.7833     56.499     31.278  33.002839     1.3332      7.300   128.4206 4.3214e+02     4.6643     -0.180     -0.261    27.7705 0.0000e+00
     -0.185     -0.010     4.7125     55.492     31.275  33.002348     1.3285      7.295   127.9338 3.8501e+02     4.7049     -0.183     -0.265    27.7594 0.0000e+00
     -0.185     -0.002     4.6225     54.596     31.272  33.002972     1.3206      7.291   127.3413 2.9524e+02     4.7824     -0.182     -0.264    27.7506 0.0000e+00
     -0.182      0.002     4.5286     53.762     31.275  33.010396     1.3290      7.288   126.9340 2.5745e+02     4.9180     -0.179     -0.258    27.7474 0.0000e+00
     -0.180      0.003     4.4379     52.980     31.288  33.028715     1.3388      7.287   126.0207 2.4975e+02     4.9782     -0.176     -0.256    27.7494 0.0000e+00
     -0.180      0.002     4.3587     52.275     31.289  33.034260     1.3392      7.288   121.6324 2.4962e+02     4.9637     -0.175     -0.255    27.7547 0.0000e+00
     -0.180      0.002     4.2899     51.648     31.265  33.014049     1.3422      7.296   117.7558 2.5222e+02     4.9472     -0.176     -0.255    27.7612 0.0000e+00
     -0.181      0.003     4.2241     51.084     31.224  32.974554     1.3582      7.308   121.1371 2.5324e+02     4.9161     -0.177     -0.257    27.7681 0.0000e+00
     -0.181      0.005     4.1609     50.629     31.189  32.937148     1.3750      7.315   125.6908 2.5418e+02     4.8956     -0.178     -0.257    27.7750 0.0000e+00
     -0.180      0.005     4.1046     50.369     31.197  32.942184     1.3875      7.307   126.9546 2.5975e+02     4.9039     -0.178     -0.257    27.7834 0.0000e+00
     -0.177     -0.003     4.0563     50.325     31.227  32.972041     1.3754      7.292   126.7811 3.0422e+02     4.8464     -0.175     -0.252    27.7905 0.0000e+00
     -0.172     -0.023     4.0103     50.600     31.216  32.981136     1.3362      7.282   126.0021 4.5885e+02     4.7122     -0.169     -0.245    27.7983 0.0000e+00
     -0.169     -0.052     3.9705     51.522     31.174  32.988779     1.3217      7.279   126.2257 7.7790e+02     4.6809     -0.162     -0.236    27.7969 0.0000e+00
     -0.176     -0.083     3.9511     53.286     31.132  33.001138     1.3332      7.275   127.4195 9.5446e+02     4.7414     -0.162     -0.235    27.7917 0.0000e+00
     -0.206     -0.115     3.9487     55.641     31.099  33.003852     1.3258      7.269   128.6491 7.0051e+02     4.7267     -0.192     -0.278    27.7767 0.0000e+00
     -0.256     -0.142     3.9563     58.081     31.094  33.021658     1.3070      7.262   129.2191 4.0376e+02     4.7087     -0.253     -0.367    27.7926 0.0000e+00
     -0.306     -0.155     4.0120     60.063     31.083  33.026266     1.3136      7.261   128.7189 4.7633e+02     4.7969     -0.304     -0.441    27.9045 0.0000e+00
     -0.349     -0.147     4.1526     61.200     31.042  32.996191     1.3312      7.268   128.0220 8.2828e+02     4.9049     -0.341     -0.495    28.0103 0.0000e+00
     -0.393     -0.118     4.3477     61.428     31.013  32.975045     1.3362      7.278   127.9344 1.0918e+03     4.9558     -0.386     -0.560    28.0623 0.0000e+00
     -0.433     -0.078     4.5509     60.903     30.994  32.960805     1.3171      7.287   128.1749 1.1439e+03     4.9337     -0.433     -0.628    28.0960 0.0000e+00
     -0.452     -0.040     4.7171     59.854     30.982  32.950826     1.2823      7.292   128.5211 1.1712e+03     4.9110     -0.455     -0.659    28.1190 0.0000e+00
     -0.444     -0.010     4.8032     58.539     31.009  32.981201     1.2652      7.295   128.5071 1.2269e+03     4.9202     -0.441     -0.638    28.1446 0.0000e+00
     -0.423      0.012     4.8149     57.174     31.036  33.011066     1.2679      7.298   127.7481 1.2643e+03     4.9088     -0.413     -0.597    28.1601 0.0000e+00
     -0.406      0.024     4.7673     55.888     31.020  32.994918     1.2905      7.301   126.7435 1.2757e+03     4.8410     -0.393     -0.570    28.1665 0.0000e+00
     -0.401      0.025     4.6771     54.751     31.003  32.976153     1.3136      7.305   126.0829 1.2748e+03     4.7153     -0.391     -0.567    28.1713 0.0000e+00
     -0.404      0.020     4.5681     53.794     31.005  32.974386     1.3144      7.309   125.6111 1.2740e+03     4.6532     -0.396     -0.575    28.1748 0.0000e+00
     -0.406      0.015     4.4588     53.039     31.009  32.973545     1.3164      7.312   124.6530 1.2820e+03     4.7052     -0.400     -0.580    28.1755 0.0000e+00
     -0.403      0.016     4.3561     52.513     31.008  32.965975     1.3216      7.316   123.1016 1.3039e+03     4.7975     -0.398     -0.577    28.1763 0.0000e+00
     -0.395      0.026     4.2670     52.241     31.001  32.946252     1.3024      7.326   121.8241 1.3235e+03     4.8803     -0.386     -0.561    28.1771 0.0000e+00
     -0.387      0.041     4.1923     52.286     31.001  32.925256     1.2754      7.341   121.0815 1.3290e+03     4.9209     -0.378     -0.548    28.1715 0.0000e+00
     -0.381      0.060     4.1325     52.636     31.009  32.902289     1.2695      7.358   115.1548 1.3409e+03     4.9473     -0.375     -0.545    28.1602 0.0000e+00
     -0.369      0.080     4.0933     53.159     31.007  32.858708     1.2485      7.374   104.0249 1.3697e+03     5.0286     -0.366     -0.531    28.1526 0.0000e+00
     -0.346      0.100     4.0694     53.718     31.033  32.842058     1.1877      7.382   104.2126 1.2597e+03     5.1179     -0.343     -0.497    28.1388 0.0000e+00
     -0.313      0.115     4.0752     54.185     31.116  32.891111     1.1417      7.378   116.4783 8.7521e+02     5.1379     -0.308     -0.447    28.1028 0.0000e+00
     -0.273      0.122     4.1119     54.421     31.191  32.944534     1.1420      7.368   123.0964 4.9343e+02     5.1006     -0.268     -0.389    28.0497 0.0000e+00
     -0.232      0.118     4.1609     54.367     31.249  32.980745     1.1742      7.357   117.8103 3.6682e+02     5.0429     -0.226     -0.327    27.9836 0.0000e+00
     -0.197      0.105     4.2137     54.071     31.301  33.011893     1.2065      7.348   111.2429 3.4181e+02     4.9868     -0.187     -0.271    27.9023 0.0000e+00
     -0.173      0.085     4.2601     53.585     31.297  33.004098     1.2081      7.340   108.7368 2.9796e+02     4.9339     -0.165     -0.240    27.8355 0.0000e+00
     -0.158      0.064     4.2834     52.981     31.158  32.886483     1.1942      7.332   101.7048 3.8234e+02     4.8819     -0.153     -0.223    27.8039 0.0000e+00
     -0.147      0.044     4.2787     52.826     30.923  32.667684     1.1881      7.327    95.0506 5.8573e+02     4.8705     -0.143     -0.209    27.7683 0.0000e+00
     -0.140      0.029     4.2583     54.474     30.804  32.514281     1.2082      7.325    93.9298 6.4064e+02     4.9323     -0.136     -0.198    27.7170 0.0000e+00
     -0.137      0.020     4.2211     58.590     30.861  32.489861     1.2467      7.325    93.5737 5.0891e+02     4.9800     -0.133     -0.193    27.6956 0.0000e+00
     -0.135      0.015     4.1629     63.997     30.950  32.499078     1.2613      7.324    93.2406 4.1533e+02     4.9340     -0.132     -0.192    27.7595 0.0000e+00
     -0.133      0.012     4.0922     69.104     31.000  32.498790     1.2524      7.323    93.0857 6.3153e+02     4.8897     -0.131     -0.190    27.8599 0.0000e+00
     -0.130      0.010     4.1899     73.195     31.013  32.486298     1.2476      7.321    93.0781 1.1219e+03     4.9226     -0.127     -0.185    27.8127 0.0000e+00
     -0.126      0.008     4.5819     76.248     31.010  32.474788     1.2615      7.321    93.4924 1.4094e+03     4.9557     -0.123     -0.178    27.6228 0.0000e+00
     -0.122      0.006     5.0721     78.339     31.023  32.486420     1.2875      7.321   100.5030 1.2585e+03     4.9487     -0.119     -0.174    27.4756 0.0000e+00
     -0.121      0.004     5.4994     79.430     31.038  32.500138     1.2958      7.323   107.2050 9.9899e+02     4.9065     -0.118     -0.171    27.3969 0.0000e+00
     -0.122      0.002     5.8229     79.552     31.051  32.513856     1.3031      7.327   100.7899 9.8066e+02     4.8205     -0.120     -0.173    27.3562 0.0000e+00
     -0.123      0.001     6.0614     79.014     31.059  32.525477     1.3339      7.331    93.4914 1.1371e+03     4.7292     -0.121     -0.175    27.3516 0.0000e+00
     -0.123      0.001     6.2304     78.323     31.044  32.513853     1.3517      7.331    92.6944 1.2295e+03     4.6910     -0.121     -0.175    27.3539 0.0000e+00
     -0.123      0.002     6.3172     77.792     31.026  32.500126     1.3441      7.331    92.7893 1.1847e+03     4.7010     -0.121     -0.175    27.3489 0.0000e+00
     -0.122      0.003     6.3201     77.481     31.009  32.486303     1.3413      7.332    93.6914 1.0553e+03     4.7473     -0.120     -0.173    27.3460 0.0000e+00
     -0.120      0.003     6.2571     77.359     30.992  32.473518     1.3600      7.334   101.7959 9.3135e+02     4.8752     -0.118     -0.171    27.3529 0.0000e+00
     -0.119      0.003     6.1938     77.336     30.987  32.472356     1.3783      7.337   110.1614 8.9328e+02     4.9831     -0.117     -0.170    27.3627 0.0000e+00
     -0.119      0.002     6.1511     77.328     30.985  32.472258     1.3708      7.340   105.0126 1.0542e+03     4.9588     -0.117     -0.169    27.3694 0.0000e+00
     -0.118      0.001     6.1259     77.257     30.987  32.472343     1.3444      7.344   105.0175 1.2927e+03     4.8887     -0.116     -0.168    27.3750 0.0000e+00
     -0.118      0.001     6.1190     77.085     30.994  32.473383     1.3183      7.348   118.4804 1.3728e+03     4.8531     -0.115     -0.167    27.3833 0.0000e+00
     -0.119      0.001     6.1182     76.896     31.009  32.484815     1.3124      7.351   126.3431 1.3140e+03     4.8695     -0.116     -0.168    27.3915 0.0000e+00
     -0.119      0.000     6.1188     76.771     31.012  32.483767     1.3232      7.352   126.7796 1.1949e+03     4.9165     -0.118     -0.171    27.3976 0.0000e+00
     -0.119     -0.001     6.1168     76.696     30.997  32.460706     1.3235      7.353   126.5110 1.1249e+03     4.9432     -0.116     -0.169    27.3934 0.0000e+00
     -0.117     -0.004     6.1002     76.673     31.007  32.459564     1.3164      7.358   126.2789 1.1083e+03     4.9536     -0.114     -0.166    27.3799 0.0000e+00
     -0.116     -0.005     6.0829     76.685     31.028  32.469949     1.3127      7.370   126.1248 1.0581e+03     4.9734     -0.114     -0.165    27.3710 0.0000e+00
     -0.119     -0.005     6.0761     76.677     31.025  32.459453     1.3116      7.385   126.1093 8.2598e+02     4.9777     -0.115     -0.168    27.3676 0.0000e+00
     -0.124     -0.004     6.0700     76.675     31.031  32.459444     1.3194      7.396   126.2634 4.6004e+02     4.9707     -0.121     -0.175    27.3588 0.0000e+00
     -0.129     -0.001     6.0704     76.695     31.046  32.469827     1.3240      7.400   126.4401 3.0646e+02     4.9577     -0.128     -0.185    27.3342 0.0000e+00
     -0.130      0.003     6.0778     76.718     31.036  32.458187     1.3181      7.397   125.7508 6.2171e+02     4.9228     -0.131     -0.189    27.3112 0.0000e+00
     -0.125      0.005     6.0754     76.766     31.022  32.445498     1.3144      7.391   119.3920 1.0741e+03     4.9247     -0.124     -0.179    27.3052 0.0000e+00
     -0.118      0.007     6.0749     76.813     31.019  32.443210     1.3201      7.385   107.8050 1.0397e+03     4.9808     -0.113     -0.165    27.2959 0.0000e+00
     -0.115      0.007     6.0812     76.811     31.011  32.430532     1.3122      7.378   100.2578 6.9057e+02     4.9175     -0.111     -0.161    27.2831 0.0000e+00
     -0.115      0.006     6.0797     76.772     31.006  32.418998     1.2778      7.368    97.7443 4.4128e+02     4.7396     -0.112     -0.163    27.2828 0.0000e+00
     -0.117      0.006     6.0845     76.717     31.024  32.430535     1.2620      7.362    96.2570 3.9423e+02     4.6751     -0.115     -0.168    27.2887 0.0000e+00
     -0.117      0.009     6.0905     76.659     31.043  32.443215     1.2792      7.363    95.6115 5.9065e+02     4.7184     -0.116     -0.168    27.2920 0.0000e+00
     -0.114      0.014     6.0891     76.589     31.051  32.445502     1.3282      7.368    95.5324 9.4627e+02     4.7846     -0.111     -0.162    27.2853 0.0000e+00
