Data/DataNotYetUploadedToEDI/Raw_CTD/RawDownloads/071822_fcr50_S7809003.cnv
* Sea-Bird SBE19plus  Data File:
* FileName = C:\R\Reservoirs\Data\DataNotYetUploadedToEDI\Raw_CTD\RawDownloads\071822_bvr40_S7809_0003.hex
* Software version 2.8.0.119
* Temperature SN = 7809
* Conductivity SN = 7809
* System UpLoad Time = Jul 18 2022 15:44:51
* <ApplicationData>
* <Seaterm232>
# nquan = 15
# nvalues = 1539                        
# units = specified
# name 0 = depFM: Depth [fresh water, m]
# name 1 = dz/dtM: Descent Rate [m/s]
# name 2 = sbeox0Mg/L: Oxygen, SBE 43 [mg/l]
# name 3 = sbeox0PS: Oxygen, SBE 43 [% saturation]
# name 4 = specc: Specific Conductance [uS/cm]
# name 5 = c0uS/cm: Conductivity [uS/cm]
# name 6 = flECO-AFL: Fluorescence, WET Labs ECO-AFL/FL [mg/m^3]
# name 7 = ph: pH
# name 8 = orp: Oxidation Reduction Potential [mV]
# name 9 = par/sat/log: PAR/Logarithmic, Satlantic
# name 10 = turbWETntu0: Turbidity, WET Labs ECO [NTU]
# name 11 = prdM: Pressure, Strain Gauge [db]
# name 12 = prdE: Pressure, Strain Gauge [psi]
# name 13 = tv290C: Temperature [ITS-90, deg C]
# name 14 = flag:  0.000e+00
# span 0 =     -0.683,      9.548       
# span 1 =     -0.380,      0.244       
# span 2 =     0.0274,     8.5051       
# span 3 =      0.267,    105.235       
# span 4 =      0.513,    488.181       
# span 5 =   0.544436, 357.197288       
# span 6 =    -1.0722,    60.3287       
# span 7 =      6.394,      8.987       
# span 8 = -1240.7455,   133.3598       
# span 9 = 1.2351e-01, 2.7988e+03       
# span 10 =    -4.2789,   265.7755      
# span 11 =     -0.670,      9.364      
# span 12 =     -0.972,     13.581      
# span 13 =    10.9013,    28.0554      
# span 14 = 0.0000e+00, 0.0000e+00      
# interval = seconds: 0.25
# start_time = Jul 18 2022 10:02:24 [Instrument's time stamp, header]
# bad_flag = -9.990e-29
*END*
[from data line 97]
 2.7990e-11 7.9652e-17     5.2889     68.028     34.988  36.404813     2.3017      8.457    96.0708 2.0308e+02     5.5489     -0.001     -0.001    27.0485 0.0000e+00
 3.0789e-10 8.7617e-16     5.3247     68.413     34.978  36.387390     2.3026      8.456    95.7265 2.0227e+02     5.5465     -0.000     -0.000    27.0404 0.0000e+00
 3.3868e-09 9.6379e-15     5.3578     68.790     34.988  36.391311     2.3326      8.455    95.5305 2.0184e+02     5.5458     -0.001     -0.001    27.0332 0.0000e+00
 3.7255e-08 1.0602e-13     5.3876     69.142     34.991  36.388808     2.3650      8.452    95.4229 2.0161e+02     5.5410     -0.000     -0.000    27.0257 0.0000e+00
 4.0981e-07 1.1662e-12     5.4175     69.461     34.966  36.357103     2.3698      8.448    95.7159 2.0268e+02     5.5562     -0.001     -0.001    27.0175 0.0000e+00
      0.000 1.2828e-11     5.4502     69.730     34.940  36.325024     2.3655      8.446    96.2339 2.0431e+02     5.5933      0.000     -0.000    27.0082 0.0000e+00
      0.000 1.4111e-10     5.4816     69.940     34.938  36.318002     2.3632      8.444    96.1791 2.0436e+02     5.6142     -0.000      0.000    26.9986 0.0000e+00
      0.001 1.5522e-09     5.5103     70.078     34.958  36.335597     2.3668      8.443    95.6548 2.0428e+02     5.5693      0.000      0.001    26.9898 0.0000e+00
      0.001 1.7074e-08     5.5376     70.142     34.972  36.347530     2.3683      8.443    95.1440 2.0519e+02     5.4949      0.001      0.001    26.9818 0.0000e+00
      0.001 1.8781e-07     5.5597     70.159     34.961  36.335451     2.3638      8.445    94.9931 2.0591e+02     5.5001      0.000      0.001    26.9743 0.0000e+00
      0.001 1.8781e-07     5.5775     70.146     34.943  36.316380     2.3795      8.449    95.7238 2.0711e+02     5.6318     -0.000      0.001    26.9677 0.0000e+00
      0.001 1.7074e-08     5.5897     70.115     34.933  36.307176     2.4162      8.454    96.6647 2.0846e+02     5.7897      0.000      0.001    26.9631 0.0000e+00
      0.001 1.5522e-09     5.5932     70.081     34.913  36.287577     2.4328      8.459    96.5611 2.0851e+02     5.8377      0.001      0.001    26.9601 0.0000e+00
      0.001 1.4111e-10     5.5949     70.050     34.895  36.269640     2.4225      8.463    95.9338 2.0749e+02     5.8027      0.000      0.001    26.9584 0.0000e+00
      0.001 1.2828e-11     5.5933     70.023     34.907  36.280545     2.4175      8.467    95.2749 2.0710e+02     5.7764      0.001      0.001    26.9583 0.0000e+00
      0.001 1.1662e-12     5.5903     70.003     34.924  36.292593     2.4215      8.472    94.6170 2.0741e+02     5.7929      0.001      0.001    26.9601 0.0000e+00
      0.001 1.0602e-13     5.5872     69.997     34.929  36.288482     2.4289      8.475    95.2926 2.0761e+02     5.8659      0.001      0.001    26.9625 0.0000e+00
      0.001 9.6380e-15     5.5845     69.992     34.947  36.294247     2.4316      8.477    97.0762 2.0831e+02     5.9077      0.001      0.001    26.9639 0.0000e+00
      0.001 8.7615e-16     5.5827     69.979     34.963  36.298866     2.4301      8.479    97.8564 2.0899e+02     5.8535      0.000      0.000    26.9625 0.0000e+00
      0.001 7.9650e-17     5.5811     69.951     34.955  36.280893     2.4856      8.481    97.3266 2.0984e+02     5.8594      0.001      0.001    26.9551 0.0000e+00
      0.001 7.2410e-18     5.5830     69.912     34.950  36.267154     2.5945      8.481    96.5217 2.1153e+02     5.9791      0.001      0.001    26.9407 0.0000e+00
      0.001 6.5830e-19     5.5844     69.879     34.946  36.259564     2.6565      8.482    96.8146 2.1282e+02     6.0373      0.001      0.001    26.9218 0.0000e+00
      0.001 5.9845e-20     5.5854     69.857     34.941  36.252529     2.6605      8.483    98.1141 2.1329e+02     6.0161      0.001      0.001    26.9033 0.0000e+00
      0.001 5.4405e-21     5.5849     69.841     34.935  36.245498     2.6262      8.482    98.6399 2.1432e+02     5.9612      0.001      0.001    26.8882 0.0000e+00
      0.001 4.9458e-22     5.5818     69.841     34.928  36.237964     2.5761      8.482    98.3535 2.1707e+02     5.8864      0.000      0.000    26.8771 0.0000e+00
      0.001 4.4974e-23     5.5800     69.859     34.916  36.224848     2.5621      8.483    97.8340 2.2148e+02     5.8638      0.001      0.001    26.8705 0.0000e+00
      0.001 4.2213e-24     5.5789     69.888     34.906  36.213733     2.5565      8.483    97.0913 2.2827e+02     5.8587      0.001      0.001    26.8691 0.0000e+00
      0.001 1.8441e-24     5.5769     69.934     34.923  36.230402     2.5083      8.483    96.8593 2.3761e+02     5.7566      0.000     -0.001    26.8697 0.0000e+00
      0.001 1.6231e-23     5.5768     69.993     34.929  36.236157     2.4535      8.484    97.4384 2.4736e+02     5.5850      0.001      0.000    26.8694 0.0000e+00
      0.001 1.7818e-22     5.5790     70.013     34.913  36.219902     2.4435      8.486    98.0700 2.5111e+02     5.5606      0.001      0.001    26.8683 0.0000e+00
      0.001 1.9599e-21     5.5810     69.977     34.915  36.224093     2.4538      8.489    98.3005 2.4801e+02     5.6663      0.001      0.001    26.8669 0.0000e+00
      0.001 2.1559e-20     5.5843     69.930     34.913  36.223426     2.4786      8.489    98.2469 2.4577e+02     5.6677      0.001      0.001    26.8655 0.0000e+00
      0.001 2.3715e-19     5.5913     69.881     34.901  36.211845     2.5179      8.490    97.7668 2.4179e+02     5.5777      0.001      0.002    26.8645 0.0000e+00
      0.001 2.6086e-18     5.5940     69.814     34.899  36.210885     2.5299      8.492    97.0549 2.3520e+02     5.5341      0.001      0.001    26.8655 0.0000e+00
      0.001 2.8695e-17     5.5880     69.729     34.898  36.211828     2.5318      8.492    96.7807 2.3195e+02     5.5846      0.001      0.001    26.8683 0.0000e+00
      0.001 3.1565e-16     5.5844     69.642     34.906  36.223243     2.5494      8.492    97.0327 2.3080e+02     5.6420      0.001      0.001    26.8704 0.0000e+00
      0.001 3.4721e-15     5.5813     69.571     34.902  36.222087     2.5689      8.491    97.6063 2.3284e+02     5.7165      0.002      0.002    26.8714 0.0000e+00
      0.001 3.8193e-14     5.5753     69.518     34.876  36.197859     2.5915      8.490    98.0380 2.3805e+02     5.9381      0.001      0.001    26.8727 0.0000e+00
      0.001 4.2013e-13     5.5684     69.473     34.860  36.183958     2.6060      8.489    97.3478 2.4006e+02     6.1349      0.001      0.002    26.8756 0.0000e+00
      0.001 7.7023e-13     5.5597     69.426     34.855  36.180824     2.6033      8.488    96.2313 2.4085e+02     6.1484      0.001      0.001    26.8796 0.0000e+00
      0.001 4.2012e-13     5.5540     69.379     34.834  36.159973     2.5835      8.486    96.3257 2.4520e+02     6.0339      0.001      0.001    26.8842 0.0000e+00
      0.001 3.8193e-14     5.5496     69.334     34.797  36.122086     2.5500      8.484    96.8537 2.4740e+02     5.8778      0.001      0.002    26.8884 0.0000e+00
      0.001 3.4721e-15     5.5459     69.290     34.779  36.103203     2.5399      8.483    97.1957 2.4507e+02     5.8320      0.001      0.002    26.8920 0.0000e+00
      0.001 3.1565e-16     5.5419     69.248     34.797  36.121898     2.5529      8.482    97.6204 2.4135e+02     5.8558      0.001      0.001    26.8954 0.0000e+00
      0.001 2.8695e-17     5.5375     69.198     34.833  36.157886     2.5566      8.482    96.9124 2.3575e+02     5.8931      0.001      0.001    26.8974 0.0000e+00
      0.001 2.6086e-18     5.5345     69.133     34.835  36.157862     2.5521      8.483    95.3470 2.3031e+02     5.9756      0.002      0.002    26.8982 0.0000e+00
      0.001 2.3715e-19     5.5302     69.067     34.802  36.121601     2.5486      8.483    94.8680 2.2720e+02     6.0326      0.001      0.001    26.8980 0.0000e+00
      0.001 2.1559e-20     5.5278     68.991     34.783  36.099930     2.5556      8.484    95.5952 2.2543e+02     6.0710      0.001      0.001    26.8968 0.0000e+00
      0.001 1.9599e-21     5.5244     68.896     34.771  36.086068     2.5784      8.486    96.5679 2.2472e+02     6.1317      0.001      0.002    26.8946 0.0000e+00
      0.001 1.7817e-22     5.5182     68.788     34.766  36.080814     2.6003      8.488    96.3039 2.2536e+02     6.2202      0.001      0.001    26.8917 0.0000e+00
      0.001 1.6198e-23     5.5142     68.667     34.785  36.099822     2.6037      8.489    94.7264 2.2647e+02     6.2872      0.002      0.002    26.8891 0.0000e+00
      0.001 1.4725e-24     5.5085     68.513     34.813  36.125656     2.5939      8.490    93.7565 2.2606e+02     6.2918      0.001      0.001    26.8867 0.0000e+00
      0.001 1.3387e-25     5.5009     68.328     34.832  36.139526     2.5740      8.491    93.9547 2.2501e+02     6.4123      0.001      0.001    26.8849 0.0000e+00
      0.001 1.2177e-26     5.4920     68.124     34.838  36.140683     2.5544      8.490    94.6283 2.2550e+02     6.6518      0.001      0.001    26.8843 0.0000e+00
      0.001 1.1928e-27     5.4835     67.884     34.843  36.139640     2.5489      8.489    95.0179 2.2662e+02     6.7288      0.001      0.001    26.8834 0.0000e+00
      0.001 1.0518e-27     5.4718     67.604     34.835  36.126905     2.5488      8.488    94.7068 2.2722e+02     6.6939      0.001      0.001    26.8793 0.0000e+00
      0.001 1.0472e-26     5.4562     67.314     34.825  36.113518     2.5604      8.488    94.0499 2.2827e+02     6.6393      0.001      0.001    26.8711 0.0000e+00
      0.001 1.1509e-25     5.4426     67.050     34.819  36.104596     2.5894      8.488    93.7873 2.3161e+02     6.5120      0.001      0.001    26.8617 0.0000e+00
      0.001 1.2660e-24     5.4240     66.807     34.800  36.082439     2.6088      8.487    93.9408 2.3586e+02     6.3846      0.001      0.002    26.8532 0.0000e+00
      0.001 1.3926e-23     5.4017     66.642     34.757  36.035851     2.6029      8.485    94.1854 2.3757e+02     6.2950      0.001      0.001    26.8465 0.0000e+00
      0.001 1.5319e-22     5.3767     67.092     34.777  36.048585     2.5929      8.483    94.7656 2.3785e+02     6.2829      0.002      0.002    26.8418 0.0000e+00
      0.001 1.6851e-21     5.3574     69.596     34.922  36.172986     2.5960      8.483    95.3636 2.3812e+02     6.3749      0.001      0.002    26.8387 0.0000e+00
      0.001 1.8536e-20     5.3375     75.191     35.061  36.271707     2.6072      8.484    95.3057 2.3928e+02     6.4847      0.001      0.002    26.8370 0.0000e+00
      0.001 2.0390e-19     5.3179     82.681     35.130  36.290976     2.6119      8.484    94.9265 2.4297e+02     6.5176      0.001      0.002    26.8356 0.0000e+00
      0.001 2.2428e-18     5.3066     89.900     35.168  36.279065     2.6032      8.484    94.6507 2.4562e+02     6.4988      0.001      0.001    26.8338 0.0000e+00
      0.001 2.4671e-17     5.4544     95.815     35.188  36.254439     2.6014      8.484    94.5524 2.4522e+02     6.5653      0.001      0.002    26.7986 0.0000e+00
      0.001 2.7138e-16     5.9608    100.320     35.218  36.246802     2.6159      8.485    95.2003 2.4452e+02     6.7066      0.001      0.001    26.7212 0.0000e+00
      0.001 2.9852e-15     6.6521    103.374     35.252  36.250067     2.6197      8.486    96.1174 2.4456e+02     6.7727      0.002      0.002    26.6444 0.0000e+00
      0.001 3.2838e-14     7.2595    104.950     35.250  36.230459     2.6056      8.486    96.0054 2.4438e+02     6.7833      0.001      0.001    26.5725 0.0000e+00
      0.001 3.6121e-13     7.7395    105.235     35.223  36.199939     2.6044      8.486    95.4805 2.4321e+02     6.7665      0.001      0.002    26.5072 0.0000e+00
      0.001 3.9733e-12     8.1122    104.597     35.217  36.198109     2.6301      8.485    95.1057 2.4214e+02     6.7407      0.001      0.002    26.4509 0.0000e+00
      0.001 4.3707e-11     8.3688    103.525     35.225  36.208338     2.6584      8.483    94.5708 2.4146e+02     6.7782      0.002      0.002    26.4010 0.0000e+00
      0.001 4.8077e-10     8.4928    102.499     35.217  36.196793     2.6711      8.481    94.9503 2.4086e+02     6.8112      0.001      0.002    26.3765 0.0000e+00
      0.001 5.2885e-09     8.5051    101.709     35.216  36.185335     2.6759      8.481    96.1661 2.4021e+02     6.8316      0.001      0.002    26.3786 0.0000e+00
      0.001 5.8174e-08     8.4387    101.106     35.239  36.196615     2.6824      8.480    96.6232 2.3929e+02     6.9227      0.002      0.002    26.3880 0.0000e+00
      0.001 6.3991e-07     8.3344    100.624     35.259  36.206325     2.7002      8.479    96.1753 2.3933e+02     7.0242      0.001      0.002    26.3929 0.0000e+00
      0.002      0.000     8.2482    100.205     35.236  36.175906     2.7252      8.478    95.4826 2.4048e+02     7.0686      0.002      0.002    26.3883 0.0000e+00
      0.002      0.000     8.1914     99.805     35.214  36.145865     2.7262      8.477    95.9059 2.4144e+02     7.0491      0.002      0.002    26.3709 0.0000e+00
      0.002      0.001     8.1464     99.428     35.234  36.160145     2.6955      8.481    96.9047 2.4205e+02     6.9932      0.002      0.003    26.3496 0.0000e+00
      0.002      0.004     8.1121     99.164     35.241  36.158328     2.6704      8.499    96.8903 2.4323e+02     7.0072      0.002      0.003    26.3348 0.0000e+00
      0.002      0.013     8.0805     99.094     35.221  36.123874     2.6727      8.533    96.9368 2.4514e+02     7.1165      0.002      0.002    26.3265 0.0000e+00
      0.002      0.024     8.0503     99.109     35.237  36.124016     2.6895      8.566    96.7775 2.4655e+02     7.1880      0.002      0.003    26.3170 0.0000e+00
      0.005      0.030     8.0183     99.047     35.279  36.160020     2.7498      8.588    95.9972 2.4403e+02     7.2907      0.002      0.002    26.3077 0.0000e+00
      0.017      0.030     7.9936     98.977     35.286  36.178716     2.8440      8.599    96.6221 2.3132e+02     7.5386      0.010      0.015    26.2984 0.0000e+00
      0.040      0.025     7.9952     99.055     35.246  36.159850     2.8873      8.596    98.1390 2.1918e+02     7.6915      0.041      0.061    26.2788 0.0000e+00
      0.055      0.015     8.0087     99.231     35.193  36.122182     2.8911      8.588    98.6786 2.2805e+02     7.6703      0.064      0.093    26.2481 0.0000e+00
      0.053     -0.003     8.0033     99.379     35.168  36.103767     2.8735      8.596    98.6726 2.4207e+02     7.4194      0.052      0.075    26.2299 0.0000e+00
      0.044     -0.037     7.9847     99.400     35.187  36.127440     2.8155      8.621    98.4100 2.4376e+02     6.9807      0.041      0.060    26.2542 0.0000e+00
      0.034     -0.100     7.9905     99.215     35.138  36.091367     2.7722      8.662    96.0186 2.4758e+02     6.9770      0.036      0.053    26.2952 0.0000e+00
      0.020     -0.187     8.0045     98.894     35.064  36.048093     2.7747      8.710    91.7854 2.5958e+02     9.2544      0.018      0.026    26.3202 0.0000e+00
     -0.004     -0.272     8.0174     98.594     35.137  36.174958     2.8292      8.750    89.7301 3.0336e+02    33.7306      0.007      0.010    26.3252 0.0000e+00
     -0.070     -0.332     8.0238     98.251     35.263  36.357155     2.9143      8.776    90.2691 3.6978e+02    78.5575     -0.029     -0.042    26.3248 0.0000e+00
     -0.216     -0.357     8.0042     97.680     35.353  36.475589     2.9551      8.801    91.8489 3.8612e+02   103.1154     -0.194     -0.282    26.3408 0.0000e+00
     -0.393     -0.339     7.9644     97.044     35.353  36.465560     2.9736      8.832    94.6358 3.4846e+02   106.7429     -0.418     -0.606    26.3838 0.0000e+00
     -0.512     -0.277     7.9291     96.618     35.282  36.362693     3.1545      8.860    97.2068 3.0230e+02   122.4853     -0.531     -0.771    26.4672 0.0000e+00
