Data/DataNotYetUploadedToEDI/Raw_CTD/RawDownloads/071822_bvr50_S7809002.cnv
* Sea-Bird SBE19plus  Data File:
* FileName = C:\R\Reservoirs\Data\DataNotYetUploadedToEDI\Raw_CTD\RawDownloads\071822_bvr40_S7809_0002.hex
* Software version 2.8.0.119
* Temperature SN = 7809
* Conductivity SN = 7809
* System UpLoad Time = Jul 18 2022 15:44:11
* <ApplicationData>
* <Seaterm232>
# nquan = 15
# nvalues = 1637                        
# units = specified
# name 0 = depFM: Depth [fresh water, m]
# name 1 = dz/dtM: Descent Rate [m/s]
# name 2 = sbeox0Mg/L: Oxygen, SBE 43 [mg/l]
# name 3 = sbeox0PS: Oxygen, SBE 43 [% saturation]
# name 4 = specc: Specific Conductance [uS/cm]
# name 5 = c0uS/cm: Conductivity [uS/cm]
# name 6 = flECO-AFL: Fluorescence, WET Labs ECO-AFL/FL [mg/m^3]
# name 7 = ph: pH
# name 8 = orp: Oxidation Reduction Potential [mV]
# name 9 = par/sat/log: PAR/Logarithmic, Satlantic
# name 10 = turbWETntu0: Turbidity, WET Labs ECO [NTU]
# name 11 = prdM: Pressure, Strain Gauge [db]
# name 12 = prdE: Pressure, Strain Gauge [psi]
# name 13 = tv290C: Temperature [ITS-90, deg C]
# name 14 = flag:  0.000e+00
# span 0 =     -0.737,      7.446       
# span 1 =     -0.462,      0.172       
# span 2 =     0.0361,     7.4675       
# span 3 =      0.351,     93.596       
# span 4 =      3.491,    113.254       
# span 5 =   3.502008,  79.199104       
# span 6 =    -1.6699,    32.6318       
# span 7 =      6.868,      7.790       
# span 8 =  -143.7475,   157.2052       
# span 9 = 1.2350e-01, 1.5430e+03       
# span 10 =    -0.7226,     7.5569      
# span 11 =     -0.723,      7.311      
# span 12 =     -1.049,     10.603      
# span 13 =     9.9617,    27.7371      
# span 14 = 0.0000e+00, 0.0000e+00      
# interval = seconds: 0.25
# start_time = Jul 18 2022 08:28:19 [Instrument's time stamp, header]
# bad_flag = -9.990e-29
*END*
[from data line 193]
      0.169      0.001     5.5390     68.830     31.266  32.149008     2.3196      7.292   102.6160 8.1161e+01     4.4213      0.164      0.238    26.3831 0.0000e+00
      0.173      0.003     5.5405     68.781     31.257  32.150273     2.3190      7.289   102.6305 8.0902e+01     4.4796      0.169      0.246    26.3843 0.0000e+00
      0.177      0.003     5.5445     68.768     31.240  32.140004     2.3216      7.281   102.8355 8.0590e+01     4.4739      0.175      0.253    26.3795 0.0000e+00
      0.179      0.003     5.5471     68.823     31.245  32.151654     2.2765      7.269   103.2010 8.0236e+01     4.4209      0.177      0.257    26.3831 0.0000e+00
      0.179      0.002     5.5449     68.909     31.251  32.164344     2.1988      7.259   103.6093 8.0147e+01     4.4196      0.177      0.257    26.4070 0.0000e+00
      0.177      0.002     5.5353     69.014     31.246  32.166649     2.1639      7.253   103.9004 8.0033e+01     4.4579      0.174      0.252    26.4263 0.0000e+00
      0.175      0.002     5.5323     69.178     31.252  32.179535     2.1628      7.249   103.9679 7.9858e+01     4.5081      0.170      0.247    26.4345 0.0000e+00
      0.175      0.002     5.5379     69.400     31.260  32.193357     2.1939      7.247   103.8219 7.9622e+01     4.5144      0.171      0.248    26.4448 0.0000e+00
      0.179      0.001     5.5441     69.582     31.269  32.206980     2.2485      7.251   103.7700 7.9332e+01     4.4315      0.175      0.254    26.4557 0.0000e+00
      0.183      0.000     5.5496     69.633     31.277  32.217457     2.2735      7.257   104.0284 7.9439e+01     4.3939      0.180      0.261    26.4669 0.0000e+00
      0.184     -0.003     5.5610     69.557     31.252  32.193249     2.2884      7.262   104.4518 7.9866e+01     4.4358      0.182      0.264    26.4779 0.0000e+00
      0.180     -0.008     5.5817     69.422     31.229  32.167881     2.3033      7.263   104.8452 8.0572e+01     4.4589      0.177      0.257    26.4859 0.0000e+00
      0.175     -0.012     5.5993     69.343     31.229  32.164330     2.2955      7.262   104.9132 8.1629e+01     4.4354      0.172      0.249    26.4936 0.0000e+00
      0.171     -0.014     5.6015     69.375     31.219  32.150300     2.2782      7.262   104.6707 8.2347e+01     4.3906      0.167      0.243    26.5002 0.0000e+00
      0.167     -0.013     5.5942     69.452     31.199  32.125036     2.2767      7.267   104.5809 8.2894e+01     4.3955      0.163      0.238    26.5018 0.0000e+00
      0.162     -0.010     5.5791     69.494     31.194  32.112450     2.3027      7.272   104.6885 8.3873e+01     4.4259      0.159      0.232    26.4983 0.0000e+00
      0.158     -0.008     5.5710     69.486     31.216  32.124912     2.3265      7.277   104.7670 8.4478e+01     4.4174      0.154      0.223    26.4922 0.0000e+00
      0.157     -0.006     5.5777     69.439     31.246  32.148901     2.3229      7.284   104.9270 8.4689e+01     4.3944      0.152      0.221    26.4841 0.0000e+00
      0.159     -0.003     5.5872     69.324     31.248  32.148892     2.3171      7.289   105.0742 8.4834e+01     4.3866      0.157      0.228    26.4775 0.0000e+00
      0.160      0.000     5.5920     69.143     31.225  32.124798     2.3148      7.293   105.1700 8.4219e+01     4.4258      0.159      0.230    26.4678 0.0000e+00
      0.158      0.004     5.5913     68.928     31.213  32.111185     2.2946      7.293   105.4838 8.2101e+01     4.4586      0.154      0.224    26.4488 0.0000e+00
      0.157      0.006     5.5914     68.677     31.216  32.111092     2.2726      7.289   105.8565 7.8246e+01     4.4412      0.153      0.222    26.4360 0.0000e+00
      0.159      0.007     5.5822     68.443     31.230  32.123658     2.2736      7.279   106.0631 7.5453e+01     4.4542      0.155      0.225    26.4340 0.0000e+00
      0.163      0.010     5.5652     68.338     31.240  32.136328     2.2737      7.269   106.2612 7.6169e+01     4.4793      0.160      0.231    26.4348 0.0000e+00
      0.167      0.012     5.5498     68.390     31.237  32.137487     2.2490      7.259   106.4448 7.7684e+01     4.4722      0.165      0.239    26.4332 0.0000e+00
      0.171      0.012     5.5290     68.533     31.231  32.137686     2.2248      7.252   106.6479 7.8156e+01     4.4701      0.167      0.243    26.4249 0.0000e+00
      0.173      0.009     5.5054     68.733     31.225  32.138732     2.2134      7.247   106.9096 7.8154e+01     4.4545      0.169      0.246    26.4212 0.0000e+00
      0.176      0.004     5.4959     69.003     31.230  32.150154     2.2114      7.246   107.0287 7.7767e+01     4.4537      0.173      0.251    26.4268 0.0000e+00
      0.179      0.000     5.5025     69.317     31.226  32.149002     2.2343      7.249   107.1410 7.7627e+01     4.4946      0.177      0.258    26.4347 0.0000e+00
      0.178     -0.004     5.5140     69.578     31.206  32.124805     2.2731      7.252   107.2352 7.8327e+01     4.5388      0.178      0.257    26.4432 0.0000e+00
      0.173     -0.007     5.5276     69.676     31.199  32.111184     2.2892      7.253   106.8775 7.9561e+01     4.5445      0.171      0.247    26.4564 0.0000e+00
      0.168     -0.008     5.5488     69.614     31.205  32.111091     2.2793      7.258   106.2575 8.0354e+01     4.4618      0.163      0.237    26.4689 0.0000e+00
      0.166     -0.007     5.5762     69.508     31.222  32.123668     2.3037      7.269   106.1058 8.0493e+01     4.3928      0.162      0.236    26.4743 0.0000e+00
      0.166     -0.003     5.6022     69.418     31.237  32.136451     2.3673      7.281   106.4195 8.0960e+01     4.4271      0.165      0.238    26.4699 0.0000e+00
      0.164      0.001     5.6116     69.303     31.240  32.138850     2.3996      7.288   106.7813 8.1850e+01     4.4668      0.162      0.234    26.4554 0.0000e+00
      0.164      0.003     5.6028     69.159     31.250  32.152672     2.3949      7.290   107.1249 8.2350e+01     4.4623      0.158      0.230    26.4428 0.0000e+00
      0.168      0.003     5.5926     69.060     31.267  32.176782     2.3601      7.291   107.3903 8.2796e+01     4.4762      0.164      0.238    26.4380 0.0000e+00
      0.173      0.003     5.5890     69.060     31.262  32.176782     2.3037      7.288   107.4084 8.3740e+01     4.4986      0.171      0.249    26.4318 0.0000e+00
      0.174      0.004     5.5802     69.145     31.235  32.152681     2.2790      7.286   107.4304 8.4705e+01     4.4601      0.172      0.249    26.4275 0.0000e+00
      0.171      0.006     5.5647     69.227     31.220  32.138972     2.2772      7.287   107.7423 8.5051e+01     4.4203      0.167      0.242    26.4360 0.0000e+00
      0.169      0.008     5.5539     69.251     31.221  32.137829     2.2567      7.287   107.9963 8.4486e+01     4.4618      0.165      0.239    26.4496 0.0000e+00
      0.170      0.010     5.5530     69.245     31.227  32.138860     2.2312      7.283   108.0055 8.3420e+01     4.5171      0.166      0.241    26.4582 0.0000e+00
      0.175      0.013     5.5626     69.242     31.245  32.151426     2.2271      7.281   108.0261 8.2716e+01     4.5425      0.170      0.248    26.4647 0.0000e+00
      0.183      0.017     5.5708     69.233     31.260  32.162963     2.2320      7.282   108.3307 8.2325e+01     4.5290      0.181      0.262    26.4694 0.0000e+00
      0.189      0.019     5.5718     69.178     31.250  32.151542     2.2244      7.283   108.8495 8.2065e+01     4.4565      0.187      0.272    26.4643 0.0000e+00
      0.191      0.019     5.5706     69.041     31.239  32.140129     2.2340      7.282   109.2230 8.1880e+01     4.4170      0.187      0.271    26.4541 0.0000e+00
      0.194      0.017     5.5726     68.856     31.250  32.151769     2.2744      7.279   109.4047 8.1217e+01     4.4617      0.190      0.274    26.4441 0.0000e+00
      0.201      0.013     5.5729     68.711     31.263  32.165488     2.2880      7.276   109.4978 8.0213e+01     4.4512      0.198      0.287    26.4367 0.0000e+00
      0.208      0.009     5.5713     68.633     31.275  32.179206     2.2735      7.272   109.4015 7.9500e+01     4.3576      0.205      0.297    26.4344 0.0000e+00
      0.210      0.004     5.5587     68.590     31.283  32.190826     2.2986      7.270   109.1875 7.9384e+01     4.3547      0.207      0.301    26.4359 0.0000e+00
      0.209     -0.001     5.5399     68.562     31.268  32.179205     2.3661      7.272   109.1470 7.9751e+01     4.4499      0.206      0.298    26.4373 0.0000e+00
      0.206     -0.006     5.5280     68.587     31.253  32.165498     2.4078      7.276   109.4288 8.0012e+01     4.5185      0.202      0.293    26.4360 0.0000e+00
      0.202     -0.008     5.5226     68.663     31.238  32.151893     2.4036      7.277   109.5832 8.0143e+01     4.5014      0.198      0.287    26.4376 0.0000e+00
      0.197     -0.008     5.5205     68.741     31.226  32.141510     2.3986      7.277   109.2927 8.0583e+01     4.4479      0.193      0.279    26.4445 0.0000e+00
      0.195     -0.007     5.5143     68.790     31.248  32.166754     2.4049      7.277   109.0138 8.1121e+01     4.4521      0.189      0.275    26.4517 0.0000e+00
      0.196     -0.005     5.5166     68.816     31.283  32.203534     2.4059      7.280   108.9649 8.1440e+01     4.4834      0.192      0.279    26.4550 0.0000e+00
      0.197     -0.003     5.5246     68.832     31.286  32.205821     2.4094      7.284   109.0452 8.1484e+01     4.4849      0.195      0.283    26.4568 0.0000e+00
      0.196     -0.002     5.5314     68.844     31.277  32.194398     2.4234      7.288   109.0384 8.1567e+01     4.4709      0.193      0.279    26.4600 0.0000e+00
      0.194     -0.002     5.5347     68.842     31.276  32.192216     2.4424      7.293   108.9682 8.2119e+01     4.4851      0.190      0.275    26.4630 0.0000e+00
      0.193     -0.001     5.5358     68.772     31.264  32.179432     2.4556      7.297   109.2289 8.2890e+01     4.5193      0.189      0.275    26.4647 0.0000e+00
      0.193      0.002     5.5377     68.619     31.252  32.166630     2.4578      7.296   109.6954 8.3380e+01     4.5083      0.189      0.275    26.4645 0.0000e+00
      0.193      0.003     5.5378     68.443     31.252  32.164220     2.4356      7.291   109.7906 8.3300e+01     4.4554      0.189      0.274    26.4611 0.0000e+00
      0.195      0.003     5.5412     68.313     31.243  32.150294     2.4032      7.288   109.2612 8.2475e+01     4.4256      0.189      0.275    26.4575 0.0000e+00
      0.199      0.003     5.5363     68.268     31.224  32.125040     2.4002      7.292   108.8022 8.1910e+01     4.4559      0.195      0.283    26.4570 0.0000e+00
      0.201      0.003     5.5211     68.270     31.218  32.112465     2.4075      7.303   109.0582 8.2655e+01     4.4795      0.201      0.291    26.4581 0.0000e+00
      0.199      0.006     5.5054     68.215     31.235  32.125031     2.3995      7.314   109.6886 8.3871e+01     4.4376      0.196      0.285    26.4546 0.0000e+00
      0.195      0.010     5.4943     68.083     31.263  32.150171     2.3869      7.318   110.2296 8.4373e+01     4.3940      0.190      0.274    26.4463 0.0000e+00
      0.196      0.013     5.4925     67.992     31.281  32.162831     2.3793      7.313   110.4374 8.3814e+01     4.3964      0.189      0.274    26.4361 0.0000e+00
      0.204      0.013     5.4980     67.964     31.276  32.151306     2.3822      7.308   110.2223 8.2554e+01     4.4328      0.198      0.288    26.4253 0.0000e+00
      0.214      0.013     5.4964     67.888     31.266  32.137607     2.3974      7.310   109.9514 8.1615e+01     4.4921      0.213      0.308    26.4169 0.0000e+00
      0.221      0.013     5.4797     67.742     31.250  32.123984     2.4130      7.314   110.2598 8.1486e+01     4.4990      0.220      0.319    26.4133 0.0000e+00
      0.221      0.011     5.4719     67.591     31.235  32.113391     2.4210      7.313   110.9397 8.1813e+01     4.4475      0.218      0.316    26.4050 0.0000e+00
      0.217      0.006     5.4777     67.496     31.257  32.136341     2.4277      7.306   111.1175 8.1817e+01     4.4152      0.212      0.308    26.3897 0.0000e+00
      0.217      0.001     5.4718     67.482     31.270  32.147867     2.4443      7.300   110.7749 8.0732e+01     4.4165      0.210      0.305    26.3830 0.0000e+00
      0.221     -0.002     5.4562     67.476     31.250  32.125956     2.4470      7.299   110.5824 7.9778e+01     4.4290      0.217      0.315    26.3912 0.0000e+00
      0.224     -0.003     5.4426     67.473     31.249  32.125012     2.4103      7.300   110.7694 8.0108e+01     4.4302      0.222      0.323    26.4028 0.0000e+00
      0.221     -0.003     5.4315     67.550     31.260  32.136452     2.3756      7.301   110.9706 8.1113e+01     4.4649      0.218      0.316    26.4020 0.0000e+00
      0.216     -0.004     5.4363     67.687     31.260  32.137483     2.3763      7.301   110.8645 8.2296e+01     4.5070      0.210      0.305    26.3951 0.0000e+00
      0.213     -0.005     5.4361     67.835     31.258  32.137473     2.3939      7.303   110.6908 8.2637e+01     4.4945      0.207      0.300    26.3950 0.0000e+00
      0.213     -0.003     5.4302     67.928     31.255  32.136338     2.4056      7.307   110.6774 8.1884e+01     4.4512      0.209      0.303    26.3951 0.0000e+00
      0.213      0.001     5.4402     67.932     31.244  32.123764     2.4009      7.313   110.7014 8.1381e+01     4.3930      0.210      0.305    26.3936 0.0000e+00
      0.213      0.006     5.4511     67.923     31.236  32.112237     2.3874      7.318   110.8951 8.1303e+01     4.3715      0.208      0.303    26.3956 0.0000e+00
      0.215      0.011     5.4647     67.952     31.251  32.123765     2.4004      7.319   111.3855 8.1184e+01     4.4314      0.210      0.304    26.4004 0.0000e+00
      0.218      0.015     5.4747     67.991     31.265  32.136340     2.4419      7.315   111.7261 8.1582e+01     4.4678      0.214      0.311    26.4037 0.0000e+00
      0.223      0.018     5.4703     68.015     31.265  32.137485     2.4569      7.309   111.9158 8.2433e+01     4.4356      0.217      0.316    26.4044 0.0000e+00
      0.230      0.018     5.4686     68.037     31.265  32.137600     2.4391      7.302   112.3888 8.2456e+01     4.4172      0.223      0.324    26.3987 0.0000e+00
      0.238      0.012     5.4741     68.083     31.265  32.137734     2.3687      7.296   112.7988 8.1861e+01     4.4163      0.235      0.340    26.3886 0.0000e+00
      0.244     -0.002     5.4777     68.128     31.267  32.139106     2.2467      7.293   112.7434 8.2119e+01     4.4246      0.240      0.348    26.3853 0.0000e+00
      0.245     -0.026     5.4797     68.133     31.279  32.154185     2.1712      7.293   112.4084 8.2579e+01     4.4153      0.242      0.350    26.3882 0.0000e+00
      0.242     -0.056     5.4788     68.096     31.305  32.193262     2.1453      7.293   111.9312 8.2357e+01     4.3728      0.242      0.352    26.3909 0.0000e+00
      0.228     -0.091     5.4845     68.031     31.325  32.231203     2.1341      7.294   111.4471 8.3426e+01     4.3539      0.231      0.334    26.3900 0.0000e+00
      0.198     -0.125     5.4899     68.012     31.310  32.232572     2.1436      7.301   111.2021 8.8536e+01     4.3923      0.200      0.289    26.3869 0.0000e+00
      0.154     -0.151     5.4891     68.112     31.276  32.209840     2.1599      7.316   111.6361 9.7317e+01     4.4268      0.153      0.222    26.3887 0.0000e+00
      0.102     -0.166     5.4855     68.311     31.267  32.209968     2.1658      7.334   112.6499 1.0601e+02     4.3956      0.101      0.146    26.4068 0.0000e+00
      0.050     -0.167     5.4735     68.551     31.281  32.234134     2.1558      7.342   113.4799 1.1439e+02     4.3563      0.048      0.070    26.4422 0.0000e+00
      0.001     -0.161     5.4663     68.830     31.288  32.248451     2.1553      7.333   114.8741 1.2323e+02     4.3271     -0.003     -0.005    26.4712 0.0000e+00
