Data/DataNotYetUploadedToEDI/Raw_CTD/RawDownloads/071822_fcr50_S7809003.cnv
* Sea-Bird SBE19plus  Data File:
* FileName = C:\R\Reservoirs\Data\DataNotYetUploadedToEDI\Raw_CTD\RawDownloads\071822_bvr40_S7809_0003.hex
* Software version 2.8.0.119
* Temperature SN = 7809
* Conductivity SN = 7809
* System UpLoad Time = Jul 18 2022 15:44:51
* <ApplicationData>
* <Seaterm232>
# nquan = 15
# nvalues = 1539                        
# units = specified
# name 0 = depFM: Depth [fresh water, m]
# name 1 = dz/dtM: Descent Rate [m/s]
# name 2 = sbeox0Mg/L: Oxygen, SBE 43 [mg/l]
# name 3 = sbeox0PS: Oxygen, SBE 43 [% saturation]
# name 4 = specc: Specific Conductance [uS/cm]
# name 5 = c0uS/cm: Conductivity [uS/cm]
# name 6 = flECO-AFL: Fluorescence, WET Labs ECO-AFL/FL [mg/m^3]
# name 7 = ph: pH
# name 8 = orp: Oxidation Reduction Potential [mV]
# name 9 = par/sat/log: PAR/Logarithmic, Satlantic
# name 10 = turbWETntu0: Turbidity, WET Labs ECO [NTU]
# name 11 = prdM: Pressure, Strain Gauge [db]
# name 12 = prdE: Pressure, Strain Gauge [psi]
# name 13 = tv290C: Temperature [ITS-90, deg C]
# name 14 = flag:  0.000e+00
# span 0 =     -0.683,      9.548       
# span 1 =     -0.380,      0.244       
# span 2 =     0.0274,     8.5051       
# span 3 =      0.267,    105.235       
# span 4 =      0.513,    488.181       
# span 5 =   0.544436, 357.197288       
# span 6 =    -1.0722,    60.3287       
# span 7 =      6.394,      8.987       
# span 8 = -1240.7455,   133.3598       
# span 9 = 1.2351e-01, 2.7988e+03       
# span 10 =    -4.2789,   265.7755      
# span 11 =     -0.670,      9.364      
# span 12 =     -0.972,     13.581      
# span 13 =    10.9013,    28.0554      
# span 14 = 0.0000e+00, 0.0000e+00      
# interval = seconds: 0.25
# start_time = Jul 18 2022 10:02:24 [Instrument's time stamp, header]
# bad_flag = -9.990e-29
*END*
[from data line 290]
      0.866      0.041     6.7197     79.586     35.044  35.098146     3.5989      8.857   106.3720 4.5270e+01    10.0779      0.846      1.226    25.3830 0.0000e+00
      0.881      0.042     6.6750     79.949     35.093  35.090864     3.6153      8.846   106.4243 4.3974e+01    10.1194      0.864      1.253    25.3044 0.0000e+00
      0.895      0.043     6.6274     80.973     35.112  35.047014     3.6521      8.835   107.1706 4.3248e+01    10.2311      0.882      1.280    25.2230 0.0000e+00
      0.905      0.043     6.5797     82.239     35.077  34.948320     3.6931      8.827   109.1142 4.2549e+01    10.4035      0.885      1.284    25.1419 0.0000e+00
      0.915      0.043     6.5423     83.529     35.104  34.911992     3.7039      8.820   111.0817 4.1510e+01    10.4610      0.896      1.300    25.0730 0.0000e+00
      0.927      0.042     6.5824     84.795     35.114  34.861318     3.7155      8.813   111.7731 4.0806e+01    10.4835      0.912      1.323    24.9972 0.0000e+00
      0.936      0.041     6.6996     85.910     35.088  34.779388     3.7759      8.807   111.7087 4.0230e+01    10.5388      0.917      1.330    24.8981 0.0000e+00
      0.945      0.042     6.8191     86.746     35.113  34.745603     3.8514      8.802   111.5936 3.9386e+01    10.5490      0.925      1.343    24.8115 0.0000e+00
      0.956      0.043     6.9356     87.236     35.139  34.706357     3.8784      8.798   111.7578 3.8593e+01    10.5384      0.939      1.362    24.7214 0.0000e+00
      0.968      0.046     7.0590     87.347     35.181  34.685213     3.8861      8.793   112.4040 3.7866e+01    10.5476      0.949      1.375    24.6294 0.0000e+00
      0.979      0.049     7.1651     87.122     35.227  34.680086     3.9701      8.787   113.2978 3.7075e+01    10.5913      0.961      1.393    24.5567 0.0000e+00
      0.991      0.054     7.2466     86.718     35.234  34.644299     4.1114      8.779   114.2185 3.6272e+01    10.5889      0.972      1.410    24.4750 0.0000e+00
      1.005      0.059     7.3029     86.324     35.267  34.632901     4.1793      8.770   114.5024 3.5291e+01    10.5187      0.984      1.428    24.3778 0.0000e+00
      1.021      0.063     7.3234     85.875     35.293  34.605612     4.1668      8.759   114.1493 3.4199e+01    10.4602      1.001      1.452    24.2820 0.0000e+00
      1.038      0.064     7.3110     85.349     35.323  34.567905     4.1692      8.749   114.3375 3.3039e+01    10.4281      1.017      1.476    24.2120 0.0000e+00
      1.058      0.064     7.2736     85.132     35.395  34.557323     4.3575      8.736   114.8848 3.1833e+01    10.2662      1.038      1.505    24.1599 0.0000e+00
      1.077      0.061     7.2524     85.288     35.396  34.477557     4.7040      8.722   115.2602 3.0971e+01     9.9727      1.060      1.536    24.0979 0.0000e+00
      1.091      0.057     7.2346     85.393     35.351  34.364222     4.8885      8.711   115.8652 3.0306e+01     9.8162      1.071      1.552    24.0294 0.0000e+00
      1.104      0.053     7.1783     85.246     35.376  34.328214     4.8983      8.701   116.4342 2.9605e+01     9.7742      1.083      1.570    23.9363 0.0000e+00
      1.116      0.051     7.1737     84.920     35.400  34.295716     4.9226      8.688   116.2032 2.9130e+01     9.5679      1.097      1.590    23.8091 0.0000e+00
      1.125      0.048     7.2271     84.523     35.382  34.224838     4.9902      8.674   115.5683 2.8601e+01     9.2000      1.101      1.597    23.6905 0.0000e+00
      1.137      0.047     7.2506     83.929     35.378  34.168625     5.0418      8.663   115.5552 2.7680e+01     8.9811      1.112      1.612    23.5939 0.0000e+00
      1.153      0.047     7.2470     82.714     35.388  34.123217     5.0563      8.655   116.0442 2.6883e+01     8.9371      1.133      1.644    23.5111 0.0000e+00
      1.167      0.050     7.2247     80.671     35.446  34.119574     5.1815      8.647   116.8337 2.6521e+01     8.7704      1.147      1.663    23.4333 0.0000e+00
      1.174      0.055     7.2017     77.903     35.511  34.124494     5.4402      8.634   117.8742 2.6218e+01     8.4687      1.151      1.670    23.3587 0.0000e+00
      1.183      0.058     7.1805     74.432     35.493  34.055819     5.5960      8.620   117.9565 2.5537e+01     8.2943      1.158      1.679    23.2885 0.0000e+00
      1.200      0.060     7.0950     70.420     35.468  33.986606     5.6090      8.608   117.3115 2.4411e+01     8.2339      1.175      1.703    23.2086 0.0000e+00
      1.223      0.065     6.9207     66.290     35.510  33.985048     5.5796      8.595   117.4760 2.3400e+01     7.8751      1.202      1.743    23.1245 0.0000e+00
      1.242      0.068     6.6983     61.926     35.535  33.973511     5.5405      8.578   118.3106 2.2850e+01     7.2356      1.222      1.772    23.0388 0.0000e+00
      1.256      0.066     6.4100     56.728     35.502  33.910471     5.5352      8.561   118.9704 2.2245e+01     6.8895      1.228      1.782    22.9642 0.0000e+00
      1.274      0.059     6.0479     50.833     35.484  33.856840     5.5490      8.549   119.1721 2.1334e+01     6.8334      1.247      1.809    22.9080 0.0000e+00
      1.294      0.053     5.7010     44.944     35.504  33.832244     5.4911      8.539   118.5131 2.0729e+01     6.6254      1.274      1.849    22.8453 0.0000e+00
      1.307      0.048     5.3675     39.318     35.516  33.803242     5.3676      8.528   117.3691 2.0587e+01     6.2528      1.284      1.864    22.7907 0.0000e+00
      1.312      0.046     4.9159     34.054     35.510  33.759744     5.3051      8.518   117.2136 2.0397e+01     6.0514      1.285      1.863    22.7602 0.0000e+00
      1.319      0.047     4.3743     29.316     35.546  33.750093     5.3175      8.508   118.0961 1.9984e+01     6.0703      1.291      1.873    22.7055 0.0000e+00
      1.329      0.052     3.8751     25.153     35.601  33.749884     5.3513      8.497   119.0913 1.9530e+01     6.0705      1.304      1.890    22.6350 0.0000e+00
      1.343      0.057     3.3907     21.833     35.596  33.693741     5.5807      8.482   119.6099 1.9034e+01     5.9175      1.316      1.908    22.5832 0.0000e+00
      1.361      0.061     2.9261     19.524     35.598  33.641843     6.0103      8.467   119.1181 1.8263e+01     5.6893      1.331      1.931    22.5334 0.0000e+00
      1.384      0.059     2.5278     17.904     35.650  33.629550     6.2506      8.452   117.8768 1.7438e+01     5.6003      1.358      1.970    22.4751 0.0000e+00
      1.404      0.054     2.1566     16.566     35.689  33.608423     6.2809      8.441   117.0776 1.6978e+01     5.5933      1.382      2.003    22.3931 0.0000e+00
      1.416      0.047     1.8598     15.286     35.701  33.576529     6.3345      8.432   117.1978 1.6776e+01     5.4331      1.391      2.017    22.3220 0.0000e+00
      1.423      0.040     1.6789     14.059     35.717  33.560889     6.4079      8.422   117.8683 1.6671e+01     5.2005      1.397      2.025    22.2549 0.0000e+00
      1.427      0.034     1.5534     13.033     35.727  33.546082     6.4443      8.412   118.5585 1.6644e+01     5.1377      1.400      2.030    22.1582 0.0000e+00
      1.432      0.033     1.4457     12.288     35.730  33.524273     6.4505      8.404   118.5736 1.6458e+01     5.1524      1.402      2.032    22.0717 0.0000e+00
      1.442      0.036     1.3365     11.810     35.721  33.487386     6.4747      8.394   118.0521 1.6126e+01     5.0033      1.415      2.051    22.0137 0.0000e+00
      1.453      0.041     1.2224     11.568     35.676  33.417053     6.5287      8.380   117.5875 1.5941e+01     4.7689      1.429      2.071    21.9717 0.0000e+00
      1.462      0.044     1.1311     11.446     35.658  33.371280     6.5537      8.369   117.4295 1.5672e+01     4.6413      1.432      2.076    21.9421 0.0000e+00
      1.476      0.046     1.0691     11.369     35.707  33.377730     6.5520      8.362   117.6905 1.5179e+01     4.6218      1.445      2.096    21.9151 0.0000e+00
      1.492      0.048     1.0260     11.315     35.745  33.368180     6.5666      8.352   118.2481 1.4891e+01     4.6693      1.468      2.130    21.8651 0.0000e+00
      1.502      0.048     1.0121     11.186     35.740  33.319161     6.5809      8.340   118.5783 1.4825e+01     4.7043      1.475      2.140    21.8271 0.0000e+00
      1.510      0.047     1.0043     10.887     35.754  33.292205     6.5749      8.329   118.3280 1.4593e+01     4.6687      1.477      2.142    21.7973 0.0000e+00
      1.524      0.045     0.9968     10.453     35.792  33.295817     6.5598      8.320   118.0615 1.4195e+01     4.6142      1.493      2.164    21.7349 0.0000e+00
      1.540      0.044     0.9978     10.004     35.825  33.299388     6.6158      8.311   118.0231 1.3961e+01     4.5577      1.513      2.195    21.6685 0.0000e+00
      1.550      0.045     0.9919      9.636     35.888  33.335351     6.7357      8.301   117.9501 1.3915e+01     4.4980      1.522      2.207    21.6050 0.0000e+00
      1.558      0.046     0.9652      9.356     35.996  33.413590     6.7947      8.292   118.5548 1.3784e+01     4.4725      1.525      2.212    21.5471 0.0000e+00
      1.568      0.047     0.9223      9.096     36.107  33.484493     6.7957      8.282   119.8281 1.3532e+01     4.4546      1.537      2.229    21.5047 0.0000e+00
      1.581      0.048     0.8811      8.876     36.168  33.495149     6.8059      8.268   120.2680 1.3323e+01     4.3161      1.551      2.250    21.4696 0.0000e+00
      1.592      0.048     0.8471      8.749     36.205  33.478972     6.9684      8.254   119.8297 1.3146e+01     4.0282      1.561      2.265    21.4367 0.0000e+00
      1.607      0.048     0.8284      8.675     36.267  33.479038     7.2705      8.244   119.3467 1.2870e+01     3.7741      1.572      2.282    21.4141 0.0000e+00
      1.625      0.047     0.8042      8.620     36.352  33.495867     7.4288      8.235   118.9872 1.2644e+01     3.6691      1.595      2.315    21.3724 0.0000e+00
      1.637      0.045     0.7818      8.557     36.473  33.555556     7.4422      8.225   119.6988 1.2614e+01     3.6475      1.609      2.334    21.2983 0.0000e+00
      1.643      0.044     0.7757      8.500     36.595  33.630023     7.5080      8.215   121.4987 1.2588e+01     3.5813      1.609      2.334    21.2352 0.0000e+00
      1.652      0.043     0.7698      8.496     36.708  33.698740     7.6417      8.203   122.4236 1.2488e+01     3.4153      1.619      2.348    21.1584 0.0000e+00
      1.662      0.042     0.7679      8.515     36.818  33.752315     7.7265      8.189   122.0191 1.2398e+01     3.2792      1.632      2.366    21.0600 0.0000e+00
      1.673      0.041     0.7640      8.512     36.917  33.770493     7.7346      8.178   121.3401 1.2254e+01     3.2340      1.639      2.377    20.9882 0.0000e+00
      1.687      0.040     0.7553      8.495     37.037  33.791619     7.7900      8.170   120.6656 1.2063e+01     3.2790      1.655      2.400    20.9414 0.0000e+00
      1.701      0.040     0.7582      8.439     37.154  33.817419     7.9128      8.163   120.8341 1.2012e+01     3.3793      1.672      2.426    20.9015 0.0000e+00
      1.709      0.041     0.7630      8.322     37.238  33.828708     7.9879      8.156   122.0868 1.2108e+01     3.4560      1.678      2.434    20.8473 0.0000e+00
      1.713      0.042     0.7620      8.172     37.341  33.864614     8.0072      8.147   122.7334 1.2154e+01     3.5228      1.677      2.433    20.7420 0.0000e+00
      1.721      0.042     0.7646      8.004     37.485  33.934452     7.9632      8.138   122.5434 1.2042e+01     3.5039      1.684      2.443    20.6086 0.0000e+00
      1.736      0.043     0.7622      7.834     37.596  33.975580     7.8638      8.128   122.1133 1.1845e+01     3.4325      1.702      2.468    20.4958 0.0000e+00
      1.753      0.044     0.7510      7.688     37.657  33.981380     7.8207      8.118   121.4907 1.1708e+01     3.4453      1.722      2.497    20.4144 0.0000e+00
      1.765      0.045     0.7382      7.550     37.719  34.004500     7.8250      8.109   121.7263 1.1668e+01     3.4874      1.734      2.515    20.3435 0.0000e+00
      1.773      0.045     0.7245      7.430     37.808  34.064864     7.7580      8.100   123.0692 1.1598e+01     3.4298      1.738      2.521    20.2597 0.0000e+00
      1.782      0.045     0.7081      7.360     37.908  34.140550     7.6266      8.088   124.0476 1.1496e+01     3.2954      1.748      2.535    20.1761 0.0000e+00
      1.792      0.044     0.6974      7.306     38.023  34.222135     7.5595      8.075   124.0920 1.1436e+01     3.2625      1.758      2.550    20.1065 0.0000e+00
      1.803      0.043     0.6861      7.248     38.138  34.290399     7.5539      8.064   123.6916 1.1335e+01     3.3057      1.764      2.559    20.0640 0.0000e+00
      1.819      0.043     0.6715      7.203     38.231  34.331805     7.5338      8.055   123.1648 1.1270e+01     3.2707      1.783      2.587    20.0437 0.0000e+00
      1.834      0.042     0.6692      7.163     38.362  34.405685     7.4084      8.047   123.0561 1.1410e+01     3.1462      1.805      2.617    20.0278 0.0000e+00
      1.842      0.041     0.6645      7.110     38.580  34.549540     7.1942      8.038   123.4962 1.1663e+01     2.9968      1.808      2.622    20.0073 0.0000e+00
      1.847      0.040     0.6587      7.058     38.854  34.739526     7.0831      8.029   123.9255 1.1850e+01     2.9330      1.809      2.624    19.9538 0.0000e+00
      1.855      0.040     0.6563      7.064     39.114  34.927295     7.0973      8.021   124.2029 1.1910e+01     2.9893      1.818      2.637    19.8937 0.0000e+00
      1.867      0.043     0.6533      7.121     39.351  35.107747     7.2488      8.013   124.4410 1.1875e+01     3.0283      1.831      2.656    19.8442 0.0000e+00
      1.879      0.047     0.6506      7.192     39.646  35.336096     7.5085      8.001   124.3100 1.1773e+01     2.9948      1.843      2.674    19.7760 0.0000e+00
      1.891      0.050     0.6422      7.284     39.929  35.532258     7.6410      7.991   124.0825 1.1580e+01     2.9606      1.853      2.687    19.6937 0.0000e+00
      1.906      0.052     0.6453      7.409     40.128  35.640543     7.6522      7.981   124.4432 1.1345e+01     2.9568      1.867      2.709    19.6339 0.0000e+00
      1.922      0.053     0.6528      7.608     40.547  35.947762     7.7112      7.970   125.0575 1.1227e+01     2.9828      1.887      2.738    19.6074 0.0000e+00
      1.933      0.053     0.6582      7.909     41.047  36.329749     7.7961      7.958   125.4863 1.1237e+01     2.9663      1.896      2.750    19.5731 0.0000e+00
      1.944      0.053     0.6684      8.269     41.255  36.454291     7.8218      7.951   125.7561 1.1322e+01     2.8950      1.902      2.759    19.4986 0.0000e+00
      1.962      0.056     0.6794      8.652     41.718  36.819393     7.8141      7.945   125.3943 1.1721e+01     2.8716      1.926      2.793    19.3964 0.0000e+00
      1.977      0.063     0.6966      9.063     42.698  37.636746     7.7858      7.935   124.7259 1.2651e+01     2.9225      1.944      2.820    19.3250 0.0000e+00
      1.986      0.070     0.7281      9.471     43.521  38.282901     7.7287      7.921   124.9884 1.3949e+01     2.9976      1.946      2.823    19.2535 0.0000e+00
      2.000      0.070     0.7646      9.807     43.934  38.543809     7.6815      7.907   125.7282 1.5298e+01     3.0292      1.955      2.835    19.1614 0.0000e+00
      2.028      0.065     0.7986     10.011     44.218  38.698383     7.6227      7.892   126.2718 1.6655e+01     2.9974      1.987      2.882    19.1230 0.0000e+00
      2.059      0.056     0.8391     10.062     44.365  38.756454     7.2674      7.878   126.1399 1.8290e+01     2.9199      2.028      2.941    19.0897 0.0000e+00
