Data/DataNotYetUploadedToEDI/Raw_CTD/RawDownloads/071822_fcr50_S7809003.cnv
* Sea-Bird SBE19plus  Data File:
* FileName = C:\R\Reservoirs\Data\DataNotYetUploadedToEDI\Raw_CTD\RawDownloads\071822_bvr40_S7809_0003.hex
* Software version 2.8.0.119
* Temperature SN = 7809
* Conductivity SN = 7809
* System UpLoad Time = Jul 18 2022 15:44:51
* <ApplicationData>
* <Seaterm232>
# nquan = 15
# nvalues = 1539                        
# units = specified
# name 0 = depFM: Depth [fresh water, m]
# name 1 = dz/dtM: Descent Rate [m/s]
# name 2 = sbeox0Mg/L: Oxygen, SBE 43 [mg/l]
# name 3 = sbeox0PS: Oxygen, SBE 43 [% saturation]
# name 4 = specc: Specific Conductance [uS/cm]
# name 5 = c0uS/cm: Conductivity [uS/cm]
# name 6 = flECO-AFL: Fluorescence, WET Labs ECO-AFL/FL [mg/m^3]
# name 7 = ph: pH
# name 8 = orp: Oxidation Reduction Potential [mV]
# name 9 = par/sat/log: PAR/Logarithmic, Satlantic
# name 10 = turbWETntu0: Turbidity, WET Labs ECO [NTU]
# name 11 = prdM: Pressure, Strain Gauge [db]
# name 12 = prdE: Pressure, Strain Gauge [psi]
# name 13 = tv290C: Temperature [ITS-90, deg C]
# name 14 = flag:  0.000e+00
# span 0 =     -0.683,      9.548       
# span 1 =     -0.380,      0.244       
# span 2 =     0.0274,     8.5051       
# span 3 =      0.267,    105.235       
# span 4 =      0.513,    488.181       
# span 5 =   0.544436, 357.197288       
# span 6 =    -1.0722,    60.3287       
# span 7 =      6.394,      8.987       
# span 8 = -1240.7455,   133.3598       
# span 9 = 1.2351e-01, 2.7988e+03       
# span 10 =    -4.2789,   265.7755      
# span 11 =     -0.670,      9.364      
# span 12 =     -0.972,     13.581      
# span 13 =    10.9013,    28.0554      
# span 14 = 0.0000e+00, 0.0000e+00      
# interval = seconds: 0.25
# start_time = Jul 18 2022 10:02:24 [Instrument's time stamp, header]
# bad_flag = -9.990e-29
*END*
[from data line 579]
      4.818      0.070     0.4801      4.573     51.849  37.342890     0.7132      7.073   -36.0578 1.2367e-01     5.1466      4.720      6.845    11.0111 0.0000e+00
      4.835      0.074     0.4908      4.634     51.876  37.355460     0.6964      7.071   -35.3163 1.2374e-01     5.2396      4.738      6.872    11.0147 0.0000e+00
      4.863      0.074     0.4905      4.676     51.886  37.357738     0.6567      7.067   -34.4251 1.2373e-01     5.6541      4.768      6.915    11.0195 0.0000e+00
      4.894      0.073     0.4924      4.730     51.910  37.370420     0.5983      7.063   -33.4567 1.2371e-01     6.2981      4.802      6.965    11.0169 0.0000e+00
      4.918      0.075     0.5062      4.798     51.931  37.381960     0.5646      7.060   -32.7275 1.2370e-01     6.6032      4.830      7.005    11.0087 0.0000e+00
      4.927      0.076     0.5119      4.874     51.916  37.370431     0.5495      7.056   -31.8883 1.2369e-01     6.5770      4.835      7.012    11.0001 0.0000e+00
      4.930      0.072     0.5146      4.947     51.897  37.357853     0.5320      7.052   -30.7954 1.2368e-01     6.5279      4.829      7.005    10.9966 0.0000e+00
      4.946      0.067     0.5212      4.983     51.895  37.356719     0.5279      7.048   -29.7527 1.2366e-01     6.4873      4.841      7.022    10.9927 0.0000e+00
      4.978      0.065     0.5289      4.988     51.898  37.356719     0.5254      7.043   -28.8308 1.2368e-01     6.4273      4.883      7.080    10.9887 0.0000e+00
      5.008      0.067     0.5368      5.008     51.903  37.357853     0.5184      7.039   -28.4252 1.2370e-01     6.3487      4.922      7.138    10.9879 0.0000e+00
      5.019      0.069     0.5476      5.041     51.921  37.370431     0.5177      7.037   -28.3767 1.2368e-01     6.2545      4.926      7.145    10.9893 0.0000e+00
      5.021      0.066     0.5512      5.059     51.934  37.381961     0.5252      7.034   -27.8994 1.2365e-01     6.1763      4.918      7.133    10.9910 0.0000e+00
      5.034      0.065     0.5488      5.063     51.915  37.370421     0.5338      7.030   -27.0422 1.2367e-01     6.1545      4.932      7.153    10.9891 0.0000e+00
      5.057      0.070     0.5515      5.070     51.899  37.357739     0.5305      7.026   -26.1865 1.2373e-01     6.1278      4.962      7.195    10.9850 0.0000e+00
      5.078      0.079     0.5571      5.089     51.901  37.355451     0.5184      7.021   -25.6400 1.2378e-01     6.0933      4.981      7.225    10.9843 0.0000e+00
      5.098      0.084     0.5586      5.127     51.891  37.342758     0.5127      7.015   -25.4257 1.2380e-01     6.0790      4.995      7.245    10.9879 0.0000e+00
      5.123      0.084     0.5577      5.174     51.881  37.331106     0.5193      7.012   -25.1440 1.2381e-01     6.0910      5.023      7.285    10.9905 0.0000e+00
      5.151      0.082     0.5589      5.209     51.898  37.341387     0.5318      7.010   -24.4718 1.2379e-01     6.1355      5.056      7.333    10.9896 0.0000e+00
      5.169      0.079     0.5604      5.228     51.897  37.340233     0.5311      7.005   -23.4930 1.2366e-01     6.1392      5.073      7.357    10.9846 0.0000e+00
      5.182      0.073     0.5651      5.239     51.867  37.317153     0.5190      7.000   -22.6877 1.2360e-01     6.1700      5.078      7.364    10.9786 0.0000e+00
      5.202      0.065     0.5714      5.258     51.869  37.315999     0.5100      6.997   -22.1338 1.2367e-01     6.2691      5.098      7.394    10.9745 0.0000e+00
      5.224      0.059     0.5755      5.268     51.887  37.326273     0.5136      6.995   -21.7000 1.2370e-01     6.3131      5.128      7.438    10.9722 0.0000e+00
      5.238      0.056     0.5772      5.265     51.874  37.314535     0.5297      6.993   -21.4010 1.2367e-01     6.3260      5.140      7.456    10.9726 0.0000e+00
      5.245      0.052     0.5769      5.278     51.857  37.300918     0.5216      6.989   -21.1852 1.2365e-01     6.3223      5.140      7.456    10.9725 0.0000e+00
      5.255      0.049     0.5807      5.313     51.842  37.288453     0.4896      6.984   -20.8115 1.2366e-01     6.3019      5.151      7.471    10.9690 0.0000e+00
      5.270      0.051     0.5827      5.366     51.848  37.290655     0.4680      6.981   -19.7219 1.2368e-01     6.3192      5.170      7.498    10.9655 0.0000e+00
      5.282      0.057     0.5792      5.423     51.902  37.327543     0.4602      6.978   -18.5079 1.2371e-01     6.3604      5.182      7.516    10.9634 0.0000e+00
      5.293      0.063     0.5819      5.462     51.939  37.353948     0.4452      6.975   -18.0926 1.2368e-01     6.4587      5.187      7.523    10.9625 0.0000e+00
      5.310      0.066     0.5855      5.497     51.943  37.356244     0.4120      6.972   -17.8841 1.2366e-01     6.5515      5.202      7.545    10.9614 0.0000e+00
      5.335      0.069     0.5916      5.537     51.943  37.355309     0.3997      6.969   -17.6214 1.2371e-01     6.5592      5.234      7.589    10.9581 0.0000e+00
      5.357      0.070     0.6005      5.567     51.925  37.342635     0.4133      6.965   -17.4118 1.2374e-01     6.5862      5.258      7.626    10.9555 0.0000e+00
      5.370      0.070     0.6026      5.574     51.905  37.329850     0.4183      6.962   -16.4682 1.2375e-01     6.6391      5.265      7.637    10.9564 0.0000e+00
      5.385      0.067     0.6062      5.584     51.903  37.327554     0.4101      6.958   -14.9888 1.2372e-01     6.6185      5.278      7.655    10.9571 0.0000e+00
      5.405      0.064     0.6112      5.605     51.888  37.314879     0.3977      6.954   -14.1513 1.2366e-01     6.5410      5.303      7.692    10.9547 0.0000e+00
      5.420      0.060     0.6161      5.610     51.875  37.303434     0.4016      6.951   -13.9989 1.2369e-01     6.5222      5.317      7.712    10.9551 0.0000e+00
      5.433      0.056     0.6151      5.610     51.896  37.316004     0.4154      6.948   -14.0062 1.2375e-01     6.5622      5.324      7.721    10.9580 0.0000e+00
      5.451      0.054     0.6144      5.614     51.932  37.340019     0.4153      6.945   -12.9487 1.2371e-01     6.5805      5.346      7.754    10.9574 0.0000e+00
      5.467      0.054     0.6208      5.616     51.932  37.340124     0.4078      6.942   -10.9363 1.2369e-01     6.5735      5.367      7.785    10.9547 0.0000e+00
      5.473      0.054     0.6189      5.624     51.898  37.317272     0.4000      6.938    -9.8934 1.2368e-01     6.5453      5.368      7.786    10.9521 0.0000e+00
      5.480      0.054     0.6188      5.628     51.897  37.317396     0.4049      6.936    -9.7171 1.2362e-01     6.5463      5.367      7.784    10.9498 0.0000e+00
      5.499      0.054     0.6206      5.621     51.931  37.341620     0.4242      6.934    -9.9236 1.2362e-01     6.5519      5.389      7.817    10.9478 0.0000e+00
      5.522      0.055     0.6191      5.620     51.953  37.356486     0.4256      6.933   -10.3247 1.2365e-01     6.4768      5.421      7.863    10.9475 0.0000e+00
      5.536      0.058     0.6211      5.636     51.973  37.370312     0.4059      6.930    -9.5765 1.2367e-01     6.3559      5.433      7.878    10.9498 0.0000e+00
      5.543      0.059     0.6220      5.647     51.988  37.381947     0.3944      6.927    -7.8474 1.2371e-01     6.2859      5.432      7.879    10.9511 0.0000e+00
      5.555      0.057     0.6203      5.644     51.972  37.370322     0.4022      6.922    -6.7116 1.2376e-01     6.3132      5.445      7.897    10.9504 0.0000e+00
      5.573      0.056     0.6191      5.656     51.955  37.356600     0.4170      6.919    -6.5125 1.2379e-01     6.3442      5.466      7.928    10.9492 0.0000e+00
      5.590      0.056     0.6222      5.680     51.937  37.342868     0.4235      6.918    -6.6444 1.2384e-01     6.3197      5.483      7.952    10.9488 0.0000e+00
      5.605      0.059     0.6249      5.687     51.920  37.331120     0.4140      6.916    -6.4141 1.2381e-01     6.2893      5.497      7.972    10.9506 0.0000e+00
      5.619      0.061     0.6217      5.696     51.933  37.341394     0.4102      6.914    -5.6203 1.2373e-01     6.3528      5.512      7.995    10.9504 0.0000e+00
      5.631      0.063     0.6233      5.721     51.932  37.340249     0.4366      6.911    -4.7048 1.2372e-01     6.5073      5.523      8.010    10.9486 0.0000e+00
      5.644      0.063     0.6290      5.731     51.902  37.317283     0.4666      6.907    -4.1205 1.2372e-01     6.5854      5.531      8.022    10.9474 0.0000e+00
      5.664      0.063     0.6275      5.731     51.906  37.317377     0.4654      6.903    -3.8039 1.2367e-01     6.5798      5.553      8.052    10.9467 0.0000e+00
      5.687      0.065     0.6272      5.738     51.944  37.341391     0.4471      6.901    -3.5445 1.2366e-01     6.5420      5.581      8.095    10.9488 0.0000e+00
      5.704      0.069     0.6327      5.737     51.964  37.353961     0.4371      6.900    -3.6509 1.2373e-01     6.4700      5.597      8.118    10.9498 0.0000e+00
      5.715      0.071     0.6335      5.736     51.948  37.342516     0.4354      6.897    -3.5411 1.2378e-01     6.4275      5.603      8.126    10.9476 0.0000e+00
      5.729      0.068     0.6310      5.748     51.929  37.329851     0.4426      6.894    -2.5613 1.2380e-01     6.4033      5.614      8.142    10.9442 0.0000e+00
      5.751      0.063     0.6349      5.757     51.925  37.327660     0.4415      6.892    -1.6129 1.2379e-01     6.3485      5.638      8.177    10.9410 0.0000e+00
      5.776      0.062     0.6334      5.757     51.910  37.316016     0.4310      6.890    -1.1082 1.2374e-01     6.3795      5.668      8.222    10.9396 0.0000e+00
      5.791      0.065     0.6319      5.741     51.912  37.315903     0.4231      6.888    -1.3634 1.2374e-01     6.5387      5.685      8.245    10.9395 0.0000e+00
      5.798      0.067     0.6356      5.710     51.927  37.326289     0.4130      6.885    -2.1164 1.2377e-01     6.6342      5.683      8.243    10.9401 0.0000e+00
      5.808      0.065     0.6353      5.694     51.911  37.314759     0.4162      6.883    -2.1256 1.2371e-01     6.6108      5.689      8.252    10.9411 0.0000e+00
      5.829      0.064     0.6364      5.706     51.897  37.303324     0.4200      6.881    -1.5602 1.2369e-01     6.5640      5.716      8.290    10.9406 0.0000e+00
      5.854      0.067     0.6349      5.713     51.915  37.314873     0.4093      6.879    -0.6154 1.2375e-01     6.5810      5.744      8.331    10.9388 0.0000e+00
      5.873      0.072     0.6298      5.702     51.934  37.327556     0.4119      6.877     0.5226 1.2376e-01     6.6455      5.762      8.357    10.9384 0.0000e+00
      5.887      0.075     0.6267      5.701     51.935  37.329843     0.4269      6.874     0.3249 1.2375e-01     6.6602      5.773      8.373    10.9387 0.0000e+00
      5.902      0.074     0.6306      5.721     51.950  37.342527     0.4236      6.869    -0.8545 1.2370e-01     6.6213      5.785      8.391    10.9376 0.0000e+00
      5.922      0.070     0.6324      5.743     51.964  37.354076     0.4057      6.864    -1.0039 1.2362e-01     6.5856      5.804      8.418    10.9356 0.0000e+00
      5.947      0.066     0.6286      5.739     51.949  37.342641     0.4017      6.863    -0.0184 1.2363e-01     6.6044      5.832      8.459    10.9349 0.0000e+00
      5.968      0.063     0.6287      5.728     51.935  37.331101     0.4162      6.863     1.1668 1.2371e-01     6.6437      5.857      8.496    10.9357 0.0000e+00
      5.980      0.060     0.6310      5.737     51.951  37.341383     0.4233      6.860     1.1088 1.2374e-01     6.6510      5.867      8.509    10.9382 0.0000e+00
      5.988      0.056     0.6360      5.740     51.951  37.340127     0.4125      6.856    -0.2042 1.2368e-01     6.6247      5.869      8.512    10.9406 0.0000e+00
      6.000      0.056     0.6342      5.736     51.919  37.315904     0.4023      6.854    -0.5977 1.2359e-01     6.5650      5.883      8.533    10.9396 0.0000e+00
      6.014      0.058     0.6304      5.744     51.900  37.302181     0.3996      6.852     0.5664 1.2360e-01     6.5430      5.901      8.557    10.9376 0.0000e+00
      6.028      0.059     0.6346      5.758     51.898  37.301036     0.3970      6.850     1.9984 1.2370e-01     6.5643      5.910      8.571    10.9364 0.0000e+00
      6.047      0.059     0.6343      5.769     51.900  37.302066     0.3958      6.848     2.6918 1.2372e-01     6.5493      5.926      8.596    10.9349 0.0000e+00
      6.069      0.058     0.6324      5.780     51.917  37.314635     0.3935      6.846     2.5835 1.2365e-01     6.5321      5.956      8.638    10.9340 0.0000e+00
      6.084      0.057     0.6341      5.780     51.932  37.326165     0.3856      6.844     2.0652 1.2360e-01     6.5273      5.971      8.660    10.9342 0.0000e+00
      6.090      0.054     0.6365      5.764     51.914  37.314644     0.3917      6.841     1.9314 1.2362e-01     6.5257      5.970      8.659    10.9337 0.0000e+00
      6.100      0.051     0.6366      5.740     51.894  37.302169     0.4011      6.839     2.3430 1.2367e-01     6.5461      5.977      8.670    10.9333 0.0000e+00
      6.118      0.051     0.6389      5.724     51.892  37.302169     0.3907      6.838     2.6536 1.2371e-01     6.5688      6.001      8.703    10.9338 0.0000e+00
      6.133      0.054     0.6390      5.717     51.908  37.314653     0.3823      6.836     3.0192 1.2375e-01     6.5963      6.019      8.729    10.9346 0.0000e+00
      6.144      0.057     0.6370      5.718     51.926  37.326269     0.3825      6.834     3.4937 1.2379e-01     6.6044      6.023      8.736    10.9365 0.0000e+00
      6.157      0.058     0.6332      5.732     51.915  37.315778     0.3938      6.833     3.4869 1.2374e-01     6.5994      6.035      8.751    10.9383 0.0000e+00
      6.175      0.058     0.6315      5.733     51.916  37.314635     0.4104      6.832     3.3673 1.2366e-01     6.6037      6.058      8.786    10.9404 0.0000e+00
      6.193      0.059     0.6314      5.731     51.915  37.312454     0.4085      6.830     3.5963 1.2366e-01     6.5890      6.076      8.813    10.9410 0.0000e+00
      6.205      0.059     0.6296      5.736     51.881  37.289403     0.4037      6.828     3.9331 1.2365e-01     6.5917      6.084      8.824    10.9394 0.0000e+00
      6.218      0.059     0.6346      5.735     51.879  37.289593     0.4114      6.825     4.5138 1.2364e-01     6.6018      6.095      8.840    10.9371 0.0000e+00
      6.235      0.058     0.6329      5.737     51.914  37.314759     0.4185      6.823     5.2823 1.2369e-01     6.5743      6.114      8.868    10.9345 0.0000e+00
      6.251      0.058     0.6319      5.738     51.951  37.340022     0.4142      6.822     5.7406 1.2373e-01     6.5329      6.132      8.893    10.9331 0.0000e+00
      6.265      0.061     0.6349      5.735     51.954  37.341364     0.4011      6.821     5.9249 1.2375e-01     6.5115      6.144      8.911    10.9343 0.0000e+00
      6.278      0.066     0.6322      5.743     51.941  37.330986     0.4014      6.819     5.9620 1.2375e-01     6.5535      6.157      8.929    10.9368 0.0000e+00
      6.293      0.070     0.6338      5.755     51.957  37.341374     0.4179      6.817     6.6196 1.2370e-01     6.5971      6.171      8.949    10.9375 0.0000e+00
      6.311      0.072     0.6343      5.768     51.958  37.340127     0.4268      6.815     7.9389 1.2367e-01     6.5955      6.187      8.973    10.9352 0.0000e+00
      6.334      0.072     0.6320      5.774     51.926  37.315904     0.4173      6.814     8.4916 1.2367e-01     6.6017      6.210      9.007    10.9337 0.0000e+00
      6.358      0.072     0.6344      5.762     51.909  37.302172     0.3933      6.811     8.2261 1.2373e-01     6.5699      6.239      9.047    10.9340 0.0000e+00
