Data/DataNotYetUploadedToEDI/Raw_CTD/RawDownloads/072125_bvr50_S8188006.cnv
* Sea-Bird SBE19plus  Data File:
* FileName = C:\R\Reservoirs\Data\DataNotYetUploadedToEDI\Raw_CTD\RawDownloads\071425_bvr50_S8188_0006.hex
* Software version 2.8.0.119
* Temperature SN = 8188
* Conductivity SN = 8188
* System UpLoad Time = Aug 21 2025 13:37:16
* <ApplicationData>
* <Seaterm232>
# nquan = 16
# nvalues = 1315                        
# units = specified
# name 0 = depFM: Depth [fresh water, m]
# name 1 = dz/dtM: Descent Rate [m/s]
# name 2 = sbeox0Mg/L: Oxygen, SBE 43 [mg/l]
# name 3 = sbeox0PS: Oxygen, SBE 43 [% saturation]
# name 4 = specc: Specific Conductance [uS/cm]
# name 5 = c0uS/cm: Conductivity [uS/cm]
# name 6 = wetCDOM: Fluorescence, WET Labs CDOM [mg/m^3]
# name 7 = flECO-AFL: Fluorescence, WET Labs ECO-AFL/FL [mg/m^3]
# name 8 = flECO-AFL1: Fluorescence, WET Labs ECO-AFL/FL, 2 [mg/m^3]
# name 9 = flECO-AFL2: Fluorescence, WET Labs ECO-AFL/FL, 3 [mg/m^3]
# name 10 = par/sat/log: PAR/Logarithmic, Satlantic
# name 11 = turbWETntu0: Turbidity, WET Labs ECO [NTU]
# name 12 = prdM: Pressure, Strain Gauge [db]
# name 13 = prdE: Pressure, Strain Gauge [psi]
# name 14 = tv290C: Temperature [ITS-90, deg C]
# name 15 = flag:  0.000e+00
# span 0 =     -0.727,      5.792       
# span 1 =     -0.215,      0.163       
# span 2 =     2.1810,     6.5287       
# span 3 =     25.250,     69.894       
# span 4 =   -540.678,     89.004       
# span 5 =-502.799866,  85.897416       
# span 6 =    -0.0900,    58.2300       
# span 7 =    -0.3075,    54.2550       
# span 8 =    -0.0426,     0.8520       
# span 9 =    -0.3384,    13.6629       
# span 10 = 1.1580e-01, 3.6952e+02      
# span 11 =    -1.2159,    76.3707      
# span 12 =     -0.712,      5.680      
# span 13 =     -1.033,      8.238      
# span 14 =    18.5436,    24.4965      
# span 15 = 0.0000e+00, 0.0000e+00      
# interval = seconds: 0.25
# start_time = Jul 21 2025 10:09:01 [Instrument's time stamp, header]
# bad_flag = -9.990e-29
*END*
[from data line 1085]
      2.820     -0.141     6.4376     69.475     81.308  71.465863    51.7500     1.7029     0.2556     3.8916 2.2875e-01    12.9841      2.765      4.011    18.9808 0.0000e+00
      2.787     -0.147     6.4393     69.507     81.290  71.434418    51.7500     1.6877     0.2556     3.8916 1.9558e-01    12.7575      2.733      3.964    18.9714 0.0000e+00
      2.752     -0.157     6.4423     69.538     81.266  71.398167    51.7500     1.7144     0.2556     3.8916 1.9355e-01    12.8331      2.699      3.914    18.9619 0.0000e+00
      2.711     -0.167     6.4462     69.565     81.240  71.359416    51.7500     1.6877     0.2556     3.8916 2.2653e-01    12.8180      2.658      3.855    18.9525 0.0000e+00
      2.663     -0.172     6.4505     69.591     81.205  71.313817    52.0200     1.6800     0.2556     3.7647 3.3408e-01    12.8331      2.611      3.787    18.9430 0.0000e+00
      2.611     -0.170     6.4548     69.615     81.184  71.279145    52.0200     2.7939     0.2556     3.7647 5.2796e-01    13.1805      2.561      3.714    18.9336 0.0000e+00
      2.561     -0.160     6.4588     69.636     81.184  71.264112    52.0200     2.7787     0.2556     3.7647 7.6939e-01    13.1956      2.512      3.643    18.9241 0.0000e+00
      2.518     -0.143     6.4626     69.653     81.189  71.252737    52.0200     2.7901     0.2556     3.7647 7.6656e-01    13.1654      2.470      3.582    18.9146 0.0000e+00
      2.485     -0.120     6.4662     69.668     81.172  71.222029    51.1200     2.8283     0.2556     4.4415 7.2005e-01    13.3467      2.437      3.535    18.9051 0.0000e+00
      2.460     -0.097     6.4697     69.687     81.136  71.175773    51.1200     2.6719     0.2556     4.4415 6.7667e-01    13.3165      2.412      3.499    18.8956 0.0000e+00
      2.441     -0.075     6.4730     69.717     81.119  71.145536    51.1200     2.6681     0.2556     4.4415 7.2982e-01    13.2409      2.394      3.472    18.8860 0.0000e+00
      2.426     -0.057     6.4758     69.758     81.128  71.139218    51.1200     2.6642     0.2556     4.4415 6.7917e-01    13.2863      2.380      3.451    18.8763 0.0000e+00
      2.416     -0.044     6.4784     69.805     81.144  71.139169    51.1200     2.6566     0.2556     4.4415 6.1912e-01    13.2409      2.369      3.436    18.8667 0.0000e+00
      2.408     -0.035     6.4815     69.849     81.153  71.133403    48.6000     2.2294     0.2982     5.0760 6.2820e-01    13.7395      2.361      3.424    18.8572 0.0000e+00
      2.401     -0.028     6.4854     69.882     81.163  71.128364    48.6000     2.2294     0.2982     5.0760 6.1443e-01    13.6488      2.354      3.415    18.8480 0.0000e+00
      2.395     -0.024     6.4904     69.894     81.199  71.146654    48.6000     2.2446     0.2982     5.0760 6.4354e-01    13.7697      2.348      3.406    18.8390 0.0000e+00
      2.389     -0.022     6.4959     69.878     81.244  71.173195    48.6000     2.2255     0.2982     5.0760 6.0753e-01    13.7092      2.343      3.398    18.8303 0.0000e+00
      2.385     -0.022     6.5012     69.834     81.256  71.171161    50.2200     2.6146     0.2556     5.0337 5.8843e-01    13.4071      2.339      3.392    18.8219 0.0000e+00
      2.380     -0.023     6.5054     69.768     81.252  71.155973    50.2200     2.5803     0.2556     5.0337 6.0057e-01    13.4826      2.334      3.385    18.8136 0.0000e+00
      2.375     -0.026     6.5075     69.698     81.279  71.167483    50.2200     2.6032     0.2556     5.0337 6.1217e-01    13.5733      2.329      3.378    18.8055 0.0000e+00
      2.368     -0.032     6.5070     69.640     81.330  71.200779    50.2200     2.6185     0.2556     5.0337 5.7804e-01    13.4524      2.322      3.369    18.7976 0.0000e+00
      2.360     -0.040     6.5039     69.608     81.355  71.210858    50.3100     2.7825     0.2556     5.0337 5.6610e-01    13.9207      2.315      3.357    18.7900 0.0000e+00
      2.350     -0.051     6.4988     69.606     81.335  71.182447    50.3100     2.7939     0.2556     5.0337 5.5538e-01    13.9812      2.305      3.343    18.7825 0.0000e+00
      2.337     -0.065     6.4932     69.631     81.317  71.155864    50.3100     2.7749     0.2556     5.0337 5.5744e-01    13.9509      2.292      3.325    18.7753 0.0000e+00
      2.321     -0.082     6.4888     69.671     81.321  71.147966    50.3100     2.7978     0.2556     5.0337 5.9061e-01    13.9358      2.276      3.301    18.7683 0.0000e+00
      2.299     -0.102     6.4867     69.715     81.291  71.110749    50.3100     2.7939     0.2556     5.0337 5.8804e-01    13.2712      2.255      3.270    18.7614 0.0000e+00
      2.271     -0.120     6.4874     69.755     81.226  71.042269    49.3200     2.7787     0.2556     5.7105 6.0740e-01    13.1654      2.228      3.231    18.7545 0.0000e+00
      2.237     -0.134     6.4906     69.780     81.195  71.004088    49.3200     2.8016     0.2556     5.7105 7.9558e-01    13.2712      2.193      3.181    18.7476 0.0000e+00
      2.195     -0.143     6.4953     69.785     81.217  71.011967    49.3200     2.7863     0.2556     5.7105 1.3263e+00    13.2258      2.152      3.122    18.7407 0.0000e+00
      2.151     -0.145     6.5003     69.776     81.247  71.026099    49.3200     2.8359     0.2556     5.7105 1.8802e+00    13.4524      2.109      3.060    18.7338 0.0000e+00
      2.110     -0.143     6.5050     69.759     81.247  71.014333    47.1600     2.8435     0.2982     5.8374 1.9556e+00    13.3920      2.069      3.001    18.7269 0.0000e+00
      2.075     -0.137     6.5082     69.737     81.234  70.991490    47.1600     2.8664     0.2982     5.8374 1.8390e+00    13.4977      2.035      2.951    18.7199 0.0000e+00
      2.045     -0.131     6.5096     69.715     81.233  70.979417    47.1600     2.8283     0.2982     5.8374 1.7095e+00    13.4373      2.005      2.908    18.7129 0.0000e+00
      2.016     -0.129     6.5097     69.697     81.246  70.978885    47.1600     3.0305     0.2982     5.8374 1.7099e+00    13.6790      1.977      2.867    18.7058 0.0000e+00
      1.987     -0.133     6.5090     69.681     81.258  70.977778    43.0200     3.0266     0.2982     7.1487 1.7402e+00    13.7999      1.948      2.826    18.6986 0.0000e+00
      1.955     -0.142     6.5079     69.665     81.257  70.965822    43.0200     3.0381     0.2982     7.1487 1.7077e+00    13.6941      1.917      2.780    18.6914 0.0000e+00
      1.918     -0.153     6.5069     69.650     81.255  70.953799    43.0200     3.0343     0.2982     7.1487 1.7516e+00    13.6337      1.881      2.729    18.6842 0.0000e+00
      1.876     -0.161     6.5061     69.635     81.252  70.940498    43.0200     5.2125     0.2982     7.1487 2.3822e+00    13.9509      1.839      2.668    18.6771 0.0000e+00
      1.828     -0.163     6.5055     69.620     81.232  70.912393    43.7400     5.2506     0.2982     6.5565 4.0613e+00    13.9358      1.792      2.600    18.6702 0.0000e+00
      1.779     -0.159     6.5049     69.599     81.211  70.883941    43.7400     5.2010     0.2982     6.5565 6.6524e+00    13.9358      1.744      2.530    18.6633 0.0000e+00
      1.735     -0.150     6.5044     69.575     81.208  70.871501    43.7400     5.2583     0.2982     6.5565 6.7500e+00    13.9963      1.701      2.468    18.6566 0.0000e+00
      1.699     -0.138     6.5039     69.551     81.206  70.859781    43.7400     4.6098     0.2982     6.5565 5.8228e+00    14.2229      1.666      2.417    18.6501 0.0000e+00
      1.670     -0.124     6.5032     69.538     81.194  70.839669    43.7400     4.6098     0.2982     6.5565 5.6741e+00    14.0567      1.637      2.375    18.6437 0.0000e+00
      1.643     -0.115     6.5022     69.543     81.177  70.815779    42.6600     4.6327     0.3408     7.1487 5.8672e+00    14.1926      1.611      2.337    18.6373 0.0000e+00
      1.618     -0.111     6.5008     69.570     81.154  70.787728    42.6600     4.6098     0.3408     7.1487 5.9533e+00    14.1473      1.586      2.301    18.6311 0.0000e+00
      1.592     -0.115     6.4994     69.615     81.145  70.771980    42.6600     5.4719     0.3408     7.1487 5.7424e+00    14.2229      1.561      2.265    18.6250 0.0000e+00
      1.565     -0.124     6.4989     69.667     81.159  70.776310    42.6600     5.4719     0.3408     7.1487 5.5305e+00    14.2229      1.535      2.226    18.6191 0.0000e+00
      1.535     -0.137     6.5001     69.718     81.174  70.781916    42.9300     5.4872     0.2556     6.9372 5.4163e+00    14.2229      1.505      2.183    18.6136 0.0000e+00
      1.499     -0.148     6.5033     69.762     81.182  70.782312    42.9300     5.4643     0.2556     6.9372 5.9082e+00    14.2229      1.470      2.132    18.6085 0.0000e+00
      1.456     -0.156     6.5082     69.795     81.178  70.771616    42.9300     7.3793     0.2556     6.9372 9.2219e+00    13.2560      1.428      2.071    18.6036 0.0000e+00
      1.408     -0.159     6.5137     69.804     81.164  70.752962    42.9300     7.3602     0.2556     6.9372 1.5401e+01    13.2560      1.381      2.003    18.5990 0.0000e+00
      1.361     -0.156     6.5190     69.785     81.170  70.751309    41.7600     7.3678     0.2982     7.3602 1.9859e+01    13.1956      1.335      1.936    18.5945 0.0000e+00
      1.320     -0.148     6.5237     69.736     81.175  70.750251    41.7600     7.3602     0.2982     7.3602 1.8642e+01    13.2409      1.295      1.878    18.5902 0.0000e+00
      1.286     -0.138     6.5273     69.669     81.146  70.719573    41.7600     8.7793     0.2982     7.3602 1.7027e+01    13.2560      1.261      1.829    18.5860 0.0000e+00
      1.256     -0.129     6.5287     69.595     81.113  70.685019    41.7600     8.7755     0.2982     7.3602 1.6803e+01    13.2863      1.232      1.787    18.5819 0.0000e+00
      1.228     -0.125     6.5274     69.523     81.121  70.687261    36.8100     8.7678     0.2556     7.0218 1.7068e+01    13.2863      1.204      1.747    18.5780 0.0000e+00
      1.200     -0.127     6.5234     69.452     81.158  70.714924    36.8100     8.7678     0.2556     7.0218 1.7254e+01    13.2258      1.176      1.706    18.5743 0.0000e+00
      1.169     -0.134     6.5176     69.386     81.168  70.719510    36.8100    10.7172     0.2556     7.0218 1.6902e+01    12.4252      1.146      1.663    18.5708 0.0000e+00
      1.135     -0.141     6.5111     69.334     81.143  70.694261    36.8100    10.7401     0.2556     7.0218 1.8021e+01    12.3346      1.113      1.614    18.5675 0.0000e+00
      1.096     -0.145     6.5047     69.297     81.143  70.690313    36.8100    10.7210     0.2556     7.0218 2.2390e+01    12.2439      1.074      1.559    18.5646 0.0000e+00
      1.053     -0.145     6.4984     69.270     81.183  70.722577    37.0800    10.7172     0.2982     7.0218 3.0716e+01    12.3043      1.032      1.498    18.5618 0.0000e+00
      1.010     -0.139     6.4926     69.246     81.211  70.743783    37.0800    11.4763     0.2982     7.0218 3.8387e+01    13.0294      0.991      1.437    18.5593 0.0000e+00
      0.973     -0.129     6.4880     69.226     81.200  70.731647    37.0800    11.4572     0.2982     7.0218 3.8412e+01    12.9841      0.954      1.384    18.5571 0.0000e+00
      0.943     -0.116     6.4849     69.208     81.173  70.704885    37.0800    11.4649     0.2982     7.0218 3.5031e+01    12.9539      0.924      1.341    18.5550 0.0000e+00
      0.919     -0.104     6.4826     69.195     81.161  70.692280    33.7500    11.4687     0.2982     7.2756 3.3982e+01    13.0294      0.900      1.306    18.5530 0.0000e+00
      0.897     -0.095     6.4806     69.191     81.179  70.706434    33.7500    17.9042     0.2982     7.2756 3.3959e+01    12.2892      0.879      1.275    18.5511 0.0000e+00
      0.876     -0.092     6.4789     69.196     81.198  70.721188    33.7500    17.8889     0.2982     7.2756 3.3709e+01    12.3194      0.859      1.246    18.5493 0.0000e+00
      0.855     -0.094     6.4775     69.205     81.196  70.718526    33.7500    17.8927     0.2982     7.2756 3.2820e+01    12.3043      0.838      1.216    18.5476 0.0000e+00
      0.832     -0.102     6.4764     69.215     81.193  70.715698    32.1300    17.8622     0.2556     7.3602 3.2269e+01    12.2741      0.816      1.184    18.5462 0.0000e+00
      0.807     -0.113     6.4762     69.223     81.190  70.713945    32.1300    25.0988     0.2556     7.3602 3.1589e+01    11.0354      0.792      1.148    18.5451 0.0000e+00
      0.778     -0.125     6.4767     69.234     81.184  70.708810    32.1300    25.1064     0.2556     7.3602 3.3021e+01    11.1865      0.763      1.106    18.5442 0.0000e+00
      0.743     -0.133     6.4777     69.245     81.180  70.706905    32.1300    25.1141     0.2556     7.3602 3.8933e+01    10.9599      0.729      1.057    18.5437 0.0000e+00
      0.704     -0.137     6.4786     69.250     81.166  70.695750    32.1300    25.1217     0.2556     7.3602 4.9856e+01    11.1563      0.690      1.001    18.5436 0.0000e+00
      0.663     -0.136     6.4794     69.239     81.124  70.660396    33.7500    21.0895     0.2982     6.8949 6.5132e+01    11.3677      0.650      0.942    18.5438 0.0000e+00
      0.625     -0.129     6.4803     69.205     81.061  70.607379    33.7500    21.1086     0.2982     6.8949 6.9807e+01    11.3677      0.612      0.888    18.5443 0.0000e+00
      0.593     -0.119     6.4813     69.146     81.011  70.566464    33.7500    21.1124     0.2982     6.8949 6.6969e+01    11.3375      0.581      0.843    18.5449 0.0000e+00
      0.566     -0.108     6.4817     69.070     81.004  70.562660    33.7500    21.1009     0.2982     6.8949 6.4610e+01    11.2922      0.555      0.805    18.5456 0.0000e+00
      0.543     -0.097     6.4805     68.992     81.024  70.582978    30.2400    17.4312     0.2982     6.5988 6.4093e+01     8.6939      0.532      0.771    18.5464 0.0000e+00
      0.521     -0.091     6.4772     68.926     81.041  70.600910    30.2400    17.3777     0.2982     6.5988 6.4386e+01     8.7392      0.510      0.740    18.5475 0.0000e+00
      0.500     -0.090     6.4715     68.880     81.061  70.621237    30.2400    17.4045     0.2982     6.5988 6.2335e+01     8.7392      0.490      0.711    18.5489 0.0000e+00
      0.479     -0.094     6.4642     68.853     81.099  70.657362    30.2400    17.3854     0.2982     6.5988 5.9103e+01     8.7090      0.470      0.681    18.5505 0.0000e+00
      0.457     -0.103     6.4567     68.851     81.139  70.694972    30.1500    11.6518     0.2130     6.7680 5.7108e+01     7.0775      0.448      0.650    18.5523 0.0000e+00
      0.432     -0.115     6.4503     68.873     81.160  70.716159    30.1500    11.6251     0.2130     6.7680 5.6295e+01     7.0775      0.424      0.615    18.5541 0.0000e+00
      0.402     -0.126     6.4457     68.907     81.167  70.726574    30.1500    11.6213     0.2130     6.7680 5.7632e+01     7.1530      0.394      0.572    18.5559 0.0000e+00
      0.366     -0.134     6.4429     68.942     81.158  70.723007    30.1500    11.6365     0.2130     6.7680 7.0523e+01     7.0171      0.359      0.521    18.5578 0.0000e+00
      0.325     -0.136     6.4425     68.960     81.116  70.690538    27.9000    11.7090     0.2130     5.7105 1.0489e+02     7.7120      0.319      0.463    18.5597 0.0000e+00
      0.284     -0.134     6.4442     68.948     81.078  70.662416    27.9000    11.7052     0.2130     5.7105 1.3787e+02     7.9084      0.279      0.404    18.5618 0.0000e+00
      0.248     -0.126     6.4472     68.894     81.084  70.673047    27.9000    11.7090     0.2130     5.7105 1.3030e+02     7.6969      0.244      0.353    18.5641 0.0000e+00
      0.219     -0.115     6.4501     68.797     81.095  70.689347    27.9000    11.7014     0.2130     5.7105 1.2070e+02     7.7422      0.215      0.311    18.5666 0.0000e+00
      0.194     -0.105     6.4514     68.676     81.081  70.683734    27.9000    11.6976     0.2130     5.7105 1.1762e+02     7.6667      0.190      0.276    18.5693 0.0000e+00
