Data/DataNotYetUploadedToEDI/Raw_CTD/RawDownloads/072125_ccr50_S8188007.cnv
* Sea-Bird SBE19plus  Data File:
* FileName = C:\R\Reservoirs\Data\DataNotYetUploadedToEDI\Raw_CTD\RawDownloads\071425_bvr50_S8188_0007.hex
* Software version 2.8.0.119
* Temperature SN = 8188
* Conductivity SN = 8188
* System UpLoad Time = Aug 21 2025 13:38:11
* <ApplicationData>
* <Seaterm232>
# nquan = 16
# nvalues = 3896                        
# units = specified
# name 0 = depFM: Depth [fresh water, m]
# name 1 = dz/dtM: Descent Rate [m/s]
# name 2 = sbeox0Mg/L: Oxygen, SBE 43 [mg/l]
# name 3 = sbeox0PS: Oxygen, SBE 43 [% saturation]
# name 4 = specc: Specific Conductance [uS/cm]
# name 5 = c0uS/cm: Conductivity [uS/cm]
# name 6 = wetCDOM: Fluorescence, WET Labs CDOM [mg/m^3]
# name 7 = flECO-AFL: Fluorescence, WET Labs ECO-AFL/FL [mg/m^3]
# name 8 = flECO-AFL1: Fluorescence, WET Labs ECO-AFL/FL, 2 [mg/m^3]
# name 9 = flECO-AFL2: Fluorescence, WET Labs ECO-AFL/FL, 3 [mg/m^3]
# name 10 = par/sat/log: PAR/Logarithmic, Satlantic
# name 11 = turbWETntu0: Turbidity, WET Labs ECO [NTU]
# name 12 = prdM: Pressure, Strain Gauge [db]
# name 13 = prdE: Pressure, Strain Gauge [psi]
# name 14 = tv290C: Temperature [ITS-90, deg C]
# name 15 = flag:  0.000e+00
# span 0 =     -0.396,     22.094       
# span 1 =     -0.298,      0.207       
# span 2 =    -1.3184,    10.0561       
# span 3 =    -11.834,    121.429       
# span 4 =   -673.154,    231.878       
# span 5 =-533.982242, 160.665375       
# span 6 =    -4.5000,    58.8600       
# span 7 =    -1.5816,    12.4300       
# span 8 =    -4.3878,     1.3632       
# span 9 =    -4.9491,     3.6801       
# span 10 = 1.1577e-01, 2.0914e+03      
# span 11 =    -5.0076,   971.0642      
# span 12 =     -0.389,     21.667      
# span 13 =     -0.563,     31.426      
# span 14 =     9.6397,    29.3138      
# span 15 = 0.0000e+00, 0.0000e+00      
# interval = seconds: 0.25
# start_time = Jul 23 2025 09:47:04 [Instrument's time stamp, header]
# bad_flag = -9.990e-29
*END*
[from data line 3797]
      2.059     -0.226     7.0599     92.000   -488.932-529.665057    12.9600     0.7492     0.0852     0.1692 1.0524e+02     0.3703      2.019      2.928    29.1096 0.0000e+00
      2.007     -0.224     7.0548     91.999   -418.618-453.495470    12.9600     0.7797     0.0852     0.1692 1.1039e+02     0.4911      1.968      2.855    29.1189 0.0000e+00
      1.958     -0.227     7.0538     91.964   -308.609-334.341003    12.9600     0.7263     0.0852     0.1692 1.1701e+02     0.4156      1.920      2.785    29.1283 0.0000e+00
      1.906     -0.237     7.0552     91.910   -309.205-335.013908    12.1500     0.7378     0.0426     0.3384 1.2263e+02     0.4005      1.870      2.712    29.1375 0.0000e+00
      1.847     -0.252     7.0563     91.854   -420.569-455.699627    12.1500     0.4021     0.0426     0.3384 1.2408e+02    -0.4002      1.811      2.627    29.1459 0.0000e+00
      1.777     -0.267     7.0553     91.804   -492.809-533.982242    12.1500     0.4135     0.0426     0.3384 1.1587e+02    -0.4002      1.743      2.528    29.1530 0.0000e+00
      1.700     -0.282     7.0519     91.775   -365.590-396.132339    12.1500     0.3983     0.0426     0.3384 1.0977e+02    -0.2189      1.667      2.418    29.1582 0.0000e+00
      1.622     -0.292     7.0473     91.785   -184.576-199.990720    12.0600     0.3792     0.0426     0.2538 1.1509e+02    -0.2642      1.591      2.307    29.1616 0.0000e+00
      1.546     -0.297     7.0428     91.837    -81.092 -87.861728    12.0600     0.3258     0.0426     0.2538 1.2141e+02    -0.3851      1.517      2.200    29.1647 0.0000e+00
      1.472     -0.298     7.0385     91.915    -27.578 -29.880294    12.0600     0.3411     0.0426     0.2538 1.1847e+02    -0.3246      1.444      2.094    29.1684 0.0000e+00
      1.396     -0.295     7.0357     91.996     -9.775 -10.596702    12.0600     0.3334     0.0426     0.2538 1.1022e+02    -0.4002      1.369      1.986    29.1724 0.0000e+00
      1.319     -0.292     7.0359     92.062    -22.926 -24.860660    11.8800     0.3525     0.0426     0.2115 1.0894e+02    -0.2642      1.294      1.876    29.1756 0.0000e+00
      1.243     -0.288     7.0396     92.107    -70.537 -76.475890    11.8800     0.3067     0.0426     0.2115 1.0870e+02    -0.3246      1.219      1.769    29.1776 0.0000e+00
      1.170     -0.281     7.0453     92.121   -165.285-179.186455    11.8800     0.3105     0.0426     0.2115 1.0851e+02    -0.2038      1.148      1.665    29.1792 0.0000e+00
      1.099     -0.272     7.0513     92.095   -332.419-360.365839    11.8800     0.2876     0.0426     0.2115 1.0711e+02    -0.2038      1.078      1.564    29.1811 0.0000e+00
      1.030     -0.260     7.0561     92.032   -436.989-473.719772    11.8800     0.2800     0.0852     0.2961 1.0390e+02    -0.3095      1.010      1.465    29.1835 0.0000e+00
      0.964     -0.248     7.0592     91.952   -327.382-354.891192    11.8800     0.2686     0.0852     0.2961 9.9197e+01    -0.2944      0.945      1.371    29.1861 0.0000e+00
      0.902     -0.238     7.0601     91.876   -153.919-166.837247    11.8800     0.2686     0.0852     0.2961 9.8809e+01    -0.3246      0.884      1.283    29.1888 0.0000e+00
      0.845     -0.231     7.0579     91.822    -49.857 -54.018992    11.8800     0.2800     0.0852     0.2961 1.0041e+02    -0.2944      0.829      1.202    29.1917 0.0000e+00
      0.791     -0.225     7.0527     91.795     12.570  13.660442    11.8800     0.2724     0.0852     0.2961 9.9132e+01    -0.3095      0.776      1.126    29.1954 0.0000e+00
      0.737     -0.219     7.0458     91.792     50.017  54.260902    11.8800     0.2075     0.0426     0.2115 9.8488e+01    -0.3246      0.723      1.048    29.2001 0.0000e+00
      0.680     -0.213     7.0393     91.808     72.494  78.637174    11.8800     0.2381     0.0426     0.2115 1.0153e+02    -0.3397      0.667      0.967    29.2051 0.0000e+00
      0.621     -0.204     7.0345     91.832     86.007  93.301597    11.8800     0.2075     0.0426     0.2115 9.9564e+01    -0.2944      0.609      0.884    29.2092 0.0000e+00
      0.566     -0.193     7.0321     91.862     94.144 102.144687    11.8800     0.2075     0.0426     0.2115 1.0273e+02    -0.3549      0.555      0.805    29.2118 0.0000e+00
      0.517     -0.179     7.0316     91.896     99.039 107.474605    11.8800     0.2037     0.0852     0.1269 1.0701e+02    -0.2793      0.507      0.736    29.2143 0.0000e+00
      0.475     -0.164     7.0322     91.930    101.961 110.666671    11.8800     0.2075     0.0852     0.1269 1.0394e+02    -0.0829      0.466      0.676    29.2189 0.0000e+00
      0.439     -0.152     7.0331     91.965    103.699 112.570103    11.8800     0.2228     0.0852     0.1269 9.8466e+01    -0.2944      0.431      0.625    29.2264 0.0000e+00
      0.406     -0.144     7.0341     91.997    104.741 113.714483    11.8800     0.2075     0.0852     0.1269 8.6468e+01    -0.3700      0.398      0.577    29.2365 0.0000e+00
      0.372     -0.140     7.0353     92.020    105.384 114.420979    11.7900     0.1846     0.0852     0.2115 8.3840e+01    -0.2944      0.365      0.530    29.2481 0.0000e+00
      0.337     -0.136     7.0366     92.039    105.778 114.859989    11.7900     0.1503     0.0852     0.2115 1.0547e+02    -0.3549      0.331      0.480    29.2593 0.0000e+00
      0.300     -0.133     7.0381     92.060    106.004 115.118588    11.7900     0.1503     0.0852     0.2115 1.3591e+02    -0.4304      0.294      0.426    29.2686 0.0000e+00
      0.263     -0.127     7.0398     92.073    106.128 115.267734    11.7900     0.1770     0.0852     0.2115 1.3033e+02    -0.3549      0.258      0.374    29.2751 0.0000e+00
      0.229     -0.119     7.0409     92.060    106.190 115.347202    11.7000     0.0969     0.0852     0.2115 1.3316e+02    -0.3549      0.225      0.326    29.2800 0.0000e+00
      0.200     -0.111     7.0417     92.019    106.214 115.380184    11.7000     0.0893     0.0852     0.2115 1.3647e+02    -0.3246      0.196      0.285    29.2853 0.0000e+00
      0.176     -0.104     7.0426     91.959    106.231 115.401474    11.7000     0.1122     0.0852     0.2115 1.3169e+02    -0.3549      0.172      0.250    29.2920 0.0000e+00
      0.153     -0.099     7.0427     91.892    106.254 115.426746    11.7000     0.0893     0.0852     0.2115 1.3760e+02    -0.2642      0.151      0.218    29.2988 0.0000e+00
      0.131     -0.098     7.0410     91.827    106.286 115.462742    11.7000     0.0969     0.0852     0.2115 1.2408e+02    -0.2944      0.129      0.186    29.3045 0.0000e+00
      0.107     -0.100     7.0374     91.765    106.304 115.485061    11.7000     0.0931     0.0000     0.2115 1.4041e+02    -0.3549      0.105      0.152    29.3080 0.0000e+00
      0.081     -0.106     7.0327     91.693    106.270 115.451659    11.7000     0.0931     0.0000     0.2115 1.4880e+02    -0.2642      0.079      0.115    29.3093 0.0000e+00
      0.053     -0.116     7.0275     91.586    106.211 115.389627    11.7000     0.0855     0.0000     0.2115 1.6334e+02    -0.3095      0.052      0.076    29.3095 0.0000e+00
      0.024     -0.127     7.0225     91.400    106.161 115.334420    11.7000     0.1084     0.0000     0.2115 1.4516e+02    -0.6268      0.024      0.035    29.3099 0.0000e+00
     -0.007     -0.140     7.0176     91.072    106.102 115.265317    11.7900     0.1160     0.0852     0.1269 1.3796e+02    -0.5210     -0.007     -0.010    29.3112 0.0000e+00
     -0.044     -0.151     7.0119     90.529    106.008 115.155891    11.7900     0.1007     0.0852     0.1269 1.8391e+02    -0.4606     -0.043     -0.062    29.3129 0.0000e+00
     -0.086     -0.158     7.0036     89.688    105.862 114.984961    11.7900     0.1084     0.0852     0.1269 2.4666e+02    -0.4606     -0.085     -0.123    29.3138 0.0000e+00
     -0.133     -0.160     6.9894     88.515    105.617 114.702945    11.7900     4.2855     0.0852     0.1269 2.4699e+02    10.1894     -0.131     -0.189    29.3132 0.0000e+00
     -0.180     -0.154     6.9646     87.073    105.200 114.230640    32.8500     4.2664    -0.8520     3.6801 1.2185e+03    10.1894     -0.177     -0.256    29.3110 0.0000e+00
     -0.223     -0.141     6.9235     85.491    104.496 113.446095    32.8500     4.2702    -0.8520     3.6801 4.1589e+02    10.1894     -0.218     -0.317    29.3071 0.0000e+00
     -0.258     -0.123     6.8598     83.935    103.308 112.136097    32.8500     4.2855    -0.8520     3.6801 1.4511e+03    10.2952     -0.253     -0.366    29.3012 0.0000e+00
     -0.285     -0.103     6.7711     82.618    101.315 109.951313    32.8500     2.0920    -0.8520     3.6801 2.8988e+02   970.8225     -0.280     -0.405    29.2931 0.0000e+00
     -0.307     -0.083     6.6619     81.767     97.985 106.317131    32.8500     2.0997    -0.8520     3.6801 5.5188e+02   970.9887     -0.301     -0.436    29.2835 0.0000e+00
     -0.324     -0.065     6.5420     81.527     92.450 100.292433     0.0000     2.1149    -4.3878    -4.9491 1.4795e+03   971.0038     -0.317     -0.460    29.2733 0.0000e+00
     -0.337     -0.051     6.4242     81.897     83.265  90.310627     0.0000     2.0997    -4.3878    -4.9491 1.4556e+03   971.0038     -0.330     -0.478    29.2622 0.0000e+00
     -0.347     -0.039     6.3248     82.755     68.784  74.591534     0.0000     2.0806    -4.3878    -4.9491 1.3584e+03   971.0642     -0.340     -0.493    29.2501 0.0000e+00
     -0.355     -0.031     6.2612     83.935     51.227  55.542375     0.0000     4.5449    -4.3878    -4.9491 1.3762e+03    -4.9472     -0.348     -0.504    29.2368 0.0000e+00
     -0.361     -0.024     6.2445     85.275     36.417  39.476765     0.0000     4.5716    -0.5964    -4.1454 1.3882e+03    -4.9774     -0.354     -0.513    29.2225 0.0000e+00
     -0.366     -0.019     6.2748     86.624     26.558  28.779850     0.0000     4.5335    -0.5964    -4.1454 1.4274e+03    -4.9774     -0.358     -0.520    29.2066 0.0000e+00
     -0.369     -0.015     6.3427     87.847     20.262  21.948667     0.0000     4.5525    -0.5964    -4.1454 1.4193e+03    -5.0076     -0.362     -0.525    29.1891 0.0000e+00
     -0.372     -0.011     6.4356     88.848     16.267  17.611294     0.0000    -1.5740    -0.5964    -4.1454 1.3964e+03     9.9477     -0.365     -0.529    29.1700 0.0000e+00
     -0.375     -0.009     6.5410     89.594     13.675  14.796145     0.0000    -1.5625     0.0000     1.3113 1.4233e+03     9.9024     -0.367     -0.533    29.1492 0.0000e+00
     -0.376     -0.007     6.6473     90.123     11.961  12.931584     0.0000    -1.5816     0.0000     1.3113 1.4317e+03     9.9175     -0.369     -0.535    29.1262 0.0000e+00
     -0.378     -0.005     6.7442     90.502     10.753  11.615900     0.0000    -1.5434     0.0000     1.3113 1.4028e+03    10.0233     -0.371     -0.537    29.1009 0.0000e+00
     -0.379     -0.004     6.8245     90.785      9.750  10.524108     0.0000    -0.2579     0.0000     1.3113 1.5917e+02    -1.0195     -0.372     -0.539    29.0726 0.0000e+00
     -0.380     -0.003     6.8856     91.000      8.830   9.522236     0.0000    -0.2769     0.0426     0.0000 1.6066e+02    -1.0346     -0.372     -0.540    29.0406 0.0000e+00
     -0.380     -0.003     6.9306     91.161      8.019   8.639549     0.0000    -0.2693     0.0426     0.0000 1.7848e+02    -1.1102     -0.373     -0.541    29.0048 0.0000e+00
     -0.381     -0.002     6.9646     91.279      7.420   7.986815     0.0000    -0.2617     0.0426     0.0000 1.5326e+02    -0.9893     -0.374     -0.542    28.9654 0.0000e+00
     -0.381     -0.002     6.9915     91.359      7.049   7.580945     0.0000    -0.2655     0.0426     0.0000 1.4671e+02    -1.1102     -0.374     -0.542    28.9228 0.0000e+00
     -0.382     -0.001     7.0136     91.400      6.780   7.285860     0.0000    -0.2655     0.0426     0.0000 1.7713e+02    -1.0800     -0.374     -0.543    28.8777 0.0000e+00
     -0.382     -0.001     7.0317     91.406      6.529   7.010933     0.0000    -0.2579     0.1278    -0.7191 1.3991e+03    -1.0649     -0.375     -0.543    28.8315 0.0000e+00
     -0.382     -0.001     7.0463     91.378      6.309   6.770377     0.0000    -0.2655     0.1278    -0.7191 1.3554e+03    -1.0044     -0.375     -0.543    28.7862 0.0000e+00
     -0.382     -0.001     7.0577     91.321      6.130   6.573645     0.0000    -0.2617     0.1278    -0.7191 2.1080e+02    -0.9742     -0.375     -0.544    28.7438 0.0000e+00
     -0.382     -0.001     7.0657     91.249      5.971   6.398113     0.0000    -0.2769     0.1278    -0.7191 2.6784e+02    -1.0497     -0.375     -0.544    28.7049 0.0000e+00
     -0.383     -0.000     7.0706     91.176      5.813   6.224820     0.0000    -0.2426     0.0000    -0.4230 1.3237e+03    -1.0800     -0.375     -0.544    28.6690 0.0000e+00
     -0.383     -0.000     7.0727     91.106      5.653   6.049326     0.0000    -0.2693     0.0000    -0.4230 2.4126e+02    -0.9893     -0.375     -0.544    28.6345 0.0000e+00
     -0.383     -0.000     7.0727     91.045      5.497   5.878542     0.0000    -0.2426     0.0000    -0.4230 2.2618e+02    -1.0800     -0.375     -0.544    28.5994 0.0000e+00
     -0.383     -0.000     7.0716     90.998      5.351   5.718641     0.0000    -0.2998     0.0000    -0.4230 2.5390e+02    -1.0800     -0.375     -0.544    28.5632 0.0000e+00
     -0.383     -0.000     7.0704     90.961      5.215   5.568754     0.0000    -0.2655     0.0000    -0.1269 5.3048e+02    -0.9440     -0.375     -0.544    28.5270 0.0000e+00
     -0.383     -0.000     7.0695     90.931      5.086   5.426705     0.0000    -0.2655     0.0000    -0.1269 1.5590e+03    -1.0497     -0.376     -0.544    28.4912 0.0000e+00
     -0.383     -0.000     7.0692     90.906      4.970   5.298373     0.0000    -0.2655     0.0000    -0.1269 1.6051e+03     1.8809     -0.376     -0.544    28.4550 0.0000e+00
     -0.383     -0.000     7.0703     90.887      4.874   5.191307     0.0000    -0.2655     0.0000    -0.1269 1.6300e+03     1.9564     -0.375     -0.544    28.4170 0.0000e+00
     -0.383      0.000     7.0725     90.875      4.799   5.106791     0.0000    -0.2541     0.0000     1.9035 1.6244e+03     1.9111     -0.375     -0.544    28.3766 0.0000e+00
     -0.383      0.000     7.0754     90.867      4.746   5.046155     0.0000    -0.2808     0.0000     1.9035 1.6019e+03     1.9111     -0.376     -0.545    28.3342 0.0000e+00
     -0.383      0.000     7.0790     90.864      4.710   5.003177     0.0000    -0.2731     0.0000     1.9035 1.5933e+03     3.1347     -0.376     -0.545    28.2903 0.0000e+00
     -0.383      0.000     7.0832     90.866      4.684   4.970371     0.0000    -0.2769     0.0000     1.9035 1.5936e+03     3.0894     -0.376     -0.545    28.2447 0.0000e+00
     -0.383      0.000     7.0882     90.870      4.663   4.942968     0.0000    -0.2693     0.0000     1.9035 1.5988e+03     3.0139     -0.376     -0.545    28.1967 0.0000e+00
     -0.383      0.000     7.0939     90.878      4.643   4.917639     0.0000    -0.2998     0.0000    -0.3384 1.6040e+03     2.9988     -0.376     -0.545    28.1461 0.0000e+00
     -0.383      0.000     7.1003     90.887      4.630   4.899563     0.0000    -0.2998     0.0000    -0.3384 1.6065e+03     2.9837     -0.376     -0.545    28.0939 0.0000e+00
     -0.383      0.000     7.1069     90.893      4.630   4.895854     0.0000    -0.2693     0.0000    -0.3384 1.6044e+03     2.9535     -0.376     -0.545    28.0419 0.0000e+00
     -0.383      0.000     7.1135     90.901      4.650   4.913478     0.0000    -0.2579     0.0000    -0.3384 1.6037e+03     3.0139     -0.376     -0.545    27.9920 0.0000e+00
     -0.383      0.000     7.1200     90.914      4.691   4.953158     0.0000    -0.2769     0.0000    -0.2115 1.6065e+03     2.9686     -0.376     -0.545    27.9458 0.0000e+00
     -0.383      0.000     7.1260     90.926      4.755   5.017517     0.0000    -0.2922     0.0000    -0.2115 1.6002e+03     3.0441     -0.376     -0.545    27.9034 0.0000e+00
