Data/DataNotYetUploadedToEDI/Raw_CTD/RawDownloads/072125_fcr10_S7809002.cnv
* Sea-Bird SBE19plus  Data File:
* FileName = C:\R\Reservoirs\Data\DataNotYetUploadedToEDI\Raw_CTD\RawDownloads\072125_fcr50_S7809_0002.hex
* Software version 2.8.0.119
* Temperature SN = 7809
* Conductivity SN = 7809
* System UpLoad Time = Jul 21 2025 18:14:48
* <ApplicationData>
* <Seaterm232>
# nquan = 15
# nvalues = 811                         
# units = specified
# name 0 = depFM: Depth [fresh water, m]
# name 1 = dz/dtM: Descent Rate [m/s]
# name 2 = sbeox0Mg/L: Oxygen, SBE 43 [mg/l]
# name 3 = sbeox0PS: Oxygen, SBE 43 [% saturation]
# name 4 = specc: Specific Conductance [uS/cm]
# name 5 = c0uS/cm: Conductivity [uS/cm]
# name 6 = flECO-AFL: Fluorescence, WET Labs ECO-AFL/FL [mg/m^3]
# name 7 = ph: pH
# name 8 = orp: Oxidation Reduction Potential [mV]
# name 9 = par/sat/log: PAR/Logarithmic, Satlantic
# name 10 = turbWETntu0: Turbidity, WET Labs ECO [NTU]
# name 11 = prdM: Pressure, Strain Gauge [db]
# name 12 = prdE: Pressure, Strain Gauge [psi]
# name 13 = tv290C: Temperature [ITS-90, deg C]
# name 14 = flag:  0.000e+00
# span 0 =     -0.662,      2.143       
# span 1 =     -0.251,      0.177       
# span 2 =     0.0832,     9.4564       
# span 3 =      0.954,    118.354       
# span 4 =      0.696,     98.197       
# span 5 =   0.777441,  90.541102       
# span 6 =    -0.8705,   227.6238       
# span 7 =     -1.987,      7.274       
# span 8 = -1240.7455,   246.8799       
# span 9 = 4.5621e+01, 2.4033e+03       
# span 10 =    -0.1432,    86.8425      
# span 11 =     -0.650,      2.102      
# span 12 =     -0.942,      3.049      
# span 13 =    21.0061,    30.8091      
# span 14 = 0.0000e+00, 0.0000e+00      
# interval = seconds: 0.25
# start_time = Jul 21 2025 13:33:05 [Instrument's time stamp, header]
# bad_flag = -9.990e-29
*END*
[from data line 193]
      0.231      0.003     8.9403    109.775     34.741  36.268552     2.1305      7.065   101.2478 3.5570e+02     4.5603      0.227      0.330    27.1632 0.0000e+00
      0.231      0.005     8.8236    109.596     34.747  36.276891     2.1834      7.064   102.3202 3.5136e+02     4.6477      0.226      0.328    27.1741 0.0000e+00
      0.233      0.006     8.7565    109.391     34.774  36.306776     2.2146      7.064   103.4290 3.4187e+02     4.6620      0.227      0.330    27.1840 0.0000e+00
      0.236      0.006     8.7258    109.247     34.778  36.312648     2.1827      7.065   104.5019 3.3218e+02     4.5963      0.231      0.336    27.1901 0.0000e+00
      0.240      0.005     8.7163    109.173     34.748  36.284440     2.1062      7.065   105.4830 3.2698e+02     4.5364      0.236      0.343    27.1928 0.0000e+00
      0.241      0.004     8.7040    109.093     34.743  36.282965     2.0798      7.064   106.2582 3.2525e+02     4.5870      0.238      0.345    27.1939 0.0000e+00
      0.240      0.003     8.6818    108.988     34.752  36.294830     2.1138      7.064   106.8191 3.2482e+02     4.6273      0.236      0.341    27.1965 0.0000e+00
      0.239      0.001     8.6700    108.882     34.755  36.300995     2.1593      7.063   107.2743 3.2464e+02     4.5452      0.234      0.339    27.2003 0.0000e+00
      0.239      0.000     8.6673    108.800     34.750  36.294063     2.1803      7.063   107.6320 3.2505e+02     4.4151      0.234      0.339    27.2048 0.0000e+00
      0.240     -0.002     8.6601    108.790     34.738  36.274459     2.1603      7.063   107.9600 3.2673e+02     4.4209      0.234      0.340    27.2097 0.0000e+00
      0.241     -0.003     8.6498    108.860     34.727  36.254312     2.1587      7.062   108.4013 3.3198e+02     4.5459      0.236      0.343    27.2143 0.0000e+00
      0.241     -0.003     8.6408    108.916     34.723  36.240798     2.1600      7.062   109.0967 3.4201e+02     4.5262      0.237      0.344    27.2183 0.0000e+00
      0.239     -0.004     8.6329    108.888     34.728  36.237954     2.1098      7.062   110.0012 3.5341e+02     4.3878      0.234      0.340    27.2172 0.0000e+00
      0.235     -0.004     8.6318    108.785     34.718  36.219912     2.0680      7.062   110.9048 3.6201e+02     4.3418      0.229      0.333    27.2065 0.0000e+00
      0.233     -0.003     8.6442    108.621     34.717  36.212991     2.0710      7.062   111.7632 3.6766e+02     4.4138      0.227      0.330    27.1933 0.0000e+00
      0.234     -0.002     8.6526    108.355     34.726  36.217716     2.1124      7.062   112.7224 3.7106e+02     4.5417      0.229      0.332    27.1800 0.0000e+00
      0.236      0.000     8.6517    107.993     34.724  36.213583     2.1602      7.062   113.5545 3.7095e+02     4.5560      0.231      0.335    27.1657 0.0000e+00
      0.236      0.002     8.6439    107.650     34.735  36.226462     2.1585      7.063   114.0802 3.6742e+02     4.4160      0.232      0.336    27.1555 0.0000e+00
      0.235      0.002     8.6341    107.393     34.752  36.246534     2.1327      7.063   114.6908 3.6197e+02     4.3173      0.230      0.334    27.1481 0.0000e+00
      0.235      0.001     8.6159    107.256     34.767  36.265934     2.1237      7.062   115.4313 3.5728e+02     4.3188      0.230      0.335    27.1405 0.0000e+00
      0.236      0.001     8.5808    107.261     34.769  36.270672     2.1405      7.062   115.8920 3.5480e+02     4.4008      0.231      0.336    27.1381 0.0000e+00
      0.237      0.001     8.5530    107.399     34.738  36.240376     2.1610      7.062   116.2172 3.5395e+02     4.4881      0.232      0.336    27.1403 0.0000e+00
      0.237      0.002     8.5311    107.652     34.715  36.216879     2.1472      7.062   116.7822 3.5387e+02     4.4522      0.233      0.337    27.1437 0.0000e+00
      0.237      0.002     8.5177    107.960     34.738  36.240378     2.1492      7.062   117.3883 3.5422e+02     4.4785      0.232      0.336    27.1494 0.0000e+00
      0.237      0.001     8.5193    108.255     34.769  36.270693     2.2007      7.061   117.8672 3.5606e+02     4.6015      0.232      0.337    27.1542 0.0000e+00
      0.238      0.001     8.5284    108.467     34.768  36.266164     2.2541      7.061   118.4426 3.5798e+02     4.5729      0.234      0.339    27.1569 0.0000e+00
      0.239      0.002     8.5517    108.557     34.754  36.249063     2.2616      7.061   119.1836 3.5928e+02     4.4055      0.235      0.341    27.1576 0.0000e+00
      0.238      0.002     8.5777    108.556     34.759  36.254283     2.2253      7.061   119.7707 3.6156e+02     4.2183      0.233      0.339    27.1558 0.0000e+00
      0.238      0.003     8.6039    108.512     34.769  36.265819     2.2157      7.062   120.1202 3.6188e+02     4.2220      0.233      0.338    27.1525 0.0000e+00
      0.239      0.004     8.6232    108.476     34.762  36.261649     2.2451      7.062   120.5698 3.5729e+02     4.4508      0.235      0.340    27.1482 0.0000e+00
      0.241      0.004     8.6290    108.459     34.763  36.267316     2.2637      7.061   121.1643 3.4867e+02     4.6278      0.236      0.342    27.1442 0.0000e+00
      0.243      0.004     8.6279    108.411     34.761  36.270899     2.2492      7.061   121.5429 3.3833e+02     4.5852      0.238      0.345    27.1431 0.0000e+00
      0.245      0.003     8.6227    108.366     34.728  36.241519     2.2033      7.061   121.5343 3.2968e+02     4.4821      0.241      0.350    27.1454 0.0000e+00
      0.246      0.001     8.6177    108.405     34.712  36.229347     2.1660      7.061   121.4041 3.2422e+02     4.5425      0.242      0.351    27.1505 0.0000e+00
      0.245      0.000     8.6188    108.516     34.731  36.250640     2.1476      7.061   121.4309 3.2200e+02     4.5642      0.241      0.349    27.1570 0.0000e+00
      0.244      0.000     8.6130    108.654     34.729  36.245174     2.1394      7.061   121.5999 3.2323e+02     4.5047      0.240      0.348    27.1642 0.0000e+00
      0.243      0.001     8.6027    108.725     34.718  36.226698     2.1334      7.061   121.8991 3.2683e+02     4.5073      0.239      0.346    27.1734 0.0000e+00
      0.243      0.002     8.6079    108.659     34.719  36.217588     2.1258      7.061   122.3817 3.3050e+02     4.5269      0.237      0.344    27.1807 0.0000e+00
      0.243      0.004     8.6161    108.509     34.709  36.198460     2.1386      7.061   122.9610 3.3325e+02     4.6052      0.237      0.344    27.1823 0.0000e+00
      0.245      0.005     8.6307    108.325     34.704  36.185764     2.1378      7.060   123.5682 3.3449e+02     4.6005      0.241      0.348    27.1780 0.0000e+00
      0.248      0.005     8.6421    108.091     34.718  36.190965     2.1084      7.060   124.1313 3.3283e+02     4.4705      0.244      0.354    27.1666 0.0000e+00
      0.251      0.004     8.6355    107.825     34.734  36.197884     2.0822      7.061   124.6073 3.2957e+02     4.3993      0.247      0.358    27.1521 0.0000e+00
      0.252      0.003     8.6236    107.551     34.746  36.205949     2.0878      7.061   125.1069 3.2628e+02     4.4560      0.248      0.359    27.1388 0.0000e+00
      0.251      0.001     8.6128    107.295     34.761  36.225029     2.1266      7.061   125.6118 3.2330e+02     4.5759      0.246      0.357    27.1287 0.0000e+00
      0.250      0.000     8.5949    107.132     34.766  36.238237     2.1351      7.061   125.8943 3.2113e+02     4.5509      0.245      0.355    27.1157 0.0000e+00
      0.250     -0.001     8.5754    107.106     34.759  36.238756     2.0987      7.060   125.9412 3.2000e+02     4.4264      0.244      0.354    27.0976 0.0000e+00
      0.250     -0.001     8.5555    107.211     34.748  36.231314     2.0777      7.060   126.0070 3.2010e+02     4.3692      0.245      0.356    27.0909 0.0000e+00
      0.251     -0.001     8.5300    107.407     34.728  36.211712     2.0973      7.060   126.2596 3.2172e+02     4.4052      0.246      0.357    27.0984 0.0000e+00
      0.251     -0.001     8.5147    107.610     34.710  36.192101     2.1355      7.060   126.7583 3.2518e+02     4.5544      0.247      0.358    27.1106 0.0000e+00
      0.250     -0.001     8.5112    107.749     34.705  36.184551     2.1409      7.060   127.3045 3.2885e+02     4.6020      0.246      0.355    27.1230 0.0000e+00
      0.249     -0.001     8.5186    107.818     34.708  36.183865     2.1036      7.060   127.7866 3.3099e+02     4.5025      0.244      0.353    27.1312 0.0000e+00
      0.249     -0.001     8.5369    107.827     34.713  36.183804     2.0933      7.060   128.2859 3.3155e+02     4.5133      0.244      0.354    27.1323 0.0000e+00
      0.249      0.000     8.5567    107.777     34.719  36.183799     2.1245      7.060   128.7816 3.3090e+02     4.5962      0.244      0.354    27.1283 0.0000e+00
      0.250      0.000     8.5671    107.685     34.724  36.183799     2.1476      7.059   129.3060 3.2940e+02     4.5819      0.245      0.355    27.1253 0.0000e+00
      0.250      0.001     8.5729    107.557     34.728  36.183800     2.1312      7.058   129.8080 3.2705e+02     4.4772      0.245      0.355    27.1217 0.0000e+00
      0.250      0.001     8.5755    107.411     34.730  36.183810     2.0929      7.059   130.0331 3.2440e+02     4.4575      0.245      0.355    27.1127 0.0000e+00
      0.250      0.000     8.5721    107.312     34.731  36.183914     2.0920      7.059   129.7901 3.2390e+02     4.5827      0.244      0.354    27.1019 0.0000e+00
      0.251     -0.001     8.5661    107.318     34.732  36.185057     2.1291      7.059   129.5380 3.2817e+02     4.6586      0.245      0.356    27.0941 0.0000e+00
      0.251     -0.003     8.5566    107.383     34.742  36.197632     2.1500      7.059   129.6528 3.3596e+02     4.5898      0.247      0.358    27.0893 0.0000e+00
      0.251     -0.003     8.5433    107.437     34.747  36.209054     2.1280      7.059   129.9735 3.4496e+02     4.4687      0.247      0.358    27.0866 0.0000e+00
      0.249     -0.003     8.5325    107.493     34.729  36.196268     2.0883      7.059   130.4043 3.5558e+02     4.4579      0.244      0.354    27.0849 0.0000e+00
      0.245     -0.002     8.5357    107.603     34.699  36.169944     2.0698      7.059   130.8169 3.6871e+02     4.4938      0.238      0.346    27.0841 0.0000e+00
      0.243     -0.001     8.5432    107.733     34.674  36.144584     2.0711      7.058   131.1766 3.8286e+02     4.4236      0.237      0.344    27.0872 0.0000e+00
      0.245      0.001     8.5456    107.758     34.679  36.143440     2.0874      7.057   131.5700 3.9285e+02     4.3604      0.239      0.347    27.0958 0.0000e+00
      0.248      0.002     8.5455    107.597     34.703  36.156103     2.0997      7.057   132.0459 3.9330e+02     4.3451      0.243      0.353    27.1073 0.0000e+00
      0.249      0.003     8.5537    107.301     34.727  36.170768     2.0954      7.057   132.4574 3.8211e+02     4.4100      0.246      0.357    27.1164 0.0000e+00
      0.249      0.003     8.5688    107.026     34.753  36.193840     2.1104      7.058   132.7585 3.6553e+02     4.5644      0.245      0.355    27.1177 0.0000e+00
      0.248      0.003     8.5748    106.848     34.740  36.181262     2.1223      7.059   133.1057 3.5293e+02     4.5717      0.243      0.352    27.1076 0.0000e+00
      0.248      0.003     8.5644    106.713     34.704  36.145594     2.1058      7.059   133.3859 3.4475e+02     4.3963      0.242      0.351    27.0872 0.0000e+00
      0.249      0.004     8.5367    106.569     34.704  36.143283     2.0939      7.058   133.6509 3.3953e+02     4.2877      0.243      0.354    27.0686 0.0000e+00
      0.252      0.005     8.5135    106.484     34.719  36.153312     2.1038      7.058   134.0733 3.3834e+02     4.3858      0.247      0.359    27.0634 0.0000e+00
      0.254      0.006     8.5017    106.519     34.712  36.139950     2.1333      7.058   134.6205 3.4039e+02     4.5582      0.250      0.362    27.0675 0.0000e+00
      0.256      0.009     8.4922    106.539     34.687  36.108601     2.1353      7.058   135.1907 3.4446e+02     4.5607      0.251      0.364    27.0717 0.0000e+00
      0.256      0.010     8.4796    106.490     34.675  36.091524     2.1032      7.058   135.6335 3.5017e+02     4.4172      0.251      0.364    27.0696 0.0000e+00
      0.257      0.006     8.4678    106.426     34.713  36.123817     2.0855      7.058   135.6725 3.5357e+02     4.3259      0.252      0.365    27.0606 0.0000e+00
      0.261     -0.009     8.4815    106.329     34.774  36.181796     2.0963      7.058   135.2323 3.4971e+02     4.3785      0.254      0.369    27.0486 0.0000e+00
      0.268     -0.039     8.4857    106.251     34.812  36.221476     2.1255      7.058   134.8712 3.4495e+02     4.5415      0.264      0.383    27.0408 0.0000e+00
      0.270     -0.079     8.4762    106.213     34.805  36.222889     2.1300      7.058   134.5754 3.5221e+02     4.5883      0.272      0.394    27.0367 0.0000e+00
      0.253     -0.128     8.4787    106.178     34.772  36.198894     2.0931      7.058   134.1509 3.8052e+02     4.5346      0.259      0.375    27.0268 0.0000e+00
      0.209     -0.176     8.4676    106.204     34.752  36.185175     2.0702      7.058   134.1273 4.3406e+02     4.6091      0.213      0.309    27.0137 0.0000e+00
      0.143     -0.212     8.4612    106.374     34.748  36.183927     2.0859      7.058   134.4622 5.1487e+02     4.7036      0.143      0.208    27.0136 0.0000e+00
      0.067     -0.226     8.4592    106.699     34.745  36.183814     2.0923      7.058   134.6722 6.4373e+02     4.6862      0.067      0.096    27.0305 0.0000e+00
     -0.009     -0.214     8.4501    107.120     34.741  36.183809     2.0637      7.058   134.7739 8.2733e+02     4.5697     -0.011     -0.017    27.0482 0.0000e+00
     -0.076     -0.181     8.4483    107.599     34.736  36.183870     2.0562      7.058   135.0036 9.6159e+02     4.4913     -0.083     -0.120    27.0575 0.0000e+00
     -0.119     -0.137     8.4610    108.128     34.732  36.184565     2.1023      7.059   135.2981 9.9990e+02     4.5915     -0.129     -0.187    27.0605 0.0000e+00
     -0.136     -0.091     8.4891    108.674     34.736  36.192219     2.1384      7.059   135.5811 1.0341e+03     4.6883     -0.138     -0.200    27.0628 0.0000e+00
     -0.139     -0.051     8.5229    109.152     34.753  36.212974     2.1431      7.058   135.9305 1.0664e+03     4.6716     -0.133     -0.194    27.0696 0.0000e+00
     -0.142     -0.021     8.5589    109.484     34.778  36.245171     2.1336      7.058   136.4254 1.0640e+03     4.5939     -0.139     -0.203    27.0782 0.0000e+00
     -0.144     -0.005     8.6007    109.645     34.786  36.264271     2.1236      7.058   137.0039 1.0422e+03     4.5351     -0.145     -0.210    27.0856 0.0000e+00
     -0.143     -0.000     8.6460    109.648     34.764  36.253575     2.1393      7.057   137.4189 1.0256e+03     4.5758     -0.140     -0.203    27.0904 0.0000e+00
     -0.140     -0.000     8.6866    109.560     34.745  36.242766     2.1396      7.057   137.6575 1.0357e+03     4.5395     -0.136     -0.197    27.0941 0.0000e+00
     -0.139     -0.000     8.7118    109.445     34.760  36.260495     2.1275      7.058   137.9100 1.0571e+03     4.4028     -0.136     -0.197    27.0998 0.0000e+00
     -0.139     -0.001     8.7225    109.316     34.777  36.277583     2.1590      7.058   138.2346 1.0744e+03     4.3581     -0.135     -0.196    27.1155 0.0000e+00
     -0.141     -0.001     8.7169    109.253     34.759  36.259026     2.2050      7.057   138.6576 1.0861e+03     4.4425     -0.137     -0.199    27.1398 0.0000e+00
     -0.144     -0.000     8.7045    109.329     34.729  36.226470     2.2335      7.057   139.1524 1.0915e+03     4.5696     -0.142     -0.206    27.1530 0.0000e+00
     -0.146      0.002     8.6980    109.493     34.709  36.201203     2.2047      7.057   139.5718 1.0895e+03     4.5286     -0.144     -0.209    27.1520 0.0000e+00
