Data/DataNotYetUploadedToEDI/Raw_CTD/RawDownloads/072125_fcr20_S7809003.cnv
* Sea-Bird SBE19plus  Data File:
* FileName = C:\R\Reservoirs\Data\DataNotYetUploadedToEDI\Raw_CTD\RawDownloads\072125_fcr50_S7809_0003.hex
* Software version 2.8.0.119
* Temperature SN = 7809
* Conductivity SN = 7809
* System UpLoad Time = Jul 21 2025 18:15:22
* <ApplicationData>
* <Seaterm232>
# nquan = 15
# nvalues = 1302                        
# units = specified
# name 0 = depFM: Depth [fresh water, m]
# name 1 = dz/dtM: Descent Rate [m/s]
# name 2 = sbeox0Mg/L: Oxygen, SBE 43 [mg/l]
# name 3 = sbeox0PS: Oxygen, SBE 43 [% saturation]
# name 4 = specc: Specific Conductance [uS/cm]
# name 5 = c0uS/cm: Conductivity [uS/cm]
# name 6 = flECO-AFL: Fluorescence, WET Labs ECO-AFL/FL [mg/m^3]
# name 7 = ph: pH
# name 8 = orp: Oxidation Reduction Potential [mV]
# name 9 = par/sat/log: PAR/Logarithmic, Satlantic
# name 10 = turbWETntu0: Turbidity, WET Labs ECO [NTU]
# name 11 = prdM: Pressure, Strain Gauge [db]
# name 12 = prdE: Pressure, Strain Gauge [psi]
# name 13 = tv290C: Temperature [ITS-90, deg C]
# name 14 = flag:  0.000e+00
# span 0 =     -0.654,      3.333       
# span 1 =     -0.273,      0.183       
# span 2 =     0.0256,     9.8370       
# span 3 =      0.278,    123.064       
# span 4 =      1.113,    335.845       
# span 5 =   1.141270, 266.236428       
# span 6 =    -0.3506,    16.4608       
# span 7 =      6.966,      7.218       
# span 8 = -1031.9312,   212.3660       
# span 9 = 4.5663e+00, 1.1862e+03       
# span 10 =    -1.2983,   120.6690      
# span 11 =     -0.642,      3.268      
# span 12 =     -0.932,      4.740      
# span 13 =    14.6223,    27.8589      
# span 14 = 0.0000e+00, 0.0000e+00      
# interval = seconds: 0.25
# start_time = Jul 21 2025 13:39:44 [Instrument's time stamp, header]
# bad_flag = -9.990e-29
*END*
[from data line 675]
      1.065      0.017     7.1860     88.422     37.045  37.768920     2.6015      7.049   165.5426 9.8749e+01     8.6498      1.043      1.513    26.1746 0.0000e+00
      1.071      0.017     7.1860     88.111     37.019  37.712763     2.5915      7.049   165.7586 9.7722e+01     8.6464      1.050      1.523    26.1574 0.0000e+00
      1.078      0.016     7.1859     87.667     37.029  37.722402     2.5824      7.049   166.0890 9.6922e+01     8.6102      1.058      1.534    26.1128 0.0000e+00
      1.083      0.014     7.1865     87.140     36.987  37.695096     2.6161      7.050   166.3535 9.6473e+01     8.5879      1.063      1.540    26.0429 0.0000e+00
      1.085      0.013     7.1811     86.667     36.975  37.699909     2.6748      7.050   166.9781 9.6260e+01     8.5475      1.064      1.543    25.9600 0.0000e+00
      1.087      0.012     7.1630     86.290     37.106  37.844075     2.7010      7.050   167.7901 9.6249e+01     8.4632      1.066      1.545    25.9131 0.0000e+00
      1.088      0.012     7.1259     86.002     37.302  38.042191     2.6754      7.050   168.2563 9.6281e+01     8.3542      1.066      1.546    25.9245 0.0000e+00
      1.091      0.012     7.0718     85.837     37.460  38.191655     2.6233      7.050   168.3989 9.5988e+01     8.3565      1.068      1.549    25.9523 0.0000e+00
      1.096      0.013     7.0304     85.722     37.600  38.318641     2.5695      7.050   168.3959 9.5539e+01     8.4911      1.074      1.558    25.9782 0.0000e+00
      1.101      0.014     6.9996     85.507     37.800  38.498783     2.5497      7.050   168.4780 9.5392e+01     8.5815      1.081      1.568    25.9947 0.0000e+00
      1.104      0.015     6.9731     85.085     38.049  38.719822     2.5335      7.050   168.5315 9.5574e+01     8.5265      1.084      1.572    25.9898 0.0000e+00
      1.106      0.016     6.9647     84.380     38.201  38.833591     2.4319      7.050   168.2675 9.5816e+01     8.5101      1.085      1.573    25.9735 0.0000e+00
      1.109      0.016     6.9636     83.376     38.203  38.795508     2.2784      7.050   168.0403 9.5814e+01     8.6230      1.086      1.576    25.9526 0.0000e+00
      1.114      0.015     6.9521     82.121     38.140  38.703507     2.2009      7.049   168.0209 9.5312e+01     8.6956      1.090      1.582    25.9215 0.0000e+00
      1.121      0.013     6.9260     80.725     37.998  38.546130     2.1858      7.049   168.0333 9.4485e+01     8.6357      1.099      1.594    25.8798 0.0000e+00
      1.126      0.012     6.8762     79.448     37.808  38.352182     2.0962      7.049   168.0180 9.3964e+01     8.4454      1.106      1.604    25.8238 0.0000e+00
      1.128      0.012     6.7994     78.558     37.710  38.262205     1.9493      7.049   167.9212 9.3813e+01     8.2741      1.108      1.606    25.7628 0.0000e+00
      1.126      0.012     6.7014     78.160     37.715  38.283188     1.8915      7.050   167.7237 9.3533e+01     8.3062      1.105      1.602    25.7244 0.0000e+00
      1.126      0.011     6.5800     78.309     37.768  38.352078     1.8966      7.051   167.6089 9.2841e+01     8.4244      1.103      1.599    25.7092 0.0000e+00
      1.130      0.011     6.4662     78.982     37.800  38.397150     1.8775      7.051   167.8238 9.1776e+01     8.3714      1.107      1.605    25.7084 0.0000e+00
      1.138      0.012     6.3913     79.955     37.780  38.383966     1.8436      7.050   168.1711 9.0824e+01     8.1768      1.116      1.619    25.7246 0.0000e+00
      1.143      0.012     6.3544     80.944     37.776  38.383056     1.8452      7.050   168.5377 9.0439e+01     8.1890      1.122      1.627    25.7471 0.0000e+00
      1.145      0.011     6.3622     81.757     37.779  38.386147     1.8795      7.050   168.9876 9.0309e+01     8.3829      1.123      1.628    25.7687 0.0000e+00
      1.146      0.010     6.4237     82.338     37.753  38.357891     1.8755      7.051   169.3947 9.0140e+01     8.3694      1.123      1.629    25.7874 0.0000e+00
      1.147      0.008     6.5108     82.725     37.753  38.358700     1.8386      7.051   169.6741 9.0050e+01     8.1280      1.125      1.631    25.7953 0.0000e+00
      1.149      0.006     6.5962     82.913     37.787  38.395924     1.8243      7.051   169.7844 8.9978e+01     7.9236      1.127      1.634    25.7979 0.0000e+00
      1.151      0.006     6.6648     82.899     37.816  38.427220     1.8528      7.051   169.8688 8.9971e+01     7.9478      1.130      1.638    25.7975 0.0000e+00
      1.153      0.005     6.7090     82.797     37.807  38.419819     1.8922      7.051   170.0057 9.0051e+01     8.1126      1.132      1.641    25.7935 0.0000e+00
      1.155      0.003     6.7419     82.752     37.757  38.369901     1.8678      7.050   170.0633 9.0107e+01     8.1739      1.132      1.642    25.7932 0.0000e+00
      1.155      0.001     6.7575     82.770     37.717  38.331317     1.7991      7.050   170.1353 9.0252e+01     8.1424      1.133      1.643    25.7996 0.0000e+00
      1.154      0.001     6.7521     82.760     37.717  38.334048     1.7686      7.050   170.3588 9.0426e+01     8.1424      1.132      1.642    25.8044 0.0000e+00
      1.153      0.002     6.7377     82.717     37.720  38.339477     1.7818      7.050   170.7020 9.0430e+01     8.2076      1.131      1.640    25.8032 0.0000e+00
      1.153      0.004     6.7340     82.712     37.713  38.333498     1.8092      7.051   171.1875 9.0254e+01     8.2479      1.131      1.640    25.8041 0.0000e+00
      1.154      0.008     6.7404     82.763     37.707  38.325214     1.8083      7.052   171.5818 8.9861e+01     8.1847      1.131      1.640    25.8076 0.0000e+00
      1.156      0.013     6.7382     82.853     37.752  38.366233     1.7794      7.052   171.6842 8.9226e+01     8.1947      1.133      1.643    25.8117 0.0000e+00
      1.160      0.017     6.7309     82.977     37.900  38.512158     1.7674      7.051   171.8237 8.8443e+01     8.2677      1.137      1.649    25.8167 0.0000e+00
      1.166      0.021     6.7301     83.100     38.024  38.630063     1.7709      7.049   171.6341 8.7438e+01     8.3496      1.143      1.658    25.8183 0.0000e+00
      1.173      0.025     6.7363     83.166     38.056  38.649560     1.7646      7.049   170.8540 8.6291e+01     8.4685      1.150      1.668    25.8148 0.0000e+00
      1.180      0.026     6.7433     83.089     38.105  38.684420     1.7416      7.049   170.5656 8.5318e+01     8.4409      1.158      1.679    25.8074 0.0000e+00
      1.187      0.026     6.7556     82.764     38.168  38.734235     1.7176      7.050   170.8137 8.4411e+01     8.4254      1.164      1.687    25.8023 0.0000e+00
      1.194      0.025     6.7681     82.187     38.191  38.744189     1.7074      7.050   170.2393 8.3502e+01     8.6564      1.171      1.698    25.7950 0.0000e+00
      1.202      0.024     6.7779     81.467     38.202  38.741298     1.7091      7.050   169.2141 8.2825e+01     8.9457      1.179      1.711    25.7739 0.0000e+00
      1.207      0.023     6.7789     80.711     38.235  38.762715     1.7134      7.050   169.0001 8.2314e+01     9.0202      1.184      1.717    25.7522 0.0000e+00
      1.211      0.023     6.7543     79.981     38.294  38.812750     1.7004      7.050   169.0295 8.1754e+01     8.9079      1.187      1.723    25.7370 0.0000e+00
      1.216      0.022     6.7054     79.351     38.393  38.902043     1.6778      7.050   168.8805 8.1105e+01     8.8864      1.193      1.730    25.7194 0.0000e+00
      1.222      0.020     6.6453     78.847     38.522  39.017373     1.6890      7.050   169.0060 8.0404e+01     8.9994      1.198      1.738    25.6992 0.0000e+00
      1.229      0.018     6.5852     78.423     38.590  39.064904     1.7366      7.050   169.3425 7.9613e+01     9.0782      1.204      1.747    25.6828 0.0000e+00
      1.235      0.015     6.5241     78.040     38.580  39.032496     1.7705      7.050   169.5930 7.9021e+01     9.0187      1.213      1.758    25.6707 0.0000e+00
      1.238      0.012     6.4726     77.614     38.569  39.006260     1.7583      7.050   169.4544 7.8847e+01     8.8949      1.215      1.763    25.6589 0.0000e+00
      1.238      0.009     6.4367     77.081     38.570  39.001497     1.7301      7.050   169.2152 7.8806e+01     8.9815      1.214      1.761    25.6407 0.0000e+00
      1.239      0.007     6.4055     76.576     38.545  38.974901     1.7201      7.050   169.4534 7.8792e+01     9.2129      1.215      1.762    25.6097 0.0000e+00
      1.241      0.005     6.3804     76.268     38.510  38.938524     1.7214      7.050   169.9262 7.8795e+01     9.3009      1.217      1.765    25.5764 0.0000e+00
      1.242      0.005     6.3530     76.153     38.515  38.942409     1.7208      7.051   170.2854 7.8760e+01     9.2597      1.218      1.767    25.5565 0.0000e+00
      1.244      0.006     6.3041     76.187     38.592  39.021879     1.6878      7.051   170.6128 7.8724e+01     9.1593      1.220      1.769    25.5517 0.0000e+00
      1.245      0.010     6.2548     76.381     38.832  39.264798     1.6472      7.051   170.8741 7.8664e+01     9.1801      1.221      1.771    25.5519 0.0000e+00
      1.246      0.015     6.2330     76.698     39.229  39.658430     1.6541      7.052   170.9493 7.8474e+01     9.3396      1.222      1.773    25.5496 0.0000e+00
      1.248      0.022     6.2255     77.003     39.629  40.037077     1.6714      7.052   171.0058 7.8001e+01     9.4146      1.224      1.775    25.5474 0.0000e+00
      1.253      0.028     6.2262     77.124     39.985  40.352568     1.6562      7.052   171.2127 7.7065e+01     9.4031      1.227      1.780    25.5505 0.0000e+00
      1.263      0.031     6.2427     76.910     40.236  40.553648     1.6202      7.051   171.3853 7.5768e+01     9.3722      1.237      1.795    25.5542 0.0000e+00
      1.277      0.031     6.2730     76.287     40.288  40.564346     1.6110      7.051   171.5451 7.4362e+01     9.3819      1.251      1.816    25.5487 0.0000e+00
      1.290      0.030     6.3075     75.349     40.169  40.418397     1.6368      7.051   171.9406 7.3262e+01     9.4514      1.266      1.838    25.5193 0.0000e+00
      1.298      0.028     6.3278     74.252     40.014  40.248605     1.6572      7.050   172.4665 7.2972e+01     9.4617      1.276      1.852    25.4574 0.0000e+00
      1.299      0.026     6.3234     73.143     39.991  40.224893     1.6491      7.050   172.8276 7.3054e+01     9.3360      1.274      1.849    25.3838 0.0000e+00
      1.300      0.024     6.2741     72.222     40.081  40.322091     1.6136      7.051   173.2950 7.2666e+01     9.1952      1.272      1.846    25.3286 0.0000e+00
      1.305      0.023     6.1949     71.632     40.222  40.471886     1.6021      7.051   174.1603 7.1814e+01     9.1947      1.278      1.855    25.2983 0.0000e+00
      1.315      0.023     6.1049     71.376     40.389  40.639868     1.6271      7.052   174.7722 7.1081e+01     9.2953      1.291      1.872    25.2815 0.0000e+00
      1.325      0.024     6.0056     71.328     40.525  40.766551     1.6335      7.052   174.9277 7.0664e+01     9.3521      1.302      1.887    25.2808 0.0000e+00
      1.332      0.024     5.9246     71.396     40.635  40.861223     1.6045      7.051   175.0942 7.0476e+01     9.2676      1.307      1.896    25.2954 0.0000e+00
      1.336      0.023     5.8735     71.502     40.751  40.959478     1.5680      7.050   175.2372 7.0407e+01     9.1280      1.310      1.900    25.3084 0.0000e+00
      1.339      0.020     5.8588     71.499     40.879  41.066005     1.5662      7.051   175.1081 7.0115e+01     9.1325      1.312      1.902    25.3088 0.0000e+00
      1.344      0.018     5.8585     71.315     40.974  41.133752     1.6077      7.051   174.9954 6.9528e+01     9.1513      1.316      1.909    25.2953 0.0000e+00
      1.351      0.015     5.8663     70.969     41.009  41.143906     1.6459      7.051   175.4235 6.8951e+01     9.0816      1.325      1.921    25.2730 0.0000e+00
      1.357      0.014     5.8850     70.520     41.008  41.125267     1.6449      7.051   176.1555 6.8608e+01     9.0412      1.332      1.931    25.2510 0.0000e+00
      1.359      0.014     5.8882     70.052     40.991  41.098762     1.6201      7.052   176.7905 6.8578e+01     8.9362      1.334      1.935    25.2256 0.0000e+00
      1.359      0.015     5.8764     69.620     41.038  41.140757     1.6041      7.052   177.1643 6.8689e+01     8.9727      1.332      1.934    25.1881 0.0000e+00
      1.359      0.018     5.8504     69.267     41.158  41.252222     1.6013      7.052   177.2332 6.8494e+01     9.1753      1.331      1.931    25.1536 0.0000e+00
      1.362      0.022     5.8118     68.996     41.232  41.304071     1.6029      7.051   176.9351 6.7735e+01     9.2343      1.333      1.934    25.1342 0.0000e+00
      1.372      0.026     5.7737     68.732     41.282  41.323364     1.5905      7.051   176.3993 6.6598e+01     9.2076      1.343      1.949    25.1234 0.0000e+00
      1.384      0.030     5.7373     68.430     41.348  41.358510     1.5683      7.052   175.7458 6.5660e+01     9.1945      1.359      1.971    25.1181 0.0000e+00
      1.394      0.031     5.7070     68.068     41.371  41.348177     1.5749      7.052   175.2276 6.5258e+01     9.2805      1.369      1.985    25.1165 0.0000e+00
      1.400      0.029     5.6920     67.623     41.374  41.325306     1.5961      7.051   175.5541 6.4952e+01     9.2913      1.372      1.991    25.0866 0.0000e+00
      1.407      0.024     5.6755     67.126     41.393  41.335806     1.5919      7.051   176.0802 6.4453e+01     9.1194      1.378      1.999    25.0405 0.0000e+00
      1.413      0.020     5.6539     66.606     41.399  41.348186     1.5824      7.052   176.1680 6.4168e+01     8.9786      1.388      2.012    25.0099 0.0000e+00
      1.417      0.018     5.6313     66.138     41.386  41.348071     1.5969      7.052   176.1862 6.4200e+01     8.9555      1.391      2.017    24.9629 0.0000e+00
      1.418      0.018     5.5956     65.865     41.368  41.334440     1.6259      7.052   176.0420 6.4084e+01     9.0445      1.390      2.016    24.9240 0.0000e+00
      1.422      0.018     5.5551     65.809     41.362  41.310314     1.6502      7.051   175.9740 6.3774e+01     9.0646      1.394      2.022    24.9193 0.0000e+00
      1.427      0.018     5.5100     65.861     41.403  41.310207     1.6412      7.051   176.3951 6.3515e+01     8.9252      1.400      2.029    24.9292 0.0000e+00
      1.433      0.018     5.4620     65.908     41.464  41.333083     1.6083      7.052   177.0046 6.3088e+01     8.8283      1.405      2.036    24.9502 0.0000e+00
      1.440      0.018     5.4380     65.867     41.475  41.332981     1.6023      7.052   177.4059 6.2527e+01     8.9175      1.412      2.048    24.9647 0.0000e+00
      1.446      0.017     5.4398     65.698     41.446  41.308957     1.6278      7.051   177.6339 6.2255e+01     9.0820      1.419      2.058    24.9460 0.0000e+00
      1.449      0.015     5.4537     65.420     41.432  41.296482     1.6491      7.052   177.8679 6.2184e+01     9.0745      1.421      2.061    24.8807 0.0000e+00
      1.450      0.013     5.4662     65.060     41.451  41.309092     1.6517      7.052   178.0849 6.1995e+01     8.8610      1.421      2.061    24.8195 0.0000e+00
      1.452      0.011     5.4645     64.572     41.492  41.334481     1.6511      7.052   178.2783 6.1712e+01     8.6531      1.424      2.065    24.8159 0.0000e+00
      1.455      0.011     5.4482     63.978     41.531  41.349571     1.6670      7.052   178.4853 6.1467e+01     8.6448      1.428      2.070    24.8339 0.0000e+00
      1.458      0.012     5.4226     63.412     41.566  41.364575     1.6945      7.052   178.6090 6.1142e+01     8.7939      1.429      2.072    24.8339 0.0000e+00
      1.462      0.012     5.3964     62.917     41.599  41.388921     1.6747      7.050   178.7418 6.0727e+01     8.8159      1.433      2.078    24.8271 0.0000e+00
