Data/DataNotYetUploadedToEDI/Raw_CTD/RawDownloads/072125_fcr40_S7809005.cnv
* Sea-Bird SBE19plus  Data File:
* FileName = C:\R\Reservoirs\Data\DataNotYetUploadedToEDI\Raw_CTD\RawDownloads\072125_fcr50_S7809_0005.hex
* Software version 2.8.0.119
* Temperature SN = 7809
* Conductivity SN = 7809
* System UpLoad Time = Jul 21 2025 18:16:51
* <ApplicationData>
* <Seaterm232>
# nquan = 15
# nvalues = 1458                        
# units = specified
# name 0 = depFM: Depth [fresh water, m]
# name 1 = dz/dtM: Descent Rate [m/s]
# name 2 = sbeox0Mg/L: Oxygen, SBE 43 [mg/l]
# name 3 = sbeox0PS: Oxygen, SBE 43 [% saturation]
# name 4 = specc: Specific Conductance [uS/cm]
# name 5 = c0uS/cm: Conductivity [uS/cm]
# name 6 = flECO-AFL: Fluorescence, WET Labs ECO-AFL/FL [mg/m^3]
# name 7 = ph: pH
# name 8 = orp: Oxidation Reduction Potential [mV]
# name 9 = par/sat/log: PAR/Logarithmic, Satlantic
# name 10 = turbWETntu0: Turbidity, WET Labs ECO [NTU]
# name 11 = prdM: Pressure, Strain Gauge [db]
# name 12 = prdE: Pressure, Strain Gauge [psi]
# name 13 = tv290C: Temperature [ITS-90, deg C]
# name 14 = flag:  0.000e+00
# span 0 =     -0.653,      6.114       
# span 1 =     -0.341,      0.198       
# span 2 =     0.0291,     9.3240       
# span 3 =      0.307,    116.882       
# span 4 =      1.152,     56.664       
# span 5 =   1.109308,  44.601049       
# span 6 =    -0.0736,    15.3110       
# span 7 =      6.958,      7.079       
# span 8 =   116.7106,   213.1107       
# span 9 = 1.2356e-01, 1.4395e+03       
# span 10 =    -0.0862,    68.2948      
# span 11 =     -0.643,      5.996      
# span 12 =     -0.931,      8.697      
# span 13 =    11.4971,    27.6580      
# span 14 = 0.0000e+00, 0.0000e+00      
# interval = seconds: 0.25
# start_time = Jul 21 2025 14:17:54 [Instrument's time stamp, header]
# bad_flag = -9.990e-29
*END*
[from data line 579]
      2.887      0.022     0.1462      0.739     47.254  39.736215     3.2970      7.076   180.2110 1.8028e+01     9.2762      2.831      4.107    17.1207 0.0000e+00
      2.894      0.022     0.1241      0.662     47.341  39.803724     3.3049      7.076   180.2715 1.7889e+01     9.3934      2.838      4.117    17.1076 0.0000e+00
      2.900      0.022     0.1018      0.630     47.525  39.961301     3.3071      7.076   180.3110 1.7763e+01     9.4367      2.845      4.126    17.0836 0.0000e+00
      2.904      0.023     0.0827      0.635     47.712  40.118341     3.2321      7.077   180.3450 1.7652e+01     9.5257      2.849      4.132    17.0575 0.0000e+00
      2.909      0.024     0.0688      0.652     47.870  40.242811     3.1140      7.077   180.5097 1.7524e+01     9.7871      2.852      4.136    17.0363 0.0000e+00
      2.914      0.024     0.0633      0.659     47.989  40.323895     3.0530      7.076   180.8400 1.7333e+01    10.0015      2.857      4.143    17.0308 0.0000e+00
      2.922      0.023     0.0587      0.673     47.964  40.273647     3.0523      7.076   181.1554 1.7098e+01    10.1706      2.866      4.156    17.0409 0.0000e+00
      2.931      0.022     0.0611      0.701     47.919  40.206416     2.9879      7.076   181.3976 1.6901e+01    10.6366      2.875      4.169    17.0409 0.0000e+00
      2.937      0.019     0.0638      0.699     48.009  40.272551     2.8077      7.076   181.6181 1.6747e+01    11.2289      2.881      4.179    17.0323 0.0000e+00
      2.942      0.016     0.0634      0.657     48.125  40.375154     2.6798      7.076   181.7570 1.6639e+01    11.4564      2.886      4.187    17.0154 0.0000e+00
      2.943      0.012     0.0637      0.609     48.201  40.431555     2.6567      7.076   181.7850 1.6566e+01    11.4748      2.887      4.187    16.9796 0.0000e+00
      2.944      0.011     0.0695      0.577     48.336  40.510233     2.6286      7.075   181.6986 1.6460e+01    11.7248      2.886      4.186    16.9399 0.0000e+00
      2.946      0.012     0.0698      0.577     48.545  40.628277     2.5731      7.075   181.6593 1.6348e+01    12.1559      2.889      4.191    16.9293 0.0000e+00
      2.948      0.016     0.0628      0.597     48.808  40.779824     2.5175      7.076   181.7409 1.6218e+01    12.3144      2.890      4.192    16.9507 0.0000e+00
      2.951      0.022     0.0592      0.616     49.164  41.009695     2.4808      7.076   181.8243 1.6027e+01    12.2400      2.893      4.196    16.9505 0.0000e+00
      2.958      0.027     0.0540      0.638     49.610  41.313143     2.4867      7.076   181.8928 1.5808e+01    12.6577      2.900      4.206    16.9087 0.0000e+00
      2.967      0.032     0.0555      0.652     50.040  41.592654     2.5310      7.076   181.9669 1.5553e+01    13.5394      2.908      4.218    16.8466 0.0000e+00
      2.977      0.037     0.0585      0.640     50.300  41.723482     2.5748      7.076   182.0321 1.5288e+01    14.0526      2.919      4.235    16.7709 0.0000e+00
      2.987      0.041     0.0593      0.620     50.438  41.752430     2.5835      7.075   182.0798 1.5040e+01    14.0802      2.930      4.250    16.7031 0.0000e+00
      2.998      0.043     0.0621      0.600     50.537  41.752140     2.5868      7.075   182.1123 1.4743e+01    14.3522      2.939      4.263    16.6391 0.0000e+00
      3.010      0.044     0.0652      0.563     50.592  41.719882     2.6237      7.075   182.0814 1.4443e+01    14.9845      2.952      4.282    16.5576 0.0000e+00
      3.022      0.044     0.0627      0.523     50.633  41.679661     2.6632      7.076   182.0506 1.4179e+01    15.3367      2.964      4.299    16.4703 0.0000e+00
      3.033      0.043     0.0603      0.497     50.676  41.646556     2.6898      7.077   182.1694 1.3883e+01    15.4342      2.973      4.313    16.3847 0.0000e+00
      3.044      0.041     0.0600      0.468     50.733  41.636875     2.6868      7.077   182.3135 1.3580e+01    15.4466      2.985      4.331    16.3029 0.0000e+00
      3.055      0.039     0.0556      0.442     50.853  41.689469     2.6528      7.076   182.3305 1.3319e+01    15.5202      2.997      4.347    16.2266 0.0000e+00
      3.065      0.039     0.0503      0.442     51.082  41.838125     2.6358      7.076   182.2887 1.3100e+01    15.8127      3.007      4.361    16.1532 0.0000e+00
      3.072      0.039     0.0493      0.450     51.374  42.037881     2.6560      7.076   182.2377 1.2892e+01    16.0103      3.012      4.368    16.0838 0.0000e+00
      3.080      0.039     0.0467      0.449     51.629  42.200544     2.6892      7.076   182.2302 1.2635e+01    16.0998      3.019      4.379    16.0262 0.0000e+00
      3.091      0.038     0.0417      0.439     51.792  42.281528     2.6456      7.075   182.3704 1.2346e+01    16.1422      3.032      4.397    15.9845 0.0000e+00
      3.104      0.037     0.0437      0.428     51.903  42.318806     2.5288      7.075   182.6420 1.2061e+01    16.1468      3.044      4.415    15.9480 0.0000e+00
      3.116      0.034     0.0449      0.423     52.056  42.397316     2.4672      7.075   183.0190 1.1796e+01    16.1903      3.056      4.433    15.9112 0.0000e+00
      3.126      0.031     0.0450      0.418     52.271  42.532541     2.4754      7.075   183.4018 1.1623e+01    16.2579      3.067      4.447    15.8691 0.0000e+00
      3.131      0.026     0.0435      0.411     52.503  42.684318     2.4609      7.075   183.6561 1.1522e+01    16.2472      3.071      4.454    15.8154 0.0000e+00
      3.134      0.022     0.0422      0.402     52.653  42.772523     2.3753      7.075   183.8567 1.1410e+01    16.0617      3.073      4.458    15.7602 0.0000e+00
      3.138      0.018     0.0421      0.401     52.611  42.710359     2.2894      7.075   184.1071 1.1252e+01    15.9616      3.077      4.463    15.7171 0.0000e+00
      3.144      0.015     0.0414      0.401     52.534  42.630873     2.2710      7.075   184.3610 1.1069e+01    15.9936      3.083      4.471    15.6813 0.0000e+00
      3.149      0.013     0.0414      0.396     52.550  42.636590     2.3193      7.075   184.5174 1.0932e+01    15.9699      3.089      4.480    15.6455 0.0000e+00
      3.152      0.013     0.0394      0.389     52.583  42.652535     2.3899      7.074   184.6210 1.0870e+01    15.9480      3.091      4.483    15.6118 0.0000e+00
      3.152      0.014     0.0400      0.393     52.659  42.696698     2.4008      7.074   184.6670 1.0825e+01    15.8998      3.091      4.483    15.5816 0.0000e+00
      3.154      0.015     0.0402      0.400     52.718  42.726229     2.3600      7.074   184.6438 1.0747e+01    15.7970      3.092      4.485    15.5667 0.0000e+00
      3.158      0.017     0.0395      0.390     52.698  42.692208     2.3380      7.074   184.6842 1.0644e+01    15.7983      3.097      4.491    15.5663 0.0000e+00
      3.164      0.018     0.0383      0.382     52.691  42.666171     2.3603      7.074   184.8110 1.0512e+01    15.9843      3.103      4.499    15.5577 0.0000e+00
      3.170      0.018     0.0385      0.396     52.703  42.665285     2.3960      7.074   184.9729 1.0362e+01    16.1673      3.109      4.509    15.5355 0.0000e+00
      3.177      0.016     0.0416      0.409     52.712  42.681474     2.3959      7.074   185.0932 1.0243e+01    16.1314      3.116      4.520    15.5180 0.0000e+00
      3.182      0.013     0.0387      0.404     52.753  42.734978     2.3669      7.074   185.1472 1.0194e+01    16.0966      3.123      4.529    15.5066 0.0000e+00
      3.184      0.009     0.0366      0.394     52.816  42.804443     2.3363      7.074   185.1954 1.0222e+01    16.2241      3.123      4.529    15.4812 0.0000e+00
      3.184      0.005     0.0398      0.396     52.828  42.823193     2.3263      7.074   185.1598 1.0247e+01    16.3068      3.121      4.527    15.4632 0.0000e+00
      3.185      0.001     0.0416      0.400     52.764  42.771283     2.3448      7.074   184.9745 1.0227e+01    16.3795      3.123      4.529    15.4785 0.0000e+00
      3.185     -0.001     0.0409      0.401     52.743  42.748050     2.3520      7.074   184.8485 1.0204e+01    16.3522      3.123      4.530    15.5031 0.0000e+00
      3.184      0.000     0.0380      0.390     52.884  42.859640     2.3797      7.074   184.9270 1.0221e+01    16.0782      3.123      4.530    15.5216 0.0000e+00
      3.182      0.004     0.0400      0.356     53.112  43.041459     2.4638      7.074   185.0625 1.0275e+01    15.7321      3.120      4.527    15.5314 0.0000e+00
      3.180      0.009     0.0399      0.354     53.293  43.169157     2.5373      7.074   185.1095 1.0267e+01    15.5492      3.117      4.521    15.5299 0.0000e+00
      3.182      0.014     0.0397      0.397     53.375  43.197593     2.5768      7.074   185.1525 1.0141e+01    15.6087      3.119      4.522    15.5195 0.0000e+00
      3.189      0.018     0.0412      0.412     53.343  43.131341     2.5919      7.074   185.2378 9.9521e+00    15.7002      3.126      4.534    15.5158 0.0000e+00
      3.199      0.020     0.0337      0.393     53.298  43.066269     2.5867      7.074   185.2803 9.7628e+00    15.7664      3.137      4.551    15.5231 0.0000e+00
      3.207      0.021     0.0322      0.388     53.358  43.109004     2.5885      7.074   185.3214 9.6328e+00    15.7948      3.147      4.564    15.5054 0.0000e+00
      3.211      0.023     0.0419      0.368     53.464  43.203715     2.6058      7.074   185.4778 9.6083e+00    15.7706      3.151      4.570    15.4629 0.0000e+00
      3.212      0.025     0.0436      0.339     53.538  43.259309     2.5624      7.073   185.8801 9.6059e+00    15.8496      3.150      4.569    15.4206 0.0000e+00
      3.214      0.025     0.0364      0.354     53.593  43.273395     2.4220      7.073   186.3994 9.4986e+00    15.9301      3.150      4.568    15.3896 0.0000e+00
      3.222      0.024     0.0402      0.369     53.612  43.247040     2.3145      7.073   186.7670 9.2476e+00    15.9238      3.157      4.578    15.3855 0.0000e+00
      3.235      0.023     0.0386      0.365     53.584  43.194491     2.2952      7.073   186.9694 8.9693e+00    15.9105      3.173      4.602    15.4054 0.0000e+00
      3.247      0.021     0.0298      0.364     53.540  43.145796     2.2962      7.073   187.1258 8.8485e+00    16.0082      3.188      4.624    15.4098 0.0000e+00
      3.250      0.020     0.0366      0.358     53.573  43.166048     2.2933      7.073   187.1951 8.8781e+00    16.2520      3.189      4.626    15.3722 0.0000e+00
      3.248      0.023     0.0384      0.358     53.776  43.312398     2.2772      7.072   187.1190 8.9199e+00    16.3303      3.185      4.619    15.3245 0.0000e+00
      3.247      0.028     0.0350      0.368     54.088  43.518839     2.2424      7.072   187.0668 8.8756e+00    16.2025      3.183      4.616    15.2950 0.0000e+00
      3.251      0.035     0.0378      0.365     54.400  43.694335     2.1559      7.073   187.0793 8.6796e+00    16.1758      3.184      4.618    15.2873 0.0000e+00
      3.264      0.044     0.0351      0.347     54.625  43.783860     2.0394      7.073   187.0978 8.3126e+00    16.2813      3.198      4.637    15.2876 0.0000e+00
      3.285      0.051     0.0352      0.349     54.718  43.775976     1.9979      7.073   187.2052 7.9017e+00    16.3842      3.222      4.673    15.2765 0.0000e+00
      3.305      0.052     0.0377      0.371     54.728  43.725863     1.9964      7.073   187.3444 7.6122e+00    16.3617      3.244      4.706    15.2388 0.0000e+00
      3.319      0.048     0.0378      0.379     54.713  43.685679     1.9705      7.073   187.4045 7.4204e+00    16.2134      3.258      4.724    15.1629 0.0000e+00
      3.329      0.041     0.0339      0.371     54.703  43.670943     1.9345      7.073   187.4161 7.2278e+00    16.0603      3.265      4.735    15.0700 0.0000e+00
      3.336      0.034     0.0337      0.368     54.704  43.674634     1.9191      7.073   187.4846 7.0583e+00    16.0137      3.271      4.744    14.9895 0.0000e+00
      3.341      0.030     0.0388      0.360     54.769  43.730313     1.9431      7.072   187.7170 6.9389e+00    16.0947      3.276      4.752    14.9351 0.0000e+00
      3.346      0.030     0.0393      0.343     54.912  43.836348     1.9408      7.072   187.9890 6.8079e+00    16.1168      3.281      4.759    14.9110 0.0000e+00
      3.352      0.033     0.0364      0.334     54.937  43.814117     1.8833      7.073   188.0196 6.6407e+00    16.1101      3.287      4.768    14.9115 0.0000e+00
      3.361      0.037     0.0375      0.329     54.751  43.588420     1.8307      7.073   187.9143 6.4635e+00    16.2525      3.295      4.780    14.9153 0.0000e+00
      3.372      0.038     0.0374      0.339     54.695  43.455973     1.8294      7.072   188.0070 6.2654e+00    16.4385      3.307      4.796    14.9198 0.0000e+00
      3.385      0.036     0.0332      0.351     54.891  43.545593     1.8672      7.072   188.1089 6.0474e+00    16.5484      3.319      4.814    14.9246 0.0000e+00
      3.397      0.032     0.0346      0.345     54.980  43.592845     1.8797      7.072   187.9409 5.8627e+00    16.3519      3.332      4.834    14.8870 0.0000e+00
      3.407      0.027     0.0322      0.348     54.873  43.519465     1.8482      7.072   187.6959 5.7674e+00    15.9071      3.344      4.851    14.8043 0.0000e+00
      3.411      0.023     0.0339      0.363     54.731  43.420091     1.8267      7.071   187.5562 5.7440e+00    15.6796      3.347      4.854    14.7157 0.0000e+00
      3.411      0.019     0.0375      0.371     54.645  43.343470     1.8445      7.071   187.4564 5.6977e+00    15.7181      3.343      4.849    14.6453 0.0000e+00
      3.413      0.017     0.0340      0.367     54.690  43.354732     1.8721      7.071   187.4369 5.6144e+00    15.8945      3.345      4.852    14.6259 0.0000e+00
      3.419      0.015     0.0345      0.349     54.812  43.429285     1.8607      7.071   187.7494 5.5371e+00    16.0368      3.353      4.864    14.6523 0.0000e+00
      3.426      0.015     0.0377      0.334     54.882  43.483152     1.8240      7.071   188.3960 5.4655e+00    16.0034      3.359      4.873    14.6730 0.0000e+00
      3.431      0.016     0.0377      0.340     54.870  43.498224     1.8104      7.071   188.9730 5.3912e+00    15.9685      3.365      4.881    14.6621 0.0000e+00
      3.435      0.017     0.0381      0.340     54.799  43.484605     1.8295      7.072   189.2191 5.3314e+00    16.1627      3.369      4.887    14.6321 0.0000e+00
      3.436      0.017     0.0357      0.327     54.685  43.445487     1.8633      7.072   189.2212 5.2962e+00    16.5064      3.369      4.886    14.6066 0.0000e+00
      3.438      0.018     0.0319      0.311     54.567  43.406171     1.8699      7.072   189.1709 5.2409e+00    16.6057      3.370      4.887    14.6010 0.0000e+00
      3.444      0.019     0.0356      0.307     54.482  43.390143     1.8422      7.071   189.0410 5.1485e+00    16.4417      3.376      4.897    14.6278 0.0000e+00
      3.451      0.021     0.0348      0.332     54.416  43.378705     1.8284      7.071   188.8554 5.0515e+00    16.3328      3.385      4.909    14.6724 0.0000e+00
      3.458      0.021     0.0333      0.354     54.412  43.394879     1.8537      7.071   188.7337 4.9533e+00    16.3487      3.392      4.918    14.7180 0.0000e+00
      3.464      0.021     0.0316      0.351     54.507  43.458769     1.8887      7.072   188.6016 4.8669e+00    16.3601      3.398      4.927    14.7704 0.0000e+00
      3.468      0.020     0.0291      0.351     54.627  43.516429     1.8858      7.072   188.5486 4.8131e+00    16.3004      3.402      4.934    14.8193 0.0000e+00
      3.472      0.018     0.0342      0.373     54.778  43.584201     1.8603      7.071   188.5227 4.7718e+00    16.2069      3.404      4.939    14.8613 0.0000e+00
