Data/DataNotYetUploadedToEDI/Raw_CTD/RawDownloads/072121_fcr50_0001.cnv
* Sea-Bird SBE19plus  Data File:
* FileName = C:\R\Reservoirs\Data\DataNotYetUploadedToEDI\Raw_CTD\RawDownloads\072121_fcr50_0001.hex
* Software version 2.8.0.119
* Temperature SN = 7809
* Conductivity SN = 7809
* System UpLoad Time = Jul 21 2021 17:26:41
* <ApplicationData>
* <Seaterm232>
# nquan = 16
# nvalues = 2265                        
# units = specified
# name 0 = depFM: Depth [fresh water, m]
# name 1 = dz/dtM: Descent Rate [m/s]
# name 2 = orp: Oxidation Reduction Potential [mV]
# name 3 = sbeox0Mg/L: Oxygen, SBE 43 [mg/l]
# name 4 = sbeox0PS: Oxygen, SBE 43 [% saturation]
# name 5 = par/sat/log: PAR/Logarithmic, Satlantic
# name 6 = ph: pH
# name 7 = specc: Specific Conductance [uS/cm]
# name 8 = c0uS/cm: Conductivity [uS/cm]
# name 9 = flECO-AFL: Fluorescence, WET Labs ECO-AFL/FL [mg/m^3]
# name 10 = turbWETntu0: Turbidity, WET Labs ECO [NTU]
# name 11 = tv290C: Temperature [ITS-90, deg C]
# name 12 = density00: Density [density, kg/m^3]
# name 13 = prdE: Pressure, Strain Gauge [psi]
# name 14 = prdM: Pressure, Strain Gauge [db]
# name 15 = flag:  0.000e+00
# span 0 =     -0.653,      9.630       
# span 1 =     -0.299,      2.803       
# span 2 = -1240.7455,   233.4471       
# span 3 =     1.6178,     9.7834       
# span 4 =     14.419,    113.455       
# span 5 = 1.2340e-01, 1.1871e+03       
# span 6 =     15.244,     15.794       
# span 7 =      1.012,    182.538       
# span 8 =   1.029778, 126.558775       
# span 9 =    -2.4767,   259.7919       
# span 10 =    -3.1172,   957.9942      
# span 11 =     9.6143,    25.9617      
# span 12 =   996.8138,   999.8452      
# span 13 =     -0.929,     13.697      
# span 14 =     -0.641,      9.444      
# span 15 = 0.0000e+00, 0.0000e+00      
# interval = seconds: 0.25
# start_time = Jul 20 2021 21:16:41 [Instrument's time stamp, header]
# bad_flag = -9.990e-29
*END*
[from data line 1356]
      9.615 8.0408e-25   -38.0727     2.3551     20.851 1.2370e-01     15.782    176.284 122.336215     4.3688     4.6072     9.6995   999.8376     13.676      9.429 0.0000e+00
      9.615 8.8449e-24   -38.0689     2.3687     20.820 1.2364e-01     15.782    176.368 122.391077     4.3837     4.4652     9.6989   999.8377     13.676      9.429 0.0000e+00
      9.615 9.7294e-23   -38.2460     2.3572     20.802 1.2357e-01     15.782    176.452 122.446176     4.3860     4.4022     9.6981   999.8378     13.677      9.430 0.0000e+00
      9.615 1.0702e-21   -38.6653     2.3659     20.819 1.2356e-01     15.782    176.429 122.428814     4.3779     4.4287     9.6971   999.8380     13.676      9.429 0.0000e+00
      9.616 1.1773e-20   -39.2669     2.3754     20.859 1.2357e-01     15.782    176.349 122.372359     4.3524     4.4765     9.6962   999.8381     13.677      9.430 0.0000e+00
      9.616 1.2950e-19   -39.5834     2.3627     20.911 1.2362e-01     15.782    176.298 122.337179     4.3056     4.5343     9.6953   999.8381     13.677      9.430 0.0000e+00
      9.616 1.4245e-18   -39.8241     2.3629     20.905 1.2362e-01     15.781    176.275 122.322115     4.2797     4.5780     9.6944   999.8383     13.677      9.430 0.0000e+00
      9.616 1.5669e-17   -39.9402     2.3655     20.824 1.2357e-01     15.781    176.267 122.317682     4.2872     4.5925     9.6940   999.8383     13.677      9.430 0.0000e+00
      9.616 1.7236e-16   -39.8691     2.3687     20.764 1.2359e-01     15.781    176.310 122.347321     4.2723     4.6411     9.6935   999.8383     13.677      9.430 0.0000e+00
      9.616 1.8960e-15   -40.0828     2.3790     20.783 1.2358e-01     15.781    176.425 122.425537     4.2324     4.7192     9.6936   999.8382     13.676      9.429 0.0000e+00
      9.616 2.0856e-14   -40.2869     2.3811     20.847 1.2353e-01     15.782    176.534 122.498598     4.2153     4.7131     9.6942   999.8382     13.677      9.430 0.0000e+00
      9.616 2.2941e-13   -40.2719     2.3643     20.893 1.2350e-01     15.783    176.584 122.529637     4.2184     4.6704     9.6946   999.8382     13.676      9.429 0.0000e+00
      9.616 2.5236e-12   -40.0738     2.3552     20.871 1.2350e-01     15.783    176.615 122.545890     4.2221     4.6491     9.6945   999.8382     13.676      9.430 0.0000e+00
      9.616 2.7759e-11   -39.9573     2.3608     20.848 1.2356e-01     15.783    176.655 122.567639     4.2516     4.6620     9.6940   999.8383     13.676      9.430 0.0000e+00
      9.616 3.0535e-10   -39.8954     2.3683     20.856 1.2359e-01     15.783    176.622 122.537659     4.2980     4.6884     9.6931   999.8384     13.676      9.430 0.0000e+00
      9.616 3.3589e-09   -39.4974     2.3801     20.842 1.2359e-01     15.783    176.492 122.438332     4.3241     4.6938     9.6922   999.8385     13.677      9.430 0.0000e+00
      9.615 3.6947e-08   -39.5328     2.3714     20.834 1.2363e-01     15.783    176.342 122.322672     4.3299     4.7268     9.6909   999.8386     13.676      9.430 0.0000e+00
      9.615 4.0642e-07   -39.9791     2.3653     20.851 1.2368e-01     15.782    176.216 122.222666     4.3304     4.7783     9.6892   999.8388     13.676      9.430 0.0000e+00
      9.616      0.000   -40.2470     2.3751     20.924 1.2364e-01     15.782    176.088 122.121397     4.3387     4.8018     9.6870   999.8390     13.677      9.430 0.0000e+00
      9.616      0.000   -40.5354     2.3665     21.056 1.2361e-01     15.782    175.916 121.990468     4.3449     4.8052     9.6845   999.8391     13.677      9.430 0.0000e+00
      9.616      0.001   -40.7139     2.3682     21.133 1.2361e-01     15.782    175.729 121.850507     4.3484     4.7852     9.6813   999.8393     13.678      9.431 0.0000e+00
      9.616      0.001   -41.1135     2.3690     21.099 1.2354e-01     15.783    175.622 121.767482     4.3329     4.6976     9.6775   999.8396     13.677      9.430 0.0000e+00
      9.616      0.000   -41.8399     2.3734     20.996 1.2353e-01     15.783    175.610 121.751385     4.2814     4.5691     9.6738   999.8399     13.678      9.431 0.0000e+00
      9.616 1.8474e-08   -42.2688     2.3985     20.894 1.2359e-01     15.784    175.665 121.783331     4.2415     4.4687     9.6704   999.8401     13.678      9.430 0.0000e+00
      9.616 2.0321e-07   -42.4276     2.4082     20.861 1.2364e-01     15.784    175.844 121.898807     4.2316     4.4102     9.6675   999.8402     13.678      9.430 0.0000e+00
      9.617 2.0321e-07   -42.4693     2.4018     20.916 1.2366e-01     15.784    176.097 122.064164     4.2087     4.3763     9.6649   999.8404     13.678      9.431 0.0000e+00
      9.617 1.8474e-08   -42.5156     2.3885     21.021 1.2361e-01     15.784    176.290 122.189349     4.1660     4.3681     9.6630   999.8406     13.678      9.431 0.0000e+00
      9.617 1.6794e-09   -42.3844     2.3722     21.078 1.2356e-01     15.784    176.407 122.265235     4.1438     4.3800     9.6614   999.8407     13.678      9.431 0.0000e+00
      9.617 1.5267e-10   -42.0870     2.3696     21.078 1.2356e-01     15.784    176.524 122.344366     4.1402     4.4168     9.6590   999.8410     13.678      9.431 0.0000e+00
      9.616 1.3880e-11   -42.0176     2.3752     21.068 1.2356e-01     15.784    176.670 122.445064     4.1226     4.4350     9.6557   999.8415     13.678      9.430 0.0000e+00
      9.616 1.2618e-12   -41.9755     2.3947     21.038 1.2354e-01     15.784    176.788 122.526764     4.1035     4.3951     9.6531   999.8417     13.678      9.430 0.0000e+00
      9.617 1.1471e-13   -42.0086     2.4018     21.035 1.2355e-01     15.784    176.847 122.567409     4.1095     4.3807     9.6517   999.8418     13.678      9.431 0.0000e+00
      9.617 1.0428e-14   -41.9873     2.3945     21.052 1.2365e-01     15.784    176.829 122.554097     4.1184     4.3627     9.6513   999.8419     13.679      9.431 0.0000e+00
      9.617 9.4800e-16   -41.8047     2.4011     21.056 1.2369e-01     15.783    176.740 122.493277     4.1054     4.2806     9.6513   999.8420     13.679      9.431 0.0000e+00
      9.617 8.6180e-17   -41.6931     2.3897     21.081 1.2362e-01     15.782    176.702 122.469375     4.0960     4.2126     9.6513   999.8420     13.679      9.431 0.0000e+00
      9.617 7.8345e-18   -41.6700     2.3916     21.123 1.2358e-01     15.782    176.768 122.520036     4.0996     4.1930     9.6511   999.8420     13.679      9.431 0.0000e+00
      9.617 7.1225e-19   -42.0417     2.3981     21.156 1.2359e-01     15.782    176.872 122.595947     4.1014     4.1814     9.6509   999.8421     13.678      9.431 0.0000e+00
      9.617 6.4750e-20   -42.7458     2.3917     21.111 1.2362e-01     15.782    176.905 122.622420     4.0980     4.1750     9.6509   999.8420     13.679      9.431 0.0000e+00
      9.617 5.8856e-21   -43.4727     2.3993     21.021 1.2362e-01     15.782    176.848 122.585195     4.0876     4.1845     9.6518   999.8419     13.679      9.431 0.0000e+00
      9.617 5.2610e-22   -44.1192     2.4007     21.009 1.2359e-01     15.782    176.762 122.528255     4.0811     4.2275     9.6533   999.8418     13.679      9.431 0.0000e+00
      9.618 -5.034e-23   -44.4539     2.4112     21.061 1.2359e-01     15.782    176.635 122.443832     4.0859     4.2476     9.6544   999.8418     13.679      9.432 0.0000e+00
      9.618 -1.084e-21   -44.6803     2.4058     21.140 1.2365e-01     15.782    176.464 122.329250     4.0787     4.1533     9.6554   999.8417     13.679      9.432 0.0000e+00
      9.618 -1.198e-20   -44.7050     2.3833     21.151 1.2366e-01     15.782    176.310 122.226314     4.0514     4.0486     9.6560   999.8416     13.679      9.432 0.0000e+00
      9.617 -1.318e-19   -44.4097     2.3892     21.031 1.2364e-01     15.783    176.200 122.155229     4.0326     4.0459     9.6567   999.8415     13.679      9.431 0.0000e+00
      9.617 -1.449e-18   -44.4648     2.3934     20.976 1.2361e-01     15.783    176.124 122.107088     4.0335     4.0529     9.6578   999.8414     13.679      9.431 0.0000e+00
      9.618 -1.594e-17   -44.6832     2.4053     21.061 1.2360e-01     15.783    176.092 122.090370     4.0424     3.9606     9.6589   999.8413     13.679      9.432 0.0000e+00
      9.618 -1.754e-16   -44.5544     2.4170     21.132 1.2366e-01     15.782    176.068 122.080564     4.0355     3.8227     9.6601   999.8411     13.680      9.432 0.0000e+00
      9.618 -1.929e-15   -44.1989     2.3873     21.203 1.2369e-01     15.782    176.017 122.052259     4.0260     3.7243     9.6615   999.8409     13.679      9.432 0.0000e+00
      9.618 -2.122e-14   -43.8262     2.3736     21.246 1.2363e-01     15.782    175.934 122.003071     4.0326     3.6981     9.6628   999.8408     13.679      9.432 0.0000e+00
      9.618 -2.334e-13   -43.7476     2.4026     21.201 1.2360e-01     15.782    175.819 121.931963     4.0197     3.7118     9.6643   999.8407     13.680      9.432 0.0000e+00
      9.618 -2.567e-12   -43.7649     2.4003     21.196 1.2359e-01     15.782    175.749 121.893543     4.0142     3.6839     9.6661   999.8405     13.680      9.432 0.0000e+00
      9.618 -2.824e-11   -43.8634     2.4094     21.184 1.2356e-01     15.783    175.775 121.920936     4.0510     3.6709     9.6683   999.8403     13.680      9.432 0.0000e+00
      9.618 -3.107e-10   -44.3356     2.4267     21.128 1.2356e-01     15.784    175.890 122.008265     4.0832     3.7252     9.6706   999.8401     13.680      9.432 0.0000e+00
      9.618 -3.417e-09   -45.0867     2.4020     21.113 1.2356e-01     15.784    176.044 122.120927     4.0784     3.7567     9.6730   999.8398     13.680      9.432 0.0000e+00
      9.618 -3.759e-08   -45.8030     2.4118     21.126 1.2358e-01     15.783    176.153 122.199688     4.0796     3.8124     9.6758   999.8396     13.679      9.432 0.0000e+00
      9.618 -4.135e-07   -46.4580     2.4134     21.173 1.2363e-01     15.782    176.146 122.195784     4.1075     3.9515     9.6787   999.8394     13.680      9.432 0.0000e+00
      9.618     -0.000   -47.9300     2.3954     21.235 1.2365e-01     15.782    175.974 122.073719     4.1209     4.0316     9.6811   999.8392     13.680      9.432 0.0000e+00
      9.618     -0.000   -50.6086     2.4020     21.265 1.2364e-01     15.783    175.595 121.807258     4.1170     4.0252     9.6827   999.8391     13.680      9.432 0.0000e+00
      9.618     -0.001   -54.1516     2.3982     21.264 1.2363e-01     15.784    175.000 121.395793     4.1555     4.0466     9.6836   999.8391     13.680      9.432 0.0000e+00
      9.618     -0.001   -58.5896     2.4058     21.234 1.2360e-01     15.784    174.478 121.049986     4.2333     4.1183     9.6841   999.8390     13.679      9.431 0.0000e+00
      9.618     -0.002   -62.1083     2.4166     21.208 1.2354e-01     15.784    174.083 120.812613     4.2658     4.1705     9.6833   999.8390     13.680      9.432 0.0000e+00
      9.617     -0.003   -62.7104     2.4172     21.226 1.2353e-01     15.783    174.377 121.074861     4.2724     4.1973     9.6814   999.8391     13.679      9.431 0.0000e+00
      9.616     -0.003   -61.8255     2.4198     21.302 1.2352e-01     15.782    176.495 122.627496     4.4276     4.5448     9.6807   999.8388     13.677      9.430 0.0000e+00
      9.615     -0.002   -60.9605     2.4128     21.375 1.2347e-01     15.780    179.018 124.480772     4.7206     5.2137     9.6843   999.8384     13.676      9.429 0.0000e+00
      9.614      0.000   -60.5102     2.4088     21.411 1.2349e-01     15.780    179.288 124.744657     4.8881     5.5907     9.6951   999.8374     13.674      9.428 0.0000e+00
      9.614      0.002   -61.1140     2.4075     21.463 1.2355e-01     15.780    176.866 123.077545     4.9360     5.6694     9.7122   999.8356     13.672      9.427 0.0000e+00
      9.614      0.004   -62.4098     2.4184     21.499 1.2360e-01     15.780    173.495 120.703852     5.2622     5.9936     9.7335   999.8348     13.673      9.427 0.0000e+00
      9.616      0.006   -63.0133     2.4292     21.488 1.2360e-01     15.780    171.562 119.306420     5.8469     6.5578     9.7670   999.8334     13.678      9.430 0.0000e+00
      9.620      0.006   -62.9916     2.4235     21.438 1.2357e-01     15.779    171.830 119.436571     6.1592     6.8608     9.7948   999.8312     13.682      9.434 0.0000e+00
      9.622      0.006   -63.3521     2.4349     21.372 1.2357e-01     15.779    173.047 120.238316     6.1967     6.8761     9.7951   999.8301     13.685      9.436 0.0000e+00
      9.623      0.005   -63.8431     2.4405     21.357 1.2360e-01     15.780    174.063 120.907216     6.2906     6.8116     9.7862   999.8292     13.687      9.437 0.0000e+00
      9.623      0.003   -64.1965     2.4378     21.394 1.2367e-01     15.781    174.553 121.215232     6.4447     6.6642     9.7690   999.8298     13.688      9.437 0.0000e+00
      9.624      0.002   -64.4417     2.4360     21.418 1.2370e-01     15.781    174.693 121.285903     6.5256     6.5699     9.7495   999.8319     13.689      9.438 0.0000e+00
      9.624      0.001   -64.4845     2.4219     21.404 1.2369e-01     15.782    175.224 121.634216     6.5336     6.5645     9.7390   999.8333     13.689      9.438 0.0000e+00
      9.624      0.001   -64.5428     2.4226     21.397 1.2371e-01     15.782    175.841 122.048891     6.5031     6.4965     9.7286   999.8346     13.688      9.438 0.0000e+00
      9.624      0.001   -64.4573     2.4306     21.418 1.2369e-01     15.782    175.357 121.711084     6.4426     6.3647     9.7182   999.8357     13.688      9.438 0.0000e+00
      9.625      0.001   -64.2260     2.4357     21.452 1.2360e-01     15.781    174.312 120.991245     6.4131     6.3101     9.7112   999.8361     13.690      9.439 0.0000e+00
      9.625      0.001   -64.0688     2.4312     21.503 1.2353e-01     15.781    174.128 120.865485     6.4133     6.3512     9.7054   999.8369     13.691      9.439 0.0000e+00
      9.625      0.001   -63.8474     2.4288     21.529 1.2348e-01     15.782    174.263 120.955290     6.4262     6.4154     9.7005   999.8379     13.690      9.439 0.0000e+00
      9.625      0.001   -63.7854     2.4347     21.500 1.2345e-01     15.782    173.403 120.356375     6.4449     6.4688     9.7005   999.8376     13.690      9.439 0.0000e+00
      9.626      0.000   -63.7494     2.4349     21.455 1.2349e-01     15.781    172.334 119.614326     6.4489     6.4823     9.7038   999.8365     13.691      9.440 0.0000e+00
      9.626 1.8628e-08   -63.4988     2.4440     21.404 1.2358e-01     15.780    173.095 120.140125     6.4459     6.4399     9.7046   999.8365     13.691      9.440 0.0000e+00
      9.626 2.0490e-07   -63.2499     2.4504     21.386 1.2361e-01     15.780    175.965 122.125241     6.4754     6.4379     9.7022   999.8371     13.691      9.440 0.0000e+00
      9.626 2.0490e-07   -63.1496     2.4415     21.441 1.2361e-01     15.781    178.390 123.796206     6.5291     6.5263     9.7016   999.8367     13.691      9.439 0.0000e+00
      9.626 1.8627e-08   -63.4043     2.4389     21.486 1.2362e-01     15.782    178.655 123.964476     6.5520     6.5821     9.7020   999.8359     13.691      9.440 0.0000e+00
      9.626 1.6934e-09   -63.7485     2.4318     21.486 1.2358e-01     15.782    177.955 123.458786     6.5512     6.5969     9.7021   999.8360     13.691      9.440 0.0000e+00
      9.626 1.5395e-10   -63.9554     2.4236     21.471 1.2353e-01     15.782    177.556 123.163320     6.5478     6.6029     9.6999   999.8377     13.691      9.440 0.0000e+00
      9.626 1.3995e-11   -64.0991     2.4385     21.428 1.2355e-01     15.782    177.529 123.132660     6.5304     6.6546     9.6957   999.8393     13.690      9.439 0.0000e+00
      9.626 1.2723e-12   -64.1097     2.4451     21.414 1.2356e-01     15.783    177.655 123.215537     6.5024     6.7758     9.6923   999.8394     13.692      9.440 0.0000e+00
      9.626 1.1566e-13   -64.2554     2.4401     21.431 1.2356e-01     15.783    177.736 123.273080     6.4969     6.8323     9.6860   999.8395     13.691      9.440 0.0000e+00
