Data/DataNotYetUploadedToEDI/Raw_CTD/RawDownloads/072125_fcr50_S7809001.cnv
* Sea-Bird SBE19plus  Data File:
* FileName = C:\R\Reservoirs\Data\DataNotYetUploadedToEDI\Raw_CTD\RawDownloads\072125_fcr50_S7809_0001.hex
* Software version 2.8.0.119
* Temperature SN = 7809
* Conductivity SN = 7809
* System UpLoad Time = Jul 21 2025 18:14:25
* <ApplicationData>
* <Seaterm232>
# nquan = 15
# nvalues = 2132                        
# units = specified
# name 0 = depFM: Depth [fresh water, m]
# name 1 = dz/dtM: Descent Rate [m/s]
# name 2 = sbeox0Mg/L: Oxygen, SBE 43 [mg/l]
# name 3 = sbeox0PS: Oxygen, SBE 43 [% saturation]
# name 4 = specc: Specific Conductance [uS/cm]
# name 5 = c0uS/cm: Conductivity [uS/cm]
# name 6 = flECO-AFL: Fluorescence, WET Labs ECO-AFL/FL [mg/m^3]
# name 7 = ph: pH
# name 8 = orp: Oxidation Reduction Potential [mV]
# name 9 = par/sat/log: PAR/Logarithmic, Satlantic
# name 10 = turbWETntu0: Turbidity, WET Labs ECO [NTU]
# name 11 = prdM: Pressure, Strain Gauge [db]
# name 12 = prdE: Pressure, Strain Gauge [psi]
# name 13 = tv290C: Temperature [ITS-90, deg C]
# name 14 = flag:  0.000e+00
# span 0 =     -0.652,      9.757       
# span 1 =     -2.803,      0.305       
# span 2 =    -0.5462,     8.5064       
# span 3 =     -4.847,    107.124       
# span 4 =      0.606,    310.054       
# span 5 =   0.649223, 226.763820       
# span 6 =    -0.0949,    12.3143       
# span 7 =      7.063,      9.367       
# span 8 = -1240.7455,   363.0359       
# span 9 = 1.2346e-01, 4.6393e+02       
# span 10 =    -0.1704,   332.5916      
# span 11 =     -0.640,      9.569      
# span 12 =     -0.928,     13.879      
# span 13 =    11.4051,    28.5641      
# span 14 = 0.0000e+00, 0.0000e+00      
# interval = seconds: 0.25
# start_time = Jul 21 2025 11:17:49 [Instrument's time stamp, header]
# bad_flag = -9.990e-29
*END*
[from data line 1543]
      9.599     -0.020     0.0669      0.588    307.740 224.824518    -0.0189      9.063  -217.8521 1.2353e-01    11.2491      9.413     13.653    11.5225 0.0000e+00
      9.593     -0.020     0.0659      0.606    307.800 224.873253    -0.0311      9.066  -212.9606 1.2363e-01    14.9263      9.406     13.642    11.5232 0.0000e+00
      9.588     -0.019     0.0637      0.608    307.851 224.916196    -0.0132      9.068  -209.1161 1.2368e-01    15.3353      9.402     13.636    11.5240 0.0000e+00
      9.584     -0.017     0.0634      0.568    307.901 224.959480     0.0143      9.068  -205.1820 1.2369e-01    16.6387      9.399     13.632    11.5248 0.0000e+00
      9.580     -0.014     0.0632      0.533    307.966 225.012338     0.0096      9.068  -200.0680 1.2374e-01    18.8659      9.396     13.626    11.5255 0.0000e+00
      9.577     -0.011     0.0659      0.533    308.001 225.042952    -0.0033      9.069  -194.1741 1.2375e-01    20.0604      9.391     13.621    11.5264 0.0000e+00
      9.573     -0.009     0.0696      0.535    308.036 225.073452     0.0167      9.072  -188.7264 1.2369e-01    20.4580      9.388     13.615    11.5273 0.0000e+00
      9.571     -0.009     0.0611      0.540    308.100 225.124931     0.0682      9.073  -184.2757 1.2362e-01    23.0243      9.386     13.613    11.5283 0.0000e+00
      9.571     -0.010     0.0552      0.540    308.132 225.153024     0.1279      9.075  -179.9389 1.2360e-01    27.5534      9.385     13.613    11.5292 0.0000e+00
      9.570     -0.012     0.0596      0.529    308.131 225.156952     0.1558      9.077  -175.4388 1.2364e-01    29.9579      9.386     13.612    11.5299 0.0000e+00
      9.569     -0.016     0.0573      0.537    308.146 225.172437     0.1644      9.078  -171.2498 1.2362e-01    29.7911      9.384     13.610    11.5309 0.0000e+00
      9.565     -0.020     0.0590      0.558    308.193 225.212166     0.1239      9.078  -166.9757 1.2356e-01    25.3661      9.381     13.606    11.5316 0.0000e+00
      9.557     -0.022     0.0602      0.565    308.242 225.253051     0.0248      9.079  -162.5647 1.2354e-01    17.0710      9.372     13.595    11.5323 0.0000e+00
      9.547     -0.022     0.0558      0.548    308.275 225.282499    -0.0353      9.081  -158.5269 1.2360e-01    12.4347      9.361     13.577    11.5331 0.0000e+00
      9.538     -0.020     0.0578      0.522    308.308 225.312043    -0.0462      9.081  -154.8072 1.2363e-01    12.1449      9.352     13.564    11.5339 0.0000e+00
      9.534     -0.015     0.0617      0.514    308.359 225.354089    -0.0401      9.082  -151.1452 1.2363e-01    14.2496      9.348     13.559    11.5348 0.0000e+00
      9.533     -0.010     0.0623      0.514    308.424 225.406603    -0.0277      9.083  -147.5478 1.2364e-01    18.1731      9.348     13.558    11.5355 0.0000e+00
      9.533     -0.008     0.0607      0.511    308.455 225.434625    -0.0129      9.085  -143.7483 1.2364e-01    20.4373      9.349     13.560    11.5364 0.0000e+00
      9.534     -0.013     0.0552      0.518    308.450 225.436725     0.0137      9.087  -139.7068 1.2363e-01    21.2324      9.350     13.561    11.5373 0.0000e+00
      9.534     -0.029     0.0557      0.518    308.435 225.432012     0.0531      9.088  -136.1964 1.2358e-01    26.2828      9.350     13.561    11.5381 0.0000e+00
      9.532     -0.056     0.0571      0.511    308.440 225.441694     0.1054      9.089  -133.6544 1.2354e-01    35.4548      9.351     13.562    11.5390 0.0000e+00
      9.522     -0.088     0.0540      0.523    308.498 225.489765     0.1459      9.089  -131.2559 1.2357e-01    40.6512      9.343     13.551    11.5398 0.0000e+00
      9.498     -0.115     0.0572      0.541    308.592 225.564921     0.1605      9.089  -127.3295 1.2363e-01    42.0742      9.320     13.518    11.5408 0.0000e+00
      9.456     -0.129     0.0572      0.536    308.694 225.645902     0.2486      9.090  -122.7476 1.2365e-01    51.7043      9.279     13.458    11.5418 0.0000e+00
      9.401     -0.124     0.0542      0.525    308.759 225.700341     0.4291      9.091  -120.2522 1.2362e-01    69.2299      9.220     13.371    11.5427 0.0000e+00
      9.347     -0.105     0.0561      0.510    308.766 225.710770     0.5364      9.093  -119.0118 1.2360e-01    78.7360      9.157     13.280    11.5436 0.0000e+00
      9.317     -0.078     0.0611      0.493    308.756 225.707962     0.5554      9.094  -117.8172 1.2363e-01    79.7408      9.124     13.233    11.5446 0.0000e+00
      9.316     -0.054     0.0579      0.491    308.781 225.730447     0.6429      9.095  -116.7359 1.2367e-01    81.7543      9.132     13.244    11.5457 0.0000e+00
      9.329     -0.046     0.0569      0.498    308.857 225.790497     0.8024      9.096  -114.5419 1.2368e-01    85.2841      9.152     13.273    11.5468 0.0000e+00
      9.338     -0.061     0.0565      0.502    308.942 225.857614     0.8948      9.097  -110.9061 1.2365e-01    87.2691      9.162     13.289    11.5477 0.0000e+00
      9.331     -0.094     0.0519      0.510    308.994 225.901504     0.9028      9.097  -106.8471 1.2368e-01    87.4453      9.159     13.284    11.5484 0.0000e+00
      9.301     -0.130     0.0537      0.531    309.035 225.936896     0.8662      9.097  -103.2374 1.2367e-01    86.4583      9.132     13.245    11.5491 0.0000e+00
      9.245     -0.151     0.0540      0.544    309.067 225.965317     0.8177      9.097   -99.9560 1.2362e-01    84.7296      9.072     13.158    11.5498 0.0000e+00
      9.175     -0.150     0.0553      0.552    309.094 225.988947     0.8000      9.098   -96.7694 1.2365e-01    83.9306      8.994     13.045    11.5507 0.0000e+00
      9.115     -0.130     0.0538      0.555    309.146 226.030468     0.7850      9.101   -94.2195 1.2369e-01    83.7659      8.926     12.947    11.5516 0.0000e+00
      9.084     -0.096     0.0590      0.532    309.213 226.083055     0.7448      9.102   -92.4425 1.2368e-01    82.0549      8.897     12.904    11.5526 0.0000e+00
      9.083     -0.059     0.0596      0.519    309.248 226.112398     0.7047      9.103   -90.7703 1.2368e-01    78.9568      8.905     12.915    11.5534 0.0000e+00
      9.092     -0.034     0.0588      0.524    309.267 226.129058     0.6754      9.104   -89.3167 1.2368e-01    77.2210      8.920     12.937    11.5540 0.0000e+00
      9.097     -0.030     0.0634      0.510    309.299 226.156410     0.6480      9.105   -87.9444 1.2371e-01    76.8838      8.923     12.941    11.5545 0.0000e+00
      9.095     -0.050     0.0564      0.490    309.335 226.186920     0.6648      9.107   -85.5348 1.2369e-01    75.9381      8.921     12.939    11.5551 0.0000e+00
      9.085     -0.085     0.0552      0.488    309.405 226.241770     0.7368      9.107   -82.7257 1.2361e-01    74.3606      8.916     12.931    11.5556 0.0000e+00
      9.060     -0.122     0.0587      0.496    309.489 226.307223     0.7858      9.107   -80.9956 1.2355e-01    73.4906      8.891     12.895    11.5561 0.0000e+00
      9.017     -0.150     0.0556      0.497    309.526 226.337838     0.7923      9.108   -78.9846 1.2355e-01    73.4466      8.846     12.830    11.5567 0.0000e+00
      8.963     -0.165     0.0521      0.493    309.546 226.355754     0.8235      9.109   -74.7588 1.2359e-01    74.0673      8.791     12.751    11.5573 0.0000e+00
      8.905     -0.165     0.0528      0.499    309.596 226.395759     0.8793      9.110   -69.9106 1.2364e-01    75.2566      8.730     12.662    11.5580 0.0000e+00
      8.853     -0.150     0.0543      0.521    309.648 226.437243     0.9009      9.111   -65.9651 1.2366e-01    75.9725      8.674     12.580    11.5587 0.0000e+00
      8.817     -0.126     0.0547      0.541    309.693 226.473047     0.8943      9.113   -62.3305 1.2363e-01    75.9596      8.641     12.533    11.5593 0.0000e+00
      8.796     -0.102     0.0528      0.535    309.738 226.508427     0.8906      9.114   -59.1767 1.2357e-01    74.4183      8.625     12.510    11.5599 0.0000e+00
      8.781     -0.085     0.0536      0.519    309.785 226.544768     0.8890      9.115   -57.0861 1.2357e-01    71.5812      8.610     12.488    11.5604 0.0000e+00
      8.769     -0.080     0.0563      0.519    309.847 226.592201     0.8748      9.117   -55.0358 1.2366e-01    69.9398      8.600     12.473    11.5609 0.0000e+00
      8.755     -0.084     0.0605      0.518    309.900 226.633591     0.8442      9.117   -51.1639 1.2373e-01    69.2613      8.589     12.459    11.5614 0.0000e+00
      8.733     -0.090     0.0592      0.509    309.934 226.660931     0.8105      9.118   -45.4605 1.2370e-01    65.0516      8.567     12.427    11.5617 0.0000e+00
      8.703     -0.091     0.0543      0.501    309.939 226.666576     0.7832      9.119   -40.6265 1.2366e-01    57.5382      8.536     12.380    11.5621 0.0000e+00
      8.669     -0.087     0.0573      0.496    309.898 226.637791     0.7729      9.121   -38.6614 1.2367e-01    53.4996      8.501     12.331    11.5624 0.0000e+00
      8.639     -0.084     0.0566      0.491    309.889 226.633151     0.7938      9.121   -37.7031 1.2367e-01    53.4886      8.466     12.279    11.5628 0.0000e+00
      8.623     -0.084     0.0554      0.489    309.943 226.674530     0.8444      9.122   -35.0625 1.2367e-01    56.3126      8.450     12.255    11.5632 0.0000e+00
      8.618     -0.091     0.0540      0.493    309.961 226.689764     0.8851      9.123   -32.0291 1.2362e-01    61.3411      8.454     12.261    11.5635 0.0000e+00
      8.610     -0.101     0.0541      0.485    309.958 226.689257     0.8956      9.124   -29.4199 1.2362e-01    64.0392      8.451     12.257    11.5638 0.0000e+00
      8.583     -0.108     0.0536      0.479    310.014 226.732464     0.8955      9.125   -25.7989 1.2365e-01    64.2382      8.424     12.219    11.5640 0.0000e+00
      8.538     -0.110     0.0522      0.480    310.054 226.763820     0.8922      9.127   -23.5249 1.2365e-01    63.8159      8.375     12.147    11.5643 0.0000e+00
      8.488     -0.104     0.0550      0.469    310.030 226.748138     0.8725      9.129   -23.3480 1.2366e-01    62.9984      8.319     12.066    11.5646 0.0000e+00
      8.451     -0.088     0.0525      0.464    310.010 226.735005     0.8405      9.130   -21.8539 1.2365e-01    62.4834      8.277     12.004    11.5650 0.0000e+00
      8.438     -0.063     0.0511      0.489    310.005 226.733134     0.8304      9.131   -18.3656 1.2364e-01    62.3366      8.268     11.992    11.5653 0.0000e+00
      8.440     -0.040     0.0534      0.509    309.991 226.725518     0.8833      9.132   -15.2429 1.2366e-01    62.6929      8.279     12.007    11.5656 0.0000e+00
      8.443     -0.028     0.0510      0.501    309.962 226.706969     0.9721      9.133   -13.2651 1.2367e-01    63.4781      8.281     12.012    11.5659 0.0000e+00
      8.442     -0.036     0.0480      0.490    309.950 226.701024     1.0131      9.133   -10.9711 1.2363e-01    63.8710      8.279     12.008    11.5661 0.0000e+00
      8.439     -0.060     0.0535      0.486    309.968 226.717696     1.0212      9.134    -7.7260 1.2357e-01    63.7203      8.278     12.006    11.5665 0.0000e+00
      8.427     -0.088     0.0576      0.497    309.961 226.716415     0.9789      9.134    -4.4869 1.2358e-01    60.7333      8.270     11.995    11.5669 0.0000e+00
      8.398     -0.108     0.0536      0.513    309.914 226.685543     0.8594      9.135    -2.0071 1.2363e-01    54.9127      8.243     11.955    11.5673 0.0000e+00
      8.352     -0.117     0.0534      0.495    309.880 226.664679     0.7922      9.137    -0.4566 1.2364e-01    51.6535      8.194     11.885    11.5678 0.0000e+00
      8.301     -0.118     0.0523      0.465    309.865 226.656309     0.7992      9.139    -0.3671 1.2361e-01    51.3181      8.135     11.798    11.5684 0.0000e+00
      8.265     -0.115     0.0527      0.453    309.850 226.648402     0.7685      9.139     0.0217 1.2362e-01    49.6968      8.096     11.742    11.5690 0.0000e+00
      8.250     -0.115     0.0588      0.454    309.825 226.633135     0.6870      9.139     3.5558 1.2369e-01    46.6018      8.088     11.731    11.5696 0.0000e+00
      8.242     -0.119     0.0540      0.463    309.774 226.599826     0.6384      9.140     8.5497 1.2369e-01    44.9145      8.088     11.731    11.5702 0.0000e+00
      8.223     -0.128     0.0492      0.463    309.722 226.565931     0.6381      9.141    11.8758 1.2368e-01    44.8716      8.071     11.707    11.5706 0.0000e+00
      8.184     -0.138     0.0493      0.455    309.687 226.543581     0.6583      9.142    13.6578 1.2372e-01    46.8345      8.032     11.650    11.5710 0.0000e+00
      8.129     -0.145     0.0485      0.459    309.652 226.521741     0.7083      9.144    14.6091 1.2374e-01    50.5779      7.974     11.564    11.5717 0.0000e+00
      8.073     -0.148     0.0510      0.467    309.609 226.494031     0.7513      9.145    14.6025 1.2372e-01    52.6249      7.909     11.471    11.5723 0.0000e+00
      8.033     -0.145     0.0514      0.475    309.564 226.464736     0.7711      9.145    14.0941 1.2366e-01    52.7296      7.870     11.415    11.5729 0.0000e+00
      8.011     -0.138     0.0480      0.491    309.502 226.423759     0.7560      9.147    14.4846 1.2363e-01    51.1261      7.855     11.394    11.5736 0.0000e+00
      7.991     -0.129     0.0499      0.503    309.441 226.382893     0.7181      9.149    16.3986 1.2366e-01    47.9933      7.841     11.372    11.5741 0.0000e+00
      7.961     -0.119     0.0513      0.502    309.398 226.354923     0.7207      9.150    19.0811 1.2362e-01    46.3458      7.811     11.329    11.5746 0.0000e+00
      7.920     -0.110     0.0505      0.487    309.376 226.341785     0.7387      9.151    21.7957 1.2356e-01    46.3395      7.767     11.266    11.5752 0.0000e+00
      7.879     -0.103     0.0541      0.480    309.386 226.352148     0.7274      9.152    24.3548 1.2355e-01    46.2432      7.722     11.199    11.5758 0.0000e+00
      7.851     -0.099     0.0548      0.476    309.382 226.352125     0.7005      9.153    26.3621 1.2357e-01    45.9329      7.692     11.156    11.5765 0.0000e+00
      7.839     -0.097     0.0558      0.469    309.363 226.341516     0.6873      9.155    28.0834 1.2360e-01    45.7312      7.686     11.148    11.5770 0.0000e+00
      7.832     -0.101     0.0521      0.483    309.373 226.351984     0.6754      9.155    30.9708 1.2363e-01    45.6155      7.687     11.148    11.5776 0.0000e+00
      7.813     -0.111     0.0517      0.505    309.367 226.350606     0.6573      9.155    34.2576 1.2368e-01    45.6268      7.669     11.121    11.5782 0.0000e+00
      7.778     -0.120     0.0531      0.516    309.328 226.324870     0.6591      9.156    36.1615 1.2372e-01    45.8672      7.630     11.066    11.5785 0.0000e+00
      7.733     -0.124     0.0491      0.521    309.288 226.297015     0.6725      9.158    36.9545 1.2370e-01    46.0292      7.584     11.000    11.5790 0.0000e+00
      7.685     -0.122     0.0523      0.515    309.248 226.270007     0.6861      9.159    36.9627 1.2365e-01    46.0827      7.533     10.927    11.5796 0.0000e+00
      7.647     -0.116     0.0561      0.507    309.225 226.254520     0.6987      9.160    36.9490 1.2367e-01    46.5477      7.490     10.863    11.5801 0.0000e+00
      7.630     -0.108     0.0555      0.503    309.201 226.237872     0.7248      9.161    38.2510 1.2365e-01    47.4153      7.477     10.843    11.5806 0.0000e+00
      7.622     -0.097     0.0577      0.486    309.144 226.196818     0.7688      9.163    40.4872 1.2357e-01    47.9998      7.480     10.850    11.5809 0.0000e+00
      7.603     -0.084     0.0560      0.462    309.071 226.142430     0.7986      9.164    43.0794 1.2355e-01    48.2512      7.465     10.827    11.5811 0.0000e+00
