Data/DataNotYetUploadedToEDI/Raw_CTD/RawDownloads/072125_bvr50_S8188006.cnv
* Sea-Bird SBE19plus  Data File:
* FileName = C:\R\Reservoirs\Data\DataNotYetUploadedToEDI\Raw_CTD\RawDownloads\071425_bvr50_S8188_0006.hex
* Software version 2.8.0.119
* Temperature SN = 8188
* Conductivity SN = 8188
* System UpLoad Time = Aug 21 2025 13:37:16
* <ApplicationData>
* <Seaterm232>
# nquan = 16
# nvalues = 1315                        
# units = specified
# name 0 = depFM: Depth [fresh water, m]
# name 1 = dz/dtM: Descent Rate [m/s]
# name 2 = sbeox0Mg/L: Oxygen, SBE 43 [mg/l]
# name 3 = sbeox0PS: Oxygen, SBE 43 [% saturation]
# name 4 = specc: Specific Conductance [uS/cm]
# name 5 = c0uS/cm: Conductivity [uS/cm]
# name 6 = wetCDOM: Fluorescence, WET Labs CDOM [mg/m^3]
# name 7 = flECO-AFL: Fluorescence, WET Labs ECO-AFL/FL [mg/m^3]
# name 8 = flECO-AFL1: Fluorescence, WET Labs ECO-AFL/FL, 2 [mg/m^3]
# name 9 = flECO-AFL2: Fluorescence, WET Labs ECO-AFL/FL, 3 [mg/m^3]
# name 10 = par/sat/log: PAR/Logarithmic, Satlantic
# name 11 = turbWETntu0: Turbidity, WET Labs ECO [NTU]
# name 12 = prdM: Pressure, Strain Gauge [db]
# name 13 = prdE: Pressure, Strain Gauge [psi]
# name 14 = tv290C: Temperature [ITS-90, deg C]
# name 15 = flag:  0.000e+00
# span 0 =     -0.727,      5.792       
# span 1 =     -0.215,      0.163       
# span 2 =     2.1810,     6.5287       
# span 3 =     25.250,     69.894       
# span 4 =   -540.678,     89.004       
# span 5 =-502.799866,  85.897416       
# span 6 =    -0.0900,    58.2300       
# span 7 =    -0.3075,    54.2550       
# span 8 =    -0.0426,     0.8520       
# span 9 =    -0.3384,    13.6629       
# span 10 = 1.1580e-01, 3.6952e+02      
# span 11 =    -1.2159,    76.3707      
# span 12 =     -0.712,      5.680      
# span 13 =     -1.033,      8.238      
# span 14 =    18.5436,    24.4965      
# span 15 = 0.0000e+00, 0.0000e+00      
# interval = seconds: 0.25
# start_time = Jul 21 2025 10:09:01 [Instrument's time stamp, header]
# bad_flag = -9.990e-29
*END*
[from data line 452]
     -0.187      0.001     3.9686     47.119     87.392  85.193371    21.8700     5.9449     0.1704     1.3113 2.0444e+02     5.6424     -0.183     -0.266    23.6908 0.0000e+00
     -0.187      0.001     3.9684     47.256     87.388  85.209924    21.8700     5.9754     0.1704     1.3113 2.0551e+02     5.6424     -0.183     -0.265    23.7021 0.0000e+00
     -0.187      0.001     3.9713     47.423     87.395  85.236327    21.8700     6.2387     0.1704     1.3113 2.0484e+02     5.6877     -0.183     -0.265    23.7135 0.0000e+00
     -0.186      0.001     3.9769     47.611     87.399  85.259652    21.8700     6.1929     0.1704     1.3113 2.0497e+02     5.6726     -0.182     -0.264    23.7250 0.0000e+00
     -0.186      0.001     3.9850     47.803     87.407  85.286121    21.7800     6.2158     0.1278     1.2267 2.0681e+02     5.5064     -0.182     -0.264    23.7366 0.0000e+00
     -0.186      0.001     3.9957     47.977     87.418  85.314804    21.7800     6.2158     0.1278     1.2267 2.0663e+02     5.7028     -0.182     -0.264    23.7481 0.0000e+00
     -0.185      0.001     4.0089     48.115     87.412  85.325395    21.7800     5.9297     0.1278     1.2267 2.0582e+02     5.6424     -0.181     -0.263    23.7594 0.0000e+00
     -0.185      0.001     4.0240     48.213     87.386  85.316724    21.7800     5.8991     0.1278     1.2267 2.0560e+02     5.7481     -0.181     -0.263    23.7704 0.0000e+00
     -0.185      0.001     4.0395     48.286     87.356  85.302455    21.8700     5.9144     0.1278     1.3113 2.0497e+02     5.6877     -0.181     -0.263    23.7810 0.0000e+00
     -0.185      0.002     4.0534     48.353     87.341  85.302747    21.8700     5.9030     0.1278     1.3113 2.0497e+02     5.7028     -0.181     -0.263    23.7912 0.0000e+00
     -0.185      0.003     4.0643     48.421     87.339  85.313685    21.8700     5.8305     0.1278     1.3113 2.0591e+02     5.6424     -0.181     -0.262    23.8010 0.0000e+00
     -0.184      0.004     4.0719     48.490     87.328  85.314222    21.8700     5.8457     0.1278     1.3113 2.0798e+02     5.6877     -0.180     -0.261    23.8103 0.0000e+00
     -0.182      0.005     4.0774     48.565     87.310  85.308497    21.8700     5.8305     0.1278     1.3113 2.0780e+02     5.6424     -0.179     -0.259    23.8191 0.0000e+00
     -0.181      0.006     4.0825     48.660     87.286  85.294984    21.8700     5.8343     0.1278     1.2267 2.0587e+02     5.6877     -0.177     -0.257    23.8272 0.0000e+00
     -0.179      0.006     4.0877     48.787     87.258  85.278066    21.8700     6.0289     0.1278     1.2267 2.0413e+02     5.6122     -0.176     -0.255    23.8347 0.0000e+00
     -0.178      0.006     4.0929     48.950     87.248  85.277195    21.8700     6.0174     0.1278     1.2267 2.0440e+02     5.6424     -0.174     -0.253    23.8417 0.0000e+00
     -0.176      0.006     4.0987     49.152     87.247  85.284154    21.8700     6.0174     0.1278     1.2267 2.0663e+02     5.6122     -0.172     -0.250    23.8482 0.0000e+00
     -0.174      0.006     4.1063     49.384     87.224  85.268845    21.7800     6.0136     0.1704     1.3536 2.0857e+02     5.6424     -0.171     -0.247    23.8541 0.0000e+00
     -0.173      0.005     4.1165     49.629     87.175  85.227188    21.7800     5.8419     0.1704     1.3536 2.0993e+02     5.5518     -0.169     -0.245    23.8596 0.0000e+00
     -0.172      0.004     4.1300     49.867     87.132  85.192007    21.7800     5.8572     0.1704     1.3536 2.0993e+02     5.6122     -0.168     -0.244    23.8646 0.0000e+00
     -0.171      0.003     4.1467     50.078     87.120  85.185870    21.7800     5.8343     0.1704     1.3536 2.1002e+02     5.6122     -0.167     -0.242    23.8693 0.0000e+00
     -0.170      0.002     4.1659     50.238     87.124  85.195160    21.7800     5.8381     0.1704     1.3113 2.0957e+02     5.5820     -0.167     -0.242    23.8735 0.0000e+00
     -0.170      0.002     4.1863     50.325     87.118  85.194399    21.7800     6.0403     0.1704     1.3113 2.0875e+02     5.4007     -0.166     -0.241    23.8774 0.0000e+00
     -0.169      0.001     4.2061     50.332     87.109  85.191370    21.7800     6.0289     0.1704     1.3113 2.0889e+02     5.5216     -0.166     -0.241    23.8809 0.0000e+00
     -0.169      0.001     4.2236     50.278     87.118  85.205235    21.7800     5.9983     0.1704     1.3113 2.0930e+02     5.3705     -0.166     -0.241    23.8842 0.0000e+00
     -0.169      0.000     4.2368     50.194     87.127  85.219722    21.8700     6.0174     0.1278     1.3536 2.1007e+02     5.3856     -0.166     -0.240    23.8873 0.0000e+00
     -0.169      0.000     4.2439     50.108     87.124  85.222721    21.8700     5.8572     0.1278     1.3536 2.1089e+02     5.3705     -0.165     -0.240    23.8903 0.0000e+00
     -0.169     -0.001     4.2443     50.045     87.127  85.231005    21.8700     5.8572     0.1278     1.3536 2.1098e+02     5.2647     -0.165     -0.240    23.8933 0.0000e+00
     -0.169     -0.001     4.2395     50.025     87.133  85.242791    21.8700     5.8534     0.1278     1.3536 2.0898e+02     5.3252     -0.166     -0.241    23.8964 0.0000e+00
     -0.170     -0.001     4.2322     50.049     87.121  85.237258    21.8700     5.8305     0.1278     1.3536 2.0798e+02     5.5216     -0.167     -0.242    23.8996 0.0000e+00
     -0.171     -0.001     4.2246     50.108     87.090  85.212933    21.7800     5.6436     0.1704     1.3113 2.0830e+02     5.6424     -0.167     -0.243    23.9029 0.0000e+00
     -0.171      0.000     4.2191     50.179     87.053  85.183296    21.7800     5.6359     0.1704     1.3113 2.0739e+02     5.6424     -0.168     -0.243    23.9062 0.0000e+00
     -0.171      0.001     4.2171     50.233     87.027  85.164409    21.7800     5.6626     0.1704     1.3113 2.1126e+02     5.6122     -0.168     -0.243    23.9096 0.0000e+00
     -0.170      0.002     4.2188     50.255     87.018  85.163216    21.7800     5.6397     0.1704     1.3113 2.1343e+02     5.6877     -0.167     -0.242    23.9131 0.0000e+00
     -0.170      0.004     4.2236     50.232     87.010  85.163424    21.7800     5.7160     0.1278     1.3113 2.1320e+02     5.3856     -0.167     -0.241    23.9167 0.0000e+00
     -0.169      0.006     4.2292     50.159     86.987  85.149114    21.7800     5.7122     0.1278     1.3113 2.1218e+02     5.3101     -0.166     -0.240    23.9205 0.0000e+00
     -0.168      0.009     4.2335     50.045     86.965  85.136440    21.7800     5.7351     0.1278     1.3113 2.0735e+02     5.4158     -0.165     -0.239    23.9244 0.0000e+00
     -0.165      0.012     4.2349     49.914     86.945  85.126015    21.7800     5.6932     0.1278     1.3113 2.1103e+02     5.5064     -0.162     -0.235    23.9286 0.0000e+00
     -0.161      0.016     4.2327     49.794     86.911  85.103079    21.7800     5.8457     0.1278     1.2690 2.1306e+02     5.6575     -0.158     -0.229    23.9331 0.0000e+00
     -0.157      0.021     4.2262     49.706     86.889  85.091469    21.7800     5.8457     0.1278     1.2690 2.1250e+02     5.6575     -0.154     -0.223    23.9378 0.0000e+00
     -0.151      0.026     4.2162     49.661     86.897  85.110056    21.7800     5.8076     0.1278     1.2690 2.0943e+02     5.5216     -0.148     -0.215    23.9428 0.0000e+00
     -0.145      0.032     4.2048     49.661     86.910  85.133843    21.7800     5.8610     0.1278     1.2690 2.0395e+02     5.6575     -0.142     -0.206    23.9482 0.0000e+00
     -0.136      0.038     4.1941     49.707     86.905  85.139221    21.7800     5.4070     0.1704     1.2690 2.0730e+02     5.6273     -0.133     -0.194    23.9540 0.0000e+00
     -0.125      0.045     4.1863     49.789     86.890  85.135611    21.7800     5.3956     0.1704     1.2690 2.1581e+02     5.6122     -0.123     -0.178    23.9600 0.0000e+00
     -0.113      0.053     4.1820     49.891     86.877  85.134033    21.7800     5.4147     0.1704     1.2690 1.7033e+02     5.6122     -0.111     -0.160    23.9661 0.0000e+00
     -0.098      0.060     4.1815     49.991     86.857  85.126079    21.7800     5.4376     0.1704     1.2690 1.7767e+02     5.6877     -0.097     -0.140    23.9723 0.0000e+00
     -0.082      0.068     4.1849     50.074     86.828  85.109627    21.7800     5.3155     0.1704     1.2690 1.6696e+02     5.5669     -0.081     -0.118    23.9786 0.0000e+00
     -0.064      0.075     4.1913     50.136     86.810  85.104255    21.8700     5.3308     0.1278     1.2690 1.7055e+02     5.6273     -0.064     -0.092    23.9849 0.0000e+00
     -0.044      0.081     4.1994     50.184     86.801  85.108530    21.8700     5.3536     0.1278     1.2690 1.6609e+02     5.5971     -0.043     -0.062    23.9914 0.0000e+00
     -0.021      0.086     4.2073     50.230     86.783  85.103624    21.8700     5.3384     0.1278     1.2690 1.5134e+02     5.6726     -0.021     -0.030    23.9980 0.0000e+00
      0.003      0.088     4.2137     50.278     86.758  85.092222    21.8700     5.6016     0.1278     1.2690 1.3544e+02     5.6122      0.003      0.004    24.0048 0.0000e+00
      0.027      0.089     4.2184     50.319     86.738  85.085263    21.8700     5.6130     0.1278     1.2690 1.3386e+02     5.6273      0.026      0.038    24.0118 0.0000e+00
      0.050      0.089     4.2219     50.344     86.728  85.086883    21.8700     5.6054     0.1278     1.2690 1.3018e+02     5.6877      0.049      0.071    24.0191 0.0000e+00
      0.072      0.088     4.2252     50.353     86.716  85.087529    21.8700     5.5940     0.1278     1.2690 1.2508e+02     5.5971      0.071      0.103    24.0267 0.0000e+00
      0.094      0.087     4.2286     50.353     86.704  85.087375    21.8700     5.4337     0.1278     1.2690 1.2557e+02     5.5064      0.092      0.134    24.0342 0.0000e+00
      0.116      0.087     4.2315     50.350     86.702  85.096363    21.8700     5.4147     0.1278     1.2267 1.2777e+02     5.6122      0.113      0.164    24.0415 0.0000e+00
      0.137      0.087     4.2331     50.346     86.706  85.110901    21.8700     5.4223     0.1278     1.2267 1.2951e+02     5.6575      0.134      0.195    24.0485 0.0000e+00
      0.160      0.086     4.2332     50.349     86.715  85.128875    21.8700     5.4376     0.1278     1.2267 1.2094e+02     5.6122      0.156      0.227    24.0553 0.0000e+00
      0.183      0.084     4.2327     50.373     86.724  85.147091    21.8700     5.4185     0.1278     1.2267 1.1211e+02     5.6273      0.179      0.260    24.0618 0.0000e+00
      0.205      0.082     4.2320     50.429     86.718  85.150438    21.8700     5.4299     0.1278     1.2267 1.0006e+02     5.5518      0.202      0.292    24.0681 0.0000e+00
      0.226      0.079     4.2312     50.507     86.697  85.139808    21.8700     5.3994     0.1278     1.2267 1.0052e+02     5.5820      0.222      0.322    24.0741 0.0000e+00
      0.245      0.076     4.2310     50.582     86.680  85.132336    21.8700     5.3994     0.1278     1.2267 1.0129e+02     5.5518      0.240      0.349    24.0798 0.0000e+00
      0.262      0.072     4.2326     50.635     86.661  85.122037    21.8700     5.5825     0.1278     1.2267 9.8531e+01     5.8086      0.257      0.373    24.0853 0.0000e+00
      0.280      0.069     4.2368     50.661     86.636  85.106165    21.8700     5.5902     0.1278     1.2267 9.0662e+01     5.5820      0.275      0.399    24.0907 0.0000e+00
      0.298      0.066     4.2429     50.681     86.613  85.092467    21.8700     5.5902     0.1278     1.2267 8.4023e+01     5.5669      0.292      0.424    24.0960 0.0000e+00
      0.316      0.064     4.2489     50.716     86.589  85.077294    21.8700     5.6016     0.1278     1.2267 8.0118e+01     5.5518      0.310      0.449    24.1012 0.0000e+00
      0.332      0.062     4.2528     50.778     86.573  85.070575    21.8700     5.5940     0.1278     1.2267 8.0975e+01     5.7330      0.325      0.472    24.1063 0.0000e+00
      0.347      0.059     4.2547     50.863     86.574  85.080506    21.8700     5.5863     0.1278     1.2267 7.9892e+01     5.6575      0.340      0.494    24.1114 0.0000e+00
      0.361      0.056     4.2560     50.964     86.585  85.099749    21.8700     5.6169     0.1704     1.2690 7.7599e+01     5.6877      0.354      0.514    24.1165 0.0000e+00
      0.375      0.053     4.2585     51.074     86.605  85.127446    21.8700     5.6016     0.1704     1.2690 7.6861e+01     5.6575      0.368      0.534    24.1215 0.0000e+00
      0.389      0.052     4.2633     51.177     86.624  85.155008    21.8700     5.5863     0.1704     1.2690 7.4331e+01     5.5820      0.381      0.553    24.1264 0.0000e+00
      0.402      0.051     4.2701     51.254     86.626  85.165823    21.8700     5.5863     0.1704     1.2690 7.4736e+01     5.5216      0.393      0.571    24.1314 0.0000e+00
      0.414      0.052     4.2781     51.299     86.614  85.162774    21.8700     5.6207     0.1278     1.3113 7.5569e+01     5.6424      0.405      0.588    24.1364 0.0000e+00
      0.426      0.055     4.2870     51.312     86.604  85.161025    21.8700     5.5863     0.1278     1.3113 7.6494e+01     5.6877      0.417      0.605    24.1414 0.0000e+00
      0.439      0.059     4.2952     51.297     86.599  85.164102    21.8700     5.6016     0.1278     1.3113 7.6196e+01     5.7028      0.430      0.624    24.1464 0.0000e+00
      0.454      0.063     4.3012     51.265     86.583  85.156852    21.8700     5.6245     0.1278     1.3113 6.9368e+01     5.5820      0.445      0.646    24.1513 0.0000e+00
      0.471      0.069     4.3046     51.234     86.558  85.141335    21.8700     5.6016     0.1278     1.3113 6.5772e+01     5.5820      0.462      0.671    24.1562 0.0000e+00
      0.490      0.074     4.3053     51.217     86.542  85.133382    21.9600     5.6207     0.1704     1.3113 6.3898e+01     5.5971      0.480      0.697    24.1611 0.0000e+00
      0.510      0.080     4.3037     51.210     86.530  85.130874    21.9600     5.6550     0.1704     1.3113 6.2267e+01     5.6122      0.500      0.725    24.1659 0.0000e+00
      0.530      0.086     4.3006     51.206     86.516  85.125154    21.9600     5.6512     0.1704     1.3113 5.9891e+01     5.6273      0.520      0.755    24.1708 0.0000e+00
      0.553      0.092     4.2976     51.208     86.499  85.116694    21.9600     5.6588     0.1704     1.3113 5.6528e+01     5.6424      0.542      0.786    24.1757 0.0000e+00
      0.576      0.098     4.2958     51.220     86.495  85.121211    21.9600     5.6932     0.1704     1.1421 5.6811e+01     5.5064      0.565      0.820    24.1806 0.0000e+00
      0.602      0.104     4.2949     51.238     86.507  85.141906    21.9600     6.0174     0.1704     1.1421 5.5445e+01     5.8690      0.590      0.856    24.1854 0.0000e+00
      0.630      0.108     4.2941     51.256     86.519  85.162331    21.9600     6.0289     0.1704     1.1421 5.0160e+01     5.8841      0.618      0.896    24.1903 0.0000e+00
      0.660      0.111     4.2939     51.266     86.528  85.179948    21.9600     6.0174     0.1704     1.1421 4.6365e+01     5.8086      0.647      0.939    24.1951 0.0000e+00
      0.690      0.111     4.2945     51.276     86.530  85.191465    21.8700     6.0441     0.1704     1.2690 4.3610e+01     5.9294      0.677      0.982    24.2001 0.0000e+00
      0.720      0.109     4.2957     51.301     86.517  85.187974    21.8700     6.0479     0.1704     1.2690 4.1107e+01     6.7603      0.706      1.024    24.2051 0.0000e+00
      0.748      0.104     4.2967     51.344     86.500  85.180524    21.8700    16.4889     0.1704     1.2690 3.9256e+01     6.8509      0.734      1.064    24.2101 0.0000e+00
      0.774      0.096     4.2972     51.392     86.489  85.179111    21.8700    16.4851     0.1704     1.2690 3.6484e+01     6.7905      0.759      1.101    24.2153 0.0000e+00
      0.798      0.088     4.2976     51.435     86.487  85.187353    21.8700    16.4775     0.1704     1.2690 3.4263e+01     6.8056      0.783      1.135    24.2206 0.0000e+00
