Data/DataNotYetUploadedToEDI/Raw_CTD/RawDownloads/072125_fcr10_S7809002.cnv
* Sea-Bird SBE19plus  Data File:
* FileName = C:\R\Reservoirs\Data\DataNotYetUploadedToEDI\Raw_CTD\RawDownloads\072125_fcr50_S7809_0002.hex
* Software version 2.8.0.119
* Temperature SN = 7809
* Conductivity SN = 7809
* System UpLoad Time = Jul 21 2025 18:14:48
* <ApplicationData>
* <Seaterm232>
# nquan = 15
# nvalues = 811                         
# units = specified
# name 0 = depFM: Depth [fresh water, m]
# name 1 = dz/dtM: Descent Rate [m/s]
# name 2 = sbeox0Mg/L: Oxygen, SBE 43 [mg/l]
# name 3 = sbeox0PS: Oxygen, SBE 43 [% saturation]
# name 4 = specc: Specific Conductance [uS/cm]
# name 5 = c0uS/cm: Conductivity [uS/cm]
# name 6 = flECO-AFL: Fluorescence, WET Labs ECO-AFL/FL [mg/m^3]
# name 7 = ph: pH
# name 8 = orp: Oxidation Reduction Potential [mV]
# name 9 = par/sat/log: PAR/Logarithmic, Satlantic
# name 10 = turbWETntu0: Turbidity, WET Labs ECO [NTU]
# name 11 = prdM: Pressure, Strain Gauge [db]
# name 12 = prdE: Pressure, Strain Gauge [psi]
# name 13 = tv290C: Temperature [ITS-90, deg C]
# name 14 = flag:  0.000e+00
# span 0 =     -0.662,      2.143       
# span 1 =     -0.251,      0.177       
# span 2 =     0.0832,     9.4564       
# span 3 =      0.954,    118.354       
# span 4 =      0.696,     98.197       
# span 5 =   0.777441,  90.541102       
# span 6 =    -0.8705,   227.6238       
# span 7 =     -1.987,      7.274       
# span 8 = -1240.7455,   246.8799       
# span 9 = 4.5621e+01, 2.4033e+03       
# span 10 =    -0.1432,    86.8425      
# span 11 =     -0.650,      2.102      
# span 12 =     -0.942,      3.049      
# span 13 =    21.0061,    30.8091      
# span 14 = 0.0000e+00, 0.0000e+00      
# interval = seconds: 0.25
# start_time = Jul 21 2025 13:33:05 [Instrument's time stamp, header]
# bad_flag = -9.990e-29
*END*
[from data line 579]
      2.124      0.008     0.4044      3.400     80.460  74.653559     0.0052      7.056   187.2491 5.3719e+01     0.1103      2.083      3.021    21.5713 0.0000e+00
      2.126      0.007     0.4010      2.891     81.712  75.763359     0.0355      7.057   186.9389 5.3180e+01     0.1589      2.085      3.024    21.5100 0.0000e+00
      2.128      0.006     0.3824      2.445     83.342  77.197031     0.0601      7.057   186.2195 5.2540e+01     0.2848      2.087      3.027    21.4507 0.0000e+00
      2.130      0.005     0.3469      2.089     84.990  78.636402     0.0445      7.058   185.0900 5.1843e+01     0.3338      2.089      3.029    21.4073 0.0000e+00
      2.131      0.004     0.3018      1.805     86.684  80.132397     0.0054      7.059   184.3802 5.1120e+01     0.2388      2.089      3.030    21.3882 0.0000e+00
      2.132      0.004     0.2534      1.609     88.624  81.867769    -0.0131      7.058   184.2628 5.0429e+01     0.1614      2.090      3.032    21.3643 0.0000e+00
      2.132      0.003     0.2131      1.493     89.598  82.703077     0.0029      7.058   184.2736 4.9748e+01     0.1491      2.091      3.033    21.3110 0.0000e+00
      2.133      0.003     0.1838      1.413     89.150  82.219254     0.0331      7.058   184.2525 4.9053e+01     0.1584      2.092      3.034    21.2516 0.0000e+00
      2.133      0.003     0.1570      1.363     87.990  81.105479     0.0526      7.058   184.0939 4.8431e+01     0.2054      2.092      3.034    21.2125 0.0000e+00
      2.134      0.003     0.1397      1.346     86.358  79.602228     0.0557      7.058   183.8181 4.7924e+01     0.1714      2.093      3.036    21.1869 0.0000e+00
      2.135      0.003     0.1324      1.338     85.866  79.177626     0.0376      7.059   183.4992 4.7511e+01     0.0205      2.094      3.037    21.1506 0.0000e+00
      2.135      0.003     0.1247      1.324     88.648  81.757786    -0.0005      7.059   183.1629 4.7185e+01    -0.1157      2.094      3.037    21.1021 0.0000e+00
      2.136      0.004     0.1200      1.325     92.857  85.615506    -0.0219      7.059   182.9357 4.6834e+01    -0.1432      2.095      3.038    21.0710 0.0000e+00
      2.137      0.004     0.1196      1.356     95.679  88.170538    -0.0046      7.058   182.7313 4.6365e+01    -0.0730      2.096      3.040    21.0773 0.0000e+00
      2.139      0.004     0.1194      1.381     96.691  89.051984     0.0255      7.058   182.4125 4.5902e+01     0.0504      2.098      3.042    21.1040 0.0000e+00
      2.140      0.004     0.1173      1.371     96.428  88.766380     0.0344      7.058   182.0920 4.5631e+01     0.1189      2.098      3.043    21.1184 0.0000e+00
      2.141      0.003     0.1159      1.336     95.839  88.216225     0.0284      7.058   181.7825 4.5621e+01     0.0366      2.099      3.045    21.1006 0.0000e+00
      2.141      0.002     0.1211      1.301     95.351  87.807474     0.0264      7.058   181.4227 4.5847e+01    -0.0908      2.100      3.046    21.0700 0.0000e+00
      2.142      0.002     0.1246      1.277     95.043  87.577492     0.0270      7.057   181.0976 4.6337e+01    -0.1229      2.101      3.047    21.0455 0.0000e+00
      2.142      0.001     0.1227      1.261     94.762  87.344029     0.0279      7.057   180.7765 4.7139e+01    -0.0439      2.101      3.047    21.0150 0.0000e+00
      2.142      0.001     0.1192      1.265     94.482  87.083919     0.0285      7.058   180.4656 4.8239e+01     0.0781      2.101      3.047    21.0061 0.0000e+00
      2.142      0.001     0.1150      1.292     94.443  87.040581     0.0267      7.059   180.2637 4.9609e+01     0.1570      2.101      3.047    21.0369 0.0000e+00
      2.143      0.000     0.1141      1.307     94.207  86.820036     0.0387      7.059   180.1422 5.1114e+01     0.1927      2.101      3.048    21.0754 0.0000e+00
      2.143 1.8642e-08     0.1115      1.294     93.464  86.134779     0.0579      7.059   180.0295 5.2515e+01     0.2031      2.102      3.048    21.0875 0.0000e+00
      2.143 2.0506e-07     0.1112      1.279     92.767  85.497708     0.0506      7.059   179.7611 5.3735e+01     0.1453      2.101      3.048    21.0790 0.0000e+00
      2.143 2.0506e-07     0.1158      1.271     92.804  85.541632     0.0169      7.058   179.2202 5.4793e+01     0.0058      2.101      3.048    21.0750 0.0000e+00
      2.143 1.8642e-08     0.1176      1.245     93.321  86.029804    -0.0084      7.058   178.6516 5.5592e+01    -0.0823      2.101      3.047    21.0742 0.0000e+00
      2.143 1.6921e-09     0.1153      1.201     93.891  86.566055     0.0023      7.058   178.0483 5.6150e+01     0.0028      2.102      3.048    21.0726 0.0000e+00
      2.143 1.2584e-10     0.1128      1.158     94.554  87.191148     0.0385      7.058   177.1750 5.6662e+01     0.1458      2.101      3.048    21.0755 0.0000e+00
      2.143 -2.965e-10     0.1143      1.134     94.846  87.481145     0.0630      7.059   176.2663 5.7199e+01     0.2130      2.101      3.048    21.0822 0.0000e+00
      2.143 -3.414e-09     0.1112      1.137     94.728  87.400776     0.0654      7.059   175.4074 5.7649e+01     0.2348      2.102      3.049    21.0883 0.0000e+00
      2.143 -3.757e-08     0.1067      1.131     94.730  87.428091     0.0425      7.059   174.5335 5.8033e+01     0.1696      2.102      3.049    21.0940 0.0000e+00
      2.143 -4.132e-07     0.1027      1.114     94.649  87.366164     0.0024      7.059   173.7016 5.8501e+01     0.0054      2.102      3.048    21.0999 0.0000e+00
      2.143      0.000     0.0990      1.115     94.285  87.033706    -0.0114      7.059   172.8336 5.9023e+01    -0.1111      2.102      3.048    21.1106 0.0000e+00
      2.143      0.000     0.1020      1.132     94.080  86.843377     0.0173      7.059   171.9549 5.9482e+01    -0.0770      2.102      3.048    21.1280 0.0000e+00
      2.143     -0.001     0.1014      1.150     94.437  87.164076     0.0581      7.059   171.1657 5.9842e+01     0.0754      2.102      3.048    21.1440 0.0000e+00
      2.143     -0.001     0.0976      1.156     95.349  87.985114     0.0732      7.059   170.5178 6.0091e+01     0.1941      2.102      3.049    21.1496 0.0000e+00
      2.143     -0.002     0.0988      1.144     96.771  89.264112     0.0676      7.058   169.8855 6.0217e+01     0.1975      2.102      3.048    21.1497 0.0000e+00
      2.142     -0.002     0.1005      1.121     98.197  90.541102     0.0572      7.058   169.2000 6.0270e+01     0.1170      2.101      3.047    21.1502 0.0000e+00
      2.142     -0.003     0.1023      1.092     97.508  89.874009     0.0391      7.058   168.5969 6.0285e+01     0.0060      2.100      3.046    21.1468 0.0000e+00
      2.141     -0.006     0.1036      1.051     92.040  84.824037     0.0062      7.058   168.0137 6.0247e+01     0.0845      2.099      3.045    21.1356 0.0000e+00
      2.140     -0.016     0.1019      1.011     82.142  75.722338    -0.0242      7.058   167.1380 6.0171e+01     0.4176      2.099      3.044    21.1177 0.0000e+00
      2.139     -0.039     0.0996      0.978     70.071  64.651201    -0.0037      7.058   166.0112 6.0200e+01     0.8914      2.098      3.043    21.0961 0.0000e+00
      2.136     -0.072     0.0982      0.954     59.074  54.622961     0.1129      7.058   165.2298 6.0684e+01     2.9769      2.096      3.041    21.0771 0.0000e+00
      2.126     -0.105     0.0933      0.974     52.574  48.811626     0.8531      7.058   164.8318 6.2426e+01    23.8917      2.091      3.033    21.0681 0.0000e+00
      2.096     -0.127     0.0895      1.128     50.049  46.718968     2.1620      7.058   164.2959 6.6570e+01    62.1021      2.068      3.000    21.0808 0.0000e+00
      2.038     -0.133     0.0872      1.610     49.994  46.907515     2.8885      7.058   163.7411 7.2942e+01    82.9698      2.005      2.907    21.1169 0.0000e+00
      1.971     -0.125     0.0832      2.584     51.639  48.615888     3.0609      7.057   163.5451 7.8342e+01    85.0113      1.921      2.787    21.2067 0.0000e+00
      1.928     -0.105     0.0835      3.968     53.345  50.296649     4.0214      7.057   163.4737 8.0179e+01    85.7268      1.878      2.724    21.4034 0.0000e+00
      1.918     -0.082     0.0894      5.441     53.445  50.404234     5.7137      7.057   163.3086 7.9814e+01    86.5309      1.876      2.721    21.6770 0.0000e+00
      1.924     -0.068     0.1235      6.636     51.719  48.773838     6.5929      7.057   163.1828 7.9241e+01    86.8425      1.887      2.737    21.9367 0.0000e+00
      1.929     -0.069     0.2112      7.341     49.918  47.091479     6.5872      7.057   163.0714 7.9557e+01    86.3865      1.896      2.751    22.0999 0.0000e+00
      1.922     -0.084     0.3429      7.583     49.314  46.570202     6.1519      7.056   162.9079 8.2018e+01    82.3491      1.893      2.746    22.1566 0.0000e+00
      1.892     -0.101     0.4836      7.549     49.610  46.915302     5.3839      7.056   162.7552 8.7253e+01    75.0561      1.865      2.706    22.1563 0.0000e+00
      1.840     -0.110     0.5955      7.450     50.527  47.835993     4.9665      7.057   162.7734 9.3513e+01    70.9669      1.805      2.618    22.1385 0.0000e+00
      1.788     -0.108     0.6551      7.439     51.738  49.004536     4.9169      7.058   163.1284 9.7495e+01    69.4912      1.743      2.529    22.1494 0.0000e+00
      1.757     -0.095     0.6685      7.544     52.400  49.616065     4.8093      7.058   163.6060 9.8425e+01    57.9656      1.715      2.488    22.2072 0.0000e+00
      1.747     -0.079     0.6582      7.689     52.268  49.452291     4.6468      7.058   163.8151 9.8053e+01    37.1304      1.712      2.483    22.2827 0.0000e+00
      1.746     -0.069     0.6434      7.777     51.348  48.548118     4.5675      7.058   163.8505 9.7358e+01    25.9124      1.712      2.484    22.3434 0.0000e+00
      1.742     -0.072     0.6412      7.740     49.788  47.064364     4.5585      7.058   163.8616 9.7329e+01    24.9799      1.712      2.483    22.3670 0.0000e+00
      1.728     -0.087     0.6541      7.547     48.418  45.796887     4.5538      7.059   163.8631 9.9178e+01    25.0689      1.700      2.466    22.3466 0.0000e+00
      1.699     -0.103     0.6705      7.276     47.752  45.221706     4.4944      7.059   164.0413 1.0270e+02    27.5010      1.671      2.422    22.2993 0.0000e+00
      1.659     -0.109     0.6800      7.076     47.320  44.871072     4.4064      7.058   164.2956 1.0722e+02    32.2175      1.630      2.363    22.2575 0.0000e+00
      1.614     -0.102     0.6794      7.081     46.657  44.287028     4.3715      7.057   164.4419 1.1166e+02    34.9210      1.581      2.293    22.2454 0.0000e+00
      1.578     -0.084     0.6591      7.374     46.327  43.999998     4.3728      7.057   164.6054 1.1404e+02    35.6282      1.538      2.232    22.2770 0.0000e+00
      1.561     -0.059     0.6294      7.904     46.450  44.130127     4.3386      7.058   164.8108 1.1391e+02    40.9044      1.526      2.214    22.3448 0.0000e+00
      1.560     -0.033     0.6075      8.517     46.127  43.829203     4.2327      7.058   164.9459 1.1284e+02    50.5168      1.529      2.217    22.4144 0.0000e+00
      1.565     -0.012     0.6034      9.083     45.608  43.344879     4.1412      7.058   165.1199 1.1212e+02    55.8288      1.534      2.225    22.4621 0.0000e+00
      1.569     -0.003     0.6309      9.552     45.663  43.415651     4.1060      7.058   165.3669 1.1228e+02    56.7271      1.541      2.234    22.4875 0.0000e+00
      1.571     -0.009     0.6822      9.909     45.976  43.732840     3.9984      7.057   165.6099 1.1327e+02    60.7969      1.541      2.235    22.5005 0.0000e+00
      1.570     -0.028     0.7399     10.168     46.053  43.815915     3.7969      7.056   165.8205 1.1465e+02    68.2135      1.539      2.233    22.5028 0.0000e+00
      1.566     -0.053     0.7891     10.362     45.951  43.721905     3.6604      7.056   166.0200 1.1669e+02    72.1382      1.539      2.232    22.5071 0.0000e+00
      1.554     -0.081     0.8301     10.472     45.826  43.611775     3.6123      7.056   166.3005 1.2026e+02    71.8693      1.531      2.220    22.5330 0.0000e+00
      1.529     -0.108     0.8606     10.495     45.754  43.563417     3.5728      7.056   166.5451 1.2533e+02    65.7142      1.503      2.180    22.5607 0.0000e+00
      1.491     -0.129     0.8801     10.503     45.744  43.581555     3.5415      7.056   166.6545 1.3110e+02    54.4219      1.463      2.122    22.5689 0.0000e+00
      1.446     -0.138     0.8989     10.590     45.578  43.450279     3.5500      7.056   166.6766 1.3720e+02    48.3343      1.418      2.058    22.5676 0.0000e+00
      1.401     -0.132     0.9091     10.813     45.272  43.182203     3.5501      7.057   166.7261 1.4356e+02    47.4139      1.373      1.990    22.5735 0.0000e+00
      1.359     -0.112     0.9073     11.142     45.066  43.006178     3.5600      7.059   166.9101 1.4957e+02    43.2584      1.329      1.928    22.5967 0.0000e+00
      1.328     -0.086     0.9048     11.502     44.881  42.845346     3.6440      7.059   167.1800 1.5395e+02    35.8713      1.295      1.879    22.6331 0.0000e+00
      1.314     -0.057     0.9091     11.882     44.586  42.570530     3.7259      7.058   167.4938 1.5653e+02    31.8473      1.284      1.864    22.6632 0.0000e+00
      1.313     -0.032     0.9292     12.272     44.283  42.285715     3.7675      7.057   167.8652 1.5853e+02    31.5308      1.287      1.867    22.6854 0.0000e+00
      1.315     -0.017     0.9611     12.607     44.111  42.130900     3.7645      7.057   168.2295 1.6053e+02    31.6351      1.289      1.871    22.7124 0.0000e+00
      1.316     -0.016     0.9908     12.834     44.121  42.158493     3.6725      7.056   168.4567 1.6224e+02    33.3133      1.291      1.873    22.7314 0.0000e+00
      1.316     -0.031     1.0231     13.000     44.182  42.238550     3.5449      7.056   168.3744 1.6343e+02    36.5528      1.291      1.872    22.7351 0.0000e+00
      1.313     -0.057     1.0595     13.192     44.062  42.146854     3.5035      7.057   168.1817 1.6482e+02    38.3866      1.291      1.872    22.7366 0.0000e+00
      1.301     -0.087     1.0907     13.430     43.881  42.001871     3.5226      7.057   168.3639 1.6807e+02    38.4738      1.283      1.859    22.7461 0.0000e+00
      1.273     -0.113     1.1079     13.715     43.912  42.072343     3.4014      7.057   168.6839 1.7385e+02    36.0695      1.255      1.820    22.7694 0.0000e+00
      1.232     -0.130     1.1175     14.129     43.971  42.173892     3.1535      7.058   168.6958 1.8137e+02    31.4175      1.211      1.756    22.7968 0.0000e+00
      1.183     -0.131     1.1340     14.837     43.909  42.150780     3.0210      7.058   168.5938 1.8952e+02    28.8205      1.160      1.682    22.8186 0.0000e+00
      1.136     -0.118     1.1545     15.876     43.844  42.110293     3.0155      7.057   168.6552 1.9638e+02    28.3077      1.109      1.609    22.8457 0.0000e+00
      1.101     -0.093     1.1758     17.045     43.721  42.001754     2.9948      7.057   168.8349 1.9987e+02    24.7044      1.071      1.554    22.8979 0.0000e+00
      1.086     -0.064     1.2035     18.138     43.567  41.853961     2.9203      7.057   169.1316 2.0017e+02    17.9098      1.060      1.538    22.9564 0.0000e+00
      1.085     -0.036     1.2593     19.033     43.430  41.719659     2.8554      7.057   169.6615 1.9921e+02    14.0640      1.063      1.542    22.9971 0.0000e+00
      1.087     -0.015     1.3584     19.681     43.285  41.583806     2.8432      7.056   170.2517 1.9799e+02    13.6629      1.066      1.547    23.0237 0.0000e+00
      1.087     -0.002     1.4637     20.104     43.162  41.480727     2.8895      7.056   170.7621 1.9652e+02    13.8798      1.067      1.546    23.0332 0.0000e+00
