Data/DataNotYetUploadedToEDI/Raw_CTD/RawDownloads/072121_fcr50_0001.cnv
* Sea-Bird SBE19plus  Data File:
* FileName = C:\R\Reservoirs\Data\DataNotYetUploadedToEDI\Raw_CTD\RawDownloads\072121_fcr50_0001.hex
* Software version 2.8.0.119
* Temperature SN = 7809
* Conductivity SN = 7809
* System UpLoad Time = Jul 21 2021 17:26:41
* <ApplicationData>
* <Seaterm232>
# nquan = 16
# nvalues = 2265                        
# units = specified
# name 0 = depFM: Depth [fresh water, m]
# name 1 = dz/dtM: Descent Rate [m/s]
# name 2 = orp: Oxidation Reduction Potential [mV]
# name 3 = sbeox0Mg/L: Oxygen, SBE 43 [mg/l]
# name 4 = sbeox0PS: Oxygen, SBE 43 [% saturation]
# name 5 = par/sat/log: PAR/Logarithmic, Satlantic
# name 6 = ph: pH
# name 7 = specc: Specific Conductance [uS/cm]
# name 8 = c0uS/cm: Conductivity [uS/cm]
# name 9 = flECO-AFL: Fluorescence, WET Labs ECO-AFL/FL [mg/m^3]
# name 10 = turbWETntu0: Turbidity, WET Labs ECO [NTU]
# name 11 = tv290C: Temperature [ITS-90, deg C]
# name 12 = density00: Density [density, kg/m^3]
# name 13 = prdE: Pressure, Strain Gauge [psi]
# name 14 = prdM: Pressure, Strain Gauge [db]
# name 15 = flag:  0.000e+00
# span 0 =     -0.653,      9.630       
# span 1 =     -0.299,      2.803       
# span 2 = -1240.7455,   233.4471       
# span 3 =     1.6178,     9.7834       
# span 4 =     14.419,    113.455       
# span 5 = 1.2340e-01, 1.1871e+03       
# span 6 =     15.244,     15.794       
# span 7 =      1.012,    182.538       
# span 8 =   1.029778, 126.558775       
# span 9 =    -2.4767,   259.7919       
# span 10 =    -3.1172,   957.9942      
# span 11 =     9.6143,    25.9617      
# span 12 =   996.8138,   999.8452      
# span 13 =     -0.929,     13.697      
# span 14 =     -0.641,      9.444      
# span 15 = 0.0000e+00, 0.0000e+00      
# interval = seconds: 0.25
# start_time = Jul 20 2021 21:16:41 [Instrument's time stamp, header]
# bad_flag = -9.990e-29
*END*
[from data line 91]
     -0.652 1.3995e-10  -655.0408     8.4774    104.338 2.9563e+02     15.363      1.308   1.330878    -0.9199    -0.3242    25.8755   996.8247     -0.928     -0.640 0.0000e+00
     -0.652 1.5395e-09  -657.7851     8.4827    104.311 1.9781e+02     15.364      1.307   1.329715    -0.9040    -0.2529    25.8756   996.8246     -0.927     -0.639 0.0000e+00
     -0.652 1.6934e-08  -660.4740     8.4915    104.354 1.5458e+02     15.364      1.293   1.315903    -0.8953    -0.2160    25.8756   996.8246     -0.927     -0.639 0.0000e+00
     -0.652 1.8627e-07  -663.0308     8.4910    104.412 1.4278e+02     15.363      1.268   1.290564    -0.9009    -0.2554    25.8756   996.8246     -0.927     -0.639 0.0000e+00
     -0.652 1.8627e-07  -665.6405     8.4825    104.405 1.4048e+02     15.362      1.254   1.276742    -0.9047    -0.3176    25.8757   996.8246     -0.926     -0.639 0.0000e+00
     -0.652 1.6934e-08  -668.3675     8.4791    104.353 1.4017e+02     15.362      1.253   1.275476    -0.9130    -0.3497    25.8757   996.8246     -0.927     -0.639 0.0000e+00
     -0.652 1.5395e-09  -671.1366     8.4845    104.330 1.3701e+02     15.362      1.253   1.275257    -0.9149    -0.3357    25.8757   996.8246     -0.927     -0.639 0.0000e+00
     -0.652 1.3995e-10  -673.9124     8.4927    104.331 1.3188e+02     15.362      1.252   1.274095    -0.8999    -0.3201    25.8754   996.8247     -0.927     -0.639 0.0000e+00
     -0.652 1.2723e-11  -676.7200     8.4920    104.346 1.2638e+02     15.362      1.239   1.261424    -0.8829    -0.2976    25.8751   996.8248     -0.927     -0.639 0.0000e+00
     -0.652 1.1567e-12  -679.6155     8.4828    104.361 1.2164e+02     15.363      1.227   1.248754    -0.8721    -0.2699    25.8749   996.8248     -0.927     -0.639 0.0000e+00
     -0.652 1.0515e-13  -682.5075     8.4834    104.346 1.1903e+02     15.363      1.226   1.247593    -0.8740    -0.2938    25.8746   996.8249     -0.927     -0.639 0.0000e+00
     -0.651 9.5607e-15  -685.2721     8.4833    104.330 1.1856e+02     15.364      1.226   1.247383    -0.8872    -0.3115    25.8745   996.8249     -0.926     -0.639 0.0000e+00
     -0.651 8.8795e-16  -687.8327     8.4839    104.334 1.1966e+02     15.364      1.225   1.246222    -0.8979    -0.2787    25.8746   996.8249     -0.926     -0.638 0.0000e+00
     -0.652 2.8747e-16  -690.3242     8.4883    104.353 1.2143e+02     15.363      1.212   1.233551    -0.8988    -0.2751    25.8746   996.8249     -0.927     -0.639 0.0000e+00
     -0.652 2.3003e-15  -693.1120     8.4840    104.375 1.2318e+02     15.362      1.200   1.220871    -0.8977    -0.3017    25.8747   996.8249     -0.927     -0.639 0.0000e+00
     -0.652 2.5225e-14  -696.0719     8.4829    104.390 1.2497e+02     15.362      1.199   1.219606    -0.8941    -0.2921    25.8746   996.8250     -0.927     -0.639 0.0000e+00
     -0.652 2.7747e-13  -698.9238     8.4834    104.396 1.2663e+02     15.362      1.198   1.218255    -0.8838    -0.2613    25.8741   996.8251     -0.927     -0.639 0.0000e+00
     -0.652 3.0522e-12  -701.7820     8.4853    104.390 1.2768e+02     15.363      1.184   1.204529    -0.8880    -0.2718    25.8742   996.8250     -0.927     -0.639 0.0000e+00
     -0.652 3.3574e-11  -704.5612     8.4876    104.396 1.2940e+02     15.364      1.160   1.180340    -0.9068    -0.2827    25.8743   996.8250     -0.927     -0.639 0.0000e+00
     -0.652 3.6932e-10  -707.2317     8.4884    104.412 1.3255e+02     15.363      1.159   1.179188    -0.9108    -0.2213    25.8742   996.8250     -0.927     -0.639 0.0000e+00
     -0.652 4.0625e-09  -709.9792     8.4899    104.405 1.3542e+02     15.363      1.170   1.190595    -0.8978    -0.2168    25.8741   996.8251     -0.927     -0.639 0.0000e+00
     -0.651 4.4687e-08  -712.6569     8.4877    104.384 1.3801e+02     15.363      1.171   1.191567    -0.8929    -0.2965    25.8740   996.8250     -0.926     -0.639 0.0000e+00
     -0.651 4.9156e-07  -715.1723     8.4881    104.373 1.4072e+02     15.363      1.170   1.190941    -0.8993    -0.2917    25.8742   996.8250     -0.926     -0.638 0.0000e+00
     -0.652      0.000  -717.4208     8.4916    104.378 1.4261e+02     15.362      1.162   1.183022    -0.8992    -0.2279    25.8743   996.8250     -0.927     -0.639 0.0000e+00
     -0.652      0.000  -716.1826     8.4900    104.408 1.4376e+02     15.362      1.201   1.222520    -0.8912    -0.2110    25.8745   996.8249     -0.927     -0.639 0.0000e+00
     -0.652      0.001  -719.7318     8.4871    104.421 1.4501e+02     15.358      1.702   1.731846    -0.8883    -0.2598    25.8745   996.8249     -0.926     -0.639 0.0000e+00
     -0.652      0.007  -847.2342     8.4870    104.396 1.4753e+02     15.321      7.154   7.277891    -0.8354    -0.4056    25.8745   996.8249     -0.927     -0.639 0.0000e+00
     -0.652      0.029 -1092.4872     8.4860    104.368 1.5511e+02     15.259     20.145  20.490369    -0.7097    -0.6016    25.8742   996.8250     -0.928     -0.639 0.0000e+00
     -0.652      0.066 -1227.2674     8.4905    104.312 1.8187e+02     15.244     32.423  32.981495    -0.6274    -0.6717    25.8743   996.8251     -0.927     -0.640 0.0000e+00
     -0.649      0.104 -1239.5202     8.4932    104.166 3.6757e+02     15.275     37.848  38.515074    -0.6509    -0.0175    25.8739   996.8249     -0.928     -0.639 0.0000e+00
     -0.626      0.135 -1240.6341     8.4882    103.929 6.4242e+02     15.307     38.978  39.685572    -1.0417     7.8578    25.8732   996.8255     -0.924     -0.637 0.0000e+00
     -0.560      0.156 -1240.7354     8.4896    103.644 6.9417e+02     15.329     38.983  39.708501    -1.7568    22.3454    25.8544   996.8354     -0.810     -0.558 0.0000e+00
     -0.480      0.164 -1240.7446     8.4903    103.384 6.1242e+02     15.342     39.317  40.061671    -2.1445    30.3018    25.8413   996.8436     -0.650     -0.448 0.0000e+00
     -0.433      0.157 -1240.7454     8.4722    103.209 5.9212e+02     15.350     39.642  40.401491    -2.0769    31.5120    25.8721   996.8366     -0.609     -0.420 0.0000e+00
     -0.408      0.137 -1240.7455     8.4476    103.169 6.0195e+02     15.355     39.626  40.389945    -1.0064    37.0461    25.9054   996.8280     -0.585     -0.403 0.0000e+00
     -0.383      0.112 -1240.7455     8.4180    103.267 5.9505e+02     15.359     39.601  40.366372     0.9379    47.1566    25.9254   996.8227     -0.537     -0.371 0.0000e+00
     -0.365      0.098 -1240.7455     8.3931    103.528 5.6840e+02     15.361     39.604  40.370359     1.9951    52.6139    25.9425   996.8184     -0.519     -0.357 0.0000e+00
     -0.350      0.100 -1240.7455     8.3760    104.013 5.4299e+02     15.356     39.609  40.374682     2.0965    51.9765    25.9532   996.8159     -0.501     -0.346 0.0000e+00
     -0.329      0.106 -1240.7455     8.3701    104.496 4.9441e+02     15.349     39.590  40.355164     2.1737    39.4848    25.9591   996.8143     -0.474     -0.327 0.0000e+00
     -0.297      0.110 -1240.7455     8.3825    104.798 4.3102e+02     15.345     39.562  40.324780     2.2902    16.5582    25.9612   996.8138     -0.430     -0.297 0.0000e+00
     -0.256      0.111 -1240.7455     8.3919    104.977 3.9605e+02     15.344     39.562  40.324665     2.3506     4.1153    25.9617   996.8139     -0.362     -0.250 0.0000e+00
     -0.218      0.106 -1240.7455     8.4454    105.145 3.8321e+02     15.344     39.592  40.353779     2.3605     3.0247    25.9607   996.8144     -0.300     -0.207 0.0000e+00
     -0.193      0.097 -1240.7455     8.4922    105.555 3.7961e+02     15.345     39.598  40.359429     2.3804     2.8903    25.9593   996.8147     -0.274     -0.189 0.0000e+00
     -0.176      0.091 -1240.7455     8.5079    106.201 3.8431e+02     15.347     39.568  40.329513     2.4105     2.8678    25.9579   996.8152     -0.251     -0.173 0.0000e+00
     -0.161      0.092 -1240.7455     8.5288    106.949 3.8796e+02     15.349     39.547  40.309420     2.4185     2.8558    25.9572   996.8155     -0.228     -0.157 0.0000e+00
     -0.147      0.102 -1240.7455     8.5239    107.740 3.8748e+02     15.350     39.544  40.306902     2.4204     2.8492    25.9565   996.8157     -0.213     -0.148 0.0000e+00
     -0.127      0.117 -1240.7455     8.5626    108.325 3.8956e+02     15.352     39.535  40.299070     2.4339     2.8905    25.9556   996.8160     -0.188     -0.130 0.0000e+00
     -0.091      0.127 -1240.7455     8.6228    108.426 3.8947e+02     15.354     39.514  40.278188     2.4867     2.9425    25.9553   996.8162     -0.139     -0.096 0.0000e+00
     -0.041      0.129 -1240.7455     8.6770    107.979 4.5385e+02     15.354     39.483  40.244829     2.5816     2.9976    25.9567   996.8161     -0.058     -0.040 0.0000e+00
      0.008      0.121 -1240.7455     8.7541    107.259 5.6607e+02     15.355     39.453  40.213084     2.6276     3.0425    25.9589   996.8158      0.021      0.014 0.0000e+00
      0.041      0.103 -1240.7455     8.8078    106.703 5.8488e+02     15.356     39.453  40.211711     2.6326     3.0734    25.9603   996.8156      0.068      0.047 0.0000e+00
      0.059      0.078 -1240.7455     8.8210    106.633 5.9045e+02     15.356     39.470  40.228224     2.7942     3.0269    25.9607   996.8155      0.088      0.061 0.0000e+00
      0.068      0.053 -1240.7455     8.7747    107.153 6.5566e+02     15.356     39.465  40.222335     3.1130     2.9279    25.9593   996.8159      0.097      0.067 0.0000e+00
      0.073      0.036 -1240.7455     8.7018    108.123 6.8492e+02     15.356     39.448  40.203975     3.3015     2.8717    25.9569   996.8166      0.105      0.072 0.0000e+00
      0.076      0.028 -1240.7455     8.6488    109.324 6.9007e+02     15.356     39.442  40.196644     3.3284     2.8272    25.9551   996.8170      0.109      0.075 0.0000e+00
      0.080      0.027 -1240.7455     8.6379    110.439 6.5997e+02     15.356     39.442  40.197164     3.4856     2.8360    25.9539   996.8173      0.110      0.076 0.0000e+00
      0.087      0.028 -1240.7455     8.6882    111.041 5.7377e+02     15.356     39.455  40.210264     3.8002     2.9096    25.9527   996.8178      0.119      0.083 0.0000e+00
      0.099      0.031 -1240.7455     8.7715    110.885 5.1703e+02     15.356     39.473  40.228092     3.9670     2.9273    25.9511   996.8183      0.142      0.098 0.0000e+00
      0.109      0.036 -1240.7455     8.8774    110.117 4.6237e+02     15.357     39.468  40.222312     3.9662     2.8787    25.9502   996.8185      0.156      0.108 0.0000e+00
      0.116      0.044 -1240.7455     8.9834    109.203 3.9255e+02     15.358     39.450  40.203844     3.8960     2.8366    25.9501   996.8185      0.166      0.114 0.0000e+00
      0.123      0.052 -1240.7455     9.0403    108.587 3.5104e+02     15.358     39.441  40.195208     3.7757     2.8304    25.9502   996.8186      0.173      0.119 0.0000e+00
      0.133      0.061 -1240.7455     9.0236    108.423 3.2916e+02     15.358     39.428  40.181359     3.7231     2.8729    25.9499   996.8188      0.182      0.126 0.0000e+00
      0.152      0.071 -1240.7455     8.9448    108.570 3.2249e+02     15.358     39.410  40.163349     3.7172     2.9048    25.9493   996.8190      0.214      0.147 0.0000e+00
      0.177      0.081 -1240.7455     8.8560    108.710 3.1452e+02     15.358     39.414  40.167856     3.5716     2.9059    25.9496   996.8189      0.253      0.174 0.0000e+00
      0.202      0.091 -1240.7455     8.8023    108.551 3.0856e+02     15.359     39.418  40.172381     3.3076     2.9212    25.9497   996.8190      0.287      0.198 0.0000e+00
      0.226      0.102 -1240.7455     8.7934    108.069 3.1121e+02     15.359     39.402  40.154588     3.1757     2.9518    25.9499   996.8191      0.322      0.222 0.0000e+00
      0.247      0.110 -1240.7455     8.8158    107.445 3.1279e+02     15.359     39.392  40.143132     3.1791     3.0018    25.9503   996.8191      0.353      0.243 0.0000e+00
      0.270      0.112 -1240.7455     8.8372    106.775 3.0837e+02     15.359     39.412  40.160804     3.1868     3.0103    25.9503   996.8191      0.377      0.259 0.0000e+00
      0.305      0.107 -1240.7455     8.8257    106.119 2.9900e+02     15.359     39.431  40.177834     3.2112     2.9515    25.9501   996.8194      0.426      0.293 0.0000e+00
      0.349      0.095 -1240.7455     8.7767    105.565 2.9555e+02     15.360     39.413  40.158634     3.2642     2.9090    25.9499   996.8197      0.504      0.348 0.0000e+00
      0.382      0.079 -1240.7455     8.7255    105.050 2.9740e+02     15.360     39.374  40.119074     3.3030     2.9438    25.9479   996.8203      0.557      0.383 0.0000e+00
      0.395      0.059 -1240.7455     8.6720    104.418 3.0263e+02     15.360     39.336  40.080329     3.3267     3.0281    25.9437   996.8215      0.568      0.391 0.0000e+00
      0.397      0.036 -1240.7455     8.6121    103.520 3.1563e+02     15.360     39.326  40.071002     3.4648     3.0698    25.9410   996.8222      0.565      0.390 0.0000e+00
      0.397      0.016 -1240.7455     8.5721    102.428 3.1749e+02     15.360     39.326  40.069767     3.7140     3.0367    25.9408   996.8222      0.566      0.389 0.0000e+00
      0.397      0.003 -1240.7455     8.5338    101.463 3.0411e+02     15.360     39.322  40.065397     3.8412     2.9705    25.9407   996.8223      0.565      0.390 0.0000e+00
      0.397     -0.004 -1240.7455     8.4885    100.855 2.9926e+02     15.361     39.338  40.081632     3.8393     2.9556    25.9404   996.8223      0.564      0.389 0.0000e+00
      0.397     -0.008 -1240.7455     8.4164    100.712 3.0233e+02     15.361     39.333  40.075652     3.8535     2.9942    25.9402   996.8224      0.565      0.389 0.0000e+00
      0.396     -0.012 -1240.7455     8.3114    100.881 3.0338e+02     15.361     39.314  40.056559     3.8802     2.9577    25.9395   996.8227      0.565      0.390 0.0000e+00
      0.392     -0.014 -1240.7453     8.2310    101.014 3.1125e+02     15.361     39.299  40.041192     3.8945     2.8563    25.9384   996.8229      0.561      0.387 0.0000e+00
      0.384     -0.014 -1240.7438     8.1758    100.923 3.2923e+02     15.361     39.277  40.016802     3.9024     2.7987    25.9379   996.8230      0.546      0.377 0.0000e+00
      0.377     -0.013 -1240.7263     8.1671    100.474 3.4112e+02     15.362     39.278  40.015529     3.8907     2.8793    25.9378   996.8230      0.535      0.369 0.0000e+00
      0.375     -0.010 -1240.5341     8.1983     99.674 3.3678e+02     15.362     39.290  40.025800     3.8676     3.0407    25.9377   996.8229      0.534      0.368 0.0000e+00
      0.375     -0.007 -1238.4205     8.2084     98.735 3.3769e+02     15.361     39.280  40.014041     3.8516     3.0680    25.9373   996.8230      0.534      0.368 0.0000e+00
      0.375     -0.003 -1232.6368     8.2080     97.836 3.5266e+02     15.361     39.267  40.000298     3.8395     3.0036    25.9360   996.8235      0.533      0.367 0.0000e+00
      0.375     -0.000 -1224.5503     8.1732     97.110 3.6749e+02     15.361     39.253  39.986563     3.8647     2.9827    25.9332   996.8242      0.533      0.368 0.0000e+00
      0.375 1.1469e-12 -1215.9319     8.0983     96.674 3.7911e+02     15.361     39.242  39.974918     3.9368     3.0214    25.9302   996.8249      0.533      0.368 0.0000e+00
      0.375 1.2615e-11 -1207.1584     8.0188     96.522 3.8120e+02     15.362     39.254  39.986438     3.9869     3.0944    25.9284   996.8253      0.534      0.368 0.0000e+00
      0.375 1.3877e-10 -1198.3146     7.9429     96.564 3.7531e+02     15.362     39.266  39.998912     3.9838     3.1101    25.9276   996.8256      0.534      0.368 0.0000e+00
      0.376 1.5265e-09 -1189.0183     7.8785     96.664 3.7840e+02     15.362     39.266  39.998797     3.9663     3.0395    25.9274   996.8257      0.534      0.368 0.0000e+00
