Data/DataNotYetUploadedToEDI/Raw_CTD/RawDownloads/072121_fcr50_0001.cnv
* Sea-Bird SBE19plus  Data File:
* FileName = C:\R\Reservoirs\Data\DataNotYetUploadedToEDI\Raw_CTD\RawDownloads\072121_fcr50_0001.hex
* Software version 2.8.0.119
* Temperature SN = 7809
* Conductivity SN = 7809
* System UpLoad Time = Jul 21 2021 17:26:41
* <ApplicationData>
* <Seaterm232>
# nquan = 16
# nvalues = 2265                        
# units = specified
# name 0 = depFM: Depth [fresh water, m]
# name 1 = dz/dtM: Descent Rate [m/s]
# name 2 = orp: Oxidation Reduction Potential [mV]
# name 3 = sbeox0Mg/L: Oxygen, SBE 43 [mg/l]
# name 4 = sbeox0PS: Oxygen, SBE 43 [% saturation]
# name 5 = par/sat/log: PAR/Logarithmic, Satlantic
# name 6 = ph: pH
# name 7 = specc: Specific Conductance [uS/cm]
# name 8 = c0uS/cm: Conductivity [uS/cm]
# name 9 = flECO-AFL: Fluorescence, WET Labs ECO-AFL/FL [mg/m^3]
# name 10 = turbWETntu0: Turbidity, WET Labs ECO [NTU]
# name 11 = tv290C: Temperature [ITS-90, deg C]
# name 12 = density00: Density [density, kg/m^3]
# name 13 = prdE: Pressure, Strain Gauge [psi]
# name 14 = prdM: Pressure, Strain Gauge [db]
# name 15 = flag:  0.000e+00
# span 0 =     -0.653,      9.630       
# span 1 =     -0.299,      2.803       
# span 2 = -1240.7455,   233.4471       
# span 3 =     1.6178,     9.7834       
# span 4 =     14.419,    113.455       
# span 5 = 1.2340e-01, 1.1871e+03       
# span 6 =     15.244,     15.794       
# span 7 =      1.012,    182.538       
# span 8 =   1.029778, 126.558775       
# span 9 =    -2.4767,   259.7919       
# span 10 =    -3.1172,   957.9942      
# span 11 =     9.6143,    25.9617      
# span 12 =   996.8138,   999.8452      
# span 13 =     -0.929,     13.697      
# span 14 =     -0.641,      9.444      
# span 15 = 0.0000e+00, 0.0000e+00      
# interval = seconds: 0.25
# start_time = Jul 20 2021 21:16:41 [Instrument's time stamp, header]
# bad_flag = -9.990e-29
*END*
[from data line 181]
      0.376 1.8470e-07 -1168.9597     7.8352     96.507 4.1685e+02     15.362     39.227  39.959570     3.9586     2.8505    25.9275   996.8256      0.534      0.368 0.0000e+00
      0.376 1.6932e-07 -1158.8523     7.8409     96.177 4.3548e+02     15.363     39.212  39.944672     3.9756     2.8675    25.9276   996.8256      0.534      0.368 0.0000e+00
      0.376 1.4047e-10 -1148.5860     7.8569     95.679 4.2784e+02     15.365     39.199  39.931853     3.9788     2.8935    25.9278   996.8256      0.534      0.368 0.0000e+00
      0.376 1.5451e-09 -1137.9250     7.8553     95.077 4.0840e+02     15.365     39.199  39.931520     3.9793     2.8553    25.9280   996.8255      0.536      0.369 0.0000e+00
      0.376 1.6996e-08 -1127.0899     7.8444     94.446 4.4180e+02     15.365     39.208  39.940638     4.0007     2.8183    25.9279   996.8255      0.535      0.369 0.0000e+00
      0.376 1.8696e-07 -1116.6968     7.8179     93.863 4.8638e+02     15.365     39.183  39.915154     4.0276     2.8228    25.9280   996.8255      0.535      0.369 0.0000e+00
      0.376 1.9376e-07 -1106.5621     7.7740     93.362 4.7052e+02     15.364     39.146  39.877281     4.0478     2.8404    25.9283   996.8254      0.536      0.369 0.0000e+00
      0.376 9.9201e-08 -1096.2694     7.7250     92.966 4.3755e+02     15.364     39.132  39.863536     4.0828     2.8941    25.9282   996.8254      0.535      0.369 0.0000e+00
      0.376 9.0647e-07 -1085.6880     7.6688     92.648 4.4238e+02     15.364     39.145  39.875907     4.1355     2.9572    25.9281   996.8255      0.536      0.369 0.0000e+00
      0.376      0.000 -1074.6435     7.6233     92.374 4.6159e+02     15.364     39.169  39.899912     4.1598     2.9510    25.9282   996.8254      0.535      0.369 0.0000e+00
      0.376      0.000 -1063.3966     7.5793     92.067 4.4179e+02     15.364     39.169  39.899902     4.1576     2.9570    25.9281   996.8255      0.535      0.369 0.0000e+00
      0.376      0.001 -1052.4333     7.5497     91.637 4.3055e+02     15.364     39.145  39.875791     4.1179     3.0292    25.9282   996.8254      0.535      0.369 0.0000e+00
      0.376      0.003 -1041.5496     7.5247     91.220 4.5239e+02     15.364     39.132  39.862266     4.0334     3.0687    25.9283   996.8254      0.535      0.369 0.0000e+00
      0.377      0.006 -1030.4033     7.5019     90.909 4.8413e+02     15.365     39.133  39.863306     3.9756     3.0235    25.9279   996.8255      0.536      0.370 0.0000e+00
      0.378      0.008 -1018.9332     7.4868     90.699 4.9667e+02     15.365     39.158  39.888371     3.9624     2.9628    25.9273   996.8257      0.537      0.370 0.0000e+00
      0.380      0.010 -1007.1444     7.4410     90.588 4.4167e+02     15.364     39.181  39.911451     3.9785     2.9868    25.9269   996.8258      0.540      0.371 0.0000e+00
      0.385      0.010  -995.1567     7.4060     90.513 4.0188e+02     15.363     39.160  39.888475     4.0178     3.0393    25.9264   996.8259      0.547      0.377 0.0000e+00
      0.389      0.010  -983.0025     7.3834     90.478 4.1216e+02     15.364     39.138  39.864440     4.0369     3.0140    25.9259   996.8261      0.556      0.382 0.0000e+00
      0.392      0.009  -970.6628     7.3624     90.470 4.0489e+02     15.365     39.150  39.874732     4.0289     2.9550    25.9258   996.8261      0.558      0.384 0.0000e+00
      0.392      0.008  -957.9813     7.3598     90.387 4.0529e+02     15.365     39.161  39.885969     4.0249     2.9446    25.9253   996.8263      0.558      0.385 0.0000e+00
      0.393      0.007  -944.9643     7.3511     90.175 4.2632e+02     15.365     39.150  39.873369     4.0658     2.9561    25.9239   996.8266      0.559      0.385 0.0000e+00
      0.394      0.007  -931.9248     7.3483     89.891 4.2880e+02     15.365     39.127  39.849324     4.1413     2.9229    25.9217   996.8272      0.560      0.386 0.0000e+00
      0.396      0.007  -919.1423     7.3527     89.597 4.4555e+02     15.365     39.128  39.849114     4.1749     2.8523    25.9193   996.8279      0.562      0.388 0.0000e+00
      0.399      0.009  -906.1344     7.3480     89.294 4.6193e+02     15.365     39.149  39.870831     4.1664     2.8236    25.9183   996.8282      0.568      0.392 0.0000e+00
      0.401      0.014  -891.4894     7.3282     88.986 4.2926e+02     15.366     39.137  39.858025     4.1625     2.8844    25.9175   996.8283      0.572      0.394 0.0000e+00
      0.402      0.018  -875.1735     7.3026     88.724 3.9418e+02     15.366     39.101  39.821211     4.1762     2.9696    25.9164   996.8286      0.572      0.394 0.0000e+00
      0.405      0.020  -858.3095     7.2802     88.635 3.7803e+02     15.366     39.087  39.806531     4.1883     3.0305    25.9159   996.8288      0.573      0.395 0.0000e+00
      0.413      0.021  -840.4805     7.2548     88.821 3.7808e+02     15.367     39.088  39.807477     4.1846     3.0361    25.9156   996.8289      0.585      0.403 0.0000e+00
      0.425      0.024  -813.7005     7.2298     89.322 4.2756e+02     15.368     39.113  39.832646     4.1890     3.0031    25.9154   996.8290      0.608      0.419 0.0000e+00
      0.432      0.033  -765.1002     7.2031     90.134 4.9290e+02     15.372     39.137  39.856974     4.2140     3.0434    25.9154   996.8290      0.617      0.426 0.0000e+00
      0.433      0.048  -690.0242     7.1932     91.234 4.7695e+02     15.379     39.128  39.847741     4.2384     3.1109    25.9144   996.8293      0.616      0.425 0.0000e+00
      0.436      0.066  -594.9650     7.2080     92.599 4.1400e+02     15.388     39.128  39.847950     4.2450     3.0984    25.9138   996.8295      0.616      0.425 0.0000e+00
      0.451      0.086  -491.9714     7.2477     94.096 4.0672e+02     15.396     39.139  39.859500     4.1605     3.0640    25.9137   996.8295      0.629      0.434 0.0000e+00
      0.482      0.105  -388.5020     7.3167     95.574 4.1403e+02     15.400     39.139  39.860447     3.9895     3.0730    25.9132   996.8298      0.682      0.470 0.0000e+00
      0.524      0.121  -285.9691     7.4030     96.931 3.8785e+02     15.402     39.138  39.859397     3.9038     3.1044    25.9149   996.8296      0.749      0.516 0.0000e+00
      0.564      0.131  -186.3835     7.5199     98.060 3.8598e+02     15.402     39.125  39.846805     3.9251     3.1008    25.9152   996.8297      0.803      0.554 0.0000e+00
      0.599      0.131   -96.7806     7.6469     98.885 3.9294e+02     15.401     39.112  39.835134     4.0273     3.0640    25.9144   996.8301      0.855      0.589 0.0000e+00
      0.629      0.124   -25.4678     7.7672     99.333 3.5842e+02     15.397     39.122  39.845225     4.1864     3.0361    25.9156   996.8299      0.893      0.615 0.0000e+00
      0.659      0.112    26.8590     7.8832     99.436 3.2040e+02     15.392     39.117  39.841885     4.2656     3.0041    25.9160   996.8298      0.934      0.644 0.0000e+00
      0.689      0.100    63.9733     7.9740     99.334 3.0417e+02     15.386     39.070  39.794753     4.2889     2.9858    25.9167   996.8299      0.986      0.680 0.0000e+00
      0.714      0.088    89.7901     8.0456     99.138 2.9942e+02     15.380     39.058  39.783106     4.4100     3.0210    25.9179   996.8296      1.020      0.704 0.0000e+00
      0.734      0.075   107.4759     8.0812     98.933 2.9833e+02     15.375     39.103  39.828005     4.6043     3.0522    25.9188   996.8295      1.045      0.720 0.0000e+00
      0.750      0.063   119.0680     8.0825     98.739 3.0219e+02     15.371     39.105  39.829866     4.6933     3.0197    25.9202   996.8292      1.069      0.738 0.0000e+00
      0.764      0.052   126.4435     8.0730     98.514 3.0806e+02     15.367     39.080  39.805614     4.6748     2.9715    25.9218   996.8288      1.089      0.752 0.0000e+00
      0.774      0.044   131.1771     8.0531     98.293 3.0327e+02     15.364     39.063  39.788644     4.6668     2.9838    25.9222   996.8287      1.102      0.759 0.0000e+00
      0.783      0.037   134.7445     8.0362     98.178 2.9667e+02     15.363     39.027  39.751623     4.6832     3.0314    25.9207   996.8292      1.113      0.766 0.0000e+00
      0.792      0.032   137.7418     8.0230     98.185 2.9914e+02     15.362     39.015  39.738808     4.6918     3.0661    25.9213   996.8291      1.128      0.777 0.0000e+00
      0.800      0.027   140.2293     8.0039     98.265 2.9885e+02     15.361     39.037  39.760636     4.6853     3.0607    25.9233   996.8286      1.137      0.783 0.0000e+00
      0.806      0.023   142.3642     7.9807     98.391 2.8911e+02     15.360     39.037  39.761671     4.6703     3.0007    25.9226   996.8288      1.148      0.791 0.0000e+00
      0.812      0.018   144.1966     7.9720     98.553 2.7765e+02     15.360     39.027  39.751317     4.6446     2.9926    25.9215   996.8291      1.157      0.798 0.0000e+00
      0.816      0.013   145.5197     7.9751     98.739 2.7161e+02     15.360     39.038  39.762386     4.6223     3.0315    25.9210   996.8292      1.161      0.800 0.0000e+00
      0.818      0.009   145.9722     7.9812     98.878 2.7472e+02     15.359     39.044  39.768567     4.6194     3.0246    25.9210   996.8293      1.164      0.802 0.0000e+00
      0.819      0.005   146.0546     7.9930     98.900 2.8193e+02     15.358     39.039  39.762580     4.6099     3.0118    25.9217   996.8291      1.165      0.803 0.0000e+00
      0.819      0.003   146.6016     8.0042     98.764 2.8198e+02     15.359     39.029  39.753466     4.5270     2.9801    25.9220   996.8290      1.166      0.804 0.0000e+00
      0.819      0.002   147.5099     8.0230     98.442 2.7682e+02     15.360     38.998  39.721844     4.4080     2.9153    25.9216   996.8291      1.166      0.804 0.0000e+00
      0.819      0.002   148.2602     8.0366     97.999 2.7710e+02     15.360     38.975  39.697592     4.3636     2.8469    25.9211   996.8292      1.166      0.804 0.0000e+00
      0.819      0.001   148.5330     8.0381     97.461 2.8254e+02     15.360     38.991  39.714107     4.3624     2.8054    25.9210   996.8292      1.166      0.804 0.0000e+00
      0.820      0.001   148.6573     8.0307     96.811 2.8808e+02     15.360     39.008  39.731116     4.3652     2.8599    25.9211   996.8293      1.167      0.805 0.0000e+00
      0.821      0.001   149.2473     7.9996     96.092 2.9180e+02     15.360     38.990  39.712846     4.3872     2.9569    25.9215   996.8292      1.168      0.805 0.0000e+00
      0.822      0.001   150.1587     7.9632     95.367 2.8911e+02     15.360     38.961  39.683608     4.4087     3.0168    25.9216   996.8291      1.169      0.806 0.0000e+00
      0.822      0.001   151.2457     7.9221     94.660 2.8297e+02     15.360     38.972  39.694946     4.4248     3.0341    25.9212   996.8292      1.169      0.806 0.0000e+00
      0.822      0.001   152.2378     7.8663     93.960 2.8003e+02     15.360     39.000  39.722996     4.4488     2.9944    25.9214   996.8292      1.169      0.806 0.0000e+00
      0.822      0.001   152.8617     7.8064     93.299 2.7707e+02     15.359     38.983  39.705411     4.4700     2.9499    25.9213   996.8292      1.168      0.806 0.0000e+00
      0.823      0.002   153.4545     7.7466     92.736 2.7296e+02     15.359     38.951  39.672735     4.4711     2.9762    25.9211   996.8292      1.169      0.807 0.0000e+00
      0.823      0.003   154.0700     7.6902     92.263 2.7051e+02     15.359     38.925  39.645262     4.4726     3.0382    25.9207   996.8293      1.170      0.807 0.0000e+00
      0.824      0.004   154.7983     7.6335     91.905 2.6966e+02     15.359     38.907  39.627106     4.4880     3.0468    25.9204   996.8294      1.171      0.808 0.0000e+00
      0.825      0.004   155.5487     7.5748     91.628 2.6546e+02     15.359     38.924  39.643615     4.5236     3.0109    25.9206   996.8293      1.173      0.809 0.0000e+00
      0.826      0.004   156.0026     7.5325     91.279 2.5558e+02     15.359     38.935  39.654465     4.5687     2.9815    25.9203   996.8294      1.176      0.810 0.0000e+00
      0.828      0.004   156.4141     7.4924     90.842 2.4813e+02     15.359     38.913  39.631357     4.5853     2.9663    25.9201   996.8295      1.178      0.812 0.0000e+00
      0.828      0.004   156.9967     7.4613     90.406 2.4795e+02     15.359     38.900  39.618096     4.5911     2.9988    25.9198   996.8296      1.178      0.812 0.0000e+00
      0.828      0.003   157.6269     7.4493     90.088 2.5032e+02     15.359     38.904  39.621060     4.6093     2.9964    25.9187   996.8300      1.178      0.812 0.0000e+00
      0.829      0.003   158.1834     7.4179     89.928 2.5134e+02     15.359     38.888  39.603727     4.6146     2.9042    25.9171   996.8303      1.180      0.813 0.0000e+00
      0.831      0.003   158.5621     7.3814     89.807 2.5069e+02     15.360     38.883  39.598926     4.6080     2.8449    25.9168   996.8304      1.182      0.815 0.0000e+00
      0.832      0.003   158.7640     7.3414     89.627 2.5204e+02     15.360     38.910  39.626477     4.6058     2.8289    25.9166   996.8304      1.183      0.816 0.0000e+00
      0.832      0.003   158.9900     7.3130     89.412 2.5977e+02     15.359     38.903  39.619500     4.6266     2.8819    25.9152   996.8307      1.183      0.816 0.0000e+00
      0.833      0.003   159.4014     7.3060     89.219 2.6939e+02     15.358     38.862  39.578037     4.6687     2.9714    25.9146   996.8309      1.185      0.817 0.0000e+00
      0.834      0.002   159.8667     7.2994     89.055 2.6562e+02     15.358     38.853  39.569434     4.6862     2.9844    25.9145   996.8309      1.186      0.818 0.0000e+00
      0.834      0.002   160.1427     7.2836     88.924 2.5346e+02     15.359     38.862  39.578953     4.6759     2.9694    25.9144   996.8310      1.187      0.818 0.0000e+00
      0.835      0.002   160.3283     7.2628     88.841 2.5506e+02     15.359     38.849  39.566200     4.6576     2.9958    25.9150   996.8308      1.188      0.819 0.0000e+00
      0.835      0.001   160.5627     7.2486     88.841 2.5902e+02     15.359     38.825  39.542175     4.6365     3.0642    25.9154   996.8307      1.188      0.819 0.0000e+00
      0.835      0.000   160.5668     7.2340     88.914 2.5136e+02     15.359     38.825  39.542336     4.6216     3.0747    25.9158   996.8307      1.188      0.819 0.0000e+00
      0.835      0.000   160.2919     7.2241     88.994 2.5708e+02     15.360     38.850  39.568153     4.6108     3.0204    25.9162   996.8305      1.189      0.820 0.0000e+00
      0.835      0.003   160.0783     7.2150     89.024 2.7443e+02     15.360     38.881  39.600457     4.6109     3.0254    25.9165   996.8305      1.188      0.819 0.0000e+00
      0.834      0.011   159.9632     7.2154     89.029 2.7198e+02     15.360     38.896  39.615572     4.6129     3.0665    25.9169   996.8304      1.186      0.819 0.0000e+00
      0.834      0.022   159.8468     7.2240     89.203 2.5989e+02     15.360     38.843  39.560495     4.6068     3.0712    25.9171   996.8303      1.185      0.817 0.0000e+00
      0.835      0.033   159.8753     7.2316     89.854 2.5856e+02     15.360     38.794  39.505744     4.6136     3.0474    25.9175   996.8302      1.185      0.817 0.0000e+00
      0.846      0.040   160.1359     7.2356     91.415 2.6166e+02     15.360     38.819  39.524791     4.6189     3.0194    25.9177   996.8301      1.194      0.823 0.0000e+00
      0.869      0.042   160.4163     7.2283     94.181 2.6240e+02     15.360     38.833  39.536911     4.6419     3.0419    25.9180   996.8303      1.237      0.852 0.0000e+00
      0.890      0.040   160.7704     7.2347     97.713 2.6236e+02     15.360     38.821  39.525336     4.7006     3.0788    25.9192   996.8300      1.275      0.879 0.0000e+00
      0.899      0.034   161.3206     7.2762    100.865 2.5986e+02     15.360     38.807  39.511790     4.7377     3.0881    25.9115   996.8320      1.280      0.883 0.0000e+00
