Data/DataNotYetUploadedToEDI/Raw_CTD/RawDownloads/072125_fcr20_S7809003.cnv
* Sea-Bird SBE19plus  Data File:
* FileName = C:\R\Reservoirs\Data\DataNotYetUploadedToEDI\Raw_CTD\RawDownloads\072125_fcr50_S7809_0003.hex
* Software version 2.8.0.119
* Temperature SN = 7809
* Conductivity SN = 7809
* System UpLoad Time = Jul 21 2025 18:15:22
* <ApplicationData>
* <Seaterm232>
# nquan = 15
# nvalues = 1302                        
# units = specified
# name 0 = depFM: Depth [fresh water, m]
# name 1 = dz/dtM: Descent Rate [m/s]
# name 2 = sbeox0Mg/L: Oxygen, SBE 43 [mg/l]
# name 3 = sbeox0PS: Oxygen, SBE 43 [% saturation]
# name 4 = specc: Specific Conductance [uS/cm]
# name 5 = c0uS/cm: Conductivity [uS/cm]
# name 6 = flECO-AFL: Fluorescence, WET Labs ECO-AFL/FL [mg/m^3]
# name 7 = ph: pH
# name 8 = orp: Oxidation Reduction Potential [mV]
# name 9 = par/sat/log: PAR/Logarithmic, Satlantic
# name 10 = turbWETntu0: Turbidity, WET Labs ECO [NTU]
# name 11 = prdM: Pressure, Strain Gauge [db]
# name 12 = prdE: Pressure, Strain Gauge [psi]
# name 13 = tv290C: Temperature [ITS-90, deg C]
# name 14 = flag:  0.000e+00
# span 0 =     -0.654,      3.333       
# span 1 =     -0.273,      0.183       
# span 2 =     0.0256,     9.8370       
# span 3 =      0.278,    123.064       
# span 4 =      1.113,    335.845       
# span 5 =   1.141270, 266.236428       
# span 6 =    -0.3506,    16.4608       
# span 7 =      6.966,      7.218       
# span 8 = -1031.9312,   212.3660       
# span 9 = 4.5663e+00, 1.1862e+03       
# span 10 =    -1.2983,   120.6690      
# span 11 =     -0.642,      3.268      
# span 12 =     -0.932,      4.740      
# span 13 =    14.6223,    27.8589      
# span 14 = 0.0000e+00, 0.0000e+00      
# interval = seconds: 0.25
# start_time = Jul 21 2025 13:39:44 [Instrument's time stamp, header]
# bad_flag = -9.990e-29
*END*
[from data line 193]
      0.202     -0.003     9.2682    112.527     34.854  36.358342     2.2125      7.037   117.4419 5.1420e+02     7.0072      0.198      0.287    27.1541 0.0000e+00
      0.200     -0.002     9.1318    112.003     34.860  36.365249     2.2526      7.037   117.5432 5.1955e+02     6.9962      0.197      0.285    27.1543 0.0000e+00
      0.198     -0.001     9.0349    111.639     34.866  36.372066     2.2421      7.037   117.5485 5.2625e+02     6.9128      0.195      0.283    27.1532 0.0000e+00
      0.198      0.001     8.9839    111.443     34.871  36.377315     2.2353      7.037   117.5924 5.3165e+02     6.8179      0.194      0.281    27.1517 0.0000e+00
      0.199      0.001     8.9424    111.349     34.860  36.365258     2.2713      7.037   117.7298 5.3518e+02     6.8742      0.196      0.283    27.1515 0.0000e+00
      0.202      0.001     8.8924    111.302     34.849  36.353193     2.2937      7.037   117.8323 5.3788e+02     6.9104      0.198      0.287    27.1521 0.0000e+00
      0.203      0.001     8.8657    111.256     34.855  36.358337     2.2815      7.037   117.8854 5.4109e+02     6.8462      0.200      0.290    27.1521 0.0000e+00
      0.202      0.001     8.8524    111.265     34.861  36.364000     2.2736      7.037   118.0275 5.4571e+02     6.7810      0.198      0.288    27.1521 0.0000e+00
      0.200      0.001     8.8453    111.360     34.858  36.358217     2.2732      7.037   118.1750 5.5027e+02     6.6685      0.196      0.285    27.1519 0.0000e+00
      0.199      0.001     8.8455    111.516     34.854  36.351862     2.2936      7.037   118.2922 5.5416e+02     6.6474      0.195      0.282    27.1517 0.0000e+00
      0.200      0.002     8.8378    111.663     34.856  36.350604     2.3034      7.038   118.4979 5.5820e+02     6.6280      0.195      0.284    27.1510 0.0000e+00
      0.202      0.003     8.8381    111.663     34.851  36.343002     2.2922      7.039   118.8549 5.6315e+02     6.5015      0.199      0.288    27.1493 0.0000e+00
      0.205      0.003     8.8479    111.497     34.834  36.323396     2.2911      7.038   119.2542 5.7055e+02     6.4501      0.202      0.292    27.1465 0.0000e+00
      0.206      0.003     8.8606    111.266     34.817  36.303899     2.3064      7.038   119.5396 5.8017e+02     6.5189      0.203      0.294    27.1418 0.0000e+00
      0.206      0.002     8.8806    111.018     34.812  36.297610     2.3369      7.037   119.7243 5.9215e+02     6.6499      0.202      0.293    27.1365 0.0000e+00
      0.206      0.001     8.8812    110.780     34.827  36.310810     2.3347      7.037   119.8528 6.0611e+02     6.6688      0.202      0.293    27.1325 0.0000e+00
      0.206      0.000     8.8631    110.565     34.853  36.336586     2.2960      7.038   119.9741 6.1837e+02     6.5425      0.202      0.293    27.1301 0.0000e+00
      0.205 2.0628e-08     8.8454    110.354     34.872  36.355469     2.2851      7.038   120.1586 6.2950e+02     6.4545      0.201      0.292    27.1282 0.0000e+00
      0.205 2.2690e-07     8.8246    110.165     34.867  36.348766     2.3108      7.038   120.4491 6.4369e+02     6.4933      0.201      0.291    27.1264 0.0000e+00
      0.206 2.2690e-07     8.8053    110.033     34.839  36.318990     2.3411      7.039   120.7330 6.6310e+02     6.5682      0.202      0.293    27.1247 0.0000e+00
      0.206 2.0628e-08     8.7901    109.951     34.833  36.312703     2.3350      7.039   120.9245 6.8459e+02     6.5404      0.203      0.294    27.1225 0.0000e+00
      0.206 1.8752e-09     8.7729    109.903     34.855  36.336202     2.2952      7.038   121.1290 7.0116e+02     6.4979      0.202      0.293    27.1201 0.0000e+00
      0.206 1.7050e-10     8.7564    109.890     34.867  36.349307     2.2933      7.038   121.3989 7.1118e+02     6.5673      0.202      0.293    27.1175 0.0000e+00
      0.206 1.5760e-11     8.7473    109.950     34.862  36.344257     2.3194      7.037   121.6926 7.2005e+02     6.5932      0.201      0.292    27.1161 0.0000e+00
      0.206 4.2891e-12     8.7406    110.092     34.856  36.338602     2.3367      7.037   121.9270 7.2937e+02     6.5382      0.202      0.293    27.1164 0.0000e+00
      0.206 3.1810e-11     8.7375    110.233     34.860  36.344375     2.3604      7.037   122.0822 7.3355e+02     6.5172      0.203      0.294    27.1172 0.0000e+00
      0.206 3.4851e-10     8.7346    110.313     34.865  36.350607     2.3653      7.038   122.1917 7.3570e+02     6.5097      0.202      0.293    27.1179 0.0000e+00
      0.206 3.8335e-09     8.7378    110.340     34.864  36.350503     2.3706      7.038   122.3050 7.3851e+02     6.5839      0.202      0.294    27.1187 0.0000e+00
      0.206 4.2169e-08     8.7529    110.357     34.856  36.343118     2.3904      7.038   122.5055 7.3923e+02     6.6971      0.202      0.294    27.1201 0.0000e+00
      0.206 4.6386e-07     8.7660    110.427     34.837  36.324769     2.3809      7.038   122.7227 7.3864e+02     6.7166      0.201      0.292    27.1218 0.0000e+00
      0.207      0.000     8.7709    110.555     34.831  36.319000     2.3470      7.038   122.8666 7.3170e+02     6.6496      0.202      0.294    27.1233 0.0000e+00
      0.207      0.000     8.7721    110.673     34.847  36.336824     2.3132      7.038   123.0416 7.2076e+02     6.6044      0.203      0.295    27.1251 0.0000e+00
      0.207      0.001     8.7705    110.728     34.859  36.349929     2.3305      7.037   123.2891 7.1575e+02     6.7164      0.203      0.294    27.1264 0.0000e+00
      0.206      0.002     8.7752    110.726     34.859  36.350553     2.3807      7.037   123.5371 7.1480e+02     6.8076      0.202      0.294    27.1281 0.0000e+00
      0.206      0.002     8.7888    110.764     34.853  36.344368     2.3962      7.038   123.7162 7.1312e+02     6.7170      0.202      0.293    27.1302 0.0000e+00
      0.207      0.002     8.7983    110.903     34.847  36.338601     2.3935      7.038   123.7337 7.1371e+02     6.6457      0.203      0.295    27.1316 0.0000e+00
      0.209      0.002     8.8043    111.105     34.852  36.344271     2.3725      7.037   123.6627 7.1761e+02     6.7321      0.205      0.298    27.1321 0.0000e+00
      0.210      0.002     8.7995    111.319     34.856  36.349471     2.3506      7.037   123.6326 7.2251e+02     6.8730      0.206      0.299    27.1318 0.0000e+00
      0.210      0.001     8.7998    111.456     34.845  36.338031     2.3376      7.038   123.7133 7.3325e+02     6.8809      0.206      0.299    27.1325 0.0000e+00
      0.209     -0.001     8.8142    111.479     34.841  36.332839     2.3315      7.039   123.8639 7.5755e+02     6.7589      0.205      0.298    27.1335 0.0000e+00
      0.209     -0.003     8.8292    111.437     34.859  36.350148     2.3433      7.039   123.8193 7.8344e+02     6.6279      0.204      0.297    27.1342 0.0000e+00
      0.209     -0.005     8.8503    111.344     34.866  36.356967     2.3463      7.038   123.4324 7.9354e+02     6.5941      0.205      0.298    27.1360 0.0000e+00
      0.208     -0.007     8.8623    111.160     34.861  36.351833     2.3515      7.038   123.0572 7.9493e+02     6.6924      0.204      0.297    27.1368 0.0000e+00
      0.206     -0.007     8.8620    110.935     34.860  36.351522     2.3396      7.038   123.0684 7.9918e+02     6.6879      0.202      0.294    27.1340 0.0000e+00
      0.203     -0.006     8.8581    110.789     34.860  36.353204     2.3021      7.038   123.3102 8.0617e+02     6.5405      0.198      0.289    27.1305 0.0000e+00
      0.199     -0.004     8.8542    110.817     34.876  36.372172     2.2893      7.038   123.5714 8.1048e+02     6.4819      0.195      0.283    27.1303 0.0000e+00
      0.197      0.000     8.8371    111.021     34.892  36.390515     2.3184      7.038   123.7318 8.0860e+02     6.5606      0.192      0.279    27.1316 0.0000e+00
      0.197      0.004     8.8145    111.249     34.885  36.384647     2.3628      7.038   123.7863 7.9643e+02     6.6720      0.191      0.278    27.1332 0.0000e+00
      0.200      0.007     8.8008    111.385     34.864  36.364668     2.3596      7.038   123.8863 7.8317e+02     6.6671      0.195      0.283    27.1360 0.0000e+00
      0.206      0.008     8.7998    111.425     34.839  36.339306     2.3130      7.038   123.9953 7.7333e+02     6.6032      0.202      0.293    27.1383 0.0000e+00
      0.211      0.007     8.8238    111.428     34.832  36.331809     2.2904      7.037   124.0717 7.4971e+02     6.5828      0.209      0.303    27.1401 0.0000e+00
      0.212      0.004     8.8440    111.482     34.839  36.337469     2.3109      7.037   124.2070 7.2624e+02     6.5914      0.210      0.305    27.1430 0.0000e+00
      0.210      0.001     8.8537    111.560     34.848  36.344277     2.3448      7.038   124.2540 7.2503e+02     6.6732      0.206      0.299    27.1465 0.0000e+00
      0.208     -0.003     8.8560    111.558     34.857  36.350669     2.3429      7.039   124.0383 7.2853e+02     6.6839      0.203      0.294    27.1484 0.0000e+00
      0.207     -0.006     8.8513    111.447     34.860  36.351301     2.3133      7.039   123.7498 7.2144e+02     6.6181      0.202      0.293    27.1474 0.0000e+00
      0.207     -0.007     8.8578    111.265     34.860  36.351926     2.3113      7.039   123.6914 7.1709e+02     6.6640      0.203      0.295    27.1441 0.0000e+00
      0.206     -0.006     8.8693    111.070     34.865  36.358223     2.3433      7.039   123.9346 7.2337e+02     6.7257      0.204      0.296    27.1396 0.0000e+00
      0.203     -0.004     8.8702    110.970     34.869  36.363992     2.3668      7.038   124.2815 7.3417e+02     6.6129      0.200      0.290    27.1347 0.0000e+00
      0.199     -0.003     8.8600    111.027     34.861  36.358224     2.3454      7.038   124.6152 7.3552e+02     6.3929      0.194      0.281    27.1317 0.0000e+00
      0.198     -0.003     8.8451    111.149     34.852  36.351936     2.3183      7.039   124.7864 7.2262e+02     6.3549      0.192      0.279    27.1315 0.0000e+00
      0.200     -0.003     8.8255    111.259     34.848  36.351425     2.3304      7.039   124.6309 7.2393e+02     6.4944      0.196      0.285    27.1341 0.0000e+00
      0.202     -0.003     8.8130    111.414     34.847  36.352049     2.3331      7.039   124.4556 7.4430e+02     6.5428      0.200      0.290    27.1383 0.0000e+00
      0.202     -0.002     8.8217    111.639     34.853  36.359481     2.3090      7.039   124.5592 7.6083e+02     6.4617      0.199      0.288    27.1414 0.0000e+00
      0.198     -0.002     8.8348    111.880     34.869  36.377834     2.2970      7.040   124.7655 7.7085e+02     6.4021      0.194      0.281    27.1455 0.0000e+00
      0.196     -0.002     8.8383    112.095     34.875  36.383608     2.3050      7.040   124.8850 7.7019e+02     6.4711      0.190      0.276    27.1509 0.0000e+00
      0.196     -0.002     8.8496    112.259     34.860  36.365841     2.3144      7.039   124.9724 7.6509e+02     6.5442      0.191      0.277    27.1534 0.0000e+00
      0.197     -0.002     8.8701    112.334     34.851  36.353360     2.3026      7.038   125.0476 7.7226e+02     6.5355      0.193      0.280    27.1543 0.0000e+00
      0.198     -0.002     8.8895    112.288     34.860  36.359601     2.2869      7.038   125.1055 7.8217e+02     6.6045      0.194      0.282    27.1567 0.0000e+00
      0.198     -0.002     8.9068    112.108     34.879  36.377846     2.2833      7.038   125.2430 7.7947e+02     6.6947      0.195      0.282    27.1577 0.0000e+00
      0.196     -0.002     8.9220    111.834     34.884  36.383605     2.2996      7.038   125.3335 7.7909e+02     6.7726      0.193      0.280    27.1539 0.0000e+00
      0.193     -0.002     8.9295    111.554     34.865  36.365789     2.3263      7.038   125.4247 7.9915e+02     6.7942      0.190      0.275    27.1478 0.0000e+00
      0.191     -0.002     8.9275    111.364     34.850  36.352786     2.3069      7.039   125.8297 8.3815e+02     6.5471      0.187      0.270    27.1435 0.0000e+00
      0.191     -0.003     8.9123    111.324     34.849  36.353296     2.2565      7.039   126.1863 8.6190e+02     6.2439      0.186      0.271    27.1418 0.0000e+00
      0.194     -0.004     8.8871    111.395     34.865  36.371953     2.2324      7.039   126.2084 8.4383e+02     6.1339      0.191      0.277    27.1420 0.0000e+00
      0.195     -0.005     8.8628    111.519     34.879  36.388009     2.2323      7.039   126.1835 8.3222e+02     6.2083      0.193      0.280    27.1446 0.0000e+00
      0.192     -0.005     8.8434    111.686     34.849  36.357084     2.2389      7.039   126.1426 8.5266e+02     6.3575      0.190      0.275    27.1489 0.0000e+00
      0.187     -0.005     8.8422    111.871     34.811  36.315290     2.2206      7.039   126.0583 8.6304e+02     6.3656      0.184      0.266    27.1528 0.0000e+00
      0.184     -0.004     8.8496    111.956     34.825  36.326835     2.1772      7.039   126.0248 8.6379e+02     6.2722      0.179      0.260    27.1552 0.0000e+00
      0.184     -0.003     8.8586    111.861     34.868  36.369775     2.1634      7.038   126.0819 8.8033e+02     6.3224      0.179      0.259    27.1574 0.0000e+00
      0.186     -0.001     8.8716    111.685     34.888  36.390317     2.1959      7.038   126.2324 8.8516e+02     6.5283      0.182      0.265    27.1593 0.0000e+00
      0.188     -0.001     8.8906    111.565     34.882  36.384851     2.2371      7.038   126.3821 8.7541e+02     6.6773      0.185      0.269    27.1560 0.0000e+00
      0.189     -0.001     8.9033    111.546     34.863  36.367140     2.2370      7.039   126.5144 8.6467e+02     6.6559      0.186      0.270    27.1496 0.0000e+00
      0.187     -0.002     8.8912    111.631     34.860  36.366526     2.2271      7.039   126.7137 8.4569e+02     6.6116      0.184      0.266    27.1458 0.0000e+00
      0.184     -0.002     8.8723    111.795     34.868  36.377431     2.2596      7.039   126.9859 8.3865e+02     6.6876      0.181      0.262    27.1449 0.0000e+00
      0.183     -0.002     8.8627    112.014     34.861  36.372086     2.2971      7.039   127.2249 8.3582e+02     6.7543      0.179      0.259    27.1466 0.0000e+00
      0.183     -0.001     8.8600    112.266     34.853  36.365364     2.3140      7.039   127.3651 8.1439e+02     6.7350      0.178      0.258    27.1502 0.0000e+00
      0.185     -0.001     8.8670    112.495     34.846  36.359609     2.3062      7.039   127.4767 7.9203e+02     6.6602      0.180      0.263    27.1545 0.0000e+00
      0.186     -0.001     8.8810    112.656     34.851  36.365954     2.3026      7.040   127.6272 7.7494e+02     6.6017      0.183      0.265    27.1578 0.0000e+00
      0.186     -0.001     8.8969    112.738     34.863  36.378634     2.3373      7.040   127.8086 7.4765e+02     6.6758      0.184      0.266    27.1602 0.0000e+00
      0.184     -0.001     8.9197    112.751     34.870  36.386028     2.3676      7.040   127.9494 7.1575e+02     6.7708      0.181      0.263    27.1626 0.0000e+00
      0.182     -0.001     8.9382    112.708     34.876  36.391897     2.3766      7.039   128.0398 6.9086e+02     6.7595      0.178      0.258    27.1647 0.0000e+00
      0.181     -0.001     8.9514    112.618     34.870  36.386148     2.3558      7.039   128.0404 6.7345e+02     6.6410      0.177      0.257    27.1664 0.0000e+00
      0.182     -0.000     8.9572    112.552     34.864  36.379965     2.3243      7.039   127.9573 6.6138e+02     6.5683      0.178      0.258    27.1670 0.0000e+00
      0.184      0.001     8.9576    112.578     34.864  36.380588     2.3369      7.040   127.8949 6.4763e+02     6.6667      0.180      0.260    27.1666 0.0000e+00
      0.185      0.001     8.9550    112.685     34.874  36.393684     2.3491      7.040   127.9744 6.3273e+02     6.6684      0.181      0.263    27.1669 0.0000e+00
      0.185      0.001     8.9455    112.840     34.889  36.411413     2.3388      7.040   128.2294 6.2210e+02     6.5549      0.181      0.263    27.1663 0.0000e+00
