Data/DataNotYetUploadedToEDI/Raw_CTD/RawDownloads/072125_fcr50_S7809001.cnv
* Sea-Bird SBE19plus  Data File:
* FileName = C:\R\Reservoirs\Data\DataNotYetUploadedToEDI\Raw_CTD\RawDownloads\072125_fcr50_S7809_0001.hex
* Software version 2.8.0.119
* Temperature SN = 7809
* Conductivity SN = 7809
* System UpLoad Time = Jul 21 2025 18:14:25
* <ApplicationData>
* <Seaterm232>
# nquan = 15
# nvalues = 2132                        
# units = specified
# name 0 = depFM: Depth [fresh water, m]
# name 1 = dz/dtM: Descent Rate [m/s]
# name 2 = sbeox0Mg/L: Oxygen, SBE 43 [mg/l]
# name 3 = sbeox0PS: Oxygen, SBE 43 [% saturation]
# name 4 = specc: Specific Conductance [uS/cm]
# name 5 = c0uS/cm: Conductivity [uS/cm]
# name 6 = flECO-AFL: Fluorescence, WET Labs ECO-AFL/FL [mg/m^3]
# name 7 = ph: pH
# name 8 = orp: Oxidation Reduction Potential [mV]
# name 9 = par/sat/log: PAR/Logarithmic, Satlantic
# name 10 = turbWETntu0: Turbidity, WET Labs ECO [NTU]
# name 11 = prdM: Pressure, Strain Gauge [db]
# name 12 = prdE: Pressure, Strain Gauge [psi]
# name 13 = tv290C: Temperature [ITS-90, deg C]
# name 14 = flag:  0.000e+00
# span 0 =     -0.652,      9.757       
# span 1 =     -2.803,      0.305       
# span 2 =    -0.5462,     8.5064       
# span 3 =     -4.847,    107.124       
# span 4 =      0.606,    310.054       
# span 5 =   0.649223, 226.763820       
# span 6 =    -0.0949,    12.3143       
# span 7 =      7.063,      9.367       
# span 8 = -1240.7455,   363.0359       
# span 9 = 1.2346e-01, 4.6393e+02       
# span 10 =    -0.1704,   332.5916      
# span 11 =     -0.640,      9.569      
# span 12 =     -0.928,     13.879      
# span 13 =    11.4051,    28.5641      
# span 14 = 0.0000e+00, 0.0000e+00      
# interval = seconds: 0.25
# start_time = Jul 21 2025 11:17:49 [Instrument's time stamp, header]
# bad_flag = -9.990e-29
*END*
[from data line 1446]
      9.636      0.019    -0.0839      0.338    279.048 203.191359     0.0394      7.814   225.8609 1.2361e-01     0.2511      9.450     13.706    11.4062 0.0000e+00
      9.641      0.019    -0.0359      0.471    280.707 204.398852     0.0452      7.825   225.5544 1.2366e-01     0.1551      9.454     13.713    11.4057 0.0000e+00
      9.646      0.019    -0.0056      0.554    282.203 205.488621     0.0335      7.855   225.4508 1.2375e-01     0.1018      9.460     13.721    11.4055 0.0000e+00
      9.651      0.018     0.0180      0.616    283.523 206.450442    -0.0021      7.899   225.2965 1.2375e-01     0.0506      9.464     13.727    11.4053 0.0000e+00
      9.656      0.017     0.0388      0.681    284.723 207.326177    -0.0113      7.949   224.8930 1.2369e-01     0.0484      9.469     13.734    11.4051 0.0000e+00
      9.660      0.016     0.0540      0.761    286.015 208.270507    -0.0024      8.001   224.2716 1.2365e-01     0.0748      9.473     13.740    11.4051 0.0000e+00
      9.664      0.014     0.0609      0.827    287.414 209.293418    -0.0184      8.053   223.2906 1.2366e-01     0.0281      9.477     13.745    11.4051 0.0000e+00
      9.668      0.014     0.0674      0.865    288.771 210.286976    -0.0314      8.106   222.2375 1.2368e-01    -0.0719      9.481     13.752    11.4053 0.0000e+00
      9.671      0.014     0.0728      0.895    289.924 211.131936    -0.0342      8.159   221.4331 1.2367e-01    -0.1097      9.484     13.755    11.4056 0.0000e+00
      9.673      0.014     0.0839      0.912    290.785 211.765787    -0.0439      8.213   218.8132 1.2367e-01    -0.0872      9.486     13.759    11.4062 0.0000e+00
      9.676      0.014     0.0923      0.917    291.446 212.254622    -0.0491      8.267   211.4688 1.2367e-01    -0.1079      9.488     13.762    11.4070 0.0000e+00
      9.680      0.015     0.0938      0.933    292.034 212.690127    -0.0390      8.317   193.5475 1.2365e-01    -0.1544      9.492     13.767    11.4078 0.0000e+00
      9.685      0.016     0.0984      0.955    292.623 213.127103    -0.0295      8.362   160.6989 1.2364e-01    -0.1704      9.497     13.775    11.4089 0.0000e+00
      9.689      0.017     0.1004      0.980    293.220 213.569636    -0.0337      8.405   118.1032 1.2364e-01    -0.1657      9.503     13.782    11.4101 0.0000e+00
      9.693      0.017     0.0990      1.015    293.811 214.008240    -0.0239      8.445    73.2756 1.2362e-01    -0.0970      9.506     13.787    11.4112 0.0000e+00
      9.697      0.017     0.1016      1.055    294.422 214.461633    -0.0102      8.480    31.2496 1.2364e-01    -0.0228      9.508     13.791    11.4126 0.0000e+00
      9.702      0.016     0.1046      1.095    294.999 214.890848    -0.0011      8.510    -7.1547 1.2370e-01    -0.0208      9.514     13.800    11.4140 0.0000e+00
      9.707      0.015     0.1062      1.126    295.452 215.229076     0.0275      8.537   -39.5970 1.2370e-01     0.0300      9.520     13.809    11.4152 0.0000e+00
      9.711      0.014     0.1105      1.131    295.782 215.478473     0.0440      8.560   -62.7952 1.2362e-01     0.1135      9.523     13.812    11.4165 0.0000e+00
      9.715      0.012     0.1154      1.131    296.025 215.665789     0.0242      8.581   -80.5453 1.2356e-01     0.0661      9.527     13.818    11.4180 0.0000e+00
      9.717      0.009     0.1192      1.159    296.235 215.829514    -0.0041      8.600   -97.2773 1.2359e-01     0.0031      9.530     13.822    11.4196 0.0000e+00
      9.719      0.007     0.1246      1.188    296.435 215.985706     0.0018      8.617  -113.0682 1.2364e-01     0.1033      9.531     13.824    11.4210 0.0000e+00
      9.720      0.005     0.1241      1.202    296.641 216.145948     0.0285      8.633  -127.7001 1.2369e-01     0.1850      9.532     13.826    11.4224 0.0000e+00
      9.720      0.004     0.1208      1.215    296.919 216.358630     0.0185      8.648  -142.5499 1.2372e-01     0.1029      9.532     13.826    11.4240 0.0000e+00
      9.721      0.003     0.1272      1.236    297.286 216.636701    -0.0184      8.661  -158.0504 1.2367e-01     0.0328      9.533     13.827    11.4259 0.0000e+00
      9.723      0.003     0.1304      1.258    297.700 216.947361    -0.0347      8.674  -173.1518 1.2368e-01     0.0880      9.535     13.829    11.4277 0.0000e+00
      9.723      0.003     0.1309      1.234    298.081 217.233955    -0.0295      8.686  -185.2393 1.2375e-01     0.1216      9.535     13.830    11.4294 0.0000e+00
      9.723      0.003     0.1325      1.162    298.402 217.477067    -0.0296      8.698  -193.8105 1.2370e-01     0.1329      9.535     13.829    11.4312 0.0000e+00
      9.724      0.003     0.1337      1.102    298.709 217.710104    -0.0371      8.710  -201.6740 1.2362e-01     0.4634      9.536     13.830    11.4330 0.0000e+00
      9.725      0.003     0.1398      1.067    299.010 217.938886    -0.0283      8.722  -208.7315 1.2366e-01     1.0426      9.537     13.833    11.4345 0.0000e+00
      9.726      0.003     0.1374      1.018    299.260 218.130525    -0.0062      8.733  -213.7518 1.2374e-01     1.3629      9.538     13.834    11.4360 0.0000e+00
      9.727      0.003     0.1257      0.947    299.478 218.298591     0.0141      8.744  -218.5807 1.2372e-01     1.5694      9.539     13.836    11.4376 0.0000e+00
      9.728      0.002     0.1183      0.896    299.738 218.498416     0.0346      8.754  -224.2687 1.2362e-01     3.5738      9.540     13.837    11.4390 0.0000e+00
      9.728      0.002     0.1175      0.873    299.988 218.689897     0.0415      8.763  -228.9229 1.2353e-01     7.2881      9.540     13.836    11.4407 0.0000e+00
      9.728      0.001     0.1130      0.878    300.155 218.821094     0.0387      8.772  -231.2329 1.2352e-01     9.3820      9.540     13.837    11.4422 0.0000e+00
      9.729      0.001     0.1014      0.890    300.294 218.932274     0.0425      8.780  -232.4085 1.2357e-01     9.6927      9.541     13.838    11.4438 0.0000e+00
      9.729      0.001     0.0973      0.860    300.475 219.073789     0.0463      8.788  -233.7585 1.2361e-01    10.5323      9.541     13.838    11.4455 0.0000e+00
      9.729      0.002     0.0941      0.810    300.705 219.251621     0.0423      8.797  -235.9415 1.2362e-01    12.0188      9.541     13.838    11.4470 0.0000e+00
      9.729      0.002     0.0944      0.783    300.919 219.417750     0.0202      8.806  -239.0138 1.2361e-01    12.8066      9.541     13.838    11.4487 0.0000e+00
      9.730      0.003     0.1003      0.777    301.081 219.545802    -0.0136      8.813  -241.9097 1.2362e-01    12.9524      9.542     13.840    11.4502 0.0000e+00
      9.731      0.003     0.0946      0.771    301.207 219.647407    -0.0251      8.819  -244.1122 1.2364e-01    15.0453      9.543     13.841    11.4519 0.0000e+00
      9.732      0.004     0.0866      0.754    301.335 219.749858    -0.0188      8.825  -245.9412 1.2364e-01    19.0165      9.543     13.841    11.4535 0.0000e+00
      9.733      0.004     0.0846      0.745    301.512 219.888151    -0.0208      8.832  -247.5033 1.2366e-01    21.1380      9.544     13.843    11.4551 0.0000e+00
      9.734      0.004     0.0845      0.750    301.706 220.038934    -0.0159      8.840  -248.4598 1.2364e-01    21.6694      9.546     13.845    11.4568 0.0000e+00
      9.735      0.004     0.0851      0.757    301.865 220.164324     0.0154      8.847  -249.2457 1.2359e-01    25.9888      9.547     13.847    11.4584 0.0000e+00
      9.737      0.004     0.0816      0.765    301.970 220.251725     0.0494      8.853  -250.5525 1.2359e-01    33.8407      9.548     13.849    11.4599 0.0000e+00
      9.737      0.004     0.0802      0.773    302.060 220.327345     0.0621      8.858  -252.0426 1.2358e-01    38.1413      9.548     13.849    11.4614 0.0000e+00
      9.737      0.005     0.0822      0.771    302.200 220.438345     0.0775      8.864  -253.4096 1.2350e-01    39.0449      9.549     13.850    11.4630 0.0000e+00
      9.738      0.005     0.0823      0.757    302.365 220.569340     0.1278      8.872  -254.7777 1.2350e-01    44.2204      9.550     13.851    11.4646 0.0000e+00
      9.740      0.005     0.0834      0.753    302.524 220.694619     0.1950      8.880  -256.2802 1.2359e-01    53.4751      9.553     13.854    11.4665 0.0000e+00
      9.742      0.005     0.0843      0.740    302.656 220.800538     0.2248      8.886  -257.4665 1.2359e-01    58.5412      9.555     13.858    11.4680 0.0000e+00
      9.743      0.005     0.0853      0.699    302.765 220.889533     0.2217      8.891  -258.1944 1.2362e-01    59.4287      9.555     13.858    11.4694 0.0000e+00
      9.744      0.004     0.0814      0.671    302.907 221.002286     0.2317      8.897  -258.8856 1.2372e-01    64.4446      9.556     13.859    11.4712 0.0000e+00
      9.745      0.003     0.0820      0.666    303.082 221.139321     0.2550      8.903  -259.1991 1.2374e-01    73.5851      9.557     13.861    11.4729 0.0000e+00
      9.745      0.003     0.0835      0.666    303.243 221.265758     0.2791      8.907  -259.4027 1.2368e-01    78.6034      9.557     13.861    11.4744 0.0000e+00
      9.746      0.002     0.0744      0.668    303.384 221.378444     0.2980      8.912  -259.7997 1.2362e-01    79.8244      9.558     13.863    11.4760 0.0000e+00
      9.747      0.002     0.0722      0.655    303.507 221.477279     0.3331      8.917  -259.6108 1.2361e-01    88.4168      9.559     13.864    11.4776 0.0000e+00
      9.747      0.002     0.0731      0.646    303.614 221.564313     0.3965      8.921  -259.2697 1.2367e-01   104.1659      9.559     13.864    11.4790 0.0000e+00
      9.748      0.002     0.0713      0.655    303.737 221.662360     0.4485      8.926  -259.5473 1.2368e-01   112.8046      9.560     13.865    11.4806 0.0000e+00
      9.748      0.002     0.0747      0.660    303.867 221.766283     0.4707      8.930  -259.8697 1.2359e-01   113.6504      9.560     13.865    11.4820 0.0000e+00
      9.749      0.002     0.0710      0.647    303.984 221.860341     0.4742      8.934  -260.1577 1.2353e-01   114.2907      9.560     13.866    11.4834 0.0000e+00
      9.749      0.003     0.0690      0.623    304.118 221.967162     0.5063      8.939  -261.1365 1.2355e-01   115.4224      9.560     13.866    11.4850 0.0000e+00
      9.749      0.004     0.0724      0.601    304.284 222.097327     0.5514      8.943  -262.4970 1.2360e-01   116.1636      9.561     13.867    11.4865 0.0000e+00
      9.750      0.005     0.0722      0.585    304.439 222.217487     0.5616      8.947  -263.4441 1.2365e-01   116.0787      9.562     13.868    11.4879 0.0000e+00
      9.751      0.005     0.0717      0.591    304.585 222.331408     0.5631      8.952  -264.0701 1.2365e-01   113.0289      9.563     13.869    11.4894 0.0000e+00
      9.754      0.005     0.0668      0.594    304.739 222.450158     0.5613      8.956  -264.6446 1.2363e-01   107.3675      9.566     13.873    11.4909 0.0000e+00
      9.756      0.004     0.0665      0.579    304.888 222.564676     0.5393      8.961  -265.3145 1.2365e-01   104.1266      9.568     13.877    11.4923 0.0000e+00
      9.757      0.003     0.0615      0.588    305.055 222.691456     0.4969      8.968  -266.4910 1.2371e-01   101.9571      9.569     13.879    11.4936 0.0000e+00
      9.757      0.001     0.0644      0.604    305.239 222.830368     0.3653      8.975  -268.3728 1.2372e-01    81.7512      9.569     13.879    11.4947 0.0000e+00
      9.756     -0.002     0.0672      0.607    305.414 222.963502     0.1548      8.981  -270.4297 1.2363e-01    44.9630      9.567     13.876    11.4957 0.0000e+00
      9.756     -0.005     0.0599      0.602    305.573 223.084444     0.0411      8.986  -271.6571 1.2358e-01    24.9140      9.569     13.877    11.4967 0.0000e+00
      9.756     -0.008     0.0647      0.600    305.730 223.204020     0.0302      8.992  -271.6837 1.2360e-01    22.5726      9.568     13.878    11.4976 0.0000e+00
      9.753     -0.010     0.0662      0.598    305.882 223.320640     0.0152      8.998  -270.7512 1.2363e-01    16.8585      9.565     13.872    11.4983 0.0000e+00
      9.749     -0.014     0.0665      0.577    305.991 223.405824     0.0017      9.002  -269.3306 1.2363e-01     6.7569      9.562     13.868    11.4990 0.0000e+00
      9.746     -0.019     0.0655      0.556    306.064 223.465505     0.0165      9.006  -268.0152 1.2370e-01     1.3419      9.557     13.862    11.4999 0.0000e+00
      9.742     -0.026     0.0644      0.560    306.144 223.529930     0.0360      9.011  -266.9792 1.2374e-01     0.9174      9.554     13.856    11.5006 0.0000e+00
      9.737     -0.032     0.0670      0.574    306.243 223.608428     0.0469      9.016  -265.8384 1.2366e-01     0.7700      9.551     13.852    11.5015 0.0000e+00
      9.728     -0.036     0.0626      0.573    306.374 223.710179     0.0477      9.022  -264.3748 1.2362e-01     0.5164      9.542     13.840    11.5025 0.0000e+00
      9.715     -0.039     0.0588      0.565    306.488 223.799595     0.0205      9.027  -262.9626 1.2364e-01     0.3443      9.528     13.820    11.5035 0.0000e+00
      9.699     -0.040     0.0607      0.582    306.558 223.857035    -0.0163      9.031  -262.0145 1.2364e-01     0.2612      9.510     13.793    11.5045 0.0000e+00
      9.687     -0.040     0.0632      0.606    306.596 223.892350    -0.0145      9.034  -261.3422 1.2362e-01     0.3307      9.496     13.772    11.5055 0.0000e+00
      9.681     -0.037     0.0634      0.602    306.606 223.906388     0.0092      9.036  -260.5991 1.2362e-01     0.6391      9.496     13.772    11.5064 0.0000e+00
      9.675     -0.032     0.0596      0.595    306.673 223.962741    -0.0033      9.038  -259.6542 1.2361e-01     0.7789      9.490     13.764    11.5075 0.0000e+00
      9.665     -0.027     0.0627      0.593    306.798 224.061386    -0.0325      9.040  -258.1782 1.2357e-01     0.6543      9.477     13.745    11.5085 0.0000e+00
      9.656     -0.025     0.0683      0.582    306.894 224.138481    -0.0450      9.042  -256.3458 1.2357e-01     0.4648      9.468     13.733    11.5098 0.0000e+00
      9.651     -0.025     0.0652      0.570    306.956 224.190433    -0.0460      9.045  -254.5357 1.2359e-01     0.2642      9.462     13.725    11.5110 0.0000e+00
      9.648     -0.024     0.0642      0.569    307.016 224.241248    -0.0362      9.047  -252.5537 1.2363e-01     0.1751      9.460     13.722    11.5120 0.0000e+00
      9.645     -0.022     0.0657      0.576    307.095 224.304597    -0.0096      9.047  -249.9334 1.2369e-01     0.1729      9.461     13.721    11.5134 0.0000e+00
      9.637     -0.020     0.0632      0.586    307.191 224.380009     0.0258      9.049  -246.6859 1.2372e-01     0.2383      9.451     13.707    11.5146 0.0000e+00
      9.629     -0.019     0.0615      0.595    307.277 224.448578     0.0426      9.053  -243.6605 1.2371e-01     0.3511      9.442     13.695    11.5157 0.0000e+00
      9.623     -0.017     0.0617      0.600    307.331 224.493237     0.0433      9.055  -241.2310 1.2369e-01     0.3749      9.436     13.686    11.5167 0.0000e+00
      9.620     -0.015     0.0625      0.585    307.383 224.535732     0.0433      9.056  -239.3370 1.2365e-01     0.3555      9.433     13.681    11.5176 0.0000e+00
      9.618     -0.013     0.0645      0.578    307.435 224.578122     0.0418      9.057  -237.9680 1.2361e-01     0.3220      9.433     13.682    11.5185 0.0000e+00
      9.617     -0.013     0.0639      0.597    307.488 224.621512     0.0416      9.058  -236.6385 1.2361e-01     0.2080      9.431     13.678    11.5194 0.0000e+00
      9.615     -0.014     0.0672      0.601    307.556 224.676109     0.0251      9.059  -234.4467 1.2365e-01     0.1050      9.429     13.675    11.5204 0.0000e+00
      9.611     -0.017     0.0634      0.590    307.618 224.725902    -0.0003      9.060  -230.1380 1.2364e-01     0.4080      9.427     13.672    11.5211 0.0000e+00
