Data/DataNotYetUploadedToEDI/Raw_CTD/RawDownloads/072125_fcr40_S7809005.cnv
* Sea-Bird SBE19plus  Data File:
* FileName = C:\R\Reservoirs\Data\DataNotYetUploadedToEDI\Raw_CTD\RawDownloads\072125_fcr50_S7809_0005.hex
* Software version 2.8.0.119
* Temperature SN = 7809
* Conductivity SN = 7809
* System UpLoad Time = Jul 21 2025 18:16:51
* <ApplicationData>
* <Seaterm232>
# nquan = 15
# nvalues = 1458                        
# units = specified
# name 0 = depFM: Depth [fresh water, m]
# name 1 = dz/dtM: Descent Rate [m/s]
# name 2 = sbeox0Mg/L: Oxygen, SBE 43 [mg/l]
# name 3 = sbeox0PS: Oxygen, SBE 43 [% saturation]
# name 4 = specc: Specific Conductance [uS/cm]
# name 5 = c0uS/cm: Conductivity [uS/cm]
# name 6 = flECO-AFL: Fluorescence, WET Labs ECO-AFL/FL [mg/m^3]
# name 7 = ph: pH
# name 8 = orp: Oxidation Reduction Potential [mV]
# name 9 = par/sat/log: PAR/Logarithmic, Satlantic
# name 10 = turbWETntu0: Turbidity, WET Labs ECO [NTU]
# name 11 = prdM: Pressure, Strain Gauge [db]
# name 12 = prdE: Pressure, Strain Gauge [psi]
# name 13 = tv290C: Temperature [ITS-90, deg C]
# name 14 = flag:  0.000e+00
# span 0 =     -0.653,      6.114       
# span 1 =     -0.341,      0.198       
# span 2 =     0.0291,     9.3240       
# span 3 =      0.307,    116.882       
# span 4 =      1.152,     56.664       
# span 5 =   1.109308,  44.601049       
# span 6 =    -0.0736,    15.3110       
# span 7 =      6.958,      7.079       
# span 8 =   116.7106,   213.1107       
# span 9 = 1.2356e-01, 1.4395e+03       
# span 10 =    -0.0862,    68.2948      
# span 11 =     -0.643,      5.996      
# span 12 =     -0.931,      8.697      
# span 13 =    11.4971,    27.6580      
# span 14 = 0.0000e+00, 0.0000e+00      
# interval = seconds: 0.25
# start_time = Jul 21 2025 14:17:54 [Instrument's time stamp, header]
# bad_flag = -9.990e-29
*END*
[from data line 868]
      5.537      0.073     5.5942     52.551     48.140  35.181151     0.3970      7.057   192.5483 1.2372e-01    16.6029      5.434      7.882    11.5318 0.0000e+00
      5.552      0.073     5.6544     52.409     48.135  35.185460     0.4278      7.057   192.6775 1.2370e-01    16.6537      5.445      7.897    11.5309 0.0000e+00
      5.567      0.072     5.7014     52.178     48.110  35.170713     0.4406      7.057   192.8564 1.2365e-01    16.6722      5.456      7.914    11.5309 0.0000e+00
      5.585      0.070     5.7291     51.917     48.058  35.129750     0.4256      7.057   192.9040 1.2361e-01    16.5866      5.478      7.945    11.5319 0.0000e+00
      5.605      0.069     5.7299     51.670     48.074  35.134321     0.4057      7.057   192.9097 1.2364e-01    16.4390      5.498      7.974    11.5368 0.0000e+00
      5.624      0.069     5.7093     51.499     48.121  35.162522     0.4164      7.057   193.0121 1.2374e-01    16.4240      5.514      7.998    11.5467 0.0000e+00
      5.642      0.067     5.6808     51.431     48.114  35.153482     0.4473      7.056   193.1091 1.2379e-01    16.5424      5.532      8.025    11.5528 0.0000e+00
      5.658      0.064     5.6530     51.497     48.117  35.151905     0.4545      7.056   193.1369 1.2377e-01    16.6755      5.550      8.049    11.5477 0.0000e+00
      5.673      0.061     5.6228     51.712     48.111  35.143447     0.4284      7.057   193.1757 1.2376e-01    16.8037      5.562      8.068    11.5384 0.0000e+00
      5.689      0.059     5.6054     52.008     48.076  35.114664     0.3896      7.058   193.2334 1.2370e-01    16.8623      5.579      8.092    11.5324 0.0000e+00
      5.704      0.056     5.5974     52.342     48.090  35.121142     0.3928      7.058   193.2322 1.2362e-01    16.9405      5.595      8.116    11.5285 0.0000e+00
      5.717      0.052     5.6020     52.722     48.145  35.158312     0.4248      7.058   193.2473 1.2367e-01    17.0656      5.606      8.131    11.5252 0.0000e+00
      5.730      0.049     5.6315     53.117     48.183  35.183390     0.4354      7.058   193.3303 1.2370e-01    17.1799      5.619      8.149    11.5212 0.0000e+00
      5.744      0.046     5.6656     53.440     48.168  35.170547     0.4299      7.058   193.4608 1.2363e-01    17.2632      5.634      8.170    11.5167 0.0000e+00
      5.754      0.044     5.7007     53.637     48.114  35.129922     0.4087      7.057   193.7067 1.2360e-01    17.2179      5.644      8.186    11.5134 0.0000e+00
      5.764      0.042     5.7439     53.723     48.125  35.136348     0.4198      7.057   193.8948 1.2362e-01    17.3501      5.651      8.196    11.5106 0.0000e+00
      5.774      0.039     5.7914     53.711     48.193  35.184797     0.4816      7.056   193.9287 1.2368e-01    17.7339      5.661      8.210    11.5077 0.0000e+00
      5.785      0.035     5.8298     53.599     48.226  35.208114     0.4982      7.056   194.0304 1.2378e-01    17.8622      5.674      8.229    11.5053 0.0000e+00
      5.796      0.032     5.8494     53.421     48.254  35.227914     0.4624      7.056   194.1775 1.2378e-01    17.7741      5.685      8.245    11.5038 0.0000e+00
      5.803      0.027     5.8584     53.219     48.263  35.233854     0.4484      7.056   194.2453 1.2371e-01    17.7957      5.692      8.255    11.5024 0.0000e+00
      5.808      0.022     5.8586     53.025     48.240  35.216471     0.4787      7.056   194.3332 1.2368e-01    18.1234      5.696      8.261    11.5013 0.0000e+00
      5.812      0.018     5.8440     52.848     48.229  35.208096     0.5289      7.057   194.3796 1.2367e-01    18.5940      5.701      8.268    11.5001 0.0000e+00
      5.816      0.015     5.8238     52.687     48.214  35.196040     0.5391      7.057   194.3758 1.2372e-01    18.7382      5.703      8.272    11.4994 0.0000e+00
      5.818      0.015     5.7999     52.544     48.216  35.197600     0.5192      7.057   194.4599 1.2373e-01    18.7733      5.706      8.275    11.4990 0.0000e+00
      5.821      0.015     5.7788     52.389     48.256  35.226960     0.5300      7.057   194.4506 1.2363e-01    19.3939      5.709      8.280    11.4982 0.0000e+00
      5.825      0.016     5.7608     52.241     48.266  35.233777     0.5694      7.057   194.3496 1.2363e-01    20.4351      5.712      8.285    11.4977 0.0000e+00
      5.830      0.018     5.7407     52.144     48.242  35.216577     0.5959      7.057   194.4422 1.2373e-01    20.9436      5.717      8.291    11.4972 0.0000e+00
      5.835      0.019     5.7293     52.054     48.232  35.209344     0.5925      7.056   194.6243 1.2373e-01    20.9645      5.722      8.298    11.4971 0.0000e+00
      5.841      0.019     5.7108     51.941     48.232  35.209769     0.6201      7.056   194.6587 1.2366e-01    21.7814      5.728      8.307    11.4972 0.0000e+00
      5.846      0.018     5.6906     51.842     48.248  35.221721     0.6964      7.056   194.6858 1.2361e-01    23.3733      5.733      8.315    11.4971 0.0000e+00
      5.850      0.018     5.6840     51.792     48.255  35.226959     0.7410      7.056   194.7802 1.2356e-01    24.2941      5.736      8.321    11.4971 0.0000e+00
      5.854      0.019     5.6759     51.797     48.230  35.209644     0.7513      7.056   194.8529 1.2361e-01    24.6813      5.740      8.326    11.4973 0.0000e+00
      5.858      0.020     5.6606     51.841     48.220  35.202727     0.8124      7.056   194.9625 1.2371e-01    28.2940      5.745      8.332    11.4978 0.0000e+00
      5.863      0.021     5.6486     51.904     48.225  35.206774     0.9395      7.055   195.0734 1.2376e-01    35.1482      5.748      8.338    11.4981 0.0000e+00
      5.869      0.022     5.6430     51.979     48.209  35.195124     1.0395      7.055   195.1609 1.2376e-01    39.0312      5.754      8.347    11.4983 0.0000e+00
      5.876      0.022     5.6440     52.062     48.200  35.188769     1.0721      7.055   195.2466 1.2372e-01    39.7172      5.762      8.358    11.4988 0.0000e+00
      5.883      0.021     5.6500     52.145     48.205  35.193389     1.1257      7.055   195.2494 1.2366e-01    42.7587      5.770      8.368    11.4999 0.0000e+00
      5.889      0.019     5.6565     52.215     48.196  35.187526     1.2304      7.055   195.1948 1.2362e-01    48.2057      5.776      8.378    11.5001 0.0000e+00
      5.893      0.016     5.6652     52.244     48.187  35.181334     1.3141      7.056   195.2747 1.2362e-01    51.2290      5.779      8.382    11.4997 0.0000e+00
      5.896      0.014     5.6745     52.222     48.188  35.181968     1.3471      7.056   195.4407 1.2362e-01    51.6099      5.782      8.385    11.5000 0.0000e+00
      5.898      0.012     5.6836     52.203     48.205  35.195197     1.3298      7.056   195.4811 1.2365e-01    51.3074      5.784      8.390    11.5011 0.0000e+00
      5.900      0.011     5.6920     52.227     48.228  35.214383     1.2378      7.054   195.5056 1.2368e-01    47.4347      5.786      8.392    11.5022 0.0000e+00
      5.903      0.011     5.6976     52.285     48.235  35.223603     1.1090      7.054   195.6498 1.2371e-01    40.4817      5.789      8.396    11.5020 0.0000e+00
      5.907      0.011     5.6908     52.346     48.255  35.243224     1.0625      7.054   195.8488 1.2375e-01    36.7882      5.792      8.402    11.5020 0.0000e+00
      5.909      0.011     5.6871     52.382     48.270  35.261275     1.0992      7.054   195.9327 1.2370e-01    36.5610      5.795      8.405    11.5029 0.0000e+00
      5.912      0.010     5.6908     52.409     48.247  35.251525     1.1377      7.055   195.8902 1.2362e-01    36.0260      5.797      8.407    11.5047 0.0000e+00
      5.915      0.008     5.6967     52.418     48.237  35.252245     1.1614      7.055   195.9362 1.2364e-01    34.8970      5.800      8.413    11.5090 0.0000e+00
      5.917      0.007     5.7061     52.384     48.250  35.269983     1.1774      7.054   196.0594 1.2365e-01    34.2516      5.803      8.417    11.5147 0.0000e+00
      5.919      0.005     5.7055     52.300     48.248  35.275657     1.2141      7.053   196.0891 1.2364e-01    34.3375      5.804      8.418    11.5218 0.0000e+00
      5.919      0.004     5.7090     52.147     48.218  35.257394     1.3636      7.053   196.0373 1.2366e-01    35.4236      5.805      8.419    11.5297 0.0000e+00
      5.920      0.003     5.7103     51.955     48.192  35.239520     1.5716      7.054   196.0358 1.2369e-01    37.1351      5.806      8.420    11.5377 0.0000e+00
      5.920      0.002     5.7043     51.795     48.206  35.249904     1.6556      7.054   196.0713 1.2370e-01    37.9518      5.806      8.421    11.5471 0.0000e+00
      5.920      0.002     5.6966     51.677     48.214  35.256040     1.6473      7.054   196.1216 1.2373e-01    38.0558      5.806      8.420    11.5552 0.0000e+00
      5.920      0.002     5.6784     51.577     48.203  35.250268     1.5542      7.054   196.2991 1.2378e-01    38.7350      5.806      8.421    11.5583 0.0000e+00
      5.921      0.003     5.6528     51.494     48.193  35.243555     1.3703      7.054   196.4970 1.2378e-01    39.9469      5.807      8.422    11.5590 0.0000e+00
      5.922      0.005     5.6357     51.445     48.188  35.238325     1.2467      7.054   196.5354 1.2371e-01    40.5134      5.808      8.424    11.5585 0.0000e+00
      5.923      0.006     5.6251     51.463     48.208  35.250487     1.2002      7.053   196.5053 1.2367e-01    40.2211      5.809      8.425    11.5587 0.0000e+00
      5.924      0.008     5.6125     51.528     48.230  35.263697     1.1409      7.053   196.5641 1.2366e-01    37.8823      5.810      8.426    11.5614 0.0000e+00
      5.927      0.009     5.6040     51.588     48.244  35.271147     1.0626      7.054   196.6440 1.2366e-01    33.7211      5.813      8.430    11.5631 0.0000e+00
      5.931      0.010     5.5960     51.643     48.255  35.277116     1.0190      7.054   196.6107 1.2367e-01    31.4462      5.817      8.436    11.5608 0.0000e+00
      5.933      0.011     5.5992     51.698     48.247  35.272407     0.9964      7.054   196.5919 1.2368e-01    31.1802      5.818      8.439    11.5577 0.0000e+00
      5.936      0.011     5.6107     51.742     48.247  35.277665     0.9646      7.054   196.6744 1.2369e-01    30.9829      5.820      8.442    11.5554 0.0000e+00
      5.939      0.010     5.6156     51.731     48.237  35.277248     0.9507      7.055   196.7475 1.2369e-01    30.2562      5.823      8.446    11.5519 0.0000e+00
      5.942      0.010     5.6228     51.685     48.213  35.267375     0.9533      7.055   196.8741 1.2370e-01    29.0208      5.827      8.451    11.5487 0.0000e+00
      5.944      0.010     5.6278     51.682     48.231  35.285200     0.9545      7.055   197.0860 1.2372e-01    28.3435      5.829      8.454    11.5498 0.0000e+00
      5.946      0.009     5.6353     51.710     48.254  35.302419     0.9401      7.055   197.2441 1.2368e-01    28.2494      5.831      8.459    11.5554 0.0000e+00
      5.948      0.009     5.6329     51.715     48.232  35.285214     0.8796      7.055   197.3237 1.2366e-01    27.7459      5.833      8.461    11.5634 0.0000e+00
      5.950      0.009     5.6203     51.718     48.207  35.267531     0.8213      7.054   197.3599 1.2368e-01    26.9021      5.835      8.462    11.5728 0.0000e+00
      5.953      0.009     5.6213     51.762     48.218  35.278971     0.8258      7.053   197.4236 1.2364e-01    26.4506      5.838      8.467    11.5785 0.0000e+00
      5.956      0.008     5.6281     51.806     48.237  35.296633     0.8423      7.053   197.5782 1.2364e-01    26.3512      5.841      8.473    11.5776 0.0000e+00
      5.958      0.008     5.6279     51.830     48.226  35.290738     0.8208      7.053   197.6803 1.2367e-01    26.0079      5.843      8.475    11.5745 0.0000e+00
      5.960      0.008     5.6234     51.835     48.201  35.271145     0.7824      7.052   197.6253 1.2368e-01    25.4420      5.844      8.477    11.5754 0.0000e+00
      5.962      0.007     5.6328     51.824     48.177  35.250078     0.7859      7.052   197.6018 1.2364e-01    25.2480      5.846      8.480    11.5798 0.0000e+00
      5.964      0.006     5.6366     51.867     48.149  35.226372     0.8218      7.053   197.7407 1.2367e-01    25.3021      5.847      8.481    11.5842 0.0000e+00
      5.965      0.006     5.6376     51.942     48.166  35.238315     0.8168      7.053   197.8418 1.2378e-01    25.0369      5.849      8.484    11.5871 0.0000e+00
      5.966      0.006     5.6418     51.932     48.206  35.267570     0.7762      7.053   197.8781 1.2378e-01    24.5689      5.851      8.486    11.5860 0.0000e+00
      5.967      0.006     5.6340     51.844     48.201  35.262841     0.7557      7.052   198.0071 1.2370e-01    24.3583      5.852      8.487    11.5809 0.0000e+00
      5.968      0.007     5.6404     51.787     48.177  35.244593     0.7758      7.052   198.0249 1.2365e-01    24.4026      5.853      8.489    11.5770 0.0000e+00
      5.970      0.009     5.6568     51.765     48.168  35.237284     0.7708      7.053   197.9210 1.2365e-01    24.1484      5.854      8.491    11.5768 0.0000e+00
      5.971      0.010     5.6543     51.701     48.171  35.237918     0.6951      7.054   197.9554 1.2374e-01    23.5059      5.855      8.492    11.5773 0.0000e+00
      5.975      0.011     5.6381     51.635     48.192  35.252263     0.6511      7.054   198.0109 1.2380e-01    23.1934      5.859      8.498    11.5768 0.0000e+00
      5.979      0.013     5.6314     51.614     48.237  35.283815     0.6542      7.054   197.9898 1.2375e-01    23.2731      5.864      8.507    11.5754 0.0000e+00
      5.982      0.016     5.6368     51.589     48.266  35.302170     0.6327      7.053   198.0439 1.2371e-01    23.2400      5.867      8.509    11.5748 0.0000e+00
      5.985      0.018     5.6256     51.551     48.246  35.283831     0.6001      7.053   198.1492 1.2375e-01    22.8953      5.869      8.512    11.5740 0.0000e+00
      5.989      0.018     5.6142     51.534     48.208  35.252429     0.5671      7.052   198.2310 1.2377e-01    22.3503      5.872      8.517    11.5722 0.0000e+00
      5.996      0.018     5.6186     51.562     48.197  35.239732     0.5591      7.052   198.2581 1.2372e-01    22.0823      5.879      8.527    11.5707 0.0000e+00
      6.002      0.018     5.6142     51.614     48.227  35.257206     0.5778      7.051   198.3042 1.2367e-01    22.1148      5.888      8.539    11.5680 0.0000e+00
      6.007      0.018     5.6101     51.683     48.253  35.273351     0.5849      7.050   198.4449 1.2368e-01    22.0928      5.891      8.545    11.5641 0.0000e+00
      6.011      0.017     5.6064     51.775     48.213  35.244596     0.5878      7.050   198.5822 1.2371e-01    21.9535      5.894      8.550    11.5606 0.0000e+00
      6.013      0.014     5.6120     51.845     48.185  35.226771     0.5787      7.051   198.6741 1.2366e-01    21.7969      5.897      8.553    11.5557 0.0000e+00
      6.016      0.012     5.6198     51.893     48.212  35.248188     0.5587      7.052   198.6951 1.2359e-01    21.8387      5.899      8.556    11.5498 0.0000e+00
      6.021      0.011     5.6240     51.921     48.212  35.249757     0.5876      7.053   198.7506 1.2360e-01    22.1860      5.904      8.564    11.5467 0.0000e+00
      6.024      0.011     5.6395     51.875     48.206  35.245739     0.6526      7.053   198.8296 1.2364e-01    22.5796      5.908      8.570    11.5473 0.0000e+00
      6.026      0.011     5.6452     51.809     48.227  35.263051     0.6787      7.052   198.8750 1.2362e-01    22.6697      5.910      8.571    11.5504 0.0000e+00
      6.027      0.011     5.6479     51.807     48.233  35.268735     0.6612      7.051   198.9554 1.2361e-01    22.6607      5.911      8.572    11.5534 0.0000e+00
