Data/DataNotYetUploadedToEDI/Raw_CTD/RawDownloads/072125_fcr30_S7809004.cnv
* Sea-Bird SBE19plus  Data File:
* FileName = C:\R\Reservoirs\Data\DataNotYetUploadedToEDI\Raw_CTD\RawDownloads\072125_fcr50_S7809_0004.hex
* Software version 2.8.0.119
* Temperature SN = 7809
* Conductivity SN = 7809
* System UpLoad Time = Jul 21 2025 18:16:13
* <ApplicationData>
* <Seaterm232>
# nquan = 15
# nvalues = 1987                        
# units = specified
# name 0 = depFM: Depth [fresh water, m]
# name 1 = dz/dtM: Descent Rate [m/s]
# name 2 = sbeox0Mg/L: Oxygen, SBE 43 [mg/l]
# name 3 = sbeox0PS: Oxygen, SBE 43 [% saturation]
# name 4 = specc: Specific Conductance [uS/cm]
# name 5 = c0uS/cm: Conductivity [uS/cm]
# name 6 = flECO-AFL: Fluorescence, WET Labs ECO-AFL/FL [mg/m^3]
# name 7 = ph: pH
# name 8 = orp: Oxidation Reduction Potential [mV]
# name 9 = par/sat/log: PAR/Logarithmic, Satlantic
# name 10 = turbWETntu0: Turbidity, WET Labs ECO [NTU]
# name 11 = prdM: Pressure, Strain Gauge [db]
# name 12 = prdE: Pressure, Strain Gauge [psi]
# name 13 = tv290C: Temperature [ITS-90, deg C]
# name 14 = flag:  0.000e+00
# span 0 =     -0.659,      5.335       
# span 1 =     -0.328,      0.164       
# span 2 =     0.0258,     9.6218       
# span 3 =      0.265,    120.957       
# span 4 =      0.763,     59.132       
# span 5 =   0.758525,  46.537469       
# span 6 =    -0.1099,    12.8567       
# span 7 =      6.982,      7.074       
# span 8 =   -15.6530,   201.7688       
# span 9 = 1.2355e-01, 1.1884e+03       
# span 10 =     1.4613,   408.3623      
# span 11 =     -0.647,      5.232      
# span 12 =     -0.939,      7.589      
# span 13 =    11.6689,    27.7208      
# span 14 = 0.0000e+00, 0.0000e+00      
# interval = seconds: 0.25
# start_time = Jul 21 2025 14:05:48 [Instrument's time stamp, header]
# bad_flag = -9.990e-29
*END*
[from data line 482]
      0.054     -0.002     8.8415    111.489     34.919  36.630552     2.0511      7.061   133.9414 5.7841e+02     5.4656      0.053      0.077    27.4372 0.0000e+00
      0.054     -0.002     8.8365    111.427     34.919  36.630343     2.0732      7.061   134.2296 5.8428e+02     5.6047      0.053      0.077    27.4398 0.0000e+00
      0.053     -0.002     8.8267    111.360     34.918  36.629190     2.0625      7.062   134.4296 5.9487e+02     5.5228      0.052      0.075    27.4419 0.0000e+00
      0.052     -0.001     8.8176    111.308     34.907  36.616604     2.0464      7.062   134.4668 6.0399e+02     5.4321      0.051      0.073    27.4431 0.0000e+00
      0.052     -0.000     8.8118    111.275     34.897  36.605066     2.0450      7.062   134.4211 6.0288e+02     5.5327      0.050      0.073    27.4440 0.0000e+00
      0.052     -0.000     8.8084    111.238     34.908  36.616588     2.0625      7.062   134.3068 5.8954e+02     5.7150      0.051      0.074    27.4442 0.0000e+00
      0.053     -0.000     8.8015    111.217     34.921  36.629008     2.0655      7.063   134.2034 5.7446e+02     5.7911      0.052      0.075    27.4438 0.0000e+00
      0.053     -0.001     8.7974    111.237     34.921  36.628331     2.0481      7.064   134.1169 5.6474e+02     5.7359      0.052      0.075    27.4431 0.0000e+00
      0.053     -0.002     8.7966    111.256     34.903  36.608404     2.0271      7.063   134.1222 5.6267e+02     5.6286      0.052      0.075    27.4419 0.0000e+00
      0.052     -0.003     8.7929    111.214     34.877  36.578428     2.0288      7.062   134.2668 5.6727e+02     5.6549      0.051      0.074    27.4405 0.0000e+00
      0.051     -0.003     8.7895    111.118     34.885  36.583148     2.0596      7.062   134.4891 5.7894e+02     5.7810      0.051      0.074    27.4397 0.0000e+00
      0.050     -0.002     8.7932    111.031     34.906  36.602003     2.0661      7.062   134.7441 5.9126e+02     5.7185      0.049      0.071    27.4388 0.0000e+00
      0.048     -0.001     8.7975    111.024     34.921  36.616043     2.0331      7.062   134.9416 5.9066e+02     5.4799      0.046      0.067    27.4369 0.0000e+00
      0.048      0.001     8.7944    111.125     34.932  36.626010     2.0187      7.063   135.0707 5.8015e+02     5.3551      0.046      0.067    27.4332 0.0000e+00
      0.049      0.002     8.7852    111.231     34.904  36.595609     2.0333      7.063   135.1003 5.7126e+02     5.4396      0.048      0.069    27.4277 0.0000e+00
      0.051      0.002     8.7777    111.264     34.877  36.565721     2.0263      7.063   135.1268 5.7058e+02     5.5105      0.050      0.072    27.4226 0.0000e+00
      0.053      0.001     8.7749    111.306     34.894  36.581881     1.9838      7.063   135.2189 5.7225e+02     5.4266      0.052      0.075    27.4193 0.0000e+00
      0.053      0.000     8.7873    111.419     34.913  36.600656     1.9531      7.063   135.3539 5.6689e+02     5.3479      0.053      0.077    27.4183 0.0000e+00
      0.052     -0.001     8.8008    111.581     34.915  36.602363     1.9460      7.063   135.5550 5.5869e+02     5.3446      0.051      0.074    27.4171 0.0000e+00
      0.050     -0.001     8.7981    111.739     34.915  36.602518     1.9394      7.063   135.6707 5.6146e+02     5.3525      0.049      0.072    27.4133 0.0000e+00
      0.049     -0.001     8.8007    111.849     34.915  36.602533     1.9229      7.063   135.7208 5.6474e+02     5.3405      0.048      0.070    27.4107 0.0000e+00
      0.049      0.000     8.8106    111.896     34.914  36.602543     1.8963      7.063   135.9025 5.5257e+02     5.3365      0.048      0.069    27.4102 0.0000e+00
      0.050 -4.095e-07     8.8253    111.887     34.912  36.602648     1.9017      7.063   136.1472 5.4754e+02     5.4062      0.049      0.071    27.4096 0.0000e+00
      0.052      0.000     8.8392    111.836     34.912  36.603801     1.9213      7.063   136.2703 5.5914e+02     5.5350      0.051      0.074    27.4093 0.0000e+00
      0.052      0.000     8.8481    111.719     34.923  36.616490     1.9330      7.063   136.2728 5.6458e+02     5.5954      0.052      0.075    27.4099 0.0000e+00
      0.051     -0.001     8.8513    111.536     34.934  36.629171     1.9608      7.063   136.2633 5.5976e+02     5.5223      0.051      0.073    27.4121 0.0000e+00
      0.050     -0.001     8.8493    111.374     34.934  36.630220     1.9663      7.062   136.3276 5.6272e+02     5.4021      0.049      0.072    27.4148 0.0000e+00
      0.049     -0.001     8.8457    111.305     34.933  36.629172     1.9736      7.062   136.5333 5.6787e+02     5.3720      0.048      0.070    27.4168 0.0000e+00
      0.049     -0.000     8.8375    111.298     34.920  36.616501     2.0079      7.062   136.7723 5.6489e+02     5.4656      0.048      0.069    27.4187 0.0000e+00
      0.050      0.001     8.8191    111.278     34.907  36.603916     2.0233      7.062   136.8943 5.6358e+02     5.5779      0.049      0.072    27.4205 0.0000e+00
      0.052      0.001     8.8029    111.188     34.907  36.603906     2.0015      7.062   136.8888 5.6067e+02     5.5338      0.051      0.074    27.4216 0.0000e+00
      0.052      0.001     8.7998    111.072     34.919  36.616386     1.9604      7.063   136.7924 5.5702e+02     5.3416      0.051      0.074    27.4224 0.0000e+00
      0.052      0.000     8.8006    111.010     34.930  36.627911     1.9433      7.063   136.7611 5.5836e+02     5.3037      0.051      0.074    27.4228 0.0000e+00
      0.052     -0.001     8.8023    111.027     34.920  36.616360     1.9527      7.063   136.9415 5.6208e+02     5.4173      0.051      0.074    27.4231 0.0000e+00
      0.051     -0.001     8.7924    111.050     34.909  36.603619     1.9651      7.063   137.1662 5.6533e+02     5.4857      0.050      0.073    27.4238 0.0000e+00
      0.050     -0.001     8.7810    111.042     34.907  36.600759     1.9520      7.063   137.2411 5.6122e+02     5.5159      0.049      0.071    27.4241 0.0000e+00
      0.049      0.000     8.7744    111.047     34.889  36.581778     1.9274      7.062   137.2440 5.5816e+02     5.5094      0.048      0.070    27.4235 0.0000e+00
      0.049      0.000     8.7794    111.070     34.873  36.564473     1.9505      7.062   137.2868 5.6487e+02     5.5099      0.048      0.070    27.4224 0.0000e+00
      0.050      0.001     8.7839    111.141     34.891  36.581881     1.9901      7.062   137.4148 5.6672e+02     5.4878      0.049      0.072    27.4210 0.0000e+00
      0.052      0.001     8.7787    111.235     34.911  36.601904     1.9823      7.062   137.5868 5.5895e+02     5.3788      0.051      0.074    27.4194 0.0000e+00
      0.052      0.001     8.7827    111.255     34.927  36.616205     1.9553      7.062   137.9051 5.5026e+02     5.2847      0.051      0.074    27.4185 0.0000e+00
      0.051      0.001     8.7808    111.180     34.940  36.627899     1.9808      7.063   138.4232 5.4434e+02     5.3406      0.050      0.073    27.4182 0.0000e+00
      0.051      0.000     8.7877    111.062     34.930  36.616385     2.0564      7.063   138.7750 5.4214e+02     5.5072      0.050      0.073    27.4172 0.0000e+00
      0.051 1.8626e-08     8.7997    110.934     34.919  36.603891     2.1120      7.062   138.5454 5.4286e+02     5.5230      0.050      0.073    27.4153 0.0000e+00
      0.051 2.0489e-07     8.8021    110.796     34.920  36.603735     2.1120      7.062   137.8839 5.4766e+02     5.3956      0.050      0.073    27.4119 0.0000e+00
      0.051 2.0489e-07     8.7947    110.714     34.931  36.614500     2.0823      7.063   137.3150 5.5165e+02     5.4014      0.050      0.073    27.4081 0.0000e+00
      0.051 1.8624e-08     8.7840    110.732     34.926  36.607148     2.0688      7.063   136.9161 5.5095e+02     5.5587      0.050      0.073    27.4063 0.0000e+00
      0.051 1.6653e-09     8.7759    110.787     34.900  36.578293     2.0901      7.062   136.5888 5.4891e+02     5.6924      0.051      0.074    27.4064 0.0000e+00
      0.051 -1.540e-10     8.7621    110.852     34.905  36.582856     2.1239      7.062   136.4546 5.4528e+02     5.6856      0.050      0.072    27.4056 0.0000e+00
      0.050 -3.373e-09     8.7531    110.967     34.922  36.598872     2.1359      7.063   136.4121 5.4440e+02     5.6137      0.049      0.071    27.4029 0.0000e+00
      0.050 -3.725e-08     8.7595    111.156     34.907  36.581591     2.1438      7.063   136.2466 5.5076e+02     5.6432      0.049      0.072    27.4002 0.0000e+00
      0.051 -4.098e-07     8.7646    111.372     34.891  36.564263     2.1693      7.063   136.0035 5.5692e+02     5.7686      0.050      0.073    27.3978 0.0000e+00
      0.052      0.000     8.7675    111.499     34.905  36.579708     2.1863      7.063   135.7952 5.5597e+02     5.8307      0.051      0.075    27.3960 0.0000e+00
      0.052      0.000     8.7772    111.512     34.903  36.577993     2.1588      7.063   135.9649 5.4719e+02     5.7459      0.051      0.074    27.3947 0.0000e+00
      0.051     -0.001     8.7916    111.472     34.872  36.543528     2.1024      7.063   136.5066 5.3617e+02     5.5970      0.050      0.073    27.3923 0.0000e+00
      0.051     -0.001     8.8158    111.455     34.877  36.543695     2.0949      7.063   136.6662 5.3350e+02     5.6022      0.050      0.072    27.3907 0.0000e+00
      0.050     -0.001     8.8247    111.491     34.918  36.579997     2.1265      7.063   136.4319 5.3915e+02     5.7746      0.049      0.071    27.3918 0.0000e+00
      0.049     -0.001     8.8234    111.510     34.943  36.601736     2.1512      7.063   136.3413 5.4242e+02     5.8711      0.048      0.070    27.3949 0.0000e+00
      0.049     -0.001     8.8186    111.485     34.957  36.616177     2.1613      7.063   136.6030 5.4193e+02     5.7777      0.048      0.070    27.3934 0.0000e+00
      0.050     -0.001     8.8160    111.469     34.963  36.627706     2.1403      7.063   137.1870 5.3878e+02     5.6026      0.049      0.071    27.3843 0.0000e+00
      0.051     -0.002     8.8251    111.501     34.942  36.614234     2.1303      7.063   137.7230 5.3323e+02     5.5984      0.050      0.072    27.3728 0.0000e+00
      0.051     -0.002     8.8286    111.541     34.902  36.580206     2.1403      7.063   138.0081 5.3686e+02     5.6922      0.050      0.073    27.3643 0.0000e+00
      0.049     -0.002     8.8244    111.520     34.852  36.533544     2.1189      7.062   138.1396 5.4853e+02     5.6779      0.049      0.071    27.3632 0.0000e+00
      0.047     -0.002     8.8202    111.424     34.815  36.494218     2.0717      7.062   138.2798 5.5623e+02     5.6307      0.046      0.066    27.3708 0.0000e+00
      0.046     -0.001     8.8224    111.288     34.815  36.485413     2.0359      7.063   138.4990 5.5848e+02     5.6001      0.044      0.064    27.3849 0.0000e+00
      0.047      0.000     8.8255    111.069     34.835  36.490528     2.0361      7.064   138.5528 5.5547e+02     5.6494      0.045      0.066    27.3989 0.0000e+00
      0.048      0.002     8.8237    110.726     34.850  36.492593     2.0569      7.063   138.2414 5.4914e+02     5.6794      0.047      0.068    27.4082 0.0000e+00
      0.049      0.002     8.8125    110.379     34.872  36.510350     2.0790      7.063   137.9177 5.4678e+02     5.6220      0.048      0.070    27.4105 0.0000e+00
      0.050      0.002     8.8057    110.158     34.877  36.514865     2.0872      7.063   137.9090 5.4854e+02     5.6045      0.049      0.071    27.3970 0.0000e+00
      0.050      0.002     8.7965    110.078     34.847  36.483726     2.0731      7.063   137.9642 5.4698e+02     5.6038      0.050      0.072    27.3698 0.0000e+00
      0.050      0.002     8.7670    110.100     34.819  36.451116     2.0833      7.063   137.8966 5.4461e+02     5.7162      0.049      0.071    27.3461 0.0000e+00
      0.050      0.003     8.7365    110.166     34.812  36.437821     2.1015      7.063   137.8662 5.4855e+02     5.8698      0.048      0.070    27.3385 0.0000e+00
      0.050      0.003     8.7189    110.216     34.831  36.449869     2.0853      7.063   137.9411 5.4774e+02     5.8559      0.048      0.070    27.3413 0.0000e+00
      0.051      0.004     8.7135    110.205     34.855  36.469877     2.0711      7.063   138.0276 5.4105e+02     5.7874      0.050      0.073    27.3443 0.0000e+00
      0.053      0.004     8.7176    110.167     34.872  36.489373     2.0878      7.063   138.1369 5.3805e+02     5.7924      0.053      0.077    27.3409 0.0000e+00
      0.055      0.004     8.7258    110.162     34.873  36.495249     2.1205      7.063   138.2299 5.3541e+02     5.8490      0.054      0.079    27.3282 0.0000e+00
      0.055      0.003     8.7347    110.183     34.852  36.477481     2.1176      7.063   138.2057 5.3155e+02     5.7885      0.054      0.079    27.3143 0.0000e+00
      0.055      0.002     8.7334    110.216     34.838  36.464896     2.0781      7.063   138.1888 5.2575e+02     5.6077      0.054      0.079    27.3070 0.0000e+00
      0.056      0.001     8.7264    110.275     34.843  36.469992     2.0577      7.063   138.1983 5.2791e+02     5.4390      0.055      0.080    27.3108 0.0000e+00
      0.056      0.001     8.7264    110.338     34.848  36.475652     2.0793      7.063   138.1488 5.3409e+02     5.3876      0.056      0.081    27.3198 0.0000e+00
      0.056      0.001     8.7275    110.348     34.842  36.469875     2.1150      7.063   138.1920 5.3232e+02     5.4997      0.055      0.080    27.3269 0.0000e+00
      0.056      0.001     8.7284    110.309     34.836  36.463586     2.1147      7.062   138.3763 5.2844e+02     5.5297      0.055      0.080    27.3300 0.0000e+00
      0.057      0.001     8.7336    110.264     34.835  36.463076     2.0840      7.062   138.5700 5.2774e+02     5.4426      0.056      0.081    27.3295 0.0000e+00
      0.058      0.000     8.7416    110.222     34.835  36.463711     2.0933      7.063   138.7280 5.3333e+02     5.4713      0.057      0.083    27.3296 0.0000e+00
      0.058      0.000     8.7419    110.197     34.842  36.471258     2.1525      7.063   138.8240 5.3462e+02     5.5696      0.057      0.083    27.3290 0.0000e+00
      0.058     -0.001     8.7365    110.223     34.860  36.490870     2.1924      7.063   138.8690 5.3045e+02     5.5716      0.057      0.082    27.3287 0.0000e+00
      0.057     -0.001     8.7333    110.260     34.878  36.510486     2.1848      7.063   138.9280 5.3066e+02     5.4626      0.056      0.081    27.3305 0.0000e+00
      0.056     -0.001     8.7302    110.258     34.884  36.518089     2.1428      7.063   139.0215 5.3418e+02     5.4121      0.055      0.080    27.3312 0.0000e+00
      0.056      0.000     8.7253    110.219     34.884  36.519347     2.1178      7.064   139.0540 5.3628e+02     5.5077      0.054      0.078    27.3310 0.0000e+00
      0.056      0.001     8.7292    110.114     34.888  36.525702     2.1320      7.064   139.0624 5.3158e+02     5.5603      0.055      0.079    27.3322 0.0000e+00
      0.057      0.001     8.7347    109.974     34.890  36.531477     2.1481      7.064   139.1227 5.2848e+02     5.5350      0.055      0.080    27.3345 0.0000e+00
      0.058      0.001     8.7316    109.916     34.881  36.525724     2.1465      7.063   139.0945 5.3113e+02     5.4758      0.057      0.082    27.3353 0.0000e+00
      0.058      0.001     8.7314    109.976     34.872  36.519602     2.1366      7.063   139.0658 5.3213e+02     5.4250      0.057      0.083    27.3364 0.0000e+00
      0.058      0.000     8.7220    110.068     34.870  36.520917     2.1533      7.064   139.1205 5.3274e+02     5.5020      0.057      0.082    27.3398 0.0000e+00
      0.057     -0.000     8.7045    110.081     34.886  36.541629     2.1912      7.065   139.1537 5.3438e+02     5.5178      0.056      0.081    27.3458 0.0000e+00
      0.057     -0.001     8.6981    110.011     34.917  36.579678     2.1862      7.065   139.2084 5.3374e+02     5.3769      0.056      0.081    27.3531 0.0000e+00
