Data/DataNotYetUploadedToEDI/Raw_CTD/RawDownloads/072125_fcr20_S7809003.cnv
* Sea-Bird SBE19plus  Data File:
* FileName = C:\R\Reservoirs\Data\DataNotYetUploadedToEDI\Raw_CTD\RawDownloads\072125_fcr50_S7809_0003.hex
* Software version 2.8.0.119
* Temperature SN = 7809
* Conductivity SN = 7809
* System UpLoad Time = Jul 21 2025 18:15:22
* <ApplicationData>
* <Seaterm232>
# nquan = 15
# nvalues = 1302                        
# units = specified
# name 0 = depFM: Depth [fresh water, m]
# name 1 = dz/dtM: Descent Rate [m/s]
# name 2 = sbeox0Mg/L: Oxygen, SBE 43 [mg/l]
# name 3 = sbeox0PS: Oxygen, SBE 43 [% saturation]
# name 4 = specc: Specific Conductance [uS/cm]
# name 5 = c0uS/cm: Conductivity [uS/cm]
# name 6 = flECO-AFL: Fluorescence, WET Labs ECO-AFL/FL [mg/m^3]
# name 7 = ph: pH
# name 8 = orp: Oxidation Reduction Potential [mV]
# name 9 = par/sat/log: PAR/Logarithmic, Satlantic
# name 10 = turbWETntu0: Turbidity, WET Labs ECO [NTU]
# name 11 = prdM: Pressure, Strain Gauge [db]
# name 12 = prdE: Pressure, Strain Gauge [psi]
# name 13 = tv290C: Temperature [ITS-90, deg C]
# name 14 = flag:  0.000e+00
# span 0 =     -0.654,      3.333       
# span 1 =     -0.273,      0.183       
# span 2 =     0.0256,     9.8370       
# span 3 =      0.278,    123.064       
# span 4 =      1.113,    335.845       
# span 5 =   1.141270, 266.236428       
# span 6 =    -0.3506,    16.4608       
# span 7 =      6.966,      7.218       
# span 8 = -1031.9312,   212.3660       
# span 9 = 4.5663e+00, 1.1862e+03       
# span 10 =    -1.2983,   120.6690      
# span 11 =     -0.642,      3.268      
# span 12 =     -0.932,      4.740      
# span 13 =    14.6223,    27.8589      
# span 14 = 0.0000e+00, 0.0000e+00      
# interval = seconds: 0.25
# start_time = Jul 21 2025 13:39:44 [Instrument's time stamp, header]
# bad_flag = -9.990e-29
*END*
[from data line 97]
      0.094     -0.008     7.2487     91.657     34.632  36.278592     2.1986      7.034    89.0784 7.1738e+02     6.3200      0.094      0.136    27.3676 0.0000e+00
      0.084     -0.006     7.2272     91.639     34.594  36.239592     2.1808      7.034    89.8344 7.1941e+02     6.2502      0.081      0.118    27.3667 0.0000e+00
      0.077     -0.002     7.2253     91.169     34.556  36.200502     2.2254      7.033    90.4331 7.1921e+02     6.3969      0.072      0.104    27.3673 0.0000e+00
      0.079      0.003     7.2372     90.279     34.543  36.186652     2.3057      7.033    90.8113 6.9997e+02     6.6244      0.077      0.110    27.3695 0.0000e+00
      0.088      0.009     7.2588     89.195     34.554  36.199033     2.3357      7.033    91.0510 6.6629e+02     6.6436      0.087      0.126    27.3717 0.0000e+00
      0.096      0.015     7.2685     88.185     34.576  36.223308     2.3208      7.033    91.3523 6.5623e+02     6.5268      0.095      0.138    27.3732 0.0000e+00
      0.099      0.020     7.2278     87.483     34.578  36.226355     2.3268      7.033    91.8738 6.7163e+02     6.4765      0.099      0.144    27.3728 0.0000e+00
      0.099      0.024     7.1501     87.061     34.528  36.172431     2.3668      7.033    92.4515 6.6964e+02     6.5485      0.096      0.140    27.3729 0.0000e+00
      0.101      0.025     7.0578     86.660     34.443  36.078912     2.4046      7.033    92.7450 6.4380e+02     6.6800      0.095      0.140    27.3749 0.0000e+00
      0.111      0.024     6.9679     86.136     34.416  36.047358     2.4007      7.034    92.6687 6.2445e+02     6.6650      0.106      0.155    27.3769 0.0000e+00
      0.125      0.022     6.9130     85.601     34.476  36.108159     2.3778      7.034    92.5618 6.1081e+02     6.5381      0.123      0.178    27.3786 0.0000e+00
      0.135      0.018     6.8908     85.296     34.547  36.179547     2.3849      7.033    92.8296 6.0093e+02     6.5464      0.135      0.196    27.3757 0.0000e+00
      0.138      0.013     6.8648     85.425     34.581  36.212560     2.4126      7.033    93.4114 6.1140e+02     6.6974      0.138      0.201    27.3684 0.0000e+00
      0.135      0.009     6.8188     85.882     34.563  36.190066     2.4212      7.033    94.0030 6.2819e+02     6.7915      0.133      0.193    27.3639 0.0000e+00
      0.130      0.008     6.7705     86.267     34.478  36.097916     2.3971      7.033    94.5619 6.2954e+02     6.7278      0.125      0.182    27.3606 0.0000e+00
      0.130      0.009     6.7381     86.276     34.375  35.986671     2.3373      7.033    95.0933 6.2604e+02     6.6448      0.124      0.181    27.3563 0.0000e+00
      0.135      0.011     6.7511     85.854     34.316  35.923639     2.2893      7.033    95.4381 6.1522e+02     6.6762      0.131      0.190    27.3528 0.0000e+00
      0.144      0.012     6.8035     85.035     34.301  35.906836     2.2916      7.033    95.6329 5.9349e+02     6.6632      0.141      0.205    27.3482 0.0000e+00
      0.151      0.012     6.8437     83.896     34.305  35.910404     2.3070      7.033    95.9001 5.7608e+02     6.5900      0.150      0.217    27.3420 0.0000e+00
      0.153      0.008     6.8446     82.588     34.300  35.903339     2.2843      7.033    96.2597 5.6352e+02     6.5778      0.151      0.219    27.3371 0.0000e+00
      0.151      0.003     6.8101     81.235     34.286  35.884864     2.2247      7.033    96.6247 5.5313e+02     6.6176      0.148      0.214    27.3348 0.0000e+00
      0.149     -0.001     6.7448     79.968     34.283  35.877355     2.2103      7.034    96.9583 5.4603e+02     6.7299      0.146      0.212    27.3339 0.0000e+00
      0.148     -0.002     6.6481     78.934     34.285  35.875992     2.2442      7.035    97.2819 5.4152e+02     6.7399      0.145      0.211    27.3332 0.0000e+00
      0.146     -0.001     6.5425     78.194     34.281  35.868380     2.2760      7.036    97.6115 5.3877e+02     6.6361      0.143      0.209    27.3315 0.0000e+00
      0.146      0.000     6.4329     77.708     34.265  35.848764     2.3037      7.036    97.9329 5.3654e+02     6.6706      0.142      0.207    27.3263 0.0000e+00
      0.147      0.001     6.3275     77.400     34.248  35.829152     2.3209      7.036    98.2421 5.3603e+02     6.8155      0.144      0.210    27.3188 0.0000e+00
      0.149      0.002     6.2450     77.161     34.243  35.821605     2.3423      7.036    98.5970 5.3559e+02     6.9525      0.146      0.212    27.3126 0.0000e+00
      0.149      0.002     6.1889     76.905     34.244  35.820961     2.3465      7.035    99.0410 5.3440e+02     6.8927      0.146      0.212    27.3080 0.0000e+00
      0.149      0.002     6.1521     76.600     34.245  35.821356     2.3131      7.035    99.4803 5.3372e+02     6.6052      0.146      0.212    27.3041 0.0000e+00
      0.149      0.002     6.1320     76.227     34.251  35.826385     2.2888      7.035    99.8639 5.3084e+02     6.4477      0.146      0.212    27.3009 0.0000e+00
      0.150      0.002     6.1162     75.792     34.244  35.818310     2.2936      7.035   100.2383 5.2566e+02     6.5263      0.147      0.213    27.2984 0.0000e+00
      0.151      0.003     6.0956     75.298     34.215  35.787166     2.2963      7.035   100.5650 5.2140e+02     6.5991      0.148      0.214    27.2967 0.0000e+00
      0.152      0.003     6.0735     74.782     34.197  35.767073     2.2715      7.035   100.8026 5.1818e+02     6.6105      0.149      0.216    27.2950 0.0000e+00
      0.152      0.004     6.0424     74.276     34.197  35.765711     2.2440      7.036   101.0466 5.1509e+02     6.6643      0.149      0.217    27.2936 0.0000e+00
      0.153      0.005     6.0093     73.789     34.202  35.770693     2.2379      7.037   101.3645 5.1391e+02     6.7027      0.150      0.218    27.2920 0.0000e+00
      0.154      0.005     5.9686     73.344     34.197  35.763862     2.2479      7.037   101.7200 5.1454e+02     6.7673      0.151      0.219    27.2903 0.0000e+00
      0.156      0.004     5.9266     72.922     34.182  35.746557     2.2819      7.036   102.0760 5.1362e+02     6.8994      0.153      0.221    27.2890 0.0000e+00
      0.158      0.002     5.8875     72.470     34.187  35.751804     2.3158      7.035   102.4000 5.1124e+02     6.8986      0.155      0.226    27.2875 0.0000e+00
      0.159      0.001     5.8473     71.978     34.200  35.763858     2.3161      7.036   102.7113 5.1104e+02     6.7923      0.157      0.228    27.2857 0.0000e+00
      0.159      0.000     5.8128     71.477     34.203  35.765398     2.3183      7.037   103.0868 5.1258e+02     6.8099      0.157      0.228    27.2842 0.0000e+00
      0.157     -0.001     5.7819     70.957     34.209  35.770427     2.3262      7.036   103.4984 5.1272e+02     6.9406      0.153      0.223    27.2827 0.0000e+00
      0.156     -0.001     5.7467     70.424     34.202  35.761216     2.3118      7.035   103.8166 5.1196e+02     7.0058      0.152      0.220    27.2812 0.0000e+00
      0.156     -0.001     5.7055     69.917     34.161  35.717475     2.2853      7.035   104.0945 5.1088e+02     6.9149      0.153      0.222    27.2796 0.0000e+00
      0.157     -0.001     5.6673     69.424     34.131  35.685695     2.2564      7.035   104.3630 5.0882e+02     6.7976      0.153      0.222    27.2774 0.0000e+00
      0.158     -0.001     5.6265     68.929     34.141  35.694205     2.2374      7.035   104.4824 5.0715e+02     6.8181      0.155      0.224    27.2755 0.0000e+00
      0.158     -0.001     5.5818     68.448     34.141  35.693467     2.2215      7.035   104.6777 5.0665e+02     6.8551      0.156      0.226    27.2737 0.0000e+00
      0.157     -0.001     5.5429     67.979     34.126  35.676767     2.2140      7.035   105.0034 5.0710e+02     6.8347      0.153      0.223    27.2720 0.0000e+00
      0.155     -0.001     5.5052     67.545     34.132  35.682628     2.2130      7.036   105.2374 5.0836e+02     6.8103      0.151      0.220    27.2705 0.0000e+00
      0.154     -0.001     5.4643     67.170     34.151  35.700890     2.2085      7.036   105.6132 5.0958e+02     6.6974      0.151      0.219    27.2688 0.0000e+00
      0.155     -0.000     5.4275     66.805     34.158  35.707225     2.2271      7.036   106.1060 5.0954e+02     6.5626      0.151      0.220    27.2673 0.0000e+00
      0.156      0.001     5.3899     66.438     34.148  35.695773     2.2385      7.035   106.2914 5.0944e+02     6.4780      0.153      0.223    27.2658 0.0000e+00
      0.157      0.003     5.3530     66.071     34.143  35.689317     2.2288      7.035   106.3915 5.1176e+02     6.4258      0.155      0.224    27.2639 0.0000e+00
      0.156      0.006     5.3275     65.730     34.147  35.692612     2.2188      7.036   106.6280 5.1415e+02     6.4096      0.154      0.223    27.2621 0.0000e+00
      0.156      0.010     5.2977     65.505     34.128  35.672163     2.1919      7.037   106.7425 5.1389e+02     6.5225      0.152      0.221    27.2607 0.0000e+00
      0.158      0.015     5.2684     65.405     34.091  35.632416     2.1541      7.037   106.9158 5.1141e+02     6.7997      0.153      0.222    27.2596 0.0000e+00
      0.163      0.019     5.2409     65.367     34.054  35.592716     2.1109      7.037   107.3458 5.0557e+02     6.8919      0.158      0.229    27.2583 0.0000e+00
      0.172      0.020     5.2081     65.317     34.035  35.572848     2.0695      7.036   107.7258 4.9828e+02     6.7494      0.168      0.244    27.2566 0.0000e+00
      0.181      0.017     5.1913     65.169     34.045  35.582543     2.0700      7.036   107.8973 4.9387e+02     6.6136      0.178      0.258    27.2551 0.0000e+00
      0.187      0.012     5.1862     64.942     34.045  35.583037     2.1243      7.036   107.8706 4.9181e+02     6.5824      0.185      0.269    27.2535 0.0000e+00
      0.190      0.007     5.1839     64.683     34.041  35.578816     2.1776      7.036   107.7476 4.9184e+02     6.6793      0.188      0.273    27.2525 0.0000e+00
      0.186      0.002     5.1847     64.372     34.056  35.594955     2.1728      7.036   107.8726 4.9610e+02     6.6914      0.184      0.267    27.2515 0.0000e+00
      0.181      0.000     5.1715     64.050     34.051  35.587834     2.1325      7.037   108.1772 5.0132e+02     6.6269      0.176      0.256    27.2512 0.0000e+00
      0.179      0.000     5.1501     63.780     34.022  35.556154     2.1314      7.037   108.5058 5.0371e+02     6.7538      0.173      0.251    27.2524 0.0000e+00
      0.182      0.000     5.1329     63.526     34.000  35.529154     2.1678      7.037   108.8334 5.0492e+02     6.9614      0.178      0.257    27.2532 0.0000e+00
      0.187      0.001     5.1063     63.237     33.992  35.515164     2.1822      7.037   109.0414 5.0730e+02     7.0197      0.184      0.266    27.2520 0.0000e+00
      0.189      0.003     5.0773     62.943     33.995  35.513893     2.1635      7.036   109.2129 5.1202e+02     6.8779      0.187      0.272    27.2504 0.0000e+00
      0.187      0.003     5.0585     62.652     33.997  35.513778     2.1340      7.036   109.4458 5.1758e+02     6.6815      0.185      0.268    27.2485 0.0000e+00
      0.184      0.003     5.0415     62.327     33.999  35.513768     2.1329      7.037   109.7918 5.2236e+02     6.6605      0.180      0.261    27.2428 0.0000e+00
      0.183      0.003     5.0169     61.977     34.000  35.513766     2.1671      7.037   110.1266 5.2620e+02     6.7262      0.178      0.258    27.2343 0.0000e+00
      0.185      0.004     4.9935     61.627     34.002  35.513756     2.1895      7.037   110.3963 5.2789e+02     6.7591      0.181      0.262    27.2276 0.0000e+00
      0.190      0.005     4.9739     61.305     34.003  35.513643     2.1712      7.037   110.7301 5.2860e+02     6.7841      0.187      0.271    27.2232 0.0000e+00
      0.193      0.005     4.9467     61.030     34.004  35.512394     2.1367      7.036   111.0648 5.3162e+02     6.8240      0.191      0.277    27.2205 0.0000e+00
      0.194      0.004     4.9185     60.780     33.992  35.498656     2.1384      7.036   111.3454 5.3586e+02     6.9003      0.192      0.278    27.2189 0.0000e+00
      0.193      0.001     4.8904     60.525     33.971  35.474431     2.1585      7.037   111.6286 5.4050e+02     6.8862      0.190      0.275    27.2170 0.0000e+00
      0.192     -0.001     4.8637     60.285     33.971  35.473278     2.1720      7.037   111.8215 5.4617e+02     6.7218      0.188      0.272    27.2145 0.0000e+00
      0.191     -0.001     4.8433     60.052     33.984  35.484709     2.1928      7.037   111.9560 5.4993e+02     6.5524      0.187      0.271    27.2119 0.0000e+00
      0.191     -0.001     4.8250     59.807     33.986  35.485748     2.1939      7.037   112.2231 5.5328e+02     6.5461      0.187      0.271    27.2094 0.0000e+00
      0.191      0.000     4.8038     59.574     33.987  35.485838     2.1934      7.037   112.4699 5.5766e+02     6.6794      0.188      0.272    27.2066 0.0000e+00
      0.191 4.7129e-07     4.7843     59.351     33.989  35.485795     2.1702      7.037   112.6163 5.5834e+02     6.6945      0.187      0.272    27.2042 0.0000e+00
      0.191      0.000     4.7695     59.199     34.111  35.612122     2.0972      7.037   112.7888 5.5515e+02     6.5589      0.187      0.271    27.2021 0.0000e+00
      0.192      0.000     4.7458     59.669     34.421  35.934619     2.0592      7.037   113.0075 5.5091e+02     6.4739      0.188      0.272    27.2002 0.0000e+00
      0.192      0.001     4.7309     62.831     34.689  36.212650     2.0607      7.037   113.2811 5.4601e+02     6.5204      0.188      0.272    27.1983 0.0000e+00
      0.191      0.002     4.7102     71.071     34.786  36.308910     2.0735      7.037   113.6020 5.4135e+02     6.6439      0.187      0.272    27.1961 0.0000e+00
      0.191      0.004     4.6948     83.360     34.819  36.337099     2.0895      7.037   113.9624 5.3700e+02     6.6684      0.186      0.270    27.1940 0.0000e+00
      0.192      0.006     4.6787     95.990     34.849  36.363122     2.0791      7.037   114.2836 5.3242e+02     6.5779      0.188      0.272    27.1926 0.0000e+00
      0.194      0.007     4.8128    106.626     34.860  36.369734     2.0640      7.037   114.5597 5.2582e+02     6.5061      0.190      0.275    27.1904 0.0000e+00
      0.197      0.007     5.5061    114.702     34.848  36.353587     2.0731      7.037   114.8053 5.1765e+02     6.5176      0.194      0.281    27.1837 0.0000e+00
      0.201      0.007     6.6344    120.044     34.854  36.358232     2.0980      7.036   115.0161 5.1289e+02     6.6153      0.198      0.286    27.1747 0.0000e+00
      0.202      0.006     7.6925    122.739     34.859  36.362442     2.0986      7.036   115.2159 5.1249e+02     6.6273      0.199      0.288    27.1660 0.0000e+00
      0.202      0.004     8.5384    123.064     34.839  36.341033     2.0721      7.036   115.4139 5.1332e+02     6.5266      0.198      0.287    27.1589 0.0000e+00
      0.202      0.003     9.1927    121.514     34.850  36.353183     2.0599      7.037   115.6895 5.1287e+02     6.5589      0.198      0.287    27.1537 0.0000e+00
      0.203      0.002     9.6118    119.109     34.877  36.382457     2.0678      7.037   115.9678 5.1202e+02     6.7103      0.199      0.288    27.1502 0.0000e+00
      0.204      0.001     9.8174    116.850     34.871  36.377730     2.0763      7.037   116.1970 5.1175e+02     6.7860      0.200      0.290    27.1489 0.0000e+00
      0.205      0.000     9.8370    115.109     34.853  36.359476     2.0625      7.038   116.4822 5.1055e+02     6.7230      0.201      0.291    27.1486 0.0000e+00
      0.205     -0.002     9.6788    113.897     34.847  36.352101     2.0513      7.038   116.8342 5.0965e+02     6.6993      0.201      0.291    27.1495 0.0000e+00
