Data/DataNotYetUploadedToEDI/Raw_CTD/RawDownloads/072125_fcr10_S7809002.cnv
* Sea-Bird SBE19plus  Data File:
* FileName = C:\R\Reservoirs\Data\DataNotYetUploadedToEDI\Raw_CTD\RawDownloads\072125_fcr50_S7809_0002.hex
* Software version 2.8.0.119
* Temperature SN = 7809
* Conductivity SN = 7809
* System UpLoad Time = Jul 21 2025 18:14:48
* <ApplicationData>
* <Seaterm232>
# nquan = 15
# nvalues = 811                         
# units = specified
# name 0 = depFM: Depth [fresh water, m]
# name 1 = dz/dtM: Descent Rate [m/s]
# name 2 = sbeox0Mg/L: Oxygen, SBE 43 [mg/l]
# name 3 = sbeox0PS: Oxygen, SBE 43 [% saturation]
# name 4 = specc: Specific Conductance [uS/cm]
# name 5 = c0uS/cm: Conductivity [uS/cm]
# name 6 = flECO-AFL: Fluorescence, WET Labs ECO-AFL/FL [mg/m^3]
# name 7 = ph: pH
# name 8 = orp: Oxidation Reduction Potential [mV]
# name 9 = par/sat/log: PAR/Logarithmic, Satlantic
# name 10 = turbWETntu0: Turbidity, WET Labs ECO [NTU]
# name 11 = prdM: Pressure, Strain Gauge [db]
# name 12 = prdE: Pressure, Strain Gauge [psi]
# name 13 = tv290C: Temperature [ITS-90, deg C]
# name 14 = flag:  0.000e+00
# span 0 =     -0.662,      2.143       
# span 1 =     -0.251,      0.177       
# span 2 =     0.0832,     9.4564       
# span 3 =      0.954,    118.354       
# span 4 =      0.696,     98.197       
# span 5 =   0.777441,  90.541102       
# span 6 =    -0.8705,   227.6238       
# span 7 =     -1.987,      7.274       
# span 8 = -1240.7455,   246.8799       
# span 9 = 4.5621e+01, 2.4033e+03       
# span 10 =    -0.1432,    86.8425      
# span 11 =     -0.650,      2.102      
# span 12 =     -0.942,      3.049      
# span 13 =    21.0061,    30.8091      
# span 14 = 0.0000e+00, 0.0000e+00      
# interval = seconds: 0.25
# start_time = Jul 21 2025 13:33:05 [Instrument's time stamp, header]
# bad_flag = -9.990e-29
*END*
[from data line 772]
      0.010      0.018     8.3743    105.603     34.912  36.182756     2.1544      7.052   173.8598 1.9900e+03     4.6312      0.011      0.015    26.8372 0.0000e+00
      0.010      0.011     8.4292    105.131     34.898  36.170641     2.1852      7.053   172.9778 1.8517e+03     4.7723      0.009      0.013    26.8334 0.0000e+00
      0.013      0.002     8.4572    104.615     34.889  36.165511     2.2184      7.054   172.4497 1.4259e+03     4.8108      0.011      0.014    26.8204 0.0000e+00
      0.020     -0.016     8.4721    104.270     34.902  36.184196     2.2319      7.054   171.7760 8.2442e+02     4.6533      0.019      0.027    26.8124 0.0000e+00
      0.026     -0.045     8.4489    104.250     34.917  36.206217     2.2145      7.054   170.5971 5.3620e+02     4.4390      0.031      0.046    26.8126 0.0000e+00
      0.021     -0.083     8.4050    104.503     34.943  36.241431     2.2168      7.054   169.1231 5.2814e+02     4.3717      0.029      0.042    26.8162 0.0000e+00
     -0.004     -0.127     8.3572    104.831     34.982  36.292729     2.2265      7.055   168.7523 6.2368e+02     4.4208      0.004      0.006    26.8209 0.0000e+00
     -0.050     -0.170     8.3219    105.126     34.993  36.318876     2.1736      7.057   169.1251 7.8425e+02     4.3837     -0.043     -0.063    26.8282 0.0000e+00
     -0.110     -0.203     8.3216    105.466     34.960  36.303796     2.1011      7.057   168.1241 9.3312e+02     4.2991     -0.107     -0.154    26.8380 0.0000e+00
     -0.176     -0.223     8.3465    105.873     34.937  36.300771     2.0660      7.057   170.8449 1.0027e+03     4.2861     -0.172     -0.249    26.8504 0.0000e+00
     -0.242     -0.237     8.3758    106.235     34.962  36.345786     2.0405      7.060   193.6771 1.0157e+03     4.3971     -0.240     -0.348    26.8652 0.0000e+00
     -0.302     -0.247     8.3907    106.449     34.999  36.403946     2.0010      7.063   234.2507 1.0452e+03     4.4795     -0.301     -0.436    26.8840 0.0000e+00
     -0.354     -0.251     8.4123    106.339     34.999  36.432963     1.9627      7.059   246.8799 1.1092e+03     4.3947     -0.344     -0.499    26.9145 0.0000e+00
     -0.412     -0.244     8.4452    105.656     34.978  36.442868     1.9181      7.049   219.4678 1.1441e+03     4.3626     -0.396     -0.575    26.9483 0.0000e+00
     -0.485     -0.224     8.4717    104.493     34.978  36.460309     1.8116      7.043   190.2702 1.1344e+03     5.0131     -0.471     -0.683    26.9726 0.0000e+00
     -0.566     -0.194     8.4886    103.273     34.979  36.453524     1.6733      7.042   172.0197 1.1040e+03     6.2485     -0.562     -0.815    26.9955 0.0000e+00
     -0.628     -0.156     8.4854    102.101     34.973  36.424273     1.6032      7.043   161.8458 1.0560e+03     6.8654     -0.633     -0.919    27.0372 0.0000e+00
     -0.653     -0.113     8.4211    100.796     34.998  36.423850     1.5466      7.045   159.3213 1.0081e+03     6.6648     -0.647     -0.937    27.0967 0.0000e+00
     -0.658     -0.068     8.3031     99.504     35.045  36.448367     1.1716      7.047   160.5100 9.7813e+02     5.1207     -0.644     -0.934    27.1293 0.0000e+00
     -0.658     -0.031     8.2070     98.651     35.084  36.466866     0.5151      7.047   160.6459 9.8109e+02     2.4399     -0.645     -0.937    27.1090 0.0000e+00
     -0.658     -0.009     8.1331     98.249     35.094  36.457136     0.1512      7.047   159.6740 1.1202e+03     0.9992     -0.645     -0.934    27.0673 0.0000e+00
     -0.658     -0.001     8.0288     97.503     34.805  36.140340     0.0930      7.047   159.3413 1.3641e+03     0.8186     -0.646     -0.936    27.0288 0.0000e+00
     -0.658     -0.000     7.9139     95.629     31.259  32.446134     0.0280      7.050   159.1181 1.4375e+03     0.6654     -0.645     -0.936    26.9939 0.0000e+00
     -0.658     -0.001     7.8445     92.871     21.857  22.680855    -0.3105      7.050   159.9864 1.3059e+03     0.4798     -0.645     -0.936    26.9625 0.0000e+00
     -0.658     -0.001     7.8448     90.016     11.858  12.302839    -0.8705      7.049   160.4620 1.1383e+03     0.2823     -0.645     -0.935    26.9348 0.0000e+00
     -0.658     -0.001     7.8241     87.614      7.123   7.388510    -0.7419      7.048   160.2224 1.0948e+03     0.1226     -0.645     -0.935    26.9094 0.0000e+00
     -0.659     -0.001     7.6614     85.865      5.949   6.169748     4.4908      7.047   160.2732 1.3907e+03     0.1881     -0.645     -0.937    26.8881 0.0000e+00
     -0.660     -0.001     7.4161     84.752      5.413   5.613353    62.7969      7.046   160.4739 1.7644e+03     2.6114     -0.647     -0.939    26.8724 0.0000e+00
     -0.660     -0.001     7.1758     84.295      4.976   5.159328   169.7140      7.044   160.7562 1.7445e+03     7.1844     -0.647     -0.939    26.8605 0.0000e+00
     -0.660     -0.001     6.9791     84.532      4.629   4.798103   227.5965      7.042   161.1917 1.5363e+03     9.5700     -0.647     -0.938    26.8513 0.0000e+00
     -0.660      0.000     6.8441     85.307      4.380   4.540089   227.6238      7.039   161.8675 1.4561e+03     9.4561     -0.647     -0.938    26.8452 0.0000e+00
     -0.659 -1.864e-08     6.7548     86.310      4.169   4.320327   170.2098      7.038   162.2164 1.4488e+03     7.2077     -0.647     -0.938    26.8403 0.0000e+00
     -0.659 -2.051e-07     6.7149     87.282      3.962   4.104816    64.1739      7.039   162.3115 1.4459e+03     3.1205     -0.647     -0.938    26.8346 0.0000e+00
     -0.660 -2.066e-07     6.7405     88.086      3.825   3.961535     6.3488      7.039   162.6737 1.4324e+03     0.8241     -0.647     -0.938    26.8268 0.0000e+00
     -0.660 -3.726e-08     6.8130     88.435      3.784   3.918249     1.5504      7.039   162.8957 1.4312e+03     0.5861     -0.647     -0.938    26.8178 0.0000e+00
     -0.660 -9.990e-29     6.9042 -9.990e-29 -9.990e-29 -9.990e-29 -9.990e-29 -9.990e-29 -9.990e-29 1.4702e+03 -9.990e-29     -0.647     -0.938    26.8065 0.0000e+00
     -0.659 -9.990e-29     6.9827 -9.990e-29 -9.990e-29 -9.990e-29 -9.990e-29 -9.990e-29 -9.990e-29 1.4928e+03 -9.990e-29     -0.647     -0.938    26.7961 0.0000e+00
     -0.659 -9.990e-29     7.0563 -9.990e-29 -9.990e-29 -9.990e-29 -9.990e-29 -9.990e-29 -9.990e-29 1.4558e+03 -9.990e-29     -0.646     -0.938    26.7823 0.0000e+00
     -0.659 -9.990e-29     7.1024 -9.990e-29 -9.990e-29 -9.990e-29 -9.990e-29 -9.990e-29 -9.990e-29 1.4247e+03 -9.990e-29     -0.646     -0.938    26.7718 0.0000e+00
