Data/DataNotYetUploadedToEDI/Raw_CTD/RawDownloads/072125_fcr20_S7809003.cnv
* Sea-Bird SBE19plus  Data File:
* FileName = C:\R\Reservoirs\Data\DataNotYetUploadedToEDI\Raw_CTD\RawDownloads\072125_fcr50_S7809_0003.hex
* Software version 2.8.0.119
* Temperature SN = 7809
* Conductivity SN = 7809
* System UpLoad Time = Jul 21 2025 18:15:22
* <ApplicationData>
* <Seaterm232>
# nquan = 15
# nvalues = 1302                        
# units = specified
# name 0 = depFM: Depth [fresh water, m]
# name 1 = dz/dtM: Descent Rate [m/s]
# name 2 = sbeox0Mg/L: Oxygen, SBE 43 [mg/l]
# name 3 = sbeox0PS: Oxygen, SBE 43 [% saturation]
# name 4 = specc: Specific Conductance [uS/cm]
# name 5 = c0uS/cm: Conductivity [uS/cm]
# name 6 = flECO-AFL: Fluorescence, WET Labs ECO-AFL/FL [mg/m^3]
# name 7 = ph: pH
# name 8 = orp: Oxidation Reduction Potential [mV]
# name 9 = par/sat/log: PAR/Logarithmic, Satlantic
# name 10 = turbWETntu0: Turbidity, WET Labs ECO [NTU]
# name 11 = prdM: Pressure, Strain Gauge [db]
# name 12 = prdE: Pressure, Strain Gauge [psi]
# name 13 = tv290C: Temperature [ITS-90, deg C]
# name 14 = flag:  0.000e+00
# span 0 =     -0.654,      3.333       
# span 1 =     -0.273,      0.183       
# span 2 =     0.0256,     9.8370       
# span 3 =      0.278,    123.064       
# span 4 =      1.113,    335.845       
# span 5 =   1.141270, 266.236428       
# span 6 =    -0.3506,    16.4608       
# span 7 =      6.966,      7.218       
# span 8 = -1031.9312,   212.3660       
# span 9 = 4.5663e+00, 1.1862e+03       
# span 10 =    -1.2983,   120.6690      
# span 11 =     -0.642,      3.268      
# span 12 =     -0.932,      4.740      
# span 13 =    14.6223,    27.8589      
# span 14 = 0.0000e+00, 0.0000e+00      
# interval = seconds: 0.25
# start_time = Jul 21 2025 13:39:44 [Instrument's time stamp, header]
# bad_flag = -9.990e-29
*END*
[from data line 1254]
     -0.193     -0.058     7.5347    100.264     35.329  36.497586     2.0436      7.044   130.8472 5.6222e+02    10.6196     -0.191     -0.276    26.4387 0.0000e+00
     -0.184     -0.043     7.6702    101.524     35.304  36.525969     2.1106      7.045   130.7220 5.4771e+02     9.7356     -0.179     -0.259    26.4965 0.0000e+00
     -0.181     -0.058     7.8180    102.821     35.281  36.555543     2.1686      7.047   131.3165 5.5021e+02     7.9605     -0.175     -0.252    26.5335 0.0000e+00
     -0.187     -0.108     7.9477    104.146     35.223  36.537985     2.1705      7.049   137.0019 5.9254e+02     6.9199     -0.180     -0.262    26.5765 0.0000e+00
     -0.207     -0.177     8.0437    105.393     35.162  36.504107     2.1495      7.049   143.0221 6.6386e+02     7.0949     -0.194     -0.281    26.6433 0.0000e+00
     -0.253     -0.237     8.1252    106.279     35.101  36.463235     2.0483      7.045   141.6417 7.2989e+02    10.2467     -0.233     -0.337    26.7236 0.0000e+00
     -0.339     -0.271     8.2206    106.335     35.049  36.424539     1.8372      7.042   138.9822 7.4954e+02    15.8214     -0.321     -0.465    26.8059 0.0000e+00
     -0.456     -0.273     8.3178    105.270     35.036  36.416963     1.6947      7.042   137.2802 7.1458e+02    18.6822     -0.445     -0.646    26.8680 0.0000e+00
     -0.568     -0.248     8.4188    103.278     35.058  36.435097     1.6236      7.043   134.9152 6.7123e+02    18.3971     -0.577     -0.838    26.9060 0.0000e+00
     -0.634     -0.198     8.5014    100.910     35.087  36.453444     1.1281      7.043   133.2737 6.4249e+02    13.4330     -0.642     -0.932    26.9364 0.0000e+00
     -0.652     -0.134     8.5126     98.695     35.098  36.448426     0.2310      7.043   131.9738 6.2322e+02     4.3666     -0.641     -0.931    26.9605 0.0000e+00
     -0.653     -0.071     8.4206     97.006     35.108  36.437849    -0.2757      7.043   132.1042 6.1921e+02    -0.6333     -0.641     -0.929    26.9704 0.0000e+00
     -0.654     -0.026     8.2432     96.080     35.149  36.452425    -0.3458      7.043   133.9905 6.3644e+02    -1.2120     -0.642     -0.931    26.9614 0.0000e+00
     -0.654     -0.005     8.0426     95.923     35.165  36.434263    -0.3506      7.044   136.1963 6.6886e+02    -1.2983     -0.641     -0.930    26.9429 0.0000e+00
     -0.654     -0.000     7.8598     96.053     34.807  36.027850    -0.2835      7.047   137.2643 6.9528e+02    -0.7210     -0.641     -0.930    26.9198 0.0000e+00
     -0.654 -3.569e-08     7.7211     95.376     30.557  31.601920    -0.1509      7.050   136.4926 7.0127e+02     0.4060     -0.641     -0.930    26.8913 0.0000e+00
     -0.654 -3.925e-07     7.6522     93.116     20.172  20.848515    -0.0874      7.052   134.0922 6.9494e+02     0.9522     -0.641     -0.930    26.8515 0.0000e+00
     -0.654 -3.925e-07     7.6548     89.680     10.300  10.638530    -0.1063      7.052   131.6444 7.0161e+02     0.8620     -0.641     -0.930    26.7989 0.0000e+00
     -0.654 -3.568e-08     7.7116     85.949      6.278   6.480091    -0.0381      7.053   131.2457 7.1921e+02     0.9211     -0.641     -0.929    26.7443 0.0000e+00
     -0.654 -3.244e-09     7.6981     82.553      5.443   5.615161     0.1038      7.053   132.3689 7.0241e+02     1.0861     -0.641     -0.930    26.6931 0.0000e+00
     -0.654 -2.949e-10     7.4996     79.840      5.150   5.312483     0.1614      7.049   133.1799 6.4550e+02     1.0802     -0.641     -0.930    26.6496 0.0000e+00
     -0.654 -2.681e-11     7.1999     77.950      5.007   5.164498     0.1596      7.044   132.8776 5.9857e+02     1.0887     -0.641     -0.930    26.6165 0.0000e+00
     -0.654 -2.438e-12     6.8883     76.999      4.816   4.966227     0.1647      7.047   132.5860 5.8315e+02     1.4287     -0.641     -0.930    26.5930 0.0000e+00
     -0.654 -2.216e-13     6.6061     77.039      4.549   4.689055     0.1647      7.052   133.3532 5.8064e+02     2.0140     -0.642     -0.931    26.5782 0.0000e+00
     -0.654 -2.015e-14     6.3891     77.837      4.280   4.410628     0.1432      7.049   133.9802 5.8224e+02     2.2554     -0.642     -0.931    26.5677 0.0000e+00
     -0.654 -1.831e-15     6.2347     78.986      4.074   4.197134     0.1051      7.044   134.1446 5.9052e+02     2.1269     -0.642     -0.931    26.5583 0.0000e+00
     -0.654 -1.665e-16     6.1546     80.176      4.014   4.134907     0.0780      7.042   134.3082 5.9775e+02     2.0672     -0.641     -0.930    26.5479 0.0000e+00
     -0.654 -1.514e-17     6.1673     81.257      3.983   4.101696     0.0481      7.042   134.5814 6.1896e+02     2.0112     -0.641     -0.930    26.5358 0.0000e+00
     -0.654 -1.376e-18     6.2469     82.206      3.811   3.922274     0.0106      7.042   134.8671 7.1421e+02     1.8598     -0.641     -0.930    26.5229 0.0000e+00
     -0.654 -1.251e-19     6.3491     83.043      3.573   3.675926    -0.0096      7.042   135.0091 8.5468e+02     1.8418     -0.641     -0.930    26.5085 0.0000e+00
     -0.654 -1.137e-20     6.4506     83.779      3.432   3.530341    -0.0128      7.041   135.1802 9.3340e+02     1.9299     -0.641     -0.930    26.4927 0.0000e+00
     -0.654 -1.033e-21     6.5398     84.428      3.396   3.492311    -0.0193      7.039   135.3871 9.5157e+02     1.9351     -0.641     -0.930    26.4759 0.0000e+00
     -0.654 -9.395e-23     6.6168     84.985      3.376   3.469499    -0.0311      7.037   135.7036 9.4938e+02     1.9723     -0.641     -0.930    26.4585 0.0000e+00
     -0.654 -8.545e-24     6.6866     85.470      3.291   3.381210    -0.0132      7.037   135.9963 9.2454e+02     2.1063     -0.641     -0.930    26.4407 0.0000e+00
     -0.654 -7.765e-25     6.7471     85.940      3.162   3.248325     0.0308      7.036   135.9147 8.8883e+02     2.2581     -0.641     -0.930    26.4224 0.0000e+00
     -0.654 -7.060e-26     6.8021     86.387      3.110   3.193059     0.0511      7.034   135.7485 8.6034e+02     2.3391     -0.641     -0.930    26.4040 0.0000e+00
     -0.654 -6.420e-27     6.8498     86.793      3.138   3.219764     0.0323      7.034   136.0517 8.4925e+02     2.3335     -0.641     -0.930    26.3850 0.0000e+00
     -0.654 -5.835e-28     6.8875     87.173      3.173   3.254482     0.0029      7.035   136.5698 8.5137e+02     2.3947     -0.641     -0.930    26.3653 0.0000e+00
     -0.654 -5.305e-29     6.9293     87.522      3.215   3.296093     0.0040      7.030   136.5054 8.5298e+02     2.5672     -0.641     -0.930    26.3455 0.0000e+00
     -0.654 -4.822e-30     6.9691     87.830      3.200   3.279460     0.0135      7.020   136.3054 8.5657e+02     2.9843     -0.641     -0.930    26.3246 0.0000e+00
     -0.653 -4.384e-31     7.0028     88.112      3.042   3.116713    -0.0077      7.020   136.8191 8.6745e+02     3.6464     -0.640     -0.929    26.3033 0.0000e+00
     -0.653 -3.986e-32     7.0370     88.371      2.843   2.911973    -0.0107      7.028   137.3828 8.7611e+02     4.1168     -0.640     -0.929    26.2831 0.0000e+00
     -0.653 -3.653e-33     7.0683     88.583      2.765   2.831028     0.0263      7.032   137.5291 8.7467e+02     4.3335     -0.640     -0.929    26.2623 0.0000e+00
     -0.653 -6.587e-34     7.0946     88.674      2.770   2.834812     0.0486      7.033   137.5555 8.6402e+02     4.4221     -0.641     -0.929    26.2424 0.0000e+00
     -0.653 -9.990e-29     7.1204 -9.990e-29 -9.990e-29 -9.990e-29 -9.990e-29 -9.990e-29 -9.990e-29 8.3959e+02 -9.990e-29     -0.641     -0.930    26.2218 0.0000e+00
     -0.653 -9.990e-29     7.1436 -9.990e-29 -9.990e-29 -9.990e-29 -9.990e-29 -9.990e-29 -9.990e-29 8.3875e+02 -9.990e-29     -0.641     -0.929    26.2044 0.0000e+00
     -0.654 -9.990e-29     7.1658 -9.990e-29 -9.990e-29 -9.990e-29 -9.990e-29 -9.990e-29 -9.990e-29 8.8890e+02 -9.990e-29     -0.641     -0.930    26.1828 0.0000e+00
     -0.654 -9.990e-29     7.1792 -9.990e-29 -9.990e-29 -9.990e-29 -9.990e-29 -9.990e-29 -9.990e-29 9.2272e+02 -9.990e-29     -0.641     -0.930    26.1668 0.0000e+00
