Data/DataNotYetUploadedToEDI/Raw_CTD/RawDownloads/072125_fcr40_S7809005.cnv
* Sea-Bird SBE19plus  Data File:
* FileName = C:\R\Reservoirs\Data\DataNotYetUploadedToEDI\Raw_CTD\RawDownloads\072125_fcr50_S7809_0005.hex
* Software version 2.8.0.119
* Temperature SN = 7809
* Conductivity SN = 7809
* System UpLoad Time = Jul 21 2025 18:16:51
* <ApplicationData>
* <Seaterm232>
# nquan = 15
# nvalues = 1458                        
# units = specified
# name 0 = depFM: Depth [fresh water, m]
# name 1 = dz/dtM: Descent Rate [m/s]
# name 2 = sbeox0Mg/L: Oxygen, SBE 43 [mg/l]
# name 3 = sbeox0PS: Oxygen, SBE 43 [% saturation]
# name 4 = specc: Specific Conductance [uS/cm]
# name 5 = c0uS/cm: Conductivity [uS/cm]
# name 6 = flECO-AFL: Fluorescence, WET Labs ECO-AFL/FL [mg/m^3]
# name 7 = ph: pH
# name 8 = orp: Oxidation Reduction Potential [mV]
# name 9 = par/sat/log: PAR/Logarithmic, Satlantic
# name 10 = turbWETntu0: Turbidity, WET Labs ECO [NTU]
# name 11 = prdM: Pressure, Strain Gauge [db]
# name 12 = prdE: Pressure, Strain Gauge [psi]
# name 13 = tv290C: Temperature [ITS-90, deg C]
# name 14 = flag:  0.000e+00
# span 0 =     -0.653,      6.114       
# span 1 =     -0.341,      0.198       
# span 2 =     0.0291,     9.3240       
# span 3 =      0.307,    116.882       
# span 4 =      1.152,     56.664       
# span 5 =   1.109308,  44.601049       
# span 6 =    -0.0736,    15.3110       
# span 7 =      6.958,      7.079       
# span 8 =   116.7106,   213.1107       
# span 9 = 1.2356e-01, 1.4395e+03       
# span 10 =    -0.0862,    68.2948      
# span 11 =     -0.643,      5.996      
# span 12 =     -0.931,      8.697      
# span 13 =    11.4971,    27.6580      
# span 14 = 0.0000e+00, 0.0000e+00      
# interval = seconds: 0.25
# start_time = Jul 21 2025 14:17:54 [Instrument's time stamp, header]
# bad_flag = -9.990e-29
*END*
[from data line 97]
      0.146     -0.060     6.5625     85.805     34.403  35.941622     1.9853      7.047   118.6538 4.4678e+02     5.3907      0.138      0.200    27.2065 0.0000e+00
      0.126     -0.066     6.5643     86.410     34.278  35.816582     1.9561      7.047   118.4829 4.8494e+02     5.3657      0.119      0.172    27.2184 0.0000e+00
      0.118     -0.084     6.6237     86.500     34.246  35.779609     1.9606      7.046   118.2415 4.8480e+02     5.4409      0.115      0.167    27.2238 0.0000e+00
      0.114     -0.117     6.7275     86.448     34.301  35.811833     2.0076      7.046   118.7460 4.8236e+02     5.5141      0.113      0.165    27.2230 0.0000e+00
      0.101     -0.161     6.8239     86.813     34.409  35.888922     2.0403      7.050   127.8523 5.1096e+02     5.4653      0.107      0.156    27.2247 0.0000e+00
      0.061     -0.201     6.8710     87.581     34.558  36.013689     2.0235      7.050   137.1428 5.9595e+02     5.3297      0.076      0.112    27.2431 0.0000e+00
     -0.017     -0.223     6.8695     88.401     34.610  36.051354     1.9874      7.046   129.8089 7.0490e+02     5.2749     -0.006     -0.009    27.2481 0.0000e+00
     -0.118     -0.222     6.8443     89.341     34.456  35.900147     1.9121      7.046   120.8307 7.9651e+02     5.3150     -0.121     -0.177    27.2009 0.0000e+00
     -0.207     -0.204     6.8837     90.447     34.307  35.771699     1.7871      7.050   119.6176 8.5498e+02     5.3370     -0.220     -0.321    27.1401 0.0000e+00
     -0.253     -0.182     6.9728     91.471     34.288  35.767331     1.7078      7.052   118.7545 8.6888e+02     5.2665     -0.265     -0.385    27.0944 0.0000e+00
     -0.259     -0.164     7.0296     92.181     34.314  35.783914     1.6770      7.052   118.1386 8.5886e+02     5.1122     -0.257     -0.372    27.0605 0.0000e+00
     -0.259     -0.160     7.1011     92.534     34.338  35.781845     1.6230      7.052   124.5606 8.5693e+02     5.0777     -0.242     -0.351    27.0739 0.0000e+00
     -0.286     -0.172     7.1921     92.813     34.267  35.678828     1.5546      7.052   141.3371 8.6150e+02     5.2239     -0.265     -0.385    27.1373 0.0000e+00
     -0.350     -0.194     7.2749     93.579     34.115  35.490010     1.5239      7.052   156.9902 8.5332e+02     5.3431     -0.335     -0.487    27.1700 0.0000e+00
     -0.432     -0.209     7.3379     95.190     34.004  35.338802     1.5269      7.050   163.1662 8.4620e+02     5.2887     -0.426     -0.617    27.1414 0.0000e+00
     -0.509     -0.201     7.3645     97.340     33.956  35.246381     1.5152      7.050   153.2882 8.5596e+02     5.0790     -0.506     -0.733    27.0971 0.0000e+00
     -0.567     -0.161     7.3729     99.226     33.828  35.070403     1.4993      7.050   131.5109 8.6390e+02     4.9598     -0.564     -0.818    27.0532 0.0000e+00
     -0.604     -0.097     7.4257    100.220     33.723  34.924035     1.5097      7.049   119.5178 8.5677e+02     5.0432     -0.598     -0.866    27.0091 0.0000e+00
     -0.620     -0.023     7.5704    100.011     33.820  34.999293     1.5076      7.048   119.4428 8.5307e+02     5.0287     -0.616     -0.893    26.9598 0.0000e+00
     -0.614      0.047     7.7783     98.117     33.309  34.457606     1.4901      7.049   129.0561 8.6205e+02     4.9207     -0.611     -0.887    26.8953 0.0000e+00
     -0.584      0.106     7.9617     94.593     32.585  33.703586     1.4986      7.049   145.8397 8.7203e+02     4.9676     -0.577     -0.836    26.8251 0.0000e+00
     -0.540      0.151     8.0445     90.203     33.122  34.256947     1.5276      7.043   148.7445 8.8318e+02     5.1174     -0.532     -0.771    26.7672 0.0000e+00
     -0.487      0.179     8.0578     85.438     34.133  35.311593     1.5654      7.036   135.5264 8.9884e+02     5.2625     -0.480     -0.696    26.7316 0.0000e+00
     -0.429      0.189     7.9140     80.938     34.629  35.860117     1.6231      7.036   123.8562 9.1812e+02     5.2535     -0.421     -0.609    26.7145 0.0000e+00
     -0.374      0.187     7.5893     77.598     34.832  36.130601     1.7090      7.040   119.6641 9.3623e+02     5.1794     -0.364     -0.528    26.7086 0.0000e+00
     -0.325      0.179     7.2404     76.021     34.865  36.234469     1.7635      7.043   118.7391 9.4426e+02     5.1862     -0.317     -0.460    26.7037 0.0000e+00
     -0.285      0.172     6.8400     76.558     34.793  36.227794     1.7744      7.045   117.5768 9.4196e+02     5.1640     -0.276     -0.400    26.7044 0.0000e+00
     -0.250      0.167     6.4385     78.853     34.746  36.240347     1.7828      7.047   116.7106 9.2097e+02     5.1163     -0.245     -0.355    26.7551 0.0000e+00
     -0.215      0.167     6.1522     81.736     34.777  36.322891     1.7900      7.049   117.4716 8.5145e+02     5.0538     -0.214     -0.311    26.8554 0.0000e+00
     -0.171      0.174     5.9971     84.243     34.815  36.401043     1.8195      7.050   118.1737 6.7315e+02     5.0915     -0.169     -0.245    26.9591 0.0000e+00
     -0.123      0.186     6.0361     86.175     34.806  36.423930     1.8397      7.050   118.1442 4.5688e+02     5.1960     -0.121     -0.176    27.0584 0.0000e+00
     -0.074      0.196     6.2525     87.829     34.766  36.409319     1.8437      7.050   118.3206 3.5167e+02     5.2248     -0.074     -0.108    27.1513 0.0000e+00
     -0.023      0.198     6.5034     89.533     34.749  36.414772     1.9257      7.050   118.6719 3.0763e+02     5.3377     -0.024     -0.036    27.2231 0.0000e+00
      0.035      0.194     6.6967     91.163     34.744  36.426449     2.0487      7.050   119.0355 2.6126e+02     5.5022      0.032      0.046    27.2762 0.0000e+00
      0.093      0.187     6.8358     92.293     34.673  36.360184     2.1073      7.051   119.3611 2.3656e+02     5.6078      0.098      0.142    27.3190 0.0000e+00
      0.138      0.176     6.9468     92.753     34.563  36.248066     2.1351      7.051   119.5115 2.2651e+02     5.7267      0.140      0.203    27.3581 0.0000e+00
      0.173      0.157     7.0818     92.644     34.529  36.212944     2.1510      7.051   119.4780 2.2173e+02     5.9148      0.166      0.242    27.3950 0.0000e+00
      0.213      0.132     7.2263     92.028     34.567  36.252788     2.1168      7.051   119.4711 2.2156e+02     6.0712      0.207      0.300    27.4191 0.0000e+00
      0.253      0.103     7.3173     90.898     34.601  36.285666     2.0709      7.051   119.4286 2.2291e+02     6.0461      0.253      0.366    27.4305 0.0000e+00
      0.282      0.078     7.3475     89.372     34.613  36.293218     2.0622      7.051   119.1364 2.2668e+02     6.0211      0.282      0.410    27.4323 0.0000e+00
      0.294      0.055     7.3375     87.711     34.608  36.280641     2.0948      7.051   118.8632 2.3424e+02     6.0429      0.292      0.423    27.4318 0.0000e+00
      0.296      0.033     7.2906     86.089     34.597  36.260483     2.1412      7.051   118.8792 2.4242e+02     6.0022      0.291      0.421    27.4344 0.0000e+00
      0.295      0.016     7.1993     84.554     34.584  36.239831     2.1487      7.052   118.9861 2.4933e+02     5.9389      0.287      0.416    27.4300 0.0000e+00
      0.295      0.006     7.0697     83.172     34.573  36.221271     2.1264      7.052   119.0365 2.5208e+02     5.8239      0.288      0.418    27.4204 0.0000e+00
      0.298      0.003     6.9347     82.115     34.585  36.226406     2.1133      7.052   119.0580 2.5278e+02     5.8081      0.293      0.425    27.4098 0.0000e+00
      0.299      0.004     6.8085     81.610     34.604  36.238461     2.1066      7.052   119.2467 2.5494e+02     5.9186      0.294      0.427    27.3978 0.0000e+00
      0.298      0.005     6.6865     81.642     34.614  36.240126     2.0873      7.052   119.5971 2.5701e+02     5.9296      0.291      0.422    27.3863 0.0000e+00
      0.298      0.005     6.5746     81.885     34.628  36.246519     2.0544      7.052   119.7669 2.5845e+02     5.8386      0.291      0.421    27.3762 0.0000e+00
      0.300      0.004     6.4824     82.046     34.641  36.252297     2.0422      7.052   119.8372 2.6155e+02     5.8431      0.294      0.427    27.3667 0.0000e+00
      0.303      0.004     6.4429     82.069     34.641  36.246526     2.0642      7.052   120.1024 2.6643e+02     6.0190      0.297      0.432    27.3556 0.0000e+00
      0.304      0.004     6.4600     82.050     34.638  36.240181     2.0966      7.052   120.4779 2.7040e+02     6.1888      0.299      0.433    27.3427 0.0000e+00
      0.304      0.005     6.4900     82.136     34.640  36.239028     2.1002      7.052   120.8500 2.7582e+02     6.1874      0.299      0.433    27.3294 0.0000e+00
      0.304      0.005     6.5044     82.503     34.636  36.232579     2.0742      7.052   121.2462 2.8698e+02     6.0709      0.298      0.432    27.3177 0.0000e+00
      0.304      0.006     6.5037     83.287     34.633  36.225652     2.0576      7.053   121.5693 2.9777e+02     6.0434      0.297      0.431    27.3098 0.0000e+00
      0.307      0.008     6.4989     84.476     34.629  36.218720     2.0657      7.054   121.7455 3.0152e+02     6.1287      0.300      0.436    27.3052 0.0000e+00
      0.310      0.011     6.5012     85.916     34.625  36.212205     2.0883      7.054   121.9134 3.0149e+02     6.1460      0.305      0.442    27.3020 0.0000e+00
      0.314      0.016     6.5253     87.357     34.627  36.210331     2.0982      7.054   122.1363 3.0109e+02     6.0823      0.308      0.447    27.2985 0.0000e+00
      0.317      0.022     6.5892     88.555     34.617  36.196057     2.0938      7.054   122.2896 3.0021e+02     6.1435      0.310      0.450    27.2936 0.0000e+00
      0.321      0.029     6.6879     89.356     34.595  36.166504     2.0845      7.053   122.3906 3.0486e+02     6.3392      0.314      0.455    27.2892 0.0000e+00
      0.327      0.037     6.8102     89.665     34.545  36.106804     2.0778      7.053   122.5824 3.0997e+02     6.4335      0.318      0.462    27.2855 0.0000e+00
      0.338      0.044     6.9328     89.469     34.492  36.045254     2.0958      7.054   122.8881 3.0503e+02     6.3954      0.329      0.478    27.2812 0.0000e+00
      0.353      0.046     7.0317     88.851     34.507  36.056795     2.1032      7.054   123.2481 2.9141e+02     6.3218      0.345      0.500    27.2742 0.0000e+00
      0.371      0.046     7.0999     87.998     34.572  36.119436     2.0918      7.054   123.4932 2.7527e+02     6.3298      0.363      0.526    27.2640 0.0000e+00
      0.388      0.041     7.1257     87.163     34.624  36.168146     2.1083      7.054   123.6147 2.7050e+02     6.4240      0.385      0.557    27.2544 0.0000e+00
      0.397      0.034     7.1094     86.543     34.663  36.201586     2.1275      7.054   123.8565 2.7705e+02     6.4705      0.392      0.568    27.2454 0.0000e+00
      0.399      0.025     7.0557     86.104     34.675  36.206496     2.1074      7.055   124.1794 2.8860e+02     6.3793      0.391      0.566    27.2391 0.0000e+00
      0.401      0.016     6.9812     85.623     34.642  36.164046     2.0733      7.055   124.3356 3.0259e+02     6.1750      0.393      0.570    27.2337 0.0000e+00
      0.405      0.010     6.9092     85.003     34.619  36.132466     2.0814      7.055   124.3684 3.1242e+02     6.1182      0.397      0.576    27.2240 0.0000e+00
      0.409      0.005     6.8614     84.332     34.635  36.141908     2.1141      7.055   124.4047 3.1769e+02     6.2056      0.402      0.584    27.2126 0.0000e+00
      0.410      0.003     6.8389     83.817     34.652  36.151302     2.1359      7.056   124.5163 3.2044e+02     6.1717      0.403      0.584    27.2014 0.0000e+00
      0.409      0.002     6.8035     83.671     34.629  36.119134     2.1448      7.056   124.6856 3.2151e+02     5.9819      0.401      0.582    27.1896 0.0000e+00
      0.406      0.002     6.7528     83.839     34.590  36.070197     2.1301      7.055   124.8166 3.2151e+02     5.7899      0.399      0.578    27.1784 0.0000e+00
      0.404      0.003     6.6956     84.028     34.594  36.067191     2.1326      7.055   124.9820 3.2298e+02     5.7970      0.396      0.573    27.1677 0.0000e+00
      0.407      0.005     6.6462     84.029     34.616  36.082781     2.1671      7.055   125.2216 3.2197e+02     5.9311      0.399      0.578    27.1567 0.0000e+00
      0.412      0.006     6.6383     83.879     34.607  36.068328     2.1561      7.055   125.4774 3.1858e+02     5.9427      0.404      0.587    27.1449 0.0000e+00
      0.415      0.007     6.6641     83.727     34.627  36.082786     2.0911      7.055   125.6654 3.1854e+02     5.8349      0.408      0.592    27.1328 0.0000e+00
      0.416      0.007     6.6876     83.659     34.679  36.130677     2.0551      7.055   125.8599 3.1701e+02     5.7545      0.409      0.593    27.1221 0.0000e+00
      0.416      0.007     6.6862     83.635     34.693  36.139767     2.0709      7.055   126.0229 3.1297e+02     5.7910      0.408      0.592    27.1133 0.0000e+00
      0.417      0.007     6.6697     83.520     34.688  36.129234     2.0908      7.056   126.0009 3.1224e+02     5.8318      0.409      0.593    27.1048 0.0000e+00
      0.418      0.009     6.6561     83.234     34.694  36.130216     2.0629      7.057   126.0239 3.1190e+02     5.7700      0.410      0.595    27.0957 0.0000e+00
      0.420      0.012     6.6527     83.127     34.721  36.151638     2.0169      7.057   126.3009 3.0684e+02     5.7266      0.412      0.597    27.0871 0.0000e+00
      0.424      0.014     6.6568     84.412     34.773  36.197881     2.0087      7.057   126.5973 3.0365e+02     5.7171      0.416      0.602    27.0792 0.0000e+00
      0.429      0.014     6.6522     88.325     34.823  36.245179     2.0295      7.057   126.6820 3.0471e+02     5.7230      0.421      0.609    27.0719 0.0000e+00
      0.434      0.013     6.6268     94.439     34.852  36.279363     2.0524      7.057   126.7235 3.0233e+02     5.6959      0.427      0.617    27.0630 0.0000e+00
      0.439      0.010     6.5830    101.017     34.857  36.293953     2.0439      7.057   126.8405 3.0123e+02     5.5939      0.432      0.627    27.0535 0.0000e+00
      0.441      0.009     6.6308    106.770     34.847  36.294700     2.0101      7.058   126.9790 3.0226e+02     5.6169      0.434      0.629    27.0408 0.0000e+00
      0.440      0.013     6.9610    111.324     34.830  36.288412     1.9762      7.058   127.1931 2.9812e+02     5.8044      0.433      0.627    27.0300 0.0000e+00
      0.440      0.020     7.5140    114.608     34.814  36.281396     1.9601      7.058   127.3640 2.9727e+02     5.9475      0.432      0.626    27.0367 0.0000e+00
      0.441      0.029     8.0705    116.464     34.800  36.273322     1.9656      7.059   127.3241 2.9945e+02     5.9116      0.431      0.625    27.0536 0.0000e+00
      0.449      0.037     8.5305    116.882     34.780  36.254249     1.9586      7.060   127.3139 2.9420e+02     5.7801      0.435      0.630    27.0708 0.0000e+00
      0.467      0.042     8.8878    116.213     34.770  36.241144     1.9589      7.059   127.4120 2.8676e+02     5.7934      0.456      0.661    27.0885 0.0000e+00
      0.487      0.043     9.1551    115.004     34.775  36.241769     1.9937      7.057   127.3922 2.8313e+02     5.9356      0.482      0.699    27.1033 0.0000e+00
      0.501      0.039     9.3032    113.764     34.798  36.261796     2.0130      7.056   127.2460 2.8119e+02     5.9956      0.493      0.716    27.1119 0.0000e+00
      0.508      0.031     9.3240    112.782     34.829  36.292935     1.9930      7.057   127.1067 2.7830e+02     5.9386      0.499      0.723    27.1144 0.0000e+00
      0.511      0.021     9.2553    112.103     34.837  36.301015     1.9592      7.058   127.0848 2.7460e+02     5.8267      0.502      0.728    27.1102 0.0000e+00
