Data/DataNotYetUploadedToEDI/Raw_CTD/RawDownloads/072125_fcr50_S7809001.cnv
* Sea-Bird SBE19plus  Data File:
* FileName = C:\R\Reservoirs\Data\DataNotYetUploadedToEDI\Raw_CTD\RawDownloads\072125_fcr50_S7809_0001.hex
* Software version 2.8.0.119
* Temperature SN = 7809
* Conductivity SN = 7809
* System UpLoad Time = Jul 21 2025 18:14:25
* <ApplicationData>
* <Seaterm232>
# nquan = 15
# nvalues = 2132                        
# units = specified
# name 0 = depFM: Depth [fresh water, m]
# name 1 = dz/dtM: Descent Rate [m/s]
# name 2 = sbeox0Mg/L: Oxygen, SBE 43 [mg/l]
# name 3 = sbeox0PS: Oxygen, SBE 43 [% saturation]
# name 4 = specc: Specific Conductance [uS/cm]
# name 5 = c0uS/cm: Conductivity [uS/cm]
# name 6 = flECO-AFL: Fluorescence, WET Labs ECO-AFL/FL [mg/m^3]
# name 7 = ph: pH
# name 8 = orp: Oxidation Reduction Potential [mV]
# name 9 = par/sat/log: PAR/Logarithmic, Satlantic
# name 10 = turbWETntu0: Turbidity, WET Labs ECO [NTU]
# name 11 = prdM: Pressure, Strain Gauge [db]
# name 12 = prdE: Pressure, Strain Gauge [psi]
# name 13 = tv290C: Temperature [ITS-90, deg C]
# name 14 = flag:  0.000e+00
# span 0 =     -0.652,      9.757       
# span 1 =     -2.803,      0.305       
# span 2 =    -0.5462,     8.5064       
# span 3 =     -4.847,    107.124       
# span 4 =      0.606,    310.054       
# span 5 =   0.649223, 226.763820       
# span 6 =    -0.0949,    12.3143       
# span 7 =      7.063,      9.367       
# span 8 = -1240.7455,   363.0359       
# span 9 = 1.2346e-01, 4.6393e+02       
# span 10 =    -0.1704,   332.5916      
# span 11 =     -0.640,      9.569      
# span 12 =     -0.928,     13.879      
# span 13 =    11.4051,    28.5641      
# span 14 = 0.0000e+00, 0.0000e+00      
# interval = seconds: 0.25
# start_time = Jul 21 2025 11:17:49 [Instrument's time stamp, header]
# bad_flag = -9.990e-29
*END*
[from data line 1735]
      5.569     -0.095     0.0514      0.464    299.004 218.809557     0.6605      9.257   123.5631 1.2362e-01    34.9926      5.454      7.910    11.5855 0.0000e+00
      5.578     -0.083     0.0536      0.446    298.884 218.722704     0.6546      9.257   124.1269 1.2364e-01    33.8115      5.470      7.934    11.5861 0.0000e+00
      5.585     -0.078     0.0523      0.406    298.741 218.619418     0.6199      9.258   126.6276 1.2365e-01    33.5279      5.482      7.953    11.5864 0.0000e+00
      5.570     -0.083     0.0499      0.376    298.603 218.521120     0.5821      9.259   128.0741 1.2364e-01    32.0076      5.475      7.941    11.5866 0.0000e+00
      5.527     -0.088     0.0511      0.386    298.476 218.430537     0.5299      9.260   128.1085 1.2363e-01    29.4012      5.426      7.870    11.5868 0.0000e+00
      5.472     -0.085     0.0498      0.420    298.372 218.356507     0.4967      9.262   128.0754 1.2367e-01    28.0097      5.357      7.769    11.5870 0.0000e+00
      5.437     -0.073     0.0440      0.433    298.332 218.330289     0.4968      9.262   127.7598 1.2367e-01    27.8225      5.319      7.715    11.5873 0.0000e+00
      5.432     -0.059     0.0387      0.433    298.294 218.305611     0.5147      9.263   127.0467 1.2362e-01    27.5125      5.323      7.720    11.5879 0.0000e+00
      5.442     -0.055     0.0405      0.452    298.214 218.250210     0.5551      9.263   127.1962 1.2357e-01    27.0292      5.335      7.739    11.5884 0.0000e+00
      5.452     -0.070     0.0476      0.477    298.103 218.172647     0.5859      9.263   128.3628 1.2357e-01    26.7610      5.351      7.760    11.5886 0.0000e+00
      5.447     -0.097     0.0476      0.479    297.960 218.072085     0.5881      9.263   129.2786 1.2361e-01    26.8651      5.354      7.765    11.5890 0.0000e+00
      5.413     -0.123     0.0457      0.451    297.850 217.994678     0.6061      9.264   129.7514 1.2364e-01    28.3231      5.321      7.718    11.5894 0.0000e+00
      5.349     -0.136     0.0490      0.420    297.771 217.940983     0.6286      9.266   130.2079 1.2364e-01    30.8961      5.249      7.613    11.5899 0.0000e+00
      5.279     -0.130     0.0526      0.408    297.671 217.871018     0.6271      9.267   130.2369 1.2369e-01    32.2873      5.165      7.491    11.5907 0.0000e+00
      5.236     -0.109     0.0539      0.410    297.556 217.788974     0.6211      9.267   130.1890 1.2374e-01    32.4024      5.120      7.426    11.5914 0.0000e+00
      5.226     -0.081     0.0488      0.414    297.456 217.717267     0.6146      9.268   130.3174 1.2373e-01    32.1510      5.121      7.426    11.5921 0.0000e+00
      5.231     -0.060     0.0447      0.424    297.353 217.644241     0.5980      9.269   129.7242 1.2365e-01    31.6739      5.129      7.439    11.5926 0.0000e+00
      5.237     -0.058     0.0439      0.446    297.215 217.546256     0.5705      9.270   129.3834 1.2357e-01    31.3813      5.139      7.453    11.5931 0.0000e+00
      5.234     -0.074     0.0446      0.469    297.050 217.428848     0.5578      9.271   130.6702 1.2355e-01    31.5511      5.141      7.455    11.5935 0.0000e+00
      5.213     -0.094     0.0448      0.473    296.887 217.313037     0.5689      9.272   131.9471 1.2353e-01    33.9651      5.121      7.427    11.5937 0.0000e+00
      5.168     -0.104     0.0454      0.459    296.775 217.234360     0.5879      9.274   131.9171 1.2353e-01    38.3320      5.076      7.360    11.5941 0.0000e+00
      5.111     -0.100     0.0483      0.443    296.700 217.181806     0.6042      9.275   131.8560 1.2359e-01    40.6940      5.006      7.259    11.5947 0.0000e+00
      5.072     -0.086     0.0522      0.438    296.620 217.125753     0.6242      9.275   131.9823 1.2361e-01    40.9354      4.959      7.194    11.5953 0.0000e+00
      5.064     -0.071     0.0521      0.448    296.540 217.068788     0.6298      9.276   131.3794 1.2355e-01    40.7731      4.962      7.197    11.5959 0.0000e+00
      5.071     -0.066     0.0496      0.446    296.450 217.005227     0.6059      9.277   131.2772 1.2350e-01    40.3026      4.973      7.213    11.5964 0.0000e+00
      5.077     -0.075     0.0481      0.424    296.349 216.933431     0.6010      9.279   132.8122 1.2351e-01    40.0637      4.982      7.226    11.5968 0.0000e+00
      5.068     -0.090     0.0460      0.408    296.218 216.840915     0.6125      9.281   134.4510 1.2356e-01    40.0707      4.981      7.224    11.5971 0.0000e+00
      5.032     -0.103     0.0497      0.404    296.046 216.718875     0.6124      9.282   135.2612 1.2362e-01    39.6354      4.945      7.173    11.5975 0.0000e+00
      4.973     -0.105     0.0496      0.395    295.894 216.610206     0.6074      9.282   135.5526 1.2362e-01    38.8650      4.875      7.071    11.5978 0.0000e+00
      4.919     -0.093     0.0455      0.390    295.810 216.551310     0.6026      9.282   135.1352 1.2361e-01    38.5102      4.809      6.975    11.5982 0.0000e+00
      4.898     -0.073     0.0437      0.405    295.763 216.518910     0.5870      9.283   134.2578 1.2366e-01    38.3180      4.794      6.953    11.5988 0.0000e+00
      4.903     -0.055     0.0442      0.416    295.699 216.474548     0.5439      9.284   133.6338 1.2368e-01    36.3361      4.808      6.973    11.5994 0.0000e+00
      4.914     -0.053     0.0436      0.424    295.592 216.399046     0.5214      9.284   133.9580 1.2367e-01    32.7884      4.821      6.990    11.5999 0.0000e+00
      4.919     -0.069     0.0401      0.445    295.466 216.310233     0.5318      9.285   135.1660 1.2375e-01    30.8464      4.830      7.005    11.6002 0.0000e+00
      4.906     -0.095     0.0449      0.460    295.355 216.232967     0.5198      9.286   136.2802 1.2429e-01    30.5840      4.821      6.993    11.6007 0.0000e+00
      4.866     -0.115     0.0458      0.456    295.263 216.169023     0.5098      9.287   136.6757 1.3054e-01    30.5043      4.782      6.936    11.6011 0.0000e+00
      4.803     -0.119     0.0445      0.451    295.183 216.113257     0.5283      9.289   136.5921 1.4597e-01    30.4976      4.709      6.830    11.6016 0.0000e+00
      4.745     -0.108     0.0492      0.455    295.123 216.070835     0.5434      9.290   136.5596 1.5701e-01    30.4690      4.639      6.727    11.6022 0.0000e+00
      4.720     -0.089     0.0508      0.464    295.079 216.040206     0.5507      9.291   136.3685 1.5297e-01    30.3977      4.618      6.698    11.6028 0.0000e+00
      4.722     -0.075     0.0496      0.472    295.021 215.999002     0.5663      9.293   135.9169 1.4507e-01    30.2162      4.629      6.715    11.6033 0.0000e+00
      4.731     -0.075     0.0484      0.469    294.960 215.956748     0.5911      9.294   136.5198 1.4140e-01    30.0162      4.641      6.731    11.6039 0.0000e+00
      4.732     -0.090     0.0492      0.446    294.896 215.913437     0.6094      9.294   138.3228 1.4458e-01    29.9269      4.648      6.742    11.6043 0.0000e+00
      4.709     -0.110     0.0507      0.431    294.818 215.859446     0.6207      9.295   139.4771 1.6811e-01    29.8531      4.630      6.716    11.6044 0.0000e+00
      4.655     -0.123     0.0512      0.436    294.753 215.816085     0.6282      9.296   139.5491 2.1648e-01    29.6711      4.571      6.631    11.6046 0.0000e+00
      4.587     -0.122     0.0526      0.432    294.689 215.773255     0.6251      9.297   139.3655 2.5486e-01    29.3315      4.489      6.511    11.6051 0.0000e+00
      4.539     -0.106     0.0479      0.413    294.619 215.725694     0.6242      9.298   139.1504 2.5762e-01    29.0947      4.436      6.434    11.6056 0.0000e+00
      4.526     -0.077     0.0451      0.401    294.564 215.689147     0.6262      9.298   138.9270 2.5161e-01    28.9941      4.434      6.432    11.6062 0.0000e+00
      4.530     -0.042     0.0485      0.405    294.506 215.651444     0.6243      9.299   138.9876 2.4715e-01    28.0813      4.443      6.445    11.6069 0.0000e+00
      4.535     -0.013     0.0474      0.403    294.413 215.589908     0.6098      9.300   139.6249 2.3840e-01    26.3238      4.449      6.452    11.6075 0.0000e+00
      4.535      0.002     0.0450      0.402    294.307 215.521267     0.5750      9.302   140.4380 2.4518e-01    25.2338      4.448      6.452    11.6082 0.0000e+00
      4.532      0.001     0.0418      0.413    294.217 215.461674     0.5535      9.303   140.4722 2.5543e-01    25.0140      4.443      6.446    11.6088 0.0000e+00
      4.532     -0.016     0.0451      0.414    294.106 215.381506     0.5500      9.303   139.8669 2.4847e-01    24.9980      4.444      6.445    11.6094 0.0000e+00
      4.537     -0.045     0.0439      0.408    293.937 215.256135     0.5323      9.304   140.1749 2.4995e-01    25.2799      4.448      6.452    11.6105 0.0000e+00
      4.538     -0.078     0.0421      0.413    293.722 215.098089     0.5135      9.305   141.9587 2.6674e-01    25.8255      4.457      6.466    11.6125 0.0000e+00
      4.521     -0.104     0.0462      0.430    293.509 214.942920     0.5057      9.306   143.7962 2.9254e-01    26.1647      4.446      6.449    11.6136 0.0000e+00
      4.476     -0.116     0.0451      0.431    293.295 214.788298     0.4970      9.306   144.2377 3.3300e-01    26.2039      4.396      6.376    11.6136 0.0000e+00
      4.412     -0.116     0.0441      0.426    293.085 214.636856     0.5078      9.307   143.3389 3.8686e-01    26.1631      4.322      6.269    11.6133 0.0000e+00
      4.362     -0.108     0.0434      0.440    292.921 214.520135     0.5363      9.308   141.6199 4.2855e-01    26.1494      4.263      6.181    11.6131 0.0000e+00
      4.345     -0.102     0.0484      0.460    292.754 214.401231     0.5504      9.309   140.4025 4.2305e-01    26.2092      4.252      6.166    11.6132 0.0000e+00
      4.350     -0.102     0.0473      0.475    292.506 214.223394     0.5374      9.310   141.2680 4.0220e-01    26.2366      4.268      6.191    11.6136 0.0000e+00
      4.353     -0.109     0.0444      0.475    292.240 214.034243     0.5201      9.311   142.7911 4.0811e-01    26.8573      4.277      6.204    11.6142 0.0000e+00
      4.331     -0.119     0.0482      0.462    292.057 213.906538     0.5328      9.313   143.5894 4.5178e-01    28.2146      4.262      6.181    11.6145 0.0000e+00
      4.274     -0.126     0.0498      0.442    291.946 213.831514     0.5331      9.313   144.3814 5.3795e-01    28.9837      4.199      6.090    11.6151 0.0000e+00
      4.204     -0.123     0.0524      0.425    291.851 213.767246     0.4990      9.313   144.8823 6.1703e-01    28.9828      4.110      5.962    11.6159 0.0000e+00
      4.156     -0.107     0.0519      0.416    291.761 213.705561     0.5114      9.314   144.9996 6.3843e-01    29.0910      4.062      5.890    11.6167 0.0000e+00
      4.142     -0.083     0.0507      0.410    291.695 213.661784     0.5576      9.315   144.7669 6.2749e-01    29.4040      4.056      5.883    11.6177 0.0000e+00
      4.148     -0.066     0.0478      0.410    291.635 213.621999     0.5582      9.316   143.8754 6.1661e-01    29.5229      4.066      5.898    11.6190 0.0000e+00
      4.157     -0.067     0.0457      0.425    291.523 213.544584     0.5434      9.318   143.7710 6.1169e-01    29.5039      4.081      5.919    11.6199 0.0000e+00
      4.154     -0.086     0.0452      0.437    291.360 213.429887     0.5286      9.319   145.0539 6.3309e-01    29.2421      4.080      5.920    11.6206 0.0000e+00
      4.129     -0.108     0.0447      0.435    291.208 213.323364     0.5042      9.319   145.8779 6.9583e-01    28.6466      4.060      5.888    11.6214 0.0000e+00
      4.077     -0.123     0.0434      0.441    291.056 213.216764     0.5067      9.320   145.5599 7.8826e-01    28.3152      4.006      5.808    11.6221 0.0000e+00
      4.012     -0.128     0.0460      0.442    290.892 213.101124     0.5170      9.322   145.2534 8.6677e-01    28.3443      3.925      5.693    11.6228 0.0000e+00
      3.967     -0.128     0.0494      0.427    290.769 213.013313     0.5208      9.323   145.3557 8.9079e-01    28.5881      3.876      5.622    11.6236 0.0000e+00
      3.952     -0.128     0.0455      0.423    290.645 212.923142     0.5527      9.325   146.6242 8.8855e-01    29.0083      3.872      5.615    11.6246 0.0000e+00
      3.951     -0.128     0.0484      0.431    290.274 212.650955     0.5945      9.325   148.9755 9.0739e-01    29.3259      3.879      5.626    11.6253 0.0000e+00
      3.936     -0.127     0.0495      0.435    288.721 211.514513     0.6022      9.326   149.8655 9.8403e-01    29.3881      3.873      5.618    11.6262 0.0000e+00
      3.889     -0.127     0.0451      0.445    284.815 208.654807     0.5960      9.327   149.2982 1.1162e+00    29.1799      3.824      5.546    11.6268 0.0000e+00
      3.823     -0.131     0.0456      0.458    278.449 203.992665     0.6107      9.328   148.5688 1.2248e+00    28.9263      3.741      5.426    11.6266 0.0000e+00
      3.773     -0.139     0.0474      0.455    269.413 197.374929     0.6219      9.329   147.3270 1.2631e+00    28.8493      3.685      5.344    11.6264 0.0000e+00
      3.753     -0.145     0.0469      0.445    258.358 189.279179     0.6231      9.330   146.5884 1.2603e+00    28.8299      3.675      5.331    11.6268 0.0000e+00
      3.747     -0.145     0.0479      0.437    249.306 182.649253     0.6241      9.331   147.2951 1.2908e+00    28.2815      3.683      5.341    11.6272 0.0000e+00
      3.723     -0.139     0.0509      0.424    245.156 179.606566     0.6177      9.332   148.4728 1.4043e+00    27.1722      3.664      5.315    11.6272 0.0000e+00
      3.668     -0.130     0.0496      0.413    244.006 178.758849     0.6131      9.333   149.2123 1.5553e+00    26.5193      3.602      5.226    11.6276 0.0000e+00
      3.603     -0.122     0.0477      0.403    241.349 176.808923     0.6186      9.335   148.8370 1.6635e+00    26.3997      3.524      5.111    11.6287 0.0000e+00
      3.559     -0.114     0.0482      0.396    233.484 171.044578     0.6261      9.337   147.9783 1.7035e+00    25.6581      3.476      5.042    11.6293 0.0000e+00
      3.547     -0.110     0.0456      0.405    221.425 162.209464     0.6283      9.338   147.8643 1.6926e+00    24.2480      3.474      5.038    11.6283 0.0000e+00
      3.553     -0.116     0.0447      0.419    209.381 153.386443     0.6287      9.338   148.5781 1.6664e+00    23.4578      3.486      5.056    11.6271 0.0000e+00
      3.550     -0.131     0.0444      0.421    200.275 146.715824     0.6305      9.338   149.8111 1.7087e+00    23.3793      3.492      5.065    11.6263 0.0000e+00
      3.516     -0.147     0.0417      0.410    191.903 140.584448     0.6421      9.339   150.6408 1.8797e+00    23.2642      3.463      5.022    11.6257 0.0000e+00
      3.446     -0.155     0.0441      0.384    175.837 128.816164     0.6445      9.340   151.0386 2.1473e+00    22.9883      3.384      4.908    11.6256 0.0000e+00
      3.364     -0.148     0.0459      0.327    137.967 101.073901     0.6258      9.342   151.2651 2.3871e+00    22.7426      3.289      4.771    11.6257 0.0000e+00
      3.309     -0.122     0.0461      0.214     87.510  64.110154     0.6153      9.343   151.1431 2.4662e+00    22.6159      3.225      4.678    11.6257 0.0000e+00
      3.295     -0.082     0.0452      0.082     57.946  42.452989     0.6427      9.344   151.0255 2.4191e+00    22.1059      3.224      4.675    11.6262 0.0000e+00
      3.305     -0.039     0.0424      0.029     51.396  37.659343     0.6990      9.344   150.9618 2.3666e+00    21.1532      3.243      4.704    11.6266 0.0000e+00
      3.316     -0.004     0.0386      0.152     50.308  36.871800     0.7135      9.345   150.8890 2.3433e+00    20.5257      3.253      4.719    11.6269 0.0000e+00
      3.321      0.013     0.0246      0.660     49.847  36.547880     0.6851      9.346   150.7480 2.3345e+00    20.3599      3.259      4.726    11.6275 0.0000e+00
