Data/DataNotYetUploadedToEDI/Raw_CTD/RawDownloads/072125_ccr50_S8188007.cnv
* Sea-Bird SBE19plus  Data File:
* FileName = C:\R\Reservoirs\Data\DataNotYetUploadedToEDI\Raw_CTD\RawDownloads\071425_bvr50_S8188_0007.hex
* Software version 2.8.0.119
* Temperature SN = 8188
* Conductivity SN = 8188
* System UpLoad Time = Aug 21 2025 13:38:11
* <ApplicationData>
* <Seaterm232>
# nquan = 16
# nvalues = 3896                        
# units = specified
# name 0 = depFM: Depth [fresh water, m]
# name 1 = dz/dtM: Descent Rate [m/s]
# name 2 = sbeox0Mg/L: Oxygen, SBE 43 [mg/l]
# name 3 = sbeox0PS: Oxygen, SBE 43 [% saturation]
# name 4 = specc: Specific Conductance [uS/cm]
# name 5 = c0uS/cm: Conductivity [uS/cm]
# name 6 = wetCDOM: Fluorescence, WET Labs CDOM [mg/m^3]
# name 7 = flECO-AFL: Fluorescence, WET Labs ECO-AFL/FL [mg/m^3]
# name 8 = flECO-AFL1: Fluorescence, WET Labs ECO-AFL/FL, 2 [mg/m^3]
# name 9 = flECO-AFL2: Fluorescence, WET Labs ECO-AFL/FL, 3 [mg/m^3]
# name 10 = par/sat/log: PAR/Logarithmic, Satlantic
# name 11 = turbWETntu0: Turbidity, WET Labs ECO [NTU]
# name 12 = prdM: Pressure, Strain Gauge [db]
# name 13 = prdE: Pressure, Strain Gauge [psi]
# name 14 = tv290C: Temperature [ITS-90, deg C]
# name 15 = flag:  0.000e+00
# span 0 =     -0.396,     22.094       
# span 1 =     -0.298,      0.207       
# span 2 =    -1.3184,    10.0561       
# span 3 =    -11.834,    121.429       
# span 4 =   -673.154,    231.878       
# span 5 =-533.982242, 160.665375       
# span 6 =    -4.5000,    58.8600       
# span 7 =    -1.5816,    12.4300       
# span 8 =    -4.3878,     1.3632       
# span 9 =    -4.9491,     3.6801       
# span 10 = 1.1577e-01, 2.0914e+03      
# span 11 =    -5.0076,   971.0642      
# span 12 =     -0.389,     21.667      
# span 13 =     -0.563,     31.426      
# span 14 =     9.6397,    29.3138      
# span 15 = 0.0000e+00, 0.0000e+00      
# interval = seconds: 0.25
# start_time = Jul 23 2025 09:47:04 [Instrument's time stamp, header]
# bad_flag = -9.990e-29
*END*
[from data line 1718]
     13.555      0.112     6.7140     61.764    128.130  93.154006    24.3900     0.6996     0.0852     0.2115 1.1595e-01     1.8205     13.293     19.280    11.3511 0.0000e+00
     13.586      0.112     6.7224     61.846    128.096  93.127429    24.4800     0.6806     0.0852     0.1692 1.1605e-01     1.8356     13.323     19.323    11.3505 0.0000e+00
     13.615      0.110     6.7324     61.906    128.070  93.107859    24.4800     0.6882     0.0852     0.1692 1.1595e-01     1.9111     13.352     19.365    11.3498 0.0000e+00
     13.643      0.108     6.7434     61.940    128.072  93.108058    24.4800     0.6806     0.0852     0.1692 1.1605e-01     1.8507     13.380     19.405    11.3491 0.0000e+00
     13.670      0.104     6.7539     61.950    128.117  93.140064    24.4800     0.6729     0.0852     0.1692 1.1615e-01     1.6543     13.406     19.444    11.3484 0.0000e+00
     13.696      0.100     6.7629     61.938    128.168  93.176453    24.4800     0.6920     0.1278     0.2115 1.1602e-01     1.6090     13.431     19.480    11.3479 0.0000e+00
     13.721      0.097     6.7696     61.904    128.205  93.202955    24.4800     0.6691     0.1278     0.2115 1.1610e-01     1.5183     13.456     19.516    11.3475 0.0000e+00
     13.745      0.094     6.7733     61.862    128.246  93.232630    24.4800     0.6844     0.1278     0.2115 1.1605e-01     1.5486     13.479     19.550    11.3471 0.0000e+00
     13.768      0.092     6.7745     61.822    128.272  93.251417    24.4800     0.7645     0.1278     0.2115 1.1612e-01     1.6241     13.502     19.583    11.3468 0.0000e+00
     13.791      0.092     6.7733     61.794    128.260  93.242350    24.4800     0.7492     0.1278     0.2115 1.1612e-01     1.6241     13.524     19.616    11.3466 0.0000e+00
     13.813      0.093     6.7696     61.790    128.241  93.228981    24.4800     0.7759     0.1278     0.2115 1.1585e-01     1.6845     13.546     19.648    11.3464 0.0000e+00
     13.836      0.095     6.7649     61.814    128.237  93.225726    24.4800     0.7645     0.1278     0.2115 1.1610e-01     1.5939     13.569     19.680    11.3463 0.0000e+00
     13.860      0.098     6.7605     61.862    128.210  93.205746    24.4800     0.6882     0.1278     0.2115 1.1615e-01     1.9111     13.592     19.714    11.3463 0.0000e+00
     13.886      0.101     6.7574     61.928    128.139  93.153724    24.4800     0.6882     0.1278     0.2115 1.1605e-01     1.8356     13.617     19.750    11.3463 0.0000e+00
     13.913      0.103     6.7570     62.005    128.073  93.105731    24.4800     0.6729     0.1278     0.1269 1.1602e-01     1.9111     13.644     19.789    11.3464 0.0000e+00
     13.941      0.103     6.7596     62.088    128.065  93.098914    24.4800     0.7187     0.1278     0.1269 1.1620e-01     1.9111     13.672     19.830    11.3464 0.0000e+00
     13.969      0.101     6.7649     62.180    128.094  93.119467    24.4800     0.6958     0.1278     0.1269 1.1612e-01     1.8205     13.700     19.870    11.3463 0.0000e+00
     13.996      0.096     6.7722     62.273    128.134  93.148899    24.4800     0.6844     0.1278     0.1269 1.1605e-01     1.8960     13.726     19.907    11.3461 0.0000e+00
     14.020      0.089     6.7806     62.364    128.187  93.187066    24.4800     0.6920     0.0852     0.1692 1.1590e-01     1.8507     13.749     19.942    11.3459 0.0000e+00
     14.042      0.080     6.7898     62.454    128.234  93.222172    24.4800     0.7111     0.0852     0.1692 1.1607e-01     1.8658     13.771     19.973    11.3456 0.0000e+00
     14.061      0.070     6.7999     62.541    128.258  93.241602    24.4800     0.8179     0.0852     0.1692 1.1610e-01     1.7298     13.790     20.000    11.3455 0.0000e+00
     14.078      0.061     6.8100     62.624    128.274  93.256530    24.4800     0.8141     0.0852     0.1692 1.1602e-01     1.8960     13.806     20.023    11.3454 0.0000e+00
     14.092      0.052     6.8199     62.702    128.302  93.280926    24.3900     0.8293     0.0852     0.1692 1.1605e-01     1.8507     13.819     20.043    11.3455 0.0000e+00
     14.103      0.044     6.8297     62.771    128.326  93.303317    24.3900     0.8370     0.0852     0.1692 1.1612e-01     1.8205     13.830     20.059    11.3458 0.0000e+00
     14.113      0.037     6.8391     62.829    128.312  93.297709    24.3900     0.8026     0.0852     0.1692 1.1595e-01     1.7752     13.840     20.072    11.3465 0.0000e+00
     14.121      0.031     6.8480     62.874    128.272  93.274594    24.3900     0.8255     0.0852     0.1692 1.1595e-01     1.8960     13.847     20.084    11.3477 0.0000e+00
     14.127      0.025     6.8563     62.900    128.234  93.253777    24.3900     0.8217     0.0852     0.1692 1.1605e-01     1.8356     13.854     20.093    11.3494 0.0000e+00
     14.133      0.021     6.8635     62.908    128.174  93.217722    24.4800     0.7874     0.0852     0.0846 1.1615e-01     1.8658     13.860     20.102    11.3512 0.0000e+00
     14.138      0.017     6.8696     62.895    128.104  93.174795    24.4800     0.8103     0.0852     0.0846 1.1610e-01     1.9111     13.864     20.109    11.3531 0.0000e+00
     14.142      0.013     6.8742     62.857    128.078  93.163492    24.4800     0.8332     0.0852     0.0846 1.1620e-01     1.8809     13.868     20.114    11.3553 0.0000e+00
     14.144      0.010     6.8766     62.802    128.102  93.188792    24.4800     0.7950     0.0852     0.0846 1.1602e-01     1.8054     13.870     20.117    11.3580 0.0000e+00
     14.146      0.007     6.8770     62.735    128.140  93.223478    24.3900     0.8065     0.0852     0.0846 1.1600e-01     1.8960     13.872     20.120    11.3610 0.0000e+00
     14.147      0.005     6.8750     62.661    128.167  93.250831    24.3900     0.8827     0.0852     0.0846 1.1617e-01     2.1226     13.873     20.122    11.3640 0.0000e+00
     14.148      0.004     6.8705     62.587    128.186  93.274148    24.3900     0.8713     0.0852     0.0846 1.1595e-01     2.1075     13.874     20.123    11.3671 0.0000e+00
     14.148      0.002     6.8639     62.512    128.200  93.295651    24.3900     0.8599     0.0852     0.0846 1.1587e-01     2.1679     13.875     20.124    11.3700 0.0000e+00
     14.149      0.002     6.8561     62.432    128.210  93.317081    24.3900     0.9056     0.1278     0.0846 1.1600e-01     2.1830     13.875     20.124    11.3729 0.0000e+00
     14.149      0.001     6.8475     62.348    128.221  93.342154    24.3900     0.8484     0.1278     0.0846 1.1607e-01     2.1075     13.875     20.124    11.3760 0.0000e+00
     14.149      0.001     6.8389     62.267    128.235  93.371564    24.3900     0.7950     0.1278     0.0846 1.1605e-01     2.1075     13.875     20.124    11.3796 0.0000e+00
     14.149      0.001     6.8300     62.192    128.260  93.409157    24.3900     0.8065     0.1278     0.0846 1.1607e-01     2.1679     13.876     20.125    11.3841 0.0000e+00
     14.149      0.000     6.8204     62.131    128.283  93.444983    24.3900     0.8141     0.1278     0.2115 1.1605e-01     2.0471     13.876     20.125    11.3897 0.0000e+00
     14.149      0.000     6.8102     62.084    128.270  93.452634    24.3900     0.8103     0.1278     0.2115 1.1600e-01     2.0924     13.876     20.125    11.3963 0.0000e+00
     14.149      0.000     6.8002     62.044    128.238  93.444141    24.3900     0.7950     0.1278     0.2115 1.1612e-01     2.1226     13.876     20.125    11.4037 0.0000e+00
     14.149      0.000     6.7908     62.005    128.226  93.447205    24.3900     0.8141     0.1278     0.2115 1.1612e-01     2.0773     13.876     20.125    11.4112 0.0000e+00
     14.149      0.000     6.7830     61.970    128.235  93.464644    24.3900     0.8103     0.1278     0.2115 1.1597e-01     2.1377     13.875     20.125    11.4187 0.0000e+00
     14.149      0.000     6.7768     61.940    128.245  93.483126    24.4800     0.7988     0.0852     0.1269 1.1600e-01     1.8658     13.875     20.125    11.4254 0.0000e+00
     14.149      0.000     6.7716     61.915    128.239  93.491597    24.4800     0.8065     0.0852     0.1269 1.1602e-01     1.9111     13.875     20.125    11.4311 0.0000e+00
     14.149      0.001     6.7667     61.895    128.239  93.504306    24.4800     0.8065     0.0852     0.1269 1.1605e-01     1.7903     13.876     20.125    11.4357 0.0000e+00
     14.150      0.001     6.7621     61.883    128.249  93.524640    24.4800     0.8293     0.0852     0.1269 1.1612e-01     1.9262     13.876     20.125    11.4399 0.0000e+00
     14.150      0.001     6.7581     61.884    128.254  93.542040    24.4800     0.7416     0.0852     0.2115 1.1600e-01     1.6543     13.876     20.126    11.4444 0.0000e+00
     14.150      0.001     6.7547     61.900    128.248  93.549159    24.4800     0.7454     0.0852     0.2115 1.1592e-01     1.6543     13.876     20.126    11.4492 0.0000e+00
     14.150      0.001     6.7517     61.923    128.232  93.547898    24.4800     0.7378     0.0852     0.2115 1.1615e-01     1.5486     13.877     20.127    11.4542 0.0000e+00
     14.151      0.001     6.7496     61.939    128.208  93.537919    24.4800     0.7569     0.0852     0.2115 1.1600e-01     1.6543     13.877     20.127    11.4595 0.0000e+00
     14.151      0.002     6.7489     61.939    128.177  93.516563    24.3900     0.7569     0.0852     0.2538 1.1607e-01     2.0773     13.877     20.128    11.4646 0.0000e+00
     14.152      0.002     6.7499     61.921    128.172  93.506105    24.3900     0.7645     0.0852     0.2538 1.1612e-01     2.1830     13.878     20.129    11.4692 0.0000e+00
     14.152      0.002     6.7518     61.891    128.173  93.495762    24.3900     0.7492     0.0852     0.2538 1.1607e-01     2.1226     13.878     20.129    11.4732 0.0000e+00
     14.152      0.002     6.7531     61.857    128.125  93.450812    24.3900     0.7569     0.0852     0.2538 1.1607e-01     2.1377     13.879     20.130    11.4761 0.0000e+00
     14.153      0.002     6.7531     61.827    128.059  93.397225    24.3900     0.7302     0.0852     0.2538 1.1607e-01     1.8809     13.879     20.131    11.4765 0.0000e+00
     14.153      0.001     6.7515     61.810    128.029  93.374652    24.3900     0.7263     0.1278     0.2115 1.1590e-01     1.8809     13.880     20.131    11.4740 0.0000e+00
     14.154      0.001     6.7489     61.816    128.029  93.375076    24.3900     0.7607     0.1278     0.2115 1.1615e-01     1.8960     13.880     20.132    11.4698 0.0000e+00
     14.154      0.000     6.7458     61.845    128.034  93.380630    24.3900     0.7530     0.1278     0.2115 1.1592e-01     1.9111     13.880     20.132    11.4659 0.0000e+00
     14.155      0.000     6.7428     61.889    128.047  93.392795    24.3900     0.7569     0.1278     0.2115 1.1615e-01     1.9262     13.881     20.133    11.4638 0.0000e+00
     14.155     -0.001     6.7410     61.938    128.080  93.418811    24.4800     0.7645     0.0852     0.2115 1.1602e-01     1.8809     13.881     20.133    11.4634 0.0000e+00
     14.154     -0.002     6.7416     61.986    128.117  93.449633    24.4800     0.7683     0.0852     0.2115 1.1615e-01     1.9262     13.880     20.132    11.4636 0.0000e+00
     14.154     -0.003     6.7447     62.030    128.129  93.461516    24.4800     0.7645     0.0852     0.2115 1.1595e-01     1.9111     13.880     20.131    11.4644 0.0000e+00
     14.152     -0.003     6.7493     62.069    128.121  93.453633    24.4800     0.7378     0.0852     0.2115 1.1597e-01     1.7903     13.878     20.129    11.4653 0.0000e+00
     14.151     -0.002     6.7546     62.093    128.110  93.435870    24.4800     0.7035     0.0852     0.2115 1.1607e-01     1.6090     13.877     20.127    11.4663 0.0000e+00
     14.150     -0.001     6.7596     62.091    128.086  93.403489    24.4800     0.6958     0.0852     0.2115 1.1602e-01     1.6543     13.876     20.126    11.4677 0.0000e+00
     14.150      0.001     6.7642     62.070    128.071  93.377821    24.4800     0.6806     0.0852     0.2115 1.1617e-01     1.6241     13.876     20.126    11.4688 0.0000e+00
     14.151      0.002     6.7686     62.034    128.094  93.387980    24.4800     0.6844     0.0852     0.2115 1.1600e-01     1.6543     13.877     20.127    11.4680 0.0000e+00
     14.152      0.003     6.7717     61.990    128.137  93.420693    24.4800     0.7530     0.0852     0.1692 1.1595e-01     1.6845     13.879     20.129    11.4643 0.0000e+00
     14.153      0.004     6.7725     61.943    128.155  93.440732    24.4800     0.7569     0.0852     0.1692 1.1612e-01     1.5939     13.880     20.131    11.4584 0.0000e+00
     14.154      0.005     6.7710     61.900    128.157  93.449445    24.4800     0.7302     0.0852     0.1692 1.1610e-01     1.6392     13.880     20.132    11.4528 0.0000e+00
     14.155      0.006     6.7676     61.868    128.168  93.463142    24.4800     0.7645     0.0852     0.1692 1.1605e-01     1.6241     13.881     20.133    11.4500 0.0000e+00
     14.157      0.007     6.7626     61.850    128.182  93.477482    24.4800     0.8026     0.0852     0.1692 1.1600e-01     1.6543     13.883     20.135    11.4508 0.0000e+00
     14.158      0.009     6.7572     61.841    128.192  93.488301    24.3900     0.8217     0.0852     0.1692 1.1605e-01     1.6090     13.885     20.138    11.4533 0.0000e+00
     14.161      0.012     6.7521     61.834    128.187  93.488493    24.3900     0.8141     0.0852     0.1692 1.1605e-01     1.5939     13.887     20.142    11.4561 0.0000e+00
     14.164      0.015     6.7482     61.828    128.182  93.488099    24.3900     0.8065     0.0852     0.1692 1.1605e-01     1.6241     13.890     20.146    11.4583 0.0000e+00
     14.168      0.018     6.7460     61.821    128.190  93.495006    24.3900     0.8293     0.0852     0.1692 1.1597e-01     1.6090     13.894     20.152    11.4599 0.0000e+00
     14.173      0.023     6.7447     61.815    128.194  93.495073    24.4800     0.8293     0.0852     0.2538 1.1620e-01     1.5032     13.899     20.159    11.4614 0.0000e+00
     14.179      0.029     6.7437     61.812    128.186  93.480327    24.4800     0.8293     0.0852     0.2538 1.1610e-01     1.6845     13.905     20.167    11.4629 0.0000e+00
     14.186      0.036     6.7429     61.820    128.159  93.446835    24.4800     0.8255     0.0852     0.2538 1.1610e-01     1.5939     13.912     20.178    11.4641 0.0000e+00
     14.196      0.044     6.7421     61.836    128.132  93.411637    24.4800     0.7492     0.0852     0.2538 1.1623e-01     1.8205     13.921     20.191    11.4645 0.0000e+00
     14.208      0.052     6.7415     61.859    128.145  93.407300    24.4800     0.7645     0.1278     0.2115 1.1612e-01     1.8507     13.933     20.209    11.4635 0.0000e+00
     14.223      0.060     6.7418     61.884    128.178  93.418682    24.4800     0.7302     0.1278     0.2115 1.1595e-01     1.9262     13.948     20.230    11.4601 0.0000e+00
     14.241      0.066     6.7434     61.906    128.205  93.424844    24.4800     0.7416     0.1278     0.2115 1.1590e-01     1.9111     13.965     20.255    11.4547 0.0000e+00
     14.260      0.071     6.7462     61.921    128.248  93.441413    24.4800     0.8332     0.1278     0.2115 1.1600e-01     1.9715     13.984     20.282    11.4487 0.0000e+00
     14.279      0.074     6.7495     61.926    128.295  93.458824    24.5700     0.8141     0.0852     0.1269 1.1612e-01     1.9715     14.003     20.310    11.4434 0.0000e+00
     14.298      0.076     6.7530     61.915    128.308  93.447756    24.5700     0.8522     0.0852     0.1269 1.1615e-01     1.8507     14.022     20.337    11.4383 0.0000e+00
     14.318      0.077     6.7563     61.888    128.295  93.413248    24.5700     0.8293     0.0852     0.1269 1.1605e-01     1.8205     14.041     20.365    11.4329 0.0000e+00
