Data/DataNotYetUploadedToEDI/Raw_CTD/RawDownloads/072125_ccr50_S8188007.cnv
* Sea-Bird SBE19plus  Data File:
* FileName = C:\R\Reservoirs\Data\DataNotYetUploadedToEDI\Raw_CTD\RawDownloads\071425_bvr50_S8188_0007.hex
* Software version 2.8.0.119
* Temperature SN = 8188
* Conductivity SN = 8188
* System UpLoad Time = Aug 21 2025 13:38:11
* <ApplicationData>
* <Seaterm232>
# nquan = 16
# nvalues = 3896                        
# units = specified
# name 0 = depFM: Depth [fresh water, m]
# name 1 = dz/dtM: Descent Rate [m/s]
# name 2 = sbeox0Mg/L: Oxygen, SBE 43 [mg/l]
# name 3 = sbeox0PS: Oxygen, SBE 43 [% saturation]
# name 4 = specc: Specific Conductance [uS/cm]
# name 5 = c0uS/cm: Conductivity [uS/cm]
# name 6 = wetCDOM: Fluorescence, WET Labs CDOM [mg/m^3]
# name 7 = flECO-AFL: Fluorescence, WET Labs ECO-AFL/FL [mg/m^3]
# name 8 = flECO-AFL1: Fluorescence, WET Labs ECO-AFL/FL, 2 [mg/m^3]
# name 9 = flECO-AFL2: Fluorescence, WET Labs ECO-AFL/FL, 3 [mg/m^3]
# name 10 = par/sat/log: PAR/Logarithmic, Satlantic
# name 11 = turbWETntu0: Turbidity, WET Labs ECO [NTU]
# name 12 = prdM: Pressure, Strain Gauge [db]
# name 13 = prdE: Pressure, Strain Gauge [psi]
# name 14 = tv290C: Temperature [ITS-90, deg C]
# name 15 = flag:  0.000e+00
# span 0 =     -0.396,     22.094       
# span 1 =     -0.298,      0.207       
# span 2 =    -1.3184,    10.0561       
# span 3 =    -11.834,    121.429       
# span 4 =   -673.154,    231.878       
# span 5 =-533.982242, 160.665375       
# span 6 =    -4.5000,    58.8600       
# span 7 =    -1.5816,    12.4300       
# span 8 =    -4.3878,     1.3632       
# span 9 =    -4.9491,     3.6801       
# span 10 = 1.1577e-01, 2.0914e+03      
# span 11 =    -5.0076,   971.0642      
# span 12 =     -0.389,     21.667      
# span 13 =     -0.563,     31.426      
# span 14 =     9.6397,    29.3138      
# span 15 = 0.0000e+00, 0.0000e+00      
# interval = seconds: 0.25
# start_time = Jul 23 2025 09:47:04 [Instrument's time stamp, header]
# bad_flag = -9.990e-29
*END*
[from data line 3436]
      8.923     -0.006     6.9079     63.777    127.427  93.786693    25.7400     0.7416     0.1704     0.2115 8.8566e+00     2.0773      8.750     12.691    11.8054 0.0000e+00
      8.921     -0.007     6.9054     63.781    127.477  93.819030    25.7400     0.7378     0.1704     0.2115 8.8259e+00     2.1377      8.748     12.689    11.8037 0.0000e+00
      8.919     -0.008     6.9035     63.795    127.511  93.841071    25.7400     0.7607     0.1704     0.2115 8.7533e+00     2.1377      8.747     12.686    11.8017 0.0000e+00
      8.918     -0.009     6.9025     63.818    127.489  93.822730    25.7400     0.8026     0.1704     0.2115 8.7097e+00     2.1528      8.745     12.684    11.7995 0.0000e+00
      8.915     -0.011     6.9025     63.845    127.396  93.753125    25.7400     0.7874     0.1278     0.2961 8.7172e+00     2.1075      8.743     12.681    11.7974 0.0000e+00
      8.913     -0.013     6.9033     63.873    127.196  93.605701    25.7400     0.8293     0.1278     0.2961 8.7953e+00     2.1075      8.741     12.677    11.7957 0.0000e+00
      8.909     -0.016     6.9051     63.899    126.825  93.333154    25.7400     0.7912     0.1278     0.2961 8.8240e+00     2.2132      8.737     12.672    11.7945 0.0000e+00
      8.905     -0.021     6.9076     63.921    126.212  92.882785    25.7400     0.8293     0.1278     0.2961 8.8086e+00     2.1679      8.733     12.666    11.7938 0.0000e+00
      8.900     -0.027     6.9105     63.935    125.232  92.162465    25.7400     0.8179     0.1278     0.2115 8.7533e+00     2.2132      8.728     12.659    11.7935 0.0000e+00
      8.894     -0.034     6.9135     63.942    123.646  90.996090    25.7400     0.7988     0.1278     0.2115 8.7362e+00     2.2132      8.722     12.650    11.7937 0.0000e+00
      8.885     -0.044     6.9163     63.938    121.058  89.090609    25.7400     0.8103     0.1278     0.2115 8.7172e+00     2.0924      8.714     12.638    11.7941 0.0000e+00
      8.874     -0.057     6.9185     63.926    116.811  85.961866    25.7400     0.7492     0.1278     0.2115 8.7419e+00     2.1830      8.702     12.621    11.7949 0.0000e+00
      8.859     -0.073     6.9199     63.909    109.793  80.789517    25.7400     0.7378     0.1278     0.2115 8.9010e+00     2.1075      8.687     12.600    11.7962 0.0000e+00
      8.839     -0.091     6.9203     63.896     98.111  72.176286    25.8300     0.7378     0.1278     0.2538 8.9475e+00     2.1981      8.669     12.573    11.7980 0.0000e+00
      8.815     -0.113     6.9195     63.893     78.579  57.769374    25.8300     0.7378     0.1278     0.2538 8.9204e+00     2.0773      8.645     12.538    11.8005 0.0000e+00
      8.785     -0.135     6.9177     63.903     45.912  33.667003    25.8300     0.6806     0.1278     0.2538 9.0453e+00     2.1981      8.615     12.495    11.8038 0.0000e+00
      8.747     -0.156     6.9152     63.924     -8.631  -6.588093    25.8300     0.6844     0.1278     0.2538 9.5919e+00     2.3039      8.578     12.442    11.8083 0.0000e+00
      8.702     -0.173     6.9128     63.951    -99.546 -73.700637    25.7400     0.6806     0.1278     0.1692 1.0207e+01     2.2435      8.534     12.378    11.8144 0.0000e+00
      8.652     -0.183     6.9112     63.975   -250.979-185.507371    25.7400     0.6844     0.1278     0.1692 1.0980e+01     2.2737      8.485     12.306    11.8225 0.0000e+00
      8.599     -0.185     6.9107     63.985   -503.275-371.805441    25.7400     0.6996     0.1278     0.1692 1.1850e+01     2.3039      8.432     12.230    11.8328 0.0000e+00
      8.546     -0.177     6.9110     63.974   -660.986-488.233640    25.7400     0.6920     0.1278     0.1692 1.2501e+01     2.3643      8.381     12.155    11.8455 0.0000e+00
      8.497     -0.161     6.9115     63.939   -503.393-371.768826    25.8300     0.6806     0.1278     0.1269 1.3156e+01     2.2737      8.333     12.086    11.8611 0.0000e+00
      8.456     -0.139     6.9113     63.872   -251.159-185.410386    25.8300     0.6882     0.1278     0.1269 1.3236e+01     2.3492      8.293     12.028    11.8796 0.0000e+00
      8.424     -0.113     6.9091     63.771    -99.796 -73.575347    25.8300     0.8141     0.1278     0.1269 1.3102e+01     2.2283      8.261     11.982    11.9014 0.0000e+00
      8.401     -0.087     6.9042     63.634     -8.968  -6.474994    25.8300     0.7950     0.1278     0.1269 1.3085e+01     2.1226      8.238     11.948    11.9259 0.0000e+00
      8.384     -0.062     6.8965     63.462     45.547  33.784101    26.0100     0.8141     0.1704     0.3384 1.3002e+01     2.1679      8.222     11.925    11.9500 0.0000e+00
      8.373     -0.041     6.8861     63.267     78.269  57.933700    26.0100     0.8141     0.1704     0.3384 1.2828e+01     2.1830      8.211     11.909    11.9698 0.0000e+00
      8.367     -0.025     6.8731     63.067     97.897  72.409699    26.0100     0.7340     0.1704     0.3384 1.2360e+01     2.1981      8.205     11.901    11.9828 0.0000e+00
      8.364     -0.014     6.8575     62.878    109.652  81.076356    26.0100     0.7378     0.1704     0.3384 1.1928e+01     2.3039      8.203     11.897    11.9874 0.0000e+00
      8.364     -0.007     6.8393     62.723    116.658  86.248775    26.0100     0.7569     0.1704     0.3384 1.1661e+01     2.4096      8.203     11.897    11.9845 0.0000e+00
      8.365     -0.004     6.8195     62.629    120.806  89.332240    26.0100     0.7378     0.1278     0.3807 1.1593e+01     2.3341      8.203     11.898    11.9767 0.0000e+00
      8.365     -0.004     6.7993     62.615    123.264  91.190962    26.0100     0.7683     0.1278     0.3807 1.1398e+01     2.2888      8.203     11.898    11.9679 0.0000e+00
      8.364     -0.007     6.7799     62.687    124.720  92.330593    26.0100     0.7378     0.1278     0.3807 1.1351e+01     2.3341      8.203     11.897    11.9617 0.0000e+00
      8.362     -0.011     6.7633     62.832    125.589  93.049042    26.0100     0.7645     0.1278     0.3807 1.1238e+01     2.2435      8.201     11.894    11.9610 0.0000e+00
      8.359     -0.017     6.7520     63.015    126.124  93.525913    26.0100     0.7454     0.1278     0.2961 1.1192e+01     2.3190      8.198     11.890    11.9685 0.0000e+00
      8.355     -0.025     6.7478     63.198    126.442  93.842423    26.0100     0.8332     0.1278     0.2961 1.1165e+01     2.0773      8.193     11.884    11.9856 0.0000e+00
      8.348     -0.035     6.7517     63.345    126.577  94.019047    26.0100     0.7988     0.1278     0.2961 1.1105e+01     2.1679      8.187     11.874    12.0109 0.0000e+00
      8.339     -0.047     6.7626     63.423    126.564  94.076915    26.0100     0.8141     0.1278     0.2961 1.1199e+01     2.1528      8.178     11.861    12.0412 0.0000e+00
      8.327     -0.063     6.7774     63.399    126.474  94.061430    26.0100     0.8255     0.1704     0.3384 1.1280e+01     2.0773      8.166     11.844    12.0733 0.0000e+00
      8.311     -0.083     6.7921     63.267    126.401  94.034394    26.0100     0.8141     0.1704     0.3384 1.1199e+01     2.0773      8.150     11.821    12.1053 0.0000e+00
      8.290     -0.107     6.8033     63.042    126.405  94.036549    26.0100     0.7988     0.1704     0.3384 1.1076e+01     2.1679      8.130     11.791    12.1358 0.0000e+00
      8.262     -0.136     6.8074     62.741    126.491  94.074461    26.0100     0.8026     0.1704     0.3384 1.1093e+01     2.0773      8.102     11.751    12.1626 0.0000e+00
      8.225     -0.165     6.8017     62.392    126.635  94.148251    26.0100     0.8141     0.1704     0.3384 1.1287e+01     2.1830      8.066     11.699    12.1830 0.0000e+00
      8.178     -0.193     6.7858     62.035    126.786  94.237633    26.0100     0.8293     0.1704     0.2961 1.1478e+01     2.0773      8.020     11.632    12.1941 0.0000e+00
      8.121     -0.218     6.7617     61.719    126.889  94.312500    26.0100     0.8065     0.1704     0.2961 1.2417e+01     2.1679      7.964     11.551    12.1936 0.0000e+00
      8.058     -0.239     6.7311     61.493    126.936  94.366844    26.0100     0.8026     0.1704     0.2961 1.3369e+01     2.2132      7.902     11.461    12.1834 0.0000e+00
      7.992     -0.256     6.6956     61.381    126.936  94.403170    26.0100     0.8141     0.1704     0.2961 1.4852e+01     2.1377      7.837     11.367    12.1702 0.0000e+00
      7.925     -0.267     6.6587     61.371    126.885  94.417181    26.0100     0.9819     0.1704     0.4230 1.5569e+01     1.8809      7.771     11.272    12.1614 0.0000e+00
      7.855     -0.273     6.6249     61.435    126.808  94.432593    26.0100     1.0163     0.1704     0.4230 1.7375e+01     1.8658      7.703     11.173    12.1608 0.0000e+00
      7.783     -0.273     6.5995     61.547    126.739  94.475497    26.0100     0.9819     0.1704     0.4230 2.0045e+01     1.8960      7.632     11.070    12.1684 0.0000e+00
      7.709     -0.267     6.5854     61.672    126.662  94.527369    26.0100     1.0010     0.1704     0.4230 2.2395e+01     1.9111      7.560     10.965    12.1826 0.0000e+00
      7.636     -0.254     6.5812     61.757    126.594  94.586064    26.0100     2.0539     0.2130     0.4653 2.4609e+01     3.2103      7.488     10.861    12.2031 0.0000e+00
      7.569     -0.235     6.5838     61.741    126.577  94.665240    26.0100     2.0424     0.2130     0.4653 2.5270e+01     3.2556      7.422     10.765    12.2317 0.0000e+00
      7.511     -0.213     6.5902     61.575    126.609  94.760043    26.0100     2.0653     0.2130     0.4653 2.5298e+01     3.3764      7.366     10.683    12.2689 0.0000e+00
      7.462     -0.191     6.5972     61.243    126.648  94.851800    26.0100     2.0234     0.2130     0.4653 2.5079e+01     3.2405      7.318     10.614    12.3122 0.0000e+00
      7.421     -0.173     6.5998     60.766    126.636  94.909038    26.9100     2.1073     0.2130     0.4653 2.4808e+01     3.2103      7.277     10.555    12.3553 0.0000e+00
      7.383     -0.161     6.5928     60.189    126.567  94.929040    26.9100     2.1073     0.2130     0.4653 2.4668e+01     3.2556      7.240     10.501    12.3915 0.0000e+00
      7.347     -0.156     6.5710     59.571    126.448  94.921139    26.9100     2.1149     0.2130     0.4653 2.4588e+01     3.3160      7.205     10.450    12.4196 0.0000e+00
      7.310     -0.157     6.5320     58.969    126.268  94.893217    26.9100     2.0806     0.2130     0.4653 2.4556e+01     3.1498      7.169     10.397    12.4444 0.0000e+00
      7.270     -0.158     6.4773     58.444    126.012  94.861806    26.9100     1.6152     0.2130     0.4653 2.5961e+01     2.5909      7.130     10.341    12.4705 0.0000e+00
      7.227     -0.157     6.4118     58.052    125.653  94.832516    27.4500     1.6228     0.1704     0.5076 2.8043e+01     2.5607      7.087     10.279    12.4990 0.0000e+00
      7.182     -0.153     6.3414     57.814    125.202  94.817524    27.4500     1.5999     0.1704     0.5076 2.9971e+01     2.5909      7.043     10.215    12.5315 0.0000e+00
      7.139     -0.144     6.2713     57.718    124.734  94.836823    27.4500     1.6114     0.1704     0.5076 3.1112e+01     2.6513      7.001     10.154    12.5745 0.0000e+00
      7.102     -0.132     6.2066     57.687    124.369  94.899576    27.4500     1.8784     0.1704     0.5076 3.0863e+01     2.5305      6.965     10.102    12.6391 0.0000e+00
      7.072     -0.119     6.1516     57.568    124.167  94.984576    27.3600     1.8364     0.2130     0.4653 3.0364e+01     2.5003      6.935     10.059    12.7355 0.0000e+00
      7.046     -0.107     6.1085     57.208    124.074  95.046569    27.3600     1.8784     0.2130     0.4653 2.9951e+01     2.5003      6.910     10.022    12.8660 0.0000e+00
      7.024     -0.099     6.0778     56.518    124.013  95.072115    27.3600     1.8555     0.2130     0.4653 3.0049e+01     2.5758      6.888      9.990    13.0157 0.0000e+00
      7.002     -0.096     6.0560     55.513    123.932  95.072020    27.3600     1.7296     0.2130     0.4653 3.0259e+01     2.1377      6.866      9.959    13.1520 0.0000e+00
      6.980     -0.098     6.0306     54.312    123.827  95.058246    27.6300     1.7373     0.1278     0.5076 3.0357e+01     2.0773      6.844      9.927    13.2475 0.0000e+00
      6.956     -0.106     5.9858     53.075    123.724  95.039110    27.6300     1.7525     0.1278     0.5076 3.0298e+01     2.1830      6.821      9.893    13.3004 0.0000e+00
      6.930     -0.118     5.9100     51.949    123.599  94.993530    27.6300     1.7373     0.1278     0.5076 3.0397e+01     2.1830      6.795      9.856    13.3291 0.0000e+00
      6.899     -0.131     5.8017     51.056    123.424  94.919339    27.6300     1.7182     0.1278     0.5076 3.0430e+01     2.0924      6.766      9.813    13.3539 0.0000e+00
      6.864     -0.143     5.6728     50.473    123.229  94.852697    27.9900     1.7373     0.1704     0.5922 3.1390e+01     2.1226      6.731      9.762    13.3809 0.0000e+00
      6.823     -0.151     5.5407     50.208    123.016  94.801807    27.9900     1.7525     0.1704     0.5922 3.4293e+01     2.1679      6.691      9.704    13.4050 0.0000e+00
      6.778     -0.154     5.4206     50.198    122.764  94.761093    27.9900     1.7334     0.1704     0.5922 3.6524e+01     2.1226      6.647      9.640    13.4256 0.0000e+00
      6.733     -0.149     5.3244     50.347    122.456  94.725695    27.9900     2.0539     0.1704     0.5922 3.8014e+01     2.2132      6.603      9.577    13.4501 0.0000e+00
      6.693     -0.139     5.2596     50.559    122.081  94.680188    27.9900     2.0462     0.1704     0.5922 3.9111e+01     2.1377      6.563      9.519    13.4842 0.0000e+00
      6.659     -0.126     5.2265     50.773    121.627  94.618439    28.7100     2.0424     0.1278     0.5076 3.8412e+01     2.1075      6.530      9.471    13.5305 0.0000e+00
      6.631     -0.112     5.2181     50.964    121.033  94.517993    28.7100     2.0234     0.1278     0.5076 3.8080e+01     2.1226      6.502      9.431    13.5937 0.0000e+00
      6.607     -0.100     5.2238     51.145    120.314  94.398028    28.7100     1.9890     0.1278     0.5076 3.8047e+01     1.8809      6.479      9.397    13.6770 0.0000e+00
      6.586     -0.093     5.2342     51.339    119.610  94.314482    28.7100     1.9967     0.1278     0.5076 3.8129e+01     1.9262      6.458      9.367    13.7783 0.0000e+00
      6.565     -0.093     5.2424     51.543    119.025  94.267079    28.8000     1.9700     0.1278     0.4653 3.7997e+01     1.9413      6.438      9.338    13.8989 0.0000e+00
      6.544     -0.099     5.2448     51.713    118.640  94.251194    28.8000     1.9738     0.1278     0.4653 3.7906e+01     1.8507      6.417      9.308    14.0494 0.0000e+00
      6.520     -0.109     5.2422     51.789    118.539  94.286580    28.8000     2.0195     0.1278     0.4653 3.8038e+01     2.8628      6.394      9.274    14.2333 0.0000e+00
      6.493     -0.122     5.2397     51.726    118.672  94.356703    28.8000     1.9547     0.1278     0.4653 3.8080e+01     2.7571      6.367      9.235    14.4290 0.0000e+00
      6.460     -0.134     5.2407     51.517    118.869  94.422312    28.9800     1.9738     0.1278     0.6345 3.9556e+01     2.7571      6.334      9.188    14.6021 0.0000e+00
      6.420     -0.141     5.2442     51.214    118.998  94.460929    28.9800     1.9852     0.1278     0.6345 4.2239e+01     2.8175      6.296      9.132    14.7226 0.0000e+00
      6.378     -0.141     5.2466     50.900    118.983  94.452878    28.9800     2.1111     0.1278     0.6345 4.5143e+01     2.3794      6.254      9.071    14.7702 0.0000e+00
      6.336     -0.134     5.2420     50.667    118.839  94.411996    28.9800     2.0997     0.1278     0.6345 4.6913e+01     2.2888      6.213      9.012    14.7542 0.0000e+00
