Data/DataNotYetUploadedToEDI/Raw_CTD/RawDownloads/072125_bvr50_S8188006.cnv
* Sea-Bird SBE19plus  Data File:
* FileName = C:\R\Reservoirs\Data\DataNotYetUploadedToEDI\Raw_CTD\RawDownloads\071425_bvr50_S8188_0006.hex
* Software version 2.8.0.119
* Temperature SN = 8188
* Conductivity SN = 8188
* System UpLoad Time = Aug 21 2025 13:37:16
* <ApplicationData>
* <Seaterm232>
# nquan = 16
# nvalues = 1315                        
# units = specified
# name 0 = depFM: Depth [fresh water, m]
# name 1 = dz/dtM: Descent Rate [m/s]
# name 2 = sbeox0Mg/L: Oxygen, SBE 43 [mg/l]
# name 3 = sbeox0PS: Oxygen, SBE 43 [% saturation]
# name 4 = specc: Specific Conductance [uS/cm]
# name 5 = c0uS/cm: Conductivity [uS/cm]
# name 6 = wetCDOM: Fluorescence, WET Labs CDOM [mg/m^3]
# name 7 = flECO-AFL: Fluorescence, WET Labs ECO-AFL/FL [mg/m^3]
# name 8 = flECO-AFL1: Fluorescence, WET Labs ECO-AFL/FL, 2 [mg/m^3]
# name 9 = flECO-AFL2: Fluorescence, WET Labs ECO-AFL/FL, 3 [mg/m^3]
# name 10 = par/sat/log: PAR/Logarithmic, Satlantic
# name 11 = turbWETntu0: Turbidity, WET Labs ECO [NTU]
# name 12 = prdM: Pressure, Strain Gauge [db]
# name 13 = prdE: Pressure, Strain Gauge [psi]
# name 14 = tv290C: Temperature [ITS-90, deg C]
# name 15 = flag:  0.000e+00
# span 0 =     -0.727,      5.792       
# span 1 =     -0.215,      0.163       
# span 2 =     2.1810,     6.5287       
# span 3 =     25.250,     69.894       
# span 4 =   -540.678,     89.004       
# span 5 =-502.799866,  85.897416       
# span 6 =    -0.0900,    58.2300       
# span 7 =    -0.3075,    54.2550       
# span 8 =    -0.0426,     0.8520       
# span 9 =    -0.3384,    13.6629       
# span 10 = 1.1580e-01, 3.6952e+02      
# span 11 =    -1.2159,    76.3707      
# span 12 =     -0.712,      5.680      
# span 13 =     -1.033,      8.238      
# span 14 =    18.5436,    24.4965      
# span 15 = 0.0000e+00, 0.0000e+00      
# interval = seconds: 0.25
# start_time = Jul 21 2025 10:09:01 [Instrument's time stamp, header]
# bad_flag = -9.990e-29
*END*
[from data line 633]
      2.553      0.046     4.6529     55.562     83.569  82.671835    43.8300     3.8888     0.3408     7.2756 4.0554e-01    14.7063      2.503      3.631    24.4681 0.0000e+00
      2.565      0.047     4.6512     55.536     83.553  82.651081    43.8300     3.8888     0.3408     7.2756 4.2448e-01    14.7818      2.515      3.648    24.4656 0.0000e+00
      2.577      0.047     4.6469     55.541     83.531  82.624793    43.8300     3.7286     0.3408     7.2756 3.7904e-01    13.6941      2.527      3.665    24.4631 0.0000e+00
      2.589      0.047     4.6411     55.568     83.505  82.593946    47.0700     3.6942     0.3408     7.3602 3.8468e-01    13.6639      2.539      3.682    24.4604 0.0000e+00
      2.601      0.047     4.6363     55.607     83.474  82.558301    47.0700     3.7019     0.3408     7.3602 4.1870e-01    13.7092      2.551      3.699    24.4577 0.0000e+00
      2.613      0.047     4.6344     55.648     83.436  82.516340    47.0700     3.7133     0.3408     7.3602 3.5993e-01    13.6488      2.563      3.716    24.4549 0.0000e+00
      2.625      0.046     4.6351     55.686     83.410  82.484824    47.0700     3.6751     0.3408     7.3602 3.3891e-01    14.2833      2.574      3.733    24.4520 0.0000e+00
      2.637      0.046     4.6376     55.713     83.405  82.475317    47.7000     3.6370     0.3408     7.0641 3.4216e-01    14.2078      2.586      3.751    24.4490 0.0000e+00
      2.649      0.046     4.6411     55.724     83.409  82.473302    47.7000     3.6484     0.3408     7.0641 3.2471e-01    14.2380      2.598      3.768    24.4461 0.0000e+00
      2.661      0.046     4.6448     55.716     83.396  82.454283    47.7000     3.6370     0.3408     7.0641 3.4002e-01    14.2380      2.609      3.784    24.4430 0.0000e+00
      2.672      0.047     4.6482     55.694     83.364  82.417181    47.7000     3.4196     0.3408     7.0641 3.3891e-01    14.1171      2.620      3.800    24.4399 0.0000e+00
      2.683      0.049     4.6508     55.675     83.332  82.380055    47.0700     3.4005     0.3408     6.6411 3.3898e-01    14.2229      2.632      3.816    24.4367 0.0000e+00
      2.696      0.051     4.6520     55.672     83.309  82.350973    47.0700     3.3929     0.3408     6.6411 3.0125e-01    14.2380      2.644      3.834    24.4333 0.0000e+00
      2.709      0.053     4.6516     55.688     83.284  82.320185    47.0700     3.3929     0.3408     6.6411 3.2513e-01    14.2380      2.657      3.853    24.4298 0.0000e+00
      2.723      0.055     4.6501     55.714     83.245  82.275485    47.0700     3.0648     0.3408     6.6411 2.6558e-01    14.8573      2.671      3.873    24.4263 0.0000e+00
      2.738      0.057     4.6488     55.733     83.214  82.238897    47.0700     3.1067     0.3408     6.6411 2.7106e-01    14.9631      2.685      3.894    24.4228 0.0000e+00
      2.753      0.059     4.6488     55.731     83.202  82.220629    51.2100     3.0877     0.2556     6.5142 2.8029e-01    14.9782      2.700      3.915    24.4192 0.0000e+00
      2.767      0.061     4.6505     55.697     83.185  82.197841    51.2100     3.1106     0.2556     6.5142 2.3618e-01    14.8724      2.714      3.936    24.4157 0.0000e+00
      2.783      0.064     4.6529     55.635     83.154  82.160462    51.2100     3.1067     0.2556     6.5142 2.7112e-01    15.7184      2.729      3.958    24.4121 0.0000e+00
      2.798      0.067     4.6549     55.554     83.119  82.118491    51.2100     3.0877     0.2556     6.5142 2.4168e-01    15.5975      2.745      3.981    24.4083 0.0000e+00
      2.816      0.071     4.6550     55.455     83.098  82.090682    53.3700     3.0877     0.2982     5.6259 2.4443e-01    15.5975      2.761      4.005    24.4045 0.0000e+00
      2.834      0.075     4.6525     55.343     83.079  82.063632    53.3700     3.0953     0.2982     5.6259 2.2618e-01    15.6731      2.780      4.031    24.4005 0.0000e+00
      2.855      0.078     4.6477     55.237     83.053  82.030125    53.3700     2.7215     0.2982     5.6259 2.1413e-01    14.9026      2.800      4.061    24.3964 0.0000e+00
      2.876      0.080     4.6413     55.155     83.040  82.009179    53.3700     2.7291     0.2982     5.6259 1.9609e-01    14.8724      2.821      4.091    24.3921 0.0000e+00
      2.898      0.082     4.6334     55.101     83.026  81.987221    55.4400     2.7100     0.3408     5.1183 1.6045e-01    14.8724      2.842      4.122    24.3877 0.0000e+00
      2.919      0.083     4.6244     55.073     83.002  81.954403    55.4400     2.7482     0.3408     5.1183 1.8771e-01    14.9631      2.863      4.152    24.3830 0.0000e+00
      2.939      0.083     4.6160     55.066     82.974  81.917946    55.4400     2.4392     0.3408     5.1183 1.4400e-01    13.8301      2.882      4.181    24.3783 0.0000e+00
      2.960      0.084     4.6095     55.082     82.952  81.888092    55.4400     2.4086     0.3408     5.1183 1.8463e-01    13.7243      2.903      4.210    24.3734 0.0000e+00
      2.981      0.084     4.6055     55.130     82.950  81.876846    55.5300     2.3896     0.2982     4.1877 1.7096e-01    13.7546      2.924      4.241    24.3685 0.0000e+00
      3.004      0.083     4.6035     55.212     82.940  81.857251    55.5300     2.4506     0.2982     4.1877 1.3745e-01    13.6035      2.946      4.272    24.3634 0.0000e+00
      3.026      0.080     4.6034     55.323     82.902  81.810103    55.5300     2.1721     0.2982     4.1877 1.1612e-01    13.4524      2.968      4.304    24.3581 0.0000e+00
      3.048      0.076     4.6052     55.450     82.863  81.760765    55.5300     2.1607     0.2982     4.1877 1.1671e-01    13.5733      2.989      4.335    24.3527 0.0000e+00
      3.067      0.070     4.6097     55.581     82.833  81.720039    55.5300     2.1912     0.2982     4.1877 1.1605e-01    13.4675      3.008      4.363    24.3470 0.0000e+00
      3.084      0.064     4.6171     55.707     82.811  81.687046    58.2300     2.1683     0.3408     4.3569 1.1605e-01    13.4373      3.025      4.387    24.3412 0.0000e+00
      3.099      0.057     4.6269     55.815     82.796  81.660976    58.2300     2.1264     0.3408     4.3569 1.1630e-01    12.6971      3.039      4.407    24.3351 0.0000e+00
      3.111      0.052     4.6381     55.893     82.784  81.636870    58.2300     2.1302     0.3408     4.3569 1.1600e-01    12.5611      3.051      4.425    24.3289 0.0000e+00
      3.123      0.049     4.6496     55.929     82.782  81.622278    58.2300     2.1035     0.3408     4.3569 1.1612e-01    12.4705      3.063      4.442    24.3224 0.0000e+00
      3.134      0.049     4.6607     55.918     82.781  81.609314    56.7000     2.0882     0.2982     3.7224 1.2330e-01    12.5763      3.074      4.458    24.3156 0.0000e+00
      3.146      0.050     4.6704     55.875     82.766  81.580543    56.7000     2.2561     0.2982     3.7224 1.1602e-01    13.1503      3.085      4.474    24.3086 0.0000e+00
      3.158      0.054     4.6775     55.829     82.733  81.534283    56.7000     2.2446     0.2982     3.7224 1.1831e-01    12.9992      3.097      4.492    24.3014 0.0000e+00
      3.172      0.058     4.6812     55.807     82.688  81.476167    56.7000     2.2255     0.2982     3.7224 1.1595e-01    13.0294      3.110      4.511    24.2940 0.0000e+00
      3.187      0.063     4.6810     55.816     82.641  81.414654    56.5200     2.2370     0.2556     3.7224 1.1623e-01    12.9237      3.125      4.533    24.2863 0.0000e+00
      3.204      0.068     4.6780     55.854     82.594  81.353307    56.5200     2.0653     0.2556     3.7224 1.1610e-01    14.5703      3.142      4.557    24.2784 0.0000e+00
      3.223      0.072     4.6749     55.907     82.559  81.303717    56.5200     2.0501     0.2556     3.7224 1.1612e-01    14.5552      3.161      4.584    24.2701 0.0000e+00
      3.243      0.074     4.6738     55.956     82.548  81.276618    56.5200     2.0310     0.2556     3.7224 1.1615e-01    14.5099      3.180      4.612    24.2615 0.0000e+00
      3.263      0.074     4.6754     55.985     82.556  81.268775    57.5100     2.0501     0.2556     3.9339 1.1595e-01    14.3588      3.200      4.641    24.2525 0.0000e+00
      3.283      0.072     4.6793     55.980     82.573  81.270110    57.5100     2.0501     0.2556     3.9339 1.1607e-01    14.4646      3.220      4.670    24.2433 0.0000e+00
      3.302      0.068     4.6846     55.933     82.580  81.261013    57.5100     1.9165     0.2556     3.9339 1.1623e-01    14.5099      3.239      4.697    24.2338 0.0000e+00
      3.319      0.064     4.6896     55.855     82.565  81.231072    57.5100     1.9165     0.2556     3.9339 1.1605e-01    14.4343      3.255      4.721    24.2243 0.0000e+00
      3.334      0.059     4.6928     55.772     82.543  81.194264    57.5100     1.9394     0.2556     3.9339 1.1617e-01    14.4646      3.270      4.742    24.2147 0.0000e+00
      3.348      0.056     4.6932     55.702     82.533  81.168723    56.0700     1.9242     0.2556     3.8916 1.1605e-01    14.4797      3.283      4.762    24.2052 0.0000e+00
      3.361      0.055     4.6901     55.659     82.535  81.155623    56.0700     1.8784     0.2556     3.8916 1.1595e-01    14.2229      3.296      4.780    24.1958 0.0000e+00
      3.373      0.056     4.6844     55.645     82.543  81.149476    56.0700     1.8517     0.2556     3.8916 1.1600e-01    14.2833      3.308      4.798    24.1864 0.0000e+00
      3.387      0.059     4.6782     55.656     82.550  81.140654    56.0700     1.8631     0.2556     3.8916 1.1620e-01    14.1020      3.321      4.817    24.1771 0.0000e+00
      3.401      0.064     4.6731     55.685     82.541  81.116822    55.1700     1.8593     0.2556     3.5532 1.1607e-01    14.2380      3.336      4.838    24.1680 0.0000e+00
      3.418      0.068     4.6703     55.716     82.523  81.083602    55.1700     1.8021     0.2556     3.5532 1.1605e-01    15.3709      3.352      4.862    24.1590 0.0000e+00
      3.437      0.072     4.6699     55.728     82.508  81.052102    55.1700     1.8059     0.2556     3.5532 1.1605e-01    15.3861      3.371      4.889    24.1501 0.0000e+00
      3.458      0.074     4.6716     55.708     82.496  81.023902    55.1700     1.8059     0.2556     3.5532 1.1617e-01    15.4314      3.391      4.918    24.1411 0.0000e+00
      3.478      0.075     4.6749     55.657     82.492  81.003461    56.0700     1.7868     0.2556     3.7647 1.1595e-01    15.4012      3.411      4.947    24.1318 0.0000e+00
      3.498      0.075     4.6783     55.585     82.503  80.997307    56.0700     1.6953     0.2556     3.7647 1.1625e-01    15.9450      3.430      4.975    24.1222 0.0000e+00
      3.517      0.073     4.6802     55.504     82.519  80.995811    56.0700     1.7029     0.2556     3.7647 1.1620e-01    15.8241      3.449      5.002    24.1124 0.0000e+00
      3.535      0.071     4.6793     55.420     82.523  80.982602    56.0700     1.6991     0.2556     3.7647 1.1595e-01    15.8544      3.466      5.027    24.1024 0.0000e+00
      3.553      0.068     4.6759     55.340     82.511  80.954155    56.0700     1.6991     0.2556     3.7647 1.1605e-01    15.8392      3.484      5.053    24.0923 0.0000e+00
      3.570      0.064     4.6708     55.271     82.481  80.906879    55.9800     1.6800     0.2556     3.5532 1.1617e-01    14.9480      3.501      5.078    24.0821 0.0000e+00
      3.587      0.060     4.6649     55.209     82.439  80.848130    55.9800     1.6877     0.2556     3.5532 1.1612e-01    14.8573      3.517      5.101    24.0717 0.0000e+00
      3.602      0.055     4.6587     55.146     82.410  80.802171    55.9800     1.6915     0.2556     3.5532 1.1592e-01    14.9329      3.532      5.123    24.0612 0.0000e+00
      3.615      0.051     4.6529     55.073     82.394  80.768724    55.9800     1.6648     0.2556     3.5532 1.1617e-01    14.9631      3.544      5.141    24.0507 0.0000e+00
      3.626      0.048     4.6481     54.985     82.384  80.740866    55.8000     1.6343     0.2982     3.4263 1.1612e-01    14.4192      3.556      5.157    24.0401 0.0000e+00
      3.636      0.047     4.6438     54.894     82.379  80.717156    55.8000     1.6228     0.2982     3.4263 1.1600e-01    14.5401      3.566      5.172    24.0296 0.0000e+00
      3.647      0.049     4.6395     54.812     82.361  80.681290    55.8000     1.6228     0.2982     3.4263 1.1600e-01    14.5099      3.577      5.187    24.0189 0.0000e+00
      3.659      0.052     4.6342     54.755     82.331  80.633684    55.8000     1.5923     0.2982     3.4263 1.1617e-01    14.4646      3.588      5.204    24.0082 0.0000e+00
      3.672      0.058     4.6278     54.730     82.300  80.583603    54.7200     1.6724     0.2556     3.6378 1.1612e-01    14.0567      3.601      5.223    23.9972 0.0000e+00
      3.687      0.064     4.6210     54.735     82.285  80.549635    54.7200     1.6800     0.2556     3.6378 1.1607e-01    13.9963      3.616      5.244    23.9860 0.0000e+00
      3.704      0.070     4.6152     54.764     82.299  80.544682    54.7200     1.6915     0.2556     3.6378 1.1612e-01    14.0265      3.633      5.269    23.9746 0.0000e+00
      3.724      0.076     4.6114     54.812     82.316  80.541470    54.7200     1.7067     0.2556     3.6378 1.1610e-01    13.9660      3.652      5.297    23.9632 0.0000e+00
      3.745      0.082     4.6103     54.875     82.320  80.525164    55.1700     1.6190     0.2556     3.6378 1.1612e-01    13.5431      3.673      5.327    23.9517 0.0000e+00
      3.766      0.087     4.6117     54.957     82.320  80.505391    55.1700     1.6114     0.2556     3.6378 1.1615e-01    13.4826      3.694      5.357    23.9400 0.0000e+00
      3.789      0.091     4.6151     55.051     82.316  80.482868    55.1700     1.6152     0.2556     3.6378 1.1605e-01    13.5431      3.716      5.389    23.9281 0.0000e+00
      3.812      0.095     4.6202     55.149     82.304  80.451585    55.1700     1.6304     0.2556     3.6378 1.1615e-01    13.5733      3.739      5.422    23.9161 0.0000e+00
      3.837      0.098     4.6266     55.248     82.277  80.407194    55.1700     1.5580     0.2556     3.6378 1.1615e-01    11.5490      3.763      5.458    23.9040 0.0000e+00
      3.863      0.100     4.6344     55.355     82.250  80.361814    54.7200     1.5351     0.2982     3.7224 1.1612e-01    11.6246      3.789      5.495    23.8921 0.0000e+00
      3.890      0.102     4.6434     55.469     82.229  80.323308    54.7200     1.5694     0.2982     3.7224 1.1612e-01    11.6246      3.815      5.533    23.8805 0.0000e+00
      3.917      0.103     4.6527     55.577     82.210  80.285398    54.7200     1.5732     0.2982     3.7224 1.1615e-01    11.6094      3.841      5.571    23.8691 0.0000e+00
      3.943      0.105     4.6620     55.663     82.193  80.249953    54.7200     1.4893     0.2982     3.7224 1.1600e-01    10.9448      3.866      5.608    23.8579 0.0000e+00
      3.968      0.106     4.6720     55.722     82.174  80.211513    54.7200     1.4855     0.2556     3.5955 1.1612e-01    10.9145      3.892      5.645    23.8467 0.0000e+00
      3.995      0.106     4.6827     55.761     82.160  80.177795    54.7200     1.5236     0.2556     3.5955 1.1615e-01    10.8390      3.918      5.683    23.8353 0.0000e+00
      4.023      0.106     4.6928     55.792     82.159  80.157774    54.7200     1.4855     0.2556     3.5955 1.1600e-01    10.9448      3.945      5.722    23.8238 0.0000e+00
      4.052      0.104     4.7011     55.821     82.163  80.142117    54.7200     1.4931     0.2556     3.5955 1.1605e-01    10.1592      3.974      5.763    23.8121 0.0000e+00
      4.080      0.102     4.7071     55.840     82.172  80.130642    53.7300     1.5007     0.2556     3.4686 1.1600e-01    10.2499      4.001      5.803    23.8002 0.0000e+00
      4.106      0.099     4.7114     55.845     82.176  80.114297    53.7300     1.4817     0.2556     3.4686 1.1607e-01    10.2952      4.026      5.839    23.7883 0.0000e+00
