Data/DataNotYetUploadedToEDI/Raw_CTD/RawDownloads/072125_fcr50_S7809001.cnv
* Sea-Bird SBE19plus  Data File:
* FileName = C:\R\Reservoirs\Data\DataNotYetUploadedToEDI\Raw_CTD\RawDownloads\072125_fcr50_S7809_0001.hex
* Software version 2.8.0.119
* Temperature SN = 7809
* Conductivity SN = 7809
* System UpLoad Time = Jul 21 2025 18:14:25
* <ApplicationData>
* <Seaterm232>
# nquan = 15
# nvalues = 2132                        
# units = specified
# name 0 = depFM: Depth [fresh water, m]
# name 1 = dz/dtM: Descent Rate [m/s]
# name 2 = sbeox0Mg/L: Oxygen, SBE 43 [mg/l]
# name 3 = sbeox0PS: Oxygen, SBE 43 [% saturation]
# name 4 = specc: Specific Conductance [uS/cm]
# name 5 = c0uS/cm: Conductivity [uS/cm]
# name 6 = flECO-AFL: Fluorescence, WET Labs ECO-AFL/FL [mg/m^3]
# name 7 = ph: pH
# name 8 = orp: Oxidation Reduction Potential [mV]
# name 9 = par/sat/log: PAR/Logarithmic, Satlantic
# name 10 = turbWETntu0: Turbidity, WET Labs ECO [NTU]
# name 11 = prdM: Pressure, Strain Gauge [db]
# name 12 = prdE: Pressure, Strain Gauge [psi]
# name 13 = tv290C: Temperature [ITS-90, deg C]
# name 14 = flag:  0.000e+00
# span 0 =     -0.652,      9.757       
# span 1 =     -2.803,      0.305       
# span 2 =    -0.5462,     8.5064       
# span 3 =     -4.847,    107.124       
# span 4 =      0.606,    310.054       
# span 5 =   0.649223, 226.763820       
# span 6 =    -0.0949,    12.3143       
# span 7 =      7.063,      9.367       
# span 8 = -1240.7455,   363.0359       
# span 9 = 1.2346e-01, 4.6393e+02       
# span 10 =    -0.1704,   332.5916      
# span 11 =     -0.640,      9.569      
# span 12 =     -0.928,     13.879      
# span 13 =    11.4051,    28.5641      
# span 14 = 0.0000e+00, 0.0000e+00      
# interval = seconds: 0.25
# start_time = Jul 21 2025 11:17:49 [Instrument's time stamp, header]
# bad_flag = -9.990e-29
*END*
[from data line 1350]
      8.513      0.060     6.2368     57.515     48.571  35.485150     0.4958      7.883   228.5526 1.2362e-01    15.9672      8.347     12.107    11.5265 0.0000e+00
      8.528      0.064     6.2424     57.545     48.558  35.473624     0.4675      7.883   228.5733 1.2356e-01    15.9531      8.362     12.128    11.5283 0.0000e+00
      8.546      0.069     6.2512     57.514     48.543  35.461143     0.4490      7.883   228.9669 1.2356e-01    15.9930      8.381     12.156    11.5294 0.0000e+00
      8.563      0.074     6.2551     57.470     48.544  35.461143     0.4635      7.883   229.2669 1.2361e-01    16.1086      8.397     12.179    11.5286 0.0000e+00
      8.581      0.076     6.2671     57.417     48.561  35.473624     0.4928      7.882   228.8462 1.2368e-01    16.1206      8.412     12.200    11.5264 0.0000e+00
      8.604      0.073     6.2724     57.343     48.577  35.485151     0.5036      7.882   228.0095 1.2372e-01    15.9667      8.435     12.234    11.5244 0.0000e+00
      8.629      0.067     6.2642     57.277     48.561  35.473615     0.4778      7.882   227.9261 1.2372e-01    15.7856      8.465     12.277    11.5229 0.0000e+00
      8.650      0.061     6.2615     57.239     48.542  35.461039     0.4557      7.882   228.3548 1.2363e-01    15.7756      8.487     12.309    11.5217 0.0000e+00
      8.660      0.057     6.2561     57.210     48.539  35.460000     0.4777      7.881   228.7189 1.2358e-01    15.9137      8.495     12.321    11.5218 0.0000e+00
      8.665      0.056     6.2467     57.197     48.540  35.461049     0.4945      7.881   229.0593 1.2361e-01    15.9185      8.496     12.322    11.5221 0.0000e+00
      8.673      0.056     6.2376     57.220     48.558  35.473729     0.4759      7.880   228.7708 1.2360e-01    15.7654      8.502     12.330    11.5224 0.0000e+00
      8.688      0.060     6.2355     57.252     48.576  35.486400     0.4599      7.880   227.9837 1.2358e-01    15.7025      8.517     12.354    11.5238 0.0000e+00
      8.709      0.064     6.2320     57.285     48.578  35.487355     0.4765      7.880   227.7170 1.2358e-01    15.9440      8.540     12.387    11.5252 0.0000e+00
      8.732      0.066     6.2274     57.309     48.576  35.485276     0.5266      7.880   227.9548 1.2356e-01    16.3961      8.566     12.423    11.5251 0.0000e+00
      8.752      0.064     6.2340     57.303     48.544  35.461258     0.5498      7.880   228.4493 1.2357e-01    16.5919      8.585     12.450    11.5243 0.0000e+00
      8.766      0.060     6.2364     57.262     48.530  35.450762     0.5238      7.880   228.9636 1.2365e-01    16.4668      8.597     12.469    11.5239 0.0000e+00
      8.776      0.057     6.2405     57.207     48.578  35.485267     0.5038      7.880   228.8387 1.2367e-01    16.3521      8.607     12.483    11.5232 0.0000e+00
      8.786      0.056     6.2449     57.171     48.595  35.497747     0.5243      7.879   228.1439 1.2364e-01    16.3321      8.616     12.495    11.5222 0.0000e+00
      8.800      0.057     6.2438     57.171     48.564  35.474760     0.5628      7.879   227.7900 1.2367e-01    16.3618      8.628     12.514    11.5218 0.0000e+00
      8.818      0.059     6.2391     57.201     48.545  35.461134     0.5614      7.879   228.0876 1.2368e-01    16.3703      8.647     12.542    11.5217 0.0000e+00
      8.836      0.063     6.2311     57.239     48.542  35.459895     0.5327      7.879   228.5576 1.2364e-01    16.2641      8.667     12.570    11.5216 0.0000e+00
      8.852      0.065     6.2268     57.272     48.541  35.459782     0.5150      7.879   228.7406 1.2364e-01    16.1019      8.682     12.592    11.5214 0.0000e+00
      8.867      0.065     6.2267     57.300     48.540  35.459772     0.5144      7.878   228.5802 1.2363e-01    16.0484      8.695     12.610    11.5214 0.0000e+00
      8.884      0.061     6.2313     57.325     48.537  35.459772     0.5428      7.877   228.4255 1.2358e-01    16.1298      8.710     12.633    11.5214 0.0000e+00
      8.903      0.057     6.2358     57.351     48.532  35.459781     0.5583      7.877   228.5045 1.2358e-01    16.1296      8.731     12.663    11.5219 0.0000e+00
      8.920      0.052     6.2390     57.368     48.525  35.459884     0.5355      7.878   228.6754 1.2362e-01    16.0121      8.749     12.690    11.5227 0.0000e+00
      8.931      0.048     6.2421     57.375     48.523  35.461029     0.5331      7.878   228.8574 1.2361e-01    16.0076      8.759     12.704    11.5235 0.0000e+00
      8.939      0.044     6.2443     57.379     48.540  35.473615     0.5626      7.877   229.0703 1.2361e-01    16.1082      8.765     12.712    11.5245 0.0000e+00
      8.947      0.043     6.2468     57.378     48.556  35.485160     0.5759      7.877   229.1834 1.2372e-01    16.1694      8.774     12.726    11.5291 0.0000e+00
      8.957      0.047     6.2486     57.390     48.540  35.473729     0.5526      7.876   229.1929 1.2380e-01    16.0991      8.784     12.740    11.5359 0.0000e+00
      8.967      0.054     6.2473     57.420     48.524  35.462298     0.5138      7.876   229.1854 1.2374e-01    15.9411      8.793     12.753    11.5385 0.0000e+00
      8.980      0.060     6.2494     57.434     48.539  35.473843     0.5142      7.876   229.1788 1.2363e-01    15.9331      8.804     12.770    11.5381 0.0000e+00
      8.998      0.065     6.2476     57.432     48.557  35.486418     0.5494      7.877   229.1986 1.2357e-01    16.0366      8.822     12.796    11.5379 0.0000e+00
      9.021      0.068     6.2482     57.448     48.561  35.487449     0.5649      7.877   229.2528 1.2357e-01    15.9961      8.848     12.834    11.5378 0.0000e+00
      9.042      0.069     6.2543     57.473     48.563  35.486306     0.5522      7.877   229.3185 1.2361e-01    15.8201      8.869     12.864    11.5384 0.0000e+00
      9.058      0.068     6.2553     57.483     48.548  35.472596     0.5283      7.876   229.3907 1.2365e-01    15.6848      8.884     12.884    11.5395 0.0000e+00
      9.072      0.063     6.2527     57.491     48.519  35.448580     0.5345      7.876   229.4369 1.2365e-01    15.7270      8.896     12.903    11.5387 0.0000e+00
      9.087      0.058     6.2556     57.495     48.524  35.449724     0.5681      7.876   229.4472 1.2362e-01    15.8862      8.910     12.923    11.5364 0.0000e+00
      9.104      0.053     6.2610     57.489     48.578  35.486422     0.5690      7.876   229.5154 1.2362e-01    16.0033      8.928     12.950    11.5337 0.0000e+00
      9.119      0.050     6.2601     57.495     48.616  35.511584     0.5202      7.876   229.6588 1.2362e-01    16.0162      8.943     12.973    11.5309 0.0000e+00
      9.129      0.048     6.2624     57.530     48.603  35.500153     0.4605      7.876   229.7185 1.2358e-01    15.9395      8.953     12.985    11.5281 0.0000e+00
      9.138      0.047     6.2638     57.554     48.571  35.475114     0.4467      7.875   229.6355 1.2354e-01    15.9644      8.960     12.996    11.5250 0.0000e+00
      9.149      0.049     6.2625     57.551     48.556  35.462643     0.4777      7.875   229.6011 1.2357e-01    16.0441      8.970     13.011    11.5221 0.0000e+00
      9.160      0.053     6.2616     57.546     48.576  35.476259     0.4863      7.874   229.6470 1.2366e-01    15.9807      8.982     13.028    11.5198 0.0000e+00
      9.174      0.058     6.2685     57.523     48.627  35.512853     0.4590      7.874   229.6743 1.2365e-01    15.9153      8.995     13.046    11.5178 0.0000e+00
      9.190      0.063     6.2732     57.496     48.644  35.524379     0.4474      7.874   229.6727 1.2358e-01    15.9023      9.010     13.068    11.5159 0.0000e+00
      9.210      0.067     6.2688     57.476     48.596  35.488720     0.4799      7.874   229.6276 1.2361e-01    15.9942      9.032     13.100    11.5142 0.0000e+00
      9.230      0.072     6.2722     57.442     48.561  35.462405     0.5188      7.874   229.5601 1.2361e-01    16.1730      9.054     13.131    11.5134 0.0000e+00
      9.245      0.075     6.2675     57.403     48.557  35.460013     0.5180      7.874   229.5441 1.2351e-01    16.2188      9.066     13.149    11.5128 0.0000e+00
      9.261      0.077     6.2639     57.388     48.557  35.459795     0.5039      7.874   229.5201 1.2346e-01    16.2748      9.078     13.168    11.5120 0.0000e+00
      9.283      0.078     6.2643     57.392     48.557  35.459775     0.5233      7.874   229.2700 1.2349e-01    16.7823      9.102     13.202    11.5114 0.0000e+00
      9.307      0.079     6.2591     57.387     48.557  35.459764     0.5766      7.874   228.7578 1.2359e-01    17.5720      9.128     13.239    11.5109 0.0000e+00
      9.328      0.080     6.2544     57.383     48.557  35.459661     0.6152      7.875   228.3172 1.2370e-01    17.9660      9.148     13.269    11.5107 0.0000e+00
      9.347      0.077     6.2517     57.380     48.555  35.458536     0.6325      7.875   228.2447 1.2373e-01    18.3700      9.165     13.293    11.5106 0.0000e+00
      9.366      0.071     6.2557     57.371     48.537  35.446160     0.8693      7.874   228.3107 1.2372e-01    23.6176      9.184     13.320    11.5106 0.0000e+00
      9.386      0.064     6.2524     57.381     48.523  35.436923     1.3067      7.872   228.2548 1.2369e-01    33.3868      9.206     13.353    11.5107 0.0000e+00
      9.404      0.058     6.2526     57.404     48.573  35.473757     1.5422      7.871   228.1717 1.2363e-01    38.7926      9.225     13.380    11.5106 0.0000e+00
      9.415      0.052     6.2538     57.420     48.624  35.510815     1.6037      7.872   228.1665 1.2359e-01    39.8574      9.234     13.395    11.5109 0.0000e+00
      9.425      0.044     6.2496     57.435     48.614  35.504282     1.7493      7.872   228.2772 1.2360e-01    46.5694      9.240     13.402    11.5120 0.0000e+00
      9.435      0.038     6.2518     57.460     48.637  35.521665     3.2282      7.872   228.3914 1.2363e-01   121.1409      9.252     13.418    11.5133 0.0000e+00
      9.446      0.033     6.2554     57.485     48.910  35.720982     6.0014      7.872   228.4290 1.2368e-01   257.9656      9.265     13.438    11.5135 0.0000e+00
      9.453      0.031     6.2567     57.506     49.829  36.391376     7.5308      7.872   228.5604 1.2370e-01   332.0685      9.271     13.447    11.5133 0.0000e+00
      9.458      0.030     6.2572     57.520     51.050  37.281963     7.5131      7.871   228.6894 1.2366e-01   332.5916      9.274     13.450    11.5135 0.0000e+00
      9.464      0.029     6.2611     57.505     51.582  37.668769     5.7281      7.869   228.6121 1.2366e-01   264.5985      9.280     13.458    11.5141 0.0000e+00
      9.472      0.029     6.2636     57.458     51.547  37.641632     2.4619      7.868   228.4862 1.2366e-01   138.9471      9.288     13.472    11.5145 0.0000e+00
      9.481      0.030     6.2654     57.329     52.519  38.349911     0.7070      7.867   228.3717 1.2359e-01    70.3153      9.298     13.486    11.5140 0.0000e+00
      9.489      0.030     6.2691     56.977     54.884  40.076623     0.5557      7.867   228.4326 1.2356e-01    62.7302      9.306     13.497    11.5124 0.0000e+00
      9.496      0.029     6.2673     56.328     58.934  43.034336     0.4087      7.867   228.7061 1.2360e-01    47.1335      9.312     13.506    11.5104 0.0000e+00
      9.504      0.026     6.2622     55.473     71.333  52.086863     0.1530      7.866   228.7525 1.2364e-01    19.5363      9.320     13.518    11.5090 0.0000e+00
      9.511      0.024     6.2569     54.567    107.905  78.788850     0.0022      7.866   228.4775 1.2368e-01     4.5513      9.328     13.529    11.5079 0.0000e+00
      9.517      0.023     6.2221     53.689    160.145 116.918972    -0.0156      7.866   228.3061 1.2370e-01     3.1689      9.334     13.536    11.5079 0.0000e+00
      9.521      0.022     6.1463     52.795    189.217 138.115669    -0.0121      7.866   228.5734 1.2370e-01     2.2751      9.336     13.541    11.5080 0.0000e+00
      9.526      0.021     6.0461     51.713    184.109 134.351563     0.0025      7.865   228.9560 1.2371e-01     0.9861      9.340     13.547    11.5071 0.0000e+00
      9.532      0.020     5.9434     50.042    173.718 126.738830     0.0270      7.864   229.0613 1.2369e-01     0.4282      9.347     13.558    11.5072 0.0000e+00
      9.538      0.020     5.8486     47.003    182.015 132.774136     0.0349      7.864   228.8996 1.2364e-01     0.4479      9.355     13.569    11.5046 0.0000e+00
      9.543      0.019     5.7583     41.868    188.432 137.447616     0.0319      7.864   228.5500 1.2358e-01     0.5413      9.360     13.575    11.4949 0.0000e+00
      9.547      0.017     5.6540     34.831    180.235 131.462896     0.0322      7.863   228.3611 1.2357e-01     0.7373      9.363     13.579    11.4826 0.0000e+00
      9.551      0.016     5.5046     26.876    178.994 130.553754     0.0297      7.862   228.5951 1.2363e-01     0.8026      9.366     13.584    11.4737 0.0000e+00
      9.555      0.016     5.2160     18.843    183.650 133.945174     0.0268      7.863   228.7123 1.2364e-01     0.7503      9.370     13.590    11.4700 0.0000e+00
      9.558      0.016     4.6457     11.256    191.826 139.899582     0.0309      7.864   228.4868 1.2361e-01     0.6174      9.374     13.595    11.4687 0.0000e+00
      9.562      0.017     3.8285      4.771    204.974 149.475363     0.0122      7.863   228.4498 1.2359e-01     0.2884      9.377     13.600    11.4669 0.0000e+00
      9.567      0.018     2.9274     -0.062    216.155 157.610395    -0.0159      7.863   228.6956 1.2357e-01     0.0515      9.382     13.607    11.4658 0.0000e+00
      9.571      0.019     2.0433     -3.090    228.866 166.849598    -0.0175      7.864   228.9636 1.2362e-01     0.0085      9.386     13.614    11.4654 0.0000e+00
      9.576      0.020     1.1846     -4.495    241.651 176.131940    -0.0243      7.864   229.2810 1.2368e-01    -0.0264      9.391     13.620    11.4629 0.0000e+00
      9.582      0.020     0.4517     -4.847    250.048 182.211926    -0.0225      7.864   229.6932 1.2367e-01     0.0391      9.397     13.629    11.4596 0.0000e+00
      9.588      0.020    -0.0739     -4.642    255.888 186.432188    -0.0125      7.865   229.8179 1.2362e-01     0.1512      9.403     13.638    11.4559 0.0000e+00
      9.593      0.020    -0.4063     -4.113    260.854 190.023223    -0.0113      7.865   229.5841 1.2360e-01     0.1342      9.409     13.646    11.4496 0.0000e+00
      9.597      0.019    -0.5268     -3.462    265.094 193.090397     0.0171      7.865   229.3620 1.2359e-01     0.0727      9.412     13.651    11.4409 0.0000e+00
      9.602      0.018    -0.5462     -2.839    268.178 195.319902     0.0480      7.864   229.1110 1.2354e-01     0.0897      9.416     13.657    11.4322 0.0000e+00
      9.607      0.016    -0.5203     -2.264    270.367 196.900495     0.0538      7.863   228.8727 1.2350e-01     0.1352      9.422     13.666    11.4252 0.0000e+00
      9.611      0.016    -0.4521     -1.710    271.984 198.067331     0.0540      7.863   228.7177 1.2357e-01     0.1447      9.426     13.671    11.4201 0.0000e+00
      9.615      0.016    -0.3759     -1.216    273.368 199.066766     0.0495      7.862   228.2698 1.2365e-01     0.2045      9.429     13.676    11.4164 0.0000e+00
      9.618      0.016    -0.3062     -0.773    274.610 199.965871     0.0414      7.860   227.6728 1.2367e-01     0.2771      9.432     13.681    11.4133 0.0000e+00
      9.622      0.016    -0.2494     -0.377    275.517 200.622886     0.0391      7.852   227.1773 1.2369e-01     0.3054      9.436     13.686    11.4107 0.0000e+00
      9.626      0.017    -0.1820     -0.074    276.297 201.189676     0.0396      7.837   226.5813 1.2366e-01     0.3755      9.440     13.692    11.4086 0.0000e+00
