Data/DataNotYetUploadedToEDI/Raw_CTD/RawDownloads/072125_fcr30_S7809004.cnv
* Sea-Bird SBE19plus  Data File:
* FileName = C:\R\Reservoirs\Data\DataNotYetUploadedToEDI\Raw_CTD\RawDownloads\072125_fcr50_S7809_0004.hex
* Software version 2.8.0.119
* Temperature SN = 7809
* Conductivity SN = 7809
* System UpLoad Time = Jul 21 2025 18:16:13
* <ApplicationData>
* <Seaterm232>
# nquan = 15
# nvalues = 1987                        
# units = specified
# name 0 = depFM: Depth [fresh water, m]
# name 1 = dz/dtM: Descent Rate [m/s]
# name 2 = sbeox0Mg/L: Oxygen, SBE 43 [mg/l]
# name 3 = sbeox0PS: Oxygen, SBE 43 [% saturation]
# name 4 = specc: Specific Conductance [uS/cm]
# name 5 = c0uS/cm: Conductivity [uS/cm]
# name 6 = flECO-AFL: Fluorescence, WET Labs ECO-AFL/FL [mg/m^3]
# name 7 = ph: pH
# name 8 = orp: Oxidation Reduction Potential [mV]
# name 9 = par/sat/log: PAR/Logarithmic, Satlantic
# name 10 = turbWETntu0: Turbidity, WET Labs ECO [NTU]
# name 11 = prdM: Pressure, Strain Gauge [db]
# name 12 = prdE: Pressure, Strain Gauge [psi]
# name 13 = tv290C: Temperature [ITS-90, deg C]
# name 14 = flag:  0.000e+00
# span 0 =     -0.659,      5.335       
# span 1 =     -0.328,      0.164       
# span 2 =     0.0258,     9.6218       
# span 3 =      0.265,    120.957       
# span 4 =      0.763,     59.132       
# span 5 =   0.758525,  46.537469       
# span 6 =    -0.1099,    12.8567       
# span 7 =      6.982,      7.074       
# span 8 =   -15.6530,   201.7688       
# span 9 = 1.2355e-01, 1.1884e+03       
# span 10 =     1.4613,   408.3623      
# span 11 =     -0.647,      5.232      
# span 12 =     -0.939,      7.589      
# span 13 =    11.6689,    27.7208      
# span 14 = 0.0000e+00, 0.0000e+00      
# interval = seconds: 0.25
# start_time = Jul 21 2025 14:05:48 [Instrument's time stamp, header]
# bad_flag = -9.990e-29
*END*
[from data line 1157]
      2.455      0.044     0.4042      4.461     44.766  39.682208    12.4926      7.072   199.2292 4.4801e+01     6.5279      2.408      3.492    19.4948 0.0000e+00
      2.465      0.041     0.4053      4.453     44.859  39.747849    12.3862      7.072   199.1854 4.3992e+01     6.6707      2.417      3.504    19.4554 0.0000e+00
      2.474      0.037     0.4082      4.443     44.984  39.842511    12.3580      7.072   199.1596 4.3422e+01     6.6505      2.428      3.522    19.4071 0.0000e+00
      2.481      0.035     0.4099      4.425     45.064  39.874810    12.1264      7.073   199.2608 4.3029e+01     6.5573      2.433      3.529    19.3557 0.0000e+00
      2.488      0.033     0.4124      4.376     45.139  39.884474    11.6749      7.073   199.4626 4.2576e+01     6.3981      2.437      3.535    19.3056 0.0000e+00
      2.498      0.032     0.4103      4.314     45.215  39.895815    11.4264      7.073   199.6201 4.2231e+01     6.3997      2.450      3.553    19.2946 0.0000e+00
      2.509      0.032     0.4094      4.256     45.254  39.884934    11.4368      7.072   199.7889 4.2118e+01     6.5418      2.462      3.570    19.2956 0.0000e+00
      2.517      0.031     0.4102      4.186     45.286  39.879773    11.4837      7.072   199.9551 4.2174e+01     6.5456      2.469      3.581    19.2463 0.0000e+00
      2.523      0.029     0.4047      4.093     45.332  39.896836    11.5109      7.072   200.0815 4.2349e+01     6.4116      2.475      3.589    19.1727 0.0000e+00
      2.529      0.026     0.3989      4.007     45.362  39.900813    11.4992      7.073   200.3707 4.2514e+01     6.2872      2.479      3.595    19.1082 0.0000e+00
      2.536      0.022     0.3944      3.931     45.347  39.864375    11.4840      7.074   200.7847 4.2633e+01     6.3392      2.488      3.607    19.0578 0.0000e+00
      2.544      0.020     0.3899      3.867     45.332  39.837019    11.5683      7.073   201.0424 4.2902e+01     6.4945      2.497      3.621    19.0224 0.0000e+00
      2.549      0.018     0.3786      3.827     45.383  39.887346    11.7354      7.072   201.1636 4.3290e+01     6.5598      2.500      3.627    18.9988 0.0000e+00
      2.550      0.017     0.3716      3.792     45.453  39.965174    11.8230      7.071   201.3036 4.3523e+01     6.4789      2.501      3.628    18.9802 0.0000e+00
      2.552      0.016     0.3652      3.766     45.511  40.016502    11.8210      7.072   201.3587 4.3567e+01     6.3366      2.502      3.629    18.9484 0.0000e+00
      2.556      0.016     0.3571      3.749     45.603  40.063710    11.8441      7.073   201.2278 4.3472e+01     6.5129      2.506      3.634    18.9231 0.0000e+00
      2.562      0.017     0.3563      3.725     45.716  40.091675    11.9191      7.073   201.0969 4.3343e+01     6.9713      2.513      3.645    18.9364 0.0000e+00
      2.568      0.017     0.3513      3.700     45.826  40.100680    11.9703      7.073   201.0665 4.3203e+01     7.1993      2.518      3.652    18.9649 0.0000e+00
      2.573      0.016     0.3490      3.658     45.921  40.108995    11.9718      7.073   201.1189 4.2995e+01     7.1861      2.522      3.658    18.9740 0.0000e+00
      2.577      0.015     0.3488      3.562     45.994  40.128650    11.9287      7.073   201.3009 4.2910e+01     7.0844      2.528      3.666    18.9397 0.0000e+00
      2.579      0.014     0.3462      3.407     46.040  40.147884    11.6824      7.074   201.3742 4.2903e+01     6.9940      2.530      3.669    18.8521 0.0000e+00
      2.580      0.013     0.3452      3.241     46.061  40.151131    11.2833      7.074   201.3167 4.2808e+01     7.0155      2.529      3.668    18.7417 0.0000e+00
      2.583      0.012     0.3438      3.099     46.100  40.167886    11.0728      7.074   201.4653 4.2639e+01     7.0367      2.533      3.673    18.6534 0.0000e+00
      2.588      0.009     0.3355      2.984     46.105  40.160056    11.0435      7.073   201.7091 4.2461e+01     7.0114      2.540      3.684    18.6108 0.0000e+00
      2.593      0.007     0.3187      2.887     46.060  40.119902    10.9046      7.073   201.7688 4.2411e+01     7.0520      2.544      3.689    18.5957 0.0000e+00
      2.594      0.007     0.3019      2.797     46.062  40.126639    10.6498      7.073   201.4989 4.2490e+01     7.2205      2.544      3.689    18.5823 0.0000e+00
      2.593      0.007     0.2892      2.742     46.117  40.178058    10.5259      7.072   201.1136 4.2663e+01     7.4080      2.544      3.690    18.5596 0.0000e+00
      2.593      0.008     0.2784      2.738     46.187  40.233901    10.4971      7.072   200.8949 4.2822e+01     7.4749      2.542      3.687    18.5424 0.0000e+00
      2.593      0.009     0.2707      2.769     46.277  40.294111    10.0182      7.072   200.5759 4.2822e+01     7.3465      2.541      3.685    18.5444 0.0000e+00
      2.598      0.012     0.2606      2.813     46.362  40.334842     9.1144      7.072   199.9230 4.2751e+01     7.1199      2.547      3.694    18.5543 0.0000e+00
      2.604      0.014     0.2543      2.833     46.422  40.345551     8.6081      7.072   199.1962 4.2720e+01     7.0578      2.555      3.706    18.5591 0.0000e+00
      2.608      0.016     0.2558      2.813     46.476  40.360071     8.4991      7.072   197.3802 4.2743e+01     7.1760      2.558      3.710    18.5553 0.0000e+00
      2.611      0.017     0.2579      2.741     46.518  40.383435     7.7797      7.072   193.7112 4.2674e+01     7.2509      2.560      3.712    18.5389 0.0000e+00
      2.614      0.017     0.2651      2.626     46.509  40.374159     6.4527      7.072   190.1107 4.2418e+01     7.2459      2.563      3.718    18.4997 0.0000e+00
      2.619      0.018     0.2667      2.509     46.436  40.311381     5.7203      7.072   188.0049 4.2095e+01     7.2521      2.569      3.726    18.4475 0.0000e+00
      2.624      0.019     0.2658      2.391     46.366  40.259034     5.6085      7.071   187.3509 4.1747e+01     7.2917      2.573      3.732    18.4066 0.0000e+00
      2.629      0.021     0.2594      2.266     46.335  40.248960     5.1265      7.071   187.4513 4.1376e+01     7.3491      2.578      3.739    18.3972 0.0000e+00
      2.635      0.021     0.2459      2.178     46.331  40.253071     4.2367      7.072   187.6705 4.1041e+01     7.2626      2.585      3.749    18.4028 0.0000e+00
      2.641      0.021     0.2356      2.164     46.411  40.308748     3.7382      7.073   187.8499 4.0654e+01     7.0321      2.590      3.756    18.3981 0.0000e+00
      2.647      0.021     0.2255      2.195     46.566  40.414422     3.6780      7.074   187.9865 4.0106e+01     6.9189      2.595      3.763    18.4028 0.0000e+00
      2.652      0.020     0.2115      2.239     46.726  40.515286     3.5833      7.074   188.2893 3.9582e+01     6.9528      2.602      3.773    18.4333 0.0000e+00
      2.656      0.018     0.2006      2.270     46.846  40.576260     3.4410      7.073   188.5853 3.9199e+01     6.9976      2.606      3.779    18.4464 0.0000e+00
      2.660      0.015     0.2022      2.265     46.896  40.580418     3.3559      7.072   188.7267 3.8819e+01     6.9478      2.608      3.782    18.4253 0.0000e+00
      2.665      0.012     0.2058      2.207     46.905  40.565505     3.3287      7.072   188.8807 3.8424e+01     6.8295      2.614      3.791    18.3933 0.0000e+00
      2.670      0.010     0.2108      2.090     46.931  40.586308     3.3295      7.072   189.0701 3.8134e+01     6.7627      2.619      3.798    18.3513 0.0000e+00
      2.670      0.009     0.2149      1.938     46.984  40.641554     3.3483      7.072   189.2106 3.7974e+01     6.7890      2.620      3.800    18.3039 0.0000e+00
      2.670      0.009     0.2147      1.783     46.997  40.662304     3.3903      7.072   189.2883 3.7781e+01     6.8741      2.618      3.796    18.2549 0.0000e+00
      2.670      0.009     0.2105      1.650     46.973  40.646804     3.4126      7.072   189.4071 3.7511e+01     6.8692      2.617      3.796    18.2281 0.0000e+00
      2.674      0.011     0.1979      1.546     47.041  40.708023     3.4095      7.072   189.6151 3.7273e+01     6.7639      2.621      3.802    18.2318 0.0000e+00
      2.679      0.014     0.1826      1.473     47.186  40.831301     3.4198      7.073   189.8234 3.7136e+01     6.7289      2.628      3.811    18.2460 0.0000e+00
      2.682      0.016     0.1670      1.435     47.243  40.868033     3.4450      7.073   189.9474 3.7080e+01     6.8221      2.631      3.816    18.2596 0.0000e+00
      2.685      0.017     0.1543      1.435     47.223  40.834803     3.4816      7.073   189.9964 3.6966e+01     6.9675      2.631      3.816    18.2622 0.0000e+00
      2.690      0.015     0.1446      1.453     47.203  40.810292     3.4710      7.073   190.1565 3.6765e+01     6.9841      2.637      3.825    18.2645 0.0000e+00
      2.697      0.012     0.1375      1.455     47.210  40.825527     3.3670      7.073   190.3351 3.6621e+01     6.8517      2.647      3.838    18.2673 0.0000e+00
      2.702      0.010     0.1339      1.441     47.253  40.892091     3.2390      7.073   190.3487 3.6656e+01     6.7678      2.651      3.844    18.2513 0.0000e+00
      2.702      0.010     0.1340      1.436     47.308  40.980481     3.1977      7.072   190.2350 3.6816e+01     6.8239      2.651      3.844    18.2269 0.0000e+00
      2.701      0.011     0.1383      1.452     47.466  41.132704     3.2256      7.072   190.0795 3.6975e+01     6.9154      2.649      3.842    18.2194 0.0000e+00
      2.700      0.014     0.1374      1.473     47.658  41.272884     3.2183      7.073   190.0169 3.7005e+01     6.9854      2.647      3.839    18.2247 0.0000e+00
      2.703      0.017     0.1355      1.478     47.730  41.279064     3.1673      7.073   190.0795 3.6820e+01     7.0895      2.650      3.842    18.2570 0.0000e+00
      2.711      0.019     0.1336      1.469     47.795  41.270823     3.1331      7.073   190.0622 3.6520e+01     7.1837      2.658      3.855    18.3200 0.0000e+00
      2.721      0.019     0.1363      1.432     47.895  41.300102     3.1291      7.072   189.9798 3.6255e+01     7.3049      2.670      3.873    18.3434 0.0000e+00
      2.729      0.019     0.1396      1.341     47.888  41.252188     3.1107      7.072   190.1158 3.6152e+01     7.5641      2.678      3.884    18.3062 0.0000e+00
      2.732      0.018     0.1392      1.204     47.793  41.135723     3.0439      7.072   190.2441 3.6210e+01     7.7560      2.680      3.887    18.2418 0.0000e+00
      2.732      0.016     0.1394      1.052     47.715  41.034294     2.9785      7.072   190.1545 3.6254e+01     7.7116      2.678      3.884    18.1661 0.0000e+00
      2.734      0.015     0.1373      0.892     47.689  40.977787     2.9534      7.072   190.0655 3.6142e+01     7.6413      2.679      3.885    18.1044 0.0000e+00
      2.739      0.016     0.1289      0.740     47.708  40.960190     2.9399      7.073   190.1142 3.5938e+01     7.6579      2.686      3.896    18.0652 0.0000e+00
      2.745      0.019     0.1136      0.627     47.738  40.948425     2.9069      7.073   190.2263 3.5849e+01     7.8785      2.692      3.906    18.0324 0.0000e+00
      2.750      0.020     0.1001      0.555     47.803  40.962421     2.8451      7.073   190.2166 3.5869e+01     8.1905      2.697      3.912    17.9953 0.0000e+00
      2.756      0.020     0.0847      0.510     47.896  41.002431     2.7920      7.073   190.0827 3.5963e+01     8.2196      2.703      3.920    17.9593 0.0000e+00
      2.761      0.018     0.0681      0.487     47.981  41.051327     2.7726      7.072   189.9845 3.6095e+01     8.1280      2.708      3.928    17.9249 0.0000e+00
      2.766      0.015     0.0582      0.483     48.051  41.109321     2.7611      7.071   189.9764 3.6188e+01     8.3127      2.714      3.936    17.8870 0.0000e+00
      2.770      0.012     0.0519      0.489     48.054  41.132419     2.7439      7.071   190.0702 3.6345e+01     8.7104      2.717      3.941    17.8411 0.0000e+00
      2.773      0.009     0.0474      0.502     48.018  41.140238     2.7141      7.072   190.2581 3.6525e+01     8.8710      2.719      3.944    17.7933 0.0000e+00
      2.774      0.007     0.0459      0.535     47.960  41.140440     2.6762      7.072   190.4420 3.6672e+01     8.7517      2.721      3.946    17.7667 0.0000e+00
      2.774      0.005     0.0453      0.575     47.899  41.134928     2.6437      7.072   190.5729 3.6811e+01     8.6011      2.721      3.946    17.7637 0.0000e+00
      2.775      0.004     0.0469      0.615     47.860  41.137115     2.6290      7.072   190.6356 3.6936e+01     8.5531      2.722      3.947    17.7860 0.0000e+00
      2.776      0.004     0.0464      0.670     47.791  41.103457     2.6482      7.071   190.6840 3.7042e+01     8.6489      2.722      3.948    17.8309 0.0000e+00
      2.777      0.005     0.0507      0.725     47.706  41.045340     2.6507      7.070   190.7283 3.7067e+01     8.6659      2.723      3.950    17.8854 0.0000e+00
      2.778      0.007     0.0552      0.785     47.676  41.005650     2.6351      7.071   190.6543 3.7100e+01     8.6569      2.725      3.952    17.9417 0.0000e+00
      2.779      0.009     0.0566      0.854     47.736  41.004355     2.6504      7.072   190.5638 3.7121e+01     8.7445      2.724      3.951    17.9757 0.0000e+00
      2.781      0.009     0.0644      0.909     47.843  41.029613     2.6775      7.072   190.5803 3.7028e+01     8.8033      2.726      3.954    17.9985 0.0000e+00
      2.785      0.008     0.0685      0.935     47.934  41.057089     2.7047      7.072   190.6818 3.6888e+01     8.8891      2.731      3.962    18.0257 0.0000e+00
      2.790      0.007     0.0733      0.930     47.994  41.082635     2.7048      7.072   190.8453 3.6762e+01     8.9284      2.737      3.969    18.0178 0.0000e+00
      2.792      0.007     0.0821      0.896     48.009  41.084581     2.6785      7.072   190.9219 3.6734e+01     8.9367      2.740      3.974    17.9506 0.0000e+00
      2.792      0.008     0.0870      0.842     48.024  41.080608     2.6696      7.072   190.8342 3.6827e+01     8.9893      2.739      3.973    17.8667 0.0000e+00
      2.790      0.009     0.0900      0.794     48.086  41.098049     2.6802      7.071   190.8169 3.6904e+01     9.0188      2.736      3.968    17.8110 0.0000e+00
      2.790      0.010     0.0890      0.758     48.155  41.105004     2.6910      7.071   190.9706 3.6835e+01     9.0538      2.734      3.966    17.7904 0.0000e+00
      2.794      0.013     0.0865      0.723     48.211  41.101174     2.6669      7.071   191.1435 3.6599e+01     9.2071      2.738      3.972    17.7866 0.0000e+00
      2.802      0.015     0.0793      0.701     48.273  41.115147     2.6220      7.071   191.1867 3.6321e+01     9.6085      2.748      3.986    17.7746 0.0000e+00
      2.809      0.018     0.0750      0.686     48.339  41.146959     2.5971      7.071   191.1490 3.6171e+01     9.9105      2.755      3.998    17.7369 0.0000e+00
      2.812      0.019     0.0727      0.658     48.384  41.168449     2.6079      7.071   191.1182 3.6138e+01     9.9547      2.758      4.001    17.6752 0.0000e+00
      2.814      0.019     0.0682      0.618     48.431  41.184556     2.6021      7.071   190.9866 3.6057e+01    10.2797      2.760      4.003    17.6164 0.0000e+00
      2.818      0.018     0.0665      0.593     48.508  41.214746     2.5357      7.071   190.9345 3.5826e+01    10.8682      2.763      4.007    17.5759 0.0000e+00
      2.825      0.016     0.0659      0.578     48.555  41.216090     2.4957      7.072   191.0035 3.5501e+01    11.2282      2.770      4.017    17.5540 0.0000e+00
      2.831      0.016     0.0641      0.551     48.576  41.200759     2.5010      7.072   190.9610 3.5221e+01    11.3539      2.779      4.030    17.5420 0.0000e+00
      2.836      0.015     0.0577      0.510     48.626  41.219739     2.5163      7.072   190.8513 3.5048e+01    11.6701      2.782      4.035    17.5196 0.0000e+00
