Data/DataNotYetUploadedToEDI/Raw_CTD/RawDownloads/072125_bvr50_S8188006.cnv
* Sea-Bird SBE19plus  Data File:
* FileName = C:\R\Reservoirs\Data\DataNotYetUploadedToEDI\Raw_CTD\RawDownloads\071425_bvr50_S8188_0006.hex
* Software version 2.8.0.119
* Temperature SN = 8188
* Conductivity SN = 8188
* System UpLoad Time = Aug 21 2025 13:37:16
* <ApplicationData>
* <Seaterm232>
# nquan = 16
# nvalues = 1315                        
# units = specified
# name 0 = depFM: Depth [fresh water, m]
# name 1 = dz/dtM: Descent Rate [m/s]
# name 2 = sbeox0Mg/L: Oxygen, SBE 43 [mg/l]
# name 3 = sbeox0PS: Oxygen, SBE 43 [% saturation]
# name 4 = specc: Specific Conductance [uS/cm]
# name 5 = c0uS/cm: Conductivity [uS/cm]
# name 6 = wetCDOM: Fluorescence, WET Labs CDOM [mg/m^3]
# name 7 = flECO-AFL: Fluorescence, WET Labs ECO-AFL/FL [mg/m^3]
# name 8 = flECO-AFL1: Fluorescence, WET Labs ECO-AFL/FL, 2 [mg/m^3]
# name 9 = flECO-AFL2: Fluorescence, WET Labs ECO-AFL/FL, 3 [mg/m^3]
# name 10 = par/sat/log: PAR/Logarithmic, Satlantic
# name 11 = turbWETntu0: Turbidity, WET Labs ECO [NTU]
# name 12 = prdM: Pressure, Strain Gauge [db]
# name 13 = prdE: Pressure, Strain Gauge [psi]
# name 14 = tv290C: Temperature [ITS-90, deg C]
# name 15 = flag:  0.000e+00
# span 0 =     -0.727,      5.792       
# span 1 =     -0.215,      0.163       
# span 2 =     2.1810,     6.5287       
# span 3 =     25.250,     69.894       
# span 4 =   -540.678,     89.004       
# span 5 =-502.799866,  85.897416       
# span 6 =    -0.0900,    58.2300       
# span 7 =    -0.3075,    54.2550       
# span 8 =    -0.0426,     0.8520       
# span 9 =    -0.3384,    13.6629       
# span 10 = 1.1580e-01, 3.6952e+02      
# span 11 =    -1.2159,    76.3707      
# span 12 =     -0.712,      5.680      
# span 13 =     -1.033,      8.238      
# span 14 =    18.5436,    24.4965      
# span 15 = 0.0000e+00, 0.0000e+00      
# interval = seconds: 0.25
# start_time = Jul 21 2025 10:09:01 [Instrument's time stamp, header]
# bad_flag = -9.990e-29
*END*
[from data line 362]
     -0.235      0.017     3.1031     36.882     87.808  85.761908    21.7800     5.4643     0.1278     1.3536 2.5846e+02     5.3554     -0.231     -0.335    23.6173 0.0000e+00
     -0.231      0.015     3.1104     36.473     87.830  85.816546    21.7800     5.4719     0.1278     1.3536 2.3105e+02     5.4158     -0.227     -0.329    23.6912 0.0000e+00
     -0.228      0.013     3.1213     35.819     87.851  85.855097    21.7800     5.4605     0.1278     1.3536 2.1845e+02     5.3856     -0.223     -0.324    23.7531 0.0000e+00
     -0.225      0.011     3.1261     35.064     87.873  85.879853    21.7800     5.4109     0.1278     1.3536 2.1338e+02     5.6122     -0.221     -0.320    23.7985 0.0000e+00
     -0.223      0.009     3.1139     34.409     87.902  85.897416    21.7800     5.4223     0.0852     1.3959 2.0893e+02     5.5820     -0.218     -0.316    23.8291 0.0000e+00
     -0.221      0.007     3.0783     34.054     87.918  85.886508    21.7800     5.4261     0.0852     1.3959 2.0708e+02     5.5518     -0.216     -0.314    23.8481 0.0000e+00
     -0.219      0.006     3.0225     34.152     87.901  85.830241    21.7800     5.4299     0.0852     1.3959 2.0623e+02     5.7179     -0.215     -0.312    23.8582 0.0000e+00
     -0.218      0.005     2.9587     34.769     87.851  85.731581    21.7800     5.5863     0.0852     1.3959 2.0649e+02     5.6575     -0.214     -0.310    23.8602 0.0000e+00
     -0.217      0.004     2.9038     35.876     87.790  85.612142    21.7800     5.5787     0.1704     1.2690 2.0600e+02     5.7481     -0.213     -0.309    23.8538 0.0000e+00
     -0.216      0.003     2.8748     37.371     87.746  85.499983    21.7800     5.5978     0.1704     1.2690 2.0444e+02     5.5971     -0.212     -0.308    23.8387 0.0000e+00
     -0.215      0.003     2.8844     39.105     87.717  85.391151    21.7800     5.5787     0.1704     1.2690 1.9931e+02     5.5820     -0.211     -0.306    23.8161 0.0000e+00
     -0.214      0.003     2.9382     40.914     87.689  85.272596    21.7800     5.5863     0.1704     1.2690 1.9866e+02     5.6877     -0.210     -0.305    23.7876 0.0000e+00
     -0.214      0.003     3.0338     42.646     87.664  85.148644    21.7800     5.6092     0.1704     1.2690 1.9970e+02     5.6122     -0.210     -0.304    23.7540 0.0000e+00
     -0.213      0.003     3.1627     44.186     87.640  85.022182    21.8700     5.5940     0.1278     1.4382 2.0044e+02     5.6122     -0.209     -0.303    23.7146 0.0000e+00
     -0.212      0.003     3.3124     45.464     87.630  84.909403    21.8700     5.5787     0.1278     1.4382 1.9914e+02     5.5518     -0.208     -0.302    23.6688 0.0000e+00
     -0.212      0.003     3.4691     46.439     87.649  84.828153    21.8700     5.7656     0.1278     1.4382 1.9905e+02     5.6877     -0.208     -0.301    23.6166 0.0000e+00
     -0.211      0.003     3.6197     47.096     87.677  84.762752    21.8700     5.7923     0.1278     1.4382 1.9870e+02     5.6424     -0.207     -0.300    23.5597 0.0000e+00
     -0.210      0.003     3.7545     47.449     87.704  84.703743    21.9600     5.7809     0.1704     1.2267 1.9866e+02     5.6575     -0.206     -0.299    23.5007 0.0000e+00
     -0.209      0.003     3.8671     47.547     87.733  84.655355    21.9600     5.7885     0.1704     1.2267 1.9879e+02     5.6877     -0.205     -0.298    23.4421 0.0000e+00
     -0.208      0.004     3.9541     47.458     87.756  84.608676    21.9600     5.7389     0.1704     1.2267 1.9754e+02     5.4913     -0.204     -0.296    23.3855 0.0000e+00
     -0.207      0.004     4.0139     47.257     87.773  84.563235    21.9600     5.7427     0.1704     1.2267 1.9570e+02     5.3856     -0.203     -0.295    23.3325 0.0000e+00
     -0.206      0.004     4.0476     47.013     87.793  84.528880    21.8700     5.7237     0.1704     1.3959 1.9545e+02     5.3252     -0.202     -0.293    23.2841 0.0000e+00
     -0.205      0.004     4.0592     46.784     87.826  84.514416    21.8700     5.7351     0.1704     1.3959 1.9511e+02     5.4611     -0.201     -0.292    23.2405 0.0000e+00
     -0.204      0.004     4.0545     46.624     87.860  84.509996    21.8700     5.6512     0.1704     1.3959 1.9367e+02     5.6424     -0.200     -0.290    23.2012 0.0000e+00
     -0.203      0.005     4.0399     46.561     87.876  84.496467    21.8700     5.6474     0.1704     1.3959 1.9262e+02     5.5367     -0.199     -0.289    23.1662 0.0000e+00
     -0.202      0.005     4.0213     46.596     87.881  84.480203    21.8700     5.6512     0.1704     1.3959 1.9481e+02     5.5971     -0.198     -0.287    23.1355 0.0000e+00
     -0.200      0.006     4.0038     46.699     87.888  84.476837    21.8700     5.6588     0.1704     1.2690 1.9524e+02     5.6424     -0.197     -0.285    23.1093 0.0000e+00
     -0.199      0.006     3.9916     46.834     87.903  84.489463    21.8700     5.6588     0.1704     1.2690 1.9435e+02     5.5971     -0.195     -0.283    23.0879 0.0000e+00
     -0.197      0.006     3.9876     46.972     87.914  84.509467    21.8700     5.7694     0.1704     1.2690 1.9187e+02     5.6726     -0.193     -0.280    23.0714 0.0000e+00
     -0.195      0.006     3.9914     47.091     87.921  84.534196    21.8700     5.7733     0.1704     1.2690 1.8947e+02     5.6424     -0.191     -0.277    23.0598 0.0000e+00
     -0.193      0.006     4.0007     47.182     87.941  84.580231    21.8700     5.7733     0.1704     1.3113 1.8873e+02     5.6877     -0.189     -0.275    23.0536 0.0000e+00
     -0.192      0.005     4.0124     47.240     87.977  84.649864    21.8700     5.7923     0.1704     1.3113 1.8935e+02     5.6877     -0.188     -0.273    23.0529 0.0000e+00
     -0.191      0.004     4.0238     47.251     88.014  84.727718    21.8700     5.5978     0.1704     1.3113 1.8930e+02     5.6877     -0.187     -0.272    23.0578 0.0000e+00
     -0.190      0.003     4.0332     47.202     88.041  84.802606    21.8700     5.5787     0.1704     1.3113 1.8893e+02     5.6877     -0.186     -0.271    23.0681 0.0000e+00
     -0.190      0.002     4.0398     47.085     88.051  84.866546    21.8700     5.6359     0.1278     1.2690 1.8976e+02     5.5820     -0.186     -0.270    23.0834 0.0000e+00
     -0.189      0.002     4.0432     46.897     88.056  84.928603    21.8700     5.5787     0.1278     1.2690 1.9005e+02     5.7028     -0.185     -0.269    23.1033 0.0000e+00
     -0.189      0.002     4.0424     46.644     88.062  84.995343    21.8700     5.7275     0.1278     1.2690 1.9116e+02     5.2950     -0.185     -0.269    23.1275 0.0000e+00
     -0.189      0.002     4.0361     46.329     88.071  85.066593    21.8700     5.7351     0.1278     1.2690 1.9083e+02     5.3554     -0.185     -0.268    23.1553 0.0000e+00
     -0.188      0.002     4.0238     45.957     88.074  85.133400    21.8700     5.6970     0.1278     1.2267 1.9021e+02     5.3856     -0.185     -0.268    23.1858 0.0000e+00
     -0.188      0.003     4.0053     45.529     88.047  85.171648    21.8700     5.7313     0.1278     1.2267 1.8951e+02     5.4309     -0.184     -0.267    23.2185 0.0000e+00
     -0.187      0.003     3.9811     45.062     88.001  85.189540    21.8700     5.6550     0.1278     1.2267 1.8873e+02     5.6122     -0.183     -0.266    23.2530 0.0000e+00
     -0.186      0.004     3.9516     44.586     87.965  85.215816    21.8700     5.6550     0.1278     1.2267 1.9017e+02     5.6122     -0.182     -0.265    23.2889 0.0000e+00
     -0.185      0.004     3.9172     44.127     87.945  85.253489    21.8700     5.6588     0.1278     1.2267 1.9183e+02     5.6726     -0.182     -0.263    23.3254 0.0000e+00
     -0.184      0.004     3.8780     43.692     87.922  85.284652    21.8700     5.6512     0.1278     1.2690 1.9435e+02     5.7481     -0.180     -0.262    23.3618 0.0000e+00
     -0.182      0.004     3.8356     43.281     87.892  85.305636    21.8700     5.6436     0.1278     1.2690 1.9909e+02     5.4913     -0.179     -0.259    23.3974 0.0000e+00
     -0.181      0.004     3.7927     42.893     87.861  85.322038    21.8700     5.6436     0.1278     1.2690 2.0022e+02     5.2798     -0.177     -0.257    23.4318 0.0000e+00
     -0.180      0.004     3.7513     42.537     87.831  85.334241    21.8700     5.6626     0.1278     1.2690 1.9771e+02     5.3403     -0.176     -0.256    23.4643 0.0000e+00
     -0.179      0.003     3.7121     42.236     87.799  85.341507    21.7800     5.6397     0.1278     1.2267 1.9545e+02     5.4913     -0.176     -0.255    23.4949 0.0000e+00
     -0.179      0.001     3.6752     42.011     87.769  85.345775    21.7800     5.7122     0.1278     1.2267 1.9158e+02     5.5669     -0.175     -0.254    23.5233 0.0000e+00
     -0.178      0.000     3.6405     41.877     87.741  85.348184    21.7800     5.7008     0.1278     1.2267 1.8996e+02     5.6877     -0.175     -0.253    23.5494 0.0000e+00
     -0.178     -0.002     3.6087     41.837     87.715  85.349378    21.7800     5.7466     0.1278     1.2267 1.9013e+02     5.6575     -0.175     -0.253    23.5732 0.0000e+00
     -0.178     -0.003     3.5817     41.888     87.697  85.353671    21.8700     5.7275     0.1704     1.3959 1.9317e+02     5.5971     -0.175     -0.254    23.5947 0.0000e+00
     -0.180     -0.004     3.5613     42.018     87.672  85.346232    21.8700     5.6664     0.1704     1.3959 1.9154e+02     5.4762     -0.176     -0.255    23.6138 0.0000e+00
     -0.181     -0.005     3.5487     42.213     87.632  85.321086    21.8700     5.6550     0.1704     1.3959 1.9125e+02     5.4007     -0.178     -0.258    23.6308 0.0000e+00
     -0.184     -0.005     3.5444     42.453     87.609  85.307471    21.8700     5.6664     0.1704     1.3959 1.9579e+02     5.4309     -0.180     -0.261    23.6456 0.0000e+00
     -0.185     -0.004     3.5479     42.715     87.614  85.317733    21.8700     5.6703     0.1704     1.3959 1.9870e+02     5.4158     -0.182     -0.264    23.6580 0.0000e+00
     -0.186     -0.002     3.5582     42.981     87.621  85.326650    21.7800     5.5444     0.1278     1.3536 2.0489e+02     5.6726     -0.183     -0.265    23.6680 0.0000e+00
     -0.186     -0.001     3.5742     43.242     87.612  85.316633    21.7800     5.5291     0.1278     1.3536 2.0547e+02     5.5820     -0.183     -0.265    23.6757 0.0000e+00
     -0.186      0.000     3.5942     43.501     87.584  85.285010    21.7800     5.5444     0.1278     1.3536 2.0114e+02     5.5669     -0.183     -0.265    23.6810 0.0000e+00
     -0.185      0.001     3.6162     43.772     87.556  85.251304    21.7800     5.5291     0.1278     1.3536 1.9579e+02     5.5669     -0.182     -0.264    23.6841 0.0000e+00
     -0.185      0.001     3.6386     44.077     87.552  85.238478    21.8700     5.6703     0.1278     1.3536 1.9271e+02     5.6273     -0.182     -0.263    23.6851 0.0000e+00
     -0.184      0.000     3.6607     44.438     87.558  85.235123    21.8700     5.6436     0.1278     1.3536 1.9225e+02     5.5820     -0.181     -0.262    23.6843 0.0000e+00
     -0.184     -0.001     3.6828     44.873     87.570  85.236350    21.8700     5.6626     0.1278     1.3536 1.9262e+02     5.6424     -0.181     -0.262    23.6819 0.0000e+00
     -0.184     -0.003     3.7061     45.380     87.584  85.238492    21.8700     5.6474     0.1278     1.3536 1.9485e+02     5.6575     -0.181     -0.262    23.6783 0.0000e+00
     -0.185     -0.004     3.7322     45.925     87.579  85.222152    21.7800     5.6130     0.1704     1.3113 1.9754e+02     5.5367     -0.182     -0.264    23.6736 0.0000e+00
     -0.187     -0.005     3.7632     46.461     87.564  85.194951    21.7800     5.6016     0.1704     1.3113 1.9931e+02     5.6424     -0.183     -0.266    23.6681 0.0000e+00
     -0.188     -0.005     3.8004     46.955     87.553  85.173600    21.7800     5.6092     0.1704     1.3113 1.9979e+02     5.6122     -0.185     -0.268    23.6620 0.0000e+00
     -0.190     -0.005     3.8438     47.386     87.553  85.162389    21.7800     5.5863     0.1704     1.3113 1.9819e+02     5.6424     -0.187     -0.271    23.6555 0.0000e+00
     -0.192     -0.005     3.8905     47.726     87.573  85.172306    21.7800     5.8381     0.1278     1.3536 1.9836e+02     5.6424     -0.188     -0.273    23.6487 0.0000e+00
     -0.193     -0.004     3.9364     47.948     87.602  85.192016    21.7800     5.8229     0.1278     1.3536 1.9810e+02     5.5518     -0.189     -0.274    23.6419 0.0000e+00
     -0.194     -0.002     3.9788     48.048     87.614  85.196822    21.7800     5.8267     0.1278     1.3536 1.9784e+02     5.6273     -0.190     -0.275    23.6354 0.0000e+00
     -0.194     -0.001     4.0157     48.043     87.614  85.191998    21.7800     5.8496     0.1278     1.3536 1.9784e+02     5.6122     -0.190     -0.276    23.6293 0.0000e+00
     -0.194      0.000     4.0449     47.963     87.606  85.180252    21.7800     5.9602     0.1278     1.3536 1.9836e+02     5.6877     -0.190     -0.276    23.6238 0.0000e+00
     -0.194      0.001     4.0641     47.843     87.591  85.164441    21.7800     5.9602     0.1704     1.2690 2.0018e+02     5.6877     -0.190     -0.275    23.6189 0.0000e+00
     -0.193      0.002     4.0729     47.710     87.584  85.158323    21.7800     5.9487     0.1704     1.2690 2.0109e+02     5.5518     -0.189     -0.274    23.6150 0.0000e+00
     -0.192      0.002     4.0727     47.583     87.562  85.138299    21.7800     5.9411     0.1704     1.2690 2.0241e+02     5.7028     -0.188     -0.273    23.6120 0.0000e+00
     -0.192      0.002     4.0661     47.474     87.507  85.089045    21.7800     5.7962     0.1704     1.2690 2.0061e+02     5.3705     -0.188     -0.272    23.6100 0.0000e+00
     -0.191      0.002     4.0559     47.391     87.454  85.043356    21.8700     5.7809     0.1278     1.3536 1.9914e+02     5.3554     -0.187     -0.272    23.6092 0.0000e+00
     -0.191      0.002     4.0447     47.327     87.428  85.024992    21.8700     5.7809     0.1278     1.3536 1.9819e+02     5.3856     -0.187     -0.271    23.6094 0.0000e+00
     -0.191      0.002     4.0338     47.271     87.414  85.021070    21.8700     5.7618     0.1278     1.3536 1.9875e+02     5.2950     -0.187     -0.271    23.6106 0.0000e+00
     -0.190      0.002     4.0244     47.218     87.405  85.024553    21.8700     5.9602     0.1278     1.3536 2.0184e+02     5.4158     -0.186     -0.270    23.6128 0.0000e+00
     -0.190      0.001     4.0171     47.162     87.416  85.048352    21.7800     5.9449     0.1704     1.3959 2.0506e+02     5.2647     -0.186     -0.269    23.6160 0.0000e+00
     -0.189      0.001     4.0113     47.100     87.433  85.080842    21.7800     5.9716     0.1704     1.3959 2.0703e+02     5.4611     -0.185     -0.269    23.6203 0.0000e+00
     -0.189      0.001     4.0062     47.032     87.436  85.100734    21.7800     5.9678     0.1704     1.3959 2.0632e+02     5.2496     -0.185     -0.268    23.6258 0.0000e+00
     -0.188      0.001     4.0012     46.966     87.423  85.105345    21.7800     5.9602     0.1704     1.3959 2.0400e+02     5.6424     -0.185     -0.268    23.6324 0.0000e+00
     -0.188      0.001     3.9959     46.913     87.404  85.105891    21.7800     5.9831     0.1278     1.3113 2.0258e+02     5.7179     -0.184     -0.268    23.6402 0.0000e+00
     -0.188      0.001     3.9900     46.884     87.399  85.120490    21.7800     5.9754     0.1278     1.3113 2.0258e+02     5.7179     -0.184     -0.267    23.6490 0.0000e+00
     -0.188      0.001     3.9835     46.892     87.410  85.151040    21.7800     5.9678     0.1278     1.3113 2.0364e+02     5.6424     -0.184     -0.267    23.6586 0.0000e+00
     -0.188      0.001     3.9771     46.937     87.419  85.179727    21.7800     5.9793     0.1278     1.3113 2.0294e+02     5.5820     -0.184     -0.267    23.6689 0.0000e+00
