Data/DataNotYetUploadedToEDI/Raw_CTD/RawDownloads/072125_fcr30_S7809004.cnv
* Sea-Bird SBE19plus  Data File:
* FileName = C:\R\Reservoirs\Data\DataNotYetUploadedToEDI\Raw_CTD\RawDownloads\072125_fcr50_S7809_0004.hex
* Software version 2.8.0.119
* Temperature SN = 7809
* Conductivity SN = 7809
* System UpLoad Time = Jul 21 2025 18:16:13
* <ApplicationData>
* <Seaterm232>
# nquan = 15
# nvalues = 1987                        
# units = specified
# name 0 = depFM: Depth [fresh water, m]
# name 1 = dz/dtM: Descent Rate [m/s]
# name 2 = sbeox0Mg/L: Oxygen, SBE 43 [mg/l]
# name 3 = sbeox0PS: Oxygen, SBE 43 [% saturation]
# name 4 = specc: Specific Conductance [uS/cm]
# name 5 = c0uS/cm: Conductivity [uS/cm]
# name 6 = flECO-AFL: Fluorescence, WET Labs ECO-AFL/FL [mg/m^3]
# name 7 = ph: pH
# name 8 = orp: Oxidation Reduction Potential [mV]
# name 9 = par/sat/log: PAR/Logarithmic, Satlantic
# name 10 = turbWETntu0: Turbidity, WET Labs ECO [NTU]
# name 11 = prdM: Pressure, Strain Gauge [db]
# name 12 = prdE: Pressure, Strain Gauge [psi]
# name 13 = tv290C: Temperature [ITS-90, deg C]
# name 14 = flag:  0.000e+00
# span 0 =     -0.659,      5.335       
# span 1 =     -0.328,      0.164       
# span 2 =     0.0258,     9.6218       
# span 3 =      0.265,    120.957       
# span 4 =      0.763,     59.132       
# span 5 =   0.758525,  46.537469       
# span 6 =    -0.1099,    12.8567       
# span 7 =      6.982,      7.074       
# span 8 =   -15.6530,   201.7688       
# span 9 = 1.2355e-01, 1.1884e+03       
# span 10 =     1.4613,   408.3623      
# span 11 =     -0.647,      5.232      
# span 12 =     -0.939,      7.589      
# span 13 =    11.6689,    27.7208      
# span 14 = 0.0000e+00, 0.0000e+00      
# interval = seconds: 0.25
# start_time = Jul 21 2025 14:05:48 [Instrument's time stamp, header]
# bad_flag = -9.990e-29
*END*
[from data line 772]
      0.697      0.012     8.4104    104.164     34.658  35.884925     2.2591      7.070   148.1529 1.6674e+02     6.4470      0.683      0.991    26.7883 0.0000e+00
      0.700      0.011     8.3956    104.138     34.665  35.889540     2.2468      7.070   148.2475 1.6643e+02     6.3684      0.687      0.996    26.7778 0.0000e+00
      0.703      0.009     8.3733    104.191     34.663  35.883568     2.2315      7.069   148.4367 1.6660e+02     6.2147      0.690      1.001    26.7700 0.0000e+00
      0.705      0.005     8.3460    104.257     34.659  35.876165     2.2565      7.068   148.7197 1.6660e+02     6.1605      0.692      1.003    26.7670 0.0000e+00
      0.706      0.000     8.3275    104.325     34.650  35.863475     2.2914      7.068   148.8294 1.6622e+02     6.2252      0.692      1.004    26.7653 0.0000e+00
      0.707     -0.004     8.3312    104.357     34.647  35.857025     2.3032      7.069   148.7309 1.6637e+02     6.2448      0.694      1.007    26.7613 0.0000e+00
      0.706     -0.006     8.3382    104.351     34.654  35.861627     2.2752      7.069   148.7331 1.6720e+02     6.1925      0.695      1.008    26.7544 0.0000e+00
      0.701     -0.005     8.3428    104.307     34.651  35.855660     2.2107      7.069   148.8562 1.6912e+02     6.1390      0.688      0.998    26.7492 0.0000e+00
      0.695     -0.001     8.3520    104.195     34.647  35.848324     2.1892      7.069   149.0149 1.7163e+02     6.2139      0.679      0.985    26.7451 0.0000e+00
      0.692      0.004     8.3544    104.047     34.640  35.836373     2.2235      7.069   149.2762 1.7298e+02     6.3116      0.676      0.981    26.7400 0.0000e+00
      0.696      0.010     8.3536    103.915     34.650  35.838048     2.2344      7.069   149.6063 1.7280e+02     6.2281      0.681      0.988    26.7353 0.0000e+00
      0.705      0.015     8.3535    103.797     34.688  35.868563     2.2378      7.070   149.9944 1.7283e+02     6.0577      0.690      1.001    26.7322 0.0000e+00
      0.713      0.017     8.3433    103.669     34.712  35.888070     2.2804      7.070   150.3553 1.7339e+02     6.0621      0.701      1.016    26.7275 0.0000e+00
      0.718      0.014     8.3300    103.494     34.709  35.883555     2.3255      7.070   150.6143 1.7351e+02     6.2122      0.705      1.022    26.7209 0.0000e+00
      0.720      0.009     8.3224    103.249     34.704  35.877419     2.3501      7.069   150.8026 1.7328e+02     6.2334      0.705      1.023    26.7093 0.0000e+00
      0.720      0.004     8.3156    103.009     34.705  35.877326     2.3211      7.068   150.9115 1.7262e+02     6.1129      0.707      1.026    26.6923 0.0000e+00
      0.719     -0.000     8.3077    102.872     34.710  35.882422     2.2401      7.068   150.9840 1.7194e+02     6.0202      0.706      1.024    26.6841 0.0000e+00
      0.717     -0.004     8.2952    102.795     34.705  35.875591     2.1947      7.069   151.0770 1.7098e+02     6.0689      0.703      1.019    26.6845 0.0000e+00
      0.716     -0.006     8.2736    102.732     34.690  35.858183     2.2137      7.070   151.2620 1.6988e+02     6.2231      0.701      1.017    26.6843 0.0000e+00
      0.716     -0.007     8.2487    102.735     34.694  35.862287     2.2609      7.070   151.5000 1.6929e+02     6.2446      0.702      1.018    26.6837 0.0000e+00
      0.715     -0.005     8.2415    102.806     34.694  35.861767     2.2914      7.069   151.6324 1.6924e+02     6.1236      0.702      1.019    26.6824 0.0000e+00
      0.711     -0.001     8.2384    102.918     34.686  35.851897     2.3073      7.069   151.6572 1.7080e+02     6.1266      0.697      1.012    26.6801 0.0000e+00
      0.707      0.004     8.2295    103.069     34.708  35.869835     2.3367      7.070   151.6277 1.7276e+02     6.2472      0.691      1.002    26.6771 0.0000e+00
      0.708      0.009     8.2310    103.211     34.733  35.888303     2.3647      7.070   151.6207 1.7342e+02     6.2155      0.692      1.002    26.6760 0.0000e+00
      0.714      0.014     8.2381    103.241     34.737  35.884826     2.3624      7.069   151.7448 1.7363e+02     5.9826      0.699      1.015    26.6772 0.0000e+00
      0.722      0.018     8.2458    103.082     34.752  35.891228     2.3342      7.069   151.9232 1.7350e+02     5.7876      0.708      1.027    26.6762 0.0000e+00
      0.728      0.020     8.2605    102.743     34.773  35.902255     2.3321      7.068   152.1425 1.7395e+02     5.8397      0.715      1.037    26.6692 0.0000e+00
      0.732      0.020     8.2775    102.308     34.773  35.891241     2.3776      7.068   152.4179 1.7436e+02     5.9972      0.718      1.042    26.6568 0.0000e+00
      0.736      0.017     8.2839    101.863     34.775  35.884936     2.4354      7.069   152.5851 1.7270e+02     6.0862      0.721      1.046    26.6438 0.0000e+00
      0.741      0.013     8.2731    101.464     34.783  35.889455     2.4564      7.069   152.6161 1.7021e+02     6.1305      0.728      1.055    26.6324 0.0000e+00
      0.746      0.010     8.2442    101.169     34.773  35.882434     2.4400      7.069   152.6201 1.6762e+02     6.0887      0.732      1.061    26.6186 0.0000e+00
      0.747      0.009     8.2099    101.019     34.748  35.863494     2.4534      7.069   152.7201 1.6536e+02     6.1960      0.733      1.063    26.6009 0.0000e+00
      0.747      0.009     8.1751    100.986     34.730  35.850813     2.5014      7.069   152.8790 1.6332e+02     6.4712      0.732      1.062    26.5854 0.0000e+00
      0.747      0.009     8.1424    101.005     34.732  35.856016     2.5299      7.070   152.9929 1.6114e+02     6.5811      0.731      1.061    26.5804 0.0000e+00
      0.750      0.010     8.1158    101.073     34.737  35.862955     2.5242      7.070   153.0644 1.5941e+02     6.5686      0.735      1.066    26.5878 0.0000e+00
      0.755      0.013     8.1026    101.181     34.746  35.871267     2.4992      7.069   153.0557 1.5811e+02     6.5251      0.741      1.074    26.5998 0.0000e+00
      0.759      0.019     8.1024    101.286     34.775  35.893062     2.5272      7.069   153.0596 1.5743e+02     6.4989      0.744      1.079    26.6085 0.0000e+00
      0.762      0.029     8.1018    101.339     34.830  35.936119     2.6118      7.069   153.1970 1.5713e+02     6.4565      0.746      1.083    26.6130 0.0000e+00
      0.766      0.042     8.1071    101.283     34.924  36.011152     2.6491      7.069   153.4260 1.5684e+02     6.3195      0.750      1.088    26.6150 0.0000e+00
      0.773      0.056     8.1177    101.056     35.039  36.102302     2.6364      7.070   153.6781 1.5568e+02     6.2437      0.755      1.094    26.6147 0.0000e+00
      0.790      0.066     8.1282    100.653     35.114  36.149869     2.7081      7.070   153.8358 1.5235e+02     6.3936      0.770      1.116    26.6056 0.0000e+00
      0.816      0.071     8.1375    100.094     35.134  36.142093     2.8841      7.069   153.8693 1.4768e+02     6.6631      0.800      1.160    26.5845 0.0000e+00
      0.845      0.071     8.1394     99.352     35.149  36.135133     2.9834      7.069   153.9119 1.4411e+02     6.7349      0.832      1.207    26.5545 0.0000e+00
      0.867      0.064     8.1278     98.505     35.219  36.192587     2.9676      7.069   154.0065 1.4187e+02     6.5790      0.854      1.237    26.5142 0.0000e+00
      0.880      0.054     8.0994     97.693     35.360  36.329141     2.9338      7.069   154.1520 1.4004e+02     6.4525      0.865      1.254    26.4661 0.0000e+00
      0.888      0.044     8.0645     96.981     35.491  36.453726     2.9082      7.069   154.2949 1.3856e+02     6.5031      0.873      1.265    26.4248 0.0000e+00
      0.893      0.035     8.0064     96.446     35.545  36.493363     2.9075      7.069   154.2721 1.3660e+02     6.6776      0.875      1.269    26.3938 0.0000e+00
      0.899      0.030     7.9343     96.049     35.560  36.491113     2.9250      7.069   154.2202 1.3445e+02     6.7180      0.880      1.277    26.3719 0.0000e+00
      0.908      0.028     7.8720     95.667     35.574  36.489946     2.9460      7.069   154.2695 1.3288e+02     6.5815      0.890      1.291    26.3641 0.0000e+00
      0.917      0.027     7.8105     95.252     35.574  36.479228     2.9942      7.070   154.2663 1.3148e+02     6.5640      0.900      1.306    26.3538 0.0000e+00
      0.924      0.026     7.7726     94.783     35.589  36.488404     3.0418      7.070   154.2683 1.3032e+02     6.7116      0.906      1.315    26.3281 0.0000e+00
      0.930      0.025     7.7507     94.342     35.641  36.537435     3.0470      7.070   154.3788 1.2932e+02     6.7951      0.912      1.323    26.3008 0.0000e+00
      0.936      0.022     7.7217     94.067     35.672  36.564442     3.0156      7.070   154.5707 1.2858e+02     6.7200      0.918      1.333    26.2799 0.0000e+00
      0.941      0.020     7.6925     93.943     35.674  36.561122     2.9704      7.070   154.7815 1.2827e+02     6.5886      0.921      1.336    26.2651 0.0000e+00
      0.946      0.018     7.6540     93.855     35.676  36.560746     2.9661      7.071   154.8627 1.2794e+02     6.5735      0.926      1.344    26.2563 0.0000e+00
      0.951      0.018     7.6116     93.724     35.673  36.559886     2.9975      7.071   154.8634 1.2764e+02     6.6740      0.933      1.354    26.2513 0.0000e+00
      0.954      0.017     7.5923     93.554     35.657  36.550731     2.9919      7.071   154.9620 1.2722e+02     6.6756      0.935      1.357    26.2464 0.0000e+00
      0.958      0.017     7.5880     93.437     35.607  36.513513     2.9319      7.071   155.2802 1.2647e+02     6.5251      0.939      1.362    26.2359 0.0000e+00
      0.963      0.016     7.5836     93.428     35.568  36.490615     2.8712      7.071   155.7002 1.2571e+02     6.3916      0.944      1.369    26.2291 0.0000e+00
      0.968      0.016     7.5736     93.500     35.593  36.527704     2.8569      7.071   155.9957 1.2477e+02     6.3939      0.949      1.376    26.2331 0.0000e+00
      0.972      0.016     7.5536     93.627     35.643  36.581272     2.8836      7.070   156.1857 1.2387e+02     6.5189      0.954      1.384    26.2442 0.0000e+00
      0.975      0.015     7.5398     93.801     35.696  36.630689     2.9204      7.070   156.2770 1.2318e+02     6.6384      0.956      1.387    26.2654 0.0000e+00
      0.977      0.014     7.5371     94.001     35.752  36.681034     2.9270      7.070   156.3247 1.2263e+02     6.6431      0.957      1.388    26.2919 0.0000e+00
      0.982      0.013     7.5410     94.180     35.762  36.682361     2.8968      7.071   156.3326 1.2226e+02     6.5766      0.963      1.396    26.3120 0.0000e+00
      0.986      0.013     7.5506     94.232     35.736  36.646731     2.8966      7.071   156.3722 1.2173e+02     6.5847      0.967      1.403    26.3134 0.0000e+00
      0.990      0.013     7.5670     94.114     35.727  36.630935     2.9578      7.071   156.5453 1.2140e+02     6.6732      0.971      1.407    26.3031 0.0000e+00
      0.992      0.013     7.5853     93.929     35.721  36.618267     3.0043      7.070   156.6200 1.2138e+02     6.6560      0.974      1.411    26.2928 0.0000e+00
      0.994      0.014     7.6050     93.722     35.730  36.620457     3.0006      7.070   156.5865 1.2113e+02     6.5469      0.974      1.412    26.2802 0.0000e+00
      0.996      0.014     7.6145     93.449     35.773  36.657396     2.9971      7.070   156.6570 1.2049e+02     6.5159      0.976      1.415    26.2673 0.0000e+00
      1.001      0.014     7.5997     93.170     35.805  36.684169     3.0199      7.070   156.7836 1.1981e+02     6.6572      0.982      1.424    26.2586 0.0000e+00
      1.007      0.015     7.5846     92.980     35.815  36.690358     3.0512      7.070   156.9136 1.1898e+02     6.8894      0.987      1.432    26.2508 0.0000e+00
      1.012      0.016     7.5735     92.863     35.862  36.732223     3.0430      7.070   157.1091 1.1796e+02     6.9315      0.993      1.441    26.2391 0.0000e+00
      1.015      0.017     7.5501     92.792     35.945  36.809633     3.0040      7.070   157.2550 1.1748e+02     6.7914      0.996      1.444    26.2288 0.0000e+00
      1.016      0.018     7.5238     92.788     36.006  36.864877     2.9622      7.069   157.3019 1.1695e+02     6.6634      0.995      1.443    26.2219 0.0000e+00
      1.020      0.018     7.5114     92.810     36.036  36.892547     2.9284      7.069   157.3312 1.1586e+02     6.6489      0.999      1.449    26.2156 0.0000e+00
      1.027      0.018     7.5048     92.768     36.034  36.890372     2.9369      7.070   157.3505 1.1486e+02     6.7523      1.006      1.459    26.2082 0.0000e+00
      1.034      0.017     7.4977     92.615     35.984  36.838583     2.9395      7.070   157.4495 1.1409e+02     6.7514      1.015      1.472    26.1960 0.0000e+00
      1.039      0.016     7.5012     92.381     35.921  36.773983     2.9106      7.070   157.5814 1.1373e+02     6.6045      1.021      1.479    26.1838 0.0000e+00
      1.042      0.014     7.5066     92.204     35.891  36.743819     2.9211      7.071   157.6550 1.1379e+02     6.5476      1.023      1.482    26.1818 0.0000e+00
      1.043      0.012     7.5040     92.174     35.875  36.727680     2.9906      7.071   157.7378 1.1395e+02     6.6440      1.023      1.484    26.1820 0.0000e+00
      1.044      0.012     7.4924     92.254     35.851  36.705760     3.0522      7.070   157.8076 1.1393e+02     6.7108      1.023      1.484    26.1807 0.0000e+00
      1.046      0.013     7.4675     92.409     35.875  36.732593     3.0502      7.069   157.8115 1.1356e+02     6.6386      1.026      1.488    26.1817 0.0000e+00
      1.051      0.015     7.4493     92.618     35.940  36.798310     3.0238      7.069   157.7841 1.1336e+02     6.6589      1.030      1.494    26.1822 0.0000e+00
      1.056      0.017     7.4505     92.818     36.012  36.865826     3.0247      7.071   157.8210 1.1364e+02     6.8198      1.034      1.502    26.1827 0.0000e+00
      1.062      0.019     7.4571     92.983     36.070  36.914387     3.0450      7.072   157.9129 1.1398e+02     6.8758      1.040      1.509    26.1846 0.0000e+00
      1.067      0.019     7.4684     93.093     36.042  36.877827     3.0615      7.071   157.9483 1.1449e+02     6.8918      1.047      1.518    26.1885 0.0000e+00
      1.071      0.018     7.4886     93.070     35.969  36.804481     2.9824      7.070   157.9918 1.1505e+02     6.8425      1.051      1.524    26.1913 0.0000e+00
      1.076      0.017     7.5060     92.910     35.947  36.788990     2.8199      7.071   158.0948 1.1544e+02     6.7232      1.055      1.529    26.1824 0.0000e+00
      1.080      0.015     7.5213     92.737     35.965  36.817443     2.7539      7.071   158.1610 1.1620e+02     6.7482      1.060      1.538    26.1622 0.0000e+00
      1.084      0.013     7.5362     92.661     36.033  36.894709     2.7753      7.070   158.1895 1.1725e+02     6.8030      1.063      1.542    26.1486 0.0000e+00
      1.087      0.013     7.5345     92.652     36.157  37.025250     2.7793      7.070   158.2672 1.1826e+02     6.7365      1.065      1.545    26.1505 0.0000e+00
      1.090      0.014     7.5152     92.635     36.256  37.126760     2.7771      7.070   158.4127 1.1946e+02     6.6276      1.069      1.551    26.1648 0.0000e+00
      1.092      0.014     7.4938     92.565     36.303  37.170273     2.7988      7.070   158.4854 1.2074e+02     6.6128      1.071      1.553    26.1810 0.0000e+00
      1.095      0.014     7.4891     92.429     36.315  37.170635     2.8333      7.070   158.5442 1.2181e+02     6.6951      1.073      1.556    26.1914 0.0000e+00
      1.100      0.014     7.4898     92.244     36.290  37.131115     2.8030      7.070   158.6072 1.2302e+02     6.7001      1.079      1.565    26.1971 0.0000e+00
