Data/DataNotYetUploadedToEDI/Raw_CTD/RawDownloads/072224_fcr20_S7809003.cnv
* Sea-Bird SBE19plus  Data File:
* FileName = C:\R\Reservoirs\Data\DataNotYetUploadedToEDI\Raw_CTD\RawDownloads\072224_fcr50_S7809_0003.hex
* Software version 2.8.0.119
* Temperature SN = 7809
* Conductivity SN = 7809
* System UpLoad Time = Jul 23 2024 15:57:52
* <ApplicationData>
* <Seaterm232>
# nquan = 15
# nvalues = 1017                        
# units = specified
# name 0 = depFM: Depth [fresh water, m]
# name 1 = dz/dtM: Descent Rate [m/s]
# name 2 = sbeox0Mg/L: Oxygen, SBE 43 [mg/l]
# name 3 = sbeox0PS: Oxygen, SBE 43 [% saturation]
# name 4 = specc: Specific Conductance [uS/cm]
# name 5 = c0uS/cm: Conductivity [uS/cm]
# name 6 = flECO-AFL: Fluorescence, WET Labs ECO-AFL/FL [mg/m^3]
# name 7 = ph: pH
# name 8 = orp: Oxidation Reduction Potential [mV]
# name 9 = par/sat/log: PAR/Logarithmic, Satlantic
# name 10 = turbWETntu0: Turbidity, WET Labs ECO [NTU]
# name 11 = prdM: Pressure, Strain Gauge [db]
# name 12 = prdE: Pressure, Strain Gauge [psi]
# name 13 = tv290C: Temperature [ITS-90, deg C]
# name 14 = flag:  0.000e+00
# span 0 =     -0.649,      2.575       
# span 1 =     -0.120,      0.261       
# span 2 =    -0.2314,     7.7521       
# span 3 =     -2.504,     96.430       
# span 4 =      2.161,     72.215       
# span 5 =   2.193104,  65.329914       
# span 6 =    -0.1305,    29.1014       
# span 7 =      7.391,      7.725       
# span 8 =   182.2706,   402.2212       
# span 9 = 1.7531e+01, 7.6058e+02       
# span 10 =     1.2275,   100.5102      
# span 11 =     -0.637,      2.525      
# span 12 =     -0.924,      3.662      
# span 13 =    20.2018,    26.7009      
# span 14 = 0.0000e+00, 0.0000e+00      
# interval = seconds: 0.25
# start_time = Jul 22 2024 12:08:57 [Instrument's time stamp, header]
# bad_flag = -9.990e-29
*END*
[from data line 868]
      0.401      0.002     5.1767     65.020     44.484  45.957362     6.0383      7.707   224.1955 1.6971e+02     4.2853      0.393      0.571    26.6508 0.0000e+00
      0.400      0.002     5.1929     65.103     44.502  45.975727     6.0165      7.710   224.1396 1.6994e+02     4.2801      0.392      0.569    26.6506 0.0000e+00
      0.400      0.002     5.1978     65.138     44.496  45.969483     5.9870      7.712   224.0730 1.7009e+02     4.2758      0.392      0.569    26.6505 0.0000e+00
      0.401      0.003     5.2018     65.162     44.472  45.945350     5.9814      7.714   224.0775 1.7031e+02     4.3020      0.393      0.570    26.6503 0.0000e+00
      0.402      0.005     5.2141     65.152     44.465  45.937860     5.9902      7.715   224.1090 1.7044e+02     4.3240      0.393      0.570    26.6502 0.0000e+00
      0.403      0.006     5.2221     65.090     44.469  45.942392     5.9682      7.715   224.1085 1.7013e+02     4.3370      0.395      0.573    26.6501 0.0000e+00
      0.406      0.006     5.2212     65.025     44.464  45.936673     5.9237      7.715   224.1584 1.6936e+02     4.2884      0.399      0.578    26.6501 0.0000e+00
      0.408      0.005     5.2254     64.985     44.459  45.932188     5.9097      7.716   224.1094 1.6856e+02     4.2825      0.401      0.581    26.6501 0.0000e+00
      0.409      0.004     5.2259     64.954     44.478  45.951645     5.9232      7.717   223.9465 1.6811e+02     4.3683      0.401      0.582    26.6500 0.0000e+00
      0.410      0.003     5.2181     64.900     44.508  45.981488     5.9211      7.718   223.9098 1.6799e+02     4.4033      0.402      0.583    26.6496 0.0000e+00
      0.410      0.002     5.2125     64.826     44.502  45.975614     5.8930      7.719   223.9239 1.6799e+02     4.3292      0.402      0.584    26.6494 0.0000e+00
      0.410      0.002     5.2096     64.766     44.471  45.944102     5.8572      7.720   223.8585 1.6840e+02     4.2246      0.401      0.582    26.6493 0.0000e+00
      0.410      0.003     5.2085     64.695     44.446  45.917879     5.8468      7.720   223.8071 1.6896e+02     4.2312      0.401      0.582    26.6492 0.0000e+00
      0.411      0.003     5.2044     64.610     44.441  45.912476     5.8592      7.720   223.8192 1.6898e+02     4.2719      0.403      0.584    26.6492 0.0000e+00
      0.413      0.002     5.1965     64.616     44.470  45.942263     5.8984      7.721   223.8328 1.6919e+02     4.2734      0.405      0.587    26.6491 0.0000e+00
      0.414     -0.001     5.1921     64.652     44.487  45.960619     5.9551      7.723   223.8000 1.7014e+02     4.2829      0.406      0.589    26.6492 0.0000e+00
      0.414     -0.005     5.1905     64.644     44.471  45.943977     5.9623      7.723   223.7667 1.7071e+02     4.2505      0.406      0.589    26.6493 0.0000e+00
      0.413     -0.010     5.1743     64.701     44.459  45.931489     5.9521      7.724   223.7742 1.7059e+02     4.2578      0.406      0.589    26.6495 0.0000e+00
      0.410     -0.014     5.1791     64.826     44.463  45.936596     5.9221      7.724   223.8037 1.7151e+02     4.3364      0.404      0.587    26.6497 0.0000e+00
      0.404     -0.017     5.1887     64.964     44.468  45.942250     5.8329      7.723   223.8652 1.7372e+02     4.3811      0.398      0.577    26.6499 0.0000e+00
      0.396     -0.019     5.1772     65.069     44.462  45.936370     5.7648      7.722   224.0019 1.7605e+02     4.3541      0.387      0.561    26.6501 0.0000e+00
      0.390     -0.019     5.1865     65.092     44.455  45.928971     5.7314      7.720   224.1663 1.7779e+02     4.2826      0.381      0.552    26.6502 0.0000e+00
      0.387     -0.018     5.1967     65.076     44.443  45.916276     5.6453      7.718   224.2179 1.7925e+02     4.2689      0.381      0.552    26.6505 0.0000e+00
      0.385     -0.013     5.2087     65.083     44.436  45.909834     5.5059      7.717   224.1959 1.8175e+02     4.3248      0.378      0.549    26.6507 0.0000e+00
      0.380     -0.006     5.2203     65.091     44.441  45.914565     5.4193      7.717   224.2437 1.8498e+02     4.3439      0.372      0.539    26.6511 0.0000e+00
      0.375      0.002     5.2196     65.063     44.436  45.910000     5.3980      7.716   224.4522 1.8696e+02     4.2952      0.367      0.530    26.6513 0.0000e+00
      0.375      0.011     5.2158     65.029     44.444  45.918107     5.4223      7.714   224.7380 1.8663e+02     4.2483      0.366      0.530    26.6512 0.0000e+00
      0.380      0.020     5.2172     65.008     44.475  45.949117     5.4879      7.712   224.9459 1.8503e+02     4.2553      0.372      0.539    26.6518 0.0000e+00
      0.390      0.030     5.2209     65.016     44.493  45.967534     5.5426      7.708   225.2444 1.8266e+02     4.3112      0.381      0.553    26.6523 0.0000e+00
      0.401      0.039     5.2154     65.072     44.476  45.950335     5.5844      7.703   225.6799 1.7925e+02     4.3777      0.393      0.570    26.6524 0.0000e+00
      0.412      0.044     5.2132     65.106     44.458  45.931614     5.6350      7.698   225.9967 1.7525e+02     4.4105      0.405      0.588    26.6520 0.0000e+00
      0.422      0.048     5.2116     65.057     44.458  45.931614     5.6875      7.695   226.1497 1.7000e+02     4.4348      0.412      0.598    26.6512 0.0000e+00
      0.435      0.051     5.2097     64.977     44.476  45.950345     5.7115      7.690   226.4969 1.6416e+02     4.4662      0.426      0.617    26.6508 0.0000e+00
      0.450      0.055     5.2178     64.939     44.493  45.967645     5.7176      7.682   227.1826 1.6031e+02     4.5165      0.444      0.642    26.6506 0.0000e+00
      0.464      0.061     5.2232     64.940     44.477  45.950336     5.7207      7.673   227.7291 1.5832e+02     4.5303      0.455      0.660    26.6506 0.0000e+00
      0.478      0.068     5.2167     64.953     44.459  45.931501     5.6574      7.666   228.0296 1.5667e+02     4.3946      0.468      0.677    26.6509 0.0000e+00
      0.494      0.075     5.2073     64.933     44.459  45.930356     5.5427      7.661   228.3200 1.5532e+02     4.2426      0.483      0.700    26.6510 0.0000e+00
      0.514      0.083     5.2054     64.851     44.465  45.936496     5.4828      7.656   228.5733 1.5407e+02     4.1956      0.503      0.729    26.6505 0.0000e+00
      0.538      0.091     5.2061     64.775     44.472  45.942253     5.4825      7.652   228.7692 1.5224e+02     4.2353      0.527      0.764    26.6498 0.0000e+00
      0.564      0.096     5.2080     64.755     44.467  45.936486     5.4888      7.650   228.8823 1.4997e+02     4.3809      0.553      0.803    26.6491 0.0000e+00
      0.590      0.098     5.2092     64.747     44.462  45.930244     5.4753      7.647   228.9934 1.4725e+02     4.5209      0.579      0.839    26.6485 0.0000e+00
      0.618      0.097     5.1994     64.741     44.463  45.930254     5.4524      7.645   229.1662 1.4411e+02     4.5280      0.606      0.880    26.6483 0.0000e+00
      0.645      0.095     5.1901     64.694     44.470  45.936614     5.4451      7.643   229.3373 1.4111e+02     4.4667      0.634      0.921    26.6479 0.0000e+00
      0.667      0.093     5.1929     64.546     44.477  45.943644     5.4710      7.640   229.5131 1.3806e+02     4.4974      0.655      0.951    26.6465 0.0000e+00
      0.687      0.093     5.1909     64.394     44.486  45.951774     5.5325      7.639   229.5710 1.3461e+02     4.5919      0.674      0.978    26.6449 0.0000e+00
      0.708      0.092     5.1911     64.319     44.506  45.971444     5.5716      7.639   229.4355 1.3106e+02     4.5497      0.695      1.007    26.6433 0.0000e+00
      0.732      0.092     5.1930     64.251     44.529  45.991017     5.5780      7.641   229.2518 1.2756e+02     4.4655      0.716      1.039    26.6421 0.0000e+00
      0.759      0.093     5.1753     64.147     44.541  45.997987     5.5772      7.643   229.1561 1.2427e+02     4.4630      0.745      1.081    26.6418 0.0000e+00
      0.785      0.095     5.1594     64.020     44.539  45.992227     5.5699      7.645   229.1396 1.2177e+02     4.4842      0.772      1.120    26.6413 0.0000e+00
      0.807      0.096     5.1583     63.830     44.535  45.984839     5.5818      7.646   229.3100 1.1995e+02     4.5515      0.792      1.148    26.6401 0.0000e+00
      0.830      0.097     5.1543     63.565     44.526  45.972135     5.5878      7.645   229.6675 1.1800e+02     4.5587      0.812      1.177    26.6360 0.0000e+00
      0.855      0.097     5.1441     63.249     44.522  45.965578     5.5504      7.643   229.8482 1.1591e+02     4.4688      0.838      1.215    26.6294 0.0000e+00
      0.881      0.097     5.1377     62.926     44.529  45.969037     5.5037      7.643   229.7744 1.1414e+02     4.4223      0.865      1.254    26.6241 0.0000e+00
      0.906      0.097     5.1224     62.661     44.514  45.950470     5.4901      7.643   229.6350 1.1224e+02     4.4742      0.887      1.287    26.6211 0.0000e+00
      0.932      0.096     5.1005     62.448     44.499  45.931521     5.5110      7.644   229.5398 1.1009e+02     4.5499      0.914      1.326    26.6183 0.0000e+00
      0.957      0.095     5.0749     62.242     44.502  45.930366     5.5233      7.645   229.4831 1.0844e+02     4.5516      0.942      1.366    26.6153 0.0000e+00
      0.979      0.094     5.0458     62.040     44.513  45.936495     5.5141      7.647   229.3800 1.0701e+02     4.4941      0.960      1.393    26.6117 0.0000e+00
      1.000      0.094     5.0259     61.861     44.525  45.942139     5.5080      7.647   229.3258 1.0492e+02     4.4359      0.979      1.420    26.6071 0.0000e+00
      1.025      0.093     5.0115     61.720     44.525  45.935115     5.5071      7.647   229.4307 1.0255e+02     4.4624      1.005      1.458    26.6031 0.0000e+00
      1.050      0.092     4.9947     61.596     44.513  45.915034     5.5203      7.647   229.6154 1.0035e+02     4.5423      1.030      1.494    26.5987 0.0000e+00
      1.075      0.090     4.9782     61.431     44.495  45.889779     5.5683      7.648   229.7526 9.8270e+01     4.5814      1.055      1.531    26.5936 0.0000e+00
      1.099      0.086     4.9642     61.211     44.496  45.883663     5.6370      7.649   229.7130 9.6477e+01     4.6276      1.079      1.565    26.5865 0.0000e+00
      1.120      0.081     4.9537     60.982     44.522  45.904550     5.6686      7.650   229.5669 9.4850e+01     4.6910      1.099      1.593    26.5772 0.0000e+00
      1.140      0.078     4.9473     60.811     44.576  45.951871     5.6678      7.650   229.5338 9.3382e+01     4.7338      1.118      1.623    26.5688 0.0000e+00
      1.158      0.077     4.9348     60.703     44.641  46.011449     5.6686      7.650   229.5710 9.2299e+01     4.7684      1.136      1.648    26.5612 0.0000e+00
      1.174      0.077     4.9167     60.581     44.691  46.053563     5.6618      7.649   229.5872 9.1164e+01     4.8022      1.151      1.669    26.5536 0.0000e+00
      1.192      0.078     4.8962     60.366     44.728  46.080166     5.6519      7.650   229.7295 8.9679e+01     4.8017      1.167      1.693    26.5460 0.0000e+00
      1.215      0.079     4.8827     60.000     44.739  46.079165     5.6324      7.650   230.0862 8.8138e+01     4.7621      1.190      1.727    26.5375 0.0000e+00
      1.238      0.082     4.8780     59.420     44.718  46.041445     5.6174      7.646   230.4589 8.6780e+01     4.8015      1.217      1.764    26.5288 0.0000e+00
      1.258      0.085     4.8715     58.641     44.703  46.004945     5.6284      7.641   230.7081 8.5646e+01     4.9364      1.234      1.790    26.5191 0.0000e+00
      1.278      0.089     4.8560     57.778     44.746  46.018695     5.6324      7.636   230.8622 8.4515e+01     5.0263      1.252      1.816    26.5067 0.0000e+00
      1.299      0.091     4.8305     56.956     44.841  46.080695     5.6316      7.634   230.8596 8.2954e+01     5.0693      1.273      1.845    26.4920 0.0000e+00
      1.324      0.092     4.7859     56.285     44.914  46.119715     5.6772      7.635   230.7617 8.1024e+01     5.3189      1.297      1.881    26.4745 0.0000e+00
      1.351      0.089     4.7198     55.767     44.933  46.109540     5.7521      7.637   230.6260 7.9283e+01     5.8249      1.326      1.922    26.4527 0.0000e+00
      1.377      0.081     4.6512     55.346     44.921  46.084578     5.7961      7.638   230.5094 7.7755e+01     6.1657      1.350      1.958    26.4197 0.0000e+00
      1.400      0.070     4.5835     55.023     44.898  46.071808     5.8182      7.640   230.4710 7.6387e+01     6.2280      1.376      1.996    26.3756 0.0000e+00
      1.418      0.058     4.5335     54.810     44.893  46.082128     5.8767      7.643   230.3339 7.5597e+01     6.3046      1.395      2.023    26.3341 0.0000e+00
      1.428      0.047     4.4983     54.734     44.888  46.082419     5.9625      7.646   230.1415 7.5333e+01     6.4776      1.403      2.034    26.2962 0.0000e+00
      1.433      0.040     4.4638     54.782     44.882  46.075339     5.9991      7.649   230.1234 7.5129e+01     6.6119      1.405      2.038    26.2761 0.0000e+00
      1.437      0.037     4.4370     54.885     44.934  46.123484     6.0035      7.650   230.2869 7.4646e+01     6.6641      1.407      2.042    26.2997 0.0000e+00
      1.446      0.041     4.4155     54.954     45.100  46.283632     6.0068      7.649   230.4846 7.3875e+01     6.6643      1.417      2.055    26.3252 0.0000e+00
      1.457      0.048     4.4105     54.953     45.449  46.615060     5.8975      7.648   230.7063 7.3020e+01     6.6492      1.429      2.073    26.3251 0.0000e+00
      1.470      0.058     4.4161     54.900     45.839  46.956582     5.6894      7.648   230.9893 7.1977e+01     6.6519      1.439      2.088    26.3233 0.0000e+00
      1.486      0.067     4.4281     54.672     46.077  47.111741     5.5710      7.647   231.2389 7.0719e+01     6.6626      1.456      2.112    26.3199 0.0000e+00
      1.506      0.075     4.4358     53.687     46.280  47.221274     5.5647      7.644   231.4869 6.9506e+01     6.6763      1.478      2.142    26.3088 0.0000e+00
      1.527      0.081     4.4350     50.987     46.475  47.328506     5.6881      7.643   231.7514 6.8382e+01     6.8522      1.497      2.173    26.2913 0.0000e+00
      1.550      0.084     4.4372     46.175     46.482  47.265411     5.9142      7.643   231.8555 6.7193e+01     7.1833      1.519      2.204    26.2272 0.0000e+00
      1.573      0.084     4.4412     39.976     46.242  46.966172     6.0429      7.642   231.7991 6.6070e+01     7.2982      1.544      2.239    26.1174 0.0000e+00
      1.596      0.082     4.4076     33.841     45.790  46.440168     6.1624      7.642   231.7572 6.5105e+01     7.2505      1.565      2.270    26.0101 0.0000e+00
      1.617      0.077     4.2122     29.184     45.366  45.920570     7.4755      7.642   231.7797 6.4137e+01     6.9827      1.585      2.299    25.9024 0.0000e+00
      1.637      0.073     3.8013     26.852     45.237  45.698680     9.9180      7.642   231.8125 6.3267e+01     6.4855      1.607      2.330    25.8280 0.0000e+00
      1.654      0.069     3.2540     27.194     45.277  45.661619    11.2903      7.642   231.8960 6.2554e+01     6.2597      1.624      2.353    25.7838 0.0000e+00
      1.668      0.066     2.7117     29.911     45.285  45.599304    11.6086      7.643   232.1015 6.1781e+01     6.1997      1.635      2.371    25.7153 0.0000e+00
      1.683      0.066     2.3165     33.468     45.207  45.452976    13.7501      7.643   232.3179 6.0923e+01     6.2390      1.650      2.393    25.6055 0.0000e+00
      1.700      0.066     2.1204     35.675     45.050  45.225344    17.6905      7.643   232.5335 6.0111e+01     6.4950      1.668      2.419    25.4932 0.0000e+00
