Data/DataNotYetUploadedToEDI/Raw_CTD/RawDownloads/072224_fcr50_S7809001.cnv
* Sea-Bird SBE19plus  Data File:
* FileName = C:\R\Reservoirs\Data\DataNotYetUploadedToEDI\Raw_CTD\RawDownloads\072224_fcr50_S7809_0001.hex
* Software version 2.8.0.119
* Temperature SN = 7809
* Conductivity SN = 7809
* System UpLoad Time = Jul 23 2024 15:56:49
* <ApplicationData>
* <Seaterm232>
# nquan = 15
# nvalues = 1834                        
# units = specified
# name 0 = depFM: Depth [fresh water, m]
# name 1 = dz/dtM: Descent Rate [m/s]
# name 2 = sbeox0Mg/L: Oxygen, SBE 43 [mg/l]
# name 3 = sbeox0PS: Oxygen, SBE 43 [% saturation]
# name 4 = specc: Specific Conductance [uS/cm]
# name 5 = c0uS/cm: Conductivity [uS/cm]
# name 6 = flECO-AFL: Fluorescence, WET Labs ECO-AFL/FL [mg/m^3]
# name 7 = ph: pH
# name 8 = orp: Oxidation Reduction Potential [mV]
# name 9 = par/sat/log: PAR/Logarithmic, Satlantic
# name 10 = turbWETntu0: Turbidity, WET Labs ECO [NTU]
# name 11 = prdM: Pressure, Strain Gauge [db]
# name 12 = prdE: Pressure, Strain Gauge [psi]
# name 13 = tv290C: Temperature [ITS-90, deg C]
# name 14 = flag:  0.000e+00
# span 0 =     -0.645,      9.511       
# span 1 =     -0.299,      0.194       
# span 2 =     0.1094,    10.1828       
# span 3 =      1.252,    100.550       
# span 4 =      0.344,    383.821       
# span 5 =   0.327382, 285.660949       
# span 6 =    -0.0855,    37.9710       
# span 7 =      5.436,      7.379       
# span 8 =    78.7093,   398.2088       
# span 9 = 1.2362e-01, 2.0358e+02       
# span 10 =    -0.3105,   139.7632      
# span 11 =     -0.633,      9.328      
# span 12 =     -0.919,     13.529      
# span 13 =    12.0892,    26.5475      
# span 14 = 0.0000e+00, 0.0000e+00      
# interval = seconds: 0.25
# start_time = Jul 22 2024 10:48:55 [Instrument's time stamp, header]
# bad_flag = -9.990e-29
*END*
[from data line 1446]
      7.836     -0.126     0.3053      2.807    363.642 270.282052     1.1278      7.368   274.9217 1.2372e-01    77.4816      7.685     11.146    12.1586 0.0000e+00
      7.801     -0.126     0.3015      2.803    364.280 270.759315     1.0921      7.369   275.1780 1.2376e-01    72.8719      7.649     11.094    12.1590 0.0000e+00
      7.766     -0.123     0.3030      2.808    364.670 271.052528     1.0842      7.370   275.3991 1.2374e-01    70.3972      7.615     11.044    12.1595 0.0000e+00
      7.733     -0.120     0.3049      2.793    365.032 271.323970     1.0913      7.370   275.6158 1.2370e-01    70.0029      7.583     10.998    12.1599 0.0000e+00
      7.706     -0.120     0.2994      2.753    365.403 271.602138     1.0866      7.370   275.8193 1.2368e-01    67.6261      7.553     10.956    12.1602 0.0000e+00
      7.683     -0.119     0.3001      2.694    365.731 271.848281     1.0855      7.370   275.9664 1.2372e-01    63.2823      7.537     10.931    12.1607 0.0000e+00
      7.656     -0.119     0.3028      2.633    366.090 272.117599     1.0861      7.370   276.1902 1.2379e-01    60.8313      7.514     10.897    12.1611 0.0000e+00
      7.619     -0.119     0.2999      2.582    366.490 272.419188     1.0855      7.371   276.3744 1.2378e-01    60.2628      7.471     10.835    12.1615 0.0000e+00
      7.582     -0.120     0.2967      2.537    366.818 272.670341     1.0861      7.372   276.4727 1.2378e-01    57.3648      7.432     10.779    12.1618 0.0000e+00
      7.552     -0.122     0.2885      2.494    367.038 272.843346     1.0770      7.372   276.6909 1.2378e-01    52.1632      7.406     10.742    12.1622 0.0000e+00
      7.524     -0.124     0.2823      2.454    367.199 272.970356     1.0670      7.372   276.8613 1.2375e-01    49.3273      7.378     10.701    12.1624 0.0000e+00
      7.498     -0.123     0.2765      2.428    367.300 273.050545     1.0736      7.372   276.8988 1.2375e-01    48.8999      7.352     10.664    12.1628 0.0000e+00
      7.468     -0.118     0.2723      2.406    367.371 273.106770     1.0819      7.372   277.0582 1.2377e-01    48.4987      7.329     10.629    12.1641 0.0000e+00
      7.431     -0.115     0.2676      2.364    367.408 273.136620     1.0754      7.372   277.3250 1.2379e-01    48.1999      7.289     10.571    12.1655 0.0000e+00
      7.393     -0.113     0.2623      2.300    367.344 273.090505     1.0780      7.373   277.5437 1.2381e-01    47.9863      7.242     10.505    12.1665 0.0000e+00
      7.368     -0.109     0.2601      2.248    367.219 272.998560     1.0805      7.374   277.7237 1.2383e-01    46.4281      7.222     10.473    12.1671 0.0000e+00
      7.352     -0.098     0.2586      2.211    367.118 272.923655     1.0645      7.375   277.9529 1.2386e-01    43.5705      7.215     10.464    12.1677 0.0000e+00
      7.327     -0.080     0.2553      2.172    367.074 272.890961     1.0506      7.375   278.0771 1.2385e-01    42.0267      7.189     10.428    12.1680 0.0000e+00
      7.294     -0.062     0.2453      2.138    367.031 272.860043     1.0373      7.376   277.9353 1.2375e-01    42.0064      7.148     10.368    12.1680 0.0000e+00
      7.273     -0.047     0.2404      2.122    366.957 272.806598     1.0619      7.378   277.8726 1.2367e-01    43.7693      7.123     10.332    12.1682 0.0000e+00
      7.272     -0.031     0.2377      2.128    366.890 272.758309     1.1395      7.379   278.0939 1.2371e-01    47.1505      7.129     10.341    12.1682 0.0000e+00
      7.276     -0.015     0.2324      2.122    366.843 272.725543     1.1846      7.379   278.2883 1.2376e-01    49.0365      7.139     10.353    12.1682 0.0000e+00
      7.277     -0.002     0.2287      2.070    366.847 272.731401     1.1921      7.379   278.3299 1.2375e-01    49.4235      7.135     10.348    12.1683 0.0000e+00
      7.277      0.003     0.2263      2.012    366.888 272.764945     1.2126      7.379   278.4248 1.2378e-01    52.1379      7.136     10.350    12.1685 0.0000e+00
      7.279      0.003     0.2281      1.990    366.944 272.810156     1.2256      7.379   278.6621 1.2384e-01    57.1244      7.139     10.354    12.1687 0.0000e+00
      7.279      0.001     0.2307      1.986    367.050 272.892884     1.2157      7.378   278.8757 1.2379e-01    59.7735      7.138     10.352    12.1690 0.0000e+00
      7.279     -0.003     0.2222      1.976    367.181 272.994884     1.2004      7.378   278.9425 1.2373e-01    59.9153      7.138     10.353    12.1694 0.0000e+00
      7.279     -0.013     0.2132      1.955    367.290 273.080534     1.1911      7.378   278.9531 1.2375e-01    59.8638      7.139     10.354    12.1698 0.0000e+00
      7.279     -0.030     0.2132      1.931    367.388 273.158151     1.1858      7.378   278.9177 1.2375e-01    59.8336      7.138     10.353    12.1704 0.0000e+00
      7.276     -0.052     0.2134      1.917    367.476 273.227213     1.1867      7.377   278.7733 1.2374e-01    59.8927      7.138     10.353    12.1709 0.0000e+00
      7.265     -0.076     0.2127      1.910    367.532 273.273629     1.2020      7.376   278.6693 1.2372e-01    59.9971      7.130     10.342    12.1715 0.0000e+00
      7.238     -0.098     0.2097      1.898    367.606 273.334200     1.1793      7.374   278.7791 1.2365e-01    59.8661      7.103     10.301    12.1722 0.0000e+00
      7.200     -0.117     0.2065      1.886    367.750 273.446027     1.0949      7.373   278.9826 1.2363e-01    59.5044      7.060     10.240    12.1728 0.0000e+00
      7.162     -0.129     0.2052      1.887    367.949 273.598600     1.0307      7.372   278.9784 1.2367e-01    59.2789      7.022     10.186    12.1734 0.0000e+00
      7.126     -0.134     0.2053      1.887    368.169 273.766665     1.0187      7.371   278.7277 1.2370e-01    59.2566      6.988     10.137    12.1740 0.0000e+00
      7.091     -0.131     0.2037      1.876    368.393 273.937381     1.0495      7.370   278.3603 1.2378e-01    59.8839      6.953     10.085    12.1747 0.0000e+00
      7.057     -0.129     0.2014      1.880    368.635 274.122003     1.0956      7.369   277.9781 1.2383e-01    61.1590      6.920     10.036    12.1753 0.0000e+00
      7.026     -0.130     0.2022      1.902    368.908 274.329788     1.1105      7.369   277.8061 1.2382e-01    61.8986      6.888      9.991    12.1759 0.0000e+00
      7.000     -0.131     0.2035      1.921    369.163 274.523771     1.0956      7.368   277.9161 1.2378e-01    61.8580      6.865      9.957    12.1765 0.0000e+00
      6.971     -0.131     0.2000      1.925    369.353 274.669890     1.0736      7.367   278.2759 1.2375e-01    60.7704      6.841      9.923    12.1772 0.0000e+00
      6.931     -0.132     0.2005      1.912    369.538 274.812537     1.0701      7.367   278.7142 1.2382e-01    58.8254      6.799      9.860    12.1777 0.0000e+00
      6.888     -0.132     0.2047      1.903    369.736 274.964522     1.0865      7.367   278.9132 1.2388e-01    57.7789      6.750      9.788    12.1784 0.0000e+00
      6.855     -0.132     0.2063      1.903    369.906 275.095144     1.1053      7.366   278.8761 1.2385e-01    57.6132      6.719      9.745    12.1791 0.0000e+00
      6.827     -0.127     0.2076      1.893    370.090 275.236277     1.0983      7.365   278.8680 1.2379e-01    56.2751      6.699      9.716    12.1797 0.0000e+00
      6.797     -0.115     0.2043      1.869    370.286 275.386942     1.0597      7.364   278.9009 1.2372e-01    53.7949      6.665      9.668    12.1804 0.0000e+00
      6.764     -0.105     0.2036      1.834    370.438 275.504403     1.0287      7.364   278.9301 1.2371e-01    52.4252      6.631      9.617    12.1810 0.0000e+00
      6.734     -0.108     0.2045      1.807    370.599 275.629264     1.0240      7.364   279.2206 1.2376e-01    52.3874      6.603      9.577    12.1816 0.0000e+00
      6.711     -0.126     0.2034      1.798    370.829 275.805208     1.0193      7.365   279.7465 1.2385e-01    54.1920      6.575      9.536    12.1822 0.0000e+00
      6.698     -0.150     0.2008      1.793    371.034 275.962487     1.0055      7.365   280.2123 1.2386e-01    57.6425      6.570      9.529    12.1828 0.0000e+00
      6.675     -0.169     0.1964      1.785    371.152 276.054270     0.9984      7.364   280.4638 1.2378e-01    59.6062      6.564      9.522    12.1835 0.0000e+00
      6.615     -0.180     0.1927      1.786    371.267 276.144516     0.9834      7.362   280.4638 1.2373e-01    60.2403      6.498      9.425    12.1840 0.0000e+00
      6.532     -0.186     0.1925      1.789    371.448 276.283211     0.9486      7.361   280.2137 1.2376e-01    65.1727      6.396      9.277    12.1847 0.0000e+00
      6.465     -0.186     0.1930      1.783    371.662 276.447140     0.9108      7.361   279.9342 1.2382e-01    74.2207      6.327      9.177    12.1855 0.0000e+00
      6.430     -0.176     0.1904      1.779    371.842 276.585674     0.9003      7.361   280.0097 1.2386e-01    79.1520      6.301      9.138    12.1860 0.0000e+00
      6.409     -0.151     0.1912      1.777    371.954 276.674126     0.9216      7.362   280.4385 1.2383e-01    79.3984      6.291      9.125    12.1864 0.0000e+00
      6.378     -0.125     0.1928      1.791    372.044 276.746151     0.9681      7.362   280.9032 1.2374e-01    76.7211      6.261      9.081    12.1870 0.0000e+00
      6.338     -0.109     0.1905      1.832    372.130 276.814475     1.0222      7.362   281.2407 1.2368e-01    71.6496      6.211      9.009    12.1877 0.0000e+00
      6.303     -0.109     0.1910      1.857    372.183 276.858180     1.0357      7.362   281.4208 1.2363e-01    68.8396      6.175      8.956    12.1883 0.0000e+00
      6.283     -0.116     0.1901      1.843    372.219 276.889362     1.0219      7.362   281.3608 1.2365e-01    68.5360      6.160      8.933    12.1891 0.0000e+00
      6.270     -0.117     0.1899      1.832    372.274 276.934697     1.0138      7.362   281.2036 1.2378e-01    68.7988      6.152      8.923    12.1897 0.0000e+00
      6.247     -0.111     0.1973      1.837    372.384 277.021082     1.0212      7.360   281.1549 1.2382e-01    69.4213      6.136      8.900    12.1902 0.0000e+00
      6.203     -0.107     0.2018      1.832    372.570 277.163370     1.0445      7.358   281.2875 1.2377e-01    69.7777      6.088      8.830    12.1910 0.0000e+00
      6.153     -0.110     0.1968      1.817    372.844 277.370958     1.0536      7.358   281.6895 1.2379e-01    69.8285      6.020      8.732    12.1915 0.0000e+00
      6.128     -0.114     0.1950      1.802    373.152 277.604795     1.0658      7.358   282.3153 1.2378e-01    70.0350      5.997      8.698    12.1921 0.0000e+00
      6.126     -0.112     0.1982      1.795    373.414 277.807609     1.1093      7.357   282.8313 1.2368e-01    70.4296      6.018      8.728    12.1926 0.0000e+00
      6.108     -0.107     0.1963      1.798    373.693 278.025341     1.1456      7.357   282.8515 1.2362e-01    70.6375      6.005      8.709    12.1932 0.0000e+00
      6.064     -0.112     0.1950      1.798    374.062 278.311110     1.1634      7.356   282.5594 1.2364e-01    70.7725      5.942      8.617    12.1936 0.0000e+00
      6.025     -0.125     0.1928      1.803    374.479 278.630213     1.1501      7.356   282.3109 1.2369e-01    71.9599      5.896      8.553    12.1944 0.0000e+00
      6.003     -0.130     0.1916      1.828    374.875 278.929902     1.0930      7.354   282.1701 1.2378e-01    74.0620      5.893      8.547    12.1953 0.0000e+00
      5.973     -0.116     0.1933      1.839    375.198 279.173507     1.0470      7.351   282.2339 1.2384e-01    75.1467      5.869      8.511    12.1966 0.0000e+00
      5.924     -0.094     0.1930      1.830    375.487 279.392385     1.0265      7.349   282.5667 1.2382e-01    74.7929      5.804      8.419    12.1985 0.0000e+00
      5.886     -0.079     0.1915      1.839    375.826 279.649930     1.0287      7.349   283.0092 1.2381e-01    70.5362      5.757      8.350    12.1995 0.0000e+00
      5.880     -0.076     0.1967      1.852    376.257 279.975756     1.0660      7.350   283.1965 1.2381e-01    62.8602      5.759      8.353    12.2001 0.0000e+00
      5.890     -0.083     0.1990      1.860    376.793 280.378028     1.1024      7.352   283.0255 1.2381e-01    58.7388      5.783      8.387    12.2005 0.0000e+00
      5.889     -0.097     0.1939      1.879    377.341 280.789220     1.1026      7.352   282.6614 1.2379e-01    58.4856      5.785      8.390    12.2010 0.0000e+00
      5.862     -0.119     0.1975      1.888    377.833 281.158629     1.0595      7.352   282.2355 1.2374e-01    59.2181      5.757      8.351    12.2019 0.0000e+00
      5.811     -0.142     0.1995      1.881    378.295 281.505139     0.9985      7.351   282.0070 1.2375e-01    60.5233      5.703      8.270    12.2025 0.0000e+00
      5.751     -0.156     0.1978      1.878    378.733 281.832069     0.9721      7.348   282.1354 1.2380e-01    61.1845      5.636      8.175    12.2029 0.0000e+00
      5.696     -0.155     0.2023      1.882    379.169 282.157356     0.9819      7.347   282.5829 1.2378e-01    60.9954      5.580      8.094    12.2033 0.0000e+00
      5.657     -0.143     0.2033      1.886    379.607 282.483939     1.0006      7.347   283.1152 1.2374e-01    57.5875      5.541      8.035    12.2039 0.0000e+00
      5.634     -0.128     0.2011      1.891    380.067 282.826507     1.0223      7.347   283.4089 1.2373e-01    51.1675      5.522      8.009    12.2042 0.0000e+00
      5.617     -0.118     0.2011      1.888    380.588 283.216558     1.0286      7.347   283.3813 1.2371e-01    47.5922      5.513      7.996    12.2043 0.0000e+00
      5.593     -0.118     0.2018      1.868    381.104 283.603411     1.0190      7.347   283.1260 1.2372e-01    47.2204      5.488      7.960    12.2045 0.0000e+00
      5.561     -0.124     0.2021      1.849    381.510 283.907243     1.0145      7.346   282.8173 1.2373e-01    47.5264      5.453      7.909    12.2044 0.0000e+00
      5.526     -0.130     0.2028      1.837    381.807 284.128397     1.0231      7.345   282.6601 1.2375e-01    48.2504      5.422      7.864    12.2045 0.0000e+00
      5.485     -0.133     0.2036      1.828    382.106 284.350521     1.0406      7.345   282.7737 1.2378e-01    48.7329      5.381      7.804    12.2048 0.0000e+00
      5.442     -0.129     0.1999      1.833    382.440 284.601823     1.0502      7.345   283.1585 1.2383e-01    48.8854      5.332      7.732    12.2053 0.0000e+00
      5.409     -0.123     0.1977      1.839    382.773 284.854609     1.0566      7.344   283.6990 1.2387e-01    49.4112      5.301      7.688    12.2056 0.0000e+00
      5.384     -0.118     0.1970      1.830    383.089 285.094643     1.0684      7.343   284.0613 1.2383e-01    50.3421      5.280      7.659    12.2053 0.0000e+00
      5.361     -0.115     0.1950      1.832    383.384 285.320202     1.0764      7.343   283.9250 1.2373e-01    50.7815      5.257      7.625    12.2052 0.0000e+00
      5.336     -0.115     0.1959      1.849    383.651 285.526402     1.0863      7.343   283.5140 1.2368e-01    50.8300      5.235      7.591    12.2056 0.0000e+00
      5.307     -0.115     0.1985      1.840    383.821 285.660834     1.0893      7.342   283.2216 1.2372e-01    51.4063      5.208      7.553    12.2063 0.0000e+00
      5.272     -0.113     0.1956      1.805    383.811 285.660949     1.0700      7.341   283.0563 1.2376e-01    52.3528      5.170      7.498    12.2069 0.0000e+00
      5.235     -0.112     0.1945      1.774    383.448 285.399340     1.0442      7.340   283.2360 1.2377e-01    52.7770      5.131      7.442    12.2076 0.0000e+00
      5.205     -0.114     0.2000      1.757    382.300 284.553207     1.0268      7.340   283.9317 1.2372e-01    52.6071      5.098      7.396    12.2087 0.0000e+00
      5.185     -0.115     0.1984      1.748    380.129 282.945376     1.0092      7.339   284.5857 1.2371e-01    51.2886      5.081      7.370    12.2098 0.0000e+00
