Data/DataNotYetUploadedToEDI/Raw_CTD/RawDownloads/072224_fcr30_S7809004.cnv
* Sea-Bird SBE19plus  Data File:
* FileName = C:\R\Reservoirs\Data\DataNotYetUploadedToEDI\Raw_CTD\RawDownloads\072224_fcr50_S7809_0004.hex
* Software version 2.8.0.119
* Temperature SN = 7809
* Conductivity SN = 7809
* System UpLoad Time = Jul 23 2024 15:58:30
* <ApplicationData>
* <Seaterm232>
# nquan = 15
# nvalues = 1196                        
# units = specified
# name 0 = depFM: Depth [fresh water, m]
# name 1 = dz/dtM: Descent Rate [m/s]
# name 2 = sbeox0Mg/L: Oxygen, SBE 43 [mg/l]
# name 3 = sbeox0PS: Oxygen, SBE 43 [% saturation]
# name 4 = specc: Specific Conductance [uS/cm]
# name 5 = c0uS/cm: Conductivity [uS/cm]
# name 6 = flECO-AFL: Fluorescence, WET Labs ECO-AFL/FL [mg/m^3]
# name 7 = ph: pH
# name 8 = orp: Oxidation Reduction Potential [mV]
# name 9 = par/sat/log: PAR/Logarithmic, Satlantic
# name 10 = turbWETntu0: Turbidity, WET Labs ECO [NTU]
# name 11 = prdM: Pressure, Strain Gauge [db]
# name 12 = prdE: Pressure, Strain Gauge [psi]
# name 13 = tv290C: Temperature [ITS-90, deg C]
# name 14 = flag:  0.000e+00
# span 0 =     -0.646,      5.247       
# span 1 =     -0.017,      0.281       
# span 2 =     0.0941,     8.3195       
# span 3 =      1.046,     99.360       
# span 4 =      1.538,     76.647       
# span 5 =   1.530617,  64.542268       
# span 6 =    -0.1075,    18.8293       
# span 7 =      7.563,      7.869       
# span 8 =   115.3020,   515.3021       
# span 9 = 1.2404e-01, 1.9133e+03       
# span 10 =    -0.2973,   227.3022      
# span 11 =     -0.634,      5.146      
# span 12 =     -0.920,      7.464      
# span 13 =    12.1629,    26.7131      
# span 14 = 0.0000e+00, 0.0000e+00      
# interval = seconds: 0.25
# start_time = Jul 22 2024 12:17:30 [Instrument's time stamp, header]
# bad_flag = -9.990e-29
*END*
[from data line 482]
      0.202 1.3995e-10     5.5058     68.480     44.206  45.676785     6.1599      7.805   213.8254 2.2953e+02     2.3359      0.198      0.287    26.6544 0.0000e+00
      0.202 1.2723e-11     5.5013     68.450     44.191  45.662926     6.1724      7.806   213.8507 2.3100e+02     2.3532      0.197      0.286    26.6546 0.0000e+00
      0.202 1.1566e-12     5.4968     68.402     44.165  45.637440     6.2131      7.807   213.9401 2.3190e+02     2.4462      0.198      0.287    26.6550 0.0000e+00
      0.201 1.0515e-13     5.4907     68.375     44.150  45.622550     6.2360      7.808   214.0466 2.3174e+02     2.4698      0.197      0.286    26.6556 0.0000e+00
      0.201 9.5590e-15     5.4896     68.409     44.138  45.609845     6.2243      7.808   214.0187 2.3019e+02     2.3996      0.197      0.285    26.6569 0.0000e+00
      0.202 8.6900e-16     5.4881     68.480     44.140  45.610790     6.2218      7.809   213.9470 2.2855e+02     2.3490      0.198      0.287    26.6589 0.0000e+00
      0.202 7.9000e-17     5.4827     68.546     44.163  45.633977     6.2385      7.810   213.9546 2.2867e+02     2.3702      0.198      0.287    26.6603 0.0000e+00
      0.202 7.1820e-18     5.4782     68.582     44.165  45.636274     6.2519      7.810   213.9383 2.2961e+02     2.4517      0.198      0.287    26.6606 0.0000e+00
      0.202 6.5290e-19     5.4825     68.592     44.167  45.638573     6.2499      7.811   213.9226 2.2990e+02     2.4792      0.198      0.287    26.6604 0.0000e+00
      0.202 5.9355e-20     5.4896     68.602     44.189  45.661770     6.2397      7.812   213.9365 2.2987e+02     2.4307      0.198      0.287    26.6601 0.0000e+00
      0.202 5.3960e-21     5.4955     68.606     44.189  45.662820     6.2282      7.812   213.9340 2.2977e+02     2.4117      0.198      0.287    26.6593 0.0000e+00
      0.202 4.9052e-22     5.4990     68.623     44.177  45.651279     6.2280      7.813   213.9779 2.3018e+02     2.4532      0.198      0.287    26.6587 0.0000e+00
      0.201 4.4593e-23     5.4973     68.663     44.175  45.649189     6.2457      7.813   214.0373 2.3175e+02     2.5236      0.197      0.286    26.6593 0.0000e+00
      0.201 4.0539e-24     5.4999     68.703     44.164  45.637554     6.2500      7.814   214.0500 2.3288e+02     2.5115      0.197      0.286    26.6603 0.0000e+00
      0.202 3.6854e-25     5.4987     68.755     44.164  45.637555     6.2466      7.814   214.0455 2.3183e+02     2.4089      0.198      0.287    26.6610 0.0000e+00
      0.202 3.3504e-26     5.4993     68.795     44.175  45.649201     6.3556      7.814   214.0689 2.3065e+02     2.3421      0.198      0.287    26.6620 0.0000e+00
      0.202 3.0462e-27     5.5047     68.794     44.177  45.651414     6.5686      7.814   214.0748 2.3151e+02     2.3536      0.198      0.287    26.6624 0.0000e+00
      0.202 2.8197e-28     5.5058     68.770     44.189  45.664309     6.6908      7.815   214.0313 2.3211e+02     2.4107      0.197      0.286    26.6621 0.0000e+00
      0.202 8.1006e-29     5.5114     68.749     44.202  45.678158     6.6936      7.816   214.0591 2.3115e+02     2.4175      0.198      0.287    26.6619 0.0000e+00
      0.202 6.1647e-28     5.5163     68.739     44.215  45.691894     6.5690      7.816   214.0658 2.3042e+02     2.2989      0.198      0.287    26.6620 0.0000e+00
      0.202 6.7562e-27     5.5145     68.736     44.227  45.703437     6.3489      7.817   214.0263 2.3038e+02     2.1382      0.198      0.287    26.6625 0.0000e+00
      0.202 7.4316e-26     5.5122     68.714     44.216  45.690760     6.2383      7.818   214.0989 2.2999e+02     2.1144      0.198      0.287    26.6632 0.0000e+00
      0.202 8.1748e-25     5.5101     68.658     44.192  45.665569     6.2469      7.819   214.1693 2.2963e+02     2.2163      0.197      0.286    26.6636 0.0000e+00
      0.202 8.9923e-24     5.5091     68.595     44.180  45.652769     6.2449      7.819   214.1884 2.2963e+02     2.3112      0.198      0.287    26.6641 0.0000e+00
      0.202 9.8915e-23     5.5101     68.552     44.190  45.662959     6.2064      7.819   214.2434 2.2988e+02     2.3734      0.198      0.287    26.6633 0.0000e+00
      0.202 1.0881e-21     5.5094     68.530     44.190  45.661813     6.1803      7.819   214.2328 2.3055e+02     2.3872      0.198      0.287    26.6614 0.0000e+00
      0.202 1.1969e-20     5.5037     68.514     44.168  45.638917     6.1866      7.819   214.1455 2.3164e+02     2.4098      0.198      0.287    26.6606 0.0000e+00
      0.201 1.3166e-19     5.4976     68.487     44.169  45.640052     6.1995      7.819   214.1349 2.3345e+02     2.4761      0.197      0.286    26.6602 0.0000e+00
      0.201 1.4482e-18     5.4945     68.455     44.204  45.675527     6.2040      7.820   214.1912 2.3467e+02     2.5052      0.197      0.286    26.6598 0.0000e+00
      0.201 1.5930e-17     5.4929     68.438     44.214  45.686957     6.1990      7.821   214.2235 2.3481e+02     2.4551      0.197      0.286    26.6594 0.0000e+00
      0.202 1.7523e-16     5.4927     68.464     44.179  45.651292     6.1889      7.821   214.2676 2.3482e+02     2.3823      0.198      0.287    26.6590 0.0000e+00
      0.202 1.9276e-15     5.4900     68.525     44.154  45.625182     6.1823      7.822   214.3806 2.3446e+02     2.3773      0.198      0.287    26.6588 0.0000e+00
      0.202 2.1203e-14     5.4872     68.572     44.155  45.625192     6.1766      7.822   214.4707 2.3366e+02     2.4277      0.197      0.286    26.6587 0.0000e+00
      0.202 2.3324e-13     5.4848     68.595     44.181  45.651407     6.1622      7.821   214.4102 2.3299e+02     2.4791      0.198      0.287    26.6589 0.0000e+00
      0.201 2.5656e-12     5.4863     68.585     44.218  45.688226     6.1493      7.821   214.2514 2.3288e+02     2.4522      0.197      0.286    26.6594 0.0000e+00
      0.201 2.8222e-11     5.4942     68.505     44.220  45.689491     6.1457      7.822   214.1862 2.3278e+02     2.3765      0.197      0.286    26.6592 0.0000e+00
      0.201 3.1044e-10     5.4977     68.402     44.199  45.666702     6.1435      7.823   214.3102 2.3336e+02     2.3838      0.197      0.286    26.6583 0.0000e+00
      0.201 3.4148e-09     5.4988     68.382     44.199  45.666607     6.1396      7.823   214.4597 2.3491e+02     2.4374      0.197      0.286    26.6572 0.0000e+00
      0.201 3.7563e-08     5.5011     68.420     44.220  45.688338     6.1402      7.824   214.4444 2.3543e+02     2.4780      0.197      0.286    26.6556 0.0000e+00
      0.201 4.1319e-07     5.4938     68.434     44.207  45.675529     6.1419      7.824   214.3836 2.3517e+02     2.4995      0.197      0.286    26.6544 0.0000e+00
      0.201      0.000     5.4792     68.429     44.171  45.638699     6.1025      7.824   214.4133 2.3550e+02     2.4577      0.198      0.287    26.6536 0.0000e+00
      0.201      0.000     5.4802     68.438     44.156  45.623913     6.0390      7.825   214.3737 2.3571e+02     2.4176      0.197      0.286    26.6533 0.0000e+00
      0.201      0.001     5.4870     68.465     44.156  45.623705     6.0226      7.825   214.2477 2.3540e+02     2.4578      0.197      0.285    26.6538 0.0000e+00
      0.201      0.001     5.4864     68.485     44.169  45.636183     6.0368      7.824   214.2675 2.3482e+02     2.4997      0.196      0.285    26.6545 0.0000e+00
      0.202      0.002     5.4853     68.501     44.182  45.647818     6.0611      7.824   214.4411 2.3451e+02     2.4806      0.197      0.287    26.6554 0.0000e+00
      0.203      0.002     5.4854     68.527     44.173  45.637430     6.0921      7.824   214.5400 2.3481e+02     2.4315      0.199      0.288    26.6553 0.0000e+00
      0.203      0.002     5.4893     68.543     44.173  45.637544     6.1125      7.823   214.6030 2.3485e+02     2.4177      0.199      0.289    26.6547 0.0000e+00
      0.204      0.001     5.4906     68.539     44.183  45.649190     6.1327      7.823   214.7715 2.3470e+02     2.4511      0.200      0.290    26.6540 0.0000e+00
      0.204      0.000     5.4907     68.505     44.184  45.651281     6.1614      7.823   214.8575 2.3371e+02     2.4931      0.200      0.291    26.6523 0.0000e+00
      0.204 -3.896e-07     5.4947     68.451     44.195  45.662823     6.1848      7.822   214.7824 2.3216e+02     2.4831      0.200      0.290    26.6509 0.0000e+00
      0.204      0.000     5.4954     68.425     44.194  45.661792     6.1818      7.820   214.7237 2.3241e+02     2.4325      0.200      0.290    26.6513 0.0000e+00
      0.203      0.000     5.4956     68.434     44.171  45.638813     6.1757      7.820   214.7493 2.3330e+02     2.4611      0.199      0.289    26.6525 0.0000e+00
      0.203     -0.001     5.4932     68.469     44.170  45.638908     6.1859      7.820   214.8341 2.3289e+02     2.5213      0.199      0.289    26.6535 0.0000e+00
      0.203     -0.001     5.4861     68.539     44.192  45.662937     6.1967      7.819   214.9750 2.3319e+02     2.5115      0.200      0.290    26.6537 0.0000e+00
      0.203     -0.001     5.4844     68.627     44.204  45.675434     6.1985      7.819   215.0760 2.3441e+02     2.4449      0.199      0.289    26.6537 0.0000e+00
      0.203     -0.001     5.4859     68.694     44.192  45.663050     6.1910      7.819   215.0230 2.3464e+02     2.3656      0.199      0.289    26.6548 0.0000e+00
      0.202      0.000     5.4873     68.716     44.170  45.640165     6.1809      7.820   214.9359 2.3560e+02     2.3718      0.198      0.288    26.6565 0.0000e+00
      0.202 -1.863e-08     5.4936     68.685     44.181  45.652653     6.2091      7.820   214.9689 2.3704e+02     2.4523      0.198      0.287    26.6574 0.0000e+00
      0.202 -2.049e-07     5.5023     68.630     44.214  45.687080     6.2902      7.819   214.9925 2.3684e+02     2.4845      0.198      0.288    26.6576 0.0000e+00
      0.203 -2.049e-07     5.5076     68.609     44.203  45.675538     6.3543      7.818   214.9638 2.3673e+02     2.4535      0.199      0.289    26.6575 0.0000e+00
      0.203 -1.863e-08     5.5103     68.653     44.168  45.640053     6.3599      7.818   215.0514 2.3717e+02     2.4198      0.199      0.288    26.6579 0.0000e+00
      0.203 -1.693e-09     5.5067     68.731     44.168  45.638917     6.3250      7.817   215.1913 2.3623e+02     2.3838      0.199      0.289    26.6585 0.0000e+00
      0.202 -1.539e-10     5.5003     68.776     44.190  45.661812     6.2822      7.816   215.2789 2.3453e+02     2.3267      0.198      0.288    26.6589 0.0000e+00
      0.202 -1.399e-11     5.4974     68.761     44.190  45.662949     6.2587      7.816   215.3359 2.3299e+02     2.2755      0.198      0.287    26.6596 0.0000e+00
      0.202 -1.272e-12     5.5017     68.725     44.180  45.652654     6.2571      7.816   215.3649 2.3204e+02     2.2431      0.198      0.287    26.6596 0.0000e+00
      0.203 -1.157e-13     5.5112     68.730     44.191  45.664299     6.2540      7.815   215.4572 2.3242e+02     2.2763      0.199      0.288    26.6589 0.0000e+00
      0.203 -1.052e-14     5.5151     68.763     44.203  45.676796     6.2458      7.815   215.5913 2.3353e+02     2.4034      0.199      0.288    26.6589 0.0000e+00
      0.203 -9.560e-16     5.5131     68.773     44.203  45.676796     6.2423      7.814   215.6953 2.3472e+02     2.4814      0.198      0.288    26.6600 0.0000e+00
      0.203 -8.690e-17     5.5067     68.749     44.190  45.664299     6.2449      7.813   215.7688 2.3550e+02     2.4693      0.199      0.288    26.6610 0.0000e+00
      0.202 -7.845e-18     5.5080     68.708     44.178  45.652653     6.2358      7.813   215.7912 2.3627e+02     2.4617      0.198      0.288    26.6614 0.0000e+00
      0.202 -1.199e-19     5.5135     68.668     44.187  45.662946     6.1984      7.813   215.7937 2.3645e+02     2.4225      0.198      0.287    26.6615 0.0000e+00
      0.202 6.5140e-18     5.5133     68.618     44.186  45.661801     6.1762      7.812   215.7992 2.3494e+02     2.3720      0.198      0.288    26.6615 0.0000e+00
      0.202 7.2366e-17     5.5116     68.567     44.164  45.638802     6.1753      7.812   215.8579 2.3406e+02     2.3628      0.198      0.288    26.6616 0.0000e+00
      0.202 7.9609e-16     5.5068     68.547     44.165  45.638793     6.1623      7.811   215.9870 2.3456e+02     2.3456      0.199      0.289    26.6622 0.0000e+00
      0.202 8.7570e-15     5.5044     68.547     44.188  45.661687     6.1515      7.810   216.1561 2.3412e+02     2.2670      0.198      0.288    26.6636 0.0000e+00
      0.202 9.6327e-14     5.5006     68.525     44.189  45.661688     6.1453      7.808   216.2678 2.3306e+02     2.1636      0.198      0.287    26.6640 0.0000e+00
      0.202 1.0596e-12     5.4944     68.497     44.167  45.638804     6.1283      7.808   216.2189 2.3257e+02     2.1202      0.197      0.286    26.6633 0.0000e+00
      0.202 1.1656e-11     5.4936     68.509     44.167  45.638918     6.1204      7.808   216.1678 2.3272e+02     2.1177      0.198      0.287    26.6620 0.0000e+00
      0.202 1.2821e-10     5.4957     68.507     44.190  45.663060     6.1418      7.807   216.2522 2.3365e+02     2.2018      0.199      0.289    26.6607 0.0000e+00
      0.202 1.4103e-09     5.4939     68.426     44.204  45.676787     6.1796      7.805   216.3791 2.3482e+02     2.3515      0.198      0.288    26.6597 0.0000e+00
      0.202 1.5514e-08     5.4880     68.327     44.205  45.677931     6.1945      7.804   216.4967 2.3517e+02     2.3905      0.198      0.287    26.6593 0.0000e+00
      0.202 1.7065e-07     5.4919     68.289     44.204  45.676900     6.1803      7.804   216.5561 2.3475e+02     2.3660      0.198      0.287    26.6593 0.0000e+00
      0.202 3.4390e-07     5.4955     68.337     44.191  45.664310     6.1403      7.803   216.5801 2.3490e+02     2.3967      0.198      0.287    26.6595 0.0000e+00
      0.202 5.7704e-07     5.4851     68.435     44.180  45.652665     6.0938      7.801   216.7017 2.3487e+02     2.4551      0.198      0.287    26.6597 0.0000e+00
      0.202      0.000     5.4750     68.523     44.190  45.663061     6.0850      7.801   216.8213 2.3365e+02     2.4575      0.198      0.288    26.6601 0.0000e+00
      0.202      0.000     5.4711     68.592     44.190  45.663050     6.0839      7.801   216.8214 2.3298e+02     2.3905      0.199      0.288    26.6604 0.0000e+00
      0.202      0.001     5.4761     68.663     44.180  45.652540     6.0802      7.800   216.8751 2.3322e+02     2.3284      0.199      0.288    26.6606 0.0000e+00
      0.202      0.001     5.4865     68.730     44.190  45.662937     6.0987      7.799   217.0411 2.3393e+02     2.3214      0.197      0.286    26.6604 0.0000e+00
      0.202      0.001     5.4936     68.759     44.189  45.661802     6.1232      7.799   217.1071 2.3460e+02     2.4090      0.198      0.287    26.6604 0.0000e+00
      0.203      0.001     5.4976     68.709     44.167  45.638814     6.1445      7.800   216.9853 2.3371e+02     2.4990      0.199      0.288    26.6607 0.0000e+00
      0.204      0.000     5.5039     68.580     44.167  45.638919     6.1561      7.800   216.8588 2.3297e+02     2.4871      0.200      0.289    26.6605 0.0000e+00
      0.204 3.0766e-10     5.5104     68.440     44.191  45.663061     6.1473      7.800   216.8679 2.3350e+02     2.4361      0.201      0.291    26.6600 0.0000e+00
      0.203 3.3843e-09     5.5139     68.343     44.205  45.676796     6.1217      7.799   216.9235 2.3353e+02     2.3954      0.200      0.290    26.6596 0.0000e+00
      0.202 3.7227e-08     5.5110     68.304     44.206  45.678034     6.1125      7.799   216.9290 2.3348e+02     2.4043      0.198      0.288    26.6598 0.0000e+00
      0.202 4.0950e-07     5.4970     68.303     44.206  45.678033     6.1356      7.799   216.9338 2.3363e+02     2.4415      0.198      0.288    26.6597 0.0000e+00
      0.203      0.000     5.4849     68.290     44.205  45.676775     6.1603      7.800   216.9821 2.3317e+02     2.4687      0.199      0.289    26.6588 0.0000e+00
