Data/DataNotYetUploadedToEDI/Raw_CTD/RawDownloads/072224_bvr50_S8188001.cnv
* Sea-Bird SBE19plus  Data File:
* FileName = C:\R\Reservoirs\Data\DataNotYetUploadedToEDI\Raw_CTD\RawDownloads\072224_bvr50_S8188_0001.hex
* Software version 2.8.0.119
* Temperature SN = 8188
* Conductivity SN = 8188
* System UpLoad Time = Jul 30 2024 14:44:22
* <ApplicationData>
* <Seaterm232>
# nquan = 16
# nvalues = 2475                        
# units = specified
# name 0 = depFM: Depth [fresh water, m]
# name 1 = dz/dtM: Descent Rate [m/s]
# name 2 = sbeox0Mg/L: Oxygen, SBE 43 [mg/l]
# name 3 = sbeox0PS: Oxygen, SBE 43 [% saturation]
# name 4 = specc: Specific Conductance [uS/cm]
# name 5 = c0uS/cm: Conductivity [uS/cm]
# name 6 = wetCDOM: Fluorescence, WET Labs CDOM [mg/m^3]
# name 7 = flECO-AFL: Fluorescence, WET Labs ECO-AFL/FL [mg/m^3]
# name 8 = flECO-AFL1: Fluorescence, WET Labs ECO-AFL/FL, 2 [mg/m^3]
# name 9 = flECO-AFL2: Fluorescence, WET Labs ECO-AFL/FL, 3 [mg/m^3]
# name 10 = par/sat/log: PAR/Logarithmic, Satlantic
# name 11 = turbWETntu0: Turbidity, WET Labs ECO [NTU]
# name 12 = prdM: Pressure, Strain Gauge [db]
# name 13 = prdE: Pressure, Strain Gauge [psi]
# name 14 = tv290C: Temperature [ITS-90, deg C]
# name 15 = flag:  0.000e+00
# span 0 =     -0.732,      9.278       
# span 1 =     -0.221,      0.107       
# span 2 =    -0.3058,     9.9170       
# span 3 =     -3.053,    123.483       
# span 4 =      0.333,    129.438       
# span 5 =   0.311705,  91.277775       
# span 6 =    -4.5000,    66.9600       
# span 7 =    -0.2769,    38.6374       
# span 8 =    -2.1300,     1.6614       
# span 9 =    -2.0304,    17.9352       
# span 10 = 1.1585e-01, 1.9797e+02      
# span 11 =    -0.8987,    78.2892      
# span 12 =     -0.718,      9.099      
# span 13 =     -1.041,     13.197      
# span 14 =    10.2416,    26.6224      
# span 15 = 0.0000e+00, 0.0000e+00      
# interval = seconds: 0.25
# start_time = Jul 22 2024 09:48:08 [Instrument's time stamp, header]
# bad_flag = -9.990e-29
*END*
[from data line 904]
     -0.056     -0.000     8.6788    108.128     31.055  32.051455    29.1600    10.5913     0.1278     2.3265 7.9183e+01     2.3492     -0.055     -0.080    26.5941 0.0000e+00
     -0.056      0.000     8.6804    108.037     31.035  32.030957    29.1600    10.6180     0.1278     2.3265 7.8362e+01     2.2283     -0.055     -0.080    26.5949 0.0000e+00
     -0.056      0.000     8.6820    107.948     30.996  31.991023    29.1600    10.6371     0.1278     2.3265 7.7599e+01     2.3341     -0.055     -0.080    26.5957 0.0000e+00
     -0.056      0.000     8.6816    107.904     30.966  31.960837    29.1600    10.5455     0.1278     2.3265 7.8583e+01     2.4096     -0.055     -0.080    26.5966 0.0000e+00
     -0.056      0.000     8.6774    107.922     30.953  31.948283    29.1600    10.5417     0.0852     2.2419 7.7481e+01     2.3341     -0.055     -0.080    26.5975 0.0000e+00
     -0.056      0.000     8.6700    107.992     30.959  31.953997    29.1600    10.5570     0.0852     2.2419 7.7633e+01     2.3945     -0.055     -0.080    26.5984 0.0000e+00
     -0.056      0.000     8.6627    108.096     30.968  31.963568    29.1600    10.5570     0.0852     2.2419 7.9442e+01     2.4701     -0.055     -0.080    26.5993 0.0000e+00
     -0.056      0.000     8.6591    108.217     30.979  31.975567    29.1600    10.6790     0.0852     2.2419 7.9063e+01     2.4096     -0.055     -0.080    26.6000 0.0000e+00
     -0.057      0.000     8.6605    108.333     31.003  32.001158    29.1600    10.6752     0.1278     2.1573 7.9046e+01     2.3341     -0.055     -0.080    26.6007 0.0000e+00
     -0.057      0.000     8.6659    108.414     31.021  32.019284    29.1600    10.6638     0.1278     2.1573 7.9338e+01     2.3643     -0.055     -0.080    26.6015 0.0000e+00
     -0.057      0.000     8.6741    108.435     31.021  32.018843    29.1600    10.6867     0.1278     2.1573 7.8073e+01     2.4398     -0.055     -0.080    26.6023 0.0000e+00
     -0.057      0.000     8.6838    108.397     31.018  32.015653    29.1600    10.4807     0.1278     2.1573 7.9390e+01     2.3341     -0.055     -0.080    26.6029 0.0000e+00
     -0.057      0.000     8.6930    108.324     31.008  32.004878    29.0700    10.5074     0.0852     2.1573 7.8515e+01     2.3341     -0.055     -0.080    26.6032 0.0000e+00
     -0.057      0.000     8.6995    108.240     30.984  31.979663    29.0700    10.5036     0.0852     2.1573 7.7700e+01     2.4247     -0.055     -0.080    26.6031 0.0000e+00
     -0.057      0.000     8.7013    108.159     30.970  31.965149    29.0700    10.5112     0.0852     2.1573 7.8481e+01     2.2586     -0.055     -0.081    26.6027 0.0000e+00
     -0.057      0.000     8.6983    108.094     30.983  31.977385    29.0700    10.4883     0.0852     2.1573 8.0031e+01     2.3341     -0.055     -0.081    26.6020 0.0000e+00
     -0.057      0.000     8.6926    108.054     31.001  31.995731    29.0700    10.4959     0.0852     2.1573 7.8311e+01     2.3492     -0.056     -0.081    26.6012 0.0000e+00
     -0.057      0.000     8.6860    108.038     31.010  32.005164    29.0700    10.4921     0.0852     2.1150 7.8039e+01     2.4701     -0.056     -0.081    26.6002 0.0000e+00
     -0.057     -0.001     8.6796    108.048     31.009  32.004215    29.0700    10.4883     0.0852     2.1150 7.9996e+01     2.2888     -0.056     -0.081    26.5994 0.0000e+00
     -0.058     -0.001     8.6746    108.069     31.002  31.996616    29.0700    10.5646     0.0852     2.1150 7.9511e+01     2.3341     -0.056     -0.081    26.5987 0.0000e+00
     -0.058     -0.001     8.6714    108.069     31.007  32.000256    29.0700    10.5646     0.0852     2.1150 7.8073e+01     2.3794     -0.056     -0.082    26.5983 0.0000e+00
     -0.058     -0.001     8.6701    108.032     31.027  32.020090    29.0700    10.5532     0.0852     2.0727 7.9528e+01     2.4247     -0.057     -0.082    26.5982 0.0000e+00
     -0.058     -0.001     8.6710    107.961     31.041  32.033522    29.0700    10.5684     0.0852     2.0727 7.9166e+01     2.3190     -0.057     -0.083    26.5980 0.0000e+00
     -0.058     -0.001     8.6728    107.868     31.032  32.024217    29.0700    10.8812     0.0852     2.0727 7.9218e+01     2.2435     -0.057     -0.083    26.5973 0.0000e+00
     -0.058      0.000     8.6730    107.779     31.021  32.013595    29.0700    10.8545     0.0852     2.0727 8.0694e+01     2.4398     -0.057     -0.083    26.5958 0.0000e+00
     -0.059      0.000     8.6703    107.734     31.029  32.022724    29.0700    10.8698     0.1278     2.1150 7.8158e+01     2.2888     -0.057     -0.083    26.5940 0.0000e+00
     -0.059     -0.000     8.6648    107.745     31.039  32.034121    29.0700    10.8469     0.1278     2.1150 7.9805e+01     2.4398     -0.058     -0.083    26.5927 0.0000e+00
     -0.059      0.000     8.6573    107.800     31.032  32.026924    29.0700    10.3739     0.1278     2.1150 7.8806e+01     2.4701     -0.058     -0.084    26.5926 0.0000e+00
     -0.059      0.000     8.6501    107.875     31.024  32.019133    29.0700    10.3624     0.1278     2.1150 7.8977e+01     2.3341     -0.058     -0.084    26.5936 0.0000e+00
     -0.059      0.000     8.6462    107.947     31.040  32.036552    29.0700    10.3891     0.1278     1.9881 7.8635e+01     2.3341     -0.058     -0.084    26.5951 0.0000e+00
     -0.059      0.000     8.6468    108.007     31.057  32.053952    29.0700    10.3853     0.1278     1.9881 7.9666e+01     2.3945     -0.058     -0.084    26.5966 0.0000e+00
     -0.059      0.000     8.6511    108.050     31.038  32.034145    29.0700     9.8245     0.1278     1.9881 7.9183e+01     2.3945     -0.058     -0.084    26.5977 0.0000e+00
     -0.059      0.001     8.6570    108.070     31.009  32.003719    29.0700     9.7978     0.1278     1.9881 7.9597e+01     2.3945     -0.057     -0.083    26.5982 0.0000e+00
     -0.058      0.001     8.6629    108.056     31.000  31.994393    29.0700     9.8169     0.1278     1.9881 8.0257e+01     2.3643     -0.057     -0.083    26.5983 0.0000e+00
     -0.058      0.001     8.6677    108.004     30.999  31.993721    29.0700     9.7978     0.0852     2.0304 7.9511e+01     2.3492     -0.057     -0.083    26.5980 0.0000e+00
     -0.058      0.001     8.6712    107.932     30.997  31.991567    29.0700    10.3662     0.0852     2.0304 7.7095e+01     2.3945     -0.057     -0.083    26.5978 0.0000e+00
     -0.058      0.001     8.6728    107.867     30.989  31.983373    29.0700    10.3891     0.0852     2.0304 7.8960e+01     2.3190     -0.057     -0.082    26.5976 0.0000e+00
     -0.057      0.001     8.6717    107.823     30.989  31.982887    29.0700    10.3510     0.0852     2.0304 7.9287e+01     2.4398     -0.056     -0.082    26.5975 0.0000e+00
     -0.057      0.001     8.6675    107.795     31.008  32.001930    29.0700    10.3739     0.1704     2.0304 7.7903e+01     2.3643     -0.056     -0.081    26.5975 0.0000e+00
     -0.057      0.001     8.6617    107.777     31.023  32.017695    29.0700    10.1526     0.1704     2.0304 7.7347e+01     2.2888     -0.056     -0.081    26.5974 0.0000e+00
     -0.057      0.000     8.6566    107.783     31.024  32.018454    29.0700    10.1183     0.1704     2.0304 7.8175e+01     2.4398     -0.056     -0.081    26.5970 0.0000e+00
     -0.057      0.000     8.6532    107.832     31.026  32.020342    29.0700    10.1183     0.1704     2.0304 7.8107e+01     2.2888     -0.056     -0.081    26.5963 0.0000e+00
     -0.057      0.000     8.6510    107.926     31.036  32.031830    29.1600    10.1412     0.1278     1.8612 8.0905e+01     2.4398     -0.056     -0.081    26.5958 0.0000e+00
     -0.057      0.000     8.6495    108.044     31.044  32.040048    29.1600    10.2365     0.1278     1.8612 7.8277e+01     2.3643     -0.056     -0.081    26.5959 0.0000e+00
     -0.057      0.000     8.6499    108.151     31.035  32.031252    29.1600    10.2365     0.1278     1.8612 7.8396e+01     2.3341     -0.056     -0.081    26.5964 0.0000e+00
     -0.057      0.000     8.6537    108.218     31.016  32.011066    29.1600    10.2747     0.1278     1.8612 7.9944e+01     2.3190     -0.056     -0.081    26.5971 0.0000e+00
     -0.057      0.000     8.6611    108.237     31.003  31.998005    29.1600    10.2442     0.1278     1.9035 7.8175e+01     2.3945     -0.056     -0.081    26.5977 0.0000e+00
     -0.057      0.000     8.6706    108.208     31.001  31.996555    29.1600    10.4349     0.1278     1.9035 7.8720e+01     2.3039     -0.056     -0.081    26.5981 0.0000e+00
     -0.057      0.000     8.6791    108.127     31.003  31.998361    29.1600    10.4502     0.1278     1.9035 7.8515e+01     2.4549     -0.056     -0.082    26.5984 0.0000e+00
     -0.057      0.000     8.6845    107.994     31.000  31.995938    29.1600    10.4158     0.1278     1.9035 8.0257e+01     2.3341     -0.056     -0.082    26.5987 0.0000e+00
     -0.058     -0.001     8.6859    107.836     30.993  31.988640    29.1600    10.4349     0.1278     1.9035 7.7700e+01     2.3492     -0.057     -0.082    26.5991 0.0000e+00
     -0.058     -0.001     8.6835    107.694     30.979  31.974522    29.0700    10.1297     0.1278     1.9458 7.7717e+01     2.3341     -0.057     -0.082    26.5996 0.0000e+00
     -0.058     -0.001     8.6770    107.601     30.959  31.953802    29.0700    10.1297     0.1278     1.9458 7.8771e+01     2.3945     -0.057     -0.083    26.5999 0.0000e+00
     -0.058     -0.001     8.6663    107.568     30.955  31.948837    29.0700    10.1221     0.1278     1.9458 7.8840e+01     2.4549     -0.057     -0.083    26.6001 0.0000e+00
     -0.059     -0.001     8.6536    107.591     30.972  31.966272    29.0700    10.1297     0.1278     1.9458 7.7886e+01     2.3643     -0.058     -0.084    26.6001 0.0000e+00
     -0.059     -0.001     8.6423    107.653     30.992  31.986854    29.0700    10.4387     0.1278     2.0304 7.9132e+01     2.3039     -0.058     -0.084    26.6000 0.0000e+00
     -0.060     -0.001     8.6348    107.738     31.001  31.996155    29.0700    10.4196     0.1278     2.0304 7.9632e+01     2.2888     -0.059     -0.085    26.5999 0.0000e+00
     -0.060     -0.001     8.6323    107.828     30.993  31.988689    29.0700    10.4234     0.1278     2.0304 7.8960e+01     2.4247     -0.059     -0.086    26.5996 0.0000e+00
     -0.061     -0.001     8.6342    107.897     30.987  31.982382    29.0700    10.4082     0.1278     2.0304 7.9857e+01     2.3341     -0.060     -0.086    26.5992 0.0000e+00
     -0.061     -0.001     8.6391    107.928     31.004  31.999453    29.0700     9.9771     0.0852     1.9458 7.8311e+01     2.3945     -0.060     -0.087    26.5988 0.0000e+00
     -0.061     -0.001     8.6460    107.927     31.024  32.020552    29.0700     9.9466     0.0852     1.9458 7.8703e+01     2.3794     -0.060     -0.087    26.5988 0.0000e+00
     -0.061     -0.000     8.6531    107.917     31.024  32.019440    29.0700     9.9657     0.0852     1.9458 7.8960e+01     2.2132     -0.060     -0.087    26.5991 0.0000e+00
     -0.062     -0.000     8.6586    107.914     31.013  32.007770    29.0700     9.9275     0.0852     1.9458 7.8635e+01     2.2888     -0.060     -0.088    26.5992 0.0000e+00
     -0.062      0.000     8.6611    107.915     31.004  31.998364    29.0700    10.1259     0.1278     1.8612 7.7498e+01     2.5758     -0.060     -0.088    26.5991 0.0000e+00
     -0.062      0.000     8.6611    107.916     30.999  31.992697    29.0700    10.1335     0.1278     1.8612 7.8549e+01     2.5909     -0.060     -0.088    26.5988 0.0000e+00
     -0.062      0.000     8.6604    107.933     31.000  31.993241    29.0700    10.1183     0.1278     1.8612 7.8481e+01     2.5305     -0.060     -0.088    26.5984 0.0000e+00
     -0.062      0.000     8.6602    107.975     31.010  32.004125    29.0700    10.1068     0.1278     1.8612 7.8771e+01     2.5758     -0.060     -0.088    26.5979 0.0000e+00
     -0.062      0.000     8.6604    108.026     31.022  32.016301    29.0700    10.3739     0.1278     1.8612 7.8515e+01     2.4247     -0.060     -0.088    26.5974 0.0000e+00
     -0.062      0.000     8.6606    108.060     31.015  32.009114    29.1600    10.3967     0.0852     1.9035 7.9029e+01     2.3039     -0.060     -0.088    26.5968 0.0000e+00
     -0.062      0.000     8.6620    108.062     30.992  31.984633    29.1600    10.3739     0.0852     1.9035 7.8345e+01     2.2737     -0.061     -0.088    26.5964 0.0000e+00
     -0.062      0.000     8.6654    108.038     30.968  31.960229    29.1600    10.3700     0.0852     1.9035 8.0188e+01     2.4398     -0.061     -0.088    26.5962 0.0000e+00
     -0.062      0.000     8.6695    108.016     30.961  31.953294    29.1600    10.0649     0.0852     1.9035 7.7751e+01     2.4398     -0.061     -0.088    26.5961 0.0000e+00
     -0.062      0.000     8.6722    108.029     30.970  31.961980    29.0700    10.0496     0.0852     1.9035 7.8277e+01     2.3945     -0.061     -0.088    26.5959 0.0000e+00
     -0.062      0.000     8.6725    108.085     30.980  31.972668    29.0700    10.0534     0.0852     1.9035 7.9545e+01     2.3945     -0.061     -0.088    26.5956 0.0000e+00
     -0.062      0.000     8.6706    108.168     30.991  31.984227    29.0700    10.0839     0.0852     1.9035 7.8192e+01     2.4096     -0.061     -0.088    26.5953 0.0000e+00
     -0.062      0.000     8.6688    108.260     30.990  31.983805    29.0700     9.9161     0.0852     1.9035 7.7431e+01     2.5456     -0.061     -0.088    26.5954 0.0000e+00
     -0.062      0.000     8.6698    108.340     30.978  31.971289    29.0700     9.9542     0.1278     1.8612 7.7903e+01     2.5909     -0.061     -0.088    26.5956 0.0000e+00
     -0.061      0.000     8.6742    108.388     30.974  31.967242    29.0700     9.9352     0.1278     1.8612 7.8481e+01     2.5154     -0.060     -0.088    26.5959 0.0000e+00
     -0.061      0.000     8.6809    108.393     30.973  31.966602    29.0700     9.9542     0.1278     1.8612 7.7751e+01     2.5607     -0.060     -0.087    26.5962 0.0000e+00
     -0.061 1.2329e-09     8.6882    108.356     30.972  31.965214    29.0700     9.8169     0.1278     1.8612 7.8124e+01     2.2737     -0.060     -0.087    26.5968 0.0000e+00
     -0.061 1.5851e-09     8.6945    108.301     30.977  31.970675    29.0700     9.8169     0.1278     1.8612 7.9545e+01     2.3492     -0.060     -0.087    26.5974 0.0000e+00
     -0.061 2.0380e-09     8.6983    108.255     30.982  31.976475    29.1600     9.7978     0.0852     1.8189 7.8566e+01     2.4096     -0.060     -0.088    26.5978 0.0000e+00
     -0.061 2.6203e-09     8.6987    108.211     30.985  31.980176    29.1600     9.8169     0.0852     1.8189 7.8175e+01     2.3039     -0.060     -0.088    26.5979 0.0000e+00
     -0.062 3.3690e-09     8.6957    108.155     30.999  31.994716    29.1600     9.8512     0.0852     1.8189 7.7431e+01     2.3341     -0.061     -0.088    26.5980 0.0000e+00
     -0.062 4.3316e-09     8.6913    108.085     31.010  32.006048    29.1600     9.8322     0.0852     1.8189 7.8447e+01     2.3945     -0.061     -0.088    26.5983 0.0000e+00
     -0.062 5.5691e-09     8.6875    107.999     30.999  31.995283    29.1600     9.8207     0.1278     1.9881 7.8652e+01     2.3492     -0.061     -0.088    26.5988 0.0000e+00
     -0.062 7.1603e-09     8.6839    107.908     30.990  31.985444    29.1600     9.8169     0.1278     1.9881 7.9407e+01     2.3945     -0.061     -0.088    26.5994 0.0000e+00
     -0.062 9.2061e-09     8.6793    107.839     30.988  31.983865    29.1600     9.5651     0.1278     1.9881 7.8192e+01     2.3794     -0.061     -0.088    26.6000 0.0000e+00
     -0.062 1.1836e-08     8.6735    107.812     30.995  31.990125    29.1600     9.5766     0.1278     1.9881 7.8005e+01     2.3039     -0.061     -0.088    26.6004 0.0000e+00
     -0.062 1.5218e-08     8.6666    107.830     31.022  32.017844    29.0700     9.5918     0.1278     1.9035 7.9649e+01     2.3039     -0.061     -0.088    26.6006 0.0000e+00
