Data/DataNotYetUploadedToEDI/Raw_CTD/RawDownloads/072224_fcr50_S7809001.cnv
* Sea-Bird SBE19plus  Data File:
* FileName = C:\R\Reservoirs\Data\DataNotYetUploadedToEDI\Raw_CTD\RawDownloads\072224_fcr50_S7809_0001.hex
* Software version 2.8.0.119
* Temperature SN = 7809
* Conductivity SN = 7809
* System UpLoad Time = Jul 23 2024 15:56:49
* <ApplicationData>
* <Seaterm232>
# nquan = 15
# nvalues = 1834                        
# units = specified
# name 0 = depFM: Depth [fresh water, m]
# name 1 = dz/dtM: Descent Rate [m/s]
# name 2 = sbeox0Mg/L: Oxygen, SBE 43 [mg/l]
# name 3 = sbeox0PS: Oxygen, SBE 43 [% saturation]
# name 4 = specc: Specific Conductance [uS/cm]
# name 5 = c0uS/cm: Conductivity [uS/cm]
# name 6 = flECO-AFL: Fluorescence, WET Labs ECO-AFL/FL [mg/m^3]
# name 7 = ph: pH
# name 8 = orp: Oxidation Reduction Potential [mV]
# name 9 = par/sat/log: PAR/Logarithmic, Satlantic
# name 10 = turbWETntu0: Turbidity, WET Labs ECO [NTU]
# name 11 = prdM: Pressure, Strain Gauge [db]
# name 12 = prdE: Pressure, Strain Gauge [psi]
# name 13 = tv290C: Temperature [ITS-90, deg C]
# name 14 = flag:  0.000e+00
# span 0 =     -0.645,      9.511       
# span 1 =     -0.299,      0.194       
# span 2 =     0.1094,    10.1828       
# span 3 =      1.252,    100.550       
# span 4 =      0.344,    383.821       
# span 5 =   0.327382, 285.660949       
# span 6 =    -0.0855,    37.9710       
# span 7 =      5.436,      7.379       
# span 8 =    78.7093,   398.2088       
# span 9 = 1.2362e-01, 2.0358e+02       
# span 10 =    -0.3105,   139.7632      
# span 11 =     -0.633,      9.328      
# span 12 =     -0.919,     13.529      
# span 13 =    12.0892,    26.5475      
# span 14 = 0.0000e+00, 0.0000e+00      
# interval = seconds: 0.25
# start_time = Jul 22 2024 10:48:55 [Instrument's time stamp, header]
# bad_flag = -9.990e-29
*END*
[from data line 964]
      5.404      0.023     8.6713     80.775     54.968  41.030348     0.8705      6.964   211.2475 1.2383e-01    22.5567      5.298      7.684    12.2481 0.0000e+00
      5.412      0.023     8.6724     80.640     54.940  41.020055     0.8439      6.964   212.0260 1.2382e-01    22.5008      5.307      7.697    12.2696 0.0000e+00
      5.419      0.023     8.6660     80.499     54.966  41.045214     0.8360      6.966   212.3696 1.2380e-01    22.5526      5.314      7.708    12.2927 0.0000e+00
      5.424      0.024     8.6541     80.349     55.012  41.080674     0.8504      6.966   212.4763 1.2382e-01    22.6021      5.320      7.716    12.3066 0.0000e+00
      5.428      0.028     8.6439     80.175     54.992  41.067991     0.8754      6.965   213.2304 1.2380e-01    22.6210      5.324      7.721    12.3191 0.0000e+00
      5.433      0.037     8.6231     80.014     54.926  41.018796     0.8807      6.965   214.1742 1.2376e-01    22.6101      5.326      7.725    12.3315 0.0000e+00
      5.439      0.048     8.6089     79.964     54.906  40.993620     0.8899      6.963   214.6809 1.2382e-01    22.6415      5.332      7.734    12.3366 0.0000e+00
      5.450      0.057     8.5930     79.990     54.964  41.017439     0.9359      6.961   214.4524 1.2385e-01    22.7609      5.341      7.747    12.3341 0.0000e+00
      5.470      0.062     8.5751     79.965     55.035  41.052891     0.9796      6.960   213.9077 1.2379e-01    22.8237      5.360      7.776    12.3363 0.0000e+00
      5.497      0.061     8.5489     79.938     55.026  41.041445     1.0026      6.960   214.1175 1.2378e-01    22.8546      5.393      7.822    12.3422 0.0000e+00
      5.521      0.056     8.5467     80.020     54.969  41.005983     0.9975      6.961   214.7519 1.2381e-01    22.8613      5.420      7.860    12.3305 0.0000e+00
      5.532      0.048     8.5650     80.189     54.959  41.004942     0.9601      6.961   215.3832 1.2386e-01    22.8360      5.428      7.873    12.3098 0.0000e+00
      5.536      0.039     8.5597     80.314     54.993  41.028864     0.9332      6.960   216.1580 1.2390e-01    22.8575      5.429      7.874    12.2898 0.0000e+00
      5.539      0.034     8.5534     80.374     55.018  41.041339     0.9383      6.960   216.4626 1.2387e-01    22.8815      5.431      7.877    12.2838 0.0000e+00
      5.544      0.033     8.5583     80.398     55.010  41.028834     0.9466      6.960   216.2265 1.2381e-01    22.8865      5.435      7.883    12.2977 0.0000e+00
      5.553      0.035     8.5856     80.408     54.984  41.004600     0.9340      6.961   216.1425 1.2376e-01    22.8165      5.445      7.897    12.3057 0.0000e+00
      5.567      0.036     8.5977     80.444     54.983  41.002198     0.9190      6.963   216.3073 1.2377e-01    22.6834      5.459      7.918    12.3018 0.0000e+00
      5.581      0.036     8.6028     80.454     54.978  40.999786     0.9225      6.963   216.5844 1.2384e-01    22.6444      5.473      7.938    12.2953 0.0000e+00
      5.591      0.036     8.6095     80.428     54.944  40.975438     0.9350      6.964   217.0847 1.2391e-01    22.6862      5.485      7.955    12.2890 0.0000e+00
      5.597      0.038     8.6045     80.437     54.934  40.961676     0.9455      6.965   217.7100 1.2389e-01    22.6761      5.491      7.963    12.2833 0.0000e+00
      5.601      0.043     8.6153     80.455     54.950  40.960323     0.9419      6.965   218.0356 1.2384e-01    22.5901      5.491      7.964    12.2816 0.0000e+00
      5.606      0.050     8.6163     80.444     54.970  40.959067     0.9239      6.964   218.1820 1.2381e-01    22.5347      5.495      7.969    12.2850 0.0000e+00
      5.621      0.057     8.6062     80.412     54.974  40.946468     0.9115      6.962   218.5343 1.2377e-01    22.5878      5.507      7.988    12.2878 0.0000e+00
      5.643      0.062     8.6118     80.363     54.974  40.934909     0.9003      6.962   219.1983 1.2379e-01    22.7534      5.534      8.026    12.2827 0.0000e+00
      5.667      0.062     8.6188     80.320     55.000  40.946232     0.8804      6.961   220.1003 1.2379e-01    22.9317      5.560      8.064    12.2692 0.0000e+00
      5.687      0.056     8.6183     80.294     55.020  40.956417     0.8621      6.960   220.8370 1.2373e-01    23.0009      5.579      8.091    12.2524 0.0000e+00
      5.701      0.046     8.6197     80.295     54.980  40.931124     0.8541      6.961   221.3077 1.2370e-01    23.0103      5.593      8.113    12.2376 0.0000e+00
      5.708      0.038     8.6137     80.341     54.921  40.894292     0.8911      6.961   221.6616 1.2375e-01    23.0106      5.600      8.122    12.2283 0.0000e+00
      5.709      0.034     8.6112     80.405     54.921  40.891898     0.9684      6.961   222.1055 1.2385e-01    22.9699      5.598      8.120    12.2191 0.0000e+00
      5.711      0.036     8.6099     80.444     54.961  40.902182     1.0146      6.961   222.7168 1.2389e-01    22.8940      5.599      8.119    12.2134 0.0000e+00
      5.718      0.041     8.6065     80.462     54.983  40.891677     1.0088      6.962   223.1164 1.2389e-01    22.8113      5.606      8.130    12.2183 0.0000e+00
      5.732      0.048     8.6113     80.491     55.010  40.891782     0.9733      6.962   223.3233 1.2393e-01    22.8913      5.620      8.151    12.2312 0.0000e+00
      5.751      0.052     8.6195     80.524     55.040  40.903426     0.9429      6.962   223.5838 1.2389e-01    23.1781      5.640      8.179    12.2330 0.0000e+00
      5.771      0.052     8.6283     80.550     55.050  40.905516     0.9407      6.962   223.8563 1.2377e-01    23.3413      5.662      8.212    12.2097 0.0000e+00
      5.786      0.050     8.6336     80.589     55.067  40.917056     0.9470      6.961   224.2092 1.2372e-01    23.3269      5.676      8.232    12.1798 0.0000e+00
      5.795      0.045     8.6413     80.637     55.064  40.916015     0.9357      6.961   224.5807 1.2376e-01    23.3129      5.684      8.243    12.1616 0.0000e+00
      5.801      0.039     8.6478     80.692     55.031  40.892929     0.9126      6.961   224.9074 1.2378e-01    23.3087      5.689      8.251    12.1531 0.0000e+00
      5.808      0.034     8.6490     80.760     55.028  40.891795     0.9002      6.961   225.3195 1.2378e-01    23.3102      5.693      8.257    12.1493 0.0000e+00
      5.820      0.029     8.6542     80.829     55.039  40.902304     0.8939      6.961   225.7777 1.2383e-01    23.3308      5.707      8.277    12.1490 0.0000e+00
      5.832      0.026     8.6597     80.867     55.020  40.893054     0.8867      6.961   226.2321 1.2386e-01    23.3528      5.722      8.301    12.1501 0.0000e+00
      5.837      0.024     8.6638     80.853     55.030  40.906900     0.8878      6.961   226.6831 1.2384e-01    23.3368      5.725      8.304    12.1513 0.0000e+00
      5.838      0.021     8.6723     80.820     55.070  40.942785     0.8993      6.961   227.0151 1.2385e-01    23.3083      5.723      8.301    12.1525 0.0000e+00
      5.841      0.017     8.6800     80.792     55.063  40.946132     0.9181      6.962   227.1486 1.2388e-01    23.3160      5.727      8.307    12.1541 0.0000e+00
      5.846      0.015     8.6854     80.760     55.048  40.947380     0.9319      6.962   227.5229 1.2388e-01    23.3270      5.732      8.315    12.1586 0.0000e+00
      5.851      0.016     8.6802     80.745     55.048  40.957888     0.9324      6.962   228.4435 1.2383e-01    23.3052      5.738      8.323    12.1658 0.0000e+00
      5.855      0.022     8.6738     80.750     55.024  40.946255     0.9241      6.960   229.3309 1.2381e-01    23.2562      5.742      8.328    12.1703 0.0000e+00
      5.859      0.031     8.6725     80.749     54.995  40.933666     0.9155      6.956   229.6483 1.2383e-01    23.2475      5.745      8.333    12.1755 0.0000e+00
      5.862      0.041     8.6635     80.731     54.985  40.932623     0.9192      6.952   229.6138 1.2382e-01    23.3020      5.747      8.336    12.1900 0.0000e+00
      5.869      0.050     8.6593     80.690     54.990  40.933653     0.9357      6.949   229.8605 1.2380e-01    23.1985      5.750      8.339    12.2024 0.0000e+00
      5.889      0.057     8.6620     80.636     55.015  40.946118     0.9567      6.949   230.6523 1.2378e-01    22.9176      5.773      8.372    12.2023 0.0000e+00
      5.915      0.062     8.6593     80.595     55.037  40.956399     0.9738      6.949   231.5299 1.2374e-01    22.7758      5.806      8.421    12.2129 0.0000e+00
      5.935      0.065     8.6560     80.553     55.019  40.931015     0.9759      6.949   231.9543 1.2377e-01    22.7815      5.824      8.448    12.2248 0.0000e+00
      5.945      0.065     8.6529     80.490     54.992  40.893051     0.9649      6.949   232.0836 1.2386e-01    22.7133      5.829      8.454    12.2171 0.0000e+00
      5.957      0.059     8.6463     80.432     54.995  40.878176     0.9414      6.949   232.3190 1.2387e-01    22.5322      5.839      8.469    12.2101 0.0000e+00
      5.974      0.051     8.6435     80.402     55.007  40.878073     0.9243      6.950   232.5635 1.2383e-01    22.3679      5.859      8.498    12.2071 0.0000e+00
      5.992      0.045     8.6430     80.389     55.022  40.891795     0.9241      6.951   232.8032 1.2381e-01    22.2976      5.878      8.525    12.1972 0.0000e+00
      6.006      0.040     8.6375     80.390     55.042  40.917160     0.9142      6.951   233.4099 1.2381e-01    22.2980      5.893      8.547    12.1775 0.0000e+00
      6.013      0.038     8.6339     80.423     55.047  40.930891     0.9128      6.949   234.1343 1.2377e-01    22.5780      5.899      8.556    12.1601 0.0000e+00
      6.016      0.042     8.6338     80.478     55.045  40.930900     0.9234      6.946   234.5064 1.2374e-01    23.0525      5.898      8.555    12.1503 0.0000e+00
      6.018      0.047     8.6321     80.531     55.037  40.917273     0.9268      6.944   234.2949 1.2376e-01    23.2535      5.901      8.559    12.1523 0.0000e+00
      6.028      0.052     8.6279     80.571     55.020  40.893052     0.9287      6.942   233.8149 1.2381e-01    23.2309      5.906      8.565    12.1671 0.0000e+00
      6.050      0.055     8.6296     80.606     55.028  40.891900     0.9469      6.941   233.9512 1.2381e-01    23.0869      5.929      8.599    12.1785 0.0000e+00
      6.079      0.056     8.6367     80.659     55.046  40.903326     0.9886      6.940   234.8243 1.2379e-01    22.8441      5.966      8.654    12.1807 0.0000e+00
      6.097      0.061     8.6443     80.717     55.045  40.904270     1.0083      6.939   235.8540 1.2379e-01    22.6868      5.986      8.681    12.1708 0.0000e+00
      6.102      0.071     8.6516     80.750     55.043  40.903314     1.0021      6.936   235.9903 1.2374e-01    22.6193      5.985      8.680    12.1572 0.0000e+00
      6.104      0.089     8.6546     80.756     55.033  40.891764     0.9639      6.933   235.3534 1.2372e-01    22.6437      5.983      8.677    12.1506 0.0000e+00
      6.117      0.114     8.6617     80.761     55.040  40.891556     0.8959      6.930   235.1219 1.2372e-01    22.7420      5.990      8.688    12.1493 0.0000e+00
      6.150      0.146     8.6685     80.773     55.059  40.900799     0.8702      6.928   235.3426 1.2370e-01    22.8179      6.024      8.737    12.1533 0.0000e+00
      6.203      0.174     8.6721     80.787     55.031  40.876567     0.8782      6.928   235.6992 1.2366e-01    22.8092      6.080      8.819    12.1554 0.0000e+00
      6.264      0.190     8.6716     80.790     55.001  40.852429     0.8755      6.929   235.7338 1.2365e-01    22.7052      6.142      8.908    12.1499 0.0000e+00
      6.328      0.190     8.6737     80.778     55.016  40.862824     0.8630      6.930   235.4164 1.2368e-01    22.5848      6.208      9.004    12.1439 0.0000e+00
      6.383      0.170     8.6760     80.767     55.034  40.875318     0.8599      6.930   235.3899 1.2367e-01    22.5497      6.266      9.089    12.1398 0.0000e+00
      6.424      0.137     8.6785     80.749     55.035  40.876558     0.8715      6.931   235.6712 1.2366e-01    22.5883      6.304      9.143    12.1362 0.0000e+00
      6.454      0.102     8.6803     80.742     55.034  40.877816     0.8697      6.933   236.0647 1.2374e-01    22.5726      6.332      9.184    12.1343 0.0000e+00
      6.472      0.071     8.6765     80.769     55.044  40.890527     0.8630      6.934   236.7055 1.2380e-01    22.4966      6.352      9.214    12.1337 0.0000e+00
      6.478      0.048     8.6777     80.817     55.052  40.903316     0.8660      6.935   237.3105 1.2377e-01    22.4898      6.354      9.216    12.1338 0.0000e+00
      6.479      0.034     8.6743     80.866     55.047  40.905519     0.8636      6.936   237.4436 1.2373e-01    22.5588      6.351      9.213    12.1337 0.0000e+00
      6.482      0.028     8.6715     80.915     55.057  40.917172     0.8593      6.936   237.3680 1.2381e-01    22.5788      6.356      9.219    12.1349 0.0000e+00
      6.490      0.027     8.6750     80.975     55.051  40.917276     0.8555      6.937   237.4294 1.2386e-01    22.5611      6.362      9.229    12.1397 0.0000e+00
      6.501      0.032     8.6793     81.040     55.029  40.906786     0.8512      6.938   237.6691 1.2380e-01    22.6185      6.376      9.249    12.1474 0.0000e+00
      6.511      0.038     8.6835     81.081     55.042  40.917276     0.8488      6.939   238.2866 1.2378e-01    22.6916      6.387      9.264    12.1536 0.0000e+00
      6.516      0.043     8.6877     81.077     55.050  40.917172     0.8509      6.940   239.3033 1.2374e-01    22.7625      6.389      9.266    12.1550 0.0000e+00
      6.526      0.046     8.6936     81.037     55.045  40.905531     0.8766      6.941   240.1528 1.2369e-01    22.8600      6.397      9.277    12.1587 0.0000e+00
      6.542      0.048     8.7002     80.968     55.046  40.903441     0.9103      6.941   240.4709 1.2371e-01    22.8458      6.415      9.304    12.1671 0.0000e+00
      6.559      0.054     8.7054     80.878     55.026  40.891911     0.9178      6.941   240.5683 1.2373e-01    22.7280      6.434      9.332    12.1695 0.0000e+00
      6.573      0.067     8.7053     80.790     55.025  40.893057     0.9168      6.937   241.5024 1.2375e-01    22.6999      6.448      9.351    12.1620 0.0000e+00
      6.582      0.077     8.7030     80.718     55.064  40.917291     0.9069      6.933   243.1611 1.2380e-01    22.7792      6.455      9.363    12.1509 0.0000e+00
      6.594      0.079     8.6967     80.665     55.090  40.931043     0.8894      6.931   244.1036 1.2380e-01    22.8665      6.459      9.367    12.1479 0.0000e+00
      6.624      0.074     8.6837     80.652     55.092  40.932396     0.8805      6.931   244.1229 1.2373e-01    22.8672      6.487      9.408    12.1553 0.0000e+00
      6.665      0.065     8.6732     80.687     55.084  40.933654     0.8660      6.931   243.9105 1.2369e-01    22.7874      6.545      9.493    12.1588 0.0000e+00
      6.689      0.053     8.6677     80.746     55.085  40.946251     0.8558      6.931   244.2035 1.2377e-01    22.7555      6.573      9.533    12.1513 0.0000e+00
      6.688      0.039     8.6620     80.822     55.088  40.957791     0.8650      6.932   245.0832 1.2386e-01    22.7894      6.556      9.510    12.1442 0.0000e+00
      6.681      0.029     8.6598     80.891     55.065  40.946261     0.8859      6.932   245.8570 1.2384e-01    22.8560      6.549      9.498    12.1433 0.0000e+00
      6.681      0.031     8.6646     80.921     55.046  40.933776     0.8924      6.931   246.0736 1.2384e-01    22.8777      6.553      9.505    12.1511 0.0000e+00
      6.682      0.048     8.6670     80.933     55.047  40.933776     0.8769      6.929   245.8961 1.2386e-01    22.8466      6.550      9.502    12.1641 0.0000e+00
      6.692      0.070     8.6746     80.938     55.062  40.946260     0.8639      6.928   245.5174 1.2386e-01    22.8556      6.555      9.507    12.1731 0.0000e+00
