Data/DataNotYetUploadedToEDI/Raw_CTD/RawDownloads/072224_fcr20_S7809003.cnv
* Sea-Bird SBE19plus  Data File:
* FileName = C:\R\Reservoirs\Data\DataNotYetUploadedToEDI\Raw_CTD\RawDownloads\072224_fcr50_S7809_0003.hex
* Software version 2.8.0.119
* Temperature SN = 7809
* Conductivity SN = 7809
* System UpLoad Time = Jul 23 2024 15:57:52
* <ApplicationData>
* <Seaterm232>
# nquan = 15
# nvalues = 1017                        
# units = specified
# name 0 = depFM: Depth [fresh water, m]
# name 1 = dz/dtM: Descent Rate [m/s]
# name 2 = sbeox0Mg/L: Oxygen, SBE 43 [mg/l]
# name 3 = sbeox0PS: Oxygen, SBE 43 [% saturation]
# name 4 = specc: Specific Conductance [uS/cm]
# name 5 = c0uS/cm: Conductivity [uS/cm]
# name 6 = flECO-AFL: Fluorescence, WET Labs ECO-AFL/FL [mg/m^3]
# name 7 = ph: pH
# name 8 = orp: Oxidation Reduction Potential [mV]
# name 9 = par/sat/log: PAR/Logarithmic, Satlantic
# name 10 = turbWETntu0: Turbidity, WET Labs ECO [NTU]
# name 11 = prdM: Pressure, Strain Gauge [db]
# name 12 = prdE: Pressure, Strain Gauge [psi]
# name 13 = tv290C: Temperature [ITS-90, deg C]
# name 14 = flag:  0.000e+00
# span 0 =     -0.649,      2.575       
# span 1 =     -0.120,      0.261       
# span 2 =    -0.2314,     7.7521       
# span 3 =     -2.504,     96.430       
# span 4 =      2.161,     72.215       
# span 5 =   2.193104,  65.329914       
# span 6 =    -0.1305,    29.1014       
# span 7 =      7.391,      7.725       
# span 8 =   182.2706,   402.2212       
# span 9 = 1.7531e+01, 7.6058e+02       
# span 10 =     1.2275,   100.5102      
# span 11 =     -0.637,      2.525      
# span 12 =     -0.924,      3.662      
# span 13 =    20.2018,    26.7009      
# span 14 = 0.0000e+00, 0.0000e+00      
# interval = seconds: 0.25
# start_time = Jul 22 2024 12:08:57 [Instrument's time stamp, header]
# bad_flag = -9.990e-29
*END*
[from data line 97]
      0.232     -0.001     3.9348     47.702     43.892  45.240750     5.3280      7.434   197.1232 1.4007e+02     4.2948      0.225      0.327    26.5559 0.0000e+00
      0.232     -0.003     3.8897     47.515     43.860  45.205518     5.3467      7.435   197.2034 1.3951e+02     4.2925      0.227      0.330    26.5321 0.0000e+00
      0.234     -0.004     3.8601     47.275     43.846  45.189829     5.3445      7.435   197.1796 1.4030e+02     4.2676      0.229      0.333    26.5297 0.0000e+00
      0.234     -0.007     3.8453     46.954     43.836  45.178016     5.3264      7.437   197.0940 1.4143e+02     4.1986      0.230      0.334    26.5322 0.0000e+00
      0.234     -0.012     3.8333     46.564     43.848  45.189636     5.3191      7.439   197.1149 1.4212e+02     4.1751      0.229      0.332    26.5314 0.0000e+00
      0.231     -0.020     3.8192     46.170     43.861  45.203367     5.3229      7.440   197.2599 1.4316e+02     4.2229      0.228      0.331    26.5278 0.0000e+00
      0.224     -0.026     3.8010     45.838     43.874  45.217092     5.3470      7.439   197.3844 1.4542e+02     4.2976      0.222      0.322    26.5257 0.0000e+00
      0.214     -0.028     3.7757     45.630     43.885  45.228624     5.3776      7.438   197.5010 1.4845e+02     4.2935      0.210      0.305    26.5243 0.0000e+00
      0.202     -0.026     3.7411     45.538     43.873  45.215844     5.3848      7.438   197.6383 1.5123e+02     4.2080      0.198      0.288    26.5239 0.0000e+00
      0.192     -0.021     3.7090     45.480     43.848  45.189520     5.3843      7.438   197.6675 1.5373e+02     4.1511      0.187      0.270    26.5238 0.0000e+00
      0.187     -0.015     3.6792     45.390     43.825  45.164258     5.3723      7.438   197.5962 1.5456e+02     4.1861      0.181      0.263    26.5243 0.0000e+00
      0.187     -0.008     3.6625     45.228     43.829  45.164309     5.3469      7.439   197.5497 1.5263e+02     4.2898      0.183      0.266    26.5248 0.0000e+00
      0.190     -0.001     3.6589     44.993     43.861  45.190139     5.3266      7.442   197.6226 1.5028e+02     4.3463      0.188      0.272    26.5249 0.0000e+00
      0.192      0.006     3.6556     44.738     43.900  45.222635     5.3275      7.444   197.7895 1.5006e+02     4.3228      0.191      0.277    26.5233 0.0000e+00
      0.192      0.011     3.6497     44.512     43.922  45.239815     5.3400      7.445   197.9323 1.5071e+02     4.2783      0.188      0.274    26.5221 0.0000e+00
      0.192      0.016     3.6373     44.340     43.895  45.207414     5.3452      7.447   197.9723 1.4922e+02     4.2864      0.186      0.270    26.5194 0.0000e+00
      0.196      0.021     3.6168     44.187     43.840  45.148269     5.3574      7.448   198.0151 1.4592e+02     4.3186      0.190      0.276    26.5089 0.0000e+00
      0.204      0.026     3.5958     44.004     43.792  45.095991     5.3549      7.447   198.3635 1.4267e+02     4.2586      0.199      0.288    26.4980 0.0000e+00
      0.214      0.027     3.5768     43.791     43.785  45.083150     5.3314      7.446   198.9152 1.3915e+02     4.1746      0.209      0.303    26.4929 0.0000e+00
      0.225      0.024     3.5642     43.551     43.832  45.119954     5.3224      7.442   199.2650 1.3520e+02     4.1577      0.221      0.321    26.4890 0.0000e+00
      0.234      0.019     3.5551     43.310     43.883  45.160099     5.3380      7.438   199.3234 1.3367e+02     4.1910      0.233      0.338    26.4842 0.0000e+00
      0.238      0.012     3.5386     43.130     43.915  45.187655     5.3624      7.434   199.2779 1.3566e+02     4.2693      0.235      0.341    26.4836 0.0000e+00
      0.236      0.006     3.5230     43.063     43.927  45.199205     5.3677      7.433   199.3167 1.3728e+02     4.3190      0.231      0.335    26.4811 0.0000e+00
      0.233      0.001     3.5037     43.092     43.903  45.172796     5.3522      7.435   199.3622 1.3706e+02     4.2792      0.227      0.329    26.4628 0.0000e+00
      0.232     -0.003     3.4833     43.130     43.856  45.122259     5.3327      7.437   199.3118 1.3791e+02     4.1981      0.226      0.329    26.4452 0.0000e+00
      0.233     -0.006     3.4674     43.115     43.833  45.095984     5.3226      7.438   199.2236 1.3936e+02     4.1921      0.228      0.331    26.4413 0.0000e+00
      0.233     -0.009     3.4619     43.048     43.848  45.109013     5.3305      7.440   199.2421 1.3983e+02     4.2752      0.229      0.332    26.4418 0.0000e+00
      0.233     -0.013     3.4681     42.941     43.895  45.152834     5.3450      7.442   199.3631 1.4076e+02     4.3492      0.230      0.334    26.4405 0.0000e+00
      0.229     -0.016     3.4733     42.819     43.927  45.181469     5.3557      7.444   199.3970 1.4282e+02     4.3355      0.226      0.328    26.4368 0.0000e+00
      0.220     -0.017     3.4715     42.739     43.888  45.137840     5.3526      7.444   199.4785 1.4445e+02     4.2456      0.216      0.313    26.4347 0.0000e+00
      0.210     -0.016     3.4659     42.712     43.824  45.069660     5.3320      7.444   199.6609 1.4453e+02     4.2523      0.204      0.296    26.4329 0.0000e+00
      0.204     -0.014     3.4577     42.708     43.812  45.055362     5.3314      7.443   199.7961 1.4430e+02     4.3488      0.198      0.287    26.4269 0.0000e+00
      0.204     -0.009     3.4453     42.709     43.849  45.091919     5.3536      7.441   199.9949 1.4463e+02     4.3881      0.199      0.289    26.4203 0.0000e+00
      0.207     -0.004     3.4393     42.726     43.890  45.130792     5.3583      7.440   200.2578 1.4539e+02     4.3507      0.203      0.295    26.4172 0.0000e+00
      0.208      0.002     3.4385     42.771     43.907  45.144507     5.3393      7.438   200.5644 1.4627e+02     4.2736      0.205      0.297    26.4143 0.0000e+00
      0.206      0.008     3.4390     42.861     43.896  45.130781     5.3323      7.435   200.8627 1.4704e+02     4.2749      0.202      0.293    26.4111 0.0000e+00
      0.203      0.013     3.4383     43.005     43.860  45.091780     5.3485      7.432   200.9392 1.4804e+02     4.3321      0.198      0.286    26.4115 0.0000e+00
      0.207      0.016     3.4400     43.178     43.827  45.053810     5.3517      7.432   200.8007 1.4752e+02     4.3169      0.199      0.289    26.4087 0.0000e+00
      0.217      0.016     3.4432     43.345     43.837  45.052553     5.3453      7.434   200.6519 1.4446e+02     4.2952      0.211      0.307    26.4011 0.0000e+00
      0.228      0.015     3.4499     43.481     43.873  45.076573     5.3384      7.437   200.6019 1.4214e+02     4.3087      0.227      0.328    26.3997 0.0000e+00
      0.233      0.012     3.4631     43.621     43.894  45.090299     5.3174      7.441   200.5406 1.4302e+02     4.3105      0.232      0.336    26.3987 0.0000e+00
      0.231      0.007     3.4774     43.815     43.894  45.091547     5.3004      7.445   200.4271 1.4514e+02     4.3165      0.227      0.329    26.3950 0.0000e+00
      0.227      0.002     3.4937     44.070     43.891  45.091662     5.2993      7.447   200.4348 1.4506e+02     4.3475      0.221      0.321    26.3823 0.0000e+00
      0.225     -0.002     3.5041     44.314     43.889  45.091692     5.3036      7.448   200.5475 1.4343e+02     4.3777      0.220      0.319    26.3614 0.0000e+00
      0.227     -0.005     3.5143     44.458     43.888  45.091910     5.2943      7.450   200.4988 1.4283e+02     4.3398      0.222      0.322    26.3531 0.0000e+00
      0.229     -0.008     3.5291     44.493     43.889  45.094303     5.2703      7.453   200.2764 1.4293e+02     4.2992      0.224      0.326    26.3562 0.0000e+00
      0.229     -0.012     3.5515     44.484     43.914  45.120629     5.2540      7.455   200.1813 1.4383e+02     4.2977      0.226      0.328    26.3617 0.0000e+00
      0.226     -0.014     3.5751     44.535     43.949  45.156304     5.2562      7.457   200.2958 1.4608e+02     4.2871      0.224      0.326    26.3645 0.0000e+00
      0.217     -0.014     3.5860     44.743     43.939  45.144772     5.2972      7.458   200.3700 1.4944e+02     4.2731      0.214      0.311    26.3654 0.0000e+00
      0.207     -0.012     3.5867     45.068     43.902  45.108152     5.3587      7.458   200.3895 1.5159e+02     4.2309      0.200      0.289    26.3688 0.0000e+00
      0.202     -0.009     3.5832     45.356     43.889  45.094417     5.3832      7.460   200.4461 1.5040e+02     4.2207      0.194      0.281    26.3693 0.0000e+00
      0.205     -0.006     3.5833     45.506     43.907  45.105655     5.3771      7.463   200.4522 1.4834e+02     4.2521      0.200      0.290    26.3657 0.0000e+00
      0.210     -0.002     3.6010     45.514     43.927  45.117065     5.3681      7.465   200.4634 1.4747e+02     4.2696      0.208      0.301    26.3648 0.0000e+00
      0.211      0.001     3.6338     45.441     43.922  45.105398     5.3576      7.465   200.4952 1.4795e+02     4.2612      0.209      0.303    26.3672 0.0000e+00
      0.208      0.003     3.6593     45.361     43.908  45.091548     5.3340      7.465   200.5783 1.4876e+02     4.2190      0.204      0.296    26.3698 0.0000e+00
      0.205      0.007     3.6717     45.321     43.890  45.076554     5.3077      7.464   200.8663 1.4855e+02     4.2367      0.200      0.290    26.3617 0.0000e+00
      0.205      0.012     3.6715     45.337     43.862  45.051059     5.3059      7.462   201.2243 1.4804e+02     4.3045      0.200      0.291    26.3449 0.0000e+00
      0.208      0.018     3.6635     45.372     43.848  45.037210     5.3197      7.459   201.4644 1.4751e+02     4.3217      0.202      0.294    26.3386 0.0000e+00
      0.215      0.023     3.6560     45.368     43.851  45.036074     5.3336      7.457   201.6183 1.4583e+02     4.3418      0.208      0.303    26.3397 0.0000e+00
      0.227      0.023     3.6516     45.312     43.859  45.037314     5.3319      7.456   201.7953 1.4322e+02     4.3432      0.222      0.322    26.3446 0.0000e+00
      0.239      0.020     3.6536     45.253     43.879  45.052184     5.3246      7.456   201.8836 1.4147e+02     4.3043      0.237      0.343    26.3507 0.0000e+00
      0.244      0.014     3.6590     45.275     43.916  45.088906     5.3286      7.457   201.6532 1.4127e+02     4.3160      0.244      0.352    26.3512 0.0000e+00
      0.244      0.008     3.6587     45.406     43.925  45.100448     5.3302      7.460   201.4190 1.4208e+02     4.3471      0.240      0.348    26.3463 0.0000e+00
      0.240      0.002     3.6544     45.606     43.888  45.064783     5.3362      7.464   201.4615 1.4232e+02     4.3736      0.234      0.339    26.3364 0.0000e+00
      0.238     -0.002     3.6459     45.771     43.862  45.038551     5.3341      7.466   201.4785 1.4191e+02     4.3636      0.233      0.338    26.3281 0.0000e+00
      0.239     -0.002     3.6478     45.797     43.861  45.037190     5.3041      7.468   201.3655 1.4266e+02     4.3276      0.235      0.340    26.3276 0.0000e+00
      0.239      0.000     3.6591     45.694     43.871  45.048323     5.2737      7.471   201.3868 1.4339e+02     4.3150      0.234      0.340    26.3316 0.0000e+00
      0.239      0.002     3.6773     45.485     43.867  45.046213     5.2741      7.473   201.4774 1.4330e+02     4.3139      0.234      0.340    26.3346 0.0000e+00
      0.240      0.002     3.6966     45.185     43.832  45.011681     5.3003      7.475   201.5139 1.4327e+02     4.3484      0.235      0.342    26.3348 0.0000e+00
      0.242      0.001     3.6953     44.840     43.831  45.011670     5.3245      7.477   201.5706 1.4284e+02     4.3218      0.237      0.344    26.3347 0.0000e+00
      0.242      0.001     3.6875     44.499     43.862  45.046085     5.3338      7.477   201.5613 1.4256e+02     4.2648      0.238      0.344    26.3358 0.0000e+00
      0.242      0.000     3.6701     44.198     43.862  45.046926     5.3290      7.478   201.5725 1.4299e+02     4.2752      0.237      0.344    26.3375 0.0000e+00
      0.241     -0.000     3.6443     43.953     43.836  45.021839     5.3246      7.479   201.6202 1.4311e+02     4.2758      0.236      0.343    26.3392 0.0000e+00
      0.240     -0.001     3.6149     43.758     43.811  44.996676     5.3393      7.481   201.5360 1.4261e+02     4.2726      0.235      0.341    26.3408 0.0000e+00
      0.240     -0.003     3.5860     43.578     43.811  44.996583     5.3497      7.483   201.4144 1.4220e+02     4.2370      0.235      0.341    26.3428 0.0000e+00
      0.240     -0.004     3.5618     43.402     43.835  45.020714     5.3333      7.485   201.3551 1.4186e+02     4.1863      0.237      0.343    26.3446 0.0000e+00
      0.240     -0.004     3.5410     43.219     43.848  45.034543     5.3154      7.488   201.3356 1.4190e+02     4.2054      0.236      0.343    26.3457 0.0000e+00
      0.238     -0.003     3.5280     43.041     43.850  45.036827     5.3161      7.490   201.4355 1.4255e+02     4.2632      0.234      0.339    26.3462 0.0000e+00
      0.234     -0.001     3.5123     42.886     43.860  45.048335     5.3345      7.492   201.6165 1.4333e+02     4.3057      0.229      0.332    26.3462 0.0000e+00
      0.232      0.001     3.4997     42.745     43.980  45.173681     5.3380      7.492   201.8050 1.4379e+02     4.2745      0.227      0.329    26.3461 0.0000e+00
      0.234      0.002     3.4839     42.860     44.258  45.473236     5.3166      7.491   201.9931 1.4308e+02     4.1936      0.229      0.332    26.3465 0.0000e+00
      0.239      0.001     3.4686     44.217     44.482  45.750228     5.3087      7.491   201.9983 1.4252e+02     4.1808      0.234      0.340    26.3474 0.0000e+00
      0.242     -0.002     3.4571     47.873     44.515  45.856720     5.3257      7.491   201.8674 1.4278e+02     4.2563      0.239      0.347    26.3488 0.0000e+00
      0.242     -0.007     3.4451     53.373     44.469  45.872215     5.3469      7.491   201.7867 1.4277e+02     4.2869      0.240      0.347    26.3490 0.0000e+00
      0.237     -0.012     3.4254     59.105     44.435  45.874185     5.3408      7.493   201.7107 1.4341e+02     4.2095      0.233      0.338    26.3503 0.0000e+00
      0.230     -0.014     3.4804     63.959     44.423  45.880606     5.3188      7.495   201.6378 1.4488e+02     4.1410      0.225      0.327    26.4040 0.0000e+00
      0.224     -0.014     3.7860     67.646     44.419  45.886396     5.3135      7.497   201.6794 1.4585e+02     4.1407      0.219      0.318    26.5096 0.0000e+00
      0.219     -0.009     4.2857     70.106     44.408  45.880735     5.3264      7.499   201.7832 1.4609e+02     4.2059      0.213      0.310    26.5838 0.0000e+00
      0.217     -0.001     4.7724     71.331     44.400  45.875637     5.3498      7.502   201.8598 1.4666e+02     4.2804      0.211      0.307    26.6189 0.0000e+00
      0.217      0.007     5.1609     71.395     44.410  45.888238     5.3552      7.504   201.9173 1.4709e+02     4.2568      0.212      0.307    26.6382 0.0000e+00
      0.222      0.012     5.4583     70.566     44.426  45.906137     5.3339      7.505   201.8764 1.4595e+02     4.1937      0.216      0.313    26.6469 0.0000e+00
      0.229      0.014     5.6551     69.343     44.421  45.901613     5.3168      7.506   201.7958 1.4423e+02     4.1667      0.225      0.326    26.6521 0.0000e+00
      0.236      0.013     5.7515     68.178     44.416  45.897024     5.3233      7.508   201.8032 1.4317e+02     4.2030      0.234      0.339    26.6551 0.0000e+00
      0.240      0.011     5.7507     67.274     44.433  45.914134     5.3461      7.510   201.8800 1.4272e+02     4.2906      0.236      0.343    26.6583 0.0000e+00
      0.240      0.008     5.6663     66.649     44.437  45.918046     5.3841      7.510   201.9494 1.4264e+02     4.3380      0.236      0.341    26.6601 0.0000e+00
