Data/DataNotYetUploadedToEDI/Raw_CTD/RawDownloads/072224_fcr30_S7809004.cnv
* Sea-Bird SBE19plus  Data File:
* FileName = C:\R\Reservoirs\Data\DataNotYetUploadedToEDI\Raw_CTD\RawDownloads\072224_fcr50_S7809_0004.hex
* Software version 2.8.0.119
* Temperature SN = 7809
* Conductivity SN = 7809
* System UpLoad Time = Jul 23 2024 15:58:30
* <ApplicationData>
* <Seaterm232>
# nquan = 15
# nvalues = 1196                        
# units = specified
# name 0 = depFM: Depth [fresh water, m]
# name 1 = dz/dtM: Descent Rate [m/s]
# name 2 = sbeox0Mg/L: Oxygen, SBE 43 [mg/l]
# name 3 = sbeox0PS: Oxygen, SBE 43 [% saturation]
# name 4 = specc: Specific Conductance [uS/cm]
# name 5 = c0uS/cm: Conductivity [uS/cm]
# name 6 = flECO-AFL: Fluorescence, WET Labs ECO-AFL/FL [mg/m^3]
# name 7 = ph: pH
# name 8 = orp: Oxidation Reduction Potential [mV]
# name 9 = par/sat/log: PAR/Logarithmic, Satlantic
# name 10 = turbWETntu0: Turbidity, WET Labs ECO [NTU]
# name 11 = prdM: Pressure, Strain Gauge [db]
# name 12 = prdE: Pressure, Strain Gauge [psi]
# name 13 = tv290C: Temperature [ITS-90, deg C]
# name 14 = flag:  0.000e+00
# span 0 =     -0.646,      5.247       
# span 1 =     -0.017,      0.281       
# span 2 =     0.0941,     8.3195       
# span 3 =      1.046,     99.360       
# span 4 =      1.538,     76.647       
# span 5 =   1.530617,  64.542268       
# span 6 =    -0.1075,    18.8293       
# span 7 =      7.563,      7.869       
# span 8 =   115.3020,   515.3021       
# span 9 = 1.2404e-01, 1.9133e+03       
# span 10 =    -0.2973,   227.3022      
# span 11 =     -0.634,      5.146      
# span 12 =     -0.920,      7.464      
# span 13 =    12.1629,    26.7131      
# span 14 = 0.0000e+00, 0.0000e+00      
# interval = seconds: 0.25
# start_time = Jul 22 2024 12:17:30 [Instrument's time stamp, header]
# bad_flag = -9.990e-29
*END*
[from data line 868]
      0.184      0.001     5.5088     68.686     44.192  45.677024     6.1595      7.796   223.2232 2.6701e+02     2.4861      0.178      0.258    26.6759 0.0000e+00
      0.182      0.001     5.5044     68.674     44.194  45.678066     6.1521      7.798   223.0209 2.6616e+02     2.4816      0.175      0.255    26.6756 0.0000e+00
      0.187      0.001     5.5027     68.680     44.194  45.678170     6.1380      7.798   222.9621 2.6332e+02     2.4221      0.182      0.265    26.6753 0.0000e+00
      0.193      0.001     5.5048     68.705     44.194  45.678282     6.1388      7.798   223.1147 2.6136e+02     2.4161      0.191      0.277    26.6751 0.0000e+00
      0.196      0.000     5.5052     68.720     44.195  45.679418     6.1533      7.799   223.2312 2.6351e+02     2.4773      0.195      0.283    26.6745 0.0000e+00
      0.193     -0.001     5.5027     68.715     44.207  45.691906     6.1558      7.800   223.1654 2.6551e+02     2.4787      0.191      0.276    26.6734 0.0000e+00
      0.187     -0.001     5.5030     68.698     44.217  45.702313     6.1686      7.802   223.0940 2.6571e+02     2.4337      0.183      0.265    26.6731 0.0000e+00
      0.183      0.001     5.5067     68.679     44.193  45.678294     6.2077      7.802   223.1430 2.6667e+02     2.4108      0.177      0.257    26.6733 0.0000e+00
      0.184      0.006     5.5078     68.680     44.171  45.655410     6.2371      7.802   223.1554 2.6601e+02     2.4411      0.178      0.259    26.6740 0.0000e+00
      0.188      0.011     5.5070     68.715     44.196  45.679542     6.2499      7.801   223.1579 2.6413e+02     2.5266      0.185      0.268    26.6743 0.0000e+00
      0.193      0.014     5.5054     68.731     44.232  45.716161     6.2377      7.801   223.1728 2.6158e+02     2.5564      0.190      0.274    26.6740 0.0000e+00
      0.200      0.012     5.5036     68.666     44.233  45.717287     6.1898      7.802   223.1637 2.5681e+02     2.4943      0.195      0.284    26.6739 0.0000e+00
      0.208      0.007     5.5022     68.567     44.210  45.693153     6.1372      7.803   223.1333 2.5338e+02     2.4247      0.205      0.299    26.6737 0.0000e+00
      0.210      0.002     5.5069     68.507     44.195  45.678283     6.1088      7.803   223.0641 2.5520e+02     2.4319      0.208      0.303    26.6730 0.0000e+00
      0.206     -0.002     5.5119     68.477     44.181  45.664445     6.1211      7.803   223.1009 2.5868e+02     2.5132      0.202      0.293    26.6721 0.0000e+00
      0.199     -0.004     5.5040     68.457     44.170  45.652799     6.1532      7.803   223.2343 2.5997e+02     2.5198      0.195      0.283    26.6720 0.0000e+00
      0.194     -0.005     5.4928     68.456     44.181  45.664435     6.1720      7.799   223.3865 2.6065e+02     2.4431      0.190      0.275    26.6719 0.0000e+00
      0.193     -0.007     5.4897     68.477     44.194  45.678179     6.1657      7.796   223.5643 2.6038e+02     2.4053      0.187      0.272    26.6718 0.0000e+00
      0.198     -0.007     5.4878     68.537     44.208  45.692019     6.1598      7.794   223.6629 2.5881e+02     2.4046      0.194      0.282    26.6719 0.0000e+00
      0.203     -0.006     5.4854     68.628     44.220  45.704809     6.1848      7.794   223.7187 2.6052e+02     2.4005      0.202      0.293    26.6721 0.0000e+00
      0.198     -0.005     5.4859     68.667     44.221  45.705869     6.2083      7.793   223.8090 2.6719e+02     2.4242      0.197      0.286    26.6724 0.0000e+00
      0.188     -0.003     5.4866     68.593     44.220  45.704830     6.2110      7.793   223.8075 2.7265e+02     2.4526      0.183      0.265    26.6722 0.0000e+00
      0.182     -0.001     5.4909     68.483     44.208  45.692247     6.2097      7.794   223.7006 2.7152e+02     2.4013      0.175      0.254    26.6724 0.0000e+00
      0.186      0.002     5.5012     68.435     44.197  45.680686     6.2253      7.795   223.6359 2.6502e+02     2.3847      0.180      0.262    26.6726 0.0000e+00
      0.195      0.007     5.5079     68.477     44.209  45.692010     6.2502      7.795   223.7136 2.6052e+02     2.4907      0.192      0.279    26.6727 0.0000e+00
      0.200      0.010     5.4980     68.565     44.219  45.702198     6.2614      7.795   223.7792 2.6124e+02     2.5565      0.198      0.288    26.6726 0.0000e+00
      0.200      0.010     5.4859     68.644     44.195  45.676910     6.2608      7.796   223.6550 2.6169e+02     2.4974      0.195      0.284    26.6724 0.0000e+00
      0.200      0.007     5.4816     68.708     44.159  45.640176     6.2353      7.797   223.5028 2.5904e+02     2.3560      0.195      0.282    26.6719 0.0000e+00
      0.202      0.003     5.4864     68.769     44.159  45.638927     6.2025      7.798   223.4008 2.5701e+02     2.2480      0.198      0.288    26.6711 0.0000e+00
      0.203     -0.002     5.4959     68.785     44.181  45.661811     6.1883      7.801   223.2825 2.5702e+02     2.2507      0.199      0.289    26.6705 0.0000e+00
      0.203     -0.007     5.5020     68.709     44.182  45.662947     6.1879      7.804   223.1044 2.5615e+02     2.2856      0.198      0.287    26.6700 0.0000e+00
      0.203     -0.012     5.5060     68.598     44.172  45.652652     6.1901      7.807   223.0549 2.5703e+02     2.3281      0.200      0.291    26.6698 0.0000e+00
      0.201     -0.014     5.5123     68.521     44.183  45.664297     6.1646      7.807   223.2857 2.6258e+02     2.3896      0.200      0.290    26.6695 0.0000e+00
      0.193     -0.013     5.5169     68.487     44.195  45.676794     6.1374      7.806   223.4857 2.6952e+02     2.4475      0.191      0.277    26.6695 0.0000e+00
      0.182     -0.010     5.5074     68.497     44.195  45.676794     6.1362      7.803   223.5808 2.7344e+02     2.4823      0.176      0.257    26.6695 0.0000e+00
      0.176     -0.007     5.4961     68.534     44.184  45.664299     6.1503      7.801   223.6608 2.7194e+02     2.5033      0.168      0.245    26.6694 0.0000e+00
      0.179     -0.004     5.4908     68.571     44.173  45.652672     6.1825      7.800   223.6791 2.6813e+02     2.4954      0.173      0.251    26.6699 0.0000e+00
      0.187     -0.002     5.4872     68.576     44.183  45.663174     6.2014      7.798   223.7160 2.6644e+02     2.4218      0.185      0.269    26.6701 0.0000e+00
      0.191     -0.000     5.4891     68.540     44.184  45.664319     6.1874      7.798   223.7622 2.6779e+02     2.3986      0.191      0.278    26.6697 0.0000e+00
      0.188      0.001     5.4928     68.530     44.186  45.666513     6.1212      7.798   223.7214 2.6979e+02     2.4886      0.186      0.269    26.6685 0.0000e+00
      0.182      0.001     5.4965     68.579     44.208  45.689700     6.0167      7.799   223.5677 2.7070e+02     2.5529      0.178      0.258    26.6679 0.0000e+00
      0.178      0.002     5.4987     68.628     44.209  45.690758     5.9729      7.801   223.3657 2.7119e+02     2.4929      0.172      0.250    26.6687 0.0000e+00
      0.179      0.004     5.4918     68.636     44.198  45.679302     5.9825      7.803   223.2582 2.6920e+02     2.4122      0.173      0.251    26.6690 0.0000e+00
      0.187      0.006     5.4898     68.640     44.197  45.678148     5.9994      7.806   223.3001 2.6495e+02     2.3967      0.183      0.265    26.6694 0.0000e+00
      0.194      0.006     5.4965     68.652     44.196  45.676805     6.0356      7.808   223.3567 2.6279e+02     2.4092      0.193      0.280    26.6697 0.0000e+00
      0.196      0.005     5.5024     68.653     44.182  45.663061     6.0711      7.810   223.3407 2.6364e+02     2.4600      0.193      0.282    26.6694 0.0000e+00
      0.193      0.003     5.5005     68.648     44.158  45.638926     6.0960      7.812   223.2786 2.6619e+02     2.4992      0.189      0.273    26.6690 0.0000e+00
      0.190     -0.001     5.5005     68.618     44.158  45.638917     6.0953      7.813   223.1219 2.6794e+02     2.4397      0.186      0.269    26.6689 0.0000e+00
      0.189     -0.003     5.5033     68.580     44.181  45.662946     6.0709      7.816   222.9079 2.6744e+02     2.2865      0.184      0.267    26.6694 0.0000e+00
      0.190     -0.003     5.5014     68.569     44.193  45.675536     6.0591      7.818   222.7568 2.6678e+02     2.1493      0.185      0.269    26.6698 0.0000e+00
      0.190     -0.001     5.5031     68.581     44.181  45.664194     6.0686      7.820   222.7573 2.6674e+02     2.1474      0.187      0.271    26.6700 0.0000e+00
      0.189      0.001     5.4996     68.599     44.170  45.652766     6.0857      7.820   222.8281 2.6762e+02     2.2290      0.186      0.270    26.6703 0.0000e+00
      0.188      0.002     5.4949     68.596     44.182  45.664318     6.0826      7.821   222.8377 2.6806e+02     2.2821      0.183      0.266    26.6705 0.0000e+00
      0.188      0.002     5.4950     68.580     44.194  45.676910     6.0647      7.824   222.8737 2.6617e+02     2.3117      0.182      0.264    26.6706 0.0000e+00
      0.191      0.001     5.4957     68.597     44.195  45.678054     6.0610      7.826   222.9204 2.6445e+02     2.3481      0.187      0.271    26.6711 0.0000e+00
      0.194      0.001     5.4984     68.630     44.195  45.678158     6.0714      7.827   222.8856 2.6469e+02     2.4138      0.192      0.279    26.6714 0.0000e+00
      0.194      0.000     5.4988     68.643     44.196  45.678168     6.0743      7.828   222.7962 2.6609e+02     2.4574      0.191      0.278    26.6714 0.0000e+00
      0.191     -0.001     5.4942     68.663     44.196  45.678169     6.0461      7.829   222.7011 2.6687e+02     2.3965      0.187      0.271    26.6718 0.0000e+00
      0.189     -0.001     5.4967     68.691     44.196  45.678169     6.0135      7.829   222.5956 2.6588e+02     2.3265      0.185      0.268    26.6720 0.0000e+00
      0.189     -0.001     5.5019     68.706     44.196  45.678168     6.0130      7.830   222.4669 2.6569e+02     2.3288      0.185      0.269    26.6715 0.0000e+00
      0.189      0.001     5.5003     68.707     44.196  45.678158     6.0814      7.831   222.4358 2.6608e+02     2.3899      0.185      0.269    26.6710 0.0000e+00
      0.190      0.004     5.5026     68.697     44.195  45.678044     6.1991      7.832   222.4770 2.6619e+02     2.4500      0.186      0.270    26.6707 0.0000e+00
      0.192      0.004     5.5058     68.678     44.194  45.676795     6.2546      7.833   222.4485 2.6721e+02     2.4409      0.188      0.273    26.6706 0.0000e+00
      0.193      0.003     5.5066     68.662     44.180  45.663060     6.2451      7.835   222.4356 2.6578e+02     2.3824      0.189      0.274    26.6706 0.0000e+00
      0.196      0.000     5.5067     68.641     44.156  45.638927     6.1996      7.836   222.4941 2.6308e+02     2.3912      0.192      0.279    26.6707 0.0000e+00
      0.198     -0.003     5.5061     68.608     44.156  45.638927     6.1300      7.836   222.5532 2.6294e+02     2.5139      0.196      0.284    26.6712 0.0000e+00
      0.196     -0.006     5.5037     68.587     44.179  45.663060     6.1020      7.835   222.6342 2.6433e+02     2.5686      0.193      0.280    26.6718 0.0000e+00
      0.191     -0.010     5.5027     68.590     44.193  45.676795     6.1025      7.835   222.8707 2.6534e+02     2.5055      0.187      0.271    26.6721 0.0000e+00
      0.186     -0.011     5.5019     68.603     44.194  45.678044     6.0619      7.832   223.2621 2.6640e+02     2.3651      0.182      0.264    26.6722 0.0000e+00
      0.184     -0.009     5.4977     68.617     44.194  45.678157     5.9852      7.827   223.5808 2.6894e+02     2.2040      0.181      0.262    26.6727 0.0000e+00
      0.181     -0.004     5.4956     68.615     44.194  45.678158     5.9579      7.820   223.7988 2.7252e+02     2.1965      0.178      0.258    26.6729 0.0000e+00
      0.179      0.000     5.4970     68.588     44.194  45.678054     5.9813      7.815   224.0044 2.7565e+02     2.2413      0.173      0.251    26.6723 0.0000e+00
      0.180      0.001     5.4976     68.549     44.192  45.676909     5.9851      7.811   224.1747 2.7473e+02     2.1989      0.175      0.255    26.6722 0.0000e+00
      0.185      0.001     5.4995     68.494     44.179  45.664309     6.0284      7.809   224.3948 2.7233e+02     2.1964      0.182      0.265    26.6723 0.0000e+00
      0.187      0.001     5.5003     68.464     44.167  45.652673     6.1471      7.807   224.6863 2.7238e+02     2.3133      0.185      0.268    26.6722 0.0000e+00
      0.186      0.000     5.4962     68.492     44.178  45.663183     6.2302      7.802   224.9453 2.7241e+02     2.4505      0.184      0.266    26.6730 0.0000e+00
      0.183     -0.001     5.4947     68.530     44.179  45.664422     6.2504      7.798   225.1174 2.7276e+02     2.5239      0.179      0.260    26.6740 0.0000e+00
      0.181     -0.002     5.4886     68.556     44.183  45.667657     6.1915      7.795   225.1332 2.7237e+02     2.5515      0.176      0.256    26.6749 0.0000e+00
      0.181     -0.002     5.4834     68.591     44.216  45.702292     6.0508      7.794   224.9645 2.7129e+02     2.5107      0.177      0.257    26.6758 0.0000e+00
      0.182     -0.001     5.4892     68.643     44.216  45.702311     5.9643      7.794   224.7988 2.7197e+02     2.4064      0.178      0.258    26.6753 0.0000e+00
      0.182      0.001     5.4927     68.716     44.183  45.667886     5.9696      7.795   224.8505 2.7270e+02     2.3834      0.179      0.259    26.6742 0.0000e+00
      0.182      0.001     5.4933     68.784     44.182  45.666941     6.0150      7.794   224.9868 2.7372e+02     2.4378      0.179      0.259    26.6733 0.0000e+00
      0.182      0.001     5.4968     68.796     44.205  45.690884     6.0722      7.793   224.9840 2.7467e+02     2.4493      0.179      0.259    26.6734 0.0000e+00
      0.183      0.000     5.5000     68.754     44.217  45.703456     6.0957      7.794   224.9035 2.7490e+02     2.4191      0.179      0.260    26.6737 0.0000e+00
      0.183 5.5543e-08     5.5067     68.687     44.205  45.691999     6.0826      7.798   224.8729 2.7571e+02     2.3810      0.179      0.260    26.6735 0.0000e+00
      0.183 6.1098e-07     5.5146     68.635     44.193  45.679311     6.0637      7.801   224.8722 2.7504e+02     2.3981      0.178      0.259    26.6734 0.0000e+00
      0.183      0.000     5.5148     68.625     44.191  45.677013     6.0506      7.801   224.8959 2.7259e+02     2.4551      0.179      0.260    26.6737 0.0000e+00
      0.183      0.000     5.5106     68.645     44.179  45.664214     6.0491      7.801   224.9866 2.7138e+02     2.4895      0.179      0.260    26.6742 0.0000e+00
      0.183      0.001     5.5040     68.685     44.168  45.651519     6.0448      7.801   225.0230 2.7134e+02     2.4720      0.179      0.260    26.6748 0.0000e+00
      0.183      0.001     5.4986     68.732     44.168  45.650468     6.0393      7.801   224.9059 2.7099e+02     2.4147      0.179      0.260    26.6750 0.0000e+00
      0.183      0.000     5.4986     68.751     44.170  45.651508     6.0588      7.802   224.7749 2.7073e+02     2.4116      0.179      0.260    26.6751 0.0000e+00
      0.184 2.1860e-08     5.5007     68.724     44.183  45.664090     6.0885      7.804   224.7304 2.7134e+02     2.4687      0.180      0.261    26.6752 0.0000e+00
      0.184 2.4046e-07     5.5036     68.660     44.194  45.675640     6.0998      7.806   224.6252 2.7267e+02     2.5243      0.180      0.262    26.6740 0.0000e+00
      0.183 6.1299e-07     5.5093     68.571     44.183  45.664202     6.0868      7.808   224.4488 2.7293e+02     2.5030      0.180      0.261    26.6719 0.0000e+00
      0.183      0.000     5.5118     68.506     44.173  45.652756     6.0971      7.809   224.4044 2.7267e+02     2.4160      0.179      0.260    26.6705 0.0000e+00
