Data/DataNotYetUploadedToEDI/Raw_CTD/RawDownloads/072224_bvr50_S8188001.cnv
* Sea-Bird SBE19plus  Data File:
* FileName = C:\R\Reservoirs\Data\DataNotYetUploadedToEDI\Raw_CTD\RawDownloads\072224_bvr50_S8188_0001.hex
* Software version 2.8.0.119
* Temperature SN = 8188
* Conductivity SN = 8188
* System UpLoad Time = Jul 30 2024 14:44:22
* <ApplicationData>
* <Seaterm232>
# nquan = 16
# nvalues = 2475                        
# units = specified
# name 0 = depFM: Depth [fresh water, m]
# name 1 = dz/dtM: Descent Rate [m/s]
# name 2 = sbeox0Mg/L: Oxygen, SBE 43 [mg/l]
# name 3 = sbeox0PS: Oxygen, SBE 43 [% saturation]
# name 4 = specc: Specific Conductance [uS/cm]
# name 5 = c0uS/cm: Conductivity [uS/cm]
# name 6 = wetCDOM: Fluorescence, WET Labs CDOM [mg/m^3]
# name 7 = flECO-AFL: Fluorescence, WET Labs ECO-AFL/FL [mg/m^3]
# name 8 = flECO-AFL1: Fluorescence, WET Labs ECO-AFL/FL, 2 [mg/m^3]
# name 9 = flECO-AFL2: Fluorescence, WET Labs ECO-AFL/FL, 3 [mg/m^3]
# name 10 = par/sat/log: PAR/Logarithmic, Satlantic
# name 11 = turbWETntu0: Turbidity, WET Labs ECO [NTU]
# name 12 = prdM: Pressure, Strain Gauge [db]
# name 13 = prdE: Pressure, Strain Gauge [psi]
# name 14 = tv290C: Temperature [ITS-90, deg C]
# name 15 = flag:  0.000e+00
# span 0 =     -0.732,      9.278       
# span 1 =     -0.221,      0.107       
# span 2 =    -0.3058,     9.9170       
# span 3 =     -3.053,    123.483       
# span 4 =      0.333,    129.438       
# span 5 =   0.311705,  91.277775       
# span 6 =    -4.5000,    66.9600       
# span 7 =    -0.2769,    38.6374       
# span 8 =    -2.1300,     1.6614       
# span 9 =    -2.0304,    17.9352       
# span 10 = 1.1585e-01, 1.9797e+02      
# span 11 =    -0.8987,    78.2892      
# span 12 =     -0.718,      9.099      
# span 13 =     -1.041,     13.197      
# span 14 =    10.2416,    26.6224      
# span 15 = 0.0000e+00, 0.0000e+00      
# interval = seconds: 0.25
# start_time = Jul 22 2024 09:48:08 [Instrument's time stamp, header]
# bad_flag = -9.990e-29
*END*
[from data line 2170]
      5.283     -0.094     0.0585      0.529     90.128  64.465535    42.9300     1.5541     0.0852     2.1996 1.1595e-01     2.5305      5.180      7.514    10.7461 0.0000e+00
      5.256     -0.088     0.0591      0.517     90.040  64.409311    43.2900     1.5694     0.0852     2.1996 1.1605e-01     2.6513      5.154      7.475    10.7484 0.0000e+00
      5.232     -0.078     0.0595      0.505     90.028  64.403869    43.2900     1.8479     0.0852     2.1996 1.1605e-01     2.3945      5.130      7.441    10.7519 0.0000e+00
      5.213     -0.066     0.0594      0.496     90.034  64.409853    43.2900     1.7945     0.0852     2.1996 1.1612e-01     2.2737      5.111      7.414    10.7564 0.0000e+00
      5.199     -0.054     0.0586      0.491     90.000  64.384969    43.2900     1.8135     0.0852     2.1996 1.1617e-01     2.3341      5.098      7.394    10.7609 0.0000e+00
      5.189     -0.043     0.0573      0.489     89.908  64.318593    43.2900     1.8059     0.0852     2.1996 1.1615e-01     2.3945      5.088      7.380    10.7643 0.0000e+00
      5.181     -0.036     0.0560      0.490     89.755  64.208984    43.8300     1.8670     0.0852     2.2842 1.1600e-01     2.1528      5.081      7.369    10.7664 0.0000e+00
      5.175     -0.033     0.0550      0.493     89.544  64.060826    43.8300     1.8784     0.0852     2.2842 1.1615e-01     2.1830      5.074      7.360    10.7672 0.0000e+00
      5.168     -0.033     0.0544      0.499     89.348  63.926378    43.8300     1.8975     0.0852     2.2842 1.1623e-01     2.1377      5.067      7.350    10.7670 0.0000e+00
      5.160     -0.038     0.0542      0.503     89.205  63.829635    43.8300     1.9013     0.0852     2.2842 1.1605e-01     2.2435      5.060      7.339    10.7666 0.0000e+00
      5.151     -0.045     0.0544      0.499     89.005  63.692931    43.4700     1.8593     0.0852     2.3688 1.1605e-01     2.1377      5.052      7.327    10.7667 0.0000e+00
      5.140     -0.054     0.0546      0.491     88.751  63.519709    43.4700     1.8517     0.0852     2.3688 1.1600e-01     2.1377      5.041      7.311    10.7682 0.0000e+00
      5.126     -0.064     0.0553      0.488     88.567  63.399430    43.4700     1.8746     0.0852     2.3688 1.1615e-01     2.1679      5.026      7.290    10.7712 0.0000e+00
      5.107     -0.072     0.0557      0.490     88.430  63.313985    43.4700     1.8517     0.0852     2.3688 1.1625e-01     2.0924      5.008      7.264    10.7746 0.0000e+00
      5.085     -0.077     0.0553      0.496     88.251  63.198697    43.6500     1.8708     0.0852     2.1996 1.1612e-01     2.1075      4.987      7.233    10.7781 0.0000e+00
      5.062     -0.077     0.0545      0.503     87.995  63.028809    43.6500     1.8822     0.0852     2.1996 1.1628e-01     2.4701      4.964      7.199    10.7827 0.0000e+00
      5.038     -0.072     0.0540      0.507     87.641  62.788939    43.6500     1.8784     0.0852     2.1996 1.1623e-01     2.3945      4.941      7.166    10.7891 0.0000e+00
      5.018     -0.063     0.0542      0.513     87.290  62.552765    43.6500     1.8746     0.0852     2.1996 1.1605e-01     2.3039      4.921      7.138    10.7963 0.0000e+00
      5.003     -0.052     0.0549      0.515     87.129  62.450799    43.6500     1.8517     0.0852     2.1996 1.1610e-01     2.3039      4.906      7.116    10.8038 0.0000e+00
      4.993     -0.040     0.0557      0.509     87.150  62.475802    45.0000     1.8021     0.0852     2.3688 1.1605e-01     2.6664      4.896      7.101    10.8114 0.0000e+00
      4.986     -0.031     0.0561      0.497     87.229  62.536699    45.0000     1.8135     0.0852     2.3688 1.1610e-01     2.5758      4.890      7.092    10.8193 0.0000e+00
      4.982     -0.026     0.0567      0.486     87.284  62.575921    45.0000     1.8021     0.0852     2.3688 1.1617e-01     2.5909      4.886      7.086    10.8279 0.0000e+00
      4.979     -0.026     0.0570      0.480     87.285  62.576001    45.0000     1.7945     0.0852     2.3688 1.1607e-01     2.5909      4.882      7.081    10.8358 0.0000e+00
      4.974     -0.031     0.0563      0.478     87.247  62.548929    46.2600     1.8593     0.0852     2.6226 1.1617e-01     2.2132      4.878      7.074    10.8413 0.0000e+00
      4.967     -0.039     0.0550      0.481     87.137  62.471527    46.2600     1.8746     0.0852     2.6226 1.1607e-01     2.0773      4.871      7.064    10.8436 0.0000e+00
      4.957     -0.050     0.0538      0.485     86.920  62.319165    46.2600     1.8631     0.0852     2.6226 1.1615e-01     2.3039      4.861      7.050    10.8436 0.0000e+00
      4.943     -0.063     0.0531      0.487     86.640  62.125021    46.2600     1.8326     0.0852     2.6226 1.1615e-01     2.1981      4.847      7.030    10.8431 0.0000e+00
      4.925     -0.075     0.0529      0.489     86.353  61.929082    44.3700     1.6724     0.1278     2.5380 1.1605e-01     2.6060      4.829      7.005    10.8433 0.0000e+00
      4.903     -0.085     0.0532      0.489     86.039  61.716997    44.3700     1.6877     0.1278     2.5380 1.1630e-01     2.5758      4.808      6.973    10.8443 0.0000e+00
      4.877     -0.091     0.0536      0.488     85.633  61.442187    44.3700     1.6800     0.1278     2.5380 1.1620e-01     2.6664      4.783      6.937    10.8463 0.0000e+00
      4.851     -0.092     0.0539      0.488     85.095  61.075251    44.3700     1.6571     0.1278     2.5380 1.1607e-01     2.5758      4.757      6.899    10.8500 0.0000e+00
      4.824     -0.089     0.0540      0.487     84.417  60.610097    45.0000     1.7487     0.0852     2.4111 1.1625e-01     2.3190      4.731      6.862    10.8558 0.0000e+00
      4.800     -0.081     0.0540      0.485     83.666  60.096218    45.0000     1.7563     0.0852     2.4111 1.1605e-01     2.3643      4.707      6.827    10.8636 0.0000e+00
      4.779     -0.070     0.0540      0.489     82.959  59.617976    45.0000     1.7449     0.0852     2.4111 1.1600e-01     2.3039      4.687      6.798    10.8733 0.0000e+00
      4.763     -0.058     0.0540      0.498     82.308  59.181477    45.0000     1.7449     0.0852     2.4111 1.1600e-01     2.3643      4.671      6.775    10.8844 0.0000e+00
      4.752     -0.048     0.0538      0.506     81.674  58.758077    45.0000     1.8097     0.0852     2.4111 1.1600e-01     3.0290      4.660      6.758    10.8974 0.0000e+00
      4.743     -0.040     0.0536      0.508     81.153  58.414367    47.2500     1.8135     0.0852     2.4111 1.1607e-01     3.0592      4.651      6.746    10.9129 0.0000e+00
      4.736     -0.036     0.0540      0.509     80.911  58.268101    47.2500     1.8021     0.0852     2.4111 1.1617e-01     3.1196      4.645      6.736    10.9306 0.0000e+00
      4.729     -0.037     0.0550      0.508     80.927  58.298223    47.2500     1.7945     0.0852     2.4111 1.1610e-01     3.0894      4.638      6.727    10.9496 0.0000e+00
      4.722     -0.043     0.0558      0.510     81.050  58.393106    47.2500     1.6800     0.0852     2.4111 1.1617e-01     2.5003      4.630      6.716    10.9691 0.0000e+00
      4.712     -0.054     0.0561      0.515     81.248  58.534179    49.5000     1.6877     0.1278     2.6649 1.1628e-01     2.6060      4.621      6.701    10.9882 0.0000e+00
      4.698     -0.066     0.0561      0.520     81.451  58.675298    49.5000     1.6724     0.1278     2.6649 1.1617e-01     2.6211      4.607      6.682    11.0051 0.0000e+00
      4.680     -0.080     0.0560      0.522     81.495  58.702516    49.5000     1.6877     0.1278     2.6649 1.1615e-01     2.4852      4.589      6.656    11.0165 0.0000e+00
      4.656     -0.091     0.0562      0.527     81.332  58.585198    49.5000     1.7449     0.1278     2.6649 1.1617e-01     2.2737      4.566      6.623    11.0207 0.0000e+00
      4.629     -0.097     0.0568      0.532     81.089  58.415712    50.3100     1.7449     0.1278     2.4534 1.1592e-01     2.4549      4.539      6.583    11.0197 0.0000e+00
      4.599     -0.098     0.0573      0.533     80.822  58.232629    50.3100     1.7525     0.1278     2.4534 1.1602e-01     2.3643      4.510      6.541    11.0164 0.0000e+00
      4.570     -0.093     0.0575      0.527     80.448  57.973167    50.3100     1.7640     0.1278     2.4534 1.1605e-01     2.3341      4.481      6.499    11.0136 0.0000e+00
      4.544     -0.082     0.0580      0.517     79.979  57.647910    50.3100     1.9356     0.1278     2.4534 1.1612e-01     2.5909      4.456      6.463    11.0136 0.0000e+00
      4.524     -0.068     0.0587      0.509     79.469  57.295767    50.3100     1.9509     0.0852     2.7918 1.1610e-01     2.6060      4.436      6.434    11.0172 0.0000e+00
      4.510     -0.053     0.0587      0.503     78.893  56.898619    50.3100     1.9509     0.0852     2.7918 1.1612e-01     2.5305      4.422      6.414    11.0229 0.0000e+00
      4.501     -0.040     0.0580      0.500     78.261  56.464231    50.3100     1.9432     0.0852     2.7918 1.3215e-01     2.5456      4.414      6.402    11.0294 0.0000e+00
      4.495     -0.031     0.0570      0.502     77.717  56.096129    50.3100     2.2103     0.0852     2.7918 1.1605e-01     2.2132      4.408      6.393    11.0373 0.0000e+00
      4.490     -0.026     0.0561      0.505     77.395  55.887593    50.3100     2.1645     0.0852     2.7918 1.1605e-01     2.0773      4.403      6.386    11.0470 0.0000e+00
      4.486     -0.025     0.0554      0.504     77.256  55.808937    51.2100     2.1798     0.0852     2.9187 1.1605e-01     2.1981      4.399      6.380    11.0586 0.0000e+00
      4.480     -0.029     0.0551      0.496     77.211  55.793324    51.2100     2.1950     0.0852     2.9187 1.2889e-01     2.1679      4.394      6.372    11.0722 0.0000e+00
      4.474     -0.036     0.0552      0.487     77.301  55.868496    51.2100     2.3056     0.0852     2.9187 1.3526e-01     2.3492      4.387      6.363    11.0877 0.0000e+00
      4.465     -0.046     0.0555      0.477     77.569  56.064469    51.2100     2.2980     0.0852     2.9187 1.1605e-01     2.3341      4.379      6.351    11.1033 0.0000e+00
      4.453     -0.058     0.0554      0.468     77.865  56.275965    50.3100     2.3018     0.1278     2.7918 1.1610e-01     2.4247      4.367      6.334    11.1172 0.0000e+00
      4.437     -0.070     0.0546      0.466     78.031  56.391874    50.3100     2.3285     0.1278     2.7918 1.1610e-01     2.3039      4.351      6.310    11.1278 0.0000e+00
      4.416     -0.080     0.0535      0.471     78.026  56.387268    50.3100     2.0653     0.1278     2.7918 1.4703e-01     2.2435      4.330      6.281    11.1343 0.0000e+00
      4.391     -0.087     0.0524      0.483     77.858  56.270888    50.3100     2.0310     0.1278     2.7918 1.3523e-01     2.1226      4.307      6.246    11.1361 0.0000e+00
      4.365     -0.088     0.0515      0.500     77.542  56.051586    50.4000     2.0768     0.1278     2.7072 1.6487e-01     2.2132      4.281      6.209    11.1342 0.0000e+00
      4.339     -0.084     0.0512      0.516     77.077  55.730705    50.4000     2.0424     0.1278     2.7072 1.7044e-01     2.2132      4.255      6.172    11.1316 0.0000e+00
      4.316     -0.076     0.0517      0.524     76.531  55.356287    50.4000     2.0577     0.1278     2.7072 1.6791e-01     2.5758      4.232      6.139    11.1312 0.0000e+00
      4.297     -0.064     0.0531      0.525     75.981  54.984027    50.4000     2.0653     0.1278     2.7072 1.6718e-01     2.6966      4.214      6.112    11.1342 0.0000e+00
      4.283     -0.051     0.0550      0.521     75.478  54.646266    50.4000     2.0539     0.1278     2.7072 1.5595e-01     2.6664      4.200      6.092    11.1406 0.0000e+00
      4.273     -0.040     0.0567      0.515     75.109  54.404478    52.3800     2.0424     0.0852     2.9187 1.3754e-01     2.5607      4.191      6.078    11.1504 0.0000e+00
      4.266     -0.030     0.0576      0.510     74.963  54.321804    52.3800     2.1340     0.0852     2.9187 1.5827e-01     2.3643      4.184      6.068    11.1639 0.0000e+00
      4.261     -0.023     0.0577      0.505     75.071  54.416074    52.3800     2.1187     0.0852     2.9187 1.5917e-01     2.3039      4.179      6.061    11.1804 0.0000e+00
      4.257     -0.020     0.0572      0.501     75.357  54.628685    52.3800     2.1302     0.0852     2.9187 1.4961e-01     2.2888      4.175      6.055    11.1978 0.0000e+00
      4.253     -0.019     0.0565      0.495     75.652  54.834878    53.1900     2.1340     0.0852     3.2571 1.6476e-01     2.3492      4.171      6.050    11.2148 0.0000e+00
      4.249     -0.021     0.0560      0.489     75.807  54.932109    53.1900     2.3018     0.0852     3.2571 1.5276e-01     2.3341      4.168      6.044    11.2298 0.0000e+00
      4.245     -0.026     0.0554      0.488     75.795  54.910414    53.1900     2.3018     0.0852     3.2571 1.4803e-01     2.3039      4.163      6.037    11.2406 0.0000e+00
      4.239     -0.033     0.0549      0.493     75.642  54.793916    53.1900     2.3056     0.0852     3.2571 1.6722e-01     2.3794      4.157      6.029    11.2441 0.0000e+00
      4.231     -0.043     0.0543      0.496     75.410  54.629317    50.5800     2.3209     0.1278     2.8341 1.8504e-01     2.2586      4.149      6.018    11.2391 0.0000e+00
      4.219     -0.053     0.0536      0.495     75.219  54.502336    50.5800     2.1416     0.1278     2.8341 1.3441e-01     2.7722      4.138      6.001    11.2291 0.0000e+00
      4.204     -0.062     0.0535      0.494     75.102  54.430956    50.5800     2.1225     0.1278     2.8341 1.6091e-01     2.7269      4.123      5.979    11.2202 0.0000e+00
      4.185     -0.068     0.0540      0.492     74.966  54.344300    50.5800     2.1149     0.1278     2.8341 1.8212e-01     2.8024      4.104      5.952    11.2167 0.0000e+00
      4.163     -0.071     0.0544      0.490     74.738  54.191344    50.4900     2.1378     0.1278     2.7495 1.9359e-01     2.6966      4.083      5.922    11.2193 0.0000e+00
      4.142     -0.070     0.0543      0.489     74.416  53.971179    50.4900     2.1988     0.1278     2.7495 2.0223e-01     2.3643      4.062      5.892    11.2265 0.0000e+00
      4.123     -0.064     0.0541      0.487     73.972  53.666970    50.4900     2.1721     0.1278     2.7495 2.1099e-01     2.2586      4.043      5.864    11.2353 0.0000e+00
      4.107     -0.055     0.0539      0.485     73.359  53.247442    50.4900     2.1798     0.1278     2.7495 2.0583e-01     2.3492      4.027      5.841    11.2437 0.0000e+00
      4.094     -0.044     0.0537      0.487     72.643  52.762228    50.4900     2.1836     0.1278     2.7495 2.2890e-01     2.3492      4.015      5.823    11.2518 0.0000e+00
      4.085     -0.033     0.0535      0.495     71.957  52.307246    53.1000     2.4926     0.1278     3.1302 2.0475e-01     2.7873      4.006      5.810    11.2612 0.0000e+00
      4.079     -0.023     0.0534      0.501     71.360  51.920674    53.1000     2.4811     0.1278     3.1302 2.0489e-01     2.7571      4.000      5.802    11.2735 0.0000e+00
      4.075     -0.015     0.0532      0.499     70.807  51.563228    53.1000     2.5040     0.1278     3.1302 2.2885e-01     2.9232      3.997      5.797    11.2910 0.0000e+00
      4.074     -0.011     0.0533      0.495     70.195  51.159527    53.1000     2.5040     0.1278     3.1302 2.0175e-01     2.8628      3.995      5.795    11.3152 0.0000e+00
      4.074     -0.010     0.0541      0.492     69.583  50.753437    55.5300     2.6223     0.1278     3.5955 1.8137e-01     3.2707      3.995      5.794    11.3456 0.0000e+00
      4.073     -0.012     0.0547      0.491     69.127  50.461950    55.5300     2.6146     0.1278     3.5955 1.9017e-01     3.2707      3.994      5.793    11.3786 0.0000e+00
