Data/DataNotYetUploadedToEDI/Raw_CTD/RawDownloads/072224_fcr40_S7809005.cnv
* Sea-Bird SBE19plus  Data File:
* FileName = C:\R\Reservoirs\Data\DataNotYetUploadedToEDI\Raw_CTD\RawDownloads\072224_fcr50_S7809_0005.hex
* Software version 2.8.0.119
* Temperature SN = 7809
* Conductivity SN = 7809
* System UpLoad Time = Jul 23 2024 15:59:09
* <ApplicationData>
* <Seaterm232>
# nquan = 15
# nvalues = 1499                        
# units = specified
# name 0 = depFM: Depth [fresh water, m]
# name 1 = dz/dtM: Descent Rate [m/s]
# name 2 = sbeox0Mg/L: Oxygen, SBE 43 [mg/l]
# name 3 = sbeox0PS: Oxygen, SBE 43 [% saturation]
# name 4 = specc: Specific Conductance [uS/cm]
# name 5 = c0uS/cm: Conductivity [uS/cm]
# name 6 = flECO-AFL: Fluorescence, WET Labs ECO-AFL/FL [mg/m^3]
# name 7 = ph: pH
# name 8 = orp: Oxidation Reduction Potential [mV]
# name 9 = par/sat/log: PAR/Logarithmic, Satlantic
# name 10 = turbWETntu0: Turbidity, WET Labs ECO [NTU]
# name 11 = prdM: Pressure, Strain Gauge [db]
# name 12 = prdE: Pressure, Strain Gauge [psi]
# name 13 = tv290C: Temperature [ITS-90, deg C]
# name 14 = flag:  0.000e+00
# span 0 =     -0.646,      6.072       
# span 1 =     -3.857,      0.219       
# span 2 =     0.0603,     8.5411       
# span 3 =      0.683,     94.733       
# span 4 =      1.928,     63.483       
# span 5 =   1.864133,  51.741157       
# span 6 =    -0.1366,    34.6856       
# span 7 =      7.455,      7.861       
# span 8 =    82.2055,   307.2771       
# span 9 = 1.2361e-01, 1.8387e+03       
# span 10 =    -0.2329,   352.7303      
# span 11 =     -0.634,      5.954      
# span 12 =     -0.920,      8.636      
# span 13 =    12.0726,    26.6816      
# span 14 = 0.0000e+00, 0.0000e+00      
# interval = seconds: 0.25
# start_time = Jul 22 2024 12:25:25 [Instrument's time stamp, header]
# bad_flag = -9.990e-29
*END*
[from data line 386]
      0.201     -0.005     5.6151     70.027     44.153  45.607068     5.6824      7.727   204.1781 3.3011e+02     5.2820      0.195      0.283    26.6429 0.0000e+00
      0.196     -0.004     5.6115     70.034     44.152  45.605828     5.6750      7.726   204.3524 3.3164e+02     5.2586      0.189      0.274    26.6417 0.0000e+00
      0.198     -0.003     5.6135     70.009     44.128  45.581696     5.6847      7.725   204.3679 3.3202e+02     5.2156      0.192      0.279    26.6410 0.0000e+00
      0.203     -0.000     5.6155     69.954     44.116  45.569210     5.7162      7.726   204.2798 3.3148e+02     5.2748      0.200      0.290    26.6404 0.0000e+00
      0.205      0.002     5.6144     69.894     44.127  45.581810     5.7406      7.727   204.2328 3.3252e+02     5.3258      0.203      0.295    26.6398 0.0000e+00
      0.203      0.003     5.6173     69.816     44.151  45.607086     5.7461      7.727   204.2305 3.3404e+02     5.3195      0.200      0.290    26.6403 0.0000e+00
      0.202      0.002     5.6150     69.753     44.165  45.620916     5.7321      7.728   204.2510 3.3345e+02     5.3019      0.196      0.285    26.6404 0.0000e+00
      0.202      0.000     5.6086     69.766     44.166  45.622070     5.7056      7.729   204.2234 3.3175e+02     5.2831      0.197      0.286    26.6407 0.0000e+00
      0.203      0.000     5.6057     69.850     44.165  45.621030     5.6996      7.730   204.1554 3.3096e+02     5.2626      0.199      0.289    26.6416 0.0000e+00
      0.204      0.001     5.5981     69.961     44.152  45.608345     5.7177      7.732   204.2024 3.3103e+02     5.2255      0.201      0.291    26.6422 0.0000e+00
      0.204      0.001     5.5900     70.069     44.140  45.595660     5.7409      7.733   204.2757 3.3091e+02     5.2096      0.201      0.292    26.6427 0.0000e+00
      0.203      0.000     5.5919     70.159     44.139  45.594610     5.7473      7.735   204.2677 3.3085e+02     5.1732      0.199      0.290    26.6426 0.0000e+00
      0.203     -0.001     5.6005     70.258     44.140  45.595650     5.7284      7.736   204.2770 3.3157e+02     5.1274      0.199      0.289    26.6424 0.0000e+00
      0.203     -0.001     5.6093     70.342     44.153  45.608233     5.7041      7.737   204.2157 3.3392e+02     5.1339      0.199      0.289    26.6425 0.0000e+00
      0.204     -0.001     5.6200     70.345     44.165  45.619783     5.6954      7.739   204.1289 3.3690e+02     5.1494      0.200      0.289    26.6424 0.0000e+00
      0.204      0.000     5.6248     70.289     44.155  45.608346     5.7389      7.739   204.2609 3.3833e+02     5.1780      0.200      0.289    26.6422 0.0000e+00
      0.203 -1.861e-08     5.6330     70.215     44.145  45.596909     5.8062      7.739   204.4345 3.3812e+02     5.2060      0.199      0.289    26.6417 0.0000e+00
      0.203 -2.047e-07     5.6446     70.149     44.156  45.608450     5.8175      7.740   204.4206 3.3733e+02     5.1810      0.199      0.288    26.6408 0.0000e+00
      0.203 -2.047e-07     5.6420     70.113     44.167  45.620928     5.8013      7.741   204.4379 3.3601e+02     5.1487      0.198      0.287    26.6396 0.0000e+00
      0.203 -1.861e-08     5.6369     70.093     44.166  45.620824     5.7849      7.742   204.5575 3.3424e+02     5.1915      0.199      0.289    26.6384 0.0000e+00
      0.203 -1.692e-09     5.6308     70.081     44.152  45.607192     5.7604      7.744   204.5757 3.3404e+02     5.2545      0.199      0.289    26.6375 0.0000e+00
      0.203 -1.538e-10     5.6238     70.093     44.128  45.583068     5.7388      7.745   204.5721 3.3584e+02     5.2272      0.200      0.289    26.6374 0.0000e+00
      0.203 -1.399e-11     5.6223     70.111     44.128  45.583059     5.7152      7.746   204.5996 3.3706e+02     5.1687      0.199      0.288    26.6385 0.0000e+00
      0.203 -1.281e-12     5.6208     70.109     44.152  45.607087     5.6827      7.748   204.5647 3.3693e+02     5.1621      0.198      0.288    26.6403 0.0000e+00
      0.203 -2.207e-13     5.6182     70.105     44.164  45.619668     5.6461      7.749   204.4938 3.3689e+02     5.2153      0.199      0.288    26.6417 0.0000e+00
      0.203 -1.167e-12     5.6201     70.119     44.154  45.608221     5.6302      7.749   204.4309 3.3806e+02     5.2999      0.198      0.289    26.6422 0.0000e+00
      0.203 -1.273e-11     5.6230     70.098     44.143  45.595638     5.6235      7.749   204.4059 3.4052e+02     5.2969      0.199      0.289    26.6422 0.0000e+00
      0.203 -1.400e-10     5.6220     70.010     44.144  45.594486     5.6318      7.751   204.4503 3.4295e+02     5.2477      0.199      0.288    26.6418 0.0000e+00
      0.203 -1.540e-09     5.6199     69.924     44.144  45.594288     5.6722      7.754   204.5377 3.4366e+02     5.2170      0.199      0.289    26.6407 0.0000e+00
      0.202 -1.694e-08     5.6239     69.895     44.143  45.593238     5.7124      7.755   204.6020 3.4280e+02     5.1994      0.198      0.288    26.6401 0.0000e+00
      0.202 -1.863e-07     5.6243     69.911     44.132  45.581799     5.7431      7.756   204.6254 3.4165e+02     5.2730      0.198      0.287    26.6395 0.0000e+00
      0.202 -1.863e-07     5.6138     69.944     44.132  45.582943     5.7865      7.757   204.6474 3.4073e+02     5.3220      0.198      0.287    26.6370 0.0000e+00
      0.203 -1.693e-08     5.6053     69.975     44.154  45.607068     5.8455      7.758   204.6972 3.4055e+02     5.2791      0.199      0.288    26.6357 0.0000e+00
      0.203 -1.540e-09     5.6040     70.005     44.165  45.619564     5.8815      7.759   204.7116 3.4162e+02     5.2327      0.199      0.289    26.6365 0.0000e+00
      0.202 -1.410e-10     5.6057     70.034     44.152  45.607078     5.8979      7.760   204.6493 3.4230e+02     5.2396      0.198      0.288    26.6371 0.0000e+00
      0.202 -2.429e-11     5.6091     70.057     44.129  45.583058     5.9104      7.761   204.6313 3.4138e+02     5.2594      0.198      0.288    26.6380 0.0000e+00
      0.202 -1.400e-10     5.6112     70.078     44.129  45.583068     5.8990      7.763   204.6662 3.4093e+02     5.1988      0.199      0.289    26.6395 0.0000e+00
      0.202 -1.540e-09     5.6132     70.090     44.152  45.607190     5.8853      7.764   204.6412 3.4299e+02     5.1564      0.198      0.288    26.6408 0.0000e+00
      0.201 -1.694e-08     5.6164     70.114     44.166  45.620803     5.8863      7.764   204.5881 3.4608e+02     5.1910      0.198      0.287    26.6415 0.0000e+00
      0.201 -1.863e-07     5.6170     70.175     44.167  45.620699     5.8946      7.765   204.5399 3.4787e+02     5.2412      0.198      0.287    26.6416 0.0000e+00
      0.201 -1.863e-07     5.6200     70.247     44.153  45.605932     5.9188      7.765   204.5748 3.4878e+02     5.2846      0.198      0.287    26.6412 0.0000e+00
      0.201 -1.693e-08     5.6202     70.287     44.117  45.569219     5.9460      7.765   204.6653 3.4924e+02     5.2719      0.198      0.288    26.6413 0.0000e+00
      0.201 -1.539e-09     5.6204     70.269     44.106  45.557677     5.9480      7.766   204.6878 3.4869e+02     5.1905      0.198      0.287    26.6406 0.0000e+00
      0.202 -1.400e-10     5.6268     70.206     44.139  45.593342     5.9357      7.767   204.7611 3.4733e+02     5.1200      0.198      0.287    26.6392 0.0000e+00
      0.202 -1.272e-11     5.6343     70.144     44.164  45.619564     5.9299      7.769   204.8621 3.4528e+02     5.1368      0.198      0.287    26.6389 0.0000e+00
      0.201 -1.157e-12     5.6379     70.116     44.165  45.620803     5.9283      7.769   204.8775 3.4419e+02     5.2228      0.197      0.286    26.6393 0.0000e+00
      0.201 -1.052e-13     5.6364     70.117     44.152  45.608324     5.9156      7.770   204.8612 3.4626e+02     5.2376      0.197      0.286    26.6395 0.0000e+00
      0.201 -9.560e-15     5.6296     70.142     44.140  45.595647     5.8933      7.771   204.8372 3.5032e+02     5.1793      0.198      0.287    26.6397 0.0000e+00
      0.201 -8.690e-16     5.6231     70.177     44.140  45.594486     5.8831      7.772   204.8454 3.5343e+02     5.1668      0.198      0.287    26.6408 0.0000e+00
      0.201 -7.900e-17     5.6218     70.183     44.140  45.594287     5.8929      7.774   204.8740 3.5341e+02     5.1890      0.197      0.286    26.6421 0.0000e+00
      0.201 -7.180e-18     5.6214     70.137     44.138  45.593238     5.9118      7.775   204.9245 3.5164e+02     5.2420      0.197      0.286    26.6420 0.0000e+00
      0.201 -6.530e-19     5.6237     70.064     44.127  45.581799     5.9112      7.776   205.0269 3.5097e+02     5.2619      0.198      0.287    26.6417 0.0000e+00
      0.201 -5.935e-20     5.6281     70.009     44.129  45.582944     5.8778      7.776   205.0794 3.5160e+02     5.1901      0.197      0.286    26.6416 0.0000e+00
      0.201 -5.395e-21     5.6294     69.958     44.153  45.607077     5.8410      7.776   205.1287 3.5353e+02     5.1261      0.197      0.286    26.6415 0.0000e+00
      0.201 -4.905e-22     5.6252     69.891     44.165  45.619667     5.8325      7.776   205.1928 3.5518e+02     5.1369      0.197      0.285    26.6417 0.0000e+00
      0.201 -4.459e-23     5.6168     69.878     44.154  45.608211     5.8495      7.777   205.1668 3.5388e+02     5.2183      0.198      0.286    26.6416 0.0000e+00
      0.201 -4.054e-24     5.6132     69.963     44.142  45.595524     5.8795      7.778   205.1582 3.5125e+02     5.2901      0.197      0.287    26.6413 0.0000e+00
      0.201 -3.686e-25     5.6116     70.074     44.139  45.593226     5.9044      7.779   205.2612 3.5118e+02     5.2537      0.197      0.286    26.6409 0.0000e+00
      0.201 -3.351e-26     5.6025     70.142     44.126  45.580435     5.9017      7.779   205.3799 3.5385e+02     5.1872      0.197      0.286    26.6405 0.0000e+00
      0.201 -3.046e-27     5.5993     70.191     44.112  45.567834     5.8964      7.780   205.3884 3.5540e+02     5.2385      0.197      0.286    26.6401 0.0000e+00
      0.201 -2.769e-28     5.6097     70.242     44.112  45.567824     5.9153      7.782   205.3644 3.5519e+02     5.3270      0.198      0.287    26.6402 0.0000e+00
      0.201 -2.517e-29     5.6211     70.279     44.125  45.580310     5.9807      7.782   205.4331 3.5561e+02     5.3351      0.197      0.286    26.6413 0.0000e+00
      0.201 -2.289e-30     5.6248     70.297     44.136  45.591843     6.0795      7.782   205.5307 3.5681e+02     5.2686      0.197      0.286    26.6424 0.0000e+00
      0.201 -2.080e-31     5.6272     70.272     44.126  45.580310     6.1274      7.782   205.5124 3.5873e+02     5.1716      0.197      0.286    26.6427 0.0000e+00
      0.201 -1.891e-32     5.6335     70.199     44.116  45.567824     6.1270      7.782   205.4699 3.5972e+02     5.1532      0.197      0.286    26.6431 0.0000e+00
      0.201 -1.719e-33     5.6350     70.126     44.117  45.567824     6.1079      7.783   205.5336 3.5764e+02     5.2158      0.197      0.286    26.6430 0.0000e+00
      0.201 -1.563e-34     5.6383     70.084     44.130  45.580311     6.0624      7.784   205.5938 3.5538e+02     5.2794      0.197      0.286    26.6423 0.0000e+00
      0.201 -1.421e-35     5.6369     70.067     44.141  45.591844     6.0349      7.784   205.6820 3.5603e+02     5.2744      0.197      0.286    26.6408 0.0000e+00
      0.201 -1.292e-36     5.6288     70.052     44.129  45.580310     6.0255      7.784   205.8252 3.5810e+02     5.1894      0.197      0.285    26.6386 0.0000e+00
      0.201 -1.174e-37     5.6227     70.042     44.118  45.567824     6.0148      7.785   205.8632 3.5947e+02     5.1733      0.197      0.286    26.6369 0.0000e+00
      0.201 -1.068e-38     5.6191     70.054     44.119  45.567824     6.0223      7.786   205.7963 3.5995e+02     5.2511      0.197      0.286    26.6369 0.0000e+00
      0.201 -9.705e-40     5.6193     70.114     44.132  45.580313     6.0331      7.786   205.7908 3.6015e+02     5.3095      0.197      0.286    26.6372 0.0000e+00
      0.201 -8.825e-41     5.6173     70.204     44.144  45.591854     6.0376      7.787   205.8836 3.6079e+02     5.2985      0.197      0.285    26.6371 0.0000e+00
      0.200 -8.020e-42     5.6167     70.279     44.134  45.580415     6.0345      7.788   205.9715 3.6160e+02     5.2218      0.196      0.284    26.6368 0.0000e+00
      0.200 -7.290e-43     5.6161     70.322     44.123  45.568970     6.0289      7.788   205.9932 3.6223e+02     5.2020      0.197      0.285    26.6349 0.0000e+00
      0.201 -6.630e-44     5.6218     70.321     44.135  45.580427     6.0292      7.789   205.9732 3.6302e+02     5.2638      0.197      0.286    26.6336 0.0000e+00
      0.201 -6.025e-45     5.6315     70.286     44.146  45.591978     6.0207      7.790   205.9880 3.6290e+02     5.2857      0.198      0.287    26.6333 0.0000e+00
      0.201 -5.480e-46     5.6366     70.254     44.136  45.581675     6.0018      7.790   206.0855 3.6220e+02     5.2278      0.197      0.286    26.6326 0.0000e+00
      0.201 -4.980e-47     5.6416     70.241     44.136  45.582818     5.9666      7.791   206.1208 3.6181e+02     5.1778      0.197      0.286    26.6319 0.0000e+00
      0.201 -4.531e-48     5.6407     70.236     44.157  45.605797     5.9447      7.792   206.0708 3.6038e+02     5.2286      0.197      0.286    26.6320 0.0000e+00
      0.201 -4.513e-49     5.6367     70.216     44.156  45.605590     5.9531      7.792   206.0832 3.5932e+02     5.2955      0.197      0.286    26.6319 0.0000e+00
      0.201 -4.747e-49     5.6337     70.188     44.131  45.580312     5.9512      7.792   206.1837 3.6059e+02     5.2688      0.197      0.286    26.6318 0.0000e+00
      0.201 -4.813e-48     5.6326     70.158     44.105  45.554088     5.9469      7.793   206.2533 3.6249e+02     5.1790      0.198      0.287    26.6327 0.0000e+00
      0.201 -5.291e-47     5.6339     70.127     44.094  45.542442     5.9509      7.794   206.2365 3.6374e+02     5.1317      0.197      0.286    26.6337 0.0000e+00
      0.201 -5.820e-46     5.6310     70.105     44.119  45.566462     5.9500      7.794   206.3254 3.6533e+02     5.2093      0.198      0.287    26.6344 0.0000e+00
      0.201 -6.402e-45     5.6285     70.082     44.146  45.590585     5.9530      7.794   206.4676 3.6711e+02     5.2983      0.197      0.286    26.6351 0.0000e+00
      0.201 -7.042e-44     5.6268     70.061     44.140  45.580189     5.9617      7.795   206.4935 3.6752e+02     5.2848      0.198      0.287    26.6360 0.0000e+00
      0.201 -7.746e-43     5.6229     70.046     44.130  45.567712     5.9722      7.796   206.4656 3.6748e+02     5.2514      0.198      0.287    26.6366 0.0000e+00
      0.201 -8.521e-42     5.6225     70.016     44.131  45.566682     5.9641      7.797   206.4745 3.6748e+02     5.2021      0.197      0.286    26.6350 0.0000e+00
      0.201 -9.373e-41     5.6209     69.977     44.133  45.567733     5.9460      7.798   206.5152 3.6686e+02     5.1666      0.197      0.286    26.6297 0.0000e+00
      0.201 -1.031e-39     5.6188     69.969     44.146  45.580420     5.9619      7.799   206.5269 3.6622e+02     5.2322      0.197      0.286    26.6244 0.0000e+00
      0.201 -1.134e-38     5.6196     69.995     44.160  45.593116     5.9983      7.800   206.5305 3.6544e+02     5.3121      0.197      0.286    26.6218 0.0000e+00
      0.201 -1.248e-37     5.6170     70.035     44.162  45.594279     6.0202      7.801   206.5585 3.6439e+02     5.2784      0.197      0.285    26.6206 0.0000e+00
      0.201 -1.372e-36     5.6121     70.094     44.163  45.594478     6.0180      7.802   206.5223 3.6431e+02     5.1659      0.197      0.286    26.6192 0.0000e+00
      0.201 -1.510e-35     5.6117     70.152     44.164  45.595528     5.9972      7.802   206.4361 3.6608e+02     5.1483      0.198      0.287    26.6176 0.0000e+00
