Data/DataNotYetUploadedToEDI/Raw_CTD/RawDownloads/072224_fcr40_S7809005.cnv
* Sea-Bird SBE19plus  Data File:
* FileName = C:\R\Reservoirs\Data\DataNotYetUploadedToEDI\Raw_CTD\RawDownloads\072224_fcr50_S7809_0005.hex
* Software version 2.8.0.119
* Temperature SN = 7809
* Conductivity SN = 7809
* System UpLoad Time = Jul 23 2024 15:59:09
* <ApplicationData>
* <Seaterm232>
# nquan = 15
# nvalues = 1499                        
# units = specified
# name 0 = depFM: Depth [fresh water, m]
# name 1 = dz/dtM: Descent Rate [m/s]
# name 2 = sbeox0Mg/L: Oxygen, SBE 43 [mg/l]
# name 3 = sbeox0PS: Oxygen, SBE 43 [% saturation]
# name 4 = specc: Specific Conductance [uS/cm]
# name 5 = c0uS/cm: Conductivity [uS/cm]
# name 6 = flECO-AFL: Fluorescence, WET Labs ECO-AFL/FL [mg/m^3]
# name 7 = ph: pH
# name 8 = orp: Oxidation Reduction Potential [mV]
# name 9 = par/sat/log: PAR/Logarithmic, Satlantic
# name 10 = turbWETntu0: Turbidity, WET Labs ECO [NTU]
# name 11 = prdM: Pressure, Strain Gauge [db]
# name 12 = prdE: Pressure, Strain Gauge [psi]
# name 13 = tv290C: Temperature [ITS-90, deg C]
# name 14 = flag:  0.000e+00
# span 0 =     -0.646,      6.072       
# span 1 =     -3.857,      0.219       
# span 2 =     0.0603,     8.5411       
# span 3 =      0.683,     94.733       
# span 4 =      1.928,     63.483       
# span 5 =   1.864133,  51.741157       
# span 6 =    -0.1366,    34.6856       
# span 7 =      7.455,      7.861       
# span 8 =    82.2055,   307.2771       
# span 9 = 1.2361e-01, 1.8387e+03       
# span 10 =    -0.2329,   352.7303      
# span 11 =     -0.634,      5.954      
# span 12 =     -0.920,      8.636      
# span 13 =    12.0726,    26.6816      
# span 14 = 0.0000e+00, 0.0000e+00      
# interval = seconds: 0.25
# start_time = Jul 22 2024 12:25:25 [Instrument's time stamp, header]
# bad_flag = -9.990e-29
*END*
[from data line 675]
      0.199 3.9944e-16     5.6194     70.136     44.119  45.582942     5.7273      7.827   212.8015 3.8539e+02     5.1538      0.196      0.284    26.6533 0.0000e+00
      0.199 4.3938e-15     5.6156     70.141     44.141  45.605930     5.7149      7.827   212.8117 3.8368e+02     5.1586      0.195      0.283    26.6540 0.0000e+00
      0.199 4.8332e-14     5.6206     70.145     44.142  45.606962     5.7072      7.827   212.8182 3.8307e+02     5.1577      0.195      0.283    26.6541 0.0000e+00
      0.199 5.3165e-13     5.6231     70.138     44.131  45.595429     5.6931      7.827   212.9671 3.8402e+02     5.1772      0.195      0.283    26.6536 0.0000e+00
      0.199 5.8481e-12     5.6224     70.127     44.129  45.593443     5.6696      7.827   213.1486 3.8486e+02     5.1550      0.196      0.284    26.6527 0.0000e+00
      0.199 6.4329e-11     5.6232     70.119     44.119  45.582952     5.6476      7.827   213.1191 3.8456e+02     5.1626      0.195      0.283    26.6524 0.0000e+00
      0.199 7.0762e-10     5.6240     70.115     44.130  45.595533     5.6602      7.827   213.0413 3.8315e+02     5.2342      0.196      0.284    26.6526 0.0000e+00
      0.199 7.7839e-09     5.6232     70.121     44.153  45.618607     5.7048      7.828   213.0689 3.8198e+02     5.3044      0.196      0.285    26.6527 0.0000e+00
      0.199 8.5622e-08     5.6216     70.106     44.143  45.608019     5.7380      7.828   213.1087 3.8178e+02     5.3277      0.195      0.283    26.6531 0.0000e+00
      0.199 9.4185e-07     5.6218     70.064     44.130  45.594474     5.7365      7.827   213.0927 3.8124e+02     5.2771      0.195      0.282    26.6534 0.0000e+00
      0.199      0.000     5.6200     70.033     44.119  45.581797     5.6873      7.827   213.0472 3.7983e+02     5.2388      0.195      0.283    26.6538 0.0000e+00
      0.199      0.000     5.6222     69.993     44.120  45.581694     5.6090      7.827   213.0744 3.7888e+02     5.2407      0.195      0.283    26.6536 0.0000e+00
      0.199      0.001     5.6225     69.955     44.131  45.593227     5.5643      7.827   213.1634 3.7916e+02     5.2319      0.195      0.283    26.6527 0.0000e+00
      0.198      0.004     5.6152     69.964     44.132  45.594284     5.5626      7.828   213.1766 3.8024e+02     5.2685      0.194      0.282    26.6522 0.0000e+00
      0.198      0.007     5.6159     70.005     44.131  45.594484     5.5633      7.828   213.1481 3.8176e+02     5.2735      0.195      0.282    26.6518 0.0000e+00
      0.199      0.009     5.6120     70.072     44.131  45.595637     5.5562      7.827   213.1623 3.8343e+02     5.2239      0.195      0.283    26.6508 0.0000e+00
      0.203      0.009     5.6058     70.162     44.142  45.608230     5.5516      7.826   213.1769 3.8274e+02     5.2157      0.199      0.288    26.6503 0.0000e+00
      0.208      0.008     5.6091     70.260     44.153  45.619781     5.5579      7.826   213.2381 3.7822e+02     5.2427      0.205      0.297    26.6508 0.0000e+00
      0.213      0.007     5.6114     70.350     44.142  45.608344     5.5735      7.826   213.3001 3.7277e+02     5.3107      0.211      0.306    26.6515 0.0000e+00
      0.214      0.005     5.6166     70.390     44.132  45.596908     5.5909      7.826   213.3248 3.6786e+02     5.3205      0.212      0.307    26.6532 0.0000e+00
      0.212      0.003     5.6250     70.341     44.144  45.608459     5.6188      7.824   213.4511 3.6354e+02     5.2929      0.208      0.301    26.6547 0.0000e+00
      0.211      0.002     5.6321     70.227     44.156  45.621052     5.6434      7.820   213.6216 3.6157e+02     5.2845      0.206      0.298    26.6540 0.0000e+00
      0.212      0.002     5.6415     70.083     44.158  45.622206     5.6559      7.818   213.6660 3.6301e+02     5.2536      0.207      0.301    26.6535 0.0000e+00
      0.213      0.003     5.6460     69.909     44.159  45.622414     5.6618      7.817   213.6444 3.6631e+02     5.2271      0.209      0.303    26.6537 0.0000e+00
      0.215      0.004     5.6411     69.716     44.160  45.623568     5.6394      7.816   213.7041 3.6890e+02     5.1683      0.212      0.306    26.6533 0.0000e+00
      0.217      0.004     5.6302     69.539     44.173  45.636160     5.6019      7.814   213.8722 3.7118e+02     5.1235      0.214      0.310    26.6526 0.0000e+00
      0.218      0.004     5.6196     69.406     44.183  45.647703     5.5827      7.813   214.0422 3.7321e+02     5.1297      0.214      0.311    26.6515 0.0000e+00
      0.218      0.003     5.6057     69.341     44.171  45.636170     5.5903      7.811   214.1232 3.7226e+02     5.1750      0.213      0.309    26.6501 0.0000e+00
      0.219      0.001     5.5884     69.332     44.159  45.623683     5.6193      7.811   214.1635 3.6804e+02     5.2610      0.214      0.310    26.6498 0.0000e+00
      0.221      0.001     5.5742     69.332     44.159  45.623683     5.6328      7.810   214.0992 3.6280e+02     5.2811      0.217      0.316    26.6504 0.0000e+00
      0.221      0.001     5.5621     69.318     44.172  45.636159     5.6125      7.810   214.0349 3.5864e+02     5.2139      0.218      0.315    26.6508 0.0000e+00
      0.219      0.000     5.5574     69.320     44.183  45.647578     5.6076      7.810   214.0744 3.5569e+02     5.1653      0.213      0.309    26.6510 0.0000e+00
      0.219     -0.001     5.5583     69.372     44.170  45.634787     5.6485      7.810   214.1460 3.5357e+02     5.1715      0.214      0.310    26.6516 0.0000e+00
      0.220     -0.001     5.5594     69.435     44.145  45.608470     5.6908      7.809   214.2123 3.5431e+02     5.2205      0.217      0.315    26.6519 0.0000e+00
      0.221     -0.001     5.5571     69.461     44.121  45.583297     5.6866      7.809   214.1881 3.5847e+02     5.2457      0.218      0.316    26.6518 0.0000e+00
      0.219      0.000     5.5552     69.453     44.122  45.584338     5.6559      7.809   214.1978 3.6339e+02     5.2036      0.215      0.312    26.6518 0.0000e+00
      0.217      0.000     5.5613     69.438     44.157  45.621052     5.6439      7.810   214.2436 3.6724e+02     5.1894      0.213      0.309    26.6519 0.0000e+00
      0.217     -0.001     5.5684     69.443     44.182  45.646328     5.6577      7.812   214.1396 3.6995e+02     5.2102      0.213      0.309    26.6520 0.0000e+00
      0.218     -0.001     5.5696     69.468     44.172  45.636035     5.6813      7.812   214.0587 3.7133e+02     5.2497      0.214      0.311    26.6518 0.0000e+00
      0.220      0.000     5.5685     69.487     44.160  45.623558     5.6881      7.813   214.1252 3.7040e+02     5.2575      0.216      0.313    26.6515 0.0000e+00
      0.220     -0.000     5.5662     69.472     44.159  45.622424     5.6976      7.815   214.1699 3.6749e+02     5.2010      0.216      0.313    26.6513 0.0000e+00
      0.219     -0.000     5.5664     69.419     44.159  45.622320     5.7381      7.815   214.1693 3.6419e+02     5.1826      0.215      0.311    26.6510 0.0000e+00
      0.218     -0.001     5.5699     69.385     44.159  45.622301     5.7785      7.815   214.1177 3.6140e+02     5.2059      0.214      0.310    26.6508 0.0000e+00
      0.218     -0.002     5.5716     69.387     44.159  45.622196     5.8026      7.815   213.9758 3.5952e+02     5.2435      0.214      0.310    26.6508 0.0000e+00
      0.218     -0.002     5.5718     69.377     44.158  45.621051     5.8053      7.816   213.9159 3.5896e+02     5.2612      0.214      0.310    26.6507 0.0000e+00
      0.218     -0.001     5.5644     69.340     44.147  45.608460     5.7863      7.817   213.9959 3.5997e+02     5.2152      0.214      0.311    26.6506 0.0000e+00
      0.217     -0.001     5.5609     69.292     44.137  45.596919     5.7730      7.819   213.9978 3.6264e+02     5.1656      0.213      0.309    26.6499 0.0000e+00
      0.216      0.000     5.5644     69.285     44.149  45.608461     5.7857      7.819   213.9386 3.6545e+02     5.2081      0.212      0.307    26.6498 0.0000e+00
      0.216 -1.881e-08     5.5627     69.347     44.161  45.621053     5.8060      7.820   213.9684 3.6660e+02     5.2849      0.212      0.307    26.6500 0.0000e+00
      0.217 -2.069e-07     5.5603     69.435     44.163  45.622207     5.8109      7.821   214.0134 3.6675e+02     5.3084      0.213      0.309    26.6493 0.0000e+00
      0.217 -2.100e-07     5.5541     69.490     44.165  45.622416     5.8032      7.822   213.9670 3.6661e+02     5.2873      0.214      0.310    26.6483 0.0000e+00
      0.217 -5.634e-08     5.5523     69.494     44.166  45.623580     5.7872      7.823   213.9235 3.6470e+02     5.2350      0.214      0.310    26.6474 0.0000e+00
      0.216 -4.149e-07     5.5596     69.472     44.178  45.636276     5.7849      7.823   214.0028 3.6051e+02     5.2217      0.212      0.308    26.6469 0.0000e+00
      0.216     -0.000     5.5682     69.429     44.190  45.648962     5.8004      7.823   214.0660 3.5615e+02     5.2632      0.212      0.307    26.6455 0.0000e+00
      0.217     -0.000     5.5741     69.376     44.190  45.650010     5.8074      7.823   214.0000 3.5336e+02     5.2936      0.212      0.308    26.6439 0.0000e+00
      0.218     -0.001     5.5723     69.344     44.189  45.648951     5.7945      7.824   213.9781 3.5191e+02     5.2819      0.214      0.310    26.6437 0.0000e+00
      0.218     -0.001     5.5711     69.336     44.177  45.636161     5.7612      7.824   214.0600 3.5135e+02     5.2244      0.214      0.310    26.6442 0.0000e+00
      0.217     -0.002     5.5675     69.346     44.164  45.622321     5.7378      7.824   214.1295 3.5225e+02     5.2134      0.213      0.309    26.6452 0.0000e+00
      0.216     -0.002     5.5613     69.372     44.150  45.608575     5.7446      7.824   214.1300 3.5497e+02     5.2853      0.212      0.308    26.6462 0.0000e+00
      0.214     -0.001     5.5595     69.413     44.140  45.596919     5.7526      7.824   214.1523 3.5870e+02     5.3422      0.210      0.304    26.6461 0.0000e+00
      0.213     -0.001     5.5587     69.450     44.152  45.608348     5.7422      7.825   214.2273 3.6122e+02     5.3198      0.208      0.302    26.6455 0.0000e+00
      0.214     -0.001     5.5599     69.483     44.163  45.619793     5.7367      7.826   214.1757 3.6129e+02     5.2195      0.210      0.305    26.6450 0.0000e+00
      0.216      0.000     5.5617     69.532     44.153  45.608347     5.7604      7.826   214.1309 3.6025e+02     5.1889      0.212      0.308    26.6447 0.0000e+00
      0.216 3.3843e-09     5.5658     69.556     44.143  45.596911     5.7870      7.825   214.2016 3.5869e+02     5.2905      0.212      0.307    26.6444 0.0000e+00
      0.215 3.7227e-08     5.5695     69.510     44.154  45.608472     5.7910      7.825   214.2573 3.5609e+02     5.3550      0.211      0.305    26.6437 0.0000e+00
      0.214 4.0950e-07     5.5701     69.435     44.166  45.621167     5.7505      7.825   214.2878 3.5334e+02     5.3205      0.210      0.304    26.6422 0.0000e+00
      0.214      0.000     5.5761     69.375     44.167  45.623455     5.6813      7.825   214.3123 3.5138e+02     5.2490      0.210      0.304    26.6409 0.0000e+00
      0.215      0.000     5.5809     69.353     44.180  45.636140     5.6619      7.825   214.2947 3.5060e+02     5.2082      0.211      0.306    26.6401 0.0000e+00
      0.215      0.001     5.5742     69.383     44.191  45.647587     5.6740      7.826   214.2474 3.5140e+02     5.2369      0.212      0.307    26.6401 0.0000e+00
      0.215      0.001     5.5672     69.448     44.180  45.634892     5.6852      7.826   214.2568 3.5313e+02     5.2893      0.211      0.306    26.6410 0.0000e+00
      0.215      0.001     5.5620     69.512     44.156  45.609605     5.7138      7.826   214.3221 3.5526e+02     5.2940      0.211      0.305    26.6420 0.0000e+00
      0.215      0.000     5.5591     69.571     44.143  45.595765     5.7205      7.826   214.4341 3.5747e+02     5.2251      0.211      0.306    26.6422 0.0000e+00
      0.215 1.5224e-08     5.5623     69.634     44.141  45.594507     5.7084      7.826   214.5794 3.5863e+02     5.2080      0.211      0.306    26.6415 0.0000e+00
      0.216 1.6746e-07     5.5691     69.672     44.140  45.594392     5.7089      7.825   214.7024 3.5889e+02     5.2927      0.212      0.307    26.6406 0.0000e+00
      0.216 -2.054e-07     5.5748     69.699     44.138  45.594372     5.7016      7.825   214.7169 3.5851e+02     5.3272      0.212      0.307    26.6396 0.0000e+00
      0.216      0.000     5.5776     69.715     44.138  45.594275     5.6783      7.825   214.6683 3.5697e+02     5.2490      0.211      0.306    26.6393 0.0000e+00
      0.216      0.000     5.5857     69.683     44.137  45.593225     5.6604      7.824   214.7170 3.5454e+02     5.1329      0.212      0.307    26.6400 0.0000e+00
      0.216     -0.001     5.5866     69.615     44.127  45.581674     5.6517      7.824   214.7898 3.5223e+02     5.1189      0.212      0.307    26.6416 0.0000e+00
      0.216     -0.001     5.5881     69.538     44.128  45.581571     5.6314      7.823   214.7739 3.5122e+02     5.2166      0.212      0.307    26.6432 0.0000e+00
      0.215     -0.001     5.5925     69.490     44.139  45.591970     5.6146      7.822   214.7825 3.5171e+02     5.2892      0.211      0.306    26.6434 0.0000e+00
      0.215     -0.002     5.5877     69.485     44.128  45.580447     5.6151      7.821   214.8088 3.5286e+02     5.2802      0.211      0.305    26.6434 0.0000e+00
      0.215     -0.003     5.5830     69.504     44.117  45.569209     5.6124      7.821   214.8334 3.5434e+02     5.2101      0.211      0.305    26.6423 0.0000e+00
      0.215     -0.005     5.5749     69.537     44.131  45.583058     5.6400      7.820   214.9933 3.5644e+02     5.1928      0.211      0.306    26.6403 0.0000e+00
      0.214     -0.005     5.5706     69.585     44.167  45.620928     5.6994      7.819   215.1076 3.5882e+02     5.2415      0.210      0.304    26.6388 0.0000e+00
      0.211     -0.005     5.5718     69.626     44.191  45.646216     5.7318      7.819   215.0971 3.6070e+02     5.2526      0.207      0.300    26.6381 0.0000e+00
      0.208     -0.005     5.5732     69.647     44.179  45.634892     5.7394      7.819   215.1242 3.6113e+02     5.2245      0.204      0.296    26.6387 0.0000e+00
      0.206     -0.005     5.5753     69.663     44.155  45.610969     5.7170      7.819   215.0907 3.6063e+02     5.1754      0.202      0.293    26.6394 0.0000e+00
      0.206     -0.006     5.5800     69.659     44.155  45.610884     5.6686      7.820   214.9509 3.5983e+02     5.1372      0.201      0.292    26.6399 0.0000e+00
      0.207     -0.007     5.5844     69.626     44.178  45.633864     5.6373      7.821   214.8969 3.5818e+02     5.1382      0.203      0.295    26.6402 0.0000e+00
      0.208     -0.009     5.5842     69.587     44.180  45.634904     5.6392      7.823   214.9537 3.5701e+02     5.1870      0.205      0.297    26.6405 0.0000e+00
      0.205     -0.009     5.5867     69.551     44.169  45.623456     5.6487      7.823   214.9490 3.5807e+02     5.2150      0.202      0.293    26.6411 0.0000e+00
      0.198     -0.008     5.5869     69.508     44.168  45.622416     5.6274      7.822   215.0128 3.6063e+02     5.1691      0.195      0.282    26.6417 0.0000e+00
      0.192     -0.007     5.5829     69.458     44.168  45.622322     5.5988      7.821   215.2946 3.6354e+02     5.1444      0.188      0.271    26.6409 0.0000e+00
      0.191     -0.005     5.5798     69.413     44.169  45.622314     5.5935      7.819   215.6031 3.6614e+02     5.1560      0.186      0.269    26.6400 0.0000e+00
      0.194     -0.002     5.5775     69.380     44.170  45.622322     5.6306      7.816   215.8175 3.6779e+02     5.1727      0.190      0.275    26.6404 0.0000e+00
      0.197      0.001     5.5741     69.357     44.170  45.622427     5.7064      7.813   215.9076 3.6944e+02     5.2096      0.194      0.281    26.6402 0.0000e+00
