Data/DataNotYetUploadedToEDI/Raw_CTD/RawDownloads/072224_fcr50_S7809001.cnv
* Sea-Bird SBE19plus  Data File:
* FileName = C:\R\Reservoirs\Data\DataNotYetUploadedToEDI\Raw_CTD\RawDownloads\072224_fcr50_S7809_0001.hex
* Software version 2.8.0.119
* Temperature SN = 7809
* Conductivity SN = 7809
* System UpLoad Time = Jul 23 2024 15:56:49
* <ApplicationData>
* <Seaterm232>
# nquan = 15
# nvalues = 1834                        
# units = specified
# name 0 = depFM: Depth [fresh water, m]
# name 1 = dz/dtM: Descent Rate [m/s]
# name 2 = sbeox0Mg/L: Oxygen, SBE 43 [mg/l]
# name 3 = sbeox0PS: Oxygen, SBE 43 [% saturation]
# name 4 = specc: Specific Conductance [uS/cm]
# name 5 = c0uS/cm: Conductivity [uS/cm]
# name 6 = flECO-AFL: Fluorescence, WET Labs ECO-AFL/FL [mg/m^3]
# name 7 = ph: pH
# name 8 = orp: Oxidation Reduction Potential [mV]
# name 9 = par/sat/log: PAR/Logarithmic, Satlantic
# name 10 = turbWETntu0: Turbidity, WET Labs ECO [NTU]
# name 11 = prdM: Pressure, Strain Gauge [db]
# name 12 = prdE: Pressure, Strain Gauge [psi]
# name 13 = tv290C: Temperature [ITS-90, deg C]
# name 14 = flag:  0.000e+00
# span 0 =     -0.645,      9.511       
# span 1 =     -0.299,      0.194       
# span 2 =     0.1094,    10.1828       
# span 3 =      1.252,    100.550       
# span 4 =      0.344,    383.821       
# span 5 =   0.327382, 285.660949       
# span 6 =    -0.0855,    37.9710       
# span 7 =      5.436,      7.379       
# span 8 =    78.7093,   398.2088       
# span 9 = 1.2362e-01, 2.0358e+02       
# span 10 =    -0.3105,   139.7632      
# span 11 =     -0.633,      9.328      
# span 12 =     -0.919,     13.529      
# span 13 =    12.0892,    26.5475      
# span 14 = 0.0000e+00, 0.0000e+00      
# interval = seconds: 0.25
# start_time = Jul 22 2024 10:48:55 [Instrument's time stamp, header]
# bad_flag = -9.990e-29
*END*
[from data line 1061]
      6.759      0.090     8.6838     80.898     55.060  40.946146     0.8815      6.928   245.3429 1.2385e-01    22.9220      6.629      9.615    12.1792 0.0000e+00
      6.797      0.089     8.6864     80.874     55.043  40.932507     0.8801      6.929   245.8530 1.2379e-01    22.8998      6.673      9.678    12.1768 0.0000e+00
      6.819      0.084     8.6865     80.859     55.025  40.919816     0.8611      6.930   246.3720 1.2373e-01    22.7863      6.694      9.708    12.1786 0.0000e+00
      6.826      0.072     8.6854     80.852     55.023  40.919626     0.8516      6.930   246.2838 1.2372e-01    22.7110      6.693      9.707    12.1810 0.0000e+00
      6.833      0.057     8.6810     80.856     55.038  40.930212     0.8556      6.932   245.7330 1.2380e-01    22.7411      6.697      9.712    12.1806 0.0000e+00
      6.850      0.045     8.6788     80.857     55.024  40.920874     0.8599      6.933   245.6490 1.2383e-01    22.8086      6.717      9.742    12.1780 0.0000e+00
      6.870      0.039     8.6778     80.862     55.037  40.933662     0.8622      6.933   245.9571 1.2376e-01    22.7424      6.742      9.778    12.1799 0.0000e+00
      6.881      0.036     8.6747     80.882     55.060  40.957894     0.8583      6.933   246.4471 1.2371e-01    22.5554      6.752      9.792    12.1822 0.0000e+00
      6.883      0.033     8.6781     80.914     55.053  40.960002     0.8548      6.935   246.5826 1.2366e-01    22.4594      6.749      9.789    12.1804 0.0000e+00
      6.885      0.030     8.6764     80.955     55.047  40.959153     0.8534      6.936   246.0470 1.2366e-01    22.5038      6.751      9.791    12.1809 0.0000e+00
      6.890      0.029     8.6764     80.995     55.031  40.947632     0.8739      6.937   245.7359 1.2374e-01    22.5803      6.756      9.798    12.1830 0.0000e+00
      6.899      0.031     8.6772     81.009     55.034  40.947642     0.9112      6.937   245.7459 1.2377e-01    22.5651      6.764      9.811    12.1906 0.0000e+00
      6.912      0.032     8.6791     80.984     55.054  40.959277     0.9215      6.937   245.8239 1.2372e-01    22.4909      6.779      9.833    12.1988 0.0000e+00
      6.924      0.031     8.6830     80.926     55.060  40.961367     0.9154      6.938   245.9906 1.2376e-01    22.4688      6.792      9.851    12.2016 0.0000e+00
      6.932      0.027     8.6887     80.849     55.076  40.972907     0.9039      6.938   246.0403 1.2382e-01    22.5704      6.799      9.862    12.2022 0.0000e+00
      6.938      0.022     8.6913     80.777     55.076  40.971867     0.8915      6.939   246.0812 1.2382e-01    22.7972      6.804      9.868    12.1997 0.0000e+00
      6.941      0.017     8.6886     80.718     55.046  40.948789     0.8819      6.940   246.2268 1.2380e-01    22.8883      6.807      9.873    12.1961 0.0000e+00
      6.943      0.015     8.6831     80.680     55.044  40.947739     0.8614      6.941   246.4246 1.2384e-01    22.7839      6.808      9.875    12.1937 0.0000e+00
      6.946      0.018     8.6728     80.670     55.064  40.959174     0.8609      6.941   246.7517 1.2388e-01    22.7648      6.811      9.878    12.1931 0.0000e+00
      6.948      0.024     8.6659     80.680     55.079  40.960110     0.8836      6.941   247.4285 1.2389e-01    22.8623      6.814      9.883    12.1922 0.0000e+00
      6.952      0.030     8.6588     80.680     55.092  40.959052     0.8864      6.941   248.2409 1.2389e-01    22.9037      6.815      9.885    12.1914 0.0000e+00
      6.962      0.036     8.6547     80.674     55.079  40.946369     0.8695      6.940   248.8305 1.2385e-01    22.8552      6.823      9.898    12.1933 0.0000e+00
      6.977      0.046     8.6532     80.677     55.052  40.933684     0.8547      6.937   249.3094 1.2377e-01    22.7876      6.844      9.927    12.1924 0.0000e+00
      6.991      0.059     8.6589     80.692     55.036  40.932634     0.8733      6.934   249.6434 1.2369e-01    22.8046      6.860      9.948    12.1806 0.0000e+00
      6.999      0.069     8.6611     80.740     55.031  40.933683     0.9204      6.932   250.0288 1.2372e-01    22.8892      6.861      9.951    12.1673 0.0000e+00
      7.012      0.072     8.6596     80.802     55.050  40.946367     0.9412      6.931   250.6137 1.2382e-01    22.8887      6.868      9.961    12.1637 0.0000e+00
      7.042      0.068     8.6602     80.860     55.068  40.959060     0.9337      6.930   250.9514 1.2380e-01    22.7988      6.903     10.011    12.1724 0.0000e+00
      7.077      0.061     8.6554     80.923     55.065  40.960224     0.8963      6.929   251.0149 1.2371e-01    22.6559      6.949     10.078    12.1876 0.0000e+00
      7.094      0.050     8.6620     80.981     55.060  40.960433     0.8380      6.929   251.1232 1.2373e-01    22.5621      6.964     10.101    12.1918 0.0000e+00
      7.095      0.036     8.6708     81.022     55.055  40.961595     0.8197      6.929   251.3135 1.2374e-01    22.6201      6.957     10.089    12.1852 0.0000e+00
      7.095      0.023     8.6756     81.041     55.064  40.974279     0.8334      6.929   251.5093 1.2369e-01    22.6745      6.957     10.090    12.1847 0.0000e+00
      7.096      0.017     8.6830     81.041     55.074  40.986867     0.8542      6.930   251.6842 1.2375e-01    22.7410      6.961     10.096    12.1895 0.0000e+00
      7.096      0.020     8.6881     81.027     55.070  40.986857     0.8885      6.930   251.8796 1.2381e-01    22.9122      6.958     10.092    12.1925 0.0000e+00
      7.100      0.026     8.6929     81.018     55.051  40.974166     0.9140      6.930   252.1507 1.2381e-01    23.0369      6.959     10.092    12.1964 0.0000e+00
      7.111      0.033     8.6930     81.034     55.032  40.960357     0.9218      6.930   252.3808 1.2381e-01    23.0873      6.973     10.113    12.2023 0.0000e+00
      7.126      0.038     8.6919     81.066     55.017  40.946824     0.9416      6.930   252.5105 1.2377e-01    23.0424      6.991     10.140    12.2091 0.0000e+00
      7.137      0.042     8.6889     81.062     55.013  40.937478     0.9697      6.932   252.6008 1.2370e-01    22.8708      6.999     10.151    12.2118 0.0000e+00
      7.146      0.041     8.6870     81.012     55.068  40.974282     0.9701      6.934   252.6980 1.2370e-01    22.7533      7.006     10.161    12.2113 0.0000e+00
      7.158      0.037     8.6882     80.971     55.116  41.010997     0.9719      6.934   252.9114 1.2375e-01    22.7834      7.019     10.180    12.2140 0.0000e+00
      7.169      0.032     8.6948     80.921     55.094  41.000602     1.0074      6.934   253.2014 1.2374e-01    22.8597      7.032     10.199    12.2125 0.0000e+00
      7.177      0.031     8.6980     80.852     55.052  40.975528     1.0424      6.935   253.4522 1.2376e-01    22.8901      7.040     10.212    12.2038 0.0000e+00
      7.181      0.030     8.6875     80.801     55.032  40.961718     1.0450      6.935   253.7066 1.2386e-01    22.8435      7.042     10.214    12.1978 0.0000e+00
      7.185      0.027     8.6861     80.764     55.032  40.960567     1.0306      6.935   254.0400 1.2385e-01    22.7403      7.043     10.215    12.2001 0.0000e+00
      7.193      0.023     8.6807     80.720     55.028  40.961606     1.0185      6.935   254.3005 1.2381e-01    22.6678      7.052     10.226    12.2069 0.0000e+00
      7.204      0.021     8.6677     80.661     55.036  40.974279     1.0060      6.935   254.6190 1.2381e-01    22.6839      7.067     10.249    12.2140 0.0000e+00
      7.211      0.018     8.6643     80.602     55.046  40.986865     0.9960      6.934   255.2235 1.2380e-01    22.7299      7.075     10.262    12.2146 0.0000e+00
      7.213      0.015     8.6611     80.557     55.043  40.986864     0.9813      6.934   255.7591 1.2377e-01    22.6773      7.073     10.259    12.2099 0.0000e+00
      7.214      0.011     8.6567     80.527     55.025  40.974267     0.9610      6.935   255.9317 1.2374e-01    22.5600      7.075     10.260    12.2147 0.0000e+00
      7.216      0.011     8.6476     80.527     55.005  40.961488     0.9599      6.936   255.9341 1.2382e-01    22.5415      7.077     10.264    12.2233 0.0000e+00
      7.216      0.016     8.6390     80.547     55.001  40.959293     0.9763      6.936   256.1322 1.2390e-01    22.6247      7.077     10.264    12.2282 0.0000e+00
      7.217      0.024     8.6357     80.587     54.993  40.947734     0.9918      6.936   256.6063 1.2389e-01    22.6774      7.077     10.265    12.2297 0.0000e+00
      7.222      0.032     8.6300     80.654     55.010  40.948663     0.9890      6.936   257.1064 1.2382e-01    22.6320      7.081     10.270    12.2294 0.0000e+00
      7.234      0.039     8.6314     80.739     55.054  40.970503     0.9506      6.935   257.4463 1.2373e-01    22.6232      7.091     10.284    12.2312 0.0000e+00
      7.252      0.046     8.6324     80.827     55.044  40.957914     0.9197      6.934   257.7914 1.2368e-01    22.7415      7.112     10.316    12.2351 0.0000e+00
      7.267      0.054     8.6366     80.903     55.005  40.923382     0.9312      6.932   258.0959 1.2365e-01    22.8324      7.131     10.343    12.2310 0.0000e+00
      7.276      0.059     8.6482     80.929     55.033  40.933779     0.9480      6.931   257.8575 1.2366e-01    22.8336      7.136     10.349    12.2151 0.0000e+00
      7.286      0.061     8.6593     80.878     55.076  40.956669     0.9397      6.931   257.4910 1.2375e-01    22.9621      7.139     10.356    12.2040 0.0000e+00
      7.305      0.059     8.6700     80.809     55.067  40.946274     0.9146      6.930   257.7076 1.2384e-01    23.2588      7.162     10.388    12.2026 0.0000e+00
      7.330      0.057     8.6793     80.748     55.054  40.935018     0.9109      6.929   258.2400 1.2386e-01    23.4827      7.192     10.431    12.1989 0.0000e+00
      7.347      0.056     8.6885     80.663     55.072  40.947512     0.9282      6.929   258.6790 1.2384e-01    23.5510      7.208     10.454    12.1866 0.0000e+00
      7.356      0.055     8.6796     80.595     55.101  40.970392     0.9315      6.930   258.3702 1.2385e-01    23.3678      7.215     10.464    12.1768 0.0000e+00
      7.364      0.051     8.6713     80.579     55.077  40.957795     0.9173      6.930   257.6036 1.2390e-01    23.0097      7.221     10.473    12.1746 0.0000e+00
      7.374      0.046     8.6693     80.592     55.022  40.922135     0.9069      6.930   257.4974 1.2386e-01    22.8083      7.228     10.484    12.1756 0.0000e+00
      7.389      0.042     8.6564     80.640     55.018  40.920045     0.9225      6.930   258.0325 1.2380e-01    22.7766      7.245     10.508    12.1728 0.0000e+00
      7.407      0.040     8.6478     80.742     55.040  40.932530     0.9565      6.931   258.6532 1.2382e-01    22.6956      7.267     10.540    12.1719 0.0000e+00
      7.419      0.038     8.6468     80.844     55.063  40.946151     0.9845      6.932   258.6351 1.2386e-01    22.5802      7.280     10.558    12.1801 0.0000e+00
      7.422      0.034     8.6470     80.905     55.078  40.957795     0.9860      6.931   258.0720 1.2386e-01    22.5765      7.279     10.557    12.1859 0.0000e+00
      7.425      0.029     8.6485     80.942     55.063  40.946377     0.9668      6.930   257.8674 1.2380e-01    22.5829      7.280     10.558    12.1871 0.0000e+00
      7.433      0.025     8.6651     80.944     55.052  40.935038     0.9608      6.931   258.0537 1.2372e-01    22.5547      7.287     10.569    12.1812 0.0000e+00
      7.443      0.023     8.6794     80.917     55.072  40.947628     0.9637      6.931   258.2607 1.2372e-01    22.6109      7.300     10.588    12.1756 0.0000e+00
      7.450      0.024     8.6820     80.891     55.099  40.971663     0.9510      6.931   258.6490 1.2373e-01    22.7501      7.308     10.601    12.1790 0.0000e+00
      7.454      0.025     8.6880     80.873     55.086  40.971766     0.9245      6.931   259.1348 1.2373e-01    22.8374      7.310     10.603    12.1804 0.0000e+00
      7.458      0.024     8.6887     80.870     55.046  40.948895     0.9011      6.932   259.3161 1.2379e-01    22.8131      7.312     10.605    12.1754 0.0000e+00
      7.464      0.024     8.6847     80.897     55.047  40.949008     0.9181      6.933   259.2070 1.2385e-01    22.7976      7.318     10.615    12.1712 0.0000e+00
      7.472      0.029     8.6815     80.927     55.082  40.973138     0.9631      6.933   259.0202 1.2385e-01    22.8202      7.328     10.630    12.1747 0.0000e+00
      7.479      0.036     8.6776     80.947     55.094  40.986768     0.9872      6.932   259.4659 1.2380e-01    22.8135      7.335     10.638    12.1865 0.0000e+00
      7.484      0.040     8.6728     80.969     55.081  40.986871     0.9854      6.930   260.2942 1.2375e-01    22.7842      7.336     10.639    12.1965 0.0000e+00
      7.495      0.040     8.6793     80.977     55.056  40.974404     0.9579      6.930   260.5174 1.2372e-01    22.7054      7.346     10.654    12.1929 0.0000e+00
      7.514      0.039     8.6847     80.960     55.038  40.962968     0.9291      6.930   260.3576 1.2377e-01    22.6471      7.370     10.689    12.1856 0.0000e+00
      7.530      0.036     8.6829     80.912     55.054  40.975538     0.9363      6.929   260.1693 1.2387e-01    22.6598      7.389     10.717    12.1930 0.0000e+00
      7.535      0.033     8.6853     80.840     55.088  40.999457     0.9535      6.928   260.5628 1.2385e-01    22.6536      7.391     10.720    12.2056 0.0000e+00
      7.536      0.028     8.6849     80.780     55.092  40.998294     0.9543      6.927   261.5879 1.2379e-01    22.6068      7.389     10.716    12.2093 0.0000e+00
      7.541      0.025     8.6836     80.765     55.045  40.961461     0.9545      6.927   262.3264 1.2381e-01    22.5373      7.394     10.724    12.2095 0.0000e+00
      7.547      0.027     8.6780     80.775     55.010  40.934921     0.9635      6.929   262.6089 1.2386e-01    22.5654      7.401     10.735    12.2117 0.0000e+00
      7.554      0.034     8.6688     80.783     55.010  40.931271     0.9796      6.931   262.5071 1.2383e-01    22.6737      7.407     10.744    12.2109 0.0000e+00
      7.563      0.043     8.6613     80.793     55.005  40.917321     0.9832      6.931   262.3006 1.2377e-01    22.7528      7.416     10.756    12.2055 0.0000e+00
      7.574      0.053     8.6616     80.818     54.987  40.893174     0.9654      6.929   262.5214 1.2375e-01    22.8732      7.428     10.772    12.2035 0.0000e+00
      7.589      0.065     8.6642     80.851     55.001  40.893173     0.9550      6.928   263.0261 1.2373e-01    22.9680      7.442     10.793    12.2049 0.0000e+00
      7.606      0.074     8.6643     80.866     55.051  40.917301     0.9590      6.926   263.4976 1.2377e-01    23.0110      7.458     10.816    12.2028 0.0000e+00
      7.626      0.077     8.6675     80.851     55.086  40.931026     0.9638      6.924   263.9202 1.2381e-01    23.0511      7.475     10.842    12.1917 0.0000e+00
      7.653      0.075     8.6721     80.811     55.096  40.932161     0.9545      6.924   264.1787 1.2378e-01    22.9405      7.503     10.883    12.1796 0.0000e+00
      7.681      0.070     8.6790     80.775     55.091  40.931015     0.9298      6.923   263.8689 1.2373e-01    22.7335      7.538     10.934    12.1739 0.0000e+00
      7.699      0.064     8.6828     80.766     55.067  40.917179     0.9146      6.922   263.2723 1.2367e-01    22.6650      7.555     10.959    12.1608 0.0000e+00
      7.705      0.055     8.6846     80.786     55.032  40.891812     0.9202      6.921   263.1603 1.2365e-01    22.7279      7.554     10.957    12.1456 0.0000e+00
      7.713      0.045     8.6800     80.822     55.013  40.878173     0.9486      6.922   263.5478 1.2375e-01    22.7764      7.560     10.965    12.1398 0.0000e+00
