Data/DataNotYetUploadedToEDI/Raw_CTD/RawDownloads/072224_fcr30_S7809004.cnv
* Sea-Bird SBE19plus  Data File:
* FileName = C:\R\Reservoirs\Data\DataNotYetUploadedToEDI\Raw_CTD\RawDownloads\072224_fcr50_S7809_0004.hex
* Software version 2.8.0.119
* Temperature SN = 7809
* Conductivity SN = 7809
* System UpLoad Time = Jul 23 2024 15:58:30
* <ApplicationData>
* <Seaterm232>
# nquan = 15
# nvalues = 1196                        
# units = specified
# name 0 = depFM: Depth [fresh water, m]
# name 1 = dz/dtM: Descent Rate [m/s]
# name 2 = sbeox0Mg/L: Oxygen, SBE 43 [mg/l]
# name 3 = sbeox0PS: Oxygen, SBE 43 [% saturation]
# name 4 = specc: Specific Conductance [uS/cm]
# name 5 = c0uS/cm: Conductivity [uS/cm]
# name 6 = flECO-AFL: Fluorescence, WET Labs ECO-AFL/FL [mg/m^3]
# name 7 = ph: pH
# name 8 = orp: Oxidation Reduction Potential [mV]
# name 9 = par/sat/log: PAR/Logarithmic, Satlantic
# name 10 = turbWETntu0: Turbidity, WET Labs ECO [NTU]
# name 11 = prdM: Pressure, Strain Gauge [db]
# name 12 = prdE: Pressure, Strain Gauge [psi]
# name 13 = tv290C: Temperature [ITS-90, deg C]
# name 14 = flag:  0.000e+00
# span 0 =     -0.646,      5.247       
# span 1 =     -0.017,      0.281       
# span 2 =     0.0941,     8.3195       
# span 3 =      1.046,     99.360       
# span 4 =      1.538,     76.647       
# span 5 =   1.530617,  64.542268       
# span 6 =    -0.1075,    18.8293       
# span 7 =      7.563,      7.869       
# span 8 =   115.3020,   515.3021       
# span 9 = 1.2404e-01, 1.9133e+03       
# span 10 =    -0.2973,   227.3022      
# span 11 =     -0.634,      5.146      
# span 12 =     -0.920,      7.464      
# span 13 =    12.1629,    26.7131      
# span 14 = 0.0000e+00, 0.0000e+00      
# interval = seconds: 0.25
# start_time = Jul 22 2024 12:17:30 [Instrument's time stamp, header]
# bad_flag = -9.990e-29
*END*
[from data line 964]
      0.184      0.001     5.5044     68.496     44.195  45.675640     6.2038      7.813   224.3672 2.7303e+02     2.4483      0.180      0.261    26.6699 0.0000e+00
      0.184      0.001     5.4947     68.509     44.183  45.664090     6.2136      7.814   224.2933 2.7403e+02     2.4863      0.180      0.261    26.6688 0.0000e+00
      0.184      0.001     5.4883     68.559     44.171  45.651507     6.2096      7.814   224.3147 2.7455e+02     2.4434      0.180      0.262    26.6682 0.0000e+00
      0.185      0.001     5.4897     68.629     44.170  45.650457     6.1962      7.814   224.3682 2.7299e+02     2.3738      0.181      0.262    26.6683 0.0000e+00
      0.185      0.000     5.4898     68.668     44.171  45.651393     6.1938      7.814   224.4232 2.7164e+02     2.3973      0.182      0.264    26.6685 0.0000e+00
      0.185 -3.876e-07     5.4891     68.661     44.182  45.662831     6.2059      7.814   224.4637 2.7117e+02     2.4877      0.182      0.264    26.6687 0.0000e+00
      0.185      0.000     5.4939     68.609     44.182  45.661790     6.2012      7.814   224.4281 2.7162e+02     2.5100      0.181      0.263    26.6691 0.0000e+00
      0.184      0.000     5.5018     68.506     44.160  45.638812     6.1693      7.815   224.3365 2.7341e+02     2.4276      0.180      0.261    26.6693 0.0000e+00
      0.184     -0.001     5.5048     68.401     44.160  45.638917     6.1372      7.817   224.3027 2.7452e+02     2.3459      0.180      0.261    26.6691 0.0000e+00
      0.184     -0.001     5.5037     68.369     44.183  45.663059     6.1210      7.817   224.2776 2.7351e+02     2.3419      0.180      0.262    26.6695 0.0000e+00
      0.184      0.000     5.5008     68.423     44.197  45.676786     6.1228      7.818   224.2055 2.7284e+02     2.4135      0.181      0.263    26.6689 0.0000e+00
      0.184      0.001     5.4911     68.523     44.198  45.677930     6.1418      7.819   224.2055 2.7410e+02     2.4950      0.181      0.262    26.6679 0.0000e+00
      0.184      0.001     5.4792     68.629     44.198  45.676899     6.1516      7.820   224.1907 2.7527e+02     2.4727      0.179      0.260    26.6677 0.0000e+00
      0.184      0.000     5.4771     68.724     44.185  45.664318     6.1421      7.820   224.1122 2.7524e+02     2.3826      0.179      0.260    26.6676 0.0000e+00
      0.185     -0.001     5.4825     68.789     44.174  45.652768     6.1601      7.819   224.1172 2.7365e+02     2.3626      0.182      0.264    26.6677 0.0000e+00
      0.186     -0.001     5.4922     68.812     44.185  45.664205     6.2187      7.817   224.2517 2.7225e+02     2.4357      0.183      0.266    26.6673 0.0000e+00
      0.185     -0.001     5.5008     68.788     44.195  45.675650     6.2681      7.817   224.3615 2.7271e+02     2.5154      0.181      0.263    26.6669 0.0000e+00
      0.183     -0.001     5.5090     68.727     44.183  45.664194     6.2747      7.816   224.4117 2.7329e+02     2.5059      0.179      0.260    26.6670 0.0000e+00
      0.182     -0.002     5.5147     68.662     44.172  45.652652     6.2564      7.816   224.5152 2.7372e+02     2.4230      0.178      0.258    26.6672 0.0000e+00
      0.182     -0.002     5.5162     68.617     44.183  45.663059     6.2469      7.816   224.5806 2.7389e+02     2.3665      0.178      0.258    26.6677 0.0000e+00
      0.183     -0.001     5.5148     68.604     44.183  45.663060     6.2519      7.818   224.5146 2.7322e+02     2.4046      0.180      0.261    26.6683 0.0000e+00
      0.183      0.000     5.5079     68.641     44.173  45.652663     6.2662      7.821   224.4048 2.7340e+02     2.5079      0.180      0.262    26.6688 0.0000e+00
      0.182      0.001     5.5023     68.704     44.185  45.664309     6.2707      7.822   224.2855 2.7446e+02     2.5215      0.178      0.259    26.6690 0.0000e+00
      0.182      0.001     5.4989     68.740     44.197  45.676910     6.2646      7.822   224.1913 2.7426e+02     2.4332      0.177      0.257    26.6692 0.0000e+00
      0.182      0.000     5.4964     68.727     44.199  45.678055     6.2756      7.822   224.2985 2.7346e+02     2.3623      0.178      0.258    26.6693 0.0000e+00
      0.183 -3.691e-08     5.5002     68.677     44.199  45.678159     6.2956      7.821   224.5491 2.7315e+02     2.3475      0.179      0.260    26.6690 0.0000e+00
      0.184 -4.060e-07     5.5076     68.610     44.199  45.678169     6.3149      7.820   224.7252 2.7302e+02     2.4249      0.181      0.262    26.6685 0.0000e+00
      0.184     -0.000     5.5110     68.535     44.199  45.678170     6.3178      7.820   224.7072 2.7376e+02     2.4780      0.181      0.262    26.6678 0.0000e+00
      0.183     -0.000     5.5093     68.458     44.199  45.678170     6.2963      7.820   224.5899 2.7444e+02     2.4430      0.180      0.261    26.6672 0.0000e+00
      0.182     -0.001     5.5048     68.408     44.199  45.678170     6.2803      7.820   224.5104 2.7385e+02     2.4130      0.179      0.259    26.6670 0.0000e+00
      0.182     -0.001     5.4992     68.402     44.198  45.678169     6.2818      7.820   224.5205 2.7321e+02     2.4225      0.178      0.258    26.6668 0.0000e+00
      0.182      0.000     5.4934     68.405     44.198  45.678160     6.3157      7.820   224.6268 2.7292e+02     2.4887      0.179      0.260    26.6667 0.0000e+00
      0.182      0.001     5.4859     68.383     44.198  45.678055     6.3570      7.820   224.6764 2.7318e+02     2.4955      0.179      0.259    26.6670 0.0000e+00
      0.182      0.002     5.4813     68.369     44.197  45.676910     6.3725      7.819   224.6044 2.7348e+02     2.4024      0.178      0.259    26.6671 0.0000e+00
      0.183      0.005     5.4818     68.379     44.184  45.664308     6.3788      7.819   224.7033 2.7288e+02     2.3536      0.180      0.261    26.6675 0.0000e+00
      0.185      0.012     5.4844     68.389     44.173  45.652653     6.3671      7.818   225.4418 2.7210e+02     2.4191      0.181      0.264    26.6677 0.0000e+00
      0.185      0.025     5.4802     68.415     44.183  45.662945     6.3471      7.810   226.4785 2.7150e+02     2.5106      0.182      0.263    26.6677 0.0000e+00
      0.188      0.042     5.4781     68.470     44.183  45.661790     6.3287      7.798   227.0855 2.7005e+02     2.5028      0.181      0.264    26.6679 0.0000e+00
      0.196      0.058     5.4814     68.525     44.162  45.638688     6.3110      7.788   227.3596 2.6692e+02     2.4279      0.189      0.275    26.6678 0.0000e+00
      0.215      0.070     5.4805     68.550     44.162  45.637533     6.3081      7.783   227.7281 2.6255e+02     2.3911      0.204      0.297    26.6678 0.0000e+00
      0.246      0.078     5.4819     68.566     44.171  45.647825     6.3098      7.777   228.3566 2.5573e+02     2.4338      0.239      0.348    26.6676 0.0000e+00
      0.278      0.083     5.4879     68.604     44.160  45.636170     6.3158      7.772   228.8508 2.5045e+02     2.4999      0.279      0.404    26.6674 0.0000e+00
      0.298      0.086     5.4936     68.664     44.149  45.623568     6.3133      7.767   228.9717 2.4976e+02     2.5064      0.296      0.429    26.6657 0.0000e+00
      0.309      0.087     5.4948     68.731     44.150  45.622413     6.2964      7.767   229.1302 2.4822e+02     2.4443      0.300      0.435    26.6639 0.0000e+00
      0.324      0.089     5.4947     68.780     44.152  45.622206     6.3024      7.767   229.4757 2.4387e+02     2.3637      0.313      0.453    26.6647 0.0000e+00
      0.349      0.097     5.4981     68.774     44.154  45.621051     6.3360      7.765   229.7938 2.3772e+02     2.3525      0.342      0.496    26.6654 0.0000e+00
      0.378      0.111     5.5034     68.732     44.145  45.608450     6.3618      7.764   229.8792 2.3184e+02     2.4105      0.372      0.539    26.6643 0.0000e+00
      0.406      0.123     5.5090     68.686     44.139  45.596794     6.3634      7.764   229.9066 2.2641e+02     2.4156      0.395      0.574    26.6616 0.0000e+00
      0.441      0.131     5.5161     68.642     44.154  45.607078     6.3394      7.764   230.2110 2.1922e+02     2.3802      0.427      0.620    26.6587 0.0000e+00
      0.481      0.136     5.5143     68.617     44.159  45.605821     6.3049      7.760   230.7190 2.1188e+02     2.3924      0.474      0.688    26.6557 0.0000e+00
      0.519      0.141     5.5097     68.601     44.142  45.581576     6.2963      7.756   231.1454 2.0627e+02     2.4617      0.512      0.743    26.6514 0.0000e+00
      0.550      0.144     5.5081     68.571     44.134  45.567840     6.3102      7.756   231.2369 2.0067e+02     2.5687      0.538      0.780    26.6458 0.0000e+00
      0.584      0.144     5.5029     68.493     44.138  45.566696     6.2807      7.756   231.0501 1.9481e+02     2.6609      0.572      0.829    26.6389 0.0000e+00
      0.623      0.141     5.5032     68.345     44.144  45.567738     6.2068      7.756   230.9518 1.8935e+02     2.6885      0.611      0.885    26.6318 0.0000e+00
      0.664      0.136     5.5029     68.155     44.160  45.580423     6.1578      7.758   230.9947 1.8346e+02     2.6296      0.652      0.947    26.6242 0.0000e+00
      0.702      0.128     5.5019     67.952     44.175  45.593109     6.1456      7.761   230.8806 1.7862e+02     2.5984      0.691      1.002    26.6173 0.0000e+00
      0.734      0.117     5.4981     67.757     44.177  45.594158     6.1838      7.763   230.6911 1.7503e+02     2.6183      0.721      1.045    26.6115 0.0000e+00
      0.761      0.107     5.4844     67.579     44.177  45.593099     6.2540      7.766   230.6826 1.7183e+02     2.5966      0.750      1.086    26.6058 0.0000e+00
      0.784      0.100     5.4695     67.414     44.167  45.580309     6.2787      7.770   230.7779 1.6954e+02     2.5404      0.772      1.118    26.6020 0.0000e+00
      0.804      0.100     5.4526     67.261     44.157  45.566472     6.2647      7.772   230.8971 1.6721e+02     2.4518      0.787      1.140    26.5993 0.0000e+00
      0.825      0.105     5.4367     67.099     44.150  45.552738     6.3599      7.772   231.0046 1.6443e+02     2.4129      0.807      1.172    26.5974 0.0000e+00
      0.850      0.111     5.4233     66.911     44.150  45.541199     6.5806      7.771   231.0452 1.6117e+02     2.4461      0.832      1.206    26.5968 0.0000e+00
      0.881      0.116     5.4094     66.662     44.176  45.553891     6.7120      7.771   231.0439 1.5676e+02     2.4779      0.860      1.248    26.5946 0.0000e+00
      0.920      0.118     5.3989     66.258     44.214  45.579221     6.7246      7.774   230.9891 1.5229e+02     2.4894      0.902      1.309    26.5902 0.0000e+00
      0.957      0.117     5.3868     65.638     44.240  45.593521     6.7331      7.777   230.8989 1.4886e+02     2.4483      0.943      1.369    26.5829 0.0000e+00
      0.986      0.115     5.3731     64.857     44.259  45.599816     6.8567      7.779   230.9854 1.4635e+02     2.5274      0.969      1.406    26.5709 0.0000e+00
      1.007      0.114     5.3584     63.965     44.333  45.655313     7.0949      7.779   231.4329 1.4417e+02     2.7978      0.988      1.432    26.5524 0.0000e+00
      1.029      0.116     5.3304     62.921     44.473  45.756668     7.2331      7.776   232.0075 1.4172e+02     2.9843      1.008      1.463    26.5367 0.0000e+00
      1.056      0.121     5.2787     61.527     44.591  45.809541     7.2461      7.772   232.3407 1.3866e+02     3.0062      1.032      1.497    26.5233 0.0000e+00
      1.090      0.129     5.2152     59.342     44.634  45.786649     7.1848      7.769   232.4497 1.3500e+02     2.9605      1.067      1.548    26.5097 0.0000e+00
      1.130      0.134     5.1464     55.956     44.621  45.733692     7.0585      7.769   232.5512 1.3130e+02     2.9773      1.109      1.609    26.4943 0.0000e+00
      1.169      0.136     5.0701     51.560     44.590  45.677028     6.9922      7.770   232.6226 1.2803e+02     3.0731      1.147      1.664    26.4508 0.0000e+00
      1.206      0.134     4.9799     46.972     44.551  45.609332     7.0071      7.771   232.5382 1.2531e+02     3.1277      1.185      1.717    26.3590 0.0000e+00
      1.239      0.129     4.8294     42.934     44.527  45.549945     7.0718      7.772   232.4773 1.2307e+02     3.2282      1.217      1.765    26.2687 0.0000e+00
      1.268      0.122     4.5542     39.669     44.478  45.466761     7.1670      7.775   232.5741 1.2089e+02     3.3999      1.243      1.803    26.2352 0.0000e+00
      1.298      0.116     4.1702     37.100     44.345  45.301772     7.2094      7.777   232.6766 1.1849e+02     3.5296      1.271      1.845    26.2157 0.0000e+00
      1.329      0.111     3.7773     35.164     44.294  45.205491     7.1765      7.778   232.7701 1.1639e+02     3.5672      1.305      1.894    26.1837 0.0000e+00
      1.355      0.108     3.4503     33.809     44.333  45.191269     6.8535      7.779   232.9298 1.1476e+02     3.4786      1.331      1.930    26.1442 0.0000e+00
      1.379      0.106     3.1935     32.744     44.250  45.066247     6.2753      7.780   233.0583 1.1302e+02     3.3462      1.351      1.958    26.0998 0.0000e+00
      1.407      0.104     2.9880     31.523     44.190  44.963353     5.9531      7.781   233.2058 1.1137e+02     3.2646      1.381      2.003    26.0804 0.0000e+00
      1.434      0.102     2.8334     30.120     44.238  44.962782     5.8958      7.782   233.4224 1.0995e+02     3.2441      1.408      2.041    26.0322 0.0000e+00
      1.459      0.101     2.7332     28.675     44.249  44.932306     5.7824      7.783   233.5262 1.0832e+02     3.2002      1.429      2.072    25.9446 0.0000e+00
      1.486      0.101     2.6706     27.140     44.209  44.848717     5.6049      7.786   233.6005 1.0681e+02     3.1097      1.458      2.114    25.9213 0.0000e+00
      1.511      0.102     2.5698     25.662     44.136  44.713787     5.5224      7.789   233.7184 1.0547e+02     3.0727      1.483      2.150    25.8775 0.0000e+00
      1.535      0.104     2.4479     24.431     44.143  44.633797     5.5091      7.789   233.7474 1.0407e+02     3.0596      1.505      2.182    25.8015 0.0000e+00
      1.559      0.104     2.3436     23.366     44.177  44.579680     5.3944      7.790   233.7786 1.0255e+02     3.0191      1.527      2.216    25.7712 0.0000e+00
      1.588      0.103     2.2106     22.223     44.177  44.503665     5.1759      7.790   233.9234 1.0074e+02     2.9593      1.557      2.257    25.7192 0.0000e+00
      1.619      0.102     2.0849     20.871     44.222  44.476307     5.0234      7.791   234.0352 9.9098e+01     2.9178      1.590      2.306    25.6655 0.0000e+00
      1.645      0.102     1.9925     19.460     44.111  44.312257     4.9981      7.792   234.0987 9.7672e+01     2.9267      1.613      2.341    25.5498 0.0000e+00
      1.669      0.103     1.9173     18.126     43.849  43.980012     4.9946      7.792   234.3465 9.6180e+01     2.8967      1.637      2.374    25.4331 0.0000e+00
      1.693      0.107     1.8336     16.910     43.789  43.759780     4.8988      7.792   234.6228 9.4815e+01     2.8282      1.661      2.409    25.3777 0.0000e+00
      1.716      0.112     1.7159     15.785     43.994  43.743875     4.7380      7.793   234.7721 9.3289e+01     2.7814      1.682      2.438    25.2627 0.0000e+00
      1.743      0.116     1.5985     14.575     44.242  43.787380     4.6650      7.793   235.1196 9.1002e+01     2.7411      1.706      2.474    25.2184 0.0000e+00
      1.779      0.115     1.4896     13.210     44.374  43.777696     4.6743      7.792   235.6410 8.8037e+01     2.7503      1.742      2.528    25.1985 0.0000e+00
      1.818      0.109     1.3920     11.861     44.437  43.753526     4.6505      7.792   235.9992 8.5207e+01     2.7559      1.785      2.591    24.9879 0.0000e+00
      1.852      0.101     1.3152     10.732     44.497  43.748921     4.6025      7.790   236.2669 8.3239e+01     2.7073      1.823      2.643    24.6978 0.0000e+00
