Data/DataNotYetUploadedToEDI/Raw_CTD/RawDownloads/072224_fcr40_S7809005.cnv
* Sea-Bird SBE19plus  Data File:
* FileName = C:\R\Reservoirs\Data\DataNotYetUploadedToEDI\Raw_CTD\RawDownloads\072224_fcr50_S7809_0005.hex
* Software version 2.8.0.119
* Temperature SN = 7809
* Conductivity SN = 7809
* System UpLoad Time = Jul 23 2024 15:59:09
* <ApplicationData>
* <Seaterm232>
# nquan = 15
# nvalues = 1499                        
# units = specified
# name 0 = depFM: Depth [fresh water, m]
# name 1 = dz/dtM: Descent Rate [m/s]
# name 2 = sbeox0Mg/L: Oxygen, SBE 43 [mg/l]
# name 3 = sbeox0PS: Oxygen, SBE 43 [% saturation]
# name 4 = specc: Specific Conductance [uS/cm]
# name 5 = c0uS/cm: Conductivity [uS/cm]
# name 6 = flECO-AFL: Fluorescence, WET Labs ECO-AFL/FL [mg/m^3]
# name 7 = ph: pH
# name 8 = orp: Oxidation Reduction Potential [mV]
# name 9 = par/sat/log: PAR/Logarithmic, Satlantic
# name 10 = turbWETntu0: Turbidity, WET Labs ECO [NTU]
# name 11 = prdM: Pressure, Strain Gauge [db]
# name 12 = prdE: Pressure, Strain Gauge [psi]
# name 13 = tv290C: Temperature [ITS-90, deg C]
# name 14 = flag:  0.000e+00
# span 0 =     -0.646,      6.072       
# span 1 =     -3.857,      0.219       
# span 2 =     0.0603,     8.5411       
# span 3 =      0.683,     94.733       
# span 4 =      1.928,     63.483       
# span 5 =   1.864133,  51.741157       
# span 6 =    -0.1366,    34.6856       
# span 7 =      7.455,      7.861       
# span 8 =    82.2055,   307.2771       
# span 9 = 1.2361e-01, 1.8387e+03       
# span 10 =    -0.2329,   352.7303      
# span 11 =     -0.634,      5.954      
# span 12 =     -0.920,      8.636      
# span 13 =    12.0726,    26.6816      
# span 14 = 0.0000e+00, 0.0000e+00      
# interval = seconds: 0.25
# start_time = Jul 22 2024 12:25:25 [Instrument's time stamp, header]
# bad_flag = -9.990e-29
*END*
[from data line 579]
      0.199      0.000     5.5793     69.660     44.115  45.567950     5.6461      7.836   209.1184 4.8332e+02     5.2728      0.195      0.284    26.6405 0.0000e+00
      0.199      0.000     5.5717     69.709     44.115  45.567950     5.6701      7.836   209.1124 4.8126e+02     5.3235      0.196      0.283    26.6411 0.0000e+00
      0.199      0.001     5.5746     69.743     44.128  45.581581     5.6911      7.836   209.1999 4.7394e+02     5.3302      0.196      0.285    26.6414 0.0000e+00
      0.199      0.003     5.5805     69.746     44.151  45.605808     5.6847      7.835   209.3165 4.6681e+02     5.3534      0.196      0.284    26.6407 0.0000e+00
      0.200      0.003     5.5868     69.718     44.151  45.606961     5.6596      7.835   209.4039 4.6435e+02     5.3650      0.195      0.283    26.6402 0.0000e+00
      0.202      0.002     5.5897     69.689     44.139  45.595524     5.6534      7.835   209.3963 4.6759e+02     5.4370      0.198      0.287    26.6398 0.0000e+00
      0.203      0.002     5.5937     69.687     44.138  45.594484     5.6840      7.835   209.3100 4.7365e+02     5.4377      0.201      0.291    26.6401 0.0000e+00
      0.203      0.001     5.5939     69.748     44.138  45.594390     5.7143      7.834   209.3071 4.7671e+02     5.3053      0.201      0.291    26.6413 0.0000e+00
      0.202      0.001     5.5898     69.848     44.139  45.594381     5.7203      7.833   209.3621 4.7445e+02     5.2364      0.199      0.288    26.6427 0.0000e+00
      0.202      0.000     5.5879     69.940     44.140  45.594380     5.7053      7.833   209.4584 4.7335e+02     5.2194      0.198      0.287    26.6435 0.0000e+00
      0.202     -0.002     5.5849     70.014     44.140  45.594371     5.6909      7.833   209.5251 4.7223e+02     5.2369      0.199      0.288    26.6444 0.0000e+00
      0.203     -0.002     5.5912     70.071     44.139  45.594276     5.6880      7.832   209.5665 4.6615e+02     5.3119      0.199      0.288    26.6440 0.0000e+00
      0.203     -0.002     5.6015     70.092     44.137  45.593226     5.6860      7.831   209.6145 4.6139e+02     5.3404      0.199      0.288    26.6416 0.0000e+00
      0.202     -0.002     5.6088     70.080     44.126  45.581684     5.6760      7.829   209.5889 4.6175e+02     5.2738      0.199      0.288    26.6402 0.0000e+00
      0.200     -0.002     5.6146     70.070     44.127  45.581684     5.6674      7.828   209.6004 4.6464e+02     5.2238      0.197      0.285    26.6410 0.0000e+00
      0.199     -0.002     5.6194     70.039     44.139  45.593217     5.6902      7.828   209.7542 4.6611e+02     5.2483      0.195      0.283    26.6421 0.0000e+00
      0.199     -0.001     5.6222     69.977     44.139  45.594170     5.7264      7.828   209.9865 4.6840e+02     5.2962      0.195      0.282    26.6432 0.0000e+00
      0.199      0.000     5.6179     69.942     44.137  45.593215     5.7389      7.827   210.0855 4.7656e+02     5.3250      0.196      0.283    26.6433 0.0000e+00
      0.200 -2.368e-08     5.6195     69.958     44.124  45.581673     5.7329      7.825   210.0909 4.8242e+02     5.2554      0.197      0.285    26.6410 0.0000e+00
      0.200 -2.605e-07     5.6181     70.007     44.122  45.581568     5.7210      7.823   210.2230 4.8133e+02     5.1715      0.197      0.285    26.6397 0.0000e+00
      0.200 -6.300e-07     5.6097     70.056     44.132  45.591956     5.7200      7.821   210.3934 4.8117e+02     5.1996      0.197      0.286    26.6414 0.0000e+00
      0.199     -0.000     5.6064     70.077     44.121  45.580310     5.7373      7.820   210.5154 4.7942e+02     5.2527      0.196      0.284    26.6437 0.0000e+00
      0.199     -0.000     5.6081     70.070     44.111  45.567710     5.7385      7.819   210.6654 4.7136e+02     5.2337      0.195      0.282    26.6457 0.0000e+00
      0.199     -0.001     5.6131     70.067     44.111  45.566574     5.7020      7.818   210.7449 4.6934e+02     5.1746      0.195      0.282    26.6476 0.0000e+00
      0.200     -0.001     5.6176     70.091     44.111  45.566575     5.6619      7.817   210.7026 4.7669e+02     5.1525      0.197      0.285    26.6481 0.0000e+00
      0.200      0.000     5.6199     70.126     44.113  45.567721     5.6531      7.816   210.6706 4.8316e+02     5.1713      0.197      0.286    26.6469 0.0000e+00
      0.199 -1.511e-08     5.6179     70.115     44.126  45.580425     5.6707      7.815   210.7020 4.8555e+02     5.2311      0.195      0.283    26.6450 0.0000e+00
      0.198 -1.663e-07     5.6173     70.062     44.138  45.593215     5.6917      7.815   210.7374 4.8160e+02     5.2956      0.194      0.282    26.6436 0.0000e+00
      0.198 2.0322e-07     5.6188     70.043     44.139  45.595410     5.7070      7.815   210.7541 4.7707e+02     5.3019      0.194      0.282    26.6431 0.0000e+00
      0.199      0.000     5.6250     70.063     44.149  45.606962     5.7138      7.814   210.9043 4.7971e+02     5.2727      0.195      0.283    26.6428 0.0000e+00
      0.199      0.000     5.6247     70.080     44.146  45.605930     5.7161      7.814   211.0914 4.8248e+02     5.2501      0.196      0.284    26.6415 0.0000e+00
      0.199      0.001     5.6158     70.094     44.123  45.582942     5.7179      7.815   211.0377 4.8006e+02     5.3362      0.196      0.285    26.6406 0.0000e+00
      0.199      0.001     5.6151     70.139     44.123  45.582934     5.7109      7.815   210.9428 4.7197e+02     5.4940      0.196      0.284    26.6418 0.0000e+00
      0.199      0.000     5.6182     70.218     44.148  45.605827     5.6902      7.815   211.0631 4.6077e+02     5.4839      0.195      0.282    26.6444 0.0000e+00
      0.199 1.8474e-08     5.6196     70.285     44.149  45.605817     5.6667      7.814   211.1151 4.5547e+02     5.3514      0.195      0.283    26.6472 0.0000e+00
      0.200 2.0321e-07     5.6184     70.298     44.127  45.582818     5.6757      7.814   211.0553 4.5707e+02     5.2583      0.196      0.285    26.6488 0.0000e+00
      0.200 2.0321e-07     5.6221     70.256     44.124  45.581674     5.7171      7.814   211.2006 4.5782e+02     5.2457      0.196      0.285    26.6485 0.0000e+00
      0.200 1.8474e-08     5.6304     70.221     44.132  45.591976     5.7422      7.814   211.3230 4.5607e+02     5.3016      0.196      0.284    26.6462 0.0000e+00
      0.200 1.6794e-09     5.6372     70.218     44.120  45.580426     5.7301      7.814   211.2445 4.5260e+02     5.2841      0.196      0.284    26.6429 0.0000e+00
      0.200 1.5267e-10     5.6394     70.231     44.109  45.568979     5.6948      7.814   211.1972 4.4736e+02     5.2403      0.196      0.284    26.6429 0.0000e+00
      0.200 1.3846e-11     5.6324     70.293     44.119  45.580538     5.6656      7.814   211.2672 4.4391e+02     5.2499      0.196      0.284    26.6456 0.0000e+00
      0.200 8.9632e-13     5.6283     70.397     44.131  45.593225     5.6678      7.815   211.4032 4.4026e+02     5.2636      0.195      0.283    26.6472 0.0000e+00
      0.200 -3.905e-12     5.6307     70.492     44.133  45.595418     5.6801      7.815   211.4646 4.3713e+02     5.3034      0.196      0.284    26.6480 0.0000e+00
      0.199 -3.049e-11     5.6287     70.558     44.144  45.607063     5.6729      7.814   211.4075 4.3823e+02     5.2879      0.196      0.285    26.6491 0.0000e+00
      0.199 -3.068e-10     5.6337     70.576     44.143  45.607063     5.6553      7.814   211.4014 4.3751e+02     5.1781      0.195      0.283    26.6497 0.0000e+00
      0.199 -3.359e-09     5.6452     70.558     44.132  45.595418     5.6427      7.814   211.4769 4.3237e+02     5.1380      0.195      0.283    26.6500 0.0000e+00
      0.200 -3.695e-08     5.6518     70.544     44.131  45.593215     5.6526      7.814   211.5462 4.2792e+02     5.2129      0.196      0.284    26.6504 0.0000e+00
      0.200 -4.064e-07     5.6587     70.517     44.118  45.580434     5.6833      7.814   211.6372 4.2347e+02     5.2974      0.196      0.284    26.6502 0.0000e+00
      0.199      0.000     5.6596     70.442     44.105  45.567834     5.7319      7.814   211.7162 4.1836e+02     5.3052      0.195      0.283    26.6512 0.0000e+00
      0.199      0.000     5.6557     70.377     44.104  45.567834     5.7905      7.815   211.7273 4.1537e+02     5.2393      0.196      0.284    26.6518 0.0000e+00
      0.199     -0.001     5.6558     70.383     44.116  45.580435     5.8184      7.816   211.6850 4.1478e+02     5.1834      0.196      0.284    26.6510 0.0000e+00
      0.199     -0.001     5.6559     70.429     44.128  45.593225     5.8185      7.817   211.6347 4.1575e+02     5.1765      0.195      0.283    26.6511 0.0000e+00
      0.199     -0.000     5.6472     70.455     44.130  45.595523     5.7919      7.816   211.6360 4.1664e+02     5.2243      0.196      0.284    26.6522 0.0000e+00
      0.199 -1.847e-08     5.6390     70.467     44.143  45.608219     5.7301      7.815   211.7006 4.1845e+02     5.2478      0.195      0.283    26.6533 0.0000e+00
      0.199 -2.032e-07     5.6413     70.502     44.153  45.619770     5.6873      7.815   211.7280 4.1861e+02     5.1880      0.194      0.282    26.6536 0.0000e+00
      0.199 -2.029e-07     5.6473     70.551     44.141  45.608230     5.6736      7.815   211.7088 4.1441e+02     5.1503      0.195      0.283    26.6539 0.0000e+00
      0.199 -1.512e-08     5.6491     70.579     44.130  45.595648     5.6643      7.815   211.8131 4.1148e+02     5.1674      0.196      0.284    26.6544 0.0000e+00
      0.199 3.5268e-08     5.6477     70.587     44.131  45.594599     5.6742      7.815   211.9566 4.0958e+02     5.1905      0.196      0.284    26.6540 0.0000e+00
      0.199 4.0627e-07     5.6516     70.597     44.134  45.595544     5.6768      7.816   211.9802 4.0504e+02     5.1903      0.195      0.283    26.6541 0.0000e+00
      0.199      0.000     5.6567     70.597     44.145  45.607076     5.6628      7.817   211.9262 4.0214e+02     5.1647      0.195      0.283    26.6552 0.0000e+00
      0.199      0.000     5.6588     70.587     44.144  45.607076     5.6632      7.817   211.8204 4.0213e+02     5.2225      0.195      0.283    26.6546 0.0000e+00
      0.199      0.001     5.6586     70.587     44.131  45.595543     5.6728      7.817   211.7334 4.0130e+02     5.3767      0.196      0.284    26.6518 0.0000e+00
      0.199      0.001     5.6602     70.568     44.130  45.594588     5.6880      7.816   211.8213 3.9929e+02     5.4926      0.195      0.283    26.6494 0.0000e+00
      0.199      0.000     5.6613     70.543     44.131  45.595533     5.6891      7.816   212.0222 3.9925e+02     5.4964      0.196      0.284    26.6494 0.0000e+00
      0.200 1.8474e-08     5.6575     70.543     44.142  45.606971     5.6945      7.817   212.0983 4.0157e+02     5.3884      0.197      0.285    26.6512 0.0000e+00
      0.200 2.0321e-07     5.6602     70.528     44.140  45.605921     5.7363      7.818   212.0526 4.0208e+02     5.2460      0.196      0.285    26.6523 0.0000e+00
      0.200 2.0321e-07     5.6582     70.485     44.118  45.582837     5.7780      7.819   212.0717 3.9976e+02     5.2095      0.196      0.284    26.6526 0.0000e+00
      0.199 1.8446e-08     5.6532     70.427     44.117  45.581787     5.7998      7.820   212.1577 3.9740e+02     5.2886      0.196      0.284    26.6527 0.0000e+00
      0.199 1.3741e-09     5.6570     70.359     44.128  45.593225     5.7994      7.822   212.1452 3.9553e+02     5.3143      0.195      0.282    26.6531 0.0000e+00
      0.199 -3.206e-09     5.6547     70.286     44.129  45.594170     5.7730      7.823   212.0928 3.9336e+02     5.2466      0.195      0.283    26.6538 0.0000e+00
      0.200 -3.693e-08     5.6508     70.217     44.128  45.593214     5.7397      7.823   212.1265 3.9152e+02     5.1870      0.196      0.284    26.6544 0.0000e+00
      0.200 -4.064e-07     5.6464     70.184     44.117  45.581672     5.7300      7.823   212.1232 3.9005e+02     5.2080      0.196      0.285    26.6546 0.0000e+00
      0.200      0.000     5.6401     70.206     44.118  45.581568     5.7385      7.823   212.0527 3.8922e+02     5.2967      0.196      0.284    26.6544 0.0000e+00
      0.199      0.000     5.6351     70.284     44.128  45.591956     5.7085      7.823   211.9621 3.8954e+02     5.3027      0.195      0.283    26.6544 0.0000e+00
      0.199     -0.001     5.6277     70.384     44.116  45.580319     5.6425      7.823   211.8881 3.8990e+02     5.2122      0.196      0.284    26.6540 0.0000e+00
      0.199     -0.001     5.6251     70.480     44.103  45.567823     5.6068      7.824   211.9321 3.9030e+02     5.1596      0.196      0.284    26.6536 0.0000e+00
      0.199      0.000     5.6265     70.598     44.103  45.567832     5.6003      7.824   211.9786 3.9127e+02     5.1789      0.196      0.284    26.6524 0.0000e+00
      0.199 -1.847e-08     5.6339     70.687     44.115  45.580424     5.6313      7.824   212.0205 3.9204e+02     5.2399      0.195      0.283    26.6514 0.0000e+00
      0.199 -2.032e-07     5.6440     70.681     44.127  45.593111     5.6988      7.823   212.0935 3.9185e+02     5.2829      0.195      0.282    26.6524 0.0000e+00
      0.199 -2.032e-07     5.6483     70.629     44.128  45.594274     5.7332      7.823   212.1732 3.9094e+02     5.2540      0.195      0.283    26.6541 0.0000e+00
      0.199 -1.847e-08     5.6599     70.575     44.128  45.594483     5.7309      7.823   212.2954 3.9012e+02     5.1988      0.196      0.284    26.6551 0.0000e+00
      0.199 -1.680e-09     5.6712     70.520     44.129  45.595637     5.7285      7.824   212.2800 3.8964e+02     5.1960      0.195      0.283    26.6550 0.0000e+00
      0.199 -1.527e-10     5.6669     70.482     44.141  45.608229     5.7385      7.824   212.2462 3.8924e+02     5.2535      0.195      0.282    26.6546 0.0000e+00
      0.199 -1.388e-11     5.6616     70.467     44.152  45.619779     5.7433      7.824   212.3164 3.8894e+02     5.3142      0.195      0.283    26.6546 0.0000e+00
      0.199 -1.262e-12     5.6585     70.474     44.142  45.608333     5.7374      7.825   212.3548 3.8936e+02     5.3147      0.195      0.283    26.6547 0.0000e+00
      0.199 -1.147e-13     5.6525     70.506     44.132  45.596792     5.7172      7.825   212.4526 3.9009e+02     5.2592      0.195      0.283    26.6548 0.0000e+00
      0.198 -1.043e-14     5.6494     70.518     44.143  45.607190     5.6819      7.825   212.5523 3.8987e+02     5.2248      0.195      0.282    26.6554 0.0000e+00
      0.198 -9.480e-16     5.6488     70.468     44.142  45.607085     5.6761      7.825   212.5274 3.8923e+02     5.2744      0.195      0.282    26.6561 0.0000e+00
      0.199 -8.620e-17     5.6482     70.407     44.131  45.595534     5.6972      7.825   212.4958 3.8929e+02     5.3458      0.195      0.283    26.6553 0.0000e+00
      0.199 -7.835e-18     5.6527     70.388     44.131  45.594485     5.6952      7.826   212.5143 3.8920e+02     5.3026      0.196      0.284    26.6532 0.0000e+00
      0.199 -7.118e-19     5.6565     70.365     44.131  45.594398     5.6940      7.827   212.5796 3.8878e+02     5.1964      0.195      0.283    26.6521 0.0000e+00
      0.199 -6.227e-20     5.6497     70.266     44.131  45.594484     5.7322      7.827   212.6821 3.8848e+02     5.1891      0.195      0.283    26.6530 0.0000e+00
      0.199 2.1397e-20     5.6421     70.137     44.131  45.595524     5.7744      7.827   212.7214 3.8671e+02     5.2477      0.195      0.283    26.6531 0.0000e+00
      0.199 2.9957e-19     5.6428     70.083     44.142  45.606971     5.7964      7.827   212.7978 3.8382e+02     5.2898      0.196      0.284    26.6520 0.0000e+00
      0.199 3.3011e-18     5.6447     70.105     44.140  45.605930     5.7909      7.827   212.9166 3.8319e+02     5.2549      0.196      0.284    26.6519 0.0000e+00
