Data/DataNotYetUploadedToEDI/Raw_CTD/RawDownloads/072224_fcr10_S7809002.cnv
* Sea-Bird SBE19plus  Data File:
* FileName = C:\R\Reservoirs\Data\DataNotYetUploadedToEDI\Raw_CTD\RawDownloads\072224_fcr50_S7809_0002.hex
* Software version 2.8.0.119
* Temperature SN = 7809
* Conductivity SN = 7809
* System UpLoad Time = Jul 23 2024 15:57:21
* <ApplicationData>
* <Seaterm232>
# nquan = 15
# nvalues = 1173                        
# units = specified
# name 0 = depFM: Depth [fresh water, m]
# name 1 = dz/dtM: Descent Rate [m/s]
# name 2 = sbeox0Mg/L: Oxygen, SBE 43 [mg/l]
# name 3 = sbeox0PS: Oxygen, SBE 43 [% saturation]
# name 4 = specc: Specific Conductance [uS/cm]
# name 5 = c0uS/cm: Conductivity [uS/cm]
# name 6 = flECO-AFL: Fluorescence, WET Labs ECO-AFL/FL [mg/m^3]
# name 7 = ph: pH
# name 8 = orp: Oxidation Reduction Potential [mV]
# name 9 = par/sat/log: PAR/Logarithmic, Satlantic
# name 10 = turbWETntu0: Turbidity, WET Labs ECO [NTU]
# name 11 = prdM: Pressure, Strain Gauge [db]
# name 12 = prdE: Pressure, Strain Gauge [psi]
# name 13 = tv290C: Temperature [ITS-90, deg C]
# name 14 = flag:  0.000e+00
# span 0 =     -0.650,      2.083       
# span 1 =     -0.332,      0.194       
# span 2 =    -0.4573,     7.8807       
# span 3 =     -5.035,     97.505       
# span 4 =      1.719,     61.016       
# span 5 =   1.765260,  58.961579       
# span 6 =    -0.0710,    36.6061       
# span 7 =      5.649,      7.526       
# span 8 =    92.4083,   223.5875       
# span 9 = 3.5869e+01, 9.5315e+02       
# span 10 =     1.0202,    80.6482      
# span 11 =     -0.638,      2.043      
# span 12 =     -0.925,      2.963      
# span 13 =    23.2267,    26.6349      
# span 14 = 0.0000e+00, 0.0000e+00      
# interval = seconds: 0.25
# start_time = Jul 22 2024 12:01:56 [Instrument's time stamp, header]
# bad_flag = -9.990e-29
*END*
[from data line 290]
      0.256      0.000     5.0079     62.276     44.528  45.959343     5.1061      6.913   181.0264 1.7496e+02     4.9707      0.251      0.364    26.6018 0.0000e+00
      0.255      0.001     5.0074     62.286     44.533  45.963385     5.1086      6.918   180.9577 1.7379e+02     4.9374      0.250      0.363    26.6018 0.0000e+00
      0.255      0.002     5.0026     62.348     44.528  45.957509     5.1307      6.923   180.9986 1.7257e+02     4.9710      0.250      0.363    26.6012 0.0000e+00
      0.256      0.002     4.9989     62.449     44.522  45.951780     5.1568      6.926   181.1758 1.7182e+02     5.0018      0.251      0.365    26.6007 0.0000e+00
      0.257      0.003     4.9966     62.545     44.527  45.957597     5.1746      6.927   181.2938 1.7113e+02     5.0021      0.252      0.366    26.6006 0.0000e+00
      0.258      0.003     4.9964     62.606     44.532  45.964370     5.1712      6.930   181.3071 1.7058e+02     4.9745      0.253      0.368    26.6003 0.0000e+00
      0.259      0.003     5.0018     62.616     44.536  45.970185     5.1239      6.933   181.3359 1.7050e+02     4.9072      0.254      0.369    26.5990 0.0000e+00
      0.260      0.002     5.0117     62.560     44.530  45.964432     5.0524      6.935   181.4705 1.7055e+02     4.8713      0.254      0.369    26.5983 0.0000e+00
      0.261      0.001     5.0202     62.450     44.525  45.958294     5.0310      6.938   181.5578 1.7065e+02     4.9164      0.255      0.371    26.5997 0.0000e+00
      0.261      0.000     5.0249     62.341     44.526  45.959448     5.0567      6.940   181.6177 1.7095e+02     5.0079      0.256      0.371    26.6018 0.0000e+00
      0.260     -0.001     5.0264     62.250     44.544  45.978388     5.0808      6.941   181.6779 1.7140e+02     5.0895      0.256      0.371    26.6033 0.0000e+00
      0.259     -0.005     5.0220     62.176     44.563  45.996851     5.0968      6.943   181.5971 1.7178e+02     5.0837      0.254      0.369    26.6039 0.0000e+00
      0.258     -0.009     5.0102     62.141     44.559  45.992239     5.0927      6.944   181.6740 1.7163e+02     5.0058      0.253      0.368    26.6035 0.0000e+00
      0.258     -0.011     5.0018     62.140     44.554  45.986099     5.0885      6.943   182.0910 1.7136e+02     5.0021      0.253      0.367    26.6029 0.0000e+00
      0.255     -0.009     4.9952     62.182     44.555  45.986099     5.0880      6.940   182.5952 1.7277e+02     5.0046      0.252      0.365    26.6029 0.0000e+00
      0.247     -0.004     4.9872     62.267     44.562  45.992229     5.0706      6.935   182.9521 1.7572e+02     4.9679      0.243      0.352    26.6032 0.0000e+00
      0.239      0.001     4.9860     62.380     44.566  45.996747     5.0524      6.931   183.1362 1.7621e+02     4.9680      0.230      0.333    26.6022 0.0000e+00
      0.242      0.004     4.9850     62.487     44.547  45.977244     5.0345      6.929   183.1867 1.7251e+02     4.9370      0.233      0.338    26.6001 0.0000e+00
      0.254      0.005     4.9885     62.544     44.518  45.946857     5.0124      6.929   183.2192 1.6944e+02     4.9345      0.251      0.364    26.5986 0.0000e+00
      0.262      0.007     4.9962     62.547     44.518  45.946744     5.0014      6.931   183.3563 1.6994e+02     5.0064      0.261      0.377    26.5982 0.0000e+00
      0.261      0.008     5.0055     62.506     44.546  45.975872     5.0094      6.934   183.4682 1.7114e+02     5.0552      0.258      0.374    26.5991 0.0000e+00
      0.256      0.006     5.0165     62.421     44.551  45.981643     5.0095      6.938   183.4527 1.7121e+02     5.0469      0.249      0.362    26.5996 0.0000e+00
      0.253      0.003     5.0204     62.323     44.523  45.953039     5.0026      6.940   183.4277 1.7018e+02     5.0079      0.246      0.357    26.5987 0.0000e+00
      0.256      0.002     5.0203     62.254     44.517  45.947429     5.0261      6.942   183.5094 1.6831e+02     5.0274      0.249      0.363    26.5981 0.0000e+00
      0.261      0.002     5.0177     62.214     44.545  45.977285     5.0602      6.944   183.6672 1.6713e+02     5.0782      0.255      0.371    26.5981 0.0000e+00
      0.264      0.002     5.0097     62.188     44.564  45.996626     5.0658      6.946   183.7866 1.6728e+02     5.0759      0.260      0.377    26.5985 0.0000e+00
      0.264      0.000     4.9999     62.198     44.559  45.990845     5.0522      6.948   183.8346 1.6833e+02     5.0337      0.260      0.376    26.5995 0.0000e+00
      0.261     -0.005     4.9947     62.256     44.540  45.970874     5.0367      6.949   183.9035 1.6945e+02     4.9775      0.256      0.370    26.6004 0.0000e+00
      0.258     -0.009     4.9924     62.319     44.517  45.945597     5.0364      6.949   183.9307 1.6961e+02     4.9765      0.251      0.364    26.6006 0.0000e+00
      0.257     -0.011     4.9893     62.361     44.512  45.939146     5.0578      6.950   183.9924 1.6956e+02     5.0216      0.252      0.365    26.6003 0.0000e+00
      0.254     -0.011     4.9890     62.397     44.530  45.956350     5.0700      6.951   184.2189 1.7156e+02     5.0448      0.251      0.365    26.5997 0.0000e+00
      0.247     -0.008     4.9962     62.417     44.538  45.963166     5.0586      6.953   184.3458 1.7485e+02     5.0178      0.242      0.352    26.5997 0.0000e+00
      0.242     -0.006     5.0020     62.413     44.533  45.958066     5.0372      6.956   184.2361 1.7540e+02     4.9345      0.235      0.341    26.5987 0.0000e+00
      0.241     -0.006     5.0042     62.429     44.533  45.958171     5.0364      6.958   184.0974 1.7382e+02     4.9257      0.235      0.342    26.5962 0.0000e+00
      0.245     -0.005     5.0081     62.484     44.538  45.964433     5.0657      6.960   184.0445 1.7291e+02     5.0132      0.240      0.349    26.5939 0.0000e+00
      0.248     -0.004     5.0105     62.503     44.543  45.970305     5.1083      6.963   184.1132 1.7276e+02     5.0706      0.245      0.355    26.5928 0.0000e+00
      0.246     -0.002     5.0085     62.459     44.538  45.965693     5.1435      6.965   184.4123 1.7344e+02     5.0739      0.243      0.352    26.5930 0.0000e+00
      0.240      0.000     5.0076     62.394     44.545  45.972146     5.1499      6.964   184.8209 1.7469e+02     5.0194      0.235      0.342    26.5943 0.0000e+00
      0.236      0.002     5.0164     62.333     44.558  45.984842     5.1523      6.962   185.0966 1.7504e+02     4.9923      0.229      0.332    26.5956 0.0000e+00
      0.237      0.004     5.0184     62.288     44.563  45.992239     5.1553      6.962   185.1646 1.7373e+02     5.0530      0.231      0.334    26.5964 0.0000e+00
      0.244      0.004     5.0124     62.268     44.567  45.998110     5.1366      6.962   185.1264 1.7230e+02     5.1040      0.239      0.348    26.5968 0.0000e+00
      0.251      0.002     5.0073     62.278     44.562  45.992353     5.1094      6.963   185.0644 1.7216e+02     5.0626      0.248      0.360    26.5953 0.0000e+00
      0.252     -0.001     5.0018     62.299     44.557  45.986111     5.0854      6.966   185.0181 1.7268e+02     4.9617      0.249      0.360    26.5947 0.0000e+00
      0.249     -0.005     4.9983     62.343     44.559  45.986111     5.0873      6.970   185.1682 1.7338e+02     4.9437      0.244      0.354    26.5969 0.0000e+00
      0.243     -0.007     4.9955     62.399     44.565  45.992356     5.1156      6.971   185.5026 1.7436e+02     5.0156      0.238      0.345    26.5986 0.0000e+00
      0.237     -0.006     4.9979     62.407     44.570  45.998126     5.1271      6.971   185.7060 1.7516e+02     5.0451      0.231      0.335    26.5989 0.0000e+00
      0.233     -0.003     4.9987     62.362     44.563  45.992396     5.1097      6.971   185.7348 1.7494e+02     4.9929      0.226      0.328    26.5971 0.0000e+00
      0.235      0.001     5.0019     62.307     44.556  45.986568     5.0883      6.972   185.7648 1.7412e+02     4.9308      0.228      0.331    26.5945 0.0000e+00
      0.241      0.004     5.0100     62.256     44.561  45.991146     5.0690      6.973   185.8113 1.7389e+02     4.9102      0.237      0.344    26.5936 0.0000e+00
      0.244      0.006     5.0102     62.181     44.555  45.984264     5.0505      6.976   185.7799 1.7414e+02     4.9482      0.242      0.351    26.5951 0.0000e+00
      0.244      0.006     5.0045     62.119     44.538  45.966838     5.0481      6.979   185.7299 1.7442e+02     5.0148      0.239      0.347    26.5975 0.0000e+00
      0.243      0.004     4.9990     62.125     44.541  45.970887     5.0486      6.983   185.8089 1.7408e+02     4.9981      0.237      0.344    26.5989 0.0000e+00
      0.244      0.000     4.9975     62.142     44.540  45.969742     5.0401      6.986   185.8748 1.7280e+02     4.9166      0.238      0.346    26.5985 0.0000e+00
      0.245     -0.002     4.9902     62.135     44.524  45.952998     5.0282      6.989   185.7523 1.7165e+02     4.8837      0.241      0.351    26.5975 0.0000e+00
      0.245     -0.002     4.9809     62.139     44.530  45.958869     5.0292      6.991   185.7901 1.7151e+02     4.9413      0.242      0.350    26.5979 0.0000e+00
      0.244     -0.001     4.9859     62.159     44.548  45.977244     5.0526      6.991   186.1598 1.7155e+02     5.0328      0.239      0.346    26.5990 0.0000e+00
      0.241      0.002     4.9882     62.159     44.556  45.984737     5.0613      6.990   186.4371 1.7170e+02     5.0335      0.237      0.344    26.5989 0.0000e+00
      0.239      0.004     4.9853     62.120     44.556  45.985977     5.0428      6.989   186.5616 1.7211e+02     4.9496      0.234      0.338    26.5984 0.0000e+00
      0.241      0.005     4.9858     62.067     44.561  45.992239     5.0287      6.989   186.5470 1.7115e+02     4.9067      0.233      0.338    26.5981 0.0000e+00
      0.248      0.006     4.9889     62.029     44.565  45.996975     5.0325      6.990   186.4326 1.6980e+02     4.9593      0.243      0.353    26.5974 0.0000e+00
      0.253      0.006     4.9899     62.020     44.550  45.979763     5.0470      6.992   186.5545 1.7013e+02     5.0391      0.251      0.364    26.5970 0.0000e+00
      0.253      0.005     4.9853     62.024     44.545  45.974569     5.0548      6.995   186.8161 1.7151e+02     5.0506      0.248      0.360    26.5979 0.0000e+00
      0.250      0.003     4.9803     62.014     44.567  45.997653     5.0436      6.998   186.8425 1.7196e+02     4.9961      0.244      0.355    26.5995 0.0000e+00
      0.249     -0.000     4.9765     61.999     44.574  46.004945     5.0279      7.000   186.7018 1.7078e+02     4.9272      0.244      0.354    26.5998 0.0000e+00
      0.251     -0.001     4.9765     61.998     44.568  45.999260     5.0562      7.003   186.6636 1.6982e+02     4.9350      0.245      0.356    26.5989 0.0000e+00
      0.252      0.001     4.9781     61.990     44.561  45.992396     5.1280      7.007   186.7240 1.7068e+02     5.0220      0.249      0.361    26.5984 0.0000e+00
      0.251      0.003     4.9768     61.949     44.554  45.985433     5.1633      7.010   186.8295 1.7222e+02     5.0223      0.247      0.358    26.5983 0.0000e+00
      0.249      0.003     4.9745     61.917     44.547  45.978558     5.1588      7.012   186.9072 1.7202e+02     4.9391      0.242      0.351    26.5990 0.0000e+00
      0.251      0.001     4.9752     61.953     44.542  45.972744     5.1725      7.014   186.8896 1.7099e+02     4.9036      0.245      0.355    26.5997 0.0000e+00
      0.255     -0.002     4.9760     62.028     44.549  45.978619     5.2041      7.017   186.8746 1.7137e+02     4.9350      0.252      0.365    26.5999 0.0000e+00
      0.257     -0.003     4.9713     62.078     44.558  45.986111     5.2253      7.020   186.8973 1.7290e+02     5.0112      0.253      0.367    26.5996 0.0000e+00
      0.254     -0.003     4.9656     62.095     44.572  45.999847     5.2208      7.021   186.9924 1.7502e+02     5.0398      0.251      0.365    26.5997 0.0000e+00
      0.249     -0.002     4.9701     62.077     44.590  46.017736     5.1989      7.021   187.1641 1.7747e+02     4.9726      0.245      0.356    26.5998 0.0000e+00
      0.244     -0.002     4.9791     62.033     44.584  46.011961     5.1774      7.022   187.2530 1.7857e+02     4.9842      0.236      0.344    26.5984 0.0000e+00
      0.244     -0.003     4.9824     62.023     44.565  45.993499     5.1687      7.024   187.2921 1.7709e+02     5.1471      0.236      0.343    26.5961 0.0000e+00
      0.250     -0.004     4.9842     62.068     44.556  45.984966     5.1764      7.025   187.3793 1.7536e+02     5.3026      0.246      0.357    26.5940 0.0000e+00
      0.255     -0.005     4.9835     62.097     44.543  45.972271     5.1798      7.025   187.4473 1.7619e+02     5.3264      0.254      0.368    26.5941 0.0000e+00
      0.251     -0.007     4.9770     62.062     44.538  45.966963     5.1767      7.026   187.4253 1.7931e+02     5.1621      0.248      0.360    26.5954 0.0000e+00
      0.243     -0.009     4.9747     61.996     44.555  45.984271     5.1884      7.028   187.3715 1.8170e+02     4.9557      0.237      0.343    26.5963 0.0000e+00
      0.237     -0.009     4.9818     61.948     44.562  45.991095     5.2044      7.030   187.4852 1.8234e+02     4.9486      0.232      0.336    26.5972 0.0000e+00
      0.234     -0.004     4.9862     61.958     44.557  45.985996     5.2122      7.031   187.6813 1.8304e+02     5.0416      0.229      0.333    26.5979 0.0000e+00
      0.233      0.005     4.9807     62.008     44.557  45.986101     5.2002      7.032   187.7641 1.8418e+02     5.0206      0.228      0.330    26.5981 0.0000e+00
      0.235      0.012     4.9752     62.045     44.562  45.992354     5.1756      7.034   187.8841 1.8434e+02     4.9350      0.228      0.331    26.5976 0.0000e+00
      0.242      0.016     4.9689     62.076     44.566  45.998126     5.1640      7.035   188.0993 1.8262e+02     4.8944      0.236      0.342    26.5966 0.0000e+00
      0.252      0.017     4.9704     62.139     44.560  45.992406     5.1523      7.036   188.3015 1.8024e+02     4.9399      0.248      0.360    26.5964 0.0000e+00
      0.259      0.016     4.9776     62.229     44.555  45.986683     5.1262      7.037   188.4357 1.7873e+02     5.0405      0.256      0.372    26.5977 0.0000e+00
      0.262      0.013     4.9789     62.269     44.561  45.992405     5.0895      7.040   188.5174 1.7804e+02     5.0868      0.258      0.374    26.5990 0.0000e+00
      0.261      0.010     4.9807     62.231     44.566  45.998114     5.0659      7.042   188.6871 1.7735e+02     5.0554      0.256      0.371    26.6000 0.0000e+00
      0.260      0.008     4.9842     62.150     44.560  45.992230     5.0566      7.042   188.9386 1.7635e+02     5.0020      0.254      0.369    26.6006 0.0000e+00
      0.262      0.006     4.9959     62.054     44.553  45.984737     5.0602      7.043   189.0629 1.7546e+02     4.9883      0.256      0.372    26.6006 0.0000e+00
      0.267      0.004     4.9996     61.976     44.540  45.971001     5.0843      7.044   188.9001 1.7494e+02     5.0255      0.262      0.379    26.6004 0.0000e+00
      0.271      0.001     4.9944     61.933     44.523  45.953111     5.0990      7.047   188.6908 1.7523e+02     5.0762      0.266      0.386    26.6003 0.0000e+00
      0.272     -0.003     4.9882     61.913     44.529  45.958867     5.1049      7.049   188.7696 1.7645e+02     5.0889      0.268      0.388    26.6005 0.0000e+00
      0.269     -0.006     4.9785     61.892     44.548  45.977120     5.1056      7.049   188.9064 1.7817e+02     5.0086      0.266      0.386    26.6005 0.0000e+00
      0.263     -0.008     4.9724     61.879     44.555  45.983363     5.0992      7.050   188.9681 1.8012e+02     4.9596      0.259      0.375    26.6009 0.0000e+00
