Data/DataNotYetUploadedToEDI/Raw_CTD/RawDownloads/072224_fcr50_S7809001.cnv
* Sea-Bird SBE19plus  Data File:
* FileName = C:\R\Reservoirs\Data\DataNotYetUploadedToEDI\Raw_CTD\RawDownloads\072224_fcr50_S7809_0001.hex
* Software version 2.8.0.119
* Temperature SN = 7809
* Conductivity SN = 7809
* System UpLoad Time = Jul 23 2024 15:56:49
* <ApplicationData>
* <Seaterm232>
# nquan = 15
# nvalues = 1834                        
# units = specified
# name 0 = depFM: Depth [fresh water, m]
# name 1 = dz/dtM: Descent Rate [m/s]
# name 2 = sbeox0Mg/L: Oxygen, SBE 43 [mg/l]
# name 3 = sbeox0PS: Oxygen, SBE 43 [% saturation]
# name 4 = specc: Specific Conductance [uS/cm]
# name 5 = c0uS/cm: Conductivity [uS/cm]
# name 6 = flECO-AFL: Fluorescence, WET Labs ECO-AFL/FL [mg/m^3]
# name 7 = ph: pH
# name 8 = orp: Oxidation Reduction Potential [mV]
# name 9 = par/sat/log: PAR/Logarithmic, Satlantic
# name 10 = turbWETntu0: Turbidity, WET Labs ECO [NTU]
# name 11 = prdM: Pressure, Strain Gauge [db]
# name 12 = prdE: Pressure, Strain Gauge [psi]
# name 13 = tv290C: Temperature [ITS-90, deg C]
# name 14 = flag:  0.000e+00
# span 0 =     -0.645,      9.511       
# span 1 =     -0.299,      0.194       
# span 2 =     0.1094,    10.1828       
# span 3 =      1.252,    100.550       
# span 4 =      0.344,    383.821       
# span 5 =   0.327382, 285.660949       
# span 6 =    -0.0855,    37.9710       
# span 7 =      5.436,      7.379       
# span 8 =    78.7093,   398.2088       
# span 9 = 1.2362e-01, 2.0358e+02       
# span 10 =    -0.3105,   139.7632      
# span 11 =     -0.633,      9.328      
# span 12 =     -0.919,     13.529      
# span 13 =    12.0892,    26.5475      
# span 14 = 0.0000e+00, 0.0000e+00      
# interval = seconds: 0.25
# start_time = Jul 22 2024 10:48:55 [Instrument's time stamp, header]
# bad_flag = -9.990e-29
*END*
[from data line 482]
      0.604      0.053     5.0957     63.126     44.019  45.377872     6.9234      6.780   245.8269 4.2200e+01     4.3204      0.591      0.857    26.5351 0.0000e+00
      0.614      0.057     5.0934     63.106     44.014  45.371540     6.9469      6.782   246.5011 4.1565e+01     4.3330      0.601      0.871    26.5357 0.0000e+00
      0.627      0.065     5.0864     63.091     44.014  45.370550     6.9733      6.780   247.3116 4.0891e+01     4.3153      0.615      0.892    26.5361 0.0000e+00
      0.642      0.072     5.0748     63.052     44.009  45.365910     7.0007      6.778   247.5386 4.0075e+01     4.3791      0.628      0.911    26.5365 0.0000e+00
      0.662      0.075     5.0699     63.028     44.022  45.378917     7.0206      6.778   246.8375 3.8939e+01     4.4222      0.646      0.936    26.5368 0.0000e+00
      0.690      0.072     5.0698     63.060     44.044  45.400850     7.0395      6.780   246.2342 3.7698e+01     4.4608      0.677      0.981    26.5359 0.0000e+00
      0.719      0.064     5.0700     63.102     44.022  45.377180     7.0541      6.784   246.2663 3.6906e+01     4.5041      0.712      1.032    26.5350 0.0000e+00
      0.736      0.051     5.0656     63.120     43.993  45.346650     7.1217      6.789   246.4513 3.6666e+01     4.4331      0.727      1.054    26.5348 0.0000e+00
      0.741      0.036     5.0606     63.112     43.997  45.349101     7.2497      6.795   246.4059 3.6603e+01     4.2861      0.726      1.053    26.5347 0.0000e+00
      0.742      0.024     5.0665     63.059     43.992  45.343326     7.3192      6.800   246.2336 3.6518e+01     4.1945      0.727      1.056    26.5343 0.0000e+00
      0.744      0.019     5.0710     62.998     43.991  45.340303     7.3382      6.805   246.1749 3.6455e+01     4.2140      0.730      1.059    26.5331 0.0000e+00
      0.745      0.024     5.0712     63.003     44.027  45.376037     7.3794      6.806   246.2120 3.6385e+01     4.2485      0.731      1.060    26.5315 0.0000e+00
      0.747      0.034     5.0729     63.063     44.046  45.394504     7.4187      6.806   246.2525 3.6146e+01     4.2018      0.731      1.060    26.5305 0.0000e+00
      0.755      0.045     5.0677     63.135     44.025  45.373142     7.4297      6.807   246.5789 3.5582e+01     4.1612      0.736      1.068    26.5291 0.0000e+00
      0.772      0.057     5.0587     63.181     44.024  45.371672     7.4384      6.808   247.2338 3.4777e+01     4.1675      0.755      1.095    26.5273 0.0000e+00
      0.795      0.068     5.0609     63.170     44.029  45.376723     7.4814      6.807   247.6316 3.4065e+01     4.2098      0.782      1.134    26.5256 0.0000e+00
      0.815      0.077     5.0674     63.147     44.025  45.370741     7.5505      6.805   247.7744 3.3546e+01     4.2633      0.800      1.162    26.5243 0.0000e+00
      0.832      0.082     5.0732     63.156     44.022  45.362819     7.5905      6.801   248.1860 3.2957e+01     4.2678      0.814      1.179    26.5249 0.0000e+00
      0.852      0.081     5.0797     63.135     44.011  45.344403     7.5820      6.800   248.7365 3.2217e+01     4.2634      0.834      1.210    26.5251 0.0000e+00
      0.877      0.076     5.0763     63.007     44.011  45.338499     7.5070      6.802   248.7518 3.1436e+01     4.2788      0.860      1.248    26.5252 0.0000e+00
      0.902      0.070     5.0719     62.747     44.029  45.354909     7.3992      6.806   248.2840 3.0758e+01     4.3175      0.886      1.284    26.5247 0.0000e+00
      0.922      0.063     5.0763     62.362     44.025  45.352371     7.3523      6.810   247.9854 3.0376e+01     4.3225      0.908      1.316    26.5180 0.0000e+00
      0.934      0.059     5.0785     61.952     43.981  45.307811     7.3391      6.811   248.7544 3.0219e+01     4.3043      0.918      1.331    26.5078 0.0000e+00
      0.940      0.062     5.0684     61.666     43.943  45.260497     7.1901      6.802   250.6134 3.0028e+01     4.3363      0.921      1.335    26.5002 0.0000e+00
      0.948      0.075     5.0487     61.496     43.923  45.224642     6.9162      6.787   251.9636 2.9683e+01     4.3333      0.927      1.345    26.4984 0.0000e+00
      0.961      0.095     5.0147     61.246     43.913  45.191657     6.7741      6.774   252.0025 2.9127e+01     4.3032      0.940      1.364    26.5029 0.0000e+00
      0.986      0.112     4.9748     60.670     43.923  45.179032     6.7695      6.767   251.4272 2.8181e+01     4.3139      0.961      1.395    26.5057 0.0000e+00
      1.027      0.119     4.9529     59.609     43.959  45.198907     6.7280      6.767   251.0303 2.6768e+01     4.3256      1.000      1.451    26.4972 0.0000e+00
      1.080      0.115     4.9480     58.142     44.007  45.241502     6.6377      6.771   250.9043 2.5439e+01     4.3082      1.063      1.542    26.4770 0.0000e+00
      1.122      0.100     4.9374     56.579     44.012  45.249679     6.5768      6.777   250.6778 2.4824e+01     4.2739      1.112      1.614    26.4513 0.0000e+00
      1.141      0.078     4.8995     55.231     43.991  45.234305     6.5748      6.785   250.2711 2.4709e+01     4.2864      1.124      1.630    26.4216 0.0000e+00
      1.146      0.052     4.8144     54.281     43.996  45.246064     6.5966      6.794   249.8584 2.4664e+01     4.3224      1.123      1.629    26.3973 0.0000e+00
      1.147      0.030     4.6856     53.801     44.011  45.264919     6.6075      6.801   249.5587 2.4610e+01     4.3002      1.125      1.631    26.3910 0.0000e+00
      1.150      0.017     4.5496     53.765     44.014  45.271841     6.5980      6.808   249.3146 2.4560e+01     4.2571      1.128      1.635    26.3980 0.0000e+00
      1.152      0.013     4.4360     54.076     44.006  45.266282     6.5816      6.815   249.0577 2.4493e+01     4.2450      1.130      1.638    26.4078 0.0000e+00
      1.156      0.013     4.3564     54.625     43.999  45.261192     6.5923      6.820   248.7758 2.4395e+01     4.2910      1.133      1.643    26.4149 0.0000e+00
      1.161      0.012     4.3185     55.281     44.009  45.273783     6.6942      6.826   248.4880 2.4303e+01     4.3354      1.139      1.652    26.4187 0.0000e+00
      1.165      0.011     4.3188     55.928     44.024  45.291568     6.8487      6.832   248.3305 2.4244e+01     4.3030      1.144      1.659    26.4228 0.0000e+00
      1.167      0.011     4.3460     56.524     44.013  45.285784     6.9201      6.837   248.2493 2.4223e+01     4.2409      1.145      1.661    26.4271 0.0000e+00
      1.168      0.011     4.3939     57.089     43.991  45.267349     6.9171      6.842   248.0221 2.4222e+01     4.1989      1.145      1.661    26.4292 0.0000e+00
      1.169      0.015     4.4507     57.639     43.982  45.259108     6.9618      6.846   247.9925 2.4212e+01     4.2397      1.147      1.663    26.4297 0.0000e+00
      1.172      0.025     4.5035     58.159     43.974  45.249619     7.0618      6.844   248.9240 2.4187e+01     4.3246      1.151      1.667    26.4325 0.0000e+00
      1.177      0.040     4.5496     58.591     43.945  45.216099     7.1108      6.834   250.1648 2.4119e+01     4.3371      1.153      1.672    26.4391 0.0000e+00
      1.184      0.058     4.5943     58.877     43.912  45.171204     7.0961      6.823   250.5188 2.3902e+01     4.2887      1.157      1.679    26.4456 0.0000e+00
      1.199      0.073     4.6385     58.987     43.911  45.151124     7.0666      6.818   250.3651 2.3422e+01     4.2852      1.171      1.700    26.4469 0.0000e+00
      1.225      0.081     4.6825     58.815     43.941  45.163718     7.0448      6.818   250.1122 2.2682e+01     4.3637      1.197      1.738    26.4448 0.0000e+00
      1.260      0.081     4.7198     58.209     43.982  45.196488     7.0489      6.821   249.9569 2.1931e+01     4.4179      1.236      1.794    26.4424 0.0000e+00
      1.291      0.074     4.7432     57.251     44.016  45.229933     7.0509      6.825   250.1229 2.1524e+01     4.3937      1.272      1.845    26.4315 0.0000e+00
      1.307      0.060     4.7566     56.262     44.032  45.250710     6.9527      6.830   250.1396 2.1430e+01     4.3098      1.286      1.866    26.4057 0.0000e+00
      1.313      0.042     4.7529     55.505     44.031  45.257275     6.7770      6.834   249.8150 2.1390e+01     4.2234      1.288      1.868    26.3788 0.0000e+00
      1.316      0.026     4.7027     55.084     44.012  45.245848     6.6990      6.838   249.3818 2.1343e+01     4.2375      1.292      1.872    26.3705 0.0000e+00
      1.320      0.016     4.6125     55.000     44.000  45.239508     6.7160      6.843   249.2899 2.1309e+01     4.3103      1.295      1.878    26.3711 0.0000e+00
      1.322      0.014     4.5257     55.211     44.001  45.244111     6.7175      6.848   249.7358 2.1297e+01     4.2831      1.296      1.880    26.3750 0.0000e+00
      1.323      0.019     4.4612     55.617     43.994  45.238026     6.7245      6.851   250.2127 2.1298e+01     4.1818      1.298      1.882    26.3858 0.0000e+00
      1.325      0.027     4.4272     56.080     43.989  45.229412     6.7678      6.851   250.3247 2.1250e+01     4.1442      1.299      1.884    26.3969 0.0000e+00
      1.330      0.034     4.4202     56.484     43.970  45.203439     6.8004      6.850   250.2294 2.1080e+01     4.2040      1.301      1.887    26.4037 0.0000e+00
      1.342      0.039     4.4401     56.747     43.954  45.177892     6.8189      6.850   250.0070 2.0728e+01     4.2905      1.312      1.903    26.4066 0.0000e+00
      1.360      0.043     4.4776     56.848     43.958  45.174427     6.8495      6.851   249.7865 2.0357e+01     4.3018      1.335      1.936    26.4081 0.0000e+00
      1.376      0.044     4.5172     56.780     43.950  45.161531     6.8705      6.854   249.9721 2.0186e+01     4.2387      1.353      1.963    26.4050 0.0000e+00
      1.385      0.041     4.5544     56.570     43.940  45.148921     6.8649      6.858   250.2721 2.0092e+01     4.1763      1.358      1.969    26.3965 0.0000e+00
      1.391      0.036     4.5753     56.292     43.943  45.148911     6.8652      6.862   250.2303 1.9912e+01     4.1960      1.362      1.975    26.3856 0.0000e+00
      1.400      0.030     4.5854     55.985     43.961  45.161398     6.8575      6.865   249.6390 1.9697e+01     4.2725      1.373      1.991    26.3757 0.0000e+00
      1.409      0.027     4.5801     55.694     43.975  45.172939     6.8130      6.869   248.8010 1.9551e+01     4.3155      1.383      2.005    26.3707 0.0000e+00
      1.414      0.028     4.5592     55.474     43.960  45.161491     6.7766      6.873   248.7025 1.9471e+01     4.3055      1.387      2.012    26.3707 0.0000e+00
      1.418      0.031     4.5373     55.339     43.941  45.149939     6.7511      6.877   249.1365 1.9376e+01     4.2541      1.390      2.016    26.3678 0.0000e+00
      1.423      0.034     4.5121     55.301     43.946  45.160225     6.6788      6.880   248.7996 1.9209e+01     4.2062      1.395      2.023    26.3583 0.0000e+00
      1.433      0.037     4.4866     55.399     43.946  45.158910     6.5856      6.883   247.8993 1.8986e+01     4.2387      1.404      2.037    26.3515 0.0000e+00
      1.445      0.039     4.4688     55.596     43.930  45.134050     6.5562      6.885   247.6297 1.8728e+01     4.3395      1.417      2.055    26.3582 0.0000e+00
      1.460      0.040     4.4573     55.798     43.916  45.113537     6.5483      6.886   247.7766 1.8466e+01     4.3656      1.432      2.076    26.3700 0.0000e+00
      1.472      0.039     4.4506     55.938     43.846  45.037843     6.4481      6.890   248.0404 1.8267e+01     4.2816      1.445      2.097    26.3782 0.0000e+00
      1.480      0.036     4.4603     55.972     43.744  44.917083     6.3012      6.894   248.0654 1.8122e+01     4.2125      1.452      2.106    26.3767 0.0000e+00
      1.486      0.032     4.4806     55.850     43.730  44.859484     6.2458      6.897   247.3917 1.7982e+01     4.2471      1.457      2.113    26.3643 0.0000e+00
      1.493      0.027     4.4995     55.511     43.759  44.849169     6.2615      6.900   246.8640 1.7842e+01     4.3236      1.464      2.123    26.3525 0.0000e+00
      1.500      0.023     4.5114     54.866     43.767  44.855787     6.2578      6.902   247.0182 1.7695e+01     4.3183      1.471      2.133    26.3564 0.0000e+00
      1.507      0.022     4.5161     53.893     43.761  44.876026     6.2011      6.901   247.8799 1.7545e+01     4.2517      1.478      2.144    26.3529 0.0000e+00
      1.513      0.024     4.5128     52.793     43.706  44.840008     6.1169      6.895   248.9365 1.7457e+01     4.2009      1.485      2.153    26.2860 0.0000e+00
      1.517      0.028     4.4940     51.864     43.612  44.737718     6.0726      6.883   249.3833 1.7430e+01     4.2162      1.489      2.159    26.2145 0.0000e+00
      1.519      0.034     4.4442     51.246     43.500  44.591384     6.0477      6.870   250.0127 1.7347e+01     4.3000      1.488      2.158    26.2273 0.0000e+00
      1.526      0.049     4.3545     50.804     43.182  44.213228     5.7496      6.854   251.2984 1.7057e+01     4.3268      1.490      2.162    26.2709 0.0000e+00
      1.542      0.070     4.2533     50.268     42.770  43.656517     5.1902      6.839   252.1090 1.6709e+01     4.2667      1.512      2.193    26.3017 0.0000e+00
      1.558      0.090     4.1734     49.360     42.770  43.382316     4.8852      6.829   252.3280 1.6507e+01     4.2231      1.531      2.219    26.2993 0.0000e+00
      1.577      0.100     4.1329     47.654     43.123  43.436420     4.8583      6.827   252.3978 1.6045e+01     4.2430      1.536      2.226    26.2448 0.0000e+00
      1.617      0.100     4.1085     44.512     43.416  43.548532     4.7817      6.827   252.0923 1.5229e+01     4.2678      1.580      2.292    26.2141 0.0000e+00
      1.666      0.090     4.0793     39.803     43.573  43.658535     4.6251      6.831   251.4728 1.4694e+01     4.1821      1.647      2.389    26.1142 0.0000e+00
      1.694      0.073     4.0427     34.471     43.631  43.750816     4.5295      6.836   250.8442 1.4600e+01     4.0262      1.669      2.421    25.7310 0.0000e+00
      1.699      0.051     3.9599     29.735     43.648  43.839201     4.5242      6.841   250.9451 1.4593e+01     3.9552      1.666      2.416    25.2850 0.0000e+00
      1.699      0.026     3.7286     26.408     43.698  43.965608     4.6443      6.846   251.5747 1.4589e+01     4.0061      1.668      2.419    25.0909 0.0000e+00
      1.699      0.007     3.3024     24.836     43.744  44.073293     4.8669      6.851   251.4013 1.4624e+01     4.0944      1.667      2.418    25.0635 0.0000e+00
      1.697     -0.002     2.8206     24.896     43.756  44.125716     4.9760      6.856   250.7404 1.4647e+01     4.1009      1.663      2.413    25.1146 0.0000e+00
      1.695     -0.002     2.4052     26.296     43.758  44.155185     4.9736      6.861   250.4674 1.4633e+01     4.0167      1.661      2.410    25.2156 0.0000e+00
      1.694     -0.001     2.1149     28.741     43.755  44.175736     5.0290      6.866   250.6819 1.4621e+01     3.9652      1.661      2.409    25.3064 0.0000e+00
      1.695      0.000     1.9910     31.736     43.746  44.183811     5.1469      6.870   251.0971 1.4616e+01     4.0240      1.662      2.410    25.3806 0.0000e+00
      1.696      0.002     2.0040     34.683     43.739  44.189357     5.2169      6.875   251.0993 1.4592e+01     4.1130      1.663      2.412    25.4218 0.0000e+00
      1.697      0.005     2.1230     37.171     43.711  44.179346     5.2177      6.878   250.8810 1.4578e+01     4.0842      1.664      2.414    25.4458 0.0000e+00
      1.697      0.008     2.3366     38.994     43.641  44.126266     5.2065      6.878   250.7808 1.4569e+01     3.9831      1.665      2.414    25.4799 0.0000e+00
      1.698      0.012     2.6023     40.140     43.572  44.055396     5.2234      6.875   251.0053 1.4554e+01     3.9493      1.665      2.416    25.4962 0.0000e+00
