Data/DataNotYetUploadedToEDI/Raw_CTD/RawDownloads/072224_bvr50_S8188001.cnv
* Sea-Bird SBE19plus  Data File:
* FileName = C:\R\Reservoirs\Data\DataNotYetUploadedToEDI\Raw_CTD\RawDownloads\072224_bvr50_S8188_0001.hex
* Software version 2.8.0.119
* Temperature SN = 8188
* Conductivity SN = 8188
* System UpLoad Time = Jul 30 2024 14:44:22
* <ApplicationData>
* <Seaterm232>
# nquan = 16
# nvalues = 2475                        
# units = specified
# name 0 = depFM: Depth [fresh water, m]
# name 1 = dz/dtM: Descent Rate [m/s]
# name 2 = sbeox0Mg/L: Oxygen, SBE 43 [mg/l]
# name 3 = sbeox0PS: Oxygen, SBE 43 [% saturation]
# name 4 = specc: Specific Conductance [uS/cm]
# name 5 = c0uS/cm: Conductivity [uS/cm]
# name 6 = wetCDOM: Fluorescence, WET Labs CDOM [mg/m^3]
# name 7 = flECO-AFL: Fluorescence, WET Labs ECO-AFL/FL [mg/m^3]
# name 8 = flECO-AFL1: Fluorescence, WET Labs ECO-AFL/FL, 2 [mg/m^3]
# name 9 = flECO-AFL2: Fluorescence, WET Labs ECO-AFL/FL, 3 [mg/m^3]
# name 10 = par/sat/log: PAR/Logarithmic, Satlantic
# name 11 = turbWETntu0: Turbidity, WET Labs ECO [NTU]
# name 12 = prdM: Pressure, Strain Gauge [db]
# name 13 = prdE: Pressure, Strain Gauge [psi]
# name 14 = tv290C: Temperature [ITS-90, deg C]
# name 15 = flag:  0.000e+00
# span 0 =     -0.732,      9.278       
# span 1 =     -0.221,      0.107       
# span 2 =    -0.3058,     9.9170       
# span 3 =     -3.053,    123.483       
# span 4 =      0.333,    129.438       
# span 5 =   0.311705,  91.277775       
# span 6 =    -4.5000,    66.9600       
# span 7 =    -0.2769,    38.6374       
# span 8 =    -2.1300,     1.6614       
# span 9 =    -2.0304,    17.9352       
# span 10 = 1.1585e-01, 1.9797e+02      
# span 11 =    -0.8987,    78.2892      
# span 12 =     -0.718,      9.099      
# span 13 =     -1.041,     13.197      
# span 14 =    10.2416,    26.6224      
# span 15 = 0.0000e+00, 0.0000e+00      
# interval = seconds: 0.25
# start_time = Jul 22 2024 09:48:08 [Instrument's time stamp, header]
# bad_flag = -9.990e-29
*END*
[from data line 362]
     -0.082 -4.248e-09     6.5023    110.299     31.255  32.142949    29.1600    10.5379     0.1278     2.0727 8.3079e+01     2.3039     -0.080     -0.116    25.8038 0.0000e+00
     -0.082 -5.461e-09     6.9975    116.597     31.207  32.130477    29.1600    10.5608     0.1278     2.0727 8.3441e+01     2.3945     -0.081     -0.117    26.0189 0.0000e+00
     -0.082 -7.021e-09     7.6114    120.968     31.173  32.119130    29.1600    10.3815     0.1278     2.0727 8.1629e+01     2.3039     -0.081     -0.117    26.1969 0.0000e+00
     -0.082 -9.028e-09     8.2647    123.216     31.152  32.111857    29.1600    10.3586     0.1278     2.0727 8.0712e+01     2.2888     -0.081     -0.117    26.3270 0.0000e+00
     -0.082 -1.161e-08     8.8739    123.483     31.138  32.106721    29.1600    10.3739     0.1704     2.0304 8.1807e+01     2.3341     -0.081     -0.117    26.4157 0.0000e+00
     -0.082 -1.492e-08     9.3731    122.234     31.124  32.098367    29.1600    10.3853     0.1704     2.0304 8.1700e+01     2.3341     -0.081     -0.117    26.4739 0.0000e+00
     -0.082 -1.919e-08     9.7197    120.128     31.100  32.076602    29.1600    10.5532     0.1704     2.0304 8.2234e+01     2.3341     -0.081     -0.117    26.5112 0.0000e+00
     -0.082 -2.467e-08     9.8974    117.762     31.062  32.039604    29.1600    10.5455     0.1704     2.0304 8.2003e+01     2.3492     -0.081     -0.117    26.5349 0.0000e+00
     -0.082 -3.172e-08     9.9170    115.522     31.024  32.001409    29.1600    10.5379     0.1278     2.0304 8.1011e+01     2.3643     -0.081     -0.117    26.5496 0.0000e+00
     -0.082 -4.078e-08     9.8157    113.602     31.016  31.993655    29.1600    10.5493     0.1278     2.0304 8.1896e+01     2.2888     -0.081     -0.117    26.5586 0.0000e+00
     -0.082 -5.243e-08     9.6459    112.066     31.045  32.024234    29.1600    10.5493     0.1278     2.0304 8.3133e+01     2.3643     -0.081     -0.117    26.5641 0.0000e+00
     -0.082 -6.741e-08     9.4555    110.896     31.076  32.055492    29.1600    10.3586     0.1278     2.0304 8.2916e+01     2.3945     -0.081     -0.117    26.5675 0.0000e+00
     -0.082 -8.667e-08     9.2754    110.031     31.083  32.061904    29.1600    10.3586     0.1278     2.0304 8.0397e+01     2.2737     -0.081     -0.117    26.5695 0.0000e+00
     -0.082 -1.114e-07     9.1211    109.398     31.086  32.065098    29.1600    10.3853     0.1278     2.0304 8.0940e+01     2.2435     -0.081     -0.117    26.5704 0.0000e+00
     -0.082 -1.433e-07     8.9979    108.920     31.094  32.073893    29.1600    10.3739     0.1278     2.0304 8.1718e+01     2.3945     -0.081     -0.117    26.5703 0.0000e+00
     -0.083 -1.842e-07     8.9040    108.550     31.087  32.066732    29.1600    10.2670     0.1278     2.0304 8.1505e+01     2.5154     -0.081     -0.117    26.5697 0.0000e+00
     -0.083 -2.368e-07     8.8347    108.263     31.069  32.049673    29.1600    10.2747     0.1278     2.0304 8.2056e+01     2.6211     -0.081     -0.117    26.5689 0.0000e+00
     -0.082 -3.045e-07     8.7839    108.041     31.061  32.042068    29.1600    10.2442     0.1278     2.0304 8.1949e+01     2.6815     -0.081     -0.117    26.5686 0.0000e+00
     -0.082 -3.915e-07     8.7455    107.865     31.060  32.041889    29.1600    10.2098     0.1278     2.0304 7.9770e+01     2.5607     -0.081     -0.117    26.5689 0.0000e+00
     -0.082 -3.915e-07     8.7156    107.729     31.067  32.049089    29.1600    10.4959     0.1278     2.0304 8.2038e+01     2.6211     -0.081     -0.117    26.5699 0.0000e+00
     -0.082 -3.045e-07     8.6924    107.635     31.083  32.065586    29.1600    10.4845     0.1278     2.0304 8.1896e+01     2.6513     -0.081     -0.117    26.5712 0.0000e+00
     -0.082 -2.368e-07     8.6744    107.581     31.080  32.061922    29.0700    10.4883     0.1278     2.0727 8.2092e+01     2.6060     -0.081     -0.117    26.5726 0.0000e+00
     -0.082 -1.841e-07     8.6600    107.551     31.042  32.023177    29.0700    10.4769     0.1278     2.0727 8.2181e+01     2.5909     -0.081     -0.117    26.5737 0.0000e+00
     -0.082 -1.431e-07     8.6490    107.524     31.001  31.980844    29.0700    10.2480     0.1278     2.0727 8.2647e+01     2.3794     -0.081     -0.117    26.5743 0.0000e+00
     -0.082 -1.113e-07     8.6415    107.498     30.966  31.945545    29.0700    10.2442     0.1278     2.0727 8.2575e+01     2.4398     -0.081     -0.117    26.5743 0.0000e+00
     -0.082 -8.643e-08     8.6372    107.489     30.944  31.923799    29.1600    10.2480     0.0852     1.9881 8.0118e+01     2.3492     -0.081     -0.117    26.5740 0.0000e+00
     -0.082 -6.710e-08     8.6348    107.514     30.952  31.933708    29.1600    10.2289     0.0852     1.9881 8.1931e+01     2.3794     -0.081     -0.117    26.5738 0.0000e+00
     -0.082 -5.203e-08     8.6326    107.574     30.982  31.965964    29.1600    10.6180     0.0852     1.9881 7.9545e+01     2.3039     -0.081     -0.117    26.5740 0.0000e+00
     -0.082 -4.026e-08     8.6304    107.659     31.006  31.993318    29.1600    10.5989     0.0852     1.9881 8.0188e+01     2.3945     -0.081     -0.117    26.5749 0.0000e+00
     -0.082 -3.105e-08     8.6294    107.756     31.010  31.999165    29.1600    10.5684     0.0852     1.9881 8.3604e+01     2.3190     -0.081     -0.117    26.5766 0.0000e+00
     -0.082 -2.380e-08     8.6311    107.847     31.002  31.993031    29.1600    10.5837     0.0852     2.0304 8.1931e+01     2.4398     -0.081     -0.117    26.5791 0.0000e+00
     -0.082 -1.807e-08     8.6354    107.917     30.998  31.989214    29.1600    10.4425     0.0852     2.0304 8.1558e+01     2.6211     -0.081     -0.117    26.5822 0.0000e+00
     -0.082 -1.349e-08     8.6417    107.964     30.995  31.986696    29.1600    10.4044     0.0852     2.0304 8.1116e+01     2.5607     -0.081     -0.117    26.5857 0.0000e+00
     -0.082 -9.763e-09     8.6489    107.993     30.994  31.984806    29.1600    10.4349     0.0852     2.0304 7.7819e+01     2.6815     -0.081     -0.117    26.5891 0.0000e+00
     -0.082 -6.656e-09     8.6558    108.007     30.986  31.975071    29.0700    10.4387     0.1278     2.0727 8.2521e+01     2.6211     -0.081     -0.117    26.5917 0.0000e+00
     -0.082 -3.971e-09     8.6612    108.007     30.969  31.956889    29.0700    10.4196     0.1278     2.0727 7.9753e+01     2.3945     -0.081     -0.117    26.5930 0.0000e+00
     -0.082 -1.540e-09     8.6650    107.989     30.969  31.955286    29.0700    10.4273     0.1278     2.0727 8.1842e+01     2.2888     -0.081     -0.117    26.5928 0.0000e+00
     -0.082 -4.205e-10     8.6675    107.949     30.976  31.959877    29.0700    10.4273     0.1278     2.0727 8.2270e+01     2.4701     -0.081     -0.117    26.5916 0.0000e+00
     -0.082 -5.407e-10     8.6689    107.902     30.973  31.953959    29.1600    10.4273     0.0852     2.3265 8.1611e+01     2.3945     -0.081     -0.117    26.5899 0.0000e+00
     -0.082 -6.951e-10     8.6693    107.861     30.977  31.955871    29.1600    10.0038     0.0852     2.3265 8.0694e+01     2.3039     -0.081     -0.116    26.5879 0.0000e+00
     -0.082 -8.938e-10     8.6683    107.822     30.984  31.962140    29.1600     9.9886     0.0852     2.3265 8.2270e+01     2.4096     -0.080     -0.116    26.5849 0.0000e+00
     -0.082 -1.149e-09     8.6657    107.772     30.976  31.954520    29.1600    10.0267     0.0852     2.3265 8.2700e+01     2.3794     -0.080     -0.116    26.5808 0.0000e+00
     -0.082 -1.477e-09     8.6626    107.711     30.953  31.930980    29.1600    10.0038     0.1278     2.1150 8.4169e+01     2.3039     -0.080     -0.116    26.5763 0.0000e+00
     -0.082 -1.900e-09     8.6599    107.659     30.928  31.907151    29.1600    10.6027     0.1278     2.1150 8.3115e+01     2.3794     -0.080     -0.116    26.5731 0.0000e+00
     -0.082 -2.442e-09     8.6569    107.629     30.918  31.898586    29.1600    10.6104     0.1278     2.1150 8.2503e+01     2.4096     -0.080     -0.116    26.5720 0.0000e+00
     -0.082 -3.140e-09     8.6528    107.619     30.915  31.897028    29.1600    10.6104     0.1278     2.1150 8.1046e+01     2.3039     -0.080     -0.116    26.5724 0.0000e+00
     -0.082 -4.037e-09     8.6477    107.621     30.926  31.910028    29.1600    10.6104     0.1278     2.1150 8.4572e+01     2.4096     -0.080     -0.116    26.5738 0.0000e+00
     -0.082 -5.191e-09     8.6431    107.628     30.960  31.947027    29.1600    10.3815     0.1278     2.2419 8.0607e+01     2.3794     -0.080     -0.116    26.5763 0.0000e+00
     -0.082 -6.674e-09     8.6402    107.632     30.987  31.976066    29.1600    10.3777     0.1278     2.2419 8.5813e+01     2.3039     -0.080     -0.116    26.5794 0.0000e+00
     -0.082 -8.581e-09     8.6389    107.623     30.992  31.982980    29.1600    10.3739     0.1278     2.2419 8.4793e+01     2.2737     -0.080     -0.116    26.5826 0.0000e+00
     -0.082 -1.103e-08     8.6387    107.609     30.998  31.989531    29.1600    10.3586     0.1278     2.2419 8.4572e+01     2.4096     -0.080     -0.116    26.5854 0.0000e+00
     -0.082 -1.418e-08     8.6389    107.612     31.005  31.997465    29.1600    10.2976     0.1278     2.1996 8.5496e+01     2.3794     -0.080     -0.116    26.5878 0.0000e+00
     -0.082 -1.824e-08     8.6388    107.650     30.997  31.988982    29.1600    10.3205     0.1278     2.1996 8.5775e+01     2.3492     -0.080     -0.116    26.5899 0.0000e+00
     -0.082 -2.345e-08     8.6378    107.731     30.978  31.969785    29.1600    10.2823     0.1278     2.1996 8.7393e+01     2.3945     -0.080     -0.116    26.5915 0.0000e+00
     -0.082 -3.015e-08     8.6365    107.843     30.967  31.958656    29.1600    10.3166     0.1278     2.1996 8.6656e+01     2.3039     -0.080     -0.116    26.5927 0.0000e+00
     -0.082 -3.876e-08     8.6366    107.962     30.958  31.948645    29.1600    10.5684     0.1278     2.1150 8.5943e+01     2.3643     -0.080     -0.116    26.5936 0.0000e+00
     -0.082 -4.983e-08     8.6396    108.072     30.947  31.937080    29.1600    10.5455     0.1278     2.1150 8.4132e+01     2.3341     -0.080     -0.116    26.5942 0.0000e+00
     -0.082 -6.407e-08     8.6460    108.159     30.951  31.940795    29.1600    10.5379     0.1278     2.1150 8.5329e+01     2.3190     -0.080     -0.116    26.5944 0.0000e+00
     -0.082 -8.238e-08     8.6550    108.207     30.959  31.948832    29.1600    10.5226     0.1278     2.1150 8.2970e+01     2.2737     -0.080     -0.116    26.5943 0.0000e+00
     -0.082 -1.059e-07     8.6647    108.197     30.958  31.947398    29.1600    10.7248     0.0852     2.0727 8.1346e+01     2.5758     -0.080     -0.116    26.5939 0.0000e+00
     -0.082 -1.362e-07     8.6735    108.137     30.966  31.956029    29.1600    10.7286     0.0852     2.0727 8.4187e+01     2.5456     -0.080     -0.116    26.5935 0.0000e+00
     -0.082 -1.751e-07     8.6806    108.057     30.999  31.988977    29.1600    10.6943     0.0852     2.0727 8.3115e+01     2.5456     -0.080     -0.116    26.5932 0.0000e+00
     -0.082 -2.251e-07     8.6845    107.979     31.033  32.023159    29.1600    10.7248     0.0852     2.0727 8.5329e+01     2.6362     -0.080     -0.116    26.5930 0.0000e+00
     -0.082 -2.894e-07     8.6838    107.910     31.058  32.047776    29.1600    10.3090     0.0852     2.0727 8.4096e+01     2.3643     -0.080     -0.116    26.5926 0.0000e+00
     -0.082 -3.721e-07     8.6791    107.855     31.082  32.071382    29.1600    10.3128     0.1278     2.1573 8.4297e+01     2.3039     -0.080     -0.116    26.5919 0.0000e+00
     -0.082 -4.784e-07     8.6729    107.816     31.082  32.070398    29.1600    10.3014     0.1278     2.1573 8.4922e+01     2.3341     -0.080     -0.116    26.5909 0.0000e+00
     -0.082 -6.151e-07     8.6668    107.785     31.056  32.042568    29.1600    10.3014     0.1278     2.1573 8.4885e+01     2.3794     -0.081     -0.117    26.5897 0.0000e+00
     -0.082 -7.909e-07     8.6615    107.756     31.025  32.010347    29.1600     9.9428     0.1278     2.1573 8.4224e+01     2.3643     -0.081     -0.117    26.5881 0.0000e+00
     -0.082     -0.000     8.6573    107.745     30.998  31.981078    29.1600     9.9466     0.1278     2.0727 8.3133e+01     2.2888     -0.081     -0.117    26.5862 0.0000e+00
     -0.082     -0.000     8.6544    107.766     30.978  31.958903    29.1600     9.9619     0.1278     2.0727 8.3043e+01     2.3945     -0.081     -0.117    26.5845 0.0000e+00
     -0.082     -0.000     8.6522    107.808     30.967  31.945878    29.1600     9.9237     0.1278     2.0727 8.2521e+01     2.3794     -0.081     -0.117    26.5832 0.0000e+00
     -0.082     -0.000     8.6501    107.856     30.965  31.942512    29.1600    10.6829     0.1278     2.0727 8.4023e+01     2.3039     -0.081     -0.117    26.5816 0.0000e+00
     -0.082     -0.000     8.6495    107.909     30.971  31.947908    29.1600    10.6714     0.1278     2.1996 8.1967e+01     2.5003     -0.081     -0.117    26.5796 0.0000e+00
     -0.082     -0.000     8.6516    107.973     30.978  31.955536    29.1600    10.6638     0.1278     2.1996 8.3749e+01     2.3341     -0.081     -0.117    26.5771 0.0000e+00
     -0.082     -0.000     8.6554    108.043     30.978  31.955481    29.1600    10.6752     0.1278     2.1996 8.4096e+01     2.2888     -0.081     -0.117    26.5746 0.0000e+00
     -0.082     -0.000     8.6595    108.099     30.981  31.959680    29.1600    10.5036     0.1278     2.1996 8.1434e+01     2.3945     -0.081     -0.117    26.5726 0.0000e+00
     -0.082      0.000     8.6639    108.130     30.998  31.977218    29.0700    10.4807     0.1278     2.2419 8.3422e+01     2.3039     -0.081     -0.117    26.5715 0.0000e+00
     -0.082      0.000     8.6691    108.136     31.021  32.000822    29.0700    10.5074     0.1278     2.2419 8.3006e+01     2.4247     -0.081     -0.117    26.5714 0.0000e+00
     -0.082      0.000     8.6746    108.134     31.044  32.024837    29.0700    10.4883     0.1278     2.2419 8.2952e+01     2.2737     -0.081     -0.117    26.5719 0.0000e+00
     -0.082      0.000     8.6791    108.138     31.051  32.031765    29.0700    10.0572     0.1278     2.2419 8.4701e+01     2.6815     -0.081     -0.117    26.5724 0.0000e+00
     -0.082      0.000     8.6815    108.148     31.030  32.011504    29.0700    10.0610     0.1278     2.2419 8.3259e+01     2.6211     -0.081     -0.117    26.5726 0.0000e+00
     -0.082      0.000     8.6820    108.156     30.997  31.978568    29.1600    10.0610     0.1278     2.2419 8.3477e+01     2.6362     -0.081     -0.117    26.5726 0.0000e+00
     -0.082      0.000     8.6818    108.157     30.967  31.948075    29.1600    10.0878     0.1278     2.2419 8.2772e+01     2.5758     -0.080     -0.117    26.5729 0.0000e+00
     -0.082      0.000     8.6820    108.151     30.943  31.923844    29.1600    10.7439     0.1278     2.2419 8.0031e+01     2.4398     -0.080     -0.117    26.5739 0.0000e+00
     -0.082      0.000     8.6825    108.144     30.927  31.907380    29.1600    10.7477     0.1278     2.2419 8.2413e+01     2.4247     -0.081     -0.117    26.5755 0.0000e+00
     -0.082      0.000     8.6829    108.137     30.932  31.912216    29.1600    10.7439     0.1278     2.1150 8.3531e+01     2.3945     -0.081     -0.117    26.5772 0.0000e+00
     -0.082      0.000     8.6828    108.124     30.949  31.929686    29.1600    10.7553     0.1278     2.1150 8.3549e+01     2.3039     -0.081     -0.117    26.5784 0.0000e+00
     -0.082      0.000     8.6822    108.107     30.945  31.926604    29.1600    10.8011     0.1278     2.1150 8.2342e+01     2.4701     -0.081     -0.117    26.5788 0.0000e+00
     -0.082      0.000     8.6817    108.091     30.923  31.904141    29.1600    10.7897     0.1278     2.1150 8.1967e+01     2.4701     -0.081     -0.117    26.5787 0.0000e+00
