Data/DataNotYetUploadedToEDI/Raw_CTD/RawDownloads/072224_fcr10_S7809002.cnv
* Sea-Bird SBE19plus  Data File:
* FileName = C:\R\Reservoirs\Data\DataNotYetUploadedToEDI\Raw_CTD\RawDownloads\072224_fcr50_S7809_0002.hex
* Software version 2.8.0.119
* Temperature SN = 7809
* Conductivity SN = 7809
* System UpLoad Time = Jul 23 2024 15:57:21
* <ApplicationData>
* <Seaterm232>
# nquan = 15
# nvalues = 1173                        
# units = specified
# name 0 = depFM: Depth [fresh water, m]
# name 1 = dz/dtM: Descent Rate [m/s]
# name 2 = sbeox0Mg/L: Oxygen, SBE 43 [mg/l]
# name 3 = sbeox0PS: Oxygen, SBE 43 [% saturation]
# name 4 = specc: Specific Conductance [uS/cm]
# name 5 = c0uS/cm: Conductivity [uS/cm]
# name 6 = flECO-AFL: Fluorescence, WET Labs ECO-AFL/FL [mg/m^3]
# name 7 = ph: pH
# name 8 = orp: Oxidation Reduction Potential [mV]
# name 9 = par/sat/log: PAR/Logarithmic, Satlantic
# name 10 = turbWETntu0: Turbidity, WET Labs ECO [NTU]
# name 11 = prdM: Pressure, Strain Gauge [db]
# name 12 = prdE: Pressure, Strain Gauge [psi]
# name 13 = tv290C: Temperature [ITS-90, deg C]
# name 14 = flag:  0.000e+00
# span 0 =     -0.650,      2.083       
# span 1 =     -0.332,      0.194       
# span 2 =    -0.4573,     7.8807       
# span 3 =     -5.035,     97.505       
# span 4 =      1.719,     61.016       
# span 5 =   1.765260,  58.961579       
# span 6 =    -0.0710,    36.6061       
# span 7 =      5.649,      7.526       
# span 8 =    92.4083,   223.5875       
# span 9 = 3.5869e+01, 9.5315e+02       
# span 10 =     1.0202,    80.6482      
# span 11 =     -0.638,      2.043      
# span 12 =     -0.925,      2.963      
# span 13 =    23.2267,    26.6349      
# span 14 = 0.0000e+00, 0.0000e+00      
# interval = seconds: 0.25
# start_time = Jul 22 2024 12:01:56 [Instrument's time stamp, header]
# bad_flag = -9.990e-29
*END*
     -0.645      0.034     7.8807     92.764      7.707   7.666636     2.1069      5.649   215.8551 8.5208e+02     3.2170     -0.632     -0.917    23.5660 0.0000e+00
     -0.643      0.058     7.8652     92.728     23.506  23.514096     2.1492      5.749   194.1155 8.8481e+02     3.2997     -0.634     -0.920    23.5669 0.0000e+00
     -0.630      0.083     7.8677     92.668     38.430  38.680258     2.1828      5.839   180.2498 9.1246e+02     3.3517     -0.626     -0.908    23.5645 0.0000e+00
     -0.600      0.105     7.8758     92.602     43.779  44.349900     2.6642      5.911   172.6186 9.2587e+02     3.7091     -0.592     -0.857    23.5710 0.0000e+00
     -0.559      0.121     7.8169     92.609     44.176  44.989138     3.5580      5.966   156.9996 9.3678e+02     4.3765     -0.549     -0.797    23.9420 0.0000e+00
     -0.516      0.131     7.7063     92.671     44.169  45.140033     4.0424      6.005   130.9568 9.4596e+02     4.6919     -0.504     -0.731    24.6852 0.0000e+00
     -0.479      0.136     7.6197     92.916     44.142  45.222430     4.0841      6.025   109.2307 9.5031e+02     4.6872     -0.465     -0.675    25.2804 0.0000e+00
     -0.450      0.141     7.5505     93.358     44.062  45.223812     4.1872      6.029    98.6541 9.4261e+02     4.7981     -0.443     -0.641    25.6777 0.0000e+00
     -0.422      0.153     7.5207     93.698     43.808  45.029905     4.3816      6.038    93.8471 9.2262e+02     5.0077     -0.414     -0.600    25.9510 0.0000e+00
     -0.392      0.170     7.4987     94.044     43.520  44.782360     4.4874      6.058    92.4083 8.9673e+02     5.1028     -0.387     -0.562    26.1088 0.0000e+00
     -0.352      0.185     7.4927     94.572     43.417  44.706455     4.5091      6.076    92.9597 8.0924e+02     5.0253     -0.356     -0.516    26.2257 0.0000e+00
     -0.292      0.194     7.5420     95.134     43.568  44.873912     4.7687      6.088    94.0612 6.6221e+02     4.9601     -0.290     -0.421    26.3179 0.0000e+00
     -0.221      0.194     7.5454     95.637     43.843  45.156667     5.2711      6.099    94.7139 5.3799e+02     4.9978     -0.213     -0.308    26.3949 0.0000e+00
     -0.159      0.184     7.5570     96.077     44.019  45.332211     5.5471      6.114    95.0002 4.4454e+02     5.0707     -0.147     -0.213    26.4523 0.0000e+00
     -0.116      0.164     7.6062     96.455     44.036  45.345966     5.5676      6.129    95.7166 3.5734e+02     5.1239     -0.108     -0.156    26.4875 0.0000e+00
     -0.088      0.136     7.6497     96.790     43.953  45.259481     5.5030      6.140    97.0085 2.8645e+02     5.0953     -0.089     -0.128    26.4970 0.0000e+00
     -0.061      0.108     7.6911     97.079     43.809  45.111757     5.3731      6.146    98.5749 2.6401e+02     5.0313     -0.061     -0.088    26.4946 0.0000e+00
     -0.034      0.084     7.7274     97.261     43.658  44.956363     5.3128      6.151   100.0290 2.7026e+02     5.0340     -0.031     -0.046    26.4849 0.0000e+00
     -0.014      0.068     7.7590     97.360     43.607  44.904084     5.3226      6.155   101.1675 2.7226e+02     5.0592     -0.011     -0.015    26.4779 0.0000e+00
     -0.001      0.056     7.7836     97.449     43.690  44.987482     5.2751      6.160   102.1018 2.6872e+02     5.0288      0.000      0.001    26.4788 0.0000e+00
      0.009      0.045     7.8115     97.505     43.780  45.076027     5.1633      6.165   102.9800 2.6568e+02     4.9733      0.010      0.013    26.4809 0.0000e+00
      0.017      0.039     7.8245     97.484     43.729  45.022512     5.0945      6.168   104.0423 2.6302e+02     4.9686      0.017      0.025    26.4810 0.0000e+00
      0.024      0.038     7.8285     97.427     43.618  44.911723     5.0922      6.172   105.1363 2.5607e+02     4.9725      0.022      0.034    26.4808 0.0000e+00
      0.031      0.038     7.8377     97.402     43.642  44.942564     5.1690      6.177   106.0558 2.5540e+02     4.9530      0.028      0.041    26.4791 0.0000e+00
      0.041      0.037     7.8454     97.395     43.772  45.078033     5.3068      6.185   106.9860 2.5564e+02     4.9371      0.037      0.054    26.4737 0.0000e+00
      0.055      0.034     7.8425     97.364     43.907  45.216647     5.3688      6.192   107.9514 2.4845e+02     4.9170      0.056      0.082    26.4690 0.0000e+00
      0.068      0.027     7.8339     97.314     44.034  45.348963     5.3603      6.199   108.8659 2.3859e+02     4.9492      0.069      0.100    26.4746 0.0000e+00
      0.075      0.019     7.8314     97.254     44.152  45.471772     5.3633      6.209   109.7838 2.2904e+02     5.0187      0.075      0.108    26.4866 0.0000e+00
      0.077      0.011     7.8330     97.186     44.237  45.558903     5.3876      6.219   110.8753 2.2200e+02     5.0404      0.078      0.113    26.4878 0.0000e+00
      0.076      0.007     7.8295     97.137     44.252  45.577222     5.4303      6.228   112.0836 2.1950e+02     5.0068      0.074      0.109    26.4836 0.0000e+00
      0.071      0.008     7.8254     97.020     44.236  45.566313     5.4464      6.237   113.1221 2.2146e+02     4.9533      0.068      0.100    26.4858 0.0000e+00
      0.069      0.011     7.8203     96.100     44.215  45.553967     5.4242      6.245   114.0535 2.2347e+02     4.9399      0.064      0.093    26.4889 0.0000e+00
      0.074      0.014     7.8141     93.101     44.208  45.554923     5.3948      6.252   114.9992 2.2207e+02     4.9478      0.071      0.101    26.4880 0.0000e+00
      0.085      0.015     7.8086     87.789     44.225  45.577884     5.3818      6.258   115.8667 2.1859e+02     4.9798      0.084      0.120    26.4884 0.0000e+00
      0.095      0.015     7.8125     81.290     44.221  45.577684     5.3926      6.263   116.7982 2.1615e+02     5.0541      0.095      0.138    26.4963 0.0000e+00
      0.099      0.013     7.7930     74.771     44.194  45.552513     5.4001      6.267   117.9167 2.1657e+02     5.0602      0.100      0.145    26.5076 0.0000e+00
      0.096      0.008     7.5610     69.015     44.168  45.527461     5.4060      6.268   118.8928 2.1614e+02     5.0546      0.095      0.137    26.5167 0.0000e+00
      0.094      0.001     7.0816     64.364     44.165  45.528703     5.4220      6.271   119.6521 2.1261e+02     5.1569      0.089      0.129    26.5245 0.0000e+00
      0.095     -0.005     6.5315     60.981     44.200  45.567533     5.4349      6.275   120.3870 2.0929e+02     5.2382      0.093      0.135    26.5288 0.0000e+00
      0.098     -0.007     5.9827     59.188     44.246  45.616085     5.4456      6.279   120.9805 2.1053e+02     5.2521      0.098      0.142    26.5291 0.0000e+00
      0.097     -0.006     5.5111     58.829     44.240  45.607905     5.4518      6.285   121.5801 2.1511e+02     5.1885      0.097      0.141    26.5325 0.0000e+00
      0.090     -0.002     5.1414     59.076     44.106  45.468626     5.4433      6.291   122.3877 2.1821e+02     5.0838      0.088      0.128    26.5382 0.0000e+00
      0.084      0.004     4.8489     59.203     43.908  45.265129     5.4262      6.296   123.2609 2.2031e+02     5.0446      0.080      0.116    26.5423 0.0000e+00
      0.084      0.010     4.7077     59.000     43.823  45.178758     5.4197      6.302   123.9643 2.2046e+02     5.0231      0.079      0.115    26.5433 0.0000e+00
      0.090      0.016     4.7115     58.631     43.892  45.249549     5.4069      6.310   124.4385 2.1640e+02     4.9933      0.086      0.125    26.5399 0.0000e+00
      0.102      0.021     4.7534     58.365     43.998  45.359323     5.3540      6.320   124.8654 2.1140e+02     4.9583      0.100      0.145    26.5379 0.0000e+00
      0.113      0.023     4.7676     58.280     44.064  45.426883     5.3049      6.329   125.4261 2.0783e+02     4.9409      0.112      0.163    26.5378 0.0000e+00
      0.119      0.021     4.7451     58.202     44.071  45.431628     5.3039      6.338   126.1415 2.0573e+02     4.9540      0.117      0.170    26.5398 0.0000e+00
      0.121      0.018     4.7055     57.960     44.062  45.416692     5.3175      6.345   126.8901 2.0480e+02     4.9451      0.118      0.172    26.5418 0.0000e+00
      0.122      0.014     4.6808     57.509     44.086  45.436717     5.3440      6.350   127.6798 2.0248e+02     4.9361      0.119      0.172    26.5404 0.0000e+00
      0.124      0.011     4.6822     56.869     44.131  45.483312     5.3919      6.355   128.3760 1.9985e+02     4.9475      0.121      0.176    26.5407 0.0000e+00
      0.128      0.009     4.6813     56.121     44.180  45.535711     5.4132      6.361   128.9412 1.9978e+02     4.9127      0.126      0.183    26.5387 0.0000e+00
      0.131      0.009     4.6629     55.394     44.204  45.562432     5.4187      6.367   129.6961 2.0083e+02     4.8907      0.128      0.186    26.5303 0.0000e+00
      0.133      0.009     4.6268     54.780     44.194  45.552477     5.4247      6.372   130.5339 2.0201e+02     4.9557      0.130      0.190    26.5239 0.0000e+00
      0.135      0.008     4.5731     54.294     44.185  45.542310     5.4107      6.374   131.2420 2.0356e+02     5.0144      0.132      0.192    26.5242 0.0000e+00
      0.136      0.007     4.5085     53.966     44.209  45.566463     5.3916      6.375   131.8905 2.0396e+02     4.9863      0.132      0.192    26.5280 0.0000e+00
      0.137      0.007     4.4465     53.904     44.233  45.590588     5.3770      6.376   132.4382 2.0310e+02     4.9228      0.136      0.195    26.5309 0.0000e+00
      0.140      0.008     4.3981     54.222     44.223  45.580086     5.3672      6.378   132.9596 2.0256e+02     4.8963      0.138      0.200    26.5314 0.0000e+00
      0.142      0.009     4.3584     54.893     44.210  45.566444     5.3643      6.381   133.5491 2.0090e+02     4.9388      0.139      0.202    26.5299 0.0000e+00
      0.144      0.009     4.3293     55.760     44.197  45.552604     5.3748      6.384   134.1450 1.9887e+02     5.0270      0.141      0.205    26.5279 0.0000e+00
      0.147      0.009     4.3192     56.641     44.185  45.539700     5.3780      6.387   134.7439 1.9805e+02     5.0051      0.144      0.209    26.5272 0.0000e+00
      0.149      0.009     4.3460     57.381     44.184  45.537383     5.3453      6.390   135.3689 1.9771e+02     4.9136      0.146      0.212    26.5275 0.0000e+00
      0.152      0.008     4.4052     57.846     44.171  45.524581     5.3122      6.393   135.9383 1.9826e+02     4.9118      0.150      0.216    26.5272 0.0000e+00
      0.154      0.007     4.4805     58.009     44.159  45.511876     5.3196      6.397   136.3797 1.9841e+02     4.9498      0.152      0.220    26.5263 0.0000e+00
      0.156      0.006     4.5550     57.977     44.158  45.510721     5.3432      6.402   136.8340 1.9779e+02     4.9971      0.153      0.222    26.5259 0.0000e+00
      0.157      0.006     4.6186     57.758     44.158  45.510626     5.3390      6.407   137.3011 1.9807e+02     5.0044      0.154      0.223    26.5256 0.0000e+00
      0.158      0.005     4.6590     57.334     44.158  45.510721     5.3185      6.410   137.6390 1.9792e+02     4.9361      0.155      0.225    26.5253 0.0000e+00
      0.159      0.004     4.6645     56.804     44.160  45.511875     5.3125      6.413   137.9088 1.9680e+02     4.8884      0.156      0.226    26.5251 0.0000e+00
      0.160      0.004     4.6636     56.273     44.173  45.524570     5.3240      6.417   138.2406 1.9610e+02     4.9398      0.157      0.228    26.5251 0.0000e+00
      0.162      0.003     4.6486     55.774     44.187  45.537256     5.3329      6.421   138.7253 1.9571e+02     5.0114      0.159      0.232    26.5251 0.0000e+00
      0.163      0.002     4.6093     55.311     44.188  45.538296     5.3294      6.425   139.3812 1.9548e+02     4.9694      0.160      0.233    26.5246 0.0000e+00
      0.163      0.002     4.5643     54.926     44.188  45.537143     5.3234      6.430   140.0612 1.9568e+02     4.8415      0.160      0.232    26.5240 0.0000e+00
      0.163      0.003     4.5203     54.639     44.177  45.523321     5.3094      6.433   140.5810 1.9573e+02     4.7289      0.160      0.232    26.5232 0.0000e+00
      0.163      0.003     4.4819     54.424     44.155  45.498131     5.3101      6.436   140.9335 1.9528e+02     4.7349      0.158      0.231    26.5223 0.0000e+00
      0.164      0.004     4.4422     54.280     44.145  45.486486     5.3062      6.439   141.2260 1.9506e+02     4.8796      0.159      0.233    26.5207 0.0000e+00
      0.166      0.004     4.4106     54.232     44.168  45.509473     5.2623      6.444   141.6224 1.9499e+02     5.0093      0.162      0.236    26.5193 0.0000e+00
      0.168      0.004     4.3897     54.296     44.180  45.522150     5.2203      6.449   142.1131 1.9454e+02     5.0057      0.165      0.239    26.5177 0.0000e+00
      0.169      0.004     4.3718     54.426     44.171  45.512801     5.1987      6.454   142.5131 1.9387e+02     4.9386      0.166      0.241    26.5148 0.0000e+00
      0.169      0.004     4.3602     54.544     44.181  45.523397     5.2009      6.458   142.9307 1.9363e+02     4.8815      0.166      0.241    26.5125 0.0000e+00
      0.169      0.003     4.3549     54.585     44.180  45.523310     5.2214      6.461   143.3766 1.9377e+02     4.8273      0.166      0.241    26.5120 0.0000e+00
      0.170      0.003     4.3618     54.518     44.169  45.511749     5.2299      6.463   143.7751 1.9331e+02     4.7960      0.167      0.242    26.5122 0.0000e+00
      0.171      0.003     4.3751     54.391     44.168  45.510566     5.2206      6.467   144.2211 1.9232e+02     4.7760      0.168      0.244    26.5125 0.0000e+00
      0.173      0.003     4.3858     54.280     44.167  45.509006     5.1926      6.471   144.6395 1.9195e+02     4.7907      0.170      0.246    26.5132 0.0000e+00
      0.174      0.003     4.3908     54.175     44.152  45.492895     5.1651      6.476   145.0480 1.9217e+02     4.9053      0.170      0.247    26.5136 0.0000e+00
      0.174      0.003     4.3837     54.030     44.107  45.442723     5.1632      6.481   145.4595 1.9256e+02     5.0339      0.171      0.248    26.5139 0.0000e+00
      0.175      0.003     4.3697     53.797     44.021  45.346731     5.1699      6.486   145.8297 1.9322e+02     5.0809      0.171      0.248    26.5141 0.0000e+00
      0.176      0.003     4.3624     53.443     43.909  45.220950     5.1625      6.491   146.0825 1.9335e+02     5.0647      0.172      0.249    26.5138 0.0000e+00
      0.177      0.003     4.3556     53.001     43.827  45.127988     5.1405      6.496   146.1931 1.9285e+02     5.0086      0.173      0.251    26.5127 0.0000e+00
      0.177      0.003     4.3445     52.498     43.815  45.111427     5.1373      6.501   146.3932 1.9218e+02     4.9832      0.174      0.252    26.5099 0.0000e+00
      0.178      0.003     4.3293     51.959     43.852  45.147666     5.1653      6.506   146.6096 1.9189e+02     5.0309      0.174      0.254    26.5013 0.0000e+00
      0.179      0.004     4.2992     51.434     43.892  45.185272     5.1962      6.510   146.7437 1.9172e+02     5.0730      0.176      0.255    26.4864 0.0000e+00
      0.179      0.004     4.2644     50.949     43.896  45.185250     5.2103      6.515   146.9825 1.9147e+02     5.0482      0.176      0.255    26.4757 0.0000e+00
      0.180      0.005     4.2239     50.523     43.865  45.147381     5.2038      6.519   147.2603 1.9139e+02     4.9700      0.177      0.257    26.4731 0.0000e+00
      0.182      0.005     4.1780     50.156     43.832  45.108264     5.2010      6.522   147.5206 1.9089e+02     4.9479      0.178      0.258    26.4719 0.0000e+00
      0.183      0.005     4.1363     49.811     43.822  45.093156     5.2020      6.526   147.8070 1.9068e+02     4.9856      0.180      0.260    26.4679 0.0000e+00
      0.185      0.005     4.0967     49.449     43.827  45.091660     5.2151      6.529   148.0556 1.9088e+02     5.0154      0.181      0.263    26.4620 0.0000e+00
