Data/DataNotYetUploadedToEDI/Raw_CTD/RawDownloads/072224_fcr10_S7809002.cnv
* Sea-Bird SBE19plus  Data File:
* FileName = C:\R\Reservoirs\Data\DataNotYetUploadedToEDI\Raw_CTD\RawDownloads\072224_fcr50_S7809_0002.hex
* Software version 2.8.0.119
* Temperature SN = 7809
* Conductivity SN = 7809
* System UpLoad Time = Jul 23 2024 15:57:21
* <ApplicationData>
* <Seaterm232>
# nquan = 15
# nvalues = 1173                        
# units = specified
# name 0 = depFM: Depth [fresh water, m]
# name 1 = dz/dtM: Descent Rate [m/s]
# name 2 = sbeox0Mg/L: Oxygen, SBE 43 [mg/l]
# name 3 = sbeox0PS: Oxygen, SBE 43 [% saturation]
# name 4 = specc: Specific Conductance [uS/cm]
# name 5 = c0uS/cm: Conductivity [uS/cm]
# name 6 = flECO-AFL: Fluorescence, WET Labs ECO-AFL/FL [mg/m^3]
# name 7 = ph: pH
# name 8 = orp: Oxidation Reduction Potential [mV]
# name 9 = par/sat/log: PAR/Logarithmic, Satlantic
# name 10 = turbWETntu0: Turbidity, WET Labs ECO [NTU]
# name 11 = prdM: Pressure, Strain Gauge [db]
# name 12 = prdE: Pressure, Strain Gauge [psi]
# name 13 = tv290C: Temperature [ITS-90, deg C]
# name 14 = flag:  0.000e+00
# span 0 =     -0.650,      2.083       
# span 1 =     -0.332,      0.194       
# span 2 =    -0.4573,     7.8807       
# span 3 =     -5.035,     97.505       
# span 4 =      1.719,     61.016       
# span 5 =   1.765260,  58.961579       
# span 6 =    -0.0710,    36.6061       
# span 7 =      5.649,      7.526       
# span 8 =    92.4083,   223.5875       
# span 9 = 3.5869e+01, 9.5315e+02       
# span 10 =     1.0202,    80.6482      
# span 11 =     -0.638,      2.043      
# span 12 =     -0.925,      2.963      
# span 13 =    23.2267,    26.6349      
# span 14 = 0.0000e+00, 0.0000e+00      
# interval = seconds: 0.25
# start_time = Jul 22 2024 12:01:56 [Instrument's time stamp, header]
# bad_flag = -9.990e-29
*END*
[from data line 482]
      0.259     -0.002     4.9464     61.796     44.580  46.012065     5.0881      7.138   196.8959 1.7998e+02     4.9548      0.255      0.369    26.6011 0.0000e+00
      0.254     -0.001     4.9520     61.778     44.580  46.011870     5.0923      7.132   197.1371 1.8036e+02     5.0137      0.248      0.359    26.6012 0.0000e+00
      0.252     -0.000     4.9580     61.718     44.567  45.998168     5.0844      7.127   197.1006 1.7828e+02     4.9796      0.246      0.356    26.6006 0.0000e+00
      0.255      0.001     4.9595     61.631     44.543  45.973367     5.0510      7.126   196.9718 1.7593e+02     4.9182      0.250      0.363    26.5999 0.0000e+00
      0.260      0.002     4.9588     61.556     44.537  45.965919     5.0309      7.128   196.8699 1.7425e+02     4.9198      0.257      0.373    26.6002 0.0000e+00
      0.262      0.002     4.9591     61.492     44.542  45.971595     5.0234      7.129   196.9877 1.7346e+02     4.9652      0.258      0.374    26.6003 0.0000e+00
      0.260      0.001     4.9539     61.452     44.549  45.978509     5.0274      7.129   197.2769 1.7399e+02     5.0230      0.255      0.370    26.5995 0.0000e+00
      0.258     -0.001     4.9445     61.453     44.557  45.986043     5.0452      7.128   197.4417 1.7473e+02     5.0370      0.252      0.366    26.5988 0.0000e+00
      0.257     -0.001     4.9397     61.469     44.570  45.999206     5.0559      7.130   197.4319 1.7527e+02     4.9986      0.251      0.364    26.5987 0.0000e+00
      0.258     -0.000     4.9343     61.491     44.582  46.010697     5.0577      7.131   197.4156 1.7639e+02     4.9351      0.253      0.366    26.5988 0.0000e+00
      0.258      0.001     4.9293     61.513     44.569  45.998020     5.0917      7.132   197.4171 1.7807e+02     4.9512      0.254      0.368    26.5979 0.0000e+00
      0.258      0.001     4.9318     61.524     44.545  45.972890     5.1761      7.133   197.2778 1.7936e+02     5.0577      0.254      0.368    26.5970 0.0000e+00
      0.258      0.001     4.9327     61.534     44.533  45.960776     5.2287      7.137   197.0228 1.7983e+02     5.0611      0.252      0.366    26.5964 0.0000e+00
      0.259      0.000     4.9346     61.535     44.550  45.978508     5.2277      7.142   196.9148 1.7957e+02     4.9913      0.253      0.368    26.5960 0.0000e+00
      0.259      0.000     4.9372     61.514     44.567  45.996852     5.2228      7.147   197.0044 1.7905e+02     4.9994      0.255      0.370    26.5963 0.0000e+00
      0.259      0.000     4.9372     61.479     44.562  45.992125     5.2354      7.151   197.0739 1.7880e+02     5.0576      0.254      0.369    26.5966 0.0000e+00
      0.258      0.001     4.9382     61.457     44.555  45.984831     5.2635      7.153   197.0663 1.7896e+02     5.1146      0.253      0.366    26.5968 0.0000e+00
      0.257      0.001     4.9390     61.461     44.543  45.972145     5.2796      7.156   196.9990 1.7882e+02     5.1072      0.252      0.365    26.5972 0.0000e+00
      0.258      0.001     4.9372     61.468     44.536  45.965702     5.2800      7.160   196.8622 1.7831e+02     5.0359      0.253      0.367    26.5974 0.0000e+00
      0.260      0.002     4.9329     61.427     44.541  45.970410     5.2608      7.165   196.7894 1.7823e+02     5.0046      0.255      0.369    26.5974 0.0000e+00
      0.260      0.003     4.9310     61.347     44.537  45.965588     5.2225      7.168   196.8064 1.7856e+02     5.0019      0.256      0.371    26.5975 0.0000e+00
      0.260      0.003     4.9315     61.306     44.542  45.970876     5.2076      7.171   196.8102 1.7901e+02     5.0035      0.256      0.371    26.5976 0.0000e+00
      0.260      0.002     4.9347     61.325     44.543  45.970866     5.2223      7.175   196.7484 1.7891e+02     4.9891      0.254      0.369    26.5978 0.0000e+00
      0.261      0.001     4.9317     61.350     44.538  45.965474     5.2494      7.176   196.6623 1.7813e+02     4.9652      0.256      0.371    26.5977 0.0000e+00
      0.263      0.001     4.9211     61.363     44.542  45.969156     5.2698      7.177   196.6289 1.7792e+02     4.9875      0.258      0.375    26.5972 0.0000e+00
      0.263      0.001     4.9174     61.385     44.525  45.951905     5.2599      7.179   196.6898 1.7853e+02     5.0199      0.259      0.375    26.5971 0.0000e+00
      0.262      0.001     4.9218     61.401     44.520  45.947327     5.2631      7.180   196.8823 1.7885e+02     5.0498      0.257      0.372    26.5968 0.0000e+00
      0.261      0.002     4.9243     61.389     44.549  45.977287     5.2922      7.180   197.0624 1.7812e+02     5.0754      0.255      0.369    26.5960 0.0000e+00
      0.262      0.002     4.9235     61.353     44.568  45.996752     5.3043      7.180   197.0610 1.7681e+02     5.0909      0.256      0.371    26.5955 0.0000e+00
      0.263      0.002     4.9266     61.306     44.563  45.992230     5.2921      7.181   196.9520 1.7561e+02     5.0659      0.258      0.374    26.5954 0.0000e+00
      0.264      0.001     4.9286     61.296     44.558  45.986099     5.2697      7.183   196.8624 1.7436e+02     4.9783      0.259      0.375    26.5960 0.0000e+00
      0.266     -0.001     4.9269     61.363     44.559  45.986109     5.2413      7.184   197.0101 1.7338e+02     4.9536      0.261      0.378    26.5967 0.0000e+00
      0.266     -0.002     4.9243     61.474     44.565  45.992344     5.2071      7.184   197.2753 1.7392e+02     5.0410      0.262      0.380    26.5970 0.0000e+00
      0.263     -0.003     4.9189     61.552     44.571  45.997997     5.1892      7.184   197.3157 1.7556e+02     5.0785      0.258      0.376    26.5968 0.0000e+00
      0.259     -0.003     4.9163     61.565     44.565  45.990981     5.1837      7.184   197.3262 1.7646e+02     4.9960      0.253      0.367    26.5964 0.0000e+00
      0.258     -0.003     4.9228     61.561     44.546  45.970992     5.1742      7.184   197.4888 1.7674e+02     4.9330      0.252      0.366    26.5958 0.0000e+00
      0.260     -0.002     4.9349     61.605     44.522  45.946754     5.1990      7.184   197.6459 1.7736e+02     4.9656      0.255      0.370    26.5954 0.0000e+00
      0.262      0.000     4.9423     61.674     44.527  45.951853     5.2588      7.185   197.6771 1.7839e+02     5.0139      0.257      0.372    26.5948 0.0000e+00
      0.262      0.001     4.9415     61.714     44.543  45.969162     5.2888      7.185   197.6948 1.7954e+02     5.0391      0.257      0.372    26.5937 0.0000e+00
      0.261      0.001     4.9383     61.716     44.539  45.965589     5.2793      7.185   197.7738 1.8004e+02     5.0306      0.256      0.372    26.5934 0.0000e+00
      0.261      0.002     4.9430     61.704     44.545  45.972126     5.2523      7.185   197.8577 1.7980e+02     5.0137      0.255      0.370    26.5939 0.0000e+00
      0.261      0.003     4.9513     61.708     44.556  45.984726     5.2286      7.186   198.0209 1.7954e+02     5.0746      0.256      0.371    26.5942 0.0000e+00
      0.261      0.006     4.9536     61.720     44.561  45.990980     5.2341      7.187   198.2851 1.7912e+02     5.1166      0.256      0.371    26.5947 0.0000e+00
      0.262      0.009     4.9537     61.706     44.554  45.984265     5.2438      7.186   198.5564 1.7802e+02     5.0785      0.257      0.373    26.5948 0.0000e+00
      0.265      0.013     4.9510     61.669     44.536  45.967013     5.2036      7.182   199.3211 1.7637e+02     5.0233      0.260      0.376    26.5956 0.0000e+00
      0.269      0.021     4.9513     61.641     44.542  45.972832     5.1307      7.170   201.1651 1.7476e+02     4.9622      0.264      0.382    26.5970 0.0000e+00
      0.274      0.034     4.9544     61.650     44.560  45.991147     5.0952      7.149   202.9560 1.7445e+02     4.9545      0.270      0.391    26.5978 0.0000e+00
      0.279      0.047     4.9522     61.674     44.568  45.998012     5.1074      7.132   203.4223 1.7558e+02     4.9995      0.274      0.398    26.5995 0.0000e+00
      0.288      0.057     4.9486     61.680     44.563  45.992345     5.1373      7.125   203.2755 1.7586e+02     5.0277      0.277      0.402    26.6010 0.0000e+00
      0.310      0.060     4.9447     61.673     44.557  45.986112     5.1564      7.123   203.3328 1.7256e+02     4.9875      0.297      0.431    26.5999 0.0000e+00
      0.342      0.059     4.9469     61.664     44.557  45.986122     5.1473      7.123   203.4265 1.6831e+02     4.9233      0.340      0.493    26.5990 0.0000e+00
      0.365      0.055     4.9503     61.632     44.563  45.992470     5.1358      7.124   203.4618 1.6705e+02     4.9005      0.365      0.529    26.5989 0.0000e+00
      0.371      0.045     4.9502     61.568     44.571  45.999380     5.1338      7.125   203.4161 1.6531e+02     4.9165      0.364      0.527    26.5972 0.0000e+00
      0.372      0.029     4.9490     61.492     44.579  46.006195     5.1233      7.128   203.3039 1.6125e+02     4.9802      0.363      0.527    26.5968 0.0000e+00
      0.376      0.012     4.9490     61.405     44.585  46.011389     5.1086      7.130   203.5675 1.5690e+02     4.9874      0.368      0.533    26.5977 0.0000e+00
      0.383      0.002     4.9476     61.323     44.573  45.998702     5.0974      7.127   204.2802 1.5323e+02     4.9011      0.378      0.547    26.5974 0.0000e+00
      0.386      0.002     4.9405     61.276     44.557  45.979755     5.0961      7.122   204.8662 1.5228e+02     4.8592      0.384      0.557    26.5956 0.0000e+00
      0.378      0.006     4.9360     61.272     44.552  45.972731     5.1009      7.117   205.0593 1.5342e+02     4.8908      0.371      0.538    26.5940 0.0000e+00
      0.368      0.007     4.9279     61.265     44.557  45.977258     5.1059      7.116   204.9807 1.5249e+02     4.9421      0.353      0.511    26.5933 0.0000e+00
      0.372      0.008     4.9206     61.217     44.551  45.971004     5.1063      7.117   204.8619 1.4947e+02     4.9663      0.360      0.521    26.5928 0.0000e+00
      0.387      0.011     4.9161     61.166     44.540  45.960605     5.0975      7.118   204.9134 1.4787e+02     4.9441      0.384      0.556    26.5913 0.0000e+00
      0.396      0.015     4.9180     61.154     44.557  45.978486     5.0833      7.120   205.0880 1.4917e+02     4.9129      0.394      0.571    26.5875 0.0000e+00
      0.395      0.013     4.9197     61.188     44.573  45.996753     5.0670      7.120   205.4238 1.5122e+02     4.9302      0.387      0.563    26.5860 0.0000e+00
      0.393      0.003     4.9132     61.251     44.567  45.991034     5.0586      7.118   205.8759 1.5113e+02     5.0173      0.382      0.555    26.5877 0.0000e+00
      0.396     -0.010     4.9082     61.334     44.548  45.972823     5.0482      7.113   206.5107 1.4934e+02     5.0434      0.387      0.561    26.5889 0.0000e+00
      0.399     -0.016     4.9067     61.429     44.542  45.967003     5.0160      7.104   207.2488 1.4812e+02     4.9725      0.395      0.573    26.5894 0.0000e+00
      0.394     -0.012     4.9105     61.516     44.558  45.984152     4.9861      7.097   207.4866 1.4965e+02     4.9461      0.394      0.570    26.5902 0.0000e+00
      0.377     -0.005     4.9151     61.559     44.563  45.989724     4.9870      7.096   207.2354 1.5213e+02     4.9975      0.370      0.536    26.5913 0.0000e+00
      0.362      0.000     4.9225     61.576     44.545  45.970898     5.0010      7.099   206.7921 1.5028e+02     5.0819      0.344      0.498    26.5918 0.0000e+00
      0.368      0.004     4.9297     61.622     44.523  45.946963     5.0149      7.104   206.4295 1.4488e+02     5.0778      0.353      0.512    26.5929 0.0000e+00
      0.389      0.008     4.9386     61.679     44.531  45.954247     5.0292      7.110   206.4649 1.4109e+02     4.9822      0.386      0.561    26.5942 0.0000e+00
      0.402      0.010     4.9419     61.704     44.573  45.995489     5.0403      7.113   206.7034 1.4189e+02     4.9162      0.402      0.584    26.5941 0.0000e+00
      0.399      0.006     4.9398     61.694     44.579  46.001255     5.0583      7.114   206.8182 1.4462e+02     4.9302      0.391      0.568    26.5936 0.0000e+00
      0.390     -0.003     4.9451     61.634     44.539  45.960482     5.0726      7.114   206.7341 1.4432e+02     5.0140      0.381      0.552    26.5930 0.0000e+00
      0.385     -0.015     4.9516     61.519     44.525  45.946869     5.0543      7.115   206.5466 1.4319e+02     5.0067      0.379      0.549    26.5917 0.0000e+00
      0.381     -0.024     4.9529     61.413     44.541  45.963624     5.0289      7.115   206.7027 1.4409e+02     4.9111      0.373      0.540    26.5899 0.0000e+00
      0.379     -0.024     4.9528     61.362     44.549  45.972626     5.0231      7.114   207.2446 1.4530e+02     4.8828      0.371      0.537    26.5890 0.0000e+00
      0.376     -0.018     4.9495     61.366     44.566  45.992232     5.0591      7.113   207.3346 1.4844e+02     4.9376      0.376      0.545    26.5894 0.0000e+00
      0.362     -0.011     4.9368     61.398     44.583  46.010234     5.1395      7.114   206.8438 1.5424e+02     5.0267      0.358      0.519    26.5902 0.0000e+00
      0.346     -0.008     4.9271     61.450     44.573  45.999847     5.1795      7.118   206.5578 1.5583e+02     5.0380      0.327      0.474    26.5908 0.0000e+00
      0.351     -0.008     4.9232     61.554     44.566  45.993605     5.1602      7.121   206.8892 1.5081e+02     4.9713      0.336      0.487    26.5923 0.0000e+00
      0.369     -0.004     4.9238     61.691     44.571  45.998241     5.1387      7.121   207.4095 1.4808e+02     4.9381      0.371      0.538    26.5940 0.0000e+00
      0.374      0.004     4.9279     61.800     44.565  45.992429     5.1192      7.119   207.5141 1.5225e+02     5.0120      0.376      0.546    26.5941 0.0000e+00
      0.360      0.008     4.9293     61.866     44.559  45.986810     5.0992      7.120   207.2076 1.5675e+02     5.1820      0.350      0.509    26.5941 0.0000e+00
      0.350      0.004     4.9385     61.892     44.565  45.993780     5.0890      7.126   206.8870 1.5523e+02     5.2850      0.335      0.487    26.5942 0.0000e+00
      0.357     -0.001     4.9526     61.885     44.583  46.013225     5.0792      7.132   206.8213 1.4999e+02     5.2333      0.348      0.505    26.5941 0.0000e+00
      0.369     -0.000     4.9607     61.886     44.601  46.031483     5.0640      7.135   206.9288 1.4787e+02     5.1032      0.368      0.532    26.5949 0.0000e+00
      0.372      0.005     4.9657     61.900     44.596  46.024084     5.0546      7.135   206.9825 1.4984e+02     5.0099      0.370      0.536    26.5961 0.0000e+00
      0.365      0.006     4.9685     61.909     44.562  45.987246     5.0572      7.136   206.9544 1.5172e+02     5.0282      0.357      0.518    26.5970 0.0000e+00
      0.360      0.003     4.9655     61.917     44.543  45.966964     5.0627      7.139   206.7617 1.5108e+02     5.0857      0.349      0.506    26.5971 0.0000e+00
      0.363      0.000     4.9656     61.888     44.545  45.969288     5.0542      7.144   206.3736 1.4899e+02     5.0553      0.355      0.515    26.5962 0.0000e+00
      0.369      0.000     4.9688     61.787     44.529  45.951866     5.0381      7.151   206.1336 1.4835e+02     4.9678      0.365      0.530    26.5947 0.0000e+00
      0.372      0.001     4.9677     61.652     44.524  45.946756     5.0426      7.158   206.0104 1.4973e+02     4.9838      0.367      0.532    26.5927 0.0000e+00
      0.369      0.001     4.9705     61.561     44.547  45.970992     5.0579      7.163   205.8297 1.5091e+02     5.0786      0.362      0.525    26.5920 0.0000e+00
      0.365     -0.001     4.9699     61.524     44.566  45.990981     5.0730      7.167   205.7558 1.5071e+02     5.0899      0.357      0.517    26.5919 0.0000e+00
      0.364     -0.002     4.9601     61.513     44.573  45.997997     5.0928      7.172   205.7198 1.4998e+02     5.0171      0.356      0.516    26.5919 0.0000e+00
