Data/DataNotYetUploadedToEDI/Raw_CTD/RawDownloads/072224_fcr20_S7809003.cnv
* Sea-Bird SBE19plus  Data File:
* FileName = C:\R\Reservoirs\Data\DataNotYetUploadedToEDI\Raw_CTD\RawDownloads\072224_fcr50_S7809_0003.hex
* Software version 2.8.0.119
* Temperature SN = 7809
* Conductivity SN = 7809
* System UpLoad Time = Jul 23 2024 15:57:52
* <ApplicationData>
* <Seaterm232>
# nquan = 15
# nvalues = 1017                        
# units = specified
# name 0 = depFM: Depth [fresh water, m]
# name 1 = dz/dtM: Descent Rate [m/s]
# name 2 = sbeox0Mg/L: Oxygen, SBE 43 [mg/l]
# name 3 = sbeox0PS: Oxygen, SBE 43 [% saturation]
# name 4 = specc: Specific Conductance [uS/cm]
# name 5 = c0uS/cm: Conductivity [uS/cm]
# name 6 = flECO-AFL: Fluorescence, WET Labs ECO-AFL/FL [mg/m^3]
# name 7 = ph: pH
# name 8 = orp: Oxidation Reduction Potential [mV]
# name 9 = par/sat/log: PAR/Logarithmic, Satlantic
# name 10 = turbWETntu0: Turbidity, WET Labs ECO [NTU]
# name 11 = prdM: Pressure, Strain Gauge [db]
# name 12 = prdE: Pressure, Strain Gauge [psi]
# name 13 = tv290C: Temperature [ITS-90, deg C]
# name 14 = flag:  0.000e+00
# span 0 =     -0.649,      2.575       
# span 1 =     -0.120,      0.261       
# span 2 =    -0.2314,     7.7521       
# span 3 =     -2.504,     96.430       
# span 4 =      2.161,     72.215       
# span 5 =   2.193104,  65.329914       
# span 6 =    -0.1305,    29.1014       
# span 7 =      7.391,      7.725       
# span 8 =   182.2706,   402.2212       
# span 9 = 1.7531e+01, 7.6058e+02       
# span 10 =     1.2275,   100.5102      
# span 11 =     -0.637,      2.525      
# span 12 =     -0.924,      3.662      
# span 13 =    20.2018,    26.7009      
# span 14 = 0.0000e+00, 0.0000e+00      
# interval = seconds: 0.25
# start_time = Jul 22 2024 12:08:57 [Instrument's time stamp, header]
# bad_flag = -9.990e-29
*END*
[from data line 290]
      0.228     -0.012     5.2454     65.647     44.405  45.888820     5.3812      7.573   205.7313 1.3728e+02     4.2253      0.225      0.326    26.6628 0.0000e+00
      0.225     -0.016     5.2524     65.647     44.422  45.906189     5.4085      7.574   205.8336 1.3970e+02     4.1810      0.222      0.322    26.6635 0.0000e+00
      0.218     -0.017     5.2557     65.615     44.418  45.901615     5.4607      7.576   205.8206 1.4144e+02     4.2275      0.214      0.310    26.6641 0.0000e+00
      0.211     -0.016     5.2584     65.566     44.414  45.896999     5.4962      7.577   205.7464 1.4233e+02     4.3099      0.206      0.299    26.6644 0.0000e+00
      0.205     -0.014     5.2635     65.525     44.430  45.913857     5.5051      7.579   205.7960 1.4338e+02     4.2884      0.201      0.291    26.6646 0.0000e+00
      0.201     -0.011     5.2624     65.520     44.430  45.915001     5.4928      7.580   205.8177 1.4432e+02     4.2408      0.196      0.285    26.6646 0.0000e+00
      0.200     -0.007     5.2599     65.565     44.426  45.910838     5.4563      7.580   205.8368 1.4429e+02     4.2817      0.195      0.283    26.6641 0.0000e+00
      0.202     -0.004     5.2551     65.624     44.442  45.927001     5.4133      7.581   205.9408 1.4395e+02     4.3046      0.198      0.287    26.6631 0.0000e+00
      0.203     -0.002     5.2513     65.676     44.436  45.919986     5.4048      7.582   206.0431 1.4474e+02     4.3123      0.200      0.290    26.6632 0.0000e+00
      0.201     -0.001     5.2495     65.730     44.407  45.889497     5.4042      7.581   206.1272 1.4577e+02     4.3063      0.197      0.287    26.6645 0.0000e+00
      0.199     -0.001     5.2548     65.730     44.393  45.875762     5.3811      7.580   206.1832 1.4523e+02     4.2658      0.194      0.281    26.6649 0.0000e+00
      0.198     -0.001     5.2614     65.675     44.397  45.880869     5.3664      7.581   206.1176 1.4472e+02     4.2673      0.193      0.280    26.6640 0.0000e+00
      0.199      0.000     5.2624     65.632     44.403  45.887771     5.3771      7.582   206.0224 1.4497e+02     4.2904      0.195      0.283    26.6631 0.0000e+00
      0.199      0.003     5.2711     65.617     44.411  45.895740     5.4019      7.583   206.0652 1.4460e+02     4.3403      0.197      0.285    26.6626 0.0000e+00
      0.199      0.008     5.2710     65.628     44.430  45.913733     5.4332      7.582   206.1183 1.4484e+02     4.3583      0.196      0.284    26.6632 0.0000e+00
      0.199      0.013     5.2624     65.658     44.432  45.914887     5.4637      7.582   206.1489 1.4545e+02     4.3027      0.194      0.281    26.6643 0.0000e+00
      0.203      0.017     5.2602     65.686     44.427  45.909695     5.4802      7.583   206.2633 1.4436e+02     4.2489      0.197      0.285    26.6649 0.0000e+00
      0.210      0.019     5.2583     65.703     44.432  45.914426     5.4832      7.583   206.4690 1.4250e+02     4.2536      0.206      0.300    26.6646 0.0000e+00
      0.218      0.019     5.2597     65.705     44.427  45.908612     5.4665      7.582   206.7425 1.4104e+02     4.3258      0.215      0.312    26.6638 0.0000e+00
      0.224      0.017     5.2630     65.697     44.422  45.902881     5.4199      7.579   206.9036 1.3992e+02     4.3022      0.221      0.320    26.6625 0.0000e+00
      0.229      0.012     5.2656     65.682     44.428  45.908612     5.3779      7.577   206.9536 1.3922e+02     4.2069      0.226      0.328    26.6617 0.0000e+00
      0.231      0.007     5.2670     65.652     44.433  45.914426     5.3744      7.576   207.0890 1.3934e+02     4.1988      0.228      0.331    26.6613 0.0000e+00
      0.230      0.003     5.2672     65.608     44.429  45.909696     5.4186      7.575   207.1643 1.3973e+02     4.2377      0.226      0.328    26.6606 0.0000e+00
      0.228      0.001     5.2662     65.566     44.434  45.914898     5.4876      7.573   207.0902 1.3897e+02     4.3016      0.223      0.324    26.6603 0.0000e+00
      0.228     -0.001     5.2653     65.534     44.433  45.913848     5.5099      7.572   207.0537 1.3767e+02     4.3224      0.224      0.323    26.6607 0.0000e+00
      0.229     -0.001     5.2631     65.514     44.416  45.896999     5.4886      7.572   206.9806 1.3753e+02     4.2504      0.226      0.326    26.6606 0.0000e+00
      0.230     -0.001     5.2587     65.504     44.421  45.901622     5.4795      7.573   206.8938 1.3831e+02     4.1822      0.226      0.327    26.6601 0.0000e+00
      0.229      0.000     5.2555     65.502     44.425  45.906261     5.4910      7.575   206.9508 1.3892e+02     4.2159      0.225      0.326    26.6601 0.0000e+00
      0.228      0.000     5.2528     65.480     44.409  45.889612     5.5119      7.576   206.9823 1.3897e+02     4.3163      0.224      0.325    26.6601 0.0000e+00
      0.228      0.000     5.2513     65.420     44.410  45.890756     5.5158      7.577   207.0163 1.3864e+02     4.3374      0.223      0.323    26.6601 0.0000e+00
      0.229     -0.001     5.2501     65.349     44.439  45.920092     5.5052      7.577   207.1031 1.3867e+02     4.2664      0.224      0.325    26.6603 0.0000e+00
      0.229     -0.001     5.2513     65.302     44.446  45.926910     5.4836      7.577   207.0855 1.3925e+02     4.2084      0.226      0.327    26.6604 0.0000e+00
      0.229     -0.001     5.2503     65.315     44.429  45.909706     5.4541      7.577   207.1478 1.3934e+02     4.2169      0.225      0.327    26.6609 0.0000e+00
      0.228     -0.001     5.2440     65.391     44.422  45.902527     5.4559      7.577   207.3399 1.3891e+02     4.2670      0.223      0.324    26.6618 0.0000e+00
      0.226     -0.001     5.2376     65.468     44.422  45.903587     5.4637      7.577   207.4301 1.3889e+02     4.2679      0.222      0.321    26.6614 0.0000e+00
      0.226     -0.001     5.2327     65.502     44.440  45.922518     5.4900      7.578   207.4637 1.3875e+02     4.1939      0.221      0.321    26.6597 0.0000e+00
      0.226      0.000     5.2330     65.521     44.457  45.940984     5.5666      7.579   207.4886 1.3815e+02     4.1569      0.222      0.322    26.6595 0.0000e+00
      0.226      0.002     5.2418     65.543     44.452  45.936417     5.6241      7.579   207.4726 1.3805e+02     4.2312      0.222      0.322    26.6597 0.0000e+00
      0.226      0.002     5.2500     65.561     44.446  45.930789     5.6438      7.579   207.4422 1.3883e+02     4.3405      0.221      0.320    26.6604 0.0000e+00
      0.227      0.002     5.2504     65.584     44.451  45.936419     5.6223      7.580   207.3790 1.3965e+02     4.3847      0.222      0.322    26.6621 0.0000e+00
      0.230      0.001     5.2512     65.612     44.456  45.940994     5.5546      7.582   207.3114 1.3980e+02     4.3225      0.225      0.328    26.6630 0.0000e+00
      0.231      0.001     5.2542     65.642     44.439  45.922632     5.4999      7.583   207.2267 1.3977e+02     4.2369      0.228      0.331    26.6633 0.0000e+00
      0.230      0.001     5.2545     65.667     44.422  45.904845     5.4931      7.584   207.1291 1.3980e+02     4.2715      0.225      0.327    26.6634 0.0000e+00
      0.228      0.000     5.2569     65.677     44.432  45.916376     5.5394      7.586   207.1636 1.3911e+02     4.3653      0.222      0.323    26.6635 0.0000e+00
      0.227      0.000     5.2590     65.672     44.448  45.935097     5.6104      7.586   207.3011 1.3857e+02     4.3803      0.223      0.322    26.6632 0.0000e+00
      0.228      0.000     5.2617     65.664     44.452  45.940759     5.6355      7.586   207.3286 1.3890e+02     4.3166      0.224      0.325    26.6628 0.0000e+00
      0.230      0.001     5.2641     65.676     44.433  45.921350     5.6097      7.587   207.3231 1.3874e+02     4.2442      0.226      0.327    26.6629 0.0000e+00
      0.230      0.001     5.2644     65.674     44.403  45.890868     5.5902      7.587   207.4066 1.3839e+02     4.2567      0.226      0.328    26.6639 0.0000e+00
      0.230      0.001     5.2646     65.657     44.402  45.889611     5.5910      7.587   207.4777 1.3874e+02     4.3301      0.225      0.327    26.6662 0.0000e+00
      0.230      0.001     5.2607     65.653     44.417  45.906147     5.5937      7.587   207.5814 1.3937e+02     4.3457      0.226      0.328    26.6679 0.0000e+00
      0.230      0.000     5.2650     65.661     44.412  45.900371     5.5899      7.588   207.6276 1.4035e+02     4.3092      0.226      0.328    26.6690 0.0000e+00
      0.230     -0.001     5.2644     65.696     44.396  45.883252     5.5787      7.588   207.5201 1.4076e+02     4.2652      0.225      0.327    26.6694 0.0000e+00
      0.230     -0.001     5.2608     65.745     44.403  45.889598     5.5583      7.589   207.4858 1.4001e+02     4.2576      0.225      0.327    26.6697 0.0000e+00
      0.230     -0.001     5.2624     65.794     44.427  45.913613     5.5342      7.592   207.5568 1.3946e+02     4.3199      0.226      0.328    26.6699 0.0000e+00
      0.229     -0.001     5.2608     65.826     44.432  45.919700     5.5197      7.593   207.6044 1.3964e+02     4.3693      0.225      0.326    26.6693 0.0000e+00
      0.229      0.000     5.2655     65.833     44.413  45.899720     5.5166      7.593   207.6318 1.4051e+02     4.3428      0.224      0.325    26.6680 0.0000e+00
      0.229      0.000     5.2691     65.826     44.378  45.862478     5.4806      7.594   207.7154 1.4104e+02     4.2727      0.225      0.324    26.6666 0.0000e+00
      0.230     -0.001     5.2737     65.795     44.366  45.850283     5.4181      7.595   207.7559 1.4046e+02     4.2732      0.226      0.326    26.6667 0.0000e+00
      0.230     -0.001     5.2770     65.732     44.393  45.879232     5.4013      7.595   207.6039 1.3987e+02     4.3485      0.225      0.327    26.6677 0.0000e+00
      0.229     -0.001     5.2762     65.669     44.407  45.895101     5.4101      7.595   207.5125 1.3981e+02     4.3639      0.226      0.327    26.6674 0.0000e+00
      0.228     -0.002     5.2767     65.643     44.425  45.915188     5.3998      7.596   207.5977 1.4038e+02     4.2544      0.225      0.325    26.6660 0.0000e+00
      0.228     -0.003     5.2749     65.664     44.440  45.931667     5.3770      7.597   207.6020 1.4135e+02     4.0834      0.223      0.324    26.6663 0.0000e+00
      0.227     -0.005     5.2680     65.716     44.413  45.903915     5.3671      7.597   207.5638 1.4162e+02     4.0379      0.223      0.323    26.6678 0.0000e+00
      0.227     -0.010     5.2620     65.780     44.406  45.897040     5.3802      7.597   207.6523 1.4110e+02     4.1139      0.221      0.321    26.6695 0.0000e+00
      0.227     -0.014     5.2592     65.825     44.420  45.912020     5.3936      7.596   207.8108 1.4089e+02     4.2168      0.223      0.323    26.6713 0.0000e+00
      0.223     -0.016     5.2615     65.834     44.403  45.894604     5.3956      7.596   207.9315 1.4244e+02     4.2917      0.222      0.321    26.6720 0.0000e+00
      0.214     -0.016     5.2665     65.832     44.385  45.876905     5.3803      7.596   207.9938 1.4500e+02     4.2683      0.211      0.305    26.6721 0.0000e+00
      0.205     -0.016     5.2718     65.830     44.396  45.888464     5.3667      7.596   208.0479 1.4548e+02     4.2752      0.198      0.286    26.6723 0.0000e+00
      0.201     -0.015     5.2771     65.845     44.415  45.907394     5.3802      7.595   208.0694 1.4509e+02     4.3413      0.195      0.283    26.6732 0.0000e+00
      0.202     -0.011     5.2756     65.886     44.421  45.915345     5.4026      7.594   208.0811 1.4690e+02     4.3498      0.199      0.289    26.6733 0.0000e+00
      0.201     -0.006     5.2760     65.918     44.426  45.921129     5.4128      7.592   208.1896 1.4911e+02     4.3108      0.199      0.288    26.6734 0.0000e+00
      0.197     -0.001     5.2753     65.910     44.419  45.913846     5.4036      7.591   208.2633 1.4977e+02     4.2794      0.193      0.280    26.6735 0.0000e+00
      0.195      0.001     5.2754     65.874     44.396  45.890764     5.3750      7.592   208.1977 1.4931e+02     4.2778      0.190      0.275    26.6738 0.0000e+00
      0.198      0.001     5.2804     65.821     44.401  45.895968     5.3328      7.593   208.1705 1.4844e+02     4.2909      0.194      0.281    26.6752 0.0000e+00
      0.202      0.002     5.2839     65.745     44.418  45.913286     5.2929      7.594   208.1930 1.4796e+02     4.3005      0.200      0.289    26.6760 0.0000e+00
      0.204      0.004     5.2824     65.638     44.415  45.909714     5.2758      7.596   208.1252 1.4847e+02     4.2574      0.202      0.293    26.6763 0.0000e+00
      0.203      0.006     5.2789     65.517     44.421  45.916261     5.2758      7.596   208.0388 1.4887e+02     4.1803      0.199      0.288    26.6769 0.0000e+00
      0.202      0.010     5.2753     65.436     44.433  45.928966     5.3085      7.597   208.0948 1.4794e+02     4.1877      0.197      0.286    26.6773 0.0000e+00
      0.203      0.015     5.2691     65.420     44.441  45.936365     5.3723      7.599   208.2007 1.4671e+02     4.2783      0.198      0.287    26.6770 0.0000e+00
      0.206      0.019     5.2613     65.455     44.447  45.942241     5.4063      7.600   208.2005 1.4505e+02     4.3540      0.202      0.291    26.6768 0.0000e+00
      0.215      0.020     5.2483     65.515     44.442  45.936530     5.4122      7.601   208.1783 1.4211e+02     4.3507      0.209      0.304    26.6772 0.0000e+00
      0.226      0.018     5.2417     65.582     44.437  45.930798     5.4347      7.601   208.1912 1.4015e+02     4.3076      0.223      0.324    26.6765 0.0000e+00
      0.234      0.015     5.2412     65.637     44.442  45.936416     5.4702      7.602   208.2696 1.4055e+02     4.3109      0.232      0.338    26.6753 0.0000e+00
      0.236      0.011     5.2445     65.677     44.446  45.940981     5.4920      7.602   208.4382 1.4131e+02     4.3561      0.233      0.338    26.6747 0.0000e+00
      0.233      0.006     5.2502     65.727     44.427  45.922505     5.5069      7.601   208.5952 1.4135e+02     4.3756      0.228      0.331    26.6740 0.0000e+00
      0.231      0.001     5.2558     65.781     44.407  45.903470     5.5009      7.599   208.7037 1.4070e+02     4.3077      0.224      0.326    26.6741 0.0000e+00
      0.231     -0.002     5.2612     65.828     44.405  45.901275     5.4605      7.598   208.7186 1.3972e+02     4.2186      0.226      0.328    26.6748 0.0000e+00
      0.234     -0.003     5.2620     65.841     44.400  45.895967     5.4348      7.599   208.6030 1.3973e+02     4.1863      0.230      0.333    26.6754 0.0000e+00
      0.235     -0.002     5.2673     65.801     44.407  45.902774     5.4395      7.601   208.5107 1.4022e+02     4.1899      0.231      0.335    26.6767 0.0000e+00
      0.233     -0.002     5.2711     65.738     44.424  45.920090     5.4930      7.603   208.5487 1.4016e+02     4.2281      0.228      0.331    26.6781 0.0000e+00
      0.229     -0.002     5.2756     65.694     44.419  45.914896     5.5814      7.604   208.6328 1.4041e+02     4.2390      0.224      0.325    26.6784 0.0000e+00
      0.228     -0.002     5.2784     65.680     44.408  45.903449     5.6184      7.604   208.6672 1.4111e+02     4.2188      0.222      0.322    26.6782 0.0000e+00
      0.228     -0.002     5.2731     65.659     44.413  45.908643     5.6071      7.604   208.7064 1.4156e+02     4.2233      0.223      0.323    26.6781 0.0000e+00
      0.229     -0.001     5.2673     65.616     44.418  45.914220     5.5865      7.605   208.7624 1.4168e+02     4.2593      0.224      0.325    26.6780 0.0000e+00
      0.230     -0.000     5.2626     65.576     44.411  45.907404     5.5449      7.606   208.8284 1.4202e+02     4.3464      0.226      0.328    26.6775 0.0000e+00
