Data/DataNotYetUploadedToEDI/Raw_CTD/RawDownloads/072419_bvr50_c.cnv
* Sea-Bird SBE19plus  Data File:
* FileName = C:\DATA\MSN2_CTD_CASTS_072419\072419_bvr50_c_0001.hex
* Software version 2.8.0.119 SB_Terminal.dll
* Temperature SN = 7809
* Conductivity SN = 7809
* System UpLoad Time = Jul 24 2019 21:33:16
* <ApplicationData>
* <Seaterm232>
# nquan = 16
# nvalues = 680                         
# units = specified
# name 0 = depFM: Depth [fresh water, m]
# name 1 = dz/dtM: Descent Rate [m/s]
# name 2 = sbeox0Mg/L: Oxygen, SBE 43 [mg/l]
# name 3 = sbeox0PS: Oxygen, SBE 43 [% saturation]
# name 4 = specc: Specific Conductance [uS/cm]
# name 5 = c0uS/cm: Conductivity [uS/cm]
# name 6 = flECO-AFL: Fluorescence, WET Labs ECO-AFL/FL [mg/m^3]
# name 7 = ph: pH
# name 8 = orp: Oxidation Reduction Potential [mV]
# name 9 = par/sat/log: PAR/Logarithmic, Satlantic
# name 10 = turbWETntu0: Turbidity, WET Labs ECO [NTU]
# name 11 = prdM: Pressure, Strain Gauge [db]
# name 12 = prdE: Pressure, Strain Gauge [psi]
# name 13 = tv290C: Temperature [ITS-90, deg C]
# name 14 = density00: Density [density, kg/m^3]
# name 15 = flag:  0.000e+00
# span 0 =     -0.662,     10.543       
# span 1 =     -0.006,      0.134       
# span 2 =    -0.2559,     8.8009       
# span 3 =     -2.521,    103.075       
# span 4 =      0.158,    216.792       
# span 5 =   0.141733, 145.183785       
# span 6 =    -0.1453,    40.1326       
# span 7 =      6.207,      8.438       
# span 8 = -1240.7376,   702.0683       
# span 9 = 1.2348e-01, 1.2396e-01       
# span 10 =    -0.5789,    59.4844      
# span 11 =     -0.650,     10.340      
# span 12 =     -0.942,     14.997      
# span 13 =     8.4733,    27.4052      
# span 14 =   996.4219,   999.9502      
# span 15 = 0.0000e+00, 0.0000e+00      
# interval = seconds: 0.25
# start_time = Jul 24 2019 21:22:57 [Instrument's time stamp, header]
# bad_flag = -9.990e-29
*END*
[from data line 181]
      0.464      0.074     6.2746     78.823     27.610  28.739200     2.0052      7.307   267.9614 1.2371e-01     1.3783      0.457      0.662    26.2843   996.7275 0.0000e+00
      0.484      0.079     6.8740     86.553     27.539  28.739288     2.0127      7.293   268.1404 1.2371e-01     1.3922      0.474      0.688    26.3770   996.7026 0.0000e+00
      0.501      0.083     7.3968     93.279     27.515  28.763419     1.9947      7.275   268.3196 1.2371e-01     1.3594      0.492      0.714    26.6071   996.6405 0.0000e+00
      0.519      0.084     7.7954     98.402     27.499  28.777247     1.9598      7.263   268.4070 1.2372e-01     1.3100      0.507      0.735    26.8677   996.5695 0.0000e+00
      0.543      0.083     8.0496    101.672     27.483  28.779636     1.9378      7.261   268.2508 1.2373e-01     1.3193      0.529      0.768    27.0581   996.5172 0.0000e+00
      0.570      0.082     8.1577    103.075     27.484  28.792332     1.9285      7.262   268.0658 1.2373e-01     1.3402      0.562      0.815    27.1867   996.4819 0.0000e+00
      0.594      0.080     8.1370    102.835     27.489  28.803875     1.9252      7.263   268.1492 1.2373e-01     1.3332      0.585      0.846    27.2713   996.4585 0.0000e+00
      0.612      0.077     8.0345    101.552     27.474  28.792330     1.9324      7.263   268.4839 1.2373e-01     1.3333      0.600      0.870    27.3248   996.4437 0.0000e+00
      0.628      0.074     7.9047     99.922     27.459  28.779630     1.9371      7.261   268.8438 1.2373e-01     1.3413      0.616      0.894    27.3581   996.4346 0.0000e+00
      0.644      0.072     7.7828     98.390     27.454  28.777227     1.9303      7.254   269.0595 1.2373e-01     1.3646      0.630      0.915    27.3765   996.4295 0.0000e+00
      0.661      0.072     7.6814     97.110     27.440  28.763280     1.9283      7.246   269.1134 1.2371e-01     1.3857      0.647      0.938    27.3867   996.4267 0.0000e+00
      0.681      0.074     7.6005     96.075     27.419  28.737883     1.9474      7.240   269.2364 1.2371e-01     1.3670      0.668      0.968    27.3927   996.4251 0.0000e+00
      0.701      0.075     7.5377     95.248     27.417  28.723933     1.9713      7.233   269.4286 1.2372e-01     1.3347      0.688      0.998    27.3985   996.4236 0.0000e+00
      0.722      0.072     7.4922     94.624     27.430  28.721500     1.9831      7.229   269.5440 1.2373e-01     1.3231      0.707      1.025    27.4050   996.4219 0.0000e+00
      0.743      0.067     7.4598     94.175     27.430  28.708439     1.9853      7.228   269.6852 1.2374e-01     1.3579      0.729      1.058    27.4052   996.4220 0.0000e+00
      0.761      0.062     7.4372     93.855     27.426  28.692876     1.9552      7.227   269.7596 1.2375e-01     1.3945      0.750      1.088    27.4026   996.4227 0.0000e+00
      0.774      0.058     7.4221     93.628     27.406  28.660210     1.9049      7.226   269.7553 1.2374e-01     1.3721      0.760      1.102    27.3819   996.4286 0.0000e+00
      0.784      0.056     7.4109     93.432     27.333  28.567242     1.8809      7.222   269.8050 1.2367e-01     1.3505      0.767      1.113    27.3437   996.4393 0.0000e+00
      0.795      0.056     7.4040     93.249     27.258  28.457035     1.8808      7.213   269.9308 1.2363e-01     1.3615      0.779      1.129    27.3232   996.4450 0.0000e+00
      0.809      0.060     7.4018     93.076     27.255  28.406244     1.8783      7.202   270.1577 1.2365e-01     1.3745      0.794      1.151    27.3054   996.4500 0.0000e+00
      0.825      0.065     7.3971     92.858     27.296  28.397174     1.8676      7.194   270.3971 1.2372e-01     1.3769      0.808      1.172    27.2834   996.4562 0.0000e+00
      0.843      0.070     7.3832     92.552     27.290  28.347291     1.8641      7.187   270.5885 1.2379e-01     1.3576      0.825      1.196    27.2599   996.4627 0.0000e+00
      0.865      0.074     7.3628     92.175     27.233  28.247163     1.8707      7.182   270.8365 1.2380e-01     1.3374      0.849      1.231    27.2047   996.4782 0.0000e+00
      0.886      0.077     7.3427     91.776     27.174  28.138158     1.9216      7.176   271.0732 1.2376e-01     1.3299      0.871      1.263    27.1091   996.5047 0.0000e+00
      0.904      0.081     7.3277     91.423     27.136  28.044374     2.0111      7.168   271.1268 1.2375e-01     1.3320      0.886      1.287    26.9995   996.5349 0.0000e+00
      0.922      0.084     7.3212     91.169     27.150  28.001372     2.0513      7.160   271.1417 1.2374e-01     1.3295      0.903      1.311    26.9261   996.5551 0.0000e+00
      0.941      0.084     7.3196     90.987     27.200  27.998812     2.0523      7.154   271.2525 1.2374e-01     1.3331      0.921      1.335    26.8662   996.5716 0.0000e+00
      0.966      0.080     7.3204     90.873     27.254  28.013335     2.0323      7.150   271.4338 1.2380e-01     1.3427      0.943      1.369    26.7710   996.5978 0.0000e+00
      0.994      0.072     7.3283     90.908     27.309  28.050008     1.9732      7.149   271.6130 1.2383e-01     1.3150      0.976      1.417    26.6682   996.6259 0.0000e+00
      1.018      0.061     7.3443     91.096     27.324  28.061525     1.9367      7.150   271.6988 1.2378e-01     1.2935      1.003      1.454    26.5623   996.6548 0.0000e+00
      1.031      0.049     7.3623     91.325     27.287  28.025690     1.9369      7.151   271.7825 1.2375e-01     1.3112      1.014      1.470    26.4525   996.6845 0.0000e+00
      1.035      0.039     7.3787     91.507     27.267  27.997401     1.9413      7.150   271.8510 1.2375e-01     1.3323      1.016      1.474    26.3747   996.7055 0.0000e+00
      1.036      0.034     7.3947     91.651     27.261  27.973264     1.9638      7.147   271.9249 1.2375e-01     1.3519      1.015      1.472    26.3369   996.7157 0.0000e+00
      1.040      0.034     7.4091     91.773     27.231  27.924157     1.9926      7.141   272.0737 1.2373e-01     1.3523      1.018      1.476    26.3369   996.7157 0.0000e+00
      1.049      0.040     7.4207     91.876     27.231  27.911173     1.9944      7.132   272.2733 1.2374e-01     1.3372      1.028      1.490    26.3555   996.7107 0.0000e+00
      1.062      0.048     7.4322     91.981     27.274  27.943147     1.9862      7.120   272.5312 1.2379e-01     1.3325      1.042      1.510    26.3435   996.7140 0.0000e+00
      1.078      0.056     7.4436     92.086     27.273  27.930069     1.9713      7.107   272.7831 1.2380e-01     1.3289      1.057      1.533    26.2996   996.7258 0.0000e+00
      1.094      0.065     7.4516     92.164     27.231  27.879918     1.9437      7.097   273.0814 1.2376e-01     1.3255      1.073      1.557    26.2619   996.7360 0.0000e+00
      1.111      0.076     7.4515     92.145     27.201  27.844319     1.9301      7.088   273.3844 1.2373e-01     1.3240      1.090      1.580    26.2428   996.7412 0.0000e+00
      1.126      0.088     7.4418     91.988     27.186  27.816861     1.9371      7.081   273.5219 1.2373e-01     1.3442      1.104      1.601    26.2217   996.7470 0.0000e+00
      1.146      0.099     7.4277     91.756     27.190  27.801678     2.0023      7.077   273.5391 1.2377e-01     1.3730      1.120      1.625    26.1931   996.7546 0.0000e+00
      1.176      0.108     7.4158     91.531     27.201  27.787605     2.1196      7.075   273.5065 1.2380e-01     1.3770      1.150      1.668    26.1841   996.7572 0.0000e+00
      1.213      0.114     7.4094     91.360     27.217  27.773546     2.1855      7.075   273.5581 1.2377e-01     1.3603      1.190      1.726    26.1808   996.7582 0.0000e+00
      1.249      0.116     7.4083     91.260     27.230  27.758546     2.1918      7.074   273.7321 1.2375e-01     1.3352      1.227      1.779    26.1568   996.7648 0.0000e+00
      1.279      0.112     7.4079     91.194     27.225  27.733076     2.2312      7.072   273.8046 1.2376e-01     1.3355      1.255      1.821    26.1226   996.7741 0.0000e+00
      1.305      0.104     7.4054     91.122     27.225  27.719340     2.3149      7.071   273.9183 1.2379e-01     1.3638      1.280      1.856    26.0767   996.7864 0.0000e+00
      1.329      0.096     7.4025     91.057     27.235  27.719330     2.3634      7.069   274.0734 1.2380e-01     1.3828      1.303      1.890    26.0145   996.8031 0.0000e+00
      1.352      0.089     7.3993     90.993     27.256  27.732945     2.3656      7.067   274.0449 1.2380e-01     1.3687      1.327      1.925    25.9579   996.8182 0.0000e+00
      1.372      0.084     7.3949     90.919     27.286  27.757055     2.3591      7.064   274.0905 1.2380e-01     1.3243      1.345      1.951    25.9229   996.8275 0.0000e+00
      1.392      0.079     7.3929     90.882     27.290  27.757056     2.3804      7.061   274.2814 1.2379e-01     1.3047      1.363      1.977    25.9001   996.8338 0.0000e+00
      1.414      0.075     7.3931     90.878     27.268  27.732948     2.4404      7.057   274.3730 1.2376e-01     1.3279      1.387      2.011    25.8824   996.8385 0.0000e+00
      1.434      0.071     7.3922     90.864     27.256  27.719334     2.4774      7.049   274.4244 1.2374e-01     1.3425      1.408      2.041    25.8687   996.8422 0.0000e+00
      1.451      0.067     7.3908     90.846     27.256  27.719343     2.4821      7.039   274.5586 1.2376e-01     1.3506      1.424      2.065    25.8566   996.8455 0.0000e+00
      1.465      0.062     7.3906     90.846     27.269  27.733062     2.5402      7.033   274.7055 1.2376e-01     1.3591      1.436      2.082    25.8486   996.8477 0.0000e+00
      1.480      0.057     7.3905     90.852     27.292  27.758314     2.6519      7.031   274.8240 1.2374e-01     1.3481      1.450      2.103    25.8454   996.8486 0.0000e+00
      1.497      0.052     7.3883     90.831     27.302  27.770898     2.7144      7.031   274.8729 1.2376e-01     1.3478      1.471      2.132    25.8444   996.8489 0.0000e+00
      1.510      0.048     7.3829     90.768     27.288  27.758324     2.7134      7.029   274.8669 1.2378e-01     1.3558      1.484      2.150    25.8434   996.8492 0.0000e+00
      1.519      0.045     7.3753     90.672     27.264  27.733176     2.6405      7.027   274.9225 1.2385e-01     1.3469      1.490      2.161    25.8442   996.8490 0.0000e+00
      1.529      0.044     7.3693     90.592     27.254  27.720602     2.5097      7.026   275.0300 1.2387e-01     1.3712      1.498      2.173    25.8496   996.8477 0.0000e+00
      1.539      0.044     7.3678     90.557     27.272  27.733177     2.4324      7.025   275.1331 1.2377e-01     1.3869      1.508      2.187    25.8549   996.8464 0.0000e+00
      1.550      0.048     7.3684     90.538     27.306  27.758327     2.4165      7.023   275.3946 1.2368e-01     1.3411      1.520      2.206    25.8570   996.8459 0.0000e+00
      1.561      0.056     7.3668     90.491     27.326  27.770903     2.4303      7.018   275.7835 1.2363e-01     1.3088      1.530      2.219    25.8551   996.8464 0.0000e+00
      1.574      0.066     7.3614     90.404     27.321  27.758329     2.4690      7.008   276.0491 1.2364e-01     1.3243      1.542      2.237    25.8520   996.8472 0.0000e+00
      1.591      0.076     7.3521     90.272     27.301  27.733172     2.4944      7.000   276.2826 1.2368e-01     1.3638      1.559      2.262    25.8429   996.8496 0.0000e+00
      1.612      0.086     7.3413     90.126     27.294  27.720494     2.4942      6.995   276.5426 1.2371e-01     1.3939      1.578      2.288    25.8232   996.8550 0.0000e+00
      1.639      0.094     7.3318     89.997     27.309  27.731926     2.5280      6.991   276.6109 1.2376e-01     1.3931      1.608      2.331    25.8063   996.8597 0.0000e+00
      1.668      0.097     7.3191     89.827     27.326  27.744491     2.6170      6.989   276.5920 1.2380e-01     1.3874      1.638      2.375    25.7951   996.8628 0.0000e+00
      1.695      0.094     7.3014     89.599     27.331  27.745531     2.6677      6.988   276.5716 1.2378e-01     1.3895      1.661      2.408    25.7845   996.8656 0.0000e+00
      1.721      0.088     7.2834     89.370     27.332  27.744492     2.6647      6.989   276.4510 1.2376e-01     1.3855      1.690      2.450    25.7762   996.8678 0.0000e+00
      1.744      0.081     7.2668     89.162     27.321  27.731917     2.6587      6.989   276.4250 1.2379e-01     1.3725      1.714      2.485    25.7686   996.8701 0.0000e+00
      1.760      0.075     7.2525     88.983     27.311  27.720373     2.6294      6.989   276.5153 1.2378e-01     1.3626      1.728      2.506    25.7597   996.8725 0.0000e+00
      1.774      0.070     7.2420     88.852     27.323  27.731813     2.5792      6.989   276.5957 1.2373e-01     1.3654      1.738      2.521    25.7523   996.8744 0.0000e+00
      1.789      0.066     7.2362     88.778     27.335  27.743347     2.5542      6.990   276.6228 1.2370e-01     1.3400      1.752      2.540    25.7476   996.8756 0.0000e+00
      1.808      0.064     7.2351     88.762     27.326  27.732938     2.5529      6.990   276.5854 1.2366e-01     1.3180      1.774      2.574    25.7449   996.8766 0.0000e+00
      1.827      0.066     7.2354     88.762     27.327  27.732843     2.5199      6.990   276.5737 1.2366e-01     1.3941      1.794      2.602    25.7434   996.8770 0.0000e+00
      1.842      0.069     7.2335     88.735     27.338  27.742195     2.4590      6.987   276.6527 1.2370e-01     1.5065      1.807      2.620    25.7419   996.8775 0.0000e+00
      1.857      0.073     7.2284     88.669     27.316  27.719117     2.4316      6.981   276.8525 1.2371e-01     1.5624      1.820      2.640    25.7401   996.8781 0.0000e+00
      1.874      0.075     7.2213     88.579     27.305  27.707582     2.4322      6.976   277.0102 1.2368e-01     1.5788      1.836      2.662    25.7378   996.8787 0.0000e+00
      1.894      0.078     7.2145     88.493     27.327  27.729622     2.4920      6.970   277.0972 1.2368e-01     1.5733      1.856      2.691    25.7358   996.8793 0.0000e+00
      1.918      0.081     7.2096     88.432     27.330  27.731815     2.6089      6.963   277.3027 1.2371e-01     1.5623      1.882      2.730    25.7338   996.8800 0.0000e+00
      1.941      0.082     7.2061     88.388     27.333  27.734104     2.6660      6.954   277.5159 1.2371e-01     1.5760      1.906      2.764    25.7321   996.8805 0.0000e+00
      1.961      0.081     7.2033     88.354     27.356  27.757297     2.6711      6.946   277.6096 1.2376e-01     1.6085      1.924      2.790    25.7310   996.8809 0.0000e+00
      1.981      0.077     7.2026     88.344     27.357  27.758461     2.6796      6.937   277.5751 1.2378e-01     1.5950      1.942      2.817    25.7297   996.8813 0.0000e+00
      2.001      0.070     7.2048     88.371     27.347  27.748176     2.6809      6.928   277.5299 1.2369e-01     1.5760      1.964      2.848    25.7287   996.8816 0.0000e+00
      2.020      0.062     7.2088     88.421     27.359  27.759833     2.6785      6.924   277.6644 1.2366e-01     1.6095      1.982      2.874    25.7279   996.8820 0.0000e+00
      2.037      0.055     7.2130     88.472     27.371  27.772522     2.6765      6.927   277.8252 1.2368e-01     1.6056      1.999      2.899    25.7275   996.8822 0.0000e+00
      2.050      0.050     7.2177     88.530     27.373  27.774706     2.6836      6.933   277.9258 1.2368e-01     1.5621      2.013      2.920    25.7276   996.8822 0.0000e+00
      2.057      0.047     7.2231     88.596     27.384  27.786241     2.7027      6.941   278.0208 1.2373e-01     1.5421      2.016      2.925    25.7273   996.8823 0.0000e+00
      2.064      0.047     7.2277     88.652     27.383  27.785097     2.7173      6.947   278.0262 1.2378e-01     1.5598      2.021      2.932    25.7273   996.8823 0.0000e+00
      2.075      0.049     7.2302     88.682     27.359  27.760874     2.7214      6.950   277.9912 1.2378e-01     1.6125      2.035      2.952    25.7272   996.8824 0.0000e+00
