Data/DataNotYetUploadedToEDI/Raw_CTD/RawDownloads/072419_bvr50_c.cnv
* Sea-Bird SBE19plus  Data File:
* FileName = C:\DATA\MSN2_CTD_CASTS_072419\072419_bvr50_c_0001.hex
* Software version 2.8.0.119 SB_Terminal.dll
* Temperature SN = 7809
* Conductivity SN = 7809
* System UpLoad Time = Jul 24 2019 21:33:16
* <ApplicationData>
* <Seaterm232>
# nquan = 16
# nvalues = 680                         
# units = specified
# name 0 = depFM: Depth [fresh water, m]
# name 1 = dz/dtM: Descent Rate [m/s]
# name 2 = sbeox0Mg/L: Oxygen, SBE 43 [mg/l]
# name 3 = sbeox0PS: Oxygen, SBE 43 [% saturation]
# name 4 = specc: Specific Conductance [uS/cm]
# name 5 = c0uS/cm: Conductivity [uS/cm]
# name 6 = flECO-AFL: Fluorescence, WET Labs ECO-AFL/FL [mg/m^3]
# name 7 = ph: pH
# name 8 = orp: Oxidation Reduction Potential [mV]
# name 9 = par/sat/log: PAR/Logarithmic, Satlantic
# name 10 = turbWETntu0: Turbidity, WET Labs ECO [NTU]
# name 11 = prdM: Pressure, Strain Gauge [db]
# name 12 = prdE: Pressure, Strain Gauge [psi]
# name 13 = tv290C: Temperature [ITS-90, deg C]
# name 14 = density00: Density [density, kg/m^3]
# name 15 = flag:  0.000e+00
# span 0 =     -0.662,     10.543       
# span 1 =     -0.006,      0.134       
# span 2 =    -0.2559,     8.8009       
# span 3 =     -2.521,    103.075       
# span 4 =      0.158,    216.792       
# span 5 =   0.141733, 145.183785       
# span 6 =    -0.1453,    40.1326       
# span 7 =      6.207,      8.438       
# span 8 = -1240.7376,   702.0683       
# span 9 = 1.2348e-01, 1.2396e-01       
# span 10 =    -0.5789,    59.4844      
# span 11 =     -0.650,     10.340      
# span 12 =     -0.942,     14.997      
# span 13 =     8.4733,    27.4052      
# span 14 =   996.4219,   999.9502      
# span 15 = 0.0000e+00, 0.0000e+00      
# interval = seconds: 0.25
# start_time = Jul 24 2019 21:22:57 [Instrument's time stamp, header]
# bad_flag = -9.990e-29
*END*
     -0.662 -3.695e-08     8.8009     96.122      0.184   0.164581    -0.1167      6.687 -1033.1689 1.2348e-01    -0.2127     -0.649     -0.941    19.6477   998.2820 0.0000e+00
     -0.662 -4.064e-07     8.8003     96.116      0.216   0.193366    -0.1064      6.683 -1059.0709 1.2363e-01    -0.1994     -0.648     -0.940    19.6472   998.2821 0.0000e+00
     -0.662      0.000     8.7981     96.091      0.199   0.178171    -0.1056      6.683 -1088.5214 1.2374e-01    -0.2166     -0.649     -0.941    19.6468   998.2822 0.0000e+00
     -0.662     -0.000     8.7942     96.047      0.191   0.170944    -0.1154      6.685 -1117.5404 1.2377e-01    -0.2568     -0.648     -0.940    19.6469   998.2822 0.0000e+00
     -0.662     -0.001     8.7922     96.022      0.190   0.169344    -0.1209      6.687 -1144.5064 1.2377e-01    -0.2596     -0.649     -0.941    19.6468   998.2822 0.0000e+00
     -0.662     -0.001     8.7928     96.025      0.178   0.158821    -0.1289      6.690 -1171.4183 1.2375e-01    -0.2508     -0.649     -0.942    19.6468   998.2822 0.0000e+00
     -0.662     -0.000     8.7932     96.025      0.190   0.170430    -0.1329      6.693 -1197.0293 1.2371e-01    -0.2811     -0.649     -0.941    19.6471   998.2821 0.0000e+00
     -0.662 -1.847e-08     8.7934     96.024      0.205   0.182995    -0.1259      6.692 -1218.9360 1.2364e-01    -0.3311     -0.649     -0.941    19.6469   998.2822 0.0000e+00
     -0.662 -2.032e-07     8.7950     96.038      0.206   0.184025    -0.1225      6.691 -1234.1835 1.2368e-01    -0.3966     -0.650     -0.942    19.6451   998.2825 0.0000e+00
     -0.662 -2.032e-07     8.7956     96.043      0.204   0.182882    -0.1272      6.692 -1240.0238 1.2381e-01    -0.4826     -0.649     -0.942    19.6430   998.2830 0.0000e+00
     -0.662 -1.802e-08     8.7960     96.043      0.189   0.169173    -0.1391      6.695 -1240.6797 1.2383e-01    -0.5195     -0.649     -0.941    19.6408   998.2834 0.0000e+00
     -0.662 3.3257e-09     8.7976     96.057      0.162   0.144983    -0.1453      6.696 -1240.7376 1.2381e-01    -0.4818     -0.649     -0.941    19.6392   998.2837 0.0000e+00
     -0.662 5.3378e-08     8.7984     96.063      0.161   0.143840    -0.1412      6.696 -1240.7235 1.2390e-01    -0.4521     -0.649     -0.941    19.6369   998.2842 0.0000e+00
     -0.662 5.8716e-07     8.7991     96.068      0.174   0.155353    -0.1335      6.697 -1240.5098 1.2396e-01    -0.4556     -0.649     -0.941    19.6358   998.2844 0.0000e+00
     -0.662      0.000     8.7989     96.064      0.176   0.157471    -0.1211      6.698 -1238.1535 1.2392e-01    -0.4586     -0.649     -0.941    19.6331   998.2849 0.0000e+00
     -0.662      0.000     8.7960     96.035      0.189   0.169442    -0.1121      6.702 -1212.2336 1.2382e-01    -0.4551     -0.648     -0.940    19.6333   998.2850 0.0000e+00
     -0.662      0.001     8.7877     96.002      0.194   0.173380    -0.1126      6.772  -927.1148 1.2373e-01    -0.4791     -0.649     -0.941    19.6289   998.2858 0.0000e+00
     -0.662      0.004     8.7312     95.962      0.158   0.141733    -0.1173      6.907  -380.5014 1.2370e-01    -0.5199     -0.649     -0.942    19.6323   998.2852 0.0000e+00
     -0.662      0.009     8.5656     95.921      0.244   0.230305    -0.1259      6.977   -16.0795 1.2369e-01    -0.5226     -0.649     -0.941    19.6234   998.2869 0.0000e+00
     -0.662      0.017     8.3272     95.876      0.885   0.864144    -0.1303      6.980   146.6925 1.2371e-01    -0.5111     -0.649     -0.941    19.6344   998.2849 0.0000e+00
     -0.659      0.027     8.1174     95.799      4.675   4.637498    -0.1269      7.016   466.7268 1.2377e-01    -0.5456     -0.648     -0.940    19.6116   998.2889 0.0000e+00
     -0.651      0.040     7.9768     95.739     13.355  13.340848    -0.1274      7.141   702.0683 1.2382e-01    -0.5789     -0.642     -0.931    19.6650   998.2792 0.0000e+00
     -0.636      0.057     7.8913     95.729     22.060  22.166097    -0.1275      7.357   497.1341 1.2383e-01    -0.5534     -0.625     -0.906    20.7053   998.0614 0.0000e+00
     -0.620      0.077     7.8382     95.708     26.176  26.441983    -0.1205      7.592   273.8294 1.2378e-01    -0.4995     -0.607     -0.880    22.4992   997.6624 0.0000e+00
     -0.603      0.094     7.8047     95.694     27.105  27.493083    -0.1200      7.775   252.0366 1.2375e-01    -0.4180     -0.596     -0.864    23.8185   997.3489 0.0000e+00
     -0.578      0.105     7.7829     95.702     27.232  27.706345    -0.1300      7.894   250.7611 1.2377e-01    -0.3227     -0.572     -0.829    24.6589   997.1421 0.0000e+00
     -0.542      0.109     7.7611     95.681     27.263  27.815211    -0.1297      7.966   253.2458 1.2380e-01    -0.2638     -0.532     -0.771    25.2092   997.0051 0.0000e+00
     -0.502      0.106     7.7380     95.663     27.284  27.921273    -0.1162      8.016   256.6973 1.2380e-01     0.0319     -0.489     -0.710    25.5151   996.9265 0.0000e+00
     -0.469      0.100     7.7164     95.669     27.313  28.037190    -0.0534      8.036   259.9705 1.2374e-01     3.3500     -0.455     -0.660    25.7363   996.8688 0.0000e+00
     -0.448      0.089     7.6960     95.668     27.273  28.074886     0.0579      8.018   261.6753 1.2371e-01     9.4426     -0.435     -0.631    25.8667   996.8344 0.0000e+00
     -0.436      0.074     7.6804     95.675     27.074  27.933054     0.1195      8.006   260.8758 1.2372e-01    12.8719     -0.428     -0.621    25.9976   996.7998 0.0000e+00
     -0.422      0.062     7.6711     95.710     26.759  27.654741     0.1629      8.051   258.3917 1.2373e-01    14.2694     -0.417     -0.605    26.1616   996.7562 0.0000e+00
     -0.404      0.055     7.6659     95.760     26.515  27.437992     0.5732      8.154   257.0223 1.2379e-01    26.1434     -0.394     -0.571    26.3227   996.7131 0.0000e+00
     -0.390      0.052     7.6694     95.827     26.416  27.342609     1.3179      8.266   256.6214 1.2386e-01    47.7993     -0.380     -0.550    26.4765   996.6717 0.0000e+00
     -0.381      0.050     7.6853     95.913     26.371  27.262795     1.7197      8.346   256.6416 1.2385e-01    59.4844     -0.375     -0.544    26.5954   996.6395 0.0000e+00
     -0.369      0.047     7.7050     95.998     26.329  27.170781     1.7554      8.387   256.9223 1.2381e-01    59.2456     -0.364     -0.528    26.6686   996.6196 0.0000e+00
     -0.354      0.045     7.7213     96.081     26.252  27.054751     1.7927      8.401   256.4878 1.2377e-01    44.6174     -0.345     -0.500    26.7531   996.5966 0.0000e+00
     -0.342      0.049     7.7342     96.167     26.161  26.938332     1.8494      8.409   255.7773 1.2372e-01    17.6057     -0.333     -0.482    26.7891   996.5869 0.0000e+00
     -0.334      0.056     7.7470     96.252     26.150  26.905091     1.8691      8.423   255.5588 1.2369e-01     2.8561     -0.328     -0.476    26.6910   996.6136 0.0000e+00
     -0.325      0.063     7.7682     96.367     26.195  26.906573     1.8579      8.435   255.5668 1.2371e-01     1.4675     -0.321     -0.466    26.5765   996.6447 0.0000e+00
     -0.310      0.068     7.7987     96.534     26.244  26.892737     1.8000      8.438   255.7015 1.2381e-01     1.3396     -0.307     -0.446    26.5119   996.6622 0.0000e+00
     -0.285      0.073     7.8286     96.725     26.331  26.928022     1.6987      8.435   256.3265 1.2387e-01     1.3758     -0.280     -0.406    26.4741   996.6725 0.0000e+00
     -0.259      0.078     7.8544     96.935     26.386  26.952463     1.6474      8.429   257.0150 1.2385e-01     1.3800     -0.251     -0.364    26.4564   996.6775 0.0000e+00
     -0.237      0.078     7.8772     97.164     26.321  26.870999     1.6388      8.419   257.5735 1.2384e-01     1.3573     -0.231     -0.335    26.3712   996.7005 0.0000e+00
     -0.219      0.074     7.8935     97.363     26.221  26.767759     1.6384      8.404   258.2613 1.2379e-01     1.3639     -0.215     -0.312    26.2147   996.7425 0.0000e+00
     -0.203      0.067     7.9033     97.528     26.224  26.782696     1.7200      8.383   258.9642 1.2375e-01     1.3943     -0.199     -0.288    26.1123   996.7701 0.0000e+00
     -0.186      0.058     7.9108     97.692     26.404  26.988185     1.8630      8.362   259.7047 1.2375e-01     1.3977     -0.181     -0.263    26.0579   996.7846 0.0000e+00
     -0.170      0.051     7.9144     97.824     26.731  27.349095     1.9280      8.346   260.5033 1.2372e-01     1.3712     -0.165     -0.240    26.0255   996.7933 0.0000e+00
     -0.158      0.043     7.9127     97.923     27.058  27.720582     1.9257      8.335   261.0489 1.2369e-01     1.3697     -0.153     -0.222    26.0264   996.7931 0.0000e+00
     -0.148      0.035     7.9200     98.192     27.268  27.990477     1.9043      8.326   261.5697 1.2366e-01     1.4112     -0.145     -0.210    26.0546   996.7856 0.0000e+00
     -0.141      0.026     7.9929     99.319     27.347  28.138138     1.8424      8.318   262.2404 1.2366e-01     1.4485     -0.138     -0.200    26.1001   996.7736 0.0000e+00
     -0.135      0.019     8.1280    101.199     27.322  28.173700     1.7920      8.311   262.6190 1.2368e-01     1.4272     -0.131     -0.190    26.1444   996.7619 0.0000e+00
     -0.131      0.013     8.1832    102.029     27.274  28.166761     1.7897      8.301   262.7916 1.2370e-01     1.3822     -0.128     -0.186    26.2045   996.7459 0.0000e+00
     -0.131      0.008     8.0770    100.801     27.259  28.181204     1.8491      8.291   263.0368 1.2375e-01     1.3632     -0.127     -0.185    26.3058   996.7189 0.0000e+00
     -0.131      0.003     7.8738     98.330     27.279  28.221484     1.9475      8.283   263.1744 1.2379e-01     1.3621     -0.129     -0.187    26.4468   996.6809 0.0000e+00
     -0.129     -0.001     7.6390     95.434     27.318  28.273145     1.9911      8.279   263.1646 1.2378e-01     1.3687     -0.127     -0.184    26.5673   996.6483 0.0000e+00
     -0.128     -0.004     7.3900     92.342     27.337  28.298281     1.9865      8.275   263.3487 1.2370e-01     1.3768     -0.123     -0.179    26.6384   996.6290 0.0000e+00
     -0.129     -0.005     7.1390     89.226     27.304  28.271636     2.0037      8.270   263.6792 1.2365e-01     1.3950     -0.125     -0.182    26.6891   996.6152 0.0000e+00
     -0.134     -0.005     6.8969     86.227     27.230  28.204771     2.0436      8.261   263.8918 1.2366e-01     1.4249     -0.132     -0.192    26.7274   996.6048 0.0000e+00
     -0.138     -0.004     6.6837     83.594     27.141  28.124281     2.0692      8.246   264.1122 1.2370e-01     1.4100     -0.137     -0.199    26.7455   996.5999 0.0000e+00
     -0.138     -0.003     6.5292     81.699     27.066  28.059807     2.0716      8.229   264.4506 1.2370e-01     1.3462     -0.135     -0.196    26.7511   996.5984 0.0000e+00
     -0.136      0.000     6.4300     80.504     27.049  28.059691     2.0543      8.210   264.7136 1.2368e-01     1.3089     -0.133     -0.193    26.7625   996.5953 0.0000e+00
     -0.136      0.001     6.3620     79.699     27.093  28.122904     2.0078      8.193   264.7981 1.2368e-01     1.3196     -0.133     -0.193    26.7829   996.5897 0.0000e+00
     -0.135      0.001     6.3090     79.071     27.144  28.189691     1.9506      8.178   264.9552 1.2366e-01     1.3456     -0.132     -0.190    26.8024   996.5843 0.0000e+00
     -0.134      0.000     6.2641     78.523     27.180  28.232781     1.9265      8.165   265.4091 1.2369e-01     1.3610     -0.130     -0.188    26.8271   996.5776 0.0000e+00
     -0.134     -0.000     6.2196     77.956     27.212  28.263226     1.9331      8.153   265.8977 1.2376e-01     1.3740     -0.132     -0.191    26.8620   996.5679 0.0000e+00
     -0.136     -0.000     6.1678     77.282     27.261  28.304014     1.9618      8.142   266.2164 1.2380e-01     1.3714     -0.134     -0.194    26.8962   996.5586 0.0000e+00
     -0.136     -0.001     6.1098     76.535     27.310  28.345262     2.0220      8.132   266.3370 1.2376e-01     1.3291     -0.134     -0.194    26.9244   996.5509 0.0000e+00
     -0.136     -0.001     6.0498     75.767     27.350  28.381261     2.0626      8.123   266.1518 1.2371e-01     1.3216     -0.133     -0.193    26.9386   996.5471 0.0000e+00
     -0.135     -0.001     5.9981     75.105     27.395  28.422046     2.0531      8.115   265.9566 1.2371e-01     1.3469     -0.132     -0.191    26.9276   996.5500 0.0000e+00
     -0.135     -0.001     5.9714     74.755     27.436  28.457694     2.0120      8.107   266.0406 1.2372e-01     1.3400     -0.132     -0.191    26.9051   996.5563 0.0000e+00
     -0.136     -0.001     5.9830     74.884     27.478  28.495040     1.9473      8.100   266.3072 1.2372e-01     1.3362     -0.133     -0.192    26.8879   996.5610 0.0000e+00
     -0.137     -0.001     6.0382     75.563     27.542  28.556353     1.9038      8.092   266.5997 1.2376e-01     1.3667     -0.135     -0.195    26.8779   996.5637 0.0000e+00
     -0.137     -0.001     6.1320     76.728     27.614  28.627997     1.8930      8.085   266.9961 1.2381e-01     1.3807     -0.134     -0.194    26.8697   996.5660 0.0000e+00
     -0.137     -0.001     6.2477     78.169     27.650  28.663360     1.8955      8.079   267.4863 1.2381e-01     1.3412     -0.133     -0.193    26.8570   996.5695 0.0000e+00
     -0.137     -0.000     6.3613     79.585     27.655  28.666700     1.9168      8.073   267.7943 1.2376e-01     1.3152     -0.134     -0.194    26.8422   996.5735 0.0000e+00
     -0.137     -0.000     6.4550     80.755     27.658  28.668376     1.9335      8.066   267.9671 1.2370e-01     1.3293     -0.134     -0.194    26.8330   996.5761 0.0000e+00
     -0.137     -0.001     6.5195     81.563     27.673  28.683618     1.9330      8.060   268.1983 1.2370e-01     1.3479     -0.135     -0.195    26.8287   996.5773 0.0000e+00
     -0.137     -0.001     6.5486     81.924     27.712  28.724100     1.9272      8.055   268.4392 1.2377e-01     1.3438     -0.134     -0.195    26.8244   996.5785 0.0000e+00
     -0.137     -0.001     6.5431     81.847     27.767  28.777167     1.9237      8.049   268.6428 1.2380e-01     1.3443     -0.134     -0.194    26.8202   996.5796 0.0000e+00
     -0.138     -0.001     6.5069     81.381     27.811  28.817664     1.9256      8.044   268.8533 1.2372e-01     1.3864     -0.135     -0.196    26.8185   996.5800 0.0000e+00
     -0.139     -0.000     6.4433     80.575     27.830  28.833047     1.9321      8.039   269.0060 1.2363e-01     1.4270     -0.136     -0.197    26.8194   996.5797 0.0000e+00
     -0.139      0.000     6.3594     79.527     27.833  28.836266     1.9425      8.034   269.1119 1.2365e-01     1.4097     -0.137     -0.199    26.8208   996.5795 0.0000e+00
     -0.138      0.000     6.2632     78.332     27.849  28.856586     1.9646      8.029   269.1865 1.2372e-01     1.3740     -0.136     -0.197    26.8150   996.5811 0.0000e+00
     -0.137      0.001     6.1609     77.063     27.876  28.888394     1.9915      8.024   269.0475 1.2373e-01     1.3891     -0.134     -0.194    26.8017   996.5847 0.0000e+00
     -0.137      0.001     6.0610     75.820     27.888  28.903620     1.9986      8.018   268.8950 1.2373e-01     1.3947     -0.134     -0.194    26.7927   996.5871 0.0000e+00
     -0.137      0.001     5.9741     74.737     27.896  28.913794     1.9902      8.012   268.9773 1.2376e-01     1.3765     -0.135     -0.195    26.7938   996.5869 0.0000e+00
     -0.137      0.001     5.9039     73.861     27.928  28.947968     1.9413      8.007   269.0968 1.2378e-01     1.3980     -0.135     -0.195    26.8019   996.5846 0.0000e+00
     -0.136      0.000     5.8547     73.243     27.979  28.999569     1.8583      8.002   269.1353 1.2379e-01     1.4252     -0.134     -0.194    26.8114   996.5820 0.0000e+00
     -0.136 1.5239e-08     5.8308     72.938     28.012  29.030117     1.8189      7.997   269.1839 1.2379e-01     1.4111     -0.133     -0.193    26.8168   996.5806 0.0000e+00
