Data/DataNotYetUploadedToEDI/Raw_CTD/RawDownloads/072419_bvr50_a.cnv
* Sea-Bird SBE19plus  Data File:
* FileName = C:\DATA\072419_bvr50_a_0001.hex
* Software version 2.8.0.119 SB_Terminal.dll
* Temperature SN = 7809
* Conductivity SN = 7809
* System UpLoad Time = Jul 24 2019 11:38:53
* <ApplicationData>
* <Seaterm232>
# nquan = 16
# nvalues = 957                         
# units = specified
# name 0 = depFM: Depth [fresh water, m]
# name 1 = dz/dtM: Descent Rate [m/s]
# name 2 = sbeox0Mg/L: Oxygen, SBE 43 [mg/l]
# name 3 = sbeox0PS: Oxygen, SBE 43 [% saturation]
# name 4 = specc: Specific Conductance [uS/cm]
# name 5 = c0uS/cm: Conductivity [uS/cm]
# name 6 = flECO-AFL: Fluorescence, WET Labs ECO-AFL/FL [mg/m^3]
# name 7 = ph: pH
# name 8 = orp: Oxidation Reduction Potential [mV]
# name 9 = par/sat/log: PAR/Logarithmic, Satlantic
# name 10 = turbWETntu0: Turbidity, WET Labs ECO [NTU]
# name 11 = prdM: Pressure, Strain Gauge [db]
# name 12 = prdE: Pressure, Strain Gauge [psi]
# name 13 = tv290C: Temperature [ITS-90, deg C]
# name 14 = density00: Density [density, kg/m^3]
# name 15 = flag:  0.000e+00
# span 0 =     -0.660,     10.052       
# span 1 =     -0.253,      0.282       
# span 2 =    -0.2013,     8.2681       
# span 3 =     -1.973,    102.051       
# span 4 =      1.316,    134.205       
# span 5 =   1.347131,  90.231195       
# span 6 =    -0.1349,    28.9255       
# span 7 =     -2.334,      8.544       
# span 8 = -1240.7455,   489.7942       
# span 9 = 1.2345e-01, 3.5328e+03       
# span 10 =    -2.0772,    64.6271      
# span 11 =     -0.649,      9.859      
# span 12 =     -0.940,     14.299      
# span 13 =     8.5903,    26.1699      
# span 14 =   996.7464,   999.9090      
# span 15 = 0.0000e+00, 0.0000e+00      
# interval = seconds: 0.25
# start_time = Jul 24 2019 11:30:30 [Instrument's time stamp, header]
# bad_flag = -9.990e-29
*END*
[from data line 724]
      5.657      0.034    -0.1669     -1.634     29.975  23.628209     1.4592      6.588   335.4530 1.4685e+01     2.0340      5.547      8.046    14.5434   999.2088 0.0000e+00
      5.663      0.031    -0.1193     -1.169     29.948  23.603453     1.4636      6.588   335.4039 1.4705e+01     2.0187      5.555      8.057    14.4881   999.2168 0.0000e+00
      5.667      0.031    -0.0693     -0.679     29.939  23.595238     1.4614      6.588   335.3605 1.4749e+01     2.0147      5.557      8.060    14.4492   999.2225 0.0000e+00
      5.672      0.035    -0.0237     -0.232     30.016  23.655756     1.4668      6.588   335.3580 1.4768e+01     1.9857      5.561      8.066    14.4204   999.2267 0.0000e+00
      5.680      0.043     0.0154      0.151     30.719  24.208305     1.4770      6.588   335.4596 1.4713e+01     1.9641      5.569      8.078    14.4060   999.2288 0.0000e+00
      5.693      0.053     0.0480      0.470     32.073  25.264557     1.4720      6.587   335.6428 1.4649e+01     1.9829      5.581      8.095    14.4025   999.2292 0.0000e+00
      5.708      0.064     0.0758      0.741     32.913  25.896237     1.4586      6.584   335.8528 1.4612e+01     2.0157      5.598      8.118    14.4018   999.2294 0.0000e+00
      5.727      0.074     0.1011      0.986     33.043  25.946179     1.4540      6.582   336.0202 1.4537e+01     2.0334      5.615      8.143    14.4031   999.2293 0.0000e+00
      5.748      0.079     0.1211      1.179     33.181  25.995220     1.4596      6.581   336.1174 1.4369e+01     2.0329      5.635      8.172    14.4024   999.2296 0.0000e+00
      5.772      0.081     0.1361      1.323     33.640  26.298798     1.4744      6.578   336.0816 1.4156e+01     2.0432      5.660      8.209    14.3965   999.2313 0.0000e+00
      5.796      0.081     0.1469      1.426     34.622  27.015529     1.5807      6.575   335.8455 1.4016e+01     2.0261      5.684      8.244    14.3516   999.2382 0.0000e+00
      5.817      0.081     0.1519      1.472     36.025  28.062939     1.7742      6.570   335.5850 1.3967e+01     1.9905      5.706      8.276    14.2596   999.2513 0.0000e+00
      5.834      0.080     0.1536      1.487     37.291  29.001847     1.8793      6.567   335.5131 1.3904e+01     2.0054      5.722      8.300    14.1650   999.2647 0.0000e+00
      5.851      0.079     0.1536      1.484     38.061  29.548404     1.9673      6.564   335.5788 1.3740e+01     2.0423      5.735      8.320    14.0822   999.2765 0.0000e+00
      5.871      0.080     0.1512      1.459     38.352  29.722090     2.9169      6.559   335.5198 1.3552e+01     2.1420      5.756      8.348    14.0098   999.2871 0.0000e+00
      5.894      0.084     0.1476      1.422     38.313  29.642411     4.6480      6.554   335.4014 1.3442e+01     2.3582      5.782      8.386    13.9478   999.2963 0.0000e+00
      5.915      0.089     0.1446      1.392     38.155  29.473293     5.5922      6.548   335.2661 1.3323e+01     2.5269      5.800      8.413    13.8859   999.3053 0.0000e+00
      5.936      0.091     0.1420      1.364     38.023  29.327013     5.8107      6.542   334.4006 1.3088e+01     2.5754      5.818      8.438    13.8140   999.3155 0.0000e+00
      5.963      0.090     0.1400      1.344     38.015  29.269637     7.3417      6.537   330.7868 1.2828e+01     2.7161      5.847      8.480    13.7456   999.3251 0.0000e+00
      5.991      0.088     0.1399      1.340     38.114  29.287116    10.1285      6.533   323.8359 1.2632e+01     2.9495      5.877      8.524    13.6798   999.3341 0.0000e+00
      6.014      0.088     0.1395      1.334     38.434  29.474831    11.6489      6.528   316.0063 1.2510e+01     3.0703      5.900      8.556    13.6169   999.3427 0.0000e+00
      6.031      0.087     0.1398      1.335     38.964  29.826004    11.8003      6.523   307.7037 1.2405e+01     3.1282      5.915      8.579    13.5666   999.3493 0.0000e+00
      6.049      0.086     0.1418      1.352     39.154  29.916244    11.9416      6.520   298.7349 1.2198e+01     3.2235      5.929      8.600    13.4989   999.3584 0.0000e+00
      6.071      0.086     0.1440      1.371     38.828  29.614071    12.1785      6.517   291.4538 1.1934e+01     3.3051      5.951      8.633    13.4138   999.3698 0.0000e+00
      6.096      0.087     0.1463      1.390     38.287  29.154675    12.3058      6.513   286.6924 1.1711e+01     3.3284      5.979      8.673    13.3397   999.3797 0.0000e+00
      6.121      0.087     0.1494      1.419     37.718  28.676393    12.3104      6.509   283.1527 1.1481e+01     3.3410      6.003      8.706    13.2741   999.3887 0.0000e+00
      6.144      0.086     0.1524      1.444     37.422  28.399580    12.2781      6.507   279.8875 1.1214e+01     3.3269      6.025      8.738    13.1994   999.3986 0.0000e+00
      6.165      0.084     0.1537      1.454     37.593  28.472578    11.9678      6.504   276.5532 1.0972e+01     3.2558      6.048      8.772    13.1264   999.4078 0.0000e+00
      6.183      0.083     0.1532      1.447     38.016  28.734108    11.4020      6.500   273.0379 1.0793e+01     3.1690      6.064      8.796    13.0698   999.4150 0.0000e+00
      6.201      0.086     0.1513      1.427     38.476  29.023672    11.0900      6.496   269.7346 1.0621e+01     3.0966      6.079      8.817    13.0147   999.4219 0.0000e+00
      6.222      0.092     0.1504      1.416     38.932  29.308692    11.0384      6.492   267.1570 1.0363e+01     3.0695      6.101      8.848    12.9452   999.4305 0.0000e+00
      6.246      0.098     0.1498      1.407     39.458  29.642143    10.7781      6.489   265.1034 1.0041e+01     2.9721      6.125      8.883    12.8665   999.4406 0.0000e+00
      6.274      0.103     0.1477      1.385     40.122  30.073077    10.2921      6.486   263.0597 9.7153e+00     2.7714      6.150      8.921    12.7896   999.4506 0.0000e+00
      6.304      0.107     0.1452      1.359     40.729  30.457967    10.0091      6.481   261.1169 9.3796e+00     2.6424      6.181      8.965    12.7140   999.4601 0.0000e+00
      6.334      0.107     0.1444      1.349     41.111  30.678833     9.9054      6.478   259.5955 9.0323e+00     2.5919      6.213      9.010    12.6400   999.4695 0.0000e+00
      6.362      0.103     0.1440      1.344     41.400  30.839805     9.0474      6.476   258.3448 8.7150e+00     2.4552      6.240      9.050    12.5625   999.4792 0.0000e+00
      6.388      0.096     0.1425      1.328     41.685  31.008160     7.4632      6.476   257.0082 8.4403e+00     2.2019      6.265      9.087    12.4759   999.4901 0.0000e+00
      6.413      0.088     0.1420      1.323     41.894  31.127935     6.5916      6.475   255.6513 8.2113e+00     2.0533      6.290      9.124    12.3874   999.5010 0.0000e+00
      6.434      0.080     0.1426      1.327     42.121  31.272640     6.4411      6.472   254.4139 8.0322e+00     2.0679      6.311      9.154    12.3037   999.5111 0.0000e+00
      6.452      0.074     0.1420      1.321     42.589  31.615510     5.6522      6.468   253.1465 7.8712e+00     1.9846      6.328      9.177    12.2373   999.5190 0.0000e+00
      6.468      0.070     0.1420      1.321     43.246  32.100583     4.2234      6.466   251.9428 7.7176e+00     1.7676      6.343      9.200    12.1891   999.5249 0.0000e+00
      6.484      0.068     0.1420      1.321     43.836  32.505043     3.4446      6.464   250.6145 7.5720e+00     1.6403      6.359      9.223    12.1441   999.5303 0.0000e+00
      6.500      0.067     0.1402      1.302     44.264  32.761580     3.3627      6.462   248.5298 7.4219e+00     1.6242      6.374      9.245    12.1075   999.5346 0.0000e+00
      6.519      0.066     0.1392      1.290     44.649  32.981105     3.2862      6.459   245.9230 7.2734e+00     1.6377      6.393      9.270    12.1101   999.5345 0.0000e+00
      6.538      0.065     0.1385      1.282     45.099  33.255327     3.1776      6.456   243.4461 7.1487e+00     1.6406      6.412      9.299    12.1291   999.5328 0.0000e+00
      6.555      0.065     0.1350      1.249     45.724  33.665490     3.1254      6.452   241.2096 7.0362e+00     1.6261      6.427      9.323    12.0871   999.5378 0.0000e+00
      6.570      0.066     0.1304      1.204     46.845  34.449710     3.1227      6.448   239.2733 6.9101e+00     1.6270      6.442      9.344    12.0033   999.5476 0.0000e+00
      6.584      0.070     0.1279      1.179     48.409  35.565354     3.0926      6.445   237.5864 6.7987e+00     1.6190      6.458      9.365    11.9286   999.5563 0.0000e+00
      6.599      0.075     0.1274      1.174     49.722  36.491647     2.7796      6.440   235.9559 6.7083e+00     1.5949      6.471      9.385    11.8644   999.5638 0.0000e+00
      6.616      0.081     0.1279      1.177     50.675  37.144130     2.2251      6.434   234.0995 6.5838e+00     1.5975      6.486      9.407    11.8069   999.5703 0.0000e+00
      6.640      0.089     0.1269      1.167     52.000  38.059010     1.9285      6.428   231.7473 6.4153e+00     1.6170      6.510      9.441    11.7638   999.5756 0.0000e+00
      6.668      0.097     0.1249      1.147     54.051  39.491493     1.8983      6.421   229.1111 6.2568e+00     1.6016      6.540      9.485    11.7350   999.5798 0.0000e+00
      6.695      0.104     0.1256      1.152     56.313  41.069289     1.8504      6.413   226.0580 6.1075e+00     1.6402      6.566      9.523    11.6956   999.5847 0.0000e+00
      6.721      0.111     0.1278      1.170     58.077  42.280140     1.7658      6.403   222.4515 5.9368e+00     1.7563      6.590      9.557    11.6482   999.5902 0.0000e+00
      6.748      0.116     0.1295      1.185     59.295  43.084447     1.7159      6.392   218.9742 5.7734e+00     1.7928      6.617      9.597    11.5992   999.5961 0.0000e+00
      6.777      0.120     0.1304      1.190     59.980  43.492207     1.7069      6.380   215.3324 5.6288e+00     1.7866      6.645      9.638    11.5320   999.6043 0.0000e+00
      6.810      0.122     0.1296      1.180     60.069  43.463991     1.6922      6.370   210.7699 5.4888e+00     1.8777      6.676      9.683    11.4614   999.6129 0.0000e+00
      6.845      0.121     0.1300      1.181     60.164  43.441669     1.6594      6.362   205.8821 5.3459e+00     2.0097      6.713      9.737    11.4014   999.6201 0.0000e+00
      6.880      0.116     0.1317      1.195     60.497  43.603196     1.6399      6.354   201.4914 5.2039e+00     2.0718      6.748      9.788    11.3311   999.6281 0.0000e+00
      6.911      0.107     0.1324      1.200     60.804  43.765996     1.6478      6.346   197.7772 5.0887e+00     2.0718      6.780      9.833    11.2523   999.6369 0.0000e+00
      6.936      0.095     0.1304      1.181     61.023  43.886085     1.6589      6.341   194.4424 4.9963e+00     2.0420      6.803      9.867    11.1761   999.6447 0.0000e+00
      6.957      0.083     0.1256      1.137     61.183  43.975685     1.6615      6.336   191.1982 4.9079e+00     2.0072      6.823      9.896    11.0969   999.6531 0.0000e+00
      6.975      0.074     0.1227      1.111     61.389  44.087340     1.6533      6.331   187.8912 4.8191e+00     2.0115      6.842      9.924    11.0280   999.6604 0.0000e+00
      6.990      0.072     0.1234      1.116     61.570  44.156577     1.6465      6.326   184.5724 4.7332e+00     2.0612      6.855      9.943    10.9801   999.6653 0.0000e+00
      7.005      0.079     0.1241      1.120     61.795  44.241272     1.6821      6.318   181.7007 4.6637e+00     2.1487      6.870      9.964    10.9503   999.6686 0.0000e+00
      7.020      0.093     0.1242      1.119     62.425  44.603295     1.7458      6.309   179.2387 4.6032e+00     2.2507      6.884      9.984    10.9388   999.6697 0.0000e+00
      7.039      0.106     0.1252      1.126     63.265  45.104664     1.7663      6.304   176.4874 4.4929e+00     2.2773      6.897     10.004    10.9152   999.6723 0.0000e+00
      7.070      0.116     0.1272      1.142     63.838  45.413602     1.7573      6.300   172.9564 4.3114e+00     2.2414      6.928     10.049    10.8606   999.6780 0.0000e+00
      7.115      0.121     0.1292      1.158     64.141  45.544451     1.7499      6.293   169.1536 4.1317e+00     2.2434      6.980     10.123    10.7962   999.6845 0.0000e+00
      7.158      0.125     0.1301      1.165     64.670  45.861120     1.6764      6.287   165.6990 3.9981e+00     2.2689      7.027     10.193    10.7275   999.6918 0.0000e+00
      7.188      0.127     0.1284      1.149     66.270  46.956180     1.5454      6.282   162.4190 3.8926e+00     2.2541      7.053     10.229    10.6463   999.7002 0.0000e+00
      7.208      0.128     0.1228      1.099     68.781  48.686949     1.4749      6.276   159.4373 3.7946e+00     2.1951      7.067     10.250    10.5624   999.7084 0.0000e+00
      7.232      0.131     0.1182      1.056     71.048  50.211375     1.4571      6.270   156.7498 3.6779e+00     2.1453      7.088     10.281    10.4933   999.7152 0.0000e+00
      7.267      0.137     0.1197      1.067     72.722  51.287577     1.3819      6.264   154.1873 3.5416e+00     2.1108      7.123     10.331    10.4476   999.7197 0.0000e+00
      7.309      0.146     0.1215      1.082     74.497  52.425301     1.2506      6.256   152.0295 3.3915e+00     2.0743      7.167     10.395    10.4278   999.7224 0.0000e+00
      7.353      0.152     0.1200      1.066     76.977  54.057624     1.1706      6.248   150.1050 3.2243e+00     2.0637      7.212     10.460    10.4022   999.7261 0.0000e+00
      7.397      0.152     0.1189      1.055     79.128  55.459226     1.1515      6.242   148.0405 3.0582e+00     2.0482      7.254     10.522    10.3413   999.7328 0.0000e+00
      7.437      0.146     0.1192      1.056     79.908  55.903255     1.0885      6.235   145.9100 2.9036e+00     1.9530      7.295     10.580    10.2621   999.7408 0.0000e+00
      7.473      0.137     0.1194      1.056     80.525  56.249621     0.9729      6.229   144.0481 2.7729e+00     1.8300      7.330     10.631    10.1832   999.7485 0.0000e+00
      7.504      0.129     0.1199      1.059     81.947  57.169012     0.9060      6.223   142.5639 2.6776e+00     1.7735      7.360     10.675    10.1106   999.7563 0.0000e+00
      7.533      0.123     0.1193      1.053     83.622  58.251080     0.9040      6.217   141.1289 2.5804e+00     1.7617      7.388     10.715    10.0426   999.7635 0.0000e+00
      7.562      0.119     0.1167      1.029     85.256  59.293188     0.8968      6.211   139.6039 2.4683e+00     1.6877      7.414     10.754     9.9714   999.7698 0.0000e+00
      7.592      0.116     0.1166      1.027     86.927  60.364277     0.8629      6.206   138.1489 2.3709e+00     1.5657      7.444     10.797     9.9204   999.7746 0.0000e+00
      7.623      0.114     0.1196      1.052     88.461  61.351421     0.8403      6.202   136.7018 2.2847e+00     1.5332      7.476     10.844     9.8857   999.7784 0.0000e+00
      7.654      0.112     0.1210      1.063     89.690  62.140725     0.8404      6.199   135.0978 2.2053e+00     1.5572      7.506     10.888     9.8305   999.7839 0.0000e+00
      7.682      0.109     0.1202      1.055     90.609  62.726004     0.8301      6.196   133.3823 2.1430e+00     1.5607      7.534     10.927     9.7696   999.7898 0.0000e+00
      7.709      0.107     0.1193      1.047     91.478  63.279869     0.8111      6.192   131.7909 2.0878e+00     1.5744      7.560     10.964     9.7173   999.7949 0.0000e+00
      7.734      0.105     0.1182      1.036     92.416  63.879822     0.8014      6.188   130.3974 2.0194e+00     1.5921      7.584     11.000     9.6716   999.7994 0.0000e+00
      7.759      0.101     0.1168      1.024     92.943  64.195946     0.7907      6.185   128.9224 1.9424e+00     1.5781      7.608     11.035     9.6372   999.8029 0.0000e+00
