Data/DataNotYetUploadedToEDI/Raw_CTD/RawDownloads/072419_bvr50_b.cnv
* Sea-Bird SBE19plus  Data File:
* FileName = C:\DATA\MSN2_CTD_CASTS_072419\072419_bvr50_b_0002.hex
* Software version 2.8.0.119 SB_Terminal.dll
* Temperature SN = 7809
* Conductivity SN = 7809
* System UpLoad Time = Jul 24 2019 18:33:01
* <ApplicationData>
* <Seaterm232>
# nquan = 16
# nvalues = 1064                        
# units = specified
# name 0 = depFM: Depth [fresh water, m]
# name 1 = dz/dtM: Descent Rate [m/s]
# name 2 = sbeox0Mg/L: Oxygen, SBE 43 [mg/l]
# name 3 = sbeox0PS: Oxygen, SBE 43 [% saturation]
# name 4 = specc: Specific Conductance [uS/cm]
# name 5 = c0uS/cm: Conductivity [uS/cm]
# name 6 = flECO-AFL: Fluorescence, WET Labs ECO-AFL/FL [mg/m^3]
# name 7 = ph: pH
# name 8 = orp: Oxidation Reduction Potential [mV]
# name 9 = par/sat/log: PAR/Logarithmic, Satlantic
# name 10 = turbWETntu0: Turbidity, WET Labs ECO [NTU]
# name 11 = prdM: Pressure, Strain Gauge [db]
# name 12 = prdE: Pressure, Strain Gauge [psi]
# name 13 = tv290C: Temperature [ITS-90, deg C]
# name 14 = density00: Density [density, kg/m^3]
# name 15 = flag:  0.000e+00
# span 0 =     -0.676,     10.568       
# span 1 =     -0.027,      0.144       
# span 2 =    -0.1936,     8.1674       
# span 3 =     -1.924,    104.410       
# span 4 =      0.656,    291.403       
# span 5 =   0.703640, 195.121890       
# span 6 =    -0.5384,    26.3282       
# span 7 =      0.333,      8.381       
# span 8 = -1240.7455,   604.0399       
# span 9 = 1.2345e-01, 1.0176e+03       
# span 10 =    -4.1264,    17.1984      
# span 11 =     -0.664,     10.364      
# span 12 =     -0.963,     15.031      
# span 13 =     8.4615,    28.5982      
# span 14 =   996.0704,   999.9889      
# span 15 = 0.0000e+00, 0.0000e+00      
# interval = seconds: 0.25
# start_time = Jul 24 2019 18:21:38 [Instrument's time stamp, header]
# bad_flag = -9.990e-29
*END*
[from data line 904]
      8.701      0.039     0.0807      0.698    108.251  73.526603     0.5454      6.193    48.3168 1.2360e-01     1.7400      8.532     12.375     8.9841   999.8656 0.0000e+00
      8.712      0.039     0.0808      0.699    107.648  73.148148     0.5387      6.194    47.7676 1.2361e-01     1.7286      8.543     12.390     8.9684   999.8667 0.0000e+00
      8.725      0.038     0.0798      0.690    107.290  72.949299     0.5270      6.195    47.1662 1.2358e-01     1.7462      8.557     12.410     8.9600   999.8675 0.0000e+00
      8.736      0.036     0.0789      0.683    107.164  72.902915     0.5168      6.196    46.8100 1.2356e-01     1.7891      8.568     12.426     8.9537   999.8681 0.0000e+00
      8.744      0.033     0.0791      0.685    107.124  72.905313     0.5099      6.197    46.4716 1.2356e-01     1.7891      8.575     12.436     8.9532   999.8679 0.0000e+00
      8.750      0.029     0.0784      0.680    107.186  72.978326     0.5048      6.197    46.0864 1.2359e-01     1.7456      8.581     12.446     8.9715   999.8663 0.0000e+00
      8.756      0.025     0.0783      0.679    107.388  73.149835     0.4984      6.197    45.7667 1.2359e-01     1.7221      8.587     12.454     8.9955   999.8644 0.0000e+00
      8.762      0.023     0.0793      0.687    107.518  73.262112     0.4935      6.197    45.5314 1.2356e-01     1.7343      8.593     12.463     9.0150   999.8630 0.0000e+00
      8.768      0.021     0.0791      0.685    107.592  73.318433     0.4970      6.197    45.3058 1.2356e-01     1.7620      8.599     12.472     9.0257   999.8622 0.0000e+00
      8.773      0.020     0.0784      0.679    107.890  73.512857     0.4978      6.198    45.0179 1.2354e-01     1.7292      8.604     12.480     9.0388   999.8612 0.0000e+00
      8.777      0.021     0.0781      0.676    108.580  73.959486     0.4939      6.200    44.6309 1.2353e-01     1.6332      8.607     12.483     9.0593   999.8599 0.0000e+00
      8.781      0.022     0.0763      0.661    109.378  74.457855     0.4929      6.201    44.2411 1.2353e-01     1.5514      8.611     12.489     9.0710   999.8590 0.0000e+00
      8.786      0.025     0.0754      0.652    109.830  74.705443     0.4950      6.200    43.9176 1.2358e-01     1.5264      8.616     12.497     9.0718   999.8589 0.0000e+00
      8.792      0.030     0.0770      0.666    109.935  74.727189     0.5021      6.200    43.5600 1.2363e-01     1.5283      8.621     12.504     9.0679   999.8593 0.0000e+00
      8.801      0.035     0.0771      0.667    109.959  74.720729     0.5270      6.200    43.2727 1.2360e-01     1.6060      8.631     12.516     9.0596   999.8603 0.0000e+00
      8.811      0.040     0.0746      0.645    110.198  74.881698     0.5616      6.199    43.0247 1.2358e-01     1.7454      8.642     12.534     9.0387   999.8623 0.0000e+00
      8.822      0.044     0.0733      0.634    110.684  75.210737     0.5742      6.199    42.5405 1.2362e-01     1.7714      8.651     12.547     9.0052   999.8649 0.0000e+00
      8.834      0.046     0.0747      0.645    111.074  75.455695     0.5662      6.199    41.9788 1.2367e-01     1.7571      8.661     12.563     8.9792   999.8669 0.0000e+00
      8.847      0.047     0.0761      0.658    111.182  75.490353     0.5432      6.198    41.5672 1.2367e-01     1.7695      8.676     12.583     8.9710   999.8676 0.0000e+00
      8.860      0.047     0.0785      0.678    111.168  75.438953     0.5131      6.198    41.2634 1.2359e-01     1.7569      8.689     12.602     8.9735   999.8676 0.0000e+00
      8.873      0.048     0.0808      0.698    111.169  75.406560     0.5055      6.198    40.9730 1.2357e-01     1.7686      8.702     12.622     8.9772   999.8675 0.0000e+00
      8.884      0.048     0.0799      0.690    111.210  75.416648     0.5116      6.198    40.5512 1.2360e-01     1.8125      8.714     12.638     8.9679   999.8685 0.0000e+00
      8.895      0.049     0.0784      0.678    111.335  75.497305     0.5087      6.198    40.0350 1.2358e-01     1.8286      8.722     12.651     8.9466   999.8701 0.0000e+00
      8.907      0.051     0.0803      0.693    111.528  75.618597     0.5055      6.197    39.6363 1.2356e-01     1.7992      8.734     12.668     8.9268   999.8716 0.0000e+00
      8.920      0.052     0.0834      0.719    111.739  75.738401     0.4990      6.197    39.4297 1.2356e-01     1.7522      8.748     12.688     8.9105   999.8730 0.0000e+00
      8.935      0.052     0.0829      0.715    111.967  75.864651     0.4905      6.198    39.2584 1.2359e-01     1.7197      8.760     12.707     8.9017   999.8736 0.0000e+00
      8.950      0.051     0.0796      0.686    112.207  76.000271     0.4978      6.198    39.0279 1.2359e-01     1.7342      8.776     12.729     8.9049   999.8735 0.0000e+00
      8.965      0.049     0.0775      0.668    112.394  76.106162     0.5103      6.198    38.7936 1.2354e-01     1.7632      8.793     12.753     8.9027   999.8738 0.0000e+00
      8.977      0.046     0.0775      0.668    112.538  76.190948     0.5110      6.199    38.5771 1.2357e-01     1.7430      8.804     12.769     8.8892   999.8748 0.0000e+00
      8.987      0.041     0.0779      0.671    112.653  76.262208     0.5070      6.199    38.3886 1.2363e-01     1.6867      8.813     12.782     8.8755   999.8760 0.0000e+00
      8.996      0.036     0.0760      0.656    112.670  76.268143     0.5040      6.199    38.2348 1.2362e-01     1.6717      8.822     12.796     8.8633   999.8771 0.0000e+00
      9.005      0.031     0.0740      0.638    112.667  76.262699     0.5005      6.199    38.0081 1.2357e-01     1.7259      8.832     12.810     8.8533   999.8779 0.0000e+00
      9.013      0.029     0.0738      0.637    112.756  76.323582     0.4996      6.199    37.6256 1.2353e-01     1.7846      8.839     12.820     8.8480   999.8783 0.0000e+00
      9.018      0.028     0.0733      0.632    112.822  76.368281     0.5016      6.200    37.3109 1.2353e-01     1.7918      8.843     12.827     8.8464   999.8785 0.0000e+00
      9.023      0.027     0.0716      0.617    112.908  76.421548     0.4992      6.200    37.1289 1.2358e-01     1.7807      8.847     12.833     8.8438   999.8788 0.0000e+00
      9.030      0.027     0.0692      0.596    113.255  76.649617     0.4966      6.200    36.8878 1.2356e-01     1.7803      8.855     12.843     8.8407   999.8790 0.0000e+00
      9.039      0.029     0.0701      0.605    113.734  76.963385     0.5048      6.201    36.6319 1.2353e-01     1.7876      8.866     12.858     8.8427   999.8790 0.0000e+00
      9.045      0.032     0.0745      0.643    114.052  77.162391     0.5123      6.201    36.4434 1.2353e-01     1.8033      8.872     12.866     8.8441   999.8789 0.0000e+00
      9.051      0.034     0.0770      0.663    114.250  77.274894     0.5083      6.202    36.2445 1.2353e-01     1.8058      8.875     12.872     8.8403   999.8792 0.0000e+00
      9.061      0.035     0.0785      0.676    114.515  77.433178     0.4999      6.202    35.9476 1.2357e-01     1.7859      8.885     12.886     8.8376   999.8796 0.0000e+00
      9.072      0.037     0.0800      0.689    114.903  77.676880     0.4972      6.203    35.6070 1.2363e-01     1.7914      8.898     12.905     8.8341   999.8801 0.0000e+00
      9.083      0.039     0.0803      0.692    115.304  77.931691     0.5025      6.203    35.3958 1.2364e-01     1.8079      8.908     12.920     8.8260   999.8808 0.0000e+00
      9.092      0.039     0.0795      0.685    115.573  78.097079     0.5034      6.203    35.2865 1.2364e-01     1.7875      8.916     12.931     8.8161   999.8816 0.0000e+00
      9.102      0.038     0.0771      0.664    115.768  78.213629     0.4987      6.203    35.1455 1.2370e-01     1.7746      8.925     12.945     8.8067   999.8824 0.0000e+00
      9.112      0.038     0.0747      0.643    116.043  78.386770     0.4982      6.204    34.8962 1.2372e-01     1.7836      8.937     12.962     8.7987   999.8832 0.0000e+00
      9.122      0.039     0.0734      0.631    116.469  78.663931     0.4964      6.205    34.4227 1.2367e-01     1.7650      8.947     12.976     8.7921   999.8839 0.0000e+00
      9.130      0.042     0.0717      0.617    117.109  79.084058     0.4949      6.205    33.8097 1.2370e-01     1.7463      8.954     12.986     8.7852   999.8845 0.0000e+00
      9.139      0.047     0.0715      0.615    117.966  79.649960     0.4969      6.205    33.3337 1.2375e-01     1.8196      8.961     12.997     8.7779   999.8851 0.0000e+00
      9.149      0.052     0.0739      0.636    118.937  80.290150     0.4948      6.204    33.0562 1.2374e-01     1.9297      8.971     13.012     8.7725   999.8856 0.0000e+00
      9.164      0.057     0.0759      0.653    119.785  80.845004     0.4956      6.204    32.6917 1.2370e-01     1.9647      8.985     13.032     8.7682   999.8862 0.0000e+00
      9.182      0.061     0.0771      0.663    120.441  81.269545     0.4991      6.204    32.1097 1.2365e-01     1.9473      9.005     13.060     8.7631   999.8869 0.0000e+00
      9.202      0.065     0.0778      0.669    121.058  81.669923     0.5110      6.204    31.5258 1.2360e-01     1.9487      9.025     13.090     8.7578   999.8877 0.0000e+00
      9.220      0.066     0.0766      0.658    121.751  82.123391     0.5440      6.204    30.9658 1.2353e-01     1.9816      9.042     13.115     8.7517   999.8886 0.0000e+00
      9.235      0.065     0.0742      0.638    123.255  83.126146     0.5683      6.203    30.3286 1.2348e-01     2.0176      9.056     13.135     8.7439   999.8895 0.0000e+00
      9.250      0.064     0.0727      0.625    126.065  85.014257     0.5699      6.202    29.7591 1.2345e-01     2.0554      9.070     13.155     8.7359   999.8903 0.0000e+00
      9.266      0.062     0.0734      0.630    128.454  86.628097     0.5811      6.201    29.4142 1.2345e-01     2.0787      9.087     13.179     8.7292   999.8911 0.0000e+00
      9.283      0.061     0.0743      0.639    128.681  86.795417     0.6088      6.201    29.1698 1.2350e-01     2.0700      9.104     13.204     8.7235   999.8917 0.0000e+00
      9.299      0.060     0.0736      0.633    127.598  86.082946     0.6271      6.201    28.7832 1.2356e-01     2.0490      9.119     13.227     8.7187   999.8926 0.0000e+00
      9.315      0.056     0.0743      0.639    126.746  85.522297     0.6282      6.200    28.3535 1.2360e-01     2.0209      9.134     13.249     8.7149   999.8943 0.0000e+00
      9.330      0.051     0.0775      0.666    126.496  85.361685     0.6052      6.200    28.1042 1.2363e-01     2.0245      9.150     13.271     8.7158   999.8954 0.0000e+00
      9.343      0.046     0.0790      0.678    126.380  85.286345     0.5574      6.200    27.8337 1.2363e-01     2.0602      9.163     13.290     8.7227   999.8948 0.0000e+00
      9.354      0.042     0.0783      0.673    125.849  84.929508     0.5179      6.200    27.4062 1.2365e-01     2.0587      9.173     13.305     8.7309   999.8937 0.0000e+00
      9.362      0.040     0.0778      0.668    125.374  84.610333     0.5007      6.199    26.8930 1.2366e-01     2.0069      9.182     13.318     8.7366   999.8930 0.0000e+00
      9.369      0.043     0.0770      0.662    125.847  84.926723     0.5052      6.199    26.3607 1.2364e-01     1.9579      9.187     13.324     8.7395   999.8928 0.0000e+00
      9.377      0.051     0.0760      0.653    127.024  85.700826     0.5295      6.199    26.0466 1.2359e-01     1.9583      9.194     13.335     8.7402   999.8929 0.0000e+00
      9.389      0.062     0.0742      0.638    128.034  86.334460     0.5518      6.198    25.9347 1.2354e-01     1.9786      9.206     13.353     8.7406   999.8927 0.0000e+00
      9.405      0.071     0.0725      0.623    128.434  86.543009     0.5663      6.196    25.9545 1.2354e-01     2.0076      9.220     13.372     8.7410   999.8923 0.0000e+00
      9.427      0.075     0.0737      0.633    128.452  86.504258     0.5668      6.195    25.9417 1.2357e-01     2.0135      9.241     13.403     8.7425   999.8926 0.0000e+00
      9.457      0.073     0.0760      0.652    128.484  86.502198     0.5398      6.195    25.6937 1.2357e-01     1.9188      9.275     13.452     8.7372   999.8937 0.0000e+00
      9.484      0.067     0.0751      0.644    128.693  86.645339     0.5089      6.195    25.4507 1.2356e-01     1.8123      9.306     13.497     8.7156   999.8958 0.0000e+00
      9.499      0.058     0.0733      0.629    128.967  86.835047     0.4972      6.194    25.0689 1.2353e-01     1.7757      9.320     13.518     8.6878   999.8979 0.0000e+00
      9.504      0.048     0.0740      0.635    129.152  86.950578     0.4937      6.194    24.3461 1.2353e-01     1.7710      9.321     13.517     8.6656   999.8994 0.0000e+00
      9.508      0.039     0.0742      0.637    129.377  87.087709     0.4923      6.195    23.6806 1.2357e-01     1.7884      9.323     13.522     8.6553   999.9001 0.0000e+00
      9.517      0.035     0.0739      0.635    129.687  87.284024     0.4976      6.197    23.3031 1.2359e-01     1.7896      9.334     13.537     8.6615   999.8998 0.0000e+00
      9.527      0.037     0.0753      0.646    129.998  87.478781     0.5051      6.197    23.0512 1.2355e-01     1.7849      9.344     13.551     8.6671   999.8996 0.0000e+00
      9.537      0.044     0.0761      0.653    130.202  87.597057     0.5139      6.197    22.7872 1.2350e-01     1.7966      9.351     13.563     8.6601   999.9002 0.0000e+00
      9.547      0.051     0.0759      0.651    130.286  87.632267     0.5605      6.197    22.5200 1.2353e-01     1.8004      9.362     13.578     8.6541   999.9007 0.0000e+00
      9.560      0.057     0.0754      0.647    130.526  87.777215     0.6350      6.198    22.3158 1.2360e-01     1.7975      9.375     13.596     8.6499   999.9012 0.0000e+00
      9.576      0.061     0.0747      0.640    130.899  88.013223     0.6698      6.199    22.1250 1.2364e-01     1.7616      9.390     13.619     8.6448   999.9018 0.0000e+00
      9.596      0.064     0.0746      0.639    131.193  88.194886     0.6688      6.199    21.7615 1.2365e-01     1.7273      9.409     13.648     8.6374   999.9025 0.0000e+00
      9.616      0.066     0.0753      0.645    131.590  88.446362     0.6401      6.199    21.2763 1.2367e-01     1.7432      9.431     13.678     8.6276   999.9032 0.0000e+00
      9.633      0.066     0.0765      0.656    132.175  88.826437     0.5919      6.199    20.8178 1.2362e-01     1.7567      9.447     13.702     8.6221   999.9038 0.0000e+00
      9.647      0.065     0.0768      0.659    132.790  89.226535     0.5715      6.199    20.4347 1.2351e-01     1.7595      9.459     13.721     8.6169   999.9044 0.0000e+00
      9.662      0.063     0.0751      0.644    133.448  89.656392     0.5753      6.199    20.0859 1.2351e-01     1.7772      9.474     13.742     8.6104   999.9050 0.0000e+00
      9.679      0.061     0.0736      0.631    134.093  90.077991     0.5597      6.199    19.6116 1.2358e-01     1.8407      9.491     13.765     8.6047   999.9056 0.0000e+00
      9.696      0.060     0.0740      0.634    134.463  90.314541     0.5214      6.199    19.0881 1.2356e-01     1.9363      9.509     13.792     8.5995   999.9063 0.0000e+00
      9.712      0.057     0.0738      0.632    134.535  90.352591     0.5019      6.200    18.6609 1.2354e-01     1.9835      9.524     13.815     8.5947   999.9069 0.0000e+00
      9.726      0.052     0.0733      0.628    134.539  90.347116     0.5065      6.201    18.3179 1.2359e-01     1.9860      9.538     13.834     8.5903   999.9075 0.0000e+00
      9.740      0.048     0.0745      0.638    134.687  90.439258     0.5249      6.201    18.0380 1.2358e-01     1.9985      9.553     13.854     8.5859   999.9082 0.0000e+00
      9.751      0.046     0.0735      0.629    135.088  90.702931     0.5504      6.202    17.8578 1.2356e-01     2.0364      9.564     13.870     8.5811   999.9087 0.0000e+00
