Data/DataNotYetUploadedToEDI/Raw_CTD/RawDownloads/072423_bvr50_S7809008.cnv
* Sea-Bird SBE19plus  Data File:
* FileName = C:\R\Reservoirs\Data\DataNotYetUploadedToEDI\Raw_CTD\RawDownloads\073123_fcr50_S7809_0008.hex
* Software version 2.8.0.119
* Temperature SN = 7809
* Conductivity SN = 7809
* System UpLoad Time = Aug 03 2023 12:39:20
* <ApplicationData>
* <Seaterm232>
# nquan = 15
# nvalues = 1171                        
# units = specified
# name 0 = depFM: Depth [fresh water, m]
# name 1 = dz/dtM: Descent Rate [m/s]
# name 2 = sbeox0Mg/L: Oxygen, SBE 43 [mg/l]
# name 3 = sbeox0PS: Oxygen, SBE 43 [% saturation]
# name 4 = specc: Specific Conductance [uS/cm]
# name 5 = c0uS/cm: Conductivity [uS/cm]
# name 6 = flECO-AFL: Fluorescence, WET Labs ECO-AFL/FL [mg/m^3]
# name 7 = ph: pH
# name 8 = orp: Oxidation Reduction Potential [mV]
# name 9 = par/sat/log: PAR/Logarithmic, Satlantic
# name 10 = turbWETntu0: Turbidity, WET Labs ECO [NTU]
# name 11 = prdM: Pressure, Strain Gauge [db]
# name 12 = prdE: Pressure, Strain Gauge [psi]
# name 13 = tv290C: Temperature [ITS-90, deg C]
# name 14 = flag:  0.000e+00
# span 0 =     -0.698,      9.436       
# span 1 =     -0.280,      0.201       
# span 2 =     5.4199,    10.6743       
# span 3 =     62.069,    137.572       
# span 4 =     -0.044,     38.785       
# span 5 =  -0.048732,  43.111130       
# span 6 =    -0.0902,    47.3905       
# span 7 =      6.687,      9.163       
# span 8 =   -38.4573,   279.3114       
# span 9 = 1.2336e-01, 4.4029e+02       
# span 10 =     1.3296,    12.1971      
# span 11 =     -0.687,      9.254      
# span 12 =     -0.996,     13.422      
# span 13 =    15.0448,    31.7775      
# span 14 = 0.0000e+00, 0.0000e+00      
# interval = seconds: 0.25
# start_time = Jul 24 2023 09:59:33 [Instrument's time stamp, header]
# bad_flag = -9.990e-29
*END*
     -0.488      0.150     7.0925     98.665      0.021   0.023572     0.5157      8.874   256.9991 4.4029e+02    12.1971     -0.497     -0.721    31.7775 0.0000e+00
     -0.430      0.184     7.0856     99.310      0.007   0.008497     0.5333      9.045   257.0440 4.2712e+02    12.1516     -0.426     -0.619    31.7764 0.0000e+00
     -0.350      0.201     7.1468     99.964      0.007   0.008258     0.6677      9.122   254.8986 3.7314e+02     9.5401     -0.340     -0.494    31.7751 0.0000e+00
     -0.275      0.198     7.1967    100.487      0.018   0.020686     0.9171      9.154   252.1397 3.0161e+02     4.7726     -0.264     -0.383    31.7748 0.0000e+00
     -0.216      0.174     7.2291    100.823      0.028   0.032086     1.0438      9.163   251.3914 2.3735e+02     2.1264     -0.203     -0.294    31.7750 0.0000e+00
     -0.181      0.136     7.2823    100.968      0.017   0.019428     1.0515      9.155   252.2174 2.0187e+02     1.8670     -0.171     -0.247    31.7752 0.0000e+00
     -0.164      0.094     7.3337    100.933     -0.005  -0.005686     1.0590      9.138   252.4905 1.9496e+02     1.8754     -0.160     -0.231    31.7748 0.0000e+00
     -0.154      0.059     7.3738    100.791     -0.016  -0.018230     1.0518      9.120   252.1121 1.8796e+02     1.8864     -0.152     -0.221    31.7737 0.0000e+00
     -0.144      0.034     7.3976    100.605     -0.005  -0.005573     1.0226      9.102   251.7724 1.7694e+02     1.8633     -0.140     -0.203    31.7722 0.0000e+00
     -0.137      0.021     7.4096    100.396      0.018   0.020684     1.0144      9.084   247.6084 1.7557e+02     1.8689     -0.131     -0.191    31.7704 0.0000e+00
     -0.137      0.017     7.4042    100.209      0.041   0.045904     1.0350      9.063   243.4953 1.8402e+02     1.8864     -0.133     -0.193    31.7685 0.0000e+00
     -0.139      0.018     7.3925    100.084      0.041   0.046007     1.0560      9.042   247.6414 1.8960e+02     1.8353     -0.138     -0.200    31.7662 0.0000e+00
     -0.138      0.021     7.3796    100.026      0.019   0.021929     1.0686      9.024   247.4054 1.8744e+02     1.7639     -0.138     -0.200    31.7638 0.0000e+00
     -0.130      0.028     7.3624    100.025      0.007   0.008121     1.0708      9.005   242.5352 1.8188e+02     1.7749     -0.128     -0.186    31.7612 0.0000e+00
     -0.119      0.037     7.3481    100.071      0.005   0.005733     1.0743      8.981   246.7469 1.7610e+02     1.8310     -0.116     -0.170    31.7585 0.0000e+00
     -0.108      0.044     7.3394    100.152     -0.006  -0.006942     1.1026      8.957   251.5233 1.7095e+02     1.8278     -0.106     -0.155    31.7556 0.0000e+00
     -0.095      0.047     7.3357    100.249     -0.016  -0.018468     1.1466      8.932   251.5022 1.6432e+02     1.8042     -0.092     -0.135    31.7522 0.0000e+00
     -0.081      0.047     7.3365    100.342     -0.006  -0.006954     1.1811      8.901   251.7397 1.5586e+02     1.8522     -0.080     -0.116    31.7490 0.0000e+00
     -0.066      0.044     7.3402    100.423      0.005   0.005599     1.2034      8.866   252.3301 1.4948e+02     1.8964     -0.065     -0.094    31.7457 0.0000e+00
     -0.054      0.037     7.3475    100.474      0.006   0.006637     1.2253      8.843   252.2736 1.4501e+02     1.8605     -0.051     -0.074    31.7423 0.0000e+00
     -0.045      0.028     7.3560    100.479      0.005   0.005597     1.2714      8.829   252.1758 1.4073e+02     1.8623     -0.044     -0.063    31.7386 0.0000e+00
     -0.039      0.021     7.3629    100.443     -0.006  -0.006965     1.3196      8.811   252.9539 1.3966e+02     1.9519     -0.037     -0.053    31.7349 0.0000e+00
     -0.037      0.015     7.3696    100.398     -0.016  -0.018584     1.3254      8.785   253.6796 1.4186e+02     1.9533     -0.033     -0.048    31.7310 0.0000e+00
     -0.038      0.009     7.3748    100.361     -0.007  -0.008220     1.3088      8.755   252.4316 1.4256e+02     1.8454     -0.039     -0.055    31.7267 0.0000e+00
     -0.037      0.002     7.3755    100.311     -0.007  -0.008322     1.3013      8.730   239.9304 1.3876e+02     1.8088     -0.039     -0.057    31.7226 0.0000e+00
     -0.032     -0.007     7.3722    100.214     -0.017  -0.019827     1.2931      8.710   229.3506 1.3366e+02     1.8520     -0.030     -0.044    31.7182 0.0000e+00
     -0.029     -0.017     7.3693    100.044     -0.018  -0.020657     1.2762      8.696   241.8701 1.3420e+02     1.8558     -0.024     -0.036    31.7135 0.0000e+00
     -0.034     -0.027     7.3677     99.844     -0.016  -0.018355     1.2634      8.686   255.2741 1.4181e+02     1.7865     -0.032     -0.046    31.7088 0.0000e+00
     -0.047     -0.034     7.3651     99.666      0.007   0.008007     1.2630      8.679   256.5066 1.5190e+02     1.7650     -0.046     -0.066    31.7040 0.0000e+00
     -0.062     -0.037     7.3610     99.506      0.039   0.044751     1.2717      8.672   256.0842 1.6154e+02     1.8352     -0.060     -0.088    31.6993 0.0000e+00
     -0.078     -0.034     7.3466     99.379      0.040   0.045902     1.2687      8.664   254.4692 1.6506e+02     1.8495     -0.077     -0.112    31.6939 0.0000e+00
     -0.090     -0.025     7.3308     99.307      0.019   0.021919     1.2507      8.655   252.4672 1.6024e+02     1.8015     -0.091     -0.134    31.6882 0.0000e+00
     -0.095     -0.014     7.3194     99.281      0.007   0.008120     1.2462      8.645   252.9568 1.5585e+02     1.8354     -0.095     -0.138    31.6832 0.0000e+00
     -0.092     -0.001     7.3075     99.302      0.005   0.005733     1.2554      8.626   253.9363 1.5313e+02     1.8839     -0.090     -0.130    31.6779 0.0000e+00
     -0.087      0.010     7.2977     99.379     -0.006  -0.006942     1.2545      8.590   246.9300 1.5154e+02     1.8407     -0.084     -0.121    31.6726 0.0000e+00
     -0.084      0.015     7.2941     99.486     -0.016  -0.018467     1.2440      8.544   228.5590 1.5385e+02     1.8252     -0.082     -0.119    31.6677 0.0000e+00
     -0.079      0.013     7.2927     99.583     -0.006  -0.006942     1.2605      8.510   221.8747 1.5371e+02     1.8677     -0.079     -0.115    31.6622 0.0000e+00
     -0.071      0.004     7.2940     99.626      0.005   0.005734     1.2966      8.502   238.9000 1.4990e+02     1.8426     -0.071     -0.103    31.6571 0.0000e+00
     -0.065     -0.006     7.3017     99.611      0.007   0.008122     1.3058      8.501   254.1575 1.4811e+02     1.7612     -0.060     -0.087    31.6522 0.0000e+00
     -0.066     -0.016     7.3109     99.545      0.019   0.021942     1.3044      8.485   257.1600 1.4818e+02     1.7715     -0.060     -0.088    31.6468 0.0000e+00
     -0.078     -0.026     7.3206     99.425      0.041   0.046152     1.3044      8.460   257.0481 1.5208e+02     1.8296     -0.075     -0.109    31.6411 0.0000e+00
     -0.094     -0.038     7.3236     99.257      0.042   0.047502     1.2819      8.445   256.6763 1.6019e+02     1.8493     -0.095     -0.137    31.6359 0.0000e+00
     -0.104     -0.050     7.3229     99.036      0.034   0.038271     1.2394      8.438   255.9345 1.6722e+02     1.8733     -0.105     -0.152    31.6304 0.0000e+00
     -0.111     -0.055     7.3197     98.792      0.054   0.061208     1.2070      8.433   255.0486 1.7875e+02     1.8806     -0.105     -0.153    31.6244 0.0000e+00
     -0.123     -0.055     7.3103     98.581      0.063   0.071489     1.1990      8.423   254.8272 2.0595e+02     1.8689     -0.115     -0.166    31.6189 0.0000e+00
     -0.145     -0.052     7.3000     98.421      0.032   0.035906     1.1915      8.405   254.9782 2.3977e+02     1.8345     -0.143     -0.206    31.6131 0.0000e+00
     -0.168     -0.051     7.2834     98.296      0.010   0.010989     1.1750      8.385   254.3792 2.5333e+02     1.8059     -0.171     -0.247    31.6065 0.0000e+00
     -0.180     -0.050     7.2641     98.183      0.020   0.023560     1.1750      8.369   253.6069 2.4795e+02     1.8648     -0.181     -0.262    31.6000 0.0000e+00
     -0.183     -0.045     7.2493     98.083      0.054   0.061230     1.1901      8.355   253.6418 2.5215e+02     1.9317     -0.178     -0.259    31.5940 0.0000e+00
     -0.188     -0.036     7.2385     98.018      0.076   0.086440     1.1759      8.337   254.5437 2.7245e+02     1.8976     -0.180     -0.261    31.5881 0.0000e+00
     -0.201     -0.027     7.2313     98.002      0.066   0.075037     1.1449      8.307   255.8208 2.9308e+02     1.8631     -0.197     -0.286    31.5820 0.0000e+00
     -0.216     -0.020     7.2234     98.020      0.044   0.050025     1.1483      8.266   256.4363 3.0529e+02     1.8896     -0.217     -0.314    31.5759 0.0000e+00
     -0.222     -0.015     7.2161     98.060      0.033   0.037368     1.1581      8.226   256.0482 3.2044e+02     1.8762     -0.222     -0.321    31.5697 0.0000e+00
     -0.220     -0.010     7.2113     98.108      0.043   0.048677     1.1556      8.198   255.4297 3.4196e+02     1.8379     -0.217     -0.315    31.5636 0.0000e+00
     -0.216     -0.005     7.2120     98.133      0.053   0.060088     1.1756      8.183   255.2401 3.5531e+02     1.8712     -0.211     -0.306    31.5577 0.0000e+00
     -0.213     -0.005     7.2137     98.120      0.043   0.048666     1.2087      8.179   255.3906 3.6001e+02     1.9029     -0.208     -0.301    31.5516 0.0000e+00
     -0.214     -0.009     7.2181     98.084      0.033   0.037245     1.2152      8.182   255.6998 3.6332e+02     1.8453     -0.208     -0.302    31.5456 0.0000e+00
     -0.219     -0.013     7.2230     98.033      0.043   0.048666     1.1950      8.181   256.2262 3.6458e+02     1.7890     -0.213     -0.309    31.5394 0.0000e+00
     -0.227     -0.016     7.2266     97.980      0.053   0.060087     1.1816      8.171   256.6791 3.6313e+02     1.8034     -0.222     -0.323    31.5332 0.0000e+00
     -0.234     -0.016     7.2252     97.934      0.043   0.048667     1.1864      8.159   253.8620 3.6166e+02     1.8487     -0.232     -0.336    31.5270 0.0000e+00
     -0.239     -0.014     7.2236     97.908      0.033   0.037255     1.1949      8.148   246.1700 3.6190e+02     1.8592     -0.236     -0.342    31.5204 0.0000e+00
     -0.240     -0.009     7.2206     97.913      0.043   0.048780     1.1929      8.138   243.5209 3.6198e+02     1.8273     -0.236     -0.342    31.5139 0.0000e+00
     -0.240     -0.005     7.2160     97.889      0.054   0.061344     1.1873      8.128   250.2244 3.6011e+02     1.8044     -0.235     -0.341    31.5073 0.0000e+00
     -0.241     -0.003     7.2157     97.899      0.055   0.062486     1.1928      8.118   255.4642 3.5780e+02     1.8215     -0.236     -0.343    31.5008 0.0000e+00
     -0.241     -0.002     7.2097     97.942      0.055   0.062589     1.1938      8.111   256.1985 3.5776e+02     1.8287     -0.237     -0.344    31.4944 0.0000e+00
     -0.241     -0.002     7.2183     97.917      0.055   0.062599     1.1819      8.106   256.4352 3.5999e+02     1.7895     -0.235     -0.342    31.4879 0.0000e+00
     -0.242     -0.002     7.2117     97.894      0.055   0.062599     1.1823      8.104   256.7774 3.6207e+02     1.7914     -0.236     -0.341    31.4813 0.0000e+00
     -0.244     -0.001     7.2118     97.907      0.055   0.062590     1.1902      8.100   257.4964 3.6255e+02     1.8512     -0.238     -0.346    31.4749 0.0000e+00
     -0.246      0.001     7.2248     97.923      0.055   0.062486     1.1860      8.091   258.5896 3.6160e+02     1.8640     -0.241     -0.351    31.4685 0.0000e+00
     -0.246      0.004     7.2159     97.989      0.054   0.061343     1.1821      8.077   259.2402 3.5971e+02     1.8433     -0.243     -0.352    31.4617 0.0000e+00
     -0.244      0.008     7.2158     98.082      0.043   0.048770     1.2015      8.061   259.1682 3.5743e+02     1.8398     -0.239     -0.347    31.4550 0.0000e+00
     -0.239      0.012     7.2201     98.082      0.033   0.037140     1.2286      8.043   259.1812 3.5488e+02     1.8222     -0.235     -0.341    31.4485 0.0000e+00
     -0.235      0.016     7.2192     98.075      0.042   0.047400     1.2346      8.023   259.6561 3.5188e+02     1.8015     -0.230     -0.333    31.4420 0.0000e+00
     -0.231      0.020     7.2235     98.176      0.041   0.046144     1.2405      7.999   260.1776 3.4774e+02     1.7950     -0.227     -0.329    31.4357 0.0000e+00
     -0.227      0.023     7.2398     98.301      0.019   0.021951     1.2419      7.973   260.7547 3.4199e+02     1.8113     -0.223     -0.325    31.4292 0.0000e+00
     -0.221      0.025     7.2354     98.390      0.007   0.008236     1.2184      7.948   261.4713 3.3467e+02     1.8280     -0.217     -0.315    31.4224 0.0000e+00
     -0.213      0.027     7.2294     98.467      0.006   0.006991     1.1979      7.922   261.4423 3.2623e+02     1.8255     -0.209     -0.303    31.4158 0.0000e+00
     -0.204      0.027     7.2445     98.534      0.006   0.006887     1.2028      7.897   256.1878 3.1687e+02     1.8499     -0.200     -0.291    31.4090 0.0000e+00
     -0.197      0.026     7.2550     98.600      0.006   0.006981     1.2106      7.873   246.5520 2.9348e+02     1.8504     -0.193     -0.280    31.4023 0.0000e+00
     -0.190      0.024     7.2608     98.678      0.007   0.008132     1.2256      7.849   245.1729 2.5681e+02     1.7964     -0.186     -0.270    31.3958 0.0000e+00
     -0.185      0.022     7.2679     98.734      0.019   0.020798     1.2751      7.829   253.2798 2.3540e+02     1.8123     -0.180     -0.262    31.3892 0.0000e+00
     -0.181      0.019     7.2735     98.761      0.030   0.033455     1.3178      7.818   259.3918 2.2925e+02     1.9060     -0.177     -0.256    31.3826 0.0000e+00
     -0.177      0.017     7.2778     98.782      0.031   0.034501     1.3253      7.815   261.1690 2.2274e+02     1.9395     -0.174     -0.252    31.3759 0.0000e+00
     -0.172      0.014     7.2865     98.801      0.030   0.033445     1.3164      7.816   261.5175 2.1870e+02     1.8742     -0.169     -0.246    31.3694 0.0000e+00
     -0.167      0.011     7.2915     98.810      0.018   0.020685     1.3109      7.821   261.5405 2.1759e+02     1.8338     -0.163     -0.237    31.3629 0.0000e+00
     -0.163      0.009     7.2930     98.817      0.006   0.006886     1.3163      7.826   261.7050 2.1731e+02     1.8610     -0.160     -0.232    31.3562 0.0000e+00
     -0.162      0.007     7.2957     98.813     -0.006  -0.006724     1.3156      7.827   262.1302 2.1543e+02     1.8617     -0.158     -0.230    31.3493 0.0000e+00
     -0.163      0.007     7.2985     98.804     -0.015  -0.017202     1.3113      7.824   262.8967 2.1167e+02     1.8420     -0.159     -0.231    31.3428 0.0000e+00
     -0.163      0.008     7.2990     98.819      0.007   0.006866     1.3135      7.822   263.0564 2.1277e+02     1.8620     -0.161     -0.233    31.3361 0.0000e+00
     -0.162      0.010     7.3012     98.862      0.028   0.030943     1.3176      7.821   258.8133 2.1579e+02     1.8991     -0.160     -0.232    31.3292 0.0000e+00
     -0.159      0.011     7.3017     98.915      0.018   0.020570     1.3275      7.817   254.1824 2.1337e+02     1.8804     -0.156     -0.227    31.3229 0.0000e+00
     -0.153      0.011     7.3009     98.952      0.007   0.008111     1.3423      7.812   254.9884 2.0826e+02     1.8071     -0.149     -0.217    31.3160 0.0000e+00
     -0.147      0.009     7.3028     98.966      0.006   0.006979     1.3636      7.807   256.6852 2.0511e+02     1.7989     -0.143     -0.208    31.3089 0.0000e+00
     -0.145      0.006     7.3069     98.959      0.006   0.006876     1.3849      7.800   259.0395 2.0455e+02     1.8485     -0.141     -0.205    31.3023 0.0000e+00
     -0.145      0.002     7.3131     98.939      0.006   0.006866     1.3830      7.790   261.3418 2.0642e+02     1.8264     -0.141     -0.204    31.2957 0.0000e+00
     -0.146     -0.002     7.3162     98.917      0.006   0.006865     1.3742      7.782   257.2474 2.1017e+02     1.8055     -0.143     -0.207    31.2888 0.0000e+00
