Data/DataNotYetUploadedToEDI/Raw_CTD/RawDownloads/072419_bvr50_b.cnv
* Sea-Bird SBE19plus  Data File:
* FileName = C:\DATA\MSN2_CTD_CASTS_072419\072419_bvr50_b_0002.hex
* Software version 2.8.0.119 SB_Terminal.dll
* Temperature SN = 7809
* Conductivity SN = 7809
* System UpLoad Time = Jul 24 2019 18:33:01
* <ApplicationData>
* <Seaterm232>
# nquan = 16
# nvalues = 1064                        
# units = specified
# name 0 = depFM: Depth [fresh water, m]
# name 1 = dz/dtM: Descent Rate [m/s]
# name 2 = sbeox0Mg/L: Oxygen, SBE 43 [mg/l]
# name 3 = sbeox0PS: Oxygen, SBE 43 [% saturation]
# name 4 = specc: Specific Conductance [uS/cm]
# name 5 = c0uS/cm: Conductivity [uS/cm]
# name 6 = flECO-AFL: Fluorescence, WET Labs ECO-AFL/FL [mg/m^3]
# name 7 = ph: pH
# name 8 = orp: Oxidation Reduction Potential [mV]
# name 9 = par/sat/log: PAR/Logarithmic, Satlantic
# name 10 = turbWETntu0: Turbidity, WET Labs ECO [NTU]
# name 11 = prdM: Pressure, Strain Gauge [db]
# name 12 = prdE: Pressure, Strain Gauge [psi]
# name 13 = tv290C: Temperature [ITS-90, deg C]
# name 14 = density00: Density [density, kg/m^3]
# name 15 = flag:  0.000e+00
# span 0 =     -0.676,     10.568       
# span 1 =     -0.027,      0.144       
# span 2 =    -0.1936,     8.1674       
# span 3 =     -1.924,    104.410       
# span 4 =      0.656,    291.403       
# span 5 =   0.703640, 195.121890       
# span 6 =    -0.5384,    26.3282       
# span 7 =      0.333,      8.381       
# span 8 = -1240.7455,   604.0399       
# span 9 = 1.2345e-01, 1.0176e+03       
# span 10 =    -4.1264,    17.1984      
# span 11 =     -0.664,     10.364      
# span 12 =     -0.963,     15.031      
# span 13 =     8.4615,    28.5982      
# span 14 =   996.0704,   999.9889      
# span 15 = 0.0000e+00, 0.0000e+00      
# interval = seconds: 0.25
# start_time = Jul 24 2019 18:21:38 [Instrument's time stamp, header]
# bad_flag = -9.990e-29
*END*
[from data line 724]
      6.065      0.048     0.1235      1.177     36.123  27.577238    20.0069      6.591   350.3531 1.7384e+00     3.7637      5.947      8.625    13.2212   999.3941 0.0000e+00
      6.073      0.042     0.1203      1.146     36.267  27.656791    19.9154      6.591   348.8922 1.7343e+00     3.7498      5.955      8.637    13.2027   999.3967 0.0000e+00
      6.080      0.039     0.1193      1.136     36.166  27.551551    18.8789      6.591   347.1940 1.7242e+00     3.6562      5.962      8.647    13.1961   999.3976 0.0000e+00
      6.089      0.039     0.1211      1.152     35.956  27.383335    16.9777      6.590   343.4141 1.7085e+00     3.5492      5.970      8.659    13.2013   999.3969 0.0000e+00
      6.101      0.041     0.1226      1.166     35.796  27.272494    15.9318      6.589   337.1759 1.6872e+00     3.5381      5.983      8.677    13.1776   999.4001 0.0000e+00
      6.113      0.044     0.1221      1.162     35.807  27.289974    15.7788      6.587   328.2954 1.6591e+00     3.5544      5.996      8.696    13.1236   999.4071 0.0000e+00
      6.123      0.047     0.1209      1.150     36.233  27.594698    15.1973      6.584   317.3482 1.6275e+00     3.4853      6.005      8.709    13.0772   999.4130 0.0000e+00
      6.134      0.052     0.1202      1.141     37.057  28.165217    14.1460      6.582   308.4909 1.6018e+00     3.3575      6.014      8.723    13.0610   999.4151 0.0000e+00
      6.146      0.057     0.1203      1.140     37.823  28.668083    13.5759      6.580   303.1983 1.5776e+00     3.2874      6.027      8.741    13.0920   999.4111 0.0000e+00
      6.161      0.061     0.1192      1.128     38.256  28.916091    13.6271      6.576   298.2682 1.5456e+00     3.2924      6.040      8.760    13.1216   999.4073 0.0000e+00
      6.180      0.063     0.1172      1.106     38.546  29.069929    14.7656      6.574   291.1272 1.5068e+00     3.1892      6.058      8.787    13.0959   999.4109 0.0000e+00
      6.200      0.065     0.1171      1.103     38.945  29.322490    16.8502      6.572   283.2789 1.4727e+00     2.9562      6.082      8.822    13.0139   999.4218 0.0000e+00
      6.218      0.065     0.1196      1.125     39.401  29.622023    17.9802      6.569   277.8855 1.4514e+00     2.8352      6.101      8.848    12.8946   999.4372 0.0000e+00
      6.231      0.064     0.1220      1.146     39.754  29.836167    18.0507      6.565   274.4426 1.4280e+00     2.8405      6.111      8.863    12.7806   999.4516 0.0000e+00
      6.244      0.061     0.1223      1.147     39.971  29.944586    17.7471      6.562   270.8180 1.3917e+00     2.8567      6.122      8.879    12.6965   999.4621 0.0000e+00
      6.262      0.059     0.1223      1.145     40.083  29.981040    17.1788      6.559   266.6692 1.3610e+00     2.8668      6.141      8.907    12.6404   999.4691 0.0000e+00
      6.279      0.059     0.1218      1.140     40.188  30.023063    16.8573      6.556   262.6533 1.3379e+00     2.8644      6.161      8.935    12.5937   999.4751 0.0000e+00
      6.292      0.059     0.1192      1.115     40.292  30.071913    16.6780      6.552   259.4314 1.3046e+00     2.8606      6.171      8.949    12.5258   999.4835 0.0000e+00
      6.306      0.058     0.1167      1.090     40.312  30.064023    15.0631      6.549   257.1399 1.2646e+00     2.7880      6.182      8.966    12.4498   999.4927 0.0000e+00
      6.322      0.055     0.1155      1.078     40.328  30.054549    12.1223      6.547   255.4235 1.2358e+00     2.6423      6.201      8.993    12.3920   999.4998 0.0000e+00
      6.337      0.054     0.1126      1.051     40.400  30.084250    10.5208      6.545   253.8206 1.2202e+00     2.5418      6.216      9.016    12.3464   999.5053 0.0000e+00
      6.350      0.054     0.1101      1.026     40.546  30.169287    10.3608      6.542   251.8703 1.2019e+00     2.4901      6.227      9.032    12.3103   999.5096 0.0000e+00
      6.362      0.058     0.1096      1.021     40.868  30.384693    10.2480      6.537   249.6537 1.1850e+00     2.4425      6.239      9.049    12.2869   999.5125 0.0000e+00
      6.374      0.064     0.1098      1.022     41.279  30.658119     9.2700      6.531   247.6688 1.1710e+00     2.2611      6.251      9.068    12.2620   999.5154 0.0000e+00
      6.387      0.070     0.1110      1.032     41.540  30.810099     7.4829      6.526   246.0250 1.1280e+00     1.9677      6.262      9.083    12.2296   999.5193 0.0000e+00
      6.406      0.074     0.1124      1.044     41.624  30.826180     6.5004      6.521   244.0616 1.0621e+00     1.8456      6.279      9.106    12.2006   999.5228 0.0000e+00
      6.432      0.074     0.1124      1.043     41.711  30.852505     6.3725      6.517   240.9653 1.0099e+00     1.8335      6.308      9.149    12.1755   999.5260 0.0000e+00
      6.461      0.072     0.1106      1.025     42.034  31.064889     5.9539      6.514   237.1521 9.8076e-01     1.7554      6.340      9.195    12.1389   999.5306 0.0000e+00
      6.481      0.069     0.1079      1.000     42.808  31.617265     5.1936      6.513   233.7493 9.6992e-01     1.6554      6.359      9.223    12.0840   999.5371 0.0000e+00
      6.491      0.064     0.1058      0.980     44.230  32.644898     4.7660      6.511   230.9688 9.5817e-01     1.5744      6.367      9.235    12.0235   999.5441 0.0000e+00
      6.499      0.059     0.1054      0.975     45.992  33.907165     4.7026      6.509   228.3987 9.4019e-01     1.5309      6.372      9.241    11.9743   999.5497 0.0000e+00
      6.512      0.056     0.1065      0.983     47.396  34.884450     4.5745      6.506   225.8197 9.2302e-01     1.5227      6.383      9.258    11.9451   999.5532 0.0000e+00
      6.530      0.056     0.1073      0.988     48.513  35.639196     4.3533      6.503   223.1887 8.9637e-01     1.5408      6.404      9.289    11.9285   999.5554 0.0000e+00
      6.549      0.058     0.1078      0.992     49.934  36.622109     4.2298      6.501   220.5060 8.6694e-01     1.5859      6.424      9.317    11.9074   999.5584 0.0000e+00
      6.564      0.062     0.1089      1.002     51.459  37.691893     4.2253      6.498   217.8190 8.4815e-01     1.6089      6.437      9.337    11.8680   999.5636 0.0000e+00
      6.576      0.065     0.1103      1.014     52.594  38.481084     4.3165      6.495   215.2206 8.3097e-01     1.5898      6.448      9.353    11.8043   999.5713 0.0000e+00
      6.589      0.067     0.1120      1.029     53.688  39.244912     4.4920      6.490   212.5785 8.1246e-01     1.5834      6.459      9.368    11.7260   999.5803 0.0000e+00
      6.606      0.070     0.1129      1.037     54.511  39.817160     4.5946      6.484   209.9647 7.9496e-01     1.5973      6.476      9.393    11.6624   999.5878 0.0000e+00
      6.628      0.072     0.1106      1.015     54.458  39.750012     4.5776      6.477   207.5361 7.7599e-01     1.5938      6.500      9.428    11.6206   999.5932 0.0000e+00
      6.650      0.072     0.1073      0.983     53.833  39.258338     4.2086      6.470   205.0678 7.5279e-01     1.6063      6.522      9.460    11.5798   999.5980 0.0000e+00
      6.671      0.070     0.1063      0.974     52.939  38.570129     3.5228      6.464   202.7489 7.3324e-01     1.6838      6.542      9.489    11.5430   999.6025 0.0000e+00
      6.689      0.065     0.1060      0.971     52.159  37.967547     3.1526      6.457   201.0090 7.2149e-01     1.7768      6.562      9.519    11.5195   999.6056 0.0000e+00
      6.703      0.059     0.1049      0.960     51.728  37.622327     3.1225      6.451   199.6037 7.0810e-01     1.8138      6.576      9.537    11.4965   999.6080 0.0000e+00
      6.713      0.052     0.1029      0.942     51.418  37.379573     3.1072      6.446   197.8886 6.9345e-01     1.8024      6.582      9.545    11.4604   999.6117 0.0000e+00
      6.726      0.045     0.1003      0.917     51.137  37.190662     3.0193      6.441   195.5011 6.7138e-01     1.7375      6.594      9.563    11.4251   999.6152 0.0000e+00
      6.741      0.039     0.0983      0.899     50.974  37.115594     2.8580      6.437   192.6764 6.4731e-01     1.6512      6.612      9.589    11.3939   999.6182 0.0000e+00
      6.752      0.035     0.0977      0.894     50.993  37.170222     2.7603      6.433   189.8918 6.4795e-01     1.6113      6.624      9.608    11.3587   999.6219 0.0000e+00
      6.758      0.032     0.0977      0.895     51.218  37.343400     2.7314      6.429   187.3008 6.6278e-01     1.5831      6.628      9.614    11.3323   999.6247 0.0000e+00
      6.762      0.028     0.0972      0.890     51.642  37.622550     2.6041      6.426   185.0088 6.6196e-01     1.6051      6.630      9.617    11.3488   999.6228 0.0000e+00
      6.767      0.027     0.0970      0.887     52.231  38.006261     2.3822      6.424   183.0008 6.5493e-01     1.6807      6.635      9.623    11.4054   999.6167 0.0000e+00
      6.774      0.029     0.0973      0.890     52.957  38.491419     2.2601      6.422   181.0050 6.5200e-01     1.7105      6.643      9.635    11.4557   999.6114 0.0000e+00
      6.782      0.038     0.0974      0.890     54.230  39.362305     2.2539      6.418   179.2045 6.4509e-01     1.7360      6.651      9.647    11.4707   999.6099 0.0000e+00
      6.790      0.051     0.0973      0.888     56.123  40.664034     2.3243      6.412   177.8370 6.3787e-01     1.8255      6.658      9.657    11.4280   999.6147 0.0000e+00
      6.800      0.065     0.0965      0.878     57.706  41.723710     2.4435      6.407   176.6020 6.3148e-01     1.9409      6.665      9.667    11.3754   999.6206 0.0000e+00
      6.817      0.076     0.0955      0.867     58.686  42.333994     2.4992      6.402   175.1986 6.2067e-01     2.0165      6.681      9.690    11.3451   999.6240 0.0000e+00
      6.843      0.086     0.0966      0.876     59.419  42.772997     2.4866      6.398   173.4297 6.0801e-01     2.0514      6.709      9.731    11.2954   999.6297 0.0000e+00
      6.873      0.093     0.0988      0.895     59.968  43.094943     2.3256      6.394   170.9602 5.9686e-01     2.1009      6.741      9.777    11.2308   999.6375 0.0000e+00
      6.900      0.095     0.1019      0.923     60.259  43.242288     2.0269      6.388   167.9678 5.8329e-01     2.1559      6.768      9.817    11.1546   999.6461 0.0000e+00
      6.925      0.091     0.1056      0.954     60.309  43.221066     1.8572      6.382   165.1262 5.7009e-01     2.1921      6.792      9.851    11.0623   999.6559 0.0000e+00
      6.946      0.083     0.1057      0.954     60.293  43.155765     1.8340      6.377   162.5863 5.6024e-01     2.2106      6.812      9.880    10.9839   999.6643 0.0000e+00
      6.966      0.073     0.1052      0.949     60.352  43.151138     1.8162      6.374   160.3167 5.4814e-01     2.1829      6.831      9.908    10.9262   999.6704 0.0000e+00
      6.984      0.065     0.1061      0.956     60.512  43.228568     1.7890      6.370   158.3338 5.3754e-01     2.1193      6.851      9.937    10.8761   999.6756 0.0000e+00
      6.999      0.059     0.1054      0.949     60.780  43.393463     1.7740      6.367   156.5077 5.3443e-01     2.0647      6.865      9.957    10.8299   999.6802 0.0000e+00
      7.011      0.054     0.1032      0.929     61.213  43.684424     1.7730      6.364   154.6706 5.3225e-01     2.0469      6.874      9.971    10.7842   999.6848 0.0000e+00
      7.023      0.052     0.1012      0.910     61.696  44.016159     1.7770      6.361   152.7275 5.2960e-01     2.0354      6.887      9.989    10.7436   999.6889 0.0000e+00
      7.036      0.056     0.1004      0.903     62.281  44.420032     1.8230      6.357   150.9103 5.3219e-01     2.0241      6.901     10.009    10.7134   999.6919 0.0000e+00
      7.048      0.064     0.0990      0.890     63.236  45.075127     1.9042      6.351   149.4766 5.3287e-01     2.0418      6.912     10.025    10.6916   999.6941 0.0000e+00
      7.061      0.072     0.0971      0.873     64.198  45.713717     1.9437      6.345   148.2131 5.2606e-01     2.0519      6.922     10.040    10.6783   999.6957 0.0000e+00
      7.081      0.077     0.0974      0.874     65.282  46.425931     1.9363      6.340   146.5593 5.1221e-01     2.0487      6.939     10.064    10.6686   999.6968 0.0000e+00
      7.108      0.081     0.0979      0.878     67.530  47.970848     1.8320      6.335   144.3656 4.9554e-01     2.0356      6.970     10.109    10.6614   999.6978 0.0000e+00
      7.136      0.082     0.0961      0.861     69.961  49.658666     1.6360      6.331   142.2526 4.8239e-01     2.0251      7.002     10.155    10.6466   999.6998 0.0000e+00
      7.157      0.081     0.0947      0.848     71.383  50.637478     1.5264      6.328   140.8007 4.6996e-01     2.0520      7.021     10.183    10.6050   999.7044 0.0000e+00
      7.173      0.077     0.0963      0.862     72.352  51.294346     1.5215      6.325   139.7171 4.5575e-01     2.0655      7.034     10.201    10.5528   999.7095 0.0000e+00
      7.189      0.073     0.0991      0.886     73.054  51.756876     1.5160      6.322   138.2709 4.4254e-01     2.0246      7.049     10.222    10.5117   999.7144 0.0000e+00
      7.207      0.070     0.0996      0.891     74.586  52.799759     1.4862      6.317   136.3067 4.3377e-01     1.9836      7.069     10.251    10.4854   999.7182 0.0000e+00
      7.226      0.070     0.0975      0.872     77.412  54.755862     1.4644      6.311   134.2085 4.2305e-01     1.9956      7.087     10.278    10.4672   999.7201 0.0000e+00
      7.244      0.070     0.0950      0.849     79.991  56.539592     1.4597      6.305   132.2600 4.1176e-01     2.0062      7.103     10.303    10.4467   999.7227 0.0000e+00
      7.264      0.069     0.0947      0.846     81.441  57.530139     1.4475      6.300   130.3853 4.0318e-01     1.9481      7.124     10.332    10.4233   999.7250 0.0000e+00
      7.282      0.069     0.0946      0.844     82.005  57.900631     1.4209      6.295   128.2341 3.8780e-01     1.8499      7.142     10.358    10.3943   999.7282 0.0000e+00
      7.298      0.070     0.0926      0.825     82.495  58.223350     1.3986      6.290   125.9535 3.7350e-01     1.7704      7.157     10.381    10.3631   999.7326 0.0000e+00
      7.314      0.072     0.0909      0.810     83.475  58.890334     1.3938      6.284   124.0624 3.6533e-01     1.7396      7.172     10.402    10.3371   999.7360 0.0000e+00
      7.330      0.075     0.0917      0.817     84.377  59.483479     1.3801      6.277   122.4905 3.5346e-01     1.7724      7.187     10.424    10.3168   999.7384 0.0000e+00
      7.349      0.078     0.0950      0.846     84.382  59.421682     1.3549      6.271   120.8860 3.4092e-01     1.8393      7.205     10.450    10.2990   999.7402 0.0000e+00
      7.372      0.080     0.0965      0.859     83.933  59.032732     1.3487      6.266   119.2891 3.3266e-01     1.8599      7.229     10.486    10.2860   999.7415 0.0000e+00
      7.397      0.080     0.0950      0.845     83.953  58.974712     1.3569      6.261   117.8093 3.2600e-01     1.8258      7.255     10.523    10.2767   999.7430 0.0000e+00
      7.417      0.078     0.0934      0.830     84.230  59.101392     1.4280      6.255   116.4161 3.1560e-01     1.7876      7.274     10.550    10.2522   999.7458 0.0000e+00
      7.437      0.074     0.0924      0.820     84.221  59.039237     1.5585      6.249   115.0055 2.9600e-01     1.7915      7.294     10.577    10.2077   999.7498 0.0000e+00
      7.455      0.068     0.0916      0.812     84.014  58.858604     1.6256      6.245   113.4869 2.8325e-01     1.8068      7.313     10.606    10.1629   999.7536 0.0000e+00
      7.471      0.063     0.0909      0.805     83.798  58.696609     1.6322      6.241   112.0802 2.8740e-01     1.8093      7.327     10.627    10.1210   999.7575 0.0000e+00
