Data/DataNotYetUploadedToEDI/Raw_CTD/RawDownloads/072419_bvr50_d.cnv
* Sea-Bird SBE19plus  Data File:
* FileName = C:\DATA\MSN2_CTD_CASTS_072419\072419_bvr50_d_0001.hex
* Software version 2.8.0.119 SB_Terminal.dll
* Temperature SN = 7809
* Conductivity SN = 7809
* System UpLoad Time = Jul 24 2019 23:17:04
* <ApplicationData>
* <Seaterm232>
# nquan = 16
# nvalues = 844                         
# units = specified
# name 0 = depFM: Depth [fresh water, m]
# name 1 = dz/dtM: Descent Rate [m/s]
# name 2 = sbeox0Mg/L: Oxygen, SBE 43 [mg/l]
# name 3 = sbeox0PS: Oxygen, SBE 43 [% saturation]
# name 4 = specc: Specific Conductance [uS/cm]
# name 5 = c0uS/cm: Conductivity [uS/cm]
# name 6 = flECO-AFL: Fluorescence, WET Labs ECO-AFL/FL [mg/m^3]
# name 7 = ph: pH
# name 8 = orp: Oxidation Reduction Potential [mV]
# name 9 = par/sat/log: PAR/Logarithmic, Satlantic
# name 10 = turbWETntu0: Turbidity, WET Labs ECO [NTU]
# name 11 = prdM: Pressure, Strain Gauge [db]
# name 12 = prdE: Pressure, Strain Gauge [psi]
# name 13 = tv290C: Temperature [ITS-90, deg C]
# name 14 = density00: Density [density, kg/m^3]
# name 15 = flag:  0.000e+00
# span 0 =     -0.658,     10.231       
# span 1 =     -0.221,      0.337       
# span 2 =    -0.0146,     9.2767       
# span 3 =     -0.143,    106.573       
# span 4 =      0.221,    143.594       
# span 5 =   0.186511,  96.394585       
# span 6 =    -0.1578,    39.9647       
# span 7 =      6.250,      8.693       
# span 8 =    98.7549,   354.9378       
# span 9 = 1.2357e-01, 1.2389e-01       
# span 10 =    -0.5590,    88.6773      
# span 11 =     -0.645,     10.034      
# span 12 =     -0.936,     14.553      
# span 13 =     8.5521,    27.0562      
# span 14 =   996.5173,   999.9157      
# span 15 = 0.0000e+00, 0.0000e+00      
# interval = seconds: 0.25
# start_time = Jul 24 2019 23:08:46 [Instrument's time stamp, header]
# bad_flag = -9.990e-29
*END*
[from data line 724]
      8.230      0.071     0.1078      0.935    105.838  72.193005     0.6229      6.255   153.7807 1.2367e-01     1.8857      8.073     11.708     9.1349   999.8507 0.0000e+00
      8.248      0.069     0.1058      0.918    105.903  72.219219     0.5958      6.254   153.4024 1.2362e-01     1.8577      8.090     11.734     9.1291   999.8514 0.0000e+00
      8.263      0.068     0.1049      0.910    105.690  72.056319     0.5622      6.252   152.6598 1.2357e-01     1.8533      8.103     11.752     9.1217   999.8520 0.0000e+00
      8.280      0.068     0.1061      0.920    105.267  71.749457     0.5544      6.252   151.7710 1.2361e-01     1.8650      8.119     11.778     9.1125   999.8528 0.0000e+00
      8.297      0.068     0.1063      0.922    105.022  71.561113     0.5714      6.251   151.0023 1.2367e-01     1.8683      8.137     11.802     9.1033   999.8536 0.0000e+00
      8.313      0.069     0.1032      0.895    105.055  71.559461     0.7324      6.251   150.4199 1.2363e-01     1.8931      8.152     11.823     9.0944   999.8544 0.0000e+00
      8.330      0.069     0.0997      0.864    105.154  71.602295     1.0276      6.251   150.0649 1.2360e-01     1.9023      8.168     11.847     9.0868   999.8549 0.0000e+00
      8.350      0.069     0.0992      0.859    105.139  71.570300     1.1840      6.251   149.6346 1.2369e-01     1.8488      8.189     11.877     9.0782   999.8555 0.0000e+00
      8.370      0.071     0.0998      0.864    105.144  71.554099     1.1846      6.251   149.0036 1.2374e-01     1.8360      8.210     11.907     9.0679   999.8563 0.0000e+00
      8.386      0.075     0.1008      0.873    105.327  71.660724     1.1127      6.251   148.3716 1.2371e-01     1.8786      8.225     11.929     9.0565   999.8574 0.0000e+00
      8.401      0.079     0.1041      0.901    105.525  71.778528     0.9818      6.251   147.7578 1.2371e-01     1.9046      8.237     11.947     9.0438   999.8584 0.0000e+00
      8.419      0.082     0.1056      0.914    105.623  71.833883     0.9115      6.251   147.0891 1.2373e-01     1.8888      8.254     11.970     9.0331   999.8592 0.0000e+00
      8.444      0.082     0.1035      0.895    105.708  71.884904     0.9133      6.251   146.3948 1.2373e-01     1.8515      8.280     12.009     9.0245   999.8600 0.0000e+00
      8.472      0.081     0.1022      0.885    105.818  71.950308     0.9161      6.251   145.5578 1.2374e-01     1.8460      8.311     12.054     9.0162   999.8608 0.0000e+00
      8.496      0.080     0.1029      0.890    105.989  72.052396     0.9111      6.252   144.7128 1.2374e-01     1.8882      8.335     12.088     9.0073   999.8617 0.0000e+00
      8.512      0.078     0.1029      0.890    106.273  72.229004     0.9047      6.252   144.1798 1.2366e-01     1.9033      8.350     12.110     9.0010   999.8623 0.0000e+00
      8.526      0.075     0.1014      0.876    106.503  72.368783     0.8999      6.253   143.8460 1.2364e-01     1.8638      8.360     12.125     9.0000   999.8624 0.0000e+00
      8.542      0.073     0.1016      0.878    106.581  72.407089     0.9054      6.253   143.4301 1.2370e-01     1.8697      8.374     12.146     8.9961   999.8628 0.0000e+00
      8.563      0.072     0.1033      0.893    106.641  72.437796     0.9368      6.253   142.8503 1.2373e-01     1.9421      8.396     12.177     8.9881   999.8635 0.0000e+00
      8.586      0.070     0.1026      0.888    106.719  72.485696     0.9843      6.254   142.3427 1.2370e-01     2.0190      8.420     12.212     8.9807   999.8643 0.0000e+00
      8.607      0.065     0.1011      0.875    106.798  72.541116     1.0115      6.255   141.9390 1.2368e-01     2.0454      8.443     12.245     8.9728   999.8652 0.0000e+00
      8.624      0.058     0.0991      0.857    106.868  72.599177     1.0146      6.256   141.4104 1.2369e-01     2.0314      8.459     12.269     8.9653   999.8659 0.0000e+00
      8.636      0.049     0.0969      0.838    106.881  72.615417     0.9343      6.256   140.7694 1.2374e-01     2.0466      8.471     12.285     8.9604   999.8662 0.0000e+00
      8.644      0.042     0.0988      0.855    106.886  72.610292     0.7782      6.256   140.2105 1.2379e-01     2.0980      8.478     12.296     8.9582   999.8664 0.0000e+00
      8.651      0.037     0.0996      0.862    106.989  72.664390     0.6877      6.257   139.7302 1.2374e-01     2.1277      8.483     12.303     8.9571   999.8665 0.0000e+00
      8.659      0.033     0.0959      0.829    107.149  72.760777     0.6712      6.257   139.0917 1.2365e-01     2.1116      8.491     12.314     8.9647   999.8661 0.0000e+00
      8.670      0.031     0.0947      0.818    107.349  72.885445     0.6488      6.258   138.5141 1.2370e-01     2.0669      8.503     12.332     8.9727   999.8655 0.0000e+00
      8.680      0.034     0.0961      0.830    107.667  73.090696     0.5992      6.258   138.2520 1.2379e-01     2.0463      8.514     12.349     8.9650   999.8661 0.0000e+00
      8.686      0.039     0.0958      0.827    108.039  73.334740     0.5648      6.258   137.9878 1.2379e-01     2.0918      8.520     12.357     8.9554   999.8670 0.0000e+00
      8.690      0.046     0.0946      0.817    108.363  73.546892     0.5638      6.258   137.6423 1.2376e-01     2.1250      8.520     12.358     8.9512   999.8673 0.0000e+00
      8.699      0.053     0.0952      0.822    108.580  73.684466     0.5955      6.258   137.2583 1.2374e-01     2.0877      8.527     12.368     8.9455   999.8678 0.0000e+00
      8.717      0.060     0.0976      0.843    108.658  73.726292     0.6450      6.258   136.7871 1.2374e-01     2.0336      8.547     12.396     8.9399   999.8685 0.0000e+00
      8.739      0.065     0.0998      0.863    108.686  73.734632     0.6677      6.257   136.3330 1.2378e-01     2.0282      8.570     12.430     8.9369   999.8691 0.0000e+00
      8.761      0.068     0.1013      0.875    108.771  73.785294     0.6702      6.257   135.8120 1.2376e-01     2.0560      8.592     12.462     8.9338   999.8694 0.0000e+00
      8.780      0.068     0.1008      0.870    108.938  73.893686     0.6490      6.257   135.2200 1.2369e-01     2.0740      8.612     12.491     8.9288   999.8700 0.0000e+00
      8.794      0.068     0.0990      0.855    109.147  74.027705     0.6028      6.258   134.6812 1.2373e-01     2.0830      8.626     12.510     8.9235   999.8704 0.0000e+00
      8.807      0.068     0.0972      0.839    109.415  74.197435     0.5708      6.258   134.1152 1.2378e-01     2.0659      8.635     12.524     8.9182   999.8708 0.0000e+00
      8.822      0.073     0.0956      0.825    109.761  74.419614     0.5652      6.257   133.5402 1.2377e-01     2.0309      8.650     12.546     8.9150   999.8712 0.0000e+00
      8.841      0.079     0.0959      0.827    110.161  74.679017     0.5695      6.257   133.0631 1.2381e-01     2.0202      8.669     12.574     8.9140   999.8714 0.0000e+00
      8.863      0.086     0.0980      0.846    110.904  75.171621     0.6228      6.257   132.5626 1.2380e-01     2.0357      8.689     12.603     8.9104   999.8719 0.0000e+00
      8.888      0.091     0.0990      0.854    112.124  75.987451     0.7248      6.256   131.9621 1.2375e-01     2.0540      8.715     12.640     8.9044   999.8725 0.0000e+00
      8.915      0.092     0.0977      0.843    113.500  76.911339     0.7795      6.256   131.3954 1.2372e-01     2.0767      8.744     12.682     8.8980   999.8733 0.0000e+00
      8.941      0.089     0.0980      0.845    114.848  77.819755     0.7810      6.257   130.8724 1.2366e-01     2.0490      8.770     12.719     8.8932   999.8738 0.0000e+00
      8.965      0.084     0.0989      0.853    115.872  78.511729     0.7349      6.258   130.1990 1.2368e-01     1.9812      8.794     12.754     8.8885   999.8746 0.0000e+00
      8.985      0.079     0.0975      0.841    116.192  78.726544     0.6549      6.258   129.4484 1.2380e-01     1.9776      8.814     12.783     8.8832   999.8756 0.0000e+00
      9.000      0.078     0.0970      0.837    115.786  78.445255     0.6203      6.257   128.8515 1.2381e-01     2.0057      8.827     12.803     8.8789   999.8764 0.0000e+00
      9.015      0.081     0.0974      0.840    115.013  77.909385     0.6199      6.255   128.4028 1.2372e-01     2.0258      8.838     12.820     8.8768   999.8772 0.0000e+00
      9.032      0.087     0.0963      0.831    114.381  77.463076     0.6329      6.254   128.1525 1.2371e-01     2.0566      8.854     12.842     8.8769   999.8776 0.0000e+00
      9.056      0.093     0.0962      0.830    114.092  77.246895     0.6641      6.253   128.0633 1.2380e-01     2.0840      8.878     12.877     8.8761   999.8778 0.0000e+00
      9.086      0.098     0.0969      0.835    114.059  77.203654     0.6852      6.252   127.9268 1.2378e-01     2.0940      8.910     12.923     8.8742   999.8780 0.0000e+00
      9.117      0.101     0.0951      0.820    114.167  77.258239     0.6803      6.251   127.6198 1.2366e-01     2.0798      8.943     12.971     8.8688   999.8782 0.0000e+00
      9.145      0.101     0.0929      0.801    114.300  77.334437     0.6219      6.251   127.1908 1.2366e-01     2.0767      8.970     13.010     8.8601   999.8787 0.0000e+00
      9.167      0.099     0.0933      0.805    114.446  77.425301     0.5342      6.252   126.6968 1.2374e-01     2.0887      8.990     13.039     8.8512   999.8794 0.0000e+00
      9.188      0.095     0.0946      0.816    114.606  77.530008     0.4960      6.252   126.2082 1.2375e-01     2.0941      9.010     13.068     8.8412   999.8802 0.0000e+00
      9.212      0.091     0.0960      0.828    114.687  77.582778     0.4982      6.252   125.7563 1.2374e-01     2.1094      9.033     13.101     8.8323   999.8810 0.0000e+00
      9.237      0.086     0.0974      0.839    114.740  77.618106     0.4999      6.252   125.1913 1.2371e-01     2.1096      9.059     13.139     8.8268   999.8816 0.0000e+00
      9.262      0.082     0.0982      0.847    114.867  77.702741     0.4991      6.253   124.5391 1.2366e-01     2.0638      9.084     13.175     8.8235   999.8821 0.0000e+00
      9.284      0.077     0.0977      0.842    115.081  77.842824     0.4970      6.254   123.8928 1.2367e-01     2.0133      9.105     13.206     8.8225   999.8823 0.0000e+00
      9.301      0.074     0.0957      0.825    115.286  77.976120     0.4920      6.254   123.3143 1.2371e-01     2.0236      9.122     13.230     8.8212   999.8824 0.0000e+00
      9.315      0.073     0.0948      0.817    115.401  78.042296     0.4990      6.255   122.8786 1.2372e-01     2.0572      9.134     13.248     8.8214   999.8825 0.0000e+00
      9.330      0.076     0.0939      0.808    115.653  78.197708     0.5295      6.256   122.4969 1.2370e-01     2.0599      9.147     13.268     8.8215   999.8826 0.0000e+00
      9.348      0.082     0.0909      0.783    116.151  78.519430     0.5577      6.256   122.1409 1.2369e-01     2.0566      9.167     13.295     8.8185   999.8829 0.0000e+00
      9.371      0.090     0.0897      0.772    116.614  78.815465     0.5792      6.256   121.8438 1.2369e-01     2.0826      9.189     13.327     8.8174   999.8832 0.0000e+00
      9.396      0.097     0.0923      0.795    116.982  79.041900     0.7373      6.257   121.4852 1.2370e-01     2.1121      9.213     13.363     8.8126   999.8837 0.0000e+00
      9.423      0.099     0.0951      0.819    117.282  79.221735     1.0304      6.257   121.0749 1.2377e-01     2.0847      9.240     13.403     8.8040   999.8845 0.0000e+00
      9.453      0.095     0.0962      0.827    117.480  79.335963     1.1848      6.257   120.6681 1.2380e-01     2.0463      9.271     13.446     8.7991   999.8853 0.0000e+00
      9.483      0.088     0.0962      0.827    117.696  79.468855     1.1818      6.256   120.1803 1.2383e-01     2.0408      9.303     13.491     8.7924   999.8861 0.0000e+00
      9.505      0.080     0.0963      0.828    118.029  79.683522     1.0638      6.256   119.6515 1.2385e-01     2.1171      9.326     13.526     8.7819   999.8871 0.0000e+00
      9.520      0.073     0.0963      0.829    118.454  79.959532     0.8421      6.256   119.1782 1.2380e-01     2.2808      9.337     13.542     8.7709   999.8880 0.0000e+00
      9.531      0.067     0.0953      0.820    118.824  80.197995     0.7206      6.257   118.6740 1.2379e-01     2.3488      9.345     13.554     8.7624   999.8887 0.0000e+00
      9.546      0.062     0.0925      0.796    119.048  80.340322     0.7131      6.259   118.1153 1.2377e-01     2.3165      9.359     13.575     8.7577   999.8892 0.0000e+00
      9.564      0.061     0.0896      0.771    119.253  80.471739     0.7164      6.260   117.5858 1.2371e-01     2.3167      9.379     13.604     8.7542   999.8897 0.0000e+00
      9.583      0.064     0.0906      0.779    119.515  80.641904     0.7437      6.259   117.0889 1.2371e-01     2.2860      9.401     13.633     8.7497   999.8903 0.0000e+00
      9.598      0.069     0.0936      0.805    119.771  80.807407     0.8000      6.259   116.6679 1.2372e-01     2.1743      9.415     13.655     8.7441   999.8909 0.0000e+00
      9.611      0.073     0.0946      0.813    120.180  81.073304     0.8427      6.259   116.3678 1.2376e-01     2.1134      9.423     13.667     8.7400   999.8913 0.0000e+00
      9.627      0.076     0.0945      0.813    120.740  81.439445     0.8527      6.259   116.1278 1.2383e-01     2.1392      9.438     13.689     8.7378   999.8915 0.0000e+00
      9.651      0.081     0.0959      0.824    121.197  81.735491     0.8073      6.259   115.7443 1.2385e-01     2.1249      9.464     13.725     8.7354   999.8920 0.0000e+00
      9.676      0.086     0.0969      0.833    121.769  82.108093     0.7192      6.259   115.0861 1.2381e-01     2.0726      9.491     13.764     8.7322   999.8924 0.0000e+00
      9.699      0.091     0.0960      0.825    122.668  82.699992     0.6721      6.259   114.3644 1.2377e-01     2.0642      9.512     13.795     8.7283   999.8929 0.0000e+00
      9.722      0.092     0.0949      0.815    123.572  83.293528     0.6708      6.258   113.7299 1.2378e-01     2.0883      9.534     13.827     8.7232   999.8937 0.0000e+00
      9.745      0.092     0.0933      0.801    124.274  83.749420     0.6774      6.258   113.0931 1.2378e-01     2.1019      9.557     13.861     8.7177   999.8942 0.0000e+00
      9.769      0.093     0.0922      0.792    125.069  84.267507     0.6913      6.258   112.6016 1.2370e-01     2.0973      9.580     13.894     8.7128   999.8948 0.0000e+00
      9.793      0.094     0.0931      0.800    126.051  84.913023     0.7002      6.258   112.2608 1.2361e-01     2.0982      9.604     13.930     8.7072   999.8958 0.0000e+00
      9.816      0.094     0.0930      0.798    126.866  85.446140     0.6986      6.258   111.8120 1.2363e-01     2.1129      9.626     13.961     8.7005   999.8967 0.0000e+00
      9.840      0.092     0.0906      0.778    127.439  85.814013     0.7151      6.258   111.3047 1.2375e-01     2.1114      9.648     13.993     8.6934   999.8975 0.0000e+00
      9.867      0.088     0.0892      0.766    127.916  86.115819     0.7520      6.258   110.9455 1.2380e-01     2.0804      9.675     14.033     8.6860   999.8984 0.0000e+00
      9.892      0.084     0.0899      0.772    128.397  86.422741     0.7724      6.259   110.7394 1.2380e-01     2.0653      9.703     14.073     8.6798   999.8995 0.0000e+00
      9.912      0.080     0.0918      0.788    129.059  86.852425     0.7714      6.259   110.4469 1.2382e-01     2.0924      9.722     14.100     8.6745   999.9002 0.0000e+00
      9.928      0.078     0.0940      0.806    129.940  87.429451     0.7391      6.258   110.0758 1.2379e-01     2.1454      9.736     14.121     8.6670   999.9009 0.0000e+00
