Data/DataNotYetUploadedToEDI/Raw_CTD/RawDownloads/072423_fcr50_S7809007.cnv
* Sea-Bird SBE19plus  Data File:
* FileName = C:\R\Reservoirs\Data\DataNotYetUploadedToEDI\Raw_CTD\RawDownloads\073123_fcr50_S7809_0007.hex
* Software version 2.8.0.119
* Temperature SN = 7809
* Conductivity SN = 7809
* System UpLoad Time = Aug 03 2023 12:38:48
* <ApplicationData>
* <Seaterm232>
# nquan = 15
# nvalues = 4359                        
# units = specified
# name 0 = depFM: Depth [fresh water, m]
# name 1 = dz/dtM: Descent Rate [m/s]
# name 2 = sbeox0Mg/L: Oxygen, SBE 43 [mg/l]
# name 3 = sbeox0PS: Oxygen, SBE 43 [% saturation]
# name 4 = specc: Specific Conductance [uS/cm]
# name 5 = c0uS/cm: Conductivity [uS/cm]
# name 6 = flECO-AFL: Fluorescence, WET Labs ECO-AFL/FL [mg/m^3]
# name 7 = ph: pH
# name 8 = orp: Oxidation Reduction Potential [mV]
# name 9 = par/sat/log: PAR/Logarithmic, Satlantic
# name 10 = turbWETntu0: Turbidity, WET Labs ECO [NTU]
# name 11 = prdM: Pressure, Strain Gauge [db]
# name 12 = prdE: Pressure, Strain Gauge [psi]
# name 13 = tv290C: Temperature [ITS-90, deg C]
# name 14 = flag:  0.000e+00
# span 0 =     -0.623,      9.702       
# span 1 =     -0.287,      0.357       
# span 2 =    -0.2024,     8.6494       
# span 3 =     -1.610,    102.882       
# span 4 =      4.591,    437.958       
# span 5 =   4.343525, 314.896054       
# span 6 =    -2.0574,    56.0860       
# span 7 =     -2.051,      9.112       
# span 8 =  -754.4243,   347.0779       
# span 9 = 1.2360e-01, 1.7418e+03       
# span 10 =     0.8513,   122.1503      
# span 11 =     -0.611,      9.515      
# span 12 =     -0.886,     13.800      
# span 13 =    10.9429,    24.5551      
# span 14 = 0.0000e+00, 0.0000e+00      
# interval = seconds: 0.25
# start_time = Jul 24 2023 06:01:56 [Instrument's time stamp, header]
# bad_flag = -9.990e-29
*END*
[from data line 2410]
      5.574      0.009     7.6125     69.032     49.198  35.593681     2.7464      6.469   312.6387 2.4381e-01     8.3751      5.466      7.928    11.1654 0.0000e+00
      5.575      0.010     7.6040     69.041     49.225  35.611661     2.7789      6.469   312.1416 2.4344e-01     8.4998      5.467      7.929    11.1693 0.0000e+00
      5.579      0.010     7.5919     69.091     49.231  35.614265     2.7765      6.469   311.9169 2.4141e-01     8.4892      5.471      7.934    11.1725 0.0000e+00
      5.584      0.009     7.5849     69.151     49.250  35.625164     2.7586      6.469   312.3314 2.4639e-01     8.4174      5.478      7.944    11.1724 0.0000e+00
      5.587      0.008     7.5791     69.220     49.239  35.616535     2.7540      6.469   313.1953 2.5304e-01     8.4514      5.480      7.948    11.1710 0.0000e+00
      5.588      0.006     7.5800     69.293     49.179  35.573389     2.7629      6.468   313.5868 2.5750e-01     8.5920      5.479      7.947    11.1702 0.0000e+00
      5.589      0.003     7.5890     69.336     49.146  35.547641     2.7742      6.467   313.5363 2.5469e-01     8.7171      5.481      7.949    11.1677 0.0000e+00
      5.589      0.001     7.5949     69.362     49.168  35.559022     2.7749      6.466   313.3590 2.4719e-01     8.7347      5.481      7.949    11.1648 0.0000e+00
      5.589      0.001     7.6021     69.391     49.209  35.584089     2.8047      6.467   313.2501 2.4093e-01     8.6337      5.480      7.948    11.1641 0.0000e+00
      5.589      0.001     7.6133     69.391     49.232  35.596915     2.8846      6.467   313.5966 2.3520e-01     8.5213      5.481      7.950    11.1650 0.0000e+00
      5.589      0.002     7.6167     69.346     49.222  35.587198     2.9419      6.467   313.9344 2.3465e-01     8.4684      5.481      7.949    11.1629 0.0000e+00
      5.589      0.003     7.6188     69.300     49.233  35.593501     2.9640      6.468   313.9784 2.3710e-01     8.4724      5.480      7.948    11.1585 0.0000e+00
      5.589      0.006     7.6251     69.281     49.258  35.609663     2.9945      6.468   313.9576 2.3738e-01     8.4677      5.481      7.950    11.1536 0.0000e+00
      5.590      0.008     7.6271     69.279     49.238  35.592254     3.0271      6.468   313.9408 2.3776e-01     8.4110      5.481      7.950    11.1490 0.0000e+00
      5.593      0.011     7.6199     69.303     49.218  35.573366     3.0425      6.467   313.8611 2.3441e-01     8.4012      5.485      7.955    11.1466 0.0000e+00
      5.597      0.014     7.6130     69.327     49.221  35.571640     3.0465      6.466   313.7686 2.2451e-01     8.4526      5.489      7.962    11.1452 0.0000e+00
      5.602      0.018     7.6142     69.309     49.225  35.571380     3.0007      6.466   313.8541 2.1820e-01     8.4857      5.494      7.968    11.1432 0.0000e+00
      5.606      0.021     7.6120     69.286     49.227  35.570222     2.8970      6.467   314.0352 2.2939e-01     8.4602      5.498      7.974    11.1404 0.0000e+00
      5.610      0.021     7.6163     69.261     49.212  35.557636     2.8327      6.468   314.2369 2.3969e-01     8.4171      5.501      7.978    11.1358 0.0000e+00
      5.618      0.020     7.6245     69.223     49.196  35.546100     2.8224      6.469   314.4002 2.2454e-01     8.4435      5.510      7.991    11.1313 0.0000e+00
      5.628      0.017     7.6178     69.207     49.209  35.557635     2.7396      6.469   314.2031 2.0249e-01     8.5400      5.522      8.009    11.1290 0.0000e+00
      5.632      0.014     7.6170     69.210     49.223  35.570211     2.5814      6.469   313.8321 2.0035e-01     8.6274      5.524      8.012    11.1261 0.0000e+00
      5.632      0.010     7.6167     69.223     49.220  35.571260     2.4986      6.470   313.7863 2.0712e-01     8.6794      5.523      8.009    11.1234 0.0000e+00
      5.633      0.005     7.6081     69.257     49.215  35.570324     2.4872      6.471   313.9938 2.0895e-01     8.6908      5.525      8.012    11.1235 0.0000e+00
      5.633      0.002     7.6080     69.296     49.198  35.558892     2.4777      6.470   314.2768 2.1837e-01     8.6292      5.524      8.012    11.1255 0.0000e+00
      5.634      0.002     7.6085     69.325     49.200  35.559942     2.5334      6.470   314.1954 2.2392e-01     8.5497      5.524      8.011    11.1288 0.0000e+00
      5.634      0.003     7.6074     69.353     49.230  35.583015     2.6524      6.470   313.6979 2.2346e-01     8.4807      5.526      8.014    11.1326 0.0000e+00
      5.634      0.004     7.6121     69.377     49.230  35.584064     2.7099      6.470   313.5109 2.2929e-01     8.4095      5.525      8.014    11.1361 0.0000e+00
      5.635      0.009     7.6171     69.382     49.214  35.572632     2.6965      6.469   313.8270 2.3401e-01     8.4066      5.527      8.015    11.1361 0.0000e+00
      5.637      0.022     7.6196     69.367     49.214  35.571697     2.6654      6.465   314.3362 2.3333e-01     8.5479      5.528      8.017    11.1343 0.0000e+00
      5.638      0.038     7.6226     69.343     49.219  35.572747     2.6249      6.462   314.6772 2.2063e-01     8.7173      5.529      8.019    11.1362 0.0000e+00
      5.642      0.050     7.6261     69.320     49.242  35.585324     2.6057      6.462   314.5952 2.0789e-01     8.7469      5.530      8.019    11.1380 0.0000e+00
      5.660      0.056     7.6265     69.287     49.263  35.596862     2.5922      6.462   314.2902 1.9989e-01     8.7009      5.540      8.035    11.1378 0.0000e+00
      5.694      0.056     7.6241     69.244     49.248  35.585340     2.4858      6.462   314.1733 1.8409e-01     8.6399      5.585      8.102    11.1379 0.0000e+00
      5.722      0.051     7.6212     69.193     49.228  35.572920     2.3102      6.462   314.2145 1.7099e-01     8.5559      5.624      8.157    11.1355 0.0000e+00
      5.727      0.040     7.6209     69.127     49.226  35.573596     2.2169      6.462   314.3585 1.7221e-01     8.4707      5.618      8.148    11.1295 0.0000e+00
      5.726      0.026     7.6179     69.088     49.251  35.593514     2.2059      6.463   314.6237 1.7499e-01     8.3956      5.612      8.139    11.1252 0.0000e+00
      5.727      0.012     7.6120     69.108     49.289  35.623394     2.2856      6.464   314.7527 1.7304e-01     8.3991      5.620      8.149    11.1255 0.0000e+00
      5.728      0.005     7.6084     69.147     49.278  35.617626     2.4488      6.465   314.7137 1.7904e-01     8.4790      5.617      8.146    11.1280 0.0000e+00
      5.728      0.005     7.5977     69.168     49.234  35.587220     2.5307      6.466   314.6688 1.7635e-01     8.5416      5.615      8.144    11.1303 0.0000e+00
      5.730      0.007     7.5905     69.196     49.214  35.573022     2.5266      6.466   314.6401 1.6318e-01     8.5070      5.619      8.151    11.1327 0.0000e+00
      5.732      0.008     7.5953     69.240     49.213  35.572867     2.5407      6.465   314.6252 1.7318e-01     8.4359      5.621      8.152    11.1350 0.0000e+00
      5.734      0.008     7.6017     69.257     49.228  35.585334     2.5768      6.465   314.6606 1.8299e-01     8.4343      5.622      8.154    11.1370 0.0000e+00
      5.737      0.008     7.6015     69.249     49.241  35.596860     2.5962      6.466   314.8098 1.6699e-01     8.4529      5.627      8.161    11.1385 0.0000e+00
      5.741      0.008     7.6028     69.240     49.222  35.585322     2.6012      6.466   315.0524 1.5796e-01     8.4903      5.631      8.167    11.1389 0.0000e+00
      5.742      0.008     7.6122     69.221     49.203  35.572737     2.6039      6.465   315.2709 1.6505e-01     8.5106      5.632      8.168    11.1386 0.0000e+00
      5.743      0.010     7.6125     69.189     49.202  35.571593     2.5952      6.465   315.3011 1.6602e-01     8.4934      5.631      8.166    11.1399 0.0000e+00
      5.744      0.013     7.6090     69.169     49.206  35.571489     2.5961      6.465   315.1591 1.6366e-01     8.5218      5.632      8.169    11.1437 0.0000e+00
      5.744      0.015     7.6092     69.195     49.211  35.571479     2.6156      6.466   315.1891 1.6493e-01     8.5458      5.633      8.170    11.1458 0.0000e+00
      5.748      0.017     7.6069     69.245     49.213  35.571479     2.6304      6.467   315.4055 1.5811e-01     8.5447      5.635      8.172    11.1464 0.0000e+00
      5.758      0.017     7.6028     69.278     49.213  35.571480     2.6922      6.467   315.5384 1.5980e-01     8.5423      5.648      8.192    11.1462 0.0000e+00
      5.767      0.016     7.5985     69.284     49.212  35.571489     2.8043      6.467   315.5911 1.7174e-01     8.5173      5.660      8.209    11.1428 0.0000e+00
      5.770      0.013     7.6037     69.266     49.210  35.571594     2.8703      6.467   315.6133 1.6103e-01     8.5152      5.658      8.206    11.1387 0.0000e+00
      5.771      0.008     7.6119     69.221     49.210  35.572754     2.8838      6.467   315.6342 1.4303e-01     8.5176      5.658      8.206    11.1371 0.0000e+00
      5.771      0.004     7.6152     69.185     49.225  35.585510     2.8084      6.467   315.6712 1.4332e-01     8.4780      5.661      8.211    11.1376 0.0000e+00
      5.771      0.001     7.6151     69.182     49.240  35.598934     2.6581      6.467   315.6310 1.4534e-01     8.4463      5.658      8.207    11.1386 0.0000e+00
      5.771      0.001     7.6142     69.180     49.248  35.608157     2.5819      6.467   315.5784 1.4917e-01     8.4415      5.659      8.208    11.1397 0.0000e+00
      5.771      0.001     7.6070     69.185     49.278  35.633574     2.5857      6.466   315.6376 1.6170e-01     8.4538      5.660      8.209    11.1412 0.0000e+00
      5.771      0.001     7.6000     69.218     49.300  35.652452     2.6046      6.465   315.7446 1.6168e-01     8.4588      5.659      8.207    11.1430 0.0000e+00
      5.771      0.002     7.6035     69.268     49.285  35.646055     2.6272      6.463   315.6675 1.5697e-01     8.4334      5.660      8.208    11.1455 0.0000e+00
      5.771      0.004     7.6008     69.327     49.244  35.619682     2.6425      6.463   315.3933 1.6331e-01     8.4206      5.660      8.209    11.1492 0.0000e+00
      5.772      0.005     7.5997     69.391     49.199  35.587394     2.6556      6.464   315.2683 1.7197e-01     8.4404      5.660      8.209    11.1527 0.0000e+00
      5.773      0.006     7.6039     69.454     49.182  35.572923     2.6945      6.464   315.3614 1.7353e-01     8.4669      5.661      8.211    11.1559 0.0000e+00
      5.776      0.006     7.6086     69.503     49.183  35.571609     2.7471      6.463   315.4869 1.6215e-01     8.4680      5.665      8.215    11.1606 0.0000e+00
      5.779      0.006     7.6146     69.538     49.183  35.571504     2.7667      6.463   315.6666 1.5500e-01     8.4204      5.668      8.222    11.1652 0.0000e+00
      5.780      0.005     7.6211     69.560     49.183  35.571650     2.7650      6.463   315.8127 1.6396e-01     8.4039      5.669      8.222    11.1651 0.0000e+00
      5.780      0.003     7.6305     69.560     49.186  35.573379     2.7604      6.463   315.7048 1.7193e-01     8.5415      5.668      8.221    11.1615 0.0000e+00
      5.781      0.002     7.6351     69.522     49.214  35.592414     2.7441      6.462   315.4815 1.6531e-01     8.7515      5.669      8.223    11.1594 0.0000e+00
      5.781      0.001     7.6394     69.457     49.240  35.611435     2.7254      6.462   315.3499 1.5486e-01     8.7910      5.669      8.223    11.1595 0.0000e+00
      5.781      0.001     7.6418     69.372     49.241  35.613010     2.7171      6.461   315.3172 1.5736e-01     8.6774      5.669      8.222    11.1595 0.0000e+00
      5.781      0.001     7.6435     69.286     49.236  35.611451     2.7194      6.460   315.3448 1.6302e-01     8.6416      5.670      8.224    11.1591 0.0000e+00
      5.781      0.001     7.6381     69.249     49.206  35.592586     2.6952      6.459   315.5123 1.6190e-01     8.6318      5.669      8.223    11.1584 0.0000e+00
      5.781      0.001     7.6303     69.235     49.181  35.575283     2.6408      6.459   315.7931 1.6030e-01     8.5247      5.670      8.222    11.1581 0.0000e+00
      5.782      0.001     7.6224     69.220     49.205  35.592597     2.6026      6.459   315.9006 1.5450e-01     8.4400      5.670      8.224    11.1591 0.0000e+00
      5.783      0.001     7.6069     69.228     49.232  35.611566     2.5827      6.459   315.6937 1.4786e-01     8.4278      5.671      8.226    11.1611 0.0000e+00
      5.783      0.001     7.6057     69.239     49.235  35.614283     2.5835      6.458   315.4427 1.4890e-01     8.3776      5.672      8.226    11.1646 0.0000e+00
      5.783      0.001     7.6060     69.232     49.249  35.625450     2.6038      6.458   315.8765 1.5267e-01     8.2763      5.671      8.226    11.1663 0.0000e+00
      5.783      0.001     7.6005     69.221     49.241  35.619681     2.6117      6.458   316.7226 1.5339e-01     8.2274      5.671      8.225    11.1646 0.0000e+00
      5.783      0.001     7.6045     69.203     49.225  35.607990     2.6039      6.458   316.8971 1.5375e-01     8.2310      5.672      8.226    11.1636 0.0000e+00
      5.783      0.001     7.6065     69.175     49.226  35.610990     2.6675      6.457   316.4378 1.5487e-01     8.2851      5.672      8.226    11.1646 0.0000e+00
      5.784      0.001     7.6038     69.189     49.195  35.592502     2.8153      6.455   315.9876 1.5368e-01     8.4039      5.672      8.226    11.1661 0.0000e+00
      5.785      0.001     7.6028     69.249     49.164  35.574821     2.8929      6.455   315.9285 1.5248e-01     8.4717      5.673      8.228    11.1660 0.0000e+00
      5.785      0.001     7.6029     69.304     49.177  35.587566     2.8896      6.455   316.4968 1.5907e-01     8.4555      5.673      8.228    11.1648 0.0000e+00
      5.786      0.001     7.5955     69.339     49.217  35.619710     2.8926      6.454   317.2665 1.6022e-01     8.4810      5.674      8.229    11.1667 0.0000e+00
      5.786      0.001     7.5953     69.370     49.249  35.646215     2.8951      6.453   317.4908 1.4863e-01     8.6098      5.674      8.229    11.1724 0.0000e+00
      5.786      0.001     7.6054     69.383     49.254  35.654233     2.8949      6.453   317.4028 1.4586e-01     8.7154      5.674      8.229    11.1772 0.0000e+00
      5.786      0.000     7.6103     69.356     49.247  35.653208     2.8986      6.453   317.1484 1.4705e-01     8.7321      5.674      8.229    11.1798 0.0000e+00
      5.786 1.8628e-08     7.6126     69.314     49.217  35.633825     2.8895      6.453   316.6516 1.5395e-01     8.7095      5.674      8.229    11.1833 0.0000e+00
      5.786 2.0490e-07     7.6155     69.283     49.182  35.610232     2.8516      6.453   316.8163 1.6511e-01     8.6126      5.674      8.230    11.1873 0.0000e+00
      5.786 2.0490e-07     7.6192     69.277     49.197  35.621755     2.8066      6.452   317.7640 1.5905e-01     8.5175      5.674      8.230    11.1911 0.0000e+00
      5.786 1.8627e-08     7.6124     69.302     49.232  35.646250     2.7867      6.451   318.3015 1.5116e-01     8.5164      5.674      8.229    11.1953 0.0000e+00
      5.786 1.6934e-09     7.6070     69.315     49.238  35.652595     2.7863      6.452   318.1525 1.5599e-01     8.4969      5.674      8.230    11.1989 0.0000e+00
      5.786 1.5395e-10     7.6029     69.302     49.208  35.635017     2.8098      6.452   317.8551 1.5992e-01     8.4514      5.674      8.230    11.2009 0.0000e+00
      5.786 1.4024e-11     7.6009     69.295     49.188  35.624069     2.8549      6.452   317.8030 1.5345e-01     8.4446      5.675      8.230    11.1999 0.0000e+00
      5.786 1.5878e-12     7.6071     69.303     49.218  35.647132     2.8820      6.450   318.1255 1.4918e-01     8.4492      5.674      8.230    11.1992 0.0000e+00
      5.787 3.5858e-12     7.6088     69.316     49.237  35.660072     2.8958      6.449   318.4846 1.5283e-01     8.4726      5.675      8.231    11.2002 0.0000e+00
