Data/DataNotYetUploadedToEDI/Raw_CTD/RawDownloads/072419_bvr50_a.cnv
* Sea-Bird SBE19plus  Data File:
* FileName = C:\DATA\072419_bvr50_a_0001.hex
* Software version 2.8.0.119 SB_Terminal.dll
* Temperature SN = 7809
* Conductivity SN = 7809
* System UpLoad Time = Jul 24 2019 11:38:53
* <ApplicationData>
* <Seaterm232>
# nquan = 16
# nvalues = 957                         
# units = specified
# name 0 = depFM: Depth [fresh water, m]
# name 1 = dz/dtM: Descent Rate [m/s]
# name 2 = sbeox0Mg/L: Oxygen, SBE 43 [mg/l]
# name 3 = sbeox0PS: Oxygen, SBE 43 [% saturation]
# name 4 = specc: Specific Conductance [uS/cm]
# name 5 = c0uS/cm: Conductivity [uS/cm]
# name 6 = flECO-AFL: Fluorescence, WET Labs ECO-AFL/FL [mg/m^3]
# name 7 = ph: pH
# name 8 = orp: Oxidation Reduction Potential [mV]
# name 9 = par/sat/log: PAR/Logarithmic, Satlantic
# name 10 = turbWETntu0: Turbidity, WET Labs ECO [NTU]
# name 11 = prdM: Pressure, Strain Gauge [db]
# name 12 = prdE: Pressure, Strain Gauge [psi]
# name 13 = tv290C: Temperature [ITS-90, deg C]
# name 14 = density00: Density [density, kg/m^3]
# name 15 = flag:  0.000e+00
# span 0 =     -0.660,     10.052       
# span 1 =     -0.253,      0.282       
# span 2 =    -0.2013,     8.2681       
# span 3 =     -1.973,    102.051       
# span 4 =      1.316,    134.205       
# span 5 =   1.347131,  90.231195       
# span 6 =    -0.1349,    28.9255       
# span 7 =     -2.334,      8.544       
# span 8 = -1240.7455,   489.7942       
# span 9 = 1.2345e-01, 3.5328e+03       
# span 10 =    -2.0772,    64.6271      
# span 11 =     -0.649,      9.859      
# span 12 =     -0.940,     14.299      
# span 13 =     8.5903,    26.1699      
# span 14 =   996.7464,   999.9090      
# span 15 = 0.0000e+00, 0.0000e+00      
# interval = seconds: 0.25
# start_time = Jul 24 2019 11:30:30 [Instrument's time stamp, header]
# bad_flag = -9.990e-29
*END*
[from data line 362]
      0.993      0.011     6.9478     85.438     27.429  27.908778     1.9340      6.762   295.1013 7.7535e+01     1.3113      0.974      1.413    25.8633   996.8418 0.0000e+00
      0.993      0.010     6.9456     85.414     27.449  27.930501     1.9367      6.762   295.3050 7.3837e+01     1.3367      0.975      1.413    25.8620   996.8421 0.0000e+00
      0.993      0.014     6.9446     85.403     27.438  27.918811     1.9246      6.761   295.4412 7.1586e+01     1.3349      0.973      1.411    25.8620   996.8421 0.0000e+00
      0.996      0.018     6.9442     85.396     27.415  27.894323     1.8999      6.758   295.6294 7.0345e+01     1.3219      0.975      1.414    25.8641   996.8416 0.0000e+00
      1.001      0.021     6.9450     85.403     27.409  27.888201     1.8898      6.754   295.8593 6.9858e+01     1.3110      0.980      1.422    25.8679   996.8406 0.0000e+00
      1.010      0.025     6.9460     85.413     27.429  27.908226     1.8895      6.753   295.9847 6.9605e+01     1.3025      0.991      1.437    25.8711   996.8398 0.0000e+00
      1.020      0.026     6.9476     85.432     27.466  27.946108     1.8876      6.754   296.1131 6.9406e+01     1.2835      1.003      1.453    25.8715   996.8397 0.0000e+00
      1.027      0.025     6.9486     85.447     27.486  27.965565     1.8928      6.755   296.2921 6.9387e+01     1.2785      1.007      1.460    25.8689   996.8404 0.0000e+00
      1.033      0.023     6.9474     85.433     27.473  27.953138     1.8909      6.755   296.4286 6.9477e+01     1.2744      1.012      1.467    25.8665   996.8410 0.0000e+00
      1.038      0.021     6.9450     85.404     27.443  27.922740     1.8819      6.756   296.5586 6.9542e+01     1.2673      1.019      1.477    25.8662   996.8412 0.0000e+00
      1.042      0.022     6.9435     85.389     27.434  27.915257     1.8796      6.757   296.7458 6.9458e+01     1.2906      1.022      1.482    25.8664   996.8412 0.0000e+00
      1.046      0.028     6.9454     85.417     27.443  27.926103     1.8815      6.756   296.8852 6.8802e+01     1.3266      1.026      1.488    25.8666   996.8411 0.0000e+00
      1.050      0.038     6.9517     85.499     27.443  27.926999     1.8873      6.755   296.9535 6.7264e+01     1.3421      1.029      1.492    25.8673   996.8409 0.0000e+00
      1.057      0.048     6.9594     85.594     27.442  27.926086     1.8887      6.755   297.0563 6.5070e+01     1.3150      1.033      1.498    25.8677   996.8408 0.0000e+00
      1.072      0.058     6.9648     85.655     27.432  27.915069     1.8899      6.754   297.1814 6.2807e+01     1.2932      1.048      1.519    25.8699   996.8404 0.0000e+00
      1.095      0.063     6.9669     85.674     27.440  27.920682     1.9368      6.752   297.2610 6.0605e+01     1.3402      1.072      1.556    25.8740   996.8394 0.0000e+00
      1.117      0.063     6.9656     85.651     27.452  27.930501     2.0220      6.752   297.3300 5.8431e+01     1.3917      1.098      1.592    25.8764   996.8388 0.0000e+00
      1.136      0.061     6.9637     85.626     27.430  27.906906     2.0615      6.752   297.4994 5.6663e+01     1.3586      1.116      1.619    25.8766   996.8389 0.0000e+00
      1.149      0.057     6.9639     85.628     27.413  27.889176     2.0505      6.753   297.8464 5.5251e+01     1.3015      1.130      1.639    25.8735   996.8398 0.0000e+00
      1.158      0.053     6.9627     85.613     27.429  27.906454     2.0356      6.750   298.1707 5.4034e+01     1.2914      1.136      1.647    25.8682   996.8412 0.0000e+00
      1.166      0.052     6.9598     85.578     27.448  27.925483     2.0201      6.746   298.4089 5.3346e+01     1.3012      1.140      1.655    25.8635   996.8424 0.0000e+00
      1.179      0.052     6.9554     85.523     27.452  27.928914     2.0108      6.743   298.6609 5.3128e+01     1.3215      1.154      1.674    25.8622   996.8429 0.0000e+00
      1.197      0.052     6.9472     85.420     27.471  27.947932     2.0094      6.740   298.7231 5.3175e+01     1.3409      1.174      1.702    25.8629   996.8427 0.0000e+00
      1.215      0.052     6.9372     85.297     27.488  27.965092     1.9941      6.740   298.7303 5.3391e+01     1.3385      1.193      1.730    25.8634   996.8427 0.0000e+00
      1.228      0.052     6.9282     85.186     27.469  27.946067     1.9740      6.740   298.9198 5.3684e+01     1.3257      1.206      1.750    25.8632   996.8428 0.0000e+00
      1.238      0.051     6.9227     85.120     27.432  27.908225     1.9650      6.740   299.1221 5.4097e+01     1.3171      1.215      1.762    25.8623   996.8431 0.0000e+00
      1.248      0.049     6.9225     85.117     27.412  27.888217     1.9556      6.740   299.2836 5.4421e+01     1.3001      1.222      1.773    25.8614   996.8434 0.0000e+00
      1.259      0.049     6.9257     85.156     27.418  27.894496     1.9726      6.739   299.4958 5.4556e+01     1.2847      1.233      1.788    25.8614   996.8435 0.0000e+00
      1.273      0.050     6.9323     85.235     27.445  27.920699     2.0328      6.739   299.7091 5.4562e+01     1.2943      1.248      1.810    25.8619   996.8434 0.0000e+00
      1.288      0.053     6.9421     85.350     27.477  27.951251     2.0849      6.740   299.8836 5.4422e+01     1.3181      1.263      1.832    25.8621   996.8434 0.0000e+00
      1.302      0.056     6.9531     85.478     27.475  27.946675     2.0999      6.741   300.0573 5.4129e+01     1.3092      1.279      1.853    25.8622   996.8434 0.0000e+00
      1.315      0.058     6.9607     85.565     27.460  27.928815     2.0919      6.742   300.1743 5.3748e+01     1.2859      1.290      1.871    25.8621   996.8435 0.0000e+00
      1.328      0.058     6.9612     85.562     27.460  27.925631     2.0838      6.743   300.2655 5.3327e+01     1.3309      1.300      1.887    25.8601   996.8441 0.0000e+00
      1.343      0.057     6.9559     85.491     27.445  27.908167     2.0801      6.743   300.3857 5.2830e+01     1.3616      1.316      1.909    25.8562   996.8452 0.0000e+00
      1.361      0.056     6.9469     85.376     27.446  27.907996     2.0816      6.744   300.5092 5.2364e+01     1.3303      1.335      1.936    25.8521   996.8464 0.0000e+00
      1.377      0.053     6.9339     85.213     27.462  27.923559     2.0847      6.744   300.6409 5.1965e+01     1.3125      1.350      1.960    25.8472   996.8477 0.0000e+00
      1.390      0.050     6.9186     85.022     27.446  27.905994     2.0829      6.744   300.7725 5.1677e+01     1.3096      1.364      1.978    25.8417   996.8493 0.0000e+00
      1.401      0.046     6.9041     84.843     27.427  27.885961     2.0856      6.743   300.8963 5.1693e+01     1.3284      1.375      1.994    25.8374   996.8504 0.0000e+00
      1.410      0.042     6.8920     84.693     27.413  27.871673     2.0832      6.741   300.8470 5.2040e+01     1.3436      1.383      2.006    25.8350   996.8511 0.0000e+00
      1.420      0.041     6.8820     84.571     27.402  27.860137     2.0714      6.740   300.7781 5.2572e+01     1.3301      1.391      2.018    25.8334   996.8516 0.0000e+00
      1.430      0.042     6.8724     84.453     27.416  27.873364     2.0641      6.741   300.9245 5.3336e+01     1.3282      1.402      2.033    25.8316   996.8521 0.0000e+00
      1.441      0.044     6.8638     84.345     27.447  27.904709     2.0724      6.741   301.0683 5.4201e+01     1.3541      1.414      2.051    25.8298   996.8525 0.0000e+00
      1.452      0.046     6.8590     84.285     27.464  27.921909     2.0851      6.740   301.1402 5.4949e+01     1.3803      1.424      2.065    25.8290   996.8528 0.0000e+00
      1.464      0.047     6.8558     84.243     27.434  27.890984     2.0787      6.740   301.1050 5.5667e+01     1.3835      1.434      2.080    25.8291   996.8529 0.0000e+00
      1.477      0.047     6.8510     84.183     27.392  27.848012     2.0482      6.741   301.0735 5.6193e+01     1.3915      1.449      2.102    25.8301   996.8527 0.0000e+00
      1.490      0.047     6.8465     84.126     27.392  27.846452     2.0201      6.742   301.1893 5.6433e+01     1.4121      1.462      2.121    25.8301   996.8528 0.0000e+00
      1.502      0.047     6.8464     84.123     27.418  27.872122     2.0158      6.741   301.3003 5.6708e+01     1.4032      1.472      2.136    25.8283   996.8533 0.0000e+00
      1.513      0.047     6.8526     84.197     27.450  27.904608     2.0226      6.739   301.2964 5.6926e+01     1.3820      1.483      2.151    25.8273   996.8535 0.0000e+00
      1.524      0.046     6.8604     84.290     27.468  27.922014     2.0848      6.738   301.2285 5.6788e+01     1.3527      1.493      2.166    25.8265   996.8538 0.0000e+00
      1.536      0.045     6.8649     84.345     27.439  27.892240     2.1953      6.737   301.1689 5.6468e+01     1.3114      1.506      2.185    25.8246   996.8544 0.0000e+00
      1.549      0.044     6.8665     84.365     27.409  27.861838     2.2490      6.737   301.0921 5.5959e+01     1.3078      1.519      2.204    25.8227   996.8549 0.0000e+00
      1.560      0.043     6.8650     84.346     27.419  27.871654     2.2487      6.736   301.1603 5.5400e+01     1.3098      1.530      2.220    25.8213   996.8553 0.0000e+00
      1.570      0.043     6.8619     84.306     27.432  27.884031     2.2180      6.734   301.3048 5.5148e+01     1.3023      1.540      2.234    25.8203   996.8556 0.0000e+00
      1.580      0.044     6.8609     84.292     27.432  27.884588     2.1545      6.732   301.2903 5.5222e+01     1.3153      1.549      2.246    25.8198   996.8558 0.0000e+00
      1.590      0.046     6.8626     84.312     27.426  27.878389     2.1233      6.729   301.3293 5.5667e+01     1.3368      1.558      2.260    25.8195   996.8559 0.0000e+00
      1.602      0.049     6.8666     84.360     27.421  27.872527     2.1350      6.726   301.4314 5.6426e+01     1.3325      1.570      2.277    25.8193   996.8561 0.0000e+00
      1.615      0.052     6.8718     84.423     27.426  27.877152     2.1405      6.724   301.4068 5.7321e+01     1.2958      1.584      2.297    25.8187   996.8563 0.0000e+00
      1.630      0.056     6.8763     84.478     27.420  27.870864     2.0941      6.721   301.3756 5.8164e+01     1.2860      1.598      2.318    25.8177   996.8566 0.0000e+00
      1.645      0.058     6.8786     84.505     27.409  27.859943     2.0077      6.718   301.3987 5.8778e+01     1.3126      1.612      2.338    25.8171   996.8568 0.0000e+00
      1.660      0.059     6.8804     84.528     27.421  27.871998     1.9619      6.716   301.4280 5.9117e+01     1.3234      1.627      2.360    25.8168   996.8570 0.0000e+00
      1.676      0.060     6.8825     84.554     27.439  27.889734     1.9651      6.715   301.4719 5.9245e+01     1.3184      1.644      2.384    25.8163   996.8571 0.0000e+00
      1.691      0.060     6.8815     84.541     27.433  27.884053     1.9946      6.715   301.4993 5.9250e+01     1.3166      1.659      2.406    25.8157   996.8573 0.0000e+00
      1.706      0.059     6.8766     84.481     27.416  27.866750     2.0412      6.714   301.5016 5.9150e+01     1.3017      1.674      2.427    25.8156   996.8575 0.0000e+00
      1.721      0.057     6.8736     84.442     27.421  27.870859     2.0688      6.714   301.4993 5.8852e+01     1.3028      1.688      2.448    25.8156   996.8575 0.0000e+00
      1.736      0.055     6.8745     84.451     27.421  27.870292     2.0777      6.715   301.4714 5.8377e+01     1.3302      1.702      2.468    25.8155   996.8576 0.0000e+00
      1.751      0.053     6.8764     84.471     27.412  27.859891     2.0964      6.716   301.4220 5.7963e+01     1.3375      1.717      2.490    25.8156   996.8577 0.0000e+00
      1.764      0.052     6.8797     84.510     27.425  27.871984     2.1295      6.716   301.3326 5.7612e+01     1.3580      1.730      2.510    25.8153   996.8578 0.0000e+00
      1.776      0.050     6.8845     84.567     27.443  27.889621     2.1489      6.717   301.2502 5.7234e+01     1.3810      1.741      2.526    25.8142   996.8582 0.0000e+00
      1.788      0.048     6.8902     84.636     27.436  27.882805     2.1488      6.719   301.2865 5.6880e+01     1.3540      1.753      2.542    25.8123   996.8587 0.0000e+00
      1.800      0.047     6.8956     84.702     27.407  27.853012     2.1628      6.721   301.3418 5.6560e+01     1.3262      1.765      2.560    25.8101   996.8593 0.0000e+00
      1.812      0.046     6.8961     84.708     27.401  27.846625     2.1879      6.722   301.3164 5.6341e+01     1.3407      1.778      2.578    25.8086   996.8598 0.0000e+00
      1.824      0.045     6.8901     84.633     27.424  27.869025     2.2009      6.724   301.2379 5.6118e+01     1.3648      1.789      2.594    25.8078   996.8600 0.0000e+00
      1.835      0.045     6.8815     84.527     27.425  27.870064     2.2074      6.726   301.2529 5.5806e+01     1.3556      1.799      2.609    25.8072   996.8602 0.0000e+00
      1.846      0.045     6.8743     84.438     27.415  27.859191     2.1976      6.726   301.4110 5.5497e+01     1.3274      1.810      2.626    25.8069   996.8604 0.0000e+00
      1.857      0.046     6.8705     84.392     27.420  27.864443     2.1603      6.727   301.5153 5.5127e+01     1.3186      1.821      2.642    25.8064   996.8606 0.0000e+00
      1.868      0.047     6.8713     84.401     27.425  27.870126     2.1302      6.727   301.5675 5.4694e+01     1.3472      1.831      2.656    25.8060   996.8608 0.0000e+00
      1.880      0.048     6.8749     84.446     27.420  27.864454     2.1284      6.727   301.6976 5.4292e+01     1.3788      1.844      2.673    25.8056   996.8609 0.0000e+00
      1.893      0.048     6.8805     84.515     27.415  27.859309     2.1381      6.728   301.7980 5.3889e+01     1.3730      1.856      2.692    25.8057   996.8609 0.0000e+00
      1.907      0.048     6.8859     84.581     27.426  27.871355     2.1695      6.728   301.7485 5.3413e+01     1.3428      1.870      2.712    25.8059   996.8610 0.0000e+00
      1.919      0.047     6.8899     84.631     27.437  27.883210     2.2211      6.728   301.7880 5.2942e+01     1.3088      1.882      2.730    25.8060   996.8609 0.0000e+00
      1.931      0.046     6.8912     84.647     27.430  27.875769     2.2515      6.728   301.9311 5.2497e+01     1.2896      1.894      2.746    25.8061   996.8610 0.0000e+00
      1.942      0.044     6.8870     84.596     27.400  27.844833     2.2590      6.728   302.0151 5.2019e+01     1.3075      1.905      2.763    25.8058   996.8611 0.0000e+00
      1.954      0.042     6.8821     84.536     27.381  27.826386     2.2337      6.729   302.1164 5.1505e+01     1.3282      1.917      2.779    25.8062   996.8611 0.0000e+00
      1.964      0.041     6.8813     84.525     27.397  27.843052     2.1802      6.731   302.1236 5.0965e+01     1.3111      1.927      2.794    25.8067   996.8610 0.0000e+00
      1.973      0.041     6.8813     84.525     27.411  27.856012     2.1491      6.732   302.1025 5.0452e+01     1.2964      1.935      2.807    25.8068   996.8610 0.0000e+00
      1.983      0.041     6.8788     84.495     27.411  27.856202     2.1438      6.732   302.2053 4.9892e+01     1.3140      1.944      2.820    25.8069   996.8610 0.0000e+00
      1.993      0.041     6.8745     84.442     27.400  27.845347     2.1597      6.731   302.3339 4.9265e+01     1.3276      1.954      2.834    25.8067   996.8611 0.0000e+00
      2.004      0.041     6.8713     84.402     27.406  27.851649     2.1853      6.730   302.4520 4.8617e+01     1.2980      1.965      2.849    25.8065   996.8612 0.0000e+00
      2.017      0.041     6.8711     84.399     27.424  27.868953     2.1930      6.730   302.6005 4.7947e+01     1.2510      1.978      2.869    25.8062   996.8614 0.0000e+00
