Data/DataNotYetUploadedToEDI/Raw_CTD/RawDownloads/072419_bvr50_c.cnv
* Sea-Bird SBE19plus  Data File:
* FileName = C:\DATA\MSN2_CTD_CASTS_072419\072419_bvr50_c_0001.hex
* Software version 2.8.0.119 SB_Terminal.dll
* Temperature SN = 7809
* Conductivity SN = 7809
* System UpLoad Time = Jul 24 2019 21:33:16
* <ApplicationData>
* <Seaterm232>
# nquan = 16
# nvalues = 680                         
# units = specified
# name 0 = depFM: Depth [fresh water, m]
# name 1 = dz/dtM: Descent Rate [m/s]
# name 2 = sbeox0Mg/L: Oxygen, SBE 43 [mg/l]
# name 3 = sbeox0PS: Oxygen, SBE 43 [% saturation]
# name 4 = specc: Specific Conductance [uS/cm]
# name 5 = c0uS/cm: Conductivity [uS/cm]
# name 6 = flECO-AFL: Fluorescence, WET Labs ECO-AFL/FL [mg/m^3]
# name 7 = ph: pH
# name 8 = orp: Oxidation Reduction Potential [mV]
# name 9 = par/sat/log: PAR/Logarithmic, Satlantic
# name 10 = turbWETntu0: Turbidity, WET Labs ECO [NTU]
# name 11 = prdM: Pressure, Strain Gauge [db]
# name 12 = prdE: Pressure, Strain Gauge [psi]
# name 13 = tv290C: Temperature [ITS-90, deg C]
# name 14 = density00: Density [density, kg/m^3]
# name 15 = flag:  0.000e+00
# span 0 =     -0.662,     10.543       
# span 1 =     -0.006,      0.134       
# span 2 =    -0.2559,     8.8009       
# span 3 =     -2.521,    103.075       
# span 4 =      0.158,    216.792       
# span 5 =   0.141733, 145.183785       
# span 6 =    -0.1453,    40.1326       
# span 7 =      6.207,      8.438       
# span 8 = -1240.7376,   702.0683       
# span 9 = 1.2348e-01, 1.2396e-01       
# span 10 =    -0.5789,    59.4844      
# span 11 =     -0.650,     10.340      
# span 12 =     -0.942,     14.997      
# span 13 =     8.4733,    27.4052      
# span 14 =   996.4219,   999.9502      
# span 15 = 0.0000e+00, 0.0000e+00      
# interval = seconds: 0.25
# start_time = Jul 24 2019 21:22:57 [Instrument's time stamp, header]
# bad_flag = -9.990e-29
*END*
[from data line 543]
      7.586      0.105     0.1181      1.034     94.492  65.236489     0.9628      6.279   138.3700 1.2373e-01     1.8596      7.441     10.793     9.6278   999.8034 0.0000e+00
      7.610      0.105     0.1185      1.037     95.262  65.705459     0.9629      6.275   137.5089 1.2375e-01     1.8460      7.462     10.823     9.5959   999.8062 0.0000e+00
      7.635      0.102     0.1203      1.052     95.732  65.960555     0.9475      6.271   136.4299 1.2373e-01     1.8472      7.484     10.855     9.5686   999.8088 0.0000e+00
      7.665      0.100     0.1230      1.075     96.573  66.477319     0.9236      6.266   135.2174 1.2368e-01     1.8422      7.518     10.903     9.5455   999.8112 0.0000e+00
      7.695      0.100     0.1245      1.087     98.230  67.567233     0.9078      6.263   134.2073 1.2368e-01     1.8174      7.550     10.949     9.5202   999.8141 0.0000e+00
      7.716      0.103     0.1245      1.087    100.227  68.903484     0.8955      6.260   133.2498 1.2371e-01     1.8099      7.569     10.977     9.4854   999.8172 0.0000e+00
      7.734      0.106     0.1235      1.078    102.117  70.173154     0.8445      6.256   132.2451 1.2375e-01     1.8501      7.582     10.996     9.4472   999.8203 0.0000e+00
      7.759      0.108     0.1218      1.062    103.868  71.347295     0.7507      6.254   131.0933 1.2376e-01     1.8775      7.605     11.031     9.4133   999.8234 0.0000e+00
      7.793      0.108     0.1205      1.051    105.194  72.227246     0.6892      6.251   129.8203 1.2376e-01     1.8455      7.642     11.084     9.3882   999.8263 0.0000e+00
      7.828      0.108     0.1190      1.038    105.982  72.737190     0.6808      6.247   128.7273 1.2374e-01     1.7920      7.679     11.137     9.3703   999.8286 0.0000e+00
      7.859      0.105     0.1165      1.016    106.407  72.998216     0.7015      6.245   127.7722 1.2366e-01     1.7873      7.709     11.181     9.3567   999.8305 0.0000e+00
      7.884      0.100     0.1147      1.000    106.594  73.094046     0.7230      6.241   126.8765 1.2362e-01     1.8214      7.732     11.215     9.3444   999.8324 0.0000e+00
      7.904      0.094     0.1137      0.990    106.704  73.132744     0.7244      6.238   125.9840 1.2366e-01     1.8441      7.750     11.241     9.3281   999.8342 0.0000e+00
      7.924      0.090     0.1131      0.984    106.872  73.211706     0.7184      6.236   125.1550 1.2368e-01     1.8643      7.769     11.269     9.3130   999.8357 0.0000e+00
      7.947      0.090     0.1134      0.986    106.937  73.222060     0.6767      6.234   124.5967 1.2366e-01     1.8688      7.794     11.304     9.2999   999.8370 0.0000e+00
      7.970      0.092     0.1114      0.969    106.574  72.939938     0.6013      6.231   124.1385 1.2368e-01     1.8341      7.816     11.336     9.2846   999.8384 0.0000e+00
      7.993      0.095     0.1072      0.932    106.034  72.534910     0.5611      6.229   123.7449 1.2373e-01     1.8053      7.837     11.367     9.2667   999.8399 0.0000e+00
      8.018      0.097     0.1055      0.918    105.505  72.140216     0.5550      6.227   123.4510 1.2371e-01     1.8158      7.862     11.403     9.2492   999.8415 0.0000e+00
      8.045      0.097     0.1075      0.935    104.580  71.474250     0.5700      6.225   123.0797 1.2369e-01     1.8298      7.890     11.443     9.2337   999.8430 0.0000e+00
      8.071      0.097     0.1103      0.958    103.721  70.841287     0.6044      6.224   122.6109 1.2374e-01     1.8423      7.917     11.482     9.2194   999.8440 0.0000e+00
      8.096      0.093     0.1113      0.965    103.534  70.654796     0.6245      6.224   121.8269 1.2380e-01     1.8686      7.940     11.517     9.2011   999.8452 0.0000e+00
      8.119      0.086     0.1111      0.964    103.655  70.681775     0.6225      6.223   120.6564 1.2378e-01     1.8863      7.962     11.547     9.1844   999.8466 0.0000e+00
      8.142      0.080     0.1118      0.969    103.962  70.849510     0.5968      6.223   119.5566 1.2378e-01     1.8593      7.985     11.581     9.1735   999.8471 0.0000e+00
      8.163      0.078     0.1127      0.976    104.644  71.283996     0.5651      6.222   118.7680 1.2379e-01     1.8046      8.009     11.616     9.1504   999.8485 0.0000e+00
      8.178      0.079     0.1146      0.993    105.446  71.802100     0.5509      6.221   118.0054 1.2375e-01     1.7821      8.022     11.636     9.1188   999.8511 0.0000e+00
      8.189      0.079     0.1160      1.004    105.912  72.090599     0.5553      6.221   117.1326 1.2373e-01     1.8167      8.027     11.642     9.0899   999.8533 0.0000e+00
      8.209      0.078     0.1141      0.988    106.151  72.228740     0.5924      6.221   116.3029 1.2373e-01     1.8626      8.045     11.669     9.0699   999.8550 0.0000e+00
      8.239      0.076     0.1109      0.961    106.508  72.454928     0.6448      6.222   115.5452 1.2378e-01     1.8782      8.081     11.721     9.0582   999.8564 0.0000e+00
      8.266      0.076     0.1099      0.951    106.926  72.726998     0.6681      6.223   114.8543 1.2377e-01     1.8739      8.111     11.764     9.0450   999.8579 0.0000e+00
      8.283      0.074     0.1104      0.955    107.684  73.229119     0.6658      6.224   114.2298 1.2369e-01     1.8431      8.125     11.784     9.0306   999.8591 0.0000e+00
      8.295      0.070     0.1085      0.938    108.762  73.947454     0.6605      6.225   113.7594 1.2373e-01     1.8009      8.133     11.796     9.0180   999.8601 0.0000e+00
      8.308      0.065     0.1065      0.921    109.284  74.290034     0.6644      6.226   113.4687 1.2378e-01     1.7901      8.146     11.815     9.0107   999.8609 0.0000e+00
      8.325      0.063     0.1071      0.926    109.249  74.255204     0.6697      6.226   113.0379 1.2371e-01     1.7777      8.164     11.841     9.0065   999.8613 0.0000e+00
      8.343      0.066     0.1080      0.934    109.502  74.416640     0.6727      6.227   112.3366 1.2367e-01     1.7499      8.182     11.867     9.0001   999.8622 0.0000e+00
      8.362      0.072     0.1076      0.931    110.328  74.970019     0.6833      6.227   111.7011 1.2372e-01     1.7815      8.201     11.894     8.9923   999.8635 0.0000e+00
      8.379      0.078     0.1066      0.922    111.177  75.540415     0.7199      6.225   111.2040 1.2379e-01     1.8974      8.218     11.920     8.9869   999.8641 0.0000e+00
      8.395      0.085     0.1054      0.911    111.735  75.907542     0.7867      6.223   110.6287 1.2380e-01     2.0369      8.232     11.939     8.9826   999.8644 0.0000e+00
      8.416      0.093     0.1044      0.902    112.423  76.356182     0.8315      6.221   109.9067 1.2370e-01     2.0915      8.251     11.965     8.9767   999.8648 0.0000e+00
      8.444      0.103     0.1037      0.896    113.247  76.894442     0.8369      6.218   109.1856 1.2367e-01     2.0663      8.280     12.009     8.9734   999.8656 0.0000e+00
      8.474      0.111     0.1034      0.893    113.633  77.136664     0.7994      6.217   108.6213 1.2371e-01     2.0594      8.311     12.056     8.9725   999.8663 0.0000e+00
      8.504      0.116     0.1032      0.891    113.454  76.995183     0.7251      6.218   107.9879 1.2375e-01     2.0411      8.338     12.094     8.9669   999.8669 0.0000e+00
      8.535      0.116     0.1031      0.890    112.975  76.646646     0.6759      6.218   107.2054 1.2379e-01     1.9770      8.368     12.137     8.9573   999.8681 0.0000e+00
      8.569      0.111     0.1041      0.899    112.587  76.357000     0.6723      6.217   106.3876 1.2380e-01     1.9720      8.404     12.190     8.9474   999.8694 0.0000e+00
      8.599      0.105     0.1056      0.911    112.718  76.418720     0.6815      6.216   105.4999 1.2375e-01     2.0464      8.435     12.234     8.9387   999.8702 0.0000e+00
      8.623      0.098     0.1060      0.915    113.257  76.756864     0.6840      6.215   104.7320 1.2368e-01     2.0895      8.456     12.266     8.9312   999.8708 0.0000e+00
      8.645      0.090     0.1057      0.912    113.948  77.201775     0.6841      6.215   104.0724 1.2363e-01     2.0667      8.478     12.297     8.9205   999.8715 0.0000e+00
      8.666      0.084     0.1054      0.910    114.845  77.791118     0.6831      6.215   103.2893 1.2365e-01     2.0335      8.499     12.328     8.9081   999.8722 0.0000e+00
      8.685      0.080     0.1046      0.902    115.690  78.348949     0.6805      6.215   102.6619 1.2373e-01     2.0482      8.518     12.355     8.8960   999.8733 0.0000e+00
      8.704      0.078     0.1023      0.883    116.082  78.603574     0.6782      6.216   102.4231 1.2379e-01     2.0812      8.535     12.379     8.8834   999.8746 0.0000e+00
      8.723      0.078     0.1003      0.865    116.153  78.643538     0.6731      6.216   102.2095 1.2384e-01     2.0712      8.553     12.407     8.8730   999.8756 0.0000e+00
      8.744      0.080     0.0998      0.861    116.066  78.577706     0.6714      6.215   101.7144 1.2388e-01     2.0257      8.575     12.437     8.8653   999.8767 0.0000e+00
      8.765      0.083     0.1004      0.866    115.787  78.380066     0.6564      6.215   101.0831 1.2387e-01     1.9908      8.596     12.468     8.8590   999.8777 0.0000e+00
      8.785      0.087     0.1012      0.873    115.483  78.162082     0.6048      6.215   100.5996 1.2385e-01     2.0089      8.615     12.495     8.8541   999.8781 0.0000e+00
      8.805      0.090     0.1012      0.873    115.331  78.041083     0.5590      6.216   100.2560 1.2380e-01     2.0487      8.632     12.519     8.8513   999.8784 0.0000e+00
      8.830      0.090     0.1015      0.875    115.299  77.998371     0.5458      6.216    99.9396 1.2374e-01     2.0459      8.658     12.558     8.8488   999.8787 0.0000e+00
      8.858      0.090     0.1011      0.872    115.371  78.027271     0.5485      6.216    99.6134 1.2374e-01     2.0075      8.688     12.602     8.8450   999.8790 0.0000e+00
      8.882      0.089     0.0978      0.843    115.558  78.136051     0.6088      6.216    99.2371 1.2376e-01     1.9773      8.711     12.634     8.8402   999.8794 0.0000e+00
      8.902      0.087     0.0952      0.820    115.819  78.295912     0.7203      6.217    98.8318 1.2373e-01     2.0089      8.730     12.662     8.8323   999.8800 0.0000e+00
      8.922      0.087     0.0967      0.832    116.140  78.497173     0.7867      6.218    98.3259 1.2373e-01     2.0622      8.750     12.691     8.8218   999.8808 0.0000e+00
      8.942      0.090     0.0982      0.846    116.497  78.724862     0.7967      6.217    97.7673 1.2373e-01     2.0645      8.769     12.718     8.8132   999.8815 0.0000e+00
      8.963      0.095     0.0973      0.839    116.850  78.949810     0.8324      6.216    97.3263 1.2373e-01     2.1024      8.789     12.746     8.8064   999.8822 0.0000e+00
      8.988      0.100     0.0977      0.841    117.117  79.117905     0.9143      6.217    97.0377 1.2375e-01     2.2259      8.812     12.781     8.7988   999.8829 0.0000e+00
      9.017      0.102     0.0994      0.855    117.304  79.230661     0.9629      6.218    96.8593 1.2380e-01     2.2790      8.841     12.824     8.7917   999.8837 0.0000e+00
      9.049      0.101     0.1004      0.864    117.515  79.358981     0.9604      6.218    96.7179 1.2380e-01     2.2529      8.875     12.872     8.7862   999.8844 0.0000e+00
      9.079      0.097     0.1013      0.871    117.780  79.524408     0.8757      6.219    96.5329 1.2377e-01     2.2044      8.906     12.917     8.7805   999.8851 0.0000e+00
      9.101      0.091     0.1009      0.867    118.064  79.704164     0.7116      6.221    96.1706 1.2377e-01     2.0864      8.927     12.946     8.7751   999.8857 0.0000e+00
      9.119      0.085     0.1011      0.869    118.337  79.878512     0.6233      6.221    95.6069 1.2379e-01     2.0062      8.942     12.969     8.7699   999.8862 0.0000e+00
      9.138      0.079     0.1032      0.887    118.592  80.042142     0.6219      6.221    94.9658 1.2380e-01     2.0211      8.960     12.997     8.7636   999.8868 0.0000e+00
      9.158      0.077     0.1042      0.896    118.867  80.219510     0.6089      6.221    94.2692 1.2377e-01     2.0377      8.982     13.026     8.7573   999.8874 0.0000e+00
      9.178      0.079     0.1022      0.878    119.197  80.432733     0.5869      6.220    93.5512 1.2377e-01     2.0098      9.001     13.056     8.7526   999.8880 0.0000e+00
      9.197      0.083     0.0992      0.853    119.528  80.648182     0.5817      6.220    92.9088 1.2383e-01     2.0123      9.019     13.082     8.7485   999.8885 0.0000e+00
      9.217      0.087     0.1001      0.860    119.843  80.852453     0.5810      6.220    92.4395 1.2383e-01     2.0670      9.038     13.107     8.7449   999.8890 0.0000e+00
      9.240      0.092     0.1042      0.895    120.160  81.057732     0.6040      6.221    92.1792 1.2379e-01     2.0811      9.060     13.140     8.7414   999.8893 0.0000e+00
      9.266      0.095     0.1055      0.907    120.415  81.221724     0.6603      6.221    91.9991 1.2378e-01     2.0519      9.088     13.180     8.7372   999.8899 0.0000e+00
      9.292      0.097     0.1013      0.870    120.647  81.372105     0.6983      6.221    91.7238 1.2371e-01     2.0419      9.112     13.217     8.7340   999.8904 0.0000e+00
      9.318      0.097     0.0969      0.832    120.997  81.603643     0.7077      6.221    91.3460 1.2362e-01     2.0582      9.136     13.252     8.7307   999.8908 0.0000e+00
      9.344      0.096     0.0956      0.822    121.380  81.858255     0.7141      6.222    90.9586 1.2361e-01     2.0851      9.165     13.293     8.7266   999.8914 0.0000e+00
      9.368      0.094     0.0946      0.813    121.651  82.033127     0.7229      6.222    90.4812 1.2368e-01     2.1054      9.188     13.326     8.7238   999.8918 0.0000e+00
      9.389      0.089     0.0936      0.805    121.807  82.127550     0.7274      6.222    89.8754 1.2377e-01     2.0737      9.205     13.351     8.7206   999.8921 0.0000e+00
      9.413      0.084     0.0941      0.809    121.887  82.172856     0.7264      6.223    89.2265 1.2378e-01     2.0296      9.230     13.387     8.7188   999.8925 0.0000e+00
      9.438      0.079     0.0958      0.824    122.028  82.262820     0.7538      6.223    88.6584 1.2374e-01     2.0307      9.259     13.429     8.7188   999.8928 0.0000e+00
      9.457      0.077     0.0978      0.841    122.315  82.451863     0.8064      6.223    88.1698 1.2369e-01     2.0217      9.277     13.456     8.7150   999.8933 0.0000e+00
      9.469      0.080     0.0982      0.844    122.659  82.677204     0.8343      6.223    87.6199 1.2374e-01     2.0195      9.286     13.468     8.7095   999.8938 0.0000e+00
      9.483      0.087     0.0971      0.834    123.079  82.951549     0.8395      6.222    86.9995 1.2378e-01     2.0691      9.297     13.485     8.7056   999.8941 0.0000e+00
      9.504      0.098     0.0969      0.833    123.686  83.351334     0.8344      6.222    86.3480 1.2372e-01     2.0650      9.318     13.516     8.7043   999.8943 0.0000e+00
      9.532      0.112     0.0971      0.834    124.306  83.757248     0.7724      6.222    85.8511 1.2363e-01     2.0671      9.347     13.556     8.7033   999.8947 0.0000e+00
      9.565      0.123     0.0969      0.832    124.748  84.042031     0.6700      6.222    85.4653 1.2360e-01     2.1927      9.378     13.602     8.7002   999.8952 0.0000e+00
      9.604      0.127     0.0975      0.837    125.168  84.313261     0.6201      6.221    84.8668 1.2361e-01     2.2727      9.416     13.658     8.6965   999.8957 0.0000e+00
      9.645      0.125     0.0961      0.825    125.727  84.682512     0.6201      6.221    84.1221 1.2363e-01     2.2807      9.460     13.722     8.6929   999.8964 0.0000e+00
