Data/DataNotYetUploadedToEDI/Raw_CTD/RawDownloads/072423_fcr50_S7809007.cnv
* Sea-Bird SBE19plus  Data File:
* FileName = C:\R\Reservoirs\Data\DataNotYetUploadedToEDI\Raw_CTD\RawDownloads\073123_fcr50_S7809_0007.hex
* Software version 2.8.0.119
* Temperature SN = 7809
* Conductivity SN = 7809
* System UpLoad Time = Aug 03 2023 12:38:48
* <ApplicationData>
* <Seaterm232>
# nquan = 15
# nvalues = 4359                        
# units = specified
# name 0 = depFM: Depth [fresh water, m]
# name 1 = dz/dtM: Descent Rate [m/s]
# name 2 = sbeox0Mg/L: Oxygen, SBE 43 [mg/l]
# name 3 = sbeox0PS: Oxygen, SBE 43 [% saturation]
# name 4 = specc: Specific Conductance [uS/cm]
# name 5 = c0uS/cm: Conductivity [uS/cm]
# name 6 = flECO-AFL: Fluorescence, WET Labs ECO-AFL/FL [mg/m^3]
# name 7 = ph: pH
# name 8 = orp: Oxidation Reduction Potential [mV]
# name 9 = par/sat/log: PAR/Logarithmic, Satlantic
# name 10 = turbWETntu0: Turbidity, WET Labs ECO [NTU]
# name 11 = prdM: Pressure, Strain Gauge [db]
# name 12 = prdE: Pressure, Strain Gauge [psi]
# name 13 = tv290C: Temperature [ITS-90, deg C]
# name 14 = flag:  0.000e+00
# span 0 =     -0.623,      9.702       
# span 1 =     -0.287,      0.357       
# span 2 =    -0.2024,     8.6494       
# span 3 =     -1.610,    102.882       
# span 4 =      4.591,    437.958       
# span 5 =   4.343525, 314.896054       
# span 6 =    -2.0574,    56.0860       
# span 7 =     -2.051,      9.112       
# span 8 =  -754.4243,   347.0779       
# span 9 = 1.2360e-01, 1.7418e+03       
# span 10 =     0.8513,   122.1503      
# span 11 =     -0.611,      9.515      
# span 12 =     -0.886,     13.800      
# span 13 =    10.9429,    24.5551      
# span 14 = 0.0000e+00, 0.0000e+00      
# interval = seconds: 0.25
# start_time = Jul 24 2023 06:01:56 [Instrument's time stamp, header]
# bad_flag = -9.990e-29
*END*
[from data line 1350]
      3.190      0.010     0.1859      1.818     58.877  45.755070    22.4738      6.853   280.3991 2.2626e+01     8.8068      3.128      4.537    13.9702 0.0000e+00
      3.195      0.011     0.1854      1.805     58.850  45.748892    22.4697      6.852   278.2449 2.2195e+01     8.7711      3.133      4.544    13.9449 0.0000e+00
      3.199      0.011     0.1860      1.802     58.814  45.733420    22.4161      6.851   276.3176 2.1929e+01     8.7090      3.138      4.551    13.8971 0.0000e+00
      3.202      0.011     0.1922      1.798     58.774  45.694988    21.9841      6.850   274.5625 2.1761e+01     8.7049      3.140      4.554    13.8471 0.0000e+00
      3.203      0.011     0.1868      1.798     58.771  45.665096    21.2240      6.848   272.8559 2.1555e+01     8.7560      3.140      4.555    13.8443 0.0000e+00
      3.205      0.010     0.1861      1.788     58.761  45.625898    20.8170      6.846   270.9976 2.1234e+01     8.7802      3.142      4.557    13.8682 0.0000e+00
      3.208      0.009     0.1868      1.778     58.757  45.601898    20.6677      6.846   269.1301 2.0837e+01     8.7585      3.146      4.563    13.8836 0.0000e+00
      3.212      0.009     0.1848      1.773     58.807  45.628824    19.2771      6.846   267.3112 2.0526e+01     8.7660      3.150      4.568    13.8789 0.0000e+00
      3.214      0.010     0.1873      1.768     58.911  45.697518    16.7374      6.845   265.9550 2.0357e+01     8.8715      3.152      4.571    13.8464 0.0000e+00
      3.215      0.011     0.1842      1.763     59.057  45.797635    15.3456      6.844   264.9504 2.0211e+01     8.9755      3.153      4.573    13.8150 0.0000e+00
      3.216      0.013     0.1843      1.782     59.190  45.887078    15.1251      6.844   263.6820 1.9938e+01     9.0320      3.154      4.574    13.8004 0.0000e+00
      3.220      0.015     0.1829      1.804     59.211  45.890187    14.0558      6.844   262.3207 1.9481e+01     9.0774      3.157      4.579    13.7917 0.0000e+00
      3.225      0.017     0.1841      1.798     59.153  45.835208    12.1125      6.843   261.2252 1.8883e+01     9.1145      3.162      4.586    13.7831 0.0000e+00
      3.231      0.017     0.1808      1.795     59.187  45.857153    11.0549      6.842   260.9328 1.8283e+01     9.1382      3.168      4.595    13.7711 0.0000e+00
      3.236      0.017     0.1840      1.791     59.341  45.965061    10.9479      6.840   261.2806 1.7835e+01     9.1592      3.174      4.604    13.7596 0.0000e+00
      3.240      0.016     0.1898      1.774     59.511  46.060689    10.7354      6.839   261.2145 1.7467e+01     9.2656      3.178      4.610    13.7483 0.0000e+00
      3.244      0.013     0.1847      1.769     59.662  46.124575    10.3333      6.837   260.7364 1.7097e+01     9.3661      3.182      4.615    13.7364 0.0000e+00
      3.248      0.010     0.1863      1.780     59.778  46.166087    10.0987      6.835   260.4037 1.6834e+01     9.3499      3.185      4.619    13.7362 0.0000e+00
      3.250      0.008     0.1867      1.785     59.840  46.181649    10.0791      6.833   260.2897 1.6671e+01     9.3435      3.187      4.622    13.7367 0.0000e+00
      3.251      0.006     0.1833      1.783     59.874  46.185739    10.1877      6.832   260.3900 1.6528e+01     9.3563      3.188      4.624    13.7030 0.0000e+00
      3.252      0.004     0.1824      1.776     59.936  46.215512    10.3885      6.832   260.4120 1.6422e+01     9.2991      3.189      4.626    13.6487 0.0000e+00
      3.252      0.003     0.1862      1.777     60.052  46.287662    10.4849      6.832   260.2110 1.6347e+01     9.1987      3.189      4.626    13.6049 0.0000e+00
      3.253      0.003     0.1852      1.779     60.168  46.359755    10.4784      6.831   259.8535 1.6278e+01     9.1329      3.190      4.627    13.5810 0.0000e+00
      3.254      0.003     0.1864      1.774     60.232  46.388834    10.4938      6.830   259.4449 1.6190e+01     9.1188      3.191      4.628    13.5660 0.0000e+00
      3.254      0.003     0.1840      1.771     60.249  46.385294    10.7287      6.828   259.3997 1.6073e+01     9.1995      3.191      4.628    13.5500 0.0000e+00
      3.255      0.003     0.1849      1.761     60.251  46.380420    11.1466      6.826   259.6507 1.5957e+01     9.3573      3.192      4.629    13.5371 0.0000e+00
      3.256      0.004     0.1864      1.770     60.261  46.393384    11.3509      6.825   259.8136 1.5857e+01     9.4213      3.193      4.631    13.5231 0.0000e+00
      3.257      0.004     0.1832      1.792     60.269  46.415071    11.3602      6.824   259.3899 1.5760e+01     9.3919      3.194      4.633    13.5035 0.0000e+00
      3.258      0.005     0.1868      1.780     60.293  46.452200    11.4502      6.824   258.5722 1.5687e+01     9.3097      3.195      4.634    13.4875 0.0000e+00
      3.259      0.008     0.1819      1.762     60.400  46.524915    11.6153      6.824   258.2720 1.5638e+01     9.2129      3.196      4.636    13.4832 0.0000e+00
      3.260      0.012     0.1829      1.764     60.578  46.595919    11.7165      6.822   258.3414 1.5558e+01     9.2121      3.197      4.637    13.4883 0.0000e+00
      3.262      0.016     0.1897      1.768     60.718  46.612289    11.7418      6.820   258.2930 1.5273e+01     9.2657      3.198      4.638    13.4995 0.0000e+00
      3.267      0.017     0.1853      1.764     60.785  46.595762    11.8463      6.820   257.6873 1.4590e+01     9.4512      3.201      4.643    13.5260 0.0000e+00
      3.276      0.017     0.1816      1.749     60.819  46.586468    12.0560      6.819   256.2665 1.3923e+01     9.7470      3.214      4.661    13.5340 0.0000e+00
      3.283      0.016     0.1846      1.747     60.807  46.563362    12.1880      6.818   254.5364 1.3733e+01     9.8702      3.223      4.673    13.4650 0.0000e+00
      3.286      0.013     0.1843      1.767     60.733  46.506834    12.1935      6.817   252.7714 1.3733e+01     9.8817      3.223      4.674    13.3694 0.0000e+00
      3.287      0.008     0.1858      1.793     60.673  46.474349    11.9398      6.816   251.1884 1.3739e+01     9.8179      3.224      4.675    13.3146 0.0000e+00
      3.287      0.004     0.1823      1.808     60.659  46.488038    11.4595      6.815   249.7640 1.3773e+01     9.5772      3.223      4.676    13.2905 0.0000e+00
      3.287      0.001     0.1818      1.798     60.612  46.481918    11.1970      6.813   248.1969 1.3788e+01     9.3965      3.224      4.675    13.2815 0.0000e+00
      3.287      0.000     0.1852      1.778     60.531  46.463878    11.1886      6.812   246.6097 1.3799e+01     9.4099      3.224      4.676    13.2798 0.0000e+00
      3.287      0.000     0.1876      1.756     60.431  46.460413    11.2911      6.810   245.1147 1.3815e+01     9.5340      3.224      4.675    13.2921 0.0000e+00
      3.287      0.001     0.1910      1.736     60.281  46.440106    11.4623      6.808   244.1443 1.3839e+01     9.7016      3.224      4.675    13.3160 0.0000e+00
      3.287      0.001     0.1876      1.711     60.160  46.408921    11.5437      6.807   243.6533 1.3849e+01     9.7625      3.224      4.676    13.3370 0.0000e+00
      3.287      0.001     0.1862      1.688     60.162  46.400846    11.5430      6.807   242.8777 1.3834e+01     9.6888      3.224      4.676    13.3678 0.0000e+00
      3.288      0.002     0.1828      1.687     60.228  46.405947    11.6202      6.806   241.8217 1.3818e+01     9.6310      3.225      4.677    13.4252 0.0000e+00
      3.288      0.002     0.1814      1.704     60.277  46.407057    11.7782      6.805   240.8661 1.3818e+01     9.6444      3.225      4.677    13.5268 0.0000e+00
      3.288      0.003     0.1781      1.735     60.310  46.414227    11.8641      6.805   240.3572 1.3809e+01     9.6791      3.225      4.677    13.5984 0.0000e+00
      3.289      0.005     0.1741      1.756     60.349  46.429135    11.8676      6.804   240.1430 1.3761e+01     9.6760      3.226      4.678    13.5698 0.0000e+00
      3.291      0.008     0.1758      1.785     60.356  46.396842    11.8704      6.802   239.5665 1.3677e+01     9.6402      3.227      4.681    13.5147 0.0000e+00
      3.292      0.012     0.1760      1.834     60.289  46.277664    11.9555      6.801   238.2906 1.3544e+01     9.6225      3.229      4.683    13.4861 0.0000e+00
      3.296      0.017     0.1822      1.843     60.108  46.067314    12.1145      6.799   236.5898 1.3294e+01     9.6327      3.231      4.686    13.4747 0.0000e+00
      3.301      0.025     0.1830      1.806     59.776  45.757952    12.1952      6.796   235.1773 1.3019e+01     9.6603      3.237      4.695    13.4717 0.0000e+00
      3.306      0.034     0.1835      1.792     59.545  45.520847    12.1571      6.788   233.9470 1.2862e+01     9.6837      3.242      4.703    13.4462 0.0000e+00
      3.312      0.039     0.1944      1.808     59.600  45.485804    11.6460      6.781   232.6412 1.2521e+01     9.8812      3.244      4.705    13.3770 0.0000e+00
      3.326      0.041     0.1957      1.818     59.724  45.524603    10.7091      6.776   231.3485 1.1800e+01    10.3064      3.257      4.725    13.3065 0.0000e+00
      3.346      0.039     0.1869      1.822     59.748  45.545518    10.2018      6.773   229.5015 1.1243e+01    10.5890      3.286      4.765    13.2743 0.0000e+00
      3.360      0.036     0.1861      1.814     59.624  45.484773    10.1567      6.770   227.4319 1.1137e+01    10.6335      3.300      4.786    13.2317 0.0000e+00
      3.365      0.032     0.1911      1.803     59.452  45.361512    10.1630      6.765   225.7699 1.1134e+01    10.6052      3.299      4.785    13.1498 0.0000e+00
      3.366      0.026     0.1906      1.809     59.426  45.324831    10.1778      6.760   223.9461 1.1075e+01    10.5546      3.300      4.788    13.0872 0.0000e+00
      3.369      0.020     0.1921      1.814     59.484  45.358649    10.1946      6.759   221.6424 1.0888e+01    10.5686      3.301      4.789    13.0979 0.0000e+00
      3.377      0.017     0.1911      1.802     59.528  45.389498    10.2081      6.759   218.8244 1.0640e+01    10.6370      3.311      4.801    13.1549 0.0000e+00
      3.384      0.015     0.1876      1.793     59.513  45.380417    10.1660      6.760   215.8567 1.0568e+01    10.5963      3.322      4.819    13.1573 0.0000e+00
      3.388      0.014     0.1902      1.799     59.415  45.312339    10.0848      6.761   213.5513 1.0577e+01    10.4524      3.322      4.818    13.1240 0.0000e+00
      3.389      0.013     0.1919      1.799     59.360  45.264670    10.0339      6.762   211.7716 1.0562e+01    10.3314      3.323      4.819    13.1234 0.0000e+00
      3.389      0.011     0.1890      1.794     59.378  45.248420    10.0258      6.763   209.9107 1.0531e+01    10.2951      3.324      4.821    13.1211 0.0000e+00
      3.391      0.010     0.1871      1.791     59.415  45.242792    10.1190      6.763   207.9160 1.0429e+01    10.2868      3.324      4.822    13.1188 0.0000e+00
      3.396      0.011     0.1896      1.766     59.454  45.260062    10.2876      6.763   205.9799 1.0319e+01    10.2318      3.330      4.830    13.1337 0.0000e+00
      3.400      0.013     0.1898      1.745     59.452  45.266768    10.3745      6.764   204.2264 1.0233e+01    10.1762      3.334      4.836    13.1339 0.0000e+00
      3.403      0.013     0.1870      1.750     59.433  45.260410    10.3786      6.764   202.7176 1.0140e+01    10.1266      3.336      4.840    13.1003 0.0000e+00
      3.406      0.012     0.1908      1.764     59.423  45.246684    10.3790      6.764   201.4172 1.0070e+01    10.0760      3.339      4.845    13.0600 0.0000e+00
      3.409      0.009     0.1855      1.783     59.415  45.227757    10.4873      6.764   200.2051 1.0026e+01    10.0769      3.344      4.850    13.0528 0.0000e+00
      3.411      0.007     0.1815      1.800     59.423  45.221990    10.7059      6.764   199.0744 9.9901e+00    10.1375      3.346      4.852    13.0664 0.0000e+00
      3.413      0.006     0.1850      1.815     59.468  45.240426    10.8336      6.763   197.9844 9.9527e+00    10.1599      3.346      4.853    13.0812 0.0000e+00
      3.414      0.004     0.1843      1.823     59.528  45.260204    10.8495      6.762   196.8345 9.9354e+00    10.1083      3.347      4.855    13.0711 0.0000e+00
      3.415      0.002     0.1886      1.825     59.584  45.270654    10.9226      6.761   195.8401 9.9433e+00    10.0263      3.349      4.857    13.0538 0.0000e+00
      3.415      0.001     0.1889      1.825     59.659  45.303253    11.0770      6.761   195.0813 9.9456e+00     9.9535      3.349      4.857    13.0518 0.0000e+00
      3.415      0.001     0.1915      1.806     59.706  45.336922    11.1760      6.761   194.2855 9.9439e+00     9.9450      3.349      4.857    13.0353 0.0000e+00
      3.415      0.000     0.1926      1.798     59.726  45.360331    11.1877      6.760   193.4442 9.9465e+00     9.9576      3.349      4.857    13.0173 0.0000e+00
      3.415 6.4332e-11     0.1911      1.815     59.760  45.395852    11.0522      6.759   192.5677 9.9429e+00     9.9702      3.349      4.857    12.9840 0.0000e+00
      3.415 7.0765e-10     0.1944      1.807     59.806  45.449016    10.7939      6.759   191.6891 9.9346e+00    10.0297      3.349      4.858    12.9554 0.0000e+00
      3.415 7.7841e-09     0.1897      1.782     59.829  45.495291    10.6536      6.758   190.9952 9.9243e+00    10.0956      3.350      4.858    12.9610 0.0000e+00
      3.415 8.5625e-08     0.1873      1.771     59.816  45.511019    10.6457      6.756   190.2871 9.9164e+00    10.1522      3.349      4.857    12.9711 0.0000e+00
      3.415 9.4188e-07     0.1936      1.756     59.801  45.512253    10.6063      6.756   189.4945 9.9177e+00    10.1674      3.349      4.858    12.9767 0.0000e+00
      3.416      0.000     0.1916      1.743     59.790  45.510221    10.5024      6.756   188.8110 9.9157e+00    10.1085      3.350      4.859    12.9878 0.0000e+00
      3.416      0.000     0.1853      1.745     59.756  45.486460    10.4295      6.755   188.1322 9.9117e+00    10.0542      3.350      4.858    13.0191 0.0000e+00
      3.416      0.001     0.1880      1.750     59.593  45.351929    10.4164      6.755   187.3958 9.9083e+00    10.0580      3.350      4.858    13.0464 0.0000e+00
      3.416      0.004     0.1845      1.767     59.286  45.089745    10.4516      6.755   186.6175 9.8944e+00    10.1204      3.350      4.859    13.0502 0.0000e+00
      3.416      0.007     0.1822      1.799     59.118  44.919114    10.5137      6.756   185.7771 9.8756e+00    10.1598      3.350      4.859    13.0557 0.0000e+00
      3.417      0.009     0.1843      1.839     59.215  44.939292    10.5356      6.756   184.9783 9.8123e+00    10.1241      3.350      4.859    13.0610 0.0000e+00
      3.421      0.010     0.1829      1.858     59.393  45.016256    10.5327      6.756   184.4450 9.6718e+00    10.0648      3.354      4.864    13.0548 0.0000e+00
      3.426      0.010     0.1861      1.852     59.458  45.024365    10.5378      6.755   184.1465 9.5622e+00    10.0574      3.362      4.875    13.0275 0.0000e+00
      3.430      0.010     0.1881      1.843     59.413  44.973800    10.5550      6.754   183.6924 9.5273e+00    10.1029      3.365      4.880    12.9904 0.0000e+00
      3.431      0.009     0.1955      1.848     59.427  44.976190    10.5914      6.754   183.0841 9.5088e+00    10.1024      3.365      4.881    12.9476 0.0000e+00
      3.432      0.006     0.1973      1.859     59.457  44.989779    10.6192      6.754   182.5565 9.4889e+00    10.0864      3.366      4.882    12.8867 0.0000e+00
      3.433      0.005     0.1957      1.846     59.409  44.947654    10.6165      6.754   182.2171 9.4449e+00    10.1146      3.366      4.882    12.8500 0.0000e+00
