Data/DataNotYetUploadedToEDI/Raw_CTD/RawDownloads/072423_fcr50_S7809007.cnv
* Sea-Bird SBE19plus  Data File:
* FileName = C:\R\Reservoirs\Data\DataNotYetUploadedToEDI\Raw_CTD\RawDownloads\073123_fcr50_S7809_0007.hex
* Software version 2.8.0.119
* Temperature SN = 7809
* Conductivity SN = 7809
* System UpLoad Time = Aug 03 2023 12:38:48
* <ApplicationData>
* <Seaterm232>
# nquan = 15
# nvalues = 4359                        
# units = specified
# name 0 = depFM: Depth [fresh water, m]
# name 1 = dz/dtM: Descent Rate [m/s]
# name 2 = sbeox0Mg/L: Oxygen, SBE 43 [mg/l]
# name 3 = sbeox0PS: Oxygen, SBE 43 [% saturation]
# name 4 = specc: Specific Conductance [uS/cm]
# name 5 = c0uS/cm: Conductivity [uS/cm]
# name 6 = flECO-AFL: Fluorescence, WET Labs ECO-AFL/FL [mg/m^3]
# name 7 = ph: pH
# name 8 = orp: Oxidation Reduction Potential [mV]
# name 9 = par/sat/log: PAR/Logarithmic, Satlantic
# name 10 = turbWETntu0: Turbidity, WET Labs ECO [NTU]
# name 11 = prdM: Pressure, Strain Gauge [db]
# name 12 = prdE: Pressure, Strain Gauge [psi]
# name 13 = tv290C: Temperature [ITS-90, deg C]
# name 14 = flag:  0.000e+00
# span 0 =     -0.623,      9.702       
# span 1 =     -0.287,      0.357       
# span 2 =    -0.2024,     8.6494       
# span 3 =     -1.610,    102.882       
# span 4 =      4.591,    437.958       
# span 5 =   4.343525, 314.896054       
# span 6 =    -2.0574,    56.0860       
# span 7 =     -2.051,      9.112       
# span 8 =  -754.4243,   347.0779       
# span 9 = 1.2360e-01, 1.7418e+03       
# span 10 =     0.8513,   122.1503      
# span 11 =     -0.611,      9.515      
# span 12 =     -0.886,     13.800      
# span 13 =    10.9429,    24.5551      
# span 14 = 0.0000e+00, 0.0000e+00      
# interval = seconds: 0.25
# start_time = Jul 24 2023 06:01:56 [Instrument's time stamp, header]
# bad_flag = -9.990e-29
*END*
[from data line 1928]
      4.553      0.004     7.4132     67.443     49.164  35.594310     2.6410      6.622   250.2898 1.5325e+00     8.2975      4.465      6.476    11.1812 0.0000e+00
      4.554      0.004     7.4092     67.417     49.161  35.596198     2.6074      6.621   250.7585 1.5228e+00     8.2797      4.466      6.478    11.1825 0.0000e+00
      4.556      0.004     7.4045     67.392     49.206  35.632557     2.6115      6.620   251.2631 1.5332e+00     8.2426      4.468      6.480    11.1862 0.0000e+00
      4.557      0.004     7.4037     67.381     49.227  35.653219     2.6400      6.620   251.6595 1.5392e+00     8.2252      4.468      6.481    11.1919 0.0000e+00
      4.557      0.004     7.4040     67.381     49.219  35.655673     2.6942      6.620   252.0240 1.5285e+00     8.2747      4.469      6.481    11.1970 0.0000e+00
      4.558      0.004     7.3982     67.384     49.214  35.662239     2.7340      6.619   252.3138 1.5071e+00     8.2941      4.470      6.483    11.2012 0.0000e+00
      4.559      0.004     7.3948     67.366     49.214  35.669165     2.7470      6.617   252.4972 1.4988e+00     8.2550      4.471      6.484    11.2046 0.0000e+00
      4.560      0.005     7.3934     67.333     49.216  35.675979     2.7515      6.616   252.7787 1.5022e+00     8.2112      4.471      6.485    11.2088 0.0000e+00
      4.561      0.005     7.3910     67.318     49.217  35.681170     2.7625      6.616   253.3073 1.4980e+00     8.2082      4.473      6.489    11.2185 0.0000e+00
      4.563      0.005     7.3915     67.317     49.194  35.668489     2.7803      6.615   253.8988 1.4943e+00     8.2537      4.475      6.491    11.2302 0.0000e+00
      4.565      0.005     7.3879     67.289     49.161  35.649559     2.7928      6.614   253.9940 1.4978e+00     8.2833      4.476      6.494    11.2367 0.0000e+00
      4.566      0.005     7.3816     67.227     49.141  35.642640     2.7878      6.613   253.7701 1.5028e+00     8.2585      4.478      6.495    11.2411 0.0000e+00
      4.567      0.004     7.3790     67.147     49.138  35.648304     2.7365      6.613   253.9447 1.4992e+00     8.1930      4.478      6.495    11.2467 0.0000e+00
      4.568      0.003     7.3814     67.045     49.140  35.654591     2.6556      6.612   254.3837 1.5000e+00     8.1742      4.479      6.497    11.2498 0.0000e+00
      4.568      0.003     7.3771     66.914     49.140  35.655215     2.6177      6.611   254.9492 1.5128e+00     8.2364      4.480      6.498    11.2537 0.0000e+00
      4.569      0.003     7.3677     66.760     49.148  35.655849     2.6104      6.609   255.6192 1.5190e+00     8.2629      4.481      6.499    11.2629 0.0000e+00
      4.569      0.003     7.3579     66.582     49.171  35.662252     2.5842      6.609   255.7731 1.5126e+00     8.2201      4.481      6.499    11.2718 0.0000e+00
      4.570      0.003     7.3465     66.417     49.194  35.669166     2.5507      6.609   255.4337 1.4951e+00     8.1981      4.482      6.501    11.2768 0.0000e+00
      4.572      0.003     7.3309     66.318     49.212  35.675984     2.5460      6.607   255.3877 1.4740e+00     8.2355      4.483      6.502    11.2789 0.0000e+00
      4.573      0.003     7.3159     66.283     49.219  35.681233     2.5614      6.606   255.8183 1.4705e+00     8.2966      4.484      6.504    11.2732 0.0000e+00
      4.573      0.003     7.2974     66.292     49.198  35.669176     2.5374      6.606   256.4243 1.4769e+00     8.2875      4.485      6.505    11.2608 0.0000e+00
      4.574      0.003     7.2770     66.328     49.177  35.657111     2.4797      6.605   256.8645 1.4735e+00     8.2278      4.486      6.506    11.2488 0.0000e+00
      4.575      0.003     7.2695     66.391     49.178  35.662265     2.4547      6.603   257.0115 1.4652e+00     8.2245      4.486      6.507    11.2421 0.0000e+00
      4.576      0.002     7.2651     66.463     49.177  35.668040     2.4764      6.603   256.9970 1.4684e+00     8.2479      4.487      6.508    11.2433 0.0000e+00
      4.576      0.002     7.2669     66.495     49.160  35.663505     2.5094      6.603   256.9468 1.4916e+00     8.3052      4.487      6.508    11.2481 0.0000e+00
      4.577      0.002     7.2697     66.489     49.164  35.670889     2.5296      6.603   257.0078 1.5059e+00     8.4045      4.488      6.509    11.2514 0.0000e+00
      4.578      0.002     7.2757     66.470     49.200  35.693867     2.5367      6.602   257.3888 1.4919e+00     8.4927      4.489      6.511    11.2545 0.0000e+00
      4.578      0.002     7.2869     66.470     49.204  35.687524     2.5376      6.601   258.1123 1.4761e+00     8.5171      4.489      6.511    11.2617 0.0000e+00
      4.578      0.002     7.2867     66.493     49.178  35.657629     2.5571      6.599   258.6141 1.4793e+00     8.4264      4.490      6.512    11.2715 0.0000e+00
      4.579      0.002     7.2851     66.536     49.181  35.649669     2.5979      6.599   258.6380 1.4852e+00     8.2842      4.490      6.513    11.2781 0.0000e+00
      4.579      0.002     7.2809     66.601     49.202  35.654719     2.6147      6.599   258.6590 1.4823e+00     8.1981      4.491      6.513    11.2743 0.0000e+00
      4.579      0.003     7.2838     66.667     49.214  35.655217     2.6017      6.598   258.8688 1.4860e+00     8.2053      4.491      6.513    11.2621 0.0000e+00
      4.580      0.004     7.2889     66.742     49.219  35.655674     2.5987      6.597   259.1954 1.4892e+00     8.2348      4.491      6.514    11.2513 0.0000e+00
      4.581      0.005     7.2931     66.840     49.222  35.660254     2.6712      6.597   259.8539 1.4831e+00     8.2821      4.492      6.516    11.2413 0.0000e+00
      4.583      0.007     7.3057     66.960     49.198  35.647143     2.7949      6.598   260.7233 1.4821e+00     8.3669      4.494      6.518    11.2295 0.0000e+00
      4.584      0.010     7.3123     67.065     49.162  35.624055     2.8459      6.598   261.1883 1.4788e+00     8.4057      4.495      6.519    11.2194 0.0000e+00
      4.586      0.012     7.3216     67.135     49.179  35.634905     2.8301      6.597   261.3472 1.4648e+00     8.4442      4.497      6.522    11.2170 0.0000e+00
      4.590      0.014     7.3304     67.219     49.210  35.651429     2.8281      6.595   261.3535 1.4545e+00     8.4563      4.500      6.528    11.2216 0.0000e+00
      4.595      0.014     7.3447     67.313     49.194  35.633486     2.8395      6.595   261.2649 1.4444e+00     8.3475      4.506      6.535    11.2255 0.0000e+00
      4.600      0.014     7.3583     67.360     49.170  35.608311     2.8427      6.595   261.9963 1.4324e+00     8.2218      4.513      6.545    11.2306 0.0000e+00
      4.604      0.014     7.3609     67.353     49.177  35.600827     2.8415      6.595   263.3143 1.4271e+00     8.1658      4.516      6.550    11.2303 0.0000e+00
      4.606      0.015     7.3726     67.331     49.202  35.606440     2.8501      6.596   263.9494 1.4196e+00     8.2523      4.516      6.550    11.2199 0.0000e+00
      4.608      0.016     7.3876     67.316     49.222  35.612706     2.8891      6.597   263.8247 1.4115e+00     8.4470      4.519      6.555    11.2150 0.0000e+00
      4.612      0.018     7.3934     67.301     49.231  35.613134     2.9210      6.597   263.6138 1.4109e+00     8.5036      4.523      6.560    11.2098 0.0000e+00
      4.616      0.018     7.3931     67.280     49.235  35.611613     2.9199      6.598   264.3250 1.4003e+00     8.4249      4.525      6.564    11.1946 0.0000e+00
      4.624      0.018     7.3925     67.271     49.214  35.594298     2.9504      6.598   265.7123 1.3790e+00     8.4519      4.535      6.578    11.1799 0.0000e+00
      4.633      0.017     7.3922     67.289     49.211  35.594142     3.0239      6.598   266.4496 1.3701e+00     8.5904      4.547      6.594    11.1722 0.0000e+00
      4.637      0.014     7.3927     67.333     49.221  35.609726     3.0750      6.598   266.4428 1.3691e+00     8.6999      4.549      6.596    11.1665 0.0000e+00
      4.638      0.010     7.3899     67.391     49.183  35.592366     3.0785      6.599   266.2325 1.3655e+00     8.7164      4.548      6.596    11.1615 0.0000e+00
      4.638      0.006     7.3885     67.446     49.146  35.574618     3.0156      6.599   266.2297 1.3685e+00     8.5854      4.550      6.599    11.1591 0.0000e+00
      4.639      0.003     7.3909     67.501     49.150  35.585499     2.9059      6.599   266.6666 1.3745e+00     8.4137      4.549      6.598    11.1599 0.0000e+00
      4.640      0.002     7.3938     67.554     49.158  35.597037     2.8423      6.598   267.3851 1.3788e+00     8.4162      4.549      6.600    11.1697 0.0000e+00
      4.640      0.003     7.4000     67.585     49.143  35.587217     2.8375      6.598   267.9476 1.3764e+00     8.5127      4.550      6.601    11.1818 0.0000e+00
      4.640      0.003     7.4034     67.577     49.155  35.593676     2.8397      6.597   268.3061 1.3654e+00     8.5219      4.551      6.600    11.1898 0.0000e+00
      4.641      0.004     7.4082     67.537     49.185  35.611682     2.8107      6.597   268.4499 1.3634e+00     8.5278      4.551      6.601    11.1994 0.0000e+00
      4.642      0.005     7.4139     67.496     49.195  35.614572     2.7605      6.598   268.3097 1.3639e+00     8.6524      4.552      6.603    11.2057 0.0000e+00
      4.643      0.007     7.4180     67.448     49.217  35.628607     2.7407      6.598   268.3315 1.3469e+00     8.7647      4.553      6.604    11.2063 0.0000e+00
      4.645      0.008     7.4178     67.381     49.251  35.654472     2.7466      6.598   268.7997 1.3262e+00     8.7583      4.555      6.607    11.2037 0.0000e+00
      4.648      0.009     7.4115     67.319     49.272  35.673503     2.7411      6.598   269.4106 1.3212e+00     8.7800      4.557      6.610    11.1987 0.0000e+00
      4.651      0.009     7.4089     67.292     49.259  35.668363     2.7234      6.597   269.7810 1.3290e+00     8.8568      4.562      6.616    11.1941 0.0000e+00
      4.654      0.009     7.4051     67.292     49.239  35.655778     2.7237      6.596   270.0087 1.3290e+00     8.9002      4.564      6.620    11.1913 0.0000e+00
      4.656      0.009     7.3960     67.272     49.232  35.648239     2.7367      6.596   270.0122 1.3201e+00     8.9288      4.565      6.622    11.1931 0.0000e+00
      4.658      0.009     7.3866     67.216     49.227  35.640654     2.7471      6.595   269.8239 1.3223e+00     8.8274      4.568      6.625    11.1980 0.0000e+00
      4.660      0.009     7.3835     67.182     49.214  35.627521     2.7656      6.594   269.9696 1.3205e+00     8.5964      4.570      6.628    11.2028 0.0000e+00
      4.662      0.009     7.3846     67.165     49.201  35.616346     2.7782      6.593   270.3112 1.3042e+00     8.4933      4.572      6.631    11.2062 0.0000e+00
      4.665      0.009     7.3859     67.122     49.224  35.632439     2.7746      6.593   270.7704 1.2928e+00     8.5033      4.575      6.635    11.2031 0.0000e+00
      4.668      0.009     7.3749     67.085     49.222  35.631747     2.7046      6.593   271.3921 1.2941e+00     8.4773      4.578      6.640    11.1971 0.0000e+00
      4.670      0.010     7.3725     67.073     49.185  35.607981     2.5741      6.593   271.2885 1.2902e+00     8.4179      4.580      6.642    11.1932 0.0000e+00
      4.671      0.012     7.3761     67.095     49.168  35.598899     2.5026      6.593   270.5502 1.2747e+00     8.3664      4.580      6.643    11.1917 0.0000e+00
      4.673      0.014     7.3663     67.139     49.153  35.585387     2.4972      6.593   270.3807 1.2571e+00     8.4009      4.583      6.645    11.1910 0.0000e+00
      4.677      0.017     7.3640     67.184     49.142  35.571508     2.5511      6.593   270.8739 1.2391e+00     8.4944      4.586      6.651    11.1907 0.0000e+00
      4.683      0.019     7.3600     67.260     49.129  35.557986     2.6555      6.592   271.6099 1.2353e+00     8.5055      4.591      6.659    11.1951 0.0000e+00
      4.689      0.019     7.3623     67.374     49.120  35.548788     2.7100      6.591   272.3098 1.2444e+00     8.4321      4.600      6.671    11.2012 0.0000e+00
      4.695      0.019     7.3700     67.474     49.177  35.587203     2.7110      6.591   272.2814 1.2385e+00     8.3927      4.605      6.679    11.1971 0.0000e+00
      4.700      0.018     7.3737     67.535     49.254  35.641740     2.7507      6.591   271.5247 1.2182e+00     8.3711      4.609      6.684    11.1881 0.0000e+00
      4.704      0.016     7.3817     67.587     49.246  35.637126     2.8401      6.591   271.3340 1.2046e+00     8.3077      4.614      6.691    11.1855 0.0000e+00
      4.708      0.013     7.3982     67.650     49.184  35.594872     2.8928      6.591   271.8687 1.2049e+00     8.2415      4.617      6.698    11.1832 0.0000e+00
      4.711      0.010     7.4112     67.754     49.153  35.575015     2.8978      6.590   272.3113 1.2129e+00     8.1851      4.620      6.701    11.1789 0.0000e+00
      4.713      0.008     7.4152     67.893     49.168  35.587393     2.8917      6.589   272.3839 1.2098e+00     8.1731      4.622      6.704    11.1778 0.0000e+00
      4.715      0.007     7.4214     68.026     49.213  35.617623     2.8610      6.589   272.1441 1.1993e+00     8.2323      4.624      6.707    11.1799 0.0000e+00
      4.716      0.005     7.4254     68.149     49.225  35.623273     2.8174      6.588   272.0791 1.1980e+00     8.2855      4.625      6.708    11.1821 0.0000e+00
      4.717      0.004     7.4360     68.240     49.188  35.592247     2.7898      6.587   272.2859 1.1997e+00     8.2698      4.625      6.709    11.1862 0.0000e+00
      4.718      0.004     7.4549     68.278     49.150  35.559744     2.7685      6.586   272.6654 1.1982e+00     8.2133      4.627      6.711    11.1881 0.0000e+00
      4.720      0.003     7.4679     68.298     49.139  35.547532     2.7257      6.586   273.2269 1.1938e+00     8.2175      4.628      6.713    11.1844 0.0000e+00
      4.720      0.003     7.4833     68.315     49.175  35.571488     2.6633      6.586   273.5683 1.1887e+00     8.2869      4.629      6.713    11.1817 0.0000e+00
      4.721      0.003     7.4966     68.304     49.214  35.595597     2.6214      6.586   273.5232 1.1834e+00     8.3008      4.629      6.714    11.1782 0.0000e+00
      4.722      0.002     7.4982     68.259     49.209  35.585213     2.6028      6.585   273.4559 1.1834e+00     8.2824      4.630      6.716    11.1707 0.0000e+00
      4.722      0.002     7.5011     68.225     49.201  35.572836     2.6211      6.584   273.6147 1.1905e+00     8.4066      4.630      6.716    11.1669 0.0000e+00
      4.722      0.002     7.5046     68.239     49.201  35.572846     2.6842      6.583   273.8948 1.1925e+00     8.6407      4.631      6.717    11.1663 0.0000e+00
      4.722      0.002     7.5049     68.269     49.202  35.585327     2.7256      6.583   274.3472 1.1890e+00     8.7564      4.631      6.717    11.1620 0.0000e+00
      4.722      0.002     7.4988     68.297     49.192  35.596852     2.7382      6.582   274.8692 1.1917e+00     8.7467      4.631      6.717    11.1545 0.0000e+00
      4.723      0.002     7.4936     68.323     49.155  35.585313     2.7948      6.582   275.1301 1.1967e+00     8.6597      4.632      6.718    11.1464 0.0000e+00
      4.724      0.002     7.4989     68.326     49.133  35.572736     2.8938      6.582   275.2645 1.1955e+00     8.5587      4.632      6.719    11.1432 0.0000e+00
      4.724      0.002     7.5010     68.303     49.135  35.571686     2.9535      6.582   275.2899 1.1963e+00     8.5504      4.633      6.719    11.1546 0.0000e+00
      4.725      0.003     7.4979     68.278     49.141  35.572613     2.9588      6.582   275.2653 1.1946e+00     8.5252      4.633      6.720    11.1807 0.0000e+00
      4.725      0.004     7.5000     68.252     49.161  35.583941     2.8751      6.581   275.7414 1.1843e+00     8.4935      4.634      6.721    11.1998 0.0000e+00
