Data/DataNotYetUploadedToEDI/Raw_CTD/RawDownloads/072423_bvr50_S7809008.cnv
* Sea-Bird SBE19plus  Data File:
* FileName = C:\R\Reservoirs\Data\DataNotYetUploadedToEDI\Raw_CTD\RawDownloads\073123_fcr50_S7809_0008.hex
* Software version 2.8.0.119
* Temperature SN = 7809
* Conductivity SN = 7809
* System UpLoad Time = Aug 03 2023 12:39:20
* <ApplicationData>
* <Seaterm232>
# nquan = 15
# nvalues = 1171                        
# units = specified
# name 0 = depFM: Depth [fresh water, m]
# name 1 = dz/dtM: Descent Rate [m/s]
# name 2 = sbeox0Mg/L: Oxygen, SBE 43 [mg/l]
# name 3 = sbeox0PS: Oxygen, SBE 43 [% saturation]
# name 4 = specc: Specific Conductance [uS/cm]
# name 5 = c0uS/cm: Conductivity [uS/cm]
# name 6 = flECO-AFL: Fluorescence, WET Labs ECO-AFL/FL [mg/m^3]
# name 7 = ph: pH
# name 8 = orp: Oxidation Reduction Potential [mV]
# name 9 = par/sat/log: PAR/Logarithmic, Satlantic
# name 10 = turbWETntu0: Turbidity, WET Labs ECO [NTU]
# name 11 = prdM: Pressure, Strain Gauge [db]
# name 12 = prdE: Pressure, Strain Gauge [psi]
# name 13 = tv290C: Temperature [ITS-90, deg C]
# name 14 = flag:  0.000e+00
# span 0 =     -0.698,      9.436       
# span 1 =     -0.280,      0.201       
# span 2 =     5.4199,    10.6743       
# span 3 =     62.069,    137.572       
# span 4 =     -0.044,     38.785       
# span 5 =  -0.048732,  43.111130       
# span 6 =    -0.0902,    47.3905       
# span 7 =      6.687,      9.163       
# span 8 =   -38.4573,   279.3114       
# span 9 = 1.2336e-01, 4.4029e+02       
# span 10 =     1.3296,    12.1971      
# span 11 =     -0.687,      9.254      
# span 12 =     -0.996,     13.422      
# span 13 =    15.0448,    31.7775      
# span 14 = 0.0000e+00, 0.0000e+00      
# interval = seconds: 0.25
# start_time = Jul 24 2023 09:59:33 [Instrument's time stamp, header]
# bad_flag = -9.990e-29
*END*
[from data line 193]
      0.812      0.061     7.7673    104.335     22.833  25.307421     1.4837      7.349   217.8131 7.5610e+01     1.8353      0.798      1.156    30.4446 0.0000e+00
      0.828      0.057     7.7840    104.507     26.992  29.913087     1.5211      7.351   217.6200 7.5677e+01     1.8871      0.810      1.175    30.4362 0.0000e+00
      0.847      0.050     7.7990    104.632     29.340  32.510097     1.5505      7.362   217.4273 7.5832e+01     1.8769      0.831      1.206    30.4280 0.0000e+00
      0.862      0.043     7.8158    104.688     28.747  31.848950     1.5480      7.376   217.3763 7.6007e+01     1.7805      0.850      1.232    30.4198 0.0000e+00
      0.871      0.037     7.8298    104.709     27.747  30.736550     1.5316      7.388   217.6053 7.6145e+01     1.7800      0.857      1.241    30.4118 0.0000e+00
      0.874      0.035     7.8451    104.718     28.148  31.175950     1.5181      7.398   217.8729 7.6373e+01     1.8705      0.857      1.242    30.4037 0.0000e+00
      0.877      0.036     7.8570    104.748     31.839  35.258994     1.5097      7.403   218.0308 7.6617e+01     1.9190      0.859      1.245    30.3955 0.0000e+00
      0.883      0.043     7.8598    104.841     34.809  38.543842     1.5141      7.405   218.2234 7.6712e+01     1.8880      0.864      1.252    30.3875 0.0000e+00
      0.896      0.053     7.8629    104.998     30.160  33.391580     1.5541      7.403   218.4819 7.6663e+01     1.8368      0.876      1.271    30.3799 0.0000e+00
      0.913      0.064     7.8637    105.224     23.371  25.872104     1.6267      7.397   218.8324 7.6278e+01     1.8473      0.895      1.299    30.3725 0.0000e+00
      0.933      0.071     7.8649    105.501     20.312  22.482398     1.6765      7.391   219.1924 7.5391e+01     1.8784      0.913      1.325    30.3649 0.0000e+00
      0.955      0.073     7.8737    105.758     19.498  21.578417     1.6824      7.388   219.3067 7.4561e+01     1.8714      0.935      1.357    30.3574 0.0000e+00
      0.978      0.073     7.8861    105.963     21.982  24.323821     1.6563      7.386   219.3543 7.3830e+01     1.8301      0.962      1.395    30.3500 0.0000e+00
      0.997      0.071     7.9040    106.148     25.509  28.222666     1.6192      7.385   219.4238 7.3029e+01     1.7891      0.981      1.421    30.3430 0.0000e+00
      1.011      0.069     7.9287    106.335     27.383  30.291728     1.6083      7.381   219.3726 7.2587e+01     1.8194      0.991      1.437    30.3356 0.0000e+00
      1.024      0.066     7.9505    106.536     27.635  30.566269     1.6159      7.378   219.3375 7.2351e+01     1.8890      1.003      1.455    30.3280 0.0000e+00
      1.041      0.064     7.9643    106.697     26.112  28.878601     1.6439      7.378   219.3433 7.2071e+01     1.8790      1.021      1.480    30.3207 0.0000e+00
      1.060      0.064     7.9799    106.779     22.993  25.425484     1.6984      7.382   219.2703 7.1943e+01     1.8350      1.040      1.508    30.3128 0.0000e+00
      1.078      0.063     7.9938    106.869     22.521  24.898983     1.7327      7.387   219.1441 7.2053e+01     1.8704      1.058      1.535    30.3050 0.0000e+00
      1.095      0.061     8.0111    106.987     27.419  30.309328     1.7427      7.392   219.1939 7.2228e+01     1.9312      1.074      1.557    30.2971 0.0000e+00
      1.110      0.057     8.0287    107.112     30.314  33.504967     1.7442      7.397   219.3560 7.2314e+01     1.9203      1.087      1.578    30.2894 0.0000e+00
      1.124      0.053     8.0291    107.264     27.651  30.557045     1.7344      7.401   219.3825 7.2374e+01     1.8414      1.102      1.599    30.2815 0.0000e+00
      1.136      0.051     8.0386    107.415     27.093  29.935444     1.7328      7.403   219.3420 7.2419e+01     1.7974      1.115      1.616    30.2732 0.0000e+00
      1.148      0.050     8.0501    107.556     31.678  34.995339     1.7410      7.404   219.2975 7.2498e+01     1.8316      1.125      1.632    30.2651 0.0000e+00
      1.159      0.052     8.0577    107.717     35.096  38.763977     1.7424      7.407   219.3604 7.2546e+01     1.8798      1.136      1.648    30.2563 0.0000e+00
      1.171      0.056     8.0733    107.922     34.131  37.691174     1.7407      7.411   219.6726 7.2353e+01     1.8677      1.149      1.664    30.2479 0.0000e+00
      1.185      0.063     8.0855    108.167     31.844  35.158495     1.7368      7.411   220.0611 7.2013e+01     1.8214      1.162      1.685    30.2397 0.0000e+00
      1.201      0.070     8.0962    108.440     31.001  34.219995     1.7372      7.407   220.1865 7.1604e+01     1.8329      1.177      1.708    30.2304 0.0000e+00
      1.220      0.077     8.1088    108.705     31.403  34.656016     1.7459      7.401   220.2423 7.1130e+01     1.9041      1.195      1.733    30.2202 0.0000e+00
      1.243      0.082     8.1264    108.944     31.297  34.529942     1.7585      7.396   220.4768 7.0508e+01     1.9312      1.217      1.766    30.2089 0.0000e+00
      1.268      0.085     8.1463    109.184     30.504  33.646597     1.7729      7.391   220.6138 6.9728e+01     1.8536      1.244      1.805    30.1973 0.0000e+00
      1.290      0.085     8.1699    109.419     30.890  34.062851     1.7792      7.387   220.7793 6.9021e+01     1.7846      1.267      1.837    30.1858 0.0000e+00
      1.310      0.083     8.1929    109.618     31.571  34.805160     1.7931      7.385   221.0153 6.8233e+01     1.8140      1.284      1.862    30.1727 0.0000e+00
      1.332      0.079     8.2108    109.773     31.072  34.247600     1.8654      7.384   220.9718 6.7347e+01     1.8685      1.307      1.895    30.1578 0.0000e+00
      1.353      0.073     8.2318    109.906     28.765  31.699102     1.9711      7.384   220.8559 6.6628e+01     1.8284      1.329      1.927    30.1433 0.0000e+00
      1.371      0.067     8.2526    110.037     24.464  26.953590     2.0140      7.386   220.9917 6.5999e+01     1.7388      1.344      1.951    30.1293 0.0000e+00
      1.388      0.061     8.2697    110.163     23.396  25.770625     2.0095      7.390   221.1504 6.5462e+01     1.7413      1.361      1.975    30.1155 0.0000e+00
      1.403      0.056     8.2824    110.273     27.659  30.459879     1.9917      7.393   221.2255 6.5099e+01     1.8253      1.376      1.996    30.1030 0.0000e+00
      1.414      0.053     8.2935    110.382     31.156  34.305946     1.9569      7.393   221.3830 6.4890e+01     1.8653      1.387      2.012    30.0908 0.0000e+00
      1.424      0.051     8.3052    110.507     31.484  34.660966     1.9309      7.392   221.5922 6.4635e+01     1.8154      1.396      2.024    30.0789 0.0000e+00
      1.436      0.051     8.3174    110.647     30.016  33.039692     1.9103      7.392   221.8628 6.4117e+01     1.7682      1.406      2.039    30.0677 0.0000e+00
      1.451      0.052     8.3261    110.797     29.384  32.338423     1.8985      7.393   222.1595 6.3598e+01     1.7388      1.424      2.065    30.0569 0.0000e+00
      1.466      0.054     8.3353    110.953     32.210  35.442136     1.9216      7.394   222.3402 6.3346e+01     1.7343      1.439      2.088    30.0470 0.0000e+00
      1.479      0.055     8.3461    111.122     33.693  37.068052     1.9646      7.394   222.4137 6.3203e+01     1.7809      1.449      2.103    30.0377 0.0000e+00
      1.492      0.055     8.3580    111.283     31.526  34.677434     1.9776      7.394   222.4449 6.3116e+01     1.8247      1.463      2.122    30.0286 0.0000e+00
      1.507      0.051     8.3717    111.432     28.214  31.028712     1.9617      7.394   222.5453 6.3133e+01     1.8532      1.478      2.144    30.0197 0.0000e+00
      1.522      0.046     8.3828    111.547     25.781  28.347794     1.9559      7.395   222.7671 6.3161e+01     1.8528      1.492      2.165    30.0109 0.0000e+00
      1.535      0.040     8.3992    111.596     25.828  28.393783     1.9578      7.397   222.9759 6.3209e+01     1.8197      1.508      2.187    30.0012 0.0000e+00
      1.545      0.035     8.4119    111.617     25.738  28.289313     1.9593      7.400   223.0051 6.3280e+01     1.7610      1.517      2.199    29.9910 0.0000e+00
      1.551      0.031     8.4253    111.663     27.534  30.258230     1.9654      7.401   222.9472 6.3363e+01     1.7240      1.521      2.205    29.9807 0.0000e+00
      1.555      0.031     8.4381    111.764     32.899  36.149090     1.9810      7.399   223.0507 6.3471e+01     1.8156      1.526      2.214    29.9701 0.0000e+00
      1.558      0.034     8.4407    111.917     35.375  38.865421     2.0073      7.394   223.2245 6.3457e+01     2.0148      1.527      2.215    29.9598 0.0000e+00
      1.564      0.036     8.4426    112.086     30.933  33.980415     2.0167      7.389   223.3272 6.3132e+01     2.1177      1.530      2.220    29.9503 0.0000e+00
      1.579      0.037     8.4463    112.230     25.400  27.898323     2.0121      7.386   223.3461 6.2583e+01     2.0688      1.548      2.246    29.9414 0.0000e+00
      1.596      0.037     8.4550    112.329     25.905  28.446648     2.0432      7.387   223.2806 6.2176e+01     1.9699      1.569      2.276    29.9335 0.0000e+00
      1.608      0.036     8.4689    112.396     29.597  32.496561     2.1100      7.390   223.3100 6.2098e+01     1.8788      1.580      2.290    29.9256 0.0000e+00
      1.614      0.033     8.4843    112.456     31.422  34.495460     2.1532      7.394   223.4439 6.2195e+01     1.8551      1.583      2.297    29.9174 0.0000e+00
      1.616      0.030     8.4973    112.514     31.117  34.154654     2.1585      7.396   223.6092 6.2244e+01     1.8542      1.584      2.297    29.9090 0.0000e+00
      1.620      0.031     8.5052    112.566     31.580  34.657065     2.1653      7.396   223.7594 6.2173e+01     1.9018      1.586      2.300    29.9006 0.0000e+00
      1.628      0.037     8.5108    112.657     32.579  35.747675     2.1945      7.394   223.7972 6.2003e+01     2.0200      1.596      2.315    29.8918 0.0000e+00
      1.638      0.046     8.5163    112.821     33.263  36.491328     2.2200      7.391   224.0668 6.1748e+01     2.0880      1.606      2.330    29.8827 0.0000e+00
      1.651      0.056     8.5231    113.030     33.428  36.667233     2.2151      7.386   224.6099 6.1380e+01     2.1095      1.617      2.345    29.8735 0.0000e+00
      1.667      0.064     8.5267    113.273     32.160  35.270152     2.1935      7.380   224.9426 6.0948e+01     2.1094      1.635      2.372    29.8643 0.0000e+00
      1.685      0.068     8.5327    113.528     31.935  35.018028     2.2083      7.376   225.0791 6.0471e+01     2.1212      1.653      2.397    29.8555 0.0000e+00
      1.705      0.068     8.5493    113.748     33.329  36.540779     2.2698      7.373   225.1406 5.9861e+01     2.1494      1.671      2.423    29.8468 0.0000e+00
      1.728      0.063     8.5654    113.920     34.038  37.311478     2.3133      7.372   225.1702 5.9317e+01     2.1424      1.697      2.461    29.8378 0.0000e+00
      1.747      0.057     8.5856    114.051     30.783  33.738882     2.3254      7.373   225.3517 5.9051e+01     2.1401      1.716      2.489    29.8287 0.0000e+00
      1.758      0.052     8.6088    114.180     27.332  29.950351     2.3409      7.375   225.6135 5.8959e+01     2.0527      1.725      2.502    29.8198 0.0000e+00
      1.766      0.050     8.6260    114.336     29.479  32.297240     2.3679      7.375   225.7545 5.8868e+01     1.9056      1.732      2.512    29.8106 0.0000e+00
      1.773      0.051     8.6412    114.509     33.540  36.741292     2.3858      7.374   225.7662 5.8643e+01     1.8982      1.738      2.521    29.8017 0.0000e+00
      1.784      0.056     8.6509    114.699     35.279  38.640556     2.3816      7.374   225.8422 5.8264e+01     1.8950      1.747      2.534    29.7926 0.0000e+00
      1.801      0.066     8.6608    114.909     34.296  37.558625     2.3427      7.371   226.0703 5.7777e+01     1.7987      1.764      2.558    29.7833 0.0000e+00
      1.822      0.076     8.6751    115.123     33.314  36.476805     2.2815      7.366   226.2014 5.7216e+01     1.7594      1.787      2.592    29.7750 0.0000e+00
      1.844      0.085     8.6891    115.349     34.419  37.679365     2.2573      7.363   226.3086 5.6608e+01     1.7948      1.809      2.624    29.7665 0.0000e+00
      1.866      0.091     8.7043    115.612     35.540  38.900967     2.2670      7.363   226.5918 5.5888e+01     1.8512      1.827      2.650    29.7580 0.0000e+00
      1.891      0.095     8.7225    115.898     36.507  39.953092     2.2656      7.363   226.7864 5.5149e+01     1.8943      1.854      2.689    29.7495 0.0000e+00
      1.917      0.097     8.7400    116.166     37.767  41.325186     2.2483      7.364   226.9408 5.4553e+01     1.8716      1.881      2.728    29.7402 0.0000e+00
      1.942      0.097     8.7573    116.442     37.612  41.148180     2.2338      7.368   227.1673 5.3995e+01     1.8162      1.902      2.759    29.7308 0.0000e+00
      1.967      0.097     8.7790    116.764     35.323  38.638322     2.2400      7.371   227.2885 5.3458e+01     1.8055      1.930      2.799    29.7212 0.0000e+00
      1.992      0.095     8.8042    117.061     33.768  36.931699     2.2890      7.372   227.4590 5.2933e+01     1.8789      1.954      2.834    29.7119 0.0000e+00
      2.016      0.091     8.8254    117.287     33.323  36.439001     2.3521      7.372   227.5944 5.2372e+01     1.9860      1.977      2.866    29.7031 0.0000e+00
      2.039      0.086     8.8439    117.480     31.339  34.264999     2.3696      7.372   227.4634 5.1836e+01     2.0080      2.001      2.901    29.6942 0.0000e+00
      2.063      0.079     8.8744    117.678     30.574  33.424629     2.3604      7.376   227.3375 5.1322e+01     1.9731      2.023      2.934    29.6856 0.0000e+00
      2.084      0.073     8.8995    117.878     29.963  32.753727     2.3653      7.381   227.3634 5.0846e+01     1.9408      2.046      2.967    29.6772 0.0000e+00
      2.100      0.071     8.9159    118.040     29.963  32.749182     2.3863      7.383   227.5182 5.0462e+01     1.8912      2.062      2.991    29.6692 0.0000e+00
      2.112      0.071     8.9310    118.183     33.374  36.472800     2.3902      7.384   227.7458 5.0076e+01     1.8162      2.070      3.002    29.6616 0.0000e+00
      2.125      0.073     8.9464    118.365     35.295  38.567646     2.3715      7.384   228.0512 4.9526e+01     1.7859      2.080      3.018    29.6546 0.0000e+00
      2.143      0.078     8.9654    118.596     34.811  38.033479     2.3682      7.383   228.3708 4.8810e+01     1.8315      2.100      3.046    29.6478 0.0000e+00
      2.167      0.082     8.9777    118.841     34.504  37.692635     2.3922      7.381   228.5129 4.8082e+01     1.8897      2.125      3.082    29.6415 0.0000e+00
      2.194      0.084     8.9873    119.076     33.105  36.159668     2.4286      7.379   228.6508 4.7478e+01     1.9087      2.153      3.123    29.6350 0.0000e+00
      2.219      0.082     9.0017    119.291     28.950  31.615644     2.4420      7.377   228.7475 4.7030e+01     1.8562      2.178      3.159    29.6286 0.0000e+00
      2.240      0.077     9.0222    119.473     25.801  28.172656     2.4298      7.378   228.6495 4.6692e+01     1.8023      2.197      3.188    29.6218 0.0000e+00
      2.258      0.070     9.0422    119.615     28.110  30.689010     2.4386      7.384   228.6706 4.6284e+01     1.8710      2.214      3.211    29.6140 0.0000e+00
      2.274      0.064     9.0619    119.725     32.775  35.778505     2.4812      7.390   228.7448 4.5896e+01     2.0041      2.232      3.237    29.6057 0.0000e+00
      2.287      0.062     9.0798    119.842     34.007  37.119016     2.5205      7.395   228.7723 4.5734e+01     2.0455      2.245      3.256    29.5976 0.0000e+00
      2.298      0.063     9.0952    119.989     31.985  34.907096     2.5232      7.399   229.0025 4.5550e+01     2.0300      2.252      3.267    29.5898 0.0000e+00
