Data/DataNotYetUploadedToEDI/Raw_CTD/RawDownloads/072423_bvr50_S7809008.cnv
* Sea-Bird SBE19plus  Data File:
* FileName = C:\R\Reservoirs\Data\DataNotYetUploadedToEDI\Raw_CTD\RawDownloads\073123_fcr50_S7809_0008.hex
* Software version 2.8.0.119
* Temperature SN = 7809
* Conductivity SN = 7809
* System UpLoad Time = Aug 03 2023 12:39:20
* <ApplicationData>
* <Seaterm232>
# nquan = 15
# nvalues = 1171                        
# units = specified
# name 0 = depFM: Depth [fresh water, m]
# name 1 = dz/dtM: Descent Rate [m/s]
# name 2 = sbeox0Mg/L: Oxygen, SBE 43 [mg/l]
# name 3 = sbeox0PS: Oxygen, SBE 43 [% saturation]
# name 4 = specc: Specific Conductance [uS/cm]
# name 5 = c0uS/cm: Conductivity [uS/cm]
# name 6 = flECO-AFL: Fluorescence, WET Labs ECO-AFL/FL [mg/m^3]
# name 7 = ph: pH
# name 8 = orp: Oxidation Reduction Potential [mV]
# name 9 = par/sat/log: PAR/Logarithmic, Satlantic
# name 10 = turbWETntu0: Turbidity, WET Labs ECO [NTU]
# name 11 = prdM: Pressure, Strain Gauge [db]
# name 12 = prdE: Pressure, Strain Gauge [psi]
# name 13 = tv290C: Temperature [ITS-90, deg C]
# name 14 = flag:  0.000e+00
# span 0 =     -0.698,      9.436       
# span 1 =     -0.280,      0.201       
# span 2 =     5.4199,    10.6743       
# span 3 =     62.069,    137.572       
# span 4 =     -0.044,     38.785       
# span 5 =  -0.048732,  43.111130       
# span 6 =    -0.0902,    47.3905       
# span 7 =      6.687,      9.163       
# span 8 =   -38.4573,   279.3114       
# span 9 = 1.2336e-01, 4.4029e+02       
# span 10 =     1.3296,    12.1971      
# span 11 =     -0.687,      9.254      
# span 12 =     -0.996,     13.422      
# span 13 =    15.0448,    31.7775      
# span 14 = 0.0000e+00, 0.0000e+00      
# interval = seconds: 0.25
# start_time = Jul 24 2023 09:59:33 [Instrument's time stamp, header]
# bad_flag = -9.990e-29
*END*
[from data line 868]
      8.461     -0.105     6.9170     70.564     32.468  26.790980     1.4701      6.756   -28.6778 1.2365e-01     3.3571      8.298     12.036    16.3343 0.0000e+00
      8.430     -0.103     6.9145     70.558     32.472  26.781422     1.4764      6.757   -28.7279 1.2354e-01     3.4733      8.267     11.991    16.3140 0.0000e+00
      8.399     -0.097     6.9137     70.539     32.506  26.797128     1.5000      6.757   -28.8758 1.2346e-01     3.6346      8.236     11.946    16.2937 0.0000e+00
      8.372     -0.091     6.9208     70.526     32.513  26.790600     1.4977      6.757   -29.1757 1.2346e-01     3.6335      8.207     11.903    16.2737 0.0000e+00
      8.352     -0.086     6.9296     70.511     32.498  26.765903     1.4747      6.757   -29.6864 1.2353e-01     3.5622      8.188     11.875    16.2539 0.0000e+00
      8.341     -0.085     6.9289     70.486     32.496  26.752202     1.4881      6.758   -30.1455 1.2358e-01     3.5578      8.181     11.865    16.2337 0.0000e+00
      8.327     -0.087     6.9299     70.455     32.511  26.751762     1.5264      6.758   -30.3395 1.2357e-01     3.5126      8.171     11.851    16.2139 0.0000e+00
      8.303     -0.091     6.9320     70.435     32.537  26.760570     1.5382      6.758   -30.3968 1.2352e-01     3.4261      8.146     11.814    16.1949 0.0000e+00
      8.272     -0.094     6.9332     70.425     32.594  26.795261     1.5391      6.759   -30.4082 1.2345e-01     3.3658      8.112     11.764    16.1762 0.0000e+00
      8.241     -0.095     6.9341     70.413     32.681  26.854090     1.5455      6.759   -30.4772 1.2340e-01     3.3648      8.079     11.720    16.1573 0.0000e+00
      8.214     -0.093     6.9323     70.397     32.752  26.901041     1.5480      6.759   -30.6282 1.2340e-01     3.4478      8.052     11.679    16.1384 0.0000e+00
      8.193     -0.089     6.9334     70.380     32.788  26.918974     1.5451      6.761   -30.8586 1.2350e-01     3.4805      8.032     11.649    16.1196 0.0000e+00
      8.178     -0.087     6.9360     70.381     32.833  26.944061     1.5358      6.763   -31.1113 1.2362e-01     3.4189      8.020     11.631    16.1006 0.0000e+00
      8.162     -0.088     6.9373     70.407     33.010  27.077497     1.5178      6.763   -31.2751 1.2363e-01     3.4549      8.007     11.612    16.0818 0.0000e+00
      8.141     -0.091     6.9388     70.439     33.329  27.327281     1.5024      6.763   -31.3759 1.2356e-01     3.6074      7.985     11.581    16.0639 0.0000e+00
      8.112     -0.096     6.9388     70.464     33.544  27.490629     1.4999      6.764   -31.3835 1.2356e-01     3.6922      7.956     11.538    16.0459 0.0000e+00
      8.082     -0.098     6.9407     70.479     33.607  27.530343     1.4963      6.764   -31.3676 1.2356e-01     3.6602      7.924     11.493    16.0276 0.0000e+00
      8.055     -0.093     6.9473     70.474     33.651  27.553742     1.4916      6.763   -31.3559 1.2349e-01     3.5958      7.897     11.454    16.0095 0.0000e+00
      8.030     -0.086     6.9536     70.465     33.623  27.519837     1.5100      6.763   -31.4129 1.2341e-01     3.5625      7.875     11.422    15.9915 0.0000e+00
      8.007     -0.083     6.9581     70.440     33.536  27.437503     1.5439      6.764   -31.7991 1.2345e-01     3.5315      7.851     11.386    15.9733 0.0000e+00
      7.992     -0.088     6.9639     70.383     33.484  27.382750     1.5602      6.765   -32.2398 1.2350e-01     3.4592      7.833     11.361    15.9549 0.0000e+00
      7.983     -0.098     6.9645     70.342     33.477  27.365212     1.5576      6.765   -32.3536 1.2348e-01     3.3718      7.831     11.360    15.9372 0.0000e+00
      7.966     -0.110     6.9661     70.336     33.476  27.352286     1.5370      6.766   -32.3148 1.2348e-01     3.2951      7.820     11.342    15.9202 0.0000e+00
      7.928     -0.123     6.9690     70.339     33.491  27.353303     1.5115      6.767   -32.3731 1.2351e-01     3.2486      7.779     11.282    15.9032 0.0000e+00
      7.880     -0.136     6.9618     70.352     33.535  27.377498     1.4984      6.767   -32.5416 1.2354e-01     3.2194      7.725     11.204    15.8859 0.0000e+00
      7.839     -0.144     6.9598     70.372     33.565  27.391108     1.4873      6.768   -32.7166 1.2354e-01     3.1817      7.683     11.144    15.8678 0.0000e+00
      7.805     -0.144     6.9647     70.396     33.579  27.390997     1.5100      6.769   -32.8546 1.2352e-01     3.2018      7.654     11.101    15.8499 0.0000e+00
      7.770     -0.139     6.9658     70.433     33.576  27.376141     1.5729      6.770   -33.0065 1.2352e-01     3.2588      7.622     11.054    15.8332 0.0000e+00
      7.735     -0.137     6.9703     70.475     33.545  27.338318     1.6159      6.772   -33.1763 1.2349e-01     3.2562      7.585     10.999    15.8164 0.0000e+00
      7.703     -0.141     6.9753     70.503     33.531  27.314218     1.6216      6.772   -33.2729 1.2346e-01     3.2041      7.553     10.955    15.7991 0.0000e+00
      7.673     -0.146     6.9792     70.511     33.576  27.338436     1.6332      6.772   -33.3139 1.2351e-01     3.2095      7.527     10.918    15.7817 0.0000e+00
      7.637     -0.150     6.9858     70.503     33.639  27.377426     1.6817      6.773   -33.4134 1.2361e-01     3.3557      7.493     10.868    15.7639 0.0000e+00
      7.591     -0.149     6.9941     70.490     33.688  27.405084     1.7252      6.774   -33.4438 1.2360e-01     3.4691      7.445     10.798    15.7453 0.0000e+00
      7.543     -0.145     6.9995     70.485     33.721  27.419131     1.7349      6.774   -33.4232 1.2351e-01     3.4187      7.395     10.725    15.7263 0.0000e+00
      7.502     -0.139     7.0029     70.482     33.737  27.420409     1.7404      6.775   -33.5950 1.2349e-01     3.2936      7.354     10.665    15.7076 0.0000e+00
      7.472     -0.132     7.0047     70.474     33.753  27.420517     1.7508      6.776   -33.7997 1.2353e-01     3.1861      7.325     10.624    15.6890 0.0000e+00
      7.447     -0.125     7.0053     70.465     33.768  27.420425     1.7600      6.776   -33.9201 1.2354e-01     3.1776      7.303     10.593    15.6704 0.0000e+00
      7.422     -0.120     7.0080     70.462     33.781  27.419283     1.7771      6.777   -34.0176 1.2352e-01     3.1911      7.280     10.559    15.6523 0.0000e+00
      7.392     -0.116     7.0106     70.442     33.780  27.406694     1.7903      6.778   -34.0328 1.2353e-01     3.1430      7.251     10.516    15.6344 0.0000e+00
      7.357     -0.111     7.0129     70.406     33.780  27.395042     1.8285      6.779   -34.0173 1.2353e-01     3.2106      7.214     10.463    15.6160 0.0000e+00
      7.322     -0.104     7.0135     70.372     33.807  27.405234     1.8977      6.779   -34.0888 1.2349e-01     3.3937      7.179     10.412    15.5975 0.0000e+00
      7.292     -0.095     7.0176     70.321     33.818  27.403067     1.9450      6.779   -34.2950 1.2350e-01     3.4447      7.148     10.368    15.5797 0.0000e+00
      7.272     -0.088     7.0183     70.251     33.790  27.368836     1.9750      6.779   -34.6181 1.2351e-01     3.3833      7.127     10.337    15.5625 0.0000e+00
      7.260     -0.086     7.0151     70.185     33.808  27.371880     1.9777      6.779   -34.8977 1.2346e-01     3.3009      7.120     10.326    15.5452 0.0000e+00
      7.248     -0.093     7.0166     70.131     33.905  27.439858     1.9613      6.779   -35.0940 1.2344e-01     3.2337      7.111     10.315    15.5284 0.0000e+00
      7.227     -0.107     7.0139     70.098     34.063  27.556496     1.9601      6.779   -35.3571 1.2352e-01     3.2528      7.091     10.284    15.5116 0.0000e+00
      7.197     -0.124     7.0076     70.090     34.728  28.084453     1.9546      6.781   -35.5837 1.2383e-01     3.2590      7.060     10.239    15.4946 0.0000e+00
      7.158     -0.139     7.0043     70.095     31.403  25.387113     1.9443      6.782   -35.7686 1.2663e-01     3.2410      7.022     10.185    15.4784 0.0000e+00
      7.113     -0.150     7.0004     70.116     20.334  16.434006     1.9448      6.781   -36.0432 1.3967e-01     3.3083      6.976     10.117    15.4623 0.0000e+00
      7.067     -0.155     6.9994     70.146      9.848   7.957186     1.9521      6.781   -36.1510 1.5272e-01     3.3898      6.927     10.047    15.4462 0.0000e+00
      7.028     -0.154     7.0019     70.161      5.772   4.664691     1.9655      6.782   -36.1259 1.5803e-01     3.4064      6.890      9.992    15.4301 0.0000e+00
      6.995     -0.146     7.0040     70.149      4.706   3.808593     2.0065      6.783   -36.2556 1.8273e-01     3.3722      6.863      9.952    15.4141 0.0000e+00
      6.958     -0.133     7.0091     70.107      4.233   3.434539     2.0818      6.784   -36.4285 2.2973e-01     3.3857      6.826      9.900    15.3984 0.0000e+00
      6.917     -0.119     7.0161     70.071      3.989   3.246185     2.1350      6.783   -36.5816 2.7241e-01     3.4675      6.779      9.833    15.3830 0.0000e+00
      6.884     -0.109     7.0162     70.062      3.896   3.178298     2.1417      6.783   -36.9018 2.9537e-01     3.4732      6.745      9.784    15.3910 0.0000e+00
      6.864     -0.103     7.0060     70.041      3.896   3.183874     2.1383      6.784   -37.2037 3.0537e-01     3.3859      6.730      9.761    15.4569 0.0000e+00
      6.848     -0.103     6.9834     70.001      4.516   3.693698     2.1768      6.785   -37.1341 3.2427e-01     3.3004      6.716      9.741    15.5687 0.0000e+00
      6.829     -0.112     6.9597     69.991      6.153   5.034687     2.2587      6.785   -37.0926 3.5862e-01     3.2250      6.699      9.717    15.6887 0.0000e+00
      6.804     -0.127     6.9469     70.011      8.300   6.790489     2.3040      6.785   -37.3045 4.0778e-01     3.1573      6.677      9.684    15.7922 0.0000e+00
      6.769     -0.144     6.9345     70.027     10.486   8.576922     2.3089      6.785   -37.3727 4.6740e-01     3.1312      6.642      9.633    15.8659 0.0000e+00
      6.722     -0.157     6.9213     70.047     11.573   9.463018     2.4337      6.785   -37.4010 5.2455e-01     3.2511      6.594      9.564    15.9054 0.0000e+00
      6.671     -0.164     6.9186     70.061     10.716   8.759777     2.6810      6.785   -37.9053 5.8438e-01     3.5136      6.541      9.487    15.9164 0.0000e+00
      6.623     -0.166     6.9247     70.066      9.241   7.551327     2.8188      6.785   -38.3933 6.5487e-01     3.6416      6.491      9.414    15.9104 0.0000e+00
      6.583     -0.165     6.9258     70.086      8.280   6.764332     2.8348      6.786   -38.1391 7.3004e-01     3.6022      6.452      9.357    15.8970 0.0000e+00
      6.548     -0.164     6.9311     70.089      7.609   6.214017     2.8333      6.786   -37.9296 8.0939e-01     3.5499      6.423      9.315    15.8818 0.0000e+00
      6.513     -0.164     6.9361     70.050      6.843   5.586047     2.8171      6.786   -38.2690 9.0945e-01     3.5221      6.390      9.268    15.8673 0.0000e+00
      6.470     -0.163     6.9347     69.997      6.129   5.000374     2.7966      6.786   -38.4573 1.0310e+00     3.5041      6.347      9.206    15.8544 0.0000e+00
      6.423     -0.160     6.9416     69.961      5.620   4.581244     2.8183      6.787   -38.1413 1.1630e+00     3.4347      6.299      9.137    15.8435 0.0000e+00
      6.374     -0.152     6.9447     69.937      5.225   4.256214     3.2881      6.788   -37.6315 1.3037e+00     3.5029      6.249      9.064    15.8319 0.0000e+00
      6.330     -0.142     6.9415     69.897      5.050   4.111350     4.1565      6.790   -37.0256 1.4088e+00     3.7487      6.202      8.996    15.8141 0.0000e+00
      6.298     -0.135     6.9392     69.853      4.645   3.779993     4.6204      6.792   -36.3220 1.4540e+00     3.8437      6.171      8.951    15.7889 0.0000e+00
      6.276     -0.131     6.9394     69.835      3.890   3.163866     4.7112      6.795   -35.5771 1.4963e+00     3.7978      6.155      8.927    15.7593 0.0000e+00
      6.254     -0.132     6.9445     69.850      3.530   2.870016     5.3635      6.799   -34.8163 1.5874e+00     3.8773      6.137      8.901    15.7297 0.0000e+00
      6.222     -0.136     6.9426     69.881      3.553   2.887734     6.5473      6.802   -34.5231 1.7224e+00     4.0868      6.105      8.855    15.7026 0.0000e+00
      6.179     -0.139     6.9405     69.879      3.611   2.934662     7.1801      6.803   -34.6991 1.8794e+00     4.1799      6.061      8.790    15.6788 0.0000e+00
      6.133     -0.136     6.9420     69.855      3.685   2.993986     7.2302      6.804   -35.1377 2.0287e+00     4.1149      6.013      8.720    15.6590 0.0000e+00
      6.091     -0.123     6.9451     69.840      3.736   3.034884     7.2621      6.807   -35.6964 2.1332e+00     4.0865      5.969      8.658    15.6428 0.0000e+00
      6.058     -0.105     6.9536     69.793      3.676   2.985722     7.5822      6.808   -35.8610 2.1998e+00     4.1445      5.938      8.613    15.6316 0.0000e+00
      6.034     -0.092     6.9542     69.712      3.345   2.716301     8.1622      6.810   -35.9230 2.2371e+00     4.2345      5.914      8.577    15.6238 0.0000e+00
      6.024     -0.091     6.9486     69.600      3.002   2.437905     8.4651      6.814   -35.8442 2.2282e+00     4.3205      5.903      8.561    15.6169 0.0000e+00
      6.021     -0.101     6.9537     69.497      2.964   2.406920     8.4729      6.817   -34.6499 2.2335e+00     4.3990      5.909      8.571    15.6115 0.0000e+00
      6.005     -0.119     6.9468     69.470      3.118   2.531699     8.2814      6.818   -32.9259 2.3291e+00     4.4670      5.900      8.557    15.6074 0.0000e+00
      5.965     -0.139     6.9400     69.459      3.223   2.616324     7.9141      6.818   -32.0356 2.4909e+00     4.4934      5.856      8.493    15.6039 0.0000e+00
      5.909     -0.156     6.9300     69.449      3.211   2.606626     7.7193      6.819   -31.8876 2.6792e+00     4.5129      5.794      8.404    15.6011 0.0000e+00
      5.854     -0.166     6.9119     69.468      3.131   2.541135     7.7490      6.820   -33.2012 2.8565e+00     4.5667      5.737      8.321    15.5981 0.0000e+00
      5.809     -0.165     6.9181     69.490      3.030   2.457943     8.1976      6.821   -35.4418 2.9909e+00     4.6648      5.693      8.258    15.5944 0.0000e+00
      5.773     -0.156     6.9157     69.510      3.145   2.550936     9.0075      6.822   -35.4038 3.1001e+00     4.7768      5.661      8.211    15.5897 0.0000e+00
      5.740     -0.146     6.9135     69.531      3.426   2.778646     9.4348      6.824   -33.4299 3.2094e+00     4.7939      5.630      8.166    15.5839 0.0000e+00
      5.707     -0.137     6.9194     69.535      3.536   2.867357     9.4683      6.825   -31.9671 3.3323e+00     4.7692      5.595      8.116    15.5770 0.0000e+00
      5.672     -0.128     6.9218     69.516      3.531   2.863383     9.4799      6.825   -31.1398 3.4679e+00     4.8195      5.565      8.071    15.5696 0.0000e+00
      5.636     -0.116     6.9247     69.487      3.523   2.857293     9.4836      6.826   -30.2241 3.6073e+00     4.9243      5.529      8.018    15.5612 0.0000e+00
      5.601     -0.100     6.9292     69.456      3.523   2.857063     9.4874      6.828   -29.1550 3.7165e+00     5.0109      5.488      7.961    15.5535 0.0000e+00
      5.572     -0.082     6.9306     69.427      3.606   2.923955     9.4923      6.833   -28.3656 3.7767e+00     5.0466      5.460      7.919    15.5474 0.0000e+00
      5.556     -0.062     6.9286     69.402      3.662   2.969254     9.5093      6.838   -27.9077 3.7960e+00     5.0487      5.445      7.898    15.5425 0.0000e+00
      5.551     -0.042     6.9263     69.370      3.653   2.961335     9.7354      6.844   -27.6624 3.7840e+00     5.0711      5.443      7.895    15.5391 0.0000e+00
