Data/DataNotYetUploadedToEDI/Raw_CTD/RawDownloads/072419_bvr50_a.cnv
* Sea-Bird SBE19plus  Data File:
* FileName = C:\DATA\072419_bvr50_a_0001.hex
* Software version 2.8.0.119 SB_Terminal.dll
* Temperature SN = 7809
* Conductivity SN = 7809
* System UpLoad Time = Jul 24 2019 11:38:53
* <ApplicationData>
* <Seaterm232>
# nquan = 16
# nvalues = 957                         
# units = specified
# name 0 = depFM: Depth [fresh water, m]
# name 1 = dz/dtM: Descent Rate [m/s]
# name 2 = sbeox0Mg/L: Oxygen, SBE 43 [mg/l]
# name 3 = sbeox0PS: Oxygen, SBE 43 [% saturation]
# name 4 = specc: Specific Conductance [uS/cm]
# name 5 = c0uS/cm: Conductivity [uS/cm]
# name 6 = flECO-AFL: Fluorescence, WET Labs ECO-AFL/FL [mg/m^3]
# name 7 = ph: pH
# name 8 = orp: Oxidation Reduction Potential [mV]
# name 9 = par/sat/log: PAR/Logarithmic, Satlantic
# name 10 = turbWETntu0: Turbidity, WET Labs ECO [NTU]
# name 11 = prdM: Pressure, Strain Gauge [db]
# name 12 = prdE: Pressure, Strain Gauge [psi]
# name 13 = tv290C: Temperature [ITS-90, deg C]
# name 14 = density00: Density [density, kg/m^3]
# name 15 = flag:  0.000e+00
# span 0 =     -0.660,     10.052       
# span 1 =     -0.253,      0.282       
# span 2 =    -0.2013,     8.2681       
# span 3 =     -1.973,    102.051       
# span 4 =      1.316,    134.205       
# span 5 =   1.347131,  90.231195       
# span 6 =    -0.1349,    28.9255       
# span 7 =     -2.334,      8.544       
# span 8 = -1240.7455,   489.7942       
# span 9 = 1.2345e-01, 3.5328e+03       
# span 10 =    -2.0772,    64.6271      
# span 11 =     -0.649,      9.859      
# span 12 =     -0.940,     14.299      
# span 13 =     8.5903,    26.1699      
# span 14 =   996.7464,   999.9090      
# span 15 = 0.0000e+00, 0.0000e+00      
# interval = seconds: 0.25
# start_time = Jul 24 2019 11:30:30 [Instrument's time stamp, header]
# bad_flag = -9.990e-29
*END*
[from data line 272]
      0.219     -0.006     7.0168     86.537     27.552  28.121447     1.3934      6.839   287.6430 1.3932e+03     1.0993      0.215      0.312    26.0305   996.7940 0.0000e+00
      0.217     -0.006     7.0150     86.512     27.543  28.110944     1.4003      6.826   287.5643 1.1331e+03     1.0710      0.210      0.305    26.0313   996.7938 0.0000e+00
      0.218     -0.005     7.0146     86.507     27.553  28.121448     1.3978      6.819   287.6001 1.4229e+03     1.0256      0.213      0.309    26.0312   996.7938 0.0000e+00
      0.219     -0.003     7.0160     86.525     27.553  28.121551     1.4053      6.817   287.8178 1.7733e+03     1.0423      0.217      0.315    26.0294   996.7943 0.0000e+00
      0.217     -0.000     7.0173     86.541     27.543  28.112190     1.4311      6.820   288.3031 2.1637e+03     1.1415      0.214      0.310    26.0270   996.7950 0.0000e+00
      0.215      0.001     7.0178     86.547     27.566  28.135155     1.4585      6.827   291.0585 2.4782e+03     1.2751      0.210      0.303    26.0255   996.7953 0.0000e+00
      0.215      0.001     7.0179     86.548     27.577  28.145443     1.4584      6.835   297.3869 1.8656e+03     1.3465      0.209      0.304    26.0252   996.7954 0.0000e+00
      0.217     -0.001     7.0179     86.545     27.542  28.109685     1.4473      6.844   300.8915 1.1036e+03     1.3494      0.212      0.308    26.0258   996.7952 0.0000e+00
      0.220     -0.006     7.0151     86.509     27.516  28.083475     1.4551      6.854   297.1236 9.2306e+02     1.3432      0.216      0.313    26.0260   996.7952 0.0000e+00
      0.222     -0.010     7.0093     86.439     27.515  28.082329     1.4651      6.863   292.2676 9.4635e+02     1.3360      0.220      0.319    26.0262   996.7952 0.0000e+00
      0.217     -0.014     7.0035     86.368     27.529  28.095829     1.4557      6.868   290.3602 9.8060e+02     1.3281      0.217      0.314    26.0257   996.7953 0.0000e+00
      0.207     -0.015     6.9991     86.316     27.552  28.119805     1.4461      6.869   289.9794 9.7987e+02     1.3132      0.202      0.292    26.0240   996.7956 0.0000e+00
      0.198     -0.006     6.9993     86.320     27.549  28.118451     1.4096      6.866   290.5020 1.0897e+03     1.3196      0.191      0.277    26.0237   996.7957 0.0000e+00
      0.195      0.018     7.0049     86.390     27.511  28.079459     1.3347      6.857   291.2595 1.2163e+03     1.3726      0.191      0.277    26.0245   996.7955 0.0000e+00
      0.194      0.050     7.0116     86.465     27.464  28.029018     1.2864      6.851   291.5667 1.2113e+03     1.3979      0.190      0.276    26.0244   996.7955 0.0000e+00
      0.200      0.079     7.0154     86.494     27.458  28.016131     1.2679      6.853   291.5494 1.1154e+03     1.3634      0.184      0.269    26.0250   996.7954 0.0000e+00
      0.231      0.095     7.0145     86.461     27.499  28.050519     1.2927      6.860   291.3940 1.0257e+03     1.3479      0.214      0.310    26.0272   996.7949 0.0000e+00
      0.286      0.097     7.0080     86.367     27.517  28.064123     1.3602      6.868   291.3222 9.5150e+02     1.3748      0.286      0.415    26.0290   996.7947 0.0000e+00
      0.331      0.091     6.9989     86.255     27.507  28.053721     1.3996      6.874   291.3696 9.5667e+02     1.3935      0.338      0.489    26.0259   996.7958 0.0000e+00
      0.350      0.078     6.9931     86.189     27.503  28.051631     1.4054      6.879   291.3656 9.7399e+02     1.3773      0.351      0.510    26.0120   996.7995 0.0000e+00
      0.350      0.058     6.9922     86.182     27.489  28.038856     1.4047      6.879   291.3594 8.5269e+02     1.3751      0.344      0.501    25.9935   996.8044 0.0000e+00
      0.347      0.038     6.9943     86.209     27.476  28.026160     1.4858      6.878   291.3810 7.1868e+02     1.4005      0.335      0.486    25.9847   996.8067 0.0000e+00
      0.354      0.027     6.9978     86.250     27.476  28.025015     1.6582      6.876   291.3684 7.0556e+02     1.3886      0.343      0.498    25.9875   996.8060 0.0000e+00
      0.368      0.027     7.0021     86.299     27.477  28.025015     1.7550      6.875   291.4640 7.6385e+02     1.3630      0.364      0.527    25.9919   996.8050 0.0000e+00
      0.380      0.030     7.0066     86.349     27.480  28.026151     1.7544      6.874   291.6765 7.7979e+02     1.3534      0.376      0.545    25.9944   996.8043 0.0000e+00
      0.385      0.032     7.0105     86.393     27.493  28.038744     1.7037      6.873   291.7015 8.8706e+02     1.3382      0.377      0.547    25.9964   996.8038 0.0000e+00
      0.389      0.031     7.0128     86.419     27.506  28.050384     1.6186      6.872   291.6805 1.2625e+03     1.3430      0.380      0.551    25.9946   996.8044 0.0000e+00
      0.397      0.030     7.0133     86.425     27.496  28.039994     1.5742      6.871   291.8531 1.4290e+03     1.3452      0.390      0.564    25.9898   996.8056 0.0000e+00
      0.406      0.028     7.0136     86.428     27.496  28.040014     1.5747      6.868   291.8958 1.1570e+03     1.3323      0.400      0.579    25.9868   996.8065 0.0000e+00
      0.413      0.019     7.0126     86.416     27.506  28.050623     1.6077      6.863   291.5088 9.5405e+02     1.2852      0.404      0.586    25.9850   996.8070 0.0000e+00
      0.422     -0.002     7.0071     86.351     27.496  28.041375     1.6696      6.860   290.8731 8.8084e+02     1.1697      0.413      0.599    25.9841   996.8072 0.0000e+00
      0.431     -0.034     6.9995     86.263     27.508  28.055094     1.7076      6.859   290.3177 9.0151e+02     1.0819      0.427      0.619    25.9839   996.8073 0.0000e+00
      0.430     -0.072     6.9966     86.238     27.538  28.089614     1.7113      6.857   289.8697 1.0150e+03     1.0761      0.430      0.624    25.9835   996.8075 0.0000e+00
      0.406     -0.109     6.9996     86.286     27.523  28.078099     1.6529      6.855   289.5867 9.8850e+02     1.1645      0.408      0.593    25.9826   996.8076 0.0000e+00
      0.358     -0.142     7.0049     86.361     27.485  28.042757     1.5401      6.854   289.5627 1.1231e+03     1.2986      0.354      0.514    25.9834   996.8071 0.0000e+00
      0.303     -0.171     7.0099     86.431     27.482  28.042975     1.4750      6.852   289.4080 1.4221e+03     1.3544      0.293      0.425    25.9882   996.8056 0.0000e+00
      0.253     -0.195     7.0152     86.502     27.517  28.080739     1.4544      6.849   288.9207 1.5213e+03     1.3479      0.246      0.356    25.9949   996.8037 0.0000e+00
      0.208     -0.213     7.0199     86.566     27.552  28.118691     1.4297      6.844   288.4891 1.6707e+03     1.1872      0.204      0.296    26.0031   996.8013 0.0000e+00
      0.162     -0.228     7.0193     86.566     27.552  28.121186     1.4098      6.835   288.5773 1.6192e+03     0.8533      0.164      0.239    26.0097   996.7993 0.0000e+00
      0.104     -0.242     7.0133     86.497     27.540  28.110907     1.4058      6.823   289.1265 1.3483e+03     0.6538      0.108      0.156    26.0138   996.7979 0.0000e+00
      0.033     -0.252     7.0056     86.405     27.550  28.121309     1.4066      6.810   290.2254 1.4868e+03     0.6424      0.035      0.050    26.0177   996.7966 0.0000e+00
     -0.044     -0.253     6.9978     86.310     27.548  28.120062     1.3937      6.799   296.3571 1.7639e+03     0.6176     -0.044     -0.063    26.0220   996.7951 0.0000e+00
     -0.120     -0.245     6.9918     86.238     27.524  28.095829     1.3375      6.786   302.8655 1.8274e+03     0.4852     -0.121     -0.176    26.0259   996.7937 0.0000e+00
     -0.185     -0.227     6.9902     86.220     27.509  28.082089     1.2557      6.776   304.3019 1.8303e+03     0.3195     -0.187     -0.272    26.0294   996.7925 0.0000e+00
     -0.236     -0.200     6.9929     86.256     27.507  28.080830     1.2192      6.774   308.6488 1.8517e+03     0.3507     -0.235     -0.340    26.0322   996.7915 0.0000e+00
     -0.278     -0.166     6.9975     86.315     27.507  28.080612     1.2084      6.775   313.0918 1.8665e+03     1.8132     -0.271     -0.394    26.0332   996.7911 0.0000e+00
     -0.319     -0.129     7.0007     86.356     27.505  28.079457     1.0727      6.773   313.6260 1.8618e+03    18.2315     -0.314     -0.455    26.0335   996.7909 0.0000e+00
     -0.354     -0.092     6.9987     86.334     27.492  28.066872     0.8185      6.767   313.6455 1.8573e+03    48.3075     -0.353     -0.512    26.0348   996.7903 0.0000e+00
     -0.376     -0.055     6.9897     86.224     27.480  28.055337     0.6833      6.757   312.5522 1.8623e+03    64.5777     -0.373     -0.543    26.0363   996.7898 0.0000e+00
     -0.383     -0.020     6.9743     86.039     27.490  28.066872     0.6867      6.749   309.1834 1.8675e+03    64.6271     -0.379     -0.550    26.0376   996.7895 0.0000e+00
     -0.378      0.015     6.9546     85.801     27.501  28.079455     0.7641      6.744   302.5108 1.8630e+03    48.7733     -0.374     -0.542    26.0391   996.7892 0.0000e+00
     -0.364      0.048     6.9341     85.551     27.500  28.080589     0.8913      6.744   295.1991 1.8439e+03    19.4478     -0.357     -0.518    26.0400   996.7890 0.0000e+00
     -0.346      0.079     6.9169     85.340     27.500  28.080589     0.9584      6.751   291.5891 1.8281e+03     3.4328     -0.339     -0.493    26.0411   996.7887 0.0000e+00
     -0.326      0.107     6.9060     85.209     27.498  28.079444     0.9774      6.764   290.8689 1.8304e+03     1.9559     -0.323     -0.467    26.0432   996.7882 0.0000e+00
     -0.301      0.132     6.9020     85.161     27.485  28.066746     1.0080      6.776   290.6217 1.8348e+03     1.6249     -0.300     -0.435    26.0464   996.7875 0.0000e+00
     -0.262      0.152     6.9021     85.166     27.471  28.053942     1.0518      6.784   290.3217 1.8253e+03     1.2652     -0.262     -0.381    26.0494   996.7869 0.0000e+00
     -0.212      0.169     6.9050     85.204     27.468  28.051529     1.0819      6.789   289.9074 1.8090e+03     1.1127     -0.208     -0.301    26.0506   996.7868 0.0000e+00
     -0.160      0.181     6.9095     85.259     27.454  28.037581     1.0953      6.794   289.6568 1.8117e+03     1.1247     -0.153     -0.222    26.0513   996.7868 0.0000e+00
     -0.111      0.191     6.9136     85.309     27.429  28.012185     1.1010      6.796   289.6149 1.9119e+03     1.1817     -0.108     -0.157    26.0529   996.7866 0.0000e+00
     -0.064      0.198     6.9179     85.359     27.417  27.998237     1.0899      6.795   289.7453 2.1184e+03     1.2781     -0.063     -0.091    26.0550   996.7863 0.0000e+00
     -0.017      0.206     6.9249     85.433     27.419  27.995825     1.0816      6.793   290.2000 2.1042e+03     1.3071     -0.017     -0.023    26.0564   996.7861 0.0000e+00
      0.031      0.213     6.9304     85.479     27.414  27.983013     1.0882      6.791   290.7252 1.8374e+03     1.3024      0.027      0.039    26.0569   996.7861 0.0000e+00
      0.088      0.217     6.9269     85.412     27.409  27.970210     1.0915      6.791   291.1042 1.8906e+03     1.3185      0.081      0.117    26.0561   996.7866 0.0000e+00
      0.154      0.217     6.9170     85.269     27.414  27.967897     1.1126      6.790   291.5999 2.1855e+03     1.3389      0.151      0.219    26.0559   996.7870 0.0000e+00
      0.219      0.213     6.9072     85.126     27.409  27.955038     1.1693      6.787   292.0721 2.1520e+03     1.3525      0.221      0.319    26.0494   996.7890 0.0000e+00
      0.273      0.209     6.8991     85.001     27.405  27.941607     1.2140      6.783   292.4253 1.7394e+03     1.3519      0.273      0.395    26.0328   996.7936 0.0000e+00
      0.317      0.204     6.8938     84.910     27.405  27.932380     1.2286      6.779   292.7734 1.2509e+03     1.3647      0.311      0.452    26.0159   996.7983 0.0000e+00
      0.359      0.200     6.8935     84.881     27.389  27.906900     1.2415      6.778   293.0116 9.3344e+02     1.3427      0.349      0.507    26.0026   996.8020 0.0000e+00
      0.408      0.199     6.8994     84.929     27.378  27.887298     1.2655      6.779   293.0685 7.7898e+02     1.2837      0.397      0.575    25.9901   996.8056 0.0000e+00
      0.463      0.199     6.9082     85.018     27.384  27.885687     1.2854      6.779   293.0302 7.1266e+02     1.3058      0.453      0.657    25.9730   996.8104 0.0000e+00
      0.521      0.195     6.9168     85.110     27.390  27.887413     1.2905      6.778   292.9790 7.4766e+02     1.3800      0.511      0.741    25.9551   996.8154 0.0000e+00
      0.577      0.184     6.9230     85.175     27.414  27.908162     1.3454      6.778   292.8804 7.9615e+02     1.3955      0.569      0.825    25.9397   996.8197 0.0000e+00
      0.626      0.164     6.9256     85.201     27.454  27.946213     1.4541      6.778   292.9554 5.9821e+02     1.3613      0.619      0.897    25.9232   996.8243 0.0000e+00
      0.665      0.138     6.9252     85.191     27.476  27.966821     1.5129      6.778   293.2839 2.7450e+02     1.3270      0.653      0.947    25.9089   996.8282 0.0000e+00
      0.698      0.112     6.9214     85.142     27.477  27.966992     1.5278      6.778   293.5837 1.3037e+02     1.3414      0.687      0.996    25.9004   996.8306 0.0000e+00
      0.721      0.089     6.9166     85.083     27.458  27.948287     1.5470      6.776   293.6545 1.1041e+02     1.3718      0.713      1.033    25.8948   996.8322 0.0000e+00
      0.732      0.073     6.9133     85.043     27.441  27.930985     1.5722      6.774   293.6230 1.0841e+02     1.3337      0.719      1.043    25.8902   996.8335 0.0000e+00
      0.742      0.064     6.9103     85.008     27.457  27.948132     1.5895      6.773   293.7197 1.0827e+02     1.3068      0.725      1.052    25.8874   996.8343 0.0000e+00
      0.756      0.063     6.9082     84.985     27.473  27.965276     1.5912      6.769   293.8771 1.1027e+02     1.3422      0.741      1.075    25.8854   996.8349 0.0000e+00
      0.772      0.071     6.9080     84.985     27.455  27.947935     1.6450      6.764   294.0630 1.1713e+02     1.3683      0.758      1.098    25.8857   996.8348 0.0000e+00
      0.789      0.085     6.9076     84.980     27.436  27.928797     1.7544      6.758   294.4187 1.2511e+02     1.3599      0.772      1.120    25.8876   996.8344 0.0000e+00
      0.809      0.100     6.9052     84.946     27.433  27.924221     1.8218      6.753   294.7368 1.3311e+02     1.3386      0.791      1.147    25.8882   996.8343 0.0000e+00
      0.837      0.110     6.9008     84.884     27.405  27.892606     1.8358      6.748   294.7264 1.3812e+02     1.3401      0.818      1.187    25.8893   996.8342 0.0000e+00
      0.871      0.114     6.8974     84.833     27.380  27.863755     1.8358      6.746   294.5501 1.3458e+02     1.3456      0.852      1.236    25.8915   996.8338 0.0000e+00
      0.909      0.109     6.8987     84.839     27.412  27.892605     1.8395      6.747   294.4984 1.2772e+02     1.3399      0.891      1.292    25.8917   996.8339 0.0000e+00
      0.945      0.096     6.9064     84.928     27.445  27.924208     1.8555      6.748   294.6176 1.2016e+02     1.3364      0.931      1.351    25.8891   996.8348 0.0000e+00
      0.971      0.077     6.9194     85.083     27.451  27.928628     1.8726      6.751   294.7865 1.1006e+02     1.3365      0.958      1.390    25.8842   996.8362 0.0000e+00
      0.984      0.055     6.9334     85.252     27.469  27.946049     1.8892      6.754   294.9051 1.0036e+02     1.3403      0.967      1.404    25.8768   996.8381 0.0000e+00
      0.988      0.034     6.9444     85.387     27.467  27.944503     1.9093      6.758   294.9334 9.1796e+01     1.3175      0.969      1.406    25.8705   996.8399 0.0000e+00
