Data/DataNotYetUploadedToEDI/Raw_CTD/RawDownloads/072419_bvr50_b.cnv
* Sea-Bird SBE19plus  Data File:
* FileName = C:\DATA\MSN2_CTD_CASTS_072419\072419_bvr50_b_0002.hex
* Software version 2.8.0.119 SB_Terminal.dll
* Temperature SN = 7809
* Conductivity SN = 7809
* System UpLoad Time = Jul 24 2019 18:33:01
* <ApplicationData>
* <Seaterm232>
# nquan = 16
# nvalues = 1064                        
# units = specified
# name 0 = depFM: Depth [fresh water, m]
# name 1 = dz/dtM: Descent Rate [m/s]
# name 2 = sbeox0Mg/L: Oxygen, SBE 43 [mg/l]
# name 3 = sbeox0PS: Oxygen, SBE 43 [% saturation]
# name 4 = specc: Specific Conductance [uS/cm]
# name 5 = c0uS/cm: Conductivity [uS/cm]
# name 6 = flECO-AFL: Fluorescence, WET Labs ECO-AFL/FL [mg/m^3]
# name 7 = ph: pH
# name 8 = orp: Oxidation Reduction Potential [mV]
# name 9 = par/sat/log: PAR/Logarithmic, Satlantic
# name 10 = turbWETntu0: Turbidity, WET Labs ECO [NTU]
# name 11 = prdM: Pressure, Strain Gauge [db]
# name 12 = prdE: Pressure, Strain Gauge [psi]
# name 13 = tv290C: Temperature [ITS-90, deg C]
# name 14 = density00: Density [density, kg/m^3]
# name 15 = flag:  0.000e+00
# span 0 =     -0.676,     10.568       
# span 1 =     -0.027,      0.144       
# span 2 =    -0.1936,     8.1674       
# span 3 =     -1.924,    104.410       
# span 4 =      0.656,    291.403       
# span 5 =   0.703640, 195.121890       
# span 6 =    -0.5384,    26.3282       
# span 7 =      0.333,      8.381       
# span 8 = -1240.7455,   604.0399       
# span 9 = 1.2345e-01, 1.0176e+03       
# span 10 =    -4.1264,    17.1984      
# span 11 =     -0.664,     10.364      
# span 12 =     -0.963,     15.031      
# span 13 =     8.4615,    28.5982      
# span 14 =   996.0704,   999.9889      
# span 15 = 0.0000e+00, 0.0000e+00      
# interval = seconds: 0.25
# start_time = Jul 24 2019 18:21:38 [Instrument's time stamp, header]
# bad_flag = -9.990e-29
*END*
[from data line 272]
      1.272      0.050     7.4713     93.127     27.490  28.381316     1.9714      6.971   328.4356 1.5019e+02     1.3311      1.249      1.810    26.6764   996.6250 0.0000e+00
      1.282      0.045     7.4769     93.130     27.475  28.343801     2.0048      6.971   328.4878 1.4534e+02     1.3291      1.259      1.824    26.6668   996.6277 0.0000e+00
      1.292      0.043     7.4746     93.035     27.441  28.287466     2.0093      6.969   328.3947 1.3579e+02     1.2971      1.268      1.839    26.6658   996.6280 0.0000e+00
      1.301      0.044     7.4693     92.887     27.390  28.207701     2.0002      6.966   328.4286 1.2704e+02     1.2713      1.275      1.850    26.6548   996.6309 0.0000e+00
      1.310      0.048     7.4621     92.693     27.358  28.140670     2.0070      6.961   328.4674 1.2210e+02     1.2800      1.284      1.861    26.6185   996.6408 0.0000e+00
      1.321      0.054     7.4502     92.438     27.364  28.111397     2.0145      6.957   328.3466 1.2405e+02     1.3038      1.293      1.876    26.5724   996.6534 0.0000e+00
      1.337      0.059     7.4360     92.148     27.397  28.107494     2.0121      6.954   328.3451 1.3031e+02     1.2958      1.309      1.899    26.5399   996.6622 0.0000e+00
      1.356      0.063     7.4275     91.931     27.418  28.093414     2.0124      6.952   328.4500 1.3055e+02     1.2821      1.329      1.928    26.4948   996.6745 0.0000e+00
      1.375      0.064     7.4308     91.879     27.423  28.068000     2.0275      6.948   328.4095 1.2509e+02     1.3031      1.351      1.959    26.4227   996.6940 0.0000e+00
      1.392      0.063     7.4436     91.963     27.433  28.053951     2.0561      6.948   328.2862 1.3292e+02     1.3196      1.366      1.980    26.3624   996.7104 0.0000e+00
      1.407      0.061     7.4623     92.131     27.450  28.050398     2.0717      6.949   328.2499 1.4568e+02     1.3171      1.378      1.999    26.2913   996.7296 0.0000e+00
      1.422      0.057     7.4839     92.335     27.445  28.025014     2.0692      6.947   328.3147 1.3892e+02     1.3059      1.396      2.025    26.2204   996.7486 0.0000e+00
      1.435      0.052     7.5032     92.510     27.441  28.000782     2.0257      6.943   328.3822 1.3022e+02     1.2828      1.409      2.042    26.1664   996.7631 0.0000e+00
      1.447      0.046     7.5158     92.620     27.466  28.011155     1.9355      6.941   328.3768 1.2941e+02     1.3000      1.417      2.055    26.1209   996.7753 0.0000e+00
      1.462      0.038     7.5216     92.673     27.484  28.023522     1.8892      6.944   328.3351 1.2777e+02     1.3502      1.435      2.081    26.0881   996.7841 0.0000e+00
      1.474      0.032     7.5232     92.681     27.488  28.023407     1.8905      6.948   328.3083 1.2634e+02     1.3647      1.450      2.102    26.0517   996.7939 0.0000e+00
      1.479      0.029     7.5218     92.639     27.483  28.009758     1.8986      6.951   328.3109 1.2262e+02     1.3448      1.452      2.105    26.0089   996.8053 0.0000e+00
      1.479      0.028     7.5191     92.575     27.469  27.985379     1.9272      6.954   328.3667 1.2354e+02     1.3054      1.449      2.102    25.9778   996.8136 0.0000e+00
      1.482      0.031     7.5176     92.537     27.472  27.982407     1.9493      6.958   328.5528 1.2208e+02     1.2823      1.451      2.105    25.9731   996.8148 0.0000e+00
      1.490      0.036     7.5178     92.532     27.466  27.973807     1.9495      6.959   328.7545 1.1253e+02     1.2948      1.461      2.118    25.9717   996.8153 0.0000e+00
      1.502      0.043     7.5171     92.517     27.440  27.944845     1.9468      6.958   328.8269 1.0936e+02     1.2924      1.472      2.136    25.9536   996.8202 0.0000e+00
      1.516      0.048     7.5120     92.445     27.447  27.949450     1.9513      6.955   328.8256 1.1712e+02     1.2860      1.486      2.155    25.9291   996.8267 0.0000e+00
      1.532      0.049     7.5023     92.317     27.466  27.966038     1.9523      6.952   328.8249 1.2221e+02     1.3166      1.502      2.178    25.9190   996.8294 0.0000e+00
      1.547      0.046     7.4901     92.159     27.458  27.955067     1.9499      6.950   328.8183 1.1687e+02     1.3346      1.518      2.202    25.9195   996.8293 0.0000e+00
      1.560      0.043     7.4796     92.013     27.453  27.943678     1.9491      6.950   328.9169 1.1329e+02     1.3070      1.532      2.223    25.9142   996.8308 0.0000e+00
      1.567      0.043     7.4710     91.879     27.473  27.955228     1.9425      6.948   329.1576 1.1418e+02     1.2777      1.537      2.230    25.9081   996.8324 0.0000e+00
      1.573      0.044     7.4637     91.762     27.494  27.967805     1.9385      6.944   329.3198 1.1431e+02     1.2752      1.541      2.235    25.9040   996.8335 0.0000e+00
      1.581      0.047     7.4601     91.694     27.503  27.968845     1.9447      6.939   329.3287 1.1110e+02     1.3088      1.548      2.245    25.9014   996.8343 0.0000e+00
      1.594      0.048     7.4590     91.650     27.512  27.967793     1.9488      6.932   329.3510 1.0436e+02     1.3568      1.559      2.262    25.8916   996.8369 0.0000e+00
      1.613      0.048     7.4588     91.605     27.513  27.955063     1.9438      6.927   329.4182 1.0029e+02     1.3641      1.582      2.296    25.8718   996.8422 0.0000e+00
      1.631      0.046     7.4575     91.546     27.513  27.941799     1.9367      6.927   329.3666 9.8190e+01     1.3648      1.602      2.325    25.8539   996.8470 0.0000e+00
      1.644      0.042     7.4481     91.402     27.515  27.934290     1.9320      6.932   329.3293 9.4808e+01     1.3653      1.613      2.340    25.8413   996.8503 0.0000e+00
      1.650      0.038     7.4257     91.114     27.513  27.927710     1.9392      6.935   329.3971 8.9825e+01     1.3370      1.619      2.350    25.8277   996.8540 0.0000e+00
      1.653      0.036     7.3949     90.729     27.513  27.925669     1.9373      6.937   329.4978 8.4259e+01     1.3172      1.620      2.349    25.7979   996.8619 0.0000e+00
      1.658      0.037     7.3620     90.313     27.501  27.909614     1.9091      6.939   329.6865 8.1424e+01     1.3227      1.623      2.353    25.7663   996.8702 0.0000e+00
      1.668      0.042     7.3303     89.896     27.525  27.923911     1.8929      6.939   329.7855 8.1217e+01     1.3386      1.635      2.372    25.7534   996.8737 0.0000e+00
      1.683      0.049     7.3039     89.531     27.587  27.971629     1.8978      6.934   329.7488 8.1874e+01     1.3127      1.652      2.396    25.7456   996.8758 0.0000e+00
      1.697      0.055     7.2843     89.248     27.607  27.978986     1.9155      6.927   329.8455 8.3189e+01     1.2717      1.663      2.412    25.7434   996.8765 0.0000e+00
      1.713      0.057     7.2648     88.981     27.587  27.949401     1.9427      6.925   330.0079 8.3656e+01     1.2685      1.678      2.433    25.7398   996.8775 0.0000e+00
      1.730      0.057     7.2383     88.641     27.574  27.931126     1.9489      6.927   330.0776 8.3694e+01     1.2730      1.699      2.464    25.7212   996.8825 0.0000e+00
      1.745      0.057     7.2069     88.245     27.595  27.948351     1.9478      6.930   330.1716 8.5086e+01     1.2940      1.713      2.485    25.6928   996.8901 0.0000e+00
      1.757      0.057     7.1789     87.890     27.618  27.967323     1.9552      6.929   330.2841 8.6744e+01     1.3256      1.722      2.498    25.6628   996.8979 0.0000e+00
      1.770      0.056     7.1581     87.626     27.624  27.970183     1.9684      6.925   330.4061 8.7528e+01     1.3275      1.735      2.516    25.6459   996.9024 0.0000e+00
      1.784      0.055     7.1431     87.439     27.638  27.982923     1.9952      6.922   330.6141 8.5277e+01     1.3169      1.749      2.535    25.6398   996.9041 0.0000e+00
      1.800      0.055     7.1335     87.318     27.651  27.994473     2.0111      6.921   330.8193 8.3219e+01     1.3284      1.764      2.558    25.6332   996.9059 0.0000e+00
      1.817      0.055     7.1286     87.253     27.641  27.982940     2.0128      6.919   330.9946 8.3980e+01     1.3362      1.783      2.587    25.6247   996.9083 0.0000e+00
      1.831      0.054     7.1262     87.217     27.631  27.970366     2.0149      6.917   331.0996 8.5388e+01     1.3128      1.797      2.606    25.6182   996.9100 0.0000e+00
      1.842      0.051     7.1243     87.187     27.632  27.969327     2.0111      6.916   331.1422 8.5152e+01     1.3078      1.805      2.619    25.6174   996.9102 0.0000e+00
      1.855      0.050     7.1228     87.162     27.635  27.970367     2.0103      6.915   331.2508 8.2588e+01     1.3416      1.819      2.638    25.6164   996.9106 0.0000e+00
      1.867      0.050     7.1215     87.142     27.650  27.982942     2.0135      6.910   331.3807 8.1928e+01     1.3608      1.832      2.657    25.6123   996.9117 0.0000e+00
      1.877      0.051     7.1188     87.102     27.663  27.994477     2.0065      6.904   331.5085 8.2446e+01     1.3425      1.841      2.670    25.6078   996.9130 0.0000e+00
      1.889      0.052     7.1174     87.079     27.653  27.982943     2.0028      6.899   331.6769 8.0720e+01     1.3175      1.850      2.684    25.6032   996.9142 0.0000e+00
      1.905      0.053     7.1225     87.137     27.643  27.970369     2.0036      6.896   331.8677 7.8801e+01     1.2874      1.867      2.709    25.5996   996.9152 0.0000e+00
      1.921      0.055     7.1312     87.242     27.643  27.969329     2.0000      6.895   332.0092 7.7802e+01     1.2738      1.886      2.734    25.5968   996.9160 0.0000e+00
      1.934      0.056     7.1370     87.315     27.643  27.970368     1.9852      6.895   332.1836 7.5778e+01     1.2839      1.898      2.752    25.5930   996.9171 0.0000e+00
      1.948      0.056     7.1386     87.339     27.654  27.982943     1.9537      6.893   332.4273 7.3153e+01     1.2791      1.908      2.767    25.5884   996.9183 0.0000e+00
      1.963      0.054     7.1391     87.349     27.664  27.994488     1.9399      6.888   332.5466 7.0662e+01     1.2810      1.925      2.791    25.5853   996.9192 0.0000e+00
      1.978      0.050     7.1421     87.388     27.652  27.983067     1.9488      6.886   332.5931 6.8002e+01     1.3065      1.941      2.815    25.5842   996.9196 0.0000e+00
      1.992      0.047     7.1491     87.474     27.640  27.971741     1.9836      6.887   332.7313 6.5198e+01     1.3906      1.954      2.834    25.5857   996.9193 0.0000e+00
      2.004      0.044     7.1571     87.571     27.653  27.984430     2.0405      6.891   332.9277 6.2597e+01     1.5125      1.968      2.853    25.5893   996.9184 0.0000e+00
      2.012      0.040     7.1625     87.633     27.680  28.009599     2.0644      6.894   333.0751 6.0816e+01     1.5680      1.974      2.863    25.5915   996.9178 0.0000e+00
      2.019      0.037     7.1649     87.655     27.695  28.022279     2.0641      6.898   333.1371 5.8771e+01     1.5696      1.978      2.870    25.5921   996.9177 0.0000e+00
      2.029      0.037     7.1629     87.623     27.686  28.010849     2.0802      6.901   333.2466 5.6107e+01     1.5642      1.989      2.886    25.5940   996.9173 0.0000e+00
      2.038      0.040     7.1529     87.492     27.676  27.998285     2.1122      6.903   333.4526 5.4104e+01     1.5690      1.999      2.899    25.5938   996.9174 0.0000e+00
      2.048      0.045     7.1347     87.260     27.679  27.997247     2.1294      6.904   333.5631 5.3104e+01     1.5615      2.007      2.911    25.5899   996.9183 0.0000e+00
      2.059      0.051     7.1127     86.981     27.684  27.998297     2.1235      6.904   333.6361 5.2655e+01     1.5072      2.018      2.927    25.5861   996.9194 0.0000e+00
      2.072      0.056     7.0895     86.688     27.700  28.010976     2.1278      6.901   333.8186 5.2634e+01     1.4687      2.031      2.946    25.5814   996.9208 0.0000e+00
      2.087      0.060     7.0666     86.399     27.715  28.023655     2.1811      6.895   333.8770 5.2983e+01     1.4902      2.045      2.967    25.5758   996.9223 0.0000e+00
      2.105      0.060     7.0497     86.185     27.718  28.024705     2.2654      6.890   333.8261 5.3517e+01     1.5372      2.063      2.993    25.5693   996.9240 0.0000e+00
      2.125      0.056     7.0399     86.061     27.718  28.023667     2.3058      6.888   333.9776 5.4142e+01     1.5455      2.086      3.025    25.5624   996.9259 0.0000e+00
      2.142      0.050     7.0331     85.974     27.707  28.011093     2.3056      6.889   334.1591 5.4851e+01     1.5242      2.103      3.050    25.5568   996.9275 0.0000e+00
      2.153      0.043     7.0281     85.910     27.697  27.999558     2.2806      6.892   334.2146 5.6192e+01     1.5421      2.112      3.063    25.5512   996.9290 0.0000e+00
      2.159      0.037     7.0251     85.871     27.709  28.011093     2.2290      6.895   334.2185 5.7572e+01     1.5650      2.118      3.072    25.5462   996.9304 0.0000e+00
      2.164      0.035     7.0234     85.851     27.721  28.023677     2.1935      6.897   334.1202 5.8537e+01     1.5389      2.121      3.077    25.5433   996.9311 0.0000e+00
      2.170      0.036     7.0244     85.866     27.721  28.024820     2.1891      6.897   334.0588 5.9503e+01     1.5215      2.126      3.085    25.5417   996.9316 0.0000e+00
      2.179      0.039     7.0272     85.901     27.721  28.024914     2.2021      6.896   334.1644 5.9285e+01     1.5510      2.136      3.100    25.5395   996.9321 0.0000e+00
      2.191      0.044     7.0291     85.926     27.721  28.024810     2.2120      6.896   334.3644 5.8450e+01     1.5690      2.146      3.114    25.5375   996.9327 0.0000e+00
      2.205      0.048     7.0324     85.963     27.720  28.023562     2.2132      6.897   334.4974 5.8391e+01     1.5748      2.163      3.137    25.5382   996.9327 0.0000e+00
      2.219      0.051     7.0380     86.028     27.708  28.009825     2.2075      6.897   334.5689 5.8668e+01     1.5878      2.178      3.158    25.5411   996.9320 0.0000e+00
      2.232      0.052     7.0420     86.071     27.686  27.985601     2.2387      6.896   334.7119 5.8538e+01     1.6610      2.187      3.173    25.5422   996.9317 0.0000e+00
      2.246      0.052     7.0423     86.064     27.689  27.984447     2.3219      6.895   334.8506 5.8014e+01     1.7713      2.202      3.194    25.5424   996.9317 0.0000e+00
      2.260      0.049     7.0391     86.017     27.704  27.995870     2.3729      6.892   334.8689 5.7595e+01     1.7751      2.216      3.214    25.5406   996.9323 0.0000e+00
      2.274      0.046     7.0306     85.908     27.706  27.996814     2.3780      6.892   334.8464 5.7306e+01     1.7401      2.230      3.233    25.5390   996.9328 0.0000e+00
      2.285      0.045     7.0146     85.709     27.706  27.995859     2.3748      6.895   334.8375 5.7098e+01     1.7406      2.242      3.251    25.5357   996.9337 0.0000e+00
      2.295      0.045     6.9961     85.472     27.699  27.984321     2.3423      6.897   334.8473 5.6411e+01     1.7482      2.251      3.265    25.5274   996.9358 0.0000e+00
      2.302      0.046     6.9816     85.278     27.705  27.984203     2.2804      6.897   334.9647 5.5502e+01     1.7666      2.257      3.274    25.5208   996.9376 0.0000e+00
      2.311      0.047     6.9722     85.146     27.721  27.994421     2.2421      6.897   335.0526 5.4561e+01     1.7661      2.264      3.284    25.5190   996.9382 0.0000e+00
      2.325      0.049     6.9687     85.090     27.712  27.980961     2.2337      6.897   335.0496 5.3237e+01     1.7430      2.279      3.306    25.5180   996.9385 0.0000e+00
      2.343      0.052     6.9732     85.138     27.682  27.948348     2.2230      6.897   335.1004 5.2138e+01     1.6834      2.298      3.333    25.5119   996.9401 0.0000e+00
