Data/DataNotYetUploadedToEDI/Raw_CTD/RawDownloads/072419_bvr50_d.cnv
* Sea-Bird SBE19plus  Data File:
* FileName = C:\DATA\MSN2_CTD_CASTS_072419\072419_bvr50_d_0001.hex
* Software version 2.8.0.119 SB_Terminal.dll
* Temperature SN = 7809
* Conductivity SN = 7809
* System UpLoad Time = Jul 24 2019 23:17:04
* <ApplicationData>
* <Seaterm232>
# nquan = 16
# nvalues = 844                         
# units = specified
# name 0 = depFM: Depth [fresh water, m]
# name 1 = dz/dtM: Descent Rate [m/s]
# name 2 = sbeox0Mg/L: Oxygen, SBE 43 [mg/l]
# name 3 = sbeox0PS: Oxygen, SBE 43 [% saturation]
# name 4 = specc: Specific Conductance [uS/cm]
# name 5 = c0uS/cm: Conductivity [uS/cm]
# name 6 = flECO-AFL: Fluorescence, WET Labs ECO-AFL/FL [mg/m^3]
# name 7 = ph: pH
# name 8 = orp: Oxidation Reduction Potential [mV]
# name 9 = par/sat/log: PAR/Logarithmic, Satlantic
# name 10 = turbWETntu0: Turbidity, WET Labs ECO [NTU]
# name 11 = prdM: Pressure, Strain Gauge [db]
# name 12 = prdE: Pressure, Strain Gauge [psi]
# name 13 = tv290C: Temperature [ITS-90, deg C]
# name 14 = density00: Density [density, kg/m^3]
# name 15 = flag:  0.000e+00
# span 0 =     -0.658,     10.231       
# span 1 =     -0.221,      0.337       
# span 2 =    -0.0146,     9.2767       
# span 3 =     -0.143,    106.573       
# span 4 =      0.221,    143.594       
# span 5 =   0.186511,  96.394585       
# span 6 =    -0.1578,    39.9647       
# span 7 =      6.250,      8.693       
# span 8 =    98.7549,   354.9378       
# span 9 = 1.2357e-01, 1.2389e-01       
# span 10 =    -0.5590,    88.6773      
# span 11 =     -0.645,     10.034      
# span 12 =     -0.936,     14.553      
# span 13 =     8.5521,    27.0562      
# span 14 =   996.5173,   999.9157      
# span 15 = 0.0000e+00, 0.0000e+00      
# interval = seconds: 0.25
# start_time = Jul 24 2019 23:08:46 [Instrument's time stamp, header]
# bad_flag = -9.990e-29
*END*
[from data line 633]
      6.628      0.026     0.1257      1.166     43.869  32.428680     8.0629      6.615   260.8544 1.2365e-01     2.1030      6.501      9.429    12.0095   999.5464 0.0000e+00
      6.631      0.028     0.1253      1.161     45.475  33.587677     8.6031      6.614   260.0528 1.2372e-01     2.1687      6.503      9.431    12.0083   999.5466 0.0000e+00
      6.636      0.033     0.1254      1.160     46.856  34.540217     8.8949      6.611   259.2047 1.2376e-01     2.2340      6.506      9.435    11.9861   999.5492 0.0000e+00
      6.646      0.037     0.1269      1.171     47.618  34.996989     8.8951      6.609   258.3442 1.2376e-01     2.2693      6.516      9.451    11.9701   999.5512 0.0000e+00
      6.660      0.039     0.1286      1.183     47.664  34.921427     8.6668      6.607   256.9616 1.2376e-01     2.2675      6.531      9.473    11.9611   999.5526 0.0000e+00
      6.675      0.036     0.1308      1.202     47.135  34.451572     8.2674      6.604   255.0496 1.2378e-01     2.2781      6.547      9.496    11.9466   999.5551 0.0000e+00
      6.687      0.030     0.1317      1.209     46.676  34.076062     8.0627      6.600   253.5518 1.2381e-01     2.2987      6.559      9.514    11.8731   999.5639 0.0000e+00
      6.694      0.022     0.1297      1.190     46.662  34.062283     8.0644      6.598   252.7044 1.2381e-01     2.3208      6.566      9.524    11.7452   999.5784 0.0000e+00
      6.696      0.014     0.1276      1.170     46.960  34.284976     8.1317      6.595   251.9459 1.2380e-01     2.3163      6.568      9.526    11.6195   999.5924 0.0000e+00
      6.694      0.009     0.1262      1.157     47.327  34.547262     8.8421      6.592   251.1778 1.2377e-01     2.3424      6.564      9.520    11.5242   999.6024 0.0000e+00
      6.693      0.006     0.1249      1.145     47.464  34.631372    10.1600      6.590   250.5581 1.2376e-01     2.4404      6.561      9.517    11.4836   999.6065 0.0000e+00
      6.694      0.006     0.1246      1.142     47.191  34.413371    10.8793      6.589   250.0464 1.2380e-01     2.4839      6.563      9.520    11.4941   999.6055 0.0000e+00
      6.698      0.006     0.1241      1.137     46.822  34.132787    10.9582      6.587   249.3789 1.2377e-01     2.4758      6.568      9.526    11.5073   999.6042 0.0000e+00
      6.702      0.007     0.1214      1.112     46.767  34.094891    11.1743      6.586   248.3378 1.2366e-01     2.5056      6.573      9.534    11.4996   999.6052 0.0000e+00
      6.704      0.007     0.1191      1.091     47.091  34.335985    11.5503      6.586   247.1806 1.2362e-01     2.5492      6.576      9.538    11.4802   999.6074 0.0000e+00
      6.704      0.008     0.1186      1.087     47.779  34.826470    11.7420      6.585   246.0562 1.2367e-01     2.5449      6.575      9.537    11.4570   999.6096 0.0000e+00
      6.704      0.009     0.1181      1.081     48.504  35.328586    11.7145      6.582   244.8949 1.2371e-01     2.5186      6.573      9.534    11.4399   999.6113 0.0000e+00
      6.704      0.012     0.1179      1.079     48.716  35.456346    11.2009      6.580   243.8094 1.2372e-01     2.5264      6.573      9.533    11.4474   999.6105 0.0000e+00
      6.707      0.015     0.1179      1.078     48.422  35.228708    10.2489      6.577   242.8250 1.2369e-01     2.5411      6.576      9.538    11.4626   999.6090 0.0000e+00
      6.715      0.017     0.1159      1.060     48.095  34.988114     9.7232      6.575   241.8550 1.2374e-01     2.5320      6.585      9.550    11.4490   999.6107 0.0000e+00
      6.723      0.018     0.1145      1.047     47.968  34.895750     9.6303      6.573   240.8575 1.2382e-01     2.5146      6.595      9.565    11.4159   999.6147 0.0000e+00
      6.728      0.019     0.1148      1.050     48.021  34.937065     9.2470      6.572   239.7986 1.2375e-01     2.3967      6.599      9.570    11.3812   999.6185 0.0000e+00
      6.730      0.022     0.1137      1.041     48.156  35.043352     8.5651      6.571   238.6018 1.2368e-01     2.1878      6.600      9.571    11.3683   999.6197 0.0000e+00
      6.731      0.026     0.1124      1.029     48.381  35.228814     8.1920      6.568   237.3140 1.2368e-01     2.0864      6.601      9.573    11.3715   999.6192 0.0000e+00
      6.736      0.034     0.1131      1.036     49.442  36.037029     8.1600      6.566   236.1010 1.2370e-01     2.0874      6.604      9.579    11.3703   999.6193 0.0000e+00
      6.745      0.045     0.1137      1.041     52.062  37.960284     8.2130      6.562   235.1206 1.2376e-01     2.1342      6.614      9.592    11.3733   999.6190 0.0000e+00
      6.759      0.056     0.1132      1.036     55.039  40.074124     8.3130      6.557   234.3229 1.2381e-01     2.2272      6.628      9.614    11.3774   999.6188 0.0000e+00
      6.777      0.065     0.1145      1.045     56.701  41.154168     8.3634      6.553   233.2534 1.2381e-01     2.2939      6.644      9.637    11.3955   999.6169 0.0000e+00
      6.797      0.072     0.1192      1.085     57.476  41.559638     8.3711      6.548   231.8246 1.2380e-01     2.3182      6.665      9.667    11.4466   999.6117 0.0000e+00
      6.819      0.076     0.1231      1.118     58.346  42.055902     8.3101      6.542   230.5564 1.2375e-01     2.3239      6.689      9.702    11.4825   999.6091 0.0000e+00
      6.839      0.076     0.1224      1.109     59.394  42.709877     7.4615      6.536   229.4489 1.2372e-01     2.3627      6.708      9.728    11.4323   999.6159 0.0000e+00
      6.857      0.073     0.1221      1.105     60.434  43.371337     5.8966      6.528   228.2424 1.2374e-01     2.4607      6.724      9.752    11.2952   999.6309 0.0000e+00
      6.877      0.068     0.1248      1.127     61.359  43.957927     5.0382      6.522   227.0679 1.2373e-01     2.5586      6.745      9.783    11.1406   999.6472 0.0000e+00
      6.897      0.063     0.1263      1.139     62.167  44.468443     4.9369      6.516   225.8305 1.2372e-01     2.5951      6.765      9.812    11.0268   999.6593 0.0000e+00
      6.912      0.059     0.1264      1.139     62.869  44.908443     4.7409      6.511   224.3800 1.2376e-01     2.5085      6.779      9.833    10.9496   999.6676 0.0000e+00
      6.924      0.054     0.1258      1.132     63.467  45.277342     4.3949      6.506   222.6941 1.2377e-01     2.3643      6.789      9.846    10.8798   999.6750 0.0000e+00
      6.936      0.049     0.1245      1.119     64.210  45.753626     4.1953      6.501   220.5894 1.2376e-01     2.3266      6.801      9.864    10.8148   999.6818 0.0000e+00
      6.949      0.047     0.1235      1.109     65.470  46.602859     4.1564      6.496   218.6356 1.2371e-01     2.3797      6.815      9.884    10.7612   999.6874 0.0000e+00
      6.960      0.049     0.1235      1.108     66.854  47.543540     3.9863      6.490   217.3975 1.2372e-01     2.4499      6.826      9.900    10.7125   999.6925 0.0000e+00
      6.970      0.054     0.1239      1.111     67.894  48.236195     3.6638      6.482   216.2025 1.2380e-01     2.5192      6.834      9.912    10.6666   999.6972 0.0000e+00
      6.980      0.061     0.1220      1.094     69.324  49.198245     3.4735      6.473   214.6837 1.2378e-01     2.5295      6.843      9.925    10.6236   999.7015 0.0000e+00
      6.995      0.071     0.1208      1.081     71.301  50.537528     3.4277      6.463   213.4890 1.2376e-01     2.5091      6.857      9.945    10.5875   999.7056 0.0000e+00
      7.016      0.081     0.1228      1.098     72.717  51.471830     3.1967      6.452   212.5115 1.2379e-01     2.5347      6.878      9.976    10.5565   999.7093 0.0000e+00
      7.041      0.090     0.1242      1.109     73.455  51.919677     2.7697      6.442   210.8672 1.2372e-01     2.5774      6.904     10.014    10.5228   999.7128 0.0000e+00
      7.068      0.097     0.1229      1.096     73.970  52.204501     2.5220      6.431   208.7500 1.2367e-01     2.5668      6.931     10.053    10.4847   999.7170 0.0000e+00
      7.094      0.100     0.1230      1.096     74.240  52.311046     2.4739      6.421   206.3576 1.2373e-01     2.5369      6.957     10.090    10.4396   999.7224 0.0000e+00
      7.120      0.099     0.1250      1.112     74.467  52.382016     2.2753      6.413   203.4510 1.2376e-01     2.4457      6.982     10.126    10.3905   999.7275 0.0000e+00
      7.147      0.096     0.1257      1.116     75.016  52.681350     1.9152      6.405   200.5364 1.2372e-01     2.2504      7.009     10.164    10.3398   999.7324 0.0000e+00
      7.173      0.094     0.1258      1.116     76.133  53.389142     1.7180      6.398   198.0484 1.2369e-01     2.1414      7.036     10.205    10.2866   999.7377 0.0000e+00
      7.195      0.097     0.1263      1.120     77.943  54.587032     1.7027      6.390   195.9108 1.2369e-01     2.1446      7.057     10.236    10.2307   999.7429 0.0000e+00
      7.214      0.103     0.1272      1.126     80.230  56.110536     1.7212      6.381   194.1353 1.2374e-01     2.1248      7.073     10.259    10.1688   999.7486 0.0000e+00
      7.234      0.110     0.1284      1.136     82.265  57.450817     1.7424      6.372   192.4981 1.2376e-01     2.0979      7.092     10.286    10.1078   999.7545 0.0000e+00
      7.264      0.115     0.1273      1.126     83.744  58.402262     1.7510      6.365   190.6571 1.2370e-01     2.0821      7.120     10.326    10.0597   999.7593 0.0000e+00
      7.301      0.119     0.1247      1.101     85.217  59.353848     1.7551      6.359   188.7387 1.2368e-01     2.0655      7.159     10.384    10.0175   999.7639 0.0000e+00
      7.341      0.121     0.1236      1.090     86.787  60.377583     1.7487      6.353   186.8560 1.2373e-01     2.0609      7.203     10.446     9.9686   999.7693 0.0000e+00
      7.373      0.118     0.1241      1.093     87.954  61.120723     1.7004      6.347   185.1013 1.2377e-01     1.9933      7.233     10.491     9.9155   999.7749 0.0000e+00
      7.398      0.112     0.1248      1.098     88.653  61.539112     1.6124      6.341   183.5257 1.2379e-01     1.8706      7.254     10.522     9.8656   999.7796 0.0000e+00
      7.422      0.105     0.1234      1.085     89.319  61.940813     1.5609      6.335   182.0875 1.2383e-01     1.7896      7.278     10.555     9.8220   999.7840 0.0000e+00
      7.448      0.101     0.1201      1.055     90.179  62.482086     1.5549      6.328   180.7909 1.2384e-01     1.7683      7.305     10.595     9.7829   999.7882 0.0000e+00
      7.473      0.105     0.1191      1.045     91.095  63.062617     1.5573      6.322   179.6358 1.2379e-01     1.8419      7.330     10.632     9.7434   999.7921 0.0000e+00
      7.497      0.110     0.1195      1.048     91.797  63.493950     1.5639      6.316   178.6176 1.2377e-01     1.9586      7.351     10.663     9.7041   999.7956 0.0000e+00
      7.522      0.113     0.1188      1.041     92.078  63.629456     1.5742      6.311   177.6866 1.2376e-01     2.0322      7.374     10.695     9.6706   999.7988 0.0000e+00
      7.555      0.112     0.1185      1.038     92.152  63.620441     1.5686      6.306   176.8110 1.2373e-01     2.0774      7.406     10.741     9.6412   999.8017 0.0000e+00
      7.593      0.109     0.1191      1.043     92.531  63.829809     1.4100      6.302   175.9462 1.2370e-01     2.0463      7.448     10.803     9.6115   999.8047 0.0000e+00
      7.626      0.104     0.1196      1.047     93.390  64.381130     1.1300      6.299   175.1467 1.2368e-01     1.9500      7.483     10.853     9.5826   999.8076 0.0000e+00
      7.647      0.099     0.1191      1.042     94.540  65.137839     0.9836      6.296   174.3713 1.2377e-01     1.8966      7.501     10.879     9.5505   999.8104 0.0000e+00
      7.664      0.094     0.1176      1.028     95.829  65.987020     0.9665      6.292   173.4537 1.2385e-01     1.8917      7.514     10.898     9.5151   999.8133 0.0000e+00
      7.683      0.094     0.1161      1.014     96.925  66.702643     0.9572      6.289   172.4833 1.2379e-01     1.8584      7.533     10.926     9.4855   999.8159 0.0000e+00
      7.706      0.099     0.1150      1.004     97.397  66.988500     0.9581      6.286   171.6730 1.2370e-01     1.7898      7.557     10.960     9.4657   999.8179 0.0000e+00
      7.731      0.107     0.1141      0.996     97.425  66.964025     0.9682      6.281   170.9692 1.2374e-01     1.7820      7.579     10.991     9.4486   999.8198 0.0000e+00
      7.763      0.114     0.1133      0.988     97.609  67.042383     0.9676      6.276   169.9962 1.2384e-01     1.8304      7.610     11.037     9.4278   999.8221 0.0000e+00
      7.798      0.118     0.1129      0.984     98.145  67.363724     0.9589      6.272   168.7717 1.2380e-01     1.8839      7.650     11.094     9.4070   999.8244 0.0000e+00
      7.831      0.117     0.1137      0.991     98.749  67.734260     0.9591      6.270   167.8646 1.2370e-01     1.9698      7.682     11.141     9.3886   999.8263 0.0000e+00
      7.860      0.112     0.1151      1.003     99.235  68.025969     0.9610      6.270   167.2026 1.2366e-01     2.0497      7.707     11.178     9.3659   999.8281 0.0000e+00
      7.889      0.103     0.1148      0.999     99.755  68.347761     0.9466      6.269   166.2739 1.2367e-01     2.0637      7.735     11.219     9.3395   999.8304 0.0000e+00
      7.916      0.092     0.1129      0.983    100.214  68.636952     0.9071      6.268   165.0681 1.2365e-01     1.9745      7.765     11.263     9.3158   999.8326 0.0000e+00
      7.937      0.081     0.1144      0.996    100.275  68.661631     0.8649      6.267   163.7223 1.2363e-01     1.8559      7.784     11.292     9.2940   999.8346 0.0000e+00
      7.955      0.070     0.1169      1.018    100.271  68.646140     0.8529      6.266   162.3909 1.2368e-01     1.8422      7.799     11.313     9.2720   999.8366 0.0000e+00
      7.974      0.063     0.1142      0.994    100.653  68.894661     0.8474      6.265   161.3608 1.2375e-01     1.8744      7.822     11.343     9.2531   999.8384 0.0000e+00
      7.987      0.061     0.1091      0.949    101.193  69.250547     0.8342      6.263   160.5592 1.2371e-01     1.8850      7.836     11.366     9.2415   999.8396 0.0000e+00
      7.995      0.065     0.1062      0.923    101.698  69.579512     0.7975      6.262   159.6680 1.2366e-01     1.8718      7.838     11.368     9.2340   999.8401 0.0000e+00
      8.006      0.072     0.1059      0.920    102.175  69.883936     0.7331      6.261   158.8446 1.2371e-01     1.8463      7.845     11.379     9.2282   999.8406 0.0000e+00
      8.027      0.080     0.1062      0.923    102.575  70.133783     0.6967      6.261   158.2612 1.2373e-01     1.8387      7.869     11.414     9.2223   999.8413 0.0000e+00
      8.054      0.088     0.1060      0.921    102.962  70.375058     0.6869      6.261   157.6906 1.2368e-01     1.8452      7.898     11.454     9.2154   999.8422 0.0000e+00
      8.082      0.093     0.1054      0.915    103.382  70.639374     0.6665      6.260   157.1084 1.2366e-01     1.8593      7.927     11.495     9.2077   999.8431 0.0000e+00
      8.108      0.094     0.1054      0.915    103.814  70.913461     0.6327      6.259   156.7286 1.2371e-01     1.8455      7.952     11.534     9.1966   999.8444 0.0000e+00
      8.131      0.090     0.1061      0.920    104.368  71.272848     0.6072      6.257   156.4538 1.2376e-01     1.8100      7.974     11.565     9.1841   999.8455 0.0000e+00
      8.152      0.085     0.1060      0.920    104.985  71.678290     0.6005      6.256   156.0232 1.2375e-01     1.7901      7.997     11.597     9.1731   999.8466 0.0000e+00
      8.172      0.080     0.1051      0.912    105.384  71.936912     0.6036      6.256   155.4800 1.2370e-01     1.8019      8.016     11.625     9.1621   999.8477 0.0000e+00
      8.190      0.076     0.1055      0.916    105.569  72.047148     0.6111      6.256   154.8756 1.2368e-01     1.8541      8.031     11.648     9.1517   999.8487 0.0000e+00
