Data/DataNotYetUploadedToEDI/Raw_CTD/RawDownloads/072419_bvr50_b.cnv
* Sea-Bird SBE19plus  Data File:
* FileName = C:\DATA\MSN2_CTD_CASTS_072419\072419_bvr50_b_0002.hex
* Software version 2.8.0.119 SB_Terminal.dll
* Temperature SN = 7809
* Conductivity SN = 7809
* System UpLoad Time = Jul 24 2019 18:33:01
* <ApplicationData>
* <Seaterm232>
# nquan = 16
# nvalues = 1064                        
# units = specified
# name 0 = depFM: Depth [fresh water, m]
# name 1 = dz/dtM: Descent Rate [m/s]
# name 2 = sbeox0Mg/L: Oxygen, SBE 43 [mg/l]
# name 3 = sbeox0PS: Oxygen, SBE 43 [% saturation]
# name 4 = specc: Specific Conductance [uS/cm]
# name 5 = c0uS/cm: Conductivity [uS/cm]
# name 6 = flECO-AFL: Fluorescence, WET Labs ECO-AFL/FL [mg/m^3]
# name 7 = ph: pH
# name 8 = orp: Oxidation Reduction Potential [mV]
# name 9 = par/sat/log: PAR/Logarithmic, Satlantic
# name 10 = turbWETntu0: Turbidity, WET Labs ECO [NTU]
# name 11 = prdM: Pressure, Strain Gauge [db]
# name 12 = prdE: Pressure, Strain Gauge [psi]
# name 13 = tv290C: Temperature [ITS-90, deg C]
# name 14 = density00: Density [density, kg/m^3]
# name 15 = flag:  0.000e+00
# span 0 =     -0.676,     10.568       
# span 1 =     -0.027,      0.144       
# span 2 =    -0.1936,     8.1674       
# span 3 =     -1.924,    104.410       
# span 4 =      0.656,    291.403       
# span 5 =   0.703640, 195.121890       
# span 6 =    -0.5384,    26.3282       
# span 7 =      0.333,      8.381       
# span 8 = -1240.7455,   604.0399       
# span 9 = 1.2345e-01, 1.0176e+03       
# span 10 =    -4.1264,    17.1984      
# span 11 =     -0.664,     10.364      
# span 12 =     -0.963,     15.031      
# span 13 =     8.4615,    28.5982      
# span 14 =   996.0704,   999.9889      
# span 15 = 0.0000e+00, 0.0000e+00      
# interval = seconds: 0.25
# start_time = Jul 24 2019 18:21:38 [Instrument's time stamp, header]
# bad_flag = -9.990e-29
*END*
[from data line 181]
      0.072      0.084     6.7872     86.836     27.750  29.461570     1.5690      7.252   318.4840 3.5424e+02     1.0887      0.070      0.102    28.1278   996.2154 0.0000e+00
      0.095      0.088     7.3017     93.398     27.767  29.472384     1.5743      7.254   318.3773 3.3742e+02     1.0935      0.095      0.137    28.1287   996.2152 0.0000e+00
      0.115      0.092     7.7048     98.545     27.746  29.447039     1.6257      7.261   318.4449 3.3816e+02     1.1212      0.113      0.163    28.1187   996.2182 0.0000e+00
      0.135      0.093     7.9835    102.102     27.712  29.408924     1.7223      7.265   318.6999 2.7878e+02     1.2269      0.132      0.191    28.0964   996.2246 0.0000e+00
      0.159      0.093     8.1363    104.039     27.701  29.392220     1.7712      7.268   319.0504 2.0228e+02     1.2906      0.154      0.223    28.0750   996.2307 0.0000e+00
      0.188      0.093     8.1674    104.410     27.690  29.371966     1.7664      7.268   319.5003 1.6671e+02     1.3014      0.185      0.269    28.0616   996.2347 0.0000e+00
      0.216      0.092     8.1005    103.522     27.683  29.354369     1.7686      7.265   320.0093 1.6386e+02     1.3244      0.216      0.312    28.0588   996.2357 0.0000e+00
      0.237      0.091     7.9848    102.009     27.707  29.369779     1.7889      7.260   320.4722 1.6644e+02     1.3400      0.234      0.338    28.0566   996.2364 0.0000e+00
      0.256      0.088     7.8703    100.524     27.712  29.367933     1.8122      7.251   320.8817 1.6574e+02     1.3270      0.250      0.362    28.0473   996.2391 0.0000e+00
      0.278      0.085     7.7808     99.368     27.682  29.332038     1.8242      7.240   321.2609 1.9049e+02     1.2971      0.272      0.395    28.0330   996.2433 0.0000e+00
      0.301      0.082     7.7142     98.503     27.672  29.316454     1.8215      7.231   321.6153 2.1927e+02     1.2735      0.296      0.428    28.0131   996.2491 0.0000e+00
      0.323      0.079     7.6638     97.839     27.669  29.306403     1.8150      7.228   321.8977 1.9457e+02     1.2059      0.316      0.459    27.9920   996.2551 0.0000e+00
      0.345      0.076     7.6248     97.312     27.647  29.273945     1.8148      7.226   322.1800 1.5921e+02     1.1023      0.340      0.493    27.9801   996.2586 0.0000e+00
      0.364      0.072     7.5932     96.871     27.627  29.241236     1.8180      7.224   322.5330 1.5279e+02     1.0693      0.359      0.520    27.9747   996.2602 0.0000e+00
      0.379      0.069     7.5673     96.500     27.627  29.228140     1.8199      7.221   322.8105 1.5485e+02     1.1020      0.371      0.539    27.9669   996.2625 0.0000e+00
      0.394      0.064     7.5462     96.191     27.652  29.242476     1.8194      7.213   322.8670 1.6348e+02     1.1693      0.386      0.559    27.9559   996.2657 0.0000e+00
      0.411      0.058     7.5280     95.936     27.702  29.287665     1.8213      7.204   322.8729 1.8193e+02     1.2608      0.402      0.583    27.9389   996.2705 0.0000e+00
      0.429      0.049     7.5123     95.739     27.741  29.330363     1.8341      7.198   323.0542 2.0718e+02     1.3242      0.421      0.611    27.9166   996.2770 0.0000e+00
      0.444      0.039     7.4997     95.598     27.720  29.314592     1.8437      7.195   323.2520 2.5924e+02     1.3459      0.439      0.635    27.8924   996.2839 0.0000e+00
      0.454      0.028     7.4899     95.487     27.690  29.287333     1.8430      7.194   323.2851 3.3904e+02     1.2936      0.448      0.649    27.8656   996.2915 0.0000e+00
      0.457      0.015     7.4834     95.410     27.717  29.318038     1.8603      7.193   323.2831 3.6053e+02     1.1831      0.450      0.653    27.8481   996.2965 0.0000e+00
      0.455      0.004     7.4804     95.384     27.761  29.368598     1.8874      7.192   323.3131 3.1445e+02     1.1245      0.447      0.648    27.8538   996.2949 0.0000e+00
      0.453     -0.004     7.4801     95.403     27.776  29.391062     1.8933      7.191   323.3036 3.4406e+02     1.1098      0.444      0.643    27.8708   996.2900 0.0000e+00
      0.451     -0.008     7.4839     95.478     27.776  29.399317     1.8536      7.191   323.3408 4.1728e+02     1.1361      0.443      0.643    27.8801   996.2874 0.0000e+00
      0.448     -0.005     7.4917     95.605     27.772  29.404967     1.7899      7.189   323.5912 3.7983e+02     1.2457      0.440      0.639    27.8785   996.2879 0.0000e+00
      0.443      0.005     7.5017     95.752     27.757  29.395945     1.7641      7.183   323.9217 3.2477e+02     1.3536      0.434      0.629    27.8846   996.2861 0.0000e+00
      0.441      0.025     7.5132     95.906     27.715  29.353687     1.7663      7.168   324.0676 3.4787e+02     1.3920      0.431      0.624    27.9005   996.2816 0.0000e+00
      0.443      0.050     7.5252     96.048     27.645  29.274733     1.7646      7.152   324.1506 3.5223e+02     1.3490      0.431      0.625    27.9161   996.2772 0.0000e+00
      0.454      0.075     7.5340     96.116     27.590  29.202693     1.7789      7.139   324.2371 2.9238e+02     1.2926      0.438      0.634    27.9336   996.2722 0.0000e+00
      0.482      0.097     7.5365     96.064     27.595  29.180563     1.8091      7.131   324.2521 2.1631e+02     1.3001      0.467      0.678    27.9474   996.2685 0.0000e+00
      0.522      0.110     7.5293     95.880     27.640  29.197461     1.8176      7.128   324.2465 1.7785e+02     1.3419      0.512      0.744    27.9515   996.2676 0.0000e+00
      0.563      0.113     7.5073     95.530     27.679  29.216612     1.8121      7.127   324.2552 1.7785e+02     1.3709      0.555      0.805    27.9479   996.2688 0.0000e+00
      0.595      0.107     7.4733     95.058     27.696  29.221741     1.8294      7.126   324.2714 1.9017e+02     1.3564      0.587      0.853    27.9260   996.2750 0.0000e+00
      0.618      0.093     7.4414     94.630     27.679  29.196004     1.8628      7.124   324.2704 2.1772e+02     1.3309      0.608      0.882    27.8684   996.2914 0.0000e+00
      0.635      0.078     7.4214     94.356     27.650  29.159205     1.8853      7.123   324.2431 2.3428e+02     1.3247      0.623      0.904    27.8046   996.3095 0.0000e+00
      0.650      0.064     7.4122     94.213     27.656  29.157486     1.8940      7.122   324.1992 2.0881e+02     1.3139      0.638      0.926    27.7653   996.3208 0.0000e+00
      0.665      0.052     7.4062     94.112     27.681  29.175211     1.8815      7.121   324.2560 2.0689e+02     1.2981      0.651      0.945    27.7434   996.3269 0.0000e+00
      0.680      0.042     7.4018     94.054     27.690  29.183163     1.8460      7.121   324.5006 2.2590e+02     1.2978      0.665      0.966    27.7336   996.3297 0.0000e+00
      0.692      0.035     7.4073     94.142     27.690  29.190178     1.8207      7.120   324.7473 2.0238e+02     1.3103      0.682      0.989    27.7264   996.3319 0.0000e+00
      0.698      0.030     7.4220     94.361     27.686  29.196587     1.8191      7.119   324.8292 1.9006e+02     1.3184      0.687      0.996    27.7074   996.3372 0.0000e+00
      0.698      0.027     7.4398     94.617     27.677  29.197218     1.8084      7.116   324.8029 2.0651e+02     1.3299      0.683      0.990    27.6869   996.3430 0.0000e+00
      0.702      0.027     7.4580     94.869     27.671  29.197831     1.7784      7.113   324.6872 2.1110e+02     1.3511      0.686      0.996    27.6847   996.3436 0.0000e+00
      0.709      0.032     7.4746     95.088     27.675  29.204013     1.7592      7.109   324.6349 2.2703e+02     1.3454      0.696      1.009    27.6994   996.3395 0.0000e+00
      0.719      0.040     7.4897     95.275     27.681  29.208513     1.7583      7.104   324.7730 2.5307e+02     1.3267      0.705      1.022    27.7212   996.3334 0.0000e+00
      0.729      0.051     7.5038     95.439     27.667  29.188789     1.7588      7.097   324.9799 2.2893e+02     1.3210      0.714      1.035    27.7420   996.3276 0.0000e+00
      0.742      0.061     7.5116     95.519     27.642  29.155874     1.7569      7.087   325.1570 1.9386e+02     1.3090      0.726      1.053    27.7544   996.3242 0.0000e+00
      0.760      0.069     7.5103     95.473     27.625  29.127774     1.7605      7.077   325.2795 1.9588e+02     1.3131      0.745      1.080    27.7581   996.3232 0.0000e+00
      0.780      0.074     7.5030     95.331     27.616  29.102803     1.7679      7.068   325.2570 2.0593e+02     1.3381      0.764      1.109    27.7547   996.3243 0.0000e+00
      0.802      0.076     7.4876     95.071     27.640  29.107720     1.7601      7.064   325.1426 2.0398e+02     1.3486      0.785      1.139    27.7448   996.3271 0.0000e+00
      0.826      0.074     7.4639     94.711     27.674  29.123750     1.7357      7.062   325.1873 1.9359e+02     1.3422      0.810      1.174    27.7335   996.3304 0.0000e+00
      0.848      0.069     7.4411     94.385     27.669  29.106238     1.7152      7.060   325.2822 1.8903e+02     1.3271      0.833      1.208    27.7192   996.3345 0.0000e+00
      0.863      0.063     7.4246     94.151     27.657  29.086313     1.7033      7.056   325.2570 1.7922e+02     1.3295      0.848      1.231    27.6909   996.3426 0.0000e+00
      0.873      0.054     7.4158     94.020     27.652  29.073172     1.7049      7.051   325.2269 1.6498e+02     1.3714      0.855      1.241    27.6469   996.3550 0.0000e+00
      0.885      0.044     7.4139     93.981     27.657  29.074231     1.7261      7.046   325.2628 1.6155e+02     1.3749      0.866      1.256    27.6063   996.3665 0.0000e+00
      0.899      0.035     7.4154     93.998     27.681  29.099110     1.7514      7.045   325.3466 1.6765e+02     1.3055      0.883      1.280    27.5873   996.3718 0.0000e+00
      0.910      0.026     7.4198     94.058     27.700  29.120188     1.7595      7.043   325.3795 1.8840e+02     1.2533      0.895      1.299    27.5777   996.3746 0.0000e+00
      0.914      0.018     7.4239     94.121     27.714  29.138738     1.7630      7.043   325.3165 2.1544e+02     1.2687      0.899      1.304    27.5625   996.3789 0.0000e+00
      0.914      0.012     7.4249     94.153     27.703  29.133063     1.7937      7.044   325.3595 2.5071e+02     1.2943      0.895      1.299    27.5524   996.3817 0.0000e+00
      0.913      0.009     7.4245     94.169     27.679  29.115030     1.8274      7.045   325.5554 2.6086e+02     1.3006      0.895      1.298    27.5538   996.3813 0.0000e+00
      0.913      0.011     7.4249     94.178     27.674  29.111050     1.8242      7.044   325.7060 1.9809e+02     1.3122      0.896      1.299    27.5569   996.3805 0.0000e+00
      0.914      0.017     7.4281     94.200     27.655  29.084953     1.8156      7.042   325.8038 1.4165e+02     1.3372      0.894      1.297    27.5600   996.3795 0.0000e+00
      0.918      0.026     7.4354     94.256     27.636  29.053270     1.8093      7.037   325.8768 1.3091e+02     1.3737      0.898      1.303    27.5729   996.3759 0.0000e+00
      0.926      0.035     7.4420     94.292     27.643  29.045197     1.7828      7.031   326.0724 1.2850e+02     1.3597      0.908      1.318    27.5928   996.3703 0.0000e+00
      0.938      0.042     7.4448     94.287     27.661  29.050766     1.7647      7.022   326.3617 1.3001e+02     1.2990      0.920      1.334    27.5958   996.3696 0.0000e+00
      0.953      0.047     7.4449     94.273     27.672  29.057136     1.7627      7.007   326.5353 1.4895e+02     1.2942      0.936      1.356    27.5809   996.3738 0.0000e+00
      0.966      0.047     7.4419     94.239     27.672  29.058760     1.7766      6.991   326.6236 1.8028e+02     1.3345      0.949      1.376    27.5609   996.3795 0.0000e+00
      0.979      0.046     7.4384     94.204     27.681  29.070408     1.8021      6.980   326.6549 1.8285e+02     1.3283      0.960      1.392    27.5269   996.3891 0.0000e+00
      0.992      0.044     7.4384     94.209     27.680  29.071078     1.8116      6.976   326.7410 1.7413e+02     1.2845      0.975      1.414    27.4974   996.3974 0.0000e+00
      1.002      0.042     7.4414     94.242     27.677  29.066863     1.8140      6.977   326.8913 1.9050e+02     1.2640      0.985      1.428    27.4922   996.3990 0.0000e+00
      1.009      0.040     7.4457     94.280     27.697  29.082888     1.8216      6.980   327.0953 2.0320e+02     1.2769      0.988      1.434    27.4976   996.3975 0.0000e+00
      1.018      0.038     7.4506     94.319     27.697  29.074484     1.8260      6.982   327.3146 2.1160e+02     1.3099      0.997      1.446    27.5042   996.3957 0.0000e+00
      1.031      0.036     7.4542     94.338     27.662  29.028683     1.8325      6.984   327.3917 2.1295e+02     1.3352      1.011      1.467    27.5086   996.3944 0.0000e+00
      1.041      0.034     7.4575     94.346     27.620  28.973233     1.8398      6.987   327.4253 1.7269e+02     1.3198      1.023      1.482    27.5059   996.3952 0.0000e+00
      1.050      0.033     7.4630     94.361     27.578  28.911605     1.8356      6.992   327.5489 1.3096e+02     1.2882      1.030      1.493    27.4955   996.3982 0.0000e+00
      1.057      0.033     7.4673     94.327     27.551  28.854547     1.8162      6.995   327.6819 1.1586e+02     1.3132      1.037      1.506    27.4804   996.4025 0.0000e+00
      1.063      0.035     7.4684     94.217     27.529  28.790886     1.7877      6.996   327.8286 1.0408e+02     1.3594      1.043      1.512    27.4651   996.4068 0.0000e+00
      1.068      0.039     7.4640     94.019     27.499  28.712837     1.7683      6.994   328.0312 9.8309e+01     1.3562      1.046      1.516    27.4482   996.4115 0.0000e+00
      1.078      0.044     7.4508     93.716     27.503  28.672152     1.7641      6.991   328.2390 1.1060e+02     1.3398      1.056      1.531    27.4188   996.4197 0.0000e+00
      1.093      0.048     7.4341     93.402     27.543  28.679582     1.7800      6.989   328.4486 1.2701e+02     1.3251      1.071      1.553    27.3664   996.4343 0.0000e+00
      1.109      0.052     7.4173     93.127     27.559  28.675725     1.8044      6.989   328.5010 1.2880e+02     1.3090      1.088      1.578    27.2899   996.4557 0.0000e+00
      1.124      0.053     7.4004     92.872     27.525  28.625490     1.8164      6.988   328.4416 1.3780e+02     1.3095      1.104      1.601    27.2004   996.4806 0.0000e+00
      1.136      0.052     7.3886     92.668     27.499  28.579749     1.8375      6.986   328.4187 1.4976e+02     1.3306      1.114      1.616    27.1106   996.5054 0.0000e+00
      1.149      0.049     7.3842     92.521     27.515  28.566770     1.8690      6.983   328.3970 1.4413e+02     1.3677      1.127      1.634    27.0479   996.5228 0.0000e+00
      1.162      0.048     7.3834     92.408     27.515  28.531961     1.8856      6.982   328.4373 1.3781e+02     1.3650      1.140      1.653    27.0148   996.5319 0.0000e+00
      1.175      0.048     7.3856     92.353     27.487  28.476054     1.8915      6.981   328.4758 1.2925e+02     1.2977      1.152      1.671    26.9928   996.5380 0.0000e+00
      1.185      0.050     7.3940     92.384     27.497  28.461777     1.8964      6.980   328.4315 1.1651e+02     1.2421      1.164      1.687    26.9703   996.5443 0.0000e+00
      1.195      0.053     7.4068     92.474     27.542  28.486189     1.9103      6.979   328.3315 1.1363e+02     1.2834      1.170      1.697    26.9072   996.5616 0.0000e+00
      1.207      0.055     7.4193     92.587     27.587  28.517404     1.9383      6.977   328.2139 1.2024e+02     1.3714      1.182      1.714    26.8307   996.5826 0.0000e+00
      1.224      0.056     7.4312     92.717     27.597  28.521930     1.9572      6.974   328.2134 1.3369e+02     1.3873      1.201      1.742    26.7936   996.5928 0.0000e+00
      1.243      0.056     7.4444     92.871     27.558  28.477460     1.9569      6.972   328.3255 1.4687e+02     1.3452      1.219      1.768    26.7485   996.6052 0.0000e+00
