Data/DataNotYetUploadedToEDI/Raw_CTD/RawDownloads/072419_bvr50_d.cnv
* Sea-Bird SBE19plus  Data File:
* FileName = C:\DATA\MSN2_CTD_CASTS_072419\072419_bvr50_d_0001.hex
* Software version 2.8.0.119 SB_Terminal.dll
* Temperature SN = 7809
* Conductivity SN = 7809
* System UpLoad Time = Jul 24 2019 23:17:04
* <ApplicationData>
* <Seaterm232>
# nquan = 16
# nvalues = 844                         
# units = specified
# name 0 = depFM: Depth [fresh water, m]
# name 1 = dz/dtM: Descent Rate [m/s]
# name 2 = sbeox0Mg/L: Oxygen, SBE 43 [mg/l]
# name 3 = sbeox0PS: Oxygen, SBE 43 [% saturation]
# name 4 = specc: Specific Conductance [uS/cm]
# name 5 = c0uS/cm: Conductivity [uS/cm]
# name 6 = flECO-AFL: Fluorescence, WET Labs ECO-AFL/FL [mg/m^3]
# name 7 = ph: pH
# name 8 = orp: Oxidation Reduction Potential [mV]
# name 9 = par/sat/log: PAR/Logarithmic, Satlantic
# name 10 = turbWETntu0: Turbidity, WET Labs ECO [NTU]
# name 11 = prdM: Pressure, Strain Gauge [db]
# name 12 = prdE: Pressure, Strain Gauge [psi]
# name 13 = tv290C: Temperature [ITS-90, deg C]
# name 14 = density00: Density [density, kg/m^3]
# name 15 = flag:  0.000e+00
# span 0 =     -0.658,     10.231       
# span 1 =     -0.221,      0.337       
# span 2 =    -0.0146,     9.2767       
# span 3 =     -0.143,    106.573       
# span 4 =      0.221,    143.594       
# span 5 =   0.186511,  96.394585       
# span 6 =    -0.1578,    39.9647       
# span 7 =      6.250,      8.693       
# span 8 =    98.7549,   354.9378       
# span 9 = 1.2357e-01, 1.2389e-01       
# span 10 =    -0.5590,    88.6773      
# span 11 =     -0.645,     10.034      
# span 12 =     -0.936,     14.553      
# span 13 =     8.5521,    27.0562      
# span 14 =   996.5173,   999.9157      
# span 15 = 0.0000e+00, 0.0000e+00      
# interval = seconds: 0.25
# start_time = Jul 24 2019 23:08:46 [Instrument's time stamp, header]
# bad_flag = -9.990e-29
*END*
     -0.657 4.0247e-08     9.2732     95.934      0.294   0.247033    -0.1378      6.748   341.4128 1.2385e-01    -0.2683     -0.645     -0.935    16.9920   998.7813 0.0000e+00
     -0.657 7.3786e-08     9.2725     95.926      0.272   0.228441    -0.1396      6.748   323.6969 1.2380e-01    -0.2381     -0.645     -0.935    16.9919   998.7813 0.0000e+00
     -0.657 4.0247e-08     9.2723     95.924      0.275   0.231284    -0.1307      6.748   306.8502 1.2382e-01    -0.2620     -0.644     -0.934    16.9917   998.7813 0.0000e+00
     -0.658 3.6588e-09     9.2728     95.929      0.259   0.218049    -0.1265      6.748   290.7847 1.2379e-01    -0.2959     -0.645     -0.935    16.9916   998.7814 0.0000e+00
     -0.658 3.3262e-10     9.2711     95.912      0.232   0.195138    -0.1410      6.748   275.8884 1.2375e-01    -0.3195     -0.645     -0.935    16.9915   998.7814 0.0000e+00
     -0.657 3.0238e-11     9.2696     95.896      0.247   0.207705    -0.1497      6.748   262.1674 1.2378e-01    -0.3183     -0.644     -0.934    16.9915   998.7814 0.0000e+00
     -0.657 2.7490e-12     9.2692     95.892      0.290   0.243277    -0.1443      6.748   249.7275 1.2379e-01    -0.2814     -0.644     -0.934    16.9914   998.7814 0.0000e+00
     -0.657 2.4990e-13     9.2692     95.891      0.292   0.245080    -0.1453      6.748   238.2756 1.2376e-01    -0.2667     -0.645     -0.935    16.9912   998.7814 0.0000e+00
     -0.657 2.2709e-14     9.2702     95.901      0.273   0.229508    -0.1447      6.748   227.6395 1.2377e-01    -0.2711     -0.645     -0.935    16.9910   998.7815 0.0000e+00
     -0.657 1.9637e-15     9.2711     95.910      0.291   0.245074    -0.1370      6.748   217.5780 1.2383e-01    -0.2689     -0.645     -0.935    16.9910   998.7815 0.0000e+00
     -0.657 -9.293e-16     9.2700     95.899      0.289   0.243206    -0.1298      6.748   207.3937 1.2386e-01    -0.2738     -0.645     -0.935    16.9908   998.7815 0.0000e+00
     -0.657 -1.227e-14     9.2693     95.892      0.246   0.206921    -0.1273      6.749   197.8538 1.2383e-01    -0.2971     -0.645     -0.935    16.9907   998.7815 0.0000e+00
     -0.657 -1.352e-13     9.2708     95.907      0.221   0.186511    -0.1329      6.751   189.8209 1.2377e-01    -0.3210     -0.644     -0.934    16.9906   998.7816 0.0000e+00
     -0.657 -1.487e-12     9.2714     95.913      0.221   0.186511    -0.1373      6.752   182.9716 1.2378e-01    -0.3006     -0.645     -0.935    16.9905   998.7816 0.0000e+00
     -0.657 -1.636e-11     9.2700     95.899      0.246   0.206922    -0.1369      6.751   177.0726 1.2379e-01    -0.2800     -0.645     -0.935    16.9905   998.7815 0.0000e+00
     -0.657 -1.799e-10     9.2691     95.889      0.289   0.243220    -0.1366      6.750   172.0998 1.2373e-01    -0.3018     -0.645     -0.935    16.9905   998.7816 0.0000e+00
     -0.657 -1.979e-09     9.2696     95.894      0.292   0.245232    -0.1331      6.750   166.4686 1.2369e-01    -0.3017     -0.644     -0.934    16.9906   998.7816 0.0000e+00
     -0.658 -2.177e-08     9.2704     95.902      0.275   0.231244    -0.1304      6.751   159.5776 1.2374e-01    -0.2790     -0.645     -0.935    16.9905   998.7816 0.0000e+00
     -0.658 -2.395e-07     9.2716     95.914      0.314   0.264178    -0.1389      6.751   153.1377 1.2379e-01    -0.2898     -0.645     -0.936    16.9904   998.7816 0.0000e+00
     -0.658 -4.390e-07     9.2740     95.939      0.389   0.326636    -0.1483      6.751   146.9388 1.2380e-01    -0.3332     -0.645     -0.935    16.9904   998.7816 0.0000e+00
     -0.658 -2.394e-07     9.2754     95.954      0.496   0.416190    -0.1406      6.751   140.5521 1.2382e-01    -0.3780     -0.645     -0.935    16.9902   998.7816 0.0000e+00
     -0.657 -2.177e-08     9.2763     95.963      0.850   0.713375    -0.1323      6.750   135.2840 1.2381e-01    -0.4057     -0.645     -0.935    16.9900   998.7817 0.0000e+00
     -0.657 -1.979e-09     9.2767     95.968      1.650   1.385433    -0.1431      6.750   132.8880 1.2374e-01    -0.4389     -0.644     -0.934    16.9900   998.7816 0.0000e+00
     -0.658 -1.799e-10     9.2755     95.956      2.476   2.079030    -0.1578      6.746   147.7184 1.2370e-01    -0.4834     -0.645     -0.935    16.9900   998.7816 0.0000e+00
     -0.658 -1.634e-11     9.2742     95.943      2.838   2.383076    -0.1548      6.740   176.5899 1.2370e-01    -0.4854     -0.645     -0.935    16.9900   998.7816 0.0000e+00
     -0.658 -1.344e-12     9.2740     95.941      2.858   2.400324    -0.1416      6.739   188.2335 1.2372e-01    -0.4630     -0.645     -0.935    16.9901   998.7816 0.0000e+00
     -0.658 1.4342e-12     9.2746     95.947      2.723   2.287567    -0.1370      6.743   183.7910 1.2374e-01    -0.4757     -0.644     -0.934    16.9902   998.7816 0.0000e+00
     -0.658 1.7251e-11     9.2753     95.954      2.648   2.223693    -0.1332      6.746   180.6931 1.2373e-01    -0.4745     -0.645     -0.935    16.9903   998.7818 0.0000e+00
     -0.657 1.8990e-10     9.2748     95.949      2.769   2.325043    -0.1304      6.748   178.8257 1.2372e-01    -0.4481     -0.644     -0.934    16.9906   998.7818 0.0000e+00
     -0.657 2.0889e-09     9.2740     95.942      2.900   2.435775    -0.1376      6.748   176.9577 1.2375e-01    -0.4512     -0.645     -0.935    16.9907   998.7818 0.0000e+00
     -0.658 2.2978e-08     9.2745     95.947      2.959   2.485327    -0.1429      6.749   176.0040 1.2380e-01    -0.4802     -0.645     -0.935    16.9910   998.7817 0.0000e+00
     -0.658 2.5275e-07     9.2756     95.959      3.029   2.543971    -0.1338      6.750   175.3816 1.2382e-01    -0.5036     -0.645     -0.935    16.9904   998.7818 0.0000e+00
     -0.657      0.000     9.2762     95.965      3.141   2.637911    -0.1227      6.752   173.9066 1.2381e-01    -0.5038     -0.645     -0.935    16.9914   998.7817 0.0000e+00
     -0.657      0.000     9.2756     95.959      3.179   2.670645    -0.1301      6.753   173.5714 1.2380e-01    -0.5163     -0.644     -0.934    16.9900   998.7819 0.0000e+00
     -0.657      0.000     9.2745     95.956      3.270   2.749648    -0.1453      6.758   185.6110 1.2381e-01    -0.5561     -0.645     -0.935    16.9927   998.7815 0.0000e+00
     -0.657      0.004     9.2668     95.968      5.830   4.923824    -0.1493      6.828   236.7930 1.2380e-01    -0.5590     -0.645     -0.935    16.9887   998.7820 0.0000e+00
     -0.657      0.019     9.1853     95.943     14.451  12.416483    -0.1444      7.063   309.6416 1.2374e-01    -0.5183     -0.645     -0.935    16.9958   998.7812 0.0000e+00
     -0.657      0.051     8.9441     95.844     25.033  22.084830    -0.1381      7.434   345.7524 1.2371e-01    -0.4907     -0.645     -0.935    16.9842   998.7827 0.0000e+00
     -0.657      0.097     8.6061     95.724     29.729  27.153099    -0.1340      7.803   348.1774 1.2369e-01    -0.4868     -0.645     -0.936    17.0024   998.7802 0.0000e+00
     -0.642      0.151     8.3150     95.642     29.632  28.034687    -0.1293      8.092   341.1997 1.2367e-01    -0.4709     -0.643     -0.933    16.9723   998.7842 0.0000e+00
     -0.596      0.210     8.1111     95.612     28.933  28.114112    -0.0904      8.312   325.2262 1.2366e-01    -0.3642     -0.598     -0.867    17.0646   998.7729 0.0000e+00
     -0.517      0.266     7.9721     95.650     28.381  28.114469     0.3013      8.482   319.5512 1.2367e-01     0.9013     -0.508     -0.737    18.4626   998.5206 0.0000e+00
     -0.427      0.312     7.8871     95.812     27.926  28.039783     1.0087      8.599   330.4874 1.2372e-01     3.2939     -0.419     -0.608    20.7694   998.0569 0.0000e+00
     -0.336      0.337     7.8511     96.143     27.556  27.909525     1.3882      8.666   337.2575 1.2373e-01     4.6079     -0.332     -0.482    22.4847   997.6749 0.0000e+00
     -0.241      0.337     7.8564     96.647     27.321  27.808782     1.4310      8.693   329.0494 1.2373e-01     4.6309     -0.236     -0.343    23.7000   997.3859 0.0000e+00
     -0.146      0.318     7.8890     97.287     27.214  27.773572     1.5173      8.690   312.3791 1.2378e-01     3.8011     -0.139     -0.202    24.6328   997.1553 0.0000e+00
     -0.061      0.285     7.9394     98.020     27.145  27.737696     1.6520      8.666   302.6148 1.2381e-01     2.2759     -0.054     -0.079    25.2783   996.9901 0.0000e+00
      0.009      0.242     8.0063     98.813     27.047  27.628831     1.7239      8.636   301.4171 1.2381e-01     1.4296      0.013      0.019    25.7131   996.8772 0.0000e+00
      0.065      0.190     8.0823     99.586     26.942  27.472386     1.7364      8.614   301.1676 1.2378e-01     1.3356      0.068      0.097    25.9204   996.8224 0.0000e+00
      0.108      0.137     8.1532    100.246     26.965  27.432128     1.7864      8.602   301.0605 1.2374e-01     1.3359      0.112      0.162    26.0418   996.7904 0.0000e+00
      0.136      0.092     8.2095    100.799     27.157  27.586077     1.8766      8.592   301.1547 1.2379e-01     1.3676      0.141      0.204    26.1175   996.7704 0.0000e+00
      0.146      0.058     8.2711    101.576     27.310  27.747618     1.9168      8.580   301.1018 1.2386e-01     1.3582      0.149      0.215    26.0974   996.7758 0.0000e+00
      0.144      0.033     8.3969    103.266     27.320  27.799222     1.9178      8.565   300.7649 1.2383e-01     1.3209      0.142      0.207    25.9890   996.8046 0.0000e+00
      0.140      0.018     8.5666    105.507     27.307  27.829424     1.9229      8.552   300.5224 1.2376e-01     1.3094      0.133      0.194    25.8444   996.8428 0.0000e+00
      0.143      0.015     8.6448    106.573     27.307  27.859085     1.9259      8.542   300.5794 1.2374e-01     1.3502      0.139      0.200    25.7473   996.8685 0.0000e+00
      0.151      0.021     8.5516    105.499     27.267  27.840671     1.9281      8.531   300.5938 1.2374e-01     1.3887      0.151      0.218    25.7676   996.8633 0.0000e+00
      0.156      0.030     8.3137    102.638     27.203  27.797145     1.9231      8.517   300.2660 1.2372e-01     1.3488      0.154      0.222    25.8730   996.8355 0.0000e+00
      0.160      0.034     7.9908     98.728     27.160  27.776962     1.9356      8.503   299.8858 1.2371e-01     1.3267      0.152      0.221    25.9667   996.8106 0.0000e+00
      0.173      0.029     7.6494     94.580     27.149  27.787006     1.9669      8.491   299.6970 1.2372e-01     1.3504      0.166      0.241    26.0089   996.7995 0.0000e+00
      0.192      0.021     7.3443     90.853     27.139  27.791727     1.9804      8.481   299.7035 1.2377e-01     1.3405      0.192      0.277    26.0441   996.7902 0.0000e+00
      0.202      0.013     7.0973     87.822     27.049  27.707180     1.9770      8.469   299.8784 1.2379e-01     1.3388      0.204      0.295    26.0853   996.7793 0.0000e+00
      0.200      0.006     6.9041     85.464     26.860  27.526097     1.9522      8.452   300.0052 1.2374e-01     1.3621      0.199      0.289    26.1287   996.7677 0.0000e+00
      0.189      0.000     6.7581     83.719     26.694  27.378702     1.9056      8.434   299.9461 1.2369e-01     1.3606      0.185      0.269    26.1740   996.7555 0.0000e+00
      0.180     -0.005     6.6596     82.563     26.678  27.384268     1.8735      8.416   300.0231 1.2372e-01     1.3521      0.171      0.248    26.2033   996.7477 0.0000e+00
      0.181     -0.005     6.5933     81.770     26.811  27.529985     1.8672      8.398   300.3347 1.2373e-01     1.3587      0.175      0.254    26.2104   996.7458 0.0000e+00
      0.187     -0.002     6.5293     80.978     26.957  27.681380     1.8731      8.383   300.5292 1.2370e-01     1.3748      0.187      0.270    26.2201   996.7431 0.0000e+00
      0.190      0.001     6.4530     80.023     27.033  27.755570     1.9191      8.372   300.3972 1.2374e-01     1.3828      0.188      0.273    26.2754   996.7282 0.0000e+00
      0.190      0.001     6.3649     78.906     27.078  27.792570     2.0069      8.363   300.0292 1.2376e-01     1.3565      0.187      0.272    26.3297   996.7137 0.0000e+00
      0.189      0.000     6.2709     77.697     27.113  27.811513     2.0501      8.352   299.7787 1.2364e-01     1.3205      0.185      0.269    26.3401   996.7110 0.0000e+00
      0.186      0.000     6.1829     76.561     27.113  27.794244     2.0426      8.337   299.8639 1.2359e-01     1.3072      0.182      0.263    26.3381   996.7115 0.0000e+00
      0.184      0.002     6.1101     75.626     27.106  27.774071     2.0288      8.316   300.1999 1.2369e-01     1.3271      0.180      0.261    26.3352   996.7122 0.0000e+00
      0.184      0.006     6.0550     74.919     27.100  27.757926     2.0046      8.290   300.5712 1.2373e-01     1.3639      0.180      0.261    26.3194   996.7165 0.0000e+00
      0.187      0.006     6.0160     74.409     27.080  27.725911     1.9839      8.270   300.7389 1.2370e-01     1.3918      0.182      0.265    26.2828   996.7264 0.0000e+00
      0.192      0.003     5.9990     74.171     27.131  27.767617     1.9695      8.260   300.6792 1.2367e-01     1.4026      0.187      0.272    26.2444   996.7366 0.0000e+00
      0.199     -0.003     6.0170     74.384     27.309  27.944949     1.9348      8.255   300.7100 1.2366e-01     1.3961      0.196      0.284    26.2218   996.7428 0.0000e+00
      0.201     -0.009     6.0725     75.073     27.453  28.093567     1.8853      8.246   300.9380 1.2369e-01     1.3791      0.201      0.291    26.2094   996.7461 0.0000e+00
      0.193     -0.015     6.1489     76.022     27.463  28.105321     1.8647      8.236   301.0277 1.2375e-01     1.3597      0.193      0.279    26.1889   996.7516 0.0000e+00
      0.180     -0.020     6.2207     76.923     27.440  28.087071     1.8681      8.228   301.0206 1.2381e-01     1.3592      0.175      0.252    26.1584   996.7596 0.0000e+00
      0.170     -0.023     6.2736     77.598     27.470  28.126702     1.9003      8.220   301.1099 1.2383e-01     1.3732      0.164      0.238    26.1542   996.7608 0.0000e+00
      0.168     -0.021     6.3099     78.062     27.540  28.203834     1.9603      8.211   301.3330 1.2379e-01     1.3645      0.166      0.241    26.1631   996.7585 0.0000e+00
      0.165     -0.014     6.3355     78.383     27.592  28.258329     1.9860      8.197   301.7391 1.2371e-01     1.3523      0.164      0.238    26.1580   996.7598 0.0000e+00
      0.160     -0.008     6.3484     78.533     27.615  28.278044     1.9862      8.180   302.0621 1.2366e-01     1.3564      0.155      0.225    26.1719   996.7560 0.0000e+00
      0.157     -0.004     6.3444     78.468     27.657  28.315300     1.9882      8.166   302.1419 1.2368e-01     1.3485      0.151      0.218    26.1921   996.7506 0.0000e+00
      0.160     -0.002     6.3282     78.255     27.736  28.391555     1.9672      8.156   302.1017 1.2368e-01     1.3553      0.157      0.228    26.1999   996.7485 0.0000e+00
      0.164      0.000     6.3084     78.002     27.785  28.438681     1.9311      8.149   302.0058 1.2367e-01     1.3737      0.163      0.237    26.2054   996.7471 0.0000e+00
      0.163      0.003     6.2899     77.765     27.790  28.440969     1.9159      8.144   301.8428 1.2371e-01     1.3415      0.161      0.233    26.1980   996.7491 0.0000e+00
      0.161      0.006     6.2711     77.526     27.772  28.419216     1.9221      8.138   301.6791 1.2378e-01     1.2934      0.157      0.228    26.1825   996.7533 0.0000e+00
      0.161      0.009     6.2494     77.249     27.723  28.365991     1.9542      8.131   301.5753 1.2381e-01     1.2838      0.157      0.227    26.1745   996.7555 0.0000e+00
      0.162      0.014     6.2254     76.939     27.669  28.305005     2.0095      8.125   301.3628 1.2378e-01     1.2904      0.159      0.230    26.1705   996.7566 0.0000e+00
      0.167      0.018     6.2021     76.642     27.622  28.252841     2.0442      8.120   301.0021 1.2374e-01     1.3079      0.162      0.235    26.1630   996.7586 0.0000e+00
