Data/DataNotYetUploadedToEDI/Raw_CTD/RawDownloads/072419_bvr50_a.cnv
* Sea-Bird SBE19plus  Data File:
* FileName = C:\DATA\072419_bvr50_a_0001.hex
* Software version 2.8.0.119 SB_Terminal.dll
* Temperature SN = 7809
* Conductivity SN = 7809
* System UpLoad Time = Jul 24 2019 11:38:53
* <ApplicationData>
* <Seaterm232>
# nquan = 16
# nvalues = 957                         
# units = specified
# name 0 = depFM: Depth [fresh water, m]
# name 1 = dz/dtM: Descent Rate [m/s]
# name 2 = sbeox0Mg/L: Oxygen, SBE 43 [mg/l]
# name 3 = sbeox0PS: Oxygen, SBE 43 [% saturation]
# name 4 = specc: Specific Conductance [uS/cm]
# name 5 = c0uS/cm: Conductivity [uS/cm]
# name 6 = flECO-AFL: Fluorescence, WET Labs ECO-AFL/FL [mg/m^3]
# name 7 = ph: pH
# name 8 = orp: Oxidation Reduction Potential [mV]
# name 9 = par/sat/log: PAR/Logarithmic, Satlantic
# name 10 = turbWETntu0: Turbidity, WET Labs ECO [NTU]
# name 11 = prdM: Pressure, Strain Gauge [db]
# name 12 = prdE: Pressure, Strain Gauge [psi]
# name 13 = tv290C: Temperature [ITS-90, deg C]
# name 14 = density00: Density [density, kg/m^3]
# name 15 = flag:  0.000e+00
# span 0 =     -0.660,     10.052       
# span 1 =     -0.253,      0.282       
# span 2 =    -0.2013,     8.2681       
# span 3 =     -1.973,    102.051       
# span 4 =      1.316,    134.205       
# span 5 =   1.347131,  90.231195       
# span 6 =    -0.1349,    28.9255       
# span 7 =     -2.334,      8.544       
# span 8 = -1240.7455,   489.7942       
# span 9 = 1.2345e-01, 3.5328e+03       
# span 10 =    -2.0772,    64.6271      
# span 11 =     -0.649,      9.859      
# span 12 =     -0.940,     14.299      
# span 13 =     8.5903,    26.1699      
# span 14 =   996.7464,   999.9090      
# span 15 = 0.0000e+00, 0.0000e+00      
# interval = seconds: 0.25
# start_time = Jul 24 2019 11:30:30 [Instrument's time stamp, header]
# bad_flag = -9.990e-29
*END*
[from data line 814]
      7.814      0.090     0.1113      0.974     92.821  64.047327     0.7158      6.179   125.6644 1.7821e+00     1.5717      7.665     11.117     9.5861   999.8079 0.0000e+00
      7.839      0.086     0.1089      0.953     92.783  64.011169     0.6980      6.176   124.5498 1.7333e+00     1.5550      7.691     11.157     9.5591   999.8107 0.0000e+00
      7.855      0.083     0.1094      0.958     93.132  64.249545     0.7011      6.175   123.3664 1.6953e+00     1.5295      7.705     11.175     9.5308   999.8134 0.0000e+00
      7.869      0.079     0.1106      0.967     93.633  64.577714     0.7009      6.173   121.8524 1.6447e+00     1.5262      7.712     11.186     9.5099   999.8150 0.0000e+00
      7.889      0.077     0.1096      0.959     94.010  64.800886     0.6872      6.169   120.1829 1.5842e+00     1.6135      7.734     11.218     9.4957   999.8161 0.0000e+00
      7.914      0.077     0.1079      0.943     94.233  64.913816     0.6568      6.167   118.3238 1.5399e+00     1.7653      7.763     11.258     9.4892   999.8167 0.0000e+00
      7.935      0.078     0.1074      0.938     94.393  64.989637     0.6374      6.165   116.4100 1.5079e+00     1.8223      7.782     11.287     9.4966   999.8165 0.0000e+00
      7.954      0.079     0.1072      0.937     94.748  65.209080     0.6348      6.163   114.6814 1.4594e+00     1.7776      7.800     11.313     9.4875   999.8175 0.0000e+00
      7.972      0.079     0.1067      0.932     95.341  65.596526     0.6330      6.161   113.0824 1.4009e+00     1.7165      7.818     11.339     9.4618   999.8197 0.0000e+00
      7.991      0.080     0.1068      0.932     95.950  65.987365     0.6250      6.159   111.5315 1.3444e+00     1.6405      7.836     11.365     9.4404   999.8217 0.0000e+00
      8.010      0.083     0.1051      0.917     96.572  66.374905     0.6166      6.157   109.9545 1.2852e+00     1.5793      7.854     11.392     9.4204   999.8234 0.0000e+00
      8.031      0.087     0.1025      0.894     97.149  66.722341     0.6184      6.156   108.2967 1.2272e+00     1.5338      7.874     11.420     9.4086   999.8245 0.0000e+00
      8.055      0.089     0.1014      0.884     97.363  66.818960     0.6197      6.154   106.6299 1.1713e+00     1.5496      7.897     11.454     9.4008   999.8256 0.0000e+00
      8.081      0.089     0.1004      0.875     97.363  66.780226     0.5982      6.153   105.1166 1.1076e+00     1.6716      7.925     11.494     9.3861   999.8271 0.0000e+00
      8.107      0.088     0.0998      0.870     97.649  66.953243     0.5667      6.152   103.6803 1.0497e+00     1.7960      7.952     11.533     9.3652   999.8290 0.0000e+00
      8.129      0.087     0.0999      0.871     98.304  67.385161     0.5506      6.151   102.1698 1.0061e+00     1.8412      7.972     11.563     9.3387   999.8316 0.0000e+00
      8.147      0.087     0.1008      0.878     98.955  67.806755     0.5415      6.148   100.7909 9.5762e-01     1.8260      7.989     11.587     9.3098   999.8340 0.0000e+00
      8.166      0.086     0.1015      0.883     99.360  68.045605     0.5441      6.146    99.5703 9.0889e-01     1.8087      8.007     11.614     9.2884   999.8356 0.0000e+00
      8.188      0.086     0.1007      0.876     99.705  68.238672     0.5646      6.146    98.4238 8.6645e-01     1.7955      8.029     11.645     9.2789   999.8366 0.0000e+00
      8.213      0.086     0.1009      0.877    100.029  68.424548     0.5731      6.145    97.3408 8.0920e-01     1.7974      8.053     11.680     9.2738   999.8374 0.0000e+00
      8.238      0.086     0.1028      0.893    100.197  68.512870     0.5685      6.143    96.1116 7.5176e-01     1.7988      8.080     11.717     9.2623   999.8387 0.0000e+00
      8.260      0.084     0.1031      0.896    100.364  68.607212     0.5692      6.143    94.9183 7.2019e-01     1.7792      8.102     11.751     9.2404   999.8406 0.0000e+00
      8.280      0.080     0.0999      0.868    100.680  68.802296     0.5736      6.143    94.0120 6.9684e-01     1.7905      8.120     11.778     9.2165   999.8427 0.0000e+00
      8.300      0.076     0.0964      0.838    101.047  69.027874     0.5778      6.143    93.0691 6.6564e-01     1.8037      8.139     11.805     9.1980   999.8444 0.0000e+00
      8.319      0.073     0.0970      0.843    101.391  69.236583     0.5772      6.142    91.9501 6.2896e-01     1.8085      8.158     11.832     9.1857   999.8454 0.0000e+00
      8.336      0.073     0.1000      0.868    101.781  69.481996     0.5745      6.140    90.7208 6.0325e-01     1.8152      8.175     11.856     9.1771   999.8462 0.0000e+00
      8.352      0.074     0.0998      0.866    102.234  69.769874     0.5715      6.140    89.4769 5.8765e-01     1.7864      8.191     11.880     9.1679   999.8471 0.0000e+00
      8.371      0.076     0.0975      0.846    102.589  69.983358     0.5663      6.140    88.4397 5.5865e-01     1.7553      8.208     11.905     9.1546   999.8483 0.0000e+00
      8.391      0.078     0.0967      0.839    102.794  70.092200     0.5641      6.139    87.4726 5.3006e-01     1.7339      8.227     11.933     9.1395   999.8496 0.0000e+00
      8.413      0.078     0.0965      0.836    102.979  70.195714     0.5536      6.139    86.5591 5.1441e-01     1.7572      8.249     11.964     9.1305   999.8506 0.0000e+00
      8.435      0.078     0.0958      0.830    103.311  70.408354     0.5259      6.138    85.7412 4.9077e-01     1.8399      8.272     11.998     9.1231   999.8515 0.0000e+00
      8.455      0.078     0.0938      0.813    103.747  70.692169     0.5064      6.138    84.8112 4.6347e-01     1.8491      8.293     12.029     9.1068   999.8530 0.0000e+00
      8.473      0.077     0.0923      0.800    104.074  70.893249     0.5094      6.138    83.8314 4.3986e-01     1.8036      8.309     12.051     9.0893   999.8544 0.0000e+00
      8.491      0.076     0.0933      0.809    104.354  71.059255     0.5095      6.137    82.9281 4.0777e-01     1.8137      8.326     12.076     9.0785   999.8554 0.0000e+00
      8.509      0.076     0.0940      0.815    104.644  71.236875     0.4992      6.136    82.0630 3.7431e-01     1.8397      8.345     12.103     9.0737   999.8559 0.0000e+00
      8.529      0.078     0.0940      0.815    104.887  71.387634     0.4967      6.136    81.0299 3.5575e-01     1.8232      8.364     12.131     9.0698   999.8565 0.0000e+00
      8.549      0.081     0.0942      0.816    105.142  71.546772     0.4973      6.135    79.9877 3.4074e-01     1.7785      8.384     12.160     9.0574   999.8577 0.0000e+00
      8.570      0.083     0.0936      0.811    105.387  71.698529     0.4981      6.135    79.1835 3.1357e-01     1.7911      8.404     12.189     9.0436   999.8589 0.0000e+00
      8.592      0.085     0.0934      0.809    105.592  71.823616     0.5061      6.136    78.3617 2.8983e-01     1.8443      8.426     12.220     9.0348   999.8598 0.0000e+00
      8.615      0.085     0.0943      0.816    105.744  71.914619     0.5080      6.136    77.4502 2.7231e-01     1.8648      8.448     12.252     9.0283   999.8604 0.0000e+00
      8.638      0.084     0.0938      0.811    105.846  71.972207     0.5037      6.136    76.5089 2.5854e-01     1.8424      8.471     12.285     9.0220   999.8611 0.0000e+00
      8.660      0.082     0.0940      0.813    106.014  72.074784     0.5057      6.136    75.5854 2.5254e-01     1.8686      8.492     12.317     9.0144   999.8619 0.0000e+00
      8.680      0.080     0.0962      0.832    106.305  72.264640     0.5066      6.136    74.8877 2.3971e-01     1.9845      8.512     12.347     9.0074   999.8625 0.0000e+00
      8.699      0.078     0.0980      0.847    106.545  72.423702     0.5051      6.136    74.3542 2.2307e-01     2.0312      8.531     12.374     9.0019   999.8631 0.0000e+00
      8.717      0.077     0.0976      0.844    106.626  72.471874     0.5044      6.135    73.6942 2.0703e-01     2.0069      8.548     12.398     8.9966   999.8636 0.0000e+00
      8.736      0.075     0.0956      0.827    106.724  72.529130     0.4987      6.135    72.9308 1.9600e-01     1.9521      8.566     12.424     8.9902   999.8642 0.0000e+00
      8.757      0.072     0.0940      0.812    106.851  72.607270     0.4964      6.135    72.1786 1.9871e-01     1.8609      8.586     12.454     8.9865   999.8647 0.0000e+00
      8.777      0.068     0.0921      0.797    106.927  72.653577     0.5039      6.135    71.3115 1.9096e-01     1.8222      8.608     12.486     8.9858   999.8650 0.0000e+00
      8.795      0.065     0.0914      0.791    107.103  72.771075     0.5197      6.136    70.3618 1.7261e-01     1.8450      8.627     12.512     8.9828   999.8653 0.0000e+00
      8.809      0.064     0.0910      0.787    107.459  73.010500     0.5741      6.136    69.5577 1.6080e-01     1.9074      8.640     12.531     8.9771   999.8658 0.0000e+00
      8.821      0.065     0.0885      0.766    107.838  73.259208     0.6496      6.137    68.8168 1.4664e-01     1.9856      8.651     12.547     8.9733   999.8662 0.0000e+00
      8.835      0.067     0.0870      0.752    108.108  73.425338     0.6785      6.137    67.9420 1.3539e-01     2.0370      8.662     12.563     8.9708   999.8665 0.0000e+00
      8.852      0.072     0.0874      0.755    108.334  73.556547     0.6725      6.137    67.0690 1.3208e-01     2.0371      8.679     12.587     8.9699   999.8667 0.0000e+00
      8.873      0.076     0.0894      0.773    108.581  73.700968     0.6548      6.138    66.3481 1.2923e-01     2.0198      8.701     12.619     8.9706   999.8668 0.0000e+00
      8.897      0.079     0.0924      0.799    108.904  73.899662     0.6033      6.138    65.7652 1.2563e-01     2.0245      8.725     12.655     8.9668   999.8674 0.0000e+00
      8.920      0.080     0.0929      0.803    109.343  74.178322     0.5441      6.138    65.1833 1.2368e-01     2.0290      8.749     12.689     8.9579   999.8683 0.0000e+00
      8.940      0.079     0.0915      0.790    109.697  74.399282     0.5199      6.138    64.4751 1.2356e-01     2.0410      8.769     12.718     8.9470   999.8693 0.0000e+00
      8.958      0.078     0.0920      0.794    109.829  74.472650     0.5102      6.138    63.8274 1.2363e-01     2.0388      8.786     12.743     8.9353   999.8703 0.0000e+00
      8.974      0.078     0.0946      0.816    109.879  74.493047     0.5138      6.137    63.3748 1.2363e-01     2.0022      8.801     12.764     8.9267   999.8711 0.0000e+00
      8.992      0.078     0.0957      0.826    109.934  74.518694     0.5376      6.138    62.8753 1.2361e-01     1.9922      8.816     12.787     8.9183   999.8720 0.0000e+00
      9.015      0.078     0.0928      0.801    109.958  74.528354     0.5554      6.140    62.0890 1.2363e-01     2.0156      8.839     12.820     8.9084   999.8730 0.0000e+00
      9.040      0.077     0.0884      0.763    110.077  74.609835     0.5643      6.140    61.0094 1.2365e-01     2.0224      8.866     12.859     8.9011   999.8736 0.0000e+00
      9.061      0.075     0.0872      0.752    110.544  74.931525     0.5494      6.140    60.0602 1.2363e-01     2.0091      8.887     12.890     8.8952   999.8742 0.0000e+00
      9.078      0.072     0.0887      0.765    111.185  75.365275     0.5136      6.140    59.5611 1.2358e-01     1.9856      8.903     12.913     8.8895   999.8747 0.0000e+00
      9.093      0.068     0.0889      0.767    111.540  75.593299     0.4959      6.141    59.1906 1.2356e-01     1.9683      8.917     12.933     8.8859   999.8750 0.0000e+00
      9.108      0.066     0.0860      0.743    111.564  75.589812     0.5000      6.141    58.7631 1.2357e-01     1.9634      8.931     12.953     8.8867   999.8751 0.0000e+00
      9.124      0.065     0.0827      0.714    111.476  75.513887     0.5197      6.142    58.3510 1.2365e-01     1.9593      8.946     12.976     8.8908   999.8750 0.0000e+00
      9.142      0.062     0.0826      0.713    111.381  75.438453     0.5526      6.143    57.9076 1.2375e-01     1.9839      8.966     13.004     8.8923   999.8753 0.0000e+00
      9.161      0.056     0.0845      0.729    111.300  75.377312     0.5765      6.143    57.2745 1.2378e-01     2.0320      8.984     13.031     8.8853   999.8760 0.0000e+00
      9.179      0.046     0.0848      0.732    111.161  75.283407     0.5839      6.143    56.2881 1.2374e-01     2.0499      9.003     13.058     8.8741   999.8769 0.0000e+00
      9.192      0.036     0.0854      0.737    111.009  75.193419     0.5631      6.143    55.1870 1.2370e-01     1.9711      9.018     13.080     8.8668   999.8774 0.0000e+00
      9.197      0.029     0.0878      0.758    111.048  75.243249     0.5248      6.144    54.3712 1.2368e-01     1.8325      9.022     13.084     8.8625   999.8777 0.0000e+00
      9.196      0.027     0.0896      0.773    111.491  75.567929     0.5113      6.145    53.8242 1.2361e-01     1.7833      9.017     13.078     8.8596   999.8779 0.0000e+00
      9.196      0.030     0.0901      0.778    112.205  76.066403     0.5122      6.146    53.4785 1.2352e-01     1.8343      9.015     13.075     8.8578   999.8780 0.0000e+00
      9.202      0.035     0.0891      0.769    112.485  76.245955     0.5267      6.147    53.1159 1.2352e-01     1.9582      9.021     13.084     8.8643   999.8775 0.0000e+00
      9.215      0.040     0.0878      0.758    112.189  76.021696     0.5566      6.147    52.3649 1.2354e-01     2.1339      9.034     13.103     8.8766   999.8766 0.0000e+00
      9.233      0.043     0.0883      0.762    112.019  75.898874     0.5611      6.148    51.3681 1.2350e-01     2.2220      9.056     13.134     8.8885   999.8759 0.0000e+00
      9.251      0.044     0.0878      0.758    112.298  76.096505     0.5562      6.148    50.5274 1.2352e-01     2.2042      9.076     13.164     8.8992   999.8757 0.0000e+00
      9.261      0.047     0.0845      0.729    112.613  76.312470     0.6010      6.148    49.9434 1.2361e-01     2.1482      9.085     13.177     8.8928   999.8764 0.0000e+00
      9.263      0.053     0.0832      0.718    112.688  76.347685     0.6779      6.148    49.4697 1.2362e-01     2.0696      9.084     13.175     8.8750   999.8774 0.0000e+00
      9.268      0.058     0.0854      0.737    112.696  76.331478     0.7233      6.148    49.0157 1.2361e-01     2.0399      9.083     13.175     8.8713   999.8775 0.0000e+00
      9.284      0.064     0.0877      0.757    112.781  76.370889     0.7333      6.149    48.4982 1.2360e-01     2.0504      9.098     13.196     8.8816   999.8771 0.0000e+00
      9.312      0.070     0.0872      0.752    112.906  76.442574     0.7214      6.150    47.9451 1.2360e-01     2.0338      9.132     13.244     8.8841   999.8772 0.0000e+00
      9.339      0.072     0.0863      0.744    112.898  76.434990     0.6751      6.150    47.4906 1.2360e-01     2.0027      9.165     13.291     8.8743   999.8780 0.0000e+00
      9.359      0.068     0.0874      0.753    112.835  76.406397     0.6063      6.150    47.0469 1.2356e-01     2.0021      9.180     13.315     8.8630   999.8790 0.0000e+00
      9.373      0.058     0.0879      0.758    112.910  76.478473     0.5657      6.151    46.4511 1.2352e-01     2.0263      9.191     13.331     8.8550   999.8796 0.0000e+00
      9.384      0.046     0.0879      0.758    112.988  76.543273     0.5657      6.153    45.6214 1.2348e-01     2.0328      9.205     13.350     8.8493   999.8802 0.0000e+00
      9.393      0.035     0.0889      0.766    113.001  76.553893     0.5630      6.153    44.5866 1.2349e-01     1.9831      9.213     13.363     8.8460   999.8805 0.0000e+00
      9.400      0.026     0.0890      0.767    112.987  76.543274     0.5419      6.154    43.4901 1.2358e-01     1.8836      9.218     13.370     8.8535   999.8798 0.0000e+00
