Data/DataNotYetUploadedToEDI/Raw_CTD/RawDownloads/072423_fcr50_S7809007.cnv
* Sea-Bird SBE19plus  Data File:
* FileName = C:\R\Reservoirs\Data\DataNotYetUploadedToEDI\Raw_CTD\RawDownloads\073123_fcr50_S7809_0007.hex
* Software version 2.8.0.119
* Temperature SN = 7809
* Conductivity SN = 7809
* System UpLoad Time = Aug 03 2023 12:38:48
* <ApplicationData>
* <Seaterm232>
# nquan = 15
# nvalues = 4359                        
# units = specified
# name 0 = depFM: Depth [fresh water, m]
# name 1 = dz/dtM: Descent Rate [m/s]
# name 2 = sbeox0Mg/L: Oxygen, SBE 43 [mg/l]
# name 3 = sbeox0PS: Oxygen, SBE 43 [% saturation]
# name 4 = specc: Specific Conductance [uS/cm]
# name 5 = c0uS/cm: Conductivity [uS/cm]
# name 6 = flECO-AFL: Fluorescence, WET Labs ECO-AFL/FL [mg/m^3]
# name 7 = ph: pH
# name 8 = orp: Oxidation Reduction Potential [mV]
# name 9 = par/sat/log: PAR/Logarithmic, Satlantic
# name 10 = turbWETntu0: Turbidity, WET Labs ECO [NTU]
# name 11 = prdM: Pressure, Strain Gauge [db]
# name 12 = prdE: Pressure, Strain Gauge [psi]
# name 13 = tv290C: Temperature [ITS-90, deg C]
# name 14 = flag:  0.000e+00
# span 0 =     -0.623,      9.702       
# span 1 =     -0.287,      0.357       
# span 2 =    -0.2024,     8.6494       
# span 3 =     -1.610,    102.882       
# span 4 =      4.591,    437.958       
# span 5 =   4.343525, 314.896054       
# span 6 =    -2.0574,    56.0860       
# span 7 =     -2.051,      9.112       
# span 8 =  -754.4243,   347.0779       
# span 9 = 1.2360e-01, 1.7418e+03       
# span 10 =     0.8513,   122.1503      
# span 11 =     -0.611,      9.515      
# span 12 =     -0.886,     13.800      
# span 13 =    10.9429,    24.5551      
# span 14 = 0.0000e+00, 0.0000e+00      
# interval = seconds: 0.25
# start_time = Jul 24 2023 06:01:56 [Instrument's time stamp, header]
# bad_flag = -9.990e-29
*END*
[from data line 4145]
      5.123     -0.139     7.4574     67.893     49.321  35.633660     2.0644      6.595   305.1489 7.3428e-01     9.9445      5.013      7.270    11.1196 0.0000e+00
      5.092     -0.122     7.4559     67.886     49.339  35.646391     2.0769      6.596   304.6108 7.3567e-01     9.9255      4.975      7.216    11.1199 0.0000e+00
      5.101     -0.127     7.4549     67.858     49.334  35.642183     2.0649      6.597   303.6829 6.9172e-01     9.7508      4.997      7.247    11.1205 0.0000e+00
      5.120     -0.146     7.4609     67.824     49.339  35.646242     2.0524      6.597   303.5656 6.9771e-01     9.4720      5.038      7.307    11.1210 0.0000e+00
      5.098     -0.160     7.4675     67.808     49.319  35.632016     2.0587      6.595   304.3976 8.1692e-01     9.3561      5.026      7.289    11.1212 0.0000e+00
      5.013     -0.155     7.4643     67.834     49.270  35.597082     2.0750      6.592   305.2236 1.0010e+00     9.4076      4.928      7.147    11.1208 0.0000e+00
      4.902     -0.126     7.4611     67.891     49.280  35.604572     2.0828      6.590   305.1213 1.1472e+00     9.4462      4.791      6.949    11.1206 0.0000e+00
      4.831     -0.071     7.4574     67.976     49.356  35.659113     2.0701      6.590   304.2798 1.1664e+00     9.4132      4.706      6.826    11.1210 0.0000e+00
      4.834     -0.000     7.4521     68.059     49.394  35.685476     2.0540      6.591   303.7381 1.0707e+00     9.3157      4.721      6.847    11.1216 0.0000e+00
      4.893      0.068     7.4585     68.129     49.373  35.669512     2.0548      6.593   303.9070 9.3587e-01     9.3270      4.795      6.954    11.1220 0.0000e+00
      4.968      0.110     7.4618     68.162     49.355  35.656448     2.0703      6.594   304.4291 8.2134e-01     9.6170      4.879      7.077    11.1219 0.0000e+00
      5.023      0.106     7.4749     68.120     49.353  35.654419     2.0676      6.594   304.7161 7.7924e-01    10.0550      4.943      7.169    11.1214 0.0000e+00
      5.041      0.053     7.4837     68.075     49.340  35.644987     2.0393      6.594   304.6240 7.9530e-01    10.2851      4.952      7.182    11.1207 0.0000e+00
      5.039     -0.031     7.4904     68.045     49.286  35.605858     2.0275      6.594   304.3479 8.0217e-01    10.2471      4.938      7.162    11.1201 0.0000e+00
      5.030     -0.114     7.5012     67.987     49.224  35.562018     1.9999      6.594   304.3028 8.2795e-01    10.0060      4.940      7.166    11.1195 0.0000e+00
      4.997     -0.170     7.4881     67.927     49.219  35.559091     1.9300      6.592   304.5955 9.3821e-01     9.6243      4.919      7.134    11.1192 0.0000e+00
      4.923     -0.191     7.4838     67.889     49.234  35.570464     1.8811      6.589   304.9608 1.1049e+00     9.3894      4.838      7.016    11.1190 0.0000e+00
      4.827     -0.185     7.4847     67.881     49.237  35.572633     1.8749      6.588   305.2783 1.2689e+00     9.3860      4.725      6.853    11.1189 0.0000e+00
      4.752     -0.163     7.4747     67.896     49.255  35.585311     1.9383      6.587   305.4225 1.3636e+00     9.4121      4.638      6.729    11.1193 0.0000e+00
      4.723     -0.133     7.4680     67.928     49.271  35.596846     2.0985      6.587   305.4136 1.3486e+00     9.3287      4.619      6.700    11.1200 0.0000e+00
      4.728     -0.113     7.4629     67.971     49.255  35.585206     2.2392      6.588   305.4295 1.3003e+00     9.1983      4.639      6.728    11.1207 0.0000e+00
      4.737     -0.115     7.4628     68.031     49.236  35.571476     2.2748      6.589   305.5289 1.3061e+00     9.0992      4.650      6.745    11.1211 0.0000e+00
      4.727     -0.143     7.4640     68.090     49.218  35.557736     2.2703      6.589   305.6679 1.3743e+00     9.0870      4.646      6.737    11.1210 0.0000e+00
      4.686     -0.184     7.4688     68.128     49.201  35.545991     2.2107      6.589   306.0787 1.5270e+00     9.1535      4.611      6.688    11.1207 0.0000e+00
      4.608     -0.222     7.4724     68.170     49.215  35.556375     2.0864      6.589   306.6240 1.7807e+00     9.1855      4.525      6.562    11.1205 0.0000e+00
      4.514     -0.244     7.4796     68.214     49.215  35.556375     2.0156      6.588   306.8402 2.0549e+00     9.1668      4.418      6.408    11.1205 0.0000e+00
      4.435     -0.246     7.4884     68.224     49.200  35.545991     2.0116      6.588   306.8863 2.2549e+00     9.1326      4.338      6.293    11.1203 0.0000e+00
      4.380     -0.230     7.4898     68.197     49.216  35.557734     2.1053      6.588   307.0086 2.4022e+00     9.1474      4.293      6.227    11.1206 0.0000e+00
      4.336     -0.206     7.4947     68.171     49.235  35.571464     2.2983      6.588   307.2012 2.5669e+00     9.2099      4.255      6.171    11.1211 0.0000e+00
      4.292     -0.189     7.5017     68.162     49.254  35.585089     2.4149      6.587   307.7521 2.7461e+00     9.2386      4.207      6.102    11.1211 0.0000e+00
      4.251     -0.184     7.5032     68.158     49.268  35.595576     2.4169      6.587   308.5928 2.9190e+00     9.1868      4.166      6.043    11.1214 0.0000e+00
      4.211     -0.187     7.4977     68.161     49.234  35.571359     2.3394      6.587   308.9340 3.1272e+00     9.0622      4.134      5.995    11.1216 0.0000e+00
      4.161     -0.187     7.4942     68.168     49.199  35.546093     2.2264      6.587   308.8655 3.3954e+00     8.9961      4.085      5.924    11.1216 0.0000e+00
      4.103     -0.180     7.4943     68.173     49.196  35.543890     2.1828      6.585   308.8838 3.6685e+00     9.0021      4.023      5.834    11.1213 0.0000e+00
      4.048     -0.168     7.4937     68.212     49.198  35.544720     2.1944      6.581   309.3276 3.9271e+00     8.9982      3.967      5.753    11.1214 0.0000e+00
      4.002     -0.151     7.4932     68.268     49.213  35.556143     2.2750      6.578   310.2733 4.1495e+00     9.0168      3.918      5.683    11.1216 0.0000e+00
      3.969     -0.131     7.4961     68.285     49.210  35.555102     2.4259      6.577   311.0267 4.2854e+00     9.0567      3.887      5.639    11.1217 0.0000e+00
      3.948     -0.114     7.4933     68.259     49.178  35.532123     2.5120      6.575   311.1232 4.4159e+00     9.1057      3.874      5.618    11.1221 0.0000e+00
      3.927     -0.106     7.4977     68.203     49.178  35.532113     2.5248      6.574   310.7519 4.5993e+00     9.1642      3.852      5.588    11.1222 0.0000e+00
      3.903     -0.110     7.5091     68.148     49.210  35.554987     2.5227      6.575   310.5808 4.7778e+00     9.1840      3.825      5.548    11.1220 0.0000e+00
      3.881     -0.125     7.5082     68.120     49.209  35.554883     2.4618      6.575   310.9473 4.9952e+00     9.1052      3.808      5.523    11.1226 0.0000e+00
      3.853     -0.145     7.5066     68.102     49.175  35.530865     2.3548      6.576   311.4838 5.3462e+00     8.9630      3.785      5.489    11.1232 0.0000e+00
      3.811     -0.164     7.4985     68.098     49.157  35.518393     2.3028      6.577   311.8200 5.8226e+00     8.8996      3.740      5.424    11.1232 0.0000e+00
      3.760     -0.178     7.4902     68.114     49.173  35.530988     2.3073      6.577   312.0007 6.3891e+00     8.8848      3.688      5.349    11.1233 0.0000e+00
      3.705     -0.185     7.4898     68.123     49.208  35.556245     2.3261      6.578   312.0329 7.0786e+00     8.7844      3.635      5.272    11.1234 0.0000e+00
      3.650     -0.182     7.4866     68.096     49.227  35.569973     2.3718      6.578   311.9521 7.8323e+00     8.6756      3.577      5.187    11.1239 0.0000e+00
      3.600     -0.170     7.4853     68.053     49.227  35.570076     2.4100      6.577   312.1423 8.4922e+00     8.6631      3.525      5.113    11.1249 0.0000e+00
      3.560     -0.150     7.4884     68.038     49.210  35.557491     2.4223      6.572   312.6968 9.1045e+00     8.7006      3.489      5.061    11.1254 0.0000e+00
      3.526     -0.129     7.4913     68.023     49.192  35.544716     2.5531      6.565   313.1508 9.8010e+00     8.6181      3.459      5.016    11.1256 0.0000e+00
      3.496     -0.114     7.4872     67.931     49.189  35.542514     2.8098      6.558   313.2431 1.0444e+01     8.3825      3.425      4.967    11.1256 0.0000e+00
      3.473     -0.107     7.4798     67.819     49.173  35.530863     2.9628      6.554   313.2963 1.0917e+01     8.2421      3.401      4.933    11.1256 0.0000e+00
      3.457     -0.106     7.4781     67.772     49.172  35.530749     2.9804      6.551   313.1928 1.1586e+01     8.2536      3.394      4.921    11.1257 0.0000e+00
      3.434     -0.101     7.4839     67.746     49.185  35.541131     2.9386      6.549   313.1100 1.2797e+01     8.3163      3.375      4.894    11.1256 0.0000e+00
      3.400     -0.090     7.4698     67.707     49.167  35.529490     2.8646      6.548   313.4997 1.4222e+01     8.3853      3.333      4.835    11.1257 0.0000e+00
      3.364     -0.074     7.4497     67.655     49.147  35.516904     2.8186      6.548   313.8599 1.5667e+01     8.4053      3.297      4.781    11.1259 0.0000e+00
      3.337     -0.056     7.4519     67.621     49.142  35.515862     2.8081      6.548   314.1104 1.6635e+01     8.4213      3.266      4.737    11.1262 0.0000e+00
      3.329     -0.035     7.4474     67.628     49.140  35.516893     2.7862      6.552   314.3780 1.6349e+01     8.5441      3.254      4.720    11.1276 0.0000e+00
      3.339     -0.012     7.4441     67.630     49.155  35.529364     2.7379      6.555   314.0837 1.5852e+01     8.7288      3.277      4.754    11.1291 0.0000e+00
      3.347      0.007     7.4362     67.565     49.166  35.539755     2.6981      6.555   313.5627 1.6062e+01     8.7759      3.287      4.768    11.1310 0.0000e+00
      3.347      0.018     7.4298     67.435     49.128  35.515634     2.6878      6.555   313.5854 1.6346e+01     8.7031      3.279      4.757    11.1336 0.0000e+00
      3.350      0.020     7.4333     67.279     49.088  35.491522     2.6973      6.555   313.9280 1.6448e+01     8.7706      3.283      4.761    11.1360 0.0000e+00
      3.357      0.019     7.4363     67.114     49.095  35.502027     2.7041      6.555   314.3496 1.6529e+01     8.9441      3.292      4.775    11.1377 0.0000e+00
      3.364      0.022     7.4285     66.939     49.100  35.515755     2.7028      6.555   314.7250 1.6728e+01     8.9911      3.301      4.788    11.1400 0.0000e+00
      3.368      0.027     7.4106     66.729     49.095  35.530617     2.6986      6.555   314.5952 1.7033e+01     8.9625      3.305      4.793    11.1443 0.0000e+00
      3.371      0.029     7.3934     66.473     49.089  35.554840     2.6863      6.553   313.9846 1.7125e+01     8.9399      3.304      4.792    11.1481 0.0000e+00
      3.377      0.024     7.3731     66.151     49.041  35.554856     2.6958      6.553   313.7092 1.6752e+01     8.8884      3.308      4.799    11.1530 0.0000e+00
      3.392      0.012     7.3553     65.690     48.970  35.530846     2.7387      6.553   313.9328 1.6169e+01     8.7844      3.326      4.825    11.1612 0.0000e+00
      3.407     -0.008     7.3284     64.890     48.935  35.518374     2.7638      6.553   314.1069 1.6113e+01     8.6727      3.348      4.856    11.1781 0.0000e+00
      3.407     -0.036     7.2960     63.457     48.956  35.530970     2.7494      6.556   313.8359 1.6858e+01     8.6307      3.348      4.856    11.2094 0.0000e+00
      3.392     -0.073     7.2561     61.325     49.006  35.556239     2.6480      6.558   313.0649 1.7982e+01     8.5847      3.329      4.827    11.2498 0.0000e+00
      3.367     -0.113     7.2060     58.790     49.045  35.570091     2.4954      6.559   312.3556 1.9587e+01     8.4914      3.306      4.794    11.2829 0.0000e+00
      3.332     -0.148     7.1327     56.283     49.065  35.571538     2.4349      6.559   312.0574 2.2377e+01     8.4253      3.273      4.748    11.2945 0.0000e+00
      3.285     -0.175     6.9813     54.203     49.084  35.573719     2.4329      6.559   311.9545 2.6603e+01     8.3663      3.224      4.676    11.2891 0.0000e+00
      3.229     -0.193     6.7341     52.856     49.127  35.596450     2.5299      6.560   311.7996 3.1708e+01     8.3593      3.166      4.592    11.2754 0.0000e+00
      3.172     -0.201     6.4419     52.411     49.215  35.656015     2.7420      6.561   311.4748 3.6642e+01     8.4420      3.110      4.510    11.2597 0.0000e+00
      3.118     -0.201     6.1536     52.890     49.306  35.722850     2.8668      6.560   310.7811 4.0974e+01     8.5125      3.058      4.436    11.2459 0.0000e+00
      3.065     -0.193     5.9146     54.144     49.365  35.770030     2.9650      6.559   309.6070 4.4920e+01     8.4944      3.005      4.360    11.2340 0.0000e+00
      3.015     -0.179     5.7624     55.856     49.371  35.782316     3.7800      6.558   308.3781 4.8297e+01     8.3596      2.953      4.283    11.2250 0.0000e+00
      2.971     -0.164     5.7128     57.661     49.395  35.807954     5.2543      6.556   307.0216 5.1247e+01     8.2153      2.912      4.223    11.2205 0.0000e+00
      2.931     -0.150     5.7704     59.248     49.585  35.953122     6.0756      6.555   305.0786 5.3980e+01     8.1842      2.873      4.166    11.2210 0.0000e+00
      2.896     -0.138     5.9210     60.425     49.745  36.078136     6.2527      6.555   303.2127 5.5984e+01     8.2225      2.835      4.113    11.2258 0.0000e+00
      2.868     -0.129     6.1226     61.139     49.689  36.050454     7.3455      6.554   301.8412 5.7589e+01     8.1996      2.813      4.080    11.2354 0.0000e+00
      2.840     -0.122     6.3302     61.389     49.775  36.126059     9.3265      6.552   300.5406 5.9703e+01     8.0783      2.788      4.043    11.2458 0.0000e+00
      2.807     -0.114     6.5127     61.239     50.339  36.548107    10.3954      6.552   299.2742 6.2190e+01     7.9858      2.752      3.990    11.2500 0.0000e+00
      2.774     -0.104     6.6399     60.794     51.139  37.155808    10.5152      6.551   298.1445 6.4692e+01     7.9702      2.720      3.943    11.2567 0.0000e+00
      2.745     -0.089     6.7165     60.140     51.546  37.508971    10.6920      6.547   297.7230 6.6906e+01     7.9579      2.690      3.903    11.2756 0.0000e+00
      2.721     -0.072     6.7399     59.375     51.526  37.581986    12.3663      6.542   297.9631 6.8415e+01     8.0420      2.666      3.866    11.2873 0.0000e+00
      2.704     -0.056     6.7160     58.534     51.685  37.784899    15.4445      6.536   297.6924 6.8968e+01     8.2702      2.647      3.839    11.2958 0.0000e+00
      2.698     -0.050     6.6632     57.473     52.118  38.185648    17.1230      6.531   296.6014 6.8601e+01     8.4274      2.643      3.833    11.3133 0.0000e+00
      2.698     -0.057     6.5790     55.988     52.382  38.493053    17.1960      6.529   295.2680 6.8247e+01     8.4398      2.648      3.840    11.3652 0.0000e+00
      2.695     -0.073     6.4762     54.001     52.227  38.519240    16.3190      6.529   294.3049 6.8799e+01     8.2158      2.646      3.838    11.4710 0.0000e+00
      2.681     -0.092     6.3788     51.550     51.864  38.375512    14.6849      6.530   294.0771 7.1038e+01     7.7681      2.638      3.825    11.5568 0.0000e+00
      2.646     -0.109     6.2660     48.749     51.536  38.214968    13.7921      6.530   294.4063 7.5161e+01     7.5015      2.603      3.776    11.6145 0.0000e+00
      2.596     -0.119     6.0902     45.716     51.331  38.101242    13.7225      6.528   294.4992 7.9258e+01     7.4517      2.542      3.686    11.7262 0.0000e+00
      2.552     -0.124     5.8522     42.464     51.294  38.079305    13.9184      6.525   293.9960 8.1838e+01     7.0642      2.495      3.619    11.8842 0.0000e+00
