Data/DataNotYetUploadedToEDI/Raw_CTD/RawDownloads/072519_bvr50_b.cnv
* Sea-Bird SBE19plus  Data File:
* FileName = C:\DATA\MSN2_CTD_CASTS_072419\072519_bvr50_a_0002.hex
* Software version 2.8.0.119 SB_Terminal.dll
* Temperature SN = 7809
* Conductivity SN = 7809
* System UpLoad Time = Jul 25 2019 07:19:02
* <ApplicationData>
* <Seaterm232>
# nquan = 16
# nvalues = 654                         
# units = specified
# name 0 = depFM: Depth [fresh water, m]
# name 1 = dz/dtM: Descent Rate [m/s]
# name 2 = sbeox0Mg/L: Oxygen, SBE 43 [mg/l]
# name 3 = sbeox0PS: Oxygen, SBE 43 [% saturation]
# name 4 = specc: Specific Conductance [uS/cm]
# name 5 = c0uS/cm: Conductivity [uS/cm]
# name 6 = flECO-AFL: Fluorescence, WET Labs ECO-AFL/FL [mg/m^3]
# name 7 = ph: pH
# name 8 = orp: Oxidation Reduction Potential [mV]
# name 9 = par/sat/log: PAR/Logarithmic, Satlantic
# name 10 = turbWETntu0: Turbidity, WET Labs ECO [NTU]
# name 11 = prdM: Pressure, Strain Gauge [db]
# name 12 = prdE: Pressure, Strain Gauge [psi]
# name 13 = tv290C: Temperature [ITS-90, deg C]
# name 14 = density00: Density [density, kg/m^3]
# name 15 = flag:  0.000e+00
# span 0 =     -0.638,     10.565       
# span 1 =     -0.022,      0.186       
# span 2 =    -0.1772,     9.3023       
# span 3 =     -1.764,    102.546       
# span 4 =      0.580,    224.170       
# span 5 =   0.474094, 150.087483       
# span 6 =    -0.1407,    14.6981       
# span 7 =      6.373,      9.045       
# span 8 =    -2.2302,   930.6264       
# span 9 = 1.2362e-01, 1.1490e+02       
# span 10 =    -0.2532,    10.5162      
# span 11 =     -0.626,     10.362      
# span 12 =     -0.909,     15.029      
# span 13 =     8.4588,    25.8817      
# span 14 =   996.8396,   999.9529      
# span 15 = 0.0000e+00, 0.0000e+00      
# interval = seconds: 0.25
# start_time = Jul 25 2019 07:07:51 [Instrument's time stamp, header]
# bad_flag = -9.990e-29
*END*
[from data line 91]
     -0.125      0.005     5.9809     71.694     27.263  26.981999     1.9853      8.476   253.0769 9.7071e+01     1.3517     -0.121     -0.177    24.4927   997.1903 0.0000e+00
     -0.122      0.005     5.9686     71.549     27.279  26.999134     1.9709      8.473   253.3662 9.6838e+01     1.3348     -0.119     -0.173    24.4921   997.1904 0.0000e+00
     -0.121      0.004     5.9523     71.354     27.296  27.016173     1.9655      8.468   253.6512 9.6818e+01     1.3062     -0.119     -0.172    24.4839   997.1924 0.0000e+00
     -0.121      0.003     5.9368     71.162     27.280  26.997688     1.9814      8.463   253.9422 9.6887e+01     1.3010     -0.119     -0.173    24.4775   997.1941 0.0000e+00
     -0.121      0.003     5.9213     70.966     27.253  26.965966     1.9988      8.457   254.3030 9.6961e+01     1.3047     -0.119     -0.173    24.4785   997.1938 0.0000e+00
     -0.121      0.003     5.9041     70.736     27.246  26.949817     2.0113      8.452   254.4867 9.7003e+01     1.3183     -0.119     -0.173    24.4823   997.1928 0.0000e+00
     -0.120      0.004     5.8851     70.479     27.239  26.929308     2.0293      8.447   254.2705 9.6963e+01     1.3346     -0.118     -0.171    24.4826   997.1928 0.0000e+00
     -0.119      0.005     5.8653     70.215     27.229  26.908301     2.0425      8.445   253.9251 9.6768e+01     1.3381     -0.117     -0.169    24.4788   997.1937 0.0000e+00
     -0.117      0.006     5.8458     69.960     27.215  26.886131     1.9975      8.443   253.7526 9.6481e+01     1.3266     -0.115     -0.167    24.4713   997.1956 0.0000e+00
     -0.116      0.006     5.8259     69.710     27.120  26.788116     1.9097      8.433   253.7334 9.5865e+01     1.3273     -0.113     -0.164    24.4536   997.2001 0.0000e+00
     -0.115      0.004     5.8019     69.427     26.940  26.611391     1.8655      8.412   253.7789 9.4334e+01     1.3795     -0.112     -0.163    24.4268   997.2067 0.0000e+00
     -0.113     -0.001     5.7701     69.094     26.768  26.462266     1.8622      8.397   253.7863 9.1705e+01     1.4330     -0.111     -0.160    24.4041   997.2124 0.0000e+00
     -0.111     -0.010     5.7328     68.717     26.656  26.380776     1.8612      8.399   253.8234 8.8466e+01     1.4179     -0.109     -0.157    24.3882   997.2164 0.0000e+00
     -0.111     -0.018     5.6935     68.269     26.589  26.323996     1.8525      8.406   254.0558 8.5562e+01     1.3607     -0.108     -0.156    24.3818   997.2181 0.0000e+00
     -0.116     -0.022     5.6525     67.752     26.559  26.283277     1.8436      8.409   254.3591 8.4112e+01     1.3307     -0.112     -0.161    24.3698   997.2209 0.0000e+00
     -0.129     -0.019     5.6150     67.273     26.558  26.269074     1.8487      8.405   254.4794 8.6877e+01     1.3502     -0.124     -0.179    24.4084   997.2111 0.0000e+00
     -0.144     -0.008     5.5890     66.933     26.579  26.279120     1.8546      8.395   254.3917 9.5498e+01     1.3677     -0.143     -0.207    24.5004   997.1880 0.0000e+00
     -0.153      0.009     5.5762     66.754     26.589  26.277853     1.8364      8.382   254.2446 1.0599e+02     1.3448     -0.157     -0.227    24.5096   997.1856 0.0000e+00
     -0.148      0.032     5.5758     66.720     26.578  26.253746     1.8020      8.366   254.0775 1.1323e+02     1.3368     -0.151     -0.219    24.4706   997.1954 0.0000e+00
     -0.129      0.055     5.5842     66.781     26.583  26.241373     1.7853      8.347   253.9205 1.1490e+02     1.3693     -0.127     -0.184    24.4518   997.2002 0.0000e+00
     -0.106      0.073     5.5961     66.879     26.616  26.255112     1.7908      8.332   253.8950 1.1142e+02     1.3773     -0.104     -0.151    24.4282   997.2063 0.0000e+00
     -0.082      0.081     5.6065     66.958     26.674  26.292951     1.8081      8.321   253.9405 9.8372e+01     1.3352     -0.083     -0.120    24.4080   997.2114 0.0000e+00
     -0.055      0.078     5.6090     66.923     26.728  26.318217     1.8207      8.313   253.9540 7.9574e+01     1.2855     -0.053     -0.077    24.3873   997.2167 0.0000e+00
     -0.031      0.068     5.6010     66.698     26.773  26.306805     1.8308      8.307   253.9720 7.0943e+01     1.2683     -0.026     -0.039    24.3536   997.2253 0.0000e+00
     -0.015      0.056     5.5835     66.294     26.833  26.281767     1.8519      8.302   253.9010 7.0911e+01     1.2912     -0.012     -0.017    24.3144   997.2351 0.0000e+00
     -0.006      0.045     5.5561     65.772     26.908  26.269113     1.8929      8.296   253.7832 7.1721e+01     1.3331     -0.005     -0.007    24.2825   997.2432 0.0000e+00
     -0.001      0.038     5.5187     65.181     26.987  26.280565     1.9453      8.288   253.8387 7.2200e+01     1.3491     -0.001     -0.001    24.2484   997.2516 0.0000e+00
      0.004      0.033     5.4763     64.571     27.050  26.293250     1.9657      8.280   254.0566 7.0703e+01     1.3205      0.002      0.004    24.1501   997.2761 0.0000e+00
      0.011      0.032     5.4365     64.007     27.096  26.295543     1.9660      8.272   254.2657 6.7619e+01     1.3143      0.008      0.011    23.9649   997.3220 0.0000e+00
      0.022      0.031     5.4018     63.510     27.151  26.308226     1.9572      8.265   254.3879 6.5275e+01     1.3397      0.020      0.030    23.7865   997.3658 0.0000e+00
      0.034      0.029     5.3704     63.052     27.205  26.319661     1.9291      8.257   254.5877 6.4765e+01     1.3328      0.034      0.051    23.6762   997.3928 0.0000e+00
      0.043      0.025     5.3401     62.605     27.235  26.306876     1.9131      8.248   254.9608 6.3929e+01     1.3293      0.043      0.063    23.5928   997.4131 0.0000e+00
      0.048      0.020     5.3081     62.145     27.248  26.280457     1.9192      8.240   255.3719 6.3341e+01     1.3303      0.047      0.069    23.5145   997.4321 0.0000e+00
      0.050      0.017     5.2748     61.690     27.252  26.253932     1.9587      8.230   255.6866 6.4429e+01     1.3447      0.049      0.072    23.4447   997.4491 0.0000e+00
      0.050      0.017     5.2424     61.271     27.257  26.239886     2.0186      8.220   255.8408 6.5449e+01     1.4047      0.049      0.072    23.3690   997.4672 0.0000e+00
      0.051      0.024     5.2119     60.894     27.264  26.237476     2.0362      8.209   255.8590 6.4984e+01     1.4011      0.048      0.070    23.2904   997.4862 0.0000e+00
      0.055      0.035     5.1850     60.576     27.253  26.224778     2.0328      8.197   255.9071 6.3094e+01     1.3660      0.052      0.076    23.2124   997.5048 0.0000e+00
      0.065      0.050     5.1660     60.356     27.240  26.213233     2.0385      8.182   256.0777 6.0527e+01     1.3737      0.062      0.091    23.1553   997.5184 0.0000e+00
      0.080      0.066     5.1598     60.284     27.251  26.224766     2.0020      8.166   256.2870 5.7751e+01     1.3637      0.076      0.111    23.1239   997.5260 0.0000e+00
      0.101      0.082     5.1699     60.400     27.266  26.237349     1.9378      8.150   256.5449 5.4224e+01     1.3436      0.098      0.142    23.1060   997.5304 0.0000e+00
      0.126      0.093     5.1960     60.702     27.269  26.238493     1.9113      8.134   256.7867 4.9835e+01     1.3267      0.123      0.178    23.1074   997.5302 0.0000e+00
      0.153      0.098     5.2319     61.123     27.268  26.238598     1.9160      8.120   256.9741 4.5342e+01     1.3235      0.150      0.216    23.1112   997.5293 0.0000e+00
      0.183      0.098     5.2671     61.543     27.264  26.238618     1.9341      8.106   257.4338 4.1177e+01     1.3374      0.181      0.262    23.1101   997.5298 0.0000e+00
      0.211      0.096     5.2931     61.853     27.261  26.238733     1.9570      8.095   258.1288 3.7634e+01     1.3311      0.209      0.303    23.1096   997.5300 0.0000e+00
      0.234      0.094     5.3079     62.031     27.260  26.239989     1.9673      8.085   258.7527 3.4821e+01     1.3131      0.231      0.336    23.1032   997.5316 0.0000e+00
      0.253      0.093     5.3146     62.122     27.268  26.253808     1.9809      8.074   259.2983 3.2331e+01     1.3156      0.249      0.359    23.1024   997.5319 0.0000e+00
      0.272      0.094     5.3155     62.164     27.279  26.278953     2.0261      8.062   259.7349 2.9950e+01     1.3286      0.265      0.384    23.1147   997.5291 0.0000e+00
      0.296      0.099     5.3122     62.180     27.264  26.290274     2.0889      8.048   260.2462 2.8112e+01     1.3397      0.288      0.419    23.1226   997.5273 0.0000e+00
      0.323      0.106     5.3086     62.232     27.191  26.263843     2.1150      8.034   260.8347 2.6828e+01     1.3517      0.317      0.459    23.1208   997.5278 0.0000e+00
      0.351      0.111     5.3054     62.350     27.065  26.213188     2.0992      8.022   261.2582 2.5650e+01     1.3745      0.343      0.498    23.1288   997.5260 0.0000e+00
      0.382      0.111     5.2994     62.474     26.945  26.185440     2.0458      8.012   261.6661 2.4476e+01     1.3867      0.372      0.540    23.1558   997.5197 0.0000e+00
      0.417      0.106     5.2881     62.516     26.858  26.182225     1.9634      8.001   262.1534 2.3541e+01     1.3353      0.411      0.595    23.1977   997.5099 0.0000e+00
      0.447      0.097     5.2681     62.410     26.788  26.174436     1.9261      7.986   262.5899 2.2957e+01     1.2768      0.442      0.641    23.2675   997.4933 0.0000e+00
      0.469      0.084     5.2376     62.137     26.727  26.154801     1.9341      7.971   262.8999 2.2412e+01     1.2699      0.461      0.669    23.4039   997.4606 0.0000e+00
      0.486      0.068     5.2013     61.729     26.696  26.135189     1.9557      7.959   263.1475 2.1769e+01     1.2848      0.477      0.692    23.5952   997.4145 0.0000e+00
      0.502      0.053     5.1662     61.245     26.721  26.127646     2.0047      7.954   263.3466 2.1258e+01     1.3256      0.494      0.716    23.7526   997.3762 0.0000e+00
      0.515      0.038     5.1348     60.740     26.785  26.126986     2.0323      7.953   263.5011 2.1012e+01     1.3696      0.507      0.735    23.8564   997.3509 0.0000e+00
      0.522      0.026     5.1064     60.260     26.855  26.127122     2.0204      7.951   263.7248 2.0901e+01     1.3578      0.512      0.743    23.9427   997.3296 0.0000e+00
      0.525      0.021     5.0807     59.837     26.915  26.129182     2.0088      7.946   264.0733 2.0818e+01     1.3148      0.515      0.747    23.9759   997.3215 0.0000e+00
      0.526      0.023     5.0580     59.496     26.975  26.151816     1.9790      7.941   264.5309 2.0889e+01     1.3081      0.516      0.748    23.9062   997.3386 0.0000e+00
      0.526      0.034     5.0418     59.282     27.047  26.210415     1.9378      7.930   265.0416 2.1092e+01     1.3420      0.515      0.747    23.7686   997.3724 0.0000e+00
      0.528      0.054     5.0381     59.256     27.097  26.266722     1.9263      7.913   265.4296 2.1026e+01     1.3649      0.515      0.747    23.6308   997.4060 0.0000e+00
      0.540      0.076     5.0499     59.450     27.064  26.261674     1.9263      7.894   265.6082 2.0524e+01     1.3549      0.524      0.760    23.5204   997.4328 0.0000e+00
      0.566      0.094     5.0699     59.793     26.960  26.212863     1.9551      7.879   265.8248 1.9813e+01     1.3522      0.551      0.799    23.4511   997.4497 0.0000e+00
      0.604      0.107     5.0894     60.166     26.861  26.184141     2.0143      7.868   266.1556 1.8991e+01     1.3331      0.590      0.857    23.4366   997.4533 0.0000e+00
      0.644      0.112     5.1076     60.512     26.782  26.168258     2.0440      7.860   266.5103 1.8218e+01     1.2875      0.635      0.923    23.4543   997.4493 0.0000e+00
      0.676      0.109     5.1231     60.796     26.712  26.147796     2.0461      7.853   266.8445 1.7721e+01     1.2932      0.667      0.968    23.4916   997.4405 0.0000e+00
      0.698      0.099     5.1296     60.960     26.648  26.127111     2.0480      7.846   267.0985 1.7386e+01     1.3357      0.686      0.995    23.5942   997.4157 0.0000e+00
      0.718      0.089     5.1244     60.976     26.592  26.108542     2.0582      7.839   267.3448 1.7001e+01     1.3750      0.705      1.021    23.7432   997.3795 0.0000e+00
      0.737      0.082     5.1109     60.875     26.570  26.113657     2.0569      7.830   267.5857 1.6547e+01     1.3753      0.724      1.050    23.8624   997.3504 0.0000e+00
      0.755      0.080     5.0933     60.708     26.562  26.125545     2.0409      7.822   267.7743 1.6084e+01     1.3397      0.741      1.074    23.9390   997.3316 0.0000e+00
      0.774      0.082     5.0768     60.539     26.548  26.125427     2.0389      7.812   267.9035 1.5606e+01     1.3374      0.757      1.099    24.0166   997.3126 0.0000e+00
      0.797      0.084     5.0660     60.424     26.528  26.112255     2.0413      7.797   268.0298 1.5120e+01     1.3477      0.782      1.134    24.0940   997.2936 0.0000e+00
      0.820      0.084     5.0620     60.384     26.505  26.093180     2.0351      7.782   268.2687 1.4667e+01     1.3334      0.806      1.168    24.1385   997.2826 0.0000e+00
      0.843      0.083     5.0644     60.417     26.495  26.085106     2.0244      7.774   268.6408 1.4273e+01     1.3278      0.826      1.197    24.1758   997.2734 0.0000e+00
      0.867      0.080     5.0707     60.487     26.490  26.078082     1.9809      7.769   268.9153 1.3956e+01     1.3454      0.850      1.233    24.2059   997.2660 0.0000e+00
      0.888      0.077     5.0792     60.577     26.489  26.071677     1.9083      7.767   269.0070 1.3730e+01     1.3821      0.873      1.266    24.2100   997.2652 0.0000e+00
      0.904      0.074     5.0873     60.663     26.494  26.071101     1.8658      7.766   269.0614 1.3505e+01     1.4119      0.885      1.284    24.2166   997.2636 0.0000e+00
      0.920      0.071     5.0934     60.732     26.496  26.071111     1.8582      7.764   269.1419 1.3229e+01     1.3781      0.901      1.307    24.2265   997.2612 0.0000e+00
      0.937      0.070     5.0987     60.799     26.494  26.071792     1.8597      7.761   269.4640 1.3027e+01     1.3333      0.920      1.333    24.2176   997.2635 0.0000e+00
      0.955      0.073     5.1013     60.838     26.499  26.079333     1.8748      7.756   269.9450 1.2892e+01     1.3285      0.936      1.358    24.2047   997.2667 0.0000e+00
      0.974      0.079     5.1018     60.850     26.515  26.098855     1.9018      7.748   270.3110 1.2758e+01     1.3210      0.956      1.388    24.1958   997.2691 0.0000e+00
      0.991      0.087     5.1032     60.875     26.530  26.117515     1.9178      7.737   270.6210 1.2599e+01     1.3079      0.971      1.410    24.1897   997.2706 0.0000e+00
      1.011      0.096     5.1057     60.913     26.523  26.114639     1.9205      7.723   270.9393 1.2335e+01     1.3009      0.988      1.433    24.1968   997.2689 0.0000e+00
      1.039      0.104     5.1074     60.941     26.533  26.127528     1.9516      7.706   271.2346 1.1966e+01     1.3346      1.017      1.475    24.2032   997.2675 0.0000e+00
      1.071      0.108     5.1068     60.946     26.803  26.400229     2.0079      7.685   271.4376 1.1581e+01     1.3881      1.050      1.523    24.2085   997.2663 0.0000e+00
      1.104      0.106     5.1096     61.014     27.397  27.001110     2.0373      7.668   271.5868 1.1227e+01     1.3898      1.083      1.571    24.2161   997.2647 0.0000e+00
      1.135      0.097     5.1627     61.779     27.833  27.492697     2.0388      7.658   271.6628 1.0891e+01     1.3555      1.114      1.617    24.2250   997.2625 0.0000e+00
      1.161      0.083     5.3559     64.397     27.853  27.649332     2.0513      7.654   271.6678 1.0579e+01     1.3341      1.141      1.655    24.2262   997.2623 0.0000e+00
