Data/DataNotYetUploadedToEDI/Raw_CTD/RawDownloads/072519_bvr50_b.cnv
* Sea-Bird SBE19plus  Data File:
* FileName = C:\DATA\MSN2_CTD_CASTS_072419\072519_bvr50_a_0002.hex
* Software version 2.8.0.119 SB_Terminal.dll
* Temperature SN = 7809
* Conductivity SN = 7809
* System UpLoad Time = Jul 25 2019 07:19:02
* <ApplicationData>
* <Seaterm232>
# nquan = 16
# nvalues = 654                         
# units = specified
# name 0 = depFM: Depth [fresh water, m]
# name 1 = dz/dtM: Descent Rate [m/s]
# name 2 = sbeox0Mg/L: Oxygen, SBE 43 [mg/l]
# name 3 = sbeox0PS: Oxygen, SBE 43 [% saturation]
# name 4 = specc: Specific Conductance [uS/cm]
# name 5 = c0uS/cm: Conductivity [uS/cm]
# name 6 = flECO-AFL: Fluorescence, WET Labs ECO-AFL/FL [mg/m^3]
# name 7 = ph: pH
# name 8 = orp: Oxidation Reduction Potential [mV]
# name 9 = par/sat/log: PAR/Logarithmic, Satlantic
# name 10 = turbWETntu0: Turbidity, WET Labs ECO [NTU]
# name 11 = prdM: Pressure, Strain Gauge [db]
# name 12 = prdE: Pressure, Strain Gauge [psi]
# name 13 = tv290C: Temperature [ITS-90, deg C]
# name 14 = density00: Density [density, kg/m^3]
# name 15 = flag:  0.000e+00
# span 0 =     -0.638,     10.565       
# span 1 =     -0.022,      0.186       
# span 2 =    -0.1772,     9.3023       
# span 3 =     -1.764,    102.546       
# span 4 =      0.580,    224.170       
# span 5 =   0.474094, 150.087483       
# span 6 =    -0.1407,    14.6981       
# span 7 =      6.373,      9.045       
# span 8 =    -2.2302,   930.6264       
# span 9 = 1.2362e-01, 1.1490e+02       
# span 10 =    -0.2532,    10.5162      
# span 11 =     -0.626,     10.362      
# span 12 =     -0.909,     15.029      
# span 13 =     8.4588,    25.8817      
# span 14 =   996.8396,   999.9529      
# span 15 = 0.0000e+00, 0.0000e+00      
# interval = seconds: 0.25
# start_time = Jul 25 2019 07:07:51 [Instrument's time stamp, header]
# bad_flag = -9.990e-29
*END*
[from data line 362]
      4.593      0.049     3.6174     38.705     28.020  24.449012     6.3456      7.141   301.3374 1.3426e+00     1.1078      4.507      6.536    18.8010   998.4804 0.0000e+00
      4.603      0.046     3.5424     37.923     27.987  24.435304     6.3496      7.142   301.3843 1.3309e+00     1.0594      4.515      6.548    18.6696   998.5058 0.0000e+00
      4.613      0.045     3.4826     37.288     27.932  24.391355     6.3064      7.144   301.3932 1.3214e+00     0.9864      4.522      6.559    18.5980   998.5196 0.0000e+00
      4.623      0.045     3.4421     36.838     27.839  24.298245     6.2305      7.144   301.5307 1.3199e+00     0.9464      4.534      6.575    18.5866   998.5218 0.0000e+00
      4.634      0.050     3.4207     36.550     27.773  24.197585     6.1943      7.143   302.0139 1.3115e+00     0.9367      4.544      6.592    18.6227   998.5150 0.0000e+00
      4.646      0.057     3.4144     36.364     27.793  24.125754     6.1812      7.143   302.6750 1.2987e+00     0.9016      4.555      6.606    18.6610   998.5076 0.0000e+00
      4.660      0.065     3.4139     36.211     27.850  24.063972     6.0287      7.143   303.2431 1.2832e+00     0.8829      4.569      6.626    18.6651   998.5069 0.0000e+00
      4.678      0.073     3.4070     36.007     27.916  24.021339     5.7553      7.142   303.8071 1.2537e+00     0.8741      4.586      6.652    18.6518   998.5095 0.0000e+00
      4.699      0.081     3.3831     35.633     27.989  23.990754     5.6063      7.139   304.3313 1.2269e+00     0.8602      4.608      6.683    18.5973   998.5200 0.0000e+00
      4.722      0.090     3.3340     34.985     28.059  23.947795     5.5793      7.134   304.8498 1.2028e+00     0.8467      4.631      6.716    18.4143   998.5549 0.0000e+00
      4.745      0.097     3.2599     34.072     28.109  23.882402     5.5150      7.130   305.3441 1.1750e+00     0.8747      4.652      6.748    18.1798   998.5992 0.0000e+00
      4.770      0.102     3.1659     32.963     28.175  23.834290     5.4102      7.126   305.6612 1.1404e+00     0.9696      4.676      6.783    18.0152   998.6299 0.0000e+00
      4.799      0.104     3.0562     31.712     28.257  23.809976     5.3537      7.122   305.9302 1.1015e+00     1.0434      4.706      6.826    17.8643   998.6579 0.0000e+00
      4.828      0.101     2.9391     30.405     28.317  23.778608     5.3516      7.119   306.1876 1.0792e+00     1.1119      4.734      6.867    17.6751   998.6925 0.0000e+00
      4.856      0.096     2.8239     29.142     28.387  23.772083     5.3495      7.118   306.3643 1.0616e+00     1.1747      4.762      6.906    17.4736   998.7289 0.0000e+00
      4.883      0.086     2.7169     27.987     28.473  23.794448     5.3287      7.116   306.6039 1.0433e+00     1.2131      4.791      6.949    17.2869   998.7623 0.0000e+00
      4.905      0.074     2.6210     26.964     28.515  23.795227     5.2995      7.115   306.8483 1.0331e+00     1.2801      4.812      6.980    17.1192   998.7919 0.0000e+00
      4.920      0.063     2.5405     26.117     28.520  23.781451     5.2914      7.116   306.9103 1.0190e+00     1.3299      4.825      6.998    16.9735   998.8174 0.0000e+00
      4.931      0.058     2.4761     25.452     28.492  23.754723     5.3003      7.116   306.9235 1.0131e+00     1.3568      4.837      7.017    16.8593   998.8371 0.0000e+00
      4.941      0.059     2.4245     24.922     28.381  23.662362     5.3551      7.111   307.0938 1.0188e+00     1.3753      4.846      7.029    16.7717   998.8523 0.0000e+00
      4.950      0.067     2.3882     24.534     28.269  23.552789     5.4592      7.105   307.3345 1.0123e+00     1.3574      4.853      7.039    16.7101   998.8629 0.0000e+00
      4.965      0.077     2.3693     24.302     28.266  23.508233     5.5271      7.102   307.4246 9.9857e-01     1.3702      4.866      7.058    16.6778   998.8684 0.0000e+00
      4.988      0.085     2.3642     24.198     28.331  23.504180     5.5692      7.101   307.4078 9.8531e-01     1.3978      4.887      7.089    16.6776   998.8686 0.0000e+00
      5.020      0.090     2.3686     24.193     28.397  23.503714     5.8382      7.100   307.3894 9.6452e-01     1.4293      4.922      7.139    16.6942   998.8659 0.0000e+00
      5.052      0.090     2.3782     24.249     28.451  23.502523     6.3177      7.100   307.3749 9.4610e-01     1.5217      4.959      7.191    16.6755   998.8691 0.0000e+00
      5.077      0.085     2.3889     24.324     28.483  23.489724     6.5811      7.101   307.4044 9.3953e-01     1.5972      4.982      7.225    16.5885   998.8840 0.0000e+00
      5.093      0.076     2.3954     24.358     28.509  23.475783     6.6130      7.101   307.4029 9.3392e-01     1.6216      4.994      7.243    16.4739   998.9034 0.0000e+00
      5.106      0.068     2.3920     24.294     28.530  23.460784     6.6685      7.100   307.3554 9.2546e-01     1.6859      5.006      7.262    16.3741   998.9201 0.0000e+00
      5.121      0.063     2.3767     24.112     28.535  23.435194     6.7664      7.099   307.3473 9.1911e-01     1.7524      5.022      7.284    16.2953   998.9333 0.0000e+00
      5.136      0.063     2.3504     23.823     28.548  23.420081     6.8256      7.099   307.4769 9.0700e-01     1.7371      5.037      7.305    16.2307   998.9440 0.0000e+00
      5.152      0.068     2.3146     23.441     28.556  23.404880     6.8474      7.097   307.7179 8.8981e-01     1.7629      5.052      7.327    16.1682   998.9544 0.0000e+00
      5.168      0.076     2.2684     22.955     28.549  23.378232     6.9257      7.093   307.8515 8.8065e-01     1.9008      5.067      7.350    16.1097   998.9641 0.0000e+00
      5.187      0.084     2.2122     22.367     28.545  23.351594     7.0527      7.089   307.8882 8.7481e-01     2.0281      5.085      7.375    16.0580   998.9726 0.0000e+00
      5.208      0.091     2.1492     21.708     28.560  23.336498     7.1171      7.087   307.9887 8.6004e-01     2.0560      5.105      7.404    16.0128   998.9800 0.0000e+00
      5.235      0.096     2.0830     21.015     28.580  23.322538     7.1311      7.085   308.1211 8.4300e-01     2.0410      5.132      7.444    15.9753   998.9863 0.0000e+00
      5.265      0.100     2.0147     20.303     28.602  23.309636     7.1796      7.082   308.1981 8.2744e-01     2.0436      5.165      7.491    15.9418   998.9919 0.0000e+00
      5.292      0.102     1.9401     19.529     28.637  23.307324     7.6078      7.079   308.2319 8.0566e-01     2.0885      5.190      7.529    15.9028   998.9983 0.0000e+00
      5.316      0.102     1.8538     18.638     28.661  23.294546     8.3892      7.076   308.3579 7.9033e-01     2.1902      5.213      7.560    15.8523   999.0065 0.0000e+00
      5.341      0.099     1.7494     17.567     28.687  23.281969     8.8158      7.073   308.5159 7.7886e-01     2.2573      5.238      7.597    15.7972   999.0154 0.0000e+00
      5.367      0.092     1.6100     16.147     28.729  23.282077     8.8560      7.071   308.5948 7.5700e-01     2.2451      5.263      7.634    15.7445   999.0240 0.0000e+00
      5.392      0.083     1.4116     14.141     28.785  23.295817     8.8849      7.069   308.6234 7.4305e-01     2.2057      5.288      7.669    15.6911   999.0326 0.0000e+00
      5.416      0.072     1.1520     11.530     28.846  23.321182     8.9392      7.067   308.5177 7.4065e-01     2.2077      5.313      7.706    15.6347   999.0416 0.0000e+00
      5.435      0.060     0.8610      8.612     28.883  23.335013     8.9751      7.066   308.4352 7.3514e-01     2.2359      5.334      7.735    15.5764   999.0509 0.0000e+00
      5.446      0.050     0.5722      5.722     28.900  23.336158     8.9974      7.066   308.4855 7.2589e-01     2.2185      5.343      7.749    15.5158   999.0606 0.0000e+00
      5.452      0.043     0.3113      3.111     28.914  23.335016     9.1223      7.066   308.5241 7.2066e-01     2.1945      5.345      7.753    15.4571   999.0697 0.0000e+00
      5.458      0.040     0.0987      0.986     28.915  23.321190     9.3324      7.066   308.5579 7.1538e-01     2.2080      5.351      7.762    15.4145   999.0765 0.0000e+00
      5.467      0.045    -0.0533     -0.532     28.906  23.295840     9.4482      7.065   308.6354 7.1054e-01     2.2497      5.361      7.776    15.3908   999.0802 0.0000e+00
      5.477      0.056    -0.1430     -1.425     28.919  23.282211     9.4733      7.064   308.7737 7.1161e-01     2.2731      5.371      7.789    15.3726   999.0831 0.0000e+00
      5.490      0.071    -0.1772     -1.764     28.961  23.283246     9.5753      7.061   308.9385 6.9877e-01     2.2942      5.382      7.805    15.3499   999.0866 0.0000e+00
      5.510      0.084    -0.1690     -1.681     29.043  23.308311     9.7623      7.058   309.0796 6.7434e-01     2.3741      5.401      7.834    15.3243   999.0907 0.0000e+00
      5.536      0.093    -0.1389     -1.380     29.128  23.331488     9.8701      7.053   309.1891 6.5746e-01     2.4530      5.427      7.871    15.2942   999.0954 0.0000e+00
      5.567      0.094    -0.1018     -1.009     29.158  23.309698     9.9163      7.050   309.1431 6.3920e-01     2.4930      5.457      7.915    15.2542   999.1018 0.0000e+00
      5.600      0.087    -0.0614     -0.608     29.189  23.298514    10.2952      7.050   308.8679 6.1746e-01     2.4970      5.493      7.967    15.1997   999.1103 0.0000e+00
      5.627      0.075    -0.0216     -0.213     29.244  23.323087    10.9827      7.049   308.5295 6.0463e-01     2.4693      5.523      8.011    15.1283   999.1213 0.0000e+00
      5.643      0.060     0.0128      0.127     29.289  23.353066    11.3633      7.049   308.2346 5.9614e-01     2.4534      5.538      8.032    15.0458   999.1340 0.0000e+00
      5.648      0.047     0.0427      0.422     29.367  23.407246    11.4025      7.048   307.9705 5.9357e-01     2.4688      5.540      8.035    14.9625   999.1465 0.0000e+00
      5.651      0.041     0.0693      0.685     29.469  23.470699    11.4049      7.048   307.7452 6.0567e-01     2.4910      5.540      8.035    14.8940   999.1568 0.0000e+00
      5.657      0.043     0.0908      0.895     29.525  23.485926    11.5305      7.046   307.5757 6.1199e-01     2.5253      5.546      8.044    14.8636   999.1615 0.0000e+00
      5.666      0.052     0.1085      1.069     29.545  23.464449    11.7860      7.044   307.5555 6.0336e-01     2.5892      5.556      8.059    14.8659   999.1611 0.0000e+00
      5.681      0.064     0.1252      1.232     29.599  23.464705    11.9279      7.044   307.5862 5.9151e-01     2.6407      5.568      8.076    14.8575   999.1625 0.0000e+00
      5.702      0.075     0.1391      1.367     29.683  23.488975    11.9803      7.044   307.4314 5.7307e-01     2.6570      5.590      8.107    14.8252   999.1674 0.0000e+00
      5.727      0.084     0.1487      1.458     29.754  23.504121    12.4274      7.043   307.0606 5.5624e-01     2.6552      5.618      8.148    14.7763   999.1748 0.0000e+00
      5.751      0.089     0.1553      1.521     29.827  23.520919    13.2332      7.041   306.5444 5.4672e-01     2.6517      5.640      8.181    14.7087   999.1848 0.0000e+00
      5.773      0.092     0.1609      1.573     29.937  23.565169    13.6692      7.039   305.9222 5.3727e-01     2.6467      5.660      8.209    14.6343   999.1959 0.0000e+00
      5.797      0.093     0.1651      1.612     30.111  23.658484    13.7103      7.036   305.3886 5.1931e-01     2.6609      5.684      8.244    14.5628   999.2064 0.0000e+00
      5.820      0.094     0.1658      1.617     30.377  23.824500    13.7044      7.034   304.9962 4.9467e-01     2.7249      5.709      8.280    14.4947   999.2165 0.0000e+00
      5.842      0.096     0.1662      1.618     30.722  24.049993    13.6756      7.032   304.5342 4.8779e-01     2.7982      5.728      8.308    14.4260   999.2266 0.0000e+00
      5.865      0.096     0.1690      1.643     31.169  24.354944    13.6571      7.030   304.1038 4.9371e-01     2.8259      5.750      8.341    14.3535   999.2371 0.0000e+00
      5.893      0.094     0.1720      1.669     31.777  24.783851    13.6808      7.028   303.6640 4.9271e-01     2.8625      5.779      8.383    14.2824   999.2475 0.0000e+00
      5.921      0.091     0.1753      1.699     32.502  25.302744    13.9528      7.027   302.7442 4.7905e-01     3.0772      5.808      8.425    14.2117   999.2577 0.0000e+00
      5.945      0.086     0.1779      1.721     33.207  25.807494    14.4492      7.026   301.3297 4.4585e-01     3.4236      5.832      8.459    14.1387   999.2681 0.0000e+00
      5.964      0.081     0.1783      1.723     33.757  26.192172    14.6981      7.024   300.0682 4.1932e-01     3.5764      5.850      8.485    14.0671   999.2784 0.0000e+00
      5.981      0.076     0.1771      1.709     34.162  26.464554    14.5684      7.023   299.2790 4.1752e-01     3.5151      5.866      8.508    13.9939   999.2889 0.0000e+00
      5.998      0.071     0.1750      1.686     34.507  26.689998    13.0119      7.022   298.7572 4.1282e-01     3.3384      5.882      8.532    13.9217   999.2992 0.0000e+00
      6.016      0.068     0.1726      1.661     34.814  26.887777    10.1579      7.021   298.1468 4.0003e-01     3.0459      5.900      8.557    13.8547   999.3088 0.0000e+00
      6.034      0.068     0.1707      1.641     35.107  27.079422     8.6015      7.018   296.8031 3.8499e-01     2.8621      5.917      8.583    13.7919   999.3176 0.0000e+00
      6.051      0.067     0.1693      1.626     35.508  27.357572     8.4562      7.014   294.2119 3.7225e-01     2.8532      5.935      8.608    13.7313   999.3260 0.0000e+00
      6.068      0.063     0.1686      1.618     36.011  27.713008     8.4351      7.011   290.9078 3.7361e-01     2.8400      5.951      8.631    13.6700   999.3345 0.0000e+00
      6.086      0.057     0.1686      1.616     36.280  27.887406     8.4767      7.009   287.6548 3.7761e-01     2.8342      5.968      8.656    13.6094   999.3429 0.0000e+00
      6.101      0.050     0.1676      1.605     36.224  27.816570     8.5695      7.006   284.1339 3.7417e-01     2.8805      5.985      8.679    13.5611   999.3494 0.0000e+00
      6.113      0.041     0.1666      1.595     36.072  27.681307     8.6113      7.003   280.3437 3.6585e-01     2.8750      5.996      8.697    13.5211   999.3550 0.0000e+00
      6.123      0.031     0.1651      1.580     35.956  27.584309     8.6007      7.001   277.2757 3.5719e-01     2.8341      6.006      8.712    13.4753   999.3613 0.0000e+00
      6.129      0.022     0.1604      1.535     36.050  27.658919     8.5629      7.000   275.2600 3.5928e-01     2.8113      6.012      8.719    13.4281   999.3676 0.0000e+00
      6.132      0.016     0.1562      1.495     36.340  27.885495     8.4932      6.998   273.6956 3.5897e-01     2.7636      6.013      8.721    13.3874   999.3730 0.0000e+00
      6.132      0.014     0.1536      1.469     36.546  28.039742     8.4515      6.996   271.8696 3.4313e-01     2.7156      6.013      8.722    13.3611   999.3764 0.0000e+00
      6.133      0.017     0.1508      1.441     36.597  28.064619     8.4391      6.995   269.0994 3.3240e-01     2.6900      6.014      8.722    13.3495   999.3778 0.0000e+00
      6.136      0.025     0.1492      1.425     36.786  28.186269     8.4299      6.993   265.7554 3.3689e-01     2.7170      6.017      8.727    13.3560   999.3770 0.0000e+00
      6.142      0.036     0.1491      1.424     37.146  28.431943     8.4363      6.989   263.0138 3.3927e-01     2.8112      6.022      8.735    13.3697   999.3754 0.0000e+00
      6.151      0.050     0.1484      1.415     37.286  28.497074     8.4388      6.984   260.8168 3.3390e-01     2.8465      6.031      8.747    13.3649   999.3761 0.0000e+00
