Data/DataNotYetUploadedToEDI/Raw_CTD/RawDownloads/072522_fcr50_S7809002.cnv
* Sea-Bird SBE19plus  Data File:
* FileName = C:\R\Reservoirs\Data\DataNotYetUploadedToEDI\Raw_CTD\RawDownloads\072522_bvr50_S7809_0002.hex
* Software version 2.8.0.119
* Temperature SN = 7809
* Conductivity SN = 7809
* System UpLoad Time = Jul 25 2022 15:14:52
* <ApplicationData>
* <Seaterm232>
# nquan = 15
# nvalues = 2225                        
# units = specified
# name 0 = depFM: Depth [fresh water, m]
# name 1 = dz/dtM: Descent Rate [m/s]
# name 2 = sbeox0Mg/L: Oxygen, SBE 43 [mg/l]
# name 3 = sbeox0PS: Oxygen, SBE 43 [% saturation]
# name 4 = specc: Specific Conductance [uS/cm]
# name 5 = c0uS/cm: Conductivity [uS/cm]
# name 6 = flECO-AFL: Fluorescence, WET Labs ECO-AFL/FL [mg/m^3]
# name 7 = ph: pH
# name 8 = orp: Oxidation Reduction Potential [mV]
# name 9 = par/sat/log: PAR/Logarithmic, Satlantic
# name 10 = turbWETntu0: Turbidity, WET Labs ECO [NTU]
# name 11 = prdM: Pressure, Strain Gauge [db]
# name 12 = prdE: Pressure, Strain Gauge [psi]
# name 13 = tv290C: Temperature [ITS-90, deg C]
# name 14 = flag:  0.000e+00
# span 0 =     -0.647,      9.439       
# span 1 =     -0.291,      0.246       
# span 2 =     0.0372,     7.2009       
# span 3 =      0.366,     92.796       
# span 4 =      0.522,    428.665       
# span 5 =   0.575743, 313.032586       
# span 6 =    -2.1358,   232.6643       
# span 7 =      6.122,      7.746       
# span 8 = -1240.7455,   177.6452       
# span 9 = 1.2342e-01, 2.4358e+03       
# span 10 =    -8.2263,   936.5305      
# span 11 =     -0.635,      9.258      
# span 12 =     -0.921,     13.427      
# span 13 =    11.0273,    30.1331      
# span 14 = 0.0000e+00, 0.0000e+00      
# interval = seconds: 0.25
# start_time = Jul 25 2022 08:51:48 [Instrument's time stamp, header]
# bad_flag = -9.990e-29
*END*
[from data line 290]
      0.962      0.025     3.3186     37.042     36.185  36.886172     2.3699      7.644   162.0119 1.9668e+02     5.1070      0.944      1.369    26.1125 0.0000e+00
      0.964      0.033     3.1856     36.862     36.144  36.815127     2.3647      7.637   162.1324 1.9090e+02     5.1314      0.944      1.369    26.0616 0.0000e+00
      0.973      0.038     3.0970     36.802     36.134  36.784563     2.3463      7.629   162.0966 1.8358e+02     5.2107      0.949      1.377    26.0318 0.0000e+00
      0.992      0.040     3.0372     36.352     36.140  36.770258     2.3219      7.620   162.1818 1.7533e+02     5.3145      0.974      1.412    26.0152 0.0000e+00
      1.010      0.039     2.9966     35.084     36.167  36.768963     2.3028      7.612   162.2158 1.6905e+02     5.3271      0.996      1.444    25.9613 0.0000e+00
      1.019      0.034     2.9885     33.095     36.210  36.768862     2.2982      7.604   162.0777 1.6457e+02     5.2945      0.999      1.450    25.9122 0.0000e+00
      1.024      0.025     3.0021     30.874     36.259  36.768964     2.3242      7.597   161.8880 1.6016e+02     5.2959      1.005      1.458    25.8989 0.0000e+00
      1.028      0.016     2.9844     28.867     36.286  36.770121     2.3687      7.592   161.9015 1.5660e+02     5.3444      1.011      1.465    25.8675 0.0000e+00
      1.030      0.009     2.8775     27.234     36.300  36.782813     2.3786      7.586   162.0689 1.5405e+02     5.3678      1.010      1.464    25.8364 0.0000e+00
      1.030      0.005     2.7019     25.984     36.313  36.795601     2.3601      7.581   162.1915 1.5193e+02     5.3060      1.010      1.465    25.7726 0.0000e+00
      1.031      0.003     2.5103     25.171     36.326  36.797906     2.3610      7.576   162.1789 1.5020e+02     5.2805      1.011      1.466    25.6801 0.0000e+00
      1.032      0.002     2.3455     24.876     36.347  36.810662     2.4069      7.572   162.1739 1.4880e+02     5.3319      1.012      1.468    25.6447 0.0000e+00
      1.032      0.002     2.2128     25.064     36.354  36.822993     2.4731      7.569   162.1321 1.4792e+02     5.3809      1.012      1.468    25.6615 0.0000e+00
      1.032      0.003     2.1090     25.541     36.337  36.820189     2.5036      7.568   162.2759 1.4717e+02     5.3959      1.012      1.468    25.6644 0.0000e+00
      1.032      0.006     2.0396     26.103     36.286  36.776784     2.5026      7.567   162.7078 1.4584e+02     5.3759      1.012      1.468    25.6432 0.0000e+00
      1.033      0.009     2.0168     26.703     36.206  36.678682     2.5274      7.566   162.6215 1.4449e+02     5.4119      1.013      1.469    25.6228 0.0000e+00
      1.035      0.014     2.0387     27.391     36.162  36.585221     2.5869      7.568   162.0075 1.4343e+02     5.5592      1.014      1.470    25.6329 0.0000e+00
      1.040      0.023     2.0839     28.065     36.123  36.471041     2.6224      7.574   161.9948 1.4202e+02     5.6536      1.018      1.478    25.6610 0.0000e+00
      1.047      0.036     2.1303     28.434     36.055  36.312634     2.6151      7.578   162.7268 1.4060e+02     5.5967      1.028      1.490    25.6805 0.0000e+00
      1.052      0.047     2.1751     28.247     36.094  36.255096     2.5905      7.575   163.2002 1.3942e+02     5.5538      1.031      1.495    25.6675 0.0000e+00
      1.063      0.055     2.2372     27.383     36.257  36.345918     2.5737      7.573   163.1587 1.3737e+02     5.6130      1.037      1.502    25.5897 0.0000e+00
      1.086      0.063     2.3077     25.832     36.323  36.396041     2.5702      7.573   162.9993 1.3487e+02     5.6635      1.064      1.542    25.4819 0.0000e+00
      1.113      0.071     2.3508     23.797     36.064  36.163572     2.5732      7.571   163.1662 1.3442e+02     5.6519      1.097      1.591    25.3592 0.0000e+00
      1.128      0.078     2.3443     21.745     35.687  35.754613     2.6605      7.565   163.6267 1.3444e+02     5.5074      1.108      1.607    25.2052 0.0000e+00
      1.139      0.078     2.2799     20.173     35.671  35.573030     2.8263      7.558   163.5767 1.3208e+02     5.2486      1.110      1.611    25.0890 0.0000e+00
      1.160      0.073     2.1481     19.213     35.914  35.616494     2.9135      7.553   163.1634 1.2932e+02     5.1196      1.134      1.644    25.0581 0.0000e+00
      1.188      0.070     1.9618     18.542     35.997  35.582311     2.9163      7.552   163.1040 1.2737e+02     5.1089      1.169      1.695    25.1548 0.0000e+00
      1.210      0.072     1.7733     17.702     35.961  35.476607     2.9426      7.551   163.1170 1.2576e+02     4.9486      1.192      1.729    25.1947 0.0000e+00
      1.221      0.077     1.6493     16.622     35.999  35.416315     2.9907      7.546   162.9765 1.2526e+02     4.6842      1.199      1.739    24.8749 0.0000e+00
      1.229      0.080     1.5919     15.560     36.078  35.360450     3.0152      7.537   163.0398 1.2521e+02     4.6103      1.202      1.743    24.5081 0.0000e+00
      1.248      0.080     1.5579     14.653     36.163  35.308227     3.0306      7.526   163.4529 1.2336e+02     4.6702      1.217      1.767    24.3972 0.0000e+00
      1.278      0.079     1.4913     13.905     36.253  35.291968     3.0432      7.516   163.8408 1.1975e+02     4.6223      1.253      1.818    24.3459 0.0000e+00
      1.310      0.076     1.3900     13.339     36.311  35.290524     3.0765      7.509   163.6861 1.1679e+02     4.4073      1.289      1.870    24.2069 0.0000e+00
      1.333      0.069     1.3048     13.024     36.338  35.290699     3.1423      7.504   163.1307 1.1590e+02     4.1548      1.310      1.901    23.9988 0.0000e+00
      1.345      0.061     1.2335     12.996     36.305  35.230637     3.1810      7.502   162.7181 1.1629e+02     4.0970      1.321      1.916    23.7962 0.0000e+00
      1.352      0.054     1.1737     13.197     36.202  35.071550     3.1861      7.498   162.8279 1.1672e+02     4.1517      1.326      1.924    23.6427 0.0000e+00
      1.357      0.053     1.1243     13.512     36.205  34.952327     3.1711      7.491   163.3390 1.1597e+02     4.0302      1.329      1.928    23.5703 0.0000e+00
      1.367      0.056     1.0956     13.795     36.361  34.930295     3.1416      7.481   163.5638 1.1384e+02     3.7907      1.336      1.938    23.5585 0.0000e+00
      1.385      0.059     1.0972     14.005     36.526  34.931735     3.1291      7.471   163.6536 1.1174e+02     3.6802      1.356      1.967    23.5227 0.0000e+00
      1.409      0.060     1.1174     14.219     36.678  34.969508     3.1357      7.465   163.9937 1.0997e+02     3.6856      1.383      2.006    23.4686 0.0000e+00
      1.432      0.058     1.1548     14.484     36.786  35.006393     3.1471      7.460   163.8903 1.0812e+02     3.6508      1.408      2.043    23.3018 0.0000e+00
      1.446      0.053     1.1863     14.782     36.812  34.997173     3.1503      7.455   163.4366 1.0650e+02     3.5327      1.422      2.063    23.0110 0.0000e+00
      1.453      0.047     1.2051     15.087     36.801  34.984796     3.1404      7.450   163.3252 1.0525e+02     3.4523      1.424      2.065    22.7853 0.0000e+00
      1.459      0.042     1.2258     15.367     36.774  34.983566     3.1362      7.443   163.4037 1.0364e+02     3.4650      1.429      2.072    22.6467 0.0000e+00
      1.468      0.037     1.2517     15.600     36.749  34.982339     3.1403      7.436   163.9563 1.0174e+02     3.4816      1.440      2.088    22.5633 0.0000e+00
      1.479      0.036     1.2795     15.783     36.737  34.969992     3.1399      7.431   164.8443 1.0048e+02     3.4819      1.450      2.103    22.5125 0.0000e+00
      1.492      0.037     1.3066     15.903     36.745  34.961096     3.1320      7.429   165.1930 9.9401e+01     3.4687      1.464      2.123    22.5110 0.0000e+00
      1.503      0.040     1.3310     15.963     36.829  35.001570     3.1285      7.426   165.5048 9.8044e+01     3.4244      1.476      2.140    22.5617 0.0000e+00
      1.509      0.041     1.3489     15.987     37.030  35.078855     3.1389      7.421   165.7743 9.6449e+01     3.3560      1.479      2.144    22.6060 0.0000e+00
      1.516      0.041     1.3663     15.975     37.289  35.134490     3.1487      7.414   165.3544 9.4684e+01     3.2909      1.485      2.153    22.5983 0.0000e+00
      1.528      0.040     1.3774     15.944     37.504  35.166692     3.1478      7.408   165.1594 9.3101e+01     3.2527      1.496      2.171    22.5633 0.0000e+00
      1.544      0.038     1.3814     15.949     37.654  35.214329     3.1450      7.404   165.7400 9.1683e+01     3.2014      1.515      2.198    22.5552 0.0000e+00
      1.557      0.037     1.3878     16.059     37.769  35.266483     3.1477      7.401   166.3518 9.0565e+01     3.1488      1.531      2.220    22.4160 0.0000e+00
      1.564      0.036     1.3952     16.262     37.868  35.289931     3.1797      7.397   166.5336 8.9994e+01     3.1278      1.534      2.225    22.0874 0.0000e+00
      1.568      0.033     1.3978     16.494     37.977  35.307512     3.2329      7.393   166.3901 9.0309e+01     3.0851      1.535      2.226    21.8265 0.0000e+00
      1.574      0.031     1.3973     16.719     38.098  35.352115     3.2509      7.391   166.2511 9.1137e+01     3.0084      1.542      2.237    21.7394 0.0000e+00
      1.584      0.031     1.4089     16.907     38.253  35.448668     3.2469      7.390   166.0572 9.1107e+01     2.9520      1.553      2.254    21.6945 0.0000e+00
      1.593      0.034     1.4324     17.045     38.460  35.587133     3.2592      7.387   165.7662 9.0450e+01     2.9498      1.563      2.267    21.6021 0.0000e+00
      1.601      0.037     1.4570     17.124     38.653  35.694588     3.2915      7.383   165.8307 9.0176e+01     2.9817      1.570      2.277    21.4685 0.0000e+00
      1.610      0.037     1.4808     17.133     38.776  35.733231     3.3215      7.379   166.3215 8.9591e+01     3.0302      1.578      2.288    21.3740 0.0000e+00
      1.621      0.035     1.4988     17.122     38.849  35.737201     3.3137      7.375   166.8816 8.8555e+01     3.0242      1.589      2.305    21.3362 0.0000e+00
      1.632      0.032     1.5127     17.144     38.904  35.742507     3.2628      7.370   166.4082 8.8679e+01     2.9096      1.601      2.323    21.2724 0.0000e+00
      1.642      0.027     1.5244     17.187     38.926  35.733906     3.2063      7.366   165.1570 9.0511e+01     2.8047      1.612      2.338    21.1697 0.0000e+00
      1.648      0.021     1.5259     17.223     38.903  35.696582     3.1884      7.363   164.7457 9.2485e+01     2.8147      1.617      2.345    21.0656 0.0000e+00
      1.650      0.014     1.5249     17.261     38.881  35.671676     3.1958      7.360   164.8765 9.3480e+01     2.8602      1.619      2.347    20.9798 0.0000e+00
      1.652      0.009     1.5297     17.299     38.894  35.686407     3.2212      7.357   165.1904 9.3937e+01     2.8777      1.620      2.349    20.9239 0.0000e+00
      1.652      0.005     1.5361     17.313     38.885  35.684465     3.2711      7.353   165.6163 9.3862e+01     2.9232      1.620      2.350    20.8900 0.0000e+00
      1.653      0.002     1.5387     17.297     38.837  35.648199     3.2998      7.351   165.2936 9.3588e+01     2.9658      1.621      2.351    20.8689 0.0000e+00
      1.653      0.002     1.5425     17.272     38.809  35.628401     3.3012      7.348   164.3852 9.4459e+01     2.9838      1.621      2.352    20.8651 0.0000e+00
      1.653      0.002     1.5469     17.256     38.815  35.635322     3.3295      7.348   163.4094 9.6343e+01     2.9358      1.622      2.351    20.8703 0.0000e+00
      1.653      0.006     1.5481     17.250     38.925  35.731890     3.3675      7.353   162.8729 9.7726e+01     2.7944      1.621      2.352    20.8772 0.0000e+00
      1.653      0.016     1.5452     17.249     39.209  35.971639     3.3699      7.359   163.5780 9.7832e+01     2.7430      1.622      2.352    20.8925 0.0000e+00
      1.654      0.030     1.5418     17.247     39.502  36.187844     3.3667      7.358   164.7940 9.7469e+01     2.7921      1.621      2.353    20.9016 0.0000e+00
      1.657      0.042     1.5411     17.239     39.657  36.253344     3.3786      7.352   165.3565 9.7339e+01     2.8078      1.622      2.352    20.8998 0.0000e+00
      1.672      0.049     1.5402     17.207     39.727  36.256192     3.4223      7.347   165.3890 9.5689e+01     2.7961      1.632      2.366    20.8984 0.0000e+00
      1.699      0.054     1.5414     17.156     39.789  36.285601     3.4948      7.345   165.4449 9.2569e+01     2.7874      1.669      2.421    20.8831 0.0000e+00
      1.723      0.057     1.5426     17.099     39.941  36.418650     3.5323      7.342   165.7747 9.1260e+01     2.8047      1.699      2.463    20.8152 0.0000e+00
      1.732      0.055     1.5471     17.040     40.147  36.596608     3.5430      7.336   165.8489 9.2153e+01     2.8352      1.699      2.464    20.6950 0.0000e+00
      1.737      0.048     1.5463     17.000     40.247  36.661678     3.5820      7.329   166.0841 9.2572e+01     2.7803      1.700      2.466    20.6063 0.0000e+00
      1.747      0.038     1.5414     16.969     40.252  36.634663     3.6376      7.324   166.9839 9.1039e+01     2.6198      1.711      2.482    20.5831 0.0000e+00
      1.763      0.031     1.5374     16.939     40.227  36.586992     3.6656      7.319   167.4361 8.9114e+01     2.4998      1.732      2.511    20.5891 0.0000e+00
      1.774      0.027     1.5298     16.919     40.256  36.592576     3.6632      7.314   167.1641 8.8627e+01     2.5244      1.744      2.529    20.5844 0.0000e+00
      1.778      0.024     1.5290     16.920     40.401  36.702148     3.6752      7.309   166.7066 8.8988e+01     2.6434      1.744      2.529    20.5415 0.0000e+00
      1.779      0.021     1.5277     16.926     40.656  36.897157     3.7105      7.308   166.4638 8.9191e+01     2.6751      1.745      2.531    20.4980 0.0000e+00
      1.781      0.023     1.5255     16.907     41.036  37.174757     3.7238      7.308   166.8956 8.9025e+01     2.5671      1.746      2.532    20.4689 0.0000e+00
      1.785      0.030     1.5241     16.882     41.391  37.395042     3.7189      7.306   167.8831 8.8725e+01     2.4976      1.749      2.537    20.4434 0.0000e+00
      1.791      0.040     1.5243     16.855     41.587  37.467744     3.7511      7.302   168.3372 8.8324e+01     2.5866      1.754      2.544    20.4235 0.0000e+00
      1.802      0.047     1.5292     16.820     41.687  37.482903     3.8133      7.298   168.0840 8.6915e+01     2.7553      1.764      2.558    20.3842 0.0000e+00
      1.822      0.052     1.5270     16.819     41.778  37.514809     3.8389      7.297   168.0905 8.4609e+01     2.8292      1.785      2.589    20.3129 0.0000e+00
      1.843      0.054     1.5293     16.884     41.913  37.599790     3.8436      7.294   168.1587 8.3074e+01     2.7969      1.812      2.627    20.1701 0.0000e+00
      1.857      0.052     1.5326     16.995     41.982  37.622509     3.9210      7.290   167.9624 8.2755e+01     2.7072      1.825      2.647    20.0206 0.0000e+00
      1.865      0.047     1.5295     17.117     41.999  37.599199     4.0589      7.287   168.0403 8.2327e+01     2.5980      1.826      2.649    19.9459 0.0000e+00
      1.876      0.042     1.5298     17.232     42.136  37.698403     4.1459      7.284   168.4117 8.1449e+01     2.5696      1.838      2.665    19.8847 0.0000e+00
      1.888      0.038     1.5379     17.322     42.290  37.807272     4.1566      7.280   168.4947 8.1137e+01     2.5690      1.854      2.690    19.8527 0.0000e+00
      1.895      0.038     1.5514     17.393     42.364  37.837390     4.1390      7.276   168.3562 8.1321e+01     2.5218      1.858      2.696    19.8083 0.0000e+00
