Data/DataNotYetUploadedToEDI/Raw_CTD/RawDownloads/072519_bvr50_c.cnv
* Sea-Bird SBE19plus  Data File:
* FileName = C:\DATA\MSN2_CTD_CASTS_072419\072519_bvr50_c_0001.hex
* Software version 2.8.0.119 SB_Terminal.dll
* Temperature SN = 7809
* Conductivity SN = 7809
* System UpLoad Time = Jul 25 2019 11:39:00
* <ApplicationData>
* <Seaterm232>
# nquan = 16
# nvalues = 844                         
# units = specified
# name 0 = depFM: Depth [fresh water, m]
# name 1 = dz/dtM: Descent Rate [m/s]
# name 2 = sbeox0Mg/L: Oxygen, SBE 43 [mg/l]
# name 3 = sbeox0PS: Oxygen, SBE 43 [% saturation]
# name 4 = specc: Specific Conductance [uS/cm]
# name 5 = c0uS/cm: Conductivity [uS/cm]
# name 6 = flECO-AFL: Fluorescence, WET Labs ECO-AFL/FL [mg/m^3]
# name 7 = ph: pH
# name 8 = orp: Oxidation Reduction Potential [mV]
# name 9 = par/sat/log: PAR/Logarithmic, Satlantic
# name 10 = turbWETntu0: Turbidity, WET Labs ECO [NTU]
# name 11 = prdM: Pressure, Strain Gauge [db]
# name 12 = prdE: Pressure, Strain Gauge [psi]
# name 13 = tv290C: Temperature [ITS-90, deg C]
# name 14 = density00: Density [density, kg/m^3]
# name 15 = flag:  0.000e+00
# span 0 =     -0.617,     10.322       
# span 1 =     -0.189,      0.243       
# span 2 =     0.0162,     8.3977       
# span 3 =      0.163,    104.005       
# span 4 =      0.539,    140.966       
# span 5 =   0.549295,  94.913668       
# span 6 =    -0.3855,    13.5550       
# span 7 =      4.730,      9.087       
# span 8 = -1240.7455,   574.4267       
# span 9 = 1.2343e-01, 2.3690e+03       
# span 10 =    -0.5660,   149.8830      
# span 11 =     -0.605,     10.123      
# span 12 =     -0.878,     14.682      
# span 13 =     8.5992,    26.3755      
# span 14 =   996.7013,   999.9103      
# span 15 = 0.0000e+00, 0.0000e+00      
# interval = seconds: 0.25
# start_time = Jul 25 2019 11:31:30 [Instrument's time stamp, header]
# bad_flag = -9.990e-29
*END*
[from data line 272]
     -0.378     -0.031     7.3486     91.180     27.589  28.344504     1.1197      7.286   313.4721 1.7871e+03   109.9638     -0.380     -0.551    26.3544   996.7048 0.0000e+00
     -0.362      0.017     7.3180     90.800     27.565  28.319231     1.2086      7.281   313.7693 1.7862e+03   146.8497     -0.354     -0.515    26.3584   996.7038 0.0000e+00
     -0.341      0.060     7.2926     90.483     27.552  28.305407     1.2092      7.274   309.2615 1.7799e+03   149.8830     -0.334     -0.484    26.3606   996.7033 0.0000e+00
     -0.321      0.093     7.2713     90.217     27.552  28.304254     1.2049      7.268   300.1805 1.7737e+03   146.8358     -0.316     -0.459    26.3618   996.7030 0.0000e+00
     -0.298      0.116     7.2519     89.972     27.554  28.305284     1.1559      7.267   295.1737 1.7767e+03   109.7768     -0.295     -0.429    26.3625   996.7029 0.0000e+00
     -0.267      0.135     7.2371     89.782     27.568  28.317849     1.0504      7.266   294.3259 1.7825e+03    41.7526     -0.264     -0.383    26.3621   996.7031 0.0000e+00
     -0.227      0.155     7.2333     89.726     27.582  28.329280     0.9874      7.266   293.6299 1.7805e+03     4.6141     -0.223     -0.323    26.3607   996.7037 0.0000e+00
     -0.185      0.173     7.2402     89.801     27.573  28.316600     0.9751      7.268   292.7804 1.7713e+03     1.2090     -0.183     -0.266    26.3592   996.7043 0.0000e+00
     -0.138      0.185     7.2504     89.917     27.552  28.291434     0.9718      7.270   292.1427 1.7567e+03     0.9751     -0.139     -0.202    26.3576   996.7049 0.0000e+00
     -0.083      0.190     7.2590     90.016     27.542  28.278764     0.9817      7.270   291.6844 1.6839e+03     1.0648     -0.082     -0.119    26.3537   996.7062 0.0000e+00
     -0.026      0.189     7.2639     90.071     27.556  28.290300     0.9909      7.269   291.1967 1.6747e+03     1.1138     -0.022     -0.032    26.3473   996.7083 0.0000e+00
      0.024      0.187     7.2624     90.048     27.571  28.304019     0.9881      7.264   290.9775 1.5062e+03     1.1408      0.027      0.039    26.3406   996.7102 0.0000e+00
      0.067      0.188     7.2569     89.975     27.586  28.317747     1.0254      7.256   291.3580 1.0457e+03     1.1633      0.067      0.097    26.3344   996.7121 0.0000e+00
      0.107      0.194     7.2536     89.930     27.598  28.329385     1.1134      7.248   292.0111 7.9001e+02     1.1557      0.106      0.153    26.3292   996.7137 0.0000e+00
      0.148      0.208     7.2554     89.946     27.588  28.317850     1.1667      7.242   292.3348 6.4113e+02     1.1474      0.143      0.207    26.3254   996.7148 0.0000e+00
      0.197      0.225     7.2609     90.011     27.578  28.305163     1.1673      7.240   292.2608 5.0163e+02     1.1612      0.187      0.272    26.3227   996.7158 0.0000e+00
      0.261      0.238     7.2648     90.055     27.577  28.302865     1.1726      7.240   292.1487 5.1297e+02     1.1579      0.251      0.363    26.3201   996.7168 0.0000e+00
      0.337      0.241     7.2628     90.026     27.566  28.290064     1.2045      7.241   292.1837 5.1434e+02     1.1079      0.330      0.478    26.3173   996.7179 0.0000e+00
      0.415      0.231     7.2604     89.991     27.555  28.277269     1.2323      7.242   292.2543 4.8363e+02     1.0814      0.412      0.599    26.3147   996.7190 0.0000e+00
      0.481      0.211     7.2651     90.044     27.555  28.275055     1.2408      7.241   292.3135 4.1274e+02     1.0996      0.480      0.695    26.3121   996.7200 0.0000e+00
      0.529      0.184     7.2742     90.150     27.546  28.263292     1.2458      7.241   292.3839 2.6957e+02     1.0984      0.524      0.759    26.3093   996.7209 0.0000e+00
      0.562      0.156     7.2832     90.254     27.547  28.261931     1.2754      7.241   292.4170 1.6433e+02     1.1001      0.553      0.803    26.3067   996.7218 0.0000e+00
      0.590      0.135     7.2913     90.348     27.546  28.258594     1.3304      7.238   292.5416 1.3433e+02     1.1205      0.579      0.839    26.3045   996.7225 0.0000e+00
      0.616      0.123     7.3000     90.448     27.514  28.222938     1.3558      7.232   292.7722 1.1930e+02     1.0822      0.604      0.876    26.3012   996.7235 0.0000e+00
      0.646      0.121     7.3096     90.558     27.505  28.211490     1.3479      7.227   292.9677 1.1149e+02     1.0305      0.633      0.918    26.2964   996.7249 0.0000e+00
      0.679      0.124     7.3182     90.656     27.543  28.247059     1.3735      7.223   293.0990 1.0817e+02     1.0523      0.666      0.965    26.2915   996.7264 0.0000e+00
      0.711      0.127     7.3237     90.716     27.570  28.272324     1.4314      7.221   293.1546 1.0765e+02     1.0835      0.697      1.011    26.2877   996.7275 0.0000e+00
      0.744      0.126     7.3259     90.736     27.563  28.263182     1.4587      7.220   293.1246 1.0841e+02     1.0800      0.728      1.056    26.2831   996.7288 0.0000e+00
      0.780      0.118     7.3269     90.741     27.566  28.263409     1.4602      7.221   292.9933 1.0854e+02     1.0750      0.763      1.107    26.2771   996.7306 0.0000e+00
      0.816      0.105     7.3279     90.748     27.579  28.275059     1.4672      7.223   292.8577 1.0822e+02     1.0885      0.802      1.163    26.2716   996.7323 0.0000e+00
      0.845      0.091     7.3283     90.748     27.583  28.277158     1.4743      7.225   292.8620 1.0689e+02     1.1134      0.834      1.210    26.2668   996.7338 0.0000e+00
      0.863      0.079     7.3261     90.718     27.595  28.288778     1.4770      7.225   292.9592 1.0441e+02     1.1134      0.850      1.233    26.2627   996.7349 0.0000e+00
      0.873      0.071     7.3216     90.660     27.596  28.288663     1.4819      7.225   293.0006 1.0071e+02     1.0880      0.856      1.241    26.2587   996.7360 0.0000e+00
      0.882      0.067     7.3177     90.611     27.583  28.275766     1.5165      7.226   293.1047 9.5546e+01     1.0695      0.863      1.252    26.2550   996.7370 0.0000e+00
      0.897      0.068     7.3179     90.613     27.568  28.259732     1.5742      7.226   293.2717 9.0035e+01     1.0529      0.876      1.271    26.2525   996.7377 0.0000e+00
      0.918      0.073     7.3225     90.668     27.531  28.221683     1.5992      7.225   293.2985 8.4500e+01     1.0510      0.899      1.304    26.2506   996.7384 0.0000e+00
      0.942      0.075     7.3263     90.714     27.507  28.196402     1.5932      7.225   293.2570 7.9410e+01     1.0792      0.925      1.341    26.2495   996.7388 0.0000e+00
      0.965      0.072     7.3252     90.697     27.519  28.207842     1.6050      7.224   293.2859 7.5032e+01     1.0996      0.946      1.374    26.2489   996.7390 0.0000e+00
      0.986      0.064     7.3225     90.661     27.545  28.233105     1.6375      7.223   293.4754 7.1856e+01     1.1016      0.969      1.405    26.2482   996.7393 0.0000e+00
      1.002      0.052     7.3222     90.656     27.560  28.248072     1.6570      7.223   293.6558 7.0255e+01     1.1029      0.988      1.431    26.2474   996.7397 0.0000e+00
      1.011      0.037     7.3217     90.650     27.574  28.261913     1.6587      7.223   293.5747 6.9972e+01     1.1148      0.993      1.439    26.2464   996.7399 0.0000e+00
      1.017      0.022     7.3208     90.641     27.584  28.273562     1.6494      7.223   293.3543 7.0700e+01     1.1152      0.996      1.444    26.2447   996.7403 0.0000e+00
      1.023      0.010     7.3233     90.673     27.572  28.262036     1.6228      7.223   293.3147 7.1307e+01     1.1076      1.005      1.458    26.2430   996.7408 0.0000e+00
      1.023      0.004     7.3284     90.738     27.559  28.249443     1.5970      7.223   293.4399 7.1651e+01     1.1205      1.005      1.458    26.2424   996.7410 0.0000e+00
      1.018      0.002     7.3330     90.798     27.558  28.248194     1.5896      7.224   293.4912 7.2242e+01     1.1076      0.998      1.447    26.2424   996.7410 0.0000e+00
      1.013      0.006     7.3377     90.858     27.556  28.246937     1.5940      7.224   293.5907 7.2535e+01     1.0823      0.992      1.439    26.2432   996.7408 0.0000e+00
      1.013      0.017     7.3427     90.922     27.543  28.234239     1.6152      7.221   293.9549 7.2862e+01     1.0771      0.991      1.439    26.2444   996.7404 0.0000e+00
      1.018      0.034     7.3457     90.960     27.529  28.221560     1.6467      7.216   294.3673 7.3031e+01     1.0785      0.998      1.447    26.2453   996.7402 0.0000e+00
      1.027      0.052     7.3448     90.950     27.528  28.220521     1.6619      7.211   294.4474 7.1712e+01     1.0989      1.006      1.458    26.2468   996.7399 0.0000e+00
      1.042      0.065     7.3404     90.895     27.529  28.221684     1.6609      7.208   294.3211 6.9263e+01     1.0930      1.017      1.475    26.2484   996.7395 0.0000e+00
      1.067      0.071     7.3351     90.829     27.544  28.235621     1.6699      7.208   294.3028 6.6514e+01     1.0405      1.045      1.515    26.2497   996.7393 0.0000e+00
      1.096      0.070     7.3310     90.776     27.571  28.262142     1.6923      7.207   294.3986 6.3806e+01     1.0220      1.079      1.564    26.2507   996.7391 0.0000e+00
      1.120      0.065     7.3259     90.710     27.597  28.288560     1.7065      7.207   294.5331 6.1380e+01     1.0651      1.103      1.600    26.2512   996.7391 0.0000e+00
      1.134      0.056     7.3141     90.563     27.610  28.301250     1.7120      7.208   294.7235 5.9438e+01     1.1032      1.116      1.618    26.2510   996.7392 0.0000e+00
      1.139      0.046     7.2976     90.360     27.597  28.288685     1.7147      7.208   294.9803 5.8157e+01     1.0887      1.117      1.619    26.2502   996.7394 0.0000e+00
      1.145      0.039     7.2857     90.218     27.571  28.263536     1.7134      7.207   295.2284 5.7307e+01     1.0537      1.122      1.625    26.2485   996.7399 0.0000e+00
      1.154      0.035     7.2825     90.184     27.556  28.250961     1.7131      7.206   295.4870 5.6849e+01     1.0405      1.132      1.642    26.2468   996.7404 0.0000e+00
      1.164      0.035     7.2823     90.187     27.567  28.263536     1.7196      7.204   295.6971 5.6987e+01     1.0600      1.141      1.656    26.2459   996.7407 0.0000e+00
      1.175      0.036     7.2816     90.181     27.590  28.288686     1.7405      7.204   295.7037 5.7465e+01     1.0937      1.153      1.672    26.2470   996.7405 0.0000e+00
      1.186      0.037     7.2853     90.230     27.602  28.301260     1.7660      7.203   295.7388 5.7952e+01     1.0871      1.163      1.687    26.2507   996.7395 0.0000e+00
      1.195      0.040     7.2955     90.356     27.589  28.288676     1.7685      7.202   296.0361 5.8421e+01     1.0783      1.172      1.699    26.2546   996.7385 0.0000e+00
      1.202      0.045     7.3056     90.481     27.565  28.263422     1.7615      7.201   296.2862 5.8748e+01     1.1190      1.178      1.708    26.2574   996.7378 0.0000e+00
      1.210      0.049     7.3086     90.513     27.553  28.249703     1.7680      7.200   296.3542 5.8853e+01     1.1202      1.183      1.716    26.2596   996.7372 0.0000e+00
      1.223      0.052     7.3048     90.460     27.555  28.249693     1.7612      7.200   296.4278 5.8686e+01     1.0607      1.196      1.735    26.2610   996.7369 0.0000e+00
      1.243      0.053     7.2993     90.387     27.570  28.263308     1.7304      7.200   296.4878 5.8363e+01     1.0220      1.218      1.768    26.2612   996.7369 0.0000e+00
      1.263      0.053     7.2956     90.335     27.596  28.287418     1.7078      7.199   296.5638 5.8006e+01     1.0128      1.241      1.801    26.2605   996.7372 0.0000e+00
      1.276      0.051     7.2978     90.359     27.597  28.287417     1.7056      7.199   296.6584 5.7491e+01     1.0138      1.253      1.818    26.2583   996.7378 0.0000e+00
      1.284      0.048     7.3070     90.470     27.575  28.263297     1.7213      7.201   296.6859 5.6849e+01     1.0348      1.259      1.825    26.2547   996.7388 0.0000e+00
      1.293      0.046     7.3173     90.597     27.561  28.249569     1.7408      7.202   296.8095 5.6202e+01     1.0702      1.267      1.838    26.2509   996.7399 0.0000e+00
      1.304      0.050     7.3262     90.707     27.560  28.248322     1.7507      7.200   297.1205 5.5695e+01     1.1143      1.278      1.855    26.2475   996.7409 0.0000e+00
      1.314      0.059     7.3348     90.813     27.560  28.248208     1.7626      7.197   297.4344 5.5353e+01     1.1415      1.288      1.869    26.2451   996.7417 0.0000e+00
      1.328      0.072     7.3421     90.901     27.561  28.248198     1.7551      7.195   297.6802 5.5238e+01     1.1048      1.299      1.885    26.2432   996.7422 0.0000e+00
      1.348      0.083     7.3478     90.967     27.562  28.248197     1.7287      7.193   297.8549 5.5334e+01     1.0633      1.319      1.913    26.2425   996.7424 0.0000e+00
      1.374      0.090     7.3519     91.013     27.564  28.248197     1.7214      7.192   297.8256 5.5299e+01     1.0657      1.346      1.952    26.2429   996.7424 0.0000e+00
      1.403      0.093     7.3542     91.036     27.566  28.248197     1.7185      7.192   297.6706 5.5167e+01     1.0683      1.376      1.995    26.2426   996.7426 0.0000e+00
      1.433      0.092     7.3568     91.061     27.567  28.248187     1.7110      7.192   297.6155 5.5230e+01     1.0624      1.407      2.040    26.2409   996.7432 0.0000e+00
      1.458      0.088     7.3618     91.116     27.569  28.248073     1.7093      7.192   297.6750 5.5441e+01     1.0590      1.433      2.077    26.2386   996.7440 0.0000e+00
      1.476      0.083     7.3652     91.148     27.572  28.246815     1.7066      7.191   297.8736 5.5580e+01     1.0609      1.448      2.100    26.2356   996.7448 0.0000e+00
      1.491      0.080     7.3635     91.112     27.564  28.232972     1.7036      7.190   298.2106 5.5601e+01     1.0527      1.460      2.119    26.2318   996.7459 0.0000e+00
      1.508      0.080     7.3589     91.037     27.545  28.207585     1.7089      7.187   298.5658 5.5593e+01     1.0573      1.477      2.142    26.2283   996.7469 0.0000e+00
      1.529      0.085     7.3534     90.948     27.537  28.193639     1.7176      7.182   298.8991 5.5583e+01     1.0838      1.498      2.174    26.2247   996.7480 0.0000e+00
      1.552      0.095     7.3494     90.878     27.542  28.191228     1.7137      7.176   299.1427 5.5628e+01     1.0786      1.522      2.208    26.2191   996.7496 0.0000e+00
      1.576      0.107     7.3477     90.837     27.536  28.178416     1.7053      7.171   299.2745 5.5752e+01     1.0271      1.545      2.240    26.2095   996.7522 0.0000e+00
      1.602      0.121     7.3455     90.786     27.531  28.165612     1.7109      7.167   299.3747 5.5862e+01     0.9857      1.569      2.275    26.1971   996.7557 0.0000e+00
      1.633      0.132     7.3398     90.689     27.538  28.163295     1.7464      7.165   299.4936 5.5834e+01     1.0046      1.600      2.319    26.1849   996.7591 0.0000e+00
      1.672      0.141     7.3330     90.571     27.536  28.150390     1.7974      7.164   299.5934 5.5831e+01     1.0261      1.639      2.376    26.1729   996.7625 0.0000e+00
      1.714      0.145     7.3287     90.482     27.534  28.136445     1.8247      7.165   299.5491 5.5979e+01     1.0155      1.680      2.437    26.1605   996.7660 0.0000e+00
      1.756      0.141     7.3256     90.412     27.530  28.121565     1.8335      7.165   299.3882 5.6036e+01     1.0410      1.723      2.499    26.1475   996.7697 0.0000e+00
      1.796      0.129     7.3228     90.352     27.515  28.097342     1.8252      7.165   299.2830 5.6081e+01     1.0715      1.763      2.558    26.1311   996.7742 0.0000e+00
