Data/DataNotYetUploadedToEDI/Raw_CTD/RawDownloads/072522_bvr50_S7809001.cnv
* Sea-Bird SBE19plus  Data File:
* FileName = C:\R\Reservoirs\Data\DataNotYetUploadedToEDI\Raw_CTD\RawDownloads\072522_bvr50_S7809_0001.hex
* Software version 2.8.0.119
* Temperature SN = 7809
* Conductivity SN = 7809
* System UpLoad Time = Jul 25 2022 15:13:55
* <ApplicationData>
* <Seaterm232>
# nquan = 15
# nvalues = 1518                        
# units = specified
# name 0 = depFM: Depth [fresh water, m]
# name 1 = dz/dtM: Descent Rate [m/s]
# name 2 = sbeox0Mg/L: Oxygen, SBE 43 [mg/l]
# name 3 = sbeox0PS: Oxygen, SBE 43 [% saturation]
# name 4 = specc: Specific Conductance [uS/cm]
# name 5 = c0uS/cm: Conductivity [uS/cm]
# name 6 = flECO-AFL: Fluorescence, WET Labs ECO-AFL/FL [mg/m^3]
# name 7 = ph: pH
# name 8 = orp: Oxidation Reduction Potential [mV]
# name 9 = par/sat/log: PAR/Logarithmic, Satlantic
# name 10 = turbWETntu0: Turbidity, WET Labs ECO [NTU]
# name 11 = prdM: Pressure, Strain Gauge [db]
# name 12 = prdE: Pressure, Strain Gauge [psi]
# name 13 = tv290C: Temperature [ITS-90, deg C]
# name 14 = flag:  0.000e+00
# span 0 =     -0.728,      7.286       
# span 1 =     -0.297,      0.253       
# span 2 =     0.0418,     7.8804       
# span 3 =      0.407,    100.508       
# span 4 =      0.229,    122.212       
# span 5 =   0.250771,  85.788599       
# span 6 =    -0.1924,    31.5761       
# span 7 =      5.871,      8.366       
# span 8 = -1240.7455,   289.1984       
# span 9 = 1.2348e-01, 5.7897e+02       
# span 10 =    -1.9764,    51.8585      
# span 11 =     -0.715,      7.145      
# span 12 =     -1.036,     10.363      
# span 13 =    10.0226,    29.6519      
# span 14 = 0.0000e+00, 0.0000e+00      
# interval = seconds: 0.25
# start_time = Jul 25 2022 07:02:03 [Instrument's time stamp, header]
# bad_flag = -9.990e-29
*END*
[from data line 1350]
      2.217     -0.056     0.0591      0.567     49.489  38.444748    10.4202      7.390  -120.4012 3.8881e+01     3.0789      2.174      3.153    12.8389 0.0000e+00
      2.211     -0.068     0.0578      0.580     47.891  37.493294    10.4190      7.390  -119.7136 3.9397e+01     3.0064      2.172      3.150    13.1085 0.0000e+00
      2.197     -0.087     0.0556      0.620     46.831  36.900255    10.3979      7.389  -118.9983 4.0537e+01     3.0046      2.159      3.132    13.3362 0.0000e+00
      2.171     -0.108     0.0578      0.667     45.406  35.967502    10.2658      7.386  -118.0338 4.2132e+01     3.0575      2.132      3.092    13.5316 0.0000e+00
      2.135     -0.127     0.0596      0.714     43.906  34.966704    10.0368      7.383  -117.2583 4.4267e+01     3.1327      2.095      3.039    13.8393 0.0000e+00
      2.093     -0.139     0.0572      0.772     43.490  34.819006     9.9263      7.382  -116.6768 4.6937e+01     3.1960      2.054      2.978    14.1728 0.0000e+00
      2.049     -0.141     0.0637      0.840     43.631  35.069762     9.9367      7.381  -115.8217 4.9443e+01     3.2084      2.010      2.913    14.4153 0.0000e+00
      2.009     -0.136     0.0681      0.938     43.459  35.018487    10.1044      7.381  -114.6618 5.1371e+01     3.1802      1.967      2.854    14.6022 0.0000e+00
      1.976     -0.126     0.0712      1.063     43.315  34.960090    10.4398      7.381  -113.4942 5.3096e+01     3.1630      1.935      2.807    14.8153 0.0000e+00
      1.948     -0.115     0.0782      1.184     43.239  34.934454    10.6374      7.381  -112.4594 5.4727e+01     3.1709      1.909      2.769    15.0503 0.0000e+00
      1.923     -0.105     0.0829      1.306     42.929  34.708565    10.6709      7.382  -111.3571 5.6252e+01     3.2067      1.887      2.735    15.2103 0.0000e+00
      1.900     -0.096     0.0924      1.441     42.404  34.321405    10.7690      7.383  -110.1469 5.7766e+01     3.2542      1.864      2.703    15.2924 0.0000e+00
      1.875     -0.090     0.1072      1.584     41.598  33.740839    10.9414      7.383  -109.0977 5.9186e+01     3.3367      1.838      2.667    15.3627 0.0000e+00
      1.852     -0.085     0.1185      1.738     40.457  32.951799    11.0412      7.382  -107.9629 6.0410e+01     3.4185      1.815      2.632    15.3998 0.0000e+00
      1.831     -0.081     0.1293      1.883     39.406  32.326476    11.0681      7.381  -106.5793 6.1492e+01     3.4234      1.795      2.603    15.4152 0.0000e+00
      1.812     -0.076     0.1446      2.008     38.861  32.140288    11.1921      7.378  -105.1023 6.2671e+01     3.3954      1.776      2.576    15.4501 0.0000e+00
      1.793     -0.071     0.1564      2.116     38.747  32.222597    11.4079      7.375  -103.6122 6.3809e+01     3.3878      1.758      2.550    15.5309 0.0000e+00
      1.776     -0.064     0.1737      2.243     38.843  32.370870    11.5144      7.372  -102.3287 6.4685e+01     3.3990      1.741      2.526    15.6688 0.0000e+00
      1.758     -0.058     0.1864      2.442     38.884  32.411494    11.5218      7.369  -101.3715 6.5380e+01     3.4284      1.725      2.502    15.9915 0.0000e+00
      1.741     -0.054     0.1973      2.741     38.661  32.206570    11.5311      7.369  -100.4700 6.5876e+01     3.4358      1.705      2.472    16.4068 0.0000e+00
      1.730     -0.053     0.2061      3.173     38.428  31.985346    11.4598      7.368   -98.9141 6.6163e+01     3.3868      1.694      2.457    16.6316 0.0000e+00
      1.723     -0.055     0.2147      3.687     38.486  32.019091    11.3096      7.367   -96.6701 6.6503e+01     3.3476      1.692      2.453    16.6890 0.0000e+00
      1.713     -0.059     0.2354      4.180     38.666  32.170755    11.2301      7.367   -94.2459 6.7114e+01     3.3726      1.683      2.441    16.6798 0.0000e+00
      1.696     -0.064     0.2607      4.601     38.744  32.234104    11.2394      7.366   -91.1989 6.7934e+01     3.4154      1.665      2.415    16.6574 0.0000e+00
      1.676     -0.069     0.3056      4.917     38.658  32.151034    11.3144      7.364   -87.5341 6.9165e+01     3.3526      1.643      2.384    16.6048 0.0000e+00
      1.654     -0.071     0.3617      5.147     38.403  31.927149    11.4375      7.363   -84.4373 7.0954e+01     3.1939      1.622      2.353    16.5814 0.0000e+00
      1.633     -0.070     0.4090      5.322     38.012  31.619322    11.5038      7.362   -82.1487 7.2317e+01     3.1020      1.600      2.320    16.6030 0.0000e+00
      1.614     -0.067     0.4527      5.431     37.280  31.091917    11.5243      7.360   -79.9087 7.2842e+01     3.1300      1.581      2.294    16.5999 0.0000e+00
      1.600     -0.065     0.4827      5.456     36.180  30.368621    11.7273      7.358   -77.5735 7.3421e+01     3.1900      1.568      2.275    16.5827 0.0000e+00
      1.588     -0.064     0.5028      5.406     35.237  29.911231    12.0941      7.356   -75.5101 7.4325e+01     3.1787      1.558      2.259    16.5490 0.0000e+00
      1.575     -0.066     0.5219      5.349     34.513  29.682781    12.2802      7.354   -73.7169 7.5024e+01     3.1302      1.546      2.242    16.5599 0.0000e+00
      1.557     -0.069     0.5313      5.357     33.767  29.381961    12.2383      7.352   -72.0669 7.5695e+01     3.1499      1.528      2.216    16.6512 0.0000e+00
      1.536     -0.073     0.5320      5.496     33.223  29.190507    11.6369      7.350   -70.5310 7.7130e+01     3.2123      1.506      2.186    16.8776 0.0000e+00
      1.515     -0.075     0.5184      5.889     33.003  29.206650    10.5434      7.348   -69.0845 7.8748e+01     3.2363      1.486      2.155    17.4142 0.0000e+00
      1.495     -0.076     0.5029      6.638     32.917  29.260468     9.9547      7.347   -67.6557 8.0287e+01     3.2006      1.466      2.126    18.0492 0.0000e+00
      1.475     -0.075     0.4989      7.772     32.822  29.270864     9.8706      7.345   -66.0762 8.1814e+01     3.1558      1.446      2.097    18.5258 0.0000e+00
      1.457     -0.072     0.5015      9.260     32.698  29.269078     9.5840      7.344   -64.5275 8.2531e+01     3.1396      1.429      2.073    18.9690 0.0000e+00
      1.440     -0.069     0.5307     10.993     32.597  29.302398     9.0953      7.342   -63.2133 8.3547e+01     3.1062      1.413      2.050    19.2962 0.0000e+00
      1.422     -0.067     0.5976     12.797     32.612  29.420339     8.8308      7.340   -61.9733 8.5239e+01     3.0253      1.394      2.021    19.4596 0.0000e+00
      1.404     -0.066     0.7006     14.498     32.773  29.617590     8.7908      7.337   -61.2353 8.6373e+01     2.9474      1.377      1.997    19.5699 0.0000e+00
      1.389     -0.066     0.8382     16.011     32.994  29.785674     8.7615      7.335   -61.2602 8.7114e+01     2.9157      1.362      1.976    19.7402 0.0000e+00
      1.373     -0.065     0.9976     17.313     33.207  29.867779     8.5933      7.332   -60.5532 8.8637e+01     2.8814      1.346      1.953    19.9543 0.0000e+00
      1.357     -0.061     1.1651     18.416     33.307  29.849443     8.2876      7.328   -58.3658 9.0893e+01     2.8404      1.331      1.931    20.1276 0.0000e+00
      1.340     -0.052     1.3180     19.304     33.117  29.690600     8.1119      7.323   -56.4080 9.2500e+01     2.7956      1.313      1.906    20.2298 0.0000e+00
      1.321     -0.041     1.4575     19.953     32.787  29.532050     8.0428      7.318   -55.8109 9.3411e+01     2.7495      1.294      1.877    20.1821 0.0000e+00
      1.307     -0.031     1.5806     20.441     32.601  29.517431     7.5434      7.315   -57.0827 9.3239e+01     2.7273      1.277      1.853    19.9822 0.0000e+00
      1.305     -0.026     1.6891     20.818     32.548  29.577449     6.6348      7.314   -60.0841 9.2472e+01     2.6631      1.275      1.851    19.7235 0.0000e+00
      1.312     -0.028     1.7744     21.081     32.563  29.687339     6.1374      7.313   -61.8144 9.1797e+01     2.5878      1.289      1.869    19.7312 0.0000e+00
      1.315     -0.035     1.8166     21.323     32.549  29.831941     6.0492      7.310   -61.3973 9.1279e+01     2.5346      1.293      1.876    20.0404 0.0000e+00
      1.305     -0.047     1.8496     21.689     32.390  29.931410     5.5595      7.308   -61.3224 9.3159e+01     2.4296      1.284      1.864    20.3051 0.0000e+00
      1.284     -0.062     1.8813     22.210     32.124  29.939465     4.6691      7.307   -61.5115 9.6816e+01     2.3436      1.261      1.829    20.4400 0.0000e+00
      1.259     -0.078     1.8973     22.846     31.869  29.866301     4.1732      7.308   -60.5861 9.8710e+01     2.3141      1.232      1.787    20.5432 0.0000e+00
      1.237     -0.090     1.9047     23.655     31.795  29.871117     4.1246      7.310   -59.6840 9.9135e+01     2.2781      1.213      1.759    20.7536 0.0000e+00
      1.215     -0.097     1.9201     24.762     31.852  29.997788     4.1569      7.310   -60.1544 1.0235e+02     2.2501      1.193      1.731    21.1942 0.0000e+00
      1.191     -0.100     1.9527     26.294     31.853  30.130103     4.2130      7.309   -61.0256 1.0773e+02     2.2485      1.168      1.693    21.6628 0.0000e+00
      1.165     -0.100     1.9951     28.240     31.803  30.266659     4.2373      7.308   -61.1836 1.1105e+02     2.2931      1.142      1.657    21.9171 0.0000e+00
      1.136     -0.099     2.0607     30.371     31.692  30.381260     4.2341      7.308   -61.1182 1.1343e+02     2.3453      1.115      1.618    21.9657 0.0000e+00
      1.106     -0.098     2.1500     32.463     31.594  30.501755     4.2245      7.308   -61.4397 1.1662e+02     2.3338      1.082      1.569    22.0321 0.0000e+00
      1.081     -0.096     2.2711     34.463     31.561  30.646173     4.1795      7.309   -61.8860 1.2055e+02     2.2900      1.056      1.533    22.2773 0.0000e+00
      1.061     -0.094     2.4382     36.450     31.488  30.732979     4.1065      7.309   -61.8689 1.2490e+02     2.2949      1.042      1.511    22.5446 0.0000e+00
      1.041     -0.093     2.6109     38.560     31.457  30.854206     4.0654      7.309   -60.8029 1.2845e+02     2.3242      1.023      1.483    22.9334 0.0000e+00
      1.018     -0.093     2.7718     40.840     31.466  31.034416     4.0570      7.308   -58.8054 1.3382e+02     2.3023      0.999      1.449    23.3062 0.0000e+00
      0.992     -0.095     2.9273     43.220     31.366  31.137069     4.1045      7.307   -56.5601 1.3903e+02     2.2694      0.973      1.411    23.5392 0.0000e+00
      0.966     -0.097     3.0738     45.589     31.196  31.144752     4.2160      7.305   -54.3908 1.3859e+02     2.3024      0.945      1.371    23.8127 0.0000e+00
      0.941     -0.098     3.2385     47.922     31.068  31.127576     4.2895      7.304   -52.3655 1.3762e+02     2.3597      0.922      1.337    24.0189 0.0000e+00
      0.916     -0.099     3.4169     50.315     31.016  31.119742     4.2939      7.302   -51.0006 1.4043e+02     2.3807      0.900      1.305    24.2760 0.0000e+00
      0.891     -0.102     3.5939     52.779     31.017  31.113492     4.2274      7.301   -51.3957 1.4340e+02     2.3853      0.873      1.266    24.6514 0.0000e+00
      0.866     -0.108     3.7736     55.354     31.046  31.115386     4.1102      7.299   -52.8408 1.4933e+02     2.3468      0.850      1.232    24.9551 0.0000e+00
      0.842     -0.113     3.9457     58.050     31.141  31.205988     4.0502      7.296   -53.3310 1.6095e+02     2.2916      0.828      1.201    25.1267 0.0000e+00
      0.812     -0.114     4.1413     60.628     31.250  31.384792     4.0433      7.291   -52.9342 1.7032e+02     2.2991      0.800      1.160    25.1934 0.0000e+00
      0.777     -0.108     4.3460     62.843     31.213  31.502293     3.9188      7.287   -52.6032 1.7823e+02     2.2666      0.763      1.107    25.1590 0.0000e+00
      0.740     -0.095     4.5574     64.525     31.032  31.485802     3.6762      7.286   -52.5991 1.8286e+02     2.1371      0.724      1.050    25.0963 0.0000e+00
      0.709     -0.080     4.7965     65.575     30.894  31.439244     3.5411      7.287   -52.5396 1.8104e+02     2.0319      0.689      1.000    25.0553 0.0000e+00
      0.694     -0.065     5.0069     66.102     30.883  31.446677     3.5335      7.289   -52.2283 1.8129e+02     2.0187      0.674      0.978    25.1412 0.0000e+00
      0.691     -0.051     5.1642     66.357     30.902  31.448901     3.5675      7.293   -52.7075 1.8509e+02     2.1144      0.678      0.983    25.4481 0.0000e+00
      0.689     -0.044     5.2754     66.676     30.889  31.402713     3.6191      7.295   -54.2890 1.8530e+02     2.2331      0.679      0.985    25.7870 0.0000e+00
      0.682     -0.045     5.3425     67.389     30.860  31.331942     3.6328      7.296   -55.7776 1.8438e+02     2.2576      0.670      0.972    25.9236 0.0000e+00
      0.669     -0.052     5.3778     68.428     30.875  31.290516     3.6172      7.299   -56.5953 1.8746e+02     2.2401      0.658      0.954    25.9191 0.0000e+00
      0.650     -0.060     5.3941     69.398     30.930  31.282130     3.5793      7.302   -56.8632 1.8803e+02     2.2271      0.639      0.927    25.8903 0.0000e+00
      0.630     -0.066     5.4109     70.103     30.989  31.293841     3.5159      7.303   -57.0371 1.8809e+02     2.1682      0.617      0.894    25.8247 0.0000e+00
      0.610     -0.070     5.4766     70.517     31.078  31.368640     3.4753      7.305   -57.4927 1.9346e+02     2.0751      0.598      0.867    25.7725 0.0000e+00
      0.594     -0.073     5.5897     70.620     31.168  31.489145     3.4634      7.307   -57.4680 2.1197e+02     2.0579      0.582      0.845    25.6760 0.0000e+00
      0.579     -0.073     5.6849     70.494     31.208  31.609757     3.4714      7.308   -56.5670 2.2509e+02     2.0963      0.569      0.826    25.5498 0.0000e+00
      0.560     -0.075     5.7494     70.169     31.173  31.685929     3.4893      7.308   -55.3745 2.1088e+02     2.0956      0.551      0.799    25.4671 0.0000e+00
      0.539     -0.077     5.7913     69.622     31.090  31.712936     3.4880      7.309   -54.1489 1.9544e+02     2.0837      0.528      0.766    25.4343 0.0000e+00
      0.518     -0.078     5.7886     69.002     31.027  31.746281     3.4730      7.310   -52.8475 1.9893e+02     2.0542      0.508      0.737    25.4826 0.0000e+00
      0.497     -0.077     5.7634     68.558     30.965  31.772253     3.4576      7.311   -51.5130 2.1456e+02     2.0125      0.489      0.710    25.6135 0.0000e+00
      0.475     -0.073     5.7196     68.399     30.893  31.773509     3.4433      7.310   -50.4025 2.3245e+02     2.0238      0.466      0.676    25.8218 0.0000e+00
      0.455     -0.068     5.6495     68.512     30.835  31.761589     3.4258      7.310   -49.9177 2.4974e+02     2.0543      0.444      0.644    26.0094 0.0000e+00
      0.440     -0.064     5.5763     68.958     30.809  31.754994     3.4115      7.311   -49.8665 2.6564e+02     2.0392      0.431      0.625    26.1514 0.0000e+00
      0.427     -0.060     5.5209     69.793     30.812  31.757198     3.4122      7.312   -49.7833 2.7106e+02     2.0123      0.419      0.608    26.3062 0.0000e+00
      0.414     -0.058     5.4996     70.980     30.797  31.724832     3.4333      7.314   -49.6002 2.6276e+02     2.1045      0.405      0.589    26.4358 0.0000e+00
      0.400     -0.057     5.4969     72.377     30.784  31.680631     3.4669      7.315   -49.2014 2.5655e+02     2.3002      0.392      0.568    26.5115 0.0000e+00
      0.385     -0.056     5.5281     73.737     30.811  31.666505     3.4775      7.316   -48.6618 2.7204e+02     2.3641      0.378      0.549    26.5407 0.0000e+00
      0.369     -0.054     5.5973     74.842     30.855  31.680760     3.4622      7.318   -48.2375 2.8884e+02     2.2953      0.362      0.526    26.5351 0.0000e+00
