Data/DataNotYetUploadedToEDI/Raw_CTD/RawDownloads/072519_bvr50_b.cnv
* Sea-Bird SBE19plus  Data File:
* FileName = C:\DATA\MSN2_CTD_CASTS_072419\072519_bvr50_a_0002.hex
* Software version 2.8.0.119 SB_Terminal.dll
* Temperature SN = 7809
* Conductivity SN = 7809
* System UpLoad Time = Jul 25 2019 07:19:02
* <ApplicationData>
* <Seaterm232>
# nquan = 16
# nvalues = 654                         
# units = specified
# name 0 = depFM: Depth [fresh water, m]
# name 1 = dz/dtM: Descent Rate [m/s]
# name 2 = sbeox0Mg/L: Oxygen, SBE 43 [mg/l]
# name 3 = sbeox0PS: Oxygen, SBE 43 [% saturation]
# name 4 = specc: Specific Conductance [uS/cm]
# name 5 = c0uS/cm: Conductivity [uS/cm]
# name 6 = flECO-AFL: Fluorescence, WET Labs ECO-AFL/FL [mg/m^3]
# name 7 = ph: pH
# name 8 = orp: Oxidation Reduction Potential [mV]
# name 9 = par/sat/log: PAR/Logarithmic, Satlantic
# name 10 = turbWETntu0: Turbidity, WET Labs ECO [NTU]
# name 11 = prdM: Pressure, Strain Gauge [db]
# name 12 = prdE: Pressure, Strain Gauge [psi]
# name 13 = tv290C: Temperature [ITS-90, deg C]
# name 14 = density00: Density [density, kg/m^3]
# name 15 = flag:  0.000e+00
# span 0 =     -0.638,     10.565       
# span 1 =     -0.022,      0.186       
# span 2 =    -0.1772,     9.3023       
# span 3 =     -1.764,    102.546       
# span 4 =      0.580,    224.170       
# span 5 =   0.474094, 150.087483       
# span 6 =    -0.1407,    14.6981       
# span 7 =      6.373,      9.045       
# span 8 =    -2.2302,   930.6264       
# span 9 = 1.2362e-01, 1.1490e+02       
# span 10 =    -0.2532,    10.5162      
# span 11 =     -0.626,     10.362      
# span 12 =     -0.909,     15.029      
# span 13 =     8.4588,    25.8817      
# span 14 =   996.8396,   999.9529      
# span 15 = 0.0000e+00, 0.0000e+00      
# interval = seconds: 0.25
# start_time = Jul 25 2019 07:07:51 [Instrument's time stamp, header]
# bad_flag = -9.990e-29
*END*
[from data line 633]
     10.315      0.080     0.0975      0.835    166.839 111.768273     0.5314      6.403    48.2359 1.2381e-01     2.2307     10.117     14.674     8.5882   999.9188 0.0000e+00
     10.337      0.083     0.0994      0.851    172.154 115.285947     0.5299      6.399    48.1585 1.2376e-01     2.2347     10.139     14.706     8.5581   999.9226 0.0000e+00
     10.356      0.084     0.0996      0.852    178.459 119.475592     0.5387      6.396    48.2270 1.2375e-01     2.1831     10.156     14.730     8.5299   999.9249 0.0000e+00
     10.375      0.083     0.0996      0.852    184.194 123.294206     0.5511      6.393    48.2895 1.2378e-01     2.0983     10.173     14.754     8.5083   999.9266 0.0000e+00
     10.395      0.081     0.0993      0.849    187.417 125.443246     0.5589      6.389    48.1398 1.2382e-01     2.0610     10.192     14.784     8.4930   999.9295 0.0000e+00
     10.418      0.077     0.0981      0.839    189.418 126.781363     0.5545      6.386    47.6214 1.2382e-01     2.0599     10.216     14.817     8.4808   999.9322 0.0000e+00
     10.442      0.072     0.0988      0.845    191.804 128.379361     0.5411      6.384    46.9258 1.2378e-01     2.0522     10.243     14.856     8.4710   999.9355 0.0000e+00
     10.462      0.066     0.0995      0.850    193.899 129.780501     0.5439      6.382    46.2680 1.2377e-01     2.0987     10.263     14.885     8.4652   999.9387 0.0000e+00
     10.475      0.058     0.0993      0.849    196.256 131.352081     0.5537      6.381    45.4339 1.2378e-01     2.1970     10.274     14.900     8.4636   999.9396 0.0000e+00
     10.486      0.051     0.0988      0.845    200.970 134.499167     0.5477      6.381    44.0679 1.2373e-01     2.2579     10.283     14.914     8.4639   999.9401 0.0000e+00
     10.498      0.045     0.0968      0.827    208.371 139.448894     0.5403      6.379    42.3997 1.2366e-01     2.2772     10.296     14.933     8.4644   999.9413 0.0000e+00
     10.508      0.041     0.0965      0.824    215.915 144.502380     0.5243      6.376    40.6638 1.2373e-01     2.2666     10.306     14.948     8.4647   999.9420 0.0000e+00
     10.518      0.039     0.0975      0.833    220.080 147.299957     0.5022      6.375    38.7384 1.2383e-01     2.2596     10.313     14.958     8.4628   999.9426 0.0000e+00
     10.528      0.037     0.0965      0.825    221.116 148.003839     0.4903      6.374    37.2741 1.2382e-01     2.2594     10.324     14.974     8.4598   999.9445 0.0000e+00
     10.539      0.034     0.0965      0.824    222.096 148.673129     0.4845      6.373    36.5534 1.2380e-01     2.2304     10.336     14.992     8.4588   999.9477 0.0000e+00
     10.547      0.029     0.0976      0.833    223.527 149.647877     0.5356      6.373    35.9619 1.2381e-01     2.1712     10.344     15.003     8.4606   999.9512 0.0000e+00
     10.554      0.027     0.0980      0.837    224.170 150.087483     0.5879      6.373    35.6283 1.2379e-01     2.1337     10.350     15.011     8.4630   999.9526 0.0000e+00
     10.559 -9.990e-29 -9.990e-29 -9.990e-29 -9.990e-29 -9.990e-29 -9.990e-29 -9.990e-29 -9.990e-29 1.2374e-01 -9.990e-29     10.356     15.020     8.4654   999.9521 0.0000e+00
     10.563 -9.990e-29 -9.990e-29 -9.990e-29 -9.990e-29 -9.990e-29 -9.990e-29 -9.990e-29 -9.990e-29 1.2372e-01 -9.990e-29     10.360     15.026     8.4678   999.9524 0.0000e+00
     10.565 -9.990e-29 -9.990e-29 -9.990e-29 -9.990e-29 -9.990e-29 -9.990e-29 -9.990e-29 -9.990e-29 1.2375e-01 -9.990e-29     10.361     15.027     8.4727   999.9528 0.0000e+00
     10.565 -9.990e-29 -9.990e-29 -9.990e-29 -9.990e-29 -9.990e-29 -9.990e-29 -9.990e-29 -9.990e-29 1.2377e-01 -9.990e-29     10.362     15.029     8.4767   999.9529 0.0000e+00
