Data/DataNotYetUploadedToEDI/Raw_CTD/RawDownloads/072522_bvr50_S7809001.cnv
* Sea-Bird SBE19plus  Data File:
* FileName = C:\R\Reservoirs\Data\DataNotYetUploadedToEDI\Raw_CTD\RawDownloads\072522_bvr50_S7809_0001.hex
* Software version 2.8.0.119
* Temperature SN = 7809
* Conductivity SN = 7809
* System UpLoad Time = Jul 25 2022 15:13:55
* <ApplicationData>
* <Seaterm232>
# nquan = 15
# nvalues = 1518                        
# units = specified
# name 0 = depFM: Depth [fresh water, m]
# name 1 = dz/dtM: Descent Rate [m/s]
# name 2 = sbeox0Mg/L: Oxygen, SBE 43 [mg/l]
# name 3 = sbeox0PS: Oxygen, SBE 43 [% saturation]
# name 4 = specc: Specific Conductance [uS/cm]
# name 5 = c0uS/cm: Conductivity [uS/cm]
# name 6 = flECO-AFL: Fluorescence, WET Labs ECO-AFL/FL [mg/m^3]
# name 7 = ph: pH
# name 8 = orp: Oxidation Reduction Potential [mV]
# name 9 = par/sat/log: PAR/Logarithmic, Satlantic
# name 10 = turbWETntu0: Turbidity, WET Labs ECO [NTU]
# name 11 = prdM: Pressure, Strain Gauge [db]
# name 12 = prdE: Pressure, Strain Gauge [psi]
# name 13 = tv290C: Temperature [ITS-90, deg C]
# name 14 = flag:  0.000e+00
# span 0 =     -0.728,      7.286       
# span 1 =     -0.297,      0.253       
# span 2 =     0.0418,     7.8804       
# span 3 =      0.407,    100.508       
# span 4 =      0.229,    122.212       
# span 5 =   0.250771,  85.788599       
# span 6 =    -0.1924,    31.5761       
# span 7 =      5.871,      8.366       
# span 8 = -1240.7455,   289.1984       
# span 9 = 1.2348e-01, 5.7897e+02       
# span 10 =    -1.9764,    51.8585      
# span 11 =     -0.715,      7.145      
# span 12 =     -1.036,     10.363      
# span 13 =    10.0226,    29.6519      
# span 14 = 0.0000e+00, 0.0000e+00      
# interval = seconds: 0.25
# start_time = Jul 25 2022 07:02:03 [Instrument's time stamp, header]
# bad_flag = -9.990e-29
*END*
[from data line 482]
      1.724      0.037     4.2664     44.723     30.701  29.223098    16.4670      8.234   187.8321 5.5287e+01     3.5945      1.690      2.451    22.8137 0.0000e+00
      1.733      0.039     4.1495     43.405     30.701  29.177319    17.2739      8.225   188.3123 5.4625e+01     3.7008      1.698      2.463    22.7975 0.0000e+00
      1.743      0.040     4.0347     41.952     30.674  29.095542    17.3313      8.217   188.6505 5.3959e+01     3.6654      1.707      2.477    22.7360 0.0000e+00
      1.755      0.040     3.9551     40.551     30.648  28.994934    17.2775      8.210   188.9096 5.2859e+01     3.6448      1.722      2.497    22.6616 0.0000e+00
      1.767      0.041     3.8774     39.319     30.650  28.911618    16.7150      8.203   189.0364 5.2079e+01     3.6563      1.735      2.516    22.5881 0.0000e+00
      1.776      0.041     3.7603     38.222     30.669  28.848730    15.6821      8.197   189.3231 5.1685e+01     3.6685      1.741      2.527    22.5152 0.0000e+00
      1.784      0.041     3.6363     37.220     30.704  28.804946    15.1091      8.191   189.7953 5.1047e+01     3.6560      1.748      2.536    22.4369 0.0000e+00
      1.794      0.041     3.5166     36.325     30.738  28.762471    15.0059      8.183   190.0999 5.0347e+01     3.6752      1.760      2.552    22.3058 0.0000e+00
      1.805      0.040     3.4241     35.505     30.761  28.715400    14.4432      8.174   190.4248 4.9633e+01     3.7306      1.770      2.567    22.1514 0.0000e+00
      1.817      0.040     3.3382     34.790     30.790  28.679435    13.4070      8.165   190.7113 4.8615e+01     3.7450      1.781      2.583    22.0265 0.0000e+00
      1.829      0.039     3.2551     34.205     30.814  28.644475    12.8311      8.158   190.8114 4.7620e+01     3.6776      1.796      2.605    21.9026 0.0000e+00
      1.839      0.037     3.1888     33.651     30.829  28.609572    12.7571      8.151   191.1189 4.6990e+01     3.5988      1.805      2.618    21.7726 0.0000e+00
      1.846      0.035     3.1207     33.020     30.842  28.574296    12.5539      8.145   191.5029 4.6428e+01     3.5787      1.810      2.625    21.6699 0.0000e+00
      1.853      0.034     3.0616     32.310     30.846  28.534834    12.1973      8.137   191.5832 4.5955e+01     3.5705      1.818      2.635    21.5638 0.0000e+00
      1.860      0.032     3.0205     31.568     30.863  28.512706    12.0075      8.127   191.4881 4.5611e+01     3.5002      1.823      2.644    21.4691 0.0000e+00
      1.870      0.030     2.9798     30.747     30.888  28.496870    11.9816      8.119   191.4713 4.5095e+01     3.3782      1.833      2.659    21.3970 0.0000e+00
      1.881      0.030     2.9289     29.813     30.902  28.470081    11.9271      8.112   191.6378 4.4495e+01     3.3249      1.846      2.679    21.3130 0.0000e+00
      1.888      0.030     2.8656     28.847     30.912  28.442306    11.8474      8.105   191.9529 4.4175e+01     3.3674      1.853      2.687    21.2426 0.0000e+00
      1.892      0.031     2.8060     27.887     30.911  28.414543    11.8166      8.097   192.2702 4.3997e+01     3.4486      1.855      2.690    21.1904 0.0000e+00
      1.897      0.031     2.7399     26.951     30.893  28.387911    11.8125      8.089   192.4622 4.3637e+01     3.4870      1.859      2.697    21.1250 0.0000e+00
      1.905      0.032     2.6536     26.054     30.878  28.373840    11.7892      8.082   192.6397 4.3077e+01     3.4570      1.867      2.709    21.0586 0.0000e+00
      1.917      0.033     2.5717     25.200     30.874  28.371192    11.7265      8.074   192.8680 4.2542e+01     3.4265      1.880      2.727    20.9951 0.0000e+00
      1.927      0.034     2.4880     24.432     30.865  28.355896    11.6450      8.066   193.0716 4.2132e+01     3.4259      1.892      2.743    20.9427 0.0000e+00
      1.935      0.034     2.4033     23.762     30.855  28.315666    11.6116      8.059   193.1221 4.1677e+01     3.4839      1.897      2.752    20.9381 0.0000e+00
      1.943      0.032     2.3248     23.114     30.857  28.265058    11.5980      8.051   193.1351 4.1269e+01     3.5122      1.905      2.764    20.9371 0.0000e+00
      1.952      0.028     2.2461     22.472     30.902  28.251022    11.5546      8.043   193.4856 4.1006e+01     3.4614      1.915      2.777    20.9429 0.0000e+00
      1.960      0.024     2.1752     21.912     30.977  28.272653    11.5029      8.036   193.9195 4.0813e+01     3.4497      1.923      2.788    20.9491 0.0000e+00
      1.966      0.021     2.1227     21.456     31.018  28.272990    11.4889      8.030   194.0788 4.0744e+01     3.4735      1.929      2.797    20.8936 0.0000e+00
      1.969      0.019     2.0700     21.085     31.027  28.255047    11.5114      8.024   194.2069 4.0664e+01     3.4760      1.931      2.801    20.7966 0.0000e+00
      1.972      0.019     2.0109     20.792     31.038  28.245837    11.6411      8.017   194.4363 4.0449e+01     3.4800      1.934      2.805    20.6972 0.0000e+00
      1.976      0.019     1.9645     20.555     31.045  28.224992    11.8827      8.009   194.6152 4.0129e+01     3.4876      1.939      2.812    20.6250 0.0000e+00
      1.981      0.019     1.9264     20.320     31.059  28.193135    12.0278      8.002   194.7351 3.9577e+01     3.4993      1.942      2.816    20.5626 0.0000e+00
      1.986      0.019     1.8949     20.060     31.099  28.177535    12.0470      7.995   194.8537 3.8946e+01     3.4843      1.947      2.823    20.5207 0.0000e+00
      1.994      0.018     1.8691     19.769     31.133  28.163077    12.0239      7.988   194.9305 3.8714e+01     3.4092      1.957      2.838    20.5044 0.0000e+00
      2.000      0.016     1.8519     19.442     31.150  28.145038    11.9895      7.981   194.9764 3.8856e+01     3.3430      1.963      2.847    20.4652 0.0000e+00
      2.002      0.015     1.8343     19.111     31.184  28.149547    11.9808      7.973   194.9783 3.9011e+01     3.3663      1.963      2.848    20.3876 0.0000e+00
      2.003      0.015     1.8136     18.790     31.210  28.154169    11.9769      7.966   195.0396 3.9105e+01     3.4527      1.964      2.848    20.2909 0.0000e+00
      2.005      0.015     1.7917     18.454     31.202  28.137511    11.9334      7.961   195.2015 3.8966e+01     3.5333      1.966      2.851    20.2167 0.0000e+00
      2.010      0.016     1.7610     18.041     31.205  28.138295    11.8548      7.955   195.3864 3.8647e+01     3.5894      1.971      2.858    20.1694 0.0000e+00
      2.016      0.018     1.7326     17.503     31.228  28.163638    11.8182      7.950   195.7259 3.8364e+01     3.6186      1.977      2.867    20.1267 0.0000e+00
      2.021      0.021     1.7054     16.890     31.231  28.190386    11.8232      7.944   196.0374 3.8004e+01     3.6467      1.982      2.874    20.0935 0.0000e+00
      2.026      0.023     1.6770     16.280     31.184  28.208178    11.7320      7.937   196.1416 3.7582e+01     3.5882      1.986      2.881    20.0795 0.0000e+00
      2.031      0.025     1.6429     15.700     31.082  28.188687    11.5485      7.928   196.2112 3.7280e+01     3.3893      1.991      2.888    20.0808 0.0000e+00
      2.037      0.025     1.5911     15.186     30.992  28.144985    11.4427      7.921   196.3622 3.7051e+01     3.2573      1.997      2.897    20.0813 0.0000e+00
      2.046      0.025     1.5315     14.772     30.981  28.123546    11.4264      7.915   196.6773 3.6766e+01     3.2566      2.006      2.910    20.0983 0.0000e+00
      2.054      0.025     1.4734     14.469     31.013  28.119619    11.4272      7.909   197.0096 3.6511e+01     3.2783      2.015      2.922    20.2085 0.0000e+00
      2.059      0.024     1.4148     14.303     31.023  28.097445    11.4027      7.902   197.1975 3.6237e+01     3.2803      2.020      2.930    20.3699 0.0000e+00
      2.063      0.021     1.3651     14.284     30.994  28.045560    11.3374      7.895   197.3134 3.5964e+01     3.2468      2.024      2.935    20.4358 0.0000e+00
      2.068      0.018     1.3296     14.377     30.978  27.999349    11.2961      7.888   197.3789 3.5746e+01     3.1801      2.029      2.941    20.3959 0.0000e+00
      2.074      0.015     1.3024     14.518     31.011  27.982383    11.3026      7.882   197.4726 3.5601e+01     3.1569      2.035      2.951    20.3267 0.0000e+00
      2.079      0.013     1.2881     14.629     31.050  27.967134    11.3321      7.877   197.6726 3.5523e+01     3.2058      2.040      2.960    20.2739 0.0000e+00
      2.081      0.013     1.2889     14.671     31.061  27.941674    11.3540      7.870   197.7319 3.5454e+01     3.1905      2.041      2.961    20.2426 0.0000e+00
      2.081      0.013     1.3000     14.641     31.070  27.928049    11.3502      7.863   197.5874 3.5391e+01     3.1430      2.041      2.960    20.1994 0.0000e+00
      2.082      0.014     1.3183     14.541     31.094  27.929153    11.3612      7.858   197.5599 3.5211e+01     3.1779      2.041      2.961    20.1169 0.0000e+00
      2.087      0.017     1.3320     14.384     31.143  27.954986    11.4864      7.853   197.8303 3.4897e+01     3.2028      2.046      2.967    20.0174 0.0000e+00
      2.093      0.023     1.3368     14.192     31.178  27.986826    11.6997      7.848   198.2756 3.4688e+01     3.2046      2.054      2.979    19.9627 0.0000e+00
      2.099      0.029     1.3351     13.972     31.103  27.933809    11.8092      7.841   198.4694 3.4517e+01     3.2338      2.058      2.985    19.9425 0.0000e+00
      2.105      0.033     1.3261     13.733     30.987  27.821077    11.8109      7.836   198.3670 3.4067e+01     3.2481      2.062      2.989    19.9057 0.0000e+00
      2.116      0.036     1.3123     13.503     30.977  27.764736    11.8378      7.831   198.4140 3.3536e+01     3.2753      2.073      3.007    19.8632 0.0000e+00
      2.130      0.038     1.2945     13.316     31.038  27.759622    11.8924      7.825   198.5211 3.3265e+01     3.2888      2.090      3.032    19.8631 0.0000e+00
      2.140      0.040     1.2733     13.176     31.093  27.759162    11.9215      7.819   198.5431 3.3142e+01     3.2405      2.100      3.046    19.9160 0.0000e+00
      2.148      0.040     1.2503     13.056     31.136  27.759115    11.9150      7.814   198.6809 3.2801e+01     3.2036      2.105      3.053    19.9174 0.0000e+00
      2.157      0.041     1.2306     12.935     31.163  27.758999    11.8141      7.810   198.8955 3.2395e+01     3.2526      2.115      3.068    19.8135 0.0000e+00
      2.167      0.042     1.2159     12.804     31.184  27.757719    11.6427      7.807   199.1595 3.2137e+01     3.3552      2.126      3.084    19.7057 0.0000e+00
      2.177      0.045     1.2061     12.622     31.202  27.743623    11.5567      7.803   199.5504 3.1797e+01     3.3852      2.133      3.094    19.6318 0.0000e+00
      2.188      0.049     1.1978     12.352     31.212  27.715303    11.5490      7.797   199.9224 3.1310e+01     3.3772      2.143      3.109    19.5626 0.0000e+00
      2.203      0.050     1.1867     11.997     31.197  27.668791    11.5574      7.790   200.1289 3.0735e+01     3.4292      2.160      3.135    19.5289 0.0000e+00
      2.219      0.050     1.1771     11.567     31.179  27.624906    11.6588      7.782   200.1546 3.0247e+01     3.3986      2.177      3.158    19.5122 0.0000e+00
      2.233      0.047     1.1635     11.088     31.208  27.628354    11.8334      7.775   199.9741 2.9856e+01     3.2116      2.190      3.175    19.4573 0.0000e+00
      2.245      0.042     1.1390     10.628     31.242  27.647074    11.9206      7.767   199.8397 2.9486e+01     3.0471      2.201      3.194    19.3893 0.0000e+00
      2.255      0.037     1.1078     10.228     31.262  27.661067    11.9306      7.760   199.9064 2.9184e+01     2.9808      2.212      3.208    19.3379 0.0000e+00
      2.264      0.034     1.0688      9.898     31.272  27.670768    12.0626      7.755   200.0062 2.8983e+01     3.0598      2.222      3.222    19.2915 0.0000e+00
      2.269      0.034     1.0220      9.635     31.232  27.637597    12.3100      7.750   200.1858 2.8897e+01     3.2510      2.226      3.229    19.2539 0.0000e+00
      2.274      0.036     0.9789      9.413     31.164  27.576937    12.4421      7.745   200.3580 2.8694e+01     3.3448      2.229      3.233    19.2365 0.0000e+00
      2.282      0.040     0.9422      9.218     31.117  27.507802    12.4369      7.737   200.3674 2.8294e+01     3.3058      2.235      3.242    19.2348 0.0000e+00
      2.294      0.044     0.9108      9.044     31.116  27.435512    12.3212      7.729   200.4714 2.7769e+01     3.1893      2.247      3.260    19.2363 0.0000e+00
      2.310      0.046     0.8886      8.883     31.186  27.400028    12.1335      7.722   200.6688 2.7167e+01     3.0643      2.265      3.285    19.2377 0.0000e+00
      2.326      0.047     0.8679      8.729     31.282  27.395568    12.0404      7.716   200.6894 2.6658e+01     3.0236      2.283      3.311    19.2558 0.0000e+00
      2.337      0.044     0.8500      8.585     31.341  27.381466    12.0198      7.710   200.6345 2.6363e+01     3.0036      2.293      3.326    19.2289 0.0000e+00
      2.347      0.039     0.8372      8.452     31.369  27.356206    11.9087      7.703   200.6939 2.6163e+01     2.9938      2.301      3.337    19.0944 0.0000e+00
      2.356      0.035     0.8247      8.275     31.395  27.343636    11.7211      7.697   200.7186 2.5970e+01     3.0418      2.313      3.353    18.9174 0.0000e+00
      2.363      0.032     0.8136      8.011     31.433  27.356201    11.6242      7.690   200.5028 2.5820e+01     3.0722      2.319      3.363    18.7680 0.0000e+00
      2.368      0.031     0.8002      7.677     31.473  27.381327    11.6194      7.684   200.3212 2.5625e+01     3.0882      2.322      3.368    18.6696 0.0000e+00
      2.375      0.033     0.7921      7.292     31.493  27.393878    11.6211      7.680   200.5012 2.5339e+01     3.0643      2.329      3.379    18.5927 0.0000e+00
      2.385      0.036     0.7787      6.877     31.486  27.381191    11.7026      7.676   200.8735 2.5048e+01     2.9875      2.339      3.393    18.5345 0.0000e+00
      2.394      0.040     0.7523      6.468     31.471  27.354695    11.8726      7.671   201.1227 2.4782e+01     2.9450      2.348      3.406    18.5037 0.0000e+00
      2.404      0.042     0.7213      6.083     31.466  27.327040    11.9715      7.665   201.1912 2.4439e+01     2.8928      2.357      3.419    18.4894 0.0000e+00
      2.417      0.041     0.6846      5.765     31.472  27.300319    11.9744      7.657   201.1854 2.3954e+01     2.8683      2.369      3.436    18.4916 0.0000e+00
      2.432      0.039     0.6441      5.564     31.484  27.285110    11.8324      7.649   201.1389 2.3521e+01     2.8880      2.386      3.460    18.4791 0.0000e+00
      2.443      0.035     0.6059      5.457     31.492  27.269888    11.5700      7.644   201.2318 2.3290e+01     2.8585      2.399      3.479    18.4600 0.0000e+00
      2.449      0.033     0.5692      5.389     31.513  27.243010    11.4403      7.638   201.5342 2.3131e+01     2.8531      2.402      3.484    18.4275 0.0000e+00
      2.454      0.030     0.5365      5.337     31.563  27.213621    11.4374      7.632   201.6111 2.2936e+01     2.8571      2.406      3.489    18.3617 0.0000e+00
      2.460      0.027     0.5203      5.287     31.591  27.167988    11.4351      7.627   201.5600 2.2717e+01     2.8039      2.412      3.498    18.3198 0.0000e+00
      2.467      0.026     0.5125      5.215     31.601  27.134870    11.4286      7.621   201.6906 2.2471e+01     2.7569      2.418      3.507    18.3081 0.0000e+00
      2.476      0.026     0.5071      5.106     31.623  27.130060    11.4172      7.615   201.6415 2.2213e+01     2.8004      2.429      3.522    18.2453 0.0000e+00
      2.483      0.026     0.5036      4.959     31.628  27.109804    11.4055      7.610   201.4815 2.2035e+01     2.8858      2.436      3.534    18.1029 0.0000e+00
