Data/DataNotYetUploadedToEDI/Raw_CTD/RawDownloads/072519_bvr50_c.cnv
* Sea-Bird SBE19plus  Data File:
* FileName = C:\DATA\MSN2_CTD_CASTS_072419\072519_bvr50_c_0001.hex
* Software version 2.8.0.119 SB_Terminal.dll
* Temperature SN = 7809
* Conductivity SN = 7809
* System UpLoad Time = Jul 25 2019 11:39:00
* <ApplicationData>
* <Seaterm232>
# nquan = 16
# nvalues = 844                         
# units = specified
# name 0 = depFM: Depth [fresh water, m]
# name 1 = dz/dtM: Descent Rate [m/s]
# name 2 = sbeox0Mg/L: Oxygen, SBE 43 [mg/l]
# name 3 = sbeox0PS: Oxygen, SBE 43 [% saturation]
# name 4 = specc: Specific Conductance [uS/cm]
# name 5 = c0uS/cm: Conductivity [uS/cm]
# name 6 = flECO-AFL: Fluorescence, WET Labs ECO-AFL/FL [mg/m^3]
# name 7 = ph: pH
# name 8 = orp: Oxidation Reduction Potential [mV]
# name 9 = par/sat/log: PAR/Logarithmic, Satlantic
# name 10 = turbWETntu0: Turbidity, WET Labs ECO [NTU]
# name 11 = prdM: Pressure, Strain Gauge [db]
# name 12 = prdE: Pressure, Strain Gauge [psi]
# name 13 = tv290C: Temperature [ITS-90, deg C]
# name 14 = density00: Density [density, kg/m^3]
# name 15 = flag:  0.000e+00
# span 0 =     -0.617,     10.322       
# span 1 =     -0.189,      0.243       
# span 2 =     0.0162,     8.3977       
# span 3 =      0.163,    104.005       
# span 4 =      0.539,    140.966       
# span 5 =   0.549295,  94.913668       
# span 6 =    -0.3855,    13.5550       
# span 7 =      4.730,      9.087       
# span 8 = -1240.7455,   574.4267       
# span 9 = 1.2343e-01, 2.3690e+03       
# span 10 =    -0.5660,   149.8830      
# span 11 =     -0.605,     10.123      
# span 12 =     -0.878,     14.682      
# span 13 =     8.5992,    26.3755      
# span 14 =   996.7013,   999.9103      
# span 15 = 0.0000e+00, 0.0000e+00      
# interval = seconds: 0.25
# start_time = Jul 25 2019 11:31:30 [Instrument's time stamp, header]
# bad_flag = -9.990e-29
*END*
[from data line 362]
      1.858      0.091     7.3251     90.346     27.549  28.121452     1.7710      7.170   299.3620 5.6485e+01     1.0520      1.825      2.647    26.0863   996.7864 0.0000e+00
      1.875      0.074     7.3255     90.340     27.567  28.135181     1.7697      7.170   299.3176 5.6774e+01     1.0544      1.841      2.672    26.0668   996.7917 0.0000e+00
      1.884      0.062     7.3192     90.251     27.572  28.136430     1.8042      7.171   299.2887 5.7114e+01     1.0521      1.848      2.680    26.0515   996.7958 0.0000e+00
      1.892      0.054     7.3066     90.085     27.576  28.136545     1.8673      7.172   299.3575 5.7311e+01     1.0579      1.853      2.687    26.0396   996.7990 0.0000e+00
      1.905      0.051     7.2959     89.944     27.578  28.136565     1.8915      7.172   299.3741 5.7455e+01     1.0590      1.868      2.708    26.0310   996.8013 0.0000e+00
      1.920      0.054     7.2934     89.907     27.580  28.136671     1.8810      7.172   299.4898 5.7612e+01     1.0659      1.885      2.733    26.0243   996.8032 0.0000e+00
      1.935      0.062     7.2954     89.926     27.583  28.137824     1.8870      7.171   299.7236 5.7668e+01     1.0753      1.896      2.751    26.0175   996.8050 0.0000e+00
      1.949      0.072     7.2960     89.928     27.597  28.150504     1.9034      7.169   299.7922 5.7453e+01     1.1063      1.911      2.772    26.0110   996.8069 0.0000e+00
      1.964      0.083     7.2951     89.912     27.612  28.163079     1.9142      7.165   299.8889 5.7000e+01     1.1467      1.925      2.792    26.0057   996.8083 0.0000e+00
      1.984      0.096     7.2976     89.936     27.614  28.162984     1.9133      7.162   300.1194 5.6335e+01     1.1382      1.942      2.816    26.0015   996.8094 0.0000e+00
      2.013      0.108     7.3056     90.026     27.604  28.149341     1.8753      7.159   300.2550 5.5511e+01     1.1013      1.973      2.861    25.9985   996.8104 0.0000e+00
      2.047      0.116     7.3146     90.128     27.583  28.125012     1.8104      7.156   300.2384 5.4886e+01     1.0934      2.008      2.912    25.9957   996.8113 0.0000e+00
      2.082      0.116     7.3196     90.180     27.583  28.122602     1.7786      7.155   300.1769 5.4450e+01     1.1078      2.041      2.961    25.9923   996.8124 0.0000e+00
      2.116      0.110     7.3206     90.182     27.584  28.120190     1.7775      7.156   300.1129 5.4112e+01     1.1114      2.075      3.010    25.9880   996.8137 0.0000e+00
      2.147      0.100     7.3224     90.193     27.564  28.095852     1.7709      7.158   300.0673 5.3972e+01     1.1048      2.109      3.059    25.9828   996.8152 0.0000e+00
      2.171      0.089     7.3285     90.258     27.554  28.082105     1.7680      7.158   300.0559 5.3992e+01     1.0940      2.134      3.094    25.9774   996.8168 0.0000e+00
      2.185      0.078     7.3365     90.344     27.557  28.080856     1.7775      7.158   300.0614 5.4064e+01     1.0790      2.144      3.109    25.9713   996.8184 0.0000e+00
      2.198      0.066     7.3401     90.372     27.562  28.080744     1.7820      7.160   300.1335 5.4059e+01     1.0872      2.153      3.123    25.9650   996.8202 0.0000e+00
      2.216      0.056     7.3381     90.331     27.567  28.080744     1.7784      7.161   300.1532 5.3979e+01     1.0947      2.172      3.149    25.9591   996.8218 0.0000e+00
      2.236      0.048     7.3376     90.311     27.572  28.080847     1.7779      7.162   300.0416 5.3944e+01     1.0707      2.196      3.185    25.9529   996.8235 0.0000e+00
      2.249      0.041     7.3389     90.318     27.576  28.081992     1.7838      7.165   299.9886 5.4082e+01     1.0929      2.207      3.203    25.9450   996.8257 0.0000e+00
      2.254      0.033     7.3351     90.264     27.590  28.094576     1.7890      7.167   300.0285 5.4267e+01     1.1339      2.210      3.206    25.9354   996.8283 0.0000e+00
      2.259      0.023     7.3261     90.152     27.602  28.106101     1.7810      7.167   300.0075 5.4352e+01     1.1071      2.214      3.212    25.9247   996.8311 0.0000e+00
      2.264      0.016     7.3135     89.996     27.591  28.094452     1.7557      7.168   299.9075 5.4447e+01     1.0965      2.220      3.221    25.9154   996.8335 0.0000e+00
      2.267      0.013     7.2998     89.829     27.577  28.080619     1.7258      7.169   299.8510 5.4623e+01     1.1366      2.224      3.226    25.9101   996.8350 0.0000e+00
      2.269      0.016     7.2935     89.754     27.562  28.065736     1.7054      7.169   299.9274 5.4799e+01     1.1335      2.225      3.225    25.9066   996.8360 0.0000e+00
      2.270      0.021     7.2896     89.707     27.537  28.041399     1.7005      7.169   299.9709 5.4856e+01     1.0914      2.226      3.227    25.9050   996.8364 0.0000e+00
      2.272      0.029     7.2817     89.608     27.537  28.040140     1.7185      7.169   299.8600 5.4942e+01     1.0541      2.226      3.229    25.9045   996.8365 0.0000e+00
      2.279      0.037     7.2772     89.548     27.549  28.050521     1.7496      7.169   299.7917 5.5140e+01     1.0427      2.232      3.236    25.9054   996.8363 0.0000e+00
      2.293      0.042     7.2798     89.573     27.541  28.040016     1.7731      7.168   299.8335 5.5389e+01     1.0851      2.247      3.258    25.9083   996.8356 0.0000e+00
      2.311      0.044     7.2853     89.634     27.543  28.040016     1.7775      7.166   299.9346 5.5576e+01     1.1080      2.267      3.287    25.9098   996.8353 0.0000e+00
      2.328      0.044     7.2869     89.653     27.554  28.050512     1.7857      7.165   300.0683 5.5498e+01     1.0899      2.285      3.314    25.9090   996.8356 0.0000e+00
      2.338      0.043     7.2813     89.587     27.542  28.040026     1.8195      7.164   300.1595 5.5375e+01     1.0955      2.295      3.329    25.9045   996.8368 0.0000e+00
      2.343      0.040     7.2723     89.482     27.540  28.040131     1.8481      7.164   300.1761 5.5309e+01     1.1095      2.298      3.332    25.8985   996.8384 0.0000e+00
      2.348      0.038     7.2645     89.392     27.550  28.051780     1.8541      7.163   300.1829 5.5084e+01     1.1280      2.301      3.337    25.8949   996.8394 0.0000e+00
      2.357      0.037     7.2568     89.297     27.551  28.053982     1.8492      7.163   300.2418 5.4749e+01     1.1232      2.310      3.350    25.8944   996.8396 0.0000e+00
      2.371      0.036     7.2478     89.187     27.564  28.066757     1.8407      7.163   300.2864 5.4461e+01     1.0842      2.325      3.374    25.8970   996.8390 0.0000e+00
      2.384      0.035     7.2421     89.118     27.577  28.079351     1.8370      7.163   300.2920 5.4275e+01     1.0824      2.339      3.393    25.9013   996.8379 0.0000e+00
      2.394      0.033     7.2433     89.133     27.577  28.079361     1.8393      7.163   300.3099 5.4120e+01     1.1018      2.348      3.405    25.9047   996.8370 0.0000e+00
      2.400      0.030     7.2505     89.223     27.564  28.066881     1.8433      7.164   300.3306 5.3750e+01     1.0887      2.355      3.416    25.9053   996.8369 0.0000e+00
      2.403      0.025     7.2607     89.350     27.552  28.055344     1.8422      7.165   300.2842 5.3401e+01     1.1204      2.356      3.417    25.9049   996.8370 0.0000e+00
      2.407      0.021     7.2681     89.442     27.564  28.066766     1.8430      7.166   300.1789 5.3467e+01     1.2559      2.358      3.420    25.9052   996.8369 0.0000e+00
      2.415      0.019     7.2715     89.483     27.575  28.078092     1.8522      7.167   300.0900 5.3435e+01     1.3518      2.370      3.436    25.9055   996.8369 0.0000e+00
      2.422      0.018     7.2744     89.519     27.562  28.065395     1.8497      7.167   300.0688 5.3112e+01     1.3292      2.379      3.450    25.9067   996.8366 0.0000e+00
      2.426      0.019     7.2798     89.587     27.537  28.040131     1.8125      7.167   300.0944 5.2942e+01     1.3100      2.380      3.452    25.9078   996.8363 0.0000e+00
      2.426      0.019     7.2877     89.685     27.522  28.026413     1.7583      7.166   300.0562 5.2876e+01     1.3484      2.379      3.450    25.9079   996.8363 0.0000e+00
      2.429      0.019     7.2925     89.745     27.522  28.026413     1.7326      7.166   300.0363 5.2904e+01     1.3683      2.380      3.452    25.9074   996.8365 0.0000e+00
      2.436      0.020     7.2897     89.710     27.536  28.040141     1.7263      7.165   300.0259 5.3130e+01     1.3533      2.388      3.463    25.9071   996.8366 0.0000e+00
      2.445      0.020     7.2812     89.605     27.561  28.065509     1.7169      7.165   299.9313 5.3245e+01     1.3638      2.399      3.479    25.9085   996.8362 0.0000e+00
      2.450      0.018     7.2724     89.498     27.574  28.079351     1.7056      7.165   299.9244 5.3080e+01     1.3975      2.404      3.487    25.9095   996.8360 0.0000e+00
      2.455      0.013     7.2674     89.438     27.575  28.080620     1.7029      7.165   300.0287 5.3177e+01     1.4000      2.406      3.489    25.9092   996.8361 0.0000e+00
      2.460      0.008     7.2650     89.409     27.575  28.080860     1.7106      7.164   300.1605 5.3748e+01     1.3613      2.412      3.498    25.9086   996.8363 0.0000e+00
      2.463      0.004     7.2628     89.384     27.576  28.082242     1.7204      7.162   300.3131 5.3868e+01     1.2571      2.418      3.507    25.9091   996.8362 0.0000e+00
      2.458     -0.001     7.2601     89.354     27.590  28.097334     1.7432      7.162   300.4115 5.3489e+01     1.1229      2.412      3.498    25.9104   996.8358 0.0000e+00
      2.453     -0.007     7.2573     89.324     27.626  28.136440     1.7608      7.163   300.4036 5.3345e+01     1.0828      2.402      3.484    25.9111   996.8355 0.0000e+00
      2.453     -0.014     7.2573     89.335     27.660  28.174400     1.7597      7.163   300.4756 5.3143e+01     1.0996      2.405      3.488    25.9112   996.8355 0.0000e+00
      2.456     -0.018     7.2615     89.410     27.654  28.175645     1.7651      7.162   300.6803 5.2709e+01     1.0973      2.412      3.498    25.9121   996.8353 0.0000e+00
      2.453     -0.013     7.2693     89.536     27.620  28.151504     1.7822      7.160   300.8130 5.2447e+01     1.0873      2.410      3.497    25.9143   996.8347 0.0000e+00
      2.439      0.000     7.2776     89.664     27.596  28.136308     1.7925      7.156   300.9618 5.2317e+01     1.0776      2.394      3.471    25.9161   996.8342 0.0000e+00
      2.426      0.020     7.2811     89.720     27.575  28.118816     1.7864      7.151   301.2745 5.2106e+01     1.0779      2.372      3.439    25.9209   996.8328 0.0000e+00
      2.428      0.046     7.2815     89.728     27.523  28.066898     1.7777      7.146   301.4964 5.1860e+01     1.0913      2.373      3.442    25.9360   996.8288 0.0000e+00
      2.448      0.071     7.2843     89.753     27.477  28.016133     1.7911      7.144   301.4080 5.1507e+01     1.1088      2.398      3.476    25.9586   996.8230 0.0000e+00
      2.481      0.091     7.2894     89.787     27.482  28.012578     1.8190      7.144   301.1515 5.1073e+01     1.0928      2.431      3.525    25.9758   996.8186 0.0000e+00
      2.520      0.099     7.2945     89.812     27.506  28.023905     1.8378      7.145   300.9770 5.0728e+01     1.0608      2.471      3.585    25.9813   996.8172 0.0000e+00
      2.555      0.095     7.2985     89.826     27.519  28.026183     1.8446      7.146   300.9327 5.0530e+01     1.0831      2.512      3.642    25.9843   996.8166 0.0000e+00
      2.579      0.082     7.2957     89.766     27.542  28.040100     1.8398      7.147   300.8738 5.0480e+01     1.1655      2.535      3.677    25.9820   996.8173 0.0000e+00
      2.590      0.067     7.2841     89.605     27.572  28.065269     1.8324      7.149   300.7818 5.0455e+01     1.2703      2.539      3.684    25.9617   996.8228 0.0000e+00
      2.599      0.055     7.2704     89.426     27.587  28.076712     1.8334      7.149   300.8525 5.0344e+01     1.3344      2.546      3.694    25.9343   996.8301 0.0000e+00
      2.609      0.050     7.2567     89.255     27.563  28.051553     1.8420      7.149   301.1263 5.0272e+01     1.3506      2.559      3.713    25.9127   996.8359 0.0000e+00
      2.618      0.054     7.2428     89.084     27.527  28.014857     1.8505      7.147   301.3384 5.0271e+01     1.3680      2.565      3.722    25.8964   996.8402 0.0000e+00
      2.630      0.060     7.2356     88.989     27.528  28.013695     1.8490      7.144   301.4390 5.0112e+01     1.3480      2.576      3.736    25.8850   996.8433 0.0000e+00
      2.648      0.065     7.2360     88.976     27.557  28.037491     1.8414      7.144   301.4820 4.9902e+01     1.3064      2.594      3.763    25.8796   996.8448 0.0000e+00
      2.672      0.067     7.2360     88.951     27.577  28.048785     1.8370      7.145   301.4283 4.9854e+01     1.3229      2.620      3.801    25.8788   996.8451 0.0000e+00
      2.695      0.067     7.2298     88.851     27.560  28.023345     1.8218      7.145   301.3921 4.9799e+01     1.3506      2.646      3.839    25.8809   996.8447 0.0000e+00
      2.710      0.067     7.2143     88.633     27.530  27.983677     1.7883      7.145   301.4743 4.9699e+01     1.3465      2.659      3.857    25.8783   996.8454 0.0000e+00
      2.721      0.068     7.1905     88.306     27.508  27.949818     1.7691      7.144   301.6476 4.9597e+01     1.3057      2.667      3.868    25.8649   996.8490 0.0000e+00
      2.733      0.070     7.1625     87.921     27.504  27.931165     1.7722      7.142   301.8534 4.9581e+01     1.2838      2.679      3.886    25.8489   996.8532 0.0000e+00
      2.749      0.075     7.1300     87.477     27.537  27.948451     1.7733      7.141   302.0686 4.9631e+01     1.3115      2.693      3.906    25.8347   996.8571 0.0000e+00
      2.772      0.080     7.0904     86.946     27.572  27.968462     1.7833      7.140   302.1853 4.9557e+01     1.3132      2.715      3.938    25.8190   996.8613 0.0000e+00
      2.800      0.085     7.0452     86.353     27.599  27.982763     1.8058      7.139   302.1458 4.9538e+01     1.3047      2.747      3.984    25.7981   996.8669 0.0000e+00
      2.825      0.085     6.9964     85.723     27.622  27.994456     1.8199      7.138   302.1932 4.9528e+01     1.3066      2.773      4.021    25.7708   996.8743 0.0000e+00
      2.845      0.083     6.9467     85.089     27.620  27.982935     1.8328      7.138   302.4148 4.9492e+01     1.3023      2.790      4.047    25.7407   996.8823 0.0000e+00
      2.864      0.079     6.9013     84.512     27.615  27.970339     1.8749      7.137   302.5882 4.9561e+01     1.3193      2.809      4.075    25.7115   996.8901 0.0000e+00
      2.882      0.074     6.8593     83.980     27.620  27.969030     1.9295      7.137   302.7401 4.9608e+01     1.3473      2.827      4.101    25.6866   996.8968 0.0000e+00
      2.900      0.070     6.8208     83.495     27.623  27.967107     1.9473      7.138   302.9607 4.9411e+01     1.3466      2.843      4.124    25.6669   996.9020 0.0000e+00
      2.918      0.068     6.7926     83.135     27.608  27.947077     1.9418      7.138   303.1046 4.9067e+01     1.3441      2.862      4.151    25.6502   996.9064 0.0000e+00
      2.936      0.066     6.7791     82.960     27.582  27.917176     1.9334      7.137   303.3616 4.9041e+01     1.3485      2.880      4.177    25.6367   996.9100 0.0000e+00
      2.953      0.065     6.7806     82.972     27.590  27.922788     1.9157      7.135   303.8307 4.9012e+01     1.3343      2.896      4.200    25.6260   996.9129 0.0000e+00
      2.968      0.066     6.7912     83.097     27.620  27.951483     1.9010      7.130   304.1302 4.8686e+01     1.3047      2.912      4.223    25.6164   996.9155 0.0000e+00
