Data/DataNotYetUploadedToEDI/Raw_CTD/RawDownloads/072519_bvr50_c.cnv
* Sea-Bird SBE19plus  Data File:
* FileName = C:\DATA\MSN2_CTD_CASTS_072419\072519_bvr50_c_0001.hex
* Software version 2.8.0.119 SB_Terminal.dll
* Temperature SN = 7809
* Conductivity SN = 7809
* System UpLoad Time = Jul 25 2019 11:39:00
* <ApplicationData>
* <Seaterm232>
# nquan = 16
# nvalues = 844                         
# units = specified
# name 0 = depFM: Depth [fresh water, m]
# name 1 = dz/dtM: Descent Rate [m/s]
# name 2 = sbeox0Mg/L: Oxygen, SBE 43 [mg/l]
# name 3 = sbeox0PS: Oxygen, SBE 43 [% saturation]
# name 4 = specc: Specific Conductance [uS/cm]
# name 5 = c0uS/cm: Conductivity [uS/cm]
# name 6 = flECO-AFL: Fluorescence, WET Labs ECO-AFL/FL [mg/m^3]
# name 7 = ph: pH
# name 8 = orp: Oxidation Reduction Potential [mV]
# name 9 = par/sat/log: PAR/Logarithmic, Satlantic
# name 10 = turbWETntu0: Turbidity, WET Labs ECO [NTU]
# name 11 = prdM: Pressure, Strain Gauge [db]
# name 12 = prdE: Pressure, Strain Gauge [psi]
# name 13 = tv290C: Temperature [ITS-90, deg C]
# name 14 = density00: Density [density, kg/m^3]
# name 15 = flag:  0.000e+00
# span 0 =     -0.617,     10.322       
# span 1 =     -0.189,      0.243       
# span 2 =     0.0162,     8.3977       
# span 3 =      0.163,    104.005       
# span 4 =      0.539,    140.966       
# span 5 =   0.549295,  94.913668       
# span 6 =    -0.3855,    13.5550       
# span 7 =      4.730,      9.087       
# span 8 = -1240.7455,   574.4267       
# span 9 = 1.2343e-01, 2.3690e+03       
# span 10 =    -0.5660,   149.8830      
# span 11 =     -0.605,     10.123      
# span 12 =     -0.878,     14.682      
# span 13 =     8.5992,    26.3755      
# span 14 =   996.7013,   999.9103      
# span 15 = 0.0000e+00, 0.0000e+00      
# interval = seconds: 0.25
# start_time = Jul 25 2019 11:31:30 [Instrument's time stamp, header]
# bad_flag = -9.990e-29
*END*
[from data line 543]
      4.646      0.071     4.3102     46.964     27.967  24.907354     9.3209      7.048   325.9490 2.9513e+01     1.0233      4.552      6.602    19.7218   998.2980 0.0000e+00
      4.666      0.078     4.2915     46.660     27.977  24.856084     9.3002      7.047   325.9041 2.8657e+01     1.0373      4.572      6.631    19.6930   998.3040 0.0000e+00
      4.693      0.083     4.2530     46.130     27.984  24.794267     9.1872      7.045   326.1445 2.7938e+01     1.0886      4.603      6.675    19.6635   998.3101 0.0000e+00
      4.719      0.087     4.1913     45.347     27.991  24.730755     8.9687      7.045   326.4465 2.7353e+01     1.0861      4.631      6.716    19.6183   998.3194 0.0000e+00
      4.741      0.088     4.1091     44.342     27.992  24.659010     8.8342      7.045   326.7160 2.6765e+01     1.0403      4.649      6.743    19.5368   998.3358 0.0000e+00
      4.761      0.088     4.0184     43.242     28.041  24.624502     8.7841      7.044   327.0806 2.6263e+01     1.0589      4.668      6.770    19.4218   998.3590 0.0000e+00
      4.781      0.087     3.9269     42.142     28.134  24.630596     8.3547      7.043   327.3269 2.5748e+01     1.1144      4.688      6.799    19.2970   998.3840 0.0000e+00
      4.803      0.085     3.8349     41.053     28.184  24.605714     7.5701      7.041   327.3702 2.5115e+01     1.1217      4.709      6.829    19.1749   998.4083 0.0000e+00
      4.827      0.084     3.7424     39.978     28.219  24.577314     7.1521      7.040   327.4322 2.4546e+01     1.1143      4.733      6.865    19.0455   998.4338 0.0000e+00
      4.851      0.085     3.6529     38.947     28.239  24.540883     7.0805      7.039   327.6469 2.4056e+01     1.0899      4.760      6.903    18.9032   998.4618 0.0000e+00
      4.871      0.087     3.5696     37.982     28.234  24.482331     6.6610      7.038   327.9871 2.3685e+01     1.0566      4.779      6.932    18.7623   998.4892 0.0000e+00
      4.887      0.088     3.4911     37.064     28.258  24.440218     5.9121      7.036   328.3618 2.3347e+01     1.0723      4.792      6.951    18.6414   998.5126 0.0000e+00
      4.907      0.087     3.4168     36.182     28.308  24.412230     5.4985      7.033   328.7359 2.2953e+01     1.0827      4.810      6.975    18.5405   998.5320 0.0000e+00
      4.934      0.083     3.3434     35.308     28.378  24.397582     5.4407      7.031   328.9822 2.2493e+01     1.0520      4.838      7.017    18.4488   998.5495 0.0000e+00
      4.964      0.077     3.2636     34.377     28.453  24.389884     5.4044      7.031   328.9310 2.2077e+01     0.9953      4.870      7.064    18.3554   998.5673 0.0000e+00
      4.988      0.070     3.1770     33.391     28.515  24.382496     5.3633      7.030   328.8052 2.1873e+01     0.9217      4.894      7.099    18.2476   998.5878 0.0000e+00
      5.001      0.065     3.0904     32.424     28.559  24.371606     5.3329      7.029   328.9239 2.1827e+01     0.8834      4.905      7.116    18.1193   998.6117 0.0000e+00
      5.008      0.063     3.0060     31.498     28.541  24.321596     5.3152      7.027   329.1613 2.1874e+01     0.8923      4.911      7.122    17.9791   998.6378 0.0000e+00
      5.016      0.067     2.9283     30.653     28.455  24.221828     5.2961      7.026   329.3533 2.1905e+01     0.9309      4.918      7.131    17.8489   998.6618 0.0000e+00
      5.031      0.076     2.8645     29.941     28.380  24.116816     5.0588      7.025   329.6101 2.1776e+01     0.9895      4.929      7.150    17.7423   998.6813 0.0000e+00
      5.053      0.089     2.8126     29.325     28.403  24.066808     4.6044      7.025   329.9432 2.1452e+01     1.0440      4.953      7.184    17.6547   998.6974 0.0000e+00
      5.083      0.099     2.7676     28.763     28.501  24.061128     4.3537      7.024   330.1975 2.1128e+01     1.0654      4.985      7.230    17.5949   998.7084 0.0000e+00
      5.116      0.104     2.7211     28.189     28.591  24.048029     4.3074      7.023   330.2752 2.0885e+01     1.0523      5.017      7.277    17.5659   998.7136 0.0000e+00
      5.147      0.103     2.6643     27.527     28.663  24.035188     4.0444      7.022   330.2815 2.0635e+01     1.0497      5.049      7.324    17.5072   998.7242 0.0000e+00
      5.174      0.098     2.5940     26.744     28.728  24.032644     3.5763      7.020   330.4451 2.0436e+01     1.0659      5.075      7.363    17.3755   998.7480 0.0000e+00
      5.196      0.093     2.5080     25.807     28.774  24.017197     3.3291      7.020   330.7047 2.0194e+01     1.0846      5.095      7.390    17.2061   998.7781 0.0000e+00
      5.214      0.091     2.4081     24.724     28.799  23.975219     3.3012      7.019   330.9244 1.9972e+01     1.0783      5.114      7.417    17.0394   998.8074 0.0000e+00
      5.232      0.092     2.2990     23.539     28.806  23.905626     3.3092      7.018   331.1233 1.9827e+01     1.0560      5.130      7.441    16.9114   998.8296 0.0000e+00
      5.254      0.094     2.1803     22.256     28.793  23.810006     3.3475      7.017   331.3884 1.9529e+01     1.0776      5.149      7.467    16.8224   998.8450 0.0000e+00
      5.282      0.098     2.0433     20.791     28.774  23.707046     3.3649      7.015   331.8929 1.9124e+01     1.1097      5.179      7.511    16.7347   998.8602 0.0000e+00
      5.313      0.100     1.8785     19.056     28.760  23.612142     3.3460      7.014   332.4054 1.8864e+01     1.1164      5.212      7.559    16.6302   998.8782 0.0000e+00
      5.340      0.096     1.6880     17.076     28.779  23.550490     3.1893      7.012   332.5952 1.8832e+01     1.1581      5.238      7.597    16.4975   998.9007 0.0000e+00
      5.365      0.087     1.4818     14.953     28.839  23.532424     2.9175      7.011   332.6377 1.8710e+01     1.2533      5.261      7.631    16.3439   998.9264 0.0000e+00
      5.389      0.073     1.2673     12.762     28.892  23.520484     2.7735      7.010   332.7472 1.8449e+01     1.3179      5.287      7.670    16.1893   998.9521 0.0000e+00
      5.407      0.058     1.0442     10.499     28.959  23.532930     2.7482      7.008   332.8881 1.8373e+01     1.3169      5.306      7.697    16.0420   998.9763 0.0000e+00
      5.417      0.046     0.8133      8.169     29.018  23.555980     2.6557      7.006   332.8781 1.8408e+01     1.3054      5.313      7.707    15.9068   998.9983 0.0000e+00
      5.423      0.039     0.5831      5.854     29.013  23.545425     2.4864      7.005   332.7978 1.8353e+01     1.3099      5.319      7.714    15.7884   999.0174 0.0000e+00
      5.428      0.036     0.3727      3.742     29.002  23.532168     2.3929      7.004   332.9495 1.8344e+01     1.3065      5.323      7.720    15.6932   999.0325 0.0000e+00
      5.434      0.035     0.2054      2.061     29.010  23.522561     2.3923      7.002   333.2499 1.8352e+01     1.2966      5.326      7.724    15.6169   999.0447 0.0000e+00
      5.445      0.036     0.0914      0.916     29.082  23.556109     2.3837      7.000   333.4193 1.8159e+01     1.2882      5.338      7.742    15.5712   999.0520 0.0000e+00
      5.460      0.038     0.0305      0.306     29.187  23.620593     2.3143      7.000   333.6207 1.8024e+01     1.3365      5.357      7.770    15.5735   999.0516 0.0000e+00
      5.471      0.043     0.0162      0.163     29.177  23.604446     2.2032      6.999   333.9643 1.8057e+01     1.4872      5.367      7.786    15.5763   999.0513 0.0000e+00
      5.476      0.048     0.0349      0.350     29.113  23.551163     2.1414      6.996   334.1323 1.8009e+01     1.6026      5.368      7.787    15.5443   999.0563 0.0000e+00
      5.485      0.053     0.0744      0.745     29.117  23.547255     2.1390      6.994   334.1032 1.7846e+01     1.6175      5.375      7.797    15.4946   999.0642 0.0000e+00
      5.500      0.058     0.1250      1.250     29.154  23.557189     2.1486      6.993   334.0427 1.7677e+01     1.7326      5.393      7.821    15.4512   999.0711 0.0000e+00
      5.518      0.065     0.1795      1.792     29.175  23.544381     2.1536      6.992   334.0019 1.7547e+01     1.9466      5.411      7.848    15.4406   999.0728 0.0000e+00
      5.538      0.071     0.2287      2.282     29.189  23.519222     2.1557      6.990   333.9545 1.7363e+01     2.0082      5.431      7.877    15.4489   999.0716 0.0000e+00
      5.558      0.074     0.2631      2.621     29.225  23.506684     2.1483      6.989   333.8142 1.7164e+01     1.9863      5.451      7.907    15.4415   999.0728 0.0000e+00
      5.577      0.074     0.2794      2.778     29.305  23.519602     2.1512      6.988   333.5952 1.7019e+01     2.1739      5.470      7.934    15.4033   999.0789 0.0000e+00
      5.596      0.073     0.2819      2.796     29.415  23.548483     2.1818      6.987   333.4580 1.6859e+01     2.5064      5.487      7.958    15.3468   999.0877 0.0000e+00
      5.614      0.071     0.2749      2.721     29.559  23.602080     2.1975      6.986   333.4457 1.6684e+01     2.6643      5.505      7.984    15.2879   999.0969 0.0000e+00
      5.632      0.071     0.2571      2.541     29.782  23.723537     2.2198      6.986   333.4476 1.6472e+01     2.6738      5.522      8.010    15.2177   999.1078 0.0000e+00
      5.650      0.072     0.2313      2.281     30.041  23.875135     2.5117      6.984   333.4811 1.6258e+01     2.6865      5.540      8.036    15.1322   999.1209 0.0000e+00
      5.667      0.073     0.2030      1.997     30.241  23.975992     3.0389      6.982   333.5926 1.6119e+01     2.6865      5.558      8.061    15.0262   999.1371 0.0000e+00
      5.684      0.073     0.1751      1.719     30.416  24.054850     3.3409      6.982   333.5906 1.5938e+01     2.6742      5.573      8.083    14.9149   999.1540 0.0000e+00
      5.704      0.073     0.1524      1.494     30.586  24.130750     3.5099      6.981   333.4570 1.5691e+01     2.6682      5.592      8.110    14.8243   999.1676 0.0000e+00
      5.726      0.070     0.1384      1.353     30.656  24.132398     4.9699      6.981   333.4398 1.5485e+01     2.7450      5.616      8.144    14.7376   999.1807 0.0000e+00
      5.746      0.065     0.1298      1.267     30.639  24.074717     7.6422      6.981   333.4693 1.5309e+01     2.9147      5.636      8.174    14.6401   999.1952 0.0000e+00
      5.763      0.059     0.1229      1.198     30.668  24.067631     9.1075      6.980   333.5551 1.5142e+01     3.0487      5.652      8.197    14.5396   999.2099 0.0000e+00
      5.777      0.053     0.1192      1.162     30.744  24.110126     9.2484      6.979   333.7031 1.5002e+01     3.0882      5.668      8.221    14.4422   999.2241 0.0000e+00
      5.787      0.050     0.1196      1.166     30.883  24.207887     9.3204      6.978   333.7099 1.4897e+01     3.0645      5.677      8.234    14.3514   999.2373 0.0000e+00
      5.794      0.053     0.1212      1.181     31.338  24.551848     9.9693      6.976   333.5506 1.4824e+01     3.0890      5.681      8.240    14.2742   999.2483 0.0000e+00
      5.803      0.058     0.1229      1.196     32.060  25.097090    11.1557      6.973   333.2402 1.4714e+01     3.1885      5.688      8.249    14.2272   999.2551 0.0000e+00
      5.818      0.064     0.1256      1.221     32.832  25.661917    11.8130      6.972   332.0217 1.4514e+01     3.2840      5.702      8.269    14.2057   999.2581 0.0000e+00
      5.840      0.072     0.1308      1.270     34.221  26.686615    11.8985      6.970   328.8850 1.4299e+01     3.3252      5.726      8.305    14.1885   999.2607 0.0000e+00
      5.865      0.079     0.1373      1.330     35.875  27.906576    12.1726      6.968   324.6538 1.4099e+01     3.2615      5.753      8.344    14.1737   999.2630 0.0000e+00
      5.886      0.085     0.1425      1.376     36.302  28.167444    12.6920      6.966   321.1279 1.3896e+01     3.1356      5.773      8.374    14.1491   999.2669 0.0000e+00
      5.905      0.089     0.1458      1.405     35.932  27.810549    12.9935      6.963   318.6910 1.3733e+01     3.0489      5.790      8.398    14.0891   999.2756 0.0000e+00
      5.925      0.091     0.1486      1.429     35.896  27.715411    12.9915      6.958   316.4414 1.3552e+01     3.0644      5.810      8.426    13.9961   999.2890 0.0000e+00
      5.948      0.092     0.1509      1.449     35.979  27.714989    12.5033      6.952   313.2010 1.3325e+01     3.0289      5.832      8.458    13.8939   999.3042 0.0000e+00
      5.975      0.092     0.1518      1.454     35.849  27.551594    11.6075      6.946   308.3354 1.3107e+01     2.8817      5.859      8.499    13.7923   999.3182 0.0000e+00
      6.003      0.090     0.1515      1.449     35.803  27.452777    11.1251      6.941   303.2124 1.2859e+01     2.7918      5.888      8.542    13.6929   999.3314 0.0000e+00
      6.028      0.087     0.1503      1.435     36.070  27.598715    11.1010      6.937   299.6129 1.2650e+01     2.7939      5.914      8.577    13.6004   999.3441 0.0000e+00
      6.048      0.082     0.1496      1.427     36.465  27.856791    11.2467      6.933   297.1652 1.2525e+01     2.9069      5.932      8.604    13.5121   999.3560 0.0000e+00
      6.065      0.077     0.1493      1.423     36.907  28.162132    11.4907      6.930   294.4387 1.2363e+01     3.0445      5.947      8.626    13.4233   999.3678 0.0000e+00
      6.082      0.072     0.1487      1.416     37.312  28.435391    11.6068      6.927   290.6521 1.2163e+01     3.1143      5.964      8.650    13.3342   999.3795 0.0000e+00
      6.101      0.071     0.1485      1.411     37.534  28.559329    11.5748      6.925   286.8295 1.1968e+01     3.1277      5.983      8.677    13.2474   999.3910 0.0000e+00
      6.119      0.071     0.1472      1.397     37.628  28.581978    11.1042      6.920   284.1840 1.1773e+01     3.0432      6.001      8.703    13.1855   999.3992 0.0000e+00
      6.136      0.072     0.1453      1.376     37.856  28.709174    10.2433      6.917   282.2406 1.1549e+01     2.9438      6.017      8.727    13.1526   999.4037 0.0000e+00
      6.153      0.074     0.1448      1.369     38.407  29.081988     9.7837      6.913   280.5398 1.1251e+01     2.9097      6.033      8.751    13.1090   999.4096 0.0000e+00
      6.173      0.078     0.1460      1.379     39.072  29.536349     9.7343      6.907   279.1925 1.0908e+01     2.8931      6.055      8.782    13.0413   999.4183 0.0000e+00
      6.193      0.083     0.1465      1.381     39.536  29.824609     9.6030      6.902   278.1683 1.0602e+01     2.8739      6.075      8.812    12.9751   999.4268 0.0000e+00
      6.212      0.087     0.1460      1.374     39.906  30.029152     8.2400      6.897   277.1904 1.0296e+01     2.6781      6.091      8.834    12.9162   999.4343 0.0000e+00
      6.234      0.089     0.1471      1.382     40.452  30.359564     5.7550      6.892   275.8870 9.9056e+00     2.2951      6.111      8.864    12.8587   999.4419 0.0000e+00
      6.262      0.087     0.1484      1.391     41.108  30.773680     4.4058      6.889   274.4550 9.4925e+00     2.0771      6.141      8.907    12.8010   999.4494 0.0000e+00
      6.289      0.084     0.1477      1.381     41.644  31.101854     4.2296      6.886   273.2977 9.1746e+00     2.0406      6.171      8.950    12.7225   999.4595 0.0000e+00
      6.312      0.080     0.1460      1.363     42.144  31.408394     3.6071      6.882   272.1331 8.9818e+00     1.9201      6.192      8.981    12.6235   999.4718 0.0000e+00
      6.328      0.077     0.1434      1.336     43.027  32.005098     2.4980      6.877   270.7849 8.8529e+00     1.7014      6.207      9.002    12.5225   999.4842 0.0000e+00
      6.343      0.076     0.1403      1.306     44.083  32.731991     1.8904      6.872   269.6445 8.7072e+00     1.5597      6.220      9.020    12.4256   999.4962 0.0000e+00
