Data/DataNotYetUploadedToEDI/Raw_CTD/RawDownloads/072522_fcr50_S7809002.cnv
* Sea-Bird SBE19plus  Data File:
* FileName = C:\R\Reservoirs\Data\DataNotYetUploadedToEDI\Raw_CTD\RawDownloads\072522_bvr50_S7809_0002.hex
* Software version 2.8.0.119
* Temperature SN = 7809
* Conductivity SN = 7809
* System UpLoad Time = Jul 25 2022 15:14:52
* <ApplicationData>
* <Seaterm232>
# nquan = 15
# nvalues = 2225                        
# units = specified
# name 0 = depFM: Depth [fresh water, m]
# name 1 = dz/dtM: Descent Rate [m/s]
# name 2 = sbeox0Mg/L: Oxygen, SBE 43 [mg/l]
# name 3 = sbeox0PS: Oxygen, SBE 43 [% saturation]
# name 4 = specc: Specific Conductance [uS/cm]
# name 5 = c0uS/cm: Conductivity [uS/cm]
# name 6 = flECO-AFL: Fluorescence, WET Labs ECO-AFL/FL [mg/m^3]
# name 7 = ph: pH
# name 8 = orp: Oxidation Reduction Potential [mV]
# name 9 = par/sat/log: PAR/Logarithmic, Satlantic
# name 10 = turbWETntu0: Turbidity, WET Labs ECO [NTU]
# name 11 = prdM: Pressure, Strain Gauge [db]
# name 12 = prdE: Pressure, Strain Gauge [psi]
# name 13 = tv290C: Temperature [ITS-90, deg C]
# name 14 = flag:  0.000e+00
# span 0 =     -0.647,      9.439       
# span 1 =     -0.291,      0.246       
# span 2 =     0.0372,     7.2009       
# span 3 =      0.366,     92.796       
# span 4 =      0.522,    428.665       
# span 5 =   0.575743, 313.032586       
# span 6 =    -2.1358,   232.6643       
# span 7 =      6.122,      7.746       
# span 8 = -1240.7455,   177.6452       
# span 9 = 1.2342e-01, 2.4358e+03       
# span 10 =    -8.2263,   936.5305      
# span 11 =     -0.635,      9.258      
# span 12 =     -0.921,     13.427      
# span 13 =    11.0273,    30.1331      
# span 14 = 0.0000e+00, 0.0000e+00      
# interval = seconds: 0.25
# start_time = Jul 25 2022 08:51:48 [Instrument's time stamp, header]
# bad_flag = -9.990e-29
*END*
     -0.646     -0.001     6.7324     89.317      0.735   0.810721    -0.0647      6.151 -1167.4770 8.3155e+02    -0.1288     -0.634     -0.919    30.1331 0.0000e+00
     -0.647     -0.001     6.7320     89.327      0.698   0.769839    -0.0737      6.150 -1207.8712 7.2062e+02    -0.1198     -0.634     -0.920    30.1331 0.0000e+00
     -0.647     -0.001     6.7348     89.335      0.578   0.637778    -0.0747      6.150 -1232.5633 4.2754e+02    -0.0747     -0.635     -0.920    30.1329 0.0000e+00
     -0.647     -0.000     6.7349     89.336      0.665   0.733268    -0.0838      6.150 -1240.0017 2.4660e+02    -0.0951     -0.635     -0.921    30.1328 0.0000e+00
     -0.647 -1.863e-08     6.7356     89.326      0.712   0.785278    -0.0930      6.150 -1240.6779 2.1561e+02    -0.1280     -0.635     -0.921    30.1323 0.0000e+00
     -0.647 -2.049e-07     6.7367     89.317      0.574   0.633831    -0.0855      6.148 -1240.7394 2.0248e+02    -0.1309     -0.635     -0.919    30.1324 0.0000e+00
     -0.647 -2.049e-07     6.7370     89.313      0.554   0.611265    -0.0690      6.144 -1240.7450 2.0577e+02    -0.0950     -0.634     -0.920    30.1323 0.0000e+00
     -0.647 -1.863e-08     6.7377     89.314      0.522   0.575743    -0.0598      6.140 -1240.7455 2.0780e+02    -0.0355     -0.635     -0.921    30.1320 0.0000e+00
     -0.647 -1.693e-09     6.7358     89.320      0.530   0.584126    -0.0568      6.130 -1240.7455 1.9810e+02     0.0077     -0.635     -0.920    30.1319 0.0000e+00
     -0.647 -1.539e-10     6.7355     89.322      0.531   0.586031    -0.0497      6.122 -1240.7455 1.8473e+02     0.0507     -0.635     -0.920    30.1321 0.0000e+00
     -0.647 -1.399e-11     6.7351     89.320      0.543   0.598773    -0.0569      6.125 -1240.7455 1.7095e+02     0.0402     -0.634     -0.920    30.1320 0.0000e+00
     -0.647 -1.272e-12     6.7350     89.325      0.555   0.611598    -0.0773      6.134 -1240.7455 1.5438e+02    -0.1191     -0.635     -0.921    30.1318 0.0000e+00
     -0.647 -1.157e-13     6.7360     89.335      0.558   0.614489    -0.0795      6.147 -1240.7455 1.3725e+02    -0.3032     -0.635     -0.921    30.1320 0.0000e+00
     -0.647 -1.052e-14     6.7360     89.334      0.575   0.633729    -0.0671      6.163 -1240.7455 1.3062e+02    -0.3416     -0.635     -0.920    30.1322 0.0000e+00
     -0.647 -9.553e-16     6.7354     89.336      0.651   0.717637    -0.0609      6.170 -1240.7455 1.4523e+02    -0.3104     -0.635     -0.921    30.1323 0.0000e+00
     -0.647 -7.972e-17     6.7357     89.358      0.788   0.869422    -0.0628      6.166 -1240.7455 1.6981e+02    -0.2671     -0.635     -0.920    30.1326 0.0000e+00
     -0.647 7.1099e-17     6.7374     89.373      0.918   1.013075    -0.0656      6.163 -1240.7455 1.8747e+02    -0.1934     -0.635     -0.921    30.1324 0.0000e+00
     -0.647 8.6827e-16     6.7369     89.353      0.963   1.061956    -0.0609      6.164 -1240.7455 1.9728e+02    -0.1029     -0.635     -0.920    30.1322 0.0000e+00
     -0.647 9.5588e-15     6.7359     89.322      0.923   1.017341    -0.0641      6.172 -1240.7455 2.0203e+02    -0.0263     -0.635     -0.920    30.1320 0.0000e+00
     -0.647 1.0515e-13     6.7387     89.300      0.889   0.980023    -0.0792      6.188 -1240.7455 2.0319e+02    -0.0195     -0.635     -0.921    30.1315 0.0000e+00
     -0.647 1.1566e-12     6.7417     89.283      0.898   0.990553    -0.0778      6.191 -1240.7455 2.0279e+02    -0.0205     -0.635     -0.921    30.1311 0.0000e+00
     -0.647 1.2723e-11     6.7383     89.266      0.923   1.018053    -0.0727      6.176 -1240.7455 2.0425e+02    -0.0038     -0.635     -0.921    30.1310 0.0000e+00
     -0.647 1.3995e-10     6.7356     89.240      0.961   1.059330    -0.0833      6.153 -1240.7455 2.1091e+02    -0.0226     -0.635     -0.921    30.1309 0.0000e+00
     -0.647 1.5395e-09     6.7346     89.209      1.007   1.109837    -0.0896      6.134 -1240.7455 2.2053e+02    -0.0779     -0.635     -0.920    30.1307 0.0000e+00
     -0.647 1.6934e-08     6.7329     89.190      1.018   1.122324    -0.0815      6.125 -1240.7455 2.2817e+02    -0.1259     -0.634     -0.919    30.1306 0.0000e+00
     -0.647 1.8627e-07     6.7323     89.180      0.982   1.083707    -0.0770      6.130 -1240.7455 2.3367e+02    -0.1243     -0.635     -0.920    30.1299 0.0000e+00
     -0.647 1.8627e-07     6.7304     89.163      0.927   1.022719    -0.0861      6.140 -1240.7455 2.3874e+02    -0.1263     -0.634     -0.919    30.1288 0.0000e+00
     -0.647 1.6934e-08     6.7274     89.150      0.866   0.954628    -0.0915      6.148 -1240.7455 2.3869e+02    -0.1505     -0.635     -0.920    30.1278 0.0000e+00
     -0.647 1.5395e-09     6.7258     89.141      0.810   0.893413    -0.0834      6.152 -1240.7455 2.3382e+02    -0.1781     -0.634     -0.921    30.1272 0.0000e+00
     -0.647 1.3995e-10     6.7265     89.129      0.773   0.852275    -0.0723      6.154 -1240.7455 2.3480e+02    -0.2201     -0.634     -0.920    30.1271 0.0000e+00
     -0.647 1.2723e-11     6.7242     89.137      0.759   0.837016    -0.0731      6.156 -1240.7455 2.3958e+02    -0.2826     -0.635     -0.921    30.1272 0.0000e+00
     -0.646 1.1566e-12     6.7230     89.150      0.758   0.835525    -0.0852      6.161 -1240.7455 2.4053e+02    -0.3200     -0.634     -0.919    30.1273 0.0000e+00
     -0.646 1.0515e-13     6.7239     89.145      0.757   0.834247    -0.0855      6.165 -1240.7455 2.4223e+02    -0.2964     -0.634     -0.919    30.1274 0.0000e+00
     -0.646 9.5590e-15     6.7204     89.131      0.745   0.821567    -0.0761      6.163 -1240.7455 2.4716e+02    -0.3048     -0.634     -0.920    30.1273 0.0000e+00
     -0.646 8.6900e-16     6.7225     89.119      0.734   0.808801    -0.0797      6.160 -1240.7455 2.4696e+02    -0.3530     -0.634     -0.919    30.1274 0.0000e+00
     -0.646 7.9000e-17     6.7243     89.113      0.732   0.806488    -0.0799      6.158 -1240.7455 2.4215e+02    -0.3328     -0.634     -0.919    30.1273 0.0000e+00
     -0.646 7.1820e-18     6.7229     89.109      0.720   0.793610    -0.0617      6.157 -1240.7455 2.3503e+02    -0.2994     -0.634     -0.919    30.1273 0.0000e+00
     -0.647 6.5290e-19     6.7222     89.109      0.707   0.779695    -0.0511      6.157 -1240.7455 2.1525e+02    -0.3248     -0.634     -0.920    30.1272 0.0000e+00
     -0.647 5.9355e-20     6.7206     89.101      0.693   0.764837    -0.0587      6.157 -1240.7455 1.8620e+02    -0.2981     -0.635     -0.920    30.1273 0.0000e+00
     -0.647 5.3960e-21     6.7211     89.093      0.671   0.740564    -0.0704      6.157 -1240.7455 1.6523e+02    -0.2491     -0.634     -0.920    30.1275 0.0000e+00
     -0.647 4.9052e-22     6.7197     89.121      0.671   0.739403    -0.0764      6.157 -1240.7455 1.6036e+02    -0.2799     -0.634     -0.920    30.1274 0.0000e+00
     -0.647 4.4593e-23     6.7208     89.150      0.681   0.750796    -0.0827      6.157 -1240.7455 1.5972e+02    -0.3283     -0.634     -0.920    30.1272 0.0000e+00
     -0.646 4.0581e-24     6.7206     89.147      0.682   0.751718    -0.0876      6.157 -1240.7455 1.5160e+02    -0.3563     -0.634     -0.919    30.1272 0.0000e+00
     -0.646 4.1428e-25     6.7170     89.143      0.681   0.750557    -0.0772      6.158 -1240.7455 1.3870e+02    -0.3454     -0.634     -0.919    30.1269 0.0000e+00
     -0.647 5.3663e-25     6.7214     89.142      0.668   0.736754    -0.0645      6.159 -1240.7455 1.2660e+02    -0.2993     -0.634     -0.920    30.1266 0.0000e+00
     -0.647 5.5374e-24     6.7255     89.134      0.645   0.711426    -0.0679      6.160 -1240.7455 1.1403e+02    -0.2426     -0.634     -0.920    30.1261 0.0000e+00
     -0.646 6.0878e-23     6.7227     89.140      0.633   0.697511    -0.0760      6.160 -1240.7455 9.8927e+01    -0.1389     -0.634     -0.919    30.1254 0.0000e+00
     -0.646 6.6966e-22     6.7233     89.156      0.631   0.695104    -0.0711      6.160 -1240.7455 8.8422e+01    -0.0364     -0.634     -0.919    30.1234 0.0000e+00
     -0.646 7.3662e-21     6.7244     89.152      0.619   0.682330    -0.0681      6.161 -1240.7455 8.3848e+01    -0.0271     -0.633     -0.919    30.1205 0.0000e+00
     -0.646 8.1028e-20     6.7225     89.130      0.607   0.669660    -0.0803      6.161 -1240.7455 7.9919e+01    -0.0604     -0.633     -0.919    30.1184 0.0000e+00
     -0.646 8.9131e-19     6.7234     89.124      0.606   0.668508    -0.0859      6.161 -1240.7455 7.5993e+01    -0.0639     -0.634     -0.920    30.1172 0.0000e+00
     -0.646 9.8044e-18     6.7260     89.136      0.606   0.668405    -0.0772      6.160 -1240.7455 7.4700e+01    -0.0694     -0.634     -0.919    30.1162 0.0000e+00
     -0.647 1.0785e-16     6.7259     89.145      0.606   0.668406    -0.0671      6.160 -1240.7455 7.6400e+01    -0.0923     -0.634     -0.920    30.1156 0.0000e+00
     -0.647 1.1863e-15     6.7226     89.150      0.606   0.668530    -0.0633      6.160 -1240.7455 7.8733e+01    -0.1348     -0.634     -0.920    30.1155 0.0000e+00
     -0.646 1.3050e-14     6.7222     89.155      0.607   0.669901    -0.0643      6.161 -1240.7455 7.9358e+01    -0.2081     -0.633     -0.919    30.1154 0.0000e+00
     -0.646 1.4355e-13     6.7244     89.156      0.621   0.684977    -0.0708      6.162 -1240.7455 7.7948e+01    -0.2962     -0.634     -0.919    30.1155 0.0000e+00
     -0.646 1.5790e-12     6.7245     89.162      0.657   0.724221    -0.0835      6.162 -1240.7455 7.8429e+01    -0.3797     -0.634     -0.919    30.1149 0.0000e+00
     -0.646 1.7369e-11     6.7248     89.174      0.693   0.764596    -0.0932      6.162 -1240.7455 9.3394e+01    -0.3978     -0.633     -0.919    30.1145 0.0000e+00
     -0.646 1.9106e-10     6.7256     89.173      0.719   0.793358    -0.0881      6.163 -1240.7455 1.2497e+02    -0.3441     -0.633     -0.919    30.1147 0.0000e+00
     -0.646 2.1017e-09     6.7252     89.163      0.743   0.818782    -0.0717      6.163 -1240.7454 1.4993e+02    -0.3106     -0.634     -0.920    30.1147 0.0000e+00
     -0.646 2.3118e-08     6.7253     89.175      0.743   0.818806    -0.0704      6.164 -1240.7448 1.5837e+02    -0.3347     -0.634     -0.919    30.1144 0.0000e+00
     -0.646 2.5430e-07     6.7273     89.200      0.720   0.793650    -0.0799      6.165 -1240.7374 1.6667e+02    -0.3291     -0.633     -0.919    30.1155 0.0000e+00
     -0.646      0.000     6.7271     89.203      0.697   0.767814    -0.0781      6.165 -1240.6564 1.8253e+02    -0.2769     -0.633     -0.918    30.1160 0.0000e+00
     -0.646      0.000     6.7244     89.191      0.690   0.759622    -0.0742      6.168 -1239.7649 1.9793e+02    -0.2844     -0.634     -0.919    30.1170 0.0000e+00
     -0.646      0.000     6.7261     89.188      0.860   0.947801    -0.0746      6.182 -1229.9588 2.1034e+02    -0.3507     -0.633     -0.919    30.1166 0.0000e+00
     -0.646      0.004     6.7292     89.189      2.993   3.296253    -0.0661      6.325 -1122.0914 2.2228e+02    -0.3961     -0.633     -0.918    30.1184 0.0000e+00
     -0.646      0.016     6.7293     89.196      8.215   9.021080    -0.0551      6.599  -802.5679 2.3476e+02    -0.6619     -0.633     -0.919    30.1166 0.0000e+00
     -0.646      0.041     6.7264     89.208     17.061  18.625880    -0.0657      6.786  -338.1649 2.4925e+02    -1.2070     -0.634     -0.918    30.1216 0.0000e+00
     -0.645      0.076     6.7279     89.211     27.895  30.292581    -0.0870      6.886    28.0443 2.6860e+02    -1.4876     -0.633     -0.919    30.1156 0.0000e+00
     -0.633      0.117     6.7266     89.218     34.358  37.150270    -0.0870      7.026   158.3703 3.2175e+02    -1.0149     -0.632     -0.917    30.1260 0.0000e+00
     -0.595      0.161     6.7301     89.248     35.723  38.473785     0.0172      7.214   164.6008 3.7513e+02     4.5431     -0.593     -0.861    30.0932 0.0000e+00
     -0.535      0.202     6.7693     89.345     35.912  38.558484     0.2156      7.401   161.8828 3.6370e+02    14.7141     -0.524     -0.761    29.7785 0.0000e+00
     -0.468      0.232     6.8191     89.597     35.982  38.554676     0.3311      7.533   160.1813 3.4016e+02    20.2004     -0.459     -0.667    29.3475 0.0000e+00
     -0.400      0.246     6.8541     89.992     36.027  38.554452     0.3562      7.614   159.6009 3.4199e+02    20.3215     -0.394     -0.571    29.0499 0.0000e+00
     -0.328      0.244     6.8839     90.476     36.056  38.555694     0.5446      7.668   160.6297 3.4828e+02    16.2460     -0.323     -0.468    28.8251 0.0000e+00
     -0.260      0.231     6.9065     91.043     36.088  38.569646     0.9101      7.695   161.6932 3.5585e+02     8.6707     -0.249     -0.361    28.6578 0.0000e+00
     -0.205      0.208     6.9400     91.610     36.123  38.596278     1.1219      7.699   161.0162 3.6075e+02     4.5286     -0.198     -0.285    28.5532 0.0000e+00
     -0.158      0.178     6.9816     92.074     36.148  38.624003     1.1415      7.695   160.3601 3.6212e+02     4.1500     -0.159     -0.231    28.4925 0.0000e+00
     -0.110      0.145     7.0204     92.402     36.161  38.651198     1.1388      7.691   160.6433 3.4052e+02     4.1263     -0.105     -0.151    28.4560 0.0000e+00
     -0.072      0.112     7.0722     92.617     36.161  38.671444     1.1640      7.682   160.8268 3.0393e+02     4.0716     -0.061     -0.087    28.4287 0.0000e+00
     -0.053      0.082     7.1217     92.752     36.151  38.678569     1.2220      7.666   160.8578 2.8620e+02     4.0015     -0.049     -0.072    28.4097 0.0000e+00
     -0.044      0.053     7.1582     92.796     36.131  38.673953     1.2658      7.642   160.0724 2.7456e+02     3.9960     -0.044     -0.065    28.4108 0.0000e+00
     -0.035      0.024     7.1798     92.725     36.119  38.679074     1.2691      7.614   159.1596 2.6363e+02     3.9705     -0.033     -0.047    28.4360 0.0000e+00
     -0.030      0.000     7.1912     92.552     36.100  38.677109     1.2610      7.586   159.1141 2.5938e+02     3.9661     -0.029     -0.043    28.4646 0.0000e+00
     -0.030     -0.017     7.1993     92.332     36.065  38.650220     1.2600      7.565   158.6616 2.7003e+02     4.0456     -0.026     -0.038    28.4900 0.0000e+00
     -0.039     -0.029     7.2009     92.101     36.032  38.607658     1.2561      7.553   158.1626 2.9844e+02     4.1116     -0.035     -0.050    28.5115 0.0000e+00
     -0.056     -0.037     7.1925     91.854     35.993  38.542995     1.2563      7.549   158.0708 3.2602e+02     4.1159     -0.058     -0.084    28.5355 0.0000e+00
     -0.071     -0.040     7.1721     91.489     35.981  38.502529     1.2458      7.550   157.7234 3.8149e+02     4.0975     -0.069     -0.102    28.5679 0.0000e+00
     -0.083     -0.035     7.1523     90.680     36.001  38.498853     1.2203      7.554   157.4040 5.3356e+02     4.1283     -0.082     -0.118    28.5887 0.0000e+00
     -0.093     -0.025     7.1352     88.958     36.016  38.498509     1.2066      7.558   157.2204 8.1067e+02     4.2147     -0.095     -0.137    28.5751 0.0000e+00
     -0.098     -0.014     7.1238     86.363     36.024  38.498334     1.2056      7.558   156.7077 1.0282e+03     4.2878     -0.097     -0.142    28.5358 0.0000e+00
     -0.098     -0.004     7.1070     83.456     36.027  38.496731     1.2076      7.550   155.7653 9.5295e+02     4.2618     -0.097     -0.141    28.4945 0.0000e+00
     -0.095      0.004     7.0688     80.508     36.012  38.479120     1.1978      7.539   154.8600 6.6458e+02     4.1393     -0.094     -0.137    28.4598 0.0000e+00
     -0.090      0.010     6.9393     77.595     36.008  38.475660     1.1947      7.526   154.2792 4.0802e+02     4.1042     -0.087     -0.127    28.4362 0.0000e+00
     -0.086      0.012     6.7113     75.095     36.046  38.518313     1.2113      7.511   153.8197 3.0442e+02     4.1797     -0.084     -0.121    28.4250 0.0000e+00
     -0.085      0.012     6.4836     73.435     36.078  38.550906     1.2417      7.496   153.6925 2.9268e+02     4.1974     -0.084     -0.122    28.4201 0.0000e+00
