Data/DataNotYetUploadedToEDI/Raw_CTD/RawDownloads/072519_bvr50_a.cnv
* Sea-Bird SBE19plus  Data File:
* FileName = C:\DATA\MSN2_CTD_CASTS_072419\072519_bvr50_a_0001.hex
* Software version 2.8.0.119 SB_Terminal.dll
* Temperature SN = 7809
* Conductivity SN = 7809
* System UpLoad Time = Jul 25 2019 07:18:39
* <ApplicationData>
* <Seaterm232>
# nquan = 16
# nvalues = 781                         
# units = specified
# name 0 = depFM: Depth [fresh water, m]
# name 1 = dz/dtM: Descent Rate [m/s]
# name 2 = sbeox0Mg/L: Oxygen, SBE 43 [mg/l]
# name 3 = sbeox0PS: Oxygen, SBE 43 [% saturation]
# name 4 = specc: Specific Conductance [uS/cm]
# name 5 = c0uS/cm: Conductivity [uS/cm]
# name 6 = flECO-AFL: Fluorescence, WET Labs ECO-AFL/FL [mg/m^3]
# name 7 = ph: pH
# name 8 = orp: Oxidation Reduction Potential [mV]
# name 9 = par/sat/log: PAR/Logarithmic, Satlantic
# name 10 = turbWETntu0: Turbidity, WET Labs ECO [NTU]
# name 11 = prdM: Pressure, Strain Gauge [db]
# name 12 = prdE: Pressure, Strain Gauge [psi]
# name 13 = tv290C: Temperature [ITS-90, deg C]
# name 14 = density00: Density [density, kg/m^3]
# name 15 = flag:  0.000e+00
# span 0 =     -0.650,     10.562       
# span 1 =     -0.024,      0.113       
# span 2 =    -0.0980,     8.9250       
# span 3 =     -0.962,    100.504       
# span 4 =      0.702,    236.072       
# span 5 =   0.602441, 158.139423       
# span 6 =    -0.1613,    17.6430       
# span 7 =     -2.560,      8.914       
# span 8 = -1240.7455,  1086.8937       
# span 9 = 1.2360e-01, 1.2396e-01       
# span 10 =    -0.5835,     8.7131      
# span 11 =     -0.638,     10.359      
# span 12 =     -0.925,     15.024      
# span 13 =     8.4858,    26.3432      
# span 14 =   996.7124,   999.9597      
# span 15 = 0.0000e+00, 0.0000e+00      
# interval = seconds: 0.25
# start_time = Jul 25 2019 04:07:05 [Instrument's time stamp, header]
# bad_flag = -9.990e-29
*END*
[from data line 724]
      9.523      0.072     0.0994      0.853    129.561  87.210670     0.5184      6.395   164.5695 1.2377e-01     2.1064      9.339     13.545     8.6893   999.8972 0.0000e+00
      9.540      0.078     0.0981      0.842    130.450  87.785236     0.4954      6.394   164.2895 1.2372e-01     2.1521      9.354     13.566     8.6798   999.8979 0.0000e+00
      9.560      0.083     0.1003      0.861    131.577  88.523771     0.4811      6.393   163.9323 1.2368e-01     2.2099      9.373     13.594     8.6722   999.8990 0.0000e+00
      9.586      0.085     0.1053      0.903    132.332  89.012802     0.4757      6.392   163.6065 1.2373e-01     2.2478      9.400     13.633     8.6654   999.9001 0.0000e+00
      9.612      0.084     0.1088      0.934    132.607  89.179683     0.4905      6.392   163.1894 1.2373e-01     2.2498      9.428     13.674     8.6534   999.9011 0.0000e+00
      9.635      0.083     0.1083      0.930    132.945  89.395977     0.5305      6.391   162.5025 1.2365e-01     2.2683      9.449     13.705     8.6444   999.9022 0.0000e+00
      9.655      0.082     0.1061      0.910    133.624  89.846009     0.5515      6.390   161.9260 1.2365e-01     2.3066      9.468     13.733     8.6379   999.9033 0.0000e+00
      9.672      0.082     0.1049      0.900    134.402  90.356924     0.5455      6.389   161.6395 1.2370e-01     2.3199      9.486     13.759     8.6304   999.9042 0.0000e+00
      9.687      0.086     0.1042      0.893    135.092  90.800121     0.5355      6.388   161.3616 1.2367e-01     2.2977      9.499     13.777     8.6221   999.9048 0.0000e+00
      9.707      0.095     0.1042      0.893    135.624  91.131349     0.5178      6.387   160.9759 1.2368e-01     2.2672      9.517     13.801     8.6184   999.9052 0.0000e+00
      9.732      0.104     0.1038      0.890    136.207  91.497674     0.4948      6.387   160.6751 1.2380e-01     2.2467      9.543     13.840     8.6182   999.9057 0.0000e+00
      9.764      0.111     0.1021      0.875    136.867  91.919589     0.4833      6.386   160.3063 1.2381e-01     2.2457      9.573     13.885     8.6139   999.9064 0.0000e+00
      9.799      0.113     0.1000      0.857    137.342  92.222795     0.4832      6.385   159.6994 1.2370e-01     2.2877      9.609     13.937     8.6054   999.9074 0.0000e+00
      9.834      0.112     0.0974      0.835    137.758  92.490412     0.4846      6.385   159.1024 1.2367e-01     2.3291      9.647     13.991     8.5950   999.9085 0.0000e+00
      9.862      0.108     0.0954      0.817    138.237  92.800232     0.4834      6.386   158.6807 1.2373e-01     2.3198      9.674     14.031     8.5850   999.9095 0.0000e+00
      9.884      0.103     0.0950      0.814    138.613  93.040805     0.4857      6.386   158.3854 1.2375e-01     2.3064      9.692     14.057     8.5773   999.9105 0.0000e+00
      9.905      0.095     0.0940      0.806    138.725  93.107645     0.4952      6.386   157.9416 1.2375e-01     2.2986      9.711     14.084     8.5718   999.9110 0.0000e+00
      9.930      0.089     0.0925      0.793    138.620  93.035506     0.5107      6.388   157.1865 1.2377e-01     2.2582      9.737     14.121     8.5679   999.9116 0.0000e+00
      9.957      0.088     0.0928      0.795    138.654  93.059720     0.5266      6.388   156.3970 1.2378e-01     2.2438      9.767     14.164     8.5639   999.9121 0.0000e+00
      9.979      0.090     0.0954      0.817    138.970  93.273097     0.5321      6.388   155.7950 1.2375e-01     2.2889      9.789     14.198     8.5586   999.9128 0.0000e+00
      9.996      0.093     0.0987      0.845    139.335  93.514869     0.5416      6.388   155.1563 1.2373e-01     2.3447      9.803     14.217     8.5554   999.9132 0.0000e+00
     10.015      0.096     0.1002      0.858    139.993  93.946035     0.5632      6.387   154.4397 1.2378e-01     2.4262      9.819     14.240     8.5553   999.9131 0.0000e+00
     10.041      0.100     0.0996      0.852    141.374  94.857877     0.5674      6.386   153.9274 1.2381e-01     2.5210      9.845     14.279     8.5561   999.9132 0.0000e+00
     10.072      0.103     0.0977      0.836    142.739  95.755031     0.5504      6.386   153.6080 1.2378e-01     2.5409      9.877     14.327     8.5576   999.9134 0.0000e+00
     10.103      0.103     0.0980      0.838    143.335  96.135750     0.5390      6.386   153.2453 1.2371e-01     2.5024      9.908     14.371     8.5565   999.9137 0.0000e+00
     10.131      0.098     0.1017      0.870    143.564  96.278046     0.5252      6.386   152.7251 1.2365e-01     2.4484      9.935     14.410     8.5521   999.9143 0.0000e+00
     10.157      0.089     0.1027      0.879    143.742  96.393240     0.4968      6.386   152.1362 1.2364e-01     2.3465      9.962     14.449     8.5472   999.9154 0.0000e+00
     10.179      0.081     0.1007      0.862    144.014  96.573601     0.4814      6.385   151.6318 1.2366e-01     2.2865      9.984     14.481     8.5404   999.9166 0.0000e+00
     10.194      0.077     0.0991      0.849    144.645  96.994496     0.4862      6.385   151.1873 1.2372e-01     2.3130      9.998     14.501     8.5320   999.9173 0.0000e+00
     10.207      0.076     0.0976      0.835    145.362  97.471322     0.5202      6.385   150.7185 1.2377e-01     2.3727     10.008     14.516     8.5281   999.9178 0.0000e+00
     10.222      0.077     0.0958      0.820    145.697  97.691243     0.5804      6.385   150.1805 1.2376e-01     2.4515     10.022     14.536     8.5281   999.9179 0.0000e+00
     10.246      0.079     0.0948      0.810    145.876  97.807218     0.6071      6.385   149.5862 1.2369e-01     2.4795     10.046     14.569     8.5274   999.9181 0.0000e+00
     10.273      0.084     0.0943      0.807    146.332  98.109535     0.6006      6.384   149.0391 1.2369e-01     2.4809     10.076     14.614     8.5264   999.9186 0.0000e+00
     10.295      0.089     0.0937      0.801    146.991  98.545096     0.5880      6.384   148.5562 1.2377e-01     2.5014     10.098     14.646     8.5253   999.9191 0.0000e+00
     10.314      0.091     0.0944      0.807    147.491  98.871349     0.5671      6.385   147.9639 1.2380e-01     2.4977     10.113     14.667     8.5232   999.9193 0.0000e+00
     10.335      0.090     0.0954      0.816    147.597  98.934362     0.5566      6.386   147.2976 1.2376e-01     2.5022     10.132     14.695     8.5218   999.9195 0.0000e+00
     10.361      0.089     0.0938      0.802    147.967  99.179628     0.5564      6.386   146.8666 1.2378e-01     2.5552     10.160     14.736     8.5214   999.9199 0.0000e+00
     10.388      0.088     0.0930      0.795    149.461 100.181294     0.5557      6.386   146.5392 1.2381e-01     2.5810     10.190     14.779     8.5195   999.9205 0.0000e+00
     10.409      0.083     0.0951      0.813    151.422 101.494171     0.5571      6.386   146.0916 1.2379e-01     2.5525     10.208     14.806     8.5154   999.9210 0.0000e+00
     10.429      0.075     0.0956      0.818    153.608 102.954920     0.5643      6.386   145.5847 1.2379e-01     2.5390     10.226     14.831     8.5123   999.9213 0.0000e+00
     10.450      0.064     0.0945      0.809    156.924 105.170180     0.5649      6.387   145.0572 1.2374e-01     2.5482     10.250     14.866     8.5115   999.9214 0.0000e+00
     10.468      0.054     0.0942      0.806    161.488 108.216712     0.5479      6.388   144.6177 1.2369e-01     2.5330     10.269     14.893     8.5125   999.9222 0.0000e+00
     10.478      0.045     0.0955      0.816    167.090 111.954795     0.5319      6.388   144.2285 1.2372e-01     2.4540     10.276     14.904     8.5123   999.9231 0.0000e+00
     10.484      0.038     0.0988      0.845    173.003 115.901192     0.5274      6.388   143.7061 1.2373e-01     2.3460     10.281     14.911     8.5101   999.9237 0.0000e+00
     10.490      0.032     0.1002      0.857    179.229 120.059128     0.5278      6.388   143.2052 1.2373e-01     2.2764     10.287     14.921     8.5086   999.9251 0.0000e+00
     10.497      0.029     0.0968      0.828    186.728 125.071990     0.5359      6.389   142.8186 1.2377e-01     2.2677     10.294     14.931     8.5047   999.9271 0.0000e+00
     10.505      0.028     0.0916      0.783    191.298 128.126225     0.5649      6.390   142.3878 1.2376e-01     2.3063     10.302     14.941     8.4991   999.9296 0.0000e+00
     10.513      0.029     0.0895      0.765    193.170 129.381803     0.6011      6.391   141.8677 1.2370e-01     2.3168     10.310     14.954     8.4948   999.9325 0.0000e+00
     10.521      0.029     0.0898      0.767    205.003 137.319202     0.6185      6.390   141.2621 1.2369e-01     2.2972     10.319     14.966     8.4910   999.9343 0.0000e+00
     10.528      0.029     0.0889      0.761    226.434 151.684125     0.6195      6.389   140.6590 1.2371e-01     2.2978     10.323     14.973     8.4881   999.9383 0.0000e+00
     10.535      0.028     0.0881      0.754    236.072 158.139423     0.6300      6.390   140.0819 1.2370e-01     2.2593     10.330     14.984     8.4858   999.9410 0.0000e+00
     10.543      0.025     0.0895      0.766    228.029 152.753126     0.6495      6.391   139.6193 1.2372e-01     2.1591     10.340     14.996     8.4858   999.9386 0.0000e+00
     10.550      0.024     0.0909      0.777    221.375 148.299502     0.6569      6.391   139.4529 1.2382e-01     2.1020     10.347     15.007     8.4899   999.9420 0.0000e+00
     10.556 -9.990e-29 -9.990e-29 -9.990e-29 -9.990e-29 -9.990e-29 -9.990e-29 -9.990e-29 -9.990e-29 1.2383e-01 -9.990e-29     10.353     15.016     8.4936   999.9548 0.0000e+00
     10.560 -9.990e-29 -9.990e-29 -9.990e-29 -9.990e-29 -9.990e-29 -9.990e-29 -9.990e-29 -9.990e-29 1.2373e-01 -9.990e-29     10.356     15.020     8.4911   999.9597 0.0000e+00
     10.562 -9.990e-29 -9.990e-29 -9.990e-29 -9.990e-29 -9.990e-29 -9.990e-29 -9.990e-29 -9.990e-29 1.2365e-01 -9.990e-29     10.358     15.022     8.4914   999.9523 0.0000e+00
     10.562 -9.990e-29 -9.990e-29 -9.990e-29 -9.990e-29 -9.990e-29 -9.990e-29 -9.990e-29 -9.990e-29 1.2364e-01 -9.990e-29     10.359     15.024     8.4949   999.9479 0.0000e+00
