Data/DataNotYetUploadedToEDI/Raw_CTD/RawDownloads/072519_bvr50_a.cnv
* Sea-Bird SBE19plus  Data File:
* FileName = C:\DATA\MSN2_CTD_CASTS_072419\072519_bvr50_a_0001.hex
* Software version 2.8.0.119 SB_Terminal.dll
* Temperature SN = 7809
* Conductivity SN = 7809
* System UpLoad Time = Jul 25 2019 07:18:39
* <ApplicationData>
* <Seaterm232>
# nquan = 16
# nvalues = 781                         
# units = specified
# name 0 = depFM: Depth [fresh water, m]
# name 1 = dz/dtM: Descent Rate [m/s]
# name 2 = sbeox0Mg/L: Oxygen, SBE 43 [mg/l]
# name 3 = sbeox0PS: Oxygen, SBE 43 [% saturation]
# name 4 = specc: Specific Conductance [uS/cm]
# name 5 = c0uS/cm: Conductivity [uS/cm]
# name 6 = flECO-AFL: Fluorescence, WET Labs ECO-AFL/FL [mg/m^3]
# name 7 = ph: pH
# name 8 = orp: Oxidation Reduction Potential [mV]
# name 9 = par/sat/log: PAR/Logarithmic, Satlantic
# name 10 = turbWETntu0: Turbidity, WET Labs ECO [NTU]
# name 11 = prdM: Pressure, Strain Gauge [db]
# name 12 = prdE: Pressure, Strain Gauge [psi]
# name 13 = tv290C: Temperature [ITS-90, deg C]
# name 14 = density00: Density [density, kg/m^3]
# name 15 = flag:  0.000e+00
# span 0 =     -0.650,     10.562       
# span 1 =     -0.024,      0.113       
# span 2 =    -0.0980,     8.9250       
# span 3 =     -0.962,    100.504       
# span 4 =      0.702,    236.072       
# span 5 =   0.602441, 158.139423       
# span 6 =    -0.1613,    17.6430       
# span 7 =     -2.560,      8.914       
# span 8 = -1240.7455,  1086.8937       
# span 9 = 1.2360e-01, 1.2396e-01       
# span 10 =    -0.5835,     8.7131      
# span 11 =     -0.638,     10.359      
# span 12 =     -0.925,     15.024      
# span 13 =     8.4858,    26.3432      
# span 14 =   996.7124,   999.9597      
# span 15 = 0.0000e+00, 0.0000e+00      
# interval = seconds: 0.25
# start_time = Jul 25 2019 04:07:05 [Instrument's time stamp, header]
# bad_flag = -9.990e-29
*END*
[from data line 362]
      2.197      0.080     6.8257     83.729     27.289  27.692470     2.4760      7.224   320.9117 1.2382e-01     1.4880      2.149      3.117    25.7480   996.8774 0.0000e+00
      2.222      0.084     6.7862     83.240     27.289  27.690278     2.4829      7.224   320.9367 1.2388e-01     1.5318      2.178      3.160    25.7432   996.8788 0.0000e+00
      2.249      0.087     6.7650     82.975     27.292  27.691222     2.4985      7.225   321.0010 1.2387e-01     1.5856      2.209      3.203    25.7394   996.8800 0.0000e+00
      2.274      0.087     6.7646     82.964     27.307  27.703882     2.5263      7.226   321.0869 1.2382e-01     1.5812      2.230      3.234    25.7350   996.8813 0.0000e+00
      2.296      0.084     6.7791     83.129     27.323  27.716456     2.5405      7.227   321.1149 1.2383e-01     1.5776      2.252      3.266    25.7308   996.8824 0.0000e+00
      2.316      0.079     6.8040     83.422     27.328  27.716361     2.5403      7.227   321.0816 1.2387e-01     1.6075      2.273      3.296    25.7286   996.8832 0.0000e+00
      2.334      0.074     6.8356     83.797     27.318  27.702729     2.5423      7.227   321.1148 1.2386e-01     1.6150      2.289      3.320    25.7266   996.8837 0.0000e+00
      2.351      0.071     6.8696     84.205     27.298  27.678515     2.5378      7.225   321.2588 1.2378e-01     1.5698      2.306      3.344    25.7220   996.8849 0.0000e+00
      2.368      0.069     6.9001     84.571     27.299  27.677362     2.5295      7.224   321.4452 1.2371e-01     1.5518      2.323      3.368    25.7137   996.8872 0.0000e+00
      2.385      0.066     6.9210     84.817     27.313  27.688785     2.5292      7.223   321.6475 1.2372e-01     1.5945      2.338      3.391    25.7045   996.8897 0.0000e+00
      2.403      0.063     6.9306     84.924     27.318  27.689730     2.5346      7.223   321.7264 1.2378e-01     1.6280      2.356      3.418    25.6969   996.8918 0.0000e+00
      2.421      0.061     6.9282     84.883     27.321  27.688785     2.5417      7.223   321.6248 1.2376e-01     1.6287      2.375      3.445    25.6907   996.8935 0.0000e+00
      2.436      0.059     6.9122     84.676     27.314  27.677354     2.5460      7.223   321.5374 1.2373e-01     1.6032      2.390      3.466    25.6859   996.8948 0.0000e+00
      2.448      0.059     6.8855     84.338     27.319  27.678394     2.5434      7.221   321.6163 1.2379e-01     1.5814      2.400      3.482    25.6804   996.8963 0.0000e+00
      2.459      0.059     6.8512     83.908     27.345  27.701362     2.5441      7.218   321.8041 1.2383e-01     1.5944      2.411      3.496    25.6732   996.8983 0.0000e+00
      2.474      0.060     6.8102     83.396     27.349  27.701268     2.5545      7.216   321.9160 1.2379e-01     1.6298      2.425      3.517    25.6655   996.9005 0.0000e+00
      2.493      0.062     6.7653     82.836     27.329  27.677254     2.5565      7.214   321.9362 1.2375e-01     1.6489      2.445      3.546    25.6583   996.9024 0.0000e+00
      2.511      0.064     6.7222     82.301     27.319  27.664784     2.5433      7.211   322.0477 1.2375e-01     1.6284      2.464      3.573    25.6517   996.9041 0.0000e+00
      2.527      0.065     6.6870     81.866     27.333  27.677378     2.5330      7.208   322.1457 1.2381e-01     1.6112      2.478      3.595    25.6451   996.9060 0.0000e+00
      2.542      0.065     6.6579     81.503     27.360  27.702643     2.4762      7.205   322.1747 1.2384e-01     1.6043      2.492      3.614    25.6382   996.9078 0.0000e+00
      2.559      0.067     6.6303     81.152     27.379  27.716475     2.3590      7.202   322.3983 1.2382e-01     1.5784      2.509      3.639    25.6307   996.9098 0.0000e+00
      2.577      0.071     6.6095     80.883     27.385  27.717723     2.2944      7.198   322.6123 1.2382e-01     1.5594      2.529      3.668    25.6254   996.9114 0.0000e+00
      2.593      0.078     6.5993     80.744     27.390  27.717725     2.3024      7.193   322.6974 1.2380e-01     1.5723      2.543      3.687    25.6249   996.9115 0.0000e+00
      2.610      0.086     6.5956     80.682     27.395  27.716488     2.3692      7.188   322.9109 1.2377e-01     1.6029      2.555      3.706    25.6211   996.9126 0.0000e+00
      2.633      0.091     6.5953     80.660     27.388  27.702762     2.4773      7.184   323.0424 1.2373e-01     1.6015      2.581      3.743    25.6107   996.9155 0.0000e+00
      2.661      0.093     6.5966     80.655     27.372  27.678645     2.5261      7.182   322.9972 1.2372e-01     1.5559      2.610      3.786    25.6005   996.9182 0.0000e+00
      2.691      0.090     6.5989     80.662     27.381  27.678646     2.5253      7.180   322.9671 1.2368e-01     1.5431      2.639      3.826    25.5914   996.9207 0.0000e+00
      2.719      0.083     6.6004     80.660     27.412  27.702756     2.5456      7.180   322.8504 1.2366e-01     1.6101      2.668      3.871    25.5806   996.9237 0.0000e+00
      2.740      0.073     6.5968     80.599     27.432  27.716371     2.5722      7.181   322.7040 1.2368e-01     1.7108      2.690      3.902    25.5677   996.9272 0.0000e+00
      2.754      0.064     6.5871     80.467     27.437  27.716371     2.5787      7.183   322.7455 1.2372e-01     1.7777      2.702      3.918    25.5527   996.9312 0.0000e+00
      2.764      0.059     6.5730     80.281     27.428  27.702747     2.5804      7.184   322.8369 1.2379e-01     1.7961      2.712      3.933    25.5372   996.9353 0.0000e+00
      2.772      0.059     6.5569     80.064     27.411  27.678525     2.5750      7.183   322.8620 1.2381e-01     1.7361      2.716      3.940    25.5238   996.9388 0.0000e+00
      2.784      0.063     6.5393     79.823     27.420  27.677271     2.5570      7.182   322.8767 1.2378e-01     1.6098      2.727      3.954    25.5128   996.9417 0.0000e+00
      2.804      0.069     6.5212     79.573     27.441  27.687569     2.5454      7.181   322.9282 1.2381e-01     1.5473      2.750      3.988    25.5045   996.9440 0.0000e+00
      2.826      0.075     6.5072     79.378     27.438  27.676129     2.5387      7.181   323.1410 1.2377e-01     1.5701      2.772      4.020    25.4963   996.9462 0.0000e+00
      2.848      0.078     6.5006     79.273     27.438  27.665834     2.5368      7.181   323.3855 1.2367e-01     1.5903      2.792      4.051    25.4832   996.9497 0.0000e+00
      2.870      0.078     6.5001     79.234     27.474  27.689963     2.5399      7.181   323.3887 1.2370e-01     1.5957      2.815      4.083    25.4635   996.9550 0.0000e+00
      2.890      0.077     6.4983     79.180     27.510  27.714076     2.5408      7.180   323.3527 1.2378e-01     1.6025      2.836      4.113    25.4414   996.9609 0.0000e+00
      2.908      0.077     6.4888     79.038     27.510  27.703582     2.5385      7.177   323.4654 1.2378e-01     1.6069      2.852      4.137    25.4261   996.9649 0.0000e+00
      2.924      0.078     6.4782     78.880     27.507  27.689960     2.5385      7.174   323.6331 1.2373e-01     1.6157      2.867      4.158    25.4126   996.9684 0.0000e+00
      2.943      0.078     6.4755     78.803     27.509  27.676244     2.5500      7.173   323.8325 1.2372e-01     1.6770      2.884      4.183    25.3882   996.9749 0.0000e+00
      2.964      0.078     6.4797     78.798     27.519  27.664599     2.5557      7.172   323.9824 1.2377e-01     1.7580      2.907      4.216    25.3616   996.9820 0.0000e+00
      2.988      0.078     6.4846     78.799     27.553  27.676023     2.5474      7.170   324.0689 1.2381e-01     1.7749      2.933      4.252    25.3460   996.9861 0.0000e+00
      3.010      0.078     6.4856     78.756     27.585  27.687445     2.5445      7.168   324.1043 1.2375e-01     1.7502      2.953      4.282    25.3319   996.9898 0.0000e+00
      3.028      0.077     6.4859     78.710     27.592  27.675790     2.5550      7.167   324.0667 1.2366e-01     1.7551      2.969      4.306    25.3005   996.9980 0.0000e+00
      3.044      0.075     6.4900     78.713     27.596  27.661962     2.5787      7.165   324.0440 1.2368e-01     1.8015      2.984      4.328    25.2568   997.0094 0.0000e+00
      3.062      0.073     6.4948     78.723     27.600  27.647104     2.5980      7.164   324.0873 1.2373e-01     1.8193      3.002      4.354    25.2150   997.0203 0.0000e+00
      3.082      0.072     6.4945     78.671     27.594  27.623010     2.6057      7.163   324.1600 1.2377e-01     1.8067      3.022      4.384    25.1778   997.0300 0.0000e+00
      3.102      0.070     6.4850     78.507     27.614  27.624387     2.7071      7.161   324.2360 1.2383e-01     1.8127      3.042      4.412    25.1445   997.0387 0.0000e+00
      3.121      0.068     6.4660     78.231     27.671  27.663723     2.9049      7.157   324.3178 1.2382e-01     1.8261      3.061      4.440    25.1133   997.0469 0.0000e+00
      3.138      0.067     6.4410     77.882     27.743  27.717932     3.0123      7.156   324.5463 1.2373e-01     1.8379      3.079      4.466    25.0793   997.0557 0.0000e+00
      3.152      0.068     6.4073     77.427     27.817  27.772245     3.0082      7.156   324.8473 1.2369e-01     1.8244      3.093      4.486    25.0447   997.0646 0.0000e+00
      3.165      0.072     6.3662     76.877     27.878  27.812830     2.8990      7.155   325.0318 1.2371e-01     1.7929      3.101      4.498    25.0121   997.0730 0.0000e+00
      3.181      0.078     6.3314     76.400     27.916  27.827943     2.7064      7.152   325.2293 1.2375e-01     1.8180      3.117      4.520    24.9798   997.0814 0.0000e+00
      3.204      0.084     6.3121     76.107     27.939  27.828062     2.6030      7.149   325.3417 1.2374e-01     1.8653      3.143      4.559    24.9490   997.0893 0.0000e+00
      3.229      0.090     6.3012     75.912     27.951  27.814236     2.5936      7.148   325.3589 1.2374e-01     1.8405      3.167      4.594    24.9168   997.0977 0.0000e+00
      3.254      0.092     6.2847     75.639     27.955  27.787627     2.6026      7.147   325.5232 1.2378e-01     1.7806      3.189      4.626    24.8782   997.1077 0.0000e+00
      3.281      0.091     6.2576     75.229     27.961  27.760062     2.7375      7.147   325.7788 1.2380e-01     1.7639      3.218      4.666    24.8361   997.1186 0.0000e+00
      3.306      0.086     6.2157     74.646     27.968  27.734680     2.9937      7.147   325.9541 1.2381e-01     1.8021      3.245      4.706    24.7960   997.1289 0.0000e+00
      3.327      0.079     6.1543     73.843     27.995  27.734465     3.1340      7.145   326.0951 1.2378e-01     1.8491      3.264      4.734    24.7539   997.1397 0.0000e+00
      3.346      0.070     6.0831     72.937     28.040  27.757413     3.1334      7.143   326.2782 1.2372e-01     1.8410      3.281      4.758    24.6986   997.1538 0.0000e+00
      3.363      0.064     6.0171     72.102     28.059  27.758341     3.0039      7.142   326.4482 1.2378e-01     1.8683      3.299      4.785    24.6334   997.1704 0.0000e+00
      3.378      0.060     5.9628     71.416     28.061  27.745654     2.7557      7.142   326.6876 1.2384e-01     1.9823      3.315      4.807    24.5739   997.1855 0.0000e+00
      3.388      0.059     5.9197     70.863     28.062  27.730889     2.6117      7.141   326.9353 1.2374e-01     2.0400      3.322      4.819    24.5267   997.1974 0.0000e+00
      3.400      0.061     5.8906     70.475     28.054  27.706675     2.5986      7.140   327.1210 1.2363e-01     2.0418      3.331      4.831    24.4878   997.2072 0.0000e+00
      3.416      0.064     5.8821     70.345     28.067  27.706640     2.6315      7.140   327.2977 1.2368e-01     2.0034      3.351      4.859    24.4567   997.2152 0.0000e+00
      3.435      0.069     5.8964     70.500     28.098  27.730446     2.6973      7.139   327.4365 1.2378e-01     1.8708      3.368      4.885    24.4326   997.2213 0.0000e+00
      3.454      0.072     5.9326     70.910     28.118  27.740723     2.7348      7.138   327.5947 1.2380e-01     1.7818      3.386      4.911    24.4066   997.2279 0.0000e+00
      3.475      0.072     5.9848     71.486     28.101  27.704002     2.7298      7.136   327.6620 1.2378e-01     1.8131      3.409      4.944    24.3712   997.2369 0.0000e+00
      3.495      0.071     6.0424     72.096     28.097  27.667093     2.7064      7.135   327.6487 1.2375e-01     1.8881      3.427      4.971    24.3471   997.2430 0.0000e+00
      3.513      0.070     6.0980     72.662     28.146  27.675071     2.6775      7.134   327.8642 1.2373e-01     1.9676      3.446      4.997    24.3432   997.2440 0.0000e+00
      3.528      0.071     6.1466     73.143     28.186  27.673515     2.6668      7.131   328.2013 1.2372e-01     2.0207      3.461      5.020    24.3312   997.2471 0.0000e+00
      3.542      0.072     6.1821     73.478     28.196  27.648219     2.6721      7.127   328.3696 1.2371e-01     2.0379      3.473      5.037    24.2967   997.2558 0.0000e+00
      3.558      0.073     6.2026     73.645     28.202  27.622949     2.6714      7.124   328.4357 1.2372e-01     2.0447      3.487      5.058    24.2343   997.2713 0.0000e+00
      3.580      0.075     6.2172     73.748     28.232  27.621705     2.6503      7.121   328.4851 1.2375e-01     2.0704      3.510      5.090    24.1564   997.2908 0.0000e+00
      3.605      0.077     6.2402     73.951     28.272  27.633130     2.6169      7.120   328.5365 1.2375e-01     2.0861      3.537      5.130    24.0821   997.3094 0.0000e+00
      3.626      0.078     6.2769     74.318     28.301  27.634160     2.5968      7.120   328.6261 1.2374e-01     2.0716      3.557      5.158    24.0201   997.3249 0.0000e+00
      3.643      0.078     6.3224     74.792     28.327  27.634122     2.5975      7.119   328.7082 1.2378e-01     2.0589      3.572      5.180    23.9665   997.3381 0.0000e+00
      3.661      0.077     6.3674     75.266     28.351  27.632642     2.6433      7.117   328.8407 1.2380e-01     2.0964      3.590      5.207    23.9135   997.3512 0.0000e+00
      3.681      0.075     6.4045     75.647     28.357  27.616224     2.7256      7.116   329.1100 1.2377e-01     2.1974      3.609      5.234    23.8649   997.3633 0.0000e+00
      3.701      0.075     6.4307     75.895     28.327  27.562473     2.7770      7.115   329.2974 1.2372e-01     2.2633      3.629      5.264    23.8162   997.3753 0.0000e+00
      3.720      0.075     6.4387     75.929     28.278  27.490252     2.7792      7.114   329.2998 1.2366e-01     2.2383      3.649      5.293    23.7682   997.3871 0.0000e+00
      3.739      0.074     6.4196     75.639     28.253  27.440856     2.7094      7.113   329.3111 1.2366e-01     2.1568      3.667      5.318    23.7278   997.3971 0.0000e+00
      3.759      0.074     6.3791     75.095     28.248  27.409294     2.6006      7.112   329.5210 1.2373e-01     2.0638      3.685      5.345    23.6894   997.4065 0.0000e+00
      3.779      0.074     6.3349     74.508     28.227  27.362378     2.5562      7.111   329.9439 1.2373e-01     2.0327      3.707      5.376    23.6462   997.4172 0.0000e+00
      3.796      0.076     6.2971     73.991     28.212  27.317660     2.5547      7.108   330.2944 1.2368e-01     2.0423      3.723      5.401    23.6028   997.4278 0.0000e+00
      3.812      0.079     6.2661     73.547     28.240  27.312673     2.5211      7.106   330.4895 1.2373e-01     2.0165      3.737      5.421    23.5592   997.4384 0.0000e+00
      3.832      0.083     6.2403     73.177     28.257  27.302035     2.4623      7.103   330.6676 1.2380e-01     2.0157      3.757      5.449    23.5105   997.4503 0.0000e+00
      3.855      0.085     6.2214     72.910     28.159  27.189000     2.4330      7.101   330.8141 1.2381e-01     2.0651      3.781      5.484    23.4633   997.4617 0.0000e+00
