Data/DataNotYetUploadedToEDI/Raw_CTD/RawDownloads/072522_bvr50_S7809001.cnv
* Sea-Bird SBE19plus  Data File:
* FileName = C:\R\Reservoirs\Data\DataNotYetUploadedToEDI\Raw_CTD\RawDownloads\072522_bvr50_S7809_0001.hex
* Software version 2.8.0.119
* Temperature SN = 7809
* Conductivity SN = 7809
* System UpLoad Time = Jul 25 2022 15:13:55
* <ApplicationData>
* <Seaterm232>
# nquan = 15
# nvalues = 1518                        
# units = specified
# name 0 = depFM: Depth [fresh water, m]
# name 1 = dz/dtM: Descent Rate [m/s]
# name 2 = sbeox0Mg/L: Oxygen, SBE 43 [mg/l]
# name 3 = sbeox0PS: Oxygen, SBE 43 [% saturation]
# name 4 = specc: Specific Conductance [uS/cm]
# name 5 = c0uS/cm: Conductivity [uS/cm]
# name 6 = flECO-AFL: Fluorescence, WET Labs ECO-AFL/FL [mg/m^3]
# name 7 = ph: pH
# name 8 = orp: Oxidation Reduction Potential [mV]
# name 9 = par/sat/log: PAR/Logarithmic, Satlantic
# name 10 = turbWETntu0: Turbidity, WET Labs ECO [NTU]
# name 11 = prdM: Pressure, Strain Gauge [db]
# name 12 = prdE: Pressure, Strain Gauge [psi]
# name 13 = tv290C: Temperature [ITS-90, deg C]
# name 14 = flag:  0.000e+00
# span 0 =     -0.728,      7.286       
# span 1 =     -0.297,      0.253       
# span 2 =     0.0418,     7.8804       
# span 3 =      0.407,    100.508       
# span 4 =      0.229,    122.212       
# span 5 =   0.250771,  85.788599       
# span 6 =    -0.1924,    31.5761       
# span 7 =      5.871,      8.366       
# span 8 = -1240.7455,   289.1984       
# span 9 = 1.2348e-01, 5.7897e+02       
# span 10 =    -1.9764,    51.8585      
# span 11 =     -0.715,      7.145      
# span 12 =     -1.036,     10.363      
# span 13 =    10.0226,    29.6519      
# span 14 = 0.0000e+00, 0.0000e+00      
# interval = seconds: 0.25
# start_time = Jul 25 2022 07:02:03 [Instrument's time stamp, header]
# bad_flag = -9.990e-29
*END*
[from data line 1254]
      4.155     -0.093     0.0591      0.535    106.786  75.878294     3.1519      7.376  -135.8579 9.2806e-01     4.1318      4.075      5.911    10.4886 0.0000e+00
      4.125     -0.107     0.0626      0.525    106.610  75.787090     3.1381      7.376  -136.0369 1.0139e+00     4.0902      4.047      5.870    10.4926 0.0000e+00
      4.093     -0.116     0.0633      0.519    106.501  75.739646     3.1420      7.377  -136.2501 1.0989e+00     4.1002      4.013      5.821    10.4958 0.0000e+00
      4.061     -0.119     0.0601      0.509    106.569  75.813004     3.1659      7.377  -136.3716 1.1838e+00     4.1158      3.983      5.777    10.5065 0.0000e+00
      4.030     -0.117     0.0600      0.487    106.681  75.911604     3.2187      7.377  -136.3868 1.2791e+00     4.1075      3.952      5.732    10.5265 0.0000e+00
      3.999     -0.112     0.0583      0.473    106.753  75.978738     3.2486      7.377  -136.3487 1.3747e+00     4.0684      3.920      5.686    10.5427 0.0000e+00
      3.970     -0.107     0.0575      0.481    106.749  75.989336     3.2519      7.379  -136.5988 1.4582e+00     4.0870      3.892      5.645    10.5558 0.0000e+00
      3.944     -0.104     0.0581      0.504    106.629  75.912678     3.2830      7.380  -137.0877 1.5354e+00     4.2642      3.867      5.609    10.5686 0.0000e+00
      3.921     -0.103     0.0533      0.521    106.307  75.687287     3.3423      7.380  -137.2693 1.6133e+00     4.5028      3.845      5.576    10.5768 0.0000e+00
      3.898     -0.101     0.0516      0.525    105.929  75.424481     3.3775      7.380  -137.2459 1.7013e+00     4.6147      3.825      5.547    10.5841 0.0000e+00
      3.872     -0.097     0.0530      0.540    105.797  75.340202     3.3850      7.380  -137.2353 1.8266e+00     4.6604      3.801      5.512    10.5910 0.0000e+00
      3.842     -0.093     0.0561      0.559    105.733  75.303686     3.4575      7.380  -137.3136 1.9682e+00     4.8848      3.767      5.464    10.5949 0.0000e+00
      3.813     -0.090     0.0592      0.557    105.446  75.110059     3.6055      7.380  -137.4179 2.0592e+00     5.2439      3.735      5.417    10.5954 0.0000e+00
      3.794     -0.088     0.0576      0.544    104.958  74.778126     3.6917      7.380  -137.2922 2.1039e+00     5.4158      3.717      5.392    10.5978 0.0000e+00
      3.781     -0.088     0.0595      0.539    104.584  74.530698     3.7011      7.380  -137.0844 2.1713e+00     5.4600      3.710      5.381    10.6042 0.0000e+00
      3.763     -0.092     0.0639      0.538    104.470  74.469293     3.7036      7.380  -136.9704 2.2978e+00     5.5399      3.694      5.358    10.6071 0.0000e+00
      3.737     -0.102     0.0624      0.528    104.101  74.226312     3.7047      7.380  -137.1172 2.4397e+00     5.5967      3.665      5.315    10.6116 0.0000e+00
      3.710     -0.116     0.0595      0.508    103.038  73.498878     3.7061      7.381  -137.3972 2.5812e+00     5.6001      3.637      5.275    10.6201 0.0000e+00
      3.681     -0.127     0.0602      0.501    101.787  72.662563     3.7034      7.381  -137.4305 2.7905e+00     5.5468      3.613      5.240    10.6287 0.0000e+00
      3.644     -0.131     0.0597      0.510    101.100  72.246548     3.7058      7.381  -137.4340 3.0857e+00     5.5323      3.577      5.187    10.6395 0.0000e+00
      3.601     -0.130     0.0596      0.512    101.059  72.280756     3.7521      7.381  -137.4390 3.4046e+00     5.8349      3.529      5.118    10.6478 0.0000e+00
      3.561     -0.129     0.0556      0.505    100.878  72.186836     3.8386      7.381  -137.6632 3.6700e+00     6.4046      3.488      5.059    10.6572 0.0000e+00
      3.532     -0.127     0.0543      0.499     99.690  71.365061     3.8934      7.381  -138.2523 3.8515e+00     6.7492      3.460      5.018    10.6867 0.0000e+00
      3.511     -0.121     0.0577      0.502     98.190  70.349007     3.8995      7.381  -138.1943 4.0689e+00     6.8247      3.445      4.998    10.7303 0.0000e+00
      3.486     -0.112     0.0569      0.504     97.851  70.192840     3.9205      7.382  -137.4788 4.5114e+00     6.9758      3.424      4.967    10.7651 0.0000e+00
      3.449     -0.107     0.0563      0.503     98.357  70.620352     3.9649      7.382  -136.9152 5.0754e+00     7.2444      3.382      4.905    10.7802 0.0000e+00
      3.413     -0.105     0.0543      0.501     98.074  70.436298     3.9857      7.382  -136.5417 5.4594e+00     7.4414      3.341      4.846    10.7830 0.0000e+00
      3.390     -0.104     0.0561      0.500     97.180  69.809635     3.9975      7.383  -136.3182 5.6741e+00     7.5477      3.322      4.819    10.8121 0.0000e+00
      3.373     -0.099     0.0558      0.506     96.821  69.586197     4.0665      7.385  -136.1918 5.9877e+00     7.6760      3.312      4.804    10.8701 0.0000e+00
      3.351     -0.090     0.0551      0.511     97.033  69.767462     4.1700      7.385  -135.9601 6.4998e+00     7.8318      3.289      4.770    10.9096 0.0000e+00
      3.323     -0.082     0.0560      0.519     97.291  69.968673     4.2258      7.385  -135.5818 7.0413e+00     7.8943      3.257      4.724    10.9061 0.0000e+00
      3.297     -0.077     0.0540      0.519     97.117  69.859331     4.2415      7.386  -135.2317 7.5024e+00     7.8508      3.231      4.688    10.9077 0.0000e+00
      3.277     -0.072     0.0567      0.510     96.721  69.588811     4.2932      7.387  -134.9958 7.8024e+00     7.8518      3.210      4.656    10.9366 0.0000e+00
      3.264     -0.067     0.0557      0.510     96.477  69.429241     4.3849      7.387  -134.7943 7.9309e+00     7.9064      3.199      4.639    10.9508 0.0000e+00
      3.254     -0.063     0.0577      0.506     96.307  69.327436     4.4343      7.387  -134.6021 8.1518e+00     7.9646      3.194      4.633    10.9547 0.0000e+00
      3.241     -0.062     0.0582      0.497     95.908  69.056621     4.4412      7.387  -134.3926 8.5262e+00     8.0086      3.180      4.612    10.9648 0.0000e+00
      3.224     -0.061     0.0551      0.501     95.397  68.695589     4.4514      7.388  -134.1544 8.9393e+00     7.9949      3.161      4.585    10.9715 0.0000e+00
      3.204     -0.058     0.0568      0.508     94.520  68.074603     4.4579      7.390  -133.8729 9.3834e+00     7.9357      3.143      4.559    10.9771 0.0000e+00
      3.184     -0.051     0.0563      0.503     93.078  67.074058     4.4533      7.390  -133.5709 9.7727e+00     7.8734      3.121      4.526    10.9919 0.0000e+00
      3.168     -0.042     0.0537      0.501     91.931  66.315680     4.4533      7.390  -133.3417 9.9382e+00     7.8899      3.102      4.499    11.0010 0.0000e+00
      3.161     -0.033     0.0550      0.505     91.170  65.828035     4.4922      7.390  -133.3391 9.9060e+00     7.9994      3.097      4.494    11.0030 0.0000e+00
      3.160     -0.029     0.0575      0.498     90.920  65.687140     4.5568      7.391  -133.6259 9.8506e+00     8.1043      3.099      4.496    11.0032 0.0000e+00
      3.160     -0.032     0.0547      0.474     91.333  66.009335     4.5772      7.392  -134.1414 9.8228e+00     8.1335      3.099      4.495    11.0181 0.0000e+00
      3.157     -0.043     0.0550      0.451     91.087  65.849705     4.5646      7.393  -134.8403 9.9332e+00     8.1138      3.099      4.495    11.0694 0.0000e+00
      3.147     -0.060     0.0558      0.442     89.800  64.963672     4.5625      7.394  -135.1069 1.0310e+01     8.1047      3.090      4.481    11.1057 0.0000e+00
      3.127     -0.078     0.0559      0.433     88.792  64.314340     4.5257      7.393  -134.8692 1.0907e+01     7.9203      3.069      4.451    11.1214 0.0000e+00
      3.100     -0.091     0.0520      0.422     88.553  64.222326     4.4527      7.393  -134.8058 1.1600e+01     7.5239      3.043      4.413    11.1390 0.0000e+00
      3.069     -0.098     0.0484      0.425     88.488  64.232259     4.4125      7.393  -134.4265 1.2268e+01     7.2748      3.010      4.366    11.1374 0.0000e+00
      3.037     -0.098     0.0489      0.443     88.181  64.053484     4.4313      7.394  -133.2947 1.2832e+01     7.2312      2.975      4.315    11.1582 0.0000e+00
      3.011     -0.093     0.0478      0.451     87.564  63.648369     4.6299      7.395  -132.2202 1.3245e+01     7.2016      2.950      4.279    11.2156 0.0000e+00
      2.992     -0.085     0.0457      0.454     86.809  63.144174     4.9746      7.397  -131.7596 1.3578e+01     7.1898      2.933      4.256    11.2656 0.0000e+00
      2.975     -0.077     0.0452      0.467     86.065  62.656370     5.1618      7.399  -131.5113 1.3947e+01     7.2255      2.918      4.232    11.2942 0.0000e+00
      2.957     -0.072     0.0498      0.476     85.427  62.258833     5.1863      7.402  -131.0250 1.4329e+01     7.2577      2.900      4.205    11.3154 0.0000e+00
      2.939     -0.070     0.0495      0.476     85.195  62.147511     5.2216      7.404  -130.2673 1.4679e+01     7.2722      2.882      4.179    11.3420 0.0000e+00
      2.922     -0.069     0.0488      0.474     85.320  62.262901     5.2725      7.404  -129.4921 1.5015e+01     7.2632      2.866      4.157    11.3656 0.0000e+00
      2.905     -0.069     0.0513      0.471     85.303  62.257114     5.2944      7.405  -129.0507 1.5374e+01     7.2513      2.850      4.133    11.3932 0.0000e+00
      2.885     -0.071     0.0525      0.461     84.519  61.696568     5.3107      7.405  -128.8031 1.5753e+01     7.2310      2.829      4.103    11.4385 0.0000e+00
      2.867     -0.074     0.0518      0.448     82.753  60.437918     5.4278      7.405  -128.2189 1.6086e+01     7.1555      2.810      4.077    11.4815 0.0000e+00
      2.852     -0.076     0.0513      0.438     81.621  59.673807     5.6286      7.405  -127.4072 1.6424e+01     7.0554      2.797      4.058    11.4884 0.0000e+00
      2.834     -0.077     0.0521      0.434     82.346  60.267232     5.7499      7.405  -127.2477 1.6930e+01     7.0107      2.782      4.034    11.4859 0.0000e+00
      2.811     -0.076     0.0502      0.445     83.518  61.137097     5.7952      7.404  -127.7540 1.7556e+01     7.0247      2.756      3.997    11.4944 0.0000e+00
      2.786     -0.072     0.0485      0.466     84.043  61.493086     6.0766      7.404  -127.9355 1.8088e+01     7.0542      2.731      3.959    11.5035 0.0000e+00
      2.766     -0.067     0.0481      0.492     84.120  61.523775     6.5976      7.404  -127.5499 1.8486e+01     7.1281      2.713      3.933    11.5494 0.0000e+00
      2.749     -0.061     0.0459      0.513     83.939  61.381127     6.8838      7.403  -127.1355 1.8770e+01     7.2355      2.695      3.909    11.6077 0.0000e+00
      2.738     -0.056     0.0482      0.523     83.114  60.784244     6.9652      7.402  -126.9696 1.8953e+01     7.2586      2.682      3.891    11.6086 0.0000e+00
      2.730     -0.052     0.0505      0.527     81.237  59.449685     7.6401      7.402  -127.0062 1.9197e+01     6.8613      2.679      3.885    11.5776 0.0000e+00
      2.718     -0.051     0.0536      0.521     79.392  58.196873     8.8683      7.402  -127.1486 1.9598e+01     6.1557      2.668      3.869    11.5628 0.0000e+00
      2.703     -0.052     0.0568      0.514     78.199  57.445322     9.5389      7.401  -127.2286 2.0034e+01     5.7980      2.650      3.842    11.5571 0.0000e+00
      2.688     -0.053     0.0567      0.499     76.730  56.457257     9.5975      7.401  -127.0261 2.0445e+01     5.7816      2.636      3.823    11.5601 0.0000e+00
      2.674     -0.054     0.0584      0.484     74.835  55.137401     9.5767      7.401  -126.5073 2.0890e+01     5.7524      2.623      3.804    11.5706 0.0000e+00
      2.659     -0.052     0.0560      0.484     72.733  53.674594     9.3541      7.401  -125.9463 2.1306e+01     5.2747      2.607      3.782    11.6391 0.0000e+00
      2.646     -0.050     0.0562      0.483     70.735  52.290039     8.9607      7.401  -125.5771 2.1642e+01     4.3776      2.594      3.763    11.7439 0.0000e+00
      2.634     -0.050     0.0543      0.455     69.655  51.598235     8.7572      7.401  -125.3130 2.1959e+01     3.8897      2.583      3.746    11.7902 0.0000e+00
      2.623     -0.051     0.0512      0.423     69.130  51.339449     8.7492      7.401  -125.1616 2.2319e+01     3.8506      2.573      3.731    11.8300 0.0000e+00
      2.612     -0.051     0.0521      0.421     68.617  51.065082     8.9146      7.401  -125.2100 2.2771e+01     3.7340      2.562      3.716    11.8985 0.0000e+00
      2.598     -0.052     0.0539      0.429     68.466  51.009858     9.2421      7.401  -125.2099 2.3290e+01     3.5387      2.548      3.695    11.9579 0.0000e+00
      2.583     -0.054     0.0496      0.425     68.632  51.179507     9.4213      7.402  -124.9019 2.3826e+01     3.4709      2.533      3.673    12.0212 0.0000e+00
      2.568     -0.059     0.0432      0.416     68.977  51.466352     9.4338      7.401  -124.3245 2.4305e+01     3.4601      2.517      3.651    12.1382 0.0000e+00
      2.555     -0.064     0.0450      0.411     69.624  51.939623     9.4761      7.401  -123.7361 2.4774e+01     3.5451      2.506      3.635    12.2296 0.0000e+00
      2.541     -0.070     0.0468      0.407     70.266  52.395857     9.5747      7.401  -123.2939 2.5426e+01     3.7810      2.494      3.617    12.2437 0.0000e+00
      2.522     -0.076     0.0457      0.424     69.676  51.968893     9.6438      7.401  -123.1078 2.6242e+01     3.8875      2.474      3.589    12.2848 0.0000e+00
      2.501     -0.083     0.0437      0.439     67.876  50.711833     9.6551      7.401  -123.4658 2.7139e+01     3.8757      2.452      3.558    12.3203 0.0000e+00
      2.478     -0.089     0.0451      0.425     66.416  49.762429     9.5030      7.400  -124.1813 2.8149e+01     3.8772      2.430      3.525    12.3000 0.0000e+00
      2.453     -0.093     0.0418      0.418     65.101  48.930162     9.1941      7.400  -124.3585 2.9236e+01     3.8721      2.406      3.490    12.2736 0.0000e+00
      2.427     -0.092     0.0452      0.419     63.589  47.946387     9.0261      7.400  -123.6292 3.0322e+01     3.8821      2.380      3.451    12.2669 0.0000e+00
      2.401     -0.088     0.0496      0.425     62.914  47.576181     9.0445      7.399  -122.7628 3.1357e+01     3.8956      2.354      3.414    12.3373 0.0000e+00
      2.377     -0.083     0.0436      0.438     63.105  47.817196     9.2748      7.398  -122.5731 3.2260e+01     3.7967      2.330      3.380    12.4631 0.0000e+00
      2.357     -0.078     0.0446      0.445     63.868  48.449471     9.6713      7.398  -122.8842 3.2973e+01     3.5743      2.309      3.350    12.5755 0.0000e+00
      2.341     -0.073     0.0442      0.454     65.171  49.446793     9.8770      7.396  -123.3411 3.3581e+01     3.4269      2.295      3.328    12.7022 0.0000e+00
      2.326     -0.071     0.0441      0.472     65.691  49.786435     9.9056      7.394  -123.8808 3.4320e+01     3.3812      2.282      3.311    12.8222 0.0000e+00
      2.310     -0.071     0.0472      0.489     64.355  48.685215    10.0505      7.394  -124.0755 3.5220e+01     3.3285      2.266      3.287    12.8950 0.0000e+00
      2.291     -0.070     0.0468      0.515     61.143  46.221131    10.2965      7.393  -123.8019 3.6127e+01     3.2336      2.247      3.259    12.9350 0.0000e+00
      2.270     -0.066     0.0470      0.542     57.693  43.722561    10.4161      7.392  -123.3259 3.7121e+01     3.1563      2.228      3.232    12.9547 0.0000e+00
      2.249     -0.060     0.0506      0.547     56.213  42.837446    10.4161      7.391  -123.0532 3.8109e+01     3.1455      2.205      3.198    12.9049 0.0000e+00
      2.232     -0.054     0.0510      0.543     54.946  42.117781    10.4125      7.390  -122.7425 3.8705e+01     3.1715      2.184      3.168    12.8078 0.0000e+00
