Data/DataNotYetUploadedToEDI/Raw_CTD/RawDownloads/072519_bvr50_a.cnv
* Sea-Bird SBE19plus  Data File:
* FileName = C:\DATA\MSN2_CTD_CASTS_072419\072519_bvr50_a_0001.hex
* Software version 2.8.0.119 SB_Terminal.dll
* Temperature SN = 7809
* Conductivity SN = 7809
* System UpLoad Time = Jul 25 2019 07:18:39
* <ApplicationData>
* <Seaterm232>
# nquan = 16
# nvalues = 781                         
# units = specified
# name 0 = depFM: Depth [fresh water, m]
# name 1 = dz/dtM: Descent Rate [m/s]
# name 2 = sbeox0Mg/L: Oxygen, SBE 43 [mg/l]
# name 3 = sbeox0PS: Oxygen, SBE 43 [% saturation]
# name 4 = specc: Specific Conductance [uS/cm]
# name 5 = c0uS/cm: Conductivity [uS/cm]
# name 6 = flECO-AFL: Fluorescence, WET Labs ECO-AFL/FL [mg/m^3]
# name 7 = ph: pH
# name 8 = orp: Oxidation Reduction Potential [mV]
# name 9 = par/sat/log: PAR/Logarithmic, Satlantic
# name 10 = turbWETntu0: Turbidity, WET Labs ECO [NTU]
# name 11 = prdM: Pressure, Strain Gauge [db]
# name 12 = prdE: Pressure, Strain Gauge [psi]
# name 13 = tv290C: Temperature [ITS-90, deg C]
# name 14 = density00: Density [density, kg/m^3]
# name 15 = flag:  0.000e+00
# span 0 =     -0.650,     10.562       
# span 1 =     -0.024,      0.113       
# span 2 =    -0.0980,     8.9250       
# span 3 =     -0.962,    100.504       
# span 4 =      0.702,    236.072       
# span 5 =   0.602441, 158.139423       
# span 6 =    -0.1613,    17.6430       
# span 7 =     -2.560,      8.914       
# span 8 = -1240.7455,  1086.8937       
# span 9 = 1.2360e-01, 1.2396e-01       
# span 10 =    -0.5835,     8.7131      
# span 11 =     -0.638,     10.359      
# span 12 =     -0.925,     15.024      
# span 13 =     8.4858,    26.3432      
# span 14 =   996.7124,   999.9597      
# span 15 = 0.0000e+00, 0.0000e+00      
# interval = seconds: 0.25
# start_time = Jul 25 2019 04:07:05 [Instrument's time stamp, header]
# bad_flag = -9.990e-29
*END*
[from data line 91]
     -0.134      0.013     6.1104     74.825     27.282  27.632951     1.7551      8.708   327.6724 1.2382e-01     1.3285     -0.132     -0.191    25.6354   996.8967 0.0000e+00
     -0.133      0.008     6.0773     74.437     27.354  27.712312     1.7876      8.689   327.6179 1.2378e-01     1.3334     -0.128     -0.186    25.6303   996.8980 0.0000e+00
     -0.134      0.005     6.0481     74.094     27.377  27.741339     1.8026      8.674   327.6825 1.2382e-01     1.3466     -0.130     -0.190    25.6233   996.8998 0.0000e+00
     -0.137      0.004     6.0423     74.036     27.360  27.730145     1.7966      8.660   327.8520 1.2384e-01     1.3567     -0.137     -0.198    25.6240   996.8996 0.0000e+00
     -0.137      0.005     6.0656     74.341     27.326  27.703864     1.8459      8.646   327.9462 1.2384e-01     1.3582     -0.135     -0.196    25.6343   996.8970 0.0000e+00
     -0.133      0.007     6.1014     74.803     27.291  27.677364     1.9567      8.631   327.8759 1.2381e-01     1.3647     -0.130     -0.188    25.6528   996.8922 0.0000e+00
     -0.130      0.011     6.1461     75.374     27.268  27.663521     2.0175      8.616   327.8620 1.2377e-01     1.3374     -0.127     -0.185    25.6601   996.8903 0.0000e+00
     -0.127      0.014     6.2021     76.074     27.263  27.663397     2.0263      8.602   327.8639 1.2373e-01     1.3219     -0.125     -0.181    25.6677   996.8883 0.0000e+00
     -0.123      0.015     6.2579     76.754     27.277  27.675876     1.9681      8.591   327.8134 1.2372e-01     1.3418     -0.121     -0.175    25.6854   996.8837 0.0000e+00
     -0.119      0.016     6.3016     77.277     27.294  27.687516     1.8332      8.580   327.8538 1.2374e-01     1.3482     -0.118     -0.170    25.7005   996.8797 0.0000e+00
     -0.114      0.017     6.3296     77.605     27.289  27.677239     1.7485      8.568   327.9212 1.2374e-01     1.3339     -0.112     -0.163    25.7200   996.8746 0.0000e+00
     -0.110      0.017     6.3444     77.770     27.297  27.678489     1.7328      8.558   328.1127 1.2371e-01     1.3333     -0.107     -0.156    25.7336   996.8710 0.0000e+00
     -0.105      0.016     6.3508     77.833     27.327  27.702619     1.7385      8.547   328.4477 1.2370e-01     1.3404     -0.104     -0.150    25.7275   996.8726 0.0000e+00
     -0.100      0.013     6.3548     77.872     27.342  27.715204     1.8350      8.534   328.7022 1.2371e-01     1.3217     -0.098     -0.142    25.7159   996.8757 0.0000e+00
     -0.096      0.010     6.3601     77.936     27.332  27.703764     2.0056      8.522   328.9541 1.2376e-01     1.3032     -0.094     -0.137    25.7059   996.8783 0.0000e+00
     -0.094      0.007     6.3689     78.051     27.317  27.691188     2.0940      8.511   329.1701 1.2372e-01     1.2817     -0.092     -0.134    25.6931   996.8818 0.0000e+00
     -0.094      0.004     6.3818     78.220     27.311  27.690044     2.0966      8.499   329.1624 1.2367e-01     1.2580     -0.091     -0.132    25.6805   996.8851 0.0000e+00
     -0.094      0.002     6.3975     78.433     27.303  27.689939     2.1071      8.489   329.1192 1.2368e-01     1.2788     -0.092     -0.133    25.6726   996.8872 0.0000e+00
     -0.094      0.000     6.4145     78.664     27.294  27.689928     2.1433      8.479   329.1638 1.2370e-01     1.3365     -0.093     -0.135    25.6736   996.8869 0.0000e+00
     -0.094      0.000     6.4300     78.870     27.288  27.689927     2.1696      8.469   329.2710 1.2369e-01     1.3650     -0.093     -0.134    25.6793   996.8854 0.0000e+00
     -0.095      0.000     6.4425     79.025     27.288  27.689927     2.1661      8.460   329.4697 1.2369e-01     1.3612     -0.093     -0.136    25.6851   996.8839 0.0000e+00
     -0.095      0.001     6.4499     79.110     27.291  27.689936     2.1348      8.452   329.6732 1.2377e-01     1.3564     -0.095     -0.137    25.6999   996.8800 0.0000e+00
     -0.095      0.001     6.4505     79.110     27.293  27.690031     2.0858      8.445   329.9247 1.2384e-01     1.3394     -0.094     -0.135    25.7215   996.8744 0.0000e+00
     -0.094      0.001     6.4449     79.033     27.298  27.691081     2.0597      8.439   330.1878 1.2381e-01     1.3203     -0.092     -0.133    25.7332   996.8712 0.0000e+00
     -0.093      0.002     6.4324     78.869     27.313  27.702617     2.0535      8.434   330.3591 1.2374e-01     1.3217     -0.091     -0.132    25.7308   996.8717 0.0000e+00
     -0.093      0.002     6.4109     78.593     27.318  27.702618     2.0537      8.428   330.5336 1.2374e-01     1.3563     -0.091     -0.132    25.7247   996.8735 0.0000e+00
     -0.093      0.001     6.3829     78.241     27.310  27.691092     2.0709      8.422   330.6620 1.2382e-01     1.3792     -0.091     -0.131    25.7216   996.8743 0.0000e+00
     -0.093      0.001     6.3539     77.883     27.310  27.690137     2.0887      8.417   330.6210 1.2391e-01     1.3354     -0.091     -0.132    25.7167   996.8756 0.0000e+00
     -0.092      0.001     6.3277     77.567     27.309  27.691071     2.0957      8.412   330.4684 1.2396e-01     1.2860     -0.091     -0.131    25.7074   996.8780 0.0000e+00
     -0.092      0.001     6.3071     77.322     27.317  27.702376     2.0944      8.407   330.2791 1.2392e-01     1.2735     -0.090     -0.131    25.6984   996.8804 0.0000e+00
     -0.092      0.001     6.2918     77.136     27.314  27.699953     2.0980      8.403   330.0532 1.2376e-01     1.2821     -0.090     -0.130    25.6905   996.8825 0.0000e+00
     -0.092      0.001     6.2796     76.977     27.279  27.661773     2.1135      8.398   329.8886 1.2369e-01     1.3248     -0.090     -0.130    25.6877   996.8831 0.0000e+00
     -0.092      0.000     6.2685     76.826     27.245  27.621400     2.1180      8.393   329.8380 1.2374e-01     1.3633     -0.090     -0.130    25.6948   996.8813 0.0000e+00
     -0.092     -0.001     6.2565     76.658     27.225  27.592458     2.1082      8.388   329.7855 1.2378e-01     1.3227     -0.090     -0.131    25.7021   996.8795 0.0000e+00
     -0.092     -0.001     6.2393     76.427     27.206  27.565593     2.0733      8.384   329.6837 1.2381e-01     1.2587     -0.090     -0.131    25.7030   996.8791 0.0000e+00
     -0.092     -0.001     6.2134     76.094     27.197  27.550351     2.0166      8.382   329.5533 1.2375e-01     1.2777     -0.090     -0.130    25.6967   996.8807 0.0000e+00
     -0.093      0.000     6.1781     75.651     27.186  27.535047     1.9862      8.379   329.4131 1.2368e-01     1.3238     -0.092     -0.133    25.6842   996.8840 0.0000e+00
     -0.094      0.001     6.1336     75.094     27.164  27.507427     1.9832      8.374   329.2798 1.2373e-01     1.3238     -0.093     -0.135    25.6702   996.8877 0.0000e+00
     -0.093      0.002     6.0829     74.454     27.135  27.470176     2.0149      8.369   329.1457 1.2376e-01     1.3109     -0.092     -0.134    25.6537   996.8921 0.0000e+00
     -0.092      0.003     6.0297     73.774     27.079  27.401848     2.0747      8.364   329.0818 1.2372e-01     1.3316     -0.090     -0.130    25.6406   996.8955 0.0000e+00
     -0.090      0.003     5.9733     73.049     27.008  27.315690     2.0996      8.360   329.0237 1.2368e-01     1.3450     -0.088     -0.127    25.6363   996.8967 0.0000e+00
     -0.089      0.002     5.9128     72.271     26.961  27.253181     2.0908      8.357   328.9602 1.2362e-01     1.3414     -0.087     -0.127    25.6292   996.8985 0.0000e+00
     -0.089      0.001     5.8505     71.475     26.940  27.217023     2.0283      8.354   329.0016 1.2361e-01     1.3540     -0.087     -0.126    25.6138   996.9025 0.0000e+00
     -0.089     -0.001     5.7893     70.699     26.930  27.195693     1.9256      8.350   329.0076 1.2370e-01     1.3660     -0.086     -0.125    25.5916   996.9083 0.0000e+00
     -0.089     -0.003     5.7313     69.968     26.930  27.185595     1.8806      8.347   328.7750 1.2377e-01     1.3880     -0.087     -0.126    25.5645   996.9154 0.0000e+00
     -0.090     -0.003     5.6778     69.295     26.911  27.158351     1.8749      8.345   328.3405 1.2377e-01     1.3914     -0.088     -0.128    25.5353   996.9230 0.0000e+00
     -0.092     -0.003     5.6302     68.694     26.882  27.120056     1.9255      8.343   327.9705 1.2374e-01     1.3734     -0.091     -0.131    25.5064   996.9306 0.0000e+00
     -0.093     -0.002     5.5897     68.180     26.873  27.103215     2.0419      8.340   327.7420 1.2367e-01     1.3677     -0.093     -0.135    25.4841   996.9363 0.0000e+00
     -0.093     -0.001     5.5526     67.709     26.860  27.081599     2.1032      8.335   327.6433 1.2369e-01     1.3551     -0.092     -0.134    25.4689   996.9403 0.0000e+00
     -0.093      0.000     5.5151     67.233     26.835  27.049006     2.1026      8.326   327.6373 1.2376e-01     1.3520     -0.091     -0.131    25.4538   996.9443 0.0000e+00
     -0.093      0.001     5.4796     66.786     26.819  27.026336     2.0871      8.311   327.5833 1.2370e-01     1.3630     -0.091     -0.132    25.4378   996.9484 0.0000e+00
     -0.092      0.001     5.4470     66.378     26.795  26.997813     2.0626      8.296   327.4212 1.2365e-01     1.3577     -0.091     -0.131    25.4229   996.9522 0.0000e+00
     -0.092      0.000     5.4145     65.977     26.759  26.957902     2.0501      8.283   327.2253 1.2367e-01     1.3534     -0.089     -0.129    25.4079   996.9562 0.0000e+00
     -0.092     -0.001     5.3825     65.577     26.729  26.924421     2.0480      8.276   327.1073 1.2369e-01     1.3425     -0.089     -0.129    25.3919   996.9604 0.0000e+00
     -0.093     -0.001     5.3508     65.178     26.721  26.910193     2.0455      8.271   327.1140 1.2367e-01     1.3246     -0.091     -0.132    25.3776   996.9641 0.0000e+00
     -0.094     -0.001     5.3184     64.772     26.729  26.912758     2.0115      8.265   327.3063 1.2363e-01     1.3332     -0.093     -0.135    25.3702   996.9660 0.0000e+00
     -0.094     -0.000     5.2873     64.382     26.713  26.891980     1.9480      8.259   327.5390 1.2367e-01     1.3482     -0.092     -0.134    25.3678   996.9665 0.0000e+00
     -0.093      0.001     5.2601     64.041     26.675  26.849281     1.9119      8.254   327.6042 1.2376e-01     1.3422     -0.091     -0.132    25.3605   996.9684 0.0000e+00
     -0.092      0.002     5.2354     63.730     26.670  26.840578     1.8959      8.249   327.5792 1.2374e-01     1.3272     -0.091     -0.131    25.3478   996.9718 0.0000e+00
     -0.092      0.002     5.2117     63.433     26.684  26.850182     1.8581      8.244   327.5807 1.2366e-01     1.3301     -0.091     -0.131    25.3375   996.9745 0.0000e+00
     -0.092      0.002     5.1890     63.151     26.675  26.838514     1.8104      8.239   327.6215 1.2369e-01     1.3450     -0.090     -0.131    25.3295   996.9765 0.0000e+00
     -0.091      0.001     5.1660     62.867     26.665  26.826382     1.7883      8.233   327.6423 1.2375e-01     1.3425     -0.089     -0.129    25.3211   996.9787 0.0000e+00
     -0.090      0.001     5.1430     62.583     26.671  26.830374     1.7893      8.228   327.5750 1.2375e-01     1.3335     -0.088     -0.127    25.3118   996.9811 0.0000e+00
     -0.090      0.000     5.1204     62.303     26.666  26.823330     1.8055      8.224   327.4102 1.2378e-01     1.3337     -0.088     -0.128    25.3031   996.9833 0.0000e+00
     -0.090     -0.001     5.0988     62.033     26.651  26.804657     1.8283      8.219   327.1978 1.2385e-01     1.3448     -0.089     -0.129    25.2982   996.9846 0.0000e+00
     -0.090     -0.001     5.0800     61.793     26.647  26.794919     1.8477      8.214   326.9867 1.2380e-01     1.3700     -0.089     -0.128    25.2963   996.9851 0.0000e+00
     -0.091      0.000     5.0643     61.584     26.629  26.769023     1.8670      8.208   326.8366 1.2373e-01     1.3762     -0.090     -0.130    25.2926   996.9861 0.0000e+00
     -0.092      0.001     5.0504     61.394     26.616  26.745302     1.9235      8.201   326.8448 1.2370e-01     1.3549     -0.091     -0.132    25.2883   996.9872 0.0000e+00
     -0.092      0.003     5.0405     61.254     26.641  26.761855     2.0274      8.193   326.9135 1.2365e-01     1.3415     -0.091     -0.131    25.2839   996.9883 0.0000e+00
     -0.091      0.004     5.0332     61.151     26.665  26.778834     2.0998      8.186   326.8929 1.2362e-01     1.3449     -0.089     -0.129    25.2744   996.9908 0.0000e+00
     -0.088      0.004     5.0237     61.026     26.651  26.760255     2.1228      8.180   326.8543 1.2366e-01     1.3632     -0.086     -0.125    25.2574   996.9952 0.0000e+00
     -0.086      0.004     5.0124     60.884     26.622  26.727536     2.1398      8.175   326.8767 1.2370e-01     1.4326     -0.084     -0.122    25.2371   997.0004 0.0000e+00
     -0.086      0.003     4.9999     60.725     26.598  26.700440     2.1586      8.170   326.7332 1.2370e-01     1.5286     -0.084     -0.122    25.2191   997.0051 0.0000e+00
     -0.085      0.001     4.9860     60.544     26.589  26.686391     2.1686      8.167   326.3237 1.2375e-01     1.5723     -0.084     -0.121    25.2063   997.0084 0.0000e+00
     -0.085      0.001     4.9724     60.355     26.598  26.684538     2.1744      8.165   326.0558 1.2381e-01     1.5676     -0.084     -0.121    25.1981   997.0105 0.0000e+00
     -0.086      0.001     4.9594     60.166     26.607  26.678028     2.1769      8.163   326.0748 1.2381e-01     1.5374     -0.084     -0.122    25.1935   997.0117 0.0000e+00
     -0.086      0.002     4.9474     59.988     26.616  26.671100     2.1544      8.160   326.0387 1.2376e-01     1.4694     -0.085     -0.123    25.1900   997.0125 0.0000e+00
     -0.086      0.003     4.9384     59.844     26.626  26.664181     2.1200      8.155   325.8772 1.2371e-01     1.3684     -0.085     -0.123    25.1802   997.0151 0.0000e+00
     -0.084      0.004     4.9327     59.736     26.637  26.657788     2.1075      8.149   325.7559 1.2378e-01     1.3002     -0.083     -0.120    25.1583   997.0208 0.0000e+00
     -0.082      0.004     4.9279     59.633     26.659  26.657214     2.0989      8.143   325.6917 1.2386e-01     1.3001     -0.080     -0.116    25.1281   997.0286 0.0000e+00
     -0.080      0.003     4.9231     59.521     26.685  26.657219     2.0150      8.137   325.7028 1.2381e-01     1.3007     -0.078     -0.113    25.0971   997.0365 0.0000e+00
     -0.080      0.002     4.9180     59.399     26.715  26.657807     1.8733      8.131   325.7180 1.2373e-01     1.3072     -0.078     -0.113    25.0680   997.0440 0.0000e+00
     -0.080      0.000     4.9115     59.259     26.752  26.664278     1.7992      8.127   325.7035 1.2369e-01     1.3464     -0.079     -0.114    25.0352   997.0525 0.0000e+00
     -0.080 4.4859e-07     4.9046     59.114     26.790  26.671971     1.7950      8.122   325.6994 1.2366e-01     1.3494     -0.079     -0.114    24.9933   997.0632 0.0000e+00
     -0.081      0.000     4.9003     59.005     26.834  26.687335     1.8130      8.118   325.5827 1.2365e-01     1.3425     -0.080     -0.115    24.9435   997.0759 0.0000e+00
     -0.081      0.000     4.8985     58.938     27.084  26.913444     1.8447      8.114   325.4964 1.2369e-01     1.3619     -0.080     -0.116    24.8887   997.0899 0.0000e+00
     -0.081      0.001     4.9065     59.056     27.602  27.439087     1.8658      8.112   325.5162 1.2375e-01     1.3543     -0.080     -0.116    24.8304   997.1048 0.0000e+00
     -0.080      0.001     4.9696     60.024     27.967  27.903990     1.8858      8.110   325.3918 1.2375e-01     1.3490     -0.079     -0.114    24.7722   997.1196 0.0000e+00
     -0.080      0.001     5.1812     62.984     27.968  28.093658     1.9829      8.108   325.1116 1.2372e-01     1.3633     -0.078     -0.113    24.7189   997.1332 0.0000e+00
