Data/DataNotYetUploadedToEDI/Raw_CTD/RawDownloads/072522_fcr50_S7809002.cnv
* Sea-Bird SBE19plus  Data File:
* FileName = C:\R\Reservoirs\Data\DataNotYetUploadedToEDI\Raw_CTD\RawDownloads\072522_bvr50_S7809_0002.hex
* Software version 2.8.0.119
* Temperature SN = 7809
* Conductivity SN = 7809
* System UpLoad Time = Jul 25 2022 15:14:52
* <ApplicationData>
* <Seaterm232>
# nquan = 15
# nvalues = 2225                        
# units = specified
# name 0 = depFM: Depth [fresh water, m]
# name 1 = dz/dtM: Descent Rate [m/s]
# name 2 = sbeox0Mg/L: Oxygen, SBE 43 [mg/l]
# name 3 = sbeox0PS: Oxygen, SBE 43 [% saturation]
# name 4 = specc: Specific Conductance [uS/cm]
# name 5 = c0uS/cm: Conductivity [uS/cm]
# name 6 = flECO-AFL: Fluorescence, WET Labs ECO-AFL/FL [mg/m^3]
# name 7 = ph: pH
# name 8 = orp: Oxidation Reduction Potential [mV]
# name 9 = par/sat/log: PAR/Logarithmic, Satlantic
# name 10 = turbWETntu0: Turbidity, WET Labs ECO [NTU]
# name 11 = prdM: Pressure, Strain Gauge [db]
# name 12 = prdE: Pressure, Strain Gauge [psi]
# name 13 = tv290C: Temperature [ITS-90, deg C]
# name 14 = flag:  0.000e+00
# span 0 =     -0.647,      9.439       
# span 1 =     -0.291,      0.246       
# span 2 =     0.0372,     7.2009       
# span 3 =      0.366,     92.796       
# span 4 =      0.522,    428.665       
# span 5 =   0.575743, 313.032586       
# span 6 =    -2.1358,   232.6643       
# span 7 =      6.122,      7.746       
# span 8 = -1240.7455,   177.6452       
# span 9 = 1.2342e-01, 2.4358e+03       
# span 10 =    -8.2263,   936.5305      
# span 11 =     -0.635,      9.258      
# span 12 =     -0.921,     13.427      
# span 13 =    11.0273,    30.1331      
# span 14 = 0.0000e+00, 0.0000e+00      
# interval = seconds: 0.25
# start_time = Jul 25 2022 08:51:48 [Instrument's time stamp, header]
# bad_flag = -9.990e-29
*END*
[from data line 1446]
      6.936     -0.003     0.2351      2.183     53.819  38.829767     0.6657      6.582    77.7899 1.2357e-01     7.9202      6.799      9.862    11.0840 0.0000e+00
      6.936      0.000     0.2372      2.189     53.810  38.821615     0.6614      6.582    78.3221 1.2357e-01     7.9244      6.800      9.863    11.0795 0.0000e+00
      6.937     -0.002     0.2399      2.188     53.802  38.813559     0.6311      6.582    78.6626 1.2358e-01     7.8914      6.804      9.869    11.0755 0.0000e+00
      6.936     -0.010     0.2415      2.179     53.782  38.795781     0.6074      6.582    78.7245 1.2361e-01     7.8621      6.802      9.866    11.0731 0.0000e+00
      6.935     -0.022     0.2388      2.181     53.787  38.796924     0.6165      6.582    78.7262 1.2360e-01     7.8777      6.800      9.863    11.0715 0.0000e+00
      6.934     -0.036     0.2419      2.195     53.831  38.827376     0.6323      6.582    78.5111 1.2356e-01     7.9777      6.803      9.866    11.0707 0.0000e+00
      6.925     -0.051     0.2414      2.205     53.857  38.846859     0.6241      6.582    78.1027 1.2357e-01     8.0806      6.796      9.856    11.0687 0.0000e+00
      6.905     -0.065     0.2390      2.194     53.849  38.842228     0.6016      6.582    77.9183 1.2362e-01     8.0967      6.772      9.823    11.0651 0.0000e+00
      6.881     -0.077     0.2398      2.178     53.837  38.834808     0.5931      6.583    78.1745 1.2363e-01     8.0704      6.746      9.785    11.0626 0.0000e+00
      6.858     -0.083     0.2415      2.171     53.815  38.820564     0.6045      6.584    78.5328 1.2358e-01     8.0698      6.727      9.756    11.0613 0.0000e+00
      6.835     -0.083     0.2443      2.173     53.781  38.796859     0.6055      6.584    78.5509 1.2357e-01     7.9872      6.703      9.723    11.0614 0.0000e+00
      6.812     -0.078     0.2416      2.190     53.788  38.801886     0.5806      6.584    78.0487 1.2359e-01     7.7897      6.677      9.685    11.0629 0.0000e+00
      6.793     -0.071     0.2390      2.207     53.811  38.817926     0.5607      6.584    77.3647 1.2363e-01     7.6631      6.659      9.658    11.0647 0.0000e+00
      6.778     -0.062     0.2391      2.212     53.788  38.800519     0.5562      6.584    77.1652 1.2365e-01     7.6170      6.647      9.641    11.0659 0.0000e+00
      6.763     -0.052     0.2380      2.217     53.763  38.781690     0.5852      6.584    77.3563 1.2365e-01     7.6765      6.632      9.619    11.0664 0.0000e+00
      6.748     -0.045     0.2412      2.228     53.764  38.780537     0.6536      6.583    77.5249 1.2365e-01     7.8350      6.614      9.593    11.0665 0.0000e+00
      6.738     -0.042     0.2440      2.226     53.776  38.786567     0.6930      6.582    77.6552 1.2365e-01     7.9287      6.605      9.580    11.0663 0.0000e+00
      6.732     -0.043     0.2434      2.206     53.786  38.791174     0.6865      6.583    77.6411 1.2365e-01     7.9561      6.603      9.577    11.0663 0.0000e+00
      6.726     -0.047     0.2431      2.194     53.762  38.772822     0.6749      6.584    77.4397 1.2365e-01     7.9943      6.598      9.570    11.0655 0.0000e+00
      6.716     -0.052     0.2464      2.197     53.738  38.754938     0.6772      6.584    77.2861 1.2365e-01     8.0829      6.587      9.555    11.0631 0.0000e+00
      6.699     -0.059     0.2458      2.189     53.753  38.765212     0.6890      6.583    77.2460 1.2362e-01     8.1402      6.571      9.530    11.0599 0.0000e+00
      6.679     -0.068     0.2426      2.164     53.758  38.770201     0.6931      6.583    77.6435 1.2360e-01     8.1403      6.549      9.499    11.0579 0.0000e+00
      6.660     -0.076     0.2405      2.156     53.730  38.751841     0.6846      6.584    78.3058 1.2363e-01     8.0834      6.530      9.471    11.0568 0.0000e+00
      6.643     -0.082     0.2423      2.161     53.700  38.733486     0.6696      6.585    78.4563 1.2369e-01     7.9652      6.515      9.449    11.0560 0.0000e+00
      6.623     -0.085     0.2429      2.164     53.705  38.738542     0.6706      6.586    78.4308 1.2374e-01     7.9067      6.498      9.424    11.0561 0.0000e+00
      6.598     -0.087     0.2363      2.176     53.720  38.749554     0.6887      6.586    78.3424 1.2371e-01     7.8887      6.472      9.387    11.0567 0.0000e+00
      6.572     -0.087     0.2370      2.188     53.706  38.739790     0.6880      6.586    77.9892 1.2364e-01     7.8501      6.443      9.346    11.0590 0.0000e+00
      6.548     -0.086     0.2388      2.191     53.716  38.747331     0.6545      6.587    78.2047 1.2363e-01     7.8501      6.420      9.312    11.0621 0.0000e+00
      6.528     -0.081     0.2373      2.196     53.756  38.777311     0.6156      6.587    79.0547 1.2361e-01     7.8885      6.401      9.284    11.0634 0.0000e+00
      6.508     -0.076     0.2397      2.208     53.765  38.785171     0.6087      6.586    79.5772 1.2365e-01     7.9041      6.381      9.255    11.0635 0.0000e+00
      6.489     -0.072     0.2419      2.222     53.755  38.778934     0.6220      6.586    79.6174 1.2367e-01     7.9022      6.362      9.227    11.0634 0.0000e+00
      6.473     -0.068     0.2408      2.227     53.735  38.765334     0.6175      6.586    79.5414 1.2362e-01     7.9676      6.348      9.207    11.0637 0.0000e+00
      6.458     -0.065     0.2415      2.221     53.710  38.747575     0.6050      6.586    79.5188 1.2360e-01     8.0808      6.335      9.188    11.0650 0.0000e+00
      6.440     -0.064     0.2428      2.221     53.718  38.754480     0.6037      6.586    79.6019 1.2360e-01     8.1433      6.316      9.161    11.0663 0.0000e+00
      6.422     -0.066     0.2449      2.222     53.759  38.785410     0.6105      6.587    79.7719 1.2364e-01     8.1772      6.295      9.131    11.0672 0.0000e+00
      6.407     -0.072     0.2461      2.215     53.785  38.804427     0.6205      6.587    79.9388 1.2368e-01     8.1143      6.281      9.111    11.0679 0.0000e+00
      6.396     -0.080     0.2438      2.208     53.771  38.794143     0.6240      6.586    80.0718 1.2366e-01     7.9643      6.274      9.100    11.0682 0.0000e+00
      6.379     -0.089     0.2442      2.203     53.763  38.787915     0.6203      6.586    79.8314 1.2364e-01     7.9008      6.260      9.079    11.0695 0.0000e+00
      6.351     -0.099     0.2453      2.201     53.768  38.792542     0.6171      6.586    79.1824 1.2363e-01     7.8926      6.231      9.037    11.0710 0.0000e+00
      6.318     -0.110     0.2435      2.205     53.758  38.786673     0.6025      6.587    78.8508 1.2363e-01     7.8646      6.195      8.984    11.0708 0.0000e+00
      6.288     -0.118     0.2429      2.208     53.747  38.780378     0.5676      6.588    79.0911 1.2364e-01     7.8024      6.166      8.943    11.0704 0.0000e+00
      6.258     -0.119     0.2425      2.211     53.743  38.779856     0.5455      6.588    79.5920 1.2362e-01     7.7212      6.139      8.906    11.0701 0.0000e+00
      6.223     -0.118     0.2417      2.212     53.742  38.780376     0.5518      6.588    79.9169 1.2360e-01     7.7028      6.102      8.850    11.0708 0.0000e+00
      6.190     -0.117     0.2431      2.222     53.749  38.786661     0.5520      6.588    79.7500 1.2362e-01     7.8526      6.066      8.797    11.0728 0.0000e+00
      6.166     -0.116     0.2428      2.244     53.755  38.792416     0.5315      6.588    79.2082 1.2366e-01     8.0980      6.047      8.770    11.0743 0.0000e+00
      6.141     -0.113     0.2438      2.249     53.744  38.786549     0.5113      6.589    78.7872 1.2362e-01     8.1756      6.026      8.741    11.0761 0.0000e+00
      6.110     -0.108     0.2432      2.226     53.730  38.779147     0.4988      6.590    78.6175 1.2355e-01     8.1083      5.991      8.690    11.0775 0.0000e+00
      6.077     -0.102     0.2432      2.211     53.708  38.766348     0.5148      6.590    78.7051 1.2354e-01     8.0689      5.957      8.639    11.0786 0.0000e+00
      6.049     -0.095     0.2480      2.209     53.695  38.758653     0.5546      6.590    79.1581 1.2362e-01     8.0407      5.931      8.602    11.0802 0.0000e+00
      6.027     -0.086     0.2497      2.208     53.685  38.749529     0.5723      6.590    79.5353 1.2369e-01     8.0070      5.909      8.570    11.0819 0.0000e+00
      6.007     -0.077     0.2440      2.209     53.650  38.719454     0.5622      6.590    79.5659 1.2369e-01     7.9345      5.890      8.542    11.0846 0.0000e+00
      5.991     -0.071     0.2424      2.199     53.646  38.712121     0.5487      6.590    79.5275 1.2369e-01     7.8475      5.874      8.519    11.0880 0.0000e+00
      5.978     -0.070     0.2439      2.195     53.667  38.724285     0.5680      6.590    79.5020 1.2366e-01     7.8096      5.863      8.503    11.0893 0.0000e+00
      5.965     -0.075     0.2420      2.208     53.690  38.739671     0.6033      6.590    79.4287 1.2366e-01     7.7500      5.851      8.487    11.0874 0.0000e+00
      5.946     -0.085     0.2443      2.216     53.732  38.771316     0.6177      6.590    79.9317 1.2368e-01     7.6735      5.832      8.458    11.0830 0.0000e+00
      5.922     -0.098     0.2416      2.204     53.755  38.789793     0.6174      6.591    80.9383 1.2367e-01     7.6354      5.808      8.423    11.0775 0.0000e+00
      5.896     -0.110     0.2403      2.192     53.726  38.772803     0.5833      6.591    81.3612 1.2364e-01     7.6311      5.785      8.391    11.0744 0.0000e+00
      5.865     -0.117     0.2437      2.207     53.697  38.756167     0.5293      6.591    81.1723 1.2359e-01     7.6554      5.754      8.345    11.0740 0.0000e+00
      5.827     -0.121     0.2447      2.232     53.723  38.778916     0.5062      6.591    80.8918 1.2354e-01     7.6555      5.714      8.287    11.0751 0.0000e+00
      5.791     -0.121     0.2431      2.232     53.742  38.794179     0.5110      6.592    81.0669 1.2354e-01     7.6329      5.676      8.232    11.0773 0.0000e+00
      5.761     -0.115     0.2392      2.215     53.680  38.750450     0.5290      6.592    81.7402 1.2353e-01     7.6891      5.648      8.190    11.0806 0.0000e+00
      5.736     -0.100     0.2423      2.217     53.600  38.694149     0.5505      6.591    82.2360 1.2354e-01     7.8568      5.628      8.163    11.0863 0.0000e+00
      5.709     -0.081     0.2473      2.232     53.588  38.684251     0.5630      6.591    82.4154 1.2355e-01     7.9870      5.600      8.122    11.0898 0.0000e+00
      5.682     -0.061     0.2465      2.232     53.608  38.694192     0.5630      6.591    82.4473 1.2358e-01     7.9653      5.565      8.071    11.0898 0.0000e+00
      5.668     -0.041     0.2427      2.233     53.606  38.687506     0.5576      6.592    82.1043 1.2363e-01     7.8329      5.552      8.052    11.0913 0.0000e+00
      5.668     -0.019     0.2424      2.242     53.584  38.666830     0.5568      6.593    81.7099 1.2360e-01     7.6854      5.560      8.064    11.0939 0.0000e+00
      5.670      0.004     0.2478      2.235     53.546  38.634457     0.5622      6.592    81.8953 1.2359e-01     7.6506      5.560      8.064    11.0925 0.0000e+00
      5.670      0.023     0.2449      2.219     53.523  38.613187     0.5728      6.592    82.1087 1.2363e-01     7.6852      5.558      8.061    11.0874 0.0000e+00
      5.677      0.032     0.2448      2.208     53.511  38.599913     0.5686      6.593    82.0527 1.2362e-01     7.6932      5.564      8.069    11.0823 0.0000e+00
      5.693      0.035     0.2485      2.197     53.519  38.600804     0.5446      6.593    82.0794 1.2357e-01     7.6797      5.580      8.093    11.0774 0.0000e+00
      5.713      0.035     0.2459      2.182     53.556  38.623957     0.5320      6.592    81.8295 1.2362e-01     7.6592      5.608      8.133    11.0731 0.0000e+00
      5.722      0.035     0.2442      2.176     53.564  38.626159     0.5493      6.592    81.1817 1.2368e-01     7.6844      5.618      8.147    11.0692 0.0000e+00
      5.722      0.032     0.2430      2.182     53.570  38.627432     0.5707      6.592    80.7862 1.2366e-01     7.7109      5.609      8.134    11.0644 0.0000e+00
      5.724      0.030     0.2426      2.189     53.590  38.639338     0.5916      6.592    81.0045 1.2361e-01     7.7069      5.611      8.138    11.0598 0.0000e+00
      5.733      0.033     0.2395      2.187     53.598  38.643265     0.6355      6.593    81.4128 1.2362e-01     7.7722      5.623      8.157    11.0562 0.0000e+00
      5.741      0.038     0.2391      2.180     53.643  38.674915     0.6675      6.593    81.3341 1.2363e-01     7.8508      5.630      8.167    11.0531 0.0000e+00
      5.751      0.043     0.2402      2.177     53.685  38.704906     0.6715      6.592    80.9136 1.2362e-01     7.8720      5.635      8.174    11.0500 0.0000e+00
      5.769      0.043     0.2414      2.168     53.665  38.688763     0.6497      6.591    80.7168 1.2364e-01     7.9597      5.658      8.206    11.0475 0.0000e+00
      5.786      0.039     0.2415      2.158     53.640  38.669997     0.5957      6.591    80.7616 1.2367e-01     8.0915      5.680      8.237    11.0466 0.0000e+00
      5.794      0.032     0.2392      2.155     53.638  38.668282     0.5521      6.591    80.8527 1.2371e-01     8.1334      5.683      8.242    11.0461 0.0000e+00
      5.799      0.021     0.2405      2.157     53.638  38.668022     0.5371      6.590    81.3890 1.2367e-01     8.1251      5.687      8.248    11.0453 0.0000e+00
      5.802      0.001     0.2389      2.165     53.638  38.666855     0.5401      6.590    82.2549 1.2357e-01     8.0255      5.692      8.255    11.0445 0.0000e+00
      5.804     -0.027     0.2371      2.175     53.621  38.654170     0.5556      6.590    82.5462 1.2357e-01     7.8162      5.691      8.254    11.0433 0.0000e+00
      5.804     -0.059     0.2372      2.177     53.603  38.641494     0.5574      6.591    82.2439 1.2361e-01     7.6782      5.693      8.256    11.0425 0.0000e+00
      5.794     -0.090     0.2374      2.167     53.599  38.640435     0.5459      6.592    81.7836 1.2362e-01     7.6562      5.692      8.256    11.0419 0.0000e+00
      5.762     -0.115     0.2382      2.160     53.596  38.641379     0.5334      6.592    81.6267 1.2361e-01     7.7546      5.661      8.211    11.0413 0.0000e+00
      5.711     -0.130     0.2397      2.156     53.606  38.652910     0.5143      6.592    82.3254 1.2356e-01     7.9111      5.600      8.121    11.0411 0.0000e+00
      5.658     -0.133     0.2408      2.159     53.601  38.653015     0.5055      6.592    83.4352 1.2356e-01     7.9438      5.544      8.040    11.0415 0.0000e+00
      5.618     -0.127     0.2380      2.159     53.585  38.642651     0.5022      6.592    83.7734 1.2362e-01     7.8763      5.505      7.985    11.0431 0.0000e+00
      5.593     -0.111     0.2382      2.156     53.600  38.654442     0.4916      6.592    83.5749 1.2368e-01     7.8128      5.480      7.949    11.0460 0.0000e+00
      5.578     -0.088     0.2369      2.164     53.619  38.668747     0.4933      6.592    83.6170 1.2364e-01     7.7567      5.471      7.935    11.0504 0.0000e+00
      5.563     -0.066     0.2378      2.177     53.646  38.688761     0.5062      6.592    83.7663 1.2356e-01     7.7101      5.461      7.921    11.0544 0.0000e+00
      5.541     -0.052     0.2384      2.183     53.671  38.706163     0.5140      6.592    84.0028 1.2352e-01     7.6935      5.433      7.879    11.0557 0.0000e+00
      5.524     -0.047     0.2365      2.195     53.648  38.688879     0.5130      6.591    84.3248 1.2356e-01     7.6927      5.409      7.844    11.0554 0.0000e+00
      5.521     -0.050     0.2379      2.197     53.622  38.670052     0.5188      6.591    84.4764 1.2364e-01     7.6998      5.411      7.848    11.0562 0.0000e+00
      5.524     -0.054     0.2407      2.167     53.620  38.668795     0.5423      6.591    84.4604 1.2365e-01     7.7113      5.424      7.865    11.0572 0.0000e+00
