Data/DataNotYetUploadedToEDI/Raw_CTD/RawDownloads/072519_bvr50_a.cnv
* Sea-Bird SBE19plus  Data File:
* FileName = C:\DATA\MSN2_CTD_CASTS_072419\072519_bvr50_a_0001.hex
* Software version 2.8.0.119 SB_Terminal.dll
* Temperature SN = 7809
* Conductivity SN = 7809
* System UpLoad Time = Jul 25 2019 07:18:39
* <ApplicationData>
* <Seaterm232>
# nquan = 16
# nvalues = 781                         
# units = specified
# name 0 = depFM: Depth [fresh water, m]
# name 1 = dz/dtM: Descent Rate [m/s]
# name 2 = sbeox0Mg/L: Oxygen, SBE 43 [mg/l]
# name 3 = sbeox0PS: Oxygen, SBE 43 [% saturation]
# name 4 = specc: Specific Conductance [uS/cm]
# name 5 = c0uS/cm: Conductivity [uS/cm]
# name 6 = flECO-AFL: Fluorescence, WET Labs ECO-AFL/FL [mg/m^3]
# name 7 = ph: pH
# name 8 = orp: Oxidation Reduction Potential [mV]
# name 9 = par/sat/log: PAR/Logarithmic, Satlantic
# name 10 = turbWETntu0: Turbidity, WET Labs ECO [NTU]
# name 11 = prdM: Pressure, Strain Gauge [db]
# name 12 = prdE: Pressure, Strain Gauge [psi]
# name 13 = tv290C: Temperature [ITS-90, deg C]
# name 14 = density00: Density [density, kg/m^3]
# name 15 = flag:  0.000e+00
# span 0 =     -0.650,     10.562       
# span 1 =     -0.024,      0.113       
# span 2 =    -0.0980,     8.9250       
# span 3 =     -0.962,    100.504       
# span 4 =      0.702,    236.072       
# span 5 =   0.602441, 158.139423       
# span 6 =    -0.1613,    17.6430       
# span 7 =     -2.560,      8.914       
# span 8 = -1240.7455,  1086.8937       
# span 9 = 1.2360e-01, 1.2396e-01       
# span 10 =    -0.5835,     8.7131      
# span 11 =     -0.638,     10.359      
# span 12 =     -0.925,     15.024      
# span 13 =     8.4858,    26.3432      
# span 14 =   996.7124,   999.9597      
# span 15 = 0.0000e+00, 0.0000e+00      
# interval = seconds: 0.25
# start_time = Jul 25 2019 04:07:05 [Instrument's time stamp, header]
# bad_flag = -9.990e-29
*END*
[from data line 452]
      3.903      0.087     6.2306     72.844     27.932  26.898853     2.4500      7.099   330.9087 1.2372e-01     2.0783      3.828      5.551    23.3508   997.4890 0.0000e+00
      3.928      0.087     6.2565     73.004     27.901  26.811959     2.4678      7.097   331.0277 1.2376e-01     2.0646      3.854      5.589    23.2935   997.5029 0.0000e+00
      3.948      0.086     6.2781     73.125     27.942  26.798515     2.4774      7.096   331.2909 1.2385e-01     2.0547      3.872      5.617    23.2759   997.5072 0.0000e+00
      3.967      0.085     6.2961     73.240     27.982  26.799662     2.4797      7.095   331.5094 1.2386e-01     2.0565      3.888      5.640    23.2466   997.5142 0.0000e+00
      3.988      0.084     6.3317     73.595     27.902  26.698901     2.4706      7.095   331.6053 1.2385e-01     2.0538      3.910      5.670    23.1521   997.5369 0.0000e+00
      4.011      0.083     6.4070     74.398     27.756  26.531803     2.4019      7.095   331.6753 1.2387e-01     1.9896      3.933      5.705    23.0404   997.5635 0.0000e+00
      4.034      0.083     6.5274     75.678     27.696  26.428729     2.2819      7.095   331.7544 1.2392e-01     1.9023      3.956      5.738    22.9374   997.5880 0.0000e+00
      4.056      0.083     6.6733     77.220     27.730  26.404190     2.2243      7.095   331.7874 1.2387e-01     1.8498      3.979      5.770    22.8671   997.6048 0.0000e+00
      4.076      0.082     6.8131     78.691     27.742  26.361897     2.2432      7.095   331.8150 1.2382e-01     1.8133      3.998      5.799    22.8435   997.6104 0.0000e+00
      4.094      0.082     6.9299     79.912     27.724  26.297932     2.3112      7.095   331.9168 1.2381e-01     1.7894      4.014      5.822    22.8034   997.6198 0.0000e+00
      4.114      0.083     7.0244     80.900     27.728  26.265139     2.4141      7.095   331.9849 1.2372e-01     1.7909      4.033      5.848    22.7132   997.6410 0.0000e+00
      4.136      0.084     7.1027     81.722     27.709  26.219106     2.4727      7.095   332.0374 1.2366e-01     1.8311      4.057      5.884    22.6010   997.6674 0.0000e+00
      4.159      0.085     7.1694     82.399     27.639  26.121952     2.4823      7.095   332.1209 1.2373e-01     1.8500      4.079      5.916    22.5016   997.6906 0.0000e+00
      4.181      0.085     7.2221     82.875     27.603  26.042015     2.5216      7.095   332.1340 1.2380e-01     1.7573      4.099      5.945    22.4169   997.7103 0.0000e+00
      4.204      0.084     7.2542     83.083     27.632  26.013803     2.6002      7.094   332.1952 1.2374e-01     1.6268      4.123      5.979    22.3477   997.7263 0.0000e+00
      4.226      0.081     7.2647     83.039     27.647  25.971085     2.6523      7.094   332.3447 1.2369e-01     1.5833      4.146      6.013    22.3086   997.7354 0.0000e+00
      4.246      0.076     7.2591     82.815     27.636  25.906077     2.6658      7.094   332.3923 1.2372e-01     1.5920      4.164      6.039    22.2616   997.7462 0.0000e+00
      4.264      0.072     7.2388     82.430     27.646  25.862111     2.6173      7.095   332.4278 1.2374e-01     1.5675      4.181      6.065    22.1736   997.7664 0.0000e+00
      4.283      0.067     7.2029     81.879     27.655  25.820048     2.5168      7.095   332.5155 1.2373e-01     1.5501      4.202      6.093    22.0663   997.7911 0.0000e+00
      4.298      0.063     7.1534     81.183     27.660  25.778059     2.4639      7.095   332.5057 1.2370e-01     1.5777      4.216      6.115    21.9626   997.8147 0.0000e+00
      4.313      0.061     7.0923     80.354     27.665  25.734991     2.4635      7.096   332.4814 1.2365e-01     1.6062      4.228      6.133    21.8633   997.8371 0.0000e+00
      4.328      0.061     7.0229     79.422     27.662  25.679883     2.4950      7.096   332.5665 1.2367e-01     1.5676      4.244      6.155    21.7657   997.8592 0.0000e+00
      4.343      0.061     6.9474     78.410     27.659  25.619196     2.5495      7.096   332.6740 1.2374e-01     1.4378      4.260      6.179    21.6763   997.8793 0.0000e+00
      4.358      0.062     6.8607     77.283     27.667  25.572090     2.5846      7.095   332.8352 1.2375e-01     1.3478      4.273      6.198    21.5945   997.8976 0.0000e+00
      4.374      0.065     6.7552     75.986     27.692  25.554324     2.5989      7.093   333.1385 1.2373e-01     1.3646      4.289      6.220    21.5086   997.9167 0.0000e+00
      4.392      0.071     6.6307     74.512     27.697  25.531209     2.6101      7.091   333.4164 1.2373e-01     1.3785      4.309      6.248    21.4163   997.9373 0.0000e+00
      4.408      0.077     6.4881     72.850     27.670  25.482889     2.7021      7.089   333.6143 1.2380e-01     1.3520      4.323      6.270    21.3081   997.9611 0.0000e+00
      4.425      0.082     6.3294     70.981     27.633  25.414127     2.8709      7.088   333.8106 1.2384e-01     1.3395      4.335      6.289    21.1955   997.9859 0.0000e+00
      4.449      0.083     6.1647     68.974     27.618  25.334138     2.9604      7.087   333.9823 1.2373e-01     1.3588      4.360      6.324    21.1277   998.0009 0.0000e+00
      4.478      0.081     6.0062     66.978     27.658  25.276914     2.9867      7.085   334.1412 1.2365e-01     1.3884      4.393      6.372    21.0831   998.0107 0.0000e+00
      4.504      0.077     5.8609     65.141     27.707  25.229600     3.2144      7.085   334.2693 1.2373e-01     1.3368      4.421      6.411    21.0463   998.0188 0.0000e+00
      4.522      0.072     5.7334     63.550     27.696  25.142571     3.6246      7.085   334.3272 1.2383e-01     1.1934      4.437      6.435    21.0059   998.0276 0.0000e+00
      4.534      0.067     5.6249     62.192     27.670  25.049236     3.8447      7.085   334.4114 1.2388e-01     1.0972      4.447      6.449    20.8826   998.0543 0.0000e+00
      4.545      0.063     5.5218     60.893     27.684  24.989107     3.9000      7.085   334.7712 1.2390e-01     1.0906      4.455      6.462    20.6856   998.0967 0.0000e+00
      4.560      0.064     5.4065     59.453     27.699  24.922952     4.3191      7.085   335.3215 1.2381e-01     1.1141      4.471      6.485    20.5080   998.1345 0.0000e+00
      4.577      0.071     5.2810     57.895     27.679  24.820195     5.0795      7.085   335.8155 1.2371e-01     1.1195      4.489      6.510    20.3806   998.1613 0.0000e+00
      4.595      0.079     5.1556     56.333     27.646  24.698113     5.4987      7.084   336.3566 1.2369e-01     1.0900      4.504      6.533    20.2632   998.1860 0.0000e+00
      4.616      0.085     5.0322     54.782     27.639  24.588585     5.6858      7.084   336.9597 1.2369e-01     1.0850      4.524      6.562    20.1325   998.2133 0.0000e+00
      4.641      0.088     4.9107     53.237     27.681  24.510732     7.3335      7.084   337.4290 1.2371e-01     1.1241      4.551      6.600    19.9866   998.2437 0.0000e+00
      4.668      0.089     4.7877     51.672     27.756  24.454437    10.3345      7.083   337.7293 1.2380e-01     1.1366      4.579      6.641    19.8339   998.2752 0.0000e+00
      4.693      0.088     4.6588     50.066     27.846  24.415250    11.9823      7.083   338.0957 1.2387e-01     1.1385      4.603      6.677    19.6712   998.3084 0.0000e+00
      4.714      0.086     4.5228     48.430     27.961  24.417383    12.2138      7.084   338.5896 1.2386e-01     1.1474      4.625      6.707    19.4856   998.3459 0.0000e+00
      4.733      0.086     4.3793     46.768     28.044  24.416654    13.1168      7.084   338.9686 1.2381e-01     1.1457      4.643      6.734    19.2766   998.3877 0.0000e+00
      4.751      0.087     4.2293     45.068     28.028  24.342911    14.7596      7.082   339.2363 1.2377e-01     1.1509      4.658      6.757    19.0454   998.4335 0.0000e+00
      4.771      0.089     4.0739     43.302     27.972  24.223476    15.6554      7.080   339.5028 1.2376e-01     1.1439      4.677      6.784    18.8213   998.4772 0.0000e+00
      4.796      0.092     3.9152     41.468     27.959  24.114310    15.7289      7.079   339.8681 1.2375e-01     1.1274      4.704      6.821    18.6409   998.5121 0.0000e+00
      4.823      0.095     3.7612     39.665     28.007  24.037819    15.6317      7.079   340.4696 1.2374e-01     1.1145      4.731      6.862    18.5191   998.5356 0.0000e+00
      4.849      0.095     3.6212     38.023     28.096  23.996253    14.4627      7.078   341.0115 1.2371e-01     1.1204      4.756      6.898    18.4305   998.5525 0.0000e+00
      4.875      0.092     3.4968     36.573     28.216  23.992185    12.3268      7.078   341.2578 1.2369e-01     1.1327      4.781      6.933    18.3161   998.5743 0.0000e+00
      4.900      0.086     3.3856     35.290     28.320  23.988500    11.1617      7.078   341.3821 1.2373e-01     1.0990      4.805      6.969    18.1341   998.6084 0.0000e+00
      4.922      0.079     3.2858     34.150     28.370  23.951589    11.0652      7.078   341.5684 1.2374e-01     1.0737      4.829      7.003    17.9080   998.6504 0.0000e+00
      4.940      0.072     3.1925     33.103     28.415  23.926404    11.2554      7.079   341.8757 1.2374e-01     1.1218      4.847      7.029    17.6919   998.6899 0.0000e+00
      4.954      0.067     3.1016     32.111     28.479  23.937638    11.6237      7.079   342.1722 1.2380e-01     1.1553      4.858      7.047    17.5032   998.7241 0.0000e+00
      4.969      0.064     3.0093     31.117     28.547  23.960498    11.8245      7.078   342.4859 1.2380e-01     1.1187      4.872      7.067    17.3390   998.7535 0.0000e+00
      4.984      0.063     2.9160     30.109     28.581  23.949034    11.8801      7.076   342.8301 1.2380e-01     1.1056      4.888      7.090    17.1986   998.7783 0.0000e+00
      5.000      0.065     2.8230     29.108     28.598  23.925846    12.2786      7.074   343.1503 1.2379e-01     1.1930      4.903      7.111    17.0808   998.7992 0.0000e+00
      5.016      0.069     2.7309     28.137     28.631  23.933816    13.0005      7.072   343.4319 1.2374e-01     1.3236      4.919      7.134    17.0159   998.8105 0.0000e+00
      5.034      0.072     2.6498     27.300     28.615  23.918508    13.3875      7.072   343.5671 1.2369e-01     1.3411      4.937      7.160    16.9741   998.8178 0.0000e+00
      5.054      0.073     2.5880     26.655     28.565  23.867628    13.3936      7.072   343.5810 1.2373e-01     1.2738      4.956      7.189    16.8916   998.8321 0.0000e+00
      5.074      0.073     2.5435     26.151     28.572  23.826084    13.1351      7.069   343.6852 1.2375e-01     1.2965      4.976      7.217    16.8158   998.8453 0.0000e+00
      5.094      0.071     2.5124     25.759     28.629  23.796753    12.6561      7.067   344.0527 1.2375e-01     1.3525      4.997      7.247    16.7772   998.8521 0.0000e+00
      5.114      0.068     2.4932     25.486     28.690  23.766625    12.3866      7.065   344.4116 1.2379e-01     1.3283      5.016      7.275    16.7894   998.8501 0.0000e+00
      5.131      0.067     2.4801     25.272     28.731  23.715440    12.3306      7.064   344.5831 1.2378e-01     1.2990      5.033      7.300    16.8096   998.8467 0.0000e+00
      5.144      0.070     2.4609     24.994     28.726  23.621813    12.0574      7.063   344.8355 1.2373e-01     1.3585      5.045      7.316    16.7109   998.8636 0.0000e+00
      5.157      0.076     2.4260     24.564     28.708  23.522534    11.5719      7.061   345.3987 1.2370e-01     1.4905      5.055      7.330    16.5515   998.8907 0.0000e+00
      5.174      0.081     2.3642     23.871     28.734  23.466461    11.3151      7.058   346.0582 1.2368e-01     1.5849      5.072      7.356    16.4208   998.9127 0.0000e+00
      5.199      0.086     2.2657     22.811     28.810  23.451210    11.2935      7.057   346.5274 1.2373e-01     1.5823      5.096      7.392    16.2733   998.9374 0.0000e+00
      5.228      0.090     2.1292     21.375     28.925  23.464910    11.2842      7.054   346.8567 1.2378e-01     1.5570      5.128      7.437    16.1079   998.9647 0.0000e+00
      5.256      0.091     1.9546     19.565     29.074  23.505144    11.2114      7.051   347.0286 1.2380e-01     1.6394      5.158      7.480    15.9586   998.9892 0.0000e+00
      5.278      0.089     1.7371     17.341     29.231  23.556983    11.0719      7.050   347.0561 1.2381e-01     1.7923      5.177      7.509    15.8294   999.0100 0.0000e+00
      5.296      0.086     1.4779     14.719     29.345  23.584137    11.0027      7.048   347.1038 1.2378e-01     1.8652      5.192      7.531    15.6988   999.0310 0.0000e+00
      5.316      0.084     1.1919     11.849     29.399  23.579642    11.0851      7.045   347.2611 1.2376e-01     1.8658      5.211      7.558    15.5578   999.0534 0.0000e+00
      5.338      0.085     0.8970      8.907     29.501  23.629448    12.0342      7.043   347.4088 1.2378e-01     1.9968      5.235      7.592    15.4175   999.0755 0.0000e+00
      5.360      0.089     0.6155      6.106     29.836  23.869138    13.7650      7.042   347.4273 1.2378e-01     2.3011      5.257      7.624    15.2857   999.0961 0.0000e+00
      5.381      0.093     0.3695      3.661     30.530  24.384356    14.7067      7.041   347.3989 1.2371e-01     2.4981      5.275      7.651    15.1691   999.1141 0.0000e+00
      5.405      0.094     0.1686      1.669     31.347  24.974334    14.8461      7.040   347.3240 1.2367e-01     2.5426      5.298      7.685    15.0867   999.1267 0.0000e+00
      5.433      0.093     0.0229      0.228     31.763  25.229709    15.5714      7.039   347.2095 1.2375e-01     2.7415      5.328      7.728    15.0418   999.1336 0.0000e+00
      5.460      0.092    -0.0633     -0.622     31.872  25.251691    16.9051      7.037   347.0468 1.2383e-01     3.1324      5.356      7.768    15.0025   999.1398 0.0000e+00
      5.483      0.091    -0.0980     -0.962     31.918  25.240026    17.6286      7.034   346.7332 1.2383e-01     3.3691      5.377      7.799    14.9488   999.1483 0.0000e+00
      5.503      0.090    -0.0931     -0.912     31.716  25.025176    17.6430      7.030   346.4297 1.2381e-01     3.4084      5.396      7.828    14.8460   999.1641 0.0000e+00
      5.523      0.088    -0.0614     -0.600     31.696  24.937656    17.1653      7.026   346.2169 1.2376e-01     3.5087      5.415      7.854    14.6999   999.1859 0.0000e+00
      5.545      0.088    -0.0149     -0.146     32.525  25.513955    16.3011      7.024   346.1386 1.2368e-01     3.6975      5.435      7.883    14.5973   999.2010 0.0000e+00
      5.569      0.088     0.0357      0.348     33.996  26.600686    15.8372      7.021   346.1715 1.2367e-01     3.8223      5.462      7.922    14.5433   999.2091 0.0000e+00
      5.593      0.089     0.0821      0.798     35.035  27.355534    15.7269      7.018   345.8407 1.2373e-01     3.8382      5.486      7.956    14.4598   999.2211 0.0000e+00
      5.616      0.092     0.1180      1.143     35.090  27.344749    14.8197      7.013   345.0640 1.2373e-01     3.7593      5.507      7.987    14.3362   999.2388 0.0000e+00
      5.637      0.094     0.1442      1.396     35.180  27.358487    13.1489      7.007   344.2664 1.2368e-01     3.6215      5.528      8.018    14.2146   999.2565 0.0000e+00
      5.659      0.094     0.1631      1.576     36.198  28.092562    12.2407      7.002   343.5962 1.2370e-01     3.5480      5.548      8.046    14.1167   999.2711 0.0000e+00
      5.684      0.093     0.1748      1.686     37.168  28.796945    12.1612      6.997   342.8976 1.2375e-01     3.5591      5.572      8.082    14.0357   999.2830 0.0000e+00
      5.712      0.091     0.1831      1.764     37.090  28.705440    12.1021      6.992   342.1005 1.2374e-01     3.5591      5.603      8.126    13.9603   999.2934 0.0000e+00
      5.738      0.087     0.1902      1.832     36.528  28.255197    11.5434      6.987   341.0133 1.2374e-01     3.4830      5.628      8.163    13.8815   999.3042 0.0000e+00
