Data/DataNotYetUploadedToEDI/Raw_CTD/RawDownloads/072621_fcr_50_sit_anoxic.cnv
* Sea-Bird SBE19plus  Data File:
* FileName = C:\R\Reservoirs\Data\DataNotYetUploadedToEDI\Raw_CTD\RawDownloads\072621_bvr_50_0003.hex
* Software version 2.8.0.119
* Temperature SN = 7809
* Conductivity SN = 7809
* System UpLoad Time = Jul 26 2021 15:18:58
* <ApplicationData>
* <Seaterm232>
# nquan = 16
# nvalues = 4747                        
# units = specified
# name 0 = depFM: Depth [fresh water, m]
# name 1 = dz/dtM: Descent Rate [m/s]
# name 2 = orp: Oxidation Reduction Potential [mV]
# name 3 = sbeox0Mg/L: Oxygen, SBE 43 [mg/l]
# name 4 = sbeox0PS: Oxygen, SBE 43 [% saturation]
# name 5 = par/sat/log: PAR/Logarithmic, Satlantic
# name 6 = ph: pH
# name 7 = specc: Specific Conductance [uS/cm]
# name 8 = c0uS/cm: Conductivity [uS/cm]
# name 9 = flECO-AFL: Fluorescence, WET Labs ECO-AFL/FL [mg/m^3]
# name 10 = turbWETntu0: Turbidity, WET Labs ECO [NTU]
# name 11 = tv290C: Temperature [ITS-90, deg C]
# name 12 = density00: Density [density, kg/m^3]
# name 13 = prdE: Pressure, Strain Gauge [psi]
# name 14 = prdM: Pressure, Strain Gauge [db]
# name 15 = flag:  0.000e+00
# span 0 =     -0.653,      6.582       
# span 1 =     -9.008,      8.940       
# span 2 =   -75.1116,   249.6927       
# span 3 =     1.2678,     9.0629       
# span 4 =     13.541,    112.078       
# span 5 = 1.2338e-01, 3.9454e+02       
# span 6 =     15.270,     15.819       
# span 7 =      1.207,     73.278       
# span 8 =   1.138125,  51.044590       
# span 9 =    -1.0126,    23.0848       
# span 10 =    -0.3636,   129.0216      
# span 11 =     9.8137,    27.8419      
# span 12 =   996.2991,   999.7765      
# span 13 =     -0.930,      9.362      
# span 14 =     -0.642,      6.455      
# span 15 = 0.0000e+00, 0.0000e+00      
# interval = seconds: 0.25
# start_time = Jul 25 2021 23:44:08 [Instrument's time stamp, header]
# bad_flag = -9.990e-29
*END*
[from data line 3888]
      6.571 3.7344e-84   -35.0186     2.2289     19.789 1.2370e-01     15.777     69.787  48.649181     1.0294     1.5703     9.8531   999.7719      9.347      6.444 0.0000e+00
      6.571 4.1078e-83   -34.9384     2.2353     19.880 1.2382e-01     15.777     69.777  48.642312     1.0310     1.5944     9.8529   999.7720      9.347      6.444 0.0000e+00
      6.571 4.5186e-82   -34.8006     2.2251     19.874 1.2384e-01     15.777     69.784  48.646888     1.0309     1.6231     9.8528   999.7720      9.346      6.444 0.0000e+00
      6.571 4.9705e-81   -34.7295     2.2261     19.798 1.2373e-01     15.777     69.776  48.641002     1.0282     1.6086     9.8532   999.7720      9.347      6.444 0.0000e+00
      6.571 5.4675e-80   -34.8521     2.2402     19.712 1.2364e-01     15.777     69.767  48.634642     1.0263     1.5571     9.8533   999.7719      9.346      6.444 0.0000e+00
      6.571 6.0143e-79   -34.9929     2.2582     19.669 1.2364e-01     15.778     69.765  48.633496     1.0179     1.5828     9.8531   999.7720      9.347      6.445 0.0000e+00
      6.571 6.6157e-78   -34.8837     2.2522     19.673 1.2368e-01     15.778     69.756  48.627146     1.0123     1.6110     9.8530   999.7720      9.346      6.444 0.0000e+00
      6.571 7.2773e-77   -34.6499     2.2433     19.677 1.2372e-01     15.778     69.748  48.621374     1.0356     1.5543     9.8529   999.7720      9.347      6.445 0.0000e+00
      6.571 8.0050e-76   -34.6611     2.2302     19.680 1.2377e-01     15.777     69.756  48.627199     1.0794     1.4805     9.8529   999.7720      9.346      6.444 0.0000e+00
      6.571 8.8055e-75   -34.8471     2.2242     19.696 1.2382e-01     15.777     69.765  48.634069     1.1028     1.4059     9.8529   999.7720      9.347      6.444 0.0000e+00
      6.571 9.6861e-74   -34.9198     2.2298     19.710 1.2382e-01     15.778     69.775  48.640939     1.0988     1.3394     9.8527   999.7720      9.346      6.444 0.0000e+00
      6.571 1.0655e-72   -34.7663     2.2277     19.711 1.2375e-01     15.778     69.784  48.646764     1.0978     1.3282     9.8528   999.7720      9.346      6.444 0.0000e+00
      6.571 1.1720e-71   -34.6260     2.2285     19.739 1.2370e-01     15.778     69.776  48.641000     1.1099     1.3735     9.8529   999.7720      9.346      6.444 0.0000e+00
      6.571 1.2892e-70   -34.6857     2.2292     19.747 1.2370e-01     15.778     69.767  48.634755     1.1217     1.4062     9.8529   999.7720      9.346      6.444 0.0000e+00
      6.571 1.4181e-69   -34.7134     2.2356     19.727 1.2369e-01     15.778     69.766  48.634755     1.1165     1.3806     9.8531   999.7719      9.346      6.444 0.0000e+00
      6.571 1.5599e-68   -34.7892     2.2279     19.728 1.2366e-01     15.778     69.775  48.641001     1.0850     1.3388     9.8530   999.7720      9.346      6.444 0.0000e+00
      6.571 1.7159e-67   -34.9146     2.2374     19.737 1.2363e-01     15.778     69.783  48.646773     1.0455     1.3126     9.8529   999.7720      9.347      6.444 0.0000e+00
      6.571 1.8875e-66   -34.8522     2.2393     19.755 1.2366e-01     15.778     69.775  48.641043     1.0305     1.3039     9.8530   999.7719      9.346      6.444 0.0000e+00
      6.571 2.0763e-65   -34.7230     2.2298     19.745 1.2367e-01     15.778     69.767  48.635214     1.0473     1.3360     9.8531   999.7719      9.347      6.444 0.0000e+00
      6.571 2.2839e-64   -34.7295     2.2372     19.724 1.2360e-01     15.778     69.774  48.639794     1.0673     1.4264     9.8531   999.7719      9.347      6.444 0.0000e+00
      6.571 2.5123e-63   -34.9300     2.2317     19.741 1.2353e-01     15.778     69.764  48.632920     1.0613     1.5054     9.8533   999.7719      9.347      6.444 0.0000e+00
      6.571 2.7635e-62   -35.0824     2.2405     19.772 1.2351e-01     15.778     69.739  48.615601     1.0418     1.5357     9.8534   999.7719      9.346      6.444 0.0000e+00
      6.571 3.0399e-61   -35.0234     2.2370     19.800 1.2359e-01     15.777     69.747  48.620901     1.0413     1.5859     9.8533   999.7719      9.346      6.444 0.0000e+00
      6.571 3.3439e-60   -34.9050     2.2304     19.794 1.2364e-01     15.777     69.765  48.633495     1.0554     1.6314     9.8532   999.7719      9.346      6.444 0.0000e+00
      6.571 3.6783e-59   -34.9420     2.2362     19.743 1.2369e-01     15.778     69.775  48.640876     1.0602     1.6400     9.8529   999.7720      9.346      6.444 0.0000e+00
      6.571 4.0461e-58   -35.1258     2.2387     19.722 1.2376e-01     15.778     69.784  48.646645     1.0516     1.6214     9.8528   999.7719      9.346      6.444 0.0000e+00
      6.571 4.4507e-57   -35.2343     2.2433     19.736 1.2373e-01     15.778     69.774  48.639740     1.0476     1.5784     9.8533   999.7719      9.346      6.444 0.0000e+00
      6.571 4.8958e-56   -35.2218     2.2456     19.732 1.2366e-01     15.778     69.747  48.620900     1.0584     1.5657     9.8533   999.7719      9.346      6.444 0.0000e+00
      6.571 5.3854e-55   -35.1473     2.2338     19.751 1.2365e-01     15.777     69.731  48.609354     1.0773     1.5710     9.8531   999.7719      9.347      6.445 0.0000e+00
      6.571 5.9239e-54   -35.1069     2.2296     19.754 1.2361e-01     15.777     69.756  48.627136     1.0951     1.5736     9.8529   999.7720      9.346      6.444 0.0000e+00
      6.571 6.5163e-53   -35.1636     2.2405     19.742 1.2356e-01     15.777     69.783  48.645399     1.1021     1.5977     9.8526   999.7720      9.345      6.443 0.0000e+00
      6.571 7.1679e-52   -35.3166     2.2297     19.757 1.2363e-01     15.777     69.774  48.639668     1.1043     1.6224     9.8525   999.7720      9.346      6.444 0.0000e+00
      6.571 7.8847e-51   -35.4090     2.2391     19.751 1.2371e-01     15.778     69.748  48.621347     1.1216     1.6311     9.8527   999.7719      9.346      6.444 0.0000e+00
      6.571 8.6732e-50   -35.2474     2.2398     19.793 1.2371e-01     15.778     69.738  48.614381     1.1396     1.6347     9.8528   999.7720      9.346      6.444 0.0000e+00
      6.571 9.5405e-49   -35.0829     2.2300     19.895 1.2369e-01     15.778     69.745  48.618940     1.1322     1.6315     9.8528   999.7720      9.346      6.444 0.0000e+00
      6.571 1.0495e-47   -35.1419     2.2430     19.915 1.2367e-01     15.778     69.735  48.612967     1.1176     1.5926     9.8527   999.7720      9.346      6.444 0.0000e+00
      6.571 1.1544e-46   -35.2731     2.2336     19.834 1.2365e-01     15.777     69.724  48.605661     1.0967     1.5071     9.8524   999.7720      9.346      6.444 0.0000e+00
      6.571 1.2698e-45   -35.3780     2.2350     19.714 1.2368e-01     15.777     69.707  48.594105     1.0698     1.4223     9.8527   999.7719      9.346      6.444 0.0000e+00
      6.571 1.3968e-44   -35.2916     2.2608     19.669 1.2373e-01     15.777     69.716  48.600245     1.0597     1.3911     9.8528   999.7720      9.346      6.444 0.0000e+00
      6.571 1.5365e-43   -35.0895     2.2584     19.761 1.2376e-01     15.777     69.738  48.616410     1.0601     1.3696     9.8527   999.7720      9.346      6.444 0.0000e+00
      6.571 1.6902e-42   -35.0842     2.2486     19.848 1.2376e-01     15.777     69.713  48.599049     1.0561     1.3344     9.8532   999.7719      9.346      6.444 0.0000e+00
      6.571 1.8592e-41   -35.1417     2.2307     19.838 1.2373e-01     15.777     69.687  48.580833     1.0487     1.3438     9.8535   999.7719      9.346      6.444 0.0000e+00
      6.571 2.0451e-40   -35.0969     2.2163     19.752 1.2371e-01     15.777     69.696  48.586661     1.0475     1.3800     9.8536   999.7719      9.346      6.444 0.0000e+00
      6.571 2.2496e-39   -34.9730     2.2416     19.680 1.2371e-01     15.777     69.724  48.606018     1.0505     1.3943     9.8537   999.7719      9.346      6.444 0.0000e+00
      6.571 2.4746e-38   -34.8477     2.2512     19.675 1.2371e-01     15.778     69.749  48.624376     1.0473     1.3796     9.8540   999.7718      9.346      6.444 0.0000e+00
      6.571 2.7220e-37   -34.8727     2.2514     19.735 1.2371e-01     15.778     69.739  48.618130     1.0377     1.4082     9.8541   999.7718      9.346      6.444 0.0000e+00
      6.571 2.9942e-36   -34.9317     2.2353     19.811 1.2369e-01     15.777     69.704  48.593989     1.0392     1.5334     9.8539   999.7718      9.346      6.444 0.0000e+00
      6.571 3.2936e-35   -34.8725     2.2248     19.848 1.2365e-01     15.776     69.694  48.586495     1.0465     1.6233     9.8538   999.7719      9.346      6.444 0.0000e+00
      6.571 3.6230e-34   -34.7587     2.2269     19.886 1.2364e-01     15.777     69.701  48.591025     1.0489     1.6376     9.8542   999.7718      9.346      6.444 0.0000e+00
      6.571 3.9853e-33   -34.6740     2.2312     19.842 1.2364e-01     15.778     69.693  48.585257     1.0498     1.6371     9.8546   999.7718      9.346      6.444 0.0000e+00
      6.571 4.3838e-32   -34.7098     2.2507     19.753 1.2372e-01     15.777     69.685  48.580251     1.0376     1.5834     9.8547   999.7718      9.346      6.444 0.0000e+00
      6.571 4.8222e-31   -34.7607     2.2421     19.767 1.2378e-01     15.777     69.705  48.594000     1.0255     1.5382     9.8543   999.7718      9.346      6.444 0.0000e+00
      6.571 5.3044e-30   -34.8589     2.2572     19.781 1.2371e-01     15.777     69.750  48.624491     1.0285     1.5709     9.8542   999.7718      9.346      6.444 0.0000e+00
      6.571 5.8349e-29   -35.0379     2.2542     19.797 1.2368e-01     15.777     69.761  48.631418     1.0352     1.6345     9.8544   999.7718      9.346      6.444 0.0000e+00
      6.571 6.4184e-28   -35.0317     2.2235     19.832 1.2371e-01     15.777     69.736  48.614257     1.0391     1.6558     9.8545   999.7718      9.346      6.444 0.0000e+00
      6.571 7.0602e-27   -34.9559     2.2449     19.805 1.2369e-01     15.777     69.726  48.607492     1.0371     1.6225     9.8544   999.7718      9.346      6.444 0.0000e+00
      6.571 7.7662e-26   -35.0682     2.2393     19.817 1.2371e-01     15.777     69.734  48.613131     1.0411     1.6095     9.8540   999.7719      9.346      6.444 0.0000e+00
      6.571 8.5429e-25   -35.2704     2.2366     19.856 1.2377e-01     15.778     69.741  48.618940     1.0680     1.6350     9.8536   999.7719      9.346      6.444 0.0000e+00
      6.571 9.3971e-24   -35.3360     2.2556     19.824 1.2377e-01     15.778     69.734  48.614217     1.1052     1.6909     9.8535   999.7719      9.346      6.444 0.0000e+00
      6.571 1.0337e-22   -35.2588     2.2368     19.822 1.2376e-01     15.778     69.742  48.619525     1.1186     1.7014     9.8537   999.7719      9.346      6.444 0.0000e+00
      6.571 1.1371e-21   -35.1982     2.2418     19.886 1.2372e-01     15.779     69.742  48.619620     1.1056     1.5909     9.8538   999.7719      9.346      6.444 0.0000e+00
      6.571 1.2508e-20   -35.2910     2.2558     19.873 1.2364e-01     15.779     69.737  48.615361     1.0816     1.4532     9.8542   999.7719      9.346      6.444 0.0000e+00
      6.571 1.3758e-19   -35.5210     2.2431     19.818 1.2362e-01     15.779     69.760  48.631535     1.0576     1.3754     9.8545   999.7718      9.345      6.443 0.0000e+00
      6.571 1.5134e-18   -35.6558     2.2372     19.808 1.2364e-01     15.779     69.750  48.624678     1.0539     1.3715     9.8546   999.7718      9.346      6.444 0.0000e+00
      6.571 1.6648e-17   -35.6298     2.2597     19.791 1.2365e-01     15.778     69.709  48.595957     1.0549     1.3718     9.8540   999.7719      9.346      6.444 0.0000e+00
      6.571 1.8312e-16   -35.5517     2.2532     19.794 1.2366e-01     15.777     69.718  48.601776     1.0421     1.3101     9.8537   999.7719      9.346      6.444 0.0000e+00
      6.571 2.0144e-15   -35.4849     2.2375     19.808 1.2361e-01     15.777     69.760  48.631533     1.0323     1.2791     9.8539   999.7719      9.346      6.444 0.0000e+00
      6.571 2.2158e-14   -35.5114     2.2483     19.789 1.2358e-01     15.778     69.769  48.638253     1.0320     1.3393     9.8539   999.7719      9.346      6.444 0.0000e+00
      6.571 2.4374e-13   -35.6135     2.2382     19.797 1.2361e-01     15.778     69.742  48.619516     1.0383     1.4193     9.8539   999.7718      9.346      6.444 0.0000e+00
      6.571 2.6811e-12   -35.6004     2.2405     19.841 1.2362e-01     15.778     69.708  48.595489     1.0424     1.4229     9.8539   999.7718      9.346      6.444 0.0000e+00
      6.571 2.9492e-11   -35.4390     2.2470     19.806 1.2365e-01     15.777     69.717  48.601744     1.0242     1.3482     9.8540   999.7719      9.346      6.444 0.0000e+00
      6.571 3.2441e-10   -35.2977     2.2393     19.676 1.2366e-01     15.777     69.759  48.631645     0.9889     1.3059     9.8541   999.7718      9.345      6.443 0.0000e+00
      6.571 3.5686e-09   -35.2681     2.2377     19.565 1.2362e-01     15.778     69.770  48.639511     0.9690     1.3239     9.8541   999.7719      9.346      6.444 0.0000e+00
      6.571 3.9254e-08   -35.3394     2.2524     19.592 1.2362e-01     15.778     69.761  48.633360     0.9748     1.3596     9.8543   999.7718      9.346      6.444 0.0000e+00
      6.571 4.3180e-07   -35.4714     2.2480     19.761 1.2366e-01     15.778     69.743  48.620774     1.0017     1.3598     9.8543   999.7718      9.346      6.444 0.0000e+00
      6.571      0.000   -35.4009     2.2272     19.918 1.2371e-01     15.778     69.734  48.614339     1.0361     1.2921     9.8545   999.7718      9.346      6.444 0.0000e+00
      6.571      0.000   -35.0896     2.2099     19.933 1.2379e-01     15.777     69.741  48.619054     1.0477     1.2621     9.8549   999.7718      9.346      6.444 0.0000e+00
      6.571      0.001   -35.0626     2.2096     19.836 1.2379e-01     15.777     69.735  48.614278     1.0462     1.3057     9.8551   999.7718      9.346      6.444 0.0000e+00
      6.571      0.006   -35.2468     2.2402     19.809 1.2378e-01     15.777     69.744  48.620098     1.0475     1.3392     9.8548   999.7718      9.345      6.443 0.0000e+00
      6.571      0.070   -35.1659     2.2609     19.876 1.2376e-01     15.777     69.752  48.625919     1.0341     1.3576     9.8545   999.7718      9.346      6.444 0.0000e+00
      6.571      0.765   -34.9448     2.2665     19.968 1.2367e-01     15.777     69.745  48.621153     1.0076     1.3564     9.8543   999.7718      9.346      6.444 0.0000e+00
      6.571      8.415   -34.8968     2.2390     20.048 1.2365e-01     15.777     69.751  48.625980     0.9756     1.3252     9.8538   999.7719      9.346      6.444 0.0000e+00
      6.571 9.2559e-99   -35.0154     2.2389     20.014 1.2370e-01     15.776     69.744  48.620784     0.9617     1.3230     9.8537   999.7719      9.347      6.444 0.0000e+00
      6.571 1.0182e-97   -35.0877     2.2525     19.906 1.2375e-01     15.776     69.745  48.621825     0.9828     1.3641     9.8539   999.7719      9.346      6.444 0.0000e+00
      6.571 1.1200e-96   -35.0832     2.2576     19.816 1.2379e-01     15.776     69.770  48.638567     1.0020     1.4105     9.8540   999.7718      9.346      6.444 0.0000e+00
      6.571 1.2320e-95   -35.0477     2.2795     19.755 1.2380e-01     15.777     69.761  48.632698     0.9935     1.4031     9.8542   999.7718      9.346      6.444 0.0000e+00
      6.571 1.3552e-94   -35.0022     2.2688     19.721 1.2376e-01     15.777     69.736  48.614374     0.9950     1.3443     9.8541   999.7719      9.347      6.444 0.0000e+00
      6.571 1.4907e-93   -35.0489     2.2523     19.709 1.2372e-01     15.777     69.726  48.607513     1.0288     1.3517     9.8541   999.7718      9.346      6.444 0.0000e+00
      6.571 1.6397e-92   -35.1814     2.2433     19.710 1.2373e-01     15.777     69.733  48.613238     1.0502     1.3891     9.8542   999.7719      9.346      6.444 0.0000e+00
