Data/DataNotYetUploadedToEDI/Raw_CTD/RawDownloads/072621_bvr_50_0001.cnv
* Sea-Bird SBE19plus  Data File:
* FileName = C:\R\Reservoirs\Data\DataNotYetUploadedToEDI\Raw_CTD\RawDownloads\072621_bvr_50_0001.hex
* Software version 2.8.0.119
* Temperature SN = 7809
* Conductivity SN = 7809
* System UpLoad Time = Jul 26 2021 15:16:34
* <ApplicationData>
* <Seaterm232>
# nquan = 16
# nvalues = 2345                        
# units = specified
# name 0 = depFM: Depth [fresh water, m]
# name 1 = dz/dtM: Descent Rate [m/s]
# name 2 = orp: Oxidation Reduction Potential [mV]
# name 3 = sbeox0Mg/L: Oxygen, SBE 43 [mg/l]
# name 4 = sbeox0PS: Oxygen, SBE 43 [% saturation]
# name 5 = par/sat/log: PAR/Logarithmic, Satlantic
# name 6 = ph: pH
# name 7 = specc: Specific Conductance [uS/cm]
# name 8 = c0uS/cm: Conductivity [uS/cm]
# name 9 = flECO-AFL: Fluorescence, WET Labs ECO-AFL/FL [mg/m^3]
# name 10 = turbWETntu0: Turbidity, WET Labs ECO [NTU]
# name 11 = tv290C: Temperature [ITS-90, deg C]
# name 12 = density00: Density [density, kg/m^3]
# name 13 = prdE: Pressure, Strain Gauge [psi]
# name 14 = prdM: Pressure, Strain Gauge [db]
# name 15 = flag:  0.000e+00
# span 0 =     -0.739,     10.238       
# span 1 =     -0.385,      0.222       
# span 2 = -1240.7455,   296.1132       
# span 3 =     1.2700,     8.8226       
# span 4 =     13.447,    110.714       
# span 5 = 1.2341e-01, 1.1130e+03       
# span 6 =     15.277,     15.799       
# span 7 =      0.989,    147.242       
# span 8 =   1.041134,  99.930905       
# span 9 =    -1.5476,    14.3941       
# span 10 =    -9.8300,   936.2838      
# span 11 =     8.9117,    27.6236      
# span 12 =   996.3479,   999.8907      
# span 13 =     -1.052,     14.561      
# span 14 =     -0.726,     10.040      
# span 15 = 0.0000e+00, 0.0000e+00      
# interval = seconds: 0.25
# start_time = Jul 25 2021 20:42:12 [Instrument's time stamp, header]
# bad_flag = -9.990e-29
*END*
[from data line 1808]
      9.658      0.023   -13.6742     2.0290     17.498 1.2356e-01     15.798    123.086  83.729883     0.6063     1.5518     9.0159   999.8723     13.735      9.469 0.0000e+00
      9.663      0.024   -13.8759     2.0297     17.549 1.2360e-01     15.798    123.367  83.911165     0.6118     1.6037     9.0148   999.8725     13.742      9.475 0.0000e+00
      9.670      0.025   -13.9796     2.0225     17.589 1.2363e-01     15.797    123.637  84.087795     0.5904     1.6417     9.0154   999.8725     13.754      9.483 0.0000e+00
      9.679      0.028   -14.1538     2.0157     17.580 1.2367e-01     15.797    124.198  84.466026     0.5572     1.6347     9.0151   999.8728     13.768      9.492 0.0000e+00
      9.685      0.029   -14.4334     2.0214     17.585 1.2368e-01     15.798    124.684  84.794744     0.5340     1.6212     9.0111   999.8734     13.777      9.499 0.0000e+00
      9.691      0.028   -14.7790     2.0258     17.605 1.2366e-01     15.798    124.628  84.754371     0.5203     1.6157     9.0060   999.8738     13.783      9.503 0.0000e+00
      9.700      0.025   -15.0634     2.0380     17.585 1.2364e-01     15.798    124.519  84.677655     0.5346     1.6031     9.0032   999.8742     13.795      9.512 0.0000e+00
      9.709      0.023   -15.2052     2.0289     17.563 1.2358e-01     15.798    124.824  84.885005     0.5821     1.6053     9.0020   999.8745     13.812      9.523 0.0000e+00
      9.715      0.023   -15.2890     2.0296     17.533 1.2354e-01     15.797    125.041  85.034898     0.6188     1.6081     9.0021   999.8748     13.820      9.529 0.0000e+00
      9.717      0.023   -15.3877     2.0396     17.500 1.2356e-01     15.797    124.836  84.899639     0.6160     1.6029     9.0008   999.8749     13.820      9.528 0.0000e+00
      9.720      0.023   -15.5377     2.0289     17.516 1.2357e-01     15.797    124.551  84.712752     0.5763     1.6107     8.9989   999.8748     13.823      9.530 0.0000e+00
      9.727      0.023   -15.7270     2.0317     17.576 1.2359e-01     15.796    124.303  84.556477     0.5307     1.5996     8.9997   999.8750     13.835      9.539 0.0000e+00
      9.736      0.024   -15.9560     2.0259     17.602 1.2365e-01     15.796    124.056  84.409652     0.5124     1.5716     9.0006   999.8752     13.849      9.549 0.0000e+00
      9.743      0.026   -16.1543     2.0206     17.620 1.2363e-01     15.796    124.203  84.527861     0.5168     1.5816     9.0020   999.8749     13.858      9.556 0.0000e+00
      9.748      0.028   -16.3185     2.0193     17.650 1.2356e-01     15.796    125.032  85.095151     0.5456     1.6509     9.0045   999.8746     13.865      9.559 0.0000e+00
      9.754      0.028   -16.5645     2.0346     17.620 1.2355e-01     15.796    126.358  85.988662     0.5936     1.7580     9.0081   999.8744     13.873      9.565 0.0000e+00
      9.761      0.029   -16.8059     2.0342     17.589 1.2357e-01     15.796    127.862  86.997375     0.6206     1.8460     9.0189   999.8734     13.884      9.573 0.0000e+00
      9.769      0.031   -17.0000     2.0295     17.563 1.2357e-01     15.796    128.992  87.748403     0.6147     1.8911     9.0291   999.8726     13.895      9.581 0.0000e+00
      9.777      0.031   -17.1910     2.0469     17.543 1.2353e-01     15.796    129.313  87.943596     0.5981     1.8913     9.0292   999.8731     13.907      9.588 0.0000e+00
      9.787      0.031   -17.3076     2.0309     17.560 1.2346e-01     15.797    129.178  87.830467     0.5823     1.8828     9.0239   999.8740     13.920      9.597 0.0000e+00
      9.796      0.030   -17.3778     2.0322     17.566 1.2341e-01     15.798    129.204  87.843899     0.5760     1.8909     9.0185   999.8751     13.934      9.607 0.0000e+00
      9.805      0.029   -17.6098     2.0308     17.598 1.2345e-01     15.798    129.567  88.105996     0.5799     1.8869     9.0123   999.8761     13.946      9.616 0.0000e+00
      9.811      0.029   -17.9610     2.0211     17.659 1.2358e-01     15.798    129.866  88.327241     0.5906     1.9037     9.0020   999.8769     13.955      9.622 0.0000e+00
      9.816      0.028   -18.1835     2.0345     17.685 1.2370e-01     15.797    129.805  88.292091     0.6107     1.9558     8.9911   999.8776     13.961      9.627 0.0000e+00
      9.822      0.027   -18.2347     2.0269     17.640 1.2372e-01     15.797    129.651  88.190020     0.6132     1.9677     8.9883   999.8778     13.968      9.631 0.0000e+00
      9.830      0.027   -18.3226     2.0320     17.548 1.2362e-01     15.797    129.626  88.174749     0.5915     1.9107     8.9979   999.8774     13.981      9.639 0.0000e+00
      9.839      0.027   -18.5570     2.0423     17.510 1.2356e-01     15.797    129.905  88.361946     0.5870     1.8492     9.0077   999.8770     13.996      9.650 0.0000e+00
      9.846      0.028   -18.8325     2.0454     17.526 1.2355e-01     15.797    130.556  88.799116     0.6074     1.8425     9.0073   999.8768     14.007      9.658 0.0000e+00
      9.851      0.029   -19.0718     2.0426     17.530 1.2355e-01     15.798    131.161  89.197545     0.6181     1.8637     9.0079   999.8767     14.013      9.661 0.0000e+00
      9.856      0.030   -19.1281     2.0223     17.535 1.2358e-01     15.798    131.440  89.361666     0.6113     1.8655     9.0103   999.8765     14.017      9.664 0.0000e+00
      9.864      0.030   -19.1690     2.0200     17.560 1.2363e-01     15.799    131.612  89.447271     0.6107     1.8647     9.0081   999.8768     14.029      9.672 0.0000e+00
      9.874      0.031   -19.3934     2.0274     17.603 1.2363e-01     15.799    131.776  89.532634     0.6110     1.8538     9.0064   999.8773     14.044      9.683 0.0000e+00
      9.884      0.031   -19.6909     2.0251     17.668 1.2363e-01     15.799    131.847  89.566571     0.5950     1.8366     9.0031   999.8779     14.059      9.693 0.0000e+00
      9.893      0.031   -20.0125     2.0251     17.711 1.2363e-01     15.799    132.003  89.666700     0.5810     1.8283     8.9923   999.8788     14.072      9.702 0.0000e+00
      9.900      0.030   -20.2707     2.0305     17.689 1.2357e-01     15.798    132.283  89.852457     0.5846     1.8220     8.9780   999.8799     14.081      9.709 0.0000e+00
      9.905      0.029   -20.4893     2.0337     17.648 1.2357e-01     15.798    132.458  89.967263     0.6095     1.8300     8.9676   999.8808     14.089      9.713 0.0000e+00
      9.912      0.029   -20.7633     2.0438     17.606 1.2368e-01     15.798    132.561  90.036729     0.6537     1.8559     8.9627   999.8811     14.097      9.719 0.0000e+00
      9.920      0.029   -21.0021     2.0535     17.551 1.2368e-01     15.799    132.773  90.183316     0.6807     1.8949     8.9614   999.8813     14.110      9.728 0.0000e+00
      9.929      0.029   -21.1396     2.0457     17.531 1.2361e-01     15.799    133.008  90.339739     0.6775     1.8896     8.9603   999.8816     14.122      9.737 0.0000e+00
      9.936      0.029   -21.3074     2.0405     17.563 1.2361e-01     15.798    133.110  90.400869     0.6532     1.8258     8.9575   999.8818     14.132      9.743 0.0000e+00
      9.943      0.029   -21.5683     2.0388     17.622 1.2361e-01     15.798    133.229  90.477006     0.6065     1.7763     8.9575   999.8819     14.142      9.751 0.0000e+00
      9.951      0.028   -21.7985     2.0275     17.692 1.2357e-01     15.798    133.629  90.751235     0.5801     1.7713     8.9604   999.8819     14.154      9.759 0.0000e+00
      9.958      0.028   -21.9396     2.0249     17.721 1.2354e-01     15.798    134.149  91.107583     0.5909     1.7998     8.9593   999.8821     14.164      9.766 0.0000e+00
      9.964      0.028   -22.0700     2.0318     17.681 1.2354e-01     15.798    134.417  91.285725     0.6042     1.8461     8.9542   999.8825     14.172      9.771 0.0000e+00
      9.970      0.028   -22.2575     2.0370     17.645 1.2361e-01     15.798    134.475  91.314280     0.6069     1.8850     8.9520   999.8827     14.180      9.776 0.0000e+00
      9.978      0.027   -22.4847     2.0483     17.637 1.2362e-01     15.797    134.509  91.325563     0.6048     1.8583     8.9541   999.8827     14.192      9.785 0.0000e+00
      9.987      0.026   -22.6665     2.0548     17.634 1.2357e-01     15.797    134.569  91.358501     0.6072     1.7976     8.9566   999.8829     14.205      9.794 0.0000e+00
      9.993      0.025   -22.8210     2.0437     17.664 1.2360e-01     15.798    134.629  91.394351     0.6073     1.8034     8.9552   999.8831     14.215      9.801 0.0000e+00
      9.998      0.024   -22.9754     2.0392     17.697 1.2364e-01     15.798    134.608  91.377199     0.5965     1.8597     8.9500   999.8835     14.220      9.805 0.0000e+00
     10.004      0.022   -23.1566     2.0425     17.689 1.2367e-01     15.798    134.461  91.278387     0.5914     1.8943     8.9452   999.8840     14.229      9.810 0.0000e+00
     10.010      0.022   -23.3772     2.0376     17.663 1.2367e-01     15.798    134.271  91.154146     0.6021     1.8791     8.9422   999.8842     14.239      9.817 0.0000e+00
     10.015      0.022   -23.5779     2.0432     17.614 1.2357e-01     15.798    134.159  91.084076     0.6118     1.8476     8.9407   999.8843     14.244      9.821 0.0000e+00
     10.020      0.023   -23.7772     2.0520     17.596 1.2349e-01     15.798    134.133  91.067530     0.6134     1.8223     8.9396   999.8844     14.250      9.825 0.0000e+00
     10.025      0.023   -23.8936     2.0456     17.666 1.2351e-01     15.799    134.157  91.081355     0.6124     1.8135     8.9391   999.8844     14.258      9.831 0.0000e+00
     10.031      0.023   -23.9526     2.0461     17.737 1.2357e-01     15.799    134.227  91.123968     0.6082     1.8098     8.9419   999.8842     14.268      9.838 0.0000e+00
     10.038      0.023   -24.0601     2.0381     17.754 1.2361e-01     15.799    134.347  91.200941     0.6105     1.7771     8.9451   999.8839     14.278      9.845 0.0000e+00
     10.045      0.023   -24.0751     2.0282     17.758 1.2364e-01     15.798    134.616  91.375676     0.6115     1.7613     8.9453   999.8839     14.288      9.851 0.0000e+00
     10.050      0.024   -24.0479     2.0459     17.773 1.2360e-01     15.798    135.032  91.645789     0.6011     1.7571     8.9438   999.8841     14.294      9.856 0.0000e+00
     10.055      0.025   -24.1619     2.0555     17.774 1.2356e-01     15.798    135.270  91.794143     0.5900     1.7603     8.9420   999.8843     14.300      9.859 0.0000e+00
     10.060      0.025   -24.2489     2.0545     17.731 1.2359e-01     15.799    135.153  91.705773     0.5923     1.8345     8.9404   999.8844     14.307      9.864 0.0000e+00
     10.067      0.024   -24.3254     2.0539     17.659 1.2365e-01     15.798    134.991  91.595474     0.6091     1.8988     8.9382   999.8847     14.318      9.872 0.0000e+00
     10.076      0.024   -24.4844     2.0575     17.604 1.2365e-01     15.798    135.090  91.669623     0.6125     1.8857     8.9330   999.8853     14.333      9.882 0.0000e+00
     10.083      0.025   -24.6233     2.0598     17.603 1.2358e-01     15.799    135.332  91.838681     0.5946     1.8129     8.9272   999.8859     14.344      9.889 0.0000e+00
     10.086      0.025   -24.7998     2.0541     17.648 1.2356e-01     15.799    135.461  91.921352     0.5840     1.7397     8.9235   999.8861     14.346      9.891 0.0000e+00
     10.090      0.024   -24.9833     2.0437     17.710 1.2361e-01     15.798    135.452  91.905550     0.5896     1.7909     8.9225   999.8861     14.349      9.894 0.0000e+00
     10.098      0.024   -25.2075     2.0349     17.770 1.2364e-01     15.798    135.457  91.902156     0.5954     1.9168     8.9273   999.8859     14.362      9.902 0.0000e+00
     10.107      0.024   -25.5323     2.0356     17.785 1.2365e-01     15.798    135.523  91.943948     0.6054     1.9575     8.9310   999.8857     14.378      9.913 0.0000e+00
     10.114      0.024   -25.8126     2.0420     17.706 1.2364e-01     15.798    135.557  91.965384     0.6253     1.9390     8.9275   999.8861     14.388      9.920 0.0000e+00
     10.118      0.023   -26.1010     2.0507     17.620 1.2362e-01     15.797    135.563  91.970431     0.6262     1.8996     8.9229   999.8864     14.391      9.922 0.0000e+00
     10.123      0.020   -26.5245     2.0571     17.607 1.2363e-01     15.797    135.609  92.004970     0.6067     1.8238     8.9203   999.8866     14.397      9.926 0.0000e+00
     10.128      0.017   -26.9756     2.0667     17.671 1.2361e-01     15.798    135.689  92.064808     0.5894     1.7773     8.9195   999.8868     14.407      9.933 0.0000e+00
     10.133      0.015   -27.3390     2.0488     17.763 1.2359e-01     15.799    135.764  92.121193     0.5802     1.7841     8.9191   999.8868     14.414      9.938 0.0000e+00
     10.137      0.014   -27.6494     2.0360     17.786 1.2363e-01     15.798    135.844  92.177631     0.5909     1.8371     8.9190   999.8868     14.418      9.941 0.0000e+00
     10.140      0.012   -27.9751     2.0360     17.745 1.2366e-01     15.797    135.933  92.238091     0.6227     1.9031     8.9202   999.8868     14.422      9.944 0.0000e+00
     10.142      0.010   -28.2655     2.0419     17.690 1.2364e-01     15.798    135.998  92.279463     0.6411     1.9303     8.9226   999.8866     14.425      9.946 0.0000e+00
     10.145      0.009   -28.5791     2.0626     17.662 1.2356e-01     15.798    136.028  92.296028     0.6323     1.9266     8.9252   999.8865     14.430      9.949 0.0000e+00
     10.147      0.008   -29.1852     2.0605     17.664 1.2349e-01     15.798    136.056  92.311096     0.6488     1.8924     8.9262   999.8864     14.432      9.951 0.0000e+00
     10.148      0.008   -29.9162     2.0548     17.656 1.2352e-01     15.798    136.095  92.334374     0.6976     1.8258     8.9259   999.8865     14.435      9.952 0.0000e+00
     10.150      0.008   -30.1899     2.0466     17.657 1.2358e-01     15.798    136.075  92.322921     0.7169     1.7737     8.9251   999.8866     14.437      9.954 0.0000e+00
     10.152      0.007   -30.0852     2.0422     17.709 1.2363e-01     15.798    136.028  92.299896     0.7108     1.7768     8.9233   999.8868     14.440      9.956 0.0000e+00
     10.154      0.007   -30.1983     2.0466     17.795 1.2364e-01     15.798    136.025  92.310550     0.7101     1.8283     8.9218   999.8869     14.443      9.958 0.0000e+00
     10.156      0.007   -30.6117     2.0442     17.844 1.2359e-01     15.798    136.030  92.324475     0.6987     1.8814     8.9201   999.8870     14.445      9.960 0.0000e+00
     10.158      0.007   -31.0403     2.0406     17.784 1.2357e-01     15.798    136.041  92.340992     0.6783     1.9042     8.9197   999.8871     14.448      9.962 0.0000e+00
     10.159      0.007   -31.3361     2.0491     17.674 1.2359e-01     15.798    136.098  92.382986     0.6735     1.8988     8.9241   999.8867     14.450      9.963 0.0000e+00
     10.161      0.007   -31.4344     2.0597     17.609 1.2363e-01     15.798    136.206  92.450393     0.6685     1.8849     8.9298   999.8863     14.453      9.965 0.0000e+00
     10.163      0.008   -31.4552     2.0725     17.614 1.2363e-01     15.798    136.326  92.519614     0.6375     1.8726     8.9334   999.8861     14.456      9.967 0.0000e+00
     10.165      0.008   -31.5867     2.0603     17.694 1.2362e-01     15.798    136.437  92.583527     0.6027     1.8534     8.9373   999.8858     14.459      9.969 0.0000e+00
     10.167      0.008   -31.6478     2.0409     17.757 1.2366e-01     15.799    136.546  92.650397     0.5915     1.8585     8.9395   999.8856     14.461      9.970 0.0000e+00
     10.170      0.008   -31.5919     2.0374     17.745 1.2367e-01     15.799    136.611  92.691736     0.5978     1.8997     8.9364   999.8858     14.465      9.973 0.0000e+00
     10.172      0.008   -31.5997     2.0321     17.704 1.2362e-01     15.798    136.626  92.701524     0.6024     1.9401     8.9308   999.8864     14.468      9.976 0.0000e+00
