Data/DataNotYetUploadedToEDI/Raw_CTD/RawDownloads/072621_bvr_50_0001.cnv
* Sea-Bird SBE19plus  Data File:
* FileName = C:\R\Reservoirs\Data\DataNotYetUploadedToEDI\Raw_CTD\RawDownloads\072621_bvr_50_0001.hex
* Software version 2.8.0.119
* Temperature SN = 7809
* Conductivity SN = 7809
* System UpLoad Time = Jul 26 2021 15:16:34
* <ApplicationData>
* <Seaterm232>
# nquan = 16
# nvalues = 2345                        
# units = specified
# name 0 = depFM: Depth [fresh water, m]
# name 1 = dz/dtM: Descent Rate [m/s]
# name 2 = orp: Oxidation Reduction Potential [mV]
# name 3 = sbeox0Mg/L: Oxygen, SBE 43 [mg/l]
# name 4 = sbeox0PS: Oxygen, SBE 43 [% saturation]
# name 5 = par/sat/log: PAR/Logarithmic, Satlantic
# name 6 = ph: pH
# name 7 = specc: Specific Conductance [uS/cm]
# name 8 = c0uS/cm: Conductivity [uS/cm]
# name 9 = flECO-AFL: Fluorescence, WET Labs ECO-AFL/FL [mg/m^3]
# name 10 = turbWETntu0: Turbidity, WET Labs ECO [NTU]
# name 11 = tv290C: Temperature [ITS-90, deg C]
# name 12 = density00: Density [density, kg/m^3]
# name 13 = prdE: Pressure, Strain Gauge [psi]
# name 14 = prdM: Pressure, Strain Gauge [db]
# name 15 = flag:  0.000e+00
# span 0 =     -0.739,     10.238       
# span 1 =     -0.385,      0.222       
# span 2 = -1240.7455,   296.1132       
# span 3 =     1.2700,     8.8226       
# span 4 =     13.447,    110.714       
# span 5 = 1.2341e-01, 1.1130e+03       
# span 6 =     15.277,     15.799       
# span 7 =      0.989,    147.242       
# span 8 =   1.041134,  99.930905       
# span 9 =    -1.5476,    14.3941       
# span 10 =    -9.8300,   936.2838      
# span 11 =     8.9117,    27.6236      
# span 12 =   996.3479,   999.8907      
# span 13 =     -1.052,     14.561      
# span 14 =     -0.726,     10.040      
# span 15 = 0.0000e+00, 0.0000e+00      
# interval = seconds: 0.25
# start_time = Jul 25 2021 20:42:12 [Instrument's time stamp, header]
# bad_flag = -9.990e-29
*END*
[from data line 272]
      0.730      0.033  -424.1837     7.1876     89.503 2.7755e+02     15.322     26.895  28.105439     1.8088     2.1359    27.2429   996.4668      1.037      0.715 0.0000e+00
      0.738      0.033  -419.1536     7.1785     89.281 2.8647e+02     15.323     26.883  28.091799     1.7745     2.1228    27.2432   996.4668      1.049      0.724 0.0000e+00
      0.748      0.033  -413.9113     7.1526     89.189 2.6668e+02     15.323     26.859  28.067589     1.7637     2.1461    27.2434   996.4668      1.064      0.734 0.0000e+00
      0.757      0.034  -408.5516     7.1196     89.276 2.4305e+02     15.323     26.858  28.066436     1.7738     2.1435    27.2432   996.4669      1.077      0.742 0.0000e+00
      0.765      0.036  -403.0478     7.0998     89.444 2.3630e+02     15.323     26.869  28.077863     1.8208     2.1591    27.2428   996.4671      1.088      0.750 0.0000e+00
      0.773      0.037  -397.3548     7.0789     89.524 2.3327e+02     15.324     26.870  28.078892     1.9211     2.2663    27.2425   996.4672      1.098      0.757 0.0000e+00
      0.783      0.037  -391.4268     7.0687     89.389 2.3727e+02     15.324     26.870  28.078873     1.9949     2.3749    27.2427   996.4671      1.112      0.767 0.0000e+00
      0.793      0.037  -385.0623     7.0797     89.044 2.4818e+02     15.324     26.869  28.077633     1.9980     2.3744    27.2426   996.4672      1.129      0.778 0.0000e+00
      0.804      0.038  -378.1334     7.0978     88.578 2.3749e+02     15.325     26.856  28.063908     1.9583     2.2944    27.2427   996.4672      1.143      0.787 0.0000e+00
      0.814      0.038  -370.7171     7.1090     88.113 2.2183e+02     15.325     26.833  28.039783     1.9159     2.1964    27.2430   996.4672      1.158      0.799 0.0000e+00
      0.822      0.037  -362.7621     7.0971     87.690 2.2376e+02     15.324     26.833  28.039668     1.9051     2.1518    27.2432   996.4672      1.171      0.807 0.0000e+00
      0.830      0.035  -354.3951     7.0674     87.220 2.2021e+02     15.323     26.854  28.062515     1.9132     2.1668    27.2432   996.4672      1.179      0.813 0.0000e+00
      0.840      0.033  -345.8691     7.0264     86.678 2.0846e+02     15.323     26.854  28.062297     1.9090     2.1371    27.2431   996.4673      1.196      0.825 0.0000e+00
      0.850      0.031  -336.8519     6.9870     86.182 2.1447e+02     15.324     26.829  28.037028     1.8923     2.0675    27.2432   996.4673      1.212      0.836 0.0000e+00
      0.856      0.030  -327.2780     6.9583     85.753 2.2210e+02     15.324     26.804  28.010720     1.8824     2.0460    27.2431   996.4673      1.218      0.840 0.0000e+00
      0.862      0.029  -317.6147     6.9232     85.338 2.1586e+02     15.324     26.792  27.997939     1.8845     2.0826    27.2430   996.4674      1.225      0.845 0.0000e+00
      0.870      0.029  -307.3430     6.8731     85.004 2.1471e+02     15.325     26.803  28.009360     1.8890     2.1331    27.2433   996.4674      1.237      0.853 0.0000e+00
      0.877      0.030  -295.7475     6.8336     84.863 2.0843e+02     15.325     26.815  28.021941     1.8904     2.1759    27.2433   996.4673      1.247      0.860 0.0000e+00
      0.884      0.031  -283.1573     6.8045     85.013 2.0281e+02     15.326     26.816  28.023197     1.9010     2.2567    27.2435   996.4674      1.257      0.867 0.0000e+00
      0.893      0.030  -270.0640     6.7667     85.490 2.0610e+02     15.326     26.817  28.024549     1.9130     2.3551    27.2445   996.4670      1.269      0.875 0.0000e+00
      0.903      0.028  -256.3438     6.7382     86.285 2.0544e+02     15.326     26.831  28.038284     1.9107     2.4037    27.2447   996.4671      1.284      0.886 0.0000e+00
      0.912      0.024  -242.0254     6.7233     87.375 2.0699e+02     15.325     26.854  28.062399     1.9304     2.3299    27.2441   996.4673      1.300      0.896 0.0000e+00
      0.918      0.019  -227.2907     6.7342     88.592 2.0583e+02     15.325     26.854  28.062399     1.9801     2.1493    27.2436   996.4674      1.307      0.901 0.0000e+00
      0.921      0.014  -211.8065     6.7742     89.715 2.0073e+02     15.326     26.832  28.038284     2.0155     2.0735    27.2434   996.4675      1.310      0.903 0.0000e+00
      0.921      0.010  -195.6531     6.8345     90.542 2.0298e+02     15.326     26.819  28.024549     2.0342     2.1351    27.2432   996.4676      1.311      0.904 0.0000e+00
      0.922      0.007  -179.2816     6.9277     90.865 2.0733e+02     15.326     26.818  28.023198     2.0717     2.1727    27.2427   996.4677      1.309      0.903 0.0000e+00
      0.924      0.006  -162.5354     7.0314     90.672 2.0307e+02     15.327     26.817  28.021941     2.1259     2.1511    27.2425   996.4678      1.313      0.905 0.0000e+00
      0.926      0.007  -145.0352     7.1238     90.197 1.9907e+02     15.327     26.804  28.009348     2.1561     2.1139    27.2422   996.4679      1.320      0.909 0.0000e+00
      0.927      0.011  -126.7747     7.1983     89.633 2.0160e+02     15.328     26.793  27.997805     2.1696     2.1350    27.2417   996.4680      1.319      0.910 0.0000e+00
      0.927      0.016  -106.8587     7.2253     89.014 1.9897e+02     15.328     26.804  28.009244     2.2314     2.1656    27.2410   996.4682      1.318      0.909 0.0000e+00
      0.930      0.024   -84.2271     7.1997     88.421 1.9605e+02     15.328     26.814  28.020785     2.3223     2.1401    27.2409   996.4682      1.322      0.910 0.0000e+00
      0.936      0.034   -59.7183     7.1565     88.080 2.0340e+02     15.329     26.804  28.010492     2.3532     2.1363    27.2414   996.4681      1.332      0.917 0.0000e+00
      0.945      0.043   -34.8296     7.1120     88.126 2.0960e+02     15.330     26.805  28.011655     2.3470     2.1543    27.2412   996.4682      1.343      0.926 0.0000e+00
      0.960      0.048   -11.1314     7.0635     88.635 2.1528e+02     15.330     26.826  28.034835     2.3245     2.1858    27.2422   996.4680      1.359      0.937 0.0000e+00
      0.980      0.052     9.7374     7.0052     89.690 2.2307e+02     15.330     26.828  28.037038     2.2717     2.2079    27.2445   996.4675      1.397      0.963 0.0000e+00
      0.997      0.054    27.6904     6.9758     91.142 2.1897e+02     15.329     26.832  28.038288     2.2328     2.1470    27.2441   996.4677      1.426      0.983 0.0000e+00
      1.006      0.055    44.1832     6.9799     92.572 2.0987e+02     15.328     26.845  28.049945     2.2168     2.1022    27.2444   996.4676      1.431      0.987 0.0000e+00
      1.014      0.053    60.0447     7.0126     93.479 2.0666e+02     15.327     26.847  28.051117     2.2110     2.1127    27.2480   996.4666      1.438      0.991 0.0000e+00
      1.029      0.050    74.7525     7.1023     93.568 2.1101e+02     15.327     26.849  28.052463     2.2486     2.0681    27.2466   996.4671      1.462      1.008 0.0000e+00
      1.047      0.047    88.1364     7.2298     92.870 2.0634e+02     15.327     26.863  28.066208     2.3184     2.0423    27.2410   996.4688      1.492      1.029 0.0000e+00
      1.062      0.047   100.4670     7.3608     91.663 1.9215e+02     15.327     26.887  28.090438     2.3497     2.0755    27.2382   996.4696      1.514      1.044 0.0000e+00
      1.071      0.047   111.4737     7.4407     90.245 1.8875e+02     15.327     26.890  28.091706     2.3598     2.0925    27.2367   996.4701      1.525      1.051 0.0000e+00
      1.078      0.047   121.1540     7.4475     88.855 1.8850e+02     15.326     26.882  28.081538     2.3934     2.1107    27.2350   996.4706      1.532      1.057 0.0000e+00
      1.087      0.049   129.8372     7.3823     87.698 1.8400e+02     15.325     26.895  28.094359     2.4223     2.1235    27.2324   996.4713      1.544      1.065 0.0000e+00
      1.100      0.053   137.6495     7.2777     86.815 1.8688e+02     15.324     26.921  28.119857     2.4224     2.1096    27.2299   996.4720      1.562      1.077 0.0000e+00
      1.116      0.058   145.5754     7.1612     86.163 1.9000e+02     15.324     26.937  28.136100     2.4228     2.1151    27.2282   996.4726      1.584      1.092 0.0000e+00
      1.135      0.062   153.8264     7.0419     85.718 1.8270e+02     15.324     26.965  28.163886     2.4464     2.1548    27.2262   996.4733      1.614      1.113 0.0000e+00
      1.153      0.062   160.5779     6.9517     85.470 1.8038e+02     15.324     27.003  28.202076     2.4791     2.1787    27.2234   996.4741      1.642      1.132 0.0000e+00
      1.169      0.058   165.5167     6.8837     85.399 1.8225e+02     15.323     27.018  28.217259     2.4941     2.1636    27.2207   996.4750      1.663      1.147 0.0000e+00
      1.184      0.052   169.7475     6.8322     85.367 1.7913e+02     15.323     27.022  28.220601     2.4939     2.1446    27.2185   996.4756      1.684      1.161 0.0000e+00
      1.197      0.045   173.7020     6.7983     85.264 1.7251e+02     15.324     27.043  28.242486     2.4862     2.1537    27.2166   996.4762      1.704      1.175 0.0000e+00
      1.207      0.039   177.4527     6.7773     85.230 1.6618e+02     15.324     27.091  28.291566     2.4585     2.1372    27.2149   996.4768      1.718      1.185 0.0000e+00
      1.215      0.039   180.7670     6.7767     85.496 1.6721e+02     15.323     27.106  28.306557     2.4356     2.0812    27.2126   996.4774      1.728      1.192 0.0000e+00
      1.221      0.045   183.4900     6.7810     86.194 1.6998e+02     15.322     27.098  28.296873     2.4385     2.0607    27.2110   996.4779      1.738      1.199 0.0000e+00
      1.226      0.059   185.8544     6.7661     87.220 1.6760e+02     15.322     27.103  28.301344     2.5217     2.1297    27.2101   996.4781      1.744      1.203 0.0000e+00
      1.235      0.077   188.4474     6.7562     88.230 1.6421e+02     15.323     27.100  28.297176     2.6781     2.2629    27.2093   996.4784      1.748      1.206 0.0000e+00
      1.258      0.094   191.6967     6.7736     89.047 1.5916e+02     15.323     27.114  28.309908     2.7662     2.3321    27.2086   996.4787      1.781      1.228 0.0000e+00
      1.294      0.107   195.2860     6.8296     89.816 1.5346e+02     15.323     27.133  28.328417     2.7675     2.3144    27.2070   996.4793      1.838      1.268 0.0000e+00
      1.334      0.115   198.7196     6.9266     90.823 1.4999e+02     15.324     27.137  28.330677     2.7509     2.2884    27.2040   996.4803      1.899      1.309 0.0000e+00
      1.370      0.116   201.8080     7.0130     92.433 1.4736e+02     15.324     27.145  28.337226     2.7170     2.2239    27.2012   996.4813      1.955      1.347 0.0000e+00
      1.396      0.110   204.2345     7.0701     94.724 1.4420e+02     15.323     27.153  28.344160     2.6726     2.1533    27.1984   996.4822      1.987      1.370 0.0000e+00
      1.418      0.100   204.6564     7.1266     97.239 1.3828e+02     15.322     27.161  28.351090     2.6516     2.1557    27.1953   996.4832      2.015      1.390 0.0000e+00
      1.441      0.092   202.6927     7.1929     99.355 1.3359e+02     15.322     27.168  28.357583     2.6447     2.1502    27.1933   996.4839      2.052      1.416 0.0000e+00
      1.464      0.087   200.2812     7.3151    100.651 1.3175e+02     15.322     27.171  28.359218     2.6476     2.1889    27.1899   996.4849      2.082      1.435 0.0000e+00
      1.485      0.087   198.5577     7.5157    101.077 1.3021e+02     15.322     27.183  28.370855     2.6766     2.3150    27.1870   996.4857      2.111      1.456 0.0000e+00
      1.505      0.088   197.6844     7.7338    100.997 1.2792e+02     15.322     27.184  28.371422     2.6991     2.3707    27.1852   996.4863      2.141      1.476 0.0000e+00
      1.526      0.088   198.1537     7.9156    100.991 1.2382e+02     15.323     27.179  28.366077     2.7012     2.3473    27.1822   996.4873      2.169      1.496 0.0000e+00
      1.550      0.087   199.8444     8.0200    101.365 1.2100e+02     15.323     27.183  28.369652     2.7118     2.3060    27.1804   996.4878      2.204      1.520 0.0000e+00
      1.575      0.086   201.9512     8.0438    101.998 1.1859e+02     15.323     27.167  28.351218     2.7411     2.3183    27.1789   996.4884      2.240      1.545 0.0000e+00
      1.599      0.083   203.9240     8.0172    102.740 1.1489e+02     15.323     27.151  28.333484     2.7701     2.3932    27.1769   996.4890      2.276      1.570 0.0000e+00
      1.620      0.078   205.5426     8.0056    103.534 1.1336e+02     15.323     27.163  28.345536     2.7752     2.3871    27.1761   996.4893      2.307      1.590 0.0000e+00
      1.637      0.072   206.7234     8.0454    104.323 1.1249e+02     15.322     27.187  28.370066     2.7936     2.2791    27.1751   996.4897      2.329      1.606 0.0000e+00
      1.653      0.065   207.9625     8.0989    105.031 1.0994e+02     15.321     27.193  28.376343     2.8501     2.1525    27.1738   996.4901      2.351      1.621 0.0000e+00
      1.670      0.058   209.5111     8.1584    105.523 1.0714e+02     15.322     27.176  28.358003     2.8951     2.0921    27.1723   996.4906      2.376      1.638 0.0000e+00
      1.686      0.053   210.8204     8.2245    105.723 1.0536e+02     15.323     27.157  28.338614     2.9186     2.1326    27.1709   996.4911      2.401      1.656 0.0000e+00
      1.699      0.048   211.6613     8.2875    105.682 1.0510e+02     15.322     27.152  28.332206     2.9332     2.1262    27.1699   996.4914      2.417      1.666 0.0000e+00
      1.709      0.043   211.9349     8.3495    105.481 1.0477e+02     15.322     27.164  28.343951     2.9378     2.0496    27.1695   996.4916      2.430      1.676 0.0000e+00
      1.718      0.040   211.6339     8.3916    105.253 1.0337e+02     15.322     27.174  28.353759     2.9466     2.0644    27.1689   996.4917      2.445      1.686 0.0000e+00
      1.727      0.039   211.4638     8.4042    105.147 1.0200e+02     15.322     27.146  28.323920     2.9630     2.0991    27.1676   996.4922      2.456      1.693 0.0000e+00
      1.734      0.034   211.8559     8.4004    105.179 1.0057e+02     15.322     27.124  28.300338     2.9739     2.0580    27.1663   996.4925      2.466      1.700 0.0000e+00
      1.744      0.022   212.5030     8.3801    105.163 9.7828e+01     15.322     27.145  28.322365     2.9351     2.0479    27.1654   996.4928      2.477      1.708 0.0000e+00
      1.759      0.008   213.0078     8.3570    104.877 9.5558e+01     15.322     27.158  28.336511     2.8568     2.1144    27.1645   996.4932      2.501      1.725 0.0000e+00
      1.769     -0.002   213.3987     8.3472    104.319 9.5969e+01     15.322     27.166  28.344514     2.8370     2.1747    27.1640   996.4934      2.529      1.744 0.0000e+00
      1.759     -0.005   213.8737     8.3563    103.699 9.8538e+01     15.322     27.176  28.355692     2.8675     2.1595    27.1633   996.4935      2.511      1.731 0.0000e+00
      1.736     -0.002   214.0197     8.3641    103.232 1.0004e+02     15.322     27.165  28.344807     2.9013     2.1710    27.1627   996.4935      2.461      1.696 0.0000e+00
      1.723      0.005   213.3569     8.3405    102.991 9.9011e+01     15.322     27.160  28.339770     2.9406     2.2792    27.1626   996.4934      2.439      1.681 0.0000e+00
      1.731      0.017   212.4849     8.2894    103.015 9.7211e+01     15.322     27.177  28.358220     2.9615     2.3690    27.1627   996.4935      2.458      1.695 0.0000e+00
      1.750      0.033   212.2526     8.2316    103.286 9.5699e+01     15.322     27.196  28.377595     2.9721     2.3983    27.1635   996.4934      2.492      1.718 0.0000e+00
      1.768      0.048   212.6135     8.1949    103.670 9.5097e+01     15.322     27.202  28.383721     2.9929     2.3588    27.1651   996.4930      2.518      1.736 0.0000e+00
