Data/DataNotYetUploadedToEDI/Raw_CTD/RawDownloads/072621_bvr_50_0001.cnv
* Sea-Bird SBE19plus  Data File:
* FileName = C:\R\Reservoirs\Data\DataNotYetUploadedToEDI\Raw_CTD\RawDownloads\072621_bvr_50_0001.hex
* Software version 2.8.0.119
* Temperature SN = 7809
* Conductivity SN = 7809
* System UpLoad Time = Jul 26 2021 15:16:34
* <ApplicationData>
* <Seaterm232>
# nquan = 16
# nvalues = 2345                        
# units = specified
# name 0 = depFM: Depth [fresh water, m]
# name 1 = dz/dtM: Descent Rate [m/s]
# name 2 = orp: Oxidation Reduction Potential [mV]
# name 3 = sbeox0Mg/L: Oxygen, SBE 43 [mg/l]
# name 4 = sbeox0PS: Oxygen, SBE 43 [% saturation]
# name 5 = par/sat/log: PAR/Logarithmic, Satlantic
# name 6 = ph: pH
# name 7 = specc: Specific Conductance [uS/cm]
# name 8 = c0uS/cm: Conductivity [uS/cm]
# name 9 = flECO-AFL: Fluorescence, WET Labs ECO-AFL/FL [mg/m^3]
# name 10 = turbWETntu0: Turbidity, WET Labs ECO [NTU]
# name 11 = tv290C: Temperature [ITS-90, deg C]
# name 12 = density00: Density [density, kg/m^3]
# name 13 = prdE: Pressure, Strain Gauge [psi]
# name 14 = prdM: Pressure, Strain Gauge [db]
# name 15 = flag:  0.000e+00
# span 0 =     -0.739,     10.238       
# span 1 =     -0.385,      0.222       
# span 2 = -1240.7455,   296.1132       
# span 3 =     1.2700,     8.8226       
# span 4 =     13.447,    110.714       
# span 5 = 1.2341e-01, 1.1130e+03       
# span 6 =     15.277,     15.799       
# span 7 =      0.989,    147.242       
# span 8 =   1.041134,  99.930905       
# span 9 =    -1.5476,    14.3941       
# span 10 =    -9.8300,   936.2838      
# span 11 =     8.9117,    27.6236      
# span 12 =   996.3479,   999.8907      
# span 13 =     -1.052,     14.561      
# span 14 =     -0.726,     10.040      
# span 15 = 0.0000e+00, 0.0000e+00      
# interval = seconds: 0.25
# start_time = Jul 25 2021 20:42:12 [Instrument's time stamp, header]
# bad_flag = -9.990e-29
*END*
[from data line 1447]
      7.310      0.019   113.4088     1.8476     16.375 2.8580e-01     15.780     87.741  61.464900     1.8891     1.3593    10.0456   999.7647     10.397      7.168 0.0000e+00
      7.315      0.022   112.9739     1.8438     16.380 2.8593e-01     15.780     87.932  61.581597     1.9666     1.4799    10.0456   999.7648     10.404      7.173 0.0000e+00
      7.324      0.026   112.4618     1.8461     16.354 2.8616e-01     15.780     88.034  61.635834     2.1255     1.6286    10.0426   999.7652     10.418      7.183 0.0000e+00
      7.333      0.029   112.2068     1.8421     16.399 2.7966e-01     15.780     88.027  61.612321     2.2181     1.6464    10.0346   999.7659     10.431      7.192 0.0000e+00
      7.341      0.029   112.3858     1.8458     16.476 2.6722e-01     15.780     87.962  61.551456     2.2185     1.5921    10.0244   999.7670     10.440      7.198 0.0000e+00
      7.351      0.028   112.3881     1.8544     16.510 2.7212e-01     15.780     87.954  61.535306     2.1966     1.5905    10.0143   999.7680     10.456      7.209 0.0000e+00
      7.358      0.027   111.8906     1.8368     16.462 2.8728e-01     15.780     87.980  61.544131     2.0777     1.5581    10.0049   999.7689     10.470      7.219 0.0000e+00
      7.362      0.025   111.2755     1.8517     16.394 2.8081e-01     15.780     87.980  61.531069     1.8681     1.4756     9.9937   999.7699     10.471      7.220 0.0000e+00
      7.366      0.023   110.6299     1.8613     16.424 2.6722e-01     15.780     87.963  61.504431     1.7604     1.4160     9.9836   999.7707     10.474      7.222 0.0000e+00
      7.374      0.020   109.9348     1.8676     16.463 2.6576e-01     15.781     87.938  61.476197     1.7575     1.3874     9.9792   999.7712     10.488      7.232 0.0000e+00
      7.381      0.019   109.2380     1.8635     16.470 2.6858e-01     15.781     87.898  61.443855     1.7956     1.4379     9.9752   999.7717     10.501      7.241 0.0000e+00
      7.386      0.019   108.4856     1.8411     16.495 2.6513e-01     15.781     87.790  61.367547     1.8775     1.5465     9.9664   999.7724     10.506      7.244 0.0000e+00
      7.388      0.020   107.7215     1.8579     16.543 2.6258e-01     15.782     87.635  61.252504     1.9370     1.6014     9.9570   999.7732     10.509      7.246 0.0000e+00
      7.390      0.021   106.9685     1.8633     16.651 2.7386e-01     15.782     87.578  61.196604     1.9612     1.6209     9.9504   999.7738     10.511      7.247 0.0000e+00
      7.394      0.021   106.1780     1.8564     16.680 2.8184e-01     15.782     87.608  61.199965     1.9701     1.6457     9.9484   999.7740     10.514      7.249 0.0000e+00
      7.403      0.022   105.3044     1.8675     16.562 2.7532e-01     15.782     87.667  61.229581     1.9595     1.6265     9.9498   999.7738     10.528      7.258 0.0000e+00
      7.414      0.026   104.5796     1.8614     16.517 2.7659e-01     15.782     87.779  61.300522     1.9378     1.5943     9.9472   999.7740     10.549      7.273 0.0000e+00
      7.421      0.030   104.1258     1.8854     16.601 2.8815e-01     15.782     87.881  61.358750     1.9267     1.5999     9.9369   999.7749     10.557      7.279 0.0000e+00
      7.423      0.032   103.6037     1.8992     16.719 2.8796e-01     15.782     87.917  61.361736     1.9015     1.5568     9.9235   999.7761     10.555      7.278 0.0000e+00
      7.428      0.031   102.9128     1.8639     16.766 2.7566e-01     15.782     87.910  61.336602     1.8528     1.4514     9.9178   999.7767     10.560      7.281 0.0000e+00
      7.441      0.030   102.1391     1.8622     16.679 2.6051e-01     15.782     87.881  61.309005     1.8240     1.3901     9.9172   999.7769     10.582      7.296 0.0000e+00
      7.455      0.030   101.3896     1.8767     16.583 2.4960e-01     15.782     87.826  61.282205     1.8117     1.3651     9.9103   999.7776     10.609      7.315 0.0000e+00
      7.462      0.029   100.8205     1.8930     16.602 2.4678e-01     15.781     87.761  61.266747     1.7893     1.3549     9.8950   999.7789     10.618      7.320 0.0000e+00
      7.464      0.027   100.2489     1.9066     16.675 2.4925e-01     15.781     87.704  61.249207     1.7636     1.4039     9.8804   999.7801     10.615      7.318 0.0000e+00
      7.469      0.023    99.5546     1.8875     16.700 2.5574e-01     15.781     87.724  61.260782     1.7573     1.4774     9.8768   999.7805     10.621      7.323 0.0000e+00
      7.477      0.021    98.8788     1.8692     16.690 2.5122e-01     15.782     87.845  61.343153     1.7610     1.4870     9.8805   999.7801     10.637      7.334 0.0000e+00
      7.483      0.022    98.2720     1.8758     16.707 2.4299e-01     15.782     87.944  61.419118     1.7700     1.4176     9.9037   999.7782     10.645      7.339 0.0000e+00
      7.487      0.024    97.7247     1.8882     16.737 2.3977e-01     15.781     88.044  61.480335     1.7901     1.3248     9.9249   999.7764     10.646      7.340 0.0000e+00
      7.492      0.024    97.1665     1.8911     16.756 2.2739e-01     15.781     88.224  61.574991     1.8040     1.2922     9.9122   999.7775     10.656      7.347 0.0000e+00
      7.499      0.024    96.5989     1.8842     16.728 2.2225e-01     15.782     88.413  61.673986     1.8145     1.3327     9.9081   999.7780     10.667      7.355 0.0000e+00
      7.506      0.024    96.0234     1.8896     16.678 2.2882e-01     15.782     88.698  61.851204     1.8218     1.3340     9.9224   999.7768     10.676      7.361 0.0000e+00
      7.513      0.025    95.2849     1.8922     16.703 2.2810e-01     15.782     89.125  62.129136     1.8156     1.2728     9.9179   999.7772     10.687      7.368 0.0000e+00
      7.518      0.025    94.4661     1.8975     16.768 2.2635e-01     15.783     89.421  62.302098     1.8064     1.2457     9.8943   999.7794     10.695      7.373 0.0000e+00
      7.523      0.025    93.7813     1.8973     16.802 2.2820e-01     15.785     89.552  62.353867     1.7960     1.2812     9.8719   999.7814     10.699      7.376 0.0000e+00
      7.530      0.024    93.1134     1.8815     16.822 2.2236e-01     15.786     89.717  62.437310     1.7851     1.3582     9.8635   999.7822     10.709      7.383 0.0000e+00
      7.539      0.023    92.4138     1.8904     16.860 2.2001e-01     15.786     89.815  62.484886     1.7989     1.4209     9.8572   999.7831     10.724      7.394 0.0000e+00
      7.545      0.022    91.7754     1.9020     16.884 2.2221e-01     15.786     89.827  62.484278     1.8200     1.4223     9.8359   999.7850     10.732      7.400 0.0000e+00
      7.549      0.022    91.2450     1.9057     16.839 2.1549e-01     15.786     90.022  62.620582     1.8204     1.3747     9.8095   999.7872     10.737      7.403 0.0000e+00
      7.554      0.022    90.7340     1.9058     16.740 2.0868e-01     15.786     90.376  62.862042     1.8134     1.3263     9.7922   999.7888     10.745      7.409 0.0000e+00
      7.558      0.023    90.0703     1.9129     16.690 2.0821e-01     15.787     90.586  62.989040     1.7637     1.3858     9.7809   999.7899     10.751      7.413 0.0000e+00
      7.563      0.023    89.4145     1.9189     16.732 2.1736e-01     15.787     90.564  62.948717     1.6773     1.5450     9.7749   999.7904     10.755      7.415 0.0000e+00
      7.571      0.022    88.9140     1.9138     16.816 2.2822e-01     15.787     90.403  62.819296     1.6368     1.6368     9.7798   999.7900     10.767      7.424 0.0000e+00
      7.580      0.020    88.4070     1.8960     16.872 2.3175e-01     15.786     90.227  62.695113     1.6362     1.6718     9.7800   999.7902     10.783      7.435 0.0000e+00
      7.587      0.018    87.7581     1.8887     16.869 2.3257e-01     15.786     90.156  62.654578     1.6224     1.6946     9.7660   999.7916     10.792      7.441 0.0000e+00
      7.590      0.018    87.0912     1.8986     16.850 2.3311e-01     15.786     90.315  62.774014     1.6039     1.6376     9.7494   999.7930     10.795      7.443 0.0000e+00
      7.590      0.021    86.6238     1.9097     16.843 2.3001e-01     15.786     90.726  63.058951     1.6034     1.5659     9.7383   999.7939     10.796      7.444 0.0000e+00
      7.591      0.027    86.4091     1.9205     16.833 2.1476e-01     15.787     91.097  63.303719     1.6155     1.5484     9.7380   999.7937     10.795      7.443 0.0000e+00
      7.596      0.034    86.2170     1.9144     16.807 1.9646e-01     15.787     91.238  63.382268     1.6262     1.5641     9.7455   999.7930     10.798      7.445 0.0000e+00
      7.608      0.039    85.8495     1.9124     16.803 1.8484e-01     15.787     91.248  63.373191     1.6283     1.5834     9.7529   999.7925     10.817      7.458 0.0000e+00
      7.627      0.041    85.4070     1.9113     16.824 1.7408e-01     15.787     91.188  63.321046     1.6215     1.5764     9.7535   999.7928     10.849      7.481 0.0000e+00
      7.644      0.038    84.9105     1.9131     16.822 1.7529e-01     15.787     91.106  63.260156     1.6015     1.5475     9.7442   999.7939     10.877      7.500 0.0000e+00
      7.653      0.033    84.3202     1.9075     16.804 1.8742e-01     15.786     91.119  63.272433     1.5585     1.5091     9.7313   999.7950     10.888      7.507 0.0000e+00
      7.656      0.027    83.6908     1.9059     16.786 1.8565e-01     15.785     91.204  63.342400     1.5120     1.4555     9.7223   999.7958     10.891      7.509 0.0000e+00
      7.658      0.021    83.1508     1.9144     16.806 1.7410e-01     15.785     91.192  63.343568     1.4962     1.4147     9.7169   999.7962     10.893      7.510 0.0000e+00
      7.661      0.019    82.6957     1.9105     16.871 1.8049e-01     15.786     91.108  63.286571     1.4918     1.3584     9.7143   999.7964     10.894      7.511 0.0000e+00
      7.666      0.019    82.1456     1.9104     16.915 1.9538e-01     15.786     91.116  63.288718     1.4782     1.2899     9.7154   999.7963     10.902      7.516 0.0000e+00
      7.673      0.019    81.5766     1.9049     16.917 1.9103e-01     15.786     91.237  63.369522     1.4549     1.3416     9.7231   999.7958     10.914      7.526 0.0000e+00
      7.679      0.019    81.0638     1.9050     16.877 1.7662e-01     15.786     91.342  63.437446     1.4301     1.5376     9.7312   999.7951     10.923      7.531 0.0000e+00
      7.684      0.018    80.5053     1.9190     16.816 1.6425e-01     15.786     91.309  63.410960     1.4258     1.7027     9.7300   999.7952     10.928      7.534 0.0000e+00
      7.689      0.015    79.8999     1.9220     16.762 1.5654e-01     15.785     91.243  63.367012     1.4227     1.7239     9.7267   999.7955     10.936      7.540 0.0000e+00
      7.693      0.011    79.3367     1.9237     16.704 1.6542e-01     15.785     91.214  63.350911     1.3249     1.6912     9.7259   999.7956     10.943      7.544 0.0000e+00
      7.695      0.007    78.8578     1.9185     16.651 1.7872e-01     15.785     91.201  63.343389     1.1496     1.6505     9.7226   999.7960     10.944      7.545 0.0000e+00
      7.696      0.003    78.4121     1.9086     16.631 1.7210e-01     15.785     91.287  63.403156     1.0679     1.6099     9.7193   999.7963     10.946      7.546 0.0000e+00
      7.696     -0.001    77.9051     1.9049     16.641 1.6059e-01     15.785     91.431  63.501621     1.0714     1.6121     9.7219   999.7961     10.947      7.547 0.0000e+00
      7.695     -0.002    77.2881     1.8975     16.661 1.6028e-01     15.785     91.459  63.517170     1.0586     1.6430     9.7248   999.7958     10.945      7.546 0.0000e+00
      7.694     -0.001    76.7170     1.8894     16.679 1.6649e-01     15.785     91.385  63.464051     1.0272     1.6392     9.7249   999.7957     10.943      7.545 0.0000e+00
      7.691      0.002    76.2488     1.8877     16.689 1.7767e-01     15.786     91.428  63.494838     0.9962     1.5666     9.7252   999.7957     10.939      7.542 0.0000e+00
      7.690      0.008    75.7558     1.8902     16.711 1.8303e-01     15.786     91.996  63.889410     0.9902     1.5205     9.7249   999.7958     10.935      7.539 0.0000e+00
      7.691      0.019    75.2301     1.8924     16.762 1.7473e-01     15.787     93.052  64.612486     0.9927     1.5623     9.7212   999.7961     10.937      7.541 0.0000e+00
      7.695      0.034    74.7969     1.8956     16.810 1.6809e-01     15.787     93.732  65.056354     0.9787     1.6261     9.7200   999.7962     10.944      7.545 0.0000e+00
      7.704      0.048    74.4761     1.8950     16.801 1.6714e-01     15.787     93.883  65.125389     0.9627     1.6386     9.7218   999.7960     10.951      7.551 0.0000e+00
      7.719      0.060    74.0178     1.8970     16.794 1.5817e-01     15.787     94.110  65.256487     0.9525     1.6112     9.7228   999.7962     10.973      7.567 0.0000e+00
      7.742      0.067    73.3860     1.9027     16.840 1.4576e-01     15.787     94.665  65.624578     0.9223     1.6041     9.7214   999.7970     11.013      7.593 0.0000e+00
      7.766      0.071    72.6888     1.9153     16.897 1.3632e-01     15.787     95.533  66.207575     0.8837     1.6216     9.7031   999.7989     11.048      7.617 0.0000e+00
      7.784      0.073    72.0407     1.9099     16.914 1.3070e-01     15.788     96.395  66.776135     0.8771     1.6505     9.6788   999.8010     11.074      7.636 0.0000e+00
      7.799      0.070    71.6577     1.9061     16.870 1.3182e-01     15.788     96.908  67.096662     0.8808     1.6793     9.6663   999.8022     11.094      7.649 0.0000e+00
      7.814      0.064    71.4145     1.9168     16.843 1.3339e-01     15.789     97.135  67.222908     0.8611     1.6604     9.6593   999.8030     11.113      7.662 0.0000e+00
      7.832      0.057    71.0788     1.9224     16.858 1.3174e-01     15.790     97.351  67.349145     0.8210     1.5947     9.6523   999.8040     11.139      7.679 0.0000e+00
      7.850      0.052    70.6966     1.9309     16.863 1.2882e-01     15.790     97.657  67.542451     0.7961     1.5706     9.6364   999.8058     11.167      7.700 0.0000e+00
      7.863      0.047    70.3197     1.9186     16.850 1.2545e-01     15.789     97.932  67.716902     0.7976     1.5742     9.6149   999.8078     11.188      7.714 0.0000e+00
      7.872      0.043    69.8786     1.9161     16.851 1.2378e-01     15.789     98.264  67.932952     0.8020     1.5703     9.5990   999.8092     11.198      7.720 0.0000e+00
      7.879      0.039    69.4073     1.9232     16.886 1.2364e-01     15.789     98.742  68.247851     0.8115     1.5921     9.5879   999.8102     11.206      7.726 0.0000e+00
      7.887      0.038    69.0085     1.9219     16.903 1.2360e-01     15.790     99.097  68.473324     0.8257     1.6316     9.5787   999.8111     11.218      7.734 0.0000e+00
      7.897      0.038    68.7562     1.9222     16.889 1.2365e-01     15.791     99.255  68.561555     0.8207     1.6363     9.5703   999.8120     11.232      7.744 0.0000e+00
      7.908      0.038    68.5081     1.9166     16.833 1.2375e-01     15.791     99.359  68.615432     0.8088     1.5804     9.5644   999.8127     11.247      7.755 0.0000e+00
      7.919      0.038    68.0740     1.9291     16.789 1.2367e-01     15.791     99.380  68.616212     0.8255     1.5397     9.5577   999.8134     11.263      7.766 0.0000e+00
      7.929      0.037    67.6366     1.9280     16.849 1.2358e-01     15.791     99.329  68.570977     0.8597     1.5561     9.5463   999.8145     11.279      7.777 0.0000e+00
      7.939      0.035    67.2640     1.9288     16.919 1.2396e-01     15.791     99.346  68.576997     0.8797     1.6074     9.5351   999.8155     11.293      7.786 0.0000e+00
      7.948      0.032    66.8381     1.9240     16.940 1.2439e-01     15.791     99.520  68.688991     0.8862     1.6444     9.5265   999.8163     11.304      7.794 0.0000e+00
