Data/DataNotYetUploadedToEDI/Raw_CTD/RawDownloads/072621_fcr_50_0001.cnv
* Sea-Bird SBE19plus  Data File:
* FileName = C:\R\Reservoirs\Data\DataNotYetUploadedToEDI\Raw_CTD\RawDownloads\072621_bvr_50_0002.hex
* Software version 2.8.0.119
* Temperature SN = 7809
* Conductivity SN = 7809
* System UpLoad Time = Jul 26 2021 15:16:59
* <ApplicationData>
* <Seaterm232>
# nquan = 16
# nvalues = 938                         
# units = specified
# name 0 = depFM: Depth [fresh water, m]
# name 1 = dz/dtM: Descent Rate [m/s]
# name 2 = orp: Oxidation Reduction Potential [mV]
# name 3 = sbeox0Mg/L: Oxygen, SBE 43 [mg/l]
# name 4 = sbeox0PS: Oxygen, SBE 43 [% saturation]
# name 5 = par/sat/log: PAR/Logarithmic, Satlantic
# name 6 = ph: pH
# name 7 = specc: Specific Conductance [uS/cm]
# name 8 = c0uS/cm: Conductivity [uS/cm]
# name 9 = flECO-AFL: Fluorescence, WET Labs ECO-AFL/FL [mg/m^3]
# name 10 = turbWETntu0: Turbidity, WET Labs ECO [NTU]
# name 11 = tv290C: Temperature [ITS-90, deg C]
# name 12 = density00: Density [density, kg/m^3]
# name 13 = prdE: Pressure, Strain Gauge [psi]
# name 14 = prdM: Pressure, Strain Gauge [db]
# name 15 = flag:  0.000e+00
# span 0 =     -0.649,      9.525       
# span 1 =     -0.607,      0.220       
# span 2 = -1199.7976,   294.5671       
# span 3 =     1.0959,    12.6736       
# span 4 =      9.729,    150.993       
# span 5 = 1.2322e-01, 4.9973e+02       
# span 6 =     15.166,     15.814       
# span 7 =      0.845,    236.383       
# span 8 =   0.984280, 164.178932       
# span 9 =    -1.0523,    56.6359       
# span 10 =    -0.4454,   114.8599      
# span 11 =     9.6069,    33.2311      
# span 12 =   994.6366,   999.8621      
# span 13 =     -0.924,     13.547      
# span 14 =     -0.637,      9.341      
# span 15 = 0.0000e+00, 0.0000e+00      
# interval = seconds: 0.25
# start_time = Jul 25 2021 23:31:11 [Instrument's time stamp, header]
# bad_flag = -9.990e-29
*END*
[from data line 904]
     -0.615     -0.163     9.2089     8.2345     93.802 2.0588e+02     15.385     40.409  39.128134     6.9519   104.6232    24.0047   997.3133     -0.897     -0.618 0.0000e+00
     -0.637     -0.106    11.2752     8.1540     93.798 1.8608e+02     15.389     40.631  39.219394     6.7673   102.9820    23.8853   997.3428     -0.915     -0.631 0.0000e+00
     -0.641     -0.058    13.1353     8.0535     94.139 1.6651e+02     15.392     40.701  39.190023     5.3504    87.9625    23.7697   997.3710     -0.910     -0.627 0.0000e+00
     -0.641     -0.026    14.4050     7.9845     94.218 1.4997e+02     15.395     39.820  38.265131     2.8386    60.6994    23.5987   997.4128     -0.913     -0.629 0.0000e+00
     -0.641     -0.007    15.6999     7.9698     93.358 1.4086e+02     15.398     31.334  30.067418     1.4893    45.7419    23.3958   997.4617     -0.910     -0.628 0.0000e+00
     -0.641     -0.001    17.1761     7.9912     91.259 1.3591e+02     15.401     16.018  15.350286     1.4247    43.4481    23.2439   997.4985     -0.912     -0.628 0.0000e+00
     -0.641     -0.001    18.6596     8.0632     88.441 1.3150e+02     15.403      7.456   7.128952     2.2472    34.4077    23.1315   997.5249     -0.911     -0.629 0.0000e+00
     -0.641     -0.001    20.0431     8.1038     85.942 1.2785e+02     15.405      6.548   6.252067     3.8718    18.4222    23.0378   997.5480     -0.911     -0.628 0.0000e+00
     -0.642     -0.001    21.4283     8.0602     84.473 1.2435e+02     15.407      6.372   6.078629     4.8065     9.8850    22.9426   997.5689     -0.912     -0.629 0.0000e+00
     -0.642     -0.001    22.9323     7.8776     84.245 1.2200e+02     15.407      5.943   5.665553     4.7561     8.9481    22.8488   997.5832     -0.914     -0.630 0.0000e+00
     -0.642     -0.001    23.4283     7.6037     85.035 1.2586e+02     15.408      5.445   5.186053     3.2906     7.0605    22.7698   997.6001     -0.913     -0.629 0.0000e+00
     -0.642     -0.001    21.5746     7.3769     86.379 1.4612e+02     15.409      5.558   5.286578     0.6966     3.9876    22.7247   997.6116     -0.913     -0.630 0.0000e+00
     -0.642     -0.000    19.9646     7.2472     87.901 1.9169e+02     15.411      6.109   5.803775    -0.7251     2.2137    22.6954   997.6179     -0.913     -0.630 0.0000e+00
     -0.642 -1.863e-08    19.8791     7.2394     89.226 2.4545e+02     15.412      6.245   5.926959    -0.9095     1.7834    22.6617   997.6260     -0.913     -0.630 0.0000e+00
     -0.642 -2.049e-07    19.6811     7.3331     89.895 2.9567e+02     15.414      6.012   5.698904    -0.9412     1.2222    22.6180   997.6357     -0.914     -0.630 0.0000e+00
     -0.642 -2.049e-07    20.5817     7.4650     89.694 3.4352e+02     15.416      5.493   5.200695    -0.9653     0.3037    22.5646   997.6483     -0.913     -0.629 0.0000e+00
     -0.642 -1.863e-08    21.9923     7.6143     88.850 3.7107e+02     15.418      4.856   4.591845    -1.0203    -0.2930    22.5079   997.6616     -0.913     -0.630 0.0000e+00
     -0.643 -1.693e-09    22.7986     7.7556     87.854 3.7997e+02     15.420      4.479   4.229837    -1.0523    -0.3610    22.4503   997.6749     -0.914     -0.631 0.0000e+00
     -0.643 -1.539e-10    24.3935     7.8312     87.187 3.7541e+02     15.420      4.164   3.928263    -1.0379    -0.2786    22.3899   997.6889     -0.914     -0.630 0.0000e+00
     -0.643 -1.400e-11    25.8758     7.8141     87.066 3.5345e+02     15.421      3.759   3.543171    -0.9991    -0.2232    22.3242   997.7039     -0.914     -0.630 0.0000e+00
     -0.643 -1.272e-12    25.5783     7.7337     87.422 3.2900e+02     15.423      3.517   3.311715    -0.9829    -0.2753    22.2631   997.7177     -0.914     -0.630 0.0000e+00
     -0.643 -1.157e-13    26.8188     7.6378     88.117 3.1366e+02     15.424      3.423   3.220475    -0.9947    -0.3595    22.2116   997.7295     -0.914     -0.630 0.0000e+00
     -0.643 -1.052e-14    30.4633     7.5791     88.965 3.0162e+02     15.426      3.203   3.010181    -1.0084    -0.3830    22.1627   997.7406     -0.914     -0.630 0.0000e+00
     -0.643 -9.560e-16    31.0978     7.5818     89.810 2.9057e+02     15.427      2.978   2.796394    -0.9678    -0.2500    22.1165   997.7510     -0.914     -0.630 0.0000e+00
     -0.643 -8.690e-17    30.4472     7.6212     90.625 2.8893e+02     15.428      2.906   2.726265    -0.9042    -0.0910    22.0727   997.7609     -0.913     -0.630 0.0000e+00
     -0.643 -7.900e-18    32.7499     7.6950     91.371 2.9864e+02     15.430      2.847   2.669089    -0.9261    -0.1766    22.0294   997.7709     -0.914     -0.630 0.0000e+00
     -0.643 -7.180e-19    35.4508     7.7825     92.018 3.2329e+02     15.432      2.721   2.548547    -0.9754    -0.3246    21.9874   997.7803     -0.915     -0.631 0.0000e+00
     -0.643 -6.530e-20    37.0325     7.8594     92.595 3.5853e+02     15.433      2.575   2.409147    -0.9844    -0.3688    21.9475   997.7893     -0.915     -0.631 0.0000e+00
     -0.643 -5.984e-21    38.3657     7.9401     93.076 3.7527e+02     15.434      2.475   2.314011    -0.9966    -0.4021    21.9058   997.7987     -0.915     -0.631 0.0000e+00
     -0.643 -1.079e-21    39.0097     8.0133     93.281 3.6492e+02     15.434      2.445   2.285184    -1.0086    -0.4191    21.8630   997.8084     -0.915     -0.631 0.0000e+00
     -0.643 -9.990e-29 -9.990e-29     8.0752 -9.990e-29 3.5132e+02 -9.990e-29 -9.990e-29 -9.990e-29 -9.990e-29 -9.990e-29    21.8182   997.8185     -0.915     -0.631 0.0000e+00
     -0.643 -9.990e-29 -9.990e-29     8.1307 -9.990e-29 3.5394e+02 -9.990e-29 -9.990e-29 -9.990e-29 -9.990e-29 -9.990e-29    21.7828   997.8263     -0.915     -0.631 0.0000e+00
     -0.643 -9.990e-29 -9.990e-29     8.1855 -9.990e-29 3.6786e+02 -9.990e-29 -9.990e-29 -9.990e-29 -9.990e-29 -9.990e-29    21.7466   997.8344     -0.915     -0.631 0.0000e+00
     -0.643 -9.990e-29 -9.990e-29     8.2161 -9.990e-29 3.7492e+02 -9.990e-29 -9.990e-29 -9.990e-29 -9.990e-29 -9.990e-29    21.7216   997.8400     -0.915     -0.631 0.0000e+00
