Data/DataNotYetUploadedToEDI/Raw_CTD/RawDownloads/072621_fcr_50_sit_anoxic.cnv
* Sea-Bird SBE19plus  Data File:
* FileName = C:\R\Reservoirs\Data\DataNotYetUploadedToEDI\Raw_CTD\RawDownloads\072621_bvr_50_0003.hex
* Software version 2.8.0.119
* Temperature SN = 7809
* Conductivity SN = 7809
* System UpLoad Time = Jul 26 2021 15:18:58
* <ApplicationData>
* <Seaterm232>
# nquan = 16
# nvalues = 4747                        
# units = specified
# name 0 = depFM: Depth [fresh water, m]
# name 1 = dz/dtM: Descent Rate [m/s]
# name 2 = orp: Oxidation Reduction Potential [mV]
# name 3 = sbeox0Mg/L: Oxygen, SBE 43 [mg/l]
# name 4 = sbeox0PS: Oxygen, SBE 43 [% saturation]
# name 5 = par/sat/log: PAR/Logarithmic, Satlantic
# name 6 = ph: pH
# name 7 = specc: Specific Conductance [uS/cm]
# name 8 = c0uS/cm: Conductivity [uS/cm]
# name 9 = flECO-AFL: Fluorescence, WET Labs ECO-AFL/FL [mg/m^3]
# name 10 = turbWETntu0: Turbidity, WET Labs ECO [NTU]
# name 11 = tv290C: Temperature [ITS-90, deg C]
# name 12 = density00: Density [density, kg/m^3]
# name 13 = prdE: Pressure, Strain Gauge [psi]
# name 14 = prdM: Pressure, Strain Gauge [db]
# name 15 = flag:  0.000e+00
# span 0 =     -0.653,      6.582       
# span 1 =     -9.008,      8.940       
# span 2 =   -75.1116,   249.6927       
# span 3 =     1.2678,     9.0629       
# span 4 =     13.541,    112.078       
# span 5 = 1.2338e-01, 3.9454e+02       
# span 6 =     15.270,     15.819       
# span 7 =      1.207,     73.278       
# span 8 =   1.138125,  51.044590       
# span 9 =    -1.0126,    23.0848       
# span 10 =    -0.3636,   129.0216      
# span 11 =     9.8137,    27.8419      
# span 12 =   996.2991,   999.7765      
# span 13 =     -0.930,      9.362      
# span 14 =     -0.642,      6.455      
# span 15 = 0.0000e+00, 0.0000e+00      
# interval = seconds: 0.25
# start_time = Jul 25 2021 23:44:08 [Instrument's time stamp, header]
# bad_flag = -9.990e-29
*END*
[from data line 2893]
      6.574 -2.028e-12   -26.5444     2.0606     18.128 1.2362e-01     15.779     70.972  49.459580     1.0798     1.2909     9.8421   999.7733      9.350      6.447 0.0000e+00
      6.575 -1.844e-13   -26.5307     2.0375     18.110 1.2360e-01     15.779     71.007  49.483617     1.0875     1.3160     9.8419   999.7734      9.351      6.448 0.0000e+00
      6.575 -1.676e-14   -26.4290     2.0305     18.062 1.2362e-01     15.779     71.007  49.483598     1.1010     1.3899     9.8418   999.7734      9.352      6.448 0.0000e+00
      6.574 -1.524e-15   -26.4326     2.0499     18.057 1.2362e-01     15.779     70.972  49.459351     1.1093     1.4298     9.8419   999.7733      9.351      6.447 0.0000e+00
      6.574 -1.385e-16   -26.4884     2.0577     18.140 1.2364e-01     15.779     70.949  49.444466     1.1020     1.3856     9.8420   999.7733      9.350      6.447 0.0000e+00
      6.574 -1.259e-17   -26.5871     2.0517     18.216 1.2368e-01     15.779     70.929  49.430621     1.0995     1.3361     9.8419   999.7733      9.350      6.447 0.0000e+00
      6.574 -1.145e-18   -26.7666     2.0459     18.207 1.2372e-01     15.780     70.912  49.418962     1.1065     1.3464     9.8419   999.7734      9.351      6.447 0.0000e+00
      6.574 -1.041e-19   -26.8516     2.0385     18.150 1.2375e-01     15.780     70.928  49.430507     1.1202     1.3719     9.8420   999.7733      9.351      6.448 0.0000e+00
      6.574 -9.460e-21   -26.7535     2.0561     18.095 1.2377e-01     15.779     70.947  49.443206     1.1231     1.3709     9.8424   999.7733      9.350      6.447 0.0000e+00
      6.575 -8.600e-22   -26.6995     2.0689     18.075 1.2379e-01     15.779     70.950  49.445495     1.1125     1.3678     9.8426   999.7733      9.352      6.448 0.0000e+00
      6.575 -7.820e-23   -26.8874     2.0630     18.068 1.2378e-01     15.779     70.968  49.458185     1.1155     1.3692     9.8429   999.7732      9.352      6.448 0.0000e+00
      6.575 -7.110e-24   -27.0469     2.0572     18.068 1.2373e-01     15.779     70.984  49.469636     1.1217     1.3531     9.8430   999.7732      9.352      6.448 0.0000e+00
      6.575 -6.460e-25   -26.9927     2.0463     18.088 1.2370e-01     15.779     70.965  49.456936     1.1206     1.3447     9.8428   999.7733      9.351      6.448 0.0000e+00
      6.575 -5.875e-26   -26.8339     2.0479     18.124 1.2372e-01     15.779     70.929  49.431640     1.1212     1.3367     9.8428   999.7732      9.351      6.447 0.0000e+00
      6.575 -5.340e-27   -26.8484     2.0469     18.185 1.2370e-01     15.779     70.908  49.417794     1.1199     1.3252     9.8432   999.7732      9.351      6.448 0.0000e+00
      6.575 -4.832e-28   -27.0811     2.0446     18.233 1.2363e-01     15.779     70.906  49.416535     1.1138     1.3436     9.8434   999.7732      9.352      6.448 0.0000e+00
      6.575 -1.896e-29   -27.2389     2.0497     18.201 1.2366e-01     15.779     70.906  49.416421     1.1050     1.3871     9.8435   999.7732      9.351      6.448 0.0000e+00
      6.575 2.7287e-28   -27.2931     2.0507     18.118 1.2374e-01     15.779     70.906  49.416410     1.0985     1.4053     9.8437   999.7732      9.351      6.447 0.0000e+00
      6.575 3.0454e-27   -27.3068     2.0600     18.072 1.2378e-01     15.779     70.906  49.416409     1.1017     1.3574     9.8439   999.7732      9.351      6.448 0.0000e+00
      6.575 3.3503e-26   -27.3193     2.0697     18.081 1.2377e-01     15.779     70.906  49.416410     1.1058     1.2876     9.8438   999.7731      9.351      6.447 0.0000e+00
      6.575 3.6854e-25   -27.3577     2.0650     18.130 1.2371e-01     15.780     70.906  49.416420     1.1010     1.2484     9.8437   999.7732      9.351      6.448 0.0000e+00
      6.575 4.0539e-24   -27.2543     2.0491     18.192 1.2365e-01     15.780     70.906  49.416534     1.1110     1.2949     9.8441   999.7731      9.351      6.448 0.0000e+00
      6.574 4.4593e-23   -27.1019     2.0447     18.197 1.2365e-01     15.779     70.908  49.417782     1.1306     1.4041     9.8440   999.7731      9.351      6.447 0.0000e+00
      6.574 4.9052e-22   -27.0637     2.0471     18.137 1.2370e-01     15.779     70.927  49.431508     1.1285     1.4361     9.8439   999.7731      9.351      6.447 0.0000e+00
      6.574 5.3957e-21   -27.0502     2.0518     18.101 1.2372e-01     15.779     70.962  49.455492     1.1143     1.3723     9.8441   999.7731      9.351      6.447 0.0000e+00
      6.575 5.9353e-20   -27.1103     2.0636     18.123 1.2371e-01     15.779     70.960  49.453760     1.1016     1.3197     9.8444   999.7731      9.352      6.448 0.0000e+00
      6.575 6.5288e-19   -27.2751     2.0657     18.171 1.2367e-01     15.779     70.898  49.410555     1.0991     1.3484     9.8443   999.7731      9.351      6.447 0.0000e+00
      6.575 7.1817e-18   -27.3213     2.0522     18.222 1.2361e-01     15.779     70.850  49.377630     1.1035     1.4114     9.8442   999.7731      9.351      6.447 0.0000e+00
      6.575 7.8999e-17   -27.1534     2.0468     18.231 1.2360e-01     15.779     70.844  49.373178     1.1066     1.4629     9.8440   999.7732      9.352      6.448 0.0000e+00
      6.575 8.6899e-16   -27.0518     2.0534     18.231 1.2365e-01     15.779     70.820  49.356733     1.1074     1.5259     9.8438   999.7732      9.351      6.447 0.0000e+00
      6.575 9.5589e-15   -27.1249     2.0563     18.259 1.2367e-01     15.779     70.838  49.369303     1.1034     1.5882     9.8440   999.7731      9.351      6.447 0.0000e+00
      6.575 1.0515e-13   -27.1772     2.0679     18.259 1.2365e-01     15.779     70.880  49.398152     1.1168     1.6325     9.8441   999.7731      9.351      6.447 0.0000e+00
      6.575 1.1566e-12   -27.0815     2.0657     18.228 1.2366e-01     15.779     70.866  49.388023     1.1356     1.6497     9.8442   999.7731      9.351      6.447 0.0000e+00
      6.575 1.2723e-11   -26.9146     2.0612     18.170 1.2364e-01     15.779     70.846  49.373843     1.1304     1.6593     9.8444   999.7731      9.352      6.448 0.0000e+00
      6.575 1.3995e-10   -26.8809     2.0720     18.078 1.2358e-01     15.779     70.817  49.353713     1.1118     1.6458     9.8443   999.7731      9.352      6.448 0.0000e+00
      6.575 1.5395e-09   -27.0178     2.0689     18.034 1.2359e-01     15.780     70.790  49.335133     1.1011     1.5892     9.8438   999.7732      9.352      6.448 0.0000e+00
      6.575 1.6934e-08   -27.1065     2.0647     18.081 1.2364e-01     15.780     70.797  49.339703     1.1152     1.5577     9.8436   999.7731      9.352      6.448 0.0000e+00
      6.575 1.8627e-07   -27.0070     2.0621     18.176 1.2362e-01     15.780     70.806  49.345474     1.1482     1.5751     9.8437   999.7732      9.352      6.448 0.0000e+00
      6.575 1.8627e-07   -26.9334     2.0446     18.279 1.2363e-01     15.780     70.800  49.341409     1.1757     1.5928     9.8440   999.7731      9.353      6.449 0.0000e+00
      6.575 1.6934e-08   -26.9905     2.0376     18.321 1.2367e-01     15.779     70.818  49.354045     1.1808     1.5661     9.8437   999.7731      9.352      6.448 0.0000e+00
      6.575 1.5395e-09   -27.0098     2.0477     18.283 1.2368e-01     15.779     70.843  49.371260     1.1720     1.5268     9.8428   999.7732      9.352      6.448 0.0000e+00
      6.575 1.3995e-10   -26.9943     2.0570     18.207 1.2371e-01     15.779     70.826  49.359042     1.1649     1.5302     9.8428   999.7732      9.352      6.448 0.0000e+00
      6.575 1.2723e-11   -26.9753     2.0740     18.134 1.2373e-01     15.780     70.789  49.333322     1.1706     1.5728     9.8433   999.7731      9.352      6.448 0.0000e+00
      6.575 1.1566e-12   -26.9514     2.0793     18.119 1.2371e-01     15.780     70.762  49.314289     1.1840     1.6295     9.8434   999.7731      9.352      6.448 0.0000e+00
      6.575 1.0515e-13   -26.9638     2.0716     18.159 1.2375e-01     15.780     70.769  49.319422     1.1837     1.6326     9.8431   999.7732      9.352      6.448 0.0000e+00
      6.575 9.5590e-15   -27.0385     2.0635     18.212 1.2373e-01     15.780     70.787  49.331889     1.1575     1.5418     9.8429   999.7732      9.352      6.448 0.0000e+00
      6.575 8.6900e-16   -27.1668     2.0505     18.246 1.2364e-01     15.779     70.796  49.338020     1.1157     1.4239     9.8430   999.7732      9.352      6.448 0.0000e+00
      6.575 7.9000e-17   -27.2248     2.0499     18.244 1.2367e-01     15.779     70.785  49.330041     1.0974     1.3741     9.8432   999.7731      9.352      6.448 0.0000e+00
      6.575 7.1820e-18   -27.2233     2.0572     18.249 1.2372e-01     15.778     70.740  49.298928     1.1080     1.3856     9.8430   999.7732      9.352      6.448 0.0000e+00
      6.575 6.5290e-19   -27.2349     2.0631     18.268 1.2376e-01     15.778     70.712  49.279349     1.1105     1.3580     9.8428   999.7732      9.352      6.448 0.0000e+00
      6.575 5.9355e-20   -27.3644     2.0697     18.238 1.2376e-01     15.778     70.718  49.283816     1.0993     1.2800     9.8428   999.7732      9.352      6.448 0.0000e+00
      6.575 5.3960e-21   -27.5853     2.0661     18.207 1.2371e-01     15.778     70.726  49.289433     1.0960     1.2666     9.8426   999.7732      9.352      6.448 0.0000e+00
      6.576 4.9052e-22   -27.6689     2.0640     18.223 1.2367e-01     15.778     70.718  49.283763     1.1090     1.3342     9.8425   999.7732      9.353      6.448 0.0000e+00
      6.576 4.4593e-23   -27.6012     2.0747     18.249 1.2368e-01     15.779     70.711  49.278766     1.1230     1.3755     9.8430   999.7732      9.353      6.448 0.0000e+00
      6.575 4.0539e-24   -27.4544     2.0657     18.281 1.2371e-01     15.779     70.730  49.292516     1.1229     1.3543     9.8434   999.7731      9.352      6.448 0.0000e+00
      6.575 3.6854e-25   -27.4422     2.0578     18.277 1.2375e-01     15.778     70.774  49.323008     1.1073     1.3185     9.8430   999.7732      9.352      6.448 0.0000e+00
      6.575 3.3503e-26   -27.6257     2.0666     18.259 1.2377e-01     15.778     70.784  49.329936     1.0866     1.3197     9.8428   999.7732      9.352      6.448 0.0000e+00
      6.575 3.0458e-27   -27.6945     2.0647     18.296 1.2375e-01     15.779     70.759  49.312773     1.0925     1.3344     9.8431   999.7732      9.352      6.448 0.0000e+00
      6.575 2.7689e-28   -27.6724     2.0730     18.281 1.2375e-01     15.779     70.749  49.305999     1.1211     1.3589     9.8432   999.7731      9.352      6.448 0.0000e+00
      6.575 2.5172e-29   -27.7885     2.0735     18.175 1.2373e-01     15.779     70.757  49.311534     1.1271     1.4094     9.8429   999.7732      9.351      6.447 0.0000e+00
      6.575 2.2883e-30   -27.8935     2.0613     18.120 1.2376e-01     15.779     70.764  49.316198     1.1083     1.3970     9.8428   999.7732      9.352      6.448 0.0000e+00
      6.575 2.0803e-31   -27.9092     2.0760     18.140 1.2380e-01     15.779     70.739  49.298878     1.0942     1.3120     9.8429   999.7732      9.352      6.448 0.0000e+00
      6.575 1.8912e-32   -27.9787     2.0789     18.205 1.2373e-01     15.779     70.731  49.292632     1.0987     1.2738     9.8433   999.7732      9.352      6.448 0.0000e+00
      6.575 1.7192e-33   -28.0452     2.0523     18.292 1.2364e-01     15.779     70.747  49.304177     1.1157     1.3125     9.8438   999.7731      9.352      6.448 0.0000e+00
      6.575 1.5629e-34   -27.9399     2.0500     18.319 1.2363e-01     15.779     70.757  49.311472     1.1282     1.3675     9.8435   999.7732      9.352      6.448 0.0000e+00
      6.575 1.4209e-35   -27.7376     2.0545     18.306 1.2366e-01     15.779     70.765  49.317331     1.1157     1.3554     9.8429   999.7732      9.352      6.448 0.0000e+00
      6.575 1.2918e-36   -27.7493     2.0580     18.271 1.2371e-01     15.779     70.757  49.311512     1.0887     1.3036     9.8428   999.7732      9.351      6.447 0.0000e+00
      6.575 1.1840e-37   -27.9094     2.0782     18.241 1.2367e-01     15.779     70.748  49.304624     1.0874     1.3254     9.8430   999.7732      9.352      6.448 0.0000e+00
      6.575 2.1350e-38   -27.8674     2.0751     18.274 1.2365e-01     15.779     70.738  49.297544     1.1100     1.3786     9.8433   999.7731      9.352      6.448 0.0000e+00
      6.575 1.1840e-37   -27.6707     2.0738     18.303 1.2374e-01     15.779     70.727  49.289410     1.1243     1.3971     9.8436   999.7731      9.352      6.448 0.0000e+00
      6.575 1.2918e-36   -27.5968     2.0723     18.298 1.2379e-01     15.779     70.699  49.269783     1.1170     1.3784     9.8434   999.7731      9.352      6.448 0.0000e+00
      6.575 1.4209e-35   -27.6624     2.0591     18.261 1.2376e-01     15.779     70.673  49.250740     1.0971     1.3574     9.8429   999.7732      9.352      6.448 0.0000e+00
      6.575 1.5629e-34   -27.6899     2.0732     18.230 1.2375e-01     15.779     70.672  49.249672     1.0936     1.3840     9.8428   999.7732      9.352      6.448 0.0000e+00
      6.575 1.7192e-33   -27.5846     2.0740     18.277 1.2375e-01     15.780     70.682  49.256862     1.1121     1.4260     9.8428   999.7732      9.352      6.448 0.0000e+00
      6.575 1.8912e-32   -27.4216     2.0738     18.341 1.2376e-01     15.780     70.706  49.274180     1.1218     1.4186     9.8424   999.7732      9.352      6.448 0.0000e+00
      6.575 2.0803e-31   -27.4403     2.0710     18.359 1.2378e-01     15.779     70.698  49.268553     1.1156     1.3632     9.8417   999.7732      9.352      6.448 0.0000e+00
      6.575 2.2883e-30   -27.6373     2.0576     18.315 1.2374e-01     15.779     70.674  49.252333     1.1046     1.3394     9.8415   999.7733      9.351      6.447 0.0000e+00
      6.575 2.5171e-29   -27.6526     2.0717     18.249 1.2370e-01     15.779     70.697  49.268563     1.0921     1.3367     9.8420   999.7732      9.352      6.448 0.0000e+00
      6.575 2.7689e-28   -27.5398     2.0790     18.230 1.2368e-01     15.778     70.705  49.274284     1.0788     1.3304     9.8420   999.7733      9.352      6.448 0.0000e+00
      6.575 3.0457e-27   -27.4773     2.0831     18.285 1.2362e-01     15.778     70.681  49.258006     1.0683     1.3323     9.8421   999.7732      9.352      6.448 0.0000e+00
      6.574 3.3503e-26   -27.4139     2.0760     18.360 1.2357e-01     15.779     70.688  49.262255     1.0603     1.2910     9.8426   999.7732      9.351      6.447 0.0000e+00
      6.574 3.6854e-25   -27.4612     2.0643     18.351 1.2358e-01     15.779     70.688  49.262150     1.0491     1.2434     9.8422   999.7732      9.351      6.447 0.0000e+00
      6.574 4.0539e-24   -27.6194     2.0620     18.284 1.2363e-01     15.779     70.681  49.256736     1.0386     1.2374     9.8423   999.7732      9.352      6.448 0.0000e+00
      6.574 4.4593e-23   -27.6924     2.0682     18.218 1.2371e-01     15.779     70.686  49.260305     1.0379     1.2869     9.8431   999.7731      9.351      6.447 0.0000e+00
      6.574 4.9052e-22   -27.6548     2.0865     18.201 1.2376e-01     15.779     70.659  49.241797     1.0500     1.3608     9.8431   999.7731      9.351      6.447 0.0000e+00
      6.575 5.3957e-21   -27.5950     2.0803     18.258 1.2371e-01     15.779     70.632  49.223467     1.0511     1.3416     9.8428   999.7732      9.351      6.448 0.0000e+00
      6.575 5.9353e-20   -27.6574     2.0707     18.307 1.2365e-01     15.779     70.641  49.229182     1.0425     1.3291     9.8422   999.7732      9.351      6.448 0.0000e+00
      6.574 6.5288e-19   -27.8074     2.0631     18.319 1.2362e-01     15.779     70.667  49.247394     1.0414     1.4501     9.8421   999.7732      9.351      6.447 0.0000e+00
      6.574 7.1817e-18   -27.7740     2.0555     18.313 1.2361e-01     15.779     70.675  49.253157     1.0472     1.5691     9.8425   999.7732      9.350      6.447 0.0000e+00
      6.574 7.8999e-17   -27.6835     2.0707     18.310 1.2369e-01     15.779     70.649  49.235364     1.0552     1.6342     9.8426   999.7732      9.351      6.447 0.0000e+00
