Data/DataNotYetUploadedToEDI/Raw_CTD/RawDownloads/072621_fcr_50_sit_anoxic.cnv
* Sea-Bird SBE19plus  Data File:
* FileName = C:\R\Reservoirs\Data\DataNotYetUploadedToEDI\Raw_CTD\RawDownloads\072621_bvr_50_0003.hex
* Software version 2.8.0.119
* Temperature SN = 7809
* Conductivity SN = 7809
* System UpLoad Time = Jul 26 2021 15:18:58
* <ApplicationData>
* <Seaterm232>
# nquan = 16
# nvalues = 4747                        
# units = specified
# name 0 = depFM: Depth [fresh water, m]
# name 1 = dz/dtM: Descent Rate [m/s]
# name 2 = orp: Oxidation Reduction Potential [mV]
# name 3 = sbeox0Mg/L: Oxygen, SBE 43 [mg/l]
# name 4 = sbeox0PS: Oxygen, SBE 43 [% saturation]
# name 5 = par/sat/log: PAR/Logarithmic, Satlantic
# name 6 = ph: pH
# name 7 = specc: Specific Conductance [uS/cm]
# name 8 = c0uS/cm: Conductivity [uS/cm]
# name 9 = flECO-AFL: Fluorescence, WET Labs ECO-AFL/FL [mg/m^3]
# name 10 = turbWETntu0: Turbidity, WET Labs ECO [NTU]
# name 11 = tv290C: Temperature [ITS-90, deg C]
# name 12 = density00: Density [density, kg/m^3]
# name 13 = prdE: Pressure, Strain Gauge [psi]
# name 14 = prdM: Pressure, Strain Gauge [db]
# name 15 = flag:  0.000e+00
# span 0 =     -0.653,      6.582       
# span 1 =     -9.008,      8.940       
# span 2 =   -75.1116,   249.6927       
# span 3 =     1.2678,     9.0629       
# span 4 =     13.541,    112.078       
# span 5 = 1.2338e-01, 3.9454e+02       
# span 6 =     15.270,     15.819       
# span 7 =      1.207,     73.278       
# span 8 =   1.138125,  51.044590       
# span 9 =    -1.0126,    23.0848       
# span 10 =    -0.3636,   129.0216      
# span 11 =     9.8137,    27.8419      
# span 12 =   996.2991,   999.7765      
# span 13 =     -0.930,      9.362      
# span 14 =     -0.642,      6.455      
# span 15 = 0.0000e+00, 0.0000e+00      
# interval = seconds: 0.25
# start_time = Jul 25 2021 23:44:08 [Instrument's time stamp, header]
# bad_flag = -9.990e-29
*END*
[from data line 4430]
      6.569 -6.246e-29   -37.1605     2.2770     20.169 1.2377e-01     15.777     70.151  48.911552     0.9784     1.3793     9.8587   999.7716      9.343      6.442 0.0000e+00
      6.569 -6.871e-28   -37.1281     2.2799     20.200 1.2377e-01     15.777     70.114  48.885597     0.9677     1.3478     9.8591   999.7715      9.343      6.442 0.0000e+00
      6.569 -7.558e-27   -37.1554     2.2888     20.245 1.2377e-01     15.777     70.078  48.860250     0.9610     1.3453     9.8593   999.7716      9.344      6.442 0.0000e+00
      6.569 -8.314e-26   -37.1469     2.2844     20.222 1.2382e-01     15.777     70.076  48.859083     0.9731     1.3837     9.8593   999.7715      9.343      6.442 0.0000e+00
      6.569 -9.145e-25   -37.1971     2.2818     20.132 1.2377e-01     15.776     70.094  48.871493     1.0000     1.3999     9.8590   999.7716      9.344      6.442 0.0000e+00
      6.569 -1.006e-23   -37.2461     2.2853     20.069 1.2367e-01     15.776     70.111  48.883289     1.0289     1.3689     9.8590   999.7715      9.343      6.442 0.0000e+00
      6.569 -1.107e-22   -37.2232     2.2962     20.070 1.2367e-01     15.776     70.099  48.874710     1.0362     1.3184     9.8591   999.7715      9.344      6.442 0.0000e+00
      6.569 -1.217e-21   -37.1774     2.2944     20.145 1.2372e-01     15.777     70.129  48.894763     1.0406     1.3047     9.8590   999.7715      9.344      6.442 0.0000e+00
      6.569 -1.339e-20   -37.2949     2.2762     20.224 1.2372e-01     15.778     70.187  48.935249     1.0537     1.3751     9.8593   999.7715      9.343      6.442 0.0000e+00
      6.569 -1.473e-19   -37.5256     2.2709     20.217 1.2370e-01     15.777     70.164  48.919715     1.0606     1.4482     9.8590   999.7716      9.344      6.442 0.0000e+00
      6.569 -1.620e-18   -37.6443     2.2684     20.170 1.2375e-01     15.776     70.132  48.897450     1.0574     1.3984     9.8585   999.7716      9.343      6.442 0.0000e+00
      6.569 -1.782e-17   -37.6116     2.2799     20.151 1.2377e-01     15.776     70.164  48.920040     1.0443     1.2889     9.8585   999.7716      9.343      6.442 0.0000e+00
      6.569 -1.960e-16   -37.4745     2.2963     20.162 1.2377e-01     15.776     70.191  48.938845     1.0355     1.2571     9.8584   999.7717      9.344      6.442 0.0000e+00
      6.569 -2.156e-15   -37.5354     2.2905     20.202 1.2378e-01     15.777     70.184  48.934309     1.0558     1.2885     9.8585   999.7716      9.344      6.442 0.0000e+00
      6.569 -2.372e-14   -37.7450     2.2815     20.217 1.2377e-01     15.777     70.176  48.928695     1.0994     1.3247     9.8583   999.7716      9.343      6.442 0.0000e+00
      6.569 -2.609e-13   -37.7717     2.2815     20.171 1.2376e-01     15.776     70.186  48.934478     1.1139     1.3510     9.8584   999.7716      9.343      6.442 0.0000e+00
      6.569 -2.870e-12   -37.7725     2.2812     20.155 1.2378e-01     15.776     70.195  48.940725     1.0971     1.3662     9.8586   999.7716      9.343      6.442 0.0000e+00
      6.569 -3.157e-11   -37.7551     2.2876     20.210 1.2378e-01     15.777     70.195  48.940725     1.0969     1.3715     9.8588   999.7716      9.344      6.442 0.0000e+00
      6.569 -3.473e-10   -37.6468     2.2947     20.227 1.2376e-01     15.777     70.185  48.934480     1.1119     1.3811     9.8589   999.7716      9.343      6.442 0.0000e+00
      6.569 -3.820e-09   -37.6683     2.2817     20.169 1.2375e-01     15.776     70.177  48.928717     1.1160     1.4139     9.8582   999.7716      9.343      6.442 0.0000e+00
      6.569 -4.202e-08   -37.7561     2.2769     20.116 1.2373e-01     15.776     70.185  48.934542     1.1093     1.4240     9.8580   999.7717      9.343      6.442 0.0000e+00
      6.569 -4.622e-07   -37.7622     2.2914     20.092 1.2372e-01     15.777     70.195  48.941412     1.0873     1.4009     9.8586   999.7716      9.344      6.442 0.0000e+00
      6.569     -0.000   -37.7421     2.2956     20.098 1.2372e-01     15.777     70.205  48.948282     1.0505     1.3748     9.8585   999.7716      9.343      6.442 0.0000e+00
      6.569     -0.000   -37.6861     2.2816     20.149 1.2373e-01     15.777     70.214  48.954107     1.0362     1.3478     9.8584   999.7716      9.343      6.442 0.0000e+00
      6.569     -0.001   -37.5999     2.2770     20.243 1.2378e-01     15.777     70.206  48.948334     1.0475     1.3493     9.8585   999.7716      9.343      6.442 0.0000e+00
      6.569     -0.007   -37.6463     2.2741     20.319 1.2381e-01     15.777     70.197  48.941984     1.0442     1.3592     9.8584   999.7716      9.342      6.441 0.0000e+00
      6.569     -0.074   -37.8171     2.2736     20.293 1.2381e-01     15.778     70.195  48.940839     1.0250     1.3639     9.8585   999.7716      9.343      6.442 0.0000e+00
      6.569     -0.819   -37.7728     2.2799     20.209 1.2377e-01     15.778     70.186  48.934489     1.0153     1.3720     9.8583   999.7717      9.343      6.442 0.0000e+00
      6.569     -9.008   -37.6268     2.2913     20.174 1.2369e-01     15.778     70.178  48.928707     1.0230     1.3545     9.8583   999.7716      9.342      6.441 0.0000e+00
      6.569 -9.908e-99   -37.5999     2.3077     20.200 1.2367e-01     15.778     70.187  48.934427     1.0323     1.3240     9.8582   999.7716      9.343      6.442 0.0000e+00
      6.569 -1.090e-97   -37.5340     2.3005     20.208 1.2372e-01     15.778     70.195  48.940152     1.0313     1.2771     9.8581   999.7716      9.342      6.441 0.0000e+00
      6.569 -1.199e-96   -37.5181     2.2850     20.164 1.2374e-01     15.778     70.187  48.934428     1.0304     1.2342     9.8582   999.7716      9.343      6.442 0.0000e+00
      6.569 -1.319e-95   -37.5791     2.2809     20.140 1.2372e-01     15.778     70.179  48.928717     1.0310     1.2522     9.8578   999.7717      9.343      6.442 0.0000e+00
      6.569 -1.451e-94   -37.4977     2.2885     20.169 1.2368e-01     15.778     70.187  48.934603     1.0380     1.3230     9.8579   999.7717      9.343      6.442 0.0000e+00
      6.569 -1.596e-93   -37.3079     2.2923     20.194 1.2368e-01     15.777     70.197  48.942097     1.0583     1.3694     9.8578   999.7717      9.342      6.441 0.0000e+00
      6.569 -1.755e-92   -37.2637     2.2815     20.191 1.2368e-01     15.776     70.217  48.955823     1.0671     1.3315     9.8576   999.7717      9.343      6.442 0.0000e+00
      6.569 -1.931e-91   -37.3931     2.2772     20.201 1.2364e-01     15.776     70.242  48.973562     1.0585     1.2775     9.8577   999.7717      9.343      6.442 0.0000e+00
      6.569 -2.124e-90   -37.4966     2.2847     20.229 1.2365e-01     15.777     70.231  48.966072     1.0497     1.2652     9.8577   999.7717      9.343      6.442 0.0000e+00
      6.569 -2.336e-89   -37.4826     2.2888     20.227 1.2366e-01     15.777     70.177  48.928761     1.0457     1.2857     9.8579   999.7717      9.344      6.442 0.0000e+00
      6.569 -2.570e-88   -37.3955     2.2855     20.207 1.2366e-01     15.777     70.141  48.903436     1.0489     1.3196     9.8576   999.7717      9.343      6.442 0.0000e+00
      6.569 -2.827e-87   -37.4763     2.2856     20.217 1.2372e-01     15.777     70.156  48.913885     1.0504     1.3326     9.8576   999.7717      9.343      6.442 0.0000e+00
      6.569 -3.110e-86   -37.6847     2.2927     20.210 1.2378e-01     15.777     70.176  48.928099     1.0452     1.3399     9.8581   999.7717      9.343      6.442 0.0000e+00
      6.569 -3.421e-85   -37.7646     2.2925     20.176 1.2376e-01     15.777     70.205  48.948288     1.0242     1.3730     9.8582   999.7716      9.343      6.442 0.0000e+00
      6.569 -3.763e-84   -37.7540     2.2840     20.155 1.2375e-01     15.777     70.233  48.967484     0.9962     1.4240     9.8584   999.7716      9.343      6.442 0.0000e+00
      6.569 -4.139e-83   -37.6426     2.2914     20.154 1.2378e-01     15.778     70.236  48.969691     0.9829     1.4069     9.8588   999.7716      9.343      6.442 0.0000e+00
      6.569 -4.553e-82   -37.7082     2.2905     20.198 1.2377e-01     15.778     70.244  48.974977     0.9774     1.3387     9.8587   999.7716      9.343      6.442 0.0000e+00
      6.569 -5.008e-81   -37.9448     2.2820     20.223 1.2372e-01     15.778     70.234  48.967894     0.9774     1.3202     9.8586   999.7716      9.343      6.442 0.0000e+00
      6.569 -5.509e-80   -38.0078     2.2837     20.173 1.2370e-01     15.778     70.204  48.947553     0.9830     1.3546     9.8588   999.7716      9.342      6.441 0.0000e+00
      6.569 -6.060e-79   -38.0406     2.2781     20.143 1.2368e-01     15.778     70.164  48.919543     0.9979     1.3769     9.8587   999.7716      9.343      6.442 0.0000e+00
      6.569 -6.666e-78   -38.0830     2.2876     20.221 1.2367e-01     15.776     70.112  48.883227     1.0146     1.3489     9.8585   999.7716      9.343      6.442 0.0000e+00
      6.569 -7.332e-77   -38.0040     2.2958     20.329 1.2367e-01     15.775     70.120  48.889463     1.0233     1.3944     9.8586   999.7716      9.343      6.442 0.0000e+00
      6.569 -8.066e-76   -37.9459     2.2835     20.342 1.2367e-01     15.776     70.180  48.931446     1.0268     1.5153     9.8584   999.7716      9.343      6.442 0.0000e+00
      6.569 -8.872e-75   -38.0692     2.2738     20.248 1.2368e-01     15.777     70.201  48.946335     1.0283     1.5744     9.8582   999.7716      9.343      6.442 0.0000e+00
      6.569 -9.759e-74   -38.1184     2.2882     20.143 1.2373e-01     15.777     70.196  48.942484     1.0414     1.5938     9.8584   999.7716      9.343      6.442 0.0000e+00
      6.569 -1.074e-72   -37.9383     2.3074     20.103 1.2376e-01     15.777     70.205  48.948379     1.0511     1.6118     9.8586   999.7716      9.342      6.441 0.0000e+00
      6.569 -1.181e-71   -37.7839     2.3087     20.139 1.2374e-01     15.777     70.213  48.954116     1.0509     1.5865     9.8590   999.7716      9.343      6.442 0.0000e+00
      6.569 -1.299e-70   -37.8009     2.2931     20.227 1.2374e-01     15.777     70.205  48.948344     1.0480     1.5290     9.8592   999.7715      9.343      6.442 0.0000e+00
      6.569 -1.429e-69   -37.8851     2.2770     20.304 1.2375e-01     15.777     70.196  48.942099     1.0355     1.5342     9.8588   999.7716      9.343      6.442 0.0000e+00
      6.569 -1.572e-68   -37.9426     2.2740     20.296 1.2374e-01     15.777     70.196  48.942099     1.0332     1.5807     9.8586   999.7716      9.343      6.442 0.0000e+00
      6.569 -1.729e-67   -37.8929     2.2774     20.187 1.2375e-01     15.777     70.205  48.948345     1.0483     1.5754     9.8586   999.7716      9.343      6.442 0.0000e+00
      6.569 -1.902e-66   -37.7145     2.2909     20.065 1.2376e-01     15.778     70.213  48.954118     1.0560     1.5388     9.8589   999.7716      9.343      6.442 0.0000e+00
      6.569 -2.092e-65   -37.5928     2.3030     20.043 1.2373e-01     15.778     70.205  48.948397     1.0505     1.5160     9.8590   999.7716      9.343      6.442 0.0000e+00
      6.569 -2.301e-64   -37.6261     2.3032     20.095 1.2371e-01     15.777     70.196  48.942672     1.0485     1.5401     9.8587   999.7716      9.343      6.442 0.0000e+00
      6.569 -2.531e-63   -37.6861     2.2875     20.149 1.2369e-01     15.776     70.205  48.948405     1.0698     1.6583     9.8588   999.7716      9.343      6.442 0.0000e+00
      6.569 -2.784e-62   -37.6299     2.2654     20.187 1.2368e-01     15.777     70.213  48.954215     1.0979     1.8127     9.8589   999.7716      9.344      6.442 0.0000e+00
      6.569 -3.063e-61   -37.5486     2.2662     20.183 1.2370e-01     15.777     70.207  48.949423     1.1025     1.8625     9.8588   999.7716      9.343      6.441 0.0000e+00
      6.569 -3.369e-60   -37.5644     2.2777     20.194 1.2369e-01     15.777     70.214  48.953962     1.0963     1.8132     9.8590   999.7716      9.342      6.442 0.0000e+00
      6.568 -3.706e-59   -37.6484     2.2796     20.250 1.2369e-01     15.777     70.203  48.945582     1.1186     1.7322     9.8588   999.7716      9.343      6.441 0.0000e+00
      6.568 -4.077e-58   -37.7903     2.2905     20.322 1.2378e-01     15.777     70.154  48.911617     1.1624     1.6385     9.8585   999.7716      9.342      6.441 0.0000e+00
      6.569 -4.484e-57   -37.8170     2.2838     20.387 1.2383e-01     15.778     70.171  48.924298     1.1768     1.5732     9.8586   999.7716      9.343      6.442 0.0000e+00
      6.569 -4.933e-56   -37.7132     2.2835     20.371 1.2371e-01     15.778     70.239  48.971908     1.1784     1.5603     9.8583   999.7716      9.343      6.442 0.0000e+00
      6.569 -5.426e-55   -37.6541     2.2946     20.278 1.2363e-01     15.778     70.249  48.979248     1.1820     1.5507     9.8580   999.7717      9.343      6.442 0.0000e+00
      6.569 -5.969e-54   -37.7901     2.2980     20.155 1.2366e-01     15.778     70.207  48.949538     1.1726     1.5263     9.8577   999.7716      9.342      6.441 0.0000e+00
      6.569 -6.566e-53   -38.0679     2.3151     20.080 1.2365e-01     15.778     70.180  48.930195     1.1700     1.5394     9.8579   999.7717      9.343      6.442 0.0000e+00
      6.569 -7.222e-52   -38.1734     2.3088     20.118 1.2361e-01     15.777     70.189  48.935875     1.1696     1.5718     9.8584   999.7716      9.342      6.441 0.0000e+00
      6.569 -7.944e-51   -38.1190     2.2978     20.193 1.2363e-01     15.777     70.215  48.954716     1.1294     1.5062     9.8587   999.7716      9.343      6.442 0.0000e+00
      6.569 -8.739e-50   -38.0990     2.2812     20.238 1.2371e-01     15.777     70.233  48.967499     1.0657     1.3642     9.8585   999.7716      9.342      6.441 0.0000e+00
      6.569 -9.613e-49   -38.1891     2.2660     20.278 1.2377e-01     15.777     70.227  48.963433     1.0390     1.2973     9.8579   999.7717      9.343      6.442 0.0000e+00
      6.568 -1.057e-47   -38.2623     2.2774     20.275 1.2374e-01     15.777     70.235  48.969055     1.0350     1.3150     9.8580   999.7717      9.342      6.441 0.0000e+00
      6.568 -1.163e-46   -38.2956     2.2896     20.224 1.2372e-01     15.777     70.239  48.971970     1.0465     1.4064     9.8583   999.7716      9.342      6.441 0.0000e+00
      6.569 -1.279e-45   -38.3333     2.2901     20.219 1.2370e-01     15.777     70.186  48.935183     1.0821     1.5101     9.8583   999.7717      9.343      6.442 0.0000e+00
      6.569 -1.407e-44   -38.2886     2.2976     20.245 1.2370e-01     15.778     70.143  48.905269     1.1031     1.5387     9.8584   999.7716      9.343      6.442 0.0000e+00
      6.569 -1.548e-43   -38.1846     2.3014     20.265 1.2372e-01     15.778     70.175  48.927792     1.1008     1.5466     9.8585   999.7716      9.343      6.442 0.0000e+00
      6.569 -1.703e-42   -38.0224     2.2841     20.270 1.2370e-01     15.778     70.212  48.953498     1.0921     1.5702     9.8584   999.7716      9.343      6.442 0.0000e+00
      6.569 -1.873e-41   -37.9619     2.2893     20.242 1.2368e-01     15.778     70.224  48.962081     1.0737     1.7216     9.8588   999.7716      9.343      6.442 0.0000e+00
      6.568 -2.061e-40   -38.0561     2.2933     20.227 1.2367e-01     15.778     70.233  48.968056     1.0497     1.9692     9.8592   999.7715      9.342      6.441 0.0000e+00
      6.568 -2.267e-39   -38.0427     2.2938     20.246 1.2365e-01     15.778     70.224  48.962250     1.0408     2.0584     9.8594   999.7715      9.342      6.441 0.0000e+00
      6.568 -2.493e-38   -37.8860     2.2986     20.260 1.2365e-01     15.778     70.213  48.955377     1.0431     2.0444     9.8593   999.7716      9.342      6.441 0.0000e+00
      6.568 -2.743e-37   -37.7950     2.2904     20.222 1.2368e-01     15.778     70.203  48.948459     1.0483     2.0062     9.8588   999.7716      9.343      6.442 0.0000e+00
