Data/DataNotYetUploadedToEDI/Raw_CTD/RawDownloads/072621_fcr_50_0001.cnv
* Sea-Bird SBE19plus  Data File:
* FileName = C:\R\Reservoirs\Data\DataNotYetUploadedToEDI\Raw_CTD\RawDownloads\072621_bvr_50_0002.hex
* Software version 2.8.0.119
* Temperature SN = 7809
* Conductivity SN = 7809
* System UpLoad Time = Jul 26 2021 15:16:59
* <ApplicationData>
* <Seaterm232>
# nquan = 16
# nvalues = 938                         
# units = specified
# name 0 = depFM: Depth [fresh water, m]
# name 1 = dz/dtM: Descent Rate [m/s]
# name 2 = orp: Oxidation Reduction Potential [mV]
# name 3 = sbeox0Mg/L: Oxygen, SBE 43 [mg/l]
# name 4 = sbeox0PS: Oxygen, SBE 43 [% saturation]
# name 5 = par/sat/log: PAR/Logarithmic, Satlantic
# name 6 = ph: pH
# name 7 = specc: Specific Conductance [uS/cm]
# name 8 = c0uS/cm: Conductivity [uS/cm]
# name 9 = flECO-AFL: Fluorescence, WET Labs ECO-AFL/FL [mg/m^3]
# name 10 = turbWETntu0: Turbidity, WET Labs ECO [NTU]
# name 11 = tv290C: Temperature [ITS-90, deg C]
# name 12 = density00: Density [density, kg/m^3]
# name 13 = prdE: Pressure, Strain Gauge [psi]
# name 14 = prdM: Pressure, Strain Gauge [db]
# name 15 = flag:  0.000e+00
# span 0 =     -0.649,      9.525       
# span 1 =     -0.607,      0.220       
# span 2 = -1199.7976,   294.5671       
# span 3 =     1.0959,    12.6736       
# span 4 =      9.729,    150.993       
# span 5 = 1.2322e-01, 4.9973e+02       
# span 6 =     15.166,     15.814       
# span 7 =      0.845,    236.383       
# span 8 =   0.984280, 164.178932       
# span 9 =    -1.0523,    56.6359       
# span 10 =    -0.4454,   114.8599      
# span 11 =     9.6069,    33.2311      
# span 12 =   994.6366,   999.8621      
# span 13 =     -0.924,     13.547      
# span 14 =     -0.637,      9.341      
# span 15 = 0.0000e+00, 0.0000e+00      
# interval = seconds: 0.25
# start_time = Jul 25 2021 23:31:11 [Instrument's time stamp, header]
# bad_flag = -9.990e-29
*END*
[from data line 272]
      1.563      0.012   -64.8354    12.5923    149.319 7.8858e+01     15.430     38.904  37.996999     4.0730     4.7465    23.8719   997.3555      2.223      1.533 0.0000e+00
      1.566      0.012   -64.8384    12.6617    148.936 7.8542e+01     15.430     38.874  37.963537     4.0873     4.7864    23.8676   997.3565      2.227      1.535 0.0000e+00
      1.568      0.012   -64.0302    12.6736    148.562 7.8261e+01     15.430     38.856  37.943915     4.1127     4.8378    23.8566   997.3592      2.231      1.538 0.0000e+00
      1.571      0.011   -62.8075    12.6403    148.213 7.7877e+01     15.430     38.866  37.950145     4.1319     4.7841    23.8399   997.3633      2.233      1.540 0.0000e+00
      1.574      0.010   -61.5840    12.6077    147.980 7.7452e+01     15.430     38.893  37.975394     4.1389     4.6184    23.8248   997.3670      2.239      1.544 0.0000e+00
      1.577      0.009   -60.6794    12.5775    147.925 7.7152e+01     15.430     38.911  37.995346     4.1392     4.5167    23.8212   997.3679      2.244      1.547 0.0000e+00
      1.579      0.009   -60.1301    12.5460    147.985 7.6937e+01     15.430     38.920  38.000995     4.1553     4.5841    23.8231   997.3674      2.246      1.549 0.0000e+00
      1.581      0.010   -59.5021    12.5146    148.013 7.6735e+01     15.430     38.909  37.980215     4.1899     4.9533    23.8140   997.3697      2.249      1.551 0.0000e+00
      1.582      0.013   -58.6801    12.4927    147.834 7.6554e+01     15.431     38.871  37.934477     4.2147     5.4782    23.8110   997.3704      2.251      1.552 0.0000e+00
      1.583      0.017   -57.9336    12.4888    147.405 7.6250e+01     15.431     38.836  37.892220     4.2162     5.7461    23.8208   997.3681      2.251      1.552 0.0000e+00
      1.587      0.023   -56.7578    12.4981    146.823 7.5591e+01     15.432     38.806  37.850060     4.2268     5.8240    23.8178   997.3688      2.254      1.555 0.0000e+00
      1.595      0.028   -54.7882    12.5125    146.237 7.4764e+01     15.432     38.773  37.805475     4.2858     5.9734    23.8000   997.3732      2.268      1.564 0.0000e+00
      1.605      0.031   -52.5307    12.5006    145.719 7.3866e+01     15.432     38.771  37.797379     4.3672     6.1792    23.7878   997.3762      2.281      1.573 0.0000e+00
      1.617      0.031   -50.6291    12.4622    145.268 7.2822e+01     15.432     38.787  37.815632     4.4007     6.2523    23.7834   997.3773      2.297      1.584 0.0000e+00
      1.628      0.030   -49.2620    12.4123    144.907 7.2140e+01     15.431     38.794  37.835772     4.3945     6.2048    23.7627   997.3824      2.318      1.598 0.0000e+00
      1.634      0.029   -48.0466    12.3652    144.548 7.1855e+01     15.430     38.790  37.850517     4.3975     6.2223    23.7411   997.3877      2.325      1.603 0.0000e+00
      1.636      0.030   -46.4307    12.3253    143.938 7.1561e+01     15.430     38.796  37.867026     4.4082     6.2930    23.7351   997.3892      2.327      1.605 0.0000e+00
      1.640      0.035   -44.3510    12.2839    142.932 7.1115e+01     15.430     38.779  37.845001     4.4096     6.3382    23.7350   997.3892      2.331      1.608 0.0000e+00
      1.646      0.041   -42.1735    12.2502    141.650 7.0330e+01     15.431     38.669  37.711146     4.4044     6.3222    23.7563   997.3841      2.338      1.612 0.0000e+00
      1.657      0.046   -40.0648    12.2226    140.315 6.9106e+01     15.434     38.598  37.581274     4.4128     6.2719    23.7883   997.3763      2.353      1.622 0.0000e+00
      1.676      0.049   -38.0407    12.1746    139.150 6.7426e+01     15.437     38.647  37.543895     4.5493     6.4169    23.8033   997.3727      2.381      1.642 0.0000e+00
      1.697      0.049   -36.1123    12.0831    138.300 6.6009e+01     15.440     38.697  37.512927     4.7957     6.7363    23.7995   997.3738      2.419      1.668 0.0000e+00
      1.712      0.047   -34.2153    11.9752    137.745 6.5396e+01     15.443     38.703  37.460583     4.9222     6.9065    23.7725   997.3804      2.439      1.682 0.0000e+00
      1.719      0.044   -32.3982    11.8729    137.261 6.4966e+01     15.445     38.699  37.418621     4.9241     6.9642    23.6923   997.4000      2.443      1.684 0.0000e+00
      1.724      0.040   -30.9199    11.7976    136.356 6.4384e+01     15.445     38.685  37.386293     4.9338     7.0905    23.5602   997.4320      2.450      1.690 0.0000e+00
      1.732      0.038   -29.4198    11.7520    134.677 6.3607e+01     15.445     38.636  37.323529     4.9730     7.2319    23.4526   997.4581      2.460      1.696 0.0000e+00
      1.742      0.039   -27.5107    11.7226    132.377 6.2632e+01     15.446     38.577  37.230879     5.0065     7.2667    23.3837   997.4748      2.476      1.707 0.0000e+00
      1.755      0.043   -25.4745    11.7129    129.847 6.1697e+01     15.448     38.565  37.154492     5.0140     7.2362    23.3281   997.4882      2.497      1.721 0.0000e+00
      1.766      0.045   -23.4714    11.6549    127.483 6.0788e+01     15.451     38.592  37.097923     5.0168     7.2067    23.3138   997.4917      2.512      1.732 0.0000e+00
      1.777      0.046   -21.3590    11.5018    125.358 5.9723e+01     15.454     38.628  37.054481     5.0308     7.1844    23.3086   997.4929      2.526      1.742 0.0000e+00
      1.790      0.047   -18.7757    11.3049    123.105 5.8584e+01     15.458     38.645  37.009887     5.0499     7.2066    23.2636   997.5038      2.546      1.755 0.0000e+00
      1.802      0.050   -15.3812    11.0934    120.471 5.7749e+01     15.460     38.619  36.939424     5.0668     7.2348    23.1753   997.5250      2.567      1.770 0.0000e+00
      1.812      0.053   -11.1190    10.9083    117.371 5.6947e+01     15.461     38.563  36.837059     5.0727     7.2165    23.0562   997.5533      2.577      1.777 0.0000e+00
      1.824      0.055    -6.3037    10.7698    113.734 5.5567e+01     15.462     38.519  36.724046     5.1017     7.1916    22.9486   997.5789      2.589      1.785 0.0000e+00
      1.841      0.055    -1.1260    10.5976    109.853 5.3985e+01     15.466     38.539  36.651713     5.1787     7.2080    22.8700   997.5974      2.620      1.806 0.0000e+00
      1.860      0.056     4.5934    10.3792    106.224 5.2775e+01     15.470     38.578  36.596965     5.2317     7.2428    22.8194   997.6094      2.649      1.826 0.0000e+00
      1.875      0.057    11.3116    10.1314    103.036 5.1894e+01     15.474     38.567  36.506175     5.2564     7.2691    22.7703   997.6211      2.668      1.840 0.0000e+00
      1.886      0.056    19.5310     9.8254    100.135 5.0949e+01     15.476     38.508  36.378853     5.3726     7.2171    22.6755   997.6433      2.683      1.850 0.0000e+00
      1.898      0.053    29.5493     9.4910     97.065 4.9716e+01     15.479     38.457  36.263153     5.5677     7.0613    22.5444   997.6739      2.700      1.861 0.0000e+00
      1.913      0.052    41.3270     9.1983     93.510 4.8427e+01     15.483     38.438  36.185954     5.6802     6.9640    22.4185   997.7031      2.722      1.877 0.0000e+00
      1.928      0.054    54.0408     8.9407     89.714 4.7418e+01     15.487     38.390  36.079954     5.7112     6.9681    22.3182   997.7263      2.746      1.893 0.0000e+00
      1.940      0.055    67.5483     8.7198     85.979 4.6623e+01     15.490     38.317  35.933309     5.8189     6.7333    22.2315   997.7462      2.761      1.904 0.0000e+00
      1.953      0.054    82.7262     8.4868     82.415 4.5574e+01     15.493     38.288  35.808858     5.9914     6.2533    22.1368   997.7679      2.774      1.913 0.0000e+00
      1.968      0.052   100.3233     8.1700     78.992 4.4255e+01     15.498     38.319  35.717330     6.0797     6.0398    22.0632   997.7848      2.798      1.929 0.0000e+00
      1.985      0.051   122.4315     7.8394     75.470 4.3127e+01     15.505     38.394  35.651433     6.0947     6.0399    21.9984   997.7996      2.825      1.948 0.0000e+00
      1.999      0.052   151.2836     7.5278     71.883 4.2384e+01     15.511     38.454  35.583018     6.1060     5.8082    21.8925   997.8236      2.845      1.961 0.0000e+00
      2.009      0.053   182.1917     7.2286     68.544 4.1824e+01     15.516     38.420  35.461073     6.1120     5.3674    21.7685   997.8515      2.857      1.970 0.0000e+00
      2.018      0.055   207.2201     6.9635     65.422 4.1048e+01     15.519     38.342  35.319099     6.0998     5.0705    21.6116   997.8866      2.866      1.977 0.0000e+00
      2.032      0.058   223.8303     6.6808     62.471 3.9915e+01     15.520     38.298  35.198921     6.0733     5.0333    21.4198   997.9293      2.886      1.990 0.0000e+00
      2.049      0.061   232.4555     6.3609     59.612 3.8681e+01     15.521     38.285  35.086652     5.9918     4.9861    21.2403   997.9689      2.914      2.009 0.0000e+00
      2.068      0.063   236.5667     6.0901     56.412 3.7519e+01     15.523     38.290  34.976817     5.8585     4.8087    21.1304   997.9930      2.941      2.028 0.0000e+00
      2.087      0.063   240.0692     5.8218     52.889 3.6494e+01     15.526     38.315  34.886040     5.7872     4.6746    21.0632   998.0076      2.969      2.046 0.0000e+00
      2.104      0.061   243.4845     5.5605     49.560 3.5657e+01     15.529     38.350  34.813830     5.7584     4.6000    20.9587   998.0304      2.993      2.064 0.0000e+00
      2.118      0.057   246.7153     5.3502     46.763 3.4937e+01     15.531     38.370  34.738145     5.5490     4.3529    20.8249   998.0593      3.013      2.077 0.0000e+00
      2.131      0.055   249.6208     5.0770     44.613 3.4298e+01     15.534     38.382  34.668805     5.1725     3.9524    20.6684   998.0928      3.032      2.090 0.0000e+00
      2.143      0.054   252.5448     4.7477     42.848 3.3682e+01     15.537     38.397  34.609887     4.9627     3.7411    20.5145   998.1255      3.047      2.100 0.0000e+00
      2.156      0.054   255.2252     4.4566     41.150 3.2955e+01     15.540     38.406  34.533308     4.9393     3.6864    20.3814   998.1537      3.064      2.112 0.0000e+00
      2.171      0.053   256.4749     4.2048     39.692 3.2157e+01     15.542     38.409  34.440774     4.9281     3.6003    20.2559   998.1801      3.087      2.129 0.0000e+00
      2.186      0.051   256.4708     4.0291     38.677 3.1440e+01     15.545     38.434  34.379298     4.9704     3.4549    20.1496   998.2022      3.109      2.143 0.0000e+00
      2.201      0.048   256.7240     3.8965     38.025 3.0787e+01     15.548     38.495  34.360976     5.0702     3.2684    20.0728   998.2183      3.130      2.157 0.0000e+00
      2.213      0.044   258.1594     3.7339     37.500 3.0296e+01     15.550     38.553  34.346053     5.1132     3.1647    19.9642   998.2408      3.150      2.173 0.0000e+00
      2.222      0.039   260.0595     3.6046     36.815 2.9926e+01     15.553     38.598  34.325676     5.0907     3.1281    19.8152   998.2713      3.161      2.180 0.0000e+00
      2.230      0.034   262.4047     3.5248     35.992 2.9501e+01     15.556     38.643  34.304885     4.8834     3.0658    19.7178   998.2912      3.171      2.186 0.0000e+00
      2.239      0.032   269.0488     3.4765     35.305 2.9214e+01     15.559     38.677  34.284955     4.5047     2.9953    19.6238   998.3104      3.187      2.197 0.0000e+00
      2.245      0.032   277.1541     3.4499     34.833 2.9055e+01     15.562     38.704  34.274990     4.3077     2.9622    19.5322   998.3289      3.194      2.202 0.0000e+00
      2.251      0.034   277.7211     3.3910     34.495 2.8729e+01     15.562     38.711  34.247814     4.2843     2.9049    19.4679   998.3418      3.199      2.206 0.0000e+00
      2.259      0.038   274.0968     3.3046     34.199 2.8241e+01     15.561     38.717  34.210143     4.1836     2.7490    19.3756   998.3604      3.212      2.214 0.0000e+00
      2.270      0.043   272.3091     3.2470     33.834 2.7748e+01     15.563     38.771  34.200172     4.0249     2.5885    19.3061   998.3743      3.229      2.226 0.0000e+00
      2.282      0.047   271.5934     3.2089     33.385 2.7253e+01     15.567     38.840  34.190628     3.9579     2.5439    19.2760   998.3804      3.246      2.238 0.0000e+00
      2.295      0.049   271.8105     3.1819     32.964 2.6710e+01     15.569     38.887  34.158117     3.9651     2.5865    19.2347   998.3886      3.265      2.251 0.0000e+00
      2.310      0.049   272.6108     3.1639     32.665 2.6106e+01     15.572     38.932  34.124243     3.9297     2.6239    19.1815   998.3992      3.286      2.265 0.0000e+00
      2.325      0.047   273.1824     3.1353     32.478 2.5586e+01     15.574     38.977  34.098236     3.8551     2.6181    19.1089   998.4136      3.310      2.282 0.0000e+00
      2.338      0.044   273.5593     3.0944     32.318 2.5281e+01     15.576     39.035  34.097389     3.8257     2.5852    19.0096   998.4332      3.328      2.295 0.0000e+00
      2.347      0.040   273.9838     3.0576     32.088 2.5021e+01     15.577     39.105  34.113942     3.8320     2.5343    18.9155   998.4516      3.337      2.302 0.0000e+00
      2.355      0.037   274.6158     3.0369     31.756 2.4733e+01     15.579     39.147  34.107960     3.7215     2.4496    18.8171   998.4707      3.350      2.310 0.0000e+00
      2.364      0.036   275.3503     3.0277     31.371 2.4465e+01     15.581     39.166  34.088457     3.5006     2.3502    18.7272   998.4882      3.363      2.319 0.0000e+00
      2.372      0.038   275.9814     3.0208     31.001 2.4156e+01     15.582     39.174  34.068442     3.3737     2.2942    18.6688   998.4995      3.372      2.325 0.0000e+00
      2.381      0.041   276.8258     3.0032     30.646 2.3851e+01     15.582     39.169  34.056281     3.3600     2.2874    18.6148   998.5098      3.388      2.335 0.0000e+00
      2.391      0.044   277.9878     2.9748     30.283 2.3559e+01     15.581     39.175  34.068319     3.3643     2.3024    18.5538   998.5216      3.402      2.345 0.0000e+00
      2.403      0.049   279.0181     2.9364     29.924 2.3181e+01     15.581     39.211  34.087091     3.3205     2.2012    18.5133   998.5294      3.415      2.355 0.0000e+00
      2.417      0.053   279.7327     2.9063     29.622 2.2790e+01     15.582     39.276  34.092876     3.2211     1.9564    18.4697   998.5377      3.438      2.370 0.0000e+00
      2.432      0.054   280.4336     2.8745     29.418 2.2400e+01     15.585     39.351  34.074752     3.1638     1.8147    18.4544   998.5407      3.459      2.384 0.0000e+00
      2.447      0.052   281.2117     2.8378     29.231 2.1975e+01     15.589     39.446  34.058208     3.1715     1.8267    18.4927   998.5335      3.480      2.399 0.0000e+00
      2.464      0.049   281.8271     2.8040     28.992 2.1629e+01     15.593     39.576  34.083071     3.2765     1.8952    18.4789   998.5362      3.506      2.417 0.0000e+00
      2.477      0.047   282.3679     2.7745     28.717 2.1439e+01     15.595     39.691  34.121442     3.4500     1.9562    18.4119   998.5490      3.528      2.432 0.0000e+00
      2.485      0.047   282.8464     2.7681     28.450 2.1328e+01     15.596     39.771  34.141361     3.5344     1.9805    18.3026   998.5697      3.534      2.438 0.0000e+00
      2.492      0.047   283.2248     2.7605     28.230 2.1122e+01     15.599     39.827  34.133486     3.5336     2.0179    18.1584   998.5967      3.539      2.441 0.0000e+00
      2.503      0.046   283.5876     2.7431     28.007 2.0795e+01     15.602     39.856  34.089612     3.4405     2.0641    18.0407   998.6187      3.557      2.452 0.0000e+00
      2.519      0.045   283.8779     2.7201     27.717 2.0457e+01     15.605     39.897  34.054970     3.2669     2.0587    17.9716   998.6316      3.581      2.469 0.0000e+00
