Data/DataNotYetUploadedToEDI/Raw_CTD/RawDownloads/072621_fcr_50_0001.cnv
* Sea-Bird SBE19plus  Data File:
* FileName = C:\R\Reservoirs\Data\DataNotYetUploadedToEDI\Raw_CTD\RawDownloads\072621_bvr_50_0002.hex
* Software version 2.8.0.119
* Temperature SN = 7809
* Conductivity SN = 7809
* System UpLoad Time = Jul 26 2021 15:16:59
* <ApplicationData>
* <Seaterm232>
# nquan = 16
# nvalues = 938                         
# units = specified
# name 0 = depFM: Depth [fresh water, m]
# name 1 = dz/dtM: Descent Rate [m/s]
# name 2 = orp: Oxidation Reduction Potential [mV]
# name 3 = sbeox0Mg/L: Oxygen, SBE 43 [mg/l]
# name 4 = sbeox0PS: Oxygen, SBE 43 [% saturation]
# name 5 = par/sat/log: PAR/Logarithmic, Satlantic
# name 6 = ph: pH
# name 7 = specc: Specific Conductance [uS/cm]
# name 8 = c0uS/cm: Conductivity [uS/cm]
# name 9 = flECO-AFL: Fluorescence, WET Labs ECO-AFL/FL [mg/m^3]
# name 10 = turbWETntu0: Turbidity, WET Labs ECO [NTU]
# name 11 = tv290C: Temperature [ITS-90, deg C]
# name 12 = density00: Density [density, kg/m^3]
# name 13 = prdE: Pressure, Strain Gauge [psi]
# name 14 = prdM: Pressure, Strain Gauge [db]
# name 15 = flag:  0.000e+00
# span 0 =     -0.649,      9.525       
# span 1 =     -0.607,      0.220       
# span 2 = -1199.7976,   294.5671       
# span 3 =     1.0959,    12.6736       
# span 4 =      9.729,    150.993       
# span 5 = 1.2322e-01, 4.9973e+02       
# span 6 =     15.166,     15.814       
# span 7 =      0.845,    236.383       
# span 8 =   0.984280, 164.178932       
# span 9 =    -1.0523,    56.6359       
# span 10 =    -0.4454,   114.8599      
# span 11 =     9.6069,    33.2311      
# span 12 =   994.6366,   999.8621      
# span 13 =     -0.924,     13.547      
# span 14 =     -0.637,      9.341      
# span 15 = 0.0000e+00, 0.0000e+00      
# interval = seconds: 0.25
# start_time = Jul 25 2021 23:31:11 [Instrument's time stamp, header]
# bad_flag = -9.990e-29
*END*
[from data line 181]
      0.643      0.038  -180.9146     8.8637    111.972 1.7646e+02     15.351     39.756  41.161719     2.4238     2.0555    26.8187   996.5872      0.918      0.633 0.0000e+00
      0.652      0.039  -179.5931     8.8811    112.432 1.7541e+02     15.352     39.784  41.159206     2.4385     2.0830    26.8251   996.5854      0.929      0.640 0.0000e+00
      0.661      0.039  -177.8900     8.9088    113.007 1.7426e+02     15.354     39.811  41.156892     2.4476     1.9901    26.8131   996.5887      0.936      0.645 0.0000e+00
      0.671      0.039  -176.3253     8.9277    113.562 1.7271e+02     15.355     39.819  41.133700     2.4574     1.8251    26.7961   996.5934      0.954      0.658 0.0000e+00
      0.682      0.040  -174.9573     8.9528    114.011 1.7125e+02     15.355     39.849  41.132645     2.4719     1.7714    26.7668   996.6015      0.971      0.670 0.0000e+00
      0.692      0.040  -173.5664     8.9987    114.371 1.6975e+02     15.356     39.890  41.144083     2.4896     1.8212    26.7203   996.6142      0.981      0.677 0.0000e+00
      0.702      0.040  -172.1562     9.0559    114.598 1.6840e+02     15.357     39.919  41.145004     2.4892     1.8777    26.6833   996.6243      0.998      0.688 0.0000e+00
      0.713      0.038  -170.6404     9.1094    114.594 1.6690e+02     15.358     39.940  41.143730     2.4767     1.9392    26.6473   996.6341      1.015      0.699 0.0000e+00
      0.724      0.036  -169.0918     9.1502    114.313 1.6525e+02     15.358     39.938  41.128645     2.4731     1.9815    26.6040   996.6460      1.030      0.711 0.0000e+00
      0.734      0.035  -167.5431     9.1861    113.653 1.6436e+02     15.358     39.907  41.089533     2.4829     2.0120    26.5647   996.6567      1.047      0.722 0.0000e+00
      0.740      0.035  -165.8530     9.2167    112.648 1.6376e+02     15.359     39.878  41.051659     2.4713     2.0328    26.5275   996.6668      1.053      0.726 0.0000e+00
      0.745      0.037  -164.2304     9.2185    111.550 1.6260e+02     15.360     39.889  41.051544     2.4090     1.9924    26.4957   996.6754      1.056      0.729 0.0000e+00
      0.754      0.040  -162.9808     9.2051    110.686 1.6103e+02     15.360     39.925  41.088123     2.3591     1.9699    26.4805   996.6796      1.070      0.739 0.0000e+00
      0.765      0.044  -161.8428     9.1523    110.413 1.5931e+02     15.358     39.935  41.113098     2.3544     2.0018    26.4783   996.6803      1.088      0.750 0.0000e+00
      0.779      0.048  -160.5375     9.0626    110.824 1.5741e+02     15.357     39.906  41.099649     2.3623     2.0342    26.4692   996.6827      1.106      0.763 0.0000e+00
      0.794      0.049  -159.1581     8.9717    111.606 1.5542e+02     15.357     39.859  41.052479     2.3688     2.0529    26.4463   996.6889      1.128      0.778 0.0000e+00
      0.809      0.049  -157.8118     8.8888    112.292 1.5373e+02     15.357     39.814  40.987084     2.3653     2.0214    26.4403   996.6907      1.152      0.795 0.0000e+00
      0.821      0.048  -156.6498     8.8584    112.530 1.5239e+02     15.358     39.801  40.943666     2.3493     1.9964    26.4694   996.6829      1.169      0.806 0.0000e+00
      0.831      0.048  -155.6049     8.8988    112.280 1.5094e+02     15.360     39.799  40.908308     2.3466     2.0250    26.4974   996.6752      1.180      0.813 0.0000e+00
      0.842      0.047  -154.3846     8.9755    111.875 1.4951e+02     15.361     39.806  40.876873     2.4571     2.1273    26.5014   996.6743      1.198      0.827 0.0000e+00
      0.853      0.046  -152.8223     9.0462    111.690 1.4819e+02     15.363     39.856  40.880892     2.6648     2.2723    26.4727   996.6821      1.213      0.838 0.0000e+00
      0.865      0.045  -151.0836     9.0751    111.825 1.4649e+02     15.365     39.910  40.893360     2.7789     2.3018    26.4284   996.6941      1.228      0.847 0.0000e+00
      0.880      0.045  -149.7099     9.0494    112.210 1.4468e+02     15.366     39.943  40.900606     2.7877     2.2434    26.3903   996.7044      1.251      0.863 0.0000e+00
      0.893      0.045  -148.6021     9.0092    112.620 1.4348e+02     15.367     39.965  40.904990     2.8568     2.2538    26.3438   996.7170      1.274      0.878 0.0000e+00
      0.902      0.047  -147.4125     9.0066    112.807 1.4273e+02     15.368     39.961  40.882871     3.0030     2.3237    26.2771   996.7349      1.283      0.884 0.0000e+00
      0.909      0.051  -146.2533     9.0277    112.746 1.4155e+02     15.368     39.921  40.823556     3.0964     2.3336    26.2145   996.7517      1.291      0.890 0.0000e+00
      0.921      0.053  -144.9970     9.0699    112.515 1.3977e+02     15.368     39.879  40.759046     3.1188     2.2699    26.1873   996.7590      1.307      0.902 0.0000e+00
      0.937      0.054  -143.5797     9.1173    112.133 1.3773e+02     15.368     39.883  40.737576     3.1596     2.2753    26.1728   996.7630      1.331      0.919 0.0000e+00
      0.956      0.054  -142.0237     9.1329    111.477 1.3558e+02     15.369     39.918  40.754343     3.2367     2.3978    26.1476   996.7699      1.360      0.938 0.0000e+00
      0.974      0.052  -140.2931     9.1312    110.613 1.3382e+02     15.371     39.948  40.771324     3.2876     2.5154    26.1252   996.7759      1.388      0.958 0.0000e+00
      0.987      0.047  -138.6588     9.1121    109.943 1.3282e+02     15.371     39.945  40.752451     3.2990     2.5639    26.1009   996.7824      1.407      0.971 0.0000e+00
      0.995      0.041  -137.1480     9.0959    109.813 1.3212e+02     15.372     39.934  40.716543     3.2597     2.4696    26.0606   996.7933      1.415      0.976 0.0000e+00
      1.002      0.034  -135.2761     9.0478    110.271 1.3133e+02     15.373     39.960  40.717962     3.1847     2.2683    26.0355   996.7999      1.425      0.982 0.0000e+00
      1.010      0.029  -133.0611     8.9607    110.971 1.3039e+02     15.374     39.963  40.706099     3.1557     2.1902    26.0281   996.8019      1.435      0.989 0.0000e+00
      1.018      0.027  -131.1886     8.9018    111.525 1.2952e+02     15.374     39.893  40.636560     3.1566     2.2453    26.0073   996.8075      1.449      0.999 0.0000e+00
      1.025      0.027  -129.7575     8.8914    111.971 1.2900e+02     15.374     39.828  40.575367     3.1665     2.2833    25.9767   996.8157      1.462      1.007 0.0000e+00
      1.030      0.027  -128.4060     8.9483    112.575 1.2849e+02     15.374     39.794  40.537477     3.1898     2.2712    25.9356   996.8266      1.464      1.009 0.0000e+00
      1.035      0.027  -127.0655     9.0253    113.406 1.2757e+02     15.374     39.766  40.495786     3.1997     2.2709    25.9141   996.8323      1.469      1.013 0.0000e+00
      1.043      0.027  -125.5093     9.0642    114.429 1.2659e+02     15.374     39.739  40.452092     3.2100     2.2797    25.9267   996.8290      1.483      1.023 0.0000e+00
      1.052      0.028  -123.6144     9.0865    115.641 1.2587e+02     15.375     39.704  40.389978     3.2189     2.2410    25.9361   996.8265      1.497      1.033 0.0000e+00
      1.059      0.030  -121.7925     9.1361    116.962 1.2540e+02     15.377     39.687  40.315972     3.2117     2.2486    25.9353   996.8267      1.507      1.039 0.0000e+00
      1.064      0.032  -120.3445     9.2109    118.325 1.2468e+02     15.380     39.699  40.255382     3.2094     2.3721    25.9105   996.8333      1.511      1.042 0.0000e+00
      1.072      0.034  -119.0980     9.2939    119.764 1.2340e+02     15.383     39.733  40.228515     3.2099     2.4982    25.8901   996.8388      1.522      1.049 0.0000e+00
      1.082      0.036  -117.7348     9.4000    121.483 1.2245e+02     15.384     39.787  40.244918     3.2081     2.5375    25.8767   996.8424      1.541      1.063 0.0000e+00
      1.092      0.039  -116.1650     9.5226    123.662 1.2169e+02     15.383     39.820  40.263243     3.2549     2.5716    25.7947   996.8641      1.554      1.071 0.0000e+00
      1.102      0.040  -114.4867     9.6537    126.164 1.2051e+02     15.383     39.820  40.259641     3.3359     2.6014    25.6850   996.8929      1.566      1.080 0.0000e+00
      1.113      0.040  -112.8430     9.7782    128.704 1.1934e+02     15.383     39.830  40.264831     3.3675     2.5209    25.6084   996.9131      1.584      1.092 0.0000e+00
      1.124      0.038  -111.2620     9.9170    130.951 1.1816e+02     15.383     39.830  40.262521     3.3613     2.4909    25.5575   996.9265      1.597      1.101 0.0000e+00
      1.135      0.035  -109.8267    10.1072    132.650 1.1707e+02     15.383     39.790  40.231703     3.3553     2.5826    25.5438   996.9302      1.616      1.114 0.0000e+00
      1.145      0.032  -108.5665    10.3167    133.728 1.1648e+02     15.383     39.755  40.209587     3.3526     2.5993    25.5504   996.9284      1.633      1.125 0.0000e+00
      1.151      0.028  -107.2968    10.5380    134.188 1.1599e+02     15.383     39.722  40.185549     3.3579     2.5204    25.5371   996.9320      1.636      1.128 0.0000e+00
      1.156      0.027  -105.8315    10.7322    134.113 1.1534e+02     15.383     39.670  40.131492     3.3615     2.4877    25.5309   996.9337      1.644      1.134 0.0000e+00
      1.161      0.027  -104.1004    10.8666    133.751 1.1480e+02     15.383     39.631  40.063743     3.3868     2.5811    25.5495   996.9288      1.653      1.140 0.0000e+00
      1.166      0.032  -102.5412    10.9522    133.454 1.1429e+02     15.384     39.629  40.001058     3.4443     2.7221    25.5690   996.9237      1.658      1.143 0.0000e+00
      1.174      0.037  -101.2615    10.9850    133.441 1.1342e+02     15.387     39.647  39.944718     3.4846     2.7846    25.5808   996.9207      1.668      1.149 0.0000e+00
      1.184      0.041   -99.8129    10.9718    133.746 1.1216e+02     15.390     39.666  39.890192     3.5025     2.7533    25.5869   996.9191      1.684      1.161 0.0000e+00
      1.198      0.044   -98.1037    10.9339    134.330 1.1059e+02     15.392     39.688  39.849434     3.5369     2.6869    25.5581   996.9267      1.701      1.173 0.0000e+00
      1.214      0.044   -96.3407    10.9227    135.283 1.0905e+02     15.395     39.721  39.832644     3.5948     2.7037    25.4687   996.9501      1.727      1.191 0.0000e+00
      1.227      0.043   -94.7585    10.9408    136.848 1.0823e+02     15.397     39.744  39.814042     3.6396     2.7849    25.3676   996.9765      1.750      1.207 0.0000e+00
      1.236      0.041   -93.1702    10.9880    139.098 1.0771e+02     15.398     39.722  39.751399     3.6493     2.8108    25.2728   997.0010      1.759      1.213 0.0000e+00
      1.242      0.039   -91.4192    11.0516    141.701 1.0699e+02     15.399     39.662  39.646391     3.6356     2.8102    25.1891   997.0227      1.766      1.218 0.0000e+00
      1.250      0.039   -89.7626    11.1309    144.134 1.0621e+02     15.400     39.621  39.559843     3.6175     2.8467    25.1304   997.0379      1.776      1.225 0.0000e+00
      1.260      0.040   -88.1968    11.2667    146.137 1.0516e+02     15.401     39.634  39.529982     3.6116     2.9077    25.0824   997.0503      1.790      1.234 0.0000e+00
      1.272      0.041   -86.6840    11.4724    147.745 1.0387e+02     15.403     39.679  39.539155     3.6221     2.9297    25.0327   997.0631      1.809      1.247 0.0000e+00
      1.286      0.042   -85.2382    11.7219    149.153 1.0274e+02     15.403     39.708  39.543755     3.6394     2.9415    24.9752   997.0778      1.831      1.262 0.0000e+00
      1.297      0.045   -83.7072    11.9405    150.367 1.0193e+02     15.404     39.641  39.458633     3.6394     2.9479    24.9154   997.0931      1.847      1.273 0.0000e+00
      1.306      0.048   -82.1114    12.1180    150.993 1.0123e+02     15.405     39.480  39.271546     3.6223     2.9043    24.8603   997.1073      1.859      1.281 0.0000e+00
      1.315      0.050   -80.7422    12.2546    150.759 1.0035e+02     15.408     39.374  39.122240     3.6135     2.8945    24.8123   997.1196      1.869      1.289 0.0000e+00
      1.327      0.050   -79.6273    12.3716    149.793 9.8868e+01     15.410     39.350  39.049610     3.6285     2.9328    24.7824   997.1273      1.883      1.299 0.0000e+00
      1.345      0.051   -78.0095    12.4963    148.642 9.7073e+01     15.410     39.307  38.964510     3.7269     2.9552    24.7703   997.1304      1.912      1.319 0.0000e+00
      1.363      0.052   -75.8949    12.5622    148.063 9.5853e+01     15.411     39.235  38.854848     3.8876     2.9582    24.7399   997.1381      1.943      1.340 0.0000e+00
      1.375      0.052   -74.1931    12.5535    148.332 9.5167e+01     15.413     39.157  38.739104     3.9597     2.9349    24.6779   997.1538      1.958      1.349 0.0000e+00
      1.383      0.051   -73.0061    12.4757    149.153 9.4146e+01     15.415     39.102  38.643927     3.9504     2.9484    24.6076   997.1717      1.964      1.353 0.0000e+00
      1.395      0.048   -72.3846    12.3599    150.046 9.2775e+01     15.416     39.093  38.592533     3.9566     3.2247    24.5548   997.1851      1.983      1.367 0.0000e+00
      1.410      0.047   -72.1848    12.3146    150.616 9.1485e+01     15.417     39.103  38.561913     3.9682     3.6667    24.5126   997.1957      2.006      1.383 0.0000e+00
      1.424      0.047   -71.4506    12.3624    150.838 9.0401e+01     15.419     39.103  38.527494     3.9667     3.8635    24.4611   997.2086      2.026      1.396 0.0000e+00
      1.435      0.046   -70.4768    12.4554    150.778 8.9597e+01     15.421     39.098  38.493662     3.9661     3.8182    24.4081   997.2220      2.043      1.408 0.0000e+00
      1.445      0.045   -70.0470    12.5602    150.353 8.8740e+01     15.421     39.098  38.470139     4.0284     3.8061    24.3540   997.2355      2.054      1.417 0.0000e+00
      1.456      0.043   -69.6954    12.6174    149.654 8.7784e+01     15.421     39.080  38.433443     4.1577     3.8890    24.2983   997.2495      2.070      1.428 0.0000e+00
      1.466      0.043   -68.9790    12.6397    148.892 8.6937e+01     15.422     39.035  38.367271     4.2326     3.9276    24.2554   997.2603      2.086      1.439 0.0000e+00
      1.477      0.043   -67.6665    12.6533    148.205 8.5981e+01     15.423     39.000  38.304680     4.2374     3.8953    24.2196   997.2692      2.100      1.448 0.0000e+00
      1.489      0.042   -65.9566    12.6184    147.644 8.4958e+01     15.424     38.975  38.247805     4.2252     3.8753    24.1891   997.2769      2.118      1.460 0.0000e+00
      1.501      0.042   -64.2226    12.5574    147.181 8.4033e+01     15.425     38.948  38.187274     4.1704     4.0988    24.1675   997.2823      2.135      1.472 0.0000e+00
      1.511      0.041   -62.3597    12.4967    146.850 8.3222e+01     15.426     38.933  38.143934     4.0894     4.5720    24.1411   997.2888      2.149      1.482 0.0000e+00
      1.520      0.038   -60.4682    12.4443    146.830 8.2510e+01     15.427     38.917  38.104520     4.0381     4.8249    24.1060   997.2975      2.162      1.491 0.0000e+00
      1.530      0.034   -58.9912    12.4104    147.305 8.1635e+01     15.427     38.928  38.091481     4.0271     4.7869    24.0625   997.3083      2.175      1.499 0.0000e+00
      1.540      0.029   -57.9229    12.3817    148.191 8.0768e+01     15.428     38.972  38.113166     4.0515     4.7310    24.0155   997.3199      2.191      1.511 0.0000e+00
      1.547      0.025   -57.9623    12.3570    149.157 8.0334e+01     15.429     38.986  38.112831     4.0854     4.7666    23.9775   997.3294      2.205      1.519 0.0000e+00
      1.552      0.021   -60.3282    12.3526    149.840 8.0067e+01     15.429     38.967  38.087411     4.1028     4.8403    23.9513   997.3359      2.208      1.522 0.0000e+00
      1.555      0.018   -63.1255    12.4026    149.995 7.9660e+01     15.429     38.947  38.059664     4.0993     4.8318    23.9196   997.3437      2.211      1.524 0.0000e+00
