Data/DataNotYetUploadedToEDI/Raw_CTD/RawDownloads/072621_fcr_50_sit_anoxic.cnv
* Sea-Bird SBE19plus  Data File:
* FileName = C:\R\Reservoirs\Data\DataNotYetUploadedToEDI\Raw_CTD\RawDownloads\072621_bvr_50_0003.hex
* Software version 2.8.0.119
* Temperature SN = 7809
* Conductivity SN = 7809
* System UpLoad Time = Jul 26 2021 15:18:58
* <ApplicationData>
* <Seaterm232>
# nquan = 16
# nvalues = 4747                        
# units = specified
# name 0 = depFM: Depth [fresh water, m]
# name 1 = dz/dtM: Descent Rate [m/s]
# name 2 = orp: Oxidation Reduction Potential [mV]
# name 3 = sbeox0Mg/L: Oxygen, SBE 43 [mg/l]
# name 4 = sbeox0PS: Oxygen, SBE 43 [% saturation]
# name 5 = par/sat/log: PAR/Logarithmic, Satlantic
# name 6 = ph: pH
# name 7 = specc: Specific Conductance [uS/cm]
# name 8 = c0uS/cm: Conductivity [uS/cm]
# name 9 = flECO-AFL: Fluorescence, WET Labs ECO-AFL/FL [mg/m^3]
# name 10 = turbWETntu0: Turbidity, WET Labs ECO [NTU]
# name 11 = tv290C: Temperature [ITS-90, deg C]
# name 12 = density00: Density [density, kg/m^3]
# name 13 = prdE: Pressure, Strain Gauge [psi]
# name 14 = prdM: Pressure, Strain Gauge [db]
# name 15 = flag:  0.000e+00
# span 0 =     -0.653,      6.582       
# span 1 =     -9.008,      8.940       
# span 2 =   -75.1116,   249.6927       
# span 3 =     1.2678,     9.0629       
# span 4 =     13.541,    112.078       
# span 5 = 1.2338e-01, 3.9454e+02       
# span 6 =     15.270,     15.819       
# span 7 =      1.207,     73.278       
# span 8 =   1.138125,  51.044590       
# span 9 =    -1.0126,    23.0848       
# span 10 =    -0.3636,   129.0216      
# span 11 =     9.8137,    27.8419      
# span 12 =   996.2991,   999.7765      
# span 13 =     -0.930,      9.362      
# span 14 =     -0.642,      6.455      
# span 15 = 0.0000e+00, 0.0000e+00      
# interval = seconds: 0.25
# start_time = Jul 25 2021 23:44:08 [Instrument's time stamp, header]
# bad_flag = -9.990e-29
*END*
[from data line 3436]
      6.573 -1.067e-38   -30.9134     2.1622     19.193 1.2372e-01     15.778     69.968  48.759806     0.9893     1.3690     9.8421   999.7730      9.349      6.446 0.0000e+00
      6.573 -1.174e-37   -30.8997     2.1785     19.133 1.2370e-01     15.778     69.978  48.766620     0.9759     1.3156     9.8423   999.7729      9.349      6.446 0.0000e+00
      6.573 -1.292e-36   -30.8521     2.1862     19.088 1.2366e-01     15.778     69.985  48.771929     0.9740     1.3067     9.8424   999.7729      9.349      6.446 0.0000e+00
      6.573 -1.421e-35   -30.8541     2.1817     19.078 1.2369e-01     15.778     69.969  48.760487     0.9857     1.2959     9.8422   999.7730      9.349      6.446 0.0000e+00
      6.573 -1.563e-34   -31.0089     2.1739     19.089 1.2376e-01     15.778     69.962  48.755282     0.9930     1.2883     9.8422   999.7730      9.350      6.447 0.0000e+00
      6.573 -1.719e-33   -31.3478     2.1671     19.104 1.2374e-01     15.778     69.986  48.772496     0.9863     1.3174     9.8421   999.7730      9.349      6.446 0.0000e+00
      6.573 -1.891e-32   -31.5103     2.1602     19.112 1.2372e-01     15.779     69.994  48.778112     0.9706     1.3049     9.8420   999.7730      9.349      6.446 0.0000e+00
      6.573 -2.081e-31   -31.3383     2.1600     19.111 1.2377e-01     15.779     69.967  48.759687     0.9659     1.3093     9.8420   999.7730      9.349      6.446 0.0000e+00
      6.573 -2.289e-30   -31.2481     2.1631     19.152 1.2380e-01     15.778     69.939  48.740221     0.9769     1.3694     9.8422   999.7730      9.349      6.446 0.0000e+00
      6.573 -2.517e-29   -31.4514     2.1631     19.208 1.2375e-01     15.777     69.929  48.733261     0.9895     1.4135     9.8421   999.7730      9.349      6.446 0.0000e+00
      6.573 -2.769e-28   -31.6456     2.1677     19.205 1.2366e-01     15.777     69.938  48.739034     0.9848     1.3967     9.8420   999.7730      9.349      6.446 0.0000e+00
      6.573 -3.046e-27   -31.6171     2.1615     19.197 1.2361e-01     15.778     69.948  48.746519     0.9679     1.3384     9.8422   999.7730      9.349      6.446 0.0000e+00
      6.573 -3.351e-26   -31.4509     2.1672     19.189 1.2364e-01     15.779     69.968  48.760259     0.9852     1.3263     9.8424   999.7729      9.349      6.446 0.0000e+00
      6.574 -3.686e-25   -31.4432     2.1818     19.109 1.2367e-01     15.779     69.993  48.778154     1.0409     1.3536     9.8423   999.7729      9.350      6.447 0.0000e+00
      6.574 -4.054e-24   -31.6102     2.1742     19.019 1.2367e-01     15.778     69.985  48.772386     1.0695     1.3596     9.8421   999.7730      9.350      6.447 0.0000e+00
      6.573 -4.460e-23   -31.7489     2.1726     19.016 1.2366e-01     15.778     69.958  48.754023     1.0543     1.3299     9.8423   999.7729      9.348      6.446 0.0000e+00
      6.573 -4.906e-22   -31.8296     2.1795     19.077 1.2367e-01     15.779     69.948  48.746633     1.0386     1.3034     9.8423   999.7729      9.349      6.446 0.0000e+00
      6.573 -5.396e-21   -31.8118     2.1654     19.164 1.2371e-01     15.779     69.948  48.746528     1.0420     1.3487     9.8422   999.7730      9.349      6.446 0.0000e+00
      6.573 -5.936e-20   -31.7063     2.1482     19.217 1.2374e-01     15.778     69.957  48.752765     1.0480     1.3969     9.8424   999.7729      9.349      6.446 0.0000e+00
      6.573 -6.530e-19   -31.5856     2.1528     19.174 1.2375e-01     15.778     69.965  48.758537     1.0539     1.3708     9.8424   999.7729      9.349      6.446 0.0000e+00
      6.573 -7.183e-18   -31.5574     2.1595     19.109 1.2375e-01     15.779     69.957  48.752817     1.0551     1.3428     9.8426   999.7729      9.348      6.446 0.0000e+00
      6.573 -7.901e-17   -31.6237     2.1709     19.097 1.2371e-01     15.779     69.949  48.747101     1.0346     1.3324     9.8425   999.7729      9.348      6.446 0.0000e+00
      6.573 -8.691e-16   -31.5262     2.1838     19.118 1.2364e-01     15.779     69.957  48.752930     1.0158     1.3140     9.8423   999.7729      9.349      6.446 0.0000e+00
      6.573 -9.560e-15   -31.3247     2.1722     19.165 1.2356e-01     15.779     69.967  48.759796     1.0190     1.3268     9.8424   999.7729      9.349      6.446 0.0000e+00
      6.573 -1.052e-13   -31.3389     2.1605     19.199 1.2354e-01     15.780     69.977  48.766619     1.0256     1.3493     9.8423   999.7729      9.349      6.446 0.0000e+00
      6.573 -1.157e-12   -31.4397     2.1638     19.202 1.2358e-01     15.780     69.985  48.771919     1.0091     1.3451     9.8424   999.7729      9.349      6.446 0.0000e+00
      6.573 -1.272e-11   -31.5111     2.1632     19.236 1.2363e-01     15.779     69.968  48.760374     0.9825     1.3455     9.8424   999.7729      9.349      6.446 0.0000e+00
      6.573 -1.400e-10   -31.5135     2.1712     19.259 1.2367e-01     15.778     69.959  48.754034     0.9705     1.3538     9.8425   999.7729      9.349      6.446 0.0000e+00
      6.573 -1.540e-09   -31.2969     2.1791     19.243 1.2368e-01     15.778     69.966  48.758765     0.9680     1.4108     9.8426   999.7729      9.348      6.445 0.0000e+00
      6.573 -1.694e-08   -31.0444     2.1705     19.219 1.2367e-01     15.777     69.959  48.754084     0.9711     1.5195     9.8423   999.7730      9.348      6.446 0.0000e+00
      6.572 -1.863e-07   -31.0405     2.1803     19.139 1.2366e-01     15.777     69.969  48.760935     0.9702     1.5694     9.8423   999.7729      9.348      6.445 0.0000e+00
      6.572 -1.863e-07   -31.2498     2.1851     19.054 1.2364e-01     15.778     69.993  48.778091     0.9671     1.5675     9.8426   999.7729      9.348      6.445 0.0000e+00
      6.572 -1.693e-08   -31.3381     2.1768     19.052 1.2368e-01     15.779     69.982  48.771019     0.9721     1.5310     9.8427   999.7729      9.348      6.445 0.0000e+00
      6.573 -1.539e-09   -31.2474     2.1818     19.088 1.2374e-01     15.778     69.936  48.738920     1.0111     1.4382     9.8426   999.7729      9.348      6.445 0.0000e+00
      6.573 -1.400e-10   -31.1854     2.1695     19.129 1.2375e-01     15.778     69.892  48.707492     1.0866     1.3719     9.8426   999.7729      9.349      6.446 0.0000e+00
      6.573 -1.272e-11   -31.1915     2.1513     19.169 1.2376e-01     15.779     69.894  48.708533     1.1212     1.3476     9.8427   999.7729      9.349      6.446 0.0000e+00
      6.573 -1.157e-12   -31.3212     2.1586     19.216 1.2376e-01     15.779     69.955  48.751506     1.1055     1.3159     9.8428   999.7729      9.348      6.445 0.0000e+00
      6.573 -1.052e-13   -31.4626     2.1619     19.276 1.2369e-01     15.780     70.000  48.782563     1.0971     1.2971     9.8428   999.7729      9.349      6.446 0.0000e+00
      6.573 -9.560e-15   -31.4386     2.1664     19.272 1.2362e-01     15.780     69.976  48.766545     1.1049     1.2922     9.8428   999.7729      9.348      6.445 0.0000e+00
      6.573 -8.690e-16   -31.3752     2.1728     19.205 1.2365e-01     15.779     69.950  48.748339     1.1236     1.2916     9.8425   999.7729      9.348      6.445 0.0000e+00
      6.573 -7.900e-17   -31.4698     2.1729     19.138 1.2369e-01     15.778     69.957  48.752929     1.1333     1.3245     9.8425   999.7729      9.348      6.445 0.0000e+00
      6.573 -7.175e-18   -31.7230     2.1887     19.102 1.2369e-01     15.779     69.965  48.758547     1.1082     1.3462     9.8426   999.7730      9.349      6.446 0.0000e+00
      6.573 -5.936e-19   -31.8546     2.1859     19.085 1.2370e-01     15.779     69.956  48.752765     1.0680     1.3477     9.8426   999.7729      9.348      6.445 0.0000e+00
      6.573 5.9349e-19   -31.6845     2.1744     19.052 1.2369e-01     15.778     69.947  48.746518     1.0475     1.3767     9.8427   999.7729      9.349      6.446 0.0000e+00
      6.573 7.1758e-18   -31.4732     2.1676     19.073 1.2366e-01     15.777     69.947  48.746518     1.0419     1.3885     9.8426   999.7729      9.349      6.446 0.0000e+00
      6.573 7.8993e-17   -31.6230     2.1608     19.193 1.2366e-01     15.777     69.956  48.752763     1.0378     1.4217     9.8428   999.7729      9.349      6.446 0.0000e+00
      6.573 8.6893e-16   -31.9467     2.1655     19.331 1.2372e-01     15.778     69.964  48.758532     1.0361     1.5029     9.8429   999.7729      9.349      6.446 0.0000e+00
      6.573 9.5582e-15   -32.0313     2.1556     19.371 1.2376e-01     15.779     69.956  48.752764     1.0311     1.5465     9.8430   999.7729      9.348      6.445 0.0000e+00
      6.573 1.0514e-13   -31.9583     2.1541     19.264 1.2371e-01     15.779     69.947  48.746518     1.0346     1.5712     9.8432   999.7729      9.348      6.445 0.0000e+00
      6.573 1.1565e-12   -31.8379     2.1748     19.153 1.2366e-01     15.779     69.947  48.746518     1.0302     1.5273     9.8429   999.7729      9.348      6.445 0.0000e+00
      6.573 1.2722e-11   -31.7805     2.1918     19.142 1.2367e-01     15.779     69.956  48.752765     0.9969     1.3933     9.8428   999.7729      9.349      6.446 0.0000e+00
      6.573 1.3994e-10   -31.8666     2.2049     19.181 1.2370e-01     15.779     69.964  48.758547     0.9758     1.3238     9.8430   999.7729      9.348      6.445 0.0000e+00
      6.573 1.5394e-09   -31.9320     2.1810     19.240 1.2375e-01     15.779     69.956  48.752931     0.9743     1.3392     9.8430   999.7729      9.349      6.446 0.0000e+00
      6.573 1.6933e-08   -31.9686     2.1622     19.266 1.2379e-01     15.779     69.950  48.748351     0.9796     1.3738     9.8429   999.7729      9.350      6.447 0.0000e+00
      6.573 1.8626e-07   -31.9653     2.1693     19.241 1.2376e-01     15.780     69.976  48.766671     0.9911     1.3992     9.8430   999.7729      9.349      6.446 0.0000e+00
      6.573 1.8613e-07   -31.8923     2.1693     19.186 1.2373e-01     15.780     70.001  48.783937     0.9997     1.4056     9.8429   999.7729      9.350      6.446 0.0000e+00
      6.573 1.5382e-08   -31.9463     2.1831     19.154 1.2369e-01     15.779     69.976  48.766619     0.9981     1.3831     9.8429   999.7729      9.349      6.446 0.0000e+00
      6.573 -1.400e-10   -32.1024     2.1834     19.144 1.2365e-01     15.777     69.948  48.747777     0.9806     1.3327     9.8430   999.7729      9.349      6.446 0.0000e+00
      6.573 -1.540e-09   -32.1453     2.1825     19.155 1.2368e-01     15.777     69.947  48.746621     0.9702     1.3457     9.8430   999.7729      9.348      6.445 0.0000e+00
      6.573 -1.694e-08   -31.9479     2.1708     19.203 1.2369e-01     15.778     69.956  48.752649     0.9772     1.4024     9.8428   999.7729      9.349      6.446 0.0000e+00
      6.573 -1.863e-07   -31.6953     2.1681     19.220 1.2365e-01     15.778     69.962  48.757164     0.9787     1.4011     9.8428   999.7729      9.348      6.445 0.0000e+00
      6.573 -1.863e-07   -31.7574     2.1709     19.266 1.2362e-01     15.778     69.934  48.737700     0.9697     1.3640     9.8428   999.7729      9.348      6.445 0.0000e+00
      6.573 -1.693e-08   -32.0110     2.1629     19.320 1.2364e-01     15.777     69.891  48.707825     0.9724     1.3654     9.8428   999.7729      9.348      6.445 0.0000e+00
      6.573 -1.539e-09   -32.0085     2.1824     19.294 1.2370e-01     15.777     69.900  48.713445     0.9831     1.4180     9.8429   999.7729      9.349      6.446 0.0000e+00
      6.572 -1.400e-10   -31.8126     2.1731     19.262 1.2373e-01     15.777     69.941  48.742152     0.9849     1.4512     9.8430   999.7729      9.348      6.445 0.0000e+00
      6.572 -1.272e-11   -31.7938     2.1791     19.189 1.2376e-01     15.777     69.934  48.737420     0.9943     1.4237     9.8429   999.7729      9.348      6.445 0.0000e+00
      6.573 -1.157e-12   -31.8670     2.1984     19.119 1.2376e-01     15.777     69.909  48.719733     1.0117     1.3599     9.8427   999.7729      9.349      6.446 0.0000e+00
      6.573 -1.052e-13   -31.8374     2.1797     19.164 1.2371e-01     15.777     69.908  48.718797     1.0327     1.3318     9.8429   999.7729      9.349      6.446 0.0000e+00
      6.573 -9.560e-15   -31.7802     2.1862     19.239 1.2365e-01     15.778     69.918  48.726103     1.0473     1.3584     9.8430   999.7729      9.349      6.446 0.0000e+00
      6.572 -8.690e-16   -31.6920     2.1763     19.311 1.2365e-01     15.779     69.944  48.744566     1.0460     1.3719     9.8427   999.7729      9.348      6.445 0.0000e+00
      6.572 -7.900e-17   -31.5460     2.1545     19.335 1.2371e-01     15.779     69.954  48.751535     1.0454     1.3580     9.8426   999.7729      9.348      6.445 0.0000e+00
      6.572 -7.180e-18   -31.4765     2.1744     19.291 1.2372e-01     15.779     69.947  48.746851     1.0401     1.3280     9.8428   999.7729      9.348      6.445 0.0000e+00
      6.573 -6.530e-19   -31.5400     2.1774     19.270 1.2367e-01     15.779     69.954  48.751431     1.0296     1.2839     9.8429   999.7729      9.349      6.446 0.0000e+00
      6.573 -5.935e-20   -31.6262     2.1886     19.218 1.2365e-01     15.779     69.942  48.743411     1.0236     1.2717     9.8429   999.7729      9.349      6.446 0.0000e+00
      6.573 -5.395e-21   -31.6584     2.1976     19.152 1.2368e-01     15.778     69.899  48.713393     1.0147     1.3182     9.8430   999.7729      9.349      6.446 0.0000e+00
      6.572 -4.905e-22   -31.6708     2.1785     19.183 1.2376e-01     15.778     69.888  48.705992     0.9991     1.3643     9.8429   999.7729      9.348      6.445 0.0000e+00
      6.572 -4.459e-23   -31.6041     2.1871     19.295 1.2374e-01     15.778     69.905  48.717424     0.9773     1.3491     9.8431   999.7729      9.348      6.445 0.0000e+00
      6.572 -4.054e-24   -31.6257     2.1790     19.377 1.2363e-01     15.778     69.915  48.724614     0.9610     1.3059     9.8431   999.7729      9.349      6.446 0.0000e+00
      6.572 -3.686e-25   -31.9321     2.1627     19.332 1.2360e-01     15.778     69.921  48.729427     0.9644     1.3231     9.8430   999.7729      9.348      6.445 0.0000e+00
      6.572 -3.351e-26   -32.1260     2.1699     19.199 1.2366e-01     15.778     69.896  48.712121     0.9701     1.3855     9.8432   999.7728      9.349      6.446 0.0000e+00
      6.572 -3.046e-27   -31.9907     2.1862     19.139 1.2373e-01     15.778     69.887  48.705876     0.9626     1.3730     9.8434   999.7728      9.348      6.445 0.0000e+00
      6.572 -2.769e-28   -31.8450     2.2018     19.204 1.2376e-01     15.778     69.904  48.717414     0.9598     1.3090     9.8436   999.7728      9.349      6.446 0.0000e+00
      6.572 -2.517e-29   -31.9993     2.1949     19.263 1.2371e-01     15.778     69.915  48.724614     0.9652     1.2991     9.8436   999.7728      9.348      6.445 0.0000e+00
      6.572 -2.289e-30   -32.2213     2.1707     19.259 1.2361e-01     15.778     69.922  48.729441     0.9895     1.3563     9.8437   999.7728      9.348      6.445 0.0000e+00
      6.572 -2.080e-31   -32.2065     2.1592     19.229 1.2360e-01     15.778     69.897  48.712278     1.0344     1.4165     9.8435   999.7728      9.348      6.445 0.0000e+00
      6.572 -1.891e-32   -32.1636     2.1782     19.214 1.2367e-01     15.778     69.890  48.707595     1.0595     1.3747     9.8433   999.7729      9.349      6.446 0.0000e+00
      6.572 -1.719e-33   -32.2194     2.1857     19.249 1.2370e-01     15.778     69.932  48.736317     1.0648     1.2975     9.8434   999.7728      9.348      6.445 0.0000e+00
      6.572 -1.563e-34   -32.3649     2.1812     19.278 1.2375e-01     15.778     69.940  48.742047     1.0604     1.3074     9.8436   999.7728      9.348      6.445 0.0000e+00
      6.572 -1.421e-35   -32.4605     2.1794     19.252 1.2380e-01     15.778     69.899  48.713384     1.0442     1.3564     9.8434   999.7728      9.348      6.445 0.0000e+00
