Data/DataNotYetUploadedToEDI/Raw_CTD/RawDownloads/072621_fcr_50_0001.cnv
* Sea-Bird SBE19plus  Data File:
* FileName = C:\R\Reservoirs\Data\DataNotYetUploadedToEDI\Raw_CTD\RawDownloads\072621_bvr_50_0002.hex
* Software version 2.8.0.119
* Temperature SN = 7809
* Conductivity SN = 7809
* System UpLoad Time = Jul 26 2021 15:16:59
* <ApplicationData>
* <Seaterm232>
# nquan = 16
# nvalues = 938                         
# units = specified
# name 0 = depFM: Depth [fresh water, m]
# name 1 = dz/dtM: Descent Rate [m/s]
# name 2 = orp: Oxidation Reduction Potential [mV]
# name 3 = sbeox0Mg/L: Oxygen, SBE 43 [mg/l]
# name 4 = sbeox0PS: Oxygen, SBE 43 [% saturation]
# name 5 = par/sat/log: PAR/Logarithmic, Satlantic
# name 6 = ph: pH
# name 7 = specc: Specific Conductance [uS/cm]
# name 8 = c0uS/cm: Conductivity [uS/cm]
# name 9 = flECO-AFL: Fluorescence, WET Labs ECO-AFL/FL [mg/m^3]
# name 10 = turbWETntu0: Turbidity, WET Labs ECO [NTU]
# name 11 = tv290C: Temperature [ITS-90, deg C]
# name 12 = density00: Density [density, kg/m^3]
# name 13 = prdE: Pressure, Strain Gauge [psi]
# name 14 = prdM: Pressure, Strain Gauge [db]
# name 15 = flag:  0.000e+00
# span 0 =     -0.649,      9.525       
# span 1 =     -0.607,      0.220       
# span 2 = -1199.7976,   294.5671       
# span 3 =     1.0959,    12.6736       
# span 4 =      9.729,    150.993       
# span 5 = 1.2322e-01, 4.9973e+02       
# span 6 =     15.166,     15.814       
# span 7 =      0.845,    236.383       
# span 8 =   0.984280, 164.178932       
# span 9 =    -1.0523,    56.6359       
# span 10 =    -0.4454,   114.8599      
# span 11 =     9.6069,    33.2311      
# span 12 =   994.6366,   999.8621      
# span 13 =     -0.924,     13.547      
# span 14 =     -0.637,      9.341      
# span 15 = 0.0000e+00, 0.0000e+00      
# interval = seconds: 0.25
# start_time = Jul 25 2021 23:31:11 [Instrument's time stamp, header]
# bad_flag = -9.990e-29
*END*
     -0.649 -8.630e-20 -1155.4953     7.4461    104.110 4.9973e+02     15.166      0.845   0.984280    -0.9170    -0.1402    33.2266   994.6380     -0.923     -0.636 0.0000e+00
     -0.649 -7.845e-21 -1163.0761     7.4460    104.095 4.8142e+02     15.172      0.849   0.988790    -0.9213    -0.1402    33.2268   994.6380     -0.923     -0.636 0.0000e+00
     -0.649 -7.125e-22 -1172.5024     7.4475    104.095 4.5431e+02     15.175      0.901   1.048897    -0.9280    -0.1452    33.2285   994.6374     -0.923     -0.636 0.0000e+00
     -0.649 -5.876e-23 -1174.5659     7.4525    104.088 4.2715e+02     15.177      0.980   1.140923    -0.9316    -0.2359    33.2304   994.6368     -0.923     -0.636 0.0000e+00
     -0.649 6.1048e-23 -1175.7219     7.4495    104.093 3.9960e+02     15.178      1.043   1.214637    -0.9161    -0.3097    33.2311   994.6366     -0.922     -0.636 0.0000e+00
     -0.649 7.3584e-22 -1181.2309     7.4473    104.103 3.7872e+02     15.177      1.068   1.243354    -0.9039    -0.3166    33.2301   994.6369     -0.923     -0.636 0.0000e+00
     -0.649 8.1001e-21 -1186.1099     7.4501    104.108 3.6561e+02     15.175      1.060   1.234759    -0.9172    -0.3195    33.2291   994.6372     -0.924     -0.637 0.0000e+00
     -0.649 8.9101e-20 -1187.3058     7.4471    104.133 3.5770e+02     15.175      1.062   1.237402    -0.9338    -0.3449    33.2292   994.6372     -0.923     -0.636 0.0000e+00
     -0.649 9.8012e-19 -1186.3127     7.4481    104.135 3.5965e+02     15.176      1.095   1.275317    -0.9331    -0.3838    33.2295   994.6371     -0.922     -0.636 0.0000e+00
     -0.649 1.0781e-17 -1186.4915     7.4506    104.105 3.6498e+02     15.177      1.127   1.313107    -0.9278    -0.4118    33.2296   994.6370     -0.923     -0.636 0.0000e+00
     -0.648 1.1859e-16 -1188.6075     7.4475    104.131 3.7368e+02     15.179      1.128   1.314240    -0.9265    -0.4079    33.2292   994.6372     -0.922     -0.636 0.0000e+00
     -0.648 1.3045e-15 -1190.5601     7.4523    104.181 3.8643e+02     15.181      1.107   1.289015    -0.9182    -0.4049    33.2286   994.6374     -0.922     -0.636 0.0000e+00
     -0.648 1.4350e-14 -1191.3438     7.4542    104.178 3.9237e+02     15.181      1.083   1.261497    -0.9039    -0.3766    33.2281   994.6375     -0.923     -0.636 0.0000e+00
     -0.648 1.5785e-13 -1191.1128     7.4465    104.159 3.9277e+02     15.181      1.060   1.234912    -0.8963    -0.3059    33.2274   994.6378     -0.922     -0.636 0.0000e+00
     -0.649 2.8939e-13 -1190.6930     7.4503    104.146 3.9453e+02     15.181      1.048   1.220952    -0.9028    -0.3046    33.2268   994.6380     -0.923     -0.636 0.0000e+00
     -0.649 1.5784e-13 -1190.6558     7.4587    104.154 3.9947e+02     15.181      1.047   1.219399    -0.9151    -0.3269    33.2263   994.6381     -0.923     -0.636 0.0000e+00
     -0.649 1.4350e-14 -1190.8349     7.4542    104.186 4.0643e+02     15.181      1.044   1.216143    -0.9122    -0.3009    33.2261   994.6382     -0.922     -0.636 0.0000e+00
     -0.649 1.3052e-15 -1191.1384     7.4537    104.192 4.0824e+02     15.181      1.015   1.181582    -0.8957    -0.2990    33.2263   994.6381     -0.923     -0.636 0.0000e+00
     -0.648 1.2653e-16 -1191.7438     7.4528    104.177 4.0530e+02     15.181      0.961   1.118250    -0.8972    -0.3392    33.2263   994.6381     -0.922     -0.636 0.0000e+00
     -0.648 9.8116e-17 -1192.5613     7.4511    104.151 4.0435e+02     15.181      0.931   1.083868    -0.9107    -0.3745    33.2261   994.6382     -0.922     -0.636 0.0000e+00
     -0.649 9.6166e-16 -1193.0222     7.4579    104.139 3.9468e+02     15.181      0.930   1.082596    -0.9067    -0.3480    33.2258   994.6383     -0.923     -0.636 0.0000e+00
     -0.649 1.0568e-14 -1192.9281     7.4559    104.172 3.6409e+02     15.181      0.947   1.102872    -0.9065    -0.3278    33.2255   994.6384     -0.923     -0.636 0.0000e+00
     -0.649 1.1624e-13 -1193.8331     7.4556    104.206 3.1450e+02     15.181      0.978   1.138987    -0.9175    -0.3706    33.2249   994.6386     -0.922     -0.636 0.0000e+00
     -0.649 1.2787e-12 -1195.8756     7.4535    104.210 2.4949e+02     15.181      0.978   1.139183    -0.9157    -0.3851    33.2247   994.6387     -0.923     -0.636 0.0000e+00
     -0.649 1.4065e-11 -1196.8027     7.4500    104.193 1.8887e+02     15.180      0.949   1.105240    -0.9134    -0.3652    33.2250   994.6385     -0.923     -0.636 0.0000e+00
     -0.648 1.5472e-10 -1196.6971     7.4556    104.185 1.5473e+02     15.179      0.952   1.108656    -0.9181    -0.3704    33.2243   994.6388     -0.922     -0.636 0.0000e+00
     -0.648 1.7019e-09 -1196.5774     7.4580    104.195 1.3998e+02     15.179      0.959   1.117144    -0.9248    -0.4139    33.2240   994.6389     -0.922     -0.635 0.0000e+00
     -0.648 1.8721e-08 -1196.7319     7.4585    104.210 1.3507e+02     15.179      0.928   1.081183    -0.9371    -0.4454    33.2248   994.6386     -0.922     -0.635 0.0000e+00
     -0.648 2.0593e-07 -1198.3076     7.4556    104.216 1.4269e+02     15.179      0.905   1.053922    -0.9432    -0.4069    33.2251   994.6385     -0.922     -0.635 0.0000e+00
     -0.648      0.000 -1199.7976     7.4550    104.199 1.5855e+02     15.179      0.894   1.040922    -0.9410    -0.3611    33.2252   994.6385     -0.922     -0.636 0.0000e+00
     -0.648      0.000 -1196.5933     7.4565    104.186 1.7622e+02     15.180      0.902   1.050688    -0.9394    -0.3722    33.2251   994.6385     -0.922     -0.635 0.0000e+00
     -0.648      0.000 -1175.2237     7.4571    104.187 1.9872e+02     15.185      1.007   1.172008    -0.9338    -0.3692    33.2253   994.6385     -0.921     -0.635 0.0000e+00
     -0.648      0.003  -976.5232     7.4592    104.206 2.2742e+02     15.237      1.941   2.254402    -0.9305    -0.3594    33.2260   994.6383     -0.922     -0.635 0.0000e+00
     -0.648      0.013  -611.3586     7.4559    104.243 2.5356e+02     15.325      6.864   7.929557    -0.9377    -0.3914    33.2256   994.6385     -0.923     -0.636 0.0000e+00
     -0.648      0.035  -387.8084     7.4555    104.312 2.7206e+02     15.350     17.677  20.232487    -0.9344    -0.3089    33.2247   994.6386     -0.921     -0.635 0.0000e+00
     -0.647      0.068  -323.1374     7.4556    104.473 2.9046e+02     15.309     29.353  33.220657    -0.9006     0.5346    33.2237   994.6391     -0.922     -0.635 0.0000e+00
     -0.638      0.108  -292.0604     7.4562    104.697 3.1411e+02     15.268     36.005  40.284063    -0.7478     9.5674    33.2254   994.6383     -0.920     -0.634 0.0000e+00
     -0.607      0.149  -289.7082     7.4611    104.902 3.3951e+02     15.256     38.007  42.061364    -0.5085    26.1292    33.2199   994.6408     -0.877     -0.605 0.0000e+00
     -0.552      0.184  -295.2133     7.5201    105.093 3.6420e+02     15.271     38.503  42.142748    -0.3905    35.0573    32.7513   994.7971     -0.792     -0.547 0.0000e+00
     -0.484      0.209  -296.7607     7.6624    105.372 3.8598e+02     15.288     38.923  42.155972    -0.3424    35.1181    31.7429   995.1252     -0.688     -0.475 0.0000e+00
     -0.417      0.220  -294.6505     7.7909    105.885 3.9968e+02     15.294     39.309  42.220521     0.0445    26.7609    30.9184   995.3860     -0.586     -0.403 0.0000e+00
     -0.358      0.215  -291.9838     7.8815    106.568 4.0750e+02     15.298     39.590  42.287876     0.8069    11.1909    30.3452   995.5623     -0.507     -0.350 0.0000e+00
     -0.305      0.196  -289.8135     7.9812    107.222 4.1702e+02     15.303     39.767  42.335224     1.3417     2.6656    29.7168   995.7525     -0.433     -0.298 0.0000e+00
     -0.255      0.169  -288.9726     8.0805    107.737 4.2920e+02     15.306     39.910  42.411928     1.4662     1.8915    29.0990   995.9361     -0.359     -0.247 0.0000e+00
     -0.213      0.139  -288.6136     8.1882    108.036 4.4006e+02     15.308     40.041  42.516930     1.4824     1.8660    28.6399   996.0705     -0.299     -0.206 0.0000e+00
     -0.180      0.108  -287.5377     8.2905    108.146 4.4712e+02     15.311     40.131  42.589110     1.5369     1.9102    28.3636   996.1504     -0.252     -0.174 0.0000e+00
     -0.156      0.078  -286.3748     8.3655    108.132 4.5087e+02     15.314     40.205  42.649841     1.6304     1.9112    28.1931   996.1994     -0.217     -0.149 0.0000e+00
     -0.142      0.051  -285.4798     8.4240    108.000 4.5232e+02     15.314     40.243  42.679902     1.6875     1.8784    28.1065   996.2242     -0.196     -0.136 0.0000e+00
     -0.139      0.028  -284.3746     8.4480    107.750 4.5276e+02     15.314     40.208  42.635169     1.6834     1.8224    28.0849   996.2304     -0.196     -0.135 0.0000e+00
     -0.140      0.013  -283.5076     8.4580    107.486 4.5347e+02     15.314     40.135  42.553309     1.6571     1.7840    28.0553   996.2388     -0.200     -0.137 0.0000e+00
     -0.141      0.003  -283.2576     8.4631    107.151 4.5392e+02     15.315     40.035  42.451854     1.6364     1.7913    28.0272   996.2469     -0.199     -0.138 0.0000e+00
     -0.141     -0.001  -283.0730     8.4516    105.921 4.5381e+02     15.315     39.932  42.360655     1.6229     1.8086    28.0202   996.2489     -0.200     -0.138 0.0000e+00
     -0.142     -0.001  -282.3084     8.4365    103.793 4.5408e+02     15.314     39.887  42.339342     1.6090     1.7870    28.0110   996.2514     -0.202     -0.139 0.0000e+00
     -0.142      0.000  -281.2397     8.4002    102.245 4.5471e+02     15.313     39.902  42.384637     1.5635     1.7705    28.0033   996.2536     -0.203     -0.140 0.0000e+00
     -0.142      0.001  -280.3033     8.4154    101.880 4.5570e+02     15.312     39.949  42.464022     1.5020     1.8150    28.0043   996.2533     -0.202     -0.139 0.0000e+00
     -0.141      0.001  -279.2468     8.3332    102.023 4.5746e+02     15.311     39.994  42.537502     1.4850     1.8439    28.0293   996.2462     -0.203     -0.140 0.0000e+00
     -0.140      0.000  -278.4465     8.0804    101.606 4.5955e+02     15.309     40.009  42.574868     1.4917     1.8446    28.0661   996.2357     -0.198     -0.137 0.0000e+00
     -0.139     -0.001  -278.0260     7.9486     99.935 4.6149e+02     15.309     40.011  42.598455     1.4687     1.8585    28.1039   996.2250     -0.196     -0.135 0.0000e+00
     -0.139     -0.003  -277.0015     7.9392     97.699 4.6267e+02     15.308     40.018  42.632285     1.4265     1.8398    28.1425   996.2140     -0.197     -0.136 0.0000e+00
     -0.141     -0.005  -275.4380     7.9735     96.249 4.6294e+02     15.307     40.021  42.666558     1.4102     1.8244    28.1746   996.2048     -0.199     -0.137 0.0000e+00
     -0.144     -0.006  -274.2641     7.9733     96.176 4.6277e+02     15.307     40.019  42.695515     1.4148     1.8789    28.1991   996.1978     -0.205     -0.141 0.0000e+00
     -0.148     -0.006  -273.9941     7.8111     97.098 4.6220e+02     15.306     40.028  42.728540     1.4156     1.9151    28.2236   996.1908     -0.211     -0.146 0.0000e+00
     -0.149     -0.005  -274.3245     7.5817     98.030 4.6139e+02     15.305     40.031  42.748508     1.4098     1.8504    28.2566   996.1814     -0.211     -0.146 0.0000e+00
     -0.149     -0.003  -274.5585     7.4508     98.118 4.6054e+02     15.305     40.017  42.746537     1.4018     1.7834    28.2990   996.1692     -0.211     -0.146 0.0000e+00
     -0.149     -0.001  -274.5010     7.4506     97.295 4.5972e+02     15.305     40.026  42.768211     1.4049     1.7919    28.3406   996.1573     -0.211     -0.146 0.0000e+00
     -0.149     -0.000  -274.3169     7.5496     95.984 4.5864e+02     15.304     40.063  42.820147     1.4184     1.8150    28.3705   996.1487     -0.212     -0.146 0.0000e+00
     -0.149 -4.320e-07  -274.0529     7.6511     94.596 4.5735e+02     15.304     40.094  42.866678     1.4610     1.8217    28.3888   996.1434     -0.212     -0.146 0.0000e+00
     -0.149     -0.000  -273.6323     7.6513     93.316 4.5645e+02     15.304     40.100  42.886492     1.5190     1.8051    28.4029   996.1393     -0.212     -0.146 0.0000e+00
     -0.149     -0.000  -273.1894     7.5719     92.153 4.5570e+02     15.304     40.075  42.869306     1.5389     1.7852    28.4184   996.1349     -0.212     -0.146 0.0000e+00
     -0.149     -0.001  -272.7419     7.4545     91.101 4.5516e+02     15.304     40.057  42.849338     1.5380     1.8224    28.4355   996.1299     -0.212     -0.146 0.0000e+00
     -0.149     -0.001  -272.0076     7.3407     90.204 4.5530e+02     15.304     40.052  42.835491     1.5560     1.8426    28.4519   996.1252     -0.212     -0.146 0.0000e+00
     -0.149     -0.001  -270.7650     7.2404     89.642 4.5585e+02     15.305     40.056  42.828823     1.5945     1.7899    28.4689   996.1204     -0.212     -0.146 0.0000e+00
     -0.150     -0.001  -269.2468     7.1482     89.754 4.5685e+02     15.306     40.063  42.832168     1.6222     1.7684    28.4846   996.1158     -0.213     -0.147 0.0000e+00
     -0.151     -0.001  -268.0193     7.0658     90.708 4.5821e+02     15.306     40.042  42.812455     1.6147     1.7885    28.4853   996.1156     -0.214     -0.148 0.0000e+00
     -0.151     -0.001  -267.1941     6.9951     92.258 4.5890e+02     15.305     40.005  42.780914     1.5893     1.8267    28.4683   996.1205     -0.215     -0.148 0.0000e+00
     -0.151     -0.001  -266.6690     6.9408     93.931 4.5888e+02     15.304     39.981  42.768216     1.5733     1.8523    28.4524   996.1251     -0.214     -0.148 0.0000e+00
     -0.150      0.000  -265.8864     6.9429     95.279 4.5904e+02     15.304     39.988  42.785904     1.5834     1.8235    28.4467   996.1267     -0.214     -0.147 0.0000e+00
     -0.150 -1.863e-08  -264.4433     7.0265     96.129 4.5952e+02     15.304     40.002  42.804355     1.5878     1.7875    28.4497   996.1258     -0.214     -0.147 0.0000e+00
     -0.151 -2.049e-07  -262.9867     7.1583     96.600 4.5979e+02     15.304     40.002  42.800877     1.5774     1.7608    28.4609   996.1226     -0.215     -0.148 0.0000e+00
     -0.151 -2.049e-07  -261.9547     7.3008     96.877 4.5966e+02     15.304     40.013  42.807328     1.6014     1.7743    28.4793   996.1172     -0.215     -0.148 0.0000e+00
     -0.151 -1.863e-08  -261.2577     7.4076     97.092 4.5931e+02     15.305     40.028  42.818870     1.6289     1.8140    28.4968   996.1123     -0.215     -0.148 0.0000e+00
     -0.151 -1.721e-09  -260.5817     7.4676     97.286 4.5882e+02     15.305     40.028  42.813470     1.6239     1.8285    28.5002   996.1113     -0.214     -0.147 0.0000e+00
     -0.151 -4.618e-10  -259.8045     7.4998     97.411 4.5855e+02     15.305     40.026  42.805502     1.6174     1.8125    28.4925   996.1134     -0.215     -0.148 0.0000e+00
     -0.151 -3.401e-09  -259.0876     7.5188     97.417 4.5867e+02     15.305     40.012  42.786000     1.6181     1.7922    28.4855   996.1155     -0.214     -0.148 0.0000e+00
     -0.151 -3.726e-08  -258.4534     7.5346     97.305 4.5894e+02     15.305     40.000  42.768091     1.6223     1.8242    28.4789   996.1174     -0.214     -0.148 0.0000e+00
     -0.151 -4.098e-07  -257.9865     7.5530     97.106 4.5891e+02     15.305     40.016  42.779396     1.6207     1.8554    28.4725   996.1193     -0.214     -0.148 0.0000e+00
     -0.151     -0.000  -257.6585     7.5653     96.881 4.5873e+02     15.305     40.036  42.795722     1.6087     1.8265    28.4656   996.1213     -0.215     -0.148 0.0000e+00
     -0.151     -0.000  -257.1547     7.5657     96.667 4.5904e+02     15.305     40.018  42.775048     1.6008     1.7838    28.4602   996.1228     -0.214     -0.148 0.0000e+00
     -0.151     -0.001  -256.3689     7.5576     96.467 4.5969e+02     15.305     39.966  42.719863     1.6017     1.7851    28.4560   996.1240     -0.214     -0.148 0.0000e+00
     -0.151     -0.001  -255.4705     7.5407     96.261 4.6009e+02     15.305     39.948  42.699778     1.6100     1.8421    28.4460   996.1269     -0.215     -0.148 0.0000e+00
