Data/DataNotYetUploadedToEDI/Raw_CTD/RawDownloads/072821_ccr_50_0001.cnv
* Sea-Bird SBE19plus  Data File:
* FileName = C:\R\Reservoirs\Data\DataNotYetUploadedToEDI\Raw_CTD\RawDownloads\072821_ccr_50_0001.hex
* Software version 2.8.0.119
* Temperature SN = 7809
* Conductivity SN = 7809
* System UpLoad Time = Jul 28 2021 15:55:50
* <ApplicationData>
* <Seaterm232>
# nquan = 16
# nvalues = 4323                        
# units = specified
# name 0 = depFM: Depth [fresh water, m]
# name 1 = dz/dtM: Descent Rate [m/s]
# name 2 = orp: Oxidation Reduction Potential [mV]
# name 3 = sbeox0Mg/L: Oxygen, SBE 43 [mg/l]
# name 4 = sbeox0PS: Oxygen, SBE 43 [% saturation]
# name 5 = par/sat/log: PAR/Logarithmic, Satlantic
# name 6 = ph: pH
# name 7 = specc: Specific Conductance [uS/cm]
# name 8 = c0uS/cm: Conductivity [uS/cm]
# name 9 = flECO-AFL: Fluorescence, WET Labs ECO-AFL/FL [mg/m^3]
# name 10 = turbWETntu0: Turbidity, WET Labs ECO [NTU]
# name 11 = tv290C: Temperature [ITS-90, deg C]
# name 12 = density00: Density [density, kg/m^3]
# name 13 = prdE: Pressure, Strain Gauge [psi]
# name 14 = prdM: Pressure, Strain Gauge [db]
# name 15 = flag:  0.000e+00
# span 0 =     -0.464,     20.306       
# span 1 =     -0.237,      0.190       
# span 2 = -1240.7455,   299.8467       
# span 3 =     3.4149,    11.9701       
# span 4 =     30.723,    142.020       
# span 5 = 1.2338e-01, 1.4634e+03       
# span 6 =     -2.005,     15.821       
# span 7 =      1.266,     84.904       
# span 8 =   1.367744,  60.246749       
# span 9 =    -0.5058,   265.6958       
# span 10 =    -6.9938,   962.7232      
# span 11 =    10.4099,    29.0042      
# span 12 =   995.9531,   999.7863      
# span 13 =     -0.660,     28.883      
# span 14 =     -0.455,     19.915      
# span 15 = 0.0000e+00, 0.0000e+00      
# interval = seconds: 0.25
# start_time = Jul 27 2021 20:58:26 [Instrument's time stamp, header]
# bad_flag = -9.990e-29
*END*
[from data line 3888]
      8.813     -0.071   298.4320     9.5410     87.175 8.2811e+00     15.739     57.484  41.720133     0.1730     3.8862    11.2611   999.6437     12.533      8.642 0.0000e+00
      8.797     -0.083   298.5669     9.5356     87.161 8.3973e+00     15.739     57.498  41.734210     0.1540     3.8402    11.2709   999.6426     12.512      8.627 0.0000e+00
      8.778     -0.093   298.9483     9.5478     87.141 8.6229e+00     15.739     57.516  41.751609     0.1035     3.7529    11.2804   999.6416     12.493      8.614 0.0000e+00
      8.750     -0.094   299.1716     9.5518     87.158 9.0147e+00     15.738     57.583  41.803544     0.0784     3.7234    11.2850   999.6410     12.454      8.587 0.0000e+00
      8.714     -0.087   299.0291     9.5465     87.208 9.4224e+00     15.737     57.646  41.854324     0.0698     3.7238    11.2851   999.6408     12.393      8.544 0.0000e+00
      8.680     -0.075   298.7750     9.5491     87.282 9.6781e+00     15.737     57.634  41.857767     0.0656     3.7583    11.2884   999.6402     12.337      8.505 0.0000e+00
      8.660     -0.062   298.5080     9.5390     87.389 9.7300e+00     15.737     57.591  41.845183     0.0943     3.8657    11.2939   999.6395     12.310      8.487 0.0000e+00
      8.656     -0.052   298.2957     9.5431     87.452 9.6616e+00     15.737     57.539  41.829157     0.1128     3.9232    11.2958   999.6395     12.307      8.486 0.0000e+00
      8.661     -0.050   298.2736     9.5503     87.495 9.6315e+00     15.737     57.461  41.790975     0.0980     3.9039    11.2971   999.6394     12.322      8.496 0.0000e+00
      8.660     -0.059   298.3262     9.5500     87.594 9.8047e+00     15.736     57.409  41.764420     0.0775     3.8390    11.3086   999.6382     12.329      8.500 0.0000e+00
      8.643     -0.075   298.4157     9.5676     87.725 1.0159e+01     15.736     57.397  41.762015     0.0651     3.7913    11.3262   999.6363     12.299      8.480 0.0000e+00
      8.613     -0.092   298.6674     9.5661     87.830 1.0609e+01     15.737     57.393  41.761910     0.0628     3.7725    11.3468   999.6340     12.254      8.449 0.0000e+00
      8.577     -0.104   298.9614     9.5620     87.903 1.1117e+01     15.737     57.393  41.763149     0.0583     3.7151    11.3649   999.6318     12.201      8.412 0.0000e+00
      8.542     -0.107   299.0445     9.5737     87.998 1.1530e+01     15.736     57.413  41.776997     0.0868     3.6461    11.3736   999.6306     12.145      8.374 0.0000e+00
      8.513     -0.101   298.8973     9.5892     88.066 1.1841e+01     15.736     57.449  41.802389     0.1693     3.6250    11.3778   999.6301     12.105      8.346 0.0000e+00
      8.491     -0.089   298.6444     9.6023     87.991 1.2140e+01     15.736     57.466  41.816246     0.2368     3.6660    11.3804   999.6298     12.076      8.326 0.0000e+00
      8.472     -0.074   298.3956     9.6035     87.750 1.2392e+01     15.735     57.466  41.817588     0.2636     3.6616    11.3811   999.6295     12.048      8.307 0.0000e+00
      8.457     -0.059   298.2992     9.6179     87.458 1.2590e+01     15.734     57.466  41.818617     0.2549     3.6062    11.3799   999.6295     12.027      8.292 0.0000e+00
      8.444     -0.048   298.2522     9.6321     87.324 1.2800e+01     15.734     57.477  41.828691     0.2261     3.6824    11.3789   999.6297     12.011      8.280 0.0000e+00
      8.431     -0.045   298.0857     9.6237     87.467 1.2965e+01     15.734     57.449  41.812440     0.2311     3.8622    11.3805   999.6295     11.988      8.265 0.0000e+00
      8.423     -0.050   297.9208     9.5934     87.751 1.2965e+01     15.734     57.352  41.749085     0.2579     3.9597    11.3825   999.6292     11.975      8.256 0.0000e+00
      8.420     -0.064   297.8065     9.5514     87.971 1.2984e+01     15.733     57.262  41.697460     0.2630     3.9355    11.3828   999.6291     11.980      8.260 0.0000e+00
      8.413     -0.082   297.9090     9.5290     88.116 1.3298e+01     15.733     57.226  41.696094     0.2450     3.7755    11.3832   999.6291     11.976      8.257 0.0000e+00
      8.389     -0.099   298.2135     9.5517     88.275 1.3922e+01     15.733     57.236  41.732596     0.2217     3.5356    11.3872   999.6286     11.941      8.233 0.0000e+00
      8.350     -0.112   298.3047     9.5933     88.422 1.4695e+01     15.733     57.241  41.757964     0.2204     3.4384    11.3929   999.6277     11.880      8.191 0.0000e+00
      8.306     -0.117   298.3238     9.6128     88.422 1.5397e+01     15.733     57.215  41.748937     0.2480     3.4934    11.4017   999.6265     11.811      8.145 0.0000e+00
      8.267     -0.115   298.3584     9.6189     88.277 1.5860e+01     15.732     57.210  41.750412     0.3560     3.7187    11.4260   999.6236     11.752      8.102 0.0000e+00
      8.240     -0.107   298.2925     9.6281     88.136 1.6088e+01     15.732     57.240  41.775803     0.5330     4.1032    11.4579   999.6201     11.714      8.077 0.0000e+00
      8.224     -0.100   298.3869     9.6506     88.098 1.6262e+01     15.732     57.274  41.802024     0.6335     4.3307    11.4770   999.6180     11.698      8.066 0.0000e+00
      8.209     -0.097   298.5531     9.6486     88.153 1.6514e+01     15.732     57.286  41.813547     0.6463     4.4095    11.4828   999.6174     11.679      8.052 0.0000e+00
      8.189     -0.100   298.5821     9.6224     88.170 1.6911e+01     15.732     57.244  41.788174     0.6873     4.5745    11.4863   999.6169     11.652      8.033 0.0000e+00
      8.160     -0.105   298.5655     9.6050     88.140 1.7476e+01     15.732     57.184  41.749160     0.7677     4.7820    11.4895   999.6164     11.612      8.006 0.0000e+00
      8.125     -0.110   298.6101     9.5969     88.136 1.8046e+01     15.732     57.144  41.722710     0.7980     4.8920    11.4900   999.6162     11.557      7.968 0.0000e+00
      8.090     -0.110   298.6912     9.6140     88.145 1.8497e+01     15.731     57.139  41.722282     0.7862     4.9435    11.4910   999.6160     11.503      7.931 0.0000e+00
      8.060     -0.105   298.6859     9.6141     88.208 1.8862e+01     15.731     57.157  41.743982     0.8823     5.3022    11.4974   999.6152     11.462      7.903 0.0000e+00
      8.035     -0.095   298.5467     9.6010     88.328 1.9185e+01     15.731     57.118  41.731178     1.0829     5.9668    11.5034   999.6143     11.429      7.880 0.0000e+00
      8.014     -0.084   298.2125     9.6079     88.428 1.9464e+01     15.731     57.032  41.694450     1.1896     6.3194    11.5035   999.6142     11.398      7.858 0.0000e+00
      7.995     -0.076   297.9148     9.6026     88.500 1.9684e+01     15.730     56.961  41.680805     1.1906     6.3034    11.5054   999.6139     11.370      7.839 0.0000e+00
      7.980     -0.073   297.7002     9.6071     88.536 1.9891e+01     15.729     56.919  41.693192     1.2282     6.2198    11.5131   999.6130     11.349      7.825 0.0000e+00
      7.967     -0.074   297.2522     9.6245     88.555 2.0147e+01     15.727     56.896  41.717310     1.3203     6.1321    11.5249   999.6117     11.334      7.815 0.0000e+00
      7.950     -0.077   296.8861     9.6276     88.610 2.0449e+01     15.726     56.849  41.718552     1.3888     6.1019    11.5465   999.6093     11.310      7.798 0.0000e+00
      7.928     -0.080   296.9743     9.6289     88.669 2.0790e+01     15.726     56.794  41.708255     1.4076     6.0941    11.5825   999.6052     11.278      7.776 0.0000e+00
      7.903     -0.085   297.2857     9.6244     88.693 2.1157e+01     15.726     56.778  41.719804     1.3950     6.0727    11.6238   999.6006     11.242      7.751 0.0000e+00
      7.878     -0.087   297.4681     9.6132     88.704 2.1481e+01     15.725     56.770  41.731249     1.3510     6.0146    11.6602   999.5964     11.203      7.724 0.0000e+00
      7.856     -0.087   297.5442     9.6151     88.723 2.1766e+01     15.724     56.730  41.719698     1.2958     5.9071    11.6910   999.5929     11.172      7.703 0.0000e+00
      7.836     -0.082   297.6888     9.6192     88.791 2.2109e+01     15.722     56.681  41.707113     1.2712     5.8369    11.7186   999.5898     11.148      7.687 0.0000e+00
      7.814     -0.075   297.9258     9.6128     88.890 2.2475e+01     15.722     56.643  41.706070     1.2635     5.8181    11.7388   999.5874     11.114      7.664 0.0000e+00
      7.793     -0.066   298.0871     9.6143     89.008 2.2760e+01     15.721     56.611  41.707116     1.2499     5.8516    11.7514   999.5860     11.081      7.640 0.0000e+00
      7.776     -0.059   297.9190     9.6075     89.155 2.2949e+01     15.721     56.605  41.719790     1.2501     5.8989    11.7661   999.5842     11.058      7.625 0.0000e+00
      7.764     -0.058   297.5278     9.6128     89.248 2.3107e+01     15.721     56.605  41.732368     1.2556     5.8748    11.7870   999.5818     11.042      7.614 0.0000e+00
      7.754     -0.063   297.3152     9.6209     89.320 2.3228e+01     15.720     56.582  41.732261     1.2498     5.8340    11.8122   999.5789     11.026      7.603 0.0000e+00
      7.747     -0.075   297.4128     9.6213     89.436 2.3325e+01     15.720     56.527  41.718513     1.1615     5.6463    11.8364   999.5762     11.021      7.599 0.0000e+00
      7.734     -0.089   297.5042     9.6453     89.561 2.3706e+01     15.720     56.454  41.693129     1.0080     5.2883    11.8519   999.5745     11.011      7.592 0.0000e+00
      7.705     -0.101   297.4733     9.6488     89.712 2.4401e+01     15.719     56.404  41.679287     0.9290     5.1097    11.8573   999.5736     10.965      7.561 0.0000e+00
      7.665     -0.108   297.4693     9.6485     89.918 2.5073e+01     15.719     56.384  41.678140     0.9218     5.1355    11.8716   999.5718     10.900      7.515 0.0000e+00
      7.625     -0.111   297.5413     9.6612     90.170 2.5607e+01     15.719     56.379  41.679275     0.9596     5.1192    11.8985   999.5686     10.841      7.475 0.0000e+00
      7.595     -0.106   297.6560     9.6654     90.440 2.5958e+01     15.719     56.402  41.693011     1.0141     5.0501    11.9249   999.5654     10.798      7.445 0.0000e+00
      7.575     -0.097   297.6518     9.6757     90.703 2.6189e+01     15.719     56.442  41.717257     1.0361     5.0901    11.9473   999.5628     10.773      7.428 0.0000e+00
      7.559     -0.090   297.4903     9.6965     90.968 2.6485e+01     15.719     56.448  41.718516     1.0449     5.1910    11.9598   999.5613     10.754      7.414 0.0000e+00
      7.540     -0.089   297.4237     9.7227     91.186 2.6818e+01     15.719     56.435  41.708233     1.0252     5.1370    11.9630   999.5609     10.725      7.394 0.0000e+00
      7.519     -0.094   297.6212     9.7559     91.331 2.7173e+01     15.718     56.452  41.719889     0.9691     4.9519    11.9593   999.5612     10.696      7.374 0.0000e+00
      7.496     -0.103   297.8142     9.7828     91.441 2.7666e+01     15.718     56.472  41.732490     0.9199     4.8411    11.9515   999.5620     10.665      7.353 0.0000e+00
      7.467     -0.110   297.8632     9.8149     91.450 2.8243e+01     15.717     56.474  41.733635     0.9074     4.8617    11.9489   999.5621     10.623      7.325 0.0000e+00
      7.433     -0.110   297.8700     9.8427     91.393 2.8795e+01     15.717     56.474  41.733740     0.9138     4.8927    11.9503   999.5618     10.573      7.290 0.0000e+00
      7.399     -0.105   297.8108     9.8491     91.322 2.9334e+01     15.717     56.473  41.733750     0.9299     4.8375    11.9484   999.5618     10.522      7.255 0.0000e+00
      7.368     -0.095   297.6637     9.8733     91.272 2.9795e+01     15.717     56.458  41.733760     0.9599     4.7436    11.9460   999.5620     10.476      7.223 0.0000e+00
      7.344     -0.084   297.2962     9.8675     91.330 3.0055e+01     15.717     56.414  41.733870     0.9712     4.6841    11.9466   999.5619     10.440      7.198 0.0000e+00
      7.329     -0.077   296.8944     9.8582     91.419 3.0199e+01     15.716     56.352  41.735114     0.9800     4.6671    11.9475   999.5617     10.422      7.185 0.0000e+00
      7.320     -0.076   296.7643     9.8566     91.520 3.0370e+01     15.715     56.308  41.748854     1.0472     4.5728    11.9451   999.5620     10.413      7.180 0.0000e+00
      7.308     -0.081   296.7544     9.8353     91.619 3.0675e+01     15.714     56.288  41.773094     1.1452     4.3678    11.9487   999.5615     10.401      7.171 0.0000e+00
      7.286     -0.089   296.6890     9.8494     91.744 3.1167e+01     15.713     56.248  41.774341     1.1821     4.2147    11.9796   999.5578     10.366      7.147 0.0000e+00
      7.256     -0.098   296.6617     9.8417     91.999 3.1754e+01     15.712     56.202  41.763963     1.1692     4.1291    12.0300   999.5519     10.322      7.118 0.0000e+00
      7.224     -0.103   296.7687     9.8451     92.271 3.2342e+01     15.711     56.187  41.774595     1.1421     4.0533    12.0704   999.5472     10.277      7.086 0.0000e+00
      7.193     -0.102   296.7786     9.8529     92.565 3.2857e+01     15.711     56.152  41.775955     1.0924     3.9858    12.1056   999.5429     10.227      7.051 0.0000e+00
      7.167     -0.095   296.5229     9.8426     92.932 3.3276e+01     15.710     56.111  41.780435     1.0644     3.9653    12.1347   999.5393     10.190      7.026 0.0000e+00
      7.145     -0.087   296.1711     9.8835     93.278 3.3605e+01     15.709     56.123  41.828810     1.0613     3.9419    12.1520   999.5373     10.161      7.006 0.0000e+00
      7.125     -0.081   295.8816     9.9043     93.618 3.3855e+01     15.708     56.103  41.853072     1.0445     3.6687    12.1694   999.5351     10.131      6.986 0.0000e+00
      7.109     -0.079   295.6899     9.9228     93.936 3.4060e+01     15.706     56.010  41.819913     1.0433     3.2368    12.1933   999.5323     10.109      6.971 0.0000e+00
      7.094     -0.082   295.5738     9.9685     94.196 3.4409e+01     15.704     55.948  41.808794     1.0656     3.0119    12.2258   999.5284     10.094      6.960 0.0000e+00
      7.074     -0.090   295.5103     9.9886     94.442 3.4912e+01     15.704     55.959  41.845638     1.0659     2.9754    12.2621   999.5241     10.063      6.938 0.0000e+00
      7.050     -0.100   295.6972    10.0202     94.678 3.5381e+01     15.705     56.000  41.884541     1.0569     2.9665    12.2991   999.5196     10.027      6.914 0.0000e+00
      7.024     -0.110   296.1121    10.0509     94.868 3.5964e+01     15.705     56.023  41.898309     1.0612     2.9732    12.3289   999.5159      9.995      6.891 0.0000e+00
      6.991     -0.114   296.3107    10.0656     95.017 3.6678e+01     15.705     55.999  41.885151     1.0612     3.0217    12.3621   999.5117      9.946      6.858 0.0000e+00
      6.955     -0.111   296.1206    10.0862     95.231 3.7374e+01     15.705     55.934  41.852406     1.0566     3.0384    12.3951   999.5077      9.891      6.821 0.0000e+00
      6.920     -0.106   295.7919    10.1111     95.561 3.7994e+01     15.705     55.946  41.883282     1.0725     3.0378    12.3992   999.5071      9.841      6.785 0.0000e+00
      6.892     -0.101   295.6056    10.1374     95.886 3.8374e+01     15.704     56.068  42.004573     1.1011     3.1172    12.3856   999.5086      9.797      6.755 0.0000e+00
      6.875     -0.098   295.5035    10.1445     96.024 3.8574e+01     15.702     56.154  42.112859     1.1062     3.2088    12.3900   999.5080      9.777      6.741 0.0000e+00
      6.862     -0.098   295.3311    10.1610     96.010 3.8951e+01     15.700     56.152  42.176947     1.1055     3.2527    12.4095   999.5056      9.767      6.735 0.0000e+00
      6.840     -0.103   295.1559    10.1962     96.026 3.9635e+01     15.698     56.073  42.208220     1.1120     3.2362    12.4269   999.5034      9.735      6.712 0.0000e+00
