Data/DataNotYetUploadedToEDI/Raw_CTD/RawDownloads/072825_fcr30_S7809004.cnv
* Sea-Bird SBE19plus  Data File:
* FileName = C:\R\Reservoirs\Data\DataNotYetUploadedToEDI\Raw_CTD\RawDownloads\072825_fcr50_S7809_0004.hex
* Software version 2.8.0.119
* Temperature SN = 7809
* Conductivity SN = 7809
* System UpLoad Time = Jul 28 2025 17:39:08
* <ApplicationData>
* <Seaterm232>
# nquan = 15
# nvalues = 1352                        
# units = specified
# name 0 = depFM: Depth [fresh water, m]
# name 1 = dz/dtM: Descent Rate [m/s]
# name 2 = sbeox0Mg/L: Oxygen, SBE 43 [mg/l]
# name 3 = sbeox0PS: Oxygen, SBE 43 [% saturation]
# name 4 = specc: Specific Conductance [uS/cm]
# name 5 = c0uS/cm: Conductivity [uS/cm]
# name 6 = flECO-AFL: Fluorescence, WET Labs ECO-AFL/FL [mg/m^3]
# name 7 = ph: pH
# name 8 = orp: Oxidation Reduction Potential [mV]
# name 9 = par/sat/log: PAR/Logarithmic, Satlantic
# name 10 = turbWETntu0: Turbidity, WET Labs ECO [NTU]
# name 11 = prdM: Pressure, Strain Gauge [db]
# name 12 = prdE: Pressure, Strain Gauge [psi]
# name 13 = tv290C: Temperature [ITS-90, deg C]
# name 14 = flag:  0.000e+00
# span 0 =     -0.610,      5.245       
# span 1 =     -0.420,      0.132       
# span 2 =     4.5243,     8.3325       
# span 3 =     57.597,    106.808       
# span 4 =      0.855,     56.906       
# span 5 =   0.861382,  44.595922       
# span 6 =    -0.0743,     9.7681       
# span 7 =      7.756,      9.803       
# span 8 =    43.0866,   402.4970       
# span 9 = 3.3389e-01, 2.4432e+03       
# span 10 =    -0.0094,   314.2865      
# span 11 =     -0.599,      5.144      
# span 12 =     -0.868,      7.460      
# span 13 =    13.8408,    28.8239      
# span 14 = 0.0000e+00, 0.0000e+00      
# interval = seconds: 0.25
# start_time = Jul 28 2025 13:23:39 [Instrument's time stamp, header]
# bad_flag = -9.990e-29
*END*
[from data line 97]
     -0.098      0.005     7.6440     97.385     34.786  36.781662     1.2347      9.375    78.9437 2.7303e+02     5.2213     -0.098     -0.142    27.8987 0.0000e+00
     -0.091      0.016     7.6432     97.447     34.787  36.783937     1.2442      9.380    79.1920 2.7500e+02     5.1794     -0.090     -0.131    27.8726 0.0000e+00
     -0.083      0.023     7.6398     97.555     34.790  36.786099     1.2168      9.385    79.5861 2.7423e+02     5.1155     -0.082     -0.119    27.8607 0.0000e+00
     -0.075      0.025     7.6381     97.661     34.816  36.807809     1.1941      9.390    80.0951 2.6418e+02     5.1322     -0.075     -0.108    27.8583 0.0000e+00
     -0.066      0.023     7.6399     97.730     34.819  36.792616     1.2029      9.395    80.5277 2.4145e+02     5.2443     -0.064     -0.092    27.8626 0.0000e+00
     -0.058      0.019     7.6434     97.781     34.780  36.729275     1.2309      9.400    80.8582 2.2782e+02     5.2761     -0.053     -0.077    27.8628 0.0000e+00
     -0.056      0.015     7.6537     97.820     34.744  36.676426     1.2172      9.404    81.2518 2.4117e+02     5.1741     -0.054     -0.078    27.8640 0.0000e+00
     -0.056      0.010     7.6643     97.844     34.733  36.661219     1.1701      9.409    81.6743 2.4542e+02     5.1386     -0.057     -0.083    27.8622 0.0000e+00
     -0.055      0.004     7.6717     97.849     34.743  36.672308     1.1532      9.412    82.0081 2.2433e+02     5.2563     -0.055     -0.078    27.8295 0.0000e+00
     -0.052     -0.002     7.6823     97.825     34.753  36.683596     1.1620      9.415    82.2763 2.0325e+02     5.3341     -0.050     -0.072    27.7885 0.0000e+00
     -0.050     -0.006     7.6877     97.780     34.739  36.670797     1.1595      9.419    82.5950 2.0967e+02     5.2598     -0.047     -0.068    27.7690 0.0000e+00
     -0.052     -0.009     7.6899     97.740     34.713  36.644470     1.1490      9.423    83.1084 2.3875e+02     5.0404     -0.050     -0.072    27.7665 0.0000e+00
     -0.060     -0.010     7.6907     97.707     34.691  36.619090     1.1764      9.426    83.7508 2.5675e+02     4.9357     -0.058     -0.086    27.7692 0.0000e+00
     -0.067     -0.007     7.6883     97.670     34.693  36.617727     1.2075      9.429    85.2860 2.5935e+02     5.0531     -0.067     -0.098    27.7703 0.0000e+00
     -0.070     -0.002     7.6832     97.627     34.706  36.627981     1.2090      9.432    98.7452 2.5901e+02     5.1279     -0.070     -0.102    27.7738 0.0000e+00
     -0.069      0.006     7.6798     97.601     34.698  36.616160     1.1949      9.438   123.6210 2.5770e+02     5.1226     -0.070     -0.102    27.7775 0.0000e+00
     -0.064      0.012     7.6780     97.625     34.688  36.601691     1.1532      9.447   138.1777 2.4160e+02     5.0922     -0.064     -0.093    27.7748 0.0000e+00
     -0.057      0.014     7.6761     97.692     34.674  36.579937     1.1380      9.455   140.8724 2.1046e+02     5.1360     -0.056     -0.082    27.7668 0.0000e+00
     -0.050      0.012     7.6732     97.766     34.646  36.543480     1.1684      9.462   141.1454 1.9462e+02     5.2750     -0.048     -0.070    27.7621 0.0000e+00
     -0.045      0.007     7.6696     97.824     34.650  36.541582     1.1968      9.468   130.8952 1.9717e+02     5.3387     -0.043     -0.063    27.7595 0.0000e+00
     -0.044      0.002     7.6731     97.864     34.666  36.556979     1.1900      9.471   110.8929 2.0314e+02     5.2920     -0.043     -0.062    27.7535 0.0000e+00
     -0.046     -0.003     7.6808     97.877     34.651  36.539290     1.1527      9.471    99.8572 2.0763e+02     5.1878     -0.045     -0.065    27.7423 0.0000e+00
     -0.051     -0.005     7.6894     97.860     34.634  36.518056     1.1452      9.471   109.4857 2.1564e+02     5.1725     -0.050     -0.073    27.7290 0.0000e+00
     -0.055     -0.004     7.6943     97.805     34.612  36.490587     1.1744      9.474   130.7756 2.3404e+02     5.2091     -0.056     -0.081    27.7212 0.0000e+00
     -0.057     -0.002     7.6987     97.741     34.588  36.460952     1.1897      9.482   142.8606 2.3896e+02     5.1866     -0.057     -0.083    27.7198 0.0000e+00
     -0.055      0.001     7.6994     97.724     34.606  36.476995     1.1715      9.492   144.4425 2.3231e+02     5.1738     -0.054     -0.079    27.7194 0.0000e+00
     -0.052      0.006     7.6992     97.736     34.624  36.494204     1.1374      9.501   144.9970 2.3361e+02     5.1224     -0.050     -0.073    27.7143 0.0000e+00
     -0.050      0.010     7.6961     97.763     34.609  36.478666     1.1521      9.508   144.8330 2.2563e+02     5.1117     -0.048     -0.070    27.7063 0.0000e+00
     -0.050      0.011     7.6879     97.818     34.606  36.479487     1.2162      9.514   144.6961 2.1422e+02     5.1466     -0.049     -0.071    27.6995 0.0000e+00
     -0.047      0.010     7.6898     97.888     34.625  36.504135     1.2378      9.519   145.6661 2.1026e+02     5.1009     -0.047     -0.069    27.6946 0.0000e+00
     -0.040      0.009     7.6911     97.943     34.644  36.522895     1.2142      9.523   145.7205 1.9884e+02     5.0711     -0.039     -0.057    27.6928 0.0000e+00
     -0.035      0.008     7.6918     97.997     34.651  36.515957     1.2136      9.525   135.5454 1.8676e+02     5.1280     -0.032     -0.046    27.6946 0.0000e+00
     -0.036      0.007     7.6965     98.059     34.639  36.483667     1.2466      9.525   116.0780 1.8457e+02     5.2423     -0.035     -0.050    27.6981 0.0000e+00
     -0.037      0.005     7.7017     98.077     34.620  36.449704     1.2641      9.525   104.3609 1.8675e+02     5.2573     -0.038     -0.055    27.7103 0.0000e+00
     -0.036      0.001     7.7048     98.053     34.600  36.422547     1.2336      9.524   101.9399 1.9105e+02     5.1392     -0.036     -0.053    27.7150 0.0000e+00
     -0.033      0.000     7.7110     98.023     34.586  36.409110     1.2106      9.524   100.6575 1.8906e+02     5.1466     -0.033     -0.047    27.6872 0.0000e+00
     -0.033      0.001     7.7247     98.000     34.586  36.414139     1.2358      9.524    99.5246 1.8066e+02     5.3123     -0.031     -0.044    27.6516 0.0000e+00
     -0.035      0.004     7.7278     98.001     34.584  36.419904     1.2555      9.525    98.5673 1.7551e+02     5.4012     -0.035     -0.050    27.6315 0.0000e+00
     -0.037      0.006     7.7253     98.021     34.574  36.415378     1.2329      9.526    97.8596 1.7732e+02     5.2984     -0.038     -0.055    27.6235 0.0000e+00
     -0.035      0.007     7.7233     98.043     34.576  36.422874     1.1944      9.528    97.2482 1.8715e+02     5.1284     -0.037     -0.053    27.6254 0.0000e+00
     -0.030      0.008     7.7187     98.078     34.592  36.447098     1.1980      9.528    96.6809 1.9288e+02     5.1222     -0.030     -0.043    27.6357 0.0000e+00
     -0.025      0.010     7.7175     98.117     34.594  36.454481     1.2351      9.529    96.2492 1.9178e+02     5.2572     -0.024     -0.034    27.6491 0.0000e+00
     -0.022      0.011     7.7190     98.138     34.591  36.448698     1.2514      9.530    95.8995 1.8849e+02     5.3266     -0.022     -0.031    27.6556 0.0000e+00
     -0.022      0.011     7.7191     98.172     34.594  36.440624     1.2379      9.532    95.5500 1.7917e+02     5.2439     -0.021     -0.030    27.6624 0.0000e+00
     -0.021      0.011     7.7195     98.206     34.586  36.420284     1.2213      9.533    95.2079 1.6963e+02     5.1450     -0.021     -0.031    27.6766 0.0000e+00
     -0.018      0.011     7.7237     98.224     34.568  36.393109     1.2504      9.535    94.8594 1.6897e+02     5.2239     -0.018     -0.025    27.6874 0.0000e+00
     -0.014      0.011     7.7230     98.264     34.545  36.365837     1.3065      9.538    94.6064 1.7177e+02     5.3442     -0.014     -0.020    27.6835 0.0000e+00
     -0.011      0.011     7.7291     98.290     34.523  36.344333     1.3254      9.539    94.6443 1.7048e+02     5.3688     -0.011     -0.015    27.6632 0.0000e+00
     -0.007      0.009     7.7375     98.294     34.499  36.323461     1.2789      9.540    94.8012 1.6828e+02     5.2832     -0.007     -0.010    27.6423 0.0000e+00
     -0.003      0.006     7.7352     98.295     34.478  36.303831     1.2107      9.541    94.8691 1.6777e+02     5.1632     -0.002     -0.003    27.6307 0.0000e+00
     -0.001      0.002     7.7434     98.319     34.472  36.297351     1.2005      9.544    94.8628 1.6867e+02     5.2156      0.001      0.002    27.6276 0.0000e+00
     -0.002      0.001     7.7439     98.378     34.483  36.308564     1.2388      9.547    94.7250 1.6848e+02     5.3024     -0.001     -0.002    27.6311 0.0000e+00
     -0.005      0.001     7.7424     98.346     34.488  36.312496     1.2656      9.550    94.4933 1.6546e+02     5.2221     -0.005     -0.007    27.6368 0.0000e+00
     -0.008      0.001     7.7431     98.250     34.459  36.281447     1.2493      9.552    94.2988 1.6203e+02     5.0986     -0.008     -0.012    27.6420 0.0000e+00
     -0.008      0.002     7.7397     98.228     34.431  36.250405     1.2086      9.554    94.2658 1.6245e+02     5.1405     -0.010     -0.014    27.6433 0.0000e+00
     -0.003      0.003     7.7536     98.233     34.436  36.254414     1.2061      9.557    94.4383 1.6745e+02     5.2850     -0.004     -0.006    27.6412 0.0000e+00
      0.002      0.003     7.7506     98.264     34.447  36.266460     1.2361      9.561    94.6634 1.7000e+02     5.3091      0.003      0.006    27.6390 0.0000e+00
      0.003      0.002     7.7332     98.359     34.450  36.269153     1.2305      9.563    94.8368 1.6635e+02     5.1929      0.004      0.006    27.6369 0.0000e+00
     -0.000      0.001     7.7392     98.414     34.466  36.286975     1.1956      9.564    95.0725 1.6440e+02     5.0414     -0.001     -0.001    27.6347 0.0000e+00
     -0.002     -0.001     7.7386     98.401     34.471  36.291598     1.1806      9.566    95.3615 1.6621e+02     5.0489     -0.004     -0.005    27.6332 0.0000e+00
     -0.002     -0.001     7.7363     98.398     34.446  36.261600     1.1986      9.567    95.4922 1.6183e+02     5.2150     -0.003     -0.005    27.6333 0.0000e+00
     -0.001      0.000     7.7512     98.425     34.431  36.241518     1.2146      9.570    95.5344 1.5364e+02     5.2392     -0.001     -0.002    27.6335 0.0000e+00
     -0.001      0.001     7.7554     98.449     34.432  36.239125     1.1907      9.572    95.6134 1.5881e+02     5.1023     -0.001     -0.001    27.6339 0.0000e+00
     -0.001      0.002     7.7504     98.459     34.429  36.232668     1.1668      9.574    95.6736 1.7151e+02     5.0281     -0.002     -0.002    27.6342 0.0000e+00
     -0.001      0.002     7.7509     98.451     34.425  36.226885     1.1756      9.574    95.7466 1.7389e+02     5.0932     -0.002     -0.002    27.6300 0.0000e+00
      0.000      0.002     7.7553     98.375     34.432  36.232651     1.2223      9.575    95.8940 1.7245e+02     5.2409      0.000      0.000    27.6233 0.0000e+00
      0.002      0.001     7.7584     98.295     34.440  36.238939     1.2659      9.575    96.0790 1.7272e+02     5.2764      0.001      0.002    27.6174 0.0000e+00
      0.002      0.001     7.7586     98.348     34.440  36.239449     1.2524      9.575    96.1759 1.7048e+02     5.1469      0.001      0.002    27.6131 0.0000e+00
      0.001      0.002     7.7613     98.422     34.437  36.238814     1.2504      9.575    96.2056 1.7208e+02     5.1437      0.001      0.002    27.6108 0.0000e+00
      0.001      0.003     7.7557     98.408     34.425  36.231267     1.2764      9.575    96.3519 1.7599e+02     5.3058     -0.000      0.001    27.6089 0.0000e+00
      0.001      0.003     7.7390     98.386     34.403  36.211653     1.2754      9.575    96.5682 1.6824e+02     5.3657      0.000     -0.000    27.6049 0.0000e+00
      0.003      0.003     7.7522     98.386     34.383  36.192032     1.2463      9.575    96.6693 1.5466e+02     5.2526      0.003      0.004    27.6035 0.0000e+00
      0.006      0.002     7.7620     98.399     34.375  36.184382     1.2063      9.576    96.7138 1.5884e+02     5.1006      0.006      0.009    27.6089 0.0000e+00
      0.007      0.001     7.7528     98.419     34.372  36.182603     1.2007      9.577    96.8487 1.7163e+02     5.0987      0.007      0.009    27.6168 0.0000e+00
      0.006      0.000     7.7518     98.430     34.360  36.170530     1.2285      9.579    97.0956 1.6918e+02     5.1612      0.006      0.008    27.6234 0.0000e+00
      0.004     -0.002     7.7512     98.420     34.355  36.165301     1.2425      9.580    97.3761 1.6314e+02     5.1733      0.004      0.005    27.6257 0.0000e+00
      0.003     -0.005     7.7525     98.410     34.372  36.182840     1.2290      9.581    97.6587 1.6474e+02     5.1759      0.002      0.003    27.6260 0.0000e+00
      0.004     -0.010     7.7540     98.407     34.381  36.192243     1.1982      9.582    97.8457 1.6859e+02     5.0903      0.004      0.005    27.6274 0.0000e+00
      0.005     -0.014     7.7557     98.377     34.406  36.215539     1.1949      9.583    97.9154 1.7143e+02     5.0605      0.006      0.008    27.6286 0.0000e+00
      0.001     -0.016     7.7538     98.303     34.705  36.527955     1.2220      9.585    98.0717 1.7284e+02     5.1234      0.003      0.005    27.6277 0.0000e+00
     -0.009     -0.016     7.7524     98.169     35.425  37.304671     1.2432      9.588    98.3597 1.7295e+02     5.1678     -0.008     -0.012    27.6274 0.0000e+00
     -0.019     -0.015     7.7539     97.939     35.946  37.929009     1.2432      9.592    98.6435 1.7288e+02     5.2214     -0.021     -0.032    27.6302 0.0000e+00
     -0.024     -0.012     7.7525     97.692     35.748  37.858469     1.2300      9.594    98.7503 1.7295e+02     5.2253     -0.026     -0.037    27.6238 0.0000e+00
     -0.022     -0.009     7.7473     97.549     35.357  37.594207     1.2414      9.595    98.7051 1.7859e+02     5.2488     -0.021     -0.030    27.6144 0.0000e+00
     -0.020     -0.004     7.7401     97.488     35.249  37.589557     1.2487      9.596    98.6988 1.8577e+02     5.2329     -0.018     -0.025    27.6147 0.0000e+00
     -0.020     -0.000     7.7060     97.429     35.212  37.612067     1.2179      9.597    98.7608 1.8327e+02     5.1014     -0.020     -0.029    27.7100 0.0000e+00
     -0.022      0.001     7.6488     97.368     35.123  37.549193     1.1849      9.600    98.8515 1.7562e+02     5.0248     -0.023     -0.033    27.9444 0.0000e+00
     -0.023      0.003     7.6075     97.340     35.084  37.527403     1.1834      9.602    99.0215 1.6809e+02     5.0920     -0.024     -0.035    28.1846 0.0000e+00
     -0.022      0.007     7.5849     97.346     35.083  37.538997     1.2075      9.604    99.2672 1.6873e+02     5.2312     -0.022     -0.032    28.3410 0.0000e+00
     -0.021      0.012     7.5701     97.371     35.038  37.499025     1.2104      9.605    99.4997 1.7096e+02     5.2397     -0.020     -0.029    28.4148 0.0000e+00
     -0.017      0.017     7.5591     97.404     34.965  37.424845     1.1857      9.606    99.6810 1.6442e+02     5.0922     -0.018     -0.026    28.4503 0.0000e+00
     -0.011      0.019     7.5531     97.426     34.943  37.403535     1.1745      9.609    99.7385 1.6252e+02     5.0183     -0.012     -0.016    28.4794 0.0000e+00
     -0.002      0.017     7.5521     97.433     34.968  37.431733     1.1912      9.612    99.6799 1.6473e+02     5.1318     -0.002     -0.002    28.4973 0.0000e+00
      0.005      0.013     7.5526     97.438     34.984  37.448515     1.2221      9.614    99.6608 1.6508e+02     5.3038      0.007      0.009    28.5065 0.0000e+00
      0.009      0.008     7.5557     97.450     34.954  37.416090     1.2236      9.617    99.7652 1.6588e+02     5.2867      0.011      0.015    28.5114 0.0000e+00
