Data/DataNotYetUploadedToEDI/Raw_CTD/RawDownloads/072825_fcr30_S7809004.cnv
* Sea-Bird SBE19plus  Data File:
* FileName = C:\R\Reservoirs\Data\DataNotYetUploadedToEDI\Raw_CTD\RawDownloads\072825_fcr50_S7809_0004.hex
* Software version 2.8.0.119
* Temperature SN = 7809
* Conductivity SN = 7809
* System UpLoad Time = Jul 28 2025 17:39:08
* <ApplicationData>
* <Seaterm232>
# nquan = 15
# nvalues = 1352                        
# units = specified
# name 0 = depFM: Depth [fresh water, m]
# name 1 = dz/dtM: Descent Rate [m/s]
# name 2 = sbeox0Mg/L: Oxygen, SBE 43 [mg/l]
# name 3 = sbeox0PS: Oxygen, SBE 43 [% saturation]
# name 4 = specc: Specific Conductance [uS/cm]
# name 5 = c0uS/cm: Conductivity [uS/cm]
# name 6 = flECO-AFL: Fluorescence, WET Labs ECO-AFL/FL [mg/m^3]
# name 7 = ph: pH
# name 8 = orp: Oxidation Reduction Potential [mV]
# name 9 = par/sat/log: PAR/Logarithmic, Satlantic
# name 10 = turbWETntu0: Turbidity, WET Labs ECO [NTU]
# name 11 = prdM: Pressure, Strain Gauge [db]
# name 12 = prdE: Pressure, Strain Gauge [psi]
# name 13 = tv290C: Temperature [ITS-90, deg C]
# name 14 = flag:  0.000e+00
# span 0 =     -0.610,      5.245       
# span 1 =     -0.420,      0.132       
# span 2 =     4.5243,     8.3325       
# span 3 =     57.597,    106.808       
# span 4 =      0.855,     56.906       
# span 5 =   0.861382,  44.595922       
# span 6 =    -0.0743,     9.7681       
# span 7 =      7.756,      9.803       
# span 8 =    43.0866,   402.4970       
# span 9 = 3.3389e-01, 2.4432e+03       
# span 10 =    -0.0094,   314.2865      
# span 11 =     -0.599,      5.144      
# span 12 =     -0.868,      7.460      
# span 13 =    13.8408,    28.8239      
# span 14 = 0.0000e+00, 0.0000e+00      
# interval = seconds: 0.25
# start_time = Jul 28 2025 13:23:39 [Instrument's time stamp, header]
# bad_flag = -9.990e-29
*END*
[from data line 964]
      4.210      0.010     6.4371     65.560     54.642  43.776350     0.6964      8.083   154.6676 5.1611e+00    27.0025      4.128      5.987    15.2391 0.0000e+00
      4.213      0.005     6.4678     65.804     54.673  43.830008     0.7004      8.082   154.6970 5.1294e+00    26.7757      4.131      5.992    15.1837 0.0000e+00
      4.214      0.002     6.5317     66.190     54.440  43.697944     0.7424      8.082   154.6028 5.1387e+00    26.9185      4.134      5.996    15.1047 0.0000e+00
      4.213      0.002     6.5902     66.603     54.295  43.639592     0.7792      8.082   154.4740 5.1927e+00    27.0550      4.133      5.995    15.0428 0.0000e+00
      4.209      0.007     6.6025     66.856     54.327  43.695829     0.7886      8.082   154.5162 5.2354e+00    27.0605      4.126      5.985    15.0433 0.0000e+00
      4.207      0.013     6.6164     66.925     54.316  43.679709     0.7642      8.082   154.5975 5.2061e+00    26.9854      4.122      5.979    15.0712 0.0000e+00
      4.210      0.019     6.6541     66.955     54.216  43.571631     0.7506      8.082   154.5968 5.0946e+00    27.0345      4.126      5.986    15.1264 0.0000e+00
      4.220      0.022     6.6939     67.005     54.362  43.658539     0.7648      8.082   154.5078 4.9246e+00    27.3460      4.137      6.001    15.1965 0.0000e+00
      4.233      0.023     6.7170     67.035     54.783  43.968742     0.7696      8.082   154.3816 4.7497e+00    27.7460      4.152      6.022    15.2260 0.0000e+00
      4.244      0.021     6.7163     67.106     54.966  44.084951     0.7509      8.081   154.2760 4.6597e+00    27.8413      4.165      6.041    15.2117 0.0000e+00
      4.248      0.019     6.7226     67.421     54.658  43.794055     0.7125      8.080   154.2626 4.6804e+00    27.6438      4.168      6.045    15.1793 0.0000e+00
      4.245      0.017     6.7357     68.026     54.349  43.498344     0.6883      8.080   154.3056 4.7309e+00    27.1678      4.163      6.038    15.1508 0.0000e+00
      4.242      0.017     6.7411     68.704     54.566  43.683250     0.6842      8.079   154.2799 4.7104e+00    26.4594      4.157      6.030    15.1275 0.0000e+00
      4.247      0.020     6.7413     69.465     54.786  43.935051     0.6792      8.079   154.2108 4.5865e+00    26.0805      4.161      6.035    15.1005 0.0000e+00
      4.258      0.025     6.7726     70.668     54.607  43.813492     0.6695      8.079   154.1580 4.4365e+00    25.9690      4.176      6.057    15.0702 0.0000e+00
      4.268      0.030     6.8598     72.241     54.599  43.736959     0.6497      8.079   154.1583 4.3489e+00    25.8620      4.188      6.074    14.9917 0.0000e+00
      4.275      0.033     6.9340     73.684     54.899  43.898279     0.6479      8.078   154.3000 4.2939e+00    25.9481      4.192      6.080    14.9817 0.0000e+00
      4.282      0.032     6.9632     74.981     54.979  43.923086     0.6645      8.077   154.4942 4.1950e+00    26.1228      4.197      6.087    15.1248 0.0000e+00
      4.293      0.027     7.0801     76.446     54.825  43.782947     0.6750      8.075   154.5276 4.0743e+00    26.1982      4.209      6.105    15.1575 0.0000e+00
      4.303      0.023     7.2905     78.033     54.921  43.854239     0.6756      8.075   154.4453 4.0024e+00    26.1421      4.222      6.123    15.0443 0.0000e+00
      4.308      0.019     7.4447     79.465     55.047  43.959873     0.6557      8.074   154.4468 3.9852e+00    25.9562      4.226      6.129    14.9587 0.0000e+00
      4.309      0.015     7.5575     80.530     54.861  43.790638     0.6504      8.073   154.4587 3.9855e+00    25.8636      4.226      6.129    14.9370 0.0000e+00
      4.310      0.010     7.7138     81.048     54.827  43.712308     0.6531      8.073   154.4163 3.9677e+00    25.9456      4.226      6.130    14.9276 0.0000e+00
      4.311      0.007     7.8903     80.982     55.079  43.901383     0.6468      8.073   154.4507 3.9340e+00    26.0247      4.226      6.130    14.9098 0.0000e+00
      4.313      0.007     8.0350     80.590     55.054  43.918517     0.6572      8.071   154.4452 3.9040e+00    25.9316      4.230      6.135    14.9354 0.0000e+00
      4.317      0.009     8.1513     80.130     54.786  43.729095     0.6453      8.071   154.3497 3.8976e+00    25.6737      4.234      6.141    14.9306 0.0000e+00
      4.318      0.011     8.2248     79.599     54.815  43.769323     0.6361      8.070   154.3282 3.9066e+00    25.6054      4.235      6.141    14.8394 0.0000e+00
      4.319      0.013     8.2076     78.979     55.017  43.960602     0.6543      8.068   154.4434 3.8771e+00    25.7209      4.234      6.140    14.8209 0.0000e+00
      4.322      0.016     8.1413     78.544     54.907  43.883667     0.6739      8.067   154.6249 3.8226e+00    25.8059      4.237      6.146    14.9018 0.0000e+00
      4.328      0.019     8.0967     78.581     54.722  43.727791     0.7067      8.067   154.6295 3.7807e+00    25.8473      4.245      6.157    14.9095 0.0000e+00
      4.334      0.023     8.0495     79.039     54.848  43.853232     0.7101      8.066   154.4986 3.7418e+00    25.7774      4.251      6.166    14.9048 0.0000e+00
      4.340      0.027     7.9642     79.750     54.968  44.003919     0.6906      8.066   154.5050 3.6937e+00    25.7814      4.256      6.172    14.9609 0.0000e+00
      4.347      0.032     7.9018     80.552     54.964  44.026389     0.6944      8.066   154.6202 3.6343e+00    25.7924      4.263      6.182    14.9706 0.0000e+00
      4.355      0.038     7.9199     81.165     55.034  44.061466     0.6977      8.067   154.7731 3.5539e+00    25.5694      4.270      6.193    14.9337 0.0000e+00
      4.364      0.044     7.9690     81.317     55.070  44.047143     0.6806      8.067   154.9781 3.4585e+00    25.3050      4.279      6.206    14.9556 0.0000e+00
      4.375      0.050     8.0277     80.882     55.123  44.043584     0.6457      8.067   155.1199 3.3600e+00    25.1235      4.290      6.222    15.0401 0.0000e+00
      4.390      0.053     8.1175     79.852     55.299  44.145331     0.6175      8.068   155.1964 3.2151e+00    24.8441      4.303      6.241    15.0656 0.0000e+00
      4.408      0.055     8.1949     78.358     55.415  44.198199     0.6061      8.068   155.3007 3.0445e+00    24.4201      4.323      6.269    15.0328 0.0000e+00
      4.426      0.055     8.2221     76.666     55.456  44.174952     0.6072      8.068   155.4347 2.9350e+00    24.1303      4.344      6.300    14.9888 0.0000e+00
      4.439      0.054     8.1865     74.990     55.552  44.181576     0.6309      8.068   155.6121 2.8677e+00    24.0045      4.354      6.315    14.9428 0.0000e+00
      4.449      0.052     8.0845     73.426     55.663  44.214721     0.6268      8.067   155.7251 2.7763e+00    23.8558      4.361      6.325    14.9108 0.0000e+00
      4.460      0.048     7.9269     72.101     55.753  44.258255     0.5826      8.065   155.7677 2.6644e+00    23.3913      4.373      6.342    14.8826 0.0000e+00
      4.474      0.044     7.7545     71.078     55.854  44.327038     0.5537      8.064   155.8694 2.5618e+00    22.6578      4.388      6.364    14.8333 0.0000e+00
      4.489      0.041     7.5991     70.383     55.887  44.348105     0.5522      8.063   156.0083 2.4779e+00    22.2636      4.403      6.386    14.7556 0.0000e+00
      4.500      0.038     7.4407     70.046     55.862  44.322527     0.5730      8.062   156.1566 2.4212e+00    22.1440      4.415      6.403    14.7023 0.0000e+00
      4.506      0.034     7.3081     69.989     55.901  44.335158     0.5722      8.061   156.2853 2.3865e+00    21.9622      4.420      6.410    14.6847 0.0000e+00
      4.511      0.032     7.2070     70.131     55.913  44.310375     0.5502      8.061   156.3603 2.3519e+00    21.9103      4.424      6.415    14.6755 0.0000e+00
      4.518      0.030     7.1309     70.393     55.929  44.276750     0.5404      8.061   156.4618 2.2992e+00    21.9952      4.430      6.426    14.6735 0.0000e+00
      4.526      0.030     7.1043     70.635     56.111  44.372886     0.5376      8.060   156.6517 2.2260e+00    21.9977      4.438      6.437    14.6718 0.0000e+00
      4.536      0.029     7.1023     70.844     56.273  44.457043     0.5415      8.059   156.8494 2.1569e+00    21.6667      4.447      6.450    14.6573 0.0000e+00
      4.546      0.027     7.1225     71.122     56.264  44.405546     0.5284      8.057   156.9596 2.1055e+00    21.0678      4.458      6.466    14.6252 0.0000e+00
      4.553      0.023     7.1648     71.421     56.302  44.384969     0.5285      8.057   157.0379 2.0709e+00    20.8374      4.466      6.478    14.5787 0.0000e+00
      4.558      0.019     7.1972     71.591     56.472  44.462104     0.5431      8.056   157.1075 2.0523e+00    20.9647      4.471      6.485    14.5351 0.0000e+00
      4.561      0.017     7.2156     71.611     56.609  44.512894     0.5392      8.055   157.1988 2.0441e+00    20.8990      4.473      6.488    14.4985 0.0000e+00
      4.561      0.016     7.2529     71.514     56.645  44.491165     0.5557      8.054   157.3669 2.0352e+00    20.6230      4.472      6.487    14.4599 0.0000e+00
      4.563      0.017     7.3003     71.289     56.649  44.453241     0.5599      8.052   157.5914 2.0071e+00    20.3952      4.473      6.489    14.4154 0.0000e+00
      4.569      0.020     7.3235     70.905     56.749  44.498659     0.5237      8.050   157.8492 1.9553e+00    20.2969      4.480      6.496    14.3632 0.0000e+00
      4.577      0.023     7.3326     70.355     56.906  44.595922     0.4918      8.050   158.0747 1.8940e+00    20.1861      4.489      6.510    14.3103 0.0000e+00
      4.584      0.027     7.3308     69.723     56.881  44.550076     0.4833      8.050   158.2526 1.8433e+00    20.0120      4.497      6.522    14.2647 0.0000e+00
      4.591      0.029     7.3145     69.150     56.724  44.388651     0.4951      8.049   158.2790 1.8138e+00    19.8309      4.502      6.529    14.2296 0.0000e+00
      4.597      0.030     7.2810     68.671     56.731  44.358030     0.4926      8.049   158.2230 1.7799e+00    19.6709      4.507      6.537    14.2011 0.0000e+00
      4.605      0.029     7.2251     68.233     56.822  44.433702     0.4699      8.048   158.3490 1.7206e+00    19.3753      4.514      6.548    14.1784 0.0000e+00
      4.615      0.027     7.1557     67.901     56.749  44.414907     0.4537      8.046   158.5979 1.6740e+00    18.9891      4.527      6.566    14.1632 0.0000e+00
      4.624      0.027     7.0998     67.740     56.677  44.384738     0.4632      8.045   158.8229 1.6570e+00    18.8951      4.536      6.580    14.1275 0.0000e+00
      4.629      0.028     7.0660     67.683     56.692  44.386355     0.4930      8.045   159.0055 1.6325e+00    18.8881      4.539      6.585    14.0734 0.0000e+00
      4.632      0.030     7.0148     67.723     56.642  44.307494     0.4897      8.045   159.1701 1.6008e+00    18.7339      4.543      6.588    14.0803 0.0000e+00
      4.636      0.030     6.9660     67.846     56.607  44.256404     0.4563      8.044   159.2645 1.5676e+00    18.6009      4.545      6.593    14.1384 0.0000e+00
      4.645      0.031     6.9540     67.961     56.587  44.276422     0.4384      8.043   159.2865 1.5122e+00    18.5444      4.553      6.604    14.1628 0.0000e+00
      4.660      0.032     6.9467     68.164     56.483  44.232178     0.4573      8.042   159.4359 1.4576e+00    18.5979      4.570      6.629    14.1569 0.0000e+00
      4.672      0.034     6.9562     68.597     56.428  44.165851     0.4935      8.042   159.6942 1.4386e+00    18.6664      4.585      6.651    14.1086 0.0000e+00
      4.676      0.037     6.9864     69.156     56.448  44.172686     0.4931      8.042   159.9152 1.4331e+00    18.5530      4.586      6.652    14.0548 0.0000e+00
      4.679      0.038     6.9834     69.699     56.409  44.187851     0.4681      8.041   160.1284 1.4102e+00    18.3205      4.586      6.652    14.1152 0.0000e+00
      4.688      0.037     6.9813     70.195     56.347  44.158840     0.4585      8.040   160.2939 1.3624e+00    18.2458      4.597      6.667    14.1921 0.0000e+00
      4.702      0.034     7.0455     70.532     56.348  44.139328     0.4687      8.039   160.4527 1.2926e+00    18.3676      4.611      6.688    14.1212 0.0000e+00
      4.717      0.028     7.1154     70.597     56.329  44.142334     0.4751      8.038   160.6720 1.2390e+00    18.4262      4.627      6.711    14.0884 0.0000e+00
      4.728      0.018     7.1520     70.411     56.223  44.131728     0.4441      8.036   160.7947 1.2241e+00    18.3065      4.640      6.730    14.1848 0.0000e+00
      4.733      0.008     7.2064     69.987     56.160  44.138142     0.4014      8.034   160.9040 1.2341e+00    18.1836      4.646      6.738    14.2041 0.0000e+00
      4.728      0.000     7.2572     69.423     56.190  44.156477     0.3838      8.034   161.1335 1.2624e+00    18.1691      4.639      6.728    14.1445 0.0000e+00
      4.719     -0.003     7.2577     68.950     56.245  44.162973     0.3979      8.033   161.3316 1.2984e+00    18.2341      4.627      6.711    14.1509 0.0000e+00
      4.712      0.001     7.2244     68.732     56.275  44.153158     0.4295      8.032   161.4065 1.3068e+00    18.2182      4.618      6.698    14.2545 0.0000e+00
      4.712      0.008     7.1681     68.770     56.235  44.101241     0.4338      8.032   161.5229 1.2787e+00    18.0795      4.618      6.698    14.3215 0.0000e+00
      4.718      0.017     7.1029     68.966     56.154  44.043046     0.4083      8.031   161.7926 1.2387e+00    18.0257      4.625      6.709    14.2956 0.0000e+00
      4.730      0.024     7.0546     69.239     56.093  44.020823     0.4037      8.030   161.9142 1.1982e+00    18.1485      4.638      6.727    14.2536 0.0000e+00
      4.741      0.029     7.0378     69.604     56.076  44.023007     0.4366      8.028   161.8751 1.1720e+00    18.3006      4.651      6.746    14.2234 0.0000e+00
      4.747      0.034     7.0497     70.022     56.043  44.005998     0.4651      8.028   162.0940 1.1531e+00    18.2599      4.657      6.754    14.1992 0.0000e+00
      4.750      0.034     7.0735     70.313     55.862  43.942125     0.4483      8.028   162.4095 1.1229e+00    18.0995      4.658      6.755    14.2031 0.0000e+00
      4.757      0.032     7.0940     70.400     55.586  43.885584     0.4080      8.027   162.5063 1.0785e+00    18.0352      4.661      6.761    14.2388 0.0000e+00
      4.771      0.028     7.1258     70.448     55.442  43.893854     0.3936      8.026   162.5765 1.0320e+00    18.1311      4.679      6.787    14.2646 0.0000e+00
      4.785      0.027     7.1851     70.632     55.437  43.915314     0.4167      8.024   162.7422 1.0182e+00    18.3030      4.696      6.813    14.2302 0.0000e+00
      4.790      0.026     7.2106     70.876     55.403  43.891164     0.4454      8.024   162.9607 1.0352e+00    18.3033      4.699      6.817    14.2818 0.0000e+00
      4.789      0.025     7.1778     70.968     55.311  43.855767     0.4325      8.023   163.0677 1.0394e+00    18.1340      4.696      6.809    14.4959 0.0000e+00
      4.791      0.024     7.1525     70.897     55.276  43.868238     0.3941      8.022   163.0028 1.0122e+00    18.0325      4.695      6.809    14.6265 0.0000e+00
      4.799      0.025     7.1778     70.814     55.321  43.915045     0.3806      8.021   163.1225 9.8083e-01    18.1020      4.705      6.824    14.6081 0.0000e+00
      4.809      0.026     7.2192     70.755     55.330  43.913900     0.4023      8.020   163.3970 9.6017e-01    18.2561      4.717      6.841    14.5834 0.0000e+00
      4.818      0.025     7.2184     70.617     55.280  43.854388     0.4402      8.019   163.5679 9.3480e-01    18.2904      4.724      6.852    14.6432 0.0000e+00
      4.826      0.020     7.1942     70.373     55.282  43.830237     0.4475      8.018   163.8125 9.1228e-01    18.1752      4.733      6.865    14.6927 0.0000e+00
