Data/DataNotYetUploadedToEDI/Raw_CTD/RawDownloads/072825_fcr50_S7809001.cnv
* Sea-Bird SBE19plus  Data File:
* FileName = C:\R\Reservoirs\Data\DataNotYetUploadedToEDI\Raw_CTD\RawDownloads\072825_fcr50_S7809_0001.hex
* Software version 2.8.0.119
* Temperature SN = 7809
* Conductivity SN = 7809
* System UpLoad Time = Jul 28 2025 17:36:42
* <ApplicationData>
* <Seaterm232>
# nquan = 15
# nvalues = 2980                        
# units = specified
# name 0 = depFM: Depth [fresh water, m]
# name 1 = dz/dtM: Descent Rate [m/s]
# name 2 = sbeox0Mg/L: Oxygen, SBE 43 [mg/l]
# name 3 = sbeox0PS: Oxygen, SBE 43 [% saturation]
# name 4 = specc: Specific Conductance [uS/cm]
# name 5 = c0uS/cm: Conductivity [uS/cm]
# name 6 = flECO-AFL: Fluorescence, WET Labs ECO-AFL/FL [mg/m^3]
# name 7 = ph: pH
# name 8 = orp: Oxidation Reduction Potential [mV]
# name 9 = par/sat/log: PAR/Logarithmic, Satlantic
# name 10 = turbWETntu0: Turbidity, WET Labs ECO [NTU]
# name 11 = prdM: Pressure, Strain Gauge [db]
# name 12 = prdE: Pressure, Strain Gauge [psi]
# name 13 = tv290C: Temperature [ITS-90, deg C]
# name 14 = flag:  0.000e+00
# span 0 =     -0.608,      9.763       
# span 1 =     -0.386,      0.223       
# span 2 =    -0.2990,     8.0804       
# span 3 =     -2.428,     99.054       
# span 4 =      0.564,    331.603       
# span 5 =   0.594574, 242.554745       
# span 6 =    -0.0634,     7.2858       
# span 7 =      6.954,      9.515       
# span 8 = -1240.7455,   310.2162       
# span 9 = 1.2348e-01, 5.3718e+02       
# span 10 =    -0.1776,   372.7568      
# span 11 =     -0.598,      9.577      
# span 12 =     -0.867,     13.891      
# span 13 =    11.5493,    28.5695      
# span 14 = 0.0000e+00, 0.0000e+00      
# interval = seconds: 0.25
# start_time = Jul 28 2025 11:16:23 [Instrument's time stamp, header]
# bad_flag = -9.990e-29
*END*
[from data line 1639]
      4.965      0.007     5.4665     50.798     50.317  37.079143     0.7955      7.913   105.6795 2.1413e-01    19.1381      4.869      7.062    11.8625 0.0000e+00
      4.966      0.006     5.4889     50.726     50.322  37.080116     0.7795      7.912   105.5996 2.0507e-01    19.0757      4.870      7.063    11.8551 0.0000e+00
      4.967      0.005     5.4838     50.727     50.339  37.090829     0.7719      7.912   105.5129 1.9948e-01    19.0686      4.872      7.065    11.8486 0.0000e+00
      4.969      0.005     5.5006     50.767     50.329  37.081756     0.7615      7.912   105.5783 2.0764e-01    19.0177      4.874      7.068    11.8457 0.0000e+00
      4.970      0.004     5.4979     50.807     50.267  37.033868     0.7370      7.912   105.7876 2.1805e-01    18.9050      4.874      7.070    11.8437 0.0000e+00
      4.971      0.003     5.4783     50.858     50.251  37.019459     0.7010      7.912   106.1505 2.1877e-01    18.7649      4.875      7.071    11.8397 0.0000e+00
      4.972      0.003     5.4872     50.909     50.276  37.034452     0.6998      7.912   106.5247 2.1335e-01    18.7581      4.876      7.072    11.8377 0.0000e+00
      4.972      0.003     5.4905     50.977     50.267  37.024775     0.7311      7.911   106.3539 2.0097e-01    18.8916      4.876      7.072    11.8373 0.0000e+00
      4.972      0.004     5.4946     51.081     50.279  37.029366     0.7459      7.911   105.8063 1.9624e-01    18.9438      4.875      7.071    11.8349 0.0000e+00
      4.973      0.005     5.5014     51.163     50.281  37.026499     0.7285      7.910   105.7539 2.0256e-01    18.8428      4.876      7.072    11.8318 0.0000e+00
      4.975      0.007     5.5078     51.213     50.236  36.990105     0.6959      7.909   106.2377 1.9735e-01    18.6952      4.878      7.075    11.8286 0.0000e+00
      4.978      0.010     5.5112     51.278     50.215  36.970058     0.7103      7.909   106.8372 1.8227e-01    18.6617      4.881      7.080    11.8253 0.0000e+00
      4.980      0.012     5.5291     51.380     50.226  36.974477     0.7697      7.909   106.9798 1.7858e-01    18.7117      4.883      7.083    11.8215 0.0000e+00
      4.983      0.014     5.5377     51.493     50.238  36.980076     0.7977      7.909   106.5848 1.9018e-01    18.7187      4.885      7.087    11.8173 0.0000e+00
      4.987      0.016     5.5408     51.589     50.234  36.974293     0.7818      7.909   106.3637 1.8557e-01    18.6096      4.890      7.093    11.8135 0.0000e+00
      4.992      0.017     5.5482     51.682     50.229  36.968004     0.7447      7.909   106.4582 1.7050e-01    18.4173      4.895      7.100    11.8091 0.0000e+00
      4.997      0.017     5.5597     51.728     50.233  36.967494     0.7235      7.909   106.6087 1.7970e-01    18.4097      4.901      7.108    11.8045 0.0000e+00
      5.002      0.016     5.5768     51.720     50.238  36.968117     0.7419      7.909   106.7205 1.8910e-01    18.5856      4.905      7.114    11.8016 0.0000e+00
      5.006      0.015     5.5819     51.710     50.252  36.975539     0.7593      7.909   106.9487 1.7556e-01    18.6997      4.909      7.120    11.7998 0.0000e+00
      5.010      0.014     5.5980     51.739     50.279  36.993772     0.7419      7.909   107.2169 1.6757e-01    18.7637      4.914      7.127    11.7972 0.0000e+00
      5.013      0.012     5.6031     51.826     50.288  36.998197     0.7064      7.908   107.1243 1.7878e-01    18.8474      4.917      7.131    11.7934 0.0000e+00
      5.015      0.011     5.5990     51.911     50.245  36.965587     0.7045      7.907   106.8613 1.7976e-01    18.9605      4.918      7.134    11.7895 0.0000e+00
      5.018      0.010     5.5983     51.899     50.179  36.916759     0.7365      7.907   106.7907 1.6508e-01    19.0719      4.920      7.137    11.7874 0.0000e+00
      5.021      0.009     5.5990     51.813     50.176  36.915468     0.7432      7.907   107.3884 1.6039e-01    19.0672      4.923      7.141    11.7856 0.0000e+00
      5.024      0.009     5.6114     51.750     50.220  36.949980     0.7194      7.906   108.2375 1.6690e-01    19.1769      4.927      7.146    11.7834 0.0000e+00
      5.026      0.010     5.6269     51.715     50.221  36.953307     0.6986      7.905   108.1961 1.7376e-01    19.5446      4.929      7.149    11.7825 0.0000e+00
      5.027      0.010     5.6245     51.680     50.220  36.955704     0.7084      7.906   107.8338 1.7221e-01    19.8581      4.930      7.150    11.7816 0.0000e+00
      5.030      0.010     5.6078     51.668     50.246  36.978961     0.7371      7.906   107.4700 1.6210e-01    19.9949      4.933      7.154    11.7818 0.0000e+00
      5.033      0.011     5.6028     51.719     50.245  36.980688     0.7292      7.906   106.9809 1.5944e-01    19.6615      4.935      7.158    11.7852 0.0000e+00
      5.035      0.011     5.6001     51.827     50.239  36.976589     0.6963      7.906   107.5991 1.6099e-01    18.9702      4.938      7.162    11.7881 0.0000e+00
      5.038      0.011     5.5950     51.932     50.260  36.992855     0.6886      7.905   109.0936 1.5769e-01    18.6385      4.940      7.165    11.7900 0.0000e+00
      5.042      0.011     5.5909     51.996     50.247  36.986996     0.7111      7.905   109.8216 1.5403e-01    18.6912      4.944      7.171    11.7952 0.0000e+00
      5.045      0.010     5.5952     52.007     50.214  36.969208     0.7525      7.904   109.6047 1.5399e-01    18.7195      4.948      7.176    11.7992 0.0000e+00
      5.047      0.009     5.6116     51.963     50.203  36.968148     0.7722      7.904   109.2245 1.5391e-01    18.5711      4.950      7.179    11.7983 0.0000e+00
      5.050      0.008     5.6233     51.875     50.203  36.974188     0.7507      7.904   109.5264 1.4820e-01    18.4331      4.952      7.182    11.7974 0.0000e+00
      5.052      0.007     5.6299     51.751     50.207  36.978789     0.7329      7.903   110.3300 1.4793e-01    18.4174      4.954      7.185    11.8010 0.0000e+00
      5.053      0.007     5.6316     51.664     50.182  36.960329     0.7403      7.903   110.7667 1.5431e-01    18.4838      4.955      7.187    11.8075 0.0000e+00
      5.054      0.007     5.6232     51.674     50.156  36.941354     0.7483      7.903   110.8484 1.6162e-01    18.5878      4.956      7.188    11.8164 0.0000e+00
      5.056      0.008     5.6148     51.709     50.156  36.939731     0.7301      7.902   110.8883 1.7532e-01    18.5813      4.957      7.191    11.8238 0.0000e+00
      5.059      0.008     5.5980     51.759     50.162  36.940709     0.6955      7.902   110.9052 1.8283e-01    18.5418      4.960      7.196    11.8246 0.0000e+00
      5.061      0.008     5.5826     51.874     50.186  36.953168     0.6869      7.902   110.7086 1.7418e-01    18.6223      4.963      7.198    11.8228 0.0000e+00
      5.063      0.008     5.5915     52.003     50.206  36.963456     0.7099      7.902   110.4897 1.6375e-01    18.7010      4.965      7.202    11.8236 0.0000e+00
      5.065      0.007     5.5951     52.104     50.179  36.938187     0.7321      7.903   110.5817 1.5711e-01    18.6397      4.967      7.205    11.8231 0.0000e+00
      5.066      0.007     5.5953     52.214     50.138  36.901458     0.7224      7.903   110.7885 1.4989e-01    18.4954      4.968      7.206    11.8187 0.0000e+00
      5.067      0.007     5.6135     52.313     50.144  36.900097     0.6932      7.902   110.9249 1.5095e-01    18.4259      4.969      7.208    11.8138 0.0000e+00
      5.069      0.008     5.6307     52.331     50.180  36.921714     0.6700      7.901   110.5964 1.6264e-01    18.5159      4.971      7.210    11.8090 0.0000e+00
      5.071      0.009     5.6381     52.271     50.170  36.909004     0.6577      7.901   109.9139 1.7042e-01    18.6611      4.973      7.213    11.8038 0.0000e+00
      5.074      0.012     5.6519     52.164     50.129  36.873333     0.6692      7.901   109.7281 1.6864e-01    18.6448      4.975      7.216    11.7968 0.0000e+00
      5.076      0.015     5.6686     52.013     50.134  36.871138     0.6683      7.902   109.8982 1.6316e-01    18.5234      4.978      7.220    11.7915 0.0000e+00
      5.080      0.017     5.6694     51.835     50.156  36.882467     0.6378      7.901   110.0784 1.5896e-01    18.6960      4.981      7.225    11.7868 0.0000e+00
      5.086      0.019     5.6616     51.674     50.162  36.883384     0.6254      7.901   110.1861 1.5474e-01    19.1270      4.987      7.232    11.7810 0.0000e+00
      5.092      0.020     5.6519     51.569     50.163  36.882229     0.6347      7.901   109.9098 1.5022e-01    19.3625      4.994      7.242    11.7757 0.0000e+00
      5.099      0.020     5.6353     51.529     50.146  36.868499     0.6339      7.901   109.4904 1.4383e-01    19.3568      5.001      7.253    11.7699 0.0000e+00
      5.104      0.019     5.6152     51.586     50.116  36.844282     0.6234      7.901   109.3314 1.3948e-01    19.1268      5.005      7.259    11.7648 0.0000e+00
      5.108      0.018     5.5953     51.738     50.117  36.843232     0.6333      7.901   109.4498 1.4078e-01    18.8359      5.009      7.265    11.7608 0.0000e+00
      5.111      0.016     5.5859     51.890     50.137  36.855809     0.6616      7.901   109.8035 1.3828e-01    18.8455      5.012      7.269    11.7592 0.0000e+00
      5.114      0.015     5.5794     52.002     50.157  36.869434     0.6831      7.900   109.9939 1.3220e-01    18.9353      5.016      7.274    11.7580 0.0000e+00
      5.119      0.015     5.5839     52.082     50.170  36.881067     0.6768      7.899   109.8593 1.2882e-01    18.7947      5.020      7.280    11.7564 0.0000e+00
      5.123      0.014     5.6082     52.126     50.146  36.869547     0.6440      7.899   109.8106 1.3025e-01    18.5466      5.024      7.286    11.7542 0.0000e+00
      5.127      0.014     5.6249     52.129     50.118  36.857065     0.6350      7.899   109.8358 1.3267e-01    18.4628      5.028      7.293    11.7516 0.0000e+00
      5.130      0.014     5.6364     52.099     50.108  36.857074     0.6689      7.899   109.7343 1.3241e-01    18.5673      5.031      7.297    11.7499 0.0000e+00
      5.133      0.014     5.6455     52.065     50.123  36.869661     0.6794      7.899   109.6149 1.3556e-01    18.6486      5.034      7.301    11.7517 0.0000e+00
      5.136      0.014     5.6494     52.043     50.145  36.882343     0.6372      7.899   109.5969 1.3859e-01    18.6252      5.037      7.305    11.7588 0.0000e+00
      5.140      0.014     5.6485     52.046     50.154  36.883497     0.6069      7.898   109.6030 1.3277e-01    18.5924      5.041      7.311    11.7686 0.0000e+00
      5.144      0.014     5.6420     52.083     50.164  36.883602     0.6303      7.898   109.6020 1.3060e-01    18.6962      5.044      7.316    11.7771 0.0000e+00
      5.147      0.014     5.6381     52.120     50.172  36.883613     0.6536      7.898   109.7575 1.3594e-01    18.8214      5.048      7.321    11.7784 0.0000e+00
      5.151      0.015     5.6364     52.150     50.176  36.883614     0.6468      7.898   109.8480 1.3569e-01    18.8754      5.052      7.327    11.7737 0.0000e+00
      5.155      0.015     5.6357     52.215     50.176  36.883614     0.6568      7.897   109.3205 1.3064e-01    19.0077      5.054      7.330    11.7678 0.0000e+00
      5.158      0.014     5.6432     52.310     50.174  36.883613     0.6749      7.897   108.4560 1.2864e-01    19.0890      5.058      7.336    11.7605 0.0000e+00
      5.163      0.012     5.6493     52.385     50.173  36.883604     0.6832      7.897   107.8261 1.2926e-01    19.1068      5.064      7.344    11.7531 0.0000e+00
      5.167      0.011     5.6493     52.421     50.173  36.883509     0.6981      7.896   107.4695 1.3078e-01    19.1208      5.068      7.351    11.7503 0.0000e+00
      5.169      0.011     5.6567     52.426     50.173  36.882459     0.6878      7.896   107.4140 1.3363e-01    18.9503      5.069      7.352    11.7515 0.0000e+00
      5.170      0.011     5.6698     52.433     50.162  36.870912     0.6506      7.896   107.4986 1.3298e-01    18.7188      5.069      7.352    11.7531 0.0000e+00
      5.171      0.012     5.6783     52.468     50.168  36.870807     0.6307      7.896   107.2879 1.2896e-01    18.6116      5.071      7.354    11.7537 0.0000e+00
      5.174      0.015     5.6817     52.505     50.188  36.881183     0.6391      7.896   106.9314 1.2559e-01    18.6790      5.073      7.358    11.7533 0.0000e+00
      5.178      0.019     5.6812     52.509     50.178  36.869447     0.6610      7.897   106.9742 1.2428e-01    18.8503      5.078      7.365    11.7527 0.0000e+00
      5.185      0.021     5.6803     52.478     50.164  36.855812     0.6620      7.897   107.2893 1.2785e-01    18.8378      5.084      7.374    11.7501 0.0000e+00
      5.193      0.022     5.6866     52.440     50.151  36.843234     0.6434      7.897   107.7293 1.3119e-01    18.6644      5.092      7.385    11.7450 0.0000e+00
      5.199      0.024     5.6932     52.433     50.155  36.844274     0.6354      7.897   108.0789 1.2769e-01    18.5982      5.099      7.396    11.7398 0.0000e+00
      5.203      0.025     5.6938     52.460     50.189  36.868379     0.6405      7.897   107.9026 1.2394e-01    18.6869      5.103      7.401    11.7354 0.0000e+00
      5.208      0.027     5.6899     52.482     50.206  36.880870     0.6635      7.896   107.5758 1.2367e-01    18.8145      5.106      7.406    11.7318 0.0000e+00
      5.214      0.027     5.6844     52.521     50.188  36.868388     0.6717      7.895   107.4835 1.2373e-01    18.8090      5.112      7.415    11.7293 0.0000e+00
      5.223      0.027     5.6826     52.596     50.154  36.844368     0.6486      7.895   107.4753 1.2370e-01    18.6885      5.123      7.428    11.7275 0.0000e+00
      5.233      0.026     5.6899     52.660     50.153  36.844274     0.6412      7.894   107.4769 1.2365e-01    18.6901      5.133      7.445    11.7265 0.0000e+00
      5.240      0.023     5.6900     52.702     50.185  36.867244     0.6573      7.894   107.6744 1.2367e-01    18.8278      5.140      7.456    11.7270 0.0000e+00
      5.245      0.019     5.6916     52.721     50.188  36.868275     0.6776      7.894   107.8854 1.2372e-01    18.9189      5.144      7.461    11.7273 0.0000e+00
      5.248      0.014     5.7048     52.703     50.175  36.856736     0.6782      7.894   107.7047 1.2394e-01    18.8689      5.146      7.464    11.7283 0.0000e+00
      5.250      0.011     5.7099     52.661     50.174  36.854646     0.6638      7.893   107.3818 1.2414e-01    18.7364      5.149      7.467    11.7293 0.0000e+00
      5.252      0.010     5.7147     52.632     50.160  36.843005     0.6872      7.893   107.2517 1.2393e-01    18.7510      5.151      7.470    11.7285 0.0000e+00
      5.253      0.011     5.7181     52.626     50.161  36.842892     0.7289      7.893   107.9379 1.2364e-01    18.9090      5.151      7.471    11.7269 0.0000e+00
      5.256      0.013     5.7158     52.614     50.177  36.853275     0.7429      7.893   109.2264 1.2363e-01    18.9722      5.153      7.474    11.7254 0.0000e+00
      5.260      0.016     5.7098     52.599     50.162  36.841633     0.7320      7.892   109.8383 1.2370e-01    18.8672      5.158      7.482    11.7244 0.0000e+00
      5.265      0.019     5.7051     52.597     50.146  36.829037     0.7049      7.892   109.6577 1.2407e-01    18.6977      5.162      7.488    11.7231 0.0000e+00
      5.270      0.021     5.7083     52.624     50.144  36.827892     0.7060      7.892   109.2799 1.2441e-01    18.6659      5.168      7.494    11.7219 0.0000e+00
      5.277      0.021     5.7051     52.664     50.142  36.827788     0.7373      7.891   109.2276 1.2405e-01    18.7895      5.175      7.505    11.7209 0.0000e+00
