Data/DataNotYetUploadedToEDI/Raw_CTD/RawDownloads/072825_bvr50_S8188008.cnv
* Sea-Bird SBE19plus  Data File:
* FileName = C:\R\Reservoirs\Data\DataNotYetUploadedToEDI\Raw_CTD\RawDownloads\071425_bvr50_S8188_0008.hex
* Software version 2.8.0.119
* Temperature SN = 8188
* Conductivity SN = 8188
* System UpLoad Time = Aug 21 2025 13:38:44
* <ApplicationData>
* <Seaterm232>
# nquan = 16
# nvalues = 2217                        
# units = specified
# name 0 = depFM: Depth [fresh water, m]
# name 1 = dz/dtM: Descent Rate [m/s]
# name 2 = sbeox0Mg/L: Oxygen, SBE 43 [mg/l]
# name 3 = sbeox0PS: Oxygen, SBE 43 [% saturation]
# name 4 = specc: Specific Conductance [uS/cm]
# name 5 = c0uS/cm: Conductivity [uS/cm]
# name 6 = wetCDOM: Fluorescence, WET Labs CDOM [mg/m^3]
# name 7 = flECO-AFL: Fluorescence, WET Labs ECO-AFL/FL [mg/m^3]
# name 8 = flECO-AFL1: Fluorescence, WET Labs ECO-AFL/FL, 2 [mg/m^3]
# name 9 = flECO-AFL2: Fluorescence, WET Labs ECO-AFL/FL, 3 [mg/m^3]
# name 10 = par/sat/log: PAR/Logarithmic, Satlantic
# name 11 = turbWETntu0: Turbidity, WET Labs ECO [NTU]
# name 12 = prdM: Pressure, Strain Gauge [db]
# name 13 = prdE: Pressure, Strain Gauge [psi]
# name 14 = tv290C: Temperature [ITS-90, deg C]
# name 15 = flag:  0.000e+00
# span 0 =     -0.680,      5.773       
# span 1 =     -0.329,      0.206       
# span 2 =     3.3085,    18.0304       
# span 3 =     33.614,    185.045       
# span 4 =      0.475,     94.278       
# span 5 =   0.493030,  80.851776       
# span 6 =    -4.5000,    60.1200       
# span 7 =    -0.7576,   163.2311       
# span 8 =    -5.0268,     0.8520       
# span 9 =    -5.4567,    29.1024       
# span 10 = 1.1582e-01, 1.6464e+03      
# span 11 =    -1.5332,   233.6891      
# span 12 =     -0.667,      5.662      
# span 13 =     -0.967,      8.212      
# span 14 =    15.9476,    28.1921      
# span 15 = 0.0000e+00, 0.0000e+00      
# interval = seconds: 0.25
# start_time = Jul 28 2025 09:27:45 [Instrument's time stamp, header]
# bad_flag = -9.990e-29
*END*
[from data line 633]
      0.128      0.002     7.5671     96.681     10.372  10.987049    19.4400     3.5302     0.1278     1.2267 7.8937e+02     5.1892      0.126      0.182    27.9554 0.0000e+00
      0.129      0.003     7.5673     96.718     10.224  10.830606    19.4400     3.5149     0.1704     1.2690 6.1898e+02     5.1590      0.126      0.183    27.9565 0.0000e+00
      0.130      0.003     7.5685     96.757     10.171  10.774186    19.4400     3.5302     0.1704     1.2690 4.6899e+02     5.0381      0.127      0.185    27.9576 0.0000e+00
      0.130      0.003     7.5704     96.794     10.197  10.802742    19.4400     3.5378     0.1704     1.2690 5.2635e+02     5.1741      0.128      0.186    27.9586 0.0000e+00
      0.131      0.002     7.5727     96.826     10.139  10.740844    19.4400     3.6484     0.1704     1.2690 6.1710e+02     5.1288      0.129      0.187    27.9597 0.0000e+00
      0.132      0.002     7.5754     96.846      9.930  10.520252    19.4400     3.6370     0.1278     1.3536 5.9150e+02     5.1892      0.129      0.188    27.9607 0.0000e+00
      0.132      0.001     7.5783     96.852      9.836  10.420366    19.4400     3.6523     0.1278     1.3536 5.0847e+02     5.0684      0.130      0.188    27.9617 0.0000e+00
      0.132      0.001     7.5812     96.841     10.018  10.613503    19.4400     3.6523     0.1278     1.3536 7.1412e+02     5.1590      0.130      0.189    27.9627 0.0000e+00
      0.132      0.001     7.5835     96.818     10.210  10.816920    19.4400     3.4005     0.1278     1.3536 8.3488e+02     5.0684      0.130      0.188    27.9636 0.0000e+00
      0.132      0.000     7.5850     96.792     10.215  10.822244    19.5300     3.4005     0.1278     1.2690 6.9288e+02     5.1741      0.130      0.188    27.9646 0.0000e+00
      0.132      0.000     7.5853     96.766     10.113  10.714460    19.5300     3.3929     0.1278     1.2690 6.6399e+02     5.0381      0.130      0.188    27.9655 0.0000e+00
      0.132      0.000     7.5843     96.742      9.988  10.582216    19.5300     3.4081     0.1278     1.2690 5.5682e+02     5.1288      0.130      0.189    27.9665 0.0000e+00
      0.133      0.000     7.5824     96.724      9.923  10.513600    19.5300     3.5302     0.1278     1.2690 1.0223e+03     5.1741      0.130      0.189    27.9674 0.0000e+00
      0.133      0.000     7.5802     96.713      9.966  10.559949    19.5300     3.5378     0.1278     1.2690 4.4710e+02     5.1288      0.131      0.189    27.9684 0.0000e+00
      0.133      0.000     7.5781     96.707     10.072  10.671946    19.4400     3.5454     0.1278     1.3113 1.0177e+03     5.2194      0.131      0.189    27.9694 0.0000e+00
      0.133      0.000     7.5760     96.702     10.219  10.827729    19.4400     3.5302     0.1278     1.3113 5.7402e+02     5.1439      0.131      0.189    27.9704 0.0000e+00
      0.133      0.000     7.5744     96.697     10.388  11.007163    19.4400     3.5226     0.1278     1.3113 4.2790e+02     5.1137      0.130      0.189    27.9714 0.0000e+00
      0.133      0.000     7.5735     96.691     10.517  11.144688    19.4400     3.5073     0.1278     1.3113 5.5561e+02     5.1892      0.130      0.189    27.9724 0.0000e+00
      0.133      0.001     7.5728     96.685     10.563  11.193412    19.4400     3.5340     0.1704     1.2267 5.8919e+02     5.1741      0.130      0.189    27.9734 0.0000e+00
      0.133      0.001     7.5723     96.688     10.524  11.152400    19.4400     3.5454     0.1704     1.2267 5.0342e+02     5.1439      0.130      0.189    27.9743 0.0000e+00
      0.133      0.001     7.5718     96.703     10.417  11.038573    19.4400     3.5874     0.1704     1.2267 5.2100e+02     5.0986      0.131      0.189    27.9753 0.0000e+00
      0.134      0.001     7.5712     96.726     10.259  10.871317    19.4400     3.5874     0.1704     1.2267 6.3588e+02     5.1741      0.131      0.190    27.9763 0.0000e+00
      0.134      0.001     7.5706     96.752     10.110  10.713470    19.4400     3.5798     0.1278     1.0998 4.4092e+02     5.2043      0.132      0.191    27.9772 0.0000e+00
      0.134      0.002     7.5707     96.777     10.080  10.682106    19.4400     3.6103     0.1278     1.0998 7.1041e+02     5.1892      0.132      0.191    27.9781 0.0000e+00
      0.134      0.002     7.5718     96.799     10.182  10.790745    19.4400     3.5454     0.1278     1.0998 4.6960e+02     5.1741      0.132      0.191    27.9790 0.0000e+00
      0.135      0.003     7.5735     96.816     10.320  10.937047    19.4400     3.5226     0.1278     1.0998 6.3824e+02     5.1439      0.133      0.192    27.9799 0.0000e+00
      0.135      0.003     7.5754     96.829     10.449  11.074472    19.4400     3.5454     0.1278     1.3536 5.5501e+02     5.1892      0.133      0.193    27.9807 0.0000e+00
      0.136      0.004     7.5772     96.840     10.567  11.199877    19.4400     3.5302     0.1278     1.3536 6.9938e+02     5.0684      0.134      0.194    27.9816 0.0000e+00
      0.138      0.004     7.5788     96.855     10.653  11.290990    19.4400     3.5302     0.1278     1.3536 5.2601e+02     5.1741      0.135      0.196    27.9825 0.0000e+00
      0.139      0.003     7.5800     96.873     10.694  11.334305    19.4400     3.5493     0.1278     1.3536 5.3048e+02     5.2345      0.137      0.198    27.9834 0.0000e+00
      0.140      0.002     7.5809     96.893     10.697  11.337393    19.4400     3.5569     0.1278     1.3536 5.2612e+02     5.0684      0.138      0.200    27.9844 0.0000e+00
      0.141      0.001     7.5817     96.916     10.621  11.257305    19.4400     3.5340     0.1278     1.2267 5.6708e+02     5.2194      0.139      0.201    27.9854 0.0000e+00
      0.141     -0.001     7.5827     96.939     10.479  11.106509    19.4400     3.4730     0.1278     1.2267 4.5002e+02     4.9626      0.139      0.201    27.9863 0.0000e+00
      0.141     -0.004     7.5839     96.961     10.339  10.958203    19.4400     3.4730     0.1278     1.2267 4.8013e+02     4.9324      0.138      0.200    27.9873 0.0000e+00
      0.139     -0.007     7.5854     96.974     10.160  10.768861    19.4400     3.4615     0.1278     1.2267 4.2235e+02     4.9022      0.137      0.199    27.9882 0.0000e+00
      0.137     -0.010     7.5871     96.973      9.844  10.434270    19.4400     3.4539     0.1278     1.1844 6.6197e+02     4.8720      0.135      0.196    27.9891 0.0000e+00
      0.135     -0.015     7.5888     96.953      9.474  10.042274    19.4400     3.4501     0.1278     1.1844 6.3450e+02     5.1288      0.132      0.192    27.9899 0.0000e+00
      0.131     -0.020     7.5904     96.914      9.385   9.947912    19.4400     3.4997     0.1278     1.1844 6.1149e+02     5.1439      0.129      0.187    27.9908 0.0000e+00
      0.126     -0.026     7.5913     96.848      9.571  10.145905    19.4400     3.4959     0.1278     1.1844 4.8706e+02     5.2043      0.124      0.180    27.9916 0.0000e+00
      0.119     -0.033     7.5911     96.755      9.592  10.167798    19.4400     3.4730     0.1278     1.1844 7.8611e+02     5.1590      0.117      0.170    27.9924 0.0000e+00
      0.110     -0.042     7.5895     96.639      9.234   9.788653    19.4400     3.5149     0.1278     1.1844 5.4925e+02     5.0835      0.108      0.156    27.9931 0.0000e+00
      0.098     -0.052     7.5863     96.502      8.362   8.863592    19.4400     3.5302     0.1278     1.1844 5.6450e+02     5.0684      0.096      0.140    27.9938 0.0000e+00
      0.084     -0.063     7.5811     96.336      7.073   7.498032    19.4400     3.5378     0.1278     1.1844 4.5951e+02     5.1137      0.083      0.120    27.9945 0.0000e+00
      0.068     -0.076     7.5737     96.128      5.912   6.266823    19.3500     3.5378     0.1278     1.2267 6.0370e+02     5.1590      0.067      0.097    27.9951 0.0000e+00
      0.049     -0.090     7.5646     95.859      5.063   5.366845    19.3500     3.4005     0.1278     1.2267 5.4675e+02     5.0986      0.048      0.069    27.9958 0.0000e+00
      0.024     -0.102     7.5538     95.506      4.439   4.705291    19.3500     3.4005     0.1278     1.2267 7.9315e+02     5.0986      0.024      0.034    27.9964 0.0000e+00
     -0.006     -0.109     7.5407     95.071      4.123   4.370274    19.3500     3.4196     0.1278     1.2267 1.0423e+03     5.1288     -0.006     -0.009    27.9969 0.0000e+00
     -0.040     -0.110     7.5244     94.588      4.287   4.544929    19.3500     3.4272     0.1278     1.2267 1.3622e+03     5.0835     -0.039     -0.057    27.9973 0.0000e+00
     -0.075     -0.103     7.5033     94.105      5.087   5.393168    19.4400     2.8397     0.1278     1.3113 1.2677e+03     5.2950     -0.073     -0.106    27.9974 0.0000e+00
     -0.104     -0.091     7.4757     93.675      6.347   6.729470    19.4400     2.8359     0.1278     1.3113 1.2975e+03     5.4309     -0.102     -0.149    27.9975 0.0000e+00
     -0.126     -0.074     7.4417     93.340      7.944   8.422887    19.4400     2.8435     0.1278     1.3113 1.3720e+03     5.3856     -0.124     -0.179    27.9977 0.0000e+00
     -0.139     -0.055     7.4037     93.120     10.426  11.054298    19.4400     2.8664     0.1278     1.3113 1.3203e+03     5.4007     -0.137     -0.199    27.9982 0.0000e+00
     -0.148     -0.039     7.3658     93.022     13.540  14.356291    19.4400     2.5918     0.1704     1.0998 1.2209e+03     4.9022     -0.145     -0.210    27.9990 0.0000e+00
     -0.153     -0.025     7.3320     93.037     15.815  16.769841    19.4400     2.5879     0.1704     1.0998 8.6706e+02     4.8871     -0.150     -0.218    28.0003 0.0000e+00
     -0.157     -0.016     7.3055     93.139     16.650  17.655079    19.4400     2.5803     0.1704     1.0998 1.1283e+03     4.9173     -0.154     -0.223    28.0020 0.0000e+00
     -0.160     -0.010     7.2880     93.289     16.260  17.242099    19.4400     2.5841     0.1704     1.0998 1.1320e+03     4.9626     -0.157     -0.227    28.0042 0.0000e+00
     -0.161     -0.007     7.2800     93.449     14.630  15.514335    19.4400     2.9160     0.1278     1.1421 1.1359e+03     5.1439     -0.158     -0.229    28.0066 0.0000e+00
     -0.161     -0.006     7.2808     93.589     12.396  13.145358    19.4400     2.9084     0.1278     1.1421 1.1543e+03     5.0986     -0.159     -0.230    28.0091 0.0000e+00
     -0.162     -0.005     7.2885     93.694     10.847  11.503358    19.4400     2.9122     0.1278     1.1421 9.9773e+02     5.1741     -0.159     -0.230    28.0116 0.0000e+00
     -0.162     -0.006     7.2999     93.767     10.038  10.646065    19.4400     2.9084     0.1278     1.1421 3.4246e+02     5.1439     -0.160     -0.231    28.0139 0.0000e+00
     -0.164     -0.008     7.3121     93.811      9.116   9.668445    19.4400     3.0266     0.1278     1.1421 6.8316e+02     5.1590     -0.161     -0.234    28.0161 0.0000e+00
     -0.167     -0.010     7.3229     93.833      8.186   8.681802    19.4400     2.9999     0.1704     1.1421 1.2096e+03     5.1137     -0.164     -0.237    28.0179 0.0000e+00
     -0.170     -0.010     7.3310     93.842      8.147   8.640474    19.4400     3.0610     0.1704     1.1421 1.1426e+03     5.1288     -0.167     -0.242    28.0195 0.0000e+00
     -0.174     -0.010     7.3364     93.848      9.469  10.042676    19.4400     3.0457     0.1704     1.1421 1.1399e+03     5.1288     -0.170     -0.247    28.0209 0.0000e+00
     -0.178     -0.008     7.3398     93.859     11.829  12.546231    19.4400     3.0839     0.1704     1.1421 5.4131e+02     5.0381     -0.174     -0.252    28.0220 0.0000e+00
     -0.180     -0.005     7.3414     93.874     14.058  14.910581    19.4400     3.0839     0.1278     1.2267 4.5287e+02     5.1590     -0.176     -0.256    28.0229 0.0000e+00
     -0.180     -0.002     7.3420     93.888     14.633  15.521320    19.4400     3.0839     0.1278     1.2267 3.0680e+02     5.1590     -0.177     -0.256    28.0238 0.0000e+00
     -0.180      0.000     7.3423     93.895     13.473  14.290565    19.4400     3.0877     0.1278     1.2267 1.3545e+03     5.1741     -0.176     -0.255    28.0245 0.0000e+00
     -0.178      0.002     7.3430     93.901     11.942  12.667487    19.4400     3.2174     0.1278     1.2267 1.2138e+03     5.0986     -0.175     -0.253    28.0253 0.0000e+00
     -0.177      0.003     7.3441     93.906     11.232  11.914718    19.4400     3.2212     0.1278     1.2267 1.1481e+03     5.1590     -0.174     -0.252    28.0262 0.0000e+00
     -0.176      0.004     7.3450     93.909     11.645  12.352760    19.4400     3.2021     0.1278     1.2267 1.2353e+03     5.1590     -0.173     -0.251    28.0270 0.0000e+00
     -0.176      0.004     7.3455     93.908     12.619  13.386192    19.4400     3.2059     0.1278     1.2267 1.2575e+03     5.0230     -0.173     -0.250    28.0279 0.0000e+00
     -0.175      0.003     7.3459     93.902     13.452  14.269904    19.4400     3.1525     0.1278     1.2267 1.2294e+03     5.1288     -0.172     -0.249    28.0288 0.0000e+00
     -0.174      0.003     7.3462     93.896     13.736  14.570916    19.4400     3.1373     0.1278     1.1844 1.2209e+03     5.2345     -0.171     -0.247    28.0297 0.0000e+00
     -0.173      0.003     7.3463     93.897     13.229  14.033161    19.4400     3.1449     0.1278     1.1844 1.2537e+03     5.1741     -0.170     -0.245    28.0307 0.0000e+00
     -0.172      0.003     7.3460     93.905     12.041  12.773927    19.4400     3.1602     0.1278     1.1844 1.2902e+03     5.1741     -0.169     -0.244    28.0317 0.0000e+00
     -0.171      0.002     7.3454     93.914     10.765  11.420547    19.4400     3.2555     0.1278     1.1844 1.2832e+03     5.0986     -0.168     -0.244    28.0327 0.0000e+00
     -0.171      0.002     7.3448     93.921      9.893  10.495591    19.4400     3.2860     0.1278     1.1844 1.2715e+03     5.1892     -0.168     -0.243    28.0337 0.0000e+00
     -0.170      0.002     7.3448     93.926      9.440  10.015032    19.4400     3.2708     0.1704     1.2267 1.2857e+03     5.1590     -0.167     -0.242    28.0347 0.0000e+00
     -0.170      0.002     7.3453     93.929      9.285   9.850720    19.4400     3.2860     0.1704     1.2267 1.3054e+03     5.0381     -0.167     -0.242    28.0357 0.0000e+00
     -0.169      0.002     7.3459     93.929      9.349   9.919051    19.4400     3.4730     0.1704     1.2267 1.3182e+03     5.4007     -0.166     -0.241    28.0367 0.0000e+00
     -0.169      0.002     7.3463     93.928      9.566  10.148720    19.4400     3.4653     0.1704     1.2267 1.3162e+03     5.4007     -0.166     -0.240    28.0376 0.0000e+00
     -0.168      0.002     7.3467     93.924      9.898  10.501499    19.5300     3.4577     0.1278     1.3113 1.3171e+03     5.3403     -0.165     -0.239    28.0384 0.0000e+00
     -0.168      0.002     7.3468     93.920     10.328  10.958059    19.5300     3.4615     0.1278     1.3113 1.3134e+03     5.3705     -0.165     -0.239    28.0392 0.0000e+00
     -0.167      0.001     7.3467     93.917     10.826  11.486952    19.5300     3.5798     0.1278     1.3113 1.3120e+03     5.1590     -0.164     -0.238    28.0400 0.0000e+00
     -0.167      0.001     7.3465     93.914     11.353  12.046170    19.5300     3.6027     0.1278     1.3113 1.3071e+03     5.2194     -0.164     -0.238    28.0408 0.0000e+00
     -0.167      0.002     7.3461     93.911     11.802  12.522190    19.4400     3.5721     0.1278     1.2690 1.3151e+03     5.1590     -0.164     -0.237    28.0416 0.0000e+00
     -0.166      0.002     7.3456     93.907     12.094  12.833026    19.4400     3.5950     0.1278     1.2690 1.3237e+03     5.1590     -0.163     -0.237    28.0423 0.0000e+00
     -0.166      0.002     7.3453     93.904     12.304  13.055599    19.4400     3.5149     0.1278     1.2690 1.3211e+03     5.3252     -0.163     -0.236    28.0431 0.0000e+00
     -0.165      0.002     7.3450     93.905     12.503  13.267171    19.4400     3.5226     0.1278     1.2690 1.3134e+03     5.4611     -0.162     -0.235    28.0438 0.0000e+00
