Data/DataNotYetUploadedToEDI/Raw_CTD/RawDownloads/072825_bvr50_S8188008.cnv
* Sea-Bird SBE19plus  Data File:
* FileName = C:\R\Reservoirs\Data\DataNotYetUploadedToEDI\Raw_CTD\RawDownloads\071425_bvr50_S8188_0008.hex
* Software version 2.8.0.119
* Temperature SN = 8188
* Conductivity SN = 8188
* System UpLoad Time = Aug 21 2025 13:38:44
* <ApplicationData>
* <Seaterm232>
# nquan = 16
# nvalues = 2217                        
# units = specified
# name 0 = depFM: Depth [fresh water, m]
# name 1 = dz/dtM: Descent Rate [m/s]
# name 2 = sbeox0Mg/L: Oxygen, SBE 43 [mg/l]
# name 3 = sbeox0PS: Oxygen, SBE 43 [% saturation]
# name 4 = specc: Specific Conductance [uS/cm]
# name 5 = c0uS/cm: Conductivity [uS/cm]
# name 6 = wetCDOM: Fluorescence, WET Labs CDOM [mg/m^3]
# name 7 = flECO-AFL: Fluorescence, WET Labs ECO-AFL/FL [mg/m^3]
# name 8 = flECO-AFL1: Fluorescence, WET Labs ECO-AFL/FL, 2 [mg/m^3]
# name 9 = flECO-AFL2: Fluorescence, WET Labs ECO-AFL/FL, 3 [mg/m^3]
# name 10 = par/sat/log: PAR/Logarithmic, Satlantic
# name 11 = turbWETntu0: Turbidity, WET Labs ECO [NTU]
# name 12 = prdM: Pressure, Strain Gauge [db]
# name 13 = prdE: Pressure, Strain Gauge [psi]
# name 14 = tv290C: Temperature [ITS-90, deg C]
# name 15 = flag:  0.000e+00
# span 0 =     -0.680,      5.773       
# span 1 =     -0.329,      0.206       
# span 2 =     3.3085,    18.0304       
# span 3 =     33.614,    185.045       
# span 4 =      0.475,     94.278       
# span 5 =   0.493030,  80.851776       
# span 6 =    -4.5000,    60.1200       
# span 7 =    -0.7576,   163.2311       
# span 8 =    -5.0268,     0.8520       
# span 9 =    -5.4567,    29.1024       
# span 10 = 1.1582e-01, 1.6464e+03      
# span 11 =    -1.5332,   233.6891      
# span 12 =     -0.667,      5.662      
# span 13 =     -0.967,      8.212      
# span 14 =    15.9476,    28.1921      
# span 15 = 0.0000e+00, 0.0000e+00      
# interval = seconds: 0.25
# start_time = Jul 28 2025 09:27:45 [Instrument's time stamp, header]
# bad_flag = -9.990e-29
*END*
[from data line 1718]
      4.331      0.010    12.2333    138.381     47.011  43.559070    48.3300     2.1798     0.1278     2.1150 1.1605e-01     5.1590      4.247      6.160    21.3834 0.0000e+00
      4.333      0.011    12.2397    138.406     46.851  43.394877    48.3300     2.1798     0.1278     2.1150 1.1617e-01     5.0533      4.250      6.163    21.3697 0.0000e+00
      4.336      0.011    12.2456    138.437     46.672  43.211188    48.3300     2.1645     0.1278     2.1150 1.1600e-01     5.0835      4.253      6.168    21.3553 0.0000e+00
      4.340      0.012    12.2512    138.477     46.574  43.102503    48.3300     2.1645     0.1278     2.1150 1.1602e-01     5.0986      4.256      6.172    21.3399 0.0000e+00
      4.343      0.012    12.2570    138.521     46.555  43.067739    47.3400     2.1798     0.1278     2.4111 1.1600e-01     5.1741      4.259      6.177    21.3233 0.0000e+00
      4.346      0.012    12.2634    138.565     46.622  43.111574    47.3400     2.1721     0.1278     2.4111 1.1610e-01     5.0986      4.262      6.181    21.3058 0.0000e+00
      4.349      0.012    12.2705    138.605     46.857  43.311457    47.3400     2.1569     0.1278     2.4111 1.1600e-01     5.1741      4.265      6.185    21.2874 0.0000e+00
      4.352      0.012    12.2785    138.643     47.168  43.581190    47.3400     1.8784     0.1278     2.4111 1.1600e-01     5.4762      4.268      6.190    21.2685 0.0000e+00
      4.355      0.013    12.2870    138.679     47.347  43.729642    47.6100     1.8517     0.1278     2.0727 1.1595e-01     5.6122      4.271      6.194    21.2494 0.0000e+00
      4.358      0.013    12.2955    138.711     47.468  43.824305    47.6100     1.8555     0.1278     2.0727 1.1607e-01     5.5367      4.274      6.199    21.2304 0.0000e+00
      4.361      0.012    12.3036    138.740     47.662  43.988073    47.6100     1.8593     0.1278     2.0727 1.1610e-01     5.6122      4.277      6.203    21.2117 0.0000e+00
      4.365      0.012    12.3113    138.770     47.815  44.113155    47.6100     1.6457     0.1278     2.0727 1.1590e-01     5.1892      4.280      6.208    21.1932 0.0000e+00
      4.368      0.012    12.3188    138.801     47.826  44.109348    47.9700     1.6266     0.1278     2.1573 1.1600e-01     5.1439      4.283      6.212    21.1752 0.0000e+00
      4.371      0.012    12.3259    138.837     47.807  44.077273    47.9700     1.6075     0.1278     2.1573 1.1605e-01     5.2043      4.286      6.216    21.1578 0.0000e+00
      4.373      0.011    12.3325    138.876     47.911  44.159840    47.9700     1.6304     0.1278     2.1573 1.1605e-01     5.0684      4.289      6.221    21.1410 0.0000e+00
      4.376      0.011    12.3390    138.917     48.159  44.375078    47.9700     1.8059     0.1278     2.1573 1.1585e-01     5.4913      4.292      6.225    21.1249 0.0000e+00
      4.379      0.011    12.3455    138.955     48.435  44.616965    48.0600     1.8135     0.1278     2.1996 1.1612e-01     5.6273      4.294      6.229    21.1094 0.0000e+00
      4.382      0.011    12.3523    138.990     48.685  44.834414    48.0600     1.8021     0.1278     2.1996 1.1612e-01     5.6424      4.297      6.233    21.0946 0.0000e+00
      4.385      0.011    12.3592    139.022     48.938  45.055516    48.0600     1.7983     0.1278     2.1996 1.1617e-01     5.5518      4.300      6.236    21.0804 0.0000e+00
      4.387      0.012    12.3661    139.051     49.135  45.225629    48.0600     1.7449     0.1278     2.1996 1.1605e-01     5.1288      4.302      6.240    21.0668 0.0000e+00
      4.390      0.012    12.3726    139.080     49.275  45.342283    48.0600     1.7373     0.1278     2.1996 1.1595e-01     5.0684      4.305      6.244    21.0536 0.0000e+00
      4.393      0.013    12.3788    139.113     49.528  45.564137    47.7000     1.7296     0.1278     2.1573 1.1605e-01     5.0986      4.308      6.249    21.0410 0.0000e+00
      4.397      0.013    12.3846    139.153     49.939  45.930423    47.7000     1.7449     0.1278     2.1573 1.1590e-01     5.0381      4.312      6.253    21.0287 0.0000e+00
      4.400      0.014    12.3901    139.199     50.336  46.283702    47.7000     1.9280     0.1278     2.1573 1.1602e-01     5.1137      4.315      6.258    21.0167 0.0000e+00
      4.404      0.014    12.3955    139.246     50.649  46.560729    47.7000     1.9089     0.1278     2.1573 1.1605e-01     5.0835      4.319      6.264    21.0050 0.0000e+00
      4.408      0.014    12.4012    139.292     50.956  46.831390    47.9700     1.9432     0.1278     2.1150 1.1595e-01     5.1288      4.322      6.269    20.9935 0.0000e+00
      4.412      0.014    12.4075    139.335     51.225  47.066209    47.9700     1.9280     0.1278     2.1150 1.1623e-01     5.0533      4.326      6.274    20.9821 0.0000e+00
      4.415      0.014    12.4144    139.375     51.386  47.202230    47.9700     1.9242     0.1278     2.1150 1.1612e-01     5.3705      4.330      6.280    20.9707 0.0000e+00
      4.419      0.015    12.4214    139.414     51.481  47.277721    47.9700     1.9280     0.1278     2.1150 1.1615e-01     5.4611      4.333      6.285    20.9593 0.0000e+00
      4.423      0.015    12.4283    139.454     51.525  47.304837    47.6100     1.9318     0.1278     2.1150 1.1602e-01     5.4309      4.337      6.290    20.9478 0.0000e+00
      4.426      0.015    12.4350    139.493     51.524  47.290810    47.6100     1.9471     0.1278     2.1150 1.1605e-01     5.3554      4.341      6.296    20.9362 0.0000e+00
      4.430      0.016    12.4414    139.533     51.537  47.289702    47.6100     1.8593     0.1278     2.1150 1.1600e-01     5.3554      4.345      6.301    20.9243 0.0000e+00
      4.434      0.016    12.4478    139.576     51.546  47.285270    47.6100     1.8631     0.1278     2.1150 1.1607e-01     5.3403      4.349      6.307    20.9123 0.0000e+00
      4.439      0.017    12.4543    139.624     51.589  47.310218    47.7900     1.8555     0.1704     2.2419 1.1600e-01     5.3403      4.353      6.314    20.9001 0.0000e+00
      4.443      0.017    12.4609    139.672     51.734  47.428998    47.7900     1.8441     0.1704     2.2419 1.1605e-01     5.4158      4.357      6.320    20.8876 0.0000e+00
      4.448      0.018    12.4675    139.717     51.868  47.537747    47.7900     1.8135     0.1704     2.2419 1.1587e-01     5.3403      4.362      6.327    20.8749 0.0000e+00
      4.453      0.018    12.4745    139.761     51.921  47.571780    47.7900     1.7945     0.1704     2.2419 1.1605e-01     5.3705      4.367      6.333    20.8619 0.0000e+00
      4.457      0.018    12.4821    139.805     52.009  47.637844    47.7900     1.7907     0.1704     2.2419 1.1615e-01     5.3554      4.371      6.340    20.8486 0.0000e+00
      4.462      0.018    12.4897    139.845     52.188  47.787440    48.3300     1.7945     0.1704     2.0727 1.1600e-01     5.3554      4.376      6.346    20.8351 0.0000e+00
      4.466      0.018    12.4971    139.882     52.364  47.932889    48.3300     1.6266     0.1704     2.0727 1.1590e-01     5.0684      4.380      6.353    20.8214 0.0000e+00
      4.471      0.018    12.5045    139.919     52.464  48.009329    48.3300     1.6075     0.1704     2.0727 1.1600e-01     5.1892      4.384      6.359    20.8074 0.0000e+00
      4.475      0.018    12.5119    139.959     52.520  48.045115    48.3300     1.6152     0.1704     2.0727 1.1597e-01     5.0835      4.389      6.366    20.7932 0.0000e+00
      4.480      0.019    12.5190    140.003     52.616  48.117562    47.5200     1.6190     0.1278     2.1573 1.1597e-01     5.0684      4.394      6.373    20.7789 0.0000e+00
      4.485      0.019    12.5258    140.049     52.852  48.317747    47.5200     1.5236     0.1278     2.1573 1.1633e-01     5.4309      4.399      6.380    20.7644 0.0000e+00
      4.490      0.019    12.5327    140.097     53.232  48.649218    47.5200     1.5541     0.1278     2.1573 1.1615e-01     5.3705      4.403      6.387    20.7498 0.0000e+00
      4.495      0.019    12.5399    140.150     53.630  48.997047    47.5200     1.5351     0.1278     2.1573 1.1605e-01     5.2950      4.408      6.393    20.7351 0.0000e+00
      4.500      0.019    12.5475    140.204     53.905  49.232721    47.5200     1.5656     0.1704     1.8612 1.1612e-01     5.2950      4.413      6.400    20.7204 0.0000e+00
      4.504      0.019    12.5552    140.254     54.001  49.305462    47.5200     1.7449     0.1704     1.8612 1.1607e-01     5.3403      4.417      6.407    20.7057 0.0000e+00
      4.509      0.019    12.5632    140.298     53.967  49.258586    47.5200     1.7258     0.1704     1.8612 1.1615e-01     5.4309      4.422      6.414    20.6910 0.0000e+00
      4.514      0.019    12.5715    140.338     53.923  49.203187    47.5200     1.7449     0.1704     1.8612 1.1605e-01     5.5216      4.427      6.420    20.6764 0.0000e+00
      4.519      0.020    12.5800    140.375     53.942  49.204228    48.1500     1.7144     0.1278     2.4111 1.1605e-01     5.2950      4.431      6.427    20.6618 0.0000e+00
      4.524      0.021    12.5880    140.417     54.035  49.273946    48.1500     1.7411     0.1278     2.4111 1.1617e-01     5.2798      4.436      6.434    20.6472 0.0000e+00
      4.529      0.023    12.5956    140.468     54.263  49.466813    48.1500     1.7144     0.1278     2.4111 1.1607e-01     5.3856      4.441      6.442    20.6327 0.0000e+00
      4.535      0.024    12.6027    140.523     54.618  49.774456    48.1500     1.7334     0.1278     2.4111 1.1610e-01     5.3705      4.447      6.450    20.6182 0.0000e+00
      4.542      0.025    12.6096    140.578     54.976  50.085550    48.1500     1.7258     0.1278     2.4111 1.1597e-01     5.4611      4.454      6.460    20.6039 0.0000e+00
      4.549      0.026    12.6170    140.634     55.225  50.297657    48.1500     1.8021     0.1278     2.4111 1.1633e-01     5.4007      4.460      6.469    20.5897 0.0000e+00
      4.555      0.026    12.6250    140.690     55.350  50.395572    48.1500     1.8135     0.1278     2.4111 1.1600e-01     5.2950      4.467      6.479    20.5756 0.0000e+00
      4.562      0.026    12.6334    140.748     55.403  50.429326    48.1500     1.8135     0.1278     2.4111 1.1612e-01     5.3705      4.473      6.488    20.5616 0.0000e+00
      4.568      0.025    12.6418    140.807     55.401  50.411907    48.1500     1.8174     0.1278     2.4111 1.1600e-01     5.5064      4.480      6.497    20.5476 0.0000e+00
      4.574      0.025    12.6503    140.864     55.324  50.326708    48.6000     1.8250     0.1704     2.4111 1.1600e-01     5.1892      4.486      6.506    20.5337 0.0000e+00
      4.581      0.026    12.6588    140.918     55.174  50.174933    48.6000     1.8670     0.1704     2.4111 1.1605e-01     5.1137      4.492      6.515    20.5199 0.0000e+00
      4.587      0.026    12.6675    140.972     54.939  49.946009    48.6000     1.8708     0.1704     2.4111 1.1590e-01     5.1892      4.498      6.524    20.5060 0.0000e+00
      4.594      0.026    12.6763    141.029     54.637  49.656637    48.6000     1.8670     0.1704     2.4111 1.1600e-01     5.2194      4.505      6.534    20.4922 0.0000e+00
      4.601      0.026    12.6849    141.086     54.322  49.355240    48.6900     1.9356     0.1704     2.3265 1.1602e-01     5.4913      4.512      6.544    20.4783 0.0000e+00
      4.607      0.026    12.6932    141.144     53.904  48.961446    48.6900     1.9204     0.1704     2.3265 1.1610e-01     5.3252      4.518      6.553    20.4645 0.0000e+00
      4.614      0.026    12.7016    141.204     53.109  48.224715    48.6900     1.9432     0.1704     2.3265 1.1600e-01     5.4007      4.525      6.563    20.4506 0.0000e+00
      4.620      0.026    12.7102    141.271     52.060  47.257526    48.6900     1.9432     0.1704     2.3265 1.1592e-01     5.4007      4.531      6.572    20.4367 0.0000e+00
      4.627      0.025    12.7188    141.338     51.371  46.617203    48.6900     1.9165     0.1704     2.3265 1.1610e-01     5.3554      4.538      6.581    20.4229 0.0000e+00
      4.633      0.025    12.7275    141.399     51.302  46.539623    48.8700     1.9318     0.1278     2.2419 1.1605e-01     5.4762      4.544      6.591    20.4090 0.0000e+00
      4.640      0.025    12.7365    141.456     51.812  46.988153    48.8700     1.9051     0.1278     2.2419 1.1605e-01     5.3252      4.550      6.600    20.3952 0.0000e+00
      4.646      0.025    12.7460    141.512     52.853  47.916976    48.8700     1.9242     0.1278     2.2419 1.1610e-01     5.3554      4.557      6.609    20.3814 0.0000e+00
      4.653      0.024    12.7555    141.569     54.237  49.157212    48.8700     2.1035     0.1278     2.2419 1.1605e-01     5.4007      4.563      6.618    20.3678 0.0000e+00
      4.659      0.024    12.7644    141.629     55.840  50.595098    49.2300     2.1149     0.1278     2.2419 1.1600e-01     5.3554      4.569      6.627    20.3543 0.0000e+00
      4.665      0.023    12.7729    141.686     57.563  52.141617    49.2300     2.1111     0.1278     2.2419 1.1597e-01     5.3252      4.575      6.635    20.3409 0.0000e+00
      4.671      0.022    12.7813    141.741     59.055  53.477482    49.2300     2.0997     0.1278     2.2419 1.1605e-01     5.3856      4.581      6.644    20.3277 0.0000e+00
      4.677      0.021    12.7897    141.799     59.942  54.265063    49.2300     2.1149     0.1278     2.2419 1.1600e-01     5.5669      4.586      6.652    20.3145 0.0000e+00
      4.682      0.020    12.7984    141.857     60.241  54.518976    49.4100     2.1149     0.1704     2.4111 1.1595e-01     5.6273      4.591      6.659    20.3014 0.0000e+00
      4.686      0.019    12.8068    141.910     60.225  54.488389    49.4100     2.1149     0.1704     2.4111 1.1612e-01     5.5518      4.596      6.666    20.2881 0.0000e+00
      4.691      0.019    12.8152    141.961     60.145  54.398444    49.4100     2.1035     0.1704     2.4111 1.1607e-01     5.5971      4.600      6.672    20.2747 0.0000e+00
      4.695      0.018    12.8238    142.009     60.194  54.424550    49.4100     1.9700     0.1704     2.4111 1.1595e-01     5.4460      4.605      6.679    20.2611 0.0000e+00
      4.700      0.019    12.8326    142.054     60.470  54.655413    49.2300     1.9890     0.1278     2.2842 1.1620e-01     5.3403      4.609      6.685    20.2472 0.0000e+00
      4.705      0.019    12.8410    142.099     60.846  54.975138    49.2300     1.9776     0.1278     2.2842 1.1610e-01     5.4007      4.614      6.692    20.2330 0.0000e+00
      4.710      0.020    12.8493    142.146     61.105  55.187838    49.2300     2.0005     0.1278     2.2842 1.1595e-01     5.3252      4.618      6.699    20.2185 0.0000e+00
      4.715      0.020    12.8575    142.196     61.164  55.218624    49.2300     1.9928     0.1278     2.2842 1.1605e-01     5.6122      4.623      6.706    20.2035 0.0000e+00
      4.720      0.020    12.8655    142.249     61.132  55.165438    49.2300     2.0005     0.1278     2.2842 1.1595e-01     5.6726      4.629      6.714    20.1879 0.0000e+00
      4.725      0.020    12.8738    142.303     61.231  55.229449    48.9600     1.9928     0.1278     2.1996 1.1597e-01     5.6122      4.634      6.721    20.1715 0.0000e+00
      4.731      0.020    12.8825    142.352     61.514  55.457630    48.9600     2.0081     0.1278     2.1996 1.1595e-01     5.5820      4.639      6.729    20.1540 0.0000e+00
      4.736      0.019    12.8918    142.391     61.774  55.665566    48.9600     2.0615     0.1278     2.1996 1.1607e-01     5.3856      4.644      6.736    20.1353 0.0000e+00
      4.740      0.019    12.9017    142.425     61.875  55.729245    48.9600     2.0501     0.1278     2.1996 1.1615e-01     5.4158      4.648      6.742    20.1155 0.0000e+00
