Data/DataNotYetUploadedToEDI/Raw_CTD/RawDownloads/072825_fcr30_S7809004.cnv
* Sea-Bird SBE19plus  Data File:
* FileName = C:\R\Reservoirs\Data\DataNotYetUploadedToEDI\Raw_CTD\RawDownloads\072825_fcr50_S7809_0004.hex
* Software version 2.8.0.119
* Temperature SN = 7809
* Conductivity SN = 7809
* System UpLoad Time = Jul 28 2025 17:39:08
* <ApplicationData>
* <Seaterm232>
# nquan = 15
# nvalues = 1352                        
# units = specified
# name 0 = depFM: Depth [fresh water, m]
# name 1 = dz/dtM: Descent Rate [m/s]
# name 2 = sbeox0Mg/L: Oxygen, SBE 43 [mg/l]
# name 3 = sbeox0PS: Oxygen, SBE 43 [% saturation]
# name 4 = specc: Specific Conductance [uS/cm]
# name 5 = c0uS/cm: Conductivity [uS/cm]
# name 6 = flECO-AFL: Fluorescence, WET Labs ECO-AFL/FL [mg/m^3]
# name 7 = ph: pH
# name 8 = orp: Oxidation Reduction Potential [mV]
# name 9 = par/sat/log: PAR/Logarithmic, Satlantic
# name 10 = turbWETntu0: Turbidity, WET Labs ECO [NTU]
# name 11 = prdM: Pressure, Strain Gauge [db]
# name 12 = prdE: Pressure, Strain Gauge [psi]
# name 13 = tv290C: Temperature [ITS-90, deg C]
# name 14 = flag:  0.000e+00
# span 0 =     -0.610,      5.245       
# span 1 =     -0.420,      0.132       
# span 2 =     4.5243,     8.3325       
# span 3 =     57.597,    106.808       
# span 4 =      0.855,     56.906       
# span 5 =   0.861382,  44.595922       
# span 6 =    -0.0743,     9.7681       
# span 7 =      7.756,      9.803       
# span 8 =    43.0866,   402.4970       
# span 9 = 3.3389e-01, 2.4432e+03       
# span 10 =    -0.0094,   314.2865      
# span 11 =     -0.599,      5.144      
# span 12 =     -0.868,      7.460      
# span 13 =    13.8408,    28.8239      
# span 14 = 0.0000e+00, 0.0000e+00      
# interval = seconds: 0.25
# start_time = Jul 28 2025 13:23:39 [Instrument's time stamp, header]
# bad_flag = -9.990e-29
*END*
[from data line 772]
      3.440      0.017     7.3223     76.287     45.167  41.045641     2.0961      8.223   163.8649 2.5893e+01    16.5944      3.374      4.893    20.5955 0.0000e+00
      3.444      0.017     7.1750     75.543     45.232  41.082538     2.1065      8.221   163.7464 2.5787e+01    16.5397      3.378      4.898    20.5491 0.0000e+00
      3.448      0.016     7.0526     74.933     45.264  41.098104     2.0782      8.218   163.6039 2.5687e+01    16.4063      3.381      4.904    20.5032 0.0000e+00
      3.450      0.016     6.9482     74.394     45.282  41.106900     2.0370      8.215   163.6052 2.5568e+01    16.3476      3.383      4.907    20.4642 0.0000e+00
      3.454      0.016     6.8700     73.856     45.308  41.125406     2.0163      8.211   163.6748 2.5415e+01    16.4107      3.386      4.911    20.4296 0.0000e+00
      3.459      0.017     6.8090     73.323     45.319  41.131456     2.0202      8.209   163.6717 2.5220e+01    16.5883      3.392      4.920    20.4055 0.0000e+00
      3.464      0.018     6.7565     72.839     45.304  41.116579     2.0171      8.208   163.5682 2.5004e+01    16.6168      3.397      4.927    20.3911 0.0000e+00
      3.469      0.019     6.7130     72.394     45.326  41.135933     1.9781      8.206   163.5412 2.4814e+01    16.4476      3.402      4.935    20.3845 0.0000e+00
      3.474      0.019     6.6642     71.954     45.371  41.175062     1.9656      8.205   163.6039 2.4659e+01    16.4208      3.407      4.941    20.3792 0.0000e+00
      3.479      0.018     6.6143     71.562     45.349  41.145410     1.9900      8.203   163.6372 2.4504e+01    16.6005      3.412      4.948    20.3724 0.0000e+00
      3.483      0.018     6.5716     71.274     45.326  41.094739     2.0151      8.200   163.6864 2.4317e+01    16.8793      3.415      4.954    20.3733 0.0000e+00
      3.487      0.018     6.5335     71.082     45.406  41.133555     2.0365      8.200   163.7681 2.4096e+01    17.1266      3.419      4.959    20.3744 0.0000e+00
      3.492      0.019     6.4921     70.955     45.457  41.170418     2.0233      8.198   163.8509 2.3856e+01    17.1649      3.424      4.966    20.3712 0.0000e+00
      3.497      0.020     6.4536     70.899     45.375  41.096163     2.0226      8.197   163.9993 2.3598e+01    17.2058      3.429      4.974    20.3726 0.0000e+00
      3.502      0.022     6.4334     70.904     45.330  41.060813     2.0450      8.197   164.1863 2.3319e+01    17.2795      3.433      4.981    20.3351 0.0000e+00
      3.508      0.023     6.4264     70.957     45.356  41.123817     2.0607      8.197   164.2181 2.3023e+01    17.3728      3.439      4.989    20.2698 0.0000e+00
      3.514      0.023     6.4123     71.177     45.336  41.159855     2.0875      8.196   164.1252 2.2718e+01    17.5821      3.446      4.998    20.2786 0.0000e+00
      3.521      0.024     6.4062     71.717     45.331  41.179286     2.0856      8.195   164.0104 2.2461e+01    17.6242      3.453      5.007    20.2895 0.0000e+00
      3.528      0.025     6.4127     72.474     45.396  41.231857     2.0792      8.194   163.8627 2.2265e+01    17.6438      3.460      5.018    20.2613 0.0000e+00
      3.533      0.028     6.4057     73.198     45.485  41.287742     2.0687      8.193   163.6300 2.2039e+01    17.9557      3.465      5.025    20.3210 0.0000e+00
      3.538      0.032     6.4053     73.776     45.529  41.283759     2.0097      8.193   163.3473 2.1702e+01    18.3198      3.469      5.031    20.4112 0.0000e+00
      3.545      0.037     6.4561     74.144     45.561  41.247103     1.9564      8.192   163.1979 2.1275e+01    18.3916      3.476      5.041    20.4261 0.0000e+00
      3.554      0.041     6.5391     74.238     45.702  41.288711     1.9154      8.191   163.2006 2.0765e+01    18.2432      3.485      5.054    20.4135 0.0000e+00
      3.567      0.043     6.6071     74.061     45.881  41.342457     1.8049      8.191   163.1215 2.0155e+01    18.2001      3.497      5.072    20.3900 0.0000e+00
      3.582      0.043     6.6679     73.645     46.006  41.325591     1.6444      8.189   162.9298 1.9598e+01    18.3143      3.515      5.097    20.3415 0.0000e+00
      3.596      0.041     6.7142     73.030     46.177  41.338477     1.5647      8.186   162.8619 1.9223e+01    18.3938      3.528      5.117    20.2697 0.0000e+00
      3.606      0.037     6.7339     72.297     46.361  41.371142     1.5397      8.183   162.9026 1.8939e+01    18.2729      3.536      5.128    20.1732 0.0000e+00
      3.613      0.032     6.7327     71.581     46.460  41.339564     1.4753      8.180   162.9060 1.8684e+01    18.0478      3.543      5.139    20.0593 0.0000e+00
      3.618      0.029     6.7128     70.946     46.582  41.337312     1.4190      8.176   162.8167 1.8417e+01    18.0295      3.549      5.147    19.9142 0.0000e+00
      3.624      0.028     6.6771     70.409     46.704  41.343770     1.4084      8.173   162.6831 1.8106e+01    18.1884      3.554      5.154    19.7508 0.0000e+00
      3.631      0.029     6.6225     70.044     46.764  41.290574     1.4054      8.169   162.6674 1.7785e+01    18.2951      3.560      5.164    19.6076 0.0000e+00
      3.639      0.031     6.5709     69.849     46.941  41.328662     1.3654      8.164   162.7135 1.7449e+01    18.2951      3.567      5.174    19.4845 0.0000e+00
      3.647      0.033     6.5313     69.784     47.176  41.423326     1.2918      8.159   162.7240 1.7072e+01    18.2216      3.576      5.187    19.3604 0.0000e+00
      3.657      0.034     6.4898     69.969     47.304  41.419525     1.2719      8.154   162.7084 1.6690e+01    18.2613      3.586      5.201    19.2569 0.0000e+00
      3.666      0.035     6.4692     70.414     47.472  41.409497     1.2918      8.149   162.6964 1.6365e+01    18.4333      3.596      5.216    19.1547 0.0000e+00
      3.675      0.035     6.4764     70.850     47.705  41.428810     1.2663      8.144   162.7513 1.6096e+01    18.4573      3.604      5.227    19.0114 0.0000e+00
      3.683      0.034     6.4770     71.057     47.866  41.398920     1.1966      8.139   162.8559 1.5814e+01    18.4486      3.612      5.238    18.8919 0.0000e+00
      3.691      0.033     6.5031     70.984     48.071  41.428695     1.1155      8.134   163.0145 1.5506e+01    18.6692      3.620      5.250    18.8018 0.0000e+00
      3.701      0.031     6.5829     70.669     48.341  41.534741     1.0838      8.131   163.1201 1.5226e+01    18.9384      3.630      5.264    18.6232 0.0000e+00
      3.709      0.030     6.6600     70.252     48.474  41.538530     1.0881      8.131   163.1001 1.4988e+01    19.1418      3.638      5.276    18.4052 0.0000e+00
      3.716      0.029     6.7028     69.895     48.529  41.474372     1.0762      8.130   163.1167 1.4792e+01    19.5237      3.645      5.286    18.2355 0.0000e+00
      3.723      0.028     6.7174     69.630     48.708  41.520501     1.0566      8.128   163.2353 1.4615e+01    20.0026      3.651      5.295    18.0768 0.0000e+00
      3.729      0.028     6.7002     69.474     48.969  41.651851     1.0341      8.126   163.3301 1.4412e+01    20.1496      3.657      5.304    17.9482 0.0000e+00
      3.735      0.029     6.6670     69.649     49.081  41.666093     1.0366      8.126   163.4020 1.4195e+01    20.2071      3.663      5.312    17.8459 0.0000e+00
      3.743      0.029     6.6493     70.311     49.065  41.565660     1.0461      8.126   163.5022 1.3965e+01    20.7672      3.670      5.323    17.7263 0.0000e+00
      3.752      0.030     6.6439     71.172     49.187  41.579855     1.0159      8.126   163.5958 1.3721e+01    21.5929      3.679      5.336    17.6086 0.0000e+00
      3.761      0.030     6.6308     71.888     49.428  41.710661     0.9705      8.126   163.6733 1.3493e+01    21.9234      3.688      5.349    17.5208 0.0000e+00
      3.768      0.030     6.6458     72.431     49.530  41.750818     0.9210      8.125   163.6643 1.3289e+01    21.8261      3.695      5.360    17.4444 0.0000e+00
      3.775      0.029     6.7374     72.861     49.479  41.684519     0.8917      8.124   163.5733 1.3096e+01    22.0904      3.702      5.369    17.3571 0.0000e+00
      3.782      0.027     6.8509     73.146     49.473  41.670651     0.8993      8.123   163.4336 1.2873e+01    22.7615      3.708      5.378    17.2567 0.0000e+00
      3.790      0.025     6.9262     73.203     49.518  41.710066     0.9053      8.123   163.2649 1.2643e+01    23.1767      3.717      5.391    17.1782 0.0000e+00
      3.797      0.023     6.9827     73.003     49.522  41.716806     0.8807      8.123   163.0819 1.2467e+01    23.1823      3.725      5.402    17.1357 0.0000e+00
      3.802      0.021     7.0282     72.634     49.560  41.752155     0.8435      8.123   162.8567 1.2352e+01    23.2055      3.729      5.409    17.1133 0.0000e+00
      3.806      0.018     7.0607     72.207     49.634  41.820116     0.8466      8.122   162.6929 1.2272e+01    23.5247      3.732      5.413    17.1073 0.0000e+00
      3.809      0.015     7.0677     71.798     49.651  41.840359     0.8849      8.122   162.5641 1.2187e+01    23.8316      3.736      5.418    17.1115 0.0000e+00
      3.814      0.013     7.0426     71.391     49.681  41.869981     0.9073      8.123   162.4172 1.2091e+01    23.9098      3.741      5.424    17.1167 0.0000e+00
      3.818      0.011     7.0038     70.941     49.742  41.924406     0.8922      8.124   162.2936 1.2028e+01    23.8560      3.746      5.432    17.1177 0.0000e+00
      3.821      0.011     6.9581     70.538     49.675  41.863711     0.8607      8.124   162.1026 1.2014e+01    23.6589      3.748      5.436    17.1243 0.0000e+00
      3.821      0.012     6.9181     70.282     49.509  41.707339     0.8595      8.124   161.8291 1.2005e+01    23.5419      3.747      5.435    17.1308 0.0000e+00
      3.823      0.012     6.8832     70.064     49.506  41.683904     0.8865      8.123   161.5673 1.1930e+01    23.6370      3.748      5.436    17.1343 0.0000e+00
      3.827      0.013     6.8340     69.735     49.700  41.834217     0.9036      8.123   161.3463 1.1795e+01    23.7155      3.752      5.442    17.1402 0.0000e+00
      3.832      0.014     6.7892     69.412     49.736  41.874536     0.8920      8.124   161.1355 1.1671e+01    23.7057      3.758      5.450    17.1382 0.0000e+00
      3.836      0.016     6.7726     69.317     49.617  41.790595     0.8623      8.124   160.9980 1.1575e+01    23.6897      3.763      5.457    17.1190 0.0000e+00
      3.840      0.016     6.7645     69.386     49.763  41.898297     0.8609      8.125   160.8886 1.1491e+01    23.7261      3.766      5.461    17.0944 0.0000e+00
      3.844      0.016     6.7309     69.503     49.988  42.034272     0.8919      8.125   160.6728 1.1412e+01    23.8391      3.769      5.467    17.0705 0.0000e+00
      3.848      0.016     6.6830     69.779     49.934  41.911324     0.9118      8.125   160.4534 1.1329e+01    24.0314      3.773      5.473    17.0861 0.0000e+00
      3.852      0.017     6.6744     70.175     49.894  41.807974     0.8943      8.125   160.3004 1.1249e+01    24.1722      3.778      5.478    17.1276 0.0000e+00
      3.856      0.018     6.6933     70.408     50.029  41.927043     0.8545      8.125   160.1147 1.1141e+01    24.1415      3.781      5.484    17.1068 0.0000e+00
      3.861      0.018     6.7020     70.358     50.032  42.018108     0.8554      8.125   160.0145 1.1016e+01    24.1718      3.786      5.491    17.0481 0.0000e+00
      3.865      0.018     6.7392     70.053     49.823  41.957114     0.8969      8.125   160.0351 1.0913e+01    24.4353      3.790      5.497    16.9688 0.0000e+00
      3.870      0.018     6.8106     69.506     49.698  41.951355     0.9152      8.125   160.0205 1.0816e+01    24.8005      3.795      5.505    16.8591 0.0000e+00
      3.875      0.017     6.8347     68.785     49.779  42.075539     0.8937      8.125   160.0100 1.0731e+01    24.9321      3.801      5.513    16.8594 0.0000e+00
      3.879      0.017     6.8079     68.040     49.833  42.125810     0.8613      8.125   159.9936 1.0651e+01    24.8311      3.804      5.519    16.9864 0.0000e+00
      3.883      0.016     6.7640     67.414     49.847  42.114896     0.8645      8.125   159.9085 1.0564e+01    24.9794      3.808      5.524    17.1063 0.0000e+00
      3.887      0.016     6.6925     66.969     49.979  42.197425     0.8990      8.125   159.8405 1.0491e+01    25.3594      3.812      5.529    17.2182 0.0000e+00
      3.891      0.016     6.6094     66.769     50.133  42.298500     0.9126      8.125   159.8610 1.0438e+01    25.5651      3.816      5.535    17.2821 0.0000e+00
      3.894      0.017     6.5326     66.878     50.192  42.321421     0.8958      8.126   159.8111 1.0391e+01    25.5195      3.819      5.539    17.2696 0.0000e+00
      3.897      0.020     6.4764     67.220     50.173  42.284115     0.8699      8.128   159.6674 1.0320e+01    25.3891      3.822      5.543    17.2408 0.0000e+00
      3.902      0.023     6.4355     67.640     50.207  42.291706     0.8655      8.128   159.5864 1.0212e+01    25.5601      3.826      5.549    17.2117 0.0000e+00
      3.909      0.024     6.4154     68.038     50.309  42.349706     0.8931      8.126   159.5194 1.0070e+01    26.0159      3.832      5.558    17.1813 0.0000e+00
      3.917      0.024     6.4340     68.401     50.356  42.350648     0.9122      8.126   159.4609 9.9155e+00    26.2539      3.841      5.571    17.1531 0.0000e+00
      3.926      0.022     6.4756     68.726     50.281  42.239575     0.8975      8.127   159.4804 9.7802e+00    26.2164      3.850      5.584    17.1339 0.0000e+00
      3.932      0.018     6.5222     68.921     50.240  42.149145     0.8567      8.128   159.4972 9.6927e+00    26.3494      3.857      5.595    17.1160 0.0000e+00
      3.937      0.012     6.5641     68.880     50.460  42.272722     0.8270      8.127   159.4067 9.6748e+00    26.8712      3.861      5.602    17.0893 0.0000e+00
      3.938      0.005     6.6030     68.728     50.612  42.337298     0.8370      8.125   159.2458 9.6947e+00    27.3334      3.863      5.603    17.0507 0.0000e+00
      3.938     -0.001     6.6450     68.792     50.504  42.168200     0.8536      8.125   159.1013 9.7471e+00    27.4626      3.863      5.603    17.0010 0.0000e+00
      3.936     -0.003     6.6771     69.114     50.562  42.132201     0.8358      8.126   159.0355 9.8468e+00    27.2725      3.860      5.600    16.9490 0.0000e+00
      3.932     -0.003     6.6802     69.435     50.773  42.282759     0.7970      8.126   158.9668 9.9324e+00    26.8795      3.855      5.591    16.8805 0.0000e+00
      3.929      0.001     6.6548     69.758     50.793  42.338314     0.8005      8.126   158.7864 9.9510e+00    26.7752      3.852      5.587    16.8271 0.0000e+00
      3.929      0.008     6.6674     70.229     50.623  42.232731     0.8445      8.126   158.6611 9.9155e+00    26.9680      3.852      5.587    16.7570 0.0000e+00
      3.932      0.017     6.7364     70.726     50.455  42.085217     0.8621      8.127   158.6562 9.8460e+00    27.1950      3.854      5.591    16.6300 0.0000e+00
      3.937      0.023     6.7675     71.012     50.494  42.078027     0.8387      8.127   158.6418 9.7139e+00    27.4022      3.860      5.598    16.6043 0.0000e+00
      3.947      0.023     6.7763     70.993     50.775  42.272672     0.8035      8.127   158.5733 9.5169e+00    27.4230      3.870      5.612    16.6816 0.0000e+00
      3.958      0.018     6.8243     70.875     50.959  42.407536     0.8035      8.127   158.5153 9.3195e+00    27.4469      3.883      5.631    16.7274 0.0000e+00
      3.968      0.009     6.8835     71.006     50.916  42.375743     0.8381      8.126   158.4578 9.2274e+00    27.7598      3.894      5.648    16.7147 0.0000e+00
