Data/DataNotYetUploadedToEDI/Raw_CTD/RawDownloads/072825_fcr10_S7809002.cnv
* Sea-Bird SBE19plus  Data File:
* FileName = C:\R\Reservoirs\Data\DataNotYetUploadedToEDI\Raw_CTD\RawDownloads\072825_fcr50_S7809_0002.hex
* Software version 2.8.0.119
* Temperature SN = 7809
* Conductivity SN = 7809
* System UpLoad Time = Jul 28 2025 17:37:04
* <ApplicationData>
* <Seaterm232>
# nquan = 15
# nvalues = 753                         
# units = specified
# name 0 = depFM: Depth [fresh water, m]
# name 1 = dz/dtM: Descent Rate [m/s]
# name 2 = sbeox0Mg/L: Oxygen, SBE 43 [mg/l]
# name 3 = sbeox0PS: Oxygen, SBE 43 [% saturation]
# name 4 = specc: Specific Conductance [uS/cm]
# name 5 = c0uS/cm: Conductivity [uS/cm]
# name 6 = flECO-AFL: Fluorescence, WET Labs ECO-AFL/FL [mg/m^3]
# name 7 = ph: pH
# name 8 = orp: Oxidation Reduction Potential [mV]
# name 9 = par/sat/log: PAR/Logarithmic, Satlantic
# name 10 = turbWETntu0: Turbidity, WET Labs ECO [NTU]
# name 11 = prdM: Pressure, Strain Gauge [db]
# name 12 = prdE: Pressure, Strain Gauge [psi]
# name 13 = tv290C: Temperature [ITS-90, deg C]
# name 14 = flag:  0.000e+00
# span 0 =     -0.618,      2.640       
# span 1 =     -0.418,      0.307       
# span 2 =     4.9875,     8.9098       
# span 3 =     61.792,    108.853       
# span 4 =      1.061,     53.173       
# span 5 =   1.237876,  56.599427       
# span 6 =    -0.5930,    58.4878       
# span 7 =     -1.841,      9.042       
# span 8 = -1240.7455,   182.5412       
# span 9 = 1.9939e+01, 3.0729e+03       
# span 10 =    -0.2415,   131.8581      
# span 11 =     -0.607,      2.589      
# span 12 =     -0.881,      3.754      
# span 13 =    25.4628,    33.3212      
# span 14 = 0.0000e+00, 0.0000e+00      
# interval = seconds: 0.25
# start_time = Jul 28 2025 12:57:19 [Instrument's time stamp, header]
# bad_flag = -9.990e-29
*END*
[from data line 386]
      0.575      0.075     7.9361    102.658     35.669  38.339149     1.7722      9.038   106.8915 1.7549e+02     5.1399      0.566      0.821    28.8670 0.0000e+00
      0.598      0.056     8.1172    100.106     35.676  38.333854     1.7415      9.036   107.1123 1.7553e+02     5.0250      0.592      0.858    28.8020 0.0000e+00
      0.608      0.041     8.1628     97.093     35.687  38.332798     1.7251      9.034   107.3124 1.7909e+02     5.0217      0.598      0.868    28.7717 0.0000e+00
      0.610      0.029     8.0958     94.066     35.690  38.326368     1.7323      9.030   107.5040 1.8283e+02     5.1683      0.600      0.871    28.7508 0.0000e+00
      0.610      0.024     7.9511     91.618     35.691  38.319548     1.7368      9.026   107.7076 1.8612e+02     5.2263      0.598      0.867    28.7353 0.0000e+00
      0.608      0.029     7.7497     89.936     35.693  38.313772     1.7291      9.022   107.9671 1.8848e+02     5.1426      0.596      0.864    28.7180 0.0000e+00
      0.610      0.044     7.5093     88.719     35.703  38.319975     1.7066      9.019   108.2324 1.8701e+02     5.0444      0.594      0.861    28.6982 0.0000e+00
      0.622      0.066     7.2552     87.997     35.711  38.331087     1.6969      9.015   108.4199 1.8040e+02     5.0631      0.604      0.876    28.6854 0.0000e+00
      0.647      0.095     7.0583     88.017     35.702  38.321213     1.7202      9.010   108.5141 1.7115e+02     5.1636      0.635      0.919    28.6788 0.0000e+00
      0.676      0.125     6.9501     88.406     35.716  38.327493     1.7393      9.004   108.6833 1.6387e+02     5.2356      0.663      0.961    28.6616 0.0000e+00
      0.708      0.152     6.8553     88.579     35.740  38.343553     1.7190      8.998   109.0031 1.5854e+02     5.2164      0.689      0.999    28.6524 0.0000e+00
      0.750      0.171     6.7788     88.412     35.727  38.325005     1.6992      8.993   109.2826 1.5282e+02     5.2384      0.730      1.060    28.6634 0.0000e+00
      0.804      0.180     6.7970     87.974     35.701  38.293592     1.7336      8.989   109.4819 1.4695e+02     5.4679      0.787      1.143    28.6661 0.0000e+00
      0.862      0.183     6.8523     87.294     35.696  38.281016     1.7857      8.984   109.6914 1.4075e+02     5.7025      0.847      1.229    28.6502 0.0000e+00
      0.913      0.178     6.8649     86.407     35.725  38.299846     1.8038      8.979   109.9234 1.3314e+02     5.7517      0.901      1.305    28.6313 0.0000e+00
      0.956      0.167     6.8504     85.572     35.769  38.330881     1.7776      8.974   110.0498 1.2507e+02     5.6533      0.939      1.361    28.6278 0.0000e+00
      0.993      0.151     6.8161     85.446     35.798  38.338951     1.7187      8.969   110.1878 1.1816e+02     5.5375      0.974      1.413    28.6258 0.0000e+00
      1.028      0.131     6.7650     86.701     35.817  38.333923     1.6922      8.964   110.4733 1.1266e+02     5.6146      1.010      1.465    28.6160 0.0000e+00
      1.062      0.110     6.6945     89.218     35.836  38.333502     1.7149      8.960   110.7483 1.0843e+02     5.7666      1.041      1.510    28.5970 0.0000e+00
      1.094      0.088     6.6118     91.960     35.852  38.333827     1.7100      8.957   110.9316 1.0560e+02     5.7016      1.075      1.559    28.5771 0.0000e+00
      1.117      0.067     6.5806     94.073     35.872  38.337832     1.6745      8.953   111.0547 1.0443e+02     5.4771      1.101      1.597    28.5465 0.0000e+00
      1.127      0.049     6.6833     95.640     35.864  38.318439     1.6603      8.949   111.2041 1.0450e+02     5.3407      1.108      1.607    28.4994 0.0000e+00
      1.128      0.038     6.9197     96.981     35.840  38.289695     1.6790      8.946   111.4486 1.0496e+02     5.3849      1.106      1.605    28.4774 0.0000e+00
      1.128      0.032     7.1666     98.111     35.854  38.307568     1.7177      8.943   111.6875 1.0508e+02     5.4644      1.104      1.600    28.4583 0.0000e+00
      1.133      0.036     7.3231     98.991     35.881  38.344183     1.7457      8.939   111.7694 1.0433e+02     5.4492      1.107      1.604    28.4236 0.0000e+00
      1.146      0.056     7.4325     99.606     35.888  38.351673     1.7588      8.935   111.7499 1.0296e+02     5.4053      1.123      1.628    28.4116 0.0000e+00
      1.160      0.087     7.5435    100.115     35.886  38.334671     1.7679      8.928   111.7094 1.0185e+02     5.4467      1.140      1.655    28.4095 0.0000e+00
      1.173      0.121     7.6288    100.698     35.891  38.328949     1.7819      8.921   111.7969 1.0032e+02     5.6074      1.145      1.661    28.4082 0.0000e+00
      1.200      0.151     7.6983    101.178     35.906  38.345932     1.7693      8.913   112.1198 9.6389e+01     6.0508      1.162      1.686    28.4299 0.0000e+00
      1.256      0.175     7.7404    101.498     35.920  38.349645     1.7069      8.905   112.4301 9.0470e+01     6.7078      1.227      1.780    28.4379 0.0000e+00
      1.322      0.188     7.7728    101.970     35.967  38.373824     1.6602      8.897   112.6227 8.5095e+01     7.0620      1.304      1.892    28.4015 0.0000e+00
      1.380      0.187     7.8330    102.367     36.055  38.447861     1.6461      8.890   112.8141 8.0576e+01     7.0876      1.355      1.965    28.3753 0.0000e+00
      1.431      0.170     7.8737    101.954     36.104  38.483316     1.5782      8.884   113.0233 7.6522e+01     6.7786      1.404      2.038    28.4025 0.0000e+00
      1.476      0.143     7.8794    100.689     36.129  38.485190     1.4378      8.879   113.1735 7.3917e+01     6.0585      1.455      2.110    28.3905 0.0000e+00
      1.505      0.114     7.9287     99.093     36.254  38.597400     1.3384      8.874   113.1685 7.2470e+01     5.5548      1.480      2.147    28.3286 0.0000e+00
      1.521      0.093     7.9999     97.627     36.420  38.761229     1.3338      8.867   113.1343 7.1191e+01     5.5384      1.491      2.163    28.3106 0.0000e+00
      1.536      0.082     7.9648     96.724     36.434  38.752669     1.4076      8.858   113.1034 6.9981e+01     5.6896      1.505      2.183    28.2953 0.0000e+00
      1.551      0.082     7.8511     96.554     36.406  38.684243     1.5144      8.848   113.0539 6.8856e+01     5.7773      1.522      2.208    28.2506 0.0000e+00
      1.567      0.091     7.7250     97.115     36.506  38.758769     1.5522      8.837   113.2235 6.7512e+01     5.7106      1.533      2.225    28.2182 0.0000e+00
      1.589      0.102     7.5938     98.557     36.589  38.828756     1.5149      8.826   113.5199 6.5653e+01     5.5669      1.551      2.251    28.2129 0.0000e+00
      1.623      0.107     7.5227    100.636     36.611  38.832389     1.5124      8.815   113.7123 6.3688e+01     5.5761      1.590      2.306    28.1881 0.0000e+00
      1.662      0.103     7.5263    102.379     36.725  38.929584     1.6551      8.804   113.8281 6.2104e+01     5.7541      1.634      2.369    28.1168 0.0000e+00
      1.697      0.093     7.5643    102.889     36.856  39.052016     1.8680      8.790   113.8876 6.0926e+01     5.8401      1.667      2.418    28.0682 0.0000e+00
      1.721      0.081     7.6807    102.071     36.921  39.106973     1.9546      8.775   113.9159 6.0251e+01     5.7283      1.691      2.454    28.0605 0.0000e+00
      1.732      0.076     7.8821    100.338     36.917  39.086380     1.9781      8.759   113.9117 5.9925e+01     5.5632      1.701      2.468    28.0292 0.0000e+00
      1.735      0.081     8.0557     98.133     36.847  38.993366     2.5442      8.744   113.9231 5.9595e+01     5.7224      1.702      2.469    27.9891 0.0000e+00
      1.740      0.091     8.0958     96.009     36.925  39.061116     3.6140      8.728   113.9675 5.8729e+01     6.1847      1.700      2.466    27.9733 0.0000e+00
      1.762      0.102     8.0177     94.549     37.069  39.207466     4.1930      8.710   113.8455 5.6650e+01     6.4388      1.716      2.489    27.9548 0.0000e+00
      1.810      0.107     7.8769     94.039     37.048  39.176388     4.2513      8.693   113.6531 5.4120e+01     6.4029      1.775      2.575    27.9350 0.0000e+00
      1.860      0.104     7.6918     94.399     37.076  39.193020     4.5352      8.677   113.6207 5.2499e+01     6.5028      1.833      2.659    27.9058 0.0000e+00
      1.892      0.091     7.5101     95.214     37.229  39.345080     5.1110      8.661   113.7987 5.1649e+01     6.9292      1.860      2.698    27.8753 0.0000e+00
      1.907      0.069     7.3872     95.834     37.259  39.364976     5.4530      8.646   114.2552 5.1205e+01     7.2551      1.873      2.716    27.8807 0.0000e+00
      1.912      0.046     7.3523     95.925     37.223  39.306642     5.4825      8.631   114.9246 5.1133e+01     7.3003      1.877      2.722    27.8703 0.0000e+00
      1.912      0.035     7.3929     95.587     37.331  39.401248     5.4604      8.618   115.6115 5.1036e+01     7.2021      1.875      2.719    27.8419 0.0000e+00
      1.912      0.039     7.4821     94.855     37.432  39.493466     5.4357      8.608   116.0217 5.0736e+01     7.0237      1.874      2.717    27.8365 0.0000e+00
      1.917      0.056     7.5435     93.811     37.367  39.406276     5.4418      8.601   116.1847 5.0203e+01     6.9889      1.877      2.723    27.8252 0.0000e+00
      1.931      0.076     7.5434     92.808     37.347  39.362366     5.4259      8.592   116.4628 4.9193e+01     7.0540      1.889      2.741    27.7937 0.0000e+00
      1.957      0.092     7.5244     92.157     37.523  39.533648     4.8856      8.581   116.9750 4.7620e+01     6.7530      1.915      2.777    27.7605 0.0000e+00
      1.993      0.098     7.4687     91.876     37.628  39.636873     3.8529      8.569   117.5598 4.5767e+01     6.0480      1.952      2.832    27.7492 0.0000e+00
      2.032      0.092     7.3763     92.013     37.543  39.531608     3.2680      8.557   118.0279 4.4188e+01     5.5660      1.997      2.896    27.7258 0.0000e+00
      2.063      0.077     7.2918     92.813     37.563  39.530079     3.2161      8.546   118.3334 4.3315e+01     5.5369      2.029      2.944    27.6830 0.0000e+00
      2.078      0.056     7.2450     94.035     37.667  39.618353     3.2334      8.536   118.4999 4.2988e+01     5.6614      2.042      2.961    27.6672 0.0000e+00
      2.082      0.034     7.2267     95.016     37.656  39.583531     3.1362      8.527   118.7507 4.2859e+01     5.6033      2.043      2.963    27.6678 0.0000e+00
      2.081      0.020     7.2237     95.691     37.715  39.616699     2.9060      8.518   119.1284 4.2873e+01     5.2785      2.042      2.962    27.6470 0.0000e+00
      2.078      0.020     7.2965     96.456     37.820  39.702024     2.7558      8.511   119.3664 4.2879e+01     5.0135      2.038      2.954    27.6061 0.0000e+00
      2.076      0.033     7.4300     97.609     37.801  39.663245     2.7439      8.505   119.5629 4.2683e+01     5.0626      2.034      2.951    27.5855 0.0000e+00
      2.081      0.054     7.5056     99.000     37.868  39.718939     2.7706      8.499   119.8709 4.2139e+01     5.3942      2.037      2.956    27.5603 0.0000e+00
      2.097      0.077     7.5507     99.897     38.014  39.867701     2.7788      8.489   119.7344 4.0916e+01     5.7782      2.050      2.974    27.5072 0.0000e+00
      2.127      0.099     7.6075     99.841     38.025  39.875389     2.7588      8.467   117.6548 3.9283e+01     5.9486      2.084      3.023    27.4813 0.0000e+00
      2.163      0.119     7.6986     99.123     38.043  39.875354     2.7128      8.430   113.7413 3.7812e+01     5.9856      2.123      3.079    27.4590 0.0000e+00
      2.197      0.134     7.8442     98.148     38.186  39.994168     2.5133      8.384   109.5845 3.6462e+01     6.3616      2.155      3.125    27.4291 0.0000e+00
      2.231      0.144     7.9316     97.007     38.273  40.042674     2.1613      8.340   105.0813 3.5012e+01     6.9765      2.187      3.171    27.4329 0.0000e+00
      2.266      0.147     7.9107     95.895     38.315  40.017549     1.9442      8.304    99.0432 3.3416e+01     7.2027      2.221      3.222    27.4345 0.0000e+00
      2.306      0.146     7.8427     95.215     38.458  40.071039     1.9112      8.276    91.8150 3.1771e+01     7.2187      2.261      3.279    27.4084 0.0000e+00
      2.350      0.140     7.7751     94.939     38.592  40.118114     1.9951      8.256    85.2270 3.0161e+01     8.2632      2.305      3.342    27.3620 0.0000e+00
      2.391      0.129     7.6883     94.586     38.687  40.142352     2.1597      8.244    79.3585 2.8751e+01    10.2322      2.348      3.405    27.3185 0.0000e+00
      2.425      0.114     7.5910     93.812     38.835  40.237056     2.2366      8.239    74.2897 2.7678e+01    11.2467      2.382      3.454    27.2339 0.0000e+00
      2.450      0.095     7.5591     92.600     38.950  40.311138     2.2672      8.237    70.4879 2.6867e+01    11.3065      2.405      3.488    27.0848 0.0000e+00
      2.469      0.075     7.5737     91.063     39.009  40.339918     2.8797      8.237    66.8600 2.6195e+01    12.1167      2.422      3.512    26.9608 0.0000e+00
      2.484      0.055     7.5679     89.332     39.085  40.394599     4.0487      8.240    62.9470 2.5611e+01    13.7668      2.436      3.534    26.8694 0.0000e+00
      2.496      0.040     7.5152     87.608     39.110  40.401073     4.7081      8.244    58.8826 2.5216e+01    14.7935      2.448      3.552    26.7907 0.0000e+00
      2.503      0.028     7.4209     86.053     39.081  40.354712     4.7929      8.247    54.8012 2.5041e+01    14.8969      2.457      3.563    26.7355 0.0000e+00
      2.507      0.019     7.3016     84.736     39.147  40.405187     4.8326      8.251    51.0262 2.4946e+01    14.8124      2.459      3.567    26.6972 0.0000e+00
      2.508      0.012     7.1591     83.745     39.262  40.503631     5.2297      8.256    47.4832 2.4822e+01    15.2757      2.460      3.568    26.6660 0.0000e+00
      2.509      0.007     7.0193     83.150     39.248  40.466082     5.9908      8.262    44.3139 2.4665e+01    16.3310      2.461      3.569    26.6411 0.0000e+00
      2.510      0.004     6.8966     82.816     39.211  40.395394     6.4353      8.268    41.9597 2.4525e+01    17.0155      2.462      3.571    26.6232 0.0000e+00
      2.512      0.004     6.7910     82.485     39.329  40.473921     6.6596      8.273    40.0986 2.4436e+01    17.3359      2.463      3.573    26.6013 0.0000e+00
      2.512      0.006     6.7105     82.165     39.484  40.590466     8.3436      8.277    38.2446 2.4371e+01    19.7942      2.463      3.573    26.5753 0.0000e+00
      2.513      0.009     6.6691     82.041     39.464  40.535188    11.3743      8.281    36.4062 2.4325e+01    24.3300      2.464      3.573    26.5491 0.0000e+00
      2.514      0.013     6.6596     82.015     39.399  40.440130    13.1078      8.287    34.8204 2.4264e+01    27.0539      2.465      3.575    26.5108 0.0000e+00
      2.516      0.017     6.6391     81.827     39.563  40.583427    14.3216      8.294    33.6979 2.4059e+01    29.8071      2.466      3.576    26.4504 0.0000e+00
      2.522      0.019     6.6095     81.568     39.675  40.681149    25.9169      8.299    32.8151 2.3719e+01    56.3891      2.473      3.586    26.3903 0.0000e+00
      2.532      0.019     6.6086     81.488     39.552  40.542759    47.0779      8.305    31.9764 2.3439e+01   104.8302      2.484      3.602    26.3488 0.0000e+00
      2.539      0.018     6.6238     81.533     39.762  40.750599    58.4878      8.310    31.3000 2.3312e+01   131.0208      2.491      3.614    26.3161 0.0000e+00
      2.542      0.018     6.6094     81.799     40.100  41.099749    58.4109      8.315    30.7456 2.3252e+01   131.8581      2.493      3.616    26.2789 0.0000e+00
