Data/DataNotYetUploadedToEDI/Raw_CTD/RawDownloads/072822_ccr50_S7809001.cnv
* Sea-Bird SBE19plus  Data File:
* FileName = C:\R\Reservoirs\Data\DataNotYetUploadedToEDI\Raw_CTD\RawDownloads\072822_ccr50_S7809_0001.hex
* Software version 2.8.0.119
* Temperature SN = 7809
* Conductivity SN = 7809
* System UpLoad Time = Jul 29 2022 15:39:17
* <ApplicationData>
* <Seaterm232>
# nquan = 15
# nvalues = 2329                        
# units = specified
# name 0 = depFM: Depth [fresh water, m]
# name 1 = dz/dtM: Descent Rate [m/s]
# name 2 = sbeox0Mg/L: Oxygen, SBE 43 [mg/l]
# name 3 = sbeox0PS: Oxygen, SBE 43 [% saturation]
# name 4 = specc: Specific Conductance [uS/cm]
# name 5 = c0uS/cm: Conductivity [uS/cm]
# name 6 = flECO-AFL: Fluorescence, WET Labs ECO-AFL/FL [mg/m^3]
# name 7 = ph: pH
# name 8 = orp: Oxidation Reduction Potential [mV]
# name 9 = par/sat/log: PAR/Logarithmic, Satlantic
# name 10 = turbWETntu0: Turbidity, WET Labs ECO [NTU]
# name 11 = prdM: Pressure, Strain Gauge [db]
# name 12 = prdE: Pressure, Strain Gauge [psi]
# name 13 = tv290C: Temperature [ITS-90, deg C]
# name 14 = flag:  0.000e+00
# span 0 =     -0.484,     17.262       
# span 1 =     -0.252,      0.214       
# span 2 =     3.1568,     9.8354       
# span 3 =     28.788,    115.540       
# span 4 =      3.744,    102.746       
# span 5 =   3.934528,  91.721985       
# span 6 =    -0.1588,     6.6111       
# span 7 =      6.897,      8.435       
# span 8 =   209.3290,   274.4672       
# span 9 = 1.2362e-01, 2.4709e+02       
# span 10 =    -0.3821,    40.3681      
# span 11 =     -0.478,     16.934      
# span 12 =     -0.693,     24.560      
# span 13 =    11.1809,    27.9672      
# span 14 = 0.0000e+00, 0.0000e+00      
# interval = seconds: 0.25
# start_time = Jul 28 2022 06:59:27 [Instrument's time stamp, header]
# bad_flag = -9.990e-29
*END*
[from data line 2217]
      0.768     -0.124     6.9957     89.372     86.471  91.302913     1.2867      8.128   224.2743 1.7259e+02     0.4020      0.748      1.084    27.8703 0.0000e+00
      0.732     -0.135     6.9976     89.426     86.516  91.329474     1.2986      8.131   224.0545 1.7576e+02     0.4586      0.718      1.041    27.8561 0.0000e+00
      0.700     -0.139     6.9953     89.375     86.562  91.375079     1.3019      8.132   223.9964 1.7959e+02     0.4478      0.689      0.999    27.8324 0.0000e+00
      0.667     -0.139     7.0069     89.272     86.583  91.409221     1.2933      8.134   223.7437 1.8408e+02     0.4080      0.654      0.948    27.8064 0.0000e+00
      0.634     -0.141     7.0231     89.155     86.577  91.424381     1.2859      8.135   223.1492 1.8838e+02     0.3534      0.623      0.904    27.7845 0.0000e+00
      0.599     -0.141     7.0305     89.016     86.559  91.431248     1.2876      8.135   222.6592 1.9298e+02     0.3337      0.589      0.855    27.7707 0.0000e+00
      0.559     -0.135     7.0238     88.859     86.538  91.428710     1.2887      8.136   222.5522 1.9748e+02     0.3747      0.549      0.796    27.7710 0.0000e+00
      0.518     -0.120     7.0133     88.709     86.554  91.457301     1.2902      8.138   222.6288 2.0190e+02     0.4382      0.509      0.739    27.7779 0.0000e+00
      0.478     -0.096     7.0043     88.670     86.602  91.522613     1.2980      8.142   222.8973 2.0544e+02     0.4534      0.464      0.673    27.7910 0.0000e+00
      0.451     -0.067     6.9893     88.796     86.630  91.582567     1.3073      8.146   223.1319 2.0563e+02     0.4220      0.434      0.629    27.8099 0.0000e+00
      0.443     -0.039     6.9771     88.987     86.620  91.609976     1.3119      8.149   223.0568 2.0443e+02     0.4001      0.431      0.625    27.8213 0.0000e+00
      0.448     -0.017     6.9603     89.124     86.581  91.599739     1.3044      8.149   222.7630 2.0423e+02     0.3593      0.438      0.637    27.8252 0.0000e+00
      0.456     -0.004     6.9533     89.150     86.555  91.586005     1.2986      8.149   222.3329 2.0403e+02     0.3041      0.448      0.651    27.8299 0.0000e+00
      0.462     -0.002     6.9664     89.147     86.543  91.571110     1.2996      8.146   221.9000 2.0305e+02     0.2799      0.456      0.661    27.8491 0.0000e+00
      0.462     -0.008     6.9804     89.210     86.528  91.546824     1.3001      8.143   221.6585 2.0233e+02     0.3395      0.455      0.660    27.8763 0.0000e+00
      0.456     -0.016     6.9918     89.262     86.536  91.546690     1.3055      8.143   221.5644 2.0262e+02     0.4445      0.448      0.651    27.8953 0.0000e+00
      0.446     -0.021     6.9900     89.261     86.558  91.569482     1.3070      8.148   221.3648 2.0191e+02     0.4559      0.438      0.636    27.9029 0.0000e+00
      0.435     -0.025     6.9844     89.302     86.550  91.568049     1.3012      8.153   221.1370 2.0126e+02     0.4088      0.424      0.616    27.8993 0.0000e+00
      0.427     -0.030     6.9954     89.390     86.511  91.529377     1.2850      8.156   221.2193 2.0200e+02     0.3876      0.417      0.605    27.8934 0.0000e+00
      0.426     -0.038     7.0029     89.484     86.478  91.483422     1.2526      8.158   221.2416 2.0161e+02     0.3703      0.417      0.604    27.8871 0.0000e+00
      0.425     -0.047     6.9963     89.576     86.476  91.457487     1.2258      8.160   220.8046 2.0276e+02     0.3701      0.421      0.610    27.8859 0.0000e+00
      0.415     -0.053     7.0002     89.586     86.511  91.470103     1.2193      8.167   220.2385 2.0726e+02     0.3860      0.414      0.600    27.8931 0.0000e+00
      0.390     -0.053     7.0092     89.464     86.561  91.508763     1.2396      8.177   219.7302 2.1095e+02     0.3917      0.382      0.554    27.8974 0.0000e+00
      0.364     -0.045     7.0148     89.292     86.598  91.543378     1.2804      8.189   219.5627 2.1313e+02     0.4052      0.353      0.512    27.8905 0.0000e+00
      0.344     -0.025     7.0281     89.155     86.617  91.570697     1.3045      8.199   219.7625 2.1349e+02     0.4118      0.335      0.486    27.8728 0.0000e+00
      0.337      0.003     7.0337     89.073     86.609  91.584737     1.3061      8.208   219.9098 2.1251e+02     0.4034      0.325      0.471    27.8570 0.0000e+00
      0.345      0.029     7.0209     89.051     86.580  91.585999     1.2997      8.213   220.0524 2.1206e+02     0.3719      0.333      0.483    27.8493 0.0000e+00
      0.367      0.047     7.0049     89.061     86.555  91.586006     1.2947      8.216   220.1100 2.1028e+02     0.3374      0.357      0.517    27.8465 0.0000e+00
      0.396      0.053     6.9945     89.066     86.541  91.584867     1.2961      8.216   219.9185 2.0737e+02     0.3626      0.391      0.568    27.8494 0.0000e+00
      0.418      0.050     6.9853     89.064     86.529  91.572256     1.2909      8.216   220.1459 2.0572e+02     0.3698      0.417      0.604    27.8634 0.0000e+00
      0.428      0.040     6.9818     89.047     86.525  91.560688     1.2900      8.217   220.7948 2.0559e+02     0.3563      0.423      0.614    27.8852 0.0000e+00
      0.428      0.029     6.9826     89.007     86.542  91.572156     1.3018      8.218   221.1387 2.0606e+02     0.4040      0.421      0.610    27.9032 0.0000e+00
      0.426      0.021     6.9808     88.961     86.556  91.583735     1.3086      8.220   221.5507 2.0611e+02     0.4342      0.418      0.605    27.9104 0.0000e+00
      0.427      0.017     6.9817     88.958     86.542  91.573519     1.3062      8.221   222.1631 2.0581e+02     0.4137      0.416      0.603    27.9087 0.0000e+00
      0.433      0.017     6.9812     89.031     86.536  91.575819     1.3058      8.221   222.4346 2.0590e+02     0.3951      0.422      0.612    27.9032 0.0000e+00
      0.443      0.015     6.9785     89.127     86.564  91.611552     1.3033      8.219   222.2514 2.0637e+02     0.4144      0.435      0.630    27.8977 0.0000e+00
      0.453      0.006     6.9736     89.195     86.574  91.624060     1.2930      8.215   221.5827 2.0674e+02     0.4423      0.446      0.647    27.8959 0.0000e+00
      0.457     -0.013     6.9708     89.241     86.555  91.599887     1.2900      8.207   220.4585 2.0700e+02     0.4244      0.451      0.654    27.8990 0.0000e+00
      0.455     -0.040     6.9786     89.298     86.540  91.573611     1.2920      8.197   219.3278 2.0654e+02     0.4033      0.449      0.651    27.9058 0.0000e+00
      0.445     -0.070     6.9870     89.350     86.535  91.560696     1.2838      8.189   218.8379 2.0422e+02     0.3923      0.442      0.641    27.9101 0.0000e+00
      0.422     -0.091     6.9921     89.325     86.548  91.570894     1.2658      8.187   218.7515 2.0070e+02     0.3936      0.417      0.606    27.9109 0.0000e+00
      0.385     -0.099     6.9944     89.202     86.546  91.569736     1.2484      8.189   218.4555 1.9820e+02     0.4188      0.382      0.554    27.9089 0.0000e+00
      0.340     -0.095     6.9998     89.043     86.522  91.546699     1.2323      8.194   218.1832 1.9840e+02     0.3894      0.332      0.481    27.9013 0.0000e+00
      0.305     -0.084     7.0079     88.909     86.526  91.546700     1.2209      8.199   218.1269 1.9798e+02     0.3467      0.286      0.416    27.8959 0.0000e+00
      0.292     -0.065     7.0070     88.840     86.554  91.569737     1.2266      8.199   218.1192 1.9415e+02     0.3811      0.283      0.410    27.8936 0.0000e+00
      0.292     -0.043     6.9942     88.887     86.555  91.570883     1.2424      8.196   218.0907 1.8972e+02     0.4283      0.288      0.418    27.8956 0.0000e+00
      0.290     -0.024     6.9796     89.051     86.540  91.560562     1.2462      8.191   218.1260 1.8572e+02     0.4390      0.286      0.415    27.8997 0.0000e+00
      0.285     -0.013     6.9695     89.270     86.547  91.572122     1.2390      8.185   219.3200 1.8044e+02     0.4089      0.279      0.404    27.8956 0.0000e+00
      0.280     -0.018     6.9622     89.491     86.557  91.583492     1.2385      8.180   221.7734 1.7680e+02     0.3710      0.272      0.395    27.8884 0.0000e+00
      0.278     -0.041     6.9662     89.684     86.543  91.570871     1.2401      8.176   223.3536 1.7706e+02     0.3569      0.273      0.394    27.8893 0.0000e+00
      0.278     -0.077     6.9803     89.794     86.523  91.546699     1.2340      8.173   223.6280 1.7786e+02     0.3410      0.272      0.393    27.8954 0.0000e+00
      0.275     -0.117     6.9991     89.735     86.535  91.545573     1.2222      8.172   223.6284 1.7806e+02     0.3494      0.278      0.404    27.8968 0.0000e+00
      0.245     -0.150     7.0165     89.500     86.562  91.557243     1.2230      8.177   223.4441 1.8473e+02     0.3896      0.258      0.373    27.8966 0.0000e+00
      0.177     -0.165     7.0326     89.235     86.573  91.560598     1.2432      8.196   223.1203 1.9346e+02     0.4168      0.179      0.259    27.8992 0.0000e+00
      0.096     -0.158     7.0446     89.114     86.592  91.586124     1.2512      8.218   223.0696 1.9405e+02     0.4063      0.085      0.125    27.8988 0.0000e+00
      0.034     -0.128     7.0423     89.113     86.602  91.611545     1.2354      8.228   223.1756 1.9668e+02     0.3653      0.020      0.030    27.8896 0.0000e+00
      0.004     -0.082     7.0208     89.127     86.588  91.613647     1.2268      8.230   222.1642 1.9937e+02     0.3307     -0.008     -0.013    27.8768 0.0000e+00
      0.009     -0.031     6.9930     89.176     86.575  91.611562     1.2302      8.228   220.0477 1.9509e+02     0.3295      0.002      0.002    27.8705 0.0000e+00
      0.031      0.011     6.9853     89.301     86.547  91.586357     1.2263      8.225   219.7831 1.9108e+02     0.3501      0.033      0.047    27.8744 0.0000e+00
      0.051      0.032     6.9892     89.431     86.525  91.563237     1.2220      8.224   221.7179 1.8889e+02     0.3754      0.053      0.078    27.8863 0.0000e+00
      0.063      0.032     6.9865     89.432     86.549  91.586368     1.2282      8.224   222.8781 1.8854e+02     0.3963      0.063      0.091    27.8972 0.0000e+00
      0.069      0.022     6.9875     89.230     86.573  91.611687     1.2347      8.227   222.9696 1.8725e+02     0.4323      0.069      0.099    27.9034 0.0000e+00
      0.070      0.009     6.9995     88.933     86.573  91.615020     1.2420      8.230   222.9961 1.8214e+02     0.4683      0.071      0.103    27.9063 0.0000e+00
      0.066      0.001     7.0139     88.728     86.580  91.626684     1.2502      8.230   222.9414 1.7780e+02     0.4564      0.065      0.094    27.9045 0.0000e+00
      0.061     -0.002     7.0181     88.685     86.575  91.625547     1.2255      8.230   222.7379 1.7493e+02     0.4253      0.059      0.085    27.9028 0.0000e+00
      0.060     -0.002     6.9982     88.755     86.552  91.601270     1.1767      8.230   222.4281 1.7073e+02     0.3992      0.058      0.084    27.9034 0.0000e+00
      0.060     -0.001     6.9675     88.881     86.542  91.587503     1.1591      8.228   222.2076 1.6693e+02     0.3795      0.058      0.084    27.9050 0.0000e+00
      0.062      0.001     6.9496     89.041     86.544  91.586251     1.1715      8.225   222.1362 1.6533e+02     0.3930      0.062      0.089    27.9080 0.0000e+00
      0.065      0.003     6.9484     89.208     86.544  91.586127     1.1926      8.223   222.0817 1.6533e+02     0.4258      0.065      0.094    27.9108 0.0000e+00
      0.065      0.005     6.9555     89.336     86.545  91.586002     1.2237      8.220   221.9785 1.6511e+02     0.4336      0.065      0.093    27.9111 0.0000e+00
      0.064      0.005     6.9658     89.366     86.546  91.584741     1.2396      8.217   221.9210 1.6486e+02     0.4188      0.062      0.090    27.9080 0.0000e+00
      0.064      0.002     6.9794     89.273     86.536  91.570879     1.2348      8.215   221.8165 1.6500e+02     0.3842      0.062      0.091    27.9060 0.0000e+00
      0.068     -0.009     6.9936     89.099     86.517  91.545560     1.2313      8.211   221.7471 1.6295e+02     0.3571      0.067      0.097    27.9063 0.0000e+00
      0.072     -0.034     7.0059     88.922     86.512  91.532948     1.2318      8.205   221.9425 1.5983e+02     0.3981      0.073      0.104    27.9060 0.0000e+00
      0.072     -0.071     7.0093     88.825     86.529  91.545549     1.2317      8.195   221.9419 1.6033e+02     0.4701      0.073      0.107    27.9045 0.0000e+00
      0.061     -0.114     7.0006     88.859     86.553  91.570740     1.2469      8.183   221.3963 1.6736e+02     0.7149      0.067      0.097    27.9024 0.0000e+00
      0.026     -0.155     6.9853     89.000     86.561  91.583205     1.4161      8.169   219.8191 1.8176e+02     3.7683      0.038      0.055    27.8995 0.0000e+00
     -0.036     -0.192     6.9690     89.070     86.546  91.569100     1.7124      8.158   216.9823 1.9895e+02     9.4798     -0.031     -0.044    27.8954 0.0000e+00
     -0.109     -0.224     6.9609     88.731     86.511  91.527369     1.8583      8.151   214.2855 2.0944e+02    12.5898     -0.113     -0.163    27.8906 0.0000e+00
     -0.173     -0.248     6.9633     87.886     86.517  91.523738     1.8559      8.144   215.0034 2.1427e+02    12.6430     -0.175     -0.253    27.8904 0.0000e+00
     -0.225     -0.252     6.9781     87.030     86.593  91.588776     1.7999      8.135   219.4677 2.2218e+02    10.6353     -0.220     -0.319    27.8950 0.0000e+00
     -0.285     -0.233     6.9947     86.656     86.634  91.614277     1.6979      8.125   223.0915 2.2990e+02     7.0335     -0.270     -0.391    27.8970 0.0000e+00
     -0.364     -0.201     6.9772     86.590     86.555  91.514111     1.6459      8.118   224.5749 2.3649e+02     5.0982     -0.356     -0.517    27.8938 0.0000e+00
     -0.438     -0.165     6.8921     86.270     85.554  90.441235     1.6374      8.113   225.3577 2.4409e+02     4.8964     -0.450     -0.653    27.8880 0.0000e+00
     -0.476     -0.125     6.8045     85.263     74.343  78.578620     1.5949      8.113   225.8456 2.4709e+02     4.6968     -0.478     -0.693    27.8791 0.0000e+00
     -0.483     -0.081     6.7876     83.743     47.875  50.597078     1.1664      8.114   226.3441 2.4590e+02     3.4014     -0.474     -0.686    27.8677 0.0000e+00
     -0.483     -0.041     6.8005     82.430     23.399  24.724827     0.3761      8.116   226.8249 2.4293e+02     1.1899     -0.475     -0.687    27.8574 0.0000e+00
     -0.484     -0.014     6.7925     81.822     13.385  14.138622    -0.0541      8.116   227.3564 2.3753e+02     0.0591     -0.474     -0.687    27.8486 0.0000e+00
     -0.484     -0.003     6.7112     81.863     11.037  11.654323    -0.0899      8.114   227.8672 2.3122e+02     0.0101     -0.475     -0.689    27.8406 0.0000e+00
     -0.484     -0.001     6.5647     82.306      9.488  10.015466    -0.1066      8.114   228.0101 2.2579e+02    -0.0854     -0.475     -0.689    27.8326 0.0000e+00
     -0.484     -0.000     6.4481     83.000      7.703   8.129178    -0.1387      8.115   227.9654 2.1694e+02    -0.2759     -0.475     -0.689    27.8214 0.0000e+00
     -0.484 -1.834e-08     6.4083     83.877      6.476   6.831848    -0.1535      8.110   228.0150 1.9976e+02    -0.3451     -0.475     -0.689    27.8046 0.0000e+00
     -0.484 -2.017e-07     6.4216     84.823      6.091   6.424042    -0.1445      8.094   227.4915 1.7830e+02    -0.3071     -0.475     -0.688    27.7876 0.0000e+00
     -0.484 -2.017e-07     6.4623     85.678      5.917   6.237784    -0.1290      8.081   226.7990 1.6665e+02    -0.2953     -0.474     -0.688    27.7725 0.0000e+00
     -0.484 -1.834e-08     6.5188     86.323      5.487   5.782816    -0.1082      8.099   226.9550 1.7771e+02    -0.3043     -0.474     -0.687    27.7573 0.0000e+00
     -0.484 -1.668e-09     6.5928     86.712      5.023   5.291828    -0.0927      8.127   226.7106 1.9515e+02    -0.2798     -0.475     -0.688    27.7415 0.0000e+00
