Data/DataNotYetUploadedToEDI/Raw_CTD/RawDownloads/072825_fcr40_S7809005.cnv
* Sea-Bird SBE19plus  Data File:
* FileName = C:\R\Reservoirs\Data\DataNotYetUploadedToEDI\Raw_CTD\RawDownloads\072825_fcr50_S7809_0005.hex
* Software version 2.8.0.119
* Temperature SN = 7809
* Conductivity SN = 7809
* System UpLoad Time = Jul 28 2025 17:39:47
* <ApplicationData>
* <Seaterm232>
# nquan = 15
# nvalues = 1469                        
# units = specified
# name 0 = depFM: Depth [fresh water, m]
# name 1 = dz/dtM: Descent Rate [m/s]
# name 2 = sbeox0Mg/L: Oxygen, SBE 43 [mg/l]
# name 3 = sbeox0PS: Oxygen, SBE 43 [% saturation]
# name 4 = specc: Specific Conductance [uS/cm]
# name 5 = c0uS/cm: Conductivity [uS/cm]
# name 6 = flECO-AFL: Fluorescence, WET Labs ECO-AFL/FL [mg/m^3]
# name 7 = ph: pH
# name 8 = orp: Oxidation Reduction Potential [mV]
# name 9 = par/sat/log: PAR/Logarithmic, Satlantic
# name 10 = turbWETntu0: Turbidity, WET Labs ECO [NTU]
# name 11 = prdM: Pressure, Strain Gauge [db]
# name 12 = prdE: Pressure, Strain Gauge [psi]
# name 13 = tv290C: Temperature [ITS-90, deg C]
# name 14 = flag:  0.000e+00
# span 0 =     -0.609,      5.633       
# span 1 =     -0.462,      0.137       
# span 2 =     4.8975,     8.7626       
# span 3 =     60.080,    108.245       
# span 4 =      1.465,     54.701       
# span 5 =   1.359897,  42.954705       
# span 6 =    -0.1131,     9.3601       
# span 7 =      7.970,     13.870       
# span 8 =  -501.1014,   388.3045       
# span 9 = 1.5212e-01, 2.9054e+03       
# span 10 =    -2.7502,   931.9531      
# span 11 =     -0.598,      5.524      
# span 12 =     -0.867,      8.012      
# span 13 =    13.3610,    28.5830      
# span 14 = 0.0000e+00, 0.0000e+00      
# interval = seconds: 0.25
# start_time = Jul 28 2025 13:33:18 [Instrument's time stamp, header]
# bad_flag = -9.990e-29
*END*
[from data line 386]
      0.952      0.008     8.1441    104.747     34.219  36.499412     1.7399      9.999   136.6649 5.3791e+02     7.8146      0.934      1.354    28.3198 0.0000e+00
      0.954      0.007     8.1456    104.775     34.166  36.444491     1.7154      9.999   136.7288 5.3438e+02     7.7105      0.935      1.357    28.3202 0.0000e+00
      0.955      0.007     8.1487    104.793     34.196  36.476596     1.7174      9.999   136.7962 5.3335e+02     7.7085      0.937      1.359    28.3196 0.0000e+00
      0.956      0.007     8.1510    104.786     34.223  36.506901     1.7310      9.998   136.8777 5.3161e+02     7.8240      0.938      1.360    28.3220 0.0000e+00
      0.958      0.007     8.1504    104.797     34.209  36.493648     1.7130      9.998   137.0251 5.2967e+02     7.9111      0.940      1.362    28.3262 0.0000e+00
      0.960      0.008     8.1530    104.830     34.220  36.506716     1.6920      9.997   137.1166 5.2877e+02     7.8740      0.941      1.365    28.3277 0.0000e+00
      0.962      0.008     8.1561    104.850     34.249  36.537996     1.6758      9.996   137.1231 5.2562e+02     7.7508      0.943      1.367    28.3283 0.0000e+00
      0.965      0.009     8.1525    104.878     34.204  36.491157     1.6927      9.995   137.1036 5.2276e+02     7.7194      0.946      1.372    28.3301 0.0000e+00
      0.967      0.009     8.1527    104.903     34.104  36.384545     1.7382      9.994   137.1396 5.2113e+02     7.7336      0.948      1.375    28.3334 0.0000e+00
      0.969      0.010     8.1579    104.918     34.050  36.327602     1.7508      9.993   137.2135 5.1826e+02     7.7173      0.950      1.377    28.3357 0.0000e+00
      0.971      0.010     8.1568    104.958     34.091  36.373716     1.7372      9.990   137.2227 5.1472e+02     7.7281      0.951      1.380    28.3351 0.0000e+00
      0.974      0.010     8.1599    105.004     34.206  36.497959     1.7237      9.987   137.1653 5.1113e+02     7.7271      0.955      1.385    28.3357 0.0000e+00
      0.977      0.010     8.1631    105.021     34.263  36.560810     1.7290      9.986   137.1220 5.0832e+02     7.7734      0.958      1.390    28.3374 0.0000e+00
      0.980      0.009     8.1607    105.026     34.204  36.499149     1.7505      9.985   137.1286 5.0665e+02     7.8095      0.960      1.393    28.3381 0.0000e+00
      0.982      0.008     8.1653    105.050     34.156  36.450377     1.7599      9.984   137.1594 5.0594e+02     7.7885      0.963      1.397    28.3412 0.0000e+00
      0.984      0.008     8.1698    105.085     34.180  36.478713     1.7599      9.983   137.1494 5.0572e+02     7.8261      0.965      1.400    28.3447 0.0000e+00
      0.985      0.008     8.1700    105.113     34.220  36.524519     1.7751      9.982   137.0944 5.0548e+02     7.9231      0.966      1.401    28.3466 0.0000e+00
      0.986      0.009     8.1685    105.140     34.192  36.496610     1.8019      9.981   137.0972 5.0458e+02     8.0393      0.967      1.402    28.3484 0.0000e+00
      0.989      0.010     8.1708    105.173     34.095  36.395068     1.8178      9.980   137.1836 5.0315e+02     8.0355      0.969      1.405    28.3513 0.0000e+00
      0.992      0.012     8.1733    105.216     34.074  36.375433     1.8090      9.979   137.2777 5.0258e+02     7.9109      0.972      1.410    28.3574 0.0000e+00
      0.995      0.014     8.1743    105.260     34.141  36.449573     1.8128      9.978   137.3748 5.0148e+02     7.8644      0.974      1.413    28.3619 0.0000e+00
      0.998      0.017     8.1763    105.300     34.155  36.466643     1.8635      9.977   137.4110 4.9908e+02     7.9521      0.978      1.419    28.3635 0.0000e+00
      1.003      0.019     8.1779    105.355     34.083  36.391472     1.9137      9.976   137.3705 4.9659e+02     8.0834      0.984      1.427    28.3655 0.0000e+00
      1.008      0.020     8.1814    105.421     34.057  36.365539     1.9290      9.974   137.4015 4.9324e+02     8.0858      0.988      1.434    28.3701 0.0000e+00
      1.014      0.020     8.1843    105.476     34.153  36.470340     1.9399      9.974   137.5290 4.8848e+02     8.1171      0.994      1.442    28.3750 0.0000e+00
      1.021      0.019     8.1864    105.515     34.255  36.579964     1.9878      9.973   137.6206 4.8462e+02     8.4272      1.002      1.454    28.3771 0.0000e+00
      1.026      0.016     8.1903    105.566     34.225  36.548891     2.0411      9.971   137.6490 4.8263e+02     8.7268      1.007      1.461    28.3781 0.0000e+00
      1.030      0.013     8.1961    105.625     34.095  36.411887     2.0526      9.970   137.7009 4.8149e+02     8.8021      1.010      1.465    28.3816 0.0000e+00
      1.032      0.009     8.2000    105.649     34.065  36.382825     2.0348      9.970   137.6455 4.8112e+02     8.6889      1.012      1.468    28.3860 0.0000e+00
      1.033      0.007     8.2013    105.639     34.185  36.514765     2.0098      9.969   137.4085 4.8116e+02     8.4514      1.013      1.469    28.3882 0.0000e+00
      1.035      0.008     8.2049    105.634     34.214  36.547800     2.0078      9.969   137.2447 4.8103e+02     8.3890      1.015      1.473    28.3889 0.0000e+00
      1.035      0.013     8.2118    105.661     34.077  36.401552     2.0358      9.970   137.2137 4.8339e+02     8.5497      1.017      1.475    28.3895 0.0000e+00
      1.034      0.018     8.2127    105.729     34.013  36.332751     2.0656      9.971   137.1207 4.8290e+02     8.6872      1.013      1.469    28.3953 0.0000e+00
      1.038      0.022     8.2089    105.822     34.154  36.477339     2.0684      9.972   136.9799 4.7531e+02     8.7191      1.014      1.470    28.4027 0.0000e+00
      1.049      0.024     8.2081    105.895     34.304  36.626939     2.0441      9.973   136.9745 4.6630e+02     8.6620      1.028      1.491    28.4036 0.0000e+00
      1.063      0.024     8.2100    105.954     34.244  36.555269     2.0463      9.974   137.0552 4.5911e+02     8.6463      1.045      1.515    28.4021 0.0000e+00
      1.071      0.024     8.2145    106.050     34.074  36.372179     2.0864      9.977   137.0951 4.5843e+02     8.5975      1.053      1.527    28.4080 0.0000e+00
      1.073      0.022     8.2251    106.163     34.025  36.316722     2.1218      9.982   137.1134 4.6020e+02     8.4126      1.052      1.526    28.4004 0.0000e+00
      1.073      0.019     8.2342    106.244     34.106  36.392345     2.1330      9.986   137.1034 4.5812e+02     8.3239      1.051      1.524    28.3769 0.0000e+00
      1.076      0.016     8.2375    106.293     34.184  36.461660     2.1218      9.989   137.2324 4.5349e+02     8.3787      1.055      1.530    28.3633 0.0000e+00
      1.083      0.015     8.2462    106.320     34.189  36.456829     2.1449      9.991   137.4682 4.4889e+02     8.5288      1.062      1.540    28.3658 0.0000e+00
      1.089      0.015     8.2566    106.342     34.138  36.397366     2.2120      9.993   137.5457 4.4562e+02     8.6702      1.069      1.550    28.3689 0.0000e+00
      1.093      0.014     8.2654    106.365     34.122  36.377200     2.2511      9.994   137.4813 4.4494e+02     8.6875      1.072      1.555    28.3459 0.0000e+00
      1.095      0.012     8.2734    106.398     34.147  36.403347     2.2507      9.995   137.3776 4.4670e+02     8.6697      1.074      1.558    28.3197 0.0000e+00
      1.097      0.010     8.2757    106.419     34.140  36.396250     2.2321      9.996   137.4109 4.4669e+02     8.6261      1.075      1.560    28.3081 0.0000e+00
      1.098      0.008     8.2792    106.415     34.101  36.354837     2.2179      9.997   137.5392 4.4710e+02     8.6383      1.077      1.562    28.3009 0.0000e+00
      1.100      0.008     8.2806    106.434     34.093  36.346775     2.2114      9.998   137.5524 4.4645e+02     8.6812      1.079      1.564    28.2977 0.0000e+00
      1.103      0.008     8.2839    106.455     34.168  36.425680     2.1880      9.999   137.5712 4.4517e+02     8.6319      1.082      1.569    28.2964 0.0000e+00
      1.105      0.009     8.2876    106.457     34.223  36.484013     2.1602     10.001   137.6799 4.4608e+02     8.5890      1.084      1.572    28.2972 0.0000e+00
      1.106      0.011     8.2829    106.486     34.161  36.417574     2.1830     10.002   137.7494 4.4582e+02     8.6749      1.084      1.573    28.2982 0.0000e+00
      1.107      0.011     8.2863    106.493     34.129  36.383768     2.2465     10.003   137.8085 4.4340e+02     8.8854      1.085      1.573    28.2980 0.0000e+00
      1.111      0.012     8.2905    106.429     34.196  36.455968     2.2623     10.005   137.8776 4.4070e+02     8.9474      1.089      1.580    28.2969 0.0000e+00
      1.116      0.012     8.2861    106.399     34.205  36.465694     2.2409     10.006   137.8962 4.3892e+02     8.8102      1.095      1.589    28.2960 0.0000e+00
      1.120      0.011     8.2913    106.474     34.118  36.374469     2.2619     10.006   137.9477 4.3593e+02     8.6956      1.100      1.594    28.2958 0.0000e+00
      1.122      0.009     8.2956    106.584     34.051  36.304724     2.3257     10.006   138.0710 4.3458e+02     8.6544      1.101      1.596    28.2962 0.0000e+00
      1.125      0.006     8.2845    106.645     34.064  36.320364     2.3793     10.007   138.1819 4.3403e+02     8.6870      1.104      1.599    28.2974 0.0000e+00
      1.127      0.002     8.2797    106.671     34.113  36.373222     2.3857     10.008   138.1704 4.3248e+02     8.6805      1.106      1.604    28.2987 0.0000e+00
      1.127      0.000     8.2881    106.680     34.112  36.372785     2.3449     10.008   138.1031 4.3378e+02     8.6445      1.107      1.606    28.2990 0.0000e+00
      1.125      0.000     8.3005    106.672     34.058  36.315075     2.3107     10.008   138.1430 4.3737e+02     8.6950      1.104      1.601    28.3015 0.0000e+00
      1.123      0.000     8.3024    106.660     34.053  36.309951     2.3213     10.008   138.2225 4.4003e+02     8.7447      1.100      1.596    28.3061 0.0000e+00
      1.122      0.001     8.3033    106.630     34.114  36.374282     2.3402     10.008   138.2899 4.3965e+02     8.7667      1.100      1.595    28.3077 0.0000e+00
      1.123      0.004     8.3058    106.610     34.134  36.394948     2.3473     10.009   138.3551 4.3879e+02     8.7572      1.102      1.599    28.3071 0.0000e+00
      1.126      0.007     8.3024    106.625     34.110  36.369472     2.3496     10.009   138.4090 4.3803e+02     8.7312      1.104      1.601    28.3068 0.0000e+00
      1.129      0.009     8.3047    106.695     34.124  36.383502     2.3591     10.009   138.5114 4.3554e+02     8.7939      1.107      1.605    28.3072 0.0000e+00
      1.131      0.010     8.2996    106.816     34.176  36.437684     2.3872     10.008   138.6466 4.3364e+02     8.8667      1.109      1.608    28.3072 0.0000e+00
      1.134      0.009     8.2980    106.882     34.191  36.453529     2.3903     10.006   138.7537 4.3322e+02     8.7913      1.111      1.612    28.3058 0.0000e+00
      1.137      0.009     8.2998    106.851     34.127  36.384732     2.3546     10.005   138.7734 4.3234e+02     8.7020      1.116      1.619    28.3044 0.0000e+00
      1.140      0.009     8.3026    106.818     34.052  36.303810     2.3386     10.005   138.7128 4.3219e+02     8.8118      1.118      1.622    28.3037 0.0000e+00
      1.140      0.010     8.3182    106.834     34.049  36.299961     2.3630     10.005   138.7095 4.3354e+02     8.9927      1.118      1.622    28.3030 0.0000e+00
      1.141      0.013     8.3249    106.861     34.084  36.338201     2.3920     10.005   138.7331 4.3203e+02     9.0097      1.119      1.623    28.3016 0.0000e+00
      1.144      0.015     8.3181    106.886     34.129  36.385458     2.4065     10.005   138.7397 4.2860e+02     8.8809      1.121      1.626    28.2999 0.0000e+00
      1.149      0.017     8.3138    106.916     34.168  36.427194     2.4130     10.004   138.7906 4.2568e+02     8.8014      1.126      1.633    28.2989 0.0000e+00
      1.156      0.018     8.3179    106.962     34.143  36.398673     2.4122     10.004   138.8315 4.2076e+02     8.8691      1.133      1.645    28.2998 0.0000e+00
      1.162      0.017     8.3195    107.031     34.105  36.357862     2.4304     10.004   138.8898 4.1680e+02     8.9824      1.141      1.655    28.3001 0.0000e+00
      1.167      0.016     8.3212    107.090     34.124  36.377900     2.4745     10.003   138.9799 4.1564e+02     8.9071      1.146      1.662    28.2991 0.0000e+00
      1.171      0.013     8.3240    107.116     34.133  36.387158     2.5050     10.003   139.0606 4.1534e+02     8.6754      1.149      1.666    28.2984 0.0000e+00
      1.173      0.010     8.3263    107.125     34.092  36.342898     2.5158     10.002   139.0910 4.1498e+02     8.5721      1.151      1.669    28.2968 0.0000e+00
      1.174      0.008     8.3342    107.126     34.039  36.286898     2.5303     10.001   139.0894 4.1427e+02     8.6492      1.151      1.670    28.2954 0.0000e+00
      1.175      0.007     8.3391    107.127     34.032  36.281123     2.5623     10.000   139.1266 4.1404e+02     8.7873      1.152      1.671    28.2953 0.0000e+00
      1.178      0.006     8.3403    107.132     34.084  36.336515     2.5876     10.000   139.1110 4.1283e+02     8.7729      1.155      1.675    28.2951 0.0000e+00
      1.180      0.005     8.3410    107.145     34.130  36.385599     2.5786     10.000   139.0736 4.1227e+02     8.6114      1.157      1.678    28.2946 0.0000e+00
      1.181      0.004     8.3407    107.170     34.113  36.366991     2.5695     10.000   139.1040 4.1148e+02     8.5429      1.158      1.680    28.2952 0.0000e+00
      1.181      0.004     8.3405    107.196     34.053  36.301874     2.6021      9.999   139.1339 4.0854e+02     8.5942      1.160      1.682    28.2972 0.0000e+00
      1.181      0.004     8.3407    107.212     34.047  36.296231     2.6563      9.999   139.0918 4.0650e+02     8.6856      1.159      1.681    28.2981 0.0000e+00
      1.182      0.005     8.3413    107.221     34.108  36.362216     2.6760      9.999   139.0246 4.0491e+02     8.6912      1.158      1.679    28.2971 0.0000e+00
      1.183      0.008     8.3441    107.236     34.146  36.401741     2.6573      9.999   139.0099 4.0175e+02     8.5935      1.160      1.682    28.2960 0.0000e+00
      1.185      0.010     8.3466    107.271     34.140  36.393420     2.6470     10.000   139.0003 3.9903e+02     8.5288      1.163      1.686    28.2955 0.0000e+00
      1.188      0.013     8.3474    107.324     34.136  36.388503     2.7416     10.000   138.9945 3.9757e+02     8.5917      1.165      1.690    28.2970 0.0000e+00
      1.193      0.016     8.3477    107.381     34.154  36.405736     2.9272      9.999   138.9399 3.9438e+02     8.7387      1.170      1.696    28.2978 0.0000e+00
      1.197      0.020     8.3485    107.434     34.160  36.411429     3.0187      9.998   138.8561 3.9048e+02     8.7688      1.175      1.704    28.2963 0.0000e+00
      1.202      0.025     8.3516    107.500     34.145  36.393884     3.0252      9.998   138.8419 3.8707e+02     8.6825      1.179      1.710    28.2947 0.0000e+00
      1.208      0.031     8.3565    107.589     34.137  36.383948     3.2212      9.999   138.8543 3.8191e+02     8.6864      1.184      1.717    28.2928 0.0000e+00
      1.216      0.036     8.3618    107.695     34.170  36.418193     3.5914     10.000   138.8328 3.7491e+02     8.7828      1.191      1.728    28.2908 0.0000e+00
      1.227      0.040     8.3651    107.821     34.240  36.490686     3.7886      9.999   138.8404 3.6893e+02     8.8232      1.202      1.743    28.2890 0.0000e+00
      1.240      0.045     8.3704    107.956     34.249  36.499043     3.7831      9.998   138.9465 3.6481e+02     8.7302      1.216      1.764    28.2866 0.0000e+00
