Data/DataNotYetUploadedToEDI/Raw_CTD/RawDownloads/072825_fcr40_S7809005.cnv
* Sea-Bird SBE19plus  Data File:
* FileName = C:\R\Reservoirs\Data\DataNotYetUploadedToEDI\Raw_CTD\RawDownloads\072825_fcr50_S7809_0005.hex
* Software version 2.8.0.119
* Temperature SN = 7809
* Conductivity SN = 7809
* System UpLoad Time = Jul 28 2025 17:39:47
* <ApplicationData>
* <Seaterm232>
# nquan = 15
# nvalues = 1469                        
# units = specified
# name 0 = depFM: Depth [fresh water, m]
# name 1 = dz/dtM: Descent Rate [m/s]
# name 2 = sbeox0Mg/L: Oxygen, SBE 43 [mg/l]
# name 3 = sbeox0PS: Oxygen, SBE 43 [% saturation]
# name 4 = specc: Specific Conductance [uS/cm]
# name 5 = c0uS/cm: Conductivity [uS/cm]
# name 6 = flECO-AFL: Fluorescence, WET Labs ECO-AFL/FL [mg/m^3]
# name 7 = ph: pH
# name 8 = orp: Oxidation Reduction Potential [mV]
# name 9 = par/sat/log: PAR/Logarithmic, Satlantic
# name 10 = turbWETntu0: Turbidity, WET Labs ECO [NTU]
# name 11 = prdM: Pressure, Strain Gauge [db]
# name 12 = prdE: Pressure, Strain Gauge [psi]
# name 13 = tv290C: Temperature [ITS-90, deg C]
# name 14 = flag:  0.000e+00
# span 0 =     -0.609,      5.633       
# span 1 =     -0.462,      0.137       
# span 2 =     4.8975,     8.7626       
# span 3 =     60.080,    108.245       
# span 4 =      1.465,     54.701       
# span 5 =   1.359897,  42.954705       
# span 6 =    -0.1131,     9.3601       
# span 7 =      7.970,     13.870       
# span 8 =  -501.1014,   388.3045       
# span 9 = 1.5212e-01, 2.9054e+03       
# span 10 =    -2.7502,   931.9531      
# span 11 =     -0.598,      5.524      
# span 12 =     -0.867,      8.012      
# span 13 =    13.3610,    28.5830      
# span 14 = 0.0000e+00, 0.0000e+00      
# interval = seconds: 0.25
# start_time = Jul 28 2025 13:33:18 [Instrument's time stamp, header]
# bad_flag = -9.990e-29
*END*
     -0.604 -3.359e-09     8.0717     91.244      2.007   1.863063     0.0072      8.764   133.7993 2.9039e+03     0.0464     -0.592     -0.859    21.4028 0.0000e+00
     -0.603 -3.695e-08     8.0687     91.225      2.001   1.857203    -0.0183      8.768   109.6179 2.9039e+03    -0.1130     -0.592     -0.858    21.4026 0.0000e+00
     -0.603 -4.064e-07     8.0687     91.218      1.965   1.824221    -0.0390      8.786    76.7034 2.9043e+03    -0.1738     -0.592     -0.858    21.4025 0.0000e+00
     -0.604      0.000     8.0725     91.228      1.919   1.780990    -0.0267      8.800    83.3452 2.9054e+03    -0.0736     -0.593     -0.859    21.4023 0.0000e+00
     -0.604     -0.000     8.0703     91.244      1.915   1.777900    -0.0108      8.797   113.2626 2.9021e+03     0.0055     -0.592     -0.859    21.4021 0.0000e+00
     -0.604     -0.001     8.0683     91.245      1.925   1.786852    -0.0221      8.787   132.3041 2.8910e+03    -0.0370     -0.593     -0.859    21.4026 0.0000e+00
     -0.604     -0.001     8.0672     91.230      1.899   1.762539    -0.0212      8.777   140.1192 2.8843e+03    -0.0080     -0.592     -0.859    21.4028 0.0000e+00
     -0.604     -0.000     8.0685     91.234      1.871   1.737304     0.0083      8.770   141.0738 2.8904e+03     0.1178     -0.592     -0.859    21.4031 0.0000e+00
     -0.605 -1.847e-08     8.0704     91.255      1.869   1.735113     0.0261      8.765   141.0936 2.8982e+03     0.1171     -0.593     -0.860    21.4034 0.0000e+00
     -0.605 -2.032e-07     8.0713     91.246      1.870   1.736046     0.0110      8.757   140.9600 2.8952e+03    -0.0159     -0.593     -0.860    21.4038 0.0000e+00
     -0.605 -2.032e-07     8.0680     91.242      1.884   1.748581    -0.0157      8.742   141.3513 2.8843e+03    -0.0898     -0.593     -0.860    21.4043 0.0000e+00
     -0.605 -1.847e-08     8.0669     91.257      1.896   1.759991    -0.0138      8.721   143.3296 2.8777e+03    -0.0248     -0.593     -0.860    21.4045 0.0000e+00
     -0.605 -1.680e-09     8.0739     91.249      1.883   1.747311    -0.0083      8.701   143.2842 2.8777e+03     0.0184     -0.593     -0.860    21.4045 0.0000e+00
     -0.605 -1.527e-10     8.0690     91.243      1.855   1.721963    -0.0240      8.691   140.2859 2.8795e+03    -0.0459     -0.593     -0.860    21.4048 0.0000e+00
     -0.605 -1.363e-11     8.0680     91.246      1.839   1.706885    -0.0204      8.689   141.5793 2.8780e+03    -0.0506     -0.593     -0.860    21.4050 0.0000e+00
     -0.605 1.5139e-12     8.0733     91.231      1.823   1.691686    -0.0074      8.680   162.3638 2.8678e+03    -0.0042     -0.593     -0.859    21.4053 0.0000e+00
     -0.605 3.0420e-11     8.0693     91.220      1.794   1.664877    -0.0162      8.699    80.8162 2.8413e+03    -0.0656     -0.593     -0.860    21.4055 0.0000e+00
     -0.605 3.3587e-10     8.0687     91.222      1.763   1.636110    -0.0184      8.791  -117.1168 2.8037e+03    -0.1099     -0.593     -0.859    21.4058 0.0000e+00
     -0.605 3.6947e-09     8.0713     91.200      1.721   1.597231    -0.0005      8.921  -196.6864 2.7637e+03    -0.0275     -0.593     -0.860    21.4059 0.0000e+00
     -0.605 4.0642e-08     8.0685     91.180      1.697   1.574844     0.0010      9.056  -152.9309 2.5057e+03     0.0088     -0.592     -0.859    21.4061 0.0000e+00
     -0.605 4.4706e-07     8.0656     91.214      1.744   1.618794    -0.0250      9.187   -84.9496 2.1857e+03     0.0894     -0.593     -0.860    21.4064 0.0000e+00
     -0.605      0.000     8.0699     91.271      1.884   1.748587    -0.0490      9.287    -8.6675 2.1921e+03     0.2981     -0.593     -0.860    21.4065 0.0000e+00
     -0.605      0.000     8.0657     91.284      2.023   1.877307    -0.0405      9.346    41.8420 2.1768e+03     0.4139     -0.593     -0.860    21.4067 0.0000e+00
     -0.604      0.001     8.0613     91.257      1.988   1.844944    -0.0054      9.366    74.5662 1.9141e+03     0.4996     -0.593     -0.859    21.4068 0.0000e+00
     -0.604      0.002     8.0657     91.256      1.804   1.674000     0.0011      9.334   103.7573 1.5366e+03     0.6855     -0.593     -0.859    21.4068 0.0000e+00
     -0.604      0.002     8.0739     91.255      1.639   1.520688    -0.0113      9.274   118.0871 1.0571e+03     0.9525     -0.592     -0.858    21.4066 0.0000e+00
     -0.603      0.002     8.0758     91.236      1.561   1.448121     0.0034      9.249   114.8093 6.2062e+02     1.1664     -0.592     -0.858    21.4067 0.0000e+00
     -0.602      0.002     8.0678     91.220      1.541   1.430016     0.0035      9.249   116.2656 4.0632e+02     1.1883     -0.591     -0.857    21.4065 0.0000e+00
     -0.601      0.001     8.0712     91.172      1.539   1.428463    -0.0268      9.234   122.1009 3.6387e+02     1.2177     -0.589     -0.855    21.4062 0.0000e+00
     -0.601      0.001     8.0722     91.122      1.540   1.429351    -0.0298      9.215   121.4358 3.6352e+02     1.3838     -0.589     -0.854    21.4063 0.0000e+00
     -0.601      0.000     8.0670     91.132      1.552   1.440749    -0.0078      9.209   117.5167 3.7182e+02     1.4894     -0.590     -0.855    21.4063 0.0000e+00
     -0.601      0.000     8.0698     91.146      1.551   1.439586    -0.0192      9.249   104.3991 3.8115e+02     1.4360     -0.590     -0.856    21.4063 0.0000e+00
     -0.601     -0.001     8.0641     91.131      1.525   1.415296    -0.0346      9.771  -102.9876 4.1179e+02     1.3533     -0.590     -0.855    21.4063 0.0000e+00
     -0.601     -0.001     8.0546     91.128      1.509   1.400424    -0.0108     11.026  -441.8776 4.8403e+02     1.4109     -0.590     -0.856    21.4064 0.0000e+00
     -0.602      0.000     8.0603     91.144      1.494   1.386457    -0.0064     12.309  -501.1014 5.3281e+02     1.4494     -0.590     -0.856    21.4065 0.0000e+00
     -0.602 -2.186e-08     8.0629     91.161      1.480   1.373104    -0.0394     13.110  -360.7267 5.0016e+02     1.3414     -0.591     -0.856    21.4065 0.0000e+00
     -0.602 -2.405e-07     8.0583     91.168      1.471   1.365669    -0.0764     13.548  -267.4283 4.5023e+02     1.3348     -0.590     -0.856    21.4066 0.0000e+00
     -0.602 -6.130e-07     8.0587     91.155      1.465   1.359897    -0.0881     13.763  -209.3400 4.0840e+02     1.5054     -0.591     -0.856    21.4068 0.0000e+00
     -0.601      0.000     8.0606     91.135      1.473   1.366653    -0.0635     13.850  -173.2446 3.8787e+02     1.6275     -0.590     -0.855    21.4070 0.0000e+00
     -0.601      0.000     8.0624     91.136      1.491   1.384012    -0.0623     13.870  -149.0893 4.4838e+02     1.5822     -0.590     -0.856    21.4070 0.0000e+00
     -0.601     -0.001     8.0633     91.140      1.486   1.379758    -0.0989     13.855  -130.4861 5.8434e+02     1.5041     -0.590     -0.856    21.4072 0.0000e+00
     -0.602     -0.001     8.0625     91.124      1.485   1.378557    -0.0982     13.819  -117.3815 7.2354e+02     1.4696     -0.591     -0.856    21.4074 0.0000e+00
     -0.603     -0.001     8.0581     91.107      1.544   1.432834    -0.0618     13.776  -110.3231 8.1860e+02     1.4030     -0.591     -0.857    21.4075 0.0000e+00
     -0.603     -0.001     8.0600     91.102      1.580   1.465944    -0.0500     13.738  -105.8872 8.6287e+02     1.3142     -0.591     -0.857    21.4081 0.0000e+00
     -0.603     -0.001     8.0614     91.118      1.576   1.462180    -0.0140     13.697  -100.0564 8.4413e+02     1.5229     -0.591     -0.857    21.4080 0.0000e+00
     -0.603     -0.001     8.0584     91.124      1.631   1.514006     0.2736     13.639   -98.5881 8.3012e+02     3.5851     -0.591     -0.857    21.4085 0.0000e+00
     -0.603     -0.001     8.0571     91.066      1.845   1.712526     0.7391     13.594  -104.1371 8.7403e+02     7.1527     -0.592     -0.858    21.4080 0.0000e+00
     -0.603      0.000     8.0555     91.007      2.452   2.278902     0.9699     13.577  -105.2002 9.3328e+02     9.1332     -0.592     -0.858    21.4091 0.0000e+00
     -0.603      0.000     8.0577     91.040      3.790   3.547881     0.9919     13.562  -101.3762 9.7734e+02     9.3924     -0.592     -0.858    21.4077 0.0000e+00
     -0.603      0.003     8.0617     91.133      8.569   8.187234     0.9306     13.522   -83.7986 1.0230e+03     8.8173     -0.592     -0.858    21.4107 0.0000e+00
     -0.604      0.010     8.0548     91.268     19.212  18.705054     0.7855     13.322   126.9451 1.0951e+03     7.6108     -0.592     -0.858    21.4065 0.0000e+00
     -0.604      0.025     8.0420     91.439     30.383  30.059290     0.7108     12.498   388.3045 1.1703e+03     6.9665     -0.592     -0.858    21.4139 0.0000e+00
     -0.603      0.046     8.0511     91.521     35.804  35.967017     0.7191     11.115   330.5055 1.2395e+03     6.9704     -0.593     -0.860    21.4064 0.0000e+00
     -0.594      0.070     7.9854     91.412     36.820  37.490229     0.7683     10.026   183.0107 1.3430e+03     7.1109     -0.588     -0.854    21.8765 0.0000e+00
     -0.571      0.094     7.8097     91.331     36.790  37.881142     0.8395      9.486   156.7615 1.4766e+03     7.1973     -0.564     -0.819    23.1127 0.0000e+00
     -0.536      0.114     7.6502     91.586     36.690  38.155946     0.8653      9.204   162.3210 1.6033e+03     7.1606     -0.527     -0.764    24.3296 0.0000e+00
     -0.497      0.127     7.5377     92.303     36.532  38.338668     0.8640      9.054   173.6546 1.7305e+03     7.1799     -0.488     -0.707    25.2458 0.0000e+00
     -0.458      0.131     7.4203     93.191     36.295  38.377638     0.8979      8.984   177.5563 1.8792e+03     7.3958     -0.448     -0.649    25.9591 0.0000e+00
     -0.421      0.125     7.3325     93.575     35.970  38.246848     0.9586      8.965   179.3829 2.0321e+03     7.7219     -0.411     -0.596    26.4889 0.0000e+00
     -0.390      0.113     7.2833     93.445     35.628  38.026756     0.9737      8.970   178.9621 2.1730e+03     7.8085     -0.380     -0.552    27.0013 0.0000e+00
     -0.364      0.100     7.2763     93.405     35.398  37.874236     0.9390      8.984   168.8536 2.3046e+03     7.6574     -0.355     -0.515    27.4973 0.0000e+00
     -0.342      0.090     7.3281     93.538     35.288  37.798899     0.9218      8.994   155.7633 2.4097e+03     7.5690     -0.335     -0.485    27.9038 0.0000e+00
     -0.323      0.086     7.3201     93.606     35.190  37.687028     0.9574      9.000   157.2325 2.4785e+03     7.5931     -0.317     -0.459    28.1932 0.0000e+00
     -0.306      0.091     7.2532     93.700     35.086  37.536857     1.0195      9.024   162.9564 2.5241e+03     7.6078     -0.300     -0.435    28.3858 0.0000e+00
     -0.289      0.102     7.2373     93.882     35.043  37.442570     1.0329      9.065   155.4513 2.5537e+03     7.5073     -0.285     -0.414    28.5108 0.0000e+00
     -0.264      0.116     7.2545     94.149     35.092  37.435290     1.0020      9.105   147.0220 2.5434e+03     7.3684     -0.265     -0.384    28.5830 0.0000e+00
     -0.229      0.129     7.2506     94.555     35.172  37.448733     1.0129      9.137   143.9809 2.5066e+03     7.4324     -0.226     -0.328    28.5578 0.0000e+00
     -0.189      0.137     7.2685     94.979     35.211  37.414637     1.0807      9.164   130.4680 2.3988e+03     7.7000     -0.185     -0.269    28.4829 0.0000e+00
     -0.147      0.136     7.2936     95.304     35.207  37.340186     1.1396      9.188   117.9470 1.9089e+03     7.8030     -0.144     -0.210    28.4224 0.0000e+00
     -0.104      0.124     7.3168     95.545     35.179  37.246421     1.1424      9.212   115.8843 1.5070e+03     7.6862     -0.100     -0.145    28.3408 0.0000e+00
     -0.069      0.103     7.3714     95.719     35.158  37.169171     1.1313      9.234   114.9919 1.7495e+03     7.5531     -0.063     -0.092    28.2283 0.0000e+00
     -0.045      0.078     7.4219     95.815     35.196  37.167526     1.1384      9.254   114.4705 1.8222e+03     7.3886     -0.040     -0.058    28.1186 0.0000e+00
     -0.032      0.053     7.4581     95.843     35.286  37.226460     1.1453      9.272   114.3121 1.6460e+03     7.2682     -0.030     -0.042    28.0213 0.0000e+00
     -0.027      0.028     7.4892     95.825     35.337  37.247150     1.1556      9.290   114.4546 1.7415e+03     7.2586     -0.027     -0.039    27.9266 0.0000e+00
     -0.026      0.008     7.5145     95.767     35.284  37.163830     1.1304      9.308   114.6434 1.8614e+03     7.2041     -0.023     -0.034    27.8459 0.0000e+00
     -0.026     -0.005     7.5289     95.665     35.186  37.043878     1.0741      9.328   114.7881 2.0045e+03     7.1569     -0.024     -0.035    27.7900 0.0000e+00
     -0.030     -0.012     7.5361     95.516     35.106  36.938946     1.0658      9.348   115.0858 2.1503e+03     7.2342     -0.028     -0.041    27.7453 0.0000e+00
     -0.038     -0.015     7.5420     95.351     35.053  36.846859     1.0879      9.371   115.2320 2.1092e+03     7.3190     -0.037     -0.053    27.6935 0.0000e+00
     -0.045     -0.016     7.5434     95.208     35.066  36.818727     1.0673      9.395   115.0070 1.9425e+03     7.2939     -0.048     -0.068    27.6478 0.0000e+00
     -0.047     -0.018     7.5374     95.076     35.126  36.852549     1.0161      9.416   114.7745 1.5325e+03     7.2041     -0.047     -0.068    27.6361 0.0000e+00
     -0.048     -0.018     7.5275     94.950     35.149  36.875039     1.0098      9.435   114.7435 1.1860e+03     7.2234     -0.046     -0.067    27.6163 0.0000e+00
     -0.051     -0.018     7.5203     94.863     35.084  36.836836     1.0405      9.451   114.8048 1.4229e+03     7.3229     -0.048     -0.070    27.5546 0.0000e+00
     -0.058     -0.018     7.5199     94.828     34.977  36.771398     1.0375      9.466   114.9998 1.8045e+03     7.3134     -0.055     -0.080    27.4856 0.0000e+00
     -0.068     -0.018     7.5164     94.823     34.902  36.718440     1.0164      9.477   115.4655 1.9160e+03     7.2117     -0.069     -0.099    27.4363 0.0000e+00
     -0.074     -0.017     7.5053     94.835     34.918  36.704182     1.0259      9.487   115.9617 1.9022e+03     7.1518     -0.074     -0.107    27.4331 0.0000e+00
     -0.075     -0.014     7.4922     94.857     35.008  36.725853     1.0533      9.496   116.2677 1.8679e+03     7.2043     -0.073     -0.106    27.4760 0.0000e+00
     -0.076     -0.010     7.4781     94.872     35.084  36.726535     1.0799      9.504   116.5835 1.8467e+03     7.2993     -0.075     -0.109    27.5685 0.0000e+00
     -0.078     -0.006     7.4694     94.870     35.136  36.712301     1.0978      9.510   116.9408 1.8367e+03     7.2762     -0.077     -0.111    27.6359 0.0000e+00
     -0.080     -0.003     7.4785     94.847     35.151  36.680548     1.1036      9.516   117.2329 1.8047e+03     7.1643     -0.078     -0.115    27.5702 0.0000e+00
     -0.082     -0.002     7.4981     94.817     35.100  36.596345     1.1087      9.522   117.5337 1.7548e+03     7.1073     -0.080     -0.117    27.4472 0.0000e+00
     -0.082     -0.002     7.5146     94.799     35.047  36.519026     1.1269      9.527   117.8246 1.8254e+03     7.1685     -0.081     -0.116    27.3293 0.0000e+00
     -0.081     -0.001     7.5289     94.789     35.054  36.507070     1.1574      9.533   117.9973 2.0687e+03     7.2891     -0.079     -0.115    27.2248 0.0000e+00
     -0.080      0.001     7.5357     94.794     35.078  36.515215     1.1604      9.539   118.0726 2.3004e+03     7.3012     -0.078     -0.113    27.1596 0.0000e+00
     -0.080      0.003     7.5366     94.809     35.059  36.490579     1.1301      9.546   118.1331 2.4182e+03     7.2469     -0.079     -0.113    27.1227 0.0000e+00
     -0.081      0.006     7.5407     94.845     35.013  36.462981     1.1074      9.552   118.2116 2.4734e+03     7.2130     -0.081     -0.117    27.0925 0.0000e+00
     -0.081      0.007     7.5426     94.928     35.004  36.498821     1.1104      9.556   118.2481 2.5023e+03     7.1992     -0.081     -0.116    27.0652 0.0000e+00
