Data/DataNotYetUploadedToEDI/Raw_CTD/RawDownloads/072822_ccr50_S7809001.cnv
* Sea-Bird SBE19plus  Data File:
* FileName = C:\R\Reservoirs\Data\DataNotYetUploadedToEDI\Raw_CTD\RawDownloads\072822_ccr50_S7809_0001.hex
* Software version 2.8.0.119
* Temperature SN = 7809
* Conductivity SN = 7809
* System UpLoad Time = Jul 29 2022 15:39:17
* <ApplicationData>
* <Seaterm232>
# nquan = 15
# nvalues = 2329                        
# units = specified
# name 0 = depFM: Depth [fresh water, m]
# name 1 = dz/dtM: Descent Rate [m/s]
# name 2 = sbeox0Mg/L: Oxygen, SBE 43 [mg/l]
# name 3 = sbeox0PS: Oxygen, SBE 43 [% saturation]
# name 4 = specc: Specific Conductance [uS/cm]
# name 5 = c0uS/cm: Conductivity [uS/cm]
# name 6 = flECO-AFL: Fluorescence, WET Labs ECO-AFL/FL [mg/m^3]
# name 7 = ph: pH
# name 8 = orp: Oxidation Reduction Potential [mV]
# name 9 = par/sat/log: PAR/Logarithmic, Satlantic
# name 10 = turbWETntu0: Turbidity, WET Labs ECO [NTU]
# name 11 = prdM: Pressure, Strain Gauge [db]
# name 12 = prdE: Pressure, Strain Gauge [psi]
# name 13 = tv290C: Temperature [ITS-90, deg C]
# name 14 = flag:  0.000e+00
# span 0 =     -0.484,     17.262       
# span 1 =     -0.252,      0.214       
# span 2 =     3.1568,     9.8354       
# span 3 =     28.788,    115.540       
# span 4 =      3.744,    102.746       
# span 5 =   3.934528,  91.721985       
# span 6 =    -0.1588,     6.6111       
# span 7 =      6.897,      8.435       
# span 8 =   209.3290,   274.4672       
# span 9 = 1.2362e-01, 2.4709e+02       
# span 10 =    -0.3821,    40.3681      
# span 11 =     -0.478,     16.934      
# span 12 =     -0.693,     24.560      
# span 13 =    11.1809,    27.9672      
# span 14 = 0.0000e+00, 0.0000e+00      
# interval = seconds: 0.25
# start_time = Jul 28 2022 06:59:27 [Instrument's time stamp, header]
# bad_flag = -9.990e-29
*END*
[from data line 97]
      0.674      0.011     5.4034     67.555     84.885  89.474275     1.1816      7.726   218.6320 8.9675e+01     0.4270      0.662      0.960    27.6871 0.0000e+00
      0.680      0.010     5.4114     66.974     84.909  89.485271     1.1970      7.731   218.6938 8.9375e+01     0.3742      0.669      0.970    27.6808 0.0000e+00
      0.680      0.004     5.3971     66.501     84.791  89.344449     1.2289      7.734   218.7101 8.9072e+01     0.3742      0.666      0.966    27.6903 0.0000e+00
      0.679     -0.006     5.3653     66.103     84.582  89.106728     1.2511      7.737   218.6567 8.9329e+01     0.4271      0.665      0.964    27.7051 0.0000e+00
      0.678     -0.021     5.3154     65.714     84.392  88.899785     1.2486      7.739   218.6504 8.9226e+01     0.4672      0.666      0.966    27.6976 0.0000e+00
      0.675     -0.040     5.2652     65.269     84.250  88.749638     1.2409      7.741   218.6341 8.9417e+01     0.4492      0.664      0.962    27.6878 0.0000e+00
      0.666     -0.061     5.2326     64.728     84.167  88.626430     1.2413      7.742   218.6317 9.0180e+01     0.4140      0.657      0.951    27.6805 0.0000e+00
      0.649     -0.083     5.2031     64.088     84.187  88.554420     1.2453      7.745   218.3626 9.1229e+01     0.4176      0.639      0.928    27.6651 0.0000e+00
      0.623     -0.104     5.1757     63.393     84.262  88.514592     1.2393      7.748   217.7896 9.2699e+01     0.4239      0.614      0.891    27.6588 0.0000e+00
      0.588     -0.122     5.1406     62.750     84.310  88.462571     1.2513      7.752   217.2965 9.4461e+01     0.4221      0.578      0.838    27.6715 0.0000e+00
      0.550     -0.135     5.0986     62.224     84.353  88.433880     1.2898      7.755   216.8739 9.6483e+01     0.4646      0.539      0.782    27.6591 0.0000e+00
      0.512     -0.143     5.0545     61.864     84.389  88.421875     1.3139      7.758   216.3803 9.8798e+01     0.4933      0.503      0.729    27.5918 0.0000e+00
      0.475     -0.150     5.0019     61.725     84.386  88.380933     1.3179      7.761   215.7166 1.0101e+02     0.4611      0.466      0.676    27.5115 0.0000e+00
      0.438     -0.155     4.9555     61.745     84.428  88.383833     1.2976      7.765   215.0445 1.0303e+02     0.4513      0.430      0.623    27.4488 0.0000e+00
      0.401     -0.158     4.9176     61.859     84.548  88.456875     1.2592      7.768   214.7069 1.0537e+02     0.4439      0.395      0.571    27.4084 0.0000e+00
      0.360     -0.159     4.8869     62.138     84.635  88.501095     1.2453      7.771   214.6457 1.0869e+02     0.4050      0.357      0.518    27.3796 0.0000e+00
      0.313     -0.157     4.8813     62.578     84.699  88.536961     1.2539      7.774   214.6482 1.1365e+02     0.4251      0.307      0.445    27.3606 0.0000e+00
      0.266     -0.151     4.8882     63.030     84.869  88.699747     1.2716      7.781   214.8233 1.1876e+02     0.4826      0.256      0.371    27.3410 0.0000e+00
      0.229     -0.138     4.8959     63.460     85.095  88.943467     1.3009      7.791   215.2147 1.2265e+02     0.4854      0.223      0.324    27.3032 0.0000e+00
      0.196     -0.118     4.9195     63.949     85.231  89.131435     1.3170      7.801   215.4222 1.2720e+02     0.4581      0.194      0.282    27.2725 0.0000e+00
      0.165     -0.094     4.9634     64.401     85.272  89.255931     1.3090      7.810   215.0956 1.3152e+02     0.4601      0.159      0.231    27.2574 0.0000e+00
      0.140     -0.072     5.0016     64.609     85.169  89.240884     1.2790      7.815   214.4486 1.3436e+02     0.4419      0.133      0.192    27.2457 0.0000e+00
      0.129     -0.055     5.0290     64.494     85.001  89.140382     1.2455      7.820   213.9661 1.3613e+02     0.3745      0.124      0.180    27.2467 0.0000e+00
      0.125     -0.042     5.0695     64.106     85.050  89.248863     1.2452      7.825   213.8224 1.3668e+02     0.3626      0.123      0.178    27.2730 0.0000e+00
      0.122     -0.030     5.1092     63.653     85.269  89.535362     1.2587      7.831   214.3449 1.3956e+02     0.4351      0.121      0.175    27.3265 0.0000e+00
      0.115     -0.020     5.1204     63.445     85.408  89.743462     1.2585      7.837   215.6389 1.4892e+02     0.4989      0.116      0.169    27.3889 0.0000e+00
      0.103     -0.012     5.1064     63.590     85.413  89.794120     1.2589      7.844   216.5624 1.6131e+02     0.4847      0.101      0.146    27.4339 0.0000e+00
      0.095     -0.006     5.0689     63.958     85.369  89.766468     1.2636      7.851   216.5622 1.6426e+02     0.4348      0.089      0.129    27.4609 0.0000e+00
      0.098      0.000     5.0168     64.315     85.325  89.727044     1.2572      7.858   216.2383 1.5717e+02     0.4074      0.094      0.137    27.4922 0.0000e+00
      0.106      0.007     4.9951     64.504     85.289  89.698927     1.2396      7.863   215.8298 1.5128e+02     0.3934      0.105      0.152    27.5351 0.0000e+00
      0.112      0.012     5.0080     64.539     85.322  89.744420     1.2336      7.868   215.5818 1.4703e+02     0.4014      0.111      0.160    27.5662 0.0000e+00
      0.115      0.015     5.0440     64.494     85.398  89.832061     1.2440      7.875   215.3906 1.4492e+02     0.4366      0.113      0.163    27.5711 0.0000e+00
      0.116      0.017     5.0783     64.474     85.487  89.932063     1.2560      7.883   215.1518 1.4745e+02     0.4770      0.114      0.165    27.5713 0.0000e+00
      0.117      0.019     5.0893     64.558     85.597  90.063415     1.2628      7.890   214.9321 1.4725e+02     0.4798      0.114      0.166    27.5783 0.0000e+00
      0.122      0.024     5.0909     64.733     85.658  90.148638     1.2683      7.896   214.5405 1.4241e+02     0.4366      0.118      0.172    27.5855 0.0000e+00
      0.129      0.029     5.0829     64.934     85.631  90.135977     1.2813      7.900   214.2890 1.4101e+02     0.3987      0.125      0.182    27.5904 0.0000e+00
      0.138      0.033     5.0785     65.087     85.593  90.101100     1.2946      7.903   214.0417 1.4260e+02     0.3972      0.134      0.194    27.5904 0.0000e+00
      0.150      0.037     5.0855     65.146     85.605  90.108436     1.2957      7.908   213.7021 1.4158e+02     0.4182      0.148      0.214    27.6006 0.0000e+00
      0.161      0.039     5.0994     65.136     85.658  90.161085     1.2782      7.913   213.5382 1.3860e+02     0.4485      0.159      0.232    27.6173 0.0000e+00
      0.171      0.041     5.1168     65.143     85.716  90.229016     1.2575      7.920   213.5227 1.3636e+02     0.4899      0.168      0.246    27.6258 0.0000e+00
      0.179      0.043     5.1302     65.248     85.707  90.230397     1.2539      7.927   213.5144 1.3589e+02     0.5092      0.176      0.255    27.6304 0.0000e+00
      0.188      0.045     5.1347     65.445     85.655  90.177798     1.2595      7.934   213.2658 1.3500e+02     0.4763      0.182      0.263    27.6232 0.0000e+00
      0.200      0.048     5.1315     65.638     85.655  90.165292     1.2588      7.939   212.9267 1.3229e+02     0.4000      0.194      0.282    27.6185 0.0000e+00
      0.216      0.051     5.1286     65.716     85.709  90.206317     1.2449      7.945   212.8552 1.3000e+02     0.3380      0.212      0.307    27.6249 0.0000e+00
      0.232      0.056     5.1359     65.643     85.790  90.292319     1.2332      7.952   213.1762 1.2826e+02     0.3413      0.229      0.331    27.6331 0.0000e+00
      0.245      0.062     5.1548     65.497     85.857  90.378572     1.2333      7.960   213.3663 1.2676e+02     0.3713      0.241      0.348    27.6388 0.0000e+00
      0.259      0.067     5.1741     65.359     85.887  90.422658     1.2552      7.967   213.1746 1.2564e+02     0.4281      0.253      0.366    27.6270 0.0000e+00
      0.274      0.073     5.1837     65.259     85.907  90.443893     1.2977      7.972   213.2681 1.2331e+02     0.4812      0.267      0.388    27.6125 0.0000e+00
      0.294      0.078     5.1743     65.218     85.848  90.380993     1.3143      7.975   213.5499 1.2017e+02     0.4667      0.288      0.417    27.6125 0.0000e+00
      0.317      0.083     5.1584     65.179     85.703  90.234366     1.2978      7.977   213.6564 1.1751e+02     0.4233      0.312      0.453    27.6284 0.0000e+00
      0.341      0.083     5.1473     64.997     85.525  90.069834     1.2900      7.977   213.6952 1.1530e+02     0.4009      0.332      0.483    27.6389 0.0000e+00
      0.366      0.078     5.1377     64.576     85.350  89.917639     1.2954      7.976   213.5891 1.1329e+02     0.4351      0.359      0.521    27.6338 0.0000e+00
      0.389      0.070     5.1363     63.955     85.269  89.856594     1.2969      7.976   213.4920 1.1177e+02     0.4953      0.385      0.558    27.6322 0.0000e+00
      0.406      0.062     5.1382     63.222     85.307  89.904004     1.2985      7.977   213.6400 1.1071e+02     0.5129      0.399      0.579    27.6328 0.0000e+00
      0.416      0.056     5.1264     62.515     85.389  89.982230     1.3072      7.979   214.0875 1.0945e+02     0.4773      0.409      0.592    27.6478 0.0000e+00
      0.425      0.051     5.0883     62.011     85.394  89.975858     1.3183      7.981   214.6011 1.0827e+02     0.4412      0.416      0.603    27.6716 0.0000e+00
      0.435      0.050     5.0360     61.799     85.264  89.826946     1.3251      7.982   214.8598 1.0757e+02     0.4173      0.426      0.618    27.6873 0.0000e+00
      0.448      0.050     4.9751     61.826     85.099  89.644068     1.3146      7.983   214.9779 1.0677e+02     0.3939      0.439      0.636    27.6912 0.0000e+00
      0.464      0.049     4.9129     61.968     85.069  89.608489     1.2905      7.985   215.1682 1.0552e+02     0.3969      0.454      0.658    27.6833 0.0000e+00
      0.480      0.048     4.8722     62.174     85.411  89.968975     1.2840      7.988   215.2679 1.0427e+02     0.4194      0.473      0.685    27.6751 0.0000e+00
      0.493      0.046     4.8573     62.863     86.091  90.696454     1.3019      7.992   215.1505 1.0359e+02     0.4615      0.486      0.704    27.6688 0.0000e+00
      0.502      0.046     4.8651     65.308     86.591  91.283237     1.3157      7.995   215.1251 1.0325e+02     0.4955      0.492      0.714    27.6631 0.0000e+00
      0.509      0.047     4.8777     70.259     86.720  91.532107     1.3099      7.997   215.3922 1.0273e+02     0.4890      0.499      0.723    27.6603 0.0000e+00
      0.518      0.050     4.8919     76.526     86.683  91.607402     1.3140      7.998   215.6270 1.0189e+02     0.4523      0.506      0.734    27.6622 0.0000e+00
      0.531      0.052     4.9012     82.487     86.625  91.621533     1.3407      7.998   215.6401 1.0081e+02     0.3926      0.518      0.752    27.6581 0.0000e+00
      0.549      0.053     5.0474     87.376     86.601  91.639493     1.3586      7.999   215.4655 9.9587e+01     0.3480      0.539      0.781    27.6855 0.0000e+00
      0.569      0.051     5.4856     90.908     86.574  91.633870     1.3561      8.000   215.1501 9.8529e+01     0.3576      0.560      0.812    27.7706 0.0000e+00
      0.583      0.046     6.0238     93.152     86.547  91.617161     1.3352      8.001   214.9242 9.7921e+01     0.4065      0.574      0.832    27.8442 0.0000e+00
      0.592      0.040     6.4969     94.262     86.552  91.628244     1.3141      8.003   214.8852 9.7529e+01     0.4609      0.582      0.844    27.8832 0.0000e+00
      0.597      0.035     6.8903     94.307     86.560  91.640714     1.3096      8.004   214.8510 9.7073e+01     0.5021      0.585      0.850    27.9067 0.0000e+00
      0.602      0.032     7.1595     93.546     86.557  91.640762     1.3050      8.006   214.5963 9.6712e+01     0.5293      0.589      0.854    27.9180 0.0000e+00
      0.609      0.034     7.3281     92.451     86.545  91.628827     1.2998      8.010   214.3872 9.6507e+01     0.5167      0.596      0.866    27.9232 0.0000e+00
      0.619      0.040     7.4179     91.455     86.540  91.623582     1.2969      8.015   214.4735 9.6272e+01     0.4521      0.608      0.882    27.9254 0.0000e+00
      0.629      0.048     7.4128     90.743     86.555  91.640925     1.2949      8.020   214.6927 9.5905e+01     0.3969      0.617      0.894    27.9285 0.0000e+00
      0.640      0.054     7.3386     90.292     86.555  91.647766     1.2999      8.023   214.8863 9.5198e+01     0.3956      0.624      0.905    27.9303 0.0000e+00
      0.656      0.057     7.2391     90.024     86.543  91.642714     1.3069      8.023   214.8356 9.4256e+01     0.4366      0.642      0.930    27.9305 0.0000e+00
      0.676      0.057     7.1563     89.829     86.536  91.643442     1.3138      8.025   214.5964 9.3119e+01     0.4486      0.663      0.961    27.9299 0.0000e+00
      0.696      0.054     7.1036     89.657     86.543  91.656589     1.3251      8.029   214.4032 9.2045e+01     0.4388      0.684      0.992    27.9308 0.0000e+00
      0.711      0.052     7.0682     89.534     86.557  91.674514     1.3359      8.036   214.0483 9.1646e+01     0.4884      0.700      1.016    27.9342 0.0000e+00
      0.719      0.052     7.0514     89.431     86.550  91.669411     1.3354      8.046   213.6610 9.1584e+01     0.5017      0.705      1.023    27.9395 0.0000e+00
      0.724      0.058     7.0370     89.284     86.539  91.658476     1.3204      8.057   213.7640 9.1202e+01     0.4282      0.708      1.026    27.9446 0.0000e+00
      0.734      0.069     7.0204     89.114     86.550  91.669468     1.2952      8.064   214.0028 9.0529e+01     0.3865      0.718      1.042    27.9478 0.0000e+00
      0.750      0.080     7.0119     88.980     86.555  91.675145     1.2895      8.067   213.8815 8.9454e+01     0.4070      0.732      1.061    27.9489 0.0000e+00
      0.777      0.086     7.0070     88.895     86.544  91.663522     1.3089      8.068   213.6738 8.7724e+01     0.4373      0.756      1.096    27.9504 0.0000e+00
      0.814      0.086     6.9941     88.825     86.538  91.656103     1.3217      8.068   213.5563 8.6069e+01     0.4451      0.800      1.161    27.9517 0.0000e+00
      0.846      0.079     6.9781     88.760     86.533  91.649028     1.3277      8.068   213.4079 8.5199e+01     0.4334      0.838      1.215    27.9512 0.0000e+00
      0.863      0.066     6.9678     88.723     86.529  91.641572     1.3322      8.069   213.3422 8.4874e+01     0.4314      0.849      1.231    27.9510 0.0000e+00
      0.870      0.050     6.9624     88.711     86.522  91.629525     1.3247      8.069   213.4497 8.4572e+01     0.4211      0.853      1.236    27.9511 0.0000e+00
      0.876      0.036     6.9579     88.770     86.527  91.630533     1.3132      8.068   213.5034 8.4266e+01     0.3777      0.861      1.247    27.9512 0.0000e+00
      0.881      0.027     6.9503     88.917     86.551  91.653756     1.3008      8.068   213.3890 8.4088e+01     0.3503      0.864      1.253    27.9501 0.0000e+00
      0.887      0.025     6.9500     89.061     86.552  91.655963     1.2995      8.068   213.3575 8.3830e+01     0.3643      0.869      1.261    27.9475 0.0000e+00
      0.893      0.027     6.9472     89.175     86.552  91.657220     1.3149      8.070   213.3802 8.3421e+01     0.4098      0.877      1.272    27.9445 0.0000e+00
      0.900      0.030     6.9497     89.264     86.562  91.668946     1.3205      8.074   213.3195 8.2898e+01     0.4562      0.883      1.281    27.9415 0.0000e+00
      0.907      0.035     6.9674     89.281     86.560  91.670580     1.3171      8.079   213.3982 8.2423e+01     0.4466      0.890      1.291    27.9406 0.0000e+00
      0.916      0.039     6.9778     89.238     86.565  91.676977     1.3147      8.084   213.3847 8.2000e+01     0.4311      0.897      1.301    27.9418 0.0000e+00
