Data/DataNotYetUploadedToEDI/Raw_CTD/RawDownloads/072825_fcr20_S7809003.cnv
* Sea-Bird SBE19plus  Data File:
* FileName = C:\R\Reservoirs\Data\DataNotYetUploadedToEDI\Raw_CTD\RawDownloads\072825_fcr50_S7809_0003.hex
* Software version 2.8.0.119
* Temperature SN = 7809
* Conductivity SN = 7809
* System UpLoad Time = Jul 28 2025 17:38:32
* <ApplicationData>
* <Seaterm232>
# nquan = 15
# nvalues = 3528                        
# units = specified
# name 0 = depFM: Depth [fresh water, m]
# name 1 = dz/dtM: Descent Rate [m/s]
# name 2 = sbeox0Mg/L: Oxygen, SBE 43 [mg/l]
# name 3 = sbeox0PS: Oxygen, SBE 43 [% saturation]
# name 4 = specc: Specific Conductance [uS/cm]
# name 5 = c0uS/cm: Conductivity [uS/cm]
# name 6 = flECO-AFL: Fluorescence, WET Labs ECO-AFL/FL [mg/m^3]
# name 7 = ph: pH
# name 8 = orp: Oxidation Reduction Potential [mV]
# name 9 = par/sat/log: PAR/Logarithmic, Satlantic
# name 10 = turbWETntu0: Turbidity, WET Labs ECO [NTU]
# name 11 = prdM: Pressure, Strain Gauge [db]
# name 12 = prdE: Pressure, Strain Gauge [psi]
# name 13 = tv290C: Temperature [ITS-90, deg C]
# name 14 = flag:  0.000e+00
# span 0 =     -0.610,      3.742       
# span 1 =     -4.353,      8.478       
# span 2 =    -0.7803,     8.4728       
# span 3 =     -7.179,    105.509       
# span 4 =      0.700,    192.875       
# span 5 =   0.705081, 152.412145       
# span 6 =    -1.2454,    21.8023       
# span 7 =      7.914,     12.536       
# span 8 =  -959.0794,  1024.6161       
# span 9 = 1.2335e-01, 2.8724e+03       
# span 10 =    -7.0033,   145.2014      
# span 11 =     -0.598,      3.672      
# span 12 =     -0.868,      5.325      
# span 13 =    14.3899,    28.6261      
# span 14 = 0.0000e+00, 0.0000e+00      
# interval = seconds: 0.25
# start_time = Jul 28 2025 13:07:37 [Instrument's time stamp, header]
# bad_flag = -9.990e-29
*END*
[from data line 1543]
     -0.604 2.1014e-14     7.8036     94.743      1.367   1.371898    -0.1759      9.133    34.5094 2.4945e+03     3.5628     -0.592     -0.859    25.1908 0.0000e+00
     -0.604 2.3115e-13     7.7978     94.750      1.382   1.387702    -0.5088      9.148     6.4100 2.6693e+03     3.5088     -0.592     -0.859    25.1927 0.0000e+00
     -0.604 2.5427e-12     7.8005     94.773      1.409   1.415598    -0.6934      9.210   -45.7332 2.6217e+03     3.4124     -0.592     -0.859    25.1949 0.0000e+00
     -0.604 2.7969e-11     7.8037     94.764      1.449   1.455825    -0.7265      9.446  -201.9765 2.5256e+03     3.2178     -0.592     -0.859    25.1970 0.0000e+00
     -0.604 3.0766e-10     7.7976     94.735      1.487   1.494030    -0.5425     10.046  -515.2926 2.3692e+03     2.6589     -0.592     -0.859    25.1997 0.0000e+00
     -0.603 3.3843e-09     7.7989     94.646      1.491   1.497485    -0.1752     10.984  -833.0481 2.1045e+03     1.6762     -0.592     -0.858    25.2028 0.0000e+00
     -0.603 3.7227e-08     7.8032     94.348      1.491   1.497610    -0.0064     11.884  -959.0794 1.8242e+03     1.0025     -0.591     -0.858    25.2058 0.0000e+00
     -0.603 4.0950e-07     7.8002     93.763      1.489   1.495536    -0.0078     12.443  -930.7687 1.6736e+03     0.9358     -0.591     -0.858    25.2085 0.0000e+00
     -0.603      0.000     7.7974     92.991      1.466   1.472405     0.0249     12.536  -697.9277 1.5424e+03     0.8690     -0.592     -0.859    25.2109 0.0000e+00
     -0.603      0.000     7.7967     92.203      1.465   1.471296     0.0470     12.054  -281.2926 1.4030e+03     0.4343     -0.592     -0.858    25.2124 0.0000e+00
     -0.603      0.001     7.7747     91.517      1.475   1.482135     0.0264     11.235    -9.4735 1.3434e+03     0.0525     -0.592     -0.858    25.2135 0.0000e+00
     -0.603      0.001     7.7225     90.995      1.470   1.476777     0.0090     10.522    77.9020 1.3232e+03    -0.0237     -0.591     -0.858    25.2142 0.0000e+00
     -0.602      0.001     7.6534     90.680      1.464   1.469857     0.0278     10.024   163.4181 1.2778e+03     0.0243     -0.591     -0.857    25.2143 0.0000e+00
     -0.602      0.000     7.5849     90.566      1.456   1.461804     0.0626      9.661   257.9707 1.2085e+03     0.0863     -0.591     -0.857    25.2147 0.0000e+00
     -0.602 1.8614e-08     7.5275     90.625      1.437   1.442752     0.0556      9.407   301.1123 1.1746e+03     0.0434     -0.591     -0.857    25.2159 0.0000e+00
     -0.602 2.0475e-07     7.4818     90.811      1.423   1.429512     0.0094      9.243   303.3689 1.1836e+03     0.0181     -0.591     -0.857    25.2177 0.0000e+00
     -0.602 2.0475e-07     7.4567     91.038      1.422   1.428411    -0.0131      9.152   294.7190 1.1919e+03     0.0539     -0.591     -0.857    25.2196 0.0000e+00
     -0.603 1.8614e-08     7.4480     91.244      1.423   1.429434    -0.0082      9.110   280.2439 1.1849e+03    -0.0025     -0.591     -0.857    25.2214 0.0000e+00
     -0.603 1.6921e-09     7.4530     91.429      1.436   1.441884    -0.0063      9.091   277.0277 1.1710e+03    -0.0491     -0.591     -0.858    25.2232 0.0000e+00
     -0.603 1.5383e-10     7.4716     91.600      1.446   1.452256     0.0088      9.081   283.1923 1.1550e+03     0.0364     -0.590     -0.857    25.2248 0.0000e+00
     -0.603 1.3985e-11     7.4919     91.741      1.422   1.428166     0.0417      9.074   288.4431 1.1448e+03     0.1444     -0.591     -0.857    25.2267 0.0000e+00
     -0.603 1.2713e-12     7.5084     91.856      1.397   1.403971     0.0427      9.072   290.6116 1.1492e+03     0.0944     -0.591     -0.858    25.2286 0.0000e+00
     -0.603 1.1558e-13     7.5221     91.960      1.406   1.413090     0.0291      9.076   289.7088 1.1601e+03     0.0125     -0.591     -0.857    25.2304 0.0000e+00
     -0.603 1.0507e-14     7.5380     92.061      1.405   1.411735     0.0433      9.082   287.5937 1.1610e+03     0.0765     -0.591     -0.857    25.2322 0.0000e+00
     -0.602 9.5515e-16     7.5483     92.150      1.381   1.387593     0.0397      9.087   286.3765 1.1553e+03     0.0833     -0.590     -0.856    25.2337 0.0000e+00
     -0.602 8.6835e-17     7.5573     92.216      1.368   1.374551     0.0105      9.088   289.4463 1.1576e+03     0.0256     -0.590     -0.856    25.2355 0.0000e+00
     -0.602 7.8940e-18     7.5653     92.292      1.374   1.380728    -0.0023      9.083   293.7362 1.1588e+03     0.0291     -0.590     -0.856    25.2374 0.0000e+00
     -0.603 7.1765e-19     7.5732     92.384      1.392   1.398936     0.0095      9.073   294.6234 1.1367e+03     0.0563     -0.591     -0.857    25.2395 0.0000e+00
     -0.603 6.5240e-20     7.5817     92.466      1.397   1.404684     0.0374      9.063   294.8394 1.0932e+03     0.1493     -0.591     -0.857    25.2422 0.0000e+00
     -0.602 5.9310e-21     7.5844     92.535      1.380   1.386885     0.0430      9.054   297.6379 1.0620e+03     0.1634     -0.590     -0.856    25.2453 0.0000e+00
     -0.602 5.3915e-22     7.5903     92.588      1.366   1.373749     0.0280      9.044   302.2175 1.0660e+03     0.1254     -0.590     -0.856    25.2483 0.0000e+00
     -0.602 4.9015e-23     7.5991     92.638      1.365   1.372541     0.0395      9.029   306.5034 1.0861e+03     0.2012     -0.591     -0.857    25.2511 0.0000e+00
     -0.602 4.4559e-24     7.6047     92.688      1.365   1.372275     0.0487      9.013   313.1495 1.0908e+03     0.1580     -0.591     -0.857    25.2534 0.0000e+00
     -0.602 4.0509e-25     7.6109     92.729      1.363   1.370535     0.0221      8.999   322.0037 1.0684e+03     0.0129     -0.591     -0.857    25.2554 0.0000e+00
     -0.602 3.6826e-26     7.6140     92.775      1.344   1.351507     0.0169      8.986   326.1425 1.0201e+03     0.0527     -0.591     -0.857    25.2576 0.0000e+00
     -0.602 3.3478e-27     7.6176     92.825      1.325   1.332223     0.0454      8.977   324.0435 9.5819e+02     0.1602     -0.591     -0.857    25.2599 0.0000e+00
     -0.602 3.0435e-28     7.6224     92.875      1.321   1.327399     0.0417      8.972   320.4579 9.0714e+02     0.1170     -0.590     -0.856    25.2625 0.0000e+00
     -0.602 2.7668e-29     7.6238     92.917      1.286   1.293183     0.0134      8.972   319.8719 8.7713e+02     0.0085     -0.591     -0.857    25.2654 0.0000e+00
     -0.602 2.5153e-30     7.6283     92.950      1.228   1.235220     0.0204      8.977   322.1206 8.3785e+02     0.0102     -0.591     -0.857    25.2684 0.0000e+00
     -0.602 2.2866e-31     7.6313     92.974      1.190   1.196629     0.0346      8.987   323.8143 7.6724e+02     0.0358     -0.591     -0.858    25.2710 0.0000e+00
     -0.602 2.0787e-32     7.6359     93.003      1.200   1.206617     0.0262      8.996   324.3467 7.0780e+02    -0.0243     -0.591     -0.857    25.2732 0.0000e+00
     -0.602 1.8897e-33     7.6389     93.055      1.222   1.229304     0.0275      9.001   323.5676 6.9310e+02    -0.0339     -0.591     -0.857    25.2754 0.0000e+00
     -0.602 1.7180e-34     7.6411     93.104      1.211   1.217576     0.0416      9.008   320.7621 6.9144e+02     0.0566     -0.590     -0.856    25.2771 0.0000e+00
     -0.602 1.5618e-35     7.6434     93.139      1.185   1.191495     0.0638      9.013   318.1291 6.7070e+02     0.1476     -0.590     -0.856    25.2786 0.0000e+00
     -0.602 1.4199e-36     7.6432     93.176      1.160   1.167329     0.0628      9.015   316.8562 6.3961e+02     0.1101     -0.591     -0.857    25.2806 0.0000e+00
     -0.602 1.3005e-37     7.6497     93.209      1.171   1.178742     0.0288      9.016   316.9872 6.2118e+02    -0.0205     -0.590     -0.856    25.2827 0.0000e+00
     -0.602 2.2409e-38     7.6533     93.242      1.196   1.202812     0.0191      9.011   318.5946 6.1371e+02    -0.0320     -0.590     -0.856    25.2851 0.0000e+00
     -0.602 1.1849e-37     7.6544     93.273      1.198   1.205000     0.0214      9.000   320.5453 5.9608e+02     0.0401     -0.590     -0.856    25.2876 0.0000e+00
     -0.602 1.2918e-36     7.6587     93.304      1.198   1.205190    -0.0016      8.990   321.5589 5.6963e+02     0.0307     -0.590     -0.855    25.2895 0.0000e+00
     -0.602 1.4209e-35     7.6601     93.341      1.198   1.205113    -0.0006      8.990   321.6438 5.5508e+02     0.0592     -0.590     -0.856    25.2908 0.0000e+00
     -0.602 1.5629e-34     7.6632     93.377      1.197   1.204066     0.0332      8.993   323.6368 5.6057e+02     0.1465     -0.591     -0.856    25.2922 0.0000e+00
     -0.602 1.7192e-33     7.6654     93.413      1.185   1.192532     0.0410      8.987   326.8995 5.7944e+02     0.0958     -0.590     -0.856    25.2939 0.0000e+00
     -0.602 1.8912e-32     7.6673     93.445      1.185   1.192333     0.0185      8.974   326.8486 6.0120e+02     0.0263     -0.591     -0.857    25.2952 0.0000e+00
     -0.602 2.0803e-31     7.6709     93.472      1.195   1.201660     0.0187      8.967   323.2795 6.2292e+02     0.0927     -0.590     -0.856    25.2962 0.0000e+00
     -0.602 2.2883e-30     7.6731     93.491      1.172   1.178627     0.0434      8.972   319.2805 6.4305e+02     0.1123     -0.590     -0.856    25.2968 0.0000e+00
     -0.602 2.5171e-29     7.6767     93.516      1.160   1.167204     0.0424      8.988   317.6440 6.5288e+02     0.0247     -0.590     -0.856    25.2975 0.0000e+00
     -0.602 2.7689e-28     7.6783     93.553      1.183   1.190226     0.0152      9.004   318.9804 6.5365e+02    -0.0100     -0.591     -0.857    25.2986 0.0000e+00
     -0.602 3.0457e-27     7.6817     93.577      1.196   1.203628     0.0060      9.011   320.7255 6.5532e+02     0.0676     -0.590     -0.856    25.2997 0.0000e+00
     -0.602 3.3503e-26     7.6818     93.588      1.195   1.202562     0.0310      9.009   321.1927 6.6139e+02     0.1774     -0.591     -0.857    25.3008 0.0000e+00
     -0.602 3.6854e-25     7.6833     93.606      1.170   1.177340     0.0421      9.004   321.4457 6.6775e+02     0.1560     -0.591     -0.857    25.3019 0.0000e+00
     -0.602 4.0539e-24     7.6881     93.652      1.145   1.152023     0.0164      8.999   323.0098 6.7078e+02     0.0825     -0.590     -0.856    25.3027 0.0000e+00
     -0.602 4.4593e-23     7.6891     93.697      1.143   1.149815     0.0108      8.996   326.8540 6.7276e+02     0.1087     -0.590     -0.856    25.3038 0.0000e+00
     -0.602 4.9052e-22     7.6901     93.702      1.144   1.150655     0.0409      8.997   331.7039 6.7502e+02     0.0623     -0.590     -0.856    25.3049 0.0000e+00
     -0.602 5.3957e-21     7.6894     93.693      1.156   1.162170     0.0394      8.996   335.1019 6.7588e+02    -0.0677     -0.590     -0.856    25.3056 0.0000e+00
     -0.602 5.9353e-20     7.6946     93.709      1.156   1.162367     0.0264      8.984   337.2226 6.7532e+02    -0.0636     -0.590     -0.856    25.3066 0.0000e+00
     -0.602 6.5288e-19     7.7001     93.744      1.146   1.153030     0.0492      8.967   339.5355 6.7618e+02     0.0443     -0.591     -0.857    25.3076 0.0000e+00
     -0.602 7.1817e-18     7.6989     93.769      1.169   1.175959     0.0405      8.960   342.0734 6.7950e+02     0.0407     -0.590     -0.856    25.3087 0.0000e+00
     -0.602 7.8999e-17     7.6963     93.778      1.179   1.186239     0.0045      8.964   344.3331 6.8338e+02    -0.0046     -0.590     -0.856    25.3098 0.0000e+00
     -0.602 8.6899e-16     7.6980     93.787      1.143   1.150645     0.0143      8.972   346.4656 6.8823e+02     0.0776     -0.591     -0.857    25.3107 0.0000e+00
     -0.602 9.5589e-15     7.7022     93.807      1.118   1.125631     0.0337      8.976   348.2415 6.9034e+02     0.0790     -0.591     -0.857    25.3116 0.0000e+00
     -0.602 1.0515e-13     7.7040     93.822      1.129   1.137165     0.0398      8.976   349.7145 6.8272e+02    -0.0226     -0.591     -0.857    25.3124 0.0000e+00
     -0.602 1.1566e-12     7.7043     93.840      1.156   1.163416     0.0459      8.975   351.5416 6.6741e+02    -0.0234     -0.591     -0.858    25.3133 0.0000e+00
     -0.602 1.2723e-11     7.7037     93.870      1.182   1.189675     0.0409      8.970   353.3841 6.5063e+02     0.0686     -0.591     -0.857    25.3145 0.0000e+00
     -0.602 1.3995e-10     7.7067     93.878      1.194   1.201304     0.0463      8.958   354.2681 6.3429e+02     0.1685     -0.590     -0.856    25.3159 0.0000e+00
     -0.602 1.5395e-09     7.7073     93.865      1.170   1.177338     0.0362      8.950   354.0556 6.1862e+02     0.1254     -0.590     -0.856    25.3172 0.0000e+00
     -0.602 1.6934e-08     7.7072     93.877      1.146   1.153260     0.0023      8.955   353.9976 6.0568e+02    -0.0094     -0.591     -0.857    25.3190 0.0000e+00
     -0.602 1.8627e-07     7.7118     93.912      1.156   1.163541     0.0112      8.969   354.4273 5.9673e+02    -0.0269     -0.590     -0.856    25.3207 0.0000e+00
     -0.602 1.8627e-07     7.7123     93.936      1.168   1.174961     0.0522      8.977   354.8628 5.9037e+02     0.0163     -0.590     -0.855    25.3221 0.0000e+00
     -0.602 1.6934e-08     7.7082     93.944      1.158   1.164663     0.0487      8.972   356.2530 5.8446e+02    -0.0327     -0.591     -0.857    25.3236 0.0000e+00
     -0.602 1.5395e-09     7.7095     93.939      1.158   1.165709     0.0094      8.965   358.3303 5.7768e+02    -0.0385     -0.591     -0.857    25.3248 0.0000e+00
     -0.602 1.3995e-10     7.7145     93.933      1.180   1.187609     0.0104      8.965   359.7591 5.6966e+02     0.1851     -0.590     -0.856    25.3252 0.0000e+00
     -0.602 1.2723e-11     7.7158     93.949      1.169   1.176093     0.0265      8.970   360.3651 5.5945e+02     0.4171     -0.591     -0.857    25.3248 0.0000e+00
     -0.602 1.1567e-12     7.7164     93.971      1.146   1.153156     0.0050      8.972   360.5813 5.4753e+02     0.4431     -0.590     -0.855    25.3246 0.0000e+00
     -0.602 1.0516e-13     7.7163     93.987      1.156   1.163634    -0.0002      8.971   360.8241 5.3738e+02     0.5000     -0.590     -0.856    25.3243 0.0000e+00
     -0.602 9.6408e-15     7.7139     94.006      1.169   1.176103     0.0140      8.976   360.8921 5.3137e+02     0.7972     -0.591     -0.857    25.3243 0.0000e+00
     -0.602 1.7692e-15     7.7166     94.012      1.170   1.177236     0.0180      8.986   361.1455 5.2748e+02     1.1322     -0.590     -0.855    25.3242 0.0000e+00
     -0.602 9.9815e-15     7.7191     94.014      1.170   1.177339     0.0236      8.997   361.6500 5.2389e+02     1.2714     -0.591     -0.856    25.3240 0.0000e+00
     -0.602 1.0893e-13     7.7187     94.032      1.170   1.177348     0.0234      9.006   362.0025 5.2379e+02     1.3534     -0.590     -0.857    25.3240 0.0000e+00
     -0.602 1.1982e-12     7.7225     94.059      1.170   1.177339     0.0408      9.012   362.7405 5.3014e+02     1.1669     -0.590     -0.856    25.3239 0.0000e+00
     -0.602 1.3180e-11     7.7218     94.074      1.170   1.177224     0.0504      9.015   363.7756 5.4053e+02     0.5197     -0.590     -0.856    25.3235 0.0000e+00
     -0.602 1.4498e-10     7.7213     94.072      1.169   1.175968     0.0233      9.010   364.2794 5.4940e+02     0.0527     -0.591     -0.857    25.3234 0.0000e+00
     -0.602 1.5948e-09     7.7231     94.076      1.155   1.162149     0.0131      8.996   364.2717 5.5340e+02     0.0292     -0.590     -0.856    25.3236 0.0000e+00
     -0.602 1.7543e-08     7.7262     94.088      1.130   1.136814     0.0346      8.981   364.4561 5.5262e+02     0.1340     -0.590     -0.856    25.3240 0.0000e+00
     -0.602 1.9297e-07     7.7276     94.102      1.115   1.123004     0.0342      8.974   364.7024 5.4918e+02     0.1232     -0.591     -0.857    25.3246 0.0000e+00
     -0.602 3.5378e-07     7.7259     94.111      1.114   1.121861     0.0243      8.978   364.5832 5.4523e+02     0.0695     -0.590     -0.856    25.3250 0.0000e+00
