Data/DataNotYetUploadedToEDI/Raw_CTD/RawDownloads/072825_fcr50_S7809001.cnv
* Sea-Bird SBE19plus  Data File:
* FileName = C:\R\Reservoirs\Data\DataNotYetUploadedToEDI\Raw_CTD\RawDownloads\072825_fcr50_S7809_0001.hex
* Software version 2.8.0.119
* Temperature SN = 7809
* Conductivity SN = 7809
* System UpLoad Time = Jul 28 2025 17:36:42
* <ApplicationData>
* <Seaterm232>
# nquan = 15
# nvalues = 2980                        
# units = specified
# name 0 = depFM: Depth [fresh water, m]
# name 1 = dz/dtM: Descent Rate [m/s]
# name 2 = sbeox0Mg/L: Oxygen, SBE 43 [mg/l]
# name 3 = sbeox0PS: Oxygen, SBE 43 [% saturation]
# name 4 = specc: Specific Conductance [uS/cm]
# name 5 = c0uS/cm: Conductivity [uS/cm]
# name 6 = flECO-AFL: Fluorescence, WET Labs ECO-AFL/FL [mg/m^3]
# name 7 = ph: pH
# name 8 = orp: Oxidation Reduction Potential [mV]
# name 9 = par/sat/log: PAR/Logarithmic, Satlantic
# name 10 = turbWETntu0: Turbidity, WET Labs ECO [NTU]
# name 11 = prdM: Pressure, Strain Gauge [db]
# name 12 = prdE: Pressure, Strain Gauge [psi]
# name 13 = tv290C: Temperature [ITS-90, deg C]
# name 14 = flag:  0.000e+00
# span 0 =     -0.608,      9.763       
# span 1 =     -0.386,      0.223       
# span 2 =    -0.2990,     8.0804       
# span 3 =     -2.428,     99.054       
# span 4 =      0.564,    331.603       
# span 5 =   0.594574, 242.554745       
# span 6 =    -0.0634,     7.2858       
# span 7 =      6.954,      9.515       
# span 8 = -1240.7455,   310.2162       
# span 9 = 1.2348e-01, 5.3718e+02       
# span 10 =    -0.1776,   372.7568      
# span 11 =     -0.598,      9.577      
# span 12 =     -0.867,     13.891      
# span 13 =    11.5493,    28.5695      
# span 14 = 0.0000e+00, 0.0000e+00      
# interval = seconds: 0.25
# start_time = Jul 28 2025 11:16:23 [Instrument's time stamp, header]
# bad_flag = -9.990e-29
*END*
[from data line 1350]
      3.263      0.024     6.5192     73.853     43.491  40.270802     3.6570      8.212    -0.4033 7.2606e+00     9.0773      3.199      4.640    21.4900 0.0000e+00
      3.268      0.025     6.5301     73.460     43.609  40.301841     3.6703      8.211    -0.7941 7.2244e+00     9.1178      3.204      4.647    21.4608 0.0000e+00
      3.274      0.028     6.5561     73.137     43.608  40.196437     3.7536      8.210    -1.4122 7.1764e+00     9.3121      3.211      4.657    21.4184 0.0000e+00
      3.282      0.031     6.5701     72.807     43.747  40.202044     3.8570      8.210    -2.0256 7.1248e+00     9.5478      3.218      4.668    21.3703 0.0000e+00
      3.291      0.032     6.5500     72.342     43.901  40.242527     3.8883      8.209    -1.9306 7.0545e+00     9.5772      3.227      4.681    21.2986 0.0000e+00
      3.301      0.031     6.5142     71.818     43.898  40.178068     3.8821      8.206    -1.1236 6.9784e+00     9.4966      3.238      4.696    21.2146 0.0000e+00
      3.310      0.029     6.5066     71.319     43.944  40.184159     3.8746      8.204    -0.9580 6.9212e+00     9.4952      3.247      4.710    21.0982 0.0000e+00
      3.318      0.026     6.5061     70.868     44.027  40.252665     3.8146      8.203    -1.5631 6.8713e+00     9.7656      3.254      4.720    20.9308 0.0000e+00
      3.324      0.022     6.4736     70.533     44.001  40.244794     3.6974      8.202    -2.2460 6.8242e+00    10.1700      3.260      4.728    20.8059 0.0000e+00
      3.328      0.021     6.4306     70.390     44.035  40.279419     3.6135      8.200    -2.4170 6.7968e+00    10.2845      3.264      4.733    20.7544 0.0000e+00
      3.331      0.022     6.3937     70.604     44.135  40.353993     3.5827      8.198    -2.1679 6.7895e+00    10.2277      3.266      4.737    20.7043 0.0000e+00
      3.336      0.025     6.3510     71.464     44.125  40.321400     3.4670      8.197    -2.4182 6.7794e+00    10.4052      3.270      4.743    20.6943 0.0000e+00
      3.341      0.028     6.3133     72.906     44.162  40.329565     3.2544      8.196    -3.2056 6.7380e+00    10.7918      3.275      4.750    20.7352 0.0000e+00
      3.350      0.030     6.2984     74.490     44.337  40.452669     3.1181      8.195    -4.1167 6.6574e+00    10.9398      3.285      4.763    20.7440 0.0000e+00
      3.362      0.031     6.3052     75.991     44.407  40.477040     3.0761      8.195    -5.0897 6.5791e+00    10.7936      3.297      4.782    20.7092 0.0000e+00
      3.372      0.033     6.3857     77.277     44.398  40.433795     3.0371      8.194    -5.9348 6.5375e+00    10.6985      3.308      4.798    20.6851 0.0000e+00
      3.377      0.035     6.5423     78.027     44.504  40.500920     2.9963      8.193    -6.5051 6.5108e+00    10.7809      3.313      4.805    20.6624 0.0000e+00
      3.382      0.036     6.6937     78.131     44.641  40.590493     2.9904      8.191    -6.9087 6.4513e+00    10.9353      3.315      4.809    20.6149 0.0000e+00
      3.391      0.037     6.8335     77.794     44.667  40.564800     2.9831      8.190    -7.2877 6.3523e+00    10.9597      3.324      4.821    20.5673 0.0000e+00
      3.403      0.040     6.9720     77.161     44.677  40.507529     2.8998      8.189    -7.7323 6.2433e+00    11.0079      3.338      4.840    20.5275 0.0000e+00
      3.416      0.045     7.0478     76.278     44.782  40.532589     2.7817      8.186    -8.3263 6.1399e+00    11.2100      3.350      4.859    20.4986 0.0000e+00
      3.428      0.047     7.0492     75.256     44.871  40.550382     2.7363      8.183    -8.9633 6.0405e+00    11.3202      3.361      4.876    20.4662 0.0000e+00
      3.439      0.047     7.0234     74.214     44.906  40.532176     2.7593      8.181    -9.4109 5.9245e+00    11.3841      3.372      4.891    20.4096 0.0000e+00
      3.452      0.046     6.9779     73.221     45.062  40.629726     2.7273      8.178    -9.6943 5.7897e+00    11.5377      3.385      4.910    20.3316 0.0000e+00
      3.466      0.046     6.9048     72.445     45.207  40.714355     2.6240      8.175   -10.0670 5.6687e+00    11.7768      3.400      4.931    20.2470 0.0000e+00
      3.477      0.048     6.8174     72.101     45.152  40.603370     2.5582      8.173   -10.8203 5.5876e+00    11.9526      3.412      4.947    20.1734 0.0000e+00
      3.485      0.051     6.7297     72.116     45.153  40.557045     2.5566      8.171   -12.2625 5.5248e+00    11.9890      3.418      4.957    20.1238 0.0000e+00
      3.495      0.051     6.6412     72.241     45.334  40.725347     2.5627      8.167   -15.7173 5.3861e+00    12.0126      3.424      4.966    20.0760 0.0000e+00
      3.511      0.050     6.5640     72.585     45.396  40.797815     2.4579      8.163   -19.6389 5.1552e+00    12.2035      3.440      4.990    20.0378 0.0000e+00
      3.532      0.047     6.5457     73.442     45.351  40.735155     2.2549      8.160   -20.0999 4.9621e+00    12.6234      3.466      5.028    19.9580 0.0000e+00
      3.547      0.044     6.5746     74.791     45.455  40.792761     2.1389      8.157   -18.4525 4.8676e+00    12.8873      3.484      5.052    19.8708 0.0000e+00
      3.554      0.039     6.5753     76.396     45.611  40.923082     2.1464      8.153   -17.2722 4.8273e+00    12.9351      3.486      5.056    19.9078 0.0000e+00
      3.558      0.033     6.5828     77.963     45.665  40.978064     2.2458      8.148   -16.5838 4.7893e+00    13.0314      3.487      5.059    19.9561 0.0000e+00
      3.564      0.027     6.6721     79.170     45.630  40.949820     2.3579      8.144   -16.2385 4.7239e+00    13.0947      3.494      5.067    19.9129 0.0000e+00
      3.573      0.024     6.8120     79.827     45.630  40.962395     2.3785      8.141   -15.8501 4.6424e+00    13.0858      3.504      5.082    19.8472 0.0000e+00
      3.581      0.023     6.9656     79.921     45.659  41.003176     2.3615      8.139   -15.5872 4.5820e+00    13.0940      3.513      5.095    19.8502 0.0000e+00
      3.586      0.022     7.1192     79.521     45.584  40.935197     2.3602      8.136   -15.6409 4.5591e+00    13.0575      3.517      5.101    19.8705 0.0000e+00
      3.590      0.019     7.2357     78.688     45.567  40.902067     2.3713      8.132   -15.5536 4.5480e+00    12.9520      3.521      5.107    19.8599 0.0000e+00
      3.594      0.015     7.2935     77.531     45.687  40.983368     2.3622      8.128   -15.2196 4.5283e+00    12.8093      3.524      5.112    19.8764 0.0000e+00
      3.598      0.012     7.2940     76.279     45.771  41.029648     2.3248      8.125   -14.8718 4.5015e+00    12.6633      3.529      5.118    19.9064 0.0000e+00
      3.601      0.010     7.2567     75.081     45.858  41.080790     2.3448      8.123   -15.1350 4.4775e+00    12.7588      3.532      5.123    19.9039 0.0000e+00
      3.603      0.009     7.1831     73.981     45.973  41.157420     2.4289      8.120   -15.8208 4.4631e+00    13.0763      3.533      5.124    19.8792 0.0000e+00
      3.604      0.009     7.0710     73.040     45.969  41.131063     2.4843      8.117   -15.8499 4.4534e+00    13.2910      3.535      5.126    19.8491 0.0000e+00
      3.605      0.011     6.9571     72.247     45.929  41.079425     2.4653      8.114   -15.4865 4.4413e+00    13.3045      3.536      5.128    19.8141 0.0000e+00
      3.608      0.014     6.8528     71.514     45.971  41.104247     2.3408      8.112   -15.0402 4.4183e+00    13.3770      3.538      5.132    19.7873 0.0000e+00
      3.612      0.018     6.7521     70.779     46.067  41.177299     2.1853      8.111   -14.4127 4.3754e+00    13.6540      3.542      5.137    19.7571 0.0000e+00
      3.617      0.023     6.6702     70.014     46.178  41.264536     2.1408      8.110   -14.4378 4.3193e+00    13.8528      3.546      5.143    19.7297 0.0000e+00
      3.623      0.027     6.6043     69.264     46.199  41.270467     2.1444      8.110   -15.1709 4.2594e+00    13.9026      3.552      5.152    19.7146 0.0000e+00
      3.632      0.031     6.5398     68.609     46.190  41.248992     2.0956      8.109   -15.7059 4.1934e+00    13.8811      3.562      5.166    19.7023 0.0000e+00
      3.642      0.034     6.4761     68.039     46.292  41.322205     1.9171      8.106   -15.8306 4.1189e+00    14.1386      3.571      5.180    19.6887 0.0000e+00
      3.651      0.036     6.4069     67.555     46.339  41.330577     1.6679      8.104   -15.7313 4.0441e+00    14.8299      3.580      5.193    19.6755 0.0000e+00
      3.660      0.036     6.3342     67.253     46.298  41.223240     1.5629      8.103   -15.5383 3.9715e+00    15.2707      3.589      5.205    19.6617 0.0000e+00
      3.670      0.035     6.2787     67.146     46.418  41.230190     1.5542      8.102   -15.3892 3.9017e+00    15.3012      3.599      5.219    19.6471 0.0000e+00
      3.680      0.033     6.2302     67.151     46.640  41.350999     1.4797      8.100   -15.4772 3.8410e+00    15.2669      3.609      5.234    19.6300 0.0000e+00
      3.689      0.030     6.1824     67.302     46.686  41.351019     1.3608      8.099   -15.8284 3.7935e+00    15.2662      3.617      5.246    19.6084 0.0000e+00
      3.696      0.025     6.1633     67.626     46.668  41.293845     1.3153      8.098   -16.1943 3.7565e+00    15.3260      3.626      5.259    19.5341 0.0000e+00
      3.702      0.020     6.1770     67.929     46.796  41.357810     1.3464      8.096   -15.8565 3.7235e+00    15.3758      3.633      5.268    19.3928 0.0000e+00
      3.706      0.017     6.1863     68.080     46.908  41.426200     1.3960      8.094   -15.1003 3.6956e+00    15.3559      3.635      5.271    19.3046 0.0000e+00
      3.708      0.015     6.1965     68.138     46.903  41.422561     1.4402      8.092   -15.2240 3.6676e+00    15.2896      3.636      5.274    19.2873 0.0000e+00
      3.710      0.015     6.2436     68.108     46.903  41.440754     1.4472      8.090   -15.8035 3.6428e+00    15.2575      3.638      5.276    19.2442 0.0000e+00
      3.713      0.017     6.2855     67.995     46.978  41.519257     1.4479      8.088   -15.9993 3.6202e+00    15.3437      3.641      5.280    19.1770 0.0000e+00
      3.718      0.020     6.2978     67.953     47.090  41.610123     1.4157      8.087   -15.7846 3.5817e+00    15.5452      3.646      5.288    19.1385 0.0000e+00
      3.724      0.025     6.3038     68.176     47.161  41.650845     1.3237      8.084   -15.2716 3.5274e+00    15.6797      3.652      5.297    19.1448 0.0000e+00
      3.731      0.030     6.2993     68.749     47.165  41.630787     1.2598      8.081   -14.9601 3.4725e+00    15.6029      3.659      5.306    19.1774 0.0000e+00
      3.738      0.036     6.2795     69.556     47.170  41.621445     1.2251      8.079   -14.9432 3.4144e+00    15.5057      3.666      5.317    19.1955 0.0000e+00
      3.747      0.041     6.2699     70.365     47.158  41.601339     1.1540      8.077   -15.0668 3.3401e+00    15.7678      3.674      5.329    19.1837 0.0000e+00
      3.759      0.045     6.2908     71.048     47.149  41.578081     1.0660      8.075   -15.2500 3.2569e+00    16.3133      3.686      5.345    19.1535 0.0000e+00
      3.773      0.046     6.3512     71.555     47.269  41.657546     1.0260      8.072   -15.2651 3.1680e+00    16.6356      3.700      5.367    19.1237 0.0000e+00
      3.787      0.045     6.4387     71.888     47.321  41.673558     1.0126      8.070   -15.2495 3.0740e+00    16.6246      3.715      5.387    19.1112 0.0000e+00
      3.800      0.041     6.5165     72.116     47.252  41.581238     0.9788      8.067   -15.4916 2.9994e+00    16.6239      3.728      5.407    19.1076 0.0000e+00
      3.811      0.035     6.5825     72.187     47.338  41.620229     0.9421      8.065   -15.8695 2.9558e+00    16.7978      3.738      5.422    19.0922 0.0000e+00
      3.819      0.029     6.6365     72.066     47.553  41.764147     0.9188      8.063   -16.1195 2.9269e+00    16.9166      3.745      5.431    19.0604 0.0000e+00
      3.824      0.023     6.6646     71.932     47.720  41.861492     0.9136      8.061   -16.2776 2.8937e+00    16.9327      3.751      5.440    19.0276 0.0000e+00
      3.828      0.021     6.6934     71.872     47.832  41.908597     0.9039      8.059   -16.4044 2.8512e+00    16.8908      3.754      5.444    18.9976 0.0000e+00
      3.831      0.021     6.7112     71.844     47.873  41.889328     0.8764      8.056   -16.4479 2.8145e+00    16.7860      3.757      5.448    18.9600 0.0000e+00
      3.834      0.024     6.6937     71.838     47.861  41.818850     0.8716      8.054   -16.3729 2.7800e+00    16.7923      3.759      5.452    18.9114 0.0000e+00
      3.839      0.028     6.6873     71.846     47.926  41.818009     0.8969      8.053   -15.9281 2.7307e+00    16.8985      3.763      5.458    18.8559 0.0000e+00
      3.849      0.032     6.6925     71.838     48.058  41.879080     0.9077      8.052   -14.8555 2.6722e+00    16.9427      3.774      5.474    18.8050 0.0000e+00
      3.860      0.035     6.6960     71.823     48.171  41.922492     0.8597      8.050   -13.3853 2.6155e+00    16.9171      3.787      5.492    18.7507 0.0000e+00
      3.871      0.035     6.7049     71.820     48.271  41.962020     0.7833      8.048   -12.0040 2.5630e+00    16.8969      3.797      5.507    18.6820 0.0000e+00
      3.881      0.033     6.7159     71.829     48.329  41.976120     0.7661      8.046   -10.8017 2.5079e+00    16.9719      3.806      5.521    18.6209 0.0000e+00
      3.890      0.030     6.7220     71.885     48.346  41.965996     0.7926      8.045    -9.1732 2.4604e+00    17.1056      3.815      5.533    18.5691 0.0000e+00
      3.897      0.026     6.7267     71.993     48.362  41.966512     0.8037      8.043    -6.9414 2.4343e+00    17.0786      3.822      5.543    18.5074 0.0000e+00
      3.902      0.022     6.7362     72.058     48.385  41.982344     0.7928      8.040    -4.6380 2.4200e+00    16.9182      3.826      5.550    18.4548 0.0000e+00
      3.906      0.019     6.7388     72.042     48.446  42.030480     0.7694      8.039    -2.5745 2.4040e+00    16.8743      3.831      5.556    18.4209 0.0000e+00
      3.911      0.017     6.7465     72.032     48.480  42.040752     0.7706      8.037    -0.7484 2.3852e+00    16.9918      3.835      5.562    18.3931 0.0000e+00
      3.915      0.017     6.7639     72.077     48.457  41.979578     0.7983      8.035     0.9214 2.3741e+00    17.1098      3.839      5.568    18.3801 0.0000e+00
      3.918      0.017     6.7723     72.047     48.528  41.988946     0.8130      8.035     2.6438 2.3650e+00    17.1063      3.842      5.572    18.3790 0.0000e+00
      3.921      0.018     6.7662     71.887     48.638  42.027006     0.7990      8.034     4.6762 2.3438e+00    17.0171      3.845      5.577    18.3783 0.0000e+00
      3.926      0.019     6.7630     71.792     48.615  41.931930     0.7700      8.033     6.7388 2.3110e+00    16.9533      3.850      5.584    18.3654 0.0000e+00
      3.932      0.021     6.7811     71.796     48.633  41.854809     0.7701      8.033     8.4815 2.2802e+00    17.0520      3.856      5.593    18.3161 0.0000e+00
      3.937      0.023     6.7925     71.673     48.767  41.919530     0.7924      8.031     9.5722 2.2527e+00    17.2543      3.860      5.599    18.2562 0.0000e+00
      3.943      0.024     6.7713     71.401     48.773  41.952762     0.7984      8.029    10.2892 2.2273e+00    17.3493      3.866      5.607    18.2069 0.0000e+00
      3.951      0.025     6.7690     71.173     48.628  41.875838     0.7845      8.027    11.4727 2.2130e+00    17.2789      3.874      5.619    18.1364 0.0000e+00
      3.958      0.025     6.8023     71.016     48.630  41.878092     0.7663      8.025    12.9550 2.2093e+00    17.1546      3.882      5.630    18.0107 0.0000e+00
