Data/DataNotYetUploadedToEDI/Raw_CTD/RawDownloads/072822_ccr50_S7809001.cnv
* Sea-Bird SBE19plus  Data File:
* FileName = C:\R\Reservoirs\Data\DataNotYetUploadedToEDI\Raw_CTD\RawDownloads\072822_ccr50_S7809_0001.hex
* Software version 2.8.0.119
* Temperature SN = 7809
* Conductivity SN = 7809
* System UpLoad Time = Jul 29 2022 15:39:17
* <ApplicationData>
* <Seaterm232>
# nquan = 15
# nvalues = 2329                        
# units = specified
# name 0 = depFM: Depth [fresh water, m]
# name 1 = dz/dtM: Descent Rate [m/s]
# name 2 = sbeox0Mg/L: Oxygen, SBE 43 [mg/l]
# name 3 = sbeox0PS: Oxygen, SBE 43 [% saturation]
# name 4 = specc: Specific Conductance [uS/cm]
# name 5 = c0uS/cm: Conductivity [uS/cm]
# name 6 = flECO-AFL: Fluorescence, WET Labs ECO-AFL/FL [mg/m^3]
# name 7 = ph: pH
# name 8 = orp: Oxidation Reduction Potential [mV]
# name 9 = par/sat/log: PAR/Logarithmic, Satlantic
# name 10 = turbWETntu0: Turbidity, WET Labs ECO [NTU]
# name 11 = prdM: Pressure, Strain Gauge [db]
# name 12 = prdE: Pressure, Strain Gauge [psi]
# name 13 = tv290C: Temperature [ITS-90, deg C]
# name 14 = flag:  0.000e+00
# span 0 =     -0.484,     17.262       
# span 1 =     -0.252,      0.214       
# span 2 =     3.1568,     9.8354       
# span 3 =     28.788,    115.540       
# span 4 =      3.744,    102.746       
# span 5 =   3.934528,  91.721985       
# span 6 =    -0.1588,     6.6111       
# span 7 =      6.897,      8.435       
# span 8 =   209.3290,   274.4672       
# span 9 = 1.2362e-01, 2.4709e+02       
# span 10 =    -0.3821,    40.3681      
# span 11 =     -0.478,     16.934      
# span 12 =     -0.693,     24.560      
# span 13 =    11.1809,    27.9672      
# span 14 = 0.0000e+00, 0.0000e+00      
# interval = seconds: 0.25
# start_time = Jul 28 2022 06:59:27 [Instrument's time stamp, header]
# bad_flag = -9.990e-29
*END*
[from data line 2314]
     -0.484 -1.378e-11     6.7466     86.856      5.501   5.792935    -0.1119      8.088   223.7400 1.8826e+02    -0.3300     -0.475     -0.688    27.7096 0.0000e+00
     -0.484 -1.253e-12     6.8012     86.787      5.661   5.958779    -0.1464      8.078   225.3250 1.8997e+02    -0.3821     -0.474     -0.688    27.6923 0.0000e+00
     -0.484 -1.139e-13     6.8329     86.724      5.681   5.978763    -0.1588      8.084   228.8129 1.9420e+02    -0.3568     -0.475     -0.688    27.6751 0.0000e+00
     -0.484 -1.035e-14     6.8452     86.694      5.916   6.224452    -0.1448      8.095   229.6892 1.9216e+02    -0.2981     -0.475     -0.688    27.6578 0.0000e+00
     -0.484 -9.410e-16     6.8429     86.713      5.660   5.953518    -0.1357      8.101   228.7791 1.8353e+02    -0.2531     -0.475     -0.688    27.6416 0.0000e+00
     -0.484 -8.555e-17     6.8376     86.770      4.919   5.172241    -0.1402      8.105   228.2204 1.7377e+02    -0.1877     -0.475     -0.689    27.6257 0.0000e+00
     -0.484 -7.780e-18     6.8344     86.848      4.283   4.502490    -0.1408      8.114   227.4939 1.6897e+02    -0.1212     -0.475     -0.688    27.6099 0.0000e+00
     -0.484 -7.070e-19     6.8329     86.951      3.803   3.996938    -0.1351      8.124   225.9318 1.7119e+02    -0.0991     -0.474     -0.688    27.5951 0.0000e+00
     -0.484 -6.430e-20     6.8365     87.068      3.744   3.934528    -0.1378      8.122   223.8731 1.7680e+02    -0.1255     -0.475     -0.688    27.5821 0.0000e+00
     -0.484 -5.893e-21     6.8434     87.159      4.290   4.507569    -0.1318      8.115   222.9077 1.8034e+02    -0.1326     -0.474     -0.688    27.5698 0.0000e+00
     -0.484 -1.063e-21     6.8502     87.193      4.675   4.911026    -0.1210      8.112   222.8634 1.8144e+02    -0.1162     -0.474     -0.687    27.5589 0.0000e+00
     -0.484 -9.990e-29     6.8598 -9.990e-29 -9.990e-29 -9.990e-29 -9.990e-29 -9.990e-29 -9.990e-29 1.8139e+02 -9.990e-29     -0.475     -0.688    27.5480 0.0000e+00
     -0.484 -9.990e-29     6.8718 -9.990e-29 -9.990e-29 -9.990e-29 -9.990e-29 -9.990e-29 -9.990e-29 1.8048e+02 -9.990e-29     -0.474     -0.689    27.5386 0.0000e+00
     -0.484 -9.990e-29     6.8814 -9.990e-29 -9.990e-29 -9.990e-29 -9.990e-29 -9.990e-29 -9.990e-29 1.7947e+02 -9.990e-29     -0.474     -0.688    27.5263 0.0000e+00
     -0.484 -9.990e-29     6.8854 -9.990e-29 -9.990e-29 -9.990e-29 -9.990e-29 -9.990e-29 -9.990e-29 1.7899e+02 -9.990e-29     -0.475     -0.688    27.5167 0.0000e+00
