Data/DataNotYetUploadedToEDI/Raw_CTD/RawDownloads/072825_bvr50_S8188008.cnv
* Sea-Bird SBE19plus  Data File:
* FileName = C:\R\Reservoirs\Data\DataNotYetUploadedToEDI\Raw_CTD\RawDownloads\071425_bvr50_S8188_0008.hex
* Software version 2.8.0.119
* Temperature SN = 8188
* Conductivity SN = 8188
* System UpLoad Time = Aug 21 2025 13:38:44
* <ApplicationData>
* <Seaterm232>
# nquan = 16
# nvalues = 2217                        
# units = specified
# name 0 = depFM: Depth [fresh water, m]
# name 1 = dz/dtM: Descent Rate [m/s]
# name 2 = sbeox0Mg/L: Oxygen, SBE 43 [mg/l]
# name 3 = sbeox0PS: Oxygen, SBE 43 [% saturation]
# name 4 = specc: Specific Conductance [uS/cm]
# name 5 = c0uS/cm: Conductivity [uS/cm]
# name 6 = wetCDOM: Fluorescence, WET Labs CDOM [mg/m^3]
# name 7 = flECO-AFL: Fluorescence, WET Labs ECO-AFL/FL [mg/m^3]
# name 8 = flECO-AFL1: Fluorescence, WET Labs ECO-AFL/FL, 2 [mg/m^3]
# name 9 = flECO-AFL2: Fluorescence, WET Labs ECO-AFL/FL, 3 [mg/m^3]
# name 10 = par/sat/log: PAR/Logarithmic, Satlantic
# name 11 = turbWETntu0: Turbidity, WET Labs ECO [NTU]
# name 12 = prdM: Pressure, Strain Gauge [db]
# name 13 = prdE: Pressure, Strain Gauge [psi]
# name 14 = tv290C: Temperature [ITS-90, deg C]
# name 15 = flag:  0.000e+00
# span 0 =     -0.680,      5.773       
# span 1 =     -0.329,      0.206       
# span 2 =     3.3085,    18.0304       
# span 3 =     33.614,    185.045       
# span 4 =      0.475,     94.278       
# span 5 =   0.493030,  80.851776       
# span 6 =    -4.5000,    60.1200       
# span 7 =    -0.7576,   163.2311       
# span 8 =    -5.0268,     0.8520       
# span 9 =    -5.4567,    29.1024       
# span 10 = 1.1582e-01, 1.6464e+03      
# span 11 =    -1.5332,   233.6891      
# span 12 =     -0.667,      5.662      
# span 13 =     -0.967,      8.212      
# span 14 =    15.9476,    28.1921      
# span 15 = 0.0000e+00, 0.0000e+00      
# interval = seconds: 0.25
# start_time = Jul 28 2025 09:27:45 [Instrument's time stamp, header]
# bad_flag = -9.990e-29
*END*
[from data line 452]
      0.099      0.002     7.6083     96.500     11.974  12.618876    19.8900     3.6523     0.1278     1.2267 4.6797e+02     5.1590      0.097      0.141    27.6749 0.0000e+00
      0.100      0.002     7.6060     96.465     12.046  12.695315    19.8900     3.6523     0.1278     1.2267 6.4311e+02     5.0684      0.098      0.142    27.6770 0.0000e+00
      0.100      0.002     7.6028     96.443     12.117  12.770133    19.8900     3.6446     0.1278     1.2267 6.0844e+02     5.2194      0.098      0.143    27.6792 0.0000e+00
      0.101      0.002     7.5992     96.436     12.160  12.815526    19.3500     3.6408     0.1278     1.3536 6.8628e+02     5.1741      0.099      0.143    27.6814 0.0000e+00
      0.101      0.002     7.5955     96.440     12.203  12.861509    19.3500     3.5340     0.1278     1.3536 1.0324e+03     5.2194      0.099      0.144    27.6836 0.0000e+00
      0.101      0.002     7.5925     96.448     12.241  12.902434    19.3500     3.5378     0.1278     1.3536 5.5779e+02     5.1590      0.099      0.144    27.6858 0.0000e+00
      0.102      0.002     7.5904     96.461     12.223  12.883550    19.3500     3.5302     0.1278     1.3536 7.0487e+02     5.1439      0.100      0.145    27.6879 0.0000e+00
      0.102      0.001     7.5896     96.482     12.160  12.817732    19.5300     3.5531     0.1278     1.2690 5.0803e+02     5.1288      0.100      0.145    27.6901 0.0000e+00
      0.103      0.001     7.5896     96.507     12.068  12.721253    19.5300     3.5836     0.1278     1.2690 5.6010e+02     5.1439      0.101      0.146    27.6923 0.0000e+00
      0.103      0.001     7.5900     96.531     11.951  12.598234    19.5300     3.5874     0.1278     1.2690 6.7946e+02     5.0381      0.101      0.146    27.6946 0.0000e+00
      0.103      0.001     7.5907     96.552     11.832  12.473574    19.5300     3.5874     0.1278     1.2690 5.8893e+02     5.1892      0.101      0.146    27.6968 0.0000e+00
      0.103      0.000     7.5921     96.571     11.674  12.308062    19.3500     3.5836     0.0852     1.1421 6.7182e+02     5.2043      0.101      0.146    27.6991 0.0000e+00
      0.103      0.000     7.5938     96.596     11.417  12.037661    19.3500     3.5950     0.0852     1.1421 8.7387e+02     5.0986      0.101      0.146    27.7013 0.0000e+00
      0.103      0.000     7.5953     96.623     11.040  11.640011    19.3500     3.5798     0.0852     1.1421 3.9751e+02     5.1892      0.101      0.146    27.7036 0.0000e+00
      0.103      0.000     7.5966     96.649     10.543  11.116518    19.3500     3.5989     0.0852     1.1421 6.7534e+02     5.2194      0.101      0.146    27.7060 0.0000e+00
      0.103      0.000     7.5978     96.666     10.034  10.580268    19.3500     3.5798     0.0852     1.1421 7.3971e+02     5.1590      0.101      0.147    27.7083 0.0000e+00
      0.103      0.000     7.5994     96.671      9.721  10.250366    19.3500     3.6446     0.1704     1.1421 1.0108e+03     4.9324      0.101      0.147    27.7105 0.0000e+00
      0.103     -0.001     7.6013     96.663      9.580  10.102504    19.3500     3.6751     0.1704     1.1421 5.3605e+02     5.0230      0.101      0.147    27.7128 0.0000e+00
      0.103     -0.001     7.6030     96.637      9.467   9.983846    19.3500     3.6332     0.1704     1.1421 5.8231e+02     4.8720      0.101      0.147    27.7150 0.0000e+00
      0.103     -0.002     7.6041     96.595      9.529  10.049764    19.3500     3.6790     0.1704     1.1421 3.8259e+02     4.9022      0.101      0.146    27.7172 0.0000e+00
      0.102     -0.003     7.6042     96.546      9.756  10.289975    19.4400     3.5340     0.1278     1.2267 6.6717e+02     5.1590      0.100      0.145    27.7194 0.0000e+00
      0.101     -0.004     7.6032     96.500      9.825  10.362668    19.4400     3.5454     0.1278     1.2267 6.9680e+02     5.2496      0.099      0.144    27.7216 0.0000e+00
      0.100     -0.005     7.6009     96.462      9.711  10.243468    19.4400     3.5264     0.1278     1.2267 6.8005e+02     5.0986      0.098      0.142    27.7238 0.0000e+00
      0.098     -0.005     7.5973     96.432      9.612  10.139340    19.4400     3.5264     0.1278     1.2267 6.9726e+02     5.1741      0.097      0.140    27.7260 0.0000e+00
      0.097     -0.006     7.5932     96.406      9.597  10.123986    19.3500     3.5073     0.1278     1.1421 5.8130e+02     5.0079      0.095      0.138    27.7283 0.0000e+00
      0.096     -0.006     7.5892     96.380      9.632  10.161479    19.3500     3.5149     0.1278     1.1421 5.1750e+02     4.8720      0.094      0.136    27.7306 0.0000e+00
      0.094     -0.006     7.5859     96.356      9.674  10.206110    19.3500     3.5111     0.1278     1.1421 4.5543e+02     4.9324      0.092      0.134    27.7328 0.0000e+00
      0.092     -0.005     7.5833     96.334      9.717  10.251875    19.3500     3.5340     0.1278     1.1421 6.1336e+02     4.9475      0.091      0.132    27.7351 0.0000e+00
      0.091     -0.004     7.5810     96.316      9.822  10.362703    19.3500     3.5874     0.1278     1.2690 4.8940e+02     4.9022      0.089      0.129    27.7373 0.0000e+00
      0.090     -0.003     7.5786     96.305     10.062  10.615897    19.3500     3.5836     0.1278     1.2690 4.8569e+02     4.9173      0.088      0.128    27.7395 0.0000e+00
      0.089     -0.001     7.5764     96.296     10.327  10.895934    19.3500     3.5798     0.1278     1.2690 6.0977e+02     4.8418      0.088      0.127    27.7417 0.0000e+00
      0.089      0.001     7.5744     96.286     10.494  11.072564    19.3500     3.5760     0.1278     1.2690 5.2112e+02     4.8569      0.087      0.127    27.7440 0.0000e+00
      0.089      0.003     7.5727     96.278     10.639  11.226713    19.3500     3.5378     0.1278     1.2690 8.6932e+02     5.1892      0.088      0.127    27.7462 0.0000e+00
      0.090      0.005     7.5715     96.280     10.789  11.385557    19.4400     3.5302     0.1704     1.2267 6.8822e+02     5.1288      0.089      0.129    27.7483 0.0000e+00
      0.092      0.006     7.5705     96.293     10.863  11.464117    19.4400     3.5378     0.1704     1.2267 4.7701e+02     5.2194      0.090      0.131    27.7504 0.0000e+00
      0.094      0.007     7.5694     96.319     10.894  11.497272    19.4400     3.5645     0.1704     1.2267 4.8569e+02     5.1288      0.092      0.134    27.7525 0.0000e+00
      0.097      0.007     7.5686     96.353     10.955  11.561511    19.4400     3.6637     0.1704     1.2267 7.6521e+02     5.3856      0.095      0.137    27.7545 0.0000e+00
      0.099      0.007     7.5684     96.395     11.010  11.620245    19.4400     3.6446     0.1704     1.3113 6.6312e+02     5.3252      0.097      0.140    27.7565 0.0000e+00
      0.100      0.006     7.5692     96.442     11.024  11.635412    19.4400     3.6523     0.1704     1.3113 5.1863e+02     5.3705      0.098      0.143    27.7585 0.0000e+00
      0.102      0.006     7.5709     96.492     11.040  11.652843    19.4400     3.6523     0.1704     1.3113 5.3768e+02     5.3856      0.100      0.145    27.7605 0.0000e+00
      0.103      0.005     7.5734     96.539     11.084  11.699071    19.4400     3.4920     0.1704     1.3113 6.5028e+02     5.1590      0.101      0.146    27.7624 0.0000e+00
      0.104      0.004     7.5764     96.579     11.134  11.752601    19.4400     3.5378     0.0852     1.2267 6.5368e+02     5.1892      0.102      0.147    27.7642 0.0000e+00
      0.105      0.003     7.5799     96.611     11.128  11.746127    19.4400     3.5531     0.0852     1.2267 1.0864e+03     5.1590      0.103      0.149    27.7660 0.0000e+00
      0.106      0.003     7.5836     96.636     10.991  11.602313    19.4400     3.5302     0.0852     1.2267 4.8264e+02     5.1439      0.104      0.150    27.7678 0.0000e+00
      0.106      0.002     7.5871     96.656     10.760  11.358419    19.4400     3.5187     0.0852     1.2267 5.2202e+02     5.1137      0.105      0.151    27.7695 0.0000e+00
      0.107      0.002     7.5900     96.671     10.487  11.070778    19.4400     3.5073     0.0852     1.2267 6.2833e+02     5.1439      0.105      0.152    27.7711 0.0000e+00
      0.107      0.001     7.5923     96.676     10.234  10.803948    19.4400     3.5416     0.1278     1.1421 8.4162e+02     5.1590      0.105      0.152    27.7727 0.0000e+00
      0.107      0.001     7.5941     96.669     10.195  10.763326    19.4400     3.5111     0.1278     1.1421 5.5236e+02     5.1439      0.105      0.152    27.7743 0.0000e+00
      0.108      0.001     7.5955     96.653     10.403  10.983836    19.4400     3.4424     0.1278     1.1421 5.5646e+02     5.0684      0.106      0.153    27.7759 0.0000e+00
      0.108      0.001     7.5964     96.632     10.589  11.180081    19.4400     3.4806     0.1278     1.1421 6.4423e+02     5.1892      0.106      0.153    27.7774 0.0000e+00
      0.108      0.001     7.5965     96.610     10.639  11.233289    19.4400     3.5035     0.1278     1.3536 5.7203e+02     5.1741      0.106      0.154    27.7788 0.0000e+00
      0.109      0.001     7.5958     96.595     10.682  11.279020    19.4400     3.4501     0.1278     1.3536 6.4423e+02     5.1590      0.107      0.155    27.7803 0.0000e+00
      0.109      0.001     7.5944     96.585     10.734  11.333448    19.4400     3.3814     0.1278     1.3536 5.4462e+02     4.9777      0.107      0.155    27.7819 0.0000e+00
      0.109      0.000     7.5925     96.585     10.716  11.315586    19.4400     3.3471     0.1278     1.3536 6.1416e+02     4.8720      0.107      0.156    27.7835 0.0000e+00
      0.109      0.000     7.5906     96.592     10.624  11.218680    19.4400     3.3662     0.1278     1.2267 9.0872e+02     4.9173      0.107      0.155    27.7852 0.0000e+00
      0.109     -0.001     7.5891     96.599     10.546  11.136266    19.4400     3.3433     0.1278     1.2267 7.6272e+02     4.9324      0.107      0.155    27.7869 0.0000e+00
      0.109     -0.001     7.5882     96.600     10.534  11.123962    19.4400     3.4692     0.1278     1.2267 5.8447e+02     5.1590      0.107      0.155    27.7885 0.0000e+00
      0.108      0.000     7.5879     96.593     10.440  11.025285    19.4400     3.4768     0.1278     1.2267 6.0449e+02     5.2496      0.106      0.154    27.7902 0.0000e+00
      0.108      0.000     7.5882     96.576     10.238  10.811925    19.4400     3.4768     0.1278     1.2690 6.8138e+02     5.1288      0.106      0.154    27.7919 0.0000e+00
      0.108      0.000     7.5885     96.552     10.235  10.808988    19.4400     3.4653     0.1278     1.2690 5.0737e+02     5.1892      0.106      0.154    27.7935 0.0000e+00
      0.108      0.001     7.5884     96.532     10.547  11.139042    19.4400     3.4806     0.1278     1.2690 5.8396e+02     5.2345      0.106      0.155    27.7950 0.0000e+00
      0.109      0.001     7.5876     96.522     10.856  11.466316    19.4400     3.4730     0.1278     1.2690 6.3671e+02     5.2950      0.107      0.155    27.7966 0.0000e+00
      0.109      0.002     7.5861     96.524     10.961  11.577651    19.4400     3.4768     0.1278     1.2690 4.8844e+02     5.1288      0.107      0.156    27.7981 0.0000e+00
      0.110      0.002     7.5841     96.541     10.973  11.590287    19.4400     3.4920     0.1278     1.3113 6.7285e+02     5.1288      0.108      0.156    27.7997 0.0000e+00
      0.110      0.003     7.5823     96.573     10.808  11.416060    19.4400     3.4005     0.1278     1.3113 5.9111e+02     5.1892      0.108      0.157    27.8013 0.0000e+00
      0.111      0.004     7.5812     96.615     10.341  10.922940    19.4400     3.4196     0.1278     1.3113 5.2704e+02     5.2043      0.109      0.158    27.8029 0.0000e+00
      0.112      0.004     7.5812     96.662      9.882  10.439041    19.4400     3.4005     0.1278     1.3113 5.7640e+02     5.0986      0.110      0.159    27.8045 0.0000e+00
      0.113      0.005     7.5823     96.708      9.695  10.241213    19.4400     3.4043     0.1278     1.0998 4.4554e+02     5.0986      0.111      0.161    27.8061 0.0000e+00
      0.115      0.005     7.5846     96.747      9.713  10.260789    19.4400     3.5569     0.1278     1.0998 7.5383e+02     5.1288      0.113      0.163    27.8077 0.0000e+00
      0.116      0.005     7.5877     96.778      9.855  10.411473    19.4400     3.5264     0.1278     1.0998 6.6775e+02     5.1892      0.114      0.166    27.8093 0.0000e+00
      0.118      0.005     7.5912     96.801     10.058  10.626012    19.4400     3.5454     0.1278     1.0998 7.0871e+02     5.0986      0.116      0.168    27.8110 0.0000e+00
      0.119      0.005     7.5945     96.819     10.279  10.860149    19.4400     3.5302     0.1278     1.2267 6.9529e+02     5.1590      0.117      0.170    27.8127 0.0000e+00
      0.120      0.004     7.5974     96.830     10.444  11.035057    19.4400     3.4234     0.1278     1.2267 6.3852e+02     5.2647      0.118      0.172    27.8144 0.0000e+00
      0.121      0.003     7.5995     96.833     10.470  11.062079    19.4400     3.4157     0.1278     1.2267 9.0695e+02     5.2647      0.119      0.173    27.8162 0.0000e+00
      0.122      0.002     7.6011     96.824     10.428  11.018062    19.4400     3.4119     0.1278     1.2267 6.0449e+02     5.1892      0.120      0.174    27.8179 0.0000e+00
      0.123      0.002     7.6023     96.803     10.354  10.941011    19.4400     3.4196     0.1278     1.3959 6.5695e+02     5.2194      0.120      0.175    27.8196 0.0000e+00
      0.123      0.001     7.6029     96.774     10.157  10.732780    19.4400     3.4386     0.1278     1.3959 7.5777e+02     5.2950      0.121      0.175    27.8213 0.0000e+00
      0.123      0.000     7.6030     96.746      9.885  10.445281    19.4400     3.4081     0.1278     1.3959 5.6597e+02     5.0684      0.121      0.175    27.8229 0.0000e+00
      0.123      0.000     7.6021     96.720      9.815  10.371900    19.4400     3.4005     0.1278     1.3959 4.7124e+02     5.1741      0.121      0.176    27.8245 0.0000e+00
      0.123     -0.001     7.6002     96.699      9.956  10.520906    19.4400     3.4157     0.1278     1.3959 5.5260e+02     5.0986      0.121      0.176    27.8260 0.0000e+00
      0.123     -0.002     7.5977     96.687     10.002  10.569937    19.3500     3.4653     0.1704     1.3113 5.2123e+02     5.0986      0.121      0.175    27.8275 0.0000e+00
      0.122     -0.003     7.5953     96.681     10.071  10.643494    19.3500     3.4730     0.1704     1.3113 5.4545e+02     5.1741      0.120      0.174    27.8290 0.0000e+00
      0.121     -0.003     7.5931     96.672     10.361  10.950205    19.3500     3.4730     0.1704     1.3113 7.2649e+02     5.1439      0.119      0.173    27.8305 0.0000e+00
      0.120     -0.003     7.5912     96.656     10.573  11.173934    19.3500     3.4768     0.1704     1.3113 8.0688e+02     5.1288      0.118      0.171    27.8320 0.0000e+00
      0.119     -0.003     7.5902     96.638     10.448  11.042073    19.3500     3.4653     0.1704     1.1844 7.3714e+02     5.1892      0.117      0.169    27.8334 0.0000e+00
      0.118     -0.002     7.5895     96.620     10.162  10.740313    19.3500     3.4081     0.1704     1.1844 7.3490e+02     5.1288      0.116      0.168    27.8348 0.0000e+00
      0.118     -0.002     7.5885     96.605      9.942  10.508523    19.3500     3.4196     0.1704     1.1844 3.9578e+02     5.1892      0.116      0.168    27.8361 0.0000e+00
      0.118     -0.001     7.5871     96.591      9.743  10.298824    19.3500     3.3967     0.1704     1.1844 7.6223e+02     5.1590      0.116      0.168    27.8375 0.0000e+00
      0.118     -0.001     7.5855     96.580      9.552  10.097074    19.3500     3.4157     0.1278     1.3113 5.7790e+02     5.1439      0.116      0.168    27.8390 0.0000e+00
      0.118     -0.001     7.5839     96.573      9.533  10.076277    19.3500     3.5264     0.1278     1.3113 4.7576e+02     5.2194      0.116      0.168    27.8404 0.0000e+00
