Data/DataNotYetUploadedToEDI/Raw_CTD/RawDownloads/072821_ccr_50_0001.cnv
* Sea-Bird SBE19plus  Data File:
* FileName = C:\R\Reservoirs\Data\DataNotYetUploadedToEDI\Raw_CTD\RawDownloads\072821_ccr_50_0001.hex
* Software version 2.8.0.119
* Temperature SN = 7809
* Conductivity SN = 7809
* System UpLoad Time = Jul 28 2021 15:55:50
* <ApplicationData>
* <Seaterm232>
# nquan = 16
# nvalues = 4323                        
# units = specified
# name 0 = depFM: Depth [fresh water, m]
# name 1 = dz/dtM: Descent Rate [m/s]
# name 2 = orp: Oxidation Reduction Potential [mV]
# name 3 = sbeox0Mg/L: Oxygen, SBE 43 [mg/l]
# name 4 = sbeox0PS: Oxygen, SBE 43 [% saturation]
# name 5 = par/sat/log: PAR/Logarithmic, Satlantic
# name 6 = ph: pH
# name 7 = specc: Specific Conductance [uS/cm]
# name 8 = c0uS/cm: Conductivity [uS/cm]
# name 9 = flECO-AFL: Fluorescence, WET Labs ECO-AFL/FL [mg/m^3]
# name 10 = turbWETntu0: Turbidity, WET Labs ECO [NTU]
# name 11 = tv290C: Temperature [ITS-90, deg C]
# name 12 = density00: Density [density, kg/m^3]
# name 13 = prdE: Pressure, Strain Gauge [psi]
# name 14 = prdM: Pressure, Strain Gauge [db]
# name 15 = flag:  0.000e+00
# span 0 =     -0.464,     20.306       
# span 1 =     -0.237,      0.190       
# span 2 = -1240.7455,   299.8467       
# span 3 =     3.4149,    11.9701       
# span 4 =     30.723,    142.020       
# span 5 = 1.2338e-01, 1.4634e+03       
# span 6 =     -2.005,     15.821       
# span 7 =      1.266,     84.904       
# span 8 =   1.367744,  60.246749       
# span 9 =    -0.5058,   265.6958       
# span 10 =    -6.9938,   962.7232      
# span 11 =    10.4099,    29.0042      
# span 12 =   995.9531,   999.7863      
# span 13 =     -0.660,     28.883      
# span 14 =     -0.455,     19.915      
# span 15 = 0.0000e+00, 0.0000e+00      
# interval = seconds: 0.25
# start_time = Jul 27 2021 20:58:26 [Instrument's time stamp, header]
# bad_flag = -9.990e-29
*END*
[from data line 4068]
      4.728     -0.093   278.6569    11.4564    129.287 1.1977e+02     15.427     55.619  52.245835     0.9778     1.3497    21.8783   997.8441      6.730      4.639 0.0000e+00
      4.702     -0.102   278.8481    11.4170    129.602 1.2149e+02     15.423     55.764  52.566618     0.9905     1.4069    21.8363   997.8534      6.690      4.612 0.0000e+00
      4.670     -0.110   279.2432    11.3811    130.307 1.2350e+02     15.416     55.526  52.585239     1.0046     1.4804    21.8195   997.8571      6.645      4.582 0.0000e+00
      4.636     -0.112   279.4765    11.3337    131.175 1.2537e+02     15.409     55.161  52.471336     0.9963     1.4495    21.8517   997.8499      6.593      4.546 0.0000e+00
      4.602     -0.106   279.4322    11.3034    131.820 1.2705e+02     15.404     54.832  52.332945     0.9846     1.3423    21.9310   997.8321      6.544      4.511 0.0000e+00
      4.572     -0.094   279.3102    11.2945    132.062 1.2847e+02     15.402     54.566  52.182400     0.9585     1.2819    22.1045   997.7927      6.498      4.480 0.0000e+00
      4.549     -0.079   279.1188    11.3054    131.984 1.2952e+02     15.402     54.450  52.111968     0.9000     1.3035    22.3561   997.7347      6.464      4.457 0.0000e+00
      4.535     -0.067   278.8396    11.3512    131.758 1.3031e+02     15.402     54.645  52.307026     0.8683     1.3632    22.5762   997.6836      6.448      4.445 0.0000e+00
      4.525     -0.061   278.3434    11.3760    131.586 1.3086e+02     15.401     54.967  52.635559     0.8711     1.3859    22.7382   997.6456      6.434      4.436 0.0000e+00
      4.517     -0.064   277.6788    11.3709    131.547 1.3151e+02     15.399     55.191  52.908772     0.8491     1.3720    22.8345   997.6229      6.426      4.431 0.0000e+00
      4.505     -0.074   277.5158    11.3563    131.673 1.3266e+02     15.398     55.453  53.260612     0.8024     1.3324    22.8570   997.6174      6.414      4.422 0.0000e+00
      4.485     -0.089   277.8350    11.3282    131.981 1.3420e+02     15.395     55.653  53.587139     0.7827     1.3199    22.8512   997.6188      6.381      4.400 0.0000e+00
      4.458     -0.102   278.0107    11.3120    132.362 1.3619e+02     15.390     55.575  53.681356     0.7926     1.3918    22.8576   997.6174      6.345      4.374 0.0000e+00
      4.424     -0.109   278.0047    11.2965    132.678 1.3856e+02     15.385     55.404  53.701387     0.7978     1.4460    22.9139   997.6040      6.296      4.340 0.0000e+00
      4.387     -0.106   277.9353    11.2829    132.735 1.4045e+02     15.380     55.224  53.702576     0.7977     1.3923    23.0094   997.5813      6.235      4.298 0.0000e+00
      4.356     -0.092   277.8600    11.2917    132.401 1.4205e+02     15.376     54.942  53.568954     0.7917     1.3259    23.1240   997.5540      6.191      4.268 0.0000e+00
      4.331     -0.071   277.8690    11.2915    131.731 1.4352e+02     15.374     54.829  53.546786     0.7917     1.3636    23.2847   997.5154      6.157      4.245 0.0000e+00
      4.315     -0.046   278.0438    11.2873    130.798 1.4389e+02     15.374     55.124  53.879248     0.8176     1.4365    23.4634   997.4723      6.131      4.228 0.0000e+00
      4.310     -0.026   278.2518    11.2649    129.814 1.4380e+02     15.373     55.361  54.159028     0.8561     1.4521    23.6258   997.4329      6.126      4.224 0.0000e+00
      4.314     -0.016   278.2336    11.2007    129.208 1.4359e+02     15.371     55.188  54.071520     0.8755     1.4149    23.7647   997.3990      6.133      4.229 0.0000e+00
      4.320     -0.017   277.9948    11.1283    129.218 1.4306e+02     15.368     54.987  53.964590     0.8611     1.3639    23.8452   997.3792      6.147      4.238 0.0000e+00
      4.323     -0.030   277.6881    11.0410    129.544 1.4357e+02     15.366     55.030  54.073065     0.8446     1.3506    23.8626   997.3752      6.156      4.244 0.0000e+00
      4.316     -0.055   277.5367    10.9362    129.716 1.4497e+02     15.366     55.215  54.303435     0.8193     1.3906    23.8911   997.3683      6.144      4.236 0.0000e+00
      4.299     -0.085   277.5407    10.8545    129.568 1.4636e+02     15.365     55.312  54.463503     0.7643     1.4363    23.9814   997.3459      6.118      4.218 0.0000e+00
      4.274     -0.111   277.4790    10.8495    129.271 1.4838e+02     15.363     55.179  54.420635     0.7233     1.4227    24.0768   997.3222      6.086      4.196 0.0000e+00
      4.236     -0.127   277.4794    10.8843    129.109 1.5144e+02     15.361     55.029  54.356897     0.7153     1.3982    24.1328   997.3082      6.032      4.158 0.0000e+00
      4.188     -0.132   277.4593    10.8954    128.999 1.5489e+02     15.359     54.996  54.391655     0.6867     1.3462    24.1611   997.3010      5.954      4.104 0.0000e+00
      4.143     -0.127   277.2363    10.8683    128.583 1.5749e+02     15.358     55.011  54.459903     0.6253     1.2396    24.2154   997.2872      5.886      4.058 0.0000e+00
      4.111     -0.116   276.9335    10.8090    127.826 1.5909e+02     15.357     55.115  54.610512     0.6018     1.2082    24.3105   997.2633      5.842      4.028 0.0000e+00
      4.091     -0.105   276.5512    10.7821    127.010 1.6044e+02     15.356     55.202  54.751857     0.6033     1.2067    24.3917   997.2430      5.817      4.011 0.0000e+00
      4.074     -0.098   276.2273    10.7804    126.385 1.6171e+02     15.354     55.146  54.771609     0.5765     1.2219    24.4475   997.2288      5.793      3.994 0.0000e+00
      4.056     -0.098   276.1155    10.7352    126.078 1.6309e+02     15.352     55.208  54.912964     0.5357     1.3226    24.4964   997.2165      5.769      3.977 0.0000e+00
      4.034     -0.103   276.3170    10.6522    126.007 1.6530e+02     15.350     55.475  55.254253     0.5103     1.3941    24.5351   997.2067      5.744      3.960 0.0000e+00
      4.004     -0.109   276.5991    10.5699    125.954 1.6852e+02     15.347     55.593  55.468263     0.5163     1.4349    24.5746   997.1967      5.699      3.929 0.0000e+00
      3.967     -0.112   276.6871    10.4982    125.900 1.7133e+02     15.344     55.468  55.468098     0.5328     1.4031    24.6536   997.1765      5.641      3.889 0.0000e+00
      3.932     -0.107   276.6926    10.4578    125.838 1.7347e+02     15.341     55.263  55.379491     0.5289     1.2508    24.7348   997.1557      5.589      3.854 0.0000e+00
      3.902     -0.097   276.5800    10.4549    125.556 1.7553e+02     15.339     55.029  55.222841     0.5165     1.1378    24.7841   997.1432      5.547      3.824 0.0000e+00
      3.879     -0.083   276.3579    10.4312    124.891 1.7706e+02     15.338     54.870  55.098601     0.5160     1.1353    24.8695   997.1214      5.516      3.802 0.0000e+00
      3.863     -0.072   275.8996    10.3981    123.826 1.7813e+02     15.339     54.856  55.084223     0.5329     1.1868    24.9987   997.0883      5.492      3.787 0.0000e+00
      3.852     -0.068   275.1691    10.3834    122.594 1.7965e+02     15.340     54.906  55.112510     0.5680     1.2114    25.1136   997.0586      5.477      3.776 0.0000e+00
      3.843     -0.072   274.5809    10.3488    121.581 1.8129e+02     15.341     54.941  55.122996     0.5972     1.1919    25.1832   997.0406      5.469      3.770 0.0000e+00
      3.829     -0.081   274.2078    10.2915    120.965 1.8274e+02     15.341     54.984  55.147455     0.5904     1.1570    25.2136   997.0326      5.450      3.757 0.0000e+00
      3.805     -0.092   274.0994    10.1977    120.665 1.8446e+02     15.341     55.061  55.217657     0.5334     1.1326    25.2093   997.0337      5.416      3.734 0.0000e+00
      3.775     -0.103   274.4750    10.0856    120.548 1.8608e+02     15.341     55.108  55.273097     0.4708     1.1726    25.1819   997.0406      5.372      3.704 0.0000e+00
      3.742     -0.110   274.9634    10.0028    120.604 1.8946e+02     15.340     55.055  55.246132     0.4625     1.2284    25.1569   997.0469      5.321      3.669 0.0000e+00
      3.711     -0.113   275.1005     9.9582    120.869 1.9350e+02     15.340     54.984  55.209254     0.4715     1.1888    25.1395   997.0513      5.277      3.638 0.0000e+00
      3.682     -0.113   274.9280     9.9414    121.289 1.9498e+02     15.339     55.019  55.271893     0.4564     1.1063    25.1330   997.0528      5.235      3.610 0.0000e+00
      3.654     -0.112   274.5128     9.9296    121.719 1.9751e+02     15.338     55.158  55.431862     0.4420     1.0548    25.1362   997.0520      5.197      3.583 0.0000e+00
      3.628     -0.113   273.9508     9.9272    122.042 2.0096e+02     15.338     55.445  55.746049     0.4395     1.0808    25.1638   997.0447      5.160      3.558 0.0000e+00
      3.602     -0.116   273.6393     9.9435    122.290 2.0108e+02     15.337     55.851  56.212358     0.4455     1.1808    25.2040   997.0341      5.123      3.532 0.0000e+00
      3.575     -0.118   273.6724     9.9783    122.597 2.0350e+02     15.335     56.081  56.560103     0.4578     1.2341    25.2258   997.0284      5.088      3.508 0.0000e+00
      3.542     -0.119   273.9204    10.0166    123.089 2.0901e+02     15.330     55.937  56.584154     0.4838     1.2092    25.2412   997.0244      5.041      3.476 0.0000e+00
      3.504     -0.117   274.2290    10.0375    123.644 2.1266e+02     15.325     55.618  56.439899     0.5117     1.1547    25.2562   997.0204      4.981      3.434 0.0000e+00
      3.470     -0.112   274.3926    10.0474    123.780 2.1615e+02     15.321     55.437  56.404251     0.5083     1.1246    25.2948   997.0103      4.932      3.400 0.0000e+00
      3.444     -0.105   274.5221    10.0474    123.070 2.1821e+02     15.319     55.459  56.534498     0.4906     1.1201    25.4024   996.9825      4.896      3.375 0.0000e+00
      3.422     -0.097   274.6757    10.0573    121.581 2.1979e+02     15.317     55.452  56.617381     0.4687     1.1343    25.5701   996.9386      4.866      3.355 0.0000e+00
      3.402     -0.091   274.5292    10.0892    119.951 2.2288e+02     15.315     55.270  56.517206     0.4344     1.1588    25.7455   996.8922      4.840      3.337 0.0000e+00
      3.380     -0.091   273.6981    10.0898    118.851 2.2665e+02     15.314     55.165  56.466819     0.4006     1.1416    25.8816   996.8561      4.810      3.316 0.0000e+00
      3.357     -0.096   272.6284    10.0161    118.342 2.3126e+02     15.314     55.315  56.643465     0.3745     1.1326    25.9682   996.8331      4.774      3.292 0.0000e+00
      3.335     -0.105   272.0917     9.8603    117.977 2.3382e+02     15.314     55.580  56.937945     0.3675     1.1526    26.0408   996.8138      4.742      3.270 0.0000e+00
      3.310     -0.114   272.0278     9.6856    117.438 2.3395e+02     15.313     55.754  57.168865     0.3825     1.1786    26.1338   996.7888      4.713      3.248 0.0000e+00
      3.280     -0.120   272.2000     9.5872    116.821 2.3591e+02     15.310     55.711  57.212262     0.4025     1.2063    26.1895   996.7737      4.668      3.218 0.0000e+00
      3.242     -0.121   272.4526     9.5641    116.425 2.4105e+02     15.308     55.551  57.145180     0.4000     1.1787    26.1927   996.7728      4.611      3.179 0.0000e+00
      3.203     -0.118   272.7582     9.5436    116.361 2.4538e+02     15.307     55.386  57.056698     0.3611     1.1197    26.2033   996.7698      4.554      3.139 0.0000e+00
      3.169     -0.111   273.0562     9.4871    116.300 2.4800e+02     15.305     55.253  56.968362     0.3138     1.1105    26.2481   996.7578      4.503      3.104 0.0000e+00
      3.144     -0.102   273.0450     9.4115    115.834 2.4980e+02     15.305     55.243  56.966523     0.2960     1.1354    26.3392   996.7331      4.468      3.081 0.0000e+00
      3.125     -0.094   272.7943     9.3558    114.975 2.5246e+02     15.305     55.388  57.097997     0.3170     1.1462    26.4364   996.7069      4.445      3.064 0.0000e+00
      3.109     -0.088   272.6067     9.3515    114.174 2.5605e+02     15.305     55.573  57.287495     0.3588     1.1726    26.5106   996.6867      4.426      3.051 0.0000e+00
      3.089     -0.085   272.5834     9.3545    113.979 2.5797e+02     15.304     55.655  57.415520     0.3811     1.1799    26.5613   996.6728      4.398      3.032 0.0000e+00
      3.063     -0.084   272.7709     9.3143    114.524 2.6259e+02     15.302     55.660  57.502570     0.3768     1.1320    26.5650   996.6717      4.358      3.005 0.0000e+00
      3.037     -0.083   272.9802     9.2376    115.392 2.6485e+02     15.300     55.636  57.577849     0.3837     1.1424    26.5310   996.6808      4.316      2.977 0.0000e+00
      3.015     -0.082   272.7908     9.1548    116.032 2.6450e+02     15.299     55.529  57.563566     0.3979     1.2033    26.5179   996.6843      4.285      2.954 0.0000e+00
      2.997     -0.080   272.2881     9.1268    116.157 2.6821e+02     15.297     55.357  57.457076     0.4046     1.2158    26.5623   996.6722      4.261      2.938 0.0000e+00
      2.981     -0.080   271.7198     9.1728    115.797 2.6842e+02     15.297     55.179  57.306806     0.3980     1.1899    26.6450   996.6497      4.240      2.924 0.0000e+00
      2.963     -0.082   271.2541     9.2453    115.183 2.7312e+02     15.297     55.089  57.207768     0.3758     1.1309    26.7380   996.6244      4.217      2.908 0.0000e+00
      2.942     -0.086   270.9591     9.2880    114.554 2.8166e+02     15.298     55.124  57.212482     0.3650     1.0863    26.8337   996.5982      4.186      2.886 0.0000e+00
      2.917     -0.091   270.6481     9.2848    114.081 2.7966e+02     15.299     55.185  57.236711     0.3434     1.0963    26.9047   996.5786      4.150      2.862 0.0000e+00
      2.891     -0.096   270.4201     9.2434    113.879 2.8525e+02     15.299     55.221  57.246561     0.2960     1.0803    26.9331   996.5706      4.110      2.834 0.0000e+00
      2.866     -0.100   270.3534     9.1876    113.849 2.9798e+02     15.299     55.316  57.331525     0.2587     0.9956    26.9270   996.5720      4.075      2.810 0.0000e+00
      2.842     -0.102   270.4432     9.1410    113.751 2.9421e+02     15.299     55.471  57.501689     0.2366     0.8968    26.8894   996.5823      4.044      2.788 0.0000e+00
      2.817     -0.103   270.6456     9.1041    113.591 2.9005e+02     15.299     55.520  57.588847     0.2291     0.9149    26.8472   996.5937      4.006      2.762 0.0000e+00
      2.789     -0.103   270.7366     9.0949    113.666 2.9671e+02     15.298     55.437  57.559582     0.2450     1.0771    26.8232   996.6002      3.966      2.735 0.0000e+00
      2.759     -0.103   270.7684     9.1057    114.133 3.0554e+02     15.295     55.420  57.592621     0.2658     1.2104    26.8095   996.6039      3.925      2.706 0.0000e+00
      2.732     -0.105   270.7719     9.0976    114.676 3.1043e+02     15.293     55.515  57.734292     0.2710     1.2228    26.8126   996.6029      3.882      2.677 0.0000e+00
      2.708     -0.109   270.6066     9.0667    114.863 3.0765e+02     15.292     55.599  57.875020     0.2598     1.1582    26.8491   996.5929      3.851      2.655 0.0000e+00
      2.685     -0.114   270.4055     9.0545    114.653 3.1030e+02     15.291     55.614  57.960204     0.2458     1.1160    26.9117   996.5755      3.821      2.634 0.0000e+00
      2.657     -0.118   270.4050     9.0953    114.249 3.1200e+02     15.290     55.582  58.002035     0.2543     1.1581    26.9610   996.5619      3.782      2.608 0.0000e+00
      2.625     -0.121   270.5999     9.1535    113.859 3.1339e+02     15.289     55.510  57.999760     0.2660     1.2210    26.9862   996.5550      3.736      2.576 0.0000e+00
      2.587     -0.121   270.8698     9.1571    113.527 3.3064e+02     15.287     55.383  57.932805     0.2448     1.2248    27.0325   996.5421      3.680      2.537 0.0000e+00
      2.549     -0.116   271.0877     9.1226    113.119 3.3567e+02     15.286     55.236  57.827857     0.2077     1.1697    27.1030   996.5224      3.622      2.497 0.0000e+00
