Data/DataNotYetUploadedToEDI/Raw_CTD/RawDownloads/072825_fcr20_S7809003.cnv
* Sea-Bird SBE19plus  Data File:
* FileName = C:\R\Reservoirs\Data\DataNotYetUploadedToEDI\Raw_CTD\RawDownloads\072825_fcr50_S7809_0003.hex
* Software version 2.8.0.119
* Temperature SN = 7809
* Conductivity SN = 7809
* System UpLoad Time = Jul 28 2025 17:38:32
* <ApplicationData>
* <Seaterm232>
# nquan = 15
# nvalues = 3528                        
# units = specified
# name 0 = depFM: Depth [fresh water, m]
# name 1 = dz/dtM: Descent Rate [m/s]
# name 2 = sbeox0Mg/L: Oxygen, SBE 43 [mg/l]
# name 3 = sbeox0PS: Oxygen, SBE 43 [% saturation]
# name 4 = specc: Specific Conductance [uS/cm]
# name 5 = c0uS/cm: Conductivity [uS/cm]
# name 6 = flECO-AFL: Fluorescence, WET Labs ECO-AFL/FL [mg/m^3]
# name 7 = ph: pH
# name 8 = orp: Oxidation Reduction Potential [mV]
# name 9 = par/sat/log: PAR/Logarithmic, Satlantic
# name 10 = turbWETntu0: Turbidity, WET Labs ECO [NTU]
# name 11 = prdM: Pressure, Strain Gauge [db]
# name 12 = prdE: Pressure, Strain Gauge [psi]
# name 13 = tv290C: Temperature [ITS-90, deg C]
# name 14 = flag:  0.000e+00
# span 0 =     -0.610,      3.742       
# span 1 =     -4.353,      8.478       
# span 2 =    -0.7803,     8.4728       
# span 3 =     -7.179,    105.509       
# span 4 =      0.700,    192.875       
# span 5 =   0.705081, 152.412145       
# span 6 =    -1.2454,    21.8023       
# span 7 =      7.914,     12.536       
# span 8 =  -959.0794,  1024.6161       
# span 9 = 1.2335e-01, 2.8724e+03       
# span 10 =    -7.0033,   145.2014      
# span 11 =     -0.598,      3.672      
# span 12 =     -0.868,      5.325      
# span 13 =    14.3899,    28.6261      
# span 14 = 0.0000e+00, 0.0000e+00      
# interval = seconds: 0.25
# start_time = Jul 28 2025 13:07:37 [Instrument's time stamp, header]
# bad_flag = -9.990e-29
*END*
[from data line 386]
      1.277      0.031     6.2910     79.994     35.407  37.467574     2.8792      9.278   132.2700 1.3607e+02     5.2426      1.253      1.818    27.9149 0.0000e+00
      1.281      0.031     6.2850     80.157     35.348  37.399504     2.8721      9.275   132.3410 1.3434e+02     5.1100      1.255      1.820    27.9099 0.0000e+00
      1.289      0.030     6.2834     80.609     35.363  37.407021     2.8120      9.271   132.4478 1.3212e+02     5.0416      1.262      1.830    27.9024 0.0000e+00
      1.299      0.030     6.2772     81.376     35.398  37.431541     2.7014      9.267   132.5293 1.3021e+02     5.0995      1.273      1.847    27.9039 0.0000e+00
      1.309      0.029     6.2632     82.521     35.360  37.378691     2.6586      9.264   132.7248 1.2866e+02     5.2293      1.284      1.862    27.9048 0.0000e+00
      1.319      0.025     6.2769     83.841     35.332  37.339080     2.6516      9.261   133.0048 1.2763e+02     5.2443      1.295      1.878    27.8973 0.0000e+00
      1.326      0.019     6.3150     84.927     35.393  37.396765     2.6178      9.257   133.1616 1.2719e+02     5.0415      1.301      1.888    27.8845 0.0000e+00
      1.328      0.014     6.3714     85.626     35.440  37.441604     2.5991      9.255   133.1575 1.2707e+02     4.8271      1.303      1.891    27.8647 0.0000e+00
      1.327      0.010     6.4685     85.934     35.379  37.373590     2.6167      9.252   133.1275 1.2702e+02     4.8382      1.302      1.889    27.8442 0.0000e+00
      1.327      0.008     6.5918     85.758     35.346  37.335841     2.6475      9.250   133.2286 1.2677e+02     5.0055      1.301      1.887    27.8307 0.0000e+00
      1.329      0.010     6.6797     85.140     35.375  37.365903     2.6473      9.247   133.4340 1.2614e+02     5.0389      1.302      1.889    27.8222 0.0000e+00
      1.332      0.014     6.7313     84.281     35.365  37.356350     2.6726      9.244   133.6318 1.2514e+02     4.9005      1.306      1.894    27.8174 0.0000e+00
      1.337      0.018     6.7637     83.337     35.355  37.347252     2.7612      9.240   133.8132 1.2379e+02     4.8347      1.310      1.900    27.8117 0.0000e+00
      1.342      0.021     6.7482     82.404     35.388  37.382806     2.8373      9.236   133.9917 1.2201e+02     4.9270      1.315      1.907    27.8060 0.0000e+00
      1.349      0.022     6.6924     81.645     35.411  37.405512     2.8772      9.233   134.1561 1.1972e+02     5.0250      1.323      1.918    27.8059 0.0000e+00
      1.357      0.022     6.6201     81.180     35.379  37.367963     2.8272      9.229   134.2517 1.1702e+02     4.8587      1.331      1.930    27.8096 0.0000e+00
      1.363      0.020     6.5451     80.901     35.328  37.309527     2.6903      9.227   134.2869 1.1444e+02     4.5221      1.338      1.941    27.8117 0.0000e+00
      1.368      0.017     6.4662     80.575     35.352  37.333485     2.6034      9.223   134.3240 1.1229e+02     4.3714      1.343      1.947    27.8117 0.0000e+00
      1.371      0.013     6.4015     80.089     35.414  37.403823     2.6008      9.219   134.3561 1.1039e+02     4.4020      1.345      1.950    27.8090 0.0000e+00
      1.373      0.010     6.3698     79.495     35.406  37.398553     2.6499      9.216   134.5027 1.0864e+02     4.3796      1.347      1.953    27.8042 0.0000e+00
      1.375      0.009     6.3570     78.849     35.405  37.396670     2.6895      9.212   134.7204 1.0717e+02     4.2034      1.349      1.956    27.7958 0.0000e+00
      1.377      0.009     6.3359     78.184     35.453  37.444505     2.6800      9.208   134.7511 1.0595e+02     4.1167      1.351      1.958    27.7921 0.0000e+00
      1.378      0.012     6.2924     77.798     35.418  37.405844     2.6853      9.204   134.7016 1.0483e+02     4.2190      1.351      1.960    27.8040 0.0000e+00
      1.379      0.016     6.2436     78.462     35.389  37.373395     2.7204      9.201   134.7254 1.0386e+02     4.2796      1.353      1.963    27.8114 0.0000e+00
      1.383      0.021     6.1939     80.666     35.505  37.496332     2.7386      9.197   134.7804 1.0295e+02     4.1656      1.356      1.966    27.8059 0.0000e+00
      1.390      0.026     6.1388     83.854     35.564  37.559738     2.7133      9.193   134.8508 1.0186e+02     3.9677      1.362      1.976    27.8026 0.0000e+00
      1.399      0.033     6.0810     87.033     35.456  37.442043     2.6732      9.188   134.8874 1.0073e+02     3.9030      1.372      1.992    27.8008 0.0000e+00
      1.408      0.042     6.1105     89.515     35.428  37.405817     2.6938      9.184   135.0500 9.9658e+01     3.9641      1.381      2.003    27.7939 0.0000e+00
      1.417      0.048     6.3077     91.040     35.525  37.502443     2.7549      9.179   135.2690 9.8473e+01     3.9544      1.388      2.013    27.7955 0.0000e+00
      1.429      0.051     6.5903     91.784     35.560  37.531616     2.7798      9.173   135.3849 9.7113e+01     3.8535      1.400      2.031    27.8025 0.0000e+00
      1.447      0.050     6.8565     91.904     35.545  37.504726     2.7608      9.166   135.5909 9.5743e+01     3.7352      1.419      2.058    27.7963 0.0000e+00
      1.466      0.045     7.0635     91.227     35.546  37.494571     2.7343      9.161   135.7807 9.4472e+01     3.6520      1.439      2.087    27.7846 0.0000e+00
      1.481      0.037     7.1749     89.723     35.536  37.472264     2.7171      9.155   135.8726 9.3414e+01     3.7015      1.455      2.110    27.7765 0.0000e+00
      1.488      0.027     7.2252     87.699     35.501  37.425351     2.6775      9.149   136.0138 9.2589e+01     3.7520      1.462      2.121    27.7656 0.0000e+00
      1.489      0.017     7.2493     85.549     35.518  37.434962     2.6390      9.142   136.1974 9.1710e+01     3.6488      1.461      2.119    27.7511 0.0000e+00
      1.488      0.010     7.1988     83.550     35.608  37.525003     2.6332      9.135   136.3715 9.0725e+01     3.5803      1.459      2.116    27.7349 0.0000e+00
      1.488      0.007     7.0721     81.836     35.648  37.562223     2.6246      9.130   136.5707 8.9808e+01     3.6757      1.458      2.115    27.7173 0.0000e+00
      1.489      0.007     6.9024     80.414     35.596  37.504262     2.6101      9.124   136.7122 8.8990e+01     3.8453      1.459      2.118    27.7026 0.0000e+00
      1.492      0.009     6.7275     79.295     35.556  37.458730     2.5906      9.118   136.6200 8.8240e+01     3.8552      1.463      2.121    27.6916 0.0000e+00
      1.496      0.013     6.5670     78.552     35.558  37.455869     2.5729      9.113   136.5741 8.7514e+01     3.6925      1.468      2.127    27.6842 0.0000e+00
      1.499      0.015     6.4334     78.145     35.577  37.469665     2.6033      9.107   136.8457 8.6841e+01     3.5519      1.470      2.132    27.6782 0.0000e+00
      1.503      0.017     6.3238     77.957     35.609  37.498610     2.6833      9.102   137.1508 8.6167e+01     3.5210      1.472      2.135    27.6739 0.0000e+00
      1.508      0.018     6.2302     77.887     35.602  37.488573     2.7582      9.096   137.3382 8.5577e+01     3.6267      1.478      2.143    27.6703 0.0000e+00
      1.514      0.018     6.1756     77.851     35.591  37.475203     2.7682      9.090   137.4760 8.5306e+01     3.6350      1.485      2.154    27.6623 0.0000e+00
      1.519      0.017     6.1484     77.796     35.642  37.527323     2.6950      9.085   137.5272 8.5128e+01     3.5875      1.489      2.160    27.6526 0.0000e+00
      1.523      0.016     6.1362     77.717     35.662  37.547662     2.5976      9.080   137.4404 8.4855e+01     3.7014      1.494      2.166    27.6467 0.0000e+00
      1.527      0.015     6.1343     77.633     35.588  37.467302     2.5643      9.074   137.2873 8.4516e+01     3.8155      1.498      2.173    27.6424 0.0000e+00
      1.530      0.015     6.1330     77.559     35.566  37.444043     2.5929      9.069   137.3100 8.4121e+01     3.8749      1.501      2.177    27.6396 0.0000e+00
      1.532      0.017     6.1287     77.493     35.635  37.520252     2.5932      9.065   137.4572 8.3728e+01     3.8388      1.503      2.179    27.6375 0.0000e+00
      1.534      0.021     6.1221     77.433     35.612  37.500389     2.5672      9.060   137.5187 8.3170e+01     3.7889      1.504      2.181    27.6370 0.0000e+00
      1.539      0.025     6.1150     77.362     35.570  37.457705     2.5627      9.055   137.6232 8.2380e+01     3.8177      1.507      2.186    27.6332 0.0000e+00
      1.547      0.028     6.1103     77.262     35.619  37.511799     2.5726      9.049   137.7743 8.1519e+01     3.8107      1.516      2.199    27.6279 0.0000e+00
      1.559      0.029     6.1044     77.321     35.624  37.519896     2.5788      9.044   137.7966 8.0716e+01     3.7394      1.529      2.218    27.6374 0.0000e+00
      1.570      0.028     6.0977     77.839     35.598  37.492162     2.5702      9.039   137.8077 8.0068e+01     3.6040      1.541      2.236    27.6473 0.0000e+00
      1.577      0.026     6.0957     78.838     35.664  37.557190     2.5857      9.034   137.9077 7.9593e+01     3.6094      1.547      2.244    27.6455 0.0000e+00
      1.581      0.023     6.0826     80.163     35.719  37.608143     2.6328      9.027   137.9740 7.9266e+01     3.7704      1.551      2.249    27.6495 0.0000e+00
      1.583      0.022     6.0722     81.692     35.659  37.537134     2.6653      9.020   138.0925 7.8866e+01     3.8424      1.553      2.252    27.6571 0.0000e+00
      1.587      0.023     6.1149     83.192     35.648  37.523515     2.6122      9.015   138.3074 7.8177e+01     3.7281      1.554      2.254    27.6560 0.0000e+00
      1.592      0.025     6.2025     84.430     35.746  37.633833     2.4894      9.010   138.4212 7.7428e+01     3.5154      1.561      2.264    27.6471 0.0000e+00
      1.601      0.027     6.3064     85.292     35.769  37.665373     2.4290      9.005   138.5217 7.6874e+01     3.4569      1.570      2.277    27.6382 0.0000e+00
      1.610      0.029     6.4377     85.712     35.696  37.587595     2.4489      8.999   138.6634 7.6541e+01     3.5341      1.579      2.290    27.6238 0.0000e+00
      1.619      0.030     6.5641     85.661     35.696  37.581788     2.4385      8.992   138.6719 7.6360e+01     3.5949      1.588      2.303    27.6154 0.0000e+00
      1.626      0.031     6.6611     85.174     35.772  37.658601     2.3448      8.987   138.6241 7.6191e+01     3.5766      1.595      2.314    27.6348 0.0000e+00
      1.632      0.031     6.7294     84.301     35.805  37.691424     2.2572      8.981   138.6026 7.5881e+01     3.4491      1.600      2.322    27.6504 0.0000e+00
      1.638      0.033     6.7640     83.072     35.780  37.661382     2.2451      8.975   138.5830 7.5275e+01     3.4546      1.606      2.329    27.6442 0.0000e+00
      1.648      0.037     6.7607     81.710     35.738  37.612625     2.2476      8.969   138.5585 7.4479e+01     3.6091      1.615      2.343    27.6330 0.0000e+00
      1.658      0.043     6.7194     80.590     35.739  37.609536     2.2047      8.963   138.5653 7.3710e+01     3.5742      1.628      2.361    27.6291 0.0000e+00
      1.668      0.048     6.6532     79.794     35.759  37.624025     2.1502      8.957   138.6647 7.2777e+01     3.4085      1.635      2.371    27.6279 0.0000e+00
      1.680      0.052     6.5516     79.093     35.745  37.597435     2.1297      8.950   138.7285 7.1652e+01     3.3477      1.644      2.384    27.6218 0.0000e+00
      1.697      0.052     6.4292     78.363     35.766  37.605291     2.1063      8.942   138.7341 7.0819e+01     3.3522      1.665      2.414    27.6162 0.0000e+00
      1.715      0.050     6.3390     77.642     35.825  37.655532     2.0588      8.934   138.7328 7.0259e+01     3.3599      1.684      2.442    27.6107 0.0000e+00
      1.729      0.045     6.2888     76.984     35.814  37.633794     2.0134      8.928   138.7129 6.9749e+01     3.3042      1.696      2.460    27.6044 0.0000e+00
      1.740      0.039     6.2378     76.434     35.786  37.596257     1.9740      8.921   138.7518 6.9519e+01     3.1906      1.709      2.477    27.5877 0.0000e+00
      1.747      0.034     6.1801     76.046     35.840  37.645844     1.9566      8.913   138.7722 6.9409e+01     3.1823      1.715      2.486    27.5630 0.0000e+00
      1.752      0.029     6.1246     76.101     35.862  37.662247     1.9864      8.904   138.7876 6.8990e+01     3.3060      1.716      2.490    27.5462 0.0000e+00
      1.757      0.027     6.0715     76.929     35.813  37.604209     2.0423      8.896   138.9372 6.8408e+01     3.3886      1.723      2.499    27.5341 0.0000e+00
      1.764      0.026     6.0306     78.369     35.853  37.642103     2.0500      8.887   139.0332 6.7731e+01     3.2922      1.731      2.510    27.5218 0.0000e+00
      1.772      0.025     5.9944     80.157     35.946  37.739673     2.0139      8.879   139.0022 6.6718e+01     3.1661      1.737      2.519    27.5114 0.0000e+00
      1.780      0.024     5.9807     82.275     35.917  37.705201     2.0054      8.871   138.9922 6.5676e+01     3.1953      1.745      2.531    27.5053 0.0000e+00
      1.786      0.024     6.0577     84.382     35.897  37.669491     2.0301      8.863   138.9978 6.4981e+01     3.3037      1.754      2.543    27.4930 0.0000e+00
      1.791      0.025     6.1870     86.055     35.992  37.752056     2.0621      8.856   139.0711 6.4360e+01     3.3156      1.757      2.548    27.4824 0.0000e+00
      1.794      0.027     6.3152     87.233     36.008  37.751651     2.0680      8.849   139.1893 6.3573e+01     3.2370      1.758      2.550    27.4921 0.0000e+00
      1.801      0.029     6.4976     87.868     35.942  37.664551     2.1096      8.841   139.2219 6.2806e+01     3.2752      1.763      2.559    27.4883 0.0000e+00
      1.811      0.031     6.6851     87.943     35.999  37.714185     2.2156      8.833   139.2943 6.2054e+01     3.3677      1.775      2.575    27.4632 0.0000e+00
      1.821      0.031     6.8140     87.639     36.123  37.844117     2.2762      8.824   139.4621 6.1229e+01     3.3646      1.786      2.592    27.4386 0.0000e+00
      1.831      0.030     6.9133     87.116     36.117  37.839548     2.2922      8.815   139.5297 6.0704e+01     3.3070      1.796      2.606    27.4140 0.0000e+00
      1.839      0.027     6.9715     86.718     36.072  37.785853     2.2852      8.807   139.5962 6.0712e+01     3.1831      1.805      2.617    27.3864 0.0000e+00
      1.844      0.024     6.9685     86.991     36.123  37.829435     2.2738      8.800   139.7495 6.0967e+01     3.1647      1.809      2.623    27.3682 0.0000e+00
      1.848      0.023     6.9426     87.815     36.163  37.858843     2.2883      8.792   139.8339 6.1393e+01     3.3237      1.812      2.628    27.3755 0.0000e+00
      1.852      0.023     6.8952     88.378     36.142  37.824136     2.3014      8.784   139.8427 6.2018e+01     3.4314      1.815      2.633    27.3822 0.0000e+00
      1.857      0.027     6.8380     88.190     36.183  37.853960     2.3414      8.777   139.7705 6.2463e+01     3.3746      1.821      2.640    27.3714 0.0000e+00
      1.864      0.035     6.8643     87.359     36.304  37.965600     2.3970      8.771   139.7341 6.2592e+01     3.2176      1.829      2.653    27.3553 0.0000e+00
      1.870      0.045     6.9662     86.185     36.321  37.968295     2.4417      8.764   139.8331 6.2404e+01     3.2066      1.834      2.660    27.3395 0.0000e+00
      1.880      0.053     7.0264     84.881     36.259  37.886510     2.5074      8.756   139.9354 6.1564e+01     3.3777      1.840      2.669    27.3217 0.0000e+00
      1.898      0.058     7.0064     83.474     36.312  37.928546     2.7917      8.748   140.0248 6.0185e+01     3.5782      1.859      2.698    27.3015 0.0000e+00
