Data/DataNotYetUploadedToEDI/Raw_CTD/RawDownloads/072822_ccr50_S7809001.cnv
* Sea-Bird SBE19plus  Data File:
* FileName = C:\R\Reservoirs\Data\DataNotYetUploadedToEDI\Raw_CTD\RawDownloads\072822_ccr50_S7809_0001.hex
* Software version 2.8.0.119
* Temperature SN = 7809
* Conductivity SN = 7809
* System UpLoad Time = Jul 29 2022 15:39:17
* <ApplicationData>
* <Seaterm232>
# nquan = 15
# nvalues = 2329                        
# units = specified
# name 0 = depFM: Depth [fresh water, m]
# name 1 = dz/dtM: Descent Rate [m/s]
# name 2 = sbeox0Mg/L: Oxygen, SBE 43 [mg/l]
# name 3 = sbeox0PS: Oxygen, SBE 43 [% saturation]
# name 4 = specc: Specific Conductance [uS/cm]
# name 5 = c0uS/cm: Conductivity [uS/cm]
# name 6 = flECO-AFL: Fluorescence, WET Labs ECO-AFL/FL [mg/m^3]
# name 7 = ph: pH
# name 8 = orp: Oxidation Reduction Potential [mV]
# name 9 = par/sat/log: PAR/Logarithmic, Satlantic
# name 10 = turbWETntu0: Turbidity, WET Labs ECO [NTU]
# name 11 = prdM: Pressure, Strain Gauge [db]
# name 12 = prdE: Pressure, Strain Gauge [psi]
# name 13 = tv290C: Temperature [ITS-90, deg C]
# name 14 = flag:  0.000e+00
# span 0 =     -0.484,     17.262       
# span 1 =     -0.252,      0.214       
# span 2 =     3.1568,     9.8354       
# span 3 =     28.788,    115.540       
# span 4 =      3.744,    102.746       
# span 5 =   3.934528,  91.721985       
# span 6 =    -0.1588,     6.6111       
# span 7 =      6.897,      8.435       
# span 8 =   209.3290,   274.4672       
# span 9 = 1.2362e-01, 2.4709e+02       
# span 10 =    -0.3821,    40.3681      
# span 11 =     -0.478,     16.934      
# span 12 =     -0.693,     24.560      
# span 13 =    11.1809,    27.9672      
# span 14 = 0.0000e+00, 0.0000e+00      
# interval = seconds: 0.25
# start_time = Jul 28 2022 06:59:27 [Instrument's time stamp, header]
# bad_flag = -9.990e-29
*END*
[from data line 1832]
      9.260     -0.089     4.5327     41.887    101.970  74.525782     1.3077      7.153   273.9825 2.8215e+00     3.7425      9.079     13.169    11.5146 0.0000e+00
      9.237     -0.088     4.5424     41.902    101.996  74.536537     1.3216      7.154   274.0495 2.8752e+00     3.7040      9.057     13.137    11.5202 0.0000e+00
      9.216     -0.086     4.5542     41.874    101.995  74.533905     1.3366      7.154   274.0614 2.9385e+00     3.6564      9.037     13.107    11.5246 0.0000e+00
      9.195     -0.086     4.5570     41.832    102.014  74.557489     1.3391      7.154   274.0401 3.0190e+00     3.6100      9.017     13.078    11.5396 0.0000e+00
      9.174     -0.089     4.5602     41.788    102.082  74.631099     1.3347      7.155   273.9641 3.0932e+00     3.6212      8.995     13.046    11.5456 0.0000e+00
      9.154     -0.094     4.5659     41.736    102.073  74.661516     1.3256      7.155   274.0028 3.1502e+00     3.6896      8.977     13.020    11.5322 0.0000e+00
      9.132     -0.098     4.5598     41.725    101.957  74.607631     1.3116      7.155   274.0774 3.2316e+00     3.7194      8.958     12.994    11.5340 0.0000e+00
      9.103     -0.098     4.5542     41.780    101.863  74.551433     1.2984      7.155   274.0924 3.3199e+00     3.6749      8.929     12.951    11.5383 0.0000e+00
      9.071     -0.095     4.5506     41.859    101.879  74.553866     1.2913      7.155   274.0970 3.3954e+00     3.6299      8.893     12.899    11.5473 0.0000e+00
      9.042     -0.089     4.5388     41.949    101.940  74.573501     1.2677      7.155   274.1334 3.4619e+00     3.6866      8.863     12.855    11.5722 0.0000e+00
      9.021     -0.082     4.5339     42.050    102.009  74.598208     1.2204      7.156   274.1027 3.5204e+00     3.8142      8.843     12.826    11.5875 0.0000e+00
      9.006     -0.074     4.5432     42.117    102.109  74.661956     1.1940      7.156   273.8975 3.5754e+00     3.9087      8.831     12.808    11.5953 0.0000e+00
      8.993     -0.070     4.5523     42.156    102.133  74.708910     1.1895      7.156   273.8040 3.6102e+00     3.9412      8.820     12.793    11.5899 0.0000e+00
      8.979     -0.072     4.5618     42.189    102.044  74.721205     1.1917      7.156   273.9180 3.6386e+00     3.9347      8.806     12.772    11.5735 0.0000e+00
      8.961     -0.077     4.5789     42.204    101.955  74.747157     1.2877      7.156   273.9858 3.6914e+00     3.8633      8.789     12.747    11.5600 0.0000e+00
      8.939     -0.084     4.5858     42.238    101.897  74.768660     1.4667      7.156   273.9348 3.7694e+00     3.7265      8.769     12.718    11.5498 0.0000e+00
      8.914     -0.089     4.5865     42.309    101.870  74.790661     1.5667      7.157   273.9030 3.8411e+00     3.6472      8.742     12.680    11.5602 0.0000e+00
      8.888     -0.092     4.5886     42.407    101.858  74.822601     1.5899      7.157   273.8604 3.8995e+00     3.6562      8.713     12.638    11.6065 0.0000e+00
      8.864     -0.093     4.5811     42.557    101.823  74.837206     1.6140      7.157   273.8497 3.9586e+00     3.6993      8.692     12.606    11.6620 0.0000e+00
      8.842     -0.092     4.5805     42.712    101.780  74.840236     1.6412      7.157   273.9452 4.0233e+00     3.7248      8.672     12.578    11.6898 0.0000e+00
      8.819     -0.090     4.5898     42.815    101.774  74.859270     1.6526      7.158   273.9822 4.1132e+00     3.6903      8.649     12.544    11.7040 0.0000e+00
      8.796     -0.088     4.5939     42.914    101.774  74.876763     1.6516      7.159   273.8673 4.2096e+00     3.6585      8.625     12.510    11.7263 0.0000e+00
      8.774     -0.087     4.6107     43.029    101.731  74.861152     1.7464      7.159   273.6752 4.2774e+00     3.6478      8.604     12.480    11.7470 0.0000e+00
      8.751     -0.085     4.6310     43.125    101.717  74.861140     1.9339      7.158   273.5524 4.3345e+00     3.6293      8.582     12.447    11.7653 0.0000e+00
      8.728     -0.085     4.6352     43.198    101.717  74.876634     2.0451      7.157   273.5867 4.3977e+00     3.6393      8.558     12.412    11.7759 0.0000e+00
      8.708     -0.087     4.6453     43.263    101.652  74.857892     2.0672      7.156   273.7464 4.4606e+00     3.6663      8.539     12.385    11.7816 0.0000e+00
      8.689     -0.089     4.6593     43.307    101.566  74.825185     2.0519      7.157   273.8483 4.5256e+00     3.6139      8.523     12.361    11.7934 0.0000e+00
      8.668     -0.090     4.6692     43.307    101.502  74.798891     2.0095      7.158   273.9577 4.6042e+00     3.4839      8.502     12.331    11.7951 0.0000e+00
      8.642     -0.089     4.6753     43.291    101.469  74.794142     1.9866      7.158   274.2095 4.7135e+00     3.3926      8.476     12.293    11.7990 0.0000e+00
      8.614     -0.086     4.6811     43.279    101.469  74.831322     1.9837      7.158   274.3112 4.8302e+00     3.3978      8.445     12.249    11.8185 0.0000e+00
      8.590     -0.081     4.6861     43.267    101.443  74.867251     1.9323      7.158   274.1553 4.9061e+00     3.5134      8.421     12.214    11.8355 0.0000e+00
      8.570     -0.073     4.6827     43.236    101.362  74.847402     1.8316      7.158   274.0449 4.9583e+00     3.6624      8.404     12.189    11.8435 0.0000e+00
      8.554     -0.068     4.6797     43.172    101.262  74.781987     1.7821      7.159   274.0094 5.0073e+00     3.6971      8.386     12.163    11.8497 0.0000e+00
      8.541     -0.068     4.6773     43.118    101.149  74.711694     1.7830      7.159   274.0696 5.0348e+00     3.6250      8.373     12.145    11.8651 0.0000e+00
      8.531     -0.071     4.6724     43.135    101.079  74.696399     1.8007      7.159   274.3422 5.0769e+00     3.4736      8.368     12.136    11.9019 0.0000e+00
      8.515     -0.074     4.6680     43.187    101.062  74.724175     1.8467      7.160   274.4672 5.1628e+00     3.2677      8.356     12.119    11.9275 0.0000e+00
      8.490     -0.075     4.6600     43.213    101.037  74.729904     1.8889      7.160   274.2894 5.2597e+00     3.1845      8.328     12.079    11.9189 0.0000e+00
      8.461     -0.075     4.6494     43.201    100.988  74.702164     1.9199      7.160   274.0856 5.3551e+00     3.2197      8.294     12.031    11.9221 0.0000e+00
      8.438     -0.075     4.6515     43.135    100.888  74.642914     2.0638      7.160   273.9818 5.4451e+00     3.1811      8.271     11.996    11.9462 0.0000e+00
      8.424     -0.074     4.6585     43.034    100.747  74.585349     2.3134      7.160   273.8956 5.5071e+00     3.0581      8.259     11.979    11.9708 0.0000e+00
      8.414     -0.073     4.6578     42.945    100.628  74.578023     2.4406      7.160   273.8174 5.5422e+00     2.9631      8.253     11.970    11.9829 0.0000e+00
      8.400     -0.073     4.6593     42.874    100.592  74.617972     2.4537      7.161   273.7240 5.5897e+00     2.9204      8.241     11.953    11.9817 0.0000e+00
      8.379     -0.076     4.6508     42.789    100.583  74.623694     2.4631      7.162   273.6276 5.6851e+00     2.9180      8.219     11.921    11.9841 0.0000e+00
      8.353     -0.081     4.6348     42.662    100.540  74.583689     2.4298      7.162   273.5980 5.7965e+00     3.0020      8.191     11.880    12.0038 0.0000e+00
      8.329     -0.085     4.6204     42.504    100.510  74.579007     2.3589      7.162   273.4518 5.8754e+00     3.1502      8.166     11.843    12.0557 0.0000e+00
      8.308     -0.088     4.6087     42.348    100.447  74.567108     2.3132      7.163   273.1513 5.9462e+00     3.2072      8.148     11.817    12.1017 0.0000e+00
      8.287     -0.092     4.6023     42.185    100.283  74.503393     2.3024      7.163   273.0614 6.0209e+00     3.1448      8.127     11.788    12.0966 0.0000e+00
      8.267     -0.098     4.5896     41.999    100.040  74.444043     2.3366      7.162   273.1394 6.0890e+00     2.9422      8.106     11.757    12.0788 0.0000e+00
      8.245     -0.103     4.5685     41.819     99.780  74.421476     2.4098      7.162   272.9760 6.1911e+00     2.6708      8.089     11.731    12.0958 0.0000e+00
      8.217     -0.106     4.5508     41.685     99.578  74.421334     2.4635      7.163   272.8068 6.3364e+00     2.5957      8.061     11.692    12.1152 0.0000e+00
      8.182     -0.104     4.5335     41.585     99.508  74.442504     2.5034      7.163   272.8139 6.4928e+00     2.6155      8.024     11.639    12.1281 0.0000e+00
      8.146     -0.098     4.5049     41.442     99.579  74.486915     2.6835      7.162   272.8042 6.6307e+00     2.4651      7.985     11.582    12.1925 0.0000e+00
      8.118     -0.091     4.4735     41.190     99.660  74.513550     2.9934      7.162   272.7752 6.7130e+00     2.2120      7.956     11.539    12.2949 0.0000e+00
      8.103     -0.085     4.4504     40.883     99.600  74.510348     3.1543      7.163   272.7217 6.7551e+00     2.0839      7.945     11.523    12.3806 0.0000e+00
      8.093     -0.082     4.4394     40.625     99.416  74.511777     3.1556      7.164   272.5865 6.8179e+00     2.0766      7.939     11.514    12.4191 0.0000e+00
      8.078     -0.084     4.4298     40.436     99.263  74.530999     3.0846      7.165   272.5175 6.9184e+00     2.0212      7.926     11.496    12.4064 0.0000e+00
      8.056     -0.090     4.4040     40.291     99.184  74.552316     2.9529      7.165   272.5764 7.0516e+00     1.9269      7.903     11.463    12.3650 0.0000e+00
      8.027     -0.096     4.3641     40.171     99.142  74.578997     2.8862      7.165   272.5238 7.2063e+00     1.8924      7.872     11.418    12.3741 0.0000e+00
      7.996     -0.098     4.3269     40.054     99.155  74.599526     2.9103      7.165   272.4847 7.3668e+00     1.8779      7.842     11.374    12.4789 0.0000e+00
      7.965     -0.096     4.3007     39.917     99.260  74.609942     3.2028      7.164   272.5335 7.5182e+00     1.8199      7.810     11.328    12.5553 0.0000e+00
      7.940     -0.093     4.2835     39.761     99.395  74.641320     3.7423      7.163   272.5112 7.6188e+00     1.8068      7.783     11.287    12.5763 0.0000e+00
      7.922     -0.091     4.2679     39.630     99.381  74.661141     4.0321      7.164   272.4735 7.6896e+00     1.8556      7.768     11.267    12.6171 0.0000e+00
      7.907     -0.090     4.2546     39.534     99.232  74.659029     4.0523      7.166   272.3350 7.7925e+00     1.8286      7.758     11.252    12.6356 0.0000e+00
      7.887     -0.091     4.2457     39.465     99.097  74.679450     4.0447      7.166   272.1278 7.9406e+00     1.7191      7.738     11.222    12.5840 0.0000e+00
      7.859     -0.095     4.2327     39.462     98.945  74.717576     4.0239      7.166   272.0328 8.1121e+00     1.6251      7.707     11.179    12.5177 0.0000e+00
      7.830     -0.100     4.2153     39.498     98.739  74.738980     4.0082      7.167   272.1324 8.2759e+00     1.5806      7.678     11.136    12.5437 0.0000e+00
      7.803     -0.105     4.2007     39.511     98.554  74.747834     3.9966      7.167   272.2136 8.4405e+00     1.5576      7.653     11.100    12.6225 0.0000e+00
      7.777     -0.106     4.1843     39.509     98.401  74.761258     3.9669      7.167   272.0684 8.6094e+00     1.5513      7.626     11.061    12.6681 0.0000e+00
      7.750     -0.106     4.1782     39.469     98.284  74.774371     3.7822      7.167   271.8404 8.7781e+00     1.5718      7.600     11.023    12.7446 0.0000e+00
      7.725     -0.108     4.1773     39.364     98.324  74.842961     3.4607      7.168   271.6073 8.9495e+00     1.6017      7.576     10.987    12.8574 0.0000e+00
      7.699     -0.109     4.1683     39.232     98.413  74.955252     3.2849      7.169   271.5730 9.1088e+00     1.6397      7.550     10.951    12.9194 0.0000e+00
      7.671     -0.108     4.1648     39.160     98.349  74.988468     3.2709      7.168   271.7695 9.2873e+00     1.6555      7.525     10.913    12.9847 0.0000e+00
      7.639     -0.105     4.1555     39.189     98.404  74.990546     3.3419      7.168   271.8326 9.4823e+00     1.6565      7.492     10.866    13.0575 0.0000e+00
      7.608     -0.102     4.1428     39.245     98.671  75.043874     3.4862      7.168   271.6481 9.6374e+00     1.7540      7.456     10.815    13.0563 0.0000e+00
      7.583     -0.098     4.1254     39.267     98.721  75.061219     3.5676      7.169   271.4308 9.7590e+00     1.8433      7.433     10.781    13.0526 0.0000e+00
      7.564     -0.092     4.1053     39.295     98.546  75.009634     3.5935      7.169   271.2703 9.8870e+00     1.8138      7.419     10.761    13.1529 0.0000e+00
      7.543     -0.086     4.1143     39.368     98.531  74.992119     3.8153      7.170   271.2570 1.0046e+01     1.7397      7.400     10.732    13.1454 0.0000e+00
      7.519     -0.084     4.1390     39.476     98.663  75.040042     4.2102      7.170   271.2690 1.0200e+01     1.6638      7.372     10.692    12.9743 0.0000e+00
      7.498     -0.084     4.1375     39.654     98.645  75.080694     4.4227      7.170   270.9860 1.0313e+01     1.6476      7.350     10.660    12.9866 0.0000e+00
      7.479     -0.087     4.1275     39.892     98.560  75.166020     4.4460      7.171   270.7595 1.0440e+01     1.6462      7.337     10.641    13.0906 0.0000e+00
      7.459     -0.091     4.1416     40.168     98.513  75.309450     4.5500      7.171   270.6823 1.0606e+01     1.6137      7.315     10.611    13.0662 0.0000e+00
      7.435     -0.095     4.1554     40.550     98.278  75.353742     4.7559      7.171   270.4818 1.0760e+01     1.5954      7.290     10.573    12.9928 0.0000e+00
      7.410     -0.099     4.1709     41.010     97.954  75.320595     4.8797      7.171   270.4004 1.0931e+01     1.5961      7.268     10.541    13.0328 0.0000e+00
      7.382     -0.100     4.1910     41.461     97.819  75.353683     4.8904      7.171   270.4726 1.1129e+01     1.5540      7.240     10.499    13.1365 0.0000e+00
      7.352     -0.100     4.2058     41.906     97.824  75.436276     4.7855      7.172   270.4084 1.1297e+01     1.4615      7.207     10.453    13.2018 0.0000e+00
      7.326     -0.100     4.2364     42.350     97.826  75.493319     4.5934      7.173   270.2259 1.1435e+01     1.3668      7.183     10.418    13.3342 0.0000e+00
      7.303     -0.100     4.2773     42.737     97.758  75.535139     4.4904      7.175   270.1596 1.1567e+01     1.3308      7.161     10.385    13.4678 0.0000e+00
      7.281     -0.099     4.3172     43.082     97.582  75.560793     4.4891      7.175   270.2093 1.1718e+01     1.3668      7.140     10.356    13.5194 0.0000e+00
      7.256     -0.096     4.3582     43.424     97.459  75.549553     4.5852      7.175   270.3105 1.1909e+01     1.3930      7.119     10.324    13.5613 0.0000e+00
      7.228     -0.093     4.4077     43.741     97.590  75.526433     4.7538      7.175   270.3512 1.2109e+01     1.4089      7.089     10.281    13.5771 0.0000e+00
      7.201     -0.090     4.4437     44.054     97.815  75.535233     4.8390      7.174   270.2707 1.2255e+01     1.4222      7.058     10.237    13.6059 0.0000e+00
      7.178     -0.089     4.4641     44.378     97.945  75.655743     4.8412      7.174   270.1112 1.2365e+01     1.3831      7.039     10.209    13.7236 0.0000e+00
      7.159     -0.090     4.4948     44.710     97.985  75.903381     4.8297      7.175   269.8854 1.2489e+01     1.3116      7.021     10.183    13.8165 0.0000e+00
      7.142     -0.093     4.5355     45.102     97.790  76.178713     4.7503      7.177   269.7777 1.2624e+01     1.3431      7.005     10.159    13.7052 0.0000e+00
      7.123     -0.098     4.5829     45.619     97.219  76.316598     4.6136      7.178   269.7560 1.2797e+01     1.5246      6.988     10.136    13.5508 0.0000e+00
