Data/DataNotYetUploadedToEDI/Raw_CTD/RawDownloads/072825_fcr20_S7809003.cnv
* Sea-Bird SBE19plus  Data File:
* FileName = C:\R\Reservoirs\Data\DataNotYetUploadedToEDI\Raw_CTD\RawDownloads\072825_fcr50_S7809_0003.hex
* Software version 2.8.0.119
* Temperature SN = 7809
* Conductivity SN = 7809
* System UpLoad Time = Jul 28 2025 17:38:32
* <ApplicationData>
* <Seaterm232>
# nquan = 15
# nvalues = 3528                        
# units = specified
# name 0 = depFM: Depth [fresh water, m]
# name 1 = dz/dtM: Descent Rate [m/s]
# name 2 = sbeox0Mg/L: Oxygen, SBE 43 [mg/l]
# name 3 = sbeox0PS: Oxygen, SBE 43 [% saturation]
# name 4 = specc: Specific Conductance [uS/cm]
# name 5 = c0uS/cm: Conductivity [uS/cm]
# name 6 = flECO-AFL: Fluorescence, WET Labs ECO-AFL/FL [mg/m^3]
# name 7 = ph: pH
# name 8 = orp: Oxidation Reduction Potential [mV]
# name 9 = par/sat/log: PAR/Logarithmic, Satlantic
# name 10 = turbWETntu0: Turbidity, WET Labs ECO [NTU]
# name 11 = prdM: Pressure, Strain Gauge [db]
# name 12 = prdE: Pressure, Strain Gauge [psi]
# name 13 = tv290C: Temperature [ITS-90, deg C]
# name 14 = flag:  0.000e+00
# span 0 =     -0.610,      3.742       
# span 1 =     -4.353,      8.478       
# span 2 =    -0.7803,     8.4728       
# span 3 =     -7.179,    105.509       
# span 4 =      0.700,    192.875       
# span 5 =   0.705081, 152.412145       
# span 6 =    -1.2454,    21.8023       
# span 7 =      7.914,     12.536       
# span 8 =  -959.0794,  1024.6161       
# span 9 = 1.2335e-01, 2.8724e+03       
# span 10 =    -7.0033,   145.2014      
# span 11 =     -0.598,      3.672      
# span 12 =     -0.868,      5.325      
# span 13 =    14.3899,    28.6261      
# span 14 = 0.0000e+00, 0.0000e+00      
# interval = seconds: 0.25
# start_time = Jul 28 2025 13:07:37 [Instrument's time stamp, header]
# bad_flag = -9.990e-29
*END*
[from data line 2988]
     -0.607 7.6245e-19     7.7693     94.568      0.755   0.759437     0.0051     11.621   618.0094 3.2981e+02     3.9246     -0.595     -0.863    25.2962 0.0000e+00
     -0.607 6.9315e-20     7.7684     94.564      0.755   0.759323     0.0067     11.659   622.1395 3.4545e+02     3.8883     -0.595     -0.863    25.2953 0.0000e+00
     -0.607 6.3010e-21     7.7700     94.554      0.755   0.759313     0.0399     11.664   631.8249 3.6264e+02     3.9464     -0.595     -0.863    25.2943 0.0000e+00
     -0.607 5.7285e-22     7.7711     94.556      0.755   0.759313     0.0406     11.633   645.5482 3.7786e+02     3.8759     -0.595     -0.863    25.2939 0.0000e+00
     -0.606 5.2075e-23     7.7721     94.567      0.755   0.759323     0.0080     11.577   658.4049 3.9314e+02     3.6500     -0.594     -0.862    25.2933 0.0000e+00
     -0.606 4.7342e-24     7.7720     94.570      0.755   0.759437     0.0110     11.516   666.2170 4.1124e+02     2.9575     -0.594     -0.862    25.2929 0.0000e+00
     -0.606 4.3038e-25     7.7700     94.562      0.756   0.760682     0.0268     11.475   668.7630 4.3083e+02     1.7889     -0.594     -0.862    25.2932 0.0000e+00
     -0.606 3.9125e-26     7.7705     94.560      0.770   0.774386    -0.0003     11.464   667.9373 4.5012e+02     1.0322     -0.595     -0.863    25.2938 0.0000e+00
     -0.606 3.5569e-27     7.7720     94.563      0.794   0.798456    -0.0254     11.472   665.1808 4.6919e+02     0.8448     -0.594     -0.862    25.2941 0.0000e+00
     -0.606 3.2335e-28     7.7724     94.564      0.794   0.798352    -0.0025     11.490   663.1394 4.9025e+02     0.6504     -0.595     -0.863    25.2945 0.0000e+00
     -0.606 2.9395e-29     7.7706     94.564      0.769   0.773130     0.0359     11.508   667.4317 5.1308e+02     0.3557     -0.594     -0.863    25.2951 0.0000e+00
     -0.606 2.6723e-30     7.7705     94.566      0.743   0.746853     0.0384     11.502   676.4687 5.3146e+02     0.1503     -0.595     -0.862    25.2960 0.0000e+00
     -0.606 2.4294e-31     7.7711     94.564      0.729   0.733987     0.0119     11.481   680.5149 5.4196e+02     0.0122     -0.594     -0.863    25.2974 0.0000e+00
     -0.607 2.2085e-32     7.7706     94.556      0.739   0.744247     0.0147     11.477   681.5939 5.5455e+02    -0.0163     -0.595     -0.862    25.2989 0.0000e+00
     -0.607 2.0078e-33     7.7705     94.560      0.739   0.744236     0.0301     11.485   685.6437 5.8091e+02     0.0447     -0.595     -0.863    25.3004 0.0000e+00
     -0.607 1.8252e-34     7.7703     94.565      0.729   0.733852     0.0071     11.480   686.9768 6.2081e+02    -0.0019     -0.595     -0.863    25.3017 0.0000e+00
     -0.607 1.6593e-35     7.7709     94.557      0.741   0.745368    -0.0049     11.466   683.2577 6.6327e+02     0.0016     -0.595     -0.863    25.3029 0.0000e+00
     -0.607 1.5084e-36     7.7685     94.551      0.752   0.756798     0.0101     11.455   679.5662 6.9324e+02     0.0529     -0.595     -0.863    25.3041 0.0000e+00
     -0.607 1.3713e-37     7.7694     94.553      0.741   0.745377     0.0051     11.446   678.3073 7.0967e+02    -0.0314     -0.594     -0.862    25.3054 0.0000e+00
     -0.607 1.2466e-38     7.7705     94.549      0.730   0.733956    -0.0078     11.437   678.1033 7.2571e+02    -0.0270     -0.595     -0.863    25.3070 0.0000e+00
     -0.607 1.1333e-39     7.7684     94.544      0.741   0.745377     0.0124     11.441   677.3583 7.4690e+02     0.1062     -0.595     -0.863    25.3083 0.0000e+00
     -0.607 1.0303e-40     7.7676     94.555      0.752   0.756799     0.0496     11.459   676.3546 7.6364e+02     0.1107     -0.595     -0.863    25.3097 0.0000e+00
     -0.607 9.3665e-42     7.7683     94.563      0.740   0.745378     0.0431     11.477   675.4312 7.6969e+02    -0.0071     -0.595     -0.863    25.3109 0.0000e+00
     -0.607 8.5150e-43     7.7681     94.555      0.729   0.733955     0.0081     11.493   674.4536 7.7171e+02    -0.0879     -0.595     -0.863    25.3121 0.0000e+00
     -0.607 7.7405e-44     7.7657     94.545      0.741   0.745366     0.0019     11.507   672.8809 7.8036e+02    -0.0124     -0.595     -0.863    25.3133 0.0000e+00
     -0.607 7.0370e-45     7.7680     94.551      0.752   0.756674     0.0255     11.517   669.9229 8.0092e+02     0.1533     -0.595     -0.863    25.3144 0.0000e+00
     -0.607 6.3975e-46     7.7689     94.559      0.739   0.743998     0.0356     11.528   665.6196 8.2542e+02     0.1394     -0.595     -0.863    25.3155 0.0000e+00
     -0.607 5.8156e-47     7.7675     94.553      0.714   0.718776     0.0081     11.546   662.4071 8.4242e+02     0.0252     -0.595     -0.864    25.3165 0.0000e+00
     -0.607 5.2912e-48     7.7656     94.546      0.700   0.705081     0.0004     11.565   662.0554 8.5002e+02     0.0706     -0.595     -0.864    25.3176 0.0000e+00
     -0.607 5.2706e-49     7.7666     94.548      0.700   0.705081     0.0340     11.586   662.4853 8.5423e+02     0.1079     -0.595     -0.863    25.3185 0.0000e+00
     -0.607 5.5434e-49     7.7683     94.558      0.714   0.718786     0.0403     11.615   662.7015 8.6181e+02    -0.0024     -0.595     -0.863    25.3195 0.0000e+00
     -0.607 5.6211e-48     7.7662     94.559      0.739   0.744101     0.0256     11.646   662.7764 8.6640e+02    -0.0339     -0.595     -0.863    25.3205 0.0000e+00
     -0.607 6.1789e-47     7.7662     94.541      0.753   0.757816     0.0393     11.677   662.0989 8.5982e+02     0.0688     -0.594     -0.862    25.3213 0.0000e+00
     -0.607 6.7967e-46     7.7653     94.534      0.753   0.757930     0.0403     11.708   660.9644 8.5447e+02     0.1124     -0.595     -0.863    25.3224 0.0000e+00
     -0.607 7.4764e-45     7.7671     94.550      0.740   0.745482     0.0127     11.732   660.0724 8.6342e+02     0.1179     -0.595     -0.864    25.3234 0.0000e+00
     -0.607 8.2241e-44     7.7677     94.555      0.729   0.733986     0.0137     11.740   659.5726 8.8263e+02     0.1698     -0.595     -0.863    25.3241 0.0000e+00
     -0.607 9.0465e-43     7.7647     94.549      0.741   0.745607     0.0271     11.732   658.9660 9.0194e+02     0.1247     -0.594     -0.862    25.3252 0.0000e+00
     -0.607 9.9511e-42     7.7628     94.554      0.754   0.759312     0.0082     11.712   658.4163 9.1624e+02    -0.0186     -0.595     -0.863    25.3265 0.0000e+00
     -0.607 1.0946e-40     7.7662     94.547      0.768   0.773017    -0.0149     11.686   658.4328 9.2587e+02    -0.0936     -0.595     -0.863    25.3272 0.0000e+00
     -0.607 1.2041e-39     7.7668     94.534      0.779   0.784637    -0.0023     11.666   658.9929 9.3413e+02    -0.0305     -0.595     -0.863    25.3281 0.0000e+00
     -0.607 1.3245e-38     7.7635     94.534      0.768   0.773130     0.0362     11.652   659.6824 9.4495e+02     0.1300     -0.595     -0.864    25.3293 0.0000e+00
     -0.607 1.4569e-37     7.7667     94.539      0.755   0.760567     0.0418     11.636   660.3159 9.5930e+02     0.1386     -0.595     -0.863    25.3305 0.0000e+00
     -0.607 1.6026e-36     7.7648     94.538      0.754   0.759415     0.0072     11.623   660.8888 9.7358e+02    -0.0285     -0.595     -0.864    25.3316 0.0000e+00
     -0.607 1.7629e-35     7.7626     94.533      0.754   0.759198     0.0093     11.619   661.3606 9.8356e+02    -0.0465     -0.596     -0.864    25.3330 0.0000e+00
     -0.607 1.9392e-34     7.7633     94.533      0.753   0.757942     0.0426     11.622   661.8042 9.8997e+02     0.0244     -0.595     -0.864    25.3343 0.0000e+00
     -0.607 2.1331e-33     7.7633     94.541      0.739   0.744237     0.0353     11.633   661.8640 9.9616e+02    -0.0257     -0.595     -0.864    25.3355 0.0000e+00
     -0.607 2.3464e-32     7.7636     94.560      0.715   0.720157     0.0047     11.647   661.5677 1.0051e+03    -0.0033     -0.595     -0.863    25.3370 0.0000e+00
     -0.607 2.5811e-31     7.7620     94.573      0.715   0.720157     0.0050     11.656   661.6623 1.0148e+03     0.1246     -0.595     -0.864    25.3381 0.0000e+00
     -0.607 2.8392e-30     7.7625     94.571      0.739   0.744236     0.0142     11.645   662.2339 1.0181e+03     0.1193     -0.596     -0.864    25.3394 0.0000e+00
     -0.607 3.1231e-29     7.7622     94.570      0.753   0.757931    -0.0015     11.604   663.0594 1.0111e+03     0.0017     -0.595     -0.863    25.3408 0.0000e+00
     -0.607 3.4354e-28     7.7643     94.557      0.754   0.759073     0.0065     11.545   665.1044 9.9262e+02     0.0006     -0.595     -0.863    25.3421 0.0000e+00
     -0.607 3.7789e-27     7.7664     94.539      0.753   0.758044     0.0283     11.496   667.8586 9.6582e+02     0.0378     -0.596     -0.864    25.3432 0.0000e+00
     -0.607 4.1568e-26     7.7637     94.547      0.740   0.745491     0.0119     11.477   668.9133 9.4410e+02    -0.0609     -0.595     -0.863    25.3446 0.0000e+00
     -0.607 4.5725e-25     7.7654     94.562      0.729   0.733976    -0.0086     11.485   669.0805 9.3617e+02    -0.1339     -0.596     -0.864    25.3463 0.0000e+00
     -0.607 5.0298e-24     7.7635     94.555      0.741   0.745492    -0.0112     11.505   666.4390 9.3703e+02    -0.0595     -0.595     -0.863    25.3479 0.0000e+00
     -0.607 5.5327e-23     7.7600     94.548      0.753   0.758056    -0.0108     11.546   655.7315 9.3288e+02     0.0186     -0.595     -0.863    25.3497 0.0000e+00
     -0.607 6.0860e-22     7.7617     94.558      0.754   0.759197    -0.0122     11.620   637.0140 9.2153e+02    -0.0429     -0.596     -0.864    25.3515 0.0000e+00
     -0.607 6.6946e-21     7.7641     94.562      0.754   0.759291    -0.0115     11.709   617.4539 9.1897e+02    -0.1198     -0.595     -0.863    25.3527 0.0000e+00
     -0.607 7.3641e-20     7.7621     94.561      0.754   0.759197     0.0056     11.784   613.0786 9.2968e+02    -0.0577     -0.595     -0.863    25.3542 0.0000e+00
     -0.607 8.1005e-19     7.7601     94.557      0.753   0.758056     0.0371     11.800   643.3073 9.3873e+02     0.0592     -0.595     -0.863    25.3551 0.0000e+00
     -0.607 8.9105e-18     7.7632     94.544      0.740   0.745493     0.0449     11.745   676.9048 9.4191e+02     0.0639     -0.596     -0.864    25.3555 0.0000e+00
     -0.607 9.8016e-17     7.7622     94.528      0.729   0.733977     0.0409     11.687   677.7283 9.4539e+02     0.0332     -0.595     -0.863    25.3560 0.0000e+00
     -0.607 1.0782e-15     7.7624     94.523      0.740   0.745492     0.0563     11.670   666.5990 9.4400e+02     0.0977     -0.595     -0.863    25.3565 0.0000e+00
     -0.607 1.1860e-14     7.7622     94.534      0.753   0.758056     0.0470     11.688   651.7845 9.3865e+02     0.0926     -0.595     -0.863    25.3570 0.0000e+00
     -0.607 1.3046e-13     7.7608     94.547      0.754   0.759199     0.0118     11.722   639.4537 9.3874e+02    -0.0279     -0.595     -0.863    25.3577 0.0000e+00
     -0.607 1.4350e-12     7.7589     94.551      0.754   0.759312     0.0141     11.755   636.3279 9.4100e+02    -0.0281     -0.595     -0.863    25.3586 0.0000e+00
     -0.607 1.5786e-11     7.7580     94.553      0.754   0.759425     0.0495     11.784   635.5859 9.3780e+02     0.0909     -0.594     -0.862    25.3593 0.0000e+00
     -0.607 1.7364e-10     7.7598     94.567      0.755   0.760568     0.0483     11.800   635.9893 9.3140e+02     0.0780     -0.595     -0.863    25.3602 0.0000e+00
     -0.607 1.9101e-09     7.7606     94.567      0.768   0.773132     0.0076     11.810   635.6131 9.2850e+02    -0.0466     -0.595     -0.863    25.3612 0.0000e+00
     -0.607 2.1011e-08     7.7612     94.554      0.779   0.784657    -0.0095     11.820   638.0065 9.2949e+02    -0.0154     -0.595     -0.863    25.3620 0.0000e+00
     -0.607 2.3112e-07     7.7596     94.548      0.767   0.773245     0.0163     11.821   646.5150 9.3653e+02     0.1478     -0.595     -0.863    25.3627 0.0000e+00
     -0.607      0.000     7.7626     94.543      0.756   0.761825     0.0452     11.802   655.9779 9.5427e+02     0.1507     -0.595     -0.863    25.3632 0.0000e+00
     -0.607      0.000     7.7624     94.544      0.768   0.773245     0.0308     11.791   658.2942 9.7540e+02     0.0195     -0.596     -0.864    25.3637 0.0000e+00
     -0.607      0.000     7.7597     94.549      0.779   0.784657     0.0092     11.800   658.1734 9.9191e+02    -0.0037     -0.595     -0.863    25.3641 0.0000e+00
     -0.607      0.003     7.7608     94.544      0.767   0.773132     0.0259     11.774   675.7692 1.0015e+03     0.0755     -0.595     -0.863    25.3644 0.0000e+00
     -0.607      0.037     7.7589     94.534      0.755   0.760568     0.0245     11.672   717.2908 1.0014e+03     0.0882     -0.595     -0.863    25.3651 0.0000e+00
     -0.607      0.409     7.7593     94.528      0.754   0.759426    -0.0071     11.532   751.0908 9.9651e+02     0.0475     -0.595     -0.863    25.3655 0.0000e+00
     -0.607      4.504     7.7604     94.533      0.754   0.759324     0.0009     11.408   777.7984 9.9552e+02     0.0623     -0.595     -0.863    25.3660 0.0000e+00
     -0.607      4.504     7.7597     94.548      0.754   0.759324     0.0216     11.278   819.8635 9.9838e+02     0.0272     -0.595     -0.864    25.3661 0.0000e+00
     -0.607      0.409     7.7585     94.554      0.754   0.759438     0.0016     11.159   830.2753 9.9923e+02    -0.0698     -0.596     -0.863    25.3662 0.0000e+00
     -0.607      0.037     7.7578     94.539      0.755   0.760694     0.0007     11.180   764.8183 9.9554e+02    -0.0172     -0.595     -0.862    25.3665 0.0000e+00
     -0.607      0.003     7.7580     94.531      0.769   0.774512     0.0348     11.427   676.2191 9.8604e+02     0.0822     -0.595     -0.863    25.3667 0.0000e+00
     -0.607      0.000     7.7598     94.551      0.794   0.799836     0.0312     11.742   646.2665 9.6985e+02     0.0048     -0.595     -0.863    25.3671 0.0000e+00
     -0.607      0.000     7.7614     94.562      0.808   0.813541    -0.0009     11.905   663.5352 9.5312e+02    -0.0292     -0.595     -0.863    25.3672 0.0000e+00
     -0.607      0.000     7.7589     94.559      0.808   0.813531    -0.0119     11.928   678.9487 9.4576e+02     0.0467     -0.595     -0.863    25.3674 0.0000e+00
     -0.607 2.3112e-07     7.7563     94.554      0.794   0.799723    -0.0022     11.892   693.4183 9.4815e+02     0.0677     -0.596     -0.864    25.3678 0.0000e+00
     -0.607 2.1011e-08     7.7607     94.542      0.768   0.773266     0.0092     11.798   722.2473 9.4792e+02     0.0532     -0.595     -0.863    25.3684 0.0000e+00
     -0.607 1.9100e-09     7.7611     94.537      0.742   0.746990    -0.0003     11.649   761.0541 9.3735e+02    -0.0257     -0.596     -0.864    25.3689 0.0000e+00
     -0.607 1.7364e-10     7.7595     94.530      0.730   0.735369    -0.0001     11.484   791.6256 9.2450e+02    -0.0316     -0.596     -0.864    25.3695 0.0000e+00
     -0.607 1.5786e-11     7.7608     94.508      0.754   0.759437     0.0284     11.343   806.5796 9.2168e+02     0.0504     -0.596     -0.864    25.3699 0.0000e+00
     -0.607 1.4351e-12     7.7578     94.498      0.779   0.784648     0.0368     11.243   811.8561 9.2802e+02     0.0088     -0.596     -0.864    25.3703 0.0000e+00
     -0.607 1.3046e-13     7.7581     94.518      0.781   0.786836     0.0183     11.174   816.9645 9.3322e+02    -0.0224     -0.596     -0.864    25.3709 0.0000e+00
     -0.607 1.1860e-14     7.7587     94.546      0.780   0.785893     0.0211     11.124   816.0319 9.3618e+02     0.0831     -0.596     -0.864    25.3717 0.0000e+00
     -0.607 1.0782e-15     7.7552     94.555      0.767   0.773244     0.0461     11.108   808.0651 9.3837e+02     0.1230     -0.596     -0.864    25.3725 0.0000e+00
     -0.607 9.8015e-17     7.7534     94.545      0.755   0.760579     0.0374     11.108   808.2276 9.3657e+02     0.0157     -0.596     -0.864    25.3729 0.0000e+00
     -0.607 8.9105e-18     7.7561     94.535      0.754   0.759438     0.0230     11.080   817.2221 9.3340e+02    -0.0185     -0.596     -0.864    25.3732 0.0000e+00
