Data/DataNotYetUploadedToEDI/Raw_CTD/RawDownloads/072825_fcr40_S7809005.cnv
* Sea-Bird SBE19plus  Data File:
* FileName = C:\R\Reservoirs\Data\DataNotYetUploadedToEDI\Raw_CTD\RawDownloads\072825_fcr50_S7809_0005.hex
* Software version 2.8.0.119
* Temperature SN = 7809
* Conductivity SN = 7809
* System UpLoad Time = Jul 28 2025 17:39:47
* <ApplicationData>
* <Seaterm232>
# nquan = 15
# nvalues = 1469                        
# units = specified
# name 0 = depFM: Depth [fresh water, m]
# name 1 = dz/dtM: Descent Rate [m/s]
# name 2 = sbeox0Mg/L: Oxygen, SBE 43 [mg/l]
# name 3 = sbeox0PS: Oxygen, SBE 43 [% saturation]
# name 4 = specc: Specific Conductance [uS/cm]
# name 5 = c0uS/cm: Conductivity [uS/cm]
# name 6 = flECO-AFL: Fluorescence, WET Labs ECO-AFL/FL [mg/m^3]
# name 7 = ph: pH
# name 8 = orp: Oxidation Reduction Potential [mV]
# name 9 = par/sat/log: PAR/Logarithmic, Satlantic
# name 10 = turbWETntu0: Turbidity, WET Labs ECO [NTU]
# name 11 = prdM: Pressure, Strain Gauge [db]
# name 12 = prdE: Pressure, Strain Gauge [psi]
# name 13 = tv290C: Temperature [ITS-90, deg C]
# name 14 = flag:  0.000e+00
# span 0 =     -0.609,      5.633       
# span 1 =     -0.462,      0.137       
# span 2 =     4.8975,     8.7626       
# span 3 =     60.080,    108.245       
# span 4 =      1.465,     54.701       
# span 5 =   1.359897,  42.954705       
# span 6 =    -0.1131,     9.3601       
# span 7 =      7.970,     13.870       
# span 8 =  -501.1014,   388.3045       
# span 9 = 1.5212e-01, 2.9054e+03       
# span 10 =    -2.7502,   931.9531      
# span 11 =     -0.598,      5.524      
# span 12 =     -0.867,      8.012      
# span 13 =    13.3610,    28.5830      
# span 14 = 0.0000e+00, 0.0000e+00      
# interval = seconds: 0.25
# start_time = Jul 28 2025 13:33:18 [Instrument's time stamp, header]
# bad_flag = -9.990e-29
*END*
[from data line 97]
     -0.072      0.000     7.5509     95.108     34.957  36.492957     1.1391      9.567   118.3358 2.5207e+03     7.2606     -0.071     -0.102    27.0204 0.0000e+00
     -0.069     -0.005     7.5478     95.125     34.892  36.398026     1.1184      9.572   118.5815 2.5147e+03     7.2436     -0.065     -0.094    27.0479 0.0000e+00
     -0.070     -0.010     7.5455     95.079     34.880  36.347180     1.1151      9.576   118.8785 2.5041e+03     7.3530     -0.065     -0.095    27.1274 0.0000e+00
     -0.079     -0.011     7.5435     95.006     34.892  36.322285     1.1406      9.583   119.1735 2.4976e+03     7.4909     -0.076     -0.111    27.2108 0.0000e+00
     -0.089     -0.009     7.5509     94.959     34.889  36.287315     1.1687      9.591   119.3945 2.4999e+03     7.4761     -0.090     -0.130    27.2093 0.0000e+00
     -0.095     -0.006     7.5601     94.963     34.869  36.241551     1.1632      9.596   119.4861 2.5109e+03     7.3449     -0.097     -0.140    27.1537 0.0000e+00
     -0.092     -0.001     7.5629     94.984     34.859  36.213070     1.1243      9.601   119.5064 2.5196e+03     7.2708     -0.092     -0.134    27.0965 0.0000e+00
     -0.085      0.003     7.5634     94.995     34.857  36.196728     1.1233      9.605   119.6403 2.5231e+03     7.2979     -0.083     -0.120    27.0394 0.0000e+00
     -0.079      0.005     7.5643     95.007     34.843  36.170838     1.1597      9.609   119.8138 2.5302e+03     7.3306     -0.075     -0.109    26.9937 0.0000e+00
     -0.078      0.004     7.5711     95.005     34.834  36.153818     1.1726      9.613   120.0557 2.5443e+03     7.2567     -0.076     -0.110    26.9586 0.0000e+00
     -0.082      0.001     7.5778     94.998     34.802  36.117840     1.1549      9.615   120.4141 2.5619e+03     7.1551     -0.080     -0.116    26.9328 0.0000e+00
     -0.085     -0.001     7.5794     95.014     34.738  36.053070     1.1370      9.618   120.6191 2.5760e+03     7.1954     -0.083     -0.122    26.9133 0.0000e+00
     -0.085     -0.001     7.5840     95.034     34.689  36.005178     1.1471      9.620   120.7283 2.5826e+03     7.3005     -0.084     -0.121    26.8982 0.0000e+00
     -0.084      0.000     7.5853     95.036     34.664  35.982933     1.1616      9.622   120.9599 2.5854e+03     7.3324     -0.082     -0.119    26.8866 0.0000e+00
     -0.083      0.002     7.5831     95.029     34.650  35.974465     1.1626      9.625   121.2683 2.5876e+03     7.2739     -0.082     -0.118    26.8815 0.0000e+00
     -0.082      0.003     7.5858     95.041     34.635  35.966249     1.1502      9.628   121.5322 2.5915e+03     7.1743     -0.080     -0.116    26.8863 0.0000e+00
     -0.081      0.003     7.5868     95.062     34.610  35.947048     1.1368      9.631   121.7413 2.5973e+03     7.1868     -0.079     -0.115    26.8918 0.0000e+00
     -0.081      0.003     7.5868     95.074     34.588  35.932673     1.1420      9.632   121.9893 2.6012e+03     7.3217     -0.079     -0.115    26.8942 0.0000e+00
     -0.080      0.003     7.5834     95.089     34.567  35.919348     1.1293      9.632   122.2946 2.6041e+03     7.3371     -0.078     -0.114    26.9035 0.0000e+00
     -0.079      0.003     7.5832     95.102     34.553  35.912848     1.1000      9.632   122.4206 2.6037e+03     7.2022     -0.078     -0.113    26.9158 0.0000e+00
     -0.077      0.003     7.5851     95.111     34.554  35.917547     1.0959      9.633   122.3945 2.5823e+03     7.1252     -0.076     -0.111    26.9249 0.0000e+00
     -0.077      0.004     7.5825     95.126     34.548  35.912712     1.1211      9.635   122.5810 2.5133e+03     7.1924     -0.076     -0.110    26.9364 0.0000e+00
     -0.076      0.004     7.5830     95.141     34.549  35.917843     1.1556      9.637   122.7832 2.3795e+03     7.3311     -0.075     -0.109    26.9512 0.0000e+00
     -0.075      0.004     7.5823     95.145     34.539  35.916146     1.1382      9.640   122.6877 2.1822e+03     7.3666     -0.074     -0.107    26.9632 0.0000e+00
     -0.074      0.003     7.5814     95.151     34.501  35.892211     1.0853      9.643   122.5451 1.9507e+03     7.3150     -0.073     -0.105    26.9685 0.0000e+00
     -0.072      0.002     7.5831     95.151     34.476  35.882266     1.0660      9.646   122.4357 1.7334e+03     7.2877     -0.071     -0.102    26.9687 0.0000e+00
     -0.072      0.000     7.5852     95.127     34.434  35.859371     1.0705      9.651   122.2248 1.5536e+03     7.2759     -0.069     -0.100    26.9696 0.0000e+00
     -0.072     -0.002     7.5824     95.111     34.356  35.805764     1.0737      9.656   122.0612 1.4129e+03     7.2408     -0.069     -0.100    26.9823 0.0000e+00
     -0.073     -0.004     7.5793     95.106     34.327  35.805197     1.0707      9.662   122.0058 1.3159e+03     7.1358     -0.071     -0.104    27.0103 0.0000e+00
     -0.075     -0.005     7.5784     95.116     34.423  35.916008     1.0932      9.669   122.0713 1.2500e+03     7.1348     -0.074     -0.107    27.0328 0.0000e+00
     -0.077     -0.005     7.5697     95.168     34.607  36.066958     1.1201      9.677   122.2506 1.1637e+03     7.2623     -0.076     -0.110    27.0592 0.0000e+00
     -0.079     -0.002     7.5636     95.220     34.736  36.107486     1.1216      9.688   122.3676 9.5218e+02     7.3115     -0.078     -0.114    27.1035 0.0000e+00
     -0.080      0.003     7.5575     95.244     34.761  36.025183     1.1119      9.699   122.5390 7.0754e+02     7.2513     -0.079     -0.113    27.1508 0.0000e+00
     -0.080      0.007     7.5497     95.239     34.782  35.959955     1.0779      9.710   123.4634 6.6044e+02     7.1832     -0.080     -0.115    27.1908 0.0000e+00
     -0.078      0.009     7.5642     95.209     34.890  36.016634     1.0507      9.720   124.3377 7.6921e+02     7.2397     -0.079     -0.115    27.1382 0.0000e+00
     -0.072      0.009     7.5914     95.177     35.139  36.266240     1.0662      9.729   123.7320 8.6510e+02     7.3528     -0.069     -0.100    26.9710 0.0000e+00
     -0.065      0.007     7.6163     95.164     35.431  36.630262     1.1074      9.735   122.9375 8.1399e+02     7.3903     -0.062     -0.090    26.7984 0.0000e+00
     -0.063      0.004     7.6340     95.160     35.475  36.801399     1.1321      9.740   122.9049 6.5740e+02     7.3164     -0.062     -0.090    26.6722 0.0000e+00
     -0.064      0.001     7.6419     95.158     35.157  36.622461     1.1238      9.744   123.0795 5.8378e+02     7.1771     -0.061     -0.089    26.5862 0.0000e+00
     -0.068     -0.001     7.6426     95.182     34.718  36.307054     1.1160      9.747   123.3280 6.1813e+02     7.1750     -0.067     -0.096    26.5600 0.0000e+00
     -0.072     -0.001     7.6298     95.234     34.420  36.097159     1.1370      9.750   123.4132 7.0755e+02     7.3252     -0.071     -0.103    26.6462 0.0000e+00
     -0.072      0.000     7.6021     95.281     34.357  36.051746     1.1697      9.753   123.3359 8.2199e+02     7.4220     -0.071     -0.103    26.8544 0.0000e+00
     -0.069      0.003     7.5687     95.308     34.490  36.138705     1.1622      9.758   123.3390 9.0988e+02     7.3545     -0.068     -0.098    27.0862 0.0000e+00
     -0.067      0.006     7.5422     95.326     34.672  36.260183     1.1213      9.761   123.4514 9.3916e+02     7.1927     -0.065     -0.094    27.2948 0.0000e+00
     -0.065      0.008     7.5233     95.334     34.769  36.314870     1.1159      9.764   123.5761 9.2456e+02     7.1732     -0.063     -0.092    27.4799 0.0000e+00
     -0.062      0.008     7.5236     95.340     34.769  36.292247     1.1387      9.767   123.6420 8.8808e+02     7.2894     -0.061     -0.088    27.5075 0.0000e+00
     -0.060      0.007     7.5412     95.363     34.727  36.240416     1.1303      9.770   123.7330 8.4030e+02     7.2653     -0.059     -0.085    27.3852 0.0000e+00
     -0.059      0.007     7.5590     95.387     34.687  36.195780     1.1063      9.772   123.9019 7.9539e+02     7.1549     -0.058     -0.084    27.2685 0.0000e+00
     -0.058      0.007     7.5683     95.402     34.629  36.133248     1.0979      9.773   124.1357 7.7280e+02     7.1848     -0.057     -0.082    27.2025 0.0000e+00
     -0.056      0.007     7.5711     95.426     34.556  36.055394     1.1122      9.774   124.4078 7.7875e+02     7.3197     -0.055     -0.080    27.1762 0.0000e+00
     -0.054      0.007     7.5748     95.457     34.519  36.015844     1.1373      9.776   124.5252 7.9813e+02     7.4193     -0.053     -0.077    27.1701 0.0000e+00
     -0.052      0.006     7.5776     95.482     34.474  35.972286     1.1345      9.778   124.5224 7.8035e+02     7.3643     -0.051     -0.074    27.1687 0.0000e+00
     -0.049      0.003     7.5778     95.502     34.409  35.909443     1.1119      9.778   124.6316 7.1785e+02     7.2358     -0.048     -0.069    27.1661 0.0000e+00
     -0.048     -0.002     7.5802     95.499     34.393  35.890518     1.1137      9.779   124.7267 7.0150e+02     7.2656     -0.046     -0.067    27.1625 0.0000e+00
     -0.049     -0.006     7.5842     95.474     34.447  35.933811     1.1570      9.780   124.8118 7.4516e+02     7.3830     -0.047     -0.068    27.1602 0.0000e+00
     -0.051     -0.008     7.5845     95.440     34.514  35.988724     1.2030      9.782   125.0589 7.7286e+02     7.3569     -0.050     -0.072    27.1649 0.0000e+00
     -0.056     -0.008     7.5859     95.405     34.520  35.983398     1.2028      9.783   125.3050 7.6343e+02     7.2581     -0.055     -0.080    27.1769 0.0000e+00
     -0.061     -0.007     7.5852     95.381     34.478  35.932848     1.1886      9.785   125.3781 7.3986e+02     7.2474     -0.061     -0.088    27.1772 0.0000e+00
     -0.063     -0.005     7.5858     95.369     34.434  35.885117     1.1893      9.786   125.3404 7.2098e+02     7.2962     -0.063     -0.092    27.1536 0.0000e+00
     -0.061     -0.002     7.5870     95.364     34.406  35.850432     1.1855      9.789   125.3654 7.1574e+02     7.3355     -0.060     -0.087    27.1263 0.0000e+00
     -0.060      0.001     7.5853     95.359     34.408  35.830703     1.1927      9.791   125.5088 7.2408e+02     7.3123     -0.058     -0.085    27.1118 0.0000e+00
     -0.060      0.003     7.5855     95.356     34.447  35.836890     1.1940      9.793   125.6977 7.3625e+02     7.2892     -0.059     -0.085    27.1003 0.0000e+00
     -0.060      0.004     7.5841     95.366     34.497  35.861730     1.1849      9.796   125.8432 7.4215e+02     7.3976     -0.059     -0.086    27.1000 0.0000e+00
     -0.059      0.004     7.5840     95.376     34.524  35.877208     1.1987      9.799   125.8912 7.3830e+02     7.5644     -0.059     -0.086    27.1049 0.0000e+00
     -0.058      0.004     7.5883     95.398     34.547  35.897109     1.2024      9.800   125.8473 7.2696e+02     7.6321     -0.056     -0.083    27.0687 0.0000e+00
     -0.056      0.004     7.5957     95.432     34.559  35.912009     1.1801      9.800   125.9157 7.1666e+02     7.4988     -0.054     -0.078    27.0050 0.0000e+00
     -0.054      0.003     7.6035     95.448     34.513  35.867023     1.1621      9.802   126.2010 7.1592e+02     7.2506     -0.053     -0.076    26.9639 0.0000e+00
     -0.054      0.003     7.6056     95.446     34.449  35.797327     1.1762      9.803   126.3713 7.2275e+02     7.1928     -0.053     -0.077    26.9479 0.0000e+00
     -0.054      0.002     7.6071     95.449     34.433  35.767251     1.2088      9.804   126.3404 7.2892e+02     7.3122     -0.054     -0.078    26.9446 0.0000e+00
     -0.054      0.001     7.6111     95.461     34.442  35.757155     1.2073      9.805   126.3438 7.3088e+02     7.3619     -0.053     -0.077    26.9510 0.0000e+00
     -0.054      0.001     7.6106     95.477     34.442  35.738678     1.1656      9.808   126.4983 7.3036e+02     7.2811     -0.053     -0.077    26.9600 0.0000e+00
     -0.054      0.002     7.6099     95.488     34.448  35.734161     1.1202      9.810   126.6598 7.2956e+02     7.1559     -0.052     -0.076    26.9569 0.0000e+00
     -0.054      0.003     7.6134     95.478     34.483  35.765961     1.1168      9.812   126.6622 7.2869e+02     7.1809     -0.053     -0.076    26.9340 0.0000e+00
     -0.053      0.004     7.6193     95.473     34.519  35.805925     1.1490      9.813   126.6132 7.2850e+02     7.3433     -0.052     -0.075    26.9006 0.0000e+00
     -0.051      0.005     7.6240     95.488     34.544  35.836680     1.1605      9.814   126.6686 7.2037e+02     7.3774     -0.050     -0.072    26.8720 0.0000e+00
     -0.049      0.005     7.6291     95.500     34.583  35.884027     1.1562      9.816   126.8162 6.7842e+02     7.2520     -0.048     -0.070    26.8556 0.0000e+00
     -0.048      0.006     7.6270     95.517     34.620  35.934258     1.1548      9.819   126.8501 6.1243e+02     7.1594     -0.047     -0.068    26.8513 0.0000e+00
     -0.046      0.007     7.6250     95.533     34.657  35.999898     1.1696      9.822   126.6479 5.6485e+02     7.2142     -0.044     -0.065    26.8553 0.0000e+00
     -0.044      0.008     7.6276     95.533     34.771  36.170121     1.2176      9.824   126.3503 5.3722e+02     7.2642     -0.043     -0.063    26.8642 0.0000e+00
     -0.043      0.009     7.6253     95.531     35.043  36.533141     1.2446      9.827   126.0912 5.1688e+02     7.1495     -0.044     -0.063    26.8733 0.0000e+00
     -0.041      0.010     7.6260     95.544     35.415  37.026388     1.2295      9.830   125.8377 5.0376e+02     7.0920     -0.041     -0.059    26.8839 0.0000e+00
     -0.037      0.013     7.6232     95.527     35.386  37.121396     1.2190      9.833   125.6085 4.8926e+02     7.1496     -0.036     -0.053    26.9164 0.0000e+00
     -0.033      0.016     7.6132     95.460     34.813  36.666814     1.2338      9.836   125.4713 4.7233e+02     7.1974     -0.031     -0.047    26.9899 0.0000e+00
     -0.030      0.020     7.5955     95.445     34.387  36.352650     1.2582      9.838   125.3828 4.5901e+02     7.2254     -0.029     -0.043    27.1069 0.0000e+00
     -0.026      0.023     7.5770     95.504     34.334  36.368779     1.2470      9.841   125.3130 4.4708e+02     7.1805     -0.029     -0.041    27.2616 0.0000e+00
     -0.019      0.025     7.5560     95.587     34.370  36.417799     1.2153      9.845   125.3159 4.3648e+02     7.2012     -0.020     -0.028    27.4314 0.0000e+00
     -0.010      0.026     7.5138     95.680     34.402  36.437745     1.2164      9.850   125.3324 4.2790e+02     7.3396     -0.009     -0.013    27.6568 0.0000e+00
     -0.003      0.027     7.4811     95.775     34.401  36.419571     1.2436      9.855   125.1674 4.2106e+02     7.3843     -0.003     -0.004    27.8968 0.0000e+00
      0.004      0.029     7.4762     95.882     34.387  36.388376     1.2609      9.859   124.7832 4.1974e+02     7.2637      0.005      0.006    27.9925 0.0000e+00
      0.010      0.029     7.4829     95.981     34.389  36.377797     1.2507      9.863   124.4728 4.1877e+02     7.1111      0.010      0.015    27.9805 0.0000e+00
      0.016      0.029     7.4955     96.043     34.374  36.355084     1.2449      9.865   124.3399 4.1804e+02     7.1445      0.014      0.021    27.9524 0.0000e+00
      0.024      0.031     7.5051     96.099     34.385  36.367545     1.2662      9.869   124.1235 4.1451e+02     7.3263      0.023      0.034    27.9247 0.0000e+00
      0.033      0.036     7.5170     96.172     34.410  36.401564     1.2841      9.874   123.8348 4.0222e+02     7.4302      0.033      0.048    27.9043 0.0000e+00
      0.042      0.044     7.5298     96.252     34.317  36.322261     1.2786      9.877   123.7746 3.9445e+02     7.3757      0.041      0.059    27.8809 0.0000e+00
      0.051      0.051     7.5341     96.358     34.208  36.233584     1.2570      9.879   123.9115 3.8831e+02     7.2145      0.050      0.072    27.8703 0.0000e+00
