Data/DataNotYetUploadedToEDI/Raw_CTD/RawDownloads/072825_fcr10_S7809002.cnv
* Sea-Bird SBE19plus  Data File:
* FileName = C:\R\Reservoirs\Data\DataNotYetUploadedToEDI\Raw_CTD\RawDownloads\072825_fcr50_S7809_0002.hex
* Software version 2.8.0.119
* Temperature SN = 7809
* Conductivity SN = 7809
* System UpLoad Time = Jul 28 2025 17:37:04
* <ApplicationData>
* <Seaterm232>
# nquan = 15
# nvalues = 753                         
# units = specified
# name 0 = depFM: Depth [fresh water, m]
# name 1 = dz/dtM: Descent Rate [m/s]
# name 2 = sbeox0Mg/L: Oxygen, SBE 43 [mg/l]
# name 3 = sbeox0PS: Oxygen, SBE 43 [% saturation]
# name 4 = specc: Specific Conductance [uS/cm]
# name 5 = c0uS/cm: Conductivity [uS/cm]
# name 6 = flECO-AFL: Fluorescence, WET Labs ECO-AFL/FL [mg/m^3]
# name 7 = ph: pH
# name 8 = orp: Oxidation Reduction Potential [mV]
# name 9 = par/sat/log: PAR/Logarithmic, Satlantic
# name 10 = turbWETntu0: Turbidity, WET Labs ECO [NTU]
# name 11 = prdM: Pressure, Strain Gauge [db]
# name 12 = prdE: Pressure, Strain Gauge [psi]
# name 13 = tv290C: Temperature [ITS-90, deg C]
# name 14 = flag:  0.000e+00
# span 0 =     -0.618,      2.640       
# span 1 =     -0.418,      0.307       
# span 2 =     4.9875,     8.9098       
# span 3 =     61.792,    108.853       
# span 4 =      1.061,     53.173       
# span 5 =   1.237876,  56.599427       
# span 6 =    -0.5930,    58.4878       
# span 7 =     -1.841,      9.042       
# span 8 = -1240.7455,   182.5412       
# span 9 = 1.9939e+01, 3.0729e+03       
# span 10 =    -0.2415,   131.8581      
# span 11 =     -0.607,      2.589      
# span 12 =     -0.881,      3.754      
# span 13 =    25.4628,    33.3212      
# span 14 = 0.0000e+00, 0.0000e+00      
# interval = seconds: 0.25
# start_time = Jul 28 2025 12:57:19 [Instrument's time stamp, header]
# bad_flag = -9.990e-29
*END*
[from data line 579]
      2.039      0.060     7.9334    102.814     42.298  43.565780     0.8684      8.486   -13.8361 3.8586e+01   119.4121      1.998      2.897    26.4530 0.0000e+00
      2.057      0.068     8.1216    101.849     41.876  43.118020     0.8874      8.485   -13.7850 3.7675e+01   118.0796      2.018      2.927    26.4892 0.0000e+00
      2.077      0.071     8.2409    100.349     42.276  43.516407     0.8635      8.484   -14.2723 3.6805e+01   117.6945      2.037      2.954    26.5084 0.0000e+00
      2.099      0.069     8.2987     98.759     43.121  44.383679     0.9368      8.482   -14.8243 3.5656e+01   116.4295      2.056      2.981    26.4958 0.0000e+00
      2.124      0.061     8.2924     97.449     42.709  43.956078     1.1077      8.482   -15.2098 3.4628e+01   114.2962      2.086      3.025    26.4977 0.0000e+00
      2.143      0.041     8.2069     96.744     41.522  42.726124     1.1992      8.482   -15.4060 3.4185e+01   113.1472      2.107      3.055    26.4791 0.0000e+00
      2.151     -0.003     8.0746     96.783     40.999  42.206944     1.1853      8.483   -15.3900 3.4021e+01   112.9560      2.110      3.060    26.4510 0.0000e+00
      2.153     -0.083     7.9388     97.461     41.590  42.883334     1.1238      8.490   -15.3606 3.3876e+01   112.9411      2.111      3.061    26.4603 0.0000e+00
      2.152     -0.190     7.8199     98.438     42.153  43.541774     1.0703      8.505   -15.3086 3.4312e+01   113.2749      2.116      3.069    26.4623 0.0000e+00
      2.124     -0.296     7.7652     99.287     41.898  43.313336     1.0802      8.524   -14.5894 3.7065e+01   113.5758      2.110      3.062    26.4315 0.0000e+00
      2.028     -0.373     7.7691     99.780     41.646  43.041163     1.1022      8.538   -12.6875 4.2900e+01   113.3347      2.020      2.930    26.4394 0.0000e+00
      1.861     -0.403     7.8207    100.013     41.352  42.726420     1.1361      8.543   -10.1239 4.9809e+01   110.0175      1.828      2.652    26.5372 0.0000e+00
      1.679     -0.384     7.8945    100.111     40.863  42.236949     1.2076      8.543    -8.1989 5.5515e+01   103.9717      1.628      2.362    26.6678 0.0000e+00
      1.545     -0.319     7.9646    100.042     41.026  42.454487     1.2667      8.540    -7.1367 5.8710e+01   100.7666      1.485      2.154    26.7109 0.0000e+00
      1.486     -0.224     8.0056     99.720     41.560  43.071820     1.3021      8.535    -6.0572 5.9180e+01   100.4711      1.432      2.077    26.6602 0.0000e+00
      1.489     -0.124     8.0200     98.932     41.547  43.100286     1.3438      8.531    -4.3538 5.8446e+01    98.5202      1.455      2.111    26.6461 0.0000e+00
      1.512     -0.044     8.0315     97.566     41.376  42.925700     1.3792      8.529    -2.1135 5.8163e+01    94.8040      1.489      2.160    26.6587 0.0000e+00
      1.525      0.003     8.0147     95.786     41.582  43.118936     1.3729      8.528     0.4664 5.8563e+01    92.6708      1.502      2.178    26.7222 0.0000e+00
      1.520      0.020     7.9831     93.721     41.637  43.151685     1.3847      8.527     3.4370 5.8993e+01    92.4722      1.492      2.164    26.8281 0.0000e+00
      1.511      0.021     7.9185     91.456     41.396  42.877336     1.4472      8.527     6.6155 5.8620e+01    93.0855      1.477      2.143    26.8808 0.0000e+00
      1.511      0.021     7.8000     89.286     41.520  42.975334     1.4868      8.527     9.7303 5.6305e+01    94.1429      1.477      2.142    26.8786 0.0000e+00
      1.524      0.023     7.6601     87.486     41.943  43.384429     1.4731      8.525    12.8768 5.2671e+01    94.5989      1.495      2.167    26.8388 0.0000e+00
      1.540      0.026     7.5005     86.018     41.898  43.317138     1.4396      8.525    16.3527 5.0214e+01    94.4664      1.512      2.193    26.8118 0.0000e+00
      1.552      0.026     7.3122     85.001     41.655  43.050303     1.4466      8.524    20.0082 4.9781e+01    94.3161      1.524      2.211    26.7881 0.0000e+00
      1.557      0.024     7.1311     84.786     41.867  43.268234     1.5170      8.522    23.3481 5.0410e+01    92.9522      1.530      2.219    26.7443 0.0000e+00
      1.556      0.020     6.9995     85.245     42.059  43.476724     1.5914      8.521    26.1903 5.1023e+01    90.3072      1.526      2.213    26.7084 0.0000e+00
      1.556      0.019     6.8844     85.839     42.056  43.476600     1.6064      8.519    28.4760 5.1305e+01    88.7410      1.524      2.210    26.6865 0.0000e+00
      1.559      0.022     6.7846     86.212     42.358  43.774519     1.5815      8.514    30.3346 5.1247e+01    88.3971      1.527      2.215    26.6615 0.0000e+00
      1.567      0.027     6.7744     86.212     42.631  44.032077     1.6067      8.506    32.0569 5.0744e+01    88.1306      1.537      2.228    26.6581 0.0000e+00
      1.578      0.029     6.8298     85.772     42.307  43.670887     1.6867      8.496    33.5545 4.9993e+01    87.8407      1.548      2.246    26.6844 0.0000e+00
      1.589      0.020     6.8843     84.976     41.638  42.961853     1.7323      8.486    34.8490 4.9096e+01    87.6257      1.557      2.260    26.6901 0.0000e+00
      1.599     -0.015     6.9195     84.431     41.295  42.631541     1.7172      8.478    36.2650 4.8133e+01    86.9308      1.569      2.276    26.6707 0.0000e+00
      1.604     -0.090     6.9271     85.447     41.545  42.977661     1.7454      8.473    37.8555 4.7317e+01    80.3963      1.575      2.285    26.6366 0.0000e+00
      1.603     -0.198     6.8933     88.502     41.795  43.338642     1.8810      8.469    39.3660 4.7022e+01    68.7374      1.576      2.286    26.6070 0.0000e+00
      1.576     -0.308     6.8260     92.225     41.721  43.314985     1.9926      8.465    40.6768 4.8573e+01    62.4824      1.574      2.283    26.5672 0.0000e+00
      1.479     -0.389     6.7307     95.100     41.619  43.199497     2.0296      8.459    42.0892 5.3787e+01    61.3696      1.487      2.156    26.5713 0.0000e+00
      1.302     -0.418     6.7643     96.675     41.424  42.957824     2.1109      8.450    43.5372 6.1333e+01    54.4962      1.283      1.861    26.7101 0.0000e+00
      1.106     -0.390     7.0530     97.243     41.233  42.741299     2.2352      8.442    44.4182 6.6774e+01    41.9231      1.064      1.542    26.8681 0.0000e+00
      0.963     -0.314     7.3896     97.524     41.320  42.866434     2.3089      8.436    44.9114 6.7402e+01    35.0893      0.908      1.317    26.9339 0.0000e+00
      0.909     -0.204     7.6289     98.168     41.460  43.074522     2.3366      8.431    45.3707 6.4491e+01    34.4162      0.863      1.252    26.9088 0.0000e+00
      0.928     -0.089     7.7553     98.843     41.377  43.035894     2.3790      8.427    45.7553 6.1318e+01    32.1793      0.904      1.311    26.8346 0.0000e+00
      0.969     -0.002     7.7873     98.861     41.235  42.907229     2.4384      8.424    46.2073 5.9179e+01    27.9240      0.957      1.388    26.7916 0.0000e+00
      0.998      0.042     7.7702     98.346     41.240  42.915247     2.4464      8.422    46.6198 5.7478e+01    25.4940      0.987      1.431    26.8513 0.0000e+00
      1.006      0.046     7.8209     97.505     41.270  42.942426     2.4348      8.421    46.8708 5.5903e+01    25.2755      0.990      1.436    26.9524 0.0000e+00
      1.003      0.018     7.9059     96.351     41.307  42.981954     2.4402      8.420    47.0902 5.4918e+01    25.4869      0.983      1.426    27.0107 0.0000e+00
      1.002     -0.039     7.8827     95.286     41.366  43.075814     2.4036      8.420    47.3800 5.4848e+01    27.4344      0.980      1.422    27.0306 0.0000e+00
      1.006     -0.126     7.8376     94.716     41.474  43.252206     2.3334      8.424    47.7068 5.5267e+01    30.9917      0.986      1.431    27.0238 0.0000e+00
      1.005     -0.224     7.7803     94.578     41.694  43.527997     2.2738      8.431    48.2024 5.6949e+01    32.8698      0.996      1.444    27.0213 0.0000e+00
      0.964     -0.308     7.6733     94.823     41.723  43.554210     2.2645      8.441    49.4145 6.0882e+01    32.7895      0.980      1.421    27.0065 0.0000e+00
      0.841     -0.358     7.5669     95.478     41.714  43.505677     2.2800      8.451    51.2637 6.6122e+01    29.6105      0.854      1.239    27.0353 0.0000e+00
      0.659     -0.364     7.5155     96.058     41.859  43.639311     2.2695      8.459    52.9229 7.0565e+01    23.5374      0.631      0.916    27.1491 0.0000e+00
      0.500     -0.324     7.4994     96.040     41.833  43.646581     2.2460      8.464    54.3320 7.2920e+01    20.0951      0.457      0.664    27.2178 0.0000e+00
      0.419     -0.245     7.5071     95.540     41.736  43.593653     2.2200      8.466    55.8255 7.3991e+01    19.5870      0.387      0.561    27.2089 0.0000e+00
      0.405     -0.144     7.5914     94.930     41.683  43.570709     2.2218      8.466    57.2152 7.4004e+01    18.9316      0.387      0.562    27.1298 0.0000e+00
      0.425     -0.048     7.6646     94.258     41.593  43.496168     2.2516      8.465    58.4009 7.2862e+01    17.9092      0.415      0.603    27.0844 0.0000e+00
      0.449      0.017     7.6451     93.549     41.545  43.454085     2.2641      8.463    59.3203 7.2071e+01    17.3358      0.446      0.646    27.1625 0.0000e+00
      0.461      0.049     7.5787     92.987     41.594  43.506204     2.2477      8.458    59.9858 7.2605e+01    17.1228      0.458      0.664    27.2283 0.0000e+00
      0.463      0.056     7.5296     92.502     41.640  43.555074     2.2276      8.452    60.6823 7.4416e+01    15.9501      0.451      0.655    27.2624 0.0000e+00
      0.470      0.047     7.4763     91.901     41.677  43.600659     2.2536      8.447    61.3758 7.6326e+01    14.0526      0.454      0.659    27.2884 0.0000e+00
      0.491      0.020     7.4050     91.066     41.861  43.803488     2.2971      8.446    61.7451 7.6878e+01    13.1727      0.477      0.692    27.2927 0.0000e+00
      0.517     -0.033     7.3681     89.999     41.954  43.912853     2.3040      8.450    61.7058 7.6285e+01    13.1683      0.512      0.743    27.2934 0.0000e+00
      0.531     -0.109     7.3352     88.788     41.756  43.717001     2.2533      8.460    61.5897 7.6070e+01    13.4197      0.532      0.770    27.2905 0.0000e+00
      0.512     -0.190     7.2896     87.458     41.571  43.530118     2.1513      8.473    61.8897 7.7744e+01    13.9572      0.522      0.757    27.2984 0.0000e+00
      0.440     -0.253     7.2230     86.150     41.718  43.684426     2.1027      8.489    62.8373 8.0790e+01    14.3381      0.455      0.660    27.3149 0.0000e+00
      0.318     -0.278     7.1296     85.160     42.374  44.376713     2.1146      8.503    64.2718 8.9223e+01    14.4729      0.316      0.458    27.3276 0.0000e+00
      0.185     -0.258     7.0361     84.839     43.040  45.108633     2.1026      8.513    65.8117 1.0487e+02    14.2893      0.165      0.239    27.3438 0.0000e+00
      0.094     -0.202     6.9237     85.285     42.857  44.980400     2.0415      8.519    67.0018 1.1736e+02    12.1515      0.068      0.099    27.3522 0.0000e+00
      0.064     -0.122     6.8130     86.236     42.205  44.349820     1.9504      8.524    67.6481 1.2396e+02     8.4031      0.046      0.066    27.3524 0.0000e+00
      0.079     -0.042     6.7240     87.389     42.050  44.212945     1.8993      8.527    68.0333 1.2988e+02     6.4413      0.073      0.105    27.3422 0.0000e+00
      0.113      0.017     6.6880     88.297     42.350  44.531579     1.8985      8.527    68.6474 1.3113e+02     6.4668      0.115      0.167    27.3748 0.0000e+00
      0.139      0.044     6.7258     88.531     42.465  44.647774     1.9491      8.526    69.4813 1.2277e+02     7.7559      0.142      0.207    27.4809 0.0000e+00
      0.150      0.044     6.7952     88.082     42.244  44.411793     2.0287      8.525    70.2855 1.0974e+02     9.9015      0.150      0.216    27.5505 0.0000e+00
      0.151      0.030     6.8975     87.239     42.121  44.280855     2.0457      8.524    71.1444 9.9322e+01    10.9225      0.149      0.217    27.5723 0.0000e+00
      0.151      0.015     6.9862     86.249     42.297  44.461077     2.0297      8.526    72.0366 9.3529e+01    10.9798      0.146      0.212    27.5745 0.0000e+00
      0.151      0.007     7.0034     85.183     42.457  44.623095     2.0511      8.529    72.8995 9.1656e+01    11.4141      0.147      0.214    27.5593 0.0000e+00
      0.153      0.006     6.9582     84.087     42.433  44.589429     2.0796      8.532    73.6623 9.3009e+01    12.1772      0.151      0.219    27.5598 0.0000e+00
      0.154      0.009     6.8833     83.091     42.355  44.498347     2.0662      8.535    74.2035 9.7228e+01    12.5209      0.152      0.221    27.5604 0.0000e+00
      0.155      0.013     6.8064     82.273     42.280  44.410479     2.0302      8.537    74.7109 1.0342e+02    12.4274      0.151      0.220    27.5523 0.0000e+00
      0.158      0.016     6.7228     81.584     42.171  44.288717     2.0280      8.537    75.3232 1.0937e+02    12.4803      0.154      0.222    27.5455 0.0000e+00
      0.165      0.017     6.6325     81.007     42.062  44.168681     2.0727      8.537    75.9288 1.1054e+02    12.7848      0.161      0.234    27.5357 0.0000e+00
      0.173      0.015     6.5519     80.605     42.185  44.292094     2.1217      8.537    76.4402 1.0379e+02    13.0349      0.171      0.248    27.5236 0.0000e+00
      0.180      0.006     6.4923     80.392     42.881  45.019164     2.1206      8.534    76.8607 9.2344e+01    12.9762      0.177      0.257    27.5124 0.0000e+00
      0.182     -0.021     6.4394     80.242     43.481  45.659663     2.0511      8.533    77.3141 8.1232e+01    12.2804      0.179      0.260    27.5047 0.0000e+00
      0.182     -0.071     6.3915     80.105     43.116  45.307643     1.9546      8.536    77.6192 7.2516e+01    11.1808      0.179      0.259    27.4973 0.0000e+00
      0.177     -0.131     6.3596     80.364     42.926  45.143042     1.9197      8.544    77.6244 6.8474e+01    10.6463      0.180      0.261    27.4913 0.0000e+00
      0.152     -0.190     6.3472     81.476     44.401  46.716519     1.9452      8.556    77.6343 8.2514e+01    10.6679      0.168      0.243    27.4831 0.0000e+00
      0.082     -0.242     6.3427     83.496     46.026  48.461453     1.9316      8.569    77.8256 1.3466e+02    10.5536      0.098      0.143    27.4849 0.0000e+00
     -0.023     -0.286     6.3121     86.371     46.081  48.592263     1.7964      8.579    78.8186 2.1152e+02     9.6065     -0.028     -0.040    27.5323 0.0000e+00
     -0.121     -0.316     6.3070     90.034     47.096  49.758977     1.5994      8.586    86.0271 2.7192e+02     8.0635     -0.132     -0.192    27.5885 0.0000e+00
     -0.196     -0.329     6.3982     93.614     50.558  53.551342     1.5149      8.586    96.5811 3.1657e+02     7.3030     -0.189     -0.274    27.5963 0.0000e+00
     -0.269     -0.322     6.5580     95.222     53.173  56.599427     1.5234      8.581    92.6835 3.6210e+02     7.3119     -0.257     -0.373    27.6148 0.0000e+00
     -0.351     -0.297     6.7673     93.767     47.683  51.113270     1.3117      8.566    77.5322 4.1037e+02     6.8733     -0.345     -0.501    27.7161 0.0000e+00
     -0.437     -0.263     7.0585     90.286     31.066  33.551979     0.8777      8.545    71.7864 7.3546e+02     5.9961     -0.427     -0.619    27.8229 0.0000e+00
     -0.520     -0.222     7.3992     86.411     14.669  15.979125     0.6372      8.548    73.9747 1.4891e+03     5.5532     -0.516     -0.749    27.8894 0.0000e+00
     -0.582     -0.172     7.5407     82.957      7.738   8.504286     0.6178      8.584    74.3077 1.7125e+03     5.4468     -0.586     -0.851    28.1288 0.0000e+00
