Data/DataNotYetUploadedToEDI/Raw_CTD/RawDownloads/072825_fcr10_S7809002.cnv
* Sea-Bird SBE19plus  Data File:
* FileName = C:\R\Reservoirs\Data\DataNotYetUploadedToEDI\Raw_CTD\RawDownloads\072825_fcr50_S7809_0002.hex
* Software version 2.8.0.119
* Temperature SN = 7809
* Conductivity SN = 7809
* System UpLoad Time = Jul 28 2025 17:37:04
* <ApplicationData>
* <Seaterm232>
# nquan = 15
# nvalues = 753                         
# units = specified
# name 0 = depFM: Depth [fresh water, m]
# name 1 = dz/dtM: Descent Rate [m/s]
# name 2 = sbeox0Mg/L: Oxygen, SBE 43 [mg/l]
# name 3 = sbeox0PS: Oxygen, SBE 43 [% saturation]
# name 4 = specc: Specific Conductance [uS/cm]
# name 5 = c0uS/cm: Conductivity [uS/cm]
# name 6 = flECO-AFL: Fluorescence, WET Labs ECO-AFL/FL [mg/m^3]
# name 7 = ph: pH
# name 8 = orp: Oxidation Reduction Potential [mV]
# name 9 = par/sat/log: PAR/Logarithmic, Satlantic
# name 10 = turbWETntu0: Turbidity, WET Labs ECO [NTU]
# name 11 = prdM: Pressure, Strain Gauge [db]
# name 12 = prdE: Pressure, Strain Gauge [psi]
# name 13 = tv290C: Temperature [ITS-90, deg C]
# name 14 = flag:  0.000e+00
# span 0 =     -0.618,      2.640       
# span 1 =     -0.418,      0.307       
# span 2 =     4.9875,     8.9098       
# span 3 =     61.792,    108.853       
# span 4 =      1.061,     53.173       
# span 5 =   1.237876,  56.599427       
# span 6 =    -0.5930,    58.4878       
# span 7 =     -1.841,      9.042       
# span 8 = -1240.7455,   182.5412       
# span 9 = 1.9939e+01, 3.0729e+03       
# span 10 =    -0.2415,   131.8581      
# span 11 =     -0.607,      2.589      
# span 12 =     -0.881,      3.754      
# span 13 =    25.4628,    33.3212      
# span 14 = 0.0000e+00, 0.0000e+00      
# interval = seconds: 0.25
# start_time = Jul 28 2025 12:57:19 [Instrument's time stamp, header]
# bad_flag = -9.990e-29
*END*
[from data line 482]
      2.545      0.017     6.5796     83.739     39.934  40.921497    24.1674      8.326    29.5095 2.3114e+01    85.1369      2.496      3.620    26.2461 0.0000e+00
      2.549      0.017     6.5866     84.730     40.324  41.312266    12.0114      8.330    28.6896 2.2904e+01    68.3901      2.499      3.624    26.2271 0.0000e+00
      2.557      0.017     6.5829     85.594     40.563  41.555896    10.6334      8.332    27.6633 2.2672e+01    65.3331      2.508      3.637    26.2410 0.0000e+00
      2.564      0.017     6.6603     86.358     40.523  41.518978     7.8392      8.335    26.4798 2.2529e+01    49.5401      2.517      3.650    26.2514 0.0000e+00
      2.569      0.016     6.7759     86.775     40.435  41.437104     2.9389      8.339    25.3064 2.2432e+01    21.0452      2.520      3.655    26.2287 0.0000e+00
      2.571      0.013     6.8490     86.680     40.383  41.391038     0.2906      8.341    24.2305 2.2355e+01     5.5909      2.522      3.657    26.2148 0.0000e+00
      2.573      0.010     6.9155     86.084     40.457  41.469737     0.0479      8.344    23.1946 2.2300e+01     4.1382      2.524      3.660    26.2158 0.0000e+00
      2.574      0.009     6.9896     85.176     40.672  41.690515    -0.0049      8.346    22.1593 2.2253e+01     3.8213      2.525      3.662    26.2208 0.0000e+00
      2.575      0.011     7.0250     84.326     40.757  41.775637    -0.0228      8.349    20.9188 2.2231e+01     3.3993      2.525      3.663    26.2334 0.0000e+00
      2.577      0.014     7.0153     83.733     40.723  41.737324    -0.0025      8.353    19.3815 2.2200e+01     2.8624      2.527      3.665    26.2427 0.0000e+00
      2.581      0.018     6.9636     83.293     40.913  41.925409     0.0325      8.356    17.9405 2.2066e+01     2.6587      2.530      3.669    26.2455 0.0000e+00
      2.586      0.022     6.8755     82.928     41.258  42.272646     0.0350      8.357    16.6589 2.1834e+01     2.6093      2.536      3.678    26.2463 0.0000e+00
      2.594      0.023     6.7998     82.642     41.436  42.444961     0.0195      8.359    15.4147 2.1550e+01     2.4020      2.544      3.689    26.2445 0.0000e+00
      2.602      0.023     6.7601     82.335     41.431  42.422130     0.0193      8.360    14.3407 2.1194e+01     2.1330      2.552      3.701    26.2391 0.0000e+00
      2.609      0.022     6.7279     81.882     41.475  42.440853     0.0247      8.361    13.5684 2.0830e+01     1.9539      2.559      3.712    26.2319 0.0000e+00
      2.614      0.019     6.6959     81.223     41.358  42.290476     0.0431      8.361    13.0457 2.0558e+01     1.8411      2.564      3.719    26.2239 0.0000e+00
      2.618      0.015     6.6789     80.346     40.855  41.746294     0.0414      8.363    12.5814 2.0400e+01     1.3851      2.569      3.725    26.2140 0.0000e+00
      2.621      0.012     6.6605     79.303     40.530  41.382860     0.0209      8.365    12.0838 2.0317e+01     0.7440      2.571      3.728    26.1951 0.0000e+00
      2.623      0.009     6.6289     78.163     40.629  41.450394     0.0122      8.367    11.6757 2.0219e+01     0.5120      2.572      3.731    26.1585 0.0000e+00
      2.624      0.007     6.5817     77.029     40.818  41.610794     0.0109      8.369    11.4329 2.0114e+01     0.5267      2.574      3.733    26.1202 0.0000e+00
      2.626      0.006     6.5121     76.010     41.154  41.925939     0.0220      8.371    11.2124 2.0045e+01     0.4780      2.575      3.735    26.0853 0.0000e+00
      2.628      0.005     6.4307     75.101     41.456  42.214250     0.0131      8.374    10.9889 2.0011e+01     0.3669      2.577      3.738    26.0471 0.0000e+00
      2.629      0.004     6.3409     74.262     41.370  42.113689     0.0033      8.376    10.8809 1.9987e+01     0.3789      2.579      3.740    26.0053 0.0000e+00
      2.630      0.003     6.2478     73.470     41.249  41.979446     0.0114      8.378    10.8537 1.9955e+01     0.5204      2.580      3.741    25.9611 0.0000e+00
      2.630      0.002     6.1717     72.716     41.266  41.987450     0.0189      8.380    10.7467 1.9939e+01     0.5408      2.579      3.741    25.9271 0.0000e+00
      2.631      0.002     6.1009     72.014     41.367  42.083511     0.0277      8.381    10.6191 1.9975e+01     0.4209      2.580      3.742    25.9062 0.0000e+00
      2.631      0.001     6.0349     71.371     41.977  42.696611     0.0099      8.384    10.6016 2.0029e+01     0.3001      2.580      3.742    25.8905 0.0000e+00
      2.631      0.001     5.9725     70.775     42.959  43.687958     0.0029      8.386    10.4483 2.0054e+01     0.3451      2.581      3.743    25.8785 0.0000e+00
      2.632      0.002     5.9111     70.186     43.503  44.231641     0.0346      8.388     9.9708 2.0068e+01     0.4523      2.581      3.743    25.8683 0.0000e+00
      2.632      0.002     5.8555     69.610     43.538  44.255888     0.0526      8.389     9.4746 2.0083e+01     0.4343      2.581      3.744    25.8595 0.0000e+00
      2.633      0.002     5.8033     69.090     43.468  44.171540     0.0377      8.390     9.0951 2.0103e+01     0.2985      2.582      3.745    25.8515 0.0000e+00
      2.633      0.003     5.7581     68.606     43.479  44.163908     0.0041      8.391     8.7374 2.0113e+01     0.1088      2.582      3.745    25.8428 0.0000e+00
      2.634      0.003     5.7115     68.122     43.567  44.227061    -0.0044      8.394     8.3338 2.0115e+01     0.0873      2.583      3.747    25.8317 0.0000e+00
      2.635      0.003     5.6630     67.649     43.666  44.300318     0.0261      8.396     7.9143 2.0147e+01     0.1751      2.584      3.748    25.8190 0.0000e+00
      2.636      0.003     5.6232     67.187     43.806  44.414863     0.0487      8.399     7.7093 2.0211e+01     0.1455      2.585      3.749    25.8064 0.0000e+00
      2.637      0.002     5.5882     66.747     43.946  44.532884     0.0275      8.400     7.6611 2.0295e+01     0.0365      2.586      3.750    25.7851 0.0000e+00
      2.637      0.002     5.5500     66.351     44.019  44.584694    -0.0135      8.401     7.5036 2.0383e+01    -0.1178      2.586      3.750    25.7524 0.0000e+00
      2.638      0.001     5.5160     65.971     44.051  44.596919    -0.0312      8.401     7.2677 2.0469e+01    -0.2176      2.587      3.751    25.7188 0.0000e+00
      2.638      0.001     5.4812     65.588     44.089  44.617186    -0.0113      8.402     7.0466 2.0581e+01    -0.1447      2.587      3.751    25.6879 0.0000e+00
      2.638      0.000     5.4461     65.222     44.126  44.639285     0.0353      8.404     6.8087 2.0736e+01     0.0123      2.587      3.752    25.6599 0.0000e+00
      2.638 2.2170e-08     5.4182     64.882     44.173  44.673660     0.0498      8.405     6.6285 2.0918e+01     0.0065      2.587      3.751    25.6352 0.0000e+00
      2.638 2.4386e-07     5.3901     64.558     44.226  44.715410     0.0143      8.407     6.4169 2.1075e+01    -0.1462      2.587      3.752    25.6125 0.0000e+00
      2.638 6.1641e-07     5.3594     64.232     44.284  44.763214    -0.0195      8.408     6.0568 2.1189e+01    -0.2286      2.586      3.751    25.5917 0.0000e+00
      2.638      0.000     5.3316     63.895     44.338  44.807299    -0.0099      8.409     5.7161 2.1301e+01    -0.1705      2.587      3.751    25.5739 0.0000e+00
      2.638      0.000     5.3050     63.572     44.345  44.804083     0.0306      8.410     5.3948 2.1424e+01    -0.0245      2.587      3.752    25.5595 0.0000e+00
      2.638      0.001     5.2805     63.276     44.338  44.787789     0.0370      8.411     5.0117 2.1552e+01    -0.0001      2.587      3.751    25.5463 0.0000e+00
      2.638      0.001     5.2559     62.996     44.358  44.800699     0.0010      8.413     4.6977 2.1693e+01    -0.1147      2.587      3.752    25.5343 0.0000e+00
      2.638      0.001     5.2279     62.723     44.396  44.833216    -0.0212      8.414     4.4369 2.1836e+01    -0.1806      2.587      3.752    25.5230 0.0000e+00
      2.639      0.001     5.2022     62.456     44.431  44.863557     0.0023      8.416     4.0092 2.1982e+01    -0.1132      2.588      3.753    25.5114 0.0000e+00
      2.639      0.001     5.1795     62.205     44.421  44.850147     0.0424      8.418     3.3992 2.2114e+01    -0.0176      2.588      3.753    25.5010 0.0000e+00
      2.639      0.000     5.1577     62.005     44.185  44.607604     0.0394      8.420     2.9118 2.2216e+01    -0.0841      2.588      3.753    25.4924 0.0000e+00
      2.640     -0.003     5.1359     61.882     43.424  43.835274    -0.0004      8.421     2.5901 2.2382e+01    -0.1994      2.589      3.754    25.4859 0.0000e+00
      2.640     -0.008     5.1147     61.813     42.724  43.128841    -0.0227      8.422     2.0904 2.2662e+01    -0.2160      2.589      3.754    25.4806 0.0000e+00
      2.640     -0.012     5.0931     61.792     43.074  43.492574    -0.0217      8.423     1.4303 2.2943e+01    -0.2162      2.589      3.754    25.4763 0.0000e+00
      2.637     -0.015     5.0759     61.948     43.790  44.234350    -0.0053      8.426     0.8037 2.3001e+01    -0.2012      2.588      3.753    25.4716 0.0000e+00
      2.628     -0.016     5.0674     62.418     43.824  44.290388     0.0089      8.428     0.1065 2.2633e+01    -0.1721      2.579      3.741    25.4664 0.0000e+00
      2.618     -0.015     5.0637     63.063     43.683  44.170207    -0.0085      8.428    -0.6326 2.2077e+01    -0.2065      2.566      3.722    25.4628 0.0000e+00
      2.613     -0.011     5.0567     63.595     43.988  44.495125    -0.0238      8.428    -1.2492 2.1758e+01    -0.2415      2.561      3.714    25.4755 0.0000e+00
      2.613     -0.005     5.0594     63.940     44.396  44.918214    -0.0010      8.429    -1.7567 2.1693e+01    -0.1506      2.562      3.716    25.5004 0.0000e+00
      2.615      0.000     5.1006     64.197     44.307  44.842392     0.0344      8.430    -2.2083 2.1713e+01    -0.0292      2.565      3.719    25.5245 0.0000e+00
      2.617      0.005     5.1635     64.397     43.227  43.768811     0.0378      8.431    -2.5791 2.1734e+01    -0.0727      2.567      3.722    25.5548 0.0000e+00
      2.619      0.006     5.2056     64.472     37.790  38.285238     0.0065      8.432    -2.7985 2.1728e+01    -0.1971      2.569      3.727    25.5752 0.0000e+00
      2.621      0.006     5.2280     64.454     29.332  29.742069    -0.0117      8.433    -2.9684 2.1687e+01    -0.2015      2.571      3.729    25.5800 0.0000e+00
      2.623      0.005     5.2473     64.610     28.483  28.913967     0.0097      8.435    -3.2573 2.1627e+01    -0.0913      2.572      3.731    25.5937 0.0000e+00
      2.625      0.004     5.2638     65.021     31.206  31.702056     0.0402      8.436    -3.5377 2.1567e+01    -0.0272      2.574      3.733    25.6187 0.0000e+00
      2.625      0.003     5.2697     65.430     27.469  27.926469     0.0331      8.437    -3.6918 2.1499e+01    -0.0757      2.574      3.733    25.6515 0.0000e+00
      2.626      0.001     5.2509     65.841     25.568  26.018809     0.0144      8.439    -3.8298 2.1426e+01    -0.0620      2.575      3.734    25.7007 0.0000e+00
      2.626     -0.003     5.2530     66.550     30.975  31.541211     0.0311      8.440    -4.0016 2.1347e+01     0.0704      2.575      3.734    25.7488 0.0000e+00
      2.626     -0.011     5.2988     67.629     35.104  35.767861     0.0526      8.440    -4.3924 2.1226e+01     0.1585      2.575      3.735    25.7885 0.0000e+00
      2.625     -0.025     5.3279     69.284     33.814  34.492696     0.0571      8.439    -5.1135 2.1130e+01     0.5925      2.575      3.735    25.8346 0.0000e+00
      2.622     -0.040     5.3400     72.500     32.384  33.065988     0.0355      8.439    -5.8371 2.1174e+01     6.2400      2.572      3.731    25.8794 0.0000e+00
      2.612     -0.051     5.3984     78.545     31.641  32.288436     0.0081      8.440    -6.3445 2.1374e+01    16.7932      2.566      3.722    25.9034 0.0000e+00
      2.592     -0.055     5.4845     87.185     29.732  30.293054     0.0248      8.443    -6.7743 2.1910e+01    22.6720      2.548      3.696    25.9278 0.0000e+00
      2.562     -0.051     5.5819     96.001     28.287  28.794816     0.0295      8.445    -7.2480 2.2589e+01    23.2117      2.508      3.639    25.9970 0.0000e+00
      2.540     -0.040     5.7830    102.736     27.264  27.747701    -0.0093      8.446    -7.5975 2.2811e+01    23.0798      2.482      3.600    26.0880 0.0000e+00
      2.533     -0.023     6.2698    106.932     26.548  27.019036    -0.0280      8.447    -7.8165 2.2648e+01    22.1026      2.481      3.600    26.0391 0.0000e+00
      2.538     -0.004     7.0852    108.853     27.226  27.721991    -0.0060      8.448    -8.1755 2.2388e+01    20.4486      2.487      3.607    25.9000 0.0000e+00
      2.546      0.012     7.8824    108.590     27.424  27.938790     0.0244      8.449    -8.5826 2.2103e+01    19.6145      2.497      3.622    25.8827 0.0000e+00
      2.554      0.022     8.4260    106.382     27.717  28.244609     0.0140      8.452    -8.8668 2.1844e+01    19.0875      2.506      3.634    25.8818 0.0000e+00
      2.561      0.023     8.7562    102.994     30.703  31.290739    -0.0144      8.454    -9.2028 2.1619e+01    14.1790      2.512      3.643    25.8633 0.0000e+00
      2.566      0.020     8.9098     99.964     31.558  32.165584    -0.0025      8.455    -9.5482 2.1472e+01     5.4599      2.517      3.652    25.9019 0.0000e+00
      2.570      0.014     8.8767     98.955     30.112  30.702919     0.0329      8.457    -9.7728 2.1366e+01     0.8399      2.521      3.655    25.9435 0.0000e+00
      2.574      0.001     8.6754     99.916     33.719  34.411597     0.0474      8.457    -9.9406 2.1261e+01     1.0530      2.524      3.661    25.9494 0.0000e+00
      2.578     -0.021     8.3620    101.431     39.234  40.080915     0.0220      8.456   -10.0285 2.1159e+01     7.7973      2.528      3.666    25.9459 0.0000e+00
      2.578     -0.060     8.0391    102.433     40.280  41.195139    -0.0160      8.453    -9.9741 2.1221e+01    20.2493      2.531      3.670    25.9581 0.0000e+00
      2.570     -0.119     7.9657    102.542     39.977  40.969792    -0.0120      8.451    -9.8854 2.1757e+01    27.2003      2.527      3.665    25.9621 0.0000e+00
      2.545     -0.194     8.0991    101.966     41.716  42.878253     0.0451      8.452   -10.4190 2.3022e+01    29.0558      2.504      3.632    26.0013 0.0000e+00
      2.495     -0.266     8.2326    100.983     43.124  44.403866     0.2586      8.458   -12.0374 2.5473e+01    42.2394      2.457      3.563    26.0781 0.0000e+00
      2.410     -0.315     8.3236     99.507     42.080  43.293991     0.5886      8.467   -13.9663 2.9628e+01    66.2585      2.381      3.453    26.1125 0.0000e+00
      2.287     -0.329     8.3080     97.794     40.932  42.026730     0.7392      8.474   -14.6398 3.4862e+01    79.3620      2.250      3.263    26.2038 0.0000e+00
      2.153     -0.305     8.2172     96.599     41.328  42.410970     0.7477      8.481   -13.7286 3.9178e+01    81.5253      2.095      3.038    26.3972 0.0000e+00
      2.054     -0.250     8.1290     96.250     41.733  42.862245     0.7915      8.487   -12.7576 4.1288e+01    92.3122      1.995      2.893    26.5414 0.0000e+00
      2.008     -0.175     8.0200     96.926     41.493  42.659463     0.8445      8.490   -12.6226 4.1676e+01   111.7481      1.956      2.837    26.4646 0.0000e+00
      2.001     -0.094     7.8695     98.682     41.728  42.942351     0.8550      8.491   -12.9560 4.1245e+01   122.2584      1.958      2.840    26.2772 0.0000e+00
      2.009     -0.024     7.7740    100.739     42.232  43.489830     0.8185      8.491   -13.6045 4.0553e+01   123.0613      1.972      2.860    26.2782 0.0000e+00
      2.017      0.022     7.7337    102.244     42.108  43.376106     0.7871      8.491   -14.3551 3.9985e+01   122.9257      1.978      2.868    26.3510 0.0000e+00
