Data/DataNotYetUploadedToEDI/Raw_CTD/RawDownloads/072825_fcr50_S7809001.cnv
* Sea-Bird SBE19plus  Data File:
* FileName = C:\R\Reservoirs\Data\DataNotYetUploadedToEDI\Raw_CTD\RawDownloads\072825_fcr50_S7809_0001.hex
* Software version 2.8.0.119
* Temperature SN = 7809
* Conductivity SN = 7809
* System UpLoad Time = Jul 28 2025 17:36:42
* <ApplicationData>
* <Seaterm232>
# nquan = 15
# nvalues = 2980                        
# units = specified
# name 0 = depFM: Depth [fresh water, m]
# name 1 = dz/dtM: Descent Rate [m/s]
# name 2 = sbeox0Mg/L: Oxygen, SBE 43 [mg/l]
# name 3 = sbeox0PS: Oxygen, SBE 43 [% saturation]
# name 4 = specc: Specific Conductance [uS/cm]
# name 5 = c0uS/cm: Conductivity [uS/cm]
# name 6 = flECO-AFL: Fluorescence, WET Labs ECO-AFL/FL [mg/m^3]
# name 7 = ph: pH
# name 8 = orp: Oxidation Reduction Potential [mV]
# name 9 = par/sat/log: PAR/Logarithmic, Satlantic
# name 10 = turbWETntu0: Turbidity, WET Labs ECO [NTU]
# name 11 = prdM: Pressure, Strain Gauge [db]
# name 12 = prdE: Pressure, Strain Gauge [psi]
# name 13 = tv290C: Temperature [ITS-90, deg C]
# name 14 = flag:  0.000e+00
# span 0 =     -0.608,      9.763       
# span 1 =     -0.386,      0.223       
# span 2 =    -0.2990,     8.0804       
# span 3 =     -2.428,     99.054       
# span 4 =      0.564,    331.603       
# span 5 =   0.594574, 242.554745       
# span 6 =    -0.0634,     7.2858       
# span 7 =      6.954,      9.515       
# span 8 = -1240.7455,   310.2162       
# span 9 = 1.2348e-01, 5.3718e+02       
# span 10 =    -0.1776,   372.7568      
# span 11 =     -0.598,      9.577      
# span 12 =     -0.867,     13.891      
# span 13 =    11.5493,    28.5695      
# span 14 = 0.0000e+00, 0.0000e+00      
# interval = seconds: 0.25
# start_time = Jul 28 2025 11:16:23 [Instrument's time stamp, header]
# bad_flag = -9.990e-29
*END*
[from data line 1735]
      5.288      0.020     5.7029     52.719     50.143  36.827779     0.6863      7.891   111.2312 1.2366e-01    18.7698      5.186      7.520    11.7186 0.0000e+00
      5.293      0.019     5.7052     52.769     50.144  36.827788     0.6401      7.891   112.0571 1.2363e-01    18.6859      5.190      7.527    11.7190 0.0000e+00
      5.298      0.017     5.7141     52.779     50.144  36.827892     0.6416      7.890   112.2143 1.2363e-01    18.7349      5.196      7.536    11.7206 0.0000e+00
      5.302      0.016     5.7110     52.749     50.142  36.829036     0.6621      7.890   112.0127 1.2370e-01    18.7125      5.200      7.541    11.7209 0.0000e+00
      5.305      0.015     5.7157     52.712     50.155  36.841622     0.6639      7.890   111.7708 1.2369e-01    18.5856      5.202      7.545    11.7202 0.0000e+00
      5.308      0.014     5.7254     52.675     50.167  36.853159     0.6551      7.889   111.9572 1.2362e-01    18.4991      5.205      7.550    11.7188 0.0000e+00
      5.312      0.012     5.7255     52.632     50.150  36.841621     0.6309      7.888   112.5454 1.2360e-01    18.4183      5.210      7.556    11.7188 0.0000e+00
      5.316      0.012     5.7200     52.587     50.132  36.829035     0.6293      7.889   112.9460 1.2359e-01    18.4278      5.213      7.561    11.7219 0.0000e+00
      5.318      0.011     5.7154     52.559     50.130  36.827891     0.6607      7.890   113.0150 1.2359e-01    18.5119      5.215      7.564    11.7252 0.0000e+00
      5.320      0.010     5.7118     52.554     50.131  36.827788     0.6602      7.890   113.0355 1.2364e-01    18.4794      5.218      7.568    11.7280 0.0000e+00
      5.323      0.009     5.7067     52.577     50.134  36.827778     0.6319      7.889   112.9355 1.2368e-01    18.4104      5.220      7.571    11.7298 0.0000e+00
      5.325      0.008     5.7007     52.628     50.138  36.827778     0.6265      7.888   112.7527 1.2368e-01    18.4634      5.223      7.575    11.7299 0.0000e+00
      5.327      0.008     5.6975     52.685     50.141  36.827787     0.6614      7.888   112.8046 1.2367e-01    18.5724      5.225      7.578    11.7295 0.0000e+00
      5.329      0.008     5.6974     52.738     50.143  36.827892     0.7034      7.889   112.9602 1.2367e-01    18.5331      5.226      7.580    11.7286 0.0000e+00
      5.330      0.009     5.6990     52.801     50.145  36.829036     0.7022      7.889   113.0848 1.2366e-01    18.3985      5.227      7.582    11.7266 0.0000e+00
      5.330      0.011     5.7069     52.868     50.163  36.841612     0.6812      7.888   112.7631 1.2367e-01    18.3800      5.227      7.582    11.7239 0.0000e+00
      5.333      0.014     5.7135     52.911     50.179  36.853045     0.6728      7.887   111.9098 1.2370e-01    18.5480      5.229      7.583    11.7217 0.0000e+00
      5.338      0.019     5.7186     52.907     50.161  36.840364     0.6920      7.887   111.4568 1.2370e-01    18.7905      5.235      7.592    11.7203 0.0000e+00
      5.345      0.024     5.7257     52.872     50.126  36.815192     0.7306      7.886   111.4160 1.2372e-01    18.8181      5.242      7.603    11.7194 0.0000e+00
      5.351      0.029     5.7342     52.831     50.108  36.802511     0.7321      7.886   111.4172 1.2374e-01    18.6771      5.246      7.610    11.7188 0.0000e+00
      5.359      0.030     5.7404     52.765     50.124  36.813944     0.7191      7.887   111.4714 1.2373e-01    18.7586      5.253      7.620    11.7188 0.0000e+00
      5.370      0.029     5.7388     52.666     50.143  36.826520     0.7231      7.887   111.2112 1.2365e-01    19.0528      5.266      7.637    11.7195 0.0000e+00
      5.380      0.027     5.7331     52.565     50.145  36.827663     0.7216      7.886   110.5932 1.2356e-01    19.1941      5.277      7.654    11.7203 0.0000e+00
      5.387      0.024     5.7302     52.462     50.146  36.827767     0.7266      7.886   110.1938 1.2355e-01    19.1011      5.284      7.663    11.7205 0.0000e+00
      5.391      0.019     5.7242     52.371     50.148  36.827777     0.7082      7.886   110.1687 1.2357e-01    19.0550      5.287      7.668    11.7197 0.0000e+00
      5.393      0.015     5.7108     52.339     50.149  36.827777     0.6660      7.886   110.2034 1.2358e-01    19.2859      5.289      7.671    11.7188 0.0000e+00
      5.396      0.013     5.7009     52.359     50.151  36.827768     0.6487      7.886   110.1829 1.2359e-01    19.5700      5.292      7.675    11.7185 0.0000e+00
      5.398      0.014     5.6903     52.415     50.153  36.827664     0.6484      7.885   110.0928 1.2359e-01    19.6206      5.294      7.678    11.7177 0.0000e+00
      5.400      0.017     5.6762     52.529     50.154  36.826510     0.6464      7.885   109.8887 1.2359e-01    19.3516      5.295      7.680    11.7166 0.0000e+00
      5.404      0.020     5.6745     52.662     50.139  36.813819     0.6327      7.885   109.6940 1.2360e-01    18.9127      5.298      7.685    11.7158 0.0000e+00
      5.411      0.023     5.6788     52.762     50.125  36.801128     0.6412      7.885   109.7172 1.2363e-01    18.7549      5.305      7.694    11.7142 0.0000e+00
      5.419      0.025     5.6816     52.829     50.127  36.799976     0.6737      7.885   109.8256 1.2364e-01    18.8783      5.315      7.708    11.7125 0.0000e+00
      5.427      0.027     5.6966     52.871     50.129  36.799880     0.7017      7.885   109.8859 1.2366e-01    19.0045      5.323      7.720    11.7113 0.0000e+00
      5.434      0.027     5.7150     52.890     50.130  36.799966     0.7131      7.885   110.0159 1.2372e-01    19.0508      5.329      7.729    11.7091 0.0000e+00
      5.440      0.026     5.7243     52.901     50.131  36.801015     0.6946      7.885   110.1926 1.2374e-01    18.9605      5.333      7.737    11.7062 0.0000e+00
      5.446      0.025     5.7322     52.926     50.146  36.812561     0.7025      7.884   110.3882 1.2372e-01    18.9368      5.339      7.744    11.7035 0.0000e+00
      5.452      0.024     5.7368     52.955     50.146  36.812666     0.7423      7.884   110.5739 1.2367e-01    19.0720      5.346      7.754    11.7018 0.0000e+00
      5.458      0.024     5.7389     52.980     50.131  36.802283     0.7518      7.885   110.5450 1.2365e-01    19.0238      5.352      7.763    11.7019 0.0000e+00
      5.465      0.024     5.7377     53.005     50.147  36.813924     0.7338      7.885   110.3827 1.2365e-01    18.6948      5.360      7.773    11.7024 0.0000e+00
      5.470      0.023     5.7417     52.989     50.166  36.826510     0.7078      7.885   110.4186 1.2362e-01    18.4427      5.365      7.782    11.7027 0.0000e+00
      5.476      0.020     5.7461     52.924     50.170  36.827552     0.7040      7.884   110.5491 1.2363e-01    18.4687      5.370      7.788    11.7032 0.0000e+00
      5.482      0.018     5.7462     52.838     50.171  36.826512     0.7293      7.884   110.7560 1.2366e-01    18.6000      5.376      7.797    11.7033 0.0000e+00
      5.487      0.016     5.7530     52.742     50.156  36.813935     0.7225      7.885   111.1125 1.2366e-01    18.5940      5.382      7.805    11.7028 0.0000e+00
      5.490      0.014     5.7508     52.655     50.142  36.802399     0.6890      7.885   111.0753 1.2367e-01    18.4646      5.384      7.808    11.7019 0.0000e+00
      5.491      0.013     5.7422     52.600     50.158  36.813937     0.6810      7.884   110.6505 1.2365e-01    18.4021      5.385      7.810    11.7004 0.0000e+00
      5.494      0.013     5.7336     52.565     50.175  36.826523     0.7096      7.883   110.4499 1.2361e-01    18.4877      5.387      7.814    11.6986 0.0000e+00
      5.497      0.014     5.7225     52.534     50.176  36.827676     0.7603      7.883   110.6284 1.2364e-01    18.6459      5.391      7.819    11.6964 0.0000e+00
      5.500      0.015     5.7118     52.519     50.177  36.827874     0.7774      7.883   111.0011 1.2368e-01    18.6405      5.394      7.823    11.6953 0.0000e+00
      5.504      0.018     5.7066     52.528     50.179  36.828914     0.7498      7.883   111.4288 1.2364e-01    18.4915      5.398      7.829    11.6958 0.0000e+00
      5.509      0.020     5.7040     52.555     50.195  36.840253     0.7178      7.883   111.6701 1.2364e-01    18.4840      5.402      7.834    11.6961 0.0000e+00
      5.515      0.022     5.6994     52.587     50.194  36.838060     0.7069      7.883   111.4239 1.2373e-01    18.6524      5.408      7.843    11.6956 0.0000e+00
      5.522      0.023     5.6978     52.604     50.147  36.802400     0.7260      7.883   111.1191 1.2379e-01    18.8200      5.415      7.854    11.6950 0.0000e+00
      5.529      0.023     5.6992     52.609     50.131  36.789813     0.7328      7.882   111.0819 1.2379e-01    18.8355      5.422      7.864    11.6947 0.0000e+00
      5.535      0.023     5.7022     52.639     50.162  36.812782     0.7062      7.882   111.1459 1.2373e-01    18.8395      5.428      7.873    11.6941 0.0000e+00
      5.540      0.022     5.7069     52.681     50.182  36.826294     0.6947      7.882   111.6354 1.2364e-01    18.9377      5.432      7.880    11.6929 0.0000e+00
      5.546      0.020     5.7097     52.703     50.183  36.826274     0.7274      7.881   112.3539 1.2361e-01    18.9978      5.438      7.888    11.6914 0.0000e+00
      5.551      0.018     5.7071     52.699     50.165  36.812553     0.7686      7.881   112.4345 1.2361e-01    19.0542      5.445      7.897    11.6906 0.0000e+00
      5.555      0.016     5.7116     52.661     50.132  36.787295     0.7687      7.881   111.8353 1.2366e-01    19.0383      5.449      7.903    11.6907 0.0000e+00
      5.559      0.014     5.7184     52.596     50.116  36.774701     0.7290      7.881   111.0458 1.2369e-01    18.8398      5.451      7.907    11.6905 0.0000e+00
      5.562      0.014     5.7197     52.556     50.134  36.787182     0.7045      7.881   110.4605 1.2370e-01    18.6701      5.454      7.911    11.6895 0.0000e+00
      5.564      0.014     5.7206     52.565     50.168  36.811295     0.7215      7.879   110.7809 1.2366e-01    18.6605      5.457      7.914    11.6886 0.0000e+00
      5.567      0.015     5.7167     52.601     50.170  36.812430     0.7352      7.879   111.7366 1.2362e-01    18.6887      5.459      7.917    11.6876 0.0000e+00
      5.572      0.015     5.7068     52.644     50.154  36.800901     0.7027      7.879   112.0352 1.2363e-01    18.7723      5.463      7.924    11.6867 0.0000e+00
      5.577      0.015     5.7015     52.681     50.150  36.798812     0.6537      7.879   111.6375 1.2364e-01    18.9534      5.470      7.933    11.6854 0.0000e+00
      5.581      0.014     5.7044     52.703     50.135  36.787181     0.6508      7.879   111.2303 1.2364e-01    19.1370      5.474      7.938    11.6847 0.0000e+00
      5.585      0.012     5.7087     52.719     50.136  36.787171     0.6763      7.880   111.7583 1.2362e-01    19.2843      5.478      7.944    11.6852 0.0000e+00
      5.587      0.010     5.7135     52.731     50.152  36.798690     0.6960      7.880   113.1173 1.2363e-01    19.2308      5.480      7.948    11.6855 0.0000e+00
      5.589      0.007     5.7184     52.705     50.153  36.799540     0.7055      7.879   113.8089 1.2372e-01    18.9352      5.481      7.950    11.6856 0.0000e+00
      5.590      0.005     5.7201     52.640     50.151  36.797451     0.6914      7.878   113.5817 1.2373e-01    18.7499      5.482      7.951    11.6853 0.0000e+00
      5.592      0.004     5.7212     52.581     50.118  36.773431     0.6912      7.879   110.9730 1.2364e-01    18.8009      5.483      7.953    11.6850 0.0000e+00
      5.593      0.003     5.7250     52.550     50.105  36.762945     0.7118      7.880   106.7024 1.2362e-01    18.7656      5.485      7.955    11.6846 0.0000e+00
      5.593      0.002     5.7224     52.528     50.153  36.797566     0.7242      7.879   105.3957 1.2364e-01    18.5957      5.485      7.955    11.6839 0.0000e+00
      5.593      0.002     5.7125     52.483     50.173  36.811306     0.7242      7.878   106.5313 1.2360e-01    18.5236      5.485      7.955    11.6836 0.0000e+00
      5.593      0.002     5.7056     52.414     50.162  36.802162     0.7042      7.877   107.4408 1.2362e-01    18.5088      5.485      7.955    11.6839 0.0000e+00
      5.593      0.003     5.7031     52.364     50.180  36.813907     0.6981      7.877   108.0466 1.2364e-01    18.5878      5.485      7.955    11.6836 0.0000e+00
      5.594      0.005     5.7020     52.325     50.199  36.826409     0.7090      7.878   108.4346 1.2360e-01    18.6935      5.486      7.956    11.6829 0.0000e+00
      5.596      0.008     5.6986     52.266     50.200  36.826411     0.7190      7.879   108.3469 1.2360e-01    18.6931      5.488      7.959    11.6819 0.0000e+00
      5.597      0.012     5.6873     52.218     50.184  36.813929     0.7274      7.879   108.0185 1.2360e-01    18.7193      5.489      7.961    11.6802 0.0000e+00
      5.600      0.016     5.6830     52.195     50.167  36.802401     0.7021      7.878   108.2505 1.2360e-01    18.7024      5.491      7.964    11.6788 0.0000e+00
      5.605      0.018     5.6824     52.159     50.179  36.813938     0.6885      7.878   109.0003 1.2356e-01    18.6267      5.496      7.971    11.6773 0.0000e+00
      5.612      0.019     5.6727     52.108     50.189  36.826514     0.7127      7.878   109.7710 1.2358e-01    18.5559      5.503      7.982    11.6762 0.0000e+00
      5.619      0.019     5.6665     52.075     50.179  36.827553     0.7115      7.878   110.1699 1.2364e-01    18.4601      5.511      7.993    11.6764 0.0000e+00
      5.624      0.019     5.6672     52.051     50.169  36.826512     0.6905      7.878   109.7790 1.2364e-01    18.4246      5.515      7.999    11.6777 0.0000e+00
      5.628      0.019     5.6628     52.038     50.150  36.813935     0.6761      7.878   108.9169 1.2368e-01    18.5371      5.519      8.004    11.6789 0.0000e+00
      5.631      0.018     5.6540     52.046     50.137  36.802399     0.6701      7.878   108.8667 1.2369e-01    18.7278      5.521      8.008    11.6834 0.0000e+00
      5.635      0.017     5.6504     52.046     50.157  36.813938     0.6771      7.878   108.9997 1.2364e-01    18.7831      5.525      8.013    11.6945 0.0000e+00
      5.640      0.017     5.6475     52.054     50.176  36.826533     0.6683      7.878   106.3092 1.2362e-01    18.6596      5.531      8.022    11.7023 0.0000e+00
      5.646      0.016     5.6432     52.115     50.176  36.827770     0.6388      7.877   100.0821 1.2364e-01    18.4983      5.537      8.031    11.7021 0.0000e+00
      5.651      0.014     5.6484     52.200     50.173  36.828905     0.6198      7.876    93.5057 1.2371e-01    18.4722      5.541      8.039    11.6986 0.0000e+00
      5.654      0.011     5.6479     52.268     50.185  36.840253     0.6301      7.876    89.8617 1.2375e-01    18.5835      5.544      8.042    11.6951 0.0000e+00
      5.655      0.008     5.6446     52.325     50.182  36.838070     0.6550      7.876    89.6642 1.2370e-01    18.5795      5.546      8.044    11.6935 0.0000e+00
      5.656      0.006     5.6544     52.388     50.136  36.802513     0.6633      7.877    91.2030 1.2365e-01    18.5262      5.546      8.044    11.6944 0.0000e+00
      5.657      0.005     5.6647     52.449     50.123  36.791072     0.6813      7.877    92.8086 1.2360e-01    18.6565      5.547      8.045    11.6991 0.0000e+00
      5.658      0.004     5.6713     52.489     50.173  36.826638     0.7137      7.876    93.8486 1.2356e-01    18.8572      5.548      8.047    11.7027 0.0000e+00
      5.659      0.004     5.6759     52.476     50.204  36.851802     0.7297      7.876    94.3992 1.2356e-01    18.9370      5.550      8.050    11.7016 0.0000e+00
      5.661      0.004     5.6843     52.414     50.182  36.841513     0.7087      7.876    94.9067 1.2359e-01    18.8362      5.552      8.052    11.6994 0.0000e+00
