Data/DataNotYetUploadedToEDI/Raw_CTD/RawDownloads/072821_ccr_50_0001.cnv
* Sea-Bird SBE19plus  Data File:
* FileName = C:\R\Reservoirs\Data\DataNotYetUploadedToEDI\Raw_CTD\RawDownloads\072821_ccr_50_0001.hex
* Software version 2.8.0.119
* Temperature SN = 7809
* Conductivity SN = 7809
* System UpLoad Time = Jul 28 2021 15:55:50
* <ApplicationData>
* <Seaterm232>
# nquan = 16
# nvalues = 4323                        
# units = specified
# name 0 = depFM: Depth [fresh water, m]
# name 1 = dz/dtM: Descent Rate [m/s]
# name 2 = orp: Oxidation Reduction Potential [mV]
# name 3 = sbeox0Mg/L: Oxygen, SBE 43 [mg/l]
# name 4 = sbeox0PS: Oxygen, SBE 43 [% saturation]
# name 5 = par/sat/log: PAR/Logarithmic, Satlantic
# name 6 = ph: pH
# name 7 = specc: Specific Conductance [uS/cm]
# name 8 = c0uS/cm: Conductivity [uS/cm]
# name 9 = flECO-AFL: Fluorescence, WET Labs ECO-AFL/FL [mg/m^3]
# name 10 = turbWETntu0: Turbidity, WET Labs ECO [NTU]
# name 11 = tv290C: Temperature [ITS-90, deg C]
# name 12 = density00: Density [density, kg/m^3]
# name 13 = prdE: Pressure, Strain Gauge [psi]
# name 14 = prdM: Pressure, Strain Gauge [db]
# name 15 = flag:  0.000e+00
# span 0 =     -0.464,     20.306       
# span 1 =     -0.237,      0.190       
# span 2 = -1240.7455,   299.8467       
# span 3 =     3.4149,    11.9701       
# span 4 =     30.723,    142.020       
# span 5 = 1.2338e-01, 1.4634e+03       
# span 6 =     -2.005,     15.821       
# span 7 =      1.266,     84.904       
# span 8 =   1.367744,  60.246749       
# span 9 =    -0.5058,   265.6958       
# span 10 =    -6.9938,   962.7232      
# span 11 =    10.4099,    29.0042      
# span 12 =   995.9531,   999.7863      
# span 13 =     -0.660,     28.883      
# span 14 =     -0.455,     19.915      
# span 15 = 0.0000e+00, 0.0000e+00      
# interval = seconds: 0.25
# start_time = Jul 27 2021 20:58:26 [Instrument's time stamp, header]
# bad_flag = -9.990e-29
*END*
[from data line 1899]
     12.125      0.025   294.1070     8.6047     77.931 1.3526e-01     15.752     56.523  40.689706    -0.3765     3.0683    10.9818   999.6877     17.245     11.891 0.0000e+00
     12.135      0.026   294.1180     8.5966     77.938 1.3606e-01     15.752     56.568  40.718974    -0.3597     3.1235    10.9866   999.6872     17.262     11.902 0.0000e+00
     12.144      0.025   294.1107     8.5905     77.977 1.3130e-01     15.752     56.579  40.725783    -0.3615     3.1792    10.9911   999.6868     17.273     11.910 0.0000e+00
     12.150      0.024   294.1051     8.5941     78.028 1.2946e-01     15.752     56.555  40.708561    -0.3697     3.2274    10.9933   999.6866     17.282     11.915 0.0000e+00
     12.153      0.022   294.1364     8.5938     78.091 1.3080e-01     15.752     56.548  40.701163    -0.3734     3.2938    10.9928   999.6867     17.286     11.918 0.0000e+00
     12.156      0.022   294.2315     8.5937     78.221 1.3167e-01     15.752     56.553  40.699811    -0.3574     3.3294    10.9875   999.6872     17.288     11.920 0.0000e+00
     12.161      0.023   294.3084     8.5994     78.351 1.3189e-01     15.753     56.551  40.692207    -0.3198     3.2812    10.9857   999.6874     17.294     11.924 0.0000e+00
     12.168      0.024   294.2923     8.6071     78.401 1.2832e-01     15.754     56.532  40.672697    -0.3000     3.2260    10.9896   999.6870     17.307     11.933 0.0000e+00
     12.177      0.025   294.2084     8.6070     78.371 1.2511e-01     15.754     56.513  40.654331    -0.3082     3.2451    10.9869   999.6873     17.321     11.942 0.0000e+00
     12.184      0.025   294.1547     8.6281     78.268 1.2975e-01     15.754     56.524  40.660573    -0.3234     3.2371    10.9804   999.6881     17.331     11.949 0.0000e+00
     12.191      0.024   294.1583     8.6487     78.168 1.3456e-01     15.754     56.557  40.684686    -0.3511     3.0956    10.9765   999.6884     17.339     11.954 0.0000e+00
     12.196      0.023   294.1668     8.6513     78.156 1.3080e-01     15.753     56.566  40.691978    -0.3764     2.9765    10.9698   999.6891     17.346     11.960 0.0000e+00
     12.200      0.021   294.2568     8.6525     78.228 1.2633e-01     15.753     56.556  40.685276    -0.3805     2.9644    10.9653   999.6896     17.352     11.964 0.0000e+00
     12.205      0.021   294.3860     8.6360     78.329 1.2485e-01     15.753     56.531  40.667128    -0.3532     2.9836    10.9647   999.6897     17.360     11.969 0.0000e+00
     12.211      0.022   294.3527     8.6209     78.372 1.2465e-01     15.753     56.527  40.662976    -0.3045     3.0374    10.9647   999.6898     17.368     11.975 0.0000e+00
     12.216      0.024   294.2845     8.6205     78.293 1.2551e-01     15.753     56.578  40.698546    -0.2968     3.0652    10.9659   999.6896     17.375     11.980 0.0000e+00
     12.221      0.028   294.3357     8.6305     78.193 1.2478e-01     15.753     56.604  40.716337    -0.3171     3.0103    10.9666   999.6896     17.382     11.985 0.0000e+00
     12.227      0.033   294.4554     8.6444     78.194 1.2376e-01     15.753     56.567  40.687672    -0.3206     2.9575    10.9668   999.6896     17.389     11.989 0.0000e+00
     12.235      0.039   294.4417     8.6553     78.279 1.2355e-01     15.753     56.549  40.669325    -0.3305     2.9760    10.9657   999.6897     17.401     11.997 0.0000e+00
     12.247      0.044   294.3419     8.6406     78.354 1.2358e-01     15.754     56.580  40.684926    -0.3508     3.0284    10.9630   999.6900     17.418     12.010 0.0000e+00
     12.261      0.048   294.3669     8.6215     78.300 1.2367e-01     15.754     56.586  40.685872    -0.3661     3.0407    10.9636   999.6901     17.439     12.024 0.0000e+00
     12.276      0.049   294.3998     8.6265     78.199 1.2402e-01     15.754     56.581  40.680754    -0.3716     3.0214    10.9639   999.6902     17.461     12.039 0.0000e+00
     12.290      0.046   294.3956     8.6367     78.193 1.2434e-01     15.754     56.591  40.686520    -0.3609     3.0016    10.9567   999.6909     17.482     12.053 0.0000e+00
     12.303      0.041   294.4019     8.6583     78.290 1.2409e-01     15.754     56.598  40.692111    -0.3322     2.9721    10.9498   999.6917     17.500     12.066 0.0000e+00
     12.313      0.035   294.3903     8.6458     78.421 1.2467e-01     15.754     56.584  40.684877    -0.3006     2.9737    10.9474   999.6920     17.514     12.076 0.0000e+00
     12.321      0.030   294.4271     8.6259     78.453 1.2553e-01     15.754     56.546  40.662532    -0.2940     2.9874    10.9457   999.6922     17.525     12.083 0.0000e+00
     12.326      0.025   294.5027     8.6295     78.363 1.2465e-01     15.753     56.557  40.675852    -0.3191     3.0001    10.9451   999.6923     17.533     12.088 0.0000e+00
     12.330      0.022   294.4442     8.6384     78.233 1.2363e-01     15.753     56.612  40.718977    -0.3557     3.0255    10.9452   999.6923     17.539     12.092 0.0000e+00
     12.334      0.021   294.3225     8.6638     78.148 1.2355e-01     15.753     56.636  40.739637    -0.3752     3.0198    10.9473   999.6921     17.542     12.095 0.0000e+00
     12.339      0.022   294.4073     8.6641     78.122 1.2360e-01     15.753     56.625  40.735225    -0.3639     3.0334    10.9528   999.6915     17.549     12.100 0.0000e+00
     12.344      0.023   294.6094     8.6503     78.134 1.2363e-01     15.752     56.615  40.729105    -0.3429     3.0525    10.9582   999.6910     17.559     12.106 0.0000e+00
     12.350      0.026   294.7008     8.6309     78.210 1.2367e-01     15.752     56.617  40.729127    -0.3302     3.0448    10.9605   999.6909     17.565     12.111 0.0000e+00
     12.357      0.028   294.6523     8.6200     78.307 1.2367e-01     15.753     56.631  40.735486    -0.3247     3.0088    10.9630   999.6907     17.575     12.118 0.0000e+00
     12.366      0.029   294.5385     8.6212     78.412 1.2363e-01     15.753     56.646  40.742502    -0.3142     2.9604    10.9672   999.6902     17.589     12.127 0.0000e+00
     12.374      0.029   294.5300     8.6152     78.505 1.2361e-01     15.753     56.662  40.750480    -0.3090     2.9746    10.9686   999.6901     17.600     12.135 0.0000e+00
     12.382      0.028   294.5499     8.6309     78.537 1.2355e-01     15.753     56.691  40.768474    -0.3195     3.0088    10.9663   999.6905     17.611     12.143 0.0000e+00
     12.390      0.026   294.5203     8.6407     78.566 1.2351e-01     15.753     56.696  40.769629    -0.3163     3.0304    10.9640   999.6907     17.622     12.150 0.0000e+00
     12.396      0.025   294.6022     8.6518     78.606 1.2352e-01     15.754     56.691  40.764445    -0.3090     3.0300    10.9601   999.6911     17.632     12.157 0.0000e+00
     12.401      0.025   294.6803     8.6702     78.614 1.2352e-01     15.754     56.700  40.769267    -0.3167     3.0042    10.9563   999.6915     17.639     12.162 0.0000e+00
     12.406      0.027   294.6038     8.6666     78.619 1.2355e-01     15.753     56.696  40.764455    -0.3328     2.9933    10.9546   999.6917     17.644     12.165 0.0000e+00
     12.411      0.030   294.5383     8.6703     78.645 1.2359e-01     15.753     56.707  40.769745    -0.3612     2.9667    10.9516   999.6921     17.651     12.170 0.0000e+00
     12.419      0.035   294.5766     8.6798     78.685 1.2364e-01     15.754     56.710  40.769735    -0.3830     2.9581    10.9499   999.6923     17.661     12.177 0.0000e+00
     12.429      0.040   294.5502     8.6775     78.736 1.2365e-01     15.755     56.707  40.764333    -0.3777     2.9925    10.9499   999.6923     17.676     12.187 0.0000e+00
     12.442      0.045   294.4772     8.6769     78.786 1.2358e-01     15.754     56.718  40.767906    -0.3639     3.0734    10.9475   999.6926     17.697     12.202 0.0000e+00
     12.455      0.048   294.5542     8.6826     78.879 1.2356e-01     15.754     56.698  40.749464    -0.3687     3.1802    10.9449   999.6930     17.715     12.215 0.0000e+00
     12.467      0.048   294.7072     8.6848     78.993 1.2359e-01     15.754     56.678  40.731767    -0.3783     3.1860    10.9433   999.6932     17.731     12.225 0.0000e+00
     12.481      0.045   294.7781     8.6950     79.035 1.2358e-01     15.754     56.697  40.744357    -0.3753     3.1773    10.9405   999.6934     17.753     12.240 0.0000e+00
     12.494      0.040   294.8085     8.6969     79.034 1.2358e-01     15.753     56.737  40.774741    -0.3607     3.1788    10.9362   999.6940     17.773     12.254 0.0000e+00
     12.504      0.034   294.8170     8.7071     79.025 1.2362e-01     15.753     56.743  40.781757    -0.3357     3.1008    10.9321   999.6944     17.786     12.263 0.0000e+00
     12.511      0.028   294.7955     8.7303     79.045 1.2362e-01     15.754     56.717  40.765707    -0.3207     3.0236    10.9296   999.6947     17.795     12.269 0.0000e+00
     12.516      0.021   294.8055     8.7285     79.129 1.2358e-01     15.754     56.724  40.771119    -0.3221     2.9665    10.9282   999.6949     17.803     12.275 0.0000e+00
     12.520      0.016   294.8525     8.7287     79.205 1.2355e-01     15.754     56.742  40.783719    -0.3336     2.9600    10.9295   999.6948     17.808     12.278 0.0000e+00
     12.523      0.012   294.9335     8.7263     79.254 1.2358e-01     15.754     56.752  40.791108    -0.3453     3.0133    10.9338   999.6944     17.812     12.280 0.0000e+00
     12.525      0.010   295.0107     8.7225     79.319 1.2362e-01     15.754     56.758  40.796977    -0.3496     3.0616    10.9362   999.6941     17.816     12.283 0.0000e+00
     12.527      0.010   295.0112     8.7392     79.377 1.2359e-01     15.754     56.746  40.791206    -0.3569     3.0635    10.9362   999.6942     17.817     12.284 0.0000e+00
     12.528      0.010   294.9403     8.7482     79.405 1.2352e-01     15.754     56.732  40.784813    -0.3671     3.0363    10.9350   999.6943     17.819     12.287 0.0000e+00
     12.531      0.010   294.9283     8.7484     79.404 1.2350e-01     15.753     56.725  40.783157    -0.3676     3.0409    10.9346   999.6944     17.823     12.289 0.0000e+00
     12.535      0.010   295.0383     8.7597     79.399 1.2351e-01     15.752     56.705  40.771191    -0.3635     3.0513    10.9365   999.6942     17.829     12.293 0.0000e+00
     12.539      0.009   295.1507     8.7646     79.391 1.2351e-01     15.752     56.695  40.767085    -0.3643     3.0580    10.9394   999.6939     17.834     12.297 0.0000e+00
     12.541      0.008   295.1686     8.7686     79.388 1.2354e-01     15.752     56.733  40.796987    -0.3682     3.0535    10.9425   999.6936     17.839     12.299 0.0000e+00
     12.543      0.006   295.0832     8.7651     79.403 1.2359e-01     15.752     56.755  40.815353    -0.3818     3.0315    10.9458   999.6933     17.841     12.301 0.0000e+00
     12.543      0.006   294.9783     8.7648     79.401 1.2361e-01     15.753     56.729  40.798723    -0.3856     3.0321    10.9475   999.6931     17.841     12.301 0.0000e+00
     12.544      0.006   294.9326     8.7647     79.432 1.2361e-01     15.753     56.709  40.786350    -0.3666     3.0606    10.9498   999.6929     17.841     12.301 0.0000e+00
     12.544      0.007   294.8752     8.7585     79.455 1.2363e-01     15.752     56.715  40.792707    -0.3521     3.1022    10.9533   999.6926     17.842     12.301 0.0000e+00
     12.545      0.010   294.8004     8.7684     79.360 1.2361e-01     15.752     56.735  40.812104    -0.3449     3.0890    10.9546   999.6924     17.843     12.302 0.0000e+00
     12.549      0.014   294.8029     8.7595     79.202 1.2358e-01     15.752     56.753  40.830459    -0.3366     3.0380    10.9568   999.6922     17.848     12.306 0.0000e+00
     12.554      0.017   294.8194     8.7644     79.058 1.2362e-01     15.753     56.736  40.824214    -0.3273     3.0342    10.9583   999.6921     17.856     12.311 0.0000e+00
     12.559      0.019   294.7414     8.7775     78.967 1.2362e-01     15.753     56.696  40.800082    -0.3088     3.0427    10.9595   999.6920     17.863     12.316 0.0000e+00
     12.565      0.020   294.7210     8.7579     78.944 1.2357e-01     15.752     56.685  40.792590    -0.2936     3.0045    10.9642   999.6915     17.872     12.322 0.0000e+00
     12.570      0.021   294.8301     8.7379     78.935 1.2355e-01     15.752     56.701  40.797109    -0.2968     2.9498    10.9696   999.6910     17.880     12.328 0.0000e+00
     12.574      0.022   294.8563     8.7201     78.910 1.2358e-01     15.751     56.708  40.791231    -0.3089     2.9651    10.9745   999.6905     17.886     12.332 0.0000e+00
     12.579      0.023   294.7790     8.7062     78.902 1.2363e-01     15.751     56.711  40.784979    -0.3163     3.0174    10.9799   999.6900     17.891     12.335 0.0000e+00
     12.585      0.023   294.8428     8.7082     79.004 1.2368e-01     15.752     56.717  40.784979    -0.3193     2.9981    10.9820   999.6898     17.899     12.341 0.0000e+00
     12.592      0.023   295.0249     8.7090     79.187 1.2366e-01     15.753     56.727  40.791231    -0.3162     2.9379    10.9748   999.6906     17.910     12.348 0.0000e+00
     12.600      0.021   295.0879     8.7083     79.290 1.2360e-01     15.752     56.732  40.797101    -0.3076     2.9075    10.9622   999.6918     17.920     12.356 0.0000e+00
     12.607      0.017   295.0879     8.7039     79.312 1.2360e-01     15.752     56.717  40.792479    -0.3109     2.9398    10.9542   999.6927     17.932     12.364 0.0000e+00
     12.612      0.013   295.0254     8.7125     79.327 1.2361e-01     15.752     56.714  40.798825    -0.3272     2.9848    10.9519   999.6930     17.941     12.369 0.0000e+00
     12.614      0.010   294.9340     8.7496     79.455 1.2363e-01     15.752     56.724  40.810356    -0.3525     2.9714    10.9507   999.6931     17.943     12.371 0.0000e+00
     12.612      0.010   294.9297     8.7528     79.650 1.2365e-01     15.752     56.719  40.804954    -0.3691     2.9496    10.9508   999.6931     17.939     12.369 0.0000e+00
     12.611      0.013   295.0592     8.7554     79.693 1.2362e-01     15.752     56.716  40.796985    -0.3750     2.9612    10.9581   999.6924     17.935     12.366 0.0000e+00
     12.612      0.019   295.2091     8.7476     79.583 1.2361e-01     15.752     56.701  40.777479    -0.3764     3.0097    10.9687   999.6913     17.937     12.366 0.0000e+00
     12.619      0.026   295.1079     8.7567     79.360 1.2367e-01     15.752     56.691  40.759526    -0.3664     3.0552    10.9716   999.6910     17.946     12.373 0.0000e+00
     12.630      0.031   294.9529     8.8031     79.190 1.2367e-01     15.752     56.721  40.770321    -0.3694     3.0302    10.9698   999.6912     17.962     12.384 0.0000e+00
     12.643      0.034   294.8840     8.7938     79.156 1.2361e-01     15.752     56.750  40.781037    -0.3839     2.9820    10.9647   999.6918     17.981     12.398 0.0000e+00
     12.654      0.035   294.7916     8.7929     79.178 1.2358e-01     15.752     56.731  40.762136    -0.3884     2.9879    10.9562   999.6928     17.999     12.410 0.0000e+00
     12.662      0.035   294.7831     8.7572     79.263 1.2351e-01     15.753     56.693  40.732215    -0.3767     3.0659    10.9473   999.6936     18.011     12.418 0.0000e+00
     12.667      0.035   294.8666     8.7334     79.280 1.2350e-01     15.754     56.703  40.736636    -0.3565     3.1701    10.9358   999.6949     18.015     12.421 0.0000e+00
     12.674      0.036   294.8544     8.7475     79.236 1.2357e-01     15.754     56.729  40.752112    -0.3636     3.1841    10.9262   999.6959     18.024     12.427 0.0000e+00
     12.683      0.039   294.8079     8.7349     79.275 1.2357e-01     15.754     56.702  40.728897    -0.3866     3.1324    10.9226   999.6963     18.039     12.437 0.0000e+00
