Data/DataNotYetUploadedToEDI/Raw_CTD/RawDownloads/072825_fcr40_S7809005.cnv
* Sea-Bird SBE19plus  Data File:
* FileName = C:\R\Reservoirs\Data\DataNotYetUploadedToEDI\Raw_CTD\RawDownloads\072825_fcr50_S7809_0005.hex
* Software version 2.8.0.119
* Temperature SN = 7809
* Conductivity SN = 7809
* System UpLoad Time = Jul 28 2025 17:39:47
* <ApplicationData>
* <Seaterm232>
# nquan = 15
# nvalues = 1469                        
# units = specified
# name 0 = depFM: Depth [fresh water, m]
# name 1 = dz/dtM: Descent Rate [m/s]
# name 2 = sbeox0Mg/L: Oxygen, SBE 43 [mg/l]
# name 3 = sbeox0PS: Oxygen, SBE 43 [% saturation]
# name 4 = specc: Specific Conductance [uS/cm]
# name 5 = c0uS/cm: Conductivity [uS/cm]
# name 6 = flECO-AFL: Fluorescence, WET Labs ECO-AFL/FL [mg/m^3]
# name 7 = ph: pH
# name 8 = orp: Oxidation Reduction Potential [mV]
# name 9 = par/sat/log: PAR/Logarithmic, Satlantic
# name 10 = turbWETntu0: Turbidity, WET Labs ECO [NTU]
# name 11 = prdM: Pressure, Strain Gauge [db]
# name 12 = prdE: Pressure, Strain Gauge [psi]
# name 13 = tv290C: Temperature [ITS-90, deg C]
# name 14 = flag:  0.000e+00
# span 0 =     -0.609,      5.633       
# span 1 =     -0.462,      0.137       
# span 2 =     4.8975,     8.7626       
# span 3 =     60.080,    108.245       
# span 4 =      1.465,     54.701       
# span 5 =   1.359897,  42.954705       
# span 6 =    -0.1131,     9.3601       
# span 7 =      7.970,     13.870       
# span 8 =  -501.1014,   388.3045       
# span 9 = 1.5212e-01, 2.9054e+03       
# span 10 =    -2.7502,   931.9531      
# span 11 =     -0.598,      5.524      
# span 12 =     -0.867,      8.012      
# span 13 =    13.3610,    28.5830      
# span 14 = 0.0000e+00, 0.0000e+00      
# interval = seconds: 0.25
# start_time = Jul 28 2025 13:33:18 [Instrument's time stamp, header]
# bad_flag = -9.990e-29
*END*
[from data line 579]
      2.195      0.024     4.9069     60.160     37.538  38.016223     3.2300      9.033   152.5422 3.2793e+01     5.8757      2.152      3.121    25.7595 0.0000e+00
      2.200      0.025     4.9003     60.255     37.652  38.107754     3.2641      9.024   152.6650 3.2488e+01     5.8917      2.157      3.128    25.7442 0.0000e+00
      2.206      0.026     4.8975     60.349     37.744  38.175084     3.2635      9.015   152.7753 3.2103e+01     5.8030      2.163      3.137    25.7139 0.0000e+00
      2.213      0.028     4.9018     60.453     37.795  38.195710     3.2227      9.006   152.9296 3.1687e+01     5.7933      2.170      3.147    25.6671 0.0000e+00
      2.221      0.030     4.9134     60.593     37.864  38.230185     3.1707      8.998   153.0677 3.1253e+01     5.8778      2.178      3.159    25.6272 0.0000e+00
      2.230      0.032     4.9240     60.766     37.940  38.274580     3.1422      8.989   153.1547 3.0817e+01     5.9365      2.187      3.172    25.6020 0.0000e+00
      2.239      0.033     4.9340     60.937     37.979  38.288233     3.1607      8.980   153.2074 3.0422e+01     5.8876      2.196      3.184    25.5698 0.0000e+00
      2.246      0.033     4.9455     61.099     38.039  38.331778     3.1697      8.972   153.2747 3.0080e+01     5.7646      2.203      3.195    25.5253 0.0000e+00
      2.254      0.033     4.9612     61.271     38.144  38.420303     3.1512      8.965   153.5387 2.9749e+01     5.7815      2.210      3.205    25.4764 0.0000e+00
      2.263      0.032     4.9813     61.456     38.215  38.470166     3.1442      8.957   153.9042 2.9416e+01     5.9205      2.219      3.219    25.4312 0.0000e+00
      2.272      0.031     4.9985     61.639     38.260  38.490431     3.1434      8.948   154.0793 2.9090e+01     5.9770      2.229      3.232    25.3975 0.0000e+00
      2.282      0.028     5.0127     61.837     38.330  38.538372     3.1252      8.941   154.1068 2.8795e+01     5.9181      2.238      3.245    25.3775 0.0000e+00
      2.289      0.025     5.0280     62.068     38.358  38.542125     3.0826      8.933   154.1518 2.8600e+01     5.7895      2.247      3.258    25.3598 0.0000e+00
      2.294      0.023     5.0477     62.364     38.258  38.408859     3.0686      8.925   154.2789 2.8545e+01     5.7876      2.251      3.265    25.3295 0.0000e+00
      2.297      0.022     5.0646     62.731     38.153  38.259611     3.0731      8.918   154.4392 2.8605e+01     5.8960      2.253      3.267    25.2901 0.0000e+00
      2.301      0.021     5.0834     63.074     38.267  38.323945     3.0527      8.911   154.6271 2.8769e+01     5.9041      2.256      3.272    25.2658 0.0000e+00
      2.307      0.019     5.1040     63.345     38.480  38.488601     3.0226      8.904   154.8296 2.9065e+01     5.8524      2.262      3.281    25.2409 0.0000e+00
      2.315      0.019     5.1304     63.657     38.448  38.410122     2.9929      8.897   154.9091 2.9626e+01     5.7827      2.270      3.293    25.1949 0.0000e+00
      2.321      0.018     5.1710     64.076     38.288  38.199942     2.9928      8.891   154.9858 3.0575e+01     5.7792      2.276      3.303    25.1373 0.0000e+00
      2.324      0.015     5.2086     64.472     38.373  38.231703     3.0300      8.885   155.2409 3.1695e+01     5.8779      2.279      3.306    25.0675 0.0000e+00
      2.327      0.012     5.2321     64.779     38.605  38.413328     3.0763      8.879   155.4982 3.2698e+01     5.9515      2.281      3.308    25.0018 0.0000e+00
      2.330      0.009     5.2586     65.096     38.600  38.365258     3.0947      8.872   155.6872 3.3441e+01     5.9173      2.286      3.314    24.9470 0.0000e+00
      2.332      0.007     5.3072     65.456     38.430  38.158086     3.0767      8.864   155.8922 3.3807e+01     5.8060      2.288      3.318    24.8822 0.0000e+00
      2.333      0.006     5.3504     65.727     38.499  38.192813     3.0517      8.858   155.9976 3.3725e+01     5.7327      2.288      3.319    24.8067 0.0000e+00
      2.334      0.006     5.3760     65.818     38.740  38.404358     3.0669      8.853   155.9288 3.3262e+01     5.7833      2.289      3.319    24.7428 0.0000e+00
      2.335      0.007     5.4065     65.792     38.795  38.431358     3.1273      8.847   155.8353 3.2667e+01     5.9047      2.290      3.321    24.6881 0.0000e+00
      2.337      0.008     5.4469     65.688     38.712  38.328865     3.1660      8.840   155.8990 3.2041e+01     5.9022      2.291      3.323    24.6364 0.0000e+00
      2.339      0.011     5.4791     65.523     38.762  38.370780     3.1516      8.835   156.0964 3.1248e+01     5.7885      2.293      3.325    24.5948 0.0000e+00
      2.342      0.014     5.4842     65.293     38.888  38.493940     3.1030      8.829   156.2433 3.0269e+01     5.7935      2.296      3.331    24.5609 0.0000e+00
      2.346      0.016     5.4862     64.999     38.888  38.485384     3.0609      8.824   156.2987 2.9164e+01     5.9285      2.301      3.338    24.5234 0.0000e+00
      2.351      0.018     5.4808     64.731     38.806  38.394234     3.0339      8.818   156.3368 2.8075e+01     5.9518      2.305      3.344    24.4898 0.0000e+00
      2.356      0.019     5.4656     64.493     38.822  38.407150     3.0098      8.812   156.3598 2.7291e+01     5.8008      2.311      3.351    24.4864 0.0000e+00
      2.362      0.019     5.4501     64.252     38.931  38.514625     2.9935      8.806   156.4042 2.6857e+01     5.7090      2.316      3.359    24.4931 0.0000e+00
      2.367      0.018     5.4195     64.034     38.971  38.551479     2.9788      8.801   156.5299 2.6570e+01     5.7975      2.321      3.366    24.4758 0.0000e+00
      2.371      0.017     5.4011     63.877     38.959  38.535462     2.9737      8.796   156.6753 2.6300e+01     5.9490      2.325      3.373    24.4587 0.0000e+00
      2.376      0.014     5.3831     63.799     39.003  38.574788     2.9650      8.791   156.7845 2.6016e+01     5.9360      2.330      3.380    24.4582 0.0000e+00
      2.380      0.012     5.3606     63.784     39.076  38.646212     2.9405      8.785   156.9042 2.5718e+01     5.7771      2.336      3.386    24.4597 0.0000e+00
      2.383      0.010     5.3426     63.839     39.133  38.701001     2.9345      8.780   157.0035 2.5378e+01     5.7016      2.338      3.390    24.4578 0.0000e+00
      2.383      0.008     5.3281     63.979     39.098  38.666118     2.9599      8.775   157.0391 2.4989e+01     5.7750      2.337      3.390    24.4496 0.0000e+00
      2.384      0.007     5.3249     64.186     38.973  38.541734     2.9895      8.770   157.0769 2.4561e+01     5.9129      2.338      3.391    24.4440 0.0000e+00
      2.386      0.006     5.3218     64.394     38.962  38.529690     3.0097      8.765   157.2023 2.4103e+01     5.8996      2.340      3.394    24.4442 0.0000e+00
      2.388      0.006     5.3266     64.545     39.082  38.647414     3.0295      8.760   157.3518 2.3704e+01     5.7507      2.342      3.396    24.4432 0.0000e+00
      2.391      0.007     5.3387     64.729     39.072  38.632507     3.0457      8.755   157.4209 2.3433e+01     5.6840      2.345      3.400    24.4410 0.0000e+00
      2.393      0.008     5.3576     65.045     38.927  38.476358     3.0638      8.752   157.4353 2.3261e+01     5.7428      2.347      3.404    24.4401 0.0000e+00
      2.393      0.010     5.3791     65.394     38.944  38.472767     3.0732      8.748   157.5262 2.3120e+01     5.8117      2.347      3.404    24.4398 0.0000e+00
      2.395      0.012     5.3879     65.652     39.150  38.652520     3.0427      8.744   157.7460 2.2965e+01     5.7655      2.348      3.405    24.4392 0.0000e+00
      2.398      0.014     5.3975     65.889     39.273  38.745965     3.0033      8.740   157.9412 2.2796e+01     5.6971      2.351      3.410    24.4348 0.0000e+00
      2.403      0.016     5.4312     66.204     39.205  38.650693     2.9888      8.737   157.9935 2.2591e+01     5.7018      2.357      3.418    24.4189 0.0000e+00
      2.408      0.019     5.4692     66.532     39.095  38.515876     3.0000      8.732   157.9485 2.2369e+01     5.7876      2.362      3.426    24.3911 0.0000e+00
      2.413      0.021     5.4894     66.715     39.114  38.511947     3.0554      8.727   157.9994 2.2182e+01     5.9148      2.367      3.433    24.3609 0.0000e+00
      2.418      0.023     5.5084     66.695     39.226  38.603152     3.1172      8.723   158.1784 2.1996e+01     5.9087      2.372      3.440    24.3254 0.0000e+00
      2.424      0.025     5.5415     66.593     39.246  38.603277     3.1224      8.719   158.3064 2.1776e+01     5.7822      2.377      3.446    24.2850 0.0000e+00
      2.430      0.027     5.5788     66.510     39.174  38.513428     3.1025      8.716   158.3428 2.1535e+01     5.7167      2.383      3.456    24.2512 0.0000e+00
      2.438      0.028     5.5998     66.377     39.205  38.532098     3.1012      8.712   158.3593 2.1289e+01     5.7661      2.391      3.469    24.2234 0.0000e+00
      2.447      0.028     5.5948     66.135     39.384  38.702074     3.1065      8.708   158.3343 2.1045e+01     5.8671      2.401      3.482    24.2008 0.0000e+00
      2.455      0.027     5.5839     65.860     39.545  38.855224     3.0910      8.705   158.3845 2.0824e+01     5.8791      2.408      3.493    24.1749 0.0000e+00
      2.461      0.026     5.5845     65.675     39.561  38.860806     3.0560      8.701   158.5361 2.0646e+01     5.7736      2.414      3.502    24.1480 0.0000e+00
      2.466      0.024     5.5774     65.600     39.484  38.769547     3.0501      8.697   158.5330 2.0503e+01     5.6856      2.419      3.509    24.1330 0.0000e+00
      2.472      0.023     5.5545     65.540     39.431  38.703687     3.0950      8.693   158.5192 2.0354e+01     5.7368      2.424      3.516    24.1283 0.0000e+00
      2.477      0.023     5.5267     65.405     39.438  38.699062     3.1484      8.690   158.6270 2.0181e+01     5.8804      2.429      3.523    24.1251 0.0000e+00
      2.483      0.022     5.5120     65.187     39.527  38.777064     3.1550      8.687   158.7178 2.0013e+01     5.8846      2.435      3.532    24.1108 0.0000e+00
      2.490      0.022     5.5123     64.958     39.651  38.885293     3.1252      8.684   158.7568 1.9849e+01     5.7881      2.442      3.542    24.0884 0.0000e+00
      2.497      0.021     5.5119     64.764     39.655  38.865367     3.1207      8.680   158.8406 1.9706e+01     5.8397      2.447      3.551    24.0695 0.0000e+00
      2.502      0.019     5.5026     64.581     39.612  38.789941     3.1417      8.677   158.9561 1.9595e+01     5.9629      2.453      3.558    24.0561 0.0000e+00
      2.506      0.017     5.4820     64.394     39.652  38.798241     3.1546      8.674   158.9495 1.9484e+01     5.9793      2.457      3.564    24.0448 0.0000e+00
      2.509      0.015     5.4617     64.208     39.720  38.838763     3.1434      8.671   159.0189 1.9394e+01     5.9016      2.461      3.568    24.0347 0.0000e+00
      2.513      0.013     5.4506     64.015     39.807  38.899094     3.1312      8.668   159.2782 1.9326e+01     5.8089      2.464      3.574    24.0066 0.0000e+00
      2.516      0.011     5.4405     63.839     39.891  38.956540     3.1654      8.665   159.4176 1.9251e+01     5.8149      2.467      3.578    23.9551 0.0000e+00
      2.519      0.011     5.4283     63.714     39.926  38.962172     3.2156      8.662   159.4138 1.9192e+01     5.9067      2.470      3.583    23.9133 0.0000e+00
      2.521      0.012     5.4166     63.645     39.964  38.967152     3.2301      8.659   159.4904 1.9150e+01     5.9621      2.472      3.586    23.8847 0.0000e+00
      2.522      0.013     5.4023     63.625     40.048  39.016701     3.2076      8.657   159.5698 1.9073e+01     5.9036      2.473      3.586    23.8536 0.0000e+00
      2.525      0.015     5.3890     63.665     40.118  39.053547     3.1776      8.656   159.5994 1.8951e+01     5.7806      2.475      3.590    23.8236 0.0000e+00
      2.530      0.017     5.3821     63.761     40.132  39.031853     3.1917      8.653   159.6756 1.8829e+01     5.8058      2.481      3.598    23.7913 0.0000e+00
      2.536      0.019     5.3814     63.901     40.141  39.008181     3.2278      8.650   159.8026 1.8724e+01     5.9349      2.487      3.606    23.7446 0.0000e+00
      2.541      0.019     5.3827     64.056     40.173  39.021125     3.2481      8.646   159.8451 1.8619e+01     6.0436      2.492      3.614    23.7051 0.0000e+00
      2.546      0.018     5.3896     64.170     40.223  39.061408     3.2626      8.644   159.8454 1.8523e+01     6.0959      2.498      3.623    23.6734 0.0000e+00
      2.551      0.016     5.4035     64.245     40.292  39.114477     3.2536      8.641   159.9783 1.8449e+01     6.0211      2.502      3.629    23.6223 0.0000e+00
      2.555      0.015     5.4203     64.379     40.363  39.155081     3.2471      8.639   160.0752 1.8384e+01     5.9928      2.506      3.634    23.5759 0.0000e+00
      2.557      0.015     5.4381     64.621     40.419  39.171547     3.2672      8.638   160.0703 1.8298e+01     6.0268      2.508      3.637    23.5564 0.0000e+00
      2.560      0.016     5.4493     64.954     40.479  39.186585     3.2801      8.635   160.0917 1.8183e+01     6.0229      2.510      3.642    23.5517 0.0000e+00
      2.564      0.016     5.4513     65.344     40.551  39.209930     3.2701      8.632   160.1613 1.8077e+01     6.0482      2.515      3.647    23.5416 0.0000e+00
      2.569      0.017     5.4653     65.748     40.591  39.199897     3.2459      8.629   160.3102 1.7982e+01     6.0253      2.520      3.654    23.5039 0.0000e+00
      2.574      0.017     5.4932     66.144     40.633  39.192132     3.2287      8.627   160.4290 1.7879e+01     6.0186      2.526      3.663    23.4510 0.0000e+00
      2.579      0.017     5.5264     66.489     40.726  39.242889     3.2211      8.626   160.4790 1.7786e+01     6.0706      2.530      3.670    23.3995 0.0000e+00
      2.583      0.016     5.5688     66.750     40.830  39.305868     3.2204      8.623   160.5704 1.7703e+01     6.1072      2.533      3.674    23.3437 0.0000e+00
      2.586      0.016     5.6085     66.961     40.891  39.318952     3.2116      8.621   160.6737 1.7633e+01     6.1188      2.536      3.679    23.2814 0.0000e+00
      2.590      0.017     5.6512     67.148     40.896  39.274088     3.1806      8.619   160.6960 1.7570e+01     6.1427      2.541      3.685    23.2151 0.0000e+00
      2.594      0.019     5.6876     67.287     40.937  39.271036     3.1631      8.617   160.5816 1.7486e+01     6.2939      2.544      3.690    23.1730 0.0000e+00
      2.599      0.021     5.7110     67.348     41.047  39.345446     3.1661      8.615   160.4954 1.7381e+01     6.3764      2.548      3.696    23.1359 0.0000e+00
      2.605      0.023     5.7356     67.376     41.150  39.412210     3.1666      8.613   160.6005 1.7253e+01     6.3543      2.554      3.704    23.0730 0.0000e+00
      2.613      0.024     5.7593     67.461     41.228  39.443626     3.1449      8.611   160.7340 1.7109e+01     6.3681      2.562      3.715    23.0087 0.0000e+00
      2.620      0.024     5.7794     67.624     41.239  39.407930     3.0784      8.608   160.7326 1.6984e+01     6.3722      2.569      3.726    22.9532 0.0000e+00
      2.626      0.024     5.7866     67.834     41.236  39.361300     3.0283      8.605   160.7552 1.6896e+01     6.4039      2.575      3.735    22.9216 0.0000e+00
      2.631      0.023     5.7877     68.055     41.305  39.387451     3.0387      8.603   160.9209 1.6822e+01     6.4101      2.580      3.743    22.8906 0.0000e+00
      2.637      0.021     5.8020     68.262     41.365  39.406764     3.0294      8.600   161.1017 1.6732e+01     6.3441      2.586      3.751    22.8314 0.0000e+00
