Data/DataNotYetUploadedToEDI/Raw_CTD/RawDownloads/072924_fcr10_S7809002.cnv
* Sea-Bird SBE19plus  Data File:
* FileName = C:\R\Reservoirs\Data\DataNotYetUploadedToEDI\Raw_CTD\RawDownloads\07302024_BVR50_FCR10_20_30_40_0002.hex
* Software version 2.8.0.119
* Temperature SN = 7809
* Conductivity SN = 7809
* System UpLoad Time = Jul 30 2024 12:54:22
* <ApplicationData>
* <Seaterm232>
# nquan = 15
# nvalues = 434                         
# units = specified
# name 0 = depFM: Depth [fresh water, m]
# name 1 = dz/dtM: Descent Rate [m/s]
# name 2 = sbeox0Mg/L: Oxygen, SBE 43 [mg/l]
# name 3 = sbeox0PS: Oxygen, SBE 43 [% saturation]
# name 4 = specc: Specific Conductance [uS/cm]
# name 5 = c0uS/cm: Conductivity [uS/cm]
# name 6 = flECO-AFL: Fluorescence, WET Labs ECO-AFL/FL [mg/m^3]
# name 7 = ph: pH
# name 8 = orp: Oxidation Reduction Potential [mV]
# name 9 = par/sat/log: PAR/Logarithmic, Satlantic
# name 10 = turbWETntu0: Turbidity, WET Labs ECO [NTU]
# name 11 = prdM: Pressure, Strain Gauge [db]
# name 12 = prdE: Pressure, Strain Gauge [psi]
# name 13 = tv290C: Temperature [ITS-90, deg C]
# name 14 = flag:  0.000e+00
# span 0 =     -0.642,      2.050       
# span 1 =     -0.020,      0.177       
# span 2 =     0.3623,     9.1371       
# span 3 =      4.360,    112.205       
# span 4 =      3.492,     50.810       
# span 5 =   3.541198,  50.224940       
# span 6 =    -0.1195,    64.9983       
# span 7 =      6.536,      7.057       
# span 8 =   117.8702,   419.7876       
# span 9 = 6.2862e+00, 3.6312e+02       
# span 10 =     0.7418,    50.2787      
# span 11 =     -0.630,      2.011      
# span 12 =     -0.914,      2.917      
# span 13 =    24.2631,    26.1513      
# span 14 = 0.0000e+00, 0.0000e+00      
# interval = seconds: 0.25
# start_time = Jul 29 2024 12:27:44 [Instrument's time stamp, header]
# bad_flag = -9.990e-29
*END*
[from data line 97]
     -0.093     -0.004     7.0901     88.498     42.530  43.513051    12.8296      6.806   138.6031 1.7168e+02     5.4607     -0.093     -0.135    26.1511 0.0000e+00
     -0.093      0.001     7.1259     88.399     42.529  43.511106    12.8371      6.811   138.6280 1.7035e+02     5.4365     -0.092     -0.134    26.1510 0.0000e+00
     -0.089      0.005     7.1502     88.125     42.506  43.485561    13.0012      6.817   138.7144 1.6955e+02     5.5074     -0.087     -0.127    26.1509 0.0000e+00
     -0.085      0.008     7.1611     87.659     42.481  43.458077    13.2747      6.822   138.8726 1.6954e+02     5.5669     -0.082     -0.119    26.1504 0.0000e+00
     -0.082      0.008     7.1621     87.044     42.458  43.432697    13.4047      6.826   138.9917 1.6978e+02     5.5072     -0.081     -0.117    26.1497 0.0000e+00
     -0.081      0.006     7.1571     86.319     42.460  43.432573    13.4086      6.830   139.0366 1.6955e+02     5.4000     -0.081     -0.117    26.1484 0.0000e+00
     -0.079      0.003     7.1360     85.536     42.486  43.456577    13.5216      6.835   139.1567 1.6927e+02     5.3976     -0.078     -0.113    26.1466 0.0000e+00
     -0.078      0.002     7.0961     84.748     42.499  43.469032    13.7469      6.840   139.2392 1.6918e+02     5.4785     -0.076     -0.110    26.1446 0.0000e+00
     -0.079      0.002     7.0466     83.997     42.487  43.456214    13.8684      6.844   139.2602 1.6930e+02     5.5233     -0.077     -0.111    26.1419 0.0000e+00
     -0.081      0.003     6.9864     83.303     42.461  43.428545    13.8589      6.846   139.4108 1.6935e+02     5.4954     -0.079     -0.115    26.1388 0.0000e+00
     -0.082      0.004     6.9215     82.642     42.422  43.388372    13.7566      6.846   139.5978 1.6835e+02     5.4156     -0.081     -0.118    26.1361 0.0000e+00
     -0.081      0.005     6.8574     81.973     42.387  43.351318    13.6059      6.847   139.8008 1.6699e+02     5.4125     -0.081     -0.117    26.1345 0.0000e+00
     -0.077      0.006     6.7950     81.267     42.398  43.361371    13.5516      6.850   139.9716 1.6598e+02     5.4920     -0.076     -0.110    26.1340 0.0000e+00
     -0.073      0.007     6.7405     80.551     42.420  43.382975    13.5582      6.852   140.0279 1.6557e+02     5.5224     -0.070     -0.100    26.1334 0.0000e+00
     -0.071      0.007     6.6881     79.900     42.397  43.358635    13.5446      6.853   140.0510 1.6530e+02     5.4729     -0.069     -0.100    26.1326 0.0000e+00
     -0.072      0.005     6.6353     79.304     42.361  43.320968    13.5782      6.856   140.0796 1.6455e+02     5.4061     -0.071     -0.103    26.1310 0.0000e+00
     -0.072      0.002     6.5786     78.707     42.350  43.308385    13.6807      6.859   140.2018 1.6505e+02     5.4319     -0.071     -0.103    26.1292 0.0000e+00
     -0.069      0.001     6.5159     78.082     42.376  43.333430    13.7520      6.863   140.4099 1.6669e+02     5.5105     -0.067     -0.097    26.1278 0.0000e+00
     -0.068      0.002     6.4652     77.446     42.412  43.369894    13.7579      6.866   140.5308 1.6880e+02     5.5371     -0.066     -0.095    26.1268 0.0000e+00
     -0.069      0.005     6.4191     76.873     42.412  43.368424    13.6938      6.869   140.5439 1.7170e+02     5.5155     -0.068     -0.098    26.1262 0.0000e+00
     -0.071      0.009     6.3709     76.411     42.361  43.315669    13.5767      6.870   140.5690 1.7405e+02     5.4538     -0.070     -0.102    26.1252 0.0000e+00
     -0.070      0.013     6.3214     76.034     42.287  43.239814    13.5156      6.871   140.6624 1.7468e+02     5.4737     -0.071     -0.101    26.1238 0.0000e+00
     -0.065      0.018     6.2663     75.634     42.262  43.212939    13.5294      6.871   140.2969 1.7364e+02     5.5852     -0.065     -0.094    26.1223 0.0000e+00
     -0.057      0.026     6.2189     75.160     42.293  43.244605    13.6022      6.866   139.4194 1.7191e+02     5.6071     -0.055     -0.080    26.1214 0.0000e+00
     -0.048      0.037     6.1818     74.741     42.291  43.241848    13.7045      6.857   139.0859 1.7080e+02     5.5325     -0.046     -0.067    26.1213 0.0000e+00
     -0.042      0.047     6.1550     74.535     42.230  43.179604    13.7433      6.850   139.1901 1.6986e+02     5.4351     -0.040     -0.060    26.1207 0.0000e+00
     -0.033      0.056     6.1269     74.554     42.176  43.126744    13.7381      6.847   139.1302 1.6252e+02     5.4200     -0.036     -0.051    26.1193 0.0000e+00
     -0.015      0.062     6.0819     74.620     42.159  43.110499    13.6831      6.846   139.0506 1.4975e+02     5.4864     -0.018     -0.027    26.1191 0.0000e+00
      0.010      0.065     6.0436     74.560     42.159  43.110132    13.5607      6.848   138.9162 1.4124e+02     5.5206      0.012      0.017    26.1180 0.0000e+00
      0.031      0.066     6.0254     74.398     42.171  43.122307    13.4814      6.852   138.9676 1.3580e+02     5.4916      0.031      0.046    26.1167 0.0000e+00
      0.047      0.065     6.0332     74.237     42.180  43.130756    13.4738      6.856   139.3275 1.3123e+02     5.4097      0.046      0.068    26.1199 0.0000e+00
      0.060      0.061     6.0462     74.157     42.136  43.085348    13.6183      6.858   139.5693 1.2760e+02     5.3847      0.061      0.089    26.1224 0.0000e+00
      0.071      0.057     6.0376     74.192     42.071  43.017576    13.8973      6.859   139.6534 1.2276e+02     5.4618      0.069      0.100    26.1222 0.0000e+00
      0.084      0.054     6.0220     74.266     42.063  43.009517    14.0500      6.862   139.6563 1.1583e+02     5.5225      0.080      0.115    26.1218 0.0000e+00
      0.102      0.054     6.0067     74.286     42.104  43.051374    14.0496      6.866   139.6038 1.0805e+02     5.5040      0.100      0.144    26.1206 0.0000e+00
      0.118      0.055     5.9987     74.307     42.133  43.079368    14.0349      6.871   139.7071 1.0279e+02     5.4430      0.118      0.171    26.1193 0.0000e+00
      0.130      0.057     6.0038     74.425     42.148  43.094106    14.1380      6.874   139.9589 9.8704e+01     5.4339      0.127      0.184    26.1190 0.0000e+00
      0.141      0.059     6.0150     74.636     42.158  43.102617    14.3473      6.876   140.3247 9.3075e+01     5.4965      0.137      0.197    26.1198 0.0000e+00
      0.156      0.060     6.0134     74.903     42.113  43.055332    14.4595      6.877   140.7742 8.6583e+01     5.5500      0.153      0.222    26.1199 0.0000e+00
      0.173      0.060     6.0107     75.145     42.027  42.966679    14.4467      6.879   141.0918 8.0444e+01     5.5346      0.169      0.246    26.1179 0.0000e+00
      0.190      0.059     6.0228     75.250     41.981  42.919322    14.3499      6.882   141.2398 7.5479e+01     5.4475      0.184      0.267    26.1156 0.0000e+00
      0.208      0.054     6.0399     75.165     41.989  42.927037    14.2137      6.886   141.3595 7.2479e+01     5.4180      0.205      0.298    26.1139 0.0000e+00
      0.224      0.047     6.0640     74.914     41.995  42.933026    14.1562      6.890   141.4201 7.1583e+01     5.4857      0.223      0.323    26.1127 0.0000e+00
      0.235      0.039     6.0881     74.529     41.991  42.928260    14.1867      6.894   141.4557 7.1985e+01     5.5156      0.231      0.335    26.1114 0.0000e+00
      0.240      0.033     6.0982     74.077     41.996  42.932877    14.5087      6.898   141.6180 7.2472e+01     5.4714      0.235      0.343    26.1108 0.0000e+00
      0.244      0.029     6.0894     73.628     41.991  42.925385    15.0867      6.901   141.8341 7.2469e+01     5.4293      0.239      0.348    26.1112 0.0000e+00
      0.249      0.027     6.0694     73.207     41.968  42.901141    15.3984      6.901   142.0897 7.2065e+01     5.4513      0.245      0.355    26.1111 0.0000e+00
      0.255      0.027     6.0359     72.842     41.962  42.893630    15.4219      6.903   142.4721 7.1139e+01     5.4980      0.249      0.361    26.1099 0.0000e+00
      0.265      0.025     5.9963     72.516     41.967  42.898043    15.2884      6.906   142.8445 6.9501e+01     5.5160      0.259      0.375    26.1087 0.0000e+00
      0.275      0.022     5.9613     72.149     41.962  42.891019    15.0327      6.909   142.9788 6.7372e+01     5.4983      0.272      0.395    26.1068 0.0000e+00
      0.283      0.017     5.9255     71.728     41.946  42.872167    14.8935      6.913   142.9768 6.5735e+01     5.4204      0.279      0.405    26.1048 0.0000e+00
      0.285      0.011     5.8959     71.300     41.937  42.860522    14.8875      6.917   143.1642 6.4876e+01     5.3940      0.282      0.409    26.1040 0.0000e+00
      0.284      0.006     5.8738     70.878     41.955  42.877160    14.9260      6.921   143.5242 6.4276e+01     5.4863      0.279      0.405    26.1030 0.0000e+00
      0.282      0.002     5.8446     70.475     41.963  42.882917    14.9845      6.925   143.8875 6.4059e+01     5.5460      0.276      0.400    26.1007 0.0000e+00
      0.282      0.000     5.8073     70.087     41.948  42.866655    15.0040      6.929   144.1151 6.4411e+01     5.5003      0.275      0.399    26.0980 0.0000e+00
      0.283      0.001     5.7747     69.714     41.953  42.870945    14.9789      6.933   144.0392 6.5139e+01     5.4463      0.277      0.402    26.0952 0.0000e+00
      0.284      0.002     5.7390     69.382     41.954  42.871319    14.8557      6.936   143.8297 6.5887e+01     5.4740      0.279      0.405    26.0928 0.0000e+00
      0.284      0.006     5.7072     69.099     41.955  42.871173    14.6462      6.940   143.9054 6.6326e+01     5.5271      0.279      0.404    26.0907 0.0000e+00
      0.284      0.012     5.6768     68.905     42.016  42.932645    14.5353      6.942   144.6972 6.6282e+01     5.5427      0.278      0.404    26.0893 0.0000e+00
      0.285      0.022     5.6442     68.873     42.062  42.979868    14.5222      6.939   145.9175 6.5707e+01     5.4921      0.278      0.404    26.0880 0.0000e+00
      0.288      0.037     5.6192     69.088     42.016  42.934371    14.5207      6.932   146.6995 6.4950e+01     5.3934      0.281      0.408    26.0865 0.0000e+00
      0.297      0.051     5.5939     69.553     41.970  42.890307    14.7092      6.925   147.1842 6.4643e+01     5.4425      0.288      0.418    26.0853 0.0000e+00
      0.313      0.065     5.5770     70.130     41.969  42.891407    15.0783      6.920   147.9062 6.4019e+01     5.6410      0.302      0.438    26.0846 0.0000e+00
      0.339      0.076     5.5713     70.663     41.960  42.884199    15.2795      6.916   148.5457 6.2543e+01     5.7446      0.333      0.483    26.0848 0.0000e+00
      0.365      0.083     5.5871     71.045     41.942  42.866621    15.2938      6.914   148.8074 6.1199e+01     5.7043      0.361      0.523    26.0855 0.0000e+00
      0.387      0.086     5.6303     71.225     41.944  42.869294    15.2596      6.914   149.0917 6.0375e+01     5.6314      0.377      0.548    26.0892 0.0000e+00
      0.408      0.085     5.6811     71.266     41.927  42.853042    15.2071      6.914   149.5733 5.9979e+01     5.6484      0.401      0.583    26.0943 0.0000e+00
      0.428      0.081     5.7266     71.300     41.872  42.797062    15.1920      6.916   150.0712 5.9529e+01     5.7403      0.421      0.612    26.0961 0.0000e+00
      0.447      0.076     5.7598     71.384     41.839  42.763686    15.2017      6.921   150.4662 5.8511e+01     5.7853      0.436      0.632    26.0963 0.0000e+00
      0.469      0.069     5.7727     71.515     41.841  42.766848    15.2991      6.925   150.7354 5.7201e+01     5.8171      0.460      0.666    26.0967 0.0000e+00
      0.490      0.060     5.7701     71.707     41.845  42.771822    15.4879      6.927   150.9167 5.6171e+01     5.8859      0.484      0.702    26.0972 0.0000e+00
      0.504      0.050     5.7719     71.965     41.835  42.760357    15.6029      6.931   151.0229 5.5461e+01     5.9333      0.496      0.720    26.0982 0.0000e+00
      0.514      0.040     5.7795     72.246     41.833  42.755162    15.6160      6.935   151.2461 5.5025e+01     5.9459      0.505      0.733    26.0995 0.0000e+00
      0.521      0.031     5.7890     72.489     41.854  42.772478    15.5714      6.939   151.5510 5.4705e+01     5.9022      0.512      0.743    26.1006 0.0000e+00
      0.525      0.026     5.8041     72.664     41.864  42.779303    15.4974      6.943   151.8697 5.4406e+01     5.7812      0.516      0.748    26.1007 0.0000e+00
      0.527      0.026     5.8265     72.776     41.861  42.774217    15.4530      6.946   152.2599 5.4342e+01     5.6777      0.517      0.750    26.0999 0.0000e+00
      0.532      0.029     5.8520     72.830     41.863  42.774446    15.4514      6.947   152.5685 5.4481e+01     5.6754      0.520      0.754    26.0963 0.0000e+00
      0.541      0.033     5.8731     72.807     41.872  42.782062    15.5277      6.949   152.8477 5.4575e+01     5.7189      0.529      0.767    26.0904 0.0000e+00
      0.553      0.039     5.8872     72.705     41.893  42.802831    15.6681      6.950   153.3134 5.4559e+01     5.7608      0.543      0.787    26.0859 0.0000e+00
      0.564      0.044     5.8961     72.592     42.049  42.962096    15.7425      6.950   153.9835 5.4533e+01     5.7714      0.555      0.805    26.0837 0.0000e+00
      0.574      0.048     5.9015     72.786     42.389  43.311350    15.7365      6.950   154.6690 5.4278e+01     5.7105      0.562      0.816    26.0822 0.0000e+00
      0.587      0.052     5.9005     74.513     42.669  43.598144    15.7124      6.950   155.4058 5.4050e+01     5.6394      0.575      0.834    26.0796 0.0000e+00
      0.601      0.055     5.8906     79.648     42.770  43.700384    15.5590      6.949   156.2672 5.3947e+01     5.6292      0.590      0.856    26.0795 0.0000e+00
      0.615      0.057     5.8761     87.949     42.795  43.722364    15.2880      6.948   156.9103 5.3350e+01     5.6892      0.600      0.870    26.0796 0.0000e+00
      0.632      0.059     5.8678     96.598     42.815  43.736953    15.1491      6.947   157.2448 5.2238e+01     5.7162      0.618      0.897    26.0802 0.0000e+00
      0.651      0.061     5.9208    103.526     42.831  43.749822    15.1618      6.945   157.3865 5.1336e+01     5.6823      0.642      0.930    26.0845 0.0000e+00
      0.666      0.062     6.3316    108.347     42.833  43.751000    15.4496      6.944   157.4186 5.0716e+01     5.6891      0.653      0.947    26.0830 0.0000e+00
      0.677      0.063     7.1321    111.177     42.833  43.751201    15.9904      6.944   157.5474 4.9857e+01     5.7298      0.663      0.962    26.0767 0.0000e+00
      0.691      0.063     7.8880    112.205     42.833  43.752260    16.2906      6.945   157.7387 4.8816e+01     5.7650      0.677      0.982    26.0707 0.0000e+00
      0.709      0.062     8.4466    111.645     42.845  43.763802    16.3237      6.946   157.9253 4.7649e+01     5.7738      0.693      1.007    26.0655 0.0000e+00
      0.729      0.059     8.8367    109.892     42.846  43.763803    16.2745      6.947   158.1690 4.6522e+01     5.7328      0.716      1.039    26.0648 0.0000e+00
      0.747      0.054     9.0571    107.688     42.835  43.752272    16.1787      6.948   158.4481 4.5767e+01     5.7137      0.735      1.066    26.0673 0.0000e+00
      0.761      0.047     9.1371    105.789     42.833  43.751330    16.1387      6.951   158.7183 4.5317e+01     5.7817      0.748      1.084    26.0676 0.0000e+00
      0.771      0.041     9.0824    104.488     42.833  43.752407    16.1577      6.953   159.0269 4.5062e+01     5.8374      0.757      1.098    26.0658 0.0000e+00
      0.778      0.038     8.9180    103.732     42.845  43.765300    16.3745      6.954   159.4259 4.4943e+01     5.7724      0.763      1.107    26.0644 0.0000e+00
