Data/DataNotYetUploadedToEDI/Raw_CTD/RawDownloads/072924_fcr40_S7809005.cnv
* Sea-Bird SBE19plus  Data File:
* FileName = C:\R\Reservoirs\Data\DataNotYetUploadedToEDI\Raw_CTD\RawDownloads\07302024_BVR50_FCR10_20_30_40_0005.hex
* Software version 2.8.0.119
* Temperature SN = 7809
* Conductivity SN = 7809
* System UpLoad Time = Jul 30 2024 12:55:35
* <ApplicationData>
* <Seaterm232>
# nquan = 15
# nvalues = 719                         
# units = specified
# name 0 = depFM: Depth [fresh water, m]
# name 1 = dz/dtM: Descent Rate [m/s]
# name 2 = sbeox0Mg/L: Oxygen, SBE 43 [mg/l]
# name 3 = sbeox0PS: Oxygen, SBE 43 [% saturation]
# name 4 = specc: Specific Conductance [uS/cm]
# name 5 = c0uS/cm: Conductivity [uS/cm]
# name 6 = flECO-AFL: Fluorescence, WET Labs ECO-AFL/FL [mg/m^3]
# name 7 = ph: pH
# name 8 = orp: Oxidation Reduction Potential [mV]
# name 9 = par/sat/log: PAR/Logarithmic, Satlantic
# name 10 = turbWETntu0: Turbidity, WET Labs ECO [NTU]
# name 11 = prdM: Pressure, Strain Gauge [db]
# name 12 = prdE: Pressure, Strain Gauge [psi]
# name 13 = tv290C: Temperature [ITS-90, deg C]
# name 14 = flag:  0.000e+00
# span 0 =     -0.632,      5.977       
# span 1 = -4.222e-13,      0.185       
# span 2 =     0.1241,     8.6674       
# span 3 =      1.349,    106.488       
# span 4 =      1.039,     69.335       
# span 5 =   0.963175,  56.841614       
# span 6 =    -0.1450,    37.2700       
# span 7 =      7.311,      7.587       
# span 8 =   108.1603,   200.3230       
# span 9 = 1.2363e-01, 4.4198e+02       
# span 10 =     0.6980,   491.4607      
# span 11 =     -0.620,      5.862      
# span 12 =     -0.900,      8.502      
# span 13 =    12.2232,    26.1603      
# span 14 = 0.0000e+00, 0.0000e+00      
# interval = seconds: 0.25
# start_time = Jul 29 2024 12:54:34 [Instrument's time stamp, header]
# bad_flag = -9.990e-29
*END*
[from data line 579]
      5.138      0.031     8.1452     76.136     56.403  42.021409     0.7442      7.452   179.7111 1.2385e-01    18.9909      5.038      7.308    12.2489 0.0000e+00
      5.146      0.027     8.1437     76.194     56.405  42.021513     0.7554      7.450   179.9077 1.2375e-01    19.0639      5.045      7.317    12.2475 0.0000e+00
      5.156      0.026     8.1461     76.251     56.407  42.021522     0.7471      7.450   180.1322 1.2370e-01    19.1533      5.057      7.334    12.2478 0.0000e+00
      5.166      0.026     8.1522     76.286     56.409  42.021513     0.7183      7.450   180.4461 1.2377e-01    19.2513      5.067      7.350    12.2492 0.0000e+00
      5.171      0.027     8.1575     76.299     56.411  42.021409     0.6901      7.449   180.7772 1.2382e-01    19.2580      5.071      7.356    12.2487 0.0000e+00
      5.175      0.030     8.1640     76.295     56.411  42.020255     0.6976      7.447   181.0384 1.2375e-01    19.2348      5.074      7.360    12.2465 0.0000e+00
      5.179      0.035     8.1722     76.283     56.396  42.007561     0.7256      7.446   181.2815 1.2367e-01    19.2101      5.077      7.365    12.2449 0.0000e+00
      5.186      0.042     8.1752     76.249     56.382  41.994867     0.7286      7.446   181.4803 1.2367e-01    19.1304      5.083      7.372    12.2436 0.0000e+00
      5.199      0.050     8.1773     76.190     56.383  41.993713     0.7175      7.446   181.6347 1.2377e-01    19.0559      5.096      7.392    12.2427 0.0000e+00
      5.217      0.056     8.1760     76.139     56.385  41.993609     0.7081      7.445   181.8575 1.2390e-01    18.9931      5.118      7.423    12.2418 0.0000e+00
      5.234      0.059     8.1757     76.085     56.385  41.993599     0.7062      7.443   182.1956 1.2389e-01    18.9860      5.134      7.446    12.2404 0.0000e+00
      5.250      0.056     8.1739     76.014     56.385  41.993597     0.7203      7.442   182.5391 1.2376e-01    19.0387      5.147      7.465    12.2383 0.0000e+00
      5.268      0.051     8.1643     75.958     56.384  41.993587     0.7289      7.441   182.7416 1.2370e-01    19.0842      5.167      7.494    12.2363 0.0000e+00
      5.283      0.046     8.1606     75.943     56.384  41.993472     0.7189      7.441   182.8365 1.2373e-01    19.0916      5.184      7.519    12.2352 0.0000e+00
      5.290      0.044     8.1564     75.958     56.383  41.992214     0.6738      7.441   182.9985 1.2376e-01    19.0256      5.188      7.525    12.2346 0.0000e+00
      5.294      0.047     8.1466     75.988     56.364  41.978377     0.6158      7.440   183.3234 1.2373e-01    18.9700      5.189      7.526    12.2347 0.0000e+00
      5.302      0.055     8.1388     76.034     56.328  41.953103     0.6003      7.439   183.6678 1.2373e-01    19.0333      5.198      7.538    12.2358 0.0000e+00
      5.315      0.065     8.1384     76.092     56.309  41.940513     0.6031      7.439   183.8925 1.2381e-01    19.1079      5.212      7.560    12.2363 0.0000e+00
      5.334      0.072     8.1407     76.143     56.325  41.953103     0.5751      7.438   184.0615 1.2386e-01    19.0179      5.227      7.582    12.2351 0.0000e+00
      5.362      0.072     8.1436     76.159     56.359  41.978387     0.5280      7.436   184.2487 1.2383e-01    18.8336      5.255      7.622    12.2346 0.0000e+00
      5.393      0.065     8.1486     76.141     56.376  41.992328     0.5159      7.436   184.4355 1.2379e-01    18.7578      5.295      7.678    12.2366 0.0000e+00
      5.412      0.053     8.1545     76.104     56.371  41.994731     0.5372      7.436   184.5993 1.2379e-01    18.7851      5.313      7.705    12.2392 0.0000e+00
      5.418      0.039     8.1620     76.057     56.376  42.007443     0.5452      7.434   184.7654 1.2379e-01    18.7874      5.313      7.706    12.2391 0.0000e+00
      5.419      0.028     8.1635     76.015     56.379  42.019097     0.5461      7.431   184.8953 1.2376e-01    18.7523      5.315      7.709    12.2388 0.0000e+00
      5.419      0.023     8.1604     75.983     56.358  42.008702     0.5636      7.430   185.0523 1.2371e-01    18.7355      5.314      7.707    12.2393 0.0000e+00
      5.420      0.025     8.1556     75.949     56.352  42.008712     0.5904      7.430   185.2864 1.2371e-01    18.7890      5.313      7.706    12.2437 0.0000e+00
      5.427      0.032     8.1483     75.928     56.353  42.019222     0.6036      7.430   185.4035 1.2375e-01    18.8540      5.321      7.717    12.2538 0.0000e+00
      5.439      0.038     8.1408     75.927     56.325  42.008833     0.5904      7.429   185.4360 1.2379e-01    18.8038      5.333      7.736    12.2641 0.0000e+00
      5.452      0.040     8.1384     75.928     56.328  42.010063     0.5725      7.427   185.5929 1.2380e-01    18.7278      5.347      7.755    12.2681 0.0000e+00
      5.467      0.039     8.1339     75.943     56.371  42.034088     0.5613      7.426   185.8371 1.2380e-01    18.7215      5.362      7.776    12.2670 0.0000e+00
      5.480      0.034     8.1285     75.959     56.396  42.045430     0.5633      7.426   186.0666 1.2380e-01    18.7615      5.376      7.797    12.2781 0.0000e+00
      5.488      0.030     8.1279     75.947     56.365  42.020242     0.5885      7.426   186.2161 1.2383e-01    18.8358      5.383      7.808    12.2936 0.0000e+00
      5.490      0.029     8.1266     75.917     56.317  41.983427     0.5990      7.425   186.3543 1.2385e-01    18.8341      5.384      7.809    12.2904 0.0000e+00
      5.491      0.031     8.1314     75.898     56.316  41.981130     0.5822      7.424   186.6196 1.2382e-01    18.7411      5.384      7.808    12.2787 0.0000e+00
      5.496      0.036     8.1359     75.878     56.330  41.992462     0.5684      7.423   186.9283 1.2380e-01    18.7016      5.388      7.813    12.2720 0.0000e+00
      5.508      0.043     8.1343     75.821     56.326  41.993501     0.5739      7.423   187.1613 1.2381e-01    18.8352      5.399      7.830    12.2719 0.0000e+00
      5.525      0.048     8.1290     75.762     56.320  41.993698     0.5915      7.422   187.2851 1.2377e-01    19.0242      5.420      7.861    12.2722 0.0000e+00
      5.541      0.049     8.1275     75.742     56.319  41.994852     0.5895      7.420   187.3930 1.2375e-01    19.0390      5.435      7.882    12.2687 0.0000e+00
      5.556      0.047     8.1295     75.734     56.334  42.007452     0.5750      7.420   187.6057 1.2380e-01    18.9462      5.448      7.901    12.2692 0.0000e+00
      5.569      0.042     8.1190     75.725     56.343  42.019107     0.6075      7.419   187.8782 1.2382e-01    18.8928      5.464      7.927    12.2740 0.0000e+00
      5.576      0.038     8.1094     75.726     56.318  42.008834     0.6903      7.419   188.1074 1.2383e-01    18.8715      5.470      7.933    12.2793 0.0000e+00
      5.580      0.034     8.1100     75.714     56.308  42.010196     0.7445      7.418   188.3119 1.2381e-01    18.8600      5.470      7.933    12.2797 0.0000e+00
      5.588      0.032     8.1095     75.681     56.332  42.035584     0.7383      7.416   188.4578 1.2376e-01    18.8218      5.479      7.946    12.2796 0.0000e+00
      5.598      0.032     8.1060     75.659     56.359  42.061916     0.7152      7.416   188.4941 1.2372e-01    18.7515      5.491      7.964    12.2847 0.0000e+00
      5.608      0.034     8.1064     75.656     56.362  42.074694     0.6730      7.416   188.5783 1.2369e-01    18.6925      5.501      7.978    12.2925 0.0000e+00
      5.615      0.036     8.1047     75.675     56.330  42.063152     0.6196      7.415   188.7883 1.2374e-01    18.7237      5.507      7.987    12.3016 0.0000e+00
      5.622      0.036     8.0968     75.719     56.301  42.049314     0.6024      7.414   189.0533 1.2383e-01    18.8210      5.512      7.994    12.3086 0.0000e+00
      5.633      0.036     8.0944     75.766     56.277  42.034329     0.5899      7.413   189.2013 1.2383e-01    18.8440      5.523      8.011    12.3119 0.0000e+00
      5.646      0.038     8.0925     75.813     56.247  42.008921     0.5677      7.413   189.2018 1.2380e-01    18.7966      5.539      8.033    12.3210 0.0000e+00
      5.654      0.042     8.0907     75.858     56.247  41.995981     0.5671      7.412   189.2317 1.2375e-01    18.7268      5.546      8.044    12.3360 0.0000e+00
      5.661      0.044     8.0964     75.873     56.280  42.004805     0.5829      7.412   189.3900 1.2368e-01    18.7178      5.549      8.048    12.3411 0.0000e+00
      5.672      0.048     8.1007     75.851     56.271  41.988649     0.6001      7.411   189.6537 1.2367e-01    18.7901      5.560      8.064    12.3441 0.0000e+00
      5.688      0.055     8.1047     75.805     56.197  41.927571     0.5843      7.410   189.9252 1.2372e-01    18.8156      5.580      8.093    12.3442 0.0000e+00
      5.702      0.061     8.1149     75.750     56.180  41.901020     0.5409      7.408   190.1771 1.2372e-01    18.7866      5.594      8.113    12.3298 0.0000e+00
      5.714      0.063     8.1192     75.693     56.231  41.921499     0.5170      7.407   190.2901 1.2373e-01    18.7464      5.600      8.122    12.3114 0.0000e+00
      5.734      0.061     8.1180     75.632     56.245  41.921275     0.5202      7.406   190.2594 1.2376e-01    18.7397      5.620      8.151    12.3040 0.0000e+00
      5.758      0.056     8.1124     75.607     56.220  41.898292     0.5373      7.405   190.2352 1.2381e-01    18.8075      5.652      8.199    12.3054 0.0000e+00
      5.775      0.051     8.1078     75.625     56.222  41.897500     0.5417      7.404   190.2566 1.2381e-01    18.8485      5.669      8.222    12.2913 0.0000e+00
      5.782      0.045     8.1081     75.654     56.244  41.911691     0.5234      7.403   190.4318 1.2376e-01    18.7924      5.668      8.221    12.2690 0.0000e+00
      5.788      0.038     8.0991     75.695     56.204  41.879466     0.5074      7.403   190.6337 1.2376e-01    18.7443      5.675      8.231    12.2618 0.0000e+00
      5.796      0.034     8.0964     75.746     56.138  41.825215     0.5148      7.402   190.6320 1.2378e-01    18.8137      5.685      8.245    12.2603 0.0000e+00
      5.803      0.034     8.1021     75.788     56.149  41.826974     0.5371      7.400   190.5835 1.2380e-01    18.9482      5.691      8.253    12.2578 0.0000e+00
      5.811      0.034     8.1034     75.798     56.170  41.837254     0.5363      7.400   190.6500 1.2373e-01    19.0038      5.697      8.263    12.2563 0.0000e+00
      5.823      0.034     8.1093     75.778     56.155  41.822572     0.5131      7.400   190.8335 1.2367e-01    18.9737      5.709      8.281    12.2542 0.0000e+00
      5.834      0.033     8.1159     75.743     56.182  41.839857     0.5067      7.399   191.0814 1.2372e-01    18.9601      5.723      8.301    12.2500 0.0000e+00
      5.842      0.031     8.1228     75.698     56.208  41.855827     0.5334      7.397   191.1519 1.2377e-01    19.1128      5.730      8.310    12.2431 0.0000e+00
      5.849      0.029     8.1251     75.673     56.170  41.825247     0.5779      7.396   190.9975 1.2382e-01    19.3852      5.735      8.317    12.2372 0.0000e+00
      5.854      0.028     8.1215     75.670     56.121  41.787468     0.5956      7.396   190.8485 1.2382e-01    19.4867      5.742      8.327    12.2357 0.0000e+00
      5.859      0.029     8.1196     75.671     56.113  41.779870     0.5816      7.395   190.8131 1.2380e-01    19.4854      5.745      8.332    12.2336 0.0000e+00
      5.865      0.032     8.1131     75.673     56.138  41.796854     0.6076      7.393   190.9138 1.2384e-01    20.0531      5.750      8.341    12.2295 0.0000e+00
      5.875      0.034     8.1108     75.673     56.145  41.802400     0.6939      7.393   191.1193 1.2379e-01    21.1581      5.760      8.356    12.2278 0.0000e+00
      5.886      0.035     8.1124     75.692     56.117  41.783462     0.7587      7.393   191.3190 1.2369e-01    21.8466      5.771      8.371    12.2269 0.0000e+00
      5.897      0.036     8.1115     75.721     56.081  41.758282     0.8168      7.393   191.4363 1.2373e-01    22.5356      5.784      8.389    12.2249 0.0000e+00
      5.906      0.036     8.1140     75.736     56.072  41.751841     1.4385      7.392   191.5049 1.2382e-01    29.5575      5.793      8.404    12.2232 0.0000e+00
      5.913      0.034     8.1113     75.755     56.096  41.769043     2.5989      7.391   191.6316 1.2384e-01    42.5280      5.796      8.407    12.2238 0.0000e+00
      5.922      0.029     8.1135     75.781     56.105  41.775867     3.2528      7.390   191.8503 1.2380e-01    49.7944      5.806      8.420    12.2260 0.0000e+00
      5.932      0.025     8.1187     75.806     56.096  41.770872     3.4272      7.388   192.1703 1.2374e-01    51.9317      5.821      8.441    12.2287 0.0000e+00
      5.940      0.021     8.1178     75.826     56.095  41.772131     4.4746      7.387   192.4898 1.2377e-01    67.6183      5.827      8.451    12.2282 0.0000e+00
      5.942      0.018     8.1210     75.833     56.118  41.791088     6.3621      7.386   192.6149 1.2385e-01    96.2979      5.827      8.452    12.2257 0.0000e+00
      5.943      0.014     8.1240     75.827     56.136  41.809663     7.3967      7.385   192.6509 1.2386e-01   112.5069      5.828      8.453    12.2266 0.0000e+00
      5.945      0.012     8.1260     75.815     56.119  41.806325     7.5710      7.383   192.7531 1.2380e-01   119.7874      5.829      8.455    12.2287 0.0000e+00
      5.948      0.011     8.1284     75.790     56.115  41.814201     8.4610      7.382   192.8178 1.2376e-01   183.4722      5.833      8.461    12.2301 0.0000e+00
      5.952      0.012     8.1293     75.747     56.139  41.841439    10.0668      7.381   192.8308 1.2376e-01   299.9255      5.837      8.466    12.2313 0.0000e+00
      5.956      0.012     8.1268     75.713     56.180  41.881787    10.9320      7.380   192.9111 1.2379e-01   363.6280      5.841      8.472    12.2355 0.0000e+00
      5.960      0.011     8.1246     75.716     56.219  41.921228    10.9487      7.378   193.0140 1.2384e-01   372.0952      5.844      8.477    12.2448 0.0000e+00
      5.962      0.009     8.1204     75.733     56.227  41.937499    10.3186      7.378   193.0421 1.2384e-01   402.8818      5.847      8.481    12.2553 0.0000e+00
      5.964      0.007     8.1134     75.741     56.229  41.951595     8.7558      7.378   193.1650 1.2375e-01   458.4917      5.848      8.483    12.2638 0.0000e+00
      5.965      0.005     8.1058     75.764     56.228  41.964725     7.2932      7.376   193.4673 1.2370e-01   488.7981      5.848      8.483    12.2711 0.0000e+00
      5.966      0.004     8.1060     75.789     56.219  41.969333     6.7676      7.374   193.6864 1.2372e-01   491.4607      5.850      8.484    12.2812 0.0000e+00
      5.966      0.004     8.1091     75.810     56.260  42.007321     6.6540      7.374   193.7497 1.2373e-01   491.0276      5.850      8.485    12.2892 0.0000e+00
      5.967      0.004     8.1042     75.859     56.305  42.043220     6.0523      7.374   193.8026 1.2372e-01   483.6631      5.851      8.486    12.2998 0.0000e+00
      5.968      0.004     8.1058     75.934     56.273  42.022552     5.0018      7.373   193.8947 1.2377e-01   470.1559      5.852      8.488    12.3148 0.0000e+00
      5.969      0.004     8.1073     75.980     56.249  42.011326     4.4398      7.371   194.0032 1.2382e-01   462.6092      5.853      8.489    12.3252 0.0000e+00
      5.970      0.004     8.1059     75.970     56.270  42.034436     4.3603      7.370   194.1679 1.2380e-01   459.4025      5.855      8.492    12.3310 0.0000e+00
      5.972      0.003     8.1111     75.937     56.285  42.048087     3.9571      7.368   194.4241 1.2375e-01   431.4523      5.856      8.494    12.3322 0.0000e+00
