Data/DataNotYetUploadedToEDI/Raw_CTD/RawDownloads/0729224_fcr50__SB7809006.cnv
* Sea-Bird SBE19plus  Data File:
* FileName = C:\R\Reservoirs\Data\DataNotYetUploadedToEDI\Raw_CTD\RawDownloads\0730224_fcr50_SB7809_0008.hex
* Software version 2.8.0.119
* Temperature SN = 7809
* Conductivity SN = 7809
* System UpLoad Time = Jul 30 2024 15:58:10
* <ApplicationData>
* <Seaterm232>
# nquan = 15
# nvalues = 950                         
# units = specified
# name 0 = depFM: Depth [fresh water, m]
# name 1 = dz/dtM: Descent Rate [m/s]
# name 2 = sbeox0Mg/L: Oxygen, SBE 43 [mg/l]
# name 3 = sbeox0PS: Oxygen, SBE 43 [% saturation]
# name 4 = specc: Specific Conductance [uS/cm]
# name 5 = c0uS/cm: Conductivity [uS/cm]
# name 6 = flECO-AFL: Fluorescence, WET Labs ECO-AFL/FL [mg/m^3]
# name 7 = ph: pH
# name 8 = orp: Oxidation Reduction Potential [mV]
# name 9 = par/sat/log: PAR/Logarithmic, Satlantic
# name 10 = turbWETntu0: Turbidity, WET Labs ECO [NTU]
# name 11 = prdM: Pressure, Strain Gauge [db]
# name 12 = prdE: Pressure, Strain Gauge [psi]
# name 13 = tv290C: Temperature [ITS-90, deg C]
# name 14 = flag:  0.000e+00
# span 0 =     -0.642,      9.557       
# span 1 =     -0.195,      0.234       
# span 2 =     0.1407,     9.3402       
# span 3 =      1.391,    115.386       
# span 4 =      0.790,    484.845       
# span 5 =   0.734100, 361.821943       
# span 6 =    -0.1036,    69.2343       
# span 7 =      5.566,      7.466       
# span 8 =   104.6549,   494.6533       
# span 9 = 1.2359e-01, 4.2917e+02       
# span 10 =    -0.3139,   100.6171      
# span 11 =     -0.630,      9.376      
# span 12 =     -0.914,     13.598      
# span 13 =    12.2381,    26.3759      
# span 14 = 0.0000e+00, 0.0000e+00      
# interval = seconds: 0.25
# start_time = Jul 29 2024 13:32:53 [Instrument's time stamp, header]
# bad_flag = -9.990e-29
*END*
     -0.642 3.4574e-26     8.2278     93.184      0.820   0.761844    -0.0604      5.600   485.1587 2.8461e+02     2.2353     -0.629     -0.913    21.4596 0.0000e+00
     -0.642 3.8032e-25     8.2292     93.215      0.832   0.773245    -0.0645      5.600   485.7753 2.8309e+02     2.1261     -0.630     -0.913    21.4596 0.0000e+00
     -0.642 4.1835e-24     8.2321     93.229      0.844   0.784553    -0.0677      5.600   485.7304 2.9521e+02     1.8726     -0.629     -0.913    21.4598 0.0000e+00
     -0.642 4.6018e-23     8.2304     93.226      0.831   0.771885    -0.0661      5.601   485.8203 3.1357e+02     1.5281     -0.629     -0.913    21.4599 0.0000e+00
     -0.642 5.0620e-22     8.2315     93.231      0.804   0.746758    -0.0705      5.601   486.7772 3.2667e+02     1.3074     -0.629     -0.913    21.4598 0.0000e+00
     -0.642 5.5682e-21     8.2365     93.231      0.790   0.734100    -0.0786      5.600   488.0932 3.3877e+02     1.2194     -0.630     -0.913    21.4599 0.0000e+00
     -0.642 6.1250e-20     8.2374     93.214      0.802   0.745513    -0.0730      5.600   488.4825 3.5686e+02     1.2161     -0.629     -0.913    21.4599 0.0000e+00
     -0.642 6.7375e-19     8.2355     93.201      0.816   0.758076    -0.0614      5.600   488.3006 3.7843e+02     1.2331     -0.630     -0.913    21.4600 0.0000e+00
     -0.642 7.4113e-18     8.2366     93.192      0.817   0.759320    -0.0625      5.600   488.4748 3.9236e+02     1.2211     -0.630     -0.914    21.4599 0.0000e+00
     -0.642 8.1524e-17     8.2384     93.187      0.818   0.760557    -0.0613      5.600   488.7809 3.9961e+02     1.2416     -0.629     -0.913    21.4602 0.0000e+00
     -0.642 8.9676e-16     8.2341     93.196      0.832   0.773036    -0.0464      5.601   489.3355 4.1055e+02     1.2755     -0.629     -0.913    21.4604 0.0000e+00
     -0.642 9.8644e-15     8.2342     93.209      0.843   0.783515    -0.0499      5.601   490.5343 4.2301e+02     1.1866     -0.629     -0.913    21.4603 0.0000e+00
     -0.642 1.0851e-13     8.2332     93.212      0.818   0.760577    -0.0784      5.601   491.4873 4.2917e+02     1.0209     -0.630     -0.913    21.4603 0.0000e+00
     -0.642 1.1936e-12     8.2320     93.202      0.806   0.749062    -0.0913      5.600   492.1683 4.2848e+02     0.9450     -0.629     -0.913    21.4604 0.0000e+00
     -0.642 1.3130e-11     8.2337     93.199      0.830   0.770952    -0.0808      5.600   493.3481 4.2439e+02     0.9522     -0.629     -0.913    21.4604 0.0000e+00
     -0.642 1.4442e-10     8.2349     93.209      0.830   0.771894    -0.0684      5.601   494.6533 4.1574e+02     0.9381     -0.629     -0.913    21.4606 0.0000e+00
     -0.642 1.5887e-09     8.2357     93.208      0.818   0.760455    -0.0663      5.601   494.1832 4.0026e+02     0.8091     -0.630     -0.913    21.4607 0.0000e+00
     -0.642 1.7475e-08     8.2338     93.188      0.817   0.759321    -0.0715      5.601   491.8804 3.8395e+02     0.7239     -0.630     -0.913    21.4608 0.0000e+00
     -0.642 1.9223e-07     8.2328     93.177      0.816   0.758190    -0.0725      5.601   490.9865 3.7058e+02     0.7616     -0.630     -0.913    21.4609 0.0000e+00
     -0.642 3.5242e-07     8.2352     93.181      0.804   0.746770    -0.0705      5.601   492.0656 3.5369e+02     0.7530     -0.630     -0.913    21.4608 0.0000e+00
     -0.642 1.9223e-07     8.2358     93.196      0.805   0.747920    -0.0728      5.600   493.3985 3.3399e+02     0.7230     -0.629     -0.913    21.4609 0.0000e+00
     -0.642 1.7476e-08     8.2318     93.209      0.831   0.772104    -0.0752      5.600   491.0989 3.1579e+02     0.7749     -0.629     -0.913    21.4610 0.0000e+00
     -0.642 1.5887e-09     8.2316     93.201      0.846   0.785819    -0.0664      5.598   450.0655 2.9826e+02     0.8338     -0.630     -0.914    21.4611 0.0000e+00
     -0.642 1.4442e-10     8.2317     93.195      0.847   0.787067    -0.0662      5.596   378.8513 2.8970e+02     0.7853     -0.629     -0.913    21.4613 0.0000e+00
     -0.642 1.3130e-11     8.2331     93.190      0.847   0.787189    -0.0730      5.596   351.2350 2.9264e+02     0.7357     -0.629     -0.913    21.4615 0.0000e+00
     -0.642 1.1936e-12     8.2361     93.086      0.847   0.787304    -0.0569      5.598   362.6620 2.9680e+02     0.7807     -0.629     -0.913    21.4614 0.0000e+00
     -0.642 1.0851e-13     8.2338     92.759      0.848   0.788456    -0.0549      5.599   376.5111 3.0037e+02     0.7830     -0.629     -0.913    21.4613 0.0000e+00
     -0.642 9.8645e-15     8.2319     92.176      0.862   0.801115    -0.0816      5.599   388.9371 3.0520e+02     0.6949     -0.629     -0.912    21.4619 0.0000e+00
     -0.642 8.9675e-16     8.2356     91.404      0.876   0.813681    -0.0885      5.599   391.5011 3.0690e+02     0.6379     -0.629     -0.913    21.4618 0.0000e+00
     -0.642 8.1525e-17     8.2317     90.592      0.876   0.813707    -0.0710      5.599   387.5516 3.0018e+02     0.6741     -0.629     -0.913    21.4617 0.0000e+00
     -0.642 7.4115e-18     8.2029     89.882      0.862   0.801436    -0.0620      5.599   385.2357 2.8681e+02     0.7563     -0.629     -0.913    21.4620 0.0000e+00
     -0.642 6.7375e-19     8.1501     89.330      0.852   0.791986    -0.0716      5.599   386.0420 2.7777e+02     0.7780     -0.629     -0.913    21.4619 0.0000e+00
     -0.642 6.1250e-20     8.0761     88.950      0.889   0.826131    -0.0789      5.598   392.7409 2.7947e+02     0.7653     -0.629     -0.913    21.4619 0.0000e+00
     -0.642 5.5680e-21     7.9991     88.749      0.966   0.897577    -0.0673      5.594   405.5741 2.8607e+02     0.8082     -0.629     -0.913    21.4620 0.0000e+00
     -0.642 5.0620e-22     7.9357     88.723      1.441   1.339143    -0.0557      5.591   413.8690 2.9073e+02     0.7845     -0.629     -0.913    21.4619 0.0000e+00
     -0.642 4.6019e-23     7.8863     88.827      2.067   1.921118    -0.0631      5.594   413.9640 2.9522e+02     0.6837     -0.629     -0.913    21.4620 0.0000e+00
     -0.642 4.1835e-24     7.8532     88.990      1.926   1.789998    -0.0654      5.595   410.4230 3.0512e+02     0.6823     -0.629     -0.912    21.4620 0.0000e+00
     -0.642 3.8035e-25     7.8344     89.155      1.439   1.337439    -0.0500      5.594   409.2554 3.2132e+02     0.7335     -0.629     -0.913    21.4619 0.0000e+00
     -0.642 3.4851e-26     7.8342     89.301      1.223   1.136620    -0.0510      5.594   415.8497 3.4015e+02     0.7219     -0.629     -0.913    21.4621 0.0000e+00
     -0.642 6.1889e-27     7.8454     89.429      1.017   0.945433    -0.0703      5.594   422.0970 3.5626e+02     0.7120     -0.628     -0.912    21.4623 0.0000e+00
     -0.642 3.3789e-26     7.8623     89.536      1.064   0.989345    -0.0838      5.594   423.8760 3.6691e+02     0.7167     -0.629     -0.913    21.4623 0.0000e+00
     -0.642 3.6856e-25     7.8769     89.630      1.794   1.667502    -0.0968      5.595   424.9700 3.7279e+02     0.6766     -0.629     -0.912    21.4622 0.0000e+00
     -0.642 4.0539e-24     7.8894     89.717      2.411   2.240731    -0.1036      5.595   425.8590 3.7450e+02     0.6369     -0.629     -0.913    21.4623 0.0000e+00
     -0.642 4.4593e-23     7.9017     89.796      1.979   1.839374    -0.0911      5.596   428.0009 3.7034e+02     0.6467     -0.628     -0.912    21.4624 0.0000e+00
     -0.642 4.9052e-22     7.9099     89.858      1.207   1.121977    -0.0704      5.596   431.8520 3.5551e+02     0.6929     -0.629     -0.913    21.4625 0.0000e+00
     -0.641 5.3958e-21     7.9188     89.904      0.915   0.851072    -0.0610      5.596   434.6516 3.3261e+02     0.7170     -0.629     -0.912    21.4626 0.0000e+00
     -0.641 5.9353e-20     7.9258     89.947      0.840   0.780853    -0.0692      5.596   435.7807 3.0672e+02     0.6993     -0.628     -0.912    21.4630 0.0000e+00
     -0.641 6.5289e-19     7.9335     89.987      0.839   0.779687    -0.0778      5.597   438.3623 2.7737e+02     0.7175     -0.629     -0.913    21.4628 0.0000e+00
     -0.641 7.1818e-18     7.9390     90.029      0.900   0.836982    -0.0730      5.597   442.2056 2.5323e+02     0.7671     -0.628     -0.912    21.4628 0.0000e+00
     -0.641 7.8999e-17     7.9422     90.073      0.904   0.840209    -0.0695      5.598   444.8215 2.3891e+02     0.7522     -0.628     -0.912    21.4631 0.0000e+00
     -0.641 8.6899e-16     7.9463     90.104      0.881   0.818708    -0.0772      5.598   446.1579 2.2305e+02     0.7072     -0.628     -0.911    21.4631 0.0000e+00
     -0.641 9.5589e-15     7.9497     90.123      0.894   0.830363    -0.0751      5.597   447.1792 2.0176e+02     0.7363     -0.629     -0.912    21.4633 0.0000e+00
     -0.641 1.0515e-13     7.9529     90.144      0.920   0.854455    -0.0597      5.596   447.9638 1.8501e+02     0.7963     -0.628     -0.912    21.4632 0.0000e+00
     -0.641 1.1566e-12     7.9580     90.161      0.922   0.856646    -0.0585      5.597   447.9015 1.7885e+02     0.7837     -0.628     -0.912    21.4635 0.0000e+00
     -0.641 1.2723e-11     7.9604     90.168      0.922   0.856861    -0.0603      5.598   447.2005 1.8169e+02     0.7549     -0.628     -0.911    21.4635 0.0000e+00
     -0.641 1.3995e-10     7.9612     90.192      0.922   0.857046    -0.0481      5.598   446.9726 1.8997e+02     0.7896     -0.628     -0.911    21.4636 0.0000e+00
     -0.640 1.5395e-09     7.9633     90.239      0.924   0.858890    -0.0531      5.598   448.4160 1.9920e+02     0.7933     -0.628     -0.911    21.4639 0.0000e+00
     -0.640 1.6934e-08     7.9656     90.275      0.946   0.879148    -0.0789      5.598   450.1973 2.0769e+02     0.7315     -0.627     -0.910    21.4639 0.0000e+00
     -0.640 1.8628e-07     7.9652     90.303      0.981   0.911969    -0.0931      5.598   450.5277 2.1606e+02     0.6908     -0.628     -0.911    21.4641 0.0000e+00
     -0.640 1.8629e-07     7.9658     90.337      1.011   0.939033    -0.0833      5.598   451.2932 2.2260e+02     0.7111     -0.628     -0.911    21.4642 0.0000e+00
     -0.640 1.7113e-08     7.9729     90.358      1.026   0.953009    -0.0610      5.598   453.3438 2.2428e+02     0.7716     -0.628     -0.911    21.4644 0.0000e+00
     -0.640 3.5038e-09     7.9753     90.389      1.027   0.954279    -0.0566      5.597   455.5325 2.2148e+02     0.7746     -0.628     -0.911    21.4646 0.0000e+00
     -0.640 2.1747e-08     7.9762     90.437      1.027   0.954385    -0.0711      5.597   457.8806 2.1936e+02     0.7473     -0.628     -0.911    21.4645 0.0000e+00
     -0.640 2.3769e-07     7.9819     90.451      1.027   0.954291    -0.0697      5.597   460.6547 2.1982e+02     0.7824     -0.628     -0.911    21.4646 0.0000e+00
     -0.641 4.3575e-07     7.9815     90.436      1.026   0.953139    -0.0651      5.598   463.0912 2.1991e+02     0.7899     -0.628     -0.911    21.4648 0.0000e+00
     -0.641 2.3768e-07     7.9835     90.457      1.012   0.940463    -0.0814      5.598   464.4529 2.1902e+02     0.7344     -0.628     -0.911    21.4650 0.0000e+00
     -0.640 2.1608e-08     7.9910     90.507      0.998   0.927700    -0.0838      5.598   465.1594 2.1820e+02     0.7269     -0.628     -0.911    21.4651 0.0000e+00
     -0.640 1.9655e-09     7.9920     90.534      0.996   0.925500    -0.0612      5.599   465.9550 2.1816e+02     0.7677     -0.627     -0.910    21.4652 0.0000e+00
     -0.640 1.9201e-10     7.9868     90.533      0.984   0.913870    -0.0572      5.599   467.2758 2.1882e+02     0.7497     -0.628     -0.911    21.4653 0.0000e+00
     -0.640 1.6399e-10     7.9891     90.535      0.984   0.913762    -0.0779      5.599   468.3093 2.1973e+02     0.7142     -0.628     -0.911    21.4656 0.0000e+00
     -0.640 1.6268e-09     7.9972     90.574      0.995   0.924198    -0.0861      5.598   469.5022 2.2075e+02     0.7478     -0.628     -0.911    21.4653 0.0000e+00
     -0.640 1.7879e-08     7.9981     90.625      0.983   0.913369    -0.0820      5.597   471.6331 2.2148e+02     0.7465     -0.628     -0.911    21.4659 0.0000e+00
     -0.640 1.9667e-07     7.9979     90.656      0.979   0.909502    -0.0855      5.597   473.4245 2.2205e+02     0.6982     -0.627     -0.910    21.4653 0.0000e+00
     -0.640      0.000     7.9955     90.679      1.012   0.940791    -0.0877      5.597   474.2973 2.2363e+02     0.7106     -0.628     -0.911    21.4664 0.0000e+00
     -0.640      0.000     8.0007     90.708      1.049   0.974979    -0.0757      5.597   472.9798 2.3030e+02     0.8280     -0.628     -0.911    21.4653 0.0000e+00
     -0.640      0.000     8.0066     90.738      1.082   1.006166    -0.0564      5.597   470.4878 2.4334e+02     0.9566     -0.628     -0.912    21.4676 0.0000e+00
     -0.640      0.003     8.0087     90.758      1.475   1.381215    -0.0541      5.597   463.7833 2.5479e+02     0.9331     -0.628     -0.911    21.4640 0.0000e+00
     -0.640      0.012     8.0093     90.752      6.081   5.763010    -0.0482      5.579   401.4660 2.6030e+02     0.9195     -0.628     -0.912    21.4704 0.0000e+00
     -0.640      0.028     8.0137     90.711     16.544  15.839567     0.1487      5.566   273.7746 2.6755e+02     1.1339     -0.627     -0.911    21.4603 0.0000e+00
     -0.639      0.052     8.0145     90.677     28.674  27.838455     2.3596      5.622   178.9766 2.8770e+02     2.9439     -0.628     -0.912    21.4771 0.0000e+00
     -0.629      0.082     8.0197     90.695     38.434  37.790121     6.4174      5.723   148.2736 3.1513e+02     6.2365     -0.625     -0.906    21.4500 0.0000e+00
     -0.604      0.114     8.0040     90.987     42.587  42.278711     8.6268      5.812   137.6924 3.3391e+02     8.0491     -0.596     -0.865    21.5671 0.0000e+00
     -0.565      0.145     7.8774     91.701     42.837  42.900920     8.8645      5.878   132.9499 3.4549e+02     8.1907     -0.556     -0.806    22.3397 0.0000e+00
     -0.518      0.175     7.7240     92.381     42.695  43.092265     9.4161      5.929   129.3054 3.5669e+02     7.9139     -0.510     -0.739    23.3654 0.0000e+00
     -0.466      0.201     7.6093     92.682     42.475  43.132896    10.3946      5.971   124.6012 3.6720e+02     7.4009     -0.456     -0.660    24.1349 0.0000e+00
     -0.413      0.220     7.5430     92.866     42.188  43.011757    10.9158      6.007   120.3817 3.7663e+02     7.0782     -0.405     -0.588    24.6561 0.0000e+00
     -0.358      0.230     7.5694     93.174     41.928  42.833784    10.9571      6.036   116.7480 3.8629e+02     7.0190     -0.354     -0.514    25.0731 0.0000e+00
     -0.294      0.234     7.5821     93.572     41.765  42.694890    11.1104      6.055   113.7053 3.9661e+02     7.0608     -0.291     -0.423    25.4955 0.0000e+00
     -0.224      0.230     7.5448     93.967     41.612  42.538383    11.4128      6.070   111.5551 4.0314e+02     7.1048     -0.217     -0.314    25.8111 0.0000e+00
     -0.160      0.215     7.5275     94.339     41.496  42.401287    11.5828      6.085   109.6794 3.7596e+02     7.1063     -0.153     -0.223    26.0032 0.0000e+00
     -0.104      0.191     7.5420     94.716     41.450  42.306637    11.5935      6.100   107.8035 3.0426e+02     7.0790     -0.103     -0.150    26.1007 0.0000e+00
     -0.054      0.160     7.5756     95.131     41.485  42.282479    11.6342      6.115   106.4253 2.5003e+02     7.0485     -0.049     -0.071    26.1164 0.0000e+00
     -0.016      0.125     7.6085     95.584     41.661  42.426435    11.7328      6.129   105.5775 2.3799e+02     7.0788     -0.008     -0.011    26.1111 0.0000e+00
      0.005      0.093     7.6386     95.958     41.877  42.650819    11.7961      6.141   105.2958 2.3316e+02     7.1382      0.007      0.010    26.1023 0.0000e+00
      0.019      0.065     7.6776     96.131     41.972  42.774040    11.8091      6.153   104.9989 2.2933e+02     7.1176      0.018      0.027    26.0360 0.0000e+00
      0.031      0.041     7.7233     96.146     41.946  42.773876    11.8564      6.165   104.6549 2.2795e+02     7.0006      0.032      0.047    25.9390 0.0000e+00
