Data/DataNotYetUploadedToEDI/Raw_CTD/RawDownloads/072924_bvr50_S7809001.cnv
* Sea-Bird SBE19plus  Data File:
* FileName = C:\R\Reservoirs\Data\DataNotYetUploadedToEDI\Raw_CTD\RawDownloads\07302024_BVR50_FCR10_20_30_40_0001.hex
* Software version 2.8.0.119
* Temperature SN = 7809
* Conductivity SN = 7809
* System UpLoad Time = Jul 30 2024 12:54:06
* <ApplicationData>
* <Seaterm232>
# nquan = 15
# nvalues = 1845                        
# units = specified
# name 0 = depFM: Depth [fresh water, m]
# name 1 = dz/dtM: Descent Rate [m/s]
# name 2 = sbeox0Mg/L: Oxygen, SBE 43 [mg/l]
# name 3 = sbeox0PS: Oxygen, SBE 43 [% saturation]
# name 4 = specc: Specific Conductance [uS/cm]
# name 5 = c0uS/cm: Conductivity [uS/cm]
# name 6 = flECO-AFL: Fluorescence, WET Labs ECO-AFL/FL [mg/m^3]
# name 7 = ph: pH
# name 8 = orp: Oxidation Reduction Potential [mV]
# name 9 = par/sat/log: PAR/Logarithmic, Satlantic
# name 10 = turbWETntu0: Turbidity, WET Labs ECO [NTU]
# name 11 = prdM: Pressure, Strain Gauge [db]
# name 12 = prdE: Pressure, Strain Gauge [psi]
# name 13 = tv290C: Temperature [ITS-90, deg C]
# name 14 = flag:  0.000e+00
# span 0 =     -0.727,      9.296       
# span 1 =     -0.097,      0.154       
# span 2 =    -0.1074,     8.7199       
# span 3 =     -1.005,    107.315       
# span 4 =      0.380,    195.050       
# span 5 =   0.370796, 136.952316       
# span 6 =    -0.0835,    92.8630       
# span 7 =     -2.111,      7.555       
# span 8 = -1240.7455,   627.1092       
# span 9 = 1.2360e-01, 2.6625e+02       
# span 10 =    -0.3207,    45.3982      
# span 11 =     -0.713,      9.116      
# span 12 =     -1.034,     13.222      
# span 13 =    10.0697,    26.3076      
# span 14 = 0.0000e+00, 0.0000e+00      
# interval = seconds: 0.25
# start_time = Jul 29 2024 09:29:51 [Instrument's time stamp, header]
# bad_flag = -9.990e-29
*END*
[from data line 290]
     -0.118     -0.002     7.8623     97.967     30.963  31.744915     9.2852      6.608   240.6343 1.5755e+02     3.1214     -0.116     -0.168    26.2509 0.0000e+00
     -0.120     -0.002     7.8682     98.035     30.949  31.731613     9.2843      6.609   240.6248 1.5443e+02     3.0582     -0.119     -0.172    26.2488 0.0000e+00
     -0.121     -0.001     7.8848     98.088     30.936  31.719542     9.2862      6.611   240.7612 1.5541e+02     3.0582     -0.118     -0.171    26.2505 0.0000e+00
     -0.120      0.000     7.9026     98.140     30.941  31.725827     9.3249      6.614   240.9922 1.5835e+02     3.0524     -0.117     -0.170    26.2548 0.0000e+00
     -0.120      0.001     7.9128     98.150     30.958  31.744174     9.3861      6.616   241.0951 1.5877e+02     2.9888     -0.118     -0.171    26.2575 0.0000e+00
     -0.120      0.001     7.9157     98.083     30.964  31.751077     9.4098      6.619   241.0593 1.5747e+02     2.9718     -0.117     -0.170    26.2586 0.0000e+00
     -0.119      0.001     7.9193     97.966     30.959  31.745848     9.3951      6.622   241.0751 1.5829e+02     2.9496     -0.116     -0.168    26.2600 0.0000e+00
     -0.118      0.001     7.9251     97.877     30.956  31.744393     9.4336      6.624   241.0289 1.6029e+02     2.9258     -0.115     -0.167    26.2616 0.0000e+00
     -0.118      0.000     7.9270     97.862     30.945  31.733483     9.5255      6.627   240.9311 1.6180e+02     2.9909     -0.116     -0.168    26.2629 0.0000e+00
     -0.118 -2.524e-12     7.9209     97.890     30.953  31.740811     9.5730      6.629   240.8391 1.6305e+02     3.0543     -0.115     -0.167    26.2638 0.0000e+00
     -0.119 -2.776e-11     7.9084     97.925     30.983  31.769551     9.5753      6.630   240.8625 1.6359e+02     3.0434     -0.116     -0.168    26.2652 0.0000e+00
     -0.120 -3.054e-10     7.8987     97.983     30.978  31.763792     9.5540      6.632   241.0418 1.6280e+02     3.0296     -0.117     -0.170    26.2668 0.0000e+00
     -0.120 -3.359e-09     7.8997     98.067     30.949  31.734623     9.5239      6.635   241.1141 1.6173e+02     3.0917     -0.117     -0.170    26.2674 0.0000e+00
     -0.119 -3.695e-08     7.9031     98.112     30.948  31.734056     9.5189      6.637   241.0492 1.6248e+02     3.1449     -0.117     -0.170    26.2665 0.0000e+00
     -0.119 -4.064e-07     7.9059     98.138     30.970  31.756935     9.5187      6.639   241.0311 1.6319e+02     3.1270     -0.116     -0.169    26.2637 0.0000e+00
     -0.118      0.000     7.9089     98.208     30.970  31.757503     9.5125      6.640   241.1530 1.6305e+02     3.1145     -0.116     -0.168    26.2619 0.0000e+00
     -0.118      0.000     7.9201     98.286     30.954  31.740925     9.5025      6.642   241.1467 1.6393e+02     3.1305     -0.116     -0.168    26.2620 0.0000e+00
     -0.118     -0.001     7.9229     98.340     30.959  31.746795     9.4978      6.643   240.8685 1.6497e+02     3.1493     -0.116     -0.169    26.2627 0.0000e+00
     -0.119     -0.001     7.9201     98.327     30.977  31.765040     9.5138      6.644   240.8010 1.6437e+02     3.1371     -0.116     -0.168    26.2637 0.0000e+00
     -0.120     -0.000     7.9300     98.217     30.985  31.771224     9.5207      6.646   241.1049 1.6258e+02     3.0507     -0.117     -0.170    26.2635 0.0000e+00
     -0.120 -1.847e-08     7.9354     98.097     30.974  31.758121     9.5157      6.649   241.3596 1.6326e+02     2.9925     -0.118     -0.171    26.2635 0.0000e+00
     -0.120 -2.032e-07     7.9412     98.068     30.952  31.733484     9.5273      6.650   241.3856 1.6521e+02     3.0487     -0.117     -0.170    26.2649 0.0000e+00
     -0.119 -2.029e-07     7.9426     98.085     30.947  31.727085     9.5443      6.651   241.1611 1.6307e+02     3.1162     -0.116     -0.169    26.2651 0.0000e+00
     -0.119 -1.509e-08     7.9304     98.067     30.964  31.744186     9.5391      6.652   240.8814 1.5908e+02     3.1248     -0.115     -0.167    26.2627 0.0000e+00
     -0.119 3.5548e-08     7.9164     98.039     30.969  31.749944     9.5056      6.654   240.8429 1.5741e+02     3.0498     -0.116     -0.168    26.2590 0.0000e+00
     -0.119 4.0935e-07     7.9172     98.051     30.954  31.733267     9.4722      6.654   240.8680 1.5886e+02     2.9613     -0.117     -0.169    26.2557 0.0000e+00
     -0.119      0.000     7.9235     98.123     30.955  31.732851     9.4687      6.655   240.7551 1.6084e+02     2.9775     -0.117     -0.170    26.2531 0.0000e+00
     -0.119      0.000     7.9188     98.206     30.968  31.744916     9.4717      6.655   240.5102 1.6102e+02     2.9730     -0.118     -0.171    26.2522 0.0000e+00
     -0.118      0.001     7.9158     98.224     30.974  31.752261     9.4910      6.654   240.3165 1.6074e+02     2.9063     -0.116     -0.168    26.2543 0.0000e+00
     -0.118      0.001     7.9155     98.179     30.979  31.758226     9.5436      6.654   240.3918 1.5931e+02     2.9220     -0.115     -0.167    26.2540 0.0000e+00
     -0.118      0.001     7.9232     98.085     30.973  31.753611     9.5752      6.654   240.6458 1.5877e+02     2.9924     -0.116     -0.168    26.2498 0.0000e+00
     -0.118      0.000     7.9341     97.955     30.978  31.759898     9.5828      6.654   240.8063 1.6076e+02     3.0742     -0.115     -0.167    26.2483 0.0000e+00
     -0.119 1.8460e-08     7.9340     97.863     30.987  31.770807     9.5690      6.655   240.6126 1.6138e+02     3.1254     -0.117     -0.169    26.2487 0.0000e+00
     -0.119 2.0306e-07     7.9296     97.875     30.973  31.758639     9.5245      6.655   240.3686 1.6076e+02     3.0989     -0.116     -0.169    26.2502 0.0000e+00
     -0.118 1.8614e-07     7.9226     97.967     30.953  31.739656     9.5020      6.657   240.4368 1.6109e+02     3.0609     -0.115     -0.167    26.2536 0.0000e+00
     -0.118 -2.101e-14     7.9083     98.032     30.943  31.731593     9.5135      6.661   240.4039 1.6109e+02     3.0761     -0.116     -0.168    26.2566 0.0000e+00
     -0.118 -2.312e-13     7.8982     97.994     30.935  31.724578     9.5382      6.663   240.1434 1.6056e+02     3.1113     -0.116     -0.168    26.2592 0.0000e+00
     -0.119 -2.543e-12     7.8995     97.867     30.930  31.718281     9.5601      6.664   240.1265 1.5994e+02     3.0772     -0.116     -0.169    26.2614 0.0000e+00
     -0.119 -2.797e-11     7.9104     97.693     30.930  31.718896     9.5614      6.665   240.2858 1.6005e+02     3.0061     -0.117     -0.170    26.2646 0.0000e+00
     -0.119 -3.077e-10     7.9182     97.537     30.944  31.732007     9.5708      6.667   240.3485 1.6038e+02     3.0370     -0.117     -0.169    26.2683 0.0000e+00
     -0.119 -3.384e-09     7.9129     97.429     30.963  31.749931     9.5743      6.668   240.4546 1.6016e+02     3.1435     -0.117     -0.170    26.2698 0.0000e+00
     -0.118 -3.723e-08     7.9027     97.363     30.959  31.745307     9.5448      6.671   240.6213 1.6051e+02     3.1657     -0.116     -0.169    26.2692 0.0000e+00
     -0.118 -4.095e-07     7.8861     97.383     30.953  31.739542     9.5225      6.674   240.7303 1.6035e+02     3.1002     -0.115     -0.167    26.2677 0.0000e+00
     -0.118     -0.000     7.8723     97.493     30.957  31.743655     9.5121      6.675   240.9117 1.6113e+02     3.0354     -0.115     -0.168    26.2661 0.0000e+00
     -0.118     -0.000     7.8659     97.574     30.946  31.731601     9.5105      6.676   241.0946 1.6172e+02     3.0305     -0.116     -0.169    26.2648 0.0000e+00
     -0.118     -0.001     7.8582     97.560     30.937  31.720673     9.5287      6.678   241.0482 1.6073e+02     3.0750     -0.116     -0.168    26.2636 0.0000e+00
     -0.118     -0.001     7.8580     97.507     30.955  31.738398     9.5580      6.680   240.9528 1.6143e+02     3.0957     -0.117     -0.169    26.2633 0.0000e+00
     -0.118     -0.001     7.8729     97.450     30.972  31.755593     9.5734      6.681   240.8018 1.6264e+02     3.0765     -0.116     -0.168    26.2643 0.0000e+00
     -0.118     -0.000     7.8819     97.398     30.956  31.738274     9.5568      6.682   240.5992 1.6233e+02     3.0477     -0.116     -0.168    26.2637 0.0000e+00
     -0.119 -1.864e-08     7.8773     97.365     30.937  31.719300     9.5228      6.684   240.5680 1.6125e+02     3.0887     -0.117     -0.169    26.2610 0.0000e+00
     -0.119 -2.051e-07     7.8734     97.374     30.935  31.716492     9.4787      6.685   240.6820 1.6032e+02     3.1287     -0.117     -0.169    26.2587 0.0000e+00
     -0.119 -2.081e-07     7.8685     97.462     30.922  31.704327     9.4480      6.685   240.8591 1.5999e+02     3.0530     -0.117     -0.170    26.2573 0.0000e+00
     -0.118 -5.556e-08     7.8638     97.634     30.917  31.699079     9.4426      6.687   240.8168 1.5885e+02     2.9930     -0.116     -0.168    26.2577 0.0000e+00
     -0.118 -4.081e-07     7.8612     97.851     30.934  31.716483     9.4301      6.690   240.6015 1.5693e+02     3.0179     -0.115     -0.167    26.2577 0.0000e+00
     -0.118     -0.000     7.8598     98.046     30.942  31.724442     9.4136      6.692   240.5780 1.5837e+02     3.0815     -0.116     -0.168    26.2572 0.0000e+00
     -0.118     -0.000     7.8674     98.216     30.951  31.731882     9.4096      6.693   240.6190 1.6132e+02     3.1129     -0.116     -0.168    26.2581 0.0000e+00
     -0.119     -0.001     7.8816     98.386     30.962  31.743001     9.3996      6.694   240.5808 1.6192e+02     3.0559     -0.117     -0.170    26.2588 0.0000e+00
     -0.119     -0.001     7.9023     98.512     30.951  31.732006     9.4085      6.696   240.5470 1.6048e+02     3.0414     -0.117     -0.169    26.2582 0.0000e+00
     -0.119     -0.000     7.9183     98.545     30.945  31.725815     9.4513      6.698   240.5548 1.6041e+02     3.1083     -0.116     -0.168    26.2564 0.0000e+00
     -0.119 -1.848e-08     7.9296     98.474     30.950  31.731582     9.4758      6.699   240.5892 1.6183e+02     3.1472     -0.116     -0.168    26.2545 0.0000e+00
     -0.119 -2.032e-07     7.9463     98.309     30.957  31.738295     9.4708      6.701   240.5319 1.6168e+02     3.1362     -0.117     -0.170    26.2549 0.0000e+00
     -0.119 -2.035e-07     7.9575     98.107     30.963  31.743542     9.4578      6.703   240.3789 1.6229e+02     3.0772     -0.117     -0.170    26.2565 0.0000e+00
     -0.119 -2.153e-08     7.9603     97.939     30.952  31.731592     9.4433      6.705   240.2876 1.6279e+02     3.0152     -0.117     -0.169    26.2567 0.0000e+00
     -0.119 -3.524e-08     7.9543     97.832     30.941  31.720673     9.4279      6.706   240.2019 1.6290e+02     3.0015     -0.117     -0.169    26.2572 0.0000e+00
     -0.119 -3.693e-07     7.9398     97.792     30.958  31.738397     9.4220      6.707   239.7739 1.6299e+02     3.0136     -0.115     -0.167    26.2571 0.0000e+00
     -0.119     -0.000     7.9202     97.798     30.974  31.755584     9.4223      6.707   239.1556 1.6043e+02     2.9901     -0.116     -0.168    26.2548 0.0000e+00
     -0.119      0.000     7.9075     97.792     30.958  31.738170     9.3649      6.707   238.7492 1.5999e+02     2.9567     -0.117     -0.170    26.2527 0.0000e+00
     -0.120     -0.000     7.8981     97.728     30.938  31.718157     9.2684      6.707   238.2161 1.6421e+02     3.0206     -0.116     -0.169    26.2530 0.0000e+00
     -0.120     -0.000     7.8949     97.622     30.923  31.703921     9.2382      6.707   237.6998 1.6414e+02     3.1130     -0.118     -0.172    26.2547 0.0000e+00
     -0.119      0.001     7.8980     97.574     30.911  31.692907     9.2403      6.706   237.5829 1.5966e+02     3.0838     -0.118     -0.171    26.2554 0.0000e+00
     -0.119      0.001     7.8977     97.612     30.930  31.711862     9.2115      6.705   237.5764 1.5964e+02     3.0092     -0.116     -0.168    26.2558 0.0000e+00
     -0.119      0.002     7.8945     97.691     30.960  31.742792     9.1729      6.705   237.5359 1.6139e+02     3.0304     -0.118     -0.171    26.2556 0.0000e+00
     -0.118      0.002     7.8796     97.791     30.966  31.749702     9.1564      6.704   237.5229 1.6062e+02     3.1010     -0.117     -0.170    26.2567 0.0000e+00
     -0.117      0.002     7.8753     97.891     30.947  31.731986     9.1694      6.703   237.5915 1.6062e+02     3.1450     -0.114     -0.166    26.2597 0.0000e+00
     -0.117      0.001     7.8816     97.992     30.932  31.718892     9.1974      6.702   237.5915 1.6262e+02     3.1531     -0.115     -0.165    26.2588 0.0000e+00
     -0.117      0.001     7.8867     98.092     30.929  31.718259     9.2284      6.702   237.6087 1.6225e+02     3.1311     -0.114     -0.166    26.2574 0.0000e+00
     -0.117      0.000     7.8971     98.179     30.933  31.724337     9.2445      6.703   237.7127 1.6058e+02     3.0831     -0.114     -0.165    26.2587 0.0000e+00
     -0.117     -0.001     7.9031     98.254     30.936  31.728949     9.2505      6.704   237.6454 1.6254e+02     3.0519     -0.115     -0.167    26.2605 0.0000e+00
     -0.117     -0.001     7.9117     98.306     30.916  31.710591     9.2430      6.704   237.5692 1.6418e+02     3.0611     -0.115     -0.166    26.2648 0.0000e+00
     -0.118     -0.001     7.9195     98.289     30.897  31.692676     9.2035      6.704   237.6508 1.6293e+02     3.0575     -0.115     -0.167    26.2692 0.0000e+00
     -0.118      0.000     7.9255     98.214     30.907  31.702649     9.1643      6.705   237.6862 1.6282e+02     3.0425     -0.116     -0.169    26.2725 0.0000e+00
     -0.118 4.0950e-07     7.9311     98.185     30.908  31.704313     9.1602      6.706   237.3957 1.6176e+02     3.0847     -0.115     -0.167    26.2768 0.0000e+00
     -0.118      0.000     7.9365     98.219     30.917  31.712791     9.1878      6.707   236.9765 1.5866e+02     3.1579     -0.115     -0.166    26.2805 0.0000e+00
     -0.118      0.000     7.9366     98.274     30.947  31.741721     9.2153      6.708   236.9197 1.5854e+02     3.1418     -0.115     -0.167    26.2821 0.0000e+00
     -0.118      0.001     7.9234     98.324     30.945  31.736918     9.2171      6.708   237.0540 1.6132e+02     3.0950     -0.115     -0.167    26.2826 0.0000e+00
     -0.118      0.001     7.9230     98.367     30.931  31.718154     9.2101      6.707   237.1379 1.6394e+02     3.1041     -0.117     -0.169    26.2818 0.0000e+00
     -0.118      0.001     7.9268     98.374     30.922  31.705147     9.2145      6.707   237.0733 1.6391e+02     3.1159     -0.116     -0.168    26.2809 0.0000e+00
     -0.117      0.000     7.9322     98.272     30.923  31.706516     9.2446      6.707   236.8758 1.6318e+02     3.1006     -0.114     -0.166    26.2798 0.0000e+00
     -0.116      0.000     7.9376     98.118     30.949  31.734709     9.2987      6.708   236.8999 1.6416e+02     3.0556     -0.114     -0.165    26.2745 0.0000e+00
     -0.116      0.000     7.9404     97.991     30.942  31.728846     9.3367      6.710   237.0212 1.6331e+02     3.0154     -0.113     -0.164    26.2655 0.0000e+00
     -0.117     -0.001     7.9490     97.880     30.912  31.699067     9.3376      6.712   237.0509 1.6211e+02     3.0247     -0.115     -0.165    26.2588 0.0000e+00
     -0.118     -0.001     7.9357     97.788     30.905  31.691837     9.3507      6.714   237.0873 1.6288e+02     3.0998     -0.117     -0.169    26.2593 0.0000e+00
     -0.119     -0.001     7.9200     97.771     30.918  31.704854     9.3868      6.716   237.0309 1.6385e+02     3.1383     -0.117     -0.170    26.2635 0.0000e+00
     -0.118     -0.001     7.9111     97.820     30.944  31.729587     9.3921      6.718   236.7995 1.6454e+02     3.0795     -0.116     -0.168    26.2666 0.0000e+00
     -0.118      0.000     7.9021     97.844     30.955  31.737129     9.3813      6.719   236.5260 1.6237e+02     3.0381     -0.115     -0.167    26.2670 0.0000e+00
