Data/DataNotYetUploadedToEDI/Raw_CTD/RawDownloads/072924_fcr30_S7809004.cnv
* Sea-Bird SBE19plus  Data File:
* FileName = C:\R\Reservoirs\Data\DataNotYetUploadedToEDI\Raw_CTD\RawDownloads\07302024_BVR50_FCR10_20_30_40_0004.hex
* Software version 2.8.0.119
* Temperature SN = 7809
* Conductivity SN = 7809
* System UpLoad Time = Jul 30 2024 12:55:06
* <ApplicationData>
* <Seaterm232>
# nquan = 15
# nvalues = 639                         
# units = specified
# name 0 = depFM: Depth [fresh water, m]
# name 1 = dz/dtM: Descent Rate [m/s]
# name 2 = sbeox0Mg/L: Oxygen, SBE 43 [mg/l]
# name 3 = sbeox0PS: Oxygen, SBE 43 [% saturation]
# name 4 = specc: Specific Conductance [uS/cm]
# name 5 = c0uS/cm: Conductivity [uS/cm]
# name 6 = flECO-AFL: Fluorescence, WET Labs ECO-AFL/FL [mg/m^3]
# name 7 = ph: pH
# name 8 = orp: Oxidation Reduction Potential [mV]
# name 9 = par/sat/log: PAR/Logarithmic, Satlantic
# name 10 = turbWETntu0: Turbidity, WET Labs ECO [NTU]
# name 11 = prdM: Pressure, Strain Gauge [db]
# name 12 = prdE: Pressure, Strain Gauge [psi]
# name 13 = tv290C: Temperature [ITS-90, deg C]
# name 14 = flag:  0.000e+00
# span 0 =     -0.638,      5.429       
# span 1 =     -0.011,      0.172       
# span 2 =     0.1291,     9.2625       
# span 3 =      1.350,    114.061       
# span 4 =      0.790,     79.949       
# span 5 =   0.759556,  63.150594       
# span 6 =    -0.1071,    22.0321       
# span 7 =      7.058,      7.399       
# span 8 =    74.0598,   480.8565       
# span 9 = 1.2364e-01, 3.9656e+02       
# span 10 =     0.6993,    69.3853      
# span 11 =     -0.626,      5.325      
# span 12 =     -0.908,      7.724      
# span 13 =    12.1587,    26.1752      
# span 14 = 0.0000e+00, 0.0000e+00      
# interval = seconds: 0.25
# start_time = Jul 29 2024 12:47:00 [Instrument's time stamp, header]
# bad_flag = -9.990e-29
*END*
[from data line 97]
     -0.094      0.008     6.6634     82.220     42.030  42.953221    11.5522      7.131    99.8551 1.5610e+02     5.3048     -0.094     -0.137    26.0956 0.0000e+00
     -0.092      0.013     6.6318     82.246     41.941  42.853314    11.5485      7.132   100.1957 1.5280e+02     5.2247     -0.092     -0.135    26.0975 0.0000e+00
     -0.082      0.016     6.6211     82.034     41.997  42.906568    11.5893      7.131   100.4452 1.5000e+02     5.1250     -0.081     -0.118    26.1005 0.0000e+00
     -0.071      0.016     6.6398     81.729     42.113  43.025864    11.6960      7.131   100.5494 1.4921e+02     5.1245     -0.067     -0.098    26.1014 0.0000e+00
     -0.065      0.014     6.6648     81.586     42.174  43.089759    11.7737      7.132   100.5949 1.4895e+02     5.2175     -0.060     -0.088    26.0938 0.0000e+00
     -0.065      0.009     6.6707     81.713     42.131  43.044396    11.7876      7.134   100.7373 1.4860e+02     5.2937     -0.063     -0.091    26.0794 0.0000e+00
     -0.069      0.001     6.6491     81.891     42.080  42.985164    11.7648      7.135   100.9804 1.4808e+02     5.2604     -0.068     -0.100    26.0743 0.0000e+00
     -0.069     -0.005     6.6158     81.836     42.108  43.008297    11.7147      7.137   101.4697 1.4801e+02     5.1554     -0.069     -0.100    26.0768 0.0000e+00
     -0.068     -0.008     6.5971     81.491     42.168  43.070202    11.6807      7.140   102.0068 1.4992e+02     5.1172     -0.065     -0.094    26.0811 0.0000e+00
     -0.070     -0.007     6.6176     81.042     42.192  43.098929    11.6865      7.143   102.1402 1.5211e+02     5.1751     -0.066     -0.096    26.0800 0.0000e+00
     -0.076     -0.005     6.6437     80.727     42.132  43.038289    11.7021      7.146   101.8785 1.5317e+02     5.2056     -0.076     -0.110    26.0682 0.0000e+00
     -0.081     -0.003     6.6412     80.507     42.010  42.908253    11.7192      7.150   101.5965 1.5304e+02     5.1456     -0.082     -0.119    26.0587 0.0000e+00
     -0.080     -0.002     6.6078     80.159     41.909  42.796092    11.7516      7.155   101.4835 1.5144e+02     5.0985     -0.080     -0.116    26.0609 0.0000e+00
     -0.076      0.000     6.5587     79.571     41.882  42.761149    11.7768      7.160   101.5436 1.5072e+02     5.1136     -0.074     -0.108    26.0698 0.0000e+00
     -0.073      0.002     6.5359     78.801     41.926  42.803102    11.7830      7.164   101.6356 1.5190e+02     5.1578     -0.069     -0.101    26.0739 0.0000e+00
     -0.073      0.002     6.5280     77.973     41.982  42.859045    11.7860      7.168   101.6486 1.5343e+02     5.2233     -0.070     -0.103    26.0653 0.0000e+00
     -0.076      0.001     6.5048     77.181     41.991  42.866309    11.7876      7.171   101.6150 1.5441e+02     5.2224     -0.074     -0.108    26.0497 0.0000e+00
     -0.077      0.001     6.4558     76.499     41.955  42.827461    11.7774      7.176   101.4880 1.5491e+02     5.1466     -0.077     -0.112    26.0412 0.0000e+00
     -0.077      0.002     6.3886     75.960     41.902  42.770156    11.7626      7.181   101.3175 1.5469e+02     5.1265     -0.077     -0.111    26.0399 0.0000e+00
     -0.075      0.004     6.3204     75.595     41.819  42.681199    11.8002      7.186   101.2744 1.5363e+02     5.1842     -0.073     -0.107    26.0384 0.0000e+00
     -0.072      0.005     6.2533     75.419     41.722  42.577002    11.8826      7.191   101.4829 1.5261e+02     5.2297     -0.071     -0.103    26.0359 0.0000e+00
     -0.070      0.004     6.1981     75.353     41.676  42.525829    11.9175      7.194   101.7726 1.5218e+02     5.1978     -0.069     -0.098    26.0333 0.0000e+00
     -0.068      0.003     6.1544     75.314     41.660  42.506763    11.9056      7.196   101.8522 1.5252e+02     5.1410     -0.066     -0.096    26.0297 0.0000e+00
     -0.068      0.001     6.1228     75.240     41.630  42.473410    11.8557      7.198   101.8440 1.5337e+02     5.1230     -0.065     -0.095    26.0243 0.0000e+00
     -0.069      0.000     6.1137     75.080     41.600  42.439908    11.7806      7.200   101.9308 1.5403e+02     5.1517     -0.066     -0.097    26.0181 0.0000e+00
     -0.070      0.000     6.1106     74.852     41.585  42.419028    11.7547      7.203   102.0418 1.5418e+02     5.2145     -0.070     -0.102    26.0132 0.0000e+00
     -0.071      0.000     6.1090     74.598     41.582  42.411353    11.7676      7.206   102.1533 1.5399e+02     5.2330     -0.071     -0.103    26.0105 0.0000e+00
     -0.070      0.001     6.1061     74.312     41.586  42.410574    11.8030      7.210   102.2467 1.5371e+02     5.2044     -0.069     -0.100    26.0080 0.0000e+00
     -0.069      0.002     6.0921     73.965     41.590  42.409607    11.8669      7.212   102.3108 1.5366e+02     5.2099     -0.068     -0.099    26.0030 0.0000e+00
     -0.068      0.003     6.0728     73.572     41.585  42.399649    11.9158      7.215   102.4120 1.5351e+02     5.2314     -0.068     -0.099    25.9967 0.0000e+00
     -0.067      0.003     6.0529     73.152     41.545  42.353640    11.9361      7.218   102.5234 1.5252e+02     5.2603     -0.066     -0.097    25.9906 0.0000e+00
     -0.067      0.003     6.0328     72.752     41.494  42.297592    11.9288      7.220   102.6257 1.5128e+02     5.2509     -0.065     -0.095    25.9846 0.0000e+00
     -0.066      0.003     6.0031     72.389     41.491  42.293187    11.8945      7.222   102.7018 1.5038e+02     5.1867     -0.065     -0.094    25.9791 0.0000e+00
     -0.065      0.004     5.9722     71.943     41.560  42.363851    11.8712      7.222   102.5833 1.4941e+02     5.2014     -0.064     -0.093    25.9736 0.0000e+00
     -0.064      0.010     5.9375     71.427     41.715  42.517289    11.8720      7.217   102.3115 1.4926e+02     5.2582     -0.062     -0.091    25.9674 0.0000e+00
     -0.065      0.023     5.9026     71.153     41.892  42.688579    11.8705      7.209   102.0831 1.5096e+02     5.2580     -0.063     -0.091    25.9604 0.0000e+00
     -0.066      0.041     5.8801     71.372     41.990  42.784670    11.8289      7.203   102.0586 1.5187e+02     5.2331     -0.068     -0.098    25.9588 0.0000e+00
     -0.059      0.060     5.8458     72.011     41.926  42.727050    11.7509      7.200   102.2740 1.4488e+02     5.1963     -0.065     -0.095    25.9625 0.0000e+00
     -0.037      0.076     5.7910     72.957     41.753  42.563154    11.7105      7.200   102.4490 1.3072e+02     5.1888     -0.039     -0.056    25.9601 0.0000e+00
     -0.004      0.086     5.7605     74.245     41.633  42.453268    11.7145      7.201   102.6268 1.1810e+02     5.2106     -0.004     -0.006    25.9423 0.0000e+00
      0.029      0.090     5.7855     75.830     41.583  42.413963    11.7325      7.202   103.3914 1.0878e+02     5.2208      0.030      0.044    25.9317 0.0000e+00
      0.056      0.088     5.8406     77.459     41.567  42.405283    11.7620      7.202   104.4662 1.0343e+02     5.2101      0.061      0.088    25.9491 0.0000e+00
      0.073      0.082     5.9117     78.833     41.570  42.411801    11.7712      7.204   104.7811 1.0110e+02     5.1502      0.074      0.108    25.9658 0.0000e+00
      0.085      0.076     6.0145     79.777     41.585  42.429305    11.7688      7.208   104.7032 9.7951e+01     5.1453      0.081      0.118    25.9780 0.0000e+00
      0.100      0.073     6.1509     80.327     41.644  42.489981    11.8163      7.213   104.9011 9.1987e+01     5.2188      0.096      0.139    25.9962 0.0000e+00
      0.121      0.075     6.2907     80.620     41.727  42.574206    11.8966      7.218   104.9375 8.2610e+01     5.2533      0.118      0.172    26.0050 0.0000e+00
      0.142      0.081     6.4084     80.740     41.712  42.559075    11.9232      7.222   104.7990 7.2183e+01     5.2213      0.140      0.204    26.0073 0.0000e+00
      0.162      0.085     6.4821     80.726     41.589  42.433971    11.9136      7.227   104.6890 6.3274e+01     5.1730      0.158      0.227    26.0102 0.0000e+00
      0.184      0.084     6.5213     80.544     41.488  42.330982    12.0051      7.232   104.5542 5.6824e+01     5.2501      0.177      0.257    26.0101 0.0000e+00
      0.212      0.076     6.5442     80.099     41.428  42.265885    12.1895      7.238   104.4593 5.2338e+01     5.4360      0.207      0.301    26.0077 0.0000e+00
      0.238      0.065     6.5517     79.354     41.408  42.218115    12.2874      7.243   104.4879 4.9157e+01     5.5422      0.237      0.344    26.0085 0.0000e+00
      0.254      0.051     6.5519     78.409     41.444  42.197644    12.2812      7.245   104.6426 4.6882e+01     5.5095      0.253      0.367    26.0095 0.0000e+00
      0.261      0.037     6.5400     77.353     41.524  42.208687    12.2554      7.245   104.9531 4.5452e+01     5.4164      0.257      0.372    26.0097 0.0000e+00
      0.262      0.029     6.5064     76.279     41.665  42.288061    12.1419      7.245   105.5737 4.4904e+01     5.3383      0.257      0.373    26.0174 0.0000e+00
      0.263      0.032     6.4433     75.465     41.813  42.395621    11.9331      7.245   106.3824 4.5069e+01     5.2827      0.257      0.373    25.9897 0.0000e+00
      0.265      0.044     6.3743     75.294     41.859  42.430142    11.8111      7.246   106.9012 4.5955e+01     5.2562      0.260      0.377    25.9073 0.0000e+00
      0.271      0.059     6.2982     75.801     41.809  42.388086    11.8318      7.248   107.2011 4.7805e+01     5.2569      0.261      0.379    25.8171 0.0000e+00
      0.291      0.073     6.2125     76.595     41.738  42.331420    12.0593      7.253   107.6852 4.9462e+01     5.2912      0.276      0.401    25.7313 0.0000e+00
      0.325      0.083     6.1376     77.449     41.708  42.316246    12.4386      7.258   108.1944 4.9492e+01     5.3977      0.320      0.465    25.6760 0.0000e+00
      0.358      0.088     6.1203     78.454     41.712  42.331585    12.6394      7.262   108.5399 4.8372e+01     5.5200      0.356      0.517    25.6680 0.0000e+00
      0.379      0.090     6.1798     79.674     41.697  42.326480    12.6648      7.266   108.7648 4.6930e+01     5.5400      0.374      0.542    25.6836 0.0000e+00
      0.395      0.086     6.2480     80.913     41.682  42.318006    12.7289      7.270   108.8488 4.5672e+01     5.4004      0.387      0.561    25.7070 0.0000e+00
      0.411      0.081     6.3093     81.818     41.653  42.292616    12.8317      7.274   108.9530 4.4457e+01     5.1986      0.400      0.581    25.7254 0.0000e+00
      0.432      0.077     6.3868     82.190     41.570  42.209892    12.8925      7.278   109.2503 4.3300e+01     5.1496      0.422      0.613    25.7370 0.0000e+00
      0.456      0.075     6.4904     82.066     41.501  42.142898    12.9067      7.280   109.5179 4.2646e+01     5.2181      0.449      0.650    25.7497 0.0000e+00
      0.478      0.072     6.6040     81.556     41.474  42.117295    12.9790      7.282   109.6070 4.2438e+01     5.2409      0.469      0.680    25.7600 0.0000e+00
      0.497      0.069     6.6829     80.763     41.449  42.090745    13.1257      7.284   109.7256 4.2455e+01     5.2204      0.489      0.710    25.7623 0.0000e+00
      0.512      0.066     6.7104     79.814     41.438  42.075751    13.2067      7.286   110.0057 4.2741e+01     5.1752      0.505      0.731    25.7628 0.0000e+00
      0.523      0.063     6.6962     78.825     41.430  42.062935    13.2252      7.288   110.4121 4.3153e+01     5.1725      0.512      0.741    25.7662 0.0000e+00
      0.536      0.062     6.6522     77.870     41.433  42.062715    13.2672      7.290   110.7676 4.3298e+01     5.2906      0.524      0.760    25.7706 0.0000e+00
      0.554      0.062     6.5835     77.011     41.447  42.073080    13.3236      7.291   110.9490 4.3032e+01     5.4412      0.543      0.788    25.7689 0.0000e+00
      0.574      0.064     6.5033     76.289     41.440  42.061320    13.3571      7.292   111.1425 4.2527e+01     5.4569      0.565      0.820    25.7621 0.0000e+00
      0.591      0.065     6.4218     75.707     41.431  42.047464    13.3723      7.295   111.4723 4.2068e+01     5.3771      0.581      0.843    25.7570 0.0000e+00
      0.605      0.064     6.3427     75.218     41.420  42.032473    13.5411      7.297   111.7530 4.1518e+01     5.3307      0.591      0.858    25.7539 0.0000e+00
      0.622      0.059     6.2715     74.708     41.400  42.006995    13.8576      7.300   111.8697 4.0785e+01     5.3059      0.609      0.883    25.7491 0.0000e+00
      0.641      0.054     6.2138     74.084     41.393  41.993274    14.0286      7.304   111.9369 4.0064e+01     5.3164      0.630      0.913    25.7430 0.0000e+00
      0.656      0.051     6.1673     73.395     41.400  41.993504    14.0439      7.306   112.0489 3.9510e+01     5.3200      0.644      0.935    25.7380 0.0000e+00
      0.666      0.051     6.1320     72.741     41.423  42.009769    14.0353      7.307   112.2782 3.9177e+01     5.2470      0.654      0.949    25.7332 0.0000e+00
      0.673      0.053     6.0955     72.160     41.482  42.062979    14.0068      7.308   112.6440 3.9000e+01     5.2541      0.659      0.957    25.7275 0.0000e+00
      0.681      0.058     6.0427     71.708     41.800  42.382971    13.9822      7.308   113.0305 3.8858e+01     5.4064      0.665      0.965    25.7199 0.0000e+00
      0.696      0.064     5.9834     71.765     42.410  43.022605    13.9791      7.308   113.3365 3.8627e+01     5.5172      0.680      0.987    25.7108 0.0000e+00
      0.718      0.069     5.9309     73.461     42.822  43.513168    13.9939      7.309   113.5048 3.8212e+01     5.5342      0.702      1.018    25.7007 0.0000e+00
      0.743      0.073     5.8848     78.153     42.877  43.681022    14.0779      7.311   113.6034 3.7746e+01     5.5093      0.730      1.059    25.6935 0.0000e+00
      0.765      0.073     5.8411     85.627     42.820  43.719349    14.2289      7.313   113.7540 3.7449e+01     5.4898      0.753      1.093    25.6874 0.0000e+00
      0.781      0.070     5.8163     94.035     42.767  43.722824    14.3144      7.314   113.8626 3.7205e+01     5.5036      0.767      1.112    25.6884 0.0000e+00
      0.796      0.064     5.8830    101.604     42.738  43.723136    14.3291      7.316   113.9702 3.6856e+01     5.5055      0.781      1.131    25.7771 0.0000e+00
      0.811      0.059     6.2523    107.412     42.725  43.723162    14.4893      7.319   114.1949 3.6365e+01     5.4782      0.795      1.152    25.9440 0.0000e+00
      0.827      0.056     6.9181    111.335     42.719  43.723154    14.7866      7.321   114.5143 3.5858e+01     5.4124      0.813      1.179    26.0628 0.0000e+00
      0.841      0.053     7.6395    113.511     42.716  43.723049    14.9359      7.324   114.9072 3.5457e+01     5.3937      0.827      1.199    26.1220 0.0000e+00
      0.853      0.049     8.2765    114.061     42.713  43.721894    14.9459      7.326   115.1595 3.5074e+01     5.4232      0.835      1.211    26.1528 0.0000e+00
      0.866      0.046     8.7408    113.301     42.700  43.709199    15.0655      7.328   115.1559 3.4690e+01     5.3589      0.849      1.231    26.1634 0.0000e+00
      0.879      0.045     9.0515    111.860     42.689  43.696504    15.2923      7.330   115.1216 3.4380e+01     5.2319      0.863      1.253    26.1698 0.0000e+00
      0.888      0.046     9.2266    110.423     42.689  43.695341    15.4069      7.332   115.1748 3.4195e+01     5.1514      0.871      1.265    26.1734 0.0000e+00
      0.895      0.048     9.2625    109.327     42.689  43.695131    15.4034      7.334   115.2830 3.3993e+01     5.1701      0.875      1.270    26.1751 0.0000e+00
      0.906      0.051     9.1827    108.594     42.689  43.693968    15.4405      7.335   115.4838 3.3631e+01     5.2536      0.886      1.285    26.1752 0.0000e+00
