Data/DataNotYetUploadedToEDI/Raw_CTD/RawDownloads/072924_fcr40_S7809005.cnv
* Sea-Bird SBE19plus  Data File:
* FileName = C:\R\Reservoirs\Data\DataNotYetUploadedToEDI\Raw_CTD\RawDownloads\07302024_BVR50_FCR10_20_30_40_0005.hex
* Software version 2.8.0.119
* Temperature SN = 7809
* Conductivity SN = 7809
* System UpLoad Time = Jul 30 2024 12:55:35
* <ApplicationData>
* <Seaterm232>
# nquan = 15
# nvalues = 719                         
# units = specified
# name 0 = depFM: Depth [fresh water, m]
# name 1 = dz/dtM: Descent Rate [m/s]
# name 2 = sbeox0Mg/L: Oxygen, SBE 43 [mg/l]
# name 3 = sbeox0PS: Oxygen, SBE 43 [% saturation]
# name 4 = specc: Specific Conductance [uS/cm]
# name 5 = c0uS/cm: Conductivity [uS/cm]
# name 6 = flECO-AFL: Fluorescence, WET Labs ECO-AFL/FL [mg/m^3]
# name 7 = ph: pH
# name 8 = orp: Oxidation Reduction Potential [mV]
# name 9 = par/sat/log: PAR/Logarithmic, Satlantic
# name 10 = turbWETntu0: Turbidity, WET Labs ECO [NTU]
# name 11 = prdM: Pressure, Strain Gauge [db]
# name 12 = prdE: Pressure, Strain Gauge [psi]
# name 13 = tv290C: Temperature [ITS-90, deg C]
# name 14 = flag:  0.000e+00
# span 0 =     -0.632,      5.977       
# span 1 = -4.222e-13,      0.185       
# span 2 =     0.1241,     8.6674       
# span 3 =      1.349,    106.488       
# span 4 =      1.039,     69.335       
# span 5 =   0.963175,  56.841614       
# span 6 =    -0.1450,    37.2700       
# span 7 =      7.311,      7.587       
# span 8 =   108.1603,   200.3230       
# span 9 = 1.2363e-01, 4.4198e+02       
# span 10 =     0.6980,   491.4607      
# span 11 =     -0.620,      5.862      
# span 12 =     -0.900,      8.502      
# span 13 =    12.2232,    26.1603      
# span 14 = 0.0000e+00, 0.0000e+00      
# interval = seconds: 0.25
# start_time = Jul 29 2024 12:54:34 [Instrument's time stamp, header]
# bad_flag = -9.990e-29
*END*
[from data line 386]
      2.775      0.030     0.1292      1.416     47.556  42.585313     7.4686      7.542   172.7730 4.8818e+00    14.1269      2.723      3.949    19.8882 0.0000e+00
      2.777      0.018     0.1325      1.402     47.540  42.566442     7.4467      7.542   172.7888 4.8281e+00    14.1095      2.725      3.952    19.8623 0.0000e+00
      2.776      0.013     0.1300      1.384     47.658  42.687038     7.8169      7.541   172.8159 4.7946e+00    13.2029      2.723      3.950    19.8562 0.0000e+00
      2.775      0.018     0.1287      1.375     48.026  43.027910     8.5074      7.540   173.1019 4.7741e+00    11.6021      2.721      3.947    19.7956 0.0000e+00
      2.774      0.028     0.1303      1.369     48.537  43.450808     8.8882      7.540   173.5788 4.7340e+00    10.7751      2.720      3.945    19.7569 0.0000e+00
      2.779      0.039     0.1282      1.371     48.898  43.674444     8.8839      7.540   174.0219 4.6084e+00    10.8209      2.721      3.946    19.7570 0.0000e+00
      2.794      0.048     0.1254      1.372     49.063  43.700571     8.3970      7.540   174.4161 4.3924e+00    11.9514      2.735      3.966    19.7784 0.0000e+00
      2.819      0.055     0.1260      1.369     49.113  43.639601     7.5037      7.539   174.7315 4.2152e+00    14.0250      2.766      4.013    19.8098 0.0000e+00
      2.840      0.060     0.1241      1.386     49.078  43.508391     7.0142      7.538   174.9095 4.1554e+00    15.1918      2.789      4.046    19.7885 0.0000e+00
      2.852      0.061     0.1255      1.417     49.064  43.383486     6.9552      7.538   175.0192 4.1326e+00    15.4014      2.796      4.056    19.6587 0.0000e+00
      2.861      0.056     0.1267      1.429     49.141  43.335243     6.7493      7.538   175.2846 4.0671e+00    15.9786      2.804      4.068    19.5172 0.0000e+00
      2.875      0.047     0.1248      1.420     49.191  43.305781     6.3642      7.537   175.7093 3.9660e+00    16.9447      2.818      4.088    19.4222 0.0000e+00
      2.891      0.039     0.1266      1.401     49.157  43.281060     6.1446      7.536   175.9387 3.8916e+00    17.4152      2.837      4.115    19.3266 0.0000e+00
      2.905      0.032     0.1322      1.377     49.104  43.290248     6.1082      7.534   175.9924 3.8691e+00    17.4317      2.853      4.138    19.2139 0.0000e+00
      2.912      0.024     0.1330      1.365     49.042  43.290007     6.1066      7.533   176.1863 3.8642e+00    17.4857      2.857      4.144    19.0746 0.0000e+00
      2.912      0.018     0.1316      1.365     48.989  43.278207     6.1511      7.532   176.3908 3.8617e+00    17.7605      2.856      4.142    18.9760 0.0000e+00
      2.911      0.016     0.1306      1.364     48.985  43.274581     6.2126      7.532   176.3136 3.8599e+00    18.2608      2.854      4.139    18.9982 0.0000e+00
      2.911      0.018     0.1266      1.366     48.995  43.246165     6.2266      7.531   176.0271 3.8516e+00    18.5469      2.853      4.138    19.0832 0.0000e+00
      2.915      0.027     0.1256      1.375     48.987  43.188477     6.1701      7.529   175.7671 3.8267e+00    18.7269      2.857      4.145    19.1349 0.0000e+00
      2.924      0.040     0.1267      1.377     48.945  43.084801     5.7379      7.529   175.6646 3.7787e+00    20.5390      2.867      4.160    19.1805 0.0000e+00
      2.935      0.054     0.1259      1.374     48.905  42.944640     4.9545      7.528   175.8201 3.7107e+00    23.8212      2.878      4.174    19.1874 0.0000e+00
      2.950      0.066     0.1258      1.380     48.949  42.826585     4.5219      7.526   176.2706 3.6068e+00    25.5851      2.890      4.191    19.1270 0.0000e+00
      2.971      0.074     0.1279      1.391     48.995  42.672779     4.4609      7.526   176.8953 3.4684e+00    25.8449      2.911      4.223    19.0818 0.0000e+00
      2.996      0.080     0.1281      1.398     49.005  42.481113     4.2916      7.526   177.4373 3.3464e+00    27.6454      2.941      4.264    19.0244 0.0000e+00
      3.019      0.084     0.1269      1.403     49.064  42.349575     4.0145      7.526   177.5748 3.2584e+00    31.0267      2.963      4.298    18.9213 0.0000e+00
      3.039      0.084     0.1285      1.422     49.176  42.288088     3.8737      7.527   177.3535 3.1705e+00    32.8761      2.979      4.321    18.7592 0.0000e+00
      3.060      0.080     0.1305      1.448     49.347  42.308715     3.8552      7.527   177.3425 3.0807e+00    33.1663      3.001      4.352    18.5431 0.0000e+00
      3.082      0.075     0.1315      1.459     49.561  42.408408     3.8404      7.527   177.7867 3.0030e+00    34.6378      3.024      4.384    18.3307 0.0000e+00
      3.102      0.070     0.1321      1.462     49.782  42.541295     3.8358      7.527   178.3354 2.9445e+00    37.2430      3.043      4.412    18.1459 0.0000e+00
      3.119      0.065     0.1337      1.464     49.968  42.645945     3.8413      7.527   178.7292 2.8952e+00    38.6701      3.060      4.438    17.9823 0.0000e+00
      3.133      0.060     0.1389      1.456     50.016  42.658091     3.8491      7.527   178.8482 2.8427e+00    38.8099      3.073      4.457    17.8471 0.0000e+00
      3.147      0.056     0.1387      1.442     49.934  42.624643     3.8470      7.526   178.7422 2.8036e+00    38.1482      3.086      4.475    17.7675 0.0000e+00
      3.160      0.054     0.1389      1.431     49.916  42.685879     3.8324      7.525   178.6512 2.7730e+00    36.8174      3.099      4.495    17.7295 0.0000e+00
      3.174      0.055     0.1402      1.426     50.298  43.081225     3.8224      7.525   178.6085 2.7419e+00    36.0759      3.113      4.515    17.6653 0.0000e+00
      3.186      0.055     0.1390      1.430     51.222  43.913781     3.8258      7.525   178.6558 2.7046e+00    36.0154      3.124      4.530    17.6073 0.0000e+00
      3.199      0.055     0.1374      1.451     52.215  44.754427     3.8228      7.524   178.7932 2.6502e+00    35.7433      3.136      4.548    17.6620 0.0000e+00
      3.216      0.050     0.1356      1.467     52.650  45.056872     3.7111      7.524   178.9783 2.5828e+00    32.5804      3.153      4.573    17.7646 0.0000e+00
      3.233      0.044     0.1357      1.446     52.494  44.840980     3.4998      7.523   179.2599 2.5324e+00    26.7746      3.173      4.601    17.8260 0.0000e+00
      3.246      0.036     0.1344      1.405     52.216  44.556183     3.3737      7.522   179.4444 2.5179e+00    23.5487      3.187      4.623    17.8791 0.0000e+00
      3.253      0.028     0.1377      1.382     52.336  44.660319     3.3604      7.522   179.4889 2.5110e+00    23.2614      3.191      4.629    17.8790 0.0000e+00
      3.254      0.025     0.1412      1.373     53.766  45.909649     3.4053      7.522   179.5397 2.5002e+00    23.2668      3.191      4.628    17.7873 0.0000e+00
      3.254      0.029     0.1390      1.358     56.414  48.171190     3.4744      7.521   179.6284 2.4928e+00    23.1694      3.191      4.629    17.6903 0.0000e+00
      3.256      0.040     0.1325      1.349     59.339  50.609690     3.4974      7.519   179.7006 2.4863e+00    23.0069      3.192      4.630    17.6435 0.0000e+00
      3.263      0.055     0.1312      1.352     61.886  52.662628     3.4670      7.517   179.8101 2.4493e+00    22.6676      3.196      4.635    17.6474 0.0000e+00
      3.281      0.067     0.1317      1.373     62.851  53.307942     3.3060      7.515   180.0069 2.3528e+00    19.8526      3.213      4.660    17.7015 0.0000e+00
      3.311      0.074     0.1285      1.395     62.560  52.887574     3.0413      7.512   180.1014 2.2452e+00    14.7960      3.248      4.711    17.7123 0.0000e+00
      3.341      0.073     0.1287      1.398     62.336  52.596677     2.9132      7.507   180.0916 2.1752e+00    12.1192      3.281      4.758    17.6540 0.0000e+00
      3.363      0.067     0.1280      1.392     62.975  53.092826     2.9138      7.503   179.9746 2.1343e+00    11.9116      3.302      4.789    17.5713 0.0000e+00
      3.376      0.059     0.1316      1.397     64.723  54.504441     2.8993      7.499   179.8056 2.1216e+00    11.7396      3.314      4.806    17.4031 0.0000e+00
      3.382      0.052     0.1352      1.412     66.406  55.756081     2.8618      7.496   179.7682 2.1195e+00    11.4741      3.318      4.812    17.2354 0.0000e+00
      3.387      0.050     0.1348      1.421     67.266  56.222725     2.8357      7.494   179.8676 2.0978e+00    11.3653      3.319      4.814    17.1658 0.0000e+00
      3.396      0.054     0.1339      1.437     67.517  56.208455     2.8334      7.491   180.3183 2.0543e+00    11.3458      3.328      4.825    17.1520 0.0000e+00
      3.414      0.063     0.1336      1.450     67.357  55.964332     2.7507      7.488   180.9161 1.9882e+00    10.6247      3.347      4.855    17.1380 0.0000e+00
      3.436      0.072     0.1377      1.431     67.422  56.002042     2.5930      7.485   180.9866 1.9050e+00     9.2388      3.371      4.890    17.0133 0.0000e+00
      3.457      0.079     0.1370      1.412     68.040  56.473840     2.5163      7.481   180.4822 1.8218e+00     8.4919      3.390      4.917    16.7740 0.0000e+00
      3.478      0.083     0.1399      1.433     68.697  56.841614     2.4979      7.477   179.7222 1.7383e+00     8.4596      3.410      4.945    16.5869 0.0000e+00
      3.500      0.083     0.1435      1.463     69.003  56.828163     2.4788      7.474   178.5078 1.6423e+00     8.4382      3.433      4.979    16.5071 0.0000e+00
      3.523      0.083     0.1399      1.465     69.069  56.628433     2.4260      7.471   176.8118 1.5534e+00     7.9950      3.456      5.012    16.5283 0.0000e+00
      3.543      0.082     0.1353      1.459     69.010  56.395402     2.3347      7.467   175.2200 1.4862e+00     7.1660      3.475      5.040    16.5504 0.0000e+00
      3.562      0.080     0.1398      1.456     68.865  56.169906     2.2822      7.463   173.8012 1.4072e+00     6.6805      3.492      5.065    16.3913 0.0000e+00
      3.583      0.076     0.1462      1.453     68.979  56.188415     2.2655      7.460   172.5642 1.3007e+00     6.6003      3.512      5.095    16.1652 0.0000e+00
      3.607      0.072     0.1440      1.454     69.266  56.365048     2.2577      7.456   171.4489 1.2100e+00     6.5370      3.540      5.134    15.9753 0.0000e+00
      3.625      0.069     0.1446      1.454     69.335  56.400038     2.2625      7.452   170.2100 1.1488e+00     6.4622      3.558      5.159    15.8267 0.0000e+00
      3.638      0.065     0.1444      1.436     69.180  56.293873     2.2733      7.449   169.0282 1.0847e+00     6.4471      3.565      5.172    15.7766 0.0000e+00
      3.653      0.060     0.1439      1.397     68.969  56.161198     2.2636      7.446   168.0869 1.0086e+00     6.4227      3.582      5.195    15.7233 0.0000e+00
      3.668      0.056     0.1446      1.382     68.861  56.066248     2.1533      7.444   167.3474 9.3341e-01     6.1333      3.598      5.218    15.6708 0.0000e+00
      3.683      0.054     0.1450      1.412     68.833  55.971521     1.9806      7.443   166.5394 8.6842e-01     5.6471      3.611      5.238    15.6595 0.0000e+00
      3.697      0.054     0.1441      1.439     68.703  55.777942     1.9068      7.440   165.6310 8.2017e-01     5.4289      3.627      5.260    15.6709 0.0000e+00
      3.710      0.056     0.1376      1.444     68.319  55.376951     1.9188      7.439   164.7099 7.7646e-01     5.4750      3.637      5.276    15.7278 0.0000e+00
      3.721      0.060     0.1346      1.455     67.874  54.870324     1.9593      7.439   163.7477 7.2008e-01     5.6581      3.649      5.292    15.7290 0.0000e+00
      3.734      0.065     0.1411      1.465     67.579  54.415573     2.0130      7.439   162.7732 6.6500e-01     5.9356      3.661      5.310    15.6545 0.0000e+00
      3.751      0.070     0.1447      1.470     67.347  54.006500     2.0274      7.439   161.7899 6.0809e-01     6.0640      3.675      5.330    15.5818 0.0000e+00
      3.773      0.074     0.1428      1.479     66.772  53.353477     2.0169      7.439   160.8920 5.4254e-01     6.1515      3.699      5.365    15.5435 0.0000e+00
      3.797      0.077     0.1454      1.480     65.761  52.362257     1.9684      7.439   160.1775 4.8824e-01     6.6514      3.725      5.403    15.4443 0.0000e+00
      3.818      0.076     0.1477      1.473     65.236  51.737722     1.8742      7.439   159.5178 4.5074e-01     7.4291      3.745      5.431    15.2515 0.0000e+00
      3.835      0.070     0.1471      1.476     65.528  51.771376     1.8106      7.439   158.7662 4.1229e-01     7.7657      3.760      5.454    15.0827 0.0000e+00
      3.854      0.061     0.1500      1.481     65.804  51.879905     1.7897      7.439   158.1443 3.6629e-01     7.7152      3.779      5.481    14.9436 0.0000e+00
      3.872      0.053     0.1505      1.478     65.620  51.716285     1.7631      7.439   157.6767 3.4305e-01     7.8428      3.800      5.510    14.8184 0.0000e+00
      3.884      0.048     0.1486      1.478     65.190  51.380590     1.7220      7.439   157.0705 3.4451e-01     8.1471      3.811      5.528    14.6564 0.0000e+00
      3.890      0.045     0.1505      1.492     64.910  51.123085     1.6924      7.438   156.4071 3.3121e-01     8.3202      3.814      5.532    14.4667 0.0000e+00
      3.896      0.045     0.1520      1.502     65.056  51.142770     1.6794      7.438   155.8505 2.9593e-01     8.3304      3.819      5.540    14.3878 0.0000e+00
      3.906      0.046     0.1508      1.497     65.561  51.427987     1.6742      7.439   155.4179 2.6634e-01     8.3382      3.829      5.554    14.3980 0.0000e+00
      3.920      0.049     0.1500      1.484     66.059  51.777467     1.6709      7.439   155.0479 2.4968e-01     9.0633      3.843      5.574    14.4189 0.0000e+00
      3.937      0.054     0.1530      1.469     66.193  51.939204     1.6723      7.439   154.5607 2.3081e-01    10.5056      3.863      5.601    14.3958 0.0000e+00
      3.952      0.057     0.1543      1.454     66.158  51.986589     1.6831      7.440   154.0013 2.0607e-01    11.3272      3.877      5.623    14.3112 0.0000e+00
      3.966      0.058     0.1537      1.441     66.239  52.096472     1.6841      7.440   153.6178 1.7711e-01    11.4817      3.888      5.641    14.1977 0.0000e+00
      3.980      0.057     0.1526      1.437     66.218  52.124798     1.6855      7.440   153.2795 1.5437e-01    12.5447      3.902      5.660    14.1460 0.0000e+00
      3.996      0.055     0.1500      1.429     65.948  51.948120     1.7078      7.441   152.8368 1.4561e-01    14.5468      3.918      5.682    14.2332 0.0000e+00
      4.011      0.055     0.1495      1.418     65.280  51.420869     1.7294      7.442   152.4803 1.4821e-01    15.6719      3.935      5.707    14.3021 0.0000e+00
      4.024      0.055     0.1461      1.420     64.506  50.766347     1.7384      7.444   152.2397 1.4935e-01    15.9347      3.945      5.722    14.3145 0.0000e+00
      4.036      0.052     0.1476      1.425     64.449  50.638228     1.7335      7.445   152.0779 1.3840e-01    17.2119      3.957      5.739    14.3564 0.0000e+00
      4.050      0.047     0.1467      1.430     64.905  50.887734     1.7198      7.445   151.9014 1.2741e-01    19.4662      3.972      5.760    14.3948 0.0000e+00
      4.065      0.042     0.1435      1.425     65.248  51.052551     1.7140      7.446   151.6542 1.2411e-01    20.7138      3.988      5.784    14.3942 0.0000e+00
      4.078      0.038     0.1457      1.418     65.329  51.043429     1.7225      7.446   151.4119 1.2381e-01    20.9558      4.002      5.804    14.3547 0.0000e+00
      4.084      0.034     0.1454      1.422     64.979  50.713868     1.7886      7.447   151.1221 1.2383e-01    21.7423      4.006      5.810    14.2922 0.0000e+00
