Data/DataNotYetUploadedToEDI/Raw_CTD/RawDownloads/072924_fcr20_S7809003.cnv
* Sea-Bird SBE19plus  Data File:
* FileName = C:\R\Reservoirs\Data\DataNotYetUploadedToEDI\Raw_CTD\RawDownloads\07302024_BVR50_FCR10_20_30_40_0003.hex
* Software version 2.8.0.119
* Temperature SN = 7809
* Conductivity SN = 7809
* System UpLoad Time = Jul 30 2024 12:54:42
* <ApplicationData>
* <Seaterm232>
# nquan = 15
# nvalues = 555                         
# units = specified
# name 0 = depFM: Depth [fresh water, m]
# name 1 = dz/dtM: Descent Rate [m/s]
# name 2 = sbeox0Mg/L: Oxygen, SBE 43 [mg/l]
# name 3 = sbeox0PS: Oxygen, SBE 43 [% saturation]
# name 4 = specc: Specific Conductance [uS/cm]
# name 5 = c0uS/cm: Conductivity [uS/cm]
# name 6 = flECO-AFL: Fluorescence, WET Labs ECO-AFL/FL [mg/m^3]
# name 7 = ph: pH
# name 8 = orp: Oxidation Reduction Potential [mV]
# name 9 = par/sat/log: PAR/Logarithmic, Satlantic
# name 10 = turbWETntu0: Turbidity, WET Labs ECO [NTU]
# name 11 = prdM: Pressure, Strain Gauge [db]
# name 12 = prdE: Pressure, Strain Gauge [psi]
# name 13 = tv290C: Temperature [ITS-90, deg C]
# name 14 = flag:  0.000e+00
# span 0 =     -0.643,      3.347       
# span 1 =     -0.010,      0.162       
# span 2 =     0.0502,     9.6033       
# span 3 =      0.672,    117.934       
# span 4 =      0.896,    145.625       
# span 5 =   0.901411, 123.090117       
# span 6 =    -0.1405,    21.8574       
# span 7 =      6.859,      7.314       
# span 8 =   -47.4478,   463.2409       
# span 9 = 1.2361e-01, 4.7517e+02       
# span 10 =     0.0149,   112.9026      
# span 11 =     -0.631,      3.283      
# span 12 =     -0.915,      4.761      
# span 13 =    17.1553,    26.1758      
# span 14 = 0.0000e+00, 0.0000e+00      
# interval = seconds: 0.25
# start_time = Jul 29 2024 12:33:05 [Instrument's time stamp, header]
# bad_flag = -9.990e-29
*END*
[from data line 97]
     -0.058      0.038     7.0807     87.261     42.510  43.493194    13.1687      6.991   165.1299 2.6451e+02     5.4560     -0.057     -0.082    26.1533 0.0000e+00
     -0.048      0.034     7.0521     87.404     42.488  43.471674    13.1809      6.991   161.8724 2.5861e+02     5.4962     -0.047     -0.068    26.1491 0.0000e+00
     -0.038      0.025     7.0452     87.430     42.464  43.448917    13.1874      6.992   160.3969 2.5020e+02     5.4915     -0.038     -0.054    26.1486 0.0000e+00
     -0.030      0.015     7.0444     87.192     42.485  43.471932    13.1811      6.995   160.1084 2.4482e+02     5.4328     -0.028     -0.040    26.1495 0.0000e+00
     -0.026      0.007     7.0598     86.624     42.508  43.496064    13.1714      6.999   169.3120 2.4628e+02     5.4012     -0.023     -0.033    26.1505 0.0000e+00
     -0.030      0.002     7.0735     85.859     42.498  43.486801    13.1704      7.004   187.8753 2.5169e+02     5.4508     -0.028     -0.041    26.1520 0.0000e+00
     -0.035      0.000     7.0805     85.132     42.498  43.486885    13.1767      7.012   198.7963 2.5602e+02     5.4872     -0.036     -0.052    26.1536 0.0000e+00
     -0.039      0.001     7.0646     84.670     42.508  43.497083    13.2304      7.021   200.0036 2.5598e+02     5.4307     -0.040     -0.058    26.1554 0.0000e+00
     -0.038      0.003     7.0129     84.619     42.494  43.483150    13.3369      7.028   199.0304 2.5185e+02     5.3820     -0.039     -0.056    26.1571 0.0000e+00
     -0.033      0.007     6.9442     85.022     42.459  43.445373    13.4002      7.034   190.2987 2.4709e+02     5.3770     -0.034     -0.049    26.1579 0.0000e+00
     -0.028      0.009     6.8780     85.757     42.436  43.421156    13.4129      7.037   174.2740 2.4427e+02     5.4044     -0.026     -0.038    26.1580 0.0000e+00
     -0.023      0.008     6.8370     86.595     42.459  43.444236    13.4482      7.038   165.5685 2.4309e+02     5.4739     -0.022     -0.032    26.1580 0.0000e+00
     -0.022      0.006     6.8310     87.364     42.485  43.470550    13.4943      7.040   172.1980 2.4363e+02     5.4666     -0.021     -0.031    26.1570 0.0000e+00
     -0.023      0.004     6.8671     87.935     42.500  43.485419    13.5130      7.043   180.9538 2.4536e+02     5.3842     -0.021     -0.031    26.1555 0.0000e+00
     -0.025      0.004     6.9355     88.130     42.511  43.497064    13.5242      7.048   183.1576 2.4568e+02     5.3659     -0.025     -0.037    26.1548 0.0000e+00
     -0.025      0.005     7.0073     87.822     42.500  43.484408    13.5719      7.053   189.5518 2.4379e+02     5.4156     -0.027     -0.039    26.1542 0.0000e+00
     -0.023      0.007     7.0723     87.138     42.475  43.459334    13.6574      7.058   195.5430 2.4097e+02     5.4728     -0.022     -0.032    26.1536 0.0000e+00
     -0.019      0.009     7.1238     86.374     42.464  43.447783    13.6998      7.064   195.6283 2.3827e+02     5.4778     -0.018     -0.026    26.1532 0.0000e+00
     -0.015      0.009     7.1462     85.802     42.488  43.471696    13.7013      7.070   195.2286 2.3660e+02     5.4414     -0.014     -0.021    26.1531 0.0000e+00
     -0.012      0.008     7.1165     85.595     42.510  43.494566    13.7837      7.075   194.5825 2.3563e+02     5.4076     -0.012     -0.017    26.1524 0.0000e+00
     -0.010      0.005     7.0507     85.746     42.485  43.470425    13.9392      7.080   193.9249 2.3503e+02     5.4108     -0.010     -0.014    26.1519 0.0000e+00
     -0.009      0.002     6.9821     86.116     42.449  43.433694    14.0334      7.085   193.3854 2.3553e+02     5.4804     -0.008     -0.012    26.1516 0.0000e+00
     -0.009      0.000     6.9293     86.609     42.445  43.431299    14.0401      7.090   192.9649 2.3653e+02     5.4984     -0.009     -0.013    26.1517 0.0000e+00
     -0.010     -0.001     6.9134     87.206     42.454  43.441467    13.9794      7.095   192.4535 2.3732e+02     5.4219     -0.010     -0.014    26.1520 0.0000e+00
     -0.012     -0.001     6.9310     87.874     42.442  43.429689    13.8730      7.100   191.3327 2.3797e+02     5.3756     -0.012     -0.016    26.1524 0.0000e+00
     -0.012     -0.001     6.9640     88.539     42.428  43.415836    13.8113      7.104   184.8332 2.3816e+02     5.4172     -0.013     -0.018    26.1534 0.0000e+00
     -0.012      0.000     7.0027     89.113     42.413  43.400924    13.8078      7.106   172.6339 2.3747e+02     5.4808     -0.012     -0.017    26.1549 0.0000e+00
     -0.011      0.003     7.0521     89.539     42.389  43.376325    13.8053      7.107   164.1144 2.3689e+02     5.4617     -0.011     -0.016    26.1564 0.0000e+00
     -0.011      0.008     7.1082     89.828     42.385  43.372310    13.7810      7.107   161.0676 2.3707e+02     5.3913     -0.010     -0.015    26.1572 0.0000e+00
     -0.010      0.014     7.1645     89.962     42.366  43.352374    13.7467      7.106   159.4563 2.3597e+02     5.3811     -0.010     -0.015    26.1578 0.0000e+00
     -0.007      0.019     7.2136     89.866     42.280  43.262233    13.7241      7.104   158.4841 2.3223e+02     5.4401     -0.008     -0.012    26.1582 0.0000e+00
     -0.002      0.023     7.2459     89.437     42.195  43.171029    13.7246      7.102   158.4328 2.2590e+02     5.5251     -0.003     -0.004    26.1586 0.0000e+00
      0.008      0.026     7.2700     88.659     42.166  43.138238    13.7354      7.101   165.9772 2.1795e+02     5.5538      0.007      0.010    26.1589 0.0000e+00
      0.019      0.026     7.2829     87.659     42.149  43.119643    13.7459      7.102   179.4950 2.1198e+02     5.4798      0.019      0.029    26.1588 0.0000e+00
      0.028      0.023     7.2790     86.563     42.104  43.073134    13.7516      7.105   179.5662 2.0969e+02     5.4167      0.029      0.043    26.1571 0.0000e+00
      0.033      0.017     7.2473     85.487     42.053  43.020209    13.7461      7.107   166.5801 2.0930e+02     5.4396      0.032      0.047    26.1512 0.0000e+00
      0.035      0.009     7.1785     84.519     42.021  42.987490    13.7461      7.109   158.6815 2.0885e+02     5.5178      0.034      0.049    26.1457 0.0000e+00
      0.036      0.003     7.0952     83.653     42.029  42.994890    13.7444      7.110   157.2845 2.0889e+02     5.5422      0.037      0.052    26.1442 0.0000e+00
      0.035      0.000     7.0038     82.932     42.081  43.046219    13.7418      7.110   156.8295 2.1111e+02     5.4615      0.035      0.051    26.1435 0.0000e+00
      0.032      0.000     6.9119     82.427     42.136  43.100328    13.7396      7.109   156.5355 2.1331e+02     5.3959      0.030      0.044    26.1433 0.0000e+00
      0.030      0.003     6.8369     82.111     42.116  43.077871    13.6095      7.109   156.3970 2.1308e+02     5.3974      0.028      0.040    26.1441 0.0000e+00
      0.031      0.008     6.7649     81.921     42.007  42.965103    13.3756      7.108   156.1878 2.1159e+02     5.4469      0.030      0.044    26.1434 0.0000e+00
      0.032      0.014     6.7027     81.746     41.924  42.879339    13.2499      7.108   155.8995 2.0889e+02     5.4810      0.031      0.044    26.1404 0.0000e+00
      0.036      0.021     6.6652     81.439     41.913  42.866038    13.2381      7.110   156.0948 2.0395e+02     5.4681      0.034      0.048    26.1378 0.0000e+00
      0.045      0.028     6.6407     80.968     41.917  42.867749    13.2996      7.111   161.0437 1.9863e+02     5.4281      0.046      0.067    26.1359 0.0000e+00
      0.054      0.035     6.6278     80.391     41.889  42.836540    13.4121      7.113   165.7476 1.9364e+02     5.4073      0.055      0.079    26.1345 0.0000e+00
      0.062      0.040     6.6206     79.709     41.861  42.806048    13.4742      7.115   161.0879 1.8741e+02     5.4557      0.059      0.084    26.1330 0.0000e+00
      0.072      0.044     6.5964     78.917     41.871  42.816432    13.4753      7.117   155.8104 1.7909e+02     5.4662      0.069      0.100    26.1304 0.0000e+00
      0.087      0.047     6.5550     78.086     41.890  42.835149    13.4178      7.118   155.4549 1.6971e+02     5.3976      0.086      0.125    26.1268 0.0000e+00
      0.102      0.051     6.5097     77.291     41.899  42.841937    13.3113      7.116   155.8430 1.6156e+02     5.3433      0.102      0.147    26.1238 0.0000e+00
      0.113      0.053     6.4561     76.574     41.896  42.835026    13.2449      7.113   156.0290 1.5426e+02     5.3571      0.111      0.161    26.1228 0.0000e+00
      0.124      0.053     6.3881     75.942     41.880  42.815061    13.2394      7.113   155.9825 1.4691e+02     5.4276      0.119      0.173    26.1240 0.0000e+00
      0.139      0.051     6.3191     75.346     41.862  42.790945    13.2529      7.116   155.9690 1.4145e+02     5.4786      0.135      0.196    26.1235 0.0000e+00
      0.157      0.048     6.2545     74.770     41.876  42.797313    13.2750      7.119   155.9518 1.3855e+02     5.4614      0.155      0.226    26.1191 0.0000e+00
      0.170      0.043     6.1954     74.210     41.916  42.828574    13.2909      7.123   155.9464 1.3574e+02     5.4244      0.170      0.246    26.1147 0.0000e+00
      0.180      0.039     6.1483     73.684     41.946  42.851549    13.2859      7.123   156.2485 1.3169e+02     5.4406      0.177      0.256    26.1106 0.0000e+00
      0.187      0.037     6.0996     73.285     41.980  42.884669    13.2904      7.122   156.8501 1.2820e+02     5.4864      0.184      0.267    26.1045 0.0000e+00
      0.192      0.041     6.0545     73.142     42.004  42.911678    13.3113      7.121   157.3700 1.2627e+02     5.4655      0.189      0.274    26.0953 0.0000e+00
      0.197      0.049     6.0113     73.399     42.014  42.924233    13.3389      7.121   157.6300 1.2455e+02     5.3935      0.191      0.277    26.0816 0.0000e+00
      0.209      0.060     5.9657     74.029     42.060  42.972993    13.3579      7.124   157.9290 1.2172e+02     5.3679      0.201      0.291    26.0707 0.0000e+00
      0.229      0.073     5.9314     74.726     42.080  42.993467    13.3655      7.127   158.4051 1.1728e+02     5.3942      0.221      0.320    26.0679 0.0000e+00
      0.254      0.085     5.9133     75.225     42.003  42.917889    13.5396      7.129   158.7397 1.1293e+02     5.4384      0.251      0.364    26.0726 0.0000e+00
      0.278      0.093     5.9320     75.488     41.903  42.820857    13.8650      7.132   158.8773 1.0987e+02     5.4586      0.273      0.397    26.0787 0.0000e+00
      0.302      0.094     5.9956     75.495     41.851  42.772327    14.0368      7.136   158.9503 1.0561e+02     5.4332      0.292      0.424    26.0783 0.0000e+00
      0.331      0.089     6.0619     75.225     41.852  42.775421    14.0447      7.141   159.0194 1.0036e+02     5.4043      0.326      0.474    26.0785 0.0000e+00
      0.358      0.080     6.0988     74.725     41.871  42.794798    13.9680      7.146   159.1973 9.6189e+01     5.4166      0.354      0.513    26.0832 0.0000e+00
      0.378      0.070     6.1206     74.044     41.892  42.816196    13.8504      7.151   159.3801 9.2633e+01     5.4800      0.372      0.540    26.0891 0.0000e+00
      0.393      0.060     6.1229     73.284     41.918  42.843736    13.8139      7.155   159.3369 8.9962e+01     5.4876      0.387      0.563    26.0955 0.0000e+00
      0.403      0.053     6.0971     72.582     41.948  42.873899    13.8499      7.159   159.2772 8.8012e+01     5.4405      0.396      0.574    26.0982 0.0000e+00
      0.411      0.051     6.0568     71.990     41.937  42.863537    14.1111      7.163   159.4331 8.5962e+01     5.4223      0.402      0.583    26.0981 0.0000e+00
      0.420      0.053     5.9993     71.542     41.857  42.781927    14.5834      7.164   159.6727 8.3679e+01     5.4380      0.411      0.596    26.0971 0.0000e+00
      0.433      0.056     5.9311     71.235     41.789  42.712267    14.8577      7.166   159.8516 8.1230e+01     5.4943      0.423      0.614    26.0966 0.0000e+00
      0.451      0.056     5.8752     70.975     41.799  42.719468    14.9144      7.169   159.9620 7.8509e+01     5.4886      0.441      0.639    26.0973 0.0000e+00
      0.474      0.056     5.8253     70.690     41.833  42.742051    14.9284      7.172   160.0609 7.6123e+01     5.4023      0.467      0.677    26.0986 0.0000e+00
      0.491      0.052     5.7877     70.378     41.840  42.731406    14.9599      7.175   160.1867 7.4989e+01     5.3391      0.486      0.704    26.0996 0.0000e+00
      0.500      0.045     5.7678     70.063     41.842  42.717681    15.0457      7.180   160.3643 7.4339e+01     5.3731      0.491      0.712    26.0992 0.0000e+00
      0.506      0.037     5.7483     69.755     41.837  42.703008    15.1082      7.184   160.4870 7.3322e+01     5.4718      0.496      0.719    26.0980 0.0000e+00
      0.514      0.031     5.7272     69.476     41.821  42.680931    15.1160      7.188   160.5519 7.2207e+01     5.5087      0.505      0.732    26.0833 0.0000e+00
      0.522      0.026     5.7026     69.247     41.848  42.704624    14.9159      7.191   160.7189 7.1206e+01     5.4780      0.513      0.744    26.0572 0.0000e+00
      0.528      0.025     5.6804     69.130     42.066  42.925995    14.5194      7.194   160.8716 7.0165e+01     5.4415      0.518      0.752    26.0382 0.0000e+00
      0.533      0.025     5.6544     69.545     42.452  43.326424    14.3000      7.197   160.8494 6.9012e+01     5.4433      0.523      0.759    26.0273 0.0000e+00
      0.539      0.025     5.6332     71.941     42.714  43.610925    14.3027      7.201   160.8799 6.7821e+01     5.4656      0.529      0.767    26.0203 0.0000e+00
      0.546      0.027     5.6128     78.015     42.780  43.700060    14.5273      7.203   161.0689 6.6726e+01     5.4384      0.536      0.777    26.0170 0.0000e+00
      0.551      0.032     5.6004     87.311     42.770  43.705977    14.9344      7.204   161.3287 6.5674e+01     5.4210      0.540      0.783    26.0149 0.0000e+00
      0.558      0.037     5.5933     97.231     42.739  43.682497    15.1550      7.205   161.6972 6.4332e+01     5.4267      0.544      0.789    26.0182 0.0000e+00
      0.569      0.041     5.7065    105.596     42.726  43.670071    15.1723      7.206   161.9968 6.2781e+01     5.3700      0.557      0.809    26.0418 0.0000e+00
      0.582      0.042     6.2102    111.814     42.740  43.682676    15.2188      7.209   162.0260 6.1401e+01     5.3509      0.571      0.829    26.0727 0.0000e+00
      0.595      0.039     7.0604    115.912     42.765  43.707952    15.3085      7.211   161.8784 6.0051e+01     5.4004      0.580      0.843    26.0910 0.0000e+00
      0.610      0.033     7.9329    117.908     42.777  43.721790    15.3580      7.213   161.7604 5.8839e+01     5.4560      0.599      0.869    26.0997 0.0000e+00
      0.620      0.028     8.6120    117.934     42.776  43.723048    15.3602      7.216   161.8039 5.8201e+01     5.5103      0.612      0.887    26.0995 0.0000e+00
      0.622      0.024     9.1127    116.421     42.775  43.723171    15.3603      7.219   161.9747 5.7948e+01     5.5104      0.611      0.885    26.0948 0.0000e+00
      0.620      0.023     9.4478    114.275     42.776  43.723276    15.3918      7.221   162.1046 5.7643e+01     5.4916      0.606      0.879    26.0946 0.0000e+00
      0.621      0.025     9.6033    112.386     42.780  43.724317    15.4248      7.224   162.1696 5.7005e+01     5.4876      0.607      0.880    26.0971 0.0000e+00
      0.630      0.029     9.5988    111.061     42.795  43.735753    15.4268      7.228   162.3302 5.6091e+01     5.4968      0.617      0.894    26.1008 0.0000e+00
      0.642      0.034     9.4437    110.126     42.795  43.734589    15.4158      7.229   162.5846 5.5153e+01     5.4998      0.629      0.914    26.1034 0.0000e+00
