Data/DataNotYetUploadedToEDI/Raw_CTD/RawDownloads/072924_fcr30_S7809004.cnv
* Sea-Bird SBE19plus  Data File:
* FileName = C:\R\Reservoirs\Data\DataNotYetUploadedToEDI\Raw_CTD\RawDownloads\07302024_BVR50_FCR10_20_30_40_0004.hex
* Software version 2.8.0.119
* Temperature SN = 7809
* Conductivity SN = 7809
* System UpLoad Time = Jul 30 2024 12:55:06
* <ApplicationData>
* <Seaterm232>
# nquan = 15
# nvalues = 639                         
# units = specified
# name 0 = depFM: Depth [fresh water, m]
# name 1 = dz/dtM: Descent Rate [m/s]
# name 2 = sbeox0Mg/L: Oxygen, SBE 43 [mg/l]
# name 3 = sbeox0PS: Oxygen, SBE 43 [% saturation]
# name 4 = specc: Specific Conductance [uS/cm]
# name 5 = c0uS/cm: Conductivity [uS/cm]
# name 6 = flECO-AFL: Fluorescence, WET Labs ECO-AFL/FL [mg/m^3]
# name 7 = ph: pH
# name 8 = orp: Oxidation Reduction Potential [mV]
# name 9 = par/sat/log: PAR/Logarithmic, Satlantic
# name 10 = turbWETntu0: Turbidity, WET Labs ECO [NTU]
# name 11 = prdM: Pressure, Strain Gauge [db]
# name 12 = prdE: Pressure, Strain Gauge [psi]
# name 13 = tv290C: Temperature [ITS-90, deg C]
# name 14 = flag:  0.000e+00
# span 0 =     -0.638,      5.429       
# span 1 =     -0.011,      0.172       
# span 2 =     0.1291,     9.2625       
# span 3 =      1.350,    114.061       
# span 4 =      0.790,     79.949       
# span 5 =   0.759556,  63.150594       
# span 6 =    -0.1071,    22.0321       
# span 7 =      7.058,      7.399       
# span 8 =    74.0598,   480.8565       
# span 9 = 1.2364e-01, 3.9656e+02       
# span 10 =     0.6993,    69.3853      
# span 11 =     -0.626,      5.325      
# span 12 =     -0.908,      7.724      
# span 13 =    12.1587,    26.1752      
# span 14 = 0.0000e+00, 0.0000e+00      
# interval = seconds: 0.25
# start_time = Jul 29 2024 12:47:00 [Instrument's time stamp, header]
# bad_flag = -9.990e-29
*END*
[from data line 290]
      2.165      0.033     0.3218      5.591     45.032  43.829134    21.0835      7.373   144.5554 9.9738e+00     5.2546      2.123      3.078    23.7268 0.0000e+00
      2.176      0.038     0.3719      5.738     45.015  43.727447    21.0912      7.373   144.5577 9.8508e+00     5.2102      2.134      3.097    23.7537 0.0000e+00
      2.187      0.041     0.4165      5.737     45.021  43.597807    21.1105      7.372   144.6668 9.7222e+00     5.1512      2.146      3.112    23.7443 0.0000e+00
      2.197      0.043     0.4533      5.588     45.160  43.530962    21.1591      7.371   144.8419 9.5944e+00     5.0875      2.155      3.125    23.7165 0.0000e+00
      2.208      0.044     0.4772      5.329     45.324  43.490192    21.1875      7.371   145.0404 9.4729e+00     5.0550      2.164      3.139    23.6803 0.0000e+00
      2.220      0.045     0.4911      4.979     45.314  43.358457    21.0795      7.372   145.0872 9.3578e+00     4.9970      2.178      3.159    23.5743 0.0000e+00
      2.232      0.048     0.4930      4.553     45.294  43.207476    19.7783      7.372   145.0636 9.2525e+00     4.9325      2.190      3.177    23.4522 0.0000e+00
      2.242      0.050     0.4801      4.101     45.483  43.187868    17.3897      7.372   145.0995 9.1221e+00     4.9247      2.198      3.188    23.2028 0.0000e+00
      2.254      0.051     0.4604      3.669     45.720  43.248028    16.0867      7.372   145.0911 8.9459e+00     4.9371      2.210      3.204    22.9046 0.0000e+00
      2.270      0.050     0.4310      3.239     45.838  43.299901    15.9007      7.371   145.1344 8.7442e+00     4.9456      2.226      3.228    22.8495 0.0000e+00
      2.287      0.049     0.3932      2.787     45.817  43.307186    14.9243      7.371   145.3645 8.5774e+00     5.0272      2.244      3.255    22.7462 0.0000e+00
      2.301      0.048     0.3542      2.355     45.645  43.209207    13.1125      7.371   145.8080 8.4811e+00     5.2059      2.258      3.274    22.4458 0.0000e+00
      2.311      0.045     0.3189      2.015     45.466  43.067444    12.1130      7.371   146.4537 8.4117e+00     5.3645      2.266      3.288    22.2431 0.0000e+00
      2.319      0.041     0.2837      1.801     45.465  42.989583    12.0120      7.371   147.0631 8.3203e+00     5.4756      2.274      3.298    22.1935 0.0000e+00
      2.329      0.039     0.2422      1.691     45.612  42.965878    11.8255      7.372   147.4112 8.2068e+00     5.5254      2.283      3.310    22.2373 0.0000e+00
      2.339      0.039     0.2015      1.631     45.792  42.971014    11.4802      7.372   147.6516 8.1018e+00     5.4882      2.296      3.329    22.3384 0.0000e+00
      2.348      0.040     0.1702      1.596     45.932  42.987984    11.2829      7.371   147.9906 7.9980e+00     5.4007      2.302      3.339    22.4074 0.0000e+00
      2.358      0.041     0.1532      1.601     45.982  42.980471    11.2456      7.371   148.3266 7.8784e+00     5.3558      2.310      3.352    22.3160 0.0000e+00
      2.369      0.040     0.1464      1.636     45.964  42.943582    11.1957      7.371   148.6171 7.7709e+00     5.4241      2.324      3.371    22.0866 0.0000e+00
      2.380      0.038     0.1426      1.665     45.964  42.922769    10.6383      7.371   148.9214 7.6721e+00     5.4415      2.334      3.385    21.8950 0.0000e+00
      2.391      0.034     0.1386      1.679     45.982  42.919204     9.5843      7.372   149.1664 7.5767e+00     5.2923      2.345      3.402    21.7651 0.0000e+00
      2.402      0.030     0.1393      1.690     45.910  42.836982     8.9887      7.372   149.2564 7.5193e+00     5.1565      2.358      3.420    21.7141 0.0000e+00
      2.408      0.029     0.1443      1.690     45.718  42.626806     8.9210      7.372   149.2352 7.4938e+00     5.1328      2.363      3.427    21.7182 0.0000e+00
      2.410      0.030     0.1473      1.674     45.574  42.409024     8.9901      7.371   149.1687 7.4542e+00     5.1758      2.363      3.427    21.6824 0.0000e+00
      2.414      0.033     0.1473      1.656     45.675  42.361689     9.1422      7.371   149.1407 7.3603e+00     5.2327      2.365      3.431    21.6622 0.0000e+00
      2.423      0.037     0.1491      1.647     45.902  42.435104     9.2279      7.371   149.2393 7.2165e+00     5.2058      2.374      3.442    21.6505 0.0000e+00
      2.436      0.040     0.1496      1.649     46.017  42.471369     9.2359      7.371   149.3289 7.0816e+00     5.1228      2.390      3.465    21.6346 0.0000e+00
      2.451      0.041     0.1474      1.659     46.035  42.482723     9.2973      7.371   149.3637 6.9768e+00     5.0497      2.404      3.487    21.5568 0.0000e+00
      2.464      0.040     0.1463      1.649     46.051  42.508908     9.4291      7.371   149.4880 6.8716e+00     5.0054      2.416      3.505    21.3637 0.0000e+00
      2.474      0.037     0.1461      1.614     45.944  42.407163     9.5071      7.372   149.7131 6.8009e+00     5.0311      2.428      3.521    21.1875 0.0000e+00
      2.480      0.036     0.1461      1.590     45.629  42.077650     9.4994      7.372   150.0209 6.7789e+00     5.0529      2.432      3.528    21.1129 0.0000e+00
      2.485      0.039     0.1484      1.586     45.397  41.761704     9.2522      7.373   150.4559 6.7442e+00     5.0986      2.437      3.534    21.1346 0.0000e+00
      2.492      0.047     0.1483      1.592     45.480  41.696935     8.7901      7.374   150.8428 6.6747e+00     5.2763      2.442      3.542    21.1574 0.0000e+00
      2.503      0.061     0.1421      1.598     45.735  41.802094     8.5482      7.374   151.0857 6.5549e+00     5.4595      2.451      3.556    21.1524 0.0000e+00
      2.520      0.077     0.1409      1.602     45.955  41.890564     8.5169      7.374   151.4137 6.4081e+00     5.5713      2.470      3.583    21.1370 0.0000e+00
      2.540      0.088     0.1411      1.603     46.066  41.877905     8.3121      7.373   151.8828 6.2287e+00     6.0131      2.489      3.610    21.0114 0.0000e+00
      2.569      0.093     0.1425      1.598     46.126  41.839286     7.9446      7.372   152.3703 5.9303e+00     6.8048      2.515      3.648    20.8218 0.0000e+00
      2.606      0.090     0.1435      1.589     46.217  41.867779     7.7354      7.371   152.7473 5.5902e+00     7.2867      2.559      3.711    20.6877 0.0000e+00
      2.636      0.081     0.1438      1.578     46.299  41.904986     7.7137      7.371   152.9997 5.3725e+00     7.3989      2.592      3.758    20.5821 0.0000e+00
      2.652      0.068     0.1448      1.561     46.354  41.908292     7.7154      7.371   153.1848 5.2697e+00     7.3760      2.603      3.774    20.4396 0.0000e+00
      2.662      0.053     0.1443      1.545     46.416  41.907694     7.6479      7.370   153.3504 5.2015e+00     7.2149      2.611      3.787    20.3270 0.0000e+00
      2.670      0.042     0.1436      1.540     46.449  41.897676     7.5210      7.369   153.6264 5.1362e+00     7.0566      2.618      3.797    20.2854 0.0000e+00
      2.676      0.037     0.1431      1.539     46.492  41.914047     7.4387      7.369   153.9409 5.0575e+00     7.0327      2.623      3.804    20.2550 0.0000e+00
      2.682      0.039     0.1415      1.530     46.599  41.978677     7.3777      7.370   154.0547 4.9623e+00     7.0972      2.630      3.814    20.2099 0.0000e+00
      2.691      0.044     0.1394      1.528     46.719  42.044382     6.9251      7.371   154.0563 4.8182e+00     7.2216      2.637      3.825    20.1278 0.0000e+00
      2.704      0.048     0.1395      1.527     46.783  42.073714     6.1021      7.372   154.1323 4.6189e+00     7.3410      2.650      3.844    20.0841 0.0000e+00
      2.720      0.051     0.1405      1.512     46.791  42.079413     5.6499      7.372   154.1990 4.4344e+00     7.3448      2.668      3.870    20.0811 0.0000e+00
      2.736      0.051     0.1383      1.497     46.817  42.113284     5.5860      7.372   154.2596 4.2884e+00     7.3358      2.684      3.893    20.0423 0.0000e+00
      2.751      0.051     0.1387      1.502     46.884  42.165916     5.4132      7.371   154.3497 4.1958e+00     7.4373      2.700      3.916    19.9859 0.0000e+00
      2.762      0.050     0.1400      1.516     46.982  42.208010     5.1166      7.370   154.4285 4.1488e+00     7.5822      2.710      3.932    19.9484 0.0000e+00
      2.771      0.048     0.1373      1.514     47.107  42.241357     4.9547      7.370   154.5238 4.0638e+00     7.6182      2.715      3.938    19.9535 0.0000e+00
      2.782      0.046     0.1356      1.503     47.220  42.251658     4.9364      7.371   154.7268 3.9373e+00     7.5657      2.727      3.956    19.9798 0.0000e+00
      2.797      0.045     0.1358      1.493     47.321  42.268960     4.9625      7.372   154.9903 3.8313e+00     7.6650      2.744      3.980    19.9817 0.0000e+00
      2.811      0.045     0.1392      1.491     47.513  42.386993     5.0209      7.372   155.1296 3.7579e+00     7.9310      2.757      3.998    19.9264 0.0000e+00
      2.822      0.047     0.1381      1.498     47.842  42.599703     5.0514      7.372   155.2920 3.7097e+00     8.0827      2.769      4.017    19.8373 0.0000e+00
      2.829      0.049     0.1373      1.494     48.165  42.746178     5.0395      7.372   155.5766 3.6667e+00     8.1668      2.775      4.025    19.7277 0.0000e+00
      2.837      0.049     0.1368      1.481     48.366  42.761445     4.8855      7.373   155.9038 3.5874e+00     8.9813      2.779      4.032    19.6418 0.0000e+00
      2.852      0.048     0.1357      1.477     48.456  42.720606     4.6215      7.373   156.3237 3.4684e+00    10.4842      2.796      4.055    19.6125 0.0000e+00
      2.871      0.046     0.1381      1.472     48.488  42.696537     4.5024      7.373   156.6950 3.3638e+00    11.3430      2.817      4.086    19.5471 0.0000e+00
      2.886      0.046     0.1381      1.458     48.532  42.724250     4.5019      7.373   156.8659 3.3083e+00    11.4400      2.832      4.109    19.3821 0.0000e+00
      2.896      0.046     0.1362      1.460     48.567  42.738313     4.4832      7.373   156.9269 3.2868e+00    11.4524      2.842      4.122    19.1802 0.0000e+00
      2.901      0.046     0.1366      1.471     48.556  42.676141     4.4588      7.373   157.0889 3.2683e+00    11.5949      2.845      4.126    19.0488 0.0000e+00
      2.908      0.046     0.1377      1.472     48.565  42.607181     4.4480      7.374   157.3615 3.2073e+00    11.8653      2.848      4.131    19.0059 0.0000e+00
      2.922      0.047     0.1341      1.485     48.643  42.602610     4.4521      7.374   157.7277 3.1032e+00    12.0571      2.864      4.154    19.0173 0.0000e+00
      2.939      0.048     0.1347      1.494     48.725  42.620775     4.4593      7.373   158.1619 3.0114e+00    12.1720      2.884      4.182    19.0130 0.0000e+00
      2.955      0.048     0.1381      1.481     48.714  42.572853     4.3522      7.371   158.3958 2.9290e+00    12.6393      2.898      4.201    18.9487 0.0000e+00
      2.968      0.047     0.1354      1.471     48.561  42.403971     4.1138      7.370   158.4908 2.8581e+00    13.4378      2.913      4.223    18.8598 0.0000e+00
      2.978      0.046     0.1386      1.476     48.354  42.165571     3.9649      7.371   158.5353 2.8273e+00    13.8669      2.923      4.238    18.7777 0.0000e+00
      2.985      0.045     0.1409      1.478     48.327  42.038725     3.9419      7.372   158.5034 2.8003e+00    13.9670      2.925      4.243    18.7258 0.0000e+00
      2.994      0.045     0.1375      1.462     48.500  42.076088     3.8454      7.373   158.5353 2.7495e+00    14.5118      2.934      4.256    18.6919 0.0000e+00
      3.008      0.046     0.1368      1.448     48.614  42.109414     3.6470      7.373   158.6629 2.6795e+00    15.4335      2.949      4.278    18.6595 0.0000e+00
      3.023      0.047     0.1379      1.455     48.587  42.060766     3.5231      7.372   158.8416 2.6104e+00    15.8535      2.965      4.301    18.6224 0.0000e+00
      3.036      0.045     0.1396      1.470     48.523  41.995614     3.4963      7.372   159.0612 2.5621e+00    15.7985      2.978      4.321    18.4976 0.0000e+00
      3.048      0.039     0.1372      1.470     48.482  41.956351     3.5055      7.372   159.2526 2.5263e+00    15.8271      2.988      4.334    18.3434 0.0000e+00
      3.059      0.031     0.1352      1.460     48.502  41.966856     3.5427      7.371   159.3496 2.5016e+00    15.9603      3.000      4.351    18.2931 0.0000e+00
      3.068      0.025     0.1367      1.455     48.547  41.995676     3.5633      7.370   159.4594 2.4891e+00    16.0426      3.012      4.367    18.2771 0.0000e+00
      3.070      0.023     0.1391      1.460     48.475  41.923983     3.5477      7.370   159.5476 2.4816e+00    16.0706      3.012      4.369    18.2641 0.0000e+00
      3.070      0.025     0.1388      1.467     48.297  41.734709     3.4612      7.370   159.5562 2.4713e+00    16.5041      3.008      4.363    18.2702 0.0000e+00
      3.072      0.030     0.1369      1.456     48.178  41.547749     3.3333      7.371   159.5632 2.4545e+00    17.3899      3.010      4.365    18.2597 0.0000e+00
      3.080      0.037     0.1367      1.434     48.182  41.440494     3.2748      7.371   159.5458 2.4252e+00    17.9325      3.018      4.377    18.2441 0.0000e+00
      3.094      0.046     0.1372      1.424     48.241  41.389764     3.2788      7.370   159.5180 2.3797e+00    18.0092      3.034      4.401    18.2477 0.0000e+00
      3.111      0.052     0.1391      1.424     48.245  41.315056     3.2811      7.369   159.5711 2.3312e+00    18.0444      3.050      4.425    18.2265 0.0000e+00
      3.126      0.055     0.1382      1.421     48.220  41.235253     3.2527      7.369   159.8440 2.2943e+00    18.8363      3.066      4.447    18.1232 0.0000e+00
      3.141      0.053     0.1346      1.421     48.298  41.249873     3.2186      7.369   160.3233 2.2692e+00    20.4105      3.083      4.472    17.9946 0.0000e+00
      3.153      0.048     0.1348      1.430     48.403  41.301363     3.2181      7.369   160.6339 2.2407e+00    21.3304      3.091      4.484    17.8841 0.0000e+00
      3.166      0.041     0.1355      1.432     48.398  41.286563     3.2225      7.367   160.6739 2.2045e+00    21.4877      3.105      4.503    17.8049 0.0000e+00
      3.180      0.035     0.1354      1.430     48.291  41.197853     3.2215      7.366   160.8074 2.1785e+00    22.0391      3.123      4.529    17.7555 0.0000e+00
      3.187      0.032     0.1345      1.449     48.138  41.053856     3.2308      7.365   161.1294 2.1773e+00    23.0781      3.128      4.536    17.6924 0.0000e+00
      3.188      0.032     0.1367      1.455     48.067  40.941766     3.2514      7.365   161.3830 2.1852e+00    23.7000      3.125      4.533    17.6474 0.0000e+00
      3.192      0.033     0.1377      1.439     48.133  40.921462     3.2708      7.365   161.4645 2.1787e+00    23.7857      3.127      4.536    17.6431 0.0000e+00
      3.202      0.036     0.1342      1.439     48.233  40.935195     3.2741      7.365   161.5980 2.1499e+00    23.6358      3.138      4.552    17.6567 0.0000e+00
      3.216      0.041     0.1392      1.449     48.346  40.980781     3.2664      7.365   161.7928 2.1179e+00    23.2878      3.155      4.575    17.6564 0.0000e+00
      3.229      0.047     0.1408      1.466     48.535  41.091771     3.2527      7.364   161.7553 2.0955e+00    23.0623      3.167      4.594    17.5946 0.0000e+00
      3.240      0.050     0.1355      1.483     48.740  41.198173     3.2580      7.363   161.5744 2.0684e+00    23.0962      3.177      4.609    17.5010 0.0000e+00
      3.251      0.048     0.1383      1.474     48.869  41.251705     3.3229      7.362   161.4128 2.0364e+00    23.6977      3.186      4.620    17.4204 0.0000e+00
