Data/DataNotYetUploadedToEDI/Raw_CTD/RawDownloads/072924_fcr10_S7809002.cnv
* Sea-Bird SBE19plus  Data File:
* FileName = C:\R\Reservoirs\Data\DataNotYetUploadedToEDI\Raw_CTD\RawDownloads\07302024_BVR50_FCR10_20_30_40_0002.hex
* Software version 2.8.0.119
* Temperature SN = 7809
* Conductivity SN = 7809
* System UpLoad Time = Jul 30 2024 12:54:22
* <ApplicationData>
* <Seaterm232>
# nquan = 15
# nvalues = 434                         
# units = specified
# name 0 = depFM: Depth [fresh water, m]
# name 1 = dz/dtM: Descent Rate [m/s]
# name 2 = sbeox0Mg/L: Oxygen, SBE 43 [mg/l]
# name 3 = sbeox0PS: Oxygen, SBE 43 [% saturation]
# name 4 = specc: Specific Conductance [uS/cm]
# name 5 = c0uS/cm: Conductivity [uS/cm]
# name 6 = flECO-AFL: Fluorescence, WET Labs ECO-AFL/FL [mg/m^3]
# name 7 = ph: pH
# name 8 = orp: Oxidation Reduction Potential [mV]
# name 9 = par/sat/log: PAR/Logarithmic, Satlantic
# name 10 = turbWETntu0: Turbidity, WET Labs ECO [NTU]
# name 11 = prdM: Pressure, Strain Gauge [db]
# name 12 = prdE: Pressure, Strain Gauge [psi]
# name 13 = tv290C: Temperature [ITS-90, deg C]
# name 14 = flag:  0.000e+00
# span 0 =     -0.642,      2.050       
# span 1 =     -0.020,      0.177       
# span 2 =     0.3623,     9.1371       
# span 3 =      4.360,    112.205       
# span 4 =      3.492,     50.810       
# span 5 =   3.541198,  50.224940       
# span 6 =    -0.1195,    64.9983       
# span 7 =      6.536,      7.057       
# span 8 =   117.8702,   419.7876       
# span 9 = 6.2862e+00, 3.6312e+02       
# span 10 =     0.7418,    50.2787      
# span 11 =     -0.630,      2.011      
# span 12 =     -0.914,      2.917      
# span 13 =    24.2631,    26.1513      
# span 14 = 0.0000e+00, 0.0000e+00      
# interval = seconds: 0.25
# start_time = Jul 29 2024 12:27:44 [Instrument's time stamp, header]
# bad_flag = -9.990e-29
*END*
     -0.642 -9.073e-21     6.4398     79.730      3.634   3.685984    -0.0328      6.635   185.9197 3.6312e+02     3.1274     -0.630     -0.913    25.7175 0.0000e+00
     -0.642 3.7070e-19     6.4559     79.851      3.850   3.905244    -0.0487      6.639   192.8600 3.5816e+02     3.0641     -0.630     -0.913    25.7171 0.0000e+00
     -0.642 4.1205e-18     6.4728     79.984      3.660   3.712598    -0.0534      6.640   216.9108 3.4871e+02     2.8432     -0.630     -0.914    25.7162 0.0000e+00
     -0.642 4.5330e-17     6.4946     80.092      3.586   3.637258    -0.0402      6.645   189.1720 3.3812e+02     2.4732     -0.630     -0.913    25.7150 0.0000e+00
     -0.642 4.9863e-16     6.5020     80.162      3.702   3.754504    -0.0463      6.650   248.3486 3.2963e+02     2.2447     -0.629     -0.912    25.7137 0.0000e+00
     -0.642 5.4849e-15     6.5107     80.209      3.622   3.673213    -0.0691      6.642   419.7876 3.2214e+02     2.1642     -0.630     -0.914    25.7121 0.0000e+00
     -0.642 6.0334e-14     6.5252     80.275      3.492   3.541198    -0.0664      6.635   365.8077 3.1682e+02     2.1495     -0.630     -0.913    25.7099 0.0000e+00
     -0.642 6.6367e-13     6.5328     80.357      6.999   7.099352    -0.0634      6.638   233.6638 3.1572e+02     1.9645     -0.629     -0.913    25.7075 0.0000e+00
     -0.642 7.3004e-12     6.5401     80.435     11.984  12.155913    -0.0913      6.640   214.7650 3.0628e+02     1.4987     -0.630     -0.914    25.7063 0.0000e+00
     -0.642 8.0304e-11     6.5404     80.523     10.603  10.754668    -0.1118      6.640   207.4254 2.7801e+02     1.2653     -0.629     -0.913    25.7060 0.0000e+00
     -0.641 8.8335e-10     6.5472     80.617      7.544   7.653039    -0.1031      6.641   207.9889 2.4280e+02     1.3297     -0.629     -0.912    25.7046 0.0000e+00
     -0.641 9.7168e-09     6.5553     80.702     11.373  11.537665    -0.0867      6.642   212.0277 2.1411e+02     1.2523     -0.629     -0.912    25.7044 0.0000e+00
     -0.641 1.0688e-07     6.5594     80.773     15.476  15.700038    -0.0888      6.641   211.0864 2.0381e+02     0.9780     -0.629     -0.912    25.7072 0.0000e+00
     -0.641      0.000     6.5668     80.843     11.608  11.774578    -0.1122      6.640   203.2328 2.1703e+02     0.7796     -0.629     -0.913    25.7137 0.0000e+00
     -0.641      0.000     6.5740     80.926      6.764   6.859273    -0.1195      6.637   196.3990 2.4042e+02     0.7665     -0.629     -0.912    25.7196 0.0000e+00
     -0.642      0.000     6.5811     81.011      6.003   6.086468    -0.0932      6.637   196.7755 2.5986e+02     0.7860     -0.629     -0.913    25.7210 0.0000e+00
     -0.642      0.002     6.5864     81.089      5.773   5.852258    -0.0687      6.642   200.9013 2.7160e+02     0.7418     -0.630     -0.913    25.7187 0.0000e+00
     -0.642      0.007     6.5927     81.164      5.285   5.357763    -0.0405      6.646   206.4476 2.7878e+02     0.7446     -0.630     -0.913    25.7101 0.0000e+00
     -0.642      0.019     6.6018     81.261      8.539   8.660226     0.1812      6.641   189.9279 2.8399e+02     0.9217     -0.629     -0.913    25.6965 0.0000e+00
     -0.642      0.038     6.6103     81.387     18.127  18.404134     2.4537      6.631   148.1178 2.8844e+02     2.1657     -0.629     -0.913    25.6855 0.0000e+00
     -0.637      0.062     6.6176     81.520     30.185  30.691535     6.6038      6.619   121.6568 2.9465e+02     4.3424     -0.629     -0.913    25.6787 0.0000e+00
     -0.619      0.089     6.6232     81.642     39.075  39.786879     8.8690      6.607   117.8702 3.0204e+02     5.5149     -0.614     -0.889    25.6744 0.0000e+00
     -0.588      0.116     6.6310     81.783     42.415  43.238625     9.0760      6.594   119.2836 3.0607e+02     5.6509     -0.577     -0.837    25.6701 0.0000e+00
     -0.550      0.140     6.6380     82.020     42.745  43.618194     9.1396      6.575   120.6780 3.0613e+02     5.6789     -0.541     -0.785    25.7062 0.0000e+00
     -0.508      0.159     6.6369     82.317     42.770  43.678074     9.6467      6.552   121.0492 3.0688e+02     5.6482     -0.500     -0.726    25.8069 0.0000e+00
     -0.461      0.171     6.6350     82.561     42.775  43.708779    10.5795      6.537   120.8465 3.0998e+02     5.6213     -0.451     -0.654    25.9047 0.0000e+00
     -0.415      0.176     6.6343     82.783     42.784  43.735594    11.0960      6.536   120.8086 3.1695e+02     5.6274     -0.406     -0.589    25.9687 0.0000e+00
     -0.370      0.177     6.6483     83.052     42.785  43.748415    11.1565      6.543   121.0216 3.2544e+02     5.6884     -0.365     -0.528    26.0176 0.0000e+00
     -0.324      0.175     6.6748     83.356     42.764  43.736866    11.3768      6.551   121.1839 3.2287e+02     5.7099     -0.318     -0.461    26.0584 0.0000e+00
     -0.278      0.168     6.6871     83.687     42.744  43.722912    11.7713      6.560   121.4806 3.0390e+02     5.5789     -0.273     -0.396    26.0890 0.0000e+00
     -0.233      0.157     6.6999     84.039     42.723  43.706662    11.9723      6.569   121.9412 2.7762e+02     5.4368     -0.229     -0.332    26.1078 0.0000e+00
     -0.190      0.140     6.7222     84.390     42.683  43.667341    12.0010      6.579   122.5374 2.5575e+02     5.3925     -0.184     -0.267    26.1211 0.0000e+00
     -0.154      0.117     6.7448     84.739     42.644  43.628331    12.1597      6.585   123.3548 2.3111e+02     5.4200     -0.148     -0.215    26.1314 0.0000e+00
     -0.126      0.092     6.7710     85.099     42.632  43.615834    12.4509      6.588   124.0809 2.0262e+02     5.4949     -0.120     -0.175    26.1396 0.0000e+00
     -0.106      0.066     6.7995     85.463     42.661  43.643188    12.6097      6.593   124.3472 1.8839e+02     5.5119     -0.100     -0.144    26.1453 0.0000e+00
     -0.095      0.042     6.8280     85.795     42.723  43.705162    12.6152      6.599   124.1655 1.8368e+02     5.4895     -0.091     -0.132    26.1479 0.0000e+00
     -0.091      0.023     6.8549     86.029     42.748  43.730426    12.5668      6.607   123.8633 1.7902e+02     5.5319     -0.088     -0.127    26.1482 0.0000e+00
     -0.092      0.012     6.8850     86.111     42.714  43.694765    12.4818      6.617   123.7039 1.7762e+02     5.6143     -0.089     -0.128    26.1469 0.0000e+00
     -0.095      0.006     6.9153     86.081     42.676  43.654821    12.4450      6.626   123.7016 1.7830e+02     5.7002     -0.094     -0.137    26.1450 0.0000e+00
     -0.095      0.005     6.9439     86.006     42.650  43.628308    12.4551      6.635   123.9213 1.7715e+02     5.7166     -0.094     -0.138    26.1442 0.0000e+00
     -0.092      0.005     6.9665     85.907     42.650  43.628092    12.5626      6.642   124.3823 1.7457e+02     5.6761     -0.091     -0.131    26.1432 0.0000e+00
     -0.088      0.005     6.9705     85.795     42.672  43.652202    12.7625      6.650   124.7999 1.7353e+02     5.6892     -0.086     -0.125    26.1419 0.0000e+00
     -0.085      0.005     6.9661     85.683     42.686  43.665924    12.8737      6.658   125.0128 1.7439e+02     5.7719     -0.083     -0.120    26.1412 0.0000e+00
     -0.084      0.004     6.9598     85.563     42.688  43.667068    12.8917      6.665   125.1496 1.7559e+02     5.8559     -0.082     -0.119    26.1401 0.0000e+00
     -0.085      0.003     6.9516     85.399     42.688  43.666038    12.8963      6.673   125.4213 1.7561e+02     5.8168     -0.084     -0.121    26.1404 0.0000e+00
     -0.087      0.003     6.9420     85.246     42.677  43.653460    12.9217      6.680   125.8896 1.7496e+02     5.6413     -0.086     -0.125    26.1421 0.0000e+00
     -0.087      0.004     6.9323     85.316     42.666  43.641931    12.9742      6.685   126.4235 1.7438e+02     5.4758     -0.086     -0.124    26.1424 0.0000e+00
     -0.086      0.006     6.9255     85.957     42.677  43.653586    12.9979      6.690   126.8870 1.7340e+02     5.4556     -0.084     -0.122    26.1405 0.0000e+00
     -0.082      0.006     6.9110     87.387     42.690  43.667433    13.0014      6.695   127.2774 1.7182e+02     5.5334     -0.081     -0.118    26.1382 0.0000e+00
     -0.078      0.006     6.8933     89.273     42.704  43.682416    13.0242      6.699   127.6162 1.7057e+02     5.5974     -0.076     -0.110    26.1369 0.0000e+00
     -0.075      0.005     6.8881     90.905     42.728  43.707794    13.0567      6.703   127.8863 1.6977e+02     5.6481     -0.073     -0.106    26.1370 0.0000e+00
     -0.075      0.002     6.9280     91.805     42.739  43.720384    13.0706      6.707   128.2197 1.6901e+02     5.6331     -0.074     -0.107    26.1378 0.0000e+00
     -0.076      0.000     7.0549     91.940     42.725  43.707690    13.0583      6.710   128.7224 1.6926e+02     5.6216     -0.075     -0.109    26.1384 0.0000e+00
     -0.078     -0.002     7.2333     91.433     42.698  43.681269    12.9916      6.713   129.2315 1.7034e+02     5.7821     -0.076     -0.111    26.1397 0.0000e+00
     -0.078     -0.002     7.3800     90.348     42.671  43.654829    12.8715      6.716   129.6432 1.7035e+02     5.9341     -0.077     -0.112    26.1409 0.0000e+00
     -0.078     -0.001     7.4502     88.738     42.657  43.641900    12.7967      6.719   129.9150 1.6960e+02     5.9561     -0.078     -0.112    26.1419 0.0000e+00
     -0.078      0.000     7.4559     86.783     42.666  43.651897    12.7780      6.721   130.1086 1.6973e+02     5.9806     -0.076     -0.111    26.1440 0.0000e+00
     -0.079      0.003     7.4134     84.789     42.663  43.648756    12.7697      6.724   130.3492 1.7047e+02     5.9570     -0.077     -0.112    26.1460 0.0000e+00
     -0.079      0.007     7.3252     83.022     42.619  43.603918    12.7803      6.728   130.5876 1.7040e+02     5.8751     -0.079     -0.114    26.1474 0.0000e+00
     -0.079      0.009     7.1906     81.665     42.570  43.554083    12.7985      6.730   130.9255 1.6871e+02     5.8104     -0.079     -0.113    26.1489 0.0000e+00
     -0.074      0.009     7.0207     80.805     42.570  43.553988    12.8056      6.730   131.3372 1.6556e+02     5.7550     -0.073     -0.106    26.1496 0.0000e+00
     -0.068      0.007     6.8532     80.462     42.618  43.602763    12.8241      6.730   131.6077 1.6204e+02     5.6844     -0.066     -0.096    26.1493 0.0000e+00
     -0.062      0.004     6.7043     80.588     42.650  43.636040    12.8641      6.731   131.7865 1.6009e+02     5.6403     -0.060     -0.086    26.1490 0.0000e+00
     -0.062      0.001     6.5925     81.021     42.652  43.638971    12.8908      6.734   131.9510 1.6149e+02     5.6990     -0.058     -0.085    26.1493 0.0000e+00
     -0.067     -0.002     6.5230     81.563     42.651  43.638196    12.9057      6.736   132.0482 1.6435e+02     5.7457     -0.066     -0.095    26.1497 0.0000e+00
     -0.072     -0.003     6.4946     82.055     42.640  43.626681    12.8687      6.739   132.1021 1.6536e+02     5.6929     -0.072     -0.104    26.1500 0.0000e+00
     -0.073     -0.002     6.5114     82.425     42.640  43.626681    12.7518      6.744   132.2575 1.6460e+02     5.6411     -0.072     -0.105    26.1503 0.0000e+00
     -0.072      0.000     6.5515     82.717     42.651  43.638204    12.6662      6.749   132.4650 1.6305e+02     5.6321     -0.071     -0.102    26.1508 0.0000e+00
     -0.070      0.003     6.6007     83.052     42.652  43.639044    12.6576      6.753   132.5453 1.6160e+02     5.6519     -0.069     -0.099    26.1511 0.0000e+00
     -0.068      0.004     6.6422     83.550     42.650  43.636840    12.6726      6.756   132.7126 1.6073e+02     5.6757     -0.066     -0.097    26.1510 0.0000e+00
     -0.066      0.000     6.6714     84.306     42.625  43.611565    12.7387      6.756   133.2830 1.5999e+02     5.6128     -0.064     -0.093    26.1509 0.0000e+00
     -0.065     -0.008     6.6901     85.297     42.602  43.587330    12.8412      6.753   134.1934 1.5968e+02     5.5060     -0.063     -0.091    26.1508 0.0000e+00
     -0.065     -0.016     6.7144     86.344     42.612  43.597715    12.8803      6.747   134.9444 1.6129e+02     5.4772     -0.063     -0.091    26.1505 0.0000e+00
     -0.069     -0.020     6.7517     87.367     42.624  43.610184    12.8783      6.741   135.2215 1.6628e+02     5.5034     -0.065     -0.093    26.1506 0.0000e+00
     -0.080     -0.020     6.8109     88.312     42.625  43.611148    12.7588      6.736   135.3934 1.7080e+02     5.5504     -0.075     -0.109    26.1505 0.0000e+00
     -0.095     -0.016     6.9014     88.967     42.624  43.609364    12.5012      6.734   135.7322 1.6965e+02     5.5666     -0.098     -0.141    26.1503 0.0000e+00
     -0.102     -0.009     6.9863     89.148     42.605  43.588616    12.3433      6.735   136.0482 1.6668e+02     5.4946     -0.106     -0.154    26.1506 0.0000e+00
     -0.098     -0.001     7.0677     88.872     42.569  43.550704    12.3224      6.738   136.2033 1.6638e+02     5.3963     -0.097     -0.140    26.1508 0.0000e+00
     -0.091      0.006     7.1532     88.322     42.551  43.531805    12.4658      6.742   136.2309 1.6676e+02     5.4032     -0.089     -0.128    26.1502 0.0000e+00
     -0.085      0.011     7.2127     87.770     42.570  43.550532    12.7458      6.747   136.2096 1.6736e+02     5.5107     -0.083     -0.120    26.1494 0.0000e+00
     -0.080      0.012     7.2259     87.424     42.605  43.586712    12.9024      6.753   136.2900 1.6791e+02     5.5685     -0.078     -0.112    26.1485 0.0000e+00
     -0.080      0.011     7.1990     87.300     42.606  43.588419    12.9189      6.760   136.3426 1.6729e+02     5.5205     -0.077     -0.112    26.1467 0.0000e+00
     -0.081      0.009     7.1456     87.249     42.588  43.571173    12.9704      6.766   136.2427 1.6698e+02     5.4775     -0.081     -0.117    26.1450 0.0000e+00
     -0.080      0.007     7.0940     87.087     42.585  43.568612    13.1006      6.770   136.2866 1.6701e+02     5.5268     -0.080     -0.116    26.1451 0.0000e+00
     -0.076      0.006     7.0658     86.718     42.574  43.557456    13.1951      6.773   136.6155 1.6621e+02     5.5705     -0.074     -0.108    26.1461 0.0000e+00
     -0.071      0.004     7.0607     86.197     42.579  43.563227    13.2057      6.773   137.0367 1.6466e+02     5.5619     -0.069     -0.099    26.1474 0.0000e+00
     -0.070      0.001     7.0627     85.714     42.590  43.574914    13.1207      6.773   137.2489 1.6383e+02     5.5251     -0.067     -0.097    26.1482 0.0000e+00
     -0.071     -0.003     7.0521     85.424     42.587  43.571818    12.9658      6.773   137.2881 1.6521e+02     5.4331     -0.068     -0.098    26.1488 0.0000e+00
     -0.074     -0.005     7.0217     85.376     42.604  43.589271    12.8893      6.773   137.5107 1.6713e+02     5.4051     -0.072     -0.104    26.1493 0.0000e+00
     -0.078     -0.005     6.9717     85.570     42.609  43.595512    12.8948      6.773   137.8747 1.6805e+02     5.4950     -0.078     -0.112    26.1497 0.0000e+00
     -0.081     -0.005     6.9277     85.966     42.598  43.583811    12.8997      6.773   138.1620 1.6824e+02     5.4948     -0.081     -0.117    26.1501 0.0000e+00
     -0.081     -0.005     6.9041     86.500     42.589  43.574740    12.9066      6.776   138.4898 1.6723e+02     5.4019     -0.081     -0.117    26.1502 0.0000e+00
     -0.078     -0.005     6.8998     87.079     42.564  43.549303    12.9291      6.779   138.8266 1.6631e+02     5.3626     -0.076     -0.111    26.1504 0.0000e+00
     -0.077     -0.006     6.9169     87.608     42.545  43.530144    12.9543      6.784   138.9651 1.6739e+02     5.3956     -0.074     -0.107    26.1506 0.0000e+00
     -0.080     -0.008     6.9506     88.035     42.548  43.533509    12.9693      6.789   138.9593 1.6928e+02     5.4934     -0.077     -0.112    26.1511 0.0000e+00
     -0.085     -0.008     6.9963     88.328     42.542  43.526516    12.9445      6.795   138.8424 1.7105e+02     5.5551     -0.083     -0.120    26.1513 0.0000e+00
