Data/DataNotYetUploadedToEDI/Raw_CTD/RawDownloads/072924_fcr50_S8188002.cnv
* Sea-Bird SBE19plus  Data File:
* FileName = C:\R\Reservoirs\Data\DataNotYetUploadedToEDI\Raw_CTD\RawDownloads\072224_bvr50_S8188_0002.hex
* Software version 2.8.0.119
* Temperature SN = 8188
* Conductivity SN = 8188
* System UpLoad Time = Jul 30 2024 14:44:40
* <ApplicationData>
* <Seaterm232>
# nquan = 16
# nvalues = 1128                        
# units = specified
# name 0 = depFM: Depth [fresh water, m]
# name 1 = dz/dtM: Descent Rate [m/s]
# name 2 = sbeox0Mg/L: Oxygen, SBE 43 [mg/l]
# name 3 = sbeox0PS: Oxygen, SBE 43 [% saturation]
# name 4 = specc: Specific Conductance [uS/cm]
# name 5 = c0uS/cm: Conductivity [uS/cm]
# name 6 = wetCDOM: Fluorescence, WET Labs CDOM [mg/m^3]
# name 7 = flECO-AFL: Fluorescence, WET Labs ECO-AFL/FL [mg/m^3]
# name 8 = flECO-AFL1: Fluorescence, WET Labs ECO-AFL/FL, 2 [mg/m^3]
# name 9 = flECO-AFL2: Fluorescence, WET Labs ECO-AFL/FL, 3 [mg/m^3]
# name 10 = par/sat/log: PAR/Logarithmic, Satlantic
# name 11 = turbWETntu0: Turbidity, WET Labs ECO [NTU]
# name 12 = prdM: Pressure, Strain Gauge [db]
# name 13 = prdE: Pressure, Strain Gauge [psi]
# name 14 = tv290C: Temperature [ITS-90, deg C]
# name 15 = flag:  0.000e+00
# span 0 =     -0.634,      9.316       
# span 1 =     -0.383,      0.130       
# span 2 =    -2.1941,    11.2974       
# span 3 =    -20.482,    122.631       
# span 4 =     -0.802,    146.582       
# span 5 =  -0.797494, 109.284164       
# span 6 =    -4.5000,   149.3100       
# span 7 =    -0.2922,    32.5643       
# span 8 =    -2.1300,     0.7242       
# span 9 =    -2.0304,     8.0793       
# span 10 = 1.1582e-01, 4.2016e+02      
# span 11 =    -1.1404,   971.0945      
# span 12 =     -0.622,      9.136      
# span 13 =     -0.902,     13.250      
# span 14 =    12.2082,    26.2509      
# span 15 = 0.0000e+00, 0.0000e+00      
# interval = seconds: 0.25
# start_time = Jul 29 2024 11:02:17 [Instrument's time stamp, header]
# bad_flag = -9.990e-29
*END*
[from data line 1085]
     -0.510     -0.125     6.7207     74.390     40.985  40.302339   103.2300     7.2725     0.0852     3.8916 2.0730e+02   117.2336     -0.500     -0.726    24.5049 0.0000e+00
     -0.536     -0.101     6.5655     73.993     39.636  38.887449   103.2300     7.2496     0.0852     3.8916 1.9957e+02   117.2034     -0.526     -0.763    24.4616 0.0000e+00
     -0.557     -0.080     6.4285     74.486     37.284  36.504275   103.2300     7.2648     0.0852     3.8916 1.9528e+02   117.1581     -0.546     -0.792    24.3724 0.0000e+00
     -0.573     -0.062     6.3183     75.998     33.277  32.525270   149.3100     4.8615     0.0852     3.6378 1.9703e+02   273.4945     -0.562     -0.815    24.2560 0.0000e+00
     -0.585     -0.049     6.2457     78.386     27.022  26.377494   149.3100     4.8501     0.0852     3.6378 1.9204e+02   273.5399     -0.574     -0.832    24.1306 0.0000e+00
     -0.595     -0.038     6.2274     81.287     19.865  19.372461   149.3100     4.8386     0.0852     3.6378 1.7918e+02   273.4190     -0.584     -0.846    24.0060 0.0000e+00
     -0.603     -0.030     6.2835     84.288     14.402  14.029868   149.3100     4.8463     0.0852     3.6378 1.6383e+02   273.5399     -0.591     -0.857    23.8881 0.0000e+00
     -0.609     -0.023     6.4244     87.034     11.047  10.748490    33.1200     2.2370     0.0000     0.0000 1.5524e+02   130.8294     -0.597     -0.865    23.7815 0.0000e+00
     -0.613     -0.018     6.6382     89.264      8.805   8.555822    33.1200     2.2141     0.0000     0.0000 1.5903e+02   131.0107     -0.601     -0.872    23.6892 0.0000e+00
     -0.617     -0.014     6.8941     90.814      7.227   7.012360    33.1200     2.2141     0.0000     0.0000 1.5010e+02   130.8445     -0.605     -0.877    23.6112 0.0000e+00
     -0.620     -0.011     7.1573     91.637      6.155   5.963116    33.1200     2.2370     0.0000     0.0000 1.4703e+02   130.8445     -0.608     -0.881    23.5460 0.0000e+00
     -0.622     -0.008     7.3979     91.814      5.455   5.277471    26.8200    -0.0862     0.2130    -0.0423 1.4459e+02    11.6246     -0.610     -0.884    23.4905 0.0000e+00
     -0.624     -0.007     7.5942     91.528      5.010   4.840215    26.8200    -0.0900     0.2130    -0.0423 1.4133e+02    11.4735     -0.611     -0.887    23.4401 0.0000e+00
     -0.625     -0.005     7.7330     90.986      4.769   4.602370    26.8200    -0.0709     0.2130    -0.0423 1.3058e+02    11.7001     -0.613     -0.889    23.3907 0.0000e+00
     -0.626     -0.004     7.8099     90.351      4.665   4.496533    26.8200    -0.0633     0.2130    -0.0423 1.2104e+02    11.6850     -0.614     -0.890    23.3421 0.0000e+00
     -0.627     -0.003     7.8316     89.722      4.579   4.408954    26.8200    -0.1892     0.2130    -0.0423 1.4365e+02     2.3945     -0.615     -0.892    23.2952 0.0000e+00
     -0.628     -0.002     7.8136     89.146      4.449   4.280477    40.3200    -0.2235     0.0426     0.0846 1.3517e+02     2.3492     -0.616     -0.893    23.2503 0.0000e+00
     -0.628     -0.002     7.7735     88.639      4.299   4.132532    40.3200    -0.2083     0.0426     0.0846 1.7347e+02     2.3643     -0.616     -0.894    23.2071 0.0000e+00
     -0.629     -0.001     7.7254     88.206      4.156   3.991306    40.3200    -0.2006     0.0426     0.0846 2.6860e+02     2.2737     -0.617     -0.894    23.1647 0.0000e+00
     -0.629     -0.001     7.6777     87.846      4.004   3.841016    40.3200     0.0015     0.0426     0.0846 2.6819e+02     5.8690     -0.617     -0.895    23.1226 0.0000e+00
     -0.629     -0.001     7.6346     87.550      3.820   3.661476    53.0100    -0.0290     0.0426     0.3384 3.1164e+02     5.9294     -0.617     -0.895    23.0802 0.0000e+00
     -0.630     -0.001     7.5974     87.310      3.641   3.486353    53.0100    -0.0290     0.0426     0.3384 3.0230e+02     5.8086     -0.617     -0.896    23.0371 0.0000e+00
     -0.630     -0.001     7.5666     87.124      3.523   3.370383    53.0100    -0.0481     0.0426     0.3384 2.9070e+02     5.9294     -0.617     -0.896    22.9929 0.0000e+00
     -0.630     -0.000     7.5422     86.985      3.478   3.324409    53.0100     0.4860     0.0426     0.3384 2.8957e+02    32.2297     -0.618     -0.896    22.9480 0.0000e+00
     -0.630     -0.000     7.5233     86.888      3.473   3.316282     3.9600     0.4784     0.0426     0.4653 2.8199e+02    32.2901     -0.618     -0.896    22.9032 0.0000e+00
     -0.630     -0.000     7.5089     86.837      3.468   3.308034     3.9600     0.4593     0.0426     0.4653 2.7059e+02    32.2750     -0.618     -0.896    22.8592 0.0000e+00
     -0.630     -0.000     7.4990     86.824      3.472   3.309398     3.9600     0.4784     0.0426     0.4653 2.3115e+02    32.3053     -0.618     -0.896    22.8164 0.0000e+00
     -0.631     -0.000     7.4930     86.835      3.522   3.354550     3.9600     1.6648     0.0426     0.4653 2.7177e+02   144.5158     -0.618     -0.896    22.7748 0.0000e+00
     -0.631     -0.000     7.4905     86.860      3.608   3.433653     0.8100     1.6800     0.1704     0.4230 2.7786e+02   144.5158     -0.618     -0.897    22.7344 0.0000e+00
     -0.631     -0.000     7.4917     86.883      3.689   3.508132     0.8100     1.6800     0.1704     0.4230 2.7271e+02   144.6065     -0.618     -0.897    22.6951 0.0000e+00
     -0.631     -0.000     7.4960     86.894      3.735   3.550114     0.8100     1.6686     0.1704     0.4230 2.6385e+02   144.4856     -0.618     -0.897    22.6571 0.0000e+00
     -0.631      0.000     7.5022     86.892      3.737   3.548917     0.8100     3.2670     0.1704     0.4230 2.7870e+02   883.7037     -0.618     -0.897    22.6203 0.0000e+00
     -0.631      0.000     7.5095     86.883      3.698   3.510188     0.8100     3.2517     0.1704     0.4230 2.6731e+02   883.7189     -0.618     -0.897    22.5847 0.0000e+00
     -0.631      0.000     7.5164     86.869      3.639   3.451444     0.0000     3.2860     0.4686    -0.2115 2.7816e+02   883.7642     -0.618     -0.897    22.5501 0.0000e+00
     -0.631      0.000     7.5222     86.851      3.577   3.390832     0.0000     3.2975     0.4686    -0.2115 3.0981e+02   883.7491     -0.618     -0.897    22.5164 0.0000e+00
     -0.631      0.000     7.5268     86.834      3.521   3.336055     0.0000     2.8435     0.4686    -0.2115 3.2343e+02   970.8981     -0.618     -0.897    22.4836 0.0000e+00
     -0.631      0.000     7.5305     86.823      3.476   3.292396     0.0000     2.8435     0.4686    -0.2115 3.0520e+02   971.0945     -0.618     -0.897    22.4520 0.0000e+00
     -0.631      0.000     7.5337     86.818      3.448   3.264123     0.0000     2.8550     0.0426     0.4653 2.5673e+02   971.0038     -0.618     -0.897    22.4218 0.0000e+00
     -0.631      0.000     7.5362     86.816      3.437   3.253642     0.0000     2.8779     0.0426     0.4653 2.0087e+02   971.0189     -0.618     -0.897    22.3934 0.0000e+00
     -0.631 -9.990e-29     7.5385 -9.990e-29 -9.990e-29 -9.990e-29     0.0000 -9.990e-29     0.0426     0.4653 1.7926e+02 -9.990e-29     -0.618     -0.897    22.3676 0.0000e+00
     -0.631 -9.990e-29     7.5407 -9.990e-29 -9.990e-29 -9.990e-29     0.0000 -9.990e-29     0.0426     0.4653 1.9634e+02 -9.990e-29     -0.618     -0.897    22.3456 0.0000e+00
     -0.631 -9.990e-29     7.5425 -9.990e-29 -9.990e-29 -9.990e-29     0.9900 -9.990e-29     0.0426     0.0000 2.2012e+02 -9.990e-29     -0.618     -0.897    22.3298 0.0000e+00
     -0.631 -9.990e-29     7.5432 -9.990e-29 -9.990e-29 -9.990e-29     0.9900 -9.990e-29     0.0426     0.0000 2.1698e+02 -9.990e-29     -0.618     -0.897    22.3237 0.0000e+00
