Data/DataNotYetUploadedToEDI/Raw_CTD/RawDownloads/072924_fcr30_S7809004.cnv
* Sea-Bird SBE19plus  Data File:
* FileName = C:\R\Reservoirs\Data\DataNotYetUploadedToEDI\Raw_CTD\RawDownloads\07302024_BVR50_FCR10_20_30_40_0004.hex
* Software version 2.8.0.119
* Temperature SN = 7809
* Conductivity SN = 7809
* System UpLoad Time = Jul 30 2024 12:55:06
* <ApplicationData>
* <Seaterm232>
# nquan = 15
# nvalues = 639                         
# units = specified
# name 0 = depFM: Depth [fresh water, m]
# name 1 = dz/dtM: Descent Rate [m/s]
# name 2 = sbeox0Mg/L: Oxygen, SBE 43 [mg/l]
# name 3 = sbeox0PS: Oxygen, SBE 43 [% saturation]
# name 4 = specc: Specific Conductance [uS/cm]
# name 5 = c0uS/cm: Conductivity [uS/cm]
# name 6 = flECO-AFL: Fluorescence, WET Labs ECO-AFL/FL [mg/m^3]
# name 7 = ph: pH
# name 8 = orp: Oxidation Reduction Potential [mV]
# name 9 = par/sat/log: PAR/Logarithmic, Satlantic
# name 10 = turbWETntu0: Turbidity, WET Labs ECO [NTU]
# name 11 = prdM: Pressure, Strain Gauge [db]
# name 12 = prdE: Pressure, Strain Gauge [psi]
# name 13 = tv290C: Temperature [ITS-90, deg C]
# name 14 = flag:  0.000e+00
# span 0 =     -0.638,      5.429       
# span 1 =     -0.011,      0.172       
# span 2 =     0.1291,     9.2625       
# span 3 =      1.350,    114.061       
# span 4 =      0.790,     79.949       
# span 5 =   0.759556,  63.150594       
# span 6 =    -0.1071,    22.0321       
# span 7 =      7.058,      7.399       
# span 8 =    74.0598,   480.8565       
# span 9 = 1.2364e-01, 3.9656e+02       
# span 10 =     0.6993,    69.3853      
# span 11 =     -0.626,      5.325      
# span 12 =     -0.908,      7.724      
# span 13 =    12.1587,    26.1752      
# span 14 = 0.0000e+00, 0.0000e+00      
# interval = seconds: 0.25
# start_time = Jul 29 2024 12:47:00 [Instrument's time stamp, header]
# bad_flag = -9.990e-29
*END*
[from data line 386]
      3.282      0.039     0.1398      1.421     48.969  41.336909     3.4511      7.361   161.4247 1.9771e+00    25.4254      3.222      4.673    17.3429 0.0000e+00
      3.291      0.034     0.1445      1.390     49.009  41.381571     3.4472      7.360   161.3615 1.9663e+00    25.4858      3.230      4.684    17.2555 0.0000e+00
      3.296      0.029     0.1418      1.361     49.239  41.580813     3.4823      7.360   161.2745 1.9620e+00    25.9742      3.233      4.689    17.1796 0.0000e+00
      3.300      0.024     0.1397      1.353     49.904  42.159206     3.5678      7.360   161.4053 1.9522e+00    26.9930      3.235      4.692    17.1806 0.0000e+00
      3.304      0.021     0.1367      1.367     51.227  43.297273     3.6238      7.359   161.5673 1.9199e+00    27.5904      3.239      4.698    17.2070 0.0000e+00
      3.310      0.024     0.1340      1.388     54.756  46.264530     3.6350      7.359   161.7705 1.8959e+00    27.6291      3.247      4.708    17.2220 0.0000e+00
      3.315      0.034     0.1300      1.408     59.953  50.546802     3.6369      7.359   162.0553 1.9052e+00    27.4607      3.250      4.715    17.2091 0.0000e+00
      3.320      0.045     0.1291      1.420     62.878  52.789405     3.7214      7.359   162.2565 1.9053e+00    26.2037      3.255      4.721    17.2338 0.0000e+00
      3.329      0.052     0.1318      1.438     63.179  52.807997     3.9000      7.358   162.3965 1.8524e+00    23.9426      3.259      4.727    17.2675 0.0000e+00
      3.349      0.054     0.1326      1.433     62.578  52.168387     4.0067      7.356   162.4586 1.7792e+00    22.6670      3.281      4.758    17.2664 0.0000e+00
      3.375      0.053     0.1369      1.396     61.713  51.405972     4.0287      7.356   162.4907 1.7422e+00    22.4638      3.315      4.808    17.2081 0.0000e+00
      3.392      0.048     0.1358      1.380     61.530  51.273292     3.9747      7.356   162.6125 1.7306e+00    21.3141      3.330      4.830    16.9743 0.0000e+00
      3.400      0.038     0.1409      1.398     61.712  51.453286     3.8457      7.355   162.7268 1.7211e+00    19.1508      3.336      4.837    16.7475 0.0000e+00
      3.404      0.027     0.1415      1.399     61.439  51.232821     3.7743      7.354   162.8398 1.7192e+00    17.9639      3.339      4.843    16.6557 0.0000e+00
      3.406      0.017     0.1347      1.367     60.959  50.830147     3.7860      7.353   163.1181 1.7206e+00    17.7927      3.340      4.844    16.6235 0.0000e+00
      3.409      0.012     0.1325      1.350     60.889  50.775510     3.8372      7.354   163.5101 1.7134e+00    16.8074      3.343      4.849    16.6599 0.0000e+00
      3.412      0.012     0.1367      1.375     61.479  51.270689     3.8866      7.354   163.7086 1.7095e+00    14.8978      3.346      4.853    16.6957 0.0000e+00
      3.414      0.013     0.1385      1.406     62.514  52.118384     3.8914      7.354   163.7116 1.7104e+00    13.7649      3.348      4.855    16.6907 0.0000e+00
      3.417      0.017     0.1318      1.398     64.403  53.658826     3.8706      7.354   163.7181 1.6988e+00    13.5625      3.351      4.860    16.6845 0.0000e+00
      3.421      0.023     0.1298      1.376     68.117  56.686637     3.7768      7.353   163.7015 1.6857e+00    12.8952      3.354      4.865    16.6907 0.0000e+00
      3.427      0.028     0.1327      1.386     71.015  58.938706     3.6138      7.353   163.8546 1.6732e+00    11.6746      3.361      4.875    16.7010 0.0000e+00
      3.433      0.032     0.1395      1.409     71.260  58.910936     3.5311      7.352   164.1933 1.6489e+00    10.9983      3.367      4.882    16.6900 0.0000e+00
      3.443      0.036     0.1365      1.406     71.615  59.019144     3.5266      7.352   164.3543 1.6240e+00    10.9010      3.373      4.892    16.6503 0.0000e+00
      3.458      0.038     0.1322      1.387     72.780  59.866269     3.5928      7.351   164.3384 1.6088e+00    10.6696      3.393      4.922    16.6432 0.0000e+00
      3.471      0.038     0.1344      1.370     73.522  60.386930     3.7483      7.349   164.3459 1.6028e+00    10.3524      3.407      4.941    16.5221 0.0000e+00
      3.477      0.037     0.1401      1.363     73.505  60.295558     3.8423      7.347   164.4451 1.5966e+00    10.2088      3.408      4.944    16.3005 0.0000e+00
      3.483      0.036     0.1387      1.378     73.778  60.476799     3.8476      7.346   164.5046 1.5794e+00    10.1622      3.414      4.952    16.1860 0.0000e+00
      3.493      0.041     0.1359      1.393     75.027  61.434841     3.8287      7.346   164.5498 1.5488e+00    10.1312      3.426      4.970    16.1209 0.0000e+00
      3.502      0.051     0.1358      1.407     76.455  62.413046     3.7886      7.345   164.7332 1.5099e+00    10.1063      3.436      4.984    16.0666 0.0000e+00
      3.509      0.062     0.1322      1.440     77.323  62.837584     3.7618      7.344   164.8292 1.4769e+00    10.1013      3.439      4.987    15.9948 0.0000e+00
      3.525      0.068     0.1370      1.468     77.692  62.882605     3.7543      7.342   164.5066 1.4418e+00    10.1385      3.451      5.005    15.9786 0.0000e+00
      3.553      0.068     0.1381      1.473     77.828  62.830006     3.7483      7.341   164.0152 1.3932e+00    10.0778      3.483      5.052    15.9821 0.0000e+00
      3.582      0.063     0.1374      1.452     77.684  62.646166     3.7224      7.338   163.7060 1.3483e+00     9.2648      3.518      5.103    15.8412 0.0000e+00
      3.601      0.058     0.1441      1.427     77.639  62.629344     3.6744      7.335   163.3497 1.3140e+00     7.8240      3.535      5.128    15.6162 0.0000e+00
      3.610      0.056     0.1474      1.428     77.985  62.944313     3.6338      7.332   162.6327 1.2947e+00     7.0042      3.541      5.136    15.4415 0.0000e+00
      3.612      0.061     0.1485      1.436     78.310  63.150594     3.5895      7.328   161.8341 1.2858e+00     6.8337      3.543      5.139    15.3423 0.0000e+00
      3.615      0.072     0.1462      1.417     78.224  62.899635     3.3550      7.321   161.2647 1.2602e+00     6.5477      3.541      5.134    15.2936 0.0000e+00
      3.630      0.087     0.1409      1.388     77.894  62.387679     2.9459      7.313   160.5658 1.1961e+00     6.1424      3.552      5.152    15.3220 0.0000e+00
      3.664      0.101     0.1427      1.388     77.602  61.916037     2.7215      7.305   159.7506 1.0880e+00     5.9649      3.590      5.208    15.3804 0.0000e+00
      3.707      0.108     0.1450      1.399     77.648  61.771218     2.6730      7.299   159.0657 9.6286e-01     5.9034      3.638      5.277    15.3507 0.0000e+00
      3.745      0.105     0.1433      1.409     77.929  61.907137     2.5588      7.294   158.0499 8.6662e-01     5.6724      3.677      5.332    15.2143 0.0000e+00
      3.772      0.092     0.1374      1.423     78.014  61.971001     2.3979      7.291   156.5035 8.1984e-01     5.3584      3.702      5.370    15.0379 0.0000e+00
      3.790      0.072     0.1402      1.425     78.074  62.035138     2.3251      7.288   154.7369 8.0611e-01     5.2151      3.720      5.394    14.8770 0.0000e+00
      3.801      0.051     0.1427      1.422     78.303  62.237890     2.3286      7.286   152.6926 7.9314e-01     5.2385      3.729      5.408    14.7511 0.0000e+00
      3.810      0.033     0.1417      1.420     78.409  62.389393     2.2654      7.284   150.2836 7.6532e-01     5.1975      3.735      5.419    14.6905 0.0000e+00
      3.816      0.021     0.1457      1.405     78.279  62.405729     2.1268      7.282   147.9813 7.3834e-01     5.0600      3.744      5.430    14.7150 0.0000e+00
      3.819      0.017     0.1443      1.385     78.005  62.308492     2.0420      7.281   146.2798 7.2991e-01     4.9766      3.747      5.435    14.7299 0.0000e+00
      3.818      0.020     0.1441      1.377     77.518  61.976273     2.0318      7.281   145.0256 7.4301e-01     5.0090      3.745      5.432    14.7233 0.0000e+00
      3.816      0.025     0.1446      1.370     76.997  61.502112     2.0281      7.280   143.9153 7.4539e-01     5.0758      3.739      5.424    14.7659 0.0000e+00
      3.821      0.033     0.1428      1.374     76.843  61.213272     2.0135      7.280   143.0083 7.1616e-01     5.0669      3.743      5.429    14.8568 0.0000e+00
      3.836      0.043     0.1384      1.389     76.849  61.025012     1.9966      7.281   142.2333 6.7465e-01     4.9700      3.761      5.455    14.9511 0.0000e+00
      3.855      0.051     0.1396      1.402     76.781  60.813892     1.9905      7.281   141.2553 6.3381e-01     4.9290      3.781      5.484    14.9991 0.0000e+00
      3.870      0.054     0.1378      1.416     76.845  60.756943     1.9901      7.280   139.7878 5.9337e-01     5.2880      3.796      5.506    14.9665 0.0000e+00
      3.884      0.050     0.1378      1.422     77.007  60.844565     1.9828      7.278   137.7396 5.5177e-01     5.9629      3.808      5.522    14.8300 0.0000e+00
      3.899      0.042     0.1421      1.416     77.148  60.983856     1.9856      7.277   135.2476 5.1691e-01     6.3608      3.825      5.548    14.6871 0.0000e+00
      3.910      0.036     0.1417      1.407     77.232  61.106998     1.9911      7.276   132.5426 4.9623e-01     6.4434      3.838      5.567    14.5917 0.0000e+00
      3.915      0.033     0.1451      1.401     77.208  61.126465     1.9743      7.276   130.2445 4.9286e-01     6.4149      3.840      5.569    14.5114 0.0000e+00
      3.918      0.033     0.1453      1.386     77.177  61.092223     1.9407      7.275   128.7128 4.9245e-01     6.3919      3.841      5.571    14.4845 0.0000e+00
      3.924      0.033     0.1444      1.371     77.237  61.074150     1.9181      7.274   127.4451 4.7652e-01     6.5073      3.846      5.577    14.5134 0.0000e+00
      3.934      0.036     0.1428      1.374     77.766  61.352582     1.9176      7.273   126.0164 4.4890e-01     6.6487      3.857      5.593    14.5628 0.0000e+00
      3.947      0.040     0.1430      1.376     78.976  62.107837     1.9181      7.273   124.5154 4.1866e-01     6.8039      3.872      5.615    14.5948 0.0000e+00
      3.959      0.042     0.1417      1.370     79.910  62.645183     1.8981      7.273   123.1495 3.8961e-01     7.8373      3.883      5.632    14.5863 0.0000e+00
      3.970      0.041     0.1379      1.376     79.949  62.512534     1.8594      7.273   121.9765 3.6716e-01     9.6808      3.893      5.647    14.5513 0.0000e+00
      3.981      0.040     0.1406      1.382     79.423  61.965127     1.8421      7.271   120.5721 3.4438e-01    10.6822      3.905      5.664    14.4621 0.0000e+00
      3.991      0.040     0.1418      1.374     78.737  61.299685     1.8390      7.270   118.5590 3.1935e-01    10.9612      3.915      5.678    14.3133 0.0000e+00
      3.998      0.042     0.1394      1.360     77.563  60.248060     1.7467      7.270   116.3927 3.0376e-01    13.1565      3.922      5.688    14.1854 0.0000e+00
      4.005      0.044     0.1415      1.359     75.754  58.715446     1.5748      7.270   114.5124 2.8342e-01    17.1394      3.926      5.694    14.0852 0.0000e+00
      4.017      0.045     0.1433      1.372     74.406  57.570308     1.4749      7.270   112.8609 2.5525e-01    19.2876      3.937      5.710    14.0037 0.0000e+00
      4.035      0.046     0.1421      1.378     73.031  56.439017     1.4464      7.271   111.3083 2.3769e-01    19.5914      3.957      5.740    13.9301 0.0000e+00
      4.051      0.047     0.1402      1.377     71.085  54.882019     1.3714      7.272   109.8499 2.2991e-01    21.0864      3.975      5.765    13.8295 0.0000e+00
      4.062      0.047     0.1398      1.394     70.265  54.178525     1.2664      7.272   108.4780 2.2500e-01    23.8355      3.985      5.779    13.7426 0.0000e+00
      4.070      0.043     0.1429      1.428     70.487  54.284302     1.2268      7.271   107.0246 2.1932e-01    25.3666      3.989      5.786    13.6749 0.0000e+00
      4.080      0.041     0.1439      1.446     69.403  53.429973     1.2323      7.269   105.4407 2.1464e-01    25.5594      3.999      5.801    13.6301 0.0000e+00
      4.092      0.041     0.1420      1.443     67.370  51.850573     1.1999      7.268   104.0403 2.1142e-01    26.0636      4.016      5.824    13.6081 0.0000e+00
      4.101      0.043     0.1443      1.450     66.512  51.127622     1.1268      7.268   102.9119 1.9488e-01    26.9545      4.023      5.835    13.5525 0.0000e+00
      4.109      0.046     0.1494      1.451     66.170  50.785171     1.0809      7.268   101.7788 1.6512e-01    27.4156      4.026      5.839    13.4834 0.0000e+00
      4.122      0.047     0.1525      1.430     65.465  50.186282     1.0860      7.267   100.5787 1.4483e-01    27.5061      4.041      5.861    13.4863 0.0000e+00
      4.137      0.046     0.1487      1.416     65.171  49.918713     1.1045      7.266    99.4139 1.3869e-01    27.7748      4.059      5.887    13.5031 0.0000e+00
      4.151      0.046     0.1515      1.408     64.946  49.708947     1.1052      7.266    98.1920 1.3962e-01    28.1028      4.071      5.905    13.4340 0.0000e+00
      4.163      0.047     0.1538      1.403     63.123  48.284927     1.0872      7.267    96.9040 1.4269e-01    28.2263      4.084      5.924    13.3606 0.0000e+00
      4.173      0.052     0.1477      1.408     59.995  45.843107     1.0694      7.269    95.8015 1.4195e-01    28.2085      4.092      5.937    13.3242 0.0000e+00
      4.179      0.062     0.1490      1.458     58.222  44.373491     1.0574      7.271    94.9281 1.4146e-01    28.1267      4.098      5.944    13.2962 0.0000e+00
      4.188      0.072     0.1466      1.583     58.142  44.165080     0.9827      7.272    94.2594 1.4481e-01    27.5454      4.104      5.953    13.2612 0.0000e+00
      4.209      0.079     0.1476      1.893     58.344  44.211766     0.8324      7.273    93.6529 1.4062e-01    26.5089      4.120      5.976    13.2440 0.0000e+00
      4.245      0.079     0.1452      2.764     58.776  44.493497     0.7378      7.275    93.0148 1.2954e-01    25.9110      4.164      6.039    13.2307 0.0000e+00
      4.279      0.074     0.1509      4.710     59.477  45.032251     0.7211      7.276    92.4817 1.2461e-01    25.8163      4.205      6.099    13.1175 0.0000e+00
      4.298      0.064     0.1632      7.865     59.798  45.330012     0.7144      7.278    91.9395 1.2791e-01    25.6367      4.217      6.116    12.9578 0.0000e+00
      4.305      0.049     0.1817     11.777     59.756  45.364127     0.7144      7.279    91.2775 1.3141e-01    25.2765      4.223      6.125    12.8667 0.0000e+00
      4.309      0.034     0.2497     15.808     59.971  45.571765     0.7130      7.279    90.4992 1.2797e-01    25.0132      4.228      6.132    12.8339 0.0000e+00
      4.312      0.024     0.4450     19.338     60.079  45.682210     0.6972      7.280    89.8425 1.2418e-01    24.9126      4.227      6.130    12.8362 0.0000e+00
      4.317      0.024     0.8040     21.928     59.639  45.366411     0.6735      7.281    89.4462 1.2381e-01    24.7432      4.232      6.138    12.8955 0.0000e+00
      4.324      0.027     1.2366     23.449     59.339  45.118015     0.6603      7.283    89.0623 1.2373e-01    24.5372      4.241      6.152    12.9654 0.0000e+00
      4.331      0.031     1.6848     23.899     59.462  45.154634     0.6701      7.285    88.6432 1.2370e-01    24.5051      4.247      6.159    12.9955 0.0000e+00
      4.339      0.034     2.0757     23.436     59.452  45.110811     0.6681      7.285    88.2508 1.2370e-01    24.4918      4.254      6.170    13.0138 0.0000e+00
      4.351      0.035     2.3461     22.511     59.351  45.032487     0.6438      7.285    87.8449 1.2370e-01    24.1038      4.267      6.190    13.0438 0.0000e+00
