Data/DataNotYetUploadedToEDI/Raw_CTD/RawDownloads/072924_fcr50_S8188002.cnv
* Sea-Bird SBE19plus  Data File:
* FileName = C:\R\Reservoirs\Data\DataNotYetUploadedToEDI\Raw_CTD\RawDownloads\072224_bvr50_S8188_0002.hex
* Software version 2.8.0.119
* Temperature SN = 8188
* Conductivity SN = 8188
* System UpLoad Time = Jul 30 2024 14:44:40
* <ApplicationData>
* <Seaterm232>
# nquan = 16
# nvalues = 1128                        
# units = specified
# name 0 = depFM: Depth [fresh water, m]
# name 1 = dz/dtM: Descent Rate [m/s]
# name 2 = sbeox0Mg/L: Oxygen, SBE 43 [mg/l]
# name 3 = sbeox0PS: Oxygen, SBE 43 [% saturation]
# name 4 = specc: Specific Conductance [uS/cm]
# name 5 = c0uS/cm: Conductivity [uS/cm]
# name 6 = wetCDOM: Fluorescence, WET Labs CDOM [mg/m^3]
# name 7 = flECO-AFL: Fluorescence, WET Labs ECO-AFL/FL [mg/m^3]
# name 8 = flECO-AFL1: Fluorescence, WET Labs ECO-AFL/FL, 2 [mg/m^3]
# name 9 = flECO-AFL2: Fluorescence, WET Labs ECO-AFL/FL, 3 [mg/m^3]
# name 10 = par/sat/log: PAR/Logarithmic, Satlantic
# name 11 = turbWETntu0: Turbidity, WET Labs ECO [NTU]
# name 12 = prdM: Pressure, Strain Gauge [db]
# name 13 = prdE: Pressure, Strain Gauge [psi]
# name 14 = tv290C: Temperature [ITS-90, deg C]
# name 15 = flag:  0.000e+00
# span 0 =     -0.634,      9.316       
# span 1 =     -0.383,      0.130       
# span 2 =    -2.1941,    11.2974       
# span 3 =    -20.482,    122.631       
# span 4 =     -0.802,    146.582       
# span 5 =  -0.797494, 109.284164       
# span 6 =    -4.5000,   149.3100       
# span 7 =    -0.2922,    32.5643       
# span 8 =    -2.1300,     0.7242       
# span 9 =    -2.0304,     8.0793       
# span 10 = 1.1582e-01, 4.2016e+02      
# span 11 =    -1.1404,   971.0945      
# span 12 =     -0.622,      9.136      
# span 13 =     -0.902,     13.250      
# span 14 =    12.2082,    26.2509      
# span 15 = 0.0000e+00, 0.0000e+00      
# interval = seconds: 0.25
# start_time = Jul 29 2024 11:02:17 [Instrument's time stamp, header]
# bad_flag = -9.990e-29
*END*
[from data line 814]
      8.879      0.072     8.5913     79.975     55.937  41.662736    34.3800     0.5661     0.3834     0.4230 1.1600e-01    19.1929      8.708     12.630    12.2397 0.0000e+00
      8.898      0.072     8.5853     79.954     55.943  41.667119    34.4700     0.5356     0.3834     0.3384 1.1620e-01    19.6763      8.726     12.656    12.2394 0.0000e+00
      8.916      0.071     8.5797     79.944     55.944  41.667211    34.4700     0.5470     0.3834     0.3384 1.1612e-01    19.5856      8.743     12.681    12.2390 0.0000e+00
      8.934      0.069     8.5748     79.937     55.947  41.669015    34.4700     0.5394     0.3834     0.3384 1.1597e-01    19.6159      8.761     12.707    12.2385 0.0000e+00
      8.951      0.068     8.5711     79.916     55.950  41.671019    34.4700     0.5165     0.3834     0.3384 1.1605e-01    19.6461      8.778     12.732    12.2380 0.0000e+00
      8.969      0.066     8.5691     79.869     55.943  41.665787    34.4700     0.5242     0.3834     0.4653 1.1610e-01    22.2293      8.796     12.757    12.2373 0.0000e+00
      8.986      0.063     8.5681     79.800     55.924  41.651923    34.4700     0.5432     0.3834     0.4653 1.1605e-01    22.3048      8.812     12.781    12.2367 0.0000e+00
      9.002      0.059     8.5673     79.714     55.910  41.641671    34.4700     0.4975     0.3834     0.4653 1.1612e-01    22.2746      8.828     12.804    12.2364 0.0000e+00
      9.017      0.055     8.5651     79.617     55.897  41.632300    34.4700     0.4975     0.3834     0.4653 1.1595e-01    22.3501      8.843     12.825    12.2363 0.0000e+00
      9.030      0.051     8.5601     79.517     55.890  41.627287    34.4700     0.7035     0.3834     0.3384 1.1617e-01    27.9395      8.856     12.844    12.2363 0.0000e+00
      9.042      0.046     8.5526     79.427     55.894  41.631274    34.4700     0.6882     0.3834     0.3384 1.1612e-01    27.8942      8.867     12.861    12.2365 0.0000e+00
      9.053      0.043     8.5434     79.356     55.896  41.633368    34.4700     0.7035     0.3834     0.3384 1.1605e-01    27.8942      8.878     12.876    12.2367 0.0000e+00
      9.063      0.040     8.5329     79.308     55.884  41.626156    34.4700     0.6882     0.3834     0.3384 1.1597e-01    27.8640      8.888     12.890    12.2370 0.0000e+00
      9.072      0.038     8.5221     79.284     55.867  41.615687    34.2900     0.9362     0.3834     0.3384 1.1605e-01    35.5682      8.897     12.904    12.2375 0.0000e+00
      9.082      0.036     8.5124     79.294     55.857  41.611124    34.2900     0.9438     0.3834     0.3384 1.1605e-01    35.5078      8.906     12.917    12.2382 0.0000e+00
      9.091      0.035     8.5046     79.343     55.853  41.611251    34.2900     0.9476     0.3834     0.3384 1.1607e-01    35.6287      8.915     12.930    12.2390 0.0000e+00
      9.100      0.034     8.4992     79.429     55.856  41.616103    34.2900     0.9552     0.3834     0.3384 1.1617e-01    35.6438      8.924     12.943    12.2404 0.0000e+00
      9.109      0.033     8.4963     79.547     55.860  41.622987    34.2900     2.8550     0.3834     0.3384 1.1595e-01   124.5753      8.932     12.955    12.2424 0.0000e+00
      9.117      0.032     8.4969     79.688     55.863  41.629754    34.2900     2.8512     0.3834     0.3807 1.1610e-01   124.5602      8.941     12.967    12.2448 0.0000e+00
      9.125      0.031     8.5016     79.834     55.858  41.630237    34.2900     2.8664     0.3834     0.3807 1.1597e-01   124.7113      8.949     12.979    12.2474 0.0000e+00
      9.133      0.031     8.5102     79.969     55.841  41.620581    34.2900     2.8168     0.3834     0.3807 1.1600e-01   124.5451      8.956     12.990    12.2502 0.0000e+00
      9.141      0.030     8.5222     80.078     55.823  41.610166    34.2900     4.9226     0.3834     0.3807 1.1605e-01   264.5817      8.964     13.001    12.2536 0.0000e+00
      9.148      0.029     8.5366     80.145     55.827  41.616144    34.3800     4.9149     0.3834     0.3384 1.1615e-01   264.5817      8.971     13.012    12.2574 0.0000e+00
      9.156      0.028     8.5516     80.171     55.854  41.640107    34.3800     4.9493     0.3834     0.3384 1.1610e-01   264.4911      8.978     13.022    12.2610 0.0000e+00
      9.163      0.027     8.5654     80.165     55.888  41.668520    34.3800     4.9378     0.3834     0.3384 1.1607e-01   264.4458      8.986     13.033    12.2642 0.0000e+00
      9.170      0.026     8.5766     80.135     55.933  41.704973    34.3800     0.5661     0.3834     0.3384 1.1612e-01   243.2817      8.993     13.043    12.2669 0.0000e+00
      9.176      0.024     8.5832     80.092     55.983  41.745239    34.4700     0.5585     0.3834     0.3384 1.1607e-01   243.4025      8.999     13.052    12.2696 0.0000e+00
      9.182      0.022     8.5854     80.040     56.006  41.764185    34.4700     0.5432     0.3834     0.3384 1.1600e-01   243.2213      9.005     13.060    12.2726 0.0000e+00
      9.188      0.020     8.5842     79.979     55.990  41.754907    34.4700     0.5661     0.3834     0.3384 1.1602e-01   243.3421      9.010     13.068    12.2756 0.0000e+00
      9.192      0.019     8.5805     79.907     55.962  41.738843    34.4700    -0.0709     0.3834     0.3384 1.1610e-01   129.7115      9.015     13.075    12.2782 0.0000e+00
      9.197      0.017     8.5754     79.830     55.958  41.741603    34.4700    -0.0938     0.3834     0.2538 1.1617e-01   129.6058      9.019     13.081    12.2806 0.0000e+00
      9.201      0.016     8.5694     79.757     55.991  41.771893    34.4700    -0.0976     0.3834     0.2538 1.1605e-01   129.6058      9.023     13.086    12.2827 0.0000e+00
      9.205      0.016     8.5624     79.694     56.046  41.815870    34.4700    -0.0709     0.3834     0.2538 1.1612e-01   129.7568      9.026     13.092    12.2852 0.0000e+00
      9.208      0.015     8.5540     79.640     56.102  41.857364    34.4700     0.9934     0.3834     0.2538 1.1595e-01   393.8626      9.030     13.097    12.2890 0.0000e+00
      9.212      0.015     8.5447     79.596     56.153  41.893490    34.4700     0.9819     0.3834     0.2538 1.1605e-01   393.8928      9.034     13.103    12.2942 0.0000e+00
      9.216      0.015     8.5359     79.562     56.195  41.921924    34.3800     1.0086     0.3834     0.4230 1.1617e-01   393.8173      9.038     13.108    12.2992 0.0000e+00
      9.220      0.015     8.5287     79.536     56.242  41.956228    34.3800     1.0315     0.3834     0.4230 1.1607e-01   393.8626      9.041     13.113    12.3020 0.0000e+00
      9.223      0.015     8.5230     79.506     56.332  42.023484    34.3800     1.8746     0.3834     0.4230 1.1610e-01   164.2448      9.045     13.119    12.3018 0.0000e+00
      9.227      0.015     8.5185     79.458     56.497  42.149598    34.3800     1.8746     0.3834     0.4230 1.1590e-01   164.1995      9.049     13.124    12.2998 0.0000e+00
      9.231      0.015     8.5153     79.385     56.739  42.334322    34.4700     1.8822     0.3834     0.2961 1.1615e-01   164.3506      9.052     13.129    12.2978 0.0000e+00
      9.235      0.015     8.5127     79.283     56.972  42.513327    34.4700     1.8898     0.3834     0.2961 1.1602e-01   164.2750      9.056     13.135    12.2966 0.0000e+00
      9.238      0.015     8.5094     79.154     57.087  42.604816    34.4700     1.6037     0.3834     0.2961 1.1602e-01    61.9139      9.060     13.140    12.2971 0.0000e+00
      9.242      0.015     8.5039     78.983     57.061  42.591335    34.4700     1.6152     0.3834     0.2961 1.1600e-01    61.9441      9.063     13.145    12.2994 0.0000e+00
      9.246      0.015     8.4954     78.731     56.969  42.527083    34.3800     1.6228     0.3834     0.3384 1.1602e-01    61.9139      9.067     13.151    12.3031 0.0000e+00
      9.250      0.015     8.4836     78.390     56.853  42.440762    34.3800     1.6266     0.3834     0.3384 1.1607e-01    62.0196      9.071     13.156    12.3077 0.0000e+00
      9.254      0.014     8.4688     77.988     56.735  42.351202    34.3800     1.4473     0.3834     0.3384 1.1625e-01    60.0860      9.075     13.162    12.3130 0.0000e+00
      9.257      0.014     8.4495     77.565     56.665  42.296297    34.3800     1.4283     0.3834     0.3384 1.1607e-01    59.9802      9.078     13.167    12.3181 0.0000e+00
      9.261      0.013     8.4218     77.169     56.614  42.255426    34.5600     1.4359     0.4260     0.4230 1.1597e-01    60.0256      9.082     13.172    12.3215 0.0000e+00
      9.264      0.012     8.3852     76.851     56.555  42.209721    34.5600     1.4206     0.4260     0.4230 1.1612e-01    59.9953      9.085     13.176    12.3223 0.0000e+00
      9.267      0.012     8.3425     76.655     56.538  42.194820    34.5600     1.5084     0.4260     0.4230 1.1615e-01    58.3336      9.088     13.180    12.3208 0.0000e+00
      9.269      0.011     8.2977     76.605     56.587  42.228670    34.5600     1.4664     0.4260     0.4230 1.1615e-01    58.3336      9.090     13.184    12.3183 0.0000e+00
      9.272      0.011     8.2558     76.691     56.682  42.296384    34.5600     1.4817     0.4260     0.4230 1.1612e-01    58.3034      9.093     13.188    12.3159 0.0000e+00
      9.275      0.011     8.2221     76.882     56.782  42.370184    34.4700     1.5007     0.3834     0.3384 1.1595e-01    58.3336      9.096     13.192    12.3141 0.0000e+00
      9.278      0.011     8.2015     77.137     56.845  42.417938    34.4700     1.1994     0.3834     0.3384 1.1625e-01    65.2373      9.098     13.196    12.3124 0.0000e+00
      9.280      0.011     8.1965     77.409     56.858  42.430459    34.4700     1.1803     0.3834     0.3384 1.1605e-01    65.2524      9.101     13.200    12.3100 0.0000e+00
      9.283      0.011     8.2062     77.651     56.828  42.411086    34.4700     1.1879     0.3834     0.3384 1.1623e-01    65.3279      9.104     13.204    12.3075 0.0000e+00
      9.286      0.011     8.2269     77.826     56.784  42.380561    34.3800     1.1765     0.4260     0.3807 1.1617e-01    65.2524      9.107     13.208    12.3063 0.0000e+00
      9.289      0.011     8.2540     77.918     56.771  42.370599    34.3800     1.0124     0.4260     0.3807 1.1600e-01    75.3586      9.110     13.213    12.3073 0.0000e+00
      9.292      0.011     8.2827     77.928     56.797  42.388508    34.3800     1.0163     0.4260     0.3807 1.1602e-01    75.3284      9.113     13.217    12.3098 0.0000e+00
      9.295      0.010     8.3080     77.878     56.843  42.421129    34.3800     0.9629     0.4260     0.3807 1.1615e-01    75.2679      9.116     13.221    12.3126 0.0000e+00
      9.297      0.009     8.3265     77.796     56.910  42.471180    34.3800     0.9934     0.4260     0.9306 1.1597e-01    75.3133      9.118     13.224    12.3142 0.0000e+00
      9.300      0.008     8.3363     77.702     57.049  42.573930    34.3800     0.9934     0.4260     0.9306 1.1610e-01    64.1345      9.120     13.227    12.3141 0.0000e+00
      9.302      0.008     8.3376     77.621     57.332  42.782687    34.3800     0.9819     0.4260     0.9306 1.1615e-01    64.0137      9.122     13.231    12.3129 0.0000e+00
      9.304      0.007     8.3325     77.562     57.867  43.177031    34.3800     1.0124     0.4260     0.9306 1.1595e-01    64.1345      9.124     13.233    12.3119 0.0000e+00
      9.306      0.006     8.3237     77.519     58.767  43.844185    34.3800     0.9972     0.4260     0.9306 1.1612e-01    64.1194      9.126     13.236    12.3114 0.0000e+00
      9.307      0.005     8.3139     77.471     60.094  44.830530    11.0700     0.7950     0.5538     2.1996 1.1605e-01    35.2510      9.127     13.238    12.3106 0.0000e+00
      9.308      0.004     8.3056     77.371     61.614  45.962622    11.0700     0.8065     0.5538     2.1996 1.1600e-01    35.3114      9.128     13.239    12.3084 0.0000e+00
      9.309      0.003     8.3000     77.122     62.672  46.749067    11.0700     0.8370     0.5538     2.1996 1.1625e-01    35.3114      9.129     13.240    12.3047 0.0000e+00
      9.309      0.003     8.2961     76.581     62.861  46.887313    11.0700     0.8065     0.5538     2.1996 1.1612e-01    35.3114      9.129     13.241    12.3008 0.0000e+00
      9.310      0.002     8.2914     75.558     62.472  46.593636     0.0000     0.5852     0.0426     0.0846 1.1590e-01    21.8969      9.130     13.242    12.2979 0.0000e+00
      9.310      0.002     8.2810     73.850     61.948  46.200353     0.0000     0.5661     0.0426     0.0846 1.1600e-01    21.7912      9.130     13.242    12.2960 0.0000e+00
      9.311      0.001     8.2547     71.375     61.508  45.869682     0.0000     0.5852     0.0426     0.0846 1.1592e-01    21.9422      9.131     13.243    12.2940 0.0000e+00
      9.311      0.001     8.1973     68.304     61.184  45.625062     0.0000     0.5509     0.0426     0.0846 1.1602e-01    21.8214      9.131     13.243    12.2913 0.0000e+00
      9.311      0.001     8.0883     65.037     60.956  45.453080     0.0000     0.6424     0.0000     0.0846 1.1638e-01    19.8878      9.131     13.244    12.2887 0.0000e+00
      9.312      0.001     7.9059     62.062     60.784  45.323821     0.0000     0.6233     0.0000     0.0846 1.1617e-01    19.7971      9.132     13.244    12.2865 0.0000e+00
      9.312      0.001     7.6413     59.805     60.643  45.218759     0.0000     0.6157     0.0000     0.0846 1.1600e-01    19.8727      9.132     13.245    12.2843 0.0000e+00
      9.312      0.001     7.3128     58.541     60.532  45.135787     0.0000     0.6157     0.0000     0.0846 1.1607e-01    19.9482      9.132     13.245    12.2820 0.0000e+00
      9.313      0.001     6.9633     58.360     60.398  45.034841     0.0000     0.5699     0.0000     0.0000 1.1592e-01    19.5705      9.133     13.246    12.2804 0.0000e+00
      9.313      0.001     6.6449     59.169     60.250  44.922887     0.0000     0.5509     0.0000     0.0000 1.1602e-01    19.6159      9.133     13.246    12.2798 0.0000e+00
      9.313      0.002     6.4033     60.709     60.140  44.839826     0.0000     0.5585     0.0000     0.0000 1.1620e-01    19.7216      9.133     13.247    12.2800 0.0000e+00
      9.314      0.002     6.2679     62.622     60.085  44.797390     0.0000     0.5776     0.0000     0.0000 1.1605e-01    19.6461      9.134     13.247    12.2800 0.0000e+00
      9.314      0.002     6.2487     64.561     60.044  44.766326     0.0000     0.6233     0.0000     0.0000 1.1617e-01    19.2986      9.134     13.248    12.2792 0.0000e+00
      9.314      0.001     6.3356     66.301     59.977  44.716427    -0.0900     0.6310     0.0000     0.0423 1.1605e-01    19.4195      9.134     13.248    12.2779 0.0000e+00
      9.315      0.001     6.5006     67.780     59.877  44.642357    -0.0900     0.6272     0.0000     0.0423 1.1595e-01    19.4497      9.135     13.249    12.2766 0.0000e+00
      9.315      0.001     6.7057     69.041     59.712  44.520378    -0.0900     0.6653     0.0000     0.0423 1.1600e-01    19.4346      9.135     13.249    12.2754 0.0000e+00
      9.316      0.001     6.9133     70.133     59.531  44.385727    -0.0900     0.6424     0.0000     0.0423 1.1605e-01    19.4044      9.135     13.249    12.2748 0.0000e+00
      9.316      0.000     7.0996     71.085     59.426  44.308126    -0.0900     0.6310     0.0000     0.0423 1.1597e-01    19.3439      9.135     13.250    12.2748 0.0000e+00
      9.316      0.000     7.2580     71.911     59.396  44.284818    -0.0900     0.6462     0.0000     0.0423 1.1610e-01    19.2835      9.136     13.250    12.2754 0.0000e+00
      9.316      0.000     7.3928     72.624     59.405  44.289657    -0.0900     0.6272     0.0000     0.0423 1.1610e-01    19.4346      9.136     13.250    12.2762 0.0000e+00
