Data/DataNotYetUploadedToEDI/Raw_CTD/RawDownloads/072924_fcr50_S8188002.cnv
* Sea-Bird SBE19plus  Data File:
* FileName = C:\R\Reservoirs\Data\DataNotYetUploadedToEDI\Raw_CTD\RawDownloads\072224_bvr50_S8188_0002.hex
* Software version 2.8.0.119
* Temperature SN = 8188
* Conductivity SN = 8188
* System UpLoad Time = Jul 30 2024 14:44:40
* <ApplicationData>
* <Seaterm232>
# nquan = 16
# nvalues = 1128                        
# units = specified
# name 0 = depFM: Depth [fresh water, m]
# name 1 = dz/dtM: Descent Rate [m/s]
# name 2 = sbeox0Mg/L: Oxygen, SBE 43 [mg/l]
# name 3 = sbeox0PS: Oxygen, SBE 43 [% saturation]
# name 4 = specc: Specific Conductance [uS/cm]
# name 5 = c0uS/cm: Conductivity [uS/cm]
# name 6 = wetCDOM: Fluorescence, WET Labs CDOM [mg/m^3]
# name 7 = flECO-AFL: Fluorescence, WET Labs ECO-AFL/FL [mg/m^3]
# name 8 = flECO-AFL1: Fluorescence, WET Labs ECO-AFL/FL, 2 [mg/m^3]
# name 9 = flECO-AFL2: Fluorescence, WET Labs ECO-AFL/FL, 3 [mg/m^3]
# name 10 = par/sat/log: PAR/Logarithmic, Satlantic
# name 11 = turbWETntu0: Turbidity, WET Labs ECO [NTU]
# name 12 = prdM: Pressure, Strain Gauge [db]
# name 13 = prdE: Pressure, Strain Gauge [psi]
# name 14 = tv290C: Temperature [ITS-90, deg C]
# name 15 = flag:  0.000e+00
# span 0 =     -0.634,      9.316       
# span 1 =     -0.383,      0.130       
# span 2 =    -2.1941,    11.2974       
# span 3 =    -20.482,    122.631       
# span 4 =     -0.802,    146.582       
# span 5 =  -0.797494, 109.284164       
# span 6 =    -4.5000,   149.3100       
# span 7 =    -0.2922,    32.5643       
# span 8 =    -2.1300,     0.7242       
# span 9 =    -2.0304,     8.0793       
# span 10 = 1.1582e-01, 4.2016e+02      
# span 11 =    -1.1404,   971.0945      
# span 12 =     -0.622,      9.136      
# span 13 =     -0.902,     13.250      
# span 14 =    12.2082,    26.2509      
# span 15 = 0.0000e+00, 0.0000e+00      
# interval = seconds: 0.25
# start_time = Jul 29 2024 11:02:17 [Instrument's time stamp, header]
# bad_flag = -9.990e-29
*END*
[from data line 91]
     -0.011      0.008     7.2164     86.668     42.191  43.202918    27.7200    11.0948     0.0426     2.8764 2.5170e+02     2.3492     -0.011     -0.016    26.1943 0.0000e+00
     -0.009      0.007     7.1670     85.942     42.185  43.195569    27.7200    11.1254     0.0426     2.8764 2.5779e+02     2.2586     -0.009     -0.014    26.1944 0.0000e+00
     -0.008      0.007     7.1156     85.250     42.184  43.193486    27.8100    11.0948     0.0852     2.7495 2.4715e+02     2.2283     -0.007     -0.011    26.1945 0.0000e+00
     -0.006      0.007     7.0625     84.675     42.187  43.196114    27.8100    11.1444     0.0852     2.7495 2.5357e+02     2.3341     -0.005     -0.008    26.1940 0.0000e+00
     -0.004      0.007     7.0062     84.282     42.191  43.200166    27.8100    11.0453     0.0852     2.7495 2.5852e+02     2.3492     -0.003     -0.005    26.1929 0.0000e+00
     -0.002      0.007     6.9476     84.076     42.188  43.198752    27.8100    11.0224     0.0852     2.7495 2.6569e+02     2.3643     -0.002     -0.002    26.1914 0.0000e+00
      0.000      0.007     6.8918     83.999     42.177  43.187511    27.7200    11.0300     0.0852     2.7072 2.6357e+02     2.2888      0.000      0.000    26.1902 0.0000e+00
      0.002      0.007     6.8454     83.946     42.157  43.167430    27.7200    11.0491     0.0852     2.7072 2.6895e+02     2.3643      0.002      0.003    26.1899 0.0000e+00
      0.004      0.007     6.8135     83.792     42.131  43.141124    27.7200    10.9232     0.0852     2.7072 2.5824e+02     2.3492      0.004      0.005    26.1903 0.0000e+00
      0.005      0.008     6.7967     83.441     42.105  43.113537    27.7200    10.9041     0.0852     2.7072 2.6679e+02     2.2132      0.006      0.008    26.1911 0.0000e+00
      0.007      0.008     6.7904     82.868     42.086  43.093254    27.8100    10.8583     0.0852     2.9610 2.6077e+02     2.3643      0.007      0.010    26.1919 0.0000e+00
      0.010      0.009     6.7861     82.121     42.073  43.078850    27.8100    10.9117     0.0852     2.9610 2.4458e+02     2.3341      0.009      0.013    26.1922 0.0000e+00
      0.012      0.010     6.7737     81.295     42.058  43.062501    27.8100    10.9156     0.0852     2.9610 2.4257e+02     2.2283      0.012      0.017    26.1921 0.0000e+00
      0.014      0.012     6.7454     80.512     42.041  43.043831    27.8100    10.8927     0.0852     2.9610 2.5099e+02     2.0622      0.014      0.021    26.1915 0.0000e+00
      0.017      0.013     6.6992     79.886     42.024  43.025834    27.8100    10.9270     0.0852     2.9610 2.5484e+02     2.1075      0.017      0.025    26.1905 0.0000e+00
      0.021      0.015     6.6390     79.473     42.011  43.011680    27.8100    10.9308     0.1278     2.8341 2.5617e+02     2.1981      0.021      0.030    26.1892 0.0000e+00
      0.025      0.016     6.5724     79.252     42.002  43.001582    27.8100    10.9918     0.1278     2.8341 2.4768e+02     2.1528      0.025      0.035    26.1877 0.0000e+00
      0.030      0.018     6.5092     79.158     41.991  42.988859    27.8100    10.9575     0.1278     2.8341 2.3628e+02     2.0773      0.029      0.042    26.1864 0.0000e+00
      0.035      0.020     6.4587     79.095     41.973  42.970120    27.8100    10.9880     0.1278     2.8341 2.4656e+02     2.0924      0.034      0.049    26.1852 0.0000e+00
      0.040      0.022     6.4255     78.960     41.965  42.960295    27.9000    10.9613     0.0852     2.8764 2.4278e+02     2.0773      0.039      0.057    26.1839 0.0000e+00
      0.046      0.023     6.4078     78.687     41.974  42.968721    27.9000    11.0529     0.0852     2.8764 2.3316e+02     2.1377      0.045      0.065    26.1829 0.0000e+00
      0.052      0.026     6.4002     78.277     41.988  42.981703    27.9000    11.0300     0.0852     2.8764 2.2875e+02     2.1377      0.051      0.074    26.1820 0.0000e+00
      0.058      0.028     6.3953     77.787     41.994  42.986760    27.9000    11.0453     0.0852     2.8764 2.2515e+02     2.1528      0.057      0.083    26.1810 0.0000e+00
      0.065      0.031     6.3846     77.293     41.990  42.981255    27.9900    11.0491     0.0852     2.8764 2.3398e+02     2.0471      0.064      0.093    26.1797 0.0000e+00
      0.074      0.034     6.3626     76.851     41.978  42.967705    27.9900    10.9804     0.0852     2.8764 2.2825e+02     2.0320      0.072      0.104    26.1781 0.0000e+00
      0.083      0.037     6.3297     76.463     41.960  42.946484    27.9900    10.9957     0.0852     2.8764 2.1854e+02     2.1226      0.081      0.118    26.1765 0.0000e+00
      0.093      0.039     6.2902     76.092     41.939  42.919902    27.9900    10.9957     0.0852     2.8764 2.1098e+02     2.0471      0.091      0.133    26.1751 0.0000e+00
      0.104      0.040     6.2504     75.692     41.927  42.900800    27.9900    10.9842     0.0852     2.8764 1.9707e+02     2.0773      0.102      0.149    26.1738 0.0000e+00
      0.115      0.040     6.2149     75.217     41.930  42.892053    27.9000    10.7401     0.0852     2.8764 1.9292e+02     2.4096      0.113      0.164    26.1720 0.0000e+00
      0.126      0.039     6.1839     74.637     41.937  42.883359    27.9000    10.7286     0.0852     2.8764 1.8451e+02     2.2888      0.124      0.180    26.1687 0.0000e+00
      0.136      0.036     6.1544     73.970     41.948  42.872398    27.9000    10.7286     0.0852     2.8764 1.8256e+02     2.2435      0.133      0.194    26.1632 0.0000e+00
      0.145      0.033     6.1230     73.281     41.966  42.864217    27.9000    10.7324     0.0852     2.8764 1.8596e+02     2.3039      0.142      0.207    26.1547 0.0000e+00
      0.153      0.029     6.0860     72.642     41.988  42.860619    27.9000    10.4807     0.0852     2.8764 1.8427e+02     2.1830      0.150      0.218    26.1416 0.0000e+00
      0.160      0.026     6.0411     72.122     42.009  42.856656    27.9000    10.4845     0.0852     2.8764 1.8367e+02     2.1075      0.157      0.228    26.1221 0.0000e+00
      0.166      0.022     5.9900     71.762     42.024  42.851270    27.9000    10.4692     0.0852     2.8764 1.8311e+02     2.0924      0.163      0.236    26.0957 0.0000e+00
      0.171      0.019     5.9375     71.559     42.040  42.850996    27.9000    10.4997     0.0852     2.8764 1.8495e+02     2.0773      0.168      0.243    26.0646 0.0000e+00
      0.176      0.016     5.8892     71.479     42.054  42.851774    27.9900    10.5264     0.1278     2.8764 1.8423e+02     2.1075      0.172      0.250    26.0326 0.0000e+00
      0.179      0.014     5.8502     71.478     42.059  42.845839    27.9900    10.5303     0.1278     2.8764 1.8499e+02     2.1377      0.176      0.255    26.0031 0.0000e+00
      0.183      0.012     5.8237     71.506     42.060  42.839581    27.9900    10.5455     0.1278     2.8764 1.8532e+02     2.1377      0.179      0.259    25.9781 0.0000e+00
      0.185      0.010     5.8094     71.515     42.066  42.839300    27.9900    10.5379     0.1278     2.8764 1.8487e+02     2.2132      0.181      0.263    25.9579 0.0000e+00
      0.187      0.008     5.8047     71.471     42.072  42.840937    27.9900    10.5379     0.0852     2.8764 1.8503e+02     2.1528      0.183      0.266    25.9420 0.0000e+00
      0.189      0.006     5.8059     71.355     42.071  42.836957    27.9900    10.6752     0.0852     2.8764 1.8722e+02     2.1226      0.185      0.268    25.9295 0.0000e+00
      0.190      0.005     5.8091     71.167     42.062  42.826298    27.9900    10.6752     0.0852     2.8764 1.8523e+02     2.0622      0.186      0.270    25.9200 0.0000e+00
      0.191      0.004     5.8106     70.917     42.053  42.816082    27.9900    10.6790     0.0852     2.8764 1.8746e+02     2.2586      0.187      0.272    25.9130 0.0000e+00
      0.192      0.003     5.8076     70.613     42.048  42.809562    27.9900    10.6790     0.0852     2.8764 1.8624e+02     2.1528      0.188      0.273    25.9079 0.0000e+00
      0.193      0.003     5.7986     70.256     42.044  42.805000    27.9900    10.6867     0.0852     3.0456 1.8930e+02     2.0471      0.189      0.274    25.9045 0.0000e+00
      0.194      0.002     5.7835     69.843     42.043  42.803172    27.9900    10.6600     0.0852     3.0456 1.8762e+02     2.1075      0.190      0.275    25.9022 0.0000e+00
      0.194      0.002     5.7633     69.377     42.043  42.803591    27.9900    10.6752     0.0852     3.0456 1.8548e+02     2.1679      0.190      0.276    25.9007 0.0000e+00
      0.195      0.002     5.7388     68.871     42.042  42.802383    27.9900    10.6523     0.0852     3.0456 1.8568e+02     2.1075      0.191      0.276    25.8996 0.0000e+00
      0.195      0.001     5.7098     68.340     42.038  42.799226    28.0800    10.8049     0.0852     2.8764 1.8746e+02     2.2737      0.191      0.277    25.8987 0.0000e+00
      0.195      0.001     5.6763     67.793     42.035  42.797263    28.0800    10.8011     0.0852     2.8764 1.8536e+02     2.2737      0.191      0.277    25.8982 0.0000e+00
      0.195      0.001     5.6384     67.245     42.032  42.795971    28.0800    10.7668     0.0852     2.8764 1.8657e+02     2.3039      0.191      0.278    25.8981 0.0000e+00
      0.195      0.001     5.5973     66.711     42.026  42.791021    28.0800    10.8049     0.0852     2.8764 1.8775e+02     2.2435      0.191      0.278    25.8984 0.0000e+00
      0.196      0.001     5.5540     66.207     42.019  42.785076    28.0800    10.9728     0.1278     2.8764 1.8649e+02     2.3794      0.192      0.278    25.8993 0.0000e+00
      0.196      0.001     5.5095     65.744     42.017  42.784525    28.0800    10.9804     0.1278     2.8764 1.8710e+02     2.3039      0.192      0.278    25.9006 0.0000e+00
      0.196      0.001     5.4647     65.325     42.020  42.787226    28.0800    10.9613     0.1278     2.8764 1.8935e+02     2.2737      0.192      0.279    25.9022 0.0000e+00
      0.196      0.001     5.4212     64.944     42.020  42.787921    28.0800    10.9423     0.1278     2.8764 1.9092e+02     2.2737      0.192      0.279    25.9039 0.0000e+00
      0.196      0.001     5.3801     64.595     42.017  42.784805    28.0800    11.0453     0.1278     2.8341 1.9137e+02     2.1528      0.192      0.279    25.9054 0.0000e+00
      0.196      0.000     5.3424     64.266     42.012  42.779037    28.0800    11.0376     0.1278     2.8341 1.9175e+02     2.1679      0.192      0.279    25.9065 0.0000e+00
      0.196      0.000     5.3082     63.949     42.005  42.771072    28.0800    11.0262     0.1278     2.8341 1.9329e+02     2.1226      0.192      0.280    25.9072 0.0000e+00
      0.197      0.000     5.2773     63.643     41.997  42.762773    28.0800    11.0186     0.1278     2.8341 1.9452e+02     2.2132      0.193      0.280    25.9074 0.0000e+00
      0.197 3.3495e-12     5.2490     63.344     41.995  42.759898    28.0800    11.0605     0.1278     2.8341 1.9587e+02     2.1377      0.193      0.280    25.9072 0.0000e+00
      0.197 4.3065e-12     5.2223     63.047     41.995  42.759685    28.0800    11.0224     0.0852     2.8341 1.9801e+02     2.1830      0.193      0.280    25.9067 0.0000e+00
      0.197 5.5370e-12     5.1966     62.750     41.993  42.756102    28.0800    11.0338     0.0852     2.8341 1.9647e+02     2.1981      0.193      0.280    25.9061 0.0000e+00
      0.197 7.1190e-12     5.1717     62.462     41.988  42.750183    28.0800    11.0338     0.0852     2.8341 1.9651e+02     2.1528      0.193      0.280    25.9053 0.0000e+00
      0.197 9.1529e-12     5.1475     62.193     41.981  42.742345    28.0800    11.0224     0.0852     2.8341 1.9698e+02     2.1830      0.193      0.280    25.9044 0.0000e+00
      0.197 1.1768e-11     5.1235     61.937     41.974  42.734483    28.0800    11.0376     0.1278     2.7918 1.9797e+02     2.1377      0.193      0.280    25.9035 0.0000e+00
      0.197 1.5130e-11     5.0994     61.688     41.969  42.728485    28.0800    11.0338     0.1278     2.7918 1.9579e+02     2.1377      0.193      0.280    25.9025 0.0000e+00
      0.197 1.9453e-11     5.0761     61.452     41.968  42.726737    28.0800    11.0376     0.1278     2.7918 1.9553e+02     2.1377      0.193      0.280    25.9015 0.0000e+00
      0.197 2.5011e-11     5.0543     61.227     41.975  42.732760    28.0800    10.9880     0.1278     2.7918 1.9532e+02     2.1679      0.193      0.280    25.9005 0.0000e+00
      0.197 3.2158e-11     5.0336     61.008     41.983  42.740187    28.0800    10.9613     0.0852     2.7495 1.9146e+02     2.1830      0.193      0.280    25.8994 0.0000e+00
      0.197 4.1345e-11     5.0135     60.795     41.983  42.739043    28.0800    10.9613     0.0852     2.7495 1.9150e+02     2.2132      0.193      0.280    25.8983 0.0000e+00
      0.197 5.3158e-11     4.9944     60.587     41.974  42.729023    28.0800    10.9613     0.0852     2.7495 1.9287e+02     2.1528      0.193      0.280    25.8972 0.0000e+00
      0.197 6.8347e-11     4.9762     60.380     41.962  42.715425    28.0800    10.9041     0.0852     2.7495 1.9304e+02     2.3492      0.193      0.280    25.8960 0.0000e+00
      0.197 8.7874e-11     4.9585     60.178     41.950  42.702594    28.0800    10.9384     0.0852     2.7495 1.9029e+02     2.2435      0.193      0.280    25.8948 0.0000e+00
      0.197 1.1298e-10     4.9414     59.979     41.944  42.695081    28.0800    10.8927     0.0852     2.7495 1.9062e+02     2.2888      0.193      0.281    25.8936 0.0000e+00
      0.197 1.4526e-10     4.9246     59.779     41.940  42.690881    28.0800    10.9041     0.0852     2.7495 1.8984e+02     2.2435      0.193      0.281    25.8925 0.0000e+00
      0.197 1.8676e-10     4.9078     59.581     41.935  42.684889    28.0800    11.0300     0.0852     2.7495 1.9005e+02     2.1226      0.193      0.281    25.8914 0.0000e+00
      0.197 2.4013e-10     4.8915     59.386     41.931  42.679493    28.0800    11.0529     0.0852     2.7495 1.9029e+02     2.1528      0.193      0.281    25.8904 0.0000e+00
      0.198 3.0873e-10     4.8754     59.195     41.929  42.677238    28.1700    11.0338     0.0852     2.8764 1.9183e+02     2.1075      0.194      0.281    25.8895 0.0000e+00
      0.198 3.9694e-10     4.8592     59.003     41.930  42.677524    28.1700    11.0376     0.0852     2.8764 1.9075e+02     2.1528      0.194      0.281    25.8886 0.0000e+00
      0.198 5.1036e-10     4.8432     58.810     41.929  42.676440    28.1700    11.1101     0.0852     2.8764 1.9204e+02     2.1679      0.194      0.281    25.8878 0.0000e+00
      0.198 6.5617e-10     4.8274     58.619     41.923  42.669714    28.1700    11.0796     0.0852     2.8764 1.9129e+02     2.1226      0.194      0.281    25.8870 0.0000e+00
      0.198 8.4365e-10     4.8119     58.436     41.917  42.663522    28.1700    11.0872     0.0852     2.7918 1.9062e+02     2.1377      0.194      0.282    25.8864 0.0000e+00
      0.198 1.0847e-09     4.7964     58.263     41.919  42.664183    28.1700    11.1101     0.0852     2.7918 1.9067e+02     2.1981      0.194      0.282    25.8857 0.0000e+00
      0.198 1.3946e-09     4.7808     58.102     41.923  42.667889    28.1700    11.0605     0.0852     2.7918 1.8906e+02     2.1528      0.194      0.282    25.8851 0.0000e+00
      0.198 1.7931e-09     4.7653     57.953     41.931  42.675629    28.1700    11.0300     0.0852     2.7918 1.8840e+02     2.0622      0.194      0.282    25.8844 0.0000e+00
      0.198 2.3054e-09     4.7505     57.820     41.941  42.685479    28.0800    11.0300     0.1278     2.9610 1.8980e+02     2.1679      0.194      0.282    25.8837 0.0000e+00
      0.198 2.9640e-09     4.7365     57.701     41.945  42.688112    28.0800    11.0567     0.1278     2.9610 1.8922e+02     2.1830      0.194      0.282    25.8831 0.0000e+00
