Data/DataNotYetUploadedToEDI/Raw_CTD/RawDownloads/072924_fcr10_S7809002.cnv
* Sea-Bird SBE19plus  Data File:
* FileName = C:\R\Reservoirs\Data\DataNotYetUploadedToEDI\Raw_CTD\RawDownloads\07302024_BVR50_FCR10_20_30_40_0002.hex
* Software version 2.8.0.119
* Temperature SN = 7809
* Conductivity SN = 7809
* System UpLoad Time = Jul 30 2024 12:54:22
* <ApplicationData>
* <Seaterm232>
# nquan = 15
# nvalues = 434                         
# units = specified
# name 0 = depFM: Depth [fresh water, m]
# name 1 = dz/dtM: Descent Rate [m/s]
# name 2 = sbeox0Mg/L: Oxygen, SBE 43 [mg/l]
# name 3 = sbeox0PS: Oxygen, SBE 43 [% saturation]
# name 4 = specc: Specific Conductance [uS/cm]
# name 5 = c0uS/cm: Conductivity [uS/cm]
# name 6 = flECO-AFL: Fluorescence, WET Labs ECO-AFL/FL [mg/m^3]
# name 7 = ph: pH
# name 8 = orp: Oxidation Reduction Potential [mV]
# name 9 = par/sat/log: PAR/Logarithmic, Satlantic
# name 10 = turbWETntu0: Turbidity, WET Labs ECO [NTU]
# name 11 = prdM: Pressure, Strain Gauge [db]
# name 12 = prdE: Pressure, Strain Gauge [psi]
# name 13 = tv290C: Temperature [ITS-90, deg C]
# name 14 = flag:  0.000e+00
# span 0 =     -0.642,      2.050       
# span 1 =     -0.020,      0.177       
# span 2 =     0.3623,     9.1371       
# span 3 =      4.360,    112.205       
# span 4 =      3.492,     50.810       
# span 5 =   3.541198,  50.224940       
# span 6 =    -0.1195,    64.9983       
# span 7 =      6.536,      7.057       
# span 8 =   117.8702,   419.7876       
# span 9 = 6.2862e+00, 3.6312e+02       
# span 10 =     0.7418,    50.2787      
# span 11 =     -0.630,      2.011      
# span 12 =     -0.914,      2.917      
# span 13 =    24.2631,    26.1513      
# span 14 = 0.0000e+00, 0.0000e+00      
# interval = seconds: 0.25
# start_time = Jul 29 2024 12:27:44 [Instrument's time stamp, header]
# bad_flag = -9.990e-29
*END*
[from data line 193]
      0.789      0.043     8.5528    103.300     42.889  43.806495    16.9845      6.954   160.1175 4.4530e+01     5.5996      0.772      1.119    26.0656 0.0000e+00
      0.800      0.049     8.4511    103.265     42.914  43.828444    17.0057      6.954   160.2443 4.3894e+01     5.6630      0.783      1.136    26.0673 0.0000e+00
      0.817      0.055     8.3918    103.145     42.882  43.791752    17.0854      6.954   160.4307 4.3200e+01     5.7971      0.801      1.162    26.0677 0.0000e+00
      0.835      0.057     8.3713    102.880     42.837  43.743692    17.2400      6.954   160.8217 4.2410e+01     5.9222      0.819      1.187    26.0656 0.0000e+00
      0.854      0.054     8.3688    102.474     42.849  43.755138    17.3115      6.955   161.1864 4.1588e+01     5.9460      0.837      1.215    26.0630 0.0000e+00
      0.870      0.049     8.3706    101.933     42.896  43.803200    17.2920      6.958   161.3128 4.0988e+01     5.9146      0.856      1.242    26.0607 0.0000e+00
      0.880      0.043     8.3639    101.337     42.909  43.817019    17.2699      6.961   161.4895 4.0638e+01     5.9186      0.865      1.254    26.0555 0.0000e+00
      0.886      0.037     8.3413    100.884     42.887  43.795280    17.1441      6.963   161.7735 4.0335e+01     5.9601      0.868      1.260    26.0509 0.0000e+00
      0.892      0.033     8.3096    100.706     42.886  43.794248    16.9031      6.966   162.0802 3.9959e+01     5.9720      0.875      1.269    26.0503 0.0000e+00
      0.900      0.030     8.2645    100.788     42.896  43.804541    16.7531      6.969   162.4442 3.9589e+01     5.9592      0.883      1.280    26.0514 0.0000e+00
      0.908      0.028     8.2078    101.043     42.884  43.792784    16.7372      6.971   162.6468 3.9196e+01     5.9430      0.890      1.291    26.0526 0.0000e+00
      0.917      0.028     8.1669    101.347     42.870  43.779039    16.9188      6.974   162.6376 3.8826e+01     5.8786      0.899      1.305    26.0531 0.0000e+00
      0.925      0.028     8.1543    101.605     42.856  43.765303    17.2676      6.976   162.6773 3.8667e+01     5.7613      0.908      1.317    26.0530 0.0000e+00
      0.930      0.028     8.1629    101.793     42.846  43.753649    17.4669      6.978   162.8688 3.8615e+01     5.6857      0.912      1.323    26.0532 0.0000e+00
      0.935      0.028     8.1878    101.912     42.858  43.765076    17.4980      6.980   163.0597 3.8442e+01     5.6825      0.915      1.328    26.0533 0.0000e+00
      0.942      0.027     8.2155    101.952     42.869  43.776520    17.6358      6.983   163.2651 3.8093e+01     5.7223      0.922      1.338    26.0536 0.0000e+00
      0.952      0.027     8.2363    101.913     42.859  43.765065    17.8932      6.985   163.5454 3.7803e+01     5.8248      0.934      1.354    26.0541 0.0000e+00
      0.960      0.027     8.2515    101.810     42.848  43.753524    18.0372      6.986   163.6957 3.7701e+01     5.9315      0.942      1.367    26.0534 0.0000e+00
      0.966      0.026     8.2617    101.688     42.858  43.763929    18.0624      6.988   163.7909 3.7590e+01     5.9872      0.948      1.375    26.0526 0.0000e+00
      0.972      0.024     8.2651    101.624     42.858  43.763921    18.0560      6.990   164.0080 3.7419e+01     5.9525      0.953      1.382    26.0520 0.0000e+00
      0.978      0.021     8.2615    101.635     42.847  43.753421    18.0180      6.991   164.3422 3.7235e+01     5.8534      0.959      1.391    26.0509 0.0000e+00
      0.984      0.019     8.2527    101.676     42.856  43.763921    17.9940      6.994   164.8202 3.7059e+01     5.8471      0.966      1.401    26.0504 0.0000e+00
      0.989      0.018     8.2392    101.732     42.853  43.763928    17.9986      6.996   165.2272 3.6948e+01     5.9447      0.970      1.408    26.0504 0.0000e+00
      0.992      0.017     8.2337    101.822     42.841  43.753522    17.9658      6.997   165.4781 3.6892e+01     6.0429      0.973      1.411    26.0502 0.0000e+00
      0.995      0.017     8.2369    101.912     42.852  43.765054    17.8720      6.999   165.7025 3.6798e+01     6.0785      0.975      1.415    26.0509 0.0000e+00
      0.999      0.018     8.2402    101.956     42.864  43.776405    17.8135      6.999   165.8754 3.6598e+01     6.0673      0.979      1.421    26.0531 0.0000e+00
      1.005      0.019     8.2427    101.956     42.853  43.763816    17.8413      6.999   166.0200 3.6365e+01     6.0783      0.985      1.429    26.0569 0.0000e+00
      1.010      0.020     8.2505    101.951     42.829  43.739788    18.1337      7.000   166.1609 3.6172e+01     6.1088      0.991      1.438    26.0604 0.0000e+00
      1.015      0.020     8.2605    101.979     42.829  43.739787    18.6513      7.002   166.2021 3.5998e+01     6.1632      0.996      1.445    26.0603 0.0000e+00
      1.021      0.020     8.2635    102.054     42.853  43.763804    18.9229      7.004   166.1731 3.5849e+01     6.1902      1.001      1.452    26.0570 0.0000e+00
      1.026      0.019     8.2629    102.170     42.865  43.776280    18.9293      7.005   166.1550 3.5743e+01     6.1267      1.007      1.460    26.0551 0.0000e+00
      1.030      0.019     8.2607    102.337     42.854  43.763680    18.9194      7.008   166.1548 3.5667e+01     6.0787      1.011      1.466    26.0562 0.0000e+00
      1.034      0.019     8.2627    102.538     42.831  43.738415    19.0036      7.010   166.2571 3.5565e+01     6.1910      1.014      1.471    26.0571 0.0000e+00
      1.039      0.018     8.2693    102.692     42.818  43.724682    19.1728      7.011   166.3590 3.5415e+01     6.3911      1.019      1.478    26.0565 0.0000e+00
      1.044      0.017     8.2783    102.695     42.817  43.724579    19.2512      7.013   166.3546 3.5285e+01     6.4492      1.025      1.486    26.0562 0.0000e+00
      1.049      0.016     8.2918    102.520     42.827  43.737169    19.2352      7.015   166.5484 3.5200e+01     6.3811      1.029      1.493    26.0550 0.0000e+00
      1.053      0.016     8.3113    102.260     42.837  43.749970    19.1790      7.016   167.0674 3.5132e+01     6.3870      1.033      1.498    26.0525 0.0000e+00
      1.056      0.016     8.3276    102.062     42.839  43.752412    19.0959      7.018   167.2951 3.5036e+01     6.5210      1.035      1.502    26.0516 0.0000e+00
      1.059      0.017     8.3287    101.995     42.856  43.766688    19.0625      7.020   166.9783 3.4893e+01     6.6692      1.038      1.506    26.0532 0.0000e+00
      1.064      0.018     8.3112    102.045     42.889  43.795634    19.0751      7.022   166.8516 3.4682e+01     6.7102      1.042      1.511    26.0563 0.0000e+00
      1.070      0.018     8.2836    102.131     42.946  43.848494    19.3069      7.023   167.0531 3.4402e+01     6.7423      1.048      1.520    26.0593 0.0000e+00
      1.075      0.018     8.2664    102.151     43.002  43.898017    19.7680      7.023   167.1773 3.4167e+01     6.8863      1.056      1.531    26.0603 0.0000e+00
      1.080      0.017     8.2617    101.991     42.999  43.886601    20.0383      7.024   167.2353 3.4042e+01     7.0517      1.060      1.537    26.0569 0.0000e+00
      1.083      0.015     8.2691    101.485     42.955  43.837406    20.0869      7.026   167.3238 3.3976e+01     7.1709      1.062      1.541    26.0512 0.0000e+00
      1.086      0.014     8.2806    100.556     42.927  43.810988    20.2225      7.027   167.4735 3.3896e+01     7.2345      1.065      1.545    26.0456 0.0000e+00
      1.089      0.014     8.2849     99.364     42.932  43.821085    20.4632      7.028   167.6686 3.3803e+01     7.2742      1.068      1.549    26.0361 0.0000e+00
      1.092      0.014     8.2808     98.265     42.941  43.832548    20.5911      7.030   167.7896 3.3715e+01     7.3094      1.070      1.552    26.0241 0.0000e+00
      1.095      0.014     8.2433     97.542     42.931  43.822643    20.5952      7.033   167.8177 3.3565e+01     7.3522      1.073      1.557    26.0187 0.0000e+00
      1.100      0.015     8.1631     97.217     42.936  43.828263    20.4716      7.035   167.8364 3.3356e+01     7.4161      1.079      1.565    26.0232 0.0000e+00
      1.105      0.015     8.0533     97.187     43.006  43.900500    20.2126      7.036   167.8436 3.3202e+01     7.3985      1.084      1.572    26.0294 0.0000e+00
      1.109      0.015     7.9533     97.360     43.103  43.997840    20.0596      7.039   167.9047 3.3121e+01     7.3104      1.087      1.578    26.0318 0.0000e+00
      1.112      0.015     7.8971     97.655     43.164  44.053071    20.0461      7.041   167.9737 3.3051e+01     7.2729      1.089      1.580    26.0321 0.0000e+00
      1.115      0.014     7.8732     97.827     43.183  44.060499    20.0319      7.042   168.0751 3.2944e+01     7.2866      1.093      1.585    26.0325 0.0000e+00
      1.120      0.013     7.8744     97.557     43.158  44.024151    19.8380      7.043   168.2704 3.2794e+01     7.3738      1.099      1.593    26.0336 0.0000e+00
      1.124      0.012     7.8883     96.810     43.135  43.994416    19.4739      7.044   168.4415 3.2663e+01     7.5073      1.102      1.599    26.0336 0.0000e+00
      1.127      0.010     7.9195     95.833     43.162  44.018341    19.2672      7.046   168.6816 3.2579e+01     7.5343      1.105      1.603    26.0270 0.0000e+00
      1.129      0.009     7.9507     94.941     43.205  44.059527    19.2443      7.046   168.9370 3.2524e+01     7.4956      1.107      1.605    26.0105 0.0000e+00
      1.129      0.009     7.9297     94.319     43.253  44.111533    19.2479      7.046   169.1203 3.2470e+01     7.4840      1.107      1.606    25.9945 0.0000e+00
      1.130      0.011     7.8616     93.902     43.343  44.202832    19.2613      7.047   169.5206 3.2390e+01     7.4624      1.108      1.608    25.9905 0.0000e+00
      1.133      0.014     7.7733     93.542     43.487  44.338240    19.2723      7.047   170.0772 3.2265e+01     7.4392      1.111      1.612    25.9858 0.0000e+00
      1.137      0.018     7.6944     93.134     43.642  44.479207    19.2633      7.047   170.5162 3.2083e+01     7.4083      1.115      1.617    25.9782 0.0000e+00
      1.142      0.022     7.6471     92.548     43.752  44.574242    19.1698      7.047   170.7843 3.1819e+01     7.3968      1.119      1.623    25.9870 0.0000e+00
      1.149      0.024     7.6177     91.641     43.790  44.598600    19.0160      7.046   170.7381 3.1449e+01     7.5042      1.126      1.634    25.9931 0.0000e+00
      1.158      0.025     7.5928     90.396     43.784  44.583265    18.9439      7.045   170.6452 3.1111e+01     7.6486      1.136      1.648    25.9750 0.0000e+00
      1.165      0.025     7.5663     88.939     43.849  44.642722    18.9392      7.045   170.8661 3.0907e+01     7.7074      1.144      1.659    25.9502 0.0000e+00
      1.170      0.025     7.5273     87.474     43.959  44.746194    18.8499      7.045   171.1720 3.0737e+01     7.7371      1.148      1.665    25.9318 0.0000e+00
      1.175      0.024     7.4561     86.273     43.979  44.755215    18.6713      7.045   171.3330 3.0533e+01     7.8022      1.151      1.671    25.9159 0.0000e+00
      1.181      0.022     7.3516     85.455     43.920  44.688298    18.5688      7.046   171.3497 3.0288e+01     7.8463      1.157      1.678    25.9041 0.0000e+00
      1.189      0.022     7.2298     84.900     43.868  44.635339    18.5598      7.047   171.2876 3.0039e+01     7.8602      1.166      1.692    25.8999 0.0000e+00
      1.195      0.022     7.1012     84.484     43.851  44.622714    18.4131      7.047   171.1849 2.9861e+01     7.9365      1.173      1.701    25.8912 0.0000e+00
      1.199      0.022     7.0014     84.242     43.821  44.599126    18.1104      7.048   171.1398 2.9696e+01     8.0173      1.175      1.704    25.8740 0.0000e+00
      1.203      0.022     6.9420     84.219     43.759  44.540580    17.9380      7.049   171.3442 2.9471e+01     8.0168      1.179      1.710    25.8649 0.0000e+00
      1.209      0.021     6.9018     84.377     43.702  44.486139    17.9261      7.049   171.7642 2.9235e+01     8.0326      1.186      1.719    25.8674 0.0000e+00
      1.215      0.020     6.8644     84.704     43.662  44.448692    17.9077      7.048   172.3459 2.9026e+01     8.0725      1.191      1.729    25.8739 0.0000e+00
      1.221      0.019     6.8407     85.163     43.679  44.468668    17.6252      7.048   173.1285 2.8826e+01     8.1235      1.198      1.737    25.8821 0.0000e+00
      1.226      0.018     6.8422     85.666     43.745  44.537248    17.1073      7.047   174.0005 2.8655e+01     8.2049      1.204      1.746    25.8886 0.0000e+00
      1.230      0.016     6.8529     86.170     43.788  44.579658    16.8232      7.045   174.8014 2.8534e+01     8.2368      1.206      1.750    25.8922 0.0000e+00
      1.234      0.016     6.8801     86.647     43.814  44.600576    16.7863      7.044   175.4119 2.8403e+01     8.2697      1.210      1.755    25.8945 0.0000e+00
      1.236      0.016     6.9212     87.017     43.821  44.599727    16.7275      7.042   175.8754 2.8235e+01     8.3978      1.212      1.758    25.8973 0.0000e+00
      1.240      0.015     6.9621     87.215     43.798  44.569390    16.6365      7.042   176.1903 2.8040e+01     8.5562      1.215      1.762    25.8997 0.0000e+00
      1.245      0.014     7.0031     87.230     43.784  44.551142    16.5850      7.042   176.3799 2.7804e+01     8.5796      1.220      1.770    25.8998 0.0000e+00
      1.250      0.013     7.0457     87.102     43.800  44.569520    16.5785      7.042   176.6198 2.7579e+01     8.5095      1.226      1.779    25.8934 0.0000e+00
      1.254      0.011     7.0796     86.917     43.827  44.601163    16.7830      7.042   176.8531 2.7466e+01     8.5294      1.231      1.785    25.8823 0.0000e+00
      1.256      0.010     7.0966     86.755     43.841  44.616366    17.1938      7.042   177.0491 2.7459e+01     8.6148      1.232      1.787    25.8733 0.0000e+00
      1.256      0.010     7.0978     86.660     43.854  44.626391    17.4177      7.042   177.3560 2.7458e+01     8.6534      1.231      1.786    25.8676 0.0000e+00
      1.257      0.010     7.0839     86.604     43.891  44.658881    17.4338      7.042   177.7239 2.7414e+01     8.6205      1.231      1.786    25.8709 0.0000e+00
      1.259      0.011     7.0656     86.518     43.926  44.691815    17.4546      7.042   177.9703 2.7339e+01     8.5928      1.235      1.791    25.8790 0.0000e+00
      1.264      0.013     7.0504     86.407     43.942  44.707198    17.5034      7.043   178.1843 2.7224e+01     8.6601      1.239      1.796    25.8809 0.0000e+00
      1.269      0.015     7.0442     86.333     44.016  44.781397    17.5407      7.044   178.5035 2.7069e+01     8.7856      1.243      1.803    25.8754 0.0000e+00
      1.273      0.017     7.0442     86.323     44.127  44.890702    17.5313      7.045   178.8181 2.6960e+01     8.8451      1.249      1.812    25.8681 0.0000e+00
      1.277      0.019     7.0368     86.336     44.129  44.886198    17.3482      7.046   179.0634 2.6883e+01     8.7986      1.252      1.816    25.8650 0.0000e+00
      1.281      0.020     7.0252     86.301     44.101  44.853885    17.0243      7.046   179.4044 2.6714e+01     8.7371      1.255      1.819    25.8647 0.0000e+00
      1.286      0.023     7.0184     86.163     44.192  44.944348    16.8619      7.046   179.9300 2.6483e+01     8.7503      1.261      1.829    25.8653 0.0000e+00
      1.293      0.027     7.0197     85.906     44.277  45.027811    16.8326      7.045   180.4284 2.6274e+01     8.7865      1.269      1.841    25.8597 0.0000e+00
      1.298      0.030     7.0244     85.582     44.294  45.037826    16.5786      7.044   180.7835 2.6029e+01     8.8675      1.273      1.847    25.8500 0.0000e+00
      1.306      0.031     7.0234     85.227     44.331  45.065411    16.1286      7.043   180.9542 2.5624e+01     8.9788      1.279      1.855    25.8460 0.0000e+00
