Data/DataNotYetUploadedToEDI/Raw_CTD/RawDownloads/072924_fcr20_S7809003.cnv
* Sea-Bird SBE19plus  Data File:
* FileName = C:\R\Reservoirs\Data\DataNotYetUploadedToEDI\Raw_CTD\RawDownloads\07302024_BVR50_FCR10_20_30_40_0003.hex
* Software version 2.8.0.119
* Temperature SN = 7809
* Conductivity SN = 7809
* System UpLoad Time = Jul 30 2024 12:54:42
* <ApplicationData>
* <Seaterm232>
# nquan = 15
# nvalues = 555                         
# units = specified
# name 0 = depFM: Depth [fresh water, m]
# name 1 = dz/dtM: Descent Rate [m/s]
# name 2 = sbeox0Mg/L: Oxygen, SBE 43 [mg/l]
# name 3 = sbeox0PS: Oxygen, SBE 43 [% saturation]
# name 4 = specc: Specific Conductance [uS/cm]
# name 5 = c0uS/cm: Conductivity [uS/cm]
# name 6 = flECO-AFL: Fluorescence, WET Labs ECO-AFL/FL [mg/m^3]
# name 7 = ph: pH
# name 8 = orp: Oxidation Reduction Potential [mV]
# name 9 = par/sat/log: PAR/Logarithmic, Satlantic
# name 10 = turbWETntu0: Turbidity, WET Labs ECO [NTU]
# name 11 = prdM: Pressure, Strain Gauge [db]
# name 12 = prdE: Pressure, Strain Gauge [psi]
# name 13 = tv290C: Temperature [ITS-90, deg C]
# name 14 = flag:  0.000e+00
# span 0 =     -0.643,      3.347       
# span 1 =     -0.010,      0.162       
# span 2 =     0.0502,     9.6033       
# span 3 =      0.672,    117.934       
# span 4 =      0.896,    145.625       
# span 5 =   0.901411, 123.090117       
# span 6 =    -0.1405,    21.8574       
# span 7 =      6.859,      7.314       
# span 8 =   -47.4478,   463.2409       
# span 9 = 1.2361e-01, 4.7517e+02       
# span 10 =     0.0149,   112.9026      
# span 11 =     -0.631,      3.283      
# span 12 =     -0.915,      4.761      
# span 13 =    17.1553,    26.1758      
# span 14 = 0.0000e+00, 0.0000e+00      
# interval = seconds: 0.25
# start_time = Jul 29 2024 12:33:05 [Instrument's time stamp, header]
# bad_flag = -9.990e-29
*END*
[from data line 386]
      2.120      0.042     0.0587      1.084     49.342  47.625539    12.3348      7.276   200.1573 9.5718e+00    10.7991      2.079      3.015    23.3507 0.0000e+00
      2.123      0.042     0.0502      1.253     50.224  48.306519    12.2928      7.277   200.2425 9.4730e+00    10.8935      2.080      3.018    23.3364 0.0000e+00
      2.133      0.048     0.0647      1.438     50.793  48.688994    11.5123      7.277   200.4053 9.2856e+00    11.3313      2.089      3.029    23.3536 0.0000e+00
      2.149      0.057     0.0794      1.608     51.174  48.948364    10.0644      7.277   200.6633 9.0335e+00    12.0614      2.105      3.053    23.3870 0.0000e+00
      2.169      0.063     0.0920      1.718     51.523  49.220218     9.2609      7.277   200.6938 8.7720e+00    12.4794      2.126      3.084    23.2936 0.0000e+00
      2.190      0.064     0.1068      1.773     51.736  49.372740     9.1712      7.277   200.2587 8.5440e+00    12.4924      2.148      3.116    23.0793 0.0000e+00
      2.210      0.061     0.1234      1.796     51.936  49.522605     9.1877      7.276   199.5320 8.3588e+00    12.4228      2.168      3.145    22.8974 0.0000e+00
      2.226      0.055     0.1414      1.803     52.083  49.635319     9.5102      7.275   198.8765 8.2185e+00    12.1840      2.184      3.168    22.8024 0.0000e+00
      2.236      0.049     0.1494      1.789     51.795  49.338665    10.0996      7.275   198.4410 8.1211e+00    11.7912      2.194      3.182    22.7614 0.0000e+00
      2.243      0.047     0.1541      1.746     51.252  48.792876    10.4210      7.274   198.2254 8.0456e+00    11.5686      2.198      3.189    22.7083 0.0000e+00
      2.251      0.048     0.1552      1.709     51.184  48.686920    10.4667      7.273   198.1616 7.9512e+00    11.5421      2.207      3.201    22.6655 0.0000e+00
      2.262      0.052     0.1559      1.704     51.788  49.200349    10.7441      7.272   198.0999 7.8197e+00    11.9495      2.218      3.217    22.6438 0.0000e+00
      2.277      0.054     0.1562      1.704     52.430  49.730833    11.2614      7.272   197.3939 7.6364e+00    12.7701      2.231      3.235    22.6265 0.0000e+00
      2.296      0.054     0.1505      1.694     52.743  49.957989    11.5356      7.271   195.1318 7.4084e+00    13.2659      2.250      3.263    22.6008 0.0000e+00
      2.316      0.050     0.1461      1.686     53.217  50.359450    11.5129      7.269   191.7431 7.2159e+00    13.4351      2.273      3.297    22.5599 0.0000e+00
      2.331      0.045     0.1476      1.673     54.049  51.092546    11.1116      7.268   188.7725 7.1064e+00    14.7473      2.289      3.320    22.5101 0.0000e+00
      2.338      0.039     0.1486      1.648     54.728  51.646601    10.3961      7.267   186.9182 7.0733e+00    17.2442      2.295      3.328    22.4147 0.0000e+00
      2.340      0.033     0.1466      1.629     54.858  51.661035    10.0109      7.266   185.2404 7.0403e+00    18.6883      2.294      3.327    22.3414 0.0000e+00
      2.345      0.026     0.1467      1.618     54.529  51.266912     9.9581      7.265   182.5968 6.9241e+00    18.8522      2.297      3.332    22.3146 0.0000e+00
      2.355      0.020     0.1463      1.603     53.872  50.627595     9.7582      7.263   179.2181 6.7875e+00    18.5085      2.310      3.350    22.2747 0.0000e+00
      2.364      0.016     0.1429      1.588     53.034  49.899775     9.3830      7.262   176.6535 6.7276e+00    17.8463      2.322      3.367    22.1892 0.0000e+00
      2.368      0.016     0.1418      1.568     52.779  49.768915     9.1671      7.260   175.9372 6.7440e+00    17.5065      2.324      3.371    22.0730 0.0000e+00
      2.366      0.020     0.1421      1.543     53.436  50.442395     9.1034      7.257   176.1500 6.7795e+00    17.6450      2.321      3.366    21.9815 0.0000e+00
      2.364      0.026     0.1399      1.533     53.882  50.804416     8.5715      7.255   176.2155 6.7810e+00    19.5886      2.318      3.362    21.9548 0.0000e+00
      2.367      0.031     0.1390      1.543     53.391  50.272779     7.5961      7.255   176.1265 6.7053e+00    23.1419      2.316      3.360    22.0150 0.0000e+00
      2.380      0.036     0.1374      1.568     52.861  49.792392     7.0652      7.255   175.9342 6.5330e+00    25.0817      2.328      3.378    22.1617 0.0000e+00
      2.401      0.039     0.1334      1.582     52.971  49.948774     7.0050      7.254   175.1816 6.3539e+00    25.2794      2.358      3.420    22.2544 0.0000e+00
      2.419      0.039     0.1332      1.575     53.608  50.576323     6.9757      7.253   173.8233 6.2757e+00    25.4982      2.378      3.448    22.1400 0.0000e+00
      2.426      0.038     0.1340      1.575     55.009  51.919447     6.9444      7.252   172.6752 6.2775e+00    26.4283      2.381      3.453    22.0234 0.0000e+00
      2.426      0.035     0.1372      1.593     57.363  54.123490     6.9091      7.250   171.8823 6.2740e+00    27.7128      2.378      3.450    22.0841 0.0000e+00
      2.428      0.032     0.1391      1.617     59.927  56.395620     6.8825      7.250   170.9484 6.2017e+00    28.3222      2.378      3.449    22.1632 0.0000e+00
      2.438      0.032     0.1365      1.645     61.212  57.353320     6.8475      7.250   169.9013 6.0657e+00    28.4673      2.389      3.465    22.1623 0.0000e+00
      2.453      0.033     0.1363      1.652     60.605  56.556690     6.5609      7.249   169.0299 5.9387e+00    29.6038      2.407      3.492    22.1863 0.0000e+00
      2.465      0.034     0.1389      1.625     59.825  55.718845     6.0552      7.249   168.2423 5.8600e+00    31.7475      2.419      3.509    22.2248 0.0000e+00
      2.474      0.033     0.1407      1.589     60.262  56.114876     5.7947      7.249   167.3477 5.8030e+00    32.9681      2.426      3.520    22.0932 0.0000e+00
      2.480      0.030     0.1448      1.554     60.731  56.518157     5.7832      7.248   166.3876 5.7667e+00    33.1919      2.434      3.530    21.8319 0.0000e+00
      2.484      0.026     0.1475      1.527     60.347  56.085492     5.7647      7.247   165.4093 5.7390e+00    34.2143      2.436      3.533    21.6126 0.0000e+00
      2.489      0.023     0.1430      1.501     59.521  55.265888     5.7122      7.245   164.6398 5.6660e+00    36.0721      2.439      3.538    21.5174 0.0000e+00
      2.498      0.019     0.1403      1.472     58.136  53.975752     5.6733      7.243   164.1392 5.5769e+00    37.0719      2.450      3.553    21.5746 0.0000e+00
      2.505      0.015     0.1366      1.463     56.487  52.552917     5.6533      7.243   163.5716 5.5394e+00    37.1146      2.458      3.567    21.5508 0.0000e+00
      2.510      0.016     0.1345      1.462     56.615  52.922758     5.5612      7.240   162.7667 5.5357e+00    36.5204      2.461      3.570    21.4380 0.0000e+00
      2.510      0.026     0.1338      1.450     58.112  54.510096     5.4003      7.235   161.7216 5.5626e+00    35.3522      2.463      3.572    21.4225 0.0000e+00
      2.506      0.044     0.1286      1.456     58.453  54.726049     5.3067      7.229   160.3128 5.6143e+00    34.7407      2.460      3.567    21.3816 0.0000e+00
      2.505      0.064     0.1292      1.487     57.978  53.946620     5.2694      7.224   158.5538 5.4901e+00    34.9345      2.447      3.549    21.4467 0.0000e+00
      2.525      0.080     0.1296      1.522     57.949  53.595751     5.1499      7.220   156.5429 5.0231e+00    37.4563      2.465      3.576    21.7424 0.0000e+00
      2.569      0.090     0.1256      1.546     58.650  54.039580     4.9769      7.217   154.2389 4.4926e+00    42.1740      2.524      3.660    22.0078 0.0000e+00
      2.611      0.089     0.1266      1.555     59.444  54.676675     4.9002      7.213   151.8627 4.1780e+00    44.8357      2.568      3.723    21.8976 0.0000e+00
      2.639      0.078     0.1314      1.545     59.618  54.820941     4.8969      7.210   149.5797 4.0017e+00    45.1120      2.591      3.758    21.4875 0.0000e+00
      2.654      0.059     0.1356      1.525     59.344  54.577206     4.8454      7.207   147.3708 3.9422e+00    45.0366      2.608      3.782    21.1976 0.0000e+00
      2.656      0.041     0.1382      1.486     58.944  54.206571     4.7519      7.203   145.3745 3.9683e+00    44.8457      2.606      3.779    21.0366 0.0000e+00
      2.653      0.032     0.1397      1.440     58.725  53.959602     4.7071      7.200   143.5970 3.9673e+00    44.7855      2.600      3.771    20.9553 0.0000e+00
      2.655      0.033     0.1374      1.413     58.740  53.877324     4.7106      7.199   141.8826 3.9133e+00    44.8549      2.601      3.773    20.9719 0.0000e+00
      2.664      0.045     0.1367      1.403     58.760  53.783186     4.7119      7.197   140.2181 3.8015e+00    44.6608      2.608      3.783    20.9804 0.0000e+00
      2.680      0.065     0.1333      1.404     58.851  53.710328     4.7305      7.194   138.6149 3.6732e+00    42.3362      2.630      3.813    20.9883 0.0000e+00
      2.696      0.083     0.1267      1.412     59.353  53.948792     4.7697      7.193   136.7805 3.5562e+00    38.1666      2.644      3.835    20.9619 0.0000e+00
      2.718      0.095     0.1264      1.428     61.599  55.777037     4.7938      7.193   134.7306 3.3229e+00    35.9205      2.655      3.851    20.8499 0.0000e+00
      2.754      0.100     0.1248      1.458     64.565  58.284597     4.8061      7.193   132.7579 3.0272e+00    35.5030      2.701      3.919    20.7702 0.0000e+00
      2.790      0.098     0.1260      1.481     64.956  58.479687     4.8601      7.192   130.9969 2.8700e+00    32.5380      2.745      3.981    20.6642 0.0000e+00
      2.815      0.090     0.1272      1.486     63.676  57.247562     4.9553      7.191   129.4425 2.7602e+00    27.0579      2.760      4.001    20.4277 0.0000e+00
      2.835      0.077     0.1281      1.481     63.675  57.297957     5.0086      7.189   128.0745 2.6362e+00    24.0351      2.782      4.034    20.2572 0.0000e+00
      2.852      0.065     0.1328      1.475     66.593  60.041622     5.0061      7.187   126.8461 2.5738e+00    23.6245      2.801      4.062    20.1454 0.0000e+00
      2.862      0.059     0.1354      1.467     69.955  63.104308     5.0654      7.186   125.6034 2.5407e+00    22.1274      2.807      4.070    19.9809 0.0000e+00
      2.869      0.057     0.1355      1.451     69.678  62.754727     5.2175      7.184   124.4914 2.4980e+00    19.4604      2.812      4.078    19.9040 0.0000e+00
      2.882      0.056     0.1346      1.424     67.589  60.771284     5.3220      7.182   123.5537 2.4283e+00    18.0576      2.823      4.094    19.9623 0.0000e+00
      2.902      0.056     0.1339      1.409     66.770  60.025087     5.3478      7.180   122.6976 2.3360e+00    17.8734      2.845      4.126    20.0998 0.0000e+00
      2.923      0.056     0.1330      1.411     66.630  59.958555     5.4212      7.178   121.8841 2.2631e+00    16.3442      2.868      4.161    20.1523 0.0000e+00
      2.938      0.056     0.1327      1.411     67.887  61.173850     5.5597      7.177   120.9452 2.2110e+00    13.4711      2.883      4.182    20.0162 0.0000e+00
      2.948      0.056     0.1291      1.414     72.675  65.506298     5.6403      7.176   119.9488 2.1655e+00    11.8975      2.892      4.194    19.9171 0.0000e+00
      2.957      0.057     0.1273      1.437     79.692  71.675880     5.6556      7.174   119.1291 2.1170e+00    11.7330      2.898      4.204    19.9297 0.0000e+00
      2.967      0.058     0.1289      1.457     84.964  76.092810     5.6696      7.174   118.5206 2.0217e+00    11.4490      2.906      4.215    19.9792 0.0000e+00
      2.985      0.058     0.1284      1.467     86.541  77.147842     5.6846      7.172   118.0116 1.8832e+00    10.8881      2.925      4.243    20.0639 0.0000e+00
      3.009      0.059     0.1268      1.476     88.337  78.520470     5.6966      7.169   117.7074 1.7709e+00    10.4857      2.951      4.280    20.1095 0.0000e+00
      3.029      0.060     0.1312      1.475     95.178  84.485345     5.6896      7.165   117.5091 1.7094e+00    10.3062      2.973      4.312    20.0188 0.0000e+00
      3.040      0.061     0.1336      1.464    104.192  92.153140     5.6237      7.161   116.9911 1.6724e+00     9.8111      2.984      4.327    19.7902 0.0000e+00
      3.047      0.060     0.1341      1.459    109.317  95.913314     5.5241      7.156   116.4345 1.6166e+00     8.9750      2.986      4.330    19.5299 0.0000e+00
      3.059      0.057     0.1364      1.471    110.115  95.656420     5.4761      7.150   116.0280 1.5130e+00     8.5318      2.995      4.346    19.3939 0.0000e+00
      3.079      0.053     0.1362      1.494    109.479  94.391134     5.4769      7.144   115.2591 1.3866e+00     8.5508      3.019      4.378    19.4208 0.0000e+00
      3.100      0.051     0.1346      1.503    109.835  94.359458     5.5006      7.138   114.1935 1.2974e+00     8.5564      3.043      4.413    19.3297 0.0000e+00
      3.115      0.047     0.1348      1.483    110.621  94.891317     5.7121      7.134   113.2097 1.2744e+00     8.3941      3.058      4.437    18.9043 0.0000e+00
      3.121      0.040     0.1378      1.471    110.162  94.458051     6.0950      7.130   112.3120 1.2791e+00     8.1945      3.061      4.440    18.3752 0.0000e+00
      3.125      0.032     0.1412      1.473    109.440  94.020843     6.3019      7.127   111.5990 1.2556e+00     8.1244      3.063      4.442    18.0256 0.0000e+00
      3.133      0.027     0.1448      1.466    109.173  94.123554     6.4904      7.125   111.1286 1.2015e+00     8.3668      3.073      4.456    17.9265 0.0000e+00
      3.141      0.025     0.1396      1.461    109.543  94.682231     8.6740      7.124   110.4105 1.1485e+00    11.8074      3.082      4.470    17.8901 0.0000e+00
      3.147      0.026     0.1387      1.458    110.378  95.494257    12.7031      7.123   109.1115 1.1080e+00    18.2638      3.086      4.477    17.8142 0.0000e+00
      3.152      0.026     0.1411      1.448    110.751  95.859949    14.9139      7.121   107.8970 1.0769e+00    21.9038      3.091      4.483    17.9184 0.0000e+00
      3.158      0.025     0.1376      1.443    110.649  95.731114    15.1705      7.121   106.7397 1.0331e+00    23.2644      3.095      4.490    18.1318 0.0000e+00
      3.165      0.023     0.1376      1.453    110.447  95.336526    15.7899      7.120   104.5834 9.6014e-01    34.9877      3.104      4.502    18.2457 0.0000e+00
      3.173      0.022     0.1380      1.460    110.402  95.034267    16.8922      7.118   101.0129 8.7523e-01    56.4557      3.114      4.516    18.2505 0.0000e+00
      3.179      0.020     0.1360      1.459    110.354  94.812601    17.4625      7.118    96.5212 8.0245e-01    68.1749      3.118      4.522    18.2768 0.0000e+00
      3.183      0.018     0.1349      1.434    109.981  94.310684    17.2510      7.118    91.7454 7.4805e-01    69.7318      3.121      4.527    18.3031 0.0000e+00
      3.186      0.016     0.1375      1.390    109.636  93.865269    14.3672      7.118    86.9775 6.9415e-01    75.7922      3.124      4.531    18.1597 0.0000e+00
      3.189      0.016     0.1382      1.371    109.595  93.881327     9.0622      7.117    82.4945 6.3458e-01    86.8293      3.127      4.534    18.0050 0.0000e+00
      3.192      0.017     0.1388      1.366    110.003  94.377643     6.1606      7.116    78.0661 5.7761e-01    92.8457      3.130      4.540    17.9638 0.0000e+00
      3.197      0.017     0.1378      1.347    110.776  95.030181     5.8180      7.114    73.9589 5.2476e-01    92.9582      3.135      4.548    17.8806 0.0000e+00
      3.203      0.017     0.1304      1.331    111.241  95.280273     4.8105      7.114    70.6920 4.6503e-01    87.8830      3.141      4.555    17.7508 0.0000e+00
