Data/DataNotYetUploadedToEDI/Raw_CTD/RawDownloads/072924_fcr40_S7809005.cnv
* Sea-Bird SBE19plus  Data File:
* FileName = C:\R\Reservoirs\Data\DataNotYetUploadedToEDI\Raw_CTD\RawDownloads\07302024_BVR50_FCR10_20_30_40_0005.hex
* Software version 2.8.0.119
* Temperature SN = 7809
* Conductivity SN = 7809
* System UpLoad Time = Jul 30 2024 12:55:35
* <ApplicationData>
* <Seaterm232>
# nquan = 15
# nvalues = 719                         
# units = specified
# name 0 = depFM: Depth [fresh water, m]
# name 1 = dz/dtM: Descent Rate [m/s]
# name 2 = sbeox0Mg/L: Oxygen, SBE 43 [mg/l]
# name 3 = sbeox0PS: Oxygen, SBE 43 [% saturation]
# name 4 = specc: Specific Conductance [uS/cm]
# name 5 = c0uS/cm: Conductivity [uS/cm]
# name 6 = flECO-AFL: Fluorescence, WET Labs ECO-AFL/FL [mg/m^3]
# name 7 = ph: pH
# name 8 = orp: Oxidation Reduction Potential [mV]
# name 9 = par/sat/log: PAR/Logarithmic, Satlantic
# name 10 = turbWETntu0: Turbidity, WET Labs ECO [NTU]
# name 11 = prdM: Pressure, Strain Gauge [db]
# name 12 = prdE: Pressure, Strain Gauge [psi]
# name 13 = tv290C: Temperature [ITS-90, deg C]
# name 14 = flag:  0.000e+00
# span 0 =     -0.632,      5.977       
# span 1 = -4.222e-13,      0.185       
# span 2 =     0.1241,     8.6674       
# span 3 =      1.349,    106.488       
# span 4 =      1.039,     69.335       
# span 5 =   0.963175,  56.841614       
# span 6 =    -0.1450,    37.2700       
# span 7 =      7.311,      7.587       
# span 8 =   108.1603,   200.3230       
# span 9 = 1.2363e-01, 4.4198e+02       
# span 10 =     0.6980,   491.4607      
# span 11 =     -0.620,      5.862      
# span 12 =     -0.900,      8.502      
# span 13 =    12.2232,    26.1603      
# span 14 = 0.0000e+00, 0.0000e+00      
# interval = seconds: 0.25
# start_time = Jul 29 2024 12:54:34 [Instrument's time stamp, header]
# bad_flag = -9.990e-29
*END*
[from data line 290]
      1.756      0.032     4.9875     47.897     44.016  44.184935    15.5849      7.581   151.7097 2.0018e+01     5.4545      1.723      2.500    25.5706 0.0000e+00
      1.764      0.025     4.9069     40.626     43.975  44.164651    15.5615      7.581   152.3659 1.9912e+01     5.4645      1.732      2.511    25.4701 0.0000e+00
      1.768      0.017     4.7686     33.176     43.916  44.157715    15.5433      7.580   152.7863 1.9909e+01     5.4142      1.735      2.516    25.3282 0.0000e+00
      1.768      0.011     4.4760     27.345     43.881  44.164625    15.4973      7.580   153.1786 1.9942e+01     5.3589      1.735      2.516    25.2102 0.0000e+00
      1.767      0.007     3.9950     24.119     43.883  44.184798    15.4801      7.580   153.6674 1.9948e+01     5.4106      1.733      2.513    25.1554 0.0000e+00
      1.767      0.009     3.3573     23.375     43.923  44.211220    15.5096      7.581   154.1367 1.9922e+01     5.4591      1.733      2.513    25.1959 0.0000e+00
      1.768      0.014     2.6713     24.434     43.994  44.230165    15.5802      7.582   154.3788 1.9879e+01     5.4330      1.734      2.515    25.2775 0.0000e+00
      1.772      0.020     2.1632     26.344     44.067  44.223351    15.6760      7.582   154.5292 1.9772e+01     5.4024      1.736      2.517    25.3262 0.0000e+00
      1.779      0.026     1.9074     28.033     44.121  44.192187    15.7191      7.582   154.8362 1.9538e+01     5.3614      1.742      2.526    25.3506 0.0000e+00
      1.789      0.030     1.8659     28.553     44.175  44.170613    15.7098      7.582   155.1665 1.9273e+01     5.3482      1.754      2.544    25.3385 0.0000e+00
      1.800      0.032     1.9837     27.416     44.225  44.152815    15.5727      7.581   155.4246 1.9082e+01     5.3793      1.766      2.560    25.2762 0.0000e+00
      1.809      0.032     2.1765     24.759     44.238  44.103850    15.3008      7.581   155.6343 1.8912e+01     5.3959      1.773      2.572    25.1719 0.0000e+00
      1.817      0.032     2.3499     21.215     44.212  44.022818    15.1353      7.580   155.8956 1.8786e+01     5.4124      1.782      2.586    25.0678 0.0000e+00
      1.824      0.033     2.4118     17.551     44.178  43.934686    15.1114      7.579   156.2608 1.8728e+01     5.4075      1.789      2.595    24.9894 0.0000e+00
      1.829      0.035     2.3157     14.276     44.163  43.863345    15.2205      7.579   156.6075 1.8640e+01     5.4053      1.792      2.600    24.9089 0.0000e+00
      1.835      0.038     2.0786     11.559     44.150  43.794892    15.4387      7.578   156.9902 1.8448e+01     5.4191      1.797      2.607    24.8378 0.0000e+00
      1.847      0.040     1.7604      9.341     44.146  43.741687    15.5532      7.576   157.3607 1.8125e+01     5.4386      1.809      2.624    24.7789 0.0000e+00
      1.862      0.040     1.4440      7.545     44.178  43.727771    15.5562      7.575   157.7316 1.7791e+01     5.4698      1.827      2.651    24.7213 0.0000e+00
      1.876      0.040     1.1696      6.232     44.243  43.753517    15.5662      7.574   158.2052 1.7577e+01     5.4547      1.841      2.672    24.6558 0.0000e+00
      1.886      0.041     0.9469      5.358     44.305  43.799025    15.7979      7.572   158.6124 1.7444e+01     5.4613      1.850      2.683    24.5878 0.0000e+00
      1.892      0.042     0.7696      4.788     44.268  43.770181    16.2360      7.570   158.9562 1.7343e+01     5.4816      1.856      2.692    24.5348 0.0000e+00
      1.898      0.045     0.6131      4.465     44.160  43.658683    16.4772      7.569   159.3497 1.7168e+01     5.4606      1.858      2.695    24.4837 0.0000e+00
      1.908      0.049     0.5067      4.399     44.154  43.593439    16.5334      7.566   159.7577 1.6850e+01     5.4121      1.868      2.709    24.4316 0.0000e+00
      1.924      0.052     0.4404      4.592     44.269  43.615975    16.9979      7.563   160.1887 1.6488e+01     5.3733      1.886      2.736    24.4097 0.0000e+00
      1.943      0.053     0.3923      4.926     44.392  43.677122    17.8749      7.561   160.6039 1.6111e+01     5.4363      1.905      2.762    24.4330 0.0000e+00
      1.961      0.052     0.3660      5.195     44.425  43.697932    18.3636      7.561   160.9058 1.5783e+01     5.4908      1.925      2.792    24.4581 0.0000e+00
      1.975      0.048     0.3585      5.301     44.337  43.613680    18.3541      7.561   161.2575 1.5613e+01     5.4852      1.939      2.813    24.3776 0.0000e+00
      1.982      0.041     0.3798      5.340     44.242  43.483610    17.7511      7.561   161.7585 1.5486e+01     5.4020      1.943      2.818    24.2351 0.0000e+00
      1.989      0.035     0.4164      5.442     44.240  43.394685    16.6499      7.561   162.1455 1.5267e+01     5.2020      1.948      2.827    24.1679 0.0000e+00
      1.998      0.032     0.4423      5.553     44.310  43.363519    16.1017      7.560   162.4094 1.5042e+01     5.1174      1.961      2.844    24.1657 0.0000e+00
      2.006      0.033     0.4472      5.528     44.398  43.360525    16.5577      7.559   162.7128 1.4927e+01     5.1991      1.968      2.855    24.1977 0.0000e+00
      2.011      0.037     0.4438      5.336     44.488  43.358350    21.9222      7.558   162.8881 1.4817e+01     5.5410      1.970      2.859    24.1660 0.0000e+00
      2.018      0.042     0.4565      5.037     44.565  43.337102    31.7402      7.558   162.9805 1.4582e+01     6.0738      1.976      2.866    24.0368 0.0000e+00
      2.030      0.048     0.4737      4.700     44.554  43.230423    37.0621      7.557   163.1419 1.4273e+01     6.3118      1.989      2.885    23.9185 0.0000e+00
      2.046      0.055     0.4720      4.366     44.447  43.020457    37.2700      7.556   163.2899 1.3981e+01     6.3360      2.007      2.911    23.8262 0.0000e+00
      2.061      0.061     0.4546      4.021     44.417  42.829392    34.2451      7.555   163.5658 1.3721e+01     6.2640      2.022      2.933    23.7299 0.0000e+00
      2.077      0.063     0.4281      3.659     44.569  42.760717    28.5879      7.554   163.8967 1.3446e+01     6.0557      2.036      2.953    23.6150 0.0000e+00
      2.096      0.063     0.3982      3.301     44.774  42.761038    25.4669      7.554   164.0208 1.3152e+01     5.9354      2.055      2.980    23.5053 0.0000e+00
      2.115      0.061     0.3722      2.953     44.914  42.769519    25.0658      7.554   164.1199 1.2904e+01     5.9027      2.075      3.010    23.4168 0.0000e+00
      2.130      0.059     0.3443      2.607     44.990  42.799608    24.0042      7.554   164.3208 1.2697e+01     5.8654      2.089      3.030    23.2395 0.0000e+00
      2.143      0.057     0.3134      2.261     44.970  42.807429    22.1112      7.554   164.3843 1.2517e+01     5.7916      2.101      3.048    22.9546 0.0000e+00
      2.156      0.057     0.2848      1.951     44.865  42.737185    21.0717      7.553   164.3721 1.2368e+01     5.7275      2.114      3.067    22.7145 0.0000e+00
      2.167      0.058     0.2549      1.738     44.746  42.585064    20.9567      7.552   164.5171 1.2192e+01     5.7052      2.124      3.080    22.5769 0.0000e+00
      2.181      0.059     0.2263      1.637     44.705  42.427918    20.7880      7.551   164.6755 1.1949e+01     5.6247      2.137      3.099    22.5251 0.0000e+00
      2.200      0.058     0.1945      1.617     44.792  42.360274    19.1566      7.551   164.8244 1.1679e+01     5.4718      2.157      3.128    22.5869 0.0000e+00
      2.220      0.054     0.1650      1.633     44.900  42.338205    16.1791      7.551   165.1121 1.1449e+01     5.3254      2.178      3.158    22.6589 0.0000e+00
      2.236      0.048     0.1466      1.656     44.922  42.287849    14.5511      7.552   165.4016 1.1304e+01     5.2546      2.195      3.184    22.6134 0.0000e+00
      2.246      0.043     0.1394      1.677     44.866  42.195610    14.3963      7.552   165.4851 1.1245e+01     5.2303      2.206      3.199    22.4628 0.0000e+00
      2.250      0.039     0.1397      1.702     44.829  42.111473    14.3992      7.552   165.5192 1.1206e+01     5.1339      2.208      3.202    22.2675 0.0000e+00
      2.254      0.037     0.1421      1.702     44.880  42.095598    14.4525      7.553   165.6426 1.1100e+01     5.0118      2.209      3.203    22.1169 0.0000e+00
      2.263      0.039     0.1452      1.660     44.956  42.130508    14.4922      7.555   165.6860 1.0921e+01     5.0180      2.218      3.217    22.0483 0.0000e+00
      2.277      0.044     0.1456      1.606     45.055  42.216173    14.4457      7.556   165.7858 1.0751e+01     5.0390      2.234      3.240    22.0265 0.0000e+00
      2.290      0.049     0.1498      1.570     45.151  42.306247    13.8161      7.556   165.9894 1.0600e+01     4.9574      2.246      3.258    21.9775 0.0000e+00
      2.303      0.051     0.1512      1.565     45.157  42.331004    12.6555      7.556   166.1686 1.0410e+01     4.8851      2.257      3.274    21.8756 0.0000e+00
      2.318      0.049     0.1454      1.571     45.117  42.325128    12.0320      7.556   166.4039 1.0217e+01     4.8821      2.273      3.297    21.8338 0.0000e+00
      2.333      0.043     0.1405      1.583     45.082  42.298723    11.9870      7.556   166.5973 1.0068e+01     4.9220      2.288      3.319    21.8529 0.0000e+00
      2.346      0.035     0.1362      1.598     45.065  42.265636    11.8621      7.555   166.7858 9.9577e+00     4.9229      2.302      3.338    21.8315 0.0000e+00
      2.354      0.027     0.1372      1.612     45.057  42.242400    11.6199      7.555   167.0478 9.9109e+00     4.8249      2.311      3.352    21.8540 0.0000e+00
      2.358      0.020     0.1375      1.642     45.037  42.208159    11.4890      7.555   167.2704 9.9112e+00     4.6938      2.313      3.356    21.9176 0.0000e+00
      2.358      0.017     0.1379      1.661     45.029  42.168962    11.5275      7.555   167.4126 9.9174e+00     4.6701      2.312      3.353    21.9202 0.0000e+00
      2.358      0.018     0.1410      1.650     45.064  42.149244    12.0861      7.555   167.4762 9.9084e+00     4.8111      2.311      3.352    21.8833 0.0000e+00
      2.360      0.023     0.1396      1.631     45.139  42.160085    13.1075      7.554   167.6096 9.8751e+00     4.9633      2.312      3.354    21.8694 0.0000e+00
      2.366      0.030     0.1446      1.611     45.199  42.173020    13.6563      7.552   167.8204 9.7831e+00     4.9736      2.318      3.361    21.8640 0.0000e+00
      2.378      0.040     0.1473      1.591     45.239  42.178632    13.6858      7.552   167.9600 9.6320e+00     4.9012      2.331      3.380    21.8266 0.0000e+00
      2.392      0.049     0.1445      1.562     45.278  42.164434    13.6889      7.552   168.0936 9.5030e+00     4.8740      2.346      3.404    21.7651 0.0000e+00
      2.404      0.055     0.1439      1.538     45.318  42.128224    13.8771      7.551   168.2310 9.3660e+00     4.9864      2.355      3.417    21.6859 0.0000e+00
      2.418      0.057     0.1415      1.532     45.384  42.121540    14.2299      7.551   168.3314 9.1739e+00     5.1667      2.370      3.436    21.6364 0.0000e+00
      2.436      0.057     0.1408      1.518     45.462  42.146995    14.4097      7.551   168.4463 8.9919e+00     5.2100      2.390      3.467    21.6238 0.0000e+00
      2.453      0.056     0.1378      1.497     45.463  42.118583    14.3857      7.551   168.5876 8.8492e+00     5.1677      2.406      3.490    21.5704 0.0000e+00
      2.467      0.056     0.1344      1.478     45.332  41.968375    14.1227      7.551   168.8361 8.7165e+00     5.1680      2.419      3.509    21.4696 0.0000e+00
      2.480      0.055     0.1366      1.454     45.215  41.790603    13.6518      7.550   169.1281 8.6143e+00     5.1792      2.433      3.529    21.3902 0.0000e+00
      2.490      0.053     0.1347      1.438     45.233  41.682719    13.3958      7.550   169.2789 8.5255e+00     5.2007      2.441      3.540    21.3444 0.0000e+00
      2.502      0.051     0.1320      1.432     45.308  41.615817    13.3736      7.550   169.3675 8.3621e+00     5.1891      2.450      3.553    21.3112 0.0000e+00
      2.518      0.049     0.1319      1.426     45.416  41.616189    13.4163      7.550   169.5111 8.1954e+00     5.2439      2.471      3.585    21.3022 0.0000e+00
      2.533      0.047     0.1283      1.421     45.538  41.687076    13.5124      7.550   169.7246 8.1001e+00     5.4879      2.486      3.606    21.2398 0.0000e+00
      2.545      0.045     0.1277      1.427     45.533  41.711227    13.5702      7.550   169.8845 8.0230e+00     5.6791      2.495      3.619    21.0714 0.0000e+00
      2.555      0.042     0.1278      1.439     45.405  41.654372    13.5502      7.551   169.8957 7.9506e+00     5.7457      2.507      3.635    20.9032 0.0000e+00
      2.564      0.038     0.1280      1.450     45.373  41.634418    13.1955      7.552   169.8599 7.8790e+00     5.9176      2.514      3.646    20.7911 0.0000e+00
      2.572      0.037     0.1266      1.465     45.553  41.723853    12.5356      7.552   169.8821 7.8074e+00     6.1860      2.521      3.658    20.7355 0.0000e+00
      2.580      0.038     0.1274      1.469     45.812  41.847059    12.1803      7.551   169.9062 7.7319e+00     6.3614      2.531      3.670    20.7769 0.0000e+00
      2.590      0.038     0.1290      1.470     45.993  41.918020    12.1290      7.550   169.8068 7.6243e+00     6.4319      2.539      3.683    20.8930 0.0000e+00
      2.602      0.037     0.1285      1.468     46.084  41.947027    11.7652      7.550   169.7123 7.4948e+00     6.4927      2.551      3.700    20.9172 0.0000e+00
      2.613      0.034     0.1322      1.460     46.108  41.943828    11.0855      7.549   169.7959 7.3887e+00     6.5495      2.564      3.719    20.8054 0.0000e+00
      2.622      0.032     0.1312      1.456     46.043  41.879318    10.7032      7.548   169.9575 7.3130e+00     6.5718      2.572      3.731    20.6565 0.0000e+00
      2.628      0.030     0.1324      1.449     45.948  41.801721    10.6634      7.548   170.0311 7.2423e+00     6.6263      2.577      3.738    20.5465 0.0000e+00
      2.633      0.029     0.1327      1.444     45.901  41.767250    10.6457      7.549   169.9978 7.1687e+00     6.6954      2.581      3.744    20.4960 0.0000e+00
      2.639      0.029     0.1306      1.437     45.851  41.716419    10.4974      7.550   169.9852 7.0804e+00     6.7243      2.587      3.752    20.4737 0.0000e+00
      2.647      0.032     0.1319      1.429     45.792  41.631397    10.2357      7.550   170.1370 7.0004e+00     6.7712      2.596      3.767    20.4660 0.0000e+00
      2.655      0.038     0.1300      1.423     45.885  41.627778    10.0863      7.549   170.3704 6.9230e+00     6.7834      2.605      3.778    20.4840 0.0000e+00
      2.663      0.046     0.1303      1.421     46.223  41.799481    10.0726      7.548   170.5709 6.7673e+00     6.8722      2.610      3.784    20.4982 0.0000e+00
      2.676      0.054     0.1294      1.416     46.783  42.183997    10.0198      7.546   170.9256 6.5111e+00     7.8452      2.622      3.804    20.4910 0.0000e+00
      2.692      0.061     0.1285      1.409     47.270  42.532041     9.8891      7.545   171.5625 6.2321e+00     9.4957      2.641      3.831    20.4774 0.0000e+00
      2.709      0.064     0.1286      1.421     47.402  42.580136     9.7993      7.544   172.0766 5.8896e+00    10.3285      2.655      3.850    20.3836 0.0000e+00
      2.729      0.062     0.1283      1.436     47.439  42.575014     9.7243      7.544   172.3228 5.4249e+00    10.4344      2.674      3.878    20.1962 0.0000e+00
      2.753      0.055     0.1295      1.428     47.563  42.660475     9.1238      7.544   172.5603 5.0794e+00    11.3900      2.704      3.921    20.0645 0.0000e+00
