Data/DataNotYetUploadedToEDI/Raw_CTD/RawDownloads/0729224_fcr50__SB7809006.cnv
* Sea-Bird SBE19plus  Data File:
* FileName = C:\R\Reservoirs\Data\DataNotYetUploadedToEDI\Raw_CTD\RawDownloads\0730224_fcr50_SB7809_0008.hex
* Software version 2.8.0.119
* Temperature SN = 7809
* Conductivity SN = 7809
* System UpLoad Time = Jul 30 2024 15:58:10
* <ApplicationData>
* <Seaterm232>
# nquan = 15
# nvalues = 950                         
# units = specified
# name 0 = depFM: Depth [fresh water, m]
# name 1 = dz/dtM: Descent Rate [m/s]
# name 2 = sbeox0Mg/L: Oxygen, SBE 43 [mg/l]
# name 3 = sbeox0PS: Oxygen, SBE 43 [% saturation]
# name 4 = specc: Specific Conductance [uS/cm]
# name 5 = c0uS/cm: Conductivity [uS/cm]
# name 6 = flECO-AFL: Fluorescence, WET Labs ECO-AFL/FL [mg/m^3]
# name 7 = ph: pH
# name 8 = orp: Oxidation Reduction Potential [mV]
# name 9 = par/sat/log: PAR/Logarithmic, Satlantic
# name 10 = turbWETntu0: Turbidity, WET Labs ECO [NTU]
# name 11 = prdM: Pressure, Strain Gauge [db]
# name 12 = prdE: Pressure, Strain Gauge [psi]
# name 13 = tv290C: Temperature [ITS-90, deg C]
# name 14 = flag:  0.000e+00
# span 0 =     -0.642,      9.557       
# span 1 =     -0.195,      0.234       
# span 2 =     0.1407,     9.3402       
# span 3 =      1.391,    115.386       
# span 4 =      0.790,    484.845       
# span 5 =   0.734100, 361.821943       
# span 6 =    -0.1036,    69.2343       
# span 7 =      5.566,      7.466       
# span 8 =   104.6549,   494.6533       
# span 9 = 1.2359e-01, 4.2917e+02       
# span 10 =    -0.3139,   100.6171      
# span 11 =     -0.630,      9.376      
# span 12 =     -0.914,     13.598      
# span 13 =    12.2381,    26.3759      
# span 14 = 0.0000e+00, 0.0000e+00      
# interval = seconds: 0.25
# start_time = Jul 29 2024 13:32:53 [Instrument's time stamp, header]
# bad_flag = -9.990e-29
*END*
[from data line 482]
      1.712      0.019     6.1124     73.914     43.000  43.641847    20.7838      7.100   157.4705 3.0494e+01     7.0789      1.679      2.436    25.7462 0.0000e+00
      1.717      0.024     6.1527     73.422     42.991  43.653394    20.7401      7.100   157.2600 3.0281e+01     7.0811      1.682      2.439    25.7141 0.0000e+00
      1.723      0.029     6.1363     73.262     42.991  43.664848    20.7542      7.101   156.9945 2.9895e+01     7.1337      1.688      2.448    25.7123 0.0000e+00
      1.733      0.031     6.0830     73.488     42.989  43.653405    20.7877      7.101   157.5310 2.9450e+01     7.1680      1.699      2.465    25.7181 0.0000e+00
      1.745      0.030     6.0198     74.078     43.000  43.641960    20.8288      7.100   158.8415 2.9024e+01     7.1203      1.712      2.482    25.7372 0.0000e+00
      1.755      0.030     5.9703     74.777     43.037  43.653388    20.8437      7.100   159.9341 2.8773e+01     7.0693      1.723      2.500    25.7700 0.0000e+00
      1.761      0.030     5.9562     75.152     43.066  43.664592    20.8509      7.098   160.5034 2.8699e+01     7.0971      1.728      2.507    25.7869 0.0000e+00
      1.764      0.033     5.9737     74.903     43.084  43.650462    20.9332      7.093   160.6479 2.8601e+01     7.1841      1.729      2.509    25.7725 0.0000e+00
      1.767      0.038     6.0326     73.935     43.140  43.609445    21.0810      7.088   160.9072 2.8405e+01     7.3012      1.732      2.512    25.7409 0.0000e+00
      1.775      0.045     6.1098     72.173     43.230  43.549354    21.1562      7.083   161.5734 2.7933e+01     7.3517      1.737      2.519    25.7061 0.0000e+00
      1.791      0.053     6.1501     69.160     43.335  43.494930    21.1687      7.079   162.1640 2.7206e+01     7.3154      1.755      2.545    25.6839 0.0000e+00
      1.811      0.060     6.1323     64.395     43.464  43.458950    21.4814      7.076   162.6283 2.6596e+01     7.3419      1.779      2.581    25.6925 0.0000e+00
      1.828      0.065     6.0638     57.885     43.589  43.431445    22.0739      7.073   162.8845 2.6058e+01     7.3989      1.793      2.600    25.5648 0.0000e+00
      1.845      0.067     5.9567     49.635     43.711  43.416030    22.3896      7.070   162.6805 2.5482e+01     7.4238      1.809      2.624    25.3521 0.0000e+00
      1.861      0.066     5.7538     40.093     43.824  43.399313    22.4101      7.068   162.6563 2.5014e+01     7.4033      1.826      2.649    25.1927 0.0000e+00
      1.877      0.064     5.3673     30.616     43.879  43.356083    22.4466      7.068   163.1938 2.4457e+01     7.3221      1.838      2.665    24.9754 0.0000e+00
      1.895      0.064     4.8504     22.186     43.867  43.274024    22.9891      7.068   163.5871 2.3868e+01     7.2963      1.859      2.696    24.8052 0.0000e+00
      1.912      0.063     4.1792     15.216     43.837  43.168728    23.9928      7.069   163.7120 2.3494e+01     7.3646      1.878      2.722    24.6614 0.0000e+00
      1.926      0.062     3.3316      9.976     43.870  43.098412    24.5442      7.069   163.6721 2.3103e+01     7.4637      1.887      2.737    24.4911 0.0000e+00
      1.941      0.059     2.5247      6.422     43.941  43.058407    24.6290      7.069   163.7070 2.2561e+01     7.5047      1.902      2.759    24.3836 0.0000e+00
      1.958      0.056     1.8158      4.308     43.973  43.002232    25.0846      7.068   164.3925 2.2073e+01     7.5185      1.921      2.786    24.3224 0.0000e+00
      1.974      0.057     1.2197      3.283     43.952  42.926850    25.9420      7.065   165.3348 2.1707e+01     7.6649      1.936      2.808    24.2484 0.0000e+00
      1.986      0.061     0.7894      2.956     43.910  42.845080    26.4551      7.062   166.0656 2.1456e+01     7.8398      1.949      2.827    24.1174 0.0000e+00
      1.995      0.066     0.4967      2.939     43.901  42.775159    26.9439      7.060   166.4324 2.1170e+01     7.9252      1.956      2.836    23.9795 0.0000e+00
      2.009      0.071     0.3328      3.011     43.934  42.716072    31.7529      7.060   166.7577 2.0487e+01     8.3217      1.965      2.850    23.8747 0.0000e+00
      2.034      0.076     0.2556      3.121     43.951  42.638288    40.5461      7.059   167.5894 1.9623e+01     9.0471      1.994      2.892    23.8190 0.0000e+00
      2.061      0.083     0.2425      3.178     43.940  42.532718    45.3618      7.058   168.4870 1.9041e+01     9.4538      2.024      2.936    23.7948 0.0000e+00
      2.082      0.089     0.2483      3.130     43.970  42.455041    45.9329      7.056   169.0067 1.8673e+01     9.5166      2.043      2.964    23.7293 0.0000e+00
      2.100      0.093     0.2521      2.974     44.025  42.397119    47.2680      7.056   169.2269 1.8253e+01     9.1576      2.057      2.984    23.6062 0.0000e+00
      2.121      0.093     0.2682      2.738     44.010  42.276509    49.6274      7.057   169.3431 1.7613e+01     8.3573      2.076      3.011    23.4956 0.0000e+00
      2.150      0.093     0.2737      2.529     43.993  42.139069    50.9387      7.059   169.5501 1.6875e+01     7.8688      2.107      3.057    23.4039 0.0000e+00
      2.179      0.093     0.2702      2.454     44.068  42.068040    51.4871      7.059   169.8371 1.6352e+01     7.8615      2.139      3.104    23.2733 0.0000e+00
      2.202      0.090     0.2579      2.555     44.196  42.052187    56.1583      7.060   170.1469 1.5954e+01     8.4739      2.160      3.133    23.1380 0.0000e+00
      2.223      0.083     0.2337      2.810     44.323  42.074128    64.6613      7.062   170.3698 1.5476e+01     9.5693      2.177      3.159    23.0326 0.0000e+00
      2.244      0.076     0.2125      3.097     44.379  42.079316    69.2343      7.065   170.4678 1.5074e+01    10.1404      2.203      3.195    22.8995 0.0000e+00
      2.263      0.073     0.2064      3.278     44.311  41.987908    69.0113      7.067   170.4714 1.4827e+01    10.1181      2.222      3.223    22.7245 0.0000e+00
      2.276      0.074     0.2151      3.320     44.241  41.857465    62.1139      7.067   170.4138 1.4606e+01     9.7103      2.232      3.239    22.5508 0.0000e+00
      2.289      0.075     0.2422      3.249     44.281  41.771425    49.4198      7.066   170.6314 1.4284e+01     9.0014      2.243      3.253    22.4345 0.0000e+00
      2.309      0.076     0.2737      3.099     44.364  41.709047    42.4885      7.065   171.2964 1.3787e+01     8.6176      2.261      3.278    22.3911 0.0000e+00
      2.335      0.081     0.2886      2.875     44.454  41.674273    41.8125      7.062   171.9146 1.3250e+01     8.5541      2.290      3.321    22.3903 0.0000e+00
      2.360      0.088     0.2922      2.598     44.571  41.668151    41.2222      7.058   172.1697 1.2912e+01     8.4726      2.319      3.364    22.3354 0.0000e+00
      2.377      0.091     0.2849      2.321     44.679  41.634874    35.3927      7.057   172.4874 1.2681e+01     8.2130      2.331      3.382    22.1666 0.0000e+00
      2.395      0.087     0.2735      2.089     44.752  41.589064    24.7381      7.056   173.0031 1.2232e+01     7.7385      2.342      3.397    21.9855 0.0000e+00
      2.425      0.080     0.2542      1.923     44.776  41.558386    18.9338      7.056   173.3276 1.1667e+01     7.4157      2.379      3.450    21.8668 0.0000e+00
      2.455      0.075     0.2277      1.825     44.759  41.517750    18.4145      7.056   173.4003 1.1377e+01     7.3162      2.415      3.504    21.7562 0.0000e+00
      2.470      0.072     0.2033      1.785     44.785  41.478523    18.4845      7.057   173.3659 1.1326e+01     7.2185      2.425      3.518    21.5813 0.0000e+00
      2.478      0.067     0.1822      1.783     44.908  41.464818    18.7148      7.059   173.3422 1.1195e+01     7.1565      2.427      3.521    21.4264 0.0000e+00
      2.490      0.061     0.1682      1.799     45.092  41.478792    18.8593      7.061   173.3720 1.0906e+01     7.1803      2.439      3.538    21.3883 0.0000e+00
      2.509      0.061     0.1593      1.826     45.301  41.520328    18.8999      7.063   173.4671 1.0624e+01     7.1990      2.462      3.572    21.3938 0.0000e+00
      2.527      0.066     0.1569      1.845     45.529  41.586025    19.2310      7.064   173.8046 1.0432e+01     7.3145      2.482      3.599    21.3379 0.0000e+00
      2.542      0.072     0.1584      1.861     45.724  41.638251    19.8588      7.066   174.2691 1.0244e+01     7.5874      2.492      3.615    21.1699 0.0000e+00
      2.557      0.076     0.1594      1.885     45.814  41.643867    20.1978      7.069   174.5227 9.9823e+00     7.7654      2.505      3.634    20.9806 0.0000e+00
      2.579      0.076     0.1642      1.902     45.848  41.653822    20.1090      7.070   174.6337 9.6613e+00     7.8264      2.528      3.666    20.8232 0.0000e+00
      2.604      0.074     0.1658      1.922     45.897  41.695130    18.5773      7.070   174.8363 9.3328e+00     8.0517      2.555      3.706    20.6591 0.0000e+00
      2.628      0.070     0.1663      1.919     45.983  41.762504    15.7277      7.071   175.0800 9.0565e+00     8.4406      2.580      3.743    20.5094 0.0000e+00
      2.646      0.063     0.1712      1.877     46.057  41.833726    14.1697      7.073   175.3435 8.8948e+00     8.6684      2.596      3.767    20.4136 0.0000e+00
      2.657      0.054     0.1705      1.848     46.060  41.858122    14.0050      7.074   175.6988 8.7749e+00     8.7217      2.606      3.779    20.4160 0.0000e+00
      2.667      0.046     0.1738      1.845     46.079  41.867100    13.6445      7.074   176.0213 8.5822e+00     8.7102      2.614      3.792    20.4295 0.0000e+00
      2.678      0.042     0.1759      1.847     46.128  41.878800    12.9904      7.073   176.2308 8.3684e+00     8.5969      2.626      3.810    20.3960 0.0000e+00
      2.688      0.044     0.1676      1.833     46.094  41.872589    12.6294      7.072   176.3395 8.2307e+00     8.4789      2.638      3.825    20.3936 0.0000e+00
      2.694      0.049     0.1659      1.793     45.976  41.855500    12.5927      7.071   176.3888 8.0556e+00     8.4455      2.641      3.830    20.4496 0.0000e+00
      2.704      0.055     0.1660      1.754     45.881  41.862719    12.5390      7.072   176.3969 7.6406e+00     8.5005      2.648      3.840    20.4504 0.0000e+00
      2.723      0.060     0.1671      1.731     45.963  42.023469    12.0298      7.073   176.4377 7.1147e+00     8.8017      2.669      3.871    20.3541 0.0000e+00
      2.744      0.064     0.1669      1.726     46.206  42.275962    11.1050      7.073   176.6235 6.7239e+00     9.2523      2.693      3.905    20.3800 0.0000e+00
      2.761      0.066     0.1607      1.731     46.427  42.376857    10.5965      7.073   176.7507 6.4170e+00     9.4397      2.708      3.927    20.5299 0.0000e+00
      2.778      0.064     0.1574      1.730     46.602  42.354656    10.5003      7.074   176.5986 6.1096e+00     9.4278      2.723      3.951    20.6105 0.0000e+00
      2.796      0.059     0.1543      1.735     46.747  42.324635     9.9249      7.075   176.4197 5.8729e+00     9.7232      2.743      3.979    20.7184 0.0000e+00
      2.809      0.055     0.1539      1.747     46.889  42.330995     8.8915      7.076   176.4806 5.7264e+00    10.3465      2.757      3.998    20.8164 0.0000e+00
      2.819      0.052     0.1562      1.746     47.014  42.367923     8.3266      7.076   176.6462 5.5749e+00    10.6790      2.764      4.010    20.6681 0.0000e+00
      2.831      0.049     0.1557      1.735     47.062  42.390208     8.2141      7.076   176.8731 5.3805e+00    10.6346      2.776      4.026    20.4151 0.0000e+00
      2.846      0.047     0.1562      1.734     47.097  42.410003     7.6133      7.076   177.0731 5.1837e+00    10.5958      2.791      4.048    20.2545 0.0000e+00
      2.859      0.047     0.1595      1.745     47.207  42.416849     6.5231      7.076   177.0854 5.0001e+00    10.6539      2.805      4.068    20.1204 0.0000e+00
      2.869      0.045     0.1589      1.732     47.416  42.409397     5.9352      7.076   177.1073 4.8346e+00    10.7223      2.814      4.082    20.0260 0.0000e+00
      2.879      0.041     0.1573      1.687     47.625  42.383097     5.8662      7.076   177.1666 4.6059e+00    10.7049      2.821      4.093    20.0211 0.0000e+00
      2.891      0.037     0.1564      1.657     47.766  42.352443     5.5636      7.076   177.3719 4.3288e+00    10.6833      2.835      4.112    20.0549 0.0000e+00
      2.903      0.032     0.1595      1.656     47.883  42.355916     5.0139      7.076   177.7831 4.1816e+00    10.7684      2.849      4.132    19.9747 0.0000e+00
      2.909      0.028     0.1605      1.660     47.968  42.361491     4.7221      7.076   177.9218 4.0958e+00    10.8794      2.853      4.139    19.7197 0.0000e+00
      2.914      0.023     0.1538      1.665     48.005  42.356283     4.7154      7.077   177.5864 3.9603e+00    10.9329      2.857      4.144    19.4615 0.0000e+00
      2.919      0.019     0.1515      1.673     48.027  42.356373     4.7909      7.077   176.9982 3.8660e+00    11.0402      2.864      4.154    19.3064 0.0000e+00
      2.923      0.018     0.1531      1.658     48.072  42.362563     4.9281      7.078   177.0045 3.8217e+00    11.2202      2.867      4.158    19.2180 0.0000e+00
      2.925      0.020     0.1538      1.637     48.108  42.367607     5.0099      7.079   177.5759 3.7657e+00    11.2989      2.868      4.159    19.1372 0.0000e+00
      2.927      0.024     0.1531      1.635     48.058  42.353837     5.0216      7.079   177.6268 3.6597e+00    11.3418      2.870      4.162    19.0998 0.0000e+00
      2.933      0.029     0.1565      1.614     47.881  42.259592     5.0279      7.079   177.3618 3.4552e+00    11.3972      2.874      4.168    19.1055 0.0000e+00
      2.943      0.034     0.1542      1.579     47.670  42.116768     5.1200      7.078   177.2106 3.2068e+00    11.3540      2.886      4.185    19.0614 0.0000e+00
      2.956      0.038     0.1495      1.566     47.524  42.023373     5.3028      7.077   177.5192 3.0334e+00    11.2980      2.901      4.208    18.9949 0.0000e+00
      2.967      0.042     0.1534      1.561     47.287  41.828578     5.4063      7.077   178.1674 2.8999e+00    11.3006      2.909      4.220    19.0445 0.0000e+00
      2.978      0.045     0.1501      1.562     46.971  41.475203     5.3893      7.077   178.1654 2.7673e+00    11.3853      2.920      4.235    19.1470 0.0000e+00
      2.988      0.047     0.1441      1.567     46.956  41.241425     5.0479      7.077   177.5804 2.6774e+00    11.9801      2.932      4.253    19.1651 0.0000e+00
      2.998      0.049     0.1451      1.563     47.216  41.159608     4.4081      7.078   176.9455 2.5778e+00    12.9591      2.939      4.263    19.2089 0.0000e+00
      3.011      0.051     0.1436      1.553     47.331  40.993282     4.0533      7.080   177.1139 2.4342e+00    13.4176      2.951      4.280    19.2581 0.0000e+00
      3.027      0.052     0.1439      1.564     47.380  40.816712     4.0125      7.082   178.1536 2.3050e+00    13.4601      2.970      4.306    19.2059 0.0000e+00
      3.042      0.051     0.1458      1.593     47.543  40.738052     3.9233      7.082   178.5892 2.2030e+00    14.0186      2.984      4.328    18.9652 0.0000e+00
      3.056      0.050     0.1470      1.601     47.608  40.613124     3.7739      7.082   178.0793 2.0940e+00    15.0470      2.996      4.346    18.5430 0.0000e+00
      3.070      0.048     0.1453      1.606     47.573  40.448374     3.6874      7.083   177.4954 2.0028e+00    15.5787      3.012      4.368    18.2735 0.0000e+00
      3.080      0.048     0.1462      1.618     47.588  40.332534     3.6604      7.083   177.5519 1.9594e+00    15.6644      3.021      4.383    18.0930 0.0000e+00
      3.088      0.048     0.1536      1.628     47.621  40.227795     3.6636      7.082   178.0737 1.9122e+00    16.6299      3.027      4.390    17.8131 0.0000e+00
