Data/DataNotYetUploadedToEDI/Raw_CTD/RawDownloads/072924_bvr50_S7809001.cnv
* Sea-Bird SBE19plus  Data File:
* FileName = C:\R\Reservoirs\Data\DataNotYetUploadedToEDI\Raw_CTD\RawDownloads\07302024_BVR50_FCR10_20_30_40_0001.hex
* Software version 2.8.0.119
* Temperature SN = 7809
* Conductivity SN = 7809
* System UpLoad Time = Jul 30 2024 12:54:06
* <ApplicationData>
* <Seaterm232>
# nquan = 15
# nvalues = 1845                        
# units = specified
# name 0 = depFM: Depth [fresh water, m]
# name 1 = dz/dtM: Descent Rate [m/s]
# name 2 = sbeox0Mg/L: Oxygen, SBE 43 [mg/l]
# name 3 = sbeox0PS: Oxygen, SBE 43 [% saturation]
# name 4 = specc: Specific Conductance [uS/cm]
# name 5 = c0uS/cm: Conductivity [uS/cm]
# name 6 = flECO-AFL: Fluorescence, WET Labs ECO-AFL/FL [mg/m^3]
# name 7 = ph: pH
# name 8 = orp: Oxidation Reduction Potential [mV]
# name 9 = par/sat/log: PAR/Logarithmic, Satlantic
# name 10 = turbWETntu0: Turbidity, WET Labs ECO [NTU]
# name 11 = prdM: Pressure, Strain Gauge [db]
# name 12 = prdE: Pressure, Strain Gauge [psi]
# name 13 = tv290C: Temperature [ITS-90, deg C]
# name 14 = flag:  0.000e+00
# span 0 =     -0.727,      9.296       
# span 1 =     -0.097,      0.154       
# span 2 =    -0.1074,     8.7199       
# span 3 =     -1.005,    107.315       
# span 4 =      0.380,    195.050       
# span 5 =   0.370796, 136.952316       
# span 6 =    -0.0835,    92.8630       
# span 7 =     -2.111,      7.555       
# span 8 = -1240.7455,   627.1092       
# span 9 = 1.2360e-01, 2.6625e+02       
# span 10 =    -0.3207,    45.3982      
# span 11 =     -0.713,      9.116      
# span 12 =     -1.034,     13.222      
# span 13 =    10.0697,    26.3076      
# span 14 = 0.0000e+00, 0.0000e+00      
# interval = seconds: 0.25
# start_time = Jul 29 2024 09:29:51 [Instrument's time stamp, header]
# bad_flag = -9.990e-29
*END*
[from data line 675]
     -0.117      0.006     7.9056     97.397     30.868  31.663838     8.8600      7.036   228.3427 1.6499e+02     3.0503     -0.114     -0.165    26.2889 0.0000e+00
     -0.112      0.005     7.8930     97.382     30.887  31.683843     9.0659      7.036   228.2752 1.6174e+02     2.9659     -0.108     -0.157    26.2857 0.0000e+00
     -0.111      0.004     7.8748     97.432     30.917  31.714869     9.1864      7.036   228.2797 1.5971e+02     2.9254     -0.108     -0.158    26.2831 0.0000e+00
     -0.113      0.002     7.8628     97.542     30.923  31.721798     9.2108      7.037   228.3113 1.6214e+02     2.9704     -0.111     -0.161    26.2828 0.0000e+00
     -0.115      0.000     7.8606     97.625     30.905  31.704187     9.2185      7.037   228.3125 1.6669e+02     2.9972     -0.113     -0.164    26.2828 0.0000e+00
     -0.115 -7.181e-18     7.8575     97.661     30.893  31.692247     9.2135      7.037   228.2941 1.6711e+02     3.0113     -0.114     -0.165    26.2833 0.0000e+00
     -0.114 -7.899e-17     7.8606     97.675     30.905  31.704311     9.2168      7.038   228.4341 1.6354e+02     3.0718     -0.112     -0.161    26.2842 0.0000e+00
     -0.112 -8.689e-16     7.8739     97.591     30.923  31.723181     9.2249      7.039   228.6280 1.6216e+02     3.1139     -0.110     -0.159    26.2850 0.0000e+00
     -0.112 -9.558e-15     7.8810     97.424     30.930  31.730091     9.2121      7.041   228.6594 1.6312e+02     3.1111     -0.110     -0.159    26.2865 0.0000e+00
     -0.113 -1.051e-13     7.8799     97.337     30.924  31.724419     9.1786      7.043   228.6417 1.6240e+02     3.1065     -0.111     -0.161    26.2874 0.0000e+00
     -0.114 -1.156e-12     7.8862     97.374     30.917  31.718038     9.1516      7.045   228.6712 1.6244e+02     3.1259     -0.113     -0.164    26.2873 0.0000e+00
     -0.114 -1.272e-11     7.8804     97.469     30.916  31.716374     9.1443      7.047   228.6722 1.6194e+02     3.1746     -0.112     -0.162    26.2874 0.0000e+00
     -0.113 -1.399e-10     7.8582     97.582     30.904  31.704301     9.1484      7.047   228.5679 1.6014e+02     3.1487     -0.111     -0.160    26.2876 0.0000e+00
     -0.113 -1.539e-09     7.8508     97.665     30.899  31.698939     9.1514      7.048   228.4432 1.6159e+02     3.0173     -0.111     -0.160    26.2879 0.0000e+00
     -0.113 -1.693e-08     7.8577     97.682     30.916  31.714982     9.1556      7.050   228.4553 1.6509e+02     2.9186     -0.110     -0.160    26.2882 0.0000e+00
     -0.114 -1.863e-07     7.8647     97.685     30.910  31.707958     9.1578      7.052   228.6280 1.6684e+02     2.9116     -0.111     -0.161    26.2890 0.0000e+00
     -0.114 -1.863e-07     7.8754     97.724     30.880  31.677452     9.1609      7.052   228.7240 1.6662e+02     2.9673     -0.113     -0.164    26.2893 0.0000e+00
     -0.114 -1.693e-08     7.8847     97.789     30.867  31.663310     9.1767      7.053   228.6703 1.6411e+02     3.0108     -0.113     -0.164    26.2879 0.0000e+00
     -0.113 -1.539e-09     7.8834     97.884     30.868  31.663839     9.1906      7.055   228.7533 1.6026e+02     3.0287     -0.111     -0.161    26.2861 0.0000e+00
     -0.113 -1.399e-10     7.8819     98.009     30.888  31.683853     9.1951      7.056   228.8658 1.6182e+02     3.0467     -0.110     -0.159    26.2850 0.0000e+00
     -0.113 -1.249e-11     7.8869     98.139     30.918  31.714982     9.1983      7.058   228.8264 1.6624e+02     3.0912     -0.110     -0.161    26.2840 0.0000e+00
     -0.114 1.3650e-12     7.8915     98.262     30.926  31.723046     9.2211      7.060   228.8795 1.6491e+02     3.1577     -0.112     -0.163    26.2829 0.0000e+00
     -0.115 2.7631e-11     7.8992     98.416     30.921  31.717914     9.2550      7.061   228.9919 1.6416e+02     3.1328     -0.112     -0.163    26.2825 0.0000e+00
     -0.115 3.0509e-10     7.9103     98.612     30.919  31.716364     9.2665      7.062   228.9811 1.6783e+02     3.0634     -0.112     -0.163    26.2825 0.0000e+00
     -0.114 3.3561e-09     7.9215     98.763     30.907  31.704311     9.2770      7.063   229.0065 1.6640e+02     3.0694     -0.112     -0.163    26.2822 0.0000e+00
     -0.113 3.6917e-08     7.9300     98.783     30.902  31.699056     9.3071      7.064   229.0414 1.6112e+02     3.0693     -0.111     -0.161    26.2823 0.0000e+00
     -0.113 4.0609e-07     7.9404     98.653     30.918  31.716251     9.3393      7.066   228.8864 1.6086e+02     2.9936     -0.110     -0.159    26.2825 0.0000e+00
     -0.113      0.000     7.9605     98.429     30.923  31.721912     9.3496      7.068   228.7672 1.6440e+02     2.9064     -0.111     -0.160    26.2827 0.0000e+00
     -0.113      0.000     7.9753     98.224     30.906  31.704072     9.3323      7.069   228.8915 1.6428e+02     2.8695     -0.111     -0.161    26.2832 0.0000e+00
     -0.114      0.001     7.9772     98.092     30.892  31.690865     9.2959      7.069   228.9257 1.5964e+02     2.9572     -0.112     -0.162    26.2838 0.0000e+00
     -0.114      0.001     7.9653     98.009     30.890  31.689088     9.2590      7.070   228.7500 1.5707e+02     3.0779     -0.113     -0.164    26.2844 0.0000e+00
     -0.113      0.000     7.9427     97.938     30.884  31.682583     9.2450      7.071   228.5743 1.5819e+02     3.0987     -0.111     -0.161    26.2849 0.0000e+00
     -0.111     -0.001     7.9245     97.873     30.878  31.675663     9.2337      7.072   228.4359 1.6083e+02     3.1069     -0.109     -0.158    26.2854 0.0000e+00
     -0.111     -0.002     7.9151     97.861     30.872  31.668847     9.2062      7.074   228.2814 1.6326e+02     3.1083     -0.109     -0.158    26.2858 0.0000e+00
     -0.113     -0.002     7.9095     97.920     30.867  31.663609     9.1536      7.075   228.1689 1.6425e+02     3.0477     -0.110     -0.160    26.2860 0.0000e+00
     -0.116     -0.001     7.9047     97.971     30.879  31.675766     9.0882      7.075   228.2814 1.6470e+02     2.9889     -0.114     -0.165    26.2856 0.0000e+00
     -0.117      0.000     7.8974     97.971     30.891  31.688962     9.0576      7.075   228.4369 1.6476e+02     2.9443     -0.116     -0.168    26.2853 0.0000e+00
     -0.116      0.001     7.8946     97.959     30.896  31.696297     9.0499      7.075   228.4139 1.6267e+02     2.8840     -0.115     -0.167    26.2847 0.0000e+00
     -0.115      0.002     7.9036     97.956     30.900  31.701015     9.0531      7.076   228.3469 1.6006e+02     2.9089     -0.113     -0.164    26.2838 0.0000e+00
     -0.112      0.002     7.9096     97.977     30.882  31.682580     9.0796      7.078   228.3157 1.5896e+02     3.0397     -0.110     -0.159    26.2840 0.0000e+00
     -0.111      0.001     7.9063     98.019     30.864  31.663708     9.1039      7.080   228.2944 1.5714e+02     3.1337     -0.108     -0.157    26.2859 0.0000e+00
     -0.112      0.000     7.9052     98.017     30.864  31.663141     9.1063      7.081   228.3481 1.5539e+02     3.1229     -0.110     -0.159    26.2887 0.0000e+00
     -0.114     -0.001     7.9045     97.951     30.877  31.675724     9.0916      7.082   228.5349 1.5759e+02     3.0459     -0.113     -0.163    26.2896 0.0000e+00
     -0.115     -0.002     7.9048     97.866     30.890  31.688970     9.0928      7.083   228.6600 1.6221e+02     2.9885     -0.113     -0.164    26.2890 0.0000e+00
     -0.115     -0.002     7.9123     97.792     30.897  31.696423     9.1114      7.085   228.5690 1.6309e+02     3.0099     -0.112     -0.163    26.2888 0.0000e+00
     -0.115     -0.001     7.9126     97.742     30.902  31.702399     9.1090      7.087   228.4670 1.6095e+02     3.0644     -0.113     -0.163    26.2882 0.0000e+00
     -0.115      0.000     7.9048     97.721     30.897  31.697795     9.0307      7.088   228.4605 1.6107e+02     3.0679     -0.112     -0.163    26.2874 0.0000e+00
     -0.115 -2.000e-08     7.8976     97.685     30.903  31.704186     8.8963      7.091   228.4902 1.6286e+02     3.0519     -0.112     -0.163    26.2868 0.0000e+00
     -0.116 -2.200e-07     7.8916     97.622     30.915  31.716239     8.8240      7.092   228.6534 1.6417e+02     3.0757     -0.113     -0.164    26.2874 0.0000e+00
     -0.116 -1.861e-07     7.8863     97.574     30.915  31.716655     8.8142      7.092   228.8849 1.6241e+02     3.0824     -0.114     -0.165    26.2885 0.0000e+00
     -0.115 3.8950e-07     7.8868     97.555     30.908  31.709216     8.8194      7.093   228.8803 1.5843e+02     3.0644     -0.113     -0.164    26.2891 0.0000e+00
     -0.114      0.000     7.8848     97.573     30.888  31.689732     8.8373      7.094   228.5979 1.5977e+02     3.0630     -0.112     -0.163    26.2898 0.0000e+00
     -0.114      0.000     7.8764     97.636     30.870  31.671384     8.8465      7.097   228.3962 1.6497e+02     3.0991     -0.112     -0.162    26.2903 0.0000e+00
     -0.114      0.001     7.8737     97.736     30.876  31.677679     8.8563      7.099   228.5058 1.6711e+02     3.1597     -0.112     -0.163    26.2908 0.0000e+00
     -0.115      0.001     7.8711     97.827     30.900  31.702409     8.8806      7.099   228.6324 1.6506e+02     3.1811     -0.113     -0.164    26.2916 0.0000e+00
     -0.115      0.001     7.8726     97.876     30.914  31.716655     9.0242      7.099   228.5502 1.6116e+02     3.1526     -0.113     -0.164    26.2916 0.0000e+00
     -0.114      0.001     7.8773     97.890     30.921  31.723055     9.2864      7.099   228.4590 1.6014e+02     3.0888     -0.112     -0.163    26.2917 0.0000e+00
     -0.113      0.001     7.8873     97.891     30.914  31.716354     9.4292      7.100   228.4759 1.6273e+02     3.0584     -0.111     -0.161    26.2919 0.0000e+00
     -0.113      0.000     7.8960     97.913     30.897  31.699063     9.4432      7.101   228.4961 1.6609e+02     3.0931     -0.111     -0.161    26.2919 0.0000e+00
     -0.113      0.000     7.8988     97.962     30.902  31.704300     9.4388      7.102   228.4451 1.6590e+02     3.0977     -0.112     -0.162    26.2913 0.0000e+00
     -0.113     -0.001     7.9007     98.038     30.913  31.716249     9.4099      7.105   228.3758 1.6168e+02     3.0799     -0.111     -0.161    26.2904 0.0000e+00
     -0.114     -0.001     7.8980     98.132     30.914  31.716655     9.3937      7.106   228.2603 1.6112e+02     3.1170     -0.111     -0.162    26.2909 0.0000e+00
     -0.115     -0.001     7.9008     98.199     30.907  31.709215     9.4007      7.107   228.1674 1.6362e+02     3.1709     -0.113     -0.164    26.2922 0.0000e+00
     -0.116      0.000     7.9041     98.207     30.889  31.689732     9.3857      7.108   228.2845 1.6406e+02     3.1844     -0.113     -0.164    26.2928 0.0000e+00
     -0.115      0.001     7.9102     98.189     30.872  31.671384     9.3550      7.109   228.4718 1.6519e+02     3.1438     -0.113     -0.164    26.2926 0.0000e+00
     -0.114      0.001     7.9195     98.170     30.879  31.677680     9.3379      7.109   228.4532 1.6588e+02     3.0902     -0.112     -0.163    26.2923 0.0000e+00
     -0.114      0.001     7.9266     98.102     30.904  31.702420     9.3368      7.110   228.4034 1.6428e+02     3.0829     -0.112     -0.162    26.2918 0.0000e+00
     -0.113      0.001     7.9260     97.967     30.919  31.716770     9.3168      7.111   228.5583 1.6499e+02     3.0558     -0.111     -0.160    26.2908 0.0000e+00
     -0.113      0.001     7.9223     97.810     30.928  31.724313     9.2705      7.111   228.6057 1.6652e+02     3.0356     -0.110     -0.160    26.2893 0.0000e+00
     -0.114      0.000     7.9249     97.705     30.934  31.730184     9.2425      7.112   228.4602 1.6478e+02     3.0439     -0.112     -0.162    26.2877 0.0000e+00
     -0.114     -0.001     7.9193     97.693     30.928  31.724314     9.2208      7.114   228.4329 1.6268e+02     2.9853     -0.112     -0.163    26.2861 0.0000e+00
     -0.113     -0.001     7.9077     97.744     30.920  31.716779     9.1733      7.115   228.4480 1.6183e+02     3.0107     -0.111     -0.161    26.2843 0.0000e+00
     -0.113     -0.001     7.8927     97.784     30.905  31.702524     9.1100      7.116   228.4713 1.6095e+02     3.1464     -0.111     -0.161    26.2816 0.0000e+00
     -0.114      0.000     7.8827     97.768     30.883  31.678824     9.0632      7.116   228.6285 1.6176e+02     3.1566     -0.112     -0.162    26.2801 0.0000e+00
     -0.114 1.0505e-13     7.8829     97.756     30.888  31.683966     9.0392      7.117   228.7141 1.6556e+02     3.0661     -0.113     -0.163    26.2815 0.0000e+00
     -0.114 1.1555e-12     7.8887     97.814     30.906  31.701257     9.0372      7.118   228.6459 1.6640e+02     3.0418     -0.112     -0.162    26.2837 0.0000e+00
     -0.114 1.2711e-11     7.8949     97.912     30.902  31.697579     9.1054      7.119   228.4922 1.6318e+02     3.0679     -0.112     -0.162    26.2841 0.0000e+00
     -0.113 1.3982e-10     7.8905     97.967     30.906  31.702929     9.2224      7.119   228.3180 1.6043e+02     3.0740     -0.111     -0.160    26.2834 0.0000e+00
     -0.113 1.5380e-09     7.8869     97.956     30.905  31.702513     9.2792      7.120   228.3472 1.5855e+02     3.0136     -0.110     -0.160    26.2819 0.0000e+00
     -0.113 1.6918e-08     7.8933     97.939     30.895  31.692549     9.2677      7.121   228.5869 1.5942e+02     2.9521     -0.112     -0.162    26.2804 0.0000e+00
     -0.113 1.8609e-07     7.9041     97.985     30.911  31.709331     9.2079      7.122   228.7206 1.6226e+02     3.0139     -0.111     -0.161    26.2817 0.0000e+00
     -0.113 1.8289e-07     7.9094     98.074     30.917  31.715107     9.1214      7.123   228.6726 1.6446e+02     3.1119     -0.111     -0.161    26.2829 0.0000e+00
     -0.113 -2.182e-08     7.9061     98.149     30.902  31.698952     9.0964      7.123   228.6957 1.6478e+02     3.1467     -0.112     -0.163    26.2836 0.0000e+00
     -0.113 -4.095e-07     7.9015     98.200     30.907  31.704303     9.1143      7.122   228.7416 1.6348e+02     3.1267     -0.111     -0.162    26.2854 0.0000e+00
     -0.113      0.000     7.9062     98.252     30.919  31.716374     9.1213      7.122   228.6249 1.6436e+02     3.1090     -0.111     -0.161    26.2857 0.0000e+00
     -0.113      0.000     7.9164     98.310     30.920  31.718038     9.1476      7.122   228.5757 1.6582e+02     3.1378     -0.111     -0.161    26.2851 0.0000e+00
     -0.112     -0.001     7.9220     98.314     30.925  31.724418     9.1828      7.124   228.6631 1.6424e+02     3.1676     -0.110     -0.159    26.2843 0.0000e+00
     -0.112     -0.001     7.9257     98.219     30.929  31.730079     9.1890      7.126   228.6498 1.6178e+02     3.1961     -0.110     -0.160    26.2829 0.0000e+00
     -0.113     -0.001     7.9288     98.062     30.923  31.723056     9.1469      7.128   228.5869 1.6253e+02     3.1751     -0.111     -0.161    26.2833 0.0000e+00
     -0.115      0.000     7.9359     97.878     30.904  31.702940     9.0813      7.128   228.5906 1.6518e+02     3.1180     -0.113     -0.163    26.2850 0.0000e+00
     -0.115      0.000     7.9381     97.689     30.880  31.677159     9.0613      7.128   228.6090 1.6714e+02     3.1213     -0.113     -0.164    26.2869 0.0000e+00
     -0.114      0.000     7.9274     97.516     30.868  31.665088     9.0719      7.128   228.6366 1.6703e+02     3.1125     -0.113     -0.163    26.2885 0.0000e+00
     -0.113      0.001     7.9147     97.406     30.886  31.683852     9.1193      7.128   228.6665 1.6492e+02     3.0796     -0.111     -0.161    26.2879 0.0000e+00
     -0.113      0.001     7.8989     97.362     30.916  31.713725     9.2094      7.129   228.7117 1.6692e+02     3.0655     -0.110     -0.159    26.2858 0.0000e+00
     -0.113      0.001     7.8843     97.329     30.911  31.709102     9.2626      7.131   228.8388 1.6748e+02     3.0789     -0.111     -0.160    26.2844 0.0000e+00
     -0.113      0.000     7.8686     97.328     30.893  31.691394     9.2801      7.133   228.9128 1.6329e+02     3.1388     -0.111     -0.161    26.2837 0.0000e+00
