Data/DataNotYetUploadedToEDI/Raw_CTD/RawDownloads/072924_fcr40_S7809005.cnv
* Sea-Bird SBE19plus  Data File:
* FileName = C:\R\Reservoirs\Data\DataNotYetUploadedToEDI\Raw_CTD\RawDownloads\07302024_BVR50_FCR10_20_30_40_0005.hex
* Software version 2.8.0.119
* Temperature SN = 7809
* Conductivity SN = 7809
* System UpLoad Time = Jul 30 2024 12:55:35
* <ApplicationData>
* <Seaterm232>
# nquan = 15
# nvalues = 719                         
# units = specified
# name 0 = depFM: Depth [fresh water, m]
# name 1 = dz/dtM: Descent Rate [m/s]
# name 2 = sbeox0Mg/L: Oxygen, SBE 43 [mg/l]
# name 3 = sbeox0PS: Oxygen, SBE 43 [% saturation]
# name 4 = specc: Specific Conductance [uS/cm]
# name 5 = c0uS/cm: Conductivity [uS/cm]
# name 6 = flECO-AFL: Fluorescence, WET Labs ECO-AFL/FL [mg/m^3]
# name 7 = ph: pH
# name 8 = orp: Oxidation Reduction Potential [mV]
# name 9 = par/sat/log: PAR/Logarithmic, Satlantic
# name 10 = turbWETntu0: Turbidity, WET Labs ECO [NTU]
# name 11 = prdM: Pressure, Strain Gauge [db]
# name 12 = prdE: Pressure, Strain Gauge [psi]
# name 13 = tv290C: Temperature [ITS-90, deg C]
# name 14 = flag:  0.000e+00
# span 0 =     -0.632,      5.977       
# span 1 = -4.222e-13,      0.185       
# span 2 =     0.1241,     8.6674       
# span 3 =      1.349,    106.488       
# span 4 =      1.039,     69.335       
# span 5 =   0.963175,  56.841614       
# span 6 =    -0.1450,    37.2700       
# span 7 =      7.311,      7.587       
# span 8 =   108.1603,   200.3230       
# span 9 = 1.2363e-01, 4.4198e+02       
# span 10 =     0.6980,   491.4607      
# span 11 =     -0.620,      5.862      
# span 12 =     -0.900,      8.502      
# span 13 =    12.2232,    26.1603      
# span 14 = 0.0000e+00, 0.0000e+00      
# interval = seconds: 0.25
# start_time = Jul 29 2024 12:54:34 [Instrument's time stamp, header]
# bad_flag = -9.990e-29
*END*
[from data line 193]
      1.107      0.051     8.0099     96.692     42.776  43.749944    16.6461      7.541   131.5153 4.0098e+01     5.4436      1.086      1.576    26.1596 0.0000e+00
      1.119      0.052     7.9177     96.312     42.787  43.750883    16.7196      7.542   131.8287 3.9524e+01     5.4851      1.094      1.587    26.1572 0.0000e+00
      1.135      0.049     7.8724     95.682     42.792  43.749835    16.9969      7.543   131.9944 3.8686e+01     5.4493      1.111      1.613    26.1539 0.0000e+00
      1.155      0.044     7.8443     94.817     42.781  43.737263    17.4949      7.545   132.1429 3.8073e+01     5.3858      1.137      1.649    26.1471 0.0000e+00
      1.168      0.040     7.8261     93.904     42.771  43.725818    17.7626      7.546   132.3339 3.7867e+01     5.4007      1.148      1.665    26.1328 0.0000e+00
      1.171      0.038     7.8060     93.124     42.787  43.738409    17.7956      7.547   132.4972 3.7807e+01     5.4922      1.149      1.667    26.1167 0.0000e+00
      1.173      0.035     7.7540     92.534     42.815  43.762541    17.8103      7.548   132.6538 3.7628e+01     5.5023      1.147      1.665    26.1099 0.0000e+00
      1.179      0.035     7.6777     92.088     42.820  43.763686    17.8157      7.550   132.7647 3.7152e+01     5.4543      1.153      1.672    26.1108 0.0000e+00
      1.192      0.037     7.5973     91.746     42.810  43.752249    17.8273      7.550   132.8052 3.6512e+01     5.4921      1.170      1.696    26.1115 0.0000e+00
      1.207      0.038     7.5335     91.510     42.809  43.751210    17.8419      7.550   132.9723 3.5970e+01     5.5839      1.185      1.719    26.1071 0.0000e+00
      1.218      0.037     7.4896     91.427     42.810  43.751125    17.8428      7.550   133.2365 3.5575e+01     5.6764      1.195      1.733    26.0988 0.0000e+00
      1.227      0.032     7.4546     91.495     42.812  43.751222    17.6549      7.551   133.4185 3.5293e+01     5.6877      1.205      1.747    26.0945 0.0000e+00
      1.234      0.025     7.4277     91.602     42.817  43.752376    17.2845      7.552   133.5389 3.5089e+01     5.5504      1.212      1.758    26.0944 0.0000e+00
      1.239      0.018     7.4061     91.637     42.832  43.765071    17.0686      7.553   133.6588 3.4969e+01     5.4166      1.216      1.763    26.0945 0.0000e+00
      1.242      0.011     7.3987     91.577     42.846  43.777766    17.0502      7.554   133.8352 3.4915e+01     5.4016      1.218      1.767    26.0933 0.0000e+00
      1.244      0.006     7.4090     91.423     42.846  43.778919    17.1615      7.555   133.9505 3.4881e+01     5.4381      1.220      1.770    26.0905 0.0000e+00
      1.244      0.002     7.4225     91.237     42.844  43.779015    17.3580      7.556   134.0211 3.4881e+01     5.4811      1.221      1.770    26.0861 0.0000e+00
      1.244      0.000     7.4250     91.126     42.842  43.778929    17.4611      7.557   134.1727 3.4886e+01     5.4783      1.220      1.769    26.0814 0.0000e+00
      1.243      0.000     7.4215     91.132     42.840  43.777889    17.4837      7.558   134.3207 3.4860e+01     5.4043      1.219      1.767    26.0799 0.0000e+00
      1.242      0.000     7.4070     91.223     42.830  43.766444    17.7152      7.558   134.4347 3.4828e+01     5.3719      1.218      1.766    26.0819 0.0000e+00
      1.242      0.001     7.3868     91.322     42.832  43.767494    18.1544      7.559   134.5182 3.4788e+01     5.4280      1.218      1.767    26.0850 0.0000e+00
      1.243      0.002     7.3769     91.360     42.856  43.790576    18.3917      7.559   134.6425 3.4714e+01     5.4683      1.219      1.767    26.0879 0.0000e+00
      1.244      0.003     7.3780     91.344     42.856  43.791625    18.3948      7.559   134.9041 3.4651e+01     5.4484      1.220      1.768    26.0891 0.0000e+00
      1.244      0.005     7.3883     91.347     42.844  43.780179    18.2917      7.560   135.1863 3.4576e+01     5.3924      1.220      1.769    26.0874 0.0000e+00
      1.245      0.007     7.3989     91.367     42.842  43.779139    18.1272      7.561   135.3878 3.4416e+01     5.3716      1.221      1.770    26.0853 0.0000e+00
      1.247      0.008     7.4024     91.350     42.841  43.779045    18.0547      7.562   135.6196 3.4214e+01     5.4361      1.223      1.773    26.0847 0.0000e+00
      1.250      0.009     7.3972     91.361     42.841  43.779036    18.0554      7.562   135.8375 3.4033e+01     5.4895      1.226      1.779    26.0851 0.0000e+00
      1.253      0.009     7.3970     91.488     42.842  43.779035    18.0356      7.563   135.9570 3.3862e+01     5.4361      1.229      1.783    26.0864 0.0000e+00
      1.256      0.009     7.4030     91.686     42.844  43.779035    17.8484      7.565   136.1187 3.3678e+01     5.3376      1.232      1.786    26.0873 0.0000e+00
      1.259      0.009     7.3980     91.848     42.846  43.779035    17.5319      7.565   136.3293 3.3513e+01     5.3577      1.234      1.791    26.0880 0.0000e+00
      1.261      0.010     7.3942     91.859     42.849  43.779037    17.3797      7.565   136.4388 3.3383e+01     5.4401      1.236      1.793    26.0881 0.0000e+00
      1.262      0.011     7.4082     91.654     42.852  43.779048    17.3986      7.566   136.4099 3.3243e+01     5.4459      1.236      1.793    26.0868 0.0000e+00
      1.264      0.014     7.4268     91.249     42.855  43.779163    17.6933      7.566   136.3240 3.3066e+01     5.4283      1.239      1.797    26.0854 0.0000e+00
      1.268      0.017     7.4442     90.732     42.859  43.780421    18.2291      7.567   136.3470 3.2856e+01     5.4314      1.243      1.802    26.0827 0.0000e+00
      1.273      0.022     7.4479     90.205     42.877  43.794261    18.5173      7.568   136.5161 3.2619e+01     5.4492      1.247      1.809    26.0786 0.0000e+00
      1.278      0.027     7.4310     89.710     42.909  43.819537    18.5477      7.568   136.6475 3.2400e+01     5.4728      1.254      1.818    26.0748 0.0000e+00
      1.285      0.033     7.3964     89.246     42.930  43.832127    18.5886      7.569   136.8174 3.2173e+01     5.5460      1.260      1.827    26.0713 0.0000e+00
      1.294      0.040     7.3503     88.748     42.929  43.819528    18.6536      7.571   137.1078 3.1860e+01     5.6505      1.268      1.841    26.0681 0.0000e+00
      1.305      0.049     7.3088     88.166     42.917  43.794131    18.6839      7.571   137.3195 3.1512e+01     5.6445      1.279      1.856    26.0642 0.0000e+00
      1.317      0.057     7.2678     87.476     42.917  43.778932    18.7306      7.571   137.4836 3.1077e+01     5.5751      1.289      1.870    26.0561 0.0000e+00
      1.332      0.063     7.2354     86.652     42.920  43.762683    19.3269      7.571   137.8026 3.0462e+01     5.5976      1.304      1.892    26.0450 0.0000e+00
      1.353      0.066     7.1984     85.798     42.904  43.724583    20.4335      7.571   138.2504 2.9786e+01     5.6772      1.326      1.923    26.0306 0.0000e+00
      1.374      0.066     7.1514     85.021     42.903  43.699073    21.0324      7.570   138.6816 2.9185e+01     5.6834      1.349      1.957    26.0176 0.0000e+00
      1.393      0.061     7.1025     84.357     42.934  43.708098    21.0252      7.570   139.1441 2.8624e+01     5.6379      1.367      1.983    26.0019 0.0000e+00
      1.408      0.053     7.0324     83.844     42.950  43.706728    20.5290      7.570   139.6270 2.8042e+01     5.6747      1.381      2.003    25.9757 0.0000e+00
      1.421      0.043     6.9635     83.510     42.943  43.682475    19.6446      7.569   140.0461 2.7640e+01     5.8197      1.396      2.025    25.9518 0.0000e+00
      1.429      0.034     6.9040     83.324     42.947  43.668732    19.1711      7.569   140.3401 2.7490e+01     5.9568      1.403      2.035    25.9221 0.0000e+00
      1.433      0.027     6.8525     83.194     42.959  43.667486    19.1313      7.569   140.4283 2.7318e+01     5.9660      1.405      2.038    25.8898 0.0000e+00
      1.438      0.022     6.8117     83.049     42.970  43.667384    19.1560      7.569   140.5109 2.7064e+01     5.8968      1.410      2.045    25.8748 0.0000e+00
      1.443      0.019     6.7869     82.819     42.980  43.667480    19.5033      7.570   140.6504 2.6832e+01     5.8031      1.416      2.053    25.8558 0.0000e+00
      1.448      0.018     6.7798     82.474     42.986  43.668627    20.1425      7.571   140.8231 2.6638e+01     5.7212      1.420      2.060    25.8316 0.0000e+00
      1.453      0.018     6.7705     82.048     43.000  43.681248    20.5093      7.572   141.1363 2.6511e+01     5.7609      1.425      2.067    25.8192 0.0000e+00
      1.457      0.019     6.7644     81.622     43.012  43.693133    20.5832      7.572   141.4270 2.6416e+01     5.7707      1.429      2.073    25.8042 0.0000e+00
      1.460      0.021     6.7474     81.282     43.006  43.685379    20.7697      7.572   141.6707 2.6306e+01     5.6346      1.431      2.076    25.7920 0.0000e+00
      1.464      0.024     6.7189     81.010     43.038  43.714441    21.0914      7.572   142.0180 2.6198e+01     5.5496      1.435      2.082    25.7864 0.0000e+00
      1.470      0.029     6.6827     80.726     43.126  43.790622    21.2688      7.572   142.3567 2.6063e+01     5.5974      1.442      2.092    25.7852 0.0000e+00
      1.479      0.034     6.6430     80.361     43.201  43.844772    21.2748      7.573   142.5824 2.5887e+01     5.6994      1.449      2.101    25.7867 0.0000e+00
      1.489      0.038     6.6177     79.780     43.241  43.861331    21.1057      7.574   142.7676 2.5643e+01     5.7248      1.459      2.116    25.7838 0.0000e+00
      1.501      0.040     6.5982     78.717     43.261  43.863850    20.7805      7.575   142.9610 2.5302e+01     5.6308      1.471      2.134    25.7841 0.0000e+00
      1.515      0.039     6.5779     76.905     43.284  43.875208    20.5971      7.576   143.2003 2.5003e+01     5.5538      1.486      2.156    25.7709 0.0000e+00
      1.526      0.037     6.5553     74.454     43.287  43.871686    20.5361      7.576   143.5097 2.4841e+01     5.5798      1.498      2.173    25.7367 0.0000e+00
      1.533      0.033     6.5191     71.849     43.237  43.821262    20.0515      7.576   143.8632 2.4685e+01     5.6368      1.504      2.180    25.7073 0.0000e+00
      1.540      0.028     6.4464     69.565     43.183  43.773323    19.1659      7.576   144.1181 2.4500e+01     5.6283      1.511      2.191    25.6887 0.0000e+00
      1.547      0.023     6.2980     68.009     43.201  43.799867    18.6764      7.576   144.2689 2.4346e+01     5.5801      1.519      2.203    25.6750 0.0000e+00
      1.552      0.021     6.0787     67.443     43.284  43.888319    18.6194      7.577   144.4825 2.4194e+01     5.5657      1.522      2.208    25.6669 0.0000e+00
      1.556      0.021     5.8553     67.824     43.350  43.954150    18.5669      7.577   144.7216 2.4072e+01     5.5569      1.525      2.212    25.6668 0.0000e+00
      1.558      0.023     5.6555     68.830     43.362  43.961078    18.4914      7.577   144.9222 2.3972e+01     5.5082      1.527      2.215    25.6760 0.0000e+00
      1.562      0.026     5.5171     69.815     43.382  43.972078    18.4557      7.578   145.1015 2.3763e+01     5.4542      1.531      2.220    25.6890 0.0000e+00
      1.570      0.030     5.4741     70.065     43.443  44.023672    18.4185      7.578   145.2552 2.3468e+01     5.4172      1.539      2.232    25.6956 0.0000e+00
      1.581      0.033     5.5120     69.297     43.507  44.077081    18.0906      7.579   145.4033 2.3223e+01     5.4028      1.551      2.250    25.6919 0.0000e+00
      1.592      0.033     5.6151     67.722     43.552  44.110029    17.5050      7.580   145.6020 2.3008e+01     5.4511      1.561      2.265    25.6856 0.0000e+00
      1.602      0.031     5.7218     65.646     43.562  44.104648    17.1972      7.580   145.8506 2.2821e+01     5.5230      1.572      2.280    25.6764 0.0000e+00
      1.610      0.026     5.7519     63.272     43.546  44.075477    17.1992      7.581   146.0860 2.2726e+01     5.5202      1.580      2.293    25.6618 0.0000e+00
      1.616      0.020     5.6805     60.794     43.553  44.074669    17.1965      7.581   146.2979 2.2666e+01     5.4504      1.584      2.299    25.6491 0.0000e+00
      1.620      0.015     5.5428     58.473     43.578  44.094867    17.0565      7.581   146.5193 2.2639e+01     5.3964      1.589      2.305    25.6360 0.0000e+00
      1.622      0.011     5.3719     56.720     43.618  44.129258    16.8293      7.582   146.6978 2.2683e+01     5.4146      1.591      2.308    25.6154 0.0000e+00
      1.622      0.011     5.1728     55.795     43.673  44.173098    16.7217      7.582   146.8214 2.2725e+01     5.4648      1.591      2.307    25.5987 0.0000e+00
      1.623      0.012     4.9664     55.412     43.701  44.180601    16.7207      7.582   146.8949 2.2737e+01     5.4920      1.591      2.308    25.5906 0.0000e+00
      1.625      0.014     4.7632     55.003     43.697  44.156462    16.7421      7.583   146.9843 2.2701e+01     5.4704      1.593      2.310    25.5870 0.0000e+00
      1.630      0.017     4.6063     54.054     43.679  44.135107    16.7895      7.583   147.2135 2.2576e+01     5.4084      1.598      2.317    25.5835 0.0000e+00
      1.637      0.019     4.5458     52.524     43.643  44.112813    16.8191      7.584   147.4303 2.2439e+01     5.3907      1.606      2.328    25.5718 0.0000e+00
      1.644      0.020     4.5333     51.033     43.591  44.077360    16.8423      7.584   147.5398 2.2341e+01     5.4270      1.612      2.338    25.5441 0.0000e+00
      1.649      0.022     4.5197     50.198     43.522  44.023854    17.0203      7.585   147.5916 2.2255e+01     5.4374      1.617      2.346    25.5099 0.0000e+00
      1.653      0.022     4.4488     50.199     43.456  43.973691    17.3317      7.587   147.6264 2.2186e+01     5.3807      1.621      2.351    25.5081 0.0000e+00
      1.657      0.023     4.2947     50.942     43.445  43.978662    17.5025      7.587   147.7888 2.2075e+01     5.3218      1.623      2.353    25.5329 0.0000e+00
      1.663      0.024     4.1508     52.276     43.475  44.020512    17.5288      7.586   148.0067 2.1880e+01     5.3394      1.630      2.364    25.5532 0.0000e+00
      1.671      0.025     4.0795     54.132     43.485  44.035385    17.6249      7.585   148.1953 2.1711e+01     5.4231      1.639      2.377    25.5683 0.0000e+00
      1.678      0.024     4.0810     56.413     43.482  44.031546    17.7984      7.585   148.4353 2.1588e+01     5.4460      1.645      2.386    25.5885 0.0000e+00
      1.685      0.023     4.1466     58.801     43.494  44.037575    17.8872      7.585   148.6711 2.1449e+01     5.4110      1.652      2.396    25.6113 0.0000e+00
      1.692      0.021     4.2549     60.758     43.510  44.044799    17.8580      7.584   148.8955 2.1354e+01     5.4450      1.661      2.409    25.6242 0.0000e+00
      1.697      0.021     4.4073     61.839     43.525  44.055409    17.5955      7.584   149.0834 2.1333e+01     5.4811      1.665      2.415    25.6289 0.0000e+00
      1.699      0.022     4.6023     62.037     43.572  44.102368    17.1522      7.583   149.2224 2.1297e+01     5.5052      1.665      2.414    25.6285 0.0000e+00
      1.702      0.026     4.8152     61.644     43.646  44.168247    16.9252      7.583   149.5432 2.1200e+01     5.5321      1.667      2.417    25.6202 0.0000e+00
      1.708      0.031     4.9935     60.869     43.731  44.217187    16.9063      7.583   150.0371 2.1039e+01     5.4982      1.674      2.428    25.6071 0.0000e+00
      1.717      0.036     5.0803     59.629     43.844  44.249719    16.8658      7.582   150.4614 2.0810e+01     5.4375      1.683      2.442    25.6010 0.0000e+00
      1.729      0.038     5.0848     57.454     43.944  44.244095    16.5197      7.580   150.7157 2.0543e+01     5.4121      1.695      2.458    25.6038 0.0000e+00
