Data/DataNotYetUploadedToEDI/Raw_CTD/RawDownloads/072924_fcr20_S7809003.cnv
* Sea-Bird SBE19plus  Data File:
* FileName = C:\R\Reservoirs\Data\DataNotYetUploadedToEDI\Raw_CTD\RawDownloads\07302024_BVR50_FCR10_20_30_40_0003.hex
* Software version 2.8.0.119
* Temperature SN = 7809
* Conductivity SN = 7809
* System UpLoad Time = Jul 30 2024 12:54:42
* <ApplicationData>
* <Seaterm232>
# nquan = 15
# nvalues = 555                         
# units = specified
# name 0 = depFM: Depth [fresh water, m]
# name 1 = dz/dtM: Descent Rate [m/s]
# name 2 = sbeox0Mg/L: Oxygen, SBE 43 [mg/l]
# name 3 = sbeox0PS: Oxygen, SBE 43 [% saturation]
# name 4 = specc: Specific Conductance [uS/cm]
# name 5 = c0uS/cm: Conductivity [uS/cm]
# name 6 = flECO-AFL: Fluorescence, WET Labs ECO-AFL/FL [mg/m^3]
# name 7 = ph: pH
# name 8 = orp: Oxidation Reduction Potential [mV]
# name 9 = par/sat/log: PAR/Logarithmic, Satlantic
# name 10 = turbWETntu0: Turbidity, WET Labs ECO [NTU]
# name 11 = prdM: Pressure, Strain Gauge [db]
# name 12 = prdE: Pressure, Strain Gauge [psi]
# name 13 = tv290C: Temperature [ITS-90, deg C]
# name 14 = flag:  0.000e+00
# span 0 =     -0.643,      3.347       
# span 1 =     -0.010,      0.162       
# span 2 =     0.0502,     9.6033       
# span 3 =      0.672,    117.934       
# span 4 =      0.896,    145.625       
# span 5 =   0.901411, 123.090117       
# span 6 =    -0.1405,    21.8574       
# span 7 =      6.859,      7.314       
# span 8 =   -47.4478,   463.2409       
# span 9 = 1.2361e-01, 4.7517e+02       
# span 10 =     0.0149,   112.9026      
# span 11 =     -0.631,      3.283      
# span 12 =     -0.915,      4.761      
# span 13 =    17.1553,    26.1758      
# span 14 = 0.0000e+00, 0.0000e+00      
# interval = seconds: 0.25
# start_time = Jul 29 2024 12:33:05 [Instrument's time stamp, header]
# bad_flag = -9.990e-29
*END*
[from data line 193]
      0.667      0.038     9.0811    108.861     42.757  43.695237    15.6787      7.232   162.8744 5.3411e+01     5.5163      0.655      0.950    26.0967 0.0000e+00
      0.675      0.037     8.9844    108.450     42.742  43.680148    15.7966      7.233   163.0494 5.2637e+01     5.5425      0.662      0.961    26.0926 0.0000e+00
      0.681      0.037     8.9148    108.066     42.718  43.654750    15.8091      7.235   163.1444 5.1819e+01     5.5339      0.668      0.968    26.0905 0.0000e+00
      0.688      0.038     8.8544    107.700     42.708  43.642036    15.8470      7.238   163.1624 5.0900e+01     5.4814      0.674      0.978    26.0903 0.0000e+00
      0.698      0.041     8.8121    107.395     42.722  43.653367    15.9218      7.240   163.1824 4.9875e+01     5.4199      0.682      0.991    26.0909 0.0000e+00
      0.710      0.043     8.7834    107.139     42.737  43.664803    15.9720      7.242   163.2139 4.8837e+01     5.4385      0.696      1.010    26.0915 0.0000e+00
      0.724      0.044     8.7526    106.923     42.729  43.653358    16.0054      7.243   163.2840 4.7966e+01     5.5018      0.711      1.031    26.0903 0.0000e+00
      0.737      0.044     8.7197    106.703     42.720  43.641923    16.1008      7.246   163.4280 4.7375e+01     5.5358      0.725      1.050    26.0869 0.0000e+00
      0.747      0.040     8.6986    106.411     42.732  43.653483    16.2428      7.248   163.4923 4.6939e+01     5.5080      0.733      1.063    26.0831 0.0000e+00
      0.757      0.034     8.6773    106.072     42.744  43.666187    16.3083      7.251   163.4584 4.6409e+01     5.4055      0.742      1.075    26.0784 0.0000e+00
      0.767      0.026     8.6614    105.755     42.745  43.668580    16.3098      7.253   163.5352 4.5936e+01     5.3545      0.753      1.092    26.0746 0.0000e+00
      0.774      0.019     8.6479    105.478     42.758  43.682418    16.2947      7.254   163.7330 4.5736e+01     5.3702      0.760      1.104    26.0727 0.0000e+00
      0.777      0.014     8.6225    105.259     42.781  43.706548    16.2496      7.256   163.9572 4.5644e+01     5.3218      0.763      1.107    26.0720 0.0000e+00
      0.777      0.009     8.5921    105.182     42.780  43.706445    16.2142      7.257   164.1810 4.5547e+01     5.2481      0.763      1.106    26.0727 0.0000e+00
      0.777      0.006     8.5662    105.252     42.755  43.681170    16.1994      7.259   164.4595 4.5481e+01     5.1967      0.761      1.104    26.0734 0.0000e+00
      0.777      0.004     8.5446    105.380     42.729  43.654846    16.1869      7.260   164.7444 4.5365e+01     5.1791      0.761      1.103    26.0745 0.0000e+00
      0.778      0.004     8.5223    105.541     42.717  43.642056    16.1721      7.261   164.8709 4.5107e+01     5.2060      0.763      1.106    26.0755 0.0000e+00
      0.780      0.004     8.5152    105.720     42.727  43.653483    16.1613      7.261   164.8704 4.4697e+01     5.2486      0.765      1.110    26.0765 0.0000e+00
      0.783      0.004     8.5262    105.895     42.740  43.666063    16.1570      7.262   164.9104 4.4224e+01     5.2496      0.768      1.114    26.0771 0.0000e+00
      0.784      0.004     8.5354    106.098     42.742  43.667206    16.1538      7.264   164.9247 4.3848e+01     5.2176      0.770      1.116    26.0766 0.0000e+00
      0.783      0.005     8.5488    106.288     42.743  43.667310    16.2722      7.266   164.8716 4.3505e+01     5.2374      0.768      1.113    26.0769 0.0000e+00
      0.782      0.007     8.5653    106.326     42.744  43.667320    16.5059      7.267   164.7851 4.3170e+01     5.2506      0.766      1.111    26.0778 0.0000e+00
      0.783      0.011     8.5766    106.169     42.745  43.667321    16.6242      7.269   164.7395 4.2870e+01     5.2401      0.767      1.112    26.0780 0.0000e+00
      0.787      0.017     8.5940    105.920     42.747  43.667321    16.6203      7.271   164.8359 4.2553e+01     5.2131      0.771      1.118    26.0767 0.0000e+00
      0.793      0.023     8.6159    105.670     42.750  43.667321    16.5759      7.273   165.0043 4.2282e+01     5.1295      0.776      1.126    26.0748 0.0000e+00
      0.800      0.030     8.6210    105.418     42.752  43.667311    16.5198      7.275   165.1405 4.1941e+01     5.1170      0.783      1.136    26.0740 0.0000e+00
      0.808      0.035     8.6030    105.125     42.753  43.667197    16.5079      7.276   165.1927 4.1493e+01     5.1982      0.792      1.149    26.0734 0.0000e+00
      0.818      0.038     8.5809    104.821     42.753  43.665938    16.5394      7.277   165.2903 4.1119e+01     5.2581      0.802      1.163    26.0713 0.0000e+00
      0.829      0.039     8.5612    104.602     42.739  43.652089    16.8185      7.278   165.6323 4.0750e+01     5.3635      0.814      1.180    26.0668 0.0000e+00
      0.841      0.040     8.5440    104.525     42.716  43.626699    17.3268      7.278   166.2311 4.0314e+01     5.5152      0.825      1.197    26.0638 0.0000e+00
      0.852      0.043     8.5193    104.543     42.707  43.612836    17.6167      7.278   166.7654 3.9907e+01     5.6240      0.837      1.213    26.0619 0.0000e+00
      0.861      0.049     8.4908    104.528     42.716  43.611409    17.6681      7.275   167.0158 3.9520e+01     5.7225      0.846      1.227    26.0617 0.0000e+00
      0.868      0.056     8.4714    104.424     42.727  43.609423    17.7736      7.274   167.1937 3.8971e+01     5.7148      0.849      1.232    26.0627 0.0000e+00
      0.881      0.062     8.4658    104.222     42.717  43.588803    17.9513      7.274   167.6257 3.8081e+01     5.5653      0.859      1.247    26.0609 0.0000e+00
      0.903      0.071     8.4742    103.853     42.689  43.552504    18.0443      7.272   168.2823 3.6999e+01     5.4518      0.885      1.283    26.0559 0.0000e+00
      0.927      0.081     8.4757    103.278     42.696  43.551362    18.0827      7.268   168.7660 3.6074e+01     5.4368      0.913      1.323    26.0433 0.0000e+00
      0.947      0.089     8.4687    102.536     42.734  43.574981    18.3820      7.265   169.0850 3.5236e+01     5.5194      0.929      1.346    26.0264 0.0000e+00
      0.967      0.093     8.4577    101.668     42.763  43.584161    18.9076      7.264   169.3870 3.4066e+01     5.6651      0.944      1.369    26.0119 0.0000e+00
      0.994      0.093     8.4312    100.692     42.798  43.598846    19.1863      7.263   169.6645 3.2859e+01     5.7297      0.975      1.415    26.0033 0.0000e+00
      1.023      0.093     8.3827     99.637     42.842  43.625562    19.2050      7.261   170.0308 3.2022e+01     5.6849      1.006      1.459    25.9981 0.0000e+00
      1.048      0.093     8.3240     98.584     42.885  43.653259    19.2839      7.261   170.3739 3.1224e+01     5.6700      1.027      1.491    25.9821 0.0000e+00
      1.069      0.092     8.2575     97.574     42.928  43.679816    19.4488      7.261   170.5437 3.0466e+01     5.7205      1.049      1.522    25.9524 0.0000e+00
      1.089      0.090     8.1821     96.509     42.956  43.692743    19.5424      7.262   170.7072 2.9871e+01     5.7490      1.067      1.548    25.9271 0.0000e+00
      1.110      0.088     8.0963     95.306     42.959  43.682580    19.5508      7.262   171.0600 2.9193e+01     5.7077      1.086      1.576    25.9094 0.0000e+00
      1.134      0.084     8.0099     93.991     42.969  43.683861    19.5586      7.262   171.4537 2.8440e+01     5.6655      1.113      1.614    25.8897 0.0000e+00
      1.159      0.079     7.9365     92.668     42.997  43.708221    19.7117      7.263   171.5961 2.7786e+01     5.7855      1.137      1.649    25.8706 0.0000e+00
      1.182      0.073     7.8547     91.435     43.012  43.723215    20.0031      7.265   171.7483 2.7266e+01     5.9969      1.160      1.682    25.8506 0.0000e+00
      1.200      0.065     7.7587     90.392     43.028  43.738199    20.1597      7.266   172.2616 2.6888e+01     6.0688      1.181      1.712    25.8337 0.0000e+00
      1.213      0.059     7.6492     89.667     43.058  43.762444    20.1572      7.266   172.8983 2.6590e+01     6.0060      1.190      1.726    25.8244 0.0000e+00
      1.223      0.054     7.5389     89.284     43.065  43.762455    20.0900      7.266   173.3378 2.6303e+01     5.9208      1.199      1.739    25.8203 0.0000e+00
      1.233      0.050     7.4375     89.138     43.043  43.738325    19.9970      7.266   173.5320 2.5982e+01     5.8931      1.208      1.753    25.8210 0.0000e+00
      1.246      0.047     7.3462     89.109     43.028  43.724581    19.9559      7.266   173.6970 2.5550e+01     5.9441      1.219      1.769    25.8218 0.0000e+00
      1.261      0.045     7.2881     89.186     43.024  43.723228    19.9591      7.266   173.9574 2.5127e+01     5.9907      1.237      1.793    25.8133 0.0000e+00
      1.277      0.042     7.2623     89.431     43.020  43.721969    20.0027      7.267   174.1840 2.4885e+01     5.9785      1.254      1.819    25.8000 0.0000e+00
      1.287      0.037     7.2555     89.824     43.005  43.709368    20.0667      7.268   174.2861 2.4769e+01     5.9330      1.264      1.833    25.7987 0.0000e+00
      1.293      0.031     7.2524     90.275     42.992  43.697817    20.1004      7.270   174.4174 2.4679e+01     5.9189      1.268      1.839    25.8036 0.0000e+00
      1.297      0.026     7.2548     90.734     43.003  43.709253    20.1109      7.271   174.7396 2.4625e+01     5.9444      1.271      1.845    25.8067 0.0000e+00
      1.302      0.021     7.2750     91.144     43.014  43.720690    20.1443      7.273   175.1704 2.4569e+01     5.9005      1.277      1.852    25.8103 0.0000e+00
      1.308      0.018     7.3107     91.471     43.001  43.709150    20.2041      7.274   175.4961 2.4497e+01     5.7640      1.283      1.861    25.8136 0.0000e+00
      1.313      0.016     7.3474     91.761     42.988  43.696672    20.2268      7.276   175.5805 2.4465e+01     5.6602      1.289      1.869    25.8163 0.0000e+00
      1.317      0.014     7.3860     91.977     42.988  43.696767    20.2192      7.278   175.6743 2.4454e+01     5.6702      1.293      1.874    25.8158 0.0000e+00
      1.320      0.012     7.4231     92.060     43.003  43.710303    20.1448      7.280   175.9428 2.4448e+01     5.7478      1.294      1.877    25.8144 0.0000e+00
      1.321      0.012     7.4444     92.033     43.028  43.733383    19.9927      7.281   176.0723 2.4453e+01     5.7778      1.296      1.879    25.8167 0.0000e+00
      1.323      0.013     7.4701     91.916     43.018  43.721938    19.8955      7.283   176.0361 2.4420e+01     5.7265      1.297      1.881    25.8189 0.0000e+00
      1.326      0.015     7.4916     91.743     42.995  43.698858    19.8685      7.284   176.1934 2.4339e+01     5.6737      1.300      1.884    25.8178 0.0000e+00
      1.330      0.019     7.4951     91.548     43.004  43.708213    19.8738      7.285   176.5115 2.4258e+01     5.6522      1.304      1.891    25.8153 0.0000e+00
      1.335      0.023     7.4950     91.389     43.003  43.708118    20.0179      7.286   176.6991 2.4153e+01     5.6714      1.309      1.899    25.8120 0.0000e+00
      1.341      0.027     7.4830     91.292     42.990  43.697713    20.2869      7.288   176.7415 2.3958e+01     5.7353      1.314      1.906    25.8107 0.0000e+00
      1.350      0.029     7.4689     91.252     42.997  43.709358    20.4385      7.289   176.6796 2.3724e+01     5.7069      1.324      1.921    25.8121 0.0000e+00
      1.360      0.030     7.4511     91.333     43.006  43.721967    20.4361      7.290   176.6384 2.3527e+01     5.6017      1.335      1.936    25.8124 0.0000e+00
      1.368      0.030     7.4356     91.522     43.006  43.723227    20.3656      7.291   176.7595 2.3382e+01     5.6252      1.342      1.946    25.8127 0.0000e+00
      1.374      0.029     7.4316     91.704     43.004  43.724589    20.2611      7.292   176.9402 2.3280e+01     5.7852      1.347      1.954    25.8162 0.0000e+00
      1.381      0.026     7.4209     91.764     43.014  43.738447    20.2209      7.292   177.1020 2.3148e+01     5.9318      1.353      1.964    25.8228 0.0000e+00
      1.389      0.024     7.4290     91.686     43.042  43.763837    20.2287      7.293   177.2525 2.3020e+01     5.9626      1.363      1.977    25.8272 0.0000e+00
      1.395      0.022     7.4484     91.580     43.061  43.777677    20.1647      7.295   177.3830 2.2962e+01     5.9179      1.369      1.986    25.8252 0.0000e+00
      1.400      0.021     7.4654     91.460     43.066  43.778822    20.0462      7.296   177.5617 2.2942e+01     5.9041      1.373      1.992    25.8314 0.0000e+00
      1.404      0.019     7.4727     91.343     43.067  43.777678    19.9867      7.296   177.8644 2.2936e+01     5.9659      1.377      1.997    25.8405 0.0000e+00
      1.408      0.018     7.4578     91.196     43.056  43.763839    19.9933      7.297   178.0319 2.2880e+01     6.0159      1.379      2.001    25.8329 0.0000e+00
      1.413      0.018     7.4550     90.937     43.031  43.738451    20.0182      7.299   177.9523 2.2768e+01     5.9630      1.385      2.010    25.8244 0.0000e+00
      1.418      0.017     7.4431     90.703     43.016  43.724602    20.0380      7.300   177.9347 2.2681e+01     5.8730      1.392      2.019    25.8226 0.0000e+00
      1.423      0.016     7.4326     90.592     43.011  43.723343    20.0414      7.300   178.0768 2.2618e+01     5.8500      1.396      2.025    25.8183 0.0000e+00
      1.427      0.014     7.4312     90.583     43.005  43.723230    20.0340      7.301   178.2083 2.2582e+01     5.8900      1.400      2.031    25.8145 0.0000e+00
      1.430      0.012     7.3986     90.670     42.997  43.723249    19.9993      7.302   178.4060 2.2574e+01     5.8771      1.403      2.034    25.8162 0.0000e+00
      1.432      0.012     7.3781     90.831     42.992  43.723589    19.9374      7.304   178.7465 2.2547e+01     5.7634      1.404      2.036    25.8183 0.0000e+00
      1.433      0.012     7.3714     91.089     42.994  43.727345    19.8935      7.304   178.8832 2.2490e+01     5.6772      1.406      2.039    25.8190 0.0000e+00
      1.436      0.013     7.3675     91.429     43.037  43.768663    19.8765      7.305   178.5965 2.2388e+01     5.6887      1.408      2.042    25.8279 0.0000e+00
      1.441      0.013     7.3760     91.729     43.119  43.842315    19.8989      7.306   178.1195 2.2269e+01     5.7311      1.413      2.049    25.8398 0.0000e+00
      1.446      0.013     7.3860     91.898     43.149  43.856168    20.0636      7.307   177.9334 2.2189e+01     5.7796      1.419      2.058    25.8469 0.0000e+00
      1.450      0.012     7.4059     91.885     43.120  43.809182    20.3197      7.307   178.2393 2.2151e+01     5.7978      1.422      2.062    25.8470 0.0000e+00
      1.452      0.010     7.4399     91.618     43.104  43.781967    20.4407      7.307   178.8070 2.2139e+01     5.7458      1.424      2.065    25.8452 0.0000e+00
      1.454      0.008     7.4671     91.054     43.104  43.781006    20.4364      7.308   179.2902 2.2161e+01     5.6630      1.427      2.070    25.8391 0.0000e+00
      1.456      0.007     7.4846     90.324     43.114  43.797557    20.4006      7.310   179.4363 2.2216e+01     5.6507      1.428      2.072    25.8135 0.0000e+00
      1.456      0.009     7.4902     89.727     43.167  43.855148    20.3488      7.310   179.4549 2.2272e+01     5.7004      1.428      2.072    25.7887 0.0000e+00
      1.457      0.014     7.4715     89.372     43.285  43.969548    20.3338      7.311   179.6873 2.2319e+01     5.7167      1.429      2.072    25.7765 0.0000e+00
      1.458      0.021     7.4244     89.132     43.433  44.101680    20.3203      7.311   180.0089 2.2318e+01     5.7109      1.430      2.073    25.7762 0.0000e+00
      1.462      0.028     7.3490     88.817     43.546  44.183225    20.1355      7.310   180.3323 2.2167e+01     5.7328      1.433      2.078    25.7877 0.0000e+00
