Data/DataNotYetUploadedToEDI/Raw_CTD/RawDownloads/0729224_fcr50__SB7809006.cnv
* Sea-Bird SBE19plus  Data File:
* FileName = C:\R\Reservoirs\Data\DataNotYetUploadedToEDI\Raw_CTD\RawDownloads\0730224_fcr50_SB7809_0008.hex
* Software version 2.8.0.119
* Temperature SN = 7809
* Conductivity SN = 7809
* System UpLoad Time = Jul 30 2024 15:58:10
* <ApplicationData>
* <Seaterm232>
# nquan = 15
# nvalues = 950                         
# units = specified
# name 0 = depFM: Depth [fresh water, m]
# name 1 = dz/dtM: Descent Rate [m/s]
# name 2 = sbeox0Mg/L: Oxygen, SBE 43 [mg/l]
# name 3 = sbeox0PS: Oxygen, SBE 43 [% saturation]
# name 4 = specc: Specific Conductance [uS/cm]
# name 5 = c0uS/cm: Conductivity [uS/cm]
# name 6 = flECO-AFL: Fluorescence, WET Labs ECO-AFL/FL [mg/m^3]
# name 7 = ph: pH
# name 8 = orp: Oxidation Reduction Potential [mV]
# name 9 = par/sat/log: PAR/Logarithmic, Satlantic
# name 10 = turbWETntu0: Turbidity, WET Labs ECO [NTU]
# name 11 = prdM: Pressure, Strain Gauge [db]
# name 12 = prdE: Pressure, Strain Gauge [psi]
# name 13 = tv290C: Temperature [ITS-90, deg C]
# name 14 = flag:  0.000e+00
# span 0 =     -0.642,      9.557       
# span 1 =     -0.195,      0.234       
# span 2 =     0.1407,     9.3402       
# span 3 =      1.391,    115.386       
# span 4 =      0.790,    484.845       
# span 5 =   0.734100, 361.821943       
# span 6 =    -0.1036,    69.2343       
# span 7 =      5.566,      7.466       
# span 8 =   104.6549,   494.6533       
# span 9 = 1.2359e-01, 4.2917e+02       
# span 10 =    -0.3139,   100.6171      
# span 11 =     -0.630,      9.376      
# span 12 =     -0.914,     13.598      
# span 13 =    12.2381,    26.3759      
# span 14 = 0.0000e+00, 0.0000e+00      
# interval = seconds: 0.25
# start_time = Jul 29 2024 13:32:53 [Instrument's time stamp, header]
# bad_flag = -9.990e-29
*END*
[from data line 579]
      3.113      0.049     0.1531      1.646     47.721  40.084200     3.7386      7.081   178.4770 1.7445e+00    19.4719      3.053      4.428    17.5143 0.0000e+00
      3.129      0.051     0.1559      1.635     47.796  40.072397     3.7512      7.081   178.0670 1.6747e+00    19.6525      3.068      4.450    17.3744 0.0000e+00
      3.144      0.054     0.1558      1.613     47.890  40.117916     3.8127      7.081   177.4708 1.6425e+00    20.8967      3.084      4.472    17.2293 0.0000e+00
      3.156      0.056     0.1589      1.602     47.951  40.190268     3.9404      7.080   177.0329 1.6251e+00    23.3451      3.096      4.490    17.0959 0.0000e+00
      3.166      0.056     0.1593      1.596     47.964  40.249120     4.0050      7.079   176.9876 1.5935e+00    24.7973      3.104      4.502    16.9848 0.0000e+00
      3.180      0.054     0.1594      1.589     48.015  40.321835     4.0112      7.078   177.1811 1.5464e+00    25.0304      3.116      4.520    16.9028 0.0000e+00
      3.198      0.049     0.1554      1.594     48.058  40.371385     4.0155      7.078   177.2219 1.4879e+00    25.0361      3.137      4.550    16.8588 0.0000e+00
      3.216      0.043     0.1549      1.596     48.078  40.403985     3.9654      7.078   176.6211 1.4407e+00    25.2074      3.158      4.580    16.8881 0.0000e+00
      3.227      0.035     0.1552      1.580     48.127  40.462170     3.8724      7.078   175.0794 1.4195e+00    25.7009      3.167      4.594    16.9693 0.0000e+00
      3.231      0.027     0.1522      1.552     48.149  40.503721     3.8221      7.079   173.5514 1.4142e+00    26.0502      3.169      4.596    16.9930 0.0000e+00
      3.232      0.020     0.1547      1.532     48.228  40.589084     3.8236      7.079   173.1174 1.4113e+00    26.1520      3.170      4.597    16.9898 0.0000e+00
      3.235      0.019     0.1548      1.522     48.391  40.732722     3.8402      7.079   173.1019 1.4040e+00    26.0780      3.173      4.602    17.0217 0.0000e+00
      3.238      0.023     0.1532      1.509     48.424  40.780718     3.8487      7.078   172.8469 1.3952e+00    25.8038      3.176      4.608    17.0262 0.0000e+00
      3.242      0.029     0.1495      1.490     48.425  40.788635     3.8347      7.078   171.8422 1.3743e+00    25.6034      3.178      4.609    17.0563 0.0000e+00
      3.250      0.036     0.1469      1.470     48.751  41.018865     3.8124      7.078   170.4178 1.3339e+00    25.4999      3.185      4.619    17.0918 0.0000e+00
      3.265      0.045     0.1474      1.469     49.747  41.787267     3.6953      7.078   170.0789 1.2909e+00    24.7233      3.203      4.646    17.0665 0.0000e+00
      3.279      0.055     0.1455      1.489     51.324  43.034105     3.4680      7.077   170.5843 1.2634e+00    23.2848      3.218      4.668    17.1052 0.0000e+00
      3.290      0.065     0.1440      1.499     53.497  44.732795     3.3272      7.075   170.9360 1.2463e+00    22.4193      3.226      4.679    17.1445 0.0000e+00
      3.305      0.075     0.1410      1.500     56.496  47.027800     3.2912      7.073   170.2020 1.2269e+00    22.0480      3.238      4.697    17.0696 0.0000e+00
      3.326      0.085     0.1407      1.510     59.382  49.134809     3.1330      7.070   168.7636 1.2023e+00    19.5470      3.259      4.727    16.9928 0.0000e+00
      3.351      0.094     0.1451      1.525     61.209  50.336393     2.8550      7.067   168.4292 1.1624e+00    15.0322      3.287      4.767    16.9363 0.0000e+00
      3.379      0.100     0.1457      1.546     62.123  50.825276     2.7093      7.065   168.9123 1.1145e+00    12.5837      3.314      4.806    16.8362 0.0000e+00
      3.408      0.102     0.1453      1.556     62.641  51.045259     2.6947      7.062   168.5820 1.0697e+00    12.2828      3.341      4.845    16.6572 0.0000e+00
      3.437      0.099     0.1480      1.547     62.972  51.154488     2.6198      7.058   167.1888 1.0327e+00    11.5312      3.372      4.891    16.3751 0.0000e+00
      3.462      0.094     0.1495      1.544     63.105  51.129771     2.4697      7.056   165.1454 1.0118e+00    10.2939      3.397      4.927    16.0982 0.0000e+00
      3.484      0.087     0.1534      1.548     63.145  51.063749     2.3868      7.054   162.3741 9.8724e-01     9.7220      3.416      4.954    15.8855 0.0000e+00
      3.505      0.081     0.1559      1.553     63.140  50.991090     2.3838      7.052   159.4069 9.5363e-01     9.7408      3.438      4.986    15.7284 0.0000e+00
      3.524      0.077     0.1530      1.553     63.158  50.949666     2.3574      7.050   156.8016 9.3244e-01     9.5989      3.458      5.014    15.6103 0.0000e+00
      3.539      0.074     0.1541      1.553     63.136  50.880323     2.3009      7.048   154.2761 9.1883e-01     9.3051      3.470      5.033    15.4956 0.0000e+00
      3.557      0.073     0.1544      1.570     63.059  50.787586     2.2579      7.046   151.7582 8.9523e-01     9.1601      3.485      5.055    15.4215 0.0000e+00
      3.578      0.076     0.1556      1.594     63.002  50.717336     2.2459      7.043   149.5020 8.6317e-01     9.2122      3.509      5.089    15.3720 0.0000e+00
      3.599      0.081     0.1558      1.606     62.990  50.602398     2.2469      7.040   147.9050 8.4075e-01     9.2171      3.532      5.123    15.3336 0.0000e+00
      3.616      0.086     0.1542      1.601     63.095  50.477221     2.2127      7.036   146.7307 8.2412e-01     8.7756      3.545      5.141    15.2846 0.0000e+00
      3.636      0.090     0.1577      1.597     63.219  50.346524     2.1396      7.032   145.1119 7.8884e-01     8.0075      3.561      5.164    15.2527 0.0000e+00
      3.663      0.092     0.1598      1.596     63.296  50.228306     2.0876      7.028   143.1310 7.3963e-01     7.5818      3.593      5.211    15.2764 0.0000e+00
      3.691      0.091     0.1627      1.588     63.416  50.190595     2.0658      7.023   141.5371 6.9871e-01     7.5224      3.622      5.255    15.2039 0.0000e+00
      3.716      0.086     0.1608      1.578     63.467  50.144400     2.0097      7.019   140.2081 6.6479e-01     7.5620      3.644      5.285    15.0000 0.0000e+00
      3.741      0.078     0.1614      1.569     63.314  49.987137     1.9177      7.018   138.4201 6.4051e-01     7.6172      3.668      5.320    14.7930 0.0000e+00
      3.761      0.071     0.1630      1.567     63.137  49.813004     1.8605      7.017   136.2666 6.3373e-01     7.5746      3.693      5.357    14.6650 0.0000e+00
      3.772      0.067     0.1610      1.568     63.134  49.753320     1.8340      7.015   134.3884 6.2761e-01     7.4910      3.700      5.368    14.5608 0.0000e+00
      3.781      0.064     0.1615      1.572     63.221  49.773393     1.7970      7.013   133.1774 6.1197e-01     7.5287      3.703      5.372    14.4775 0.0000e+00
      3.796      0.061     0.1593      1.574     63.292  49.801666     1.7620      7.013   132.2924 5.7730e-01     7.6886      3.720      5.395    14.4760 0.0000e+00
      3.818      0.059     0.1599      1.559     63.379  49.841157     1.7530      7.012   131.1734 5.1780e-01     7.7851      3.744      5.431    14.4570 0.0000e+00
      3.840      0.059     0.1601      1.534     63.442  49.869860     1.7455      7.011   129.9734 4.7029e-01     7.7730      3.771      5.468    14.3939 0.0000e+00
      3.854      0.057     0.1605      1.537     63.457  49.894704     1.7389      7.011   129.1401 4.4925e-01     7.8154      3.782      5.485    14.3515 0.0000e+00
      3.862      0.052     0.1619      1.548     63.401  49.887584     1.7558      7.010   128.6688 4.2730e-01     7.9559      3.785      5.488    14.3434 0.0000e+00
      3.873      0.046     0.1605      1.536     63.239  49.783824     1.7758      7.009   127.9747 4.0902e-01     8.0709      3.798      5.508    14.3167 0.0000e+00
      3.887      0.041     0.1552      1.527     63.104  49.656108     1.7890      7.009   126.8577 4.0198e-01     8.1477      3.813      5.531    14.2859 0.0000e+00
      3.898      0.038     0.1567      1.524     63.118  49.613246     1.7910      7.010   125.6597 3.9365e-01     8.3042      3.823      5.544    14.3025 0.0000e+00
      3.907      0.037     0.1604      1.512     63.053  49.519499     1.7820      7.011   124.7611 3.7988e-01     8.4943      3.831      5.557    14.3429 0.0000e+00
      3.915      0.036     0.1559      1.507     62.691  49.220993     1.7800      7.012   124.1666 3.6695e-01     8.6014      3.840      5.570    14.3740 0.0000e+00
      3.922      0.036     0.1556      1.512     62.406  48.988219     1.7843      7.014   123.4618 3.6362e-01     8.6763      3.846      5.579    14.3538 0.0000e+00
      3.930      0.037     0.1572      1.518     62.516  49.054301     1.7924      7.014   122.5202 3.6139e-01     8.7163      3.852      5.587    14.2916 0.0000e+00
      3.940      0.040     0.1542      1.534     62.804  49.258048     1.7953      7.015   121.6435 3.5292e-01     8.8811      3.863      5.602    14.2532 0.0000e+00
      3.953      0.045     0.1538      1.526     62.950  49.356406     1.7854      7.016   120.9494 3.4401e-01     9.2332      3.877      5.624    14.2535 0.0000e+00
      3.964      0.048     0.1557      1.489     62.963  49.354615     1.7809      7.016   120.3231 3.2501e-01     9.4222      3.888      5.639    14.2519 0.0000e+00
      3.976      0.049     0.1543      1.469     63.043  49.426848     1.7987      7.017   119.6636 2.9565e-01     9.5265      3.896      5.651    14.2297 0.0000e+00
      3.991      0.048     0.1586      1.461     63.044  49.467853     1.8752      7.018   118.9121 2.8303e-01    10.2545      3.913      5.675    14.2093 0.0000e+00
      4.006      0.046     0.1589      1.444     62.909  49.405994     1.9911      7.018   118.2915 2.8058e-01    11.5295      3.930      5.701    14.2003 0.0000e+00
      4.018      0.043     0.1508      1.423     62.916  49.440893     2.0431      7.017   117.8386 2.7214e-01    12.2352      3.940      5.714    14.1835 0.0000e+00
      4.028      0.040     0.1503      1.412     62.894  49.445391     2.0382      7.017   117.2225 2.6159e-01    12.3308      3.949      5.728    14.1844 0.0000e+00
      4.036      0.038     0.1506      1.422     62.086  48.825469     2.0809      7.018   116.3481 2.5097e-01    13.1641      3.959      5.741    14.2289 0.0000e+00
      4.042      0.037     0.1478      1.429     61.206  48.104085     2.1681      7.019   115.6125 2.4610e-01    14.7264      3.964      5.749    14.2720 0.0000e+00
      4.050      0.037     0.1456      1.419     60.877  47.770655     2.2101      7.018   115.2973 2.3701e-01    15.5418      3.969      5.757    14.2893 0.0000e+00
      4.062      0.041     0.1430      1.407     58.626  45.936761     2.1978      7.016   115.0320 2.1411e-01    15.6438      3.981      5.774    14.3021 0.0000e+00
      4.075      0.049     0.1460      1.394     54.862  42.879921     2.1447      7.014   114.4696 1.9997e-01    16.0971      3.999      5.801    14.3315 0.0000e+00
      4.084      0.058     0.1473      1.391     53.098  41.280468     2.0756      7.014   113.7457 2.0988e-01    16.9231      4.007      5.812    14.3200 0.0000e+00
      4.094      0.065     0.1453      1.432     53.078  41.006811     2.0445      7.014   113.2486 2.2019e-01    17.3987      4.008      5.813    14.2152 0.0000e+00
      4.114      0.073     0.1446      1.614     53.199  40.903675     2.0345      7.014   113.3646 2.0912e-01    17.4745      4.030      5.846    14.1790 0.0000e+00
      4.141      0.081     0.1430      2.109     53.398  40.921785     1.9549      7.015   113.7707 1.8361e-01    17.5325      4.066      5.896    14.1340 0.0000e+00
      4.163      0.085     0.1427      3.064     53.593  40.971757     1.8060      7.016   113.8567 1.6434e-01    17.5870      4.085      5.924    13.8793 0.0000e+00
      4.183      0.085     0.1447      4.449     53.711  41.000037     1.7334      7.018   113.8882 1.5528e-01    17.6556      4.097      5.944    13.5944 0.0000e+00
      4.208      0.085     0.1571      6.052     53.931  41.136712     1.7426      7.020   114.0660 1.4531e-01    17.7467      4.128      5.987    13.4192 0.0000e+00
      4.232      0.086     0.2023      7.676     54.190  41.291413     1.6675      7.021   114.4578 1.3461e-01    18.0061      4.157      6.029    13.3083 0.0000e+00
      4.247      0.087     0.3028      9.188     54.354  41.347227     1.4912      7.023   115.0109 1.3011e-01    18.4686      4.164      6.039    13.2094 0.0000e+00
      4.264      0.087     0.4602     10.543     54.462  41.367186     1.3835      7.024   115.1618 1.3127e-01    18.7623      4.174      6.053    13.1485 0.0000e+00
      4.294      0.084     0.6358     11.964     54.564  41.405726     1.3809      7.026   114.9051 1.3322e-01    18.8238      4.210      6.107    13.1416 0.0000e+00
      4.324      0.079     0.8100     13.872     54.640  41.432361     1.3934      7.028   114.5745 1.3055e-01    18.8368      4.247      6.160    13.1104 0.0000e+00
      4.344      0.073     0.9773     16.601     54.680  41.435310     1.3852      7.030   115.0368 1.2738e-01    18.9526      4.261      6.180    13.0259 0.0000e+00
      4.358      0.065     1.1108     20.119     54.702  41.441346     1.3562      7.032   116.3645 1.2771e-01    19.1651      4.272      6.196    12.9621 0.0000e+00
      4.371      0.060     1.2440     24.133     54.779  41.505335     1.3261      7.034   117.2918 1.2754e-01    19.2551      4.289      6.221    12.9414 0.0000e+00
      4.381      0.061     1.4304     28.366     54.974  41.637776     1.3126      7.035   117.5588 1.2754e-01    19.2894      4.298      6.234    12.9105 0.0000e+00
      4.389      0.068     1.7208     32.436     55.235  41.773280     1.2837      7.035   117.7002 1.2673e-01    19.4765      4.300      6.237    12.8801 0.0000e+00
      4.406      0.081     2.1112     35.911     55.563  41.937695     1.2184      7.035   118.3130 1.2654e-01    19.7751      4.317      6.261    12.8671 0.0000e+00
      4.432      0.097     2.5381     38.590     55.903  42.102311     1.1644      7.037   119.4620 1.2772e-01    19.9285      4.348      6.306    12.8856 0.0000e+00
      4.461      0.112     3.0007     40.638     56.147  42.176756     1.1375      7.040   120.4925 1.2782e-01    19.9304      4.374      6.343    12.8915 0.0000e+00
      4.491      0.124     3.4562     42.554     56.325  42.202980     1.0935      7.042   120.9644 1.2731e-01    20.1743      4.401      6.383    12.8142 0.0000e+00
      4.527      0.129     3.8376     44.942     56.470  42.228841     1.0236      7.044   121.1244 1.2556e-01    20.6226      4.440      6.439    12.7339 0.0000e+00
      4.566      0.128     4.1244     48.462     56.552  42.235454     0.9834      7.046   121.6526 1.2402e-01    20.8419      4.479      6.495    12.6664 0.0000e+00
      4.602      0.122     4.3272     53.358     56.568  42.219407     0.9816      7.048   122.7045 1.2388e-01    20.8792      4.513      6.546    12.5541 0.0000e+00
      4.634      0.114     4.5246     59.156     56.593  42.225203     0.9945      7.050   123.9487 1.2384e-01    20.9372      4.546      6.593    12.4522 0.0000e+00
      4.662      0.107     4.7565     65.279     56.628  42.242043     1.0224      7.051   125.3385 1.2378e-01    20.9953      4.574      6.635    12.3787 0.0000e+00
      4.682      0.101     5.1199     71.200     56.628  42.232593     1.0445      7.053   126.6892 1.2375e-01    21.0015      4.593      6.661    12.3301 0.0000e+00
      4.700      0.099     5.6798     76.398     56.646  42.237883     1.0450      7.054   127.3742 1.2373e-01    20.9781      4.606      6.680    12.3103 0.0000e+00
      4.724      0.100     6.3182     80.474     56.661  42.242514     1.0198      7.054   127.8559 1.2372e-01    20.9516      4.630      6.716    12.3026 0.0000e+00
