Data/DataNotYetUploadedToEDI/Raw_CTD/RawDownloads/072924_bvr50_S7809001.cnv
* Sea-Bird SBE19plus  Data File:
* FileName = C:\R\Reservoirs\Data\DataNotYetUploadedToEDI\Raw_CTD\RawDownloads\07302024_BVR50_FCR10_20_30_40_0001.hex
* Software version 2.8.0.119
* Temperature SN = 7809
* Conductivity SN = 7809
* System UpLoad Time = Jul 30 2024 12:54:06
* <ApplicationData>
* <Seaterm232>
# nquan = 15
# nvalues = 1845                        
# units = specified
# name 0 = depFM: Depth [fresh water, m]
# name 1 = dz/dtM: Descent Rate [m/s]
# name 2 = sbeox0Mg/L: Oxygen, SBE 43 [mg/l]
# name 3 = sbeox0PS: Oxygen, SBE 43 [% saturation]
# name 4 = specc: Specific Conductance [uS/cm]
# name 5 = c0uS/cm: Conductivity [uS/cm]
# name 6 = flECO-AFL: Fluorescence, WET Labs ECO-AFL/FL [mg/m^3]
# name 7 = ph: pH
# name 8 = orp: Oxidation Reduction Potential [mV]
# name 9 = par/sat/log: PAR/Logarithmic, Satlantic
# name 10 = turbWETntu0: Turbidity, WET Labs ECO [NTU]
# name 11 = prdM: Pressure, Strain Gauge [db]
# name 12 = prdE: Pressure, Strain Gauge [psi]
# name 13 = tv290C: Temperature [ITS-90, deg C]
# name 14 = flag:  0.000e+00
# span 0 =     -0.727,      9.296       
# span 1 =     -0.097,      0.154       
# span 2 =    -0.1074,     8.7199       
# span 3 =     -1.005,    107.315       
# span 4 =      0.380,    195.050       
# span 5 =   0.370796, 136.952316       
# span 6 =    -0.0835,    92.8630       
# span 7 =     -2.111,      7.555       
# span 8 = -1240.7455,   627.1092       
# span 9 = 1.2360e-01, 2.6625e+02       
# span 10 =    -0.3207,    45.3982      
# span 11 =     -0.713,      9.116      
# span 12 =     -1.034,     13.222      
# span 13 =    10.0697,    26.3076      
# span 14 = 0.0000e+00, 0.0000e+00      
# interval = seconds: 0.25
# start_time = Jul 29 2024 09:29:51 [Instrument's time stamp, header]
# bad_flag = -9.990e-29
*END*
[from data line 1350]
      3.307      0.007     0.2011      2.141     32.640  27.003938    16.1064      7.539   257.8378 3.6457e+00     5.8910      3.242      4.702    16.2025 0.0000e+00
      3.309      0.008     0.2031      2.236     32.597  27.005843    18.5770      7.538   258.0660 3.6307e+00     5.8495      3.245      4.706    16.2448 0.0000e+00
      3.312      0.009     0.1985      2.389     32.875  27.234211    23.0722      7.538   258.3401 3.6096e+00     5.7634      3.248      4.710    16.2706 0.0000e+00
      3.315      0.010     0.2044      2.570     33.298  27.545290    25.5135      7.538   258.6570 3.5889e+00     5.7040      3.250      4.715    16.2863 0.0000e+00
      3.319      0.010     0.2088      2.768     33.795  27.912932    25.8549      7.537   258.9724 3.5669e+00     5.6443      3.255      4.721    16.3604 0.0000e+00
      3.323      0.012     0.2152      2.975     34.570  28.508012    27.3836      7.537   259.2285 3.5495e+00     5.8269      3.260      4.727    16.4460 0.0000e+00
      3.323      0.016     0.2337      3.159     35.436  29.158687    30.1465      7.537   259.5162 3.5405e+00     6.2724      3.259      4.728    16.4446 0.0000e+00
      3.323      0.023     0.2508      3.280     35.706  29.310384    31.6355      7.537   259.8700 3.5265e+00     6.4872      3.258      4.725    16.3522 0.0000e+00
      3.328      0.032     0.2710      3.322     35.459  29.073489    31.7213      7.536   260.2365 3.4985e+00     6.4086      3.261      4.729    16.2887 0.0000e+00
      3.338      0.041     0.2930      3.277     35.676  29.275577    31.2848      7.533   260.6775 3.4558e+00     6.3121      3.271      4.744    16.2458 0.0000e+00
      3.353      0.050     0.3129      3.120     36.560  30.041222    26.3822      7.530   261.1592 3.3992e+00     6.2088      3.287      4.768    16.1504 0.0000e+00
      3.370      0.057     0.3268      2.872     37.555  30.845947    17.3970      7.528   261.4145 3.3412e+00     6.0817      3.306      4.795    16.0210 0.0000e+00
      3.387      0.060     0.3302      2.612     38.322  31.393395    12.4778      7.525   261.5269 3.2902e+00     6.0055      3.322      4.817    15.9510 0.0000e+00
      3.402      0.060     0.3279      2.362     38.853  31.712281    11.8986      7.522   261.8294 3.2407e+00     5.9375      3.337      4.839    16.0153 0.0000e+00
      3.417      0.059     0.3114      2.121     39.217  31.910182    10.5939      7.518   262.1464 3.1957e+00     5.6689      3.352      4.862    16.1124 0.0000e+00
      3.431      0.058     0.2820      1.916     39.405  32.009808     8.2966      7.514   262.4346 3.1507e+00     5.2166      3.364      4.880    16.1045 0.0000e+00
      3.445      0.056     0.2573      1.763     39.530  32.092079     7.0522      7.511   262.9907 3.0879e+00     4.9783      3.377      4.898    15.9726 0.0000e+00
      3.462      0.054     0.2347      1.658     39.926  32.397389     6.9167      7.507   263.7079 3.0243e+00     4.9740      3.395      4.924    15.7967 0.0000e+00
      3.477      0.054     0.2090      1.601     40.915  33.163648     6.6923      7.503   264.0510 2.9861e+00     4.9940      3.411      4.948    15.6543 0.0000e+00
      3.488      0.057     0.1888      1.577     42.279  34.187844     6.3288      7.499   263.6983 2.9521e+00     5.0491      3.421      4.962    15.5946 0.0000e+00
      3.498      0.061     0.1742      1.576     43.389  34.946918     6.1502      7.493   262.7979 2.8980e+00     5.0940      3.429      4.974    15.5901 0.0000e+00
      3.511      0.066     0.1630      1.598     44.030  35.298852     6.1219      7.486   261.4239 2.8096e+00     5.0579      3.441      4.991    15.5755 0.0000e+00
      3.530      0.071     0.1586      1.617     44.493  35.524211     5.8294      7.480   260.0782 2.6956e+00     4.9200      3.460      5.017    15.5427 0.0000e+00
      3.554      0.077     0.1571      1.627     45.185  35.958387     5.2931      7.474   259.4335 2.5951e+00     4.7934      3.488      5.057    15.4592 0.0000e+00
      3.577      0.085     0.1565      1.651     46.224  36.677769     5.0143      7.467   259.3930 2.5121e+00     4.7906      3.509      5.091    15.2825 0.0000e+00
      3.596      0.092     0.1612      1.681     47.314  37.432604     5.0138      7.460   259.5030 2.4212e+00     4.7842      3.524      5.113    15.0686 0.0000e+00
      3.616      0.098     0.1646      1.711     48.234  38.041422     5.0457      7.454   258.9557 2.3107e+00     4.8872      3.545      5.141    14.9041 0.0000e+00
      3.641      0.101     0.1633      1.742     49.317  38.771873     5.0841      7.448   256.9060 2.1700e+00     5.2159      3.568      5.175    14.7849 0.0000e+00
      3.671      0.102     0.1680      1.758     50.752  39.791353     5.1033      7.442   253.9936 1.9867e+00     5.4448      3.599      5.219    14.6729 0.0000e+00
      3.705      0.099     0.1712      1.755     51.801  40.531043     5.1103      7.437   251.4470 1.8135e+00     5.5028      3.635      5.274    14.5597 0.0000e+00
      3.733      0.090     0.1741      1.747     52.131  40.734284     5.1277      7.432   248.6571 1.6940e+00     5.4729      3.663      5.314    14.4348 0.0000e+00
      3.754      0.079     0.1793      1.732     52.570  41.042839     5.2557      7.427   245.0404 1.5818e+00     5.3225      3.682      5.340    14.3010 0.0000e+00
      3.771      0.066     0.1813      1.715     53.318  41.596044     5.4840      7.422   241.6167 1.4830e+00     5.1873      3.700      5.367    14.1889 0.0000e+00
      3.783      0.056     0.1805      1.713     54.016  42.091643     5.5993      7.418   239.0099 1.4271e+00     5.1709      3.712      5.385    14.1110 0.0000e+00
      3.792      0.050     0.1798      1.709     54.979  42.782545     5.6187      7.415   236.8390 1.3541e+00     5.2259      3.715      5.390    14.0562 0.0000e+00
      3.802      0.048     0.1792      1.704     56.347  43.792744     5.7434      7.412   234.6410 1.2448e+00     5.3408      3.726      5.405    14.0307 0.0000e+00
      3.816      0.051     0.1749      1.696     57.436  44.594112     5.9575      7.409   232.2239 1.1403e+00     5.5011      3.743      5.428    14.0135 0.0000e+00
      3.829      0.058     0.1777      1.676     57.331  44.473656     6.0683      7.405   229.7258 1.0360e+00     5.6265      3.755      5.446    13.9625 0.0000e+00
      3.842      0.067     0.1764      1.669     56.182  43.542324     6.0597      7.402   227.5809 9.2191e-01     5.6959      3.766      5.463    13.9022 0.0000e+00
      3.859      0.075     0.1756      1.666     55.521  42.981867     6.0110      7.398   225.9067 8.0333e-01     5.8951      3.781      5.484    13.8535 0.0000e+00
      3.881      0.080     0.1772      1.645     55.982  43.283052     5.9370      7.393   224.5409 6.8223e-01     6.2253      3.805      5.517    13.8165 0.0000e+00
      3.906      0.083     0.1720      1.614     56.587  43.692776     5.8979      7.388   223.2853 5.8643e-01     6.3746      3.831      5.556    13.7846 0.0000e+00
      3.931      0.083     0.1727      1.588     56.890  43.873363     5.9051      7.384   221.9096 5.3340e-01     6.3688      3.855      5.591    13.7485 0.0000e+00
      3.954      0.078     0.1741      1.577     57.204  44.069968     5.9658      7.380   220.2968 4.9324e-01     6.2914      3.879      5.625    13.7084 0.0000e+00
      3.974      0.069     0.1710      1.576     57.539  44.292493     6.0814      7.375   218.1537 4.4647e-01     6.1229      3.899      5.655    13.6557 0.0000e+00
      3.989      0.059     0.1677      1.575     57.794  44.469098     6.1467      7.370   214.8407 4.1352e-01     5.9707      3.913      5.675    13.6022 0.0000e+00
      4.001      0.052     0.1646      1.580     57.984  44.618299     6.1472      7.366   210.1809 3.9880e-01     5.8850      3.923      5.690    13.5533 0.0000e+00
      4.011      0.047     0.1636      1.585     57.979  44.636464     6.1372      7.362   204.9182 4.0076e-01     5.8386      3.934      5.706    13.5137 0.0000e+00
      4.020      0.047     0.1648      1.583     57.775  44.498310     6.1267      7.359   199.6502 4.0507e-01     5.7518      3.941      5.717    13.4805 0.0000e+00
      4.029      0.048     0.1638      1.584     57.673  44.407926     6.1284      7.356   194.9255 3.8949e-01     5.6893      3.950      5.728    13.4619 0.0000e+00
      4.043      0.049     0.1647      1.585     57.743  44.432332     6.1328      7.354   191.1569 3.7755e-01     5.6636      3.964      5.749    13.4637 0.0000e+00
      4.059      0.047     0.1660      1.577     57.828  44.475976     6.1217      7.352   187.9832 3.7501e-01     5.6120      3.980      5.772    13.4887 0.0000e+00
      4.074      0.043     0.1641      1.555     57.870  44.491245     6.1190      7.350   185.1174 3.6852e-01     5.5433      3.996      5.795    13.5223 0.0000e+00
      4.087      0.038     0.1652      1.529     57.890  44.489980     6.1495      7.349   182.4908 3.5779e-01     5.4818      4.011      5.817    13.5015 0.0000e+00
      4.094      0.035     0.1656      1.512     57.782  44.397179     6.1823      7.347   180.0587 3.5405e-01     5.5176      4.018      5.827    13.4642 0.0000e+00
      4.096      0.034     0.1650      1.501     57.597  44.257867     6.1989      7.345   177.7363 3.6177e-01     5.5996      4.016      5.825    13.4523 0.0000e+00
      4.099      0.034     0.1627      1.496     57.590  44.265575     6.2348      7.344   175.3190 3.5926e-01     5.5856      4.018      5.828    13.4375 0.0000e+00
      4.109      0.037     0.1586      1.491     57.717  44.363445     6.2837      7.342   172.9434 3.4432e-01     5.4847      4.029      5.842    13.4217 0.0000e+00
      4.123      0.042     0.1580      1.488     58.069  44.615998     6.2983      7.340   170.7799 3.3410e-01     5.4394      4.044      5.866    13.4103 0.0000e+00
      4.137      0.049     0.1562      1.482     58.743  45.097366     6.3123      7.338   168.6918 3.3122e-01     5.4811      4.058      5.888    13.4106 0.0000e+00
      4.148      0.058     0.1563      1.463     59.271  45.422578     6.3607      7.336   166.6256 3.2982e-01     5.4764      4.066      5.899    13.4354 0.0000e+00
      4.159      0.067     0.1554      1.462     59.529  45.500966     6.4094      7.333   164.5544 3.3102e-01     5.3831      4.076      5.913    13.4368 0.0000e+00
      4.176      0.074     0.1550      1.487     59.815  45.600634     6.4344      7.330   162.6632 3.2562e-01     5.2756      4.092      5.936    13.4125 0.0000e+00
      4.198      0.079     0.1563      1.507     60.121  45.738762     6.4305      7.328   161.0536 3.1078e-01     5.2009      4.115      5.969    13.3991 0.0000e+00
      4.225      0.082     0.1518      1.512     60.346  45.837824     6.4032      7.326   159.2030 2.9087e-01     5.1638      4.143      6.009    13.3309 0.0000e+00
      4.250      0.082     0.1520      1.512     60.515  45.909551     6.3790      7.323   156.8939 2.7067e-01     5.0999      4.170      6.047    13.2105 0.0000e+00
      4.271      0.078     0.1569      1.509     60.662  45.971112     6.3712      7.320   154.4716 2.6174e-01     5.0431      4.190      6.077    13.1070 0.0000e+00
      4.288      0.073     0.1595      1.505     60.771  46.010748     6.3584      7.317   152.0267 2.6144e-01     5.0230      4.206      6.101    13.0295 0.0000e+00
      4.303      0.068     0.1595      1.496     60.893  46.071314     6.2747      7.315   149.5312 2.5722e-01     4.9256      4.221      6.121    12.9710 0.0000e+00
      4.318      0.064     0.1596      1.482     61.014  46.132026     6.1414      7.313   147.0133 2.4293e-01     4.8225      4.235      6.142    12.9285 0.0000e+00
      4.335      0.061     0.1596      1.481     61.031  46.109937     6.0794      7.310   144.2974 2.4089e-01     4.8014      4.251      6.165    12.8873 0.0000e+00
      4.352      0.060     0.1590      1.482     60.987  46.058128     6.0819      7.308   141.3865 2.5223e-01     4.8065      4.268      6.190    12.8464 0.0000e+00
      4.367      0.060     0.1591      1.463     60.915  46.013457     6.0803      7.305   138.5760 2.5057e-01     4.7815      4.284      6.212    12.8274 0.0000e+00
      4.380      0.061     0.1555      1.438     60.808  45.950741     6.0020      7.303   136.0426 2.3821e-01     4.7387      4.296      6.230    12.8068 0.0000e+00
      4.394      0.061     0.1566      1.428     60.767  45.934688     5.8675      7.301   133.6417 2.2869e-01     4.7667      4.308      6.248    12.7671 0.0000e+00
      4.410      0.062     0.1584      1.433     60.924  46.073304     5.8104      7.297   131.1423 2.2127e-01     4.8130      4.325      6.272    12.7464 0.0000e+00
      4.428      0.065     0.1550      1.433     61.290  46.357084     5.8029      7.295   128.7093 2.1060e-01     4.8203      4.342      6.298    12.7644 0.0000e+00
      4.445      0.070     0.1517      1.433     61.725  46.636032     5.7104      7.292   126.5941 1.9918e-01     4.8546      4.359      6.322    12.7836 0.0000e+00
      4.462      0.074     0.1499      1.447     62.154  46.843097     5.5405      7.291   124.4971 1.9353e-01     4.9208      4.375      6.346    12.7892 0.0000e+00
      4.480      0.075     0.1526      1.466     62.571  47.019467     5.4378      7.291   122.1967 1.9473e-01     4.9369      4.391      6.369    12.8095 0.0000e+00
      4.501      0.074     0.1514      1.478     62.849  47.117697     5.4267      7.289   119.9461 1.8479e-01     4.9130      4.412      6.400    12.8328 0.0000e+00
      4.525      0.070     0.1508      1.487     62.896  47.078365     5.3727      7.287   117.9345 1.6571e-01     4.9399      4.439      6.439    12.7999 0.0000e+00
      4.546      0.064     0.1535      1.490     62.834  46.988235     5.2513      7.284   116.0287 1.5633e-01     4.9538      4.459      6.469    12.6846 0.0000e+00
      4.561      0.059     0.1564      1.480     62.853  46.980202     5.1747      7.282   114.0254 1.4988e-01     4.9105      4.473      6.488    12.5583 0.0000e+00
      4.571      0.056     0.1578      1.470     63.045  47.108185     5.1530      7.280   111.6942 1.4569e-01     4.8950      4.485      6.504    12.4723 0.0000e+00
      4.578      0.056     0.1584      1.452     63.200  47.202412     5.1308      7.278   108.5782 1.6171e-01     4.9020      4.489      6.511    12.4137 0.0000e+00
      4.588      0.058     0.1607      1.433     63.200  47.167161     5.1135      7.275   104.9156 1.7770e-01     4.8595      4.493      6.518    12.3814 0.0000e+00
      4.606      0.063     0.1573      1.446     63.546  47.380292     5.1022      7.273   101.3081 1.7535e-01     4.7561      4.515      6.549    12.3683 0.0000e+00
      4.630      0.067     0.1576      1.459     64.357  47.938132     5.0852      7.271    97.7417 1.6840e-01     4.6434      4.542      6.588    12.3592 0.0000e+00
      4.650      0.070     0.1563      1.445     65.018  48.388360     5.0251      7.269    94.3176 1.5020e-01     4.4533      4.561      6.615    12.3453 0.0000e+00
      4.668      0.070     0.1502      1.429     65.228  48.506600     4.9333      7.268    91.4850 1.3619e-01     4.1996      4.578      6.639    12.3163 0.0000e+00
      4.683      0.068     0.1556      1.421     65.153  48.415352     4.8904      7.267    89.3046 1.3690e-01     4.1027      4.592      6.661    12.2775 0.0000e+00
      4.698      0.064     0.1580      1.401     65.037  48.300914     4.8735      7.265    87.4848 1.3860e-01     4.0680      4.605      6.680    12.2398 0.0000e+00
      4.715      0.061     0.1548      1.379     65.013  48.265750     4.8115      7.264    85.7428 1.3730e-01     4.0194      4.623      6.706    12.2076 0.0000e+00
      4.732      0.059     0.1526      1.372     65.078  48.307627     4.7325      7.261    83.9880 1.3144e-01     4.0955      4.642      6.733    12.1789 0.0000e+00
