Data/DataNotYetUploadedToEDI/Raw_CTD/RawDownloads/073123_bvr50_S7809009.cnv
* Sea-Bird SBE19plus  Data File:
* FileName = C:\R\Reservoirs\Data\DataNotYetUploadedToEDI\Raw_CTD\RawDownloads\073123_fcr50_S7809_0009.hex
* Software version 2.8.0.119
* Temperature SN = 7809
* Conductivity SN = 7809
* System UpLoad Time = Aug 03 2023 12:40:40
* <ApplicationData>
* <Seaterm232>
# nquan = 15
# nvalues = 3180                        
# units = specified
# name 0 = depFM: Depth [fresh water, m]
# name 1 = dz/dtM: Descent Rate [m/s]
# name 2 = sbeox0Mg/L: Oxygen, SBE 43 [mg/l]
# name 3 = sbeox0PS: Oxygen, SBE 43 [% saturation]
# name 4 = specc: Specific Conductance [uS/cm]
# name 5 = c0uS/cm: Conductivity [uS/cm]
# name 6 = flECO-AFL: Fluorescence, WET Labs ECO-AFL/FL [mg/m^3]
# name 7 = ph: pH
# name 8 = orp: Oxidation Reduction Potential [mV]
# name 9 = par/sat/log: PAR/Logarithmic, Satlantic
# name 10 = turbWETntu0: Turbidity, WET Labs ECO [NTU]
# name 11 = prdM: Pressure, Strain Gauge [db]
# name 12 = prdE: Pressure, Strain Gauge [psi]
# name 13 = tv290C: Temperature [ITS-90, deg C]
# name 14 = flag:  0.000e+00
# span 0 =     -0.711,      9.575       
# span 1 =     -0.334,      0.189       
# span 2 =     0.1369,     9.1805       
# span 3 =      1.322,    112.339       
# span 4 =      3.008,    169.687       
# span 5 =   3.134271, 115.913132       
# span 6 =    -0.6870,    96.0006       
# span 7 =      6.573,      9.238       
# span 8 =   -67.8584,   316.8650       
# span 9 = 1.2353e-01, 2.6047e+03       
# span 10 =   -10.9803,    27.3691      
# span 11 =     -0.697,      9.391      
# span 12 =     -1.011,     13.620      
# span 13 =     9.1307,    27.6882      
# span 14 = 0.0000e+00, 0.0000e+00      
# interval = seconds: 0.25
# start_time = Jul 31 2023 06:36:36 [Instrument's time stamp, header]
# bad_flag = -9.990e-29
*END*
[from data line 3085]
      1.503     -0.110     7.8439     98.864     30.009  31.274207     1.7335      7.029    66.5685 2.5171e+02     2.1305      1.473      2.136    26.9889 0.0000e+00
      1.477     -0.111     7.8492     98.895     30.018  31.293932     1.7331      7.024    67.0142 2.5261e+02     2.1909      1.448      2.100    27.0163 0.0000e+00
      1.452     -0.114     7.8552     98.957     30.042  31.333145     1.6960      7.023    67.8034 2.6133e+02     2.1837      1.425      2.067    27.0543 0.0000e+00
      1.424     -0.117     7.8666     98.985     30.057  31.367734     1.6259      7.023    68.8824 2.7481e+02     2.1127      1.400      2.030    27.0844 0.0000e+00
      1.391     -0.117     7.8618     98.979     30.063  31.395004     1.5926      7.021    69.7363 2.9300e+02     2.0831      1.366      1.981    27.1030 0.0000e+00
      1.354     -0.116     7.8604     98.967     30.053  31.409158     1.6013      7.020    69.8688 3.0375e+02     2.1332      1.326      1.923    27.1157 0.0000e+00
      1.323     -0.114     7.8672     98.970     30.035  31.412038     1.5984      7.023    69.7089 3.0664e+02     2.1372      1.294      1.877    27.1404 0.0000e+00
      1.298     -0.109     7.8628     99.042     30.039  31.429870     1.5996      7.030    69.7829 3.0662e+02     2.0642      1.272      1.846    27.1732 0.0000e+00
      1.274     -0.103     7.8568     99.179     30.038  31.434479     1.6240      7.038    70.1611 2.9913e+02     2.0359      1.251      1.815    27.2059 0.0000e+00
      1.247     -0.098     7.8504     99.318     30.005  31.404336     1.6508      7.043    70.8397 3.0417e+02     2.0688      1.222      1.772    27.2492 0.0000e+00
      1.222     -0.097     7.8416     99.434     29.980  31.382598     1.6742      7.048    71.5348 3.2445e+02     2.0857      1.197      1.736    27.2918 0.0000e+00
      1.199     -0.101     7.8443     99.542     29.957  31.361956     1.6746      7.052    72.1129 3.4226e+02     2.0698      1.177      1.707    27.3143 0.0000e+00
      1.177     -0.105     7.8577     99.625     29.939  31.345070     1.6553      7.054    72.5807 3.4861e+02     2.0818      1.155      1.675    27.3173 0.0000e+00
      1.151     -0.110     7.8683     99.611     29.963  31.368735     1.6483      7.053    73.1460 3.5316e+02     2.0936      1.131      1.641    27.3242 0.0000e+00
      1.120     -0.114     7.8747     99.467     29.988  31.394346     1.6490      7.050    73.9581 3.6384e+02     2.1101      1.098      1.594    27.3352 0.0000e+00
      1.087     -0.117     7.8830     99.309     29.993  31.400989     1.6221      7.046    74.5703 3.7249e+02     2.1455      1.064      1.545    27.3401 0.0000e+00
      1.055     -0.119     7.8916     99.246     29.978  31.385629     1.5643      7.037    74.6981 3.9196e+02     2.1107      1.034      1.501    27.3430 0.0000e+00
      1.024     -0.120     7.8936     99.256     29.934  31.335495     1.5253      7.026    74.7292 4.1651e+02     2.0991      1.003      1.454    27.3396 0.0000e+00
      0.995     -0.123     7.8773     99.316     29.911  31.302285     1.5244      7.020    75.1182 4.0533e+02     2.1423      0.974      1.412    27.3386 0.0000e+00
      0.968     -0.127     7.8595     99.395     29.921  31.301252     1.5197      7.022    75.8737 4.1410e+02     2.1208      0.951      1.380    27.3420 0.0000e+00
      0.938     -0.129     7.8578     99.452     29.953  31.322997     1.4852      7.028    76.8081 4.6509e+02     2.0782      0.924      1.341    27.3428 0.0000e+00
      0.900     -0.132     7.8587     99.478     30.005  31.374873     1.4563      7.033    77.6404 6.2298e+02     2.0709      0.883      1.282    27.3384 0.0000e+00
      0.860     -0.134     7.8669     99.532     30.038  31.421003     1.4621      7.040    78.1073 7.6521e+02     2.1008      0.840      1.219    27.3223 0.0000e+00
      0.825     -0.134     7.8778     99.720     30.032  31.436732     1.4979      7.050    78.2378 6.1759e+02     2.2006      0.808      1.170    27.2989 0.0000e+00
      0.795     -0.130     7.8854     99.993     30.014  31.438220     1.5308      7.058    78.5303 4.5930e+02     2.2876      0.781      1.132    27.2771 0.0000e+00
      0.762     -0.125     7.8888    100.192     30.005  31.439025     1.5351      7.062    79.1477 4.9281e+02     2.2985      0.747      1.084    27.2661 0.0000e+00
      0.730     -0.123     7.8837    100.227     30.008  31.446482     1.5251      7.065    79.5947 5.5194e+02     2.2984      0.713      1.033    27.2857 0.0000e+00
      0.702     -0.123     7.8946    100.129     30.022  31.464944     1.5009      7.071    79.9767 5.8833e+02     2.2517      0.687      0.998    27.3336 0.0000e+00
      0.674     -0.121     7.9169    100.026     30.020  31.471957     1.4669      7.079    80.6689 6.1281e+02     2.1442      0.664      0.963    27.3733 0.0000e+00
      0.641     -0.117     7.9323    100.011     30.004  31.467862     1.4392      7.083    81.5109 6.1682e+02     2.0571      0.630      0.913    27.3881 0.0000e+00
      0.606     -0.113     7.9348    100.036     30.002  31.478884     1.4155      7.082    82.2418 6.1320e+02     2.0529      0.591      0.856    27.3908 0.0000e+00
      0.576     -0.111     7.9212    100.004     29.993  31.478373     1.4133      7.077    82.6234 6.0399e+02     2.1275      0.561      0.813    27.3941 0.0000e+00
      0.552     -0.110     7.9079     99.929     29.973  31.461696     1.4299      7.071    82.8548 7.1772e+02     2.1733      0.541      0.785    27.4083 0.0000e+00
      0.528     -0.115     7.9052     99.918     29.977  31.467557     1.4328      7.064    83.1468 8.6030e+02     2.1278      0.518      0.752    27.4320 0.0000e+00
      0.503     -0.126     7.9079     99.977     29.996  31.485802     1.4228      7.054    83.1427 7.3062e+02     2.0902      0.493      0.715    27.4569 0.0000e+00
      0.474     -0.143     7.9032    100.044     30.001  31.491996     1.4095      7.049    82.8050 5.6272e+02     2.1294      0.468      0.678    27.4733 0.0000e+00
      0.438     -0.161     7.8904    100.061     29.986  31.479008     1.3802      7.054    82.5915 5.7202e+02     2.2252      0.434      0.630    27.4789 0.0000e+00
      0.389     -0.174     7.8909    100.015     29.964  31.455638     1.3351      7.067    82.7988 7.2150e+02     2.3259      0.385      0.559    27.4803 0.0000e+00
      0.332     -0.174     7.8979     99.953     29.974  31.463183     1.3052      7.075    83.1600 9.9315e+02     2.3222      0.325      0.471    27.4759 0.0000e+00
      0.276     -0.160     7.9048     99.894     30.016  31.506792     1.2941      7.074    83.6030 1.0597e+03     2.2832      0.268      0.390    27.4753 0.0000e+00
      0.229     -0.132     7.9064     99.867     30.041  31.538867     1.2669      7.073    84.4563 8.4190e+02     2.2642      0.220      0.320    27.4846 0.0000e+00
      0.195     -0.098     7.8991     99.893     30.026  31.533827     1.2253      7.075    87.0234 1.0035e+03     2.1954      0.184      0.267    27.4857 0.0000e+00
      0.180     -0.067     7.8964     99.881     29.994  31.509303     1.1993      7.079   105.9518 1.4750e+03     2.1007      0.171      0.248    27.4750 0.0000e+00
      0.180     -0.049     7.8917     99.808     29.977  31.496105     1.1863      7.089   139.7773 1.5081e+03     2.0070      0.175      0.253    27.4730 0.0000e+00
      0.185     -0.046     7.8852     99.840     29.981  31.501135     1.1923      7.104   158.7298 1.1988e+03     1.9847      0.183      0.266    27.4850 0.0000e+00
      0.185     -0.054     7.8886     99.989     29.986  31.506695     1.2222      7.117   159.1549 1.1355e+03     2.0355      0.188      0.272    27.5029 0.0000e+00
      0.170     -0.073     7.8893    100.166     29.980  31.499888     1.2474      7.124   143.5413 1.2258e+03     2.0750      0.175      0.254    27.5213 0.0000e+00
      0.137     -0.102     7.8712    100.415     29.965  31.482268     1.2557      7.132   115.4393 9.9177e+02     2.0865      0.135      0.196    27.5315 0.0000e+00
      0.102     -0.135     7.8748    100.612     29.971  31.483961     1.2477      7.142    99.6049 8.3985e+02     2.0720      0.094      0.136    27.5309 0.0000e+00
      0.073     -0.162     7.8944    100.589     30.010  31.520349     1.2257      7.153   108.3373 1.1221e+03     2.0707      0.075      0.108    27.5280 0.0000e+00
      0.036     -0.175     7.9006    100.541     30.028  31.541619     1.2057      7.160   131.7128 1.5564e+03     2.1054      0.045      0.066    27.5302 0.0000e+00
     -0.023     -0.172     7.9249    100.655     30.027  31.550834     1.1981      7.160   134.8731 1.7861e+03     2.1153     -0.017     -0.026    27.5286 0.0000e+00
     -0.091     -0.157     7.9540    100.779     30.032  31.568352     1.1841      7.157   111.1860 1.6708e+03     2.0880     -0.097     -0.139    27.5156 0.0000e+00
     -0.143     -0.132     7.9431    100.801     30.014  31.563132     1.1277      7.153    95.7740 1.5474e+03     2.0834     -0.150     -0.217    27.5029 0.0000e+00
     -0.169     -0.098     7.9284    100.750     29.992  31.551173     1.0489      7.148    95.8285 1.3469e+03     2.1279     -0.170     -0.247    27.5091 0.0000e+00
     -0.178     -0.062     7.9464    100.593     29.985  31.550651     1.0047      7.148   119.2437 1.0924e+03     2.1469     -0.179     -0.258    27.5293 0.0000e+00
     -0.178     -0.037     7.9542    100.441     29.989  31.556834     1.0014      7.157   163.7871 1.4162e+03     2.1085     -0.176     -0.254    27.5514 0.0000e+00
     -0.174     -0.033     7.9506    100.630     29.995  31.562497     1.0086      7.172   189.4898 1.8704e+03     2.0737     -0.169     -0.246    27.5770 0.0000e+00
     -0.174     -0.053     7.9429    100.765     29.992  31.555691     1.0082      7.186   193.8344 1.7002e+03     2.0681     -0.171     -0.248    27.5981 0.0000e+00
     -0.179     -0.093     7.9362    100.368     29.980  31.537968     1.0053      7.191   182.7628 1.4599e+03     2.1421     -0.173     -0.249    27.6068 0.0000e+00
     -0.199     -0.152     7.8964     99.971     29.982  31.538508     0.9903      7.184   139.2542 1.5909e+03     2.5934     -0.186     -0.268    27.6087 0.0000e+00
     -0.242     -0.218     7.9274     99.921     30.007  31.562221     0.8772      7.159    97.7992 1.7286e+03     7.3198     -0.233     -0.336    27.6074 0.0000e+00
     -0.307     -0.272     7.9764     99.962     30.021  31.570941     0.6781      7.124   105.7942 1.7318e+03    16.0082     -0.295     -0.428    27.6003 0.0000e+00
     -0.396     -0.297     7.9026     99.512     30.041  31.580496     0.5721      7.096   137.3200 1.7048e+03    20.7432     -0.376     -0.545    27.5892 0.0000e+00
     -0.511     -0.289     7.8715     98.278     30.089  31.614305     0.5446      7.077   153.5740 1.6840e+03    20.9143     -0.500     -0.725    27.5872 0.0000e+00
     -0.624     -0.253     7.8715     96.703     30.149  31.662521     0.2210      7.067   156.3973 1.7231e+03    17.6328     -0.632     -0.917    27.5877 0.0000e+00
     -0.689     -0.198     7.8970     95.309     30.215  31.719400    -0.3779      7.065   144.3546 1.7986e+03    11.5366     -0.695     -1.009    27.5775 0.0000e+00
     -0.708     -0.133     7.8808     94.169     30.420  31.921380    -0.6870      7.044   132.8089 1.8313e+03     8.2836     -0.696     -1.010    27.5582 0.0000e+00
     -0.709     -0.071     7.7636     93.005     31.854  33.406840    -0.6373      6.984   146.5469 1.7973e+03     8.4640     -0.695     -1.008    27.5273 0.0000e+00
     -0.709     -0.026     7.6288     91.895     34.867  36.547054     0.1068      6.916   162.2139 1.7163e+03    13.3072     -0.696     -1.008    27.5019 0.0000e+00
     -0.709     -0.006     7.5162     91.470     36.547  38.292573     1.4681      6.877   163.9246 1.5688e+03    22.1613     -0.694     -1.007    27.4841 0.0000e+00
     -0.709     -0.001     7.4454     91.792     35.813  37.507321     2.2053      6.865   163.6171 1.3767e+03    26.9773     -0.695     -1.009    27.4619 0.0000e+00
     -0.710     -0.001     7.3577     91.628     34.508  36.126880     2.2788      6.860   163.4007 1.0704e+03    27.3691     -0.696     -1.010    27.4334 0.0000e+00
     -0.710     -0.001     7.2476     89.993     27.490  28.772485     2.2492      6.858   161.9101 9.4580e+02    26.5568     -0.696     -1.010    27.4036 0.0000e+00
     -0.710     -0.000     7.2013     87.193     14.309  14.973249     1.6222      6.857   159.1889 1.3605e+03    16.9171     -0.696     -1.010    27.3816 0.0000e+00
     -0.710 -1.864e-08     7.2839     83.985      6.203   6.487418     0.4653      6.857   160.4403 1.7276e+03    -0.7799     -0.696     -1.010    27.3579 0.0000e+00
     -0.710 -2.050e-07     7.3111     81.023      4.818   5.036018    -0.1528      6.863   166.8028 1.7228e+03   -10.4017     -0.696     -1.010    27.3367 0.0000e+00
     -0.710 -2.050e-07     7.1602     78.732      4.873   5.090534    -0.1743      6.878   167.8883 1.5225e+03   -10.9803     -0.696     -1.010    27.3215 0.0000e+00
     -0.710 -1.864e-08     6.9197     77.130      4.782   4.992611     0.0131      6.877   161.0892 1.3310e+03    -8.2878     -0.696     -1.010    27.3047 0.0000e+00
     -0.711 -1.695e-09     6.6504     76.211      4.056   4.232110     0.3402      6.849   153.7705 1.3291e+03    -3.2960     -0.697     -1.011    27.2859 0.0000e+00
     -0.711 -1.541e-10     6.4026     76.098      3.293   3.433973     0.5277      6.837   152.8764 1.4071e+03    -0.5653     -0.697     -1.011    27.2598 0.0000e+00
     -0.710 -1.400e-11     6.2292     76.639      3.008   3.134271     0.5570      6.850   154.9239 1.4802e+03    -0.2757     -0.696     -1.010    27.2253 0.0000e+00
     -0.710 -1.273e-12     6.1096     77.561      3.140   3.269016     0.4187      6.854   154.5221 1.2129e+03    -0.2050     -0.696     -1.009    27.1922 0.0000e+00
     -0.710 -1.157e-13     6.0274     78.533      3.954   4.112969     0.1377      6.845   156.1923 7.9118e+02    -0.1201     -0.696     -1.009    27.1595 0.0000e+00
     -0.710 -1.052e-14     6.0328     79.254      5.336   5.546439    -0.0024      6.826   151.8008 8.6728e+02    -0.0356     -0.696     -1.010    27.1238 0.0000e+00
     -0.711 -9.565e-16     6.0865     79.809      5.866   6.093536    -0.0097      6.798   131.8828 1.2589e+03    -0.0376     -0.697     -1.011    27.0866 0.0000e+00
     -0.711 -8.695e-17     6.1707     80.333      5.392   5.596350    -0.0420      6.782   103.5333 1.5984e+03    -0.1091     -0.697     -1.011    27.0487 0.0000e+00
     -0.711 -7.905e-18     6.2695     80.812      5.112   5.300249    -0.0767      6.784    85.1300 1.8530e+03    -0.1838     -0.697     -1.011    27.0098 0.0000e+00
     -0.711 -7.186e-19     6.3214     81.233      4.933   5.111004    -0.0800      6.783   103.1296 2.0192e+03    -0.2225     -0.697     -1.011    26.9700 0.0000e+00
     -0.710 -6.589e-20     6.3660     81.516      4.664   4.828653    -0.0653      6.776   145.7321 1.7004e+03    -0.2355     -0.696     -1.010    26.9285 0.0000e+00
     -0.710 -1.188e-20     6.4164     81.606      4.578   4.737187    -0.0565      6.772   166.8536 1.2970e+03    -0.2394     -0.696     -1.010    26.8894 0.0000e+00
     -0.710 -9.990e-29     6.4571 -9.990e-29 -9.990e-29 -9.990e-29 -9.990e-29 -9.990e-29 -9.990e-29 1.6725e+03 -9.990e-29     -0.696     -1.010    26.8407 0.0000e+00
     -0.710 -9.990e-29     6.5006 -9.990e-29 -9.990e-29 -9.990e-29 -9.990e-29 -9.990e-29 -9.990e-29 2.1003e+03 -9.990e-29     -0.697     -1.011    26.7968 0.0000e+00
     -0.710 -9.990e-29     6.5319 -9.990e-29 -9.990e-29 -9.990e-29 -9.990e-29 -9.990e-29 -9.990e-29 2.1239e+03 -9.990e-29     -0.696     -1.010    26.7408 0.0000e+00
     -0.710 -9.990e-29     6.5412 -9.990e-29 -9.990e-29 -9.990e-29 -9.990e-29 -9.990e-29 -9.990e-29 2.1189e+03 -9.990e-29     -0.696     -1.010    26.6970 0.0000e+00
