Data/DataNotYetUploadedToEDI/Raw_CTD/RawDownloads/073123_bvr50_S7809009.cnv
* Sea-Bird SBE19plus  Data File:
* FileName = C:\R\Reservoirs\Data\DataNotYetUploadedToEDI\Raw_CTD\RawDownloads\073123_fcr50_S7809_0009.hex
* Software version 2.8.0.119
* Temperature SN = 7809
* Conductivity SN = 7809
* System UpLoad Time = Aug 03 2023 12:40:40
* <ApplicationData>
* <Seaterm232>
# nquan = 15
# nvalues = 3180                        
# units = specified
# name 0 = depFM: Depth [fresh water, m]
# name 1 = dz/dtM: Descent Rate [m/s]
# name 2 = sbeox0Mg/L: Oxygen, SBE 43 [mg/l]
# name 3 = sbeox0PS: Oxygen, SBE 43 [% saturation]
# name 4 = specc: Specific Conductance [uS/cm]
# name 5 = c0uS/cm: Conductivity [uS/cm]
# name 6 = flECO-AFL: Fluorescence, WET Labs ECO-AFL/FL [mg/m^3]
# name 7 = ph: pH
# name 8 = orp: Oxidation Reduction Potential [mV]
# name 9 = par/sat/log: PAR/Logarithmic, Satlantic
# name 10 = turbWETntu0: Turbidity, WET Labs ECO [NTU]
# name 11 = prdM: Pressure, Strain Gauge [db]
# name 12 = prdE: Pressure, Strain Gauge [psi]
# name 13 = tv290C: Temperature [ITS-90, deg C]
# name 14 = flag:  0.000e+00
# span 0 =     -0.711,      9.575       
# span 1 =     -0.334,      0.189       
# span 2 =     0.1369,     9.1805       
# span 3 =      1.322,    112.339       
# span 4 =      3.008,    169.687       
# span 5 =   3.134271, 115.913132       
# span 6 =    -0.6870,    96.0006       
# span 7 =      6.573,      9.238       
# span 8 =   -67.8584,   316.8650       
# span 9 = 1.2353e-01, 2.6047e+03       
# span 10 =   -10.9803,    27.3691      
# span 11 =     -0.697,      9.391      
# span 12 =     -1.011,     13.620      
# span 13 =     9.1307,    27.6882      
# span 14 = 0.0000e+00, 0.0000e+00      
# interval = seconds: 0.25
# start_time = Jul 31 2023 06:36:36 [Instrument's time stamp, header]
# bad_flag = -9.990e-29
*END*
[from data line 482]
      0.849      0.007     7.9149    100.634     30.035  31.634904     1.5462      7.689   239.4943 4.1754e+02     2.1828      0.833      1.208    27.6584 0.0000e+00
      0.850      0.007     7.9118    100.676     30.053  31.653358     1.5583      7.691   239.8061 4.0799e+02     2.0735      0.834      1.209    27.6580 0.0000e+00
      0.852      0.007     7.9083    100.663     30.059  31.660703     1.5422      7.692   239.9621 4.1615e+02     2.0933      0.835      1.211    27.6574 0.0000e+00
      0.854      0.007     7.9149    100.631     30.059  31.660278     1.5337      7.693   239.9173 3.9180e+02     2.2172      0.836      1.214    27.6569 0.0000e+00
      0.856      0.007     7.9277    100.614     30.047  31.648224     1.5399      7.694   239.9538 3.6553e+02     2.3418      0.840      1.219    27.6567 0.0000e+00
      0.858      0.008     7.9286    100.628     30.041  31.641834     1.5416      7.698   240.1454 3.6161e+02     2.3353      0.842      1.221    27.6568 0.0000e+00
      0.859      0.010     7.9276    100.665     30.045  31.646449     1.5372      7.702   240.3410 3.6111e+02     2.2761      0.842      1.221    27.6571 0.0000e+00
      0.861      0.013     7.9233    100.721     30.040  31.640587     1.5120      7.703   240.4252 3.4547e+02     2.2758      0.844      1.224    27.6575 0.0000e+00
      0.863      0.015     7.9214    100.769     30.035  31.634396     1.4707      7.702   240.2177 3.3019e+02     2.3314      0.846      1.227    27.6578 0.0000e+00
      0.867      0.017     7.9237    100.792     30.035  31.635019     1.4447      7.700   239.9826 3.2252e+02     2.3679      0.850      1.232    27.6582 0.0000e+00
      0.874      0.017     7.9256    100.798     30.048  31.648122     1.4313      7.700   239.9919 3.2528e+02     2.3414      0.857      1.243    27.6581 0.0000e+00
      0.881      0.016     7.9316    100.796     30.064  31.665952     1.4255      7.701   240.1580 3.3607e+02     2.3182      0.866      1.255    27.6575 0.0000e+00
      0.885      0.015     7.9361    100.781     30.059  31.660289     1.4326      7.704   240.2701 3.7422e+02     2.3266      0.869      1.260    27.6570 0.0000e+00
      0.887      0.014     7.9372    100.743     30.043  31.643093     1.4419      7.707   240.2294 4.0588e+02     2.3740      0.870      1.261    27.6567 0.0000e+00
      0.888      0.014     7.9376    100.706     30.048  31.648340     1.4388      7.709   240.1822 3.9769e+02     2.4129      0.870      1.262    27.6565 0.0000e+00
      0.890      0.015     7.9375    100.715     30.060  31.660300     1.4281      7.709   240.2156 4.2214e+02     2.3872      0.871      1.265    27.6564 0.0000e+00
      0.895      0.016     7.9368    100.710     30.060  31.660819     1.4288      7.708   240.2885 4.5072e+02     2.3703      0.877      1.272    27.6564 0.0000e+00
      0.901      0.018     7.9337    100.618     30.054  31.654617     1.4390      7.707   240.3754 4.1710e+02     2.4133      0.885      1.284    27.6564 0.0000e+00
      0.907      0.018     7.9278    100.526     30.049  31.648754     1.4435      7.706   240.4916 3.9794e+02     2.4302      0.892      1.292    27.6562 0.0000e+00
      0.912      0.017     7.9306    100.516     30.053  31.653369     1.4408      7.706   240.7478 4.3097e+02     2.3690      0.895      1.298    27.6561 0.0000e+00
      0.916      0.016     7.9353    100.551     30.047  31.646979     1.4402      7.706   241.0637 4.7947e+02     2.2887      0.900      1.304    27.6561 0.0000e+00
      0.920      0.014     7.9230    100.596     30.036  31.634916     1.4450      7.707   241.2142 4.7570e+02     2.2444      0.903      1.309    27.6558 0.0000e+00
      0.923      0.013     7.9122    100.646     30.036  31.634386     1.4488      7.707   241.1912 4.2462e+02     2.2093      0.905      1.313    27.6556 0.0000e+00
      0.926      0.011     7.9148    100.701     30.042  31.640576     1.4443      7.705   240.9571 4.1895e+02     2.1720      0.908      1.316    27.6552 0.0000e+00
      0.929      0.010     7.9178    100.763     30.047  31.646325     1.4162      7.703   240.6210 4.3237e+02     2.1348      0.911      1.321    27.6546 0.0000e+00
      0.932      0.010     7.9214    100.817     30.041  31.640463     1.3834      7.703   240.4821 4.2117e+02     2.1005      0.914      1.327    27.6545 0.0000e+00
      0.934      0.011     7.9257    100.797     30.035  31.633128     1.3802      7.704   240.6542 4.1317e+02     2.1330      0.916      1.329    27.6547 0.0000e+00
      0.935      0.012     7.9298    100.652     30.024  31.621074     1.3865      7.704   241.0674 4.0469e+02     2.1520      0.917      1.330    27.6547 0.0000e+00
      0.938      0.013     7.9345    100.476     30.025  31.621594     1.4086      7.703   241.5198 3.9467e+02     2.0920      0.919      1.333    27.6547 0.0000e+00
      0.942      0.014     7.9410    100.371     30.042  31.639415     1.4556      7.702   241.6499 4.3766e+02     2.0561      0.924      1.339    27.6547 0.0000e+00
      0.947      0.014     7.9425    100.297     30.049  31.646239     1.4893      7.700   241.4365 4.9329e+02     2.0935      0.930      1.348    27.6546 0.0000e+00
      0.952      0.014     7.9274    100.218     30.044  31.640673     1.5002      7.697   241.3492 4.9272e+02     2.1685      0.934      1.355    27.6539 0.0000e+00
      0.955      0.013     7.9087    100.190     30.040  31.635549     1.4960      7.693   241.4546 4.6057e+02     2.2117      0.936      1.359    27.6528 0.0000e+00
      0.958      0.012     7.9039    100.242     30.051  31.647717     1.4720      7.690   241.5061 4.4110e+02     2.2399      0.939      1.362    27.6517 0.0000e+00
      0.961      0.010     7.8999    100.351     30.064  31.660923     1.4424      7.690   241.6272 5.0327e+02     2.3396      0.942      1.367    27.6510 0.0000e+00
      0.963      0.010     7.8906    100.496     30.070  31.668362     1.4384      7.690   241.8012 5.6461e+02     2.4256      0.944      1.370    27.6508 0.0000e+00
      0.965      0.010     7.8875    100.609     30.075  31.674224     1.4480      7.690   241.8027 5.2201e+02     2.4259      0.946      1.372    27.6505 0.0000e+00
      0.967      0.010     7.8935    100.640     30.069  31.668363     1.4675      7.691   241.8171 4.5845e+02     2.4113      0.948      1.375    27.6506 0.0000e+00
      0.970      0.010     7.9014    100.660     30.062  31.660928     1.5074      7.692   241.9746 4.4448e+02     2.4200      0.950      1.379    27.6509 0.0000e+00
      0.973      0.010     7.9147    100.695     30.050  31.647768     1.5381      7.692   242.1596 4.9318e+02     2.4281      0.953      1.383    27.6509 0.0000e+00
      0.976      0.010     7.9276    100.695     30.039  31.636121     1.5479      7.692   242.1615 5.2898e+02     2.3727      0.957      1.387    27.6509 0.0000e+00
      0.978      0.010     7.9249    100.683     30.049  31.646975     1.5348      7.692   241.9119 5.0886e+02     2.2630      0.959      1.391    27.6511 0.0000e+00
      0.981      0.010     7.9258    100.695     30.054  31.652121     1.5043      7.692   241.7220 4.7073e+02     2.1610      0.962      1.395    27.6513 0.0000e+00
      0.983      0.010     7.9323    100.676     30.038  31.634916     1.4865      7.694   241.7579 4.8400e+02     2.1299      0.964      1.398    27.6515 0.0000e+00
      0.986      0.010     7.9304    100.627     30.033  31.629253     1.4865      7.694   241.9169 5.3609e+02     2.1601      0.966      1.402    27.6517 0.0000e+00
      0.988      0.009     7.9268    100.612     30.050  31.647082     1.4881      7.694   241.9231 4.7227e+02     2.1511      0.969      1.405    27.6516 0.0000e+00
      0.991      0.009     7.9317    100.617     30.062  31.660185     1.4811      7.694   241.7468 3.8234e+02     2.1227      0.971      1.409    27.6512 0.0000e+00
      0.994      0.009     7.9304    100.633     30.062  31.660809     1.4840      7.693   241.6774 3.8431e+02     2.1583      0.975      1.413    27.6513 0.0000e+00
      0.996      0.009     7.9219    100.685     30.057  31.654626     1.5074      7.693   241.8584 3.9433e+02     2.2062      0.977      1.416    27.6516 0.0000e+00
      0.997      0.009     7.9234    100.735     30.052  31.648859     1.5393      7.692   242.2154 3.8011e+02     2.2569      0.978      1.418    27.6519 0.0000e+00
      0.999      0.008     7.9241    100.754     30.057  31.654514     1.5786      7.689   242.3800 3.7414e+02     2.3281      0.979      1.420    27.6518 0.0000e+00
      1.001      0.007     7.9227    100.774     30.062  31.659562     1.5986      7.687   242.2133 3.7959e+02     2.3155      0.982      1.424    27.6516 0.0000e+00
      1.004      0.006     7.9296    100.796     30.050  31.646450     1.5989      7.688   242.0929 3.8884e+02     2.3100      0.985      1.428    27.6516 0.0000e+00
      1.006      0.006     7.9347    100.790     30.028  31.622853     1.5995      7.688   242.2154 3.8924e+02     2.3971      0.986      1.430    27.6512 0.0000e+00
      1.006      0.006     7.9342    100.774     30.033  31.627995     1.5892      7.688   242.4038 3.6963e+02     2.3790      0.986      1.430    27.6507 0.0000e+00
      1.007      0.006     7.9358    100.774     30.049  31.645191     1.5653      7.688   242.4774 3.6912e+02     2.2271      0.986      1.430    27.6506 0.0000e+00
      1.008      0.007     7.9395    100.803     30.044  31.640463     1.5429      7.687   242.4166 3.8265e+02     2.1316      0.988      1.433    27.6504 0.0000e+00
      1.011      0.007     7.9382    100.894     30.038  31.634263     1.5442      7.686   242.2713 3.8860e+02     2.1473      0.991      1.438    27.6500 0.0000e+00
      1.013      0.008     7.9350    100.999     30.038  31.633656     1.5557      7.685   242.0981 3.8070e+02     2.2115      0.993      1.441    27.6500 0.0000e+00
      1.015      0.008     7.9371    101.061     30.037  31.633128     1.5486      7.682   241.9563 3.8762e+02     2.2937      0.995      1.444    27.6498 0.0000e+00
      1.017      0.008     7.9355    101.096     30.032  31.627882     1.5418      7.679   241.8476 4.0273e+02     2.3550      0.998      1.447    27.6495 0.0000e+00
      1.019      0.008     7.9453    101.093     30.037  31.633657     1.5481      7.677   241.8153 4.0746e+02     2.3720      1.000      1.450    27.6494 0.0000e+00
      1.020      0.009     7.9569    101.082     30.043  31.639520     1.5407      7.674   241.9958 4.2947e+02     2.3286      1.001      1.451    27.6495 0.0000e+00
      1.022      0.009     7.9584    101.117     30.039  31.635330     1.5198      7.671   242.3105 4.3163e+02     2.2057      1.002      1.454    27.6495 0.0000e+00
      1.025      0.010     7.9635    101.131     30.050  31.646438     1.5034      7.669   242.4373 4.1965e+02     2.1155      1.004      1.457    27.6497 0.0000e+00
      1.028      0.010     7.9624    101.051     30.051  31.646958     1.5008      7.665   242.3235 4.5429e+02     2.1265      1.008      1.462    27.6505 0.0000e+00
      1.032      0.010     7.9575    100.957     30.046  31.641618     1.5218      7.664   242.2255 5.1466e+02     2.2018      1.013      1.468    27.6510 0.0000e+00
      1.034      0.010     7.9635    100.885     30.050  31.645297     1.5492      7.663   242.2849 5.2617e+02     2.3093      1.015      1.472    27.6504 0.0000e+00
      1.036      0.010     7.9698    100.813     30.035  31.628005     1.5567      7.661   242.1806 4.8930e+02     2.3673      1.015      1.472    27.6501 0.0000e+00
      1.037      0.011     7.9571    100.773     30.031  31.622853     1.5463      7.659   241.8252 4.6442e+02     2.3559      1.017      1.475    27.6496 0.0000e+00
      1.040      0.012     7.9500    100.790     30.054  31.646440     1.5309      7.657   241.6016 4.5766e+02     2.3082      1.020      1.479    27.6480 0.0000e+00
      1.044      0.014     7.9471    100.866     30.067  31.659447     1.5210      7.656   241.5411 4.4385e+02     2.2346      1.024      1.485    27.6461 0.0000e+00
      1.048      0.016     7.9386    100.969     30.062  31.653245     1.5181      7.655   241.6111 4.2977e+02     2.1841      1.027      1.490    27.6442 0.0000e+00
      1.052      0.016     7.9359    101.029     30.045  31.634895     1.5045      7.652   241.6734 4.4607e+02     2.1755      1.031      1.495    27.6427 0.0000e+00
      1.057      0.016     7.9372    101.069     30.038  31.627882     1.4810      7.649   241.5194 4.6742e+02     2.2323      1.037      1.504    27.6418 0.0000e+00
      1.062      0.015     7.9433    101.130     30.042  31.631882     1.4668      7.649   241.2986 4.5601e+02     2.3593      1.041      1.510    27.6409 0.0000e+00
      1.066      0.015     7.9555    101.131     30.030  31.619818     1.4574      7.652   241.1549 4.4127e+02     2.4128      1.045      1.516    27.6401 0.0000e+00
      1.068      0.014     7.9593    101.058     30.020  31.608889     1.4433      7.654   241.1580 4.1967e+02     2.3666      1.048      1.520    27.6398 0.0000e+00
      1.071      0.014     7.9581    100.988     30.037  31.626613     1.4215      7.654   241.2498 4.2311e+02     2.3476      1.050      1.523    27.6396 0.0000e+00
      1.074      0.014     7.9690    100.924     30.053  31.643809     1.3936      7.654   241.3188 4.5929e+02     2.3879      1.053      1.528    27.6394 0.0000e+00
      1.079      0.015     7.9689    100.856     30.036  31.626499     1.3798      7.653   241.3896 4.9449e+02     2.4438      1.058      1.534    27.6397 0.0000e+00
      1.083      0.015     7.9587    100.814     30.018  31.607630     1.3876      7.651   241.5043 5.2008e+02     2.4428      1.062      1.541    27.6401 0.0000e+00
      1.087      0.015     7.9546    100.799     30.016  31.605966     1.3888      7.648   241.6732 4.9647e+02     2.3755      1.066      1.546    27.6403 0.0000e+00
      1.091      0.015     7.9504    100.802     30.017  31.606382     1.4104      7.645   241.7965 4.6948e+02     2.3479      1.070      1.552    27.6406 0.0000e+00
      1.095      0.014     7.9429    100.832     30.023  31.612660     1.4737      7.643   241.8760 4.5132e+02     2.3822      1.073      1.557    27.6412 0.0000e+00
      1.098      0.013     7.9399    100.854     30.028  31.618435     1.5133      7.641   241.8602 4.5058e+02     2.4141      1.077      1.562    27.6414 0.0000e+00
      1.101      0.013     7.9397    100.839     30.023  31.612783     1.5066      7.641   241.6920 4.7778e+02     2.3926      1.080      1.567    27.6413 0.0000e+00
      1.104      0.014     7.9382    100.806     30.018  31.607755     1.4759      7.645   241.6488 4.8620e+02     2.2925      1.082      1.570    27.6415 0.0000e+00
      1.107      0.015     7.9426    100.775     30.031  31.621074     1.4494      7.648   241.7686 4.7854e+02     2.1947      1.085      1.574    27.6415 0.0000e+00
      1.110      0.017     7.9455    100.747     30.056  31.646959     1.4444      7.643   241.7639 4.4394e+02     2.1665      1.087      1.577    27.6411 0.0000e+00
      1.114      0.018     7.9432    100.746     30.076  31.666983     1.4499      7.632   241.6777 4.1739e+02     2.1915      1.091      1.583    27.6409 0.0000e+00
      1.121      0.018     7.9400    100.789     30.082  31.672863     1.4491      7.624   241.6723 4.1331e+02     2.1888      1.099      1.594    27.6411 0.0000e+00
      1.127      0.018     7.9381    100.847     30.065  31.654628     1.4338      7.621   241.7853 4.1866e+02     2.1333      1.107      1.605    27.6403 0.0000e+00
      1.131      0.018     7.9353    100.908     30.048  31.636808     1.4320      7.612   241.8391 4.5957e+02     2.1359      1.111      1.611    27.6390 0.0000e+00
      1.134      0.016     7.9338    100.958     30.058  31.647718     1.4441      7.597   241.6356 4.9259e+02     2.1868      1.112      1.612    27.6380 0.0000e+00
      1.138      0.011     7.9398    100.979     30.069  31.659667     1.4377      7.583   241.4755 4.6504e+02     2.1676      1.115      1.618    27.6372 0.0000e+00
