Data/DataNotYetUploadedToEDI/Raw_CTD/RawDownloads/073124_ccr90_S8188005.cnv
* Sea-Bird SBE19plus  Data File:
* FileName = C:\R\Reservoirs\Data\DataNotYetUploadedToEDI\Raw_CTD\RawDownloads\073124_ccr88_S8188_0005.hex
* Software version 2.8.0.119
* Temperature SN = 8188
* Conductivity SN = 8188
* System UpLoad Time = Aug 02 2024 14:06:11
* <ApplicationData>
* <Seaterm232>
# nquan = 16
# nvalues = 1014                        
# units = specified
# name 0 = depFM: Depth [fresh water, m]
# name 1 = dz/dtM: Descent Rate [m/s]
# name 2 = sbeox0Mg/L: Oxygen, SBE 43 [mg/l]
# name 3 = sbeox0PS: Oxygen, SBE 43 [% saturation]
# name 4 = specc: Specific Conductance [uS/cm]
# name 5 = c0uS/cm: Conductivity [uS/cm]
# name 6 = wetCDOM: Fluorescence, WET Labs CDOM [mg/m^3]
# name 7 = flECO-AFL: Fluorescence, WET Labs ECO-AFL/FL [mg/m^3]
# name 8 = flECO-AFL1: Fluorescence, WET Labs ECO-AFL/FL, 2 [mg/m^3]
# name 9 = flECO-AFL2: Fluorescence, WET Labs ECO-AFL/FL, 3 [mg/m^3]
# name 10 = par/sat/log: PAR/Logarithmic, Satlantic
# name 11 = turbWETntu0: Turbidity, WET Labs ECO [NTU]
# name 12 = prdM: Pressure, Strain Gauge [db]
# name 13 = prdE: Pressure, Strain Gauge [psi]
# name 14 = tv290C: Temperature [ITS-90, deg C]
# name 15 = flag:  0.000e+00
# span 0 =     -0.476,      4.238       
# span 1 =     -0.218,      0.164       
# span 2 =     3.8039,     9.6467       
# span 3 =     48.889,    125.692       
# span 4 =   -431.858,    117.986       
# span 5 =-459.886631, 127.650323       
# span 6 =    -4.5000,   306.5400       
# span 7 =    -0.2922,     1.9509       
# span 8 =    -2.1300,     1.1076       
# span 9 =    -2.0304,     4.1877       
# span 10 = 1.1570e-01, 1.7212e-01      
# span 11 =    -0.8685,   337.0322      
# span 12 =     -0.467,      4.156      
# span 13 =     -0.677,      6.028      
# span 14 =    24.4356,    29.1582      
# span 15 = 0.0000e+00, 0.0000e+00      
# interval = seconds: 0.25
# start_time = Jul 31 2024 20:48:39 [Instrument's time stamp, header]
# bad_flag = -9.990e-29
*END*
[from data line 543]
      2.223      0.056     8.1611    105.564    117.713 126.433860    10.8900     0.5165     0.0426     0.2538 1.1612e-01    -0.0678      2.180      3.162    28.6944 0.0000e+00
      2.236      0.056     8.1597    105.587    117.688 126.407579    10.8900     0.5242     0.0426     0.2538 1.1612e-01    -0.0829      2.193      3.181    28.6948 0.0000e+00
      2.250      0.057     8.1592    105.620    117.664 126.379634    10.8900     0.5432     0.0426     0.2538 1.1625e-01    -0.0376      2.207      3.200    28.6957 0.0000e+00
      2.265      0.059     8.1590    105.643    117.666 126.378589    10.8900     0.5280     0.0426     0.2538 1.1612e-01    -0.0376      2.221      3.221    28.6967 0.0000e+00
      2.280      0.062     8.1596    105.628    117.682 126.392159    10.8900     0.5699     0.0426     0.2538 1.1607e-01    -0.0376      2.236      3.244    28.6975 0.0000e+00
      2.297      0.064     8.1614    105.578    117.678 126.383946    10.8900     0.5776     0.0852     0.1692 1.1615e-01    -0.1585      2.252      3.267    28.6974 0.0000e+00
      2.313      0.067     8.1641    105.521    117.645 126.343754    10.8900     0.5585     0.0852     0.1692 1.1610e-01    -0.0980      2.269      3.290    28.6966 0.0000e+00
      2.331      0.070     8.1660    105.489    117.611 126.300883    10.8900     0.5623     0.0852     0.1692 1.1600e-01    -0.0980      2.286      3.315    28.6953 0.0000e+00
      2.348      0.074     8.1651    105.502    117.591 126.271914    10.8900     0.5127     0.0852     0.1692 1.1595e-01     0.0077      2.303      3.340    28.6938 0.0000e+00
      2.367      0.078     8.1615    105.561    117.582 126.253123    10.8900     0.5432     0.0852     0.2115 1.1612e-01    -0.0074      2.321      3.367    28.6920 0.0000e+00
      2.387      0.083     8.1574    105.645    117.584 126.243500    10.8900     0.5089     0.0852     0.2115 1.1610e-01    -0.0678      2.341      3.395    28.6899 0.0000e+00
      2.409      0.087     8.1552    105.734    117.600 126.248481    10.8900     0.5470     0.0852     0.2115 1.1612e-01    -0.0829      2.362      3.427    28.6875 0.0000e+00
      2.433      0.090     8.1567    105.800    117.618 126.257390    10.8900     0.5394     0.0852     0.2115 1.1612e-01    -0.0527      2.386      3.460    28.6845 0.0000e+00
      2.457      0.091     8.1618    105.825    117.622 126.252592    10.8900     0.5127     0.0000     0.1269 1.1602e-01    -0.0829      2.410      3.495    28.6804 0.0000e+00
      2.482      0.091     8.1691    105.810    117.618 126.240811    10.8900     0.5356     0.0000     0.1269 1.1612e-01    -0.0980      2.434      3.530    28.6754 0.0000e+00
      2.505      0.089     8.1767    105.763    117.617 126.234912    10.8900     0.5165     0.0000     0.1269 1.1605e-01    -0.0074      2.456      3.563    28.6702 0.0000e+00
      2.527      0.088     8.1824    105.690    117.621 126.233322    10.8900     0.5127     0.0000     0.1269 1.1597e-01    -0.0829      2.478      3.595    28.6656 0.0000e+00
      2.548      0.088     8.1849    105.602    117.630 126.237618    10.8900     0.5165     0.0426     0.0000 1.1612e-01     0.0681      2.499      3.625    28.6618 0.0000e+00
      2.570      0.088     8.1842    105.499    117.641 126.242941    10.8900     0.5242     0.0426     0.0000 1.1587e-01    -0.0980      2.520      3.655    28.6589 0.0000e+00
      2.592      0.089     8.1809    105.388    117.643 126.238706    10.8900     0.5203     0.0426     0.0000 1.1623e-01    -0.1283      2.541      3.686    28.6565 0.0000e+00
      2.615      0.091     8.1756    105.300    117.647 126.235789    10.8900     0.5356     0.0426     0.0000 1.1612e-01    -0.1283      2.564      3.719    28.6542 0.0000e+00
      2.639      0.093     8.1690    105.261    117.655 126.235412    10.8900     0.5432     0.0426     0.0000 1.1623e-01    -0.0678      2.588      3.754    28.6518 0.0000e+00
      2.664      0.094     8.1615    105.263    117.653 126.223468    10.8900     0.5356     0.0426     0.2115 1.1617e-01    -0.1283      2.612      3.789    28.6493 0.0000e+00
      2.688      0.096     8.1533    105.272    117.643 126.200773    10.8900     0.5089     0.0426     0.2115 1.1610e-01    -0.0074      2.636      3.824    28.6465 0.0000e+00
      2.712      0.096     8.1469    105.263    117.632 126.173280    10.8900     0.5318     0.0426     0.2115 1.1600e-01    -0.0678      2.660      3.858    28.6432 0.0000e+00
      2.737      0.096     8.1445    105.230    117.625 126.147662    10.8900     0.5165     0.0426     0.2115 1.1612e-01    -0.0376      2.684      3.893    28.6396 0.0000e+00
      2.761      0.096     8.1452    105.185    117.639 126.145101    10.8900     0.5356     0.0426     0.1269 1.1597e-01    -0.0980      2.708      3.928    28.6355 0.0000e+00
      2.786      0.095     8.1467    105.141    117.664 126.156906    10.8900     0.5509     0.0426     0.1269 1.1610e-01    -0.1283      2.732      3.963    28.6302 0.0000e+00
      2.811      0.093     8.1469    105.104    117.666 126.146209    10.8900     0.5585     0.0426     0.1269 1.1592e-01    -0.0980      2.757      3.998    28.6236 0.0000e+00
      2.835      0.091     8.1454    105.075    117.639 126.108155    10.8900     0.5509     0.0426     0.1269 1.1620e-01    -0.1585      2.780      4.032    28.6161 0.0000e+00
      2.857      0.089     8.1430    105.055    117.613 126.070612    10.8900     0.5623     0.0426     0.2538 1.1605e-01     0.0228      2.802      4.064    28.6087 0.0000e+00
      2.879      0.088     8.1406    105.050    117.603 126.049582    10.8900     0.5814     0.0426     0.2538 1.1595e-01    -0.0678      2.823      4.094    28.6022 0.0000e+00
      2.899      0.087     8.1384    105.069    117.587 126.019445    10.8900     0.5661     0.0426     0.2538 1.1600e-01    -0.1283      2.844      4.124    28.5969 0.0000e+00
      2.921      0.088     8.1368    105.110    117.550 125.966163    10.8900     0.5242     0.0426     0.2538 1.1600e-01    -0.1585      2.865      4.155    28.5927 0.0000e+00
      2.945      0.088     8.1358    105.159    117.516 125.917544    10.8900     0.5356     0.0426     0.2538 1.1610e-01    -0.0829      2.888      4.188    28.5887 0.0000e+00
      2.968      0.088     8.1361    105.198    117.508 125.900639    10.8900     0.5165     0.0000     0.0846 1.1612e-01    -0.0980      2.911      4.222    28.5842 0.0000e+00
      2.992      0.086     8.1383    105.206    117.520 125.906939    10.8900     0.5089     0.0000     0.0846 1.1617e-01    -0.0980      2.934      4.255    28.5787 0.0000e+00
      3.014      0.084     8.1423    105.176    117.534 125.918114    10.8900     0.5470     0.0000     0.0846 1.1628e-01     0.2343      2.956      4.287    28.5729 0.0000e+00
      3.035      0.082     8.1469    105.109    117.549 125.929140    10.8900     0.5852     0.0000     0.0846 1.1600e-01     0.2192      2.976      4.316    28.5678 0.0000e+00
      3.054      0.081     8.1504    105.011    117.549 125.922951    10.9800     0.5738     0.0426     0.1692 1.1602e-01     0.0228      2.995      4.344    28.5641 0.0000e+00
      3.073      0.080     8.1514    104.876    117.528 125.889891    10.9800     0.5661     0.0426     0.1692 1.1605e-01     0.2192      3.014      4.371    28.5615 0.0000e+00
      3.093      0.081     8.1493    104.705    117.500 125.845155    10.9800     0.5966     0.0426     0.1692 1.1612e-01     0.1437      3.033      4.399    28.5596 0.0000e+00
      3.114      0.082     8.1444    104.534    117.474 125.800822    10.9800     0.5509     0.0426     0.1692 1.1610e-01     0.2041      3.053      4.428    28.5578 0.0000e+00
      3.136      0.082     8.1372    104.408    117.460 125.769079    10.9800     0.5661     0.0852     0.1692 1.1610e-01     0.1890      3.075      4.460    28.5550 0.0000e+00
      3.158      0.082     8.1274    104.348    117.463 125.757466    10.9800     0.5738     0.0852     0.1692 1.1605e-01     0.1286      3.097      4.491    28.5505 0.0000e+00
      3.180      0.081     8.1150    104.339    117.472 125.754883    10.9800     0.6272     0.0852     0.1692 1.1617e-01     0.3854      3.118      4.522    28.5445 0.0000e+00
      3.200      0.078     8.1028    104.357    117.477 125.752638    10.9800     0.6462     0.0852     0.1692 1.1607e-01     0.3552      3.138      4.552    28.5373 0.0000e+00
      3.220      0.074     8.0940    104.390    117.479 125.750130    10.9800     0.6348     0.0426     0.0846 1.1623e-01     0.4609      3.157      4.579    28.5301 0.0000e+00
      3.238      0.071     8.0903    104.434    117.488 125.758696    10.9800     0.6272     0.0426     0.0846 1.1590e-01     0.4156      3.175      4.605    28.5237 0.0000e+00
      3.255      0.068     8.0902    104.476    117.515 125.788623    10.9800     0.6157     0.0426     0.0846 1.1612e-01     0.3552      3.192      4.630    28.5188 0.0000e+00
      3.271      0.066     8.0921    104.499    117.546 125.823882    10.9800     0.6348     0.0426     0.0846 1.1612e-01     0.3854      3.208      4.653    28.5154 0.0000e+00
      3.287      0.066     8.0950    104.500    117.551 125.827858    10.9800     0.6539     0.0426     0.0846 1.1620e-01     0.4911      3.223      4.675    28.5134 0.0000e+00
      3.303      0.067     8.0984    104.486    117.503 125.771596    11.1600     0.6577     0.0426     0.2538 1.1615e-01     0.3552      3.239      4.698    28.5129 0.0000e+00
      3.319      0.070     8.1016    104.466    117.416 125.670106    11.1600     0.6386     0.0426     0.2538 1.1612e-01     0.6422      3.255      4.721    28.5135 0.0000e+00
      3.338      0.073     8.1034    104.438    117.337 125.572356    11.1600     0.6615     0.0426     0.2538 1.1607e-01     0.7177      3.273      4.747    28.5140 0.0000e+00
      3.357      0.075     8.1035    104.406    117.290 125.508302    11.1600     0.6424     0.0426     0.2538 1.1607e-01     0.6422      3.292      4.775    28.5135 0.0000e+00
      3.377      0.077     8.1027    104.376    117.258 125.458861    11.2500     0.6386     0.0426     0.2115 1.1620e-01     0.7479      3.312      4.803    28.5116 0.0000e+00
      3.398      0.078     8.1017    104.363    117.211 125.394840    11.2500     0.6844     0.0426     0.2115 1.1605e-01     0.9745      3.332      4.833    28.5078 0.0000e+00
      3.418      0.078     8.1003    104.368    117.153 125.319176    11.2500     0.6996     0.0426     0.2115 1.1600e-01     0.8386      3.352      4.862    28.5026 0.0000e+00
      3.438      0.077     8.0986    104.375    117.101 125.251706    11.2500     0.6806     0.0426     0.2115 1.1605e-01     0.9594      3.372      4.890    28.4966 0.0000e+00
      3.458      0.076     8.0972    104.372    117.058 125.194447    11.5200     0.7073     0.0426     0.1692 1.1617e-01     0.8386      3.391      4.918    28.4903 0.0000e+00
      3.477      0.074     8.0971    104.349    117.021 125.144132    11.5200     0.7454     0.0426     0.1692 1.1605e-01     1.1407      3.410      4.945    28.4843 0.0000e+00
      3.495      0.073     8.0982    104.293    116.981 125.091346    11.5200     0.7569     0.0426     0.1692 1.1602e-01     1.2162      3.428      4.971    28.4787 0.0000e+00
      3.513      0.072     8.0996    104.183    116.896 124.990000    11.5200     0.7645     0.0426     0.1692 1.1612e-01     1.2011      3.446      4.997    28.4735 0.0000e+00
      3.531      0.071     8.1000    104.016    116.756 124.827072    11.5200     0.7416     0.0426     0.1692 1.1595e-01     1.2011      3.463      5.023    28.4685 0.0000e+00
      3.549      0.071     8.0989    103.813    116.577 124.621139    11.5200     0.7492     0.0426     0.0846 1.1602e-01     1.6543      3.481      5.048    28.4639 0.0000e+00
      3.567      0.070     8.0951    103.593    116.325 124.337292    11.5200     0.7492     0.0426     0.0846 1.1623e-01     1.7601      3.498      5.074    28.4596 0.0000e+00
      3.585      0.069     8.0872    103.360    115.937 123.909841    11.5200     0.7569     0.0426     0.0846 1.1605e-01     1.6845      3.516      5.100    28.4549 0.0000e+00
      3.603      0.068     8.0751    103.129    115.318 123.238805    11.5200     0.7187     0.0426     0.0846 1.1612e-01     1.5939      3.534      5.125    28.4493 0.0000e+00
      3.621      0.067     8.0602    102.930    114.280 122.123231    12.1500     0.8522     0.0426     0.3384 1.1600e-01     2.1226      3.551      5.150    28.4431 0.0000e+00
      3.638      0.066     8.0440    102.794    112.515 120.233620    12.1500     0.8370     0.0426     0.3384 1.1595e-01     2.1377      3.567      5.174    28.4369 0.0000e+00
      3.654      0.065     8.0267    102.734    109.561 117.074079    12.1500     0.8179     0.0426     0.3384 1.1602e-01     2.1075      3.583      5.198    28.4312 0.0000e+00
      3.670      0.064     8.0095    102.732    104.643 111.816069    12.1500     0.8293     0.0426     0.3384 1.1600e-01     2.1528      3.599      5.220    28.4267 0.0000e+00
      3.686      0.063     7.9945    102.753     96.453 103.061456    12.1500     0.8217     0.0426     0.2115 1.1612e-01     2.5758      3.615      5.243    28.4233 0.0000e+00
      3.702      0.063     7.9843    102.779     82.817  88.491682    12.1500     0.8103     0.0426     0.2115 1.1605e-01     2.4852      3.630      5.266    28.4207 0.0000e+00
      3.718      0.063     7.9800    102.808     60.090  64.217470    12.1500     0.8332     0.0426     0.2115 1.1595e-01     2.4549      3.646      5.289    28.4180 0.0000e+00
      3.734      0.062     7.9804    102.826     22.218  23.775700    12.1500     0.8217     0.0426     0.2115 1.1600e-01     2.5003      3.662      5.312    28.4142 0.0000e+00
      3.750      0.062     7.9828    102.808    -40.883 -43.596091    12.3300     0.8141     0.0426     0.2538 1.1600e-01     2.8779      3.678      5.334    28.4091 0.0000e+00
      3.766      0.061     7.9857    102.735   -146.037-155.859713    12.3300     0.8141     0.0426     0.2538 1.1605e-01     2.7118      3.693      5.357    28.4029 0.0000e+00
      3.781      0.061     7.9889    102.617   -321.272-342.932127    12.3300     0.8217     0.0426     0.2538 1.1615e-01     2.7722      3.708      5.379    28.3961 0.0000e+00
      3.797      0.061     7.9913    102.471   -430.770-459.846424    12.3300     0.8484     0.0426     0.2538 1.1605e-01     2.7571      3.723      5.400    28.3888 0.0000e+00
      3.812      0.060     7.9910    102.301   -321.212-342.946870    12.3300     0.8103     0.0426     0.2538 1.1602e-01     2.7873      3.738      5.422    28.3808 0.0000e+00
      3.827      0.060     7.9869    102.091   -145.948-155.913143    12.6900     0.8293     0.0852     0.2538 1.1605e-01     2.7873      3.753      5.444    28.3713 0.0000e+00
      3.843      0.060     7.9795    101.831    -40.802 -43.714468    12.6900     0.8446     0.0852     0.2538 1.1607e-01     2.7873      3.768      5.466    28.3594 0.0000e+00
      3.858      0.060     7.9704    101.543     22.285  23.596809    12.6900     0.8217     0.0852     0.2538 1.1610e-01     2.7722      3.784      5.488    28.3440 0.0000e+00
      3.873      0.060     7.9597    101.261     60.148  63.986368    12.6900     0.9323     0.0852     0.2538 1.1610e-01     2.7873      3.799      5.509    28.3257 0.0000e+00
      3.888      0.060     7.9456    100.999     82.851  88.188744    13.4100     0.9438     0.0426     0.2538 1.1605e-01     2.8628      3.813      5.530    28.3079 0.0000e+00
      3.903      0.061     7.9274    100.761     96.446 102.659905    13.4100     0.9171     0.0426     0.2538 1.1612e-01     2.7269      3.827      5.551    28.2932 0.0000e+00
      3.918      0.062     7.9065    100.542    104.591 111.300841    13.4100     0.9285     0.0426     0.2538 1.1620e-01     2.6815      3.843      5.573    28.2816 0.0000e+00
