Data/DataNotYetUploadedToEDI/Raw_CTD/RawDownloads/073124_ccr88_S8188001.cnv
* Sea-Bird SBE19plus  Data File:
* FileName = C:\R\Reservoirs\Data\DataNotYetUploadedToEDI\Raw_CTD\RawDownloads\073124_ccr88_S8188_0001.hex
* Software version 2.8.0.119
* Temperature SN = 8188
* Conductivity SN = 8188
* System UpLoad Time = Aug 02 2024 14:05:05
* <ApplicationData>
* <Seaterm232>
# nquan = 16
# nvalues = 970                         
# units = specified
# name 0 = depFM: Depth [fresh water, m]
# name 1 = dz/dtM: Descent Rate [m/s]
# name 2 = sbeox0Mg/L: Oxygen, SBE 43 [mg/l]
# name 3 = sbeox0PS: Oxygen, SBE 43 [% saturation]
# name 4 = specc: Specific Conductance [uS/cm]
# name 5 = c0uS/cm: Conductivity [uS/cm]
# name 6 = wetCDOM: Fluorescence, WET Labs CDOM [mg/m^3]
# name 7 = flECO-AFL: Fluorescence, WET Labs ECO-AFL/FL [mg/m^3]
# name 8 = flECO-AFL1: Fluorescence, WET Labs ECO-AFL/FL, 2 [mg/m^3]
# name 9 = flECO-AFL2: Fluorescence, WET Labs ECO-AFL/FL, 3 [mg/m^3]
# name 10 = par/sat/log: PAR/Logarithmic, Satlantic
# name 11 = turbWETntu0: Turbidity, WET Labs ECO [NTU]
# name 12 = prdM: Pressure, Strain Gauge [db]
# name 13 = prdE: Pressure, Strain Gauge [psi]
# name 14 = tv290C: Temperature [ITS-90, deg C]
# name 15 = flag:  0.000e+00
# span 0 =     -0.407,     10.806       
# span 1 =     -0.354,      0.138       
# span 2 =     3.9496,     9.1907       
# span 3 =     37.139,    117.704       
# span 4 =   -424.361,    124.957       
# span 5 =-458.553192, 126.714101       
# span 6 =    -4.5000,    27.8100       
# span 7 =    -1.1467,   245.0958       
# span 8 =    -2.1300,     3.1950       
# span 9 =    -2.0304,     2.4957       
# span 10 = 4.1653e-01, 2.8338e+03      
# span 11 =    -6.1104,   970.7470      
# span 12 =     -0.399,     10.597      
# span 13 =     -0.580,     15.370      
# span 14 =    12.4245,    34.9858      
# span 15 = 0.0000e+00, 0.0000e+00      
# interval = seconds: 0.25
# start_time = Jul 31 2024 12:28:20 [Instrument's time stamp, header]
# bad_flag = -9.990e-29
*END*
[from data line 724]
      9.811      0.080     3.9937     38.788    124.455  93.383651    26.8200     1.3367     0.1278     0.3807 2.9081e+00     1.9111      9.621     13.955    12.5433 0.0000e+00
      9.831      0.079     4.0240     39.113    124.509  93.411515    26.8200     1.3291     0.1278     0.3807 2.8118e+00     1.8658      9.641     13.983    12.5351 0.0000e+00
      9.851      0.079     4.0581     39.408    124.558  93.438337    26.8200     1.3291     0.1278     0.3807 2.8197e+00     1.9262      9.660     14.011    12.5276 0.0000e+00
      9.871      0.080     4.0941     39.646    124.603  93.463279    26.8200     1.3329     0.1278     0.2961 2.8333e+00     1.9262      9.680     14.039    12.5205 0.0000e+00
      9.891      0.080     4.1305     39.797    124.646  93.488997    26.8200     1.3329     0.1278     0.2961 2.7730e+00     1.9111      9.700     14.068    12.5141 0.0000e+00
      9.912      0.081     4.1656     39.834    124.688  93.514357    26.8200     1.1078     0.1278     0.2961 2.6981e+00     1.8960      9.720     14.098    12.5090 0.0000e+00
      9.933      0.080     4.1973     39.746    124.721  93.534135    26.8200     1.0964     0.1278     0.2961 2.5305e+00     1.9715      9.741     14.128    12.5050 0.0000e+00
      9.954      0.079     4.2230     39.541    124.733  93.541618    26.6400     1.0811     0.0852     0.2538 2.3621e+00     1.9262      9.762     14.158    12.5016 0.0000e+00
      9.975      0.077     4.2393     39.244    124.705  93.522818    26.6400     1.0620     0.0852     0.2538 2.2494e+00     1.9262      9.782     14.187    12.4988 0.0000e+00
      9.994      0.075     4.2434     38.901    124.657  93.492701    26.6400     1.0124     0.0852     0.2538 2.1537e+00     1.9715      9.801     14.215    12.4963 0.0000e+00
     10.013      0.073     4.2342     38.571    124.637  93.487186    26.6400     1.0201     0.0852     0.2538 2.0924e+00     1.9866      9.819     14.241    12.4946 0.0000e+00
     10.031      0.072     4.2124     38.307    124.638  93.500807    26.6400     1.0201     0.0852     0.2538 2.0341e+00     1.9715      9.837     14.267    12.4939 0.0000e+00
     10.049      0.071     4.1807     38.150    124.624  93.505234    26.6400     1.0315     0.1278     0.3384 1.9421e+00     2.0169      9.854     14.292    12.4948 0.0000e+00
     10.066      0.071     4.1440     38.122    124.577  93.481669    26.6400     1.0964     0.1278     0.3384 1.8737e+00     1.9111      9.872     14.318    12.4971 0.0000e+00
     10.084      0.072     4.1086     38.218    124.513  93.433819    26.6400     1.0926     0.1278     0.3384 1.8057e+00     1.9111      9.889     14.343    12.5007 0.0000e+00
     10.102      0.074     4.0799     38.409    124.474  93.390877    26.6400     1.1040     0.1278     0.3384 1.6497e+00     1.9413      9.906     14.368    12.5059 0.0000e+00
     10.120      0.076     4.0626     38.652    124.470  93.365366    26.6400     1.0697     0.1278     0.2961 1.6027e+00     1.9564      9.925     14.394    12.5120 0.0000e+00
     10.140      0.080     4.0593     38.905    124.495  93.360469    26.6400     0.9819     0.1278     0.2961 1.4543e+00     1.9715      9.944     14.422    12.5166 0.0000e+00
     10.161      0.083     4.0695     39.136    124.526  93.362893    26.6400     0.9514     0.1278     0.2961 1.2936e+00     1.9413      9.964     14.452    12.5167 0.0000e+00
     10.183      0.086     4.0903     39.334    124.532  93.351306    26.6400     0.9743     0.1278     0.2961 1.1708e+00     1.9564      9.986     14.484    12.5112 0.0000e+00
     10.206      0.089     4.1170     39.496    124.548  93.352585    26.7300     0.9629     0.0852     0.2115 1.1113e+00     1.8809     10.009     14.516    12.5023 0.0000e+00
     10.229      0.090     4.1448     39.625    124.591  93.379058    26.7300     0.7187     0.0852     0.2115 1.0163e+00     2.0622     10.032     14.549    12.4929 0.0000e+00
     10.253      0.091     4.1702     39.719    124.629  93.405820    26.7300     0.7225     0.0852     0.2115 9.2588e-01     2.1377     10.054     14.583    12.4845 0.0000e+00
     10.276      0.092     4.1919     39.771    124.658  93.426023    26.7300     0.7111     0.0852     0.2115 8.8612e-01     2.1528     10.077     14.616    12.4780 0.0000e+00
     10.299      0.094     4.2096     39.783    124.668  93.429072    26.7300     0.6996     0.0852     0.2115 8.9191e-01     2.1830     10.100     14.649    12.4736 0.0000e+00
     10.323      0.095     4.2236     39.760    124.656  93.411785    26.6400     0.5852     0.1278     0.2115 8.8189e-01     2.0018     10.123     14.683    12.4713 0.0000e+00
     10.347      0.097     4.2337     39.709    124.646  93.393524    26.6400     0.5738     0.1278     0.2115 7.8612e-01     2.1377     10.147     14.717    12.4705 0.0000e+00
     10.372      0.098     4.2392     39.634    124.639  93.377411    26.6400     0.6005     0.1278     0.2115 7.8051e-01     2.0773     10.172     14.753    12.4700 0.0000e+00
     10.399      0.098     4.2406     39.543    124.623  93.359148    26.6400     0.6043     0.1278     0.2115 7.5498e-01     2.0622     10.198     14.791    12.4684 0.0000e+00
     10.425      0.098     4.2385     39.452    124.603  93.343853    26.7300     0.5432     0.0852     0.2538 7.0688e-01     2.0471     10.223     14.828    12.4651 0.0000e+00
     10.450      0.096     4.2335     39.378    124.590  93.339434    26.7300     0.5089     0.0852     0.2538 7.9041e-01     2.1075     10.248     14.864    12.4605 0.0000e+00
     10.474      0.094     4.2259     39.325    124.591  93.344714    26.7300     0.5432     0.0852     0.2538 8.3817e-01     2.1075     10.272     14.899    12.4562 0.0000e+00
     10.498      0.092     4.2165     39.293    124.585  93.341124    26.7300     0.5394     0.0852     0.2538 8.4567e-01     2.0169     10.295     14.932    12.4537 0.0000e+00
     10.521      0.090     4.2068     39.274    124.567  93.323710    26.7300     0.5356     0.0852     0.2115 8.9172e-01     2.3341     10.317     14.964    12.4537 0.0000e+00
     10.543      0.090     4.1987     39.258    124.560  93.311803    26.7300     0.5356     0.0852     0.2115 9.0460e-01     2.3794     10.339     14.996    12.4557 0.0000e+00
     10.565      0.090     4.1929     39.236    124.573  93.310217    26.7300     0.5356     0.0852     0.2115 9.1250e-01     2.3190     10.361     15.028    12.4575 0.0000e+00
     10.588      0.090     4.1895     39.202    124.585  93.306543    26.7300     0.5470     0.0852     0.2115 9.3538e-01     2.3492     10.383     15.060    12.4578 0.0000e+00
     10.611      0.089     4.1876     39.160    124.595  93.303796    26.7300     0.6577     0.1278     0.1269 8.8612e-01     3.0290     10.406     15.093    12.4564 0.0000e+00
     10.635      0.088     4.1862     39.113    124.629  93.321219    26.7300     0.6577     0.1278     0.1269 7.9350e-01     3.1347     10.429     15.126    12.4534 0.0000e+00
     10.658      0.086     4.1842     39.065    124.687  93.359464    26.7300     0.6539     0.1278     0.1269 7.9213e-01     2.9837     10.451     15.159    12.4490 0.0000e+00
     10.680      0.083     4.1811     39.017    124.749  93.400759    26.7300     0.6462     0.1278     0.1269 7.4407e-01     2.9837     10.473     15.190    12.4440 0.0000e+00
     10.701      0.078     4.1770     38.972    124.797  93.430147    26.7300     1.3367     0.1278     0.1269 7.4149e-01     8.0141     10.494     15.220    12.4398 0.0000e+00
     10.721      0.073     4.1723     38.930    124.833  93.451467    26.7300     1.3214     0.1278     0.1269 7.1305e-01     8.0141     10.513     15.248    12.4367 0.0000e+00
     10.739      0.067     4.1673     38.883    124.875  93.478396    26.7300     1.3367     0.1278     0.1269 6.9258e-01     8.1048     10.531     15.274    12.4345 0.0000e+00
     10.756      0.059     4.1624     38.817    124.905  93.498136    26.7300     1.3214     0.1278     0.1269 6.3852e-01     8.0292     10.548     15.298    12.4324 0.0000e+00
     10.770      0.051     4.1578     38.713    124.908  93.499968    26.7300     3.5493     0.1278     0.1269 6.2670e-01    84.0297     10.562     15.319    12.4300 0.0000e+00
     10.782      0.042     4.1536     38.564    124.899  93.496370    26.7300     3.5416     0.0852     0.0000 5.7403e-01    84.1052     10.574     15.336    12.4276 0.0000e+00
     10.792      0.033     4.1488     38.374    124.899  93.502362    26.7300     3.5645     0.0852     0.0000 5.2078e-01    83.9390     10.584     15.350    12.4258 0.0000e+00
     10.800      0.023     4.1418     38.161    124.925  93.531530    26.7300     3.5607     0.0852     0.0000 4.8887e-01    84.1354     10.591     15.361    12.4246 0.0000e+00
     10.805      0.011     4.1308     37.945    124.957  93.567680    26.7300     8.6648     0.0852     0.0000 4.5852e-01   545.4858     10.596     15.368    12.4245 0.0000e+00
     10.806     -0.001     4.1147     37.742    124.952  93.580494    26.8200     8.6610     0.1278     0.1269 4.4934e-01   545.5463     10.597     15.370    12.4258 0.0000e+00
     10.805     -0.015     4.0942     37.572    124.913  93.573390    26.8200     8.6877     0.1278     0.1269 4.6706e-01   545.5010     10.596     15.369    12.4283 0.0000e+00
     10.801     -0.030     4.0712     37.448    124.868  93.564454    26.8200     8.6534     0.1278     0.1269 4.4885e-01   545.4556     10.592     15.362    12.4319 0.0000e+00
     10.792     -0.049     4.0476     37.380    124.818  93.551304    26.8200     8.6610     0.1278     0.1269 4.4925e-01   857.0409     10.583     15.350    12.4368 0.0000e+00
     10.779     -0.072     4.0254     37.371    124.763  93.530433    26.8200     8.6877     0.1278     0.1269 4.7919e-01   857.0258     10.570     15.331    12.4436 0.0000e+00
     10.760     -0.099     4.0064     37.415    124.728  93.524247    26.8200     8.7030     0.0852     0.1692 4.2781e-01   856.9805     10.552     15.304    12.4524 0.0000e+00
     10.734     -0.131     3.9923     37.503    124.732  93.555067    26.8200     8.6572     0.0852     0.1692 4.1653e-01   857.2222     10.526     15.267    12.4624 0.0000e+00
     10.699     -0.168     3.9842     37.637    124.757  93.615132    26.8200     3.6828     0.0852     0.1692 4.2300e-01   209.0203     10.492     15.217    12.4721 0.0000e+00
     10.653     -0.206     3.9825     37.824    124.763  93.666521    26.8200     3.6370     0.0852     0.1692 4.2126e-01   209.0052     10.447     15.152    12.4804 0.0000e+00
     10.595     -0.243     3.9864     38.061    124.734  93.684982    26.7300     3.6980     0.1278     0.2115 4.2977e-01   209.0052     10.390     15.070    12.4883 0.0000e+00
     10.525     -0.275     3.9948     38.337    124.697  93.681435    26.7300     3.7019     0.1278     0.2115 5.7403e-01   208.9297     10.321     14.970    12.4995 0.0000e+00
     10.444     -0.303     4.0076     38.636    124.675  93.676909    26.7300     0.8942     0.1278     0.2115 7.2005e-01     3.9958     10.242     14.855    12.5159 0.0000e+00
     10.359     -0.323     4.0258     38.936    124.675  93.682185    26.7300     0.8789     0.1278     0.2115 7.7729e-01     4.0864     10.159     14.734    12.5350 0.0000e+00
     10.273     -0.338     4.0496     39.220    124.682  93.690679    26.7300     0.8980     0.1278     0.0846 8.1023e-01     4.0713     10.074     14.611    12.5510 0.0000e+00
     10.185     -0.346     4.0781     39.482    124.686  93.696664    26.7300     0.9362     0.1278     0.0846 9.0775e-01     3.9958      9.988     14.486    12.5608 0.0000e+00
     10.095     -0.351     4.1095     39.720    124.684  93.695744    26.7300     1.2299     0.1278     0.0846 1.0940e+00     4.0562      9.900     14.359    12.5653 0.0000e+00
     10.004     -0.354     4.1412     39.927    124.658  93.673688    26.7300     1.2146     0.1278     0.0846 1.2177e+00     4.0411      9.811     14.230    12.5676 0.0000e+00
      9.913     -0.354     4.1712     40.100    124.613  93.634605    26.7300     1.2375     0.0852     0.2115 1.3569e+00     3.9203      9.721     14.099    12.5691 0.0000e+00
      9.822     -0.354     4.1989     40.244    124.575  93.598039    26.7300     1.2032     0.0852     0.2115 1.5482e+00     4.0411      9.632     13.970    12.5700 0.0000e+00
      9.731     -0.351     4.2242     40.357    124.565  93.582208    26.7300     1.0849     0.0852     0.2115 1.7080e+00     2.2435      9.543     13.841    12.5703 0.0000e+00
      9.641     -0.347     4.2463     40.436    124.590  93.594877    26.7300     1.0544     0.0852     0.2115 1.9535e+00     2.3039      9.455     13.713    12.5694 0.0000e+00
      9.553     -0.342     4.2650     40.475    124.618  93.611456    26.7300     1.0773     0.0852     0.2115 2.1608e+00     2.2132      9.368     13.588    12.5671 0.0000e+00
      9.466     -0.337     4.2806     40.474    124.610  93.602402    26.7300     1.0659     0.1278     0.1692 2.4649e+00     2.4096      9.283     13.464    12.5638 0.0000e+00
      9.381     -0.331     4.2929     40.441    124.571  93.571295    26.7300     1.2146     0.1278     0.1692 2.7275e+00     1.9715      9.200     13.343    12.5606 0.0000e+00
      9.297     -0.326     4.3016     40.391    124.550  93.555789    26.7300     1.2146     0.1278     0.1692 2.9830e+00     2.1075      9.118     13.224    12.5581 0.0000e+00
      9.216     -0.321     4.3059     40.340    124.568  93.573725    26.7300     1.2261     0.1278     0.1692 3.2201e+00     2.0471      9.038     13.108    12.5564 0.0000e+00
      9.135     -0.317     4.3059     40.291    124.590  93.597923    26.7300     1.1956     0.1278     0.2961 3.5209e+00     2.1679      8.959     12.994    12.5552 0.0000e+00
      9.056     -0.313     4.3024     40.247    124.584  93.602869    26.7300     1.3787     0.1278     0.2961 3.9199e+00     1.8809      8.881     12.880    12.5544 0.0000e+00
      8.977     -0.311     4.2972     40.219    124.552  93.589884    26.7300     1.3977     0.1278     0.2961 4.2917e+00     1.8960      8.803     12.768    12.5546 0.0000e+00
      8.898     -0.309     4.2916     40.218    124.511  93.571488    26.7300     1.3787     0.1278     0.2961 4.6460e+00     1.8356      8.726     12.656    12.5563 0.0000e+00
      8.819     -0.309     4.2860     40.257    124.489  93.570745    26.8200     1.3977     0.1278     0.4653 5.1972e+00     2.0924      8.649     12.544    12.5592 0.0000e+00
      8.741     -0.309     4.2810     40.344    124.501  93.599444    26.8200     1.5961     0.1278     0.4653 5.6667e+00     1.9262      8.572     12.433    12.5630 0.0000e+00
      8.663     -0.310     4.2775     40.474    124.526  93.645260    26.8200     1.6152     0.1278     0.4653 5.9585e+00     1.9262      8.496     12.322    12.5675 0.0000e+00
      8.585     -0.311     4.2770     40.648    124.542  93.690447    26.8200     1.5770     0.1278     0.4653 6.4167e+00     1.8507      8.419     12.211    12.5726 0.0000e+00
      8.505     -0.312     4.2805     40.887    124.529  93.717087    26.8200     1.5656     0.1278     0.4230 7.1890e+00     1.9262      8.341     12.097    12.5788 0.0000e+00
      8.424     -0.312     4.2890     41.199    124.499  93.730288    26.8200     2.1454     0.1278     0.4230 8.0386e+00     1.6694      8.261     11.982    12.5869 0.0000e+00
      8.343     -0.312     4.3017     41.580    124.458  93.735571    26.8200     2.1607     0.1278     0.4230 8.7172e+00     1.6241      8.182     11.867    12.5977 0.0000e+00
      8.263     -0.310     4.3189     42.022    124.426  93.750327    26.8200     2.1340     0.1278     0.4230 9.2581e+00     1.6845      8.104     11.753    12.6111 0.0000e+00
      8.185     -0.308     4.3429     42.519    124.435  93.800469    26.8200     2.1416     0.1278     0.4230 9.8517e+00     1.6845      8.026     11.641    12.6255 0.0000e+00
