Data/DataNotYetUploadedToEDI/Raw_CTD/RawDownloads/073123_fcr50_S7809010.cnv
* Sea-Bird SBE19plus  Data File:
* FileName = C:\R\Reservoirs\Data\DataNotYetUploadedToEDI\Raw_CTD\RawDownloads\073123_fcr50_S7809_0010.hex
* Software version 2.8.0.119
* Temperature SN = 7809
* Conductivity SN = 7809
* System UpLoad Time = Aug 03 2023 12:41:26
* <ApplicationData>
* <Seaterm232>
# nquan = 15
# nvalues = 1782                        
# units = specified
# name 0 = depFM: Depth [fresh water, m]
# name 1 = dz/dtM: Descent Rate [m/s]
# name 2 = sbeox0Mg/L: Oxygen, SBE 43 [mg/l]
# name 3 = sbeox0PS: Oxygen, SBE 43 [% saturation]
# name 4 = specc: Specific Conductance [uS/cm]
# name 5 = c0uS/cm: Conductivity [uS/cm]
# name 6 = flECO-AFL: Fluorescence, WET Labs ECO-AFL/FL [mg/m^3]
# name 7 = ph: pH
# name 8 = orp: Oxidation Reduction Potential [mV]
# name 9 = par/sat/log: PAR/Logarithmic, Satlantic
# name 10 = turbWETntu0: Turbidity, WET Labs ECO [NTU]
# name 11 = prdM: Pressure, Strain Gauge [db]
# name 12 = prdE: Pressure, Strain Gauge [psi]
# name 13 = tv290C: Temperature [ITS-90, deg C]
# name 14 = flag:  0.000e+00
# span 0 =     -0.651,      9.504       
# span 1 =     -0.457,      0.294       
# span 2 =     0.2019,     9.7093       
# span 3 =      1.910,    122.685       
# span 4 =      0.617,    316.172       
# span 5 =   0.655340, 228.543461       
# span 6 =    -0.0885,    20.7174       
# span 7 =      6.632,      9.185       
# span 8 = -1240.7425,   324.5864       
# span 9 = 1.2352e-01, 1.2779e+03       
# span 10 =     0.9663,   261.6605      
# span 11 =     -0.639,      9.321      
# span 12 =     -0.926,     13.518      
# span 13 =    11.1114,    28.3903      
# span 14 = 0.0000e+00, 0.0000e+00      
# interval = seconds: 0.25
# start_time = Jul 31 2023 08:31:06 [Instrument's time stamp, header]
# bad_flag = -9.990e-29
*END*
[from data line 386]
      1.734      0.042     4.3155     40.791     42.121  38.977895    12.7301      7.980   208.7411 9.4890e+01     4.4767      1.700      2.466    21.6234 0.0000e+00
      1.747      0.039     4.2486     38.384     42.119  38.952513    12.7298      7.979   209.4223 9.4206e+01     4.4103      1.716      2.490    21.3816 0.0000e+00
      1.755      0.034     4.0931     36.474     42.145  38.962660    12.6772      7.977   209.0568 9.4039e+01     4.2993      1.722      2.497    21.3071 0.0000e+00
      1.761      0.030     3.8606     35.094     42.161  38.973652    12.5680      7.976   208.7959 9.3619e+01     4.2273      1.725      2.500    21.2995 0.0000e+00
      1.768      0.028     3.6048     34.229     42.154  38.958497    12.5088      7.977   209.0219 9.3237e+01     4.2570      1.735      2.516    21.2647 0.0000e+00
      1.775      0.028     3.3899     33.754     42.157  38.906334    12.5028      7.977   209.9827 9.3480e+01     4.2826      1.743      2.527    21.2298 0.0000e+00
      1.778      0.029     3.2219     33.531     42.232  38.850560    12.4451      7.974   211.4643 9.3694e+01     4.2290      1.743      2.528    21.2156 0.0000e+00
      1.783      0.029     3.0975     33.404     42.373  38.855090    12.3351      7.972   212.5672 9.3335e+01     4.1555      1.745      2.531    21.2121 0.0000e+00
      1.795      0.027     3.0263     33.071     42.483  38.897465    12.2793      7.971   212.8209 9.2598e+01     4.1459      1.760      2.552    21.2222 0.0000e+00
      1.809      0.024     2.9907     32.268     42.511  38.918625    12.2783      7.970   212.7246 9.2366e+01     4.2154      1.778      2.578    21.1848 0.0000e+00
      1.815      0.021     2.9841     31.082     42.488  38.920545    12.2397      7.967   212.7804 9.3003e+01     4.2445      1.782      2.584    20.9935 0.0000e+00
      1.817      0.016     2.9956     29.887     42.447  38.920715    12.1546      7.966   213.0644 9.3500e+01     4.1904      1.780      2.583    20.7998 0.0000e+00
      1.817      0.011     2.9799     28.966     42.420  38.920726    12.0978      7.965   213.4918 9.3782e+01     4.1413      1.782      2.585    20.7554 0.0000e+00
      1.817      0.007     2.9048     28.371     42.426  38.920729    12.0853      7.961   213.9035 9.3695e+01     4.1291      1.782      2.584    20.7611 0.0000e+00
      1.818      0.007     2.7808     28.056     42.463  38.920735    12.0874      7.958   214.2570 9.2941e+01     4.1798      1.783      2.586    20.7867 0.0000e+00
      1.821      0.008     2.6613     27.980     42.513  38.920752    12.1231      7.956   213.8944 9.2659e+01     4.2077      1.786      2.591    20.8480 0.0000e+00
      1.825      0.009     2.5770     28.115     42.564  38.920873    12.1836      7.953   213.1326 9.3651e+01     4.0898      1.790      2.596    20.8863 0.0000e+00
      1.827      0.009     2.5263     28.384     42.616  38.922139    12.2118      7.951   213.3917 9.4900e+01     3.9511      1.792      2.598    20.8777 0.0000e+00
      1.828      0.008     2.5024     28.658     42.663  38.935989    12.2139      7.949   214.1024 9.4671e+01     3.9655      1.792      2.599    20.8287 0.0000e+00
      1.831      0.007     2.4980     28.831     42.691  38.961374    12.2754      7.947   214.5840 9.3953e+01     4.1270      1.795      2.604    20.7674 0.0000e+00
      1.834      0.005     2.5154     28.886     42.669  38.975224    12.3897      7.943   215.0845 9.4633e+01     4.2296      1.799      2.609    20.7226 0.0000e+00
      1.834      0.004     2.5473     28.922     42.605  38.976578    12.4478      7.940   214.7339 9.5073e+01     4.1816      1.799      2.610    20.6510 0.0000e+00
      1.834      0.003     2.5779     29.065     42.553  38.977830    12.4447      7.939   213.6144 9.4603e+01     4.1281      1.799      2.609    20.6142 0.0000e+00
      1.835      0.001     2.5938     29.311     42.551  38.990426    12.4682      7.936   213.2495 9.4911e+01     4.0941      1.800      2.610    20.6152 0.0000e+00
      1.835      0.000     2.5941     29.641     42.569  39.001975    12.5247      7.934   213.8502 9.5300e+01     4.0435      1.800      2.610    20.6487 0.0000e+00
      1.835      0.000     2.5850     30.045     42.565  38.990542    12.5447      7.932   214.6821 9.5793e+01     3.9947      1.800      2.610    20.7469 0.0000e+00
      1.835      0.001     2.5977     30.454     42.560  38.979100    12.5356      7.930   214.7903 9.6492e+01     3.9487      1.799      2.610    20.8114 0.0000e+00
      1.835      0.002     2.6202     30.851     42.582  38.990543    12.5232      7.928   214.2113 9.6643e+01     4.0342      1.800      2.610    20.8191 0.0000e+00
      1.835      0.004     2.6479     31.217     42.626  39.001971    12.5031      7.925   213.9633 9.6776e+01     4.2761      1.800      2.610    20.8041 0.0000e+00
      1.836      0.005     2.6908     31.487     42.678  38.990318    12.5000      7.923   214.2862 9.6776e+01     4.4485      1.800      2.610    20.7947 0.0000e+00
      1.838      0.008     2.7257     31.608     42.738  38.976483    12.5026      7.921   214.8461 9.6831e+01     4.4448      1.802      2.613    20.7875 0.0000e+00
      1.841      0.011     2.7617     31.525     42.767  38.961509    12.4672      7.920   215.3124 9.6755e+01     4.3333      1.806      2.619    20.7858 0.0000e+00
      1.843      0.015     2.7992     31.218     42.721  38.936133    12.4061      7.919   215.6223 9.6692e+01     4.2288      1.809      2.623    20.7615 0.0000e+00
      1.846      0.017     2.8283     30.720     42.647  38.923527    12.3712      7.916   215.6680 9.6947e+01     4.2048      1.810      2.625    20.6782 0.0000e+00
      1.851      0.019     2.8473     30.095     42.629  38.936098    12.3700      7.914   215.4351 9.6539e+01     4.2144      1.814      2.630    20.5854 0.0000e+00
      1.858      0.020     2.8444     29.430     42.667  38.961239    12.3666      7.913   215.3015 9.5222e+01     4.2088      1.822      2.643    20.5157 0.0000e+00
      1.866      0.023     2.8138     28.813     42.687  38.973646    12.2629      7.911   215.8593 9.4581e+01     4.1368      1.832      2.657    20.5409 0.0000e+00
      1.871      0.027     2.7613     28.330     42.622  38.959179    12.0815      7.911   216.7598 9.4652e+01     3.9932      1.836      2.662    20.6524 0.0000e+00
      1.874      0.031     2.7000     28.053     42.479  38.913300    11.9955      7.910   217.0681 9.3745e+01     3.9414      1.836      2.663    20.6844 0.0000e+00
      1.881      0.033     2.6401     28.034     42.384  38.863271    11.9814      7.908   216.9191 9.2663e+01     4.0232      1.842      2.672    20.6514 0.0000e+00
      1.892      0.033     2.5828     28.315     42.429  38.862020    11.8201      7.905   216.6795 9.2019e+01     4.0587      1.854      2.689    20.6241 0.0000e+00
      1.905      0.032     2.5355     28.833     42.535  38.898100    11.5256      7.903   216.5810 9.0964e+01     3.9947      1.868      2.709    20.6626 0.0000e+00
      1.916      0.029     2.5010     29.327     42.602  38.918679    11.3672      7.902   217.1901 8.9765e+01     3.9333      1.882      2.728    20.8288 0.0000e+00
      1.924      0.023     2.4943     29.513     42.637  38.920398    11.3443      7.900   218.1936 8.9300e+01     3.9304      1.888      2.738    20.8911 0.0000e+00
      1.927      0.017     2.5248     29.354     42.672  38.918847    11.2325      7.898   218.6476 8.9240e+01     3.9261      1.889      2.740    20.7885 0.0000e+00
      1.927      0.012     2.5850     29.010     42.707  38.899885    11.0232      7.896   218.8081 8.9381e+01     3.8134      1.890      2.741    20.7066 0.0000e+00
      1.927      0.008     2.6435     28.615     42.752  38.881444    10.8943      7.894   218.9301 8.9314e+01     3.6613      1.890      2.741    20.6712 0.0000e+00
      1.929      0.006     2.6617     28.192     42.778  38.886168    10.8719      7.891   219.0896 8.8667e+01     3.6237      1.891      2.742    20.6359 0.0000e+00
      1.932      0.006     2.6424     27.761     42.744  38.893515    10.8692      7.889   219.6176 8.8320e+01     3.7001      1.894      2.748    20.6038 0.0000e+00
      1.934      0.005     2.6086     27.399     42.697  38.906866    10.8624      7.888   220.0658 8.8149e+01     3.7649      1.897      2.752    20.5519 0.0000e+00
      1.935      0.004     2.5797     27.192     42.658  38.920755    10.8478      7.885   220.2923 8.8080e+01     3.7588      1.897      2.752    20.4470 0.0000e+00
      1.936      0.003     2.5428     27.156     42.631  38.934597    10.8420      7.882   220.4639 8.7987e+01     3.7287      1.897      2.752    20.4146 0.0000e+00
      1.936      0.002     2.4973     27.222     42.615  38.947354    10.9252      7.880   220.5057 8.7798e+01     3.7085      1.899      2.754    20.4881 0.0000e+00
      1.936      0.002     2.4581     27.361     42.597  38.948115    11.0962      7.877   220.6260 8.7819e+01     3.7200      1.899      2.754    20.5615 0.0000e+00
      1.937      0.002     2.4353     27.576     42.596  38.943827    11.2037      7.875   220.8859 8.7764e+01     3.7648      1.899      2.754    20.6183 0.0000e+00
      1.937      0.005     2.4344     27.851     42.576  38.895499    11.2093      7.874   221.0666 8.7583e+01     3.7709      1.899      2.755    20.6644 0.0000e+00
      1.937      0.012     2.4390     28.139     42.567  38.807969    11.1804      7.874   221.2624 8.7303e+01     3.7259      1.899      2.754    20.6941 0.0000e+00
      1.937      0.022     2.4497     28.389     42.714  38.773848    11.0714      7.875   221.5329 8.6709e+01     3.7330      1.899      2.754    20.7203 0.0000e+00
      1.941      0.035     2.4695     28.515     42.999  38.800010    10.8899      7.875   221.6704 8.5770e+01     3.7890      1.899      2.755    20.7187 0.0000e+00
      1.951      0.046     2.4975     28.320     43.218  38.806664    10.8006      7.874   221.7193 8.4249e+01     3.7878      1.909      2.769    20.6862 0.0000e+00
      1.969      0.053     2.5281     27.545     43.296  38.790577    10.7987      7.871   221.7804 8.2111e+01     3.7190      1.930      2.800    20.6242 0.0000e+00
      1.991      0.056     2.5618     26.094     43.310  38.795767    10.7913      7.867   221.8931 8.0404e+01     3.6748      1.954      2.834    20.4225 0.0000e+00
      2.010      0.053     2.5972     24.203     43.299  38.805959    10.7946      7.863   222.2210 7.9279e+01     3.6969      1.973      2.861    20.0914 0.0000e+00
      2.024      0.046     2.6019     22.272     43.263  38.786921    10.8056      7.859   222.6480 7.8576e+01     3.7476      1.986      2.881    19.8367 0.0000e+00
      2.032      0.039     2.5414     20.613     43.266  38.755977    10.7995      7.856   222.9270 7.8337e+01     3.7751      1.995      2.894    19.7600 0.0000e+00
      2.036      0.034     2.3979     19.385     43.373  38.749073    10.7460      7.855   223.0986 7.8132e+01     3.7216      1.997      2.897    19.7783 0.0000e+00
      2.040      0.032     2.2086     18.589     43.549  38.766769    10.6581      7.855   223.2595 7.7628e+01     3.6479      1.999      2.899    19.8051 0.0000e+00
      2.048      0.033     2.0219     18.121     43.713  38.779377    10.6196      7.855   223.4955 7.6646e+01     3.6694      2.006      2.910    19.8405 0.0000e+00
      2.059      0.034     1.8650     17.750     43.834  38.774409    10.6297      7.853   223.7159 7.5622e+01     3.7426      2.019      2.928    19.8210 0.0000e+00
      2.071      0.036     1.7601     17.219     43.927  38.770020    10.6053      7.850   223.8598 7.4808e+01     3.7807      2.031      2.945    19.6789 0.0000e+00
      2.081      0.036     1.6947     16.402     44.011  38.789653    10.5333      7.848   224.1166 7.4110e+01     3.7542      2.040      2.959    19.4969 0.0000e+00
      2.091      0.035     1.6655     15.316     44.079  38.821340    10.4739      7.847   224.4108 7.3677e+01     3.6956      2.050      2.975    19.3450 0.0000e+00
      2.098      0.033     1.6462     14.116     44.110  38.835812    10.4618      7.844   224.6638 7.3309e+01     3.6867      2.059      2.986    19.2154 0.0000e+00
      2.103      0.033     1.6031     13.021     44.109  38.837692    10.4038      7.841   224.9387 7.2768e+01     3.7154      2.062      2.991    19.1092 0.0000e+00
      2.111      0.033     1.5299     12.218     44.091  38.844082    10.2633      7.839   225.1542 7.2133e+01     3.7354      2.069      3.001    19.0526 0.0000e+00
      2.121      0.034     1.4237     11.793     44.070  38.849642    10.1701      7.837   225.2900 7.1376e+01     3.7229      2.080      3.017    19.0270 0.0000e+00
      2.131      0.037     1.3057     11.764     44.075  38.841488    10.1503      7.836   225.3757 7.0684e+01     3.6677      2.090      3.030    19.0107 0.0000e+00
      2.140      0.040     1.1968     12.076     44.122  38.808940    10.1321      7.836   225.5017 7.0186e+01     3.6477      2.099      3.044    19.0114 0.0000e+00
      2.150      0.043     1.1199     12.566     44.195  38.773307     9.9666      7.836   225.7813 6.9595e+01     3.6864      2.108      3.056    19.0401 0.0000e+00
      2.160      0.046     1.0789     13.049     44.289  38.791268     9.6637      7.835   225.9178 6.8839e+01     3.7263      2.116      3.070    19.0882 0.0000e+00
      2.172      0.049     1.0766     13.378     44.369  38.835638     9.4829      7.831   225.7751 6.8140e+01     3.7202      2.130      3.090    19.0907 0.0000e+00
      2.187      0.050     1.1149     13.463     44.419  38.865534     9.4369      7.826   225.7763 6.7327e+01     3.6803      2.144      3.109    18.9893 0.0000e+00
      2.202      0.049     1.1698     13.315     44.471  38.898891     9.3492      7.824   226.1052 6.6221e+01     3.6545      2.157      3.129    18.8386 0.0000e+00
      2.217      0.047     1.2211     13.026     44.531  38.921641     9.2057      7.822   226.5676 6.5382e+01     3.6131      2.175      3.156    18.7687 0.0000e+00
      2.228      0.043     1.2559     12.689     44.638  38.950181     9.1239      7.820   226.5488 6.5056e+01     3.5553      2.188      3.174    18.7627 0.0000e+00
      2.236      0.038     1.2634     12.374     44.766  38.990039     9.1014      7.819   226.0505 6.4658e+01     3.5032      2.192      3.180    18.7388 0.0000e+00
      2.244      0.033     1.2460     12.152     44.868  39.022705     9.0671      7.818   225.8767 6.3942e+01     3.4604      2.201      3.191    18.7347 0.0000e+00
      2.253      0.030     1.2160     12.042     45.029  39.091231     9.0413      7.818   226.2543 6.3302e+01     3.4822      2.211      3.206    18.7212 0.0000e+00
      2.260      0.030     1.1855     11.989     45.274  39.183891     9.0473      7.818   227.0028 6.3056e+01     3.5622      2.218      3.216    18.6245 0.0000e+00
      2.265      0.032     1.1554     11.941     45.525  39.254442     9.0491      7.818   227.6996 6.2934e+01     3.5733      2.222      3.222    18.5293 0.0000e+00
      2.271      0.034     1.1339     11.850     45.732  39.309445     9.0456      7.818   227.8814 6.2591e+01     3.4795      2.227      3.230    18.4876 0.0000e+00
      2.280      0.039     1.1287     11.653     45.864  39.341077     9.0725      7.818   227.7388 6.2009e+01     3.4182      2.235      3.242    18.4296 0.0000e+00
      2.292      0.047     1.1280     11.326     45.969  39.382962     9.0992      7.815   227.7821 6.1288e+01     3.4479      2.247      3.259    18.2856 0.0000e+00
      2.305      0.057     1.1292     10.901     46.160  39.498500     9.1272      7.809   228.1470 6.0616e+01     3.4972      2.262      3.279    18.0929 0.0000e+00
      2.318      0.064     1.1266     10.428     46.399  39.595668     9.3942      7.801   228.8805 5.9877e+01     3.5019      2.272      3.295    17.9570 0.0000e+00
