Data/DataNotYetUploadedToEDI/Raw_CTD/RawDownloads/073124_ccr90_S8188002.cnv
* Sea-Bird SBE19plus  Data File:
* FileName = C:\R\Reservoirs\Data\DataNotYetUploadedToEDI\Raw_CTD\RawDownloads\073124_ccr88_S8188_0002.hex
* Software version 2.8.0.119
* Temperature SN = 8188
* Conductivity SN = 8188
* System UpLoad Time = Aug 02 2024 14:05:17
* <ApplicationData>
* <Seaterm232>
# nquan = 16
# nvalues = 743                         
# units = specified
# name 0 = depFM: Depth [fresh water, m]
# name 1 = dz/dtM: Descent Rate [m/s]
# name 2 = sbeox0Mg/L: Oxygen, SBE 43 [mg/l]
# name 3 = sbeox0PS: Oxygen, SBE 43 [% saturation]
# name 4 = specc: Specific Conductance [uS/cm]
# name 5 = c0uS/cm: Conductivity [uS/cm]
# name 6 = wetCDOM: Fluorescence, WET Labs CDOM [mg/m^3]
# name 7 = flECO-AFL: Fluorescence, WET Labs ECO-AFL/FL [mg/m^3]
# name 8 = flECO-AFL1: Fluorescence, WET Labs ECO-AFL/FL, 2 [mg/m^3]
# name 9 = flECO-AFL2: Fluorescence, WET Labs ECO-AFL/FL, 3 [mg/m^3]
# name 10 = par/sat/log: PAR/Logarithmic, Satlantic
# name 11 = turbWETntu0: Turbidity, WET Labs ECO [NTU]
# name 12 = prdM: Pressure, Strain Gauge [db]
# name 13 = prdE: Pressure, Strain Gauge [psi]
# name 14 = tv290C: Temperature [ITS-90, deg C]
# name 15 = flag:  0.000e+00
# span 0 =     -0.445,      4.099       
# span 1 =     -0.224,      0.156       
# span 2 =     4.0423,     8.6747       
# span 3 =     51.674,    111.323       
# span 4 =   -434.573,    117.257       
# span 5 =-460.937960, 124.908408       
# span 6 =    -4.5000,    13.1400       
# span 7 =    -1.7800,     7.1885       
# span 8 =    -2.1300,     1.2780       
# span 9 =    -4.6107,     1.9881       
# span 10 = 1.8861e+02, 3.1728e+03      
# span 11 =    -9.9928,    10.4462      
# span 12 =     -0.436,      4.019      
# span 13 =     -0.632,      5.829      
# span 14 =    26.0240,    28.4933      
# span 15 = 0.0000e+00, 0.0000e+00      
# interval = seconds: 0.25
# start_time = Jul 31 2024 12:44:19 [Instrument's time stamp, header]
# bad_flag = -9.990e-29
*END*
[from data line 362]
      0.586      0.045     6.0204    102.703    117.241 124.887992    11.3400     0.1503     0.0426     0.0846 5.8651e+02     0.0228      0.574      0.833    28.2179 0.0000e+00
      0.597      0.041     6.4786    107.229    117.210 124.844807    11.4300     0.1579     0.0426     0.1269 5.9253e+02     0.0077      0.585      0.849    28.2383 0.0000e+00
      0.607      0.036     7.0111    110.111    117.174 124.791344    11.4300     0.1503     0.0426     0.1269 3.9561e+02     0.0983      0.595      0.863    28.2510 0.0000e+00
      0.615      0.031     7.5394    111.323    117.138 124.735356    11.4300     0.1465     0.0426     0.1269 4.7607e+02     0.1286      0.603      0.875    28.2557 0.0000e+00
      0.622      0.026     8.0004    111.065    117.107 124.679917    11.4300     0.2075     0.0426     0.1269 5.4758e+02     0.1286      0.610      0.885    28.2546 0.0000e+00
      0.628      0.022     8.3537    109.773    117.081 124.622249    11.3400     0.1923     0.0852     0.1269 3.5558e+02     0.0681      0.616      0.893    28.2499 0.0000e+00
      0.633      0.019     8.5792    108.009    117.051 124.550973    11.3400     0.2152     0.0852     0.1269 3.9253e+02     0.0530      0.620      0.900    28.2436 0.0000e+00
      0.637      0.016     8.6747    106.232    117.007 124.455083    11.3400     0.2113     0.0852     0.1269 5.4675e+02     0.0983      0.624      0.905    28.2361 0.0000e+00
      0.640      0.014     8.6561    104.697    116.950 124.339018    11.3400     0.1732     0.0852     0.1269 3.7797e+02     0.0983      0.627      0.910    28.2264 0.0000e+00
      0.643      0.013     8.5572    103.513    116.912 124.239846    11.3400     0.1694     0.0852     0.1269 5.4261e+02    -0.0376      0.630      0.914    28.2136 0.0000e+00
      0.645      0.013     8.4222    102.688    116.920 124.193141    11.4300     0.1579     0.0000     0.1692 4.1870e+02     0.1437      0.633      0.918    28.1966 0.0000e+00
      0.648      0.014     8.2867    102.173    116.946 124.174440    11.4300     0.1312     0.0000     0.1692 4.5002e+02    -0.0074      0.636      0.922    28.1757 0.0000e+00
      0.652      0.015     8.1704    101.898    116.946 124.138740    11.4300     0.2075     0.0000     0.1692 4.5583e+02     0.0983      0.639      0.927    28.1521 0.0000e+00
      0.655      0.017     8.0816    101.800    116.917 124.076520    11.4300     0.2037     0.0000     0.1692 5.7929e+02     0.0228      0.642      0.932    28.1272 0.0000e+00
      0.659      0.020     8.0206    101.825    116.879 124.003199    11.5200     0.2113     0.0426     0.1269 4.5971e+02     0.0681      0.646      0.938    28.1035 0.0000e+00
      0.664      0.025     7.9832    101.910    116.861 123.943239    11.5200     0.1846     0.0426     0.1269 3.7723e+02     0.0530      0.651      0.945    28.0839 0.0000e+00
      0.670      0.029     7.9639    101.989    116.874 123.908658    11.5200     0.1274     0.0426     0.1269 4.6991e+02     0.0228      0.657      0.954    28.0684 0.0000e+00
      0.678      0.035     7.9582    102.034    116.899 123.882229    11.5200     0.1503     0.0426     0.1269 7.8424e+02     0.0681      0.665      0.965    28.0550 0.0000e+00
      0.688      0.040     7.9621    102.053    116.911 123.840897    11.4300     0.1198     0.0426     0.2538 7.0060e+02    -0.0225      0.675      0.979    28.0408 0.0000e+00
      0.700      0.045     7.9712    102.047    116.917 123.791642    11.4300     0.1579     0.0426     0.2538 6.5425e+02     0.0832      0.686      0.995    28.0234 0.0000e+00
      0.712      0.050     7.9804    101.970    116.940 123.761340    11.4300     0.1885     0.0426     0.2538 4.0819e+02     0.3703      0.699      1.013    28.0028 0.0000e+00
      0.726      0.054     7.9870    101.779    116.982 123.751911    11.4300     0.1999     0.0426     0.2538 6.5695e+02     0.4005      0.712      1.032    27.9803 0.0000e+00
      0.740      0.058     7.9919    101.489    117.017 123.738831    11.4300     0.1999     0.0852     0.1692 3.9863e+02     0.2947      0.726      1.052    27.9568 0.0000e+00
      0.755      0.060     7.9947    101.139    117.033 123.712607    11.4300     0.1923     0.0852     0.1692 4.6031e+02     0.4005      0.741      1.074    27.9332 0.0000e+00
      0.772      0.061     7.9919    100.755    117.039 123.684250    11.4300     0.2724     0.0852     0.1692 3.8093e+02     0.2192      0.757      1.098    27.9100 0.0000e+00
      0.789      0.061     7.9802    100.371    117.040 123.660199    11.4300     0.2648     0.0852     0.1692 3.9390e+02     0.2796      0.774      1.122    27.8871 0.0000e+00
      0.805      0.060     7.9605    100.041    117.043 123.646046    11.4300     0.2648     0.0852     0.1692 5.1403e+02     0.2947      0.790      1.145    27.8655 0.0000e+00
      0.821      0.058     7.9356     99.810    117.044 123.634013    11.4300     0.3067     0.0852     0.2115 3.4060e+02     0.3249      0.805      1.167    27.8470 0.0000e+00
      0.835      0.055     7.9075     99.690    117.029 123.604887    11.4300     0.2648     0.0852     0.2115 3.8871e+02     0.2796      0.819      1.188    27.8324 0.0000e+00
      0.849      0.053     7.8789     99.662    117.002 123.558904    11.4300     0.2495     0.0852     0.2115 4.8358e+02     0.3249      0.832      1.206    27.8217 0.0000e+00
      0.861      0.051     7.8541     99.702    116.981 123.515810    11.4300     0.2495     0.0852     0.2115 3.8981e+02     0.4156      0.844      1.224    27.8141 0.0000e+00
      0.873      0.050     7.8367     99.793    116.977 123.488121    11.4300     0.2762     0.0852     0.0846 3.7912e+02     0.3703      0.856      1.242    27.8085 0.0000e+00
      0.886      0.049     7.8281     99.913    116.981 123.468452    11.4300     0.2800     0.0852     0.0846 3.9330e+02     0.2796      0.869      1.260    27.8028 0.0000e+00
      0.898      0.050     7.8270    100.030    116.985 123.447554    11.4300     0.2800     0.0852     0.0846 3.7961e+02     0.3703      0.881      1.278    27.7953 0.0000e+00
      0.911      0.051     7.8314    100.117    116.989 123.427856    11.4300     0.2571     0.0852     0.0846 3.4372e+02     0.3854      0.893      1.295    27.7863 0.0000e+00
      0.923      0.052     7.8399    100.163    117.005 123.420110    11.5200     0.2571     0.0000     0.1269 3.3018e+02     0.2494      0.906      1.313    27.7764 0.0000e+00
      0.937      0.054     7.8508    100.170    117.019 123.410244    11.5200     0.3220     0.0000     0.1269 3.8518e+02     0.2645      0.918      1.332    27.7661 0.0000e+00
      0.951      0.056     7.8614    100.155    117.011 123.379621    11.5200     0.3258     0.0000     0.1269 4.2373e+02     0.2494      0.932      1.352    27.7556 0.0000e+00
      0.965      0.059     7.8697    100.140    116.994 123.340081    11.5200     0.3296     0.0000     0.1269 3.5097e+02     0.3249      0.947      1.373    27.7451 0.0000e+00
      0.981      0.060     7.8748    100.144    116.980 123.305086    11.5200     0.3220     0.0000     0.1269 3.5465e+02     0.3552      0.962      1.395    27.7347 0.0000e+00
      0.997      0.062     7.8768    100.187    116.978 123.281308    11.5200     0.3067     0.0426     0.1692 3.6489e+02     0.3249      0.978      1.418    27.7244 0.0000e+00
      1.014      0.062     7.8770    100.263    116.980 123.262406    11.5200     0.3143     0.0426     0.1692 3.3176e+02     0.3098      0.994      1.441    27.7147 0.0000e+00
      1.030      0.060     7.8770    100.361    116.976 123.239335    11.5200     0.3143     0.0426     0.1692 3.8947e+02     0.3854      1.010      1.465    27.7057 0.0000e+00
      1.046      0.058     7.8786    100.476    116.969 123.217946    11.5200     0.3449     0.0426     0.1692 2.9832e+02     0.3703      1.025      1.487    27.6970 0.0000e+00
      1.061      0.056     7.8832    100.603    116.966 123.206539    11.6100     0.3220     0.0000     0.1269 2.8995e+02     0.3552      1.040      1.509    27.6879 0.0000e+00
      1.074      0.053     7.8906    100.725    116.977 123.212074    11.6100     0.3296     0.0000     0.1269 3.6386e+02     0.3249      1.053      1.528    27.6788 0.0000e+00
      1.087      0.051     7.8994    100.816    116.991 123.222025    11.6100     0.3296     0.0000     0.1269 2.9394e+02     0.2494      1.066      1.546    27.6707 0.0000e+00
      1.099      0.050     7.9093    100.847    117.003 123.227040    11.6100     0.3296     0.0000     0.1269 2.7569e+02     0.2947      1.078      1.563    27.6647 0.0000e+00
      1.111      0.050     7.9198    100.808    117.027 123.242461    11.6100     0.3067     0.0000     0.1692 2.8010e+02     0.0077      1.089      1.580    27.6609 0.0000e+00
      1.123      0.051     7.9297    100.715    117.053 123.258396    11.6100     0.3182     0.0000     0.1692 3.1218e+02     0.0379      1.101      1.597    27.6586 0.0000e+00
      1.136      0.054     7.9371    100.597    117.056 123.249084    11.6100     0.3220     0.0000     0.1692 2.9503e+02     0.0983      1.113      1.615    27.6564 0.0000e+00
      1.150      0.056     7.9401    100.468    117.041 123.222043    11.6100     0.3296     0.0000     0.1692 3.4937e+02     0.0681      1.127      1.635    27.6532 0.0000e+00
      1.165      0.058     7.9375    100.343    117.021 123.192069    11.7000     0.3105     0.0852     0.2538 3.8085e+02     0.3703      1.142      1.657    27.6488 0.0000e+00
      1.180      0.061     7.9309    100.266    117.003 123.167174    11.7000     0.3372     0.0852     0.2538 3.4657e+02     0.4156      1.157      1.679    27.6439 0.0000e+00
      1.196      0.063     7.9224    100.281    116.994 123.152721    11.7000     0.3182     0.0852     0.2538 3.3393e+02     0.2796      1.173      1.702    27.6387 0.0000e+00
      1.213      0.064     7.9129    100.387    116.982 123.136854    11.7000     0.3220     0.0852     0.2538 3.3155e+02     0.3098      1.189      1.725    27.6340 0.0000e+00
      1.229      0.064     7.9036    100.541    116.966 123.115342    11.7000     0.3372     0.0852     0.2538 3.2804e+02     0.3098      1.205      1.748    27.6302 0.0000e+00
      1.246      0.064     7.8979    100.686    116.948 123.090451    11.7000     0.3296     0.0426     0.2115 3.7364e+02     0.4005      1.222      1.772    27.6275 0.0000e+00
      1.263      0.064     7.8994    100.786    116.924 123.057544    11.7000     0.3258     0.0426     0.2115 3.4097e+02     0.3552      1.238      1.796    27.6255 0.0000e+00
      1.279      0.063     7.9080    100.827    116.905 123.025850    11.7000     0.3334     0.0426     0.2115 3.3890e+02     0.3703      1.254      1.820    27.6238 0.0000e+00
      1.295      0.063     7.9203    100.819    116.902 123.006923    11.7000     0.3792     0.0426     0.2115 5.7079e+02     0.3552      1.270      1.842    27.6219 0.0000e+00
      1.310      0.062     7.9321    100.783    116.919 123.003718    11.7900     0.3678     0.0000     0.2538 3.8711e+02     0.3854      1.285      1.864    27.6196 0.0000e+00
      1.326      0.062     7.9405    100.736    116.950 123.015378    11.7900     0.3945     0.0000     0.2538 3.4590e+02     0.2494      1.300      1.886    27.6163 0.0000e+00
      1.342      0.062     7.9444    100.681    116.977 123.025005    11.7900     0.3945     0.0000     0.2538 3.2932e+02     0.2947      1.316      1.909    27.6114 0.0000e+00
      1.358      0.062     7.9447    100.632    116.985 123.017160    11.7900     0.3754     0.0000     0.2538 4.2687e+02     0.3552      1.332      1.932    27.6042 0.0000e+00
      1.374      0.062     7.9432    100.614    116.972 122.987751    11.7000     0.3945     0.0852     0.1692 3.7526e+02     0.3854      1.348      1.954    27.5954 0.0000e+00
      1.390      0.061     7.9407    100.634    116.946 122.942938    11.7000     0.3945     0.0852     0.1692 3.3743e+02     0.3854      1.363      1.977    27.5863 0.0000e+00
      1.405      0.060     7.9375    100.681    116.929 122.904780    11.7000     0.3754     0.0852     0.1692 3.6904e+02     0.2343      1.378      1.999    27.5783 0.0000e+00
      1.421      0.059     7.9347    100.735    116.930 122.887108    11.7000     0.4669     0.0852     0.1692 3.2975e+02     0.3249      1.393      2.021    27.5713 0.0000e+00
      1.436      0.058     7.9342    100.775    116.936 122.877205    11.7000     0.4479     0.0852     0.1692 3.7299e+02     0.3249      1.408      2.042    27.5646 0.0000e+00
      1.451      0.056     7.9368    100.798    116.943 122.872430    11.7000     0.4479     0.0426     0.0846 3.4824e+02     0.3249      1.422      2.063    27.5572 0.0000e+00
      1.465      0.053     7.9417    100.813    116.969 122.891513    11.7000     0.4440     0.0426     0.0846 3.4290e+02     0.3400      1.436      2.084    27.5488 0.0000e+00
      1.479      0.050     7.9472    100.821    117.017 122.935543    11.7000     0.4402     0.0426     0.0846 4.1327e+02     0.4307      1.450      2.103    27.5406 0.0000e+00
      1.491      0.047     7.9513    100.825    117.067 122.984252    11.7000     0.4364     0.0426     0.0846 4.4140e+02     0.3400      1.462      2.121    27.5336 0.0000e+00
      1.503      0.045     7.9538    100.837    117.094 123.008616    11.8800     0.4212     0.0426     0.2538 3.6236e+02     0.2947      1.473      2.137    27.5283 0.0000e+00
      1.513      0.043     7.9555    100.867    117.086 122.997128    11.8800     0.4593     0.0426     0.2538 3.5396e+02     0.3249      1.483      2.152    27.5248 0.0000e+00
      1.523      0.043     7.9565    100.914    117.055 122.960728    11.8800     0.4517     0.0426     0.2538 3.9794e+02     0.4156      1.493      2.166    27.5224 0.0000e+00
      1.533      0.043     7.9570    100.974    117.016 122.915716    11.8800     0.4364     0.0426     0.2538 4.1318e+02     0.4307      1.503      2.181    27.5206 0.0000e+00
      1.544      0.044     7.9582    101.045    116.981 122.874097    11.7900     0.4440     0.0426     0.2538 5.5164e+02     0.4005      1.514      2.196    27.5190 0.0000e+00
      1.556      0.046     7.9608    101.112    116.958 122.844776    11.7900     0.4669     0.0426     0.2538 4.5553e+02     0.2796      1.525      2.213    27.5176 0.0000e+00
      1.568      0.048     7.9647    101.156    116.960 122.843942    11.7900     0.5280     0.0426     0.2538 3.8002e+02     0.3098      1.537      2.230    27.5160 0.0000e+00
      1.580      0.050     7.9697    101.168    116.984 122.867370    11.7900     0.5280     0.0426     0.2538 5.0737e+02     0.3854      1.550      2.248    27.5141 0.0000e+00
      1.593      0.053     7.9757    101.156    117.004 122.885299    11.8800     0.4975     0.0426     0.1692 9.5260e+02     0.2494      1.562      2.266    27.5120 0.0000e+00
      1.607      0.055     7.9812    101.136    117.008 122.886504    11.8800     0.4860     0.0426     0.1692 4.5434e+02     0.2796      1.576      2.285    27.5101 0.0000e+00
      1.621      0.057     7.9848    101.122    117.010 122.883310    11.8800     0.5127     0.0426     0.1692 4.8940e+02     0.2494      1.590      2.306    27.5088 0.0000e+00
      1.636      0.058     7.9859    101.118    117.006 122.874864    11.8800     0.5318     0.0426     0.1692 4.9399e+02     0.3249      1.604      2.327    27.5078 0.0000e+00
      1.652      0.059     7.9851    101.118    116.994 122.858915    11.8800     0.5013     0.0426     0.1692 4.4953e+02     0.3703      1.620      2.349    27.5067 0.0000e+00
      1.667      0.059     7.9838    101.114    116.982 122.843213    11.9700     0.5013     0.0426     0.1692 5.3465e+02     0.3249      1.635      2.371    27.5051 0.0000e+00
      1.682      0.059     7.9830    101.093    116.980 122.839574    11.9700     0.5623     0.0426     0.1692 4.1688e+02     0.3400      1.650      2.393    27.5032 0.0000e+00
