Data/DataNotYetUploadedToEDI/Raw_CTD/RawDownloads/073124_ccr90_S8188002.cnv
* Sea-Bird SBE19plus  Data File:
* FileName = C:\R\Reservoirs\Data\DataNotYetUploadedToEDI\Raw_CTD\RawDownloads\073124_ccr88_S8188_0002.hex
* Software version 2.8.0.119
* Temperature SN = 8188
* Conductivity SN = 8188
* System UpLoad Time = Aug 02 2024 14:05:17
* <ApplicationData>
* <Seaterm232>
# nquan = 16
# nvalues = 743                         
# units = specified
# name 0 = depFM: Depth [fresh water, m]
# name 1 = dz/dtM: Descent Rate [m/s]
# name 2 = sbeox0Mg/L: Oxygen, SBE 43 [mg/l]
# name 3 = sbeox0PS: Oxygen, SBE 43 [% saturation]
# name 4 = specc: Specific Conductance [uS/cm]
# name 5 = c0uS/cm: Conductivity [uS/cm]
# name 6 = wetCDOM: Fluorescence, WET Labs CDOM [mg/m^3]
# name 7 = flECO-AFL: Fluorescence, WET Labs ECO-AFL/FL [mg/m^3]
# name 8 = flECO-AFL1: Fluorescence, WET Labs ECO-AFL/FL, 2 [mg/m^3]
# name 9 = flECO-AFL2: Fluorescence, WET Labs ECO-AFL/FL, 3 [mg/m^3]
# name 10 = par/sat/log: PAR/Logarithmic, Satlantic
# name 11 = turbWETntu0: Turbidity, WET Labs ECO [NTU]
# name 12 = prdM: Pressure, Strain Gauge [db]
# name 13 = prdE: Pressure, Strain Gauge [psi]
# name 14 = tv290C: Temperature [ITS-90, deg C]
# name 15 = flag:  0.000e+00
# span 0 =     -0.445,      4.099       
# span 1 =     -0.224,      0.156       
# span 2 =     4.0423,     8.6747       
# span 3 =     51.674,    111.323       
# span 4 =   -434.573,    117.257       
# span 5 =-460.937960, 124.908408       
# span 6 =    -4.5000,    13.1400       
# span 7 =    -1.7800,     7.1885       
# span 8 =    -2.1300,     1.2780       
# span 9 =    -4.6107,     1.9881       
# span 10 = 1.8861e+02, 3.1728e+03      
# span 11 =    -9.9928,    10.4462      
# span 12 =     -0.436,      4.019      
# span 13 =     -0.632,      5.829      
# span 14 =    26.0240,    28.4933      
# span 15 = 0.0000e+00, 0.0000e+00      
# interval = seconds: 0.25
# start_time = Jul 31 2024 12:44:19 [Instrument's time stamp, header]
# bad_flag = -9.990e-29
*END*
[from data line 724]
      0.081     -0.122     7.8556    100.073   -147.343-156.332279    11.9700     0.4097     0.0000    -0.2115 1.3200e+03     0.6120      0.080      0.116    27.8980 0.0000e+00
      0.051     -0.129     7.8523    100.011   -323.644-343.232404    11.9700     0.3945     0.0000    -0.2115 1.4470e+03     0.5213      0.050      0.073    27.9214 0.0000e+00
      0.018     -0.138     7.8469     99.932   -433.778-459.928464    11.9700     0.4135     0.0000    -0.2115 1.0274e+03     0.4760      0.018      0.026    27.9437 0.0000e+00
     -0.018     -0.146     7.8397     99.816   -323.486-342.824559    11.0700     0.3906     0.0426     0.2538 5.2134e+02     0.6120     -0.017     -0.025    27.9671 0.0000e+00
     -0.057     -0.153     7.8320     99.593   -147.121-155.647903    11.0700     0.0893     0.0426     0.2538 1.6525e+03    -0.9440     -0.055     -0.080    27.9932 0.0000e+00
     -0.097     -0.158     7.8227     99.134    -41.342 -43.359610    11.0700     0.0855     0.0426     0.2538 1.6851e+03    -0.8836     -0.095     -0.137    28.0267 0.0000e+00
     -0.137     -0.161     7.8104     98.288     22.115  24.007879    11.0700     0.0855     0.0426     0.2538 1.6286e+03    -0.9591     -0.134     -0.194    28.0727 0.0000e+00
     -0.176     -0.161     7.7934     96.978     60.196  64.431236    10.8000     0.0816     0.2130    -1.3536 1.7596e+03    -0.8231     -0.172     -0.250    28.1289 0.0000e+00
     -0.214     -0.159     7.7682     95.285     83.044  88.674016    10.8000     0.0626     0.2130    -1.3536 1.7646e+03    -0.8987     -0.210     -0.304    28.1845 0.0000e+00
     -0.251     -0.155     7.7263     93.434     96.727 103.180953    10.8000     0.6806     0.2130    -1.3536 1.6547e+03    -1.4274     -0.246     -0.357    28.2285 0.0000e+00
     -0.287     -0.149     7.6565     91.699    104.875 111.804555    10.8000     0.6958     0.2130    -1.3536 1.3358e+03    -1.3670     -0.281     -0.408    28.2572 0.0000e+00
     -0.320     -0.141     7.5523     90.310    109.668 116.856454    10.8000     0.6767     0.2130    -1.3536 1.2924e+03    -1.4425     -0.313     -0.455    28.2724 0.0000e+00
     -0.346     -0.134     7.4197     89.387    112.418 119.729840     3.7800     0.6577    -1.0224    -3.7224 3.0112e+02    -1.3972     -0.340     -0.493    28.2774 0.0000e+00
     -0.367     -0.128     7.2758     88.929    113.849 121.200948     3.7800     7.1885    -1.0224    -3.7224 8.5750e+02    -9.9474     -0.360     -0.522    28.2752 0.0000e+00
     -0.382     -0.126     7.1416     88.810    114.292 121.650064     3.7800     7.1847    -1.0224    -3.7224 1.8861e+02    -9.9928     -0.375     -0.543    28.2676 0.0000e+00
     -0.393 -9.990e-29     7.0350 -9.990e-29 -9.990e-29 -9.990e-29     3.7800 -9.990e-29    -1.0224    -3.7224 7.5695e+02 -9.990e-29     -0.385     -0.559    28.2543 0.0000e+00
     -0.401 -9.990e-29     6.9654 -9.990e-29 -9.990e-29 -9.990e-29     0.0000 -9.990e-29     1.2780    -4.6107 7.8135e+02 -9.990e-29     -0.393     -0.569    28.2356 0.0000e+00
     -0.405 -9.990e-29     6.9321 -9.990e-29 -9.990e-29 -9.990e-29     0.0000 -9.990e-29     1.2780    -4.6107 7.8135e+02 -9.990e-29     -0.397     -0.575    28.2161 0.0000e+00
     -0.406 -9.990e-29     6.9239 -9.990e-29 -9.990e-29 -9.990e-29     0.0000 -9.990e-29     1.2780    -4.6107 8.0987e+02 -9.990e-29     -0.398     -0.577    28.2072 0.0000e+00
