Data/DataNotYetUploadedToEDI/Raw_CTD/RawDownloads/073124_ccr90_S8188005.cnv
* Sea-Bird SBE19plus  Data File:
* FileName = C:\R\Reservoirs\Data\DataNotYetUploadedToEDI\Raw_CTD\RawDownloads\073124_ccr88_S8188_0005.hex
* Software version 2.8.0.119
* Temperature SN = 8188
* Conductivity SN = 8188
* System UpLoad Time = Aug 02 2024 14:06:11
* <ApplicationData>
* <Seaterm232>
# nquan = 16
# nvalues = 1014                        
# units = specified
# name 0 = depFM: Depth [fresh water, m]
# name 1 = dz/dtM: Descent Rate [m/s]
# name 2 = sbeox0Mg/L: Oxygen, SBE 43 [mg/l]
# name 3 = sbeox0PS: Oxygen, SBE 43 [% saturation]
# name 4 = specc: Specific Conductance [uS/cm]
# name 5 = c0uS/cm: Conductivity [uS/cm]
# name 6 = wetCDOM: Fluorescence, WET Labs CDOM [mg/m^3]
# name 7 = flECO-AFL: Fluorescence, WET Labs ECO-AFL/FL [mg/m^3]
# name 8 = flECO-AFL1: Fluorescence, WET Labs ECO-AFL/FL, 2 [mg/m^3]
# name 9 = flECO-AFL2: Fluorescence, WET Labs ECO-AFL/FL, 3 [mg/m^3]
# name 10 = par/sat/log: PAR/Logarithmic, Satlantic
# name 11 = turbWETntu0: Turbidity, WET Labs ECO [NTU]
# name 12 = prdM: Pressure, Strain Gauge [db]
# name 13 = prdE: Pressure, Strain Gauge [psi]
# name 14 = tv290C: Temperature [ITS-90, deg C]
# name 15 = flag:  0.000e+00
# span 0 =     -0.476,      4.238       
# span 1 =     -0.218,      0.164       
# span 2 =     3.8039,     9.6467       
# span 3 =     48.889,    125.692       
# span 4 =   -431.858,    117.986       
# span 5 =-459.886631, 127.650323       
# span 6 =    -4.5000,   306.5400       
# span 7 =    -0.2922,     1.9509       
# span 8 =    -2.1300,     1.1076       
# span 9 =    -2.0304,     4.1877       
# span 10 = 1.1570e-01, 1.7212e-01      
# span 11 =    -0.8685,   337.0322      
# span 12 =     -0.467,      4.156      
# span 13 =     -0.677,      6.028      
# span 14 =    24.4356,    29.1582      
# span 15 = 0.0000e+00, 0.0000e+00      
# interval = seconds: 0.25
# start_time = Jul 31 2024 20:48:39 [Instrument's time stamp, header]
# bad_flag = -9.990e-29
*END*
[from data line 904]
      0.983     -0.127     8.0987    104.755    117.716 126.494214    18.0900     0.5280     0.7242     0.2538 1.1602e-01    10.3858      0.964      1.399    28.7183 0.0000e+00
      0.948     -0.126     8.0930    104.775    117.752 126.539137    18.0900     0.5242     0.7242     0.2538 1.1602e-01    10.3405      0.930      1.349    28.7200 0.0000e+00
      0.915     -0.121     8.0908    104.786    117.788 126.589471    18.0900     0.5432     0.7242     0.2538 1.1605e-01    13.7546      0.897      1.301    28.7205 0.0000e+00
      0.883     -0.112     8.0917    104.784    117.804 126.622624    18.0900     0.5127     0.7242     0.2538 1.1602e-01    13.7848      0.866      1.256    28.7207 0.0000e+00
      0.856     -0.100     8.0936    104.760    117.799 126.635431    17.6400     0.5280     0.2982     0.2115 1.1607e-01    13.6639      0.839      1.217    28.7218 0.0000e+00
      0.831     -0.089     8.0948    104.720    117.779 126.633310    17.6400     0.5242     0.2982     0.2115 1.1605e-01    13.6639      0.815      1.182    28.7245 0.0000e+00
      0.811     -0.078     8.0950    104.699    117.739 126.609694    17.6400     0.5318     0.2982     0.2115 1.1602e-01    12.8331      0.795      1.153    28.7292 0.0000e+00
      0.794     -0.068     8.0939    104.727    117.689 126.572292    17.6400     0.5203     0.2982     0.2115 1.1605e-01    12.7273      0.779      1.129    28.7360 0.0000e+00
      0.779     -0.062     8.0909    104.804    117.661 126.553152    14.5800     0.5280     0.1704     0.3384 1.1612e-01    12.8331      0.764      1.108    28.7439 0.0000e+00
      0.766     -0.059     8.0867    104.909    117.663 126.563176    14.5800     0.5280     0.1704     0.3384 1.1590e-01    12.7726      0.751      1.089    28.7522 0.0000e+00
      0.753     -0.060     8.0839    105.002    117.673 126.581027    14.5800     0.5509     0.1704     0.3384 1.1607e-01     9.6305      0.738      1.071    28.7603 0.0000e+00
      0.739     -0.065     8.0851    105.046    117.669 126.581452    14.5800     0.5776     0.1704     0.3384 1.1602e-01     9.7665      0.725      1.051    28.7670 0.0000e+00
      0.723     -0.074     8.0904    105.039    117.645 126.558561    12.4200     0.5814     0.1278     0.1692 1.1605e-01     9.7060      0.709      1.029    28.7718 0.0000e+00
      0.705     -0.086     8.0980    105.014    117.625 126.540266    12.4200     0.5623     0.1278     0.1692 1.1612e-01     9.7665      0.691      1.002    28.7752 0.0000e+00
      0.682     -0.099     8.1047    105.005    117.618 126.535695    12.4200     0.5318     0.1278     0.1692 1.1620e-01     7.9990      0.669      0.970    28.7780 0.0000e+00
      0.655     -0.111     8.1079    105.010    117.611 126.527624    12.4200     0.5013     0.1278     0.1692 1.1607e-01     7.9839      0.642      0.931    28.7801 0.0000e+00
      0.623     -0.122     8.1071    105.011    117.611 126.525904    17.1000     0.5165     0.2130     0.2538 1.1607e-01     8.1501      0.611      0.886    28.7814 0.0000e+00
      0.588     -0.129     8.1050    105.005    117.625 126.538081    17.1000     0.5127     0.2130     0.2538 1.1610e-01     8.0896      0.576      0.836    28.7828 0.0000e+00
      0.551     -0.131     8.1041    105.001    117.636 126.547393    17.1000     0.4708     0.2130     0.2538 1.1617e-01     8.5882      0.541      0.784    28.7839 0.0000e+00
      0.515     -0.129     8.1044    104.993    117.644 126.556322    17.1000     0.4364     0.2130     0.2538 1.1600e-01     8.5126      0.505      0.733    28.7842 0.0000e+00
      0.481     -0.122     8.1046    104.959    117.659 126.575253    17.1000     0.4708     0.2130     0.2538 1.1610e-01     8.5579      0.472      0.685    28.7833 0.0000e+00
      0.450     -0.111     8.1044    104.889    117.668 126.593228    17.8200     0.4631     0.1704     0.2538 1.1623e-01     8.4824      0.441      0.641    28.7819 0.0000e+00
      0.423     -0.098     8.1043    104.793    117.666 126.603034    17.8200     0.5165     0.1704     0.2538 1.1615e-01     6.3071      0.415      0.602    28.7809 0.0000e+00
      0.399     -0.084     8.1036    104.699    117.660 126.611289    17.8200     0.5394     0.1704     0.2538 1.1623e-01     6.3675      0.391      0.568    28.7809 0.0000e+00
      0.380     -0.071     8.1008    104.644    117.655 126.620195    17.8200     0.5318     0.1704     0.2538 1.1610e-01     6.3977      0.373      0.541    28.7823 0.0000e+00
      0.365     -0.058     8.0949    104.646    117.652 126.628128    13.7700     0.5318     0.1278     0.1692 1.1597e-01     6.3977      0.358      0.519    28.7856 0.0000e+00
      0.353     -0.048     8.0868    104.684    117.654 126.641203    13.7700     0.5127     0.1278     0.1692 1.1607e-01    10.9145      0.346      0.502    28.7908 0.0000e+00
      0.343     -0.040     8.0787    104.722    117.655 126.652904    13.7700     0.5356     0.1278     0.1692 1.1610e-01    10.7635      0.336      0.488    28.7968 0.0000e+00
      0.335     -0.034     8.0736    104.737    117.651 126.660349    13.7700     0.5280     0.1278     0.1692 1.1612e-01    10.7786      0.328      0.476    28.8027 0.0000e+00
      0.328     -0.031     8.0731    104.721    117.659 126.679529    13.0500     0.5280     0.1278     0.2538 1.1605e-01    10.7786      0.321      0.466    28.8077 0.0000e+00
      0.321     -0.032     8.0754    104.689    117.674 126.705556    13.0500     0.5509     0.1278     0.2538 1.1605e-01     4.1167      0.315      0.457    28.8123 0.0000e+00
      0.315     -0.035     8.0776    104.660    117.682 126.723361    13.0500     0.5890     0.1278     0.2538 1.1602e-01     4.0109      0.308      0.447    28.8170 0.0000e+00
      0.307     -0.041     8.0781    104.640    117.688 126.739691    13.0500     0.5928     0.1278     0.2538 1.1620e-01     3.9958      0.301      0.437    28.8218 0.0000e+00
      0.297     -0.050     8.0762    104.643    117.689 126.750900    13.0500     0.5852     0.1278     0.2538 1.1590e-01     3.9354      0.291      0.422    28.8264 0.0000e+00
      0.284     -0.063     8.0732    104.686    117.659 126.729961    20.9700     0.5242     0.3408     0.3384 1.1610e-01     3.5275      0.278      0.404    28.8306 0.0000e+00
      0.267     -0.078     8.0703    104.774    117.615 126.695304    20.9700     0.5165     0.3408     0.3384 1.1605e-01     3.5124      0.262      0.380    28.8346 0.0000e+00
      0.246     -0.095     8.0683    104.881    117.603 126.697715    20.9700     0.5432     0.3408     0.3384 1.1607e-01     3.4973      0.242      0.350    28.8385 0.0000e+00
      0.220     -0.112     8.0678    104.956    117.625 126.739839    20.9700     0.5165     0.3408     0.3384 1.1602e-01     3.3915      0.216      0.313    28.8427 0.0000e+00
      0.188     -0.127     8.0705    104.943    117.657 126.800895    18.3600     0.4631     0.2982     0.3807 1.1592e-01     8.4522      0.185      0.268    28.8476 0.0000e+00
      0.152     -0.139     8.0764    104.809    117.685 126.867150    18.3600     0.4669     0.2982     0.3807 1.1623e-01     8.5277      0.149      0.216    28.8534 0.0000e+00
      0.112     -0.146     8.0838    104.534    117.697 126.920259    18.3600     0.4784     0.2982     0.3807 1.1605e-01     8.4673      0.110      0.160    28.8598 0.0000e+00
      0.071     -0.145     8.0885    104.075    117.702 126.960381    18.3600     0.4746     0.2982     0.3807 1.1945e-01     8.4824      0.070      0.101    28.8676 0.0000e+00
      0.029     -0.134     8.0860    103.366    117.710 126.998218    17.3700     0.4135     0.2556     0.2538 1.1615e-01     2.7873      0.029      0.041    28.8786 0.0000e+00
     -0.010     -0.111     8.0735    102.378    117.719 127.031855    17.3700     0.4021     0.2556     0.2538 1.1612e-01     2.7571     -0.009     -0.014    28.8939 0.0000e+00
     -0.041     -0.078     8.0499    101.240    117.727 127.066260    17.3700     0.3639     0.2556     0.2538 1.1605e-01     2.7873     -0.040     -0.059    28.9109 0.0000e+00
     -0.062     -0.036     8.0125    100.226    117.730 127.096601    17.3700     0.3792     0.2556     0.2538 1.1615e-01     2.8024     -0.061     -0.088    28.9260 0.0000e+00
     -0.067      0.007     7.9562     99.560    117.711 127.104958   104.0400     0.4059     0.0852     1.4805 1.1602e-01     2.8326     -0.066     -0.096    28.9382 0.0000e+00
     -0.056      0.045     7.8788     99.287    117.666 127.081554   104.0400     0.5432     0.0852     1.4805 1.1676e-01    38.1666     -0.054     -0.079    28.9488 0.0000e+00
     -0.029      0.070     7.7897     99.346    117.568 126.998140   104.0400     0.5738     0.0852     1.4805 1.1623e-01    38.1968     -0.028     -0.041    28.9594 0.0000e+00
      0.005      0.078     7.7101     99.684    117.386 126.820466   104.0400     0.5699     0.0852     1.4805 1.1602e-01    38.1514      0.005      0.008    28.9712 0.0000e+00
      0.037      0.068     7.6572    100.250    117.105 126.529167   104.0400     0.5585     0.0852     1.4805 1.1612e-01    38.2723      0.037      0.053    28.9832 0.0000e+00
      0.059      0.042     7.6348    100.933    116.666 126.058571    44.6400     0.4669     0.5112     0.5076 1.1615e-01     6.3373      0.058      0.085    28.9939 0.0000e+00
      0.068      0.007     7.6381    101.555    115.926 125.261174    44.6400     0.4746     0.5112     0.5076 1.1615e-01     6.4430      0.067      0.097    29.0035 0.0000e+00
      0.061     -0.027     7.6629    101.920    115.456 124.756496    44.6400     0.4708     0.5112     0.5076 1.1607e-01     6.3071      0.061      0.088    29.0116 0.0000e+00
      0.042     -0.050     7.7057    101.905    115.911 125.254119    44.6400     0.4669     0.5112     0.5076 1.1600e-01     6.4128      0.041      0.060    29.0167 0.0000e+00
      0.015     -0.057     7.7580    101.506    116.644 126.052586    26.5500     0.5318     0.6816     0.5499 1.1623e-01    28.4380      0.015      0.021    29.0185 0.0000e+00
     -0.012     -0.045     7.8057    100.832    117.077 126.526660    26.5500     0.5280     0.6816     0.5499 1.1600e-01    28.4531     -0.012     -0.017    29.0193 0.0000e+00
     -0.031     -0.018     7.8336    100.096    117.322 126.798759    26.5500     0.5356     0.6816     0.5499 1.1612e-01    28.3172     -0.030     -0.044    29.0209 0.0000e+00
     -0.035      0.018     7.8320     99.569    117.460 126.953448    26.5500     0.5280     0.6816     0.5499 1.1582e-01    28.3927     -0.034     -0.050    29.0234 0.0000e+00
     -0.020      0.053     7.8010     99.428    117.544 127.047985   178.3800     0.5852     0.3408     1.7766 1.1612e-01    35.7495     -0.020     -0.030    29.0261 0.0000e+00
      0.008      0.078     7.7488     99.669    117.581 127.089572   178.3800     0.5738     0.3408     1.7766 1.1615e-01    35.7948      0.008      0.011    29.0289 0.0000e+00
      0.043      0.087     7.6919    100.192    117.575 127.083295   178.3800     0.5928     0.3408     1.7766 1.1615e-01    35.8402      0.043      0.061    29.0317 0.0000e+00
      0.077      0.077     7.6510    100.870    117.566 127.069500   178.3800     0.5585     0.3408     1.7766 1.1617e-01    35.7344      0.075      0.109    29.0342 0.0000e+00
      0.102      0.051     7.6400    101.554    117.574 127.074524   178.3800     0.5432     0.3408     1.7766 1.1612e-01    25.4620      0.100      0.144    29.0358 0.0000e+00
      0.114      0.015     7.6584    102.097    117.600 127.099706    21.8700     0.5280     0.4686     0.3384 1.1605e-01    25.4016      0.111      0.162    29.0367 0.0000e+00
      0.111     -0.023     7.6986    102.385    117.633 127.135754    21.8700     0.5394     0.4686     0.3384 1.1595e-01    25.3865      0.109      0.158    29.0365 0.0000e+00
      0.095     -0.054     7.7509    102.379    117.665 127.176273    21.8700     0.5280     0.4686     0.3384 1.1617e-01    25.4167      0.093      0.134    29.0350 0.0000e+00
      0.068     -0.070     7.8037    102.106    117.698 127.224064    21.8700     0.5470     0.4686     0.3384 1.1600e-01    18.6339      0.066      0.096    29.0333 0.0000e+00
      0.036     -0.068     7.8456    101.640    117.729 127.275866    26.1900     0.5356     0.6390     0.2961 1.1605e-01    18.7397      0.036      0.052    29.0320 0.0000e+00
      0.008     -0.048     7.8677    101.100    117.748 127.315477    26.1900     0.5089     0.6390     0.2961 1.1607e-01    18.6037      0.008      0.011    29.0321 0.0000e+00
     -0.009     -0.016     7.8669    100.629    117.740 127.325447    26.1900     0.5165     0.6390     0.2961 1.1597e-01    18.7095     -0.009     -0.013    29.0347 0.0000e+00
     -0.009      0.022     7.8452    100.399    117.705 127.298432    26.1900     0.5203     0.6390     0.2961 1.1617e-01    24.3744     -0.009     -0.013    29.0399 0.0000e+00
      0.009      0.056     7.8085    100.542    117.670 127.261245   119.8800     0.5089     0.5538     0.4230 1.1617e-01    24.2384      0.009      0.013    29.0473 0.0000e+00
      0.040      0.078     7.7658    101.042    117.664 127.251992   119.8800     0.5280     0.5538     0.4230 1.1600e-01    24.1931      0.039      0.056    29.0558 0.0000e+00
      0.073      0.084     7.7286    101.743    117.672 127.256200   119.8800     0.5242     0.5538     0.4230 1.1610e-01    24.3593      0.072      0.104    29.0634 0.0000e+00
      0.103      0.071     7.7103    102.466    117.667 127.248976   119.8800     0.5280     0.5538     0.4230 1.1607e-01    19.5856      0.101      0.147    29.0680 0.0000e+00
      0.125      0.042     7.7212    103.061    117.663 127.246404    18.9900     0.5280     0.2982     0.2115 1.1595e-01    19.5705      0.122      0.177    29.0687 0.0000e+00
      0.134      0.001     7.7598    103.410    117.666 127.251800    18.9900     0.5547     0.2982     0.2115 1.1600e-01    19.6461      0.131      0.190    29.0671 0.0000e+00
      0.130     -0.045     7.8138    103.458    117.634 127.218579    18.9900     0.5165     0.2982     0.2115 1.1615e-01    19.6159      0.127      0.185    29.0654 0.0000e+00
      0.112     -0.093     7.8694    103.225    117.546 127.121874    18.9900     0.4784     0.2982     0.2115 1.1605e-01    12.8331      0.110      0.159    29.0647 0.0000e+00
      0.080     -0.137     7.9151    102.740    117.399 126.961912    18.9900     0.4822     0.2982     0.2115 1.1615e-01    12.8029      0.078      0.113    29.0651 0.0000e+00
      0.034     -0.174     7.9417    102.028    117.157 126.700038    21.7800     0.4555     0.4260     0.2961 1.1595e-01    12.8029      0.034      0.049    29.0661 0.0000e+00
     -0.021     -0.201     7.9454    101.127    116.767 126.276425    21.7800     0.4669     0.4260     0.2961 1.1617e-01    12.8331     -0.020     -0.030    29.0666 0.0000e+00
     -0.082     -0.216     7.9275    100.117    116.135 125.588114    21.7800     0.4898     0.4260     0.2961 1.1617e-01     9.2377     -0.080     -0.116    29.0663 0.0000e+00
     -0.145     -0.218     7.8903     99.135    115.081 124.441552    21.7800     0.4860     0.4260     0.2961 1.1612e-01     9.1622     -0.142     -0.206    29.0658 0.0000e+00
     -0.206     -0.208     7.8357     98.310    113.300 122.506976    25.5600     0.4708     0.3408     0.2538 1.1610e-01     9.1622     -0.202     -0.293    29.0654 0.0000e+00
     -0.261     -0.189     7.7667     97.644    110.276 119.226477    25.5600     0.4822     0.3408     0.2538 1.1605e-01     9.1622     -0.256     -0.372    29.0644 0.0000e+00
     -0.308     -0.164     7.6893     96.974    105.168 113.693238    25.5600     1.0239     0.3408     0.2538 1.1597e-01    26.7008     -0.302     -0.438    29.0624 0.0000e+00
     -0.346     -0.137     7.6143     96.070     96.602 104.423724    25.5600     0.9857     0.3408     0.2538 1.1607e-01    26.6857     -0.339     -0.492    29.0591 0.0000e+00
     -0.375     -0.111     7.5516     94.794     82.290  88.946064   306.5400     1.0163     0.1704     3.0456 1.1623e-01    26.6403     -0.367     -0.533    29.0547 0.0000e+00
