Data/DataNotYetUploadedToEDI/Raw_CTD/RawDownloads/073123_fcr50_S8188004.cnv
* Sea-Bird SBE19plus  Data File:
* FileName = C:\R\Reservoirs\Data\DataNotYetUploadedToEDI\Raw_CTD\RawDownloads\073123_fcr50_S8188_0004.hex
* Software version 2.8.0.119
* Temperature SN = 8188
* Conductivity SN = 8188
* System UpLoad Time = Aug 02 2023 16:15:20
* <ApplicationData>
* <Seaterm232>
# nquan = 16
# nvalues = 1462                        
# units = specified
# name 0 = depFM: Depth [fresh water, m]
# name 1 = dz/dtM: Descent Rate [m/s]
# name 2 = sbeox0Mg/L: Oxygen, SBE 43 [mg/l]
# name 3 = sbeox0PS: Oxygen, SBE 43 [% saturation]
# name 4 = specc: Specific Conductance [uS/cm]
# name 5 = c0uS/cm: Conductivity [uS/cm]
# name 6 = wetCDOM: Fluorescence, WET Labs CDOM [mg/m^3]
# name 7 = flECO-AFL: Fluorescence, WET Labs ECO-AFL/FL [mg/m^3]
# name 8 = flECO-AFL1: Fluorescence, WET Labs ECO-AFL/FL, 2 [mg/m^3]
# name 9 = flECO-AFL2: Fluorescence, WET Labs ECO-AFL/FL, 3 [mg/m^3]
# name 10 = par/sat/log: PAR/Logarithmic, Satlantic
# name 11 = turbWETntu0: Turbidity, WET Labs ECO [NTU]
# name 12 = prdM: Pressure, Strain Gauge [db]
# name 13 = prdE: Pressure, Strain Gauge [psi]
# name 14 = tv290C: Temperature [ITS-90, deg C]
# name 15 = flag:  0.000e+00
# span 0 =     -0.627,      9.417       
# span 1 =     -0.226,      0.193       
# span 2 =     0.0968,    10.1483       
# span 3 =      0.942,    129.487       
# span 4 =      3.121,    307.665       
# span 5 =   3.184001, 222.354793       
# span 6 =   -10.6200,    22.5900       
# span 7 =    -0.7068,   245.2191       
# span 8 =    -2.1300,     3.0246       
# span 9 =    -5.1183,    10.9557       
# span 10 = 1.1565e-01, 1.9492e+03      
# span 11 =    -4.9475,   155.9502      
# span 12 =     -0.615,      9.236      
# span 13 =     -0.891,     13.395      
# span 14 =    11.1219,    30.1185      
# span 15 = 0.0000e+00, 0.0000e+00      
# interval = seconds: 0.25
# start_time = Jul 31 2023 12:47:14 [Instrument's time stamp, header]
# bad_flag = -9.990e-29
*END*
[from data line 633]
      4.603      0.033     5.8800     53.841     49.418  35.875325     3.7800     1.4066     0.1704     0.5499 4.1677e+00     7.6929      4.514      6.547    11.3065 0.0000e+00
      4.611      0.032     5.8841     53.868     49.416  35.871653     3.7800     1.4714     0.1704     0.5499 4.1199e+00     7.7831      4.522      6.559    11.3033 0.0000e+00
      4.619      0.031     5.8887     53.892     49.419  35.870984     3.7800     1.5210     0.1704     0.5499 4.0657e+00     7.7079      4.530      6.571    11.3002 0.0000e+00
      4.627      0.030     5.8927     53.909     49.425  35.873141     3.7800     1.5020     0.1704     0.5499 4.0200e+00     7.6929      4.538      6.582    11.2976 0.0000e+00
      4.635      0.029     5.8961     53.922     49.425  35.870777     3.7800     1.5172     0.1704     0.5499 3.9610e+00     7.7079      4.545      6.593    11.2953 0.0000e+00
      4.643      0.029     5.8993     53.940     49.425  35.867221     3.7800     1.5439     0.1704     0.5499 3.9225e+00     7.4374      4.553      6.603    11.2928 0.0000e+00
      4.650      0.028     5.9022     53.966     49.421  35.861525     3.7800     1.5401     0.1704     0.4230 3.9250e+00     7.5125      4.560      6.613    11.2903 0.0000e+00
      4.656      0.027     5.9044     53.993     49.411  35.852169     3.7800     1.5859     0.1704     0.4230 3.8574e+00     7.4374      4.566      6.623    11.2879 0.0000e+00
      4.663      0.027     5.9063     54.015     49.397  35.840621     3.7800     1.5439     0.1704     0.4230 3.8008e+00     7.5726      4.573      6.633    11.2852 0.0000e+00
      4.670      0.026     5.9087     54.032     49.383  35.829743     3.7800     1.4371     0.1704     0.4230 3.8091e+00     7.8131      4.580      6.642    11.2819 0.0000e+00
      4.676      0.027     5.9119     54.046     49.380  35.826537     3.7800     1.4486     0.1704     0.5922 3.8041e+00     7.7380      4.586      6.651    11.2786 0.0000e+00
      4.683      0.027     5.9152     54.057     49.384  35.828166     3.7800     1.4409     0.1704     0.5922 3.7540e+00     7.6929      4.592      6.661    11.2764 0.0000e+00
      4.690      0.027     5.9178     54.062     49.391  35.833086     3.7800     1.4295     0.1704     0.5922 3.6781e+00     7.8282      4.599      6.670    11.2755 0.0000e+00
      4.697      0.028     5.9197     54.062     49.400  35.838646     3.7800     1.3799     0.1704     0.5922 3.5952e+00     7.7831      4.606      6.681    11.2748 0.0000e+00
      4.704      0.029     5.9214     54.061     49.401  35.838407     3.7800     1.3532     0.1278     0.7614 3.6022e+00     7.7380      4.613      6.691    11.2738 0.0000e+00
      4.712      0.030     5.9226     54.062     49.401  35.836267     3.7800     1.3990     0.1278     0.7614 3.6077e+00     7.6628      4.620      6.701    11.2726 0.0000e+00
      4.719      0.030     5.9234     54.060     49.398  35.831655     3.7800     1.3875     0.1278     0.7614 3.5378e+00     7.7530      4.628      6.712    11.2719 0.0000e+00
      4.727      0.031     5.9235     54.057     49.390  35.823340     3.7800     1.3761     0.1278     0.7614 3.4355e+00     7.6628      4.636      6.724    11.2712 0.0000e+00
      4.736      0.031     5.9236     54.052     49.383  35.817029     3.8700     1.3837     0.1704     0.6345 3.3859e+00     7.7831      4.644      6.735    11.2699 0.0000e+00
      4.744      0.032     5.9239     54.050     49.379  35.814997     3.8700     1.3570     0.1704     0.6345 3.3969e+00     7.6779      4.652      6.747    11.2679 0.0000e+00
      4.751      0.032     5.9241     54.048     49.380  35.816705     3.8700     1.3799     0.1704     0.6345 3.3793e+00     7.7680      4.660      6.758    11.2653 0.0000e+00
      4.759      0.032     5.9240     54.049     49.387  35.822607     3.8700     1.4295     0.1704     0.6345 3.3059e+00     7.7680      4.667      6.769    11.2632 0.0000e+00
      4.768      0.033     5.9236     54.051     49.397  35.830317     3.8700     1.4295     0.1704     0.6345 3.2447e+00     7.7230      4.675      6.781    11.2623 0.0000e+00
      4.776      0.034     5.9233     54.055     49.404  35.833968     3.7800     1.4295     0.1704     0.8037 3.2539e+00     7.8883      4.684      6.793    11.2626 0.0000e+00
      4.785      0.035     5.9230     54.060     49.407  35.834534     3.7800     1.4333     0.1704     0.8037 3.2433e+00     7.7680      4.692      6.805    11.2637 0.0000e+00
      4.794      0.037     5.9229     54.063     49.411  35.836125     3.7800     1.3723     0.1704     0.8037 3.1722e+00     7.7680      4.701      6.818    11.2647 0.0000e+00
      4.803      0.039     5.9232     54.062     49.415  35.839167     3.7800     1.3837     0.1704     0.8037 3.1550e+00     7.7680      4.710      6.832    11.2646 0.0000e+00
      4.814      0.040     5.9238     54.060     49.421  35.844471     3.8700     1.3799     0.1278     0.6768 3.0585e+00     7.7380      4.720      6.847    11.2634 0.0000e+00
      4.824      0.042     5.9246     54.053     49.426  35.849490     3.8700     1.3684     0.1278     0.6768 2.9649e+00     7.7230      4.731      6.862    11.2618 0.0000e+00
      4.835      0.043     5.9250     54.041     49.429  35.851601     3.8700     1.4676     0.1278     0.6768 2.9636e+00     7.7680      4.742      6.878    11.2606 0.0000e+00
      4.846      0.044     5.9250     54.021     49.431  35.851368     3.8700     1.4333     0.1278     0.6768 2.9495e+00     7.7680      4.752      6.893    11.2603 0.0000e+00
      4.858      0.044     5.9246     53.996     49.430  35.848728     3.8700     1.4524     0.1704     0.5499 2.8586e+00     7.7680      4.763      6.909    11.2613 0.0000e+00
      4.869      0.044     5.9237     53.968     49.426  35.842976     3.8700     1.4524     0.1704     0.5499 2.7347e+00     7.6929      4.775      6.926    11.2627 0.0000e+00
      4.881      0.045     5.9223     53.940     49.420  35.836541     3.8700     1.2731     0.1704     0.5499 2.7116e+00     7.7831      4.786      6.942    11.2629 0.0000e+00
      4.892      0.045     5.9203     53.909     49.422  35.835629     3.8700     1.2464     0.1704     0.5499 2.7424e+00     7.6779      4.798      6.958    11.2614 0.0000e+00
      4.903      0.044     5.9179     53.874     49.432  35.839995     3.7800     1.2311     0.1278     0.4653 2.6782e+00     7.6929      4.809      6.974    11.2590 0.0000e+00
      4.915      0.043     5.9151     53.834     49.438  35.842883     3.7800     1.2578     0.1278     0.4653 2.5783e+00     7.7680      4.820      6.990    11.2566 0.0000e+00
      4.926      0.042     5.9124     53.789     49.438  35.841100     3.7800     1.4867     0.1278     0.4653 2.4999e+00     7.7079      4.831      7.007    11.2542 0.0000e+00
      4.937      0.041     5.9094     53.737     49.435  35.838134     3.7800     1.4981     0.1278     0.4653 2.4735e+00     7.8282      4.842      7.022    11.2517 0.0000e+00
      4.948      0.040     5.9059     53.680     49.434  35.837152     3.7800     1.5096     0.1278     0.4653 2.4446e+00     7.7981      4.852      7.037    11.2494 0.0000e+00
      4.957      0.038     5.9018     53.624     49.430  35.833934     3.7800     1.4943     0.1278     0.5922 2.4377e+00     7.7530      4.862      7.051    11.2475 0.0000e+00
      4.967      0.037     5.8970     53.574     49.420  35.827620     3.7800     1.3570     0.1278     0.5922 2.3447e+00     7.4975      4.871      7.065    11.2462 0.0000e+00
      4.976      0.035     5.8914     53.532     49.415  35.824449     3.7800     1.3875     0.1278     0.5922 2.3503e+00     7.5726      4.880      7.078    11.2454 0.0000e+00
      4.985      0.034     5.8852     53.501     49.419  35.827536     3.7800     1.3913     0.1278     0.5922 2.3269e+00     7.5426      4.889      7.090    11.2449 0.0000e+00
      4.993      0.033     5.8790     53.484     49.429  35.833745     3.7800     1.3951     0.1278     0.3807 2.3325e+00     7.4975      4.897      7.102    11.2449 0.0000e+00
      5.001      0.032     5.8735     53.486     49.434  35.836809     3.7800     1.4524     0.1278     0.3807 2.2626e+00     7.6779      4.905      7.113    11.2454 0.0000e+00
      5.009      0.031     5.8688     53.501     49.437  35.837543     3.7800     1.4447     0.1278     0.3807 2.2044e+00     7.7380      4.913      7.125    11.2459 0.0000e+00
      5.017      0.030     5.8654     53.522     49.442  35.840106     3.7800     1.4295     0.1278     0.3807 2.2183e+00     7.7981      4.920      7.136    11.2459 0.0000e+00
      5.024      0.030     5.8637     53.543     49.444  35.841218     3.7800     1.4295     0.1278     0.7191 2.1806e+00     7.8131      4.927      7.146    11.2453 0.0000e+00
      5.032      0.030     5.8640     53.562     49.439  35.837217     3.7800     1.3456     0.1278     0.7191 2.2106e+00     7.7230      4.934      7.156    11.2443 0.0000e+00
      5.039      0.030     5.8658     53.581     49.431  35.830995     3.7800     1.3227     0.1278     0.7191 2.1725e+00     7.7079      4.941      7.167    11.2432 0.0000e+00
      5.046      0.031     5.8682     53.605     49.422  35.824855     3.7800     1.2998     0.1278     0.7191 2.1901e+00     7.6929      4.949      7.177    11.2422 0.0000e+00
      5.054      0.032     5.8706     53.635     49.417  35.821120     3.7800     1.3303     0.1278     0.7191 2.1277e+00     7.6328      4.957      7.189    11.2415 0.0000e+00
      5.063      0.033     5.8728     53.673     49.418  35.822756     3.7800     1.4524     0.1278     0.5076 2.0896e+00     7.7079      4.965      7.201    11.2410 0.0000e+00
      5.071      0.033     5.8750     53.719     49.417  35.822277     3.7800     1.4142     0.1278     0.5076 2.0341e+00     7.7981      4.973      7.213    11.2409 0.0000e+00
      5.080      0.034     5.8775     53.772     49.408  35.815595     3.7800     1.4486     0.1278     0.5076 2.0403e+00     7.7380      4.982      7.225    11.2410 0.0000e+00
      5.089      0.035     5.8808     53.830     49.404  35.812809     3.7800     1.4142     0.1278     0.5076 2.0447e+00     7.6929      4.990      7.238    11.2414 0.0000e+00
      5.098      0.035     5.8848     53.893     49.411  35.817140     3.7800     1.4905     0.1278     0.7614 1.9650e+00     7.7380      4.999      7.250    11.2419 0.0000e+00
      5.107      0.036     5.8898     53.955     49.412  35.817858     3.7800     1.4714     0.1278     0.7614 1.9835e+00     7.6779      5.008      7.263    11.2423 0.0000e+00
      5.116      0.036     5.8956     54.010     49.404  35.811193     3.7800     1.4600     0.1278     0.7614 1.9366e+00     7.6929      5.017      7.276    11.2423 0.0000e+00
      5.125      0.036     5.9021     54.058     49.393  35.803291     3.7800     1.4791     0.1278     0.7614 1.8802e+00     7.6779      5.026      7.290    11.2419 0.0000e+00
      5.135      0.036     5.9090     54.101     49.389  35.799966     3.7800     1.5020     0.1278     0.5499 1.8231e+00     7.8883      5.036      7.303    11.2414 0.0000e+00
      5.145      0.037     5.9159     54.139     49.396  35.804293     3.7800     1.5172     0.1278     0.5499 1.8195e+00     7.7680      5.045      7.317    11.2409 0.0000e+00
      5.154      0.037     5.9220     54.174     49.409  35.813466     3.7800     1.5287     0.1278     0.5499 1.8692e+00     7.8131      5.054      7.330    11.2404 0.0000e+00
      5.163      0.037     5.9273     54.209     49.421  35.822006     3.7800     1.4867     0.1278     0.5499 1.8211e+00     7.7230      5.063      7.343    11.2401 0.0000e+00
      5.172      0.038     5.9320     54.247     49.430  35.828231     3.7800     1.5592     0.1704     0.6345 1.7612e+00     7.7380      5.072      7.356    11.2398 0.0000e+00
      5.182      0.038     5.9363     54.291     49.437  35.833801     3.7800     1.5516     0.1704     0.6345 1.7095e+00     7.7981      5.082      7.371    11.2395 0.0000e+00
      5.192      0.039     5.9402     54.345     49.441  35.836239     3.7800     1.5744     0.1704     0.6345 1.6454e+00     7.7530      5.092      7.385    11.2393 0.0000e+00
      5.202      0.039     5.9440     54.406     49.441  35.836197     3.7800     1.5516     0.1704     0.6345 1.6819e+00     7.7680      5.102      7.400    11.2392 0.0000e+00
      5.212      0.039     5.9482     54.463     49.443  35.837623     3.7800     1.5668     0.1704     0.6345 1.6446e+00     7.8131      5.112      7.413    11.2391 0.0000e+00
      5.222      0.038     5.9530     54.512     49.448  35.840897     3.7800     1.5592     0.2130     0.5922 1.6251e+00     7.7831      5.121      7.427    11.2390 0.0000e+00
      5.231      0.038     5.9589     54.549     49.451  35.842933     3.7800     1.5363     0.2130     0.5922 1.5923e+00     7.7380      5.131      7.441    11.2389 0.0000e+00
      5.241      0.038     5.9656     54.573     49.447  35.840312     3.7800     1.5439     0.2130     0.5922 1.5652e+00     7.7230      5.140      7.455    11.2389 0.0000e+00
      5.251      0.038     5.9719     54.583     49.447  35.840257     3.7800     1.6164     0.2130     0.5922 1.5675e+00     7.7981      5.150      7.469    11.2388 0.0000e+00
      5.261      0.038     5.9772     54.580     49.456  35.846714     3.7800     1.6469     0.1704     0.5922 1.5176e+00     7.7981      5.159      7.482    11.2387 0.0000e+00
      5.271      0.038     5.9813     54.577     49.460  35.849523     3.7800     1.6431     0.1704     0.5922 1.4921e+00     7.7230      5.169      7.496    11.2386 0.0000e+00
      5.280      0.038     5.9840     54.584     49.449  35.841509     3.7800     1.6355     0.1704     0.5922 1.4973e+00     7.6177      5.178      7.511    11.2385 0.0000e+00
      5.290      0.037     5.9851     54.607     49.431  35.828457     3.7800     1.6736     0.1704     0.5922 1.4686e+00     7.6027      5.188      7.525    11.2385 0.0000e+00
      5.300      0.036     5.9848     54.642     49.418  35.818772     3.7800     1.6927     0.1704     0.5922 1.4175e+00     7.7380      5.198      7.539    11.2384 0.0000e+00
      5.310      0.034     5.9844     54.688     49.411  35.813832     3.7800     1.6927     0.1704     0.5922 1.3726e+00     7.7680      5.207      7.553    11.2383 0.0000e+00
      5.319      0.033     5.9852     54.741     49.409  35.812318     3.7800     1.6774     0.1704     0.5922 1.3795e+00     7.8432      5.216      7.565    11.2382 0.0000e+00
      5.326      0.031     5.9877     54.796     49.411  35.813829     3.7800     1.6774     0.1704     0.5922 1.3943e+00     7.5125      5.223      7.576    11.2380 0.0000e+00
      5.334      0.030     5.9916     54.849     49.412  35.814804     3.7800     1.6851     0.1278     0.5499 1.3516e+00     7.4975      5.230      7.586    11.2379 0.0000e+00
      5.341      0.030     5.9966     54.903     49.408  35.811544     3.7800     1.6851     0.1278     0.5499 1.4034e+00     7.4374      5.237      7.596    11.2379 0.0000e+00
      5.348      0.030     6.0024     54.957     49.402  35.807139     3.7800     1.6660     0.1278     0.5499 1.3569e+00     7.4524      5.244      7.607    11.2379 0.0000e+00
      5.356      0.031     6.0085     54.999     49.399  35.804376     3.7800     1.7614     0.1278     0.5499 1.3350e+00     7.4975      5.252      7.617    11.2380 0.0000e+00
      5.364      0.032     6.0144     55.026     49.402  35.806481     3.7800     1.7575     0.1278     0.5499 1.3001e+00     7.6628      5.260      7.629    11.2380 0.0000e+00
      5.372      0.033     6.0203     55.050     49.412  35.814013     3.7800     1.7347     0.1704     0.5922 1.3123e+00     7.6328      5.268      7.640    11.2380 0.0000e+00
      5.380      0.035     6.0262     55.075     49.416  35.817098     3.7800     1.7575     0.1704     0.5922 1.3246e+00     7.5426      5.276      7.652    11.2379 0.0000e+00
      5.389      0.036     6.0308     55.097     49.410  35.812597     3.7800     1.6164     0.1704     0.5922 1.2829e+00     7.7831      5.285      7.665    11.2378 0.0000e+00
