Data/DataNotYetUploadedToEDI/Raw_CTD/RawDownloads/073123_fcr50_S8188004.cnv
* Sea-Bird SBE19plus  Data File:
* FileName = C:\R\Reservoirs\Data\DataNotYetUploadedToEDI\Raw_CTD\RawDownloads\073123_fcr50_S8188_0004.hex
* Software version 2.8.0.119
* Temperature SN = 8188
* Conductivity SN = 8188
* System UpLoad Time = Aug 02 2023 16:15:20
* <ApplicationData>
* <Seaterm232>
# nquan = 16
# nvalues = 1462                        
# units = specified
# name 0 = depFM: Depth [fresh water, m]
# name 1 = dz/dtM: Descent Rate [m/s]
# name 2 = sbeox0Mg/L: Oxygen, SBE 43 [mg/l]
# name 3 = sbeox0PS: Oxygen, SBE 43 [% saturation]
# name 4 = specc: Specific Conductance [uS/cm]
# name 5 = c0uS/cm: Conductivity [uS/cm]
# name 6 = wetCDOM: Fluorescence, WET Labs CDOM [mg/m^3]
# name 7 = flECO-AFL: Fluorescence, WET Labs ECO-AFL/FL [mg/m^3]
# name 8 = flECO-AFL1: Fluorescence, WET Labs ECO-AFL/FL, 2 [mg/m^3]
# name 9 = flECO-AFL2: Fluorescence, WET Labs ECO-AFL/FL, 3 [mg/m^3]
# name 10 = par/sat/log: PAR/Logarithmic, Satlantic
# name 11 = turbWETntu0: Turbidity, WET Labs ECO [NTU]
# name 12 = prdM: Pressure, Strain Gauge [db]
# name 13 = prdE: Pressure, Strain Gauge [psi]
# name 14 = tv290C: Temperature [ITS-90, deg C]
# name 15 = flag:  0.000e+00
# span 0 =     -0.627,      9.417       
# span 1 =     -0.226,      0.193       
# span 2 =     0.0968,    10.1483       
# span 3 =      0.942,    129.487       
# span 4 =      3.121,    307.665       
# span 5 =   3.184001, 222.354793       
# span 6 =   -10.6200,    22.5900       
# span 7 =    -0.7068,   245.2191       
# span 8 =    -2.1300,     3.0246       
# span 9 =    -5.1183,    10.9557       
# span 10 = 1.1565e-01, 1.9492e+03      
# span 11 =    -4.9475,   155.9502      
# span 12 =     -0.615,      9.236      
# span 13 =     -0.891,     13.395      
# span 14 =    11.1219,    30.1185      
# span 15 = 0.0000e+00, 0.0000e+00      
# interval = seconds: 0.25
# start_time = Jul 31 2023 12:47:14 [Instrument's time stamp, header]
# bad_flag = -9.990e-29
*END*
[from data line 1356]
      1.021     -0.160     3.9032     62.649     41.963  39.592129     4.2300     8.1663     0.0426     1.4805 1.5717e+02     2.6578      1.002      1.453    20.8961 0.0000e+00
      0.980     -0.162     4.2983     67.158     41.798  39.691149     4.2300     7.4301     0.0426     1.4805 1.7000e+02     2.2971      0.961      1.394    21.2378 0.0000e+00
      0.938     -0.163     4.6864     71.503     41.597  39.780096     4.2300     7.4186     0.0426     1.4805 1.8902e+02     2.3722      0.920      1.335    21.5767 0.0000e+00
      0.897     -0.164     5.0670     75.684     41.371  39.849030     4.2300     7.4568     0.0426     1.4805 2.3751e+02     2.2971      0.879      1.276    21.8905 0.0000e+00
      0.855     -0.165     5.4406     79.760     41.171  39.916349     4.2300     7.4492     0.0426     1.4805 2.8919e+02     2.4323      0.838      1.216    22.1822 0.0000e+00
      0.813     -0.165     5.7999     83.768     41.007  39.988130     4.2300     6.6328     0.0426     1.4805 3.0112e+02     2.1017      0.797      1.156    22.4869 0.0000e+00
      0.771     -0.166     6.1372     87.664     40.848  40.047868     4.2300     6.6481     0.0426     1.4805 3.2266e+02     2.1919      0.756      1.097    22.8238 0.0000e+00
      0.728     -0.166     6.4558     91.353     40.699  40.103576     4.1400     6.6443     0.0426     1.5651 3.1793e+02     2.0566      0.715      1.036    23.1670 0.0000e+00
      0.686     -0.167     6.7653     94.761     40.584  40.168140     4.1400     6.6519     0.0426     1.5651 4.1743e+02     2.1468      0.673      0.975    23.4810 0.0000e+00
      0.643     -0.166     7.0700     97.840     40.486  40.223128     4.1400     6.3314     0.0426     1.5651 3.4884e+02     2.0716      0.631      0.915    23.7612 0.0000e+00
      0.600     -0.166     7.3645    100.528     40.396  40.261420     4.1400     6.3314     0.0426     1.5651 3.1834e+02     2.1919      0.589      0.854    24.0231 0.0000e+00
      0.557     -0.164     7.6413    102.731     40.329  40.299175     4.1400     6.3391     0.0426     1.5651 2.6512e+02     2.1468      0.547      0.793    24.2685 0.0000e+00
      0.515     -0.162     7.8962    104.373     40.289  40.352405     4.1400     6.3009     0.0852     1.3959 2.5533e+02     2.0115      0.506      0.733    24.4866 0.0000e+00
      0.474     -0.158     8.1263    105.449     40.261  40.417481     4.1400     6.2742     0.0852     1.3959 2.4084e+02     2.2069      0.465      0.675    24.6735 0.0000e+00
      0.434     -0.153     8.3269    106.043     40.231  40.482044     4.1400     6.2818     0.0852     1.3959 2.5439e+02     2.1618      0.426      0.617    24.8301 0.0000e+00
      0.395     -0.148     8.4904    106.290     40.195  40.539544     4.1400     6.2666     0.0852     1.3959 3.4892e+02     2.1768      0.387      0.561    24.9600 0.0000e+00
      0.357     -0.141     8.6090    106.334     40.159  40.589473     4.1400     6.2933     0.0000     1.4382 6.3810e+02     2.0716      0.350      0.508    25.0749 0.0000e+00
      0.322     -0.134     8.6803    106.284     40.128  40.635243     4.1400     5.9156     0.0000     1.4382 5.8893e+02     1.8462      0.316      0.458    25.1893 0.0000e+00
      0.289     -0.127     8.7109    106.202     40.095  40.671236     4.1400     5.9423     0.0000     1.4382 7.8577e+02     1.8612      0.284      0.412    25.3075 0.0000e+00
      0.258     -0.121     8.7131    106.128     40.066  40.701108     4.1400     5.9233     0.0000     1.4382 9.6888e+02     1.8612      0.253      0.367    25.4237 0.0000e+00
      0.228     -0.115     8.6999    106.071     40.056  40.738772     4.1400     5.9004     0.0426     1.3536 8.9054e+02     1.8612      0.224      0.325    25.5311 0.0000e+00
      0.200     -0.110     8.6808    106.002     40.075  40.798235     4.1400     5.9614     0.0426     1.3536 5.0594e+02     1.9664      0.197      0.285    25.6270 0.0000e+00
      0.173     -0.106     8.6606    105.890     40.114  40.881487     4.1400     5.9805     0.0426     1.3536 6.7754e+02     1.9063      0.170      0.246    25.7122 0.0000e+00
      0.147     -0.100     8.6430    105.734     40.134  40.955262     4.1400     5.9690     0.0426     1.3536 4.6706e+02     1.9514      0.144      0.209    25.7859 0.0000e+00
      0.121     -0.093     8.6291    105.572     40.121  41.001596     4.0500     5.9767     0.0426     1.3959 5.8970e+02     1.8612      0.119      0.172    25.8454 0.0000e+00
      0.096     -0.084     8.6156    105.463     40.109  41.044735     4.0500     5.8088     0.0426     1.3959 2.6604e+02     1.8762      0.095      0.137    25.8958 0.0000e+00
      0.074     -0.073     8.5980    105.451     40.104  41.090244     4.0500     5.7783     0.0426     1.3959 3.1890e+02     1.9664      0.073      0.106    25.9499 0.0000e+00
      0.056     -0.060     8.5750    105.541     40.084  41.114603     4.0500     5.7897     0.0426     1.3959 3.5650e+02     1.8011      0.055      0.080    26.0168 0.0000e+00
      0.043     -0.048     8.5503    105.684     40.050  41.112422     4.0500     5.7783     0.0426     1.3959 3.1415e+02     1.9063      0.043      0.062    26.0908 0.0000e+00
      0.035     -0.037     8.5307    105.804     40.015  41.095010     3.9600     5.7211     0.0426     1.3959 2.8514e+02     1.8762      0.034      0.049    26.1604 0.0000e+00
      0.028     -0.027     8.5200    105.820     39.992  41.075553     3.9600     5.7440     0.0426     1.3959 2.8750e+02     1.8762      0.028      0.041    26.2231 0.0000e+00
      0.024     -0.019     8.5186    105.663     39.999  41.076595     3.9600     5.7135     0.0426     1.3959 2.9127e+02     1.8762      0.023      0.034    26.2789 0.0000e+00
      0.020     -0.014     8.5237    105.300     40.032  41.102376     3.9600     5.7211     0.0426     1.3959 2.7846e+02     1.8762      0.020      0.029    26.3205 0.0000e+00
      0.017     -0.011     8.5299    104.757     40.064  41.132034     3.9600     5.6753     0.0426     1.3536 2.8888e+02     2.1317      0.017      0.025    26.3429 0.0000e+00
      0.015     -0.009     8.5304    104.099     40.084  41.157630     3.9600     5.6639     0.0426     1.3536 2.8875e+02     2.0866      0.015      0.022    26.3481 0.0000e+00
      0.014     -0.007     8.5188    103.414     40.103  41.189951     3.9600     5.6372     0.0426     1.3536 6.8763e+02     2.0416      0.013      0.020    26.3407 0.0000e+00
      0.012     -0.005     8.4912    102.798     40.127  41.237616     3.9600     5.6715     0.0426     1.3536 6.5838e+02     2.1317      0.012      0.018    26.3301 0.0000e+00
      0.011     -0.005     8.4481    102.326     40.139  41.283623     4.0500     5.6028     0.0426     1.3959 1.1695e+03     1.8462      0.011      0.016    26.3264 0.0000e+00
      0.010     -0.004     8.3940    102.045     40.126  41.308544     4.0500     5.5723     0.0426     1.3959 1.6662e+03     1.8612      0.010      0.014    26.3328 0.0000e+00
      0.009     -0.004     8.3364    101.975     40.110  41.324972     4.0500     5.5876     0.0426     1.3959 1.0312e+03     1.8913      0.009      0.013    26.3490 0.0000e+00
      0.008     -0.004     8.2825    102.086     40.103  41.341252     4.0500     5.5952     0.0426     1.3959 8.5527e+02     1.9063      0.008      0.012    26.3774 0.0000e+00
      0.007     -0.005     8.2382    102.325     40.098  41.353802     4.0500     5.2786     0.0426     1.3959 1.9492e+03     1.9514      0.007      0.010    26.4194 0.0000e+00
      0.006     -0.006     8.2086    102.628     40.094  41.362008     4.0500     5.2709     0.0852     1.2690 1.6590e+03     1.9514      0.006      0.008    26.4668 0.0000e+00
      0.004     -0.007     8.1968    102.923     40.085  41.364095     4.0500     5.2976     0.0852     1.2690 8.0899e+02     1.8913      0.004      0.006    26.5079 0.0000e+00
      0.002     -0.009     8.2012    103.154     40.079  41.368544     4.0500     5.2786     0.0852     1.2690 1.4367e+03     1.8011      0.003      0.004    26.5380 0.0000e+00
      0.000     -0.011     8.2172    103.308     40.078  41.380504     4.0500     5.2175     0.0852     1.2690 6.6053e+02     1.8161      0.000      0.001    26.5595 0.0000e+00
     -0.003     -0.013     8.2391    103.395     40.086  41.403164     3.9600     5.2175     0.0852     1.3113 4.9078e+02     1.8462     -0.002     -0.004    26.5757 0.0000e+00
     -0.006     -0.016     8.2607    103.439     40.101  41.434645     3.9600     5.2252     0.0852     1.3113 7.0995e+02     1.8161     -0.006     -0.009    26.5892 0.0000e+00
     -0.011     -0.020     8.2773    103.485     40.107  41.455606     3.9600     5.2519     0.0852     1.3113 6.0884e+02     1.9814     -0.010     -0.015    26.6024 0.0000e+00
     -0.016     -0.023     8.2874    103.571     40.090  41.451829     3.9600     5.2481     0.0852     1.3113 1.1256e+03     1.6207     -0.016     -0.023    26.6180 0.0000e+00
     -0.022     -0.027     8.2916    103.708     40.058  41.426270     4.0500     5.2519     0.0426     1.3959 1.4258e+03     1.6207     -0.022     -0.032    26.6364 0.0000e+00
     -0.030     -0.030     8.2922    103.883     40.028  41.395885     4.0500     5.2328     0.0426     1.3959 7.3538e+02     1.7560     -0.029     -0.042    26.6559 0.0000e+00
     -0.038     -0.033     8.2930    104.058     40.017  41.380307     4.0500     5.2213     0.0426     1.3959 8.0181e+02     1.6357     -0.037     -0.054    26.6753 0.0000e+00
     -0.048     -0.035     8.2974    104.198     40.031  41.391229     4.0500     4.9925     0.0426     1.3959 5.9304e+02     1.8913     -0.047     -0.068    26.6922 0.0000e+00
     -0.058     -0.035     8.3069    104.290     40.066  41.431562     3.9600     4.9886     0.0426     1.3536 7.1103e+02     1.8462     -0.056     -0.082    26.7022 0.0000e+00
     -0.067     -0.034     8.3208    104.362     40.114  41.496212     3.9600     4.9848     0.0426     1.3536 5.5670e+02     1.8762     -0.066     -0.096    26.7028 0.0000e+00
     -0.076     -0.032     8.3357    104.468     40.154  41.566762     3.9600     4.9925     0.0426     1.3536 7.4860e+02     1.9063     -0.075     -0.108    26.6970 0.0000e+00
     -0.084     -0.030     8.3476    104.661     40.165  41.616461     3.9600     5.1069     0.0426     1.3536 6.3450e+02     1.9514     -0.082     -0.119    26.6926 0.0000e+00
     -0.091     -0.028     8.3542    104.952     40.140  41.630831     3.9600     5.0955     0.0426     1.3536 6.6471e+02     1.9514     -0.089     -0.130    26.6974 0.0000e+00
     -0.098     -0.028     8.3571    105.296     40.100  41.617670     3.9600     5.1336     0.0852     1.1421 4.9582e+02     1.9664     -0.096     -0.139    26.7165 0.0000e+00
     -0.104     -0.028     8.3602    105.611     40.067  41.593282     3.9600     5.1107     0.0852     1.1421 3.4530e+02     1.8161     -0.101     -0.147    26.7520 0.0000e+00
     -0.110     -0.031     8.3683    105.814     40.051  41.572955     3.9600     5.1145     0.0852     1.1421 3.4808e+02     1.9213     -0.108     -0.156    26.8006 0.0000e+00
     -0.118     -0.036     8.3841    105.861     40.053  41.563153     3.9600     5.1107     0.0852     1.1421 3.7543e+02     1.9814     -0.115     -0.167    26.8501 0.0000e+00
     -0.126     -0.042     8.4063    105.751     40.059  41.557298     3.9600     5.1145     0.0426     1.3113 4.3863e+02     1.8462     -0.124     -0.180    26.8853 0.0000e+00
     -0.137     -0.052     8.4295    105.505     40.063  41.553829     3.9600     5.1183     0.0426     1.3113 3.4756e+02     1.8462     -0.134     -0.195    26.8986 0.0000e+00
     -0.150     -0.065     8.4465    105.163     40.063  41.551818     3.9600     5.1222     0.0426     1.3113 3.3198e+02     1.6808     -0.147     -0.213    26.8933 0.0000e+00
     -0.166     -0.081     8.4525    104.779     40.055  41.546769     3.9600     5.1183     0.0426     1.3113 3.3986e+02     1.6207     -0.163     -0.237    26.8785 0.0000e+00
     -0.187     -0.101     8.4460    104.395     40.040  41.537334     3.9600     5.1222     0.0426     1.2690 3.2647e+02     1.5606     -0.183     -0.266    26.8633 0.0000e+00
     -0.214     -0.122     8.4278    103.998     40.016  41.517038     3.9600     5.1107     0.0426     1.2690 3.2654e+02     1.6207     -0.210     -0.304    26.8540 0.0000e+00
     -0.248     -0.143     8.4008    103.498     39.975  41.476505     3.9600     4.9848     0.0426     1.2690 3.8795e+02     1.2901     -0.243     -0.352    26.8523 0.0000e+00
     -0.289     -0.159     8.3695    102.748     39.914  41.408892     3.9600     4.9963     0.0426     1.2690 1.0659e+03     1.3953     -0.283     -0.411    26.8560 0.0000e+00
     -0.337     -0.168     8.3379    101.626     39.826  41.304091     3.9600     5.0154     0.0426     1.3536 7.5662e+02     1.4404     -0.330     -0.479    26.8623 0.0000e+00
     -0.388     -0.168     8.3052    100.136     39.684  41.134156     3.9600     4.9925     0.0426     1.3536 4.3502e+02     1.3652     -0.380     -0.552    26.8683 0.0000e+00
     -0.437     -0.158     8.2650     98.410     39.437  40.849806     3.9600    -0.0812     0.0426     1.3536 8.9949e+02   114.4820     -0.428     -0.622    26.8701 0.0000e+00
     -0.479     -0.142     8.2058     96.645     39.011  40.375213     3.9600    -0.0964     0.0426     1.3536 6.1790e+02   114.2716     -0.469     -0.681    26.8637 0.0000e+00
     -0.511     -0.120     8.1187     94.998     38.274  39.579856     3.9600    -0.0773     0.0426     1.3536 3.2576e+02   114.3618     -0.501     -0.727    26.8460 0.0000e+00
     -0.537     -0.098     8.0037     93.532     37.015  38.247674     0.0900    -0.0812     3.0246    10.9557 2.1515e+02   114.4369     -0.526     -0.764    26.8168 0.0000e+00
     -0.556     -0.077     7.8711     92.202     34.891  36.027379     0.0900   245.2038     3.0246    10.9557 1.0261e+03    45.6590     -0.546     -0.792    26.7782 0.0000e+00
     -0.572     -0.060     7.7361     90.803     31.339  32.338778     0.0900   245.2191     3.0246    10.9557 4.9496e+02    45.6139     -0.561     -0.814    26.7337 0.0000e+00
     -0.584     -0.047     7.6106     89.054     25.735  26.542904     0.0900   245.2114     3.0246    10.9557 1.7106e+03    45.5839     -0.572     -0.831    26.6871 0.0000e+00
     -0.593     -0.037     7.4994     86.873     19.127  19.719086     0.0000   245.2076     2.1726    10.9134 5.2316e+02    45.6139     -0.582     -0.844    26.6411 0.0000e+00
     -0.600     -0.028     7.3987     84.442     13.872  14.295134     0.0000     4.9810     2.1726    10.9134 1.2199e+02    15.9895     -0.589     -0.854    26.5968 0.0000e+00
     -0.606     -0.022     7.2919     82.012     10.561  10.876946     0.0000     5.0077     2.1726    10.9134 1.3426e+02    16.0496     -0.594     -0.862    26.5548 0.0000e+00
     -0.610     -0.017     7.1566     79.762      8.507   8.756701     0.0000     4.9810     2.1726    10.9134 1.4050e+02    16.1248     -0.598     -0.868    26.5158 0.0000e+00
     -0.614     -0.014     6.9859     77.787      7.231   7.438217   -10.6200     4.9886     1.1928    -5.1183 1.3718e+02    16.0647     -0.602     -0.873    26.4803 0.0000e+00
     -0.616     -0.011     6.7943     76.162      6.300   6.476952   -10.6200     5.6639     1.1928    -5.1183 1.4337e+02    -4.9475     -0.604     -0.877    26.4491 0.0000e+00
     -0.619     -0.008     6.6021     74.962      5.511   5.662052   -10.6200     5.6677     1.1928    -5.1183 1.5962e+02    -4.9324     -0.607     -0.880    26.4223 0.0000e+00
     -0.620     -0.007     6.4238     74.184      4.862   4.991760   -10.6200     5.6715     1.1928    -5.1183 1.7514e+02    -4.8422     -0.608     -0.882    26.3984 0.0000e+00
     -0.622     -0.005     6.2674     73.709      4.363   4.477172    22.5900     5.6715     0.6390     1.8612 1.7544e+02    -4.9324     -0.610     -0.884    26.3752 0.0000e+00
     -0.623     -0.004     6.1393     73.363      4.043   4.145186    22.5900     1.5439     0.6390     1.8612 1.6355e+02    70.8195     -0.611     -0.886    26.3511 0.0000e+00
