Data/DataNotYetUploadedToEDI/Raw_CTD/RawDownloads/073123_fcr50_S7809010.cnv
* Sea-Bird SBE19plus  Data File:
* FileName = C:\R\Reservoirs\Data\DataNotYetUploadedToEDI\Raw_CTD\RawDownloads\073123_fcr50_S7809_0010.hex
* Software version 2.8.0.119
* Temperature SN = 7809
* Conductivity SN = 7809
* System UpLoad Time = Aug 03 2023 12:41:26
* <ApplicationData>
* <Seaterm232>
# nquan = 15
# nvalues = 1782                        
# units = specified
# name 0 = depFM: Depth [fresh water, m]
# name 1 = dz/dtM: Descent Rate [m/s]
# name 2 = sbeox0Mg/L: Oxygen, SBE 43 [mg/l]
# name 3 = sbeox0PS: Oxygen, SBE 43 [% saturation]
# name 4 = specc: Specific Conductance [uS/cm]
# name 5 = c0uS/cm: Conductivity [uS/cm]
# name 6 = flECO-AFL: Fluorescence, WET Labs ECO-AFL/FL [mg/m^3]
# name 7 = ph: pH
# name 8 = orp: Oxidation Reduction Potential [mV]
# name 9 = par/sat/log: PAR/Logarithmic, Satlantic
# name 10 = turbWETntu0: Turbidity, WET Labs ECO [NTU]
# name 11 = prdM: Pressure, Strain Gauge [db]
# name 12 = prdE: Pressure, Strain Gauge [psi]
# name 13 = tv290C: Temperature [ITS-90, deg C]
# name 14 = flag:  0.000e+00
# span 0 =     -0.651,      9.504       
# span 1 =     -0.457,      0.294       
# span 2 =     0.2019,     9.7093       
# span 3 =      1.910,    122.685       
# span 4 =      0.617,    316.172       
# span 5 =   0.655340, 228.543461       
# span 6 =    -0.0885,    20.7174       
# span 7 =      6.632,      9.185       
# span 8 = -1240.7425,   324.5864       
# span 9 = 1.2352e-01, 1.2779e+03       
# span 10 =     0.9663,   261.6605      
# span 11 =     -0.639,      9.321      
# span 12 =     -0.926,     13.518      
# span 13 =    11.1114,    28.3903      
# span 14 = 0.0000e+00, 0.0000e+00      
# interval = seconds: 0.25
# start_time = Jul 31 2023 08:31:06 [Instrument's time stamp, header]
# bad_flag = -9.990e-29
*END*
[from data line 1254]
      9.359      0.033     6.4249     58.406     56.312  40.792661     2.1917      6.783   287.7984 1.2370e-01    11.0779      9.179     13.313    11.2317 0.0000e+00
      9.367      0.028     6.4297     58.289     59.161  42.851733     2.1914      6.782   287.7703 1.2372e-01    11.0567      9.187     13.323    11.2304 0.0000e+00
      9.373      0.023     6.4179     58.042     59.804  43.315533     2.1412      6.781   287.9217 1.2370e-01    10.8825      9.192     13.332    11.2289 0.0000e+00
      9.377      0.021     6.4111     57.472     66.079  47.861061     2.0762      6.779   288.1664 1.2366e-01    10.6445      9.195     13.337    11.2246 0.0000e+00
      9.380      0.023     6.4110     56.348    112.173  81.239234     2.0551      6.779   287.9763 1.2367e-01    10.5364      9.200     13.341    11.2173 0.0000e+00
      9.383      0.029     6.3975     54.541    196.306 142.127645     2.0442      6.779   287.6021 1.2370e-01    10.5319      9.201     13.344    11.2122 0.0000e+00
      9.388      0.039     6.3799     52.074    252.985 183.072597     1.9276      6.779   287.5140 1.2369e-01    10.4878      9.205     13.351    11.2116 0.0000e+00
      9.397      0.049     6.3285     49.182    267.045 193.133448     1.7275      6.778   287.6853 1.2367e-01    10.4129      9.214     13.362    11.2131 0.0000e+00
      9.413      0.057     6.2072     46.157    270.648 195.649015     1.6138      6.776   288.4692 1.2367e-01    10.3442      9.228     13.384    11.2151 0.0000e+00
      9.435      0.061     6.0107     43.288    273.551 197.691846     1.6021      6.775   289.7637 1.2369e-01    10.2713      9.252     13.420    11.2071 0.0000e+00
      9.457      0.061     5.7289     40.867    275.716 199.222034     1.6774      6.774   290.5180 1.2369e-01    10.2491      9.276     13.454    11.1821 0.0000e+00
      9.473      0.055     5.4049     39.055    277.372 200.398647     1.8169      6.773   290.5336 1.2363e-01    10.2802      9.291     13.477    11.1559 0.0000e+00
      9.485      0.043     5.0645     37.872    278.727 201.363790     1.8827      6.772   290.2974 1.2360e-01    10.2716      9.302     13.491    11.1398 0.0000e+00
      9.495      0.026     4.7359     37.249    279.885 202.191650     1.8735      6.770   289.8124 1.2360e-01    10.2484      9.312     13.506    11.1304 0.0000e+00
      9.502      0.001     4.4663     37.080    280.816 202.859505     1.7888      6.768   289.6591 1.2357e-01    10.2385      9.320     13.518    11.1247 0.0000e+00
      9.504     -0.038     4.2655     37.150    281.515 203.361203     1.6324      6.767   290.1650 1.2356e-01    10.2200      9.321     13.517    11.1213 0.0000e+00
      9.500     -0.094     4.1410     37.258    282.096 203.779311     1.5471      6.769   290.5094 1.2356e-01    10.2297      9.320     13.518    11.1192 0.0000e+00
      9.483     -0.168     4.0740     37.352    282.775 204.268093     1.5394      6.771   290.5525 1.2356e-01    10.2527      9.310     13.503    11.1178 0.0000e+00
      9.441     -0.246     4.0647     37.379    283.770 204.984420     1.5228      6.773   290.5150 1.2359e-01    10.2596      9.268     13.442    11.1168 0.0000e+00
      9.367     -0.305     4.0848     37.347    284.974 205.850265     1.4961      6.774   290.7439 1.2364e-01    10.2796      9.200     13.344    11.1164 0.0000e+00
      9.256     -0.328     4.0922     37.297    286.034 206.611035     1.4826      6.772   291.2559 1.2364e-01    10.3571      9.091     13.185    11.1162 0.0000e+00
      9.120     -0.313     4.1090     37.198    286.867 207.208358     1.4846      6.770   291.1125 1.2365e-01    10.6850      8.938     12.963    11.1160 0.0000e+00
      9.000     -0.269     4.1105     37.045    287.635 207.761419     1.5374      6.770   289.9561 1.2362e-01    14.0731      8.801     12.765    11.1155 0.0000e+00
      8.940     -0.210     4.1024     36.857    288.391 208.306809     1.6464      6.770   287.8576 1.2358e-01    20.3736      8.743     12.682    11.1148 0.0000e+00
      8.935     -0.155     4.1022     36.641    289.089 208.811266     1.7209      6.769   284.7538 1.2359e-01    23.9077      8.760     12.705    11.1138 0.0000e+00
      8.945     -0.129     4.0894     36.383    289.788 209.317247     1.7309      6.768   281.5953 1.2359e-01    24.7967      8.782     12.737    11.1130 0.0000e+00
      8.937     -0.153     4.0729     36.105    290.567 209.880937     1.6590      6.768   279.8687 1.2361e-01    30.7468      8.771     12.720    11.1126 0.0000e+00
      8.908     -0.225     4.0505     35.845    291.343 210.443083     1.5260      6.770   279.0202 1.2365e-01    41.5705      8.743     12.679    11.1126 0.0000e+00
      8.853     -0.322     4.0290     35.598    292.104 210.994276     1.4454      6.772   278.3055 1.2364e-01    47.4142      8.700     12.618    11.1127 0.0000e+00
      8.753     -0.404     3.9996     35.383    292.965 211.617370     1.4253      6.772   278.8858 1.2364e-01    47.1914      8.602     12.476    11.1129 0.0000e+00
      8.607     -0.431     3.9657     35.218    293.885 212.280689     1.4495      6.770   279.9274 1.2374e-01    39.0474      8.445     12.248    11.1131 0.0000e+00
      8.441     -0.382     3.9394     35.068    294.705 212.870010     1.5047      6.768   280.2302 1.2380e-01    24.0969      8.279     12.006    11.1133 0.0000e+00
      8.285     -0.264     3.9108     34.917    295.310 213.302286     1.5271      6.768   280.9125 1.2379e-01    15.9407      8.108     11.761    11.1138 0.0000e+00
      8.186     -0.105     3.8850     34.762    295.642 213.538801     1.5207      6.767   281.2934 1.2376e-01    15.4121      7.982     11.577    11.1139 0.0000e+00
      8.195      0.045     3.8702     34.606    295.841 213.681407     1.5104      6.766   280.9643 1.2372e-01    18.7646      7.997     11.599    11.1138 0.0000e+00
      8.305      0.142     3.8534     34.459    296.104 213.874357     1.4939      6.765   280.6334 1.2371e-01    25.1851      8.134     11.796    11.1133 0.0000e+00
      8.450      0.162     3.8376     34.320    296.471 214.143482     1.4797      6.765   279.6149 1.2368e-01    28.7202      8.301     12.039    11.1122 0.0000e+00
      8.557      0.107     3.8204     34.182    296.963 214.503002     1.4797      6.765   278.4583 1.2367e-01    28.9189      8.425     12.221    11.1114 0.0000e+00
      8.580      0.012     3.8023     34.074    297.586 214.956720     1.4944      6.765   277.9199 1.2368e-01    27.3485      8.447     12.251    11.1115 0.0000e+00
      8.515     -0.068     3.7868     34.044    298.203 215.404508     1.5159      6.764   277.6659 1.2363e-01    24.4215      8.367     12.135    11.1120 0.0000e+00
      8.404     -0.091     3.7708     34.017    298.690 215.756238     1.5402      6.763   278.0532 1.2364e-01    22.8712      8.239     11.949    11.1129 0.0000e+00
      8.304     -0.050     3.7571     33.935    299.041 216.008679     1.5547      6.762   279.5054 1.2372e-01    22.8141      8.114     11.768    11.1135 0.0000e+00
      8.278      0.027     3.7382     33.847    299.327 216.216164     1.5586      6.761   280.9425 1.2372e-01    23.0140      8.079     11.717    11.1140 0.0000e+00
      8.345      0.097     3.7414     33.745    299.677 216.472430     1.5616      6.761   281.3188 1.2368e-01    23.3415      8.165     11.843    11.1145 0.0000e+00
      8.465      0.122     3.7426     33.623    300.129 216.802536     1.5579      6.761   281.1297 1.2363e-01    23.4945      8.309     12.050    11.1144 0.0000e+00
      8.568      0.088     3.7267     33.502    300.672 217.198589     1.5470      6.761   280.5488 1.2363e-01    23.4295      8.430     12.228    11.1142 0.0000e+00
      8.601      0.008     3.7205     33.372    301.328 217.675982     1.5372      6.761   279.1996 1.2371e-01    22.4865      8.467     12.281    11.1144 0.0000e+00
      8.555     -0.084     3.7095     33.246    301.991 218.157193     1.5315      6.761   277.8084 1.2374e-01    20.6667      8.406     12.191    11.1149 0.0000e+00
      8.462     -0.149     3.6931     33.151    302.514 218.535295     1.5289      6.761   277.3215 1.2376e-01    19.6341      8.299     12.037    11.1155 0.0000e+00
      8.364     -0.168     3.6825     33.067    302.956 218.854315     1.5381      6.761   277.4428 1.2376e-01    19.4973      8.190     11.880    11.1162 0.0000e+00
      8.299     -0.144     3.6671     32.989    303.431 219.197335     1.6180      6.761   277.9845 1.2365e-01    18.7390      8.117     11.773    11.1169 0.0000e+00
      8.285     -0.095     3.6505     32.908    303.911 219.545425     1.7540      6.760   279.2257 1.2357e-01    17.2977      8.113     11.767    11.1172 0.0000e+00
      8.305     -0.045     3.6431     32.811    304.347 219.861687     1.8260      6.760   280.0604 1.2357e-01    16.4860      8.149     11.818    11.1172 0.0000e+00
      8.323     -0.012     3.6326     32.705    304.729 220.139966     1.8230      6.760   280.3326 1.2361e-01    16.3034      8.170     11.850    11.1170 0.0000e+00
      8.323     -0.008     3.6245     32.568    305.104 220.412944     1.7510      6.759   281.3127 1.2366e-01    15.6366      8.165     11.843    11.1171 0.0000e+00
      8.314     -0.037     3.6174     32.427    305.539 220.729099     1.6296      6.758   281.7572 1.2368e-01    14.5381      8.151     11.823    11.1173 0.0000e+00
      8.306     -0.087     3.6040     32.328    306.023 221.081185     1.5697      6.758   280.4592 1.2366e-01    13.9856      8.144     11.814    11.1176 0.0000e+00
      8.295     -0.141     3.5955     32.243    306.467 221.404375     1.5678      6.760   279.2994 1.2360e-01    13.9786      8.144     11.812    11.1180 0.0000e+00
      8.260     -0.192     3.5796     32.164    306.860 221.691270     1.5488      6.761   279.0906 1.2359e-01    14.3168      8.116     11.771    11.1183 0.0000e+00
      8.193     -0.237     3.5587     32.088    307.269 221.988670     1.5147      6.761   278.5375 1.2364e-01    14.9670      8.043     11.665    11.1187 0.0000e+00
      8.106     -0.273     3.5532     31.995    307.712 222.310757     1.4968      6.761   278.2896 1.2362e-01    15.3156      7.949     11.528    11.1190 0.0000e+00
      8.018     -0.292     3.5421     31.920    308.252 222.703993     1.4905      6.761   279.2778 1.2357e-01    15.2863      7.860     11.400    11.1193 0.0000e+00
      7.938     -0.282     3.5327     31.869    308.877 223.157187     1.5305      6.760   280.2473 1.2357e-01    14.9876      7.783     11.288    11.1199 0.0000e+00
      7.862     -0.243     3.5279     31.811    309.438 223.563766     1.6139      6.759   280.8055 1.2361e-01    14.4369      7.710     11.182    11.1203 0.0000e+00
      7.791     -0.185     3.5135     31.748    309.995 223.969645     1.6501      6.758   281.6390 1.2366e-01    14.0938      7.636     11.075    11.1205 0.0000e+00
      7.738     -0.124     3.5055     31.698    310.688 224.478330     1.6511      6.758   281.8922 1.2371e-01    14.0166      7.574     10.985    11.1209 0.0000e+00
      7.720     -0.069     3.5024     31.656    311.447 225.039140     1.7013      6.757   280.9420 1.2370e-01    13.4344      7.558     10.962    11.1214 0.0000e+00
      7.732     -0.021     3.4953     31.621    312.151 225.562792     1.7908      6.756   279.5290 1.2362e-01    12.3838      7.582     10.997    11.1216 0.0000e+00
      7.752      0.014     3.4869     31.599    312.745 226.006359     1.8430      6.756   278.7458 1.2363e-01    11.8348      7.607     11.033    11.1218 0.0000e+00
      7.764      0.032     3.4824     31.624    313.315 226.431364     1.8666      6.755   278.7849 1.2368e-01    11.7501      7.616     11.047    11.1229 0.0000e+00
      7.769      0.032     3.4771     31.689    313.978 226.922643     1.9177      6.755   278.8840 1.2367e-01    11.7015      7.617     11.049    11.1252 0.0000e+00
      7.774      0.022     3.4733     31.694    314.709 227.462878     1.9858      6.755   279.5138 1.2367e-01    11.6564      7.623     11.056    11.1278 0.0000e+00
      7.781      0.008     3.4695     31.650    315.479 228.031337     2.0159      6.755   281.0650 1.2366e-01    11.5804      7.633     11.071    11.1301 0.0000e+00
      7.786     -0.012     3.4693     31.649    316.172 228.543461     2.0072      6.755   282.2385 1.2361e-01    11.5344      7.638     11.078    11.1321 0.0000e+00
      7.784     -0.041     3.4850     31.671    315.963 228.402421     1.8972      6.755   282.5176 1.2364e-01    11.5094      7.635     11.073    11.1341 0.0000e+00
      7.778     -0.080     3.4844     31.669    310.684 224.596542     1.6772      6.755   282.6321 1.2369e-01    11.3805      7.630     11.065    11.1360 0.0000e+00
      7.761     -0.124     3.4713     31.654    296.058 214.033162     1.5436      6.754   282.2468 1.2369e-01    11.2404      7.619     11.050    11.1378 0.0000e+00
      7.723     -0.169     3.4754     31.644    272.703 197.157301     1.5225      6.754   281.7313 1.2365e-01    11.2159      7.583     10.998    11.1396 0.0000e+00
      7.664     -0.211     3.4792     31.651    244.778 176.975757     1.5219      6.754   281.3892 1.2365e-01    11.2213      7.518     10.903    11.1412 0.0000e+00
      7.595     -0.247     3.4783     31.701    208.309 150.616902     1.5615      6.754   280.6912 1.2363e-01    11.4082      7.447     10.801    11.1428 0.0000e+00
      7.525     -0.273     3.4750     31.748    150.249 108.649516     1.6272      6.755   280.0883 1.2365e-01    11.8013      7.380     10.704    11.1446 0.0000e+00
      7.452     -0.281     3.4751     31.733     88.813  64.242397     1.6587      6.756   279.5205 1.2372e-01    12.0113      7.309     10.601    11.1460 0.0000e+00
      7.373     -0.269     3.4734     31.738     57.919  41.922032     1.6668      6.756   279.1614 1.2375e-01    11.9671      7.231     10.489    11.1476 0.0000e+00
      7.293     -0.241     3.4802     31.733     51.745  37.477637     1.6840      6.755   279.2733 1.2372e-01    11.8130      7.149     10.369    11.1491 0.0000e+00
      7.220     -0.202     3.4930     31.238     50.936  36.909853     1.7090      6.753   279.4978 1.2368e-01    11.6519      7.073     10.258    11.1539 0.0000e+00
      7.170     -0.159     3.4829     29.671     50.816  36.833799     1.7200      6.752   279.9819 1.2364e-01    11.5899      7.020     10.181    11.1679 0.0000e+00
      7.145     -0.118     3.4796     27.523     50.777  36.811905     1.7161      6.750   280.4807 1.2364e-01    11.5761      7.000     10.151    11.1901 0.0000e+00
      7.139     -0.081     3.4947     26.419     50.717  36.772050     1.7454      6.750   280.4518 1.2365e-01    11.5871      7.002     10.156    11.2140 0.0000e+00
      7.133     -0.052     3.4790     27.558     50.661  36.732654     1.7992      6.750   280.1497 1.2365e-01    11.6207      6.999     10.153    11.2313 0.0000e+00
      7.118     -0.033     3.2929     30.973     50.640  36.716297     1.8257      6.749   279.8385 1.2365e-01    11.6751      6.979     10.123    11.2409 0.0000e+00
      7.104     -0.025     2.9685     36.047     50.623  36.701183     1.8330      6.749   279.7002 1.2362e-01    11.7666      6.961     10.095    11.2462 0.0000e+00
      7.100     -0.024     2.7981     42.142     50.593  36.676821     1.8714      6.749   280.4566 1.2362e-01    11.8048      6.960     10.095    11.2498 0.0000e+00
      7.102     -0.029     2.9285     48.637     50.593  36.675562     1.9234      6.749   281.5842 1.2369e-01    11.7616      6.967     10.105    11.2521 0.0000e+00
      7.101     -0.040     3.3343     54.762     50.607  36.685953     1.9365      6.748   281.5474 1.2371e-01    11.6875      6.965     10.102    11.2504 0.0000e+00
      7.096     -0.056     3.9142     59.745     50.592  36.675549     1.9381      6.748   280.9581 1.2368e-01    11.6601      6.961     10.097    11.2464 0.0000e+00
