Data/DataNotYetUploadedToEDI/Raw_CTD/RawDownloads/073124_ccr90_S8188007.cnv
* Sea-Bird SBE19plus  Data File:
* FileName = C:\R\Reservoirs\Data\DataNotYetUploadedToEDI\Raw_CTD\RawDownloads\073124_ccr88_S8188_0007.hex
* Software version 2.8.0.119
* Temperature SN = 8188
* Conductivity SN = 8188
* System UpLoad Time = Aug 02 2024 14:06:51
* <ApplicationData>
* <Seaterm232>
# nquan = 16
# nvalues = 1309                        
# units = specified
# name 0 = depFM: Depth [fresh water, m]
# name 1 = dz/dtM: Descent Rate [m/s]
# name 2 = sbeox0Mg/L: Oxygen, SBE 43 [mg/l]
# name 3 = sbeox0PS: Oxygen, SBE 43 [% saturation]
# name 4 = specc: Specific Conductance [uS/cm]
# name 5 = c0uS/cm: Conductivity [uS/cm]
# name 6 = wetCDOM: Fluorescence, WET Labs CDOM [mg/m^3]
# name 7 = flECO-AFL: Fluorescence, WET Labs ECO-AFL/FL [mg/m^3]
# name 8 = flECO-AFL1: Fluorescence, WET Labs ECO-AFL/FL, 2 [mg/m^3]
# name 9 = flECO-AFL2: Fluorescence, WET Labs ECO-AFL/FL, 3 [mg/m^3]
# name 10 = par/sat/log: PAR/Logarithmic, Satlantic
# name 11 = turbWETntu0: Turbidity, WET Labs ECO [NTU]
# name 12 = prdM: Pressure, Strain Gauge [db]
# name 13 = prdE: Pressure, Strain Gauge [psi]
# name 14 = tv290C: Temperature [ITS-90, deg C]
# name 15 = flag:  0.000e+00
# span 0 =     -0.470,      4.074       
# span 1 =     -0.220,      0.149       
# span 2 =     4.3799,     9.4660       
# span 3 =     55.880,    122.614       
# span 4 =   -435.374,    118.095       
# span 5 =-461.112902, 126.858267       
# span 6 =    -4.5000,    20.2500       
# span 7 =    -0.2769,     2.0157       
# span 8 =    -2.1300,     0.1278       
# span 9 =    -2.0304,     0.3384       
# span 10 = 1.1585e-01, 3.4568e-01      
# span 11 =    -1.1102,   694.4655      
# span 12 =     -0.461,      3.995      
# span 13 =     -0.669,      5.795      
# span 14 =    24.1599,    28.7940      
# span 15 = 0.0000e+00, 0.0000e+00      
# interval = seconds: 0.25
# start_time = Jul 31 2024 23:58:35 [Instrument's time stamp, header]
# bad_flag = -9.990e-29
*END*
[from data line 543]
      0.501      0.001     8.0923    104.611    117.778 126.713896    11.2500     0.4555     0.0426     0.1692 1.1590e-01    -0.1283      0.492      0.713    28.7845 0.0000e+00
      0.502      0.001     8.0878    104.595    117.771 126.706353    11.2500     0.4822     0.0426     0.1692 1.1628e-01    -0.0678      0.492      0.713    28.7855 0.0000e+00
      0.502      0.001     8.0823    104.610    117.766 126.700798    11.2500     0.4784     0.0426     0.1692 1.1615e-01    -0.0678      0.492      0.713    28.7863 0.0000e+00
      0.502      0.000     8.0771    104.644    117.779 126.713759    11.2500     0.4708     0.0426     0.1692 1.1597e-01    -0.0527      0.492      0.713    28.7867 0.0000e+00
      0.502      0.000     8.0733    104.691    117.791 126.724681    11.3400     0.4784     0.0426     0.3384 1.1617e-01    -0.0074      0.492      0.713    28.7869 0.0000e+00
      0.502      0.000     8.0721    104.756    117.782 126.714465    11.3400     0.4402     0.0426     0.3384 1.1607e-01    -0.0225      0.492      0.713    28.7868 0.0000e+00
      0.502      0.000     8.0733    104.843    117.782 126.712403    11.3400     0.4822     0.0426     0.3384 1.1607e-01    -0.0980      0.492      0.714    28.7865 0.0000e+00
      0.502      0.000     8.0760    104.938    117.799 126.729951    11.3400     0.4784     0.0426     0.3384 1.1610e-01    -0.0225      0.492      0.714    28.7861 0.0000e+00
      0.502      0.001     8.0796    105.007    117.830 126.763783    11.3400     0.4708     0.0426     0.3384 1.1617e-01    -0.0678      0.493      0.714    28.7856 0.0000e+00
      0.502      0.001     8.0848    105.014    117.861 126.796911    11.3400     0.4593     0.0426     0.1269 1.1600e-01    -0.0829      0.493      0.714    28.7850 0.0000e+00
      0.503      0.000     8.0916    104.956    117.875 126.812155    11.3400     0.4555     0.0426     0.1269 1.1605e-01    -0.0980      0.493      0.715    28.7844 0.0000e+00
      0.503      0.000     8.0989    104.873    117.887 126.825586    11.3400     0.4860     0.0426     0.1269 1.1615e-01    -0.0678      0.493      0.715    28.7841 0.0000e+00
      0.503      0.000     8.1043    104.809    117.901 126.840786    11.3400     0.4708     0.0426     0.1269 1.1628e-01    -0.0074      0.493      0.715    28.7840 0.0000e+00
      0.503      0.000     8.1048    104.775    117.899 126.837798    11.3400     0.4784     0.0426     0.1269 1.1607e-01    -0.0678      0.493      0.715    28.7841 0.0000e+00
      0.503     -0.001     8.1003    104.763    117.880 126.815825    11.3400     0.4593     0.0426     0.1269 1.1623e-01    -0.0376      0.493      0.715    28.7842 0.0000e+00
      0.502     -0.001     8.0939    104.758    117.862 126.793018    11.3400     0.4708     0.0426     0.1269 1.1623e-01     0.0681      0.493      0.714    28.7843 0.0000e+00
      0.502     -0.001     8.0889    104.754    117.854 126.781304    11.3400     0.4517     0.0426     0.1269 1.1605e-01     0.0228      0.492      0.714    28.7842 0.0000e+00
      0.502     -0.001     8.0864    104.752    117.855 126.779559    11.2500     0.4669     0.0426     0.2115 1.1612e-01    -0.0376      0.492      0.713    28.7839 0.0000e+00
      0.501     -0.001     8.0855    104.761    117.866 126.787318    11.2500     0.4860     0.0426     0.2115 1.1605e-01    -0.0225      0.492      0.713    28.7831 0.0000e+00
      0.501     -0.001     8.0853    104.780    117.893 126.814654    11.2500     0.4746     0.0426     0.2115 1.1600e-01     0.0228      0.492      0.713    28.7820 0.0000e+00
      0.501     -0.001     8.0852    104.802    117.921 126.842845    11.2500     0.4708     0.0426     0.2115 1.1610e-01    -0.0980      0.492      0.713    28.7806 0.0000e+00
      0.501     -0.001     8.0852    104.823    117.915 126.837386    11.2500     0.4936     0.0426     0.2115 1.1605e-01    -0.0225      0.491      0.712    28.7791 0.0000e+00
      0.501     -0.001     8.0862    104.841    117.880 126.800825    11.2500     0.4784     0.0426     0.1269 1.1620e-01    -0.0376      0.491      0.712    28.7777 0.0000e+00
      0.501     -0.001     8.0878    104.859    117.838 126.757429    11.2500     0.4593     0.0426     0.1269 1.1612e-01    -0.0527      0.491      0.712    28.7767 0.0000e+00
      0.500     -0.001     8.0895    104.877    117.812 126.731642    11.2500     0.4593     0.0426     0.1269 1.1617e-01    -0.0678      0.491      0.712    28.7762 0.0000e+00
      0.500     -0.001     8.0911    104.884    117.813 126.734596    11.2500     0.4860     0.0426     0.1269 1.1638e-01     0.0530      0.491      0.711    28.7763 0.0000e+00
      0.500     -0.001     8.0925    104.882    117.826 126.749071    11.2500     0.4746     0.0426     0.1269 1.1617e-01    -0.1434      0.490      0.711    28.7770 0.0000e+00
      0.500     -0.001     8.0937    104.891    117.825 126.746911    11.2500     0.4708     0.0426     0.1269 1.1617e-01    -0.0980      0.490      0.711    28.7778 0.0000e+00
      0.500     -0.001     8.0949    104.918    117.795 126.713534    11.2500     0.4593     0.0426     0.1269 1.1597e-01     0.0228      0.490      0.710    28.7787 0.0000e+00
      0.499     -0.001     8.0954    104.957    117.749 126.662051    11.2500     0.4631     0.0426     0.1269 1.1617e-01    -0.0980      0.490      0.710    28.7794 0.0000e+00
      0.499     -0.001     8.0953    104.997    117.713 126.622752    11.2500     0.4822     0.0426     0.0846 1.1612e-01     0.0077      0.489      0.710    28.7796 0.0000e+00
      0.499     -0.001     8.0960    105.030    117.707 126.615172    11.2500     0.4860     0.0426     0.0846 1.1612e-01    -0.0678      0.489      0.709    28.7792 0.0000e+00
      0.499     -0.000     8.0981    105.053    117.727 126.637288    11.2500     0.4746     0.0426     0.0846 1.1617e-01    -0.0225      0.489      0.709    28.7786 0.0000e+00
      0.499     -0.000     8.1013    105.046    117.753 126.666987    11.2500     0.4975     0.0426     0.0846 1.1595e-01     0.0681      0.489      0.709    28.7779 0.0000e+00
      0.499     -0.000     8.1044    104.985    117.771 126.688175    11.2500     0.4708     0.0426     0.0846 1.1597e-01     0.0379      0.489      0.709    28.7775 0.0000e+00
      0.498      0.000     8.1070    104.876    117.777 126.696500    11.3400     0.4898     0.0426     0.2961 1.1612e-01     0.0228      0.489      0.709    28.7774 0.0000e+00
      0.498      0.000     8.1087    104.759    117.758 126.678173    11.3400     0.4555     0.0426     0.2961 1.1617e-01    -0.0074      0.489      0.709    28.7775 0.0000e+00
      0.499      0.001     8.1081    104.674    117.718 126.636312    11.3400     0.4593     0.0426     0.2961 1.1607e-01    -0.0074      0.489      0.709    28.7779 0.0000e+00
      0.499      0.001     8.1033    104.623    117.684 126.599771    11.3400     0.4631     0.0426     0.2961 1.1592e-01    -0.0527      0.489      0.709    28.7786 0.0000e+00
      0.499      0.001     8.0948    104.586    117.675 126.588822    11.2500     0.4708     0.0426     0.2538 1.1612e-01    -0.1131      0.489      0.710    28.7795 0.0000e+00
      0.499      0.001     8.0856    104.558    117.703 126.616551    11.2500     0.4860     0.0426     0.2538 1.1605e-01    -0.0074      0.490      0.710    28.7804 0.0000e+00
      0.499      0.001     8.0790    104.553    117.764 126.678346    11.2500     0.4822     0.0426     0.2538 1.1600e-01    -0.0376      0.490      0.710    28.7809 0.0000e+00
      0.499      0.001     8.0751    104.570    117.814 126.728658    11.2500     0.4822     0.0426     0.2538 1.1610e-01    -0.0074      0.490      0.711    28.7809 0.0000e+00
      0.500      0.001     8.0723    104.593    117.821 126.732881    11.2500     0.4364     0.0426     0.1692 1.1617e-01    -0.0980      0.490      0.711    28.7803 0.0000e+00
      0.500      0.001     8.0703    104.616    117.791 126.698143    11.2500     0.4784     0.0426     0.1692 1.1612e-01     0.0228      0.490      0.711    28.7793 0.0000e+00
      0.500      0.001     8.0701    104.644    117.747 126.649197    11.2500     0.4784     0.0426     0.1692 1.1620e-01    -0.0527      0.490      0.711    28.7780 0.0000e+00
      0.500      0.001     8.0716    104.687    117.721 126.621012    11.2500     0.4898     0.0426     0.1692 1.1628e-01    -0.0376      0.490      0.711    28.7766 0.0000e+00
      0.500      0.001     8.0736    104.738    117.719 126.620079    11.2500     0.4936     0.0426     0.1269 1.1602e-01    -0.0074      0.491      0.711    28.7751 0.0000e+00
      0.500      0.000     8.0755    104.774    117.730 126.634143    11.2500     0.4898     0.0426     0.1269 1.1612e-01    -0.0678      0.491      0.712    28.7739 0.0000e+00
      0.500      0.000     8.0778    104.777    117.758 126.666956    11.2500     0.4440     0.0426     0.1269 1.1615e-01    -0.1585      0.491      0.712    28.7732 0.0000e+00
      0.500      0.000     8.0811    104.754    117.787 126.701255    11.2500     0.4746     0.0426     0.1269 1.1620e-01    -0.0376      0.491      0.712    28.7732 0.0000e+00
      0.500      0.000     8.0849    104.724    117.794 126.710170    11.2500     0.4708     0.0426     0.1269 1.1607e-01    -0.0376      0.491      0.712    28.7738 0.0000e+00
      0.500     -0.001     8.0875    104.694    117.776 126.692078    11.2500     0.4708     0.0426     0.2115 1.1607e-01    -0.0829      0.491      0.712    28.7748 0.0000e+00
      0.500     -0.001     8.0877    104.660    117.749 126.662163    11.2500     0.4784     0.0426     0.2115 1.1612e-01    -0.0074      0.491      0.712    28.7760 0.0000e+00
      0.500     -0.001     8.0857    104.622    117.736 126.646463    11.2500     0.4708     0.0426     0.2115 1.1595e-01     0.0228      0.490      0.711    28.7771 0.0000e+00
      0.499     -0.002     8.0833    104.588    117.747 126.656799    11.2500     0.4708     0.0426     0.2115 1.1605e-01    -0.0225      0.490      0.711    28.7778 0.0000e+00
      0.499     -0.002     8.0809    104.579    117.759 126.669915    11.2500     0.4784     0.0426     0.1269 1.1602e-01    -0.0225      0.489      0.710    28.7780 0.0000e+00
      0.498     -0.002     8.0783    104.613    117.759 126.671299    11.2500     0.4784     0.0426     0.1269 1.1625e-01    -0.1131      0.489      0.709    28.7776 0.0000e+00
      0.497     -0.002     8.0755    104.683    117.758 126.671327    11.2500     0.4440     0.0426     0.1269 1.1600e-01    -0.1434      0.488      0.708    28.7771 0.0000e+00
      0.496     -0.002     8.0729    104.754    117.760 126.676007    11.2500     0.4631     0.0426     0.1269 1.1595e-01    -0.0074      0.487      0.707    28.7768 0.0000e+00
      0.496     -0.002     8.0722    104.795    117.770 126.690591    11.2500     0.4708     0.0426     0.2115 1.1597e-01    -0.0225      0.487      0.706    28.7768 0.0000e+00
      0.495     -0.001     8.0748    104.792    117.785 126.708962    11.2500     0.4936     0.0426     0.2115 1.1628e-01    -0.0376      0.486      0.705    28.7772 0.0000e+00
      0.495     -0.000     8.0800    104.746    117.799 126.726016    11.2500     0.4708     0.0426     0.2115 1.1607e-01    -0.1283      0.486      0.705    28.7780 0.0000e+00
      0.495      0.001     8.0854    104.681    117.812 126.742297    11.2500     0.4860     0.0426     0.2115 1.1617e-01     0.0681      0.486      0.705    28.7791 0.0000e+00
      0.496      0.001     8.0884    104.616    117.802 126.732135    11.2500     0.4708     0.0426     0.2115 1.1605e-01    -0.0980      0.487      0.705    28.7804 0.0000e+00
      0.496      0.001     8.0880    104.554    117.758 126.684815    11.2500     0.4784     0.0426     0.2115 1.1623e-01    -0.0980      0.487      0.706    28.7815 0.0000e+00
      0.497      0.001     8.0844    104.496    117.713 126.635741    11.2500     0.4898     0.0426     0.2115 1.1607e-01    -0.0074      0.488      0.707    28.7825 0.0000e+00
      0.497      0.001     8.0792    104.478    117.701 126.621850    11.2500     0.4822     0.0426     0.2115 1.1617e-01    -0.1283      0.488      0.707    28.7831 0.0000e+00
      0.497      0.001     8.0742    104.545    117.712 126.631433    11.2500     0.4708     0.0426     0.2115 1.1623e-01    -0.0829      0.488      0.707    28.7833 0.0000e+00
      0.497      0.000     8.0694    104.696    117.709 126.627029    11.2500     0.5661     0.0426     0.1692 1.1620e-01    -0.0527      0.488      0.708    28.7832 0.0000e+00
      0.497      0.000     8.0650    104.876    117.696 126.611464    11.2500     0.5394     0.0426     0.1692 1.1620e-01    -0.1131      0.488      0.708    28.7830 0.0000e+00
      0.497      0.000     8.0636    105.031    117.687 126.600596    11.2500     0.5280     0.0426     0.1692 1.1610e-01    -0.0376      0.488      0.708    28.7826 0.0000e+00
      0.497     -0.001     8.0689    105.143    117.681 126.595528    11.2500     0.5356     0.0426     0.1692 1.1623e-01     0.0681      0.488      0.708    28.7820 0.0000e+00
      0.497     -0.001     8.0806    105.214    117.689 126.606917    11.2500     0.4860     0.0426     0.1692 1.1633e-01    -0.0527      0.488      0.708    28.7812 0.0000e+00
      0.497     -0.001     8.0946    105.233    117.706 126.625792    11.2500     0.4860     0.0426     0.1692 1.1610e-01    -0.0225      0.488      0.707    28.7804 0.0000e+00
      0.497     -0.001     8.1066    105.178    117.716 126.637178    11.2500     0.4593     0.0426     0.1692 1.1617e-01    -0.1283      0.487      0.707    28.7803 0.0000e+00
      0.496     -0.001     8.1152    105.043    117.729 126.652115    11.2500     0.4860     0.0426     0.1692 1.1623e-01    -0.0980      0.487      0.706    28.7808 0.0000e+00
      0.496     -0.001     8.1206    104.849    117.744 126.668584    11.2500     0.4669     0.0426     0.1692 1.1610e-01    -0.0074      0.486      0.705    28.7816 0.0000e+00
      0.496     -0.001     8.1219    104.633    117.741 126.664964    11.2500     0.4860     0.0426     0.1692 1.1617e-01     0.0077      0.486      0.705    28.7822 0.0000e+00
      0.495     -0.001     8.1176    104.443    117.725 126.646293    11.2500     0.4479     0.0426     0.1692 1.1592e-01    -0.0225      0.486      0.704    28.7825 0.0000e+00
      0.495     -0.001     8.1072    104.327    117.702 126.619597    11.2500     0.4860     0.0426     0.1692 1.1625e-01    -0.0980      0.486      0.704    28.7826 0.0000e+00
      0.495     -0.000     8.0923    104.297    117.675 126.587761    11.2500     0.4898     0.0426     0.1692 1.1600e-01    -0.0376      0.485      0.704    28.7827 0.0000e+00
      0.495     -0.000     8.0756    104.328    117.675 126.584316    11.2500     0.4784     0.0852     0.1269 1.1602e-01    -0.0376      0.485      0.704    28.7825 0.0000e+00
      0.495     -0.000     8.0610    104.391    117.701 126.610343    11.2500     0.4784     0.0852     0.1269 1.1605e-01    -0.1585      0.485      0.704    28.7821 0.0000e+00
      0.495     -0.000     8.0522    104.467    117.722 126.632765    11.2500     0.4708     0.0852     0.1269 1.1615e-01    -0.0225      0.485      0.704    28.7814 0.0000e+00
      0.495     -0.000     8.0500    104.554    117.720 126.631549    11.2500     0.4746     0.0852     0.1269 1.1628e-01    -0.0527      0.485      0.704    28.7802 0.0000e+00
      0.495     -0.000     8.0526    104.649    117.690 126.600367    11.3400     0.4822     0.0426     0.1269 1.1605e-01    -0.0074      0.485      0.703    28.7788 0.0000e+00
      0.494     -0.000     8.0576    104.732    117.648 126.556918    11.3400     0.4860     0.0426     0.1269 1.1605e-01    -0.0980      0.485      0.703    28.7778 0.0000e+00
      0.494     -0.000     8.0635    104.787    117.623 126.531633    11.3400     0.4822     0.0426     0.1269 1.1612e-01     0.0228      0.485      0.703    28.7775 0.0000e+00
