Data/DataNotYetUploadedToEDI/Raw_CTD/RawDownloads/073124_ccr90_S8188007.cnv
* Sea-Bird SBE19plus  Data File:
* FileName = C:\R\Reservoirs\Data\DataNotYetUploadedToEDI\Raw_CTD\RawDownloads\073124_ccr88_S8188_0007.hex
* Software version 2.8.0.119
* Temperature SN = 8188
* Conductivity SN = 8188
* System UpLoad Time = Aug 02 2024 14:06:51
* <ApplicationData>
* <Seaterm232>
# nquan = 16
# nvalues = 1309                        
# units = specified
# name 0 = depFM: Depth [fresh water, m]
# name 1 = dz/dtM: Descent Rate [m/s]
# name 2 = sbeox0Mg/L: Oxygen, SBE 43 [mg/l]
# name 3 = sbeox0PS: Oxygen, SBE 43 [% saturation]
# name 4 = specc: Specific Conductance [uS/cm]
# name 5 = c0uS/cm: Conductivity [uS/cm]
# name 6 = wetCDOM: Fluorescence, WET Labs CDOM [mg/m^3]
# name 7 = flECO-AFL: Fluorescence, WET Labs ECO-AFL/FL [mg/m^3]
# name 8 = flECO-AFL1: Fluorescence, WET Labs ECO-AFL/FL, 2 [mg/m^3]
# name 9 = flECO-AFL2: Fluorescence, WET Labs ECO-AFL/FL, 3 [mg/m^3]
# name 10 = par/sat/log: PAR/Logarithmic, Satlantic
# name 11 = turbWETntu0: Turbidity, WET Labs ECO [NTU]
# name 12 = prdM: Pressure, Strain Gauge [db]
# name 13 = prdE: Pressure, Strain Gauge [psi]
# name 14 = tv290C: Temperature [ITS-90, deg C]
# name 15 = flag:  0.000e+00
# span 0 =     -0.470,      4.074       
# span 1 =     -0.220,      0.149       
# span 2 =     4.3799,     9.4660       
# span 3 =     55.880,    122.614       
# span 4 =   -435.374,    118.095       
# span 5 =-461.112902, 126.858267       
# span 6 =    -4.5000,    20.2500       
# span 7 =    -0.2769,     2.0157       
# span 8 =    -2.1300,     0.1278       
# span 9 =    -2.0304,     0.3384       
# span 10 = 1.1585e-01, 3.4568e-01      
# span 11 =    -1.1102,   694.4655      
# span 12 =     -0.461,      3.995      
# span 13 =     -0.669,      5.795      
# span 14 =    24.1599,    28.7940      
# span 15 = 0.0000e+00, 0.0000e+00      
# interval = seconds: 0.25
# start_time = Jul 31 2024 23:58:35 [Instrument's time stamp, header]
# bad_flag = -9.990e-29
*END*
[from data line 181]
      0.506      0.002     5.3144     67.398    116.478 123.245036    11.3400     0.4784     0.0852     0.0846 1.1620e-01     0.0228      0.496      0.719    27.8967 0.0000e+00
      0.506      0.003     5.3149     67.123    116.472 123.241813    11.3400     0.4784     0.0852     0.0846 1.1615e-01    -0.0678      0.496      0.720    27.8971 0.0000e+00
      0.507      0.003     5.3108     66.818    116.464 123.236958    11.3400     0.4708     0.0426     0.1692 1.1617e-01    -0.1585      0.497      0.721    27.8973 0.0000e+00
      0.508      0.004     5.3003     66.494    116.462 123.237181    11.3400     0.5013     0.0426     0.1692 1.1620e-01    -0.0074      0.498      0.722    27.8974 0.0000e+00
      0.509      0.005     5.2835     66.150    116.463 123.238539    11.3400     0.4784     0.0426     0.1692 1.1615e-01    -0.0980      0.499      0.723    27.8980 0.0000e+00
      0.510      0.007     5.2618     65.785    116.456 123.229391    11.3400     0.4860     0.0426     0.1692 1.1625e-01    -0.1585      0.500      0.726    27.8993 0.0000e+00
      0.512      0.008     5.2377     65.401    116.443 123.213299    11.3400     0.5013     0.0426     0.1692 1.1595e-01    -0.0376      0.502      0.728    27.9010 0.0000e+00
      0.514      0.009     5.2122     64.993    116.437 123.203977    11.3400     0.4784     0.0426     0.1692 1.1592e-01    -0.0376      0.504      0.732    27.9022 0.0000e+00
      0.517      0.009     5.1853     64.556    116.436 123.200939    11.3400     0.4898     0.0426     0.1692 1.1605e-01    -0.0074      0.507      0.735    27.9024 0.0000e+00
      0.520      0.009     5.1567     64.093    116.440 123.203376    11.3400     0.4479     0.0426     0.1692 1.1590e-01    -0.0829      0.510      0.739    27.9016 0.0000e+00
      0.522      0.008     5.1267     63.622    116.458 123.221938    11.3400     0.4822     0.0426     0.1692 1.1595e-01    -0.0376      0.512      0.743    27.9004 0.0000e+00
      0.524      0.006     5.0949     63.173    116.486 123.251575    11.3400     0.4936     0.0426     0.2115 1.1630e-01    -0.0829      0.514      0.746    27.8993 0.0000e+00
      0.526      0.004     5.0607     62.772    116.506 123.274180    11.3400     0.4822     0.0426     0.2115 1.1620e-01    -0.0074      0.516      0.748    27.8984 0.0000e+00
      0.526      0.003     5.0244     62.444    116.507 123.279777    11.3400     0.4860     0.0426     0.2115 1.1605e-01     0.0077      0.517      0.749    27.8977 0.0000e+00
      0.527      0.001     4.9876     62.187    116.490 123.265858    11.3400     0.5013     0.0426     0.2115 1.1617e-01    -0.1736      0.517      0.749    27.8972 0.0000e+00
      0.526      0.000     4.9523     61.973    116.464 123.242716    11.3400     0.4708     0.0426     0.1692 1.1607e-01    -0.0527      0.516      0.749    27.8972 0.0000e+00
      0.526      0.000     4.9208     61.764    116.445 123.226187    11.3400     0.4898     0.0426     0.1692 1.1623e-01    -0.0678      0.516      0.748    27.8980 0.0000e+00
      0.526      0.000     4.8949     61.540    116.435 123.219864    11.3400     0.4555     0.0426     0.1692 1.1605e-01    -0.0678      0.516      0.748    27.8997 0.0000e+00
      0.526      0.000     4.8747     61.299    116.433 123.222062    11.3400     0.4593     0.0426     0.1692 1.1620e-01    -0.0829      0.516      0.748    27.9018 0.0000e+00
      0.526      0.000     4.8577     61.050    116.432 123.227365    11.3400     0.4746     0.0426     0.2961 1.1595e-01    -0.0678      0.516      0.748    27.9037 0.0000e+00
      0.526      0.000     4.8412     60.797    116.432 123.231187    11.3400     0.4746     0.0426     0.2961 1.1610e-01    -0.0376      0.516      0.748    27.9051 0.0000e+00
      0.526      0.000     4.8235     60.538    116.439 123.240549    11.3400     0.4898     0.0426     0.2961 1.1597e-01     0.0077      0.516      0.749    27.9066 0.0000e+00
      0.526      0.000     4.8045     60.273    116.454 123.255946    11.3400     0.4860     0.0426     0.2961 1.1615e-01    -0.1585      0.516      0.749    27.9087 0.0000e+00
      0.526      0.000     4.7847     60.006    116.468 123.267482    11.3400     0.4860     0.0426     0.2961 1.1612e-01    -0.1283      0.516      0.749    27.9112 0.0000e+00
      0.527      0.000     4.7647     59.744    116.476 123.272229    11.3400     0.4593     0.0426     0.2538 1.1607e-01    -0.0074      0.517      0.749    27.9132 0.0000e+00
      0.527      0.000     4.7443     59.489    116.476 123.267451    11.3400     0.4860     0.0426     0.2538 1.1617e-01    -0.0074      0.517      0.749    27.9141 0.0000e+00
      0.527      0.000     4.7236     59.240    116.468 123.255877    11.3400     0.4708     0.0426     0.2538 1.1595e-01    -0.0074      0.517      0.749    27.9137 0.0000e+00
      0.527      0.000     4.7029     58.995    116.458 123.242421    11.3400     0.4936     0.0426     0.2538 1.1612e-01    -0.0376      0.517      0.749    27.9123 0.0000e+00
      0.527      0.000     4.6824     58.755    116.446 123.227496    11.3400     0.4631     0.0426     0.1692 1.1625e-01    -0.0980      0.517      0.749    27.9105 0.0000e+00
      0.527      0.000     4.6626     58.528    116.435 123.215125    11.3400     0.4975     0.0426     0.1692 1.1635e-01    -0.0527      0.517      0.749    27.9086 0.0000e+00
      0.527      0.000     4.6432     58.318    116.429 123.208010    11.3400     0.4898     0.0426     0.1692 1.1595e-01    -0.0225      0.517      0.749    27.9071 0.0000e+00
      0.527      0.000     4.6241     58.121    116.422 123.202253    11.3400     0.4822     0.0426     0.1692 1.1615e-01    -0.0074      0.517      0.749    27.9060 0.0000e+00
      0.527      0.000     4.6054     57.932    116.415 123.196319    11.3400     0.4517     0.0426     0.2538 1.1620e-01    -0.0678      0.517      0.750    27.9052 0.0000e+00
      0.527      0.000     4.5876     57.752    116.414 123.196629    11.3400     0.4708     0.0426     0.2538 1.1617e-01    -0.0376      0.517      0.750    27.9047 0.0000e+00
      0.527      0.000     4.5712     57.580    116.415 123.201265    11.3400     0.4860     0.0426     0.2538 1.1610e-01    -0.0678      0.517      0.750    27.9046 0.0000e+00
      0.527      0.000     4.5557     57.418    116.416 123.205461    11.3400     0.4669     0.0426     0.2538 1.1605e-01    -0.0527      0.517      0.750    27.9050 0.0000e+00
      0.527      0.000     4.5409     57.265    116.413 123.206335    11.3400     0.4898     0.0426     0.2538 1.1615e-01     0.0077      0.517      0.750    27.9056 0.0000e+00
      0.527     -0.001     4.5266     57.114    116.404 123.200119    11.3400     0.4860     0.0426     0.1692 1.1628e-01    -0.0829      0.517      0.750    27.9065 0.0000e+00
      0.527     -0.001     4.5131     56.962    116.393 123.191157    11.3400     0.4784     0.0426     0.1692 1.1607e-01    -0.0678      0.517      0.750    27.9078 0.0000e+00
      0.527     -0.001     4.5002     56.809    116.388 123.187064    11.3400     0.4860     0.0426     0.1692 1.1610e-01    -0.0376      0.517      0.749    27.9095 0.0000e+00
      0.527     -0.001     4.4881     56.661    116.382 123.184746    11.3400     0.4936     0.0426     0.1692 1.1623e-01    -0.0074      0.517      0.749    27.9112 0.0000e+00
      0.526     -0.001     4.4762     56.521    116.372 123.179584    11.3400     0.4593     0.0426     0.2115 1.1615e-01    -0.0074      0.516      0.749    27.9126 0.0000e+00
      0.526     -0.002     4.4642     56.389    116.364 123.178204    11.3400     0.4822     0.0426     0.2115 1.1597e-01    -0.1131      0.516      0.748    27.9135 0.0000e+00
      0.525     -0.002     4.4521     56.270    116.359 123.184241    11.3400     0.4975     0.0426     0.2115 1.1628e-01    -0.0527      0.515      0.747    27.9143 0.0000e+00
      0.525     -0.002     4.4405     56.171    116.355 123.195302    11.3400     0.4708     0.0426     0.2115 1.1597e-01    -0.0527      0.515      0.746    27.9157 0.0000e+00
      0.524     -0.001     4.4293     56.098    116.347 123.208336    11.3400     0.4784     0.0426     0.1692 1.1612e-01    -0.0074      0.514      0.746    27.9180 0.0000e+00
      0.524     -0.001     4.4186     56.058    116.330 123.214816    11.3400     0.4784     0.0426     0.1692 1.1615e-01    -0.0678      0.514      0.745    27.9215 0.0000e+00
      0.524      0.000     4.4089     56.049    116.304 123.208471    11.3400     0.4784     0.0426     0.1692 1.1623e-01    -0.1283      0.514      0.745    27.9262 0.0000e+00
      0.524      0.001     4.4006     56.076    116.288 123.201615    11.3400     0.4593     0.0426     0.1692 1.1600e-01    -0.0829      0.514      0.745    27.9328 0.0000e+00
      0.524      0.001     4.3943     56.143    116.298 123.210425    11.3400     0.4479     0.0000     0.0846 1.1590e-01    -0.0074      0.514      0.746    27.9418 0.0000e+00
      0.525      0.001     4.3903     56.251    116.332 123.235249    11.3400     0.4936     0.0000     0.0846 1.1612e-01    -0.0527      0.515      0.747    27.9525 0.0000e+00
      0.526      0.001     4.3889     56.393    116.373 123.264702    11.3400     0.4593     0.0000     0.0846 1.1607e-01    -0.0829      0.516      0.748    27.9615 0.0000e+00
      0.526     -0.000     4.3907     56.556    116.403 123.282627    11.3400     0.5089     0.0000     0.0846 1.1623e-01    -0.1283      0.516      0.748    27.9657 0.0000e+00
      0.526     -0.001     4.3960     56.731    116.416 123.281802    11.3400     0.4708     0.0000     0.0846 1.1615e-01    -0.0074      0.516      0.747    27.9649 0.0000e+00
      0.525     -0.001     4.4048     56.892    116.423 123.270008    11.3400     0.4784     0.0426     0.0423 1.1602e-01    -0.0678      0.515      0.746    27.9606 0.0000e+00
      0.524     -0.002     4.4164     57.012    116.431 123.260103    11.3400     0.4822     0.0426     0.0423 1.1610e-01    -0.0225      0.514      0.745    27.9544 0.0000e+00
      0.524     -0.002     4.4297     57.079    116.448 123.263450    11.3400     0.4708     0.0426     0.0423 1.1607e-01     0.0228      0.514      0.745    27.9483 0.0000e+00
      0.523     -0.002     4.4438     57.097    116.472 123.278939    11.3400     0.4746     0.0426     0.0423 1.1615e-01     0.0228      0.513      0.744    27.9419 0.0000e+00
      0.523     -0.001     4.4571     57.077    116.494 123.292695    11.3400     0.4631     0.0852     0.1269 1.1625e-01    -0.0376      0.513      0.744    27.9340 0.0000e+00
      0.523     -0.001     4.4672     57.030    116.511 123.294384    11.3400     0.5013     0.0852     0.1269 1.1610e-01    -0.0074      0.513      0.743    27.9257 0.0000e+00
      0.522     -0.001     4.4729     56.960    116.527 123.288456    11.3400     0.4860     0.0852     0.1269 1.1610e-01     0.0379      0.512      0.743    27.9196 0.0000e+00
      0.522     -0.001     4.4747     56.865    116.550 123.289333    11.3400     0.4746     0.0852     0.1269 1.1595e-01    -0.0527      0.512      0.743    27.9155 0.0000e+00
      0.522     -0.001     4.4734     56.750    116.575 123.297247    11.3400     0.4708     0.0000     0.1692 1.1607e-01    -0.0678      0.512      0.743    27.9111 0.0000e+00
      0.522     -0.000     4.4703     56.626    116.592 123.306304    11.3400     0.4784     0.0000     0.1692 1.1597e-01    -0.0074      0.512      0.743    27.9041 0.0000e+00
      0.522     -0.000     4.4655     56.499    116.603 123.314919    11.3400     0.4822     0.0000     0.1692 1.1597e-01    -0.0225      0.512      0.742    27.8945 0.0000e+00
      0.522     -0.001     4.4588     56.365    116.609 123.321388    11.3400     0.4975     0.0000     0.1692 1.1607e-01    -0.0527      0.512      0.742    27.8845 0.0000e+00
      0.522     -0.001     4.4504     56.227    116.615 123.327437    11.3400     0.4708     0.0000     0.1692 1.1617e-01     0.0228      0.512      0.742    27.8768 0.0000e+00
      0.522     -0.001     4.4410     56.103    116.613 123.326675    11.3400     0.4708     0.0852     0.2538 1.1607e-01    -0.0225      0.512      0.742    27.8728 0.0000e+00
      0.521     -0.001     4.4312     56.003    116.598 123.314899    11.3400     0.4898     0.0852     0.2538 1.1617e-01     0.0228      0.511      0.741    27.8714 0.0000e+00
      0.521     -0.001     4.4207     55.933    116.580 123.300972    11.3400     0.4631     0.0852     0.2538 1.1612e-01     0.0228      0.511      0.741    27.8712 0.0000e+00
      0.521     -0.001     4.4099     55.893    116.563 123.289183    11.3400     0.4708     0.0852     0.2538 1.1605e-01    -0.0074      0.511      0.740    27.8713 0.0000e+00
      0.520     -0.001     4.4000     55.880    116.533 123.268385    11.3400     0.4936     0.0426     0.2115 1.1600e-01    -0.0678      0.510      0.740    27.8719 0.0000e+00
      0.520     -0.001     4.3921     55.894    116.476 123.221031    11.3400     0.5013     0.0426     0.2115 1.1620e-01    -0.0225      0.510      0.739    27.8735 0.0000e+00
      0.519     -0.001     4.3865     55.934    116.379 123.130491    11.3400     0.4440     0.0426     0.2115 1.1605e-01    -0.0678      0.509      0.738    27.8757 0.0000e+00
      0.519     -0.001     4.3831     55.990    116.220 122.972622    11.3400     0.4746     0.0426     0.2115 1.1610e-01     0.0228      0.509      0.738    27.8787 0.0000e+00
      0.519     -0.000     4.3817     56.049    115.968 122.713329    11.3400     0.4822     0.0426     0.2538 1.1605e-01    -0.1283      0.509      0.738    27.8830 0.0000e+00
      0.519      0.000     4.3824     56.100    115.570 122.299473    11.3400     0.4631     0.0426     0.2538 1.1630e-01    -0.0527      0.509      0.738    27.8886 0.0000e+00
      0.519      0.000     4.3851     56.137    114.924 121.624692    11.3400     0.4708     0.0426     0.2538 1.1605e-01    -0.0074      0.509      0.738    27.8942 0.0000e+00
      0.519      0.001     4.3891     56.157    113.852 120.501043    11.3400     0.4898     0.0426     0.2538 1.1607e-01    -0.1736      0.509      0.738    27.8986 0.0000e+00
      0.519      0.001     4.3935     56.158    112.070 118.624886    11.2500     0.4669     0.0426     0.1269 1.1623e-01    -0.0678      0.509      0.739    27.9017 0.0000e+00
      0.519      0.000     4.3972     56.140    109.099 115.487912    11.2500     0.4593     0.0426     0.1269 1.1615e-01     0.0379      0.509      0.739    27.9049 0.0000e+00
      0.519      0.000     4.3998     56.105    104.144 110.245591    11.2500     0.4746     0.0426     0.1269 1.1617e-01    -0.0980      0.509      0.739    27.9091 0.0000e+00
      0.520      0.000     4.4010     56.064     95.890 101.507974    11.2500     0.4326     0.0426     0.1269 1.1620e-01    -0.0678      0.510      0.739    27.9141 0.0000e+00
      0.520      0.000     4.4007     56.024     82.150  86.961034    11.2500     0.4746     0.0426     0.1269 1.1600e-01    -0.1283      0.510      0.739    27.9189 0.0000e+00
      0.520      0.000     4.3990     55.989     59.263  62.729589    11.3400     0.4784     0.0852     0.1269 1.1612e-01    -0.0376      0.510      0.739    27.9228 0.0000e+00
      0.519     -0.001     4.3961     55.959     21.117  22.339916    11.3400     0.4784     0.0852     0.1269 1.1615e-01     0.0228      0.509      0.739    27.9255 0.0000e+00
      0.519     -0.001     4.3927     55.936    -42.461 -44.986565    11.3400     0.4784     0.0852     0.1269 1.1623e-01    -0.0678      0.509      0.738    27.9274 0.0000e+00
      0.519     -0.001     4.3894     55.921   -148.418-157.199580    11.3400     0.4784     0.0852     0.1269 1.1635e-01     0.0530      0.509      0.738    27.9298 0.0000e+00
      0.519     -0.001     4.3864     55.919   -325.006-344.222599    11.3400     0.4708     0.0426     0.1692 1.1612e-01    -0.0376      0.509      0.738    27.9335 0.0000e+00
      0.519     -0.001     4.3837     55.933   -435.374-461.112902    11.3400     0.4669     0.0426     0.1692 1.1628e-01    -0.0980      0.509      0.738    27.9383 0.0000e+00
