Data/DataNotYetUploadedToEDI/Raw_CTD/RawDownloads/073124_ccr88_S8188004.cnv
* Sea-Bird SBE19plus  Data File:
* FileName = C:\R\Reservoirs\Data\DataNotYetUploadedToEDI\Raw_CTD\RawDownloads\073124_ccr88_S8188_0004.hex
* Software version 2.8.0.119
* Temperature SN = 8188
* Conductivity SN = 8188
* System UpLoad Time = Aug 02 2024 14:05:55
* <ApplicationData>
* <Seaterm232>
# nquan = 16
# nvalues = 1145                        
# units = specified
# name 0 = depFM: Depth [fresh water, m]
# name 1 = dz/dtM: Descent Rate [m/s]
# name 2 = sbeox0Mg/L: Oxygen, SBE 43 [mg/l]
# name 3 = sbeox0PS: Oxygen, SBE 43 [% saturation]
# name 4 = specc: Specific Conductance [uS/cm]
# name 5 = c0uS/cm: Conductivity [uS/cm]
# name 6 = wetCDOM: Fluorescence, WET Labs CDOM [mg/m^3]
# name 7 = flECO-AFL: Fluorescence, WET Labs ECO-AFL/FL [mg/m^3]
# name 8 = flECO-AFL1: Fluorescence, WET Labs ECO-AFL/FL, 2 [mg/m^3]
# name 9 = flECO-AFL2: Fluorescence, WET Labs ECO-AFL/FL, 3 [mg/m^3]
# name 10 = par/sat/log: PAR/Logarithmic, Satlantic
# name 11 = turbWETntu0: Turbidity, WET Labs ECO [NTU]
# name 12 = prdM: Pressure, Strain Gauge [db]
# name 13 = prdE: Pressure, Strain Gauge [psi]
# name 14 = tv290C: Temperature [ITS-90, deg C]
# name 15 = flag:  0.000e+00
# span 0 =     -0.463,     11.010       
# span 1 =     -0.298,      0.232       
# span 2 =     1.3246,     9.1978       
# span 3 =     12.415,    119.771       
# span 4 =   -423.429,    147.628       
# span 5 =-457.634036, 127.551483       
# span 6 =    -4.5000,   216.9000       
# span 7 =    -0.2922,     6.4103       
# span 8 =    -2.1300,     9.8832       
# span 9 =    -2.0304,     2.0727       
# span 10 = 1.1585e-01, 1.6648e+00      
# span 11 =    -1.1706,   693.6648      
# span 12 =     -0.454,     10.797      
# span 13 =     -0.659,     15.660      
# span 14 =    12.3015,    29.1101      
# span 15 = 0.0000e+00, 0.0000e+00      
# interval = seconds: 0.25
# start_time = Jul 31 2024 20:38:45 [Instrument's time stamp, header]
# bad_flag = -9.990e-29
*END*
[from data line 272]
      0.573      0.000     4.6388     59.832    116.968 123.628212    11.7900     0.4669     0.0426     0.2538 5.5526e-01    -0.2038      0.562      0.815    27.8432 0.0000e+00
      0.573      0.000     4.6536     59.987    116.969 123.625634    11.7900     0.4440     0.0426     0.1269 5.7778e-01    -0.0678      0.562      0.815    27.8427 0.0000e+00
      0.574      0.000     4.6681     60.135    116.966 123.619738    11.7900     0.4517     0.0426     0.1269 6.0595e-01    -0.0829      0.562      0.815    27.8420 0.0000e+00
      0.574      0.000     4.6820     60.279    116.967 123.616955    11.7900     0.4440     0.0426     0.1269 5.6931e-01    -0.0678      0.562      0.815    27.8412 0.0000e+00
      0.573      0.000     4.6952     60.417    116.970 123.616541    11.7900     0.4784     0.0426     0.1269 5.8690e-01    -0.0678      0.562      0.815    27.8402 0.0000e+00
      0.573      0.000     4.7074     60.549    116.973 123.614385    11.7900     0.4708     0.0426     0.1269 5.6623e-01    -0.0980      0.562      0.815    27.8390 0.0000e+00
      0.573      0.000     4.7192     60.676    116.977 123.613912    11.7900     0.4517     0.0426     0.1692 5.3315e-01    -0.1283      0.562      0.815    27.8376 0.0000e+00
      0.573      0.000     4.7306     60.794    116.991 123.623001    11.7900     0.4555     0.0426     0.1692 5.5514e-01    -0.0678      0.561      0.814    27.8361 0.0000e+00
      0.573      0.000     4.7416     60.906    117.013 123.640071    11.7900     0.4593     0.0426     0.1692 5.5105e-01    -0.1283      0.561      0.814    27.8343 0.0000e+00
      0.573      0.000     4.7521     61.012    117.036 123.657673    11.7900     0.4784     0.0426     0.1692 5.5756e-01    -0.1434      0.561      0.814    27.8324 0.0000e+00
      0.573      0.000     4.7622     61.105    117.054 123.668494    11.7900     0.4860     0.0426     0.1692 5.9589e-01    -0.0527      0.561      0.814    27.8302 0.0000e+00
      0.573      0.000     4.7717     61.181    117.060 123.667418    11.7900     0.4784     0.0426     0.1692 5.6316e-01    -0.0980      0.561      0.814    27.8277 0.0000e+00
      0.573      0.000     4.7808     61.243    117.062 123.662159    11.7900     0.4708     0.0426     0.1692 5.9189e-01    -0.0980      0.561      0.814    27.8250 0.0000e+00
      0.572      0.000     4.7893     61.291    117.070 123.663320    11.7900     0.4440     0.0426     0.1692 5.5081e-01    -0.0678      0.561      0.814    27.8220 0.0000e+00
      0.572      0.000     4.7969     61.322    117.085 123.671210    11.7900     0.4708     0.0426     0.1269 5.2968e-01    -0.0829      0.561      0.814    27.8189 0.0000e+00
      0.573      0.000     4.8032     61.331    117.096 123.675928    11.7900     0.4822     0.0426     0.1269 5.8334e-01    -0.1283      0.561      0.814    27.8156 0.0000e+00
      0.573      0.000     4.8082     61.318    117.098 123.670729    11.7900     0.4746     0.0426     0.1269 5.3710e-01    -0.2038      0.561      0.814    27.8124 0.0000e+00
      0.573      0.000     4.8123     61.284    117.096 123.662229    11.7900     0.4669     0.0426     0.1269 5.6684e-01    -0.0678      0.561      0.814    27.8092 0.0000e+00
      0.573      0.000     4.8150     61.236    117.100 123.660164    11.7900     0.4669     0.0426     0.0846 5.8169e-01    -0.1887      0.561      0.814    27.8061 0.0000e+00
      0.573      0.000     4.8160     61.183    117.110 123.663985    11.7900     0.4631     0.0426     0.0846 5.7778e-01    -0.1434      0.562      0.815    27.8030 0.0000e+00
      0.573      0.000     4.8152     61.129    117.123 123.670709    11.7900     0.4593     0.0426     0.0846 5.5550e-01    -0.1283      0.562      0.815    27.7999 0.0000e+00
      0.573      0.000     4.8128     61.078    117.137 123.678127    11.7900     0.4708     0.0426     0.0846 5.5478e-01    -0.1131      0.562      0.815    27.7970 0.0000e+00
      0.573      0.000     4.8093     61.033    117.149 123.684215    11.7900     0.4784     0.0426     0.0846 5.8258e-01    -0.1283      0.562      0.815    27.7942 0.0000e+00
      0.573      0.000     4.8053     60.993    117.161 123.690597    11.7900     0.4593     0.0426     0.0846 5.6758e-01    -0.0678      0.562      0.815    27.7914 0.0000e+00
      0.573      0.000     4.8013     60.952    117.171 123.694973    11.7900     0.4364     0.0426     0.0846 5.7955e-01    -0.1283      0.562      0.815    27.7886 0.0000e+00
      0.573      0.000     4.7976     60.909    117.180 123.698510    11.7900     0.4746     0.0426     0.0846 5.3874e-01    -0.1585      0.562      0.815    27.7857 0.0000e+00
      0.573      0.000     4.7943     60.867    117.193 123.706151    11.7900     0.4593     0.0426     0.0846 5.6072e-01    -0.1736      0.562      0.816    27.7828 0.0000e+00
      0.574      0.001     4.7914     60.821    117.207 123.715933    11.7900     0.4708     0.0852     0.2538 5.6157e-01    -0.0678      0.562      0.816    27.7800 0.0000e+00
      0.574      0.001     4.7884     60.767    117.218 123.722462    11.7900     0.4784     0.0852     0.2538 5.5986e-01    -0.1887      0.562      0.816    27.7773 0.0000e+00
      0.574      0.001     4.7853     60.703    117.224 123.723476    11.7900     0.4669     0.0852     0.2538 5.9953e-01    -0.1283      0.562      0.816    27.7747 0.0000e+00
      0.574      0.001     4.7821     60.631    117.228 123.723248    11.7900     0.4860     0.0852     0.2538 5.7104e-01    -0.0678      0.563      0.817    27.7723 0.0000e+00
      0.574      0.001     4.7787     60.556    117.238 123.729718    11.7900     0.4746     0.0426     0.1692 5.4557e-01    -0.1131      0.563      0.817    27.7699 0.0000e+00
      0.574      0.001     4.7747     60.481    117.256 123.744613    11.7900     0.4784     0.0426     0.1692 5.6377e-01    -0.1736      0.563      0.817    27.7676 0.0000e+00
      0.574      0.001     4.7699     60.402    117.272 123.757899    11.7900     0.4860     0.0426     0.1692 5.6328e-01    -0.1585      0.563      0.817    27.7654 0.0000e+00
      0.574      0.001     4.7644     60.317    117.279 123.763116    11.7900     0.4593     0.0426     0.1692 5.4486e-01    -0.1434      0.563      0.817    27.7635 0.0000e+00
      0.574      0.001     4.7586     60.231    117.282 123.763656    11.7900     0.5013     0.0852     0.1692 5.4003e-01    -0.1736      0.563      0.817    27.7618 0.0000e+00
      0.574      0.000     4.7529     60.158    117.282 123.761663    11.7900     0.4746     0.0852     0.1692 5.3991e-01    -0.2038      0.563      0.817    27.7602 0.0000e+00
      0.575      0.000     4.7468     60.095    117.282 123.760607    11.7900     0.4708     0.0852     0.1692 5.3559e-01    -0.0527      0.564      0.818    27.7588 0.0000e+00
      0.575      0.000     4.7401     60.022    117.286 123.764207    11.7900     0.4517     0.0852     0.1692 5.6365e-01    -0.0225      0.564      0.818    27.7577 0.0000e+00
      0.574      0.000     4.7335     59.930    117.288 123.767422    11.7900     0.4517     0.0852     0.1692 5.6968e-01    -0.1131      0.563      0.817    27.7568 0.0000e+00
      0.574     -0.001     4.7278     59.827    117.282 123.763106    11.7900     0.4708     0.0426     0.1692 5.6684e-01    -0.1283      0.563      0.817    27.7560 0.0000e+00
      0.574     -0.001     4.7229     59.724    117.270 123.754110    11.7900     0.4708     0.0426     0.1692 5.6709e-01    -0.0376      0.563      0.817    27.7554 0.0000e+00
      0.574     -0.002     4.7172     59.630    117.259 123.750038    11.7900     0.4669     0.0426     0.1692 5.5586e-01    -0.1585      0.563      0.817    27.7551 0.0000e+00
      0.574     -0.003     4.7100     59.554    117.249 123.751805    11.7900     0.4479     0.0426     0.1692 5.5926e-01    -0.0678      0.563      0.816    27.7553 0.0000e+00
      0.573     -0.004     4.7018     59.498    117.228 123.749880    11.7900     0.4669     0.0852     0.1269 5.4986e-01    -0.0980      0.562      0.815    27.7562 0.0000e+00
      0.572     -0.005     4.6936     59.477    117.188 123.741748    11.7900     0.4517     0.0852     0.1269 5.5780e-01    -0.0678      0.561      0.814    27.7580 0.0000e+00
      0.571     -0.008     4.6860     59.529    117.126 123.725242    11.7900     0.4746     0.0852     0.1269 5.7204e-01    -0.1585      0.560      0.812    27.7611 0.0000e+00
      0.569     -0.011     4.6795     59.733    117.038 123.685962    11.7900     0.4784     0.0852     0.1269 5.5731e-01    -0.1585      0.558      0.809    27.7663 0.0000e+00
      0.566     -0.018     4.6744     60.229    116.941 123.621441    11.7900     0.4593     0.0426     0.1692 5.7204e-01     0.0077      0.555      0.806    27.7753 0.0000e+00
      0.563     -0.028     4.6715     61.210    116.880 123.562493    11.7900     0.4975     0.0426     0.1692 5.2135e-01    -0.1887      0.552      0.801    27.7899 0.0000e+00
      0.557     -0.042     4.6739     62.837    116.886 123.543415    11.7900     0.4860     0.0426     0.1692 4.9218e-01    -0.0980      0.546      0.793    27.8107 0.0000e+00
      0.547     -0.058     4.6880     65.159    116.939 123.559115    11.7900     0.4784     0.0426     0.1692 4.9421e-01    -0.1887      0.537      0.778    27.8336 0.0000e+00
      0.531     -0.076     4.7257     68.109    116.997 123.585767    11.7900     0.4631     0.0426     0.1692 5.4191e-01    -0.1736      0.520      0.755    27.8498 0.0000e+00
      0.507     -0.093     4.8025     71.462    117.038 123.610467    11.7900     0.4822     0.0426     0.2538 5.5285e-01    -0.0678      0.497      0.721    27.8524 0.0000e+00
      0.478     -0.107     4.9312     74.847    117.060 123.627800    11.7900     0.4631     0.0426     0.2538 6.4298e-01    -0.0527      0.469      0.680    27.8414 0.0000e+00
      0.446     -0.117     5.1150     77.887    117.067 123.638386    11.7900     0.4593     0.0426     0.2538 6.4958e-01    -0.1283      0.438      0.635    27.8240 0.0000e+00
      0.414     -0.123     5.3479     80.284    117.072 123.649051    11.7900     0.4936     0.0426     0.2538 6.5497e-01    -0.1131      0.406      0.588    27.8095 0.0000e+00
      0.380     -0.125     5.6118     81.857    117.077 123.662639    10.8900     0.4746     0.0426     0.1269 7.0122e-01    -0.1131      0.373      0.541    27.8015 0.0000e+00
      0.347     -0.123     5.8778     82.557    117.079 123.674771    10.8900     0.4593     0.0426     0.1269 8.0689e-01    -0.0678      0.341      0.494    27.7990 0.0000e+00
      0.315     -0.119     6.1164     82.463    117.077 123.684683    10.8900     0.4936     0.0426     0.1269 7.1912e-01    -0.2038      0.309      0.449    27.8000 0.0000e+00
      0.285     -0.113     6.3043     81.744    117.069 123.691016    10.8900     0.4402     0.0426     0.1269 7.8835e-01    -0.0980      0.279      0.406    27.8027 0.0000e+00
      0.256     -0.105     6.4275     80.628    117.062 123.699462    10.8000     0.4593     0.0426     0.2115 6.6906e-01    -0.1887      0.251      0.364    27.8060 0.0000e+00
      0.230     -0.095     6.4820     79.333    117.065 123.716276    10.8000     0.4479     0.0426     0.2115 7.8272e-01     0.0228      0.225      0.327    27.8101 0.0000e+00
      0.206     -0.084     6.4740     78.028    117.068 123.729936    10.8000     0.4593     0.0426     0.2115 9.0578e-01    -0.0678      0.202      0.293    27.8153 0.0000e+00
      0.186     -0.073     6.4169     76.815    117.063 123.732082    10.8000     0.4784     0.0426     0.2115 1.0375e+00    -0.2038      0.182      0.265    27.8216 0.0000e+00
      0.170     -0.062     6.3285     75.742    117.051 123.727288    10.8000     0.4555     0.0426     0.2115 1.0290e+00    -0.1585      0.166      0.242    27.8283 0.0000e+00
      0.156     -0.052     6.2263     74.788    117.042 123.726279    10.8000     0.4708     0.0426     0.2115 1.0186e+00    -0.2038      0.153      0.222    27.8340 0.0000e+00
      0.145     -0.042     6.1233     73.894    117.042 123.736789    10.8000     0.4631     0.0426     0.2115 1.0306e+00    -0.1131      0.141      0.206    27.8384 0.0000e+00
      0.135     -0.034     6.0278     72.994    117.046 123.753618    10.8000     0.4364     0.0426     0.2115 1.0290e+00    -0.1434      0.132      0.192    27.8419 0.0000e+00
      0.128     -0.026     5.9431     72.041    117.045 123.767251    10.8000     0.4631     0.0426     0.2115 1.0003e+00    -0.2038      0.125      0.182    27.8454 0.0000e+00
      0.122     -0.018     5.8679     71.036    117.042 123.775321    10.7100     0.4708     0.0426     0.2115 1.0223e+00    -0.2642      0.120      0.174    27.8490 0.0000e+00
      0.119     -0.012     5.7974     70.003    117.040 123.779983    10.7100     0.4784     0.0426     0.2115 1.0409e+00    -0.0678      0.117      0.169    27.8533 0.0000e+00
      0.117     -0.007     5.7262     68.976    117.043 123.786481    10.7100     0.4631     0.0426     0.2115 1.0486e+00    -0.0980      0.115      0.167    27.8588 0.0000e+00
      0.117     -0.003     5.6508     67.997    117.053 123.796548    10.7100     0.4631     0.0426     0.2115 1.0254e+00    -0.1434      0.114      0.166    27.8649 0.0000e+00
      0.117     -0.001     5.5715     67.104    117.062 123.804865    10.8000     0.5280     0.0000     0.1692 1.0277e+00    -0.2491      0.115      0.167    27.8699 0.0000e+00
      0.118      0.000     5.4902     66.307    117.068 123.809648    10.8000     0.5280     0.0000     0.1692 9.5759e-01    -0.1131      0.116      0.168    27.8728 0.0000e+00
      0.119     -0.000     5.4095     65.604    117.073 123.816173    10.8000     0.5318     0.0000     0.1692 8.8940e-01    -0.0829      0.116      0.169    27.8740 0.0000e+00
      0.118     -0.001     5.3327     64.989    117.087 123.834184    10.8000     0.5242     0.0000     0.1692 9.5365e-01    -0.1283      0.116      0.168    27.8740 0.0000e+00
      0.118     -0.002     5.2627     64.451    117.110 123.866483    10.8000     0.4593     0.0426     0.1692 1.0239e+00    -0.1283      0.115      0.167    27.8733 0.0000e+00
      0.117     -0.003     5.2002     64.005    117.141 123.915680    10.8000     0.4822     0.0426     0.1692 1.0466e+00    -0.0678      0.114      0.166    27.8729 0.0000e+00
      0.116     -0.003     5.1450     63.705    117.186 123.990893    10.8000     0.4708     0.0426     0.1692 1.0190e+00    -0.0980      0.114      0.165    27.8731 0.0000e+00
      0.115     -0.004     5.0966     63.641    117.251 124.108178    10.8000     0.5013     0.0426     0.1692 1.0480e+00    -0.2038      0.113      0.164    27.8744 0.0000e+00
      0.114     -0.004     5.0540     63.949    117.356 124.298810    10.8000     0.5356     0.0426     0.1692 1.0047e+00    -0.0980      0.112      0.162    27.8778 0.0000e+00
      0.113     -0.004     5.0182     64.852    117.521 124.605623    10.8000     0.5318     0.0426     0.0846 1.0261e+00    -0.1283      0.111      0.161    27.8845 0.0000e+00
      0.112     -0.004     4.9933     66.719    117.814 125.136442    10.8000     0.5051     0.0426     0.0846 1.0119e+00    -0.0980      0.110      0.160    27.8965 0.0000e+00
      0.111     -0.004     4.9859     70.139    118.158 125.844740    10.8000     0.5280     0.0426     0.0846 1.0010e+00    -0.1585      0.109      0.158    27.9167 0.0000e+00
      0.110     -0.004     5.0061     75.710    118.296 126.433219    10.8000     0.4555     0.0426     0.0846 1.0111e+00    -0.0678      0.108      0.157    27.9504 0.0000e+00
      0.109     -0.004     5.0703     83.398    118.213 126.784734    10.8000     0.4593     0.0426     0.1269 1.0086e+00    -0.0074      0.107      0.155    28.0063 0.0000e+00
      0.108     -0.003     5.2058     92.276    118.071 126.991055    10.8000     0.4860     0.0426     0.1269 9.7969e-01    -0.0829      0.106      0.154    28.0995 0.0000e+00
