Data/DataNotYetUploadedToEDI/Raw_CTD/RawDownloads/073123_bvr50_S7809009.cnv
* Sea-Bird SBE19plus  Data File:
* FileName = C:\R\Reservoirs\Data\DataNotYetUploadedToEDI\Raw_CTD\RawDownloads\073123_fcr50_S7809_0009.hex
* Software version 2.8.0.119
* Temperature SN = 7809
* Conductivity SN = 7809
* System UpLoad Time = Aug 03 2023 12:40:40
* <ApplicationData>
* <Seaterm232>
# nquan = 15
# nvalues = 3180                        
# units = specified
# name 0 = depFM: Depth [fresh water, m]
# name 1 = dz/dtM: Descent Rate [m/s]
# name 2 = sbeox0Mg/L: Oxygen, SBE 43 [mg/l]
# name 3 = sbeox0PS: Oxygen, SBE 43 [% saturation]
# name 4 = specc: Specific Conductance [uS/cm]
# name 5 = c0uS/cm: Conductivity [uS/cm]
# name 6 = flECO-AFL: Fluorescence, WET Labs ECO-AFL/FL [mg/m^3]
# name 7 = ph: pH
# name 8 = orp: Oxidation Reduction Potential [mV]
# name 9 = par/sat/log: PAR/Logarithmic, Satlantic
# name 10 = turbWETntu0: Turbidity, WET Labs ECO [NTU]
# name 11 = prdM: Pressure, Strain Gauge [db]
# name 12 = prdE: Pressure, Strain Gauge [psi]
# name 13 = tv290C: Temperature [ITS-90, deg C]
# name 14 = flag:  0.000e+00
# span 0 =     -0.711,      9.575       
# span 1 =     -0.334,      0.189       
# span 2 =     0.1369,     9.1805       
# span 3 =      1.322,    112.339       
# span 4 =      3.008,    169.687       
# span 5 =   3.134271, 115.913132       
# span 6 =    -0.6870,    96.0006       
# span 7 =      6.573,      9.238       
# span 8 =   -67.8584,   316.8650       
# span 9 = 1.2353e-01, 2.6047e+03       
# span 10 =   -10.9803,    27.3691      
# span 11 =     -0.697,      9.391      
# span 12 =     -1.011,     13.620      
# span 13 =     9.1307,    27.6882      
# span 14 = 0.0000e+00, 0.0000e+00      
# interval = seconds: 0.25
# start_time = Jul 31 2023 06:36:36 [Instrument's time stamp, header]
# bad_flag = -9.990e-29
*END*
[from data line 1928]
      5.482      0.012     0.1888      1.865     37.848  29.848062    12.8922      7.057   310.9819 4.8170e+00     6.1028      5.375      7.796    14.4963 0.0000e+00
      5.487      0.012     0.1895      1.885     37.872  29.855505    12.8144      7.056   311.0508 4.6681e+00     6.0401      5.381      7.805    14.5045 0.0000e+00
      5.492      0.012     0.1912      1.899     37.888  29.861496    12.7122      7.055   311.1127 4.6001e+00     5.9241      5.386      7.812    14.4935 0.0000e+00
      5.493      0.012     0.1900      1.888     37.887  29.857064    12.5639      7.053   310.9561 4.5498e+00     5.7588      5.387      7.813    14.4514 0.0000e+00
      5.494      0.011     0.1891      1.866     37.896  29.865348    12.4948      7.053   310.6195 4.4982e+00     5.6464      5.388      7.814    14.4220 0.0000e+00
      5.497      0.011     0.1928      1.848     37.938  29.898223    12.4757      7.053   310.3128 4.4519e+00     5.5905      5.389      7.817    14.4132 0.0000e+00
      5.501      0.012     0.1954      1.837     37.997  29.937396    12.3073      7.052   310.1733 4.3939e+00     5.6625      5.394      7.823    14.4021 0.0000e+00
      5.505      0.013     0.1931      1.829     38.036  29.958382    12.0082      7.052   310.1369 4.3554e+00     5.8341      5.399      7.830    14.3948 0.0000e+00
      5.507      0.015     0.1905      1.833     38.056  29.961654    11.8554      7.052   310.0448 4.3419e+00     5.9245      5.400      7.832    14.4015 0.0000e+00
      5.509      0.017     0.1883      1.845     38.101  29.976938    12.0493      7.051   310.0057 4.3164e+00     5.9352      5.403      7.836    14.4062 0.0000e+00
      5.514      0.019     0.1879      1.855     38.186  30.016287    14.3106      7.050   310.0091 4.2605e+00     6.0660      5.408      7.843    14.3919 0.0000e+00
      5.519      0.022     0.1863      1.862     38.275  30.056785    18.4388      7.048   309.8276 4.1744e+00     6.3787      5.413      7.850    14.3760 0.0000e+00
      5.525      0.024     0.1869      1.877     38.350  30.085965    20.6889      7.048   309.5317 4.0553e+00     6.6071      5.418      7.858    14.3661 0.0000e+00
      5.532      0.026     0.1889      1.895     38.428  30.115335    20.7581      7.048   309.2704 3.9123e+00     6.6068      5.425      7.868    14.3413 0.0000e+00
      5.540      0.028     0.1901      1.895     38.522  30.158127    19.2343      7.048   309.0776 3.7650e+00     6.5805      5.433      7.879    14.2986 0.0000e+00
      5.548      0.028     0.1906      1.876     38.636  30.222718    16.4309      7.047   308.8353 3.6064e+00     6.6640      5.441      7.891    14.2595 0.0000e+00
      5.555      0.027     0.1917      1.851     38.710  30.261948    14.9107      7.046   308.5782 3.4312e+00     6.7632      5.448      7.901    14.2254 0.0000e+00
      5.561      0.025     0.1960      1.840     38.715  30.251823    14.7865      7.045   308.4642 3.2603e+00     6.8232      5.454      7.910    14.1812 0.0000e+00
      5.568      0.023     0.1950      1.856     38.702  30.227150    14.7712      7.045   308.3164 3.1102e+00     6.8090      5.461      7.921    14.1361 0.0000e+00
      5.574      0.021     0.1934      1.864     38.709  30.217347    14.6428      7.045   308.0824 2.9927e+00     6.6604      5.467      7.929    14.1050 0.0000e+00
      5.579      0.019     0.1900      1.854     38.778  30.260148    14.4242      7.046   307.8720 2.9034e+00     6.4608      5.471      7.935    14.0841 0.0000e+00
      5.583      0.019     0.1874      1.851     38.918  30.364028    14.3173      7.046   307.6646 2.8251e+00     6.3768      5.475      7.941    14.0670 0.0000e+00
      5.587      0.020     0.1917      1.858     39.137  30.521839    14.3237      7.045   307.5544 2.7523e+00     6.3967      5.479      7.945    14.0506 0.0000e+00
      5.590      0.021     0.1934      1.864     39.488  30.772661    14.3935      7.044   307.4857 2.6605e+00     6.4275      5.481      7.950    14.0257 0.0000e+00
      5.595      0.023     0.1899      1.873     39.962  31.112992    14.5199      7.044   307.3497 2.5380e+00     6.4425      5.486      7.957    14.0103 0.0000e+00
      5.602      0.025     0.1903      1.876     40.367  31.401488    14.5952      7.044   307.2006 2.4065e+00     6.4746      5.494      7.968    14.0118 0.0000e+00
      5.611      0.028     0.1919      1.878     40.568  31.533024    14.5553      7.044   307.0594 2.2927e+00     6.5422      5.503      7.980    13.9975 0.0000e+00
      5.618      0.029     0.1916      1.886     40.633  31.561486    13.9457      7.043   307.0204 2.2038e+00     6.4060      5.510      7.990    13.9627 0.0000e+00
      5.625      0.028     0.1940      1.895     40.648  31.555278    12.8253      7.042   306.9004 2.1098e+00     6.0576      5.516      7.999    13.9241 0.0000e+00
      5.633      0.027     0.1937      1.897     40.623  31.521380    12.2038      7.041   306.5556 2.0257e+00     5.8485      5.525      8.013    13.8907 0.0000e+00
      5.641      0.025     0.1936      1.896     40.578  31.468803    12.1003      7.039   306.2922 1.9737e+00     5.8255      5.533      8.025    13.8612 0.0000e+00
      5.647      0.022     0.1954      1.902     40.556  31.427048    11.6072      7.037   306.1254 1.9238e+00     5.7113      5.539      8.033    13.8324 0.0000e+00
      5.652      0.019     0.1958      1.892     40.552  31.397133    10.7024      7.036   305.9151 1.8694e+00     5.4927      5.543      8.040    13.8103 0.0000e+00
      5.656      0.015     0.1974      1.862     40.531  31.360820    10.1985      7.035   305.6421 1.8286e+00     5.4023      5.546      8.045    13.7958 0.0000e+00
      5.660      0.012     0.1950      1.847     40.468  31.305154    10.1176      7.035   305.1482 1.8088e+00     5.3695      5.550      8.050    13.7761 0.0000e+00
      5.662      0.008     0.1984      1.845     40.377  31.231578     9.9074      7.035   304.3308 1.7953e+00     5.2663      5.553      8.055    13.7441 0.0000e+00
      5.664      0.006     0.1978      1.845     40.305  31.169017     9.5543      7.034   303.3308 1.7815e+00     5.1453      5.555      8.057    13.7055 0.0000e+00
      5.665      0.004     0.1915      1.845     40.335  31.183091     9.3528      7.034   302.1774 1.7906e+00     5.1025      5.556      8.058    13.6776 0.0000e+00
      5.665      0.004     0.1921      1.848     40.459  31.274860     9.3105      7.035   300.7952 1.8117e+00     5.1245      5.556      8.059    13.6735 0.0000e+00
      5.665      0.005     0.1909      1.857     40.513  31.327026     9.2932      7.035   299.4390 1.8070e+00     5.1383      5.554      8.056    13.6744 0.0000e+00
      5.665      0.007     0.1919      1.874     40.377  31.242911     9.2771      7.034   298.2552 1.7861e+00     5.1319      5.556      8.057    13.6656 0.0000e+00
      5.668      0.008     0.1912      1.879     40.136  31.082529     9.2491      7.034   297.1516 1.7650e+00     5.0814      5.558      8.062    13.6495 0.0000e+00
      5.672      0.008     0.1920      1.862     39.954  30.973811     9.2285      7.034   295.9892 1.7460e+00     5.0400      5.562      8.068    13.6375 0.0000e+00
      5.676      0.007     0.1920      1.850     39.868  30.943441     9.2194      7.034   294.6124 1.7386e+00     5.0755      5.566      8.074    13.6547 0.0000e+00
      5.677      0.005     0.1948      1.832     39.862  30.969112     9.2227      7.034   293.1529 1.7527e+00     5.1005      5.568      8.076    13.6859 0.0000e+00
      5.677      0.005     0.1966      1.815     39.916  31.030485     9.2258      7.034   291.7647 1.7893e+00     5.0356      5.568      8.076    13.7139 0.0000e+00
      5.676      0.007     0.1913      1.815     40.011  31.114589     9.2155      7.032   290.4753 1.8154e+00     4.9397      5.566      8.072    13.7551 0.0000e+00
      5.676      0.015     0.1925      1.820     40.233  31.288214     9.1903      7.030   289.4358 1.8077e+00     4.8985      5.565      8.071    13.8075 0.0000e+00
      5.679      0.032     0.1895      1.837     40.831  31.734158     8.9119      7.026   288.7468 1.7913e+00     4.9467      5.567      8.074    13.8476 0.0000e+00
      5.684      0.057     0.1861      1.854     41.901  32.509829     8.3880      7.017   288.0810 1.7718e+00     4.9749      5.573      8.083    13.8684 0.0000e+00
      5.693      0.081     0.1881      1.868     42.656  32.990447     8.0916      7.009   286.8059 1.7081e+00     4.9328      5.580      8.093    13.8833 0.0000e+00
      5.716      0.095     0.1869      1.893     42.468  32.723620     8.0329      7.005   284.7728 1.5604e+00     4.8808      5.595      8.115    13.8871 0.0000e+00
      5.760      0.098     0.1899      1.904     42.066  32.328728     7.7452      7.004   282.5136 1.3659e+00     4.7227      5.645      8.188    13.8737 0.0000e+00
      5.809      0.091     0.1927      1.900     41.954  32.212586     7.2263      7.003   280.3984 1.2474e+00     4.5238      5.707      8.278    13.8177 0.0000e+00
      5.837      0.075     0.1921      1.891     41.948  32.207496     6.9521      7.002   278.4701 1.2300e+00     4.4919      5.734      8.316    13.6787 0.0000e+00
      5.841      0.053     0.1986      1.875     41.933  32.203746     6.9272      7.001   276.8375 1.2339e+00     4.4735      5.729      8.309    13.5002 0.0000e+00
      5.840      0.028     0.1995      1.862     41.870  32.167256     6.9257      7.000   275.5432 1.2409e+00     4.3696      5.725      8.305    13.3937 0.0000e+00
      5.841      0.009     0.1980      1.855     41.825  32.146953     7.1012      6.999   274.4354 1.2570e+00     4.2946      5.727      8.307    13.3772 0.0000e+00
      5.841      0.001     0.1985      1.851     41.726  32.085158     7.4509      6.999   273.3388 1.2669e+00     4.2504      5.728      8.309    13.3842 0.0000e+00
      5.841      0.001     0.1952      1.846     41.497  31.927627     7.6496      6.999   272.2638 1.2705e+00     4.2440      5.730      8.310    13.3939 0.0000e+00
      5.840      0.004     0.1944      1.846     41.335  31.828264     7.6472      6.999   271.0745 1.2659e+00     4.2521      5.726      8.305    13.4096 0.0000e+00
      5.839      0.008     0.1933      1.866     41.308  31.835390     7.4462      6.999   269.6278 1.2563e+00     4.2111      5.725      8.303    13.4275 0.0000e+00
      5.841      0.012     0.1935      1.896     41.260  31.823505     7.1008      6.999   268.1948 1.2517e+00     4.1932      5.728      8.307    13.4434 0.0000e+00
      5.845      0.015     0.1923      1.921     41.216  31.811463     6.9330      7.000   266.9974 1.2391e+00     4.2405      5.730      8.311    13.4635 0.0000e+00
      5.852      0.017     0.1912      1.930     41.282  31.880128     6.9235      7.000   265.9913 1.2175e+00     4.2368      5.739      8.323    13.4952 0.0000e+00
      5.860      0.017     0.1938      1.925     41.374  31.955923     6.7865      7.000   265.0647 1.2048e+00     4.1137      5.749      8.338    13.5342 0.0000e+00
      5.864      0.017     0.1974      1.909     41.480  32.030071     6.5253      7.000   264.3114 1.2005e+00     3.9817      5.752      8.342    13.5629 0.0000e+00
      5.866      0.017     0.2007      1.901     41.646  32.142243     6.3963      7.000   263.7667 1.2000e+00     3.9732      5.751      8.341    13.5873 0.0000e+00
      5.867      0.017     0.2007      1.902     41.710  32.170257     6.4163      6.999   263.2117 1.1946e+00     4.0109      5.753      8.345    13.6168 0.0000e+00
      5.871      0.018     0.2008      1.881     41.664  32.114992     6.5761      6.996   262.5910 1.1638e+00     4.0616      5.756      8.348    13.6216 0.0000e+00
      5.877      0.019     0.1983      1.853     41.668  32.108412     6.8629      6.995   262.1127 1.1288e+00     4.1430      5.762      8.357    13.6073 0.0000e+00
      5.885      0.021     0.1961      1.842     41.649  32.090697     7.0212      6.995   261.8162 1.1195e+00     4.1752      5.773      8.372    13.5903 0.0000e+00
      5.891      0.022     0.2001      1.839     41.573  32.027676     7.0920      6.996   261.5009 1.1086e+00     4.2118      5.779      8.381    13.5602 0.0000e+00
      5.895      0.021     0.1960      1.846     41.513  31.980818     7.7846      6.996   261.1395 1.0808e+00     4.2783      5.779      8.382    13.5300 0.0000e+00
      5.900      0.018     0.1915      1.845     41.406  31.904782     9.0451      6.996   260.8021 1.0628e+00     4.3296      5.786      8.391    13.5230 0.0000e+00
      5.905      0.015     0.1924      1.821     41.260  31.806167     9.7230      6.995   260.3478 1.0575e+00     4.3871      5.792      8.401    13.5239 0.0000e+00
      5.910      0.013     0.1904      1.803     41.145  31.740069     9.7973      6.994   259.6897 1.0440e+00     4.4278      5.796      8.406    13.5140 0.0000e+00
      5.913      0.012     0.1928      1.817     41.108  31.740018    10.0347      6.994   259.1253 1.0342e+00     4.5140      5.799      8.410    13.5128 0.0000e+00
      5.914      0.010     0.1934      1.830     41.159  31.805573    10.4622      6.994   258.6872 1.0366e+00     4.6435      5.799      8.411    13.5201 0.0000e+00
      5.915      0.008     0.1896      1.818     41.176  31.834898    10.6890      6.994   258.1776 1.0315e+00     4.6610      5.801      8.413    13.5363 0.0000e+00
      5.918      0.008     0.1852      1.808     41.169  31.840856    10.7124      6.993   257.7816 1.0191e+00     4.6585      5.803      8.417    13.5647 0.0000e+00
      5.920      0.009     0.1891      1.817     41.285  31.941057    10.7036      6.993   257.5135 1.0163e+00     4.6812      5.805      8.420    13.6010 0.0000e+00
      5.922      0.010     0.1920      1.829     41.487  32.094841    10.4826      6.991   257.0875 1.0229e+00     4.5603      5.808      8.423    13.6422 0.0000e+00
      5.924      0.010     0.1880      1.829     41.697  32.241137    10.0798      6.989   256.5882 1.0301e+00     4.3239      5.809      8.426    13.6561 0.0000e+00
      5.927      0.010     0.1870      1.829     41.899  32.377654     9.8534      6.988   256.1217 1.0271e+00     4.1799      5.813      8.431    13.6639 0.0000e+00
      5.931      0.009     0.1880      1.839     42.056  32.476624     9.7680      6.988   255.7492 1.0125e+00     4.1851      5.817      8.436    13.6887 0.0000e+00
      5.933      0.007     0.1909      1.844     42.264  32.613025     9.0135      6.988   255.5271 1.0015e+00     4.1139      5.818      8.440    13.6856 0.0000e+00
      5.935      0.005     0.1898      1.850     42.571  32.821453     7.6146      6.988   255.1566 9.8854e-01     3.8992      5.821      8.442    13.6576 0.0000e+00
      5.936      0.004     0.1889      1.852     42.802  32.966539     6.8449      6.987   254.6254 9.8215e-01     3.7414      5.823      8.446    13.6358 0.0000e+00
      5.936      0.003     0.1922      1.847     42.930  33.034933     6.7819      6.986   254.1801 9.9267e-01     3.7082      5.822      8.445    13.6091 0.0000e+00
      5.936      0.003     0.1912      1.841     43.101  33.140833     7.0193      6.986   253.8164 9.9986e-01     3.8392      5.820      8.441    13.5801 0.0000e+00
      5.936      0.004     0.1930      1.830     43.339  33.295286     7.4929      6.986   253.4982 9.9812e-01     4.0965      5.820      8.442    13.5508 0.0000e+00
      5.937      0.007     0.1933      1.823     43.484  33.379740     7.7552      6.986   253.2574 9.8877e-01     4.2575      5.822      8.444    13.5046 0.0000e+00
      5.940      0.009     0.1922      1.824     43.449  33.337168     7.8103      6.986   252.9698 9.7746e-01     4.2481      5.824      8.446    13.4699 0.0000e+00
      5.943      0.011     0.1927      1.824     43.474  33.351527     8.2351      6.986   252.5161 9.7816e-01     4.2903      5.828      8.452    13.4462 0.0000e+00
      5.947      0.011     0.1905      1.805     43.660  33.489894     9.0289      6.985   251.8163 9.8046e-01     4.4946      5.833      8.459    13.4083 0.0000e+00
