Data/DataNotYetUploadedToEDI/Raw_CTD/RawDownloads/073124_ccr88_S8188004.cnv
* Sea-Bird SBE19plus  Data File:
* FileName = C:\R\Reservoirs\Data\DataNotYetUploadedToEDI\Raw_CTD\RawDownloads\073124_ccr88_S8188_0004.hex
* Software version 2.8.0.119
* Temperature SN = 8188
* Conductivity SN = 8188
* System UpLoad Time = Aug 02 2024 14:05:55
* <ApplicationData>
* <Seaterm232>
# nquan = 16
# nvalues = 1145                        
# units = specified
# name 0 = depFM: Depth [fresh water, m]
# name 1 = dz/dtM: Descent Rate [m/s]
# name 2 = sbeox0Mg/L: Oxygen, SBE 43 [mg/l]
# name 3 = sbeox0PS: Oxygen, SBE 43 [% saturation]
# name 4 = specc: Specific Conductance [uS/cm]
# name 5 = c0uS/cm: Conductivity [uS/cm]
# name 6 = wetCDOM: Fluorescence, WET Labs CDOM [mg/m^3]
# name 7 = flECO-AFL: Fluorescence, WET Labs ECO-AFL/FL [mg/m^3]
# name 8 = flECO-AFL1: Fluorescence, WET Labs ECO-AFL/FL, 2 [mg/m^3]
# name 9 = flECO-AFL2: Fluorescence, WET Labs ECO-AFL/FL, 3 [mg/m^3]
# name 10 = par/sat/log: PAR/Logarithmic, Satlantic
# name 11 = turbWETntu0: Turbidity, WET Labs ECO [NTU]
# name 12 = prdM: Pressure, Strain Gauge [db]
# name 13 = prdE: Pressure, Strain Gauge [psi]
# name 14 = tv290C: Temperature [ITS-90, deg C]
# name 15 = flag:  0.000e+00
# span 0 =     -0.463,     11.010       
# span 1 =     -0.298,      0.232       
# span 2 =     1.3246,     9.1978       
# span 3 =     12.415,    119.771       
# span 4 =   -423.429,    147.628       
# span 5 =-457.634036, 127.551483       
# span 6 =    -4.5000,   216.9000       
# span 7 =    -0.2922,     6.4103       
# span 8 =    -2.1300,     9.8832       
# span 9 =    -2.0304,     2.0727       
# span 10 = 1.1585e-01, 1.6648e+00      
# span 11 =    -1.1706,   693.6648      
# span 12 =     -0.454,     10.797      
# span 13 =     -0.659,     15.660      
# span 14 =    12.3015,    29.1101      
# span 15 = 0.0000e+00, 0.0000e+00      
# interval = seconds: 0.25
# start_time = Jul 31 2024 20:38:45 [Instrument's time stamp, header]
# bad_flag = -9.990e-29
*END*
[from data line 995]
      3.952     -0.195     8.0772     97.758    117.751 119.763315    22.2300     0.8980     0.2556     0.5076 1.1607e-01    19.8273      3.875      5.621    25.2061 0.0000e+00
      3.905     -0.210     8.0238     97.976    117.736 119.939148    22.2300     0.8866     0.2556     0.5076 1.1605e-01    19.7971      3.829      5.554    25.3975 0.0000e+00
      3.851     -0.230     7.9804     98.194    117.861 120.254639    17.5500     0.8789     0.2982     0.3807 1.1600e-01    19.8424      3.777      5.478    25.5827 0.0000e+00
      3.790     -0.251     7.9560     98.390    118.017 120.665896    17.5500     0.8713     0.2982     0.3807 1.1620e-01    22.5314      3.717      5.390    25.7377 0.0000e+00
      3.721     -0.272     7.9509     98.601    118.107 121.096566    17.5500     0.8713     0.2982     0.3807 1.2883e-01    22.4710      3.649      5.292    25.8493 0.0000e+00
      3.645     -0.287     7.9568     98.885    118.148 121.539493    17.5500     0.8827     0.2982     0.3807 1.1610e-01    22.5465      3.575      5.185    25.9299 0.0000e+00
      3.566     -0.296     7.9629     99.292    118.167 121.990787    25.6500     0.8522     0.5538     0.6768 1.1597e-01    22.5314      3.497      5.072    26.0094 0.0000e+00
      3.486     -0.298     7.9634     99.855    118.159 122.428783    25.6500     0.6348     0.5538     0.6768 1.1597e-01     4.9022      3.418      4.958    26.1158 0.0000e+00
      3.406     -0.293     7.9596    100.585    118.098 122.800258    25.6500     0.6233     0.5538     0.6768 1.1997e-01     4.8720      3.340      4.845    26.2592 0.0000e+00
      3.331     -0.286     7.9580    101.432    117.939 123.028245    25.6500     0.6348     0.5538     0.6768 1.1605e-01     4.8569      3.266      4.737    26.4288 0.0000e+00
      3.260     -0.279     7.9642    102.297    117.724 123.117549    31.3200     0.6348     0.8946     0.7614 1.2653e-01     4.9022      3.197      4.637    26.6119 0.0000e+00
      3.194     -0.276     7.9821    103.053    117.541 123.146020    31.3200     0.6424     0.8946     0.7614 1.1602e-01     8.4220      3.132      4.543    26.8007 0.0000e+00
      3.129     -0.276     8.0137    103.596    117.467 123.213282    31.3200     0.6233     0.8946     0.7614 1.1628e-01     8.5428      3.069      4.451    26.9852 0.0000e+00
      3.062     -0.280     8.0571    103.888    117.521 123.371286    31.3200     0.6424     0.8946     0.7614 1.1605e-01     8.4824      3.003      4.355    27.1520 0.0000e+00
      2.989     -0.285     8.1066    103.949    117.629 123.584139    31.3200     0.6233     0.8946     0.7614 1.1607e-01     8.4371      2.931      4.251    27.2852 0.0000e+00
      2.912     -0.289     8.1530    103.848    117.698 123.786565    18.0900     0.6119     0.2556     0.4230 1.1620e-01     8.4824      2.855      4.141    27.3787 0.0000e+00
      2.833     -0.291     8.1872    103.672    117.700 123.946522    18.0900     0.5661     0.2556     0.4230 1.1605e-01     6.0956      2.778      4.029    27.4400 0.0000e+00
      2.756     -0.290     8.2041    103.503    117.671 124.080667    18.0900     0.5814     0.2556     0.4230 1.2247e-01     6.0050      2.702      3.920    27.4827 0.0000e+00
      2.683     -0.287     8.2030    103.384    117.658 124.220781    18.0900     0.5547     0.2556     0.4230 1.2628e-01     6.0805      2.631      3.817    27.5249 0.0000e+00
      2.614     -0.285     8.1871    103.320    117.706 124.400238    31.9500     0.5776     0.7668     0.6768 1.3517e-01     6.0654      2.563      3.718    27.5798 0.0000e+00
      2.544     -0.283     8.1635    103.290    117.853 124.658895    31.9500     0.5127     0.7668     0.6768 1.1987e-01     0.5515      2.495      3.619    27.6469 0.0000e+00
      2.472     -0.281     8.1400    103.264    118.034 124.943684    31.9500     0.5165     0.7668     0.6768 1.4081e-01     0.5817      2.424      3.516    27.7171 0.0000e+00
      2.398     -0.279     8.1213    103.220    118.113 125.136476    31.9500     0.5661     0.7668     0.6768 1.2322e-01     0.5817      2.351      3.410    27.7821 0.0000e+00
      2.323     -0.276     8.1084    103.146    118.062 125.226660    16.6500     0.4898     0.1704     0.3384 1.2322e-01     0.5817      2.279      3.305    27.8371 0.0000e+00
      2.252     -0.273     8.0997    103.037    117.934 125.260303    16.6500     0.5699     0.1704     0.3384 1.4053e-01     2.7873      2.209      3.204    27.8810 0.0000e+00
      2.185     -0.271     8.0920    102.920    117.798 125.270401    16.6500     0.5661     0.1704     0.3384 1.5500e-01     2.8024      2.143      3.108    27.9204 0.0000e+00
      2.120     -0.270     8.0820    102.852    117.723 125.299674    16.6500     0.5852     0.1704     0.3384 1.3760e-01     2.7873      2.079      3.016    27.9665 0.0000e+00
      2.055     -0.270     8.0674    102.877    117.727 125.375943    16.6500     0.5432     0.1704     0.3384 1.2642e-01     2.6966      2.015      2.922    28.0280 0.0000e+00
      1.985     -0.270     8.0487    102.996    117.789 125.507537    15.6600     0.6767     0.2130     0.3384 1.2403e-01    30.0242      1.947      2.823    28.0999 0.0000e+00
      1.913     -0.268     8.0302    103.184    117.854 125.663522    15.6600     0.6920     0.2130     0.3384 1.4409e-01    30.0242      1.876      2.720    28.1652 0.0000e+00
      1.840     -0.261     8.0183    103.409    117.856 125.777450    15.6600     0.6729     0.2130     0.3384 1.1605e-01    30.0695      1.805      2.617    28.2117 0.0000e+00
      1.770     -0.250     8.0159    103.645    117.793 125.829692    15.6600     0.6920     0.2130     0.3384 1.5497e-01    30.0695      1.736      2.518    28.2423 0.0000e+00
      1.707     -0.233     8.0212    103.883    117.728 125.866200    14.9400     0.5585     0.2130     0.4653 1.3447e-01     2.2283      1.674      2.428    28.2698 0.0000e+00
      1.650     -0.214     8.0306    104.118    117.689 125.906722    14.9400     0.5852     0.2130     0.4653 1.1671e-01     2.2132      1.618      2.347    28.3065 0.0000e+00
      1.599     -0.193     8.0414    104.333    117.655 125.928052    14.9400     0.5661     0.2130     0.4653 1.1610e-01     2.3039      1.568      2.275    28.3541 0.0000e+00
      1.553     -0.172     8.0525    104.492    117.625 125.933879    14.9400     0.5585     0.2130     0.4653 1.6765e-01     2.3039      1.523      2.209    28.4048 0.0000e+00
      1.512     -0.153     8.0646    104.574    117.605 125.935763    12.2400     0.6005     0.0852     0.2538 1.4050e-01     1.8809      1.483      2.151    28.4498 0.0000e+00
      1.476     -0.135     8.0780    104.595    117.598 125.946212    12.2400     0.5890     0.0852     0.2538 1.4069e-01     1.8054      1.447      2.099    28.4846 0.0000e+00
      1.445     -0.120     8.0912    104.587    117.614 125.980015    12.2400     0.5852     0.0852     0.2538 1.3520e-01     1.7449      1.416      2.054    28.5092 0.0000e+00
      1.417     -0.107     8.1013    104.564    117.629 126.014174    12.2400     0.5890     0.0852     0.2538 1.3986e-01     1.9262      1.390      2.015    28.5250 0.0000e+00
      1.393     -0.097     8.1062    104.524    117.619 126.023785    16.8300     0.5776     0.2556     0.2538 1.2965e-01     8.2558      1.366      1.981    28.5350 0.0000e+00
      1.372     -0.092     8.1067    104.475    117.605 126.033420    16.8300     0.5165     0.2556     0.2538 1.6412e-01     8.1954      1.345      1.951    28.5424 0.0000e+00
      1.351     -0.090     8.1052    104.441    117.629 126.087667    16.8300     0.5547     0.2556     0.2538 1.6059e-01     8.2407      1.325      1.922    28.5495 0.0000e+00
      1.330     -0.091     8.1023    104.447    117.688 126.190989    16.8300     0.5509     0.2556     0.2538 1.3751e-01     8.3465      1.305      1.892    28.5573 0.0000e+00
      1.307     -0.095     8.0979    104.511    117.759 126.324919    16.8300     0.6996     0.2556     0.2538 1.6122e-01    35.1755      1.282      1.859    28.5663 0.0000e+00
      1.282     -0.101     8.0926    104.618    117.809 126.455143    16.9200     0.7073     0.2982     0.4230 1.7276e-01    35.3416      1.257      1.823    28.5766 0.0000e+00
      1.255     -0.107     8.0882    104.728    117.818 126.548362    16.9200     0.7187     0.2982     0.4230 1.6780e-01    35.2812      1.231      1.785    28.5887 0.0000e+00
      1.227     -0.114     8.0864    104.787    117.793 126.593426    16.9200     0.6996     0.2982     0.4230 1.6164e-01    35.2812      1.203      1.745    28.6055 0.0000e+00
      1.197     -0.120     8.0877    104.757    117.745 126.590351    16.9200     0.5356     0.2982     0.4230 2.0232e-01    11.5339      1.174      1.702    28.6302 0.0000e+00
      1.166     -0.125     8.0914    104.637    117.711 126.576338    14.0400     0.5165     0.1278     0.3384 1.7268e-01    11.4886      1.143      1.658    28.6627 0.0000e+00
      1.133     -0.128     8.0949    104.446    117.722 126.589671    14.0400     0.5432     0.1278     0.3384 1.8355e-01    11.5339      1.111      1.611    28.6980 0.0000e+00
      1.098     -0.128     8.0951    104.221    117.767 126.637902    14.0400     0.5470     0.1278     0.3384 1.9583e-01    11.5037      1.077      1.562    28.7287 0.0000e+00
      1.063     -0.125     8.0898    104.024    117.806 126.695874    14.0400     0.5738     0.1278     0.3384 2.0444e-01    19.6310      1.042      1.511    28.7494 0.0000e+00
      1.028     -0.117     8.0792    103.902    117.810 126.733024    12.2400     0.5661     0.0426     0.2115 2.1988e-01    19.6159      1.009      1.463    28.7586 0.0000e+00
      0.998     -0.107     8.0644    103.846    117.779 126.739253    12.2400     0.5509     0.0426     0.2115 2.3813e-01    19.6612      0.979      1.419    28.7594 0.0000e+00
      0.972     -0.096     8.0471    103.823    117.730 126.716228    12.2400     0.5661     0.0426     0.2115 2.2569e-01    19.6612      0.954      1.383    28.7595 0.0000e+00
      0.951     -0.085     8.0310    103.819    117.674 126.669816    12.2400     0.5394     0.0426     0.2115 2.0467e-01    12.8331      0.933      1.353    28.7660 0.0000e+00
      0.933     -0.076     8.0195    103.822    117.611 126.595645    12.2400     0.5242     0.0426     0.2115 2.0232e-01    12.6820      0.915      1.327    28.7802 0.0000e+00
      0.917     -0.070     8.0129    103.812    117.566 126.523960    12.0600     0.5242     0.0852     0.1269 1.8411e-01    12.7122      0.899      1.303    28.7969 0.0000e+00
      0.900     -0.068     8.0093    103.773    117.564 126.489666    12.0600     0.5280     0.0852     0.1269 1.9583e-01    12.7726      0.883      1.280    28.8097 0.0000e+00
      0.884     -0.069     8.0082    103.714    117.570 126.467608    12.0600     0.5356     0.0852     0.1269 1.8710e-01     8.9507      0.867      1.257    28.8153 0.0000e+00
      0.868     -0.074     8.0088    103.661    117.566 126.443897    12.0600     0.5280     0.0852     0.1269 1.7891e-01     8.9658      0.851      1.234    28.8127 0.0000e+00
      0.850     -0.081     8.0094    103.627    117.560 126.428216    12.5100     0.5356     0.1704     0.2538 1.7605e-01     8.9960      0.834      1.209    28.8027 0.0000e+00
      0.830     -0.091     8.0083    103.608    117.543 126.412382    12.5100     0.5280     0.1704     0.2538 1.5575e-01     8.9658      0.814      1.180    28.7891 0.0000e+00
      0.806     -0.103     8.0055    103.606    117.533 126.408181    12.5100     0.6233     0.1704     0.2538 1.7268e-01    16.8061      0.790      1.146    28.7769 0.0000e+00
      0.778     -0.115     8.0026    103.610    117.544 126.426500    12.5100     0.6233     0.1704     0.2538 1.7899e-01    16.8816      0.763      1.106    28.7686 0.0000e+00
      0.746     -0.128     8.0004    103.592    117.578 126.468223    13.1400     0.6348     0.1278     0.2115 2.0471e-01    16.7909      0.732      1.061    28.7651 0.0000e+00
      0.711     -0.139     7.9989    103.538    117.630 126.532470    13.1400     0.6233     0.1278     0.2115 1.9716e-01    16.8514      0.698      1.012    28.7658 0.0000e+00
      0.674     -0.149     7.9983    103.491    117.683 126.604357    13.1400     0.6386     0.1278     0.2115 1.9905e-01    27.6374      0.661      0.958    28.7685 0.0000e+00
      0.633     -0.156     7.9982    103.506    117.734 126.683048    13.1400     0.6233     0.1278     0.2115 1.7264e-01    27.6374      0.621      0.901    28.7713 0.0000e+00
      0.592     -0.162     7.9965    103.613    117.782 126.769518    11.9700     0.6195     0.0852     0.1692 1.9397e-01    27.6374      0.580      0.841    28.7736 0.0000e+00
      0.549     -0.166     7.9919    103.805    117.826 126.860815    11.9700     0.6539     0.0852     0.1692 2.3226e-01    27.6374      0.538      0.780    28.7768 0.0000e+00
      0.505     -0.167     7.9874    104.047    117.865 126.953276    11.9700     0.5661     0.0852     0.1692 2.4996e-01    18.7246      0.495      0.718    28.7832 0.0000e+00
      0.462     -0.166     7.9871    104.306    117.905 127.049548    11.9700     0.5623     0.0852     0.1692 2.4289e-01    18.7246      0.452      0.656    28.7936 0.0000e+00
      0.418     -0.162     7.9933    104.558    117.941 127.141292    11.9700     0.5738     0.0852     0.1692 2.6558e-01    18.7699      0.410      0.595    28.8082 0.0000e+00
      0.376     -0.155     8.0055    104.758    117.946 127.194946    11.1600     0.5852     0.0852     0.2115 2.8907e-01    18.6188      0.368      0.534    28.8271 0.0000e+00
      0.336     -0.148     8.0211    104.864    117.932 127.214818    11.1600     0.5356     0.0852     0.2115 2.6738e-01     7.4854      0.329      0.477    28.8484 0.0000e+00
      0.299     -0.140     8.0379    104.846    117.916 127.214214    11.1600     0.5165     0.0852     0.2115 2.5965e-01     7.5760      0.293      0.425    28.8709 0.0000e+00
      0.266     -0.134     8.0540    104.695    117.881 127.178965    11.1600     0.5280     0.0852     0.2115 2.1955e-01     7.4703      0.261      0.378    28.8936 0.0000e+00
      0.235     -0.131     8.0666    104.443    117.842 127.137689    11.0700     0.5127     0.0426     0.0846 1.9914e-01     7.4250      0.231      0.334    28.9139 0.0000e+00
      0.205     -0.131     8.0727    104.135    117.839 127.145408    11.0700     0.4784     0.0426     0.0846 2.5623e-01     3.6030      0.201      0.291    28.9286 0.0000e+00
      0.172     -0.131     8.0703    103.813    117.868 127.196179    11.0700     0.4708     0.0426     0.0846 2.4121e-01     3.5728      0.169      0.245    28.9357 0.0000e+00
      0.137     -0.129     8.0586    103.528    117.891 127.247514    11.0700     0.4440     0.0426     0.0846 3.7113e-01     3.5124      0.135      0.195    28.9367 0.0000e+00
      0.100     -0.121     8.0391    103.303    117.888 127.279088    10.9800     0.4860     0.0426     0.1269 3.8762e-01     3.4369      0.099      0.143    28.9374 0.0000e+00
      0.065     -0.106     8.0148    103.112    117.854 127.279313    10.9800     0.4708     0.0426     0.1269 4.3930e-01     0.8990      0.064      0.092    28.9417 0.0000e+00
      0.034     -0.081     7.9889    102.930    117.785 127.238247    10.9800     0.4364     0.0426     0.1269 5.1504e-01     0.9443      0.034      0.049    28.9499 0.0000e+00
      0.012     -0.050     7.9654    102.758    117.689 127.158949    10.9800     0.4708     0.0426     0.1269 4.5712e-01     0.8235      0.012      0.018    28.9615 0.0000e+00
      0.003     -0.018     7.9460    102.614    117.594 127.064295    10.9800     0.4364     0.0426     0.1269 4.5022e-01     0.9292      0.003      0.004    28.9760 0.0000e+00
      0.007      0.009     7.9292    102.504    117.533 126.987074    14.0400     0.5280     0.1278     0.2115 4.6879e-01     5.8841      0.007      0.009    28.9916 0.0000e+00
