Data/DataNotYetUploadedToEDI/Raw_CTD/RawDownloads/073124_ccr88_S8188006.cnv
* Sea-Bird SBE19plus  Data File:
* FileName = C:\R\Reservoirs\Data\DataNotYetUploadedToEDI\Raw_CTD\RawDownloads\073124_ccr88_S8188_0006.hex
* Software version 2.8.0.119
* Temperature SN = 8188
* Conductivity SN = 8188
* System UpLoad Time = Aug 02 2024 14:06:31
* <ApplicationData>
* <Seaterm232>
# nquan = 16
# nvalues = 1212                        
# units = specified
# name 0 = depFM: Depth [fresh water, m]
# name 1 = dz/dtM: Descent Rate [m/s]
# name 2 = sbeox0Mg/L: Oxygen, SBE 43 [mg/l]
# name 3 = sbeox0PS: Oxygen, SBE 43 [% saturation]
# name 4 = specc: Specific Conductance [uS/cm]
# name 5 = c0uS/cm: Conductivity [uS/cm]
# name 6 = wetCDOM: Fluorescence, WET Labs CDOM [mg/m^3]
# name 7 = flECO-AFL: Fluorescence, WET Labs ECO-AFL/FL [mg/m^3]
# name 8 = flECO-AFL1: Fluorescence, WET Labs ECO-AFL/FL, 2 [mg/m^3]
# name 9 = flECO-AFL2: Fluorescence, WET Labs ECO-AFL/FL, 3 [mg/m^3]
# name 10 = par/sat/log: PAR/Logarithmic, Satlantic
# name 11 = turbWETntu0: Turbidity, WET Labs ECO [NTU]
# name 12 = prdM: Pressure, Strain Gauge [db]
# name 13 = prdE: Pressure, Strain Gauge [psi]
# name 14 = tv290C: Temperature [ITS-90, deg C]
# name 15 = flag:  0.000e+00
# span 0 =     -0.479,     10.702       
# span 1 =     -0.227,      0.154       
# span 2 =     3.1487,     9.1768       
# span 3 =     29.562,    118.924       
# span 4 =      1.275,    127.681       
# span 5 =   1.239224, 127.217023       
# span 6 =    -4.5000,    29.1600       
# span 7 =    -0.2884,     8.9357       
# span 8 =    -2.1300,     0.2556       
# span 9 =    -2.0304,     1.2267       
# span 10 = 1.1585e-01, 2.3571e-01      
# span 11 =    -1.0800,    59.8141      
# span 12 =     -0.469,     10.495      
# span 13 =     -0.680,     15.222      
# span 14 =    12.3549,    28.8562      
# span 15 = 0.0000e+00, 0.0000e+00      
# interval = seconds: 0.25
# start_time = Jul 31 2024 23:48:08 [Instrument's time stamp, header]
# bad_flag = -9.990e-29
*END*
[from data line 995]
      8.284     -0.151     4.9938     47.343    125.306  95.613296    28.5300     1.0048     0.2130     0.3384 1.1607e-01     2.7873      8.124     11.782    13.0970 0.0000e+00
      8.245     -0.150     4.9787     47.439    125.282  95.617351    28.5300     1.0353     0.2130     0.3384 1.1607e-01     2.8779      8.086     11.727    13.1117 0.0000e+00
      8.206     -0.149     4.9690     47.562    125.282  95.633252    28.5300     1.0010     0.2130     0.3807 1.1612e-01     2.8175      8.048     11.672    13.1259 0.0000e+00
      8.168     -0.148     4.9662     47.691    125.304  95.663242    28.5300     0.9552     0.2130     0.3807 1.1612e-01     2.8175      8.010     11.618    13.1383 0.0000e+00
      8.131     -0.147     4.9701     47.811    125.314  95.689344    28.5300     0.9285     0.2130     0.3807 1.1612e-01     2.8175      7.974     11.565    13.1489 0.0000e+00
      8.094     -0.147     4.9792     47.910    125.314  95.716520    28.5300     0.9781     0.2130     0.3807 1.1600e-01     2.8628      7.938     11.513    13.1578 0.0000e+00
      8.058     -0.148     4.9913     47.979    125.330  95.766005    28.5300     0.9743     0.2130     0.3807 1.1610e-01     2.7873      7.902     11.461    13.1642 0.0000e+00
      8.020     -0.150     5.0043     48.022    125.344  95.825020    28.5300     1.0086     0.2130     0.3807 1.1602e-01     2.8175      7.865     11.408    13.1695 0.0000e+00
      7.982     -0.151     5.0161     48.057    125.331  95.871343    28.5300     0.9896     0.2130     0.3807 1.1612e-01     2.8175      7.828     11.353    13.1768 0.0000e+00
      7.942     -0.153     5.0252     48.112    125.297  95.905342    28.5300     0.9972     0.2130     0.3807 1.1617e-01     2.7722      7.789     11.297    13.1876 0.0000e+00
      7.903     -0.154     5.0308     48.223    125.274  95.944079    28.5300     1.0086     0.2130     0.3807 1.1600e-01     2.7118      7.750     11.240    13.2024 0.0000e+00
      7.863     -0.154     5.0332     48.421    125.259  95.983897    28.5300     1.0010     0.2130     0.3807 1.1605e-01     2.5456      7.711     11.183    13.2216 0.0000e+00
      7.824     -0.155     5.0343     48.723    125.232  96.013439    28.5300     1.0163     0.2130     0.3807 1.1620e-01     2.5003      7.673     11.128    13.2443 0.0000e+00
      7.785     -0.155     5.0374     49.131    125.203  96.046578    28.5300     1.0163     0.2130     0.3807 1.1610e-01     2.6664      7.635     11.073    13.2680 0.0000e+00
      7.746     -0.155     5.0465     49.632    125.183  96.094151    28.5300     1.0277     0.2130     0.3807 1.1595e-01     2.5305      7.596     11.018    13.2904 0.0000e+00
      7.706     -0.155     5.0649     50.200    125.187  96.158856    28.5300     1.1383     0.2130     0.3384 1.1602e-01     1.8809      7.558     10.961    13.3109 0.0000e+00
      7.666     -0.154     5.0941     50.807    125.210  96.229978    28.5300     1.1536     0.2130     0.3384 1.1617e-01     1.9262      7.518     10.904    13.3309 0.0000e+00
      7.626     -0.152     5.1342     51.434    125.226  96.288523    28.5300     1.1154     0.2130     0.3384 1.1605e-01     1.8507      7.478     10.847    13.3531 0.0000e+00
      7.587     -0.149     5.1838     52.062    125.213  96.322130    28.5300     1.1383     0.2130     0.3384 1.1612e-01     1.9715      7.440     10.791    13.3781 0.0000e+00
      7.549     -0.145     5.2402     52.661    125.178  96.339762    28.6200     1.0506     0.2130     0.3807 1.1597e-01     1.6090      7.403     10.737    13.4028 0.0000e+00
      7.513     -0.141     5.3011     53.192    125.146  96.362107    28.6200     1.0048     0.2130     0.3807 1.1620e-01     1.6694      7.367     10.685    13.4241 0.0000e+00
      7.478     -0.137     5.3642     53.625    125.144  96.409111    28.6200     1.0048     0.2130     0.3807 1.1615e-01     1.7298      7.333     10.635    13.4426 0.0000e+00
      7.444     -0.134     5.4277     53.944    125.195  96.503302    28.6200     1.0506     0.2130     0.3807 1.1607e-01     1.6845      7.300     10.588    13.4601 0.0000e+00
      7.412     -0.132     5.4880     54.149    125.261  96.629833    28.8000     1.0010     0.1704     0.4230 1.1600e-01     1.4881      7.268     10.541    13.4779 0.0000e+00
      7.379     -0.133     5.5410     54.259    125.327  96.782489    28.8000     1.2223     0.1704     0.4230 1.1612e-01     1.4277      7.236     10.495    13.4967 0.0000e+00
      7.346     -0.136     5.5838     54.300    125.396  96.966013    28.8000     1.1956     0.1704     0.4230 1.1625e-01     1.4428      7.204     10.448    13.5159 0.0000e+00
      7.312     -0.140     5.6143     54.308    125.388  97.125448    28.8000     1.1956     0.1704     0.4230 1.1612e-01     1.3069      7.170     10.399    13.5379 0.0000e+00
      7.276     -0.145     5.6319     54.342    125.285  97.235378    28.8000     1.2146     0.1704     0.4230 1.1605e-01     1.5183      7.135     10.348    13.5683 0.0000e+00
      7.238     -0.150     5.6383     54.461    125.177  97.339116    28.8000     1.2299     0.2130     0.3384 1.1623e-01     1.4277      7.098     10.295    13.6089 0.0000e+00
      7.199     -0.155     5.6360     54.706    125.125  97.476323    28.8000     1.1994     0.2130     0.3384 1.1610e-01     1.4881      7.059     10.239    13.6609 0.0000e+00
      7.158     -0.160     5.6287     55.089    125.100  97.645624    28.8000     1.1803     0.2130     0.3384 1.1607e-01     1.4126      7.019     10.181    13.7269 0.0000e+00
      7.116     -0.164     5.6227     55.601    125.037  97.814241    28.8000     1.2146     0.2130     0.3384 1.1617e-01     1.3975      6.979     10.122    13.8026 0.0000e+00
      7.074     -0.167     5.6257     56.215    124.955  97.991179    28.8000     1.1307     0.2130     0.2961 1.1605e-01     1.4126      6.937     10.062    13.8775 0.0000e+00
      7.031     -0.171     5.6420     56.878    124.926  98.233623    28.8000     1.1460     0.2130     0.2961 1.1628e-01     1.4881      6.895     10.000    13.9485 0.0000e+00
      6.987     -0.175     5.6719     57.527    124.948  98.572258    28.8000     1.1574     0.2130     0.2961 1.1607e-01     1.4126      6.852      9.938    14.0241 0.0000e+00
      6.942     -0.180     5.7135     58.120    124.966  98.997481    28.8000     1.1612     0.2130     0.2961 1.1628e-01     1.4126      6.808      9.874    14.1112 0.0000e+00
      6.896     -0.185     5.7642     58.649    124.940  99.484818    28.8900     1.1345     0.2130     0.2961 1.1612e-01     1.2313      6.763      9.808    14.2077 0.0000e+00
      6.848     -0.189     5.8187     59.127    124.792  99.966406    28.8900     1.1498     0.2130     0.2961 1.1605e-01     1.1558      6.716      9.740    14.3140 0.0000e+00
      6.799     -0.194     5.8685     59.603    124.441 100.330886    28.8900     1.1421     0.2130     0.2961 1.1612e-01     1.1709      6.667      9.670    14.4428 0.0000e+00
      6.749     -0.197     5.9078     60.137    124.006 100.565574    28.8900     1.1269     0.2130     0.2961 1.1612e-01     1.2011      6.618      9.599    14.6077 0.0000e+00
      6.697     -0.199     5.9353     60.747    123.671 100.749073    28.8900     1.0773     0.2130     0.2961 1.1595e-01     1.1709      6.567      9.525    14.8117 0.0000e+00
      6.645     -0.200     5.9526     61.418    123.415 100.892357    28.8000     1.0773     0.1704     0.4230 1.1602e-01     1.1407      6.516      9.451    15.0530 0.0000e+00
      6.592     -0.199     5.9670     62.145    123.212 101.011659    28.8000     1.0735     0.1704     0.4230 1.1600e-01     1.2011      6.465      9.376    15.3135 0.0000e+00
      6.541     -0.197     5.9901     62.903    123.146 101.204749    28.8000     1.0697     0.1704     0.4230 1.1615e-01     1.2162      6.415      9.304    15.5492 0.0000e+00
      6.492     -0.194     6.0272     63.636    123.140 101.481147    28.8000     1.1307     0.1704     0.4230 1.1605e-01     1.2011      6.366      9.233    15.7324 0.0000e+00
      6.443     -0.190     6.0753     64.317    123.005 101.720708    28.6200     1.1498     0.2130     0.4230 1.1628e-01     1.1407      6.319      9.164    15.8744 0.0000e+00
      6.395     -0.187     6.1322     64.962    122.736 101.843439    28.6200     1.1421     0.2130     0.4230 1.1620e-01     1.1709      6.271      9.096    15.9893 0.0000e+00
      6.347     -0.183     6.1939     65.588    122.540 101.936053    28.6200     1.1345     0.2130     0.4230 1.1602e-01     1.2162      6.225      9.028    16.0893 0.0000e+00
      6.301     -0.180     6.2510     66.185    122.534 102.137169    28.6200     1.3787     0.2130     0.4230 1.1590e-01     1.2162      6.179      8.962    16.2035 0.0000e+00
      6.256     -0.177     6.2989     66.758    122.579 102.434461    28.4400     1.3710     0.1704     0.4653 1.1595e-01     1.1407      6.135      8.898    16.3462 0.0000e+00
      6.212     -0.174     6.3434     67.335    122.513 102.723339    28.4400     1.3787     0.1704     0.4653 1.1623e-01     1.0500      6.092      8.836    16.4866 0.0000e+00
      6.169     -0.172     6.3906     67.953    122.288 102.902976    28.4400     1.3977     0.1704     0.4653 1.1617e-01     1.2011      6.049      8.774    16.5905 0.0000e+00
      6.125     -0.170     6.4375     68.643    121.976 102.925365    28.4400     1.4626     0.1704     0.4653 1.1638e-01     1.5486      6.006      8.712    16.6745 0.0000e+00
      6.081     -0.168     6.4789     69.405    121.749 102.854462    28.2600     1.4206     0.1704     0.5076 1.1628e-01     1.4730      5.963      8.649    16.7804 0.0000e+00
      6.038     -0.166     6.5158     70.186    121.712 102.795280    28.2600     1.4206     0.1704     0.5076 1.1605e-01     1.3673      5.921      8.588    16.9210 0.0000e+00
      5.996     -0.163     6.5550     70.907    121.821 102.801978    28.2600     1.4511     0.1704     0.5076 1.1605e-01     1.4126      5.880      8.528    17.0717 0.0000e+00
      5.955     -0.161     6.6056     71.495    121.983 102.882324    28.2600     1.6228     0.1704     0.5076 1.1607e-01     1.4277      5.840      8.471    17.1886 0.0000e+00
      5.915     -0.159     6.6724     71.878    122.134 103.035748    28.2600     1.6152     0.1704     0.5076 1.1612e-01     1.4277      5.801      8.413    17.2380 0.0000e+00
      5.875     -0.158     6.7494     72.029    122.258 103.297163    27.9000     1.6381     0.1704     0.3807 1.1605e-01     1.4579      5.761      8.356    17.2259 0.0000e+00
      5.835     -0.157     6.8239     71.997    122.320 103.664327    27.9000     1.6304     0.1704     0.3807 1.1630e-01     1.4881      5.722      8.299    17.1907 0.0000e+00
      5.795     -0.158     6.8838     71.906    122.254 104.069270    27.9000     1.4206     0.1704     0.3807 1.1623e-01     1.4579      5.683      8.243    17.1674 0.0000e+00
      5.756     -0.159     6.9193     71.933    122.033 104.424121    27.9000     1.4397     0.1704     0.3807 1.1612e-01     1.4428      5.645      8.187    17.1783 0.0000e+00
      5.715     -0.160     6.9246     72.261    121.661 104.617662    27.5400     1.4511     0.1704     0.3807 1.1605e-01     1.4881      5.605      8.129    17.2425 0.0000e+00
      5.674     -0.161     6.9031     73.006    121.306 104.681551    27.5400     1.4321     0.1704     0.3807 1.1623e-01     1.4428      5.564      8.070    17.3716 0.0000e+00
      5.632     -0.162     6.8673     74.174    121.175 104.784752    27.5400     1.3901     0.1704     0.3807 1.1610e-01     1.2011      5.523      8.010    17.5610 0.0000e+00
      5.590     -0.162     6.8382     75.666    121.236 105.004754    27.5400     1.3787     0.1704     0.3807 1.1623e-01     1.1709      5.482      7.951    17.7840 0.0000e+00
      5.549     -0.163     6.8393     77.320    121.330 105.318260    27.2700     1.3863     0.1704     0.3384 1.1612e-01     1.3824      5.442      7.893    17.9945 0.0000e+00
      5.509     -0.164     6.8879     78.951    121.359 105.676950    27.2700     1.3977     0.1704     0.3384 1.1620e-01     1.1709      5.402      7.835    18.1464 0.0000e+00
      5.468     -0.165     6.9850     80.419    121.298 106.038564    27.2700     1.3214     0.1704     0.3384 1.1617e-01     1.2766      5.362      7.777    18.2346 0.0000e+00
      5.425     -0.167     7.1151     81.678    121.187 106.401604    27.2700     1.3214     0.1704     0.3384 1.1612e-01     1.2615      5.320      7.716    18.3030 0.0000e+00
      5.382     -0.169     7.2560     82.778    121.050 106.762952    27.2700     1.3291     0.1704     0.3384 1.1620e-01     1.1407      5.278      7.655    18.3983 0.0000e+00
      5.339     -0.171     7.3881     83.818    120.817 107.039073    26.8200     1.3062     0.1704     0.4230 1.1600e-01     1.2011      5.235      7.593    18.5358 0.0000e+00
      5.294     -0.172     7.4993     84.905    120.483 107.163689    26.8200     1.3176     0.1704     0.4230 1.1615e-01     1.1709      5.192      7.530    18.7068 0.0000e+00
      5.250     -0.173     7.5876     86.089    120.198 107.210040    26.8200     1.2947     0.1704     0.4230 1.1602e-01     1.0198      5.149      7.467    18.8970 0.0000e+00
      5.205     -0.172     7.6591     87.328    120.041 107.258466    26.8200     1.3138     0.1704     0.4230 1.1625e-01     1.2011      5.105      7.403    19.0963 0.0000e+00
      5.161     -0.170     7.7244     88.536    119.978 107.333876    26.3700     1.3176     0.1278     0.4653 1.1625e-01     1.1860      5.061      7.340    19.2958 0.0000e+00
      5.117     -0.169     7.7976     89.604    120.021 107.496357    26.3700     1.3176     0.1278     0.4653 1.1612e-01     1.4579      5.019      7.279    19.4703 0.0000e+00
      5.075     -0.167     7.8871     90.416    120.179 107.817222    26.3700     1.3138     0.1278     0.4653 1.1617e-01     1.4881      4.977      7.218    19.5942 0.0000e+00
      5.033     -0.166     7.9884     90.913    120.351 108.282073    26.3700     1.3138     0.1278     0.4653 1.1602e-01     1.3673      4.936      7.159    19.6722 0.0000e+00
      4.992     -0.165     8.0905     91.136    120.423 108.804971    23.9400     1.3138     0.1278     0.5499 1.1602e-01     1.4579      4.895      7.100    19.7265 0.0000e+00
      4.950     -0.165     8.1801     91.203    120.404 109.347454    23.9400     1.3214     0.1278     0.5499 1.1612e-01     1.6392      4.854      7.040    19.7775 0.0000e+00
      4.907     -0.165     8.2423     91.253    120.351 109.924258    23.9400     1.3138     0.1278     0.5499 1.1612e-01     1.6543      4.812      6.980    19.8522 0.0000e+00
      4.865     -0.165     8.2667     91.395    120.285 110.569262    23.9400     1.2947     0.1278     0.5499 1.1617e-01     1.7449      4.771      6.920    19.9812 0.0000e+00
      4.823     -0.165     8.2559     91.695    120.211 111.306540    20.9700     1.3024     0.1278     0.2961 1.1612e-01     1.7449      4.730      6.860    20.1720 0.0000e+00
      4.782     -0.165     8.2242     92.177    120.016 112.002818    20.9700     1.2719     0.1278     0.2961 1.1612e-01     1.8809      4.689      6.801    20.4049 0.0000e+00
      4.740     -0.165     8.1867     92.814    119.672 112.519899    20.9700     1.2642     0.1278     0.2961 1.1600e-01     1.8205      4.648      6.742    20.6650 0.0000e+00
      4.697     -0.166     8.1523     93.498    119.385 112.953735    20.9700     1.2833     0.1278     0.2961 1.1612e-01     1.9111      4.607      6.681    20.9586 0.0000e+00
      4.655     -0.166     8.1254     94.067    119.186 113.352052    20.9700     1.2566     0.1278     0.2961 1.1612e-01     1.7903      4.565      6.621    21.2946 0.0000e+00
      4.612     -0.168     8.1100     94.439    119.067 113.745099    19.5300     1.1879     0.1278     0.4653 1.1605e-01     2.0169      4.523      6.560    21.6610 0.0000e+00
