Data/DataNotYetUploadedToEDI/Raw_CTD/RawDownloads/073123_fcr50_S7809010.cnv
* Sea-Bird SBE19plus  Data File:
* FileName = C:\R\Reservoirs\Data\DataNotYetUploadedToEDI\Raw_CTD\RawDownloads\073123_fcr50_S7809_0010.hex
* Software version 2.8.0.119
* Temperature SN = 7809
* Conductivity SN = 7809
* System UpLoad Time = Aug 03 2023 12:41:26
* <ApplicationData>
* <Seaterm232>
# nquan = 15
# nvalues = 1782                        
# units = specified
# name 0 = depFM: Depth [fresh water, m]
# name 1 = dz/dtM: Descent Rate [m/s]
# name 2 = sbeox0Mg/L: Oxygen, SBE 43 [mg/l]
# name 3 = sbeox0PS: Oxygen, SBE 43 [% saturation]
# name 4 = specc: Specific Conductance [uS/cm]
# name 5 = c0uS/cm: Conductivity [uS/cm]
# name 6 = flECO-AFL: Fluorescence, WET Labs ECO-AFL/FL [mg/m^3]
# name 7 = ph: pH
# name 8 = orp: Oxidation Reduction Potential [mV]
# name 9 = par/sat/log: PAR/Logarithmic, Satlantic
# name 10 = turbWETntu0: Turbidity, WET Labs ECO [NTU]
# name 11 = prdM: Pressure, Strain Gauge [db]
# name 12 = prdE: Pressure, Strain Gauge [psi]
# name 13 = tv290C: Temperature [ITS-90, deg C]
# name 14 = flag:  0.000e+00
# span 0 =     -0.651,      9.504       
# span 1 =     -0.457,      0.294       
# span 2 =     0.2019,     9.7093       
# span 3 =      1.910,    122.685       
# span 4 =      0.617,    316.172       
# span 5 =   0.655340, 228.543461       
# span 6 =    -0.0885,    20.7174       
# span 7 =      6.632,      9.185       
# span 8 = -1240.7425,   324.5864       
# span 9 = 1.2352e-01, 1.2779e+03       
# span 10 =     0.9663,   261.6605      
# span 11 =     -0.639,      9.321      
# span 12 =     -0.926,     13.518      
# span 13 =    11.1114,    28.3903      
# span 14 = 0.0000e+00, 0.0000e+00      
# interval = seconds: 0.25
# start_time = Jul 31 2023 08:31:06 [Instrument's time stamp, header]
# bad_flag = -9.990e-29
*END*
[from data line 1446]
      4.433     -0.099     6.4765     59.163     50.464  36.602211     1.9729      6.702   286.1496 4.8275e+00    10.1180      4.343      6.300    11.2721 0.0000e+00
      4.413     -0.097     6.4755     59.151     50.464  36.602096     1.8903      6.700   285.7834 4.6710e+00    10.2357      4.327      6.275    11.2730 0.0000e+00
      4.394     -0.095     6.4830     59.126     50.434  36.580407     1.8598      6.699   285.2579 4.5514e+00    10.3532      4.312      6.254    11.2699 0.0000e+00
      4.369     -0.095     6.4855     59.106     50.364  36.530336     1.8613      6.698   285.0454 4.4819e+00    10.3442      4.286      6.216    11.2645 0.0000e+00
      4.341     -0.099     6.4825     59.111     50.328  36.504326     1.8921      6.696   285.8809 4.3972e+00    10.2967      4.255      6.171    11.2628 0.0000e+00
      4.315     -0.105     6.4840     59.123     50.349  36.519745     1.9658      6.696   287.3587 4.2792e+00    10.2913      4.231      6.135    11.2627 0.0000e+00
      4.291     -0.107     6.4790     59.141     50.358  36.526405     2.0200      6.696   288.0287 4.1978e+00    10.3139      4.211      6.107    11.2632 0.0000e+00
      4.263     -0.104     6.4753     59.177     50.351  36.521398     2.0487      6.696   287.7006 4.1850e+00    10.3305      4.184      6.068    11.2643 0.0000e+00
      4.229     -0.101     6.4783     59.245     50.354  36.522660     2.0552      6.696   287.1773 4.1784e+00    10.2535      4.146      6.013    11.2640 0.0000e+00
      4.200     -0.099     6.4786     59.314     50.379  36.541666     2.0309      6.696   287.6382 4.1280e+00    10.1000      4.113      5.966    11.2635 0.0000e+00
      4.181     -0.096     6.4811     59.351     50.404  36.560840     2.0132      6.696   288.7985 4.0743e+00    10.0112      4.100      5.945    11.2639 0.0000e+00
      4.164     -0.093     6.4824     59.336     50.410  36.564131     2.0162      6.695   289.1612 4.0981e+00    10.0340      4.089      5.930    11.2639 0.0000e+00
      4.139     -0.091     6.4931     59.270     50.436  36.581452     1.9747      6.693   289.0123 4.1721e+00    10.0677      4.060      5.889    11.2630 0.0000e+00
      4.112     -0.092     6.5014     59.205     50.434  36.579907     1.8864      6.693   288.6329 4.2204e+00    10.0433      4.029      5.844    11.2640 0.0000e+00
      4.090     -0.093     6.5053     59.166     50.386  36.545438     1.8395      6.693   288.0163 4.2704e+00    10.0460      4.011      5.818    11.2657 0.0000e+00
      4.067     -0.090     6.5059     59.117     50.385  36.545424     1.8322      6.693   288.1808 4.3711e+00    10.0667      3.990      5.787    11.2643 0.0000e+00
      4.041     -0.084     6.4946     59.059     50.434  36.579735     1.8900      6.692   289.1598 4.4929e+00    10.1226      3.963      5.746    11.2621 0.0000e+00
      4.017     -0.080     6.4866     59.038     50.436  36.579570     2.0050      6.691   289.9591 4.5905e+00    10.2436      3.937      5.710    11.2619 0.0000e+00
      3.999     -0.079     6.4847     59.043     50.388  36.543422     2.0579      6.691   290.2727 4.6377e+00    10.2996      3.918      5.683    11.2630 0.0000e+00
      3.987     -0.079     6.4802     59.050     50.361  36.523397     2.0626      6.691   290.1127 4.6874e+00    10.3211      3.911      5.673    11.2633 0.0000e+00
      3.971     -0.080     6.4690     59.040     50.366  36.527817     2.0631      6.691   289.5733 4.8440e+00    10.3337      3.901      5.657    11.2627 0.0000e+00
      3.946     -0.084     6.4701     59.019     50.372  36.533416     1.9801      6.691   289.2577 5.0402e+00    10.2807      3.871      5.614    11.2608 0.0000e+00
      3.920     -0.094     6.4709     59.024     50.361  36.527632     1.8246      6.691   289.4792 5.1327e+00    10.1594      3.840      5.570    11.2591 0.0000e+00
      3.898     -0.105     6.4723     59.059     50.350  36.521343     1.7311      6.691   289.8432 5.1853e+00    10.0282      3.824      5.546    11.2594 0.0000e+00
      3.875     -0.110     6.4722     59.109     50.349  36.520838     1.7150      6.692   290.2172 5.3338e+00    10.0264      3.804      5.516    11.2599 0.0000e+00
      3.844     -0.111     6.4658     59.145     50.351  36.521529     1.7460      6.692   290.5594 5.5736e+00    10.1031      3.773      5.472    11.2605 0.0000e+00
      3.807     -0.112     6.4679     59.169     50.364  36.529689     1.8069      6.691   290.1090 5.8119e+00    10.1365      3.733      5.414    11.2630 0.0000e+00
      3.775     -0.113     6.4703     59.201     50.399  36.556054     1.8351      6.690   289.1599 5.9885e+00    10.1223      3.697      5.361    11.2661 0.0000e+00
      3.751     -0.110     6.4786     59.219     50.439  36.586484     1.8301      6.690   289.0635 6.1771e+00    10.0680      3.679      5.335    11.2657 0.0000e+00
      3.727     -0.106     6.4821     59.179     50.429  36.580352     1.8464      6.690   289.8048 6.4577e+00    10.0612      3.658      5.307    11.2638 0.0000e+00
      3.698     -0.106     6.4836     59.111     50.378  36.545363     1.8823      6.690   290.6375 6.7509e+00    10.1427      3.626      5.258    11.2628 0.0000e+00
      3.672     -0.109     6.4877     59.096     50.372  36.544164     1.8890      6.690   291.0439 7.0220e+00    10.1651      3.599      5.219    11.2633 0.0000e+00
      3.649     -0.113     6.4923     59.126     50.397  36.565864     1.8779      6.690   290.5019 7.3657e+00    10.0928      3.581      5.194    11.2655 0.0000e+00
      3.620     -0.113     6.4874     59.142     50.378  36.553927     1.8728      6.689   289.5917 7.7873e+00     9.9854      3.554      5.155    11.2667 0.0000e+00
      3.584     -0.111     6.4729     59.117     50.340  36.526740     1.8773      6.689   289.7606 8.1833e+00     9.8907      3.514      5.097    11.2677 0.0000e+00
      3.549     -0.109     6.4732     59.055     50.288  36.490970     1.8898      6.689   290.4798 8.4800e+00     9.9045      3.474      5.039    11.2712 0.0000e+00
      3.524     -0.105     6.4788     58.977     50.203  36.438699     1.8992      6.689   290.6296 8.7126e+00     9.9130      3.454      5.010    11.2757 0.0000e+00
      3.505     -0.097     6.4806     58.904     50.125  36.402381     1.9987      6.690   290.1092 8.9553e+00     9.7885      3.440      4.990    11.2782 0.0000e+00
      3.481     -0.085     6.4780     58.818     50.054  36.369144     2.1858      6.690   289.2635 9.1976e+00     9.6640      3.414      4.951    11.2773 0.0000e+00
      3.455     -0.071     6.4704     58.647     50.020  36.354115     2.2893      6.689   289.0089 9.3962e+00     9.6369      3.386      4.911    11.2771 0.0000e+00
      3.434     -0.059     6.4598     58.307     50.091  36.411049     2.3095      6.687   289.1819 9.5513e+00     9.6318      3.365      4.881    11.2825 0.0000e+00
      3.420     -0.048     6.4480     57.760     50.203  36.486452     2.3062      6.687   289.5475 9.6451e+00     9.6021      3.350      4.858    11.3098 0.0000e+00
      3.414     -0.037     6.4386     56.986     50.255  36.504354     2.2819      6.687   290.2462 9.6765e+00     9.6192      3.347      4.853    11.3335 0.0000e+00
      3.413     -0.027     6.4230     55.970     50.276  36.500573     2.2571      6.686   290.4884 9.7082e+00     9.6687      3.349      4.857    11.3345 0.0000e+00
      3.409     -0.023     6.3862     54.859     50.296  36.504160     2.2391      6.685   290.1525 9.7705e+00     9.6540      3.344      4.850    11.3475 0.0000e+00
      3.401     -0.026     6.3254     53.940     50.276  36.484260     2.2389      6.683   289.8853 9.8294e+00     9.6121      3.335      4.836    11.3434 0.0000e+00
      3.396     -0.035     6.2492     53.417     50.228  36.450320     2.2218      6.682   289.8390 9.8600e+00     9.6400      3.330      4.828    11.3140 0.0000e+00
      3.391     -0.045     6.1353     53.409     50.165  36.411073     2.1733      6.681   290.0231 9.9518e+00     9.7869      3.329      4.828    11.2944 0.0000e+00
      3.379     -0.054     5.9989     53.899     50.116  36.390453     2.1438      6.680   290.6482 1.0183e+01     9.9539      3.318      4.812    11.2843 0.0000e+00
      3.359     -0.064     5.8942     54.676     50.090  36.391390     2.1400      6.680   291.3748 1.0473e+01     9.9845      3.294      4.777    11.2797 0.0000e+00
      3.338     -0.076     5.8306     55.492     50.022  36.358970     2.1355      6.679   291.5810 1.0750e+01     9.7476      3.272      4.746    11.2802 0.0000e+00
      3.318     -0.089     5.8286     56.172     49.939  36.315751     2.1230      6.678   291.5062 1.1012e+01     9.3444      3.252      4.717    11.2847 0.0000e+00
      3.299     -0.099     5.8904     56.505     49.900  36.313024     2.1225      6.677   291.2456 1.1331e+01     9.1396      3.236      4.693    11.3007 0.0000e+00
      3.275     -0.106     5.9838     56.352     49.877  36.326021     2.1370      6.677   290.8387 1.1818e+01     9.1501      3.218      4.666    11.3260 0.0000e+00
      3.242     -0.111     6.0736     55.725     49.866  36.346036     2.1574      6.676   291.4044 1.2399e+01     9.0609      3.181      4.613    11.3410 0.0000e+00
      3.206     -0.114     6.1570     54.684     49.856  36.364690     2.1778      6.675   292.6648 1.2944e+01     8.8128      3.141      4.556    11.3522 0.0000e+00
      3.174     -0.112     6.1967     53.340     49.819  36.361240     2.1753      6.675   292.9996 1.3444e+01     8.6444      3.112      4.513    11.3810 0.0000e+00
      3.146     -0.105     6.1707     51.794     49.804  36.367795     2.1768      6.675   292.3558 1.3903e+01     8.6301      3.085      4.474    11.4145 0.0000e+00
      3.120     -0.095     6.0994     50.089     49.806  36.380507     2.2384      6.675   291.5051 1.4322e+01     8.6737      3.058      4.436    11.4403 0.0000e+00
      3.098     -0.088     5.9751     48.265     49.815  36.388044     2.3288      6.674   291.6617 1.4682e+01     8.7274      3.036      4.404    11.4686 0.0000e+00
      3.081     -0.083     5.8221     46.438     49.831  36.395478     2.3619      6.673   292.7871 1.4977e+01     8.7324      3.020      4.381    11.4927 0.0000e+00
      3.065     -0.081     5.6493     44.771     49.855  36.406930     2.3564      6.672   293.2390 1.5324e+01     8.6659      3.007      4.362    11.5105 0.0000e+00
      3.045     -0.084     5.4623     43.420     49.935  36.463054     2.4284      6.670   292.9950 1.5750e+01     8.5733      2.987      4.332    11.5232 0.0000e+00
      3.021     -0.089     5.2580     42.517     50.063  36.566431     3.2245      6.669   292.4181 1.6124e+01     8.0568      2.961      4.295    11.5233 0.0000e+00
      2.998     -0.094     5.0534     42.122     50.117  36.641595     4.6663      6.668   291.4262 1.6464e+01     7.1000      2.942      4.265    11.5156 0.0000e+00
      2.973     -0.095     4.8667     42.175     50.086  36.673896     5.4449      6.668   291.0688 1.6878e+01     6.5358      2.918      4.232    11.5097 0.0000e+00
      2.944     -0.093     4.7145     42.514     50.054  36.703229     5.5795      6.668   291.4526 1.7326e+01     6.4268      2.886      4.187    11.5053 0.0000e+00
      2.916     -0.091     4.6130     42.931     50.055  36.742497     6.3770      6.667   291.4201 1.7673e+01     6.1248      2.858      4.144    11.5060 0.0000e+00
      2.895     -0.091     4.5681     43.179     50.057  36.768002     7.8218      6.667   291.1062 1.7798e+01     5.5483      2.835      4.112    11.5446 0.0000e+00
      2.880     -0.091     4.5749     43.065     50.026  36.757814     8.5997      6.668   290.6688 1.7854e+01     5.1611      2.825      4.098    11.6110 0.0000e+00
      2.862     -0.089     4.6119     42.502     50.009  36.746241     8.6744      6.669   289.8312 1.8171e+01     5.0646      2.813      4.080    11.6662 0.0000e+00
      2.833     -0.088     4.6647     41.521     50.027  36.754985     8.8505      6.668   289.3253 1.8671e+01     5.0296      2.779      4.030    11.7055 0.0000e+00
      2.802     -0.088     4.6961     40.339     50.172  36.863532     9.1728      6.667   289.6284 1.9071e+01     4.9770      2.743      3.979    11.7263 0.0000e+00
      2.779     -0.087     4.6857     39.319     50.449  37.106837     9.3494      6.666   290.0543 1.9426e+01     4.9408      2.724      3.951    11.7411 0.0000e+00
      2.762     -0.083     4.6244     38.714     50.714  37.412421     9.3047      6.663   290.0859 1.9921e+01     4.9338      2.709      3.929    11.7380 0.0000e+00
      2.744     -0.078     4.5116     38.569     50.938  37.766359     8.6071      6.661   289.8388 2.0687e+01     5.1993      2.692      3.905    11.7323 0.0000e+00
      2.724     -0.075     4.3662     38.783     50.944  38.023238     7.3233      6.659   288.9589 2.1767e+01     5.7601      2.672      3.875    11.7247 0.0000e+00
      2.704     -0.079     4.2440     39.088     50.556  37.980292     6.6174      6.656   287.6210 2.3020e+01     6.0786      2.650      3.844    11.7422 0.0000e+00
      2.687     -0.085     4.1671     39.048     50.166  37.818513     6.5806      6.654   286.8275 2.4399e+01     6.0779      2.634      3.821    11.8591 0.0000e+00
      2.669     -0.090     4.1370     38.228     50.107  37.780702     6.8117      6.652   286.5912 2.6046e+01     5.8547      2.621      3.802    12.0401 0.0000e+00
      2.643     -0.095     4.1452     36.441     50.137  37.776952     7.2151      6.650   286.4846 2.7871e+01     5.5322      2.596      3.764    12.3070 0.0000e+00
      2.612     -0.100     4.1653     33.761     50.153  37.773137     7.4292      6.649   285.6249 2.9483e+01     5.4232      2.559      3.711    12.6156 0.0000e+00
      2.585     -0.104     4.1696     30.629     50.273  37.861477     7.4611      6.649   283.9396 3.0809e+01     5.4254      2.535      3.676    12.7480 0.0000e+00
      2.561     -0.106     4.0915     27.719     50.439  38.020105     7.5087      6.649   282.7138 3.2101e+01     5.3534      2.515      3.646    12.6965 0.0000e+00
      2.533     -0.105     3.9044     25.445     50.527  38.168137     7.8962      6.649   282.2467 3.3289e+01     4.9288      2.484      3.601    12.6625 0.0000e+00
      2.505     -0.104     3.6053     23.919     50.573  38.318784     8.6186      6.648   282.3359 3.4178e+01     4.2535      2.455      3.560    12.6565 0.0000e+00
      2.479     -0.101     3.2403     23.139     50.661  38.509044     9.0267      6.647   282.5025 3.4828e+01     3.9515      2.431      3.526    12.6363 0.0000e+00
      2.453     -0.097     2.9155     22.935     50.733  38.691815     9.0771      6.645   281.5934 3.5355e+01     3.9764      2.408      3.492    12.6687 0.0000e+00
      2.427     -0.092     2.6688     23.015     50.755  38.878839     9.1360      6.643   279.6896 3.5732e+01     3.9737      2.379      3.450    12.7539 0.0000e+00
      2.402     -0.088     2.4971     23.110     50.759  39.120537     9.2145      6.641   278.5852 3.5855e+01     3.9193      2.354      3.414    12.8797 0.0000e+00
      2.383     -0.089     2.4148     22.990     50.621  39.329828     9.2351      6.640   278.6511 3.5831e+01     3.9328      2.336      3.388    13.0100 0.0000e+00
      2.367     -0.092     2.4011     22.508     50.231  39.378948     9.2351      6.638   279.2813 3.5906e+01     4.0003      2.321      3.367    13.1107 0.0000e+00
      2.348     -0.094     2.4091     21.633     49.818  39.334085     9.2235      6.637   279.7516 3.6263e+01     3.9844      2.306      3.344    13.2734 0.0000e+00
      2.321     -0.097     2.4162     20.416     49.622  39.295439     9.1691      6.636   278.6595 3.6908e+01     3.9121      2.281      3.307    13.5049 0.0000e+00
      2.287     -0.101     2.3925     18.920     49.570  39.229129     9.1269      6.635   276.8324 3.7440e+01     3.8774      2.242      3.251    13.8187 0.0000e+00
      2.256     -0.105     2.3224     17.202     49.560  39.166908     9.0962      6.635   276.2442 3.7455e+01     3.9066      2.208      3.202    14.2267 0.0000e+00
