Data/DataNotYetUploadedToEDI/Raw_CTD/RawDownloads/073124_ccr88_S8188001.cnv
* Sea-Bird SBE19plus  Data File:
* FileName = C:\R\Reservoirs\Data\DataNotYetUploadedToEDI\Raw_CTD\RawDownloads\073124_ccr88_S8188_0001.hex
* Software version 2.8.0.119
* Temperature SN = 8188
* Conductivity SN = 8188
* System UpLoad Time = Aug 02 2024 14:05:05
* <ApplicationData>
* <Seaterm232>
# nquan = 16
# nvalues = 970                         
# units = specified
# name 0 = depFM: Depth [fresh water, m]
# name 1 = dz/dtM: Descent Rate [m/s]
# name 2 = sbeox0Mg/L: Oxygen, SBE 43 [mg/l]
# name 3 = sbeox0PS: Oxygen, SBE 43 [% saturation]
# name 4 = specc: Specific Conductance [uS/cm]
# name 5 = c0uS/cm: Conductivity [uS/cm]
# name 6 = wetCDOM: Fluorescence, WET Labs CDOM [mg/m^3]
# name 7 = flECO-AFL: Fluorescence, WET Labs ECO-AFL/FL [mg/m^3]
# name 8 = flECO-AFL1: Fluorescence, WET Labs ECO-AFL/FL, 2 [mg/m^3]
# name 9 = flECO-AFL2: Fluorescence, WET Labs ECO-AFL/FL, 3 [mg/m^3]
# name 10 = par/sat/log: PAR/Logarithmic, Satlantic
# name 11 = turbWETntu0: Turbidity, WET Labs ECO [NTU]
# name 12 = prdM: Pressure, Strain Gauge [db]
# name 13 = prdE: Pressure, Strain Gauge [psi]
# name 14 = tv290C: Temperature [ITS-90, deg C]
# name 15 = flag:  0.000e+00
# span 0 =     -0.407,     10.806       
# span 1 =     -0.354,      0.138       
# span 2 =     3.9496,     9.1907       
# span 3 =     37.139,    117.704       
# span 4 =   -424.361,    124.957       
# span 5 =-458.553192, 126.714101       
# span 6 =    -4.5000,    27.8100       
# span 7 =    -1.1467,   245.0958       
# span 8 =    -2.1300,     3.1950       
# span 9 =    -2.0304,     2.4957       
# span 10 = 4.1653e-01, 2.8338e+03      
# span 11 =    -6.1104,   970.7470      
# span 12 =     -0.399,     10.597      
# span 13 =     -0.580,     15.370      
# span 14 =    12.4245,    34.9858      
# span 15 = 0.0000e+00, 0.0000e+00      
# interval = seconds: 0.25
# start_time = Jul 31 2024 12:28:20 [Instrument's time stamp, header]
# bad_flag = -9.990e-29
*END*
[from data line 452]
      2.739      0.092     8.0867    102.301    116.505 122.121019    11.5200     0.4975     0.0426     0.0846 4.0961e+02    -0.2340      2.686      3.897    27.4081 0.0000e+00
      2.763      0.093     8.0950    102.221    116.474 122.082092    11.5200     0.4822     0.0000     0.2115 4.6513e+02    -0.2642      2.710      3.930    27.4078 0.0000e+00
      2.787      0.094     8.0973    102.141    116.467 122.066306    11.5200     0.4746     0.0000     0.2115 4.6141e+02    -0.2038      2.733      3.965    27.4071 0.0000e+00
      2.812      0.095     8.0950    102.087    116.482 122.073452    11.5200     0.4975     0.0000     0.2115 5.0671e+02    -0.2038      2.757      4.000    27.4056 0.0000e+00
      2.837      0.095     8.0905    102.069    116.506 122.089430    11.5200     0.4860     0.0000     0.2115 4.2180e+02    -0.2189      2.782      4.035    27.4034 0.0000e+00
      2.861      0.093     8.0845    102.089    116.524 122.100496    11.5200     0.4975     0.0852     0.2115 4.8379e+02    -0.2340      2.806      4.070    27.4007 0.0000e+00
      2.886      0.092     8.0787    102.152    116.532 122.101598    11.5200     0.5013     0.0852     0.2115 3.9407e+02    -0.3246      2.830      4.105    27.3972 0.0000e+00
      2.909      0.089     8.0750    102.238    116.532 122.095031    11.5200     0.4784     0.0852     0.2115 4.6463e+02    -0.2944      2.853      4.138    27.3933 0.0000e+00
      2.931      0.087     8.0741    102.306    116.533 122.089045    11.5200     0.4936     0.0852     0.2115 4.2189e+02    -0.3397      2.875      4.169    27.3894 0.0000e+00
      2.952      0.086     8.0762    102.323    116.535 122.084046    11.5200     0.4936     0.0852     0.2115 5.3523e+02    -0.1887      2.895      4.199    27.3860 0.0000e+00
      2.973      0.085     8.0816    102.274    116.536 122.076698    11.5200     0.4860     0.0852     0.2538 4.2465e+02    -0.2189      2.916      4.229    27.3831 0.0000e+00
      2.994      0.086     8.0888    102.165    116.526 122.057039    11.5200     0.5432     0.0852     0.2538 4.3521e+02    -0.2944      2.937      4.259    27.3803 0.0000e+00
      3.016      0.087     8.0946    102.010    116.501 122.021828    11.5200     0.5432     0.0852     0.2538 4.5811e+02    -0.1736      2.958      4.290    27.3774 0.0000e+00
      3.039      0.088     8.0964    101.841    116.471 121.981679    11.5200     0.5089     0.0852     0.2538 4.0783e+02    -0.2642      2.980      4.322    27.3741 0.0000e+00
      3.062      0.088     8.0931    101.686    116.446 121.947891    11.5200     0.5165     0.0426     0.1269 4.0185e+02    -0.3246      3.003      4.355    27.3706 0.0000e+00
      3.085      0.089     8.0849    101.555    116.433 121.927456    11.5200     0.5089     0.0426     0.1269 4.0677e+02    -0.2642      3.025      4.388    27.3668 0.0000e+00
      3.108      0.089     8.0733    101.454    116.427 121.914925    11.5200     0.5394     0.0426     0.1269 4.5287e+02    -0.2944      3.048      4.420    27.3630 0.0000e+00
      3.130      0.088     8.0604    101.393    116.421 121.902955    11.5200     0.5280     0.0426     0.1269 3.8234e+02    -0.2944      3.070      4.453    27.3592 0.0000e+00
      3.153      0.088     8.0486    101.375    116.413 121.888354    11.6100     0.5203     0.0426     0.2115 4.0651e+02    -0.2491      3.091      4.484    27.3559 0.0000e+00
      3.175      0.088     8.0387    101.380    116.398 121.867228    11.6100     0.5661     0.0426     0.2115 4.4448e+02    -0.2491      3.113      4.515    27.3529 0.0000e+00
      3.197      0.089     8.0311    101.370    116.380 121.841945    11.6100     0.5280     0.0426     0.2115 3.8468e+02    -0.2340      3.135      4.547    27.3502 0.0000e+00
      3.219      0.091     8.0266    101.324    116.369 121.825767    11.6100     0.5623     0.0426     0.2115 4.1589e+02    -0.3246      3.157      4.579    27.3476 0.0000e+00
      3.242      0.092     8.0255    101.247    116.363 121.814379    11.6100     0.5432     0.0426     0.2115 3.9544e+02    -0.2340      3.179      4.612    27.3451 0.0000e+00
      3.266      0.094     8.0263    101.133    116.349 121.796743    11.6100     0.5242     0.0426     0.2538 4.2318e+02    -0.2793      3.203      4.646    27.3426 0.0000e+00
      3.291      0.095     8.0258    100.952    116.339 121.784159    11.6100     0.5432     0.0426     0.2538 3.8846e+02    -0.3095      3.227      4.681    27.3402 0.0000e+00
      3.316      0.096     8.0225    100.692    116.342 121.785273    11.6100     0.5509     0.0426     0.2538 3.6808e+02    -0.2793      3.251      4.716    27.3380 0.0000e+00
      3.341      0.095     8.0166    100.386    116.362 121.804385    11.6100     0.5165     0.0426     0.2538 3.9518e+02    -0.2944      3.276      4.752    27.3362 0.0000e+00
      3.365      0.095     8.0078    100.077    116.392 121.834587    11.7900     0.5242     0.0426     0.2115 3.7862e+02    -0.2642      3.300      4.786    27.3347 0.0000e+00
      3.389      0.094     7.9937     99.808    116.414 121.855926    11.7900     0.5432     0.0426     0.2115 3.8276e+02    -0.3549      3.323      4.820    27.3334 0.0000e+00
      3.412      0.094     7.9732     99.617    116.430 121.870093    11.7900     0.5509     0.0426     0.2115 3.9811e+02    -0.3549      3.346      4.854    27.3325 0.0000e+00
      3.436      0.093     7.9491     99.506    116.453 121.892868    11.7900     0.5165     0.0426     0.2115 3.4290e+02    -0.3095      3.369      4.887    27.3319 0.0000e+00
      3.460      0.093     7.9247     99.459    116.482 121.920321    11.7000     0.5089     0.0426     0.2115 3.6912e+02    -0.0829      3.393      4.921    27.3313 0.0000e+00
      3.483      0.093     7.9035     99.461    116.497 121.933767    11.7000     0.5547     0.0426     0.2115 3.4990e+02    -0.0074      3.416      4.954    27.3306 0.0000e+00
      3.507      0.093     7.8885     99.502    116.492 121.926788    11.7000     0.5318     0.0426     0.2115 3.5296e+02     0.0077      3.439      4.988    27.3297 0.0000e+00
      3.531      0.093     7.8798     99.585    116.475 121.907527    11.7000     0.5547     0.0426     0.2115 3.6545e+02    -0.0376      3.462      5.022    27.3288 0.0000e+00
      3.555      0.093     7.8762     99.708    116.453 121.882848    11.8800     0.5280     0.0000     0.2115 3.3184e+02    -0.0376      3.486      5.056    27.3280 0.0000e+00
      3.578      0.093     7.8765     99.848    116.432 121.858175    11.8800     0.5547     0.0000     0.2115 3.5635e+02    -0.1283      3.509      5.090    27.3271 0.0000e+00
      3.602      0.094     7.8799     99.980    116.427 121.850934    11.8800     0.5203     0.0000     0.2115 3.3162e+02    -0.1131      3.532      5.123    27.3263 0.0000e+00
      3.626      0.095     7.8866    100.089    116.441 121.863193    11.8800     0.5509     0.0000     0.2115 3.3846e+02    -0.0074      3.555      5.157    27.3255 0.0000e+00
      3.650      0.096     7.8964    100.158    116.457 121.878217    11.8800     0.5966     0.0000     0.2115 3.3927e+02    -0.0980      3.579      5.191    27.3246 0.0000e+00
      3.674      0.097     7.9076    100.164    116.470 121.888011    11.8800     0.5966     0.0426     0.2115 3.6276e+02    -0.0678      3.603      5.226    27.3236 0.0000e+00
      3.699      0.099     7.9182    100.100    116.477 121.891183    11.8800     0.6081     0.0426     0.2115 3.1143e+02    -0.0376      3.627      5.261    27.3226 0.0000e+00
      3.724      0.101     7.9270     99.993    116.478 121.888580    11.8800     0.5814     0.0426     0.2115 3.2057e+02    -0.0225      3.652      5.297    27.3218 0.0000e+00
      3.750      0.102     7.9326     99.882    116.480 121.887509    11.8800     0.5852     0.0426     0.2115 3.5181e+02     0.0379      3.678      5.334    27.3208 0.0000e+00
      3.777      0.102     7.9333     99.796    116.489 121.893685    11.9700     0.5928     0.0426     0.2961 3.0700e+02    -0.0678      3.704      5.372    27.3195 0.0000e+00
      3.804      0.102     7.9285     99.754    116.496 121.898754    11.9700     0.6081     0.0426     0.2961 2.9703e+02    -0.0527      3.730      5.410    27.3178 0.0000e+00
      3.830      0.102     7.9202     99.769    116.501 121.902065    11.9700     0.6233     0.0426     0.2961 3.4455e+02    -0.0376      3.755      5.447    27.3161 0.0000e+00
      3.855      0.102     7.9117     99.832    116.507 121.906503    11.9700     0.5928     0.0426     0.2961 2.9722e+02    -0.0527      3.780      5.483    27.3146 0.0000e+00
      3.881      0.103     7.9050     99.918    116.512 121.909251    12.0600     0.6005     0.0000     0.1269 2.9819e+02    -0.0074      3.805      5.519    27.3133 0.0000e+00
      3.907      0.103     7.9018    100.002    116.516 121.911039    12.0600     0.6081     0.0000     0.1269 3.2470e+02     0.0228      3.831      5.556    27.3123 0.0000e+00
      3.933      0.104     7.9031    100.071    116.516 121.908345    12.0600     0.5966     0.0000     0.1269 2.8925e+02    -0.0980      3.857      5.594    27.3115 0.0000e+00
      3.960      0.105     7.9083    100.118    116.504 121.892447    12.0600     0.6005     0.0000     0.1269 2.7876e+02    -0.0678      3.883      5.633    27.3107 0.0000e+00
      3.988      0.106     7.9152    100.146    116.490 121.875111    12.0600     0.5928     0.0000     0.1269 3.0368e+02    -0.0980      3.910      5.672    27.3097 0.0000e+00
      4.015      0.106     7.9220    100.166    116.490 121.871716    12.0600     0.6233     0.0426     0.1692 2.9108e+02    -0.0074      3.937      5.710    27.3086 0.0000e+00
      4.042      0.107     7.9276    100.188    116.503 121.881358    12.0600     0.6081     0.0426     0.1692 2.6702e+02     0.0228      3.963      5.748    27.3074 0.0000e+00
      4.068      0.107     7.9316    100.218    116.529 121.902606    12.0600     0.5852     0.0426     0.1692 2.9350e+02    -0.0527      3.989      5.786    27.3061 0.0000e+00
      4.095      0.108     7.9339    100.250    116.552 121.921123    12.0600     0.6081     0.0426     0.1692 2.6807e+02    -0.0376      4.016      5.825    27.3048 0.0000e+00
      4.123      0.108     7.9357    100.271    116.569 121.933842    12.0600     0.5814     0.0426     0.2961 2.6294e+02     0.0832      4.043      5.864    27.3034 0.0000e+00
      4.151      0.108     7.9377    100.259    116.581 121.942156    12.0600     0.5928     0.0426     0.2961 2.8273e+02    -0.0376      4.071      5.905    27.3016 0.0000e+00
      4.179      0.107     7.9404    100.185    116.577 121.934277    12.0600     0.5928     0.0426     0.2961 2.6982e+02    -0.0678      4.099      5.944    27.2993 0.0000e+00
      4.207      0.105     7.9433    100.037    116.561 121.914106    12.0600     0.6005     0.0426     0.2961 2.7094e+02    -0.1131      4.125      5.983    27.2969 0.0000e+00
      4.234      0.103     7.9453     99.831    116.545 121.894268    12.0600     0.5852     0.0426     0.1692 2.7094e+02     0.0228      4.152      6.022    27.2947 0.0000e+00
      4.260      0.101     7.9446     99.615    116.531 121.877475    12.0600     0.5776     0.0426     0.1692 2.4426e+02    -0.0074      4.177      6.059    27.2928 0.0000e+00
      4.285      0.100     7.9390     99.438    116.520 121.863248    12.0600     0.5623     0.0426     0.1692 2.6345e+02     0.0983      4.202      6.095    27.2912 0.0000e+00
      4.310      0.099     7.9274     99.330    116.524 121.863798    12.0600     0.5814     0.0426     0.1692 2.6208e+02     0.1890      4.226      6.130    27.2897 0.0000e+00
      4.334      0.099     7.9113     99.311    116.543 121.879272    12.0600     0.6005     0.0426     0.2961 2.5622e+02     0.2343      4.250      6.165    27.2885 0.0000e+00
      4.359      0.100     7.8943     99.387    116.554 121.885789    12.0600     0.6081     0.0426     0.2961 2.5728e+02     0.1890      4.275      6.200    27.2875 0.0000e+00
      4.385      0.102     7.8804     99.537    116.545 121.869082    12.0600     0.5852     0.0426     0.2961 2.4437e+02     0.2796      4.300      6.237    27.2864 0.0000e+00
      4.411      0.104     7.8720     99.708    116.523 121.836700    12.0600     0.5928     0.0426     0.2961 2.4779e+02     0.2343      4.326      6.274    27.2849 0.0000e+00
      4.438      0.105     7.8708     99.843    116.498 121.800011    12.0600     0.6081     0.0426     0.2961 2.3912e+02     0.1739      4.352      6.312    27.2829 0.0000e+00
      4.466      0.105     7.8773     99.896    116.478 121.765235    12.1500     0.6081     0.0000     0.2961 2.4758e+02     0.3098      4.379      6.351    27.2804 0.0000e+00
      4.493      0.104     7.8895     99.854    116.467 121.739101    12.1500     0.6615     0.0000     0.2961 2.3438e+02     0.5062      4.406      6.391    27.2773 0.0000e+00
      4.521      0.102     7.9037     99.727    116.454 121.714638    12.1500     0.6577     0.0000     0.2961 2.2613e+02     0.4005      4.433      6.430    27.2735 0.0000e+00
      4.547      0.099     7.9151     99.529    116.421 121.669318    12.1500     0.6920     0.0000     0.2961 2.3418e+02     0.5515      4.459      6.467    27.2687 0.0000e+00
      4.571      0.096     7.9201     99.279    116.374 121.607062    12.1500     0.6272     0.0426     0.3384 2.2875e+02     0.5515      4.483      6.502    27.2629 0.0000e+00
      4.594      0.094     7.9176     99.017    116.346 121.559276    12.1500     0.6729     0.0426     0.3384 2.2647e+02     0.4911      4.505      6.534    27.2569 0.0000e+00
      4.616      0.092     7.9082     98.771    116.346 121.537224    12.1500     0.6844     0.0426     0.3384 2.2766e+02     0.4458      4.527      6.566    27.2519 0.0000e+00
      4.639      0.092     7.8931     98.528    116.360 121.531020    12.1500     0.6691     0.0426     0.3384 2.2335e+02     0.5364      4.550      6.599    27.2476 0.0000e+00
      4.663      0.092     7.8741     98.268    116.380 121.535009    12.1500     0.6577     0.0426     0.2538 2.2628e+02     0.5062      4.573      6.633    27.2421 0.0000e+00
      4.687      0.093     7.8544     98.005    116.403 121.546253    12.1500     0.6424     0.0426     0.2538 2.1482e+02     0.6724      4.597      6.667    27.2339 0.0000e+00
      4.711      0.094     7.8362     97.755    116.414 121.547745    12.1500     0.6653     0.0426     0.2538 2.1264e+02     0.8386      4.620      6.700    27.2244 0.0000e+00
      4.734      0.096     7.8182     97.514    116.411 121.535881    12.1500     0.6577     0.0426     0.2538 2.2122e+02     0.5969      4.643      6.734    27.2155 0.0000e+00
      4.758      0.097     7.7986     97.281    116.418 121.535504    12.1500     0.6424     0.0426     0.2538 2.1590e+02     0.6724      4.667      6.768    27.2083 0.0000e+00
      4.783      0.098     7.7785     97.067    116.437 121.550514    12.2400     0.7149     0.0000     0.3384 2.0794e+02     0.8386      4.691      6.804    27.2027 0.0000e+00
      4.810      0.099     7.7593     96.888    116.453 121.564909    12.2400     0.7149     0.0000     0.3384 2.1016e+02     0.6271      4.717      6.841    27.1982 0.0000e+00
      4.836      0.100     7.7407     96.756    116.454 121.562522    12.2400     0.7073     0.0000     0.3384 2.0241e+02     0.6573      4.742      6.878    27.1945 0.0000e+00
      4.861      0.101     7.7226     96.660    116.445 121.548718    12.2400     0.7149     0.0000     0.3384 2.0000e+02     0.7177      4.767      6.914    27.1915 0.0000e+00
      4.886      0.102     7.7058     96.589    116.448 121.545822    12.6900     0.7225     0.0426     0.2538 2.0825e+02     0.9896      4.791      6.949    27.1893 0.0000e+00
      4.912      0.103     7.6919     96.549    116.456 121.547060    12.6900     0.6996     0.0426     0.2538 1.9621e+02     0.9745      4.816      6.986    27.1879 0.0000e+00
      4.938      0.105     7.6816     96.550    116.447 121.530757    12.6900     0.7149     0.0426     0.2538 1.9515e+02     0.9292      4.843      7.024    27.1866 0.0000e+00
