Data/DataNotYetUploadedToEDI/Raw_CTD/RawDownloads/073124_ccr88_S8188004.cnv
* Sea-Bird SBE19plus  Data File:
* FileName = C:\R\Reservoirs\Data\DataNotYetUploadedToEDI\Raw_CTD\RawDownloads\073124_ccr88_S8188_0004.hex
* Software version 2.8.0.119
* Temperature SN = 8188
* Conductivity SN = 8188
* System UpLoad Time = Aug 02 2024 14:05:55
* <ApplicationData>
* <Seaterm232>
# nquan = 16
# nvalues = 1145                        
# units = specified
# name 0 = depFM: Depth [fresh water, m]
# name 1 = dz/dtM: Descent Rate [m/s]
# name 2 = sbeox0Mg/L: Oxygen, SBE 43 [mg/l]
# name 3 = sbeox0PS: Oxygen, SBE 43 [% saturation]
# name 4 = specc: Specific Conductance [uS/cm]
# name 5 = c0uS/cm: Conductivity [uS/cm]
# name 6 = wetCDOM: Fluorescence, WET Labs CDOM [mg/m^3]
# name 7 = flECO-AFL: Fluorescence, WET Labs ECO-AFL/FL [mg/m^3]
# name 8 = flECO-AFL1: Fluorescence, WET Labs ECO-AFL/FL, 2 [mg/m^3]
# name 9 = flECO-AFL2: Fluorescence, WET Labs ECO-AFL/FL, 3 [mg/m^3]
# name 10 = par/sat/log: PAR/Logarithmic, Satlantic
# name 11 = turbWETntu0: Turbidity, WET Labs ECO [NTU]
# name 12 = prdM: Pressure, Strain Gauge [db]
# name 13 = prdE: Pressure, Strain Gauge [psi]
# name 14 = tv290C: Temperature [ITS-90, deg C]
# name 15 = flag:  0.000e+00
# span 0 =     -0.463,     11.010       
# span 1 =     -0.298,      0.232       
# span 2 =     1.3246,     9.1978       
# span 3 =     12.415,    119.771       
# span 4 =   -423.429,    147.628       
# span 5 =-457.634036, 127.551483       
# span 6 =    -4.5000,   216.9000       
# span 7 =    -0.2922,     6.4103       
# span 8 =    -2.1300,     9.8832       
# span 9 =    -2.0304,     2.0727       
# span 10 = 1.1585e-01, 1.6648e+00      
# span 11 =    -1.1706,   693.6648      
# span 12 =     -0.454,     10.797      
# span 13 =     -0.659,     15.660      
# span 14 =    12.3015,    29.1101      
# span 15 = 0.0000e+00, 0.0000e+00      
# interval = seconds: 0.25
# start_time = Jul 31 2024 20:38:45 [Instrument's time stamp, header]
# bad_flag = -9.990e-29
*END*
[from data line 362]
      0.107     -0.003     5.8696    108.787    117.850 127.193437    10.8000     0.4517     0.0426     0.1269 1.0010e+00    -0.1736      0.105      0.152    28.4324 0.0000e+00
      0.106     -0.002     6.4449    114.665    117.767 127.221468    10.8000     0.4593     0.0852     0.1269 9.2427e-01    -0.1736      0.104      0.151    28.6189 0.0000e+00
      0.106     -0.002     7.1138    118.342    117.707 127.230809    10.8000     0.4669     0.0852     0.1269 9.4416e-01    -0.1736      0.104      0.150    28.7712 0.0000e+00
      0.105     -0.001     7.7805    119.771    117.678 127.245963    10.8000     0.4708     0.0852     0.1269 9.4560e-01    -0.1585      0.103      0.150    28.8822 0.0000e+00
      0.105     -0.001     8.3646    119.260    117.670 127.266970    10.8000     0.5318     0.0852     0.1269 9.4601e-01    -0.1887      0.103      0.150    28.9578 0.0000e+00
      0.105     -0.001     8.8110    117.432    117.671 127.285424    10.8000     0.5356     0.0426     0.2115 9.6595e-01    -0.2189      0.103      0.149    29.0072 0.0000e+00
      0.105     -0.001     9.0901    115.034    117.678 127.304245    10.8000     0.5242     0.0426     0.2115 9.5531e-01    -0.0376      0.103      0.149    29.0388 0.0000e+00
      0.104     -0.000     9.1978    112.650    117.695 127.328453    10.8000     0.5165     0.0426     0.2115 9.4828e-01    -0.1585      0.102      0.148    29.0587 0.0000e+00
      0.104      0.000     9.1572    110.590    117.705 127.342492    10.8000     0.5242     0.0426     0.2115 9.5676e-01    -0.0829      0.102      0.148    29.0710 0.0000e+00
      0.104      0.001     9.0161    108.950    117.701 127.338101    10.8000     0.5356     0.0426     0.2115 9.7672e-01    -0.1283      0.102      0.149    29.0786 0.0000e+00
      0.105      0.002     8.8315    107.711    117.698 127.334117    10.8000     0.5127     0.0426     0.0846 9.6616e-01    -0.1585      0.103      0.149    29.0831 0.0000e+00
      0.105      0.002     8.6482    106.810    117.707 127.343485    10.8000     0.5356     0.0426     0.0846 9.4910e-01     0.0077      0.103      0.150    29.0856 0.0000e+00
      0.106      0.003     8.4900    106.177    117.719 127.354697    10.8000     0.4708     0.0426     0.0846 9.7143e-01    -0.1736      0.104      0.151    29.0868 0.0000e+00
      0.107      0.003     8.3641    105.735    117.717 127.350731    10.8000     0.4593     0.0426     0.0846 9.8396e-01    -0.1736      0.105      0.152    29.0871 0.0000e+00
      0.108      0.004     8.2690    105.409    117.706 127.338536    10.8000     0.4975     0.0426     0.1269 9.6595e-01    -0.0678      0.105      0.153    29.0868 0.0000e+00
      0.108      0.004     8.2000    105.164    117.698 127.328864    10.8000     0.4440     0.0426     0.1269 9.4601e-01    -0.0678      0.106      0.154    29.0863 0.0000e+00
      0.109      0.004     8.1515    105.000    117.691 127.319138    10.8000     0.4517     0.0426     0.1269 9.9406e-01    -0.2038      0.107      0.156    29.0856 0.0000e+00
      0.111      0.004     8.1176    104.895    117.681 127.306762    10.8000     0.4784     0.0426     0.1269 9.3498e-01    -0.1131      0.108      0.157    29.0851 0.0000e+00
      0.112      0.005     8.0926    104.815    117.673 127.296442    10.8000     0.4479     0.0426     0.0846 9.4416e-01    -0.1131      0.110      0.159    29.0847 0.0000e+00
      0.113      0.005     8.0739    104.740    117.681 127.303434    10.8000     0.4593     0.0426     0.0846 9.6114e-01    -0.1585      0.111      0.161    29.0842 0.0000e+00
      0.115      0.005     8.0614    104.673    117.703 127.325601    10.8000     0.4784     0.0426     0.0846 9.6197e-01    -0.2189      0.112      0.163    29.0836 0.0000e+00
      0.116      0.004     8.0535    104.623    117.718 127.340838    10.8000     0.4784     0.0426     0.0846 9.6637e-01    -0.0980      0.113      0.164    29.0829 0.0000e+00
      0.117      0.004     8.0474    104.600    117.719 127.341205    10.8000     0.4631     0.0426     0.0846 1.0060e+00    -0.0980      0.115      0.166    29.0822 0.0000e+00
      0.118      0.004     8.0418    104.606    117.725 127.346807    10.8000     0.4517     0.0426     0.1269 9.5718e-01    -0.0678      0.116      0.168    29.0815 0.0000e+00
      0.119      0.004     8.0367    104.624    117.752 127.375149    10.8000     0.4669     0.0426     0.1269 9.5137e-01    -0.0980      0.117      0.169    29.0808 0.0000e+00
      0.120      0.003     8.0329    104.633    117.792 127.417778    10.8000     0.4517     0.0426     0.1269 9.9991e-01    -0.1283      0.118      0.171    29.0802 0.0000e+00
      0.121      0.003     8.0312    104.633    117.821 127.448045    10.8000     0.4440     0.0426     0.1269 9.5323e-01    -0.1283      0.119      0.172    29.0798 0.0000e+00
      0.121      0.003     8.0317    104.641    117.820 127.446006    10.8000     0.4555     0.0426     0.1269 9.7016e-01    -0.0980      0.119      0.173    29.0794 0.0000e+00
      0.122      0.003     8.0332    104.666    117.810 127.433127    10.8000     0.5280     0.0426     0.1269 9.4109e-01    -0.1283      0.120      0.174    29.0792 0.0000e+00
      0.123      0.003     8.0339    104.703    117.808 127.427987    10.8000     0.5356     0.0426     0.1269 9.4931e-01    -0.1131      0.120      0.175    29.0790 0.0000e+00
      0.123      0.004     8.0339    104.747    117.798 127.415206    10.8000     0.5242     0.0426     0.1269 9.5989e-01    -0.0829      0.121      0.176    29.0786 0.0000e+00
      0.124      0.004     8.0345    104.784    117.779 127.393379    10.8000     0.5280     0.0852     0.1269 9.5593e-01    -0.1585      0.122      0.177    29.0780 0.0000e+00
      0.125      0.005     8.0366    104.794    117.773 127.386697    10.8000     0.4555     0.0852     0.1269 9.5344e-01    -0.2189      0.123      0.178    29.0772 0.0000e+00
      0.127      0.006     8.0396    104.762    117.785 127.399384    10.8000     0.4669     0.0852     0.1269 9.8589e-01    -0.0678      0.124      0.180    29.0762 0.0000e+00
      0.128      0.008     8.0431    104.704    117.785 127.400804    10.8000     0.4898     0.0852     0.1269 9.6428e-01    -0.0829      0.126      0.183    29.0754 0.0000e+00
      0.130      0.010     8.0461    104.661    117.766 127.381333    10.8000     0.4402     0.0426     0.0846 9.8889e-01    -0.2038      0.128      0.185    29.0748 0.0000e+00
      0.133      0.012     8.0469    104.658    117.751 127.365792    10.8000     0.5356     0.0426     0.0846 9.7375e-01    -0.0074      0.130      0.189    29.0745 0.0000e+00
      0.136      0.015     8.0444    104.708    117.751 127.368047    10.8000     0.5394     0.0426     0.0846 9.5655e-01    -0.0376      0.133      0.193    29.0744 0.0000e+00
      0.140      0.019     8.0399    104.802    117.759 127.378695    10.8000     0.5051     0.0426     0.0846 9.4869e-01    -0.0678      0.137      0.198    29.0747 0.0000e+00
      0.145      0.025     8.0365    104.912    117.765 127.386567    10.8000     0.5318     0.0426     0.0846 9.5947e-01    -0.2038      0.142      0.205    29.0752 0.0000e+00
      0.151      0.031     8.0362    105.003    117.777 127.403767    10.8000     0.4517     0.0426     0.2115 9.7481e-01    -0.1585      0.148      0.214    29.0759 0.0000e+00
      0.159      0.040     8.0400    105.054    117.803 127.436884    10.8000     0.4746     0.0426     0.2115 9.5739e-01    -0.1434      0.156      0.226    29.0766 0.0000e+00
      0.169      0.051     8.0471    105.071    117.819 127.460731    10.8000     0.4708     0.0426     0.2115 9.9926e-01    -0.1887      0.166      0.240    29.0774 0.0000e+00
      0.182      0.064     8.0554    105.064    117.824 127.475665    10.8000     0.4669     0.0426     0.2115 9.7757e-01    -0.0376      0.179      0.259    29.0783 0.0000e+00
      0.199      0.079     8.0622    105.035    117.843 127.505679    10.8000     0.4669     0.0426     0.0846 8.9424e-01    -0.0527      0.196      0.284    29.0797 0.0000e+00
      0.221      0.095     8.0658    104.989    117.861 127.534766    10.8000     0.5013     0.0426     0.0846 7.6722e-01    -0.0678      0.217      0.314    29.0818 0.0000e+00
      0.247      0.112     8.0667    104.954    117.861 127.542668    10.8000     0.4669     0.0426     0.0846 6.5511e-01    -0.0678      0.242      0.351    29.0848 0.0000e+00
      0.278      0.129     8.0656    104.950    117.856 127.543499    10.8000     0.4593     0.0426     0.0846 6.4550e-01    -0.0074      0.273      0.396    29.0886 0.0000e+00
      0.314      0.144     8.0627    104.964    117.854 127.545484    10.8900     0.4440     0.0426     0.1692 6.5411e-01    -0.1434      0.308      0.447    29.0929 0.0000e+00
      0.354      0.158     8.0587    104.967    117.855 127.549153    10.8900     0.4784     0.0426     0.1692 6.5511e-01    -0.1434      0.347      0.503    29.0969 0.0000e+00
      0.397      0.168     8.0556    104.945    117.855 127.551483    10.8900     0.4517     0.0426     0.1692 6.1004e-01    -0.2038      0.390      0.565    29.1002 0.0000e+00
      0.443      0.176     8.0549    104.920    117.839 127.537085    10.8900     0.4479     0.0426     0.1692 5.7416e-01    -0.1283      0.435      0.630    29.1027 0.0000e+00
      0.490      0.180     8.0557    104.928    117.812 127.510124    10.8900     0.4631     0.0426     0.1692 5.5321e-01    -0.1434      0.481      0.697    29.1045 0.0000e+00
      0.538      0.182     8.0557    104.981    117.796 127.495428    10.8000     0.4593     0.0426     0.1269 5.1639e-01    -0.1585      0.527      0.765    29.1056 0.0000e+00
      0.585      0.181     8.0539    105.057    117.790 127.489076    10.8000     0.4517     0.0426     0.1269 4.8548e-01    -0.1131      0.574      0.832    29.1065 0.0000e+00
      0.632      0.179     8.0518    105.130    117.776 127.473368    10.8000     0.4860     0.0426     0.1269 4.7155e-01    -0.1736      0.620      0.899    29.1077 0.0000e+00
      0.677      0.175     8.0523    105.190    117.764 127.460121    10.8000     0.5356     0.0426     0.1269 4.3014e-01    -0.0376      0.664      0.963    29.1091 0.0000e+00
      0.721      0.172     8.0562    105.234    117.752 127.445805    10.8000     0.5165     0.0000     0.2115 4.0873e-01    -0.1434      0.708      1.026    29.1099 0.0000e+00
      0.764      0.169     8.0620    105.252    117.724 127.414594    10.8000     0.5127     0.0000     0.2115 4.1752e-01    -0.2038      0.749      1.086    29.1101 0.0000e+00
      0.805      0.166     8.0676    105.231    117.695 127.382177    10.8000     0.5089     0.0000     0.2115 4.0352e-01    -0.1887      0.790      1.145    29.1099 0.0000e+00
      0.847      0.165     8.0723    105.170    117.677 127.361920    10.8000     0.5509     0.0000     0.2115 4.3541e-01    -0.0980      0.830      1.204    29.1095 0.0000e+00
      0.889      0.165     8.0758    105.079    117.672 127.356427    10.8000     0.5203     0.0426     0.0423 4.0291e-01    -0.1283      0.872      1.264    29.1091 0.0000e+00
      0.931      0.165     8.0772    104.988    117.685 127.370235    10.8000     0.5203     0.0426     0.0423 3.6410e-01    -0.1585      0.913      1.324    29.1087 0.0000e+00
      0.973      0.166     8.0756    104.938    117.709 127.397020    10.8000     0.5280     0.0426     0.0423 3.6268e-01    -0.0376      0.954      1.384    29.1083 0.0000e+00
      1.015      0.167     8.0710    104.940    117.725 127.415911    10.8000     0.4517     0.0426     0.0423 3.5986e-01    -0.1131      0.995      1.444    29.1080 0.0000e+00
      1.057      0.169     8.0640    104.979    117.720 127.409936    10.8000     0.4669     0.0426     0.2961 3.4545e-01    -0.1283      1.036      1.503    29.1079 0.0000e+00
      1.100      0.172     8.0570    105.040    117.706 127.391507    10.8000     0.4784     0.0426     0.2961 3.3898e-01    -0.1887      1.079      1.565    29.1079 0.0000e+00
      1.144      0.175     8.0531    105.123    117.715 127.391729    10.8000     0.4593     0.0426     0.2961 3.6577e-01    -0.2340      1.122      1.628    29.1083 0.0000e+00
      1.189      0.178     8.0532    105.220    117.733 127.398654    10.8000     0.5165     0.0426     0.2961 3.2754e-01    -0.1736      1.166      1.691    29.1089 0.0000e+00
      1.235      0.181     8.0562    105.306    117.732 127.380111    10.8000     0.5165     0.0426     0.2961 3.3671e-01    -0.0678      1.211      1.756    29.1088 0.0000e+00
      1.281      0.185     8.0612    105.349    117.717 127.343159    10.8000     0.5242     0.0426     0.0846 3.3394e-01    -0.1434      1.257      1.823    29.1070 0.0000e+00
      1.329      0.189     8.0680    105.341    117.692 127.289951    10.8000     0.5089     0.0426     0.0846 3.2211e-01    -0.1283      1.303      1.890    29.1034 0.0000e+00
      1.377      0.194     8.0763    105.301    117.659 127.216302    10.8000     0.5356     0.0426     0.0846 2.8286e-01    -0.0980      1.350      1.958    29.0978 0.0000e+00
      1.425      0.201     8.0839    105.245    117.617 127.116578    10.8000     0.5242     0.0426     0.0846 2.9768e-01    -0.1434      1.398      2.027    29.0907 0.0000e+00
      1.477      0.208     8.0885    105.165    117.575 126.996201    10.8000     0.5280     0.0426     0.2961 3.1470e-01    -0.1131      1.449      2.101    29.0819 0.0000e+00
      1.532      0.215     8.0895    105.056    117.562 126.893098    10.8000     0.5356     0.0426     0.2961 3.1246e-01    -0.0980      1.502      2.178    29.0706 0.0000e+00
      1.588      0.220     8.0886    104.952    117.579 126.821788    10.8000     0.5699     0.0426     0.2961 2.8218e-01    -0.0225      1.558      2.259    29.0546 0.0000e+00
      1.647      0.224     8.0875    104.903    117.607 126.771254    10.8000     0.5394     0.0426     0.2961 2.5318e-01    -0.1585      1.615      2.342    29.0313 0.0000e+00
      1.706      0.226     8.0859    104.918    117.637 126.734018    10.8000     0.5738     0.0000     0.0846 2.6831e-01    -0.0980      1.673      2.427    28.9994 0.0000e+00
      1.764      0.225     8.0829    104.966    117.661 126.702147    10.8000     0.5585     0.0000     0.0846 2.5639e-01    -0.0376      1.730      2.510    28.9618 0.0000e+00
      1.822      0.222     8.0802    105.034    117.671 126.665140    10.8000     0.5318     0.0000     0.0846 2.4448e-01    -0.1283      1.786      2.591    28.9238 0.0000e+00
      1.878      0.218     8.0813    105.131    117.663 126.619129    10.8000     0.5852     0.0000     0.0846 2.4974e-01    -0.0980      1.842      2.671    28.8895 0.0000e+00
      1.934      0.212     8.0867    105.258    117.659 126.585857    10.8000     0.6081     0.0000     0.0846 2.4416e-01    -0.0980      1.897      2.751    28.8599 0.0000e+00
      1.988      0.205     8.0939    105.403    117.664 126.570457    10.8000     0.5776     0.0852     0.1692 2.3819e-01    -0.1585      1.950      2.828    28.8351 0.0000e+00
      2.040      0.197     8.1020    105.549    117.647 126.536807    10.8000     0.5623     0.0852     0.1692 2.1955e-01    -0.2038      2.001      2.902    28.8148 0.0000e+00
      2.090      0.189     8.1117    105.688    117.616 126.491940    10.8000     0.5852     0.0852     0.1692 2.2262e-01    -0.0678      2.049      2.972    28.7989 0.0000e+00
      2.136      0.181     8.1232    105.805    117.602 126.467912    10.8000     0.5432     0.0852     0.1692 2.0458e-01    -0.0376      2.095      3.038    28.7869 0.0000e+00
      2.179      0.174     8.1356    105.881    117.592 126.450311    10.8900     0.5852     0.0426     0.1269 2.3155e-01    -0.1131      2.137      3.100    28.7780 0.0000e+00
      2.222      0.169     8.1479    105.913    117.583 126.434444    10.8900     0.5928     0.0426     0.1269 2.2117e-01    -0.0678      2.179      3.160    28.7715 0.0000e+00
