Data/DataNotYetUploadedToEDI/Raw_CTD/RawDownloads/073123_bvr50_S7809009.cnv
* Sea-Bird SBE19plus  Data File:
* FileName = C:\R\Reservoirs\Data\DataNotYetUploadedToEDI\Raw_CTD\RawDownloads\073123_fcr50_S7809_0009.hex
* Software version 2.8.0.119
* Temperature SN = 7809
* Conductivity SN = 7809
* System UpLoad Time = Aug 03 2023 12:40:40
* <ApplicationData>
* <Seaterm232>
# nquan = 15
# nvalues = 3180                        
# units = specified
# name 0 = depFM: Depth [fresh water, m]
# name 1 = dz/dtM: Descent Rate [m/s]
# name 2 = sbeox0Mg/L: Oxygen, SBE 43 [mg/l]
# name 3 = sbeox0PS: Oxygen, SBE 43 [% saturation]
# name 4 = specc: Specific Conductance [uS/cm]
# name 5 = c0uS/cm: Conductivity [uS/cm]
# name 6 = flECO-AFL: Fluorescence, WET Labs ECO-AFL/FL [mg/m^3]
# name 7 = ph: pH
# name 8 = orp: Oxidation Reduction Potential [mV]
# name 9 = par/sat/log: PAR/Logarithmic, Satlantic
# name 10 = turbWETntu0: Turbidity, WET Labs ECO [NTU]
# name 11 = prdM: Pressure, Strain Gauge [db]
# name 12 = prdE: Pressure, Strain Gauge [psi]
# name 13 = tv290C: Temperature [ITS-90, deg C]
# name 14 = flag:  0.000e+00
# span 0 =     -0.711,      9.575       
# span 1 =     -0.334,      0.189       
# span 2 =     0.1369,     9.1805       
# span 3 =      1.322,    112.339       
# span 4 =      3.008,    169.687       
# span 5 =   3.134271, 115.913132       
# span 6 =    -0.6870,    96.0006       
# span 7 =      6.573,      9.238       
# span 8 =   -67.8584,   316.8650       
# span 9 = 1.2353e-01, 2.6047e+03       
# span 10 =   -10.9803,    27.3691      
# span 11 =     -0.697,      9.391      
# span 12 =     -1.011,     13.620      
# span 13 =     9.1307,    27.6882      
# span 14 = 0.0000e+00, 0.0000e+00      
# interval = seconds: 0.25
# start_time = Jul 31 2023 06:36:36 [Instrument's time stamp, header]
# bad_flag = -9.990e-29
*END*
[from data line 290]
     -0.251     -0.069     7.9254    100.540     30.066  31.676880     0.9605      7.609   218.8453 1.6156e+03     2.0663     -0.253     -0.367    27.6707 0.0000e+00
     -0.266     -0.043     7.9240    100.524     30.091  31.702660     0.9627      7.605   218.9468 1.6463e+03     2.1048     -0.268     -0.389    27.6707 0.0000e+00
     -0.266     -0.013     7.9338    100.587     30.109  31.721529     0.9820      7.595   219.0652 1.6607e+03     2.1471     -0.264     -0.382    27.6708 0.0000e+00
     -0.257      0.013     7.9239    100.670     30.103  31.714713     1.0103      7.584   219.2446 1.6767e+03     2.0993     -0.251     -0.366    27.6709 0.0000e+00
     -0.246      0.031     7.9114    100.728     30.073  31.683686     1.0219      7.586   219.3943 1.6947e+03     2.0395     -0.241     -0.350    27.6708 0.0000e+00
     -0.236      0.041     7.9116    100.750     30.054  31.663566     1.0308      7.596   219.4130 1.7105e+03     2.0733     -0.232     -0.335    27.6710 0.0000e+00
     -0.225      0.045     7.9182    100.750     30.052  31.661741     1.0434      7.604   219.4710 1.7170e+03     2.2000     -0.222     -0.320    27.6709 0.0000e+00
     -0.212      0.047     7.9263    100.749     30.052  31.661627     1.0327      7.611   219.6648 1.7141e+03     2.3081     -0.208     -0.300    27.6710 0.0000e+00
     -0.198      0.047     7.9309    100.753     30.053  31.662183     1.0094      7.617   219.8633 1.7007e+03     2.3206     -0.194     -0.281    27.6711 0.0000e+00
     -0.186      0.048     7.9321    100.743     30.059  31.668472     1.0029      7.622   220.0647 1.6333e+03     2.2832     -0.184     -0.266    27.6708 0.0000e+00
     -0.175      0.048     7.9317    100.685     30.064  31.674230     1.0119      7.624   220.2929 1.5591e+03     2.2670     -0.172     -0.250    27.6709 0.0000e+00
     -0.164      0.048     7.9310    100.593     30.058  31.668359     1.0264      7.624   220.3852 1.5276e+03     2.2265     -0.160     -0.232    27.6710 0.0000e+00
     -0.151      0.048     7.9321    100.563     30.051  31.660929     1.0284      7.622   220.2345 1.4585e+03     2.1343     -0.148     -0.216    27.6707 0.0000e+00
     -0.138      0.050     7.9323    100.640     30.039  31.647826     1.0197      7.617   220.1061 1.3793e+03     2.0743     -0.135     -0.196    27.6706 0.0000e+00
     -0.126      0.052     7.9288    100.743     30.029  31.636803     1.0219      7.601   220.2959 1.3497e+03     2.1170     -0.124     -0.180    27.6706 0.0000e+00
     -0.115      0.052     7.9167    100.743     30.046  31.654518     1.0384      7.584   220.5497 1.2977e+03     2.2068     -0.114     -0.165    27.6706 0.0000e+00
     -0.100      0.051     7.9131    100.604     30.062  31.671714     1.0613      7.586   220.6798 1.2396e+03     2.2369     -0.099     -0.144    27.6707 0.0000e+00
     -0.084      0.049     7.9218    100.441     30.046  31.654405     1.0736      7.595   220.7508 1.3853e+03     2.2084     -0.081     -0.118    27.6705 0.0000e+00
     -0.070      0.045     7.9345    100.371     30.028  31.635545     1.0716      7.596   220.7189 1.5383e+03     2.1689     -0.067     -0.096    27.6702 0.0000e+00
     -0.060      0.040     7.9367    100.411     30.027  31.633986     1.0862      7.601   220.8105 1.3267e+03     2.2034     -0.059     -0.084    27.6701 0.0000e+00
     -0.052      0.034     7.9203    100.509     30.028  31.635555     1.1175      7.612   221.0846 1.0764e+03     2.2844     -0.052     -0.074    27.6700 0.0000e+00
     -0.043      0.029     7.9042    100.601     30.046  31.654519     1.1328      7.622   221.2789 1.1080e+03     2.2933     -0.042     -0.060    27.6702 0.0000e+00
     -0.037      0.026     7.8980    100.656     30.063  31.672972     1.1384      7.629   221.3524 1.3824e+03     2.3113     -0.036     -0.052    27.6703 0.0000e+00
     -0.032      0.024     7.9036    100.678     30.058  31.668359     1.1190      7.634   221.4578 1.6410e+03     2.4001     -0.031     -0.046    27.6702 0.0000e+00
     -0.027      0.024     7.9129    100.691     30.053  31.662187     1.0726      7.637   221.6078 1.4602e+03     2.4446     -0.026     -0.037    27.6704 0.0000e+00
     -0.021      0.024     7.9214    100.735     30.053  31.661781     1.0431      7.638   221.5309 1.1615e+03     2.4054     -0.021     -0.030    27.6705 0.0000e+00
     -0.015      0.024     7.9248    100.802     30.055  31.663436     1.0293      7.637   221.2155 1.2931e+03     2.3709     -0.015     -0.022    27.6706 0.0000e+00
     -0.007      0.025     7.9267    100.834     30.073  31.682201     1.0557      7.633   220.8923 1.4494e+03     2.3687     -0.007     -0.010    27.6707 0.0000e+00
     -0.001      0.028     7.9256    100.793     30.088  31.698357     1.1371      7.625   220.5492 1.2261e+03     2.3786      0.000      0.000    27.6707 0.0000e+00
      0.004      0.030     7.9290    100.678     30.059  31.668474     1.1986      7.615   220.4221 1.0285e+03     2.4217      0.002      0.004    27.6705 0.0000e+00
      0.011      0.032     7.9375    100.577     30.030  31.638062     1.2072      7.609   220.6455 1.0168e+03     2.4118      0.009      0.013    27.6704 0.0000e+00
      0.022      0.035     7.9397    100.542     30.040  31.647828     1.1916      7.609   220.7559 1.0269e+03     2.2932      0.022      0.031    27.6699 0.0000e+00
      0.032      0.038     7.9388    100.549     30.051  31.659681     1.1769      7.611   220.6375 1.0471e+03     2.2162      0.033      0.047    27.6697 0.0000e+00
      0.041      0.039     7.9248    100.603     30.046  31.654510     1.1709      7.613   220.5905 1.2569e+03     2.1993      0.041      0.059    27.6696 0.0000e+00
      0.051      0.039     7.9156    100.717     30.041  31.648742     1.1680      7.618   220.6183 1.6115e+03     2.1581      0.049      0.071    27.6695 0.0000e+00
      0.063      0.038     7.9149    100.847     30.045  31.653375     1.1592      7.621   220.6293 2.1920e+03     2.1277      0.062      0.089    27.6696 0.0000e+00
      0.074      0.037     7.9145    100.912     30.040  31.647090     1.1637      7.621   220.7238 2.5892e+03     2.1391      0.073      0.107    27.6695 0.0000e+00
      0.083      0.037     7.9183    100.917     30.030  31.636179     1.1978      7.621   220.8999 1.8522e+03     2.1594      0.082      0.119    27.6694 0.0000e+00
      0.090      0.036     7.9277    100.893     30.042  31.648327     1.2144      7.622   221.0386 9.4433e+02     2.1337      0.089      0.129    27.6689 0.0000e+00
      0.099      0.036     7.9428    100.866     30.060  31.667101     1.2056      7.622   221.1097 8.0763e+02     2.1018      0.096      0.140    27.6688 0.0000e+00
      0.108      0.037     7.9460    100.840     30.065  31.672868     1.1996      7.622   221.2441 9.6605e+02     2.1153      0.106      0.155    27.6686 0.0000e+00
      0.117      0.039     7.9459    100.766     30.047  31.654614     1.1999      7.625   221.4588 9.7166e+02     2.1593      0.115      0.168    27.6683 0.0000e+00
      0.127      0.042     7.9436    100.646     30.030  31.636699     1.2096      7.626   221.6401 7.6185e+02     2.1895      0.124      0.179    27.6682 0.0000e+00
      0.137      0.043     7.9400    100.566     30.040  31.646569     1.2087      7.624   221.8016 6.4224e+02     2.1393      0.134      0.194    27.6681 0.0000e+00
      0.149      0.043     7.9411    100.586     30.041  31.647089     1.1887      7.622   221.9487 6.7870e+02     2.0646      0.146      0.212    27.6683 0.0000e+00
      0.164      0.042     7.9351    100.684     30.037  31.642976     1.1753      7.620   221.8697 7.7020e+02     2.0386      0.160      0.233    27.6684 0.0000e+00
      0.176      0.040     7.9225    100.809     30.053  31.660275     1.1891      7.619   221.9655 8.0350e+02     2.0644      0.175      0.254    27.6684 0.0000e+00
      0.185      0.040     7.9135    100.900     30.058  31.665947     1.2149      7.620   222.7624 6.9549e+02     2.1379      0.182      0.265    27.6685 0.0000e+00
      0.191      0.040     7.9173    100.932     30.041  31.648118     1.2282      7.620   223.5033 6.6362e+02     2.1752      0.187      0.271    27.6683 0.0000e+00
      0.199      0.042     7.9255    100.936     30.029  31.635014     1.2333      7.619   223.8688 7.3855e+02     2.1386      0.193      0.280    27.6680 0.0000e+00
      0.210      0.045     7.9380    100.949     30.029  31.634381     1.2438      7.619   223.9119 7.4127e+02     2.1396      0.204      0.297    27.6678 0.0000e+00
      0.224      0.049     7.9461    100.991     30.034  31.640459     1.2629      7.619   224.1114 7.2470e+02     2.1874      0.219      0.317    27.6678 0.0000e+00
      0.239      0.050     7.9466    101.042     30.038  31.645064     1.2814      7.619   225.1624 7.0161e+02     2.1706      0.233      0.339    27.6680 0.0000e+00
      0.254      0.050     7.9468    101.097     30.021  31.626619     1.2851      7.616   226.1216 6.5838e+02     2.1072      0.249      0.362    27.6682 0.0000e+00
      0.268      0.047     7.9461    101.156     30.003  31.607751     1.2733      7.610   226.6756 7.1625e+02     2.0694      0.263      0.381    27.6683 0.0000e+00
      0.279      0.041     7.9510    101.169     30.002  31.607231     1.2634      7.600   227.1282 1.1340e+03     2.0899      0.274      0.398    27.6681 0.0000e+00
      0.288      0.035     7.9551    101.109     30.015  31.620343     1.2575      7.568   227.2924 1.4794e+03     2.1152      0.283      0.411    27.6682 0.0000e+00
      0.296      0.029     7.9583    101.021     30.033  31.639412     1.2023      7.524   227.1983 1.1932e+03     2.0682      0.289      0.420    27.6683 0.0000e+00
      0.303      0.024     7.9654    100.930     30.041  31.647483     1.0949      7.521   226.9368 8.2918e+02     2.0337      0.299      0.434    27.6677 0.0000e+00
      0.308      0.021     7.9682    100.812     30.048  31.654499     1.0331      7.554   226.7117 6.5465e+02     2.0732      0.304      0.441    27.6677 0.0000e+00
      0.310      0.019     7.9604    100.652     30.054  31.660806     1.0376      7.586   226.1962 5.6594e+02     2.1365      0.303      0.440    27.6676 0.0000e+00
      0.313      0.018     7.9533    100.498     30.054  31.660296     1.0830      7.611   225.3510 6.2389e+02     2.1509      0.305      0.443    27.6672 0.0000e+00
      0.318      0.018     7.9472    100.425     30.043  31.648337     1.1486      7.626   224.9251 6.8421e+02     2.1098      0.311      0.451    27.6667 0.0000e+00
      0.325      0.018     7.9385    100.435     30.039  31.643090     1.1811      7.634   225.3486 7.3759e+02     2.0841      0.320      0.464    27.6662 0.0000e+00
      0.331      0.018     7.9253    100.482     30.055  31.660286     1.1854      7.633   226.3408 7.6549e+02     2.1134      0.325      0.471    27.6661 0.0000e+00
      0.335      0.018     7.9089    100.539     30.060  31.665948     1.2254      7.625   226.9420 6.8846e+02     2.1912      0.328      0.476    27.6657 0.0000e+00
      0.338      0.017     7.9047    100.622     30.043  31.648109     1.2899      7.625   226.5081 5.9610e+02     2.2037      0.331      0.481    27.6651 0.0000e+00
      0.342      0.017     7.9067    100.769     30.031  31.634911     1.3084      7.634   225.6546 6.4871e+02     2.1291      0.335      0.486    27.6648 0.0000e+00
      0.346      0.018     7.9114    100.942     30.030  31.633238     1.3070      7.644   225.3125 7.8190e+02     2.1090      0.340      0.493    27.6643 0.0000e+00
      0.350      0.020     7.9157    101.082     30.025  31.627877     1.3231      7.651   225.3830 8.1337e+02     2.1988      0.342      0.496    27.6644 0.0000e+00
      0.355      0.020     7.9195    101.167     30.030  31.633531     1.3369      7.656   225.9053 7.5557e+02     2.3275      0.347      0.504    27.6643 0.0000e+00
      0.363      0.020     7.9330    101.160     30.034  31.638154     1.3326      7.658   226.9816 6.3294e+02     2.3666      0.357      0.517    27.6644 0.0000e+00
      0.369      0.020     7.9495    101.073     30.017  31.620343     1.3127      7.658   227.8132 5.8752e+02     2.3300      0.362      0.526    27.6641 0.0000e+00
      0.373      0.021     7.9596    100.980     30.006  31.608479     1.2957      7.644   228.1298 6.4263e+02     2.2952      0.367      0.532    27.6632 0.0000e+00
      0.377      0.021     7.9685    100.900     30.019  31.621580     1.2766      7.623   228.2286 6.1320e+02     2.2194      0.369      0.536    27.6627 0.0000e+00
      0.381      0.021     7.9683    100.800     30.048  31.651880     1.2647      7.623   228.2338 5.7122e+02     2.1649      0.372      0.540    27.6621 0.0000e+00
      0.387      0.021     7.9574    100.679     30.054  31.657646     1.2685      7.641   228.1925 6.1637e+02     2.1487      0.379      0.551    27.6621 0.0000e+00
      0.395      0.021     7.9505    100.586     30.026  31.627867     1.2643      7.656   228.1602 6.3985e+02     2.0918      0.389      0.564    27.6624 0.0000e+00
      0.402      0.020     7.9454    100.553     30.009  31.609004     1.2553      7.664   228.1868 5.5646e+02     2.0923      0.395      0.573    27.6621 0.0000e+00
      0.406      0.019     7.9378    100.548     30.019  31.619876     1.2513      7.667   228.1705 4.8665e+02     2.1535      0.398      0.578    27.6618 0.0000e+00
      0.410      0.017     7.9267    100.563     30.031  31.632450     1.2488      7.667   227.3609 4.8205e+02     2.1493      0.402      0.582    27.6610 0.0000e+00
      0.414      0.014     7.9176    100.627     30.033  31.634170     1.2506      7.667   225.9692 4.9323e+02     2.1438      0.406      0.588    27.6599 0.0000e+00
      0.416      0.012     7.9174    100.727     30.039  31.640669     1.2651      7.667   226.1415 5.2898e+02     2.2583      0.408      0.592    27.6590 0.0000e+00
      0.419      0.011     7.9177    100.829     30.045  31.647599     1.2995      7.668   227.7230 5.4871e+02     2.4062      0.411      0.596    27.6585 0.0000e+00
      0.423      0.009     7.9163    100.894     30.052  31.654520     1.3251      7.669   228.7444 5.2566e+02     2.4281      0.415      0.603    27.6585 0.0000e+00
      0.426      0.008     7.9228    100.895     30.059  31.660910     1.3252      7.669   229.1988 5.4338e+02     2.3530      0.417      0.605    27.6587 0.0000e+00
      0.427      0.007     7.9314    100.877     30.059  31.661430     1.3167      7.669   229.5170 5.9265e+02     2.2835      0.418      0.606    27.6591 0.0000e+00
      0.428      0.005     7.9402    100.877     30.058  31.660807     1.2970      7.669   229.6665 5.3326e+02     2.2029      0.419      0.608    27.6594 0.0000e+00
      0.428      0.005     7.9474    100.873     30.051  31.653376     1.2795      7.668   229.8015 4.2942e+02     2.1303      0.420      0.609    27.6591 0.0000e+00
      0.429      0.005     7.9450    100.855     30.034  31.635017     1.2713      7.667   230.0312 4.3263e+02     2.1226      0.421      0.611    27.6589 0.0000e+00
      0.431      0.005     7.9421    100.866     30.029  31.629137     1.2638      7.663   230.2072 4.7240e+02     2.1436      0.422      0.613    27.6589 0.0000e+00
      0.432      0.005     7.9436    100.929     30.044  31.645718     1.2720      7.652   230.1231 5.2782e+02     2.1792      0.423      0.614    27.6589 0.0000e+00
      0.434      0.006     7.9438    100.989     30.043  31.645188     1.2871      7.640   229.0142 5.6794e+02     2.2121      0.426      0.617    27.6589 0.0000e+00
      0.436      0.007     7.9407    101.008     30.022  31.622725     1.2797      7.636   227.2101 5.2876e+02     2.1995      0.428      0.620    27.6592 0.0000e+00
      0.436      0.009     7.9397    101.028     30.027  31.627868     1.2749      7.643   226.3786 4.9772e+02     2.1985      0.428      0.620    27.6595 0.0000e+00
