Data/DataNotYetUploadedToEDI/Raw_CTD/RawDownloads/073124_ccr90_S8188002.cnv
* Sea-Bird SBE19plus  Data File:
* FileName = C:\R\Reservoirs\Data\DataNotYetUploadedToEDI\Raw_CTD\RawDownloads\073124_ccr88_S8188_0002.hex
* Software version 2.8.0.119
* Temperature SN = 8188
* Conductivity SN = 8188
* System UpLoad Time = Aug 02 2024 14:05:17
* <ApplicationData>
* <Seaterm232>
# nquan = 16
# nvalues = 743                         
# units = specified
# name 0 = depFM: Depth [fresh water, m]
# name 1 = dz/dtM: Descent Rate [m/s]
# name 2 = sbeox0Mg/L: Oxygen, SBE 43 [mg/l]
# name 3 = sbeox0PS: Oxygen, SBE 43 [% saturation]
# name 4 = specc: Specific Conductance [uS/cm]
# name 5 = c0uS/cm: Conductivity [uS/cm]
# name 6 = wetCDOM: Fluorescence, WET Labs CDOM [mg/m^3]
# name 7 = flECO-AFL: Fluorescence, WET Labs ECO-AFL/FL [mg/m^3]
# name 8 = flECO-AFL1: Fluorescence, WET Labs ECO-AFL/FL, 2 [mg/m^3]
# name 9 = flECO-AFL2: Fluorescence, WET Labs ECO-AFL/FL, 3 [mg/m^3]
# name 10 = par/sat/log: PAR/Logarithmic, Satlantic
# name 11 = turbWETntu0: Turbidity, WET Labs ECO [NTU]
# name 12 = prdM: Pressure, Strain Gauge [db]
# name 13 = prdE: Pressure, Strain Gauge [psi]
# name 14 = tv290C: Temperature [ITS-90, deg C]
# name 15 = flag:  0.000e+00
# span 0 =     -0.445,      4.099       
# span 1 =     -0.224,      0.156       
# span 2 =     4.0423,     8.6747       
# span 3 =     51.674,    111.323       
# span 4 =   -434.573,    117.257       
# span 5 =-460.937960, 124.908408       
# span 6 =    -4.5000,    13.1400       
# span 7 =    -1.7800,     7.1885       
# span 8 =    -2.1300,     1.2780       
# span 9 =    -4.6107,     1.9881       
# span 10 = 1.8861e+02, 3.1728e+03      
# span 11 =    -9.9928,    10.4462      
# span 12 =     -0.436,      4.019      
# span 13 =     -0.632,      5.829      
# span 14 =    26.0240,    28.4933      
# span 15 = 0.0000e+00, 0.0000e+00      
# interval = seconds: 0.25
# start_time = Jul 31 2024 12:44:19 [Instrument's time stamp, header]
# bad_flag = -9.990e-29
*END*
     -0.445      0.000     7.1620     88.225      3.314   3.387544    -4.5000    -0.2579    -2.1300    -2.0304 2.3108e+03    -1.2159     -0.436     -0.632    26.1083 0.0000e+00
     -0.445      0.000     7.1589     88.132      3.690   3.771658    -4.5000    -0.2808    -2.1300    -2.0304 1.0983e+03    -1.1404     -0.436     -0.632    26.1079 0.0000e+00
     -0.445      0.000     7.1549     88.027      3.990   4.078200    -4.5000    -0.2846    -2.1300    -2.0304 7.3618e+02    -1.2612     -0.436     -0.632    26.1074 0.0000e+00
     -0.445      0.000     7.1500     87.917      4.136   4.227807     0.0000    -0.2808     0.1278    -0.1692 1.5057e+03    -1.1404     -0.436     -0.632    26.1068 0.0000e+00
     -0.445      0.000     7.1438     87.801      4.125   4.216616     0.0000    -0.2884     0.1278    -0.1692 2.2794e+03    -1.2159     -0.436     -0.632    26.1063 0.0000e+00
     -0.445      0.000     7.1363     87.676      4.018   4.107280     0.0000    -0.2808     0.1278    -0.1692 2.3048e+03    -1.1102     -0.436     -0.632    26.1058 0.0000e+00
     -0.444      0.000     7.1279     87.534      3.860   3.946227     0.0000    -0.2846     0.1278    -0.1692 1.8737e+03    -1.1555     -0.436     -0.632    26.1052 0.0000e+00
     -0.444      0.000     7.1190     87.364      3.673   3.754154     0.0000    -0.2846     0.1278    -0.1692 6.0226e+02    -1.2008     -0.436     -0.632    26.1046 0.0000e+00
     -0.444      0.000     7.1097     87.158      3.468   3.545479     0.0000    -0.2884     0.0852     0.1692 1.5398e+03    -1.2461     -0.436     -0.632    26.1041 0.0000e+00
     -0.444      0.000     7.0996     86.926      3.273   3.346099     0.0000    -0.2655     0.0852     0.1692 2.0398e+03    -1.1102     -0.436     -0.631    26.1037 0.0000e+00
     -0.444      0.001     7.0881     86.685      3.113   3.182404     0.0000    -0.2846     0.0852     0.1692 1.8422e+03    -1.1102     -0.435     -0.631    26.1036 0.0000e+00
     -0.443      0.001     7.0743     86.453      2.996   3.062452     0.0000    -0.2846     0.0852     0.1692 1.7214e+03    -1.1102     -0.435     -0.631    26.1036 0.0000e+00
     -0.443      0.001     7.0577     86.247      2.915   2.980110     0.0000    -0.2960     0.0426    -0.1692 1.6489e+03    -1.0800     -0.435     -0.631    26.1036 0.0000e+00
     -0.443      0.001     7.0390     86.086      2.870   2.933309     0.0000    -0.2808     0.0426    -0.1692 1.6124e+03    -1.0800     -0.435     -0.630    26.1032 0.0000e+00
     -0.443      0.002     7.0197     85.981      2.877   2.939402     0.0000    -0.2617     0.0426    -0.1692 1.5713e+03    -1.2008     -0.435     -0.630    26.1016 0.0000e+00
     -0.442      0.002     7.0013     85.934      2.954   3.017913     0.0000    -0.0938     0.0426    -0.1692 1.5025e+03    -2.1525     -0.434     -0.629    26.0979 0.0000e+00
     -0.442      0.003     6.9855     85.941      3.108   3.175856     0.0000    -0.1053     0.0426     0.6345 1.3513e+03    -2.1072     -0.434     -0.629    26.0912 0.0000e+00
     -0.441      0.003     6.9737     85.991      3.326   3.399661     0.0000    -0.0786     0.0426     0.6345 1.1823e+03    -2.1072     -0.433     -0.628    26.0817 0.0000e+00
     -0.441      0.004     6.9665     86.075      3.588   3.669456     0.0000    -0.1129     0.0426     0.6345 1.1041e+03    -2.0921     -0.432     -0.627    26.0708 0.0000e+00
     -0.440      0.006     6.9642     86.191      3.906   3.997518     0.0000    -0.1282     0.0426     0.6345 1.1276e+03    -2.8625     -0.431     -0.625    26.0595 0.0000e+00
     -0.438      0.007     6.9661     86.336      4.316   4.423598     0.0000    -0.0824     0.0000     0.1269 1.1429e+03    -2.8323     -0.430     -0.623    26.0485 0.0000e+00
     -0.437      0.009     6.9714     86.509      4.873   5.005626     0.0000    -0.1129     0.0000     0.1269 1.1687e+03    -2.8474     -0.428     -0.621    26.0386 0.0000e+00
     -0.434      0.012     6.9793     86.708      5.680   5.851075     0.0000    -0.1167     0.0000     0.1269 1.2866e+03    -2.8474     -0.426     -0.617    26.0307 0.0000e+00
     -0.431      0.015     6.9893     86.920      6.947   7.181421     0.0000    -1.0056     0.0000     0.1269 1.4292e+03     0.5213     -0.423     -0.613    26.0254 0.0000e+00
     -0.427      0.020     7.0013     87.133      9.043   9.383245     0.0000    -0.9979     0.0000     0.1269 1.5292e+03     0.5515     -0.419     -0.608    26.0240 0.0000e+00
     -0.422      0.025     7.0148     87.335     12.546  13.061601    -0.5400    -1.0361    -0.0426     0.5499 1.5648e+03     0.5515     -0.414     -0.601    26.0280 0.0000e+00
     -0.416      0.032     7.0295     87.518     18.386  19.193406    -0.5400    -1.0132    -0.0426     0.5499 1.5781e+03     0.6422     -0.408     -0.592    26.0392 0.0000e+00
     -0.408      0.042     7.0440     87.676     28.112  29.405853    -0.5400    -1.7800    -0.0426     0.5499 1.5781e+03     1.0652     -0.400     -0.580    26.0602 0.0000e+00
     -0.397      0.053     7.0568     87.809     42.607  44.670863    -0.5400    -1.7571    -0.0426     0.5499 1.6180e+03     1.0500     -0.389     -0.564    26.0954 0.0000e+00
     -0.383      0.067     7.0659     87.927     61.058  64.217334     0.0000    -1.7494    -0.1704    -2.1573 1.5624e+03     1.0047     -0.376     -0.545    26.1530 0.0000e+00
     -0.365      0.084     7.0687     88.037     79.955  84.383656     0.0000    -1.7685    -0.1704    -2.1573 1.5812e+03     1.0349     -0.358     -0.520    26.2470 0.0000e+00
     -0.343      0.101     7.0618     88.149     94.284  99.839049     0.0000     0.0282    -0.1704    -2.1573 1.6468e+03     5.7179     -0.336     -0.487    26.4014 0.0000e+00
     -0.314      0.118     7.0414     88.283    102.853 109.242054     0.0000     0.0397    -0.1704    -2.1573 1.0067e+03     5.8086     -0.308     -0.447    26.6462 0.0000e+00
     -0.280      0.133     7.0091     88.456    107.549 114.514051     0.9900     0.0282    -1.5336     1.9881 7.1801e+02     5.7633     -0.275     -0.399    26.9754 0.0000e+00
     -0.242      0.145     6.9734     88.688    109.646 116.970891     0.9900     0.0435    -1.5336     1.9881 6.3450e+02     5.7179     -0.238     -0.345    27.3277 0.0000e+00
     -0.201      0.153     6.9425     88.997    109.718 117.209722     0.9900     0.0702    -1.5336     1.9881 6.3644e+02     0.0681     -0.198     -0.286    27.6454 0.0000e+00
     -0.159      0.156     6.9206     89.386    107.815 115.282234     0.9900     0.0778    -1.5336     1.9881 7.7475e+02     0.0379     -0.156     -0.226    27.9060 0.0000e+00
     -0.117      0.155     6.9092     89.838    103.471 110.702445    10.0800     0.0702    -0.4686    -1.1844 7.6871e+02     0.0530     -0.115     -0.167    28.1076 0.0000e+00
     -0.076      0.149     6.9090     90.326     95.593 102.311103    10.0800     0.0931    -0.4686    -1.1844 6.9604e+02     0.0530     -0.075     -0.109    28.2560 0.0000e+00
     -0.038      0.140     6.9203     90.811     82.149  87.946545    10.0800     0.1389    -0.4686    -1.1844 6.0187e+02     0.0530     -0.037     -0.054    28.3589 0.0000e+00
     -0.003      0.129     6.9423     91.250     59.590  63.824239    10.0800     0.1656    -0.4686    -1.1844 5.7365e+02     0.0832     -0.003     -0.004    28.4252 0.0000e+00
      0.029      0.115     6.9726     91.607     21.906  23.523572    10.0800     0.1351    -0.4686    -1.1844 6.6370e+02     0.0379      0.029      0.041    28.4646 0.0000e+00
      0.057      0.101     7.0079     91.858    -40.982 -43.726311    11.4300     0.1579     0.0000     0.1692 5.7866e+02     0.0832      0.056      0.081    28.4852 0.0000e+00
      0.081      0.087     7.0445     91.989   -145.885-155.898727    11.4300     0.1236     0.0000     0.1692 5.0287e+02     0.0832      0.079      0.115    28.4932 0.0000e+00
      0.101      0.073     7.0786     91.998   -320.799-342.922327    11.4300     0.1427     0.0000     0.1692 5.4628e+02    -0.0074      0.099      0.143    28.4933 0.0000e+00
      0.117      0.060     7.1069     91.899   -430.111-459.817191    11.4300     0.1427     0.0000     0.1692 5.6573e+02     0.0379      0.114      0.166    28.4888 0.0000e+00
      0.129      0.048     7.1273     91.712   -320.715-342.898402    11.1600     0.1503     0.0426     0.0846 8.7444e+02     0.0530      0.127      0.184    28.4817 0.0000e+00
      0.139      0.039     7.1387     91.451   -145.705-155.832497    11.1600     0.2037     0.0426     0.0846 9.6552e+02     0.0983      0.137      0.198    28.4721 0.0000e+00
      0.147      0.030     7.1412     91.123    -40.689 -43.592118    11.1600     0.1885     0.0426     0.0846 1.1244e+03     0.0983      0.144      0.210    28.4597 0.0000e+00
      0.154      0.024     7.1353     90.744     22.320  23.745496    11.1600     0.2228     0.0426     0.0846 1.4731e+03     0.1286      0.151      0.218    28.4457 0.0000e+00
      0.158      0.018     7.1225     90.290     60.125  64.141044    11.0700     0.2152     0.0426     0.2115 1.4249e+03     0.0077      0.155      0.225    28.4318 0.0000e+00
      0.162      0.013     7.1037     89.637     82.805  88.370672    11.0700     0.1579     0.0426     0.2115 1.2704e+03     0.0681      0.159      0.231    28.4186 0.0000e+00
      0.165      0.009     7.0796     88.648     96.406 102.899615    11.0700     0.1465     0.0426     0.2115 1.2510e+03    -0.0376      0.161      0.234    28.4068 0.0000e+00
      0.166      0.005     7.0514     87.321    104.562 111.610260    11.0700     0.1503     0.0426     0.2115 1.1511e+03     0.0530      0.163      0.237    28.3967 0.0000e+00
      0.167      0.002     7.0171     85.812    109.452 116.833449    11.0700     0.1656     0.0426     0.2115 1.2975e+03     0.0983      0.164      0.238    28.3881 0.0000e+00
      0.167     -0.001     6.9672     84.343    112.381 119.962031    11.1600     0.2075     0.0426     0.2538 5.9744e+02     0.1437      0.164      0.238    28.3811 0.0000e+00
      0.166     -0.004     6.8909     83.100    114.127 121.826295    11.1600     0.1846     0.0426     0.2538 9.4272e+02     0.0228      0.163      0.237    28.3759 0.0000e+00
      0.165     -0.005     6.7882     82.143    115.159 122.927379    11.1600     0.1923     0.0426     0.2538 6.2615e+02     0.0077      0.162      0.234    28.3725 0.0000e+00
      0.162     -0.006     6.6711     81.445    115.768 123.574912    11.1600     0.2228     0.0426     0.2538 6.5524e+02     0.0681      0.159      0.231    28.3705 0.0000e+00
      0.160     -0.006     6.5570     80.996    116.133 123.961575    11.0700     0.2228     0.0426     0.0846 5.7677e+02     0.0681      0.157      0.228    28.3693 0.0000e+00
      0.158     -0.006     6.4605     80.781    116.361 124.202482    11.0700     0.2075     0.0426     0.0846 7.7982e+02     0.0681      0.155      0.226    28.3684 0.0000e+00
      0.157     -0.005     6.3862     80.694    116.514 124.365878    11.0700     0.2113     0.0426     0.0846 7.9384e+02     0.0681      0.154      0.224    28.3673 0.0000e+00
      0.156     -0.004     6.3321     80.562    116.620 124.479328    11.0700     0.2075     0.0426     0.0846 8.5156e+02     0.0228      0.153      0.222    28.3657 0.0000e+00
      0.155     -0.003     6.2974     80.211    116.684 124.549076    11.3400     0.2075     0.0426     0.1692 7.3714e+02     0.0832      0.152      0.221    28.3641 0.0000e+00
      0.155     -0.001     6.2808     79.529    116.718 124.585721    11.3400     0.2152     0.0426     0.1692 7.1833e+02     0.0832      0.152      0.220    28.3630 0.0000e+00
      0.154      0.000     6.2741     78.513    116.731 124.599034    11.3400     0.1999     0.0426     0.1692 7.0840e+02    -0.0074      0.151      0.219    28.3627 0.0000e+00
      0.154      0.001     6.2638     77.254    116.730 124.596565    11.3400     0.2266     0.0426     0.1692 7.8988e+02     0.0983      0.151      0.220    28.3632 0.0000e+00
      0.155      0.002     6.2364     75.893    116.722 124.589662    11.0700     0.2075     0.0000     0.1269 7.3092e+02     0.0983      0.152      0.221    28.3637 0.0000e+00
      0.156      0.003     6.1834     74.582    116.719 124.592488    11.0700     0.1923     0.0000     0.1269 9.2065e+02    -0.0074      0.153      0.222    28.3636 0.0000e+00
      0.157      0.003     6.1044     73.491    116.733 124.617802    11.0700     0.2228     0.0000     0.1269 8.6255e+02     0.0077      0.154      0.224    28.3632 0.0000e+00
      0.159      0.003     6.0066     72.787    116.754 124.656349    11.0700     0.2113     0.0000     0.1269 1.0241e+03     0.1437      0.155      0.225    28.3629 0.0000e+00
      0.159      0.003     5.9007     72.578    116.754 124.678394    11.0700     0.0893     0.0000     0.1269 8.9695e+02     0.0983      0.156      0.226    28.3636 0.0000e+00
      0.160      0.003     5.7986     72.859    116.729 124.677813    11.2500     0.0664     0.0426     0.2538 8.8035e+02     0.0228      0.157      0.227    28.3658 0.0000e+00
      0.160      0.003     5.7133     73.552    116.702 124.674459    11.2500     0.0893     0.0426     0.2538 8.1517e+02     0.1286      0.157      0.228    28.3702 0.0000e+00
      0.161      0.003     5.6578     74.545    116.687 124.683446    11.2500     0.0931     0.0426     0.2538 1.0703e+03     0.0379      0.158      0.229    28.3773 0.0000e+00
      0.162      0.003     5.6406     75.695    116.687 124.707171    11.2500     0.1007     0.0426     0.2538 9.6952e+02     0.0983      0.159      0.230    28.3868 0.0000e+00
      0.163      0.003     5.6614     76.856    116.699 124.739958    11.1600     0.0855     0.0426     0.1692 8.3688e+02     0.1286      0.160      0.231    28.3978 0.0000e+00
      0.163      0.003     5.7141     77.898    116.709 124.766543    11.1600     0.0816     0.0426     0.1692 8.7178e+02     0.0681      0.160      0.232    28.4090 0.0000e+00
      0.164      0.003     5.7901     78.699    116.710 124.778009    11.1600     0.0931     0.0426     0.1692 8.7501e+02     0.0681      0.161      0.233    28.4198 0.0000e+00
      0.164      0.003     5.8784     79.188    116.714 124.785419    11.1600     0.1427     0.0426     0.1692 7.5415e+02     0.0832      0.161      0.234    28.4298 0.0000e+00
      0.165      0.003     5.9677     79.400    116.725 124.794749    11.3400     0.1503     0.0852     0.2538 5.9822e+02     0.0228      0.162      0.235    28.4385 0.0000e+00
      0.166      0.004     6.0479     79.451    116.736 124.800484    11.3400     0.1351     0.0852     0.2538 7.6855e+02    -0.0074      0.163      0.236    28.4452 0.0000e+00
      0.167      0.005     6.1096     79.473    116.743 124.800151    11.3400     0.1579     0.0852     0.2538 7.3794e+02     0.0228      0.164      0.237    28.4495 0.0000e+00
      0.168      0.005     6.1474     79.555    116.747 124.793661    11.3400     0.1198     0.0852     0.2538 8.0776e+02     0.0983      0.165      0.239    28.4510 0.0000e+00
      0.170      0.006     6.1640     79.718    116.748 124.783285    11.3400     0.1579     0.0852     0.2538 7.7089e+02     0.0228      0.166      0.241    28.4502 0.0000e+00
      0.172      0.007     6.1682     79.940    116.754 124.778259    11.1600     0.1503     0.0426     0.1269 8.3543e+02     0.0379      0.168      0.244    28.4476 0.0000e+00
      0.174      0.007     6.1703     80.205    116.765 124.777243    11.1600     0.1427     0.0426     0.1269 6.6601e+02     0.0681      0.170      0.247    28.4440 0.0000e+00
      0.176      0.007     6.1772     80.495    116.769 124.767959    11.1600     0.1160     0.0426     0.1269 6.6818e+02     0.1134      0.172      0.250    28.4397 0.0000e+00
      0.178      0.007     6.1904     80.771    116.766 124.751935    11.1600     0.1427     0.0426     0.1269 9.4292e+02     0.0530      0.175      0.253    28.4347 0.0000e+00
      0.180      0.006     6.2082     80.971    116.766 124.736899    11.3400     0.1389     0.0426     0.0846 5.4037e+02     0.0832      0.176      0.256    28.4294 0.0000e+00
