Data/DataNotYetUploadedToEDI/Raw_CTD/RawDownloads/073123_fcr50_S8188004.cnv
* Sea-Bird SBE19plus  Data File:
* FileName = C:\R\Reservoirs\Data\DataNotYetUploadedToEDI\Raw_CTD\RawDownloads\073123_fcr50_S8188_0004.hex
* Software version 2.8.0.119
* Temperature SN = 8188
* Conductivity SN = 8188
* System UpLoad Time = Aug 02 2023 16:15:20
* <ApplicationData>
* <Seaterm232>
# nquan = 16
# nvalues = 1462                        
# units = specified
# name 0 = depFM: Depth [fresh water, m]
# name 1 = dz/dtM: Descent Rate [m/s]
# name 2 = sbeox0Mg/L: Oxygen, SBE 43 [mg/l]
# name 3 = sbeox0PS: Oxygen, SBE 43 [% saturation]
# name 4 = specc: Specific Conductance [uS/cm]
# name 5 = c0uS/cm: Conductivity [uS/cm]
# name 6 = wetCDOM: Fluorescence, WET Labs CDOM [mg/m^3]
# name 7 = flECO-AFL: Fluorescence, WET Labs ECO-AFL/FL [mg/m^3]
# name 8 = flECO-AFL1: Fluorescence, WET Labs ECO-AFL/FL, 2 [mg/m^3]
# name 9 = flECO-AFL2: Fluorescence, WET Labs ECO-AFL/FL, 3 [mg/m^3]
# name 10 = par/sat/log: PAR/Logarithmic, Satlantic
# name 11 = turbWETntu0: Turbidity, WET Labs ECO [NTU]
# name 12 = prdM: Pressure, Strain Gauge [db]
# name 13 = prdE: Pressure, Strain Gauge [psi]
# name 14 = tv290C: Temperature [ITS-90, deg C]
# name 15 = flag:  0.000e+00
# span 0 =     -0.627,      9.417       
# span 1 =     -0.226,      0.193       
# span 2 =     0.0968,    10.1483       
# span 3 =      0.942,    129.487       
# span 4 =      3.121,    307.665       
# span 5 =   3.184001, 222.354793       
# span 6 =   -10.6200,    22.5900       
# span 7 =    -0.7068,   245.2191       
# span 8 =    -2.1300,     3.0246       
# span 9 =    -5.1183,    10.9557       
# span 10 = 1.1565e-01, 1.9492e+03      
# span 11 =    -4.9475,   155.9502      
# span 12 =     -0.615,      9.236      
# span 13 =     -0.891,     13.395      
# span 14 =    11.1219,    30.1185      
# span 15 = 0.0000e+00, 0.0000e+00      
# interval = seconds: 0.25
# start_time = Jul 31 2023 12:47:14 [Instrument's time stamp, header]
# bad_flag = -9.990e-29
*END*
[from data line 724]
      5.409      0.039     6.0364     55.148     49.416  35.816475     3.7800     1.6355     0.1278     0.3807 1.2324e+00     7.7680      5.304      7.693    11.2376 0.0000e+00
      5.419      0.040     6.0391     55.179     49.423  35.821927     3.7800     1.6393     0.1278     0.3807 1.2529e+00     7.7680      5.314      7.707    11.2375 0.0000e+00
      5.429      0.040     6.0415     55.214     49.422  35.821082     3.7800     1.6927     0.1278     0.3807 1.1841e+00     7.9785      5.324      7.722    11.2374 0.0000e+00
      5.440      0.041     6.0441     55.245     49.411  35.813713     3.7800     1.7156     0.1278     0.3807 1.1524e+00     8.0536      5.335      7.737    11.2374 0.0000e+00
      5.450      0.041     6.0471     55.267     49.405  35.809739     3.8700     1.6965     0.1704     0.5076 1.1534e+00     7.9935      5.345      7.752    11.2373 0.0000e+00
      5.461      0.041     6.0506     55.281     49.408  35.812062     3.8700     1.7080     0.1704     0.5076 1.1237e+00     8.0236      5.355      7.767    11.2374 0.0000e+00
      5.471      0.041     6.0544     55.288     49.415  35.817339     3.8700     1.6393     0.1704     0.5076 1.1229e+00     7.8282      5.365      7.782    11.2376 0.0000e+00
      5.481      0.041     6.0578     55.288     49.423  35.823018     3.8700     1.6088     0.1704     0.5076 1.1345e+00     7.6929      5.375      7.796    11.2378 0.0000e+00
      5.492      0.041     6.0602     55.290     49.429  35.826651     3.7800     1.5859     0.1704     0.5076 1.0872e+00     7.7230      5.386      7.811    11.2380 0.0000e+00
      5.502      0.041     6.0616     55.299     49.433  35.829207     3.7800     1.6202     0.1704     0.5076 1.0640e+00     7.7079      5.396      7.826    11.2382 0.0000e+00
      5.513      0.041     6.0624     55.314     49.430  35.827406     3.7800     1.5477     0.1704     0.5076 1.0759e+00     7.7981      5.406      7.841    11.2383 0.0000e+00
      5.523      0.041     6.0624     55.331     49.421  35.820768     3.7800     1.5783     0.1704     0.5076 1.0286e+00     7.7680      5.416      7.856    11.2383 0.0000e+00
      5.534      0.041     6.0626     55.348     49.420  35.819407     3.7800     1.5592     0.1704     0.5076 9.9969e-01     7.7530      5.427      7.871    11.2381 0.0000e+00
      5.545      0.041     6.0637     55.368     49.430  35.826920     3.7800     1.5477     0.1278     0.6768 1.0054e+00     7.7680      5.437      7.886    11.2379 0.0000e+00
      5.555      0.041     6.0654     55.398     49.439  35.833427     3.7800     1.5592     0.1278     0.6768 9.8055e-01     7.6478      5.448      7.901    11.2377 0.0000e+00
      5.566      0.041     6.0672     55.433     49.444  35.836704     3.7800     1.5592     0.1278     0.6768 9.0322e-01     7.6929      5.458      7.916    11.2374 0.0000e+00
      5.576      0.041     6.0691     55.465     49.451  35.841584     3.7800     1.5706     0.1278     0.6768 9.3640e-01     7.6779      5.468      7.931    11.2372 0.0000e+00
      5.587      0.041     6.0714     55.490     49.456  35.845409     3.8700     1.5706     0.1278     0.5499 9.2407e-01     7.7230      5.478      7.946    11.2370 0.0000e+00
      5.597      0.041     6.0747     55.514     49.456  35.845236     3.8700     1.4829     0.1278     0.5499 9.3052e-01     8.0236      5.488      7.960    11.2368 0.0000e+00
      5.607      0.041     6.0786     55.539     49.456  35.844980     3.8700     1.4943     0.1278     0.5499 8.9036e-01     7.9183      5.499      7.975    11.2367 0.0000e+00
      5.618      0.041     6.0820     55.565     49.461  35.848535     3.8700     1.4753     0.1278     0.5499 8.8151e-01     8.0236      5.509      7.990    11.2366 0.0000e+00
      5.629      0.041     6.0849     55.590     49.462  35.848926     3.7800     1.4981     0.1704     0.5076 8.7826e-01     7.9935      5.519      8.005    11.2366 0.0000e+00
      5.639      0.040     6.0875     55.615     49.453  35.842297     3.7800     1.5821     0.1704     0.5076 8.8189e-01     7.7530      5.530      8.020    11.2365 0.0000e+00
      5.650      0.039     6.0903     55.640     49.443  35.834801     3.7800     1.5630     0.1704     0.5076 8.5882e-01     7.7380      5.540      8.035    11.2365 0.0000e+00
      5.660      0.038     6.0931     55.668     49.429  35.824441     3.7800     1.5477     0.1704     0.5076 7.7375e-01     7.7530      5.550      8.050    11.2364 0.0000e+00
      5.670      0.036     6.0959     55.694     49.412  35.812413     3.7800     1.5325     0.1704     0.4653 7.6656e-01     7.7831      5.560      8.064    11.2362 0.0000e+00
      5.679      0.034     6.0986     55.717     49.406  35.807395     3.7800     1.6851     0.1704     0.4653 7.5992e-01     7.7079      5.568      8.076    11.2361 0.0000e+00
      5.687      0.032     6.1014     55.737     49.407  35.808049     3.7800     1.6736     0.1704     0.4653 7.4472e-01     7.6929      5.577      8.088    11.2360 0.0000e+00
      5.695      0.029     6.1044     55.755     49.405  35.806626     3.7800     1.6965     0.1704     0.4653 7.1104e-01     7.7530      5.585      8.100    11.2359 0.0000e+00
      5.703      0.027     6.1074     55.772     49.399  35.802746     3.7800     1.7003     0.1704     0.4653 7.2998e-01     7.7981      5.592      8.111    11.2358 0.0000e+00
      5.709      0.024     6.1099     55.794     49.405  35.807260     3.7800     1.6317     0.1704     0.5499 7.1135e-01     7.7380      5.598      8.120    11.2357 0.0000e+00
      5.715      0.022     6.1121     55.826     49.425  35.821370     3.7800     1.6278     0.1704     0.5499 7.3860e-01     7.7981      5.604      8.128    11.2357 0.0000e+00
      5.720      0.021     6.1140     55.871     49.440  35.832994     3.7800     1.6088     0.1704     0.5499 7.0045e-01     7.6929      5.609      8.135    11.2358 0.0000e+00
      5.725      0.019     6.1158     55.923     49.451  35.841272     3.7800     1.6164     0.1704     0.5499 7.1243e-01     7.6929      5.614      8.142    11.2358 0.0000e+00
      5.729      0.019     6.1182     55.974     49.460  35.848409     3.7800     1.6813     0.1704     0.5922 7.5089e-01     7.7230      5.618      8.148    11.2359 0.0000e+00
      5.734      0.020     6.1217     56.024     49.459  35.848388     3.7800     1.6851     0.1704     0.5922 6.7359e-01     7.6929      5.623      8.155    11.2360 0.0000e+00
      5.739      0.021     6.1266     56.076     49.447  35.841203     3.7800     1.6736     0.1704     0.5922 6.9213e-01     7.7680      5.628      8.162    11.2362 0.0000e+00
      5.744      0.023     6.1323     56.128     49.430  35.828898     3.7800     1.6813     0.1704     0.5922 7.0703e-01     7.7079      5.633      8.170    11.2366 0.0000e+00
      5.749      0.026     6.1378     56.175     49.407  35.812155     3.8700     1.6736     0.1704     0.5922 7.2476e-01     7.8131      5.638      8.178    11.2372 0.0000e+00
      5.756      0.028     6.1431     56.211     49.388  35.798390     3.8700     1.6736     0.1704     0.5922 6.6645e-01     7.7530      5.644      8.187    11.2380 0.0000e+00
      5.764      0.031     6.1487     56.238     49.380  35.791858     3.8700     1.6851     0.1704     0.5922 7.0335e-01     7.7680      5.652      8.198    11.2389 0.0000e+00
      5.773      0.033     6.1544     56.259     49.379  35.790814     3.8700     1.6660     0.1704     0.5922 6.7008e-01     7.7079      5.661      8.210    11.2395 0.0000e+00
      5.782      0.035     6.1595     56.278     49.386  35.794982     3.8700     1.4791     0.1704     0.5922 6.1604e-01     7.7680      5.671      8.224    11.2395 0.0000e+00
      5.792      0.035     6.1635     56.298     49.395  35.801511     3.7800     1.5020     0.1278     0.5499 6.1912e-01     7.6929      5.680      8.238    11.2390 0.0000e+00
      5.801      0.035     6.1665     56.321     49.409  35.812143     3.7800     1.4867     0.1278     0.5499 6.2998e-01     7.7230      5.689      8.251    11.2383 0.0000e+00
      5.810      0.036     6.1688     56.350     49.433  35.829711     3.7800     1.5096     0.1278     0.5499 6.1350e-01     7.7230      5.697      8.263    11.2378 0.0000e+00
      5.818      0.036     6.1710     56.387     49.457  35.847019     3.7800     1.5210     0.1278     0.5499 6.3135e-01     7.7680      5.706      8.276    11.2376 0.0000e+00
      5.827      0.037     6.1732     56.431     49.471  35.856796     3.7800     1.4791     0.1704     0.5499 6.1084e-01     7.7380      5.715      8.288    11.2377 0.0000e+00
      5.837      0.039     6.1757     56.479     49.473  35.857691     3.7800     1.4905     0.1704     0.5499 6.1057e-01     7.7230      5.724      8.302    11.2379 0.0000e+00
      5.848      0.040     6.1789     56.526     49.468  35.853902     3.7800     1.5096     0.1704     0.5499 5.7478e-01     7.6628      5.735      8.317    11.2381 0.0000e+00
      5.859      0.041     6.1829     56.567     49.461  35.848380     3.7800     1.6126     0.1704     0.5499 5.8549e-01     7.6779      5.745      8.333    11.2379 0.0000e+00
      5.869      0.041     6.1878     56.602     49.450  35.839653     3.8700     1.6126     0.1704     0.5922 5.5153e-01     7.7380      5.756      8.348    11.2376 0.0000e+00
      5.880      0.041     6.1932     56.633     49.441  35.833316     3.8700     1.6584     0.1704     0.5922 5.2464e-01     7.5726      5.766      8.363    11.2371 0.0000e+00
      5.890      0.041     6.1985     56.660     49.445  35.835600     3.8700     1.6278     0.1704     0.5922 5.1014e-01     7.7380      5.776      8.378    11.2366 0.0000e+00
      5.901      0.040     6.2030     56.682     49.450  35.839194     3.8700     1.4791     0.1704     0.5922 5.0397e-01     7.6779      5.787      8.393    11.2362 0.0000e+00
      5.911      0.040     6.2068     56.700     49.448  35.837132     3.8700     1.5210     0.1704     0.4653 5.8068e-01     7.6779      5.796      8.407    11.2358 0.0000e+00
      5.920      0.039     6.2103     56.716     49.442  35.832827     3.8700     1.4943     0.1704     0.4653 4.9378e-01     7.7380      5.806      8.421    11.2355 0.0000e+00
      5.930      0.039     6.2133     56.732     49.442  35.833052     3.8700     1.5096     0.1704     0.4653 5.3130e-01     7.6779      5.816      8.435    11.2353 0.0000e+00
      5.940      0.039     6.2157     56.748     49.449  35.837868     3.8700     1.3684     0.1704     0.4653 4.7992e-01     7.7530      5.825      8.449    11.2351 0.0000e+00
      5.950      0.039     6.2177     56.767     49.453  35.840636     3.8700     1.3646     0.1704     0.4653 4.8327e-01     7.7380      5.835      8.463    11.2350 0.0000e+00
      5.960      0.040     6.2195     56.791     49.449  35.838133     3.7800     1.3913     0.1278     0.5076 4.8003e-01     7.7380      5.845      8.477    11.2349 0.0000e+00
      5.970      0.040     6.2212     56.820     49.443  35.833653     3.7800     1.3608     0.1278     0.5076 4.5852e-01     7.7380      5.854      8.491    11.2348 0.0000e+00
      5.980      0.040     6.2230     56.852     49.438  35.829962     3.7800     1.3036     0.1278     0.5076 4.6889e-01     7.8883      5.864      8.505    11.2348 0.0000e+00
      5.990      0.041     6.2251     56.883     49.433  35.826078     3.7800     1.3112     0.1278     0.5076 4.6071e-01     7.7380      5.875      8.520    11.2348 0.0000e+00
      6.001      0.041     6.2277     56.910     49.431  35.824924     3.7800     1.3150     0.1704     0.5499 4.3806e-01     7.7380      5.885      8.536    11.2348 0.0000e+00
      6.012      0.042     6.2309     56.932     49.438  35.830154     3.7800     1.3150     0.1704     0.5499 4.4131e-01     7.7380      5.896      8.551    11.2347 0.0000e+00
      6.022      0.042     6.2344     56.950     49.445  35.835241     3.7800     1.3646     0.1704     0.5499 4.4545e-01     7.7530      5.906      8.566    11.2347 0.0000e+00
      6.033      0.041     6.2378     56.968     49.437  35.829658     3.7800     1.3799     0.1704     0.5499 4.1644e-01     7.7380      5.917      8.581    11.2346 0.0000e+00
      6.044      0.041     6.2408     56.989     49.418  35.815876     3.8700     1.3723     0.1278     0.4230 4.1716e-01     7.7680      5.927      8.596    11.2346 0.0000e+00
      6.054      0.040     6.2432     57.014     49.405  35.806065     3.8700     1.3913     0.1278     0.4230 4.2921e-01     7.7380      5.937      8.611    11.2345 0.0000e+00
      6.064      0.040     6.2451     57.047     49.410  35.809493     3.8700     1.4943     0.1278     0.4230 4.1499e-01     7.8582      5.947      8.625    11.2344 0.0000e+00
      6.074      0.040     6.2471     57.089     49.424  35.819152     3.8700     1.4905     0.1278     0.4230 4.0326e-01     7.7831      5.957      8.639    11.2344 0.0000e+00
      6.084      0.040     6.2495     57.137     49.427  35.821772     3.8700     1.5325     0.1278     0.4653 4.0090e-01     7.8131      5.966      8.653    11.2343 0.0000e+00
      6.094      0.041     6.2523     57.184     49.433  35.825974     3.8700     1.4905     0.1278     0.4653 3.8686e-01     7.7680      5.976      8.668    11.2343 0.0000e+00
      6.104      0.042     6.2559     57.227     49.454  35.840802     3.8700     1.4943     0.1278     0.4653 3.8210e-01     8.0536      5.987      8.682    11.2342 0.0000e+00
      6.115      0.044     6.2605     57.264     49.478  35.858325     3.8700     1.4791     0.1278     0.4653 3.6331e-01     8.0386      5.997      8.698    11.2342 0.0000e+00
      6.126      0.046     6.2658     57.293     49.502  35.875295     3.8700     1.4943     0.1278     0.4653 4.0282e-01     7.9785      6.008      8.713    11.2341 0.0000e+00
      6.138      0.048     6.2710     57.310     49.520  35.888314     3.8700     1.5058     0.1704     0.5499 3.5105e-01     8.0987      6.019      8.730    11.2340 0.0000e+00
      6.150      0.049     6.2757     57.317     49.521  35.888970     3.8700     1.3303     0.1704     0.5499 3.4276e-01     7.7981      6.032      8.748    11.2339 0.0000e+00
      6.164      0.050     6.2798     57.322     49.505  35.877438     3.8700     1.3074     0.1704     0.5499 3.3343e-01     7.6628      6.045      8.767    11.2338 0.0000e+00
      6.177      0.051     6.2829     57.329     49.479  35.858565     3.8700     1.3150     0.1704     0.5499 3.2435e-01     7.7079      6.058      8.786    11.2337 0.0000e+00
      6.190      0.051     6.2847     57.339     49.452  35.839203     3.8700     1.3189     0.1704     0.4230 3.4358e-01     7.7981      6.071      8.805    11.2337 0.0000e+00
      6.203      0.051     6.2855     57.348     49.434  35.826071     3.8700     1.3227     0.1704     0.4230 3.1546e-01     7.7680      6.083      8.823    11.2336 0.0000e+00
      6.216      0.051     6.2861     57.358     49.425  35.819628     3.8700     1.3074     0.1704     0.4230 3.2407e-01     7.6628      6.096      8.841    11.2336 0.0000e+00
      6.229      0.051     6.2869     57.373     49.423  35.818158     3.8700     1.3379     0.1704     0.4230 3.2141e-01     7.7680      6.108      8.859    11.2335 0.0000e+00
      6.242      0.052     6.2880     57.393     49.427  35.821266     3.8700     1.3112     0.1704     0.4653 3.3343e-01     7.7680      6.121      8.878    11.2335 0.0000e+00
      6.255      0.052     6.2890     57.414     49.439  35.829784     3.8700     1.3227     0.1704     0.4653 2.9185e-01     7.6628      6.134      8.897    11.2336 0.0000e+00
      6.269      0.053     6.2901     57.436     49.456  35.842020     3.8700     1.2998     0.1704     0.4653 2.9768e-01     7.6929      6.148      8.917    11.2336 0.0000e+00
      6.283      0.054     6.2918     57.462     49.466  35.849354     3.8700     1.3074     0.1704     0.4653 3.1498e-01     7.7079      6.161      8.936    11.2336 0.0000e+00
