Data/DataNotYetUploadedToEDI/Raw_CTD/RawDownloads/073124_ccr88_S8188006.cnv
* Sea-Bird SBE19plus  Data File:
* FileName = C:\R\Reservoirs\Data\DataNotYetUploadedToEDI\Raw_CTD\RawDownloads\073124_ccr88_S8188_0006.hex
* Software version 2.8.0.119
* Temperature SN = 8188
* Conductivity SN = 8188
* System UpLoad Time = Aug 02 2024 14:06:31
* <ApplicationData>
* <Seaterm232>
# nquan = 16
# nvalues = 1212                        
# units = specified
# name 0 = depFM: Depth [fresh water, m]
# name 1 = dz/dtM: Descent Rate [m/s]
# name 2 = sbeox0Mg/L: Oxygen, SBE 43 [mg/l]
# name 3 = sbeox0PS: Oxygen, SBE 43 [% saturation]
# name 4 = specc: Specific Conductance [uS/cm]
# name 5 = c0uS/cm: Conductivity [uS/cm]
# name 6 = wetCDOM: Fluorescence, WET Labs CDOM [mg/m^3]
# name 7 = flECO-AFL: Fluorescence, WET Labs ECO-AFL/FL [mg/m^3]
# name 8 = flECO-AFL1: Fluorescence, WET Labs ECO-AFL/FL, 2 [mg/m^3]
# name 9 = flECO-AFL2: Fluorescence, WET Labs ECO-AFL/FL, 3 [mg/m^3]
# name 10 = par/sat/log: PAR/Logarithmic, Satlantic
# name 11 = turbWETntu0: Turbidity, WET Labs ECO [NTU]
# name 12 = prdM: Pressure, Strain Gauge [db]
# name 13 = prdE: Pressure, Strain Gauge [psi]
# name 14 = tv290C: Temperature [ITS-90, deg C]
# name 15 = flag:  0.000e+00
# span 0 =     -0.479,     10.702       
# span 1 =     -0.227,      0.154       
# span 2 =     3.1487,     9.1768       
# span 3 =     29.562,    118.924       
# span 4 =      1.275,    127.681       
# span 5 =   1.239224, 127.217023       
# span 6 =    -4.5000,    29.1600       
# span 7 =    -0.2884,     8.9357       
# span 8 =    -2.1300,     0.2556       
# span 9 =    -2.0304,     1.2267       
# span 10 = 1.1585e-01, 2.3571e-01      
# span 11 =    -1.0800,    59.8141      
# span 12 =     -0.469,     10.495      
# span 13 =     -0.680,     15.222      
# span 14 =    12.3549,    28.8562      
# span 15 = 0.0000e+00, 0.0000e+00      
# interval = seconds: 0.25
# start_time = Jul 31 2024 23:48:08 [Instrument's time stamp, header]
# bad_flag = -9.990e-29
*END*
[from data line 181]
      0.204      0.002     5.4603     66.374    117.109 122.837978    10.9800     0.4822     0.0426     0.1692 1.1605e-01    -0.1131      0.200      0.290    27.4526 0.0000e+00
      0.204      0.002     5.4163     65.583    117.123 122.841721    10.9800     0.4784     0.0426     0.1692 1.1615e-01    -0.0527      0.200      0.291    27.4502 0.0000e+00
      0.205      0.001     5.3640     64.793    117.137 122.845123    10.8900     0.4898     0.0426     0.2115 1.1610e-01     0.0530      0.201      0.291    27.4475 0.0000e+00
      0.205      0.001     5.3064     64.028    117.164 122.861096    10.8900     0.5280     0.0426     0.2115 1.1595e-01    -0.0678      0.201      0.291    27.4440 0.0000e+00
      0.205      0.000     5.2457     63.303    117.193 122.877895    10.8900     0.5356     0.0426     0.2115 1.1612e-01     0.0530      0.201      0.291    27.4396 0.0000e+00
      0.205      0.000     5.1836     62.626    117.222 122.891995    10.8900     0.5470     0.0426     0.2115 1.1612e-01    -0.0829      0.201      0.291    27.4348 0.0000e+00
      0.205      0.000     5.1217     62.004    117.254 122.907156    10.9800     0.5738     0.0426     0.1692 1.1623e-01    -0.0225      0.201      0.291    27.4297 0.0000e+00
      0.205      0.000     5.0617     61.442    117.281 122.915417    10.9800     0.4860     0.0426     0.1692 1.1633e-01     0.0228      0.201      0.292    27.4244 0.0000e+00
      0.205      0.000     5.0049     60.936    117.300 122.914978    10.9800     0.4555     0.0426     0.1692 1.1615e-01    -0.0074      0.201      0.292    27.4186 0.0000e+00
      0.205      0.000     4.9519     60.480    117.320 122.917725    10.9800     0.4860     0.0426     0.1692 1.1600e-01     0.0228      0.201      0.291    27.4118 0.0000e+00
      0.205      0.000     4.9035     60.070    117.346 122.928391    10.9800     0.4860     0.0426     0.1692 1.1623e-01    -0.0829      0.201      0.291    27.4039 0.0000e+00
      0.205      0.000     4.8598     59.705    117.366 122.933814    10.9800     0.4631     0.0426     0.1692 1.1597e-01    -0.0527      0.201      0.291    27.3954 0.0000e+00
      0.205     -0.001     4.8205     59.388    117.368 122.923437    10.9800     0.4822     0.0426     0.1692 1.1612e-01    -0.1283      0.201      0.291    27.3871 0.0000e+00
      0.204     -0.001     4.7851     59.113    117.365 122.910496    10.9800     0.4708     0.0426     0.1692 1.1617e-01    -0.0980      0.200      0.291    27.3793 0.0000e+00
      0.204     -0.001     4.7532     58.873    117.373 122.911544    10.9800     0.4860     0.0426     0.1692 1.1615e-01     0.0379      0.200      0.290    27.3722 0.0000e+00
      0.204     -0.001     4.7249     58.665    117.393 122.926863    10.9800     0.4784     0.0426     0.1269 1.1600e-01    -0.0678      0.200      0.290    27.3658 0.0000e+00
      0.204     -0.001     4.7002     58.489    117.423 122.952534    10.9800     0.5089     0.0426     0.1269 1.1612e-01    -0.1434      0.200      0.290    27.3603 0.0000e+00
      0.204     -0.001     4.6788     58.345    117.454 122.979398    10.9800     0.4860     0.0426     0.1269 1.1597e-01     0.0530      0.200      0.290    27.3560 0.0000e+00
      0.204     -0.001     4.6601     58.235    117.473 122.994613    10.9800     0.4898     0.0426     0.1269 1.1612e-01    -0.1585      0.200      0.290    27.3528 0.0000e+00
      0.204     -0.001     4.6439     58.157    117.477 122.994233    10.9800     0.5051     0.0426     0.1692 1.1615e-01    -0.4002      0.200      0.289    27.3503 0.0000e+00
      0.203     -0.001     4.6302     58.093    117.469 122.982158    10.9800     0.4898     0.0426     0.1692 1.1605e-01    -0.3246      0.199      0.289    27.3480 0.0000e+00
      0.203     -0.001     4.6189     58.025    117.461 122.971173    10.9800     0.4746     0.0426     0.1692 1.1607e-01    -0.2642      0.199      0.288    27.3458 0.0000e+00
      0.202     -0.001     4.6104     57.941    117.463 122.970352    10.9800     0.4936     0.0426     0.1692 1.1597e-01    -0.2944      0.198      0.288    27.3437 0.0000e+00
      0.202     -0.000     4.6043     57.840    117.467 122.971474    10.9800     0.5203     0.0426     0.1692 1.1617e-01    -0.0527      0.198      0.288    27.3418 0.0000e+00
      0.203      0.000     4.5994     57.724    117.467 122.966835    10.9800     0.5394     0.0426     0.1269 1.1615e-01     0.0228      0.199      0.288    27.3403 0.0000e+00
      0.203      0.000     4.5941     57.594    117.469 122.963200    10.9800     0.5356     0.0426     0.1269 1.1610e-01    -0.0980      0.199      0.288    27.3390 0.0000e+00
      0.203      0.001     4.5876     57.455    117.484 122.971604    10.9800     0.5280     0.0426     0.1269 1.1600e-01    -0.0225      0.199      0.288    27.3378 0.0000e+00
      0.203      0.001     4.5797     57.316    117.505 122.986284    10.9800     0.4860     0.0426     0.1269 1.1612e-01    -0.0376      0.199      0.289    27.3364 0.0000e+00
      0.203      0.001     4.5707     57.193    117.522 122.995151    10.9800     0.4555     0.0426     0.1269 1.1610e-01    -0.0376      0.199      0.289    27.3344 0.0000e+00
      0.204      0.001     4.5606     57.094    117.539 123.004569    10.9800     0.4936     0.0426     0.1269 1.1610e-01    -0.0829      0.200      0.290    27.3320 0.0000e+00
      0.204      0.000     4.5498     57.021    117.559 123.017050    10.9800     0.4784     0.0426     0.1269 1.1633e-01     0.0832      0.200      0.290    27.3290 0.0000e+00
      0.204      0.000     4.5391     56.969    117.568 123.019917    10.9800     0.4593     0.0426     0.1269 1.1617e-01    -0.0678      0.200      0.290    27.3257 0.0000e+00
      0.204      0.000     4.5296     56.928    117.572 123.017934    10.9800     0.5089     0.0426     0.1692 1.1600e-01     0.0228      0.200      0.290    27.3220 0.0000e+00
      0.204      0.000     4.5221     56.886    117.584 123.026578    10.9800     0.4860     0.0426     0.1692 1.1617e-01     0.0228      0.200      0.290    27.3183 0.0000e+00
      0.204      0.000     4.5166     56.844    117.604 123.044152    10.9800     0.4784     0.0426     0.1692 1.1612e-01    -0.1585      0.200      0.290    27.3148 0.0000e+00
      0.204      0.000     4.5127     56.801    117.622 123.059338    10.9800     0.4708     0.0426     0.1692 1.1623e-01    -0.0376      0.200      0.290    27.3118 0.0000e+00
      0.204      0.000     4.5096     56.757    117.632 123.068184    10.9800     0.4631     0.0426     0.1269 1.1623e-01    -0.1736      0.200      0.291    27.3094 0.0000e+00
      0.204      0.000     4.5065     56.715    117.635 123.069046    10.9800     0.4975     0.0426     0.1269 1.1605e-01    -0.2340      0.200      0.291    27.3076 0.0000e+00
      0.204      0.000     4.5032     56.680    117.626 123.058154    10.9800     0.4593     0.0426     0.1269 1.1625e-01    -0.2793      0.200      0.291    27.3061 0.0000e+00
      0.205      0.000     4.4999     56.655    117.613 123.044606    10.9800     0.4784     0.0426     0.1269 1.1612e-01    -0.2944      0.201      0.291    27.3049 0.0000e+00
      0.205      0.000     4.4965     56.641    117.609 123.040794    10.9800     0.4784     0.0426     0.1269 1.1617e-01    -0.0527      0.201      0.291    27.3039 0.0000e+00
      0.205      0.000     4.4933     56.638    117.612 123.045702    10.9800     0.4708     0.0852     0.2538 1.1600e-01     0.0077      0.201      0.291    27.3031 0.0000e+00
      0.205      0.000     4.4905     56.647    117.617 123.052637    10.9800     0.4898     0.0852     0.2538 1.1610e-01    -0.0074      0.201      0.292    27.3026 0.0000e+00
      0.205      0.000     4.4886     56.664    117.623 123.059446    10.9800     0.4517     0.0852     0.2538 1.1623e-01     0.0228      0.201      0.292    27.3026 0.0000e+00
      0.205      0.000     4.4875     56.692    117.626 123.063944    10.9800     0.4708     0.0852     0.2538 1.1607e-01    -0.2944      0.201      0.291    27.3028 0.0000e+00
      0.205      0.000     4.4872     56.733    117.629 123.067330    10.9800     0.5089     0.0426     0.2115 1.1620e-01    -0.2642      0.201      0.291    27.3033 0.0000e+00
      0.205      0.000     4.4878     56.784    117.636 123.074510    10.9800     0.4631     0.0426     0.2115 1.1607e-01    -0.2340      0.201      0.291    27.3039 0.0000e+00
      0.204     -0.001     4.4891     56.844    117.644 123.083397    10.9800     0.4860     0.0426     0.2115 1.1638e-01    -0.3246      0.200      0.291    27.3044 0.0000e+00
      0.204     -0.001     4.4913     56.908    117.653 123.092358    10.9800     0.4746     0.0426     0.2115 1.1605e-01     0.0379      0.200      0.290    27.3048 0.0000e+00
      0.204     -0.001     4.4945     56.974    117.664 123.103783    10.9800     0.4860     0.0852     0.1692 1.1600e-01    -0.0376      0.200      0.290    27.3050 0.0000e+00
      0.204     -0.001     4.4986     57.042    117.678 123.118719    10.9800     0.4708     0.0852     0.1692 1.1615e-01    -0.0376      0.200      0.290    27.3049 0.0000e+00
      0.204     -0.001     4.5034     57.115    117.689 123.131146    10.9800     0.4936     0.0852     0.1692 1.1615e-01    -0.1283      0.200      0.290    27.3048 0.0000e+00
      0.204     -0.001     4.5085     57.192    117.693 123.136374    10.9800     0.4631     0.0852     0.1692 1.1617e-01    -0.2491      0.200      0.290    27.3048 0.0000e+00
      0.204      0.000     4.5137     57.272    117.695 123.139800    10.9800     0.4708     0.0852     0.1692 1.1628e-01    -0.2340      0.200      0.290    27.3049 0.0000e+00
      0.203      0.000     4.5190     57.360    117.700 123.146338    10.9800     0.4708     0.0000     0.2538 1.1600e-01    -0.2642      0.199      0.289    27.3052 0.0000e+00
      0.203     -0.001     4.5247     57.466    117.710 123.157733    10.9800     0.4936     0.0000     0.2538 1.1617e-01    -0.2038      0.199      0.289    27.3055 0.0000e+00
      0.203     -0.001     4.5308     57.605    117.724 123.173021    10.9800     0.5509     0.0000     0.2538 1.1605e-01    -0.0074      0.199      0.289    27.3060 0.0000e+00
      0.203     -0.001     4.5372     57.788    117.735 123.186277    10.9800     0.5318     0.0000     0.2538 1.1620e-01    -0.0074      0.199      0.289    27.3065 0.0000e+00
      0.202     -0.001     4.5441     58.017    117.742 123.195033    10.9800     0.5203     0.0426     0.0846 1.1607e-01    -0.0074      0.199      0.288    27.3069 0.0000e+00
      0.202     -0.002     4.5525     58.291    117.743 123.197622    10.9800     0.5280     0.0426     0.0846 1.1605e-01    -0.0376      0.198      0.287    27.3074 0.0000e+00
      0.201     -0.002     4.5634     58.613    117.734 123.190735    10.9800     0.5852     0.0426     0.0846 1.1605e-01    -0.0527      0.198      0.287    27.3078 0.0000e+00
      0.201     -0.002     4.5779     58.964    117.718 123.176537    10.9800     0.5318     0.0426     0.0846 1.1600e-01    -0.0678      0.197      0.286    27.3083 0.0000e+00
      0.200     -0.002     4.5960     59.299    117.700 123.161244    10.9800     0.5242     0.0852     0.2115 1.1615e-01    -0.1283      0.196      0.285    27.3089 0.0000e+00
      0.199     -0.002     4.6176     59.567    117.687 123.152782    10.9800     0.5165     0.0852     0.2115 1.1623e-01    -0.0376      0.196      0.284    27.3098 0.0000e+00
      0.199     -0.001     4.6430     59.734    117.685 123.154897    10.9800     0.5203     0.0852     0.2115 1.1612e-01    -0.0678      0.195      0.283    27.3108 0.0000e+00
      0.198     -0.000     4.6707     59.804    117.687 123.162150    10.9800     0.5432     0.0852     0.2115 1.1600e-01    -0.0074      0.195      0.283    27.3120 0.0000e+00
      0.199      0.000     4.6971     59.808    117.684 123.164472    10.9800     0.5280     0.0426     0.1269 1.1630e-01    -0.1283      0.195      0.283    27.3135 0.0000e+00
      0.199      0.001     4.7182     59.785    117.677 123.162484    10.9800     0.5203     0.0426     0.1269 1.1612e-01     0.0077      0.196      0.283    27.3153 0.0000e+00
      0.200      0.001     4.7313     59.757    117.677 123.167658    10.9800     0.5165     0.0426     0.1269 1.1612e-01    -0.3397      0.196      0.284    27.3174 0.0000e+00
      0.200      0.002     4.7366     59.737    117.685 123.181375    10.9800     0.5203     0.0426     0.1269 1.1602e-01    -0.3095      0.196      0.284    27.3197 0.0000e+00
      0.200      0.002     4.7367     59.745    117.695 123.195290    10.9800     0.5470     0.0426     0.1269 1.1607e-01    -0.2340      0.196      0.285    27.3220 0.0000e+00
      0.201      0.001     4.7348     59.800    117.703 123.207111    10.9800     0.5509     0.0426     0.0846 1.1615e-01    -0.2944      0.197      0.285    27.3244 0.0000e+00
      0.201      0.001     4.7324     59.913    117.713 123.219991    10.9800     0.5280     0.0426     0.0846 1.1617e-01    -0.1131      0.197      0.286    27.3266 0.0000e+00
      0.202      0.001     4.7306     60.084    117.724 123.233363    10.9800     0.5318     0.0426     0.0846 1.1612e-01    -0.0527      0.198      0.287    27.3285 0.0000e+00
      0.202      0.001     4.7311     60.289    117.732 123.242792    10.9800     0.5318     0.0426     0.0846 1.1620e-01    -0.0074      0.198      0.287    27.3302 0.0000e+00
      0.202      0.000     4.7353     60.504    117.734 123.246789    10.9800     0.5280     0.0426     0.2115 1.1612e-01     0.0379      0.198      0.287    27.3317 0.0000e+00
      0.202      0.000     4.7442     60.714    117.736 123.250423    10.9800     0.5356     0.0426     0.2115 1.1623e-01    -0.0527      0.198      0.287    27.3327 0.0000e+00
      0.202      0.000     4.7576     60.911    117.742 123.258663    10.9800     0.5203     0.0426     0.2115 1.1600e-01    -0.0376      0.198      0.287    27.3335 0.0000e+00
      0.202      0.000     4.7738     61.093    117.742 123.261704    10.9800     0.5356     0.0426     0.2115 1.1607e-01    -0.0376      0.198      0.287    27.3340 0.0000e+00
      0.202      0.000     4.7907     61.267    117.733 123.254354    10.8900     0.5280     0.0426     0.0846 1.1605e-01    -0.0678      0.198      0.287    27.3345 0.0000e+00
      0.202      0.000     4.8073     61.432    117.725 123.248658    10.8900     0.5394     0.0426     0.0846 1.1623e-01    -0.2793      0.198      0.287    27.3352 0.0000e+00
      0.202      0.000     4.8228     61.582    117.723 123.249099    10.8900     0.5280     0.0426     0.0846 1.1628e-01    -0.3549      0.198      0.287    27.3361 0.0000e+00
      0.202      0.000     4.8372     61.712    117.725 123.253794    10.8900     0.5432     0.0426     0.0846 1.1625e-01    -0.3700      0.198      0.287    27.3372 0.0000e+00
      0.202      0.000     4.8508     61.823    117.733 123.263995    10.8900     0.5165     0.0426     0.0846 1.1595e-01    -0.4002      0.198      0.287    27.3384 0.0000e+00
      0.202      0.000     4.8638     61.919    117.749 123.282423    10.9800     0.5470     0.0426     0.1692 1.1623e-01    -0.0527      0.198      0.286    27.3396 0.0000e+00
      0.201      0.000     4.8755     62.002    117.766 123.301987    10.9800     0.5280     0.0426     0.1692 1.1610e-01    -0.0225      0.197      0.286    27.3407 0.0000e+00
      0.201      0.000     4.8858     62.077    117.770 123.307899    10.9800     0.5280     0.0426     0.1692 1.1607e-01    -0.1283      0.197      0.286    27.3415 0.0000e+00
      0.201     -0.001     4.8945     62.149    117.762 123.301736    10.9800     0.5432     0.0426     0.1692 1.1597e-01    -0.0376      0.197      0.286    27.3423 0.0000e+00
      0.201     -0.001     4.9020     62.219    117.757 123.297860    10.9800     0.5432     0.0426     0.1269 1.1612e-01    -0.2189      0.197      0.286    27.3430 0.0000e+00
      0.201     -0.001     4.9086     62.285    117.756 123.299237    10.9800     0.5356     0.0426     0.1269 1.1623e-01    -0.3246      0.197      0.285    27.3437 0.0000e+00
