Data/DataNotYetUploadedToEDI/Raw_CTD/RawDownloads/073124_ccr88_S8188001.cnv
* Sea-Bird SBE19plus  Data File:
* FileName = C:\R\Reservoirs\Data\DataNotYetUploadedToEDI\Raw_CTD\RawDownloads\073124_ccr88_S8188_0001.hex
* Software version 2.8.0.119
* Temperature SN = 8188
* Conductivity SN = 8188
* System UpLoad Time = Aug 02 2024 14:05:05
* <ApplicationData>
* <Seaterm232>
# nquan = 16
# nvalues = 970                         
# units = specified
# name 0 = depFM: Depth [fresh water, m]
# name 1 = dz/dtM: Descent Rate [m/s]
# name 2 = sbeox0Mg/L: Oxygen, SBE 43 [mg/l]
# name 3 = sbeox0PS: Oxygen, SBE 43 [% saturation]
# name 4 = specc: Specific Conductance [uS/cm]
# name 5 = c0uS/cm: Conductivity [uS/cm]
# name 6 = wetCDOM: Fluorescence, WET Labs CDOM [mg/m^3]
# name 7 = flECO-AFL: Fluorescence, WET Labs ECO-AFL/FL [mg/m^3]
# name 8 = flECO-AFL1: Fluorescence, WET Labs ECO-AFL/FL, 2 [mg/m^3]
# name 9 = flECO-AFL2: Fluorescence, WET Labs ECO-AFL/FL, 3 [mg/m^3]
# name 10 = par/sat/log: PAR/Logarithmic, Satlantic
# name 11 = turbWETntu0: Turbidity, WET Labs ECO [NTU]
# name 12 = prdM: Pressure, Strain Gauge [db]
# name 13 = prdE: Pressure, Strain Gauge [psi]
# name 14 = tv290C: Temperature [ITS-90, deg C]
# name 15 = flag:  0.000e+00
# span 0 =     -0.407,     10.806       
# span 1 =     -0.354,      0.138       
# span 2 =     3.9496,     9.1907       
# span 3 =     37.139,    117.704       
# span 4 =   -424.361,    124.957       
# span 5 =-458.553192, 126.714101       
# span 6 =    -4.5000,    27.8100       
# span 7 =    -1.1467,   245.0958       
# span 8 =    -2.1300,     3.1950       
# span 9 =    -2.0304,     2.4957       
# span 10 = 4.1653e-01, 2.8338e+03      
# span 11 =    -6.1104,   970.7470      
# span 12 =     -0.399,     10.597      
# span 13 =     -0.580,     15.370      
# span 14 =    12.4245,    34.9858      
# span 15 = 0.0000e+00, 0.0000e+00      
# interval = seconds: 0.25
# start_time = Jul 31 2024 12:28:20 [Instrument's time stamp, header]
# bad_flag = -9.990e-29
*END*
[from data line 272]
      0.259     -0.001     4.1924     54.245    117.201 125.183794    10.8000     0.0130     0.0000     0.0846 5.5212e+02    -0.6419      0.255      0.369    28.3969 0.0000e+00
      0.259     -0.001     4.1935     54.366    117.172 125.150855    10.6200     0.0168     0.0426     0.1692 6.1831e+02    -0.5361      0.254      0.369    28.3976 0.0000e+00
      0.259     -0.001     4.1987     54.530    117.142 125.113239    10.6200     0.0092     0.0426     0.1692 5.6548e+02    -0.4304      0.254      0.368    28.3979 0.0000e+00
      0.258     -0.001     4.2066     54.762    117.118 125.080924    10.6200    -0.0099     0.0426     0.1692 4.9625e+02    -0.4757      0.253      0.367    28.3984 0.0000e+00
      0.258      0.000     4.2150     55.055    117.113 125.069300    10.6200    -0.0061     0.0426     0.1692 4.6726e+02    -0.4908      0.253      0.367    28.3986 0.0000e+00
      0.258      0.000     4.2244     55.363    117.119 125.075266    10.6200     0.0092     0.0426     0.1692 5.0320e+02    -0.4908      0.253      0.367    28.3979 0.0000e+00
      0.258      0.001     4.2373     55.627    117.127 125.088409    10.8000    -0.0061     0.0000     0.1692 5.3060e+02    -0.5210      0.254      0.367    28.3957 0.0000e+00
      0.259      0.001     4.2556     55.813    117.133 125.104230    10.8000     0.0321     0.0000     0.1692 4.6211e+02    -0.5361      0.254      0.368    28.3926 0.0000e+00
      0.260      0.002     4.2786     55.908    117.135 125.114946    10.8000    -0.0061     0.0000     0.1692 4.4632e+02    -0.4908      0.255      0.369    28.3901 0.0000e+00
      0.260      0.002     4.3025     55.914    117.134 125.123414    10.8000     0.0206     0.0000     0.1692 4.9431e+02    -0.4908      0.255      0.370    28.3898 0.0000e+00
      0.261      0.002     4.3229     55.841    117.137 125.135895    10.4400     0.0015     0.0426     0.2115 4.9281e+02    -0.4908      0.256      0.371    28.3920 0.0000e+00
      0.261      0.002     4.3371     55.706    117.138 125.147714    10.4400     0.0206     0.0426     0.2115 5.0036e+02    -0.5361      0.256      0.371    28.3958 0.0000e+00
      0.261      0.002     4.3442     55.528    117.136 125.158022    10.4400     0.0168     0.0426     0.2115 4.8706e+02    -0.6570      0.256      0.372    28.3998 0.0000e+00
      0.262      0.002     4.3443     55.331    117.127 125.161564    10.4400    -0.0099     0.0426     0.2115 5.0715e+02    -0.5210      0.257      0.372    28.4037 0.0000e+00
      0.262      0.002     4.3383     55.133    117.115 125.163288     9.1800    -0.0061     0.0426    -0.0423 7.5235e+02    -0.4455      0.257      0.373    28.4077 0.0000e+00
      0.263      0.002     4.3275     54.937    117.106 125.167655     9.1800     0.0054     0.0426    -0.0423 5.0364e+02    -0.4908      0.258      0.374    28.4122 0.0000e+00
      0.264      0.002     4.3133     54.743    117.086 125.159824     9.1800    -0.0099     0.0426    -0.0423 4.7773e+02    -0.4757      0.259      0.375    28.4173 0.0000e+00
      0.264      0.002     4.2976     54.556    117.057 125.141710     9.1800     0.0206     0.0426    -0.0423 5.4296e+02    -0.5210      0.259      0.376    28.4230 0.0000e+00
      0.265      0.001     4.2817     54.383    117.033 125.128491    10.5300     0.0130     0.0426     0.2115 8.8919e+02    -0.5814      0.260      0.376    28.4290 0.0000e+00
      0.265      0.001     4.2660     54.239    117.023 125.128647    10.5300    -0.0099     0.0426     0.2115 6.5198e+02    -0.5059      0.260      0.377    28.4351 0.0000e+00
      0.265      0.001     4.2505     54.142    117.019 125.134217    10.5300    -0.0137     0.0426     0.2115 6.9817e+02    -0.5966      0.260      0.377    28.4410 0.0000e+00
      0.265      0.001     4.2356     54.096    117.008 125.130681    10.5300    -0.0099     0.0426     0.2115 6.5325e+02    -0.5814      0.260      0.377    28.4466 0.0000e+00
      0.266      0.001     4.2218     54.096    117.001 125.129101    10.5300     0.0206     0.0426     0.2115 8.5955e+02    -0.5814      0.261      0.378    28.4519 0.0000e+00
      0.266      0.001     4.2103     54.128    117.015 125.149063    10.8000    -0.0061     0.0426     0.1269 5.4973e+02    -0.5966      0.261      0.378    28.4567 0.0000e+00
      0.266      0.001     4.2024     54.174    117.043 125.183885    10.8000    -0.0099     0.0426     0.1269 7.4422e+02    -0.4002      0.261      0.379    28.4609 0.0000e+00
      0.266      0.001     4.1986     54.222    117.065 125.210843    10.8000     0.0015     0.0426     0.1269 5.1236e+02    -0.5663      0.261      0.379    28.4642 0.0000e+00
      0.267      0.001     4.1985     54.271    117.073 125.221117    10.8000    -0.0023     0.0426     0.1269 4.8442e+02    -0.4153      0.262      0.380    28.4667 0.0000e+00
      0.267      0.001     4.2008     54.311    117.072 125.221450    10.6200     0.0015     0.0426     0.0846 5.8105e+02    -0.4757      0.262      0.380    28.4689 0.0000e+00
      0.267      0.001     4.2041     54.331    117.066 125.215933    10.6200    -0.0061     0.0426     0.0846 6.2493e+02    -0.5210      0.262      0.380    28.4709 0.0000e+00
      0.267      0.000     4.2077     54.333    117.056 125.207094    10.6200     0.0015     0.0426     0.0846 5.5598e+02    -0.4757      0.262      0.380    28.4723 0.0000e+00
      0.268      0.000     4.2115     54.323    117.052 125.204582    10.6200     0.0092     0.0426     0.0846 8.0286e+02    -0.6570      0.263      0.381    28.4731 0.0000e+00
      0.268      0.000     4.2146     54.308    117.054 125.207728    10.7100    -0.0137     0.0426     0.0423 5.0047e+02    -0.5814      0.263      0.381    28.4735 0.0000e+00
      0.268      0.000     4.2161     54.286    117.053 125.209366    10.7100     0.0015     0.0426     0.0423 5.8345e+02    -0.4908      0.263      0.381    28.4741 0.0000e+00
      0.268     -0.001     4.2161     54.249    117.055 125.213936    10.7100     0.0015     0.0426     0.0423 4.6443e+02    -0.5663      0.263      0.381    28.4749 0.0000e+00
      0.268     -0.001     4.2153     54.202    117.054 125.214654    10.7100     0.0015     0.0426     0.0423 4.7680e+02    -0.4002      0.263      0.381    28.4756 0.0000e+00
      0.267     -0.001     4.2141     54.159    117.048 125.207708    10.7100     0.0092     0.0426     0.0423 6.8867e+02    -0.5814      0.262      0.380    28.4763 0.0000e+00
      0.267     -0.002     4.2123     54.129    117.037 125.195250    10.8000    -0.0214     0.0426     0.0423 7.3219e+02    -0.4606      0.262      0.379    28.4773 0.0000e+00
      0.266     -0.002     4.2094     54.117    117.015 125.169954    10.8000    -0.0061     0.0426     0.0423 6.9786e+02    -0.6117      0.261      0.379    28.4783 0.0000e+00
      0.266     -0.002     4.2056     54.127    116.985 125.133079    10.8000    -0.0481     0.0426     0.0423 9.2748e+02    -0.4908      0.261      0.378    28.4790 0.0000e+00
      0.265     -0.002     4.2023     54.170    116.948 125.086797    10.8000    -0.0214     0.0426     0.0423 5.2818e+02    -0.5210      0.260      0.377    28.4790 0.0000e+00
      0.265     -0.001     4.2001     54.259    116.913 125.038772    10.7100    -0.0023     0.0426     0.1269 6.2656e+02    -0.5966      0.260      0.376    28.4785 0.0000e+00
      0.264     -0.001     4.1992     54.403    116.891 125.002207    10.7100    -0.0137     0.0426     0.1269 4.5326e+02    -0.5814      0.259      0.376    28.4775 0.0000e+00
      0.264     -0.000     4.2001     54.588    116.886 124.983357    10.7100    -0.0137     0.0426     0.1269 1.0601e+03    -0.6268      0.259      0.375    28.4758 0.0000e+00
      0.264      0.000     4.2037     54.779    116.897 124.987197    10.7100    -0.0137     0.0426     0.1269 4.3417e+02    -0.6117      0.259      0.375    28.4728 0.0000e+00
      0.264      0.000     4.2109     54.937    116.916 125.004747    10.7100    -0.0137     0.0426     0.0423 4.5583e+02    -0.5210      0.259      0.376    28.4683 0.0000e+00
      0.265      0.000     4.2225     55.036    116.923 125.012677    10.7100    -0.0023     0.0426     0.0423 4.4613e+02    -0.4908      0.260      0.376    28.4626 0.0000e+00
      0.265     -0.000     4.2373     55.070    116.913 125.003098    10.7100     0.0015     0.0426     0.0423 5.3686e+02    -0.6570      0.260      0.376    28.4573 0.0000e+00
      0.265     -0.000     4.2524     55.055    116.897 124.985460    10.7100    -0.0023     0.0426     0.0423 6.3134e+02    -0.4606      0.260      0.376    28.4537 0.0000e+00
      0.264     -0.001     4.2647     55.004    116.888 124.973067    10.3500     0.0015     0.0852     0.2538 4.4758e+02    -0.4908      0.259      0.376    28.4525 0.0000e+00
      0.264     -0.001     4.2724     54.928    116.885 124.968617    10.3500    -0.0137     0.0852     0.2538 5.3570e+02    -0.5512      0.259      0.375    28.4528 0.0000e+00
      0.264     -0.001     4.2750     54.840    116.878 124.960918    10.3500     0.0015     0.0852     0.2538 5.1425e+02    -0.5663      0.259      0.375    28.4530 0.0000e+00
      0.264     -0.001     4.2739     54.760    116.861 124.941916    10.3500     0.0015     0.0852     0.2538 6.3326e+02    -0.4757      0.259      0.375    28.4526 0.0000e+00
      0.263     -0.001     4.2700     54.717    116.842 124.916547    10.3500    -0.0175     0.0852     0.2538 4.9939e+02    -0.6268      0.258      0.374    28.4517 0.0000e+00
      0.263     -0.001     4.2641     54.739    116.833 124.898054    10.7100    -0.0023     0.0000     0.1269 6.0265e+02    -0.5966      0.258      0.374    28.4512 0.0000e+00
      0.262     -0.001     4.2573     54.832    116.838 124.891509    10.7100     0.0054     0.0000     0.1269 5.4462e+02    -0.4304      0.257      0.373    28.4511 0.0000e+00
      0.262      0.000     4.2511     54.970    116.854 124.899166    10.7100    -0.0099     0.0000     0.1269 5.7178e+02    -0.5663      0.257      0.373    28.4506 0.0000e+00
      0.262      0.000     4.2479     55.110    116.880 124.921066    10.7100     0.0015     0.0000     0.1269 5.1158e+02    -0.4757      0.257      0.373    28.4485 0.0000e+00
      0.263      0.001     4.2500     55.217    116.902 124.943040     9.9900    -0.0137     0.0426     0.0846 6.0924e+02    -0.5059      0.258      0.374    28.4445 0.0000e+00
      0.263      0.001     4.2576     55.269    116.912 124.952941     9.9900     0.0015     0.0426     0.0846 4.6483e+02    -0.6570      0.258      0.374    28.4396 0.0000e+00
      0.263      0.002     4.2686     55.269    116.910 124.949410     9.9900    -0.0061     0.0426     0.0846 5.0069e+02    -0.6117      0.258      0.375    28.4354 0.0000e+00
      0.264      0.002     4.2796     55.245    116.904 124.937508     9.9900     0.0054     0.0426     0.0846 5.1169e+02    -0.5059      0.259      0.375    28.4329 0.0000e+00
      0.264      0.002     4.2880     55.232    116.900 124.926064    10.7100    -0.0214     0.0426     0.1269 5.0298e+02    -0.4304      0.259      0.376    28.4323 0.0000e+00
      0.264      0.002     4.2920     55.250    116.898 124.918028    10.7100     0.0092     0.0426     0.1269 5.2327e+02    -0.5966      0.259      0.376    28.4322 0.0000e+00
      0.265      0.002     4.2920     55.306    116.899 124.915257    10.7100     0.0015     0.0426     0.1269 4.3098e+02    -0.5663      0.260      0.377    28.4313 0.0000e+00
      0.266      0.003     4.2903     55.392    116.906 124.921016    10.7100     0.0015     0.0426     0.1269 6.3741e+02    -0.4606      0.260      0.378    28.4290 0.0000e+00
      0.266      0.003     4.2895     55.483    116.919 124.936838    10.7100    -0.0137     0.0426     0.1269 4.5395e+02    -0.6570      0.261      0.379    28.4260 0.0000e+00
      0.267      0.004     4.2912     55.546    116.944 124.966944    10.8000    -0.0099     0.0000    -0.0423 5.3060e+02    -0.5210      0.262      0.380    28.4234 0.0000e+00
      0.268      0.004     4.2956     55.550    116.966 124.997353    10.8000     0.0092     0.0000    -0.0423 4.7649e+02    -0.5663      0.263      0.382    28.4218 0.0000e+00
      0.269      0.005     4.3023     55.475    116.966 125.004164    10.8000    -0.0214     0.0000    -0.0423 4.2817e+02    -0.5059      0.264      0.383    28.4213 0.0000e+00
      0.271      0.006     4.3094     55.327    116.945 124.987191    10.8000     0.0015     0.0000    -0.0423 5.3349e+02    -0.4908      0.265      0.385    28.4219 0.0000e+00
      0.272      0.007     4.3142     55.145    116.907 124.949913    10.6200     0.0015     0.0426     0.1269 4.4953e+02    -0.4606      0.267      0.387    28.4236 0.0000e+00
      0.274      0.009     4.3142     54.996    116.852 124.890392    10.6200     0.0282     0.0426     0.1269 4.5365e+02    -0.5814      0.268      0.389    28.4262 0.0000e+00
      0.275      0.011     4.3082     54.961    116.780 124.810763    10.6200     0.0092     0.0426     0.1269 4.9841e+02    -0.6419      0.270      0.392    28.4292 0.0000e+00
      0.278      0.015     4.2965     55.122    116.692 124.709798    10.6200    -0.0099     0.0426     0.1269 4.9442e+02    -0.4606      0.273      0.395    28.4316 0.0000e+00
      0.282      0.019     4.2823     55.562    116.611 124.612594    10.8000    -0.0137     0.0426     0.2115 5.1358e+02    -0.5512      0.276      0.401    28.4330 0.0000e+00
      0.287      0.023     4.2708     56.323    116.577 124.563252    10.8000    -0.0023     0.0426     0.2115 8.4750e+02    -0.5512      0.281      0.408    28.4330 0.0000e+00
      0.294      0.027     4.2682     57.333    116.591 124.566621    10.8000     0.0282     0.0426     0.2115 5.7966e+02    -0.4153      0.288      0.418    28.4315 0.0000e+00
      0.302      0.030     4.2809     58.413    116.633 124.601591    10.8000    -0.0023     0.0426     0.2115 5.3710e+02    -0.5512      0.296      0.429    28.4285 0.0000e+00
      0.311      0.033     4.3154     59.397    116.684 124.649477    10.6200     0.0244     0.0852     0.2115 5.2968e+02    -0.5361      0.305      0.442    28.4240 0.0000e+00
      0.320      0.034     4.3749     60.239    116.722 124.687034    10.6200     0.0015     0.0852     0.2115 6.6254e+02    -0.4002      0.314      0.456    28.4186 0.0000e+00
      0.329      0.035     4.4538     61.009    116.718 124.688262    10.6200    -0.0290     0.0852     0.2115 5.2327e+02    -0.5059      0.323      0.468    28.4136 0.0000e+00
      0.338      0.036     4.5380     61.833    116.656 124.633484    10.6200    -0.0137     0.0852     0.2115 4.7473e+02    -0.5966      0.332      0.481    28.4095 0.0000e+00
      0.347      0.038     4.6147     62.867    116.545 124.524098    10.6200    -0.0061     0.0852     0.2115 4.7062e+02    -0.5210      0.340      0.493    28.4064 0.0000e+00
      0.356      0.042     4.6803     64.335    116.423 124.392960    10.8000     0.0282     0.0426     0.0000 5.0958e+02    -0.6117      0.349      0.506    28.4055 0.0000e+00
      0.366      0.046     4.7400     66.613    116.338 124.277128    10.8000     0.0054     0.0426     0.0000 5.1448e+02    -0.6268      0.359      0.520    28.4077 0.0000e+00
      0.378      0.051     4.8037     70.308    116.319 124.195733    10.8000     0.0092     0.0426     0.0000 5.3861e+02    -0.5059      0.370      0.537    28.4123 0.0000e+00
      0.392      0.056     4.8839     76.038    116.358 124.143070    10.8000    -0.0099     0.0426     0.0000 5.4155e+02    -0.5663      0.384      0.557    28.4165 0.0000e+00
      0.408      0.061     4.9983     83.746    116.420 124.105087    10.5300    -0.0175     0.0852     0.1692 4.9302e+02    -0.5210      0.400      0.580    28.4161 0.0000e+00
      0.425      0.065     5.1768     92.444    116.483 124.075650    10.5300     0.0397     0.0852     0.1692 6.6847e+02    -0.5059      0.417      0.604    28.4054 0.0000e+00
