Data/DataNotYetUploadedToEDI/Raw_CTD/RawDownloads/073124_ccr90_S8188007.cnv
* Sea-Bird SBE19plus  Data File:
* FileName = C:\R\Reservoirs\Data\DataNotYetUploadedToEDI\Raw_CTD\RawDownloads\073124_ccr88_S8188_0007.hex
* Software version 2.8.0.119
* Temperature SN = 8188
* Conductivity SN = 8188
* System UpLoad Time = Aug 02 2024 14:06:51
* <ApplicationData>
* <Seaterm232>
# nquan = 16
# nvalues = 1309                        
# units = specified
# name 0 = depFM: Depth [fresh water, m]
# name 1 = dz/dtM: Descent Rate [m/s]
# name 2 = sbeox0Mg/L: Oxygen, SBE 43 [mg/l]
# name 3 = sbeox0PS: Oxygen, SBE 43 [% saturation]
# name 4 = specc: Specific Conductance [uS/cm]
# name 5 = c0uS/cm: Conductivity [uS/cm]
# name 6 = wetCDOM: Fluorescence, WET Labs CDOM [mg/m^3]
# name 7 = flECO-AFL: Fluorescence, WET Labs ECO-AFL/FL [mg/m^3]
# name 8 = flECO-AFL1: Fluorescence, WET Labs ECO-AFL/FL, 2 [mg/m^3]
# name 9 = flECO-AFL2: Fluorescence, WET Labs ECO-AFL/FL, 3 [mg/m^3]
# name 10 = par/sat/log: PAR/Logarithmic, Satlantic
# name 11 = turbWETntu0: Turbidity, WET Labs ECO [NTU]
# name 12 = prdM: Pressure, Strain Gauge [db]
# name 13 = prdE: Pressure, Strain Gauge [psi]
# name 14 = tv290C: Temperature [ITS-90, deg C]
# name 15 = flag:  0.000e+00
# span 0 =     -0.470,      4.074       
# span 1 =     -0.220,      0.149       
# span 2 =     4.3799,     9.4660       
# span 3 =     55.880,    122.614       
# span 4 =   -435.374,    118.095       
# span 5 =-461.112902, 126.858267       
# span 6 =    -4.5000,    20.2500       
# span 7 =    -0.2769,     2.0157       
# span 8 =    -2.1300,     0.1278       
# span 9 =    -2.0304,     0.3384       
# span 10 = 1.1585e-01, 3.4568e-01      
# span 11 =    -1.1102,   694.4655      
# span 12 =     -0.461,      3.995      
# span 13 =     -0.669,      5.795      
# span 14 =    24.1599,    28.7940      
# span 15 = 0.0000e+00, 0.0000e+00      
# interval = seconds: 0.25
# start_time = Jul 31 2024 23:58:35 [Instrument's time stamp, header]
# bad_flag = -9.990e-29
*END*
[from data line 724]
      0.377     -0.045     8.0666    105.044    117.718 126.616399    11.2500     0.4936     0.0426     0.1692 1.1623e-01    -0.0678      0.370      0.537    28.7748 0.0000e+00
      0.365     -0.052     8.0755    105.066    117.693 126.589073    11.2500     0.4746     0.0426     0.1692 1.1605e-01    -0.0074      0.358      0.519    28.7744 0.0000e+00
      0.351     -0.060     8.0879    105.013    117.696 126.592488    11.2500     0.4936     0.0426     0.1692 1.1605e-01    -0.0678      0.344      0.498    28.7738 0.0000e+00
      0.334     -0.067     8.1004    104.931    117.701 126.599541    11.2500     0.4784     0.0426     0.1692 1.1605e-01    -0.0225      0.328      0.475    28.7731 0.0000e+00
      0.316     -0.073     8.1087    104.865    117.696 126.596107    11.2500     0.4708     0.0426     0.1692 1.1610e-01    -0.0376      0.310      0.450    28.7726 0.0000e+00
      0.296     -0.076     8.1105    104.829    117.706 126.609284    11.2500     0.4860     0.0426     0.1692 1.1617e-01    -0.0678      0.290      0.421    28.7724 0.0000e+00
      0.274     -0.077     8.1063    104.821    117.738 126.646586    11.2500     0.4860     0.0426     0.1692 1.1600e-01    -0.0829      0.269      0.390    28.7726 0.0000e+00
      0.252     -0.075     8.1000    104.832    117.774 126.687947    11.2500     0.5013     0.0426     0.1692 1.1600e-01     0.0228      0.247      0.358    28.7732 0.0000e+00
      0.231     -0.070     8.0947    104.848    117.791 126.708380    11.2500     0.4860     0.0426     0.2115 1.1617e-01    -0.0074      0.227      0.329    28.7741 0.0000e+00
      0.214     -0.064     8.0918    104.841    117.794 126.713335    11.2500     0.4708     0.0426     0.2115 1.1605e-01    -0.0074      0.210      0.304    28.7750 0.0000e+00
      0.199     -0.058     8.0910    104.775    117.793 126.714138    11.2500     0.4936     0.0426     0.2115 1.1605e-01    -0.0678      0.195      0.283    28.7760 0.0000e+00
      0.186     -0.052     8.0917    104.628    117.766 126.684990    11.2500     0.4708     0.0426     0.2115 1.1610e-01    -0.0376      0.183      0.266    28.7772 0.0000e+00
      0.175     -0.048     8.0928    104.430    117.726 126.642130    11.2500     0.4936     0.0426     0.1692 1.1617e-01    -0.0678      0.172      0.249    28.7783 0.0000e+00
      0.164     -0.045     8.0922    104.241    117.716 126.630154    11.2500     0.4784     0.0426     0.1692 1.1617e-01    -0.0980      0.161      0.234    28.7792 0.0000e+00
      0.153     -0.044     8.0869    104.115    117.722 126.635864    11.2500     0.4708     0.0426     0.1692 1.1595e-01     0.0681      0.150      0.218    28.7798 0.0000e+00
      0.142     -0.043     8.0756    104.075    117.720 126.632771    11.2500     0.4593     0.0426     0.1692 1.1630e-01    -0.0376      0.139      0.202    28.7800 0.0000e+00
      0.130     -0.042     8.0603    104.104    117.715 126.628052    11.2500     0.4860     0.0852     0.1269 1.1595e-01    -0.0527      0.128      0.185    28.7798 0.0000e+00
      0.119     -0.041     8.0458    104.183    117.715 126.628453    11.2500     0.4708     0.0852     0.1269 1.1607e-01    -0.0980      0.117      0.169    28.7794 0.0000e+00
      0.108     -0.038     8.0361    104.313    117.719 126.634081    11.2500     0.4746     0.0852     0.1269 1.1595e-01    -0.0829      0.107      0.154    28.7790 0.0000e+00
      0.098     -0.035     8.0331    104.486    117.733 126.650440    11.2500     0.4822     0.0852     0.1269 1.7257e-01    -0.1131      0.097      0.140    28.7788 0.0000e+00
      0.090     -0.031     8.0353    104.669    117.749 126.669886    11.2500     0.4631     0.0852     0.1269 1.8316e-01     0.0077      0.088      0.128    28.7789 0.0000e+00
      0.082     -0.027     8.0414    104.825    117.765 126.689601    11.2500     0.4936     0.0426     0.2115 1.4958e-01    -0.0225      0.081      0.117    28.7792 0.0000e+00
      0.076     -0.023     8.0513    104.941    117.787 126.714842    11.2500     0.4708     0.0426     0.2115 1.4328e-01    -0.0980      0.075      0.109    28.7797 0.0000e+00
      0.071     -0.018     8.0646    105.005    117.805 126.734332    11.2500     0.4860     0.0426     0.2115 3.3722e-01     0.0681      0.070      0.102    28.7804 0.0000e+00
      0.067     -0.014     8.0786    105.001    117.803 126.733260    11.2500     0.4708     0.0426     0.2115 2.9286e-01    -0.1434      0.066      0.096    28.7813 0.0000e+00
      0.064     -0.011     8.0905    104.943    117.777 126.705336    11.2500     0.4822     0.0426     0.0846 1.4393e-01    -0.0376      0.063      0.091    28.7822 0.0000e+00
      0.062     -0.008     8.0994    104.858    117.732 126.657120    11.2500     0.4746     0.0426     0.0846 1.1620e-01    -0.0980      0.061      0.088    28.7828 0.0000e+00
      0.061     -0.005     8.1042    104.766    117.685 126.607769    11.2500     0.4593     0.0426     0.0846 1.1600e-01    -0.0980      0.060      0.086    28.7832 0.0000e+00
      0.060     -0.004     8.1039    104.684    117.660 126.582142    11.2500     0.4593     0.0426     0.0846 1.1623e-01    -0.1585      0.059      0.086    28.7833 0.0000e+00
      0.060     -0.002     8.0994    104.636    117.669 126.593413    11.2500     0.4936     0.0852     0.0846 1.1605e-01    -0.0678      0.059      0.085    28.7834 0.0000e+00
      0.060     -0.002     8.0928    104.622    117.692 126.620578    11.2500     0.4746     0.0852     0.0846 1.1610e-01    -0.0376      0.059      0.085    28.7835 0.0000e+00
      0.060     -0.001     8.0856    104.622    117.702 126.632862    11.2500     0.4746     0.0852     0.0846 1.1610e-01    -0.1131      0.059      0.085    28.7839 0.0000e+00
      0.059     -0.002     8.0792    104.625    117.706 126.639544    11.2500     0.4593     0.0852     0.0846 1.1595e-01    -0.0527      0.058      0.084    28.7845 0.0000e+00
      0.059     -0.002     8.0755    104.626    117.736 126.672421    11.2500     0.4517     0.0852     0.0846 1.1590e-01     0.0379      0.058      0.084    28.7852 0.0000e+00
      0.058     -0.003     8.0743    104.619    117.776 126.716249    11.2500     0.4708     0.0852     0.1269 1.1605e-01    -0.0829      0.057      0.083    28.7862 0.0000e+00
      0.057     -0.004     8.0741    104.612    117.790 126.730690    11.2500     0.4746     0.0852     0.1269 1.1615e-01     0.0228      0.056      0.082    28.7871 0.0000e+00
      0.057     -0.004     8.0742    104.608    117.784 126.723597    11.2500     0.4746     0.0852     0.1269 1.1620e-01    -0.0376      0.056      0.081    28.7879 0.0000e+00
      0.056     -0.005     8.0743    104.582    117.777 126.715090    11.2500     0.4555     0.0852     0.1269 1.1605e-01    -0.0678      0.055      0.079    28.7883 0.0000e+00
      0.054     -0.005     8.0737    104.505    117.755 126.690894    11.2500     0.4708     0.0426     0.2115 1.1623e-01    -0.0074      0.053      0.077    28.7884 0.0000e+00
      0.052     -0.005     8.0732    104.378    117.725 126.658563    11.2500     0.4936     0.0426     0.2115 1.1595e-01    -0.0527      0.051      0.074    28.7883 0.0000e+00
      0.050     -0.005     8.0729    104.245    117.715 126.647494    11.2500     0.4708     0.0426     0.2115 1.1617e-01    -0.0980      0.050      0.072    28.7880 0.0000e+00
      0.050     -0.004     8.0710    104.165    117.721 126.654733    11.2500     0.4784     0.0426     0.2115 1.1620e-01    -0.1131      0.049      0.070    28.7876 0.0000e+00
      0.049     -0.003     8.0651    104.162    117.731 126.666206    11.2500     0.4936     0.0426     0.1269 1.1612e-01    -0.1283      0.048      0.069    28.7873 0.0000e+00
      0.049     -0.003     8.0553    104.214    117.748 126.684971    11.2500     0.4822     0.0426     0.1269 1.1628e-01    -0.1736      0.048      0.069    28.7872 0.0000e+00
      0.048     -0.002     8.0450    104.299    117.771 126.710029    11.2500     0.4708     0.0426     0.1269 1.1605e-01    -0.1434      0.047      0.068    28.7873 0.0000e+00
      0.047     -0.002     8.0389    104.411    117.790 126.730054    11.2500     0.4593     0.0426     0.1269 1.1610e-01    -0.0376      0.046      0.067    28.7876 0.0000e+00
      0.046     -0.002     8.0385    104.544    117.807 126.748386    11.2500     0.4708     0.0426     0.0846 1.1617e-01    -0.1283      0.046      0.066    28.7878 0.0000e+00
      0.046     -0.001     8.0425    104.666    117.827 126.769913    11.2500     0.4784     0.0426     0.0846 1.1607e-01    -0.0829      0.045      0.065    28.7879 0.0000e+00
      0.046     -0.001     8.0491    104.745    117.850 126.794372    11.2500     0.4669     0.0426     0.0846 1.1605e-01     0.0681      0.045      0.065    28.7880 0.0000e+00
      0.045      0.000     8.0577    104.770    117.874 126.820282    11.2500     0.4555     0.0426     0.0846 1.1605e-01    -0.0074      0.044      0.064    28.7879 0.0000e+00
      0.045      0.001     8.0680    104.768    117.885 126.832542    11.2500     0.4708     0.0426     0.0846 1.1597e-01    -0.0074      0.044      0.065    28.7878 0.0000e+00
      0.046      0.002     8.0774    104.775    117.885 126.832421    11.2500     0.4708     0.0426     0.1269 1.1615e-01    -0.0829      0.045      0.065    28.7878 0.0000e+00
      0.046      0.003     8.0835    104.808    117.881 126.827889    11.2500     0.4784     0.0426     0.1269 1.1612e-01    -0.0980      0.045      0.066    28.7878 0.0000e+00
      0.047      0.004     8.0854    104.857    117.869 126.815739    11.2500     0.4631     0.0426     0.1269 1.1620e-01     0.0077      0.046      0.068    28.7879 0.0000e+00
      0.049      0.005     8.0852    104.895    117.867 126.812738    11.2500     0.4936     0.0426     0.1269 1.1605e-01    -0.0980      0.048      0.069    28.7881 0.0000e+00
      0.050      0.005     8.0857    104.904    117.883 126.830092    11.2500     0.4593     0.0426     0.2961 1.1610e-01     0.0681      0.049      0.071    28.7882 0.0000e+00
      0.052      0.006     8.0883    104.886    117.900 126.848417    11.2500     0.4593     0.0426     0.2961 1.1600e-01    -0.0678      0.051      0.073    28.7882 0.0000e+00
      0.053      0.006     8.0921    104.849    117.905 126.854592    11.2500     0.4898     0.0426     0.2961 1.1605e-01    -0.0678      0.052      0.075    28.7881 0.0000e+00
      0.055      0.007     8.0951    104.795    117.909 126.858267    11.2500     0.4784     0.0426     0.2961 1.1617e-01     0.0077      0.053      0.077    28.7881 0.0000e+00
      0.056      0.008     8.0957    104.736    117.907 126.856421    11.2500     0.4936     0.0426     0.2538 1.1612e-01    -0.1585      0.055      0.080    28.7880 0.0000e+00
      0.058      0.009     8.0943    104.693    117.894 126.842558    11.2500     0.5089     0.0426     0.2538 1.1610e-01    -0.0829      0.056      0.082    28.7880 0.0000e+00
      0.060      0.011     8.0915    104.687    117.879 126.826989    11.2500     0.4708     0.0426     0.2538 1.1600e-01    -0.0678      0.059      0.085    28.7880 0.0000e+00
      0.063      0.013     8.0874    104.721    117.861 126.807561    11.2500     0.4975     0.0426     0.2538 1.1615e-01    -0.0678      0.062      0.090    28.7882 0.0000e+00
      0.067      0.015     8.0828    104.775    117.838 126.783097    11.2500     0.4936     0.0426     0.0846 1.1612e-01    -0.2340      0.065      0.095    28.7883 0.0000e+00
      0.071      0.018     8.0794    104.815    117.822 126.767082    11.2500     0.4936     0.0426     0.0846 1.1620e-01     0.0379      0.069      0.101    28.7884 0.0000e+00
      0.076      0.019     8.0789    104.816    117.818 126.763249    11.2500     0.4860     0.0426     0.0846 1.1625e-01    -0.0678      0.074      0.108    28.7885 0.0000e+00
      0.082      0.020     8.0815    104.771    117.830 126.776579    11.2500     0.4746     0.0426     0.0846 1.1600e-01    -0.1283      0.080      0.116    28.7885 0.0000e+00
      0.088      0.019     8.0857    104.677    117.850 126.798621    11.2500     0.4784     0.0426     0.0846 1.1617e-01    -0.0678      0.086      0.125    28.7886 0.0000e+00
      0.093      0.018     8.0888    104.550    117.858 126.807238    11.2500     0.4860     0.0426     0.0846 1.1610e-01    -0.0980      0.091      0.132    28.7889 0.0000e+00
      0.097      0.018     8.0888    104.432    117.863 126.812734    11.2500     0.4517     0.0426     0.0846 1.1612e-01    -0.0980      0.095      0.138    28.7893 0.0000e+00
      0.101      0.018     8.0853    104.364    117.864 126.814573    11.2500     0.4708     0.0426     0.0846 1.1597e-01    -0.1131      0.098      0.143    28.7897 0.0000e+00
      0.104      0.018     8.0780    104.357    117.845 126.795237    11.2500     0.4517     0.0426     0.0846 1.1600e-01     0.0077      0.102      0.148    28.7898 0.0000e+00
      0.108      0.020     8.0682    104.396    117.818 126.767578    11.2500     0.4593     0.0000     0.1692 1.1615e-01    -0.1434      0.106      0.154    28.7899 0.0000e+00
      0.113      0.022     8.0590    104.475    117.797 126.746230    11.2500     0.4555     0.0000     0.1692 1.1620e-01     0.0228      0.111      0.161    28.7899 0.0000e+00
      0.119      0.025     8.0538    104.591    117.780 126.729503    11.2500     0.4898     0.0000     0.1692 1.1605e-01    -0.0527      0.117      0.170    28.7901 0.0000e+00
      0.126      0.027     8.0531    104.736    117.781 126.730944    11.2500     0.4746     0.0000     0.1692 1.1607e-01    -0.0678      0.124      0.180    28.7905 0.0000e+00
      0.134      0.028     8.0561    104.884    117.799 126.750938    11.2500     0.4784     0.0426     0.2115 1.1610e-01    -0.0376      0.131      0.191    28.7911 0.0000e+00
      0.142      0.028     8.0621    104.995    117.809 126.760802    11.2500     0.4784     0.0426     0.2115 1.1617e-01    -0.0074      0.139      0.202    28.7917 0.0000e+00
      0.150      0.028     8.0710    105.029    117.814 126.765165    11.2500     0.4593     0.0426     0.2115 1.1605e-01    -0.0980      0.146      0.213    28.7922 0.0000e+00
      0.157      0.028     8.0821    104.987    117.822 126.773196    11.2500     0.4708     0.0426     0.2115 1.1630e-01     0.0077      0.153      0.223    28.7924 0.0000e+00
      0.163      0.027     8.0936    104.907    117.812 126.763024    11.2500     0.4631     0.0426     0.2115 1.1600e-01     0.0228      0.160      0.232    28.7924 0.0000e+00
      0.169      0.027     8.1022    104.833    117.787 126.735939    11.2500     0.4708     0.0852     0.2538 1.1617e-01     0.0077      0.166      0.241    28.7922 0.0000e+00
      0.176      0.028     8.1049    104.792    117.769 126.716733    11.2500     0.4746     0.0852     0.2538 1.1628e-01    -0.0980      0.172      0.250    28.7920 0.0000e+00
      0.183      0.030     8.1016    104.791    117.767 126.714291    11.2500     0.4517     0.0852     0.2538 1.1605e-01    -0.1585      0.179      0.260    28.7919 0.0000e+00
      0.191      0.033     8.0955    104.823    117.775 126.723961    11.2500     0.4669     0.0852     0.2538 1.1615e-01    -0.0678      0.187      0.271    28.7918 0.0000e+00
      0.199      0.036     8.0897    104.876    117.785 126.734313    11.2500     0.5165     0.0426     0.1692 1.1617e-01    -0.0225      0.195      0.283    28.7918 0.0000e+00
      0.209      0.039     8.0865    104.933    117.796 126.746109    11.2500     0.5356     0.0426     0.1692 1.1600e-01    -0.0527      0.205      0.297    28.7919 0.0000e+00
      0.220      0.041     8.0864    104.971    117.816 126.766494    11.2500     0.5356     0.0426     0.1692 1.1605e-01    -0.0678      0.215      0.312    28.7920 0.0000e+00
      0.231      0.042     8.0889    104.950    117.824 126.774893    11.2500     0.5318     0.0426     0.1692 1.1612e-01    -0.1131      0.226      0.328    28.7921 0.0000e+00
