Data/DataNotYetUploadedToEDI/Raw_CTD/RawDownloads/073124_ccr90_S8188005.cnv
* Sea-Bird SBE19plus  Data File:
* FileName = C:\R\Reservoirs\Data\DataNotYetUploadedToEDI\Raw_CTD\RawDownloads\073124_ccr88_S8188_0005.hex
* Software version 2.8.0.119
* Temperature SN = 8188
* Conductivity SN = 8188
* System UpLoad Time = Aug 02 2024 14:06:11
* <ApplicationData>
* <Seaterm232>
# nquan = 16
# nvalues = 1014                        
# units = specified
# name 0 = depFM: Depth [fresh water, m]
# name 1 = dz/dtM: Descent Rate [m/s]
# name 2 = sbeox0Mg/L: Oxygen, SBE 43 [mg/l]
# name 3 = sbeox0PS: Oxygen, SBE 43 [% saturation]
# name 4 = specc: Specific Conductance [uS/cm]
# name 5 = c0uS/cm: Conductivity [uS/cm]
# name 6 = wetCDOM: Fluorescence, WET Labs CDOM [mg/m^3]
# name 7 = flECO-AFL: Fluorescence, WET Labs ECO-AFL/FL [mg/m^3]
# name 8 = flECO-AFL1: Fluorescence, WET Labs ECO-AFL/FL, 2 [mg/m^3]
# name 9 = flECO-AFL2: Fluorescence, WET Labs ECO-AFL/FL, 3 [mg/m^3]
# name 10 = par/sat/log: PAR/Logarithmic, Satlantic
# name 11 = turbWETntu0: Turbidity, WET Labs ECO [NTU]
# name 12 = prdM: Pressure, Strain Gauge [db]
# name 13 = prdE: Pressure, Strain Gauge [psi]
# name 14 = tv290C: Temperature [ITS-90, deg C]
# name 15 = flag:  0.000e+00
# span 0 =     -0.476,      4.238       
# span 1 =     -0.218,      0.164       
# span 2 =     3.8039,     9.6467       
# span 3 =     48.889,    125.692       
# span 4 =   -431.858,    117.986       
# span 5 =-459.886631, 127.650323       
# span 6 =    -4.5000,   306.5400       
# span 7 =    -0.2922,     1.9509       
# span 8 =    -2.1300,     1.1076       
# span 9 =    -2.0304,     4.1877       
# span 10 = 1.1570e-01, 1.7212e-01      
# span 11 =    -0.8685,   337.0322      
# span 12 =     -0.467,      4.156      
# span 13 =     -0.677,      6.028      
# span 14 =    24.4356,    29.1582      
# span 15 = 0.0000e+00, 0.0000e+00      
# interval = seconds: 0.25
# start_time = Jul 31 2024 20:48:39 [Instrument's time stamp, header]
# bad_flag = -9.990e-29
*END*
[from data line 362]
      0.307     -0.061     5.4627    112.463    117.955 127.430363    11.1600     0.4669     0.0426     0.2115 1.1590e-01    -0.1283      0.301      0.437    28.6616 0.0000e+00
      0.290     -0.065     6.2074    119.699    117.900 127.463701    11.0700     0.4517     0.0426     0.1692 1.1602e-01    -0.0980      0.284      0.412    28.7794 0.0000e+00
      0.271     -0.066     7.0644    124.122    117.849 127.472911    11.0700     0.4936     0.0426     0.1692 1.1600e-01    -0.0829      0.266      0.386    28.8780 0.0000e+00
      0.253     -0.066     7.9091    125.692    117.811 127.476459    11.0700     0.4593     0.0426     0.1692 1.1600e-01    -0.1585      0.248      0.360    28.9536 0.0000e+00
      0.236     -0.064     8.6404    124.832    117.779 127.475292    11.0700     0.4212     0.0426     0.1692 1.1610e-01    -0.0527      0.231      0.335    29.0092 0.0000e+00
      0.220     -0.061     9.1918    122.355    117.753 127.473101    11.0700     0.3868     0.0426     0.1692 1.1610e-01    -0.1585      0.215      0.312    29.0488 0.0000e+00
      0.205     -0.057     9.5284    119.185    117.738 127.477308    11.0700     0.4021     0.0426     0.1692 1.1600e-01    -0.0980      0.201      0.291    29.0761 0.0000e+00
      0.191     -0.053     9.6467    116.010    117.726 127.481030    11.0700     0.4135     0.0426     0.1692 1.1612e-01    -0.1585      0.187      0.271    29.0950 0.0000e+00
      0.177     -0.048     9.5790    113.198    117.711 127.477257    11.0700     0.4708     0.0426     0.1692 1.1617e-01    -0.0678      0.174      0.252    29.1090 0.0000e+00
      0.165     -0.043     9.3875    110.910    117.708 127.484994    11.0700     0.4708     0.0426     0.1692 1.1605e-01    -0.0980      0.162      0.235    29.1200 0.0000e+00
      0.155     -0.037     9.1431    109.173    117.719 127.506304    10.9800     0.4517     0.0426     0.1692 1.1617e-01    -0.1585      0.152      0.220    29.1289 0.0000e+00
      0.146     -0.032     8.8985    107.912    117.732 127.526859    10.9800     0.4593     0.0426     0.1692 1.1602e-01    -0.1283      0.143      0.208    29.1359 0.0000e+00
      0.139     -0.027     8.6820    107.027    117.743 127.544138    10.9800     0.4708     0.0426     0.1692 1.1610e-01    -0.1434      0.136      0.197    29.1415 0.0000e+00
      0.133     -0.022     8.5059    106.440    117.749 127.554745    10.9800     0.4669     0.0426     0.1692 1.1600e-01    -0.0074      0.131      0.189    29.1460 0.0000e+00
      0.129     -0.018     8.3721    106.080    117.757 127.565510    10.9800     0.4669     0.0426     0.0846 1.1602e-01    -0.0678      0.126      0.183    29.1498 0.0000e+00
      0.125     -0.015     8.2750    105.878    117.769 127.579304    10.9800     0.4708     0.0426     0.0846 1.1605e-01    -0.0678      0.122      0.177    29.1528 0.0000e+00
      0.121     -0.012     8.2068    105.785    117.769 127.579796    10.9800     0.4593     0.0426     0.0846 1.1602e-01     0.1890      0.119      0.172    29.1550 0.0000e+00
      0.119     -0.010     8.1615    105.758    117.751 127.559111    10.9800     0.4555     0.0426     0.0846 1.1605e-01     0.1588      0.116      0.169    29.1566 0.0000e+00
      0.117     -0.008     8.1338    105.747    117.727 127.531745    10.9800     0.4708     0.0426     0.1692 1.1612e-01     0.2494      0.114      0.166    29.1576 0.0000e+00
      0.115     -0.007     8.1182    105.720    117.712 127.514411    10.9800     0.4708     0.0426     0.1692 1.1610e-01     0.1134      0.113      0.164    29.1581 0.0000e+00
      0.114     -0.006     8.1111    105.672    117.702 127.502487    10.9800     0.5356     0.0426     0.1692 1.1610e-01    -0.0225      0.112      0.162    29.1582 0.0000e+00
      0.112     -0.006     8.1091    105.621    117.694 127.492794    10.9800     0.5509     0.0426     0.1692 1.1605e-01    -0.1585      0.110      0.160    29.1578 0.0000e+00
      0.110     -0.006     8.1083    105.591    117.700 127.498754    10.9800     0.5242     0.0426     0.1692 1.1615e-01     0.0077      0.108      0.157    29.1574 0.0000e+00
      0.109     -0.007     8.1063    105.584    117.708 127.505950    10.9800     0.5280     0.0426     0.1269 1.1610e-01    -0.1283      0.107      0.155    29.1569 0.0000e+00
      0.107     -0.008     8.1027    105.582    117.700 127.496290    10.9800     0.5089     0.0426     0.1269 1.1612e-01    -0.0074      0.105      0.152    29.1565 0.0000e+00
      0.105     -0.008     8.0988    105.565    117.709 127.505216    10.9800     0.5280     0.0426     0.1269 1.1612e-01    -0.0980      0.103      0.150    29.1561 0.0000e+00
      0.103     -0.009     8.0966    105.522    117.758 127.557120    10.9800     0.5432     0.0426     0.1269 1.1605e-01    -0.0678      0.101      0.147    29.1557 0.0000e+00
      0.100     -0.009     8.0962    105.462    117.803 127.603811    11.0700     0.5203     0.0426     0.2115 1.1630e-01    -0.1434      0.098      0.143    29.1552 0.0000e+00
      0.098     -0.008     8.0960    105.414    117.808 127.607716    11.0700     0.4746     0.0426     0.2115 1.1617e-01    -0.1283      0.096      0.139    29.1547 0.0000e+00
      0.095     -0.008     8.0948    105.403    117.798 127.593888    11.0700     0.4860     0.0426     0.2115 1.1615e-01    -0.0980      0.093      0.135    29.1542 0.0000e+00
      0.094     -0.007     8.0916    105.426    117.790 127.582651    11.0700     0.4631     0.0426     0.2115 1.2642e-01    -0.1283      0.092      0.133    29.1537 0.0000e+00
      0.093     -0.006     8.0871    105.462    117.785 127.575011    10.9800     0.4708     0.0426     0.1269 1.1610e-01    -0.0678      0.091      0.131    29.1530 0.0000e+00
      0.092     -0.005     8.0836    105.495    117.789 127.576935    10.9800     0.4784     0.0426     0.1269 1.1623e-01    -0.0980      0.090      0.130    29.1521 0.0000e+00
      0.091     -0.004     8.0829    105.526    117.806 127.592937    10.9800     0.4784     0.0426     0.1269 1.1623e-01    -0.1434      0.089      0.129    29.1511 0.0000e+00
      0.089     -0.003     8.0848    105.559    117.822 127.607274    10.9800     0.4517     0.0426     0.1269 1.1600e-01    -0.0678      0.087      0.126    29.1501 0.0000e+00
      0.087     -0.001     8.0876    105.590    117.824 127.607761    10.9800     0.4860     0.0426     0.1269 1.1617e-01    -0.0678      0.086      0.124    29.1491 0.0000e+00
      0.087      0.001     8.0903    105.605    117.818 127.598531    11.0700     0.4936     0.0426     0.1269 1.1597e-01    -0.0376      0.085      0.123    29.1480 0.0000e+00
      0.088      0.003     8.0928    105.607    117.796 127.573118    11.0700     0.4593     0.0426     0.1269 1.1607e-01    -0.1283      0.086      0.124    29.1467 0.0000e+00
      0.089      0.006     8.0955    105.602    117.779 127.552761    11.0700     0.4517     0.0426     0.1269 1.2568e-01    -0.0678      0.088      0.127    29.1455 0.0000e+00
      0.091      0.007     8.0980    105.572    117.783 127.556044    11.0700     0.4784     0.0426     0.1269 1.1617e-01    -0.0376      0.090      0.130    29.1446 0.0000e+00
      0.094      0.008     8.0993    105.488    117.792 127.563831    11.0700     0.5432     0.0852     0.2115 1.1605e-01    -0.0225      0.092      0.134    29.1438 0.0000e+00
      0.097      0.007     8.0996    105.337    117.798 127.570196    11.0700     0.5242     0.0852     0.2115 1.1582e-01    -0.0980      0.095      0.138    29.1430 0.0000e+00
      0.099      0.005     8.0993    105.158    117.809 127.580837    11.0700     0.5470     0.0852     0.2115 1.1592e-01    -0.0829      0.097      0.141    29.1422 0.0000e+00
      0.100      0.003     8.0971    105.019    117.820 127.590588    11.0700     0.5394     0.0852     0.2115 1.1623e-01    -0.0678      0.098      0.143    29.1416 0.0000e+00
      0.101      0.001     8.0907    104.961    117.822 127.590044    11.0700     0.4631     0.0426     0.0846 1.1595e-01    -0.1585      0.099      0.143    29.1412 0.0000e+00
      0.100     -0.001     8.0792    104.977    117.822 127.587062    11.0700     0.4860     0.0426     0.0846 1.1612e-01    -0.0678      0.099      0.143    29.1409 0.0000e+00
      0.100     -0.003     8.0655    105.037    117.831 127.592855    11.0700     0.4593     0.0426     0.0846 1.1620e-01    -0.0980      0.098      0.142    29.1404 0.0000e+00
      0.098     -0.004     8.0550    105.101    117.842 127.600961    11.0700     0.4708     0.0426     0.0846 1.2000e-01    -0.0678      0.096      0.140    29.1396 0.0000e+00
      0.097     -0.004     8.0507    105.144    117.833 127.589530    11.0700     0.4860     0.0426     0.1269 1.1612e-01    -0.0980      0.095      0.138    29.1384 0.0000e+00
      0.096     -0.004     8.0521    105.176    117.806 127.559516    11.0700     0.4517     0.0426     0.1269 1.1628e-01    -0.0376      0.094      0.136    29.1369 0.0000e+00
      0.095     -0.003     8.0570    105.215    117.801 127.554942    11.0700     0.4936     0.0426     0.1269 1.1615e-01    -0.0074      0.093      0.135    29.1353 0.0000e+00
      0.094     -0.003     8.0621    105.269    117.815 127.570584    11.0700     0.4669     0.0426     0.1269 1.1615e-01    -0.1131      0.093      0.134    29.1339 0.0000e+00
      0.094     -0.003     8.0655    105.330    117.810 127.566594    11.0700     0.5432     0.0426     0.1269 1.1600e-01    -0.0527      0.092      0.133    29.1331 0.0000e+00
      0.093     -0.003     8.0679    105.389    117.802 127.557914    11.1600     0.5280     0.0426     0.0846 1.1590e-01    -0.1283      0.092      0.133    29.1328 0.0000e+00
      0.092     -0.004     8.0709    105.447    117.806 127.562241    11.1600     0.5203     0.0426     0.0846 1.1602e-01    -0.1434      0.091      0.132    29.1330 0.0000e+00
      0.091     -0.004     8.0750    105.510    117.809 127.564720    11.1600     0.5242     0.0426     0.0846 1.1615e-01    -0.0980      0.090      0.130    29.1334 0.0000e+00
      0.090     -0.005     8.0797    105.575    117.800 127.554007    11.1600     0.4822     0.0426     0.0846 1.1615e-01    -0.0829      0.089      0.129    29.1338 0.0000e+00
      0.089     -0.006     8.0842    105.639    117.798 127.551256    11.1600     0.5013     0.0426     0.1692 1.1605e-01     0.0228      0.088      0.127    29.1339 0.0000e+00
      0.087     -0.006     8.0886    105.687    117.815 127.567740    11.1600     0.4784     0.0426     0.1692 1.1597e-01    -0.0678      0.086      0.124    29.1338 0.0000e+00
      0.085     -0.005     8.0935    105.701    117.832 127.583842    11.1600     0.4822     0.0426     0.1692 1.1628e-01    -0.0376      0.084      0.121    29.1336 0.0000e+00
      0.083     -0.003     8.0986    105.678    117.842 127.591851    11.1600     0.4784     0.0426     0.1692 1.1625e-01    -0.1434      0.082      0.118    29.1332 0.0000e+00
      0.082      0.000     8.1035    105.645    117.841 127.589899    11.2500     0.4746     0.0426     0.2115 1.1620e-01    -0.0678      0.081      0.116    29.1326 0.0000e+00
      0.082      0.005     8.1073    105.627    117.834 127.581469    11.2500     0.4860     0.0426     0.2115 1.1605e-01    -0.1131      0.081      0.117    29.1318 0.0000e+00
      0.084      0.010     8.1085    105.631    117.834 127.580320    11.2500     0.5051     0.0426     0.2115 1.2131e-01    -0.0678      0.082      0.119    29.1309 0.0000e+00
      0.087      0.016     8.1069    105.646    117.844 127.586146    11.2500     0.4402     0.0426     0.2115 1.1610e-01    -0.0376      0.086      0.124    29.1301 0.0000e+00
      0.092      0.021     8.1044    105.660    117.847 127.580492    11.2500     0.4746     0.0426     0.2115 1.1610e-01    -0.0829      0.090      0.131    29.1296 0.0000e+00
      0.098      0.024     8.1031    105.676    117.841 127.561847    11.4300     0.4936     0.0426     0.2538 1.1615e-01    -0.0074      0.097      0.140    29.1293 0.0000e+00
      0.106      0.027     8.1035    105.696    117.839 127.549252    11.4300     0.4555     0.0426     0.2538 1.1607e-01    -0.1585      0.104      0.151    29.1286 0.0000e+00
      0.115      0.028     8.1049    105.715    117.849 127.555354    11.4300     0.4555     0.0426     0.2538 1.1595e-01    -0.0980      0.113      0.163    29.1265 0.0000e+00
      0.123      0.028     8.1066    105.722    117.862 127.569775    11.4300     0.4593     0.0426     0.2538 1.1595e-01    -0.1585      0.120      0.174    29.1227 0.0000e+00
      0.130      0.026     8.1085    105.705    117.873 127.584353    11.4300     0.4669     0.0426     0.1692 1.1610e-01    -0.1585      0.127      0.184    29.1174 0.0000e+00
      0.136      0.025     8.1107    105.673    117.889 127.606980    11.4300     0.4593     0.0426     0.1692 1.1610e-01    -0.0678      0.133      0.193    29.1130 0.0000e+00
      0.142      0.024     8.1124    105.648    117.899 127.623679    11.4300     0.4212     0.0426     0.1692 1.1617e-01    -0.0678      0.139      0.201    29.1111 0.0000e+00
      0.147      0.023     8.1128    105.639    117.895 127.626897    11.4300     0.4173     0.0426     0.1692 1.1617e-01    -0.0678      0.144      0.209    29.1114 0.0000e+00
      0.153      0.024     8.1114    105.643    117.900 127.637504    11.3400     0.4059     0.0426     0.2115 1.1615e-01    -0.0678      0.149      0.217    29.1126 0.0000e+00
      0.158      0.026     8.1087    105.647    117.909 127.650323    11.3400     0.3830     0.0426     0.2115 1.1617e-01    -0.0527      0.155      0.225    29.1145 0.0000e+00
      0.164      0.029     8.1064    105.629    117.899 127.636759    11.3400     0.5165     0.0426     0.2115 1.1595e-01    -0.1283      0.161      0.234    29.1171 0.0000e+00
      0.171      0.033     8.1053    105.576    117.877 127.605199    11.3400     0.5432     0.0426     0.2115 1.1600e-01    -0.0678      0.168      0.243    29.1202 0.0000e+00
      0.180      0.039     8.1052    105.516    117.868 127.583246    11.3400     0.5203     0.0426     0.0846 1.1605e-01    -0.0678      0.176      0.255    29.1227 0.0000e+00
      0.190      0.046     8.1054    105.483    117.862 127.561043    11.3400     0.5394     0.0426     0.0846 1.1602e-01    -0.0376      0.186      0.270    29.1237 0.0000e+00
      0.202      0.053     8.1041    105.483    117.838 127.516660    11.3400     0.4555     0.0426     0.0846 1.1610e-01    -0.1283      0.198      0.287    29.1226 0.0000e+00
      0.217      0.060     8.1006    105.503    117.815 127.468276    11.3400     0.4593     0.0426     0.0846 1.1610e-01    -0.1434      0.212      0.308    29.1192 0.0000e+00
      0.234      0.066     8.0967    105.533    117.809 127.437003    11.3400     0.4631     0.0426     0.0846 1.1595e-01    -0.0527      0.228      0.332    29.1140 0.0000e+00
      0.252      0.071     8.0951    105.589    117.807 127.412500    11.2500     0.4898     0.0426     0.1692 1.1612e-01    -0.0829      0.247      0.358    29.1075 0.0000e+00
      0.272      0.074     8.0963    105.674    117.804 127.390232    11.2500     0.4784     0.0426     0.1692 1.1612e-01    -0.1283      0.266      0.386    29.0995 0.0000e+00
      0.292      0.076     8.0991    105.773    117.801 127.372263    11.2500     0.4517     0.0426     0.1692 1.1617e-01    -0.0829      0.286      0.415    29.0898 0.0000e+00
      0.312      0.075     8.1029    105.868    117.794 127.353803    11.2500     0.4784     0.0426     0.1692 1.1617e-01    -0.1283      0.305      0.443    29.0794 0.0000e+00
      0.332      0.073     8.1086    105.951    117.785 127.335930    11.0700     0.4784     0.0426     0.2538 1.1597e-01    -0.0678      0.325      0.471    29.0697 0.0000e+00
      0.350      0.070     8.1163    106.014    117.788 127.333887    11.0700     0.4708     0.0426     0.2538 1.1600e-01    -0.0829      0.343      0.498    29.0617 0.0000e+00
