Data/DataNotYetUploadedToEDI/Raw_CTD/RawDownloads/073124_ccr88_S8188006.cnv
* Sea-Bird SBE19plus  Data File:
* FileName = C:\R\Reservoirs\Data\DataNotYetUploadedToEDI\Raw_CTD\RawDownloads\073124_ccr88_S8188_0006.hex
* Software version 2.8.0.119
* Temperature SN = 8188
* Conductivity SN = 8188
* System UpLoad Time = Aug 02 2024 14:06:31
* <ApplicationData>
* <Seaterm232>
# nquan = 16
# nvalues = 1212                        
# units = specified
# name 0 = depFM: Depth [fresh water, m]
# name 1 = dz/dtM: Descent Rate [m/s]
# name 2 = sbeox0Mg/L: Oxygen, SBE 43 [mg/l]
# name 3 = sbeox0PS: Oxygen, SBE 43 [% saturation]
# name 4 = specc: Specific Conductance [uS/cm]
# name 5 = c0uS/cm: Conductivity [uS/cm]
# name 6 = wetCDOM: Fluorescence, WET Labs CDOM [mg/m^3]
# name 7 = flECO-AFL: Fluorescence, WET Labs ECO-AFL/FL [mg/m^3]
# name 8 = flECO-AFL1: Fluorescence, WET Labs ECO-AFL/FL, 2 [mg/m^3]
# name 9 = flECO-AFL2: Fluorescence, WET Labs ECO-AFL/FL, 3 [mg/m^3]
# name 10 = par/sat/log: PAR/Logarithmic, Satlantic
# name 11 = turbWETntu0: Turbidity, WET Labs ECO [NTU]
# name 12 = prdM: Pressure, Strain Gauge [db]
# name 13 = prdE: Pressure, Strain Gauge [psi]
# name 14 = tv290C: Temperature [ITS-90, deg C]
# name 15 = flag:  0.000e+00
# span 0 =     -0.479,     10.702       
# span 1 =     -0.227,      0.154       
# span 2 =     3.1487,     9.1768       
# span 3 =     29.562,    118.924       
# span 4 =      1.275,    127.681       
# span 5 =   1.239224, 127.217023       
# span 6 =    -4.5000,    29.1600       
# span 7 =    -0.2884,     8.9357       
# span 8 =    -2.1300,     0.2556       
# span 9 =    -2.0304,     1.2267       
# span 10 = 1.1585e-01, 2.3571e-01      
# span 11 =    -1.0800,    59.8141      
# span 12 =     -0.469,     10.495      
# span 13 =     -0.680,     15.222      
# span 14 =    12.3549,    28.8562      
# span 15 = 0.0000e+00, 0.0000e+00      
# interval = seconds: 0.25
# start_time = Jul 31 2024 23:48:08 [Instrument's time stamp, header]
# bad_flag = -9.990e-29
*END*
[from data line 814]
      8.638      0.109     3.5392     34.105    125.315  95.189102    28.7100     1.0124     0.2130     0.3384 1.1607e-01     3.5426      8.471     12.285    13.0254 0.0000e+00
      8.665      0.109     3.4363     35.526    125.300  95.146556    28.7100     1.0201     0.2130     0.3384 1.1605e-01     3.4671      8.498     12.324    13.0107 0.0000e+00
      8.693      0.109     3.4213     37.150    125.261  95.078205    28.7100     0.9934     0.2130     0.3384 1.1623e-01     3.5577      8.525     12.364    12.9980 0.0000e+00
      8.720      0.109     3.4802     38.874    125.193  94.981804    28.8000     0.9018     0.2556     0.2538 1.1610e-01     2.7873      8.552     12.403    12.9872 0.0000e+00
      8.748      0.108     3.5944     40.627    125.131  94.889585    28.8000     0.8789     0.2556     0.2538 1.1617e-01     2.6966      8.579     12.443    12.9768 0.0000e+00
      8.776      0.108     3.7453     42.363    125.122  94.844882    28.8000     0.8827     0.2556     0.2538 1.1610e-01     2.7722      8.607     12.483    12.9644 0.0000e+00
      8.804      0.106     3.9179     44.053    125.180  94.857751    28.8000     0.8789     0.2556     0.2538 1.1595e-01     2.7118      8.634     12.522    12.9488 0.0000e+00
      8.831      0.105     4.1013     45.679    125.260  94.893663    28.8000     0.8217     0.2556     0.2538 1.1630e-01     2.2737      8.660     12.561    12.9309 0.0000e+00
      8.857      0.103     4.2880     47.221    125.325  94.924231    28.8000     0.8293     0.2130     0.3384 1.1595e-01     2.2586      8.686     12.598    12.9131 0.0000e+00
      8.883      0.102     4.4728     48.641    125.353  94.933633    28.8000     0.7988     0.2130     0.3384 1.1612e-01     2.3341      8.711     12.635    12.8978 0.0000e+00
      8.908      0.101     4.6524     49.881    125.305  94.890409    28.8000     0.8255     0.2130     0.3384 1.1607e-01     2.4247      8.737     12.671    12.8856 0.0000e+00
      8.934      0.100     4.8251     50.890    125.211  94.811004    28.8000     0.7721     0.2130     0.3384 1.1615e-01     2.2132      8.762     12.707    12.8758 0.0000e+00
      8.959      0.100     4.9887     51.635    125.170  94.766149    28.7100     0.7683     0.2130     0.2961 1.1623e-01     2.2435      8.786     12.743    12.8682 0.0000e+00
      8.985      0.100     5.1393     52.093    125.215  94.777846    28.7100     0.7225     0.2130     0.2961 1.1612e-01     2.1226      8.811     12.779    12.8634 0.0000e+00
      9.010      0.100     5.2706     52.262    125.303  94.817249    28.7100     0.7683     0.2130     0.2961 1.1605e-01     2.1528      8.836     12.816    12.8606 0.0000e+00
      9.036      0.099     5.3775     52.173    125.400  94.858900    28.7100     0.7607     0.2130     0.2961 1.1610e-01     2.2737      8.861     12.852    12.8575 0.0000e+00
      9.061      0.099     5.4569     51.870    125.458  94.867952    28.5300     0.7492     0.2130     0.2961 1.1602e-01     2.1830      8.886     12.889    12.8518 0.0000e+00
      9.087      0.099     5.5063     51.404    125.457  94.832833    28.5300     0.7607     0.2130     0.2961 1.1600e-01     2.1679      8.911     12.924    12.8431 0.0000e+00
      9.112      0.099     5.5255     50.827    125.433  94.782136    28.5300     0.7492     0.2130     0.2961 1.1630e-01     2.1981      8.935     12.960    12.8322 0.0000e+00
      9.137      0.098     5.5176     50.168    125.405  94.732310    28.5300     0.7073     0.2130     0.2961 1.1607e-01     2.1830      8.960     12.996    12.8195 0.0000e+00
      9.162      0.098     5.4872     49.429    125.382  94.690046    28.2600     0.6996     0.2130     0.2538 1.1620e-01     2.1679      8.985     13.032    12.8058 0.0000e+00
      9.187      0.098     5.4396     48.610    125.370  94.660056    28.2600     0.7149     0.2130     0.2538 1.1617e-01     2.1830      9.010     13.067    12.7920 0.0000e+00
      9.212      0.097     5.3801     47.704    125.390  94.654323    28.2600     0.6996     0.2130     0.2538 1.1628e-01     2.1226      9.034     13.103    12.7790 0.0000e+00
      9.237      0.097     5.3117     46.704    125.459  94.683304    28.2600     0.6844     0.2130     0.2538 1.1612e-01     2.5305      9.058     13.138    12.7674 0.0000e+00
      9.261      0.098     5.2346     45.612    125.544  94.722759    28.2600     0.6882     0.2130     0.2538 1.1617e-01     2.5154      9.082     13.173    12.7577 0.0000e+00
      9.286      0.098     5.1488     44.437    125.603  94.743251    28.1700     0.7149     0.2130     0.2538 1.1602e-01     2.6815      9.106     13.208    12.7493 0.0000e+00
      9.311      0.099     5.0538     43.183    125.636  94.746248    28.1700     0.6996     0.2130     0.2538 1.1602e-01     2.6513      9.131     13.243    12.7410 0.0000e+00
      9.336      0.100     4.9489     41.849    125.637  94.726554    28.1700     0.7302     0.2130     0.2538 1.1623e-01     2.7571      9.155     13.279    12.7318 0.0000e+00
      9.362      0.100     4.8342     40.456    125.602  94.680915    28.1700     0.7645     0.2130     0.2538 1.1617e-01     2.7269      9.181     13.316    12.7220 0.0000e+00
      9.388      0.101     4.7107     39.063    125.555  94.627128    28.0800     0.7874     0.2130     0.2115 1.1600e-01     2.8930      9.206     13.352    12.7124 0.0000e+00
      9.414      0.101     4.5786     37.773    125.507  94.576822    28.0800     0.7683     0.2130     0.2115 1.1615e-01     2.8477      9.232     13.390    12.7036 0.0000e+00
      9.440      0.100     4.4379     36.710    125.502  94.562534    28.0800     0.7721     0.2130     0.2115 1.1602e-01     2.2737      9.257     13.427    12.6956 0.0000e+00
      9.465      0.099     4.2909     35.988    125.548  94.590441    28.0800     0.7721     0.2130     0.2115 1.1607e-01     2.3794      9.282     13.463    12.6878 0.0000e+00
      9.490      0.098     4.1440     35.682    125.582  94.610046    27.9900     0.7454     0.2130     0.2115 1.1628e-01     2.3945      9.307     13.498    12.6806 0.0000e+00
      9.515      0.096     4.0076     35.812    125.592  94.608598    27.9900     0.7721     0.2130     0.2115 1.1623e-01     2.3039      9.331     13.533    12.6748 0.0000e+00
      9.539      0.095     3.8953     36.341    125.606  94.605689    27.9900     0.7797     0.2130     0.2115 1.1595e-01     2.3945      9.354     13.568    12.6707 0.0000e+00
      9.563      0.093     3.8189     37.182    125.602  94.588555    27.9900     0.7645     0.2130     0.2115 1.1617e-01     2.3643      9.378     13.602    12.6681 0.0000e+00
      9.587      0.091     3.7866     38.211    125.579  94.558619    27.9900     0.7836     0.2130     0.2115 1.1612e-01     2.3341      9.401     13.635    12.6657 0.0000e+00
      9.610      0.089     3.8008     39.307    125.574  94.545859    27.9000     0.7569     0.1704     0.2538 1.1600e-01     2.4247      9.424     13.668    12.6620 0.0000e+00
      9.633      0.087     3.8575     40.364    125.572  94.536881    27.9000     0.9857     0.1704     0.2538 1.1607e-01     2.8930      9.446     13.700    12.6567 0.0000e+00
      9.655      0.086     3.9472     41.307    125.552  94.513309    27.9000     1.0163     0.1704     0.2538 1.1605e-01     2.8175      9.468     13.732    12.6509 0.0000e+00
      9.676      0.085     4.0569     42.092    125.553  94.504818    27.9000     1.0163     0.1704     0.2538 1.1612e-01     2.8024      9.489     13.762    12.6461 0.0000e+00
      9.697      0.084     4.1735     42.697    125.586  94.521131    27.9000     1.0124     0.1704     0.1692 1.1615e-01     2.8024      9.509     13.792    12.6426 0.0000e+00
      9.718      0.085     4.2861     43.103    125.615  94.534633    27.9000     1.2032     0.1704     0.1692 1.1607e-01     4.0260      9.530     13.822    12.6395 0.0000e+00
      9.739      0.086     4.3866     43.304    125.642  94.544926    27.9000     1.1956     0.1704     0.1692 1.1617e-01     4.0260      9.550     13.851    12.6360 0.0000e+00
      9.760      0.089     4.4704     43.295    125.708  94.580730    27.9000     1.2108     0.1704     0.1692 1.1617e-01     4.0864      9.572     13.882    12.6324 0.0000e+00
      9.783      0.092     4.5349     43.070    125.823  94.649593    27.8100     1.1956     0.1704     0.2538 1.1605e-01     3.9958      9.594     13.915    12.6291 0.0000e+00
      9.807      0.096     4.5784     42.621    125.970  94.735913    27.8100     1.5503     0.1704     0.2538 1.1590e-01     4.6454      9.618     13.949    12.6258 0.0000e+00
      9.832      0.099     4.6001     41.942    126.121  94.818756    27.8100     1.5618     0.1704     0.2538 1.1628e-01     4.7360      9.642     13.985    12.6217 0.0000e+00
      9.858      0.102     4.5997     41.031    126.234  94.870261    27.8100     1.5503     0.1704     0.2538 1.1615e-01     4.6605      9.668     14.022    12.6164 0.0000e+00
      9.885      0.104     4.5765     39.905    126.302  94.890176    27.8100     1.5694     0.1704     0.2538 1.1617e-01     4.6756      9.694     14.060    12.6093 0.0000e+00
      9.913      0.105     4.5297     38.596    126.356  94.903790    27.8100     3.2708     0.1704     0.2538 1.1612e-01     5.1590      9.721     14.099    12.5997 0.0000e+00
      9.940      0.105     4.4586     37.140    126.393  94.908739    27.8100     3.2822     0.1704     0.2538 1.1617e-01     5.2345      9.748     14.138    12.5875 0.0000e+00
      9.967      0.104     4.3630     35.600    126.396  94.892357    27.8100     3.2860     0.1704     0.2538 1.1612e-01     5.1288      9.775     14.177    12.5743 0.0000e+00
      9.994      0.102     4.2445     34.066    126.375  94.860263    27.8100     3.3127     0.1704     0.2538 1.1607e-01     5.3252      9.801     14.215    12.5619 0.0000e+00
     10.020      0.101     4.1062     32.641    126.350  94.827874    27.9000     5.1743     0.1704     0.1692 1.1600e-01     5.4007      9.827     14.252    12.5512 0.0000e+00
     10.045      0.099     3.9521     31.419    126.331  94.800540    27.9000     5.1591     0.1704     0.1692 1.1612e-01     5.4460      9.851     14.288    12.5422 0.0000e+00
     10.069      0.099     3.7889     30.475    126.324  94.782957    27.9000     5.1743     0.1704     0.1692 1.1612e-01     5.4611      9.875     14.322    12.5347 0.0000e+00
     10.094      0.099     3.6262     29.852    126.341  94.782423    27.9000     5.1553     0.1704     0.1692 1.1612e-01     5.3554      9.899     14.357    12.5283 0.0000e+00
     10.118      0.101     3.4749     29.562    126.375  94.794800    27.9000     5.1896     0.1704     0.2115 1.1597e-01     5.4158      9.923     14.392    12.5228 0.0000e+00
     10.144      0.103     3.3453     29.595    126.413  94.809404    27.9000     5.9564     0.1704     0.2115 1.1607e-01     5.4158      9.948     14.429    12.5177 0.0000e+00
     10.171      0.105     3.2452     29.915    126.416  94.798159    27.9000     5.9907     0.1704     0.2115 1.1638e-01     5.4309      9.974     14.467    12.5127 0.0000e+00
     10.199      0.107     3.1792     30.462    126.370  94.750077    27.9000     5.9678     0.1704     0.2115 1.1605e-01     5.4309     10.001     14.506    12.5076 0.0000e+00
     10.227      0.109     3.1487     31.164    126.333  94.708276    28.6200     5.9526     0.1704     0.3807 1.1617e-01     5.3403     10.029     14.546    12.5023 0.0000e+00
     10.255      0.110     3.1527     31.941    126.311  94.677591    28.6200     5.7389     0.1704     0.3807 1.1595e-01     5.4611     10.057     14.586    12.4970 0.0000e+00
     10.284      0.110     3.1871     32.718    126.241  94.611880    28.6200     5.7160     0.1704     0.3807 1.1595e-01     5.4611     10.085     14.627    12.4915 0.0000e+00
     10.312      0.110     3.2458     33.441    126.151  94.531579    28.6200     5.7008     0.1704     0.3807 1.1623e-01     5.4762     10.112     14.666    12.4860 0.0000e+00
     10.340      0.110     3.3211     34.081    126.089  94.473213    28.6200     5.7008     0.1704     0.3807 1.1600e-01     5.4460     10.139     14.706    12.4804 0.0000e+00
     10.368      0.110     3.4043     34.641    126.053  94.435203    28.9800     4.3694     0.1278     0.4653 1.1600e-01     5.4158     10.167     14.746    12.4749 0.0000e+00
     10.396      0.109     3.4876     35.148    126.046  94.419401    28.9800     4.3809     0.1278     0.4653 1.1605e-01     5.4158     10.195     14.786    12.4696 0.0000e+00
     10.424      0.109     3.5650     35.628    126.064  94.421591    28.9800     4.4000     0.1278     0.4653 1.1612e-01     5.3554     10.222     14.826    12.4646 0.0000e+00
     10.452      0.108     3.6336     36.100    126.088  94.426376    28.9800     4.3732     0.1278     0.4653 1.1615e-01     5.4309     10.249     14.866    12.4600 0.0000e+00
     10.479      0.108     3.6937     36.583    126.112  94.431033    29.0700     4.9874     0.1704     0.6345 1.1612e-01     4.2677     10.277     14.905    12.4557 0.0000e+00
     10.507      0.107     3.7481     37.095    126.168  94.456785    29.0700     4.9760     0.1704     0.6345 1.1612e-01     4.2526     10.304     14.944    12.4514 0.0000e+00
     10.534      0.105     3.7996     37.645    126.268  94.514492    29.0700     4.9951     0.1704     0.6345 1.1600e-01     4.2375     10.330     14.983    12.4468 0.0000e+00
     10.561      0.102     3.8505     38.217    126.403  94.595568    29.0700     4.9989     0.1704     0.6345 1.1607e-01     4.2526     10.357     15.021    12.4418 0.0000e+00
     10.587      0.097     3.9025     38.774    126.565  94.695660    29.1600     8.8823     0.1704     0.9306 1.1605e-01     7.3796     10.383     15.059    12.4363 0.0000e+00
     10.613      0.090     3.9576     39.254    126.755  94.813488    29.1600     8.9357     0.1704     0.9306 1.1612e-01     7.3343     10.408     15.095    12.4301 0.0000e+00
     10.636      0.081     4.0169     39.584    126.957  94.938516    29.1600     8.9090     0.1704     0.9306 1.1595e-01     7.4099     10.431     15.128    12.4232 0.0000e+00
     10.657      0.070     4.0787     39.693    127.158  95.064124    29.1600     8.8937     0.1704     0.9306 1.1625e-01     7.1984     10.451     15.158    12.4155 0.0000e+00
     10.674      0.057     4.1389     39.523    127.384  95.209821    28.9800     7.5662     0.1704     0.9306 1.1620e-01    22.8637     10.467     15.182    12.4069 0.0000e+00
     10.687      0.042     4.1911     39.045    127.597  95.348525    28.9800     7.5891     0.1704     0.9306 1.1600e-01    22.9393     10.480     15.201    12.3974 0.0000e+00
     10.696      0.027     4.2273     38.265    127.681  95.397343    28.9800     7.5509     0.1704     0.9306 1.1600e-01    22.8033     10.489     15.214    12.3872 0.0000e+00
     10.701      0.009     4.2397     37.231    127.612  95.345317    28.9800     7.5586     0.1704     0.9306 1.1617e-01    22.8184     10.494     15.221    12.3774 0.0000e+00
     10.702     -0.009     4.2225     36.018    127.426  95.230521    28.9800     5.2926     0.1704     0.9306 1.1610e-01    59.7839     10.495     15.222    12.3685 0.0000e+00
     10.698     -0.030     4.1722     34.711    127.176  95.098264    28.8000     5.3117     0.1704     0.8883 1.1612e-01    59.7083     10.491     15.216    12.3606 0.0000e+00
     10.689     -0.052     4.0895     33.406    126.975  95.033157    28.8000     5.3002     0.1704     0.8883 1.1607e-01    59.8141     10.483     15.204    12.3550 0.0000e+00
     10.674     -0.076     3.9791     32.234    126.834  95.037823    28.8000     5.3040     0.1704     0.8883 1.1612e-01    59.7536     10.468     15.182    12.3549 0.0000e+00
     10.653     -0.099     3.8488     31.360    126.650  95.021604    28.8000     5.4032     0.1704     0.8883 1.1597e-01    14.5401     10.447     15.151    12.3643 0.0000e+00
