Data/DataNotYetUploadedToEDI/Raw_CTD/RawDownloads/073124_ccr88_S8188001.cnv
* Sea-Bird SBE19plus  Data File:
* FileName = C:\R\Reservoirs\Data\DataNotYetUploadedToEDI\Raw_CTD\RawDownloads\073124_ccr88_S8188_0001.hex
* Software version 2.8.0.119
* Temperature SN = 8188
* Conductivity SN = 8188
* System UpLoad Time = Aug 02 2024 14:05:05
* <ApplicationData>
* <Seaterm232>
# nquan = 16
# nvalues = 970                         
# units = specified
# name 0 = depFM: Depth [fresh water, m]
# name 1 = dz/dtM: Descent Rate [m/s]
# name 2 = sbeox0Mg/L: Oxygen, SBE 43 [mg/l]
# name 3 = sbeox0PS: Oxygen, SBE 43 [% saturation]
# name 4 = specc: Specific Conductance [uS/cm]
# name 5 = c0uS/cm: Conductivity [uS/cm]
# name 6 = wetCDOM: Fluorescence, WET Labs CDOM [mg/m^3]
# name 7 = flECO-AFL: Fluorescence, WET Labs ECO-AFL/FL [mg/m^3]
# name 8 = flECO-AFL1: Fluorescence, WET Labs ECO-AFL/FL, 2 [mg/m^3]
# name 9 = flECO-AFL2: Fluorescence, WET Labs ECO-AFL/FL, 3 [mg/m^3]
# name 10 = par/sat/log: PAR/Logarithmic, Satlantic
# name 11 = turbWETntu0: Turbidity, WET Labs ECO [NTU]
# name 12 = prdM: Pressure, Strain Gauge [db]
# name 13 = prdE: Pressure, Strain Gauge [psi]
# name 14 = tv290C: Temperature [ITS-90, deg C]
# name 15 = flag:  0.000e+00
# span 0 =     -0.407,     10.806       
# span 1 =     -0.354,      0.138       
# span 2 =     3.9496,     9.1907       
# span 3 =     37.139,    117.704       
# span 4 =   -424.361,    124.957       
# span 5 =-458.553192, 126.714101       
# span 6 =    -4.5000,    27.8100       
# span 7 =    -1.1467,   245.0958       
# span 8 =    -2.1300,     3.1950       
# span 9 =    -2.0304,     2.4957       
# span 10 = 4.1653e-01, 2.8338e+03      
# span 11 =    -6.1104,   970.7470      
# span 12 =     -0.399,     10.597      
# span 13 =     -0.580,     15.370      
# span 14 =    12.4245,    34.9858      
# span 15 = 0.0000e+00, 0.0000e+00      
# interval = seconds: 0.25
# start_time = Jul 31 2024 12:28:20 [Instrument's time stamp, header]
# bad_flag = -9.990e-29
*END*
     -0.407      0.006     4.7547     68.632      0.807   0.933120    -4.5000    -0.1701    -2.1300    -2.0304 3.8702e+02    -4.3278     -0.399     -0.580    34.9858 0.0000e+00
     -0.406      0.007     4.7584     68.711      1.141   1.310642    -4.5000    -0.1778    -2.1300    -2.0304 3.4960e+02    -4.4034     -0.398     -0.578    34.9630 0.0000e+00
     -0.404      0.009     4.7638     68.789      1.686   1.926841    -4.5000    -0.1968    -2.1300    -2.0304 3.2925e+02    -4.4638     -0.396     -0.575    34.9392 0.0000e+00
     -0.401      0.012     4.7706     68.861      2.572   2.926152     0.0000    -0.2273     0.2982     0.2961 2.5164e+02    -0.0376     -0.394     -0.572    34.9157 0.0000e+00
     -0.398      0.015     4.7782     68.922      4.021   4.559148     0.0000    -0.2426     0.2982     0.2961 1.8536e+02    -0.0527     -0.391     -0.567    34.8887 0.0000e+00
     -0.394      0.020     4.7866     68.978      6.408   7.245388     0.0000    -0.2426     0.2982     0.2961 8.9151e+02    -0.0527     -0.387     -0.562    34.8542 0.0000e+00
     -0.389      0.025     4.7961     69.038     10.360  11.693247     0.0000    -0.2502     0.2982     0.2961 2.7248e+02     0.0228     -0.382     -0.554    34.8053 0.0000e+00
     -0.383      0.031     4.8074     69.109     16.953  19.112684     0.0000    -0.8492     0.2982     0.2961 1.1345e+03    -6.0651     -0.375     -0.545    34.7281 0.0000e+00
     -0.375      0.037     4.8223     69.184     26.381  29.677351     0.0000    -0.8568    -0.6816    -0.2961 3.6736e+02    -6.0802     -0.367     -0.533    34.5989 0.0000e+00
     -0.364      0.043     4.8441     69.252     36.927  41.361711     0.0000    -0.8873    -0.6816    -0.2961 7.9730e+02    -6.1104     -0.357     -0.518    34.3801 0.0000e+00
     -0.351      0.048     4.8786     69.308     47.305  52.683559     0.0000    -0.8644    -0.6816    -0.2961 8.2335e+02    -6.1104     -0.345     -0.500    34.0122 0.0000e+00
     -0.337      0.052     4.9283     69.356     57.847  64.041291     0.0000    -0.0442    -0.6816    -0.2961 1.1379e+03    -0.5814     -0.331     -0.480    33.4702 0.0000e+00
     -0.323      0.054     4.9874     69.396     69.681  76.720937     3.9600    -0.0404     0.8946    -1.5228 1.3834e+03    -0.5814     -0.317     -0.460    32.8229 0.0000e+00
     -0.309      0.055     5.0472     69.429     82.819  90.764447     3.9600    -0.0404     0.8946    -1.5228 1.3194e+03    -0.5210     -0.303     -0.440    32.1695 0.0000e+00
     -0.295      0.056     5.1026     69.456     94.510 103.162264     3.9600    -0.0633     0.8946    -1.5228 9.1228e+02    -0.5966     -0.289     -0.420    31.5664 0.0000e+00
     -0.281      0.056     5.1523     69.481    102.568 111.547674     3.9600    -0.0442     0.8946    -1.5228 8.1694e+02    -0.6117     -0.276     -0.400    31.0303 0.0000e+00
     -0.267      0.055     5.1957     69.507    107.559 116.585104     4.2300    -0.0595     2.4708     2.4957 9.9211e+02    -0.4908     -0.261     -0.379    30.5676 0.0000e+00
     -0.252      0.053     5.2326     69.532    110.680 119.617845     4.2300    -0.0519     2.4708     2.4957 1.5375e+03    -0.4908     -0.247     -0.358    30.1769 0.0000e+00
     -0.237      0.051     5.2643     69.555    112.680 121.478614     4.2300    -0.0557     2.4708     2.4957 1.8116e+03    -0.4908     -0.233     -0.338    29.8431 0.0000e+00
     -0.224      0.047     5.2920     69.575    114.001 122.655598     4.2300    -0.0137     2.4708     2.4957 1.8223e+03    -0.4757     -0.220     -0.319    29.5556 0.0000e+00
     -0.212      0.041     5.3161     69.589    114.881 123.420631     7.1100     0.0015     0.3408     0.2961 1.6093e+03    -0.4908     -0.208     -0.302    29.3124 0.0000e+00
     -0.202      0.035     5.3364     69.597    115.455 123.933695     7.1100     0.0168     0.3408     0.2961 1.0691e+03    -0.4908     -0.198     -0.288    29.1117 0.0000e+00
     -0.194      0.029     5.3531     69.601    115.805 124.293588     7.1100    -0.0290     0.3408     0.2961 1.0843e+03    -0.4908     -0.190     -0.277    28.9493 0.0000e+00
     -0.188      0.025     5.3665     69.604    115.984 124.560267     7.1100    -0.0137     0.3408     0.2961 1.7361e+03    -0.5210     -0.185     -0.268    28.8222 0.0000e+00
     -0.184      0.022     5.3761     69.602    116.041 124.770839     7.1100     0.0130     0.3408     0.2961 1.7870e+03    -0.4757     -0.180     -0.262    28.7307 0.0000e+00
     -0.180      0.022     5.3815     69.595    116.015 124.917449    10.2600    -0.0099     0.0000     0.0000 1.7654e+03    -0.6268     -0.177     -0.256    28.6778 0.0000e+00
     -0.176      0.023     5.3830     69.584    115.924 124.957179    10.2600     0.0282     0.0000     0.0000 1.7932e+03    -0.4757     -0.172     -0.250    28.6660 0.0000e+00
     -0.170      0.026     5.3804     69.577    115.824 124.896639    10.2600     0.0206     0.0000     0.0000 1.7761e+03    -0.5814     -0.167     -0.242    28.6952 0.0000e+00
     -0.163      0.031     5.3744     69.580    115.811 124.813726    10.2600    -0.0061     0.0000     0.0000 1.8458e+03    -0.5210     -0.160     -0.232    28.7575 0.0000e+00
     -0.154      0.036     5.3668     69.592    115.918 124.774357    10.2600    -0.0099     0.0852     0.0000 1.8518e+03    -0.5210     -0.151     -0.219    28.8316 0.0000e+00
     -0.144      0.042     5.3604     69.614    116.101 124.782021    10.2600    -0.0023     0.0852     0.0000 1.8530e+03    -0.5210     -0.141     -0.205    28.8906 0.0000e+00
     -0.133      0.049     5.3580     69.654    116.315 124.826742    10.2600    -0.0061     0.0852     0.0000 1.8908e+03    -0.5814     -0.131     -0.189    28.9106 0.0000e+00
     -0.121      0.056     5.3611     69.715    116.561 124.928438    10.2600    -0.0061     0.0852     0.0000 1.9102e+03    -0.4455     -0.119     -0.172    28.8810 0.0000e+00
     -0.107      0.064     5.3683     69.803    116.834 125.096209    10.3500     0.0130     0.0426     0.0423 1.9177e+03    -0.5210     -0.105     -0.152    28.8141 0.0000e+00
     -0.090      0.073     5.3776     69.920    117.097 125.294758    10.3500    -0.0099     0.0426     0.0423 1.9817e+03    -0.5512     -0.088     -0.128    28.7327 0.0000e+00
     -0.070      0.081     5.3882     70.070    117.315 125.480991    10.3500    -0.0137     0.0426     0.0423 1.8900e+03    -0.5663     -0.069     -0.099    28.6528 0.0000e+00
     -0.047      0.089     5.3996     70.252    117.480 125.636541    10.3500     0.0054     0.0426     0.0423 8.0723e+02    -0.5814     -0.046     -0.067    28.5834 0.0000e+00
     -0.022      0.095     5.4114     70.469    117.585 125.740865    10.3500     0.0092     0.0426     0.0423 6.5155e+02    -0.5361     -0.022     -0.031    28.5298 0.0000e+00
      0.004      0.098     5.4239     70.716    117.607 125.755754    10.4400    -0.0023     0.0000     0.1692 8.1765e+02    -0.4908      0.004      0.006    28.4940 0.0000e+00
      0.031      0.097     5.4374     70.982    117.550 125.671176    10.4400     0.0397     0.0000     0.1692 9.2085e+02    -0.4757      0.030      0.044    28.4738 0.0000e+00
      0.058      0.093     5.4524     71.260    117.462 125.528604    10.4400     0.0855     0.0000     0.1692 6.6876e+02    -0.4757      0.056      0.082    28.4647 0.0000e+00
      0.082      0.087     5.4696     71.547    117.380 125.372051    10.4400     0.0435     0.0000     0.1692 7.1770e+02    -0.5210      0.081      0.117    28.4612 0.0000e+00
      0.104      0.078     5.4891     71.851    117.306 125.213786    10.5300     0.0664     0.0426    -0.0423 5.0309e+02    -0.4908      0.102      0.148    28.4574 0.0000e+00
      0.123      0.067     5.5108     72.198    117.230 125.051617    10.5300     0.0473     0.0426    -0.0423 3.3241e+02    -0.4908      0.120      0.175    28.4472 0.0000e+00
      0.138      0.057     5.5344     72.641    117.156 124.896313    10.5300     0.0511     0.0426    -0.0423 3.0680e+02    -0.6268      0.136      0.197    28.4268 0.0000e+00
      0.151      0.046     5.5596     73.278    117.099 124.766481    10.5300     0.0549     0.0426    -0.0423 3.1952e+02    -0.4757      0.148      0.214    28.3974 0.0000e+00
      0.161      0.037     5.5866     74.314    117.064 124.669510    10.4400     0.1007     0.0426     0.2115 2.9007e+02    -0.5814      0.158      0.228    28.3635 0.0000e+00
      0.168      0.029     5.6170     76.226    117.053 124.607549    10.4400     0.0626     0.0426     0.2115 3.3162e+02    -0.5210      0.165      0.239    28.3291 0.0000e+00
      0.174      0.023     5.6547     79.470    117.062 124.576077    10.4400     0.0588     0.0426     0.2115 4.0509e+02    -0.5210      0.171      0.248    28.2966 0.0000e+00
      0.179      0.018     5.7073     83.698    117.086 124.566699    10.4400     0.0816     0.0426     0.2115 3.4276e+02    -0.4908      0.175      0.254    28.2672 0.0000e+00
      0.182      0.014     5.7907     87.843    117.124 124.580915    10.4400     0.0588     0.0426     0.1692 4.0176e+02    -0.5512      0.179      0.259    28.2418 0.0000e+00
      0.185      0.011     5.9420     90.973    117.176 124.618513    10.4400     0.0473     0.0426     0.1692 4.1688e+02    -0.5210      0.182      0.263    28.2204 0.0000e+00
      0.187      0.009     6.1968     92.658    117.239 124.673512    10.4400     0.0816     0.0426     0.1692 3.2301e+02    -0.5512      0.184      0.266    28.2026 0.0000e+00
      0.189      0.007     6.5281     92.853    117.315 124.748575    10.4400     0.0549     0.0426     0.1692 3.1758e+02    -0.5210      0.185      0.269    28.1881 0.0000e+00
      0.190      0.006     6.8527     91.739    117.405 124.843711    10.4400     0.0435     0.0426     0.1692 3.0256e+02    -0.5512      0.187      0.271    28.1769 0.0000e+00
      0.192      0.005     7.0978     89.610    117.494 124.942274    10.4400     0.0130     0.0426     0.0846 3.3169e+02    -0.5512      0.188      0.273    28.1690 0.0000e+00
      0.193      0.004     7.2298     86.825    117.557 125.014525    10.4400    -0.0023     0.0426     0.0846 3.3299e+02    -0.4606      0.189      0.274    28.1641 0.0000e+00
      0.193      0.003     7.2452     83.855    117.578 125.041719    10.4400    -0.0061     0.0426     0.0846 3.1143e+02    -0.4757      0.190      0.275    28.1617 0.0000e+00
      0.194      0.003     7.1583     81.193    117.570 125.035108    10.4400    -0.0290     0.0426     0.0846 3.0014e+02    -0.6419      0.191      0.276    28.1614 0.0000e+00
      0.195      0.002     6.9920     79.135    117.550 125.012939    10.4400     0.0206     0.0426     0.1269 3.3234e+02    -0.4908      0.191      0.277    28.1629 0.0000e+00
      0.195      0.002     6.7743     77.698    117.528 124.985305    10.4400     0.0206     0.0426     0.1269 3.2676e+02    -0.5210      0.192      0.278    28.1653 0.0000e+00
      0.196      0.002     6.5424     76.685    117.508 124.960843    10.4400    -0.0252     0.0426     0.1269 3.2343e+02    -0.4908      0.192      0.279    28.1673 0.0000e+00
      0.196      0.001     6.3346     75.856    117.494 124.943033    10.4400     0.0168     0.0426     0.1269 3.1477e+02    -0.5059      0.192      0.279    28.1680 0.0000e+00
      0.196      0.001     6.1741     75.065    117.479 124.925126    10.5300     0.0359     0.0000     0.1692 3.0073e+02    -0.4908      0.193      0.280    28.1674 0.0000e+00
      0.197      0.000     6.0621     74.300    117.458 124.902344    10.5300    -0.0061     0.0000     0.1692 3.0914e+02    -0.5210      0.193      0.280    28.1659 0.0000e+00
      0.197      0.000     5.9833     73.649    117.443 124.886621    10.5300     0.0015     0.0000     0.1692 3.2112e+02    -0.5210      0.193      0.280    28.1643 0.0000e+00
      0.197     -0.001     5.9187     73.307    117.444 124.887770    10.5300    -0.0023     0.0000     0.1692 3.1634e+02    -0.4455      0.193      0.280    28.1630 0.0000e+00
      0.196     -0.001     5.8571     73.516    117.453 124.898092    10.5300    -0.0023     0.0000     0.1692 3.0283e+02    -0.5512      0.192      0.279    28.1624 0.0000e+00
      0.196     -0.001     5.7974     74.399    117.459 124.906336    10.5300    -0.0023     0.0000     0.1692 2.9070e+02    -0.4908      0.192      0.278    28.1622 0.0000e+00
      0.196     -0.001     5.7466     75.901    117.459 124.908697    10.5300     0.0092     0.0000     0.1692 3.0256e+02    -0.4304      0.192      0.278    28.1622 0.0000e+00
      0.196     -0.001     5.7199     77.867    117.455 124.907806    10.5300    -0.0061     0.0000     0.1692 3.2043e+02    -0.5361      0.192      0.278    28.1624 0.0000e+00
      0.195      0.000     5.7362     80.096    117.449 124.903426    10.5300     0.0092     0.0000     0.1692 3.3846e+02    -0.4757      0.192      0.278    28.1628 0.0000e+00
      0.195      0.000     5.8050     82.344    117.440 124.896390    10.6200    -0.0137     0.0426     0.0846 3.1559e+02    -0.5512      0.192      0.278    28.1635 0.0000e+00
      0.195     -0.001     5.9220     84.366    117.436 124.894826    10.6200    -0.0290     0.0426     0.0846 3.1586e+02    -0.5059      0.192      0.278    28.1646 0.0000e+00
      0.195     -0.001     6.0753     85.981    117.438 124.900316    10.6200     0.0054     0.0426     0.0846 2.9994e+02    -0.5059      0.191      0.277    28.1658 0.0000e+00
      0.195     -0.001     6.2491     87.105    117.438 124.904322    10.6200     0.0168     0.0426     0.0846 3.1015e+02    -0.5210      0.191      0.277    28.1670 0.0000e+00
      0.194     -0.001     6.4244     87.735    117.431 124.899909    10.5300    -0.0061     0.0426     0.0423 3.0600e+02    -0.4606      0.191      0.277    28.1679 0.0000e+00
      0.194     -0.001     6.5820     87.913    117.423 124.893904    10.5300    -0.0023     0.0426     0.0423 3.1306e+02    -0.5210      0.191      0.276    28.1690 0.0000e+00
      0.194     -0.001     6.7078     87.718    117.424 124.896710    10.5300     0.0015     0.0426     0.0423 3.1035e+02    -0.4606      0.190      0.276    28.1704 0.0000e+00
      0.194     -0.001     6.7953     87.250    117.428 124.903072    10.5300    -0.0061     0.0426     0.0423 3.1374e+02    -0.4606      0.190      0.275    28.1721 0.0000e+00
      0.193     -0.001     6.8443     86.594    117.428 124.906684    10.6200    -0.0061     0.0426     0.1269 3.1395e+02    -0.5512      0.189      0.275    28.1736 0.0000e+00
      0.193     -0.001     6.8581     85.810    117.425 124.908509    10.6200    -0.0023     0.0426     0.1269 3.2768e+02    -0.4606      0.189      0.274    28.1745 0.0000e+00
      0.193     -0.001     6.8428     84.976    117.423 124.913036    10.6200     0.0015     0.0426     0.1269 3.4313e+02    -0.5663      0.189      0.274    28.1751 0.0000e+00
      0.193     -0.002     6.8062     84.188    117.429 124.929475    10.6200    -0.0137     0.0426     0.1269 3.0587e+02    -0.5512      0.189      0.274    28.1760 0.0000e+00
      0.192     -0.003     6.7548     83.522    117.446 124.960210    10.6200    -0.0061     0.0426     0.1269 3.0961e+02    -0.5814      0.188      0.273    28.1775 0.0000e+00
      0.192     -0.004     6.6934     82.971    117.464 124.993429    10.6200     0.0092     0.0000     0.0846 2.9845e+02    -0.5814      0.188      0.272    28.1797 0.0000e+00
      0.191     -0.005     6.6280     82.451    117.464 125.007981    10.6200     0.0092     0.0000     0.0846 2.7283e+02    -0.6570      0.187      0.271    28.1828 0.0000e+00
      0.189     -0.007     6.5662     81.888    117.445 124.999744    10.6200     0.0092     0.0000     0.0846 2.6443e+02    -0.5210      0.185      0.268    28.1868 0.0000e+00
      0.187     -0.008     6.5136     81.262    117.429 124.990532    10.6200     0.0206     0.0000     0.0846 2.6994e+02    -0.6721      0.183      0.265    28.1920 0.0000e+00
      0.184     -0.007     6.4699     80.578    117.438 125.007899    10.6200    -0.0061     0.0426     0.0423 3.1765e+02    -0.7174      0.180      0.261    28.1982 0.0000e+00
