Data/DataNotYetUploadedToEDI/Raw_CTD/RawDownloads/080124_ccr88_S8188011.cnv
* Sea-Bird SBE19plus  Data File:
* FileName = C:\R\Reservoirs\Data\DataNotYetUploadedToEDI\Raw_CTD\RawDownloads\073124_ccr88_S8188_0011.hex
* Software version 2.8.0.119
* Temperature SN = 8188
* Conductivity SN = 8188
* System UpLoad Time = Aug 02 2024 14:08:03
* <ApplicationData>
* <Seaterm232>
# nquan = 16
# nvalues = 1025                        
# units = specified
# name 0 = depFM: Depth [fresh water, m]
# name 1 = dz/dtM: Descent Rate [m/s]
# name 2 = sbeox0Mg/L: Oxygen, SBE 43 [mg/l]
# name 3 = sbeox0PS: Oxygen, SBE 43 [% saturation]
# name 4 = specc: Specific Conductance [uS/cm]
# name 5 = c0uS/cm: Conductivity [uS/cm]
# name 6 = wetCDOM: Fluorescence, WET Labs CDOM [mg/m^3]
# name 7 = flECO-AFL: Fluorescence, WET Labs ECO-AFL/FL [mg/m^3]
# name 8 = flECO-AFL1: Fluorescence, WET Labs ECO-AFL/FL, 2 [mg/m^3]
# name 9 = flECO-AFL2: Fluorescence, WET Labs ECO-AFL/FL, 3 [mg/m^3]
# name 10 = par/sat/log: PAR/Logarithmic, Satlantic
# name 11 = turbWETntu0: Turbidity, WET Labs ECO [NTU]
# name 12 = prdM: Pressure, Strain Gauge [db]
# name 13 = prdE: Pressure, Strain Gauge [psi]
# name 14 = tv290C: Temperature [ITS-90, deg C]
# name 15 = flag:  0.000e+00
# span 0 =     -0.398,      4.169       
# span 1 =     -0.243,      0.167       
# span 2 =     4.3016,     9.9571       
# span 3 =     55.440,    129.947       
# span 4 =   -437.360,    117.880       
# span 5 =-461.374287, 127.659077       
# span 6 =    -4.5000,    21.6000       
# span 7 =    -0.3303,     3.0724       
# span 8 =    -2.1300,     0.1278       
# span 9 =    -2.0304,     1.0152       
# span 10 = 7.0187e+01, 9.1348e+02      
# span 11 =    -1.3972,    22.6674      
# span 12 =     -0.390,      4.088      
# span 13 =     -0.566,      5.930      
# span 14 =    25.5085,    29.3850      
# span 15 = 0.0000e+00, 0.0000e+00      
# interval = seconds: 0.25
# start_time = Aug 01 2024 13:16:37 [Instrument's time stamp, header]
# bad_flag = -9.990e-29
*END*
[from data line 272]
      0.278     -0.001     4.8454     61.859    117.354 125.375441    10.6200     0.2266     0.0426     0.1269 5.4143e+02    -0.6419      0.273      0.396    28.4125 0.0000e+00
      0.278     -0.001     4.8358     61.725    117.356 125.377471    10.6200     0.2533     0.0000     0.1269 5.6083e+02    -0.5210      0.273      0.396    28.4120 0.0000e+00
      0.278     -0.000     4.8260     61.603    117.358 125.379235    10.6200     0.2648     0.0000     0.1269 5.1886e+02    -0.5210      0.273      0.395    28.4115 0.0000e+00
      0.278     -0.000     4.8160     61.504    117.357 125.377201    10.6200     0.2457     0.0000     0.1269 5.3803e+02    -0.5361      0.273      0.395    28.4112 0.0000e+00
      0.278      0.000     4.8056     61.431    117.350 125.370826    10.6200     0.2533     0.0000     0.1269 5.4521e+02    -0.4908      0.273      0.396    28.4110 0.0000e+00
      0.278      0.000     4.7952     61.373    117.346 125.366414    10.6200     0.2495     0.0426     0.0846 5.2750e+02    -0.4455      0.273      0.396    28.4106 0.0000e+00
      0.278      0.000     4.7857     61.316    117.349 125.370791    10.6200     0.2304     0.0426     0.0846 5.4202e+02    -0.4606      0.273      0.396    28.4104 0.0000e+00
      0.278      0.000     4.7780     61.253    117.355 125.377121    10.6200     0.2075     0.0426     0.0846 5.2658e+02    -0.5663      0.273      0.396    28.4103 0.0000e+00
      0.278      0.000     4.7723     61.187    117.356 125.379090    10.6200     0.2266     0.0426     0.0846 5.3395e+02    -0.4455      0.273      0.396    28.4105 0.0000e+00
      0.279      0.000     4.7678     61.124    117.357 125.381225    10.6200     0.2457     0.0426     0.0846 5.4120e+02    -0.3549      0.273      0.396    28.4108 0.0000e+00
      0.279      0.001     4.7634     61.058    117.363 125.388095    10.7100     0.2495     0.0426     0.0846 5.1987e+02    -0.5966      0.273      0.396    28.4110 0.0000e+00
      0.279      0.001     4.7585     60.986    117.370 125.397531    10.7100     0.2419     0.0426     0.0846 5.3698e+02    -0.5059      0.273      0.397    28.4112 0.0000e+00
      0.279      0.001     4.7534     60.912    117.375 125.404047    10.7100     0.2648     0.0426     0.0846 5.3511e+02    -0.4757      0.273      0.397    28.4115 0.0000e+00
      0.279      0.001     4.7484     60.848    117.378 125.409380    10.7100     0.2457     0.0426     0.0846 5.1807e+02    -0.1736      0.274      0.397    28.4119 0.0000e+00
      0.280      0.001     4.7432     60.808    117.385 125.418955    10.5300     0.2609     0.0426     0.1269 5.4037e+02    -0.3549      0.274      0.397    28.4123 0.0000e+00
      0.280      0.001     4.7376     60.786    117.390 125.427320    10.5300     0.2457     0.0426     0.1269 5.2887e+02    -0.2944      0.274      0.398    28.4128 0.0000e+00
      0.280      0.001     4.7317     60.770    117.389 125.428704    10.5300     0.2495     0.0426     0.1269 5.2532e+02    -0.2793      0.274      0.398    28.4134 0.0000e+00
      0.280      0.000     4.7267     60.746    117.389 125.431479    10.5300     0.2533     0.0426     0.1269 5.4037e+02    -0.5210      0.274      0.398    28.4142 0.0000e+00
      0.280      0.000     4.7235     60.717    117.395 125.440388    10.4400     0.2495     0.0426     0.1269 5.3222e+02    -0.4304      0.274      0.398    28.4152 0.0000e+00
      0.280      0.000     4.7217     60.692    117.398 125.445800    10.4400     0.2342     0.0426     0.1269 5.3314e+02    -0.5663      0.274      0.398    28.4164 0.0000e+00
      0.280      0.000     4.7203     60.669    117.391 125.441155    10.4400     0.2228     0.0426     0.1269 5.2248e+02    -0.6268      0.274      0.398    28.4175 0.0000e+00
      0.280      0.000     4.7184     60.634    117.382 125.433220    10.4400     0.2419     0.0426     0.1269 5.4026e+02    -0.4304      0.274      0.398    28.4186 0.0000e+00
      0.280      0.000     4.7161     60.575    117.379 125.431882    10.5300     0.2419     0.0000     0.2115 5.3803e+02    -0.4757      0.274      0.398    28.4197 0.0000e+00
      0.280      0.000     4.7141     60.499    117.382 125.436785    10.5300     0.2419     0.0000     0.2115 5.0331e+02    -0.5512      0.274      0.398    28.4209 0.0000e+00
      0.280      0.000     4.7122     60.422    117.388 125.445235    10.5300     0.2342     0.0000     0.2115 5.4533e+02    -0.5210      0.275      0.398    28.4220 0.0000e+00
      0.280      0.000     4.7094     60.364    117.395 125.455485    10.5300     0.1885     0.0000     0.2115 5.3733e+02    -0.6117      0.275      0.398    28.4229 0.0000e+00
      0.280      0.000     4.7048     60.329    117.402 125.466264    10.5300     0.1770     0.0000     0.2115 5.0353e+02    -0.5663      0.275      0.399    28.4237 0.0000e+00
      0.280      0.000     4.6987     60.310    117.408 125.476448    10.5300     0.1808     0.0426     0.1692 5.4651e+02    -0.5210      0.275      0.399    28.4244 0.0000e+00
      0.280      0.000     4.6927     60.296    117.414 125.484748    10.5300     0.1846     0.0426     0.1692 5.1291e+02    -0.5512      0.275      0.399    28.4252 0.0000e+00
      0.280      0.000     4.6881     60.275    117.420 125.493380    10.5300     0.2495     0.0426     0.1692 5.2259e+02    -0.4908      0.275      0.398    28.4264 0.0000e+00
      0.280      0.000     4.6853     60.240    117.425 125.500643    10.5300     0.2304     0.0426     0.1692 5.4901e+02    -0.5361      0.275      0.398    28.4277 0.0000e+00
      0.280      0.000     4.6837     60.177    117.431 125.508475    10.5300     0.2762     0.0426     0.1269 5.1036e+02    -0.6419      0.275      0.398    28.4291 0.0000e+00
      0.280      0.000     4.6825     60.083    117.438 125.516964    10.5300     0.2304     0.0426     0.1269 5.3118e+02    -0.4002      0.275      0.398    28.4303 0.0000e+00
      0.280      0.000     4.6808     59.980    117.441 125.522370    10.5300     0.2457     0.0426     0.1269 5.2910e+02    -0.4908      0.275      0.398    28.4312 0.0000e+00
      0.280      0.000     4.6780     59.889    117.444 125.528135    10.5300     0.2342     0.0426     0.1269 5.2669e+02    -0.4908      0.275      0.398    28.4319 0.0000e+00
      0.280      0.000     4.6731     59.808    117.446 125.531797    10.5300     0.2075     0.0426     0.1269 5.2441e+02    -0.5361      0.275      0.398    28.4325 0.0000e+00
      0.280      0.000     4.6657     59.722    117.445 125.532330    10.5300     0.2533     0.0426     0.1269 5.1987e+02    -0.5966      0.275      0.398    28.4331 0.0000e+00
      0.280      0.000     4.6577     59.616    117.446 125.533879    10.5300     0.2457     0.0426     0.1269 5.4261e+02    -0.4606      0.274      0.398    28.4340 0.0000e+00
      0.280      0.000     4.6505     59.492    117.444 125.532856    10.5300     0.2381     0.0426     0.1269 5.2078e+02    -0.5210      0.274      0.398    28.4349 0.0000e+00
      0.280      0.000     4.6442     59.363    117.437 125.526985    10.5300     0.2381     0.0426     0.1269 5.2373e+02    -0.5361      0.275      0.398    28.4358 0.0000e+00
      0.280      0.000     4.6375     59.237    117.430 125.520705    10.5300     0.2419     0.0426     0.1269 5.3581e+02    -0.5663      0.275      0.398    28.4364 0.0000e+00
      0.280      0.000     4.6292     59.108    117.429 125.520343    10.5300     0.2304     0.0426     0.1269 5.2078e+02    -0.4606      0.275      0.398    28.4368 0.0000e+00
      0.280      0.000     4.6195     58.970    117.433 125.525804    10.5300     0.2113     0.0426     0.1269 5.1705e+02    -0.5663      0.275      0.398    28.4371 0.0000e+00
      0.280      0.000     4.6095     58.831    117.441 125.534542    10.5300     0.2648     0.0426     0.1269 5.2066e+02    -0.5210      0.275      0.398    28.4375 0.0000e+00
      0.280      0.000     4.5997     58.706    117.451 125.546886    10.5300     0.2495     0.0426     0.1692 5.2225e+02    -0.4908      0.275      0.398    28.4380 0.0000e+00
      0.280      0.000     4.5896     58.603    117.460 125.558125    10.5300     0.2533     0.0426     0.1692 5.1213e+02    -0.6419      0.275      0.398    28.4385 0.0000e+00
      0.280      0.000     4.5789     58.514    117.465 125.565254    10.5300     0.2304     0.0426     0.1692 5.1571e+02    -0.5210      0.275      0.398    28.4389 0.0000e+00
      0.280     -0.001     4.5681     58.421    117.467 125.570174    10.5300     0.2304     0.0426     0.1692 5.2100e+02    -0.5210      0.274      0.398    28.4393 0.0000e+00
      0.280     -0.001     4.5583     58.320    117.469 125.574196    10.7100     0.2495     0.0426     0.1269 5.1358e+02    -0.6872      0.274      0.398    28.4398 0.0000e+00
      0.279     -0.001     4.5502     58.221    117.471 125.578395    10.7100     0.2495     0.0426     0.1269 5.1448e+02    -0.4908      0.274      0.398    28.4406 0.0000e+00
      0.279     -0.001     4.5432     58.142    117.473 125.583888    10.7100     0.2342     0.0426     0.1269 5.1807e+02    -0.4606      0.274      0.397    28.4414 0.0000e+00
      0.279     -0.001     4.5360     58.098    117.473 125.588139    10.7100     0.2228     0.0426     0.1269 5.1303e+02    -0.4757      0.274      0.397    28.4423 0.0000e+00
      0.279     -0.002     4.5281     58.092    117.469 125.588281    10.7100     0.2609     0.0852     0.1692 5.1303e+02    -0.4908      0.273      0.396    28.4431 0.0000e+00
      0.278     -0.002     4.5203     58.121    117.465 125.588354    10.7100     0.2571     0.0852     0.1692 5.1303e+02    -0.6268      0.273      0.396    28.4441 0.0000e+00
      0.277     -0.002     4.5141     58.176    117.460 125.588378    10.7100     0.2304     0.0852     0.1692 5.1784e+02    -0.5210      0.272      0.395    28.4455 0.0000e+00
      0.277     -0.002     4.5105     58.235    117.455 125.586357    10.7100     0.2304     0.0852     0.1692 5.2044e+02    -0.5966      0.271      0.394    28.4472 0.0000e+00
      0.276     -0.001     4.5099     58.267    117.454 125.587756    10.7100     0.2533     0.0852     0.1692 5.4770e+02    -0.5210      0.271      0.393    28.4491 0.0000e+00
      0.276     -0.001     4.5120     58.251    117.458 125.594950    10.7100     0.2457     0.0852     0.1692 5.3861e+02    -0.4606      0.271      0.393    28.4511 0.0000e+00
      0.276     -0.000     4.5161     58.191    117.459 125.599851    10.7100     0.2381     0.0852     0.1692 5.3558e+02    -0.5059      0.271      0.393    28.4530 0.0000e+00
      0.276     -0.000     4.5205     58.103    117.453 125.597765    10.7100     0.2304     0.0852     0.1692 5.3780e+02    -0.4757      0.271      0.393    28.4547 0.0000e+00
      0.276      0.000     4.5229     57.998    117.446 125.594137    10.7100     0.2571     0.0852     0.1692 5.2818e+02    -0.5210      0.271      0.393    28.4560 0.0000e+00
      0.276      0.000     4.5216     57.858    117.435 125.586002    10.6200     0.2571     0.0852     0.2538 5.3164e+02    -0.4304      0.271      0.393    28.4571 0.0000e+00
      0.276      0.000     4.5168     57.666    117.422 125.575190    10.6200     0.2152     0.0852     0.2538 5.2441e+02    -0.5210      0.271      0.393    28.4584 0.0000e+00
      0.276      0.000     4.5099     57.423    117.418 125.572825    10.6200     0.2724     0.0852     0.2538 5.4026e+02    -0.4455      0.271      0.393    28.4603 0.0000e+00
      0.276      0.000     4.5015     57.153    117.422 125.578275    10.6200     0.2304     0.0852     0.2538 5.2441e+02    -0.4908      0.270      0.392    28.4622 0.0000e+00
      0.276      0.000     4.4905     56.889    117.427 125.584991    10.6200     0.2495     0.0426     0.0846 5.3651e+02    -0.5059      0.270      0.392    28.4638 0.0000e+00
      0.276      0.000     4.4755     56.662    117.431 125.590763    10.6200     0.2533     0.0426     0.0846 5.2876e+02    -0.5512      0.271      0.393    28.4650 0.0000e+00
      0.276      0.000     4.4566     56.484    117.435 125.597128    10.6200     0.2571     0.0426     0.0846 5.2795e+02    -0.6117      0.271      0.393    28.4657 0.0000e+00
      0.276      0.000     4.4356     56.354    117.435 125.599784    10.6200     0.2533     0.0426     0.0846 5.2704e+02    -0.5814      0.271      0.393    28.4661 0.0000e+00
      0.276      0.000     4.4152     56.258    117.431 125.597436    10.5300     0.2342     0.0852     0.2115 5.3245e+02    -0.5512      0.271      0.393    28.4666 0.0000e+00
      0.276      0.000     4.3974     56.168    117.430 125.597462    10.5300     0.1846     0.0852     0.2115 5.3071e+02    -0.4908      0.271      0.393    28.4674 0.0000e+00
      0.276      0.000     4.3835     56.061    117.437 125.605872    10.5300     0.1503     0.0852     0.2115 5.3118e+02    -0.5966      0.271      0.393    28.4684 0.0000e+00
      0.276      0.000     4.3734     55.926    117.452 125.622908    10.5300     0.1694     0.0852     0.2115 5.2715e+02    -0.5210      0.271      0.393    28.4694 0.0000e+00
      0.276      0.000     4.3659     55.768    117.465 125.639107    10.5300     0.1846     0.0852     0.2115 5.2738e+02    -0.5210      0.271      0.393    28.4703 0.0000e+00
      0.276      0.000     4.3589     55.615    117.471 125.648783    10.6200     0.2381     0.0426     0.0846 5.2968e+02    -0.5361      0.271      0.393    28.4708 0.0000e+00
      0.276      0.000     4.3505     55.497    117.475 125.658520    10.6200     0.2571     0.0426     0.0846 5.2044e+02    -0.5814      0.271      0.393    28.4712 0.0000e+00
      0.277      0.000     4.3400     55.440    117.480 125.670914    10.6200     0.2381     0.0426     0.0846 5.2407e+02    -0.5361      0.271      0.393    28.4716 0.0000e+00
      0.277      0.000     4.3277     55.466    117.481 125.681267    10.6200     0.2304     0.0426     0.0846 5.3118e+02    -0.5663      0.271      0.393    28.4724 0.0000e+00
      0.277      0.000     4.3156     55.588    117.477 125.688338    10.6200     0.2800     0.0426     0.1692 5.2032e+02    -0.4606      0.271      0.393    28.4738 0.0000e+00
      0.277      0.000     4.3063     55.824    117.475 125.702017    10.6200     0.2419     0.0426     0.1692 5.2910e+02    -0.4606      0.271      0.393    28.4761 0.0000e+00
      0.277      0.000     4.3016     56.212    117.486 125.733956    10.6200     0.2228     0.0426     0.1692 5.2612e+02    -0.5512      0.271      0.393    28.4792 0.0000e+00
      0.276      0.000     4.3033     56.833    117.508 125.788669    10.6200     0.2419     0.0426     0.1692 5.2521e+02    -0.4908      0.271      0.393    28.4832 0.0000e+00
      0.276      0.000     4.3123     57.846    117.546 125.876745    10.4400     0.1694     0.0426     0.0846 5.2646e+02    -0.4455      0.271      0.393    28.4882 0.0000e+00
      0.276      0.000     4.3299     59.533    117.606 126.017669    10.4400     0.1999     0.0426     0.0846 5.2807e+02    -0.5512      0.271      0.393    28.4946 0.0000e+00
      0.276      0.000     4.3590     62.367    117.719 126.263029    10.4400     0.1579     0.0426     0.0846 5.2044e+02    -0.5814      0.271      0.393    28.5035 0.0000e+00
      0.276      0.000     4.4057     67.105    117.849 126.596216    10.4400     0.1961     0.0426     0.0846 5.2373e+02    -0.4757      0.271      0.393    28.5166 0.0000e+00
      0.276      0.000     4.4819     74.574    117.880 126.883991    10.4400     0.1923     0.0426     0.0846 5.1965e+02    -0.2793      0.271      0.393    28.5368 0.0000e+00
      0.276      0.000     4.6089     84.797    117.812 127.071055    10.4400     0.1579     0.0852     0.2538 5.2612e+02    -0.2944      0.271      0.393    28.5692 0.0000e+00
      0.276      0.000     4.8225     96.504    117.724 127.191306    10.4400     0.1770     0.0852     0.2538 5.1863e+02    -0.2793      0.271      0.393    28.6219 0.0000e+00
