Data/DataNotYetUploadedToEDI/Raw_CTD/RawDownloads/080124_ccr90_S8188009.cnv
* Sea-Bird SBE19plus  Data File:
* FileName = C:\R\Reservoirs\Data\DataNotYetUploadedToEDI\Raw_CTD\RawDownloads\073124_ccr88_S8188_0009.hex
* Software version 2.8.0.119
* Temperature SN = 8188
* Conductivity SN = 8188
* System UpLoad Time = Aug 02 2024 14:07:21
* <ApplicationData>
* <Seaterm232>
# nquan = 16
# nvalues = 580                         
# units = specified
# name 0 = depFM: Depth [fresh water, m]
# name 1 = dz/dtM: Descent Rate [m/s]
# name 2 = sbeox0Mg/L: Oxygen, SBE 43 [mg/l]
# name 3 = sbeox0PS: Oxygen, SBE 43 [% saturation]
# name 4 = specc: Specific Conductance [uS/cm]
# name 5 = c0uS/cm: Conductivity [uS/cm]
# name 6 = wetCDOM: Fluorescence, WET Labs CDOM [mg/m^3]
# name 7 = flECO-AFL: Fluorescence, WET Labs ECO-AFL/FL [mg/m^3]
# name 8 = flECO-AFL1: Fluorescence, WET Labs ECO-AFL/FL, 2 [mg/m^3]
# name 9 = flECO-AFL2: Fluorescence, WET Labs ECO-AFL/FL, 3 [mg/m^3]
# name 10 = par/sat/log: PAR/Logarithmic, Satlantic
# name 11 = turbWETntu0: Turbidity, WET Labs ECO [NTU]
# name 12 = prdM: Pressure, Strain Gauge [db]
# name 13 = prdE: Pressure, Strain Gauge [psi]
# name 14 = tv290C: Temperature [ITS-90, deg C]
# name 15 = flag:  0.000e+00
# span 0 =     -0.470,      4.045       
# span 1 =     -0.518,      0.195       
# span 2 =     4.4070,     9.1188       
# span 3 =     55.763,    117.346       
# span 4 =      3.797,    118.248       
# span 5 =   3.664289, 126.014776       
# span 6 =    -4.5000,   367.2000       
# span 7 =    -0.2579,     3.1869       
# span 8 =    -2.1300,     3.4080       
# span 9 =    -2.0304,     0.4230       
# span 10 = 3.1155e+00, 3.4033e+01      
# span 11 =     0.0983,    93.7129      
# span 12 =     -0.461,      3.967      
# span 13 =     -0.669,      5.753      
# span 14 =    21.8984,    28.4052      
# span 15 = 0.0000e+00, 0.0000e+00      
# interval = seconds: 0.25
# start_time = Aug 01 2024 06:40:09 [Instrument's time stamp, header]
# bad_flag = -9.990e-29
*END*
[from data line 452]
      3.640      0.026     7.7623     99.177    117.312 123.690689    13.7700     1.0735     0.0852     0.2961 4.2638e+00     2.2435      3.569      5.176    27.7507 0.0000e+00
      3.646      0.026     7.7691     99.228    117.345 123.712089    13.9500     1.1002     0.0852     0.2538 4.2768e+00     2.4398      3.575      5.186    27.7374 0.0000e+00
      3.653      0.027     7.7800     99.233    117.348 123.705186    13.9500     1.0582     0.0852     0.2538 4.2398e+00     2.3341      3.582      5.196    27.7273 0.0000e+00
      3.660      0.028     7.7915     99.212    117.334 123.682143    13.9500     1.1307     0.0852     0.2538 4.2022e+00     2.1377      3.589      5.206    27.7191 0.0000e+00
      3.667      0.030     7.8004     99.192    117.323 123.662824    13.9500     1.1193     0.0852     0.2538 4.2380e+00     2.1528      3.596      5.216    27.7122 0.0000e+00
      3.675      0.031     7.8052     99.194    117.315 123.646078    14.4000     1.1421     0.0426     0.2538 4.2453e+00     2.1377      3.604      5.227    27.7065 0.0000e+00
      3.683      0.033     7.8062     99.222    117.313 123.635442    14.4000     1.1650     0.0426     0.2538 4.2306e+00     2.1377      3.611      5.238    27.7021 0.0000e+00
      3.692      0.036     7.8050     99.265    117.320 123.632080    14.4000     1.0735     0.0426     0.2538 4.1913e+00     2.3643      3.620      5.251    27.6986 0.0000e+00
      3.701      0.038     7.8039     99.303    117.327 123.627093    14.4000     1.0926     0.0426     0.2538 4.2040e+00     2.3341      3.629      5.264    27.6953 0.0000e+00
      3.711      0.040     7.8045     99.310    117.330 123.615150    14.4000     1.0582     0.0426     0.2538 4.1822e+00     2.2737      3.639      5.278    27.6919 0.0000e+00
      3.722      0.043     7.8072     99.251    117.334 123.601066    14.4000     1.0773     0.0852     0.4230 4.1767e+00     2.3643      3.649      5.293    27.6881 0.0000e+00
      3.733      0.044     7.8112     99.092    117.349 123.597091    14.4000     1.0811     0.0852     0.4230 4.1568e+00     2.3039      3.660      5.309    27.6837 0.0000e+00
      3.745      0.046     7.8150     98.809    117.373 123.602163    14.4000     1.0773     0.0852     0.4230 4.1415e+00     2.3341      3.672      5.326    27.6782 0.0000e+00
      3.757      0.046     7.8165     98.374    117.398 123.609630    14.4000     1.0849     0.0852     0.4230 4.1164e+00     2.3794      3.684      5.343    27.6715 0.0000e+00
      3.769      0.047     7.8129     97.758    117.428 123.625486    14.3100     1.0659     0.1278     0.3384 4.0666e+00     2.3341      3.696      5.361    27.6637 0.0000e+00
      3.781      0.046     7.8015     96.951    117.461 123.645953    14.3100     1.1307     0.1278     0.3384 4.0569e+00     2.9988      3.708      5.378    27.6553 0.0000e+00
      3.793      0.045     7.7804     95.966    117.478 123.650481    14.3100     1.1345     0.1278     0.3384 4.0666e+00     3.0592      3.720      5.395    27.6470 0.0000e+00
      3.805      0.043     7.7472     94.848    117.468 123.630274    14.3100     1.1421     0.1278     0.3384 3.9722e+00     2.9837      3.731      5.412    27.6392 0.0000e+00
      3.816      0.041     7.6997     93.662    117.456 123.609953    14.3100     1.1078     0.0852     0.3384 3.9585e+00     3.0592      3.742      5.427    27.6321 0.0000e+00
      3.826      0.038     7.6369     92.478    117.469 123.618108    14.3100     1.2451     0.0852     0.3384 3.9792e+00     3.7541      3.752      5.442    27.6259 0.0000e+00
      3.835      0.035     7.5601     91.387    117.503 123.652914    14.3100     1.2757     0.0852     0.3384 3.9636e+00     3.9203      3.761      5.455    27.6206 0.0000e+00
      3.844      0.032     7.4726     90.495    117.544 123.699643    14.3100     1.2451     0.0852     0.3384 3.9464e+00     3.8296      3.769      5.467    27.6162 0.0000e+00
      3.851      0.031     7.3795     89.895    117.584 123.744749    14.3100     1.2413     0.0852     0.2961 3.9208e+00     3.7692      3.777      5.478    27.6129 0.0000e+00
      3.858      0.030     7.2865     89.647    117.603 123.764250    14.3100     1.1307     0.0852     0.2961 3.9593e+00     3.4369      3.783      5.488    27.6110 0.0000e+00
      3.865      0.031     7.2007     89.744    117.582 123.737336    14.3100     1.1498     0.0852     0.2961 3.9567e+00     3.5728      3.790      5.497    27.6107 0.0000e+00
      3.872      0.033     7.1302     90.082    117.535 123.678839    14.3100     1.1231     0.0852     0.2961 3.9913e+00     3.5426      3.797      5.507    27.6119 0.0000e+00
      3.880      0.036     7.0828     90.493    117.488 123.613172    14.3100     1.1078     0.0852     0.2961 3.9362e+00     3.6030      3.805      5.519    27.6132 0.0000e+00
      3.890      0.041     7.0633     90.825    117.460 123.560836    14.2200     1.1307     0.0852     0.2538 3.9140e+00     4.3433      3.814      5.532    27.6131 0.0000e+00
      3.901      0.045     7.0712     91.003    117.469 123.539883    14.2200     1.1498     0.0852     0.2538 3.8902e+00     4.1469      3.825      5.548    27.6111 0.0000e+00
      3.913      0.049     7.0983     91.026    117.511 123.548724    14.2200     1.1193     0.0852     0.2538 3.8190e+00     4.3584      3.837      5.566    27.6071 0.0000e+00
      3.927      0.053     7.1316     90.925    117.592 123.593717    14.2200     1.1307     0.0852     0.2538 3.7975e+00     4.2677      3.851      5.585    27.6002 0.0000e+00
      3.941      0.055     7.1590     90.729    117.704 123.670854    14.2200     1.3710     0.0426     0.2538 3.7054e+00     5.3252      3.865      5.606    27.5902 0.0000e+00
      3.956      0.056     7.1746     90.455    117.818 123.750685    14.2200     1.3672     0.0426     0.2538 3.6805e+00     5.4460      3.880      5.627    27.5774 0.0000e+00
      3.971      0.055     7.1784     90.085    117.918 123.818485    14.2200     1.3787     0.0426     0.2538 3.6534e+00     5.5367      3.894      5.648    27.5624 0.0000e+00
      3.986      0.053     7.1725     89.537    118.019 123.892332    14.2200     1.3901     0.0426     0.2538 3.6384e+00     5.3856      3.908      5.669    27.5456 0.0000e+00
      4.000      0.049     7.1592     88.707    118.126 123.981913    14.1300     1.7334     0.0852     0.3384 3.5179e+00    10.7635      3.922      5.689    27.5281 0.0000e+00
      4.013      0.044     7.1398     87.550    118.210 124.057095    14.1300     1.7449     0.0852     0.3384 3.5019e+00    10.9448      3.935      5.707    27.5112 0.0000e+00
      4.024      0.037     7.1126     86.133    118.248 124.091913    14.1300     1.7563     0.0852     0.3384 3.4981e+00    10.8088      3.946      5.723    27.4954 0.0000e+00
      4.032      0.029     7.0710     84.589    118.241 124.087647    14.1300     1.7716     0.0852     0.3384 3.4791e+00    10.8843      3.955      5.736    27.4820 0.0000e+00
      4.039      0.020     7.0067     83.047    118.207 124.059167    14.1300     2.2446     0.0852     0.3384 3.4348e+00    18.6793      3.961      5.745    27.4723 0.0000e+00
      4.043      0.011     6.9160     81.624    118.154 124.014884    14.4000     2.2522     0.0852     0.2538 3.4244e+00    18.7246      3.965      5.751    27.4667 0.0000e+00
      4.045      0.000     6.8043     80.431    118.089 123.962996    14.4000     2.2599     0.0852     0.2538 3.4348e+00    18.7699      3.967      5.753    27.4647 0.0000e+00
      4.045     -0.012     6.6822     79.572    118.033 123.921678    14.4000     2.2408     0.0852     0.2538 3.3398e+00    18.8001      3.966      5.753    27.4657 0.0000e+00
      4.041     -0.026     6.5601     79.122    117.991 123.895920    14.4000     3.1869     0.0852     0.2538 3.3705e+00    32.8189      3.963      5.748    27.4688 0.0000e+00
      4.034     -0.043     6.4471     79.107    117.947 123.866848    14.6700     3.1563     0.0852     0.3807 3.3189e+00    32.7736      3.956      5.737    27.4737 0.0000e+00
      4.022     -0.065     6.3521     79.504    117.896 123.832713    14.6700     3.1716     0.0852     0.3807 3.2525e+00    32.7433      3.944      5.721    27.4803 0.0000e+00
      4.005     -0.091     6.2834     80.290    117.859 123.820424    14.6700     3.1716     0.0852     0.3807 3.2292e+00    32.8793      3.928      5.697    27.4880 0.0000e+00
      3.982     -0.124     6.2470     81.461    117.827 123.826704    14.6700     2.7901     0.0852     0.3807 3.2013e+00    23.8305      3.905      5.663    27.4956 0.0000e+00
      3.949     -0.164     6.2449     82.991    117.776 123.839222    15.9300     2.7939     0.0852     0.2961 3.1155e+00    23.9061      3.873      5.617    27.5031 0.0000e+00
      3.906     -0.208     6.2752     84.807    117.719 123.873326    15.9300     2.8054     0.0852     0.2961 3.1291e+00    23.9061      3.830      5.556    27.5114 0.0000e+00
      3.849     -0.252     6.3359     86.830    117.673 123.936113    15.9300     2.8092     0.0852     0.2961 3.4065e+00    23.6946      3.774      5.474    27.5224 0.0000e+00
      3.776     -0.293     6.4261     89.029    117.639 124.018328    15.9300     0.9552     0.0852     0.2961 3.8750e+00     4.2526      3.703      5.371    27.5397 0.0000e+00
      3.689     -0.325     6.5434     91.370    117.613 124.109889    15.3900     0.9476     0.0852     0.3384 4.3358e+00     4.2073      3.618      5.247    27.5677 0.0000e+00
      3.593     -0.346     6.6817     93.741    117.588 124.203209    15.3900     0.9514     0.0852     0.3384 4.6723e+00     4.1620      3.523      5.110    27.6075 0.0000e+00
      3.494     -0.355     6.8353     95.983    117.566 124.295168    15.3900     0.9362     0.0852     0.3384 4.9054e+00     4.2224      3.427      4.970    27.6547 0.0000e+00
      3.399     -0.353     7.0021     97.955    117.542 124.376284    15.3900     0.7797     0.0852     0.3384 5.0922e+00     2.8024      3.333      4.834    27.7046 0.0000e+00
      3.309     -0.347     7.1798     99.557    117.505 124.436181    15.3900     0.7645     0.0852     0.3384 5.2735e+00     2.8024      3.245      4.706    27.7553 0.0000e+00
      3.225     -0.341     7.3595    100.732    117.477 124.496839    13.6800     0.7492     0.0852     0.2961 5.2930e+00     2.7873      3.162      4.587    27.8062 0.0000e+00
      3.144     -0.343     7.5291    101.460    117.479 124.574438    13.6800     0.7759     0.0852     0.2961 5.2918e+00     2.8779      3.084      4.472    27.8552 0.0000e+00
      3.064     -0.355     7.6777    101.770    117.510 124.665666    13.6800     0.8255     0.0852     0.2961 5.2964e+00    23.6493      3.005      4.358    27.9006 0.0000e+00
      2.979     -0.378     7.7977    101.748    117.584 124.794853    13.6800     0.8370     0.0852     0.2961 5.2735e+00    23.4831      2.921      4.237    27.9427 0.0000e+00
      2.884     -0.410     7.8846    101.507    117.698 124.974442    13.3200     0.8217     0.0852     0.2538 5.4387e+00    23.6795      2.828      4.102    27.9811 0.0000e+00
      2.775     -0.444     7.9372    101.159    117.816 125.172293    13.3200     0.8179     0.0852     0.2538 5.7787e+00    23.6040      2.721      3.947    28.0130 0.0000e+00
      2.653     -0.476     7.9581    100.800    117.901 125.345136    13.3200     0.5928     0.0852     0.2538 6.2394e+00     9.9931      2.601      3.773    28.0378 0.0000e+00
      2.520     -0.500     7.9534    100.513    117.944 125.473040    13.3200     0.6081     0.0852     0.2538 6.6466e+00    10.0686      2.472      3.585    28.0595 0.0000e+00
      2.383     -0.514     7.9312    100.342    117.963 125.570110    12.6000     0.6157     0.0426     0.1692 7.0040e+00     9.9628      2.337      3.389    28.0841 0.0000e+00
      2.245     -0.518     7.8998    100.302    117.973 125.648232    12.6000     0.5585     0.0426     0.1692 7.4079e+00    10.0233      2.202      3.193    28.1149 0.0000e+00
      2.110     -0.510     7.8669    100.395    117.983 125.720236    12.6000     0.4936     0.0426     0.1692 7.5920e+00     1.8809      2.070      3.001    28.1499 0.0000e+00
      1.980     -0.493     7.8396    100.594    118.000 125.795324    12.6000     0.4860     0.0426     0.1692 7.9121e+00     1.9413      1.942      2.815    28.1852 0.0000e+00
      1.853     -0.469     7.8218    100.833    118.004 125.851503    12.6000     0.4784     0.0426     0.1692 8.5187e+00     1.9111      1.817      2.635    28.2176 0.0000e+00
      1.733     -0.440     7.8147    101.053    117.983 125.873745    11.9700     0.4784     0.0426     0.2538 9.1243e+00     1.8960      1.700      2.464    28.2464 0.0000e+00
      1.623     -0.410     7.8183    101.222    117.946 125.867982    11.9700     0.5165     0.0426     0.2538 9.5006e+00     0.4307      1.592      2.308    28.2723 0.0000e+00
      1.524     -0.383     7.8305    101.320    117.909 125.852690    11.9700     0.4822     0.0426     0.2538 9.4882e+00     0.4307      1.495      2.168    28.2963 0.0000e+00
      1.436     -0.361     7.8460    101.336    117.882 125.839797    11.9700     0.4784     0.0426     0.2538 9.4965e+00     0.4156      1.408      2.042    28.3183 0.0000e+00
      1.353     -0.347     7.8606    101.280    117.856 125.821866    11.7900     0.4936     0.0426     0.1692 9.4286e+00     0.5364      1.327      1.925    28.3371 0.0000e+00
      1.271     -0.340     7.8717    101.182    117.833 125.802119    11.7900     0.4135     0.0426     0.1692 9.7304e+00     0.4760      1.247      1.808    28.3516 0.0000e+00
      1.187     -0.338     7.8778    101.081    117.821 125.791295    11.7900     0.4212     0.0426     0.1692 1.0442e+01     0.3703      1.164      1.688    28.3620 0.0000e+00
      1.098     -0.337     7.8782    101.008    117.810 125.782508    11.7900     0.4135     0.0426     0.1692 1.1233e+01     0.4911      1.077      1.562    28.3688 0.0000e+00
      1.008     -0.335     7.8733    100.977    117.795 125.769412    11.8800     0.4402     0.0426     0.1692 1.2140e+01     0.5213      0.989      1.434    28.3726 0.0000e+00
      0.920     -0.329     7.8654    100.971    117.786 125.764522    11.8800     0.5051     0.0426     0.1692 1.2709e+01     0.5062      0.902      1.308    28.3746 0.0000e+00
      0.835     -0.316     7.8574    100.973    117.793 125.778541    11.8800     0.4784     0.0426     0.1692 1.3518e+01     0.4156      0.819      1.187    28.3757 0.0000e+00
      0.755     -0.299     7.8516    100.963    117.813 125.807204    11.8800     0.5013     0.0426     0.1692 1.4710e+01     0.4609      0.740      1.073    28.3768 0.0000e+00
      0.680     -0.276     7.8489    100.926    117.844 125.846149    11.9700     0.4975     0.0426     0.2115 1.5876e+01     0.4911      0.666      0.966    28.3783 0.0000e+00
      0.611     -0.251     7.8482    100.874    117.879 125.889755    11.9700     0.4250     0.0426     0.2115 1.6810e+01     0.4458      0.599      0.868    28.3803 0.0000e+00
      0.549     -0.223     7.8480    100.841    117.908 125.925642    11.9700     0.4212     0.0426     0.2115 1.7884e+01     0.5666      0.538      0.781    28.3828 0.0000e+00
      0.495     -0.195     7.8468    100.867    117.919 125.943371    11.9700     0.4021     0.0426     0.2115 1.9222e+01     0.4458      0.485      0.704    28.3856 0.0000e+00
      0.449     -0.166     7.8436    100.956    117.923 125.951670    11.9700     0.4364     0.0426     0.2115 1.8249e+01     0.3703      0.441      0.639    28.3883 0.0000e+00
      0.412     -0.139     7.8392    101.072    117.936 125.968762    11.8800     0.4708     0.0426     0.2115 1.8952e+01     5.9747      0.404      0.586    28.3907 0.0000e+00
      0.382     -0.115     7.8363    101.167    117.955 125.991200    11.8800     0.4822     0.0426     0.2115 1.8497e+01     5.8690      0.375      0.544    28.3932 0.0000e+00
      0.358     -0.093     7.8380    101.210    117.969 126.008961    11.8800     0.4860     0.0426     0.2115 1.8505e+01     5.8388      0.351      0.509    28.3955 0.0000e+00
