Data/DataNotYetUploadedToEDI/Raw_CTD/RawDownloads/080124_ccr88_S8188008.cnv
* Sea-Bird SBE19plus  Data File:
* FileName = C:\R\Reservoirs\Data\DataNotYetUploadedToEDI\Raw_CTD\RawDownloads\073124_ccr88_S8188_0008.hex
* Software version 2.8.0.119
* Temperature SN = 8188
* Conductivity SN = 8188
* System UpLoad Time = Aug 02 2024 14:07:10
* <ApplicationData>
* <Seaterm232>
# nquan = 16
# nvalues = 1228                        
# units = specified
# name 0 = depFM: Depth [fresh water, m]
# name 1 = dz/dtM: Descent Rate [m/s]
# name 2 = sbeox0Mg/L: Oxygen, SBE 43 [mg/l]
# name 3 = sbeox0PS: Oxygen, SBE 43 [% saturation]
# name 4 = specc: Specific Conductance [uS/cm]
# name 5 = c0uS/cm: Conductivity [uS/cm]
# name 6 = wetCDOM: Fluorescence, WET Labs CDOM [mg/m^3]
# name 7 = flECO-AFL: Fluorescence, WET Labs ECO-AFL/FL [mg/m^3]
# name 8 = flECO-AFL1: Fluorescence, WET Labs ECO-AFL/FL, 2 [mg/m^3]
# name 9 = flECO-AFL2: Fluorescence, WET Labs ECO-AFL/FL, 3 [mg/m^3]
# name 10 = par/sat/log: PAR/Logarithmic, Satlantic
# name 11 = turbWETntu0: Turbidity, WET Labs ECO [NTU]
# name 12 = prdM: Pressure, Strain Gauge [db]
# name 13 = prdE: Pressure, Strain Gauge [psi]
# name 14 = tv290C: Temperature [ITS-90, deg C]
# name 15 = flag:  0.000e+00
# span 0 =     -0.475,     10.861       
# span 1 =     -0.436,      0.186       
# span 2 =     3.0361,     9.1041       
# span 3 =     28.485,    117.349       
# span 4 =   -446.575,    127.892       
# span 5 =-462.809388, 126.286712       
# span 6 =    -4.5000,    39.9600       
# span 7 =    -0.2655,     5.5596       
# span 8 =    -2.1300,     0.6816       
# span 9 =    -2.0304,     0.6768       
# span 10 = 1.1590e-01, 4.3717e+00      
# span 11 =    -0.5663,   209.8663      
# span 12 =     -0.465,     10.651      
# span 13 =     -0.675,     15.449      
# span 14 =    12.4101,    28.5058      
# span 15 = 0.0000e+00, 0.0000e+00      
# interval = seconds: 0.25
# start_time = Aug 01 2024 06:12:14 [Instrument's time stamp, header]
# bad_flag = -9.990e-29
*END*
[from data line 362]
      1.707      0.028     5.8455    106.540    118.026 126.104884    11.3400     0.5280     0.0426     0.2115 4.9820e-01     0.0077      1.675      2.429    28.0864 0.0000e+00
      1.714      0.029     6.3968    112.279    117.998 126.149780    11.3400     0.5432     0.0426     0.2115 4.7743e-01     0.0681      1.682      2.439    28.2016 0.0000e+00
      1.722      0.029     7.0456    115.903    117.978 126.176266    11.3400     0.5356     0.0426     0.2115 4.9378e-01    -0.0376      1.689      2.449    28.2975 0.0000e+00
      1.729      0.030     7.6975    117.349    117.963 126.191408    11.3400     0.5585     0.0426     0.2115 4.8961e-01     0.0379      1.696      2.460    28.3677 0.0000e+00
      1.737      0.031     8.2722    116.893    117.949 126.197242    11.3400     0.5432     0.0426     0.2115 4.7784e-01    -0.0527      1.703      2.471    28.4156 0.0000e+00
      1.745      0.031     8.7144    115.123    117.950 126.211331    11.3400     0.5509     0.0426     0.1269 5.0727e-01     0.0228      1.711      2.482    28.4471 0.0000e+00
      1.753      0.032     8.9934    112.750    117.971 126.243434    11.3400     0.5509     0.0426     0.1269 4.8306e-01     0.0228      1.719      2.494    28.4674 0.0000e+00
      1.762      0.032     9.1041    110.345    117.985 126.264097    11.3400     0.5356     0.0426     0.1269 4.9453e-01     0.0228      1.727      2.505    28.4807 0.0000e+00
      1.770      0.032     9.0678    108.217    117.974 126.256820    11.3400     0.5509     0.0426     0.1269 4.8024e-01     0.0983      1.735      2.517    28.4894 0.0000e+00
      1.778      0.032     8.9298    106.467    117.955 126.239670    11.3400     0.5432     0.0426     0.1269 5.0168e-01    -0.0829      1.743      2.529    28.4952 0.0000e+00
      1.786      0.032     8.7453    105.101    117.943 126.228084    11.4300     0.5432     0.0426     0.2115 5.1650e-01     0.0077      1.752      2.541    28.4991 0.0000e+00
      1.795      0.031     8.5585    104.083    117.935 126.218972    11.4300     0.5280     0.0426     0.2115 4.8045e-01    -0.0074      1.760      2.552    28.5017 0.0000e+00
      1.803      0.031     8.3931    103.354    117.927 126.209905    11.4300     0.5432     0.0426     0.2115 5.4167e-01    -0.0376      1.768      2.564    28.5036 0.0000e+00
      1.810      0.031     8.2573    102.838    117.934 126.216472    11.4300     0.5470     0.0426     0.2115 5.2294e-01    -0.0376      1.775      2.575    28.5048 0.0000e+00
      1.818      0.031     8.1512    102.472    117.952 126.234421    11.4300     0.5394     0.0000     0.2115 4.9496e-01    -0.0074      1.783      2.586    28.5053 0.0000e+00
      1.826      0.032     8.0723    102.222    117.952 126.234523    11.4300     0.5585     0.0000     0.2115 4.9842e-01     0.0228      1.790      2.596    28.5053 0.0000e+00
      1.833      0.032     8.0158    102.049    117.940 126.222810    11.4300     0.4898     0.0000     0.2115 4.8612e-01    -0.0678      1.798      2.608    28.5049 0.0000e+00
      1.842      0.033     7.9758    101.924    117.930 126.212163    11.4300     0.4669     0.0000     0.2115 5.0255e-01    -0.0376      1.806      2.620    28.5045 0.0000e+00
      1.851      0.033     7.9475    101.831    117.916 126.197743    11.3400     0.4898     0.0426     0.1692 5.2521e-01     0.0228      1.815      2.632    28.5043 0.0000e+00
      1.859      0.033     7.9281    101.777    117.910 126.191713    11.3400     0.4708     0.0426     0.1692 4.9228e-01    -0.0074      1.823      2.644    28.5043 0.0000e+00
      1.868      0.033     7.9148    101.764    117.919 126.200467    11.3400     0.5051     0.0426     0.1692 5.1538e-01    -0.0829      1.832      2.657    28.5044 0.0000e+00
      1.876      0.032     7.9050    101.763    117.934 126.214334    11.3400     0.4936     0.0426     0.1692 5.1314e-01    -0.0376      1.840      2.668    28.5047 0.0000e+00
      1.884      0.032     7.8977    101.741    117.953 126.231011    11.3400     0.4708     0.0426     0.1692 4.9303e-01    -0.0074      1.848      2.680    28.5050 0.0000e+00
      1.892      0.032     7.8935    101.689    117.967 126.242938    11.3400     0.4936     0.0426     0.1692 5.0310e-01    -0.0376      1.855      2.691    28.5052 0.0000e+00
      1.899      0.033     7.8926    101.628    117.966 126.241289    11.3400     0.5661     0.0426     0.1692 4.8951e-01     0.0379      1.863      2.702    28.5047 0.0000e+00
      1.908      0.035     7.8927    101.578    117.956 126.233629    11.3400     0.5242     0.0426     0.1692 5.0937e-01    -0.0225      1.871      2.713    28.5036 0.0000e+00
      1.916      0.037     7.8911    101.558    117.946 126.225918    11.3400     0.5623     0.0426     0.1692 5.0452e-01     0.0681      1.879      2.726    28.5021 0.0000e+00
      1.926      0.038     7.8873    101.574    117.937 126.220103    11.3400     0.5509     0.0426     0.1269 4.9282e-01     0.0530      1.889      2.740    28.5010 0.0000e+00
      1.937      0.038     7.8825    101.624    117.934 126.218635    11.3400     0.5661     0.0426     0.1269 4.8622e-01    -0.0829      1.899      2.755    28.5009 0.0000e+00
      1.948      0.038     7.8786    101.695    117.935 126.221123    11.3400     0.5547     0.0426     0.1269 4.7660e-01     0.0228      1.910      2.770    28.5018 0.0000e+00
      1.958      0.037     7.8768    101.761    117.935 126.220226    11.3400     0.5203     0.0426     0.1269 4.7743e-01    -0.0829      1.920      2.785    28.5032 0.0000e+00
      1.967      0.036     7.8779    101.785    117.928 126.211704    11.3400     0.5432     0.0426     0.2115 4.8118e-01     0.0077      1.929      2.798    28.5045 0.0000e+00
      1.975      0.035     7.8816    101.753    117.924 126.205289    11.3400     0.4784     0.0426     0.2115 5.0441e-01    -0.0225      1.937      2.810    28.5054 0.0000e+00
      1.983      0.034     7.8871    101.677    117.928 126.207274    11.3400     0.4708     0.0426     0.2115 4.6757e-01     0.0228      1.945      2.821    28.5058 0.0000e+00
      1.991      0.034     7.8922    101.590    117.945 126.224191    11.3400     0.4936     0.0426     0.2115 4.5091e-01    -0.0376      1.953      2.833    28.5057 0.0000e+00
      2.000      0.035     7.8941    101.517    117.963 126.242542    11.3400     0.4822     0.0426     0.2538 4.8264e-01     0.0228      1.962      2.845    28.5053 0.0000e+00
      2.009      0.036     7.8917    101.461    117.958 126.237208    11.3400     0.5356     0.0426     0.2538 4.7268e-01    -0.0074      1.971      2.858    28.5044 0.0000e+00
      2.019      0.037     7.8860    101.426    117.946 126.224774    11.3400     0.5470     0.0426     0.2538 4.8327e-01    -0.0074      1.980      2.872    28.5035 0.0000e+00
      2.028      0.037     7.8793    101.433    117.942 126.221933    11.3400     0.5661     0.0426     0.2538 4.6575e-01    -0.0074      1.989      2.885    28.5027 0.0000e+00
      2.038      0.038     7.8737    101.491    117.944 126.225928    11.3400     0.5547     0.0426     0.2538 4.6282e-01    -0.0074      1.998      2.898    28.5022 0.0000e+00
      2.048      0.038     7.8694    101.587    117.960 126.243826    11.4300     0.5280     0.0426     0.1692 4.7743e-01    -0.0074      2.008      2.913    28.5023 0.0000e+00
      2.058      0.039     7.8666    101.692    117.984 126.270397    11.4300     0.5470     0.0426     0.1692 4.8086e-01    -0.0376      2.018      2.927    28.5028 0.0000e+00
      2.068      0.039     7.8670    101.769    117.999 126.286712    11.4300     0.5432     0.0426     0.1692 4.8296e-01     0.0681      2.028      2.941    28.5035 0.0000e+00
      2.078      0.039     7.8714    101.807    117.997 126.285119    11.4300     0.5394     0.0426     0.1692 4.9496e-01     0.0379      2.038      2.955    28.5041 0.0000e+00
      2.087      0.039     7.8789    101.827    117.986 126.273196    11.4300     0.5356     0.0426     0.3384 4.4983e-01    -0.0074      2.047      2.969    28.5046 0.0000e+00
      2.097      0.040     7.8869    101.843    117.970 126.255767    11.4300     0.5509     0.0426     0.3384 4.8475e-01    -0.1585      2.057      2.983    28.5050 0.0000e+00
      2.107      0.040     7.8928    101.857    117.952 126.236188    11.4300     0.5509     0.0426     0.3384 4.6930e-01    -0.0074      2.067      2.997    28.5052 0.0000e+00
      2.118      0.041     7.8958    101.879    117.938 126.221243    11.4300     0.5394     0.0426     0.3384 4.8285e-01    -0.0678      2.077      3.012    28.5054 0.0000e+00
      2.128      0.041     7.8974    101.920    117.935 126.216950    11.4300     0.5356     0.0426     0.2115 4.7412e-01     0.1134      2.087      3.028    28.5053 0.0000e+00
      2.139      0.041     7.8986    101.984    117.943 126.224166    11.4300     0.5356     0.0426     0.2115 4.7073e-01     0.0379      2.098      3.043    28.5053 0.0000e+00
      2.150      0.041     7.8997    102.060    117.948 126.226808    11.4300     0.5356     0.0426     0.2115 4.6564e-01    -0.0376      2.108      3.058    28.5052 0.0000e+00
      2.160      0.041     7.9014    102.129    117.947 126.223579    11.4300     0.5470     0.0426     0.2115 4.8107e-01     0.0228      2.119      3.073    28.5049 0.0000e+00
      2.170      0.040     7.9047    102.174    117.947 126.221620    11.4300     0.5509     0.0426     0.1692 4.4808e-01    -0.1131      2.129      3.087    28.5044 0.0000e+00
      2.180      0.040     7.9098    102.190    117.940 126.212406    11.4300     0.5623     0.0426     0.1692 4.5991e-01    -0.0225      2.138      3.102    28.5037 0.0000e+00
      2.191      0.040     7.9158    102.180    117.933 126.203485    11.4300     0.5280     0.0426     0.1692 4.8601e-01     0.0228      2.148      3.116    28.5028 0.0000e+00
      2.201      0.040     7.9212    102.152    117.937 126.206483    11.4300     0.5356     0.0426     0.1692 4.7795e-01    -0.0678      2.159      3.131    28.5019 0.0000e+00
      2.212      0.040     7.9249    102.110    117.948 126.216196    11.4300     0.5280     0.0426     0.1692 4.7443e-01    -0.0376      2.169      3.146    28.5010 0.0000e+00
      2.222      0.040     7.9262    102.057    117.953 126.221210    11.4300     0.5318     0.0426     0.2115 4.6595e-01    -0.0376      2.179      3.160    28.5003 0.0000e+00
      2.232      0.040     7.9255    102.005    117.952 126.218858    11.4300     0.5432     0.0426     0.2115 4.8569e-01    -0.0225      2.189      3.175    28.4995 0.0000e+00
      2.242      0.040     7.9235    101.968    117.950 126.216518    11.4300     0.5432     0.0426     0.2115 4.6951e-01     0.0379      2.199      3.189    28.4989 0.0000e+00
      2.252      0.039     7.9203    101.956    117.948 126.213566    11.4300     0.4708     0.0426     0.2115 4.8306e-01    -0.0225      2.209      3.204    28.4983 0.0000e+00
      2.262      0.039     7.9163    101.969    117.945 126.209213    11.4300     0.5089     0.0426     0.2538 4.9207e-01    -0.0829      2.219      3.218    28.4979 0.0000e+00
      2.272      0.038     7.9122    101.991    117.943 126.206301    11.4300     0.4440     0.0426     0.2538 4.8338e-01    -0.0376      2.228      3.232    28.4976 0.0000e+00
      2.282      0.038     7.9093    102.014    117.942 126.204054    11.4300     0.4593     0.0426     0.2538 4.7412e-01    -0.0980      2.238      3.246    28.4974 0.0000e+00
      2.291      0.038     7.9085    102.040    117.945 126.205873    11.4300     0.5394     0.0426     0.2538 4.8580e-01    -0.0074      2.247      3.259    28.4971 0.0000e+00
      2.300      0.038     7.9095    102.061    117.947 126.208243    11.4300     0.5394     0.0426     0.2538 4.7774e-01     0.0681      2.256      3.272    28.4966 0.0000e+00
      2.310      0.038     7.9113    102.060    117.943 126.203790    11.4300     0.5432     0.0426     0.2538 5.0091e-01    -0.0074      2.265      3.286    28.4960 0.0000e+00
      2.319      0.039     7.9132    102.026    117.935 126.195331    11.4300     0.5280     0.0426     0.2538 4.7484e-01    -0.0074      2.275      3.299    28.4955 0.0000e+00
      2.329      0.040     7.9153    101.967    117.927 126.186610    11.4300     0.5356     0.0426     0.2538 5.0200e-01    -0.0074      2.284      3.313    28.4952 0.0000e+00
      2.340      0.041     7.9170    101.907    117.927 126.187309    11.4300     0.5432     0.0426     0.2538 4.5376e-01    -0.0376      2.295      3.328    28.4950 0.0000e+00
      2.351      0.041     7.9169    101.882    117.939 126.201615    11.4300     0.5547     0.0000     0.2115 4.6021e-01    -0.0225      2.305      3.343    28.4948 0.0000e+00
      2.362      0.041     7.9143    101.905    117.953 126.217337    11.4300     0.5394     0.0000     0.2115 4.4895e-01     0.0379      2.316      3.359    28.4949 0.0000e+00
      2.373      0.041     7.9096    101.965    117.956 126.220658    11.4300     0.5089     0.0000     0.2115 4.7691e-01     0.0077      2.327      3.375    28.4952 0.0000e+00
      2.383      0.040     7.9049    102.046    117.948 126.212465    11.4300     0.5470     0.0000     0.2115 4.9518e-01    -0.0376      2.337      3.390    28.4957 0.0000e+00
      2.393      0.039     7.9030    102.128    117.943 126.206580    11.4300     0.5585     0.0852     0.2115 4.6635e-01    -0.0980      2.347      3.404    28.4961 0.0000e+00
      2.403      0.038     7.9047    102.178    117.942 126.205435    11.4300     0.5203     0.0852     0.2115 4.7412e-01    -0.0376      2.356      3.418    28.4965 0.0000e+00
      2.412      0.037     7.9093    102.177    117.942 126.204723    11.4300     0.5356     0.0852     0.2115 4.8887e-01     0.0681      2.365      3.431    28.4966 0.0000e+00
      2.421      0.037     7.9156    102.132    117.938 126.200252    11.4300     0.5547     0.0852     0.2115 4.6615e-01    -0.0074      2.374      3.444    28.4966 0.0000e+00
      2.430      0.038     7.9220    102.061    117.922 126.182826    11.4300     0.5394     0.0426     0.2115 4.8065e-01    -0.0527      2.383      3.456    28.4965 0.0000e+00
      2.439      0.038     7.9259    101.989    117.902 126.161805    11.4300     0.5356     0.0426     0.2115 4.6838e-01    -0.0678      2.392      3.470    28.4963 0.0000e+00
      2.450      0.039     7.9258    101.941    117.901 126.159596    11.4300     0.5623     0.0426     0.2115 4.7567e-01     0.0530      2.402      3.484    28.4962 0.0000e+00
      2.460      0.039     7.9223    101.916    117.912 126.171607    11.4300     0.5585     0.0426     0.2115 4.5494e-01    -0.0376      2.412      3.499    28.4961 0.0000e+00
      2.470      0.039     7.9168    101.890    117.921 126.181034    11.4300     0.5242     0.0426     0.1269 4.8580e-01    -0.0527      2.423      3.514    28.4960 0.0000e+00
      2.481      0.039     7.9112    101.855    117.928 126.188388    11.4300     0.5623     0.0426     0.1269 4.7176e-01     0.0228      2.433      3.528    28.4958 0.0000e+00
      2.490      0.038     7.9075    101.829    117.938 126.199632    11.4300     0.4593     0.0426     0.1269 4.7124e-01    -0.0678      2.442      3.542    28.4957 0.0000e+00
      2.500      0.038     7.9056    101.827    117.951 126.213763    11.4300     0.5051     0.0426     0.1269 4.6767e-01    -0.0980      2.451      3.556    28.4955 0.0000e+00
      2.509      0.037     7.9036    101.850    117.962 126.226545    11.4300     0.4746     0.0426     0.1269 4.6585e-01    -0.0376      2.461      3.569    28.4953 0.0000e+00
      2.518      0.037     7.9009    101.893    117.964 126.229382    11.4300     0.4936     0.0426     0.1692 4.7433e-01    -0.0376      2.470      3.582    28.4953 0.0000e+00
      2.528      0.038     7.8989    101.947    117.954 126.219029    11.4300     0.4708     0.0426     0.1692 4.5386e-01     0.0228      2.479      3.595    28.4955 0.0000e+00
