Data/DataNotYetUploadedToEDI/Raw_CTD/RawDownloads/080124_ccr88_S8188010.cnv
* Sea-Bird SBE19plus  Data File:
* FileName = C:\R\Reservoirs\Data\DataNotYetUploadedToEDI\Raw_CTD\RawDownloads\073124_ccr88_S8188_0010.hex
* Software version 2.8.0.119
* Temperature SN = 8188
* Conductivity SN = 8188
* System UpLoad Time = Aug 02 2024 14:07:46
* <ApplicationData>
* <Seaterm232>
# nquan = 16
# nvalues = 1630                        
# units = specified
# name 0 = depFM: Depth [fresh water, m]
# name 1 = dz/dtM: Descent Rate [m/s]
# name 2 = sbeox0Mg/L: Oxygen, SBE 43 [mg/l]
# name 3 = sbeox0PS: Oxygen, SBE 43 [% saturation]
# name 4 = specc: Specific Conductance [uS/cm]
# name 5 = c0uS/cm: Conductivity [uS/cm]
# name 6 = wetCDOM: Fluorescence, WET Labs CDOM [mg/m^3]
# name 7 = flECO-AFL: Fluorescence, WET Labs ECO-AFL/FL [mg/m^3]
# name 8 = flECO-AFL1: Fluorescence, WET Labs ECO-AFL/FL, 2 [mg/m^3]
# name 9 = flECO-AFL2: Fluorescence, WET Labs ECO-AFL/FL, 3 [mg/m^3]
# name 10 = par/sat/log: PAR/Logarithmic, Satlantic
# name 11 = turbWETntu0: Turbidity, WET Labs ECO [NTU]
# name 12 = prdM: Pressure, Strain Gauge [db]
# name 13 = prdE: Pressure, Strain Gauge [psi]
# name 14 = tv290C: Temperature [ITS-90, deg C]
# name 15 = flag:  0.000e+00
# span 0 =     -0.278,      8.651       
# span 1 =     -0.266,      0.098       
# span 2 =     2.5906,     9.9265       
# span 3 =     25.659,    129.441       
# span 4 =   -429.042,    125.027       
# span 5 =-459.644542, 131.962756       
# span 6 =    -4.5000,    27.7200       
# span 7 =    -0.0137,     3.6027       
# span 8 =    -2.1300,     0.2556       
# span 9 =    -2.0304,     0.6345       
# span 10 = 7.4807e+00, 9.1149e+02      
# span 11 =    -1.1102,     3.9052      
# span 12 =     -0.272,      8.484      
# span 13 =     -0.395,     12.305      
# span 14 =    12.6780,    33.8635      
# span 15 = 0.0000e+00, 0.0000e+00      
# interval = seconds: 0.25
# start_time = Aug 01 2024 13:04:18 [Instrument's time stamp, header]
# bad_flag = -9.990e-29
*END*
[from data line 1537]
      4.652     -0.102     8.5404    102.840    116.504 117.055431    14.4000     1.0163     0.0426     0.2961 1.2162e+02     0.3098      4.562      6.617    25.2686 0.0000e+00
      4.623     -0.127     8.5170    102.645    116.635 117.197159    14.4000     1.0544     0.0426     0.2961 1.2373e+02     0.3400      4.534      6.575    25.2851 0.0000e+00
      4.586     -0.151     8.4965    102.569    116.756 117.401303    14.4000     1.0582     0.0426     0.2961 1.2725e+02     0.2947      4.497      6.522    25.2753 0.0000e+00
      4.542     -0.173     8.4776    102.633    116.871 117.672303    14.4000     1.0582     0.0426     0.2961 1.3098e+02     0.3249      4.454      6.460    25.2500 0.0000e+00
      4.493     -0.192     8.4591    102.846    116.966 118.000431    13.9500     1.0506     0.0426     0.3384 1.3467e+02     0.3098      4.406      6.390    25.2303 0.0000e+00
      4.440     -0.207     8.4424    103.222    117.007 118.347193    13.9500     1.0315     0.0426     0.3384 1.3733e+02     0.4005      4.354      6.315    25.2345 0.0000e+00
      4.385     -0.219     8.4306    103.759    117.006 118.699071    13.9500     0.9209     0.0426     0.3384 1.4084e+02     0.0832      4.300      6.236    25.2698 0.0000e+00
      4.327     -0.229     8.4255    104.417    117.020 119.091915    13.9500     0.9056     0.0426     0.3384 1.4497e+02     0.0379      4.243      6.154    25.3366 0.0000e+00
      4.267     -0.238     8.4275    105.121    117.060 119.544489    13.6800     0.9285     0.0426     0.2961 1.4770e+02     0.1286      4.184      6.068    25.4360 0.0000e+00
      4.205     -0.245     8.4380    105.809    117.074 120.015479    13.6800     0.9438     0.0426     0.2961 1.5141e+02     0.1286      4.123      5.980    25.5665 0.0000e+00
      4.141     -0.252     8.4584    106.442    117.036 120.460481    13.6800     0.8713     0.0426     0.2961 1.5450e+02     0.1134      4.061      5.890    25.7173 0.0000e+00
      4.076     -0.258     8.4869    107.011    116.984 120.884174    13.6800     0.8751     0.0426     0.2961 1.5896e+02     0.1134      3.997      5.797    25.8788 0.0000e+00
      4.009     -0.262     8.5169    107.526    116.939 121.285545    13.2300     0.8446     0.0426     0.2538 1.6182e+02     0.1890      3.931      5.701    26.0548 0.0000e+00
      3.940     -0.265     8.5424    108.008    116.884 121.637622    13.2300     0.8675     0.0426     0.2538 1.6721e+02     0.0983      3.864      5.604    26.2501 0.0000e+00
      3.871     -0.265     8.5615    108.475    116.804 121.922285    13.2300     0.7416     0.0426     0.2538 1.7122e+02    -0.1736      3.796      5.506    26.4570 0.0000e+00
      3.802     -0.263     8.5757    108.934    116.693 122.131440    13.2300     0.7302     0.0426     0.2538 1.7647e+02    -0.1283      3.729      5.408    26.6610 0.0000e+00
      3.734     -0.258     8.5874    109.362    116.572 122.278870    12.6000     0.7378     0.0852     0.3807 1.8125e+02    -0.2793      3.662      5.311    26.8524 0.0000e+00
      3.668     -0.250     8.5989    109.700    116.476 122.391899    12.6000     0.7302     0.0852     0.3807 1.8528e+02    -0.1585      3.597      5.217    27.0275 0.0000e+00
      3.604     -0.240     8.6118    109.881    116.431 122.504677    12.6000     0.6729     0.0852     0.3807 1.9005e+02    -0.1283      3.534      5.126    27.1853 0.0000e+00
      3.544     -0.230     8.6268    109.882    116.439 122.643283    12.6000     0.6920     0.0852     0.3807 1.9515e+02    -0.1585      3.475      5.040    27.3246 0.0000e+00
      3.487     -0.222     8.6427    109.743    116.480 122.810669    12.6000     0.6653     0.0852     0.3807 1.9566e+02    -0.2038      3.420      4.960    27.4417 0.0000e+00
      3.435     -0.215     8.6553    109.530    116.516 122.981456    11.9700     0.6920     0.0426     0.2961 1.9570e+02    -0.1283      3.368      4.885    27.5333 0.0000e+00
      3.383     -0.212     8.6591    109.287    116.514 123.111170    11.9700     0.6920     0.0426     0.2961 1.9715e+02    -0.0980      3.318      4.812    27.6021 0.0000e+00
      3.331     -0.213     8.6507    109.039    116.507 123.214405    11.9700     0.7073     0.0426     0.2961 2.0013e+02    -0.2038      3.266      4.738    27.6576 0.0000e+00
      3.277     -0.215     8.6317    108.795    116.541 123.340702    11.9700     0.6958     0.0426     0.2961 2.0378e+02    -0.2189      3.214      4.661    27.7109 0.0000e+00
      3.221     -0.219     8.6062    108.580    116.580 123.469723    11.7000     0.6806     0.0426     0.2538 2.0875e+02    -0.1283      3.159      4.582    27.7679 0.0000e+00
      3.164     -0.224     8.5785    108.445    116.587 123.561858    11.7000     0.6233     0.0426     0.2538 2.1076e+02    -0.2038      3.103      4.501    27.8246 0.0000e+00
      3.106     -0.229     8.5519    108.391    116.608 123.657685    11.7000     0.6272     0.0426     0.2538 2.1520e+02    -0.1283      3.046      4.418    27.8719 0.0000e+00
      3.047     -0.233     8.5269    108.369    116.659 123.788761    11.7000     0.6310     0.0426     0.2538 2.1916e+02    -0.0980      2.989      4.335    27.9103 0.0000e+00
      2.988     -0.236     8.5044    108.346    116.689 123.914016    11.5200     0.6424     0.0426     0.2961 2.2189e+02    -0.0980      2.930      4.250    27.9480 0.0000e+00
      2.927     -0.240     8.4884    108.328    116.694 124.016843    11.5200     0.5470     0.0426     0.2961 2.2407e+02    -0.5059      2.871      4.164    27.9843 0.0000e+00
      2.866     -0.242     8.4793    108.319    116.694 124.100661    11.5200     0.5547     0.0426     0.2961 2.2974e+02    -0.4304      2.810      4.076    28.0160 0.0000e+00
      2.803     -0.244     8.4726    108.306    116.681 124.155816    11.5200     0.5699     0.0426     0.2961 2.3398e+02    -0.4002      2.749      3.986    28.0492 0.0000e+00
      2.739     -0.246     8.4648    108.267    116.665 124.193017    11.5200     0.5585     0.0426     0.2961 2.3829e+02    -0.3851      2.686      3.896    28.0893 0.0000e+00
      2.676     -0.247     8.4572    108.192    116.680 124.254198    11.2500     0.5089     0.0426     0.2115 2.4168e+02    -0.3246      2.625      3.806    28.1309 0.0000e+00
      2.614     -0.248     8.4511    108.097    116.724 124.349670    11.2500     0.4784     0.0426     0.2115 2.4453e+02    -0.4002      2.563      3.718    28.1670 0.0000e+00
      2.552     -0.250     8.4457    108.014    116.749 124.436871    11.2500     0.4822     0.0426     0.2115 2.4742e+02    -0.4002      2.502      3.629    28.1965 0.0000e+00
      2.488     -0.253     8.4392    107.953    116.760 124.509049    11.2500     0.5013     0.0426     0.2115 2.5093e+02    -0.4606      2.440      3.540    28.2197 0.0000e+00
      2.424     -0.256     8.4305    107.914    116.771 124.573452    11.1600     0.4631     0.0426     0.2115 2.5639e+02    -0.3851      2.377      3.447    28.2390 0.0000e+00
      2.358     -0.259     8.4200    107.907    116.764 124.607240    11.1600     0.4440     0.0426     0.2115 2.6134e+02    -0.4757      2.312      3.353    28.2601 0.0000e+00
      2.290     -0.262     8.4097    107.953    116.748 124.623430    11.1600     0.4517     0.0426     0.2115 2.6755e+02    -0.4304      2.246      3.257    28.2858 0.0000e+00
      2.222     -0.265     8.4011    108.050    116.751 124.654348    11.1600     0.4593     0.0426     0.2115 2.7271e+02    -0.4153      2.180      3.161    28.3117 0.0000e+00
      2.155     -0.266     8.3948    108.179    116.763 124.696235    10.9800     0.4593     0.0426     0.2538 2.7858e+02    -0.4304      2.113      3.064    28.3339 0.0000e+00
      2.086     -0.266     8.3916    108.315    116.778 124.740258    10.9800     0.4440     0.0426     0.2538 2.8538e+02    -0.3700      2.046      2.968    28.3519 0.0000e+00
      2.018     -0.265     8.3930    108.444    116.798 124.782150    10.9800     0.4517     0.0426     0.2538 2.9362e+02    -0.4153      1.979      2.870    28.3658 0.0000e+00
      1.950     -0.262     8.3988    108.573    116.810 124.813078    10.9800     0.4517     0.0426     0.2538 3.0047e+02    -0.4757      1.912      2.773    28.3779 0.0000e+00
      1.883     -0.259     8.4070    108.703    116.817 124.841287    10.8900     0.4631     0.0426     0.1692 3.1035e+02    -0.7627      1.846      2.678    28.3905 0.0000e+00
      1.817     -0.256     8.4158    108.811    116.837 124.886306    10.8900     0.4669     0.0426     0.1692 3.1306e+02    -0.7325      1.782      2.584    28.4022 0.0000e+00
      1.753     -0.253     8.4245    108.879    116.864 124.946136    10.8900     0.4440     0.0426     0.1692 3.2273e+02    -0.6268      1.719      2.493    28.4112 0.0000e+00
      1.690     -0.250     8.4334    108.908    116.872 124.996717    10.8900     0.4784     0.0426     0.1692 3.2119e+02    -0.6268      1.657      2.404    28.4190 0.0000e+00
      1.628     -0.248     8.4421    108.911    116.860 125.029531    10.8900     0.3906     0.0426     0.1692 3.3437e+02    -0.5512      1.596      2.315    28.4276 0.0000e+00
      1.564     -0.247     8.4490    108.910    116.853 125.065338    11.0700     0.4097     0.0852     0.1692 3.4440e+02    -0.6268      1.534      2.225    28.4378 0.0000e+00
      1.501     -0.246     8.4523    108.944    116.869 125.121692    11.0700     0.3945     0.0852     0.1692 3.5281e+02    -0.6872      1.471      2.134    28.4511 0.0000e+00
      1.437     -0.244     8.4520    109.049    116.896 125.193614    11.0700     0.4059     0.0852     0.1692 3.5821e+02    -0.6117      1.409      2.044    28.4689 0.0000e+00
      1.375     -0.240     8.4493    109.224    116.922 125.268272    11.0700     0.3296     0.0852     0.1692 3.7299e+02    -0.5210      1.348      1.956    28.4888 0.0000e+00
      1.314     -0.235     8.4465    109.427    116.932 125.329562    10.7100     0.3296     0.0000     0.1692 3.8301e+02    -0.6570      1.288      1.868    28.5071 0.0000e+00
      1.254     -0.227     8.4465    109.611    116.915 125.357820    10.7100     0.3487     0.0000     0.1692 3.8660e+02    -0.6117      1.229      1.783    28.5241 0.0000e+00
      1.196     -0.218     8.4520    109.756    116.888 125.360583    10.7100     0.3372     0.0000     0.1692 4.0801e+02    -0.5210      1.172      1.701    28.5421 0.0000e+00
      1.140     -0.206     8.4626    109.870    116.883 125.370604    10.7100     0.2991     0.0000     0.1692 4.2957e+02    -0.6268      1.118      1.621    28.5621 0.0000e+00
      1.088     -0.192     8.4751    109.952    116.905 125.410561    10.6200     0.2762     0.0426     0.2538 4.2318e+02    -0.6872      1.066      1.547    28.5837 0.0000e+00
      1.040     -0.176     8.4864    109.993    116.940 125.477102    10.6200     0.3105     0.0426     0.2538 4.5041e+02    -0.6872      1.019      1.479    28.6038 0.0000e+00
      0.997     -0.159     8.4956    109.988    116.956 125.535952    10.6200     0.2648     0.0426     0.2538 4.4846e+02    -0.6872      0.977      1.418    28.6171 0.0000e+00
      0.959     -0.143     8.5034    109.963    116.954 125.578798    10.6200     0.2686     0.0426     0.2538 4.6312e+02    -0.8534      0.940      1.364    28.6239 0.0000e+00
      0.926     -0.129     8.5088    109.961    116.956 125.623070    10.6200     0.2686     0.0426     0.2538 4.5159e+02    -0.6872      0.908      1.317    28.6307 0.0000e+00
      0.897     -0.119     8.5101    109.993    116.958 125.662570    10.5300     0.2648     0.0426     0.2115 4.7391e+02    -0.6117      0.880      1.276    28.6431 0.0000e+00
      0.871     -0.115     8.5070    110.058    116.955 125.689827    10.5300     0.2571     0.0426     0.2115 4.5981e+02    -0.6570      0.854      1.239    28.6611 0.0000e+00
      0.845     -0.116     8.5022    110.157    116.941 125.692101    10.5300     0.2648     0.0426     0.2115 4.8117e+02    -0.6268      0.829      1.202    28.6805 0.0000e+00
      0.818     -0.124     8.4993    110.272    116.909 125.661998    10.5300     0.2724     0.0426     0.2115 4.7545e+02    -0.5814      0.802      1.164    28.6984 0.0000e+00
      0.788     -0.137     8.4994    110.364    116.891 125.633508    10.4400     0.2533     0.0000     0.0846 4.6362e+02    -0.5814      0.773      1.122    28.7145 0.0000e+00
      0.754     -0.154     8.5025    110.397    116.920 125.651053    10.4400     0.2648     0.0000     0.0846 4.9281e+02    -0.6268      0.739      1.072    28.7273 0.0000e+00
      0.712     -0.172     8.5090    110.356    116.977 125.711306    10.4400     0.2113     0.0000     0.0846 5.7715e+02    -0.6570      0.699      1.013    28.7349 0.0000e+00
      0.665     -0.189     8.5177    110.248    117.021 125.778310    10.4400     0.1999     0.0000     0.0846 5.5634e+02    -0.6268      0.652      0.946    28.7366 0.0000e+00
      0.613     -0.204     8.5254    110.104    117.044 125.835923    10.4400     0.1999     0.0426     0.0846 5.7665e+02    -0.6117      0.601      0.871    28.7326 0.0000e+00
      0.557     -0.215     8.5288    109.959    117.058 125.887505    10.4400     0.2533     0.0426     0.0846 6.0475e+02    -0.6570      0.546      0.792    28.7269 0.0000e+00
      0.499     -0.221     8.5256    109.830    117.066 125.934810    10.4400     0.1885     0.0426     0.0846 6.8450e+02    -0.6419      0.489      0.709    28.7266 0.0000e+00
      0.440     -0.224     8.5160    109.732    117.070 125.978449    10.4400     0.1923     0.0426     0.0846 6.5724e+02    -0.6872      0.432      0.626    28.7350 0.0000e+00
      0.383     -0.225     8.5029    109.691    117.073 126.022058    10.3500     0.2075     0.0426     0.2115 6.7124e+02    -0.5512      0.376      0.545    28.7488 0.0000e+00
      0.328     -0.225     8.4894    109.708    117.066 126.055257    10.3500     0.2113     0.0426     0.2115 7.0151e+02    -0.6570      0.322      0.466    28.7646 0.0000e+00
      0.274     -0.226     8.4769    109.743    117.041 126.062893    10.3500     0.2304     0.0426     0.2115 7.6938e+02    -0.6268      0.269      0.390    28.7811 0.0000e+00
      0.221     -0.228     8.4669    109.734    117.018 126.059011    10.3500     0.2152     0.0426     0.2115 8.3852e+02    -0.6570      0.217      0.314    28.7977 0.0000e+00
      0.166     -0.233     8.4612    109.613    117.008 126.062584    10.3500     0.2075     0.0426     0.2115 9.1149e+02    -0.7023      0.163      0.237    28.8148 0.0000e+00
      0.110     -0.237     8.4599    109.317    116.995 126.064560    10.3500     0.2228     0.0426     0.0846 8.3072e+02    -0.6570      0.108      0.157    28.8325 0.0000e+00
      0.052     -0.240     8.4604    108.769    116.964 126.051460    10.3500     0.1694     0.0426     0.0846 9.0892e+02    -0.6721      0.052      0.075    28.8473 0.0000e+00
     -0.005     -0.241     8.4584    107.870    116.927 126.025797    10.3500     0.1541     0.0426     0.0846 8.6236e+02    -0.6570     -0.005     -0.008    28.8563 0.0000e+00
     -0.061     -0.239     8.4482    106.580    116.908 126.002740    10.3500     0.1503     0.0426     0.0846 8.5341e+02    -0.6872     -0.060     -0.087    28.8622 0.0000e+00
     -0.113     -0.233     8.4243    105.013    116.912 125.986145     9.7200     0.1732     0.1704     0.0846 8.5918e+02    -0.6570     -0.110     -0.160    28.8693 0.0000e+00
     -0.159     -0.226     8.3808    103.417    116.929 125.975584     9.7200     0.1579     0.1704     0.0846 7.5105e+02    -0.6117     -0.155     -0.225    28.8780 0.0000e+00
     -0.198     -0.220     8.3106    102.134    116.949 125.972240     9.7200     0.1236     0.1704     0.0846 6.0633e+02    -0.6268     -0.194     -0.281    28.8840 0.0000e+00
     -0.229     -0.217     8.2114    101.619    116.958 125.971217     9.7200     0.1694     0.1704     0.0846 5.1807e+02    -0.6570     -0.224     -0.325    28.8827 0.0000e+00
     -0.251 -9.990e-29     8.0919 -9.990e-29 -9.990e-29 -9.990e-29     0.0000 -9.990e-29    -0.0426    -0.1269 4.4992e+02 -9.990e-29     -0.246     -0.357    28.8737 0.0000e+00
