Data/DataNotYetUploadedToEDI/Raw_CTD/RawDownloads/080122_bvr50_S7809001.cnv
* Sea-Bird SBE19plus  Data File:
* FileName = C:\R\Reservoirs\Data\DataNotYetUploadedToEDI\Raw_CTD\RawDownloads\080122_bvr50_S7809_0001.hex
* Software version 2.8.0.119
* Temperature SN = 7809
* Conductivity SN = 7809
* System UpLoad Time = Aug 02 2022 14:55:29
* <ApplicationData>
* <Seaterm232>
# nquan = 15
# nvalues = 2312                        
# units = specified
# name 0 = depFM: Depth [fresh water, m]
# name 1 = dz/dtM: Descent Rate [m/s]
# name 2 = sbeox0Mg/L: Oxygen, SBE 43 [mg/l]
# name 3 = sbeox0PS: Oxygen, SBE 43 [% saturation]
# name 4 = specc: Specific Conductance [uS/cm]
# name 5 = c0uS/cm: Conductivity [uS/cm]
# name 6 = flECO-AFL: Fluorescence, WET Labs ECO-AFL/FL [mg/m^3]
# name 7 = ph: pH
# name 8 = orp: Oxidation Reduction Potential [mV]
# name 9 = par/sat/log: PAR/Logarithmic, Satlantic
# name 10 = turbWETntu0: Turbidity, WET Labs ECO [NTU]
# name 11 = prdM: Pressure, Strain Gauge [db]
# name 12 = prdE: Pressure, Strain Gauge [psi]
# name 13 = tv290C: Temperature [ITS-90, deg C]
# name 14 = flag:  0.000e+00
# span 0 =     -0.732,      7.728       
# span 1 =     -0.279,      5.080       
# span 2 =     0.0315,     7.2487       
# span 3 =      0.312,     88.984       
# span 4 =      0.087,    258.314       
# span 5 =   0.086070, 179.706699       
# span 6 =    -0.3262,    62.1132       
# span 7 =     -2.347,      8.464       
# span 8 = -1240.7455,   425.9761       
# span 9 = 1.2353e-01, 1.0861e+03       
# span 10 =    -0.7261,    26.2969      
# span 11 =     -0.719,      7.579      
# span 12 =     -1.042,     10.993      
# span 13 =     9.7781,    25.9460      
# span 14 = 0.0000e+00, 0.0000e+00      
# interval = seconds: 0.25
# start_time = Aug 01 2022 07:41:09 [Instrument's time stamp, header]
# bad_flag = -9.990e-29
*END*
[from data line 386]
      0.921      0.014     5.2361     65.481     29.328  29.874589     5.9844      8.337   143.1487 5.2057e+01     3.2401      0.903      1.309    25.9183 0.0000e+00
      0.923      0.019     5.2383     65.673     29.322  29.870087     5.9541      8.344   143.4729 5.2347e+01     3.2478      0.904      1.312    25.9192 0.0000e+00
      0.927      0.022     5.2623     65.735     29.306  29.854795     5.9480      8.347   143.5914 5.2441e+01     3.2663      0.907      1.316    25.9226 0.0000e+00
      0.933      0.024     5.2973     65.637     29.329  29.879864     5.9438      8.345   143.6354 5.2191e+01     3.2582      0.913      1.324    25.9231 0.0000e+00
      0.943      0.024     5.3230     65.409     29.366  29.919639     5.8703      8.340   143.6613 5.1792e+01     3.2185      0.924      1.340    25.9234 0.0000e+00
      0.953      0.023     5.3378     65.180     29.400  29.955355     5.7589      8.338   143.7323 5.1564e+01     3.1960      0.937      1.358    25.9272 0.0000e+00
      0.959      0.022     5.3446     65.087     29.438  29.994752     5.7031      8.340   143.8918 5.1612e+01     3.2255      0.943      1.367    25.9298 0.0000e+00
      0.961      0.025     5.3360     65.232     29.458  30.015632     5.7111      8.346   144.2124 5.1726e+01     3.2675      0.943      1.368    25.9328 0.0000e+00
      0.961      0.031     5.3121     65.610     29.460  30.017634     5.7900      8.351   144.6844 5.1687e+01     3.2944      0.943      1.367    25.9365 0.0000e+00
      0.965      0.041     5.2899     66.117     29.461  30.018960     5.9165      8.356   145.0383 5.1398e+01     3.3457      0.944      1.369    25.9385 0.0000e+00
      0.976      0.051     5.2784     66.697     29.472  30.031663     5.9836      8.359   145.3080 5.0639e+01     3.4092      0.953      1.382    25.9385 0.0000e+00
      0.996      0.057     5.2901     67.338     29.484  30.044447     6.0017      8.357   145.7081 4.9590e+01     3.4819      0.975      1.416    25.9400 0.0000e+00
      1.021      0.057     5.3254     67.978     29.486  30.046742     6.0526      8.351   146.0898 4.8615e+01     3.5067      1.002      1.453    25.9411 0.0000e+00
      1.042      0.048     5.3682     68.553     29.499  30.059412     6.1250      8.344   146.1378 4.7951e+01     3.4019      1.024      1.486    25.9408 0.0000e+00
      1.055      0.032     5.4138     69.074     29.509  30.070852     6.1602      8.340   145.9448 4.7722e+01     3.2390      1.038      1.505    25.9428 0.0000e+00
      1.060      0.015     5.4681     69.578     29.496  30.058289     6.1706      8.341   145.9068 4.7773e+01     3.1774      1.041      1.510    25.9437 0.0000e+00
      1.057      0.000     5.5234     70.099     29.473  30.034294     6.1764      8.346   146.1088 4.8095e+01     3.2039      1.038      1.507    25.9443 0.0000e+00
      1.049     -0.008     5.5677     70.578     29.474  30.034304     6.1219      8.351   146.3221 4.8602e+01     3.2179      1.028      1.491    25.9458 0.0000e+00
      1.039     -0.011     5.6101     70.903     29.498  30.058405     6.0112      8.351   146.3342 4.8896e+01     3.2091      1.016      1.473    25.9459 0.0000e+00
      1.035     -0.012     5.6485     71.082     29.511  30.072121     5.9438      8.346   146.1695 4.8801e+01     3.1661      1.012      1.469    25.9460 0.0000e+00
      1.038     -0.012     5.6926     71.226     29.512  30.073358     5.9316      8.344   145.9660 4.8610e+01     3.1761      1.017      1.476    25.9455 0.0000e+00
      1.041     -0.011     5.7375     71.405     29.512  30.073366     5.8976      8.343   146.0237 4.8680e+01     3.2280      1.022      1.484    25.9438 0.0000e+00
      1.038     -0.009     5.7626     71.580     29.511  30.072224     5.8232      8.342   146.2655 4.9180e+01     3.2133      1.021      1.481    25.9440 0.0000e+00
      1.030     -0.009     5.7730     71.663     29.500  30.059548     5.7655      8.339   146.3943 4.9904e+01     3.2030      1.010      1.466    25.9452 0.0000e+00
      1.022     -0.008     5.7817     71.589     29.488  30.046888     5.7574      8.337   146.5482 5.0326e+01     3.2396      0.999      1.451    25.9454 0.0000e+00
      1.020     -0.004     5.7987     71.498     29.488  30.045935     5.7743      8.337   146.5779 5.0416e+01     3.2806      0.998      1.448    25.9451 0.0000e+00
      1.023      0.002     5.8146     71.574     29.491  30.048022     5.7870      8.339   146.3232 5.0494e+01     3.2886      1.004      1.456    25.9439 0.0000e+00
      1.027      0.009     5.8265     71.757     29.515  30.072122     5.7783      8.345   145.9634 5.0572e+01     3.2337      1.007      1.461    25.9412 0.0000e+00
      1.030      0.018     5.8158     71.939     29.527  30.083751     5.7692      8.357   145.8420 5.0583e+01     3.1970      1.010      1.466    25.9396 0.0000e+00
      1.033      0.029     5.7982     72.124     29.506  30.061843     5.8592      8.371   146.3177 5.0513e+01     3.2210      1.014      1.471    25.9393 0.0000e+00
      1.036      0.040     5.8103     72.269     29.506  30.060796     6.0272      8.382   147.0690 5.0142e+01     3.2510      1.014      1.471    25.9376 0.0000e+00
      1.045      0.051     5.8297     72.283     29.516  30.071092     6.1101      8.388   147.6986 4.9189e+01     3.2524      1.021      1.481    25.9363 0.0000e+00
      1.063      0.060     5.8417     72.208     29.505  30.059548     6.1121      8.390   148.1660 4.7739e+01     3.2035      1.039      1.507    25.9365 0.0000e+00
      1.087      0.064     5.8581     72.188     29.495  30.048013     6.1096      8.387   148.3322 4.6298e+01     3.2056      1.067      1.547    25.9361 0.0000e+00
      1.111      0.062     5.8749     72.300     29.506  30.058405     6.1134      8.382   148.2453 4.5179e+01     3.2788      1.092      1.584    25.9346 0.0000e+00
      1.129      0.055     5.8748     72.561     29.506  30.058406     6.1156      8.377   148.0616 4.4405e+01     3.2678      1.109      1.609    25.9331 0.0000e+00
      1.140      0.043     5.8624     73.031     29.496  30.048023     6.1118      8.374   147.8312 4.3980e+01     3.2096      1.120      1.624    25.9325 0.0000e+00
      1.147      0.032     5.8590     73.744     29.508  30.059653     6.1013      8.374   147.5243 4.3750e+01     3.1901      1.126      1.633    25.9323 0.0000e+00
      1.151      0.024     5.8692     74.622     29.520  30.072237     6.0466      8.379   147.1910 4.3612e+01     3.2029      1.130      1.638    25.9318 0.0000e+00
      1.153      0.023     5.8880     75.560     29.522  30.073392     5.9662      8.386   147.3285 4.3532e+01     3.2623      1.130      1.640    25.9307 0.0000e+00
      1.155      0.027     5.9238     76.514     29.522  30.073610     5.9287      8.386   148.0690 4.3362e+01     3.2932      1.131      1.641    25.9299 0.0000e+00
      1.160      0.031     5.9856     77.476     29.523  30.074876     5.9259      8.381   148.6590 4.3016e+01     3.2692      1.136      1.647    25.9297 0.0000e+00
      1.171      0.032     6.0603     78.385     29.537  30.088698     5.8991      8.375   148.5246 4.2431e+01     3.2794      1.147      1.663    25.9290 0.0000e+00
      1.188      0.028     6.1376     79.087     29.562  30.113941     5.8544      8.370   147.9067 4.1726e+01     3.3139      1.166      1.691    25.9284 0.0000e+00
      1.202      0.022     6.2147     79.392     29.574  30.126525     5.8428      8.369   147.4691 4.1393e+01     3.3103      1.183      1.717    25.9274 0.0000e+00
      1.206      0.014     6.2940     79.237     29.563  30.114056     5.8506      8.368   147.4500 4.1651e+01     3.2701      1.186      1.721    25.9269 0.0000e+00
      1.201      0.007     6.3730     78.875     29.539  30.089966     5.9239      8.367   147.6754 4.2153e+01     3.2378      1.179      1.709    25.9276 0.0000e+00
      1.195      0.001     6.4357     78.679     29.538  30.088834     6.0802      8.366   147.9578 4.2523e+01     3.2619      1.170      1.696    25.9276 0.0000e+00
      1.194     -0.001     6.4652     78.794     29.550  30.100360     6.1762      8.365   148.1107 4.2672e+01     3.2879      1.169      1.695    25.9270 0.0000e+00
      1.196      0.001     6.4439     79.187     29.552  30.102540     6.1766      8.363   148.2334 4.2734e+01     3.2784      1.174      1.701    25.9264 0.0000e+00
      1.200      0.003     6.3996     79.735     29.565  30.115200     6.0764      8.359   148.4094 4.2749e+01     3.2502      1.177      1.707    25.9257 0.0000e+00
      1.202      0.004     6.3819     80.209     29.576  30.126640     5.9058      8.355   148.5169 4.2600e+01     3.2192      1.179      1.710    25.9257 0.0000e+00
      1.203      0.003     6.3930     80.454     29.564  30.114075     5.8282      8.351   148.5873 4.2337e+01     3.2463      1.180      1.712    25.9256 0.0000e+00
      1.203      0.002     6.4265     80.463     29.541  30.090070     5.8362      8.347   148.6580 4.2082e+01     3.2707      1.180      1.712    25.9253 0.0000e+00
      1.202      0.002     6.4803     80.325     29.541  30.089966     5.8287      8.343   148.6836 4.1807e+01     3.2399      1.178      1.708    25.9251 0.0000e+00
      1.201      0.003     6.5239     80.230     29.564  30.112811     5.8121      8.340   148.5529 4.1413e+01     3.2163      1.177      1.707    25.9247 0.0000e+00
      1.202      0.007     6.5423     80.317     29.564  30.112707     5.8103      8.341   148.1959 4.0935e+01     3.2237      1.179      1.711    25.9238 0.0000e+00
      1.205      0.013     6.5422     80.532     29.540  30.088712     5.8238      8.347   147.8093 4.0524e+01     3.2617      1.182      1.714    25.9232 0.0000e+00
      1.209      0.022     6.5240     80.760     29.528  30.076252     5.8339      8.359   147.6640 4.0182e+01     3.2661      1.185      1.719    25.9231 0.0000e+00
      1.213      0.033     6.5100     80.908     29.541  30.088845     5.8827      8.370   147.7297 3.9778e+01     3.2770      1.187      1.722    25.9226 0.0000e+00
      1.220      0.045     6.5219     81.009     29.566  30.114192     5.9892      8.380   147.9150 3.9211e+01     3.3927      1.193      1.731    25.9223 0.0000e+00
      1.232      0.055     6.5415     81.168     29.581  30.129157     6.0478      8.387   148.2696 3.8416e+01     3.4700      1.206      1.750    25.9219 0.0000e+00
      1.252      0.062     6.5643     81.381     29.595  30.142987     6.0508      8.390   148.5753 3.7465e+01     3.4596      1.226      1.778    25.9214 0.0000e+00
      1.275      0.065     6.5760     81.666     29.605  30.154627     6.0414      8.387   148.7728 3.6601e+01     3.4712      1.252      1.815    25.9211 0.0000e+00
      1.295      0.063     6.5767     82.035     29.593  30.143112     6.0178      8.381   149.0227 3.5933e+01     3.4741      1.272      1.843    25.9208 0.0000e+00
      1.312      0.054     6.5944     82.421     29.581  30.130549     6.0064      8.375   149.1012 3.5440e+01     3.4605      1.287      1.866    25.9210 0.0000e+00
      1.325      0.041     6.6093     82.779     29.580  30.129510     6.0121      8.371   148.9484 3.5118e+01     3.4771      1.300      1.887    25.9212 0.0000e+00
      1.334      0.027     6.6306     83.009     29.581  30.130549     6.0276      8.368   148.8093 3.4968e+01     3.4365      1.310      1.900    25.9216 0.0000e+00
      1.337      0.015     6.6654     83.017     29.594  30.143113     6.0443      8.365   148.7105 3.4931e+01     3.3118      1.313      1.904    25.9219 0.0000e+00
      1.337      0.006     6.6955     82.892     29.605  30.154639     6.0473      8.363   148.6144 3.4891e+01     3.2325      1.311      1.902    25.9221 0.0000e+00
      1.334      0.000     6.7279     82.777     29.593  30.143123     6.0400      8.361   148.5065 3.4815e+01     3.2291      1.309      1.898    25.9222 0.0000e+00
      1.332     -0.004     6.7524     82.745     29.581  30.130653     5.9643      8.359   148.3522 3.4700e+01     3.3052      1.307      1.895    25.9223 0.0000e+00
      1.331     -0.007     6.7479     82.828     29.581  30.130652     5.8147      8.357   148.2114 3.4555e+01     3.4013      1.306      1.894    25.9228 0.0000e+00
      1.330     -0.007     6.7324     82.939     29.594  30.143112     5.7201      8.357   148.1819 3.4410e+01     3.3999      1.305      1.893    25.9230 0.0000e+00
      1.329     -0.007     6.7231     83.003     29.606  30.154525     5.7033      8.356   148.2530 3.4339e+01     3.3912      1.305      1.892    25.9230 0.0000e+00
      1.327     -0.006     6.7170     83.074     29.595  30.141855     5.7617      8.354   148.1245 3.4379e+01     3.3983      1.302      1.888    25.9228 0.0000e+00
      1.323     -0.004     6.7282     83.175     29.572  30.116708     5.8846      8.357   147.7466 3.4426e+01     3.3498      1.298      1.881    25.9222 0.0000e+00
      1.322      0.001     6.7413     83.270     29.560  30.104040     5.9496      8.370   147.6419 3.4459e+01     3.2832      1.296      1.879    25.9213 0.0000e+00
      1.322      0.010     6.7423     83.345     29.572  30.115461     5.9393      8.387   147.8053 3.4555e+01     3.2070      1.296      1.880    25.9197 0.0000e+00
      1.322      0.022     6.7479     83.351     29.586  30.128026     5.9348      8.404   148.0016 3.4596e+01     3.1797      1.296      1.879    25.9178 0.0000e+00
      1.327      0.033     6.7586     83.204     29.587  30.129168     6.0449      8.416   148.2940 3.4358e+01     3.2947      1.299      1.883    25.9159 0.0000e+00
      1.340      0.042     6.7663     82.943     29.588  30.129272     6.2476      8.422   148.4159 3.3850e+01     3.4709      1.311      1.902    25.9137 0.0000e+00
      1.357      0.047     6.7729     82.711     29.588  30.129283     6.3467      8.424   148.5295 3.3254e+01     3.5335      1.331      1.930    25.9122 0.0000e+00
      1.374      0.048     6.7788     82.572     29.588  30.129293     6.3359      8.422   148.8067 3.2784e+01     3.5052      1.349      1.957    25.9109 0.0000e+00
      1.387      0.044     6.7652     82.469     29.588  30.129397     6.2746      8.417   148.8419 3.2478e+01     3.5044      1.362      1.976    25.9096 0.0000e+00
      1.397      0.036     6.7383     82.383     29.589  30.130540     6.1800      8.410   148.6977 3.2197e+01     3.4891      1.371      1.988    25.9087 0.0000e+00
      1.405      0.026     6.7173     82.440     29.601  30.143124     6.1326      8.405   148.5261 3.1954e+01     3.4573      1.379      1.999    25.9083 0.0000e+00
      1.410      0.017     6.7087     82.737     29.613  30.154754     6.1181      8.401   148.3146 3.1835e+01     3.4614      1.385      2.008    25.9086 0.0000e+00
      1.412      0.010     6.7030     83.194     29.604  30.144371     6.0617      8.397   148.2917 3.1800e+01     3.4700      1.386      2.010    25.9089 0.0000e+00
      1.412      0.005     6.6897     83.637     29.604  30.144371     5.9839      8.392   148.4221 3.1790e+01     3.4935      1.385      2.009    25.9095 0.0000e+00
      1.411      0.001     6.6904     83.936     29.614  30.154754     5.9513      8.389   148.4282 3.1765e+01     3.5066      1.384      2.007    25.9095 0.0000e+00
      1.411     -0.001     6.7183     84.077     29.603  30.143125     5.9513      8.388   148.4518 3.1688e+01     3.4575      1.383      2.006    25.9084 0.0000e+00
      1.412     -0.001     6.7610     84.098     29.591  30.130542     6.0170      8.388   148.5352 3.1609e+01     3.4460      1.385      2.008    25.9074 0.0000e+00
      1.412      0.000     6.8017     84.087     29.590  30.129399     6.1461      8.388   148.4901 3.1548e+01     3.5042      1.384      2.008    25.9072 0.0000e+00
      1.411      0.001     6.8256     84.210     29.590  30.129304     6.2214      8.387   148.5081 3.1458e+01     3.5122      1.383      2.006    25.9070 0.0000e+00
