Data/DataNotYetUploadedToEDI/Raw_CTD/RawDownloads/080124_ccr88_S8188008.cnv
* Sea-Bird SBE19plus  Data File:
* FileName = C:\R\Reservoirs\Data\DataNotYetUploadedToEDI\Raw_CTD\RawDownloads\073124_ccr88_S8188_0008.hex
* Software version 2.8.0.119
* Temperature SN = 8188
* Conductivity SN = 8188
* System UpLoad Time = Aug 02 2024 14:07:10
* <ApplicationData>
* <Seaterm232>
# nquan = 16
# nvalues = 1228                        
# units = specified
# name 0 = depFM: Depth [fresh water, m]
# name 1 = dz/dtM: Descent Rate [m/s]
# name 2 = sbeox0Mg/L: Oxygen, SBE 43 [mg/l]
# name 3 = sbeox0PS: Oxygen, SBE 43 [% saturation]
# name 4 = specc: Specific Conductance [uS/cm]
# name 5 = c0uS/cm: Conductivity [uS/cm]
# name 6 = wetCDOM: Fluorescence, WET Labs CDOM [mg/m^3]
# name 7 = flECO-AFL: Fluorescence, WET Labs ECO-AFL/FL [mg/m^3]
# name 8 = flECO-AFL1: Fluorescence, WET Labs ECO-AFL/FL, 2 [mg/m^3]
# name 9 = flECO-AFL2: Fluorescence, WET Labs ECO-AFL/FL, 3 [mg/m^3]
# name 10 = par/sat/log: PAR/Logarithmic, Satlantic
# name 11 = turbWETntu0: Turbidity, WET Labs ECO [NTU]
# name 12 = prdM: Pressure, Strain Gauge [db]
# name 13 = prdE: Pressure, Strain Gauge [psi]
# name 14 = tv290C: Temperature [ITS-90, deg C]
# name 15 = flag:  0.000e+00
# span 0 =     -0.475,     10.861       
# span 1 =     -0.436,      0.186       
# span 2 =     3.0361,     9.1041       
# span 3 =     28.485,    117.349       
# span 4 =   -446.575,    127.892       
# span 5 =-462.809388, 126.286712       
# span 6 =    -4.5000,    39.9600       
# span 7 =    -0.2655,     5.5596       
# span 8 =    -2.1300,     0.6816       
# span 9 =    -2.0304,     0.6768       
# span 10 = 1.1590e-01, 4.3717e+00      
# span 11 =    -0.5663,   209.8663      
# span 12 =     -0.465,     10.651      
# span 13 =     -0.675,     15.449      
# span 14 =    12.4101,    28.5058      
# span 15 = 0.0000e+00, 0.0000e+00      
# interval = seconds: 0.25
# start_time = Aug 01 2024 06:12:14 [Instrument's time stamp, header]
# bad_flag = -9.990e-29
*END*
[from data line 543]
      3.549      0.037     8.0844    102.669    117.579 124.418961    12.2400     0.7073     0.0426     0.1692 3.8821e-01     0.0379      3.481      5.049    27.9185 0.0000e+00
      3.558      0.037     8.0737    102.595    117.575 124.412495    12.2400     0.6958     0.0426     0.1692 3.4291e-01    -0.0074      3.490      5.062    27.9119 0.0000e+00
      3.568      0.037     8.0643    102.550    117.560 124.392464    12.2400     0.7111     0.0426     0.1692 3.7863e-01     0.0077      3.499      5.074    27.9070 0.0000e+00
      3.577      0.037     8.0555    102.531    117.553 124.375533    12.2400     0.6806     0.0426     0.1692 3.5289e-01     0.0228      3.508      5.088    27.9039 0.0000e+00
      3.586      0.038     8.0479    102.523    117.562 124.369192    12.1500     0.6424     0.0426     0.2961 3.9373e-01    -0.0376      3.517      5.101    27.9022 0.0000e+00
      3.596      0.039     8.0422    102.522    117.576 124.367747    12.1500     0.6462     0.0426     0.2961 3.7340e-01     0.0228      3.527      5.115    27.9010 0.0000e+00
      3.606      0.040     8.0390    102.535    117.579 124.354807    12.1500     0.6424     0.0426     0.2961 3.6888e-01    -0.0980      3.537      5.129    27.8991 0.0000e+00
      3.617      0.040     8.0380    102.555    117.577 124.338922    12.1500     0.6653     0.0426     0.2961 3.6490e-01    -0.0074      3.547      5.144    27.8949 0.0000e+00
      3.627      0.041     8.0383    102.566    117.582 124.333864    12.1500     0.6348     0.0426     0.2115 3.6347e-01    -0.0225      3.557      5.160    27.8885 0.0000e+00
      3.638      0.040     8.0393    102.557    117.584 124.330279    12.1500     0.6462     0.0426     0.2115 3.6292e-01     0.0228      3.568      5.175    27.8812 0.0000e+00
      3.648      0.039     8.0413    102.528    117.584 124.329212    12.1500     0.6462     0.0426     0.2115 3.4877e-01    -0.0527      3.578      5.190    27.8746 0.0000e+00
      3.658      0.038     8.0436    102.512    117.591 124.338381    12.1500     0.6691     0.0426     0.2115 3.7009e-01    -0.0376      3.587      5.204    27.8689 0.0000e+00
      3.668      0.038     8.0452    102.540    117.598 124.348228    12.1500     0.6348     0.0426     0.2115 3.6347e-01    -0.0074      3.597      5.217    27.8644 0.0000e+00
      3.677      0.037     8.0448    102.607    117.603 124.353376    11.9700     0.6424     0.0426     0.2538 3.8804e-01    -0.0678      3.606      5.230    27.8618 0.0000e+00
      3.686      0.038     8.0426    102.689    117.612 124.359200    11.9700     0.6233     0.0426     0.2538 3.7299e-01    -0.0527      3.615      5.243    27.8614 0.0000e+00
      3.695      0.039     8.0412    102.767    117.612 124.351248    11.9700     0.6500     0.0426     0.2538 3.3452e-01    -0.0376      3.624      5.256    27.8624 0.0000e+00
      3.705      0.042     8.0433    102.832    117.584 124.303390    11.9700     0.6424     0.0426     0.2538 3.6040e-01    -0.0678      3.634      5.270    27.8635 0.0000e+00
      3.716      0.045     8.0486    102.872    117.532 124.218870    11.8800     0.6386     0.0852     0.2115 3.4620e-01    -0.0376      3.644      5.285    27.8635 0.0000e+00
      3.727      0.049     8.0552    102.873    117.491 124.131168    11.8800     0.6348     0.0852     0.2115 3.5204e-01     0.0681      3.655      5.302    27.8619 0.0000e+00
      3.740      0.053     8.0619    102.821    117.475 124.062909    11.8800     0.6500     0.0852     0.2115 3.3090e-01    -0.0678      3.668      5.320    27.8582 0.0000e+00
      3.755      0.056     8.0680    102.733    117.486 124.021896    11.8800     0.6653     0.0852     0.2115 3.3423e-01    -0.0376      3.682      5.341    27.8507 0.0000e+00
      3.770      0.058     8.0730    102.653    117.523 124.015194    11.8800     0.6615     0.0426     0.1692 3.3715e-01    -0.0678      3.698      5.363    27.8378 0.0000e+00
      3.787      0.059     8.0757    102.608    117.559 124.019005    11.8800     0.6500     0.0426     0.1692 3.7041e-01    -0.0678      3.714      5.386    27.8192 0.0000e+00
      3.803      0.058     8.0748    102.594    117.564 124.004334    11.8800     0.6348     0.0426     0.1692 3.5243e-01    -0.0829      3.730      5.409    27.7970 0.0000e+00
      3.818      0.056     8.0711    102.605    117.542 123.971270    11.8800     0.6348     0.0426     0.1692 3.0481e-01    -0.0376      3.744      5.431    27.7747 0.0000e+00
      3.832      0.054     8.0676    102.645    117.511 123.935005    11.8800     0.6348     0.0426     0.1692 3.3707e-01    -0.0376      3.758      5.450    27.7553 0.0000e+00
      3.844      0.052     8.0661    102.718    117.488 123.905875    11.9700     0.6653     0.0000     0.1692 3.5496e-01    -0.0678      3.770      5.468    27.7410 0.0000e+00
      3.857      0.051     8.0663    102.822    117.476 123.884115    11.9700     0.6424     0.0000     0.1692 3.3906e-01     0.0530      3.782      5.486    27.7324 0.0000e+00
      3.869      0.051     8.0677    102.938    117.477 123.871925    11.9700     0.6500     0.0000     0.1692 3.4298e-01     0.2192      3.794      5.503    27.7282 0.0000e+00
      3.882      0.051     8.0711    103.033    117.487 123.866053    11.9700     0.6577     0.0000     0.1692 3.2768e-01     0.2041      3.807      5.521    27.7265 0.0000e+00
      3.895      0.052     8.0771    103.093    117.503 123.864932    11.8800     0.6348     0.0426     0.2961 3.5227e-01     0.2494      3.820      5.540    27.7247 0.0000e+00
      3.909      0.053     8.0858    103.117    117.522 123.868262    11.8800     0.6577     0.0426     0.2961 3.3437e-01     0.2947      3.833      5.559    27.7210 0.0000e+00
      3.923      0.053     8.0958    103.100    117.527 123.860925    11.8800     0.6806     0.0426     0.2961 3.4343e-01    -0.0074      3.847      5.580    27.7152 0.0000e+00
      3.937      0.053     8.1043    103.037    117.513 123.836961    11.8800     0.6386     0.0426     0.2961 3.4246e-01     0.0681      3.861      5.600    27.7081 0.0000e+00
      3.951      0.053     8.1101    102.931    117.490 123.805986    11.9700     0.6386     0.0426     0.1692 3.0707e-01    -0.0376      3.874      5.619    27.7005 0.0000e+00
      3.964      0.053     8.1130    102.800    117.467 123.773745    11.9700     0.6577     0.0426     0.1692 3.3898e-01    -0.0074      3.887      5.638    27.6934 0.0000e+00
      3.977      0.053     8.1124    102.666    117.450 123.743643    11.9700     0.6424     0.0426     0.1692 3.3715e-01    -0.0678      3.900      5.656    27.6878 0.0000e+00
      3.989      0.053     8.1080    102.550    117.441 123.717657    11.9700     0.6424     0.0426     0.1692 3.0700e-01     0.2796      3.912      5.674    27.6840 0.0000e+00
      4.002      0.055     8.1001    102.464    117.436 123.690857    11.9700     0.6348     0.0426     0.2538 3.2043e-01     0.3249      3.925      5.693    27.6811 0.0000e+00
      4.017      0.057     8.0902    102.402    117.426 123.658095    11.9700     0.6653     0.0426     0.2538 3.0435e-01     0.2796      3.939      5.713    27.6778 0.0000e+00
      4.032      0.059     8.0805    102.344    117.421 123.628639    11.9700     0.6462     0.0426     0.2538 3.2704e-01     0.2192      3.954      5.734    27.6728 0.0000e+00
      4.047      0.061     8.0724    102.267    117.426 123.608638    11.9700     0.6424     0.0426     0.2538 2.9793e-01     0.2796      3.969      5.757    27.6654 0.0000e+00
      4.063      0.062     8.0669    102.158    117.433 123.592757    11.9700     0.6310     0.0426     0.2538 3.3343e-01     0.1286      3.985      5.779    27.6565 0.0000e+00
      4.079      0.062     8.0634    102.010    117.440 123.580759    12.0600     0.6462     0.0426     0.1692 3.1320e-01     0.2041      4.000      5.802    27.6468 0.0000e+00
      4.096      0.061     8.0602    101.825    117.445 123.569446    12.0600     0.6310     0.0426     0.1692 3.3098e-01     0.1890      4.016      5.825    27.6365 0.0000e+00
      4.111      0.060     8.0556    101.618    117.452 123.563801    12.0600     0.6806     0.0426     0.1692 3.3423e-01     0.4760      4.032      5.848    27.6260 0.0000e+00
      4.127      0.058     8.0485    101.400    117.475 123.578325    12.0600     0.6920     0.0426     0.1692 2.9930e-01     0.4458      4.047      5.869    27.6162 0.0000e+00
      4.141      0.056     8.0381    101.186    117.502 123.600884    12.1500     0.6996     0.0426     0.2538 3.4306e-01     0.4911      4.061      5.890    27.6077 0.0000e+00
      4.155      0.055     8.0245    100.998    117.504 123.599482    12.1500     0.7073     0.0426     0.2538 2.9800e-01     0.4156      4.075      5.910    27.6006 0.0000e+00
      4.169      0.053     8.0089    100.842    117.476 123.567743    12.1500     0.6806     0.0426     0.2538 3.0283e-01     0.4307      4.088      5.929    27.5950 0.0000e+00
      4.182      0.052     7.9924    100.710    117.445 123.531214    12.1500     0.7263     0.0426     0.2538 3.2527e-01     0.4005      4.101      5.947    27.5910 0.0000e+00
      4.194      0.052     7.9758    100.615    117.415 123.494159    12.2400     0.7263     0.0852     0.2538 3.2783e-01     0.4458      4.113      5.966    27.5886 0.0000e+00
      4.207      0.052     7.9612    100.574    117.381 123.450698    12.2400     0.7225     0.0852     0.2538 2.9433e-01     0.5062      4.126      5.984    27.5871 0.0000e+00
      4.221      0.052     7.9491    100.561    117.364 123.425251    12.2400     0.7263     0.0852     0.2538 3.2534e-01     0.5062      4.139      6.003    27.5860 0.0000e+00
      4.234      0.051     7.9389    100.544    117.366 123.419034    12.2400     0.7225     0.0852     0.2538 3.1863e-01     0.4005      4.152      6.022    27.5845 0.0000e+00
      4.247      0.051     7.9318    100.520    117.362 123.406382    12.2400     0.6996     0.0852     0.2538 3.0854e-01     0.4156      4.165      6.041    27.5821 0.0000e+00
      4.260      0.051     7.9290    100.500    117.355 123.387923    12.3300     0.7073     0.0426     0.2961 3.1029e-01     0.5213      4.178      6.059    27.5789 0.0000e+00
      4.273      0.051     7.9285    100.482    117.355 123.374738    12.3300     0.7073     0.0426     0.2961 2.8071e-01     0.5515      4.190      6.077    27.5755 0.0000e+00
      4.286      0.050     7.9276    100.445    117.366 123.371313    12.3300     0.6920     0.0426     0.2961 3.2064e-01     0.4156      4.203      6.095    27.5722 0.0000e+00
      4.299      0.050     7.9262    100.375    117.378 123.368731    12.3300     0.6844     0.0426     0.2961 2.9793e-01     0.4911      4.216      6.114    27.5685 0.0000e+00
      4.312      0.049     7.9253    100.287    117.385 123.362301    12.3300     0.7073     0.0426     0.2115 2.7426e-01     0.4911      4.228      6.133    27.5638 0.0000e+00
      4.325      0.048     7.9247    100.200    117.397 123.362312    12.3300     0.7683     0.0426     0.2115 2.8359e-01     0.5213      4.241      6.151    27.5581 0.0000e+00
      4.337      0.046     7.9227    100.115    117.403 123.360763    12.3300     0.7645     0.0426     0.2115 3.1918e-01     0.4307      4.253      6.168    27.5517 0.0000e+00
      4.348      0.045     7.9181    100.042    117.399 123.349239    12.3300     0.7683     0.0426     0.2115 3.0700e-01     0.3854      4.264      6.184    27.5453 0.0000e+00
      4.359      0.044     7.9120    100.011    117.395 123.336670    12.6000     0.7721     0.0426     0.2538 3.2499e-01     0.3854      4.275      6.200    27.5392 0.0000e+00
      4.370      0.043     7.9059    100.036    117.392 123.323707    12.6000     0.7645     0.0426     0.2538 3.0962e-01     0.5213      4.285      6.215    27.5341 0.0000e+00
      4.380      0.044     7.8996    100.093    117.378 123.294888    12.6000     0.7607     0.0426     0.2538 3.0145e-01     0.4609      4.295      6.230    27.5304 0.0000e+00
      4.391      0.045     7.8943    100.144    117.355 123.250530    12.6000     0.7874     0.0426     0.2538 2.9058e-01     0.3854      4.306      6.245    27.5274 0.0000e+00
      4.402      0.046     7.8924    100.168    117.339 123.206812    12.6000     0.7645     0.0426     0.2961 2.9503e-01     0.4609      4.317      6.261    27.5239 0.0000e+00
      4.414      0.048     7.8949    100.156    117.334 123.170079    12.6000     0.7492     0.0426     0.2961 2.7974e-01     0.4458      4.329      6.278    27.5197 0.0000e+00
      4.427      0.049     7.9002    100.085    117.344 123.150540    12.6000     0.7797     0.0426     0.2961 2.8619e-01     0.4760      4.341      6.297    27.5139 0.0000e+00
      4.440      0.050     7.9054     99.936    117.369 123.152985    12.6000     0.7378     0.0426     0.2961 2.9806e-01     0.4609      4.354      6.316    27.5053 0.0000e+00
      4.454      0.049     7.9090     99.716    117.390 123.156059    12.6000     0.7912     0.0426     0.2961 2.8588e-01     0.5515      4.367      6.335    27.4937 0.0000e+00
      4.467      0.048     7.9099     99.479    117.391 123.140574    12.6900     0.8103     0.0426     0.2961 2.7094e-01     0.7479      4.380      6.353    27.4803 0.0000e+00
      4.479      0.047     7.9061     99.285    117.378 123.108403    12.6900     0.8217     0.0426     0.2961 2.7756e-01     0.7026      4.392      6.370    27.4676 0.0000e+00
      4.490      0.046     7.8957     99.159    117.352 123.060971    12.6900     0.8255     0.0426     0.2961 2.8607e-01     0.6875      4.403      6.386    27.4573 0.0000e+00
      4.501      0.045     7.8795     99.089    117.304 122.987627    12.6900     0.8179     0.0426     0.2961 2.7432e-01     0.7328      4.414      6.402    27.4492 0.0000e+00
      4.512      0.044     7.8618     99.045    117.221 122.876814    12.7800     0.8141     0.0426     0.2538 2.9267e-01     0.7328      4.425      6.418    27.4419 0.0000e+00
      4.523      0.043     7.8476     98.992    117.110 122.736991    12.7800     0.8293     0.0426     0.2538 2.7636e-01     0.7932      4.436      6.434    27.4343 0.0000e+00
      4.534      0.043     7.8388     98.910    116.971 122.568884    12.7800     0.8293     0.0426     0.2538 2.9806e-01     0.8083      4.447      6.449    27.4255 0.0000e+00
      4.545      0.043     7.8347     98.801    116.756 122.323660    12.7800     0.8293     0.0426     0.2538 2.8607e-01     0.6271      4.457      6.465    27.4157 0.0000e+00
      4.556      0.043     7.8327     98.686    116.390 121.923922    12.7800     0.8293     0.0426     0.2115 2.7024e-01     0.6724      4.468      6.480    27.4052 0.0000e+00
      4.567      0.043     7.8299     98.599    115.753 121.245067    12.7800     0.8293     0.0426     0.2115 2.7450e-01     0.7479      4.478      6.495    27.3947 0.0000e+00
      4.578      0.044     7.8249     98.567    114.650 120.080060    12.7800     0.8217     0.0426     0.2115 2.7402e-01     0.7932      4.489      6.511    27.3844 0.0000e+00
      4.589      0.045     7.8176     98.590    112.804 118.140237    12.7800     0.8065     0.0426     0.2115 2.6541e-01     0.6573      4.500      6.527    27.3749 0.0000e+00
      4.600      0.045     7.8097     98.646    109.752 114.946321    12.7800     0.8293     0.0426     0.2115 2.9510e-01     1.1709      4.511      6.543    27.3663 0.0000e+00
      4.612      0.046     7.8039     98.703    104.676 109.646602    12.8700     0.8255     0.0852     0.2961 2.8298e-01     1.2313      4.523      6.560    27.3581 0.0000e+00
      4.624      0.046     7.8027     98.731     96.219 100.827820    12.8700     0.8370     0.0852     0.2961 2.8626e-01     1.2011      4.535      6.577    27.3490 0.0000e+00
      4.636      0.047     7.8060     98.699     82.144  86.164307    12.8700     0.8217     0.0852     0.2961 2.7426e-01     1.2011      4.546      6.594    27.3383 0.0000e+00
