Data/DataNotYetUploadedToEDI/Raw_CTD/RawDownloads/080124_ccr88_S8188011.cnv
* Sea-Bird SBE19plus  Data File:
* FileName = C:\R\Reservoirs\Data\DataNotYetUploadedToEDI\Raw_CTD\RawDownloads\073124_ccr88_S8188_0011.hex
* Software version 2.8.0.119
* Temperature SN = 8188
* Conductivity SN = 8188
* System UpLoad Time = Aug 02 2024 14:08:03
* <ApplicationData>
* <Seaterm232>
# nquan = 16
# nvalues = 1025                        
# units = specified
# name 0 = depFM: Depth [fresh water, m]
# name 1 = dz/dtM: Descent Rate [m/s]
# name 2 = sbeox0Mg/L: Oxygen, SBE 43 [mg/l]
# name 3 = sbeox0PS: Oxygen, SBE 43 [% saturation]
# name 4 = specc: Specific Conductance [uS/cm]
# name 5 = c0uS/cm: Conductivity [uS/cm]
# name 6 = wetCDOM: Fluorescence, WET Labs CDOM [mg/m^3]
# name 7 = flECO-AFL: Fluorescence, WET Labs ECO-AFL/FL [mg/m^3]
# name 8 = flECO-AFL1: Fluorescence, WET Labs ECO-AFL/FL, 2 [mg/m^3]
# name 9 = flECO-AFL2: Fluorescence, WET Labs ECO-AFL/FL, 3 [mg/m^3]
# name 10 = par/sat/log: PAR/Logarithmic, Satlantic
# name 11 = turbWETntu0: Turbidity, WET Labs ECO [NTU]
# name 12 = prdM: Pressure, Strain Gauge [db]
# name 13 = prdE: Pressure, Strain Gauge [psi]
# name 14 = tv290C: Temperature [ITS-90, deg C]
# name 15 = flag:  0.000e+00
# span 0 =     -0.398,      4.169       
# span 1 =     -0.243,      0.167       
# span 2 =     4.3016,     9.9571       
# span 3 =     55.440,    129.947       
# span 4 =   -437.360,    117.880       
# span 5 =-461.374287, 127.659077       
# span 6 =    -4.5000,    21.6000       
# span 7 =    -0.3303,     3.0724       
# span 8 =    -2.1300,     0.1278       
# span 9 =    -2.0304,     1.0152       
# span 10 = 7.0187e+01, 9.1348e+02      
# span 11 =    -1.3972,    22.6674      
# span 12 =     -0.390,      4.088      
# span 13 =     -0.566,      5.930      
# span 14 =    25.5085,    29.3850      
# span 15 = 0.0000e+00, 0.0000e+00      
# interval = seconds: 0.25
# start_time = Aug 01 2024 13:16:37 [Instrument's time stamp, header]
# bad_flag = -9.990e-29
*END*
[from data line 181]
      0.297      0.000     4.3554     56.335     82.869  88.729225    10.8000     0.2495     0.0426     0.0423 5.0781e+02    -0.5814      0.291      0.422    28.5789 0.0000e+00
      0.297      0.001     4.3582     56.384     96.450 103.271751    10.8000     0.2495     0.0426     0.0423 4.9700e+02    -0.5814      0.291      0.422    28.5715 0.0000e+00
      0.297      0.001     4.3606     56.453    104.611 112.003199    10.8000     0.2457     0.0000     0.1269 5.0484e+02    -0.4002      0.292      0.423    28.5645 0.0000e+00
      0.297      0.000     4.3628     56.527    109.526 117.255956    10.8000     0.2342     0.0000     0.1269 5.0980e+02    -0.4908      0.292      0.423    28.5575 0.0000e+00
      0.297      0.000     4.3657     56.592    112.487 120.414749    10.8000     0.2075     0.0000     0.1269 4.8865e+02    -0.4757      0.292      0.423    28.5501 0.0000e+00
      0.297      0.000     4.3702     56.638    114.267 122.309918    10.8000     0.2381     0.0000     0.1269 5.0936e+02    -0.5814      0.292      0.423    28.5421 0.0000e+00
      0.297      0.000     4.3761     56.676    115.340 123.446841    10.8000     0.2190     0.0426     0.0846 5.1381e+02    -0.5663      0.292      0.423    28.5342 0.0000e+00
      0.297      0.000     4.3824     56.722    115.988 124.128697    10.8000     0.2304     0.0426     0.0846 4.9971e+02    -0.5210      0.292      0.423    28.5269 0.0000e+00
      0.297      0.000     4.3879     56.783    116.381 124.537314    10.8000     0.2533     0.0426     0.0846 5.0331e+02    -0.4606      0.292      0.423    28.5203 0.0000e+00
      0.298      0.000     4.3919     56.855    116.620 124.781655    10.8000     0.2686     0.0426     0.0846 5.1303e+02    -0.5361      0.292      0.424    28.5144 0.0000e+00
      0.298      0.000     4.3953     56.932    116.766 124.926877    10.8000     0.2342     0.0426     0.0846 4.9206e+02    -0.5361      0.292      0.424    28.5088 0.0000e+00
      0.297      0.000     4.3993     57.011    116.855 125.011705    10.8000     0.2495     0.0852     0.2961 5.0375e+02    -0.5210      0.292      0.423    28.5032 0.0000e+00
      0.297      0.000     4.4045     57.090    116.904 125.054760    10.8000     0.2381     0.0852     0.2961 5.0407e+02    -0.5663      0.292      0.423    28.4978 0.0000e+00
      0.297      0.000     4.4105     57.174    116.932 125.075524    10.8000     0.2419     0.0852     0.2961 4.9442e+02    -0.5059      0.292      0.423    28.4926 0.0000e+00
      0.298      0.000     4.4169     57.268    116.955 125.091539    10.8000     0.2228     0.0852     0.2961 5.0715e+02    -0.5210      0.292      0.424    28.4879 0.0000e+00
      0.298      0.000     4.4233     57.372    116.974 125.103074    10.8000     0.2457     0.0426     0.1269 5.0320e+02    -0.5210      0.292      0.424    28.4835 0.0000e+00
      0.298      0.000     4.4298     57.482    116.990 125.113203    10.8000     0.2419     0.0426     0.1269 5.0825e+02    -0.5512      0.292      0.424    28.4794 0.0000e+00
      0.297      0.000     4.4366     57.591    117.008 125.124629    10.8000     0.2075     0.0426     0.1269 4.9906e+02    -0.5966      0.292      0.423    28.4754 0.0000e+00
      0.297      0.000     4.4442     57.696    117.026 125.136396    10.8000     0.2495     0.0426     0.1269 5.1113e+02    -0.5059      0.292      0.423    28.4716 0.0000e+00
      0.297      0.000     4.4525     57.792    117.043 125.147640    10.8000     0.2419     0.0000     0.1269 4.9420e+02    -0.5814      0.292      0.423    28.4680 0.0000e+00
      0.297      0.000     4.4613     57.877    117.058 125.157358    10.8000     0.2609     0.0000     0.1269 5.0331e+02    -0.5059      0.292      0.423    28.4647 0.0000e+00
      0.297      0.000     4.4701     57.951    117.074 125.168141    10.8000     0.2304     0.0000     0.1269 5.0627e+02    -0.5512      0.292      0.423    28.4615 0.0000e+00
      0.297      0.000     4.4784     58.023    117.090 125.178861    10.8000     0.2419     0.0000     0.1269 5.0189e+02    -0.5361      0.292      0.423    28.4584 0.0000e+00
      0.298      0.000     4.4861     58.100    117.104 125.188377    10.8000     0.2876     0.0426     0.2115 5.0770e+02    -0.5814      0.292      0.423    28.4554 0.0000e+00
      0.298      0.000     4.4929     58.184    117.116 125.195225    10.8000     0.3143     0.0426     0.2115 5.1069e+02    -0.5210      0.292      0.423    28.4526 0.0000e+00
      0.298      0.000     4.4989     58.267    117.119 125.193226    10.8000     0.2838     0.0426     0.2115 4.9496e+02    -0.5663      0.292      0.423    28.4499 0.0000e+00
      0.297      0.000     4.5046     58.341    117.117 125.185848    10.8000     0.2953     0.0426     0.2115 5.1852e+02    -0.5814      0.292      0.423    28.4473 0.0000e+00
      0.297      0.000     4.5108     58.411    117.120 125.183129    10.8000     0.3105     0.0426     0.2115 4.9939e+02    -0.5512      0.292      0.423    28.4449 0.0000e+00
      0.298      0.000     4.5176     58.488    117.118 125.176341    10.8000     0.2342     0.0426     0.0846 5.0375e+02    -0.6117      0.292      0.423    28.4425 0.0000e+00
      0.298      0.000     4.5242     58.578    117.106 125.159671    10.8000     0.2419     0.0426     0.0846 5.1649e+02    -0.4908      0.292      0.423    28.4401 0.0000e+00
      0.298      0.000     4.5301     58.677    117.099 125.148681    10.8000     0.2419     0.0426     0.0846 4.9982e+02    -0.6117      0.292      0.424    28.4378 0.0000e+00
      0.298      0.000     4.5357     58.778    117.103 125.148445    10.8000     0.2648     0.0426     0.0846 5.2100e+02    -0.4908      0.292      0.424    28.4357 0.0000e+00
      0.298      0.000     4.5419     58.872    117.112 125.154896    10.8000     0.2724     0.0426     0.0846 5.0232e+02    -0.5663      0.292      0.424    28.4337 0.0000e+00
      0.298      0.000     4.5490     58.954    117.126 125.165755    10.8000     0.2304     0.0426     0.0846 5.0123e+02    -0.5512      0.292      0.423    28.4318 0.0000e+00
      0.298      0.000     4.5568     59.026    117.138 125.175913    10.8000     0.2152     0.0426     0.0846 5.2214e+02    -0.4757      0.292      0.423    28.4301 0.0000e+00
      0.298      0.000     4.5647     59.094    117.149 125.184078    10.8000     0.2381     0.0426     0.0846 4.8421e+02    -0.5814      0.292      0.424    28.4285 0.0000e+00
      0.298      0.000     4.5722     59.161    117.155 125.188425    10.8000     0.2648     0.0426     0.0846 5.3037e+02    -0.5361      0.292      0.424    28.4269 0.0000e+00
      0.298      0.000     4.5787     59.233    117.156 125.186112    10.8000     0.2381     0.0426     0.0846 5.0947e+02    -0.5210      0.292      0.424    28.4254 0.0000e+00
      0.298      0.000     4.5844     59.309    117.157 125.184525    10.8000     0.2419     0.0426     0.0846 4.9528e+02    -0.4908      0.292      0.424    28.4239 0.0000e+00
      0.298      0.000     4.5898     59.383    117.166 125.191243    10.8000     0.2419     0.0426     0.0846 5.2612e+02    -0.4455      0.292      0.424    28.4226 0.0000e+00
      0.298      0.000     4.5952     59.448    117.181 125.204057    10.8000     0.2228     0.0426     0.0846 5.0594e+02    -0.5814      0.292      0.423    28.4214 0.0000e+00
      0.298      0.000     4.6008     59.505    117.193 125.214379    10.8000     0.2266     0.0000     0.1692 5.0211e+02    -0.4908      0.292      0.423    28.4202 0.0000e+00
      0.298      0.000     4.6068     59.565    117.201 125.220959    10.8000     0.2304     0.0000     0.1692 5.0903e+02    -0.5361      0.292      0.424    28.4190 0.0000e+00
      0.298      0.000     4.6127     59.645    117.210 125.229553    10.8000     0.2571     0.0000     0.1692 5.0781e+02    -0.5663      0.292      0.424    28.4178 0.0000e+00
      0.298     -0.001     4.6178     59.750    117.216 125.234451    10.8000     0.2686     0.0000     0.1692 5.0440e+02    -0.5361      0.292      0.424    28.4167 0.0000e+00
      0.298     -0.001     4.6223     59.870    117.217 125.232956    10.8900     0.2571     0.0426     0.1692 5.0572e+02    -0.4455      0.292      0.423    28.4156 0.0000e+00
      0.297     -0.001     4.6270     59.987    117.215 125.228671    10.8900     0.2419     0.0426     0.1692 5.0660e+02    -0.5966      0.292      0.423    28.4147 0.0000e+00
      0.297     -0.001     4.6333     60.089    117.213 125.224456    10.8900     0.2266     0.0426     0.1692 5.2032e+02    -0.5059      0.291      0.422    28.4140 0.0000e+00
      0.297     -0.001     4.6415     60.168    117.211 125.219185    10.8900     0.2190     0.0426     0.1692 4.9249e+02    -0.5059      0.291      0.422    28.4134 0.0000e+00
      0.296     -0.001     4.6509     60.231    117.205 125.211454    10.8000     0.2381     0.0426     0.0846 5.1604e+02    -0.5814      0.291      0.422    28.4127 0.0000e+00
      0.296      0.000     4.6601     60.286    117.206 125.211206    10.8000     0.2266     0.0426     0.0846 5.0969e+02    -0.5210      0.291      0.422    28.4118 0.0000e+00
      0.296      0.000     4.6680     60.332    117.211 125.214372    10.8000     0.2457     0.0426     0.0846 5.0407e+02    -0.5814      0.291      0.422    28.4107 0.0000e+00
      0.296     -0.000     4.6743     60.362    117.208 125.209793    10.8000     0.2266     0.0426     0.0846 5.2248e+02    -0.4455      0.290      0.422    28.4097 0.0000e+00
      0.296     -0.000     4.6792     60.379    117.201 125.200248    10.7100     0.2419     0.0426     0.0846 4.9046e+02    -0.5814      0.290      0.421    28.4088 0.0000e+00
      0.296     -0.000     4.6836     60.394    117.198 125.195196    10.7100     0.2419     0.0426     0.0846 5.1314e+02    -0.4908      0.290      0.421    28.4081 0.0000e+00
      0.296     -0.000     4.6872     60.425    117.208 125.205296    10.7100     0.2457     0.0426     0.0846 5.1358e+02    -0.5512      0.290      0.421    28.4075 0.0000e+00
      0.296     -0.000     4.6896     60.487    117.228 125.225237    10.7100     0.2228     0.0426     0.0846 4.9238e+02    -0.5512      0.290      0.421    28.4068 0.0000e+00
      0.296     -0.000     4.6910     60.576    117.246 125.244331    10.7100     0.2419     0.0426     0.0846 5.2509e+02    -0.5663      0.291      0.421    28.4060 0.0000e+00
      0.296      0.000     4.6923     60.674    117.258 125.255665    10.8000     0.2457     0.0000     0.2538 5.0113e+02    -0.5512      0.291      0.421    28.4052 0.0000e+00
      0.296      0.000     4.6947     60.774    117.261 125.258259    10.8000     0.2304     0.0000     0.2538 5.1403e+02    -0.4606      0.290      0.421    28.4046 0.0000e+00
      0.296      0.000     4.6995     60.866    117.264 125.260809    10.8000     0.2419     0.0000     0.2538 5.1582e+02    -0.5663      0.290      0.421    28.4042 0.0000e+00
      0.296      0.000     4.7064     60.941    117.272 125.267996    10.8000     0.2800     0.0000     0.2538 5.0892e+02    -0.4908      0.290      0.421    28.4039 0.0000e+00
      0.296      0.000     4.7141     61.005    117.278 125.273732    10.8000     0.2152     0.0426     0.1692 5.2032e+02    -0.5210      0.290      0.421    28.4036 0.0000e+00
      0.296      0.000     4.7219     61.064    117.276 125.271545    10.8000     0.2571     0.0426     0.1692 4.9895e+02    -0.5210      0.290      0.421    28.4032 0.0000e+00
      0.296      0.000     4.7291     61.115    117.273 125.268854    10.8000     0.2533     0.0426     0.1692 5.1515e+02    -0.5814      0.291      0.421    28.4027 0.0000e+00
      0.296      0.000     4.7350     61.153    117.270 125.264942    10.8000     0.2304     0.0426     0.1692 5.1638e+02    -0.4908      0.291      0.421    28.4023 0.0000e+00
      0.296      0.000     4.7399     61.182    117.264 125.258766    10.8900     0.2190     0.0852     0.0846 5.0331e+02    -0.5210      0.290      0.421    28.4021 0.0000e+00
      0.296      0.000     4.7445     61.222    117.265 125.260683    10.8900     0.2495     0.0852     0.0846 5.1818e+02    -0.5512      0.290      0.421    28.4020 0.0000e+00
      0.296     -0.001     4.7485     61.302    117.274 125.271205    10.8900     0.2571     0.0852     0.0846 4.9550e+02    -0.4908      0.290      0.421    28.4021 0.0000e+00
      0.296     -0.001     4.7514     61.442    117.286 125.285133    10.8900     0.2304     0.0852     0.0846 5.2010e+02    -0.4455      0.290      0.421    28.4021 0.0000e+00
      0.296     -0.002     4.7537     61.649    117.295 125.298180    10.8900     0.2419     0.0852     0.0846 5.0693e+02    -0.5210      0.290      0.420    28.4021 0.0000e+00
      0.295     -0.003     4.7568     61.910    117.304 125.309824    10.8000     0.2648     0.0426     0.0846 5.0803e+02    -0.5361      0.290      0.420    28.4022 0.0000e+00
      0.294     -0.003     4.7630     62.215    117.313 125.323169    10.8000     0.2495     0.0426     0.0846 5.1504e+02    -0.4757      0.289      0.418    28.4027 0.0000e+00
      0.293     -0.004     4.7738     62.559    117.328 125.341775    10.8000     0.2266     0.0426     0.0846 4.9260e+02    -0.4606      0.287      0.417    28.4036 0.0000e+00
      0.292     -0.005     4.7898     62.932    117.345 125.362599    10.8000     0.2381     0.0426     0.0846 5.1504e+02    -0.4908      0.286      0.415    28.4047 0.0000e+00
      0.290     -0.005     4.8100     63.302    117.351 125.371188    10.7100     0.2342     0.0426     0.0846 4.9722e+02    -0.5210      0.285      0.413    28.4059 0.0000e+00
      0.289     -0.006     4.8336     63.622    117.341 125.361828    10.7100     0.2304     0.0426     0.0846 5.1604e+02    -0.5361      0.283      0.411    28.4071 0.0000e+00
      0.287     -0.005     4.8602     63.841    117.327 125.348029    10.7100     0.2419     0.0426     0.0846 5.2544e+02    -0.3700      0.282      0.409    28.4083 0.0000e+00
      0.286     -0.005     4.8890     63.929    117.322 125.342120    10.7100     0.2228     0.0426     0.0846 5.0156e+02    -0.6268      0.280      0.406    28.4096 0.0000e+00
      0.284     -0.004     4.9177     63.880    117.323 125.342523    10.6200     0.2533     0.0426     0.0846 5.3141e+02    -0.4757      0.279      0.404    28.4106 0.0000e+00
      0.283     -0.003     4.9425     63.707    117.323 125.341343    10.6200     0.2495     0.0426     0.0846 5.1638e+02    -0.4002      0.278      0.403    28.4111 0.0000e+00
      0.283     -0.003     4.9595     63.453    117.319 125.338265    10.6200     0.2381     0.0426     0.0846 5.2853e+02    -0.5361      0.277      0.402    28.4113 0.0000e+00
      0.282     -0.002     4.9664     63.182    117.320 125.340471    10.6200     0.2304     0.0426     0.0846 5.3245e+02    -0.5059      0.277      0.401    28.4111 0.0000e+00
      0.282     -0.002     4.9626     62.943    117.322 125.344549    10.6200     0.2419     0.0426     0.1269 5.2635e+02    -0.5814      0.276      0.401    28.4108 0.0000e+00
      0.281     -0.002     4.9491     62.758    117.320 125.343583    10.6200     0.2419     0.0426     0.1269 5.2979e+02    -0.4606      0.276      0.400    28.4106 0.0000e+00
      0.281     -0.002     4.9294     62.616    117.317 125.341316    10.6200     0.2419     0.0426     0.1269 5.2248e+02    -0.5512      0.275      0.399    28.4108 0.0000e+00
      0.280     -0.002     4.9082     62.494    117.317 125.341147    10.6200     0.2533     0.0426     0.1269 5.5682e+02    -0.4606      0.275      0.398    28.4113 0.0000e+00
      0.279     -0.001     4.8897     62.374    117.323 125.347032    10.6200     0.2304     0.0426     0.1269 5.2841e+02    -0.4757      0.274      0.398    28.4121 0.0000e+00
      0.279     -0.001     4.8753     62.249    117.337 125.360540    10.6200     0.2495     0.0426     0.1269 5.3663e+02    -0.5966      0.274      0.397    28.4128 0.0000e+00
      0.279     -0.001     4.8642     62.123    117.350 125.373267    10.6200     0.2381     0.0426     0.1269 5.6205e+02    -0.4908      0.274      0.396    28.4132 0.0000e+00
