Data/DataNotYetUploadedToEDI/Raw_CTD/RawDownloads/080124_ccr90_S8188009.cnv
* Sea-Bird SBE19plus  Data File:
* FileName = C:\R\Reservoirs\Data\DataNotYetUploadedToEDI\Raw_CTD\RawDownloads\073124_ccr88_S8188_0009.hex
* Software version 2.8.0.119
* Temperature SN = 8188
* Conductivity SN = 8188
* System UpLoad Time = Aug 02 2024 14:07:21
* <ApplicationData>
* <Seaterm232>
# nquan = 16
# nvalues = 580                         
# units = specified
# name 0 = depFM: Depth [fresh water, m]
# name 1 = dz/dtM: Descent Rate [m/s]
# name 2 = sbeox0Mg/L: Oxygen, SBE 43 [mg/l]
# name 3 = sbeox0PS: Oxygen, SBE 43 [% saturation]
# name 4 = specc: Specific Conductance [uS/cm]
# name 5 = c0uS/cm: Conductivity [uS/cm]
# name 6 = wetCDOM: Fluorescence, WET Labs CDOM [mg/m^3]
# name 7 = flECO-AFL: Fluorescence, WET Labs ECO-AFL/FL [mg/m^3]
# name 8 = flECO-AFL1: Fluorescence, WET Labs ECO-AFL/FL, 2 [mg/m^3]
# name 9 = flECO-AFL2: Fluorescence, WET Labs ECO-AFL/FL, 3 [mg/m^3]
# name 10 = par/sat/log: PAR/Logarithmic, Satlantic
# name 11 = turbWETntu0: Turbidity, WET Labs ECO [NTU]
# name 12 = prdM: Pressure, Strain Gauge [db]
# name 13 = prdE: Pressure, Strain Gauge [psi]
# name 14 = tv290C: Temperature [ITS-90, deg C]
# name 15 = flag:  0.000e+00
# span 0 =     -0.470,      4.045       
# span 1 =     -0.518,      0.195       
# span 2 =     4.4070,     9.1188       
# span 3 =     55.763,    117.346       
# span 4 =      3.797,    118.248       
# span 5 =   3.664289, 126.014776       
# span 6 =    -4.5000,   367.2000       
# span 7 =    -0.2579,     3.1869       
# span 8 =    -2.1300,     3.4080       
# span 9 =    -2.0304,     0.4230       
# span 10 = 3.1155e+00, 3.4033e+01      
# span 11 =     0.0983,    93.7129      
# span 12 =     -0.461,      3.967      
# span 13 =     -0.669,      5.753      
# span 14 =    21.8984,    28.4052      
# span 15 = 0.0000e+00, 0.0000e+00      
# interval = seconds: 0.25
# start_time = Aug 01 2024 06:40:09 [Instrument's time stamp, header]
# bad_flag = -9.990e-29
*END*
[from data line 181]
      0.531      0.036     4.9038     61.312    114.837 121.520692    11.8800     0.4593     0.0852     0.2115 7.5937e+00     0.4760      0.520      0.755    27.9161 0.0000e+00
      0.540      0.034     4.8868     60.840    114.889 121.512773    11.8800     0.4708     0.0852     0.2115 7.7252e+00     0.4458      0.529      0.767    27.9242 0.0000e+00
      0.548      0.033     4.8654     60.366    114.979 121.526271    11.7900     0.4708     0.0426     0.0846 7.7723e+00     0.5364      0.537      0.779    27.9263 0.0000e+00
      0.556      0.032     4.8382     59.941    115.079 121.548774    11.7900     0.4784     0.0426     0.0846 7.8096e+00     0.4609      0.545      0.790    27.9199 0.0000e+00
      0.564      0.032     4.8059     59.619    115.153 121.554270    11.7900     0.4746     0.0426     0.0846 7.8368e+00     0.5364      0.552      0.801    27.9037 0.0000e+00
      0.572      0.032     4.7711     59.426    115.198 121.536221    11.7900     0.4708     0.0426     0.0846 7.9207e+00     0.5213      0.560      0.813    27.8765 0.0000e+00
      0.580      0.032     4.7369     59.344    115.238 121.513816    11.7900     0.4784     0.0852     0.1692 7.9881e+00     0.4458      0.569      0.825    27.8408 0.0000e+00
      0.589      0.032     4.7066     59.335    115.282 121.501082    11.7900     0.5432     0.0852     0.1692 8.0421e+00     0.5666      0.577      0.837    27.8044 0.0000e+00
      0.597      0.032     4.6841     59.362    115.318 121.490618    11.7900     0.5280     0.0852     0.1692 8.0788e+00     0.6120      0.585      0.849    27.7727 0.0000e+00
      0.605      0.032     4.6713     59.404    115.339 121.475632    11.7900     0.5509     0.0852     0.1692 8.3483e+00     0.5213      0.593      0.861    27.7442 0.0000e+00
      0.613      0.031     4.6672     59.438    115.350 121.456126    11.7900     0.5432     0.0852     0.1692 8.4873e+00     0.5062      0.601      0.872    27.7166 0.0000e+00
      0.621      0.031     4.6686     59.448    115.349 121.428898    11.8800     0.5547     0.0852     0.0846 8.6174e+00     0.4458      0.608      0.883    27.6909 0.0000e+00
      0.628      0.030     4.6725     59.428    115.345 121.400690    11.8800     0.5013     0.0852     0.0846 8.5428e+00     0.4307      0.616      0.894    27.6698 0.0000e+00
      0.636      0.030     4.6771     59.372    115.343 121.373981    11.8800     0.5432     0.0852     0.0846 8.6719e+00     0.4307      0.623      0.904    27.6535 0.0000e+00
      0.644      0.030     4.6809     59.285    115.337 121.341647    11.8800     0.5356     0.0852     0.0846 8.8470e+00     0.4156      0.631      0.915    27.6401 0.0000e+00
      0.651      0.029     4.6826     59.175    115.334 121.311069    11.8800     0.5585     0.0426     0.2115 8.8586e+00     0.2494      0.638      0.926    27.6288 0.0000e+00
      0.659      0.029     4.6819     59.044    115.348 121.296095    11.8800     0.5280     0.0426     0.2115 8.7819e+00     0.2947      0.646      0.937    27.6182 0.0000e+00
      0.666      0.028     4.6784     58.891    115.376 121.296732    11.8800     0.5280     0.0426     0.2115 8.7685e+00     0.2041      0.653      0.947    27.6075 0.0000e+00
      0.673      0.028     4.6724     58.730    115.410 121.309146    11.8800     0.5280     0.0426     0.2115 8.7609e+00     0.2645      0.660      0.957    27.5963 0.0000e+00
      0.680      0.028     4.6648     58.587    115.451 121.336647    11.7900     0.5165     0.0426     0.1692 8.7419e+00     0.3098      0.667      0.967    27.5844 0.0000e+00
      0.687      0.028     4.6554     58.491    115.487 121.368563    11.7900     0.5432     0.0426     0.1692 8.7400e+00     0.4458      0.673      0.977    27.5718 0.0000e+00
      0.693      0.029     4.6444     58.473    115.496 121.377398    11.7900     0.5623     0.0426     0.1692 8.7628e+00     0.4609      0.680      0.986    27.5594 0.0000e+00
      0.700      0.029     4.6326     58.529    115.480 121.361508    11.7900     0.5509     0.0426     0.1692 8.9553e+00     0.4005      0.687      0.996    27.5490 0.0000e+00
      0.708      0.030     4.6219     58.615    115.472 121.348663    11.7900     0.5394     0.0426     0.1692 9.0257e+00     0.4005      0.694      1.007    27.5425 0.0000e+00
      0.716      0.030     4.6146     58.679    115.498 121.361445    11.7900     0.5432     0.0426     0.1692 8.9885e+00     0.2192      0.702      1.019    27.5399 0.0000e+00
      0.724      0.030     4.6131     58.699    115.566 121.403260    11.7900     0.5356     0.0426     0.1692 9.0178e+00     0.2041      0.710      1.031    27.5398 0.0000e+00
      0.732      0.031     4.6175     58.677    115.664 121.463255    11.7900     0.5738     0.0426     0.1692 9.0748e+00     0.2494      0.718      1.041    27.5399 0.0000e+00
      0.739      0.031     4.6244     58.631    115.769 121.525418    11.7900     0.5356     0.0426     0.1692 9.2641e+00     0.3098      0.725      1.052    27.5380 0.0000e+00
      0.746      0.033     4.6301     58.585    115.860 121.576314    11.8800     0.5165     0.0852     0.1692 9.3146e+00     0.2494      0.732      1.062    27.5317 0.0000e+00
      0.755      0.035     4.6327     58.558    115.930 121.617511    11.8800     0.5280     0.0852     0.1692 9.3186e+00     0.1890      0.740      1.074    27.5191 0.0000e+00
      0.764      0.037     4.6325     58.564    115.980 121.655990    11.8800     0.5394     0.0852     0.1692 9.3490e+00     0.1890      0.749      1.087    27.5004 0.0000e+00
      0.774      0.040     4.6306     58.609    116.001 121.686009    11.8800     0.5547     0.0852     0.1692 9.4000e+00     0.2494      0.759      1.101    27.4795 0.0000e+00
      0.785      0.042     4.6284     58.692    115.978 121.691566    11.7900     0.4746     0.0426     0.1692 9.4717e+00     0.4458      0.769      1.116    27.4603 0.0000e+00
      0.796      0.043     4.6275     58.791    115.916 121.670146    11.7900     0.4708     0.0426     0.1692 9.4594e+00     0.4156      0.780      1.132    27.4463 0.0000e+00
      0.807      0.044     4.6285     58.865    115.842 121.640045    11.7900     0.4784     0.0426     0.1692 9.4389e+00     0.4156      0.792      1.149    27.4402 0.0000e+00
      0.819      0.044     4.6317     58.872    115.770 121.609243    11.7900     0.4860     0.0426     0.1692 9.3348e+00     0.4760      0.803      1.165    27.4439 0.0000e+00
      0.831      0.043     4.6372     58.792    115.697 121.569530    11.8800     0.4708     0.0426     0.1269 9.3979e+00     0.5062      0.815      1.182    27.4569 0.0000e+00
      0.842      0.041     4.6434     58.621    115.639 121.530323    11.8800     0.5013     0.0426     0.1269 9.4594e+00     0.6120      0.825      1.198    27.4758 0.0000e+00
      0.852      0.039     4.6476     58.364    115.622 121.515176    11.8800     0.4479     0.0426     0.1269 9.5565e+00     0.3552      0.836      1.213    27.4960 0.0000e+00
      0.862      0.037     4.6466     58.044    115.648 121.526050    11.8800     0.5013     0.0426     0.1269 9.5171e+00     0.5213      0.845      1.226    27.5152 0.0000e+00
      0.871      0.035     4.6390     57.691    115.695 121.543840    11.8800     0.5318     0.0426     0.1269 9.5877e+00     0.2192      0.854      1.239    27.5313 0.0000e+00
      0.879      0.034     4.6247     57.340    115.747 121.555284    11.7900     0.5356     0.0426     0.2115 9.6651e+00     0.1890      0.862      1.251    27.5408 0.0000e+00
      0.887      0.033     4.6044     57.012    115.791 121.555427    11.7900     0.5089     0.0426     0.2115 9.8239e+00     0.2343      0.870      1.262    27.5417 0.0000e+00
      0.895      0.033     4.5796     56.717    115.821 121.544305    11.7900     0.5356     0.0426     0.2115 9.8410e+00     0.2947      0.878      1.273    27.5347 0.0000e+00
      0.904      0.034     4.5529     56.458    115.842 121.530952    11.7900     0.4784     0.0426     0.2115 9.9334e+00     0.4458      0.886      1.285    27.5210 0.0000e+00
      0.912      0.034     4.5266     56.234    115.862 121.523807    11.7900     0.4555     0.0426     0.0846 1.0018e+01     0.4609      0.895      1.298    27.5027 0.0000e+00
      0.921      0.035     4.5024     56.038    115.891 121.534968    11.7900     0.4708     0.0426     0.0846 1.0090e+01     0.4911      0.903      1.311    27.4828 0.0000e+00
      0.930      0.036     4.4806     55.881    115.929 121.569409    11.7900     0.4784     0.0426     0.0846 1.0057e+01     0.4307      0.912      1.324    27.4645 0.0000e+00
      0.939      0.038     4.4614     55.782    115.954 121.606307    11.7900     0.5280     0.0426     0.0846 1.0018e+01     0.2645      0.922      1.337    27.4489 0.0000e+00
      0.949      0.039     4.4446     55.763    115.936 121.613492    11.7900     0.5509     0.0426     0.1692 9.9810e+00     0.2796      0.931      1.350    27.4366 0.0000e+00
      0.959      0.040     4.4298     55.836    115.864 121.580880    11.7900     0.5585     0.0426     0.1692 9.9442e+00     0.2343      0.941      1.364    27.4286 0.0000e+00
      0.969      0.040     4.4175     55.977    115.773 121.535784    11.7900     0.5280     0.0426     0.1692 9.9247e+00     0.2041      0.951      1.379    27.4262 0.0000e+00
      0.980      0.040     4.4094     56.136    115.701 121.506192    11.7900     0.5356     0.0426     0.1692 9.7051e+00     0.4307      0.962      1.395    27.4306 0.0000e+00
      0.991      0.040     4.4070     56.280    115.670 121.506223    11.7900     0.5432     0.0426     0.1692 9.7072e+00     0.4760      0.972      1.410    27.4422 0.0000e+00
      1.001      0.039     4.4113     56.419    115.687 121.541886    11.7900     0.5509     0.0426     0.2115 9.6232e+00     0.5213      0.982      1.424    27.4604 0.0000e+00
      1.011      0.038     4.4207     56.617    115.723 121.588685    11.7900     0.5509     0.0426     0.2115 9.6462e+00     0.4458      0.991      1.438    27.4823 0.0000e+00
      1.020      0.038     4.4317     56.959    115.743 121.613088    11.7900     0.4860     0.0426     0.2115 9.5835e+00     0.4458      1.000      1.450    27.5022 0.0000e+00
      1.029      0.038     4.4419     57.505    115.741 121.609602    11.7900     0.4593     0.0426     0.2115 9.5565e+00     0.5364      1.009      1.463    27.5161 0.0000e+00
      1.039      0.038     4.4523     58.257    115.723 121.585297    11.7900     0.4860     0.0426     0.1269 9.4430e+00     0.3854      1.018      1.477    27.5240 0.0000e+00
      1.049      0.037     4.4676     59.156    115.701 121.549696    11.7900     0.4936     0.0426     0.1269 9.2943e+00     0.4911      1.028      1.491    27.5279 0.0000e+00
      1.059      0.037     4.4945     60.105    115.686 121.517309    11.7900     0.5280     0.0426     0.1269 9.1879e+00     0.7177      1.038      1.506    27.5292 0.0000e+00
      1.069      0.036     4.5376     61.007    115.684 121.495504    11.7900     0.5127     0.0426     0.1269 9.1084e+00     0.6573      1.048      1.519    27.5287 0.0000e+00
      1.077      0.034     4.5972     61.783    115.693 121.478464    11.7900     0.5432     0.0852     0.2538 9.0630e+00     0.8083      1.056      1.532    27.5260 0.0000e+00
      1.085      0.033     4.6686     62.370    115.708 121.457644    11.7900     0.5356     0.0852     0.2538 9.0315e+00     0.7479      1.064      1.543    27.5208 0.0000e+00
      1.093      0.032     4.7441     62.721    115.738 121.441494    11.7900     0.4784     0.0852     0.2538 8.9339e+00     0.2041      1.072      1.555    27.5138 0.0000e+00
      1.101      0.032     4.8160     62.833    115.793 121.449709    11.7900     0.4708     0.0852     0.2538 8.7533e+00     0.1588      1.080      1.566    27.5052 0.0000e+00
      1.109      0.032     4.8783     62.746    115.870 121.488475    11.7900     0.5013     0.0426     0.0846 8.5801e+00     0.2192      1.088      1.577    27.4938 0.0000e+00
      1.117      0.033     4.9260     62.543    115.954 121.552125    11.7900     0.4746     0.0426     0.0846 8.5187e+00     0.1588      1.095      1.589    27.4778 0.0000e+00
      1.125      0.035     4.9556     62.337    116.038 121.631623    11.7900     0.5089     0.0426     0.0846 8.4212e+00     0.2192      1.103      1.600    27.4575 0.0000e+00
      1.134      0.038     4.9662     62.226    116.105 121.708163    11.7900     0.5470     0.0426     0.0846 8.3719e+00     0.2494      1.112      1.612    27.4359 0.0000e+00
      1.143      0.041     4.9609     62.250    116.143 121.762145    11.7900     0.5661     0.0426     0.0846 8.2491e+00     0.3552      1.121      1.626    27.4180 0.0000e+00
      1.154      0.044     4.9458     62.387    116.140 121.777959    11.7900     0.5356     0.0426     0.1692 8.0421e+00     0.1890      1.132      1.642    27.4071 0.0000e+00
      1.167      0.047     4.9299     62.569    116.107 121.765825    11.7900     0.4936     0.0426     0.1692 7.8606e+00     0.5515      1.144      1.660    27.4038 0.0000e+00
      1.180      0.050     4.9208     62.705    116.081 121.768517    11.7900     0.4593     0.0426     0.1692 7.7336e+00     0.3400      1.157      1.678    27.4062 0.0000e+00
      1.193      0.051     4.9222     62.723    116.083 121.812761    11.7900     0.4936     0.0426     0.1692 7.6218e+00     0.4458      1.171      1.698    27.4123 0.0000e+00
      1.207      0.052     4.9323     62.606    116.105 121.894353    11.8800     0.4593     0.0426     0.2538 7.5149e+00     0.4609      1.184      1.716    27.4204 0.0000e+00
      1.220      0.054     4.9459     62.393    116.114 121.985039    11.8800     0.4784     0.0426     0.2538 7.4661e+00     0.2494      1.196      1.735    27.4304 0.0000e+00
      1.233      0.055     4.9555     62.164    116.071 122.044990    11.8800     0.4860     0.0426     0.2538 7.4272e+00     0.2796      1.209      1.754    27.4432 0.0000e+00
      1.247      0.057     4.9554     61.976    115.965 122.052192    11.8800     0.4936     0.0426     0.2538 7.4288e+00     0.3098      1.223      1.773    27.4611 0.0000e+00
      1.262      0.058     4.9439     61.822    115.813 122.004572    11.7900     0.4440     0.0852     0.1692 7.3694e+00     0.2192      1.238      1.795    27.4865 0.0000e+00
      1.278      0.058     4.9240     61.648    115.633 121.911444    11.7900     0.4746     0.0852     0.1692 7.3103e+00     0.4609      1.253      1.818    27.5217 0.0000e+00
      1.294      0.057     4.9020     61.405    115.458 121.799991    11.7900     0.4669     0.0852     0.1692 7.3072e+00     0.4911      1.269      1.841    27.5672 0.0000e+00
      1.309      0.055     4.8828     61.063    115.320 121.698511    11.7900     0.4669     0.0852     0.1692 7.2802e+00     0.4005      1.284      1.862    27.6181 0.0000e+00
      1.323      0.051     4.8664     60.602    115.236 121.615955    11.7900     0.4669     0.0852     0.1692 7.3278e+00     0.5364      1.297      1.882    27.6668 0.0000e+00
      1.335      0.046     4.8490     60.026    115.214 121.550314    11.7900     0.4631     0.0426     0.1269 7.3470e+00     0.2947      1.310      1.900    27.7083 0.0000e+00
      1.346      0.042     4.8272     59.365    115.257 121.504086    11.7900     0.4936     0.0426     0.1269 7.3662e+00     0.2343      1.320      1.915    27.7400 0.0000e+00
      1.356      0.039     4.7986     58.679    115.351 121.486940    11.7900     0.4708     0.0426     0.1269 7.3678e+00     0.2947      1.330      1.929    27.7591 0.0000e+00
      1.365      0.036     4.7621     58.051    115.462 121.492292    11.7900     0.4593     0.0426     0.1269 7.3966e+00     0.2343      1.339      1.942    27.7618 0.0000e+00
      1.374      0.035     4.7183     57.552    115.552 121.495558    11.7900     0.4822     0.0852     0.2538 7.4644e+00     0.2494      1.347      1.954    27.7433 0.0000e+00
      1.382      0.034     4.6696     57.221    115.615 121.483602    11.7900     0.4593     0.0852     0.2538 7.4418e+00     0.2494      1.355      1.966    27.7038 0.0000e+00
