Data/DataNotYetUploadedToEDI/Raw_CTD/RawDownloads/080124_ccr88_S8188011.cnv
* Sea-Bird SBE19plus  Data File:
* FileName = C:\R\Reservoirs\Data\DataNotYetUploadedToEDI\Raw_CTD\RawDownloads\073124_ccr88_S8188_0011.hex
* Software version 2.8.0.119
* Temperature SN = 8188
* Conductivity SN = 8188
* System UpLoad Time = Aug 02 2024 14:08:03
* <ApplicationData>
* <Seaterm232>
# nquan = 16
# nvalues = 1025                        
# units = specified
# name 0 = depFM: Depth [fresh water, m]
# name 1 = dz/dtM: Descent Rate [m/s]
# name 2 = sbeox0Mg/L: Oxygen, SBE 43 [mg/l]
# name 3 = sbeox0PS: Oxygen, SBE 43 [% saturation]
# name 4 = specc: Specific Conductance [uS/cm]
# name 5 = c0uS/cm: Conductivity [uS/cm]
# name 6 = wetCDOM: Fluorescence, WET Labs CDOM [mg/m^3]
# name 7 = flECO-AFL: Fluorescence, WET Labs ECO-AFL/FL [mg/m^3]
# name 8 = flECO-AFL1: Fluorescence, WET Labs ECO-AFL/FL, 2 [mg/m^3]
# name 9 = flECO-AFL2: Fluorescence, WET Labs ECO-AFL/FL, 3 [mg/m^3]
# name 10 = par/sat/log: PAR/Logarithmic, Satlantic
# name 11 = turbWETntu0: Turbidity, WET Labs ECO [NTU]
# name 12 = prdM: Pressure, Strain Gauge [db]
# name 13 = prdE: Pressure, Strain Gauge [psi]
# name 14 = tv290C: Temperature [ITS-90, deg C]
# name 15 = flag:  0.000e+00
# span 0 =     -0.398,      4.169       
# span 1 =     -0.243,      0.167       
# span 2 =     4.3016,     9.9571       
# span 3 =     55.440,    129.947       
# span 4 =   -437.360,    117.880       
# span 5 =-461.374287, 127.659077       
# span 6 =    -4.5000,    21.6000       
# span 7 =    -0.3303,     3.0724       
# span 8 =    -2.1300,     0.1278       
# span 9 =    -2.0304,     1.0152       
# span 10 = 7.0187e+01, 9.1348e+02      
# span 11 =    -1.3972,    22.6674      
# span 12 =     -0.390,      4.088      
# span 13 =     -0.566,      5.930      
# span 14 =    25.5085,    29.3850      
# span 15 = 0.0000e+00, 0.0000e+00      
# interval = seconds: 0.25
# start_time = Aug 01 2024 13:16:37 [Instrument's time stamp, header]
# bad_flag = -9.990e-29
*END*
[from data line 724]
      2.897      0.006     8.3344    107.873    117.368 125.875829    11.3400     0.3563     0.0000     0.1692 1.4761e+02     0.2947      2.841      4.120    28.6165 0.0000e+00
      2.898      0.004     8.3401    107.795    117.363 125.872570    11.3400     0.4440     0.0000     0.1692 1.4745e+02     0.3249      2.842      4.122    28.6164 0.0000e+00
      2.899      0.003     8.3467    107.664    117.369 125.881035    11.3400     0.4326     0.0000     0.1692 1.4777e+02     0.2494      2.842      4.123    28.6164 0.0000e+00
      2.899      0.003     8.3507    107.504    117.377 125.891477    11.3400     0.4212     0.0426     0.1692 1.4809e+02     0.2494      2.843      4.123    28.6167 0.0000e+00
      2.899      0.002     8.3498    107.357    117.368 125.882670    11.3400     0.4364     0.0426     0.1692 1.4812e+02     0.1437      2.843      4.123    28.6175 0.0000e+00
      2.899      0.002     8.3437    107.276    117.353 125.868273    11.3400     0.3601     0.0426     0.1692 1.4783e+02     0.2645      2.843      4.124    28.6184 0.0000e+00
      2.900      0.002     8.3334    107.287    117.356 125.872457    11.3400     0.3792     0.0426     0.1692 1.4764e+02     0.1890      2.844      4.124    28.6193 0.0000e+00
      2.901      0.003     8.3209    107.364    117.367 125.884334    11.3400     0.3563     0.0426     0.1269 1.4777e+02     0.2494      2.844      4.125    28.6201 0.0000e+00
      2.901      0.003     8.3094    107.462    117.368 125.887063    11.3400     0.3678     0.0426     0.1269 1.4789e+02     0.1890      2.845      4.126    28.6207 0.0000e+00
      2.902      0.004     8.3031    107.553    117.359 125.877369    11.3400     0.4517     0.0426     0.1269 1.4857e+02     0.3703      2.845      4.127    28.6211 0.0000e+00
      2.902      0.004     8.3039    107.610    117.341 125.856670    11.3400     0.4440     0.0426     0.1269 1.4841e+02     0.1890      2.846      4.128    28.6214 0.0000e+00
      2.903      0.006     8.3097    107.615    117.317 125.827448    11.3400     0.4326     0.0426     0.2961 1.4844e+02     0.1286      2.847      4.129    28.6219 0.0000e+00
      2.905      0.007     8.3173    107.592    117.292 125.797919    11.3400     0.4669     0.0426     0.2961 1.4851e+02     0.2192      2.848      4.131    28.6222 0.0000e+00
      2.907      0.010     8.3244    107.581    117.283 125.784217    11.3400     0.3830     0.0426     0.2961 1.4825e+02     0.3249      2.850      4.134    28.6222 0.0000e+00
      2.909      0.013     8.3288    107.598    117.286 125.782689    11.3400     0.3639     0.0426     0.2961 1.4864e+02     0.1588      2.853      4.138    28.6216 0.0000e+00
      2.912      0.016     8.3294    107.639    117.294 125.784923    11.3400     0.3716     0.0426     0.2961 1.4847e+02     0.2796      2.856      4.142    28.6204 0.0000e+00
      2.916      0.020     8.3279    107.695    117.307 125.791515    11.3400     0.4059     0.0426     0.2115 1.4838e+02     0.2192      2.860      4.148    28.6189 0.0000e+00
      2.922      0.025     8.3273    107.756    117.319 125.796220    11.3400     0.3601     0.0426     0.2115 1.4838e+02     0.4156      2.865      4.156    28.6173 0.0000e+00
      2.929      0.029     8.3289    107.823    117.330 125.800290    11.3400     0.3639     0.0426     0.2115 1.4741e+02     0.4760      2.872      4.166    28.6154 0.0000e+00
      2.937      0.033     8.3324    107.904    117.337 125.800809    11.3400     0.3716     0.0426     0.2115 1.4681e+02     0.4911      2.880      4.178    28.6128 0.0000e+00
      2.946      0.036     8.3372    107.995    117.336 125.793914    11.3400     0.3678     0.0852     0.2538 1.4639e+02     0.4156      2.889      4.191    28.6096 0.0000e+00
      2.956      0.039     8.3424    108.085    117.329 125.781767    11.3400     0.4440     0.0852     0.2538 1.4604e+02     0.2494      2.899      4.205    28.6061 0.0000e+00
      2.967      0.041     8.3481    108.164    117.317 125.765131    11.3400     0.4364     0.0852     0.2538 1.4409e+02     0.2494      2.910      4.220    28.6028 0.0000e+00
      2.978      0.042     8.3548    108.214    117.303 125.747572    11.3400     0.4135     0.0852     0.2538 1.4396e+02     0.1588      2.920      4.236    28.5998 0.0000e+00
      2.989      0.043     8.3622    108.213    117.295 125.736413    11.4300     0.3945     0.0426     0.2961 1.4312e+02     0.1890      2.931      4.251    28.5973 0.0000e+00
      3.000      0.043     8.3695    108.155    117.297 125.736681    11.4300     0.3830     0.0426     0.2961 1.4309e+02     0.3249      2.942      4.267    28.5953 0.0000e+00
      3.011      0.043     8.3758    108.068    117.302 125.740445    11.4300     0.3716     0.0426     0.2961 1.4256e+02     0.1890      2.952      4.282    28.5938 0.0000e+00
      3.022      0.043     8.3798    107.980    117.312 125.748708    11.4300     0.3792     0.0426     0.2961 1.4167e+02     0.1588      2.963      4.298    28.5926 0.0000e+00
      3.033      0.043     8.3799    107.911    117.324 125.759672    11.4300     0.3639     0.0426     0.2961 1.4117e+02     0.1739      2.974      4.314    28.5916 0.0000e+00
      3.044      0.043     8.3756    107.873    117.320 125.752250    11.5200     0.4517     0.0852     0.1692 1.4047e+02     0.5062      2.985      4.330    28.5908 0.0000e+00
      3.055      0.043     8.3689    107.855    117.301 125.728464    11.5200     0.4288     0.0852     0.1692 1.4011e+02     0.5515      2.996      4.345    28.5900 0.0000e+00
      3.066      0.043     8.3622    107.847    117.283 125.705983    11.5200     0.4440     0.0852     0.1692 1.3938e+02     0.6422      3.007      4.361    28.5891 0.0000e+00
      3.077      0.043     8.3570    107.849    117.273 125.690814    11.5200     0.4517     0.0852     0.1692 1.3889e+02     0.4458      3.017      4.376    28.5881 0.0000e+00
      3.088      0.043     8.3543    107.851    117.273 125.686918    11.5200     0.4440     0.0852     0.0846 1.3823e+02     0.5515      3.028      4.392    28.5869 0.0000e+00
      3.099      0.043     8.3531    107.831    117.291 125.701258    11.5200     0.4326     0.0852     0.0846 1.3802e+02     0.4458      3.039      4.407    28.5855 0.0000e+00
      3.110      0.044     8.3527    107.770    117.311 125.717648    11.5200     0.4364     0.0852     0.0846 1.3742e+02     0.4458      3.050      4.423    28.5839 0.0000e+00
      3.121      0.045     8.3531    107.670    117.312 125.712448    11.5200     0.4288     0.0852     0.0846 1.3718e+02     0.5213      3.061      4.439    28.5822 0.0000e+00
      3.132      0.046     8.3536    107.556    117.295 125.688272    11.6100     0.4593     0.0426     0.2115 1.3668e+02     0.4760      3.072      4.455    28.5803 0.0000e+00
      3.144      0.047     8.3523    107.439    117.277 125.660683    11.6100     0.4364     0.0426     0.2115 1.3597e+02     0.5213      3.083      4.472    28.5782 0.0000e+00
      3.156      0.048     8.3479    107.307    117.273 125.648333    11.6100     0.4669     0.0426     0.2115 1.3549e+02     0.4458      3.095      4.489    28.5760 0.0000e+00
      3.168      0.049     8.3405    107.153    117.276 125.641928    11.6100     0.4440     0.0426     0.2115 1.3482e+02     0.4307      3.107      4.506    28.5736 0.0000e+00
      3.181      0.050     8.3320    107.010    117.274 125.629753    11.6100     0.4212     0.0000     0.2115 1.3426e+02     0.4307      3.119      4.525    28.5708 0.0000e+00
      3.194      0.051     8.3235    106.920    117.274 125.620567    11.6100     0.4517     0.0000     0.2115 1.3362e+02     0.4911      3.132      4.544    28.5676 0.0000e+00
      3.208      0.052     8.3138    106.889    117.272 125.607918    11.6100     0.4364     0.0000     0.2115 1.3221e+02     0.4760      3.146      4.563    28.5640 0.0000e+00
      3.221      0.053     8.3025    106.885    117.261 125.586431    11.6100     0.4097     0.0000     0.2115 1.3198e+02     0.5062      3.159      4.582    28.5600 0.0000e+00
      3.235      0.053     8.2920    106.886    117.252 125.566384    11.6100     0.4593     0.0000     0.2115 1.3141e+02     1.0198      3.172      4.601    28.5558 0.0000e+00
      3.248      0.053     8.2856    106.881    117.250 125.552433    11.5200     0.4364     0.1278     0.2538 1.3089e+02     0.9443      3.185      4.620    28.5515 0.0000e+00
      3.262      0.052     8.2839    106.856    117.249 125.538857    11.5200     0.4326     0.1278     0.2538 1.2996e+02     0.9443      3.199      4.640    28.5474 0.0000e+00
      3.275      0.052     8.2842    106.799    117.242 125.518034    11.5200     0.4517     0.1278     0.2538 1.2920e+02     1.0803      3.212      4.659    28.5433 0.0000e+00
      3.289      0.051     8.2849    106.702    117.227 125.488411    11.5200     0.4898     0.1278     0.2538 1.2847e+02     1.1558      3.225      4.678    28.5388 0.0000e+00
      3.302      0.050     8.2852    106.571    117.203 125.448091    11.5200     0.4822     0.0426     0.2961 1.2822e+02     1.1709      3.238      4.696    28.5339 0.0000e+00
      3.314      0.050     8.2841    106.421    117.165 125.390323    11.5200     0.4936     0.0426     0.2961 1.2769e+02     1.2615      3.250      4.714    28.5284 0.0000e+00
      3.326      0.049     8.2805    106.253    117.121 125.321711    11.5200     0.4936     0.0426     0.2961 1.2761e+02     1.1256      3.262      4.731    28.5226 0.0000e+00
      3.339      0.049     8.2738    106.060    117.076 125.245966    11.5200     0.5432     0.0426     0.2961 1.2637e+02     2.6815      3.274      4.749    28.5167 0.0000e+00
      3.351      0.049     8.2645    105.836    117.032 125.162898    11.7000     0.5280     0.0426     0.2538 1.2595e+02     2.5456      3.286      4.767    28.5104 0.0000e+00
      3.364      0.050     8.2539    105.548    116.995 125.078363    11.7000     0.5318     0.0426     0.2538 1.2574e+02     2.6211      3.299      4.785    28.5032 0.0000e+00
      3.377      0.049     8.2422    105.126    116.963 124.991826    11.7000     0.5089     0.0426     0.2538 1.2522e+02     2.5909      3.311      4.803    28.4942 0.0000e+00
      3.390      0.049     8.2289    104.518    116.945 124.920220    11.7000     0.5470     0.0426     0.2538 1.2392e+02     3.0441      3.324      4.821    28.4825 0.0000e+00
      3.402      0.047     8.2138    103.701    116.940 124.872459    11.7000     0.5280     0.0426     0.2538 1.2295e+02     3.0894      3.337      4.839    28.4671 0.0000e+00
      3.415      0.045     8.1942    102.701    116.913 124.815796    11.7900     0.5547     0.0426     0.1692 1.2221e+02     3.1801      3.349      4.857    28.4477 0.0000e+00
      3.427      0.042     8.1646    101.619    116.852 124.735118    11.7900     0.5509     0.0426     0.1692 1.2184e+02     3.1196      3.360      4.874    28.4252 0.0000e+00
      3.437      0.038     8.1206    100.596    116.765 124.632922    11.7900     0.6424     0.0426     0.1692 1.2147e+02     3.9958      3.370      4.888    28.4030 0.0000e+00
      3.446      0.034     8.0597     99.758    116.626 124.475954    11.7900     0.6348     0.0426     0.1692 1.2099e+02     4.1167      3.379      4.901    28.3849 0.0000e+00
      3.454      0.031     7.9837     99.190    116.395 124.214354    11.9700     0.6615     0.0426     0.0846 1.2128e+02     4.0109      3.387      4.912    28.3728 0.0000e+00
      3.461      0.029     7.9006     98.913    116.007 123.772359    11.9700     0.6767     0.0426     0.0846 1.2110e+02     3.9958      3.394      4.922    28.3658 0.0000e+00
      3.467      0.027     7.8216     98.851    115.353 123.034103    11.9700     0.6500     0.0426     0.0846 1.2115e+02     3.9958      3.400      4.931    28.3617 0.0000e+00
      3.474      0.027     7.7570     98.873    114.282 121.840730    11.9700     0.6500     0.0426     0.0846 1.2086e+02     4.0411      3.407      4.941    28.3577 0.0000e+00
      3.480      0.027     7.7138     98.852    112.517 119.908016    11.9700     0.6577     0.0426     0.3384 1.2086e+02     4.0109      3.413      4.950    28.3508 0.0000e+00
      3.487      0.027     7.6939     98.686    109.571 116.728569    11.9700     0.6424     0.0426     0.3384 1.1987e+02     4.0864      3.420      4.960    28.3384 0.0000e+00
      3.495      0.026     7.6917     98.335    104.643 111.458534    11.9700     0.6653     0.0426     0.3384 1.1948e+02     3.7390      3.427      4.971    28.3196 0.0000e+00
      3.501      0.026     7.6966     97.860     96.431 102.712574    11.9700     0.6577     0.0426     0.3384 1.1922e+02     3.8598      3.434      4.980    28.2957 0.0000e+00
      3.508      0.025     7.6984     97.364     82.755  88.166437    12.0600     0.6653     0.0426     0.2538 1.1922e+02     3.8296      3.440      4.990    28.2707 0.0000e+00
      3.514      0.024     7.6883     96.937     59.946  63.917144    12.0600     0.6577     0.0426     0.2538 1.1911e+02     3.7088      3.446      4.998    28.2492 0.0000e+00
      3.520      0.022     7.6631     96.640     21.913  23.494214    12.0600     0.7302     0.0426     0.2538 1.1857e+02     3.9807      3.452      5.007    28.2339 0.0000e+00
      3.525      0.021     7.6274     96.475    -41.473 -43.861793    12.0600     0.7149     0.0426     0.2538 1.1852e+02     3.9656      3.457      5.015    28.2233 0.0000e+00
      3.531      0.020     7.5900     96.398   -147.117-156.108480    12.0600     0.7187     0.0426     0.2538 1.1847e+02     4.0864      3.462      5.022    28.2142 0.0000e+00
      3.535      0.020     7.5581     96.359   -323.200-343.174297    12.2400     0.7302     0.0852     0.2538 1.1836e+02     3.9958      3.467      5.029    28.2043 0.0000e+00
      3.540      0.019     7.5366     96.312   -433.246-460.102577    12.2400     0.7874     0.0852     0.2538 1.1806e+02     3.9958      3.472      5.036    28.1922 0.0000e+00
      3.545      0.019     7.5258     96.211   -323.166-343.231306    12.2400     0.7607     0.0852     0.2538 1.1772e+02     4.0260      3.477      5.043    28.1772 0.0000e+00
      3.551      0.018     7.5223     96.045   -147.054-156.217700    12.2400     0.7683     0.0852     0.2538 1.1742e+02     4.0109      3.482      5.050    28.1589 0.0000e+00
      3.556      0.018     7.5222     95.846    -41.398 -44.024351    12.6000     0.7874     0.0852     0.2961 1.1709e+02     4.0411      3.487      5.057    28.1379 0.0000e+00
      3.560      0.017     7.5215     95.658     21.992  23.280974    12.6000     0.7645     0.0852     0.2961 1.1688e+02     3.8296      3.491      5.064    28.1166 0.0000e+00
      3.564      0.016     7.5160     95.523     60.029  63.656363    12.6000     0.7569     0.0852     0.2961 1.1698e+02     3.8296      3.495      5.070    28.0979 0.0000e+00
      3.568      0.015     7.5047     95.459     82.852  87.868586    12.6000     0.7874     0.0852     0.2961 1.1711e+02     3.7390      3.499      5.075    28.0837 0.0000e+00
      3.572      0.013     7.4904     95.456     96.549 102.390241    14.4000     0.8026     0.1278     0.2538 1.1663e+02     3.8145      3.502      5.080    28.0736 0.0000e+00
      3.575      0.012     7.4768     95.501    104.774 111.105769    14.4000     0.8293     0.1278     0.2538 1.1650e+02     3.5275      3.505      5.085    28.0650 0.0000e+00
      3.578      0.011     7.4675     95.620    109.706 116.331309    14.4000     0.8599     0.1278     0.2538 1.1645e+02     3.4973      3.508      5.089    28.0549 0.0000e+00
      3.581      0.011     7.4641     95.856    112.656 119.456336    14.4000     0.8637     0.1278     0.2538 1.1638e+02     3.5275      3.511      5.093    28.0431 0.0000e+00
      3.583      0.010     7.4653     96.222    114.420 121.322193    14.4000     0.8065     0.1278     0.2538 1.1658e+02     3.4973      3.514      5.096    28.0320 0.0000e+00
