Data/DataNotYetUploadedToEDI/Raw_CTD/RawDownloads/080122_bvr50_S7809001.cnv
* Sea-Bird SBE19plus  Data File:
* FileName = C:\R\Reservoirs\Data\DataNotYetUploadedToEDI\Raw_CTD\RawDownloads\080122_bvr50_S7809_0001.hex
* Software version 2.8.0.119
* Temperature SN = 7809
* Conductivity SN = 7809
* System UpLoad Time = Aug 02 2022 14:55:29
* <ApplicationData>
* <Seaterm232>
# nquan = 15
# nvalues = 2312                        
# units = specified
# name 0 = depFM: Depth [fresh water, m]
# name 1 = dz/dtM: Descent Rate [m/s]
# name 2 = sbeox0Mg/L: Oxygen, SBE 43 [mg/l]
# name 3 = sbeox0PS: Oxygen, SBE 43 [% saturation]
# name 4 = specc: Specific Conductance [uS/cm]
# name 5 = c0uS/cm: Conductivity [uS/cm]
# name 6 = flECO-AFL: Fluorescence, WET Labs ECO-AFL/FL [mg/m^3]
# name 7 = ph: pH
# name 8 = orp: Oxidation Reduction Potential [mV]
# name 9 = par/sat/log: PAR/Logarithmic, Satlantic
# name 10 = turbWETntu0: Turbidity, WET Labs ECO [NTU]
# name 11 = prdM: Pressure, Strain Gauge [db]
# name 12 = prdE: Pressure, Strain Gauge [psi]
# name 13 = tv290C: Temperature [ITS-90, deg C]
# name 14 = flag:  0.000e+00
# span 0 =     -0.732,      7.728       
# span 1 =     -0.279,      5.080       
# span 2 =     0.0315,     7.2487       
# span 3 =      0.312,     88.984       
# span 4 =      0.087,    258.314       
# span 5 =   0.086070, 179.706699       
# span 6 =    -0.3262,    62.1132       
# span 7 =     -2.347,      8.464       
# span 8 = -1240.7455,   425.9761       
# span 9 = 1.2353e-01, 1.0861e+03       
# span 10 =    -0.7261,    26.2969      
# span 11 =     -0.719,      7.579      
# span 12 =     -1.042,     10.993      
# span 13 =     9.7781,    25.9460      
# span 14 = 0.0000e+00, 0.0000e+00      
# interval = seconds: 0.25
# start_time = Aug 01 2022 07:41:09 [Instrument's time stamp, header]
# bad_flag = -9.990e-29
*END*
[from data line 1446]
      6.960      0.043     0.0458      0.458    140.185  98.012876     3.4691      7.435  -114.7183 1.2382e-01     4.1168      6.826      9.901     9.9696 0.0000e+00
      6.969      0.036     0.0479      0.444    140.504  98.224669     3.4676      7.435  -114.8009 1.2375e-01     4.0332      6.835      9.913     9.9674 0.0000e+00
      6.978      0.028     0.0480      0.421    140.652  98.318050     3.4742      7.436  -114.7644 1.2375e-01     3.8917      6.843      9.925     9.9643 0.0000e+00
      6.985      0.021     0.0520      0.415    140.750  98.378601     3.4828      7.437  -114.7929 1.2375e-01     3.8410      6.852      9.937     9.9603 0.0000e+00
      6.990      0.015     0.0525      0.430    140.859  98.447897     3.4883      7.437  -114.8866 1.2374e-01     3.8309      6.856      9.944     9.9561 0.0000e+00
      6.992      0.009     0.0506      0.434    140.878  98.456176     3.4661      7.438  -114.9517 1.2374e-01     3.8374      6.857      9.945     9.9519 0.0000e+00
      6.992      0.004     0.0472      0.425    140.824  98.415096     3.4133      7.438  -114.9776 1.2371e-01     3.8857      6.857      9.945     9.9481 0.0000e+00
      6.992      0.001     0.0448      0.420    140.799  98.396464     3.3749      7.439  -114.9420 1.2367e-01     3.9019      6.856      9.944     9.9451 0.0000e+00
      6.991      0.000     0.0502      0.422    140.836  98.421724     3.3594      7.439  -114.9515 1.2367e-01     3.8966      6.857      9.945     9.9429 0.0000e+00
      6.990      0.001     0.0498      0.430    140.901  98.466076     3.3507      7.440  -115.0921 1.2372e-01     3.7537      6.856      9.943     9.9411 0.0000e+00
      6.990      0.004     0.0475      0.439    140.932  98.487438     3.3442      7.441  -115.2651 1.2377e-01     3.4382      6.854      9.941     9.9401 0.0000e+00
      6.990      0.011     0.0474      0.434    140.936  98.489174     3.3475      7.441  -115.3218 1.2375e-01     3.2582      6.854      9.941     9.9397 0.0000e+00
      6.992      0.021     0.0476      0.424    140.934  98.487064     3.3658      7.441  -115.3476 1.2369e-01     3.2850      6.856      9.944     9.9394 0.0000e+00
      6.996      0.031     0.0483      0.432    140.989  98.525548     3.4159      7.441  -115.4048 1.2369e-01     3.4891      6.859      9.948     9.9392 0.0000e+00
      7.004      0.041     0.0506      0.438    141.148  98.636416     3.4955      7.440  -115.4978 1.2373e-01     3.7792      6.866      9.958     9.9390 0.0000e+00
      7.019      0.047     0.0496      0.425    141.398  98.809778     3.5371      7.440  -115.6977 1.2373e-01     3.8892      6.882      9.982     9.9387 0.0000e+00
      7.039      0.049     0.0463      0.412    141.719  99.031353     3.5282      7.440  -115.9291 1.2370e-01     3.8975      6.904     10.014     9.9385 0.0000e+00
      7.056      0.049     0.0489      0.412    141.991  99.216258     3.5047      7.440  -116.0591 1.2370e-01     3.9128      6.922     10.040     9.9383 0.0000e+00
      7.067      0.045     0.0510      0.413    142.159  99.327895     3.4859      7.439  -116.1504 1.2372e-01     3.9033      6.932     10.054     9.9384 0.0000e+00
      7.074      0.037     0.0479      0.408    142.308  99.426941     3.4834      7.439  -116.1733 1.2373e-01     3.9194      6.936     10.061     9.9382 0.0000e+00
      7.082      0.028     0.0457      0.413    142.453  99.523220     3.4837      7.440  -116.0772 1.2373e-01     3.9709      6.945     10.073     9.9372 0.0000e+00
      7.091      0.020     0.0464      0.423    142.571  99.601392     3.4481      7.441  -116.1065 1.2375e-01     3.9114      6.955     10.088     9.9352 0.0000e+00
      7.096      0.015     0.0478      0.428    142.679  99.672345     3.3775      7.442  -116.2695 1.2378e-01     3.6789      6.960     10.095     9.9329 0.0000e+00
      7.097      0.011     0.0448      0.439    142.788  99.744957     3.3293      7.442  -116.4144 1.2371e-01     3.5162      6.961     10.095     9.9311 0.0000e+00
      7.097      0.007     0.0467      0.449    142.842  99.779572     3.3140      7.442  -116.5670 1.2367e-01     3.4810      6.959     10.093     9.9297 0.0000e+00
      7.097      0.005     0.0488      0.450    142.745  99.709183     3.3091      7.442  -116.6514 1.2377e-01     3.4247      6.959     10.093     9.9282 0.0000e+00
      7.099      0.003     0.0476      0.446    142.581  99.593652     3.3285      7.443  -116.5754 1.2381e-01     3.4498      6.961     10.096     9.9265 0.0000e+00
      7.101      0.003     0.0498      0.430    142.486  99.527758     3.3731      7.444  -116.5077 1.2379e-01     3.6147      6.965     10.101     9.9252 0.0000e+00
      7.102      0.003     0.0516      0.408    142.423  99.484996     3.4001      7.444  -116.6075 1.2379e-01     3.7439      6.966     10.103     9.9242 0.0000e+00
      7.102      0.004     0.0508      0.418    142.382  99.458305     3.4136      7.445  -116.7496 1.2378e-01     3.7822      6.964     10.101     9.9232 0.0000e+00
      7.102      0.006     0.0506      0.440    142.381  99.459490     3.5028      7.447  -116.8500 1.2375e-01     3.8381      6.964     10.100     9.9228 0.0000e+00
      7.102      0.011     0.0501      0.438    142.437  99.499332     3.6545      7.447  -116.8749 1.2370e-01     3.9424      6.964     10.101     9.9230 0.0000e+00
      7.102      0.021     0.0435      0.426    142.613  99.621952     3.7248      7.447  -116.8775 1.2362e-01     3.9838      6.964     10.100     9.9236 0.0000e+00
      7.106      0.032     0.0466      0.419    142.867  99.797022     3.7116      7.446  -116.9678 1.2366e-01     3.9626      6.967     10.105     9.9243 0.0000e+00
      7.116      0.041     0.0519      0.422    143.200 100.025709     3.6446      7.446  -117.1063 1.2376e-01     4.0620      6.977     10.119     9.9250 0.0000e+00
      7.132      0.046     0.0493      0.423    143.674 100.351287     3.5302      7.446  -117.3479 1.2379e-01     4.2631      6.992     10.141     9.9254 0.0000e+00
      7.152      0.044     0.0483      0.415    144.156 100.679971     3.4687      7.446  -117.6517 1.2378e-01     4.3450      7.014     10.174     9.9252 0.0000e+00
      7.169      0.038     0.0467      0.415    144.459 100.882546     3.4669      7.446  -117.9402 1.2380e-01     4.3341      7.033     10.202     9.9244 0.0000e+00
      7.179      0.029     0.0476      0.430    144.574 100.955680     3.4508      7.446  -118.3413 1.2380e-01     4.2342      7.043     10.216     9.9230 0.0000e+00
      7.179      0.021     0.0486      0.441    144.634 100.991648     3.4070      7.446  -118.7156 1.2378e-01     3.9917      7.042     10.214     9.9213 0.0000e+00
      7.176      0.015     0.0467      0.441    144.743 101.062956     3.3784      7.447  -118.8524 1.2375e-01     3.8271      7.037     10.205     9.9183 0.0000e+00
      7.176      0.013     0.0454      0.443    144.918 101.181658     3.3710      7.448  -118.8763 1.2375e-01     3.7807      7.035     10.203     9.9148 0.0000e+00
      7.180      0.015     0.0491      0.439    145.158 101.345323     3.3591      7.449  -118.8333 1.2379e-01     3.6703      7.040     10.211     9.9122 0.0000e+00
      7.188      0.017     0.0507      0.431    145.406 101.514938     3.3520      7.449  -118.7621 1.2378e-01     3.5170      7.050     10.225     9.9103 0.0000e+00
      7.196      0.018     0.0495      0.438    145.594 101.641960     3.3507      7.449  -118.7898 1.2374e-01     3.4642      7.058     10.236     9.9086 0.0000e+00
      7.201      0.017     0.0504      0.449    145.735 101.735965     3.3520      7.450  -118.9095 1.2372e-01     3.5100      7.062     10.243     9.9075 0.0000e+00
      7.205      0.015     0.0505      0.447    145.868 101.824455     3.3767      7.450  -119.0919 1.2365e-01     3.6610      7.065     10.249     9.9064 0.0000e+00
      7.207      0.015     0.0475      0.453    145.960 101.884812     3.4163      7.450  -119.2740 1.2358e-01     3.8886      7.068     10.252     9.9049 0.0000e+00
      7.207      0.018     0.0492      0.460    145.976 101.893142     3.4397      7.450  -119.3040 1.2364e-01     4.0081      7.068     10.251     9.9036 0.0000e+00
      7.209      0.022     0.0523      0.442    146.024 101.925157     3.4428      7.450  -119.2829 1.2374e-01     4.0136      7.067     10.250     9.9022 0.0000e+00
      7.215      0.025     0.0494      0.422    146.159 102.017414     3.4450      7.450  -119.4483 1.2376e-01     3.9886      7.073     10.259     9.9005 0.0000e+00
      7.227      0.028     0.0508      0.426    146.306 102.117911     3.4582      7.451  -119.6694 1.2372e-01     3.9447      7.088     10.280     9.8991 0.0000e+00
      7.239      0.030     0.0539      0.423    146.407 102.185923     3.4696      7.451  -119.8058 1.2362e-01     3.9270      7.102     10.300     9.8981 0.0000e+00
      7.246      0.030     0.0505      0.405    146.436 102.203507     3.4745      7.450  -119.9793 1.2358e-01     3.9446      7.108     10.309     9.8977 0.0000e+00
      7.250      0.026     0.0453      0.400    146.529 102.266891     3.5167      7.451  -120.1328 1.2363e-01     4.0207      7.108     10.310     9.8972 0.0000e+00
      7.256      0.021     0.0492      0.406    146.784 102.443314     3.6059      7.452  -120.1983 1.2365e-01     4.1307      7.114     10.318     9.8966 0.0000e+00
      7.264      0.017     0.0491      0.416    147.039 102.618796     3.6699      7.453  -120.4274 1.2362e-01     4.1813      7.125     10.334     9.8955 0.0000e+00
      7.268      0.013     0.0443      0.437    147.209 102.734411     3.6837      7.454  -120.8372 1.2364e-01     4.1886      7.129     10.340     9.8945 0.0000e+00
      7.270      0.009     0.0449      0.451    147.340 102.823219     3.6652      7.454  -121.2819 1.2371e-01     4.1511      7.129     10.339     9.8941 0.0000e+00
      7.271      0.003     0.0463      0.436    147.404 102.865445     3.6455      7.455  -121.7601 1.2372e-01     4.0690      7.130     10.341     9.8936 0.0000e+00
      7.271     -0.002     0.0462      0.425    147.404 102.863205     3.6451      7.455  -122.1460 1.2372e-01     3.9816      7.130     10.342     9.8926 0.0000e+00
      7.271     -0.005     0.0490      0.441    147.310 102.796137     3.6353      7.456  -122.3338 1.2373e-01     3.9140      7.131     10.343     9.8917 0.0000e+00
      7.268     -0.007     0.0536      0.453    147.069 102.627149     3.6267      7.458  -122.4814 1.2373e-01     3.9009      7.129     10.339     9.8908 0.0000e+00
      7.264     -0.007     0.0488      0.445    146.849 102.474210     3.6167      7.458  -122.7261 1.2369e-01     3.8918      7.123     10.331     9.8899 0.0000e+00
      7.261     -0.007     0.0459      0.428    146.754 102.410318     3.5804      7.459  -123.0555 1.2369e-01     3.8379      7.120     10.327     9.8893 0.0000e+00
      7.260     -0.005     0.0507      0.413    146.684 102.363630     3.5553      7.460  -123.4528 1.2375e-01     3.7956      7.120     10.327     9.8886 0.0000e+00
      7.259     -0.001     0.0523      0.408    146.577 102.291445     3.5622      7.460  -123.7439 1.2378e-01     3.7902      7.119     10.325     9.8884 0.0000e+00
      7.259      0.004     0.0506      0.408    146.497 102.237391     3.6132      7.460  -123.8227 1.2375e-01     3.8418      7.118     10.323     9.8886 0.0000e+00
      7.259      0.008     0.0482      0.418    146.560 102.282679     3.6897      7.460  -123.8885 1.2370e-01     3.9407      7.118     10.324     9.8893 0.0000e+00
      7.262      0.010     0.0463      0.430    146.718 102.393660     3.7216      7.460  -124.0232 1.2366e-01     3.9613      7.121     10.328     9.8904 0.0000e+00
      7.267      0.011     0.0461      0.435    146.867 102.497656     3.7074      7.461  -124.0748 1.2364e-01     3.9203      7.126     10.335     9.8911 0.0000e+00
      7.272      0.011     0.0456      0.426    147.086 102.649356     3.6847      7.462  -124.0829 1.2363e-01     3.8882      7.133     10.345     9.8917 0.0000e+00
      7.277      0.011     0.0472      0.411    147.437 102.891761     3.6721      7.463  -124.2067 1.2368e-01     3.8464      7.137     10.351     9.8923 0.0000e+00
      7.278      0.012     0.0489      0.411    147.796 103.138056     3.6709      7.463  -124.3670 1.2373e-01     3.8249      7.137     10.352     9.8925 0.0000e+00
      7.277      0.016     0.0496      0.415    148.087 103.336786     3.6784      7.462  -124.4722 1.2370e-01     3.8342      7.137     10.351     9.8925 0.0000e+00
      7.276      0.023     0.0492      0.416    148.528 103.640312     3.7637      7.462  -124.6192 1.2369e-01     3.9242      7.134     10.348     9.8921 0.0000e+00
      7.281      0.031     0.0449      0.419    149.334 104.199249     3.9189      7.462  -124.6809 1.2373e-01     4.0594      7.137     10.352     9.8913 0.0000e+00
      7.293      0.040     0.0469      0.413    150.313 104.877313     3.9993      7.461  -124.5300 1.2374e-01     4.1022      7.151     10.371     9.8898 0.0000e+00
      7.309      0.046     0.0472      0.413    151.270 105.539358     3.9949      7.460  -124.3433 1.2374e-01     4.0998      7.169     10.398     9.8881 0.0000e+00
      7.325      0.048     0.0461      0.427    152.260 106.222562     3.9565      7.461  -124.2299 1.2374e-01     4.1669      7.185     10.420     9.8868 0.0000e+00
      7.340      0.045     0.0487      0.435    153.155 106.838068     3.9018      7.462  -124.1922 1.2374e-01     4.2990      7.199     10.441     9.8856 0.0000e+00
      7.352      0.038     0.0459      0.430    153.764 107.254141     3.8825      7.463  -124.4031 1.2375e-01     4.3986      7.211     10.458     9.8842 0.0000e+00
      7.360      0.028     0.0461      0.423    154.126 107.498649     3.8901      7.463  -124.8875 1.2381e-01     4.4493      7.217     10.468     9.8822 0.0000e+00
      7.365      0.019     0.0486      0.426    154.325 107.630674     3.9097      7.464  -125.3170 1.2381e-01     4.5359      7.223     10.476     9.8796 0.0000e+00
      7.368      0.013     0.0501      0.435    154.348 107.641288     3.9452      7.465  -125.6385 1.2376e-01     4.6604      7.227     10.482     9.8767 0.0000e+00
      7.369      0.010     0.0489      0.437    154.240 107.563326     3.9616      7.465  -125.8491 1.2376e-01     4.7253      7.227     10.482     9.8738 0.0000e+00
      7.368      0.010     0.0471      0.426    154.173 107.515348     3.9495      7.465  -125.8842 1.2378e-01     4.7052      7.226     10.480     9.8711 0.0000e+00
      7.368      0.014     0.0481      0.421    154.342 107.633944     3.9074      7.465  -125.9767 1.2373e-01     4.4853      7.226     10.480     9.8689 0.0000e+00
      7.371      0.019     0.0493      0.429    155.112 108.169952     3.8516      7.465  -126.2787 1.2371e-01     4.1163      7.226     10.480     9.8673 0.0000e+00
      7.378      0.023     0.0506      0.430    156.719 109.286693     3.8331      7.465  -126.7823 1.2371e-01     3.9335      7.233     10.491     9.8662 0.0000e+00
      7.388      0.026     0.0477      0.421    158.665 110.635124     3.8415      7.466  -127.3341 1.2367e-01     3.9149      7.245     10.509     9.8658 0.0000e+00
      7.399      0.031     0.0465      0.413    160.184 111.680698     3.8370      7.466  -127.6168 1.2367e-01     3.9246      7.258     10.527     9.8662 0.0000e+00
      7.406      0.039     0.0495      0.407    161.030 112.253815     3.8120      7.466  -127.6183 1.2372e-01     3.9832      7.265     10.538     9.8664 0.0000e+00
      7.408      0.049     0.0492      0.408    161.731 112.727012     3.7886      7.466  -127.7829 1.2377e-01     4.0427      7.264     10.536     9.8654 0.0000e+00
      7.414      0.057     0.0474      0.419    164.256 114.473927     3.7874      7.465  -128.1444 1.2377e-01     4.0628      7.265     10.536     9.8625 0.0000e+00
      7.434      0.063     0.0467      0.423    170.208 118.605799     3.7974      7.464  -128.2893 1.2371e-01     4.0554      7.286     10.566     9.8580 0.0000e+00
