Data/DataNotYetUploadedToEDI/Raw_CTD/RawDownloads/080124_ccr90_S8188009.cnv
* Sea-Bird SBE19plus  Data File:
* FileName = C:\R\Reservoirs\Data\DataNotYetUploadedToEDI\Raw_CTD\RawDownloads\073124_ccr88_S8188_0009.hex
* Software version 2.8.0.119
* Temperature SN = 8188
* Conductivity SN = 8188
* System UpLoad Time = Aug 02 2024 14:07:21
* <ApplicationData>
* <Seaterm232>
# nquan = 16
# nvalues = 580                         
# units = specified
# name 0 = depFM: Depth [fresh water, m]
# name 1 = dz/dtM: Descent Rate [m/s]
# name 2 = sbeox0Mg/L: Oxygen, SBE 43 [mg/l]
# name 3 = sbeox0PS: Oxygen, SBE 43 [% saturation]
# name 4 = specc: Specific Conductance [uS/cm]
# name 5 = c0uS/cm: Conductivity [uS/cm]
# name 6 = wetCDOM: Fluorescence, WET Labs CDOM [mg/m^3]
# name 7 = flECO-AFL: Fluorescence, WET Labs ECO-AFL/FL [mg/m^3]
# name 8 = flECO-AFL1: Fluorescence, WET Labs ECO-AFL/FL, 2 [mg/m^3]
# name 9 = flECO-AFL2: Fluorescence, WET Labs ECO-AFL/FL, 3 [mg/m^3]
# name 10 = par/sat/log: PAR/Logarithmic, Satlantic
# name 11 = turbWETntu0: Turbidity, WET Labs ECO [NTU]
# name 12 = prdM: Pressure, Strain Gauge [db]
# name 13 = prdE: Pressure, Strain Gauge [psi]
# name 14 = tv290C: Temperature [ITS-90, deg C]
# name 15 = flag:  0.000e+00
# span 0 =     -0.470,      4.045       
# span 1 =     -0.518,      0.195       
# span 2 =     4.4070,     9.1188       
# span 3 =     55.763,    117.346       
# span 4 =      3.797,    118.248       
# span 5 =   3.664289, 126.014776       
# span 6 =    -4.5000,   367.2000       
# span 7 =    -0.2579,     3.1869       
# span 8 =    -2.1300,     3.4080       
# span 9 =    -2.0304,     0.4230       
# span 10 = 3.1155e+00, 3.4033e+01      
# span 11 =     0.0983,    93.7129      
# span 12 =     -0.461,      3.967      
# span 13 =     -0.669,      5.753      
# span 14 =    21.8984,    28.4052      
# span 15 = 0.0000e+00, 0.0000e+00      
# interval = seconds: 0.25
# start_time = Aug 01 2024 06:40:09 [Instrument's time stamp, header]
# bad_flag = -9.990e-29
*END*
[from data line 272]
      1.399      0.034     4.5743     57.037    115.752 121.485168    11.7900     0.4593     0.0852     0.2538 7.4563e+00     0.2645      1.372      1.990    27.6049 0.0000e+00
      1.408      0.035     4.5383     57.137    115.842 121.523106    11.7900     0.5509     0.0426     0.2115 7.4127e+00     0.2192      1.380      2.003    27.5652 0.0000e+00
      1.416      0.036     4.5149     57.355    115.926 121.569159    11.7900     0.5585     0.0426     0.2115 7.4369e+00     0.2645      1.389      2.015    27.5315 0.0000e+00
      1.425      0.038     4.5046     57.697    116.013 121.627605    11.7900     0.5509     0.0426     0.2115 7.4127e+00     0.2494      1.398      2.028    27.4996 0.0000e+00
      1.435      0.041     4.5053     58.161    116.107 121.706025    11.7900     0.5280     0.0426     0.2115 7.3678e+00     0.1890      1.407      2.041    27.4700 0.0000e+00
      1.445      0.044     4.5152     58.747    116.200 121.801324    11.7900     0.4669     0.0852     0.1692 7.3183e+00     0.2645      1.417      2.056    27.4458 0.0000e+00
      1.456      0.048     4.5340     59.462    116.267 121.892904    11.7900     0.5089     0.0852     0.1692 7.3215e+00     0.0983      1.429      2.072    27.4274 0.0000e+00
      1.469      0.052     4.5621     60.304    116.289 121.959176    11.7900     0.4860     0.0852     0.1692 7.2945e+00     0.1437      1.441      2.090    27.4134 0.0000e+00
      1.483      0.056     4.5995     61.234    116.272 121.997810    11.7900     0.4708     0.0852     0.1692 7.2424e+00     0.2192      1.455      2.110    27.4046 0.0000e+00
      1.498      0.060     4.6459     62.160    116.218 122.001111    11.7900     0.4593     0.0852     0.1692 7.2282e+00     0.4156      1.470      2.132    27.4036 0.0000e+00
      1.515      0.062     4.7016     62.963    116.136 121.965960    11.7900     0.4975     0.0426     0.2115 7.1953e+00     0.5213      1.486      2.155    27.4128 0.0000e+00
      1.532      0.063     4.7666     63.524    116.061 121.922998    11.7900     0.4517     0.0426     0.2115 7.1067e+00     0.3098      1.502      2.179    27.4316 0.0000e+00
      1.549      0.064     4.8380     63.774    116.022 121.902780    11.7900     0.5051     0.0426     0.2115 7.0544e+00     0.4156      1.519      2.203    27.4559 0.0000e+00
      1.566      0.063     4.9089     63.705    116.032 121.919920    11.7900     0.4784     0.0426     0.2115 7.0406e+00     0.2947      1.535      2.227    27.4813 0.0000e+00
      1.581      0.063     4.9704     63.374    116.088 121.974987    11.8800     0.4822     0.0426     0.1692 7.0452e+00     0.2645      1.551      2.249    27.5033 0.0000e+00
      1.596      0.063     5.0133     62.880    116.156 122.046655    11.8800     0.4593     0.0426     0.1692 6.9858e+00     0.3249      1.566      2.271    27.5189 0.0000e+00
      1.611      0.063     5.0323     62.324    116.207 122.116023    11.8800     0.4784     0.0426     0.1692 7.0177e+00     0.2343      1.580      2.292    27.5278 0.0000e+00
      1.627      0.065     5.0267     61.784    116.230 122.173584    11.8800     0.4860     0.0426     0.1692 6.9570e+00     0.1890      1.596      2.314    27.5304 0.0000e+00
      1.644      0.067     5.0007     61.311    116.224 122.216685    11.7900     0.4517     0.0426     0.1692 6.9479e+00     0.1588      1.612      2.338    27.5289 0.0000e+00
      1.662      0.070     4.9617     60.927    116.186 122.240817    11.7900     0.4593     0.0426     0.1692 6.9524e+00     0.2494      1.630      2.364    27.5292 0.0000e+00
      1.680      0.071     4.9173     60.623    116.102 122.232413    11.7900     0.4708     0.0426     0.1692 6.9449e+00     0.1890      1.648      2.390    27.5358 0.0000e+00
      1.699      0.072     4.8735     60.380    115.985 122.193238    11.7900     0.5394     0.0426     0.1692 6.8863e+00     0.5515      1.666      2.417    27.5501 0.0000e+00
      1.718      0.072     4.8344     60.172    115.868 122.140861    11.7900     0.5089     0.0426     0.1692 6.9193e+00     0.4760      1.685      2.444    27.5713 0.0000e+00
      1.737      0.071     4.8017     59.984    115.774 122.089326    11.7900     0.5203     0.0426     0.2115 6.8728e+00     0.4156      1.703      2.471    27.5993 0.0000e+00
      1.756      0.069     4.7748     59.824    115.725 122.058900    11.7900     0.5509     0.0426     0.2115 6.8699e+00     0.4911      1.721      2.497    27.6336 0.0000e+00
      1.773      0.067     4.7526     59.714    115.741 122.073478    11.7900     0.5242     0.0426     0.2115 6.8415e+00     0.1739      1.738      2.521    27.6698 0.0000e+00
      1.789      0.065     4.7336     59.686    115.816 122.138946    11.7900     0.5432     0.0426     0.2115 6.8282e+00     0.2192      1.754      2.544    27.7004 0.0000e+00
      1.805      0.065     4.7171     59.773    115.902 122.222746    11.7900     0.5356     0.0852     0.1269 6.7912e+00     0.2192      1.770      2.567    27.7209 0.0000e+00
      1.820      0.066     4.7037     59.996    115.930 122.267201    11.7900     0.5242     0.0852     0.1269 6.7368e+00     0.2494      1.785      2.589    27.7300 0.0000e+00
      1.837      0.067     4.6951     60.338    115.899 122.270164    11.7900     0.5165     0.0852     0.1269 6.7986e+00     0.2494      1.801      2.612    27.7291 0.0000e+00
      1.854      0.070     4.6934     60.735    115.853 122.276438    11.7900     0.5509     0.0852     0.1269 6.7251e+00     0.2796      1.818      2.637    27.7230 0.0000e+00
      1.873      0.072     4.7005     61.114    115.791 122.283698    11.7900     0.5470     0.0426     0.1692 6.7441e+00     0.2494      1.836      2.663    27.7201 0.0000e+00
      1.892      0.073     4.7175     61.443    115.702 122.269878    11.7900     0.5242     0.0426     0.1692 6.6568e+00     0.1437      1.855      2.691    27.7263 0.0000e+00
      1.911      0.074     4.7431     61.723    115.623 122.263308    11.7900     0.4898     0.0426     0.1692 6.6582e+00     0.2494      1.874      2.718    27.7418 0.0000e+00
      1.930      0.074     4.7722     61.981    115.590 122.298247    11.7900     0.4784     0.0426     0.1692 6.6655e+00     0.2343      1.893      2.745    27.7658 0.0000e+00
      1.949      0.074     4.7993     62.281    115.584 122.356009    11.7900     0.4517     0.0426     0.2538 6.6236e+00     0.2041      1.911      2.772    27.7973 0.0000e+00
      1.968      0.073     4.8222     62.699    115.562 122.389984    11.7900     0.5089     0.0426     0.2538 6.6611e+00     0.1890      1.929      2.799    27.8319 0.0000e+00
      1.986      0.072     4.8413     63.281    115.502 122.375227    11.7900     0.4860     0.0426     0.2538 6.5992e+00     0.5817      1.947      2.824    27.8650 0.0000e+00
      2.004      0.071     4.8590     63.993    115.418 122.321808    11.7900     0.4784     0.0426     0.2538 6.6063e+00     0.4911      1.965      2.850    27.8953 0.0000e+00
      2.022      0.069     4.8801     64.719    115.332 122.249494    11.7900     0.4822     0.0426     0.2538 6.5477e+00     0.4156      1.983      2.877    27.9230 0.0000e+00
      2.041      0.066     4.9107     65.319    115.263 122.177013    11.7900     0.4860     0.0852     0.2538 6.5193e+00     0.4609      2.001      2.902    27.9478 0.0000e+00
      2.058      0.063     4.9545     65.684    115.238 122.129046    11.7900     0.5356     0.0852     0.2538 6.5038e+00     0.3249      2.018      2.927    27.9688 0.0000e+00
      2.073      0.060     5.0088     65.758    115.279 122.122811    11.7900     0.5432     0.0852     0.2538 6.4995e+00     0.2192      2.033      2.949    27.9842 0.0000e+00
      2.088      0.057     5.0649     65.549    115.383 122.162642    11.7900     0.5280     0.0852     0.2538 6.4981e+00     0.2343      2.048      2.970    27.9925 0.0000e+00
      2.101      0.055     5.1119     65.123    115.517 122.231148    11.7900     0.5356     0.0852     0.0846 6.4587e+00     0.1890      2.061      2.989    27.9928 0.0000e+00
      2.114      0.054     5.1413     64.589    115.632 122.292579    11.7900     0.5356     0.0852     0.0846 6.4868e+00     0.2192      2.073      3.007    27.9832 0.0000e+00
      2.127      0.053     5.1490     64.056    115.700 122.319300    11.7900     0.5623     0.0852     0.0846 6.4699e+00     0.2645      2.086      3.025    27.9617 0.0000e+00
      2.140      0.054     5.1354     63.594    115.718 122.302432    11.7900     0.5509     0.0852     0.0846 6.4028e+00     0.2947      2.099      3.044    27.9312 0.0000e+00
      2.154      0.054     5.1049     63.222    115.709 122.257482    11.7900     0.5280     0.0852     0.1269 6.4461e+00     0.3249      2.113      3.064    27.8997 0.0000e+00
      2.169      0.054     5.0654     62.919    115.706 122.216474    11.7900     0.5623     0.0852     0.1269 6.4028e+00     0.1739      2.127      3.085    27.8737 0.0000e+00
      2.183      0.053     5.0253     62.648    115.713 122.188474    11.7900     0.5394     0.0852     0.1269 6.3778e+00     0.2947      2.141      3.105    27.8541 0.0000e+00
      2.196      0.052     4.9905     62.378    115.710 122.154012    11.7900     0.5356     0.0852     0.1269 6.3667e+00     0.2343      2.154      3.124    27.8384 0.0000e+00
      2.209      0.050     4.9626     62.085    115.690 122.103896    11.7900     0.5051     0.0852     0.1269 6.3364e+00     0.3400      2.167      3.143    27.8231 0.0000e+00
      2.222      0.048     4.9403     61.754    115.674 122.054768    11.7900     0.5242     0.0426     0.1269 6.3667e+00     0.2343      2.179      3.160    27.8069 0.0000e+00
      2.234      0.046     4.9203     61.394    115.691 122.033536    11.7900     0.5432     0.0426     0.1269 6.2774e+00     0.1890      2.191      3.177    27.7916 0.0000e+00
      2.245      0.044     4.9003     61.035    115.752 122.052541    11.7900     0.5470     0.0426     0.1269 6.2856e+00     0.2947      2.202      3.194    27.7781 0.0000e+00
      2.256      0.043     4.8784     60.713    115.851 122.106847    11.7900     0.5394     0.0426     0.1269 6.3158e+00     0.2947      2.213      3.209    27.7652 0.0000e+00
      2.267      0.043     4.8536     60.465    115.965 122.178924    11.7000     0.5509     0.0426     0.2115 6.3103e+00     0.1286      2.223      3.224    27.7513 0.0000e+00
      2.277      0.044     4.8268     60.311    116.066 122.241977    11.7000     0.5432     0.0426     0.2115 6.3034e+00     0.3703      2.233      3.239    27.7347 0.0000e+00
      2.287      0.045     4.8002     60.250    116.134 122.276811    11.7000     0.5432     0.0426     0.2115 6.3034e+00     0.2192      2.243      3.254    27.7149 0.0000e+00
      2.299      0.046     4.7768     60.262    116.165 122.280709    11.7000     0.5318     0.0426     0.2115 6.2815e+00     0.2947      2.255      3.270    27.6935 0.0000e+00
      2.311      0.047     4.7590     60.316    116.173 122.270713    11.7900     0.5432     0.0426     0.2115 6.2164e+00     0.2041      2.267      3.287    27.6727 0.0000e+00
      2.324      0.048     4.7484     60.373    116.178 122.268163    11.7900     0.5509     0.0426     0.2115 6.2788e+00     0.1890      2.279      3.306    27.6541 0.0000e+00
      2.337      0.049     4.7450     60.402    116.167 122.260374    11.7900     0.5165     0.0426     0.2115 6.2475e+00     0.2645      2.292      3.324    27.6381 0.0000e+00
      2.350      0.049     4.7470     60.389    116.122 122.225265    11.7900     0.5547     0.0426     0.2115 6.1532e+00     0.1739      2.304      3.342    27.6258 0.0000e+00
      2.362      0.048     4.7520     60.325    116.066 122.177483    11.7900     0.5165     0.0426     0.1692 6.2258e+00     0.2645      2.316      3.359    27.6178 0.0000e+00
      2.374      0.046     4.7568     60.204    116.023 122.140294    11.7900     0.5356     0.0426     0.1692 6.1545e+00     0.2494      2.328      3.377    27.6145 0.0000e+00
      2.386      0.044     4.7589     60.041    116.000 122.119788    11.7900     0.5394     0.0426     0.1692 6.1639e+00     0.1890      2.340      3.394    27.6162 0.0000e+00
      2.397      0.043     4.7574     59.863    115.998 122.118496    11.7900     0.5432     0.0426     0.1692 6.2204e+00     0.2645      2.351      3.410    27.6212 0.0000e+00
      2.408      0.042     4.7519     59.686    116.015 122.136075    11.7900     0.5585     0.0426     0.1692 6.1438e+00     0.2041      2.361      3.425    27.6263 0.0000e+00
      2.418      0.041     4.7421     59.517    116.042 122.165208    11.7900     0.5280     0.0426     0.1692 6.1921e+00     0.1890      2.371      3.439    27.6297 0.0000e+00
      2.427      0.040     4.7291     59.359    116.067 122.193661    11.7900     0.5661     0.0426     0.1692 6.1706e+00     0.2494      2.381      3.453    27.6314 0.0000e+00
      2.437      0.041     4.7151     59.215    116.083 122.213015    11.7900     0.5509     0.0426     0.1692 6.1813e+00     0.3552      2.391      3.467    27.6317 0.0000e+00
      2.448      0.042     4.7011     59.083    116.093 122.224432    11.7900     0.5509     0.0426     0.1692 6.1438e+00     0.1588      2.401      3.482    27.6316 0.0000e+00
      2.459      0.043     4.6877     58.961    116.101 122.230957    11.7900     0.5280     0.0426     0.2538 6.1438e+00     0.3249      2.411      3.497    27.6319 0.0000e+00
      2.470      0.043     4.6752     58.848    116.111 122.238329    11.7900     0.5165     0.0426     0.2538 6.1585e+00     0.1890      2.422      3.513    27.6328 0.0000e+00
      2.481      0.044     4.6638     58.748    116.131 122.256517    11.7900     0.5280     0.0426     0.2538 6.1372e+00     0.2192      2.433      3.529    27.6339 0.0000e+00
      2.493      0.044     4.6534     58.675    116.157 122.282368    11.7900     0.5242     0.0426     0.2538 6.1199e+00     0.2947      2.445      3.546    27.6342 0.0000e+00
      2.504      0.045     4.6438     58.653    116.174 122.302771    11.7900     0.4784     0.0426     0.1692 6.1372e+00     0.3854      2.456      3.562    27.6334 0.0000e+00
      2.516      0.045     4.6350     58.712    116.193 122.327167    11.7900     0.4822     0.0426     0.1692 6.1398e+00     0.4609      2.467      3.578    27.6319 0.0000e+00
      2.527      0.044     4.6272     58.899    116.241 122.386067    11.7900     0.4402     0.0426     0.1692 6.1212e+00     0.4307      2.478      3.594    27.6306 0.0000e+00
      2.538      0.044     4.6214     59.300    116.346 122.515184    11.7900     0.4669     0.0426     0.1692 6.0933e+00     0.5213      2.489      3.610    27.6300 0.0000e+00
      2.550      0.044     4.6196     60.051    116.545 122.762951    11.7900     0.4593     0.0426     0.1692 6.0748e+00     0.2192      2.500      3.626    27.6308 0.0000e+00
      2.561      0.044     4.6239     61.352    116.875 123.189435    11.7900     0.4593     0.0426     0.1692 6.0999e+00     0.3400      2.511      3.642    27.6328 0.0000e+00
      2.572      0.045     4.6381     63.530    117.343 123.824344    11.7900     0.4669     0.0426     0.1692 6.0118e+00     0.2494      2.522      3.658    27.6363 0.0000e+00
      2.583      0.047     4.6687     67.106    117.805 124.540894    11.7900     0.5051     0.0426     0.1692 6.0485e+00     0.2645      2.532      3.673    27.6438 0.0000e+00
      2.594      0.050     4.7258     72.664    118.067 125.112032    11.7900     0.4784     0.0426     0.1692 6.0144e+00     0.1890      2.544      3.690    27.6603 0.0000e+00
      2.607      0.052     4.8243     80.281    118.124 125.464004    11.7900     0.4898     0.0852     0.2115 5.9987e+00     0.1286      2.557      3.708    27.6933 0.0000e+00
      2.621      0.055     4.9890     89.145    118.100 125.674683    11.7900     0.4822     0.0852     0.2115 5.9766e+00     0.2192      2.570      3.728    27.7537 0.0000e+00
