Data/DataNotYetUploadedToEDI/Raw_CTD/RawDownloads/080122_bvr50_S7809001.cnv
* Sea-Bird SBE19plus  Data File:
* FileName = C:\R\Reservoirs\Data\DataNotYetUploadedToEDI\Raw_CTD\RawDownloads\080122_bvr50_S7809_0001.hex
* Software version 2.8.0.119
* Temperature SN = 7809
* Conductivity SN = 7809
* System UpLoad Time = Aug 02 2022 14:55:29
* <ApplicationData>
* <Seaterm232>
# nquan = 15
# nvalues = 2312                        
# units = specified
# name 0 = depFM: Depth [fresh water, m]
# name 1 = dz/dtM: Descent Rate [m/s]
# name 2 = sbeox0Mg/L: Oxygen, SBE 43 [mg/l]
# name 3 = sbeox0PS: Oxygen, SBE 43 [% saturation]
# name 4 = specc: Specific Conductance [uS/cm]
# name 5 = c0uS/cm: Conductivity [uS/cm]
# name 6 = flECO-AFL: Fluorescence, WET Labs ECO-AFL/FL [mg/m^3]
# name 7 = ph: pH
# name 8 = orp: Oxidation Reduction Potential [mV]
# name 9 = par/sat/log: PAR/Logarithmic, Satlantic
# name 10 = turbWETntu0: Turbidity, WET Labs ECO [NTU]
# name 11 = prdM: Pressure, Strain Gauge [db]
# name 12 = prdE: Pressure, Strain Gauge [psi]
# name 13 = tv290C: Temperature [ITS-90, deg C]
# name 14 = flag:  0.000e+00
# span 0 =     -0.732,      7.728       
# span 1 =     -0.279,      5.080       
# span 2 =     0.0315,     7.2487       
# span 3 =      0.312,     88.984       
# span 4 =      0.087,    258.314       
# span 5 =   0.086070, 179.706699       
# span 6 =    -0.3262,    62.1132       
# span 7 =     -2.347,      8.464       
# span 8 = -1240.7455,   425.9761       
# span 9 = 1.2353e-01, 1.0861e+03       
# span 10 =    -0.7261,    26.2969      
# span 11 =     -0.719,      7.579      
# span 12 =     -1.042,     10.993      
# span 13 =     9.7781,    25.9460      
# span 14 = 0.0000e+00, 0.0000e+00      
# interval = seconds: 0.25
# start_time = Aug 01 2022 07:41:09 [Instrument's time stamp, header]
# bad_flag = -9.990e-29
*END*
[from data line 1928]
      4.499      0.007     0.0369      0.363    107.019  76.715328     3.1593      7.564  -149.6896 1.4320e-01     4.3446      4.411      6.396    10.7801 0.0000e+00
      4.501      0.007     0.0401      0.349    108.053  77.472271     3.1718      7.564  -149.2311 1.5088e-01     4.3421      4.414      6.402    10.8046 0.0000e+00
      4.506      0.007     0.0421      0.339    110.525  79.232618     3.1838      7.564  -148.9878 1.5666e-01     4.2889      4.419      6.409    10.8234 0.0000e+00
      4.511      0.006     0.0395      0.347    112.609  80.650979     3.1965      7.565  -148.9855 1.6383e-01     4.2143      4.424      6.417    10.8340 0.0000e+00
      4.514      0.003     0.0414      0.354    113.563  81.212305     3.2001      7.566  -149.1170 1.7653e-01     4.1921      4.427      6.422    10.8369 0.0000e+00
      4.513     -0.001     0.0386      0.357    114.048  81.443516     3.1779      7.566  -149.2010 1.8099e-01     4.1907      4.427      6.420    10.8495 0.0000e+00
      4.509     -0.008     0.0358      0.355    114.390  81.603251     3.1438      7.566  -149.2266 1.6827e-01     4.2322      4.421      6.413    10.8547 0.0000e+00
      4.506     -0.027     0.0395      0.357    114.494  81.618185     3.1127      7.566  -149.4269 1.5235e-01     4.3520      4.417      6.407    10.8165 0.0000e+00
      4.506     -0.059     0.0388      0.377    114.199  81.369791     3.1016      7.566  -149.6442 1.4630e-01     4.4433      4.418      6.408    10.7510 0.0000e+00
      4.504     -0.095     0.0404      0.397    113.097  80.570170     3.1090      7.567  -149.6164 1.5032e-01     4.4479      4.421      6.413    10.6973 0.0000e+00
      4.487     -0.125     0.0395      0.402    111.401  79.385885     3.1277      7.568  -149.5216 1.7200e-01     4.3741      4.414      6.401    10.6629 0.0000e+00
      4.436     -0.140     0.0384      0.391    110.051  78.490193     3.1613      7.568  -149.5295 2.1722e-01     4.2680      4.364      6.328    10.6375 0.0000e+00
      4.361     -0.138     0.0423      0.380    109.334  78.065598     3.1818      7.568  -149.4536 2.6716e-01     4.1897      4.269      6.192    10.6209 0.0000e+00
      4.300     -0.120     0.0446      0.371    108.862  77.810912     3.1768      7.567  -149.2071 2.8836e-01     4.1784      4.200      6.091    10.6112 0.0000e+00
      4.277     -0.087     0.0460      0.361    108.251  77.444359     3.1671      7.566  -148.9576 2.7217e-01     4.2339      4.187      6.072    10.6200 0.0000e+00
      4.277     -0.046     0.0430      0.355    107.540  77.001593     3.1803      7.565  -148.8463 2.4270e-01     4.2805      4.193      6.081    10.6554 0.0000e+00
      4.286     -0.007     0.0419      0.351    107.046  76.714974     3.2200      7.565  -148.8945 2.2665e-01     4.3312      4.204      6.098    10.6990 0.0000e+00
      4.295      0.019     0.0416      0.356    106.781  76.584209     3.2473      7.565  -148.8518 2.1962e-01     4.4037      4.215      6.113    10.7385 0.0000e+00
      4.300      0.031     0.0395      0.370    106.425  76.373723     3.2449      7.565  -148.6745 2.0726e-01     4.4056      4.217      6.116    10.7688 0.0000e+00
      4.305      0.035     0.0395      0.370    105.865  76.012747     3.2240      7.565  -148.5573 2.0704e-01     4.3543      4.221      6.123    10.7980 0.0000e+00
      4.313      0.034     0.0383      0.344    105.120  75.523819     3.1946      7.565  -148.5525 2.1540e-01     4.3298      4.228      6.132    10.8316 0.0000e+00
      4.326      0.023     0.0388      0.341    104.279  74.973453     3.1725      7.565  -148.7029 2.1039e-01     4.3483      4.240      6.150    10.8608 0.0000e+00
      4.342     -0.003     0.0411      0.363    103.723  74.631995     3.1570      7.564  -148.9133 2.0207e-01     4.3724      4.262      6.180    10.8798 0.0000e+00
      4.352     -0.046     0.0434      0.360    103.299  74.381599     3.1404      7.563  -149.0308 1.9865e-01     4.3135      4.274      6.198    10.8966 0.0000e+00
      4.346     -0.101     0.0361      0.343    102.584  73.915578     3.1293      7.563  -149.0913 2.0914e-01     4.2180      4.272      6.196    10.9190 0.0000e+00
      4.316     -0.151     0.0354      0.341    101.852  73.444787     3.1301      7.563  -149.0435 2.4765e-01     4.2077      4.243      6.154    10.9443 0.0000e+00
      4.256     -0.181     0.0426      0.346    101.328  73.136677     3.1430      7.564  -148.7965 3.1014e-01     4.2235      4.183      6.066    10.9746 0.0000e+00
      4.174     -0.187     0.0399      0.340    100.585  72.668069     3.2761      7.564  -148.6004 3.9940e-01     4.3411      4.094      5.938    11.0034 0.0000e+00
      4.094     -0.168     0.0372      0.334     99.087  71.654260     3.5415      7.564  -148.5654 4.8104e-01     4.6727      3.999      5.800    11.0218 0.0000e+00
      4.048     -0.132     0.0366      0.325     96.888  70.153786     3.6963      7.564  -148.5444 5.0470e-01     4.9201      3.957      5.739    11.0485 0.0000e+00
      4.038     -0.087     0.0395      0.312     94.782  68.755315     3.7084      7.563  -148.5195 4.9893e-01     4.9404      3.957      5.741    11.0881 0.0000e+00
      4.043     -0.044     0.0368      0.324     93.387  67.894261     3.6628      7.563  -148.6079 5.0101e-01     4.8843      3.964      5.751    11.1209 0.0000e+00
      4.048     -0.017     0.0365      0.345     92.552  67.428536     3.5691      7.563  -148.9249 5.1534e-01     4.8227      3.973      5.761    11.1514 0.0000e+00
      4.048     -0.014     0.0371      0.356     92.064  67.189311     3.5159      7.561  -149.2549 5.2825e-01     4.8109      3.971      5.760    11.1930 0.0000e+00
      4.044     -0.035     0.0317      0.349     91.996  67.224892     3.5114      7.560  -149.3289 5.2416e-01     4.8440      3.965      5.751    11.2627 0.0000e+00
      4.040     -0.070     0.0356      0.332     92.099  67.350739     3.4641      7.560  -149.3025 5.2176e-01     4.7786      3.963      5.748    11.3517 0.0000e+00
      4.031     -0.106     0.0380      0.336     92.272  67.504242     3.3687      7.560  -149.3665 5.5202e-01     4.6009      3.961      5.744    11.4295 0.0000e+00
      4.003     -0.132     0.0394      0.341     92.847  67.937660     3.3150      7.561  -149.5863 6.3717e-01     4.4710      3.937      5.709    11.4934 0.0000e+00
      3.948     -0.142     0.0396      0.341     92.614  67.764063     3.3143      7.564  -150.1537 7.6761e-01     4.4036      3.878      5.626    11.5411 0.0000e+00
      3.879     -0.135     0.0336      0.351     90.591  66.294238     3.3764      7.565  -150.8925 8.9658e-01     4.4698      3.799      5.511    11.5667 0.0000e+00
      3.826     -0.113     0.0373      0.352     88.336  64.710113     3.5002      7.564  -151.2910 9.6801e-01     4.6904      3.735      5.418    11.5766 0.0000e+00
      3.806     -0.080     0.0379      0.353     86.843  63.725632     3.5796      7.563  -151.2730 9.7229e-01     4.8508      3.725      5.402    11.5878 0.0000e+00
      3.811     -0.043     0.0355      0.354     85.481  62.837030     3.5958      7.563  -151.1050 9.6845e-01     4.9053      3.739      5.422    11.5821 0.0000e+00
      3.819     -0.012     0.0396      0.342     83.119  61.205170     3.5791      7.563  -150.7224 9.9022e-01     4.9063      3.747      5.436    11.5704 0.0000e+00
      3.824      0.005     0.0379      0.337     79.329  58.535122     3.5106      7.565  -149.7444 1.0161e+00     4.8627      3.752      5.442    11.6151 0.0000e+00
      3.824      0.008     0.0377      0.342     75.525  55.885477     3.4260      7.565  -148.4862 1.0311e+00     4.8222      3.750      5.438    11.6905 0.0000e+00
      3.824      0.004     0.0398      0.327     73.063  54.244057     3.4050      7.565  -147.7264 1.0353e+00     4.8260      3.749      5.437    11.7542 0.0000e+00
      3.824     -0.005     0.0365      0.315     71.887  53.542371     3.4225      7.564  -147.6993 1.0359e+00     4.8753      3.750      5.438    11.8120 0.0000e+00
      3.824     -0.023     0.0348      0.330     71.811  53.621774     3.3965      7.563  -148.2452 1.0352e+00     4.8031      3.750      5.438    11.8834 0.0000e+00
      3.825     -0.055     0.0390      0.342     72.283  54.061801     3.3405      7.562  -148.9060 1.0382e+00     4.5673      3.751      5.440    11.9908 0.0000e+00
      3.822     -0.096     0.0352      0.344     72.873  54.546858     3.3033      7.562  -149.2359 1.0967e+00     4.4162      3.755      5.445    12.1230 0.0000e+00
      3.802     -0.135     0.0315      0.353     74.453  55.741786     3.2959      7.564  -149.1362 1.2842e+00     4.4102      3.741      5.426    12.2469 0.0000e+00
      3.753     -0.158     0.0362      0.374     76.703  57.401275     3.3591      7.566  -148.6473 1.6349e+00     4.5294      3.691      5.353    12.3447 0.0000e+00
      3.678     -0.162     0.0370      0.380     77.903  58.234205     3.4768      7.565  -148.1432 2.1257e+00     4.7647      3.609      5.234    12.4052 0.0000e+00
      3.604     -0.147     0.0363      0.363     78.378  58.512425     3.5452      7.565  -147.9455 2.5529e+00     4.8973      3.521      5.107    12.4280 0.0000e+00
      3.561     -0.117     0.0368      0.361     79.269  59.114471     3.5541      7.564  -147.9771 2.6839e+00     4.8690      3.477      5.044    12.4394 0.0000e+00
      3.554     -0.083     0.0403      0.361     79.923  59.545751     3.5672      7.563  -148.0960 2.6065e+00     4.8325      3.482      5.050    12.4289 0.0000e+00
      3.564     -0.059     0.0428      0.344     80.493  59.917793     3.6042      7.562  -148.0920 2.5289e+00     4.8319      3.497      5.071    12.3747 0.0000e+00
      3.570     -0.059     0.0370      0.346     81.512  60.628644     3.6345      7.562  -148.0153 2.5460e+00     4.8624      3.506      5.085    12.3177 0.0000e+00
      3.563     -0.087     0.0384      0.361     81.523  60.585198     3.6506      7.562  -148.1144 2.7218e+00     4.8938      3.500      5.078    12.2857 0.0000e+00
      3.538     -0.135     0.0410      0.376     80.993  60.154312     3.6822      7.562  -148.3440 3.1046e+00     4.9032      3.476      5.043    12.2480 0.0000e+00
      3.495     -0.183     0.0346      0.396     82.068  60.942446     3.7267      7.564  -148.6395 3.7009e+00     4.9082      3.434      4.980    12.2126 0.0000e+00
      3.436     -0.212     0.0372      0.396     83.253  61.796913     3.7468      7.566  -149.3647 4.7329e+00     4.8857      3.376      4.896    12.1925 0.0000e+00
      3.359     -0.214     0.0391      0.375     82.450  61.152163     3.7756      7.568  -150.0581 6.4257e+00     4.8700      3.299      4.785    12.1524 0.0000e+00
      3.275     -0.192     0.0396      0.375     81.100  60.131081     4.1415      7.568  -149.9678 8.1162e+00     5.1285      3.203      4.645    12.1200 0.0000e+00
      3.214     -0.158     0.0434      0.397     80.705  59.863881     4.8072      7.566  -149.8218 8.8195e+00     5.6199      3.135      4.547    12.1333 0.0000e+00
      3.189     -0.127     0.0444      0.393     80.605  59.826244     5.1581      7.563  -150.0135 8.6257e+00     5.8586      3.121      4.526    12.1225 0.0000e+00
      3.189     -0.112     0.0387      0.371     80.019  59.422085     5.1804      7.562  -149.9620 8.2520e+00     5.8281      3.127      4.534    12.0695 0.0000e+00
      3.193     -0.114     0.0386      0.363     79.795  59.294424     5.2519      7.563  -149.6298 8.2566e+00     5.7976      3.137      4.550    12.0557 0.0000e+00
      3.181     -0.126     0.0451      0.371     81.120  60.314338     6.1717      7.564  -149.4376 9.2419e+00     6.0367      3.135      4.546    12.0858 0.0000e+00
      3.131     -0.137     0.0429      0.376     83.372  61.976292     7.8782      7.565  -149.1006 1.1233e+01     6.5331      3.084      4.473    12.1111 0.0000e+00
      3.055     -0.137     0.0392      0.377     84.946  63.071295     8.8233      7.566  -148.3094 1.3092e+01     6.8124      2.990      4.336    12.1235 0.0000e+00
      2.992     -0.123     0.0377      0.369     85.086  63.077036     8.9674      7.566  -147.7013 1.3847e+01     6.8519      2.916      4.229    12.1498 0.0000e+00
      2.967     -0.095     0.0406      0.351     84.131  62.299600     9.5207      7.566  -147.6840 1.3721e+01     7.1123      2.900      4.207    12.1852 0.0000e+00
      2.969     -0.056     0.0403      0.359     82.959  61.417974    10.5199      7.565  -147.9290 1.3356e+01     7.6386      2.910      4.222    12.1818 0.0000e+00
      2.976     -0.023     0.0405      0.380     82.254  60.925779    11.0613      7.564  -148.4260 1.3095e+01     7.9551      2.921      4.237    12.1278 0.0000e+00
      2.979     -0.014     0.0412      0.376     82.102  60.856614    11.0304      7.562  -148.9609 1.2949e+01     7.9670      2.922      4.239    12.0558 0.0000e+00
      2.979     -0.038     0.0358      0.364     82.114  60.899210    10.2384      7.561  -148.8896 1.2793e+01     7.6105      2.920      4.235    12.0080 0.0000e+00
      2.979     -0.083     0.0374      0.352     81.789  60.678944     8.7919      7.561  -148.6831 1.2718e+01     6.9249      2.923      4.240    12.0042 0.0000e+00
      2.970     -0.129     0.0434      0.341     80.890  60.034675     8.0156      7.563  -148.9590 1.3481e+01     6.5425      2.922      4.238    12.0298 0.0000e+00
      2.931     -0.159     0.0398      0.341     79.106  58.760050     8.1594      7.565  -149.4710 1.5944e+01     6.5739      2.892      4.194    12.0616 0.0000e+00
      2.854     -0.169     0.0393      0.336     76.776  57.139480    10.6049      7.565  -149.6256 1.9458e+01     7.3045      2.803      4.066    12.0836 0.0000e+00
      2.769     -0.159     0.0383      0.341     74.913  55.930505    15.1035      7.566  -149.2803 2.1934e+01     8.6128      2.699      3.915    12.0912 0.0000e+00
      2.717     -0.131     0.0354      0.369     73.648  55.188111    17.5577      7.567  -148.9105 2.2500e+01     9.3103      2.649      3.842    12.1026 0.0000e+00
      2.703     -0.088     0.0377      0.378     73.174  55.018816    17.7814      7.566  -148.6819 2.2161e+01     9.3843      2.644      3.835    12.1232 0.0000e+00
      2.708     -0.042     0.0358      0.354     74.023  55.788004    17.8076      7.566  -148.5809 2.1752e+01     9.4380      2.657      3.852    12.1892 0.0000e+00
      2.716     -0.012     0.0344      0.335     75.494  56.934803    17.8327      7.565  -148.6354 2.1551e+01     9.5496      2.667      3.867    12.3255 0.0000e+00
      2.719     -0.013     0.0407      0.355     75.739  57.077872    17.8609      7.564  -148.9106 2.1497e+01     9.6414      2.667      3.868    12.4695 0.0000e+00
      2.722     -0.048     0.0422      0.416     74.361  55.994196    17.8647      7.564  -149.2409 2.1380e+01     9.6604      2.669      3.871    12.6033 0.0000e+00
      2.722     -0.102     0.0369      0.473     73.350  55.258126    17.7792      7.565  -149.5311 2.1595e+01     9.6089      2.675      3.879    12.7036 0.0000e+00
      2.706     -0.152     0.0343      0.505     73.209  55.224212    16.9027      7.566  -150.0966 2.3279e+01     9.3257      2.667      3.868    12.7288 0.0000e+00
      2.654     -0.183     0.0350      0.540     72.583  54.822552    15.3065      7.568  -150.3136 2.7260e+01     8.8997      2.620      3.800    12.6799 0.0000e+00
      2.564     -0.189     0.0451      0.594     71.324  53.956243    14.4350      7.570  -149.6605 3.2330e+01     8.6944      2.518      3.651    12.6201 0.0000e+00
      2.471     -0.173     0.0517      0.638     70.233  53.254997    14.3979      7.572  -148.9965 3.5605e+01     8.6879      2.403      3.485    12.6512 0.0000e+00
      2.419     -0.137     0.0534      0.651     69.808  53.071770    14.8240      7.572  -148.7383 3.6094e+01     8.5810      2.356      3.416    12.7223 0.0000e+00
      2.410     -0.087     0.0557      0.654     69.501  52.946950    15.5917      7.570  -148.5175 3.5284e+01     8.3246      2.359      3.420    12.7588 0.0000e+00
