Data/DataNotYetUploadedToEDI/Raw_CTD/RawDownloads/080122_fcr50_S7809002.cnv
* Sea-Bird SBE19plus  Data File:
* FileName = C:\R\Reservoirs\Data\DataNotYetUploadedToEDI\Raw_CTD\RawDownloads\080122_bvr50_S7809_0002.hex
* Software version 2.8.0.119
* Temperature SN = 7809
* Conductivity SN = 7809
* System UpLoad Time = Aug 02 2022 14:57:05
* <ApplicationData>
* <Seaterm232>
# nquan = 15
# nvalues = 3852                        
# units = specified
# name 0 = depFM: Depth [fresh water, m]
# name 1 = dz/dtM: Descent Rate [m/s]
# name 2 = sbeox0Mg/L: Oxygen, SBE 43 [mg/l]
# name 3 = sbeox0PS: Oxygen, SBE 43 [% saturation]
# name 4 = specc: Specific Conductance [uS/cm]
# name 5 = c0uS/cm: Conductivity [uS/cm]
# name 6 = flECO-AFL: Fluorescence, WET Labs ECO-AFL/FL [mg/m^3]
# name 7 = ph: pH
# name 8 = orp: Oxidation Reduction Potential [mV]
# name 9 = par/sat/log: PAR/Logarithmic, Satlantic
# name 10 = turbWETntu0: Turbidity, WET Labs ECO [NTU]
# name 11 = prdM: Pressure, Strain Gauge [db]
# name 12 = prdE: Pressure, Strain Gauge [psi]
# name 13 = tv290C: Temperature [ITS-90, deg C]
# name 14 = flag:  0.000e+00
# span 0 =     -0.651,      9.596       
# span 1 =     -0.219,      0.208       
# span 2 =     0.0168,     7.0548       
# span 3 =      0.178,     86.868       
# span 4 =      0.205,    483.359       
# span 5 =   0.197464, 368.110788       
# span 6 =    -0.6873,    51.9449       
# span 7 =      6.166,      7.657       
# span 8 = -1240.7455,   193.3591       
# span 9 = 1.2360e-01, 2.7721e+03       
# span 10 =    -1.0301,    44.7495      
# span 11 =     -0.639,      9.410      
# span 12 =     -0.927,     13.648      
# span 13 =    11.1239,    26.1859      
# span 14 = 0.0000e+00, 0.0000e+00      
# interval = seconds: 0.25
# start_time = Aug 01 2022 09:03:57 [Instrument's time stamp, header]
# bad_flag = -9.990e-29
*END*
[from data line 2507]
      9.595      0.001     0.0232      0.231    457.616 335.173198     1.2344      7.146    23.0662 1.2382e-01    12.6979      9.410     13.648    11.6235 0.0000e+00
      9.596      0.000     0.0243      0.224    457.648 335.186090     1.2520      7.158    22.8801 1.2376e-01    12.8792      9.410     13.648    11.6223 0.0000e+00
      9.596      0.000     0.0256      0.219    457.681 335.199069     1.3115      7.169    22.3305 1.2376e-01    13.2836      9.410     13.648    11.6212 0.0000e+00
      9.596     -0.001     0.0247      0.218    457.700 335.201409     1.3464      7.180    21.4971 1.2375e-01    13.5218      9.410     13.648    11.6200 0.0000e+00
      9.596     -0.002     0.0259      0.218    457.732 335.214377     1.3496      7.191    20.3755 1.2378e-01    13.6070      9.410     13.648    11.6189 0.0000e+00
      9.595     -0.004     0.0240      0.223    457.764 335.227153     1.3666      7.202    18.8360 1.2385e-01    13.8017      9.409     13.647    11.6177 0.0000e+00
      9.594     -0.006     0.0235      0.238    457.778 335.227174     1.3845      7.213    17.3380 1.2384e-01    14.0313      9.408     13.646    11.6165 0.0000e+00
      9.592     -0.008     0.0241      0.242    457.775 335.214624     1.3830      7.226    16.5457 1.2379e-01    14.0953      9.407     13.643    11.6152 0.0000e+00
      9.590     -0.010     0.0232      0.232    457.775 335.204105     1.3576      7.239    16.4832 1.2378e-01    13.9607      9.405     13.640    11.6141 0.0000e+00
      9.587     -0.012     0.0235      0.232    457.823 335.228677     1.2266      7.251    17.0136 1.2379e-01    12.9842      9.402     13.636    11.6129 0.0000e+00
      9.583     -0.014     0.0263      0.238    457.871 335.254302     1.0068      7.260    17.8820 1.2381e-01    11.2725      9.398     13.631    11.6118 0.0000e+00
      9.579     -0.014     0.0276      0.232    457.887 335.256527     0.8967      7.268    18.8090 1.2377e-01    10.3785      9.394     13.625    11.6107 0.0000e+00
      9.575     -0.014     0.0242      0.227    457.900 335.255571     0.8937      7.275    19.8754 1.2372e-01    10.3041      9.390     13.618    11.6096 0.0000e+00
      9.571     -0.013     0.0247      0.224    457.897 335.242732     0.8715      7.281    20.8812 1.2372e-01    10.2029      9.386     13.613    11.6084 0.0000e+00
      9.568     -0.012     0.0272      0.218    457.893 335.229979     0.8277      7.288    21.5919 1.2377e-01    10.0436      9.383     13.609    11.6073 0.0000e+00
      9.566     -0.010     0.0248      0.223    457.907 335.230076     0.8053      7.293    22.2738 1.2382e-01     9.9483      9.381     13.606    11.6063 0.0000e+00
      9.563     -0.010     0.0242      0.230    457.939 335.243896     0.8083      7.299    22.8455 1.2386e-01     9.9733      9.378     13.601    11.6052 0.0000e+00
      9.560     -0.011     0.0251      0.221    457.985 335.268351     0.8568      7.306    22.8254 1.2389e-01    10.4146      9.375     13.596    11.6039 0.0000e+00
      9.559     -0.015     0.0227      0.221    457.997 335.268350     0.9502      7.312    22.3754 1.2387e-01    11.2187      9.374     13.595    11.6029 0.0000e+00
      9.558     -0.021     0.0240      0.236    457.977 335.243877     1.0049      7.316    22.0499 1.2387e-01    11.6675      9.374     13.596    11.6020 0.0000e+00
      9.553     -0.028     0.0265      0.237    457.971 335.229848     1.0187      7.319    21.9013 1.2381e-01    11.7423      9.371     13.591    11.6007 0.0000e+00
      9.545     -0.034     0.0236      0.232    457.980 335.227422     1.0345      7.324    21.8690 1.2368e-01    11.9185      9.361     13.578    11.5997 0.0000e+00
      9.533     -0.039     0.0222      0.236    457.975 335.214543     1.0537      7.328    22.0035 1.2364e-01    12.1575      9.349     13.560    11.5987 0.0000e+00
      9.518     -0.044     0.0273      0.246    457.971 335.202825     1.0686      7.331    21.8072 1.2368e-01    12.2074      9.334     13.538    11.5977 0.0000e+00
      9.505     -0.052     0.0259      0.259    457.998 335.214429     1.0644      7.336    21.2158 1.2369e-01    12.1462      9.320     13.517    11.5966 0.0000e+00
      9.495     -0.064     0.0245      0.259    458.027 335.226147     1.0105      7.339    20.9627 1.2368e-01    12.0321      9.312     13.504    11.5956 0.0000e+00
      9.486     -0.077     0.0259      0.248    458.025 335.215810     0.9251      7.343    20.8119 1.2368e-01    11.8188      9.306     13.497    11.5947 0.0000e+00
      9.470     -0.085     0.0257      0.235    458.040 335.218140     0.8811      7.348    20.4247 1.2373e-01    11.6849      9.294     13.480    11.5937 0.0000e+00
      9.439     -0.087     0.0295      0.237    458.100 335.254314     0.8772      7.354    20.2387 1.2378e-01    11.6764      9.261     13.432    11.5929 0.0000e+00
      9.399     -0.084     0.0282      0.249    458.129 335.267079     0.8455      7.362    20.4552 1.2380e-01    11.2729      9.213     13.362    11.5919 0.0000e+00
      9.368     -0.078     0.0274      0.231    458.109 335.243767     0.7729      7.370    20.8058 1.2378e-01    10.3930      9.179     13.313    11.5908 0.0000e+00
      9.355     -0.071     0.0249      0.207    458.101 335.229843     0.7310      7.379    21.1227 1.2378e-01     9.8840      9.171     13.301    11.5899 0.0000e+00
      9.353     -0.065     0.0244      0.215    458.109 335.227426     0.7308      7.387    21.6187 1.2382e-01     9.8666      9.174     13.306    11.5890 0.0000e+00
      9.350     -0.063     0.0294      0.220    458.103 335.214548     0.7450      7.392    22.1568 1.2381e-01     9.9101      9.172     13.305    11.5880 0.0000e+00
      9.335     -0.064     0.0256      0.209    458.099 335.202839     0.7783      7.398    22.6392 1.2381e-01     9.8975      9.158     13.284    11.5872 0.0000e+00
      9.308     -0.069     0.0196      0.209    458.126 335.214549     0.8004      7.406    23.1488 1.2384e-01     9.8166      9.130     13.241    11.5863 0.0000e+00
      9.277     -0.076     0.0242      0.209    458.155 335.227418     0.8048      7.414    23.5872 1.2384e-01     9.7856      9.094     13.189    11.5854 0.0000e+00
      9.255     -0.083     0.0258      0.214    458.169 335.229738     0.8062      7.420    23.8957 1.2378e-01     9.8986      9.071     13.156    11.5844 0.0000e+00
      9.245     -0.088     0.0208      0.233    458.197 335.242607     0.8000      7.425    24.0387 1.2375e-01    10.0556      9.066     13.151    11.5834 0.0000e+00
      9.234     -0.090     0.0232      0.238    458.223 335.254307     0.7884      7.432    24.1125 1.2379e-01    10.0791      9.061     13.144    11.5826 0.0000e+00
      9.208     -0.091     0.0230      0.246    458.217 335.242493     0.7735      7.440    24.0999 1.2384e-01    10.0110      9.034     13.104    11.5817 0.0000e+00
      9.171     -0.095     0.0211      0.260    458.208 335.228463     0.7617      7.446    24.0583 1.2384e-01    10.0177      8.990     13.040    11.5809 0.0000e+00
      9.139     -0.098     0.0275      0.257    458.198 335.213379     0.7540      7.451    24.5560 1.2379e-01    10.1267      8.957     12.991    11.5800 0.0000e+00
      9.119     -0.097     0.0252      0.250    458.174 335.188810     0.7548      7.456    25.3852 1.2377e-01    10.2356      8.942     12.969    11.5793 0.0000e+00
      9.101     -0.087     0.0257      0.248    458.184 335.188801     0.7717      7.461    25.5667 1.2378e-01    10.2757      8.928     12.948    11.5784 0.0000e+00
      9.077     -0.074     0.0301      0.251    458.228 335.213265     0.7840      7.466    25.3733 1.2382e-01    10.1674      8.903     12.913    11.5775 0.0000e+00
      9.052     -0.068     0.0275      0.254    458.257 335.227199     0.7787      7.470    25.4558 1.2378e-01     9.9509      8.874     12.870    11.5767 0.0000e+00
      9.037     -0.071     0.0272      0.248    458.268 335.228570     0.7662      7.473    25.7041 1.2375e-01     9.8440      8.858     12.847    11.5759 0.0000e+00
      9.031     -0.077     0.0264      0.230    458.280 335.229845     0.7578      7.475    26.1381 1.2381e-01     9.8663      8.857     12.847    11.5752 0.0000e+00
      9.022     -0.083     0.0276      0.226    458.306 335.242619     0.7519      7.478    26.9174 1.2379e-01    10.0835      8.855     12.843    11.5744 0.0000e+00
      8.997     -0.089     0.0277      0.244    458.331 335.254320     0.7363      7.481    28.0719 1.2372e-01    10.4888      8.829     12.804    11.5735 0.0000e+00
      8.959     -0.096     0.0280      0.249    458.325 335.242620     0.7188      7.484    29.2564 1.2373e-01    10.7354      8.783     12.739    11.5728 0.0000e+00
      8.926     -0.102     0.0244      0.240    458.317 335.229856     0.7072      7.488    30.1395 1.2378e-01    10.7426      8.747     12.688    11.5720 0.0000e+00
      8.903     -0.102     0.0225      0.237    458.325 335.228685     0.7119      7.490    30.7473 1.2374e-01    10.5415      8.730     12.661    11.5713 0.0000e+00
      8.883     -0.093     0.0279      0.239    458.335 335.228464     0.7343      7.493    30.8409 1.2369e-01    10.2165      8.713     12.638    11.5707 0.0000e+00
      8.859     -0.082     0.0278      0.239    458.342 335.227180     0.7455      7.497    30.7545 1.2369e-01    10.0593      8.689     12.602    11.5699 0.0000e+00
      8.834     -0.074     0.0254      0.235    458.330 335.213150     0.7466      7.500    31.3380 1.2372e-01    10.0403      8.661     12.561    11.5690 0.0000e+00
      8.816     -0.071     0.0259      0.229    458.303 335.187525     0.7560      7.502    32.1313 1.2379e-01     9.9874      8.643     12.535    11.5683 0.0000e+00
      8.805     -0.068     0.0258      0.229    458.294 335.174751     0.7671      7.503    32.0867 1.2382e-01     9.8977      8.636     12.525    11.5675 0.0000e+00
      8.793     -0.065     0.0263      0.238    458.320 335.187409     0.7733      7.504    31.7451 1.2377e-01     9.8447      8.626     12.513    11.5668 0.0000e+00
      8.774     -0.063     0.0258      0.252    458.362 335.211873     0.7812      7.506    32.0451 1.2372e-01     9.8579      8.606     12.481    11.5662 0.0000e+00
      8.754     -0.064     0.0245      0.266    458.373 335.213129     0.7886      7.507    32.0140 1.2370e-01     9.9549      8.582     12.446    11.5655 0.0000e+00
      8.738     -0.066     0.0246      0.278    458.367 335.202598     0.7873      7.509    31.4548 1.2373e-01    10.0961      8.569     12.429    11.5648 0.0000e+00
      8.724     -0.066     0.0255      0.274    458.389 335.213244     0.7738      7.513    31.8228 1.2377e-01    10.1302      8.558     12.412    11.5641 0.0000e+00
      8.708     -0.061     0.0279      0.263    458.397 335.213139     0.7583      7.514    32.8508 1.2375e-01    10.0595      8.541     12.388    11.5635 0.0000e+00
      8.689     -0.054     0.0283      0.253    458.389 335.201324     0.7577      7.515    32.9570 1.2369e-01     9.9591      8.521     12.359    11.5627 0.0000e+00
      8.671     -0.047     0.0313      0.243    458.394 335.199090     0.7660      7.516    32.3319 1.2368e-01     9.8730      8.500     12.330    11.5620 0.0000e+00
      8.659     -0.041     0.0300      0.240    458.385 335.186124     0.7672      7.519    32.6055 1.2368e-01     9.8377      8.487     12.310    11.5616 0.0000e+00
      8.656     -0.036     0.0280      0.228    458.376 335.173246     0.7646      7.521    33.5988 1.2367e-01     9.8738      8.488     12.311    11.5609 0.0000e+00
      8.653     -0.034     0.0286      0.214    458.381 335.172085     0.7509      7.522    33.6724 1.2369e-01     9.9679      8.488     12.313    11.5601 0.0000e+00
      8.646     -0.036     0.0249      0.219    458.388 335.172094     0.7268      7.523    33.0655 1.2374e-01    10.0194      8.479     12.299    11.5595 0.0000e+00
      8.635     -0.042     0.0271      0.229    458.398 335.173351     0.7232      7.524    33.4881 1.2384e-01    10.0177      8.468     12.282    11.5588 0.0000e+00
      8.624     -0.046     0.0252      0.233    458.425 335.187275     0.7233      7.527    34.7383 1.2387e-01    10.0489      8.458     12.267    11.5582 0.0000e+00
      8.609     -0.045     0.0216      0.241    458.466 335.211750     0.7122      7.529    35.8786 1.2382e-01    10.0213      8.445     12.248    11.5577 0.0000e+00
      8.591     -0.038     0.0237      0.259    458.475 335.211867     0.7050      7.531    36.9506 1.2377e-01     9.8891      8.425     12.220    11.5571 0.0000e+00
      8.576     -0.030     0.0253      0.265    458.451 335.188680     0.7025      7.532    37.6321 1.2378e-01     9.8173      8.405     12.191    11.5564 0.0000e+00
      8.571     -0.020     0.0255      0.253    458.459 335.188786     0.7073      7.535    37.3214 1.2385e-01     9.8359      8.401     12.186    11.5557 0.0000e+00
      8.575     -0.010     0.0251      0.239    458.500 335.213145     0.7127      7.537    36.3770 1.2387e-01     9.8069      8.410     12.200    11.5551 0.0000e+00
      8.578     -0.002     0.0290      0.239    458.525 335.225794     0.7102      7.539    35.5061 1.2380e-01     9.7051      8.414     12.204    11.5544 0.0000e+00
      8.578      0.002     0.0297      0.250    458.515 335.213020     0.7025      7.540    34.3634 1.2372e-01     9.6303      8.410     12.197    11.5538 0.0000e+00
      8.578      0.002     0.0275      0.249    458.488 335.187386     0.6940      7.540    33.3163 1.2369e-01     9.6202      8.411     12.199    11.5533 0.0000e+00
      8.578      0.001     0.0255      0.239    458.476 335.173252     0.6825      7.540    33.8575 1.2374e-01     9.6857      8.414     12.204    11.5527 0.0000e+00
      8.578      0.001     0.0249      0.248    458.481 335.170817     0.6795      7.541    35.1429 1.2380e-01     9.7722      8.412     12.201    11.5520 0.0000e+00
      8.578      0.000     0.0282      0.271    458.471 335.157938     0.6995      7.541    34.9190 1.2380e-01     9.8129      8.411     12.200    11.5514 0.0000e+00
      8.579     -0.003     0.0278      0.286    458.462 335.146228     0.7240      7.539    33.8180 1.2376e-01     9.8354      8.413     12.203    11.5508 0.0000e+00
      8.579     -0.008     0.0249      0.291    458.485 335.157928     0.7507      7.539    34.3928 1.2375e-01     9.8400      8.414     12.203    11.5501 0.0000e+00
      8.579     -0.015     0.0260      0.286    458.510 335.170701     0.7810      7.539    36.0184 1.2378e-01     9.8350      8.413     12.202    11.5495 0.0000e+00
      8.577     -0.024     0.0304      0.279    458.519 335.171967     0.7908      7.538    35.7490 1.2380e-01     9.8421      8.413     12.202    11.5489 0.0000e+00
      8.570     -0.030     0.0310      0.279    458.527 335.173233     0.7783      7.537    34.2320 1.2382e-01     9.8241      8.407     12.193    11.5483 0.0000e+00
      8.557     -0.033     0.0322      0.279    458.551 335.186007     0.7465      7.537    33.5935 1.2378e-01     9.8220      8.392     12.172    11.5477 0.0000e+00
      8.542     -0.035     0.0314      0.279    458.574 335.197708     0.7055      7.536    34.0523 1.2375e-01     9.8860      8.375     12.147    11.5472 0.0000e+00
      8.531     -0.035     0.0297      0.275    458.566 335.186008     0.6900      7.535    35.0468 1.2378e-01     9.9823      8.363     12.130    11.5466 0.0000e+00
      8.525     -0.033     0.0308      0.260    458.556 335.173245     0.7090      7.533    36.3256 1.2378e-01    10.0640      8.360     12.126    11.5461 0.0000e+00
      8.521     -0.030     0.0300      0.244    458.561 335.172084     0.7361      7.531    37.8992 1.2380e-01    10.0532      8.359     12.123    11.5457 0.0000e+00
      8.515     -0.025     0.0305      0.245    458.568 335.171969     0.7508      7.531    39.2738 1.2381e-01     9.9543      8.351     12.112    11.5451 0.0000e+00
