Data/DataNotYetUploadedToEDI/Raw_CTD/RawDownloads/080124_ccr88_S8188010.cnv
* Sea-Bird SBE19plus  Data File:
* FileName = C:\R\Reservoirs\Data\DataNotYetUploadedToEDI\Raw_CTD\RawDownloads\073124_ccr88_S8188_0010.hex
* Software version 2.8.0.119
* Temperature SN = 8188
* Conductivity SN = 8188
* System UpLoad Time = Aug 02 2024 14:07:46
* <ApplicationData>
* <Seaterm232>
# nquan = 16
# nvalues = 1630                        
# units = specified
# name 0 = depFM: Depth [fresh water, m]
# name 1 = dz/dtM: Descent Rate [m/s]
# name 2 = sbeox0Mg/L: Oxygen, SBE 43 [mg/l]
# name 3 = sbeox0PS: Oxygen, SBE 43 [% saturation]
# name 4 = specc: Specific Conductance [uS/cm]
# name 5 = c0uS/cm: Conductivity [uS/cm]
# name 6 = wetCDOM: Fluorescence, WET Labs CDOM [mg/m^3]
# name 7 = flECO-AFL: Fluorescence, WET Labs ECO-AFL/FL [mg/m^3]
# name 8 = flECO-AFL1: Fluorescence, WET Labs ECO-AFL/FL, 2 [mg/m^3]
# name 9 = flECO-AFL2: Fluorescence, WET Labs ECO-AFL/FL, 3 [mg/m^3]
# name 10 = par/sat/log: PAR/Logarithmic, Satlantic
# name 11 = turbWETntu0: Turbidity, WET Labs ECO [NTU]
# name 12 = prdM: Pressure, Strain Gauge [db]
# name 13 = prdE: Pressure, Strain Gauge [psi]
# name 14 = tv290C: Temperature [ITS-90, deg C]
# name 15 = flag:  0.000e+00
# span 0 =     -0.278,      8.651       
# span 1 =     -0.266,      0.098       
# span 2 =     2.5906,     9.9265       
# span 3 =     25.659,    129.441       
# span 4 =   -429.042,    125.027       
# span 5 =-459.644542, 131.962756       
# span 6 =    -4.5000,    27.7200       
# span 7 =    -0.0137,     3.6027       
# span 8 =    -2.1300,     0.2556       
# span 9 =    -2.0304,     0.6345       
# span 10 = 7.4807e+00, 9.1149e+02      
# span 11 =    -1.1102,     3.9052      
# span 12 =     -0.272,      8.484      
# span 13 =     -0.395,     12.305      
# span 14 =    12.6780,    33.8635      
# span 15 = 0.0000e+00, 0.0000e+00      
# interval = seconds: 0.25
# start_time = Aug 01 2024 13:04:18 [Instrument's time stamp, header]
# bad_flag = -9.990e-29
*END*
[from data line 452]
      0.826      0.014     8.5262    110.369    116.678 126.072092     9.9900     0.1999     0.0000     0.0846 2.4779e+02    -1.1102      0.809      1.174    29.0211 0.0000e+00
      0.829      0.014     8.5185    110.288    116.676 126.063229     9.9000     0.1961     0.0852     0.1692 2.4914e+02    -0.9440      0.813      1.179    29.0212 0.0000e+00
      0.832      0.014     8.5066    110.254    116.673 126.050954     9.9000     0.2075     0.0852     0.1692 2.4709e+02    -1.0497      0.816      1.183    29.0210 0.0000e+00
      0.835      0.014     8.4936    110.244    116.657 126.025991     9.9000     0.2571     0.0852     0.1692 2.5756e+02    -0.7929      0.819      1.188    29.0204 0.0000e+00
      0.839      0.015     8.4832    110.262    116.648 126.011694     9.9000     0.2304     0.0852     0.1692 2.5318e+02    -0.7325      0.823      1.193    29.0188 0.0000e+00
      0.843      0.016     8.4773    110.312    116.656 126.018257     9.9000     0.2533     0.0426     0.1692 2.6225e+02    -0.7174      0.827      1.198    29.0160 0.0000e+00
      0.847      0.016     8.4753    110.362    116.661 126.023420     9.9000     0.2648     0.0426     0.1692 2.6123e+02    -0.7476      0.831      1.204    29.0122 0.0000e+00
      0.851      0.017     8.4750    110.382    116.661 126.020558     9.9000     0.1923     0.0426     0.1692 2.5987e+02    -0.6570      0.835      1.211    29.0087 0.0000e+00
      0.856      0.017     8.4767    110.387    116.671 126.024914     9.9000     0.2419     0.0426     0.1692 2.6616e+02    -0.7325      0.839      1.217    29.0066 0.0000e+00
      0.860      0.017     8.4807    110.396    116.687 126.031647     9.9000     0.1923     0.0426     0.1692 2.6374e+02    -0.6570      0.844      1.223    29.0061 0.0000e+00
      0.865      0.017     8.4846    110.419    116.695 126.028545     9.9000     0.2266     0.0426     0.2115 2.6668e+02    -0.8080      0.848      1.230    29.0059 0.0000e+00
      0.869      0.017     8.4863    110.462    116.708 126.028786     9.9000     0.1961     0.0426     0.2115 2.6743e+02    -0.8534      0.852      1.236    29.0047 0.0000e+00
      0.873      0.017     8.4871    110.533    116.729 126.038437     9.9000     0.1999     0.0426     0.2115 2.7006e+02    -0.7476      0.856      1.242    29.0018 0.0000e+00
      0.878      0.017     8.4885    110.619    116.748 126.048066     9.9000     0.1999     0.0426     0.2115 2.6977e+02    -0.7174      0.861      1.248    28.9975 0.0000e+00
      0.882      0.017     8.4910    110.692    116.759 126.052235     9.9000     0.2228     0.0426     0.0846 2.7325e+02    -0.7476      0.865      1.254    28.9920 0.0000e+00
      0.887      0.017     8.4952    110.749    116.760 126.048054     9.9000     0.2876     0.0426     0.0846 2.6460e+02    -0.6570      0.869      1.260    28.9862 0.0000e+00
      0.891      0.017     8.5014    110.800    116.753 126.038409     9.9000     0.2686     0.0426     0.0846 2.6930e+02    -0.6872      0.874      1.267    28.9808 0.0000e+00
      0.895      0.017     8.5088    110.843    116.741 126.024731     9.9000     0.2762     0.0426     0.0846 2.6587e+02    -0.7476      0.878      1.273    28.9761 0.0000e+00
      0.899      0.017     8.5149    110.878    116.722 126.003373     9.8100     0.2495     0.0000     0.1269 2.7094e+02    -0.7778      0.882      1.278    28.9727 0.0000e+00
      0.903      0.017     8.5196    110.881    116.702 125.976643     9.8100     0.2533     0.0000     0.1269 2.7159e+02    -0.8080      0.886      1.284    28.9707 0.0000e+00
      0.907      0.018     8.5236    110.829    116.688 125.953419     9.8100     0.2648     0.0000     0.1269 2.7153e+02    -0.7778      0.890      1.291    28.9698 0.0000e+00
      0.912      0.018     8.5270    110.739    116.685 125.939514     9.8100     0.2686     0.0000     0.1269 2.7527e+02    -0.8080      0.894      1.297    28.9696 0.0000e+00
      0.917      0.019     8.5298    110.645    116.694 125.939221     9.8100     0.2648     0.0000     0.1269 2.7182e+02    -0.7174      0.899      1.304    28.9689 0.0000e+00
      0.922      0.020     8.5303    110.552    116.706 125.944459     9.9000     0.2762     0.0426     0.0846 2.7360e+02    -0.7778      0.904      1.311    28.9668 0.0000e+00
      0.927      0.020     8.5268    110.449    116.704 125.936614     9.9000     0.2571     0.0426     0.0846 2.6854e+02    -0.6872      0.909      1.319    28.9633 0.0000e+00
      0.933      0.020     8.5206    110.347    116.690 125.917597     9.9000     0.2724     0.0426     0.0846 2.6691e+02    -0.7174      0.915      1.327    28.9588 0.0000e+00
      0.938      0.020     8.5140    110.281    116.676 125.898343     9.9000     0.2495     0.0426     0.0846 2.7509e+02    -0.7627      0.920      1.334    28.9544 0.0000e+00
      0.943      0.020     8.5074    110.280    116.664 125.881721     9.9000     0.2724     0.0426     0.1692 2.6454e+02    -0.7627      0.925      1.342    28.9510 0.0000e+00
      0.948      0.020     8.4998    110.352    116.661 125.875303     9.9000     0.2915     0.0426     0.1692 2.7527e+02    -0.7325      0.930      1.349    28.9486 0.0000e+00
      0.953      0.020     8.4922    110.474    116.669 125.881380     9.9000     0.2800     0.0426     0.1692 2.6749e+02    -0.7174      0.934      1.356    28.9467 0.0000e+00
      0.958      0.020     8.4874    110.598    116.680 125.889567     9.9000     0.2876     0.0426     0.1692 2.7527e+02    -0.7627      0.939      1.363    28.9450 0.0000e+00
      0.963      0.020     8.4875    110.695    116.687 125.894044     9.9000     0.2724     0.0426     0.1692 2.7390e+02    -0.7174      0.945      1.370    28.9435 0.0000e+00
      0.969      0.020     8.4933    110.778    116.688 125.892001     9.9000     0.2648     0.0426     0.1692 2.7635e+02    -0.7325      0.950      1.378    28.9422 0.0000e+00
      0.974      0.020     8.5029    110.861    116.683 125.882896     9.9000     0.2571     0.0426     0.1692 2.7581e+02    -0.8080      0.955      1.385    28.9409 0.0000e+00
      0.979      0.020     8.5126    110.927    116.677 125.872301     9.9000     0.2571     0.0426     0.1692 2.7852e+02    -0.7476      0.960      1.392    28.9396 0.0000e+00
      0.984      0.019     8.5202    110.948    116.677 125.869398     9.9000     0.2342     0.0426     0.0846 2.7743e+02    -0.7174      0.965      1.399    28.9382 0.0000e+00
      0.989      0.019     8.5269    110.921    116.693 125.885417     9.9000     0.2724     0.0426     0.0846 2.7707e+02    -0.7627      0.970      1.406    28.9367 0.0000e+00
      0.993      0.018     8.5335    110.859    116.721 125.916626     9.9000     0.2686     0.0426     0.0846 2.7961e+02    -0.7476      0.974      1.413    28.9352 0.0000e+00
      0.998      0.018     8.5388    110.787    116.748 125.947337     9.9000     0.2419     0.0426     0.0846 2.7737e+02    -0.7325      0.979      1.419    28.9337 0.0000e+00
      1.002      0.017     8.5406    110.736    116.760 125.961729     9.9000     0.2571     0.0426     0.0846 2.7931e+02    -0.8080      0.983      1.426    28.9325 0.0000e+00
      1.007      0.017     8.5386    110.698    116.755 125.955639     9.9000     0.2571     0.0426     0.1269 2.7617e+02    -0.7778      0.987      1.432    28.9320 0.0000e+00
      1.011      0.016     8.5338    110.652    116.741 125.939446     9.9000     0.2609     0.0426     0.1269 2.8445e+02    -0.7778      0.991      1.438    28.9321 0.0000e+00
      1.015      0.015     8.5282    110.619    116.724 125.920837     9.9000     0.2571     0.0426     0.1269 2.7816e+02    -0.6872      0.995      1.444    28.9328 0.0000e+00
      1.019      0.015     8.5241    110.619    116.712 125.906855     9.9000     0.2724     0.0426     0.1269 2.8316e+02    -0.7778      0.999      1.449    28.9334 0.0000e+00
      1.022      0.014     8.5212    110.648    116.708 125.901775     9.9900     0.2571     0.0426     0.2115 2.7755e+02    -0.7476      1.003      1.455    28.9334 0.0000e+00
      1.026      0.014     8.5177    110.686    116.707 125.900241     9.9900     0.2571     0.0426     0.2115 2.8053e+02    -0.7476      1.006      1.460    28.9330 0.0000e+00
      1.029      0.013     8.5152    110.711    116.709 125.901843     9.9900     0.2800     0.0426     0.2115 2.7402e+02    -0.7778      1.010      1.465    28.9325 0.0000e+00
      1.033      0.013     8.5153    110.709    116.709 125.899005     9.9900     0.1923     0.0426     0.2115 2.7551e+02    -0.9440      1.013      1.469    28.9323 0.0000e+00
      1.036      0.012     8.5176    110.686    116.704 125.890971     9.9000     0.1923     0.0000     0.1269 2.7354e+02    -1.0195      1.016      1.474    28.9321 0.0000e+00
      1.039      0.012     8.5206    110.630    116.712 125.895606     9.9000     0.1732     0.0000     0.1269 2.7212e+02    -0.9742      1.019      1.478    28.9318 0.0000e+00
      1.042      0.012     8.5226    110.514    116.721 125.902141     9.9000     0.1846     0.0000     0.1269 2.7919e+02    -0.8836      1.022      1.483    28.9312 0.0000e+00
      1.045      0.011     8.5226    110.366    116.718 125.896312     9.9000     0.2571     0.0000     0.1269 2.7348e+02    -0.6872      1.025      1.487    28.9302 0.0000e+00
      1.048      0.011     8.5209    110.252    116.714 125.888569     9.9000     0.2495     0.0000     0.1269 2.7888e+02    -0.7174      1.028      1.491    28.9289 0.0000e+00
      1.051      0.011     8.5168    110.207    116.714 125.884851     9.9000     0.2724     0.0426     0.1692 2.7236e+02    -0.7476      1.030      1.495    28.9274 0.0000e+00
      1.053      0.011     8.5082    110.234    116.710 125.876163     9.9000     0.2609     0.0426     0.1692 2.7786e+02    -0.7174      1.033      1.499    28.9260 0.0000e+00
      1.056      0.011     8.4970    110.326    116.696 125.856185     9.9000     0.2228     0.0426     0.1692 2.7248e+02    -0.7023      1.036      1.502    28.9247 0.0000e+00
      1.059      0.011     8.4884    110.467    116.686 125.839599     9.9000     0.2075     0.0426     0.1692 2.7569e+02    -0.6721      1.039      1.506    28.9234 0.0000e+00
      1.062      0.011     8.4851    110.620    116.678 125.825984     9.9000     0.1885     0.0426     0.1692 2.6877e+02    -0.7174      1.041      1.510    28.9219 0.0000e+00
      1.064      0.011     8.4875    110.761    116.662 125.803704     9.9000     0.1923     0.0426     0.1692 2.7378e+02    -0.6570      1.044      1.514    28.9199 0.0000e+00
      1.067      0.011     8.4949    110.889    116.647 125.782824     9.9000     0.1923     0.0426     0.1692 2.6971e+02    -0.7627      1.046      1.517    28.9176 0.0000e+00
      1.069      0.011     8.5062    110.997    116.632 125.761780     9.9000     0.2075     0.0426     0.1692 2.7248e+02    -0.6872      1.049      1.521    28.9152 0.0000e+00
      1.072      0.010     8.5183    111.067    116.622 125.744962     9.9000     0.1656     0.0426     0.0846 2.7088e+02    -0.5966      1.052      1.525    28.9129 0.0000e+00
      1.075      0.010     8.5294    111.091    116.634 125.749895     9.9000     0.2075     0.0426     0.0846 2.6900e+02    -0.7476      1.054      1.529    28.9110 0.0000e+00
      1.078      0.010     8.5395    111.074    116.654 125.763888     9.9000     0.2609     0.0426     0.0846 2.6731e+02    -0.8080      1.057      1.533    28.9092 0.0000e+00
      1.080      0.010     8.5482    111.034    116.669 125.772664     9.9000     0.2571     0.0426     0.0846 2.6930e+02    -0.8231      1.059      1.536    28.9071 0.0000e+00
      1.083      0.010     8.5540    110.987    116.684 125.782566     9.8100     0.2457     0.0426     0.0846 2.6402e+02    -0.7929      1.062      1.540    28.9044 0.0000e+00
      1.085      0.010     8.5563    110.939    116.702 125.796233     9.8100     0.2381     0.0426     0.0846 2.6448e+02    -0.7929      1.064      1.543    28.9012 0.0000e+00
      1.087      0.009     8.5555    110.887    116.719 125.809307     9.8100     0.2533     0.0426     0.0846 2.6038e+02    -1.0044      1.066      1.546    28.8978 0.0000e+00
      1.090      0.009     8.5529    110.824    116.733 125.821271     9.8100     0.2304     0.0426     0.0846 2.6111e+02    -1.0497      1.068      1.550    28.8946 0.0000e+00
      1.092      0.009     8.5497    110.743    116.737 125.823310     9.8100     0.2571     0.0426     0.0846 2.6106e+02    -1.0346      1.071      1.553    28.8917 0.0000e+00
      1.094      0.009     8.5464    110.652    116.722 125.803964     9.9000     0.2381     0.0426     0.0846 2.5723e+02    -0.9591      1.073      1.557    28.8892 0.0000e+00
      1.097      0.008     8.5427    110.595    116.696 125.774080     9.9000     0.1846     0.0426     0.0846 2.5885e+02    -0.7476      1.075      1.560    28.8872 0.0000e+00
      1.099      0.008     8.5381    110.613    116.675 125.749700     9.9000     0.1923     0.0426     0.0846 2.5712e+02    -0.7023      1.077      1.563    28.8857 0.0000e+00
      1.101      0.007     8.5320    110.687    116.667 125.740327     9.9000     0.2152     0.0426     0.0846 2.5784e+02    -0.7778      1.079      1.565    28.8846 0.0000e+00
      1.102      0.007     8.5251    110.765    116.670 125.743464     9.9900     0.1846     0.0426     0.0846 2.5346e+02    -0.7778      1.081      1.568    28.8836 0.0000e+00
      1.104      0.007     8.5208    110.822    116.678 125.751943     9.9900     0.2686     0.0426     0.0846 2.5072e+02    -0.7325      1.083      1.570    28.8828 0.0000e+00
      1.106      0.007     8.5223    110.859    116.689 125.764023     9.9900     0.2724     0.0426     0.0846 2.5445e+02    -0.7476      1.084      1.573    28.8821 0.0000e+00
      1.107      0.008     8.5281    110.886    116.699 125.774922     9.9900     0.2648     0.0426     0.0846 2.5175e+02    -0.6872      1.086      1.575    28.8818 0.0000e+00
      1.109      0.009     8.5341    110.895    116.708 125.783546     9.9000     0.2648     0.0426     0.1269 2.5280e+02    -0.7476      1.087      1.577    28.8816 0.0000e+00
      1.111      0.010     8.5385    110.875    116.715 125.788192     9.9000     0.2800     0.0426     0.1269 2.5329e+02    -0.7325      1.090      1.580    28.8816 0.0000e+00
      1.114      0.011     8.5413    110.832    116.713 125.782096     9.9000     0.2533     0.0426     0.1269 2.5258e+02    -0.6570      1.092      1.584    28.8817 0.0000e+00
      1.117      0.012     8.5434    110.784    116.698 125.763632     9.9000     0.2533     0.0426     0.1269 2.5132e+02    -0.7174      1.096      1.589    28.8816 0.0000e+00
      1.121      0.013     8.5442    110.748    116.689 125.751885     9.9900     0.2419     0.0426     0.1692 2.4795e+02    -0.7174      1.099      1.594    28.8809 0.0000e+00
      1.125      0.013     8.5429    110.722    116.695 125.755729     9.9900     0.2571     0.0426     0.1692 2.4806e+02    -0.7476      1.103      1.599    28.8798 0.0000e+00
      1.128      0.013     8.5397    110.700    116.701 125.760181     9.9900     0.2495     0.0426     0.1692 2.4979e+02    -0.7023      1.106      1.604    28.8785 0.0000e+00
      1.131      0.013     8.5362    110.681    116.704 125.762427     9.9900     0.2648     0.0426     0.1692 2.4725e+02    -0.6721      1.109      1.609    28.8773 0.0000e+00
      1.134      0.013     8.5336    110.652    116.710 125.767067     9.9900     0.2686     0.0426     0.1692 2.4607e+02    -0.7476      1.112      1.613    28.8762 0.0000e+00
      1.137      0.012     8.5317    110.607    116.718 125.775339    10.0800     0.2686     0.0426     0.0846 2.4624e+02    -0.9138      1.115      1.618    28.8753 0.0000e+00
      1.140      0.012     8.5301    110.559    116.731 125.789449    10.0800     0.2571     0.0426     0.0846 2.4618e+02    -0.9440      1.118      1.622    28.8745 0.0000e+00
      1.143      0.011     8.5288    110.513    116.745 125.805156    10.0800     0.2953     0.0426     0.0846 2.4893e+02    -0.9138      1.121      1.626    28.8738 0.0000e+00
