Data/DataNotYetUploadedToEDI/Raw_CTD/RawDownloads/080122_fcr50_S7809002.cnv
* Sea-Bird SBE19plus  Data File:
* FileName = C:\R\Reservoirs\Data\DataNotYetUploadedToEDI\Raw_CTD\RawDownloads\080122_bvr50_S7809_0002.hex
* Software version 2.8.0.119
* Temperature SN = 7809
* Conductivity SN = 7809
* System UpLoad Time = Aug 02 2022 14:57:05
* <ApplicationData>
* <Seaterm232>
# nquan = 15
# nvalues = 3852                        
# units = specified
# name 0 = depFM: Depth [fresh water, m]
# name 1 = dz/dtM: Descent Rate [m/s]
# name 2 = sbeox0Mg/L: Oxygen, SBE 43 [mg/l]
# name 3 = sbeox0PS: Oxygen, SBE 43 [% saturation]
# name 4 = specc: Specific Conductance [uS/cm]
# name 5 = c0uS/cm: Conductivity [uS/cm]
# name 6 = flECO-AFL: Fluorescence, WET Labs ECO-AFL/FL [mg/m^3]
# name 7 = ph: pH
# name 8 = orp: Oxidation Reduction Potential [mV]
# name 9 = par/sat/log: PAR/Logarithmic, Satlantic
# name 10 = turbWETntu0: Turbidity, WET Labs ECO [NTU]
# name 11 = prdM: Pressure, Strain Gauge [db]
# name 12 = prdE: Pressure, Strain Gauge [psi]
# name 13 = tv290C: Temperature [ITS-90, deg C]
# name 14 = flag:  0.000e+00
# span 0 =     -0.651,      9.596       
# span 1 =     -0.219,      0.208       
# span 2 =     0.0168,     7.0548       
# span 3 =      0.178,     86.868       
# span 4 =      0.205,    483.359       
# span 5 =   0.197464, 368.110788       
# span 6 =    -0.6873,    51.9449       
# span 7 =      6.166,      7.657       
# span 8 = -1240.7455,   193.3591       
# span 9 = 1.2360e-01, 2.7721e+03       
# span 10 =    -1.0301,    44.7495      
# span 11 =     -0.639,      9.410      
# span 12 =     -0.927,     13.648      
# span 13 =    11.1239,    26.1859      
# span 14 = 0.0000e+00, 0.0000e+00      
# interval = seconds: 0.25
# start_time = Aug 01 2022 09:03:57 [Instrument's time stamp, header]
# bad_flag = -9.990e-29
*END*
[from data line 97]
     -0.101      0.002     5.3041     67.981     35.132  35.875225     2.8999      7.367   142.9885 4.9044e+02     4.2281     -0.099     -0.143    26.0469 0.0000e+00
     -0.101      0.002     5.3848     68.076     35.118  35.860984     2.9038      7.366   143.0344 4.9055e+02     4.1921     -0.099     -0.143    26.0484 0.0000e+00
     -0.100      0.002     5.4479     68.005     35.093  35.837397     2.9006      7.365   143.1052 4.9112e+02     4.0411     -0.098     -0.142    26.0496 0.0000e+00
     -0.099      0.001     5.4907     67.813     35.097  35.843681     2.9036      7.365   143.2419 4.9205e+02     3.8359     -0.097     -0.141    26.0509 0.0000e+00
     -0.098      0.001     5.5165     67.554     35.125  35.873552     2.9071      7.365   143.3110 4.9289e+02     3.7268     -0.097     -0.140    26.0517 0.0000e+00
     -0.098      0.001     5.5216     67.264     35.132  35.881507     2.9086      7.363   143.3378 4.9347e+02     3.7125     -0.096     -0.139    26.0520 0.0000e+00
     -0.098      0.001     5.5149     66.924     35.127  35.876460     2.9052      7.362   143.3942 4.9376e+02     3.6975     -0.097     -0.140    26.0541 0.0000e+00
     -0.098      0.001     5.4976     66.534     35.126  35.875939     2.9169      7.362   143.4772 4.9415e+02     3.7506     -0.097     -0.140    26.0572 0.0000e+00
     -0.098      0.001     5.4742     66.139     35.124  35.875212     2.9497      7.360   143.5670 4.9477e+02     3.9104     -0.097     -0.140    26.0587 0.0000e+00
     -0.098      0.001     5.4527     65.803     35.115  35.867672     2.9688      7.358   143.7052 4.9540e+02     4.0240     -0.096     -0.140    26.0593 0.0000e+00
     -0.098      0.001     5.4249     65.580     35.095  35.848183     2.9731      7.357   143.8582 4.9598e+02     4.0308     -0.096     -0.139    26.0601 0.0000e+00
     -0.098      0.001     5.3917     65.477     35.075  35.829811     2.9679      7.357   143.6952 4.9632e+02     3.9927     -0.096     -0.139    26.0619 0.0000e+00
     -0.097      0.003     5.3578     65.493     35.080  35.835773     2.9557      7.364   142.6815 4.9629e+02     3.9733     -0.095     -0.138    26.0642 0.0000e+00
     -0.097      0.010     5.3280     65.656     35.099  35.856859     2.9596      7.386   140.6345 4.9616e+02     4.0008     -0.095     -0.138    26.0661 0.0000e+00
     -0.097      0.029     5.3103     66.030     35.075  35.831127     2.9732      7.424   138.6494 4.9601e+02     4.0525     -0.095     -0.138    26.0677 0.0000e+00
     -0.096      0.059     5.3019     66.687     34.964  35.714877     2.9791      7.464   137.9522 4.9388e+02     4.1197     -0.094     -0.137    26.0698 0.0000e+00
     -0.090      0.094     5.3024     67.624     34.846  35.592659     2.9724      7.493   138.2272 4.6772e+02     4.1643     -0.094     -0.136    26.0709 0.0000e+00
     -0.066      0.124     5.3133     68.655     34.825  35.558180     2.9585      7.507   138.5327 3.9522e+02     4.1814     -0.078     -0.112    26.0741 0.0000e+00
     -0.015      0.144     5.3410     69.495     34.856  35.551623     2.9529      7.510   138.8062 3.1718e+02     4.2243     -0.020     -0.029    26.0759 0.0000e+00
      0.050      0.151     5.3944     70.071     34.866  35.513310     2.9629      7.501   139.4692 2.8029e+02     4.2390      0.055      0.080    26.0637 0.0000e+00
      0.102      0.141     5.4746     70.422     34.865  35.475322     2.9876      7.484   140.0102 2.6947e+02     4.1875      0.106      0.154    26.0678 0.0000e+00
      0.135      0.115     5.5710     70.461     34.884  35.472713     3.0111      7.469   140.0134 2.6082e+02     4.1490      0.136      0.197    26.0667 0.0000e+00
      0.156      0.080     5.6465     70.087     34.903  35.481728     3.0129      7.461   140.0247 2.5147e+02     4.1494      0.155      0.225    25.9975 0.0000e+00
      0.167      0.048     5.6975     69.322     34.879  35.457498     3.0099      7.456   140.3183 2.4936e+02     4.1236      0.168      0.243    25.9118 0.0000e+00
      0.167      0.026     5.7366     68.278     34.845  35.433379     3.0165      7.451   140.5520 2.5382e+02     4.0426      0.167      0.241    25.8604 0.0000e+00
      0.164      0.013     5.7461     67.122     34.844  35.443762     3.0090      7.446   140.6126 2.5529e+02     3.9896      0.158      0.229    25.8327 0.0000e+00
      0.165      0.005     5.7158     65.972     34.858  35.456234     2.9944      7.441   140.7939 2.5354e+02     3.9620      0.160      0.232    25.8182 0.0000e+00
      0.169      0.000     5.6509     64.845     34.873  35.457360     2.9980      7.434   140.8517 2.5279e+02     3.9473      0.168      0.242    25.8159 0.0000e+00
      0.171     -0.002     5.5586     63.748     34.887  35.457355     3.0112      7.425   140.7088 2.5338e+02     3.9825      0.169      0.245    25.8355 0.0000e+00
      0.170     -0.003     5.4572     62.696     34.893  35.456150     3.0201      7.415   140.7003 2.5482e+02     3.9776      0.167      0.243    25.8637 0.0000e+00
      0.166     -0.004     5.3656     61.758     34.884  35.442785     3.0223      7.405   140.6634 2.5649e+02     3.9556      0.163      0.237    25.8599 0.0000e+00
      0.162     -0.004     5.2755     60.992     34.869  35.422568     3.0136      7.398   141.0364 2.5751e+02     3.9567      0.158      0.230    25.8284 0.0000e+00
      0.160      0.000     5.1890     60.322     34.853  35.401921     2.9899      7.394   141.8550 2.5809e+02     3.9560      0.156      0.227    25.8080 0.0000e+00
      0.160      0.010     5.1019     59.680     34.837  35.383361     2.9694      7.394   142.0432 2.5789e+02     4.0160      0.157      0.228    25.7999 0.0000e+00
      0.161      0.022     5.0218     59.073     34.844  35.388386     2.9565      7.398   141.5052 2.5648e+02     4.0331      0.158      0.229    25.7936 0.0000e+00
      0.166      0.036     4.9653     58.480     34.855  35.399280     2.9416      7.408   141.0280 2.5303e+02     3.9582      0.160      0.231    25.7865 0.0000e+00
      0.178      0.049     4.9134     57.892     34.844  35.388250     2.9553      7.424   141.1778 2.4727e+02     3.9985      0.171      0.249    25.7796 0.0000e+00
      0.197      0.058     4.8593     57.317     34.837  35.381842     2.9982      7.437   142.5428 2.4096e+02     4.1438      0.193      0.280    25.7762 0.0000e+00
      0.217      0.063     4.8116     56.726     34.841  35.385206     3.0192      7.439   144.4533 2.3522e+02     4.2127      0.213      0.309    25.7753 0.0000e+00
      0.236      0.061     4.7641     56.136     34.824  35.365513     3.0091      7.434   145.1768 2.2937e+02     4.1823      0.232      0.336    25.7747 0.0000e+00
      0.254      0.054     4.7139     55.589     34.798  35.333960     3.0007      7.433   145.0957 2.2447e+02     4.0148      0.251      0.365    25.7751 0.0000e+00
      0.268      0.047     4.6703     55.086     34.791  35.320748     3.0091      7.433   144.8500 2.2218e+02     3.7936      0.266      0.387    25.7750 0.0000e+00
      0.276      0.041     4.6211     54.645     34.806  35.332578     3.0188      7.430   144.4428 2.2145e+02     3.7276      0.272      0.394    25.7746 0.0000e+00
      0.280      0.036     4.5707     54.287     34.825  35.350172     3.0184      7.425   145.1630 2.2033e+02     3.7981      0.274      0.397    25.7725 0.0000e+00
      0.286      0.034     4.5286     54.011     34.818  35.343244     3.0127      7.422   147.1050 2.1769e+02     3.8936      0.279      0.404    25.7637 0.0000e+00
      0.297      0.035     4.4867     53.788     34.788  35.312214     3.0085      7.422   148.7366 2.1418e+02     3.9609      0.290      0.420    25.7559 0.0000e+00
      0.309      0.039     4.4505     53.568     34.770  35.292038     3.0174      7.423   149.4033 2.1190e+02     3.9971      0.306      0.443    25.7506 0.0000e+00
      0.318      0.041     4.4220     53.335     34.769  35.289523     3.0290      7.423   149.4017 2.1038e+02     4.0241      0.312      0.453    25.7467 0.0000e+00
      0.326      0.040     4.3995     53.074     34.762  35.281795     3.0322      7.423   149.1469 2.0732e+02     4.0139      0.316      0.459    25.7500 0.0000e+00
      0.340      0.035     4.3838     52.771     34.743  35.262011     3.0308      7.424   149.1620 2.0425e+02     3.9422      0.335      0.485    25.7497 0.0000e+00
      0.354      0.031     4.3663     52.445     34.724  35.240551     3.0202      7.426   149.7560 2.0385e+02     3.8743      0.351      0.508    25.7434 0.0000e+00
      0.360      0.027     4.3476     52.105     34.700  35.212532     3.0132      7.427   150.3068 2.0486e+02     3.9098      0.354      0.513    25.7403 0.0000e+00
      0.361      0.023     4.3278     51.778     34.667  35.176867     3.0210      7.427   150.6598 2.0519e+02     4.0305      0.354      0.513    25.7421 0.0000e+00
      0.364      0.019     4.3011     51.487     34.682  35.189774     3.0386      7.425   151.0987 2.0460e+02     4.0697      0.355      0.515    25.7421 0.0000e+00
      0.369      0.016     4.2756     51.206     34.737  35.241771     3.0518      7.423   150.3644 2.0374e+02     3.9732      0.361      0.524    25.7378 0.0000e+00
      0.374      0.016     4.2474     50.931     34.733  35.234871     3.0549      7.423   148.7513 2.0296e+02     3.8895      0.368      0.534    25.7333 0.0000e+00
      0.379      0.017     4.2191     50.669     34.673  35.169761     3.0596      7.424   148.4577 2.0209e+02     3.9105      0.372      0.540    25.7287 0.0000e+00
      0.383      0.019     4.1984     50.413     34.659  35.152013     3.0420      7.425   149.4815 2.0139e+02     3.9548      0.377      0.546    25.7251 0.0000e+00
      0.385      0.021     4.1748     50.164     34.719  35.210494     2.9839      7.426   150.6337 2.0089e+02     3.9463      0.378      0.548    25.7217 0.0000e+00
      0.389      0.022     4.1526     49.962     34.876  35.369575     2.9397      7.428   150.9455 1.9974e+02     3.9441      0.380      0.551    25.7172 0.0000e+00
      0.397      0.023     4.1321     50.047     35.171  35.680459     2.9406      7.431   149.8957 1.9774e+02     3.9631      0.389      0.565    25.7104 0.0000e+00
      0.407      0.023     4.1119     51.357     35.431  35.989129     2.9949      7.434   148.6101 1.9609e+02     4.0391      0.400      0.581    25.7042 0.0000e+00
      0.413      0.023     4.0907     55.217     35.481  36.121466     3.0795      7.436   148.5654 1.9534e+02     4.1793      0.407      0.589    25.6997 0.0000e+00
      0.417      0.021     4.0721     61.580     35.418  36.139263     3.1153      7.436   149.1833 1.9448e+02     4.2243      0.408      0.592    25.6995 0.0000e+00
      0.422      0.018     4.0563     68.773     35.365  36.141028     3.1034      7.436   149.3694 1.9282e+02     4.2069      0.412      0.598    25.6997 0.0000e+00
      0.427      0.015     4.0997     75.270     35.335  36.142898     3.0931      7.437   149.3534 1.9108e+02     4.1743      0.421      0.609    25.7558 0.0000e+00
      0.431      0.013     4.4000     80.392     35.336  36.161916     3.0989      7.438   149.5917 1.9009e+02     4.0686      0.424      0.615    25.8992 0.0000e+00
      0.432      0.012     4.9762     83.960     35.345  36.180770     3.1155      7.440   150.0137 1.8963e+02     3.9886      0.424      0.615    26.0291 0.0000e+00
      0.434      0.010     5.5951     86.066     35.340  36.180637     3.1187      7.441   150.2396 1.8900e+02     3.9578      0.425      0.616    26.1026 0.0000e+00
      0.437      0.009     6.1305     86.868     35.319  36.160316     3.0962      7.443   150.0863 1.8799e+02     3.9013      0.429      0.621    26.1441 0.0000e+00
      0.440      0.009     6.5483     86.610     35.284  36.125299     3.0770      7.445   149.7943 1.8708e+02     3.8173      0.432      0.627    26.1660 0.0000e+00
      0.442      0.010     6.8293     85.746     35.297  36.137720     3.0778      7.446   149.8931 1.8648e+02     3.7623      0.434      0.629    26.1786 0.0000e+00
      0.443      0.010     6.9956     84.786     35.343  36.183680     3.0808      7.446   150.5063 1.8571e+02     3.7493      0.434      0.630    26.1837 0.0000e+00
      0.446      0.009     7.0548     84.002     35.333  36.173699     3.0718      7.446   151.1859 1.8443e+02     3.7287      0.437      0.634    26.1857 0.0000e+00
      0.450      0.009     7.0204     83.421     35.304  36.143865     3.0443      7.448   151.6574 1.8326e+02     3.7180      0.442      0.641    26.1859 0.0000e+00
      0.453      0.010     6.9329     82.969     35.301  36.140018     3.0226      7.453   151.9911 1.8267e+02     3.7562      0.445      0.646    26.1850 0.0000e+00
      0.455      0.013     6.8484     82.582     35.289  36.127184     3.0260      7.457   151.5211 1.8222e+02     3.7812      0.446      0.647    26.1839 0.0000e+00
      0.456      0.016     6.7859     82.282     35.279  36.115513     3.0275      7.458   150.4479 1.8139e+02     3.7463      0.446      0.647    26.1836 0.0000e+00
      0.459      0.018     6.7409     82.079     35.292  36.125732     3.0148      7.458   150.2009 1.7984e+02     3.7440      0.448      0.650    26.1834 0.0000e+00
      0.465      0.021     6.7080     81.904     35.293  36.123902     3.0054      7.461   150.5997 1.7786e+02     3.8564      0.455      0.660    26.1833 0.0000e+00
      0.474      0.025     6.6747     81.754     35.265  36.093392     3.0142      7.466   151.4841 1.7628e+02     3.9779      0.466      0.675    26.1822 0.0000e+00
      0.481      0.029     6.6490     81.677     35.248  36.073892     3.0216      7.471   152.5485 1.7533e+02     3.9827      0.473      0.685    26.1800 0.0000e+00
      0.485      0.033     6.6376     81.611     35.255  36.078356     3.0109      7.476   151.6817 1.7426e+02     3.9492      0.475      0.689    26.1751 0.0000e+00
      0.492      0.036     6.6243     81.519     35.261  36.083956     3.0015      7.482   149.5211 1.7221e+02     3.9492      0.480      0.697    26.1694 0.0000e+00
      0.505      0.038     6.6078     81.441     35.257  36.078177     3.0085      7.486   148.7955 1.7006e+02     3.9476      0.495      0.719    26.1675 0.0000e+00
      0.517      0.038     6.6065     81.366     35.254  36.071892     3.0284      7.487   149.5331 1.6858e+02     3.9641      0.507      0.737    26.1646 0.0000e+00
      0.527      0.037     6.6031     81.269     35.256  36.071372     3.0338      7.490   150.6957 1.6685e+02     3.9105      0.514      0.747    26.1612 0.0000e+00
      0.538      0.035     6.5922     81.197     35.257  36.071882     3.0162      7.494   151.4090 1.6536e+02     3.7438      0.530      0.767    26.1612 0.0000e+00
      0.548      0.031     6.5877     81.190     35.265  36.078061     2.9990      7.495   150.5868 1.6515e+02     3.6559      0.540      0.782    26.1590 0.0000e+00
      0.553      0.029     6.5839     81.224     35.272  36.082674     2.9922      7.497   148.8415 1.6523e+02     3.7012      0.541      0.785    26.1536 0.0000e+00
      0.557      0.029     6.5740     81.245     35.257  36.064234     2.9998      7.500   148.2031 1.6446e+02     3.8134      0.544      0.789    26.1500 0.0000e+00
      0.564      0.029     6.5667     81.194     35.242  36.045326     3.0088      7.501   148.6330 1.6325e+02     3.8861      0.552      0.801    26.1484 0.0000e+00
      0.572      0.030     6.5679     81.055     35.242  36.044287     3.0011      7.501   149.3933 1.6214e+02     3.8621      0.562      0.815    26.1462 0.0000e+00
      0.579      0.030     6.5722     80.892     35.250  36.051677     2.9976      7.502   150.1684 1.6056e+02     3.8646      0.566      0.822    26.1418 0.0000e+00
      0.589      0.030     6.5768     80.782     35.270  36.071262     3.0079      7.502   150.2611 1.5875e+02     3.8831      0.577      0.838    26.1373 0.0000e+00
