Data/DataNotYetUploadedToEDI/Raw_CTD/RawDownloads/080124_ccr88_S8188008.cnv
* Sea-Bird SBE19plus  Data File:
* FileName = C:\R\Reservoirs\Data\DataNotYetUploadedToEDI\Raw_CTD\RawDownloads\073124_ccr88_S8188_0008.hex
* Software version 2.8.0.119
* Temperature SN = 8188
* Conductivity SN = 8188
* System UpLoad Time = Aug 02 2024 14:07:10
* <ApplicationData>
* <Seaterm232>
# nquan = 16
# nvalues = 1228                        
# units = specified
# name 0 = depFM: Depth [fresh water, m]
# name 1 = dz/dtM: Descent Rate [m/s]
# name 2 = sbeox0Mg/L: Oxygen, SBE 43 [mg/l]
# name 3 = sbeox0PS: Oxygen, SBE 43 [% saturation]
# name 4 = specc: Specific Conductance [uS/cm]
# name 5 = c0uS/cm: Conductivity [uS/cm]
# name 6 = wetCDOM: Fluorescence, WET Labs CDOM [mg/m^3]
# name 7 = flECO-AFL: Fluorescence, WET Labs ECO-AFL/FL [mg/m^3]
# name 8 = flECO-AFL1: Fluorescence, WET Labs ECO-AFL/FL, 2 [mg/m^3]
# name 9 = flECO-AFL2: Fluorescence, WET Labs ECO-AFL/FL, 3 [mg/m^3]
# name 10 = par/sat/log: PAR/Logarithmic, Satlantic
# name 11 = turbWETntu0: Turbidity, WET Labs ECO [NTU]
# name 12 = prdM: Pressure, Strain Gauge [db]
# name 13 = prdE: Pressure, Strain Gauge [psi]
# name 14 = tv290C: Temperature [ITS-90, deg C]
# name 15 = flag:  0.000e+00
# span 0 =     -0.475,     10.861       
# span 1 =     -0.436,      0.186       
# span 2 =     3.0361,     9.1041       
# span 3 =     28.485,    117.349       
# span 4 =   -446.575,    127.892       
# span 5 =-462.809388, 126.286712       
# span 6 =    -4.5000,    39.9600       
# span 7 =    -0.2655,     5.5596       
# span 8 =    -2.1300,     0.6816       
# span 9 =    -2.0304,     0.6768       
# span 10 = 1.1590e-01, 4.3717e+00      
# span 11 =    -0.5663,   209.8663      
# span 12 =     -0.465,     10.651      
# span 13 =     -0.675,     15.449      
# span 14 =    12.4101,    28.5058      
# span 15 = 0.0000e+00, 0.0000e+00      
# interval = seconds: 0.25
# start_time = Aug 01 2024 06:12:14 [Instrument's time stamp, header]
# bad_flag = -9.990e-29
*END*
[from data line 724]
      5.798      0.036     8.3949     93.707    119.299 109.355202    26.2800     1.5732     0.1704     0.3807 1.4425e-01     0.9141      5.685      8.246    20.9486 0.0000e+00
      5.807      0.037     8.3754     93.706    119.357 109.312724    26.2800     1.3863     0.1704     0.3807 1.5290e-01     1.2011      5.694      8.259    20.9376 0.0000e+00
      5.817      0.038     8.3687     93.669    119.390 109.269357    26.2800     1.3939     0.1704     0.3807 1.6813e-01     1.2615      5.704      8.274    20.9126 0.0000e+00
      5.828      0.038     8.3718     93.582    119.399 109.217531    26.1900     1.3787     0.1278     0.3807 1.7899e-01     1.2162      5.714      8.289    20.8725 0.0000e+00
      5.838      0.038     8.3792     93.450    119.398 109.155423    26.1900     1.3596     0.1278     0.3807 1.5889e-01     1.2313      5.724      8.303    20.8276 0.0000e+00
      5.847      0.038     8.3857     93.273    119.398 109.088460    26.1900     1.4511     0.1278     0.3807 1.3523e-01     0.8990      5.734      8.316    20.7876 0.0000e+00
      5.856      0.038     8.3874     93.056    119.405 109.022775    26.1900     1.4359     0.1278     0.3807 1.6175e-01     0.9594      5.743      8.330    20.7567 0.0000e+00
      5.866      0.038     8.3838     92.801    119.413 108.950845    26.2800     1.4511     0.1704     0.3807 1.5896e-01     0.8990      5.752      8.343    20.7315 0.0000e+00
      5.875      0.038     8.3761     92.510    119.412 108.869479    26.2800     1.4511     0.1704     0.3807 1.4415e-01     0.8990      5.761      8.356    20.7060 0.0000e+00
      5.885      0.039     8.3649     92.184    119.411 108.788963    26.2800     1.3977     0.1704     0.3807 1.6714e-01     0.9896      5.771      8.370    20.6780 0.0000e+00
      5.895      0.040     8.3504     91.805    119.405 108.707815    26.2800     1.3672     0.1704     0.3807 1.1701e-01     0.8990      5.781      8.385    20.6475 0.0000e+00
      5.905      0.041     8.3328     91.357    119.398 108.628385    26.2800     1.3787     0.1704     0.3807 1.4994e-01     0.9745      5.791      8.399    20.6146 0.0000e+00
      5.916      0.042     8.3123     90.839    119.402 108.559477    26.5500     1.3825     0.1278     0.3807 1.4903e-01     1.0349      5.801      8.414    20.5807 0.0000e+00
      5.927      0.043     8.2883     90.281    119.415 108.494708    26.5500     1.5351     0.1278     0.3807 1.3204e-01     1.2615      5.812      8.430    20.5475 0.0000e+00
      5.938      0.044     8.2594     89.715    119.429 108.426799    26.5500     1.5580     0.1278     0.3807 1.6394e-01     1.0954      5.823      8.446    20.5159 0.0000e+00
      5.949      0.044     8.2240     89.162    119.436 108.345636    26.5500     1.5618     0.1278     0.3807 1.3772e-01     1.1105      5.834      8.462    20.4854 0.0000e+00
      5.961      0.045     8.1823     88.633    119.431 108.241568    26.7300     1.5541     0.1278     0.4230 1.4951e-01     1.1860      5.845      8.478    20.4547 0.0000e+00
      5.972      0.045     8.1372     88.125    119.431 108.126824    26.7300     1.6266     0.1278     0.4230 1.6394e-01     1.4126      5.856      8.494    20.4229 0.0000e+00
      5.983      0.046     8.0915     87.622    119.448 108.014782    26.7300     1.6457     0.1278     0.4230 1.6143e-01     1.4277      5.868      8.510    20.3891 0.0000e+00
      5.995      0.046     8.0475     87.080    119.483 107.913543    26.7300     1.6304     0.1278     0.4230 1.5588e-01     1.2615      5.879      8.527    20.3525 0.0000e+00
      6.007      0.047     8.0062     86.445    119.539 107.832088    26.7300     1.6190     0.0852     0.3384 1.4278e-01     1.3673      5.891      8.544    20.3108 0.0000e+00
      6.019      0.047     7.9679     85.663    119.595 107.758686    26.7300     1.6266     0.0852     0.3384 1.3535e-01     1.7147      5.903      8.562    20.2627 0.0000e+00
      6.032      0.048     7.9308     84.705    119.624 107.669759    26.7300     1.6381     0.0852     0.3384 1.1612e-01     1.6694      5.915      8.579    20.2094 0.0000e+00
      6.044      0.048     7.8904     83.577    119.627 107.553587    26.7300     1.6228     0.0852     0.3384 1.3232e-01     1.7298      5.927      8.597    20.1537 0.0000e+00
      6.056      0.048     7.8413     82.317    119.633 107.425165    26.7300     1.6304     0.1278     0.4230 1.2645e-01     1.7298      5.939      8.614    20.0985 0.0000e+00
      6.068      0.049     7.7783     80.968    119.675 107.318214    26.7300     1.5923     0.1278     0.4230 1.1693e-01     2.1075      5.951      8.631    20.0469 0.0000e+00
      6.081      0.048     7.6985     79.569    119.749 107.246184    26.7300     1.5732     0.1278     0.4230 1.6004e-01     2.0169      5.963      8.649    19.9988 0.0000e+00
      6.094      0.047     7.6034     78.170    119.835 107.209852    26.7300     1.5808     0.1278     0.4230 1.2954e-01     1.9413      5.976      8.667    19.9490 0.0000e+00
      6.107      0.046     7.4970     76.833    119.910 107.199523    26.7300     1.5999     0.1278     0.4230 1.5276e-01     2.0018      5.989      8.686    19.8930 0.0000e+00
      6.119      0.044     7.3830     75.627    119.931 107.180453    27.0000     1.4435     0.1704     0.4230 1.4406e-01     1.9715      6.000      8.703    19.8327 0.0000e+00
      6.129      0.041     7.2638     74.620    119.886 107.135563    27.0000     1.4435     0.1704     0.4230 1.2091e-01     1.9111      6.011      8.718    19.7751 0.0000e+00
      6.139      0.039     7.1429     73.859    119.804 107.060881    27.0000     1.4359     0.1704     0.4230 1.4478e-01     2.0018      6.020      8.732    19.7279 0.0000e+00
      6.148      0.038     7.0255     73.361    119.748 106.974480    27.0000     1.4588     0.1704     0.4230 1.3526e-01     1.9413      6.029      8.745    19.6956 0.0000e+00
      6.157      0.038     6.9176     73.115    119.770 106.921287    27.0000     1.5847     0.1704     0.3807 1.4334e-01     1.9564      6.038      8.757    19.6798 0.0000e+00
      6.166      0.039     6.8258     73.078    119.824 106.899104    27.0000     1.5694     0.1704     0.3807 1.2708e-01     1.8507      6.047      8.770    19.6777 0.0000e+00
      6.176      0.040     6.7564     73.176    119.858 106.892013    27.0000     1.5427     0.1704     0.3807 1.4883e-01     2.0018      6.057      8.785    19.6772 0.0000e+00
      6.187      0.041     6.7129     73.332    119.861 106.890124    27.0000     1.5808     0.1704     0.3807 1.1628e-01     2.0169      6.067      8.800    19.6619 0.0000e+00
      6.198      0.043     6.6944     73.501    119.823 106.854956    27.0900     1.5084     0.1278     0.5076 1.4072e-01     2.1528      6.078      8.815    19.6315 0.0000e+00
      6.209      0.044     6.6950     73.674    119.776 106.777137    27.0900     1.4931     0.1278     0.5076 1.3999e-01     2.1377      6.089      8.831    19.6020 0.0000e+00
      6.220      0.046     6.7062     73.845    119.764 106.679894    27.0900     1.5046     0.1278     0.5076 1.2333e-01     2.2132      6.100      8.847    19.5864 0.0000e+00
      6.232      0.047     6.7207     74.001    119.798 106.587268    27.0900     1.5122     0.1278     0.5076 1.3209e-01     2.1377      6.112      8.864    19.5845 0.0000e+00
      6.244      0.047     6.7363     74.106    119.856 106.502536    27.0900     1.5808     0.1278     0.5076 1.2642e-01     2.1226      6.124      8.881    19.5840 0.0000e+00
      6.257      0.048     6.7542     74.114    119.878 106.391102    27.1800     1.5770     0.1278     0.3807 1.4142e-01     2.0924      6.136      8.899    19.5689 0.0000e+00
      6.269      0.050     6.7747     73.987    119.875 106.261225    27.1800     1.5808     0.1278     0.3807 1.2897e-01     2.2132      6.148      8.916    19.5331 0.0000e+00
      6.281      0.051     6.7960     73.702    119.901 106.158227    27.1800     1.5808     0.1278     0.3807 1.1623e-01     2.2132      6.160      8.934    19.4816 0.0000e+00
      6.294      0.052     6.8134     73.251    119.941 106.080623    27.1800     1.5046     0.1278     0.3807 1.5204e-01     2.3945      6.173      8.952    19.4248 0.0000e+00
      6.308      0.053     6.8216     72.648    119.961 105.999718    27.6300     1.5198     0.1704     0.3807 1.3517e-01     2.4398      6.186      8.972    19.3702 0.0000e+00
      6.322      0.054     6.8171     71.917    119.947 105.893936    27.6300     1.5007     0.1704     0.3807 1.2596e-01     2.2737      6.200      8.992    19.3170 0.0000e+00
      6.337      0.055     6.7978     71.095    119.921 105.759054    27.6300     1.5007     0.1704     0.3807 1.1615e-01     2.3643      6.214      9.013    19.2647 0.0000e+00
      6.351      0.056     6.7626     70.226    119.915 105.605079    27.6300     1.5351     0.1704     0.3807 1.1605e-01     2.4398      6.228      9.033    19.2174 0.0000e+00
      6.365      0.057     6.7123     69.344    119.969 105.466905    27.8100     1.5122     0.1704     0.5076 1.1607e-01     2.3945      6.242      9.053    19.1765 0.0000e+00
      6.379      0.057     6.6499     68.437    120.104 105.381636    27.8100     1.5007     0.1704     0.5076 1.2897e-01     2.3341      6.256      9.073    19.1375 0.0000e+00
      6.394      0.058     6.5799     67.438    120.294 105.346513    27.8100     1.5274     0.1704     0.5076 1.1623e-01     2.3341      6.270      9.094    19.0910 0.0000e+00
      6.409      0.058     6.5075     66.249    120.483 105.332169    27.8100     1.2909     0.1704     0.5076 1.1617e-01     2.9837      6.285      9.116    19.0289 0.0000e+00
      6.425      0.058     6.4357     64.776    120.635 105.314782    27.9000     1.3176     0.1704     0.5076 1.1623e-01     2.9837      6.300      9.138    18.9518 0.0000e+00
      6.440      0.058     6.3623     62.959    120.762 105.297707    27.9000     1.3443     0.1704     0.5076 1.1617e-01     3.0139      6.315      9.160    18.8671 0.0000e+00
      6.455      0.056     6.2800     60.821    120.873 105.280385    27.9000     1.3405     0.1704     0.5076 1.1607e-01     3.1498      6.330      9.181    18.7833 0.0000e+00
      6.469      0.054     6.1785     58.496    120.965 105.258193    27.9000     1.2566     0.1704     0.5076 1.2328e-01     3.2858      6.344      9.201    18.7088 0.0000e+00
      6.483      0.053     6.0486     56.185    121.057 105.237203    27.9000     1.2375     0.1704     0.5076 1.3567e-01     3.3311      6.357      9.221    18.6465 0.0000e+00
      6.496      0.051     5.8852     54.077    121.159 105.203822    28.3500     1.3024     0.2130     0.4653 1.2250e-01     3.4067      6.370      9.239    18.5932 0.0000e+00
      6.508      0.051     5.6907     52.322    121.273 105.151144    28.3500     1.2528     0.2130     0.4653 1.1602e-01     3.2858      6.382      9.257    18.5459 0.0000e+00
      6.521      0.051     5.4779     50.990    121.387 105.075109    28.3500     1.2032     0.2130     0.4653 1.2242e-01     3.5124      6.394      9.274    18.5036 0.0000e+00
      6.534      0.052     5.2659     50.038    121.489 104.951440    28.3500     1.2223     0.2130     0.4653 1.1605e-01     3.5124      6.407      9.293    18.4619 0.0000e+00
      6.547      0.054     5.0735     49.327    121.621 104.803119    28.2600     1.1841     0.1704     0.5499 1.1691e-01     3.6030      6.420      9.312    18.4117 0.0000e+00
      6.561      0.055     4.9151     48.698    121.782 104.684525    28.2600     1.2032     0.1704     0.5499 1.1612e-01     3.6635      6.434      9.332    18.3491 0.0000e+00
      6.576      0.056     4.7971     48.030    121.892 104.609985    28.2600     1.1460     0.1704     0.5499 1.1997e-01     3.1801      6.449      9.353    18.2775 0.0000e+00
      6.591      0.055     4.7161     47.259    121.896 104.549619    28.2600     1.1307     0.1704     0.5499 1.1617e-01     2.9837      6.463      9.374    18.1904 0.0000e+00
      6.605      0.054     4.6595     46.400    121.824 104.469345    28.4400     1.1307     0.2130     0.4230 1.1607e-01     3.0894      6.478      9.395    18.0825 0.0000e+00
      6.619      0.053     4.6103     45.534    121.745 104.359760    28.4400     1.1078     0.2130     0.4230 1.1686e-01     3.0441      6.491      9.415    17.9770 0.0000e+00
      6.632      0.051     4.5537     44.790    121.650 104.173653    28.4400     1.0735     0.2130     0.4230 1.1625e-01     2.5607      6.504      9.433    17.9076 0.0000e+00
      6.645      0.050     4.4832     44.301    121.507 103.853403    28.4400     1.0659     0.2130     0.4230 1.1612e-01     2.4852      6.516      9.451    17.8809 0.0000e+00
      6.657      0.050     4.4026     44.136    121.400 103.419545    28.3500     1.0926     0.2130     0.4653 1.1605e-01     2.5154      6.528      9.468    17.8734 0.0000e+00
      6.669      0.051     4.3221     44.271    121.449 102.950256    28.3500     1.0620     0.2130     0.4653 1.1610e-01     2.5305      6.540      9.485    17.8560 0.0000e+00
      6.681      0.053     4.2555     44.634    121.697 102.544220    28.3500     0.9552     0.2130     0.4653 1.1612e-01     1.9866      6.552      9.503    17.8131 0.0000e+00
      6.695      0.055     4.2164     45.154    122.083 102.261011    28.3500     0.9438     0.2130     0.4653 1.1602e-01     1.9715      6.566      9.523    17.7322 0.0000e+00
      6.710      0.057     4.2133     45.768    122.466 102.067043    28.3500     0.9514     0.2130     0.4653 1.3757e-01     1.8809      6.580      9.544    17.5921 0.0000e+00
      6.725      0.059     4.2450     46.433    122.738 101.890585    28.6200     0.9476     0.1704     0.5922 1.1612e-01     1.9111      6.596      9.566    17.3829 0.0000e+00
      6.741      0.059     4.3027     47.121    122.892 101.696562    28.6200     0.9362     0.1704     0.5922 1.1623e-01     1.8356      6.611      9.588    17.1306 0.0000e+00
      6.756      0.060     4.3755     47.814    122.984 101.491187    28.6200     0.9362     0.1704     0.5922 1.1617e-01     1.9413      6.626      9.610    16.8819 0.0000e+00
      6.771      0.060     4.4546     48.507    123.043 101.279643    28.6200     0.9552     0.1704     0.5922 1.1617e-01     1.9111      6.640      9.631    16.6712 0.0000e+00
      6.786      0.060     4.5348     49.206    123.066 101.035491    28.8000     0.9438     0.2130     0.5076 1.1623e-01     1.9262      6.655      9.653    16.5062 0.0000e+00
      6.802      0.061     4.6146     49.907    123.117 100.769564    28.8000     1.0849     0.2130     0.5076 1.3526e-01     1.9111      6.670      9.674    16.3743 0.0000e+00
      6.817      0.063     4.6937     50.587    123.273 100.530849    28.8000     1.0735     0.2130     0.5076 1.1607e-01     1.8960      6.685      9.696    16.2595 0.0000e+00
      6.833      0.065     4.7723     51.224    123.499 100.327615    28.8000     1.0659     0.2130     0.5076 1.1635e-01     1.8960      6.701      9.719    16.1534 0.0000e+00
      6.850      0.067     4.8520     51.819    123.761 100.179589    28.8000     1.1154     0.2130     0.4230 1.1617e-01     1.9715      6.717      9.742    16.0466 0.0000e+00
      6.867      0.068     4.9342     52.392    124.036 100.109231    28.8000     1.1307     0.2130     0.4230 1.1617e-01     2.3643      6.735      9.768    15.9220 0.0000e+00
      6.886      0.068     5.0173     52.972    124.239 100.079779    28.8000     1.1498     0.2130     0.4230 1.1617e-01     2.3643      6.753      9.794    15.7737 0.0000e+00
      6.904      0.067     5.0973     53.577    124.322 100.041405    28.8000     1.1574     0.2130     0.4230 1.1607e-01     2.4247      6.771      9.821    15.6170 0.0000e+00
      6.922      0.066     5.1724     54.189    124.332  99.973890    28.8000     1.1116     0.2130     0.4230 1.1607e-01     2.3039      6.788      9.845    15.4712 0.0000e+00
