Data/DataNotYetUploadedToEDI/Raw_CTD/RawDownloads/080124_ccr88_S8188010.cnv
* Sea-Bird SBE19plus  Data File:
* FileName = C:\R\Reservoirs\Data\DataNotYetUploadedToEDI\Raw_CTD\RawDownloads\073124_ccr88_S8188_0010.hex
* Software version 2.8.0.119
* Temperature SN = 8188
* Conductivity SN = 8188
* System UpLoad Time = Aug 02 2024 14:07:46
* <ApplicationData>
* <Seaterm232>
# nquan = 16
# nvalues = 1630                        
# units = specified
# name 0 = depFM: Depth [fresh water, m]
# name 1 = dz/dtM: Descent Rate [m/s]
# name 2 = sbeox0Mg/L: Oxygen, SBE 43 [mg/l]
# name 3 = sbeox0PS: Oxygen, SBE 43 [% saturation]
# name 4 = specc: Specific Conductance [uS/cm]
# name 5 = c0uS/cm: Conductivity [uS/cm]
# name 6 = wetCDOM: Fluorescence, WET Labs CDOM [mg/m^3]
# name 7 = flECO-AFL: Fluorescence, WET Labs ECO-AFL/FL [mg/m^3]
# name 8 = flECO-AFL1: Fluorescence, WET Labs ECO-AFL/FL, 2 [mg/m^3]
# name 9 = flECO-AFL2: Fluorescence, WET Labs ECO-AFL/FL, 3 [mg/m^3]
# name 10 = par/sat/log: PAR/Logarithmic, Satlantic
# name 11 = turbWETntu0: Turbidity, WET Labs ECO [NTU]
# name 12 = prdM: Pressure, Strain Gauge [db]
# name 13 = prdE: Pressure, Strain Gauge [psi]
# name 14 = tv290C: Temperature [ITS-90, deg C]
# name 15 = flag:  0.000e+00
# span 0 =     -0.278,      8.651       
# span 1 =     -0.266,      0.098       
# span 2 =     2.5906,     9.9265       
# span 3 =     25.659,    129.441       
# span 4 =   -429.042,    125.027       
# span 5 =-459.644542, 131.962756       
# span 6 =    -4.5000,    27.7200       
# span 7 =    -0.0137,     3.6027       
# span 8 =    -2.1300,     0.2556       
# span 9 =    -2.0304,     0.6345       
# span 10 = 7.4807e+00, 9.1149e+02      
# span 11 =    -1.1102,     3.9052      
# span 12 =     -0.272,      8.484      
# span 13 =     -0.395,     12.305      
# span 14 =    12.6780,    33.8635      
# span 15 = 0.0000e+00, 0.0000e+00      
# interval = seconds: 0.25
# start_time = Aug 01 2024 13:04:18 [Instrument's time stamp, header]
# bad_flag = -9.990e-29
*END*
[from data line 1356]
      8.447     -0.137     4.1383     42.039    124.167  94.731042    27.1800     2.7939     0.1704     0.4230 1.0628e+01     2.4247      8.284     12.015    12.9484 0.0000e+00
      8.408     -0.136     4.1711     43.386    124.081  94.684774    26.9100     2.6452     0.1278     0.4653 1.1458e+01     1.8205      8.245     11.959    13.0126 0.0000e+00
      8.371     -0.129     4.2236     44.939    124.036  94.617450    26.9100     2.6528     0.1278     0.4653 1.2016e+01     1.8356      8.209     11.907    13.0706 0.0000e+00
      8.338     -0.119     4.3032     46.597    124.038  94.547077    26.9100     2.6566     0.1278     0.4653 1.2097e+01     1.8507      8.177     11.860    13.1156 0.0000e+00
      8.310     -0.107     4.4139     48.230    124.085  94.498835    26.9100     2.6490     0.1278     0.4653 1.2177e+01     1.7147      8.149     11.820    13.1437 0.0000e+00
      8.286     -0.096     4.5547     49.680    124.150  94.479833    26.7300     2.6413     0.1704     0.5499 1.2179e+01     1.3371      8.125     11.785    13.1516 0.0000e+00
      8.264     -0.088     4.7194     50.781    124.199  94.473014    26.7300     2.6528     0.1704     0.5499 1.2192e+01     1.2313      8.104     11.755    13.1383 0.0000e+00
      8.244     -0.083     4.8967     51.408    124.218  94.460576    26.7300     2.6604     0.1704     0.5499 1.2366e+01     1.2313      8.085     11.726    13.1092 0.0000e+00
      8.225     -0.082     5.0722     51.515    124.233  94.453186    26.7300     2.6490     0.1704     0.5499 1.2390e+01     1.4277      8.066     11.699    13.0754 0.0000e+00
      8.206     -0.086     5.2278     51.165    124.268  94.470852    26.7300     2.6070     0.1704     0.4653 1.2230e+01     1.4428      8.048     11.672    13.0476 0.0000e+00
      8.186     -0.094     5.3457     50.502    124.294  94.496305    26.7300     2.5879     0.1704     0.4653 1.2008e+01     1.3673      8.028     11.644    13.0299 0.0000e+00
      8.163     -0.106     5.4128     49.695    124.283  94.506365    26.7300     2.5879     0.1704     0.4653 1.2050e+01     1.3522      8.005     11.611    13.0190 0.0000e+00
      8.136     -0.119     5.4250     48.889    124.252  94.507712    26.7300     2.6070     0.1704     0.4653 1.2709e+01     1.2918      7.978     11.572    13.0113 0.0000e+00
      8.103     -0.131     5.3885     48.194    124.213  94.504703    26.7300     2.6070     0.2130     0.4230 1.3660e+01     1.2766      7.946     11.525    13.0077 0.0000e+00
      8.065     -0.142     5.3184     47.683    124.165  94.492542    26.7300     2.6909     0.2130     0.4230 1.4695e+01     1.3220      7.909     11.471    13.0102 0.0000e+00
      8.025     -0.150     5.2325     47.374    124.111  94.467987    26.7300     2.6490     0.2130     0.4230 1.5698e+01     1.2615      7.870     11.414    13.0176 0.0000e+00
      7.984     -0.155     5.1464     47.237    124.068  94.442472    26.7300     2.6528     0.2130     0.4230 1.6654e+01     1.2766      7.830     11.356    13.0277 0.0000e+00
      7.943     -0.157     5.0721     47.223    124.051  94.435164    26.7300     2.6528     0.2130     0.4230 1.7296e+01     1.2162      7.790     11.298    13.0384 0.0000e+00
      7.904     -0.157     5.0172     47.308    124.051  94.446112    26.7300     2.5956     0.1704     0.3807 1.7202e+01     1.3824      7.751     11.242    13.0481 0.0000e+00
      7.864     -0.155     4.9839     47.495    124.045  94.456260    26.7300     2.5841     0.1704     0.3807 1.8060e+01     1.3220      7.712     11.185    13.0548 0.0000e+00
      7.824     -0.152     4.9691     47.797    124.029  94.454330    26.7300     2.5879     0.1704     0.3807 1.9521e+01     1.2766      7.673     11.129    13.0579 0.0000e+00
      7.784     -0.147     4.9674     48.210    124.023  94.449798    26.7300     2.5727     0.1704     0.3807 2.0895e+01     1.2011      7.634     11.072    13.0602 0.0000e+00
      7.746     -0.142     4.9758     48.707    124.015  94.439457    26.9100     2.6528     0.1704     0.3807 2.1889e+01     1.3371      7.596     11.017    13.0645 0.0000e+00
      7.710     -0.136     4.9948     49.262    123.987  94.414554    26.9100     2.6604     0.1704     0.3807 2.1662e+01     1.2918      7.561     10.966    13.0704 0.0000e+00
      7.677     -0.128     5.0262     49.851    123.948  94.380438    26.9100     2.6452     0.1704     0.3807 2.2153e+01     1.2162      7.529     10.919    13.0745 0.0000e+00
      7.645     -0.120     5.0695     50.441    123.910  94.339998    26.9100     2.6604     0.1704     0.3807 2.3167e+01     1.2918      7.498     10.874    13.0746 0.0000e+00
      7.615     -0.112     5.1220     51.001    123.878  94.296434    26.9100     2.6948     0.2130     0.4653 2.4296e+01     1.2918      7.468     10.832    13.0727 0.0000e+00
      7.587     -0.105     5.1805     51.508    123.847  94.254112    26.9100     2.7367     0.2130     0.4653 2.4927e+01     1.3220      7.441     10.792    13.0714 0.0000e+00
      7.562     -0.100     5.2427     51.953    123.817  94.219725    26.9100     2.7062     0.2130     0.4653 2.4981e+01     1.3673      7.416     10.756    13.0696 0.0000e+00
      7.539     -0.098     5.3054     52.333    123.809  94.212072    26.9100     2.7215     0.2130     0.4653 2.4497e+01     1.2313      7.394     10.724    13.0648 0.0000e+00
      7.517     -0.100     5.3652     52.652    123.832  94.237104    26.9100     2.6719     0.2130     0.4653 2.4254e+01     1.0954      7.372     10.692    13.0571 0.0000e+00
      7.494     -0.105     5.4195     52.921    123.860  94.277523    27.0000     2.6490     0.1704     0.4653 2.4201e+01     1.1558      7.350     10.659    13.0496 0.0000e+00
      7.468     -0.112     5.4668     53.152    123.874  94.316138    27.0000     2.6490     0.1704     0.4653 2.4803e+01     1.0500      7.324     10.622    13.0450 0.0000e+00
      7.437     -0.119     5.5068     53.355    123.865  94.341270    27.0000     2.6490     0.1704     0.4653 2.6897e+01     1.0047      7.294     10.579    13.0442 0.0000e+00
      7.403     -0.125     5.5400     53.531    123.836  94.347636    27.0000     2.5918     0.1704     0.4653 2.9218e+01     1.0198      7.260     10.530    13.0473 0.0000e+00
      7.368     -0.127     5.5674     53.675    123.807  94.348922    27.0900     2.6070     0.2130     0.4653 3.0917e+01     1.0803      7.226     10.480    13.0549 0.0000e+00
      7.333     -0.128     5.5903     53.786    123.793  94.359458    27.0900     2.5918     0.2130     0.4653 3.1892e+01     1.0954      7.192     10.430    13.0662 0.0000e+00
      7.301     -0.127     5.6101     53.871    123.777  94.372063    27.0900     2.5841     0.2130     0.4653 3.1768e+01     1.0349      7.160     10.384    13.0789 0.0000e+00
      7.271     -0.125     5.6271     53.935    123.758  94.390099    27.0900     2.7596     0.2130     0.4653 3.1411e+01     1.0349      7.130     10.341    13.0904 0.0000e+00
      7.241     -0.123     5.6410     53.991    123.739  94.416379    27.1800     2.7558     0.2130     0.5499 3.1486e+01     1.1407      7.101     10.299    13.0999 0.0000e+00
      7.210     -0.120     5.6516     54.064    123.703  94.427945    27.1800     2.7520     0.2130     0.5499 3.3078e+01     1.0047      7.071     10.255    13.1085 0.0000e+00
      7.178     -0.115     5.6592     54.175    123.657  94.421890    27.1800     2.8016     0.2130     0.5499 3.5077e+01     1.0652      7.039     10.209    13.1186 0.0000e+00
      7.145     -0.107     5.6643     54.328    123.616  94.408588    27.1800     2.7367     0.2130     0.5499 3.7237e+01     1.1256      7.007     10.163    13.1319 0.0000e+00
      7.116     -0.096     5.6681     54.513    123.583  94.394481    27.1800     2.7062     0.2130     0.5499 3.7668e+01     1.0954      6.979     10.122    13.1483 0.0000e+00
      7.093     -0.084     5.6738     54.710    123.573  94.393788    27.1800     2.7253     0.2130     0.5499 3.7635e+01     1.0198      6.956     10.088    13.1642 0.0000e+00
      7.075     -0.070     5.6840     54.898    123.578  94.396336    27.1800     2.6909     0.2130     0.5499 3.7172e+01     1.0500      6.938     10.063    13.1759 0.0000e+00
      7.061     -0.059     5.6992     55.065    123.588  94.390817    27.1800     2.7710     0.2130     0.5499 3.6691e+01     1.0198      6.924     10.043    13.1830 0.0000e+00
      7.049     -0.050     5.7180     55.212    123.620  94.391743    27.1800     2.7672     0.2130     0.5499 3.6843e+01     1.0349      6.913     10.027    13.1876 0.0000e+00
      7.039     -0.044     5.7383     55.336    123.676  94.405353    27.4500     2.7749     0.2130     0.4653 3.7075e+01     1.0954      6.903     10.012    13.1905 0.0000e+00
      7.029     -0.042     5.7580     55.431    123.733  94.421288    27.4500     2.7634     0.2130     0.4653 3.7188e+01     1.0349      6.893      9.998    13.1898 0.0000e+00
      7.020     -0.043     5.7762     55.492    123.778  94.433807    27.4500     2.6452     0.2130     0.4653 3.7132e+01     1.0198      6.884      9.984    13.1847 0.0000e+00
      7.010     -0.047     5.7929     55.513    123.823  94.456238    27.4500     2.6604     0.2130     0.4653 3.7019e+01     1.0047      6.874      9.970    13.1751 0.0000e+00
      6.999     -0.054     5.8074     55.493    123.888  94.508544    27.4500     2.6604     0.2130     0.4230 3.7067e+01     1.0198      6.863      9.954    13.1632 0.0000e+00
      6.985     -0.064     5.8188     55.428    123.959  94.590690    27.4500     2.6719     0.2130     0.4230 3.7011e+01     1.0500      6.850      9.936    13.1519 0.0000e+00
      6.969     -0.076     5.8263     55.313    124.009  94.688617    27.4500     2.6642     0.2130     0.4230 3.7156e+01     0.9745      6.834      9.913    13.1433 0.0000e+00
      6.949     -0.089     5.8292     55.147    124.030  94.798474    27.4500     2.6223     0.2130     0.4230 3.7783e+01     1.0803      6.815      9.884    13.1383 0.0000e+00
      6.924     -0.101     5.8269     54.955    124.015  94.911599    27.4500     2.6375     0.2130     0.4653 3.9103e+01     1.0652      6.790      9.849    13.1394 0.0000e+00
      6.895     -0.110     5.8187     54.789    123.969  95.022201    27.4500     2.6642     0.2130     0.4653 4.0716e+01     0.9896      6.762      9.807    13.1508 0.0000e+00
      6.863     -0.116     5.8036     54.694    123.913  95.137804    27.4500     2.0234     0.2130     0.4653 4.3082e+01     1.3975      6.730      9.761    13.1751 0.0000e+00
      6.829     -0.119     5.7813     54.692    123.850  95.249281    27.4500     2.0234     0.2130     0.4653 4.5006e+01     1.2918      6.698      9.714    13.2129 0.0000e+00
      6.798     -0.119     5.7547     54.774    123.784  95.346408    27.4500     2.0310     0.2130     0.5499 4.5103e+01     1.2615      6.667      9.669    13.2630 0.0000e+00
      6.768     -0.118     5.7298     54.913    123.748  95.447099    27.4500     2.0348     0.2130     0.5499 4.4927e+01     1.2615      6.638      9.627    13.3221 0.0000e+00
      6.740     -0.115     5.7118     55.072    123.757  95.570218    27.4500     2.0424     0.2130     0.5499 4.5251e+01     1.2313      6.610      9.587    13.3860 0.0000e+00
      6.712     -0.113     5.7034     55.215    123.793  95.714633    27.4500     2.0501     0.2130     0.5499 4.6456e+01     1.1860      6.583      9.547    13.4504 0.0000e+00
      6.683     -0.109     5.7043     55.300    123.841  95.874901    27.4500     2.0424     0.2130     0.5499 4.8027e+01     1.3220      6.554      9.505    13.5102 0.0000e+00
      6.653     -0.105     5.7122     55.296    123.877  96.033823    27.4500     2.0424     0.2130     0.4230 5.0247e+01     1.3220      6.525      9.463    13.5620 0.0000e+00
      6.625     -0.101     5.7229     55.191    123.879  96.177839    27.4500     1.9700     0.2130     0.4230 5.1273e+01     1.6241      6.497      9.423    13.6087 0.0000e+00
      6.600     -0.096     5.7317     55.004    123.841  96.307393    27.4500     1.9890     0.2130     0.4230 5.1106e+01     1.4277      6.473      9.388    13.6559 0.0000e+00
      6.578     -0.094     5.7343     54.754    123.759  96.417079    27.4500     1.9738     0.2130     0.4230 5.0587e+01     1.5939      6.451      9.356    13.7056 0.0000e+00
      6.557     -0.093     5.7271     54.458    123.694  96.528161    27.3600     2.0005     0.2130     0.3807 5.0433e+01     1.4579      6.431      9.327    13.7588 0.0000e+00
      6.536     -0.097     5.7091     54.134    123.702  96.678261    27.3600     2.1149     0.2130     0.3807 5.0929e+01     1.2162      6.410      9.296    13.8163 0.0000e+00
      6.512     -0.103     5.6818     53.799    123.739  96.865447    27.3600     2.1073     0.2130     0.3807 5.1541e+01     1.2313      6.387      9.263    13.8806 0.0000e+00
      6.486     -0.113     5.6474     53.481    123.747  97.071701    27.3600     2.1073     0.2130     0.3807 5.2719e+01     1.3069      6.360      9.225    13.9505 0.0000e+00
      6.455     -0.124     5.6089     53.228    123.748  97.326054    27.0900     2.0997     0.2130     0.3807 5.4442e+01     1.3673      6.331      9.182    14.0158 0.0000e+00
      6.422     -0.134     5.5684     53.086    123.778  97.680355    27.0900     1.6724     0.2130     0.3807 5.5409e+01     1.5032      6.298      9.134    14.0740 0.0000e+00
      6.386     -0.143     5.5261     53.093    123.818  98.155159    27.0900     1.6571     0.2130     0.3807 5.6602e+01     1.5032      6.263      9.083    14.1380 0.0000e+00
      6.347     -0.149     5.4836     53.293    123.784  98.713240    27.0900     1.6724     0.2130     0.3807 5.8962e+01     1.4730      6.224      9.028    14.2190 0.0000e+00
      6.306     -0.149     5.4453     53.725    123.607  99.287630    27.0900     1.6877     0.2130     0.3807 6.2335e+01     1.5939      6.184      8.969    14.3217 0.0000e+00
      6.264     -0.143     5.4147     54.420    123.326  99.847687    27.1800     1.3062     0.2130     0.5076 6.6073e+01     1.2918      6.143      8.909    14.4557 0.0000e+00
      6.224     -0.131     5.3939     55.386    123.042 100.430884    27.1800     1.2947     0.2130     0.5076 6.9792e+01     1.3673      6.104      8.853    14.6354 0.0000e+00
      6.190     -0.115     5.3858     56.614    122.751 101.046881    27.1800     1.3024     0.2130     0.5076 7.0218e+01     1.2011      6.071      8.805    14.8729 0.0000e+00
      6.163     -0.097     5.3947     58.097    122.314 101.592172    27.1800     1.3024     0.2130     0.5076 7.0646e+01     1.3673      6.044      8.767    15.1638 0.0000e+00
      6.143     -0.079     5.4261     59.827    121.746 102.018353    26.6400     1.2871     0.1278     0.3807 7.0784e+01     1.3673      6.024      8.738    15.4835 0.0000e+00
      6.128     -0.063     5.4825     61.782    121.211 102.355176    26.6400     1.2757     0.1278     0.3807 7.0416e+01     1.2615      6.010      8.716    15.8150 0.0000e+00
      6.116     -0.051     5.5619     63.926    120.735 102.552593    26.6400     1.3138     0.1278     0.3807 7.0784e+01     1.2162      5.998      8.700    16.1636 0.0000e+00
      6.106     -0.043     5.6625     66.212    120.273 102.525367    26.6400     1.3176     0.1278     0.3807 7.1495e+01     1.2918      5.989      8.686    16.5350 0.0000e+00
      6.098     -0.038     5.7863     68.544    119.936 102.332213    26.3700     1.3520     0.1704     0.4230 7.2167e+01     1.2162      5.980      8.673    16.9036 0.0000e+00
      6.089     -0.036     5.9359     70.737    119.892 102.159460    26.3700     1.3443     0.1704     0.4230 7.2512e+01     1.2615      5.971      8.661    17.2262 0.0000e+00
      6.081     -0.038     6.1119     72.547    120.066 102.100920    26.3700     1.3710     0.1704     0.4230 7.2971e+01     1.3220      5.963      8.649    17.4727 0.0000e+00
      6.072     -0.041     6.3125     73.776    120.256 102.114973    26.3700     1.3443     0.1704     0.4230 7.3114e+01     1.2766      5.955      8.637    17.6233 0.0000e+00
