Data/DataNotYetUploadedToEDI/Raw_CTD/RawDownloads/080124_ccr88_S8188010.cnv
* Sea-Bird SBE19plus  Data File:
* FileName = C:\R\Reservoirs\Data\DataNotYetUploadedToEDI\Raw_CTD\RawDownloads\073124_ccr88_S8188_0010.hex
* Software version 2.8.0.119
* Temperature SN = 8188
* Conductivity SN = 8188
* System UpLoad Time = Aug 02 2024 14:07:46
* <ApplicationData>
* <Seaterm232>
# nquan = 16
# nvalues = 1630                        
# units = specified
# name 0 = depFM: Depth [fresh water, m]
# name 1 = dz/dtM: Descent Rate [m/s]
# name 2 = sbeox0Mg/L: Oxygen, SBE 43 [mg/l]
# name 3 = sbeox0PS: Oxygen, SBE 43 [% saturation]
# name 4 = specc: Specific Conductance [uS/cm]
# name 5 = c0uS/cm: Conductivity [uS/cm]
# name 6 = wetCDOM: Fluorescence, WET Labs CDOM [mg/m^3]
# name 7 = flECO-AFL: Fluorescence, WET Labs ECO-AFL/FL [mg/m^3]
# name 8 = flECO-AFL1: Fluorescence, WET Labs ECO-AFL/FL, 2 [mg/m^3]
# name 9 = flECO-AFL2: Fluorescence, WET Labs ECO-AFL/FL, 3 [mg/m^3]
# name 10 = par/sat/log: PAR/Logarithmic, Satlantic
# name 11 = turbWETntu0: Turbidity, WET Labs ECO [NTU]
# name 12 = prdM: Pressure, Strain Gauge [db]
# name 13 = prdE: Pressure, Strain Gauge [psi]
# name 14 = tv290C: Temperature [ITS-90, deg C]
# name 15 = flag:  0.000e+00
# span 0 =     -0.278,      8.651       
# span 1 =     -0.266,      0.098       
# span 2 =     2.5906,     9.9265       
# span 3 =     25.659,    129.441       
# span 4 =   -429.042,    125.027       
# span 5 =-459.644542, 131.962756       
# span 6 =    -4.5000,    27.7200       
# span 7 =    -0.0137,     3.6027       
# span 8 =    -2.1300,     0.2556       
# span 9 =    -2.0304,     0.6345       
# span 10 = 7.4807e+00, 9.1149e+02      
# span 11 =    -1.1102,     3.9052      
# span 12 =     -0.272,      8.484      
# span 13 =     -0.395,     12.305      
# span 14 =    12.6780,    33.8635      
# span 15 = 0.0000e+00, 0.0000e+00      
# interval = seconds: 0.25
# start_time = Aug 01 2024 13:04:18 [Instrument's time stamp, header]
# bad_flag = -9.990e-29
*END*
[from data line 724]
      2.020      0.019     8.5306    110.064    116.584 125.023759    10.3500     0.3983     0.0426     0.0846 2.1399e+02    -0.7627      1.981      2.873    28.6159 0.0000e+00
      2.024      0.019     8.5289    110.040    116.597 125.037137    10.3500     0.3716     0.0426     0.0846 2.1250e+02    -0.7023      1.986      2.879    28.6147 0.0000e+00
      2.029      0.019     8.5265    110.032    116.604 125.043542    10.3500     0.3830     0.0426     0.0846 2.1121e+02    -0.8080      1.990      2.886    28.6139 0.0000e+00
      2.034      0.018     8.5235    110.014    116.599 125.036679    10.3500     0.3868     0.0000     0.0846 2.0984e+02    -0.7174      1.995      2.893    28.6133 0.0000e+00
      2.039      0.018     8.5202    109.980    116.592 125.026722    10.3500     0.3754     0.0000     0.0846 2.0816e+02    -0.7476      2.000      2.900    28.6128 0.0000e+00
      2.044      0.018     8.5183    109.948    116.594 125.027021    10.3500     0.4021     0.0000     0.0846 2.0816e+02    -0.7929      2.005      2.907    28.6123 0.0000e+00
      2.048      0.018     8.5178    109.934    116.601 125.033657    10.3500     0.3906     0.0000     0.0846 2.0717e+02    -0.7174      2.009      2.913    28.6118 0.0000e+00
      2.053      0.018     8.5165    109.960    116.608 125.040394    10.3500     0.3945     0.0000     0.0846 2.0582e+02    -0.7023      2.013      2.920    28.6111 0.0000e+00
      2.057      0.018     8.5140    110.038    116.621 125.053031    10.4400     0.3983     0.0426     0.0846 2.0632e+02    -0.7476      2.018      2.926    28.6102 0.0000e+00
      2.062      0.018     8.5116    110.152    116.639 125.070936    10.4400     0.3830     0.0426     0.0846 2.0355e+02    -0.7325      2.022      2.933    28.6094 0.0000e+00
      2.067      0.019     8.5106    110.268    116.649 125.078876    10.4400     0.3906     0.0426     0.0846 2.0431e+02    -0.7778      2.027      2.940    28.6089 0.0000e+00
      2.072      0.019     8.5127    110.353    116.653 125.078968    10.4400     0.3792     0.0426     0.0846 2.0298e+02    -0.8080      2.032      2.947    28.6086 0.0000e+00
      2.077      0.018     8.5188    110.383    116.662 125.083242    10.3500     0.3945     0.0426     0.1269 2.0241e+02    -0.7476      2.037      2.954    28.6082 0.0000e+00
      2.081      0.018     8.5277    110.351    116.678 125.094836    10.3500     0.3868     0.0426     0.1269 2.0206e+02    -0.7778      2.041      2.961    28.6076 0.0000e+00
      2.086      0.017     8.5368    110.261    116.701 125.114843    10.3500     0.3411     0.0426     0.1269 2.0153e+02    -0.7174      2.046      2.967    28.6065 0.0000e+00
      2.090      0.017     8.5437    110.134    116.712 125.122586    10.3500     0.3716     0.0426     0.1269 2.0144e+02    -0.6872      2.050      2.973    28.6048 0.0000e+00
      2.094      0.016     8.5463    110.008    116.706 125.114127    10.3500     0.3792     0.0426     0.1692 2.0157e+02    -0.7174      2.054      2.979    28.6026 0.0000e+00
      2.098      0.016     8.5442    109.920    116.697 125.103218    10.3500     0.4440     0.0426     0.1692 2.0131e+02    -0.7325      2.058      2.984    28.6002 0.0000e+00
      2.102      0.015     8.5376    109.877    116.679 125.082946    10.3500     0.4402     0.0426     0.1692 2.0100e+02    -0.7476      2.061      2.990    28.5980 0.0000e+00
      2.106      0.015     8.5280    109.864    116.649 125.051909    10.3500     0.4364     0.0426     0.1692 2.0074e+02    -0.6268      2.065      2.995    28.5962 0.0000e+00
      2.110      0.015     8.5184    109.875    116.613 125.013835    10.3500     0.4364     0.0426     0.2961 2.0074e+02    -0.6872      2.069      3.001    28.5951 0.0000e+00
      2.113      0.014     8.5117    109.900    116.575 124.974577    10.3500     0.4440     0.0426     0.2961 2.0022e+02    -0.6872      2.073      3.006    28.5947 0.0000e+00
      2.117      0.014     8.5083    109.910    116.542 124.941672    10.3500     0.4288     0.0426     0.2961 2.0000e+02    -0.6872      2.077      3.012    28.5946 0.0000e+00
      2.121      0.013     8.5073    109.885    116.521 124.922352    10.3500     0.4517     0.0426     0.2961 2.0074e+02    -0.7476      2.080      3.017    28.5947 0.0000e+00
      2.124      0.012     8.5081    109.819    116.517 124.921469    10.3500     0.4402     0.0426     0.2961 2.0048e+02    -0.7627      2.083      3.021    28.5950 0.0000e+00
      2.127      0.011     8.5100    109.726    116.520 124.928784    10.3500     0.4212     0.0426     0.1269 2.0092e+02    -0.7325      2.086      3.026    28.5956 0.0000e+00
      2.130      0.010     8.5106    109.637    116.523 124.936244    10.3500     0.4631     0.0426     0.1269 2.0066e+02    -0.6419      2.089      3.029    28.5967 0.0000e+00
      2.132      0.009     8.5085    109.586    116.525 124.941838    10.3500     0.4212     0.0426     0.1269 2.0031e+02    -0.7174      2.091      3.033    28.5982 0.0000e+00
      2.135      0.008     8.5032    109.585    116.521 124.941054    10.3500     0.4517     0.0426     0.1269 2.0070e+02    -0.7325      2.093      3.036    28.5998 0.0000e+00
      2.137      0.007     8.4956    109.640    116.515 124.937686    10.4400     0.4555     0.0426     0.2115 2.0052e+02    -0.6268      2.095      3.039    28.6015 0.0000e+00
      2.138      0.007     8.4885    109.748    116.520 124.946842    10.4400     0.4250     0.0426     0.2115 2.0057e+02    -0.7325      2.097      3.041    28.6031 0.0000e+00
      2.140      0.006     8.4843    109.874    116.541 124.970963    10.4400     0.4326     0.0426     0.2115 2.0105e+02    -0.7325      2.098      3.043    28.6047 0.0000e+00
      2.141      0.006     8.4840    109.970    116.567 124.998475    10.4400     0.4402     0.0426     0.2115 2.0066e+02    -0.6570      2.100      3.045    28.6062 0.0000e+00
      2.142      0.005     8.4881    110.007    116.586 125.016707    10.3500     0.4517     0.0000     0.2961 2.0031e+02    -0.6570      2.101      3.047    28.6077 0.0000e+00
      2.143      0.005     8.4962    109.985    116.589 125.016515    10.3500     0.4479     0.0000     0.2961 2.0022e+02    -0.6570      2.102      3.049    28.6090 0.0000e+00
      2.145      0.005     8.5059    109.925    116.580 125.003850    10.3500     0.4364     0.0000     0.2961 2.0009e+02    -0.7325      2.103      3.051    28.6097 0.0000e+00
      2.146      0.006     8.5134    109.849    116.569 124.989339    10.3500     0.4517     0.0000     0.2961 1.9979e+02    -0.7174      2.105      3.053    28.6096 0.0000e+00
      2.148      0.006     8.5163    109.775    116.565 124.983119    10.3500     0.3792     0.0426     0.1692 1.9931e+02    -0.8534      2.106      3.055    28.6088 0.0000e+00
      2.149      0.007     8.5148    109.726    116.570 124.985531    10.3500     0.3792     0.0426     0.1692 1.9931e+02    -0.6872      2.108      3.057    28.6076 0.0000e+00
      2.151      0.008     8.5103    109.730    116.573 124.987215    10.3500     0.3868     0.0426     0.1692 1.9931e+02    -0.7325      2.109      3.060    28.6063 0.0000e+00
      2.153      0.009     8.5046    109.789    116.573 124.984618    10.3500     0.3792     0.0426     0.1692 1.9918e+02    -0.7174      2.111      3.062    28.6050 0.0000e+00
      2.155      0.010     8.4990    109.878    116.572 124.981050    10.3500     0.4326     0.0426     0.1692 1.9931e+02    -0.7778      2.114      3.066    28.6039 0.0000e+00
      2.158      0.011     8.4954    109.961    116.576 124.981560    10.3500     0.4440     0.0426     0.1692 1.9875e+02    -0.6872      2.116      3.070    28.6031 0.0000e+00
      2.161      0.012     8.4958    110.020    116.585 124.988286    10.3500     0.4402     0.0426     0.1692 1.9931e+02    -0.7174      2.119      3.074    28.6022 0.0000e+00
      2.164      0.013     8.5005    110.045    116.597 124.997018    10.3500     0.4593     0.0426     0.1692 1.9806e+02    -0.7476      2.123      3.079    28.6011 0.0000e+00
      2.168      0.014     8.5076    110.028    116.602 125.000082    10.3500     0.3945     0.0426     0.1692 1.9810e+02    -0.6570      2.126      3.084    28.5998 0.0000e+00
      2.172      0.015     8.5143    109.970    116.600 124.994292    10.3500     0.3945     0.0426     0.1269 1.9758e+02    -0.7325      2.130      3.089    28.5984 0.0000e+00
      2.176      0.015     8.5190    109.884    116.591 124.982106    10.3500     0.3868     0.0426     0.1269 1.9819e+02    -0.7174      2.133      3.094    28.5969 0.0000e+00
      2.180      0.016     8.5212    109.795    116.585 124.974279    10.3500     0.3754     0.0426     0.1269 1.9810e+02    -0.6570      2.137      3.100    28.5955 0.0000e+00
      2.184      0.016     8.5202    109.732    116.587 124.974726    10.3500     0.4479     0.0426     0.1269 1.9728e+02    -0.7174      2.141      3.106    28.5941 0.0000e+00
      2.188      0.016     8.5158    109.706    116.586 124.973564    10.3500     0.4440     0.0000     0.1692 1.9754e+02    -0.7023      2.145      3.112    28.5929 0.0000e+00
      2.192      0.016     8.5093    109.713    116.586 124.972482    10.3500     0.4402     0.0000     0.1692 1.9711e+02    -0.7627      2.149      3.118    28.5919 0.0000e+00
      2.196      0.015     8.5025    109.750    116.592 124.979194    10.3500     0.4364     0.0000     0.1692 1.9656e+02    -0.7778      2.153      3.124    28.5911 0.0000e+00
      2.200      0.015     8.4977    109.815    116.600 124.987489    10.3500     0.4364     0.0000     0.1692 1.9596e+02    -0.8231      2.157      3.129    28.5906 0.0000e+00
      2.204      0.014     8.4957    109.896    116.606 124.993575    10.3500     0.4326     0.0000     0.1692 1.9609e+02    -0.6570      2.161      3.135    28.5903 0.0000e+00
      2.207      0.014     8.4963    109.980    116.610 124.997075    10.3500     0.4440     0.0000     0.2115 1.9570e+02    -0.7023      2.165      3.140    28.5901 0.0000e+00
      2.211      0.014     8.4993    110.057    116.612 124.998921    10.3500     0.4135     0.0000     0.2115 1.9613e+02    -0.7174      2.168      3.145    28.5899 0.0000e+00
      2.214      0.014     8.5043    110.124    116.613 124.999607    10.3500     0.4364     0.0000     0.2115 1.9502e+02    -0.7325      2.171      3.150    28.5898 0.0000e+00
      2.217      0.014     8.5106    110.179    116.605 124.989311    10.3500     0.4173     0.0000     0.2115 1.9592e+02    -0.5966      2.174      3.154    28.5897 0.0000e+00
      2.221      0.014     8.5171    110.222    116.596 124.977293    10.4400     0.4250     0.0426     0.1269 1.9515e+02    -0.7627      2.178      3.159    28.5895 0.0000e+00
      2.224      0.015     8.5231    110.241    116.596 124.974351    10.4400     0.4708     0.0426     0.1269 1.9481e+02    -0.7023      2.181      3.164    28.5893 0.0000e+00
      2.228      0.015     8.5283    110.230    116.599 124.975702    10.4400     0.4402     0.0426     0.1269 1.9452e+02    -0.7778      2.185      3.169    28.5888 0.0000e+00
      2.232      0.015     8.5327    110.192    116.603 124.977702    10.4400     0.4669     0.0426     0.1269 1.9426e+02    -0.7778      2.189      3.175    28.5881 0.0000e+00
      2.236      0.015     8.5362    110.133    116.603 124.976884    10.4400     0.4288     0.0426     0.2538 1.9494e+02    -0.7023      2.193      3.181    28.5871 0.0000e+00
      2.240      0.015     8.5379    110.053    116.601 124.973029    10.4400     0.4440     0.0426     0.2538 1.9405e+02    -0.6570      2.197      3.186    28.5860 0.0000e+00
      2.244      0.015     8.5371    109.958    116.590 124.959107    10.4400     0.4364     0.0426     0.2538 1.9401e+02    -0.6872      2.200      3.192    28.5852 0.0000e+00
      2.248      0.015     8.5343    109.866    116.574 124.939409    10.4400     0.4402     0.0426     0.2538 1.9431e+02    -0.7476      2.204      3.197    28.5844 0.0000e+00
      2.252      0.014     8.5299    109.787    116.569 124.932690    10.4400     0.4517     0.0426     0.1692 1.9308e+02    -0.7325      2.208      3.203    28.5837 0.0000e+00
      2.256      0.014     8.5237    109.725    116.580 124.943162    10.4400     0.4517     0.0426     0.1692 1.9342e+02    -0.8080      2.212      3.208    28.5830 0.0000e+00
      2.259      0.014     8.5165    109.671    116.593 124.955609    10.4400     0.4364     0.0426     0.1692 1.9254e+02    -0.7929      2.215      3.213    28.5821 0.0000e+00
      2.262      0.013     8.5095    109.616    116.592 124.953344    10.4400     0.4555     0.0426     0.1692 1.9304e+02    -0.7174      2.218      3.218    28.5812 0.0000e+00
      2.265      0.013     8.5035    109.559    116.584 124.943765    10.4400     0.4440     0.0426     0.1692 1.9308e+02    -0.7778      2.221      3.222    28.5804 0.0000e+00
      2.268      0.013     8.4988    109.505    116.583 124.942325    10.3500     0.4288     0.0426     0.2115 1.9212e+02    -0.8080      2.224      3.227    28.5798 0.0000e+00
      2.271      0.012     8.4947    109.444    116.581 124.938636    10.3500     0.3678     0.0426     0.2115 1.9241e+02    -0.8080      2.227      3.231    28.5793 0.0000e+00
      2.274      0.012     8.4905    109.367    116.568 124.923711    10.3500     0.3792     0.0426     0.2115 1.9191e+02    -0.7778      2.230      3.235    28.5789 0.0000e+00
      2.278      0.012     8.4862    109.278    116.553 124.907575    10.3500     0.4097     0.0426     0.2115 1.9137e+02    -0.7476      2.233      3.240    28.5785 0.0000e+00
      2.281      0.012     8.4821    109.180    116.541 124.893929    10.3500     0.4021     0.0426     0.1269 1.9146e+02    -0.8080      2.236      3.244    28.5782 0.0000e+00
      2.284      0.011     8.4773    109.079    116.533 124.885136    10.3500     0.4402     0.0426     0.1269 1.9100e+02    -0.6268      2.239      3.248    28.5779 0.0000e+00
      2.286      0.011     8.4714    108.990    116.528 124.878850    10.3500     0.4440     0.0426     0.1269 1.9079e+02    -0.6872      2.242      3.252    28.5775 0.0000e+00
      2.289      0.011     8.4646    108.931    116.525 124.875397    10.3500     0.4212     0.0426     0.1269 1.9083e+02    -0.7174      2.245      3.256    28.5771 0.0000e+00
      2.292      0.010     8.4570    108.922    116.533 124.883860    10.4400     0.4288     0.0426     0.2115 1.9054e+02    -0.7023      2.247      3.260    28.5768 0.0000e+00
      2.295      0.010     8.4492    108.979    116.545 124.896490    10.4400     0.4669     0.0426     0.2115 1.8996e+02    -0.6872      2.250      3.264    28.5766 0.0000e+00
      2.297      0.010     8.4424    109.103    116.543 124.894648    10.4400     0.4440     0.0426     0.2115 1.9017e+02    -0.7174      2.252      3.267    28.5765 0.0000e+00
      2.299      0.010     8.4378    109.260    116.519 124.867840    10.4400     0.4212     0.0426     0.2115 1.8976e+02    -0.7627      2.255      3.270    28.5765 0.0000e+00
      2.301      0.010     8.4371    109.400    116.478 124.822920    10.4400     0.4212     0.0426     0.2115 1.8951e+02    -0.7023      2.257      3.274    28.5764 0.0000e+00
      2.304      0.010     8.4415    109.482    116.421 124.761916    10.4400     0.4364     0.0426     0.2115 1.8935e+02    -0.7778      2.259      3.277    28.5762 0.0000e+00
      2.307      0.010     8.4511    109.512    116.342 124.676564    10.4400     0.4212     0.0426     0.2115 1.8943e+02    -0.7023      2.262      3.281    28.5760 0.0000e+00
      2.310      0.010     8.4634    109.521    116.217 124.542101    10.4400     0.4517     0.0426     0.2115 1.8861e+02    -0.7174      2.265      3.285    28.5757 0.0000e+00
      2.312      0.010     8.4743    109.528    116.000 124.308666    10.4400     0.4479     0.0426     0.2115 1.8889e+02    -0.7174      2.268      3.289    28.5753 0.0000e+00
