Data/DataNotYetUploadedToEDI/Raw_CTD/RawDownloads/080122_bvr50_S7809001.cnv
* Sea-Bird SBE19plus  Data File:
* FileName = C:\R\Reservoirs\Data\DataNotYetUploadedToEDI\Raw_CTD\RawDownloads\080122_bvr50_S7809_0001.hex
* Software version 2.8.0.119
* Temperature SN = 7809
* Conductivity SN = 7809
* System UpLoad Time = Aug 02 2022 14:55:29
* <ApplicationData>
* <Seaterm232>
# nquan = 15
# nvalues = 2312                        
# units = specified
# name 0 = depFM: Depth [fresh water, m]
# name 1 = dz/dtM: Descent Rate [m/s]
# name 2 = sbeox0Mg/L: Oxygen, SBE 43 [mg/l]
# name 3 = sbeox0PS: Oxygen, SBE 43 [% saturation]
# name 4 = specc: Specific Conductance [uS/cm]
# name 5 = c0uS/cm: Conductivity [uS/cm]
# name 6 = flECO-AFL: Fluorescence, WET Labs ECO-AFL/FL [mg/m^3]
# name 7 = ph: pH
# name 8 = orp: Oxidation Reduction Potential [mV]
# name 9 = par/sat/log: PAR/Logarithmic, Satlantic
# name 10 = turbWETntu0: Turbidity, WET Labs ECO [NTU]
# name 11 = prdM: Pressure, Strain Gauge [db]
# name 12 = prdE: Pressure, Strain Gauge [psi]
# name 13 = tv290C: Temperature [ITS-90, deg C]
# name 14 = flag:  0.000e+00
# span 0 =     -0.732,      7.728       
# span 1 =     -0.279,      5.080       
# span 2 =     0.0315,     7.2487       
# span 3 =      0.312,     88.984       
# span 4 =      0.087,    258.314       
# span 5 =   0.086070, 179.706699       
# span 6 =    -0.3262,    62.1132       
# span 7 =     -2.347,      8.464       
# span 8 = -1240.7455,   425.9761       
# span 9 = 1.2353e-01, 1.0861e+03       
# span 10 =    -0.7261,    26.2969      
# span 11 =     -0.719,      7.579      
# span 12 =     -1.042,     10.993      
# span 13 =     9.7781,    25.9460      
# span 14 = 0.0000e+00, 0.0000e+00      
# interval = seconds: 0.25
# start_time = Aug 01 2022 07:41:09 [Instrument's time stamp, header]
# bad_flag = -9.990e-29
*END*
[from data line 1350]
      6.290      0.031     0.0482      0.447    122.720  86.384785     3.1545      7.388  -103.5412 1.2369e-01     3.4832      6.167      8.944    10.1855 0.0000e+00
      6.301      0.038     0.0490      0.447    122.641  86.331364     3.1436      7.388  -103.4157 1.2368e-01     3.4460      6.177      8.959    10.1858 0.0000e+00
      6.316      0.043     0.0493      0.440    122.565  86.271772     3.1251      7.390  -103.3467 1.2373e-01     3.5479      6.193      8.983    10.1875 0.0000e+00
      6.332      0.045     0.0489      0.444    122.534  86.236410     3.1144      7.392  -103.3944 1.2375e-01     3.7923      6.211      9.009    10.1903 0.0000e+00
      6.346      0.042     0.0507      0.454    122.535  86.221659     3.1144      7.393  -103.4767 1.2374e-01     3.9415      6.224      9.027    10.1940 0.0000e+00
      6.356      0.037     0.0512      0.453    122.554  86.220542     3.1162      7.394  -103.5676 1.2374e-01     3.9176      6.235      9.042    10.1956 0.0000e+00
      6.363      0.031     0.0480      0.439    122.576  86.222897     3.1110      7.394  -103.6331 1.2371e-01     3.7756      6.241      9.052    10.1929 0.0000e+00
      6.368      0.025     0.0500      0.430    122.631  86.250120     3.1022      7.394  -103.6657 1.2368e-01     3.5920      6.244      9.058    10.1866 0.0000e+00
      6.373      0.021     0.0513      0.440    122.710  86.295390     3.0929      7.395  -103.7902 1.2368e-01     3.5074      6.250      9.065    10.1799 0.0000e+00
      6.377      0.020     0.0518      0.453    122.768  86.325233     3.0814      7.395  -104.0198 1.2369e-01     3.4696      6.254      9.070    10.1740 0.0000e+00
      6.382      0.023     0.0494      0.452    122.831  86.356642     3.0884      7.395  -104.2041 1.2376e-01     3.5116      6.258      9.076    10.1686 0.0000e+00
      6.387      0.029     0.0467      0.443    122.941  86.420851     3.1190      7.396  -104.2984 1.2383e-01     3.6726      6.263      9.084    10.1639 0.0000e+00
      6.392      0.037     0.0498      0.440    123.114  86.529396     3.1440      7.396  -104.2135 1.2379e-01     3.7775      6.267      9.090    10.1599 0.0000e+00
      6.401      0.044     0.0517      0.441    123.397  86.715441     3.1489      7.396  -104.0380 1.2370e-01     3.7891      6.274      9.100    10.1557 0.0000e+00
      6.415      0.049     0.0513      0.448    123.756  86.953806     3.1531      7.396  -104.1547 1.2368e-01     3.8818      6.291      9.123    10.1506 0.0000e+00
      6.433      0.052     0.0491      0.459    124.108  87.186339     3.1702      7.396  -104.4209 1.2372e-01     4.0779      6.310      9.151    10.1450 0.0000e+00
      6.450      0.053     0.0497      0.453    124.474  87.428993     3.1808      7.396  -104.5028 1.2373e-01     4.1797      6.326      9.176    10.1396 0.0000e+00
      6.464      0.050     0.0494      0.440    124.826  87.662542     3.1889      7.396  -104.5425 1.2368e-01     4.1556      6.341      9.197    10.1344 0.0000e+00
      6.474      0.045     0.0496      0.442    125.109  87.848545     3.2527      7.397  -104.6433 1.2366e-01     4.0601      6.350      9.210    10.1289 0.0000e+00
      6.484      0.039     0.0530      0.441    125.377  88.024921     3.3693      7.399  -104.6888 1.2369e-01     3.9128      6.357      9.220    10.1226 0.0000e+00
      6.494      0.033     0.0519      0.439    125.652  88.205638     3.4419      7.399  -104.7473 1.2371e-01     3.8084      6.370      9.239    10.1169 0.0000e+00
      6.503      0.028     0.0477      0.449    125.827  88.316950     3.4481      7.399  -104.9216 1.2370e-01     3.7553      6.380      9.253    10.1112 0.0000e+00
      6.508      0.025     0.0507      0.457    125.894  88.353511     3.4273      7.400  -105.0755 1.2365e-01     3.7143      6.384      9.259    10.1059 0.0000e+00
      6.512      0.024     0.0501      0.464    125.961  88.393364     3.3987      7.401  -105.1455 1.2356e-01     3.6885      6.386      9.262    10.1015 0.0000e+00
      6.516      0.026     0.0476      0.464    126.093  88.480905     3.3686      7.402  -105.2510 1.2353e-01     3.6833      6.390      9.267    10.0968 0.0000e+00
      6.521      0.031     0.0518      0.453    126.341  88.649006     3.3458      7.401  -105.4056 1.2359e-01     3.6855      6.394      9.273    10.0917 0.0000e+00
      6.529      0.039     0.0508      0.456    126.709  88.899936     3.3482      7.401  -105.5526 1.2364e-01     3.7487      6.401      9.284    10.0877 0.0000e+00
      6.541      0.045     0.0526      0.464    127.098  89.162397     3.3640      7.402  -105.8233 1.2368e-01     3.9013      6.414      9.302    10.0849 0.0000e+00
      6.555      0.047     0.0535      0.452    127.463  89.406309     3.3780      7.403  -106.2695 1.2372e-01     3.9927      6.427      9.322    10.0831 0.0000e+00
      6.571      0.045     0.0498      0.437    127.793  89.623671     3.3848      7.403  -106.6457 1.2376e-01     3.9657      6.443      9.345    10.0813 0.0000e+00
      6.588      0.040     0.0506      0.430    128.003  89.755838     3.3543      7.403  -106.8432 1.2378e-01     3.8140      6.464      9.375    10.0786 0.0000e+00
      6.597      0.035     0.0542      0.423    128.080  89.796228     3.2841      7.404  -106.9371 1.2373e-01     3.5930      6.473      9.388    10.0743 0.0000e+00
      6.599      0.031     0.0510      0.428    128.092  89.794096     3.2353      7.405  -107.0071 1.2368e-01     3.4803      6.470      9.383    10.0691 0.0000e+00
      6.601      0.030     0.0479      0.443    128.192  89.857219     3.2302      7.406  -107.0874 1.2373e-01     3.4764      6.471      9.385    10.0637 0.0000e+00
      6.608      0.031     0.0496      0.445    128.474  90.050754     3.2305      7.406  -107.1329 1.2375e-01     3.4777      6.479      9.397    10.0576 0.0000e+00
      6.618      0.034     0.0464      0.432    128.914  90.353749     3.1899      7.406  -107.2137 1.2370e-01     3.5302      6.490      9.413    10.0516 0.0000e+00
      6.629      0.035     0.0477      0.430    129.542  90.786548     3.1217      7.406  -107.4625 1.2367e-01     3.6663      6.500      9.428    10.0473 0.0000e+00
      6.642      0.034     0.0506      0.437    130.166  91.214164     3.0882      7.407  -107.8179 1.2371e-01     3.7231      6.514      9.448    10.0451 0.0000e+00
      6.653      0.032     0.0513      0.436    130.524  91.454429     3.0767      7.408  -108.0681 1.2372e-01     3.6697      6.526      9.465    10.0437 0.0000e+00
      6.658      0.029     0.0478      0.442    130.736  91.593166     3.0904      7.408  -108.1655 1.2371e-01     3.7040      6.530      9.471    10.0419 0.0000e+00
      6.662      0.026     0.0475      0.450    130.968  91.747004     3.1454      7.409  -108.3074 1.2369e-01     3.8647      6.531      9.472    10.0392 0.0000e+00
      6.668      0.024     0.0507      0.442    131.218  91.915489     3.1845      7.410  -108.5787 1.2365e-01     3.9736      6.538      9.482    10.0355 0.0000e+00
      6.675      0.023     0.0479      0.437    131.498  92.104126     3.1975      7.411  -108.8643 1.2364e-01     3.9961      6.547      9.495    10.0310 0.0000e+00
      6.681      0.023     0.0499      0.445    131.803  92.310856     3.2194      7.411  -109.0081 1.2365e-01     4.0000      6.552      9.504    10.0270 0.0000e+00
      6.686      0.021     0.0521      0.455    132.094  92.507301     3.2486      7.412  -109.0262 1.2367e-01     3.9863      6.557      9.510    10.0240 0.0000e+00
      6.692      0.017     0.0495      0.451    132.378  92.698747     3.2591      7.414  -109.0832 1.2365e-01     3.9673      6.563      9.518    10.0214 0.0000e+00
      6.698      0.012     0.0486      0.440    132.597  92.845017     3.2547      7.415  -109.0952 1.2365e-01     3.9408      6.570      9.528    10.0190 0.0000e+00
      6.702      0.007     0.0499      0.435    132.652  92.876790     3.2622      7.415  -109.0847 1.2375e-01     3.8368      6.573      9.534    10.0163 0.0000e+00
      6.702      0.003     0.0523      0.432    132.590  92.828535     3.2836      7.416  -109.2148 1.2380e-01     3.6320      6.573      9.534    10.0134 0.0000e+00
      6.699      0.001     0.0511      0.423    132.511  92.770302     3.2969      7.416  -109.3773 1.2373e-01     3.4798      6.570      9.528    10.0105 0.0000e+00
      6.697      0.001     0.0493      0.418    132.476  92.745037     3.3067      7.417  -109.4153 1.2371e-01     3.4655      6.568      9.526    10.0076 0.0000e+00
      6.697      0.002     0.0489      0.423    132.523  92.777431     3.3773      7.417  -109.3299 1.2372e-01     3.6305      6.567      9.524    10.0050 0.0000e+00
      6.697      0.005     0.0493      0.435    132.618  92.844013     3.4932      7.418  -109.2914 1.2372e-01     3.8686      6.566      9.524    10.0032 0.0000e+00
      6.701      0.009     0.0475      0.451    132.718  92.914144     3.5505      7.419  -109.3793 1.2373e-01     3.9540      6.571      9.531    10.0021 0.0000e+00
      6.705      0.011     0.0463      0.458    132.828  92.989442     3.5456      7.419  -109.5320 1.2370e-01     3.9452      6.577      9.539    10.0019 0.0000e+00
      6.708      0.012     0.0478      0.459    132.924  93.054906     3.4922      7.420  -109.7610 1.2365e-01     3.8655      6.579      9.542    10.0019 0.0000e+00
      6.710      0.013     0.0483      0.455    132.947  93.069722     3.4046      7.420  -109.9979 1.2368e-01     3.7414      6.580      9.543    10.0020 0.0000e+00
      6.713      0.013     0.0517      0.446    132.908  93.041393     3.3606      7.421  -110.1597 1.2377e-01     3.7083      6.584      9.549    10.0019 0.0000e+00
      6.717      0.014     0.0519      0.449    132.894  93.030348     3.3588      7.422  -110.3403 1.2375e-01     3.7385      6.587      9.554    10.0011 0.0000e+00
      6.720      0.014     0.0516      0.456    132.942  93.063364     3.3590      7.423  -110.6323 1.2366e-01     3.7312      6.591      9.557    10.0004 0.0000e+00
      6.725      0.013     0.0522      0.453    133.028  93.122616     3.3632      7.425  -110.9379 1.2368e-01     3.6198      6.594      9.564    10.0001 0.0000e+00
      6.730      0.011     0.0492      0.450    133.103  93.174418     3.3675      7.425  -111.1103 1.2376e-01     3.4850      6.600      9.573     9.9997 0.0000e+00
      6.734      0.009     0.0503      0.455    133.113  93.180938     3.3692      7.424  -111.1683 1.2376e-01     3.4338      6.605      9.579     9.9992 0.0000e+00
      6.734      0.007     0.0525      0.458    133.051  93.137861     3.3587      7.425  -111.2953 1.2372e-01     3.4101      6.604      9.578     9.9990 0.0000e+00
      6.733      0.007     0.0510      0.444    132.995  93.098733     3.3157      7.426  -111.5264 1.2375e-01     3.4034      6.601      9.575     9.9990 0.0000e+00
      6.734      0.008     0.0503      0.436    132.981  93.089413     3.2657      7.426  -111.6394 1.2378e-01     3.4552      6.603      9.576     9.9987 0.0000e+00
      6.736      0.011     0.0512      0.444    132.980  93.088760     3.2533      7.427  -111.6291 1.2376e-01     3.4906      6.606      9.581     9.9984 0.0000e+00
      6.740      0.015     0.0532      0.438    132.983  93.090837     3.2648      7.428  -111.7458 1.2373e-01     3.4898      6.609      9.585     9.9982 0.0000e+00
      6.745      0.020     0.0497      0.421    133.018  93.114522     3.2972      7.428  -111.9323 1.2373e-01     3.5138      6.614      9.592     9.9982 0.0000e+00
      6.751      0.025     0.0475      0.416    133.119  93.184353     3.3541      7.427  -111.9047 1.2378e-01     3.5416      6.620      9.602     9.9985 0.0000e+00
      6.756      0.029     0.0519      0.425    133.284  93.299215     3.3775      7.427  -111.8427 1.2378e-01     3.5188      6.624      9.609     9.9987 0.0000e+00
      6.763      0.033     0.0499      0.429    133.553  93.485800     3.3635      7.428  -112.0424 1.2369e-01     3.4773      6.630      9.617     9.9986 0.0000e+00
      6.774      0.037     0.0466      0.418    133.988  93.786850     3.3694      7.429  -112.2544 1.2361e-01     3.5853      6.642      9.634     9.9985 0.0000e+00
      6.786      0.042     0.0463      0.408    134.500  94.140975     3.3988      7.430  -112.2545 1.2362e-01     3.8333      6.655      9.653     9.9984 0.0000e+00
      6.796      0.046     0.0480      0.416    134.963  94.460459     3.4273      7.430  -112.2170 1.2369e-01     3.9826      6.665      9.667     9.9977 0.0000e+00
      6.806      0.048     0.0496      0.441    135.437  94.787799     3.4396      7.430  -112.2305 1.2375e-01     3.9899      6.673      9.679     9.9970 0.0000e+00
      6.819      0.048     0.0471      0.456    135.994  95.173264     3.3971      7.430  -112.2462 1.2375e-01     3.9218      6.687      9.698     9.9960 0.0000e+00
      6.835      0.045     0.0452      0.446    136.554  95.559478     3.3136      7.430  -112.3205 1.2370e-01     3.8086      6.704      9.724     9.9942 0.0000e+00
      6.850      0.040     0.0460      0.443    136.952  95.832215     3.2613      7.430  -112.4403 1.2368e-01     3.7484      6.720      9.747     9.9925 0.0000e+00
      6.860      0.034     0.0500      0.458    137.095  95.926818     3.2473      7.430  -112.4043 1.2365e-01     3.7409      6.729      9.760     9.9910 0.0000e+00
      6.865      0.027     0.0535      0.464    137.119  95.940087     3.2697      7.430  -112.2290 1.2368e-01     3.6497      6.732      9.764     9.9894 0.0000e+00
      6.870      0.020     0.0496      0.450    137.197  95.992646     3.3242      7.430  -112.2139 1.2374e-01     3.5342      6.737      9.771     9.9873 0.0000e+00
      6.874      0.014     0.0488      0.432    137.377  96.117083     3.3568      7.430  -112.3941 1.2371e-01     3.5388      6.742      9.777     9.9850 0.0000e+00
      6.876      0.011     0.0523      0.428    137.641  96.299774     3.3642      7.431  -112.5142 1.2366e-01     3.5692      6.744      9.780     9.9831 0.0000e+00
      6.878      0.009     0.0535      0.436    137.907  96.484242     3.3231      7.433  -112.5481 1.2368e-01     3.5257      6.745      9.783     9.9817 0.0000e+00
      6.880      0.007     0.0509      0.436    138.120  96.630153     3.2174      7.434  -112.7177 1.2373e-01     3.4917      6.747      9.785     9.9810 0.0000e+00
      6.882      0.006     0.0479      0.421    138.265  96.728271     3.1429      7.435  -113.1026 1.2374e-01     3.4991      6.748      9.788     9.9806 0.0000e+00
      6.884      0.007     0.0476      0.420    138.344  96.780096     3.1304      7.435  -113.5020 1.2376e-01     3.4784      6.750      9.791     9.9800 0.0000e+00
      6.884      0.011     0.0495      0.439    138.394  96.811524     3.1578      7.435  -113.7613 1.2379e-01     3.5143      6.751      9.792     9.9792 0.0000e+00
      6.884      0.016     0.0506      0.443    138.459  96.853834     3.2079      7.435  -114.0012 1.2376e-01     3.6598      6.750      9.790     9.9782 0.0000e+00
      6.887      0.024     0.0466      0.427    138.543  96.910026     3.2359      7.435  -114.2512 1.2370e-01     3.7694      6.753      9.794     9.9768 0.0000e+00
      6.894      0.033     0.0459      0.414    138.650  96.982094     3.2467      7.435  -114.3752 1.2369e-01     3.7811      6.761      9.805     9.9754 0.0000e+00
      6.904      0.040     0.0508      0.412    138.810  97.089138     3.2560      7.435  -114.4670 1.2370e-01     3.7325      6.769      9.817     9.9741 0.0000e+00
      6.918      0.046     0.0511      0.420    139.050  97.250173     3.3148      7.435  -114.5870 1.2370e-01     3.7963      6.783      9.839     9.9730 0.0000e+00
      6.935      0.048     0.0477      0.433    139.371  97.466194     3.4253      7.435  -114.6214 1.2375e-01     4.0061      6.802      9.866     9.9722 0.0000e+00
