Data/DataNotYetUploadedToEDI/Raw_CTD/RawDownloads/080122_fcr50_S7809002.cnv
* Sea-Bird SBE19plus  Data File:
* FileName = C:\R\Reservoirs\Data\DataNotYetUploadedToEDI\Raw_CTD\RawDownloads\080122_bvr50_S7809_0002.hex
* Software version 2.8.0.119
* Temperature SN = 7809
* Conductivity SN = 7809
* System UpLoad Time = Aug 02 2022 14:57:05
* <ApplicationData>
* <Seaterm232>
# nquan = 15
# nvalues = 3852                        
# units = specified
# name 0 = depFM: Depth [fresh water, m]
# name 1 = dz/dtM: Descent Rate [m/s]
# name 2 = sbeox0Mg/L: Oxygen, SBE 43 [mg/l]
# name 3 = sbeox0PS: Oxygen, SBE 43 [% saturation]
# name 4 = specc: Specific Conductance [uS/cm]
# name 5 = c0uS/cm: Conductivity [uS/cm]
# name 6 = flECO-AFL: Fluorescence, WET Labs ECO-AFL/FL [mg/m^3]
# name 7 = ph: pH
# name 8 = orp: Oxidation Reduction Potential [mV]
# name 9 = par/sat/log: PAR/Logarithmic, Satlantic
# name 10 = turbWETntu0: Turbidity, WET Labs ECO [NTU]
# name 11 = prdM: Pressure, Strain Gauge [db]
# name 12 = prdE: Pressure, Strain Gauge [psi]
# name 13 = tv290C: Temperature [ITS-90, deg C]
# name 14 = flag:  0.000e+00
# span 0 =     -0.651,      9.596       
# span 1 =     -0.219,      0.208       
# span 2 =     0.0168,     7.0548       
# span 3 =      0.178,     86.868       
# span 4 =      0.205,    483.359       
# span 5 =   0.197464, 368.110788       
# span 6 =    -0.6873,    51.9449       
# span 7 =      6.166,      7.657       
# span 8 = -1240.7455,   193.3591       
# span 9 = 1.2360e-01, 2.7721e+03       
# span 10 =    -1.0301,    44.7495      
# span 11 =     -0.639,      9.410      
# span 12 =     -0.927,     13.648      
# span 13 =    11.1239,    26.1859      
# span 14 = 0.0000e+00, 0.0000e+00      
# interval = seconds: 0.25
# start_time = Aug 01 2022 09:03:57 [Instrument's time stamp, header]
# bad_flag = -9.990e-29
*END*
[from data line 1254]
      5.676      0.009     0.0489      0.451     54.643  39.560868     0.7237      6.824    28.1456 1.2380e-01     9.8247      5.566      8.072    11.1860 0.0000e+00
      5.677      0.009     0.0506      0.444     54.636  39.561080     0.7230      6.824    28.3855 1.2382e-01     9.8278      5.567      8.074    11.1884 0.0000e+00
      5.679      0.009     0.0488      0.434     54.630  39.561047     0.7159      6.825    28.5807 1.2380e-01     9.6755      5.569      8.077    11.1897 0.0000e+00
      5.682      0.009     0.0487      0.418     54.625  39.560467     0.7216      6.825    28.6985 1.2375e-01     9.4524      5.571      8.080    11.1917 0.0000e+00
      5.686      0.009     0.0506      0.402     54.615  39.554073     0.7248      6.825    28.5192 1.2375e-01     9.3841      5.576      8.088    11.1961 0.0000e+00
      5.689      0.010     0.0482      0.401     54.600  39.547173     0.7209      6.825    28.2199 1.2376e-01     9.3969      5.580      8.094    11.2018 0.0000e+00
      5.690      0.010     0.0483      0.411     54.583  39.540462     0.7252      6.824    28.6931 1.2378e-01     9.3340      5.580      8.093    11.2069 0.0000e+00
      5.691      0.009     0.0461      0.421     54.573  39.536364     0.7263      6.824    29.6803 1.2384e-01     9.2040      5.580      8.093    11.2084 0.0000e+00
      5.694      0.008     0.0431      0.430     54.607  39.561048     0.7263      6.824    30.2621 1.2383e-01     9.1231      5.583      8.098    11.2079 0.0000e+00
      5.697      0.008     0.0437      0.436     54.642  39.585212     0.7253      6.824    29.5322 1.2382e-01     9.1078      5.587      8.104    11.2121 0.0000e+00
      5.699      0.008     0.0452      0.440     54.629  39.574828     0.7228      6.823    28.1684 1.2382e-01     9.1216      5.589      8.106    11.2181 0.0000e+00
      5.699      0.008     0.0463      0.448     54.612  39.562347     0.7290      6.822    28.1415 1.2375e-01     9.1191      5.589      8.106    11.2218 0.0000e+00
      5.701      0.007     0.0469      0.459     54.613  39.561161     0.7248      6.822    28.8630 1.2369e-01     9.1106      5.590      8.107    11.2218 0.0000e+00
      5.704      0.007     0.0483      0.458     54.617  39.560486     0.7220      6.823    29.4923 1.2366e-01     9.1565      5.594      8.113    11.2190 0.0000e+00
      5.707      0.007     0.0480      0.441     54.616  39.554178     0.7369      6.824    29.2973 1.2368e-01     9.1959      5.598      8.119    11.2189 0.0000e+00
      5.708      0.007     0.0487      0.428     54.616  39.548307     0.7467      6.824    28.0541 1.2373e-01     9.2108      5.599      8.120    11.2198 0.0000e+00
      5.709      0.008     0.0510      0.430     54.630  39.552924     0.7490      6.823    27.6248 1.2373e-01     9.2002      5.598      8.119    11.2171 0.0000e+00
      5.710      0.009     0.0512      0.425     54.627  39.546573     0.7489      6.822    27.9793 1.2374e-01     9.1352      5.600      8.121    11.2140 0.0000e+00
      5.711      0.010     0.0483      0.415     54.615  39.534938     0.7445      6.821    28.6402 1.2379e-01     9.1088      5.599      8.121    11.2086 0.0000e+00
      5.715      0.012     0.0454      0.410     54.619  39.539088     0.7466      6.821    28.7326 1.2378e-01     9.1541      5.603      8.127    11.2019 0.0000e+00
      5.721      0.012     0.0485      0.402     54.602  39.533327     0.7496      6.821    27.3754 1.2373e-01     9.1708      5.612      8.139    11.1983 0.0000e+00
      5.726      0.012     0.0470      0.409     54.587  39.528704     0.7382      6.821    26.5125 1.2368e-01     9.1399      5.616      8.145    11.1941 0.0000e+00
      5.727      0.011     0.0442      0.424     54.609  39.546630     0.7247      6.821    26.6458 1.2368e-01     9.1561      5.616      8.146    11.1894 0.0000e+00
      5.728      0.010     0.0466      0.428     54.631  39.559790     0.7371      6.820    27.3514 1.2374e-01     9.2301      5.616      8.146    11.1903 0.0000e+00
      5.730      0.008     0.0425      0.423     54.641  39.560978     0.7721      6.819    28.5052 1.2375e-01     9.2492      5.619      8.149    11.1987 0.0000e+00
      5.733      0.007     0.0448      0.427     54.650  39.560984     0.7895      6.819    28.5511 1.2372e-01     9.2165      5.624      8.155    11.2056 0.0000e+00
      5.736      0.006     0.0472      0.436     54.655  39.559850     0.7805      6.818    27.4758 1.2376e-01     9.1760      5.626      8.159    11.2075 0.0000e+00
      5.737      0.005     0.0477      0.425     54.641  39.547270     0.7560      6.818    26.7750 1.2378e-01     9.2031      5.626      8.160    11.2048 0.0000e+00
      5.737      0.005     0.0461      0.414     54.627  39.535729     0.7339      6.818    26.7895 1.2371e-01     9.3391      5.626      8.160    11.1980 0.0000e+00
      5.738      0.006     0.0457      0.424     54.645  39.547146     0.7299      6.817    27.3066 1.2373e-01     9.4198      5.627      8.161    11.1914 0.0000e+00
      5.738      0.007     0.0499      0.439     54.664  39.558470     0.7320      6.817    28.0372 1.2383e-01     9.4268      5.627      8.161    11.1868 0.0000e+00
      5.740      0.009     0.0465      0.443     54.651  39.545785     0.7264      6.816    28.3097 1.2386e-01     9.3905      5.628      8.164    11.1848 0.0000e+00
      5.745      0.010     0.0440      0.447     54.620  39.520628     0.7128      6.815    28.0198 1.2388e-01     9.2880      5.634      8.171    11.1842 0.0000e+00
      5.749      0.012     0.0464      0.453     54.605  39.507995     0.7173      6.815    27.7163 1.2388e-01     9.2135      5.639      8.178    11.1827 0.0000e+00
      5.752      0.014     0.0491      0.455     54.623  39.519890     0.7388      6.814    27.7369 1.2380e-01     9.1715      5.641      8.182    11.1803 0.0000e+00
      5.754      0.015     0.0482      0.449     54.649  39.537599     0.7488      6.814    28.6996 1.2374e-01     9.1222      5.643      8.184    11.1777 0.0000e+00
      5.757      0.015     0.0490      0.434     54.641  39.531832     0.7376      6.815    29.8918 1.2371e-01     9.0960      5.643      8.185    11.1752 0.0000e+00
      5.763      0.015     0.0500      0.422     54.615  39.513590     0.7199      6.815    29.8475 1.2368e-01     9.1276      5.649      8.194    11.1740 0.0000e+00
      5.769      0.016     0.0502      0.424     54.605  39.507309     0.7182      6.814    29.3684 1.2373e-01     9.1973      5.660      8.209    11.1726 0.0000e+00
      5.772      0.016     0.0500      0.432     54.620  39.519316     0.7334      6.813    29.0898 1.2379e-01     9.2548      5.661      8.211    11.1707 0.0000e+00
      5.773      0.015     0.0474      0.432     54.637  39.531920     0.7539      6.812    28.8025 1.2377e-01     9.3107      5.659      8.208    11.1707 0.0000e+00
      5.777      0.012     0.0454      0.417     54.639  39.532858     0.7663      6.812    29.5942 1.2373e-01     9.3609      5.665      8.217    11.1718 0.0000e+00
      5.782      0.010     0.0464      0.418     54.638  39.530658     0.7672      6.812    31.1772 1.2369e-01     9.3835      5.671      8.227    11.1724 0.0000e+00
      5.785      0.010     0.0474      0.431     54.604  39.505308     0.7555      6.811    31.5940 1.2374e-01     9.4134      5.673      8.229    11.1740 0.0000e+00
      5.785      0.010     0.0492      0.426     54.569  39.480053     0.7326      6.811    30.8477 1.2382e-01     9.4145      5.673      8.228    11.1752 0.0000e+00
      5.786      0.009     0.0446      0.425     54.569  39.478996     0.7238      6.811    30.0692 1.2383e-01     9.3629      5.674      8.230    11.1738 0.0000e+00
      5.789      0.009     0.0443      0.428     54.588  39.492529     0.7323      6.810    30.7862 1.2383e-01     9.3357      5.677      8.234    11.1723 0.0000e+00
      5.793      0.009     0.0501      0.421     54.618  39.516831     0.7353      6.810    32.6336 1.2380e-01     9.3252      5.682      8.240    11.1718 0.0000e+00
      5.797      0.009     0.0454      0.428     54.616  39.519130     0.7355      6.810    33.3907 1.2377e-01     9.2697      5.685      8.245    11.1713 0.0000e+00
      5.798      0.009     0.0464      0.445     54.614  39.520334     0.7349      6.810    32.8860 1.2379e-01     9.1779      5.686      8.247    11.1701 0.0000e+00
      5.799      0.008     0.0483      0.441     54.630  39.531399     0.7277      6.810    32.0367 1.2381e-01     9.1029      5.686      8.246    11.1695 0.0000e+00
      5.800      0.008     0.0450      0.426     54.626  39.526063     0.7240      6.810    32.3278 1.2381e-01     9.0804      5.688      8.249    11.1722 0.0000e+00
      5.802      0.008     0.0461      0.424     54.621  39.519231     0.7396      6.810    33.7393 1.2377e-01     9.1108      5.690      8.253    11.1775 0.0000e+00
      5.805      0.009     0.0504      0.421     54.612  39.512221     0.7743      6.810    34.4761 1.2373e-01     9.1630      5.693      8.257    11.1803 0.0000e+00
      5.808      0.010     0.0494      0.424     54.603  39.504726     0.7953      6.809    34.1810 1.2375e-01     9.1647      5.696      8.262    11.1792 0.0000e+00
      5.810      0.011     0.0449      0.426     54.589  39.492033     0.7850      6.807    33.5265 1.2383e-01     9.0976      5.698      8.264    11.1758 0.0000e+00
      5.811      0.011     0.0475      0.404     54.586  39.485595     0.7584      6.807    33.4461 1.2388e-01     9.1369      5.699      8.265    11.1726 0.0000e+00
      5.814      0.010     0.0459      0.387     54.598  39.490308     0.7399      6.808    33.9838 1.2384e-01     9.3325      5.701      8.269    11.1725 0.0000e+00
      5.819      0.009     0.0456      0.396     54.595  39.485591     0.7355      6.808    34.3483 1.2382e-01     9.4473      5.706      8.276    11.1730 0.0000e+00
      5.822      0.008     0.0495      0.411     54.604  39.491986     0.7220      6.808    34.4126 1.2379e-01     9.4312      5.710      8.282    11.1708 0.0000e+00
      5.823      0.007     0.0435      0.418     54.617  39.504202     0.7094      6.808    34.4166 1.2375e-01     9.4112      5.711      8.283    11.1656 0.0000e+00
      5.823      0.007     0.0412      0.425     54.615  39.506445     0.7173      6.807    34.3969 1.2375e-01     9.4111      5.710      8.282    11.1611 0.0000e+00
      5.824      0.007     0.0434      0.428     54.629  39.519117     0.7337      6.806    34.0884 1.2378e-01     9.4299      5.712      8.284    11.1589 0.0000e+00
      5.825      0.008     0.0458      0.419     54.643  39.530563     0.7410      6.806    33.7839 1.2373e-01     9.4673      5.713      8.286    11.1582 0.0000e+00
      5.828      0.009     0.0460      0.419     54.625  39.517988     0.7305      6.806    33.9849 1.2368e-01     9.4535      5.715      8.289    11.1612 0.0000e+00
      5.831      0.010     0.0464      0.429     54.593  39.493929     0.7155      6.806    34.2816 1.2373e-01     9.4003      5.719      8.294    11.1661 0.0000e+00
      5.835      0.010     0.0483      0.436     54.594  39.493367     0.7100      6.806    34.3598 1.2378e-01     9.4044      5.722      8.299    11.1683 0.0000e+00
      5.838      0.010     0.0451      0.434     54.620  39.511189     0.7132      6.806    34.0697 1.2376e-01     9.4353      5.725      8.304    11.1692 0.0000e+00
      5.841      0.010     0.0455      0.433     54.633  39.519138     0.7125      6.806    33.5279 1.2373e-01     9.4317      5.728      8.308    11.1697 0.0000e+00
      5.842      0.010     0.0473      0.443     54.644  39.526046     0.7177      6.805    33.4016 1.2377e-01     9.4635      5.730      8.310    11.1683 0.0000e+00
      5.843      0.010     0.0484      0.449     54.654  39.531296     0.7517      6.804    33.7468 1.2377e-01     9.5806      5.730      8.310    11.1668 0.0000e+00
      5.845      0.009     0.0479      0.444     54.639  39.519185     0.7832      6.804    34.0881 1.2374e-01     9.6517      5.732      8.314    11.1662 0.0000e+00
      5.849      0.009     0.0465      0.426     54.623  39.506457     0.7899      6.804    33.8289 1.2379e-01     9.6402      5.737      8.321    11.1656 0.0000e+00
      5.852      0.010     0.0491      0.408     54.623  39.504260     0.7906      6.805    33.1938 1.2380e-01     9.5436      5.740      8.325    11.1646 0.0000e+00
      5.854      0.011     0.0496      0.400     54.609  39.492615     0.7845      6.805    33.0340 1.2374e-01     9.3036      5.741      8.327    11.1628 0.0000e+00
      5.855      0.011     0.0496      0.401     54.610  39.492496     0.7740      6.804    33.3598 1.2369e-01     9.1291      5.742      8.327    11.1610 0.0000e+00
      5.857      0.011     0.0465      0.399     54.624  39.502821     0.7798      6.804    33.7764 1.2371e-01     9.1427      5.743      8.329    11.1597 0.0000e+00
      5.862      0.012     0.0445      0.386     54.606  39.490613     0.7881      6.805    34.1137 1.2373e-01     9.1610      5.749      8.338    11.1584 0.0000e+00
      5.866      0.013     0.0436      0.392     54.580  39.471743     0.7822      6.805    34.0818 1.2368e-01     9.1113      5.755      8.347    11.1571 0.0000e+00
      5.869      0.014     0.0438      0.410     54.571  39.464938     0.7757      6.804    33.6495 1.2371e-01     9.0874      5.756      8.348    11.1560 0.0000e+00
      5.871      0.014     0.0453      0.403     54.583  39.471748     0.7759      6.803    33.5329 1.2381e-01     9.1109      5.756      8.348    11.1556 0.0000e+00
      5.876      0.013     0.0410      0.398     54.611  39.490660     0.7847      6.802    33.8771 1.2383e-01     9.1568      5.761      8.357    11.1566 0.0000e+00
      5.881      0.013     0.0419      0.417     54.630  39.503335     0.7903      6.802    34.1106 1.2380e-01     9.1644      5.770      8.368    11.1578 0.0000e+00
      5.885      0.013     0.0474      0.426     54.624  39.498147     0.7859      6.802    34.1197 1.2375e-01     9.1003      5.773      8.373    11.1568 0.0000e+00
      5.885      0.013     0.0441      0.421     54.616  39.491348     0.7728      6.801    34.1592 1.2370e-01     9.0647      5.771      8.370    11.1543 0.0000e+00
      5.887      0.012     0.0413      0.407     54.608  39.484548     0.7652      6.801    34.2437 1.2374e-01     9.1099      5.773      8.372    11.1532 0.0000e+00
      5.892      0.011     0.0477      0.390     54.601  39.479359     0.7771      6.801    34.2808 1.2377e-01     9.1683      5.779      8.381    11.1528 0.0000e+00
      5.897      0.011     0.0468      0.394     54.618  39.492035     0.7837      6.801    34.3501 1.2381e-01     9.1562      5.785      8.389    11.1521 0.0000e+00
      5.899      0.011     0.0463      0.406     54.644  39.510957     0.7786      6.801    34.4788 1.2384e-01     9.1002      5.786      8.391    11.1510 0.0000e+00
      5.900      0.010     0.0457      0.408     54.653  39.517871     0.7730      6.800    34.5470 1.2375e-01     9.0724      5.785      8.390    11.1499 0.0000e+00
      5.903      0.009     0.0409      0.410     54.645  39.512214     0.7746      6.800    34.5729 1.2375e-01     9.1618      5.788      8.394    11.1502 0.0000e+00
      5.907      0.009     0.0432      0.413     54.635  39.505975     0.7898      6.800    34.7913 1.2381e-01     9.3609      5.793      8.403    11.1508 0.0000e+00
      5.910      0.011     0.0455      0.416     54.634  39.505863     0.7979      6.799    35.1226 1.2383e-01     9.4641      5.796      8.406    11.1508 0.0000e+00
      5.910      0.013     0.0445      0.416     54.642  39.510863     0.7899      6.798    35.2235 1.2382e-01     9.4195      5.796      8.406    11.1504 0.0000e+00
      5.911      0.014     0.0451      0.401     54.632  39.503004     0.7848      6.798    35.1497 1.2378e-01     9.3677      5.795      8.405    11.1505 0.0000e+00
