Data/DataNotYetUploadedToEDI/Raw_CTD/RawDownloads/080221_fcr50.cnv
* Sea-Bird SBE19plus  Data File:
* FileName = C:\R\Reservoirs\Data\DataNotYetUploadedToEDI\Raw_CTD\RawDownloads\080221_fcr50_0001_0002.hex
* Software version 2.8.0.119
* Temperature SN = 7809
* Conductivity SN = 7809
* System UpLoad Time = Aug 02 2021 15:32:41
* <ApplicationData>
* <Seaterm232>
# nquan = 16
# nvalues = 2384                        
# units = specified
# name 0 = depFM: Depth [fresh water, m]
# name 1 = dz/dtM: Descent Rate [m/s]
# name 2 = orp: Oxidation Reduction Potential [mV]
# name 3 = sbeox0Mg/L: Oxygen, SBE 43 [mg/l]
# name 4 = sbeox0PS: Oxygen, SBE 43 [% saturation]
# name 5 = par/sat/log: PAR/Logarithmic, Satlantic
# name 6 = ph: pH
# name 7 = specc: Specific Conductance [uS/cm]
# name 8 = c0uS/cm: Conductivity [uS/cm]
# name 9 = flECO-AFL: Fluorescence, WET Labs ECO-AFL/FL [mg/m^3]
# name 10 = turbWETntu0: Turbidity, WET Labs ECO [NTU]
# name 11 = tv290C: Temperature [ITS-90, deg C]
# name 12 = density00: Density [density, kg/m^3]
# name 13 = prdE: Pressure, Strain Gauge [psi]
# name 14 = prdM: Pressure, Strain Gauge [db]
# name 15 = flag:  0.000e+00
# span 0 =     -0.637,      9.569       
# span 1 =     -0.433,      0.272       
# span 2 = -1240.7455,   267.6812       
# span 3 =     1.7285,     9.1465       
# span 4 =     16.771,    111.501       
# span 5 = 1.2351e-01, 1.2564e+03       
# span 6 =     15.177,     15.827       
# span 7 =      1.301,     66.485       
# span 8 =   1.239157,  47.701242       
# span 9 =    -1.7798,   259.8812       
# span 10 =    -4.2327,   272.1289      
# span 11 =    10.1507,    25.8329      
# span 12 =   996.8487,   999.7551      
# span 13 =     -0.906,     13.613      
# span 14 =     -0.625,      9.386      
# span 15 = 0.0000e+00, 0.0000e+00      
# interval = seconds: 0.25
# start_time = Aug 01 2021 20:40:44 [Instrument's time stamp, header]
# bad_flag = -9.990e-29
*END*
[from data line 272]
      0.027      0.023 -1240.7455     7.9127     94.014 5.5781e+02     15.397     39.309  39.955987     1.4824     1.6561    25.8246   996.8514      0.038      0.026 0.0000e+00
      0.033      0.024 -1240.7455     7.8850     93.130 5.4865e+02     15.396     39.287  39.932802     1.5018     1.6781    25.8219   996.8521      0.045      0.031 0.0000e+00
      0.039      0.024 -1240.7455     7.8134     92.180 5.8896e+02     15.396     39.284  39.930598     1.5064     1.7106    25.8199   996.8527      0.055      0.038 0.0000e+00
      0.047      0.024 -1240.7455     7.7224     91.115 6.6070e+02     15.396     39.282  39.929338     1.5006     1.7054    25.8184   996.8530      0.067      0.046 0.0000e+00
      0.055      0.022 -1240.7455     7.6504     89.932 6.5148e+02     15.396     39.271  39.917581     1.5180     1.6848    25.8158   996.8537      0.077      0.053 0.0000e+00
      0.062      0.017 -1240.7455     7.5842     88.784 5.9282e+02     15.397     39.269  39.915378     1.5446     1.7018    25.8148   996.8541      0.090      0.062 0.0000e+00
      0.066      0.013 -1240.7455     7.5044     87.746 5.4983e+02     15.397     39.256  39.902702     1.5648     1.7378    25.8166   996.8536      0.097      0.067 0.0000e+00
      0.066      0.011 -1240.7455     7.4227     86.768 5.5470e+02     15.397     39.244  39.891257     1.5818     1.7423    25.8178   996.8533      0.095      0.066 0.0000e+00
      0.065      0.013 -1240.7455     7.3174     85.888 7.7058e+02     15.397     39.258  39.903939     1.5963     1.7232    25.8163   996.8537      0.092      0.063 0.0000e+00
      0.065      0.021 -1240.7455     7.2212     85.131 1.0856e+03     15.397     39.284  39.929099     1.5974     1.7124    25.8161   996.8538      0.090      0.062 0.0000e+00
      0.068      0.032 -1240.7455     7.1433     84.570 1.0593e+03     15.396     39.297  39.941584     1.5947     1.7153    25.8183   996.8531      0.092      0.065 0.0000e+00
      0.077      0.043 -1240.7455     7.0568     84.255 7.8336e+02     15.396     39.283  39.927954     1.5930     1.6889    25.8185   996.8530      0.105      0.072 0.0000e+00
      0.095      0.053 -1240.7455     6.9893     84.125 6.8758e+02     15.396     39.248  39.891235     1.5666     1.6339    25.8163   996.8538      0.133      0.091 0.0000e+00
      0.116      0.060 -1240.7455     6.9235     84.126 6.2940e+02     15.397     39.237  39.878437     1.5430     1.6329    25.8141   996.8545      0.169      0.116 0.0000e+00
      0.134      0.062 -1240.7455     6.8753     84.246 5.0398e+02     15.397     39.259  39.900144     1.5465     1.6773    25.8152   996.8542      0.195      0.134 0.0000e+00
      0.147      0.059 -1240.7455     6.8536     84.430 4.5644e+02     15.397     39.259  39.899820     1.6094     1.7252    25.8157   996.8542      0.210      0.145 0.0000e+00
      0.160      0.053 -1240.7455     6.8437     84.539 4.7298e+02     15.397     39.234  39.874517     1.7119     1.7653    25.8140   996.8547      0.228      0.157 0.0000e+00
      0.175      0.048 -1240.7455     6.8450     84.534 6.8950e+02     15.396     39.209  39.848088     1.7564     1.7501    25.8115   996.8554      0.251      0.173 0.0000e+00
      0.187      0.044 -1240.7455     6.8543     84.477 1.0182e+03     15.396     39.196  39.834146     1.7554     1.6782    25.8100   996.8559      0.268      0.185 0.0000e+00
      0.197      0.040 -1240.7455     6.8765     84.384 9.9815e+02     15.397     39.196  39.832879     1.7659     1.6518    25.8109   996.8557      0.281      0.194 0.0000e+00
      0.206      0.037 -1240.7455     6.8860     84.225 6.9780e+02     15.397     39.197  39.832764     1.8364     1.7054    25.8103   996.8559      0.294      0.202 0.0000e+00
      0.215      0.033 -1240.7455     6.8820     83.995 5.1766e+02     15.397     39.199  39.832754     1.9599     1.7433    25.8087   996.8563      0.305      0.210 0.0000e+00
      0.223      0.030 -1240.7455     6.8780     83.765 5.1385e+02     15.397     39.200  39.832753     2.0286     1.7318    25.8074   996.8567      0.316      0.218 0.0000e+00
      0.230      0.028 -1240.7455     6.8712     83.557 5.8193e+02     15.396     39.201  39.832753     2.0176     1.7379    25.8063   996.8570      0.328      0.226 0.0000e+00
      0.237      0.026 -1240.7455     6.8604     83.297 5.9833e+02     15.396     39.202  39.832754     1.9702     1.7491    25.8043   996.8576      0.337      0.231 0.0000e+00
      0.243      0.024 -1240.7455     6.8377     82.945 5.2184e+02     15.397     39.202  39.832762     1.9235     1.7292    25.8020   996.8581      0.344      0.237 0.0000e+00
      0.249      0.023 -1240.7455     6.8182     82.569 4.4888e+02     15.397     39.203  39.832857     1.9012     1.7038    25.8009   996.8585      0.354      0.245 0.0000e+00
      0.254      0.021 -1240.7453     6.8052     82.310 4.4006e+02     15.397     39.206  39.833887     1.8916     1.6821    25.7999   996.8588      0.362      0.249 0.0000e+00
      0.260      0.019 -1240.7438     6.7853     82.210 4.5962e+02     15.397     39.218  39.845217     1.9206     1.7073    25.7987   996.8592      0.369      0.255 0.0000e+00
      0.265      0.018 -1240.7263     6.7552     82.168 4.5522e+02     15.397     39.217  39.842909     1.9853     1.7679    25.7980   996.8594      0.376      0.260 0.0000e+00
      0.269      0.016 -1240.5346     6.7188     82.124 5.0293e+02     15.396     39.181  39.805982     2.0162     1.7625    25.7970   996.8597      0.382      0.264 0.0000e+00
      0.272      0.014 -1238.4260     6.6956     82.069 5.6663e+02     15.396     39.156  39.779546     2.0179     1.7101    25.7948   996.8603      0.387      0.267 0.0000e+00
      0.276      0.011 -1229.6855     6.6938     82.002 5.6564e+02     15.397     39.154  39.777144     2.0059     1.6843    25.7932   996.8606      0.392      0.271 0.0000e+00
      0.278      0.009 -1212.3753     6.6910     81.911 5.6406e+02     15.397     39.155  39.776934     1.9758     1.6911    25.7920   996.8611      0.396      0.273 0.0000e+00
      0.280      0.007 -1191.0551     6.6877     81.775 5.9273e+02     15.397     39.156  39.777019     1.9680     1.7235    25.7906   996.8614      0.399      0.275 0.0000e+00
      0.282      0.006 -1169.5373     6.6838     81.638 6.1363e+02     15.398     39.158  39.778171     1.9693     1.7331    25.7901   996.8615      0.401      0.277 0.0000e+00
      0.282      0.005 -1147.8595     6.6773     81.466 5.6266e+02     15.398     39.171  39.790864     1.9429     1.7031    25.7897   996.8616      0.402      0.277 0.0000e+00
      0.283      0.004 -1126.0658     6.6739     81.215 5.3843e+02     15.397     39.185  39.803549     1.9073     1.6708    25.7887   996.8619      0.403      0.278 0.0000e+00
      0.284      0.004 -1104.8679     6.6576     80.927 5.6173e+02     15.397     39.187  39.804598     1.8909     1.6858    25.7874   996.8622      0.404      0.278 0.0000e+00
      0.285      0.004 -1084.2003     6.6495     80.624 6.1203e+02     15.397     39.187  39.803551     1.8972     1.7470    25.7856   996.8627      0.407      0.280 0.0000e+00
      0.287      0.004 -1063.6546     6.6387     80.313 7.1391e+02     15.397     39.176  39.790876     1.8978     1.7230    25.7838   996.8632      0.409      0.282 0.0000e+00
      0.288      0.003 -1042.6406     6.6139     79.968 7.0641e+02     15.397     39.165  39.778287     1.8799     1.6365    25.7828   996.8635      0.410      0.283 0.0000e+00
      0.289      0.003 -1021.3014     6.5925     79.623 5.7178e+02     15.397     39.165  39.778277     1.8707     1.6287    25.7816   996.8638      0.411      0.284 0.0000e+00
      0.290      0.003 -1000.6955     6.5655     79.315 4.6042e+02     15.397     39.178  39.790761     1.8819     1.6624    25.7803   996.8642      0.412      0.284 0.0000e+00
      0.290      0.003  -980.6320     6.5437     79.044 4.3477e+02     15.396     39.191  39.802283     1.9010     1.6659    25.7792   996.8644      0.412      0.284 0.0000e+00
      0.290      0.004  -960.7740     6.5135     78.867 4.6210e+02     15.396     39.181  39.790638     1.9210     1.6378    25.7782   996.8647      0.411      0.283 0.0000e+00
      0.291      0.006  -940.6748     6.4829     78.737 4.7152e+02     15.396     39.168  39.776904     1.9328     1.5969    25.7767   996.8651      0.414      0.284 0.0000e+00
      0.293      0.007  -920.1025     6.4620     78.602 5.0082e+02     15.395     39.155  39.763170     1.9385     1.5828    25.7753   996.8654      0.417      0.287 0.0000e+00
      0.295      0.008  -900.2050     6.4336     78.502 6.7637e+02     15.395     39.145  39.751517     1.9518     1.6388    25.7743   996.8657      0.419      0.289 0.0000e+00
      0.298      0.008  -880.9499     6.4231     78.422 8.0710e+02     15.396     39.158  39.762943     1.9794     1.6917    25.7727   996.8662      0.425      0.293 0.0000e+00
      0.301      0.007  -861.8639     6.4160     78.319 6.7612e+02     15.397     39.172  39.774386     2.0140     1.6731    25.7709   996.8667      0.429      0.296 0.0000e+00
      0.302      0.006  -843.1510     6.4004     78.211 5.1670e+02     15.396     39.163  39.762932     2.0273     1.6885    25.7697   996.8670      0.429      0.296 0.0000e+00
      0.303      0.004  -824.1050     6.3947     78.114 4.4806e+02     15.396     39.153  39.751382     2.0267     1.7401    25.7682   996.8674      0.431      0.297 0.0000e+00
      0.304      0.003  -804.6063     6.3906     78.037 3.8509e+02     15.397     39.164  39.761673     2.0822     1.7478    25.7659   996.8680      0.432      0.298 0.0000e+00
      0.304      0.002  -785.7529     6.3805     77.945 3.6356e+02     15.397     39.164  39.760421     2.1829     1.7125    25.7636   996.8686      0.433      0.299 0.0000e+00
      0.304      0.001  -767.7121     6.3721     77.780 3.8058e+02     15.397     39.142  39.736240     2.2245     1.6567    25.7612   996.8692      0.433      0.298 0.0000e+00
      0.305      0.001  -749.9519     6.3640     77.580 3.9014e+02     15.397     39.131  39.723173     2.2132     1.6567    25.7588   996.8699      0.434      0.299 0.0000e+00
      0.305      0.000  -731.9947     6.3580     77.384 3.7610e+02     15.397     39.138  39.729372     2.2167     1.7134    25.7567   996.8704      0.434      0.299 0.0000e+00
      0.305      0.000  -713.8092     6.3556     77.231 3.5676e+02     15.397     39.158  39.747712     2.2294     1.7243    25.7547   996.8710      0.434      0.299 0.0000e+00
      0.305      0.000  -695.9571     6.3384     77.149 4.3733e+02     15.397     39.166  39.754516     2.2329     1.6498    25.7526   996.8716      0.433      0.299 0.0000e+00
      0.305      0.000  -678.5879     6.3220     77.106 5.3767e+02     15.397     39.161  39.748168     2.2319     1.6026    25.7504   996.8721      0.434      0.299 0.0000e+00
      0.305      0.003  -661.5095     6.3057     77.117 5.0537e+02     15.397     39.149  39.734425     2.2262     1.6350    25.7490   996.8724      0.434      0.299 0.0000e+00
      0.305      0.009  -644.3346     6.2904     77.187 5.2715e+02     15.397     39.131  39.715289     2.1932     1.6640    25.7474   996.8729      0.435      0.300 0.0000e+00
      0.305      0.017  -627.0036     6.2882     77.361 7.1144e+02     15.396     39.121  39.707197     2.1470     1.6785    25.7457   996.8734      0.434      0.299 0.0000e+00
      0.306      0.024  -610.0151     6.2820     77.890 7.4915e+02     15.396     39.111  39.700063     2.1251     1.6720    25.7433   996.8739      0.433      0.299 0.0000e+00
      0.314      0.029  -593.4551     6.2834     79.186 5.6516e+02     15.395     39.103  39.692505     2.1092     1.6555    25.7419   996.8743      0.439      0.303 0.0000e+00
      0.332      0.032  -577.0020     6.2910     81.577 4.3026e+02     15.395     39.090  39.679279     2.0985     1.6843    25.7398   996.8750      0.473      0.326 0.0000e+00
      0.347      0.033  -560.4463     6.2957     84.761 3.6164e+02     15.395     39.076  39.667090     2.1005     1.7449    25.7420   996.8745      0.501      0.346 0.0000e+00
      0.352      0.034  -543.6783     6.3271     87.800 3.1545e+02     15.395     39.077  39.672069     2.1049     1.7701    25.7500   996.8724      0.502      0.347 0.0000e+00
      0.353      0.033  -526.8955     6.4166     89.791 3.4207e+02     15.395     39.078  39.676016     2.1130     1.7141    25.7492   996.8727      0.503      0.346 0.0000e+00
      0.358      0.032  -510.5043     6.6196     90.341 4.2892e+02     15.395     39.052  39.651347     2.1515     1.6526    25.7464   996.8734      0.506      0.349 0.0000e+00
      0.368      0.032  -494.4274     6.9137     89.762 4.6825e+02     15.395     39.028  39.627674     2.2362     1.6781    25.7496   996.8725      0.521      0.359 0.0000e+00
      0.381      0.035  -478.4341     7.1862     88.637 4.0397e+02     15.395     39.043  39.643668     2.2979     1.7143    25.7551   996.8712      0.543      0.374 0.0000e+00
      0.392      0.037  -462.2798     7.3635     87.357 3.4280e+02     15.396     39.053  39.654318     2.3063     1.7126    25.7597   996.8700      0.559      0.386 0.0000e+00
      0.402      0.036  -446.0618     7.3940     86.135 3.6488e+02     15.396     39.029  39.629503     2.2796     1.6920    25.7617   996.8696      0.572      0.395 0.0000e+00
      0.410      0.031  -430.4168     7.3254     85.015 3.9782e+02     15.395     38.998  39.597515     2.2336     1.6712    25.7625   996.8693      0.582      0.401 0.0000e+00
      0.418      0.026  -415.3406     7.2262     83.995 3.7100e+02     15.394     38.986  39.584888     2.2171     1.6668    25.7629   996.8692      0.595      0.410 0.0000e+00
      0.424      0.023  -400.4070     7.1132     83.073 3.6147e+02     15.394     39.005  39.603773     2.2330     1.6732    25.7634   996.8692      0.605      0.417 0.0000e+00
      0.429      0.021  -385.2818     7.0151     82.216 4.0658e+02     15.395     39.037  39.635440     2.2449     1.7146    25.7634   996.8692      0.611      0.421 0.0000e+00
      0.431      0.021  -370.1262     6.9239     81.451 4.2584e+02     15.395     39.052  39.650431     2.2366     1.7205    25.7630   996.8693      0.613      0.423 0.0000e+00
      0.435      0.021  -355.5120     6.8398     80.816 4.1192e+02     15.395     39.060  39.658082     2.2186     1.6758    25.7618   996.8696      0.616      0.425 0.0000e+00
      0.442      0.022  -341.4283     6.7678     80.289 4.4223e+02     15.394     39.067  39.664482     2.2181     1.6891    25.7609   996.8699      0.627      0.432 0.0000e+00
      0.449      0.024  -327.6103     6.6962     79.873 4.4216e+02     15.394     39.067  39.664342     2.2207     1.7095    25.7602   996.8701      0.639      0.441 0.0000e+00
      0.456      0.026  -313.6267     6.6318     79.528 3.7333e+02     15.394     39.059  39.656394     2.1830     1.6820    25.7597   996.8703      0.648      0.447 0.0000e+00
      0.462      0.028  -299.5195     6.5829     79.187 3.6547e+02     15.395     39.034  39.631850     2.1240     1.6319    25.7591   996.8704      0.656      0.453 0.0000e+00
      0.468      0.028  -286.0140     6.5383     78.850 4.0483e+02     15.395     39.022  39.621455     2.0895     1.5840    25.7582   996.8706      0.665      0.459 0.0000e+00
      0.476      0.028  -273.1102     6.5051     78.504 4.1138e+02     15.395     39.057  39.657651     2.0908     1.6178    25.7583   996.8707      0.677      0.467 0.0000e+00
      0.483      0.029  -260.4286     6.4816     78.148 4.2503e+02     15.394     39.086  39.688684     2.1206     1.6633    25.7587   996.8707      0.687      0.474 0.0000e+00
      0.491      0.029  -247.8890     6.4506     77.791 4.3024e+02     15.393     39.076  39.679327     2.1450     1.6193    25.7601   996.8703      0.699      0.482 0.0000e+00
