Data/DataNotYetUploadedToEDI/Raw_CTD/RawDownloads/080221_fcr50.cnv
* Sea-Bird SBE19plus  Data File:
* FileName = C:\R\Reservoirs\Data\DataNotYetUploadedToEDI\Raw_CTD\RawDownloads\080221_fcr50_0001_0002.hex
* Software version 2.8.0.119
* Temperature SN = 7809
* Conductivity SN = 7809
* System UpLoad Time = Aug 02 2021 15:32:41
* <ApplicationData>
* <Seaterm232>
# nquan = 16
# nvalues = 2384                        
# units = specified
# name 0 = depFM: Depth [fresh water, m]
# name 1 = dz/dtM: Descent Rate [m/s]
# name 2 = orp: Oxidation Reduction Potential [mV]
# name 3 = sbeox0Mg/L: Oxygen, SBE 43 [mg/l]
# name 4 = sbeox0PS: Oxygen, SBE 43 [% saturation]
# name 5 = par/sat/log: PAR/Logarithmic, Satlantic
# name 6 = ph: pH
# name 7 = specc: Specific Conductance [uS/cm]
# name 8 = c0uS/cm: Conductivity [uS/cm]
# name 9 = flECO-AFL: Fluorescence, WET Labs ECO-AFL/FL [mg/m^3]
# name 10 = turbWETntu0: Turbidity, WET Labs ECO [NTU]
# name 11 = tv290C: Temperature [ITS-90, deg C]
# name 12 = density00: Density [density, kg/m^3]
# name 13 = prdE: Pressure, Strain Gauge [psi]
# name 14 = prdM: Pressure, Strain Gauge [db]
# name 15 = flag:  0.000e+00
# span 0 =     -0.637,      9.569       
# span 1 =     -0.433,      0.272       
# span 2 = -1240.7455,   267.6812       
# span 3 =     1.7285,     9.1465       
# span 4 =     16.771,    111.501       
# span 5 = 1.2351e-01, 1.2564e+03       
# span 6 =     15.177,     15.827       
# span 7 =      1.301,     66.485       
# span 8 =   1.239157,  47.701242       
# span 9 =    -1.7798,   259.8812       
# span 10 =    -4.2327,   272.1289      
# span 11 =    10.1507,    25.8329      
# span 12 =   996.8487,   999.7551      
# span 13 =     -0.906,     13.613      
# span 14 =     -0.625,      9.386      
# span 15 = 0.0000e+00, 0.0000e+00      
# interval = seconds: 0.25
# start_time = Aug 01 2021 20:40:44 [Instrument's time stamp, header]
# bad_flag = -9.990e-29
*END*
[from data line 1266]
      6.725      0.032   125.7075     2.0013     17.886 1.2366e-01     15.805     55.001  38.718953     0.7012    15.9002    10.2008   999.7368      9.563      6.594 0.0000e+00
      6.736      0.033   125.6765     2.0063     17.829 1.2366e-01     15.804     54.998  38.717637     0.6896    15.7652    10.1976   999.7371      9.583      6.607 0.0000e+00
      6.743      0.033   125.5815     2.0204     17.889 1.2374e-01     15.804     54.988  38.715645     0.6996    15.7467    10.1970   999.7373      9.592      6.613 0.0000e+00
      6.749      0.032   125.4191     2.0185     17.988 1.2374e-01     15.804     54.953  38.694878     0.6791    15.7457    10.1986   999.7372      9.598      6.618 0.0000e+00
      6.757      0.029   125.2611     2.0121     18.043 1.2363e-01     15.804     54.901  38.656952     0.6333    15.8212    10.1959   999.7374      9.612      6.627 0.0000e+00
      6.765      0.027   125.3055     1.9936     18.050 1.2358e-01     15.804     54.877  38.637899     0.6127    15.9040    10.1944   999.7376      9.624      6.636 0.0000e+00
      6.772      0.025   125.3542     2.0085     17.961 1.2368e-01     15.804     54.901  38.654910     0.6212    15.9234    10.2020   999.7369      9.631      6.641 0.0000e+00
      6.778      0.023   125.1615     2.0255     17.925 1.2375e-01     15.804     54.923  38.672218     0.6298    15.7469    10.2077   999.7364      9.641      6.647 0.0000e+00
      6.784      0.021   125.0415     2.0227     17.960 1.2373e-01     15.804     54.900  38.656766     0.6220    15.3835    10.2038   999.7368      9.651      6.654 0.0000e+00
      6.789      0.019   125.0211     2.0388     17.945 1.2369e-01     15.803     54.903  38.658486     0.6035    15.2027    10.2001   999.7371      9.656      6.659 0.0000e+00
      6.793      0.019   124.9141     2.0118     17.950 1.2369e-01     15.803     54.954  38.693014     0.6057    15.2436    10.2019   999.7369      9.660      6.661 0.0000e+00
      6.796      0.020   124.8668     2.0065     17.960 1.2369e-01     15.803     54.955  38.693432     0.6304    15.3627    10.2036   999.7369      9.667      6.665 0.0000e+00
      6.800      0.023   124.9663     2.0264     17.931 1.2374e-01     15.803     54.908  38.663533     0.6543    15.5442    10.2044   999.7368      9.673      6.669 0.0000e+00
      6.805      0.025   125.0836     2.0099     17.928 1.2379e-01     15.803     54.884  38.648859     0.6744    15.6528    10.2050   999.7367      9.676      6.671 0.0000e+00
      6.813      0.027   125.0811     2.0168     17.994 1.2371e-01     15.803     54.877  38.642948     0.6829    15.6801    10.2016   999.7371      9.689      6.680 0.0000e+00
      6.823      0.029   124.9352     2.0211     18.114 1.2364e-01     15.803     54.896  38.655537     0.7001    15.7364    10.2005   999.7372      9.708      6.693 0.0000e+00
      6.832      0.031   124.7824     2.0115     18.185 1.2364e-01     15.803     54.919  38.674133     0.7304    15.7500    10.2062   999.7367      9.720      6.702 0.0000e+00
      6.838      0.033   124.8687     2.0114     18.141 1.2364e-01     15.803     54.921  38.677384     0.7437    15.6733    10.2086   999.7366      9.726      6.706 0.0000e+00
      6.844      0.035   125.1187     2.0170     18.067 1.2364e-01     15.804     54.946  38.694845     0.7454    15.6333    10.2049   999.7369      9.732      6.710 0.0000e+00
      6.853      0.037   125.2230     2.0369     18.060 1.2365e-01     15.804     54.945  38.694846     0.7418    15.6438    10.2044   999.7370      9.746      6.720 0.0000e+00
      6.864      0.037   125.1838     2.0493     18.107 1.2368e-01     15.804     54.911  38.677394     0.7298    15.5941    10.2079   999.7368      9.764      6.732 0.0000e+00
      6.876      0.036   125.0755     2.0385     18.124 1.2371e-01     15.803     54.898  38.674244     0.7044    15.4781    10.2106   999.7366      9.779      6.743 0.0000e+00
      6.888      0.033   124.9456     2.0245     18.044 1.2371e-01     15.803     54.874  38.656765     0.6831    15.4090    10.2089   999.7369      9.799      6.756 0.0000e+00
      6.897      0.028   124.9892     2.0265     17.985 1.2371e-01     15.804     54.880  38.656472     0.6822    15.4114    10.2068   999.7370      9.813      6.766 0.0000e+00
      6.901      0.025   125.1731     2.0327     18.049 1.2367e-01     15.804     54.907  38.670687     0.7125    15.4725    10.2162   999.7361      9.817      6.769 0.0000e+00
      6.903      0.024   125.2770     2.0424     18.126 1.2366e-01     15.803     54.864  38.638232     0.7827    15.5989    10.2243   999.7355      9.819      6.770 0.0000e+00
      6.906      0.025   125.2129     2.0252     18.140 1.2375e-01     15.803     54.781  38.581400     0.8337    15.6694    10.2211   999.7357      9.822      6.772 0.0000e+00
      6.912      0.026   124.9994     2.0096     18.106 1.2380e-01     15.803     54.740  38.554764     0.8247    15.6380    10.2169   999.7360      9.829      6.777 0.0000e+00
      6.922      0.028   124.9329     2.0292     18.080 1.2377e-01     15.803     54.764  38.570049     0.7883    15.5962    10.2121   999.7366      9.844      6.788 0.0000e+00
      6.932      0.030   125.0970     2.0381     18.089 1.2378e-01     15.803     54.779  38.575808     0.7555    15.6106    10.2079   999.7370      9.862      6.799 0.0000e+00
      6.941      0.032   125.1765     2.0402     18.147 1.2380e-01     15.803     54.764  38.560915     0.7435    15.6755    10.2116   999.7367      9.876      6.809 0.0000e+00
      6.947      0.033   125.1203     2.0315     18.203 1.2372e-01     15.803     54.798  38.580373     0.7574    15.7279    10.2160   999.7363      9.881      6.813 0.0000e+00
      6.952      0.032   125.1058     2.0296     18.185 1.2365e-01     15.803     54.860  38.620663     0.7801    15.7635    10.2128   999.7367      9.885      6.816 0.0000e+00
      6.962      0.031   125.0873     2.0294     18.164 1.2367e-01     15.803     54.927  38.667248     0.7989    15.7972    10.2076   999.7373      9.902      6.827 0.0000e+00
      6.973      0.030   124.9818     2.0360     18.177 1.2371e-01     15.802     54.968  38.699342     0.8124    15.8271    10.2039   999.7376      9.921      6.840 0.0000e+00
      6.982      0.030   124.9488     2.0523     18.218 1.2369e-01     15.802     54.952  38.691373     0.8194    15.8838    10.2001   999.7381      9.932      6.848 0.0000e+00
      6.989      0.029   124.9473     2.0403     18.275 1.2366e-01     15.802     54.957  38.697835     0.8075    15.8645    10.1958   999.7384      9.941      6.854 0.0000e+00
      6.994      0.027   124.8774     2.0393     18.261 1.2371e-01     15.802     54.976  38.714015     0.7733    15.7313    10.1948   999.7386      9.948      6.858 0.0000e+00
      6.999      0.026   124.8775     2.0421     18.184 1.2374e-01     15.801     54.943  38.696590     0.7590    15.6808    10.1986   999.7383      9.954      6.864 0.0000e+00
      7.006      0.026   124.6907     2.0427     18.161 1.2368e-01     15.801     54.907  38.677565     0.7676    15.7003    10.2030   999.7379      9.965      6.871 0.0000e+00
      7.015      0.025   124.2529     2.0578     18.229 1.2367e-01     15.802     54.897  38.674392     0.7540    15.6582    10.2047   999.7378      9.977      6.879 0.0000e+00
      7.023      0.024   124.1446     2.0546     18.312 1.2370e-01     15.802     54.879  38.658238     0.7178    15.6182    10.2062   999.7377      9.988      6.887 0.0000e+00
      7.029      0.022   124.3284     2.0391     18.369 1.2368e-01     15.801     54.909  38.672648     0.6836    15.5944    10.2118   999.7372      9.999      6.894 0.0000e+00
      7.033      0.020   124.4100     2.0332     18.364 1.2368e-01     15.801     54.989  38.721682     0.6742    15.5761    10.2203   999.7364     10.004      6.898 0.0000e+00
      7.037      0.018   124.3567     2.0476     18.290 1.2370e-01     15.802     55.029  38.743346     0.6802    15.6373    10.2249   999.7360     10.008      6.900 0.0000e+00
      7.040      0.017   124.2002     2.0571     18.275 1.2368e-01     15.802     55.038  38.744172     0.6987    15.8543    10.2205   999.7364     10.014      6.905 0.0000e+00
      7.045      0.017   124.0657     2.0636     18.315 1.2365e-01     15.803     55.026  38.731658     0.7275    16.1389    10.2126   999.7371     10.020      6.908 0.0000e+00
      7.050      0.017   124.0215     2.0698     18.315 1.2361e-01     15.803     55.012  38.718980     0.7328    16.2634    10.2062   999.7378     10.027      6.913 0.0000e+00
      7.054      0.018   124.0095     2.0487     18.313 1.2363e-01     15.803     55.013  38.717813     0.7331    16.2953    10.1998   999.7384     10.034      6.918 0.0000e+00
      7.058      0.018   124.0075     2.0490     18.317 1.2371e-01     15.803     55.013  38.717551     0.7594    16.4217    10.1945   999.7389     10.039      6.921 0.0000e+00
      7.063      0.018   123.9979     2.0637     18.310 1.2376e-01     15.803     55.011  38.715811     0.8037    16.5897    10.1912   999.7392     10.046      6.926 0.0000e+00
      7.068      0.018   123.9787     2.0556     18.336 1.2376e-01     15.802     54.986  38.696772     0.8301    16.6450    10.1887   999.7395     10.053      6.932 0.0000e+00
      7.072      0.018   123.9482     2.0569     18.352 1.2370e-01     15.802     54.958  38.677755     0.8306    16.5748    10.1873   999.7396     10.059      6.936 0.0000e+00
      7.077      0.018   123.9726     2.0612     18.330 1.2367e-01     15.802     54.953  38.676285     0.8661    16.4283    10.1874   999.7396     10.066      6.940 0.0000e+00
      7.081      0.017   124.0151     2.0532     18.352 1.2364e-01     15.803     54.951  38.679004     0.9360    16.2459    10.1864   999.7398     10.072      6.944 0.0000e+00
      7.086      0.016   124.0327     2.0612     18.403 1.2359e-01     15.804     54.991  38.710629     0.9694    16.1557    10.1849   999.7399     10.079      6.949 0.0000e+00
      7.090      0.016   124.0991     2.0665     18.408 1.2361e-01     15.803     55.033  38.741322     0.9649    16.1272    10.1850   999.7399     10.085      6.953 0.0000e+00
      7.093      0.016   124.1294     2.0555     18.392 1.2365e-01     15.803     55.024  38.732762     0.9007    16.0388    10.1872   999.7398     10.088      6.956 0.0000e+00
      7.097      0.016   124.0552     2.0598     18.364 1.2365e-01     15.803     55.033  38.734064     0.7940    15.9450    10.1913   999.7393     10.094      6.959 0.0000e+00
      7.102      0.016   123.9764     2.0718     18.319 1.2362e-01     15.803     55.072  38.757063     0.7524    15.9193    10.1960   999.7390     10.101      6.965 0.0000e+00
      7.106      0.016   124.0374     2.0682     18.344 1.2363e-01     15.803     55.077  38.756959     0.7599    15.9345    10.1973   999.7389     10.107      6.969 0.0000e+00
      7.111      0.016   124.1898     2.0652     18.440 1.2371e-01     15.802     55.046  38.732807     0.7512    15.9234    10.1941   999.7392     10.114      6.973 0.0000e+00
      7.115      0.015   124.2706     2.0674     18.499 1.2374e-01     15.802     55.029  38.718917     0.7326    15.9222    10.1891   999.7397     10.119      6.977 0.0000e+00
      7.118      0.015   124.2399     2.0537     18.493 1.2368e-01     15.802     55.025  38.715952     0.7352    16.0230    10.1845   999.7401     10.125      6.980 0.0000e+00
      7.121      0.014   124.1632     2.0566     18.433 1.2358e-01     15.802     54.996  38.696955     0.7552    16.1465    10.1817   999.7404     10.129      6.984 0.0000e+00
      7.124      0.013   124.1167     2.0764     18.373 1.2356e-01     15.802     54.966  38.679634     0.7548    16.1452    10.1795   999.7406     10.133      6.987 0.0000e+00
      7.129      0.013   124.1084     2.0811     18.405 1.2364e-01     15.803     54.986  38.696942     0.7394    15.9722    10.1781   999.7407     10.140      6.991 0.0000e+00
      7.133      0.014   124.1486     2.0808     18.488 1.2371e-01     15.803     55.008  38.715827     0.7314    15.7712    10.1772   999.7408     10.146      6.995 0.0000e+00
      7.135      0.015   124.1723     2.0734     18.509 1.2373e-01     15.802     55.005  38.717553     0.7348    15.7068    10.1787   999.7407     10.148      6.997 0.0000e+00
      7.138      0.015   124.1372     2.0583     18.464 1.2369e-01     15.802     55.003  38.717813     0.7510    15.7090    10.1828   999.7404     10.151      6.998 0.0000e+00
      7.143      0.015   124.0690     2.0652     18.411 1.2364e-01     15.802     55.007  38.718982     0.7470    15.6600    10.1854   999.7401     10.158      7.004 0.0000e+00
      7.148      0.015   123.9505     2.0822     18.418 1.2363e-01     15.802     55.029  38.731676     0.7054    15.5955    10.1881   999.7399     10.168      7.011 0.0000e+00
      7.152      0.015   123.9083     2.0822     18.488 1.2370e-01     15.802     55.050  38.744361     0.6772    15.5819    10.1925   999.7395     10.173      7.014 0.0000e+00
      7.156      0.015   124.0743     2.0749     18.526 1.2378e-01     15.803     55.054  38.745409     0.6821    15.5983    10.1948   999.7393     10.178      7.017 0.0000e+00
      7.158      0.019   124.1511     2.0658     18.524 1.2380e-01     15.803     55.055  38.744344     0.6691    15.6220    10.1924   999.7396     10.182      7.020 0.0000e+00
      7.160      0.026   123.9766     2.0647     18.529 1.2378e-01     15.804     55.039  38.731490     0.6354    15.6278    10.1892   999.7399     10.184      7.021 0.0000e+00
      7.163      0.032   123.8566     2.0802     18.490 1.2373e-01     15.804     55.020  38.716925     0.6171    15.6002    10.1881   999.7400     10.184      7.021 0.0000e+00
      7.173      0.036   123.8189     2.0854     18.453 1.2372e-01     15.804     54.991  38.695171     0.6101    15.5973    10.1867   999.7402     10.197      7.030 0.0000e+00
      7.191      0.037   123.8649     2.0773     18.493 1.2367e-01     15.803     54.941  38.658874     0.6176    15.6957    10.1845   999.7405     10.229      7.053 0.0000e+00
      7.207      0.035   123.9824     2.0874     18.593 1.2360e-01     15.803     54.940  38.658875     0.6317    15.8625    10.1821   999.7408     10.257      7.072 0.0000e+00
      7.215      0.030   123.9496     2.0780     18.675 1.2360e-01     15.803     54.989  38.695180     0.6274    15.9316    10.1819   999.7408     10.265      7.077 0.0000e+00
      7.218      0.023   123.8120     2.0683     18.609 1.2368e-01     15.803     55.019  38.717030     0.6045    15.8784    10.1815   999.7408     10.267      7.078 0.0000e+00
      7.221      0.018   123.6959     2.0781     18.520 1.2377e-01     15.802     55.040  38.732655     0.5831    15.8039    10.1791   999.7411     10.272      7.083 0.0000e+00
      7.222      0.018   123.5781     2.0856     18.572 1.2377e-01     15.801     55.072  38.757163     0.5883    15.6833    10.1802   999.7409     10.272      7.082 0.0000e+00
      7.223      0.023   123.5064     2.1103     18.629 1.2375e-01     15.801     55.071  38.759476     0.6101    15.5527    10.1827   999.7407     10.271      7.081 0.0000e+00
      7.228      0.030   123.5166     2.0934     18.595 1.2376e-01     15.803     55.071  38.760631     0.6181    15.4612    10.1832   999.7407     10.277      7.086 0.0000e+00
      7.238      0.037   123.5296     2.0687     18.536 1.2376e-01     15.804     55.089  38.771122     0.6076    15.3665    10.1827   999.7408     10.294      7.097 0.0000e+00
      7.253      0.043   123.5779     2.0898     18.521 1.2367e-01     15.804     55.077  38.759383     0.5980    15.3349    10.1847   999.7408     10.318      7.114 0.0000e+00
      7.268      0.045   123.6708     2.0986     18.557 1.2358e-01     15.802     55.061  38.745633     0.6070    15.3874    10.1896   999.7403     10.340      7.129 0.0000e+00
