Data/DataNotYetUploadedToEDI/Raw_CTD/RawDownloads/080221_fcr50.cnv
* Sea-Bird SBE19plus  Data File:
* FileName = C:\R\Reservoirs\Data\DataNotYetUploadedToEDI\Raw_CTD\RawDownloads\080221_fcr50_0001_0002.hex
* Software version 2.8.0.119
* Temperature SN = 7809
* Conductivity SN = 7809
* System UpLoad Time = Aug 02 2021 15:32:41
* <ApplicationData>
* <Seaterm232>
# nquan = 16
# nvalues = 2384                        
# units = specified
# name 0 = depFM: Depth [fresh water, m]
# name 1 = dz/dtM: Descent Rate [m/s]
# name 2 = orp: Oxidation Reduction Potential [mV]
# name 3 = sbeox0Mg/L: Oxygen, SBE 43 [mg/l]
# name 4 = sbeox0PS: Oxygen, SBE 43 [% saturation]
# name 5 = par/sat/log: PAR/Logarithmic, Satlantic
# name 6 = ph: pH
# name 7 = specc: Specific Conductance [uS/cm]
# name 8 = c0uS/cm: Conductivity [uS/cm]
# name 9 = flECO-AFL: Fluorescence, WET Labs ECO-AFL/FL [mg/m^3]
# name 10 = turbWETntu0: Turbidity, WET Labs ECO [NTU]
# name 11 = tv290C: Temperature [ITS-90, deg C]
# name 12 = density00: Density [density, kg/m^3]
# name 13 = prdE: Pressure, Strain Gauge [psi]
# name 14 = prdM: Pressure, Strain Gauge [db]
# name 15 = flag:  0.000e+00
# span 0 =     -0.637,      9.569       
# span 1 =     -0.433,      0.272       
# span 2 = -1240.7455,   267.6812       
# span 3 =     1.7285,     9.1465       
# span 4 =     16.771,    111.501       
# span 5 = 1.2351e-01, 1.2564e+03       
# span 6 =     15.177,     15.827       
# span 7 =      1.301,     66.485       
# span 8 =   1.239157,  47.701242       
# span 9 =    -1.7798,   259.8812       
# span 10 =    -4.2327,   272.1289      
# span 11 =    10.1507,    25.8329      
# span 12 =   996.8487,   999.7551      
# span 13 =     -0.906,     13.613      
# span 14 =     -0.625,      9.386      
# span 15 = 0.0000e+00, 0.0000e+00      
# interval = seconds: 0.25
# start_time = Aug 01 2021 20:40:44 [Instrument's time stamp, header]
# bad_flag = -9.990e-29
*END*
[from data line 1808]
      9.550      0.003   112.4062     2.1450     18.865 1.2354e-01     15.795     61.542  43.341043     0.4498    14.4566    10.1963   999.7526     13.583      9.366 0.0000e+00
      9.551      0.003   112.4026     2.1432     18.949 1.2364e-01     15.795     62.154  43.779594     0.4637    14.4321    10.1998   999.7521     13.585      9.367 0.0000e+00
      9.552      0.002   112.3758     2.1188     18.982 1.2372e-01     15.795     62.674  44.150712     0.4774    14.4212    10.2009   999.7525     13.585      9.367 0.0000e+00
      9.552      0.002   112.3408     2.1097     18.991 1.2376e-01     15.794     62.397  43.955556     0.4719    14.3257    10.2036   999.7524     13.586      9.368 0.0000e+00
      9.553      0.002   112.2366     2.1150     18.998 1.2372e-01     15.794     62.588  44.086378     0.4547    14.2037    10.2104   999.7511     13.586      9.368 0.0000e+00
      9.554      0.002   112.1485     2.1333     19.023 1.2362e-01     15.794     63.038  44.399366     0.4507    14.1478    10.2165   999.7512     13.587      9.369 0.0000e+00
      9.554      0.003   112.1370     2.1306     19.047 1.2361e-01     15.794     63.003  44.375134     0.4715    14.2333    10.2212   999.7511     13.589      9.369 0.0000e+00
      9.555      0.003   112.0971     2.1320     18.938 1.2368e-01     15.794     62.354  43.920329     0.4962    14.4142    10.2222   999.7504     13.590      9.370 0.0000e+00
      9.555      0.003   112.0963     2.1343     18.782 1.2369e-01     15.795     60.996  42.963488     0.4922    14.4806    10.2162   999.7513     13.590      9.370 0.0000e+00
      9.556      0.002   111.8687     2.1310     18.733 1.2371e-01     15.795     59.376  41.820595     0.4702    14.4186    10.2119   999.7519     13.592      9.371 0.0000e+00
      9.557      0.002   111.4101     2.1498     18.770 1.2375e-01     15.795     58.965  41.528216     0.4409    14.3166    10.2142   999.7517     13.593      9.372 0.0000e+00
      9.557      0.002   111.2846     2.1288     18.855 1.2373e-01     15.796     60.040  42.285047     0.4139    14.2431    10.2167   999.7512     13.594      9.373 0.0000e+00
      9.558      0.002   111.2972     2.1004     18.929 1.2373e-01     15.796     60.743  42.782484     0.4105    14.2508    10.2168   999.7508     13.595      9.373 0.0000e+00
      9.558      0.002   111.3039     2.1026     18.923 1.2377e-01     15.796     60.198  42.400773     0.4096    14.2382    10.2139   999.7502     13.595      9.373 0.0000e+00
      9.559      0.002   111.2797     2.1045     18.863 1.2378e-01     15.795     59.427  41.859597     0.4125    14.2280    10.2111   999.7502     13.596      9.374 0.0000e+00
      9.559      0.002   111.0044     2.1182     18.850 1.2376e-01     15.794     59.377  41.825462     0.4357    14.2991    10.2109   999.7510     13.596      9.374 0.0000e+00
      9.560      0.001   110.8146     2.1291     18.845 1.2370e-01     15.795     59.427  41.861052     0.4621    14.3768    10.2133   999.7511     13.597      9.375 0.0000e+00
      9.560      0.001   110.7920     2.1296     18.830 1.2364e-01     15.795     58.682  41.337654     0.4836    14.4466    10.2157   999.7506     13.598      9.376 0.0000e+00
      9.560      0.001   110.8174     2.1127     18.883 1.2365e-01     15.795     58.047  40.892749     0.4858    14.4557    10.2167   999.7500     13.598      9.375 0.0000e+00
      9.560      0.001   110.7774     2.1158     18.915 1.2369e-01     15.794     58.087  40.925238     0.4697    14.3499    10.2174   999.7500     13.598      9.375 0.0000e+00
      9.560      0.001   110.4795     2.1215     18.932 1.2367e-01     15.794     58.587  41.286152     0.4601    14.2317    10.2174   999.7503     13.598      9.375 0.0000e+00
      9.561      0.000   110.2274     2.1041     18.913 1.2366e-01     15.794     59.524  41.955696     0.4656    14.2284    10.2188   999.7496     13.599      9.376 0.0000e+00
      9.561      0.000   110.3102     2.1262     18.806 1.2369e-01     15.794     60.175  42.418897     0.4783    14.3104    10.2211   999.7491     13.599      9.376 0.0000e+00
      9.561      0.001   110.4488     2.1234     18.801 1.2366e-01     15.794     60.659  42.760560     0.5188    14.2954    10.2241   999.7490     13.599      9.376 0.0000e+00
      9.561      0.001   110.5261     2.1218     18.867 1.2361e-01     15.794     60.605  42.722120     0.5930    14.1840    10.2319   999.7483     13.599      9.376 0.0000e+00
      9.561      0.000   110.6435     2.1358     18.898 1.2362e-01     15.794     59.244  41.763456     0.6406    14.1319    10.2419   999.7480     13.599      9.376 0.0000e+00
      9.561 1.8475e-08   110.5766     2.0980     18.933 1.2361e-01     15.794     58.084  40.945360     0.6554    14.2148    10.2458   999.7477     13.599      9.376 0.0000e+00
      9.562 2.0323e-07   110.3197     2.1073     18.917 1.2364e-01     15.794     57.832  40.765589     0.6383    14.7398    10.2444   999.7481     13.600      9.377 0.0000e+00
      9.562 2.0323e-07   110.1192     2.1235     18.876 1.2370e-01     15.794     57.787  40.732423     0.5775    15.6037    10.2437   999.7485     13.600      9.377 0.0000e+00
      9.562 1.8475e-08   110.0453     2.1147     18.867 1.2368e-01     15.793     57.792  40.734773     0.5296    16.0427    10.2444   999.7474     13.600      9.377 0.0000e+00
      9.562 1.6796e-09   110.2008     2.1307     18.879 1.2367e-01     15.793     57.875  40.793999     0.5175    16.0304    10.2443   999.7470     13.599      9.376 0.0000e+00
      9.562 1.5292e-10   110.4497     2.1231     18.896 1.2370e-01     15.793     58.170  41.004191     0.5082    15.7641    10.2428   999.7473     13.600      9.377 0.0000e+00
      9.562 1.6425e-11   110.3877     2.1158     18.892 1.2373e-01     15.794     58.686  41.371912     0.4841    15.2615    10.2404   999.7474     13.601      9.377 0.0000e+00
      9.562 2.9254e-11   110.1393     2.1177     18.891 1.2376e-01     15.794     59.127  41.685374     0.4549    14.9310    10.2394   999.7475     13.600      9.377 0.0000e+00
      9.562 3.0803e-10   110.0279     2.1169     18.899 1.2378e-01     15.794     59.394  41.874255     0.4410    14.8583    10.2402   999.7474     13.601      9.377 0.0000e+00
      9.562 3.3871e-09   110.2446     2.1232     18.892 1.2375e-01     15.794     59.395  41.878260     0.4301    14.9660    10.2425   999.7472     13.600      9.377 0.0000e+00
      9.562 3.7258e-08   110.6086     2.1187     18.877 1.2369e-01     15.794     58.915  41.543336     0.4100    15.2375    10.2477   999.7471     13.600      9.377 0.0000e+00
      9.562 4.0984e-07   110.6441     2.1187     18.868 1.2364e-01     15.794     58.498  41.252546     0.4068    15.4293    10.2487   999.7472     13.600      9.377 0.0000e+00
      9.562      0.000   110.4155     2.1222     18.882 1.2367e-01     15.795     58.626  41.345830     0.4012    15.4307    10.2473   999.7473     13.601      9.377 0.0000e+00
      9.562      0.000   110.1677     2.1194     18.918 1.2377e-01     15.795     58.882  41.528637     0.3800    15.3225    10.2510   999.7471     13.601      9.378 0.0000e+00
      9.562      0.001   110.3146     2.1175     18.908 1.2380e-01     15.794     59.011  41.621999     0.3798    15.0832    10.2548   999.7464     13.601      9.377 0.0000e+00
      9.562      0.001   110.9006     2.1164     18.846 1.2374e-01     15.793     59.136  41.712926     0.3992    14.8033    10.2572   999.7460     13.602      9.378 0.0000e+00
      9.562      0.001   111.2303     2.1150     18.788 1.2366e-01     15.793     59.889  42.247165     0.4133    14.7193    10.2601   999.7459     13.600      9.377 0.0000e+00
      9.563      0.001   111.1174     2.1254     18.757 1.2363e-01     15.793     62.039  43.764650     0.4073    14.7194    10.2616   999.7460     13.601      9.378 0.0000e+00
      9.563      0.002   110.9131     2.1240     18.789 1.2370e-01     15.793     63.635  44.887968     0.3937    14.5985    10.2629   999.7458     13.602      9.378 0.0000e+00
      9.564      0.003   110.9110     2.1116     18.879 1.2378e-01     15.793     62.599  44.147835     0.3917    14.4592    10.2661   999.7456     13.603      9.379 0.0000e+00
      9.565      0.004   111.0917     2.1075     18.952 1.2371e-01     15.794     60.553  42.688107     0.4023    14.4426    10.2695   999.7451     13.603      9.379 0.0000e+00
      9.566      0.004   111.2055     2.0997     18.949 1.2358e-01     15.795     60.003  42.284367     0.4178    14.5016    10.2706   999.7462     13.606      9.380 0.0000e+00
      9.568      0.001   111.1686     2.1046     18.895 1.2358e-01     15.796     61.408  43.265565     0.4262    14.5544    10.2690   999.7474     13.609      9.383 0.0000e+00
      9.569     -0.005   111.0757     2.1178     18.858 1.2365e-01     15.795     61.850  43.569097     0.4369    14.6003    10.2632   999.7470     13.610      9.384 0.0000e+00
      9.569     -0.017   110.9423     2.1312     18.884 1.2368e-01     15.795     59.751  42.081632     0.4517    14.6098    10.2462   999.7477     13.612      9.385 0.0000e+00
      9.568     -0.037   110.8460     2.1290     18.922 1.2366e-01     15.795     57.896  40.770240     0.4618    14.6351    10.2288   999.7488     13.613      9.386 0.0000e+00
      9.561     -0.063   110.8575     2.1208     18.885 1.2369e-01     15.795     57.467  40.472842     0.4735    14.8724    10.2257   999.7502     13.604      9.379 0.0000e+00
      9.545     -0.093   110.9098     2.1135     18.796 1.2373e-01     15.795     57.426  40.453585     0.4794    15.2123    10.2214   999.7512     13.581      9.364 0.0000e+00
      9.516     -0.131   111.0477     2.1189     18.715 1.2368e-01     15.795     57.439  40.473944     0.4664    15.3458    10.2091   999.7506     13.541      9.336 0.0000e+00
      9.476     -0.176   110.9771     2.1309     18.694 1.2363e-01     15.795     57.503  40.528589     0.4492    15.3197    10.2038   999.7502     13.481      9.295 0.0000e+00
      9.431     -0.230   110.6585     2.1225     18.760 1.2359e-01     15.794     57.517  40.543030     0.4530    15.2395    10.2106   999.7495     13.419      9.252 0.0000e+00
      9.373     -0.295   110.5503     2.1097     18.805 1.2361e-01     15.794     57.393  40.458142     0.4735    15.0980    10.2190   999.7483     13.342      9.199 0.0000e+00
      9.297     -0.363   110.5295     2.0995     18.763 1.2370e-01     15.795     57.208  40.327396     0.4782    14.9811    10.2304   999.7469     13.232      9.124 0.0000e+00
      9.199     -0.417   110.5786     2.0917     18.735 1.2375e-01     15.795     57.080  40.231674     0.4613    14.9241    10.2404   999.7456     13.097      9.030 0.0000e+00
      9.074     -0.433   110.6286     2.1060     18.736 1.2370e-01     15.794     57.033  40.189408     0.4513    14.8905    10.2416   999.7450     12.923      8.910 0.0000e+00
      8.922     -0.399   110.3600     2.1183     18.779 1.2369e-01     15.794     56.971  40.133718     0.4628    14.8844    10.2456   999.7438     12.694      8.753 0.0000e+00
      8.767     -0.320   110.0837     2.1007     18.863 1.2372e-01     15.794     56.893  40.066115     0.4759    14.9187    10.2456   999.7429     12.445      8.581 0.0000e+00
      8.662     -0.219   110.0411     2.1030     18.890 1.2369e-01     15.795     56.913  40.070219     0.4665    14.9264    10.2394   999.7429     12.269      8.459 0.0000e+00
      8.640     -0.117   110.1887     2.1020     18.873 1.2369e-01     15.795     56.994  40.119846     0.4540    14.8745    10.2321   999.7435     12.253      8.448 0.0000e+00
      8.684     -0.029   110.4059     2.1033     18.867 1.2370e-01     15.795     57.054  40.158364     0.4588    14.8756    10.2207   999.7448     12.352      8.516 0.0000e+00
      8.737      0.032   110.5161     2.1241     18.843 1.2370e-01     15.795     57.141  40.218563     0.4667    14.9395    10.2090   999.7462     12.449      8.582 0.0000e+00
      8.761      0.057   110.4030     2.1237     18.827 1.2371e-01     15.796     57.223  40.276444     0.4734    14.9610    10.2000   999.7471     12.480      8.604 0.0000e+00
      8.755      0.049   110.1562     2.1180     18.883 1.2369e-01     15.796     57.239  40.286936     0.4726    14.9288    10.1929   999.7477     12.451      8.585 0.0000e+00
      8.745      0.026   110.1134     2.1216     18.929 1.2364e-01     15.796     57.236  40.281948     0.4573    14.9971    10.1890   999.7480     12.426      8.567 0.0000e+00
      8.751      0.007   110.1441     2.1188     18.890 1.2360e-01     15.796     57.236  40.279605     0.4602    15.2371    10.1896   999.7480     12.442      8.578 0.0000e+00
      8.763     -0.003   110.0114     2.1086     18.800 1.2359e-01     15.796     57.209  40.258601     0.4787    15.4284    10.1909   999.7480     12.472      8.599 0.0000e+00
      8.767     -0.008   109.9712     2.1230     18.722 1.2364e-01     15.795     57.153  40.218406     0.4807    15.4894    10.1897   999.7482     12.477      8.603 0.0000e+00
      8.761     -0.012   110.0020     2.1322     18.732 1.2374e-01     15.795     57.178  40.237926     0.4662    15.4263    10.1868   999.7484     12.462      8.593 0.0000e+00
      8.749     -0.014   109.8679     2.1234     18.806 1.2377e-01     15.795     57.272  40.304191     0.4458    15.2487    10.1843   999.7485     12.446      8.581 0.0000e+00
      8.736     -0.013   109.7262     2.1141     18.841 1.2372e-01     15.795     57.301  40.321397     0.4430    15.1618    10.1826   999.7486     12.425      8.565 0.0000e+00
      8.728     -0.008   109.9229     2.0982     18.817 1.2365e-01     15.796     57.305  40.319014     0.4615    15.1989    10.1824   999.7485     12.406      8.554 0.0000e+00
      8.733      0.001   110.2680     2.1018     18.808 1.2360e-01     15.796     57.340  40.338859     0.4789    15.2854    10.1843   999.7484     12.416      8.561 0.0000e+00
      8.743      0.009   110.2851     2.1158     18.822 1.2361e-01     15.796     57.390  40.370907     0.4728    15.3498    10.1852   999.7485     12.440      8.577 0.0000e+00
      8.750      0.014   110.1301     2.1211     18.792 1.2361e-01     15.796     57.418  40.389131     0.4536    15.3590    10.1823   999.7487     12.449      8.583 0.0000e+00
      8.751      0.014   109.9421     2.1134     18.758 1.2357e-01     15.796     57.390  40.368778     0.4564    15.5687    10.1770   999.7492     12.446      8.581 0.0000e+00
      8.753      0.010   109.9054     2.1111     18.760 1.2358e-01     15.796     57.404  40.378717     0.4693    17.5763    10.1720   999.7498     12.448      8.583 0.0000e+00
      8.755      0.006   110.2026     2.1206     18.774 1.2364e-01     15.797     57.499  40.445825     0.4753    21.1269    10.1692   999.7500     12.453      8.586 0.0000e+00
      8.756      0.006   110.3513     2.1119     18.783 1.2363e-01     15.797     57.550  40.481956     0.4724    22.9639    10.1685   999.7501     12.454      8.587 0.0000e+00
      8.756      0.011   110.2405     2.1057     18.767 1.2363e-01     15.797     57.573  40.498203     0.4628    23.0675    10.1681   999.7501     12.453      8.586 0.0000e+00
      8.757      0.017   109.9815     2.1101     18.743 1.2369e-01     15.796     57.597  40.515316     0.4643    23.4090    10.1681   999.7500     12.455      8.587 0.0000e+00
      8.760      0.024   109.6298     2.1092     18.733 1.2374e-01     15.796     57.574  40.498441     0.4714    27.2658    10.1685   999.7501     12.457      8.589 0.0000e+00
      8.767      0.029   109.6009     2.1141     18.738 1.2369e-01     15.797     57.556  40.484591     0.4719    34.3364    10.1684   999.7501     12.467      8.595 0.0000e+00
      8.779      0.031   109.8041     2.1095     18.739 1.2359e-01     15.797     57.546  40.474806     0.4615    38.1738    10.1687   999.7502     12.486      8.609 0.0000e+00
      8.793      0.028   109.8500     2.1061     18.707 1.2356e-01     15.796     57.505  40.443611     0.4503    38.5755    10.1692   999.7502     12.506      8.624 0.0000e+00
