Data/DataNotYetUploadedToEDI/Raw_CTD/RawDownloads/080221_fcr50.cnv
* Sea-Bird SBE19plus  Data File:
* FileName = C:\R\Reservoirs\Data\DataNotYetUploadedToEDI\Raw_CTD\RawDownloads\080221_fcr50_0001_0002.hex
* Software version 2.8.0.119
* Temperature SN = 7809
* Conductivity SN = 7809
* System UpLoad Time = Aug 02 2021 15:32:41
* <ApplicationData>
* <Seaterm232>
# nquan = 16
# nvalues = 2384                        
# units = specified
# name 0 = depFM: Depth [fresh water, m]
# name 1 = dz/dtM: Descent Rate [m/s]
# name 2 = orp: Oxidation Reduction Potential [mV]
# name 3 = sbeox0Mg/L: Oxygen, SBE 43 [mg/l]
# name 4 = sbeox0PS: Oxygen, SBE 43 [% saturation]
# name 5 = par/sat/log: PAR/Logarithmic, Satlantic
# name 6 = ph: pH
# name 7 = specc: Specific Conductance [uS/cm]
# name 8 = c0uS/cm: Conductivity [uS/cm]
# name 9 = flECO-AFL: Fluorescence, WET Labs ECO-AFL/FL [mg/m^3]
# name 10 = turbWETntu0: Turbidity, WET Labs ECO [NTU]
# name 11 = tv290C: Temperature [ITS-90, deg C]
# name 12 = density00: Density [density, kg/m^3]
# name 13 = prdE: Pressure, Strain Gauge [psi]
# name 14 = prdM: Pressure, Strain Gauge [db]
# name 15 = flag:  0.000e+00
# span 0 =     -0.637,      9.569       
# span 1 =     -0.433,      0.272       
# span 2 = -1240.7455,   267.6812       
# span 3 =     1.7285,     9.1465       
# span 4 =     16.771,    111.501       
# span 5 = 1.2351e-01, 1.2564e+03       
# span 6 =     15.177,     15.827       
# span 7 =      1.301,     66.485       
# span 8 =   1.239157,  47.701242       
# span 9 =    -1.7798,   259.8812       
# span 10 =    -4.2327,   272.1289      
# span 11 =    10.1507,    25.8329      
# span 12 =   996.8487,   999.7551      
# span 13 =     -0.906,     13.613      
# span 14 =     -0.625,      9.386      
# span 15 = 0.0000e+00, 0.0000e+00      
# interval = seconds: 0.25
# start_time = Aug 01 2021 20:40:44 [Instrument's time stamp, header]
# bad_flag = -9.990e-29
*END*
[from data line 2170]
      3.727     -0.248   107.6641     1.9969     17.828 3.2152e+01     15.780     58.109  41.454714     3.2225    13.1536    10.3390   999.7110      5.305      3.657 0.0000e+00
      3.652     -0.246   107.6714     1.9854     17.793 3.4482e+01     15.778     58.165  41.575163     4.9163    11.8211    10.3798   999.7072      5.196      3.582 0.0000e+00
      3.575     -0.231   107.7494     1.9857     17.663 3.6577e+01     15.777     58.125  41.585596     5.8503    11.1418    10.4526   999.7000      5.081      3.503 0.0000e+00
      3.507     -0.206   107.4890     1.9813     17.547 3.8284e+01     15.776     57.922  41.453945     5.9611    11.1205    10.5666   999.6888      4.978      3.432 0.0000e+00
      3.457     -0.178   106.9321     1.9822     17.492 3.9524e+01     15.776     57.629  41.252950     6.1229    10.9810    10.6812   999.6774      4.906      3.383 0.0000e+00
      3.427     -0.150   106.3516     1.9800     17.462 4.0298e+01     15.775     57.323  41.059708     7.7677     9.7286    10.7511   999.6705      4.867      3.356 0.0000e+00
      3.407     -0.125   105.6318     1.9556     17.477 4.0923e+01     15.773     57.106  40.958323    10.7902     7.5824    10.7763   999.6680      4.850      3.343 0.0000e+00
      3.383     -0.103   104.8543     1.9401     17.501 4.1903e+01     15.771     56.946  40.915843    12.4446     6.4903    10.7835   999.6671      4.819      3.323 0.0000e+00
      3.351     -0.086   104.2637     1.9399     17.464 4.2974e+01     15.770     56.777  40.863540    12.5598     6.4123    10.7840   999.6668      4.765      3.285 0.0000e+00
      3.320     -0.071   104.0839     1.9308     17.426 4.3646e+01     15.769     56.572  40.770333    11.9638     6.1920    10.7995   999.6649      4.717      3.251 0.0000e+00
      3.301     -0.055   104.4006     1.9321     17.432 4.3875e+01     15.768     56.390  40.677603    10.7988     5.7844    10.8537   999.6595      4.689      3.233 0.0000e+00
      3.295     -0.036   104.9097     1.9381     17.411 4.3800e+01     15.768     56.306  40.631041    10.1463     5.5697    10.9246   999.6523      4.682      3.228 0.0000e+00
      3.297     -0.018   105.2488     1.9257     17.343 4.3689e+01     15.768     56.162  40.524746    10.1021     5.6901    10.9898   999.6458      4.689      3.234 0.0000e+00
      3.298     -0.005   105.2312     1.9155     17.295 4.3622e+01     15.767     55.627  40.154084    10.2073     6.5526    11.0341   999.6412      4.691      3.234 0.0000e+00
      3.298      0.003   105.0412     1.9211     17.287 4.3590e+01     15.764     54.469  39.386559    10.3882     7.9646    11.0732   999.6371      4.689      3.233 0.0000e+00
      3.299      0.010   104.7585     1.9189     17.293 4.3650e+01     15.759     53.176  38.607427    10.4776     8.6856    11.0887   999.6355      4.691      3.235 0.0000e+00
      3.299      0.015   104.3090     1.9071     17.297 4.3680e+01     15.752     52.748  38.540657    10.4109     8.7478    11.0660   999.6378      4.692      3.235 0.0000e+00
      3.301      0.021   103.9933     1.9017     17.275 4.3510e+01     15.746     53.458  39.277699     9.6094     9.2308    11.0755   999.6367      4.692      3.235 0.0000e+00
      3.308      0.026   103.9532     1.9001     17.223 4.3161e+01     15.744     54.661  40.220139     8.1409    10.2000    11.1261   999.6311      4.703      3.243 0.0000e+00
      3.320      0.029   103.9960     1.8954     17.171 4.2887e+01     15.747     55.707  40.859232     7.3424    10.6815    11.2571   999.6171      4.723      3.256 0.0000e+00
      3.330      0.028   103.9947     1.8839     17.072 4.2801e+01     15.754     56.284  41.038231     7.2785    10.5893    11.5380   999.5870      4.738      3.267 0.0000e+00
      3.338      0.019   103.9373     1.8737     16.982 4.2699e+01     15.761     56.079  40.670289     7.3676    10.2531    11.7964   999.5590      4.748      3.273 0.0000e+00
      3.345      0.001   103.9038     1.8589     17.041 4.2467e+01     15.763     55.118  39.901323     7.5518     9.7405    11.8530   999.5532      4.757      3.280 0.0000e+00
      3.350     -0.021   104.0206     1.8659     17.165 4.2453e+01     15.761     54.231  39.357463     7.6555     9.5075    11.7144   999.5691      4.770      3.289 0.0000e+00
      3.345     -0.046   104.1445     1.8658     17.271 4.2956e+01     15.756     53.916  39.299405     7.6582     9.4952    11.4452   999.5985      4.766      3.285 0.0000e+00
      3.326     -0.070   104.1980     1.8520     17.379 4.3791e+01     15.752     53.876  39.389976     7.6327     9.3507    11.2060   999.6237      4.735      3.265 0.0000e+00
      3.299     -0.091   104.2367     1.8725     17.416 4.4810e+01     15.750     53.965  39.500620     7.3851     9.0660    11.1268   999.6313      4.694      3.236 0.0000e+00
      3.268     -0.107   104.0102     1.8844     17.381 4.5891e+01     15.750     54.125  39.621704     6.9440     8.8339    11.2594   999.6169      4.648      3.204 0.0000e+00
      3.237     -0.116   103.6097     1.8801     17.345 4.6918e+01     15.751     54.180  39.648031     6.7241     8.8098    11.4722   999.5943      4.603      3.174 0.0000e+00
      3.206     -0.117   103.0948     1.8953     17.297 4.8030e+01     15.752     54.180  39.628508     6.7198     8.7745    11.5793   999.5825      4.562      3.145 0.0000e+00
      3.173     -0.113   102.5166     1.8981     17.267 4.9189e+01     15.752     54.214  39.639522     6.8923     8.3730    11.6066   999.5793      4.513      3.112 0.0000e+00
      3.143     -0.105   102.2971     1.8864     17.255 5.0179e+01     15.752     54.153  39.590768     7.2460     7.8006    11.6058   999.5794      4.469      3.081 0.0000e+00
      3.117     -0.096   102.1624     1.8901     17.225 5.0979e+01     15.752     53.905  39.419856     7.4480     7.5534    11.5873   999.5814      4.435      3.057 0.0000e+00
      3.092     -0.091   101.7474     1.8804     17.190 5.1544e+01     15.751     53.415  39.096357     7.4470     7.5125    11.5657   999.5836      4.395      3.030 0.0000e+00
      3.074     -0.086   101.4103     1.8785     17.176 5.2041e+01     15.750     52.548  38.535562     7.1665     7.0658    11.5524   999.5850      4.368      3.011 0.0000e+00
      3.060     -0.081   101.4422     1.8808     17.229 5.2872e+01     15.746     51.507  37.907304     6.6511     6.2720    11.5475   999.5854      4.359      3.004 0.0000e+00
      3.040     -0.075   101.9597     1.8740     17.286 5.4128e+01     15.739     50.728  37.529699     6.3742     5.8803    11.5524   999.5847      4.331      2.985 0.0000e+00
      3.012     -0.070   102.7639     1.8711     17.274 5.5439e+01     15.733     50.366  37.460820     6.3466     5.8654    11.5842   999.5810      4.280      2.951 0.0000e+00
      2.989     -0.071   103.2498     1.8606     17.209 5.6153e+01     15.728     50.423  37.645907     6.2888     5.4745    11.6425   999.5742      4.243      2.925 0.0000e+00
      2.978     -0.078   103.4465     1.8661     17.119 5.6247e+01     15.727     50.895  38.054172     6.1710     4.6565    11.7694   999.5597      4.232      2.918 0.0000e+00
      2.972     -0.088   103.5938     1.8680     17.058 5.6663e+01     15.730     51.405  38.398810     6.0953     4.1458    11.9887   999.5348      4.231      2.917 0.0000e+00
      2.957     -0.100   103.5682     1.8529     17.002 5.8131e+01     15.734     51.420  38.322182     6.0889     4.1062    12.2101   999.5091      4.217      2.908 0.0000e+00
      2.925     -0.116   103.3095     1.8426     16.963 6.0213e+01     15.734     50.908  37.889170     5.9984     3.9721    12.3579   999.4915      4.166      2.872 0.0000e+00
      2.881     -0.132   103.0471     1.8237     16.988 6.2181e+01     15.731     50.194  37.415490     5.8021     3.6222    12.4156   999.4846      4.095      2.823 0.0000e+00
      2.840     -0.144   102.9769     1.8232     17.037 6.4070e+01     15.726     49.471  37.037604     5.6898     3.4471    12.3709   999.4901      4.037      2.783 0.0000e+00
      2.802     -0.147   102.9768     1.8232     17.106 6.6140e+01     15.720     48.803  36.747427     5.6704     3.4676    12.2471   999.5045      3.986      2.748 0.0000e+00
      2.764     -0.144   103.0452     1.8147     17.130 6.8212e+01     15.714     48.215  36.509208     5.6052     3.3902    12.1640   999.5138      3.930      2.710 0.0000e+00
      2.727     -0.139   103.1152     1.8240     17.066 7.0043e+01     15.709     47.551  36.188342     5.4931     3.1629    12.2287   999.5058      3.876      2.672 0.0000e+00
      2.694     -0.136   103.0489     1.8148     16.974 7.1650e+01     15.702     46.836  35.850702     5.4306     3.0203    12.4166   999.4832      3.831      2.641 0.0000e+00
      2.664     -0.136   102.8454     1.8185     16.876 7.3283e+01     15.693     46.415  35.790452     5.4209     3.0053    12.6497   999.4547      3.791      2.614 0.0000e+00
      2.630     -0.135   102.7200     1.8157     16.801 7.5197e+01     15.686     46.346  35.967848     5.4149     2.9813    12.8753   999.4265      3.746      2.582 0.0000e+00
      2.593     -0.135   102.8244     1.7947     16.771 7.7228e+01     15.682     46.374  36.092080     5.4622     3.0051    13.0430   999.4050      3.688      2.542 0.0000e+00
      2.556     -0.134   102.8162     1.7809     16.794 7.9239e+01     15.682     46.354  36.086910     5.5645     3.0516    13.2310   999.3803      3.633      2.506 0.0000e+00
      2.522     -0.131   102.7067     1.7545     16.903 8.1094e+01     15.682     46.294  36.032268     5.6215     3.0291    13.5626   999.3364      3.588      2.474 0.0000e+00
      2.489     -0.124   102.8768     1.7345     17.128 8.2769e+01     15.682     46.175  35.939077     5.6267     2.9727    13.8679   999.2951      3.540      2.440 0.0000e+00
      2.456     -0.117   103.1528     1.7285     17.434 8.4596e+01     15.681     45.936  35.785111     5.6837     2.7812    13.9489   999.2837      3.493      2.408 0.0000e+00
      2.428     -0.111   103.3771     1.7310     17.747 8.6367e+01     15.679     45.540  35.566814     5.8057     2.4647    13.9161   999.2881      3.449      2.378 0.0000e+00
      2.403     -0.104   103.7814     1.7400     17.999 8.8010e+01     15.674     45.069  35.330449     5.8817     2.2714    13.9149   999.2882      3.417      2.356 0.0000e+00
      2.378     -0.098   104.2557     1.7653     18.130 9.0205e+01     15.668     44.722  35.211882     5.8970     2.1607    13.9034   999.2897      3.386      2.335 0.0000e+00
      2.351     -0.093   104.4653     1.8001     18.147 9.2622e+01     15.662     44.526  35.212197     6.0191     2.0531    13.9169   999.2875      3.341      2.304 0.0000e+00
      2.326     -0.091   104.5944     1.8293     18.167 9.4368e+01     15.657     44.331  35.207517     6.2613     1.9997    14.0349   999.2710      3.303      2.278 0.0000e+00
      2.309     -0.093   104.7848     1.8518     18.263 9.5912e+01     15.650     44.025  35.155472     6.3938     1.9620    14.1843   999.2498      3.285      2.265 0.0000e+00
      2.290     -0.097   104.8745     1.8597     18.411 9.8090e+01     15.641     43.592  35.090806     6.4090     1.9061    14.3618   999.2243      3.262      2.249 0.0000e+00
      2.265     -0.100   105.1627     1.8465     18.595 1.0055e+02     15.631     43.183  35.060557     6.4642     1.9079    14.5476   999.1974      3.223      2.221 0.0000e+00
      2.236     -0.104   105.6881     1.8397     18.808 1.0290e+02     15.624     42.922  35.043937     6.5564     2.0173    14.6942   999.1757      3.181      2.193 0.0000e+00
      2.206     -0.107   106.0648     1.8458     19.107 1.0544e+02     15.620     42.772  35.016993     6.5984     2.1301    14.8699   999.1495      3.137      2.163 0.0000e+00
      2.176     -0.108   106.3613     1.8454     19.637 1.0784e+02     15.617     42.650  34.988716     6.5906     2.1732    15.2302   999.0947      3.092      2.133 0.0000e+00
      2.149     -0.107   106.6930     1.8481     20.450 1.0957e+02     15.614     42.513  34.955951     6.5489     2.1607    15.6583   999.0277      3.055      2.106 0.0000e+00
      2.124     -0.104   107.1500     1.8600     21.423 1.1119e+02     15.611     42.401  34.938216     6.4655     2.1162    15.8655   998.9945      3.020      2.082 0.0000e+00
      2.099     -0.104   107.8417     1.8800     22.406 1.1381e+02     15.611     42.386  34.964737     6.4210     2.1158    15.9326   998.9835      2.988      2.060 0.0000e+00
      2.072     -0.108   108.6046     1.9252     23.273 1.1691e+02     15.613     42.398  34.959390     6.4307     2.1563    16.0078   998.9711      2.947      2.032 0.0000e+00
      2.045     -0.116   109.3189     2.0092     23.977 1.1951e+02     15.613     42.280  34.873539     6.4205     2.1255    16.1096   998.9544      2.905      2.004 0.0000e+00
      2.020     -0.127   109.8536     2.1043     24.579 1.2294e+02     15.605     41.955  34.815092     6.3072     2.0184    16.2106   998.9378      2.878      1.985 0.0000e+00
      1.988     -0.137   110.1655     2.2026     25.076 1.2780e+02     15.589     41.434  34.824069     6.1289     1.9253    16.2722   998.9275      2.834      1.955 0.0000e+00
      1.948     -0.144   110.5090     2.2935     25.435 1.3325e+02     15.573     40.899  34.855749     6.0384     1.9266    16.2339   998.9336      2.772      1.911 0.0000e+00
      1.904     -0.146   111.0812     2.3607     25.717 1.3921e+02     15.560     40.589  34.944940     6.0050     1.9655    16.1392   998.9489      2.709      1.868 0.0000e+00
      1.860     -0.144   111.6629     2.4111     26.072 1.4452e+02     15.551     40.456  35.077981     5.7531     1.9491    16.3531   998.9133      2.643      1.822 0.0000e+00
      1.822     -0.134   112.0355     2.4284     26.812 1.4897e+02     15.543     40.330  35.195526     5.3009     1.9006    17.0152   998.8000      2.587      1.783 0.0000e+00
      1.791     -0.121   111.9728     2.4252     28.249 1.5389e+02     15.535     40.155  35.287708     5.0494     1.8599    17.6982   998.6786      2.547      1.756 0.0000e+00
      1.763     -0.106   111.7658     2.4288     30.249 1.5756e+02     15.525     39.883  35.304483     5.0102     1.8681    18.0901   998.6065      2.504      1.727 0.0000e+00
      1.740     -0.089   112.2848     2.4401     32.447 1.5956e+02     15.517     39.609  35.271776     4.7892     1.9319    18.3469   998.5583      2.473      1.705 0.0000e+00
      1.719     -0.071   113.3446     2.4769     34.623 1.6168e+02     15.512     39.479  35.273267     4.3503     1.9443    18.6242   998.5055      2.449      1.688 0.0000e+00
      1.699     -0.055   114.3414     2.6042     36.694 1.6250e+02     15.509     39.471  35.322671     4.0912     1.8813    18.9183   998.4486      2.412      1.662 0.0000e+00
      1.685     -0.044   115.1309     2.7873     38.738 1.6213e+02     15.507     39.468  35.361523     4.0682     1.8568    19.2787   998.3774      2.389      1.647 0.0000e+00
      1.681     -0.040   115.7494     2.9739     40.713 1.6206e+02     15.507     39.421  35.362344     4.0920     1.8877    19.5766   998.3177      2.390      1.649 0.0000e+00
      1.681     -0.047   116.3980     3.1742     42.399 1.6230e+02     15.506     39.488  35.459572     4.1315     1.9112    19.6915   998.2944      2.392      1.650 0.0000e+00
      1.679     -0.066   117.2089     3.3515     43.663 1.6328e+02     15.503     39.708  35.712202     4.1538     1.9007    19.7441   998.2838      2.392      1.649 0.0000e+00
      1.667     -0.095   117.9818     3.5362     44.504 1.6601e+02     15.498     39.952  36.069010     4.1522     1.8642    19.7892   998.2746      2.380      1.642 0.0000e+00
      1.638     -0.128   118.6028     3.7234     45.075 1.7173e+02     15.489     40.263  36.600986     4.1981     1.8478    19.8527   998.2614      2.339      1.613 0.0000e+00
