Data/DataNotYetUploadedToEDI/Raw_CTD/RawDownloads/080425_fcr30_S7809004.cnv
* Sea-Bird SBE19plus  Data File:
* FileName = C:\R\Reservoirs\Data\DataNotYetUploadedToEDI\Raw_CTD\RawDownloads\080425_fcr50_S7809_0004.hex
* Software version 2.8.0.119
* Temperature SN = 7809
* Conductivity SN = 7809
* System UpLoad Time = Aug 11 2025 16:38:34
* <ApplicationData>
* <Seaterm232>
# nquan = 15
# nvalues = 1228                        
# units = specified
# name 0 = depFM: Depth [fresh water, m]
# name 1 = dz/dtM: Descent Rate [m/s]
# name 2 = sbeox0Mg/L: Oxygen, SBE 43 [mg/l]
# name 3 = sbeox0PS: Oxygen, SBE 43 [% saturation]
# name 4 = specc: Specific Conductance [uS/cm]
# name 5 = c0uS/cm: Conductivity [uS/cm]
# name 6 = flECO-AFL: Fluorescence, WET Labs ECO-AFL/FL [mg/m^3]
# name 7 = ph: pH
# name 8 = orp: Oxidation Reduction Potential [mV]
# name 9 = par/sat/log: PAR/Logarithmic, Satlantic
# name 10 = turbWETntu0: Turbidity, WET Labs ECO [NTU]
# name 11 = prdM: Pressure, Strain Gauge [db]
# name 12 = prdE: Pressure, Strain Gauge [psi]
# name 13 = tv290C: Temperature [ITS-90, deg C]
# name 14 = flag:  0.000e+00
# span 0 =     -0.593,      5.473       
# span 1 =     -0.422,      0.161       
# span 2 =     0.0268,     8.4095       
# span 3 =      0.269,     98.139       
# span 4 =      3.567,     65.862       
# span 5 =   3.212822,  51.292013       
# span 6 =    -0.0370,   227.7515       
# span 7 =      7.958,      9.943       
# span 8 =  -216.7014,   374.8483       
# span 9 = 1.2363e-01, 2.6855e+03       
# span 10 =    -4.1801,   932.0046      
# span 11 =     -0.582,      5.368      
# span 12 =     -0.844,      7.786      
# span 13 =    11.7631,    24.7605      
# span 14 = 0.0000e+00, 0.0000e+00      
# interval = seconds: 0.25
# start_time = Aug 04 2025 12:25:09 [Instrument's time stamp, header]
# bad_flag = -9.990e-29
*END*
[from data line 579]
      1.723      0.012     7.2776     85.248     36.517  35.485339     3.0590      8.988   185.9128 4.7658e+01     8.1156      1.691      2.453    23.6019 0.0000e+00
      1.726      0.012     7.2672     85.071     36.524  35.488811     3.0476      8.987   185.9284 4.7269e+01     7.9773      1.693      2.456    23.5959 0.0000e+00
      1.727      0.014     7.2585     84.940     36.556  35.515336     3.0470      8.987   185.9844 4.6873e+01     7.8728      1.694      2.457    23.5917 0.0000e+00
      1.727      0.017     7.2489     84.821     36.601  35.552251     3.0857      8.986   186.1601 4.6433e+01     7.8763      1.693      2.456    23.5862 0.0000e+00
      1.730      0.020     7.2314     84.659     36.614  35.554448     3.0997      8.985   186.3315 4.5858e+01     7.8493      1.694      2.458    23.5805 0.0000e+00
      1.738      0.022     7.2149     84.392     36.611  35.541874     3.0825      8.985   186.4221 4.5214e+01     7.7503      1.703      2.470    23.5779 0.0000e+00
      1.749      0.023     7.2068     83.998     36.601  35.527106     3.0773      8.985   186.3952 4.4686e+01     7.7048      1.717      2.491    23.5735 0.0000e+00
      1.757      0.022     7.1987     83.504     36.577  35.502787     3.0946      8.985   186.3499 4.4269e+01     7.7776      1.725      2.503    23.5637 0.0000e+00
      1.762      0.021     7.1901     82.997     36.576  35.501627     3.1426      8.983   186.3911 4.3876e+01     7.8781      1.728      2.506    23.5475 0.0000e+00
      1.764      0.018     7.1698     82.600     36.588  35.513067     3.1579      8.983   186.4626 4.3542e+01     7.8615      1.730      2.508    23.5321 0.0000e+00
      1.767      0.017     7.1366     82.397     36.588  35.514220     3.1298      8.983   186.6124 4.3214e+01     7.7474      1.731      2.511    23.5245 0.0000e+00
      1.771      0.020     7.0923     82.377     36.591  35.515562     3.1102      8.983   186.7398 4.2829e+01     7.6947      1.736      2.518    23.5242 0.0000e+00
      1.776      0.025     7.0445     82.475     36.607  35.529301     3.1043      8.983   186.7130 4.2396e+01     7.7710      1.741      2.526    23.5255 0.0000e+00
      1.782      0.030     7.0080     82.633     36.636  35.553433     3.1166      8.982   186.7188 4.1941e+01     7.8844      1.747      2.534    23.5262 0.0000e+00
      1.789      0.034     6.9910     82.775     36.642  35.553538     3.1096      8.981   186.8094 4.1542e+01     7.8698      1.754      2.544    23.5267 0.0000e+00
      1.799      0.036     6.9928     82.862     36.624  35.530561     3.0609      8.980   186.9474 4.1072e+01     7.7651      1.762      2.556    23.5258 0.0000e+00
      1.813      0.036     7.0014     82.864     36.628  35.529406     3.0106      8.980   187.0979 4.0504e+01     7.7118      1.778      2.579    23.5229 0.0000e+00
      1.825      0.037     7.0196     82.726     36.642  35.539569     3.0007      8.979   187.1662 4.0068e+01     7.7718      1.793      2.601    23.5173 0.0000e+00
      1.832      0.037     7.0332     82.486     36.631  35.526535     3.0324      8.977   187.1708 3.9814e+01     7.9091      1.799      2.609    23.5099 0.0000e+00
      1.837      0.037     7.0415     82.227     36.606  35.498717     3.0697      8.976   187.2395 3.9554e+01     7.9722      1.800      2.611    23.5001 0.0000e+00
      1.844      0.038     7.0471     82.011     36.567  35.457012     3.1019      8.975   187.3940 3.9223e+01     7.9881      1.807      2.620    23.4926 0.0000e+00
      1.857      0.040     7.0328     81.855     36.519  35.402959     3.1306      8.974   187.4902 3.8944e+01     8.0673      1.822      2.641    23.4899 0.0000e+00
      1.870      0.043     7.0102     81.731     36.479  35.352734     3.1587      8.973   187.4563 3.8722e+01     8.1440      1.835      2.662    23.4874 0.0000e+00
      1.881      0.044     6.9868     81.610     36.430  35.293870     3.1927      8.972   187.4140 3.8434e+01     8.1643      1.843      2.674    23.4829 0.0000e+00
      1.893      0.044     6.9686     81.506     36.408  35.262250     3.2083      8.970   187.4952 3.8036e+01     8.1070      1.857      2.693    23.4769 0.0000e+00
      1.905      0.041     6.9580     81.475     36.445  35.287650     3.1885      8.970   187.6645 3.7677e+01     7.9985      1.871      2.713    23.4679 0.0000e+00
      1.915      0.037     6.9506     81.531     36.449  35.283728     3.1789      8.970   187.8259 3.7355e+01     8.0137      1.878      2.723    23.4508 0.0000e+00
      1.925      0.035     6.9425     81.657     36.384  35.214814     3.2009      8.969   187.8984 3.7018e+01     8.1195      1.888      2.739    23.4353 0.0000e+00
      1.933      0.035     6.9319     81.830     36.328  35.152324     3.1956      8.968   187.9377 3.6775e+01     8.1847      1.899      2.754    23.4223 0.0000e+00
      1.939      0.035     6.9320     82.023     36.350  35.162625     3.1321      8.968   188.0435 3.6554e+01     8.2212      1.901      2.757    23.4049 0.0000e+00
      1.946      0.037     6.9389     82.255     36.420  35.212451     3.0729      8.968   188.1448 3.6241e+01     8.2194      1.905      2.763    23.3940 0.0000e+00
      1.956      0.039     6.9505     82.551     36.480  35.247165     3.0709      8.968   188.2164 3.5948e+01     8.2664      1.918      2.782    23.3885 0.0000e+00
      1.968      0.040     6.9684     82.857     36.525  35.265080     3.0586      8.968   188.3071 3.5701e+01     8.3110      1.931      2.801    23.3783 0.0000e+00
      1.981      0.043     6.9859     83.060     36.587  35.302131     2.9911      8.969   188.3813 3.5373e+01     8.2800      1.942      2.816    23.3627 0.0000e+00
      1.992      0.046     7.0069     83.085     36.751  35.441320     2.9281      8.969   188.4250 3.5048e+01     8.2670      1.954      2.835    23.3392 0.0000e+00
      2.002      0.051     7.0386     82.929     37.086  35.742465     2.8795      8.969   188.4047 3.4780e+01     8.2224      1.964      2.849    23.3063 0.0000e+00
      2.011      0.056     7.0739     82.614     37.611  36.214905     2.7451      8.969   188.3082 3.4451e+01     8.2188      1.970      2.857    23.2679 0.0000e+00
      2.025      0.059     7.0982     82.123     38.048  36.585093     2.5267      8.968   188.3767 3.4042e+01     8.2568      1.982      2.875    23.2347 0.0000e+00
      2.045      0.059     7.1028     81.335     37.993  36.474699     2.3948      8.967   188.5449 3.3589e+01     8.2040      2.005      2.909    23.2145 0.0000e+00
      2.066      0.055     7.0915     80.013     37.628  36.085632     2.3658      8.964   188.5353 3.3158e+01     8.1616      2.028      2.942    23.1893 0.0000e+00
      2.084      0.049     7.0703     77.928     37.548  36.005175     2.3837      8.962   188.4326 3.2830e+01     8.2220      2.047      2.969    23.1474 0.0000e+00
      2.096      0.042     7.0410     75.258     38.203  36.644006     2.4445      8.960   188.4214 3.2644e+01     8.3536      2.059      2.986    23.0780 0.0000e+00
      2.100      0.037     6.9929     72.751     39.395  37.781724     2.4684      8.958   188.5722 3.2539e+01     8.3875      2.061      2.988    22.9849 0.0000e+00
      2.101      0.035     6.8982     71.096     40.481  38.783699     2.4391      8.956   188.7072 3.2378e+01     8.2550      2.059      2.986    22.9240 0.0000e+00
      2.106      0.036     6.7161     70.066     41.165  39.367181     2.4151      8.953   188.7630 3.2137e+01     8.0835      2.063      2.992    22.9309 0.0000e+00
      2.118      0.038     6.4539     68.436     41.326  39.442411     2.4273      8.950   188.9035 3.1846e+01     8.0228      2.075      3.010    22.9656 0.0000e+00
      2.134      0.040     6.2111     64.996     41.183  39.248958     2.4625      8.947   189.1151 3.1508e+01     8.1017      2.093      3.035    22.9641 0.0000e+00
      2.150      0.040     6.0792     59.525     41.147  39.185738     2.4659      8.944   189.2566 3.1229e+01     8.1156      2.111      3.061    22.9154 0.0000e+00
      2.160      0.039     6.0480     52.743     41.223  39.249136     2.4359      8.939   189.3234 3.1085e+01     8.0192      2.120      3.075    22.8165 0.0000e+00
      2.165      0.038     5.9674     45.772     41.429  39.444344     2.4328      8.933   189.4920 3.0969e+01     8.0294      2.122      3.078    22.7004 0.0000e+00
      2.170      0.037     5.6807     39.584     41.780  39.769079     2.4613      8.926   189.7475 3.0788e+01     8.1372      2.126      3.084    22.6324 0.0000e+00
      2.178      0.038     5.1861     34.755     41.991  39.938932     2.4804      8.919   190.0031 3.0611e+01     8.1614      2.137      3.098    22.6047 0.0000e+00
      2.189      0.041     4.5628     31.507     42.071  39.974890     2.4894      8.910   190.2595 3.0437e+01     8.0824      2.147      3.114    22.5960 0.0000e+00
      2.203      0.045     3.9279     29.668     42.349  40.203775     2.6779      8.899   190.4379 3.0156e+01     7.8653      2.159      3.133    22.6039 0.0000e+00
      2.217      0.046     3.3791     28.773     42.611  40.421645     3.0699      8.889   190.6118 2.9852e+01     7.6541      2.176      3.156    22.5996 0.0000e+00
      2.229      0.044     2.9553     28.367     42.541  40.324411     3.3087      8.879   190.8130 2.9646e+01     7.6460      2.187      3.172    22.5564 0.0000e+00
      2.239      0.040     2.6837     28.146     42.263  40.043499     3.3348      8.868   190.9786 2.9454e+01     7.6990      2.195      3.184    22.4971 0.0000e+00
      2.250      0.034     2.5425     27.772     42.159  39.944446     3.2110      8.858   191.1514 2.9279e+01     7.7153      2.207      3.200    22.4610 0.0000e+00
      2.259      0.029     2.4826     27.011     42.363  40.142175     2.9685      8.848   191.3533 2.9168e+01     7.7055      2.218      3.216    22.4291 0.0000e+00
      2.264      0.025     2.4552     26.186     42.504  40.276487     2.8499      8.838   191.6118 2.9054e+01     7.7518      2.221      3.222    22.3826 0.0000e+00
      2.268      0.021     2.4471     25.892     42.464  40.235695     2.8671      8.829   191.9549 2.8950e+01     7.8649      2.223      3.226    22.3596 0.0000e+00
      2.273      0.020     2.4289     26.213     42.446  40.220125     2.9354      8.819   192.3187 2.8896e+01     7.8443      2.229      3.233    22.3656 0.0000e+00
      2.277      0.021     2.3494     26.711     42.500  40.278621     3.0262      8.808   192.5682 2.8861e+01     7.6723      2.233      3.239    22.3768 0.0000e+00
      2.281      0.023     2.2511     27.076     42.593  40.371796     3.0500      8.798   192.7345 2.8748e+01     7.5273      2.235      3.242    22.3788 0.0000e+00
      2.287      0.025     2.2232     27.321     42.689  40.458221     3.0725      8.787   193.0384 2.8555e+01     7.5265      2.242      3.252    22.3675 0.0000e+00
      2.296      0.026     2.2732     27.501     42.814  40.562001     3.2991      8.777   193.5764 2.8403e+01     7.5938      2.252      3.266    22.3686 0.0000e+00
      2.304      0.026     2.3250     27.547     43.091  40.801540     3.6675      8.768   194.2486 2.8312e+01     7.5901      2.259      3.277    22.3835 0.0000e+00
      2.312      0.026     2.3526     27.303     43.541  41.196625     3.8477      8.759   194.8847 2.8215e+01     7.4814      2.267      3.288    22.3922 0.0000e+00
      2.318      0.027     2.3718     26.722     44.011  41.594391     3.8377      8.750   195.4166 2.8123e+01     7.3048      2.274      3.298    22.3864 0.0000e+00
      2.321      0.029     2.3900     25.833     44.312  41.802809     3.8635      8.742   195.7755 2.8063e+01     7.1968      2.276      3.302    22.3674 0.0000e+00
      2.326      0.032     2.4025     24.455     44.420  41.812449     4.4508      8.735   195.9546 2.7943e+01     7.2011      2.279      3.306    22.3422 0.0000e+00
      2.336      0.034     2.3845     22.291     44.455  41.774287     5.5448      8.725   196.2066 2.7705e+01     7.2199      2.289      3.319    22.3084 0.0000e+00
      2.349      0.037     2.3309     19.352     44.504  41.785581     6.1303      8.716   196.5847 2.7474e+01     7.1505      2.305      3.343    22.2629 0.0000e+00
      2.360      0.038     2.2633     16.016     44.634  41.885482     6.2357      8.708   196.8266 2.7331e+01     7.0109      2.317      3.360    22.1755 0.0000e+00
      2.369      0.038     2.1639     12.840     44.814  42.030117     7.1102      8.700   196.8940 2.7190e+01     7.0004      2.323      3.368    22.0462 0.0000e+00
      2.378      0.036     1.9757     10.231     44.968  42.138004     8.7310      8.691   197.0556 2.7042e+01     7.1263      2.333      3.383    21.9598 0.0000e+00
      2.387      0.032     1.7079      8.309     45.065  42.174376     9.6186      8.682   197.3186 2.6919e+01     7.2011      2.341      3.396    21.9390 0.0000e+00
      2.396      0.028     1.3961      7.076     45.024  42.089000     9.7111      8.675   197.4923 2.6785e+01     7.1870      2.350      3.407    21.9183 0.0000e+00
      2.404      0.023     1.1040      6.470     44.935  41.994225    10.0410      8.667   197.6070 2.6687e+01     7.2294      2.360      3.421    21.8920 0.0000e+00
      2.410      0.018     0.8767      6.398     44.976  42.043960    10.7021      8.659   197.6727 2.6663e+01     7.4056      2.364      3.428    21.8599 0.0000e+00
      2.413      0.014     0.7070      6.699     45.058  42.119125    11.1053      8.652   197.6847 2.6694e+01     7.5081      2.366      3.433    21.7867 0.0000e+00
      2.414      0.009     0.6036      7.194     45.033  42.077945    11.1951      8.645   197.7525 2.6725e+01     7.4781      2.367      3.434    21.7153 0.0000e+00
      2.415      0.006     0.5516      7.766     44.952  41.990318    11.5046      8.637   197.8034 2.6720e+01     7.4520      2.367      3.433    21.7129 0.0000e+00
      2.416      0.007     0.5503      8.293     45.106  42.138593    12.0507      8.630   197.6976 2.6708e+01     7.4663      2.369      3.436    21.7449 0.0000e+00
      2.418      0.013     0.5840      8.710     45.733  42.728267    12.3634      8.623   197.5062 2.6708e+01     7.5478      2.372      3.441    21.7441 0.0000e+00
      2.418      0.022     0.6292      9.089     46.501  43.407621    12.4135      8.617   197.3823 2.6714e+01     7.6179      2.371      3.439    21.7094 0.0000e+00
      2.419      0.031     0.6847      9.492     46.975  43.751446    12.3402      8.612   197.3180 2.6574e+01     7.6304      2.368      3.435    21.6909 0.0000e+00
      2.429      0.040     0.7343      9.847     47.194  43.838571    12.1602      8.607   197.2448 2.6226e+01     7.5971      2.379      3.450    21.7028 0.0000e+00
      2.447      0.046     0.7662      9.999     47.281  43.826121    12.0428      8.602   197.2720 2.5883e+01     7.5228      2.401      3.483    21.7272 0.0000e+00
      2.465      0.049     0.7971      9.831     47.243  43.727737    12.0363      8.597   197.3887 2.5611e+01     7.5515      2.418      3.509    21.7008 0.0000e+00
      2.478      0.050     0.8375      9.370     47.140  43.601058    12.0152      8.591   197.4512 2.5296e+01     7.6706      2.430      3.524    21.5681 0.0000e+00
      2.490      0.048     0.8769      8.760     47.041  43.500425    11.9289      8.586   197.4255 2.5022e+01     7.7340      2.444      3.545    21.4242 0.0000e+00
      2.499      0.044     0.8969      8.145     46.961  43.399620    11.8589      8.580   197.4216 2.4856e+01     7.6686      2.452      3.557    21.3345 0.0000e+00
      2.507      0.042     0.8817      7.574     46.952  43.334312    11.8257      8.574   197.5762 2.4641e+01     7.5288      2.457      3.563    21.2610 0.0000e+00
      2.517      0.040     0.8361      7.038     46.967  43.281975    11.7850      8.569   197.8318 2.4348e+01     7.5472      2.468      3.579    21.2275 0.0000e+00
