Data/DataNotYetUploadedToEDI/Raw_CTD/RawDownloads/080425_fcr20_S7809003.cnv
* Sea-Bird SBE19plus  Data File:
* FileName = C:\R\Reservoirs\Data\DataNotYetUploadedToEDI\Raw_CTD\RawDownloads\080425_fcr50_S7809_0003.hex
* Software version 2.8.0.119
* Temperature SN = 7809
* Conductivity SN = 7809
* System UpLoad Time = Aug 11 2025 16:38:01
* <ApplicationData>
* <Seaterm232>
# nquan = 15
# nvalues = 1314                        
# units = specified
# name 0 = depFM: Depth [fresh water, m]
# name 1 = dz/dtM: Descent Rate [m/s]
# name 2 = sbeox0Mg/L: Oxygen, SBE 43 [mg/l]
# name 3 = sbeox0PS: Oxygen, SBE 43 [% saturation]
# name 4 = specc: Specific Conductance [uS/cm]
# name 5 = c0uS/cm: Conductivity [uS/cm]
# name 6 = flECO-AFL: Fluorescence, WET Labs ECO-AFL/FL [mg/m^3]
# name 7 = ph: pH
# name 8 = orp: Oxidation Reduction Potential [mV]
# name 9 = par/sat/log: PAR/Logarithmic, Satlantic
# name 10 = turbWETntu0: Turbidity, WET Labs ECO [NTU]
# name 11 = prdM: Pressure, Strain Gauge [db]
# name 12 = prdE: Pressure, Strain Gauge [psi]
# name 13 = tv290C: Temperature [ITS-90, deg C]
# name 14 = flag:  0.000e+00
# span 0 =     -0.594,      3.704       
# span 1 =     -0.422,      0.208       
# span 2 =    -0.0250,    10.3673       
# span 3 =     -0.176,    103.644       
# span 4 =      1.233,    194.742       
# span 5 =   1.177485, 155.584289       
# span 6 =    -0.0843,    13.3801       
# span 7 =      8.303,     10.792       
# span 8 = -1236.5237,   623.5849       
# span 9 = 1.2358e-01, 2.6486e+03       
# span 10 =    -0.1579,   149.8035      
# span 11 =     -0.583,      3.635      
# span 12 =     -0.846,      5.271      
# span 13 =    14.2015,    25.2724      
# span 14 = 0.0000e+00, 0.0000e+00      
# interval = seconds: 0.25
# start_time = Aug 04 2025 12:14:29 [Instrument's time stamp, header]
# bad_flag = -9.990e-29
*END*
[from data line 868]
      2.522      0.028     0.6248      1.135     55.582  50.612227     3.7323      8.647   209.3658 2.5354e+01    16.9960      2.472      3.585    20.6636 0.0000e+00
      2.529      0.032     0.3419      1.090     56.452  51.355141     3.5753      8.637   209.5349 2.5158e+01    17.0575      2.480      3.598    20.6409 0.0000e+00
      2.536      0.037     0.1877      1.157     57.267  52.017581     3.5735      8.627   210.0251 2.4977e+01    17.1029      2.487      3.607    20.6108 0.0000e+00
      2.546      0.040     0.1162      1.290     57.657  52.271704     3.4950      8.617   210.6471 2.4730e+01    17.1689      2.496      3.619    20.5621 0.0000e+00
      2.561      0.040     0.0926      1.454     57.748  52.268558     3.3577      8.606   211.0324 2.4371e+01    17.2741      2.511      3.642    20.5228 0.0000e+00
      2.576      0.039     0.0969      1.561     57.838  52.296931     3.2952      8.596   211.0702 2.4015e+01    17.3497      2.528      3.666    20.4946 0.0000e+00
      2.587      0.038     0.1017      1.567     58.435  52.805197     3.3052      8.586   211.0182 2.3752e+01    17.3667      2.540      3.683    20.4222 0.0000e+00
      2.592      0.038     0.1151      1.517     59.492  53.714592     3.2627      8.576   210.9196 2.3599e+01    17.4454      2.544      3.689    20.3177 0.0000e+00
      2.595      0.038     0.1335      1.465     60.144  54.211095     3.1390      8.566   210.7390 2.3472e+01    17.4819      2.543      3.689    20.2400 0.0000e+00
      2.602      0.037     0.1459      1.425     60.232  54.172354     3.0500      8.557   210.9845 2.3215e+01    17.3975      2.548      3.697    20.1961 0.0000e+00
      2.617      0.033     0.1433      1.418     60.082  53.944589     3.0269      8.549   211.6517 2.2841e+01    17.3475      2.565      3.721    20.1817 0.0000e+00
      2.633      0.027     0.1370      1.444     59.758  53.616333     3.0174      8.540   211.9226 2.2516e+01    17.3550      2.584      3.748    20.1589 0.0000e+00
      2.643      0.020     0.1330      1.490     59.480  53.378712     3.0109      8.533   211.7646 2.2341e+01    17.3520      2.596      3.764    20.0731 0.0000e+00
      2.646      0.011     0.1283      1.540     59.347  53.294276     3.0054      8.527   211.5487 2.2312e+01    17.3446      2.598      3.768    19.9540 0.0000e+00
      2.641      0.002     0.1282      1.591     59.377  53.357537     3.0016      8.521   211.3763 2.2373e+01    17.3000      2.591      3.758    19.8691 0.0000e+00
      2.635     -0.005     0.1309      1.660     59.521  53.508582     2.9815      8.516   211.3158 2.2423e+01    17.2223      2.581      3.745    19.8395 0.0000e+00
      2.632     -0.007     0.1358      1.733     59.474  53.469432     2.9787      8.509   211.2475 2.2389e+01    17.2595      2.579      3.743    19.8601 0.0000e+00
      2.632     -0.004     0.1409      1.802     59.183  53.201713     3.0429      8.503   211.1524 2.2300e+01    17.4420      2.581      3.743    19.8978 0.0000e+00
      2.633      0.001     0.1436      1.877     58.884  52.938816     3.1084      8.499   211.1123 2.2231e+01    17.5841      2.582      3.744    19.9301 0.0000e+00
      2.633      0.006     0.1511      1.952     58.738  52.830953     3.1222      8.495   211.1067 2.2203e+01    17.5777      2.583      3.746    19.9517 0.0000e+00
      2.634      0.010     0.1582      2.017     58.728  52.850151     3.0930      8.490   211.1713 2.2164e+01    17.5347      2.582      3.745    19.9498 0.0000e+00
      2.636      0.014     0.1635      2.092     58.853  52.980462     3.0377      8.485   211.2044 2.2096e+01    17.5776      2.585      3.749    19.9377 0.0000e+00
      2.641      0.018     0.1709      2.193     59.172  53.263478     3.0030      8.481   211.2485 2.1990e+01    17.6181      2.590      3.757    19.9393 0.0000e+00
      2.647      0.022     0.1781      2.327     59.580  53.604878     3.0142      8.477   211.5329 2.1843e+01    17.6143      2.596      3.765    19.9658 0.0000e+00
      2.654      0.025     0.1832      2.474     59.993  53.932992     3.1072      8.473   211.9756 2.1697e+01    17.4638      2.603      3.776    19.9935 0.0000e+00
      2.661      0.029     0.1891      2.602     59.860  53.737751     3.2285      8.467   212.2991 2.1575e+01    17.0282      2.610      3.786    20.0140 0.0000e+00
      2.668      0.033     0.1983      2.687     58.711  52.577650     3.2579      8.462   212.3472 2.1457e+01    16.6507      2.616      3.795    20.0108 0.0000e+00
      2.676      0.037     0.2107      2.699     57.531  51.336804     3.2457      8.457   212.2993 2.1314e+01    16.5549      2.623      3.805    19.9814 0.0000e+00
      2.685      0.038     0.2263      2.624     57.224  50.863419     3.2894      8.452   212.3223 2.1083e+01    16.5872      2.632      3.818    19.9558 0.0000e+00
      2.698      0.036     0.2379      2.440     57.676  51.108206     3.3690      8.448   212.3663 2.0770e+01    16.6308      2.645      3.837    19.8985 0.0000e+00
      2.712      0.031     0.2483      2.153     58.498  51.756338     3.4005      8.443   212.3162 2.0505e+01    16.5698      2.660      3.859    19.7896 0.0000e+00
      2.722      0.024     0.2496      1.831     59.105  52.286373     3.3876      8.437   212.2323 2.0331e+01    16.4311      2.672      3.874    19.6178 0.0000e+00
      2.727      0.018     0.2447      1.521     59.089  52.309754     3.3796      8.430   212.2985 2.0255e+01    16.3194      2.675      3.880    19.4213 0.0000e+00
      2.727      0.013     0.2296      1.246     58.511  51.848577     3.3712      8.424   212.3425 2.0290e+01    16.2785      2.675      3.880    19.2772 0.0000e+00
      2.724      0.011     0.1992      1.019     57.911  51.345954     3.3853      8.418   212.2480 2.0332e+01    16.3468      2.670      3.873    19.2099 0.0000e+00
      2.722      0.011     0.1689      0.861     57.738  51.185645     3.4085      8.413   212.1883 2.0246e+01    16.4271      2.667      3.869    19.2150 0.0000e+00
      2.727      0.012     0.1388      0.771     57.833  51.243786     3.3945      8.408   212.1372 2.0034e+01    16.3609      2.673      3.877    19.2542 0.0000e+00
      2.735      0.013     0.1138      0.731     57.989  51.350413     3.3907      8.404   212.0598 1.9822e+01    16.1959      2.683      3.891    19.3103 0.0000e+00
      2.742      0.013     0.0914      0.747     58.139  51.458836     3.4288      8.401   212.0263 1.9692e+01    16.1744      2.690      3.902    19.3427 0.0000e+00
      2.745      0.012     0.0766      0.790     58.161  51.475192     3.4551      8.398   211.9904 1.9622e+01    16.2372      2.692      3.905    19.3254 0.0000e+00
      2.745      0.010     0.0704      0.828     58.019  51.357669     3.4761      8.394   211.9705 1.9577e+01    16.2378      2.692      3.905    19.3004 0.0000e+00
      2.745      0.010     0.0647      0.863     57.757  51.117383     3.5083      8.391   211.9578 1.9544e+01    16.3188      2.692      3.904    19.2708 0.0000e+00
      2.745      0.012     0.0682      0.896     57.434  50.792350     3.5033      8.390   211.9230 1.9459e+01    16.3963      2.691      3.903    19.2407 0.0000e+00
      2.748      0.017     0.0736      0.918     57.297  50.602563     3.4732      8.389   211.8935 1.9258e+01    16.3895      2.694      3.908    19.2424 0.0000e+00
      2.755      0.023     0.0762      0.918     57.698  50.854498     3.4697      8.387   211.7733 1.8990e+01    16.4077      2.701      3.918    19.2619 0.0000e+00
      2.763      0.028     0.0797      0.904     58.418  51.361918     3.5350      8.387   211.6741 1.8699e+01    16.3768      2.709      3.929    19.2584 0.0000e+00
      2.771      0.030     0.0828      0.885     58.790  51.594210     3.6473      8.385   211.4683 1.8404e+01    16.2556      2.718      3.942    19.2203 0.0000e+00
      2.781      0.028     0.0859      0.870     58.575  51.377042     3.6873      8.384   210.1455 1.8143e+01    16.1029      2.727      3.956    19.1641 0.0000e+00
      2.790      0.025     0.0853      0.846     58.169  51.022089     3.6687      8.383   207.4678 1.7857e+01    15.9662      2.736      3.968    19.0797 0.0000e+00
      2.797      0.022     0.0842      0.789     58.069  50.921941     3.6553      8.382   204.6453 1.7617e+01    15.9003      2.744      3.980    18.9466 0.0000e+00
      2.801      0.021     0.0823      0.734     58.407  51.182134     3.6341      8.381   202.3469 1.7546e+01    15.9555      2.749      3.987    18.8467 0.0000e+00
      2.801      0.021     0.0805      0.713     58.982  51.628062     3.6288      8.380   200.2427 1.7469e+01    16.1207      2.745      3.982    18.8436 0.0000e+00
      2.804      0.021     0.0810      0.696     59.415  51.932078     3.6167      8.379   197.6152 1.7186e+01    16.1554      2.746      3.983    18.8615 0.0000e+00
      2.811      0.022     0.0731      0.666     59.724  52.127369     3.5537      8.379   193.9810 1.6750e+01    15.9995      2.755      3.996    18.8487 0.0000e+00
      2.821      0.025     0.0663      0.629     60.104  52.401678     3.4664      8.379   190.0295 1.6331e+01    15.9103      2.767      4.014    18.8167 0.0000e+00
      2.830      0.029     0.0668      0.590     60.303  52.518056     3.4101      8.381   186.7482 1.6042e+01    15.9651      2.777      4.027    18.7696 0.0000e+00
      2.835      0.030     0.0656      0.556     60.320  52.454866     3.4136      8.382   184.2489 1.5819e+01    16.0812      2.781      4.033    18.6982 0.0000e+00
      2.839      0.029     0.0623      0.532     60.504  52.526592     3.4086      8.382   182.0955 1.5425e+01    16.1523      2.784      4.037    18.6277 0.0000e+00
      2.847      0.026     0.0589      0.522     60.762  52.686642     3.3426      8.382   179.9842 1.4797e+01    16.1070      2.791      4.048    18.5886 0.0000e+00
      2.858      0.024     0.0550      0.510     60.853  52.738856     3.2811      8.382   178.1654 1.4232e+01    15.9776      2.804      4.067    18.5492 0.0000e+00
      2.866      0.023     0.0519      0.487     60.839  52.713350     3.2474      8.381   176.8820 1.3960e+01    15.8865      2.813      4.080    18.4808 0.0000e+00
      2.870      0.021     0.0493      0.467     60.832  52.695750     3.2257      8.381   175.8242 1.3845e+01    15.8938      2.815      4.082    18.3941 0.0000e+00
      2.872      0.018     0.0491      0.449     60.936  52.780066     3.2189      8.380   174.8397 1.3643e+01    15.9629      2.815      4.083    18.3367 0.0000e+00
      2.877      0.015     0.0488      0.432     61.162  52.970749     3.2237      8.380   174.0128 1.3362e+01    16.0724      2.820      4.090    18.3266 0.0000e+00
      2.882      0.013     0.0452      0.418     61.395  53.159658     3.2169      8.380   173.2263 1.3171e+01    16.0911      2.827      4.100    18.3190 0.0000e+00
      2.885      0.013     0.0440      0.422     61.631  53.349507     3.1862      8.379   172.4713 1.3064e+01    15.9837      2.830      4.104    18.3046 0.0000e+00
      2.888      0.012     0.0419      0.437     61.954  53.615039     3.1438      8.377   171.7673 1.2974e+01    15.7986      2.833      4.107    18.3041 0.0000e+00
      2.890      0.009     0.0409      0.452     62.373  53.956929     3.1038      8.377   171.0810 1.2915e+01    15.6293      2.835      4.111    18.3037 0.0000e+00
      2.892      0.005     0.0382      0.462     62.588  54.117374     3.1019      8.376   170.3683 1.2879e+01    15.6449      2.836      4.114    18.2895 0.0000e+00
      2.894      0.001     0.0394      0.460     62.356  53.903729     3.1052      8.374   169.5178 1.2847e+01    15.6119      2.838      4.117    18.2755 0.0000e+00
      2.895     -0.001     0.0413      0.460     62.065  53.660021     3.0930      8.372   168.6261 1.2863e+01    15.4348      2.840      4.119    18.2680 0.0000e+00
      2.893     -0.002     0.0421      0.463     62.098  53.711013     3.1040      8.372   167.8472 1.2984e+01    15.3828      2.839      4.116    18.2514 0.0000e+00
      2.889     -0.001     0.0448      0.448     62.347  53.948743     3.1139      8.372   167.2412 1.3125e+01    15.4956      2.833      4.109    18.2249 0.0000e+00
      2.886      0.001     0.0426      0.410     62.535  54.121158     3.1290      8.372   166.8059 1.3136e+01    15.6721      2.829      4.103    18.2119 0.0000e+00
      2.887      0.004     0.0433      0.385     62.490  54.080981     3.1786      8.371   166.3697 1.3001e+01    15.7398      2.829      4.105    18.2193 0.0000e+00
      2.892      0.009     0.0442      0.384     62.290  53.907514     3.2228      8.369   165.7526 1.2819e+01    15.6306      2.836      4.113    18.2422 0.0000e+00
      2.897      0.014     0.0437      0.386     62.305  53.929009     3.2214      8.367   165.1095 1.2706e+01    15.4788      2.842      4.122    18.2648 0.0000e+00
      2.900      0.018     0.0378      0.397     62.625  54.213859     3.1869      8.365   164.5298 1.2657e+01    15.4427      2.844      4.125    18.2728 0.0000e+00
      2.902      0.020     0.0349      0.408     62.959  54.493763     3.1394      8.364   163.8203 1.2526e+01    15.5695      2.844      4.125    18.2671 0.0000e+00
      2.907      0.021     0.0371      0.408     63.313  54.772954     3.0967      8.362   163.2418 1.2268e+01    15.7478      2.849      4.133    18.2619 0.0000e+00
      2.915      0.022     0.0354      0.413     63.678  55.049112     3.0951      8.359   163.0419 1.1985e+01    15.8907      2.859      4.147    18.2737 0.0000e+00
      2.923      0.022     0.0371      0.422     63.871  55.165287     3.0945      8.357   163.0381 1.1737e+01    15.8968      2.868      4.159    18.2863 0.0000e+00
      2.929      0.021     0.0395      0.427     63.632  54.907332     3.0647      8.356   163.1106 1.1523e+01    15.7529      2.873      4.167    18.2779 0.0000e+00
      2.934      0.019     0.0378      0.436     63.082  54.406997     3.0267      8.355   163.1440 1.1328e+01    15.6194      2.877      4.173    18.2543 0.0000e+00
      2.938      0.017     0.0386      0.432     62.968  54.323540     2.9924      8.353   163.2691 1.1167e+01    15.5811      2.882      4.181    18.2244 0.0000e+00
      2.941      0.015     0.0405      0.411     63.403  54.723926     2.9917      8.353   163.5913 1.1071e+01    15.6318      2.885      4.185    18.1821 0.0000e+00
      2.943      0.015     0.0394      0.390     63.874  55.119956     2.9847      8.352   163.8559 1.0987e+01    15.6168      2.886      4.186    18.1337 0.0000e+00
      2.947      0.015     0.0420      0.385     64.154  55.301289     2.9664      8.349   163.9730 1.0806e+01    15.5025      2.889      4.190    18.1042 0.0000e+00
      2.952      0.015     0.0415      0.384     64.280  55.328550     2.9782      8.347   163.9750 1.0546e+01    15.4456      2.894      4.198    18.1266 0.0000e+00
      2.957      0.015     0.0385      0.357     64.504  55.449460     2.9941      8.347   163.7073 1.0322e+01    15.5088      2.900      4.207    18.1650 0.0000e+00
      2.962      0.018     0.0364      0.329     65.156  55.937438     3.0176      8.346   163.2314 1.0192e+01    15.6519      2.906      4.215    18.1603 0.0000e+00
      2.963      0.024     0.0356      0.331     66.132  56.655583     3.0790      8.345   162.9542 1.0143e+01    15.7756      2.907      4.216    18.1029 0.0000e+00
      2.965      0.030     0.0382      0.347     67.011  57.209214     3.1446      8.344   162.9370 1.0011e+01    15.8089      2.905      4.214    18.0266 0.0000e+00
      2.972      0.035     0.0339      0.357     67.541  57.422740     3.1537      8.344   162.9372 9.6315e+00    15.7470      2.912      4.222    17.9742 0.0000e+00
      2.987      0.039     0.0294      0.353     67.664  57.331467     3.1144      8.344   162.8699 9.1311e+00    15.7449      2.928      4.246    17.9348 0.0000e+00
