Data/DataNotYetUploadedToEDI/Raw_CTD/RawDownloads/080425_fcr30_S7809004.cnv
* Sea-Bird SBE19plus  Data File:
* FileName = C:\R\Reservoirs\Data\DataNotYetUploadedToEDI\Raw_CTD\RawDownloads\080425_fcr50_S7809_0004.hex
* Software version 2.8.0.119
* Temperature SN = 7809
* Conductivity SN = 7809
* System UpLoad Time = Aug 11 2025 16:38:34
* <ApplicationData>
* <Seaterm232>
# nquan = 15
# nvalues = 1228                        
# units = specified
# name 0 = depFM: Depth [fresh water, m]
# name 1 = dz/dtM: Descent Rate [m/s]
# name 2 = sbeox0Mg/L: Oxygen, SBE 43 [mg/l]
# name 3 = sbeox0PS: Oxygen, SBE 43 [% saturation]
# name 4 = specc: Specific Conductance [uS/cm]
# name 5 = c0uS/cm: Conductivity [uS/cm]
# name 6 = flECO-AFL: Fluorescence, WET Labs ECO-AFL/FL [mg/m^3]
# name 7 = ph: pH
# name 8 = orp: Oxidation Reduction Potential [mV]
# name 9 = par/sat/log: PAR/Logarithmic, Satlantic
# name 10 = turbWETntu0: Turbidity, WET Labs ECO [NTU]
# name 11 = prdM: Pressure, Strain Gauge [db]
# name 12 = prdE: Pressure, Strain Gauge [psi]
# name 13 = tv290C: Temperature [ITS-90, deg C]
# name 14 = flag:  0.000e+00
# span 0 =     -0.593,      5.473       
# span 1 =     -0.422,      0.161       
# span 2 =     0.0268,     8.4095       
# span 3 =      0.269,     98.139       
# span 4 =      3.567,     65.862       
# span 5 =   3.212822,  51.292013       
# span 6 =    -0.0370,   227.7515       
# span 7 =      7.958,      9.943       
# span 8 =  -216.7014,   374.8483       
# span 9 = 1.2363e-01, 2.6855e+03       
# span 10 =    -4.1801,   932.0046      
# span 11 =     -0.582,      5.368      
# span 12 =     -0.844,      7.786      
# span 13 =    11.7631,    24.7605      
# span 14 = 0.0000e+00, 0.0000e+00      
# interval = seconds: 0.25
# start_time = Aug 04 2025 12:25:09 [Instrument's time stamp, header]
# bad_flag = -9.990e-29
*END*
[from data line 1061]
      5.473 -9.666e-07     5.2686     48.501     51.382  37.983279     0.0231      8.013   224.1789 1.2370e-01     6.1885      5.367      7.785    11.9332 0.0000e+00
      5.473      0.000     5.2673     48.378     51.345  37.956794     0.0049      8.013   224.2516 1.2371e-01     6.0553      5.368      7.786    11.9379 0.0000e+00
      5.473      0.000     5.2612     48.268     51.295  37.914382    -0.0058      8.013   224.3851 1.2374e-01     6.2113      5.367      7.785    11.9436 0.0000e+00
      5.473     -0.001     5.2455     48.191     51.303  37.914676     0.0103      8.012   224.5885 1.2371e-01     6.6405      5.368      7.785    11.9522 0.0000e+00
      5.473     -0.004     5.2306     48.160     51.366  37.960336     0.0243      8.011   224.7312 1.2366e-01     6.9065      5.367      7.785    11.9616 0.0000e+00
      5.473     -0.011     5.2172     48.174     51.444  38.022248     0.0306      8.010   224.9062 1.2363e-01     7.0027      5.367      7.785    11.9627 0.0000e+00
      5.472     -0.025     5.2050     48.217     51.444  38.028675     0.0450      8.009   225.2427 1.2366e-01     8.0417      5.367      7.784    11.9537 0.0000e+00
      5.469     -0.049     5.1976     48.267     51.270  37.911133     0.3313      8.008   225.6162 1.2370e-01    20.5626      5.364      7.780    11.9474 0.0000e+00
      5.461     -0.080     5.1938     48.322     51.110  37.806770     0.8959      8.007   225.8944 1.2370e-01    43.6151      5.358      7.771    11.9457 0.0000e+00
      5.443     -0.111     5.1955     48.395     51.151  37.845642     1.1950      8.006   226.1113 1.2365e-01    56.0901      5.346      7.753    11.9532 0.0000e+00
      5.407     -0.139     5.2004     48.440     51.261  37.936932     1.1928      8.006   226.3449 1.2366e-01    56.5862      5.311      7.702    11.9575 0.0000e+00
      5.353     -0.163     5.2057     48.433     51.256  37.958687     1.0772      8.005   226.5681 1.2368e-01    50.7749      5.250      7.613    11.9651 0.0000e+00
      5.296     -0.182     5.2061     48.400     51.160  37.918345     0.8783      8.003   226.8316 1.2368e-01    40.1397      5.189      7.525    11.9888 0.0000e+00
      5.249     -0.191     5.2172     48.325     51.096  37.893406     0.7864      8.003   227.1211 1.2369e-01    34.4378      5.145      7.463    11.9900 0.0000e+00
      5.207     -0.190     5.2243     48.212     51.108  37.911012     0.7731      8.002   227.3160 1.2382e-01    33.8580      5.110      7.412    11.9918 0.0000e+00
      5.157     -0.183     5.2150     48.067     51.148  37.940856     0.7171      8.001   227.4664 1.2498e-01    32.7201      5.060      7.339    12.0241 0.0000e+00
      5.105     -0.177     5.2109     47.857     51.148  37.936956     0.6509      8.001   227.6494 1.3723e-01    30.8247      5.001      7.255    12.0604 0.0000e+00
      5.060     -0.176     5.1988     47.580     51.146  37.927304     0.6305      8.001   227.8942 1.5454e-01    29.8995      4.961      7.195    12.0836 0.0000e+00
      5.020     -0.181     5.1844     47.239     51.192  37.951062     0.6452      8.000   228.1035 1.6753e-01    29.8338      4.926      7.144    12.0891 0.0000e+00
      4.979     -0.193     5.1732     46.793     51.226  37.970372     0.5954      7.998   228.2005 1.8695e-01    28.5613      4.880      7.079    12.0867 0.0000e+00
      4.939     -0.207     5.1494     46.214     51.226  37.970397     0.4860      7.998   228.2924 2.1168e-01    26.1624      4.844      7.027    12.0833 0.0000e+00
      4.889     -0.218     5.1197     45.554     51.203  37.951371     0.4376      7.999   228.3545 2.6197e-01    24.8776      4.807      6.972    12.0762 0.0000e+00
      4.818     -0.227     5.0869     44.867     51.181  37.930705     0.4596      7.999   228.3493 3.4047e-01    24.7434      4.727      6.857    12.0626 0.0000e+00
      4.740     -0.230     5.0420     44.181     51.163  37.910896     0.4771      7.999   228.4011 4.0964e-01    23.7884      4.636      6.725    12.0564 0.0000e+00
      4.680     -0.223     4.9757     43.509     51.077  37.838784     0.4419      7.999   228.5502 4.6704e-01    21.8368      4.584      6.650    12.0602 0.0000e+00
      4.632     -0.205     4.9028     42.879     50.983  37.756829     0.3917      8.000   228.6900 5.2813e-01    20.6508      4.548      6.595    12.0582 0.0000e+00
      4.580     -0.185     4.8288     42.346     50.993  37.744926     0.3781      8.000   228.8011 5.9059e-01    20.4825      4.491      6.513    12.0530 0.0000e+00
      4.532     -0.178     4.7552     41.966     51.038  37.758301     0.3774      8.001   228.8608 6.2850e-01    20.4846      4.435      6.433    12.0469 0.0000e+00
      4.501     -0.184     4.6830     41.807     51.017  37.728156     0.3742      8.002   228.8103 6.5146e-01    20.4375      4.412      6.400    12.0395 0.0000e+00
      4.472     -0.194     4.6133     41.898     50.987  37.697721     0.3567      8.003   228.7065 7.1269e-01    20.2548      4.394      6.373    12.0291 0.0000e+00
      4.423     -0.199     4.5571     42.207     51.008  37.707594     0.3246      8.003   228.7237 8.4204e-01    20.0862      4.348      6.306    12.0076 0.0000e+00
      4.351     -0.202     4.5148     42.673     51.030  37.720607     0.3269      8.003   228.8471 1.0252e+00    20.1413      4.269      6.192    11.9846 0.0000e+00
      4.277     -0.205     4.4977     43.230     51.040  37.728149     0.3674      8.002   228.8217 1.1816e+00    20.4084      4.183      6.066    11.9721 0.0000e+00
      4.224     -0.201     4.5102     43.795     51.049  37.735323     0.4066      8.002   228.6741 1.2718e+00    20.6519      4.135      5.996    11.9649 0.0000e+00
      4.190     -0.187     4.5465     44.284     51.059  37.743897     0.4098      8.003   228.5253 1.3556e+00    20.6933      4.112      5.964    11.9586 0.0000e+00
      4.153     -0.170     4.5991     44.628     51.094  37.768356     0.3816      8.003   228.3998 1.4721e+00    20.6354      4.078      5.915    11.9556 0.0000e+00
      4.107     -0.162     4.6628     44.812     51.194  37.840676     0.3980      8.002   228.3606 1.6041e+00    20.9094      4.027      5.840    11.9568 0.0000e+00
      4.062     -0.167     4.7265     44.863     51.295  37.920273     0.4670      8.002   228.2235 1.7107e+00    21.5466      3.976      5.767    11.9567 0.0000e+00
      4.027     -0.174     4.7824     44.808     51.255  37.905807     0.5077      8.002   227.8596 1.8155e+00    21.9512      3.950      5.729    11.9580 0.0000e+00
      3.989     -0.176     4.8199     44.651     51.168  37.856161     0.4903      8.001   227.5753 1.9820e+00    21.9421      3.921      5.687    11.9596 0.0000e+00
      3.937     -0.179     4.8385     44.337     51.207  37.891161     0.4651      8.000   227.6251 2.1931e+00    21.9144      3.863      5.602    11.9532 0.0000e+00
      3.879     -0.187     4.8433     43.769     51.366  38.011704     0.4861      7.998   227.7737 2.3793e+00    22.1284      3.798      5.509    11.9549 0.0000e+00
      3.834     -0.196     4.8340     42.908     51.567  38.171381     0.5275      7.997   227.6508 2.5360e+00    22.3782      3.756      5.448    11.9748 0.0000e+00
      3.795     -0.198     4.8176     41.884     51.715  38.298807     0.5500      7.993   227.3443 2.7614e+00    22.4746      3.728      5.408    11.9937 0.0000e+00
      3.744     -0.197     4.7873     40.855     51.924  38.473615     0.5588      7.989   226.9927 3.0984e+00    22.5766      3.680      5.337    11.9964 0.0000e+00
      3.681     -0.201     4.7306     39.831     52.624  39.015782     0.5583      7.987   226.5828 3.4219e+00    22.7580      3.605      5.229    11.9940 0.0000e+00
      3.626     -0.211     4.6295     38.789     53.596  39.777187     0.5694      7.986   226.2606 3.6428e+00    22.9256      3.548      5.147    12.0057 0.0000e+00
      3.585     -0.217     4.5077     37.738     53.895  40.064203     0.6006      7.986   225.9363 3.8917e+00    23.0320      3.521      5.106    12.0259 0.0000e+00
      3.535     -0.217     4.3984     36.663     53.727  40.011076     0.6023      7.987   225.4149 4.3122e+00    22.9848      3.476      5.041    12.0442 0.0000e+00
      3.468     -0.218     4.2869     35.495     54.439  40.594604     0.6074      7.989   224.8599 4.8757e+00    22.5944      3.401      4.931    12.0625 0.0000e+00
      3.401     -0.224     4.1710     34.125     55.881  41.724909     0.6706      7.993   224.3024 5.3816e+00    22.0349      3.325      4.823    12.0930 0.0000e+00
      3.351     -0.224     4.0515     32.475     56.468  42.253230     0.7343      7.998   223.6651 5.7861e+00    21.8227      3.284      4.762    12.1627 0.0000e+00
      3.305     -0.210     3.9319     30.606     56.105  42.095461     0.7779      8.003   223.1767 6.4401e+00    21.8388      3.252      4.716    12.2454 0.0000e+00
      3.241     -0.190     3.8076     28.602     55.975  42.102451     0.8562      8.008   222.8707 7.4471e+00    21.2731      3.183      4.617    12.2828 0.0000e+00
      3.174     -0.177     3.6636     26.432     56.160  42.337885     0.9411      8.014   222.6327 8.2172e+00    20.2089      3.098      4.494    12.3135 0.0000e+00
      3.135     -0.177     3.4767     24.089     56.193  42.466800     0.9553      8.019   222.3644 8.4267e+00    19.6289      3.063      4.442    12.4008 0.0000e+00
      3.120     -0.182     3.2609     21.672     56.078  42.518762     0.9688      8.024   221.8634 8.7031e+00    19.5554      3.067      4.449    12.5216 0.0000e+00
      3.093     -0.181     3.0481     19.380     55.818  42.522007     1.1212      8.030   221.1359 9.6974e+00    18.9785      3.047      4.418    12.6085 0.0000e+00
      3.036     -0.175     2.8105     17.309     55.536  42.506275     1.3492      8.035   220.5378 1.1559e+01    17.8804      2.986      4.330    12.6865 0.0000e+00
      2.961     -0.171     2.5555     15.373     55.420  42.519199     1.4455      8.041   220.2241 1.3753e+01    17.2772      2.901      4.207    12.7784 0.0000e+00
      2.895     -0.167     2.2839     13.523     55.326  42.487957     1.4369      8.047   219.8380 1.5039e+01    17.0829      2.824      4.096    12.8763 0.0000e+00
      2.863     -0.158     2.0266     11.826     55.150  42.445931     1.5866      8.053   219.3105 1.5193e+01    16.5902      2.799      4.060    13.0815 0.0000e+00
      2.853     -0.148     1.8081     10.424     54.911  42.455469     1.8905      8.057   218.8368 1.5425e+01    15.8285      2.804      4.066    13.3135 0.0000e+00
      2.834     -0.138     1.6028      9.386     54.606  42.476566     2.0566      8.061   218.4124 1.6431e+01    15.3548      2.787      4.043    13.3847 0.0000e+00
      2.795     -0.133     1.4093      8.627     54.350  42.510898     2.0718      8.065   218.0510 1.7994e+01    15.2013      2.746      3.982    13.3681 0.0000e+00
      2.743     -0.134     1.2220      7.960     54.263  42.553502     2.2736      8.070   217.6512 1.9759e+01    14.5523      2.692      3.904    13.4409 0.0000e+00
      2.692     -0.140     1.0683      7.267     54.241  42.547496     2.6986      8.074   217.1060 2.1005e+01    13.4524      2.632      3.816    13.6336 0.0000e+00
      2.660     -0.148     0.9584      6.575     54.092  42.501747     2.9575      8.078   216.6208 2.1335e+01    12.9022      2.600      3.769    13.8924 0.0000e+00
      2.645     -0.155     0.8833      5.966     53.836  42.508220     2.9908      8.081   216.2586 2.1686e+01    12.8869      2.599      3.769    14.1558 0.0000e+00
      2.621     -0.158     0.8186      5.496     53.566  42.562539     2.9762      8.086   215.8243 2.2977e+01    12.8573      2.580      3.742    14.2578 0.0000e+00
      2.573     -0.158     0.7455      5.135     53.317  42.587598     2.9067      8.092   215.3278 2.5135e+01    12.9199      2.531      3.671    14.1849 0.0000e+00
      2.508     -0.158     0.6714      4.800     53.172  42.621056     2.8327      8.099   214.6438 2.7456e+01    13.2336      2.460      3.566    14.2238 0.0000e+00
      2.448     -0.158     0.6029      4.460     53.122  42.713350     2.8297      8.104   213.7490 2.8909e+01    13.5072      2.387      3.463    14.4574 0.0000e+00
      2.415     -0.158     0.5526      4.144     53.028  42.815052     2.8455      8.109   213.0264 2.9336e+01    13.5295      2.359      3.422    14.7467 0.0000e+00
      2.400     -0.157     0.5179      3.879     52.800  42.835367     2.8824      8.115   212.5309 2.9846e+01    13.4005      2.359      3.422    14.9702 0.0000e+00
      2.377     -0.154     0.4842      3.662     52.505  42.768815     2.9509      8.120   212.1474 3.1216e+01    13.2120      2.339      3.392    15.0781 0.0000e+00
      2.333     -0.152     0.4467      3.470     52.285  42.708792     2.9995      8.125   211.8306 3.3219e+01    13.1645      2.293      3.326    15.1773 0.0000e+00
      2.274     -0.154     0.4129      3.298     52.145  42.681032     3.0705      8.131   211.2816 3.5334e+01    13.2352      2.231      3.235    15.3523 0.0000e+00
      2.218     -0.156     0.3839      3.133     52.063  42.687162     3.4350      8.137   210.4140 3.6840e+01    12.7002      2.166      3.141    15.5773 0.0000e+00
      2.180     -0.153     0.3632      2.988     52.007  42.719526     4.0363      8.144   209.4273 3.7443e+01    11.5463      2.130      3.090    15.7463 0.0000e+00
      2.159     -0.149     0.3425      2.918     51.922  42.755071     4.3395      8.152   208.4714 3.8043e+01    10.8636      2.120      3.075    15.8453 0.0000e+00
      2.134     -0.148     0.3253      2.889     51.824  42.799704     4.3790      8.159   207.8044 3.9399e+01    10.7996      2.099      3.044    15.9279 0.0000e+00
      2.096     -0.150     0.3103      2.841     51.691  42.815033     4.5551      8.165   206.9557 4.1094e+01    10.7383      2.057      2.983    15.9898 0.0000e+00
      2.051     -0.150     0.2898      2.796     51.557  42.813613     4.8379      8.173   205.5227 4.2922e+01    10.5660      2.013      2.919    16.0554 0.0000e+00
      2.001     -0.142     0.2854      2.759     51.461  42.846147     4.9691      8.182   204.3317 4.5094e+01    10.4246      1.965      2.850    16.1602 0.0000e+00
      1.951     -0.122     0.2858      2.742     51.330  42.891167     4.9762      8.189   203.9122 4.6787e+01    10.2930      1.906      2.764    16.2911 0.0000e+00
      1.917     -0.094     0.2767      2.763     51.135  42.913827     5.2567      8.198   203.8919 4.7351e+01    10.1704      1.869      2.711    16.4167 0.0000e+00
      1.905     -0.064     0.2730      2.790     50.879  42.929941     5.8047      8.207   203.9143 4.7372e+01    10.0693      1.866      2.706    16.5230 0.0000e+00
      1.905     -0.040     0.2686      2.805     50.493  42.959329     6.1091      8.213   203.8388 4.7312e+01     9.9928      1.868      2.709    16.6003 0.0000e+00
      1.907     -0.030     0.2636      2.819     50.021  42.952250     6.1237      8.218   203.4088 4.7147e+01     9.9288      1.871      2.712    16.7653 0.0000e+00
      1.908     -0.040     0.2678      2.859     49.732  42.908360     6.0978      8.225   202.7601 4.7044e+01     9.8421      1.873      2.716    16.9622 0.0000e+00
      1.904     -0.065     0.2696      2.969     49.773  42.873233     6.0627      8.234   202.1895 4.7313e+01     9.7986      1.869      2.711    17.1170 0.0000e+00
      1.889     -0.093     0.2682      3.134     49.982  42.844788     6.0147      8.245   201.5859 4.8385e+01     9.7791      1.858      2.696    17.5029 0.0000e+00
      1.857     -0.118     0.2665      3.300     50.168  42.818041     5.9762      8.256   200.8825 5.0555e+01     9.7422      1.828      2.652    18.0190 0.0000e+00
      1.809     -0.143     0.2662      3.424     50.202  42.740018     5.9302      8.269   200.3105 5.3221e+01     9.6597      1.775      2.574    18.2551 0.0000e+00
