Data/DataNotYetUploadedToEDI/Raw_CTD/RawDownloads/080425_fcr50_S7809001.cnv
* Sea-Bird SBE19plus  Data File:
* FileName = C:\R\Reservoirs\Data\DataNotYetUploadedToEDI\Raw_CTD\RawDownloads\080425_fcr50_S7809_0001.hex
* Software version 2.8.0.119
* Temperature SN = 7809
* Conductivity SN = 7809
* System UpLoad Time = Aug 11 2025 16:37:00
* <ApplicationData>
* <Seaterm232>
# nquan = 15
# nvalues = 2242                        
# units = specified
# name 0 = depFM: Depth [fresh water, m]
# name 1 = dz/dtM: Descent Rate [m/s]
# name 2 = sbeox0Mg/L: Oxygen, SBE 43 [mg/l]
# name 3 = sbeox0PS: Oxygen, SBE 43 [% saturation]
# name 4 = specc: Specific Conductance [uS/cm]
# name 5 = c0uS/cm: Conductivity [uS/cm]
# name 6 = flECO-AFL: Fluorescence, WET Labs ECO-AFL/FL [mg/m^3]
# name 7 = ph: pH
# name 8 = orp: Oxidation Reduction Potential [mV]
# name 9 = par/sat/log: PAR/Logarithmic, Satlantic
# name 10 = turbWETntu0: Turbidity, WET Labs ECO [NTU]
# name 11 = prdM: Pressure, Strain Gauge [db]
# name 12 = prdE: Pressure, Strain Gauge [psi]
# name 13 = tv290C: Temperature [ITS-90, deg C]
# name 14 = flag:  0.000e+00
# span 0 =     -0.598,      9.585       
# span 1 =     -0.224,      0.259       
# span 2 =     0.0121,     8.0680       
# span 3 =      0.119,     96.439       
# span 4 =      2.353,    407.118       
# span 5 =   2.318554, 299.579804       
# span 6 =    -1.6505,   232.8021       
# span 7 =      5.795,      8.614       
# span 8 = -1240.7455,   389.3392       
# span 9 = 1.2356e-01, 2.1651e+03       
# span 10 =    -2.2808,   318.8208      
# span 11 =     -0.587,      9.402      
# span 12 =     -0.851,     13.637      
# span 13 =    11.7590,    24.4377      
# span 14 = 0.0000e+00, 0.0000e+00      
# interval = seconds: 0.25
# start_time = Aug 04 2025 10:51:34 [Instrument's time stamp, header]
# bad_flag = -9.990e-29
*END*
[from data line 868]
      3.201      0.017     0.1211      1.108     47.709  40.292816    12.4226      8.176   204.6627 1.6601e+01     8.5901      3.139      4.553    16.9865 0.0000e+00
      3.204      0.015     0.1197      1.063     47.824  40.401911    12.3845      8.175   204.5251 1.6504e+01     8.6079      3.142      4.557    17.0441 0.0000e+00
      3.208      0.015     0.1203      1.033     47.969  40.517994    12.1845      8.175   204.4220 1.6417e+01     8.6533      3.146      4.563    17.1300 0.0000e+00
      3.211      0.016     0.1144      1.009     48.130  40.617445    11.8096      8.175   204.5347 1.6357e+01     8.6945      3.149      4.567    17.2001 0.0000e+00
      3.215      0.017     0.1044      0.983     48.329  40.715809    11.6142      8.175   204.7689 1.6273e+01     8.7650      3.152      4.572    17.2318 0.0000e+00
      3.220      0.020     0.1022      0.924     48.555  40.818698    11.6115      8.174   204.8449 1.6152e+01     8.8559      3.157      4.579    17.2396 0.0000e+00
      3.226      0.022     0.0991      0.872     48.798  40.909368    11.5780      8.173   204.6792 1.6016e+01     8.8028      3.163      4.588    17.2418 0.0000e+00
      3.231      0.024     0.0963      0.851     48.970  40.923416    11.2831      8.173   204.4861 1.5879e+01     8.6697      3.168      4.596    17.2068 0.0000e+00
      3.237      0.026     0.0973      0.803     49.026  40.861454    10.7512      8.173   204.4884 1.5714e+01     8.6128      3.174      4.603    17.1215 0.0000e+00
      3.245      0.026     0.0889      0.728     49.029  40.794709    10.4495      8.173   204.6209 1.5516e+01     8.6956      3.182      4.616    17.0409 0.0000e+00
      3.253      0.025     0.0814      0.668     49.022  40.750993    10.4147      8.173   204.8848 1.5341e+01     8.7826      3.190      4.627    16.9268 0.0000e+00
      3.260      0.023     0.0852      0.624     48.992  40.713643    10.3631      8.172   205.1836 1.5215e+01     8.7769      3.198      4.637    16.7670 0.0000e+00
      3.266      0.023     0.0791      0.587     48.930  40.660427    10.2589      8.171   205.1367 1.5132e+01     8.7638      3.203      4.646    16.6541 0.0000e+00
      3.270      0.023     0.0698      0.556     48.897  40.615292    10.1788      8.171   204.9195 1.5050e+01     8.7259      3.206      4.651    16.5881 0.0000e+00
      3.274      0.024     0.0646      0.522     48.945  40.612161    10.1180      8.171   204.7941 1.4949e+01     8.7631      3.210      4.656    16.5504 0.0000e+00
      3.279      0.024     0.0611      0.515     49.002  40.622511     9.7730      8.171   204.6540 1.4769e+01     8.9398      3.215      4.662    16.5417 0.0000e+00
      3.287      0.024     0.0565      0.545     48.994  40.613452     9.1544      8.171   204.8602 1.4510e+01     9.0865      3.224      4.676    16.5511 0.0000e+00
      3.297      0.024     0.0554      0.573     48.915  40.566095     8.8134      8.170   205.3940 1.4352e+01     9.0685      3.235      4.692    16.5440 0.0000e+00
      3.303      0.024     0.0499      0.594     48.800  40.494213     8.7716      8.168   205.6019 1.4308e+01     8.9610      3.239      4.698    16.4805 0.0000e+00
      3.306      0.023     0.0481      0.614     48.699  40.442478     8.7412      8.167   205.4809 1.4233e+01     9.0158      3.240      4.701    16.4270 0.0000e+00
      3.311      0.021     0.0544      0.634     48.593  40.384874     8.7041      8.166   205.3932 1.4083e+01     9.2188      3.246      4.707    16.4390 0.0000e+00
      3.317      0.020     0.0558      0.639     48.478  40.305483     8.6810      8.164   205.5738 1.3917e+01     9.3662      3.253      4.717    16.4616 0.0000e+00
      3.322      0.021     0.0583      0.636     48.422  40.244178     8.6695      8.164   205.8582 1.3796e+01     9.3296      3.259      4.727    16.4811 0.0000e+00
      3.326      0.023     0.0593      0.639     48.466  40.214810     8.5393      8.166   205.9064 1.3698e+01     9.1178      3.264      4.732    16.5191 0.0000e+00
      3.331      0.023     0.0630      0.642     48.580  40.204165     8.2974      8.167   205.8119 1.3572e+01     9.0256      3.266      4.737    16.5563 0.0000e+00
      3.337      0.024     0.0625      0.659     48.661  40.178796     8.1750      8.167   205.7479 1.3383e+01     9.1368      3.271      4.745    16.5741 0.0000e+00
      3.345      0.028     0.0614      0.702     48.716  40.161826     8.1666      8.166   205.6492 1.3191e+01     9.1985      3.281      4.759    16.5743 0.0000e+00
      3.352      0.032     0.0630      0.753     48.809  40.189301     8.1205      8.165   205.6507 1.3056e+01     9.1230      3.289      4.770    16.5056 0.0000e+00
      3.357      0.036     0.0623      0.790     48.854  40.193601     7.8261      8.164   205.9389 1.2899e+01     9.0778      3.292      4.775    16.3635 0.0000e+00
      3.366      0.039     0.0634      0.805     48.817  40.150311     7.3619      8.161   206.1223 1.2591e+01     9.1985      3.297      4.783    16.2667 0.0000e+00
      3.380      0.041     0.0686      0.800     48.806  40.110136     7.1442      8.159   206.0616 1.2246e+01     9.3530      3.316      4.809    16.2154 0.0000e+00
      3.394      0.043     0.0749      0.783     48.891  40.088600     7.1001      8.158   205.8071 1.2041e+01     9.4084      3.332      4.832    16.1621 0.0000e+00
      3.404      0.043     0.0782      0.746     49.034  40.080191     6.7111      8.157   205.4550 1.1824e+01     9.3560      3.337      4.840    16.1185 0.0000e+00
      3.414      0.042     0.0805      0.693     49.163  40.071777     6.0118      8.156   205.5033 1.1554e+01     9.2312      3.347      4.855    16.1233 0.0000e+00
      3.425      0.040     0.0785      0.641     49.231  40.050190     5.6446      8.154   205.6169 1.1334e+01     9.1974      3.359      4.872    16.1195 0.0000e+00
      3.436      0.039     0.0783      0.602     49.241  40.009494     5.6174      8.154   205.5379 1.1126e+01     9.3241      3.369      4.887    16.0058 0.0000e+00
      3.445      0.038     0.0745      0.578     49.266  39.960452     5.4168      8.153   205.4946 1.0941e+01     9.4992      3.379      4.902    15.8585 0.0000e+00
      3.454      0.037     0.0684      0.544     49.319  39.901402     5.0340      8.152   205.2653 1.0748e+01     9.5715      3.387      4.912    15.7360 0.0000e+00
      3.463      0.036     0.0637      0.494     49.316  39.803105     4.8087      8.151   205.0025 1.0492e+01     9.4812      3.395      4.924    15.6556 0.0000e+00
      3.473      0.036     0.0584      0.434     49.308  39.723790     4.7657      8.150   204.9843 1.0258e+01     9.4658      3.408      4.943    15.6324 0.0000e+00
      3.482      0.035     0.0587      0.374     49.360  39.703884     4.7304      8.150   205.2172 1.0103e+01     9.6583      3.416      4.954    15.5731 0.0000e+00
      3.490      0.033     0.0547      0.332     49.396  39.689274     4.6564      8.149   205.4955 9.9107e+00     9.7933      3.420      4.961    15.4403 0.0000e+00
      3.500      0.032     0.0498      0.292     49.393  39.674016     4.5954      8.148   205.5101 9.6934e+00     9.7325      3.433      4.979    15.3398 0.0000e+00
      3.509      0.030     0.0440      0.238     49.343  39.646306     4.5754      8.147   205.3076 9.5711e+00     9.6398      3.442      4.994    15.2783 0.0000e+00
      3.515      0.028     0.0361      0.193     49.275  39.608114     4.5638      8.146   205.1122 9.4679e+00     9.7657      3.446      4.998    15.2076 0.0000e+00
      3.521      0.027     0.0334      0.178     49.257  39.593038     4.5628      8.145   205.1258 9.3093e+00    10.0940      3.452      5.006    15.1595 0.0000e+00
      3.528      0.026     0.0303      0.184     49.272  39.590940     4.5557      8.144   205.3005 9.1327e+00    10.2277      3.459      5.017    15.1465 0.0000e+00
      3.535      0.026     0.0234      0.190     49.279  39.582729     4.5282      8.143   205.5034 8.9819e+00    10.1181      3.467      5.027    15.1687 0.0000e+00
      3.540      0.027     0.0178      0.184     49.187  39.493747     4.5128      8.142   205.6865 8.8727e+00    10.0667      3.472      5.036    15.1968 0.0000e+00
      3.546      0.030     0.0171      0.182     49.017  39.340064     4.5525      8.142   205.7076 8.7474e+00    10.3237      3.477      5.043    15.1930 0.0000e+00
      3.553      0.033     0.0185      0.196     48.918  39.247632     4.6336      8.141   205.5859 8.5960e+00    10.7998      3.484      5.053    15.1693 0.0000e+00
      3.561      0.035     0.0200      0.217     48.882  39.201155     4.6609      8.139   205.5058 8.3791e+00    11.0064      3.491      5.063    15.1584 0.0000e+00
      3.571      0.038     0.0184      0.243     48.870  39.158863     4.6327      8.139   205.8578 8.0789e+00    10.9092      3.502      5.078    15.1467 0.0000e+00
      3.584      0.039     0.0172      0.255     48.863  39.117018     4.4926      8.138   206.4860 7.8338e+00    11.0254      3.516      5.100    15.1207 0.0000e+00
      3.595      0.039     0.0200      0.249     48.847  39.075933     4.2410      8.135   206.7353 7.6669e+00    11.4893      3.527      5.115    15.1138 0.0000e+00
      3.604      0.038     0.0209      0.246     48.823  39.042843     4.1205      8.133   206.7208 7.4724e+00    11.8721      3.534      5.125    15.1020 0.0000e+00
      3.614      0.035     0.0254      0.251     48.725  38.970761     4.1095      8.132   206.6544 7.2587e+00    11.9647      3.545      5.140    15.0618 0.0000e+00
      3.624      0.033     0.0269      0.256     48.609  38.902471     4.0328      8.131   206.7066 7.1262e+00    12.0287      3.556      5.156    15.0183 0.0000e+00
      3.630      0.031     0.0244      0.248     48.591  38.915250     3.9095      8.129   207.0937 7.0271e+00    12.2362      3.560      5.165    14.9897 0.0000e+00
      3.636      0.030     0.0250      0.235     48.600  38.934920     3.8424      8.128   207.4642 6.8786e+00    12.4578      3.565      5.171    14.9738 0.0000e+00
      3.644      0.030     0.0248      0.222     48.454  38.823010     3.8451      8.125   207.6581 6.7145e+00    12.6239      3.573      5.183    14.9785 0.0000e+00
      3.653      0.030     0.0269      0.217     48.235  38.640999     3.7513      8.123   207.7168 6.5725e+00    12.7417      3.583      5.197    15.0095 0.0000e+00
      3.660      0.031     0.0247      0.227     48.143  38.511119     3.5407      8.121   207.6580 6.4666e+00    12.8234      3.589      5.206    15.0490 0.0000e+00
      3.667      0.033     0.0239      0.229     48.146  38.394857     3.4202      8.120   207.7211 6.3291e+00    12.8594      3.594      5.213    15.0546 0.0000e+00
      3.676      0.035     0.0223      0.225     48.239  38.313950     3.3935      8.117   207.8786 6.1462e+00    12.9387      3.605      5.228    15.0549 0.0000e+00
      3.685      0.035     0.0205      0.217     48.404  38.294201     3.2180      8.115   207.9272 5.9842e+00    13.2698      3.614      5.242    15.0750 0.0000e+00
      3.694      0.036     0.0240      0.207     48.623  38.346275     2.8878      8.113   207.9646 5.8065e+00    13.6180      3.621      5.253    15.0181 0.0000e+00
      3.705      0.037     0.0228      0.211     48.830  38.435745     2.6888      8.111   208.0721 5.6451e+00    13.6640      3.634      5.271    14.8839 0.0000e+00
      3.715      0.037     0.0229      0.226     48.918  38.487460     2.6513      8.109   208.0223 5.5390e+00    13.6211      3.644      5.286    14.7066 0.0000e+00
      3.722      0.037     0.0226      0.240     48.940  38.527328     2.6092      8.106   207.7932 5.4090e+00    13.9182      3.649      5.292    14.5422 0.0000e+00
      3.731      0.037     0.0202      0.249     48.906  38.537060     2.5454      8.103   207.7111 5.2280e+00    14.4890      3.658      5.304    14.4140 0.0000e+00
      3.742      0.037     0.0212      0.266     48.786  38.478255     2.4964      8.099   207.8898 5.0532e+00    14.7159      3.671      5.324    14.3291 0.0000e+00
      3.752      0.037     0.0231      0.286     48.665  38.387495     2.4583      8.097   208.2324 4.9162e+00    14.6126      3.680      5.338    14.3214 0.0000e+00
      3.760      0.038     0.0252      0.295     48.675  38.328135     2.4506      8.094   208.4985 4.7595e+00    14.6406      3.686      5.346    14.3552 0.0000e+00
      3.769      0.038     0.0249      0.308     48.860  38.331597     2.4614      8.091   208.4409 4.6112e+00    14.9861      3.697      5.361    14.3940 0.0000e+00
      3.778      0.038     0.0268      0.318     49.118  38.365717     2.4466      8.089   208.2238 4.5024e+00    15.4767      3.704      5.374    14.4387 0.0000e+00
      3.788      0.040     0.0305      0.311     49.371  38.423175     2.4218      8.087   208.1960 4.3493e+00    15.6536      3.713      5.385    14.4689 0.0000e+00
      3.800      0.044     0.0292      0.296     49.606  38.518484     2.3871      8.085   208.2773 4.1990e+00    15.5866      3.728      5.407    14.4009 0.0000e+00
      3.810      0.049     0.0316      0.280     49.730  38.566089     2.2508      8.083   208.3468 4.1026e+00    15.8290      3.738      5.422    14.2323 0.0000e+00
      3.820      0.054     0.0338      0.256     49.775  38.554491     2.0311      8.080   208.6053 3.9787e+00    16.3642      3.744      5.431    14.0379 0.0000e+00
      3.834      0.055     0.0322      0.233     49.767  38.505121     1.9108      8.076   208.8225 3.7988e+00    16.6603      3.757      5.448    13.8902 0.0000e+00
      3.854      0.054     0.0305      0.226     49.660  38.413332     1.8790      8.073   208.8214 3.5939e+00    16.6418      3.778      5.480    13.8016 0.0000e+00
      3.874      0.053     0.0293      0.222     49.721  38.460021     1.7970      8.070   208.8507 3.4612e+00    16.5844      3.804      5.518    13.7759 0.0000e+00
      3.886      0.050     0.0269      0.209     50.047  38.688881     1.6935      8.067   208.9181 3.4117e+00    16.6843      3.813      5.530    13.7328 0.0000e+00
      3.894      0.045     0.0230      0.195     50.439  38.959327     1.6593      8.066   208.9483 3.3534e+00    16.8585      3.817      5.536    13.6572 0.0000e+00
      3.903      0.041     0.0235      0.184     50.858  39.254956     1.6582      8.063   209.0429 3.2770e+00    16.9494      3.828      5.552    13.6712 0.0000e+00
      3.912      0.039     0.0237      0.172     51.167  39.470947     1.5802      8.060   209.1160 3.1973e+00    17.2362      3.837      5.564    13.6881 0.0000e+00
      3.921      0.041     0.0216      0.181     51.113  39.413104     1.4397      8.057   209.0571 3.1177e+00    17.7646      3.845      5.575    13.6491 0.0000e+00
      3.933      0.043     0.0196      0.196     50.849  39.190194     1.3823      8.054   209.0196 3.0237e+00    18.1107      3.856      5.591    13.6153 0.0000e+00
      3.946      0.043     0.0199      0.176     50.724  39.060392     1.4116      8.052   209.1794 2.9409e+00    18.2790      3.871      5.614    13.5883 0.0000e+00
      3.958      0.042     0.0166      0.150     50.742  39.049410     1.4279      8.050   209.6981 2.8821e+00    18.7757      3.882      5.631    13.5643 0.0000e+00
      3.969      0.041     0.0177      0.145     50.742  39.057375     1.4122      8.049   210.2145 2.8138e+00    19.5387      3.891      5.644    13.5498 0.0000e+00
      3.979      0.038     0.0233      0.156     50.694  39.029793     1.3890      8.046   210.3473 2.7627e+00    19.8862      3.903      5.661    13.5447 0.0000e+00
      3.987      0.036     0.0180      0.161     50.641  38.969774     1.3965      8.044   210.2717 2.7269e+00    19.9371      3.910      5.670    13.4981 0.0000e+00
      3.995      0.035     0.0145      0.143     50.499  38.839367     1.4273      8.042   210.1603 2.6818e+00    20.0860      3.917      5.681    13.4535 0.0000e+00
