Data/DataNotYetUploadedToEDI/Raw_CTD/RawDownloads/080425_fcr50_S7809001.cnv
* Sea-Bird SBE19plus  Data File:
* FileName = C:\R\Reservoirs\Data\DataNotYetUploadedToEDI\Raw_CTD\RawDownloads\080425_fcr50_S7809_0001.hex
* Software version 2.8.0.119
* Temperature SN = 7809
* Conductivity SN = 7809
* System UpLoad Time = Aug 11 2025 16:37:00
* <ApplicationData>
* <Seaterm232>
# nquan = 15
# nvalues = 2242                        
# units = specified
# name 0 = depFM: Depth [fresh water, m]
# name 1 = dz/dtM: Descent Rate [m/s]
# name 2 = sbeox0Mg/L: Oxygen, SBE 43 [mg/l]
# name 3 = sbeox0PS: Oxygen, SBE 43 [% saturation]
# name 4 = specc: Specific Conductance [uS/cm]
# name 5 = c0uS/cm: Conductivity [uS/cm]
# name 6 = flECO-AFL: Fluorescence, WET Labs ECO-AFL/FL [mg/m^3]
# name 7 = ph: pH
# name 8 = orp: Oxidation Reduction Potential [mV]
# name 9 = par/sat/log: PAR/Logarithmic, Satlantic
# name 10 = turbWETntu0: Turbidity, WET Labs ECO [NTU]
# name 11 = prdM: Pressure, Strain Gauge [db]
# name 12 = prdE: Pressure, Strain Gauge [psi]
# name 13 = tv290C: Temperature [ITS-90, deg C]
# name 14 = flag:  0.000e+00
# span 0 =     -0.598,      9.585       
# span 1 =     -0.224,      0.259       
# span 2 =     0.0121,     8.0680       
# span 3 =      0.119,     96.439       
# span 4 =      2.353,    407.118       
# span 5 =   2.318554, 299.579804       
# span 6 =    -1.6505,   232.8021       
# span 7 =      5.795,      8.614       
# span 8 = -1240.7455,   389.3392       
# span 9 = 1.2356e-01, 2.1651e+03       
# span 10 =    -2.2808,   318.8208      
# span 11 =     -0.587,      9.402      
# span 12 =     -0.851,     13.637      
# span 13 =    11.7590,    24.4377      
# span 14 = 0.0000e+00, 0.0000e+00      
# interval = seconds: 0.25
# start_time = Aug 04 2025 10:51:34 [Instrument's time stamp, header]
# bad_flag = -9.990e-29
*END*
[from data line 386]
      0.830      0.007     7.0665     84.259     36.817  36.181210     2.2417      8.504   194.6704 3.3794e+02     7.5070      0.814      1.180    24.1313 0.0000e+00
      0.833      0.010     7.0685     84.325     36.803  36.166908     2.2553      8.506   194.1937 3.2813e+02     7.5305      0.816      1.184    24.1319 0.0000e+00
      0.836      0.013     7.0700     84.387     36.760  36.122765     2.2509      8.507   193.8702 3.3334e+02     7.4202      0.819      1.189    24.1314 0.0000e+00
      0.839      0.015     7.0707     84.399     36.730  36.091629     2.2550      8.507   193.9423 3.4864e+02     7.3002      0.822      1.193    24.1308 0.0000e+00
      0.844      0.015     7.0733     84.345     36.748  36.107684     2.2730      8.508   194.2052 3.3669e+02     7.3782      0.827      1.200    24.1312 0.0000e+00
      0.849      0.014     7.0802     84.262     36.769  36.126538     2.2929      8.509   194.2956 3.1808e+02     7.4744      0.834      1.210    24.1312 0.0000e+00
      0.854      0.012     7.0872     84.194     36.773  36.129242     2.3039      8.510   194.0890 3.0871e+02     7.4042      0.838      1.216    24.1291 0.0000e+00
      0.855      0.010     7.0895     84.149     36.785  36.140371     2.2978      8.511   193.9442 3.0513e+02     7.3148      0.839      1.217    24.1260 0.0000e+00
      0.856      0.008     7.0839     84.126     36.780  36.134197     2.2867      8.511   194.0081 3.0553e+02     7.3843      0.840      1.218    24.1232 0.0000e+00
      0.858      0.006     7.0752     84.145     36.764  36.118046     2.2943      8.512   194.0869 3.0516e+02     7.4929      0.841      1.220    24.1204 0.0000e+00
      0.860      0.006     7.0700     84.186     36.782  36.135433     2.2977      8.513   194.2084 3.0790e+02     7.4324      0.843      1.223    24.1192 0.0000e+00
      0.862      0.005     7.0668     84.219     36.801  36.154068     2.2699      8.514   194.3583 3.1212e+02     7.3022      0.845      1.227    24.1183 0.0000e+00
      0.863      0.005     7.0636     84.264     36.800  36.153018     2.2491      8.516   194.4373 3.1340e+02     7.2511      0.847      1.229    24.1166 0.0000e+00
      0.864      0.006     7.0663     84.333     36.769  36.122736     2.2709      8.518   194.4752 3.1488e+02     7.2922      0.847      1.228    24.1149 0.0000e+00
      0.865      0.008     7.0716     84.403     36.752  36.105185     2.3003      8.519   194.4731 3.1690e+02     7.3900      0.848      1.229    24.1143 0.0000e+00
      0.866      0.010     7.0730     84.458     36.780  36.131158     2.2972      8.519   194.4115 3.1710e+02     7.4087      0.849      1.231    24.1144 0.0000e+00
      0.869      0.012     7.0761     84.462     36.770  36.119516     2.2662      8.519   194.3325 3.1673e+02     7.3127      0.851      1.235    24.1146 0.0000e+00
      0.874      0.013     7.0831     84.391     36.744  36.091319     2.2415      8.520   194.5504 3.1513e+02     7.2545      0.856      1.241    24.1150 0.0000e+00
      0.879      0.014     7.0890     84.288     36.764  36.107479     2.2571      8.520   194.9805 3.1938e+02     7.3201      0.863      1.250    24.1152 0.0000e+00
      0.883      0.016     7.0952     84.203     36.784  36.124551     2.2797      8.520   194.9733 3.2388e+02     7.4225      0.866      1.256    24.1128 0.0000e+00
      0.885      0.017     7.0978     84.147     36.771  36.107380     2.2484      8.521   194.7223 3.1673e+02     7.3992      0.869      1.259    24.1085 0.0000e+00
      0.888      0.019     7.0898     84.103     36.757  36.090216     2.1951      8.522   194.6978 3.1435e+02     7.2778      0.871      1.263    24.1047 0.0000e+00
      0.893      0.019     7.0801     84.055     36.777  36.107365     2.1761      8.522   194.9359 3.1906e+02     7.2520      0.875      1.269    24.1010 0.0000e+00
      0.900      0.019     7.0733     84.017     36.797  36.124373     2.1940      8.522   195.2782 3.1170e+02     7.3952      0.882      1.280    24.0971 0.0000e+00
      0.907      0.019     7.0699     84.021     36.778  36.105495     2.2285      8.523   195.4807 3.0090e+02     7.6089      0.890      1.291    24.0921 0.0000e+00
      0.912      0.018     7.0679     84.067     36.742  36.069467     2.2348      8.524   195.5771 3.0191e+02     7.6493      0.895      1.299    24.0865 0.0000e+00
      0.915      0.018     7.0636     84.098     36.742  36.069467     2.2041      8.526   195.4971 3.0436e+02     7.5081      0.897      1.301    24.0826 0.0000e+00
      0.918      0.017     7.0595     84.083     36.778  36.105495     2.2144      8.526   195.2884 3.0236e+02     7.4389      0.900      1.304    24.0805 0.0000e+00
      0.921      0.017     7.0596     84.055     36.797  36.124373     2.2763      8.525   195.2045 3.0249e+02     7.4615      0.903      1.310    24.0788 0.0000e+00
      0.926      0.016     7.0660     84.042     36.779  36.107368     2.3119      8.525   195.3430 2.9957e+02     7.4747      0.908      1.317    24.0783 0.0000e+00
      0.932      0.016     7.0704     84.050     36.761  36.090233     2.3031      8.526   195.5861 2.9286e+02     7.3933      0.914      1.326    24.0789 0.0000e+00
      0.937      0.015     7.0666     84.082     36.778  36.107554     2.2783      8.527   195.6491 2.9118e+02     7.2629      0.920      1.334    24.0794 0.0000e+00
      0.941      0.013     7.0634     84.118     36.797  36.126441     2.2946      8.529   195.5889 2.9281e+02     7.2989      0.923      1.339    24.0798 0.0000e+00
      0.943      0.011     7.0627     84.138     36.799  36.128247     2.3513      8.529   195.2887 2.9343e+02     7.4522      0.924      1.341    24.0811 0.0000e+00
      0.945      0.010     7.0622     84.142     36.801  36.129391     2.3728      8.529   194.7724 2.9676e+02     7.5107      0.926      1.344    24.0823 0.0000e+00
      0.946      0.009     7.0662     84.104     36.813  36.140274     2.3454      8.530   194.5936 3.0023e+02     7.4260      0.928      1.346    24.0825 0.0000e+00
      0.949      0.010     7.0699     84.020     36.807  36.132934     2.3204      8.532   194.6760 2.9654e+02     7.3495      0.931      1.349    24.0824 0.0000e+00
      0.952      0.012     7.0709     83.931     36.779  36.104092     2.3208      8.533   194.8219 2.9002e+02     7.4061      0.934      1.354    24.0824 0.0000e+00
      0.954      0.015     7.0726     83.860     36.784  36.108798     2.3001      8.533   195.0673 2.8782e+02     7.3934      0.935      1.357    24.0818 0.0000e+00
      0.957      0.017     7.0705     83.810     36.804  36.126376     2.2691      8.534   194.9763 2.8659e+02     7.2649      0.937      1.360    24.0803 0.0000e+00
      0.962      0.019     7.0611     83.793     36.805  36.126272     2.2542      8.534   194.5820 2.8393e+02     7.2180      0.942      1.367    24.0788 0.0000e+00
      0.970      0.020     7.0534     83.803     36.786  36.107542     2.2368      8.535   194.4295 2.8373e+02     7.2704      0.952      1.381    24.0778 0.0000e+00
      0.977      0.020     7.0480     83.797     36.769  36.090260     2.2415      8.535   194.4238 2.8462e+02     7.3861      0.959      1.390    24.0758 0.0000e+00
      0.981      0.019     7.0434     83.762     36.788  36.107671     2.2447      8.535   194.5124 2.8291e+02     7.4211      0.961      1.395    24.0732 0.0000e+00
      0.985      0.018     7.0420     83.710     36.809  36.127703     2.2336      8.536   194.7269 2.7805e+02     7.3521      0.966      1.401    24.0723 0.0000e+00
      0.989      0.017     7.0449     83.636     36.824  36.142118     2.2406      8.537   194.8667 2.7229e+02     7.3376      0.970      1.408    24.0719 0.0000e+00
      0.993      0.017     7.0448     83.568     36.838  36.155060     2.2630      8.537   194.9117 2.6742e+02     7.3824      0.975      1.414    24.0710 0.0000e+00
      0.997      0.018     7.0408     83.515     36.841  36.157283     2.2956      8.538   194.8405 2.6741e+02     7.4490      0.978      1.419    24.0701 0.0000e+00
      1.001      0.019     7.0382     83.440     36.853  36.168987     2.3266      8.539   194.6080 2.7053e+02     7.4255      0.982      1.424    24.0693 0.0000e+00
      1.006      0.020     7.0298     83.352     36.855  36.169674     2.3557      8.539   194.4238 2.7513e+02     7.3715      0.986      1.431    24.0689 0.0000e+00
      1.012      0.021     7.0238     83.310     36.852  36.165584     2.3808      8.540   194.6784 2.8294e+02     7.3779      0.992      1.439    24.0681 0.0000e+00
      1.017      0.022     7.0216     83.303     36.872  36.182984     2.4053      8.541   195.1045 2.8551e+02     7.3656      0.997      1.447    24.0670 0.0000e+00
      1.023      0.022     7.0155     83.256     36.879  36.189707     2.4197      8.542   195.2738 2.8416e+02     7.3591      1.002      1.454    24.0661 0.0000e+00
      1.031      0.021     7.0049     83.159     36.874  36.183416     2.4301      8.542   195.2627 2.8271e+02     7.3676      1.012      1.468    24.0653 0.0000e+00
      1.036      0.021     7.0019     83.012     36.861  36.170362     2.4644      8.543   194.9709 2.7641e+02     7.4689      1.017      1.475    24.0629 0.0000e+00
      1.040      0.021     7.0062     82.840     36.849  36.158772     2.5005      8.544   194.6707 2.6906e+02     7.6265      1.020      1.478    24.0601 0.0000e+00
      1.043      0.021     7.0009     82.729     36.860  36.170191     2.5260      8.545   194.9888 2.6413e+02     7.7022      1.023      1.485    24.0589 0.0000e+00
      1.048      0.021     6.9929     82.679     36.871  36.181526     2.4976      8.545   195.6334 2.6018e+02     7.6675      1.026      1.488    24.0576 0.0000e+00
      1.054      0.022     6.9820     82.629     36.858  36.168931     2.4066      8.545   195.8400 2.5930e+02     7.5481      1.034      1.498    24.0572 0.0000e+00
      1.063      0.024     6.9618     82.615     36.835  36.144799     2.3412      8.545   195.6795 2.6012e+02     7.5232      1.044      1.513    24.0579 0.0000e+00
      1.068      0.024     6.9527     82.697     36.835  36.143551     2.3394      8.545   195.4994 2.5837e+02     7.6396      1.048      1.520    24.0582 0.0000e+00
      1.073      0.023     6.9531     82.836     36.846  36.153838     2.3772      8.546   195.3830 2.5835e+02     7.7256      1.051      1.525    24.0586 0.0000e+00
      1.079      0.022     6.9458     82.947     36.835  36.142276     2.4153      8.548   195.3906 2.5874e+02     7.6741      1.058      1.534    24.0594 0.0000e+00
      1.086      0.022     6.9423     83.009     36.825  36.130655     2.4169      8.548   195.5051 2.5370e+02     7.5645      1.066      1.546    24.0588 0.0000e+00
      1.091      0.022     6.9510     83.045     36.836  36.140223     2.4055      8.548   195.6489 2.5178e+02     7.5955      1.071      1.553    24.0563 0.0000e+00
      1.096      0.023     6.9668     83.061     36.828  36.131062     2.4437      8.549   195.6668 2.5288e+02     7.7421      1.073      1.557    24.0546 0.0000e+00
      1.101      0.025     6.9761     83.016     36.782  36.083334     2.4962      8.550   195.6358 2.4841e+02     7.7312      1.078      1.564    24.0537 0.0000e+00
      1.107      0.025     6.9805     82.910     36.772  36.070748     2.4979      8.551   195.5321 2.4414e+02     7.5667      1.085      1.574    24.0522 0.0000e+00
      1.115      0.025     6.9831     82.792     36.810  36.105787     2.4899      8.552   195.1879 2.4241e+02     7.4947      1.092      1.584    24.0502 0.0000e+00
      1.123      0.026     6.9869     82.663     36.833  36.126277     2.5075      8.552   194.9157 2.4093e+02     7.6114      1.102      1.598    24.0481 0.0000e+00
      1.130      0.026     6.9845     82.531     36.836  36.128139     2.5279      8.552   195.0806 2.3966e+02     7.8169      1.110      1.611    24.0446 0.0000e+00
      1.135      0.025     6.9720     82.429     36.836  36.128309     2.5200      8.552   195.4599 2.3661e+02     7.8616      1.112      1.613    24.0397 0.0000e+00
      1.140      0.024     6.9648     82.374     36.836  36.128325     2.4878      8.551   195.5442 2.3535e+02     7.7412      1.116      1.617    24.0366 0.0000e+00
      1.147      0.024     6.9531     82.352     36.836  36.128326     2.4711      8.551   195.1536 2.3544e+02     7.6594      1.125      1.632    24.0352 0.0000e+00
      1.155      0.025     6.9412     82.313     36.835  36.128326     2.4925      8.552   194.6944 2.3515e+02     7.6580      1.134      1.645    24.0333 0.0000e+00
      1.160      0.026     6.9322     82.240     36.835  36.128324     2.5308      8.553   194.6383 2.3607e+02     7.6903      1.137      1.649    24.0324 0.0000e+00
      1.165      0.026     6.9274     82.175     36.836  36.128309     2.5338      8.554   194.7336 2.3217e+02     7.6408      1.140      1.654    24.0332 0.0000e+00
      1.173      0.025     6.9279     82.180     36.836  36.128137     2.5038      8.554   194.6412 2.2602e+02     7.5028      1.150      1.667    24.0340 0.0000e+00
      1.181      0.025     6.9251     82.232     36.835  36.126251     2.5011      8.554   194.5547 2.2437e+02     7.4565      1.160      1.682    24.0345 0.0000e+00
      1.187      0.026     6.9179     82.253     36.815  36.105502     2.5429      8.554   194.4622 2.2637e+02     7.5591      1.164      1.688    24.0344 0.0000e+00
      1.192      0.026     6.9091     82.233     36.778  36.067605     2.5846      8.555   194.2964 2.2698e+02     7.6841      1.168      1.694    24.0333 0.0000e+00
      1.199      0.026     6.9109     82.231     36.759  36.048737     2.5889      8.556   194.2711 2.2236e+02     7.6711      1.175      1.704    24.0324 0.0000e+00
      1.206      0.027     6.9189     82.260     36.779  36.067718     2.5619      8.556   194.4150 2.1940e+02     7.5726      1.183      1.716    24.0318 0.0000e+00
      1.212      0.028     6.9212     82.300     36.819  36.106759     2.5418      8.557   194.5733 2.1797e+02     7.5859      1.188      1.723    24.0302 0.0000e+00
      1.220      0.028     6.9163     82.347     36.853  36.140080     2.5452      8.557   194.7225 2.1371e+02     7.6608      1.195      1.733    24.0288 0.0000e+00
      1.229      0.027     6.9163     82.373     36.867  36.153348     2.5452      8.558   194.9280 2.1105e+02     7.6929      1.206      1.750    24.0284 0.0000e+00
      1.236      0.025     6.9206     82.388     36.853  36.140276     2.5251      8.559   195.0794 2.0996e+02     7.5981      1.213      1.759    24.0275 0.0000e+00
      1.241      0.023     6.9225     82.427     36.821  36.108933     2.5098      8.560   195.0038 2.0801e+02     7.4361      1.217      1.765    24.0264 0.0000e+00
      1.246      0.021     6.9289     82.473     36.804  36.091630     2.5268      8.561   194.8739 2.0607e+02     7.4430      1.223      1.774    24.0261 0.0000e+00
      1.251      0.019     6.9304     82.505     36.834  36.121416     2.5561      8.562   195.1441 2.0454e+02     7.5101      1.227      1.781    24.0265 0.0000e+00
      1.255      0.018     6.9294     82.522     36.865  36.151830     2.5805      8.562   195.6040 2.0389e+02     7.4281      1.230      1.784    24.0278 0.0000e+00
      1.260      0.016     6.9341     82.511     36.855  36.142114     2.5972      8.564   195.7889 2.0420e+02     7.3053      1.235      1.791    24.0276 0.0000e+00
      1.265      0.015     6.9389     82.453     36.844  36.130839     2.6176      8.566   195.9171 2.0318e+02     7.3246      1.242      1.801    24.0265 0.0000e+00
      1.269      0.014     6.9409     82.358     36.856  36.142398     2.6511      8.566   195.9491 2.0052e+02     7.4211      1.245      1.805    24.0273 0.0000e+00
      1.271      0.012     6.9428     82.272     36.868  36.154976     2.6536      8.566   195.7461 1.9874e+02     7.4130      1.246      1.807    24.0279 0.0000e+00
