Data/DataNotYetUploadedToEDI/Raw_CTD/RawDownloads/080425_fcr40_S7809005.cnv
* Sea-Bird SBE19plus  Data File:
* FileName = C:\R\Reservoirs\Data\DataNotYetUploadedToEDI\Raw_CTD\RawDownloads\080425_fcr50_S7809_0005.hex
* Software version 2.8.0.119
* Temperature SN = 7809
* Conductivity SN = 7809
* System UpLoad Time = Aug 11 2025 16:39:17
* <ApplicationData>
* <Seaterm232>
# nquan = 15
# nvalues = 1671                        
# units = specified
# name 0 = depFM: Depth [fresh water, m]
# name 1 = dz/dtM: Descent Rate [m/s]
# name 2 = sbeox0Mg/L: Oxygen, SBE 43 [mg/l]
# name 3 = sbeox0PS: Oxygen, SBE 43 [% saturation]
# name 4 = specc: Specific Conductance [uS/cm]
# name 5 = c0uS/cm: Conductivity [uS/cm]
# name 6 = flECO-AFL: Fluorescence, WET Labs ECO-AFL/FL [mg/m^3]
# name 7 = ph: pH
# name 8 = orp: Oxidation Reduction Potential [mV]
# name 9 = par/sat/log: PAR/Logarithmic, Satlantic
# name 10 = turbWETntu0: Turbidity, WET Labs ECO [NTU]
# name 11 = prdM: Pressure, Strain Gauge [db]
# name 12 = prdE: Pressure, Strain Gauge [psi]
# name 13 = tv290C: Temperature [ITS-90, deg C]
# name 14 = flag:  0.000e+00
# span 0 =     -0.592,      5.939       
# span 1 =     -0.459,      0.200       
# span 2 =     0.0178,     8.0251       
# span 3 =      0.183,     96.585       
# span 4 =      2.178,     53.015       
# span 5 =   1.949220,  42.917270       
# span 6 =    -1.3695,   227.4639       
# span 7 =      7.976,      9.033       
# span 8 =   166.2123,   559.1367       
# span 9 = 1.2362e-01, 2.5852e+03       
# span 10 =    -2.0068,   932.0972      
# span 11 =     -0.582,      5.824      
# span 12 =     -0.844,      8.447      
# span 13 =    11.7421,    24.9187      
# span 14 = 0.0000e+00, 0.0000e+00      
# interval = seconds: 0.25
# start_time = Aug 04 2025 12:33:01 [Instrument's time stamp, header]
# bad_flag = -9.990e-29
*END*
[from data line 1157]
      4.210      0.032     0.0237      0.246     52.562  39.586270     1.0197      8.129   224.5534 1.1245e+00    20.1058      4.128      5.987    12.8239 0.0000e+00
      4.219      0.036     0.0244      0.251     52.084  39.174925     0.9820      8.129   224.5770 1.1091e+00    19.9381      4.136      5.999    12.7978 0.0000e+00
      4.230      0.038     0.0269      0.256     51.878  38.970622     0.9704      8.129   224.6072 1.0855e+00    19.9117      4.147      6.015    12.7588 0.0000e+00
      4.241      0.039     0.0276      0.276     51.911  38.956417     0.9458      8.127   224.6609 1.0662e+00    19.7522      4.160      6.033    12.7051 0.0000e+00
      4.253      0.037     0.0246      0.316     51.996  39.003120     0.8679      8.127   224.7105 1.0348e+00    19.2055      4.171      6.050    12.6506 0.0000e+00
      4.264      0.033     0.0278      0.400     52.022  39.027597     0.8026      8.127   224.7767 1.0127e+00    18.7661      4.182      6.066    12.6055 0.0000e+00
      4.273      0.028     0.0260      0.571     51.967  38.998525     0.7816      8.126   224.9450 1.0158e+00    18.6407      4.192      6.079    12.5548 0.0000e+00
      4.278      0.023     0.0290      0.851     51.837  38.905485     0.7796      8.124   225.1107 1.0074e+00    18.4754      4.197      6.087    12.5104 0.0000e+00
      4.282      0.019     0.0326      1.238     51.611  38.727658     0.7870      8.124   225.2311 9.9117e-01    18.2027      4.199      6.090    12.4942 0.0000e+00
      4.285      0.017     0.0387      1.678     51.331  38.498402     0.7793      8.124   225.3679 9.8451e-01    17.9739      4.202      6.095    12.5055 0.0000e+00
      4.287      0.016     0.0572      2.129     51.269  38.418118     0.7531      8.123   225.4747 9.8989e-01    17.7926      4.204      6.097    12.5237 0.0000e+00
      4.291      0.015     0.0854      2.570     51.453  38.518437     0.7448      8.123   225.4901 9.9432e-01    17.6846      4.207      6.101    12.5283 0.0000e+00
      4.298      0.012     0.1305      3.004     51.544  38.569026     0.7696      8.122   225.4679 9.7635e-01    17.6921      4.214      6.112    12.5176 0.0000e+00
      4.304      0.011     0.1783      3.483     51.482  38.522087     0.7953      8.122   225.4637 9.6631e-01    17.7806      4.223      6.124    12.5047 0.0000e+00
      4.306      0.011     0.2272      4.065     51.310  38.395123     0.7818      8.121   225.5259 9.8428e-01    17.7983      4.225      6.127    12.4678 0.0000e+00
      4.304      0.013     0.2757      4.759     50.945  38.112748     0.7562      8.121   225.6184 9.9768e-01    17.6674      4.220      6.120    12.4169 0.0000e+00
      4.302      0.018     0.3189      5.499     50.526  37.773171     0.7601      8.122   225.6358 9.8361e-01    17.5648      4.217      6.116    12.4042 0.0000e+00
      4.306      0.024     0.3676      6.192     50.331  37.589136     0.7789      8.122   225.6497 9.6232e-01    17.6166      4.221      6.123    12.4110 0.0000e+00
      4.316      0.030     0.4289      6.814     50.311  37.537457     0.8001      8.122   225.7003 9.4498e-01    17.7466      4.231      6.137    12.4147 0.0000e+00
      4.329      0.036     0.5060      7.463     50.253  37.465570     0.7991      8.121   225.8177 9.1709e-01    17.7712      4.246      6.158    12.4104 0.0000e+00
      4.341      0.038     0.5898      8.294     50.220  37.417941     0.7596      8.120   225.9495 8.9242e-01    17.7769      4.260      6.179    12.3827 0.0000e+00
      4.351      0.037     0.6662      9.452     50.399  37.532668     0.7225      8.120   226.0043 8.8570e-01    17.8831      4.266      6.188    12.3384 0.0000e+00
      4.359      0.032     0.7288     10.984     50.645  37.710483     0.7320      8.120   226.0498 8.7481e-01    17.9630      4.274      6.199    12.2979 0.0000e+00
      4.369      0.027     0.7919     12.790     50.743  37.791077     0.7666      8.119   226.0689 8.4955e-01    18.0252      4.286      6.216    12.2725 0.0000e+00
      4.375      0.023     0.8764     14.772     50.749  37.809100     0.7413      8.119   226.0636 8.3847e-01    17.9526      4.293      6.225    12.2503 0.0000e+00
      4.378      0.022     0.9967     16.824     50.636  37.738035     0.6595      8.118   226.0723 8.3876e-01    17.7004      4.293      6.227    12.2268 0.0000e+00
      4.380      0.023     1.1684     18.718     50.404  37.566422     0.6184      8.117   226.0877 8.3329e-01    17.5371      4.293      6.227    12.2215 0.0000e+00
      4.385      0.026     1.3650     20.186     50.272  37.447501     0.6429      8.116   226.1646 8.2844e-01    17.5841      4.299      6.236    12.2337 0.0000e+00
      4.392      0.029     1.5777     21.016     50.314  37.442377     0.6650      8.116   226.2266 8.2081e-01    17.6186      4.307      6.247    12.2474 0.0000e+00
      4.402      0.030     1.8085     21.212     50.438  37.504423     0.6275      8.116   226.2354 8.0683e-01    17.4428      4.316      6.260    12.2642 0.0000e+00
      4.413      0.029     2.0199     21.059     50.534  37.563095     0.5727      8.115   226.3565 7.9398e-01    17.3027      4.328      6.278    12.2725 0.0000e+00
      4.424      0.025     2.1885     20.917     50.560  37.580644     0.5607      8.115   226.4872 7.8695e-01    17.3932      4.339      6.294    12.2494 0.0000e+00
      4.430      0.020     2.2812     21.047     50.565  37.589696     0.5742      8.114   226.4384 7.8368e-01    17.4785      4.347      6.303    12.2025 0.0000e+00
      4.432      0.015     2.2900     21.515     50.572  37.609088     0.5938      8.112   226.4549 7.7923e-01    17.3099      4.348      6.305    12.1675 0.0000e+00
      4.431      0.013     2.2597     22.188     50.567  37.624744     0.6224      8.112   226.6017 7.7078e-01    17.0282      4.345      6.301    12.1609 0.0000e+00
      4.431      0.013     2.2340     22.893     50.500  37.588653     0.6299      8.114   226.5783 7.6376e-01    16.8728      4.344      6.300    12.1604 0.0000e+00
      4.434      0.018     2.2446     23.527     50.375  37.490013     0.6262      8.114   226.4296 7.5781e-01    16.9002      4.348      6.306    12.1631 0.0000e+00
      4.439      0.025     2.3010     23.952     50.275  37.383944     0.6269      8.114   226.4390 7.3947e-01    17.0187      4.353      6.313    12.1788 0.0000e+00
      4.447      0.033     2.3805     24.045     50.254  37.321453     0.6129      8.114   226.6051 7.2597e-01    17.1097      4.360      6.324    12.2005 0.0000e+00
      4.458      0.038     2.4561     23.837     50.292  37.305497     0.5905      8.114   226.7178 7.2129e-01    17.1118      4.372      6.340    12.2217 0.0000e+00
      4.470      0.039     2.5297     23.522     50.354  37.317892     0.5636      8.112   226.7685 6.9377e-01    17.0107      4.383      6.357    12.2196 0.0000e+00
      4.483      0.036     2.5852     23.444     50.417  37.344372     0.5706      8.110   226.7883 6.6776e-01    16.9120      4.397      6.377    12.1804 0.0000e+00
      4.495      0.031     2.5951     23.934     50.467  37.371812     0.6011      8.109   226.6983 6.6462e-01    16.8061      4.410      6.396    12.1277 0.0000e+00
      4.502      0.026     2.5703     25.129     50.502  37.395831     0.5994      8.109   226.6272 6.6676e-01    16.7203      4.417      6.406    12.0817 0.0000e+00
      4.505      0.025     2.5227     26.876     50.483  37.380957     0.5830      8.109   226.6172 6.6939e-01    16.7296      4.419      6.409    12.0477 0.0000e+00
      4.505      0.029     2.5011     28.793     50.406  37.318885     0.5610      8.109   226.5780 6.6805e-01    16.7128      4.416      6.405    12.0283 0.0000e+00
      4.508      0.036     2.5496     30.552     50.369  37.279879     0.5413      8.109   226.5825 6.5745e-01    16.6537      4.417      6.407    12.0216 0.0000e+00
      4.517      0.044     2.6821     31.968     50.404  37.290066     0.5452      8.108   226.6720 6.3894e-01    16.5616      4.425      6.419    12.0202 0.0000e+00
      4.535      0.048     2.8907     33.013     50.458  37.315117     0.5577      8.107   226.7999 6.1255e-01    16.5215      4.445      6.448    12.0216 0.0000e+00
      4.557      0.048     3.1079     33.834     50.489  37.328933     0.5348      8.106   226.9244 5.7890e-01    16.6126      4.471      6.485    12.0179 0.0000e+00
      4.574      0.043     3.3058     34.682     50.495  37.330189     0.4759      8.105   226.9729 5.5474e-01    16.7410      4.490      6.512    12.0043 0.0000e+00
      4.584      0.034     3.4614     35.749     50.500  37.330295     0.4531      8.104   226.9554 5.4544e-01    16.8444      4.500      6.526    11.9878 0.0000e+00
      4.586      0.024     3.5689     37.053     50.503  37.330220     0.4752      8.102   227.0576 5.4451e-01    16.8383      4.499      6.525    11.9700 0.0000e+00
      4.586      0.017     3.6482     38.532     50.505  37.329276     0.4770      8.099   227.2616 5.5045e-01    16.7348      4.496      6.521    11.9618 0.0000e+00
      4.587      0.016     3.7289     40.060     50.499  37.318873     0.4504      8.099   227.4433 5.5381e-01    16.6527      4.497      6.522    11.9617 0.0000e+00
      4.590      0.020     3.8476     41.483     50.532  37.331358     0.4360      8.099   227.5342 5.5509e-01    16.6999      4.500      6.527    11.9581 0.0000e+00
      4.596      0.024     3.9889     42.650     50.582  37.353302     0.4534      8.098   227.5867 5.5019e-01    16.8267      4.506      6.535    11.9548 0.0000e+00
      4.606      0.026     4.1546     43.450     50.567  37.330342     0.4862      8.097   227.7333 5.3679e-01    16.8540      4.517      6.550    11.9543 0.0000e+00
      4.616      0.026     4.3255     43.935     50.542  37.307563     0.4823      8.095   227.8442 5.3093e-01    16.8590      4.528      6.567    11.9504 0.0000e+00
      4.625      0.024     4.4857     44.314     50.572  37.331705     0.4481      8.095   227.8942 5.3470e-01    16.9560      4.538      6.581    11.9370 0.0000e+00
      4.629      0.021     4.6198     44.707     50.616  37.368416     0.4311      8.094   227.9939 5.3300e-01    17.0703      4.542      6.587    11.9198 0.0000e+00
      4.631      0.018     4.7057     45.060     50.613  37.370704     0.4428      8.093   228.1898 5.2137e-01    17.1815      4.541      6.586    11.9063 0.0000e+00
      4.633      0.015     4.7480     45.338     50.593  37.359374     0.4643      8.091   228.4552 5.1675e-01    17.1055      4.543      6.589    11.9013 0.0000e+00
      4.638      0.013     4.7814     45.526     50.588  37.358344     0.4573      8.090   228.6221 5.1586e-01    16.8340      4.548      6.597    11.9057 0.0000e+00
      4.643      0.013     4.8308     45.596     50.587  37.358251     0.4593      8.088   228.6592 5.0999e-01    16.7343      4.553      6.604    11.9109 0.0000e+00
      4.647      0.013     4.8671     45.544     50.586  37.358245     0.4801      8.087   228.6467 5.0259e-01    16.8220      4.558      6.611    11.9152 0.0000e+00
      4.650      0.012     4.8973     45.355     50.586  37.358270     0.4926      8.087   228.7282 4.9516e-01    16.9723      4.560      6.614    11.9204 0.0000e+00
      4.651      0.012     4.9193     45.037     50.586  37.358559     0.5105      8.086   228.8702 4.9520e-01    17.1166      4.561      6.615    11.9222 0.0000e+00
      4.653      0.013     4.9261     44.657     50.594  37.361742     0.5045      8.085   228.9008 4.9563e-01    17.1322      4.563      6.618    11.9220 0.0000e+00
      4.656      0.015     4.9214     44.292     50.652  37.396756     0.5035      8.085   228.9265 4.9153e-01    17.1608      4.566      6.623    11.9224 0.0000e+00
      4.661      0.018     4.9015     43.979     50.762  37.464620     0.5227      8.085   229.0944 4.8550e-01    17.2920      4.570      6.629    11.9235 0.0000e+00
      4.666      0.020     4.8637     43.764     50.808  37.484238     0.5210      8.085   229.2959 4.7828e-01    17.3522      4.575      6.636    11.9239 0.0000e+00
      4.672      0.020     4.8190     43.674     50.767  37.443558     0.4991      8.084   229.3840 4.7863e-01    17.2736      4.581      6.645    11.9223 0.0000e+00
      4.680      0.019     4.7808     43.701     50.737  37.416949     0.4577      8.083   229.4717 4.6860e-01    17.1620      4.589      6.656    11.9141 0.0000e+00
      4.686      0.017     4.7455     43.875     50.734  37.416336     0.4282      8.081   229.5817 4.4301e-01    17.1291      4.597      6.667    11.8994 0.0000e+00
      4.691      0.015     4.7231     44.243     50.755  37.436155     0.4419      8.080   229.6814 4.2416e-01    17.2171      4.601      6.673    11.8844 0.0000e+00
      4.691      0.013     4.7159     44.748     50.788  37.466210     0.4821      8.079   229.8164 4.1673e-01    17.3381      4.600      6.673    11.8720 0.0000e+00
      4.691      0.012     4.7187     45.268     50.776  37.462452     0.4976      8.079   229.9237 4.1442e-01    17.2942      4.599      6.671    11.8688 0.0000e+00
      4.694      0.015     4.7324     45.725     50.760  37.454179     0.4717      8.080   229.9463 4.1814e-01    17.1305      4.603      6.675    11.8729 0.0000e+00
      4.699      0.023     4.7748     46.073     50.816  37.493095     0.4601      8.080   229.9183 4.3074e-01    17.1697      4.609      6.685    11.8763 0.0000e+00
      4.703      0.037     4.8357     46.296     50.911  37.552250     0.4825      8.081   229.9287 4.2790e-01    17.4268      4.613      6.690    11.8814 0.0000e+00
      4.708      0.049     4.8921     46.391     50.996  37.598285     0.5013      8.081   230.0719 4.0568e-01    17.5746      4.614      6.693    11.8876 0.0000e+00
      4.721      0.057     4.9441     46.376     51.028  37.605476     0.4965      8.080   230.3591 3.8661e-01    17.5219      4.625      6.708    11.8920 0.0000e+00
      4.746      0.058     4.9813     46.342     51.002  37.575714     0.4570      8.080   230.5620 3.7291e-01    17.4731      4.653      6.748    11.8922 0.0000e+00
      4.774      0.053     5.0067     46.397     50.981  37.555717     0.4147      8.079   230.6322 3.5511e-01    17.5991      4.687      6.799    11.8801 0.0000e+00
      4.791      0.043     5.0200     46.602     50.975  37.554064     0.4185      8.078   230.6926 3.3853e-01    17.7816      4.705      6.825    11.8602 0.0000e+00
      4.796      0.030     5.0157     46.977     50.966  37.555730     0.4200      8.076   230.7758 3.2515e-01    17.7671      4.704      6.823    11.8428 0.0000e+00
      4.794      0.017     5.0087     47.476     50.981  37.575862     0.3900      8.076   230.9503 3.1330e-01    17.6283      4.701      6.818    11.8319 0.0000e+00
      4.791      0.011     5.0133     47.977     51.014  37.607117     0.3808      8.077   231.0804 3.1986e-01    17.5728      4.699      6.814    11.8275 0.0000e+00
      4.791      0.013     5.0342     48.398     51.024  37.616352     0.4008      8.077   231.1448 3.2631e-01    17.6420      4.697      6.812    11.8307 0.0000e+00
      4.794      0.020     5.0742     48.696     51.042  37.624071     0.4241      8.076   231.2980 3.1003e-01    17.7477      4.700      6.817    11.8405 0.0000e+00
      4.800      0.028     5.1344     48.838     51.072  37.636983     0.4211      8.075   231.4704 2.9540e-01    17.7575      4.705      6.824    11.8505 0.0000e+00
      4.811      0.035     5.1899     48.849     51.095  37.645545     0.3887      8.075   231.5948 2.8839e-01    17.7261      4.716      6.841    11.8585 0.0000e+00
      4.826      0.040     5.2355     48.786     51.128  37.664118     0.3737      8.075   231.6843 2.7204e-01    17.7434      4.734      6.866    11.8616 0.0000e+00
      4.838      0.044     5.2719     48.705     51.146  37.671168     0.3986      8.074   231.6914 2.6005e-01    17.8307      4.748      6.885    11.8549 0.0000e+00
      4.845      0.045     5.2862     48.642     51.149  37.667330     0.4149      8.073   231.5945 2.5862e-01    17.8935      4.751      6.891    11.8432 0.0000e+00
