Data/DataNotYetUploadedToEDI/Raw_CTD/RawDownloads/080425_fcr40_S7809005.cnv
* Sea-Bird SBE19plus  Data File:
* FileName = C:\R\Reservoirs\Data\DataNotYetUploadedToEDI\Raw_CTD\RawDownloads\080425_fcr50_S7809_0005.hex
* Software version 2.8.0.119
* Temperature SN = 7809
* Conductivity SN = 7809
* System UpLoad Time = Aug 11 2025 16:39:17
* <ApplicationData>
* <Seaterm232>
# nquan = 15
# nvalues = 1671                        
# units = specified
# name 0 = depFM: Depth [fresh water, m]
# name 1 = dz/dtM: Descent Rate [m/s]
# name 2 = sbeox0Mg/L: Oxygen, SBE 43 [mg/l]
# name 3 = sbeox0PS: Oxygen, SBE 43 [% saturation]
# name 4 = specc: Specific Conductance [uS/cm]
# name 5 = c0uS/cm: Conductivity [uS/cm]
# name 6 = flECO-AFL: Fluorescence, WET Labs ECO-AFL/FL [mg/m^3]
# name 7 = ph: pH
# name 8 = orp: Oxidation Reduction Potential [mV]
# name 9 = par/sat/log: PAR/Logarithmic, Satlantic
# name 10 = turbWETntu0: Turbidity, WET Labs ECO [NTU]
# name 11 = prdM: Pressure, Strain Gauge [db]
# name 12 = prdE: Pressure, Strain Gauge [psi]
# name 13 = tv290C: Temperature [ITS-90, deg C]
# name 14 = flag:  0.000e+00
# span 0 =     -0.592,      5.939       
# span 1 =     -0.459,      0.200       
# span 2 =     0.0178,     8.0251       
# span 3 =      0.183,     96.585       
# span 4 =      2.178,     53.015       
# span 5 =   1.949220,  42.917270       
# span 6 =    -1.3695,   227.4639       
# span 7 =      7.976,      9.033       
# span 8 =   166.2123,   559.1367       
# span 9 = 1.2362e-01, 2.5852e+03       
# span 10 =    -2.0068,   932.0972      
# span 11 =     -0.582,      5.824      
# span 12 =     -0.844,      8.447      
# span 13 =    11.7421,    24.9187      
# span 14 = 0.0000e+00, 0.0000e+00      
# interval = seconds: 0.25
# start_time = Aug 04 2025 12:33:01 [Instrument's time stamp, header]
# bad_flag = -9.990e-29
*END*
[from data line 386]
      0.476      0.045     7.4542     88.985     36.507  35.894223     2.1659      8.973   189.7153 3.0553e+02     4.1520      0.468      0.679    24.1831 0.0000e+00
      0.488      0.045     7.4455     89.167     36.510  35.893088     2.2122      8.973   189.9106 2.9068e+02     4.0630      0.482      0.698    24.1757 0.0000e+00
      0.497      0.045     7.4417     89.248     36.532  35.910867     2.2321      8.973   190.1256 2.7300e+02     3.9820      0.487      0.707    24.1672 0.0000e+00
      0.503      0.045     7.4477     89.178     36.543  35.918824     2.2154      8.974   190.2502 2.6264e+02     3.9926      0.492      0.714    24.1603 0.0000e+00
      0.512      0.044     7.4684     88.964     36.555  35.925841     2.1844      8.976   190.3845 2.5672e+02     3.9869      0.500      0.725    24.1546 0.0000e+00
      0.527      0.041     7.4880     88.701     36.567  35.932253     2.1896      8.976   190.6315 2.4651e+02     4.0154      0.515      0.746    24.1484 0.0000e+00
      0.545      0.038     7.4957     88.457     36.573  35.932888     2.2124      8.976   190.8265 2.4202e+02     4.0289      0.538      0.779    24.1440 0.0000e+00
      0.557      0.034     7.4919     88.212     36.577  35.933514     2.2350      8.976   190.8493 2.4223e+02     3.9464      0.550      0.798    24.1417 0.0000e+00
      0.561      0.032     7.4699     87.972     36.587  35.939821     2.2634      8.977   190.9083 2.5218e+02     3.9056      0.550      0.798    24.1350 0.0000e+00
      0.561      0.032     7.4466     87.760     36.596  35.945695     2.2810      8.977   191.1956 2.8046e+02     3.9803      0.550      0.797    24.1254 0.0000e+00
      0.565      0.035     7.4297     87.545     36.594  35.941071     2.3069      8.976   191.3974 3.2601e+02     4.0971      0.552      0.800    24.1181 0.0000e+00
      0.574      0.041     7.4091     87.310     36.604  35.947369     2.3096      8.976   191.4545 3.6059e+02     4.0888      0.561      0.813    24.1133 0.0000e+00
      0.589      0.048     7.3878     87.080     36.619  35.958385     2.2639      8.976   191.6285 3.4405e+02     3.9481      0.576      0.836    24.1101 0.0000e+00
      0.607      0.053     7.3718     86.827     36.612  35.947359     2.2454      8.976   191.8663 3.2099e+02     3.8991      0.595      0.864    24.1064 0.0000e+00
      0.624      0.054     7.3564     86.489     36.608  35.940948     2.2687      8.976   192.0931 3.2234e+02     4.0426      0.613      0.888    24.1016 0.0000e+00
      0.638      0.052     7.3341     86.068     36.614  35.944314     2.2872      8.976   192.2195 3.2319e+02     4.1806      0.627      0.908    24.0967 0.0000e+00
      0.650      0.047     7.3174     85.666     36.596  35.924605     2.2786      8.976   192.2760 3.2828e+02     4.0986      0.638      0.926    24.0919 0.0000e+00
      0.659      0.042     7.2990     85.381     36.566  35.892985     2.2477      8.976   192.4322 3.2311e+02     3.9050      0.647      0.938    24.0875 0.0000e+00
      0.669      0.038     7.2719     85.231     36.555  35.879245     2.2381      8.976   192.6454 3.0307e+02     3.8889      0.655      0.951    24.0834 0.0000e+00
      0.679      0.034     7.2331     85.196     36.564  35.885371     2.2461      8.975   192.7895 2.9529e+02     3.9720      0.667      0.967    24.0796 0.0000e+00
      0.688      0.031     7.1951     85.212     36.584  35.903606     2.2616      8.974   192.8832 2.9553e+02     3.9885      0.676      0.979    24.0766 0.0000e+00
      0.695      0.029     7.1733     85.222     36.590  35.909363     2.2919      8.974   193.0039 2.9584e+02     3.9852      0.682      0.989    24.0731 0.0000e+00
      0.702      0.029     7.1600     85.243     36.573  35.891538     2.2963      8.974   193.1306 2.9826e+02     3.9324      0.688      0.998    24.0695 0.0000e+00
      0.707      0.030     7.1604     85.293     36.561  35.878433     2.2978      8.973   193.2109 3.0756e+02     3.9311      0.693      1.005    24.0671 0.0000e+00
      0.713      0.032     7.1647     85.344     36.561  35.877810     2.3014      8.972   193.2859 3.2937e+02     4.0029      0.697      1.012    24.0651 0.0000e+00
      0.722      0.034     7.1636     85.296     36.569  35.883993     2.2734      8.972   193.4350 3.5103e+02     3.9810      0.707      1.025    24.0634 0.0000e+00
      0.734      0.035     7.1658     85.093     36.575  35.889741     2.2519      8.972   193.5511 3.5354e+02     3.9050      0.721      1.044    24.0624 0.0000e+00
      0.745      0.035     7.1692     84.783     36.570  35.883863     2.2399      8.972   193.5720 3.2894e+02     3.9045      0.732      1.062    24.0613 0.0000e+00
      0.754      0.034     7.1790     84.505     36.564  35.876364     2.2702      8.972   193.6872 3.0544e+02     4.0432      0.740      1.074    24.0597 0.0000e+00
      0.761      0.032     7.1767     84.394     36.551  35.862530     2.3428      8.971   193.9117 2.9994e+02     4.1808      0.746      1.081    24.0579 0.0000e+00
      0.769      0.029     7.1577     84.417     36.532  35.843495     2.3780      8.971   194.0484 3.0876e+02     4.1684      0.754      1.094    24.0567 0.0000e+00
      0.777      0.027     7.1295     84.605     36.526  35.836560     2.3791      8.971   194.0496 3.2665e+02     4.1323      0.763      1.107    24.0556 0.0000e+00
      0.782      0.027     7.0965     85.001     36.533  35.842117     2.3801      8.971   194.0133 3.3177e+02     4.1205      0.768      1.113    24.0544 0.0000e+00
      0.787      0.026     7.0949     85.502     36.539  35.847242     2.3912      8.971   194.0397 3.2943e+02     4.0939      0.771      1.118    24.0533 0.0000e+00
      0.794      0.023     7.0941     86.035     36.528  35.835072     2.3805      8.971   194.1962 3.3116e+02     4.0495      0.778      1.129    24.0521 0.0000e+00
      0.804      0.021     7.1051     86.528     36.516  35.821872     2.3424      8.970   194.3572 3.2784e+02     3.9592      0.790      1.144    24.0512 0.0000e+00
      0.810      0.020     7.1467     86.892     36.509  35.814535     2.3296      8.970   194.4372 3.3581e+02     3.9242      0.796      1.155    24.0498 0.0000e+00
      0.812      0.020     7.1885     87.114     36.504  35.809806     2.3515      8.969   194.6472 3.5761e+02     4.0705      0.796      1.154    24.0474 0.0000e+00
      0.813      0.019     7.2362     87.243     36.523  35.828151     2.3817      8.969   194.8307 3.5362e+02     4.2591      0.796      1.155    24.0455 0.0000e+00
      0.817      0.019     7.2814     87.284     36.542  35.845984     2.3870      8.969   194.7633 3.2560e+02     4.2576      0.800      1.161    24.0444 0.0000e+00
      0.825      0.020     7.3124     87.249     36.531  35.835083     2.3652      8.969   194.7787 3.1788e+02     4.1207      0.809      1.173    24.0435 0.0000e+00
      0.832      0.022     7.3283     87.211     36.519  35.823236     2.3679      8.969   195.0169 3.3531e+02     4.0385      0.816      1.183    24.0428 0.0000e+00
      0.837      0.024     7.3398     87.223     36.525  35.829637     2.3947      8.970   195.2354 3.5129e+02     4.0497      0.821      1.190    24.0422 0.0000e+00
      0.843      0.025     7.3440     87.258     36.544  35.849041     2.4064      8.970   195.2684 3.4904e+02     4.0848      0.827      1.199    24.0414 0.0000e+00
      0.849      0.026     7.3377     87.311     36.563  35.867494     2.4006      8.970   195.2449 3.2895e+02     4.0529      0.832      1.207    24.0410 0.0000e+00
      0.854      0.028     7.3322     87.372     36.559  35.862406     2.4247      8.970   195.2946 3.1980e+02     4.0399      0.837      1.215    24.0409 0.0000e+00
      0.861      0.030     7.3355     87.326     36.549  35.850974     2.5149      8.969   195.3535 3.3023e+02     4.1671      0.843      1.223    24.0418 0.0000e+00
      0.871      0.030     7.3386     87.175     36.556  35.856167     2.6008      8.969   195.4404 3.3902e+02     4.2928      0.854      1.238    24.0431 0.0000e+00
      0.880      0.030     7.3403     87.091     36.565  35.861742     2.6307      8.969   195.5710 3.3316e+02     4.3295      0.864      1.254    24.0435 0.0000e+00
      0.889      0.029     7.3527     87.118     36.560  35.854917     2.5940      8.970   195.6416 3.1218e+02     4.2358      0.872      1.265    24.0425 0.0000e+00
      0.896      0.027     7.3503     87.174     36.544  35.837093     2.5142      8.970   195.6056 3.1508e+02     4.0818      0.879      1.275    24.0398 0.0000e+00
      0.902      0.024     7.3283     87.249     36.545  35.836582     2.4815      8.969   195.6521 3.5362e+02     4.0738      0.884      1.283    24.0359 0.0000e+00
      0.907      0.022     7.3214     87.354     36.558  35.848734     2.4988      8.969   195.8598 3.6337e+02     4.0708      0.888      1.290    24.0324 0.0000e+00
      0.912      0.020     7.3291     87.421     36.567  35.857121     2.5058      8.970   195.9662 3.2931e+02     3.9426      0.894      1.297    24.0297 0.0000e+00
      0.917      0.020     7.3334     87.373     36.586  35.874539     2.4910      8.971   195.9065 3.1712e+02     3.8558      0.900      1.305    24.0275 0.0000e+00
      0.921      0.020     7.3378     87.159     36.581  35.868989     2.4782      8.971   195.9118 3.3770e+02     3.9093      0.903      1.310    24.0256 0.0000e+00
      0.926      0.021     7.3507     86.771     36.567  35.853464     2.4849      8.971   195.9448 3.3547e+02     4.0092      0.908      1.316    24.0243 0.0000e+00
      0.932      0.021     7.3583     86.305     36.592  35.877172     2.4893      8.972   195.9598 3.1172e+02     4.0043      0.914      1.325    24.0235 0.0000e+00
      0.938      0.022     7.3556     85.863     36.618  35.901832     2.4729      8.972   196.0936 3.0703e+02     3.9192      0.919      1.333    24.0224 0.0000e+00
      0.944      0.022     7.3399     85.499     36.614  35.897833     2.4617      8.972   196.3582 3.2432e+02     3.8674      0.925      1.342    24.0209 0.0000e+00
      0.950      0.022     7.3026     85.221     36.609  35.892274     2.4706      8.972   196.5792 3.2682e+02     3.8906      0.932      1.351    24.0194 0.0000e+00
      0.955      0.022     7.2607     85.004     36.616  35.898066     2.4795      8.972   196.5280 2.9949e+02     3.9261      0.936      1.358    24.0177 0.0000e+00
      0.960      0.021     7.2223     84.832     36.623  35.904413     2.4694      8.972   196.4274 2.8201e+02     3.8876      0.941      1.365    24.0164 0.0000e+00
      0.966      0.020     7.1910     84.669     36.625  35.905567     2.4492      8.972   196.4813 2.9419e+02     3.8343      0.947      1.374    24.0157 0.0000e+00
      0.971      0.020     7.1697     84.495     36.633  35.912017     2.4348      8.972   196.5775 3.0301e+02     3.8284      0.953      1.382    24.0151 0.0000e+00
      0.976      0.020     7.1508     84.378     36.642  35.918944     2.4449      8.973   196.6443 2.8892e+02     3.8845      0.957      1.388    24.0146 0.0000e+00
      0.980      0.019     7.1380     84.383     36.651  35.925867     2.4714      8.973   196.6009 2.8011e+02     4.0004      0.961      1.394    24.0133 0.0000e+00
      0.985      0.018     7.1263     84.408     36.658  35.932269     2.4558      8.973   196.5689 3.0013e+02     4.0339      0.966      1.401    24.0118 0.0000e+00
      0.991      0.016     7.1092     84.299     36.660  35.932902     2.4148      8.973   196.6011 3.2538e+02     3.9482      0.972      1.410    24.0101 0.0000e+00
      0.996      0.014     7.0954     84.046     36.661  35.933527     2.4157      8.975   196.6458 3.1485e+02     3.9542      0.978      1.418    24.0077 0.0000e+00
      0.999      0.012     7.1002     83.681     36.669  35.939815     2.4338      8.975   196.7654 2.8597e+02     4.0051      0.981      1.423    24.0053 0.0000e+00
      1.001      0.010     7.1106     83.282     36.675  35.945480     2.4254      8.974   196.9289 2.7963e+02     3.9143      0.982      1.424    24.0035 0.0000e+00
      1.002      0.008     7.0984     82.963     36.668  35.938573     2.3984      8.974   196.9880 2.9520e+02     3.7781      0.982      1.424    24.0025 0.0000e+00
      1.003      0.008     7.0776     82.724     36.649  35.919747     2.3729      8.975   196.8779 3.1442e+02     3.6907      0.983      1.426    24.0015 0.0000e+00
      1.006      0.009     7.0452     82.530     36.638  35.908210     2.3914      8.975   196.8023 3.1506e+02     3.7456      0.986      1.429    24.0004 0.0000e+00
      1.009      0.010     7.0055     82.394     36.656  35.925976     2.4399      8.974   196.9338 3.0235e+02     3.9637      0.990      1.435    24.0000 0.0000e+00
      1.011      0.012     6.9805     82.309     36.675  35.944211     2.4596      8.974   197.0918 2.9040e+02     4.0732      0.992      1.439    23.9999 0.0000e+00
      1.013      0.014     6.9623     82.231     36.669  35.938338     2.4461      8.974   197.0775 2.7155e+02     3.9771      0.994      1.441    23.9993 0.0000e+00
      1.016      0.016     6.9448     82.131     36.649  35.918415     2.4185      8.975   197.1052 2.6130e+02     3.9972      0.997      1.445    23.9988 0.0000e+00
      1.021      0.017     6.9330     81.973     36.623  35.893670     2.4087      8.976   197.2542 2.6970e+02     4.2135      1.001      1.452    23.9985 0.0000e+00
      1.027      0.018     6.9286     81.763     36.622  35.892943     2.4025      8.976   197.3298 2.7652e+02     4.2691      1.007      1.461    23.9983 0.0000e+00
      1.033      0.018     6.9216     81.574     36.639  35.909633     2.3851      8.976   197.3314 2.7847e+02     4.1241      1.012      1.470    23.9978 0.0000e+00
      1.038      0.018     6.9151     81.450     36.635  35.905112     2.3813      8.976   197.3604 2.8503e+02     4.0310      1.018      1.476    23.9978 0.0000e+00
      1.042      0.018     6.9023     81.397     36.632  35.901727     2.4149      8.976   197.4215 2.8901e+02     4.0319      1.022      1.483    23.9980 0.0000e+00
      1.044      0.019     6.8806     81.456     36.663  35.932155     2.4834      8.977   197.4678 2.7956e+02     4.0663      1.024      1.486    23.9980 0.0000e+00
      1.048      0.020     6.8641     81.679     36.688  35.955765     2.5021      8.977   197.4907 2.5982e+02     4.0364      1.026      1.489    23.9980 0.0000e+00
      1.053      0.022     6.8540     82.030     36.667  35.933404     2.4658      8.978   197.5265 2.4577e+02     3.9103      1.032      1.497    23.9976 0.0000e+00
      1.061      0.024     6.8488     82.395     36.651  35.915580     2.4367      8.979   197.5560 2.4625e+02     3.8737      1.040      1.509    23.9970 0.0000e+00
      1.069      0.024     6.8506     82.657     36.669  35.930597     2.4329      8.979   197.5035 2.5192e+02     4.0380      1.048      1.520    23.9968 0.0000e+00
      1.076      0.023     6.8707     82.707     36.664  35.924626     2.4527      8.979   197.4941 2.5238e+02     4.2234      1.056      1.531    23.9962 0.0000e+00
      1.082      0.020     6.9051     82.525     36.645  35.906829     2.4437      8.979   197.6138 2.4510e+02     4.2359      1.062      1.541    23.9944 0.0000e+00
      1.086      0.018     6.9391     82.250     36.642  35.905769     2.4233      8.979   197.6608 2.3502e+02     4.1219      1.065      1.545    23.9911 0.0000e+00
      1.089      0.017     6.9651     82.025     36.647  35.911819     2.4390      8.979   197.6316 2.2768e+02     3.9715      1.068      1.549    23.9872 0.0000e+00
      1.092      0.017     6.9722     81.855     36.650  35.916524     2.4679      8.980   197.6911 2.2712e+02     3.9199      1.070      1.552    23.9851 0.0000e+00
      1.096      0.018     6.9501     81.698     36.631  35.899209     2.4973      8.981   197.6923 2.3158e+02     4.0451      1.074      1.558    23.9864 0.0000e+00
