Data/DataNotYetUploadedToEDI/Raw_CTD/RawDownloads/080425_fcr10_S7809002.cnv
* Sea-Bird SBE19plus  Data File:
* FileName = C:\R\Reservoirs\Data\DataNotYetUploadedToEDI\Raw_CTD\RawDownloads\080425_fcr50_S7809_0002.hex
* Software version 2.8.0.119
* Temperature SN = 7809
* Conductivity SN = 7809
* System UpLoad Time = Aug 11 2025 16:37:27
* <ApplicationData>
* <Seaterm232>
# nquan = 15
# nvalues = 985                         
# units = specified
# name 0 = depFM: Depth [fresh water, m]
# name 1 = dz/dtM: Descent Rate [m/s]
# name 2 = sbeox0Mg/L: Oxygen, SBE 43 [mg/l]
# name 3 = sbeox0PS: Oxygen, SBE 43 [% saturation]
# name 4 = specc: Specific Conductance [uS/cm]
# name 5 = c0uS/cm: Conductivity [uS/cm]
# name 6 = flECO-AFL: Fluorescence, WET Labs ECO-AFL/FL [mg/m^3]
# name 7 = ph: pH
# name 8 = orp: Oxidation Reduction Potential [mV]
# name 9 = par/sat/log: PAR/Logarithmic, Satlantic
# name 10 = turbWETntu0: Turbidity, WET Labs ECO [NTU]
# name 11 = prdM: Pressure, Strain Gauge [db]
# name 12 = prdE: Pressure, Strain Gauge [psi]
# name 13 = tv290C: Temperature [ITS-90, deg C]
# name 14 = flag:  0.000e+00
# span 0 =     -0.596,      2.182       
# span 1 =     -0.565,      0.159       
# span 2 =     4.7479,     8.6467       
# span 3 =     57.255,    103.314       
# span 4 =     -9.491,     38.160       
# span 5 =  -9.313984,  36.707877       
# span 6 =    -0.0385,   233.8003       
# span 7 =     -2.106,      8.860       
# span 8 = -1240.7455,   369.7260       
# span 9 = 7.2783e+01, 2.0286e+03       
# span 10 =    -1.2841,   134.9693      
# span 11 =     -0.585,      2.140      
# span 12 =     -0.848,      3.104      
# span 13 =    23.0163,    24.9726      
# span 14 = 0.0000e+00, 0.0000e+00      
# interval = seconds: 0.25
# start_time = Aug 04 2025 12:05:39 [Instrument's time stamp, header]
# bad_flag = -9.990e-29
*END*
[from data line 868]
      2.164      0.014     6.6549     77.356     38.110  36.676959    25.1281      8.778   198.0371 7.4840e+01    65.5160      2.122      3.077    23.1578 0.0000e+00
      2.168      0.014     6.6465     77.199     38.120  36.683406     2.6272      8.778   198.1256 7.4574e+01    41.1717      2.126      3.083    23.1331 0.0000e+00
      2.170      0.013     6.6393     77.053     38.107  36.658926     0.5933      8.778   198.0616 7.4234e+01    38.2139      2.128      3.086    23.1146 0.0000e+00
      2.173      0.011     6.6335     76.918     38.103  36.634764     0.3121      8.777   197.9523 7.3805e+01    29.6854      2.130      3.090    23.1105 0.0000e+00
      2.176      0.009     6.6213     76.735     38.135  36.645040     0.1009      8.776   198.0079 7.3432e+01    14.5022      2.134      3.095    23.1161 0.0000e+00
      2.179      0.008     6.6062     76.488     38.160  36.656242     0.0043      8.775   198.1318 7.3103e+01     6.3372      2.137      3.100    23.1152 0.0000e+00
      2.181      0.006     6.5954     76.234     38.150  36.643272     0.0338      8.774   198.3315 7.2863e+01     5.6023      2.138      3.102    23.0979 0.0000e+00
      2.182      0.004     6.5903     76.012     38.119  36.615125     0.0338      8.773   198.5302 7.2795e+01     4.8991      2.139      3.103    23.0678 0.0000e+00
      2.182      0.002     6.5799     75.843     38.070  36.569736    -0.0117      8.772   198.5550 7.2783e+01     3.7779      2.140      3.104    23.0381 0.0000e+00
      2.182     -0.001     6.5571     75.736     37.970  36.475194    -0.0264      8.771   198.4597 7.2796e+01     3.2500      2.140      3.104    23.0192 0.0000e+00
      2.182     -0.006     6.5357     75.673     37.778  36.296893    -0.0028      8.769   198.4967 7.2878e+01     3.3666      2.140      3.104    23.0163 0.0000e+00
      2.181     -0.016     6.5149     75.641     37.452  36.000193     0.0243      8.767   198.6577 7.2984e+01     4.1287      2.139      3.103    23.0236 0.0000e+00
      2.180     -0.033     6.4992     75.641     37.081  35.679659     0.1853      8.765   198.7716 7.3251e+01    12.0893      2.139      3.103    23.0264 0.0000e+00
      2.176     -0.054     6.4921     75.749     36.866  35.530423     0.4878      8.763   198.8410 7.4155e+01    26.7895      2.136      3.099    23.0229 0.0000e+00
      2.163     -0.076     6.4855     76.099     36.797  35.528313     0.6516      8.761   198.8950 7.6496e+01    34.9832      2.126      3.085    23.0295 0.0000e+00
      2.137     -0.095     6.4816     76.764     36.745  35.527350     0.7016      8.759   198.9944 8.0365e+01    37.0670      2.099      3.046    23.0484 0.0000e+00
      2.100     -0.109     6.4739     77.729     36.706  35.518847     1.0339      8.759   199.1814 8.4703e+01    51.1990      2.059      2.987    23.0909 0.0000e+00
      2.063     -0.115     6.4669     78.865     36.724  35.552445     1.6064      8.758   199.3498 8.8741e+01    76.8306      2.022      2.933    23.1787 0.0000e+00
      2.030     -0.115     6.4823     79.962     36.783  35.616354     1.9226      8.758   199.3101 9.2092e+01    90.7128      1.988      2.884    23.2816 0.0000e+00
      2.003     -0.113     6.5312     80.885     36.828  35.657090     1.9687      8.758   199.1307 9.4537e+01    90.9495      1.961      2.844    23.3493 0.0000e+00
      1.982     -0.109     6.6123     81.579     36.845  35.664287     2.0299      8.758   199.0745 9.6996e+01    78.9067      1.945      2.821    23.3826 0.0000e+00
      1.960     -0.106     6.7151     81.975     36.829  35.639912     2.1304      8.758   199.1460 1.0077e+02    56.4642      1.926      2.793    23.4032 0.0000e+00
      1.930     -0.106     6.8105     82.035     36.809  35.616159     2.1768      8.758   199.1351 1.0540e+02    44.0610      1.893      2.746    23.4148 0.0000e+00
      1.898     -0.109     6.8899     81.791     36.829  35.630883     2.1915      8.758   199.0287 1.0946e+02    42.5545      1.859      2.697    23.4097 0.0000e+00
      1.870     -0.115     6.9548     81.387     36.829  35.627582     2.2660      8.758   199.0640 1.1297e+02    38.5568      1.833      2.658    23.3916 0.0000e+00
      1.844     -0.122     6.9905     80.966     36.778  35.576237     2.3695      8.758   199.2176 1.1678e+02    31.2173      1.809      2.624    23.3787 0.0000e+00
      1.816     -0.128     6.9967     80.589     36.714  35.517674     2.4028      8.758   199.3381 1.2173e+02    27.0849      1.783      2.586    23.3740 0.0000e+00
      1.784     -0.133     6.9709     80.292     36.678  35.490545     2.3774      8.758   199.4016 1.2822e+02    26.3385      1.752      2.541    23.3692 0.0000e+00
      1.745     -0.138     6.9320     80.128     36.681  35.502028     2.3706      8.759   199.3833 1.3562e+02    23.5242      1.712      2.483    23.3638 0.0000e+00
      1.703     -0.138     6.8962     80.144     36.703  35.529624     2.3787      8.760   199.3743 1.4309e+02    18.5409      1.669      2.421    23.3591 0.0000e+00
      1.664     -0.135     6.8623     80.312     36.743  35.570422     2.3762      8.761   199.3790 1.5014e+02    15.7874      1.630      2.364    23.3623 0.0000e+00
      1.630     -0.128     6.8340     80.542     36.789  35.614623     2.3651      8.763   199.3540 1.5650e+02    15.4426      1.596      2.315    23.3763 0.0000e+00
      1.600     -0.119     6.8157     80.741     36.798  35.619918     2.3441      8.764   199.3315 1.6245e+02    15.2250      1.568      2.274    23.3898 0.0000e+00
      1.574     -0.110     6.8173     80.877     36.753  35.570987     2.3721      8.765   199.2780 1.6830e+02    14.4890      1.543      2.238    23.3975 0.0000e+00
      1.548     -0.105     6.8344     80.966     36.648  35.467138     2.4704      8.766   199.1370 1.7483e+02    13.3072      1.519      2.203    23.4015 0.0000e+00
      1.522     -0.104     6.8572     81.018     35.964  34.808437     2.5175      8.768   199.0041 1.8195e+02    12.6177      1.492      2.165    23.4008 0.0000e+00
      1.496     -0.108     6.8760     81.041     35.333  34.204862     2.5006      8.770   198.9624 1.8855e+02    12.4044      1.465      2.125    23.3956 0.0000e+00
      1.472     -0.115     6.8874     81.069     35.904  34.767544     2.5068      8.772   198.8906 1.9545e+02    11.8897      1.444      2.094    23.3858 0.0000e+00
      1.445     -0.124     6.8955     81.144     36.543  35.394313     2.5505      8.774   198.8243 2.0350e+02    11.1087      1.420      2.060    23.3803 0.0000e+00
      1.411     -0.133     6.8994     81.278     36.583  35.438706     2.5961      8.776   198.8490 2.1286e+02    10.7156      1.385      2.009    23.3860 0.0000e+00
      1.373     -0.142     6.8986     81.466     36.570  35.431204     2.6007      8.778   198.8441 2.2443e+02    10.6209      1.347      1.953    23.3972 0.0000e+00
      1.333     -0.147     6.8976     81.711     36.563  35.430512     2.5727      8.781   198.7655 2.3870e+02    10.2020      1.307      1.896    23.4120 0.0000e+00
      1.293     -0.148     6.9019     81.999     36.558  35.430344     2.5494      8.783   198.6728 2.5361e+02     9.4772      1.267      1.837    23.4245 0.0000e+00
      1.254     -0.144     6.9134     82.294     36.553  35.429184     2.5525      8.785   198.5841 2.6930e+02     9.0652      1.231      1.785    23.4302 0.0000e+00
      1.216     -0.138     6.9279     82.555     36.534  35.416487     2.5846      8.787   198.5536 2.8420e+02     9.1140      1.191      1.728    23.4359 0.0000e+00
      1.182     -0.131     6.9478     82.744     36.512  35.403733     2.6213      8.788   198.5616 2.9237e+02     9.4189      1.156      1.676    23.4468 0.0000e+00
      1.152     -0.126     6.9726     82.897     36.503  35.401892     2.6469      8.791   198.5953 2.9933e+02     9.8823      1.130      1.639    23.4545 0.0000e+00
      1.122     -0.124     6.9981     83.087     36.489  35.394236     2.6606      8.793   198.6166 3.0974e+02    10.1394      1.100      1.595    23.4562 0.0000e+00
      1.093     -0.124     7.0219     83.293     36.462  35.374614     2.6790      8.795   198.5611 3.1972e+02    10.1369      1.070      1.553    23.4630 0.0000e+00
      1.063     -0.128     7.0348     83.456     36.434  35.355000     2.7455      8.797   198.5265 3.3462e+02     9.8510      1.044      1.515    23.4776 0.0000e+00
      1.030     -0.133     7.0423     83.599     36.420  35.347442     2.8404      8.798   198.5422 3.5560e+02     9.2789      1.012      1.466    23.4878 0.0000e+00
      0.994     -0.136     7.0593     83.784     36.413  35.346692     2.8937      8.799   198.5788 3.7082e+02     9.0274      0.976      1.414    23.4920 0.0000e+00
      0.956     -0.136     7.0788     83.996     36.407  35.345942     2.9154      8.801   198.5396 3.8188e+02     9.1328      0.937      1.360    23.5022 0.0000e+00
      0.917     -0.134     7.0896     84.182     36.392  35.338386     2.9527      8.803   198.4118 3.9649e+02     9.1863      0.898      1.303    23.5148 0.0000e+00
      0.881     -0.129     7.0977     84.331     36.367  35.318783     2.9872      8.805   198.3246 4.1183e+02     9.1279      0.862      1.250    23.5216 0.0000e+00
      0.851     -0.124     7.1134     84.468     36.342  35.299285     2.9833      8.806   198.2592 4.3152e+02     9.0073      0.832      1.207    23.5284 0.0000e+00
      0.825     -0.121     7.1328     84.593     36.331  35.292988     2.9637      8.808   198.2235 4.5633e+02     8.9917      0.809      1.173    23.5375 0.0000e+00
      0.797     -0.121     7.1475     84.693     36.339  35.306092     2.9737      8.809   198.3240 4.7791e+02     9.0761      0.783      1.136    23.5468 0.0000e+00
      0.766     -0.125     7.1577     84.795     36.354  35.330834     2.9717      8.812   198.4412 4.9639e+02     8.8331      0.750      1.088    23.5550 0.0000e+00
      0.734     -0.131     7.1683     84.918     36.348  35.338366     2.9231      8.814   198.3499 5.3258e+02     8.2738      0.721      1.046    23.5602 0.0000e+00
      0.699     -0.138     7.1801     85.058     36.328  35.333740     2.8934      8.815   198.0806 5.8007e+02     7.9835      0.688      0.998    23.5644 0.0000e+00
      0.661     -0.145     7.1854     85.256     36.322  35.338368     2.8962      8.816   197.7658 6.0078e+02     8.0215      0.647      0.939    23.5721 0.0000e+00
      0.623     -0.152     7.1919     85.557     36.313  35.330888     2.9227      8.818   197.4697 5.8741e+02     8.1876      0.610      0.885    23.5846 0.0000e+00
      0.585     -0.154     7.2008     85.928     36.294  35.306749     2.9564      8.820   197.1673 5.6558e+02     8.3176      0.575      0.833    23.6035 0.0000e+00
      0.545     -0.148     7.2077     86.267     36.295  35.300291     2.9626      8.823   196.9493 5.9383e+02     8.2614      0.536      0.778    23.6284 0.0000e+00
      0.500     -0.133     7.2200     86.489     36.315  35.316248     2.9636      8.825   196.8126 6.9294e+02     8.2250      0.492      0.713    23.6456 0.0000e+00
      0.456     -0.112     7.2461     86.565     36.309  35.309329     2.9937      8.827   196.6328 8.1008e+02     8.6974      0.443      0.642    23.6459 0.0000e+00
      0.425     -0.088     7.2838     86.546     36.277  35.280089     3.0436      8.828   196.4097 8.6903e+02     9.5665      0.409      0.593    23.6338 0.0000e+00
      0.411     -0.062     7.3158     86.485     36.272  35.279942     3.0508      8.829   196.1800 8.4599e+02     9.9882      0.399      0.579    23.6227 0.0000e+00
      0.410     -0.037     7.3375     86.386     36.290  35.307564     3.0223      8.831   196.0934 7.7235e+02     9.9706      0.403      0.583    23.6171 0.0000e+00
      0.411     -0.014     7.3413     86.306     36.328  35.360289     3.0488      8.834   195.9647 6.9395e+02    10.6511      0.405      0.587    23.6160 0.0000e+00
      0.408      0.001     7.3372     86.336     36.352  35.409880     3.1458      8.838   195.4836 7.1137e+02    12.1025      0.400      0.580    23.6183 0.0000e+00
      0.404     -0.004     7.3325     86.526     36.302  35.399618     3.2220      8.839   194.6645 7.8046e+02    12.9670      0.393      0.569    23.6246 0.0000e+00
      0.409     -0.036     7.3202     86.929     36.221  35.363164     3.2215      8.837   193.8042 7.7055e+02    13.0423      0.397      0.576    23.6388 0.0000e+00
      0.421     -0.100     7.3070     87.549     36.182  35.349870     3.1815      8.836   193.0833 7.1810e+02    13.0126      0.416      0.603    23.6578 0.0000e+00
      0.421     -0.194     7.3047     88.306     36.197  35.365815     3.0623      8.836   191.9714 6.6526e+02    13.5308      0.427      0.619    23.6903 0.0000e+00
      0.381     -0.311     7.3113     89.141     36.261  35.429069     2.9044      8.833   190.9430 8.8331e+02    14.6277      0.396      0.575    23.7472 0.0000e+00
      0.283     -0.433     7.3329     89.877     36.028  35.226399     3.2614      8.826   190.2003 1.3565e+03    15.2753      0.297      0.431    23.8205 0.0000e+00
      0.131     -0.528     7.3860     90.251     32.134  31.456083     8.4360      8.815   186.9487 1.7533e+03    15.4171      0.139      0.201    23.8614 0.0000e+00
     -0.056     -0.565     7.4501     90.198     22.576  22.126120    65.7190      8.804   181.8277 2.0286e+03    17.0259     -0.049     -0.071    23.8450 0.0000e+00
     -0.257     -0.539     7.5281     89.881     13.032  12.785364   170.7943      8.797   179.1324 1.9776e+03    20.2098     -0.257     -0.373    23.8304 0.0000e+00
     -0.437     -0.459     7.5965     89.506      9.800   9.621019   228.1337      8.795   178.7088 1.7274e+03    22.0079     -0.456     -0.660    23.8701 0.0000e+00
     -0.548     -0.348     7.6172     89.141     12.874  12.641209   233.3502      8.795   178.5988 1.5409e+03    21.6194     -0.569     -0.825    23.9516 0.0000e+00
     -0.587     -0.230     7.5960     88.733     20.006  19.643527   233.8003      8.802   178.7490 1.3847e+03    15.5794     -0.584     -0.847    24.0306 0.0000e+00
     -0.593     -0.125     7.5551     88.298     27.398  26.897759   233.7920      8.808   179.4062 1.2751e+03     4.6251     -0.581     -0.843    24.0751 0.0000e+00
     -0.593     -0.050     7.5200     87.886     31.313  30.730525   233.3412      8.799   180.1781 1.0683e+03    -1.2447     -0.582     -0.845    24.0894 0.0000e+00
     -0.593     -0.012     7.4921     87.332     32.618  31.994372   228.1834      8.790   180.4240 8.4514e+02    -1.2841     -0.580     -0.842    24.0921 0.0000e+00
     -0.593     -0.001     7.4586     86.443     29.241  28.666836   171.1705      8.804   180.4004 8.2866e+02     3.6032     -0.582     -0.844    24.0922 0.0000e+00
     -0.593 -8.839e-10     7.4159     85.315     20.658  20.240243    66.6290      8.823   180.5811 8.4338e+02    12.7224     -0.582     -0.845    24.0873 0.0000e+00
     -0.593 -9.723e-09     7.3916     84.276     13.589  13.304554     9.6213      8.825   181.0607 6.7577e+02    17.7702     -0.582     -0.844    24.0694 0.0000e+00
     -0.593 -1.069e-07     7.3578     83.571     10.459  10.234804     4.3703      8.818   181.3817 4.1661e+02    17.8369     -0.582     -0.844    24.0408 0.0000e+00
     -0.593 -1.069e-07     7.2837     83.237      8.339   8.158537     2.9143      8.818   181.3637 6.0923e+02    13.2894     -0.582     -0.845    24.0068 0.0000e+00
     -0.593 -9.720e-09     7.1818     83.264      6.528   6.385896     1.0731      8.821   181.7034 9.5005e+02     4.9743     -0.582     -0.844    23.9707 0.0000e+00
     -0.593 -8.840e-10     7.0889     83.569      5.912   5.782568     0.1106      8.818   182.3919 7.1468e+02     0.5122     -0.582     -0.844    23.9397 0.0000e+00
     -0.593 -8.035e-11     7.0357     84.044      5.807   5.679082     0.0503      8.818   183.0632 8.2511e+02     0.2266     -0.582     -0.844    23.9191 0.0000e+00
