Data/DataNotYetUploadedToEDI/Raw_CTD/RawDownloads/080425_fcr20_S7809003.cnv
* Sea-Bird SBE19plus  Data File:
* FileName = C:\R\Reservoirs\Data\DataNotYetUploadedToEDI\Raw_CTD\RawDownloads\080425_fcr50_S7809_0003.hex
* Software version 2.8.0.119
* Temperature SN = 7809
* Conductivity SN = 7809
* System UpLoad Time = Aug 11 2025 16:38:01
* <ApplicationData>
* <Seaterm232>
# nquan = 15
# nvalues = 1314                        
# units = specified
# name 0 = depFM: Depth [fresh water, m]
# name 1 = dz/dtM: Descent Rate [m/s]
# name 2 = sbeox0Mg/L: Oxygen, SBE 43 [mg/l]
# name 3 = sbeox0PS: Oxygen, SBE 43 [% saturation]
# name 4 = specc: Specific Conductance [uS/cm]
# name 5 = c0uS/cm: Conductivity [uS/cm]
# name 6 = flECO-AFL: Fluorescence, WET Labs ECO-AFL/FL [mg/m^3]
# name 7 = ph: pH
# name 8 = orp: Oxidation Reduction Potential [mV]
# name 9 = par/sat/log: PAR/Logarithmic, Satlantic
# name 10 = turbWETntu0: Turbidity, WET Labs ECO [NTU]
# name 11 = prdM: Pressure, Strain Gauge [db]
# name 12 = prdE: Pressure, Strain Gauge [psi]
# name 13 = tv290C: Temperature [ITS-90, deg C]
# name 14 = flag:  0.000e+00
# span 0 =     -0.594,      3.704       
# span 1 =     -0.422,      0.208       
# span 2 =    -0.0250,    10.3673       
# span 3 =     -0.176,    103.644       
# span 4 =      1.233,    194.742       
# span 5 =   1.177485, 155.584289       
# span 6 =    -0.0843,    13.3801       
# span 7 =      8.303,     10.792       
# span 8 = -1236.5237,   623.5849       
# span 9 = 1.2358e-01, 2.6486e+03       
# span 10 =    -0.1579,   149.8035      
# span 11 =     -0.583,      3.635      
# span 12 =     -0.846,      5.271      
# span 13 =    14.2015,    25.2724      
# span 14 = 0.0000e+00, 0.0000e+00      
# interval = seconds: 0.25
# start_time = Aug 04 2025 12:14:29 [Instrument's time stamp, header]
# bad_flag = -9.990e-29
*END*
[from data line 1157]
      3.689 7.3390e-07     0.0363      0.315    102.470  80.799109     0.1101      9.088  -133.1620 1.2377e-01    15.6501      3.617      5.246    14.4250 0.0000e+00
      3.689      0.000     0.0378      0.338    102.464  80.737124     0.1047      9.092  -134.6911 1.2376e-01    15.8368      3.617      5.246    14.4309 0.0000e+00
      3.689      0.000     0.0377      0.357    102.469  80.673019     0.1233      9.097  -136.0656 1.2371e-01    17.7186      3.618      5.247    14.4381 0.0000e+00
      3.689      0.001     0.0316      0.352    102.778  80.850644     0.1607      9.101  -137.5635 1.2369e-01    21.3575      3.618      5.247    14.4414 0.0000e+00
      3.689      0.004     0.0302      0.333    103.581  81.422020     0.1569      9.104  -139.5521 1.2368e-01    23.3860      3.617      5.246    14.4282 0.0000e+00
      3.689      0.006     0.0352      0.329    104.541  82.112339     0.1361      9.108  -142.2999 1.2368e-01    23.2880      3.618      5.247    14.3964 0.0000e+00
      3.690      0.008     0.0373      0.329    106.690  83.727978     0.1082      9.111  -146.4376 1.2367e-01    19.9327      3.619      5.248    14.3600 0.0000e+00
      3.694      0.009     0.0375      0.330    117.855  92.434102     0.0610      9.113  -151.8964 1.2369e-01    13.7662      3.622      5.252    14.3272 0.0000e+00
      3.699      0.008     0.0324      0.345    143.471 112.535073     0.0324      9.116  -156.3343 1.2383e-01    10.3867      3.628      5.263    14.3008 0.0000e+00
      3.702      0.002     0.0339      0.354    166.583 130.770432     0.0289      9.120  -157.3342 1.2511e-01     9.8836      3.631      5.267    14.2725 0.0000e+00
      3.704     -0.008     0.0346      0.360    171.402 134.738924     0.0261      9.126  -156.0697 1.3954e-01     7.6150      3.632      5.267    14.2323 0.0000e+00
      3.704     -0.017     0.0319      0.368    169.987 133.830478     0.0238      9.131  -154.5537 2.2329e-01     3.5894      3.635      5.271    14.2033 0.0000e+00
      3.698     -0.023     0.0369      0.371    165.652 130.561833     0.0176      9.136  -152.7700 3.8853e-01     1.4496      3.632      5.268    14.2015 0.0000e+00
      3.683     -0.025     0.0360      0.372    148.830 117.384694     0.0096      9.141  -150.4207 4.2138e-01     1.1796      3.611      5.238    14.2344 0.0000e+00
      3.668     -0.023     0.0366      0.358    131.454 103.726430     0.0018      9.145  -147.8310 2.5229e-01     0.8033      3.592      5.210    14.3029 0.0000e+00
      3.663     -0.020     0.0384      0.334    124.548  98.305254    -0.0177      9.149  -145.9783 1.3537e-01     0.2134      3.590      5.206    14.3675 0.0000e+00
      3.664     -0.016     0.0371      0.314    121.389  95.833824    -0.0272      9.152  -145.2276 1.2476e-01    -0.1118      3.594      5.212    14.4123 0.0000e+00
      3.665     -0.013     0.0393      0.306    120.756  95.354182    -0.0127      9.156  -144.4334 1.2379e-01    -0.0542      3.596      5.215    14.4393 0.0000e+00
      3.665     -0.013     0.0366      0.309    130.820 103.322846     0.0074      9.160  -142.8288 1.2368e-01     0.0897      3.595      5.214    14.4519 0.0000e+00
      3.662     -0.016     0.0340      0.325    150.185 118.644849     0.0249      9.162  -140.6253 1.2369e-01     0.1589      3.593      5.210    14.4624 0.0000e+00
      3.654     -0.017     0.0313      0.330    166.350 131.448196     0.0408      9.163  -138.2686 1.2366e-01     0.1684      3.584      5.199    14.4709 0.0000e+00
      3.645     -0.015     0.0313      0.320    173.408 137.059912     0.0497      9.165  -136.1872 1.2360e-01     0.1698      3.573      5.183    14.4787 0.0000e+00
      3.638     -0.011     0.0304      0.335    175.267 138.556463     0.0492      9.167  -134.3883 1.2361e-01     0.1075      3.566      5.172    14.4860 0.0000e+00
      3.637     -0.006     0.0335      0.360    175.914 139.084630     0.0261      9.170  -132.7799 1.2368e-01    -0.0376      3.565      5.170    14.4939 0.0000e+00
      3.640     -0.001     0.0355      0.365    176.336 139.428155     0.0026      9.172  -131.3678 1.2376e-01    -0.1153      3.570      5.177    14.5057 0.0000e+00
      3.644      0.002     0.0303      0.352    176.687 139.712537    -0.0013      9.175  -129.8757 1.2380e-01    -0.0818      3.574      5.183    14.5170 0.0000e+00
      3.645      0.002     0.0339      0.345    177.008 139.971994    -0.0215      9.177  -128.5907 1.2378e-01    -0.1108      3.576      5.186    14.5247 0.0000e+00
      3.644     -0.003     0.0378      0.344    177.297 140.205456    -0.0411      9.179  -127.9629 1.2380e-01    -0.1579      3.575      5.183    14.5292 0.0000e+00
      3.644     -0.016     0.0380      0.337    177.575 140.430616    -0.0395      9.181  -127.3609 1.2415e-01    -0.1387      3.573      5.181    14.5316 0.0000e+00
      3.644     -0.036     0.0352      0.329    177.850 140.653450    -0.0355      9.182  -126.3021 1.2799e-01     0.0193      3.574      5.184    14.5335 0.0000e+00
      3.639     -0.067     0.0346      0.309    178.102 140.858775    -0.0333      9.184  -124.7984 1.7069e-01     1.4103      3.574      5.182    14.5347 0.0000e+00
      3.625     -0.111     0.0358      0.274    178.353 141.063561    -0.0126      9.193  -123.1183 3.7088e-01     3.9376      3.559      5.161    14.5360 0.0000e+00
      3.599     -0.156     0.0339      0.261    178.618 141.279856     0.0153      9.214  -121.8184 8.6892e-01     5.5044      3.534      5.126    14.5376 0.0000e+00
      3.554     -0.185     0.0339      0.287    178.883 141.496760     0.0292      9.250  -120.9554 1.8786e+00     7.1000      3.497      5.072    14.5391 0.0000e+00
      3.483     -0.187     0.0325      0.309    179.140 141.708878     0.1222      9.297  -120.3416 3.3304e+00    22.3079      3.425      4.968    14.5408 0.0000e+00
      3.395     -0.166     0.0271      0.313    179.410 141.931056     0.2901      9.346  -119.6452 4.3450e+00    50.0795      3.320      4.814    14.5427 0.0000e+00
      3.330     -0.129     0.0237      0.312    179.665 142.142013     0.3785      9.383  -118.5585 4.3835e+00    65.2029      3.243      4.703    14.5447 0.0000e+00
      3.314     -0.084     0.0303      0.308    179.911 142.346019     0.3834      9.407  -117.3541 3.8830e+00    66.6466      3.239      4.698    14.5467 0.0000e+00
      3.329     -0.038     0.0323      0.329    180.154 142.547914     0.3746      9.422  -116.0959 3.3136e+00    67.7743      3.265      4.736    14.5489 0.0000e+00
      3.348     -0.009     0.0313      0.371    180.375 142.733316     0.4714      9.431  -114.5312 3.0802e+00    79.4527      3.289      4.770    14.5514 0.0000e+00
      3.355     -0.025     0.0327      0.392    180.610 142.929257     0.6962      9.436  -112.7182 3.1798e+00   100.8960      3.294      4.777    14.5540 0.0000e+00
      3.354     -0.096     0.0299      0.383    180.851 143.131005     0.8287      9.438  -110.9525 2.9971e+00   112.4880      3.287      4.766    14.5565 0.0000e+00
      3.349     -0.202     0.0322      0.371    181.080 143.322822     0.8177      9.439  -109.7021 2.8978e+00   112.7936      3.290      4.771    14.5592 0.0000e+00
      3.319     -0.302     0.0388      0.351    181.323 143.526247     0.7040      9.443  -108.7850 4.2608e+00   104.4896      3.282      4.762    14.5620 0.0000e+00
      3.219     -0.361     0.0418      0.319    181.580 143.740752     0.5284      9.446  -107.5206 7.7234e+00    89.0796      3.192      4.629    14.5651 0.0000e+00
      3.044     -0.369     0.0381      0.305    181.815 143.938908     0.4419      9.445  -106.2018 1.2809e+01    80.6342      2.991      4.338    14.5679 0.0000e+00
      2.860     -0.332     0.0380      0.302    182.048 144.136011     0.4650      9.444  -105.4870 1.6797e+01    79.3038      2.772      4.020    14.5709 0.0000e+00
      2.753     -0.254     0.0370      0.289    182.287 144.337772     0.8084      9.447  -105.1595 1.6725e+01    73.3701      2.659      3.857    14.5742 0.0000e+00
      2.740     -0.148     0.0308      0.274    182.512 144.528447     1.4477      9.456  -104.8230 1.4095e+01    62.7260      2.673      3.877    14.5772 0.0000e+00
      2.772     -0.040     0.0306      0.270    182.737 144.719065     1.8017      9.468  -104.3443 1.1817e+01    56.8761      2.723      3.950    14.5804 0.0000e+00
      2.804      0.037     0.0317      0.276    182.974 144.920123     1.8596      9.481  -103.5008 1.0389e+01    55.3816      2.752      3.992    14.5838 0.0000e+00
      2.827      0.067     0.0293      0.288    183.197 145.109427     2.1482      9.492  -102.4545 9.7359e+00    45.3744      2.774      4.023    14.5871 0.0000e+00
      2.842      0.062     0.0271      0.296    183.403 145.285507     2.6778      9.499  -101.5885 9.8043e+00    27.1870      2.790      4.046    14.5906 0.0000e+00
      2.852      0.047     0.0273      0.289    183.599 145.454241     2.9782      9.504  -100.7729 1.0190e+01    17.2419      2.797      4.057    14.5941 0.0000e+00
      2.860      0.036     0.0276      0.271    183.789 145.618506     3.0157      9.506   -99.9055 1.0660e+01    16.3345      2.805      4.069    14.5976 0.0000e+00
      2.866      0.031     0.0295      0.271    184.007 145.804330     3.0316      9.505   -99.1031 1.1117e+01    16.2838      2.811      4.078    14.6012 0.0000e+00
      2.871      0.028     0.0308      0.291    184.209 145.978537     3.0543      9.502   -98.1271 1.1416e+01    16.3568      2.814      4.082    14.6048 0.0000e+00
      2.878      0.026     0.0300      0.302    184.383 146.129925     3.0653      9.498   -96.7950 1.1506e+01    16.3966      2.821      4.092    14.6085 0.0000e+00
      2.887      0.023     0.0268      0.305    184.574 146.295021     3.0650      9.493   -95.7304 1.1288e+01    16.3886      2.832      4.107    14.6122 0.0000e+00
      2.896      0.018     0.0262      0.320    184.744 146.443574     3.0587      9.487   -95.2355 1.0619e+01    16.2955      2.842      4.121    14.6158 0.0000e+00
      2.902      0.008     0.0305      0.347    184.907 146.586314     3.0560      9.481   -94.5966 9.6798e+00    16.0909      2.847      4.128    14.6195 0.0000e+00
      2.902     -0.015     0.0312      0.363    185.089 146.744924     3.0651      9.473   -93.9423 8.8539e+00    15.9301      2.847      4.129    14.6232 0.0000e+00
      2.901     -0.063     0.0302      0.367    185.259 146.893956     3.0690      9.464   -93.3465 8.0860e+00    16.0247      2.844      4.125    14.6270 0.0000e+00
      2.897     -0.138     0.0318      0.362    185.436 147.048483     3.0370      9.454   -91.8674 7.4253e+00    17.7123      2.843      4.123    14.6307 0.0000e+00
      2.881     -0.223     0.0360      0.341    185.621 147.209731     2.9779      9.445   -89.6528 9.5486e+00    20.6559      2.840      4.120    14.6344 0.0000e+00
      2.825     -0.292     0.0375      0.314    185.814 147.376212     2.9449      9.435   -87.0473 1.5548e+01    22.2044      2.794      4.053    14.6381 0.0000e+00
      2.710     -0.323     0.0371      0.293    185.990 147.530187     2.9297      9.422   -83.5951 2.1650e+01    23.0107      2.677      3.881    14.6420 0.0000e+00
      2.555     -0.311     0.0380      0.266    186.146 147.667813     2.8604      9.406   -79.8339 2.5620e+01    30.7123      2.500      3.626    14.6457 0.0000e+00
      2.420     -0.260     0.0348      0.237    186.331 147.828010     2.7474      9.390   -76.7614 2.7053e+01    44.8181      2.341      3.395    14.6496 0.0000e+00
      2.359     -0.179     0.0311      0.221    186.530 147.999669     2.6706      9.377   -74.3218 2.6102e+01    52.5871      2.287      3.317    14.6534 0.0000e+00
      2.366     -0.087     0.0303      0.213    186.700 148.148257     2.6320      9.366   -71.9328 2.4391e+01    54.0046      2.314      3.357    14.6572 0.0000e+00
      2.399     -0.008     0.0272      0.224    186.854 148.284721     2.4715      9.356   -69.2994 2.2545e+01    61.8555      2.356      3.417    14.6609 0.0000e+00
      2.428      0.039     0.0230      0.248    187.029 148.437380     2.1781      9.345   -66.7446 2.0740e+01    76.1866      2.387      3.462    14.6646 0.0000e+00
      2.443      0.050     0.0229      0.258    187.204 148.590353     2.0143      9.335   -64.4463 1.9525e+01    84.0155      2.402      3.483    14.6684 0.0000e+00
      2.446      0.037     0.0205      0.272    187.364 148.730608     2.0062      9.325   -62.0744 1.8726e+01    84.3693      2.400      3.481    14.6720 0.0000e+00
      2.446      0.004     0.0217      0.303    187.505 148.857110     2.0557      9.315   -59.7477 1.7717e+01    80.8733      2.396      3.475    14.6756 0.0000e+00
      2.451     -0.053     0.0268      0.332    187.632 148.971391     2.1381      9.308   -57.7385 1.6259e+01    74.3693      2.402      3.483    14.6795 0.0000e+00
      2.459     -0.138     0.0257      0.340    187.766 149.091503     2.1864      9.303   -56.0207 1.5160e+01    70.7350      2.415      3.503    14.6832 0.0000e+00
      2.451     -0.236     0.0268      0.330    187.917 149.224703     2.2317      9.302   -54.2070 1.6788e+01    69.9640      2.421      3.510    14.6867 0.0000e+00
      2.391     -0.322     0.0307      0.315    188.082 149.369611     2.6361      9.303   -50.9530 2.2430e+01    64.9789      2.375      3.444    14.6907 0.0000e+00
      2.259     -0.375     0.0348      0.305    188.233 149.503637     3.3711      9.305   -44.8972 2.9577e+01    55.9254      2.235      3.242    14.6944 0.0000e+00
      2.084     -0.380     0.0353      0.298    188.379 149.632872     3.7696      9.306   -37.2557 3.4921e+01    51.0220      2.035      2.951    14.6979 0.0000e+00
      1.929     -0.337     0.0335      0.275    188.551 149.783647     3.8176      9.306   -30.4895 3.7210e+01    50.4746      1.864      2.703    14.7016 0.0000e+00
      1.841     -0.253     0.0320      0.243    188.709 149.922864     3.9268      9.305   -24.9504 3.6792e+01    49.4786      1.782      2.584    14.7052 0.0000e+00
      1.820     -0.152     0.0303      0.230    188.839 150.039968     4.1410      9.303   -20.1854 3.5071e+01    47.7930      1.773      2.571    14.7089 0.0000e+00
      1.836     -0.070     0.0315      0.229    188.996 150.178600     4.3014      9.299   -15.6389 3.3267e+01    46.9010      1.797      2.607    14.7125 0.0000e+00
      1.860     -0.045     0.0286      0.232    189.159 150.322871     4.3429      9.294   -10.6747 3.1755e+01    46.7889      1.829      2.653    14.7160 0.0000e+00
      1.875     -0.097     0.0231      0.235    189.295 150.444353     4.3181      9.286    -5.5921 3.0665e+01    46.5050      1.843      2.673    14.7196 0.0000e+00
      1.872     -0.205     0.0233      0.235    189.427 150.562689     4.1685      9.278    -0.9054 3.0631e+01    44.3568      1.842      2.672    14.7234 0.0000e+00
      1.836     -0.320     0.0228      0.239    189.542 150.668914     3.9395      9.270     3.4027 3.4026e+01    40.5594      1.828      2.651    14.7271 0.0000e+00
      1.726     -0.400     0.0235      0.248    189.653 150.771567     3.8223      9.264     7.7790 4.1743e+01    38.4390      1.727      2.505    14.7310 0.0000e+00
      1.539     -0.422     0.0239      0.237    189.811 150.910509     3.8086      9.258    12.2575 5.0269e+01    37.9513      1.513      2.195    14.7346 0.0000e+00
      1.339     -0.382     0.0237      0.203    189.997 151.072622     3.7578      9.252    16.7700 5.6251e+01    35.0384      1.284      1.863    14.7381 0.0000e+00
      1.207     -0.292     0.0238      0.206    190.139 151.200172     3.6572      9.247    21.1258 5.8847e+01    29.6250      1.146      1.661    14.7420 0.0000e+00
      1.170     -0.174     0.0256      0.230    190.251 151.304075     3.5990      9.242    24.8296 5.8566e+01    26.6070      1.124      1.631    14.7456 0.0000e+00
      1.200     -0.057     0.0266      0.220    190.398 151.435530     3.5787      9.236    27.9969 5.6264e+01    26.2514      1.170      1.696    14.7494 0.0000e+00
