Data/DataNotYetUploadedToEDI/Raw_CTD/RawDownloads/080425_fcr10_S7809002.cnv
* Sea-Bird SBE19plus  Data File:
* FileName = C:\R\Reservoirs\Data\DataNotYetUploadedToEDI\Raw_CTD\RawDownloads\080425_fcr50_S7809_0002.hex
* Software version 2.8.0.119
* Temperature SN = 7809
* Conductivity SN = 7809
* System UpLoad Time = Aug 11 2025 16:37:27
* <ApplicationData>
* <Seaterm232>
# nquan = 15
# nvalues = 985                         
# units = specified
# name 0 = depFM: Depth [fresh water, m]
# name 1 = dz/dtM: Descent Rate [m/s]
# name 2 = sbeox0Mg/L: Oxygen, SBE 43 [mg/l]
# name 3 = sbeox0PS: Oxygen, SBE 43 [% saturation]
# name 4 = specc: Specific Conductance [uS/cm]
# name 5 = c0uS/cm: Conductivity [uS/cm]
# name 6 = flECO-AFL: Fluorescence, WET Labs ECO-AFL/FL [mg/m^3]
# name 7 = ph: pH
# name 8 = orp: Oxidation Reduction Potential [mV]
# name 9 = par/sat/log: PAR/Logarithmic, Satlantic
# name 10 = turbWETntu0: Turbidity, WET Labs ECO [NTU]
# name 11 = prdM: Pressure, Strain Gauge [db]
# name 12 = prdE: Pressure, Strain Gauge [psi]
# name 13 = tv290C: Temperature [ITS-90, deg C]
# name 14 = flag:  0.000e+00
# span 0 =     -0.596,      2.182       
# span 1 =     -0.565,      0.159       
# span 2 =     4.7479,     8.6467       
# span 3 =     57.255,    103.314       
# span 4 =     -9.491,     38.160       
# span 5 =  -9.313984,  36.707877       
# span 6 =    -0.0385,   233.8003       
# span 7 =     -2.106,      8.860       
# span 8 = -1240.7455,   369.7260       
# span 9 = 7.2783e+01, 2.0286e+03       
# span 10 =    -1.2841,   134.9693      
# span 11 =     -0.585,      2.140      
# span 12 =     -0.848,      3.104      
# span 13 =    23.0163,    24.9726      
# span 14 = 0.0000e+00, 0.0000e+00      
# interval = seconds: 0.25
# start_time = Aug 04 2025 12:05:39 [Instrument's time stamp, header]
# bad_flag = -9.990e-29
*END*
[from data line 290]
      0.005     -0.001     7.8521     94.385     36.267  36.027809     2.1297      8.558   171.2520 8.9532e+01     8.4157      0.004      0.006    24.6642 0.0000e+00
      0.005     -0.001     7.8476     94.341     36.302  36.064087     2.1257      8.560   171.4970 8.9580e+01     8.3230      0.005      0.007    24.6640 0.0000e+00
      0.006     -0.001     7.8509     94.312     36.326  36.088127     2.1074      8.563   171.7976 8.9718e+01     8.1272      0.006      0.009    24.6649 0.0000e+00
      0.006     -0.001     7.8544     94.247     36.302  36.064686     2.0996      8.565   171.8758 9.0000e+01     8.0293      0.006      0.009    24.6654 0.0000e+00
      0.005      0.000     7.8451     94.197     36.272  36.034461     2.1233      8.566   171.8403 9.0418e+01     8.1301      0.005      0.007    24.6643 0.0000e+00
      0.004      0.001     7.8417     94.227     36.279  36.039931     2.1360      8.568   171.7981 9.0716e+01     8.2186      0.004      0.005    24.6651 0.0000e+00
      0.004      0.002     7.8427     94.295     36.309  36.067364     2.1116      8.572   171.7087 9.0620e+01     8.1421      0.003      0.005    24.6669 0.0000e+00
      0.005      0.003     7.8346     94.351     36.291  36.048902     2.0790      8.574   171.5340 9.0283e+01     7.9916      0.004      0.006    24.6675 0.0000e+00
      0.007      0.003     7.8269     94.421     36.249  36.007050     2.0825      8.575   171.4067 8.9939e+01     7.9702      0.006      0.009    24.6680 0.0000e+00
      0.009      0.003     7.8324     94.509     36.248  36.005489     2.1213      8.577   171.4610 8.9795e+01     8.0882      0.009      0.014    24.6644 0.0000e+00
      0.010      0.002     7.8414     94.575     36.273  36.030026     2.1238      8.579   171.5875 9.0104e+01     8.0862      0.011      0.016    24.6597 0.0000e+00
      0.010      0.001     7.8435     94.592     36.293  36.049930     2.0788      8.581   171.6464 9.0558e+01     7.9465      0.010      0.014    24.6600 0.0000e+00
      0.009      0.000     7.8492     94.577     36.298  36.055800     2.0518      8.581   171.6566 9.0656e+01     7.9018      0.008      0.012    24.6615 0.0000e+00
      0.008      0.000     7.8583     94.599     36.278  36.037551     2.0715      8.582   171.7101 9.0536e+01     8.0235      0.008      0.011    24.6605 0.0000e+00
      0.008      0.001     7.8649     94.685     36.259  36.019633     2.1094      8.584   171.7771 9.0446e+01     8.1545      0.007      0.010    24.6581 0.0000e+00
      0.009      0.002     7.8664     94.775     36.269  36.029506     2.1099      8.585   171.8652 9.0363e+01     8.1195      0.008      0.011    24.6581 0.0000e+00
      0.010      0.003     7.8615     94.830     36.269  36.030026     2.0942      8.586   172.0014 9.0204e+01     8.0781      0.010      0.014    24.6620 0.0000e+00
      0.011      0.003     7.8614     94.885     36.261  36.025920     2.0951      8.588   172.0466 8.9909e+01     8.1664      0.011      0.016    24.6641 0.0000e+00
      0.012      0.003     7.8721     94.980     36.274  36.043319     2.0952      8.590   172.0681 8.9545e+01     8.1965      0.012      0.017    24.6630 0.0000e+00
      0.013      0.002     7.8813     95.105     36.280  36.050047     2.1120      8.591   172.1750 8.9389e+01     8.1343      0.012      0.018    24.6634 0.0000e+00
      0.013      0.001     7.8833     95.175     36.276  36.043822     2.1317      8.593   172.3064 8.9608e+01     8.0977      0.013      0.019    24.6644 0.0000e+00
      0.013      0.001     7.8864     95.157     36.267  36.031499     2.1501      8.594   172.4520 8.9799e+01     8.1646      0.012      0.018    24.6696 0.0000e+00
      0.013      0.000     7.8918     95.100     36.266  36.027944     2.1606      8.595   172.5599 8.9851e+01     8.2946      0.013      0.018    24.6780 0.0000e+00
      0.013     -0.001     7.9066     94.995     36.304  36.064293     2.1417      8.597   172.5783 8.9885e+01     8.3710      0.013      0.019    24.6794 0.0000e+00
      0.013     -0.002     7.9149     94.882     36.329  36.090287     2.1141      8.599   172.5017 8.9810e+01     8.3366      0.013      0.019    24.6751 0.0000e+00
      0.012     -0.002     7.9094     94.857     36.320  36.088431     2.0837      8.601   172.3224 8.9871e+01     8.2204      0.012      0.018    24.6700 0.0000e+00
      0.011     -0.001     7.9080     94.869     36.330  36.105309     2.0826      8.603   172.1304 9.0137e+01     8.2289      0.010      0.015    24.6649 0.0000e+00
      0.010     -0.001     7.8997     94.877     36.324  36.104019     2.1006      8.604   172.0743 9.0183e+01     8.3035      0.009      0.014    24.6613 0.0000e+00
      0.010     -0.001     7.8827     94.904     36.290  36.072839     2.1007      8.605   172.1602 8.9933e+01     8.3024      0.010      0.015    24.6641 0.0000e+00
      0.011     -0.001     7.8838     94.901     36.264  36.045571     2.0932      8.607   172.2218 8.9827e+01     8.2839      0.011      0.016    24.6747 0.0000e+00
      0.011     -0.001     7.8857     94.879     36.253  36.028114     2.0759      8.607   172.2175 8.9789e+01     8.1825      0.011      0.017    24.6852 0.0000e+00
      0.010     -0.001     7.8805     94.881     36.284  36.052116     2.0832      8.607   172.1943 8.9824e+01     8.1691      0.010      0.014    24.6921 0.0000e+00
      0.009     -0.001     7.8878     94.855     36.316  36.081971     2.1308      8.606   172.1136 9.0116e+01     8.2251      0.008      0.012    24.6950 0.0000e+00
      0.009     -0.000     7.8864     94.813     36.303  36.071831     2.1770      8.606   172.0154 9.0302e+01     8.1755      0.009      0.013    24.6935 0.0000e+00
      0.009      0.000     7.8822     94.845     36.283  36.056417     2.1842      8.606   171.9535 9.0216e+01     8.1161      0.009      0.013    24.6857 0.0000e+00
      0.009      0.001     7.8883     94.890     36.249  36.022515     2.1515      8.605   171.9679 8.9869e+01     8.0196      0.009      0.013    24.6722 0.0000e+00
      0.010      0.001     7.8875     94.853     36.209  35.979166     2.1314      8.604   172.0179 8.9611e+01     8.0681      0.010      0.015    24.6683 0.0000e+00
      0.011      0.001     7.8757     94.761     36.213  35.976440     2.1324      8.604   171.9550 8.9674e+01     8.2583      0.011      0.016    24.6770 0.0000e+00
      0.011      0.001     7.8813     94.661     36.232  35.989545     2.1149      8.606   171.8090 8.9697e+01     8.2695      0.011      0.016    24.6842 0.0000e+00
      0.010      0.002     7.8902     94.599     36.256  36.010706     2.0859      8.606   171.6300 8.9758e+01     8.2032      0.010      0.015    24.6858 0.0000e+00
      0.010      0.004     7.8837     94.602     36.289  36.041938     2.0889      8.605   171.5116 8.9973e+01     8.2083      0.009      0.013    24.6793 0.0000e+00
      0.010      0.004     7.8786     94.651     36.297  36.049919     2.1349      8.603   171.4960 8.9457e+01     8.1949      0.009      0.013    24.6675 0.0000e+00
      0.013      0.003     7.8687     94.694     36.288  36.043755     2.1754      8.602   171.5280 8.8224e+01     8.1099      0.013      0.019    24.6581 0.0000e+00
      0.017      0.002     7.8641     94.737     36.272  36.030868     2.1711      8.601   171.6390 8.7774e+01     7.9994      0.017      0.025    24.6540 0.0000e+00
      0.018     -0.001     7.8644     94.841     36.258  36.021004     2.1578      8.600   171.6335 8.8281e+01     7.9866      0.019      0.027    24.6527 0.0000e+00
      0.017     -0.004     7.8712     94.974     36.282  36.051403     2.1645      8.599   171.5479 8.9136e+01     8.0912      0.017      0.024    24.6524 0.0000e+00
      0.014     -0.005     7.8748     95.073     36.303  36.081178     2.1680      8.599   171.5506 9.0229e+01     8.1721      0.013      0.019    24.6566 0.0000e+00
      0.009     -0.005     7.8726     95.145     36.280  36.063773     2.1672      8.600   171.5808 9.1148e+01     8.1099      0.008      0.013    24.6619 0.0000e+00
      0.006     -0.004     7.8837     95.236     36.246  36.031312     2.1558      8.602   171.6545 9.1421e+01     7.9540      0.005      0.008    24.6658 0.0000e+00
      0.006     -0.001     7.8958     95.331     36.226  36.005942     2.1471      8.603   171.7530 9.1242e+01     7.9619      0.005      0.007    24.6752 0.0000e+00
      0.009      0.001     7.9014     95.375     36.239  36.010822     2.1610      8.606   171.8258 9.1009e+01     8.1367      0.008      0.011    24.6894 0.0000e+00
      0.011      0.002     7.9035     95.375     36.261  36.026856     2.1739      8.609   171.9327 9.0710e+01     8.2223      0.012      0.017    24.6987 0.0000e+00
      0.013      0.001     7.9115     95.364     36.245  36.009446     2.1787      8.611   172.0125 9.0455e+01     8.1433      0.013      0.019    24.6993 0.0000e+00
      0.013      0.000     7.9237     95.334     36.225  35.990665     2.1605      8.613   171.9302 9.0388e+01     8.0007      0.012      0.018    24.6920 0.0000e+00
      0.012      0.000     7.9283     95.297     36.223  35.990135     2.1450      8.615   171.8842 9.0515e+01     8.0010      0.013      0.019    24.6784 0.0000e+00
      0.011      0.001     7.9279     95.298     36.235  36.003042     2.1663      8.617   171.8862 9.0737e+01     8.1128      0.010      0.015    24.6691 0.0000e+00
      0.009      0.002     7.9282     95.312     36.253  36.019817     2.1847      8.617   171.7819 9.0882e+01     8.1576      0.007      0.011    24.6685 0.0000e+00
      0.009      0.004     7.9258     95.312     36.238  36.002607     2.1685      8.617   171.7425 9.0624e+01     8.0989      0.007      0.010    24.6700 0.0000e+00
      0.012      0.006     7.9189     95.334     36.223  35.985309     2.1367      8.618   171.8400 8.9749e+01     7.9837      0.010      0.016    24.6733 0.0000e+00
      0.017      0.006     7.9206     95.325     36.243  36.001008     2.1408      8.620   172.0139 8.8687e+01     7.9938      0.016      0.024    24.6742 0.0000e+00
      0.020      0.005     7.9248     95.258     36.248  36.002066     2.1766      8.620   172.2101 8.8077e+01     8.1193      0.020      0.030    24.6716 0.0000e+00
      0.020      0.003     7.9202     95.178     36.249  35.998105     2.1953      8.621   172.2340 8.7833e+01     8.1682      0.020      0.029    24.6697 0.0000e+00
      0.019      0.000     7.9268     95.087     36.270  36.016558     2.1754      8.623   172.1301 8.7643e+01     8.0735      0.019      0.027    24.6668 0.0000e+00
      0.018     -0.002     7.9282     95.005     36.288  36.034816     2.1359      8.625   172.1587 8.7812e+01     7.9650      0.017      0.026    24.6613 0.0000e+00
      0.016     -0.002     7.9196     94.969     36.278  36.028519     2.1335      8.626   172.3218 8.8240e+01     8.0167      0.015      0.023    24.6547 0.0000e+00
      0.016     -0.002     7.9161     94.983     36.250  36.003877     2.1552      8.627   172.4674 8.8349e+01     8.0841      0.015      0.022    24.6478 0.0000e+00
      0.016     -0.001     7.9081     95.054     36.236  35.990677     2.1483      8.628   172.5424 8.8043e+01     8.0287      0.016      0.023    24.6424 0.0000e+00
      0.017     -0.001     7.8994     95.184     36.242  35.995821     2.1331      8.630   172.6255 8.7927e+01     7.9616      0.017      0.024    24.6440 0.0000e+00
      0.017     -0.001     7.8958     95.322     36.250  36.002620     2.1292      8.630   172.6983 8.8077e+01     7.9218      0.016      0.024    24.6516 0.0000e+00
      0.016     -0.001     7.8961     95.415     36.258  36.009427     2.1423      8.631   172.7346 8.8130e+01     7.9564      0.016      0.023    24.6566 0.0000e+00
      0.016     -0.002     7.9009     95.440     36.265  36.014675     2.1595      8.633   172.8065 8.8216e+01     8.0398      0.015      0.022    24.6565 0.0000e+00
      0.015     -0.002     7.9146     95.399     36.252  36.002617     2.1457      8.635   172.8796 8.8296e+01     8.0415      0.015      0.021    24.6546 0.0000e+00
      0.015     -0.002     7.9278     95.336     36.237  35.990542     2.1418      8.637   172.9302 8.8402e+01     8.0797      0.015      0.021    24.6525 0.0000e+00
      0.014     -0.001     7.9362     95.312     36.241  35.995582     2.1539      8.639   172.9884 8.8619e+01     8.1262      0.014      0.020    24.6507 0.0000e+00
      0.013     -0.000     7.9390     95.338     36.248  36.000102     2.1512      8.641   173.0670 8.8874e+01     8.0906      0.013      0.019    24.6483 0.0000e+00
      0.013 -2.015e-08     7.9341     95.377     36.234  35.981745     2.1506      8.642   173.1060 8.8987e+01     8.0586      0.013      0.018    24.6490 0.0000e+00
      0.014 -2.217e-07     7.9256     95.395     36.219  35.963968     2.1377      8.643   173.0295 8.8798e+01     7.9793      0.013      0.020    24.6551 0.0000e+00
      0.015 -2.032e-07     7.9229     95.380     36.233  35.975504     2.1367      8.644   172.9170 8.8707e+01     7.9520      0.015      0.022    24.6574 0.0000e+00
      0.015 1.3994e-10     7.9276     95.352     36.253  35.994320     2.1725      8.646   172.8643 8.8888e+01     8.0700      0.015      0.021    24.6520 0.0000e+00
      0.014 1.5394e-09     7.9325     95.322     36.261  36.001123     2.1958      8.648   172.9945 8.8848e+01     8.1755      0.014      0.020    24.6456 0.0000e+00
      0.014 1.6933e-08     7.9353     95.262     36.254  35.994304     2.1764      8.649   173.2860 8.8559e+01     8.1352      0.014      0.020    24.6422 0.0000e+00
      0.014 1.8626e-07     7.9333     95.168     36.234  35.975327     2.1458      8.651   173.4632 8.8499e+01     7.9932      0.014      0.021    24.6396 0.0000e+00
      0.014 1.8613e-07     7.9306     95.092     36.221  35.962023     2.1505      8.655   173.5020 8.8570e+01     7.9610      0.014      0.020    24.6363 0.0000e+00
      0.015 1.5382e-08     7.9302     95.070     36.223  35.960351     2.1747      8.657   173.5833 8.8584e+01     8.0540      0.014      0.021    24.6338 0.0000e+00
      0.015 -1.400e-10     7.9254     95.074     36.222  35.955104     2.1813      8.659   173.5862 8.8714e+01     8.1263      0.014      0.021    24.6351 0.0000e+00
      0.014 -1.540e-09     7.9151     95.084     36.232  35.962017     2.1638      8.661   173.4516 8.9049e+01     8.1174      0.014      0.020    24.6390 0.0000e+00
      0.014 -1.694e-08     7.9066     95.112     36.251  35.980478     2.1369      8.663   173.4184 8.9386e+01     8.0835      0.014      0.020    24.6387 0.0000e+00
      0.014 -1.863e-07     7.9079     95.152     36.257  35.987975     2.1401      8.665   173.5282 8.9493e+01     8.1265      0.013      0.018    24.6328 0.0000e+00
      0.014 -1.863e-07     7.9101     95.190     36.259  35.989214     2.1694      8.666   173.6608 8.9383e+01     8.1244      0.013      0.018    24.6246 0.0000e+00
      0.015 -1.696e-08     7.9103     95.176     36.269  35.995455     2.1825      8.667   173.7308 8.9155e+01     8.0914      0.015      0.022    24.6189 0.0000e+00
      0.015 -1.850e-09     7.9137     95.114     36.276  35.999980     2.1660      8.669   173.6869 8.9102e+01     8.1034      0.016      0.023    24.6202 0.0000e+00
      0.015 -3.555e-09     7.9155     95.060     36.260  35.980475     2.1436      8.671   173.6456 8.9230e+01     8.0998      0.015      0.021    24.6242 0.0000e+00
      0.014 -3.758e-08     7.9218     95.015     36.233  35.949962     2.1537      8.671   173.7478 8.9337e+01     8.1499      0.014      0.020    24.6233 0.0000e+00
      0.014 -4.132e-07     7.9217     94.969     36.236  35.948288     2.1793      8.672   173.8906 8.9477e+01     8.1285      0.014      0.020    24.6177 0.0000e+00
      0.015     -0.000     7.9128     94.899     36.251  35.960230     2.1703      8.674   173.9952 8.9650e+01     7.9778      0.014      0.021    24.6137 0.0000e+00
