Data/DataNotYetUploadedToEDI/Raw_CTD/RawDownloads/080425_fcr40_S7809005.cnv
* Sea-Bird SBE19plus  Data File:
* FileName = C:\R\Reservoirs\Data\DataNotYetUploadedToEDI\Raw_CTD\RawDownloads\080425_fcr50_S7809_0005.hex
* Software version 2.8.0.119
* Temperature SN = 7809
* Conductivity SN = 7809
* System UpLoad Time = Aug 11 2025 16:39:17
* <ApplicationData>
* <Seaterm232>
# nquan = 15
# nvalues = 1671                        
# units = specified
# name 0 = depFM: Depth [fresh water, m]
# name 1 = dz/dtM: Descent Rate [m/s]
# name 2 = sbeox0Mg/L: Oxygen, SBE 43 [mg/l]
# name 3 = sbeox0PS: Oxygen, SBE 43 [% saturation]
# name 4 = specc: Specific Conductance [uS/cm]
# name 5 = c0uS/cm: Conductivity [uS/cm]
# name 6 = flECO-AFL: Fluorescence, WET Labs ECO-AFL/FL [mg/m^3]
# name 7 = ph: pH
# name 8 = orp: Oxidation Reduction Potential [mV]
# name 9 = par/sat/log: PAR/Logarithmic, Satlantic
# name 10 = turbWETntu0: Turbidity, WET Labs ECO [NTU]
# name 11 = prdM: Pressure, Strain Gauge [db]
# name 12 = prdE: Pressure, Strain Gauge [psi]
# name 13 = tv290C: Temperature [ITS-90, deg C]
# name 14 = flag:  0.000e+00
# span 0 =     -0.592,      5.939       
# span 1 =     -0.459,      0.200       
# span 2 =     0.0178,     8.0251       
# span 3 =      0.183,     96.585       
# span 4 =      2.178,     53.015       
# span 5 =   1.949220,  42.917270       
# span 6 =    -1.3695,   227.4639       
# span 7 =      7.976,      9.033       
# span 8 =   166.2123,   559.1367       
# span 9 = 1.2362e-01, 2.5852e+03       
# span 10 =    -2.0068,   932.0972      
# span 11 =     -0.582,      5.824      
# span 12 =     -0.844,      8.447      
# span 13 =    11.7421,    24.9187      
# span 14 = 0.0000e+00, 0.0000e+00      
# interval = seconds: 0.25
# start_time = Aug 04 2025 12:33:01 [Instrument's time stamp, header]
# bad_flag = -9.990e-29
*END*
[from data line 290]
     -0.058      0.002     7.5512     89.115     36.657  36.329462     1.9040      8.920   183.2391 2.6256e+02     3.8388     -0.058     -0.084    24.5621 0.0000e+00
     -0.058      0.002     7.5281     88.596     36.647  36.310428     1.8856      8.921   183.2818 2.6375e+02     3.6727     -0.057     -0.083    24.5646 0.0000e+00
     -0.056      0.003     7.4944     87.969     36.642  36.297731     1.8848      8.923   183.3962 2.7941e+02     3.6911     -0.055     -0.080    24.5651 0.0000e+00
     -0.054      0.004     7.4621     87.211     36.653  36.302829     1.9113      8.924   183.9338 4.1341e+02     3.9583     -0.053     -0.077    24.5582 0.0000e+00
     -0.053      0.004     7.4265     86.455     36.663  36.308614     1.9231      8.925   184.6188 8.4656e+02     4.1017     -0.052     -0.076    24.5469 0.0000e+00
     -0.053      0.005     7.3858     85.952     36.662  36.304220     1.9191      8.927   184.5381 1.4362e+03     4.0243     -0.052     -0.076    24.5352 0.0000e+00
     -0.053      0.006     7.3372     85.784     36.672  36.313147     1.9046      8.927   184.0763 1.7332e+03     3.9105     -0.052     -0.075    24.5245 0.0000e+00
     -0.052      0.006     7.2722     85.844     36.707  36.353098     1.8891      8.926   183.8542 1.4285e+03     3.9216     -0.051     -0.074    24.5154 0.0000e+00
     -0.049      0.006     7.1988     86.097     36.747  36.406558     1.8814      8.925   183.7450 9.5225e+02     4.0221     -0.048     -0.070    24.5094 0.0000e+00
     -0.045      0.005     7.1549     86.592     36.770  36.451952     1.8698      8.923   184.0456 7.3761e+02     4.0676     -0.044     -0.064    24.5052 0.0000e+00
     -0.042      0.004     7.1480     87.312     36.750  36.457831     1.8479      8.923   184.3922 4.6841e+02     4.0266     -0.041     -0.060    24.5022 0.0000e+00
     -0.042      0.005     7.1527     88.114     36.686  36.414218     1.8245      8.923   183.9774 2.7792e+02     3.9711     -0.040     -0.058    24.5074 0.0000e+00
     -0.045      0.007     7.1681     88.803     36.634  36.368821     1.8288      8.921   183.5040 6.3976e+02     3.9767     -0.044     -0.063    24.5263 0.0000e+00
     -0.047      0.010     7.2053     89.251     36.623  36.353109     1.8586      8.921   183.4873 1.0999e+03     4.0267     -0.048     -0.069    24.5591 0.0000e+00
     -0.044      0.014     7.2645     89.410     36.633  36.351124     1.8598      8.922   183.5181 1.2545e+03     4.0292     -0.045     -0.065    24.6000 0.0000e+00
     -0.037      0.019     7.3340     89.300     36.642  36.344809     1.8431      8.924   183.5314 1.5268e+03     3.9045     -0.038     -0.055    24.6305 0.0000e+00
     -0.029      0.022     7.3938     88.997     36.653  36.340186     1.8564      8.924   183.6489 1.4832e+03     3.7485     -0.028     -0.041    24.6377 0.0000e+00
     -0.021      0.023     7.4336     88.560     36.683  36.358661     1.8874      8.925   183.7331 8.4004e+02     3.7485     -0.019     -0.028    24.6269 0.0000e+00
     -0.015      0.020     7.4490     88.040     36.706  36.377812     1.9194      8.925   183.6896 3.4786e+02     3.8365     -0.015     -0.021    24.6103 0.0000e+00
     -0.010      0.013     7.4392     87.570     36.706  36.381389     1.9184      8.924   183.5529 2.1162e+02     3.7872     -0.010     -0.014    24.5914 0.0000e+00
     -0.006      0.003     7.4157     87.302     36.719  36.401917     1.8832      8.922   183.3707 1.9878e+02     3.6647     -0.005     -0.008    24.5668 0.0000e+00
     -0.005     -0.010     7.3817     87.276     36.742  36.435662     1.8687      8.922   183.3797 2.0013e+02     3.6529     -0.004     -0.006    24.5469 0.0000e+00
     -0.007     -0.022     7.3348     87.456     36.763  36.472158     1.8841      8.922   183.8345 2.0999e+02     3.7479     -0.006     -0.009    24.5437 0.0000e+00
     -0.015     -0.031     7.2880     87.789     36.794  36.525955     1.8871      8.922   188.7830 2.3895e+02     3.7888     -0.011     -0.016    24.5510 0.0000e+00
     -0.030     -0.034     7.2646     88.214     36.818  36.578544     1.8550      8.922   193.6525 2.6447e+02     3.6692     -0.027     -0.039    24.5601 0.0000e+00
     -0.048     -0.033     7.2618     88.682     36.811  36.600446     1.8367      8.922   189.7974 3.1264e+02     3.6332     -0.051     -0.075    24.5753 0.0000e+00
     -0.059     -0.028     7.2752     89.107     36.785  36.600457     1.8412      8.922   185.3634 6.8407e+02     3.7633     -0.062     -0.090    24.5954 0.0000e+00
     -0.062     -0.021     7.3016     89.392     36.743  36.578717     1.8343      8.922   184.8670 1.2090e+03     3.7740     -0.062     -0.090    24.6248 0.0000e+00
     -0.062     -0.012     7.3308     89.478     36.687  36.527966     1.8114      8.923   184.5702 1.2661e+03     3.6600     -0.059     -0.085    24.6709 0.0000e+00
     -0.062     -0.006     7.3675     89.398     36.664  36.494452     1.7807      8.923   184.4420 9.1767e+02     3.6140     -0.058     -0.086    24.7106 0.0000e+00
     -0.063     -0.003     7.4016     89.241     36.676  36.490739     1.7787      8.923   184.3496 6.0584e+02     3.6963     -0.061     -0.089    24.7420 0.0000e+00
     -0.064     -0.003     7.4222     89.050     36.680  36.483051     1.7873      8.924   184.2281 4.7314e+02     3.8356     -0.062     -0.090    24.7783 0.0000e+00
     -0.065     -0.002     7.4274     88.839     36.670  36.464934     1.7692      8.925   184.0911 3.5626e+02     3.9656     -0.063     -0.092    24.7885 0.0000e+00
     -0.066      0.000     7.4198     88.629     36.675  36.462024     1.7427      8.926   184.0698 2.6151e+02     4.0387     -0.065     -0.094    24.7623 0.0000e+00
     -0.066      0.003     7.4101     88.456     36.729  36.511312     1.7160      8.926   184.3999 2.6705e+02     3.9672     -0.066     -0.095    24.7368 0.0000e+00
     -0.064      0.007     7.3956     88.355     36.765  36.553247     1.7127      8.927   185.2436 4.4457e+02     3.9217     -0.063     -0.091    24.7242 0.0000e+00
     -0.062      0.010     7.3787     88.329     36.727  36.524916     1.7362      8.929   186.0112 8.9570e+02     3.9668     -0.060     -0.088    24.7153 0.0000e+00
     -0.059      0.011     7.3622     88.381     36.683  36.486029     1.7507      8.931   185.9375 1.3437e+03     3.9653     -0.056     -0.083    24.7014 0.0000e+00
     -0.055      0.011     7.3472     88.494     36.664  36.463786     1.7471      8.932   185.4708 1.3495e+03     3.9383     -0.054     -0.079    24.6921 0.0000e+00
     -0.050      0.010     7.3386     88.657     36.655  36.446322     1.7247      8.932   185.1867 8.8735e+02     3.8790     -0.049     -0.070    24.7034 0.0000e+00
     -0.046      0.007     7.3321     88.809     36.684  36.465219     1.7133      8.932   185.0828 4.3875e+02     3.8636     -0.044     -0.064    24.7227 0.0000e+00
     -0.045      0.005     7.3378     88.884     36.724  36.501904     1.7423      8.933   185.0757 3.2415e+02     3.8884     -0.044     -0.064    24.7299 0.0000e+00
     -0.046      0.004     7.3469     88.916     36.726  36.509162     1.7678      8.933   185.1007 5.0360e+02     3.9057     -0.045     -0.065    24.7224 0.0000e+00
     -0.047      0.004     7.3637     88.926     36.699  36.489534     1.7477      8.934   185.1264 8.1015e+02     3.9367     -0.046     -0.067    24.7106 0.0000e+00
     -0.047      0.004     7.3835     88.891     36.663  36.454943     1.7236      8.936   185.1294 9.0590e+02     3.9555     -0.047     -0.068    24.6940 0.0000e+00
     -0.046      0.004     7.3867     88.818     36.624  36.408185     1.7502      8.937   185.1366 6.8309e+02     4.0299     -0.045     -0.066    24.6853 0.0000e+00
     -0.042      0.004     7.3876     88.758     36.599  36.368330     1.7947      8.937   185.0410 4.2984e+02     4.0512     -0.042     -0.061    24.6979 0.0000e+00
     -0.038      0.003     7.3880     88.756     36.604  36.353739     1.7966      8.937   184.9202 3.3636e+02     3.9392     -0.036     -0.053    24.7137 0.0000e+00
     -0.038      0.002     7.3846     88.849     36.624  36.358645     1.7645      8.938   184.9663 3.5921e+02     3.8720     -0.036     -0.053    24.7139 0.0000e+00
     -0.041      0.002     7.3780     89.021     36.640  36.364176     1.7307      8.939   185.0832 3.5626e+02     3.9563     -0.040     -0.058    24.7032 0.0000e+00
     -0.043      0.002     7.3750     89.168     36.642  36.357143     1.7205      8.939   186.3334 2.8371e+02     4.1046     -0.043     -0.062    24.6815 0.0000e+00
     -0.043      0.003     7.3777     89.209     36.630  36.337049     1.7415      8.941   192.0801 2.3453e+02     4.0935     -0.043     -0.063    24.6503 0.0000e+00
     -0.041      0.003     7.3877     89.121     36.610  36.311554     1.7433      8.944   196.7484 2.2498e+02     3.9588     -0.040     -0.059    24.6297 0.0000e+00
     -0.037      0.002     7.4082     88.941     36.610  36.302693     1.7172      8.946   196.9188 2.2262e+02     3.9105     -0.035     -0.053    24.6186 0.0000e+00
     -0.034      0.001     7.4249     88.789     36.613  36.293346     1.7084      8.948   198.9577 2.2773e+02     3.9529     -0.032     -0.046    24.6031 0.0000e+00
     -0.034     -0.001     7.4299     88.753     36.594  36.261971     1.7204      8.949   197.1372 2.6003e+02     4.0275     -0.032     -0.047    24.5921 0.0000e+00
     -0.038     -0.001     7.4234     88.803     36.585  36.240573     1.7298      8.951   190.5666 3.0333e+02     4.0271     -0.037     -0.054    24.5888 0.0000e+00
     -0.042     -0.001     7.4051     88.951     36.580  36.224963     1.7216      8.951   187.3986 2.9691e+02     3.9480     -0.042     -0.060    24.5772 0.0000e+00
     -0.043      0.001     7.3907     89.201     36.566  36.200103     1.7220      8.951   187.1405 2.6164e+02     3.9592     -0.043     -0.062    24.5575 0.0000e+00
     -0.041      0.004     7.3944     89.458     36.570  36.193786     1.7513      8.951   190.9731 2.4532e+02     4.0602     -0.040     -0.058    24.5401 0.0000e+00
     -0.037      0.008     7.3991     89.641     36.595  36.212024     1.7754      8.954   194.9346 2.5870e+02     4.1092     -0.036     -0.052    24.5244 0.0000e+00
     -0.034      0.010     7.4117     89.713     36.618  36.230253     1.7726      8.955   191.5884 5.5939e+02     4.0404     -0.034     -0.049    24.5079 0.0000e+00
     -0.032      0.012     7.4401     89.698     36.613  36.223834     1.7666      8.955   187.3390 8.5406e+02     3.9124     -0.031     -0.045    24.4934 0.0000e+00
     -0.029      0.014     7.4648     89.684     36.589  36.197855     1.7786      8.956   186.4039 7.2357e+02     3.8937     -0.029     -0.042    24.4789 0.0000e+00
     -0.026      0.021     7.4826     89.696     36.566  36.169945     1.8004      8.956   185.5304 5.6028e+02     4.0184     -0.026     -0.037    24.4690 0.0000e+00
     -0.022      0.036     7.4897     89.731     36.544  36.140166     1.8140      8.956   184.3486 3.9636e+02     4.1223     -0.022     -0.032    24.4655 0.0000e+00
     -0.018      0.063     7.4835     89.824     36.507  36.091592     1.8019      8.957   183.4722 2.4956e+02     4.1252     -0.019     -0.027    24.4626 0.0000e+00
     -0.008      0.099     7.4830     89.918     36.460  36.026775     1.7785      8.959   183.1934 2.7301e+02     4.0878     -0.011     -0.015    24.4608 0.0000e+00
      0.013      0.137     7.4867     89.898     36.450  35.990944     1.7897      8.959   183.3007 4.0098e+02     4.1487      0.004      0.007    24.4537 0.0000e+00
      0.055      0.167     7.4873     89.793     36.465  35.975562     1.8118      8.958   183.5648 6.7910e+02     4.2120      0.043      0.063    24.4427 0.0000e+00
      0.121      0.183     7.4993     89.710     36.485  35.967642     1.8633      8.957   183.7197 8.7360e+02     4.1012      0.116      0.170    24.4288 0.0000e+00
      0.193      0.183     7.5164     89.682     36.498  35.958600     1.9626      8.957   183.7112 7.1046e+02     3.9698      0.195      0.283    24.4051 0.0000e+00
      0.250      0.163     7.5182     89.678     36.484  35.929645     2.0051      8.958   183.7200 4.0067e+02     3.9223      0.253      0.367    24.3671 0.0000e+00
      0.288      0.127     7.5105     89.659     36.500  35.934790     2.0108      8.959   183.7407 2.2462e+02     3.9377      0.287      0.416    24.3218 0.0000e+00
      0.310      0.084     7.5094     89.646     36.528  35.957342     2.0404      8.959   183.7895 1.6676e+02     3.9504      0.308      0.446    24.2823 0.0000e+00
      0.320      0.044     7.5119     89.641     36.520  35.948509     2.0551      8.960   183.9650 1.5066e+02     3.9046      0.318      0.462    24.2523 0.0000e+00
      0.320      0.014     7.5168     89.567     36.525  35.954892     2.0471      8.960   184.1424 1.5002e+02     3.8619      0.315      0.457    24.2318 0.0000e+00
      0.313     -0.003     7.5158     89.437     36.540  35.971062     2.0433      8.959   184.2993 1.5947e+02     3.8781      0.307      0.445    24.2180 0.0000e+00
      0.306     -0.009     7.5135     89.364     36.522  35.953668     2.0597      8.958   184.4857 1.8646e+02     3.9640      0.300      0.435    24.2109 0.0000e+00
      0.301     -0.008     7.5191     89.404     36.504  35.934948     2.0786      8.958   184.6749 2.7080e+02     3.9790      0.294      0.426    24.2099 0.0000e+00
      0.299     -0.003     7.5115     89.529     36.506  35.935063     2.0720      8.960   184.8669 3.5707e+02     3.8882      0.291      0.422    24.2125 0.0000e+00
      0.300      0.004     7.4949     89.689     36.527  35.955052     2.0547      8.960   185.0858 3.8090e+02     3.8557      0.292      0.425    24.2156 0.0000e+00
      0.304      0.010     7.4876     89.860     36.559  35.986279     2.0608      8.961   185.3422 3.8289e+02     3.9286      0.298      0.432    24.2166 0.0000e+00
      0.309      0.016     7.4920     90.013     36.566  35.995383     2.0871      8.962   185.6446 3.6740e+02     4.0524      0.304      0.441    24.2148 0.0000e+00
      0.313      0.024     7.5053     90.100     36.568  36.001680     2.0900      8.962   185.9887 3.2636e+02     4.0887      0.306      0.444    24.2118 0.0000e+00
      0.317      0.034     7.5189     90.084     36.560  35.998966     2.0630      8.963   186.4061 2.5952e+02     3.9913      0.310      0.449    24.2101 0.0000e+00
      0.323      0.044     7.5341     89.938     36.520  35.962579     2.0683      8.964   186.9056 2.0616e+02     3.9682      0.317      0.459    24.2106 0.0000e+00
      0.333      0.054     7.5478     89.642     36.502  35.942439     2.1043      8.966   187.2952 1.8987e+02     4.0479      0.321      0.466    24.2141 0.0000e+00
      0.352      0.061     7.5562     89.287     36.513  35.945796     2.1147      8.967   187.5035 1.8293e+02     4.0679      0.342      0.496    24.2186 0.0000e+00
      0.377      0.063     7.5535     89.053     36.515  35.939707     2.0943      8.968   187.7026 1.8576e+02     4.0052      0.374      0.543    24.2268 0.0000e+00
      0.398      0.063     7.5422     88.958     36.515  35.932257     2.0658      8.969   187.9821 1.9847e+02     3.9725      0.392      0.570    24.2338 0.0000e+00
      0.413      0.061     7.5165     88.912     36.508  35.919150     2.0782      8.969   188.3021 2.1711e+02     4.0825      0.407      0.590    24.2291 0.0000e+00
      0.423      0.056     7.4784     88.849     36.501  35.908124     2.1366      8.969   188.6451 2.3715e+02     4.1739      0.417      0.605    24.2180 0.0000e+00
      0.432      0.052     7.4621     88.768     36.524  35.925835     2.1721      8.969   189.0325 2.5046e+02     4.1887      0.421      0.612    24.2058 0.0000e+00
      0.444      0.049     7.4594     88.731     36.547  35.942940     2.1578      8.971   189.3724 2.7343e+02     4.2281      0.434      0.630    24.1947 0.0000e+00
