Data/DataNotYetUploadedToEDI/Raw_CTD/RawDownloads/080425_fcr50_S7809001.cnv
* Sea-Bird SBE19plus  Data File:
* FileName = C:\R\Reservoirs\Data\DataNotYetUploadedToEDI\Raw_CTD\RawDownloads\080425_fcr50_S7809_0001.hex
* Software version 2.8.0.119
* Temperature SN = 7809
* Conductivity SN = 7809
* System UpLoad Time = Aug 11 2025 16:37:00
* <ApplicationData>
* <Seaterm232>
# nquan = 15
# nvalues = 2242                        
# units = specified
# name 0 = depFM: Depth [fresh water, m]
# name 1 = dz/dtM: Descent Rate [m/s]
# name 2 = sbeox0Mg/L: Oxygen, SBE 43 [mg/l]
# name 3 = sbeox0PS: Oxygen, SBE 43 [% saturation]
# name 4 = specc: Specific Conductance [uS/cm]
# name 5 = c0uS/cm: Conductivity [uS/cm]
# name 6 = flECO-AFL: Fluorescence, WET Labs ECO-AFL/FL [mg/m^3]
# name 7 = ph: pH
# name 8 = orp: Oxidation Reduction Potential [mV]
# name 9 = par/sat/log: PAR/Logarithmic, Satlantic
# name 10 = turbWETntu0: Turbidity, WET Labs ECO [NTU]
# name 11 = prdM: Pressure, Strain Gauge [db]
# name 12 = prdE: Pressure, Strain Gauge [psi]
# name 13 = tv290C: Temperature [ITS-90, deg C]
# name 14 = flag:  0.000e+00
# span 0 =     -0.598,      9.585       
# span 1 =     -0.224,      0.259       
# span 2 =     0.0121,     8.0680       
# span 3 =      0.119,     96.439       
# span 4 =      2.353,    407.118       
# span 5 =   2.318554, 299.579804       
# span 6 =    -1.6505,   232.8021       
# span 7 =      5.795,      8.614       
# span 8 = -1240.7455,   389.3392       
# span 9 = 1.2356e-01, 2.1651e+03       
# span 10 =    -2.2808,   318.8208      
# span 11 =     -0.587,      9.402      
# span 12 =     -0.851,     13.637      
# span 13 =    11.7590,    24.4377      
# span 14 = 0.0000e+00, 0.0000e+00      
# interval = seconds: 0.25
# start_time = Aug 04 2025 10:51:34 [Instrument's time stamp, header]
# bad_flag = -9.990e-29
*END*
[from data line 675]
      1.902      0.025     1.8833     17.198     40.643  39.143840     3.6856      8.357   201.6918 9.3845e+01     6.0486      1.864      2.704    23.2182 0.0000e+00
      1.910      0.027     1.8366     15.766     40.671  39.157688     3.6733      8.355   201.6393 9.3020e+01     6.0864      1.872      2.716    23.1921 0.0000e+00
      1.916      0.029     1.7463     14.725     40.693  39.170703     3.6590      8.352   201.7147 9.2576e+01     6.1150      1.880      2.727    23.1773 0.0000e+00
      1.920      0.030     1.6165     14.053     40.708  39.174271     3.7620      8.349   201.8292 9.1974e+01     6.1221      1.882      2.730    23.1695 0.0000e+00
      1.928      0.028     1.4629     13.695     40.754  39.200813     3.9695      8.347   201.9053 9.0624e+01     6.2061      1.888      2.738    23.1498 0.0000e+00
      1.940      0.025     1.3353     13.591     40.810  39.237748     4.0870      8.344   201.8605 8.9387e+01     6.2764      1.905      2.762    23.1296 0.0000e+00
      1.950      0.022     1.2493     13.612     40.823  39.240068     4.0761      8.340   201.8891 8.8960e+01     6.2897      1.915      2.777    23.1270 0.0000e+00
      1.953      0.018     1.1933     13.594     40.816  39.228844     4.0205      8.335   201.9933 8.8832e+01     6.3665      1.915      2.778    23.1172 0.0000e+00
      1.954      0.013     1.1646     13.474     40.825  39.228950     3.9311      8.332   202.1735 8.8716e+01     6.4197      1.916      2.779    23.0872 0.0000e+00
      1.955      0.009     1.1597     13.280     40.860  39.241342     3.8694      8.329   202.3468 8.8610e+01     6.4204      1.917      2.780    23.0642 0.0000e+00
      1.957      0.007     1.1688     13.076     40.900  39.251722     3.8483      8.326   202.2821 8.8422e+01     6.4091      1.919      2.783    23.0531 0.0000e+00
      1.958      0.008     1.1683     12.905     40.892  39.227492     3.7675      8.324   202.1657 8.8267e+01     6.3854      1.920      2.785    23.0520 0.0000e+00
      1.959      0.010     1.1571     12.765     40.861  39.202192     3.6501      8.322   202.1451 8.8096e+01     6.4405      1.921      2.788    23.0488 0.0000e+00
      1.962      0.012     1.1387     12.679     40.840  39.199675     3.6023      8.319   202.2043 8.7614e+01     6.4606      1.923      2.790    23.0178 0.0000e+00
      1.965      0.014     1.1203     12.685     40.817  39.197081     3.5886      8.317   202.3652 8.6969e+01     6.3555      1.927      2.795    22.9732 0.0000e+00
      1.970      0.017     1.1076     12.795     40.777  39.170858     3.6101      8.314   202.4562 8.6500e+01     6.3654      1.932      2.803    22.9479 0.0000e+00
      1.975      0.020     1.0941     12.981     40.731  39.136478     3.7037      8.313   202.4438 8.6018e+01     6.5462      1.937      2.809    22.9594 0.0000e+00
      1.980      0.022     1.0847     13.202     40.741  39.162163     3.7882      8.312   202.4733 8.5509e+01     6.6972      1.942      2.816    22.9863 0.0000e+00
      1.985      0.022     1.0843     13.479     40.791  39.227601     3.8248      8.310   202.5549 8.4910e+01     6.7219      1.945      2.822    23.0130 0.0000e+00
      1.992      0.022     1.0944     13.890     40.849  39.293111     3.8138      8.308   202.5701 8.4059e+01     6.6397      1.952      2.831    23.0274 0.0000e+00
      2.000      0.021     1.1119     14.390     40.943  39.383110     3.7795      8.306   202.6576 8.3374e+01     6.5575      1.962      2.846    23.0311 0.0000e+00
      2.005      0.020     1.1306     14.763     41.072  39.490780     3.7674      8.305   202.9246 8.3005e+01     6.6155      1.967      2.853    23.0563 0.0000e+00
      2.008      0.020     1.1492     14.866     41.209  39.579547     3.7841      8.304   203.0449 8.2681e+01     6.7270      1.969      2.856    23.0826 0.0000e+00
      2.011      0.020     1.1841     14.681     41.337  39.631330     3.8069      8.302   203.0793 8.2316e+01     6.6416      1.972      2.861    23.0939 0.0000e+00
      2.015      0.021     1.2375     14.201     41.459  39.672544     3.8938      8.301   203.1680 8.1800e+01     6.4707      1.976      2.865    23.0940 0.0000e+00
      2.022      0.023     1.2733     13.402     41.547  39.696986     4.0685      8.300   203.2580 8.1087e+01     6.4709      1.983      2.875    23.0813 0.0000e+00
      2.029      0.025     1.2823     12.337     41.567  39.672918     4.1795      8.297   203.3924 8.0395e+01     6.5756      1.989      2.887    23.0344 0.0000e+00
      2.035      0.028     1.2695     11.205     41.558  39.635323     4.2294      8.295   203.5021 7.9689e+01     6.7120      1.995      2.894    22.9321 0.0000e+00
      2.042      0.030     1.2317     10.202     41.573  39.623168     4.4222      8.293   203.5521 7.8864e+01     6.7205      2.003      2.904    22.8306 0.0000e+00
      2.051      0.032     1.1644      9.462     41.637  39.652837     4.7289      8.291   203.4801 7.8033e+01     6.5069      2.012      2.917    22.7612 0.0000e+00
      2.059      0.033     1.0656      9.073     41.775  39.740166     4.9081      8.290   203.4064 7.7188e+01     6.4183      2.019      2.928    22.7094 0.0000e+00
      2.068      0.033     0.9619      8.995     41.958  39.853987     4.9579      8.289   203.3498 7.6393e+01     6.5365      2.028      2.941    22.6804 0.0000e+00
      2.077      0.033     0.8739      9.115     42.128  39.950092     5.1649      8.287   203.3111 7.5628e+01     6.5702      2.037      2.954    22.6526 0.0000e+00
      2.085      0.033     0.8051      9.305     42.262  40.013600     5.5454      8.285   203.4556 7.4865e+01     6.4502      2.045      2.967    22.6149 0.0000e+00
      2.093      0.032     0.7748      9.409     42.366  40.050599     5.7465      8.284   203.5480 7.4218e+01     6.3497      2.054      2.978    22.5697 0.0000e+00
      2.101      0.030     0.7737      9.320     42.450  40.080040     5.7743      8.283   203.5680 7.3394e+01     6.3797      2.059      2.986    22.4884 0.0000e+00
      2.110      0.028     0.7872      8.998     42.525  40.115650     5.8151      8.281   203.5262 7.2549e+01     6.4718      2.070      3.002    22.4063 0.0000e+00
      2.118      0.027     0.8120      8.470     42.609  40.163795     5.8479      8.279   203.3867 7.2079e+01     6.5411      2.079      3.014    22.3365 0.0000e+00
      2.124      0.027     0.8245      7.856     42.704  40.217865     5.8469      8.277   203.4294 7.1651e+01     6.4991      2.082      3.020    22.2559 0.0000e+00
      2.129      0.026     0.8191      7.275     42.795  40.261654     5.8361      8.275   203.6122 7.1093e+01     6.3751      2.087      3.028    22.1969 0.0000e+00
      2.135      0.026     0.7914      6.751     42.827  40.248949     6.0083      8.273   203.7039 7.0499e+01     6.3736      2.092      3.035    22.1609 0.0000e+00
      2.142      0.026     0.7414      6.282     42.809  40.191115     6.3565      8.272   203.5058 6.9851e+01     6.4811      2.099      3.045    22.1274 0.0000e+00
      2.149      0.027     0.6834      5.882     42.788  40.133500     6.5502      8.271   203.1964 6.9302e+01     6.5473      2.109      3.059    22.0866 0.0000e+00
      2.156      0.027     0.6339      5.575     42.746  40.059983     6.5528      8.271   203.0603 6.8769e+01     6.5249      2.115      3.067    22.0353 0.0000e+00
      2.164      0.026     0.5891      5.363     42.712  40.000269     6.5378      8.270   203.0646 6.8091e+01     6.4490      2.121      3.077    21.9823 0.0000e+00
      2.171      0.025     0.5476      5.211     42.718  39.982635     6.7345      8.269   203.1617 6.7579e+01     6.5182      2.130      3.089    21.9360 0.0000e+00
      2.176      0.023     0.5128      5.122     42.732  39.973668     7.1252      8.267   203.2022 6.7186e+01     6.7126      2.134      3.095    21.8908 0.0000e+00
      2.181      0.022     0.4850      5.090     42.732  39.955277     7.3333      8.266   203.1240 6.6721e+01     6.7846      2.138      3.101    21.8494 0.0000e+00
      2.187      0.022     0.4697      5.076     42.748  39.950637     7.3527      8.265   203.0772 6.6378e+01     6.7051      2.146      3.112    21.8201 0.0000e+00
      2.192      0.022     0.4551      5.093     42.802  39.981007     7.3429      8.264   203.1527 6.6037e+01     6.6047      2.149      3.117    21.7921 0.0000e+00
      2.197      0.023     0.4474      5.140     42.852  40.005136     7.3316      8.264   203.1754 6.5553e+01     6.6306      2.153      3.123    21.7659 0.0000e+00
      2.203      0.025     0.4478      5.172     42.863  39.988494     7.3408      8.262   203.1804 6.5124e+01     6.7456      2.161      3.134    21.7469 0.0000e+00
      2.209      0.026     0.4449      5.167     42.876  39.970136     7.3547      8.260   203.2986 6.4604e+01     6.7981      2.165      3.141    21.7237 0.0000e+00
      2.217      0.027     0.4460      5.126     42.912  39.973518     7.4487      8.260   203.3148 6.3908e+01     6.7195      2.174      3.152    21.6981 0.0000e+00
      2.226      0.027     0.4534      5.049     42.934  39.965880     7.6118      8.260   203.2034 6.3358e+01     6.5807      2.184      3.167    21.6752 0.0000e+00
      2.233      0.027     0.4564      4.948     42.937  39.941219     7.7132      8.260   203.0706 6.2928e+01     6.6232      2.189      3.176    21.6432 0.0000e+00
      2.239      0.026     0.4562      4.834     42.952  39.929146     7.7582      8.259   202.9990 6.2541e+01     6.7891      2.196      3.184    21.6060 0.0000e+00
      2.244      0.025     0.4531      4.725     42.996  39.946798     7.7648      8.259   203.2844 6.2112e+01     6.8444      2.201      3.193    21.5705 0.0000e+00
      2.251      0.023     0.4460      4.652     43.035  39.964225     7.7193      8.258   203.7685 6.1543e+01     6.7789      2.206      3.200    21.5373 0.0000e+00
      2.258      0.021     0.4371      4.627     43.034  39.949442     7.6735      8.257   203.9475 6.1083e+01     6.6465      2.215      3.213    21.5072 0.0000e+00
      2.264      0.021     0.4268      4.629     43.059  39.958422     7.6771      8.255   203.8138 6.0796e+01     6.6107      2.220      3.220    21.4743 0.0000e+00
      2.268      0.022     0.4167      4.665     43.138  40.009331     7.7463      8.255   203.6149 6.0556e+01     6.7558      2.224      3.225    21.4459 0.0000e+00
      2.272      0.022     0.4088      4.707     43.219  40.057241     7.8358      8.255   203.6940 6.0216e+01     6.9313      2.227      3.230    21.4245 0.0000e+00
      2.277      0.023     0.4097      4.720     43.291  40.093411     7.8603      8.254   203.9960 5.9711e+01     6.9571      2.232      3.237    21.4106 0.0000e+00
      2.284      0.025     0.4075      4.711     43.363  40.129304     7.8342      8.253   204.0830 5.9210e+01     6.8626      2.240      3.249    21.3983 0.0000e+00
      2.291      0.027     0.4121      4.659     43.444  40.173869     7.8776      8.252   204.0575 5.8740e+01     6.8808      2.247      3.259    21.3714 0.0000e+00
      2.298      0.027     0.4194      4.560     43.494  40.187950     7.9951      8.251   204.1179 5.8304e+01     6.9723      2.255      3.270    21.3378 0.0000e+00
      2.305      0.026     0.4173      4.410     43.513  40.172591     8.0641      8.250   204.0394 5.7841e+01     6.9793      2.261      3.279    21.3023 0.0000e+00
      2.313      0.024     0.4200      4.186     43.550  40.178501     8.0543      8.250   203.8820 5.7310e+01     6.9307      2.268      3.289    21.2657 0.0000e+00
      2.320      0.021     0.4147      3.931     43.591  40.195907     8.0186      8.249   203.9346 5.6958e+01     6.8629      2.277      3.301    21.2330 0.0000e+00
      2.325      0.018     0.4058      3.698     43.605  40.192635     7.9906      8.249   204.0731 5.6809e+01     6.8764      2.280      3.307    21.1937 0.0000e+00
      2.328      0.016     0.3956      3.516     43.630  40.202374     7.9734      8.248   204.0951 5.6686e+01     6.9575      2.282      3.311    21.1529 0.0000e+00
      2.331      0.016     0.3728      3.392     43.691  40.250182     7.9600      8.248   203.8558 5.6506e+01     6.9897      2.285      3.314    21.1213 0.0000e+00
      2.334      0.016     0.3489      3.317     43.704  40.262957     7.9361      8.248   203.5038 5.6252e+01     6.9590      2.289      3.319    21.0981 0.0000e+00
      2.338      0.017     0.3273      3.277     43.648  40.229901     7.8020      8.247   203.3662 5.5917e+01     6.8251      2.292      3.324    21.0802 0.0000e+00
      2.343      0.021     0.3111      3.264     43.615  40.231316     7.5866      8.245   203.2244 5.5498e+01     6.7033      2.297      3.331    21.0654 0.0000e+00
      2.349      0.026     0.3007      3.273     43.652  40.280115     7.4876      8.244   203.1657 5.5148e+01     6.7499      2.304      3.342    21.0534 0.0000e+00
      2.354      0.030     0.2939      3.284     43.716  40.312245     7.4622      8.242   203.4315 5.4903e+01     6.7392      2.309      3.349    21.0498 0.0000e+00
      2.360      0.031     0.2912      3.285     43.730  40.302425     7.3124      8.241   203.4264 5.4307e+01     6.5401      2.311      3.352    21.0708 0.0000e+00
      2.372      0.030     0.2892      3.280     43.673  40.288270     7.0749      8.240   203.0178 5.3350e+01     6.3571      2.325      3.372    21.1198 0.0000e+00
      2.386      0.028     0.2910      3.272     43.578  40.268080     6.9719      8.239   202.7930 5.2775e+01     6.3373      2.345      3.400    21.1619 0.0000e+00
      2.394      0.026     0.2925      3.269     43.513  40.248807     7.0073      8.239   202.8592 5.2640e+01     6.4373      2.349      3.407    21.1049 0.0000e+00
      2.396      0.023     0.2927      3.281     43.513  40.245690     7.0946      8.239   202.9587 5.2525e+01     6.4392      2.350      3.407    21.0347 0.0000e+00
      2.397      0.020     0.2920      3.309     43.523  40.230387     7.2209      8.238   202.9634 5.2309e+01     6.3262      2.351      3.409    21.1084 0.0000e+00
      2.401      0.020     0.2901      3.344     43.508  40.190664     7.2937      8.238   202.8302 5.1966e+01     6.3011      2.354      3.413    21.2148 0.0000e+00
      2.407      0.025     0.2897      3.387     43.491  40.146151     7.3092      8.238   202.5517 5.1559e+01     6.4086      2.361      3.423    21.2638 0.0000e+00
      2.414      0.031     0.2900      3.443     43.508  40.136397     7.2243      8.238   202.3492 5.1169e+01     6.4980      2.368      3.435    21.2509 0.0000e+00
      2.422      0.035     0.2939      3.502     43.512  40.136155     7.0167      8.236   202.2753 5.0699e+01     6.4260      2.374      3.444    21.2060 0.0000e+00
      2.432      0.037     0.2967      3.556     43.512  40.143215     6.8798      8.234   202.3465 4.9981e+01     6.3239      2.382      3.455    21.1873 0.0000e+00
      2.446      0.037     0.3005      3.610     43.544  40.158307     6.8518      8.233   202.6073 4.9333e+01     6.3221      2.401      3.482    21.1496 0.0000e+00
      2.457      0.035     0.3064      3.680     43.554  40.128220     6.8518      8.232   202.7617 4.8931e+01     6.3020      2.411      3.498    21.1076 0.0000e+00
      2.464      0.030     0.3115      3.751     43.564  40.096705     6.9305      8.232   202.7512 4.8441e+01     6.2515      2.414      3.503    21.1078 0.0000e+00
      2.472      0.024     0.3164      3.773     43.608  40.094515     7.0540      8.232   202.7384 4.8077e+01     6.1903      2.425      3.518    21.1365 0.0000e+00
      2.478      0.019     0.3202      3.750     43.673  40.101691     7.0969      8.231   203.0368 4.7975e+01     6.0749      2.431      3.526    21.1246 0.0000e+00
      2.481      0.015     0.3268      3.714     43.755  40.119929     7.0914      8.230   203.6067 4.7849e+01     6.0172      2.432      3.528    21.0548 0.0000e+00
      2.483      0.011     0.3368      3.666     43.825  40.124565     7.1374      8.231   203.9500 4.7738e+01     6.1418      2.435      3.532    21.0149 0.0000e+00
