Data/DataNotYetUploadedToEDI/Raw_CTD/RawDownloads/080425_fcr20_S7809003.cnv
* Sea-Bird SBE19plus  Data File:
* FileName = C:\R\Reservoirs\Data\DataNotYetUploadedToEDI\Raw_CTD\RawDownloads\080425_fcr50_S7809_0003.hex
* Software version 2.8.0.119
* Temperature SN = 7809
* Conductivity SN = 7809
* System UpLoad Time = Aug 11 2025 16:38:01
* <ApplicationData>
* <Seaterm232>
# nquan = 15
# nvalues = 1314                        
# units = specified
# name 0 = depFM: Depth [fresh water, m]
# name 1 = dz/dtM: Descent Rate [m/s]
# name 2 = sbeox0Mg/L: Oxygen, SBE 43 [mg/l]
# name 3 = sbeox0PS: Oxygen, SBE 43 [% saturation]
# name 4 = specc: Specific Conductance [uS/cm]
# name 5 = c0uS/cm: Conductivity [uS/cm]
# name 6 = flECO-AFL: Fluorescence, WET Labs ECO-AFL/FL [mg/m^3]
# name 7 = ph: pH
# name 8 = orp: Oxidation Reduction Potential [mV]
# name 9 = par/sat/log: PAR/Logarithmic, Satlantic
# name 10 = turbWETntu0: Turbidity, WET Labs ECO [NTU]
# name 11 = prdM: Pressure, Strain Gauge [db]
# name 12 = prdE: Pressure, Strain Gauge [psi]
# name 13 = tv290C: Temperature [ITS-90, deg C]
# name 14 = flag:  0.000e+00
# span 0 =     -0.594,      3.704       
# span 1 =     -0.422,      0.208       
# span 2 =    -0.0250,    10.3673       
# span 3 =     -0.176,    103.644       
# span 4 =      1.233,    194.742       
# span 5 =   1.177485, 155.584289       
# span 6 =    -0.0843,    13.3801       
# span 7 =      8.303,     10.792       
# span 8 = -1236.5237,   623.5849       
# span 9 = 1.2358e-01, 2.6486e+03       
# span 10 =    -0.1579,   149.8035      
# span 11 =     -0.583,      3.635      
# span 12 =     -0.846,      5.271      
# span 13 =    14.2015,    25.2724      
# span 14 = 0.0000e+00, 0.0000e+00      
# interval = seconds: 0.25
# start_time = Aug 04 2025 12:14:29 [Instrument's time stamp, header]
# bad_flag = -9.990e-29
*END*
[from data line 675]
      1.707      0.017     7.3843     86.985     36.209  35.209014     2.7621      8.998   198.3441 4.2186e+01     8.6848      1.674      2.429    23.6262 0.0000e+00
      1.713      0.017     7.3770     87.013     36.223  35.221050     2.7293      8.999   198.2577 4.1796e+01     8.6601      1.681      2.438    23.6246 0.0000e+00
      1.717      0.018     7.3786     87.077     36.236  35.233000     2.7679      8.998   198.2737 4.1659e+01     8.7614      1.684      2.442    23.6207 0.0000e+00
      1.719      0.019     7.3760     87.115     36.231  35.226608     2.7960      8.997   198.3644 4.1709e+01     8.8506      1.686      2.446    23.6159 0.0000e+00
      1.723      0.019     7.3729     87.126     36.212  35.207207     2.8035      8.997   198.4942 4.1715e+01     8.8167      1.687      2.448    23.6124 0.0000e+00
      1.729      0.018     7.3754     87.129     36.194  35.188760     2.7835      8.997   198.4665 4.1680e+01     8.6928      1.693      2.456    23.6104 0.0000e+00
      1.737      0.017     7.3848     87.106     36.199  35.193914     2.7784      8.997   198.3736 4.1839e+01     8.6504      1.704      2.472    23.6101 0.0000e+00
      1.744      0.015     7.3871     87.078     36.211  35.206073     2.8000      8.997   198.4041 4.2349e+01     8.7143      1.711      2.483    23.6091 0.0000e+00
      1.746      0.012     7.3869     87.095     36.214  35.208881     2.7950      8.998   198.4044 4.3114e+01     8.7145      1.712      2.483    23.6072 0.0000e+00
      1.745      0.008     7.3895     87.160     36.233  35.227857     2.7685      8.998   198.3769 4.3881e+01     8.6521      1.711      2.481    23.6059 0.0000e+00
      1.745      0.006     7.3863     87.218     36.250  35.245179     2.7545      8.998   198.4162 4.4628e+01     8.6088      1.711      2.482    23.6054 0.0000e+00
      1.746      0.005     7.3817     87.235     36.232  35.227976     2.7578      8.997   198.5354 4.5531e+01     8.6003      1.713      2.484    23.6063 0.0000e+00
      1.748      0.006     7.3827     87.226     36.213  35.210200     2.8000      8.997   198.7004 4.6579e+01     8.6182      1.715      2.487    23.6077 0.0000e+00
      1.750      0.007     7.3907     87.209     36.224  35.220592     2.8487      8.997   198.7759 4.7673e+01     8.6212      1.716      2.489    23.6084 0.0000e+00
      1.751      0.010     7.3967     87.143     36.230  35.226728     2.8395      8.997   198.6743 4.8801e+01     8.6012      1.717      2.490    23.6084 0.0000e+00
      1.753      0.012     7.3975     87.026     36.225  35.220945     2.8128      8.997   198.5040 4.9889e+01     8.6161      1.719      2.493    23.6091 0.0000e+00
      1.756      0.014     7.3945     86.946     36.219  35.214119     2.8012      8.997   198.5233 5.0964e+01     8.7673      1.722      2.498    23.6101 0.0000e+00
      1.761      0.016     7.3960     86.953     36.212  35.207632     2.7910      8.996   198.6497 5.2075e+01     8.9598      1.727      2.505    23.6099 0.0000e+00
      1.767      0.017     7.3913     87.022     36.211  35.205959     2.7730      8.995   198.7426 5.3142e+01     8.9623      1.733      2.513    23.6089 0.0000e+00
      1.772      0.017     7.3770     87.093     36.199  35.193894     2.7410      8.995   198.8718 5.4201e+01     8.9343      1.739      2.522    23.6078 0.0000e+00
      1.776      0.016     7.3689     87.110     36.194  35.188645     2.7292      8.995   198.8357 5.5303e+01     9.0663      1.743      2.529    23.6071 0.0000e+00
      1.780      0.016     7.3709     87.070     36.212  35.205948     2.7471      8.994   198.6499 5.6428e+01     9.1575      1.746      2.532    23.6072 0.0000e+00
      1.782      0.017     7.3783     87.022     36.219  35.212766     2.7568      8.994   198.6039 5.7438e+01     9.0456      1.748      2.535    23.6069 0.0000e+00
      1.785      0.018     7.3869     87.011     36.214  35.207622     2.7391      8.994   198.6235 5.8244e+01     8.8755      1.750      2.539    23.6064 0.0000e+00
      1.790      0.020     7.3887     87.063     36.214  35.207206     2.6907      8.994   198.6290 5.8975e+01     8.8769      1.754      2.544    23.6057 0.0000e+00
      1.796      0.021     7.3826     87.147     36.215  35.207735     2.6294      8.993   198.7565 5.9571e+01     8.9941      1.761      2.554    23.6054 0.0000e+00
      1.804      0.021     7.3783     87.211     36.223  35.214014     2.5978      8.993   198.8743 5.9966e+01     9.0631      1.769      2.566    23.6053 0.0000e+00
      1.812      0.020     7.3754     87.256     36.229  35.219678     2.5908      8.992   198.8488 6.0346e+01     9.0280      1.778      2.579    23.6047 0.0000e+00
      1.817      0.017     7.3814     87.298     36.223  35.212771     2.5708      8.992   198.8783 6.0780e+01     8.9115      1.784      2.588    23.6039 0.0000e+00
      1.820      0.013     7.3912     87.313     36.203  35.193945     2.5636      8.992   198.9732 6.1182e+01     8.9177      1.785      2.589    23.6029 0.0000e+00
      1.821      0.011     7.3961     87.263     36.190  35.182400     2.5871      8.991   198.9635 6.1504e+01     9.0692      1.784      2.588    23.6017 0.0000e+00
      1.822      0.009     7.3989     87.153     36.208  35.200072     2.6049      8.990   198.9338 6.1841e+01     9.1376      1.786      2.591    23.6007 0.0000e+00
      1.824      0.009     7.4037     87.051     36.226  35.217277     2.5866      8.990   198.9584 6.2216e+01     9.0612      1.789      2.594    23.6006 0.0000e+00
      1.827      0.009     7.4066     87.015     36.209  35.200077     2.5242      8.989   199.0021 6.2616e+01     8.9314      1.792      2.599    23.6011 0.0000e+00
      1.831      0.008     7.4020     87.024     36.191  35.182452     2.4835      8.987   199.1182 6.3000e+01     8.9001      1.796      2.605    23.6014 0.0000e+00
      1.834      0.007     7.3906     87.046     36.204  35.194517     2.5015      8.987   199.1572 6.3363e+01     8.9902      1.799      2.610    23.6015 0.0000e+00
      1.835      0.008     7.3788     87.095     36.229  35.219064     2.5086      8.987   199.0435 6.3832e+01     9.0305      1.801      2.612    23.6015 0.0000e+00
      1.834      0.009     7.3778     87.166     36.235  35.225457     2.5123      8.987   199.0336 6.4249e+01     8.9778      1.798      2.608    23.6014 0.0000e+00
      1.833      0.011     7.3800     87.212     36.217  35.208362     2.5543      8.987   199.2096 6.4339e+01     8.9340      1.796      2.605    23.6011 0.0000e+00
      1.837      0.013     7.3806     87.201     36.211  35.202708     2.5913      8.987   199.3656 6.4188e+01     8.9787      1.800      2.612    23.6012 0.0000e+00
      1.845      0.016     7.3843     87.150     36.230  35.220553     2.6105      8.986   199.3703 6.4101e+01     9.0734      1.810      2.626    23.6014 0.0000e+00
      1.852      0.019     7.3929     87.116     36.245  35.233773     2.6036      8.984   199.3524 6.4111e+01     9.0545      1.817      2.636    23.6015 0.0000e+00
      1.855      0.021     7.3972     87.115     36.247  35.235654     2.5822      8.984   199.4076 6.4092e+01     8.9893      1.819      2.639    23.6017 0.0000e+00
      1.858      0.023     7.3965     87.126     36.257  35.243304     2.5688      8.984   199.4358 6.3958e+01     9.0020      1.821      2.643    23.6017 0.0000e+00
      1.863      0.026     7.3894     87.172     36.279  35.262811     2.5499      8.985   199.4352 6.3565e+01     9.0032      1.826      2.649    23.6012 0.0000e+00
      1.870      0.030     7.3857     87.199     36.300  35.281170     2.5285      8.985   199.5717 6.2912e+01     8.9019      1.833      2.659    23.6002 0.0000e+00
      1.880      0.034     7.3889     87.147     36.296  35.274930     2.4934      8.984   199.7965 6.2242e+01     8.7337      1.843      2.674    23.5992 0.0000e+00
      1.890      0.037     7.3861     87.039     36.274  35.250811     2.4749      8.984   199.8295 6.1635e+01     8.7108      1.854      2.689    23.5976 0.0000e+00
      1.901      0.037     7.3936     86.894     36.269  35.243333     2.4795      8.983   199.7124 6.0977e+01     8.7626      1.864      2.704    23.5948 0.0000e+00
      1.911      0.034     7.3999     86.751     36.276  35.247963     2.4730      8.981   199.6720 6.0237e+01     8.7454      1.874      2.718    23.5913 0.0000e+00
      1.921      0.029     7.3926     86.666     36.273  35.243331     2.4549      8.980   199.6852 5.9483e+01     8.7418      1.885      2.733    23.5883 0.0000e+00
      1.928      0.025     7.3845     86.637     36.283  35.250771     2.4277      8.979   199.7850 5.8860e+01     8.6838      1.894      2.747    23.5851 0.0000e+00
      1.932      0.022     7.3718     86.621     36.308  35.274474     2.4191      8.978   199.9327 5.8375e+01     8.6594      1.895      2.749    23.5811 0.0000e+00
      1.934      0.021     7.3574     86.577     36.311  35.276139     2.4252      8.977   199.9229 5.7960e+01     8.7200      1.895      2.750    23.5767 0.0000e+00
      1.938      0.021     7.3511     86.499     36.307  35.270890     2.4186      8.976   199.9247 5.7540e+01     8.7330      1.900      2.754    23.5737 0.0000e+00
      1.943      0.022     7.3508     86.429     36.312  35.274465     2.3966      8.974   200.0409 5.7042e+01     8.7142      1.905      2.763    23.5720 0.0000e+00
      1.952      0.025     7.3504     86.381     36.294  35.255914     2.3676      8.972   200.1228 5.6517e+01     8.6637      1.914      2.777    23.5708 0.0000e+00
      1.960      0.028     7.3478     86.332     36.276  35.236929     2.3677      8.971   200.2263 5.5925e+01     8.7032      1.923      2.789    23.5699 0.0000e+00
      1.967      0.029     7.3391     86.301     36.276  35.235255     2.3982      8.970   200.2601 5.5253e+01     8.8847      1.929      2.798    23.5687 0.0000e+00
      1.973      0.029     7.3324     86.294     36.279  35.235670     2.4034      8.969   200.1872 5.4567e+01     8.9798      1.933      2.804    23.5666 0.0000e+00
      1.980      0.028     7.3314     86.263     36.287  35.241948     2.3724      8.968   200.2048 5.3777e+01     8.9303      1.940      2.814    23.5643 0.0000e+00
      1.989      0.027     7.3255     86.183     36.294  35.247716     2.3474      8.967   200.3012 5.2920e+01     8.8675      1.951      2.829    23.5618 0.0000e+00
      1.998      0.026     7.3227     86.054     36.289  35.241953     2.3601      8.966   200.4058 5.2171e+01     8.9031      1.960      2.842    23.5590 0.0000e+00
      2.003      0.025     7.3251     85.899     36.283  35.235713     2.4010      8.964   200.4379 5.1515e+01     9.0193      1.965      2.850    23.5567 0.0000e+00
      2.007      0.023     7.3228     85.758     36.284  35.235723     2.4092      8.962   200.3450 5.0872e+01     9.0086      1.969      2.855    23.5547 0.0000e+00
      2.012      0.022     7.3166     85.625     36.291  35.242068     2.3759      8.961   200.3156 5.0276e+01     8.8769      1.974      2.861    23.5524 0.0000e+00
      2.018      0.022     7.3055     85.494     36.300  35.248986     2.3389      8.960   200.4259 4.9739e+01     8.8264      1.979      2.870    23.5512 0.0000e+00
      2.024      0.021     7.2899     85.385     36.308  35.255917     2.3202      8.960   200.4736 4.9219e+01     8.8762      1.985      2.879    23.5510 0.0000e+00
      2.031      0.019     7.2791     85.318     36.317  35.262415     2.3322      8.959   200.4626 4.8690e+01     8.8986      1.991      2.888    23.5504 0.0000e+00
      2.037      0.015     7.2685     85.320     36.320  35.264097     2.3351      8.957   200.5516 4.8215e+01     8.7896      1.998      2.897    23.5493 0.0000e+00
      2.042      0.008     7.2561     85.384     36.333  35.276257     2.3301      8.957   200.6887 4.7895e+01     8.7204      2.003      2.905    23.5473 0.0000e+00
      2.044      0.002     7.2478     85.476     36.338  35.282555     2.3381      8.957   200.7438 4.7698e+01     8.8127      2.006      2.910    23.5447 0.0000e+00
      2.042     -0.003     7.2402     85.569     36.330  35.276786     2.3410      8.956   200.7016 4.7562e+01     8.8468      2.004      2.907    23.5429 0.0000e+00
      2.037     -0.004     7.2413     85.635     36.320  35.269960     2.3477      8.955   200.6955 4.7495e+01     8.7573      1.998      2.898    23.5414 0.0000e+00
      2.032     -0.003     7.2485     85.672     36.311  35.263472     2.3448      8.953   200.8410 4.7450e+01     8.6526      1.991      2.888    23.5400 0.0000e+00
      2.030      0.000     7.2562     85.714     36.308  35.261789     2.3476      8.953   201.0844 4.7345e+01     8.6397      1.989      2.885    23.5405 0.0000e+00
      2.032      0.005     7.2650     85.781     36.295  35.249619     2.3899      8.953   201.1434 4.7221e+01     8.7382      1.992      2.890    23.5441 0.0000e+00
      2.037      0.010     7.2701     85.848     36.289  35.243218     2.4236      8.953   200.9529 4.7106e+01     8.8191      1.997      2.897    23.5491 0.0000e+00
      2.042      0.014     7.2714     85.901     36.295  35.247842     2.4217      8.953   200.8458 4.6905e+01     8.7981      2.003      2.905    23.5529 0.0000e+00
      2.046      0.019     7.2733     85.931     36.291  35.242084     2.4002      8.953   200.8800 4.6636e+01     8.6891      2.007      2.910    23.5545 0.0000e+00
      2.048      0.022     7.2812     85.933     36.287  35.237035     2.3883      8.953   200.9370 4.6351e+01     8.6962      2.008      2.912    23.5547 0.0000e+00
      2.052      0.024     7.2868     85.934     36.302  35.250244     2.4027      8.952   201.0185 4.5934e+01     8.8152      2.011      2.917    23.5536 0.0000e+00
      2.060      0.024     7.2916     85.891     36.329  35.274894     2.3910      8.951   201.0903 4.5311e+01     8.7965      2.020      2.929    23.5517 0.0000e+00
      2.071      0.024     7.2961     85.738     36.338  35.281286     2.3553      8.951   201.1168 4.4607e+01     8.7434      2.033      2.947    23.5494 0.0000e+00
      2.080      0.023     7.2933     85.502     36.324  35.264078     2.3462      8.951   201.0816 4.3967e+01     8.7884      2.042      2.961    23.5464 0.0000e+00
      2.084      0.021     7.2959     85.270     36.321  35.257171     2.3634      8.951   201.0081 4.3405e+01     8.8954      2.044      2.965    23.5449 0.0000e+00
      2.086      0.018     7.2957     85.105     36.330  35.261220     2.3970      8.950   201.0028 4.2846e+01     9.0474      2.044      2.965    23.5441 0.0000e+00
      2.088      0.016     7.2817     84.962     36.323  35.249572     2.4197      8.950   201.1034 4.2242e+01     9.0546      2.045      2.968    23.5410 0.0000e+00
      2.093      0.016     7.2593     84.729     36.323  35.243228     2.4128      8.949   201.1918 4.1585e+01     8.9146      2.051      2.975    23.5353 0.0000e+00
      2.098      0.016     7.2377     84.412     36.334  35.247951     2.4046      8.949   201.2122 4.0951e+01     8.8578      2.059      2.985    23.5290 0.0000e+00
      2.103      0.016     7.2258     84.076     36.333  35.243223     2.4286      8.949   201.1781 4.0464e+01     8.9148      2.063      2.992    23.5237 0.0000e+00
      2.107      0.016     7.2201     83.666     36.342  35.249512     2.4783      8.949   201.1230 4.0082e+01     8.9542      2.065      2.997    23.5173 0.0000e+00
      2.110      0.015     7.2013     83.161     36.357  35.260537     2.4981      8.948   201.2338 3.9724e+01     8.8893      2.069      3.001    23.5076 0.0000e+00
      2.113      0.014     7.1699     82.647     36.347  35.249626     2.4854      8.947   201.4855 3.9397e+01     8.8825      2.072      3.005    23.4992 0.0000e+00
      2.117      0.014     7.1471     82.201     36.342  35.244473     2.4909      8.947   201.5855 3.9076e+01     8.9398      2.076      3.011    23.4940 0.0000e+00
      2.120      0.015     7.1139     81.856     36.357  35.261680     2.5239      8.946   201.5815 3.8742e+01     9.0009      2.079      3.015    23.4901 0.0000e+00
