Data/DataNotYetUploadedToEDI/Raw_CTD/RawDownloads/080425_fcr10_S7809002.cnv
* Sea-Bird SBE19plus  Data File:
* FileName = C:\R\Reservoirs\Data\DataNotYetUploadedToEDI\Raw_CTD\RawDownloads\080425_fcr50_S7809_0002.hex
* Software version 2.8.0.119
* Temperature SN = 7809
* Conductivity SN = 7809
* System UpLoad Time = Aug 11 2025 16:37:27
* <ApplicationData>
* <Seaterm232>
# nquan = 15
# nvalues = 985                         
# units = specified
# name 0 = depFM: Depth [fresh water, m]
# name 1 = dz/dtM: Descent Rate [m/s]
# name 2 = sbeox0Mg/L: Oxygen, SBE 43 [mg/l]
# name 3 = sbeox0PS: Oxygen, SBE 43 [% saturation]
# name 4 = specc: Specific Conductance [uS/cm]
# name 5 = c0uS/cm: Conductivity [uS/cm]
# name 6 = flECO-AFL: Fluorescence, WET Labs ECO-AFL/FL [mg/m^3]
# name 7 = ph: pH
# name 8 = orp: Oxidation Reduction Potential [mV]
# name 9 = par/sat/log: PAR/Logarithmic, Satlantic
# name 10 = turbWETntu0: Turbidity, WET Labs ECO [NTU]
# name 11 = prdM: Pressure, Strain Gauge [db]
# name 12 = prdE: Pressure, Strain Gauge [psi]
# name 13 = tv290C: Temperature [ITS-90, deg C]
# name 14 = flag:  0.000e+00
# span 0 =     -0.596,      2.182       
# span 1 =     -0.565,      0.159       
# span 2 =     4.7479,     8.6467       
# span 3 =     57.255,    103.314       
# span 4 =     -9.491,     38.160       
# span 5 =  -9.313984,  36.707877       
# span 6 =    -0.0385,   233.8003       
# span 7 =     -2.106,      8.860       
# span 8 = -1240.7455,   369.7260       
# span 9 = 7.2783e+01, 2.0286e+03       
# span 10 =    -1.2841,   134.9693      
# span 11 =     -0.585,      2.140      
# span 12 =     -0.848,      3.104      
# span 13 =    23.0163,    24.9726      
# span 14 = 0.0000e+00, 0.0000e+00      
# interval = seconds: 0.25
# start_time = Aug 04 2025 12:05:39 [Instrument's time stamp, header]
# bad_flag = -9.990e-29
*END*
[from data line 482]
      0.003      0.002     7.8875     94.850     36.247  35.953724     2.2345      8.769   180.8025 1.0441e+02     8.1988      0.002      0.003    24.5908 0.0000e+00
      0.004      0.002     7.8882     94.963     36.229  35.934747     2.2010      8.769   180.8025 1.0354e+02     8.1345      0.004      0.005    24.5916 0.0000e+00
      0.006      0.002     7.8850     95.014     36.229  35.933187     2.2137      8.769   180.7919 1.0227e+02     8.2690      0.007      0.009    24.5908 0.0000e+00
      0.007      0.001     7.8837     95.029     36.232  35.934861     2.2219      8.769   180.8452 1.0212e+02     8.3212      0.008      0.012    24.5898 0.0000e+00
      0.007      0.000     7.8960     95.054     36.253  35.954982     2.2084      8.770   181.0177 1.0316e+02     8.2197      0.007      0.011    24.5905 0.0000e+00
      0.006     -0.001     7.9089     95.085     36.286  35.986119     2.2000      8.771   181.1567 1.0411e+02     8.1689      0.006      0.009    24.5876 0.0000e+00
      0.006     -0.001     7.9118     95.101     36.294  35.994081     2.1958      8.772   181.2356 1.0484e+02     8.2539      0.005      0.008    24.5848 0.0000e+00
      0.005     -0.001     7.9106     95.096     36.288  35.987803     2.1986      8.773   181.2836 1.0542e+02     8.3931      0.005      0.006    24.5841 0.0000e+00
      0.005     -0.001     7.9145     95.097     36.274  35.973658     2.1844      8.774   181.3066 1.0546e+02     8.4513      0.004      0.005    24.5823 0.0000e+00
      0.006     -0.001     7.9174     95.122     36.249  35.949953     2.1487      8.775   181.3401 1.0493e+02     8.4108      0.005      0.007    24.5806 0.0000e+00
      0.006     -0.001     7.9198     95.150     36.252  35.954983     2.1251      8.776   181.3451 1.0457e+02     8.3813      0.005      0.008    24.5797 0.0000e+00
      0.005     -0.001     7.9180     95.138     36.267  35.971039     2.1153      8.775   181.3666 1.0496e+02     8.4023      0.005      0.007    24.5799 0.0000e+00
      0.003     -0.001     7.9170     95.073     36.249  35.953740     2.1470      8.775   181.4289 1.0582e+02     8.4941      0.003      0.005    24.5806 0.0000e+00
      0.003     -0.001     7.9201     95.006     36.230  35.936162     2.2009      8.776   181.4954 1.0632e+02     8.5691      0.003      0.004    24.5816 0.0000e+00
      0.003     -0.001     7.9231     94.991     36.243  35.948861     2.2089      8.778   181.6547 1.0627e+02     8.4900      0.003      0.004    24.5837 0.0000e+00
      0.003     -0.001     7.9234     95.038     36.273  35.980377     2.1944      8.780   181.8058 1.0614e+02     8.3912      0.003      0.005    24.5864 0.0000e+00
      0.004     -0.002     7.9148     95.075     36.291  35.999974     2.2002      8.781   181.7739 1.0597e+02     8.4002      0.004      0.006    24.5880 0.0000e+00
      0.004     -0.003     7.9077     95.020     36.284  35.995463     2.2287      8.782   181.7004 1.0608e+02     8.4271      0.004      0.006    24.5878 0.0000e+00
      0.003     -0.003     7.9059     94.945     36.275  35.989288     2.2396      8.783   181.6054 1.0689e+02     8.3403      0.003      0.004    24.5883 0.0000e+00
      0.000     -0.002     7.9110     94.904     36.273  35.988768     2.2149      8.783   181.5708 1.0792e+02     8.2043     -0.000      0.000    24.5899 0.0000e+00
     -0.002     -0.001     7.9200     94.883     36.273  35.989174     2.2046      8.784   181.7122 1.0865e+02     8.2181     -0.002     -0.003    24.5933 0.0000e+00
     -0.002      0.000     7.9088     94.919     36.280  35.994204     2.2233      8.785   181.9388 1.0883e+02     8.3364     -0.002     -0.003    24.5981 0.0000e+00
     -0.001      0.002     7.9001     94.975     36.275  35.986129     2.2423      8.786   182.2451 1.0807e+02     8.4049     -0.001     -0.001    24.6005 0.0000e+00
      0.001      0.002     7.9006     95.015     36.245  35.954981     2.2334      8.787   182.4909 1.0720e+02     8.3633      0.002      0.002    24.6032 0.0000e+00
      0.003      0.001     7.8928     95.079     36.223  35.934851     2.2073      8.788   182.5874 1.0751e+02     8.2435      0.004      0.005    24.6053 0.0000e+00
      0.004      0.000     7.9004     95.177     36.220  35.933081     2.2097      8.789   182.5512 1.0821e+02     8.1859      0.004      0.006    24.6003 0.0000e+00
      0.003     -0.001     7.9075     95.259     36.220  35.933591     2.2204      8.789   182.3972 1.0875e+02     8.1110      0.004      0.006    24.5935 0.0000e+00
      0.002     -0.002     7.9081     95.273     36.227  35.941023     2.2199      8.789   182.2747 1.0957e+02     7.9876      0.002      0.003    24.5932 0.0000e+00
      0.000     -0.002     7.9130     95.216     36.247  35.959490     2.2208      8.789   182.1882 1.1011e+02     8.0251     -0.000     -0.000    24.5967 0.0000e+00
     -0.001     -0.001     7.9224     95.131     36.256  35.966522     2.2144      8.789   182.0400 1.1005e+02     8.1886     -0.001     -0.002    24.5994 0.0000e+00
     -0.001      0.000     7.9312     95.079     36.254  35.962588     2.2261      8.790   181.9456 1.0977e+02     8.3256     -0.001     -0.002    24.6003 0.0000e+00
     -0.000      0.002     7.9321     95.049     36.268  35.975382     2.2297      8.791   181.9936 1.0977e+02     8.3149     -0.000      0.000    24.5996 0.0000e+00
      0.001      0.002     7.9269     95.024     36.287  35.994312     2.1994      8.793   182.1032 1.0969e+02     8.1955      0.001      0.002    24.5979 0.0000e+00
      0.003      0.002     7.9167     95.031     36.293  36.001117     2.2097      8.794   182.1526 1.0900e+02     8.1457      0.003      0.004    24.5955 0.0000e+00
      0.003      0.002     7.9143     95.067     36.284  35.994205     2.2796      8.794   182.1604 1.0857e+02     8.2260      0.003      0.004    24.5921 0.0000e+00
      0.003      0.002     7.9138     95.104     36.262  35.974186     2.3366      8.794   182.1975 1.0891e+02     8.3466      0.003      0.004    24.5895 0.0000e+00
      0.003      0.002     7.9093     95.129     36.235  35.949431     2.3406      8.794   182.2578 1.0923e+02     8.3397      0.002      0.003    24.5893 0.0000e+00
      0.004      0.001     7.9102     95.129     36.232  35.948693     2.3278      8.795   182.3727 1.0885e+02     8.2785      0.003      0.004    24.5905 0.0000e+00
      0.005     -0.001     7.9141     95.103     36.248  35.965268     2.3406      8.796   182.4684 1.0813e+02     8.2902      0.005      0.008    24.5933 0.0000e+00
      0.006     -0.003     7.9165     95.074     36.243  35.959491     2.3706      8.797   182.4683 1.0839e+02     8.3098      0.006      0.009    24.5971 0.0000e+00
      0.004     -0.004     7.9188     95.090     36.229  35.942286     2.3986      8.798   182.3713 1.1010e+02     8.3455      0.005      0.007    24.6005 0.0000e+00
      0.001     -0.004     7.9185     95.173     36.237  35.947590     2.3971      8.798   182.2421 1.1191e+02     8.3458      0.001      0.002    24.6032 0.0000e+00
     -0.002     -0.004     7.9152     95.267     36.253  35.960167     2.3688      8.799   182.2826 1.1277e+02     8.2792     -0.003     -0.004    24.6057 0.0000e+00
     -0.003     -0.003     7.9115     95.306     36.263  35.967447     2.3563      8.800   182.3451 1.1297e+02     8.2574     -0.004     -0.005    24.6043 0.0000e+00
     -0.002      0.000     7.9121     95.289     36.270  35.972161     2.3713      8.800   182.2226 1.1264e+02     8.2881     -0.002     -0.003    24.5983 0.0000e+00
     -0.001      0.002     7.9220     95.241     36.254  35.953713     2.3743      8.800   182.1789 1.1210e+02     8.3090     -0.001     -0.001    24.5943 0.0000e+00
     -0.000      0.003     7.9333     95.186     36.237  35.934736     2.3187      8.800   182.3324 1.1202e+02     8.2706     -0.000      0.000    24.5915 0.0000e+00
      0.001      0.003     7.9362     95.145     36.239  35.933054     2.2564      8.802   182.5307 1.1206e+02     8.2337      0.000      0.001    24.5862 0.0000e+00
      0.002      0.002     7.9348     95.104     36.244  35.933366     2.2609      8.803   182.5969 1.1209e+02     8.3067      0.002      0.003    24.5812 0.0000e+00
      0.003      0.000     7.9305     95.021     36.251  35.938501     2.3235      8.804   182.5312 1.1234e+02     8.4357      0.003      0.005    24.5794 0.0000e+00
      0.003 4.8917e-07     7.9252     94.892     36.245  35.931691     2.3887      8.805   182.4237 1.1273e+02     8.4269      0.004      0.005    24.5782 0.0000e+00
      0.002      0.000     7.9228     94.763     36.229  35.914483     2.4009      8.806   182.3299 1.1334e+02     8.2679      0.003      0.003    24.5721 0.0000e+00
      0.000      0.000     7.9226     94.680     36.236  35.920780     2.3704      8.807   182.3439 1.1409e+02     8.1875     -0.000     -0.000    24.5651 0.0000e+00
      0.000      0.001     7.9164     94.655     36.260  35.944390     2.3530      8.807   182.4206 1.1447e+02     8.2065     -0.001     -0.001    24.5623 0.0000e+00
      0.001      0.002     7.9035     94.652     36.260  35.946140     2.3491      8.808   182.4828 1.1398e+02     8.1562      0.001      0.001    24.5618 0.0000e+00
      0.002      0.003     7.8921     94.702     36.255  35.941950     2.3392      8.810   182.4946 1.1290e+02     8.0233      0.002      0.004    24.5606 0.0000e+00
      0.004      0.003     7.8838     94.847     36.268  35.957176     2.3335      8.812   182.5636 1.1218e+02     7.9326      0.004      0.006    24.5589 0.0000e+00
      0.005      0.002     7.8852     95.023     36.248  35.939886     2.3305      8.813   182.8005 1.1208e+02     7.9821      0.005      0.007    24.5590 0.0000e+00
      0.005      0.001     7.8830     95.157     36.230  35.923253     2.3358      8.814   183.0349 1.1250e+02     8.1095      0.005      0.007    24.5593 0.0000e+00
      0.005      0.000     7.8836     95.240     36.251  35.946421     2.3314      8.815   183.0749 1.1343e+02     8.1065      0.005      0.008    24.5618 0.0000e+00
      0.005     -0.001     7.8990     95.300     36.267  35.966208     2.3112      8.816   182.9402 1.1428e+02     7.9453      0.005      0.007    24.5667 0.0000e+00
      0.004     -0.001     7.9150     95.352     36.270  35.972163     2.3079      8.817   182.7822 1.1500e+02     7.8685      0.004      0.005    24.5705 0.0000e+00
      0.003      0.000     7.9265     95.392     36.252  35.954972     2.3246      8.817   182.7137 1.1605e+02     8.0319      0.003      0.005    24.5713 0.0000e+00
      0.002      0.001     7.9314     95.403     36.245  35.948703     2.3551      8.818   182.8011 1.1700e+02     8.3153      0.002      0.003    24.5732 0.0000e+00
      0.002      0.002     7.9353     95.395     36.255  35.959814     2.3519      8.820   182.8925 1.1699e+02     8.3911      0.001      0.002    24.5803 0.0000e+00
      0.004      0.002     7.9386     95.373     36.255  35.962422     2.3024      8.820   182.8720 1.1593e+02     8.2310      0.004      0.005    24.5856 0.0000e+00
      0.007      0.002     7.9433     95.310     36.270  35.980237     2.2804      8.819   182.9833 1.1463e+02     8.1559      0.007      0.010    24.5840 0.0000e+00
      0.008      0.001     7.9441     95.247     36.272  35.984870     2.3105      8.819   183.2061 1.1461e+02     8.2353      0.009      0.013    24.5828 0.0000e+00
      0.007      0.000     7.9412     95.218     36.241  35.954995     2.3508      8.819   183.2416 1.1632e+02     8.3368      0.008      0.012    24.5875 0.0000e+00
      0.006     -0.001     7.9421     95.188     36.221  35.936273     2.3508      8.820   183.1548 1.1821e+02     8.3230      0.005      0.007    24.5920 0.0000e+00
      0.004     -0.001     7.9336     95.140     36.234  35.948858     2.3103      8.820   183.1897 1.1895e+02     8.2056      0.003      0.005    24.5943 0.0000e+00
      0.004     -0.001     7.9261     95.112     36.265  35.980251     2.2694      8.820   183.3191 1.1870e+02     8.0793      0.003      0.005    24.5976 0.0000e+00
      0.005      0.000     7.9260     95.159     36.281  35.998600     2.2642      8.821   183.4284 1.1830e+02     8.0255      0.005      0.007    24.5999 0.0000e+00
      0.007      0.001     7.9234     95.281     36.260  35.980360     2.2893      8.822   183.5645 1.1832e+02     8.1011      0.006      0.009    24.6008 0.0000e+00
      0.007      0.001     7.9189     95.434     36.227  35.950065     2.2816      8.823   183.6748 1.1890e+02     8.1055      0.006      0.009    24.6006 0.0000e+00
      0.007      0.000     7.9134     95.564     36.226  35.949555     2.2543      8.824   183.6431 1.1979e+02     8.1131      0.006      0.009    24.6007 0.0000e+00
      0.006     -0.001     7.9176     95.633     36.250  35.974198     2.2664      8.823   183.6115 1.2057e+02     8.2954      0.005      0.007    24.6039 0.0000e+00
      0.005     -0.001     7.9284     95.623     36.269  35.994224     2.2955      8.823   183.6375 1.2130e+02     8.4311      0.004      0.006    24.6086 0.0000e+00
      0.005     -0.000     7.9420     95.536     36.274  36.001344     2.3061      8.825   183.6131 1.2220e+02     8.4553      0.005      0.007    24.6121 0.0000e+00
      0.004      0.001     7.9546     95.431     36.268  35.996833     2.2698      8.828   183.5743 1.2300e+02     8.3833      0.004      0.006    24.6130 0.0000e+00
      0.004      0.003     7.9599     95.393     36.275  36.003140     2.2147      8.829   183.5983 1.2325e+02     8.3122      0.004      0.005    24.6124 0.0000e+00
      0.005      0.005     7.9600     95.406     36.288  36.014147     2.2146      8.829   183.6455 1.2305e+02     8.3810      0.004      0.005    24.6138 0.0000e+00
      0.006      0.005     7.9501     95.386     36.276  36.003015     2.2265      8.829   183.1134 1.2209e+02     8.3959      0.006      0.007    24.6179 0.0000e+00
      0.009      0.006     7.9370     95.323     36.264  35.995448     2.2175      8.828   182.1548 1.2089e+02     8.3211      0.009      0.013    24.6209 0.0000e+00
      0.012      0.010     7.9346     95.266     36.249  35.986113     2.2300      8.826   180.8307 1.2115e+02     8.3304      0.012      0.019    24.6202 0.0000e+00
      0.013      0.020     7.9405     95.244     36.214  35.953596     2.2528      8.824   179.4067 1.2283e+02     8.4397      0.013      0.020    24.6166 0.0000e+00
      0.012      0.033     7.9389     95.267     36.187  35.919546     2.2772      8.821   179.1350 1.2483e+02     8.5838      0.010      0.015    24.6155 0.0000e+00
      0.015      0.047     7.9301     95.293     36.177  35.891650     2.2995      8.819   178.3190 1.2356e+02     8.6048      0.009      0.013    24.6225 0.0000e+00
      0.031      0.062     7.9236     95.242     36.179  35.870082     2.3066      8.818   176.3376 1.1471e+02     8.4888      0.026      0.038    24.6330 0.0000e+00
      0.059      0.076     7.9199     95.118     36.180  35.849085     2.3041      8.817   175.1391 1.0229e+02     8.4112      0.060      0.087    24.6402 0.0000e+00
      0.086      0.087     7.9238     94.998     36.179  35.828093     2.3196      8.815   174.7559 9.3818e+01     8.4516      0.086      0.125    24.6320 0.0000e+00
      0.107      0.093     7.9346     94.885     36.174  35.806581     2.3697      8.815   174.5429 8.9239e+01     8.6017      0.104      0.152    24.6015 0.0000e+00
      0.128      0.096     7.9356     94.830     36.160  35.779311     2.3940      8.813   174.3706 8.4900e+01     8.7229      0.125      0.182    24.5659 0.0000e+00
      0.152      0.098     7.9247     94.960     36.147  35.752136     2.3711      8.811   174.3936 8.0455e+01     8.7214      0.148      0.216    24.5351 0.0000e+00
      0.178      0.103     7.9209     95.274     36.145  35.731787     2.3601      8.811   174.6494 7.8062e+01     8.6864      0.175      0.255    24.5079 0.0000e+00
      0.203      0.106     7.9145     95.654     36.162  35.723601     2.3936      8.810   174.9682 7.8712e+01     8.7092      0.199      0.288    24.4861 0.0000e+00
