Data/DataNotYetUploadedToEDI/Raw_CTD/RawDownloads/080425_fcr30_S7809004.cnv
* Sea-Bird SBE19plus  Data File:
* FileName = C:\R\Reservoirs\Data\DataNotYetUploadedToEDI\Raw_CTD\RawDownloads\080425_fcr50_S7809_0004.hex
* Software version 2.8.0.119
* Temperature SN = 7809
* Conductivity SN = 7809
* System UpLoad Time = Aug 11 2025 16:38:34
* <ApplicationData>
* <Seaterm232>
# nquan = 15
# nvalues = 1228                        
# units = specified
# name 0 = depFM: Depth [fresh water, m]
# name 1 = dz/dtM: Descent Rate [m/s]
# name 2 = sbeox0Mg/L: Oxygen, SBE 43 [mg/l]
# name 3 = sbeox0PS: Oxygen, SBE 43 [% saturation]
# name 4 = specc: Specific Conductance [uS/cm]
# name 5 = c0uS/cm: Conductivity [uS/cm]
# name 6 = flECO-AFL: Fluorescence, WET Labs ECO-AFL/FL [mg/m^3]
# name 7 = ph: pH
# name 8 = orp: Oxidation Reduction Potential [mV]
# name 9 = par/sat/log: PAR/Logarithmic, Satlantic
# name 10 = turbWETntu0: Turbidity, WET Labs ECO [NTU]
# name 11 = prdM: Pressure, Strain Gauge [db]
# name 12 = prdE: Pressure, Strain Gauge [psi]
# name 13 = tv290C: Temperature [ITS-90, deg C]
# name 14 = flag:  0.000e+00
# span 0 =     -0.593,      5.473       
# span 1 =     -0.422,      0.161       
# span 2 =     0.0268,     8.4095       
# span 3 =      0.269,     98.139       
# span 4 =      3.567,     65.862       
# span 5 =   3.212822,  51.292013       
# span 6 =    -0.0370,   227.7515       
# span 7 =      7.958,      9.943       
# span 8 =  -216.7014,   374.8483       
# span 9 = 1.2363e-01, 2.6855e+03       
# span 10 =    -4.1801,   932.0046      
# span 11 =     -0.582,      5.368      
# span 12 =     -0.844,      7.786      
# span 13 =    11.7631,    24.7605      
# span 14 = 0.0000e+00, 0.0000e+00      
# interval = seconds: 0.25
# start_time = Aug 04 2025 12:25:09 [Instrument's time stamp, header]
# bad_flag = -9.990e-29
*END*
[from data line 1157]
      1.722     -0.186     0.2982      3.544     49.423  42.191942     5.3541      8.293   199.6719 5.6178e+01     9.2705      1.686      2.445    17.8332 0.0000e+00
      1.686     -0.189     0.3159      3.615     48.680  41.817222     5.1874      8.304   199.3063 5.7992e+01     9.2506      1.664      2.412    17.6430 0.0000e+00
      1.631     -0.178     0.3298      3.771     47.895  41.496492     5.1826      8.316   199.1110 6.1065e+01     9.2940      1.607      2.331    17.5333 0.0000e+00
      1.561     -0.161     0.3345      4.177     47.071  41.170577     5.1627      8.329   198.8593 6.4430e+01     9.1124      1.526      2.214    17.5079 0.0000e+00
      1.505     -0.147     0.3370      5.079     46.364  40.923573     5.1301      8.339   198.5861 6.6622e+01     8.7621      1.461      2.120    17.6272 0.0000e+00
      1.480     -0.136     0.3414      6.684     45.889  40.795299     5.1298      8.348   198.5611 6.7335e+01     8.6449      1.444      2.096    17.9149 0.0000e+00
      1.475     -0.127     0.3470      9.062     45.495  40.635466     5.1507      8.358   198.5566 6.8108e+01     8.7882      1.450      2.103    18.3074 0.0000e+00
      1.462     -0.120     0.3737     12.187     45.059  40.387532     5.0247      8.369   198.3597 6.9934e+01     8.9238      1.442      2.092    18.7335 0.0000e+00
      1.427     -0.118     0.4448     15.827     44.497  40.019003     4.7465      8.379   198.1589 7.2465e+01     8.9520      1.408      2.042    19.1653 0.0000e+00
      1.376     -0.124     0.5892     19.524     44.018  39.733753     4.5757      8.389   197.9358 7.4959e+01     8.8908      1.350      1.957    19.4968 0.0000e+00
      1.328     -0.134     0.8048     23.018     43.783  39.667696     4.5569      8.398   197.5553 7.5999e+01     8.9003      1.292      1.875    19.6659 0.0000e+00
      1.299     -0.144     1.0910     26.291     43.503  39.537833     4.4862      8.406   197.3446 7.5243e+01     8.8623      1.267      1.839    19.8133 0.0000e+00
      1.283     -0.147     1.4423     29.417     43.249  39.432995     4.3205      8.413   197.5386 7.5141e+01     8.6358      1.263      1.833    19.9622 0.0000e+00
      1.257     -0.144     1.7784     32.400     43.229  39.542581     4.2091      8.420   197.8370 7.7868e+01     8.4858      1.243      1.803    20.1209 0.0000e+00
      1.207     -0.143     2.0864     35.011     42.992  39.403402     4.1803      8.426   197.9410 8.3021e+01     8.4141      1.189      1.724    20.3165 0.0000e+00
      1.149     -0.148     2.3754     37.129     42.311  38.829093     4.2059      8.433   197.8488 8.7900e+01     8.3845      1.118      1.621    20.4355 0.0000e+00
      1.107     -0.154     2.6439     38.806     41.702  38.373586     4.2685      8.438   197.7549 9.0750e+01     8.4014      1.076      1.562    20.5678 0.0000e+00
      1.084     -0.153     2.9153     40.087     41.359  38.211304     4.2795      8.443   197.7515 9.3186e+01     8.3101      1.066      1.546    20.7662 0.0000e+00
      1.058     -0.145     3.1479     41.248     41.053  38.072869     4.2391      8.447   197.7223 9.7101e+01     8.1692      1.046      1.517    20.8438 0.0000e+00
      1.014     -0.142     3.3310     42.773     40.745  37.905663     4.1964      8.452   197.5747 1.0206e+02     8.0987      0.998      1.447    20.8415 0.0000e+00
      0.966     -0.152     3.4755     44.865     40.433  37.712758     3.9796      8.456   197.3428 1.0556e+02     8.1061      0.938      1.361    20.9783 0.0000e+00
      0.932     -0.165     3.5657     47.358     40.134  37.517365     3.5903      8.460   197.1558 1.0670e+02     8.1216      0.908      1.318    21.2043 0.0000e+00
      0.904     -0.167     3.6350     50.028     39.768  37.256597     3.3597      8.464   197.1203 1.0859e+02     8.0812      0.897      1.301    21.3770 0.0000e+00
      0.857     -0.158     3.7537     52.772     39.291  36.907742     3.2974      8.470   197.1723 1.1335e+02     8.0285      0.850      1.233    21.5182 0.0000e+00
      0.794     -0.149     3.9372     55.487     39.035  36.789468     3.2027      8.477   197.0948 1.1797e+02     8.0307      0.771      1.117    21.6404 0.0000e+00
      0.747     -0.146     4.1579     58.076     38.969  36.841998     3.0809      8.484   196.9573 1.2013e+02     8.0729      0.718      1.041    21.7341 0.0000e+00
      0.727     -0.144     4.3849     60.620     38.828  36.781609     3.0481      8.489   196.9730 1.2301e+02     8.1287      0.712      1.033    21.8335 0.0000e+00
      0.712     -0.140     4.6182     63.199     38.685  36.693949     3.0553      8.495   197.0275 1.2936e+02     8.1253      0.707      1.026    21.9452 0.0000e+00
      0.679     -0.141     4.8463     65.642     38.481  36.543609     3.0180      8.500   196.7548 1.3711e+02     8.0668      0.671      0.974    22.1180 0.0000e+00
      0.634     -0.156     5.0500     67.741     38.168  36.296396     2.9795      8.505   195.9998 1.4405e+02     8.0693      0.620      0.900    22.2967 0.0000e+00
      0.588     -0.178     5.2578     69.460     37.902  36.116146     2.9740      8.509   195.1259 1.4856e+02     8.0877      0.574      0.833    22.3682 0.0000e+00
      0.544     -0.195     5.4843     70.860     37.707  36.014059     2.9924      8.514   194.6208 1.5324e+02     8.0841      0.537      0.780    22.4217 0.0000e+00
      0.493     -0.200     5.6997     72.153     37.563  35.950497     2.9688      8.520   194.7103 1.6576e+02     7.9913      0.489      0.711    22.4778 0.0000e+00
      0.432     -0.198     5.8728     73.511     37.465  35.918773     2.9049      8.526   197.9289 1.8855e+02     7.8541      0.423      0.613    22.5259 0.0000e+00
      0.370     -0.194     6.0113     74.908     37.373  35.884374     2.8784      8.532   201.5297 2.2417e+02     7.8251      0.358      0.520    22.6339 0.0000e+00
      0.321     -0.187     6.1081     76.261     37.291  35.851904     2.8979      8.539   202.3685 2.7699e+02     7.8466      0.308      0.448    22.7591 0.0000e+00
      0.285     -0.172     6.2012     77.571     37.237  35.843494     2.8989      8.545   204.8877 3.9588e+02     7.8748      0.281      0.408    22.8530 0.0000e+00
      0.247     -0.148     6.3121     78.899     37.199  35.846212     2.8570      8.551   204.3704 6.0004e+02     7.8928      0.249      0.361    22.9341 0.0000e+00
      0.201     -0.125     6.4251     80.158     37.144  35.821374     2.8329      8.557   198.6088 7.1188e+02     7.9616      0.194      0.283    23.0073 0.0000e+00
      0.162     -0.115     6.5362     81.192     37.090  35.797013     2.8486      8.561   195.1088 5.7562e+02     8.0917      0.150      0.219    23.0641 0.0000e+00
      0.142     -0.130     6.6341     81.920     37.061  35.805506     2.8559      8.564   194.0581 3.5914e+02     8.0988      0.132      0.192    23.1239 0.0000e+00
      0.137     -0.173     6.7453     82.339     37.074  35.860659     2.7959      8.566   192.5304 2.6317e+02     7.9795      0.136      0.196    23.1851 0.0000e+00
      0.126     -0.242     6.8554     82.559     37.175  36.019786     2.6979      8.566   192.4680 2.5349e+02     7.9133      0.139      0.201    23.2116 0.0000e+00
      0.073     -0.323     6.9405     82.737     37.255  36.206789     2.6698      8.564   191.5835 3.0856e+02     7.9813      0.094      0.137    23.2442 0.0000e+00
     -0.037     -0.390     6.9969     82.912     37.176  36.281808     2.8721      8.560   186.1383 8.7149e+02     8.1530     -0.021     -0.030    23.3002 0.0000e+00
     -0.189     -0.422     7.0211     82.931     36.986  36.229107     4.9020      8.559   182.1261 1.9007e+03     8.4869     -0.179     -0.260    23.3540 0.0000e+00
     -0.355     -0.408     7.0261     82.584     36.761  36.077382     8.6028      8.563   181.2734 2.4777e+03     9.0115     -0.355     -0.516    23.4132 0.0000e+00
     -0.495     -0.349     7.0205     81.835     36.595  35.906779    11.0306      8.568   179.7006 2.4251e+03    11.0455     -0.514     -0.745    23.5558 0.0000e+00
     -0.571     -0.261     7.0073     80.819     36.594  35.816041    16.2361      8.572   178.3377 1.8995e+03    32.4660     -0.582     -0.843    23.8073 0.0000e+00
     -0.591     -0.166     6.9919     79.687     36.738  35.804992    71.5830      8.577   178.6475 1.0328e+03   267.8337     -0.581     -0.843    24.0089 0.0000e+00
     -0.593     -0.084     6.9514     78.532     36.874  35.772954   172.9396      8.581   179.4876 4.1387e+02   698.9036     -0.580     -0.842    24.0971 0.0000e+00
     -0.593     -0.030     6.8829     77.363     36.529  35.301530   227.7515      8.586   179.7200 2.2961e+02   932.0046     -0.581     -0.842    24.0967 0.0000e+00
     -0.593     -0.006     6.8101     76.203     31.167  30.041397   227.5239      8.591   179.5655 2.0916e+02   931.5988     -0.580     -0.843    23.9676 0.0000e+00
     -0.593     -0.000     6.7405     75.134     19.854  19.101416   170.2131      8.600   179.4253 2.0331e+02   694.6794     -0.581     -0.844    23.7280 0.0000e+00
     -0.592 -4.449e-07     6.6751     74.294     11.539  11.080031    64.3525      8.616   179.4881 2.1958e+02   256.9148     -0.581     -0.842    23.4849 0.0000e+00
     -0.592     -0.000     6.5985     73.804      8.735   8.375812     6.5795      8.631   179.7217 3.4343e+02    17.9646     -0.581     -0.842    23.2945 0.0000e+00
     -0.592     -0.000     6.5148     73.649      7.175   6.873496     1.2832      8.634   178.9812 9.9426e+02    -3.7342     -0.581     -0.842    23.1512 0.0000e+00
     -0.593     -0.001     6.4318     73.738      6.235   5.967839     0.6148      8.629   177.6754 1.9775e+03    -4.1801     -0.581     -0.843    23.0505 0.0000e+00
     -0.593     -0.001     6.3632     74.037      5.855   5.598908     0.2378      8.626   177.5271 1.9157e+03    -1.5686     -0.582     -0.844    22.9773 0.0000e+00
     -0.593     -0.000     6.3285     74.557      5.510   5.263724     0.0210      8.626   177.3606 8.9682e+02    -0.1704     -0.582     -0.844    22.9269 0.0000e+00
     -0.593 -1.847e-08     6.3237     75.289      5.260   5.019484    -0.0086      8.628   176.8663 3.7819e+02    -0.0504     -0.582     -0.844    22.8933 0.0000e+00
     -0.593 -2.032e-07     6.3367     76.191      5.102   4.863178     0.0294      8.630   177.3163 8.7999e+02     0.0878     -0.582     -0.844    22.8540 0.0000e+00
     -0.593 -2.032e-07     6.3668     77.181      4.941   4.704220     0.0561      8.631   178.7570 1.8901e+03     0.1693     -0.581     -0.843    22.8055 0.0000e+00
     -0.593 -1.847e-08     6.4188     78.146      4.789   4.554615     0.0393      8.631   179.9170 2.4465e+03     0.1152     -0.581     -0.843    22.7551 0.0000e+00
     -0.593 -1.680e-09     6.4886     79.020      4.682   4.448048     0.0093      8.633   179.2110 2.5013e+03     0.0140     -0.581     -0.843    22.7013 0.0000e+00
     -0.593 -1.540e-10     6.5773     79.774      4.599   4.365978     0.0102      8.637   177.8776 2.5067e+03     0.0386     -0.581     -0.843    22.6449 0.0000e+00
     -0.593 -2.776e-11     6.6720     80.117      4.554   4.322514     0.0247      8.639   177.4756 2.4945e+03     0.1056     -0.581     -0.843    22.5918 0.0000e+00
     -0.593 -9.990e-29     6.7666 -9.990e-29 -9.990e-29 -9.990e-29 -9.990e-29 -9.990e-29 -9.990e-29 2.4827e+03 -9.990e-29     -0.581     -0.843    22.5404 0.0000e+00
     -0.593 -9.990e-29     6.8433 -9.990e-29 -9.990e-29 -9.990e-29 -9.990e-29 -9.990e-29 -9.990e-29 2.4925e+03 -9.990e-29     -0.582     -0.844    22.4986 0.0000e+00
     -0.593 -9.990e-29     6.9231 -9.990e-29 -9.990e-29 -9.990e-29 -9.990e-29 -9.990e-29 -9.990e-29 2.5147e+03 -9.990e-29     -0.581     -0.843    22.4596 0.0000e+00
     -0.593 -9.990e-29     6.9764 -9.990e-29 -9.990e-29 -9.990e-29 -9.990e-29 -9.990e-29 -9.990e-29 2.5257e+03 -9.990e-29     -0.581     -0.843    22.4351 0.0000e+00
