Data/DataNotYetUploadedToEDI/Raw_CTD/RawDownloads/080425_fcr30_S7809004.cnv
* Sea-Bird SBE19plus  Data File:
* FileName = C:\R\Reservoirs\Data\DataNotYetUploadedToEDI\Raw_CTD\RawDownloads\080425_fcr50_S7809_0004.hex
* Software version 2.8.0.119
* Temperature SN = 7809
* Conductivity SN = 7809
* System UpLoad Time = Aug 11 2025 16:38:34
* <ApplicationData>
* <Seaterm232>
# nquan = 15
# nvalues = 1228                        
# units = specified
# name 0 = depFM: Depth [fresh water, m]
# name 1 = dz/dtM: Descent Rate [m/s]
# name 2 = sbeox0Mg/L: Oxygen, SBE 43 [mg/l]
# name 3 = sbeox0PS: Oxygen, SBE 43 [% saturation]
# name 4 = specc: Specific Conductance [uS/cm]
# name 5 = c0uS/cm: Conductivity [uS/cm]
# name 6 = flECO-AFL: Fluorescence, WET Labs ECO-AFL/FL [mg/m^3]
# name 7 = ph: pH
# name 8 = orp: Oxidation Reduction Potential [mV]
# name 9 = par/sat/log: PAR/Logarithmic, Satlantic
# name 10 = turbWETntu0: Turbidity, WET Labs ECO [NTU]
# name 11 = prdM: Pressure, Strain Gauge [db]
# name 12 = prdE: Pressure, Strain Gauge [psi]
# name 13 = tv290C: Temperature [ITS-90, deg C]
# name 14 = flag:  0.000e+00
# span 0 =     -0.593,      5.473       
# span 1 =     -0.422,      0.161       
# span 2 =     0.0268,     8.4095       
# span 3 =      0.269,     98.139       
# span 4 =      3.567,     65.862       
# span 5 =   3.212822,  51.292013       
# span 6 =    -0.0370,   227.7515       
# span 7 =      7.958,      9.943       
# span 8 =  -216.7014,   374.8483       
# span 9 = 1.2363e-01, 2.6855e+03       
# span 10 =    -4.1801,   932.0046      
# span 11 =     -0.582,      5.368      
# span 12 =     -0.844,      7.786      
# span 13 =    11.7631,    24.7605      
# span 14 = 0.0000e+00, 0.0000e+00      
# interval = seconds: 0.25
# start_time = Aug 04 2025 12:25:09 [Instrument's time stamp, header]
# bad_flag = -9.990e-29
*END*
[from data line 772]
      3.297      0.022     0.0422      0.374     50.876  41.951292     3.0757      8.347   202.8385 5.6640e+00    10.3314      3.233      4.689    16.3691 0.0000e+00
      3.304      0.022     0.0401      0.374     50.950  41.962485     3.0666      8.345   202.9354 5.5900e+00    10.3592      3.240      4.699    16.3909 0.0000e+00
      3.310      0.020     0.0388      0.387     50.975  41.949666     3.0572      8.344   203.0699 5.5306e+00    10.5878      3.248      4.710    16.3823 0.0000e+00
      3.315      0.017     0.0383      0.393     50.976  41.923211     2.9959      8.342   203.1734 5.5006e+00    10.8407      3.252      4.716    16.2972 0.0000e+00
      3.318      0.016     0.0362      0.387     50.976  41.896459     2.9412      8.340   203.2411 5.4808e+00    10.8894      3.254      4.719    16.2113 0.0000e+00
      3.319      0.017     0.0359      0.389     50.997  41.880056     2.9115      8.339   203.3713 5.4426e+00    10.8004      3.255      4.721    16.1718 0.0000e+00
      3.321      0.022     0.0385      0.403     51.015  41.851784     2.9539      8.339   203.4582 5.3826e+00    10.9950      3.256      4.723    16.1421 0.0000e+00
      3.326      0.027     0.0396      0.421     51.029  41.808452     3.0626      8.338   203.4312 5.3098e+00    11.4659      3.260      4.729    16.1144 0.0000e+00
      3.334      0.031     0.0372      0.426     51.101  41.800362     3.1185      8.336   203.3884 5.2065e+00    11.7122      3.268      4.741    16.0947 0.0000e+00
      3.346      0.031     0.0381      0.413     51.189  41.817343     3.1131      8.335   203.3708 5.0611e+00    11.6500      3.281      4.758    16.0609 0.0000e+00
      3.361      0.029     0.0396      0.399     51.224  41.823290     3.0897      8.332   203.4760 4.9292e+00    11.5334      3.296      4.781    16.0178 0.0000e+00
      3.371      0.025     0.0419      0.392     51.212  41.808772     3.0847      8.330   203.7143 4.8991e+00    11.6683      3.309      4.800    15.9707 0.0000e+00
      3.373      0.023     0.0431      0.373     51.168  41.768752     3.1110      8.328   203.8430 4.9396e+00    12.0168      3.309      4.799    15.8914 0.0000e+00
      3.371      0.024     0.0407      0.345     51.048  41.656747     3.1254      8.326   203.8272 4.9366e+00    12.1950      3.304      4.792    15.8255 0.0000e+00
      3.373      0.029     0.0389      0.332     50.871  41.470027     3.1008      8.325   203.7815 4.8561e+00    12.1489      3.305      4.794    15.8155 0.0000e+00
      3.380      0.038     0.0396      0.345     50.831  41.351683     2.9882      8.323   203.7207 4.7361e+00    12.1088      3.312      4.804    15.8179 0.0000e+00
      3.392      0.048     0.0377      0.368     50.987  41.368194     2.8295      8.321   203.6943 4.5997e+00    12.2912      3.325      4.822    15.8113 0.0000e+00
      3.410      0.055     0.0331      0.380     51.163  41.415648     2.7635      8.319   203.8064 4.4509e+00    12.5776      3.342      4.849    15.8073 0.0000e+00
      3.430      0.060     0.0321      0.387     51.240  41.417579     2.7632      8.318   204.0439 4.3218e+00    12.7020      3.364      4.880    15.7770 0.0000e+00
      3.448      0.061     0.0333      0.382     51.253  41.391472     2.6933      8.315   204.2427 4.2394e+00    12.7362      3.384      4.908    15.6815 0.0000e+00
      3.461      0.060     0.0381      0.359     51.256  41.353832     2.5592      8.312   204.3175 4.1667e+00    12.8210      3.395      4.924    15.5573 0.0000e+00
      3.473      0.057     0.0374      0.357     51.313  41.343228     2.4989      8.309   204.4321 4.0682e+00    12.9410      3.404      4.938    15.4564 0.0000e+00
      3.488      0.053     0.0389      0.369     51.462  41.390134     2.4969      8.306   204.6820 3.9781e+00    13.0950      3.420      4.961    15.4020 0.0000e+00
      3.503      0.051     0.0402      0.367     51.581  41.413139     2.4093      8.303   204.9299 3.9090e+00    13.2816      3.437      4.983    15.3790 0.0000e+00
      3.517      0.048     0.0340      0.371     51.586  41.367418     2.2478      8.300   205.1074 3.8455e+00    13.4207      3.450      5.003    15.3435 0.0000e+00
      3.528      0.045     0.0349      0.378     51.583  41.345009     2.1428      8.297   205.1924 3.7835e+00    13.4110      3.460      5.018    15.2888 0.0000e+00
      3.539      0.041     0.0387      0.359     51.648  41.396047     2.1377      8.294   205.2693 3.7198e+00    13.4035      3.471      5.033    15.2110 0.0000e+00
      3.549      0.038     0.0364      0.351     51.756  41.476767     2.1522      8.290   205.4349 3.6768e+00    13.6367      3.482      5.051    15.1318 0.0000e+00
      3.557      0.034     0.0360      0.354     51.885  41.559343     2.1182      8.286   205.6458 3.6538e+00    13.9427      3.489      5.061    15.0799 0.0000e+00
      3.565      0.031     0.0411      0.328     52.010  41.632821     2.0608      8.282   205.8410 3.6113e+00    13.9950      3.495      5.069    15.0640 0.0000e+00
      3.574      0.031     0.0347      0.298     52.084  41.666990     2.0162      8.278   205.9879 3.5596e+00    13.8927      3.505      5.084    15.0746 0.0000e+00
      3.581      0.031     0.0342      0.294     52.102  41.655093     1.9951      8.273   206.1310 3.5367e+00    13.8680      3.513      5.095    15.0735 0.0000e+00
      3.586      0.032     0.0383      0.313     52.163  41.679358     2.0126      8.269   206.2802 3.4985e+00    14.0369      3.515      5.097    15.0464 0.0000e+00
      3.595      0.035     0.0324      0.339     52.303  41.769938     2.0527      8.265   206.3300 3.4264e+00    14.3636      3.523      5.110    15.0174 0.0000e+00
      3.605      0.039     0.0291      0.352     52.536  41.925156     2.0560      8.263   206.3027 3.3748e+00    14.5046      3.537      5.130    14.9983 0.0000e+00
      3.614      0.044     0.0287      0.344     52.967  42.223172     2.0192      8.260   206.3809 3.3403e+00    14.4105      3.545      5.140    14.9699 0.0000e+00
      3.624      0.049     0.0313      0.330     53.487  42.580438     1.9739      8.256   206.5005 3.2842e+00    14.4210      3.552      5.152    14.9448 0.0000e+00
      3.638      0.053     0.0349      0.333     54.252  43.134661     1.9249      8.252   206.5446 3.1961e+00    14.6311      3.566      5.172    14.9304 0.0000e+00
      3.655      0.055     0.0365      0.335     55.451  44.036641     1.8933      8.250   206.5704 3.0973e+00    14.7986      3.584      5.198    14.9046 0.0000e+00
      3.671      0.057     0.0352      0.316     56.555  44.853429     1.8573      8.247   206.6397 3.0198e+00    14.7384      3.602      5.224    14.8593 0.0000e+00
      3.686      0.057     0.0322      0.295     57.321  45.393011     1.7566      8.242   206.7800 2.9656e+00    14.6213      3.615      5.243    14.7993 0.0000e+00
      3.699      0.056     0.0337      0.300     57.756  45.672610     1.6566      8.238   206.8900 2.9030e+00    14.7140      3.627      5.262    14.7470 0.0000e+00
      3.713      0.053     0.0354      0.314     57.776  45.631225     1.6474      8.235   206.8525 2.8291e+00    14.9380      3.641      5.281    14.7089 0.0000e+00
      3.726      0.050     0.0324      0.319     57.622  45.463899     1.6622      8.231   206.7562 2.7562e+00    15.0740      3.654      5.299    14.6546 0.0000e+00
      3.740      0.047     0.0282      0.333     57.620  45.426929     1.6029      8.226   206.7576 2.6941e+00    15.1292      3.668      5.320    14.5913 0.0000e+00
      3.752      0.045     0.0301      0.339     58.072  45.755511     1.4877      8.221   206.7835 2.6631e+00    15.1955      3.680      5.337    14.5340 0.0000e+00
      3.762      0.045     0.0333      0.324     59.003  46.453040     1.4342      8.216   206.8114 2.6341e+00    15.2941      3.690      5.351    14.4818 0.0000e+00
      3.771      0.045     0.0310      0.315     60.269  47.385295     1.4389      8.211   206.8373 2.5840e+00    15.4338      3.699      5.364    14.4445 0.0000e+00
      3.781      0.045     0.0347      0.315     61.737  48.456582     1.4037      8.206   206.8380 2.5315e+00    15.6555      3.706      5.377    14.4127 0.0000e+00
      3.794      0.042     0.0361      0.320     62.033  48.612513     1.3244      8.203   206.9929 2.4746e+00    15.8219      3.720      5.396    14.3929 0.0000e+00
      3.809      0.037     0.0323      0.334     60.826  47.619586     1.2544      8.200   207.2470 2.4202e+00    15.7729      3.737      5.419    14.3744 0.0000e+00
      3.822      0.029     0.0318      0.335     60.170  47.117437     1.2317      8.197   207.3289 2.3816e+00    15.7122      3.749      5.437    14.3136 0.0000e+00
      3.830      0.022     0.0325      0.316     60.256  47.239538     1.2493      8.193   207.2083 2.3639e+00    15.9074      3.759      5.452    14.2393 0.0000e+00
      3.831      0.016     0.0318      0.299     60.778  47.699264     1.2768      8.191   207.1654 2.3741e+00    16.2539      3.760      5.454    14.1747 0.0000e+00
      3.827      0.013     0.0349      0.289     62.096  48.739570     1.2804      8.191   207.3274 2.3861e+00    16.3829      3.752      5.442    14.1170 0.0000e+00
      3.826      0.013     0.0360      0.279     63.173  49.532332     1.2595      8.191   207.5323 2.3800e+00    16.2721      3.751      5.439    14.1347 0.0000e+00
      3.831      0.016     0.0317      0.272     63.527  49.728954     1.2405      8.191   207.6636 2.3552e+00    16.1774      3.757      5.449    14.1997 0.0000e+00
      3.839      0.022     0.0304      0.269     63.685  49.783427     1.2339      8.191   207.7106 2.3114e+00    16.2974      3.764      5.460    14.2487 0.0000e+00
      3.847      0.030     0.0299      0.281     64.270  50.190883     1.2388      8.191   207.7553 2.2769e+00    16.5617      3.772      5.472    14.2640 0.0000e+00
      3.854      0.037     0.0281      0.301     65.255  50.909098     1.2405      8.190   207.8609 2.2631e+00    16.6062      3.780      5.483    14.2084 0.0000e+00
      3.861      0.044     0.0283      0.321     65.850  51.292013     1.2295      8.188   207.9544 2.2398e+00    16.5277      3.785      5.489    14.1313 0.0000e+00
      3.872      0.049     0.0268      0.343     65.862  51.201173     1.1720      8.185   207.9399 2.1859e+00    16.9104      3.795      5.503    14.0746 0.0000e+00
      3.889      0.054     0.0285      0.353     65.660  50.953642     1.0790      8.183   207.9430 2.1192e+00    17.6802      3.815      5.533    14.0427 0.0000e+00
      3.907      0.059     0.0315      0.356     65.212  50.521514     1.0453      8.180   207.9923 2.0661e+00    18.1501      3.833      5.558    14.0183 0.0000e+00
      3.922      0.059     0.0323      0.356     64.810  50.103588     1.0563      8.178   208.0202 2.0184e+00    18.1852      3.846      5.577    13.9494 0.0000e+00
      3.937      0.053     0.0364      0.349     65.113  50.218214     1.0368      8.178   208.1086 1.9575e+00    18.2417      3.860      5.599    13.8600 0.0000e+00
      3.954      0.043     0.0367      0.346     65.578  50.510392     0.9918      8.177   208.1139 1.8905e+00    18.5249      3.877      5.624    13.7940 0.0000e+00
      3.970      0.033     0.0370      0.355     65.583  50.524881     0.9623      8.177   207.9985 1.8406e+00    18.7744      3.896      5.651    13.7407 0.0000e+00
      3.977      0.025     0.0375      0.353     65.450  50.456911     0.9717      8.177   207.9171 1.8402e+00    18.9359      3.905      5.664    13.6616 0.0000e+00
      3.972      0.017     0.0362      0.338     65.323  50.387092     0.9718      8.177   207.8183 1.8665e+00    19.2479      3.894      5.646    13.5418 0.0000e+00
      3.968      0.008     0.0350      0.338     65.279  50.379211     0.9303      8.177   207.7502 1.8530e+00    19.6098      3.887      5.636    13.4775 0.0000e+00
      3.974      0.003     0.0378      0.348     65.402  50.488641     0.8859      8.178   207.6962 1.8155e+00    19.6893      3.897      5.652    13.5159 0.0000e+00
      3.980      0.003     0.0376      0.336     65.329  50.440277     0.8514      8.179   207.5957 1.8033e+00    19.6292      3.906      5.666    13.5471 0.0000e+00
      3.980      0.011     0.0340      0.311     64.657  49.921437     0.8458      8.180   207.5668 1.8208e+00    19.8395      3.907      5.665    13.5616 0.0000e+00
      3.975      0.020     0.0344      0.301     63.817  49.231537     0.8683      8.182   207.5195 1.8387e+00    20.2845      3.897      5.652    13.5898 0.0000e+00
      3.973      0.026     0.0376      0.304     63.756  49.083147     0.8825      8.183   207.4542 1.8252e+00    20.5355      3.890      5.642    13.5973 0.0000e+00
      3.983      0.030     0.0358      0.313     64.135  49.270073     0.8675      8.184   207.4656 1.7642e+00    20.4830      3.901      5.659    13.5996 0.0000e+00
      4.003      0.035     0.0308      0.313     64.203  49.269251     0.8279      8.187   207.5713 1.6969e+00    20.3669      3.927      5.695    13.6127 0.0000e+00
      4.020      0.038     0.0315      0.301     64.122  49.200148     0.8029      8.189   207.6990 1.6812e+00    20.3618      3.947      5.725    13.5942 0.0000e+00
      4.027      0.039     0.0311      0.299     63.600  48.815522     0.8065      8.190   207.6326 1.6907e+00    20.5236      3.951      5.731    13.4911 0.0000e+00
      4.029      0.038     0.0332      0.313     62.592  48.047336     0.8215      8.192   207.4577 1.6837e+00    20.7181      3.950      5.729    13.3858 0.0000e+00
      4.034      0.037     0.0336      0.331     61.882  47.467515     0.8097      8.194   207.3914 1.6562e+00    20.7660      3.955      5.736    13.3556 0.0000e+00
      4.043      0.038     0.0307      0.332     61.374  47.011096     0.7638      8.196   207.3464 1.6137e+00    20.9320      3.963      5.748    13.3543 0.0000e+00
      4.057      0.041     0.0305      0.319     60.847  46.528398     0.7331      8.197   207.1726 1.5672e+00    21.3244      3.979      5.770    13.3754 0.0000e+00
      4.073      0.045     0.0323      0.316     60.605  46.265644     0.7470      8.199   206.9247 1.5360e+00    21.5484      3.997      5.797    13.3937 0.0000e+00
      4.085      0.046     0.0356      0.329     60.325  45.992589     0.7819      8.202   206.7577 1.5101e+00    21.6591      4.006      5.811    13.3596 0.0000e+00
      4.094      0.046     0.0355      0.337     59.820  45.575725     0.7804      8.204   206.7882 1.4758e+00    21.7750      4.014      5.823    13.2966 0.0000e+00
      4.104      0.044     0.0325      0.329     59.381  45.224767     0.7450      8.205   206.8637 1.4379e+00    21.8560      4.024      5.837    13.2311 0.0000e+00
      4.115      0.042     0.0325      0.329     59.005  44.923260     0.7285      8.206   206.8093 1.3972e+00    21.9218      4.034      5.850    13.1614 0.0000e+00
      4.128      0.041     0.0347      0.338     58.604  44.596398     0.7473      8.208   206.7332 1.3687e+00    21.9889      4.049      5.873    13.1064 0.0000e+00
      4.140      0.040     0.0370      0.339     58.024  44.129262     0.7724      8.210   206.7182 1.3571e+00    22.2570      4.061      5.890    13.0874 0.0000e+00
      4.149      0.039     0.0336      0.343     57.266  43.528150     0.7494      8.211   206.7134 1.3456e+00    22.5681      4.068      5.900    13.0779 0.0000e+00
      4.157      0.037     0.0341      0.353     56.583  42.977798     0.7020      8.211   206.6759 1.3137e+00    22.6424      4.076      5.911    13.0656 0.0000e+00
      4.165      0.034     0.0367      0.351     55.836  42.362563     0.6825      8.212   206.6942 1.2688e+00    22.6764      4.085      5.925    13.0489 0.0000e+00
      4.174      0.033     0.0350      0.329     54.920  41.611456     0.6791      8.213   206.7633 1.2440e+00    22.8426      4.094      5.937    13.0211 0.0000e+00
