Data/DataNotYetUploadedToEDI/Raw_CTD/RawDownloads/080524_fcr20_S7809003.cnv
* Sea-Bird SBE19plus  Data File:
* FileName = C:\R\Reservoirs\Data\DataNotYetUploadedToEDI\Raw_CTD\RawDownloads\080524_fcr50_S7809_0003.hex
* Software version 2.8.0.119
* Temperature SN = 7809
* Conductivity SN = 7809
* System UpLoad Time = Aug 05 2024 17:27:55
* <ApplicationData>
* <Seaterm232>
# nquan = 15
# nvalues = 439                         
# units = specified
# name 0 = depFM: Depth [fresh water, m]
# name 1 = dz/dtM: Descent Rate [m/s]
# name 2 = sbeox0Mg/L: Oxygen, SBE 43 [mg/l]
# name 3 = sbeox0PS: Oxygen, SBE 43 [% saturation]
# name 4 = specc: Specific Conductance [uS/cm]
# name 5 = c0uS/cm: Conductivity [uS/cm]
# name 6 = flECO-AFL: Fluorescence, WET Labs ECO-AFL/FL [mg/m^3]
# name 7 = ph: pH
# name 8 = orp: Oxidation Reduction Potential [mV]
# name 9 = par/sat/log: PAR/Logarithmic, Satlantic
# name 10 = turbWETntu0: Turbidity, WET Labs ECO [NTU]
# name 11 = prdM: Pressure, Strain Gauge [db]
# name 12 = prdE: Pressure, Strain Gauge [psi]
# name 13 = tv290C: Temperature [ITS-90, deg C]
# name 14 = flag:  0.000e+00
# span 0 =     -0.372,      3.256       
# span 1 =     -0.039,      0.174       
# span 2 =     0.1009,     8.4126       
# span 3 =      1.094,    104.032       
# span 4 =     41.718,    111.133       
# span 5 =  43.639458,  96.096494       
# span 6 =    -0.0790,    44.5645       
# span 7 =      7.532,      7.862       
# span 8 =   -21.0656,   140.4866       
# span 9 = 1.2355e-01, 2.1742e+03       
# span 10 =    -0.3650,    74.6998      
# span 11 =     -0.375,      3.194      
# span 12 =     -0.544,      4.632      
# span 13 =    17.9898,    28.0081      
# span 14 = 0.0000e+00, 0.0000e+00      
# interval = seconds: 0.25
# start_time = Aug 05 2024 12:38:06 [Instrument's time stamp, header]
# bad_flag = -9.990e-29
*END*
[from data line 290]
      2.444      0.040     0.3504      2.525     48.616  45.987087    10.1952      7.788   138.6095 4.0264e+01    12.8043      2.397      3.477    22.4011 0.0000e+00
      2.455      0.044     0.3119      2.316     48.681  46.005431     9.4873      7.786   138.5684 3.9657e+01    14.0295      2.410      3.496    22.3570 0.0000e+00
      2.462      0.050     0.2737      2.183     49.004  46.199662     8.2148      7.784   138.6486 3.9149e+01    16.3366      2.414      3.501    22.3084 0.0000e+00
      2.471      0.058     0.2429      2.113     50.333  47.319650     7.5261      7.783   138.6327 3.8068e+01    17.6079      2.421      3.511    22.2848 0.0000e+00
      2.487      0.070     0.2168      2.077     52.471  49.198454     7.4530      7.781   138.8063 3.6495e+01    17.6842      2.438      3.535    22.3054 0.0000e+00
      2.508      0.081     0.1992      2.027     53.731  50.186754     7.3637      7.780   139.3714 3.4964e+01    17.7706      2.461      3.570    22.2828 0.0000e+00
      2.531      0.087     0.1884      1.948     54.007  50.189835     6.6296      7.779   139.7860 3.3265e+01    19.4723      2.479      3.597    22.1389 0.0000e+00
      2.559      0.087     0.1834      1.867     54.159  50.124277     5.3097      7.777   139.7760 3.0996e+01    22.6488      2.505      3.633    21.9855 0.0000e+00
      2.591      0.079     0.1827      1.783     54.103  49.965267     4.6052      7.776   139.6801 2.9169e+01    24.4427      2.546      3.693    21.9113 0.0000e+00
      2.615      0.066     0.1795      1.697     53.876  49.727489     4.5462      7.775   139.7453 2.8299e+01    24.6635      2.568      3.727    21.7306 0.0000e+00
      2.626      0.050     0.1717      1.619     53.703  49.598573     4.4879      7.774   139.8759 2.7739e+01    24.7039      2.574      3.734    21.4357 0.0000e+00
      2.632      0.035     0.1658      1.554     53.581  49.549482     4.3995      7.773   140.0550 2.7405e+01    24.7943      2.583      3.747    21.2310 0.0000e+00
      2.635      0.026     0.1589      1.522     53.500  49.514988     4.3605      7.771   140.3616 2.7319e+01    24.9021      2.585      3.750    21.1495 0.0000e+00
      2.635      0.026     0.1500      1.526     53.498  49.499038     4.3737      7.770   140.4866 2.7237e+01    24.9144      2.584      3.748    21.1242 0.0000e+00
      2.637      0.035     0.1443      1.562     53.813  49.737561     4.4090      7.769   139.9315 2.6828e+01    24.7033      2.584      3.748    21.1596 0.0000e+00
      2.646      0.048     0.1362      1.612     54.462  50.240068     4.4554      7.766   135.2835 2.5955e+01    24.3317      2.592      3.759    21.2415 0.0000e+00
      2.661      0.059     0.1340      1.655     54.844  50.431619     4.4761      7.762   124.2106 2.4915e+01    24.1111      2.609      3.784    21.2966 0.0000e+00
      2.682      0.064     0.1341      1.685     54.767  50.212028     4.4676      7.759   112.5667 2.3567e+01    24.1541      2.626      3.808    21.2679 0.0000e+00
      2.708      0.064     0.1380      1.694     54.723  50.124612     4.5029      7.755   105.4037 2.2183e+01    24.8161      2.657      3.853    21.2142 0.0000e+00
      2.732      0.059     0.1441      1.680     54.908  50.327052     4.5871      7.752   101.0141 2.1555e+01    25.8985      2.687      3.897    21.1547 0.0000e+00
      2.744      0.051     0.1475      1.659     55.038  50.500926     4.6365      7.750    97.4350 2.1450e+01    26.4476      2.693      3.906    20.9718 0.0000e+00
      2.748      0.043     0.1519      1.636     55.062  50.576104     4.6421      7.748    94.5657 2.1342e+01    26.5368      2.694      3.907    20.7875 0.0000e+00
      2.752      0.038     0.1526      1.618     55.600  51.109099     4.6135      7.746    92.3054 2.1147e+01    26.6689      2.698      3.914    20.7687 0.0000e+00
      2.760      0.038     0.1503      1.613     57.942  53.262470     4.5822      7.744    90.4969 2.0651e+01    26.8839      2.704      3.922    20.8210 0.0000e+00
      2.773      0.047     0.1480      1.600     61.651  56.544431     4.5884      7.742    88.8753 2.0006e+01    27.0514      2.719      3.943    20.8709 0.0000e+00
      2.786      0.062     0.1463      1.593     64.599  58.909004     4.5962      7.739    87.2389 1.9597e+01    27.0898      2.734      3.965    20.9286 0.0000e+00
      2.797      0.077     0.1429      1.613     66.431  60.129705     4.5852      7.734    85.8540 1.8927e+01    27.0400      2.739      3.973    20.9622 0.0000e+00
      2.816      0.088     0.1448      1.629     67.625  60.821681     4.5463      7.729    84.6069 1.7654e+01    26.8940      2.756      3.997    20.9858 0.0000e+00
      2.846      0.094     0.1431      1.631     69.173  61.938909     4.4844      7.725    83.0875 1.6108e+01    26.7248      2.789      4.045    20.9393 0.0000e+00
      2.882      0.098     0.1408      1.639     72.408  64.615926     4.4522      7.721    81.3356 1.4729e+01    26.6682      2.828      4.103    20.6299 0.0000e+00
      2.912      0.098     0.1470      1.656     76.375  67.900413     4.4654      7.718    79.6866 1.3927e+01    26.5512      2.862      4.151    20.2271 0.0000e+00
      2.932      0.095     0.1488      1.654     80.152  70.958955     4.5111      7.713    78.2053 1.3354e+01    24.6271      2.874      4.169    19.9327 0.0000e+00
      2.949      0.087     0.1487      1.631     83.874  73.949080     4.5714      7.709    77.0203 1.2596e+01    20.9615      2.889      4.189    19.7442 0.0000e+00
      2.970      0.077     0.1492      1.621     86.417  75.893845     4.5959      7.705    76.0280 1.1821e+01    18.8838      2.912      4.224    19.6405 0.0000e+00
      2.993      0.068     0.1532      1.632     87.796  76.863809     4.5903      7.701    74.3802 1.1120e+01    18.5667      2.935      4.257    19.4623 0.0000e+00
      3.014      0.058     0.1539      1.647     89.082  77.856398     4.7038      7.697    71.9820 1.0605e+01    17.0243      2.959      4.291    19.2573 0.0000e+00
      3.029      0.048     0.1496      1.639     89.925  78.548525     4.9443      7.693    69.4870 1.0401e+01    14.1720      2.974      4.314    19.0899 0.0000e+00
      3.037      0.037     0.1502      1.615     90.143  78.746782     5.0840      7.689    67.1005 1.0375e+01    12.6714      2.980      4.320    18.8951 0.0000e+00
      3.041      0.027     0.1517      1.604     89.712  78.409554     5.1034      7.686    64.7226 1.0401e+01    12.5785      2.982      4.325    18.7439 0.0000e+00
      3.045      0.020     0.1550      1.604     87.863  76.823707     5.1204      7.683    62.4185 1.0480e+01    12.2645      2.986      4.331    18.6786 0.0000e+00
      3.049      0.015     0.1537      1.579     84.864  74.195787     5.1310      7.681    60.2354 1.0582e+01    11.6408      2.990      4.337    18.6612 0.0000e+00
      3.053      0.012     0.1501      1.530     82.191  71.874714     5.1235      7.678    58.2019 1.0647e+01    11.2878      2.994      4.342    18.6658 0.0000e+00
      3.057      0.010     0.1490      1.497     81.110  71.008848     5.1297      7.676    56.5024 1.0663e+01    11.2765      2.998      4.348    18.6968 0.0000e+00
      3.059      0.010     0.1504      1.482     81.640  71.545279     5.2725      7.675    55.1739 1.0651e+01    11.3332      3.000      4.352    18.7289 0.0000e+00
      3.059      0.011     0.1491      1.474     82.486  72.322333     5.5350      7.674    54.4421 1.0627e+01    11.3585      3.000      4.351    18.7057 0.0000e+00
      3.060      0.012     0.1411      1.469     82.368  72.268079     5.6815      7.672    54.0216 1.0602e+01    11.3434      3.000      4.351    18.6923 0.0000e+00
      3.063      0.013     0.1392      1.464     81.480  71.588494     5.7210      7.670    53.2728 1.0540e+01    11.3210      3.002      4.355    18.7780 0.0000e+00
      3.068      0.015     0.1376      1.462     80.837  71.161257     6.2124      7.668    52.3588 1.0402e+01    11.2933      3.008      4.363    18.8268 0.0000e+00
      3.074      0.016     0.1369      1.462     79.858  70.407942     7.1532      7.668    51.3163 1.0223e+01    11.2814      3.015      4.373    18.8259 0.0000e+00
      3.080      0.016     0.1367      1.463     77.538  68.454800     7.7252      7.667    50.3034 1.0082e+01    11.3147      3.021      4.382    18.8575 0.0000e+00
      3.083      0.017     0.1359      1.452     75.394  66.675826     8.3664      7.666    49.7484 1.0005e+01    11.6610      3.024      4.386    18.9059 0.0000e+00
      3.084      0.017     0.1356      1.442     75.783  67.074405    14.6895      7.664    49.3388 9.9085e+00    15.0587      3.025      4.387    19.0272 0.0000e+00
      3.088      0.016     0.1347      1.437     77.686  68.698502    26.2411      7.664    48.8778 9.6574e+00    21.2082      3.027      4.390    19.0856 0.0000e+00
      3.094      0.016     0.1365      1.429     78.272  69.153905    32.5357      7.663    48.5623 9.2548e+00    24.5273      3.033      4.400    19.1194 0.0000e+00
      3.100      0.015     0.1336      1.425     77.105  68.195608    33.1265      7.661    48.2775 8.8952e+00    24.9244      3.041      4.410    19.2342 0.0000e+00
      3.105      0.015     0.1327      1.416     75.931  67.343881    33.4424      7.660    47.8440 8.7056e+00    26.1114      3.046      4.417    19.2863 0.0000e+00
      3.108      0.014     0.1332      1.413     75.822  67.435481    36.3720      7.659    47.3645 8.5972e+00    38.6752      3.048      4.420    19.2179 0.0000e+00
      3.109      0.011     0.1314      1.426     76.147  67.841827    41.7313      7.657    46.9542 8.4232e+00    61.7145      3.048      4.421    19.1242 0.0000e+00
      3.111      0.009     0.1321      1.422     76.456  68.126423    44.5645      7.656    46.4969 8.1832e+00    74.2036      3.051      4.424    19.1900 0.0000e+00
      3.115      0.008     0.1306      1.412     76.723  68.270911    43.9028      7.656    45.8793 7.9825e+00    74.6998      3.055      4.430    19.3478 0.0000e+00
      3.117      0.008     0.1282      1.416     77.277  68.635412    33.9557      7.656    45.2510 7.8440e+00    68.1925      3.057      4.434    19.4792 0.0000e+00
      3.118      0.008     0.1322      1.410     78.673  69.800520    15.6991      7.654    44.7500 7.7268e+00    56.1567      3.058      4.435    19.5700 0.0000e+00
      3.120      0.007     0.1310      1.404     80.109  71.044977     5.7391      7.653    44.2970 7.6088e+00    49.5537      3.060      4.437    19.5755 0.0000e+00
      3.122      0.006     0.1279      1.417     80.224  71.097497     4.7353      7.654    43.8171 7.4860e+00    47.8967      3.062      4.440    19.4983 0.0000e+00
      3.124      0.005     0.1318      1.427     79.045  69.990562     3.4707      7.654    43.3355 7.3797e+00    35.9852      3.063      4.443    19.3833 0.0000e+00
      3.125      0.005     0.1296      1.421     77.661  68.720260     1.2853      7.653    42.8626 7.3121e+00    14.2958      3.065      4.445    19.3413 0.0000e+00
      3.125      0.005     0.1282      1.411     77.167  68.258896     0.0947      7.652    42.3149 7.2421e+00     2.4964      3.065      4.445    19.3529 0.0000e+00
      3.126      0.004     0.1308      1.404     77.865  68.860979    -0.0138      7.651    41.7896 7.1057e+00     1.4342      3.065      4.446    19.3084 0.0000e+00
      3.127      0.004     0.1323      1.389     78.427  69.326810    -0.0272      7.650    41.4158 6.9112e+00     1.0094      3.066      4.447    19.2612 0.0000e+00
      3.128      0.004     0.1314      1.374     77.727  68.679752    -0.0332      7.649    40.9786 6.7143e+00     0.3662      3.068      4.450    19.2362 0.0000e+00
      3.130      0.004     0.1296      1.374     76.172  67.329243    -0.0371      7.647    40.4608 6.5698e+00     0.0104      3.070      4.453    19.2166 0.0000e+00
      3.131      0.004     0.1303      1.369     74.522  65.962368    -0.0411      7.647    40.0597 6.4774e+00    -0.0475      3.070      4.453    19.2230 0.0000e+00
      3.132      0.005     0.1289      1.360     73.844  65.498053    -0.0480      7.646    39.5699 6.3644e+00     0.0083      3.071      4.455    19.1957 0.0000e+00
      3.133      0.005     0.1254      1.367     74.888  66.544926    -0.0544      7.645    39.0125 6.1652e+00     0.1388      3.071      4.455    19.1605 0.0000e+00
      3.134      0.006     0.1278      1.368     76.986  68.452650    -0.0517      7.644    38.7419 5.8774e+00     0.2319      3.073      4.457    19.1741 0.0000e+00
      3.135      0.006     0.1271      1.360     78.578  69.816964    -0.0484      7.642    38.5344 5.5366e+00     0.2795      3.075      4.459    19.2403 0.0000e+00
      3.137      0.007     0.1233      1.364     79.263  70.330022    -0.0471      7.640    38.1383 5.1533e+00     0.1679      3.076      4.462    19.3484 0.0000e+00
      3.139      0.007     0.1267      1.380     79.935  70.842459    -0.0441      7.640    37.8247 4.7804e+00    -0.0926      3.079      4.466    19.4430 0.0000e+00
      3.141      0.006     0.1259      1.377     80.381  71.182119    -0.0545      7.639    37.7541 4.5267e+00    -0.2731      3.081      4.468    19.4803 0.0000e+00
      3.143      0.006     0.1245      1.364     80.196  71.004510    -0.0563      7.639    37.8016 4.4110e+00    -0.3074      3.082      4.470    19.4306 0.0000e+00
      3.144      0.006     0.1247      1.379     80.274  71.110302    -0.0493      7.638    37.7960 4.3495e+00    -0.3029      3.083      4.472    19.3525 0.0000e+00
      3.145      0.006     0.1281      1.386     80.969  71.762089    -0.0528      7.636    37.6860 4.2435e+00    -0.2867      3.084      4.473    19.3041 0.0000e+00
      3.146      0.007     0.1286      1.370     81.641  72.338341    -0.0573      7.635    37.3326 4.0188e+00    -0.2486      3.085      4.474    19.2655 0.0000e+00
      3.147      0.007     0.1230      1.369     82.152  72.738372    -0.0624      7.635    36.6199 3.6922e+00    -0.2856      3.086      4.476    19.2482 0.0000e+00
      3.150      0.007     0.1280      1.370     82.767  73.229770    -0.0637      7.634    35.8661 3.3781e+00    -0.3236      3.089      4.481    19.2857 0.0000e+00
      3.153      0.008     0.1297      1.361     83.584  73.893574    -0.0649      7.633    35.2731 3.1823e+00    -0.2643      3.093      4.486    19.3301 0.0000e+00
      3.155      0.008     0.1245      1.375     84.667  74.788798    -0.0610      7.633    34.6989 3.0757e+00    -0.2181      3.094      4.488    19.3043 0.0000e+00
      3.156      0.008     0.1263      1.390     85.947  75.853004    -0.0498      7.633    34.0862 2.9438e+00    -0.2089      3.094      4.488    19.2619 0.0000e+00
      3.157      0.007     0.1278      1.380     87.167  76.843082    -0.0369      7.633    33.5434 2.7745e+00    -0.1869      3.096      4.491    19.2378 0.0000e+00
      3.159      0.006     0.1239      1.376     87.937  77.413744    -0.0302      7.632    33.3847 2.6096e+00    -0.1230      3.098      4.494    19.1988 0.0000e+00
      3.162      0.005     0.1265      1.381     88.259  77.602750    -0.0447      7.629    33.8020 2.4895e+00    -0.0519      3.101      4.498    19.1613 0.0000e+00
      3.163      0.005     0.1310      1.386     88.826  78.047342    -0.0617      7.627    34.0292 2.4583e+00    -0.0441      3.103      4.501    19.1286 0.0000e+00
      3.163      0.005     0.1264      1.391     90.093  79.101363    -0.0607      7.623    33.5506 2.4568e+00    -0.0288      3.102      4.500    19.0816 0.0000e+00
      3.164      0.006     0.1277      1.363     91.527  80.236647    -0.0494      7.618    32.8333 2.3928e+00    -0.0030      3.102      4.499    19.0095 0.0000e+00
      3.165      0.006     0.1285      1.325     92.045  80.518758    -0.0418      7.611    31.6372 2.2540e+00    -0.0058      3.103      4.501    18.9450 0.0000e+00
