Data/DataNotYetUploadedToEDI/Raw_CTD/RawDownloads/080524_fcr50_S7809001.cnv
* Sea-Bird SBE19plus  Data File:
* FileName = C:\R\Reservoirs\Data\DataNotYetUploadedToEDI\Raw_CTD\RawDownloads\080524_fcr50_S7809_0001.hex
* Software version 2.8.0.119
* Temperature SN = 7809
* Conductivity SN = 7809
* System UpLoad Time = Aug 05 2024 17:27:22
* <ApplicationData>
* <Seaterm232>
# nquan = 15
# nvalues = 780                         
# units = specified
# name 0 = depFM: Depth [fresh water, m]
# name 1 = dz/dtM: Descent Rate [m/s]
# name 2 = sbeox0Mg/L: Oxygen, SBE 43 [mg/l]
# name 3 = sbeox0PS: Oxygen, SBE 43 [% saturation]
# name 4 = specc: Specific Conductance [uS/cm]
# name 5 = c0uS/cm: Conductivity [uS/cm]
# name 6 = flECO-AFL: Fluorescence, WET Labs ECO-AFL/FL [mg/m^3]
# name 7 = ph: pH
# name 8 = orp: Oxidation Reduction Potential [mV]
# name 9 = par/sat/log: PAR/Logarithmic, Satlantic
# name 10 = turbWETntu0: Turbidity, WET Labs ECO [NTU]
# name 11 = prdM: Pressure, Strain Gauge [db]
# name 12 = prdE: Pressure, Strain Gauge [psi]
# name 13 = tv290C: Temperature [ITS-90, deg C]
# name 14 = flag:  0.000e+00
# span 0 =     -0.621,      9.621       
# span 1 =     -0.173,      0.198       
# span 2 =     0.1323,     8.1973       
# span 3 =      1.479,    103.574       
# span 4 =      4.372,    528.088       
# span 5 =   4.663951, 394.507768       
# span 6 =    -0.0770,    36.8478       
# span 7 =      5.679,      7.134       
# span 8 = -1240.7455,   215.7134       
# span 9 = 1.2349e-01, 1.8218e+03       
# span 10 =    -0.3105,   144.1102      
# span 11 =     -0.610,      9.435      
# span 12 =     -0.885,     13.685      
# span 13 =    12.3385,    28.3302      
# span 14 = 0.0000e+00, 0.0000e+00      
# interval = seconds: 0.25
# start_time = Aug 05 2024 11:21:50 [Instrument's time stamp, header]
# bad_flag = -9.990e-29
*END*
[from data line 97]
     -0.379      0.181     6.2226     80.840     44.687  47.315938     4.1723      6.349   136.5662 3.4977e+02     3.7731     -0.375     -0.544    28.1374 0.0000e+00
     -0.331      0.194     6.2383     81.430     44.695  47.311271     4.1565      6.366   135.0397 2.8045e+02     3.8050     -0.331     -0.480    28.0743 0.0000e+00
     -0.271      0.198     6.2829     82.027     44.688  47.299907     4.2362      6.383   134.0785 2.8123e+02     3.7888     -0.264     -0.383    28.0112 0.0000e+00
     -0.213      0.194     6.2988     82.537     44.695  47.305497     4.3780      6.402   133.9778 2.8777e+02     3.7485     -0.202     -0.294    27.9602 0.0000e+00
     -0.164      0.180     6.3239     83.019     44.646  47.251877     4.4645      6.423   134.2525 2.9269e+02     3.7610     -0.162     -0.235    27.9287 0.0000e+00
     -0.117      0.155     6.3855     83.449     44.383  46.969016     4.5008      6.445   134.5601 2.9266e+02     3.8036     -0.116     -0.169    27.9169 0.0000e+00
     -0.073      0.122     6.4329     83.749     43.876  46.424777     4.6830      6.467   134.7725 2.8240e+02     3.9214     -0.065     -0.095    27.9152 0.0000e+00
     -0.043      0.090     6.4689     83.843     43.373  45.877072     5.0199      6.487   134.5825 2.6574e+02     4.1610     -0.034     -0.049    27.9141 0.0000e+00
     -0.030      0.060     6.5086     83.617     43.087  45.552192     5.2031      6.503   134.1568 2.6009e+02     4.2420     -0.026     -0.038    27.9118 0.0000e+00
     -0.027      0.034     6.5462     83.177     42.980  45.416731     5.2081      6.520   134.0136 2.7120e+02     4.2172     -0.026     -0.038    27.9086 0.0000e+00
     -0.028      0.016     6.5696     82.827     42.964  45.381809     5.2639      6.536   134.8300 2.7909e+02     4.1678     -0.027     -0.039    27.9015 0.0000e+00
     -0.028      0.007     6.5868     82.707     42.980  45.383836     5.4196      6.551   136.1121 2.7396e+02     3.9863     -0.029     -0.041    27.8823 0.0000e+00
     -0.028      0.006     6.5697     82.764     42.983  45.377741     5.5679      6.564   136.5238 2.6430e+02     3.8337     -0.028     -0.041    27.8526 0.0000e+00
     -0.026      0.008     6.5245     82.772     42.982  45.371573     5.6166      6.575   136.1938 2.5852e+02     3.7573     -0.027     -0.037    27.8258 0.0000e+00
     -0.022      0.011     6.4986     82.448     42.983  45.372733     5.6011      6.584   135.7358 2.5776e+02     3.7116     -0.022     -0.031    27.8048 0.0000e+00
     -0.018      0.015     6.4907     81.656     42.997  45.391767     5.5640      6.593   136.5788 2.5664e+02     3.6912     -0.018     -0.026    27.7880 0.0000e+00
     -0.015      0.018     6.5042     80.486     43.008  45.411285     5.5174      6.602   138.7291 2.5604e+02     3.6467     -0.016     -0.022    27.7771 0.0000e+00
     -0.011      0.020     6.5146     79.114     43.008  45.418301     5.5034      6.609   139.7947 2.5729e+02     3.5494     -0.012     -0.017    27.7711 0.0000e+00
     -0.005      0.022     6.4937     77.614     43.058  45.476611     5.5110      6.616   139.3103 2.5754e+02     3.4379     -0.006     -0.009    27.7697 0.0000e+00
      0.002      0.022     6.4275     76.047     43.118  45.545002     5.5090      6.623   138.9809 2.5523e+02     3.3909      0.003      0.004    27.7771 0.0000e+00
      0.009      0.021     6.3264     74.667     43.116  45.546943     5.5045      6.631   139.6831 2.5079e+02     3.4244      0.009      0.013    27.7891 0.0000e+00
      0.014      0.019     6.2179     73.899     43.069  45.500089     5.5072      6.639   140.5741 2.4720e+02     3.5023      0.014      0.020    27.7972 0.0000e+00
      0.019      0.016     6.0985     73.888     42.994  45.422855     5.5250      6.648   141.1495 2.4594e+02     3.5463      0.020      0.029    27.8021 0.0000e+00
      0.023      0.012     5.9697     74.330     42.947  45.374860     5.6526      6.657   141.4783 2.4784e+02     3.5131      0.024      0.034    27.8080 0.0000e+00
      0.025      0.009     5.8441     74.829     42.935  45.364140     5.8761      6.665   141.5380 2.5074e+02     3.4772      0.024      0.035    27.8134 0.0000e+00
      0.026      0.007     5.7772     75.093     42.926  45.356718     5.9890      6.673   141.6127 2.5064e+02     3.4880      0.025      0.037    27.8160 0.0000e+00
      0.028      0.005     5.7903     75.021     42.918  45.348608     6.0103      6.682   141.8662 2.5020e+02     3.5066      0.027      0.040    27.8175 0.0000e+00
      0.029      0.005     5.8346     74.675     42.899  45.329561     6.0752      6.691   142.2789 2.5135e+02     3.5646      0.028      0.041    27.8199 0.0000e+00
      0.030      0.004     5.8829     74.178     42.885  45.316855     6.1496      6.698   142.6453 2.5080e+02     3.6426      0.029      0.042    27.8225 0.0000e+00
      0.031      0.004     5.9061     73.779     42.887  45.321943     6.1781      6.705   142.1661 2.4792e+02     3.6989      0.031      0.044    27.8246 0.0000e+00
      0.032      0.003     5.8964     73.782     42.889  45.327603     6.1776      6.711   141.2173 2.4474e+02     3.7334      0.032      0.046    27.8259 0.0000e+00
      0.033      0.003     5.8680     74.323     42.881  45.321828     6.1522      6.715   141.3262 2.4192e+02     3.6841      0.032      0.047    27.8265 0.0000e+00
      0.033      0.003     5.8211     75.303     42.872  45.315593     6.1131      6.720   142.1921 2.4138e+02     3.5807      0.032      0.047    27.8287 0.0000e+00
      0.034      0.003     5.7793     76.519     42.869  45.315697     6.0875      6.725   142.8248 2.4318e+02     3.5078      0.033      0.048    27.8321 0.0000e+00
      0.035      0.003     5.7747     77.799     42.874  45.323094     6.0663      6.731   142.6958 2.4395e+02     3.4867      0.034      0.049    27.8355 0.0000e+00
      0.036      0.003     5.8211     78.975     42.891  45.341556     6.0493      6.737   142.0946 2.4212e+02     3.4962      0.035      0.051    27.8394 0.0000e+00
      0.037      0.003     5.9040     79.899     42.896  45.348486     5.9899      6.743   142.0955 2.3812e+02     3.6906      0.036      0.052    27.8435 0.0000e+00
      0.037      0.003     6.0031     80.469     42.889  45.343396     5.8804      6.749   142.7066 2.3383e+02     4.0606      0.037      0.053    27.8468 0.0000e+00
      0.038      0.002     6.1080     80.641     42.886  45.343501     5.8077      6.754   143.5464 2.3214e+02     4.2462      0.038      0.055    27.8493 0.0000e+00
      0.039      0.002     6.2048     80.486     42.890  45.349764     5.7844      6.759   143.5588 2.3426e+02     4.2270      0.038      0.055    27.8509 0.0000e+00
      0.039      0.001     6.2793     80.130     42.894  45.355640     5.8068      6.762   142.5992 2.3698e+02     3.9985      0.038      0.055    27.8524 0.0000e+00
      0.039      0.001     6.3262     79.646     42.889  45.351074     5.8706      6.765   142.2679 2.3757e+02     3.6020      0.038      0.056    27.8548 0.0000e+00
      0.039      0.002     6.3365     79.067     42.894  45.358035     5.9152      6.769   142.6507 2.3658e+02     3.4298      0.039      0.056    27.8576 0.0000e+00
      0.039      0.005     6.3194     78.422     42.912  45.376339     5.9391      6.772   143.0112 2.3531e+02     3.4537      0.039      0.056    27.8604 0.0000e+00
      0.040      0.009     6.2903     77.818     42.917  45.381953     6.0256      6.772   143.1857 2.3408e+02     3.4471      0.039      0.057    27.8630 0.0000e+00
      0.041      0.013     6.2505     77.326     42.897  45.362427     6.1619      6.771   143.2978 2.3330e+02     3.4522      0.040      0.058    27.8646 0.0000e+00
      0.045      0.015     6.2059     76.896     42.867  45.330688     6.2391      6.769   143.5063 2.3262e+02     3.5155      0.043      0.063    27.8651 0.0000e+00
      0.052      0.016     6.1513     76.563     42.852  45.315590     6.2674      6.768   143.8146 2.2947e+02     3.5976      0.052      0.074    27.8651 0.0000e+00
      0.059      0.016     6.1000     76.450     42.843  45.306844     6.3628      6.770   144.7017 2.2506e+02     3.6931      0.061      0.088    27.8648 0.0000e+00
      0.063      0.015     6.0660     76.570     42.827  45.288410     6.5112      6.773   145.8866 2.2327e+02     3.7472      0.063      0.092    27.8658 0.0000e+00
      0.065      0.012     6.0307     76.755     42.826  45.283144     6.5715      6.775   146.0948 2.2387e+02     3.7064      0.063      0.091    27.8677 0.0000e+00
      0.066      0.011     5.9989     76.753     42.855  45.306646     6.5678      6.778   145.5842 2.2483e+02     3.7121      0.064      0.093    27.8688 0.0000e+00
      0.068      0.012     5.9897     76.484     42.932  45.382123     6.5338      6.780   145.3918 2.2432e+02     3.7134      0.067      0.097    27.8699 0.0000e+00
      0.070      0.015     6.0036     76.015     43.045  45.497458     6.4505      6.780   146.1775 2.2295e+02     3.6192      0.070      0.101    27.8687 0.0000e+00
      0.073      0.017     6.0292     75.387     43.105  45.558518     6.3934      6.780   147.3400 2.2195e+02     3.5641      0.070      0.102    27.8624 0.0000e+00
      0.080      0.017     6.0311     74.599     43.099  45.549084     6.3670      6.781   147.5742 2.1894e+02     3.5250      0.078      0.111    27.8540 0.0000e+00
      0.088      0.016     6.0069     73.669     43.064  45.510358     6.3563      6.783   147.1164 2.1492e+02     3.4547      0.089      0.129    27.8451 0.0000e+00
      0.093      0.013     5.9705     72.713     43.029  45.471151     6.3968      6.785   146.6235 2.1335e+02     3.4992      0.092      0.135    27.8403 0.0000e+00
      0.095      0.010     5.9209     71.897     43.015  45.455901     6.4656      6.787   147.1220 2.1384e+02     3.6875      0.093      0.134    27.8396 0.0000e+00
      0.095      0.006     5.8605     71.317     43.013  45.452927     6.4894      6.790   148.4968 2.1469e+02     3.7835      0.093      0.135    27.8361 0.0000e+00
      0.095      0.003     5.7839     70.979     42.997  45.435194     6.4759      6.795   149.2222 2.1584e+02     3.7378      0.093      0.136    27.8326 0.0000e+00
      0.095      0.002     5.7034     70.809     42.994  45.431926     6.5034      6.800   149.0948 2.1690e+02     3.6828      0.094      0.137    27.8310 0.0000e+00
      0.095      0.002     5.6371     70.707     43.036  45.476894     6.5712      6.804   148.8497 2.1725e+02     3.6300      0.093      0.136    27.8296 0.0000e+00
      0.096      0.002     5.5914     70.599     43.090  45.534543     6.6043      6.808   149.2699 2.1770e+02     3.6120      0.094      0.136    27.8285 0.0000e+00
      0.097      0.002     5.5675     70.426     43.111  45.557647     6.5881      6.813   150.2174 2.1754e+02     3.6020      0.094      0.137    27.8280 0.0000e+00
      0.098      0.002     5.5574     70.168     43.057  45.502336     6.5585      6.818   150.9283 2.1597e+02     3.6801      0.096      0.140    27.8285 0.0000e+00
      0.099      0.003     5.5508     69.863     42.994  45.437094     6.5455      6.823   151.1538 2.1500e+02     3.9075      0.098      0.142    27.8291 0.0000e+00
      0.099      0.003     5.5439     69.529     43.022  45.467078     6.5559      6.827   150.9649 2.1554e+02     4.0616      0.097      0.141    27.8301 0.0000e+00
      0.099      0.004     5.5315     69.143     43.098  45.547476     6.5597      6.830   150.7945 2.1634e+02     4.0753      0.096      0.139    27.8313 0.0000e+00
      0.100      0.005     5.5088     68.692     43.132  45.583953     6.5328      6.835   150.9012 2.1603e+02     4.0046      0.097      0.141    27.8325 0.0000e+00
      0.102      0.008     5.4844     68.180     43.077  45.527251     6.4891      6.839   151.1360 2.1508e+02     3.9241      0.100      0.146    27.8336 0.0000e+00
      0.104      0.014     5.4594     67.657     42.987  45.433201     6.4731      6.838   151.8265 2.1492e+02     3.9557      0.102      0.148    27.8346 0.0000e+00
      0.106      0.024     5.4290     67.249     43.014  45.462468     6.4804      6.825   152.2815 2.1376e+02     4.0453      0.104      0.151    27.8352 0.0000e+00
      0.109      0.037     5.3937     67.025     43.169  45.627201     6.4355      6.803   152.0768 2.1112e+02     3.9489      0.106      0.154    27.8361 0.0000e+00
      0.117      0.052     5.3524     66.848     43.307  45.774515     6.3304      6.779   152.3631 2.0872e+02     3.6776      0.111      0.161    27.8375 0.0000e+00
      0.133      0.067     5.3074     66.537     43.376  45.847083     6.2583      6.760   153.3341 2.0712e+02     3.4976      0.127      0.184    27.8388 0.0000e+00
      0.157      0.079     5.2707     66.048     43.396  45.869815     6.2461      6.748   154.3526 2.0697e+02     3.4811      0.153      0.223    27.8391 0.0000e+00
      0.185      0.084     5.2593     65.433     43.381  45.858928     6.2491      6.743   154.2666 2.0969e+02     3.5458      0.181      0.263    27.8404 0.0000e+00
      0.211      0.083     5.2511     64.758     43.297  45.778941     6.2535      6.743   153.3268 2.1526e+02     3.5971      0.208      0.302    27.8433 0.0000e+00
      0.234      0.076     5.2282     64.266     43.065  45.537508     6.2573      6.748   153.2291 2.2290e+02     3.5895      0.231      0.335    27.8414 0.0000e+00
      0.252      0.066     5.1861     64.450     42.775  45.225035     6.2534      6.753   154.2041 2.3168e+02     3.5211      0.249      0.361    27.8397 0.0000e+00
      0.266      0.054     5.1386     66.518     42.631  45.047815     6.2562      6.759   155.4782 2.3853e+02     3.4876      0.262      0.380    27.8482 0.0000e+00
      0.276      0.044     5.0768     71.984     42.609  44.981677     6.2829      6.766   155.9009 2.4454e+02     3.5946      0.271      0.392    27.8613 0.0000e+00
      0.285      0.036     5.0254     80.070     42.600  44.933110     6.3101      6.773   155.4432 2.5180e+02     3.7565      0.280      0.406    27.8674 0.0000e+00
      0.293      0.030     5.0186     88.094     42.594  44.904878     6.3106      6.780   155.2786 2.5637e+02     3.8054      0.288      0.418    27.8663 0.0000e+00
      0.300      0.025     5.1046     94.532     42.590  44.894197     6.2975      6.788   155.5460 2.5719e+02     3.7410      0.294      0.426    27.8386 0.0000e+00
      0.306      0.022     5.5639     99.197     42.565  44.867437     6.2929      6.796   155.9216 2.5715e+02     3.7299      0.301      0.436    27.7739 0.0000e+00
      0.310      0.022     6.3198    102.189     42.537  44.835232     6.3043      6.804   156.5506 2.5668e+02     3.8081      0.305      0.442    27.7211 0.0000e+00
      0.312      0.023     6.9817    103.574     42.534  44.822191     6.3183      6.810   157.2142 2.5701e+02     3.8671      0.306      0.444    27.7006 0.0000e+00
      0.317      0.024     7.4868    103.404     42.504  44.773212     6.3126      6.815   157.2344 2.5951e+02     3.8281      0.309      0.448    27.6970 0.0000e+00
      0.325      0.027     7.8511    102.065     42.450  44.687355     6.2851      6.821   156.9674 2.6187e+02     3.6785      0.318      0.462    27.6989 0.0000e+00
      0.334      0.030     8.0826    100.303     42.421  44.609246     6.2523      6.827   157.7714 2.6292e+02     3.5271      0.328      0.476    27.6980 0.0000e+00
      0.342      0.034     8.1973     98.686     42.403  44.526964     6.2408      6.833   159.2122 2.6429e+02     3.5006      0.335      0.486    27.6841 0.0000e+00
      0.350      0.036     8.1760     97.285     42.405  44.454106     6.2460      6.838   159.7610 2.6733e+02     3.5621      0.343      0.497    27.6660 0.0000e+00
      0.360      0.038     8.0499     96.019     42.453  44.426439     6.2157      6.842   159.5888 2.7197e+02     3.5534      0.352      0.511    27.6384 0.0000e+00
