Data/DataNotYetUploadedToEDI/Raw_CTD/RawDownloads/080524_fcr30_S7809004.cnv
* Sea-Bird SBE19plus  Data File:
* FileName = C:\R\Reservoirs\Data\DataNotYetUploadedToEDI\Raw_CTD\RawDownloads\080524_fcr50_S7809_0004.hex
* Software version 2.8.0.119
* Temperature SN = 7809
* Conductivity SN = 7809
* System UpLoad Time = Aug 05 2024 17:28:13
* <ApplicationData>
* <Seaterm232>
# nquan = 15
# nvalues = 423                         
# units = specified
# name 0 = depFM: Depth [fresh water, m]
# name 1 = dz/dtM: Descent Rate [m/s]
# name 2 = sbeox0Mg/L: Oxygen, SBE 43 [mg/l]
# name 3 = sbeox0PS: Oxygen, SBE 43 [% saturation]
# name 4 = specc: Specific Conductance [uS/cm]
# name 5 = c0uS/cm: Conductivity [uS/cm]
# name 6 = flECO-AFL: Fluorescence, WET Labs ECO-AFL/FL [mg/m^3]
# name 7 = ph: pH
# name 8 = orp: Oxidation Reduction Potential [mV]
# name 9 = par/sat/log: PAR/Logarithmic, Satlantic
# name 10 = turbWETntu0: Turbidity, WET Labs ECO [NTU]
# name 11 = prdM: Pressure, Strain Gauge [db]
# name 12 = prdE: Pressure, Strain Gauge [psi]
# name 13 = tv290C: Temperature [ITS-90, deg C]
# name 14 = flag:  0.000e+00
# span 0 =     -0.241,      5.435       
# span 1 =     -0.064,      0.160       
# span 2 =     5.4199,     8.5873       
# span 3 =     64.323,    107.676       
# span 4 =     41.272,     67.905       
# span 5 =  43.181423,  58.332726       
# span 6 =    -0.0736,    48.1868       
# span 7 =      7.597,      7.878       
# span 8 =    18.1634,   128.9585       
# span 9 = 1.2351e-01, 2.7199e+03       
# span 10 =    -0.0443,    54.4692      
# span 11 =     -0.252,      5.331      
# span 12 =     -0.367,      7.731      
# span 13 =    17.0419,    28.1469      
# span 14 = 0.0000e+00, 0.0000e+00      
# interval = seconds: 0.25
# start_time = Aug 05 2024 12:53:57 [Instrument's time stamp, header]
# bad_flag = -9.990e-29
*END*
     -0.241      0.114     7.3357     95.898     41.669  44.225731     4.3810      7.749    18.1634 2.1418e+03     7.2433     -0.252     -0.367    28.0980 0.0000e+00
     -0.193      0.138     7.3614     96.492     41.834  44.372272     4.4145      7.732    18.9942 2.1023e+03     7.2497     -0.193     -0.282    28.1406 0.0000e+00
     -0.133      0.153     7.3986     97.013     41.998  44.519102     4.6497      7.717    19.8413 1.8158e+03     7.3009     -0.124     -0.181    28.1469 0.0000e+00
     -0.080      0.160     7.4424     97.434     42.049  44.541075     5.0699      7.699    20.7481 1.1891e+03     7.3505     -0.074     -0.107    28.1013 0.0000e+00
     -0.041      0.157     7.4981     97.815     42.001  44.447469     5.3087      7.679    21.0111 7.2241e+02     7.3366     -0.036     -0.051    28.0587 0.0000e+00
     -0.014      0.142     7.5509     98.206     41.942  44.339379     5.3309      7.663    21.2134 6.6983e+02     7.3036     -0.014     -0.020    28.0236 0.0000e+00
      0.012      0.117     7.5964     98.527     41.895  44.249712     5.3135      7.650    22.1614 7.5841e+02     7.2250      0.007      0.009    27.9986 0.0000e+00
      0.049      0.085     7.6325     98.689     41.865  44.188415     5.3475      7.638    23.4402 8.5274e+02     7.1383      0.046      0.066    27.9619 0.0000e+00
      0.088      0.050     7.6658     98.673     41.865  44.169479     5.4429      7.628    24.5434 9.1297e+02     7.1095      0.096      0.139    27.9064 0.0000e+00
      0.105      0.014     7.7092     98.503     41.856  44.147678     5.5010      7.618    25.3477 9.3122e+02     7.0812      0.114      0.165    27.8482 0.0000e+00
      0.095     -0.021     7.7441     98.248     41.835  44.115224     5.4841      7.612    26.0233 9.5915e+02     7.0357      0.098      0.142    27.7969 0.0000e+00
      0.067     -0.050     7.7609     97.956     41.823  44.094443     5.2969      7.607    26.6027 9.9023e+02     7.0721      0.068      0.099    27.7634 0.0000e+00
      0.035     -0.064     7.7628     97.658     41.821  44.086824     4.9854      7.606    27.1907 1.2221e+03     7.2136      0.031      0.045    27.7442 0.0000e+00
      0.010     -0.061     7.7480     97.407     41.828  44.086570     4.8225      7.607    27.8849 2.0861e+03     7.3114      0.005      0.007    27.7307 0.0000e+00
     -0.005     -0.044     7.7287     97.234     41.843  44.091363     4.8086      7.609    28.6294 2.7199e+03     7.3325     -0.007     -0.011    27.7179 0.0000e+00
     -0.011     -0.023     7.7073     97.160     41.840  44.081277     4.7679      7.611    29.3951 2.1524e+03     7.3322     -0.015     -0.021    27.7064 0.0000e+00
     -0.008     -0.004     7.6817     97.176     41.792  44.028084     4.6799      7.614    30.0017 1.5614e+03     7.3073     -0.010     -0.014    27.7045 0.0000e+00
     -0.002      0.007     7.6627     97.223     41.729  43.956007     4.6356      7.617    30.4573 1.5426e+03     7.3045     -0.001     -0.001    27.6960 0.0000e+00
      0.005      0.011     7.6513     97.275     41.691  43.908004     4.6485      7.620    31.0312 1.5250e+03     7.3326      0.005      0.007    27.6760 0.0000e+00
      0.010      0.010     7.6452     97.334     41.683  43.891989     4.7358      7.622    31.6930 1.4262e+03     7.3407      0.011      0.015    27.6699 0.0000e+00
      0.012      0.008     7.6501     97.382     41.687  43.889308     4.8829      7.623    32.3505 1.4127e+03     7.3002      0.013      0.019    27.6705 0.0000e+00
      0.012      0.008     7.6548     97.420     41.678  43.875574     4.9535      7.624    33.1301 1.5036e+03     7.2176      0.012      0.018    27.6626 0.0000e+00
      0.009      0.010     7.6597     97.469     41.661  43.852880     4.9650      7.624    33.8911 1.5045e+03     7.1957      0.008      0.012    27.6514 0.0000e+00
      0.008      0.012     7.6672     97.546     41.682  43.868804     5.0977      7.624    34.6692 1.4436e+03     7.1717      0.005      0.007    27.6420 0.0000e+00
      0.013      0.012     7.6714     97.634     41.763  43.941152     5.3432      7.621    35.7409 1.4107e+03     7.0645      0.010      0.014    27.6345 0.0000e+00
      0.024      0.008     7.6748     97.699     41.813  43.965924     5.4690      7.614    36.9547 1.3600e+03     6.9932      0.025      0.036    27.6289 0.0000e+00
      0.032      0.001     7.6781     97.693     41.798  43.914386     5.4620      7.607    37.9021 1.2871e+03     6.9585      0.034      0.049    27.6245 0.0000e+00
      0.033     -0.008     7.6858     97.594     41.858  43.952694     5.4668      7.601    38.6780 1.1648e+03     6.9522      0.035      0.050    27.6193 0.0000e+00
      0.027     -0.015     7.6949     97.449     42.005  44.111690     5.5845      7.598    39.5386 1.0946e+03     7.0539      0.030      0.043    27.6102 0.0000e+00
      0.013     -0.019     7.7065     97.325     42.045  44.186466     5.7874      7.597    40.1343 1.2851e+03     7.2316      0.012      0.017    27.5737 0.0000e+00
     -0.001     -0.020     7.7148     97.246     41.914  44.095158     5.8805      7.598    40.2880 1.5259e+03     7.2910     -0.005     -0.009    27.5193 0.0000e+00
     -0.005     -0.019     7.7098     97.184     41.809  44.023358     5.8610      7.601    40.4497 1.5303e+03     7.2245     -0.008     -0.012    27.4837 0.0000e+00
     -0.001     -0.015     7.6958     97.125     41.841  44.080102     5.8355      7.604    40.9715 1.3688e+03     7.2139     -0.001     -0.001    27.4859 0.0000e+00
      0.004     -0.010     7.6784     97.078     41.895  44.146537     5.8046      7.609    41.5205 1.3006e+03     7.2656      0.008      0.011    27.5352 0.0000e+00
     -0.001     -0.005     7.6651     97.055     41.873  44.128407     5.7789      7.614    41.8394 1.2872e+03     7.3028      0.002      0.003    27.5985 0.0000e+00
     -0.011      0.000     7.6536     97.077     41.794  44.051334     5.7659      7.618    42.0744 1.0951e+03     7.2875     -0.015     -0.021    27.6496 0.0000e+00
     -0.016      0.006     7.6448     97.137     41.715  43.976358     5.7135      7.622    42.2965 9.2164e+02     7.2511     -0.019     -0.027    27.6762 0.0000e+00
     -0.012      0.016     7.6407     97.217     41.656  43.920107     5.6365      7.624    42.6314 9.8974e+02     7.2729     -0.012     -0.018    27.6805 0.0000e+00
     -0.003      0.029     7.6367     97.317     41.615  43.879001     5.6171      7.626    43.0260 1.3716e+03     7.3455     -0.003     -0.005    27.6858 0.0000e+00
      0.008      0.040     7.6382     97.448     41.597  43.860194     5.6292      7.628    43.3687 1.5339e+03     7.3778      0.007      0.011    27.6933 0.0000e+00
      0.021      0.047     7.6419     97.605     41.561  43.819667     5.6332      7.630    43.7630 1.2031e+03     7.3223      0.020      0.030    27.7043 0.0000e+00
      0.035      0.048     7.6473     97.768     41.519  43.769822     5.6408      7.632    44.0940 1.0792e+03     7.2558      0.035      0.052    27.7124 0.0000e+00
      0.049      0.045     7.6542     97.932     41.524  43.765310     5.6545      7.636    44.1870 1.1232e+03     7.2565      0.047      0.070    27.7139 0.0000e+00
      0.064      0.038     7.6645     98.064     41.535  43.765091     5.6825      7.640    44.1990 1.1474e+03     7.2970      0.064      0.092    27.7146 0.0000e+00
      0.075      0.029     7.6787     98.139     41.550  43.767163     5.8291      7.644    44.3259 1.3986e+03     7.2669      0.075      0.110    27.7109 0.0000e+00
      0.080      0.019     7.6915     98.165     41.583  43.790328     6.0788      7.648    44.6887 1.6258e+03     7.1314      0.078      0.113    27.7044 0.0000e+00
      0.081      0.010     7.7071     98.154     41.590  43.791271     6.2044      7.653    45.1439 1.5818e+03     6.9904      0.080      0.117    27.6944 0.0000e+00
      0.080      0.003     7.7211     98.128     41.580  43.778557     6.2239      7.657    45.5279 1.4829e+03     6.9629      0.079      0.115    27.6793 0.0000e+00
      0.077     -0.002     7.7283     98.094     41.568  43.763544     6.2486      7.659    46.0622 1.4334e+03     7.0377      0.075      0.108    27.6597 0.0000e+00
      0.076     -0.002     7.7329     98.052     41.544  43.736699     6.3197      7.662    46.6141 1.3909e+03     7.0747      0.074      0.108    27.6443 0.0000e+00
      0.075     -0.001     7.7314     98.013     41.518  43.707869     6.4417      7.666    46.8664 1.3719e+03     7.0354      0.074      0.107    27.6399 0.0000e+00
      0.075      0.002     7.7295     97.988     41.482  43.668851     6.5015      7.670    46.9610 1.3606e+03     6.9715      0.072      0.105    27.6370 0.0000e+00
      0.076      0.002     7.7281     97.991     41.461  43.645772     6.5177      7.674    46.9838 1.3486e+03     6.9515      0.073      0.106    27.6340 0.0000e+00
      0.078     -0.004     7.7235     98.001     41.503  43.682722     6.5877      7.676    46.9696 1.3320e+03     7.0668      0.075      0.109    27.6327 0.0000e+00
      0.081     -0.017     7.7216     97.956     41.576  43.734750     6.6908      7.677    47.2199 1.3265e+03     7.2391      0.079      0.115    27.6313 0.0000e+00
      0.081     -0.030     7.7182     97.836     41.641  43.767020     6.7405      7.677    47.8591 1.3439e+03     7.2582      0.082      0.119    27.6298 0.0000e+00
      0.074     -0.038     7.7194     97.683     41.711  43.818935     6.7143      7.676    48.6751 1.3319e+03     7.1952      0.079      0.115    27.6294 0.0000e+00
      0.054     -0.038     7.7226     97.522     41.741  43.854633     6.4983      7.672    49.5146 1.3396e+03     7.2291      0.058      0.082    27.6284 0.0000e+00
      0.026     -0.028     7.7244     97.391     41.688  43.817807     6.1184      7.667    50.2668 1.4387e+03     7.2922      0.020      0.030    27.5968 0.0000e+00
      0.010     -0.009     7.7204     97.370     41.607  43.754550     5.9161      7.663    50.8002 1.4521e+03     7.3095      0.002      0.004    27.5386 0.0000e+00
      0.013      0.014     7.7125     97.477     41.568  43.724573     5.9170      7.662    51.2313 1.2306e+03     7.2670      0.008      0.011    27.5071 0.0000e+00
      0.030      0.035     7.6982     97.653     41.568  43.709261     6.0878      7.664    51.6076 1.0597e+03     7.1885      0.026      0.037    27.5191 0.0000e+00
      0.055      0.049     7.6800     97.845     41.583  43.696332     6.4162      7.667    51.9087 1.2599e+03     7.2143      0.054      0.079    27.5471 0.0000e+00
      0.077      0.052     7.6737     98.032     41.604  43.695150     6.6167      7.672    52.2902 1.4616e+03     7.3055      0.079      0.115    27.5784 0.0000e+00
      0.091      0.044     7.6813     98.182     41.617  43.694940     6.6566      7.677    52.6922 1.4225e+03     7.3349      0.092      0.133    27.6024 0.0000e+00
      0.096      0.032     7.7006     98.282     41.621  43.693765     6.6901      7.682    52.9846 1.4076e+03     7.2967      0.096      0.138    27.5764 0.0000e+00
      0.098      0.020     7.7220     98.335     41.609  43.680940     6.7475      7.686    53.2441 1.3971e+03     7.2197      0.096      0.140    27.5286 0.0000e+00
      0.100      0.012     7.7418     98.335     41.596  43.666815     6.8011      7.690    53.5071 1.3400e+03     7.2222      0.098      0.142    27.5023 0.0000e+00
      0.102      0.008     7.7560     98.318     41.582  43.649939     6.8303      7.693    53.8407 1.3470e+03     7.2939      0.100      0.144    27.4870 0.0000e+00
      0.103      0.006     7.7642     98.369     41.542  43.603829     6.8758      7.696    54.2662 1.3645e+03     7.3685      0.101      0.146    27.4808 0.0000e+00
      0.104      0.006     7.7689     98.457     41.499  43.553609     6.9430      7.700    54.6943 1.3182e+03     7.4405      0.102      0.148    27.4832 0.0000e+00
      0.106      0.006     7.7686     98.478     41.500  43.550513     6.9682      7.704    55.1455 1.2727e+03     7.4475      0.104      0.152    27.4850 0.0000e+00
      0.108      0.005     7.7626     98.405     41.518  43.566383     6.9730      7.707    55.5050 1.2540e+03     7.4543      0.107      0.155    27.4821 0.0000e+00
      0.110      0.004     7.7686     98.277     41.508  43.555071     6.9844      7.709    55.6858 1.2547e+03     7.4875      0.108      0.157    27.4765 0.0000e+00
      0.110      0.002     7.7824     98.228     41.496  43.540682     6.9811      7.710    55.6970 1.2619e+03     7.4052      0.108      0.157    27.4695 0.0000e+00
      0.110     -0.001     7.7826     98.289     41.477  43.519354     6.9743      7.711    55.7259 1.2625e+03     7.1768      0.108      0.157    27.4639 0.0000e+00
      0.110     -0.006     7.7793     98.309     41.448  43.487608     6.9611      7.712    56.0355 1.2882e+03     6.9805      0.108      0.157    27.4605 0.0000e+00
      0.110     -0.010     7.7628     98.229     41.437  43.474213     6.9551      7.713    56.4287 1.3036e+03     6.9786      0.109      0.159    27.4588 0.0000e+00
      0.107     -0.011     7.7563     98.141     41.449  43.484337     6.9343      7.713    56.8672 1.2866e+03     7.1193      0.107      0.156    27.4580 0.0000e+00
      0.101     -0.007     7.7707     98.155     41.450  43.483057     6.8758      7.711    57.5516 1.2676e+03     7.2470      0.099      0.143    27.4563 0.0000e+00
      0.095      0.000     7.7720     98.238     41.428  43.458733     6.8224      7.706    58.5090 1.2788e+03     7.2591      0.091      0.132    27.4539 0.0000e+00
      0.091      0.010     7.7646     98.303     41.417  43.444133     6.7965      7.701    59.4080 1.3169e+03     7.1967      0.088      0.126    27.4519 0.0000e+00
      0.095      0.020     7.7515     98.341     41.413  43.433468     6.8623      7.697    59.9035 1.3285e+03     7.1419      0.090      0.130    27.4490 0.0000e+00
      0.108      0.030     7.7563     98.421     41.444  43.456724     7.0106      7.696    60.1982 1.2775e+03     7.1089      0.105      0.152    27.4465 0.0000e+00
      0.123      0.037     7.7659     98.553     41.524  43.534886     7.1000      7.696    60.4757 1.2003e+03     7.1049      0.123      0.177    27.4447 0.0000e+00
      0.134      0.042     7.7717     98.664     41.601  43.616833     7.1030      7.697    60.7644 1.1846e+03     7.0938      0.133      0.192    27.4425 0.0000e+00
      0.143      0.046     7.7732     98.786     41.597  43.622392     7.1124      7.697    61.1078 1.2377e+03     7.1120      0.140      0.204    27.4352 0.0000e+00
      0.151      0.047     7.7788     98.934     41.504  43.538639     7.1718      7.697    61.5301 1.2885e+03     7.2568      0.148      0.214    27.4209 0.0000e+00
      0.161      0.046     7.7981     99.094     41.451  43.492828     7.2218      7.699    61.8262 1.2428e+03     7.4089      0.155      0.226    27.4111 0.0000e+00
      0.176      0.043     7.8008     99.260     41.476  43.512820     7.2260      7.703    61.9351 1.1088e+03     7.4479      0.172      0.250    27.4133 0.0000e+00
      0.195      0.034     7.8105     99.387     41.510  43.526455     7.2399      7.707    62.1589 9.7308e+02     7.3530      0.192      0.278    27.4252 0.0000e+00
      0.208      0.019     7.8199     99.428     41.534  43.530702     7.2812      7.712    62.4667 8.9522e+02     7.1157      0.208      0.301    27.4442 0.0000e+00
      0.213      0.002     7.8285     99.374     41.577  43.564151     7.3090      7.715    62.7312 8.5899e+02     6.9701      0.211      0.306    27.4661 0.0000e+00
      0.208     -0.013     7.8452     99.255     41.632  43.613501     7.3181      7.717    63.0339 8.1271e+02     7.0274      0.207      0.300    27.4586 0.0000e+00
      0.195     -0.021     7.8617     99.108     41.639  43.619589     7.3169      7.719    63.3729 8.2607e+02     7.0561      0.195      0.282    27.4181 0.0000e+00
      0.177     -0.020     7.8694     98.992     41.592  43.574280     7.2943      7.722    63.7337 9.3287e+02     7.0444      0.171      0.248    27.3925 0.0000e+00
