Data/DataNotYetUploadedToEDI/Raw_CTD/RawDownloads/080524_fcr20_S7809003.cnv
* Sea-Bird SBE19plus  Data File:
* FileName = C:\R\Reservoirs\Data\DataNotYetUploadedToEDI\Raw_CTD\RawDownloads\080524_fcr50_S7809_0003.hex
* Software version 2.8.0.119
* Temperature SN = 7809
* Conductivity SN = 7809
* System UpLoad Time = Aug 05 2024 17:27:55
* <ApplicationData>
* <Seaterm232>
# nquan = 15
# nvalues = 439                         
# units = specified
# name 0 = depFM: Depth [fresh water, m]
# name 1 = dz/dtM: Descent Rate [m/s]
# name 2 = sbeox0Mg/L: Oxygen, SBE 43 [mg/l]
# name 3 = sbeox0PS: Oxygen, SBE 43 [% saturation]
# name 4 = specc: Specific Conductance [uS/cm]
# name 5 = c0uS/cm: Conductivity [uS/cm]
# name 6 = flECO-AFL: Fluorescence, WET Labs ECO-AFL/FL [mg/m^3]
# name 7 = ph: pH
# name 8 = orp: Oxidation Reduction Potential [mV]
# name 9 = par/sat/log: PAR/Logarithmic, Satlantic
# name 10 = turbWETntu0: Turbidity, WET Labs ECO [NTU]
# name 11 = prdM: Pressure, Strain Gauge [db]
# name 12 = prdE: Pressure, Strain Gauge [psi]
# name 13 = tv290C: Temperature [ITS-90, deg C]
# name 14 = flag:  0.000e+00
# span 0 =     -0.372,      3.256       
# span 1 =     -0.039,      0.174       
# span 2 =     0.1009,     8.4126       
# span 3 =      1.094,    104.032       
# span 4 =     41.718,    111.133       
# span 5 =  43.639458,  96.096494       
# span 6 =    -0.0790,    44.5645       
# span 7 =      7.532,      7.862       
# span 8 =   -21.0656,   140.4866       
# span 9 = 1.2355e-01, 2.1742e+03       
# span 10 =    -0.3650,    74.6998      
# span 11 =     -0.375,      3.194      
# span 12 =     -0.544,      4.632      
# span 13 =    17.9898,    28.0081      
# span 14 = 0.0000e+00, 0.0000e+00      
# interval = seconds: 0.25
# start_time = Aug 05 2024 12:38:06 [Instrument's time stamp, header]
# bad_flag = -9.990e-29
*END*
     -0.372      0.101     7.3700     95.307     42.504  45.048450     4.2938      7.712    16.7723 2.1619e+03     5.1294     -0.375     -0.544    27.7836 0.0000e+00
     -0.340      0.136     7.4102     95.646     42.448  44.999568     4.3138      7.691    18.2612 2.1742e+03     5.1028     -0.338     -0.490    27.8797 0.0000e+00
     -0.291      0.161     7.4433     96.045     42.452  45.004273     4.4946      7.678    19.4697 2.1567e+03     5.1098     -0.291     -0.420    27.9436 0.0000e+00
     -0.231      0.174     7.4422     96.434     42.444  44.978382     4.8147      7.668    20.8010 1.8203e+03     5.1459     -0.227     -0.329    27.9661 0.0000e+00
     -0.171      0.171     7.4569     96.716     42.385  44.876922     4.9802      7.658    23.7755 1.2138e+03     5.1291     -0.161     -0.234    27.9893 0.0000e+00
     -0.124      0.153     7.4846     96.954     42.352  44.793088     4.9808      7.650    26.9560 9.7004e+02     5.0769     -0.117     -0.169    28.0017 0.0000e+00
     -0.091      0.125     7.5147     97.269     42.331  44.726405     4.9798      7.644    27.2494 1.0950e+03     5.0609     -0.086     -0.125    28.0081 0.0000e+00
     -0.067      0.095     7.5533     97.529     42.284  44.641879     5.0932      7.640    26.8065 1.0836e+03     5.1078     -0.062     -0.091    27.9897 0.0000e+00
     -0.050      0.067     7.5812     97.654     42.266  44.596226     5.3118      7.638    27.4518 8.8417e+02     5.1654     -0.047     -0.068    27.9372 0.0000e+00
     -0.040      0.046     7.5986     97.719     42.308  44.618720     5.4335      7.636    28.5117 7.1780e+02     5.1424     -0.038     -0.056    27.8708 0.0000e+00
     -0.032      0.030     7.6407     97.737     42.370  44.659906     5.4491      7.635    29.8990 6.2420e+02     5.0689     -0.030     -0.044    27.8184 0.0000e+00
     -0.026      0.017     7.6686     97.679     42.386  44.649835     5.5508      7.633    31.1477 5.8195e+02     5.0624     -0.025     -0.035    27.7783 0.0000e+00
     -0.023      0.007     7.6772     97.539     42.325  44.560385     5.7557      7.630    31.7367 5.7940e+02     5.1326     -0.023     -0.033    27.7481 0.0000e+00
     -0.023     -0.002     7.6866     97.364     42.255  44.466992     5.8788      7.626    32.0297 6.0271e+02     5.1997     -0.022     -0.032    27.7253 0.0000e+00
     -0.023     -0.009     7.6926     97.189     42.274  44.472737     5.9081      7.621    33.0562 8.1430e+02     5.2246     -0.022     -0.032    27.6975 0.0000e+00
     -0.027     -0.013     7.6934     96.954     42.371  44.566361     6.0345      7.617    35.4587 1.2051e+03     5.1947     -0.026     -0.038    27.6616 0.0000e+00
     -0.035     -0.013     7.6854     96.708     42.451  44.646833     6.2586      7.614    38.1048 1.4030e+03     5.1462     -0.033     -0.049    27.6305 0.0000e+00
     -0.044     -0.008     7.6717     96.612     42.481  44.683997     6.3874      7.611    39.1514 1.2266e+03     5.1497     -0.046     -0.066    27.6073 0.0000e+00
     -0.049     -0.001     7.6642     96.571     42.484  44.698338     6.4180      7.610    39.2512 1.0083e+03     5.2023     -0.050     -0.073    27.5920 0.0000e+00
     -0.045      0.007     7.6481     96.462     42.467  44.693293     6.4958      7.609    39.6565 9.5746e+02     5.2355     -0.045     -0.066    27.5818 0.0000e+00
     -0.038      0.016     7.6169     96.259     42.453  44.686491     6.6203      7.606    40.3518 8.4700e+02     5.2099     -0.039     -0.056    27.5760 0.0000e+00
     -0.030      0.023     7.6169     95.793     42.444  44.679581     6.6838      7.602    41.0327 8.3583e+02     5.1319     -0.029     -0.042    27.5825 0.0000e+00
     -0.024      0.025     7.6160     94.980     42.440  44.673235     6.7055      7.601    41.6085 1.0624e+03     5.1129     -0.023     -0.034    27.5999 0.0000e+00
     -0.017      0.024     7.6004     93.958     42.445  44.673236     6.8239      7.600    42.3232 1.0816e+03     5.1848     -0.019     -0.027    27.6164 0.0000e+00
     -0.009      0.022     7.5920     92.853     42.456  44.679582     7.0084      7.599    43.0493 9.9532e+02     5.2159     -0.008     -0.012    27.6265 0.0000e+00
     -0.004      0.019     7.5594     91.917     42.463  44.686483     7.0887      7.601    43.5912 1.1564e+03     5.1813     -0.002     -0.003    27.6300 0.0000e+00
     -0.002      0.016     7.4858     91.377     42.468  44.693191     7.0788      7.605    44.1422 1.1991e+03     5.1423     -0.003     -0.004    27.6264 0.0000e+00
      0.002      0.013     7.4084     91.148     42.471  44.697209     7.0794      7.609    44.7220 9.6379e+02     5.1199      0.001      0.002    27.6183 0.0000e+00
      0.006      0.009     7.3136     90.999     42.451  44.671590     7.1463      7.613    45.3525 8.1002e+02     5.1155      0.006      0.009    27.6102 0.0000e+00
      0.009      0.006     7.2285     90.627     42.425  44.637337     7.2639      7.617    46.0875 9.0872e+02     5.1573      0.009      0.014    27.6097 0.0000e+00
      0.010      0.003     7.1932     89.839     42.397  44.600422     7.3189      7.620    46.6396 1.1446e+03     5.1813      0.011      0.016    27.6153 0.0000e+00
      0.010      0.000     7.1785     88.674     42.348  44.542628     7.3125      7.623    47.0378 1.3031e+03     5.1329      0.010      0.014    27.6165 0.0000e+00
      0.009     -0.002     7.1786     87.231     42.321  44.509831     7.3193      7.626    47.5460 1.2220e+03     5.1182      0.008      0.012    27.6104 0.0000e+00
      0.006     -0.002     7.1572     85.649     42.335  44.521256     7.3350      7.630    48.1387 9.9976e+02     5.1740      0.004      0.008    27.6009 0.0000e+00
      0.005     -0.001     7.0922     84.141     42.369  44.553805     7.3350      7.634    48.7830 8.9830e+02     5.2273      0.003      0.005    27.5908 0.0000e+00
      0.005      0.000     6.9994     82.878     42.404  44.585990     7.3279      7.639    49.4859 9.4217e+02     5.2154      0.005      0.007    27.5834 0.0000e+00
      0.006      0.002     6.8830     81.870     42.414  44.593023     7.3575      7.644    50.0983 1.0084e+03     5.1673      0.006      0.008    27.5788 0.0000e+00
      0.007      0.004     6.7518     81.007     42.401  44.575353     7.4346      7.648    50.6805 1.0562e+03     5.1581      0.007      0.010    27.5750 0.0000e+00
      0.009      0.004     6.6276     80.212     42.392  44.562763     7.4954      7.652    51.3627 1.0811e+03     5.2070      0.008      0.012    27.5712 0.0000e+00
      0.010      0.003     6.5283     79.492     42.400  44.567749     7.5177      7.655    51.9801 1.0775e+03     5.2456      0.010      0.014    27.5667 0.0000e+00
      0.011      0.001     6.4545     78.980     42.408  44.572162     7.5463      7.659    52.4670 1.0614e+03     5.1812      0.010      0.015    27.5626 0.0000e+00
      0.011     -0.001     6.3881     78.841     42.393  44.552641     7.5994      7.661    52.8614 1.0502e+03     5.1107      0.011      0.018    27.5583 0.0000e+00
      0.011     -0.004     6.3270     79.142     42.367  44.522138     7.6440      7.661    53.2217 1.0190e+03     5.1459      0.012      0.017    27.5534 0.0000e+00
      0.010     -0.006     6.2661     79.863     42.368  44.520723     7.6690      7.663    53.7257 9.0328e+02     5.1972      0.010      0.014    27.5484 0.0000e+00
      0.007     -0.006     6.2203     80.957     42.385  44.535533     7.6930      7.666    54.3097 7.3441e+02     5.2184      0.006      0.009    27.5441 0.0000e+00
      0.004     -0.005     6.2085     82.336     42.367  44.510763     7.7098      7.668    54.6894 6.4032e+02     5.1969      0.003      0.005    27.5405 0.0000e+00
      0.002     -0.002     6.2334     83.795     42.340  44.475133     7.7061      7.668    54.9618 6.1653e+02     5.1424      0.002      0.003    27.5369 0.0000e+00
      0.001      0.002     6.2926     85.085     42.355  44.485577     7.7072      7.668    55.4516 6.1134e+02     5.1390     -0.000      0.001    27.5337 0.0000e+00
      0.003      0.006     6.3798     86.076     42.383  44.510081     7.7642      7.668    56.0512 6.5177e+02     5.2255      0.002      0.003    27.5312 0.0000e+00
      0.007      0.008     6.4962     86.786     42.396  44.517493     7.8547      7.668    56.4479 7.7225e+02     5.3681      0.006      0.009    27.5243 0.0000e+00
      0.011      0.010     6.6205     87.228     42.396  44.511712     7.8940      7.669    56.4623 8.8657e+02     5.4285      0.011      0.017    27.5140 0.0000e+00
      0.014      0.012     6.7274     87.405     42.395  44.503647     7.8816      7.671    56.3112 9.2961e+02     5.3741      0.014      0.021    27.5080 0.0000e+00
      0.016      0.015     6.8035     87.375     42.383  44.483450     7.8789      7.671    56.5999 1.0437e+03     5.3606      0.016      0.023    27.5027 0.0000e+00
      0.017      0.020     6.8604     87.226     42.368  44.457920     7.9037      7.668    57.2854 1.1273e+03     5.3680      0.017      0.025    27.4958 0.0000e+00
      0.020      0.024     6.8972     87.030     42.368  44.448853     7.9397      7.667    57.8026 9.7932e+02     5.2919      0.018      0.026    27.4887 0.0000e+00
      0.028      0.027     6.9096     86.807     42.364  44.437292     7.9642      7.668    58.1215 8.5216e+02     5.1921      0.024      0.035    27.4808 0.0000e+00
      0.041      0.028     6.9064     86.624     42.379  44.445082     7.9673      7.671    58.5598 1.0050e+03     5.1176      0.040      0.058    27.4718 0.0000e+00
      0.052      0.028     6.8928     86.563     42.423  44.479548     7.9928      7.673    59.0574 1.2239e+03     5.1761      0.054      0.078    27.4603 0.0000e+00
      0.058      0.024     6.8798     86.508     42.428  44.473138     8.0565      7.676    59.5788 1.2427e+03     5.3538      0.057      0.083    27.4486 0.0000e+00
      0.062      0.015     6.8614     86.188     42.396  44.431039     8.0885      7.678    60.2177 1.1755e+03     5.4555      0.060      0.087    27.4411 0.0000e+00
      0.067      0.003     6.8428     85.477     42.385  44.414849     8.0723      7.679    60.7590 1.1397e+03     5.4490      0.067      0.097    27.4327 0.0000e+00
      0.069     -0.009     6.8433     84.531     42.374  44.404339     8.0018      7.680    61.3050 1.1409e+03     5.3437      0.070      0.102    27.4179 0.0000e+00
      0.066     -0.020     6.8515     83.646     42.335  44.367437     7.9014      7.682    62.0878 1.2235e+03     5.2080      0.066      0.095    27.4025 0.0000e+00
      0.056     -0.029     6.8320     83.048     42.312  44.349522     7.8582      7.684    62.8246 1.3147e+03     5.1744      0.055      0.080    27.3908 0.0000e+00
      0.043     -0.036     6.7706     82.794     42.335  44.378167     7.8447      7.686    63.2450 1.2817e+03     5.2097      0.043      0.062    27.3859 0.0000e+00
      0.030     -0.039     6.6858     82.804     42.350  44.396417     7.6803      7.689    63.5566 1.1738e+03     5.1907      0.030      0.043    27.3884 0.0000e+00
      0.019     -0.037     6.6081     82.934     42.333  44.379753     7.3769      7.693    63.9236 1.0716e+03     5.1162      0.017      0.025    27.3941 0.0000e+00
      0.010     -0.032     6.5591     83.094     42.320  44.367120     7.2225      7.697    64.2415 8.9314e+02     5.1283      0.009      0.013    27.4016 0.0000e+00
      0.002     -0.025     6.5405     83.229     42.322  44.370627     7.2286      7.700    64.4752 7.4005e+02     5.2009      0.001      0.002    27.4068 0.0000e+00
     -0.003     -0.017     6.5464     83.274     42.310  44.358673     7.2842      7.704    64.6848 7.3156e+02     5.2088     -0.004     -0.005    27.4090 0.0000e+00
     -0.007     -0.007     6.5587     83.157     42.241  44.286064     7.3797      7.707    65.0551 7.8649e+02     5.1893     -0.007     -0.011    27.4108 0.0000e+00
     -0.008      0.000     6.5716     82.771     42.151  44.190946     7.4262      7.708    65.5963 8.1184e+02     5.1360     -0.009     -0.013    27.4119 0.0000e+00
     -0.006      0.004     6.5852     82.042     42.123  44.160730     7.4296      7.708    66.1521 7.7868e+02     5.1107     -0.008     -0.011    27.4136 0.0000e+00
     -0.001      0.003     6.5893     81.031     42.139  44.174622     7.4296      7.707    66.8709 7.7397e+02     5.1567     -0.003     -0.004    27.4152 0.0000e+00
      0.006     -0.001     6.5837     79.923     42.140  44.168484     7.4254      7.705    67.7479 8.6754e+02     5.1792      0.007      0.011    27.4149 0.0000e+00
      0.008     -0.006     6.5569     78.957     42.130  44.149982     7.4284      7.703    68.4103 9.8960e+02     5.1774      0.012      0.017    27.4123 0.0000e+00
      0.003     -0.011     6.4966     78.255     42.125  44.141332     7.4246      7.703    68.7710 9.5417e+02     5.1358      0.004      0.006    27.4125 0.0000e+00
     -0.008     -0.014     6.4120     77.702     42.114  44.127369     7.4132      7.704    69.0981 9.0756e+02     5.1206     -0.010     -0.014    27.4114 0.0000e+00
     -0.017     -0.015     6.3175     77.122     42.097  44.108100     7.3148      7.706    69.6120 1.1128e+03     5.1981     -0.020     -0.028    27.3994 0.0000e+00
     -0.019     -0.012     6.2377     76.495     42.089  44.098765     7.1263      7.708    70.2535 1.3109e+03     5.2541     -0.019     -0.028    27.3885 0.0000e+00
     -0.018     -0.006     6.1871     75.912     42.070  44.077984     7.0065      7.709    70.7453 1.2458e+03     5.2162     -0.017     -0.025    27.3852 0.0000e+00
     -0.018      0.000     6.1510     75.427     42.041  44.047262     6.9654      7.712    70.9979 1.1345e+03     5.1149     -0.018     -0.026    27.3835 0.0000e+00
     -0.018      0.007     6.1045     75.007     42.039  44.044678     6.8703      7.712    71.2422 1.2673e+03     5.0885     -0.019     -0.027    27.3821 0.0000e+00
     -0.017      0.016     6.0514     74.601     42.041  44.046739     6.7056      7.710    71.7203 1.4942e+03     5.1701     -0.017     -0.025    27.3808 0.0000e+00
     -0.015      0.027     6.0039     74.262     42.006  44.008702     6.6127      7.705    72.3048 1.5756e+03     5.2143     -0.017     -0.024    27.3804 0.0000e+00
     -0.010      0.040     5.9659     74.006     41.967  43.965621     6.6222      7.700    72.8033 1.5585e+03     5.1783     -0.013     -0.019    27.3796 0.0000e+00
      0.002      0.051     5.9372     73.708     41.973  43.970174     6.7949      7.699    73.1874 1.5655e+03     5.1108     -0.002     -0.002    27.3788 0.0000e+00
      0.022      0.059     5.9011     73.245     42.004  44.000268     7.1109      7.701    73.4210 1.5284e+03     5.0809      0.022      0.032    27.3780 0.0000e+00
      0.044      0.063     5.8731     72.650     42.018  44.012109     7.2967      7.705    73.5635 1.3337e+03     5.1241      0.045      0.065    27.3765 0.0000e+00
      0.063      0.063     5.8581     72.057     41.996  43.986393     7.3515      7.711    73.7046 1.0937e+03     5.1893      0.062      0.090    27.3752 0.0000e+00
      0.078      0.058     5.8390     71.505     41.957  43.943223     7.5165      7.717    73.9221 9.4338e+02     5.1867      0.078      0.114    27.3732 0.0000e+00
      0.091      0.052     5.8023     70.964     41.950  43.934465     7.7850      7.721    74.1289 9.3119e+02     5.1257      0.089      0.131    27.3690 0.0000e+00
      0.102      0.047     5.7486     70.464     41.960  43.943971     7.9265      7.725    74.4848 9.0256e+02     5.1016      0.099      0.145    27.3651 0.0000e+00
      0.112      0.045     5.7026     70.084     41.949  43.931214     7.9366      7.730    76.4173 7.8931e+02     5.1340      0.109      0.160    27.3627 0.0000e+00
      0.122      0.047     5.6601     69.781     41.926  43.907172     7.9411      7.735    91.7307 7.3078e+02     5.1418      0.119      0.174    27.3603 0.0000e+00
      0.132      0.050     5.6179     69.502     41.927  43.907169     8.0060      7.742   107.3485 7.4457e+02     5.0933      0.128      0.186    27.3582 0.0000e+00
