Data/DataNotYetUploadedToEDI/Raw_CTD/RawDownloads/080524_fcr10_S7809002.cnv
* Sea-Bird SBE19plus  Data File:
* FileName = C:\R\Reservoirs\Data\DataNotYetUploadedToEDI\Raw_CTD\RawDownloads\080524_fcr50_S7809_0002.hex
* Software version 2.8.0.119
* Temperature SN = 7809
* Conductivity SN = 7809
* System UpLoad Time = Aug 05 2024 17:27:36
* <ApplicationData>
* <Seaterm232>
# nquan = 15
# nvalues = 286                         
# units = specified
# name 0 = depFM: Depth [fresh water, m]
# name 1 = dz/dtM: Descent Rate [m/s]
# name 2 = sbeox0Mg/L: Oxygen, SBE 43 [mg/l]
# name 3 = sbeox0PS: Oxygen, SBE 43 [% saturation]
# name 4 = specc: Specific Conductance [uS/cm]
# name 5 = c0uS/cm: Conductivity [uS/cm]
# name 6 = flECO-AFL: Fluorescence, WET Labs ECO-AFL/FL [mg/m^3]
# name 7 = ph: pH
# name 8 = orp: Oxidation Reduction Potential [mV]
# name 9 = par/sat/log: PAR/Logarithmic, Satlantic
# name 10 = turbWETntu0: Turbidity, WET Labs ECO [NTU]
# name 11 = prdM: Pressure, Strain Gauge [db]
# name 12 = prdE: Pressure, Strain Gauge [psi]
# name 13 = tv290C: Temperature [ITS-90, deg C]
# name 14 = flag:  0.000e+00
# span 0 =     -0.104,      2.107       
# span 1 =     -0.172,      0.101       
# span 2 =     0.6200,     8.7910       
# span 3 =      7.516,    108.895       
# span 4 =     41.977,     49.677       
# span 5 =  44.187661,  49.274942       
# span 6 =     7.8173,   211.2497       
# span 7 =      6.810,      7.378       
# span 8 =    33.5083,   131.1145       
# span 9 = 2.7685e+01, 1.4506e+03       
# span 10 =     3.6496,   109.7748      
# span 11 =     -0.112,      2.067      
# span 12 =     -0.162,      2.998      
# span 13 =    24.4917,    28.4608      
# span 14 = 0.0000e+00, 0.0000e+00      
# interval = seconds: 0.25
# start_time = Aug 05 2024 12:31:31 [Instrument's time stamp, header]
# bad_flag = -9.990e-29
*END*
[from data line 193]
      1.064      0.075     8.1810     98.770     42.956  44.275810    12.6938      7.334   114.4304 4.8655e+01     4.7157      1.043      1.513    26.5842 0.0000e+00
      1.086      0.071     8.0826     98.375     42.941  44.255832    12.6845      7.337   114.6776 4.8390e+01     4.7196      1.065      1.545    26.5666 0.0000e+00
      1.107      0.065     8.0186     98.075     42.942  44.254688    12.6351      7.340   114.8486 4.8220e+01     4.6210      1.086      1.576    26.5519 0.0000e+00
      1.123      0.058     7.9723     97.803     42.950  44.261972    12.5706      7.343   114.8629 4.8104e+01     4.4799      1.103      1.600    26.5387 0.0000e+00
      1.135      0.049     7.9333     97.553     42.969  44.280422    12.5461      7.346   114.9364 4.7977e+01     4.4143      1.114      1.615    26.5285 0.0000e+00
      1.144      0.043     7.9014     97.343     42.972  44.287341    12.5552      7.349   115.1350 4.7848e+01     4.4424      1.123      1.628    26.5234 0.0000e+00
      1.153      0.041     7.8811     97.146     42.959  44.282156    12.4476      7.351   115.4573 4.7731e+01     4.4441      1.131      1.641    26.5228 0.0000e+00
      1.161      0.041     7.8596     97.003     42.950  44.281220    12.2189      7.353   115.9076 4.7640e+01     4.4002      1.138      1.651    26.5206 0.0000e+00
      1.170      0.043     7.8371     96.936     42.944  44.276035    12.0868      7.355   116.1912 4.7571e+01     4.3908      1.146      1.662    26.5176 0.0000e+00
      1.181      0.046     7.8240     96.905     42.955  44.282936    12.0825      7.357   116.3055 4.7417e+01     4.4327      1.158      1.678    26.5223 0.0000e+00
      1.195      0.048     7.8026     96.900     42.981  44.301189    12.1083      7.359   116.4290 4.7180e+01     4.4630      1.172      1.700    26.5343 0.0000e+00
      1.209      0.050     7.7885     96.897     42.997  44.306289    12.2324      7.360   116.5662 4.7040e+01     4.4146      1.187      1.721    26.5465 0.0000e+00
      1.223      0.052     7.7861     96.832     42.985  44.281101    12.4514      7.361   116.7602 4.6995e+01     4.3601      1.200      1.740    26.5470 0.0000e+00
      1.235      0.054     7.7835     96.619     42.965  44.250530    12.5755      7.363   116.9676 4.6912e+01     4.3851      1.211      1.756    26.5401 0.0000e+00
      1.247      0.056     7.7852     96.217     42.976  44.254009    12.6339      7.364   117.1809 4.6851e+01     4.4772      1.222      1.772    26.5329 0.0000e+00
      1.261      0.058     7.7885     95.659     42.987  44.259679    13.0905      7.364   117.5319 4.6852e+01     4.6197      1.236      1.793    26.5169 0.0000e+00
      1.277      0.061     7.7890     95.021     42.987  44.255602    13.9023      7.364   118.0283 4.6789e+01     4.7072      1.252      1.816    26.4993 0.0000e+00
      1.295      0.064     7.7750     94.412     43.004  44.268183    14.3348      7.363   118.5364 4.6691e+01     4.6814      1.270      1.842    26.4882 0.0000e+00
      1.312      0.066     7.7419     93.907     43.025  44.284832    14.3242      7.363   118.8570 4.6664e+01     4.6496      1.288      1.867    26.4802 0.0000e+00
      1.329      0.068     7.6966     93.522     43.014  44.266472    13.7912      7.362   119.0657 4.6660e+01     4.6637      1.303      1.890    26.4737 0.0000e+00
      1.346      0.068     7.6416     93.204     42.992  44.236606    12.8167      7.362   119.2530 4.6630e+01     4.7158      1.319      1.913    26.4697 0.0000e+00
      1.364      0.067     7.5913     92.853     43.005  44.241093    12.2873      7.362   119.3140 4.6565e+01     4.7325      1.338      1.939    26.4650 0.0000e+00
      1.381      0.065     7.5516     92.434     43.031  44.257240    12.2261      7.363   119.4598 4.6500e+01     4.6955      1.355      1.965    26.4577 0.0000e+00
      1.399      0.063     7.5221     91.913     43.092  44.304869    12.1525      7.366   119.8121 4.6445e+01     4.8499      1.372      1.990    26.4496 0.0000e+00
      1.415      0.060     7.5032     91.209     43.239  44.436093    12.0462      7.368   120.1317 4.6381e+01     5.2327      1.389      2.014    26.4412 0.0000e+00
      1.430      0.057     7.4749     90.216     43.458  44.637784    12.0059      7.369   120.3121 4.6301e+01     5.4981      1.402      2.034    26.4322 0.0000e+00
      1.442      0.053     7.4440     88.815     43.679  44.839182    12.0314      7.369   120.4444 4.6157e+01     5.5307      1.413      2.052    26.4200 0.0000e+00
      1.455      0.049     7.4070     86.817     43.828  44.966828    12.2228      7.371   120.6126 4.5941e+01     5.7291      1.427      2.070    26.4026 0.0000e+00
      1.469      0.046     7.3561     83.997     43.914  45.038518    12.5720      7.373   120.7981 4.5711e+01     6.2228      1.440      2.089    26.3801 0.0000e+00
      1.481      0.045     7.2834     80.393     44.014  45.134651    12.7573      7.375   120.9662 4.5500e+01     6.5464      1.453      2.106    26.3517 0.0000e+00
      1.491      0.045     7.1777     76.412     44.118  45.240466    12.7736      7.377   121.1824 4.5367e+01     6.6360      1.463      2.122    26.3212 0.0000e+00
      1.500      0.048     7.0317     72.616     44.428  45.556170    12.7861      7.378   121.5186 4.5272e+01     6.6579      1.471      2.133    26.2909 0.0000e+00
      1.509      0.053     6.8051     69.310     45.092  46.222153    12.8494      7.377   121.9345 4.5082e+01     6.7430      1.479      2.145    26.2674 0.0000e+00
      1.522      0.061     6.5026     66.468     45.594  46.690796    12.9570      7.376   122.2532 4.4784e+01     7.0156      1.491      2.163    26.2659 0.0000e+00
      1.538      0.067     6.1616     63.756     45.693  46.715266    13.0045      7.375   122.4462 4.4350e+01     7.2550      1.506      2.185    26.2662 0.0000e+00
      1.559      0.070     5.8446     60.014     45.706  46.644868    12.9920      7.376   122.7203 4.3736e+01     7.3831      1.527      2.215    26.2638 0.0000e+00
      1.584      0.070     5.5856     54.108     45.729  46.601284    12.7967      7.378   122.9859 4.3037e+01     7.6761      1.554      2.254    26.2619 0.0000e+00
      1.607      0.065     5.3575     46.556     45.744  46.569089    12.4331      7.378   123.1622 4.2440e+01     8.1334      1.580      2.291    26.2117 0.0000e+00
      1.622      0.056     5.1870     39.148     45.786  46.572947    12.2411      7.378   123.3899 4.2014e+01     8.3689      1.595      2.313    26.1149 0.0000e+00
      1.631      0.046     4.9457     33.398     45.826  46.584396    12.2065      7.378   123.5879 4.1635e+01     8.4062      1.600      2.320    26.0122 0.0000e+00
      1.638      0.039     4.4503     29.843     45.901  46.643987    12.0643      7.377   123.9211 4.1249e+01     8.6519      1.605      2.329    25.9355 0.0000e+00
      1.647      0.039     3.7764     28.400     46.066  46.785568    11.8205      7.376   124.4933 4.1004e+01     9.0517      1.616      2.345    25.8959 0.0000e+00
      1.653      0.044     3.1279     28.730     46.226  46.899570    11.6897      7.376   124.9995 4.0910e+01     9.2435      1.621      2.352    25.8507 0.0000e+00
      1.660      0.053     2.6548     30.567     46.275  46.879599    11.6896      7.375   125.3953 4.0664e+01     9.2281      1.623      2.355    25.8118 0.0000e+00
      1.675      0.063     2.3670     33.661     46.275  46.797924    11.8598      7.373   125.8382 4.0146e+01     9.0715      1.638      2.377    25.8084 0.0000e+00
      1.698      0.073     2.2640     37.337     46.355  46.800693    12.1909      7.370   126.2246 3.9562e+01     8.8866      1.665      2.416    25.7857 0.0000e+00
      1.721      0.081     2.3022     40.606     46.408  46.785999    12.3890      7.367   126.5390 3.8969e+01     8.8371      1.688      2.448    25.7291 0.0000e+00
      1.743      0.087     2.4536     42.465     46.241  46.556678    12.4831      7.364   126.9716 3.8339e+01     8.8153      1.709      2.478    25.6526 0.0000e+00
      1.767      0.090     2.7358     42.315     45.931  46.186304    13.2119      7.361   127.4981 3.7769e+01     8.3838      1.734      2.514    25.5560 0.0000e+00
      1.788      0.092     3.0686     40.198     45.661  45.862757    14.5429      7.358   128.1729 3.7246e+01     7.5485      1.755      2.545    25.4687 0.0000e+00
      1.809      0.093     3.3734     36.541     45.471  45.628241    15.2829      7.355   128.9354 3.6617e+01     7.0848      1.773      2.573    25.3994 0.0000e+00
      1.834      0.093     3.5497     31.879     45.390  45.509049    15.3853      7.353   129.4897 3.5881e+01     7.1149      1.797      2.606    25.3342 0.0000e+00
      1.861      0.091     3.5368     26.820     45.419  45.500723    15.5391      7.352   129.7996 3.5117e+01     7.4680      1.824      2.646    25.2700 0.0000e+00
      1.888      0.086     3.3524     21.968     45.481  45.527510    15.7776      7.353   130.1871 3.4392e+01     8.0407      1.853      2.688    25.2109 0.0000e+00
      1.911      0.079     3.0386     17.718     45.559  45.578965    15.8966      7.354   130.7321 3.3821e+01     8.3683      1.877      2.722    25.1639 0.0000e+00
      1.928      0.071     2.6405     14.398     45.604  45.614977    15.9044      7.354   131.0555 3.3342e+01     8.4577      1.892      2.744    25.1254 0.0000e+00
      1.943      0.064     2.2028     12.263     45.564  45.582036    15.8631      7.355   131.0858 3.2878e+01     8.5755      1.906      2.764    25.0847 0.0000e+00
      1.957      0.058     1.7971     11.301     45.538  45.561573    15.3559      7.355   130.9270 3.2475e+01     9.4167      1.920      2.783    25.0421 0.0000e+00
      1.970      0.055     1.4373     11.297     45.600  45.621487    14.4324      7.354   130.6835 3.2070e+01    10.9080      1.931      2.800    25.0070 0.0000e+00
      1.983      0.055     1.1525     11.889     45.662  45.671645    13.9190      7.353   130.5510 3.1621e+01    11.6795      1.944      2.820    25.0000 0.0000e+00
      1.997      0.055     0.9790     12.679     45.672  45.660167    13.8844      7.354   130.5290 3.1182e+01    11.8450      1.959      2.841    25.0147 0.0000e+00
      2.012      0.054     0.9041     13.377     45.778  45.736602    14.0969      7.354   130.5904 3.0773e+01    12.8405      1.974      2.862    25.0237 0.0000e+00
      2.027      0.052     0.9159     13.806     46.162  46.087920    14.4834      7.355   130.6054 3.0363e+01    14.5953      1.988      2.884    25.0195 0.0000e+00
      2.041      0.047     0.9773     13.839     46.855  46.733824    14.7701      7.356   130.5379 2.9968e+01    15.5719      2.003      2.904    25.0083 0.0000e+00
      2.053      0.041     1.0516     13.443     47.649  47.451762    15.8238      7.356   130.5484 2.9652e+01    15.8703      2.014      2.922    24.9861 0.0000e+00
      2.063      0.035     1.1140     12.731     48.397  48.102487    27.4732      7.357   130.6461 2.9439e+01    18.6808      2.024      2.937    24.9458 0.0000e+00
      2.070      0.030     1.1542     11.868     49.081  48.697275    48.8792      7.359   130.7727 2.9290e+01    23.9345      2.031      2.945    24.9183 0.0000e+00
      2.075      0.026     1.1597     10.940     49.411  48.992667    60.8543      7.361   130.7891 2.9126e+01    26.9239      2.035      2.951    24.8789 0.0000e+00
      2.080      0.022     1.1243      9.986     49.286  48.880465    65.3108      7.362   130.7574 2.8941e+01    28.3177      2.040      2.959    24.7964 0.0000e+00
      2.086      0.019     1.0615      9.088     49.086  48.673971   102.6287      7.362   130.8201 2.8795e+01    40.9568      2.046      2.968    24.6892 0.0000e+00
      2.091      0.017     0.9891      8.325     49.045  48.591135   170.8644      7.363   130.8581 2.8654e+01    64.1470      2.050      2.974    24.5819 0.0000e+00
      2.095      0.014     0.9136      7.784     49.052  48.577219   208.0654      7.365   130.7874 2.8474e+01    76.8332      2.055      2.980    24.5447 0.0000e+00
      2.099      0.011     0.8289      7.525     48.957  48.505674   211.2497      7.366   130.6544 2.8343e+01    78.4760      2.059      2.987    24.5956 0.0000e+00
      2.102      0.008     0.7528      7.516     48.757  48.361018   209.2488      7.367   130.6255 2.8308e+01    83.6347      2.061      2.989    24.5998 0.0000e+00
      2.102      0.005     0.6879      7.718     48.670  48.352009   205.0143      7.368   130.6962 2.8293e+01    92.7832      2.061      2.989    24.5140 0.0000e+00
      2.102      0.003     0.6394      8.131     48.764  48.523835   202.6565      7.369   130.6497 2.8265e+01    97.7139      2.061      2.990    24.4917 0.0000e+00
      2.103      0.002     0.6204      8.746     48.794  48.597505   202.2056      7.371   130.4937 2.8233e+01    98.1277      2.062      2.991    24.5285 0.0000e+00
      2.103      0.002     0.6200      9.499     48.734  48.544428   199.7710      7.371   130.3579 2.8188e+01    98.3667      2.062      2.991    24.5749 0.0000e+00
      2.104      0.002     0.6357     10.279     48.901  48.707449   173.3698      7.371   130.2986 2.8143e+01   101.2866      2.063      2.992    24.6663 0.0000e+00
      2.104      0.002     0.6683     10.988     49.315  49.108292   124.9687      7.372   130.2928 2.8112e+01   106.7190      2.064      2.993    24.7637 0.0000e+00
      2.105      0.002     0.7210     11.641     49.511  49.264106    98.4546      7.374   130.2874 2.8076e+01   109.6670      2.065      2.995    24.8122 0.0000e+00
      2.105      0.002     0.7867     12.295     49.357  49.067553    94.7094      7.374   130.4062 2.8025e+01   109.7748      2.065      2.995    24.7982 0.0000e+00
      2.106      0.001     0.8557     12.866     49.264  48.953898    79.6775      7.375   130.6099 2.7969e+01   108.2951      2.065      2.996    24.7946 0.0000e+00
      2.107      0.001     0.9134     13.205     49.428  49.096221    52.5052      7.376   130.6863 2.7907e+01   105.5769      2.066      2.997    24.8023 0.0000e+00
      2.107      0.001     0.9645     13.312     49.632  49.264558    37.6875      7.377   130.6417 2.7829e+01   104.0999      2.066      2.996    24.7476 0.0000e+00
      2.107      0.001     1.0231     13.316     49.677  49.274942    36.2344      7.378   130.5865 2.7733e+01   103.8954      2.066      2.997    24.6850 0.0000e+00
      2.107      0.000     1.0777     13.291     49.525  49.094744    34.7691      7.378   130.7068 2.7699e+01   102.6274      2.066      2.997    24.6794 0.0000e+00
      2.107      0.000     1.1058     13.280     49.380  48.926990    32.2810      7.378   130.9782 2.7764e+01   100.2800      2.066      2.997    24.6704 0.0000e+00
      2.107      0.000     1.1091     13.285     49.360  48.897363    31.0454      7.378   131.1145 2.7791e+01    99.1168      2.066      2.997    24.6187 0.0000e+00
      2.107 -9.990e-29     1.1099 -9.990e-29 -9.990e-29 -9.990e-29 -9.990e-29 -9.990e-29 -9.990e-29 2.7737e+01 -9.990e-29      2.066      2.997    24.5872 0.0000e+00
      2.107 -9.990e-29     1.1063 -9.990e-29 -9.990e-29 -9.990e-29 -9.990e-29 -9.990e-29 -9.990e-29 2.7698e+01 -9.990e-29      2.066      2.997    24.5607 0.0000e+00
      2.107 -9.990e-29     1.1055 -9.990e-29 -9.990e-29 -9.990e-29 -9.990e-29 -9.990e-29 -9.990e-29 2.7689e+01 -9.990e-29      2.066      2.997    24.5269 0.0000e+00
      2.107 -9.990e-29     1.1091 -9.990e-29 -9.990e-29 -9.990e-29 -9.990e-29 -9.990e-29 -9.990e-29 2.7685e+01 -9.990e-29      2.067      2.998    24.5196 0.0000e+00
