Data/DataNotYetUploadedToEDI/Raw_CTD/RawDownloads/080524_fcr30_S7809004.cnv
* Sea-Bird SBE19plus  Data File:
* FileName = C:\R\Reservoirs\Data\DataNotYetUploadedToEDI\Raw_CTD\RawDownloads\080524_fcr50_S7809_0004.hex
* Software version 2.8.0.119
* Temperature SN = 7809
* Conductivity SN = 7809
* System UpLoad Time = Aug 05 2024 17:28:13
* <ApplicationData>
* <Seaterm232>
# nquan = 15
# nvalues = 423                         
# units = specified
# name 0 = depFM: Depth [fresh water, m]
# name 1 = dz/dtM: Descent Rate [m/s]
# name 2 = sbeox0Mg/L: Oxygen, SBE 43 [mg/l]
# name 3 = sbeox0PS: Oxygen, SBE 43 [% saturation]
# name 4 = specc: Specific Conductance [uS/cm]
# name 5 = c0uS/cm: Conductivity [uS/cm]
# name 6 = flECO-AFL: Fluorescence, WET Labs ECO-AFL/FL [mg/m^3]
# name 7 = ph: pH
# name 8 = orp: Oxidation Reduction Potential [mV]
# name 9 = par/sat/log: PAR/Logarithmic, Satlantic
# name 10 = turbWETntu0: Turbidity, WET Labs ECO [NTU]
# name 11 = prdM: Pressure, Strain Gauge [db]
# name 12 = prdE: Pressure, Strain Gauge [psi]
# name 13 = tv290C: Temperature [ITS-90, deg C]
# name 14 = flag:  0.000e+00
# span 0 =     -0.241,      5.435       
# span 1 =     -0.064,      0.160       
# span 2 =     5.4199,     8.5873       
# span 3 =     64.323,    107.676       
# span 4 =     41.272,     67.905       
# span 5 =  43.181423,  58.332726       
# span 6 =    -0.0736,    48.1868       
# span 7 =      7.597,      7.878       
# span 8 =    18.1634,   128.9585       
# span 9 = 1.2351e-01, 2.7199e+03       
# span 10 =    -0.0443,    54.4692      
# span 11 =     -0.252,      5.331      
# span 12 =     -0.367,      7.731      
# span 13 =    17.0419,    28.1469      
# span 14 = 0.0000e+00, 0.0000e+00      
# interval = seconds: 0.25
# start_time = Aug 05 2024 12:53:57 [Instrument's time stamp, header]
# bad_flag = -9.990e-29
*END*
[from data line 290]
      2.886      0.068     6.9214     90.544     45.558  44.582146    12.4679      7.831   126.4848 2.9461e+01    31.4564      2.826      4.100    24.6254 0.0000e+00
      2.906      0.073     7.2675     89.648     45.568  44.575451    11.0093      7.831   126.5594 2.8518e+01    32.9328      2.849      4.133    24.2582 0.0000e+00
      2.927      0.083     7.5184     87.918     45.532  44.569795     8.3568      7.830   126.8519 2.7799e+01    35.6533      2.873      4.168    24.0365 0.0000e+00
      2.945      0.090     7.6570     85.708     45.405  44.577277     6.8973      7.827   127.5273 2.6912e+01    37.1253      2.885      4.186    23.9308 0.0000e+00
      2.970      0.093     7.6601     83.510     45.315  44.602651     6.7460      7.824   128.3582 2.5411e+01    37.1352      2.909      4.218    23.9257 0.0000e+00
      3.003      0.091     7.5852     81.632     45.371  44.622863     6.6770      7.821   128.8964 2.3825e+01    36.8995      2.948      4.275    23.9029 0.0000e+00
      3.032      0.088     7.4345     80.150     45.482  44.631158     6.0633      7.820   128.9585 2.2803e+01    34.9595      2.978      4.319    23.8638 0.0000e+00
      3.051      0.086     7.1996     79.082     45.550  44.639308     4.9437      7.820   128.8502 2.2163e+01    31.4076      2.994      4.342    24.0885 0.0000e+00
      3.065      0.082     6.9773     78.373     45.590  44.657846     4.3266      7.820   128.7059 2.1452e+01    29.4452      3.004      4.357    24.3047 0.0000e+00
      3.082      0.080     6.8355     77.886     45.612  44.664843     4.2522      7.816   128.5900 2.0430e+01    28.9615      3.019      4.379    24.1890 0.0000e+00
      3.104      0.080     6.7301     77.472     45.622  44.660405     4.2524      7.810   128.6539 1.9306e+01    26.0035      3.044      4.415    24.0249 0.0000e+00
      3.126      0.084     6.6465     77.037     45.653  44.667648     4.2876      7.802   128.7043 1.8284e+01    20.7332      3.066      4.447    23.9836 0.0000e+00
      3.149      0.089     6.5947     76.801     45.793  44.688917     4.3121      7.793   128.0810 1.7171e+01    17.9132      3.086      4.477    23.9699 0.0000e+00
      3.174      0.092     6.5564     77.202     46.014  44.726957     4.3074      7.783   126.7102 1.6161e+01    17.4919      3.113      4.517    23.9638 0.0000e+00
      3.196      0.096     6.5342     78.482     46.170  44.746460     4.2974      7.769   125.1219 1.5279e+01    15.5379      3.133      4.545    23.9214 0.0000e+00
      3.220      0.102     6.4849     80.488     46.319  44.734116     4.2992      7.754   122.7289 1.4339e+01    12.0838      3.156      4.577    23.9636 0.0000e+00
      3.245      0.107     6.4612     82.736     46.450  44.767900     4.3040      7.740   118.2546 1.3501e+01    10.2638      3.183      4.617    23.8498 0.0000e+00
      3.271      0.111     6.5292     84.778     46.459  44.837401     4.2967      7.726   112.0631 1.2275e+01    10.1338      3.202      4.644    23.5139 0.0000e+00
      3.304      0.113     6.6420     86.441     46.500  44.876308     4.1527      7.714   105.7735 1.0596e+01     9.5908      3.239      4.697    23.5070 0.0000e+00
      3.339      0.111     6.8600     87.643     46.659  44.984409     3.8783      7.704    99.7681 9.3900e+00     8.5478      3.279      4.757    23.2820 0.0000e+00
      3.368      0.108     7.1008     88.311     46.782  45.128702     3.7256      7.697    94.2590 8.6279e+00     7.9763      3.301      4.789    23.0347 0.0000e+00
      3.394      0.103     7.2352     88.431     46.893  45.161007     3.7134      7.692    90.0128 7.9944e+00     7.9416      3.330      4.830    23.3414 0.0000e+00
      3.418      0.096     7.3867     88.095     47.222  45.374892     3.6721      7.688    86.4571 7.5905e+00     7.8548      3.356      4.867    23.2879 0.0000e+00
      3.437      0.090     7.5211     87.697     47.572  45.746686     3.5679      7.685    82.4996 7.0975e+00     7.5414      3.367      4.883    23.0890 0.0000e+00
      3.459      0.089     7.5428     87.676     47.712  45.784150     3.4934      7.683    78.2990 6.3783e+00     7.2613      3.390      4.917    23.3254 0.0000e+00
      3.485      0.090     7.5732     87.987     48.016  45.827759     3.4789      7.683    74.6445 5.8278e+00     7.2006      3.422      4.962    23.1977 0.0000e+00
      3.505      0.094     7.5771     88.261     48.594  46.337025     3.4673      7.682    71.6957 5.3991e+00     7.2173      3.437      4.985    22.8739 0.0000e+00
      3.526      0.098     7.4790     88.213     48.859  46.672553     3.3361      7.681    69.0601 4.7722e+00     7.0194      3.453      5.009    23.1777 0.0000e+00
      3.553      0.099     7.4920     87.807     48.688  46.456688     3.0745      7.680    66.5243 4.0877e+00     6.5836      3.485      5.054    23.1092 0.0000e+00
      3.583      0.098     7.6151     87.209     48.904  46.583687     2.9097      7.679    63.8359 3.5215e+00     6.2867      3.516      5.098    22.5429 0.0000e+00
      3.610      0.094     7.6363     86.502     49.434  47.128683     2.8914      7.676    60.8180 3.0218e+00     6.2312      3.539      5.133    22.6152 0.0000e+00
      3.635      0.089     7.5987     85.629     49.449  47.142245     2.9034      7.675    57.8259 2.5918e+00     6.2875      3.565      5.171    22.8648 0.0000e+00
      3.658      0.081     7.5752     84.593     49.537  47.128622     2.9137      7.675    55.0188 2.3382e+00     6.3520      3.590      5.209    22.7187 0.0000e+00
      3.673      0.073     7.5502     83.568     50.172  47.725567     2.9240      7.675    52.1734 2.1852e+00     6.3627      3.602      5.226    22.5185 0.0000e+00
      3.688      0.068     7.4678     82.855     50.389  47.947737     2.9281      7.676    49.2343 2.0092e+00     6.3482      3.614      5.243    22.6957 0.0000e+00
      3.705      0.066     7.3849     82.594     50.132  47.592922     2.8468      7.677    46.4118 1.8584e+00     6.2799      3.634      5.271    22.7494 0.0000e+00
      3.721      0.066     7.3301     82.685     50.581  47.942922     2.6983      7.677    43.7726 1.7460e+00     6.1850      3.649      5.293    22.4739 0.0000e+00
      3.737      0.065     7.2190     82.962     51.567  48.941432     2.6312      7.676    41.3296 1.6416e+00     6.1574      3.663      5.312    22.5380 0.0000e+00
      3.757      0.062     7.1356     83.284     51.734  49.063256     2.6264      7.676    39.0714 1.5357e+00     6.1852      3.683      5.341    22.6670 0.0000e+00
      3.777      0.059     7.1484     83.671     51.621  48.780977     2.5403      7.677    36.7740 1.4582e+00     6.2483      3.707      5.378    22.4464 0.0000e+00
      3.790      0.059     7.1848     84.347     52.432  49.527986     2.3883      7.678    34.6322 1.4254e+00     6.3056      3.720      5.394    22.2746 0.0000e+00
      3.799      0.063     7.1814     85.310     52.986  50.095233     2.3199      7.680    32.9638 1.3898e+00     6.3309      3.723      5.398    22.5088 0.0000e+00
      3.810      0.072     7.2090     86.093     52.841  49.798337     2.3133      7.681    31.5724 1.3369e+00     6.3836      3.736      5.418    22.5253 0.0000e+00
      3.825      0.082     7.2874     86.329     53.527  50.319072     2.2085      7.682    30.2851 1.2516e+00     6.8068      3.749      5.437    22.1167 0.0000e+00
      3.847      0.092     7.3355     86.261     54.439  51.247976     2.0269      7.684    29.2725 1.1293e+00     7.5537      3.767      5.464    22.1682 0.0000e+00
      3.882      0.101     7.4034     86.319     54.264  50.997395     1.9238      7.685    28.5352 1.0180e+00     7.9335      3.806      5.520    22.4236 0.0000e+00
      3.917      0.106     7.5361     86.539     54.222  50.718160     1.9018      7.687    27.9095 9.3205e-01     8.0173      3.846      5.577    22.0951 0.0000e+00
      3.944      0.106     7.5823     86.733     55.150  51.554223     1.8610      7.689    27.4715 8.6086e-01     8.7721      3.869      5.612    21.8348 0.0000e+00
      3.968      0.101     7.5054     86.743     55.668  52.089333     1.7886      7.690    27.1976 7.9894e-01    10.1246      3.889      5.641    22.1770 0.0000e+00
      3.993      0.095     7.5273     86.573     55.631  51.917853     1.7418      7.691    26.9211 7.4377e-01    10.8101      3.917      5.681    22.0940 0.0000e+00
      4.015      0.092     7.6239     86.414     56.415  52.465186     1.7278      7.691    26.6226 7.0530e-01    10.8087      3.940      5.714    21.6053 0.0000e+00
      4.035      0.092     7.6332     86.324     57.098  52.991593     1.7114      7.690    26.4281 6.7564e-01    10.8932      3.956      5.737    21.6970 0.0000e+00
      4.056      0.094     7.6053     86.186     56.932  52.694211     1.6272      7.690    26.5489 6.3973e-01    12.3100      3.976      5.767    21.9044 0.0000e+00
      4.080      0.095     7.6158     85.987     57.555  53.187616     1.4833      7.691    26.7919 5.9589e-01    14.9921      4.000      5.801    21.6589 0.0000e+00
      4.108      0.097     7.6336     85.757     58.416  54.003768     1.4031      7.693    26.7852 5.5543e-01    16.4736      4.028      5.841    21.4280 0.0000e+00
      4.136      0.102     7.6305     85.400     58.318  53.735081     1.3896      7.697    26.6394 5.3766e-01    16.6949      4.059      5.886    21.4525 0.0000e+00
      4.160      0.105     7.6453     84.917     58.630  53.685696     1.3291      7.701    26.5784 5.2519e-01    18.4191      4.081      5.919    21.2596 0.0000e+00
      4.182      0.105     7.6488     84.615     59.832  54.612826     1.2127      7.705    26.6489 4.9397e-01    21.6756      4.099      5.945    21.0969 0.0000e+00
      4.210      0.101     7.5985     84.603     60.702  55.291467     1.1557      7.710    26.7184 4.5918e-01    23.5157      4.127      5.986    21.3310 0.0000e+00
      4.242      0.097     7.5968     84.459     60.566  54.904991     1.1557      7.715    26.7309 4.3751e-01    23.7579      4.162      6.036    21.1584 0.0000e+00
      4.271      0.093     7.6139     83.880     60.438  54.512266     1.0794      7.720    26.8857 4.2526e-01    24.2624      4.191      6.079    20.6534 0.0000e+00
      4.291      0.087     7.5804     82.946     61.461  55.369345     0.9324      7.725    27.2129 4.1584e-01    25.2098      4.210      6.106    20.6223 0.0000e+00
      4.308      0.080     7.6053     81.873     62.249  56.058621     0.8524      7.730    27.5901 4.0587e-01    25.7507      4.224      6.125    20.6204 0.0000e+00
      4.328      0.076     7.6447     80.850     62.131  55.605929     0.8514      7.737    28.0910 3.9775e-01    25.8150      4.245      6.156    20.3280 0.0000e+00
      4.347      0.078     7.6368     80.220     62.443  55.484599     0.8292      7.745    28.7093 3.9580e-01    25.5091      4.266      6.186    20.0041 0.0000e+00
      4.363      0.085     7.5472     80.343     62.758  55.734432     0.7667      7.751    29.3011 3.9031e-01    24.8193      4.276      6.203    19.9728 0.0000e+00
      4.381      0.092     7.4131     81.042     63.063  56.086153     0.7206      7.757    29.7402 3.7884e-01    24.3749      4.293      6.227    20.1989 0.0000e+00
      4.407      0.097     7.3718     81.867     63.818  56.688535     0.6956      7.762    30.0606 3.5513e-01    24.2692      4.319      6.263    19.7891 0.0000e+00
      4.439      0.103     7.3762     82.527     64.008  56.602679     0.6566      7.767    30.5071 3.2233e-01    23.8824      4.353      6.313    19.2069 0.0000e+00
      4.470      0.108     7.3700     83.035     64.121  56.381692     0.6157      7.772    31.0949 3.0666e-01    23.1814      4.389      6.366    19.4155 0.0000e+00
      4.495      0.110     7.4366     83.595     64.911  57.001405     0.6088      7.775    32.0064 2.9876e-01    22.8306      4.408      6.393    19.5181 0.0000e+00
      4.518      0.108     7.5310     84.095     65.792  57.870846     0.6068      7.777    33.2673 2.8435e-01    22.7843      4.427      6.421    19.4475 0.0000e+00
      4.547      0.106     7.6193     84.139     66.120  58.128728     0.5829      7.779    34.4668 2.6435e-01    22.6893      4.458      6.467    19.2858 0.0000e+00
      4.579      0.104     7.7215     83.537     65.887  57.705657     0.5610      7.782    35.6678 2.4744e-01    22.6724      4.493      6.516    18.8259 0.0000e+00
      4.606      0.103     7.7751     82.439     66.154  57.709738     0.5661      7.784    37.0348 2.4299e-01    22.7509      4.520      6.554    18.8501 0.0000e+00
      4.628      0.100     7.8119     81.117     66.953  58.304731     0.5949      7.784    38.3465 2.3386e-01    22.8192      4.536      6.579    19.0335 0.0000e+00
      4.653      0.096     7.8245     79.706     67.191  58.293480     0.6017      7.785    39.6536 2.1895e-01    22.7810      4.562      6.617    19.0126 0.0000e+00
      4.680      0.096     7.7961     78.340     67.054  57.700568     0.5726      7.785    41.1383 2.1744e-01    21.9815      4.593      6.661    18.8032 0.0000e+00
      4.702      0.096     7.7241     77.292     67.321  57.614273     0.5342      7.785    42.6179 2.2018e-01    20.5311      4.612      6.688    18.5254 0.0000e+00
      4.722      0.093     7.5910     76.688     67.875  58.202401     0.5216      7.785    43.9492 2.0026e-01    19.7621      4.628      6.712    18.5750 0.0000e+00
      4.749      0.086     7.4685     76.455     67.905  58.332726     0.5280      7.785    45.1028 1.6296e-01    19.6858      4.654      6.750    18.5028 0.0000e+00
      4.779      0.078     7.4068     76.652     67.593  57.919782     0.5123      7.784    46.3272 1.4006e-01    19.2672      4.690      6.803    17.9716 0.0000e+00
      4.802      0.071     7.3596     77.562     67.318  57.782771     0.4816      7.782    47.7407 1.3926e-01    18.4237      4.715      6.838    17.5934 0.0000e+00
      4.813      0.067     7.2663     79.293     66.840  57.692653     0.4641      7.781    49.0295 1.4027e-01    17.8908      4.718      6.844    17.8815 0.0000e+00
      4.822      0.067     7.2075     81.423     66.594  57.529369     0.4590      7.781    50.2084 1.3394e-01    17.7774      4.728      6.858    18.1202 0.0000e+00
      4.831      0.070     7.2744     83.357     66.280  57.396518     0.4440      7.780    51.2396 1.2930e-01    17.7012      4.737      6.871    17.7075 0.0000e+00
      4.846      0.074     7.3426     84.894     65.599  57.293349     0.4252      7.778    52.0326 1.2646e-01    17.5844      4.746      6.882    17.7718 0.0000e+00
      4.874      0.076     7.4331     86.113     65.506  57.362500     0.4226      7.776    52.9146 1.2399e-01    17.4933      4.777      6.929    18.3718 0.0000e+00
      4.907      0.072     7.6951     86.908     65.949  57.407098     0.4209      7.776    54.1605 1.2369e-01    17.4528      4.818      6.987    18.1514 0.0000e+00
      4.932      0.067     7.8950     86.957     66.097  57.260392     0.4130      7.776    55.3947 1.2352e-01    17.4033      4.841      7.020    18.0634 0.0000e+00
      4.942      0.063     7.9051     86.167     66.174  57.176281     0.4027      7.775    56.2218 1.2351e-01    17.3719      4.848      7.032    18.8492 0.0000e+00
      4.946      0.061     7.9985     84.998     66.355  57.215663     0.3966      7.775    57.0206 1.2361e-01    17.4146      4.850      7.035    18.9934 0.0000e+00
      4.951      0.063     8.1833     84.192     66.009  57.101188     0.4131      7.775    57.9115 1.2367e-01    17.4418      4.851      7.036    18.4130 0.0000e+00
      4.966      0.068     8.2178     83.986     65.474  56.999262     0.4610      7.774    58.7331 1.2371e-01    17.3592      4.864      7.054    18.2699 0.0000e+00
      4.994      0.076     8.1289     83.946     65.472  57.063604     0.5091      7.774    59.5553 1.2367e-01    17.2010      4.898      7.105    18.2592 0.0000e+00
