Data/DataNotYetUploadedToEDI/Raw_CTD/RawDownloads/080524_fcr40_S7809005.cnv
* Sea-Bird SBE19plus  Data File:
* FileName = C:\R\Reservoirs\Data\DataNotYetUploadedToEDI\Raw_CTD\RawDownloads\080524_fcr50_S7809_0005.hex
* Software version 2.8.0.119
* Temperature SN = 7809
* Conductivity SN = 7809
* System UpLoad Time = Aug 05 2024 17:28:30
* <ApplicationData>
* <Seaterm232>
# nquan = 15
# nvalues = 406                         
# units = specified
# name 0 = depFM: Depth [fresh water, m]
# name 1 = dz/dtM: Descent Rate [m/s]
# name 2 = sbeox0Mg/L: Oxygen, SBE 43 [mg/l]
# name 3 = sbeox0PS: Oxygen, SBE 43 [% saturation]
# name 4 = specc: Specific Conductance [uS/cm]
# name 5 = c0uS/cm: Conductivity [uS/cm]
# name 6 = flECO-AFL: Fluorescence, WET Labs ECO-AFL/FL [mg/m^3]
# name 7 = ph: pH
# name 8 = orp: Oxidation Reduction Potential [mV]
# name 9 = par/sat/log: PAR/Logarithmic, Satlantic
# name 10 = turbWETntu0: Turbidity, WET Labs ECO [NTU]
# name 11 = prdM: Pressure, Strain Gauge [db]
# name 12 = prdE: Pressure, Strain Gauge [psi]
# name 13 = tv290C: Temperature [ITS-90, deg C]
# name 14 = flag:  0.000e+00
# span 0 =     -0.363,      5.975       
# span 1 =     -0.059,      0.204       
# span 2 =     0.1120,     7.8825       
# span 3 =      1.246,     95.087       
# span 4 =     41.911,     76.002       
# span 5 =  43.136773,  62.716111       
# span 6 =     0.3949,    19.3850       
# span 7 =      7.839,      8.015       
# span 8 =    51.7669,   134.7241       
# span 9 = 1.2348e-01, 2.2000e+03       
# span 10 =     6.9528,   509.1711      
# span 11 =     -0.366,      5.860      
# span 12 =     -0.530,      8.500      
# span 13 =    12.3286,    28.5210      
# span 14 = 0.0000e+00, 0.0000e+00      
# interval = seconds: 0.25
# start_time = Aug 05 2024 13:00:00 [Instrument's time stamp, header]
# bad_flag = -9.990e-29
*END*
[from data line 193]
      2.109      0.068     0.8279     14.677     44.862  43.992800    14.8295      8.012   118.0942 7.3041e+01     7.2489      2.070      3.003    24.5421 0.0000e+00
      2.132      0.064     0.9727     14.164     44.881  43.928890    14.7937      8.012   118.3482 7.1028e+01     7.2222      2.093      3.035    24.4655 0.0000e+00
      2.149      0.060     1.1242     13.223     44.916  43.891511    14.6817      8.011   118.8556 6.9671e+01     7.1961      2.110      3.060    24.3095 0.0000e+00
      2.160      0.058     1.2350     12.223     44.948  43.858130    14.4661      8.010   119.3247 6.8776e+01     7.1381      2.119      3.074    24.1331 0.0000e+00
      2.167      0.060     1.2620     11.350     44.945  43.779082    14.3262      8.009   119.4597 6.7933e+01     7.0332      2.125      3.082    24.0117 0.0000e+00
      2.176      0.066     1.2049     10.620     44.978  43.697347    14.3216      8.009   119.5407 6.6689e+01     6.9529      2.132      3.092    23.9343 0.0000e+00
      2.192      0.074     1.1168      9.996     45.053  43.631400    14.6523      8.010   119.7026 6.4362e+01     6.9528      2.143      3.108    23.8491 0.0000e+00
      2.218      0.083     1.0279      9.504     45.110  43.552783    15.2620      8.011   119.7823 6.1332e+01     6.9980      2.174      3.153    23.7815 0.0000e+00
      2.249      0.088     0.9554      9.123     45.178  43.508284    15.5929      8.011   119.8161 5.8897e+01     7.0558      2.209      3.203    23.7190 0.0000e+00
      2.274      0.088     0.8993      8.784     45.294  43.537528    15.6726      8.011   119.9394 5.7116e+01     7.0708      2.231      3.236    23.5829 0.0000e+00
      2.295      0.083     0.8456      8.458     45.408  43.588885    16.2589      8.011   120.1552 5.5482e+01     7.0422      2.251      3.266    23.4117 0.0000e+00
      2.315      0.074     0.8076      8.158     45.469  43.621357    17.3304      8.010   120.5327 5.4015e+01     7.0178      2.271      3.293    23.2573 0.0000e+00
      2.333      0.066     0.7799      7.945     45.453  43.612739    17.9165      8.010   120.9761 5.2786e+01     7.0487      2.289      3.319    23.1357 0.0000e+00
      2.348      0.062     0.7523      7.860     45.374  43.548172    17.9765      8.009   121.2137 5.1806e+01     7.1423      2.304      3.342    23.0483 0.0000e+00
      2.361      0.062     0.7258      7.875     45.328  43.475445    18.0142      8.009   121.3397 5.0967e+01     7.1591      2.315      3.358    22.9778 0.0000e+00
      2.372      0.065     0.6976      7.965     45.369  43.431567    18.3637      8.009   121.5533 5.0142e+01     7.1837      2.327      3.374    22.9475 0.0000e+00
      2.386      0.069     0.6770      8.097     45.463  43.398362    19.0074      8.009   121.9038 4.9117e+01     7.3376      2.338      3.392    22.9639 0.0000e+00
      2.406      0.073     0.6716      8.219     45.536  43.327687    19.3638      8.010   122.3079 4.7632e+01     7.4824      2.356      3.418    23.0021 0.0000e+00
      2.431      0.074     0.6734      8.300     45.561  43.211574    19.3850      8.011   122.6539 4.6106e+01     7.5677      2.386      3.461    22.9776 0.0000e+00
      2.455      0.073     0.6831      8.349     45.634  43.136773    19.1883      8.013   122.9901 4.5050e+01     7.6519      2.411      3.497    22.8716 0.0000e+00
      2.473      0.072     0.6988      8.393     45.828  43.184738    18.8251      8.013   123.3612 4.4256e+01     7.7827      2.425      3.519    22.7327 0.0000e+00
      2.487      0.072     0.7121      8.433     46.200  43.410485    18.6223      8.013   123.5270 4.3482e+01     7.8510      2.439      3.538    22.5645 0.0000e+00
      2.500      0.074     0.7212      8.470     46.746  43.771467    18.4839      8.014   123.5324 4.2722e+01     7.9315      2.452      3.557    22.4204 0.0000e+00
      2.515      0.078     0.7256      8.521     47.249  44.058060    17.0684      8.014   123.6848 4.1738e+01     8.6196      2.463      3.574    22.2574 0.0000e+00
      2.535      0.082     0.7327      8.582     47.534  44.145978    14.4590      8.015   123.9069 4.0271e+01     9.7155      2.483      3.601    22.0960 0.0000e+00
      2.564      0.084     0.7377      8.615     47.671  44.135997    13.0262      8.015   124.0668 3.8664e+01    10.2159      2.515      3.647    21.9956 0.0000e+00
      2.593      0.083     0.7419      8.555     47.750  44.127615    12.8700      8.014   124.1551 3.7449e+01    10.2298      2.546      3.693    21.8305 0.0000e+00
      2.615      0.079     0.7503      8.366     47.773  44.107998    12.6624      8.014   124.2866 3.6671e+01    10.2935      2.567      3.723    21.6143 0.0000e+00
      2.632      0.071     0.7590      8.078     47.794  44.089187    12.3219      8.014   124.6248 3.6067e+01    10.3704      2.582      3.744    21.4151 0.0000e+00
      2.646      0.062     0.7671      7.733     47.841  44.090547    12.1319      8.014   125.0608 3.5453e+01    10.3737      2.595      3.763    21.2645 0.0000e+00
      2.660      0.057     0.7644      7.331     47.891  44.124375    12.1131      8.013   125.3418 3.4836e+01    10.3341      2.608      3.783    21.1852 0.0000e+00
      2.674      0.056     0.7468      6.895     47.951  44.180809    12.2193      8.012   125.4412 3.4354e+01    10.4040      2.624      3.805    21.1592 0.0000e+00
      2.685      0.057     0.7191      6.504     48.020  44.201613    12.4177      8.010   125.5742 3.3960e+01    10.6045      2.634      3.820    21.1306 0.0000e+00
      2.698      0.058     0.6907      6.209     48.098  44.185426    12.5393      8.010   125.8317 3.3418e+01    10.7764      2.644      3.835    21.0563 0.0000e+00
      2.715      0.058     0.6548      5.995     48.187  44.175396    12.5745      8.009   126.1445 3.2744e+01    10.8423      2.663      3.861    21.0482 0.0000e+00
      2.733      0.058     0.6116      5.791     48.307  44.207164    12.7010      8.008   126.6038 3.2155e+01    10.8548      2.682      3.889    21.0906 0.0000e+00
      2.749      0.059     0.5758      5.551     48.430  44.252045    14.2443      8.008   127.2548 3.1734e+01    11.2346      2.697      3.911    21.0396 0.0000e+00
      2.762      0.062     0.5511      5.313     48.544  44.273622    17.1175      8.008   127.7358 3.1363e+01    12.0186      2.709      3.929    20.9242 0.0000e+00
      2.774      0.067     0.5359      5.109     48.699  44.277524    18.6847      8.008   127.8583 3.0900e+01    12.4771      2.720      3.945    20.8272 0.0000e+00
      2.788      0.076     0.5212      4.911     48.884  44.235557    18.6285      8.008   127.9612 3.0365e+01    12.5426      2.733      3.964    20.7475 0.0000e+00
      2.807      0.085     0.4974      4.666     49.067  44.146773    16.3464      8.009   128.2060 2.9685e+01    13.1183      2.749      3.988    20.6826 0.0000e+00
      2.832      0.092     0.4754      4.356     49.210  44.028894    12.1319      8.010   128.5818 2.8648e+01    14.2808      2.773      4.022    20.6195 0.0000e+00
      2.864      0.095     0.4595      3.975     49.341  43.952521     9.8288      8.009   129.1493 2.7488e+01    14.9836      2.809      4.074    20.4857 0.0000e+00
      2.895      0.091     0.4462      3.504     49.511  43.984808     9.5907      8.008   129.8187 2.6609e+01    15.1592      2.843      4.124    20.2591 0.0000e+00
      2.920      0.081     0.4268      2.969     49.624  44.038261     9.1197      8.006   130.3949 2.5905e+01    15.4476      2.864      4.155    19.9786 0.0000e+00
      2.939      0.068     0.3995      2.415     49.607  44.027479     8.2711      8.004   130.6954 2.5293e+01    15.9090      2.884      4.183    19.7084 0.0000e+00
      2.953      0.059     0.3692      1.919     49.461  43.917931     7.8021      8.003   130.8714 2.4933e+01    16.1950      2.899      4.203    19.5094 0.0000e+00
      2.960      0.059     0.3239      1.564     49.270  43.729376     7.7110      8.002   131.2316 2.4785e+01    16.2745      2.904      4.213    19.3853 0.0000e+00
      2.964      0.064     0.2747      1.350     49.154  43.524962     7.2618      8.002   131.6953 2.4520e+01    16.9389      2.904      4.212    19.3496 0.0000e+00
      2.976      0.072     0.2209      1.246     49.142  43.350485     6.4485      8.001   132.0902 2.3599e+01    18.1814      2.911      4.221    19.3629 0.0000e+00
      3.003      0.080     0.1706      1.249     49.328  43.333366     5.9924      8.001   132.3930 2.2139e+01    18.8638      2.942      4.267    19.4030 0.0000e+00
      3.036      0.086     0.1395      1.338     49.713  43.508165     5.9084      8.000   132.6032 2.0902e+01    19.0418      2.982      4.325    19.4130 0.0000e+00
      3.063      0.090     0.1214      1.437     50.211  43.813412     5.5589      8.000   132.7383 1.9989e+01    20.4009      3.007      4.361    19.2897 0.0000e+00
      3.083      0.088     0.1120      1.502     50.964  44.357961     4.9451      8.000   132.8228 1.9054e+01    22.8976      3.023      4.384    19.1094 0.0000e+00
      3.101      0.081     0.1122      1.537     52.001  45.140921     4.6203      7.999   133.0220 1.8043e+01    24.2925      3.042      4.411    18.9129 0.0000e+00
      3.120      0.076     0.1253      1.567     53.655  46.424303     4.5952      7.998   133.2536 1.7005e+01    24.4905      3.059      4.437    18.7393 0.0000e+00
      3.139      0.074     0.1355      1.598     56.342  48.574998     4.5662      7.999   133.3003 1.6017e+01    24.6770      3.078      4.464    18.6196 0.0000e+00
      3.158      0.074     0.1415      1.598     58.712  50.447263     4.3701      7.999   133.4147 1.5182e+01    26.7181      3.098      4.493    18.5160 0.0000e+00
      3.176      0.074     0.1448      1.572     59.874  51.283821     4.0559      7.998   133.6901 1.4434e+01    30.6207      3.114      4.517    18.4151 0.0000e+00
      3.195      0.076     0.1463      1.557     63.659  54.371999     3.9039      7.997   134.0489 1.3699e+01    32.7847      3.133      4.544    18.2675 0.0000e+00
      3.215      0.080     0.1527      1.562     70.622  60.155931     3.8898      7.995   134.4831 1.3041e+01    32.6945      3.154      4.574    18.1049 0.0000e+00
      3.235      0.087     0.1526      1.581     73.883  62.716111     3.8021      7.992   134.7241 1.2507e+01    29.2574      3.173      4.602    17.9582 0.0000e+00
      3.253      0.094     0.1483      1.611     72.415  61.190249     3.6338      7.987   134.4673 1.1968e+01    22.8924      3.189      4.625    17.8145 0.0000e+00
      3.277      0.099     0.1480      1.639     71.346  60.003853     3.5364      7.982   133.7020 1.1218e+01    19.4090      3.209      4.655    17.7039 0.0000e+00
      3.308      0.104     0.1484      1.654     71.926  60.251758     3.5156      7.974   132.6975 1.0360e+01    18.9763      3.244      4.705    17.6138 0.0000e+00
      3.342      0.109     0.1509      1.662     72.534  60.566326     3.4066      7.964   131.7015 9.6551e+00    17.2516      3.281      4.757    17.4555 0.0000e+00
      3.369      0.112     0.1548      1.677     72.712  60.567165     3.2101      7.954   130.8645 9.0897e+00    13.9953      3.306      4.795    17.2390 0.0000e+00
      3.393      0.110     0.1592      1.694     72.916  60.642888     3.1033      7.944   130.2359 8.2895e+00    12.1588      3.325      4.822    17.0331 0.0000e+00
      3.420      0.104     0.1606      1.698     73.270  60.846490     3.0885      7.934   129.9518 6.9849e+00    11.9214      3.351      4.860    16.8710 0.0000e+00
      3.452      0.096     0.1610      1.697     73.559  60.932332     3.0560      7.926   130.1822 5.6221e+00    11.0900      3.388      4.913    16.7380 0.0000e+00
      3.480      0.088     0.1630      1.695     73.603  60.791184     3.0189      7.921   129.6664 4.7468e+00     9.5883      3.416      4.954    16.6252 0.0000e+00
      3.500      0.079     0.1658      1.681     73.630  60.727890     3.0146      7.915   127.1564 4.3054e+00     8.7944      3.434      4.980    16.5767 0.0000e+00
      3.516      0.070     0.1660      1.665     74.015  61.056352     3.0196      7.910   123.8391 4.0784e+00     8.7667      3.449      5.002    16.5413 0.0000e+00
      3.531      0.064     0.1651      1.651     74.614  61.522571     2.9886      7.906   120.7038 3.9904e+00     8.7409      3.464      5.024    16.4273 0.0000e+00
      3.543      0.065     0.1677      1.638     74.544  61.282407     2.9316      7.903   117.6405 3.9569e+00     8.6535      3.475      5.040    16.2607 0.0000e+00
      3.555      0.070     0.1648      1.637     73.700  60.248752     2.8963      7.898   114.7643 3.9170e+00     8.6323      3.485      5.054    16.2005 0.0000e+00
      3.571      0.076     0.1634      1.649     73.187  59.443081     2.8864      7.893   112.2550 3.8595e+00     8.6543      3.500      5.076    16.2544 0.0000e+00
      3.594      0.080     0.1622      1.663     73.285  59.227508     2.7870      7.890   110.2730 3.7419e+00     8.4079      3.521      5.108    16.2667 0.0000e+00
      3.622      0.082     0.1607      1.667     73.489  59.230058     2.5846      7.887   108.5248 3.5781e+00     7.8732      3.554      5.154    16.1452 0.0000e+00
      3.648      0.081     0.1615      1.667     73.730  59.346683     2.4616      7.883   106.6038 3.4382e+00     7.5530      3.582      5.195    15.8807 0.0000e+00
      3.668      0.077     0.1640      1.652     73.881  59.430534     2.4318      7.879   104.5129 3.3042e+00     7.4736      3.597      5.218    15.5786 0.0000e+00
      3.685      0.073     0.1672      1.631     73.730  59.290976     2.4153      7.876   102.3450 3.1527e+00     7.4260      3.613      5.240    15.3668 0.0000e+00
      3.700      0.072     0.1666      1.618     73.513  59.056834     2.3717      7.875   100.3526 3.0386e+00     7.4894      3.631      5.267    15.2769 0.0000e+00
      3.713      0.075     0.1680      1.605     73.310  58.759318     2.2872      7.874    98.9225 2.9051e+00     7.5914      3.639      5.279    15.2378 0.0000e+00
      3.729      0.079     0.1664      1.600     73.084  58.425063     2.2254      7.872    97.8728 2.6400e+00     7.5660      3.651      5.296    15.2051 0.0000e+00
      3.754      0.081     0.1625      1.613     73.588  58.699516     2.1909      7.870    96.6951 2.3191e+00     7.4904      3.679      5.337    15.2148 0.0000e+00
      3.783      0.081     0.1630      1.618     75.031  59.727076     2.1357      7.869    95.3512 2.0597e+00     7.7017      3.713      5.383    15.1925 0.0000e+00
      3.808      0.080     0.1614      1.608     76.002  60.367426     2.0665      7.869    94.0998 1.8854e+00     8.1732      3.737      5.421    15.0722 0.0000e+00
      3.824      0.078     0.1599      1.596     75.555  59.898648     2.0360      7.869    93.0081 1.7672e+00     8.4441      3.750      5.439    14.9548 0.0000e+00
      3.839      0.078     0.1642      1.584     73.829  58.442305     2.0255      7.869    92.0461 1.6587e+00     8.4834      3.762      5.457    14.8815 0.0000e+00
      3.855      0.080     0.1642      1.584     71.965  56.860949     1.9139      7.868    91.2441 1.5661e+00     8.7499      3.782      5.486    14.8054 0.0000e+00
      3.872      0.084     0.1630      1.595     71.244  56.150476     1.7194      7.867    90.5388 1.4790e+00     9.2757      3.795      5.504    14.7057 0.0000e+00
      3.895      0.085     0.1625      1.597     70.908  55.759147     1.6129      7.866    89.7991 1.3629e+00     9.6146      3.814      5.532    14.6237 0.0000e+00
      3.927      0.084     0.1602      1.588     70.273  55.177906     1.6003      7.866    89.0111 1.2560e+00     9.7721      3.853      5.590    14.5824 0.0000e+00
      3.956      0.081     0.1609      1.580     69.988  54.902326     1.5413      7.865    88.2384 1.2013e+00    10.4974      3.885      5.636    14.5158 0.0000e+00
      3.973      0.077     0.1634      1.575     69.948  54.840586     1.4148      7.864    87.5115 1.1724e+00    11.7573      3.897      5.652    14.3985 0.0000e+00
