Data/DataNotYetUploadedToEDI/Raw_CTD/RawDownloads/080524_fcr20_S7809003.cnv
* Sea-Bird SBE19plus  Data File:
* FileName = C:\R\Reservoirs\Data\DataNotYetUploadedToEDI\Raw_CTD\RawDownloads\080524_fcr50_S7809_0003.hex
* Software version 2.8.0.119
* Temperature SN = 7809
* Conductivity SN = 7809
* System UpLoad Time = Aug 05 2024 17:27:55
* <ApplicationData>
* <Seaterm232>
# nquan = 15
# nvalues = 439                         
# units = specified
# name 0 = depFM: Depth [fresh water, m]
# name 1 = dz/dtM: Descent Rate [m/s]
# name 2 = sbeox0Mg/L: Oxygen, SBE 43 [mg/l]
# name 3 = sbeox0PS: Oxygen, SBE 43 [% saturation]
# name 4 = specc: Specific Conductance [uS/cm]
# name 5 = c0uS/cm: Conductivity [uS/cm]
# name 6 = flECO-AFL: Fluorescence, WET Labs ECO-AFL/FL [mg/m^3]
# name 7 = ph: pH
# name 8 = orp: Oxidation Reduction Potential [mV]
# name 9 = par/sat/log: PAR/Logarithmic, Satlantic
# name 10 = turbWETntu0: Turbidity, WET Labs ECO [NTU]
# name 11 = prdM: Pressure, Strain Gauge [db]
# name 12 = prdE: Pressure, Strain Gauge [psi]
# name 13 = tv290C: Temperature [ITS-90, deg C]
# name 14 = flag:  0.000e+00
# span 0 =     -0.372,      3.256       
# span 1 =     -0.039,      0.174       
# span 2 =     0.1009,     8.4126       
# span 3 =      1.094,    104.032       
# span 4 =     41.718,    111.133       
# span 5 =  43.639458,  96.096494       
# span 6 =    -0.0790,    44.5645       
# span 7 =      7.532,      7.862       
# span 8 =   -21.0656,   140.4866       
# span 9 = 1.2355e-01, 2.1742e+03       
# span 10 =    -0.3650,    74.6998      
# span 11 =     -0.375,      3.194      
# span 12 =     -0.544,      4.632      
# span 13 =    17.9898,    28.0081      
# span 14 = 0.0000e+00, 0.0000e+00      
# interval = seconds: 0.25
# start_time = Aug 05 2024 12:38:06 [Instrument's time stamp, header]
# bad_flag = -9.990e-29
*END*
[from data line 386]
      3.171      0.007     0.1315      1.348     92.085  80.405571    -0.0643      7.597    28.8838 1.8906e+00    -0.0682      3.109      4.510    18.9109 0.0000e+00
      3.174      0.007     0.1272      1.358     93.305  81.461107    -0.0665      7.591    28.2799 1.8320e+00    -0.0812      3.113      4.515    18.8436 0.0000e+00
      3.174      0.007     0.1220      1.338     94.701  82.619719    -0.0613      7.587    27.7035 1.8210e+00    -0.0482      3.113      4.513    18.7238 0.0000e+00
      3.174      0.007     0.1222      1.321     96.014  83.666592    -0.0596      7.584    27.0771 1.7555e+00    -0.0116      3.112      4.514    18.6366 0.0000e+00
      3.176      0.007     0.1265      1.310     97.264  84.642340    -0.0619      7.581    26.3847 1.6469e+00    -0.0138      3.114      4.517    18.6552 0.0000e+00
      3.178      0.008     0.1287      1.299     97.871  85.067701    -0.0558      7.578    25.6985 1.5244e+00    -0.0402      3.116      4.520    18.6637 0.0000e+00
      3.180      0.010     0.1242      1.293     97.574  84.738837    -0.0530      7.574    25.1468 1.3844e+00    -0.0575      3.118      4.522    18.6224 0.0000e+00
      3.183      0.012     0.1232      1.269     96.876  84.100633    -0.0531      7.570    24.5325 1.2147e+00    -0.0521      3.121      4.527    18.5696 0.0000e+00
      3.187      0.012     0.1234      1.236     96.276  83.584302    -0.0561      7.567    23.7784 1.0316e+00    -0.0783      3.125      4.534    18.5050 0.0000e+00
      3.192      0.012     0.1207      1.236     96.175  83.520454    -0.0647      7.563    23.0840 8.9364e-01    -0.1006      3.130      4.540    18.4477 0.0000e+00
      3.195      0.011     0.1224      1.264     96.454  83.773917    -0.0664      7.560    22.0732 8.2706e-01    -0.1175      3.134      4.545    18.4115 0.0000e+00
      3.197      0.009     0.1203      1.290     96.852  84.104883    -0.0596      7.558    20.2466 7.9043e-01    -0.1800      3.135      4.547    18.3950 0.0000e+00
      3.199      0.007     0.1135      1.297     97.498  84.660033    -0.0494      7.556    18.2924 7.5653e-01    -0.2063      3.137      4.550    18.3993 0.0000e+00
      3.200      0.007     0.1154      1.285     97.567  84.761819    -0.0430      7.554    16.8580 7.3111e-01    -0.1963      3.138      4.552    18.4199 0.0000e+00
      3.201      0.008     0.1188      1.274     96.881  84.254209    -0.0482      7.553    15.7235 6.9722e-01    -0.2296      3.138      4.552    18.4299 0.0000e+00
      3.202      0.009     0.1217      1.276     97.212  84.628613    -0.0629      7.552    14.6410 6.4560e-01    -0.3022      3.140      4.554    18.4141 0.0000e+00
      3.205      0.011     0.1227      1.276     98.371  85.663436    -0.0707      7.551    13.7509 5.8630e-01    -0.3567      3.143      4.558    18.4011 0.0000e+00
      3.208      0.013     0.1203      1.259     99.180  86.335029    -0.0594      7.549    13.2208 5.1907e-01    -0.3426      3.145      4.563    18.4232 0.0000e+00
      3.212      0.014     0.1188      1.239     99.818  86.833254    -0.0425      7.548    12.5338 4.4699e-01    -0.2683      3.150      4.569    18.4784 0.0000e+00
      3.217      0.015     0.1191      1.228    100.343  87.234652    -0.0410      7.547    11.2939 3.7755e-01    -0.2092      3.155      4.576    18.5380 0.0000e+00
      3.221      0.015     0.1209      1.225    101.651  88.325761    -0.0490      7.546     9.8459 3.2200e-01    -0.1738      3.159      4.582    18.5486 0.0000e+00
      3.225      0.015     0.1175      1.222    103.311  89.719650    -0.0490      7.544     8.4480 2.7175e-01    -0.1823      3.162      4.586    18.5227 0.0000e+00
      3.228      0.014     0.1160      1.215    104.088  90.346656    -0.0490      7.543     7.0395 2.2260e-01    -0.2097      3.165      4.591    18.4909 0.0000e+00
      3.232      0.013     0.1147      1.215    105.770  91.771753    -0.0652      7.542     5.4632 1.9081e-01    -0.1639      3.170      4.598    18.4605 0.0000e+00
      3.236      0.012     0.1150      1.215    106.579  92.443056    -0.0782      7.541     3.7581 1.6747e-01    -0.0726      3.173      4.602    18.4432 0.0000e+00
      3.238      0.011     0.1151      1.219    104.092  90.254432    -0.0653      7.540     2.0821 1.5612e-01     0.0060      3.176      4.606    18.4190 0.0000e+00
      3.241      0.010     0.1132      1.223    101.978  88.405133    -0.0419      7.539     0.6002 1.5303e-01    -0.0330      3.179      4.610    18.3894 0.0000e+00
      3.243      0.008     0.1145      1.223    102.126  88.534783    -0.0374      7.538    -0.5649 1.4298e-01    -0.1685      3.181      4.613    18.3788 0.0000e+00
      3.245      0.008     0.1137      1.217    102.889  89.213600    -0.0519      7.537    -1.5946 1.3507e-01    -0.2655      3.182      4.615    18.3654 0.0000e+00
      3.247      0.007     0.1147      1.202    103.185  89.487559    -0.0682      7.537    -2.6437 1.3037e-01    -0.3179      3.184      4.618    18.3439 0.0000e+00
      3.249      0.006     0.1150      1.192    103.273  89.557103    -0.0766      7.537    -3.7847 1.2589e-01    -0.3576      3.185      4.620    18.3386 0.0000e+00
      3.250      0.006     0.1151      1.193    103.363  89.609123    -0.0697      7.536    -4.9801 1.2384e-01    -0.3358      3.186      4.622    18.3377 0.0000e+00
      3.252      0.005     0.1147      1.165    103.392  89.607552    -0.0599      7.536    -6.0838 1.2362e-01    -0.2253      3.189      4.625    18.3482 0.0000e+00
      3.253      0.004     0.1130      1.109    104.372  90.428754    -0.0575      7.535    -7.2350 1.2359e-01    -0.1483      3.190      4.627    18.3655 0.0000e+00
      3.254      0.004     0.1109      1.094    107.589  93.175763    -0.0574      7.535    -8.4018 1.2364e-01    -0.1908      3.191      4.628    18.3580 0.0000e+00
      3.255      0.003     0.1131      1.109    111.052  96.096494    -0.0589      7.535    -9.3508 1.2369e-01    -0.2617      3.192      4.629    18.3408 0.0000e+00
      3.255      0.002     0.1123      1.117    111.133  96.026078    -0.0592      7.536   -10.2776 1.2369e-01    -0.2872      3.192      4.630    18.3305 0.0000e+00
      3.255      0.001     0.1009      1.125    108.869  93.915719    -0.0684      7.537   -11.4341 1.2373e-01    -0.3282      3.192      4.630    18.3170 0.0000e+00
      3.256      0.001     0.1019      1.130    107.161  92.343926    -0.0790      7.537   -12.6647 1.2379e-01    -0.3472      3.193      4.630    18.3023 0.0000e+00
      3.256      0.001     0.1057      1.133    106.566  91.784344    -0.0709      7.536   -13.9722 1.2378e-01    -0.3126      3.193      4.630    18.2778 0.0000e+00
      3.256      0.001     0.1045      1.147    106.678  91.858283    -0.0540      7.535   -15.3687 1.2369e-01    -0.2855      3.192      4.630    18.2016 0.0000e+00
      3.256      0.000     0.1067      1.157    107.028  92.156253    -0.0414      7.535   -16.3867 1.2362e-01    -0.2586      3.193      4.631    18.1126 0.0000e+00
      3.256 1.8796e-08     0.1071      1.141    107.195  92.332964    -0.0343      7.535   -17.0740 1.2360e-01    -0.2613      3.193      4.631    18.0739 0.0000e+00
      3.256 2.0676e-07     0.1064      1.123    107.266  92.467853    -0.0349      7.535   -17.7427 1.2362e-01    -0.3181      3.193      4.631    18.0574 0.0000e+00
      3.256 2.2516e-07     0.1081      1.121    107.820  93.023732    -0.0486      7.533   -18.3628 1.2364e-01    -0.3650      3.193      4.631    18.0471 0.0000e+00
      3.256 2.4123e-07     0.1112      1.132    109.031  94.090998    -0.0669      7.532   -18.9791 1.2364e-01    -0.3498      3.193      4.631    18.0421 0.0000e+00
      3.256 4.0994e-07     0.1076      1.161    110.020  94.872719    -0.0732      7.532   -19.7738 1.2361e-01    -0.3048      3.193      4.631    18.0557 0.0000e+00
      3.256 2.2459e-07     0.1050      1.174    110.204  94.902885    -0.0666      7.532   -20.6580 1.2358e-01    -0.2650      3.193      4.630    18.0950 0.0000e+00
      3.256 4.0499e-08     0.1063      1.168    110.134  94.773807    -0.0612      7.532   -21.0656 1.2359e-01    -0.2448      3.193      4.631    18.1443 0.0000e+00
      3.256 -9.990e-29     0.1050 -9.990e-29 -9.990e-29 -9.990e-29 -9.990e-29 -9.990e-29 -9.990e-29 1.2362e-01 -9.990e-29      3.193      4.631    18.1619 0.0000e+00
      3.256 -9.990e-29     0.1106 -9.990e-29 -9.990e-29 -9.990e-29 -9.990e-29 -9.990e-29 -9.990e-29 1.2358e-01 -9.990e-29      3.193      4.631    18.1250 0.0000e+00
      3.256 -9.990e-29     0.1127 -9.990e-29 -9.990e-29 -9.990e-29 -9.990e-29 -9.990e-29 -9.990e-29 1.2355e-01 -9.990e-29      3.193      4.631    18.0440 0.0000e+00
      3.256 -9.990e-29     0.1083 -9.990e-29 -9.990e-29 -9.990e-29 -9.990e-29 -9.990e-29 -9.990e-29 1.2355e-01 -9.990e-29      3.194      4.632    17.9898 0.0000e+00
