Data/DataNotYetUploadedToEDI/Raw_CTD/RawDownloads/080524_fcr40_S7809005.cnv
* Sea-Bird SBE19plus  Data File:
* FileName = C:\R\Reservoirs\Data\DataNotYetUploadedToEDI\Raw_CTD\RawDownloads\080524_fcr50_S7809_0005.hex
* Software version 2.8.0.119
* Temperature SN = 7809
* Conductivity SN = 7809
* System UpLoad Time = Aug 05 2024 17:28:30
* <ApplicationData>
* <Seaterm232>
# nquan = 15
# nvalues = 406                         
# units = specified
# name 0 = depFM: Depth [fresh water, m]
# name 1 = dz/dtM: Descent Rate [m/s]
# name 2 = sbeox0Mg/L: Oxygen, SBE 43 [mg/l]
# name 3 = sbeox0PS: Oxygen, SBE 43 [% saturation]
# name 4 = specc: Specific Conductance [uS/cm]
# name 5 = c0uS/cm: Conductivity [uS/cm]
# name 6 = flECO-AFL: Fluorescence, WET Labs ECO-AFL/FL [mg/m^3]
# name 7 = ph: pH
# name 8 = orp: Oxidation Reduction Potential [mV]
# name 9 = par/sat/log: PAR/Logarithmic, Satlantic
# name 10 = turbWETntu0: Turbidity, WET Labs ECO [NTU]
# name 11 = prdM: Pressure, Strain Gauge [db]
# name 12 = prdE: Pressure, Strain Gauge [psi]
# name 13 = tv290C: Temperature [ITS-90, deg C]
# name 14 = flag:  0.000e+00
# span 0 =     -0.363,      5.975       
# span 1 =     -0.059,      0.204       
# span 2 =     0.1120,     7.8825       
# span 3 =      1.246,     95.087       
# span 4 =     41.911,     76.002       
# span 5 =  43.136773,  62.716111       
# span 6 =     0.3949,    19.3850       
# span 7 =      7.839,      8.015       
# span 8 =    51.7669,   134.7241       
# span 9 = 1.2348e-01, 2.2000e+03       
# span 10 =     6.9528,   509.1711      
# span 11 =     -0.366,      5.860      
# span 12 =     -0.530,      8.500      
# span 13 =    12.3286,    28.5210      
# span 14 = 0.0000e+00, 0.0000e+00      
# interval = seconds: 0.25
# start_time = Aug 05 2024 13:00:00 [Instrument's time stamp, header]
# bad_flag = -9.990e-29
*END*
[from data line 386]
      5.967      0.008     7.4291     68.329     58.128  43.408460    16.2614      7.867   123.5647 1.2367e-01   509.1711      5.852      8.487    12.3434 0.0000e+00
      5.968      0.005     7.3930     68.155     58.078  43.379303    16.0254      7.865   123.9903 1.2363e-01   508.5645      5.853      8.489    12.3419 0.0000e+00
      5.969      0.003     7.3614     68.043     58.063  43.379877    13.4704      7.863   124.1647 1.2363e-01   495.7027      5.854      8.490    12.3369 0.0000e+00
      5.969      0.003     7.3304     68.018     58.092  43.415410     8.7812      7.861   124.3833 1.2362e-01   472.0230      5.854      8.490    12.3325 0.0000e+00
      5.970      0.002     7.3043     68.073     58.089  43.428102     6.2122      7.858   124.8259 1.2361e-01   459.0134      5.855      8.491    12.3337 0.0000e+00
      5.970      0.002     7.2861     68.206     58.040  43.406396     5.9312      7.857   125.3005 1.2365e-01   456.6648      5.855      8.491    12.3413 0.0000e+00
      5.971      0.002     7.2692     68.439     58.025  43.406886     5.4670      7.856   125.6473 1.2363e-01   443.7285      5.856      8.493    12.3522 0.0000e+00
      5.971      0.002     7.2659     68.741     58.052  43.434036     4.6695      7.854   125.9227 1.2358e-01   420.3160      5.856      8.493    12.3641 0.0000e+00
      5.971      0.002     7.2711     69.102     58.107  43.480767     4.2364      7.853   126.2209 1.2358e-01   407.3390      5.856      8.494    12.3776 0.0000e+00
      5.972      0.002     7.2787     69.523     58.161  43.527580     4.1422      7.852   126.4989 1.2360e-01   402.3859      5.857      8.495    12.3923 0.0000e+00
      5.972      0.002     7.3057     69.938     58.186  43.555723     3.4809      7.849   126.7032 1.2365e-01   359.9502      5.857      8.495    12.4029 0.0000e+00
      5.973      0.002     7.3377     70.300     58.187  43.567148     2.2661      7.846   126.7983 1.2366e-01   282.3715      5.858      8.496    12.4075 0.0000e+00
      5.973      0.002     7.3725     70.585     58.134  43.538788     1.6061      7.844   126.9603 1.2366e-01   239.9105      5.858      8.496    12.4103 0.0000e+00
      5.974      0.001     7.4231     70.836     58.106  43.530213     1.5352      7.842   127.3714 1.2367e-01   233.6510      5.859      8.497    12.4160 0.0000e+00
      5.974      0.001     7.4644     71.029     58.170  43.590433     1.2596      7.840   127.8970 1.2368e-01   205.9376      5.859      8.497    12.4248 0.0000e+00
      5.974      0.001     7.5058     71.090     58.219  43.632163     1.0035      7.839   128.1540 1.2366e-01   180.8036      5.859      8.498    12.4338 0.0000e+00
      5.974 -9.990e-29     7.5300 -9.990e-29 -9.990e-29 -9.990e-29 -9.990e-29 -9.990e-29 -9.990e-29 1.2362e-01 -9.990e-29      5.859      8.498    12.4435 0.0000e+00
      5.975 -9.990e-29     7.5545 -9.990e-29 -9.990e-29 -9.990e-29 -9.990e-29 -9.990e-29 -9.990e-29 1.2361e-01 -9.990e-29      5.859      8.498    12.4541 0.0000e+00
      5.975 -9.990e-29     7.5819 -9.990e-29 -9.990e-29 -9.990e-29 -9.990e-29 -9.990e-29 -9.990e-29 1.2364e-01 -9.990e-29      5.859      8.498    12.4665 0.0000e+00
      5.975 -9.990e-29     7.5791 -9.990e-29 -9.990e-29 -9.990e-29 -9.990e-29 -9.990e-29 -9.990e-29 1.2366e-01 -9.990e-29      5.860      8.500    12.4738 0.0000e+00
