Data/DataNotYetUploadedToEDI/Raw_CTD/RawDownloads/080524_fcr10_S7809002.cnv
* Sea-Bird SBE19plus  Data File:
* FileName = C:\R\Reservoirs\Data\DataNotYetUploadedToEDI\Raw_CTD\RawDownloads\080524_fcr50_S7809_0002.hex
* Software version 2.8.0.119
* Temperature SN = 7809
* Conductivity SN = 7809
* System UpLoad Time = Aug 05 2024 17:27:36
* <ApplicationData>
* <Seaterm232>
# nquan = 15
# nvalues = 286                         
# units = specified
# name 0 = depFM: Depth [fresh water, m]
# name 1 = dz/dtM: Descent Rate [m/s]
# name 2 = sbeox0Mg/L: Oxygen, SBE 43 [mg/l]
# name 3 = sbeox0PS: Oxygen, SBE 43 [% saturation]
# name 4 = specc: Specific Conductance [uS/cm]
# name 5 = c0uS/cm: Conductivity [uS/cm]
# name 6 = flECO-AFL: Fluorescence, WET Labs ECO-AFL/FL [mg/m^3]
# name 7 = ph: pH
# name 8 = orp: Oxidation Reduction Potential [mV]
# name 9 = par/sat/log: PAR/Logarithmic, Satlantic
# name 10 = turbWETntu0: Turbidity, WET Labs ECO [NTU]
# name 11 = prdM: Pressure, Strain Gauge [db]
# name 12 = prdE: Pressure, Strain Gauge [psi]
# name 13 = tv290C: Temperature [ITS-90, deg C]
# name 14 = flag:  0.000e+00
# span 0 =     -0.104,      2.107       
# span 1 =     -0.172,      0.101       
# span 2 =     0.6200,     8.7910       
# span 3 =      7.516,    108.895       
# span 4 =     41.977,     49.677       
# span 5 =  44.187661,  49.274942       
# span 6 =     7.8173,   211.2497       
# span 7 =      6.810,      7.378       
# span 8 =    33.5083,   131.1145       
# span 9 = 2.7685e+01, 1.4506e+03       
# span 10 =     3.6496,   109.7748      
# span 11 =     -0.112,      2.067      
# span 12 =     -0.162,      2.998      
# span 13 =    24.4917,    28.4608      
# span 14 = 0.0000e+00, 0.0000e+00      
# interval = seconds: 0.25
# start_time = Aug 05 2024 12:31:31 [Instrument's time stamp, header]
# bad_flag = -9.990e-29
*END*
[from data line 97]
      0.040     -0.016     5.7009     69.564     42.472  44.599162     9.8120      7.246    76.5805 2.7132e+02     3.7812      0.039      0.057    27.4898 0.0000e+00
      0.036     -0.017     5.6350     69.368     42.409  44.534887     9.7962      7.245    77.1817 2.7034e+02     3.7146      0.034      0.050    27.4901 0.0000e+00
      0.032     -0.013     5.5717     69.229     42.364  44.488601     9.7423      7.242    77.8075 2.7509e+02     3.6661      0.034      0.049    27.4922 0.0000e+00
      0.024     -0.005     5.5191     69.021     42.361  44.483859     9.6600      7.238    78.4681 2.8454e+02     3.7070      0.024      0.033    27.4947 0.0000e+00
      0.017      0.005     5.4861     68.811     42.418  44.541021     9.6251      7.234    78.8885 2.8568e+02     3.7992      0.013      0.018    27.4964 0.0000e+00
      0.020      0.015     5.4759     68.845     42.478  44.608453     9.6370      7.233    79.1044 2.7823e+02     3.7904      0.017      0.025    27.5006 0.0000e+00
      0.031      0.025     5.4704     69.432     42.450  44.600947     9.6535      7.233    79.5297 2.6822e+02     3.7034      0.030      0.042    27.5028 0.0000e+00
      0.044      0.035     5.4504     70.516     42.338  44.513777     9.6749      7.232    80.0737 2.5696e+02     3.6699      0.044      0.064    27.5000 0.0000e+00
      0.054      0.042     5.4294     71.611     42.250  44.443203     9.6792      7.231    80.4322 2.4872e+02     3.7266      0.055      0.080    27.4935 0.0000e+00
      0.062      0.047     5.4189     72.402     42.245  44.445907     9.6807      7.232    80.5959 2.4346e+02     3.8424      0.061      0.088    27.4913 0.0000e+00
      0.072      0.049     5.4614     72.864     42.280  44.483005     9.7172      7.236    80.6769 2.3421e+02     3.8747      0.068      0.099    27.5211 0.0000e+00
      0.087      0.049     5.5644     72.969     42.306  44.510897     9.7800      7.241    80.7225 2.2128e+02     3.8095      0.084      0.122    27.5691 0.0000e+00
      0.104      0.049     5.6556     72.703     42.322  44.529245     9.8157      7.246    80.8031 2.1017e+02     3.7716      0.104      0.152    27.5967 0.0000e+00
      0.119      0.048     5.7145     72.143     42.310  44.514422     9.8077      7.250    80.9633 2.0169e+02     3.7920      0.118      0.171    27.6011 0.0000e+00
      0.130      0.045     5.7535     71.408     42.260  44.458621     9.8578      7.254    81.1965 1.9437e+02     3.8852      0.128      0.185    27.5971 0.0000e+00
      0.140      0.041     5.7628     70.620     42.232  44.425831     9.9719      7.258    81.4717 1.8847e+02     3.9767      0.139      0.202    27.5989 0.0000e+00
      0.148      0.036     5.7382     69.878     42.243  44.435339    10.0226      7.263    81.7954 1.8386e+02     3.9754      0.145      0.211    27.6026 0.0000e+00
      0.155      0.032     5.6917     69.232     42.257  44.446626    10.0211      7.267    82.2711 1.7801e+02     3.9378      0.150      0.218    27.5992 0.0000e+00
      0.165      0.030     5.6300     68.653     42.248  44.435350    10.0287      7.270    84.4700 1.7153e+02     3.8974      0.162      0.235    27.5943 0.0000e+00
      0.175      0.030     5.5660     68.105     42.240  44.425946    10.0725      7.273    98.5738 1.6797e+02     3.8973      0.175      0.254    27.5912 0.0000e+00
      0.180      0.031     5.5059     67.591     42.272  44.459867    10.1353      7.276   110.6628 1.6670e+02     3.9365      0.177      0.257    27.5872 0.0000e+00
      0.183      0.033     5.4565     67.056     42.337  44.528102    10.1550      7.279    98.8244 1.6487e+02     3.9614      0.179      0.258    27.5839 0.0000e+00
      0.191      0.034     5.4135     66.496     42.360  44.552738    10.1521      7.282    85.9580 1.6154e+02     3.9593      0.186      0.269    27.5825 0.0000e+00
      0.203      0.035     5.3675     65.999     42.313  44.503846    10.1918      7.285    84.6722 1.5724e+02     3.9451      0.198      0.288    27.5815 0.0000e+00
      0.216      0.037     5.3307     65.573     42.256  44.444759    10.2773      7.288    84.4825 1.5317e+02     3.9601      0.213      0.309    27.5807 0.0000e+00
      0.226      0.038     5.2894     65.148     42.223  44.409604    10.3373      7.292    84.6105 1.4999e+02     3.9702      0.223      0.324    27.5803 0.0000e+00
      0.235      0.038     5.2402     64.673     42.210  44.396167    10.3508      7.295    85.0145 1.4728e+02     3.9654      0.230      0.334    27.5805 0.0000e+00
      0.243      0.037     5.2016     64.166     42.222  44.409238    10.3911      7.298    85.4963 1.4423e+02     4.0044      0.237      0.344    27.5818 0.0000e+00
      0.251      0.035     5.1704     63.690     42.252  44.440695    10.4756      7.299    85.9617 1.4085e+02     4.1344      0.246      0.357    27.5830 0.0000e+00
      0.261      0.035     5.1384     63.303     42.268  44.459140    10.5401      7.299    86.3400 1.3796e+02     4.2729      0.255      0.370    27.5832 0.0000e+00
      0.271      0.034     5.1006     63.003     42.251  44.441828    10.5708      7.300    86.8007 1.3525e+02     4.2784      0.265      0.385    27.5830 0.0000e+00
      0.281      0.033     5.0580     62.703     42.231  44.421807    10.6137      7.301    87.4012 1.3272e+02     4.2011      0.276      0.401    27.5832 0.0000e+00
      0.289      0.031     5.0192     62.345     42.216  44.407501    10.6682      7.302    87.9226 1.3115e+02     4.1584      0.284      0.411    27.5840 0.0000e+00
      0.295      0.030     4.9873     61.964     42.205  44.395805    10.6803      7.303    88.3724 1.3030e+02     4.2056      0.289      0.419    27.5850 0.0000e+00
      0.301      0.030     4.9677     61.589     42.215  44.407330    10.6768      7.305    88.7969 1.3005e+02     4.2935      0.295      0.428    27.5861 0.0000e+00
      0.307      0.030     4.9462     61.235     42.226  44.419907    10.7591      7.306    89.2684 1.3011e+02     4.2987      0.301      0.437    27.5877 0.0000e+00
      0.315      0.030     4.9152     60.927     42.227  44.420927    10.9011      7.308    89.7715 1.2987e+02     4.2342      0.308      0.448    27.5893 0.0000e+00
      0.325      0.029     4.8848     60.670     42.224  44.419659    10.9701      7.311    90.1485 1.2930e+02     4.1973      0.318      0.463    27.5901 0.0000e+00
      0.334      0.028     4.8550     60.454     42.209  44.404575    10.9611      7.313    90.5569 1.2860e+02     4.1945      0.328      0.476    27.5906 0.0000e+00
      0.342      0.026     4.8259     60.266     42.170  44.365503    10.9426      7.315    91.0951 1.2758e+02     4.2001      0.336      0.487    27.5911 0.0000e+00
      0.348      0.025     4.8015     60.068     42.134  44.328095    10.8952      7.315    91.7522 1.2633e+02     4.1969      0.342      0.497    27.5920 0.0000e+00
      0.351      0.026     4.7820     59.861     42.140  44.333122    10.8301      7.314    92.5650 1.2542e+02     4.1900      0.344      0.500    27.5932 0.0000e+00
      0.355      0.027     4.7642     59.731     42.170  44.362809    10.8043      7.313    93.2641 1.2496e+02     4.1841      0.347      0.503    27.5948 0.0000e+00
      0.361      0.030     4.7511     59.727     42.179  44.369661    10.7920      7.312    93.7527 1.2436e+02     4.1598      0.351      0.509    27.5964 0.0000e+00
      0.371      0.033     4.7364     59.797     42.163  44.352491    10.7559      7.312    94.2565 1.2296e+02     4.2037      0.361      0.525    27.5970 0.0000e+00
      0.384      0.037     4.7161     59.844     42.155  44.345641    10.7093      7.312    94.7957 1.2180e+02     4.3053      0.378      0.549    27.5959 0.0000e+00
      0.394      0.039     4.7043     59.805     42.157  44.350311    10.6853      7.312    95.2814 1.2145e+02     4.3289      0.387      0.562    27.5931 0.0000e+00
      0.402      0.040     4.7065     59.667     42.152  44.345485    10.6908      7.313    95.6552 1.2100e+02     4.2839      0.394      0.572    27.5892 0.0000e+00
      0.411      0.040     4.7153     59.456     42.157  44.350762    10.8173      7.315    95.9606 1.2021e+02     4.2404      0.404      0.585    27.5880 0.0000e+00
      0.421      0.040     4.7204     59.201     42.155  44.350638    11.0658      7.318    96.3061 1.1860e+02     4.2464      0.412      0.598    27.5918 0.0000e+00
      0.433      0.040     4.7171     58.917     42.146  44.343986    11.1983      7.321    96.7351 1.1601e+02     4.2893      0.424      0.615    27.5953 0.0000e+00
      0.445      0.040     4.7057     58.643     42.134  44.333815    11.2050      7.324    97.1901 1.1276e+02     4.3145      0.437      0.633    27.5954 0.0000e+00
      0.455      0.039     4.6875     58.407     42.093  44.291137    11.2210      7.326    97.5919 1.0907e+02     4.2778      0.447      0.648    27.5955 0.0000e+00
      0.464      0.039     4.6677     58.179     42.075  44.272293    11.2425      7.328    97.9791 1.0532e+02     4.2222      0.455      0.660    27.5981 0.0000e+00
      0.473      0.039     4.6438     57.957     42.099  44.296412    11.2572      7.331    98.4291 1.0193e+02     4.2560      0.464      0.673    27.6009 0.0000e+00
      0.482      0.040     4.6199     57.768     42.130  44.328855    11.2574      7.334    98.9902 9.9185e+01     4.3101      0.472      0.684    27.6031 0.0000e+00
      0.492      0.042     4.6039     57.635     42.146  44.347184    11.1453      7.334    99.5157 9.7101e+01     4.3308      0.481      0.698    27.6049 0.0000e+00
      0.503      0.043     4.5855     57.595     42.125  44.327595    10.9245      7.332    99.9636 9.5542e+01     4.3693      0.493      0.715    27.6049 0.0000e+00
      0.516      0.045     4.5668     57.631     42.079  44.282437    10.7938      7.330   100.6194 9.4472e+01     4.4007      0.506      0.733    27.6037 0.0000e+00
      0.528      0.048     4.5523     57.657     42.042  44.245516    10.8043      7.327   101.4233 9.3824e+01     4.4703      0.519      0.753    27.6030 0.0000e+00
      0.539      0.051     4.5395     57.640     42.058  44.262041    10.9853      7.323   102.1117 9.3425e+01     4.5622      0.529      0.768    27.6041 0.0000e+00
      0.550      0.055     4.5360     57.605     42.087  44.291804    11.2840      7.319   102.6620 9.2795e+01     4.5549      0.537      0.780    27.6075 0.0000e+00
      0.564      0.059     4.5427     57.572     42.083  44.288001    11.4284      7.318   103.0857 9.1455e+01     4.4846      0.551      0.800    27.6119 0.0000e+00
      0.581      0.063     4.5452     57.567     42.074  44.279543    11.4166      7.319   103.3631 8.9533e+01     4.4297      0.570      0.826    27.6141 0.0000e+00
      0.600      0.064     4.5425     57.614     42.047  44.253018    11.4236      7.320   103.5210 8.7110e+01     4.4372      0.589      0.853    27.6130 0.0000e+00
      0.619      0.064     4.5396     57.662     42.015  44.221178    11.5224      7.321   103.7047 8.4310e+01     4.5080      0.607      0.882    27.6122 0.0000e+00
      0.636      0.062     4.5364     57.632     42.006  44.211951    11.6622      7.322   104.0355 8.1683e+01     4.5337      0.626      0.908    27.6130 0.0000e+00
      0.651      0.058     4.5343     57.516     42.000  44.204925    11.7234      7.323   104.4240 7.9299e+01     4.4742      0.639      0.927    27.6142 0.0000e+00
      0.664      0.055     4.5392     57.320     41.995  44.199702    11.7133      7.323   104.7871 7.7051e+01     4.4044      0.651      0.944    27.6168 0.0000e+00
      0.676      0.054     4.5472     57.063     42.007  44.212281    11.6393      7.323   105.1563 7.5066e+01     4.4066      0.664      0.962    27.6192 0.0000e+00
      0.688      0.055     4.5429     56.793     42.023  44.230064    11.5198      7.323   105.4467 7.3206e+01     4.4670      0.674      0.977    27.6198 0.0000e+00
      0.702      0.057     4.5343     56.528     42.017  44.224290    11.4584      7.324   105.6315 7.1470e+01     4.5195      0.688      0.997    27.6198 0.0000e+00
      0.718      0.060     4.5186     56.270     41.998  44.205943    11.4471      7.325   105.9274 6.9964e+01     4.5285      0.704      1.021    27.6189 0.0000e+00
      0.733      0.063     4.4964     56.035     41.990  44.198659    11.4578      7.326   106.3576 6.8566e+01     4.4734      0.719      1.043    27.6182 0.0000e+00
      0.749      0.064     4.4747     55.820     41.991  44.199699    11.5123      7.327   106.7890 6.7106e+01     4.4681      0.735      1.066    27.6191 0.0000e+00
      0.767      0.062     4.4542     55.620     42.008  44.218515    11.5656      7.329   107.1858 6.5494e+01     4.5334      0.752      1.090    27.6210 0.0000e+00
      0.785      0.058     4.4327     55.458     42.024  44.235730    11.5776      7.331   107.4556 6.3892e+01     4.5449      0.770      1.117    27.6226 0.0000e+00
      0.801      0.052     4.4142     55.325     42.006  44.217428    11.5579      7.332   107.6423 6.2417e+01     4.4370      0.787      1.141    27.6234 0.0000e+00
      0.814      0.044     4.3981     55.197     41.977  44.187661    11.5346      7.335   107.8080 6.0991e+01     4.2540      0.800      1.160    27.6239 0.0000e+00
      0.824      0.037     4.3810     55.106     41.986  44.193189    11.5379      7.338   107.9962 5.9608e+01     4.2111      0.809      1.174    27.6246 0.0000e+00
      0.831      0.031     4.3676     55.627     42.111  44.284255    11.5568      7.340   108.3693 5.8417e+01     4.2941      0.815      1.183    27.6249 0.0000e+00
      0.835      0.029     4.3605     59.023     42.350  44.400036    11.5547      7.341   108.8786 5.7554e+01     4.3695      0.818      1.186    27.6259 0.0000e+00
      0.839      0.030     4.3461     67.331     42.600  44.450323    11.5198      7.342   109.3352 5.6944e+01     4.4390      0.822      1.192    27.6266 0.0000e+00
      0.846      0.034     4.3412     78.738     42.783  44.447607    11.4844      7.344   109.6735 5.6461e+01     4.4513      0.829      1.202    27.6279 0.0000e+00
      0.856      0.039     4.3150     89.638     42.885  44.430355    11.4772      7.344   109.9581 5.6044e+01     4.4149      0.839      1.216    27.6219 0.0000e+00
      0.868      0.045     4.4833     98.180     42.954  44.431975    11.4990      7.344   110.3675 5.5626e+01     4.3756      0.852      1.235    27.4635 0.0000e+00
      0.881      0.052     5.2537    104.066     42.963  44.403614    11.6645      7.342   110.9234 5.5099e+01     4.3856      0.863      1.252    27.1456 0.0000e+00
      0.894      0.059     6.3219    107.558     42.923  44.341287    11.9480      7.338   111.4309 5.4462e+01     4.4336      0.876      1.271    26.9040 0.0000e+00
      0.909      0.064     7.2419    108.895     42.910  44.313108    12.0879      7.336   111.8574 5.3753e+01     4.4439      0.891      1.293    26.7764 0.0000e+00
      0.925      0.068     7.9427    108.271     42.924  44.316782    12.1078      7.334   112.2936 5.2873e+01     4.4411      0.906      1.315    26.7008 0.0000e+00
      0.945      0.072     8.4053    106.273     42.935  44.322212    12.2878      7.333   112.6621 5.1896e+01     4.4686      0.926      1.343    26.6650 0.0000e+00
      0.967      0.074     8.6835    103.958     42.937  44.315280    12.6086      7.333   112.9576 5.1060e+01     4.5031      0.950      1.377    26.6432 0.0000e+00
      0.987      0.076     8.7910    102.106     42.931  44.296437    12.7661      7.332   113.2854 5.0441e+01     4.4811      0.969      1.405    26.6261 0.0000e+00
      1.005      0.078     8.7301    100.809     42.933  44.284784    12.7678      7.332   113.5278 4.9921e+01     4.4428      0.985      1.428    26.6149 0.0000e+00
      1.023      0.078     8.5322     99.919     42.962  44.301311    12.7463      7.332   113.7372 4.9425e+01     4.4844      1.003      1.455    26.6104 0.0000e+00
