Data/DataNotYetUploadedToEDI/Raw_CTD/RawDownloads/080524_fcr50_S7809001.cnv
* Sea-Bird SBE19plus  Data File:
* FileName = C:\R\Reservoirs\Data\DataNotYetUploadedToEDI\Raw_CTD\RawDownloads\080524_fcr50_S7809_0001.hex
* Software version 2.8.0.119
* Temperature SN = 7809
* Conductivity SN = 7809
* System UpLoad Time = Aug 05 2024 17:27:22
* <ApplicationData>
* <Seaterm232>
# nquan = 15
# nvalues = 780                         
# units = specified
# name 0 = depFM: Depth [fresh water, m]
# name 1 = dz/dtM: Descent Rate [m/s]
# name 2 = sbeox0Mg/L: Oxygen, SBE 43 [mg/l]
# name 3 = sbeox0PS: Oxygen, SBE 43 [% saturation]
# name 4 = specc: Specific Conductance [uS/cm]
# name 5 = c0uS/cm: Conductivity [uS/cm]
# name 6 = flECO-AFL: Fluorescence, WET Labs ECO-AFL/FL [mg/m^3]
# name 7 = ph: pH
# name 8 = orp: Oxidation Reduction Potential [mV]
# name 9 = par/sat/log: PAR/Logarithmic, Satlantic
# name 10 = turbWETntu0: Turbidity, WET Labs ECO [NTU]
# name 11 = prdM: Pressure, Strain Gauge [db]
# name 12 = prdE: Pressure, Strain Gauge [psi]
# name 13 = tv290C: Temperature [ITS-90, deg C]
# name 14 = flag:  0.000e+00
# span 0 =     -0.621,      9.621       
# span 1 =     -0.173,      0.198       
# span 2 =     0.1323,     8.1973       
# span 3 =      1.479,    103.574       
# span 4 =      4.372,    528.088       
# span 5 =   4.663951, 394.507768       
# span 6 =    -0.0770,    36.8478       
# span 7 =      5.679,      7.134       
# span 8 = -1240.7455,   215.7134       
# span 9 = 1.2349e-01, 1.8218e+03       
# span 10 =    -0.3105,   144.1102      
# span 11 =     -0.610,      9.435      
# span 12 =     -0.885,     13.685      
# span 13 =    12.3385,    28.3302      
# span 14 = 0.0000e+00, 0.0000e+00      
# interval = seconds: 0.25
# start_time = Aug 05 2024 11:21:50 [Instrument's time stamp, header]
# bad_flag = -9.990e-29
*END*
[from data line 386]
      2.794      0.053     0.2816      1.859     47.814  43.148346    23.4196      7.058   201.0519 2.5062e+01     8.1958      2.740      3.974    20.3361 0.0000e+00
      2.807      0.051     0.2538      1.652     47.907  43.177567    23.2302      7.061   201.6499 2.4658e+01     8.3923      2.753      3.992    20.2700 0.0000e+00
      2.819      0.050     0.2226      1.532     47.989  43.189815    22.8142      7.063   201.4390 2.4288e+01     8.9108      2.765      4.010    20.2187 0.0000e+00
      2.830      0.051     0.1928      1.479     48.045  43.169407    22.0515      7.063   201.1704 2.3918e+01     9.7852      2.775      4.025    20.1706 0.0000e+00
      2.843      0.055     0.1662      1.480     48.157  43.184619    21.5992      7.062   201.8436 2.3502e+01    10.2539      2.787      4.042    20.1179 0.0000e+00
      2.856      0.059     0.1464      1.515     48.341  43.246681    21.2898      7.061   203.0392 2.3061e+01    10.3424      2.800      4.063    20.0619 0.0000e+00
      2.871      0.061     0.1378      1.560     48.493  43.284921    18.3197      7.061   203.5809 2.2532e+01    10.7869      2.814      4.082    19.9987 0.0000e+00
      2.890      0.061     0.1323      1.618     48.679  43.392945    12.8624      7.061   203.4894 2.1848e+01    11.4606      2.832      4.107    19.9265 0.0000e+00
      2.911      0.060     0.1339      1.673     48.948  43.600602     9.8729      7.062   203.1362 2.1291e+01    11.7584      2.858      4.144    19.8403 0.0000e+00
      2.927      0.059     0.1386      1.670     49.195  43.764468     9.5574      7.062   203.0102 2.1029e+01    11.8251      2.876      4.170    19.7291 0.0000e+00
      2.936      0.058     0.1424      1.629     49.461  43.914246     9.1722      7.062   203.3429 2.0766e+01    12.8825      2.878      4.174    19.6054 0.0000e+00
      2.946      0.057     0.1476      1.614     49.761  44.078454     8.1203      7.062   203.7182 2.0369e+01    14.9103      2.887      4.188    19.5486 0.0000e+00
      2.961      0.057     0.1564      1.602     49.915  44.099384     6.9351      7.062   203.8474 1.9936e+01    16.0186      2.904      4.212    19.5511 0.0000e+00
      2.978      0.057     0.1557      1.583     49.979  44.040205     6.4280      7.062   203.8726 1.9439e+01    16.0686      2.920      4.235    19.4889 0.0000e+00
      2.996      0.057     0.1469      1.571     50.106  44.061014     6.3581      7.062   203.5068 1.8950e+01    16.0956      2.938      4.262    19.3897 0.0000e+00
      3.012      0.054     0.1500      1.568     50.211  44.096957     6.2393      7.063   202.8662 1.8573e+01    16.9606      2.955      4.286    19.2942 0.0000e+00
      3.027      0.047     0.1483      1.576     50.246  44.093856     6.0565      7.065   202.8381 1.8237e+01    18.6019      2.969      4.305    19.1723 0.0000e+00
      3.038      0.038     0.1459      1.571     50.260  44.086956     5.9714      7.066   203.1669 1.7955e+01    19.4754      2.980      4.322    19.0434 0.0000e+00
      3.046      0.029     0.1464      1.563     50.258  44.076978     5.9763      7.067   202.7974 1.7798e+01    19.5282      2.989      4.335    18.9495 0.0000e+00
      3.051      0.022     0.1441      1.577     50.216  44.036681     5.9654      7.069   201.9846 1.7729e+01    19.6160      2.993      4.341    18.9012 0.0000e+00
      3.054      0.016     0.1481      1.592     50.151  43.980583     5.9394      7.070   201.7715 1.7664e+01    19.7865      2.995      4.343    18.8684 0.0000e+00
      3.056      0.012     0.1461      1.581     50.127  43.969984     5.9369      7.070   201.9418 1.7588e+01    19.9152      2.997      4.347    18.8490 0.0000e+00
      3.059      0.009     0.1441      1.566     50.112  43.972014     5.9686      7.071   202.1517 1.7525e+01    19.9759      3.000      4.352    18.8469 0.0000e+00
      3.061      0.007     0.1467      1.568     50.058  43.941680     6.0477      7.074   202.1578 1.7465e+01    19.9064      3.002      4.354    18.8400 0.0000e+00
      3.062      0.007     0.1495      1.574     50.009  43.920615     6.1449      7.076   201.6712 1.7412e+01    19.6556      3.003      4.356    18.8393 0.0000e+00
      3.063      0.007     0.1475      1.581     49.960  43.907784     6.1778      7.077   201.3442 1.7377e+01    19.4372      3.005      4.358    18.8529 0.0000e+00
      3.064      0.009     0.1441      1.581     49.925  43.913525     6.1874      7.078   201.3015 1.7310e+01    19.4175      3.004      4.357    18.8691 0.0000e+00
      3.066      0.013     0.1463      1.566     49.975  43.990083     6.3190      7.080   201.3274 1.7200e+01    19.5877      3.007      4.361    18.8862 0.0000e+00
      3.070      0.021     0.1458      1.553     50.136  44.135240     6.5383      7.080   201.3984 1.7090e+01    19.8562      3.011      4.366    18.9043 0.0000e+00
      3.074      0.031     0.1471      1.553     50.326  44.208673     6.6411      7.080   201.4724 1.6948e+01    19.9995      3.013      4.370    18.9365 0.0000e+00
      3.080      0.042     0.1477      1.554     50.433  44.116108     6.6053      7.080   201.9639 1.6683e+01    20.0218      3.019      4.378    18.9772 0.0000e+00
      3.092      0.054     0.1452      1.555     50.289  43.840981     6.2794      7.080   202.7806 1.6268e+01    20.6373      3.031      4.395    19.0077 0.0000e+00
      3.110      0.064     0.1430      1.550     49.825  43.357483     5.6976      7.079   203.3460 1.5724e+01    21.8738      3.048      4.421    19.0503 0.0000e+00
      3.132      0.074     0.1446      1.544     49.445  42.903738     5.3800      7.076   203.4651 1.5123e+01    22.5389      3.071      4.453    18.9729 0.0000e+00
      3.154      0.081     0.1447      1.558     49.429  42.670849     5.3445      7.072   203.3606 1.4570e+01    22.5309      3.093      4.487    18.7060 0.0000e+00
      3.174      0.085     0.1457      1.590     49.602  42.572481     5.3091      7.071   203.3731 1.4054e+01    22.6653      3.112      4.514    18.5389 0.0000e+00
      3.195      0.088     0.1456      1.613     49.892  42.602662     5.0354      7.070   203.4441 1.3502e+01    24.8466      3.133      4.543    18.5330 0.0000e+00
      3.218      0.088     0.1436      1.608     50.317  42.781592     4.5405      7.070   203.2727 1.2863e+01    28.8531      3.156      4.577    18.4300 0.0000e+00
      3.242      0.088     0.1463      1.595     50.858  43.085411     4.2699      7.070   202.9354 1.2083e+01    31.0048      3.179      4.611    18.1645 0.0000e+00
      3.265      0.086     0.1508      1.593     51.484  43.483091     4.2358      7.069   201.8605 1.1178e+01    31.0839      3.202      4.644    17.8932 0.0000e+00
      3.289      0.082     0.1555      1.595     52.195  43.971725     4.1694      7.069   198.9667 1.0285e+01    30.4246      3.226      4.679    17.6791 0.0000e+00
      3.311      0.079     0.1535      1.587     53.601  45.057820     4.0664      7.070   195.0486 9.5649e+00    29.3189      3.249      4.712    17.4986 0.0000e+00
      3.330      0.078     0.1528      1.578     56.216  47.156328     4.0136      7.071   191.7416 9.0529e+00    28.7479      3.268      4.739    17.3480 0.0000e+00
      3.345      0.081     0.1527      1.584     59.730  49.981836     3.9968      7.071   189.4411 8.6248e+00    28.4392      3.280      4.757    17.2180 0.0000e+00
      3.361      0.088     0.1546      1.591     64.814  54.078250     3.8305      7.071   187.7104 8.1227e+00    25.3474      3.292      4.776    17.1128 0.0000e+00
      3.382      0.099     0.1537      1.604     69.662  57.946665     3.5184      7.070   186.0445 7.5477e+00    19.6498      3.314      4.807    17.0277 0.0000e+00
      3.410      0.113     0.1513      1.626     70.665  58.583322     3.3434      7.066   184.0977 6.9746e+00    16.5274      3.342      4.847    16.9479 0.0000e+00
      3.441      0.128     0.1544      1.640     70.155  57.902897     3.3046      7.061   181.2932 6.4055e+00    16.1868      3.372      4.891    16.8495 0.0000e+00
      3.477      0.138     0.1539      1.625     69.684  57.215184     3.0656      7.054   177.0876 5.8187e+00    15.2244      3.408      4.943    16.7255 0.0000e+00
      3.518      0.141     0.1562      1.609     66.591  54.396096     2.6259      7.046   172.3963 5.2186e+00    13.4651      3.449      5.003    16.5933 0.0000e+00
      3.560      0.139     0.1585      1.616     62.804  51.062916     2.3747      7.040   168.2789 4.6911e+00    12.5067      3.493      5.066    16.4607 0.0000e+00
      3.598      0.133     0.1630      1.624     62.775  50.826096     2.3256      7.037   164.1288 4.3222e+00    12.4157      3.531      5.122    16.2824 0.0000e+00
      3.629      0.123     0.1602      1.643     64.985  52.421579     2.1821      7.034   159.6452 4.0482e+00    12.2631      3.561      5.164    16.0436 0.0000e+00
      3.658      0.110     0.1575      1.695     64.361  51.747913     1.9473      7.032   155.5389 3.7855e+00    12.0266      3.587      5.202    15.8156 0.0000e+00
      3.684      0.097     0.1619      1.834     61.642  49.411676     1.8329      7.031   152.0796 3.5285e+00    11.9139      3.614      5.242    15.6349 0.0000e+00
      3.708      0.086     0.1612      2.101     60.826  48.621050     1.8231      7.032   148.9649 3.3021e+00    11.8224      3.638      5.277    15.4798 0.0000e+00
      3.728      0.076     0.1640      2.436     62.394  49.744711     1.8037      7.033   146.0143 3.1167e+00    11.5690      3.657      5.304    15.3293 0.0000e+00
      3.745      0.067     0.1673      2.765     64.831  51.568541     1.8065      7.034   143.1626 2.9504e+00    10.0120      3.673      5.327    15.1870 0.0000e+00
      3.760      0.060     0.1789      3.160     66.773  53.020293     1.8482      7.034   140.2967 2.8088e+00     7.2765      3.688      5.348    15.0688 0.0000e+00
      3.774      0.055     0.2090      3.711     67.473  53.517744     1.8831      7.035   137.6907 2.6943e+00     5.8213      3.701      5.368    14.9637 0.0000e+00
      3.786      0.054     0.2488      4.328     67.111  53.201253     1.8872      7.036   135.8317 2.5893e+00     5.7736      3.713      5.386    14.8586 0.0000e+00
      3.798      0.054     0.2782      4.788     66.638  52.813455     1.8072      7.037   134.1657 2.4756e+00     6.2208      3.724      5.401    14.7637 0.0000e+00
      3.810      0.055     0.3129      4.936     66.433  52.639263     1.6562      7.038   132.0017 2.3461e+00     7.0273      3.736      5.419    14.6876 0.0000e+00
      3.825      0.058     0.3733      4.786     65.878  52.174680     1.5846      7.039   129.8867 2.2346e+00     7.5315      3.751      5.440    14.6482 0.0000e+00
      3.841      0.060     0.4462      4.406     64.531  51.069825     1.5904      7.040   128.3826 2.1413e+00     7.7398      3.766      5.462    14.6289 0.0000e+00
      3.857      0.060     0.5002      3.872     62.932  49.757984     1.5264      7.042   127.3236 2.0149e+00     8.5885      3.782      5.486    14.6209 0.0000e+00
      3.874      0.060     0.5119      3.267     62.237  49.139745     1.3858      7.044   126.2036 1.8733e+00    10.0393      3.800      5.512    14.6216 0.0000e+00
      3.890      0.059     0.4950      2.675     61.943  48.801337     1.2965      7.046   124.9066 1.7670e+00    10.7974      3.816      5.534    14.5993 0.0000e+00
      3.904      0.057     0.4540      2.214     61.355  48.205741     1.2789      7.048   123.6873 1.6833e+00    10.8885      3.829      5.553    14.5662 0.0000e+00
      3.917      0.055     0.3964      1.989     61.302  48.033436     1.2735      7.052   122.8183 1.5909e+00    11.1752      3.842      5.572    14.5328 0.0000e+00
      3.932      0.054     0.3336      2.055     61.227  47.860836     1.2555      7.054   122.3150 1.4933e+00    11.5997      3.856      5.593    14.4901 0.0000e+00
      3.945      0.053     0.2679      2.348     60.583  47.261498     1.2279      7.055   122.0766 1.4137e+00    11.7854      3.869      5.612    14.3971 0.0000e+00
      3.958      0.053     0.2188      2.758     60.354  47.008613     1.2065      7.056   122.1722 1.3520e+00    11.8485      3.882      5.629    14.2758 0.0000e+00
      3.972      0.054     0.1920      3.218     60.197  46.834765     1.1805      7.058   122.2664 1.2861e+00    12.9096      3.895      5.649    14.1715 0.0000e+00
      3.986      0.057     0.2028      3.616     58.912  45.794252     1.1456      7.060   121.7531 1.2123e+00    14.9141      3.909      5.670    14.0764 0.0000e+00
      3.999      0.062     0.2394      3.876     57.334  44.521582     1.1176      7.061   121.0419 1.1367e+00    16.0335      3.921      5.687    13.9951 0.0000e+00
      4.014      0.066     0.2809      4.029     56.743  44.016327     1.0991      7.063   121.0674 1.0497e+00    16.1282      3.934      5.706    13.9336 0.0000e+00
      4.032      0.069     0.3353      4.133     56.584  43.874900     1.0890      7.065   121.2014 9.5542e-01    16.0931      3.953      5.732    13.8935 0.0000e+00
      4.053      0.071     0.3797      4.240     56.281  43.636775     1.0703      7.067   120.6828 8.6028e-01    16.0866      3.974      5.763    13.8655 0.0000e+00
      4.073      0.073     0.4050      4.477     56.067  43.422333     1.0314      7.071   119.4427 7.8066e-01    16.1176      3.996      5.795    13.8267 0.0000e+00
      4.092      0.073     0.4183      5.006     56.074  43.313272     1.0020      7.075   117.9088 7.4664e-01    16.1275      4.014      5.821    13.7700 0.0000e+00
      4.108      0.072     0.4292      5.881     56.197  43.270120     0.9806      7.076   117.2799 7.2410e-01    16.0350      4.028      5.843    13.7539 0.0000e+00
      4.125      0.070     0.4351      7.056     56.373  43.281268     0.9228      7.078   117.2584 6.7317e-01    15.4771      4.045      5.866    13.7833 0.0000e+00
      4.143      0.070     0.4520      8.510     56.541  43.320967     0.8441      7.083   116.7020 6.2135e-01    14.5060      4.064      5.893    13.7485 0.0000e+00
      4.162      0.071     0.5066     10.345     56.487  43.242208     0.8107      7.087   115.9743 5.8888e-01    13.9610      4.082      5.920    13.6223 0.0000e+00
      4.179      0.071     0.6024     12.707     56.227  43.027183     0.8195      7.091   115.9448 5.6585e-01    13.9767      4.098      5.944    13.4897 0.0000e+00
      4.197      0.071     0.7288     15.547     56.101  42.879235     0.7997      7.095   116.4314 5.4318e-01    14.1500      4.116      5.969    13.3777 0.0000e+00
      4.216      0.070     0.8775     18.477     56.255  42.913238     0.7457      7.098   117.0401 5.1728e-01    14.3145      4.134      5.996    13.2838 0.0000e+00
      4.235      0.069     1.0634     21.088     56.631  43.120841     0.7164      7.100   117.5398 4.8580e-01    14.3592      4.153      6.024    13.2632 0.0000e+00
      4.253      0.069     1.3080     23.216     57.021  43.358062     0.7204      7.102   117.8260 4.6372e-01    14.3835      4.172      6.050    13.2779 0.0000e+00
      4.269      0.070     1.6266     24.829     57.176  43.432825     0.7203      7.104   118.3496 4.5059e-01    14.5050      4.186      6.073    13.2257 0.0000e+00
      4.285      0.070     1.9562     25.965     57.166  43.390001     0.6893      7.105   119.3120 4.1785e-01    14.5986      4.201      6.093    13.1348 0.0000e+00
      4.302      0.069     2.2361     26.770     57.158  43.348047     0.6536      7.107   120.5990 3.7950e-01    14.5595      4.218      6.119    13.0624 0.0000e+00
      4.322      0.067     2.4645     27.450     57.155  43.306373     0.6467      7.110   122.1235 3.6151e-01    14.5109      4.238      6.147    13.0119 0.0000e+00
      4.342      0.065     2.6356     28.174     57.150  43.266928     0.7056      7.112   123.4628 3.5336e-01    14.4883      4.258      6.177    12.9754 0.0000e+00
