Data/DataNotYetUploadedToEDI/Raw_CTD/RawDownloads/080524_bvr50_S8188001.cnv
* Sea-Bird SBE19plus  Data File:
* FileName = C:\R\Reservoirs\Data\DataNotYetUploadedToEDI\Raw_CTD\RawDownloads\080524_bvr50_S8188_0001.hex
* Software version 2.8.0.119
* Temperature SN = 8188
* Conductivity SN = 8188
* System UpLoad Time = Aug 05 2024 18:09:47
* <ApplicationData>
* <Seaterm232>
# nquan = 16
# nvalues = 1973                        
# units = specified
# name 0 = depFM: Depth [fresh water, m]
# name 1 = dz/dtM: Descent Rate [m/s]
# name 2 = sbeox0Mg/L: Oxygen, SBE 43 [mg/l]
# name 3 = sbeox0PS: Oxygen, SBE 43 [% saturation]
# name 4 = specc: Specific Conductance [uS/cm]
# name 5 = c0uS/cm: Conductivity [uS/cm]
# name 6 = wetCDOM: Fluorescence, WET Labs CDOM [mg/m^3]
# name 7 = flECO-AFL: Fluorescence, WET Labs ECO-AFL/FL [mg/m^3]
# name 8 = flECO-AFL1: Fluorescence, WET Labs ECO-AFL/FL, 2 [mg/m^3]
# name 9 = flECO-AFL2: Fluorescence, WET Labs ECO-AFL/FL, 3 [mg/m^3]
# name 10 = par/sat/log: PAR/Logarithmic, Satlantic
# name 11 = turbWETntu0: Turbidity, WET Labs ECO [NTU]
# name 12 = prdM: Pressure, Strain Gauge [db]
# name 13 = prdE: Pressure, Strain Gauge [psi]
# name 14 = tv290C: Temperature [ITS-90, deg C]
# name 15 = flag:  0.000e+00
# span 0 =     -0.700,      9.544       
# span 1 =     -0.267,      0.106       
# span 2 =    -0.0335,    10.5852       
# span 3 =     -0.346,    133.635       
# span 4 =   -702.435,    284.475       
# span 5 =-501.548627, 200.370318       
# span 6 =   -12.4200,    66.8700       
# span 7 =    -0.3265,    84.9561       
# span 8 =    -2.1300,     2.5560       
# span 9 =   -15.2703,    20.0079       
# span 10 = 1.1585e-01, 1.4333e+03      
# span 11 =    -1.8655,   971.0340      
# span 12 =     -0.687,      9.359      
# span 13 =     -0.996,     13.574      
# span 14 =    10.2063,    27.3285      
# span 15 = 0.0000e+00, 0.0000e+00      
# interval = seconds: 0.25
# start_time = Aug 05 2024 09:21:17 [Instrument's time stamp, header]
# bad_flag = -9.990e-29
*END*
[from data line 1356]
      9.009      0.030     0.0495      0.427    113.896  80.421922    54.3600     1.9852     0.0852     1.6497 1.1605e-01     3.0290      8.835     12.814    10.3253 0.0000e+00
      9.017      0.030     0.0495      0.420     94.116  66.456188    54.3600     2.0424     0.0852     1.6497 1.1617e-01     3.0743      8.843     12.825    10.3162 0.0000e+00
      9.025      0.030     0.0493      0.414     60.542  42.761344    54.3600     2.0577     0.0852     1.6497 1.1617e-01     3.0894      8.850     12.836    10.3082 0.0000e+00
      9.032      0.031     0.0487      0.412      4.086   2.926822    54.3600     2.0386     0.0852     1.6497 1.1607e-01     3.1196      8.858     12.847    10.3014 0.0000e+00
      9.040      0.031     0.0478      0.416    -90.439 -63.761861    54.9900     2.0424     0.0852     1.6497 1.1610e-01     2.9384      8.865     12.858    10.2959 0.0000e+00
      9.048      0.031     0.0470      0.419   -248.380-175.188297    54.9900     2.1149     0.0852     1.6497 1.1610e-01     3.0592      8.873     12.869    10.2915 0.0000e+00
      9.056      0.032     0.0464      0.421   -512.056-361.206122    54.9900     2.1264     0.0852     1.6497 1.1612e-01     2.9081      8.881     12.881    10.2880 0.0000e+00
      9.064      0.032     0.0462      0.428   -676.595-477.289240    54.9900     2.1378     0.0852     1.6497 1.1600e-01     3.1498      8.889     12.892    10.2852 0.0000e+00
      9.072      0.033     0.0466      0.434   -510.605-360.202332    54.9900     2.1302     0.0852     1.6497 1.1628e-01     3.0139      8.897     12.904    10.2830 0.0000e+00
      9.081      0.034     0.0469      0.435   -245.388-173.116937    54.9900     2.1950     0.0852     1.6497 1.1612e-01     2.9837      8.905     12.916    10.2806 0.0000e+00
      9.090      0.035     0.0472      0.430    -85.797 -60.546325    54.9900     2.1950     0.0852     1.6497 1.1617e-01     2.9988      8.914     12.929    10.2779 0.0000e+00
      9.099      0.035     0.0480      0.420     10.484   7.360403    54.9900     2.1798     0.0852     1.6497 1.1620e-01     2.9232      8.923     12.942    10.2747 0.0000e+00
      9.108      0.036     0.0487      0.411     68.635  48.365844    54.9900     2.2103     0.0852     1.6497 1.1607e-01     2.9686      8.932     12.955    10.2713 0.0000e+00
      9.117      0.035     0.0488      0.408    103.614  73.024913    54.9000     2.4544     0.1278     1.6497 1.1617e-01     3.4973      8.941     12.968    10.2676 0.0000e+00
      9.127      0.034     0.0483      0.408    124.518  87.757411    54.9000     2.4926     0.1278     1.6497 1.1600e-01     3.4067      8.950     12.982    10.2634 0.0000e+00
      9.136      0.032     0.0471      0.411    137.124  96.639957    54.9000     2.4888     0.1278     1.6497 1.1597e-01     3.5275      8.959     12.995    10.2586 0.0000e+00
      9.144      0.030     0.0461      0.418    145.038 102.215177    54.9000     2.4888     0.1278     1.6497 1.1612e-01     3.3915      8.967     13.007    10.2533 0.0000e+00
      9.151      0.028     0.0458      0.423    150.116 105.791845    54.3600     2.2408     0.0852     1.6074 1.1633e-01     2.9384      8.974     13.017    10.2479 0.0000e+00
      9.158      0.025     0.0458      0.426    153.221 107.977836    54.3600     2.2370     0.0852     1.6074 1.1612e-01     2.9535      8.981     13.026    10.2432 0.0000e+00
      9.164      0.024     0.0462      0.428    155.038 109.256109    54.3600     2.2484     0.0852     1.6074 1.1600e-01     3.0290      8.986     13.034    10.2398 0.0000e+00
      9.169      0.022     0.0469      0.425    156.156 110.043520    54.3600     2.2294     0.0852     1.6074 1.1595e-01     2.9988      8.992     13.042    10.2374 0.0000e+00
      9.175      0.021     0.0475      0.418    157.025 110.656018    54.1800     2.2217     0.0852     1.5651 1.1595e-01     3.0290      8.997     13.049    10.2357 0.0000e+00
      9.180      0.021     0.0479      0.407    157.847 111.234937    54.1800     2.2370     0.0852     1.5651 1.1600e-01     3.0290      9.002     13.057    10.2343 0.0000e+00
      9.185      0.020     0.0481      0.396    158.506 111.696711    54.1800     2.2484     0.0852     1.5651 1.1612e-01     3.0290      9.007     13.064    10.2333 0.0000e+00
      9.190      0.020     0.0477      0.389    158.936 111.996515    54.1800     2.2370     0.0852     1.5651 1.1615e-01     3.0139      9.012     13.071    10.2329 0.0000e+00
      9.195      0.020     0.0469      0.388    159.197 112.178304    54.1800     2.1874     0.0852     1.5651 1.1605e-01     3.2556      9.017     13.078    10.2329 0.0000e+00
      9.200      0.020     0.0456      0.394    159.341 112.278557    53.5500     2.1645     0.0852     1.6074 1.1605e-01     3.3160      9.022     13.085    10.2327 0.0000e+00
      9.205      0.020     0.0444      0.403    159.429 112.340003    53.5500     2.1836     0.0852     1.6074 1.1607e-01     3.2405      9.027     13.093    10.2318 0.0000e+00
      9.210      0.019     0.0437      0.412    159.491 112.383030    53.5500     2.2065     0.0852     1.6074 1.1605e-01     3.3462      9.032     13.100    10.2308 0.0000e+00
      9.215      0.019     0.0436      0.417    159.563 112.433107    53.5500     2.1759     0.0852     1.6074 1.1620e-01     3.3009      9.037     13.107    10.2301 0.0000e+00
      9.219      0.018     0.0442      0.419    159.702 112.529585    53.9100     2.1721     0.0852     1.6497 1.1612e-01     3.3311      9.041     13.113    10.2296 0.0000e+00
      9.224      0.017     0.0453      0.417    159.877 112.650198    53.9100     2.1569     0.0852     1.6497 1.1610e-01     3.2405      9.046     13.119    10.2294 0.0000e+00
      9.228      0.017     0.0463      0.412    160.049 112.767121    53.9100     2.1721     0.0852     1.6497 1.1595e-01     3.2707      9.050     13.125    10.2293 0.0000e+00
      9.232      0.016     0.0469      0.406    160.194 112.865539    53.9100     2.1607     0.0852     1.6497 1.1612e-01     3.3160      9.054     13.131    10.2290 0.0000e+00
      9.236      0.016     0.0471      0.402    160.257 112.907706    53.1000     2.2027     0.0852     1.5651 1.1625e-01     3.1045      9.057     13.137    10.2285 0.0000e+00
      9.240      0.016     0.0468      0.402    160.263 112.912864    53.1000     2.1645     0.0852     1.5651 1.1615e-01     3.3915      9.061     13.143    10.2277 0.0000e+00
      9.244      0.015     0.0462      0.408    160.261 112.916385    53.1000     2.1721     0.0852     1.5651 1.1612e-01     3.1952      9.065     13.148    10.2265 0.0000e+00
      9.248      0.015     0.0456      0.413    160.246 112.911210    53.1000     2.1836     0.0852     1.5651 1.1617e-01     3.5124      9.069     13.154    10.2252 0.0000e+00
      9.252      0.015     0.0451      0.418    160.213 112.891960    53.1000     2.1874     0.0852     1.5651 1.1610e-01     3.4671      9.073     13.159    10.2245 0.0000e+00
      9.255      0.015     0.0451      0.425    160.178 112.869498    52.8300     2.1950     0.0852     1.4805 1.1602e-01     3.5426      9.076     13.164    10.2250 0.0000e+00
      9.259      0.015     0.0457      0.431    160.171 112.865831    52.8300     2.1645     0.0852     1.4805 1.1628e-01     3.4822      9.080     13.170    10.2264 0.0000e+00
      9.262      0.015     0.0463      0.435    160.203 112.887980    52.8300     2.2370     0.0852     1.4805 1.1610e-01     3.5426      9.084     13.175    10.2281 0.0000e+00
      9.266      0.015     0.0469      0.436    160.222 112.901858    52.8300     2.2294     0.0852     1.4805 1.1605e-01     3.6030      9.087     13.180    10.2294 0.0000e+00
      9.270      0.015     0.0477      0.437    160.193 112.883168    53.0100     2.2294     0.0852     1.5228 1.1620e-01     3.4671      9.091     13.185    10.2301 0.0000e+00
      9.274      0.015     0.0484      0.438    160.171 112.868921    53.0100     2.2446     0.0852     1.5228 1.1587e-01     3.5426      9.094     13.191    10.2304 0.0000e+00
      9.278      0.015     0.0489      0.436    160.198 112.889312    53.0100     2.1988     0.0852     1.5228 1.1617e-01     3.7390      9.098     13.196    10.2304 0.0000e+00
      9.281      0.015     0.0490      0.432    160.235 112.915785    53.0100     2.1874     0.0852     1.5228 1.1602e-01     3.7541      9.102     13.202    10.2306 0.0000e+00
      9.285      0.015     0.0491      0.431    160.244 112.921404    53.2800     2.1912     0.0852     1.6074 1.1620e-01     3.6937      9.106     13.207    10.2310 0.0000e+00
      9.289      0.014     0.0492      0.433    160.219 112.903667    53.2800     2.1874     0.0852     1.6074 1.1607e-01     3.7994      9.109     13.212    10.2316 0.0000e+00
      9.293      0.014     0.0489      0.432    160.136 112.845847    53.2800     2.1798     0.0852     1.6074 1.1595e-01     3.7390      9.113     13.217    10.2319 0.0000e+00
      9.296      0.013     0.0485      0.428    159.996 112.748522    53.2800     2.1721     0.0852     1.6074 1.1628e-01     3.6937      9.116     13.222    10.2319 0.0000e+00
      9.300      0.013     0.0484      0.426    159.868 112.659728    53.2800     2.1798     0.1278     1.8612 1.1602e-01     3.7239      9.120     13.227    10.2318 0.0000e+00
      9.303      0.012     0.0485      0.420    159.784 112.601780    53.2800     2.1492     0.1278     1.8612 1.1612e-01     3.6937      9.123     13.232    10.2318 0.0000e+00
      9.306      0.011     0.0484      0.412    159.690 112.537229    53.2800     2.1912     0.1278     1.8612 1.1620e-01     3.6786      9.126     13.236    10.2320 0.0000e+00
      9.308      0.010     0.0481      0.405    159.534 112.428864    53.2800     2.3476     0.1278     1.8612 1.1612e-01     3.7692      9.128     13.239    10.2323 0.0000e+00
      9.311      0.010     0.0478      0.402    159.347 112.299778    53.2800     2.3438     0.1278     1.8612 1.1612e-01     3.7541      9.130     13.243    10.2327 0.0000e+00
      9.313      0.009     0.0472      0.400    159.196 112.197535    52.2900     2.3667     0.0852     1.6920 1.1607e-01     3.6937      9.133     13.246    10.2331 0.0000e+00
      9.315      0.009     0.0462      0.405    159.090 112.126865    52.2900     2.3591     0.0852     1.6920 1.1595e-01     3.6937      9.135     13.249    10.2336 0.0000e+00
      9.318      0.009     0.0455      0.414    159.020 112.082921    52.2900     2.4964     0.0852     1.6920 1.1590e-01     4.1922      9.137     13.253    10.2342 0.0000e+00
      9.320      0.009     0.0451      0.421    159.015 112.085977    52.2900     2.4926     0.0852     1.6920 1.1610e-01     4.2224      9.140     13.256    10.2352 0.0000e+00
      9.322      0.009     0.0449      0.424    159.092 112.146846    52.8300     2.4849     0.0852     1.5228 1.1605e-01     4.2526      9.142     13.259    10.2364 0.0000e+00
      9.325      0.009     0.0454      0.423    159.199 112.227772    52.8300     2.4811     0.0852     1.5228 1.1605e-01     4.2828      9.144     13.263    10.2377 0.0000e+00
      9.327      0.009     0.0465      0.418    159.294 112.298344    52.8300     2.7291     0.0852     1.5228 1.1623e-01     4.4792      9.147     13.266    10.2393 0.0000e+00
      9.329      0.009     0.0473      0.415    159.392 112.367384    52.8300     2.7253     0.0852     1.5228 1.1612e-01     4.4339      9.149     13.269    10.2413 0.0000e+00
      9.331      0.009     0.0475      0.417    159.495 112.437304    52.6500     2.7520     0.0852     1.5228 1.1620e-01     4.4792      9.151     13.272    10.2435 0.0000e+00
      9.334      0.009     0.0474      0.420    159.621 112.522751    52.6500     2.7253     0.0852     1.5228 1.1615e-01     4.4792      9.153     13.276    10.2453 0.0000e+00
      9.336      0.009     0.0469      0.427    159.737 112.604517    52.6500     3.5416     0.0852     1.5228 1.1607e-01     5.6424      9.156     13.279    10.2463 0.0000e+00
      9.338      0.009     0.0466      0.438    159.751 112.620417    52.6500     3.5264     0.0852     1.5228 1.1585e-01     5.6424      9.158     13.283    10.2464 0.0000e+00
      9.341      0.009     0.0468      0.448    159.661 112.570694    52.6500     3.5149     0.0852     1.5228 1.1600e-01     5.7330      9.160     13.286    10.2455 0.0000e+00
      9.343      0.009     0.0471      0.453    159.522 112.492080    52.3800     3.5302     0.1278     1.7343 1.1610e-01     5.7481      9.163     13.289    10.2445 0.0000e+00
      9.346      0.009     0.0479      0.452    159.342 112.387610    52.3800     5.1782     0.1278     1.7343 1.1617e-01     8.5579      9.165     13.293    10.2445 0.0000e+00
      9.348      0.008     0.0491      0.447    159.144 112.267421    52.3800     5.1515     0.1278     1.7343 1.1615e-01     8.4824      9.167     13.296    10.2464 0.0000e+00
      9.350      0.008     0.0502      0.441    158.949 112.141454    52.3800     5.1515     0.1278     1.7343 1.1630e-01     8.4371      9.169     13.298    10.2507 0.0000e+00
      9.352      0.007     0.0508      0.432    158.724 111.988118    52.3800     5.2049     0.0852     1.6497 1.1617e-01     8.5428      9.171     13.301    10.2569 0.0000e+00
      9.353      0.007     0.0507      0.420    158.499 111.828510    52.3800     7.6959     0.0852     1.6497 1.1592e-01    12.9237      9.173     13.304    10.2639 0.0000e+00
      9.355      0.006     0.0501      0.411    158.310 111.688056    52.3800     7.6997     0.0852     1.6497 1.1617e-01    13.0899      9.174     13.306    10.2698 0.0000e+00
      9.356      0.006     0.0495      0.406    158.124 111.545298    52.3800     7.7226     0.0852     1.6497 1.1612e-01    13.0748      9.176     13.308    10.2736 0.0000e+00
      9.358      0.006     0.0485      0.403    157.969 111.426152    52.4700     7.6883     0.1278     1.6920 1.1605e-01    13.0294      9.177     13.310    10.2752 0.0000e+00
      9.359      0.006     0.0471      0.398    157.898 111.372828    52.4700     9.0845     0.1278     1.6920 1.1623e-01    15.8997      9.178     13.312    10.2750 0.0000e+00
      9.361      0.006     0.0461      0.392    157.860 111.349113    52.4700     9.0730     0.1278     1.6920 1.1612e-01    15.8090      9.180     13.314    10.2727 0.0000e+00
      9.362      0.007     0.0455      0.392    157.803 111.314690    52.4700     9.0616     0.1278     1.6920 1.1617e-01    15.8846      9.181     13.316    10.2691 0.0000e+00
      9.364      0.007     0.0451      0.402    157.808 111.320367    52.2900     9.1112     0.0852     1.3959 1.1612e-01    15.9148      9.183     13.319    10.2660 0.0000e+00
      9.366      0.008     0.0446      0.415    157.996 111.445639    52.2900    14.5243     0.0852     1.3959 1.1617e-01    36.9127      9.185     13.321    10.2649 0.0000e+00
      9.368      0.008     0.0440      0.426    158.378 111.699919    52.2900    14.5167     0.0852     1.3959 1.1617e-01    36.8825      9.187     13.324    10.2659 0.0000e+00
      9.370      0.009     0.0440      0.433    158.897 112.045038    52.2900    14.5014     0.0852     1.3959 1.1605e-01    37.0185      9.189     13.327    10.2678 0.0000e+00
      9.372      0.009     0.0451      0.436    159.499 112.449052    52.2900    14.5129     0.0852     1.3959 1.1620e-01    37.0336      9.191     13.330    10.2684 0.0000e+00
      9.375      0.009     0.0466      0.434    160.070 112.833728    51.2100     3.7286     0.1278     1.3536 1.1630e-01    44.7076      9.194     13.334    10.2662 0.0000e+00
      9.377      0.009     0.0478      0.427    160.504 113.125673    51.2100     3.6942     0.1278     1.3536 1.1607e-01    44.6925      9.196     13.338    10.2614 0.0000e+00
      9.380      0.009     0.0486      0.423    160.818 113.336750    51.2100     3.7209     0.1278     1.3536 1.1607e-01    44.6170      9.198     13.341    10.2550 0.0000e+00
      9.382      0.009     0.0490      0.423    161.031 113.481249    51.2100     3.7247     0.1278     1.3536 1.1635e-01    44.7227      9.201     13.345    10.2484 0.0000e+00
