Data/DataNotYetUploadedToEDI/Raw_CTD/RawDownloads/080524_fcr50_S7809001.cnv
* Sea-Bird SBE19plus  Data File:
* FileName = C:\R\Reservoirs\Data\DataNotYetUploadedToEDI\Raw_CTD\RawDownloads\080524_fcr50_S7809_0001.hex
* Software version 2.8.0.119
* Temperature SN = 7809
* Conductivity SN = 7809
* System UpLoad Time = Aug 05 2024 17:27:22
* <ApplicationData>
* <Seaterm232>
# nquan = 15
# nvalues = 780                         
# units = specified
# name 0 = depFM: Depth [fresh water, m]
# name 1 = dz/dtM: Descent Rate [m/s]
# name 2 = sbeox0Mg/L: Oxygen, SBE 43 [mg/l]
# name 3 = sbeox0PS: Oxygen, SBE 43 [% saturation]
# name 4 = specc: Specific Conductance [uS/cm]
# name 5 = c0uS/cm: Conductivity [uS/cm]
# name 6 = flECO-AFL: Fluorescence, WET Labs ECO-AFL/FL [mg/m^3]
# name 7 = ph: pH
# name 8 = orp: Oxidation Reduction Potential [mV]
# name 9 = par/sat/log: PAR/Logarithmic, Satlantic
# name 10 = turbWETntu0: Turbidity, WET Labs ECO [NTU]
# name 11 = prdM: Pressure, Strain Gauge [db]
# name 12 = prdE: Pressure, Strain Gauge [psi]
# name 13 = tv290C: Temperature [ITS-90, deg C]
# name 14 = flag:  0.000e+00
# span 0 =     -0.621,      9.621       
# span 1 =     -0.173,      0.198       
# span 2 =     0.1323,     8.1973       
# span 3 =      1.479,    103.574       
# span 4 =      4.372,    528.088       
# span 5 =   4.663951, 394.507768       
# span 6 =    -0.0770,    36.8478       
# span 7 =      5.679,      7.134       
# span 8 = -1240.7455,   215.7134       
# span 9 = 1.2349e-01, 1.8218e+03       
# span 10 =    -0.3105,   144.1102      
# span 11 =     -0.610,      9.435      
# span 12 =     -0.885,     13.685      
# span 13 =    12.3385,    28.3302      
# span 14 = 0.0000e+00, 0.0000e+00      
# interval = seconds: 0.25
# start_time = Aug 05 2024 11:21:50 [Instrument's time stamp, header]
# bad_flag = -9.990e-29
*END*
[from data line 579]
      5.842      0.068     7.8610     73.232     58.458  43.683137     0.5933      7.123   185.2429 1.2360e-01    15.2968      5.729      8.311    12.3608 0.0000e+00
      5.858      0.066     7.8587     73.215     58.443  43.671796     0.5978      7.123   185.6568 1.2353e-01    15.3516      5.747      8.335    12.3607 0.0000e+00
      5.868      0.064     7.8434     73.240     58.457  43.683251     0.6064      7.122   185.5356 1.2353e-01    15.3556      5.755      8.347    12.3605 0.0000e+00
      5.880      0.060     7.8321     73.278     58.471  43.694688     0.6061      7.121   185.4116 1.2359e-01    15.2428      5.762      8.358    12.3601 0.0000e+00
      5.899      0.055     7.8252     73.320     58.455  43.683127     0.5940      7.121   186.2221 1.2362e-01    15.1152      5.783      8.386    12.3596 0.0000e+00
      5.921      0.050     7.8228     73.385     58.436  43.670421     0.5938      7.121   187.5918 1.2359e-01    15.0425      5.810      8.426    12.3594 0.0000e+00
      5.936      0.048     7.8275     73.434     58.431  43.668018     0.6202      7.121   188.0342 1.2361e-01    15.0471      5.826      8.449    12.3604 0.0000e+00
      5.941      0.045     7.8321     73.436     58.412  43.654065     0.6627      7.121   188.0436 1.2370e-01    15.1029      5.826      8.450    12.3611 0.0000e+00
      5.944      0.042     7.8339     73.426     58.379  43.628675     0.6755      7.120   187.9638 1.2374e-01    15.1020      5.827      8.451    12.3615 0.0000e+00
      5.953      0.040     7.8431     73.389     58.362  43.614940     0.6665      7.120   188.1023 1.2369e-01    15.0698      5.836      8.464    12.3635 0.0000e+00
      5.968      0.041     7.8512     73.322     58.363  43.614940     0.6540      7.120   189.1152 1.2364e-01    15.1238      5.852      8.488    12.3649 0.0000e+00
      5.983      0.045     7.8464     73.263     58.383  43.628675     0.6231      7.120   189.9717 1.2369e-01    15.2416      5.868      8.511    12.3644 0.0000e+00
      5.993      0.047     7.8482     73.189     58.417  43.654055     0.6091      7.120   190.1137 1.2368e-01    15.3333      5.878      8.526    12.3638 0.0000e+00
      6.003      0.045     7.8454     73.108     58.436  43.667904     0.6024      7.120   190.0567 1.2359e-01    15.3439      5.886      8.538    12.3633 0.0000e+00
      6.015      0.043     7.8337     73.073     58.438  43.669164     0.5836      7.120   190.0576 1.2354e-01    15.2333      5.899      8.555    12.3623 0.0000e+00
      6.027      0.043     7.8309     73.049     58.438  43.669288     0.5808      7.120   190.2098 1.2353e-01    15.0889      5.911      8.573    12.3613 0.0000e+00
      6.037      0.045     7.8237     73.009     58.438  43.669403     0.5933      7.120   190.5199 1.2361e-01    15.0675      5.921      8.588    12.3612 0.0000e+00
      6.046      0.049     7.8094     72.977     58.439  43.670548     0.6107      7.120   190.9683 1.2366e-01    15.1451      5.929      8.599    12.3609 0.0000e+00
      6.057      0.053     7.8097     72.960     58.456  43.683138     0.6157      7.121   191.5013 1.2364e-01    15.1731      5.937      8.611    12.3604 0.0000e+00
      6.072      0.056     7.8088     72.958     58.471  43.694679     0.6122      7.121   191.2855 1.2364e-01    15.1671      5.953      8.634    12.3605 0.0000e+00
      6.091      0.061     7.8018     72.977     58.456  43.683138     0.6262      7.121   190.4244 1.2364e-01    15.2431      5.973      8.665    12.3608 0.0000e+00
      6.108      0.066     7.7991     73.004     58.439  43.670548     0.6523      7.121   190.3820 1.2366e-01    15.3412      5.991      8.689    12.3615 0.0000e+00
      6.123      0.070     7.7972     73.029     58.438  43.669404     0.6704      7.121   191.1172 1.2368e-01    15.3625      6.005      8.708    12.3618 0.0000e+00
      6.140      0.074     7.7961     73.067     58.438  43.669300     0.6533      7.121   191.9137 1.2369e-01    15.2614      6.020      8.731    12.3613 0.0000e+00
      6.159      0.079     7.7989     73.112     58.438  43.669291     0.6124      7.120   191.9253 1.2374e-01    15.1094      6.040      8.760    12.3611 0.0000e+00
      6.180      0.084     7.8031     73.149     58.438  43.669290     0.5918      7.119   190.9988 1.2375e-01    15.0616      6.060      8.790    12.3612 0.0000e+00
      6.203      0.086     7.8036     73.168     58.438  43.669289     0.5874      7.118   190.6921 1.2372e-01    15.0934      6.082      8.821    12.3606 0.0000e+00
      6.227      0.085     7.8091     73.162     58.438  43.669280     0.6010      7.117   191.4010 1.2369e-01    15.1175      6.106      8.855    12.3604 0.0000e+00
      6.252      0.081     7.8143     73.149     58.438  43.669175     0.6143      7.117   191.9988 1.2367e-01    15.1141      6.132      8.894    12.3607 0.0000e+00
      6.275      0.075     7.8181     73.124     58.436  43.668020     0.5986      7.118   192.0692 1.2365e-01    15.0871      6.156      8.930    12.3609 0.0000e+00
      6.292      0.069     7.8216     73.076     58.418  43.655315     0.5941      7.118   191.9940 1.2358e-01    15.0636      6.172      8.952    12.3606 0.0000e+00
      6.305      0.064     7.8186     73.014     58.401  43.642515     0.6096      7.117   191.9503 1.2353e-01    15.0697      6.182      8.966    12.3604 0.0000e+00
      6.317      0.060     7.8183     72.943     58.397  43.640207     0.6200      7.117   191.9709 1.2353e-01    15.1270      6.194      8.983    12.3608 0.0000e+00
      6.331      0.059     7.8165     72.901     58.380  43.627417     0.6200      7.117   192.2429 1.2358e-01    15.1410      6.209      9.005    12.3615 0.0000e+00
      6.348      0.059     7.8094     72.878     58.362  43.614827     0.6172      7.117   192.9159 1.2367e-01    15.0678      6.224      9.028    12.3613 0.0000e+00
      6.366      0.060     7.8050     72.822     58.362  43.614930     0.6116      7.117   193.6544 1.2375e-01    15.0280      6.242      9.055    12.3613 0.0000e+00
      6.382      0.061     7.7937     72.755     58.382  43.628665     0.6026      7.116   193.9459 1.2376e-01    15.0690      6.260      9.079    12.3620 0.0000e+00
      6.395      0.061     7.7892     72.717     58.416  43.653941     0.6085      7.116   193.9445 1.2374e-01    15.1544      6.271      9.095    12.3623 0.0000e+00
      6.409      0.062     7.7914     72.697     58.433  43.666635     0.6162      7.116   194.4980 1.2368e-01    15.2068      6.284      9.114    12.3629 0.0000e+00
      6.425      0.066     7.7826     72.667     58.417  43.655199     0.6033      7.117   195.6479 1.2361e-01    15.2238      6.301      9.139    12.3629 0.0000e+00
      6.441      0.072     7.7738     72.661     58.400  43.642619     0.5858      7.117   196.2328 1.2361e-01    15.2573      6.316      9.161    12.3619 0.0000e+00
      6.458      0.077     7.7703     72.704     58.399  43.641476     0.5879      7.117   195.9773 1.2367e-01    15.3047      6.332      9.184    12.3613 0.0000e+00
      6.480      0.080     7.7711     72.781     58.400  43.641371     0.6035      7.117   195.5700 1.2369e-01    15.3537      6.352      9.213    12.3617 0.0000e+00
      6.505      0.081     7.7646     72.863     58.402  43.641353     0.6086      7.118   195.8685 1.2363e-01    15.3712      6.381      9.254    12.3623 0.0000e+00
      6.530      0.080     7.7630     72.915     58.403  43.641258     0.5995      7.118   196.8332 1.2362e-01    15.2777      6.406      9.292    12.3625 0.0000e+00
      6.549      0.077     7.7692     72.947     58.402  43.640217     0.5933      7.117   197.5118 1.2363e-01    15.1102      6.423      9.317    12.3621 0.0000e+00
      6.566      0.072     7.7772     72.979     58.386  43.628771     0.5918      7.116   197.7067 1.2361e-01    15.0540      6.439      9.339    12.3613 0.0000e+00
      6.583      0.067     7.7898     73.009     58.387  43.629811     0.5982      7.115   197.7270 1.2361e-01    15.1451      6.456      9.363    12.3596 0.0000e+00
      6.599      0.063     7.7935     73.036     58.417  43.652799     0.6372      7.115   197.6714 1.2362e-01    15.2899      6.472      9.387    12.3583 0.0000e+00
      6.616      0.060     7.7963     73.064     58.417  43.652809     0.6890      7.116   197.6361 1.2364e-01    15.3354      6.489      9.411    12.3590 0.0000e+00
      6.631      0.060     7.7999     73.095     58.386  43.629926     0.7075      7.116   197.9029 1.2368e-01    15.2512      6.505      9.433    12.3599 0.0000e+00
      6.644      0.059     7.8029     73.138     58.385  43.630039     0.7035      7.115   198.4018 1.2370e-01    15.2626      6.516      9.451    12.3599 0.0000e+00
      6.658      0.057     7.8061     73.214     58.416  43.654171     0.6905      7.115   198.7640 1.2371e-01    15.3016      6.527      9.467    12.3593 0.0000e+00
      6.675      0.054     7.8085     73.291     58.434  43.667803     0.6745      7.115   198.5826 1.2375e-01    15.2453      6.545      9.492    12.3592 0.0000e+00
      6.691      0.053     7.8125     73.300     58.432  43.667907     0.6780      7.115   198.1874 1.2378e-01    15.1963      6.563      9.519    12.3603 0.0000e+00
      6.703      0.055     7.8142     73.240     58.409  43.655430     0.6828      7.115   198.2876 1.2376e-01    15.1193      6.574      9.535    12.3615 0.0000e+00
      6.713      0.058     7.8240     73.170     58.388  43.643898     0.6733      7.115   198.5892 1.2371e-01    15.1343      6.583      9.547    12.3620 0.0000e+00
      6.725      0.061     7.8364     73.113     58.403  43.655431     0.6723      7.115   198.9084 1.2368e-01    15.3088      6.592      9.562    12.3614 0.0000e+00
      6.741      0.063     7.8368     73.057     58.426  43.667927     0.6778      7.115   198.9644 1.2365e-01    15.4533      6.609      9.584    12.3623 0.0000e+00
      6.761      0.064     7.8262     73.003     58.432  43.668032     0.6818      7.115   198.5779 1.2360e-01    15.4807      6.631      9.616    12.3674 0.0000e+00
      6.782      0.064     7.8169     72.951     58.421  43.656691     0.6792      7.115   198.5366 1.2362e-01    15.4362      6.652      9.648    12.3727 0.0000e+00
      6.800      0.059     7.8125     72.928     58.425  43.657749     0.6707      7.114   198.9819 1.2369e-01    15.4269      6.671      9.675    12.3725 0.0000e+00
      6.814      0.052     7.8061     72.968     58.457  43.680823     0.6707      7.113   199.4010 1.2372e-01    15.4707      6.684      9.694    12.3672 0.0000e+00
      6.825      0.044     7.8025     73.051     58.459  43.681759     0.6713      7.113   199.5604 1.2372e-01    15.5221      6.693      9.708    12.3624 0.0000e+00
      6.834      0.038     7.7958     73.121     58.441  43.669065     0.6622      7.112   199.5327 1.2367e-01    15.5014      6.702      9.720    12.3601 0.0000e+00
      6.841      0.033     7.7915     73.176     58.418  43.654298     0.6361      7.112   199.5825 1.2361e-01    15.3908      6.709      9.731    12.3589 0.0000e+00
      6.848      0.032     7.7967     73.239     58.379  43.630165     0.6129      7.112   199.8183 1.2362e-01    15.3472      6.716      9.741    12.3581 0.0000e+00
      6.855      0.035     7.8094     73.294     58.374  43.631186     0.6146      7.112   200.0609 1.2365e-01    15.3841      6.723      9.751    12.3576 0.0000e+00
      6.863      0.041     7.8163     73.333     58.418  43.666658     0.6225      7.111   200.1922 1.2370e-01    15.3924      6.730      9.762    12.3578 0.0000e+00
      6.872      0.047     7.8193     73.366     58.436  43.678200     0.6250      7.111   200.3727 1.2372e-01    15.3789      6.738      9.772    12.3599 0.0000e+00
      6.885      0.054     7.8279     73.388     58.394  43.643776     0.6286      7.112   200.6955 1.2364e-01    15.3578      6.749      9.789    12.3640 0.0000e+00
      6.902      0.060     7.8322     73.388     58.381  43.631300     0.6413      7.113   200.9972 1.2362e-01    15.3760      6.768      9.816    12.3702 0.0000e+00
      6.921      0.065     7.8357     73.385     58.416  43.654297     0.6618      7.112   201.1816 1.2373e-01    15.4285      6.789      9.845    12.3730 0.0000e+00
      6.939      0.068     7.8392     73.385     58.437  43.667929     0.6609      7.111   201.3766 1.2378e-01    15.4464      6.806      9.871    12.3693 0.0000e+00
      6.956      0.070     7.8445     73.389     58.441  43.669169     0.6304      7.111   201.6336 1.2373e-01    15.4205      6.821      9.893    12.3663 0.0000e+00
      6.973      0.070     7.8422     73.409     58.442  43.669281     0.6014      7.111   201.8801 1.2368e-01    15.3549      6.837      9.917    12.3647 0.0000e+00
      6.992      0.071     7.8425     73.409     58.442  43.669282     0.5934      7.111   202.1204 1.2366e-01    15.3374      6.856      9.946    12.3620 0.0000e+00
      7.009      0.072     7.8440     73.386     58.443  43.669179     0.6082      7.110   202.3024 1.2366e-01    15.4474      6.874      9.970    12.3599 0.0000e+00
      7.027      0.072     7.8416     73.383     58.443  43.668035     0.6216      7.110   202.4452 1.2363e-01    15.5925      6.889      9.992    12.3590 0.0000e+00
      7.047      0.073     7.8477     73.391     58.427  43.655445     0.6224      7.109   202.6431 1.2370e-01    15.6224      6.910     10.022    12.3583 0.0000e+00
      7.067      0.076     7.8478     73.381     58.411  43.643904     0.6177      7.108   202.8876 1.2375e-01    15.5699      6.932     10.053    12.3578 0.0000e+00
      7.084      0.081     7.8419     73.374     58.425  43.655444     0.6150      7.108   203.1651 1.2370e-01    15.5043      6.948     10.077    12.3574 0.0000e+00
      7.100      0.086     7.8426     73.376     58.441  43.668025     0.6226      7.108   203.4171 1.2366e-01    15.4098      6.960     10.096    12.3566 0.0000e+00
      7.121      0.090     7.8466     73.366     58.444  43.669065     0.6257      7.108   203.5257 1.2364e-01    15.3492      6.980     10.124    12.3554 0.0000e+00
      7.149      0.093     7.8427     73.356     58.444  43.668025     0.6197      7.108   203.5313 1.2361e-01    15.3180      7.010     10.167    12.3564 0.0000e+00
      7.179      0.095     7.8413     73.342     58.427  43.655444     0.6095      7.107   203.6574 1.2359e-01    15.2715      7.042     10.213    12.3584 0.0000e+00
      7.207      0.095     7.8442     73.318     58.412  43.643894     0.6180      7.107   203.8459 1.2361e-01    15.4020      7.070     10.255    12.3580 0.0000e+00
      7.228      0.094     7.8408     73.298     58.427  43.655331     0.6562      7.107   203.9170 1.2368e-01    15.7011      7.090     10.283    12.3568 0.0000e+00
      7.248      0.091     7.8410     73.285     58.442  43.666777     0.6798      7.107   204.0861 1.2370e-01    15.8813      7.106     10.306    12.3561 0.0000e+00
      7.269      0.086     7.8403     73.285     58.425  43.655331     0.6786      7.107   204.4276 1.2366e-01    15.8730      7.126     10.336    12.3555 0.0000e+00
      7.293      0.082     7.8360     73.280     58.408  43.643892     0.6662      7.107   204.6046 1.2361e-01    15.6007      7.152     10.375    12.3553 0.0000e+00
      7.318      0.080     7.8352     73.268     58.421  43.655433     0.6548      7.107   204.5058 1.2355e-01    15.2196      7.178     10.411    12.3555 0.0000e+00
      7.338      0.077     7.8317     73.273     58.437  43.667921     0.6664      7.107   204.4380 1.2355e-01    15.0901      7.197     10.438    12.3557 0.0000e+00
      7.355      0.073     7.8337     73.293     58.438  43.667921     0.6813      7.107   204.8172 1.2363e-01    15.1290      7.212     10.460    12.3573 0.0000e+00
      7.371      0.071     7.8326     73.303     58.423  43.655435     0.6607      7.107   205.3910 1.2368e-01    15.1088      7.227     10.483    12.3589 0.0000e+00
