Data/DataNotYetUploadedToEDI/Raw_CTD/RawDownloads/080524_bvr50_S8188001.cnv
* Sea-Bird SBE19plus  Data File:
* FileName = C:\R\Reservoirs\Data\DataNotYetUploadedToEDI\Raw_CTD\RawDownloads\080524_bvr50_S8188_0001.hex
* Software version 2.8.0.119
* Temperature SN = 8188
* Conductivity SN = 8188
* System UpLoad Time = Aug 05 2024 18:09:47
* <ApplicationData>
* <Seaterm232>
# nquan = 16
# nvalues = 1973                        
# units = specified
# name 0 = depFM: Depth [fresh water, m]
# name 1 = dz/dtM: Descent Rate [m/s]
# name 2 = sbeox0Mg/L: Oxygen, SBE 43 [mg/l]
# name 3 = sbeox0PS: Oxygen, SBE 43 [% saturation]
# name 4 = specc: Specific Conductance [uS/cm]
# name 5 = c0uS/cm: Conductivity [uS/cm]
# name 6 = wetCDOM: Fluorescence, WET Labs CDOM [mg/m^3]
# name 7 = flECO-AFL: Fluorescence, WET Labs ECO-AFL/FL [mg/m^3]
# name 8 = flECO-AFL1: Fluorescence, WET Labs ECO-AFL/FL, 2 [mg/m^3]
# name 9 = flECO-AFL2: Fluorescence, WET Labs ECO-AFL/FL, 3 [mg/m^3]
# name 10 = par/sat/log: PAR/Logarithmic, Satlantic
# name 11 = turbWETntu0: Turbidity, WET Labs ECO [NTU]
# name 12 = prdM: Pressure, Strain Gauge [db]
# name 13 = prdE: Pressure, Strain Gauge [psi]
# name 14 = tv290C: Temperature [ITS-90, deg C]
# name 15 = flag:  0.000e+00
# span 0 =     -0.700,      9.544       
# span 1 =     -0.267,      0.106       
# span 2 =    -0.0335,    10.5852       
# span 3 =     -0.346,    133.635       
# span 4 =   -702.435,    284.475       
# span 5 =-501.548627, 200.370318       
# span 6 =   -12.4200,    66.8700       
# span 7 =    -0.3265,    84.9561       
# span 8 =    -2.1300,     2.5560       
# span 9 =   -15.2703,    20.0079       
# span 10 = 1.1585e-01, 1.4333e+03      
# span 11 =    -1.8655,   971.0340      
# span 12 =     -0.687,      9.359      
# span 13 =     -0.996,     13.574      
# span 14 =    10.2063,    27.3285      
# span 15 = 0.0000e+00, 0.0000e+00      
# interval = seconds: 0.25
# start_time = Aug 05 2024 09:21:17 [Instrument's time stamp, header]
# bad_flag = -9.990e-29
*END*
[from data line 1537]
      9.543      0.002     0.0423      0.379    154.573 109.140554    58.3200    -0.2769     0.1278     2.8764 1.1602e-01    10.4462      9.358     13.573    10.2995 0.0000e+00
      9.543      0.000     0.0415      0.389    155.709 109.943186    58.3200    -0.2350     0.1278     2.8764 1.1617e-01    10.3858      9.359     13.573    10.2983 0.0000e+00
      9.543     -0.001     0.0410      0.399    158.140 111.653763    58.3200    -0.2579     0.1278     2.8764 1.1628e-01     7.7573      9.359     13.573    10.2987 0.0000e+00
      9.543     -0.002     0.0415      0.407    162.549 114.754426    57.6900    -0.2502     0.1278     2.7918 1.1602e-01     7.7573      9.359     13.573    10.3004 0.0000e+00
      9.542     -0.004     0.0424      0.414    169.963 119.970065    57.6900    -0.2808     0.1278     2.7918 1.1620e-01     7.8328      9.358     13.572    10.3021 0.0000e+00
      9.541     -0.005     0.0436      0.424    181.711 128.233665    57.6900    -0.2884     0.1278     2.7918 1.1602e-01     7.7120      9.357     13.571    10.3027 0.0000e+00
      9.540     -0.007     0.0448      0.433    196.532 138.645399    57.6900    -0.2693     0.1278     2.7918 1.1623e-01     5.9143      9.355     13.569    10.3016 0.0000e+00
      9.538     -0.009     0.0456      0.438    208.737 147.190757    57.6900    -0.2541     0.1278     2.7918 1.1612e-01     5.8690      9.354     13.566    10.2987 0.0000e+00
      9.535     -0.009     0.0464      0.440    213.780 150.686217    55.9800    -0.2541     0.1278     2.3265 1.1610e-01     5.8992      9.351     13.562    10.2943 0.0000e+00
      9.532     -0.009     0.0475      0.438    211.896 149.322686    55.9800    -0.2693     0.1278     2.3265 1.1612e-01     5.8388      9.348     13.558    10.2874 0.0000e+00
      9.529     -0.006     0.0485      0.437    205.424 144.757070    55.9800    -0.2579     0.1278     2.3265 1.1612e-01     0.4307      9.344     13.553    10.2758 0.0000e+00
      9.526     -0.003     0.0491      0.438    197.036 138.867678    55.9800    -0.2350     0.1278     2.3265 1.1605e-01     0.4911      9.342     13.549    10.2597 0.0000e+00
      9.526      0.001     0.0493      0.433    189.432 133.548597    54.2700    -0.2579     0.1278     2.4957 1.1592e-01     0.3249      9.341     13.548    10.2446 0.0000e+00
      9.527      0.005     0.0491      0.423    184.491 130.111770    54.2700    -0.2731     0.1278     2.4957 1.1607e-01     0.5213      9.343     13.551    10.2355 0.0000e+00
      9.530      0.008     0.0491      0.412    181.962 128.367325    54.2700    -0.2388     0.1278     2.4957 1.1605e-01    -0.0225      9.346     13.555    10.2339 0.0000e+00
      9.534      0.010     0.0491      0.403    180.109 127.083696    54.2700    -0.2769     0.1278     2.4957 1.1592e-01    -0.0678      9.350     13.561    10.2393 0.0000e+00
      9.538      0.010     0.0486      0.399    177.025 124.921970    53.9100    -0.2502     0.0852     2.7072 1.1610e-01    -0.0074      9.353     13.566    10.2497 0.0000e+00
      9.541      0.008     0.0474      0.400    171.854 121.287624    53.9100    -0.2769     0.0852     2.7072 1.1597e-01    -0.0829      9.356     13.570    10.2620 0.0000e+00
      9.542      0.006     0.0462      0.398    166.167 117.294192    53.9100    -0.2655     0.0852     2.7072 1.1623e-01    -0.5361      9.358     13.572    10.2722 0.0000e+00
      9.543      0.003     0.0451      0.392    162.414 114.669139    53.9100    -0.3036     0.0852     2.7072 1.1612e-01    -0.6117      9.359     13.574    10.2785 0.0000e+00
      9.544      0.000     0.0448      0.388    161.801 114.258240    57.7800    -0.2617     0.2130     3.4263 1.1617e-01    -0.4908      9.359     13.574    10.2825 0.0000e+00
      9.543     -0.003     0.0448      0.388    164.734 116.343743    57.7800    -0.2502     0.2130     3.4263 1.1600e-01    -0.5663      9.359     13.574    10.2870 0.0000e+00
      9.542     -0.007     0.0446      0.388    171.977 121.459798    57.7800    -0.2464     0.2130     3.4263 1.1605e-01    -0.4002      9.357     13.572    10.2931 0.0000e+00
      9.540     -0.010     0.0439      0.385    183.906 129.866830    57.7800    -0.2502     0.2130     3.4263 1.1615e-01    -0.2944      9.355     13.569    10.3005 0.0000e+00
      9.537     -0.013     0.0435      0.380    198.112 139.857363    57.7800    -0.2922     0.2130     3.4263 1.1600e-01    -0.3246      9.352     13.565    10.3075 0.0000e+00
      9.533     -0.016     0.0435      0.380    208.813 147.353618    59.0400    -0.2502     0.1704     3.8493 1.1602e-01    -0.4002      9.348     13.559    10.3124 0.0000e+00
      9.527     -0.018     0.0435      0.387    209.345 147.674792    59.0400    -0.2808     0.1704     3.8493 1.1612e-01     1.1256      9.343     13.551    10.3135 0.0000e+00
      9.522     -0.018     0.0431      0.399    200.162 141.169233    59.0400    -0.2426     0.1704     3.8493 1.1612e-01     1.2313      9.338     13.543    10.3094 0.0000e+00
      9.517     -0.018     0.0426      0.411    189.332 133.535031    59.0400    -0.2655     0.1704     3.8493 1.1617e-01     1.1407      9.333     13.536    10.2992 0.0000e+00
      9.512     -0.016     0.0426      0.422    180.284 127.179348    54.2700    -0.2731     0.1278     3.4263 1.1610e-01     1.1558      9.328     13.529    10.2847 0.0000e+00
      9.508     -0.014     0.0434      0.431    172.274 121.567505    54.2700    -0.2922     0.1278     3.4263 1.1617e-01     0.4156      9.324     13.524    10.2707 0.0000e+00
      9.505     -0.012     0.0447      0.434    166.444 117.499463    54.2700    -0.2655     0.1278     3.4263 1.1617e-01     0.5364      9.321     13.519    10.2633 0.0000e+00
      9.502     -0.011     0.0461      0.428    163.260 115.296719    54.2700    -0.2502     0.1278     3.4263 1.1600e-01     0.4307      9.318     13.516    10.2644 0.0000e+00
      9.500     -0.010     0.0473      0.419    162.629 114.887715    53.3700    -0.2579     0.1278     2.2842 1.1597e-01     0.4760      9.316     13.512    10.2720 0.0000e+00
      9.498     -0.009     0.0484      0.407    164.470 116.211379    53.3700    -0.2579     0.1278     2.2842 1.1612e-01     0.4156      9.314     13.509    10.2835 0.0000e+00
      9.496     -0.009     0.0487      0.392    168.855 119.316785    53.3700    -0.2769     0.1278     2.2842 1.1615e-01     0.4307      9.312     13.506    10.2972 0.0000e+00
      9.493     -0.010     0.0480      0.376    177.512 125.423905    53.3700    -0.2579     0.1278     2.2842 1.1600e-01     0.4156      9.310     13.503    10.3109 0.0000e+00
      9.491     -0.012     0.0469      0.364    192.097 135.697259    53.3700    -0.2502     0.1278     2.2842 1.1605e-01     0.4156      9.307     13.500    10.3221 0.0000e+00
      9.488     -0.015     0.0456      0.360    209.799 148.142906    53.9100    -0.2350     0.2130     2.4111 1.1612e-01     0.2041      9.305     13.496    10.3296 0.0000e+00
      9.485     -0.018     0.0439      0.363    226.164 159.619120    53.9100    -0.2808     0.2130     2.4111 1.1610e-01     0.1890      9.301     13.490    10.3327 0.0000e+00
      9.480     -0.022     0.0421      0.370    241.413 170.300506    53.9100    -0.2464     0.2130     2.4111 1.1607e-01     0.1286      9.296     13.484    10.3315 0.0000e+00
      9.473     -0.026     0.0408      0.378    256.022 180.532330    53.9100    -0.2579     0.2130     2.4111 1.1617e-01     0.1890      9.290     13.475    10.3246 0.0000e+00
      9.466     -0.030     0.0403      0.389    268.145 189.014830    52.6500    -0.2655     0.1704     3.2571 1.1612e-01    -0.6570      9.283     13.464    10.3111 0.0000e+00
      9.458     -0.033     0.0407      0.402    277.050 195.232292    52.6500    -0.2579     0.1704     3.2571 1.1605e-01    -0.6570      9.275     13.452    10.2934 0.0000e+00
      9.449     -0.036     0.0415      0.412    282.557 199.061397    52.6500    -0.2808     0.1704     3.2571 1.1612e-01    -0.6117      9.266     13.439    10.2758 0.0000e+00
      9.439     -0.040     0.0424      0.421    284.475 200.370318    52.6500    -0.2693     0.1704     3.2571 1.1602e-01    -0.5210      9.257     13.425    10.2603 0.0000e+00
      9.429     -0.043     0.0437      0.426    282.441 198.905367    52.7400    -0.2273     0.0852     2.0304 1.1620e-01     1.9413      9.247     13.411    10.2467 0.0000e+00
      9.418     -0.048     0.0451      0.425    275.397 193.922265    52.7400    -0.2617     0.0852     2.0304 1.1600e-01     1.8507      9.236     13.395    10.2349 0.0000e+00
      9.406     -0.053     0.0463      0.421    262.070 184.528135    52.7400    -0.2579     0.0852     2.0304 1.1605e-01     1.9413      9.224     13.378    10.2250 0.0000e+00
      9.392     -0.060     0.0473      0.418    242.179 170.527383    52.7400    -0.2846     0.0852     2.0304 1.1612e-01     1.9866      9.210     13.359    10.2170 0.0000e+00
      9.377     -0.069     0.0479      0.419    218.794 154.085310    54.5400    -0.1625     0.0852     2.2419 1.1610e-01    28.3927      9.195     13.337    10.2111 0.0000e+00
      9.359     -0.079     0.0477      0.424    197.142 138.882580    54.5400    -0.1434     0.0852     2.2419 1.1623e-01    28.4229      9.178     13.311    10.2073 0.0000e+00
      9.338     -0.092     0.0472      0.430    180.240 127.039931    54.5400    -0.1472     0.0852     2.2419 1.1607e-01    28.3927      9.157     13.282    10.2063 0.0000e+00
      9.314     -0.106     0.0469      0.438    167.641 118.232674    54.5400    -0.1511     0.0852     2.2419 1.1610e-01    28.3625      9.134     13.247    10.2088 0.0000e+00
      9.286     -0.123     0.0470      0.449    158.009 111.511938    54.5400     0.4288     0.0852     2.2419 1.1600e-01    51.0221      9.106     13.207    10.2161 0.0000e+00
      9.253     -0.140     0.0475      0.454    151.502 106.986656    54.1800     0.4326     0.0852     2.3688 1.1620e-01    51.0674      9.074     13.161    10.2294 0.0000e+00
      9.216     -0.158     0.0482      0.446    147.745 104.391780    54.1800     0.4173     0.0852     2.3688 1.1600e-01    51.0977      9.037     13.108    10.2482 0.0000e+00
      9.172     -0.175     0.0491      0.429    145.448 102.815513    54.1800     0.4173     0.0852     2.3688 1.1607e-01    51.0221      8.995     13.046    10.2699 0.0000e+00
      9.124     -0.191     0.0503      0.412    144.106 101.903473    54.1800     0.3601     0.0852     2.3688 1.1610e-01    66.3098      8.948     12.977    10.2919 0.0000e+00
      9.072     -0.205     0.0509      0.398    143.422 101.444430    53.1000     0.3487     0.1278     1.6920 1.1615e-01    66.2494      8.896     12.903    10.3123 0.0000e+00
      9.017     -0.218     0.0499      0.390    143.015 101.172080    53.1000     0.3639     0.1278     1.6920 1.1610e-01    66.3552      8.843     12.825    10.3302 0.0000e+00
      8.960     -0.227     0.0481      0.388    142.565 100.861909    53.1000     0.3601     0.1278     1.6920 1.1607e-01    66.2947      8.786     12.743    10.3451 0.0000e+00
      8.899     -0.235     0.0461      0.392    141.826 100.343265    53.1000     0.9018     0.1278     1.6920 1.1615e-01    50.1913      8.727     12.658    10.3565 0.0000e+00
      8.837     -0.240     0.0445      0.402    140.648  99.511820    53.9100     0.8789     0.0852     2.3265 1.1612e-01    50.1157      8.666     12.570    10.3645 0.0000e+00
      8.774     -0.244     0.0436      0.416    139.173  98.469601    53.9100     0.8827     0.0852     2.3265 1.1605e-01    50.1913      8.605     12.480    10.3694 0.0000e+00
      8.711     -0.245     0.0434      0.432    137.869  97.550177    53.9100     0.8904     0.0852     2.3265 1.1612e-01    50.1157      8.542     12.390    10.3721 0.0000e+00
      8.647     -0.244     0.0438      0.449    137.011  96.947989    53.9100     1.2528     0.0852     2.3265 1.1600e-01    33.9216      8.480     12.300    10.3733 0.0000e+00
      8.584     -0.241     0.0450      0.465    136.548  96.626336    53.9100     1.2566     0.0852     2.3265 1.1600e-01    33.9216      8.418     12.209    10.3738 0.0000e+00
      8.522     -0.237     0.0466      0.474    136.291  96.449493    52.7400     1.2642     0.1278     2.1150 1.1600e-01    33.8914      8.357     12.121    10.3743 0.0000e+00
      8.462     -0.233     0.0484      0.473    136.045  96.280389    52.7400     1.2261     0.1278     2.1150 1.1607e-01    33.8914      8.298     12.036    10.3754 0.0000e+00
      8.404     -0.230     0.0503      0.461    135.746  96.073929    52.7400     1.3939     0.1278     2.1150 1.1625e-01    21.3531      8.242     11.954    10.3772 0.0000e+00
      8.348     -0.227     0.0520      0.443    135.408  95.838997    52.7400     1.4016     0.1278     2.1150 1.1605e-01    21.4437      8.186     11.873    10.3792 0.0000e+00
      8.291     -0.226     0.0531      0.422    135.136  95.650808    66.1500     1.3863     0.1278     1.8612 1.1628e-01    21.3380      8.131     11.793    10.3813 0.0000e+00
      8.234     -0.225     0.0529      0.401    134.984  95.547093    66.1500     1.3443     0.1278     1.8612 1.1612e-01    21.4135      8.075     11.711    10.3831 0.0000e+00
      8.176     -0.225     0.0515      0.385    134.847  95.454240    66.1500     1.5732     0.1278     1.8612 1.1607e-01    15.1897      8.018     11.628    10.3847 0.0000e+00
      8.117     -0.224     0.0495      0.378    134.659  95.325513    66.1500     1.5656     0.1278     1.8612 1.1612e-01    15.2048      7.961     11.546    10.3863 0.0000e+00
      8.060     -0.221     0.0472      0.379    134.356  95.114594    52.8300     1.5808     0.1278     1.5228 1.1600e-01    15.1443      7.904     11.464    10.3879 0.0000e+00
      8.003     -0.218     0.0449      0.388    133.818  94.737267    52.8300     1.5656     0.1278     1.5228 1.1625e-01    15.2048      7.848     11.383    10.3896 0.0000e+00
      7.948     -0.215     0.0431      0.404    133.075  94.214788    52.8300     1.5656     0.1278     1.5228 1.1612e-01    11.1714      7.794     11.305    10.3912 0.0000e+00
      7.894     -0.212     0.0423      0.419    132.310  93.677549    52.8300     1.5503     0.1278     1.5228 1.1612e-01    11.1411      7.742     11.229    10.3927 0.0000e+00
      7.842     -0.209     0.0424      0.431    131.662  93.224030    52.5600     1.5427     0.1278     1.6074 1.1605e-01    11.1260      7.691     11.154    10.3940 0.0000e+00
      7.789     -0.206     0.0434      0.440    131.241  92.933067    52.5600     1.5808     0.1278     1.6074 1.1595e-01    11.2318      7.639     11.079    10.3953 0.0000e+00
      7.736     -0.202     0.0451      0.440    131.040  92.798988    52.5600     1.6304     0.1278     1.6074 1.1605e-01     9.2226      7.586     11.003    10.3965 0.0000e+00
      7.683     -0.198     0.0468      0.433    130.845  92.668175    52.5600     1.6381     0.1278     1.6074 1.1600e-01     9.1622      7.534     10.927    10.3982 0.0000e+00
      7.632     -0.195     0.0482      0.422    130.521  92.445813    52.5600     1.6114     0.1278     1.6074 1.1602e-01     9.0867      7.485     10.855    10.4004 0.0000e+00
      7.584     -0.192     0.0492      0.408    130.108  92.160506    52.8300     1.6152     0.0852     1.6074 1.1610e-01     9.3586      7.438     10.788    10.4031 0.0000e+00
      7.538     -0.190     0.0492      0.392    129.710  91.886001    52.8300     1.8441     0.0852     1.6074 1.1607e-01     9.4190      7.393     10.723    10.4061 0.0000e+00
      7.492     -0.189     0.0483      0.380    129.387  91.664961    52.8300     1.8288     0.0852     1.6074 1.1612e-01     9.3586      7.347     10.656    10.4090 0.0000e+00
      7.444     -0.189     0.0471      0.376    129.148  91.504365    52.8300     1.8212     0.0852     1.6074 1.1600e-01     9.5852      7.300     10.587    10.4117 0.0000e+00
      7.394     -0.190     0.0456      0.378    128.948  91.371375    52.4700     1.8135     0.0852     1.4805 1.1623e-01     9.4794      7.251     10.516    10.4144 0.0000e+00
