Data/DataNotYetUploadedToEDI/Raw_CTD/RawDownloads/080524_bvr50_S8188001.cnv
* Sea-Bird SBE19plus  Data File:
* FileName = C:\R\Reservoirs\Data\DataNotYetUploadedToEDI\Raw_CTD\RawDownloads\080524_bvr50_S8188_0001.hex
* Software version 2.8.0.119
* Temperature SN = 8188
* Conductivity SN = 8188
* System UpLoad Time = Aug 05 2024 18:09:47
* <ApplicationData>
* <Seaterm232>
# nquan = 16
# nvalues = 1973                        
# units = specified
# name 0 = depFM: Depth [fresh water, m]
# name 1 = dz/dtM: Descent Rate [m/s]
# name 2 = sbeox0Mg/L: Oxygen, SBE 43 [mg/l]
# name 3 = sbeox0PS: Oxygen, SBE 43 [% saturation]
# name 4 = specc: Specific Conductance [uS/cm]
# name 5 = c0uS/cm: Conductivity [uS/cm]
# name 6 = wetCDOM: Fluorescence, WET Labs CDOM [mg/m^3]
# name 7 = flECO-AFL: Fluorescence, WET Labs ECO-AFL/FL [mg/m^3]
# name 8 = flECO-AFL1: Fluorescence, WET Labs ECO-AFL/FL, 2 [mg/m^3]
# name 9 = flECO-AFL2: Fluorescence, WET Labs ECO-AFL/FL, 3 [mg/m^3]
# name 10 = par/sat/log: PAR/Logarithmic, Satlantic
# name 11 = turbWETntu0: Turbidity, WET Labs ECO [NTU]
# name 12 = prdM: Pressure, Strain Gauge [db]
# name 13 = prdE: Pressure, Strain Gauge [psi]
# name 14 = tv290C: Temperature [ITS-90, deg C]
# name 15 = flag:  0.000e+00
# span 0 =     -0.700,      9.544       
# span 1 =     -0.267,      0.106       
# span 2 =    -0.0335,    10.5852       
# span 3 =     -0.346,    133.635       
# span 4 =   -702.435,    284.475       
# span 5 =-501.548627, 200.370318       
# span 6 =   -12.4200,    66.8700       
# span 7 =    -0.3265,    84.9561       
# span 8 =    -2.1300,     2.5560       
# span 9 =   -15.2703,    20.0079       
# span 10 = 1.1585e-01, 1.4333e+03      
# span 11 =    -1.8655,   971.0340      
# span 12 =     -0.687,      9.359      
# span 13 =     -0.996,     13.574      
# span 14 =    10.2063,    27.3285      
# span 15 = 0.0000e+00, 0.0000e+00      
# interval = seconds: 0.25
# start_time = Aug 05 2024 09:21:17 [Instrument's time stamp, header]
# bad_flag = -9.990e-29
*END*
     -0.700      0.004     7.5507     90.486      6.806   6.744156    -4.5000    -0.2579    -2.1300    -2.0304 3.6904e+02    -0.2642     -0.687     -0.996    24.5063 0.0000e+00
     -0.699      0.005     7.5497     90.465      7.246   7.183666    -4.5000    -0.2350    -2.1300    -2.0304 3.6016e+02    -0.3246     -0.686     -0.995    24.5075 0.0000e+00
     -0.698      0.007     7.5483     90.449      7.815   7.751325    -4.5000    -0.2426    -2.1300    -2.0304 1.0362e+03    -0.3095     -0.685     -0.993    24.5094 0.0000e+00
     -0.696      0.009     7.5462     90.430      8.465   8.403559     0.0000    -0.3036     0.0852     0.1692 1.0168e+03    -1.8655     -0.683     -0.990    24.5121 0.0000e+00
     -0.694      0.012     7.5437     90.408      9.138   9.083535     0.0000    -0.3265     0.0852     0.1692 2.9897e+02    -1.8504     -0.680     -0.987    24.5161 0.0000e+00
     -0.691      0.015     7.5411     90.386      9.851   9.811437     0.0000    -0.2922     0.0852     0.1692 2.9140e+02    -1.8202     -0.677     -0.983    24.5224 0.0000e+00
     -0.687      0.019     7.5383     90.364     10.691  10.679910     0.0000    -0.3151     0.0852     0.1692 2.8551e+02    -1.6540     -0.674     -0.977    24.5324 0.0000e+00
     -0.682      0.024     7.5346     90.341     11.847  11.886727     0.0000     1.1689     0.0852     0.1692 2.8181e+02   970.9132     -0.669     -0.970    24.5485 0.0000e+00
     -0.676      0.031     7.5291     90.322     13.660  13.783548     0.0000     1.1994     0.0000     0.0423 2.8445e+02   971.0340     -0.662     -0.961    24.5749 0.0000e+00
     -0.668      0.039     7.5214     90.311     16.654  16.912002     0.0000     1.1956     0.0000     0.0423 2.8888e+02   971.0340     -0.654     -0.949    24.6182 0.0000e+00
     -0.657      0.048     7.5098     90.313     20.809  21.254588     0.0000     1.1994     0.0000     0.0423 3.0540e+02   971.0038     -0.644     -0.935    24.6900 0.0000e+00
     -0.644      0.056     7.4917     90.331     25.445  26.118500     0.0000     3.1220     0.0000     0.0423 3.0981e+02     3.7239     -0.631     -0.916    24.8092 0.0000e+00
     -0.628      0.065     7.4634     90.355     29.753  30.664523     0.0000     3.1220    -0.0852     1.6074 3.2619e+02     3.8145     -0.615     -0.893    25.0049 0.0000e+00
     -0.609      0.073     7.4234     90.383     32.777  33.890249     0.0000     3.1106    -0.0852     1.6074 3.5728e+02     3.7843     -0.597     -0.867    25.2919 0.0000e+00
     -0.589      0.080     7.3770     90.418     34.236  35.490694     0.0000     3.0877    -0.0852     1.6074 3.5713e+02     3.7239     -0.577     -0.838    25.6357 0.0000e+00
     -0.567      0.086     7.3326     90.464     34.628  35.972339     0.0000     3.9880    -0.0852     1.6074 3.6063e+02     2.7269     -0.556     -0.806    25.9767 0.0000e+00
     -0.544      0.090     7.2944     90.524     34.507  35.907920     0.0000     3.9803     2.5560   -15.2703 3.6944e+02     2.8175     -0.533     -0.774    26.2774 0.0000e+00
     -0.520      0.093     7.2636     90.609     34.227  35.666762     0.0000     3.9498     2.5560   -15.2703 3.7234e+02     2.8326     -0.510     -0.740    26.5261 0.0000e+00
     -0.496      0.095     7.2406     90.729     33.925  35.391739     0.0000     3.9880     2.5560   -15.2703 3.8451e+02     2.7571     -0.486     -0.706    26.7218 0.0000e+00
     -0.471      0.097     7.2245     90.897     33.671  35.156926     0.0000     4.5716     2.5560   -15.2703 4.4371e+02     2.7722     -0.462     -0.671    26.8719 0.0000e+00
     -0.447      0.098     7.2143     91.126     33.511  35.011257    26.4600     4.5678     0.2556    -0.2961 5.6967e+02     2.8477     -0.438     -0.635    26.9871 0.0000e+00
     -0.422      0.100     7.2094     91.418     33.489  35.001542    26.4600     4.5487     0.2556    -0.2961 8.4199e+02     2.8930     -0.413     -0.600    27.0763 0.0000e+00
     -0.396      0.101     7.2100     91.770     33.634  35.159055    26.4600     4.5487     0.2556    -0.2961 1.0324e+03     2.7571     -0.389     -0.564    27.1446 0.0000e+00
     -0.371      0.103     7.2169     92.173     33.834  35.368429    26.4600     5.3079     0.2556    -0.2961 1.0150e+03     2.9081     -0.363     -0.527    27.1944 0.0000e+00
     -0.344      0.105     7.2306     92.613     33.914  35.446455    26.4600     5.3079     0.2556    -0.2961 1.0001e+03     2.7873     -0.337     -0.490    27.2282 0.0000e+00
     -0.317      0.106     7.2512     93.068     33.854  35.374101    25.1100     5.2812     0.1278     1.1421 9.6573e+02     2.7873     -0.310     -0.450    27.2489 0.0000e+00
     -0.288      0.105     7.2778     93.511     33.661  35.161954    25.1100     5.3040     0.1278     1.1421 8.8958e+02     2.7571     -0.283     -0.410    27.2589 0.0000e+00
     -0.260      0.103     7.3097     93.923     33.332  34.813202    25.1100     5.8076     0.1278     1.1421 8.9442e+02     2.8779     -0.255     -0.370    27.2596 0.0000e+00
     -0.233      0.098     7.3456     94.295     32.937  34.400179    25.1100     5.8076     0.1278     1.1421 8.6517e+02     2.8326     -0.229     -0.332    27.2517 0.0000e+00
     -0.208      0.091     7.3836     94.626     32.503  33.950195    25.4700     5.7885     0.0852     1.1421 1.9562e+02     2.7873     -0.204     -0.296    27.2375 0.0000e+00
     -0.185      0.082     7.4206     94.920     32.060  33.492644    25.4700     5.7885     0.0852     1.1421 1.5210e+02     2.7873     -0.182     -0.264    27.2231 0.0000e+00
     -0.165      0.071     7.4543     95.201     31.689  33.112667    25.4700     6.1776     0.0852     1.1421 1.5055e+02     2.8175     -0.162     -0.235    27.2154 0.0000e+00
     -0.148      0.060     7.4839     95.506     31.426  32.844379    25.4700     6.1738     0.0852     1.1421 1.5052e+02     2.8175     -0.146     -0.211    27.2152 0.0000e+00
     -0.135      0.048     7.5094     95.841     31.241  32.658065    25.6500     6.1547     0.1278     1.1844 1.4611e+02     2.8175     -0.132     -0.192    27.2202 0.0000e+00
     -0.125      0.036     7.5316     96.145     31.104  32.519976    25.6500     6.1891     0.1278     1.1844 1.5042e+02     2.8175     -0.122     -0.177    27.2290 0.0000e+00
     -0.117      0.023     7.5524     96.324     31.002  32.417189    25.6500     5.9068     0.1278     1.1844 1.5098e+02     2.8326     -0.114     -0.166    27.2402 0.0000e+00
     -0.112      0.012     7.5751     96.335     30.929  32.344203    25.6500     5.9373     0.1278     1.1844 1.5253e+02     2.8477     -0.110     -0.159    27.2518 0.0000e+00
     -0.110      0.001     7.6002     96.226     30.887  32.301472    25.8300     5.9297     0.1704     1.2267 1.4281e+02     2.8326     -0.108     -0.157    27.2623 0.0000e+00
     -0.113     -0.007     7.6231     96.123     30.873  32.285569    25.8300     5.9068     0.1704     1.2267 2.9452e+02     2.7873     -0.111     -0.160    27.2709 0.0000e+00
     -0.118     -0.012     7.6365     96.106     30.866  32.276320    25.8300     5.5940     0.1704     1.2267 7.1072e+02     2.8628     -0.116     -0.168    27.2773 0.0000e+00
     -0.125     -0.014     7.6367     96.121     30.859  32.267273    25.8300     5.6169     0.1704     1.2267 7.3013e+02     2.7722     -0.122     -0.177    27.2812 0.0000e+00
     -0.130     -0.013     7.6279     96.064     30.853  32.258009    25.8300     5.6092     0.1704     1.2267 7.6521e+02     2.8930     -0.128     -0.185    27.2826 0.0000e+00
     -0.133     -0.010     7.6199     95.857     30.831  32.232114    25.7400     5.5787     0.1278     1.3536 7.5662e+02     2.8024     -0.131     -0.189    27.2817 0.0000e+00
     -0.134     -0.007     7.6190     95.439     30.783  32.178700    25.7400     5.4681     0.1278     1.3536 7.4487e+02     2.8326     -0.132     -0.191    27.2790 0.0000e+00
     -0.134     -0.004     7.6207     94.765     30.716  32.107423    25.7400     5.4910     0.1278     1.3536 7.7627e+02     2.8930     -0.132     -0.191    27.2749 0.0000e+00
     -0.134     -0.003     7.6168     93.809     30.645  32.033136    25.7400     5.4948     0.1278     1.3536 7.7796e+02     2.7873     -0.132     -0.191    27.2700 0.0000e+00
     -0.134     -0.002     7.6011     92.566     30.582  31.967894    25.9200     5.4910     0.0852     1.2267 6.3148e+02     2.8175     -0.132     -0.191    27.2652 0.0000e+00
     -0.135     -0.003     7.5684     91.077     30.533  31.918202    25.9200     5.6893     0.0852     1.2267 4.7535e+02     2.8477     -0.132     -0.192    27.2613 0.0000e+00
     -0.136     -0.003     7.5153     89.429     30.499  31.882757    25.9200     5.6817     0.0852     1.2267 7.6521e+02     2.7571     -0.133     -0.194    27.2592 0.0000e+00
     -0.137     -0.003     7.4395     87.737     30.472  31.856091    25.9200     5.6664     0.0852     1.2267 7.2997e+02     2.8175     -0.135     -0.195    27.2589 0.0000e+00
     -0.138     -0.003     7.3408     86.147     30.444  31.827111    25.9200     5.6550     0.1278     1.2267 6.2806e+02     2.7571     -0.135     -0.197    27.2599 0.0000e+00
     -0.139     -0.002     7.2226     84.842     30.411  31.794063    25.9200     5.6512     0.1278     1.2267 1.3992e+02     2.8175     -0.136     -0.197    27.2615 0.0000e+00
     -0.139     -0.001     7.0917     84.012     30.384  31.766059    25.9200     5.6664     0.1278     1.2267 1.4315e+02     2.8326     -0.136     -0.197    27.2630 0.0000e+00
     -0.139     -0.000     6.9574     83.807     30.361  31.743598    25.9200     5.6703     0.1278     1.2267 1.5023e+02     2.7571     -0.136     -0.197    27.2642 0.0000e+00
     -0.139     -0.000     6.8312     84.294     30.345  31.726666    25.9200     5.6512     0.1278     1.2267 1.7491e+02     2.7873     -0.136     -0.197    27.2654 0.0000e+00
     -0.139      0.000     6.7275     85.477     30.338  31.720705    25.9200     5.4986     0.1278     1.2267 1.7965e+02     2.7571     -0.136     -0.197    27.2668 0.0000e+00
     -0.139      0.000     6.6615     87.285     30.341  31.724127    25.9200     5.4795     0.1278     1.2267 1.8649e+02     2.8477     -0.136     -0.197    27.2684 0.0000e+00
     -0.139      0.001     6.6450     89.475     30.350  31.733860    25.9200     5.4605     0.1278     1.2267 1.8519e+02     2.7269     -0.136     -0.197    27.2699 0.0000e+00
     -0.138      0.001     6.6835     91.634     30.366  31.750508    25.9200     5.4948     0.1278     1.2267 1.7980e+02     2.9384     -0.136     -0.197    27.2711 0.0000e+00
     -0.138      0.002     6.7772     93.347     30.378  31.762579    25.9200     5.3727     0.0852     1.3113 1.7388e+02     2.7873     -0.135     -0.196    27.2720 0.0000e+00
     -0.137      0.003     6.9204     94.344     30.377  31.761339    25.9200     5.3498     0.0852     1.3113 1.6956e+02     2.8326     -0.134     -0.195    27.2725 0.0000e+00
     -0.136      0.003     7.0941     94.512     30.374  31.758409    25.9200     5.3575     0.0852     1.3113 1.7052e+02     2.8175     -0.133     -0.193    27.2726 0.0000e+00
     -0.135      0.002     7.2653     93.889     30.373  31.756992    25.9200     5.3575     0.0852     1.3113 1.5250e+02     2.7722     -0.132     -0.191    27.2725 0.0000e+00
     -0.133      0.001     7.4011     92.650     30.368  31.750733    25.9200     5.2583     0.1278     1.2267 1.3724e+02     2.8930     -0.131     -0.190    27.2727 0.0000e+00
     -0.133     -0.001     7.4801     91.062     30.360  31.741948    25.9200     5.2468     0.1278     1.2267 1.2495e+02     2.7420     -0.131     -0.189    27.2730 0.0000e+00
     -0.134     -0.002     7.4934     89.404     30.352  31.732276    25.9200     5.2354     0.1278     1.2267 1.6711e+02     2.8779     -0.131     -0.190    27.2728 0.0000e+00
     -0.135     -0.004     7.4441     87.923     30.342  31.721129    25.9200     5.2583     0.1278     1.2267 6.7211e+02     2.8175     -0.133     -0.192    27.2721 0.0000e+00
     -0.137     -0.005     7.3460     86.813     30.328  31.707528    26.0100     5.4223     0.1278     1.2690 7.3219e+02     2.8326     -0.134     -0.194    27.2706 0.0000e+00
     -0.138     -0.005     7.2204     86.161     30.313  31.691829    26.0100     5.4070     0.1278     1.2690 7.1164e+02     2.8024     -0.136     -0.196    27.2685 0.0000e+00
     -0.139     -0.004     7.0892     85.910     30.304  31.681796    26.0100     5.4299     0.1278     1.2690 2.8089e+02     2.9232     -0.137     -0.198    27.2667 0.0000e+00
     -0.141     -0.003     6.9718     85.916     30.302  31.678735    26.0100     5.4376     0.1278     1.2690 2.5751e+02     2.8628     -0.138     -0.200    27.2665 0.0000e+00
     -0.141     -0.002     6.8836     86.057     30.294  31.669881    26.0100     5.5635     0.1278     1.2690 1.9443e+02     2.8477     -0.139     -0.201    27.2677 0.0000e+00
     -0.141     -0.002     6.8318     86.277     30.278  31.652873    26.0100     5.5444     0.0852     1.2690 4.2373e+02     2.7420     -0.139     -0.201    27.2684 0.0000e+00
     -0.142     -0.001     6.8121     86.532     30.261  31.635125    26.0100     5.5329     0.0852     1.2690 2.1964e+02     2.7722     -0.139     -0.202    27.2674 0.0000e+00
     -0.142      0.000     6.8128     86.731     30.242  31.615888    26.0100     5.5596     0.0852     1.2690 1.9853e+02     2.7722     -0.139     -0.202    27.2654 0.0000e+00
     -0.142      0.001     6.8241     86.774     30.225  31.597998    26.0100     4.9798     0.0852     1.2690 2.0061e+02     2.7118     -0.139     -0.202    27.2640 0.0000e+00
     -0.142      0.002     6.8416     86.612     30.212  31.584652    26.0100     4.9760     0.0852     1.3113 2.0857e+02     2.7873     -0.139     -0.201    27.2638 0.0000e+00
     -0.141      0.003     6.8617     86.259     30.199  31.572291    26.0100     4.9912     0.0852     1.3113 2.7432e+02     2.8024     -0.139     -0.201    27.2642 0.0000e+00
     -0.141      0.004     6.8775     85.757     30.189  31.561601    26.0100     5.0103     0.0852     1.3113 7.6821e+02     2.8628     -0.138     -0.200    27.2645 0.0000e+00
     -0.140      0.005     6.8809     85.154     30.177  31.549732    26.0100     5.5024     0.0852     1.3113 7.6190e+02     2.9081     -0.137     -0.199    27.2649 0.0000e+00
     -0.138      0.006     6.8679     84.524     30.162  31.533519    25.9200     5.4986     0.0852     1.2267 5.3361e+02     2.8326     -0.135     -0.196    27.2659 0.0000e+00
     -0.136      0.007     6.8398     83.977     30.149  31.520589    25.9200     5.4833     0.0852     1.2267 2.0939e+02     2.8779     -0.133     -0.193    27.2669 0.0000e+00
     -0.134      0.007     6.8000     83.607     30.143  31.515460    25.9200     5.4719     0.0852     1.2267 5.6413e+02     2.7873     -0.131     -0.190    27.2675 0.0000e+00
     -0.131      0.007     6.7521     83.426     30.144  31.516763    25.9200     5.6588     0.0852     1.2267 7.6638e+02     2.8628     -0.129     -0.187    27.2679 0.0000e+00
     -0.130      0.006     6.7021     83.372     30.145  31.516881    26.0100     5.6893     0.0852     1.2690 7.8868e+02     2.8024     -0.127     -0.185    27.2685 0.0000e+00
     -0.128      0.005     6.6586     83.394     30.136  31.507878    26.0100     5.6588     0.0852     1.2690 7.0840e+02     2.7118     -0.126     -0.182    27.2695 0.0000e+00
     -0.127      0.004     6.6292     83.484     30.124  31.495320    26.0100     5.6626     0.0852     1.2690 6.0844e+02     2.8024     -0.125     -0.181    27.2702 0.0000e+00
     -0.126      0.003     6.6148     83.641     30.113  31.483825    26.0100     5.8534     0.0852     1.2690 4.7680e+02     2.8024     -0.124     -0.180    27.2704 0.0000e+00
     -0.126      0.002     6.6106     83.829     30.100  31.470328    26.0100     5.8724     0.0852     1.2690 5.0847e+02     2.9384     -0.124     -0.179    27.2702 0.0000e+00
     -0.125      0.002     6.6123     83.989     30.086  31.455211    26.0100     5.8457     0.0852     1.2690 5.6943e+02     2.8024     -0.123     -0.178    27.2700 0.0000e+00
