Data/DataNotYetUploadedToEDI/Raw_CTD/RawDownloads/080524_fcr10_S7809002.cnv
* Sea-Bird SBE19plus  Data File:
* FileName = C:\R\Reservoirs\Data\DataNotYetUploadedToEDI\Raw_CTD\RawDownloads\080524_fcr50_S7809_0002.hex
* Software version 2.8.0.119
* Temperature SN = 7809
* Conductivity SN = 7809
* System UpLoad Time = Aug 05 2024 17:27:36
* <ApplicationData>
* <Seaterm232>
# nquan = 15
# nvalues = 286                         
# units = specified
# name 0 = depFM: Depth [fresh water, m]
# name 1 = dz/dtM: Descent Rate [m/s]
# name 2 = sbeox0Mg/L: Oxygen, SBE 43 [mg/l]
# name 3 = sbeox0PS: Oxygen, SBE 43 [% saturation]
# name 4 = specc: Specific Conductance [uS/cm]
# name 5 = c0uS/cm: Conductivity [uS/cm]
# name 6 = flECO-AFL: Fluorescence, WET Labs ECO-AFL/FL [mg/m^3]
# name 7 = ph: pH
# name 8 = orp: Oxidation Reduction Potential [mV]
# name 9 = par/sat/log: PAR/Logarithmic, Satlantic
# name 10 = turbWETntu0: Turbidity, WET Labs ECO [NTU]
# name 11 = prdM: Pressure, Strain Gauge [db]
# name 12 = prdE: Pressure, Strain Gauge [psi]
# name 13 = tv290C: Temperature [ITS-90, deg C]
# name 14 = flag:  0.000e+00
# span 0 =     -0.104,      2.107       
# span 1 =     -0.172,      0.101       
# span 2 =     0.6200,     8.7910       
# span 3 =      7.516,    108.895       
# span 4 =     41.977,     49.677       
# span 5 =  44.187661,  49.274942       
# span 6 =     7.8173,   211.2497       
# span 7 =      6.810,      7.378       
# span 8 =    33.5083,   131.1145       
# span 9 = 2.7685e+01, 1.4506e+03       
# span 10 =     3.6496,   109.7748      
# span 11 =     -0.112,      2.067      
# span 12 =     -0.162,      2.998      
# span 13 =    24.4917,    28.4608      
# span 14 = 0.0000e+00, 0.0000e+00      
# interval = seconds: 0.25
# start_time = Aug 05 2024 12:31:31 [Instrument's time stamp, header]
# bad_flag = -9.990e-29
*END*
     -0.104      0.065     7.4424     98.201     42.599  45.504128     8.8984      6.810    33.5083 4.5545e+02     3.8115     -0.112     -0.162    28.4504 0.0000e+00
     -0.075      0.077     7.4954     98.617     42.563  45.371548     8.9236      6.819    34.3334 3.7983e+02     3.7712     -0.075     -0.109    28.4386 0.0000e+00
     -0.040      0.082     7.5486     98.954     42.623  45.310247     8.9181      6.830    34.8089 3.2762e+02     3.7163     -0.035     -0.049    28.4445 0.0000e+00
     -0.013      0.079     7.5872     99.204     42.690  45.270566     8.9740      6.843    35.0413 3.1025e+02     3.7291     -0.012     -0.016    28.4608 0.0000e+00
      0.006      0.071     7.6287     99.330     42.708  45.208979     9.0910      6.856    35.9393 2.9078e+02     3.7888      0.007      0.010    28.4349 0.0000e+00
      0.019      0.063     7.6787     99.354     42.696  45.136783     9.1681      6.865    37.1486 2.7285e+02     3.8241      0.021      0.033    28.3092 0.0000e+00
      0.027      0.062     7.7281     99.390     42.706  45.095815     9.1989      6.870    38.2195 2.7097e+02     3.8481      0.027      0.040    28.1349 0.0000e+00
      0.032      0.071     7.7677     99.514     42.750  45.094425     9.2967      6.869    39.6805 2.6596e+02     3.8736      0.028      0.041    27.9998 0.0000e+00
      0.047      0.085     7.7902     99.714     42.810  45.119905     9.4595      6.867    41.0475 2.4544e+02     3.8941      0.042      0.060    27.9126 0.0000e+00
      0.074      0.097     7.7953     99.939     42.867  45.149910     9.5527      6.868    41.6696 2.2164e+02     3.9248      0.071      0.104    27.8507 0.0000e+00
      0.108      0.101     7.8048    100.129     42.819  45.076305     9.5835      6.872    42.1257 1.9992e+02     3.9717      0.104      0.152    27.7900 0.0000e+00
      0.147      0.095     7.8232    100.231     42.697  44.928168     9.6739      6.879    42.6910 1.7884e+02     4.0165      0.143      0.207    27.7312 0.0000e+00
      0.183      0.079     7.8468    100.221     42.620  44.818749     9.8211      6.889    43.7729 1.6611e+02     4.0232      0.188      0.272    27.6880 0.0000e+00
      0.202      0.053     7.8709    100.065     42.613  44.768923     9.8983      6.899    52.0226 1.6458e+02     3.9837      0.205      0.298    27.6545 0.0000e+00
      0.203      0.017     7.8912     99.621     42.661  44.770003     9.9007      6.907    60.1849 1.6655e+02     3.9829      0.198      0.288    27.6262 0.0000e+00
      0.200     -0.031     7.9027     98.784     42.704  44.768246     9.7748      6.912    54.3578 1.7353e+02     3.9456      0.197      0.287    27.6100 0.0000e+00
      0.195     -0.084     7.9047     97.508     42.722  44.747614     9.5167      6.917    47.0438 1.8883e+02     3.8065      0.194      0.281    27.5813 0.0000e+00
      0.180     -0.131     7.9060     95.714     42.717  44.710909     9.3596      6.927    46.3473 2.3244e+02     3.7351      0.185      0.268    27.5241 0.0000e+00
      0.141     -0.162     7.8845     93.636     42.673  44.641784     9.3070      6.937    46.7973 2.8668e+02     3.6979      0.151      0.219    27.4629 0.0000e+00
      0.072     -0.172     7.8216     91.605     42.656  44.610038     9.0806      6.945    47.4948 3.2090e+02     3.6641      0.075      0.109    27.4081 0.0000e+00
     -0.006     -0.160     7.7372     89.554     42.692  44.644431     8.6772      6.951    47.9829 3.7714e+02     3.7356     -0.013     -0.020    27.3604 0.0000e+00
     -0.064     -0.129     7.5917     87.519     42.718  44.676770     8.4504      6.959    48.3970 4.3863e+02     3.8110     -0.076     -0.111    27.3240 0.0000e+00
     -0.089     -0.085     7.4127     85.922     42.717  44.683669     8.4193      6.970    48.8029 4.4971e+02     3.7905     -0.097     -0.141    27.2968 0.0000e+00
     -0.085     -0.039     7.2645     84.925     42.689  44.664384     8.3847      6.981    49.1042 4.1406e+02     3.7603     -0.088     -0.127    27.2793 0.0000e+00
     -0.069     -0.003     7.1044     84.359     42.651  44.634037     8.2236      6.990    49.2865 3.7026e+02     3.7883     -0.066     -0.096    27.2770 0.0000e+00
     -0.056      0.016     6.9222     84.378     42.641  44.634141     7.9609      6.998    49.5449 3.5790e+02     3.7874     -0.050     -0.073    27.2850 0.0000e+00
     -0.051      0.021     6.7879     85.213     42.662  44.665659     7.8295      7.006    50.2497 3.6071e+02     3.7500     -0.047     -0.070    27.2955 0.0000e+00
     -0.051      0.019     6.7227     86.480     42.683  44.697749     7.8173      7.012    51.1824 3.5414e+02     3.7456     -0.050     -0.073    27.3074 0.0000e+00
     -0.052      0.015     6.6684     87.471     42.682  44.704770     7.8714      7.017    51.7014 3.4696e+02     3.7341     -0.052     -0.076    27.3185 0.0000e+00
     -0.050      0.012     6.6535     87.861     42.657  44.687089     8.0097      7.022    51.8793 3.4944e+02     3.7136     -0.052     -0.076    27.3300 0.0000e+00
     -0.043      0.009     6.7329     87.756     42.639  44.674404     8.0992      7.027    52.3018 3.4994e+02     3.7361     -0.044     -0.064    27.3424 0.0000e+00
     -0.034      0.005     6.8587     87.365     42.636  44.678368     8.1213      7.034    53.0237 3.4153e+02     3.7673     -0.030     -0.044    27.3535 0.0000e+00
     -0.030     -0.001     6.9431     86.724     42.624  44.671553     8.2018      7.040    53.6378 3.4181e+02     3.7495     -0.026     -0.038    27.3634 0.0000e+00
     -0.034     -0.007     6.9674     85.669     42.604  44.655484     8.3481      7.045    54.0483 3.5226e+02     3.7251     -0.033     -0.048    27.3727 0.0000e+00
     -0.042     -0.011     6.9511     84.204     42.619  44.674515     8.4422      7.050    54.5456 3.6436e+02     3.7462     -0.040     -0.059    27.3806 0.0000e+00
     -0.050     -0.011     6.9163     82.645     42.654  44.711238     8.4826      7.055    55.1768 3.7704e+02     3.7647     -0.050     -0.072    27.3880 0.0000e+00
     -0.057     -0.005     6.8740     81.333     42.661  44.718636     8.5867      7.058    55.7436 3.8043e+02     3.7790     -0.058     -0.084    27.3964 0.0000e+00
     -0.058      0.003     6.7907     80.441     42.642  44.700492     8.7354      7.063    56.3227 3.7193e+02     3.7830     -0.058     -0.084    27.4025 0.0000e+00
     -0.053      0.011     6.6625     80.006     42.622  44.682296     8.7985      7.067    56.8439 3.6558e+02     3.7439     -0.053     -0.077    27.4046 0.0000e+00
     -0.044      0.016     6.5287     80.046     42.626  44.689061     8.8008      7.070    57.2271 3.5894e+02     3.7502     -0.043     -0.063    27.4045 0.0000e+00
     -0.036      0.016     6.4210     80.614     42.651  44.718801     8.8299      7.072    57.6864 3.4768e+02     3.8247     -0.034     -0.050    27.4047 0.0000e+00
     -0.031      0.012     6.3491     81.526     42.654  44.724509     8.8670      7.076    58.1809 3.4072e+02     3.8591     -0.029     -0.043    27.4072 0.0000e+00
     -0.029      0.006     6.3163     82.361     42.623  44.694604     8.8746      7.081    58.4740 3.4134e+02     3.7906     -0.027     -0.040    27.4108 0.0000e+00
     -0.030      0.001     6.3140     82.995     42.603  44.674615     8.8636      7.086    58.6490 3.4755e+02     3.6806     -0.029     -0.042    27.4136 0.0000e+00
     -0.033     -0.001     6.3616     83.601     42.602  44.673252     8.8508      7.089    59.0922 3.5153e+02     3.6552     -0.032     -0.046    27.4164 0.0000e+00
     -0.036      0.000     6.4530     84.232     42.610  44.678124     8.8365      7.091    59.7888 3.5208e+02     3.7227     -0.036     -0.052    27.4202 0.0000e+00
     -0.037      0.002     6.5203     84.741     42.607  44.670042     8.8315      7.091    60.4468 3.5248e+02     3.7790     -0.038     -0.056    27.4237 0.0000e+00
     -0.036      0.006     6.5613     85.061     42.585  44.638999     8.8237      7.092    61.1109 3.4585e+02     3.7556     -0.035     -0.053    27.4255 0.0000e+00
     -0.031      0.011     6.6075     85.231     42.575  44.620155     8.8096      7.092    61.9689 3.3789e+02     3.6787     -0.030     -0.044    27.4244 0.0000e+00
     -0.028      0.015     6.6649     85.216     42.597  44.632624     8.8268      7.091    62.9042 3.3460e+02     3.6702     -0.027     -0.039    27.4210 0.0000e+00
     -0.024      0.017     6.7089     85.062     42.636  44.662780     8.8654      7.090    63.6433 3.2995e+02     3.7203     -0.025     -0.037    27.4143 0.0000e+00
     -0.018      0.017     6.7291     84.816     42.647  44.667371     8.8858      7.089    64.1952 3.2323e+02     3.7385     -0.019     -0.027    27.4057 0.0000e+00
     -0.011      0.015     6.7496     84.401     42.610  44.624656     8.8816      7.089    64.6725 3.1119e+02     3.7188     -0.010     -0.015    27.3969 0.0000e+00
     -0.006      0.013     6.7470     83.929     42.582  44.590640     8.8479      7.091    64.9395 2.9771e+02     3.6867     -0.005     -0.007    27.3832 0.0000e+00
     -0.005      0.009     6.7322     83.652     42.571  44.573453     8.8202      7.095    65.0140 2.8826e+02     3.7261     -0.004     -0.005    27.3688 0.0000e+00
     -0.005      0.005     6.7212     83.546     42.550  44.543797     8.8292      7.100    65.1436 2.8340e+02     3.8196     -0.006     -0.009    27.3608 0.0000e+00
     -0.003      0.004     6.6849     83.371     42.562  44.549439     8.8484      7.101    65.3890 3.0849e+02     3.8613     -0.004     -0.006    27.3576 0.0000e+00
     -0.001      0.007     6.6362     83.024     42.595  44.578180     8.9691      7.101    65.7430 6.1933e+02     3.8203      0.001      0.003    27.3531 0.0000e+00
     -0.004      0.013     6.6164     82.479     42.593  44.573923     9.1899      7.101    66.1552 1.1997e+03     3.7335     -0.005     -0.007    27.3457 0.0000e+00
     -0.005      0.018     6.6209     81.813     42.581  44.561428     9.3128      7.102    66.3286 1.4506e+03     3.7002     -0.010     -0.014    27.3371 0.0000e+00
      0.002      0.020     6.6079     81.384     42.574  44.554059     9.3390      7.106    66.1191 1.4065e+03     3.7587      0.001      0.003    27.3266 0.0000e+00
      0.014      0.017     6.5822     81.577     42.568  44.548303     9.3657      7.112    66.1165 1.3889e+03     3.8262      0.015      0.022    27.3196 0.0000e+00
      0.025      0.012     6.5408     82.470     42.573  44.555318     9.3859      7.119    66.6416 1.3767e+03     3.8002      0.025      0.037    27.3184 0.0000e+00
      0.031      0.003     6.4743     83.758     42.590  44.575399     9.3837      7.124    67.1336 1.4362e+03     3.7164      0.034      0.049    27.3182 0.0000e+00
      0.028     -0.007     6.4274     84.853     42.614  44.600676     9.3812      7.129    67.2472 1.3695e+03     3.7012      0.032      0.045    27.3184 0.0000e+00
      0.018     -0.015     6.4409     85.245     42.620  44.607033     9.3300      7.135    67.1549 1.1692e+03     3.7535      0.018      0.026    27.3195 0.0000e+00
      0.007     -0.020     6.5194     84.827     42.604  44.588793     9.2057      7.141    67.3084 1.1561e+03     3.8015      0.004      0.007    27.3213 0.0000e+00
      0.001     -0.019     6.6401     83.785     42.585  44.570561     9.1181      7.146    67.9844 1.2870e+03     3.7699     -0.001     -0.001    27.3248 0.0000e+00
     -0.001     -0.014     6.7441     82.361     42.589  44.577022     9.0948      7.149    68.7892 1.3958e+03     3.6785     -0.000     -0.000    27.3265 0.0000e+00
     -0.004     -0.011     6.7763     80.775     42.613  44.603433     9.0992      7.149    69.2953 1.4025e+03     3.6529     -0.004     -0.006    27.3242 0.0000e+00
     -0.004     -0.015     6.7367     79.285     42.643  44.635990     9.1299      7.150    69.4578 1.3312e+03     3.6997     -0.006     -0.008    27.3219 0.0000e+00
     -0.001     -0.025     6.6469     78.283     42.655  44.653291     9.1745      7.152    69.4638 1.1104e+03     3.7658      0.000      0.001    27.3241 0.0000e+00
     -0.003     -0.038     6.5278     78.000     42.610  44.622201     9.1890      7.156    69.6257 6.5409e+02     3.7693      0.002      0.003    27.3269 0.0000e+00
     -0.014     -0.048     6.3967     78.180     42.550  44.577484     9.1630      7.160    70.0384 3.7432e+02     3.7078     -0.010     -0.015    27.3305 0.0000e+00
     -0.036     -0.050     6.2659     78.382     42.520  44.556984     9.0944      7.162    70.7541 3.8052e+02     3.7047     -0.033     -0.048    27.3286 0.0000e+00
     -0.063     -0.041     6.1754     78.382     42.522  44.564780     8.9999      7.160    71.4830 4.0788e+02     3.7327     -0.065     -0.095    27.3294 0.0000e+00
     -0.083     -0.023     6.1611     78.129     42.562  44.608282     8.9528      7.160    71.7950 4.1945e+02     3.7391     -0.088     -0.127    27.3538 0.0000e+00
     -0.087     -0.001     6.1889     77.727     42.585  44.638635     8.9497      7.162    71.9460 4.2014e+02     3.7477     -0.090     -0.131    27.3799 0.0000e+00
     -0.076      0.020     6.2071     77.420     42.545  44.614396     9.0208      7.166    72.1043 4.0221e+02     3.7332     -0.080     -0.117    27.3912 0.0000e+00
     -0.055      0.035     6.2083     77.285     42.484  44.569149     9.1716      7.170    72.2461 3.6224e+02     3.7008     -0.053     -0.077    27.3971 0.0000e+00
     -0.036      0.043     6.1872     77.227     42.442  44.535922     9.2656      7.172    72.5426 3.3368e+02     3.7318     -0.030     -0.043    27.3958 0.0000e+00
     -0.026      0.044     6.1438     77.225     42.434  44.530042     9.2922      7.172    72.9361 3.2510e+02     3.8005     -0.025     -0.036    27.3984 0.0000e+00
     -0.021      0.040     6.1151     77.273     42.466  44.561532     9.3433      7.174    73.2171 3.1870e+02     3.7804     -0.021     -0.030    27.4236 0.0000e+00
     -0.016      0.034     6.1078     77.345     42.503  44.599284     9.4097      7.179    73.2739 3.1014e+02     3.7281     -0.016     -0.023    27.4510 0.0000e+00
     -0.008      0.028     6.1000     77.433     42.510  44.605640     9.4376      7.186    73.2783 3.0186e+02     3.7142     -0.010     -0.015    27.4638 0.0000e+00
      0.003      0.025     6.0997     77.426     42.481  44.574912     9.4473      7.193    73.5283 2.9408e+02     3.7152      0.003      0.004    27.4659 0.0000e+00
      0.014      0.024     6.1064     77.175     42.452  44.545129     9.5186      7.199    73.8009 2.8703e+02     3.7739      0.017      0.024    27.4604 0.0000e+00
      0.018      0.023     6.1100     76.681     42.468  44.562913     9.6338      7.204    73.8217 2.8503e+02     3.8094      0.020      0.028    27.4586 0.0000e+00
      0.018      0.022     6.1206     76.031     42.500  44.599511     9.6825      7.209    73.8656 2.8551e+02     3.7341      0.017      0.023    27.4587 0.0000e+00
      0.021      0.020     6.1271     75.287     42.501  44.606784     9.6750      7.215    74.0743 2.8188e+02     3.6841      0.019      0.028    27.4578 0.0000e+00
      0.028      0.019     6.1056     74.517     42.475  44.587376     9.6682      7.220    74.2797 2.7475e+02     3.7510      0.027      0.039    27.4587 0.0000e+00
      0.036      0.018     6.0628     73.764     42.440  44.555294     9.6578      7.225    74.4554 2.6875e+02     3.8253      0.035      0.051    27.4592 0.0000e+00
      0.043      0.015     6.0106     72.995     42.420  44.536281     9.6409      7.230    74.7355 2.6510e+02     3.7963      0.044      0.063    27.4612 0.0000e+00
      0.048      0.010     5.9488     72.184     42.430  44.547926     9.6226      7.234    75.0859 2.6310e+02     3.7083      0.048      0.070    27.4696 0.0000e+00
      0.050      0.003     5.8845     71.364     42.449  44.569131     9.6197      7.237    75.3365 2.6309e+02     3.6496      0.050      0.072    27.4805 0.0000e+00
      0.048     -0.004     5.8266     70.599     42.479  44.602250     9.6723      7.241    75.6151 2.6573e+02     3.6676      0.047      0.068    27.4873 0.0000e+00
