Data/DataNotYetUploadedToEDI/Raw_CTD/RawDownloads/080524_fcr30_S7809004.cnv
* Sea-Bird SBE19plus  Data File:
* FileName = C:\R\Reservoirs\Data\DataNotYetUploadedToEDI\Raw_CTD\RawDownloads\080524_fcr50_S7809_0004.hex
* Software version 2.8.0.119
* Temperature SN = 7809
* Conductivity SN = 7809
* System UpLoad Time = Aug 05 2024 17:28:13
* <ApplicationData>
* <Seaterm232>
# nquan = 15
# nvalues = 423                         
# units = specified
# name 0 = depFM: Depth [fresh water, m]
# name 1 = dz/dtM: Descent Rate [m/s]
# name 2 = sbeox0Mg/L: Oxygen, SBE 43 [mg/l]
# name 3 = sbeox0PS: Oxygen, SBE 43 [% saturation]
# name 4 = specc: Specific Conductance [uS/cm]
# name 5 = c0uS/cm: Conductivity [uS/cm]
# name 6 = flECO-AFL: Fluorescence, WET Labs ECO-AFL/FL [mg/m^3]
# name 7 = ph: pH
# name 8 = orp: Oxidation Reduction Potential [mV]
# name 9 = par/sat/log: PAR/Logarithmic, Satlantic
# name 10 = turbWETntu0: Turbidity, WET Labs ECO [NTU]
# name 11 = prdM: Pressure, Strain Gauge [db]
# name 12 = prdE: Pressure, Strain Gauge [psi]
# name 13 = tv290C: Temperature [ITS-90, deg C]
# name 14 = flag:  0.000e+00
# span 0 =     -0.241,      5.435       
# span 1 =     -0.064,      0.160       
# span 2 =     5.4199,     8.5873       
# span 3 =     64.323,    107.676       
# span 4 =     41.272,     67.905       
# span 5 =  43.181423,  58.332726       
# span 6 =    -0.0736,    48.1868       
# span 7 =      7.597,      7.878       
# span 8 =    18.1634,   128.9585       
# span 9 = 1.2351e-01, 2.7199e+03       
# span 10 =    -0.0443,    54.4692      
# span 11 =     -0.252,      5.331      
# span 12 =     -0.367,      7.731      
# span 13 =    17.0419,    28.1469      
# span 14 = 0.0000e+00, 0.0000e+00      
# interval = seconds: 0.25
# start_time = Aug 05 2024 12:53:57 [Instrument's time stamp, header]
# bad_flag = -9.990e-29
*END*
[from data line 386]
      5.046      0.086     7.9156     83.168     65.684  56.934577     0.5141      7.772    60.9677 1.2363e-01    17.0950      4.949      7.178    18.1530 0.0000e+00
      5.064      0.086     7.8369     82.591     65.901  57.028675     0.5075      7.772    61.8362 1.2365e-01    17.1068      4.967      7.204    18.6833 0.0000e+00
      5.081      0.085     7.8524     82.250     65.535  56.730208     0.4994      7.771    62.6945 1.2364e-01    17.1055      4.981      7.225    18.6485 0.0000e+00
      5.102      0.090     7.8664     82.078     64.997  56.311085     0.4832      7.769    63.3437 1.2358e-01    17.0446      5.000      7.252    18.3860 0.0000e+00
      5.127      0.104     7.8211     81.742     65.491  56.470812     0.4692      7.769    63.7487 1.2355e-01    16.9865      5.030      7.295    18.3526 0.0000e+00
      5.150      0.124     7.7683     81.430     66.092  56.628633     0.5395      7.769    63.9781 1.2362e-01    17.3585      5.051      7.327    18.2302 0.0000e+00
      5.175      0.140     7.7398     81.627     65.652  56.313303     1.3991      7.769    64.4818 1.2366e-01    21.8160      5.066      7.349    18.2137 0.0000e+00
      5.215      0.149     7.7091     82.298     65.091  56.088118     2.9717      7.768    65.2798 1.2365e-01    29.9928      5.106      7.407    18.4645 0.0000e+00
      5.271      0.147     7.7088     82.851     65.264  56.256391     3.8313      7.766    66.0549 1.2367e-01    34.4806      5.171      7.501    18.1952 0.0000e+00
      5.325      0.136     7.7452     82.735     65.789  56.505973     3.9438      7.764    66.7981 1.2369e-01    35.2901      5.230      7.584    17.6147 0.0000e+00
      5.362      0.116     7.7309     81.800     66.149  56.564910     4.2908      7.763    67.5544 1.2369e-01    40.2935      5.265      7.636    17.8373 0.0000e+00
      5.382      0.089     7.7628     80.200     66.266  56.460541     4.9050      7.763    68.3164 1.2370e-01    49.5107      5.280      7.659    18.1981 0.0000e+00
      5.393      0.060     7.8448     78.204     66.390  56.387085     5.2199      7.761    68.9562 1.2367e-01    54.4692      5.288      7.670    18.1471 0.0000e+00
      5.400      0.037     7.8670     76.072     66.651  56.438724     5.1193      7.758    69.5253 1.2364e-01    53.7560      5.297      7.681    17.9546 0.0000e+00
      5.406      0.023     7.8095     74.059     66.807  56.449528     3.8051      7.756    70.2066 1.2370e-01    40.8181      5.302      7.690    17.7243 0.0000e+00
      5.409      0.016     7.6672     72.407     66.908  56.454050     1.3817      7.755    70.9997 1.2375e-01    17.0161      5.305      7.694    17.5933 0.0000e+00
      5.412      0.012     7.4884     71.272     67.199  56.620329     0.0470      7.754    71.8876 1.2373e-01     4.0255      5.307      7.697    17.4680 0.0000e+00
      5.414      0.009     7.2987     70.657     67.495  56.808478    -0.0736      7.752    72.7679 1.2364e-01     2.8285      5.309      7.700    17.3160 0.0000e+00
      5.416      0.007     7.1093     70.425     67.616  56.886900    -0.0689      7.750    73.5556 1.2362e-01     2.4413      5.311      7.703    17.2299 0.0000e+00
      5.417      0.007     6.9505     70.364     67.597  56.869814    -0.0540      7.748    74.2699 1.2367e-01     1.8380      5.312      7.705    17.1918 0.0000e+00
      5.418      0.007     6.8512     70.254     67.507  56.792437    -0.0510      7.746    75.0374 1.2369e-01     1.4770      5.313      7.706    17.1189 0.0000e+00
      5.419      0.008     6.8052     69.976     67.500  56.777062    -0.0580      7.744    75.8668 1.2371e-01     1.4250      5.314      7.708    17.0667 0.0000e+00
      5.422      0.008     6.7912     69.545     67.620  56.874447    -0.0630      7.742    76.3826 1.2372e-01     1.1070      5.317      7.712    17.0568 0.0000e+00
      5.424      0.008     6.7929     69.009     67.618  56.890125    -0.0545      7.740    76.6272 1.2369e-01     0.5697      5.319      7.715    17.0633 0.0000e+00
      5.427      0.008     6.7870     68.423     67.451  56.776095    -0.0378      7.739    77.1898 1.2365e-01     0.2913      5.323      7.720    17.0641 0.0000e+00
      5.429      0.007     6.7591     67.784     67.414  56.766082    -0.0356      7.737    78.1953 1.2357e-01     0.2339      5.325      7.723    17.0507 0.0000e+00
      5.431      0.006     6.7187     67.104     67.535  56.896121    -0.0528      7.735    79.2339 1.2353e-01     0.2178      5.326      7.725    17.0419 0.0000e+00
      5.433      0.005     6.6604     66.475     67.559  56.951048    -0.0710      7.733    80.0252 1.2358e-01     0.1641      5.328      7.727    17.0600 0.0000e+00
      5.433      0.004     6.6013     65.926     67.502  56.922109    -0.0730      7.731    80.5345 1.2362e-01     0.0633      5.328      7.728    17.0872 0.0000e+00
      5.434      0.003     6.5399     65.404     67.588  56.990872    -0.0599      7.730    81.0041 1.2365e-01     0.0239      5.329      7.729    17.0961 0.0000e+00
      5.435      0.002     6.4658     64.897     67.635  57.020243    -0.0468      7.729    81.6598 1.2370e-01     0.0294      5.330      7.730    17.1146 0.0000e+00
      5.435      0.001     6.3997     64.488     67.406  56.832589    -0.0477      7.728    82.2676 1.2370e-01    -0.0073      5.330      7.730    17.1512 0.0000e+00
      5.435      0.001     6.3478     64.323     67.229  56.690989    -0.0533      7.727    82.5029 1.2367e-01    -0.0443      5.330      7.730    17.1664 0.0000e+00
      5.435 -9.990e-29     6.2996 -9.990e-29 -9.990e-29 -9.990e-29 -9.990e-29 -9.990e-29 -9.990e-29 1.2368e-01 -9.990e-29      5.330      7.731    17.1586 0.0000e+00
      5.435 -9.990e-29     6.2496 -9.990e-29 -9.990e-29 -9.990e-29 -9.990e-29 -9.990e-29 -9.990e-29 1.2369e-01 -9.990e-29      5.330      7.730    17.1422 0.0000e+00
      5.435 -9.990e-29     6.2040 -9.990e-29 -9.990e-29 -9.990e-29 -9.990e-29 -9.990e-29 -9.990e-29 1.2365e-01 -9.990e-29      5.330      7.730    17.1495 0.0000e+00
      5.435 -9.990e-29     6.1802 -9.990e-29 -9.990e-29 -9.990e-29 -9.990e-29 -9.990e-29 -9.990e-29 1.2362e-01 -9.990e-29      5.331      7.731    17.1680 0.0000e+00
