Data/DataNotYetUploadedToEDI/Raw_CTD/RawDownloads/080524_fcr40_S7809005.cnv
* Sea-Bird SBE19plus  Data File:
* FileName = C:\R\Reservoirs\Data\DataNotYetUploadedToEDI\Raw_CTD\RawDownloads\080524_fcr50_S7809_0005.hex
* Software version 2.8.0.119
* Temperature SN = 7809
* Conductivity SN = 7809
* System UpLoad Time = Aug 05 2024 17:28:30
* <ApplicationData>
* <Seaterm232>
# nquan = 15
# nvalues = 406                         
# units = specified
# name 0 = depFM: Depth [fresh water, m]
# name 1 = dz/dtM: Descent Rate [m/s]
# name 2 = sbeox0Mg/L: Oxygen, SBE 43 [mg/l]
# name 3 = sbeox0PS: Oxygen, SBE 43 [% saturation]
# name 4 = specc: Specific Conductance [uS/cm]
# name 5 = c0uS/cm: Conductivity [uS/cm]
# name 6 = flECO-AFL: Fluorescence, WET Labs ECO-AFL/FL [mg/m^3]
# name 7 = ph: pH
# name 8 = orp: Oxidation Reduction Potential [mV]
# name 9 = par/sat/log: PAR/Logarithmic, Satlantic
# name 10 = turbWETntu0: Turbidity, WET Labs ECO [NTU]
# name 11 = prdM: Pressure, Strain Gauge [db]
# name 12 = prdE: Pressure, Strain Gauge [psi]
# name 13 = tv290C: Temperature [ITS-90, deg C]
# name 14 = flag:  0.000e+00
# span 0 =     -0.363,      5.975       
# span 1 =     -0.059,      0.204       
# span 2 =     0.1120,     7.8825       
# span 3 =      1.246,     95.087       
# span 4 =     41.911,     76.002       
# span 5 =  43.136773,  62.716111       
# span 6 =     0.3949,    19.3850       
# span 7 =      7.839,      8.015       
# span 8 =    51.7669,   134.7241       
# span 9 = 1.2348e-01, 2.2000e+03       
# span 10 =     6.9528,   509.1711      
# span 11 =     -0.366,      5.860      
# span 12 =     -0.530,      8.500      
# span 13 =    12.3286,    28.5210      
# span 14 = 0.0000e+00, 0.0000e+00      
# interval = seconds: 0.25
# start_time = Aug 05 2024 13:00:00 [Instrument's time stamp, header]
# bad_flag = -9.990e-29
*END*
[from data line 97]
      0.165      0.072     5.5596     68.845     42.135  44.128766     5.5868      7.967    79.4803 1.3417e+03     8.2264      0.161      0.234    27.3830 0.0000e+00
      0.184      0.079     5.5406     68.511     42.098  44.087734     5.5987      7.965    80.1565 1.4241e+03     8.2019      0.180      0.263    27.3791 0.0000e+00
      0.201      0.084     5.5133     68.388     42.013  43.998402     5.7248      7.964    80.7129 1.3205e+03     8.1681      0.197      0.286    27.3809 0.0000e+00
      0.220      0.085     5.4827     68.463     41.950  43.937297     5.9789      7.964    81.3030 1.1589e+03     8.0918      0.212      0.308    27.3683 0.0000e+00
      0.248      0.084     5.4483     68.467     41.922  43.920202     6.1254      7.964    82.3019 1.0611e+03     8.0307      0.241      0.350    27.3563 0.0000e+00
      0.278      0.083     5.4175     68.242     41.911  43.918669     6.1551      7.962    83.4975 1.0060e+03     7.9752      0.277      0.403    27.3574 0.0000e+00
      0.300      0.083     5.4051     67.990     41.911  43.918783     6.4129      7.958    84.3162 1.0188e+03     7.8990      0.297      0.431    27.3534 0.0000e+00
      0.312      0.082     5.4234     68.002     41.919  43.921575     6.9034      7.958    84.8016 1.0220e+03     7.8614      0.306      0.443    27.3569 0.0000e+00
      0.326      0.081     5.4275     68.287     41.953  43.952417     7.1841      7.960    85.3219 9.2581e+02     7.8621      0.315      0.457    27.3775 0.0000e+00
      0.350      0.085     5.4004     68.728     42.036  44.037787     7.2264      7.961    86.0478 8.2776e+02     7.8386      0.340      0.493    27.3941 0.0000e+00
      0.376      0.097     5.3687     69.426     42.126  44.128610     7.2816      7.962    86.8666 7.9673e+02     7.7828      0.374      0.542    27.3909 0.0000e+00
      0.396      0.113     5.3719     70.545     42.171  44.161900     7.3688      7.963    87.4777 7.7037e+02     7.7675      0.387      0.561    27.3794 0.0000e+00
      0.419      0.128     5.4031     72.026     42.165  44.122895     7.4235      7.964    87.8440 7.5386e+02     7.8246      0.404      0.586    27.3755 0.0000e+00
      0.457      0.134     5.4322     73.553     42.124  44.037795     7.4431      7.967    88.1988 7.3461e+02     7.8595      0.445      0.646    27.3737 0.0000e+00
      0.503      0.134     5.4808     74.728     42.079  43.958074     7.4481      7.970    88.5841 6.8885e+02     7.8131      0.494      0.715    27.3748 0.0000e+00
      0.548      0.129     5.5722     75.446     42.060  43.920633     7.4343      7.973    88.8891 6.4935e+02     7.7414      0.541      0.783    27.3645 0.0000e+00
      0.585      0.118     5.7032     75.961     42.050  43.902447     7.4175      7.976    89.1332 6.3238e+02     7.7443      0.580      0.841    27.3187 0.0000e+00
      0.608      0.102     5.8449     76.481     42.020  43.865117     7.4278      7.978    89.3838 6.2832e+02     7.8139      0.599      0.869    27.2585 0.0000e+00
      0.623      0.085     5.9468     76.920     42.007  43.850107     7.5259      7.981    89.6826 6.1956e+02     7.8318      0.608      0.881    27.2189 0.0000e+00
      0.640      0.070     5.9936     77.114     42.002  43.847912     7.6878      7.984    89.9927 5.9815e+02     7.7896      0.626      0.909    27.2025 0.0000e+00
      0.660      0.062     6.0278     77.065     41.988  43.838584     7.7713      7.987    90.2937 5.7505e+02     7.7486      0.651      0.943    27.1945 0.0000e+00
      0.674      0.060     6.0747     76.880     42.009  43.864281     7.7694      7.989    90.5682 5.6116e+02     7.7118      0.663      0.961    27.1878 0.0000e+00
      0.685      0.061     6.1167     76.625     42.046  43.904723     7.7729      7.990    90.9037 5.5125e+02     7.7205      0.670      0.972    27.1839 0.0000e+00
      0.699      0.063     6.1304     76.330     42.088  43.946719     7.8379      7.991    91.2523 5.4030e+02     7.7852      0.684      0.993    27.1895 0.0000e+00
      0.714      0.068     6.1210     76.027     42.138  43.991204     7.9482      7.991    91.5996 5.2969e+02     7.8106      0.701      1.016    27.1985 0.0000e+00
      0.731      0.073     6.1049     75.705     42.154  43.998253     7.9997      7.992    92.0046 5.1594e+02     7.7545      0.716      1.038    27.2022 0.0000e+00
      0.753      0.076     6.0839     75.335     42.135  43.968461     7.9942      7.994    92.2784 4.9840e+02     7.6874      0.737      1.069    27.2053 0.0000e+00
      0.778      0.076     6.0590     74.869     42.126  43.948341     8.0158      7.995    92.4152 4.8316e+02     7.7165      0.764      1.108    27.2024 0.0000e+00
      0.800      0.072     6.0366     74.238     42.132  43.945394     8.0604      7.995    92.5396 4.7179e+02     7.7987      0.786      1.140    27.1937 0.0000e+00
      0.818      0.067     6.0134     73.427     42.125  43.932810     8.0849      7.996    92.7500 4.6339e+02     7.7933      0.804      1.167    27.1821 0.0000e+00
      0.833      0.062     5.9859     72.479     42.120  43.923138     8.0781      7.997    92.9801 4.5697e+02     7.7197      0.818      1.186    27.1685 0.0000e+00
      0.844      0.059     5.9537     71.452     42.155  43.955384     8.0623      7.998    93.2567 4.4915e+02     7.7290      0.827      1.200    27.1551 0.0000e+00
      0.856      0.062     5.9047     70.453     42.208  44.005315     8.0607      7.998    93.6854 4.3961e+02     7.8029      0.840      1.218    27.1443 0.0000e+00
      0.871      0.071     5.8392     69.685     42.232  44.019051     8.0660      7.998    93.9483 4.2989e+02     7.8276      0.854      1.237    27.1377 0.0000e+00
      0.886      0.081     5.7631     69.300     42.227  43.994494     8.0763      7.999    94.0260 4.1779e+02     7.8226      0.867      1.256    27.1330 0.0000e+00
      0.908      0.088     5.6797     69.188     42.212  43.962270     8.1269      8.001    94.2801 3.9972e+02     7.8451      0.886      1.284    27.1285 0.0000e+00
      0.939      0.092     5.5942     69.079     42.206  43.946770     8.2123      8.002    94.6118 3.7936e+02     7.9288      0.920      1.335    27.1252 0.0000e+00
      0.971      0.092     5.5274     68.832     42.197  43.934025     8.2681      8.002    94.8535 3.6480e+02     8.0145      0.957      1.388    27.1137 0.0000e+00
      0.996      0.089     5.5040     68.468     42.202  43.935111     8.2941      8.003    95.1380 3.5565e+02     8.0272      0.979      1.420    27.0849 0.0000e+00
      1.014      0.083     5.5076     68.050     42.229  43.959899     8.4011      8.005    95.4704 3.4778e+02     7.9462      0.994      1.442    27.0611 0.0000e+00
      1.031      0.077     5.5038     67.700     42.253  43.979835     8.5804      8.006    95.7740 3.4032e+02     7.8198      1.010      1.465    27.0538 0.0000e+00
      1.048      0.075     5.4816     67.613     42.266  43.985716     8.6641      8.007    96.0570 3.3354e+02     7.7635      1.029      1.492    27.0515 0.0000e+00
      1.065      0.076     5.4523     67.888     42.258  43.967522     8.6723      8.009    96.3104 3.2636e+02     7.7779      1.044      1.514    27.0476 0.0000e+00
      1.084      0.077     5.4166     68.438     42.250  43.950262     8.6959      8.010    96.5143 3.1661e+02     7.7897      1.061      1.538    27.0430 0.0000e+00
      1.108      0.075     5.3819     69.039     42.275  43.967431     8.7996      8.010    96.7157 3.0618e+02     7.8034      1.087      1.576    27.0379 0.0000e+00
      1.131      0.072     5.3727     69.463     42.297  43.984681     8.9775      8.010    96.9386 2.9820e+02     7.8412      1.112      1.613    27.0285 0.0000e+00
      1.150      0.071     5.3986     69.622     42.286  43.968386     9.0651      8.011    97.2298 2.9213e+02     7.8708      1.130      1.639    27.0169 0.0000e+00
      1.164      0.072     5.4506     69.632     42.286  43.960830     9.0843      8.012    97.5703 2.8661e+02     7.8882      1.143      1.657    27.0046 0.0000e+00
      1.176      0.077     5.5069     69.698     42.295  43.956788     9.3266      8.013    97.7858 2.8069e+02     7.9483      1.153      1.672    26.9939 0.0000e+00
      1.191      0.084     5.5445     69.938     42.275  43.919485     9.7729      8.014    98.0290 2.7235e+02     8.0173      1.165      1.690    26.9873 0.0000e+00
      1.214      0.093     5.5532     70.273     42.263  43.890622    10.0115      8.014    98.5315 2.6103e+02     8.0045      1.187      1.721    26.9835 0.0000e+00
      1.244      0.098     5.5478     70.478     42.248  43.861677    10.0392      8.014    98.9575 2.4873e+02     7.9301      1.219      1.768    26.9768 0.0000e+00
      1.278      0.099     5.5503     70.384     42.218  43.823396    10.2490      8.014    99.1353 2.3768e+02     7.9389      1.255      1.820    26.9600 0.0000e+00
      1.308      0.095     5.5745     70.003     42.206  43.808593    10.6500      8.013    99.5632 2.2932e+02     8.1100      1.285      1.863    26.9379 0.0000e+00
      1.332      0.086     5.6110     69.412     42.208  43.809639    10.8756      8.013   100.3462 2.2350e+02     8.2569      1.307      1.897    26.9170 0.0000e+00
      1.349      0.076     5.6352     68.678     42.233  43.836048    10.8967      8.013   100.9441 2.1935e+02     8.2466      1.324      1.921    26.9005 0.0000e+00
      1.362      0.069     5.6268     67.976     42.272  43.874007    10.9221      8.013   101.1993 2.1599e+02     8.2237      1.336      1.938    26.8924 0.0000e+00
      1.376      0.066     5.5928     67.534     42.289  43.887752    10.9745      8.014   101.3671 2.1236e+02     8.2191      1.349      1.956    26.8908 0.0000e+00
      1.391      0.064     5.5462     67.457     42.282  43.875278    11.0059      8.015   101.5971 2.0761e+02     8.1913      1.362      1.975    26.8918 0.0000e+00
      1.410      0.063     5.4821     67.683     42.262  43.850127    11.0265      8.015   101.9146 2.0210e+02     8.2297      1.381      2.004    26.8926 0.0000e+00
      1.430      0.063     5.4179     68.071     42.252  43.837538    11.2322      8.015   102.2805 1.9752e+02     8.2387      1.405      2.038    26.8903 0.0000e+00
      1.448      0.063     5.3803     68.548     42.267  43.850016    11.6197      8.015   102.7517 1.9424e+02     8.1979      1.421      2.061    26.8848 0.0000e+00
      1.461      0.066     5.3771     69.163     42.295  43.874032    11.8332      8.015   103.3958 1.9141e+02     8.2152      1.433      2.078    26.8780 0.0000e+00
      1.471      0.073     5.4008     69.968     42.304  43.874013    11.8577      8.014   103.9599 1.8828e+02     8.2432      1.443      2.092    26.8723 0.0000e+00
      1.485      0.081     5.4349     70.851     42.298  43.849770    11.9000      8.013   104.4100 1.8324e+02     8.2283      1.452      2.106    26.8690 0.0000e+00
      1.507      0.089     5.4704     71.521     42.308  43.834782    12.2695      8.013   105.1384 1.7567e+02     8.2054      1.474      2.138    26.8663 0.0000e+00
      1.538      0.094     5.5177     71.745     42.314  43.819698    12.9376      8.013   106.0550 1.6737e+02     8.2737      1.508      2.187    26.8614 0.0000e+00
      1.571      0.094     5.5849     71.501     42.299  43.794312    13.2947      8.013   106.8889 1.6027e+02     8.3367      1.543      2.238    26.8534 0.0000e+00
      1.600      0.088     5.6682     70.894     42.288  43.781712    13.3329      8.012   107.6491 1.5502e+02     8.3532      1.572      2.280    26.8338 0.0000e+00
      1.622      0.079     5.7335     70.047     42.299  43.794301    13.4327      8.012   108.3636 1.5165e+02     8.3367      1.594      2.311    26.7959 0.0000e+00
      1.636      0.073     5.7537     69.114     42.325  43.819576    13.5937      8.012   108.9034 1.4971e+02     8.2057      1.606      2.328    26.7644 0.0000e+00
      1.645      0.073     5.7318     68.400     42.348  43.833415    13.6737      8.012   109.0997 1.4779e+02     8.1012      1.612      2.338    26.7573 0.0000e+00
      1.657      0.076     5.6786     68.166     42.368  43.834666    13.7181      8.011   109.2734 1.4451e+02     8.0973      1.622      2.352    26.7600 0.0000e+00
      1.677      0.082     5.6094     68.339     42.392  43.834670    14.2133      8.011   109.6271 1.3918e+02     8.0558      1.640      2.378    26.7608 0.0000e+00
      1.707      0.087     5.5239     68.633     42.413  43.833427    15.1337      8.012   109.9355 1.3317e+02     7.9754      1.675      2.428    26.7624 0.0000e+00
      1.737      0.088     5.4571     68.860     42.420  43.819601    15.6327      8.012   110.2480 1.2877e+02     7.9447      1.709      2.477    26.7537 0.0000e+00
      1.761      0.083     5.4446     68.924     42.410  43.794412    15.6520      8.011   110.7392 1.2571e+02     7.9236      1.728      2.507    26.7252 0.0000e+00
      1.780      0.072     5.4728     68.739     42.407  43.782739    15.5833      8.011   111.3145 1.2273e+02     7.8578      1.746      2.533    26.6952 0.0000e+00
      1.797      0.059     5.5035     68.339     42.432  43.805399    15.4848      8.010   111.7828 1.2011e+02     7.7983      1.764      2.557    26.6683 0.0000e+00
      1.809      0.050     5.5250     67.862     42.572  43.941451    15.4432      8.009   112.0997 1.1832e+02     7.7853      1.775      2.575    26.6410 0.0000e+00
      1.818      0.049     5.5377     67.784     42.904  44.221712    15.4547      8.009   112.3070 1.1707e+02     7.7339      1.784      2.587    26.6226 0.0000e+00
      1.824      0.056     5.5203     69.256     43.354  44.464511    15.5912      8.009   112.4828 1.1581e+02     7.6890      1.788      2.594    26.6131 0.0000e+00
      1.832      0.066     5.4865     72.709     43.795  44.528190    15.8528      8.010   112.6766 1.1356e+02     7.7212      1.792      2.600    26.6124 0.0000e+00
      1.848      0.078     5.4397     75.203     44.149  44.483245    16.0046      8.012   113.1009 1.0925e+02     7.7479      1.808      2.621    26.6112 0.0000e+00
      1.877      0.089     5.3995     72.400     44.393  44.428264    16.0283      8.013   113.8276 1.0385e+02     7.7719      1.840      2.669    26.6007 0.0000e+00
      1.909      0.096     5.4916     63.660     44.590  44.434263    16.0313      8.014   114.5791 9.9262e+01     7.7385      1.875      2.719    26.3725 0.0000e+00
      1.938      0.096     5.9223     51.730     44.745  44.492018    16.0740      8.015   115.2190 9.5528e+01     7.6172      1.902      2.758    25.8278 0.0000e+00
      1.963      0.090     6.3720     39.241     44.750  44.491667    16.1701      8.014   115.7137 9.2210e+01     7.5010      1.926      2.793    25.3141 0.0000e+00
      1.985      0.079     6.1796     27.880     44.657  44.430031    16.2358      8.012   116.1718 8.9460e+01     7.4604      1.947      2.824    24.9948 0.0000e+00
      2.002      0.069     5.3610     18.892     44.619  44.381598    16.2362      8.012   116.6282 8.7227e+01     7.5021      1.964      2.850    24.7860 0.0000e+00
      2.017      0.060     4.3086     13.001     44.645  44.350380    16.0080      8.011   117.1023 8.5365e+01     7.4593      1.979      2.869    24.6682 0.0000e+00
      2.030      0.056     3.2290     10.361     44.664  44.306393    15.5829      8.010   117.6021 8.3688e+01     7.2842      1.991      2.887    24.6863 0.0000e+00
      2.041      0.057     2.2397     10.354     44.644  44.230518    15.3493      8.010   117.8536 8.2067e+01     7.1958      2.003      2.904    24.7676 0.0000e+00
      2.052      0.061     1.4768     11.696     44.625  44.131136    15.3213      8.011   117.9060 8.0525e+01     7.2442      2.013      2.920    24.7506 0.0000e+00
      2.065      0.066     0.9821     13.266     44.675  44.056787    15.2117      8.012   117.9767 7.8529e+01     7.2879      2.022      2.932    24.6610 0.0000e+00
