Data/DataNotYetUploadedToEDI/Raw_CTD/RawDownloads/080524_bvr50_S8188001.cnv
* Sea-Bird SBE19plus  Data File:
* FileName = C:\R\Reservoirs\Data\DataNotYetUploadedToEDI\Raw_CTD\RawDownloads\080524_bvr50_S8188_0001.hex
* Software version 2.8.0.119
* Temperature SN = 8188
* Conductivity SN = 8188
* System UpLoad Time = Aug 05 2024 18:09:47
* <ApplicationData>
* <Seaterm232>
# nquan = 16
# nvalues = 1973                        
# units = specified
# name 0 = depFM: Depth [fresh water, m]
# name 1 = dz/dtM: Descent Rate [m/s]
# name 2 = sbeox0Mg/L: Oxygen, SBE 43 [mg/l]
# name 3 = sbeox0PS: Oxygen, SBE 43 [% saturation]
# name 4 = specc: Specific Conductance [uS/cm]
# name 5 = c0uS/cm: Conductivity [uS/cm]
# name 6 = wetCDOM: Fluorescence, WET Labs CDOM [mg/m^3]
# name 7 = flECO-AFL: Fluorescence, WET Labs ECO-AFL/FL [mg/m^3]
# name 8 = flECO-AFL1: Fluorescence, WET Labs ECO-AFL/FL, 2 [mg/m^3]
# name 9 = flECO-AFL2: Fluorescence, WET Labs ECO-AFL/FL, 3 [mg/m^3]
# name 10 = par/sat/log: PAR/Logarithmic, Satlantic
# name 11 = turbWETntu0: Turbidity, WET Labs ECO [NTU]
# name 12 = prdM: Pressure, Strain Gauge [db]
# name 13 = prdE: Pressure, Strain Gauge [psi]
# name 14 = tv290C: Temperature [ITS-90, deg C]
# name 15 = flag:  0.000e+00
# span 0 =     -0.700,      9.544       
# span 1 =     -0.267,      0.106       
# span 2 =    -0.0335,    10.5852       
# span 3 =     -0.346,    133.635       
# span 4 =   -702.435,    284.475       
# span 5 =-501.548627, 200.370318       
# span 6 =   -12.4200,    66.8700       
# span 7 =    -0.3265,    84.9561       
# span 8 =    -2.1300,     2.5560       
# span 9 =   -15.2703,    20.0079       
# span 10 = 1.1585e-01, 1.4333e+03      
# span 11 =    -1.8655,   971.0340      
# span 12 =     -0.687,      9.359      
# span 13 =     -0.996,     13.574      
# span 14 =    10.2063,    27.3285      
# span 15 = 0.0000e+00, 0.0000e+00      
# interval = seconds: 0.25
# start_time = Aug 05 2024 09:21:17 [Instrument's time stamp, header]
# bad_flag = -9.990e-29
*END*
[from data line 91]
     -0.125      0.001     6.6318     84.099     30.067  31.432498    26.0100     5.6741     0.0852     1.2690 7.4051e+02     2.8779     -0.122     -0.177    27.2702 0.0000e+00
     -0.125      0.001     6.6468     84.066     30.063  31.426811    26.0100     5.6932     0.0852     1.2690 7.7475e+02     2.7873     -0.122     -0.177    27.2700 0.0000e+00
     -0.124      0.001     6.6596     83.973     30.063  31.423834    26.0100     5.6855     0.1704     1.3536 7.8271e+02     2.7571     -0.122     -0.177    27.2691 0.0000e+00
     -0.124      0.001     6.6669     83.796     30.058  31.414806    26.0100     5.6779     0.1704     1.3536 7.6771e+02     2.7873     -0.122     -0.177    27.2675 0.0000e+00
     -0.124      0.001     6.6687     83.522     30.045  31.397320    26.0100     5.7122     0.1704     1.3536 7.3092e+02     2.8175     -0.122     -0.176    27.2650 0.0000e+00
     -0.124      0.000     6.6665     83.152     30.027  31.374679    26.0100     5.7160     0.1704     1.3536 7.2538e+02     2.7571     -0.122     -0.176    27.2615 0.0000e+00
     -0.124      0.000     6.6597     82.688     30.014  31.356778    26.1000     5.7313     0.1278     1.3959 7.4779e+02     2.7269     -0.121     -0.176    27.2568 0.0000e+00
     -0.124      0.000     6.6464     82.127     30.013  31.350792    26.1000     5.7160     0.1278     1.3959 7.7190e+02     2.7873     -0.121     -0.176    27.2510 0.0000e+00
     -0.124      0.000     6.6254     81.468     30.014  31.347160    26.1000     5.9945     0.1278     1.3959 7.5334e+02     2.7873     -0.121     -0.176    27.2443 0.0000e+00
     -0.124      0.000     6.5969     80.716     30.012  31.340929    26.1000     5.9716     0.1278     1.3959 7.6256e+02     2.7420     -0.122     -0.176    27.2372 0.0000e+00
     -0.124      0.000     6.5610     79.891     30.010  31.334421    26.0100     5.9793     0.1278     1.5228 7.6938e+02     2.7873     -0.122     -0.176    27.2299 0.0000e+00
     -0.124      0.000     6.5173     79.021     30.006  31.325900    26.0100     5.9640     0.1278     1.5228 7.5892e+02     2.8175     -0.122     -0.176    27.2224 0.0000e+00
     -0.124      0.000     6.4659     78.142     30.001  31.317076    26.0100     6.0365     0.1278     1.5228 7.4633e+02     2.7873     -0.122     -0.176    27.2148 0.0000e+00
     -0.124      0.000     6.4071     77.281     29.998  31.309579    26.0100     6.0479     0.1278     1.5228 7.5023e+02     2.7722     -0.122     -0.176    27.2072 0.0000e+00
     -0.124      0.000     6.3424     76.459     29.993  31.301411    26.0100     6.0212     0.1278     1.5228 7.6355e+02     2.8326     -0.122     -0.176    27.1997 0.0000e+00
     -0.124      0.000     6.2742     75.681     29.989  31.294377    26.0100     6.0289     0.1278     1.4805 6.9453e+02     2.7420     -0.121     -0.176    27.1926 0.0000e+00
     -0.124      0.000     6.2050     74.951     29.988  31.290584    26.0100     6.0174     0.1278     1.4805 7.3538e+02     2.7420     -0.121     -0.176    27.1860 0.0000e+00
     -0.124      0.000     6.1374     74.269     29.986  31.285036    26.0100     6.0670     0.1278     1.4805 8.3725e+02     2.8326     -0.121     -0.176    27.1800 0.0000e+00
     -0.123      0.000     6.0727     73.629     29.980  31.276254    26.0100     6.0594     0.1278     1.4805 7.3426e+02     2.7420     -0.121     -0.176    27.1744 0.0000e+00
     -0.123      0.000     6.0115     73.025     29.978  31.271854    26.0100     6.0517     0.1278     1.4382 7.8339e+02     2.7420     -0.121     -0.176    27.1693 0.0000e+00
     -0.124      0.000     5.9540     72.448     29.984  31.276639    26.0100     5.9297     0.1278     1.4382 7.6571e+02     2.7873     -0.121     -0.176    27.1646 0.0000e+00
     -0.124      0.000     5.9003     71.885     29.995  31.285908    26.0100     5.9068     0.1278     1.4382 7.6705e+02     2.7873     -0.121     -0.176    27.1601 0.0000e+00
     -0.123      0.001     5.8499     71.333     30.003  31.292175    26.0100     5.9182     0.1278     1.4382 7.7559e+02     2.7420     -0.121     -0.176    27.1559 0.0000e+00
     -0.123      0.001     5.8023     70.792     30.010  31.297112    26.1000     5.9030     0.0852     1.4382 8.4236e+02     2.8477     -0.121     -0.175    27.1519 0.0000e+00
     -0.123      0.001     5.7568     70.263     30.020  31.306019    26.1000     6.0289     0.0852     1.4382 8.4971e+02     2.8024     -0.121     -0.175    27.1481 0.0000e+00
     -0.123      0.001     5.7125     69.740     30.033  31.317287    26.1000     6.0441     0.0852     1.4382 8.5137e+02     2.7873     -0.120     -0.175    27.1444 0.0000e+00
     -0.123      0.001     5.6690     69.216     30.047  31.329937    26.1000     6.0403     0.0852     1.4382 8.4603e+02     2.7571     -0.120     -0.174    27.1411 0.0000e+00
     -0.122      0.002     5.6263     68.693     30.063  31.343360    26.0100     6.0365     0.0852     1.4805 8.6217e+02     2.8326     -0.120     -0.174    27.1379 0.0000e+00
     -0.122      0.002     5.5846     68.184     30.077  31.353168    26.0100     6.0975     0.0852     1.4805 8.9229e+02     2.7571     -0.119     -0.173    27.1347 0.0000e+00
     -0.121      0.003     5.5433     67.709     30.089  31.357994    26.0100     6.1051     0.0852     1.4805 9.7015e+02     2.8779     -0.119     -0.172    27.1317 0.0000e+00
     -0.120      0.004     5.5020     67.290     30.106  31.363108    26.0100     6.0975     0.0852     1.4805 1.0523e+03     2.7420     -0.118     -0.171    27.1284 0.0000e+00
     -0.119      0.004     5.4608     66.945     30.132  31.373856    26.0100     6.1013     0.0852     1.4805 1.0396e+03     2.7571     -0.117     -0.169    27.1238 0.0000e+00
     -0.118      0.005     5.4211     66.690     30.159  31.385137    26.1000     5.5100     0.0852     1.3959 1.0869e+03     2.8175     -0.115     -0.167    27.1161 0.0000e+00
     -0.116      0.006     5.3847     66.525     30.183  31.391992    26.1000     5.5367     0.0852     1.3959 4.7919e+02     2.7722     -0.114     -0.165    27.1025 0.0000e+00
     -0.114      0.007     5.3533     66.449     30.204  31.396247    26.1000     5.5711     0.0852     1.3959 5.9783e+02     2.8477     -0.112     -0.163    27.0816 0.0000e+00
     -0.113      0.008     5.3284     66.464     30.221  31.395054    26.1000     5.5558     0.0852     1.3959 9.7353e+02     2.8930     -0.110     -0.160    27.0553 0.0000e+00
     -0.111      0.009     5.3108     66.569     30.232  31.388093    26.0100     5.7466     0.1278     1.3536 8.7463e+02     2.8175     -0.109     -0.158    27.0266 0.0000e+00
     -0.109      0.011     5.3006     66.753     30.246  31.385456    26.0100     5.7427     0.1278     1.3536 9.6615e+02     2.8477     -0.107     -0.155    26.9968 0.0000e+00
     -0.106      0.012     5.2974     66.998     30.265  31.390423    26.0100     5.7237     0.1278     1.3536 8.3652e+02     2.8024     -0.104     -0.151    26.9666 0.0000e+00
     -0.103      0.014     5.3016     67.284     30.280  31.392369    26.0100     5.7084     0.1278     1.3536 8.9306e+02     2.8477     -0.101     -0.146    26.9362 0.0000e+00
     -0.099      0.016     5.3128     67.595     30.287  31.387827    26.1000     5.7160     0.1278     1.3536 7.6173e+02     2.8175     -0.097     -0.140    26.9062 0.0000e+00
     -0.094      0.018     5.3301     67.933     30.296  31.387536    26.1000     6.1738     0.1278     1.3536 7.0917e+02     2.6966     -0.092     -0.133    26.8781 0.0000e+00
     -0.089      0.019     5.3522     68.332     30.312  31.395402    26.1000     6.1662     0.1278     1.3536 8.0025e+02     2.9384     -0.087     -0.126    26.8527 0.0000e+00
     -0.084      0.019     5.3772     68.836     30.324  31.401571    26.1000     6.1433     0.1278     1.3536 8.6932e+02     2.6815     -0.082     -0.120    26.8301 0.0000e+00
     -0.079      0.019     5.4039     69.447     30.331  31.403706    26.1000     6.1586     0.0852     1.4382 7.0933e+02     2.9232     -0.077     -0.113    26.8104 0.0000e+00
     -0.074      0.018     5.4325     70.098     30.338  31.406358    26.1000     5.7389     0.0852     1.4382 6.1536e+02     2.7873     -0.072     -0.105    26.7942 0.0000e+00
     -0.069      0.016     5.4657     70.709     30.343  31.406253    26.1000     5.7313     0.0852     1.4382 5.1515e+02     2.8326     -0.067     -0.098    26.7813 0.0000e+00
     -0.064      0.014     5.5071     71.225     30.345  31.403360    26.1000     5.7160     0.0852     1.4382 2.8875e+02     2.7873     -0.063     -0.092    26.7709 0.0000e+00
     -0.061      0.011     5.5568     71.623     30.352  31.404876    26.1000     5.7237     0.0852     1.4382 6.9242e+02     2.7571     -0.060     -0.088    26.7620 0.0000e+00
     -0.059      0.009     5.6097     71.915     30.363  31.411204    26.0100     5.9869     0.0852     1.3536 5.9227e+02     2.8477     -0.058     -0.085    26.7539 0.0000e+00
     -0.058      0.008     5.6594     72.136     30.372  31.416064    26.0100     5.9716     0.0852     1.3536 1.4333e+03     2.8326     -0.057     -0.083    26.7456 0.0000e+00
     -0.057      0.008     5.7017     72.331     30.374  31.416770    26.0100     5.9831     0.0852     1.3536 4.1112e+02     2.7571     -0.056     -0.081    26.7366 0.0000e+00
     -0.056      0.009     5.7345     72.544     30.372  31.413509    26.0100     5.9716     0.0852     1.3536 6.9620e+02     2.7722     -0.055     -0.079    26.7274 0.0000e+00
     -0.053      0.010     5.7586     72.790     30.365  31.405413    26.1000     5.5520     0.1278     1.3536 4.9185e+02     2.8024     -0.053     -0.076    26.7193 0.0000e+00
     -0.050      0.011     5.7769     73.054     30.355  31.394304    26.1000     5.5367     0.1278     1.3536 3.5419e+02     2.7571     -0.050     -0.072    26.7134 0.0000e+00
     -0.047      0.011     5.7930     73.315     30.347  31.385188    26.1000     5.5367     0.1278     1.3536 7.8680e+02     2.8326     -0.046     -0.067    26.7100 0.0000e+00
     -0.043      0.011     5.8102     73.589     30.343  31.379618    26.1000     5.5673     0.1278     1.3536 4.2016e+02     2.8175     -0.042     -0.061    26.7083 0.0000e+00
     -0.040      0.010     5.8300     73.924     30.342  31.376106    26.1000     6.0899     0.0852     1.3536 8.5508e+02     2.8477     -0.039     -0.057    26.7073 0.0000e+00
     -0.038      0.008     5.8513     74.369     30.341  31.373717    26.1000     6.1090     0.0852     1.3536 7.2918e+02     2.8175     -0.037     -0.054    26.7059 0.0000e+00
     -0.037      0.006     5.8724     74.937     30.344  31.375797    26.1000     6.1013     0.0852     1.3536 4.7659e+02     2.9232     -0.036     -0.052    26.7039 0.0000e+00
     -0.036      0.004     5.8947     75.581     30.353  31.382900    26.1000     6.1013     0.0852     1.3536 6.7197e+02     2.8628     -0.035     -0.051    26.7013 0.0000e+00
     -0.035      0.001     5.9217     76.208     30.361  31.388953    26.1000     6.2387     0.0852     1.3536 7.8971e+02     2.8477     -0.034     -0.049    26.6985 0.0000e+00
     -0.034     -0.001     5.9577     76.711     30.369  31.395572    26.0100     6.2234     0.0852     1.3113 2.4400e+02     2.7873     -0.034     -0.049    26.6960 0.0000e+00
     -0.035     -0.003     6.0035     76.989     30.380  31.404521    26.0100     6.2348     0.0852     1.3113 2.3398e+02     2.8175     -0.034     -0.049    26.6935 0.0000e+00
     -0.036     -0.004     6.0554     76.975     30.388  31.410220    26.0100     6.2234     0.0852     1.3113 5.8371e+02     2.7873     -0.035     -0.051    26.6907 0.0000e+00
     -0.038     -0.004     6.1059     76.680     30.389  31.410204    26.0100     6.3073     0.0852     1.3113 6.4690e+02     2.8930     -0.037     -0.054    26.6875 0.0000e+00
     -0.040     -0.004     6.1466     76.199     30.385  31.404470    26.1000     6.2654     0.1704     1.3536 1.0373e+03     2.8024     -0.039     -0.057    26.6837 0.0000e+00
     -0.041     -0.003     6.1693     75.648     30.377  31.395472    26.1000     6.2959     0.1704     1.3536 7.7999e+02     2.8175     -0.040     -0.059    26.6797 0.0000e+00
     -0.042     -0.002     6.1686     75.095     30.370  31.388776    26.1000     6.2806     0.1704     1.3536 7.4358e+02     2.8326     -0.041     -0.060    26.6760 0.0000e+00
     -0.042     -0.001     6.1454     74.542     30.364  31.382598    26.1000     5.3460     0.1704     1.3536 3.9168e+02     2.8477     -0.041     -0.060    26.6732 0.0000e+00
     -0.041      0.000     6.1070     73.970     30.357  31.375290    26.1000     5.3651     0.1278     1.2267 1.1151e+03     2.7571     -0.040     -0.059    26.6714 0.0000e+00
     -0.041      0.001     6.0630     73.354     30.355  31.372870    26.1000     5.3613     0.1278     1.2267 6.1790e+02     2.8477     -0.040     -0.058    26.6704 0.0000e+00
     -0.040      0.001     6.0187     72.667     30.357  31.374692    26.1000     5.3575     0.1278     1.2267 5.3419e+02     2.8477     -0.039     -0.057    26.6702 0.0000e+00
     -0.040      0.001     5.9743     71.891     30.360  31.377259    26.1000     5.9411     0.1278     1.2267 6.9817e+02     2.6815     -0.039     -0.057    26.6704 0.0000e+00
     -0.040      0.000     5.9284     71.041     30.365  31.381255    26.1000     5.9640     0.0852     1.3113 6.2168e+02     2.7571     -0.039     -0.056    26.6706 0.0000e+00
     -0.040     -0.000     5.8790     70.165     30.368  31.383763    26.1000     5.9945     0.0852     1.3113 6.9801e+02     2.8175     -0.039     -0.056    26.6704 0.0000e+00
     -0.040     -0.001     5.8240     69.334     30.367  31.381468    26.1000     5.9564     0.0852     1.3113 6.1309e+02     2.7873     -0.039     -0.057    26.6696 0.0000e+00
     -0.040     -0.001     5.7620     68.614     30.364  31.377741    26.1000     5.9869     0.0852     1.3113 6.2343e+02     2.7873     -0.039     -0.057    26.6684 0.0000e+00
     -0.041     -0.002     5.6940     68.032     30.362  31.375572    26.1000     5.9602     0.0852     1.3113 6.7946e+02     2.7571     -0.040     -0.058    26.6670 0.0000e+00
     -0.041     -0.003     5.6239     67.582     30.362  31.374383    26.1000     5.9869     0.0852     1.4805 7.0258e+02     2.8175     -0.040     -0.058    26.6657 0.0000e+00
     -0.042     -0.004     5.5575     67.242     30.362  31.373855    26.1000     5.9526     0.0852     1.4805 7.7425e+02     2.7571     -0.041     -0.059    26.6644 0.0000e+00
     -0.043     -0.007     5.4999     66.998     30.362  31.373849    26.1000     5.7122     0.0852     1.4805 6.1589e+02     2.7873     -0.041     -0.060    26.6632 0.0000e+00
     -0.044     -0.009     5.4534     66.844     30.367  31.378347    26.1000     5.7199     0.0852     1.4805 6.2710e+02     2.8175     -0.043     -0.063    26.6620 0.0000e+00
     -0.047     -0.012     5.4174     66.784     30.381  31.392530    26.1900     5.7160     0.0852     1.3113 6.3879e+02     2.8175     -0.045     -0.066    26.6610 0.0000e+00
     -0.050     -0.015     5.3902     66.861     30.399  31.412214    26.1900     5.7656     0.0852     1.3113 5.2818e+02     2.8175     -0.049     -0.071    26.6603 0.0000e+00
     -0.054     -0.019     5.3707     67.172     30.416  31.430699    26.1900     5.6932     0.0852     1.3113 5.7315e+02     2.6966     -0.053     -0.078    26.6597 0.0000e+00
     -0.060     -0.022     5.3584     67.841     30.429  31.444947    26.1900     5.7008     0.0852     1.3113 5.9614e+02     2.8628     -0.058     -0.085    26.6592 0.0000e+00
     -0.066     -0.023     5.3536     68.947     30.436  31.454774    26.0100     5.6817     0.1278     1.4382 2.7325e+02     2.7873     -0.064     -0.094    26.6591 0.0000e+00
     -0.073     -0.024     5.3598     70.442     30.444  31.466786    26.0100     5.6664     0.1278     1.4382 3.8694e+02     2.8930     -0.071     -0.104    26.6594 0.0000e+00
