Data/DataNotYetUploadedToEDI/Raw_CTD/RawDownloads/080723_fcr50_S7809001.cnv
* Sea-Bird SBE19plus  Data File:
* FileName = C:\R\Reservoirs\Data\DataNotYetUploadedToEDI\Raw_CTD\RawDownloads\080723_fcr50_S7809_0001.hex
* Software version 2.8.0.119
* Temperature SN = 7809
* Conductivity SN = 7809
* System UpLoad Time = Aug 08 2023 11:19:38
* <ApplicationData>
* <Seaterm232>
# nquan = 15
# nvalues = 1338                        
# units = specified
# name 0 = depFM: Depth [fresh water, m]
# name 1 = dz/dtM: Descent Rate [m/s]
# name 2 = sbeox0Mg/L: Oxygen, SBE 43 [mg/l]
# name 3 = sbeox0PS: Oxygen, SBE 43 [% saturation]
# name 4 = specc: Specific Conductance [uS/cm]
# name 5 = c0uS/cm: Conductivity [uS/cm]
# name 6 = flECO-AFL: Fluorescence, WET Labs ECO-AFL/FL [mg/m^3]
# name 7 = ph: pH
# name 8 = orp: Oxidation Reduction Potential [mV]
# name 9 = par/sat/log: PAR/Logarithmic, Satlantic
# name 10 = turbWETntu0: Turbidity, WET Labs ECO [NTU]
# name 11 = prdM: Pressure, Strain Gauge [db]
# name 12 = prdE: Pressure, Strain Gauge [psi]
# name 13 = tv290C: Temperature [ITS-90, deg C]
# name 14 = flag:  0.000e+00
# span 0 =     -0.698,      9.121       
# span 1 =     -0.384,      0.585       
# span 2 =     0.2035,     9.9929       
# span 3 =      1.931,    121.149       
# span 4 =      0.303,     56.943       
# span 5 =   0.319984,  46.450767       
# span 6 =    -2.0301,    27.3606       
# span 7 =      6.563,      9.146       
# span 8 = -1240.7455,   404.0994       
# span 9 = 1.2352e-01, 2.2170e+03       
# span 10 =     0.8870,   115.3307      
# span 11 =     -0.685,      8.945      
# span 12 =     -0.993,     12.974      
# span 13 =    11.3387,    27.6803      
# span 14 = 0.0000e+00, 0.0000e+00      
# interval = seconds: 0.25
# start_time = Aug 07 2023 11:23:28 [Instrument's time stamp, header]
# bad_flag = -9.990e-29
*END*
[from data line 97]
     -0.122      0.029     7.6263     97.416     41.197  41.447350     7.9286      8.900   167.0706 2.7466e+02     3.9578     -0.118     -0.172    25.3831 0.0000e+00
     -0.112      0.024     7.5598     97.577     41.189  41.434571     7.9284      8.890   167.1866 2.6700e+02     3.9139     -0.107     -0.156    25.3400 0.0000e+00
     -0.108      0.019     7.7383     96.936     41.193  41.433516     7.9559      8.882   167.6653 2.6055e+02     3.9239     -0.106     -0.153    25.3131 0.0000e+00
     -0.106      0.014     7.9298     95.901     41.198  41.434585     7.9949      8.876   167.3517 2.5931e+02     3.9423     -0.104     -0.151    25.3030 0.0000e+00
     -0.105      0.009     8.0378     94.506     41.213  41.447486     8.0009      8.866   166.5787 2.6409e+02     3.9310     -0.103     -0.149    25.2992 0.0000e+00
     -0.103      0.005     8.0443     92.726     41.228  41.462571     7.9866      8.851   165.8904 2.6896e+02     3.8899     -0.101     -0.147    25.2931 0.0000e+00
     -0.102      0.004     7.9720     90.807     41.254  41.490046     7.9882      8.834   165.5683 2.6724e+02     3.8893     -0.100     -0.145    25.2860 0.0000e+00
     -0.101      0.004     7.8928     89.008     41.289  41.525820     8.0457      8.819   166.1248 2.6696e+02     3.9576     -0.100     -0.144    25.2807 0.0000e+00
     -0.101      0.004     7.7836     87.579     41.277  41.514300     8.1568      8.807   166.8552 2.7436e+02     3.9996     -0.099     -0.144    25.2778 0.0000e+00
     -0.100      0.004     7.6236     86.676     41.241  41.477700     8.2161      8.798   167.3452 2.8047e+02     3.9856     -0.098     -0.143    25.2785 0.0000e+00
     -0.099      0.004     7.4613     86.201     41.226  41.464094     8.2137      8.791   167.4024 2.8226e+02     3.9599     -0.097     -0.140    25.2809 0.0000e+00
     -0.097      0.004     7.3050     85.931     41.231  41.476727     8.2935      8.784   167.1173 2.8401e+02     3.9281     -0.095     -0.138    25.2816 0.0000e+00
     -0.096      0.004     7.1807     85.694     41.239  41.503520     8.4650      8.778   167.3391 2.8596e+02     3.9427     -0.094     -0.137    25.2808 0.0000e+00
     -0.095      0.004     7.1117     85.399     41.242  41.534202     8.5650      8.773   168.1047 2.8583e+02     3.9995     -0.094     -0.136    25.2806 0.0000e+00
     -0.094      0.004     7.0797     85.002     41.272  41.593873     8.5709      8.769   168.8888 2.8506e+02     3.9995     -0.092     -0.134    25.2806 0.0000e+00
     -0.093      0.004     7.0625     84.661     41.306  41.653840     8.5861      8.766   169.3343 2.8634e+02     3.9439     -0.092     -0.134    25.2858 0.0000e+00
     -0.092      0.003     7.0411     84.792     41.316  41.688094     8.6405      8.765   169.5329 2.8912e+02     3.9424     -0.090     -0.131    25.3095 0.0000e+00
     -0.091      0.003     7.0146     85.664     41.358  41.754201     8.6878      8.762   169.5691 2.9016e+02     4.0152     -0.088     -0.128    25.3488 0.0000e+00
     -0.091      0.002     6.9752     87.139     41.401  41.818497     8.7078      8.757   169.4281 2.8975e+02     4.0719     -0.089     -0.129    25.3858 0.0000e+00
     -0.090      0.001     6.9263     88.855     41.397  41.830842     8.7581      8.752   169.5490 2.8812e+02     4.0479     -0.088     -0.128    25.4162 0.0000e+00
     -0.090      0.000     6.9238     90.508     41.394  41.840030     8.8471      8.747   169.9125 2.8708e+02     3.9637     -0.088     -0.128    25.4446 0.0000e+00
     -0.090     -0.001     6.9978     91.901     41.410  41.866128     8.9015      8.741   170.0373 2.9087e+02     3.9418     -0.088     -0.128    25.4733 0.0000e+00
     -0.090     -0.002     7.1276     92.903     41.425  41.892533     8.9161      8.734   168.7355 2.9740e+02     3.9885     -0.088     -0.128    25.5010 0.0000e+00
     -0.091     -0.005     7.2742     93.425     41.425  41.905439     8.9155      8.726   166.8204 3.0395e+02     4.0159     -0.088     -0.128    25.5211 0.0000e+00
     -0.092     -0.010     7.4122     93.316     41.401  41.895264     8.8856      8.719   166.4982 3.0916e+02     4.0003     -0.090     -0.130    25.5325 0.0000e+00
     -0.093     -0.017     7.5297     92.593     41.389  41.896459     8.8544      8.711   166.9907 3.1276e+02     3.9359     -0.091     -0.132    25.5431 0.0000e+00
     -0.095     -0.027     7.6098     91.708     41.402  41.919911     8.8540      8.702   167.3550 3.1930e+02     3.9205     -0.091     -0.132    25.5574 0.0000e+00
     -0.102     -0.036     7.6558     91.123     41.400  41.924956     8.8558      8.693   166.2561 3.3097e+02     3.9515     -0.097     -0.141    25.5739 0.0000e+00
     -0.114     -0.041     7.6498     90.907     41.365  41.894008     8.7929      8.685   164.2014 3.4936e+02     3.9680     -0.111     -0.161    25.5910 0.0000e+00
     -0.131     -0.043     7.5689     90.815     41.331  41.863063     8.6773      8.677   164.0215 3.7873e+02     3.9830     -0.128     -0.185    25.6072 0.0000e+00
     -0.148     -0.040     7.4790     90.596     41.332  41.868152     8.6068      8.667   165.3719 4.0251e+02     3.9624     -0.147     -0.215    25.6212 0.0000e+00
     -0.160     -0.032     7.4298     90.290     41.351  41.892080     8.5974      8.659   166.6759 4.0888e+02     3.9580     -0.160     -0.233    25.6292 0.0000e+00
     -0.165     -0.020     7.4199     90.106     41.352  41.898511     8.4970      8.653   166.1084 4.1058e+02     3.9984     -0.162     -0.235    25.6335 0.0000e+00
     -0.166     -0.007     7.4229     90.141     41.329  41.882444     8.2830      8.647   163.9317 4.1167e+02     4.0405     -0.162     -0.235    25.6375 0.0000e+00
     -0.165      0.004     7.4010     90.280     41.327  41.888225     8.1584      8.638   162.8997 4.1261e+02     4.0230     -0.162     -0.235    25.6421 0.0000e+00
     -0.163      0.011     7.3670     90.311     41.334  41.904956     8.1469      8.628   163.6107 4.1351e+02     3.9584     -0.162     -0.234    25.6484 0.0000e+00
     -0.157      0.014     7.3476     90.087     41.316  41.894352     8.1852      8.619   164.9576 4.0791e+02     4.0107     -0.156     -0.225    25.6549 0.0000e+00
     -0.149      0.015     7.3541     89.584     41.303  41.886955     8.2473      8.611   164.9886 3.9390e+02     4.1772     -0.146     -0.211    25.6623 0.0000e+00
     -0.144      0.014     7.3708     88.851     41.291  41.878995     8.2731      8.603   163.5548 3.8161e+02     4.2974     -0.140     -0.202    25.6729 0.0000e+00
     -0.141      0.011     7.3769     87.967     41.271  41.861586     8.2721      8.596   162.8508 3.7847e+02     4.3027     -0.138     -0.200    25.6853 0.0000e+00
     -0.141      0.006     7.3563     86.982     41.272  41.866873     8.2865      8.590   163.5317 3.7948e+02     4.1732     -0.138     -0.200    25.6950 0.0000e+00
     -0.141      0.002     7.3146     86.045     41.282  41.879461     8.3210      8.584   164.7320 3.8338e+02     4.0295     -0.139     -0.201    25.7009 0.0000e+00
     -0.141      0.000     7.2490     85.199     41.290  41.886848     8.3399      8.576   165.4036 3.8801e+02     4.0003     -0.139     -0.201    25.7054 0.0000e+00
     -0.141 4.4844e-08     7.1785     84.249     41.299  41.892718     8.3409      8.569   165.1994 3.8965e+02     4.0243     -0.138     -0.200    25.7098 0.0000e+00
     -0.141 4.9329e-07     7.0920     83.314     41.297  41.886968     8.3499      8.564   164.5861 3.9113e+02     4.0133     -0.138     -0.200    25.7141 0.0000e+00
     -0.141 4.9357e-07     7.0076     82.657     41.292  41.880788     8.3658      8.560   164.0964 3.9250e+02     3.9685     -0.138     -0.200    25.7175 0.0000e+00
     -0.141 4.8229e-08     6.9566     82.306     41.293  41.881465     8.3832      8.557   163.9244 3.9334e+02     3.9951     -0.138     -0.200    25.7165 0.0000e+00
     -0.141 4.1332e-08     6.8703     82.156     41.306  41.895157     8.3929      8.552   164.8304 3.9351e+02     4.0626     -0.138     -0.200    25.7121 0.0000e+00
     -0.141 4.1018e-07     6.7837     82.101     41.327  41.919394     8.3830      8.548   166.0162 3.9252e+02     4.0321     -0.138     -0.200    25.7086 0.0000e+00
     -0.141      0.000     6.7324     82.062     41.326  41.920648     8.4130      8.544   165.6999 3.9379e+02     3.9350     -0.139     -0.201    25.7068 0.0000e+00
     -0.141      0.000     6.7067     81.975     41.313  41.910314     8.4975      8.540   165.2215 3.9959e+02     3.8787     -0.138     -0.200    25.7062 0.0000e+00
     -0.141      0.001     6.6984     81.809     41.322  41.921395     8.5477      8.535   165.2235 4.0624e+02     3.9313     -0.138     -0.200    25.7071 0.0000e+00
     -0.141      0.001     6.6943     81.490     41.326  41.927691     8.5629      8.531   165.9820 4.1096e+02     4.0248     -0.138     -0.200    25.7096 0.0000e+00
     -0.140      0.001     6.6947     80.978     41.319  41.922972     8.5891      8.528   167.6813 4.1516e+02     4.0180     -0.137     -0.199    25.7131 0.0000e+00
     -0.139      0.001     6.6856     80.335     41.321  41.927815     8.6147      8.525   168.2180 4.2102e+02     3.9521     -0.137     -0.198    25.7164 0.0000e+00
     -0.139      0.001     6.6750     79.603     41.314  41.922778     8.6146      8.521   167.1367 4.2667e+02     3.9111     -0.136     -0.198    25.7194 0.0000e+00
     -0.139      0.001     6.6512     78.781     41.315  41.925545     8.6129      8.516   165.7920 4.3095e+02     3.9323     -0.136     -0.198    25.7225 0.0000e+00
     -0.139      0.001     6.6048     77.891     41.348  41.961265     8.6611      8.511   167.0155 4.3758e+02     4.0719     -0.136     -0.197    25.7253 0.0000e+00
     -0.139      0.000     6.5513     76.991     41.358  41.973869     8.7313      8.504   170.4866 4.4457e+02     4.2334     -0.136     -0.198    25.7279 0.0000e+00
     -0.139 1.8628e-08     6.4924     76.122     41.332  41.950999     8.7453      8.497   172.1414 4.4991e+02     4.2453     -0.136     -0.197    25.7303 0.0000e+00
     -0.139 2.0490e-07     6.4241     75.288     41.317  41.938628     8.7306      8.489   171.3636 4.5829e+02     4.1810     -0.136     -0.197    25.7329 0.0000e+00
     -0.139 2.0490e-07     6.3494     74.478     41.327  41.951237     8.7541      8.483   169.8588 4.6999e+02     4.1392     -0.136     -0.197    25.7355 0.0000e+00
     -0.138 1.8627e-08     6.2740     73.689     41.349  41.976512     8.7879      8.477   170.2092 4.7954e+02     4.0816     -0.136     -0.197    25.7385 0.0000e+00
     -0.138 1.6934e-09     6.2034     72.941     41.359  41.990359     8.7979      8.470   172.5024 4.8719e+02     4.0311     -0.136     -0.197    25.7416 0.0000e+00
     -0.138 1.5392e-10     6.1353     72.269     41.356  41.991731     8.7923      8.464   173.7521 4.9193e+02     3.9730     -0.136     -0.197    25.7450 0.0000e+00
     -0.138 1.3700e-11     6.0689     71.674     41.354  41.993102     8.7952      8.460   173.2739 4.8872e+02     3.9255     -0.136     -0.197    25.7489 0.0000e+00
     -0.138 -1.976e-12     6.0041     71.140     41.364  42.006939     8.8242      8.456   172.2274 4.7870e+02     3.9699     -0.136     -0.197    25.7533 0.0000e+00
     -0.138 -3.562e-11     5.9406     70.666     41.386  42.032108     8.8516      8.454   172.0261 4.6560e+02     4.0306     -0.135     -0.196    25.7577 0.0000e+00
     -0.138 -3.931e-10     5.8857     70.260     41.394  42.043552     8.8603      8.451   173.0776 4.5155e+02     4.0102     -0.135     -0.196    25.7622 0.0000e+00
     -0.138 -4.324e-09     5.8379     69.942     41.366  42.018374     8.8542      8.448   174.2719 4.3227e+02     3.9622     -0.136     -0.197    25.7666 0.0000e+00
     -0.138 -4.756e-08     5.7931     69.698     41.327  41.981562     8.8358      8.443   174.6783 4.0214e+02     3.9283     -0.135     -0.196    25.7707 0.0000e+00
     -0.138 -5.232e-07     5.7547     69.488     41.322  41.979275     8.8378      8.439   174.4636 3.6758e+02     3.9428     -0.136     -0.197    25.7752 0.0000e+00
     -0.138      0.000     5.7196     69.293     41.330  41.990729     8.8618      8.436   173.4834 3.3868e+02     4.0006     -0.135     -0.196    25.7793 0.0000e+00
     -0.138      0.000     5.6937     69.116     41.330  41.993123     8.8762      8.433   172.5487 3.2064e+02     4.0125     -0.134     -0.195    25.7832 0.0000e+00
     -0.138     -0.001     5.6755     68.967     41.343  42.008216     8.9376      8.429   173.1436 3.1631e+02     3.9831     -0.135     -0.196    25.7868 0.0000e+00
     -0.138     -0.003     5.6580     68.873     41.379  42.046287     9.0541      8.423   173.8793 3.2970e+02     3.9534     -0.135     -0.196    25.7899 0.0000e+00
     -0.138     -0.007     5.6420     68.919     41.404  42.072624     9.1282      8.411   173.9588 3.6682e+02     3.9606     -0.135     -0.196    25.7927 0.0000e+00
     -0.138     -0.012     5.6268     69.185     41.403  42.072782     9.1503      8.394   173.1578 4.3331e+02     4.0018     -0.135     -0.196    25.7957 0.0000e+00
     -0.140     -0.016     5.6143     69.589     41.375  42.048205     9.1643      8.375   171.5068 5.2670e+02     4.0076     -0.136     -0.197    25.7981 0.0000e+00
     -0.147     -0.017     5.6039     69.951     41.229  41.902407     9.1885      8.359   171.0338 6.4459e+02     3.9962     -0.143     -0.207    25.8006 0.0000e+00
     -0.157     -0.017     5.6031     70.375     40.984  41.642778     9.2019      8.346   171.4815 7.7398e+02     3.9666     -0.157     -0.226    25.8014 0.0000e+00
     -0.164     -0.015     5.6280     72.212     40.844  41.447750     9.2015      8.338   172.1880 8.9787e+02     3.9241     -0.163     -0.236    25.8004 0.0000e+00
     -0.167     -0.011     5.6673     77.816     40.871  41.384805     9.1922      8.333   171.8326 1.0175e+03     3.9601     -0.163     -0.237    25.8068 0.0000e+00
     -0.167     -0.006     5.6986     87.207     40.957  41.389310     9.1635      8.331   169.6804 1.1312e+03     4.0260     -0.164     -0.237    25.8140 0.0000e+00
     -0.167     -0.001     5.7079     97.477     41.001  41.375155     9.1454      8.329   168.7934 1.2447e+03     4.0026     -0.163     -0.237    25.8173 0.0000e+00
     -0.166      0.002     5.7551    106.356     41.005  41.340495     9.1399      8.327   169.4541 1.3559e+03     3.9169     -0.163     -0.236    25.7587 0.0000e+00
     -0.164      0.003     6.2157    113.195     41.028  41.350982     9.0984      8.325   170.7858 1.4504e+03     3.9461     -0.161     -0.233    25.6129 0.0000e+00
     -0.162      0.003     7.1315    117.896     41.047  41.375005     9.0170      8.323   172.5045 1.5218e+03     4.0825     -0.159     -0.231    25.5069 0.0000e+00
     -0.162      0.002     8.0394    120.527     41.045  41.377094     8.9715      8.321   171.8229 1.5664e+03     4.1657     -0.159     -0.231    25.4473 0.0000e+00
     -0.162      0.002     8.7830    121.149     41.046  41.376254     8.9729      8.319   169.2558 1.5920e+03     4.1667     -0.159     -0.230    25.3871 0.0000e+00
     -0.162      0.001     9.3508    120.014     41.036  41.364847     8.9665      8.319   168.7400 1.6064e+03     4.0950     -0.159     -0.231    25.3774 0.0000e+00
     -0.162      0.000     9.7274    117.961     41.034  41.366107     8.9619      8.318   170.1460 1.6058e+03     4.0163     -0.158     -0.230    25.3955 0.0000e+00
     -0.162 2.0335e-08     9.9419    115.971     41.055  41.391484     8.9753      8.315   171.1125 1.5873e+03     3.9661     -0.159     -0.231    25.4010 0.0000e+00
     -0.162 2.2369e-07     9.9929    114.458     41.077  41.417825     8.9876      8.311   170.8758 1.5568e+03     3.9660     -0.159     -0.230    25.3963 0.0000e+00
     -0.162 2.2369e-07     9.8725    113.399     41.087  41.430727     8.9776      8.306   169.7801 1.5204e+03     3.9810     -0.159     -0.230    25.3926 0.0000e+00
