Data/DataNotYetUploadedToEDI/Raw_CTD/RawDownloads/080723_fcr50_S7809001.cnv
* Sea-Bird SBE19plus  Data File:
* FileName = C:\R\Reservoirs\Data\DataNotYetUploadedToEDI\Raw_CTD\RawDownloads\080723_fcr50_S7809_0001.hex
* Software version 2.8.0.119
* Temperature SN = 7809
* Conductivity SN = 7809
* System UpLoad Time = Aug 08 2023 11:19:38
* <ApplicationData>
* <Seaterm232>
# nquan = 15
# nvalues = 1338                        
# units = specified
# name 0 = depFM: Depth [fresh water, m]
# name 1 = dz/dtM: Descent Rate [m/s]
# name 2 = sbeox0Mg/L: Oxygen, SBE 43 [mg/l]
# name 3 = sbeox0PS: Oxygen, SBE 43 [% saturation]
# name 4 = specc: Specific Conductance [uS/cm]
# name 5 = c0uS/cm: Conductivity [uS/cm]
# name 6 = flECO-AFL: Fluorescence, WET Labs ECO-AFL/FL [mg/m^3]
# name 7 = ph: pH
# name 8 = orp: Oxidation Reduction Potential [mV]
# name 9 = par/sat/log: PAR/Logarithmic, Satlantic
# name 10 = turbWETntu0: Turbidity, WET Labs ECO [NTU]
# name 11 = prdM: Pressure, Strain Gauge [db]
# name 12 = prdE: Pressure, Strain Gauge [psi]
# name 13 = tv290C: Temperature [ITS-90, deg C]
# name 14 = flag:  0.000e+00
# span 0 =     -0.698,      9.121       
# span 1 =     -0.384,      0.585       
# span 2 =     0.2035,     9.9929       
# span 3 =      1.931,    121.149       
# span 4 =      0.303,     56.943       
# span 5 =   0.319984,  46.450767       
# span 6 =    -2.0301,    27.3606       
# span 7 =      6.563,      9.146       
# span 8 = -1240.7455,   404.0994       
# span 9 = 1.2352e-01, 2.2170e+03       
# span 10 =     0.8870,   115.3307      
# span 11 =     -0.685,      8.945      
# span 12 =     -0.993,     12.974      
# span 13 =    11.3387,    27.6803      
# span 14 = 0.0000e+00, 0.0000e+00      
# interval = seconds: 0.25
# start_time = Aug 07 2023 11:23:28 [Instrument's time stamp, header]
# bad_flag = -9.990e-29
*END*
[from data line 1157]
      8.757     -0.281     5.6019     51.295     51.806  37.707553     0.8430      6.773   276.2341 1.2367e-01    13.7744      8.581     12.446    11.3721 0.0000e+00
      8.693     -0.281     5.6007     51.341     51.827  37.720554     0.8393      6.772   275.6272 1.2365e-01    13.7439      8.518     12.356    11.3820 0.0000e+00
      8.641     -0.274     5.6019     51.383     51.843  37.726834     0.8456      6.771   276.4015 1.2371e-01    13.7696      8.476     12.294    11.3883 0.0000e+00
      8.581     -0.263     5.6003     51.418     51.841  37.720017     0.8366      6.772   278.1102 1.2373e-01    13.7785      8.425     12.220    11.3912 0.0000e+00
      8.500     -0.251     5.6038     51.445     51.822  37.701580     0.8055      6.772   278.7351 1.2373e-01    13.7822      8.339     12.095    11.3909 0.0000e+00
      8.415     -0.245     5.6107     51.463     51.818  37.694290     0.7942      6.772   278.4516 1.2372e-01    13.8147      8.242     11.953    11.3892 0.0000e+00
      8.350     -0.244     5.6156     51.480     51.824  37.695329     0.7999      6.771   278.8125 1.2366e-01    13.8987      8.178     11.861    11.3830 0.0000e+00
      8.310     -0.241     5.6201     51.498     51.850  37.714139     0.8154      6.771   281.1194 1.2366e-01    14.1146      8.152     11.823    11.3775 0.0000e+00
      8.268     -0.238     5.6240     51.508     51.872  37.731344     0.8404      6.771   286.5548 1.2371e-01    14.4090      8.118     11.775    11.3746 0.0000e+00
      8.206     -0.243     5.6256     51.499     51.845  37.712988     0.8444      6.772   293.2517 1.2369e-01    14.5551      8.052     11.680    11.3680 0.0000e+00
      8.132     -0.257     5.6288     51.492     51.803  37.682566     0.8471      6.772   298.0787 1.2367e-01    14.5834      7.971     11.562    11.3645 0.0000e+00
      8.061     -0.269     5.6299     51.492     51.803  37.680806     0.8638      6.772   300.1763 1.2372e-01    14.5456      7.902     11.461    11.3659 0.0000e+00
      7.991     -0.269     5.6327     51.479     51.820  37.691710     0.8638      6.772   299.5134 1.2375e-01    14.4397      7.841     11.373    11.3670 0.0000e+00
      7.915     -0.259     5.6298     51.460     51.816  37.687491     0.8472      6.772   294.7959 1.2375e-01    14.3617      7.761     11.258    11.3679 0.0000e+00
      7.841     -0.248     5.6281     51.440     51.825  37.693249     0.8383      6.771   286.7582 1.2374e-01    14.3197      7.680     11.139    11.3683 0.0000e+00
      7.785     -0.239     5.6310     51.418     51.831  37.697878     0.8394      6.770   279.5942 1.2371e-01    14.3082      7.631     11.067    11.3670 0.0000e+00
      7.740     -0.231     5.6278     51.405     51.805  37.680004     0.8439      6.770   275.7176 1.2368e-01    14.4965      7.596     11.018    11.3652 0.0000e+00
      7.685     -0.227     5.6262     51.406     51.787  37.667513     0.8431      6.770   274.8181 1.2371e-01    14.8542      7.540     10.936    11.3645 0.0000e+00
      7.621     -0.235     5.6248     51.408     51.797  37.673763     0.8376      6.770   275.3441 1.2372e-01    15.0460      7.470     10.834    11.3631 0.0000e+00
      7.561     -0.255     5.6212     51.396     51.824  37.692124     0.8359      6.769   275.4523 1.2368e-01    15.0047      7.412     10.750    11.3628 0.0000e+00
      7.506     -0.276     5.6196     51.391     51.835  37.699142     0.8299      6.767   275.1788 1.2365e-01    14.6279      7.365     10.682    11.3646 0.0000e+00
      7.438     -0.290     5.6200     51.408     51.829  37.695160     0.8149      6.767   275.7372 1.2361e-01    14.0090      7.304     10.594    11.3652 0.0000e+00
      7.350     -0.300     5.6217     51.424     51.843  37.707435     0.7963      6.768   277.0424 1.2357e-01    13.6713      7.211     10.460    11.3642 0.0000e+00
      7.255     -0.306     5.6193     51.450     51.858  37.720646     0.7802      6.768   277.9677 1.2357e-01    13.6530      7.108     10.308    11.3630 0.0000e+00
      7.172     -0.306     5.6169     51.479     51.864  37.727985     0.7869      6.768   277.2025 1.2362e-01    14.1625      7.028     10.193    11.3611 0.0000e+00
      7.102     -0.302     5.6224     51.484     51.869  37.732714     0.8273      6.767   276.0505 1.2367e-01    15.1866      6.968     10.106    11.3614 0.0000e+00
      7.032     -0.301     5.6213     51.494     51.845  37.714371     0.8608      6.767   277.9773 1.2370e-01    15.7870      6.897     10.003    11.3639 0.0000e+00
      6.962     -0.307     5.6241     51.518     51.825  37.696583     0.8504      6.767   280.7097 1.2372e-01    15.7519      6.823      9.897    11.3662 0.0000e+00
      6.892     -0.317     5.6300     51.549     51.843  37.708017     0.8186      6.766   279.9201 1.2372e-01    15.1038      6.764      9.812    11.3696 0.0000e+00
      6.809     -0.325     5.6271     51.593     51.868  37.725699     0.7924      6.765   276.5176 1.2366e-01    14.0309      6.686      9.698    11.3718 0.0000e+00
      6.710     -0.326     5.6286     51.608     51.858  37.720012     0.7841      6.764   273.3843 1.2363e-01    13.4711      6.578      9.541    11.3701 0.0000e+00
      6.611     -0.323     5.6327     51.574     51.831  37.702708     0.7922      6.764   271.9778 1.2365e-01    13.4254      6.476      9.392    11.3666 0.0000e+00
      6.528     -0.318     5.6346     51.535     51.835  37.706859     0.7991      6.764   271.7294 1.2363e-01    13.3410      6.397      9.278    11.3634 0.0000e+00
      6.459     -0.311     5.6421     51.515     51.833  37.706745     0.8096      6.764   271.9291 1.2364e-01    13.2366      6.334      9.187    11.3632 0.0000e+00
      6.392     -0.307     5.6455     51.516     51.824  37.701345     0.8269      6.763   272.6718 1.2366e-01    13.1884      6.272      9.095    11.3661 0.0000e+00
      6.319     -0.310     5.6374     51.534     51.828  37.705020     0.8418      6.763   273.3965 1.2365e-01    13.1685      6.200      8.992    11.3685 0.0000e+00
      6.239     -0.317     5.6332     51.542     51.804  37.687722     0.8486      6.762   273.7222 1.2360e-01    13.1664      6.120      8.877    11.3693 0.0000e+00
      6.152     -0.321     5.6309     51.546     51.797  37.682578     0.8421      6.760   274.3725 1.2360e-01    13.1293      6.036      8.755    11.3702 0.0000e+00
      6.059     -0.318     5.6303     51.567     51.831  37.706277     0.8300      6.758   275.3223 1.2369e-01    13.0952      5.943      8.618    11.3721 0.0000e+00
      5.968     -0.311     5.6343     51.607     51.852  37.720433     0.8277      6.757   276.0859 1.2372e-01    13.1293      5.846      8.479    11.3726 0.0000e+00
      5.892     -0.301     5.6348     51.657     51.864  37.726826     0.8397      6.755   276.8084 1.2364e-01    13.1667      5.773      8.373    11.3719 0.0000e+00
      5.828     -0.293     5.6333     51.681     51.855  37.720120     0.8412      6.755   277.5183 1.2355e-01    13.1376      5.718      8.292    11.3725 0.0000e+00
      5.763     -0.291     5.6366     51.661     51.829  37.702807     0.8127      6.756   278.0438 1.2370e-01    13.0506      5.656      8.203    11.3719 0.0000e+00
      5.692     -0.299     5.6405     51.638     51.833  37.707887     0.7855      6.756   278.4304 1.2552e-01    12.9683      5.583      8.097    11.3704 0.0000e+00
      5.615     -0.311     5.6482     51.633     51.847  37.718081     0.7875      6.755   278.8371 1.3339e-01    12.9627      5.508      7.987    11.3681 0.0000e+00
      5.534     -0.316     5.6532     51.625     51.823  37.699149     0.7953      6.754   279.1753 1.6831e-01    13.0513      5.432      7.878    11.3666 0.0000e+00
      5.442     -0.309     5.6472     51.600     51.784  37.669344     0.7967      6.753   279.4227 2.3723e-01    13.1854      5.341      7.747    11.3687 0.0000e+00
      5.346     -0.294     5.6433     51.560     51.793  37.675008     0.7964      6.753   279.6774 3.0984e-01    13.2519      5.236      7.595    11.3721 0.0000e+00
      5.265     -0.276     5.6448     51.531     51.835  37.704182     0.7915      6.752   279.8461 3.6154e-01    13.2064      5.151      7.472    11.3731 0.0000e+00
      5.209     -0.257     5.6439     51.541     51.837  37.704797     0.8035      6.752   279.9135 3.9806e-01    13.1814      5.104      7.404    11.3708 0.0000e+00
      5.164     -0.244     5.6422     51.576     51.807  37.682440     0.8345      6.752   279.9759 4.4551e-01    13.1884      5.069      7.352    11.3686 0.0000e+00
      5.111     -0.247     5.6366     51.609     51.813  37.687696     0.8493      6.752   279.9129 5.0954e-01    13.1551      5.016      7.275    11.3680 0.0000e+00
      5.051     -0.268     5.6312     51.626     51.834  37.704899     0.8404      6.751   279.6682 5.7419e-01    13.1537      4.952      7.183    11.3669 0.0000e+00
      4.986     -0.297     5.6341     51.638     51.825  37.700070     0.8184      6.750   279.5115 6.5296e-01    13.2061      4.892      7.096    11.3649 0.0000e+00
      4.909     -0.319     5.6391     51.649     51.814  37.692769     0.8003      6.750   279.6533 7.9323e-01    13.2426      4.825      6.999    11.3647 0.0000e+00
      4.809     -0.327     5.6433     51.637     51.796  37.680086     0.7961      6.749   279.9197 9.8937e-01    13.2186      4.721      6.848    11.3664 0.0000e+00
      4.699     -0.323     5.6440     51.592     51.787  37.673637     0.7926      6.749   280.2374 1.1809e+00    13.1900      4.599      6.670    11.3682 0.0000e+00
      4.606     -0.313     5.6444     51.532     51.795  37.678257     0.7906      6.748   280.6557 1.3362e+00    13.2041      4.508      6.537    11.3701 0.0000e+00
      4.540     -0.301     5.6473     51.491     51.788  37.672487     0.8307      6.747   281.0193 1.4535e+00    13.1841      4.448      6.451    11.3708 0.0000e+00
      4.486     -0.292     5.6460     51.465     51.779  37.667332     0.9110      6.745   281.2778 1.5585e+00    13.0846      4.401      6.383    11.3713 0.0000e+00
      4.427     -0.293     5.6405     51.420     51.795  37.679397     0.9628      6.745   281.3718 1.7075e+00    12.9915      4.346      6.305    11.3711 0.0000e+00
      4.354     -0.301     5.6327     51.369     51.811  37.691443     0.9660      6.744   281.3818 1.9245e+00    12.9472      4.273      6.198    11.3691 0.0000e+00
      4.267     -0.307     5.6275     51.343     51.802  37.686068     0.9583      6.743   281.6566 2.2106e+00    12.8557      4.189      6.076    11.3686 0.0000e+00
      4.170     -0.304     5.6280     51.326     51.787  37.677875     0.9783      6.742   282.0281 2.5606e+00    12.7395      4.091      5.933    11.3705 0.0000e+00
      4.075     -0.292     5.6215     51.301     51.754  37.655840     1.0078      6.740   282.0881 2.8853e+00    12.7384      3.986      5.782    11.3710 0.0000e+00
      4.001     -0.278     5.6138     51.261     51.686  37.610020     1.0233      6.737   282.0378 3.1034e+00    12.7738      3.912      5.674    11.3706 0.0000e+00
      3.951     -0.269     5.6123     51.184     51.613  37.568071     1.0580      6.736   282.1079 3.2606e+00    12.7228      3.871      5.616    11.3725 0.0000e+00
      3.906     -0.270     5.6109     51.070     51.535  37.529398     1.1029      6.736   282.5052 3.4634e+00    12.6681      3.836      5.565    11.3755 0.0000e+00
      3.846     -0.287     5.6074     50.931     51.407  37.459748     1.1241      6.736   283.2281 3.7662e+00    12.6595      3.780      5.482    11.3772 0.0000e+00
      3.769     -0.317     5.6045     50.745     51.217  37.360534     1.1482      6.737   283.7067 4.1506e+00    12.6520      3.698      5.365    11.3776 0.0000e+00
      3.679     -0.344     5.5947     50.463     51.029  37.281699     1.2611      6.738   283.8184 4.6107e+00    12.1689      3.612      5.238    11.3887 0.0000e+00
      3.577     -0.356     5.5781     50.041     50.913  37.268114     1.4401      6.736   283.8044 5.1918e+00    11.1903      3.515      5.097    11.4083 0.0000e+00
      3.464     -0.352     5.5624     49.430     50.879  37.323279     1.5398      6.734   283.6226 5.8395e+00    10.6574      3.394      4.923    11.4263 0.0000e+00
      3.360     -0.342     5.5390     48.463     50.943  37.441125     1.5602      6.735   283.0832 6.3686e+00    10.6112      3.282      4.759    11.4619 0.0000e+00
      3.284     -0.331     5.5031     46.911     51.039  37.550837     1.6695      6.735   282.1015 6.7763e+00    10.1532      3.215      4.662    11.5247 0.0000e+00
      3.225     -0.321     5.4478     44.616     51.048  37.571082     1.8794      6.733   280.8723 7.2892e+00     9.2526      3.170      4.596    11.5923 0.0000e+00
      3.157     -0.315     5.3782     41.519     51.023  37.559006     1.9916      6.733   279.6643 8.0486e+00     8.7410      3.104      4.500    11.6765 0.0000e+00
      3.072     -0.316     5.2743     37.768     51.079  37.595201     2.0191      6.732   278.5951 9.0114e+00     8.6466      3.014      4.372    11.7622 0.0000e+00
      2.980     -0.322     5.1062     33.734     51.477  37.881799     2.2121      6.731   277.4952 1.0093e+01     8.1803      2.920      4.234    11.7914 0.0000e+00
      2.890     -0.327     4.8627     29.983     52.135  38.422413     2.5450      6.729   275.8293 1.1347e+01     7.3385      2.832      4.108    11.7979 0.0000e+00
      2.805     -0.328     4.5199     27.094     52.846  39.118518     2.7140      6.727   273.7684 1.2821e+01     6.8373      2.749      3.988    11.8050 0.0000e+00
      2.725     -0.328     4.1002     25.385     53.505  39.888912     2.7155      6.725   272.0220 1.4329e+01     6.7319      2.668      3.869    11.8085 0.0000e+00
      2.651     -0.331     3.6446     24.834     53.416  40.185360     2.7385      6.722   270.1147 1.6224e+01     6.7136      2.602      3.773    11.7694 0.0000e+00
      2.572     -0.341     3.2094     25.011     52.875  40.101302     2.9578      6.719   267.7424 1.9132e+01     6.4106      2.530      3.668    11.7967 0.0000e+00
      2.480     -0.356     2.8752     25.277     52.930  40.332649     3.3281      6.715   265.8814 2.2775e+01     5.7667      2.433      3.528    11.9807 0.0000e+00
      2.385     -0.374     2.6735     25.056     53.241  40.824904     3.5283      6.712   264.8210 2.6730e+01     5.3845      2.335      3.387    12.2285 0.0000e+00
      2.290     -0.384     2.6095     23.948     52.960  41.103008     3.6728      6.708   264.0417 3.1606e+01     5.3083      2.250      3.263    12.6221 0.0000e+00
      2.187     -0.382     2.6335     21.899     52.201  41.030171     5.1334      6.702   263.1709 3.8194e+01     5.1867      2.152      3.121    13.0061 0.0000e+00
      2.073     -0.372     2.6756     19.075     51.523  40.769954     7.8042      6.697   261.8633 4.5440e+01     5.0417      2.027      2.941    13.0800 0.0000e+00
      1.969     -0.358     2.6654     15.731     51.226  40.559218     9.2657      6.692   260.3624 5.1823e+01     4.9894      1.920      2.785    13.1965 0.0000e+00
      1.888     -0.343     2.5137     12.244     51.387  40.576587     9.4627      6.688   258.5315 5.7947e+01     4.9644      1.850      2.682    13.8026 0.0000e+00
      1.816     -0.331     2.2629      9.011     51.762  40.789422    10.2685      6.685   256.3316 6.5417e+01     4.9105      1.785      2.588    14.4191 0.0000e+00
      1.740     -0.326     1.9591      6.441     51.911  41.038062    11.7587      6.683   254.8439 7.4781e+01     4.8845      1.708      2.478    14.6417 0.0000e+00
      1.660     -0.325     1.6022      4.875     51.434  41.171260    12.5829      6.681   254.1383 8.5484e+01     4.8888      1.626      2.359    14.6394 0.0000e+00
      1.577     -0.322     1.2405      4.335     50.421  41.194646    12.6599      6.677   254.0803 9.9176e+01     4.8934      1.552      2.250    14.4690 0.0000e+00
      1.484     -0.313     0.8981      4.472     49.492  41.194952    12.7397      6.672   254.3150 1.1658e+02     4.9745      1.460      2.117    14.3275 0.0000e+00
