Data/DataNotYetUploadedToEDI/Raw_CTD/RawDownloads/080723_bvr50_S8188002.cnv
* Sea-Bird SBE19plus  Data File:
* FileName = C:\R\Reservoirs\Data\DataNotYetUploadedToEDI\Raw_CTD\RawDownloads\080723_fcr50_S8188_0002.hex
* Software version 2.8.0.119
* Temperature SN = 8188
* Conductivity SN = 8188
* System UpLoad Time = Aug 08 2023 11:26:40
* <ApplicationData>
* <Seaterm232>
# nquan = 16
# nvalues = 5819                        
# units = specified
# name 0 = depFM: Depth [fresh water, m]
# name 1 = dz/dtM: Descent Rate [m/s]
# name 2 = sbeox0Mg/L: Oxygen, SBE 43 [mg/l]
# name 3 = sbeox0PS: Oxygen, SBE 43 [% saturation]
# name 4 = specc: Specific Conductance [uS/cm]
# name 5 = c0uS/cm: Conductivity [uS/cm]
# name 6 = wetCDOM: Fluorescence, WET Labs CDOM [mg/m^3]
# name 7 = flECO-AFL: Fluorescence, WET Labs ECO-AFL/FL [mg/m^3]
# name 8 = flECO-AFL1: Fluorescence, WET Labs ECO-AFL/FL, 2 [mg/m^3]
# name 9 = flECO-AFL2: Fluorescence, WET Labs ECO-AFL/FL, 3 [mg/m^3]
# name 10 = par/sat/log: PAR/Logarithmic, Satlantic
# name 11 = turbWETntu0: Turbidity, WET Labs ECO [NTU]
# name 12 = prdM: Pressure, Strain Gauge [db]
# name 13 = prdE: Pressure, Strain Gauge [psi]
# name 14 = tv290C: Temperature [ITS-90, deg C]
# name 15 = flag:  0.000e+00
# span 0 =     -0.777,      9.649       
# span 1 =     -0.215,      0.095       
# span 2 =     0.0533,     9.5091       
# span 3 =      0.542,    117.723       
# span 4 =   -707.775,    155.858       
# span 5 =-499.396405, 106.753211       
# span 6 =    -4.5000,     7.7400       
# span 7 =    -0.2566,    48.3739       
# span 8 =    -2.1300,     0.9798       
# span 9 =    -2.0304,    43.8651       
# span 10 = 1.1580e-01, 2.5498e+03      
# span 11 =    -1.3252,    74.0209      
# span 12 =     -0.762,      9.462      
# span 13 =     -1.106,     13.723      
# span 14 =     9.2171,    28.2796      
# span 15 = 0.0000e+00, 0.0000e+00      
# interval = seconds: 0.25
# start_time = Aug 07 2023 11:49:58 [Instrument's time stamp, header]
# bad_flag = -9.990e-29
*END*
[from data line 3255]
      5.408      0.009     0.0766      0.772     43.166  33.892401     5.4900     1.5020     0.0426     3.6378 1.5222e+00     2.1317      5.304      7.693    14.2944 0.0000e+00
      5.411      0.008     0.0778      0.766     43.139  33.863532     5.4900     1.5134     0.0426     3.6378 1.5196e+00     2.2370      5.306      7.696    14.2848 0.0000e+00
      5.413      0.008     0.0788      0.760     43.129  33.848873     5.4900     1.5020     0.0426     3.6378 1.5239e+00     2.1768      5.308      7.699    14.2743 0.0000e+00
      5.415      0.007     0.0792      0.755     43.128  33.840554     5.4900     1.5134     0.0426     3.6378 1.5358e+00     2.2219      5.310      7.702    14.2639 0.0000e+00
      5.416      0.007     0.0791      0.752     43.133  33.836356     5.4900     1.5630     0.0426     3.6801 1.5503e+00     1.9063      5.312      7.704    14.2544 0.0000e+00
      5.418      0.006     0.0785      0.753     43.152  33.843080     5.4900     1.5897     0.0426     3.6801 1.5472e+00     1.9213      5.313      7.706    14.2460 0.0000e+00
      5.419      0.006     0.0779      0.757     43.191  33.866480     5.4900     1.5706     0.0426     3.6801 1.5375e+00     1.9965      5.315      7.708    14.2377 0.0000e+00
      5.421      0.005     0.0774      0.761     43.236  33.896952     5.4900     1.5439     0.0426     3.6801 1.5104e+00     1.8762      5.316      7.710    14.2290 0.0000e+00
      5.422      0.005     0.0771      0.767     43.252  33.906976     5.4900     1.5592     0.0426     3.6801 1.5176e+00     1.9363      5.317      7.712    14.2196 0.0000e+00
      5.423      0.005     0.0772      0.774     43.231  33.891301     5.4900     1.5859     0.0426     3.7224 1.5041e+00     1.9213      5.319      7.714    14.2102 0.0000e+00
      5.424      0.005     0.0776      0.783     43.217  33.881397     5.4900     1.5592     0.0426     3.7224 1.5133e+00     1.9814      5.320      7.716    14.2020 0.0000e+00
      5.426      0.006     0.0781      0.789     43.231  33.894425     5.4900     1.5783     0.0426     3.7224 1.5140e+00     1.8762      5.321      7.717    14.1962 0.0000e+00
      5.427      0.006     0.0787      0.794     43.255  33.914056     5.4900     1.4409     0.0426     3.7224 1.5279e+00     1.6207      5.322      7.719    14.1937 0.0000e+00
      5.429      0.006     0.0794      0.797     43.268  33.925722     5.4900     1.4486     0.0426     4.0185 1.5282e+00     1.7259      5.324      7.721    14.1942 0.0000e+00
      5.431      0.006     0.0803      0.798     43.275  33.932533     5.4900     1.4409     0.0426     4.0185 1.4921e+00     1.6808      5.326      7.724    14.1960 0.0000e+00
      5.432      0.006     0.0810      0.797     43.282  33.940266     5.4900     1.4524     0.0426     4.0185 1.5232e+00     1.6658      5.327      7.726    14.1979 0.0000e+00
      5.434      0.006     0.0815      0.793     43.292  33.950983     5.4900     1.5363     0.0426     4.0185 1.4827e+00     1.6207      5.329      7.729    14.1993 0.0000e+00
      5.436      0.006     0.0818      0.785     43.298  33.959620     5.4900     1.5439     0.0426     3.5532 1.5025e+00     1.6658      5.331      7.731    14.2006 0.0000e+00
      5.437      0.006     0.0819      0.778     43.287  33.956600     5.4900     1.5592     0.0426     3.5532 1.4792e+00     1.6808      5.332      7.733    14.2024 0.0000e+00
      5.439      0.005     0.0817      0.770     43.274  33.949038     5.4900     1.5592     0.0426     3.5532 1.4496e+00     1.6658      5.334      7.736    14.2048 0.0000e+00
      5.440      0.005     0.0813      0.762     43.268  33.942839     5.4900     1.5859     0.0426     3.5532 1.4505e+00     1.6658      5.335      7.738    14.2082 0.0000e+00
      5.441      0.005     0.0806      0.757     43.248  33.924468     5.5800     1.5630     0.0426     3.0033 1.4556e+00     1.6207      5.336      7.739    14.2134 0.0000e+00
      5.442      0.006     0.0798      0.758     43.218  33.896948     5.5800     1.5706     0.0426     3.0033 1.4252e+00     1.6207      5.337      7.741    14.2192 0.0000e+00
      5.444      0.006     0.0790      0.762     43.192  33.872744     5.5800     1.5706     0.0426     3.0033 1.4277e+00     1.6357      5.339      7.743    14.2221 0.0000e+00
      5.445      0.007     0.0782      0.770     43.171  33.853322     5.5800     1.5516     0.0426     3.0033 1.4098e+00     1.7259      5.340      7.745    14.2208 0.0000e+00
      5.447      0.008     0.0777      0.781     43.161  33.841425     5.5800     1.5554     0.0426     3.0033 1.4427e+00     1.7259      5.342      7.748    14.2171 0.0000e+00
      5.449      0.009     0.0778      0.792     43.157  33.833881     5.4900     1.5706     0.0000     3.4263 1.4013e+00     1.6057      5.344      7.751    14.2129 0.0000e+00
      5.452      0.011     0.0782      0.800     43.152  33.824716     5.4900     1.5897     0.0000     3.4263 1.3792e+00     1.6808      5.346      7.754    14.2089 0.0000e+00
      5.455      0.012     0.0790      0.803     43.142  33.811487     5.4900     1.5287     0.0000     3.4263 1.3522e+00     1.6658      5.349      7.759    14.2051 0.0000e+00
      5.458      0.014     0.0802      0.799     43.134  33.798586     5.4900     1.4943     0.0000     3.4263 1.3414e+00     1.6508      5.353      7.764    14.2008 0.0000e+00
      5.462      0.015     0.0813      0.787     43.137  33.794456     5.5800     1.5134     0.0426     3.6801 1.2989e+00     1.7259      5.356      7.769    14.1955 0.0000e+00
      5.466      0.016     0.0820      0.773     43.146  33.794035     5.5800     1.5096     0.0426     3.6801 1.2843e+00     1.5907      5.360      7.775    14.1893 0.0000e+00
      5.471      0.016     0.0824      0.760     43.146  33.785328     5.5800     1.5516     0.0426     3.6801 1.2429e+00     1.9514      5.365      7.781    14.1827 0.0000e+00
      5.475      0.016     0.0820      0.750     43.139  33.769972     5.5800     1.5821     0.0426     3.6801 1.2133e+00     1.8913      5.369      7.787    14.1758 0.0000e+00
      5.479      0.016     0.0808      0.746     43.135  33.755757     5.4900     1.5554     0.0852     3.4263 1.1642e+00     1.8462      5.373      7.793    14.1684 0.0000e+00
      5.483      0.016     0.0794      0.750     43.146  33.752752     5.4900     1.5783     0.0852     3.4263 1.1521e+00     1.9814      5.377      7.799    14.1598 0.0000e+00
      5.487      0.017     0.0781      0.755     43.175  33.766097     5.4900     1.5592     0.0852     3.4263 1.2127e+00     1.5756      5.381      7.805    14.1495 0.0000e+00
      5.491      0.017     0.0771      0.758     43.202  33.781528     5.4900     1.5592     0.0852     3.4263 1.2215e+00     1.6508      5.385      7.810    14.1377 0.0000e+00
      5.496      0.017     0.0767      0.762     43.219  33.793255     5.4900     1.5935     0.0426     3.4686 1.2249e+00     1.6959      5.389      7.817    14.1246 0.0000e+00
      5.500      0.017     0.0771      0.770     43.231  33.804408     5.4900     1.5668     0.0426     3.4686 1.2394e+00     1.6808      5.394      7.823    14.1112 0.0000e+00
      5.505      0.017     0.0777      0.781     43.219  33.798156     5.4900     1.4409     0.0426     3.4686 1.2532e+00     1.3802      5.399      7.830    14.1002 0.0000e+00
      5.509      0.016     0.0780      0.794     43.176  33.764910     5.4900     1.4447     0.0426     3.4686 1.2394e+00     1.4854      5.403      7.836    14.0938 0.0000e+00
      5.513      0.016     0.0784      0.806     43.128  33.721552     5.4900     1.4829     0.0426     3.4686 1.2688e+00     1.3953      5.407      7.842    14.0922 0.0000e+00
      5.517      0.015     0.0792      0.816     43.091  33.680283     5.4000     1.4447     0.0000     3.2571 1.2961e+00     1.4854      5.411      7.848    14.0942 0.0000e+00
      5.521      0.015     0.0804      0.823     43.060  33.640000     5.4000     1.5058     0.0000     3.2571 1.2829e+00     1.4253      5.414      7.853    14.0973 0.0000e+00
      5.525      0.014     0.0817      0.827     43.035  33.601842     5.4000     1.5172     0.0000     3.2571 1.2649e+00     1.5456      5.418      7.858    14.0975 0.0000e+00
      5.528      0.014     0.0829      0.828     43.021  33.571476     5.4000     1.4905     0.0000     3.2571 1.2570e+00     1.5005      5.422      7.864    14.0909 0.0000e+00
      5.532      0.014     0.0840      0.826     43.028  33.556645     5.4000     1.4943     0.0852     3.0033 1.2688e+00     1.5005      5.425      7.869    14.0770 0.0000e+00
      5.535      0.013     0.0847      0.821     43.059  33.561317     5.4000     1.5058     0.0852     3.0033 1.2394e+00     1.6508      5.428      7.873    14.0582 0.0000e+00
      5.539      0.013     0.0851      0.812     43.096  33.574852     5.4000     1.4829     0.0852     3.0033 1.2573e+00     1.6357      5.432      7.878    14.0367 0.0000e+00
      5.542      0.013     0.0853      0.801     43.120  33.581057     5.4000     1.5020     0.0852     3.0033 1.2537e+00     1.7259      5.435      7.883    14.0136 0.0000e+00
      5.545      0.013     0.0852      0.788     43.129  33.577626     5.2200     1.5287     0.0426     3.0456 1.1934e+00     1.7109      5.438      7.887    13.9901 0.0000e+00
      5.549      0.012     0.0847      0.780     43.132  33.571564     5.2200     1.4867     0.0426     3.0456 1.2127e+00     1.3802      5.441      7.892    13.9680 0.0000e+00
      5.552      0.012     0.0838      0.778     43.145  33.573136     5.2200     1.5020     0.0426     3.0456 1.2004e+00     1.5155      5.444      7.896    13.9495 0.0000e+00
      5.555      0.013     0.0827      0.774     43.179  33.590685     5.2200     1.5020     0.0426     3.0456 1.2467e+00     1.3652      5.447      7.901    13.9351 0.0000e+00
      5.558      0.013     0.0814      0.769     43.226  33.617006     5.2200     1.5096     0.0426     3.0456 1.2051e+00     1.4253      5.450      7.905    13.9238 0.0000e+00
      5.561      0.013     0.0806      0.774     43.273  33.643275     5.3100     1.4791     0.0426     2.8341 1.1526e+00     1.7259      5.453      7.910    13.9140 0.0000e+00
      5.565      0.014     0.0804      0.782     43.328  33.676497     5.3100     1.4562     0.0426     2.8341 1.1833e+00     1.7560      5.457      7.914    13.9045 0.0000e+00
      5.568      0.015     0.0799      0.784     43.404  33.725531     5.3100     1.4219     0.0426     2.8341 1.1695e+00     1.7109      5.460      7.920    13.8939 0.0000e+00
      5.572      0.015     0.0795      0.786     43.508  33.795531     5.3100     1.4371     0.0426     2.8341 1.1695e+00     1.6057      5.464      7.925    13.8817 0.0000e+00
      5.576      0.016     0.0800      0.788     43.655  33.895262     5.3100     1.3150     0.0426     2.8341 1.1479e+00     1.7259      5.468      7.931    13.8697 0.0000e+00
      5.580      0.016     0.0808      0.790     43.842  34.019633     5.3100     1.3112     0.0426     2.8341 1.1813e+00     1.6658      5.472      7.937    13.8587 0.0000e+00
      5.584      0.016     0.0811      0.797     44.040  34.146356     5.3100     1.3189     0.0426     2.8341 1.1569e+00     1.6959      5.476      7.943    13.8479 0.0000e+00
      5.589      0.017     0.0813      0.806     44.229  34.261694     5.3100     1.3150     0.0426     2.8341 1.1446e+00     1.7109      5.480      7.949    13.8356 0.0000e+00
      5.593      0.017     0.0815      0.811     44.413  34.374617     5.2200     1.3227     0.0426     2.7918 1.1761e+00     1.5305      5.485      7.955    13.8193 0.0000e+00
      5.597      0.017     0.0818      0.814     44.616  34.503355     5.2200     1.3074     0.0426     2.7918 1.1784e+00     1.3802      5.489      7.961    13.7957 0.0000e+00
      5.601      0.017     0.0825      0.815     44.837  34.646588     5.2200     1.3189     0.0426     2.7918 1.1632e+00     1.5005      5.493      7.967    13.7646 0.0000e+00
      5.605      0.017     0.0835      0.809     45.046  34.781117     5.2200     1.3074     0.0426     2.7918 1.1759e+00     1.5456      5.497      7.973    13.7301 0.0000e+00
      5.610      0.017     0.0842      0.797     45.221  34.891322     5.3100     1.3189     0.0426     2.9610 1.1680e+00     1.5305      5.501      7.979    13.6965 0.0000e+00
      5.614      0.017     0.0845      0.782     45.366  34.980844     5.3100     1.3341     0.0426     2.9610 1.1511e+00     1.4554      5.505      7.985    13.6648 0.0000e+00
      5.618      0.016     0.0847      0.767     45.490  35.057712     5.3100     1.3189     0.0426     2.9610 1.1325e+00     1.3953      5.510      7.991    13.6338 0.0000e+00
      5.623      0.016     0.0841      0.755     45.594  35.122616     5.3100     1.3303     0.0426     2.9610 1.1589e+00     1.4404      5.514      7.997    13.6036 0.0000e+00
      5.627      0.015     0.0829      0.748     45.676  35.173060     5.3100     1.3570     0.0426     2.9610 1.1315e+00     1.5155      5.518      8.003    13.5758 0.0000e+00
      5.631      0.015     0.0814      0.749     45.740  35.212592     5.1300     1.3913     0.0426     3.1725 1.1283e+00     1.3351      5.522      8.008    13.5515 0.0000e+00
      5.634      0.014     0.0799      0.756     45.796  35.247792     5.1300     1.3723     0.0426     3.1725 1.1441e+00     1.4704      5.525      8.014    13.5308 0.0000e+00
      5.638      0.014     0.0786      0.767     45.842  35.278145     5.1300     1.3875     0.0426     3.1725 1.1183e+00     1.5005      5.529      8.019    13.5136 0.0000e+00
      5.641      0.014     0.0779      0.777     45.874  35.299860     5.1300     1.3723     0.0426     3.1725 1.1278e+00     1.4253      5.532      8.024    13.4997 0.0000e+00
      5.645      0.014     0.0780      0.780     45.896  35.314768     5.0400     1.2693     0.0426     2.9187 1.1132e+00     1.3652      5.536      8.029    13.4889 0.0000e+00
      5.648      0.014     0.0788      0.776     45.914  35.326845     5.0400     1.2616     0.0426     2.9187 1.1203e+00     1.4704      5.539      8.034    13.4808 0.0000e+00
      5.652      0.014     0.0800      0.764     45.942  35.343272     5.0400     1.2693     0.0426     2.9187 1.1242e+00     1.4554      5.542      8.038    13.4751 0.0000e+00
      5.655      0.014     0.0810      0.751     45.973  35.360506     5.0400     1.2731     0.0426     2.9187 1.1103e+00     1.3051      5.546      8.043    13.4717 0.0000e+00
      5.659      0.014     0.0813      0.747     45.991  35.367300     5.1300     1.3074     0.0426     2.8341 1.1357e+00     1.4704      5.549      8.049    13.4700 0.0000e+00
      5.662      0.014     0.0809      0.750     46.004  35.369426     5.1300     1.3150     0.0426     2.8341 1.1295e+00     1.4854      5.553      8.054    13.4676 0.0000e+00
      5.666      0.014     0.0797      0.752     46.017  35.371412     5.1300     1.3150     0.0426     2.8341 1.1364e+00     1.4253      5.557      8.059    13.4626 0.0000e+00
      5.670      0.014     0.0784      0.755     46.027  35.369825     5.1300     1.3341     0.0426     2.8341 1.1278e+00     1.3802      5.560      8.064    13.4553 0.0000e+00
      5.673      0.013     0.0779      0.762     46.037  35.368203     5.1300     1.3227     0.0426     3.0456 1.1514e+00     1.4554      5.564      8.070    13.4470 0.0000e+00
      5.677      0.013     0.0782      0.774     46.050  35.370075     5.1300     1.3417     0.0426     3.0456 1.0981e+00     1.4253      5.567      8.075    13.4385 0.0000e+00
      5.680      0.012     0.0785      0.784     46.065  35.375940     5.1300     1.3379     0.0426     3.0456 1.0993e+00     1.4554      5.571      8.079    13.4294 0.0000e+00
      5.683      0.012     0.0788      0.788     46.086  35.387361     5.1300     1.3036     0.0426     3.0456 1.1203e+00     1.4554      5.574      8.084    13.4194 0.0000e+00
