Data/DataNotYetUploadedToEDI/Raw_CTD/RawDownloads/080723_bvr50_S8188002.cnv
* Sea-Bird SBE19plus  Data File:
* FileName = C:\R\Reservoirs\Data\DataNotYetUploadedToEDI\Raw_CTD\RawDownloads\080723_fcr50_S8188_0002.hex
* Software version 2.8.0.119
* Temperature SN = 8188
* Conductivity SN = 8188
* System UpLoad Time = Aug 08 2023 11:26:40
* <ApplicationData>
* <Seaterm232>
# nquan = 16
# nvalues = 5819                        
# units = specified
# name 0 = depFM: Depth [fresh water, m]
# name 1 = dz/dtM: Descent Rate [m/s]
# name 2 = sbeox0Mg/L: Oxygen, SBE 43 [mg/l]
# name 3 = sbeox0PS: Oxygen, SBE 43 [% saturation]
# name 4 = specc: Specific Conductance [uS/cm]
# name 5 = c0uS/cm: Conductivity [uS/cm]
# name 6 = wetCDOM: Fluorescence, WET Labs CDOM [mg/m^3]
# name 7 = flECO-AFL: Fluorescence, WET Labs ECO-AFL/FL [mg/m^3]
# name 8 = flECO-AFL1: Fluorescence, WET Labs ECO-AFL/FL, 2 [mg/m^3]
# name 9 = flECO-AFL2: Fluorescence, WET Labs ECO-AFL/FL, 3 [mg/m^3]
# name 10 = par/sat/log: PAR/Logarithmic, Satlantic
# name 11 = turbWETntu0: Turbidity, WET Labs ECO [NTU]
# name 12 = prdM: Pressure, Strain Gauge [db]
# name 13 = prdE: Pressure, Strain Gauge [psi]
# name 14 = tv290C: Temperature [ITS-90, deg C]
# name 15 = flag:  0.000e+00
# span 0 =     -0.777,      9.649       
# span 1 =     -0.215,      0.095       
# span 2 =     0.0533,     9.5091       
# span 3 =      0.542,    117.723       
# span 4 =   -707.775,    155.858       
# span 5 =-499.396405, 106.753211       
# span 6 =    -4.5000,     7.7400       
# span 7 =    -0.2566,    48.3739       
# span 8 =    -2.1300,     0.9798       
# span 9 =    -2.0304,    43.8651       
# span 10 = 1.1580e-01, 2.5498e+03      
# span 11 =    -1.3252,    74.0209      
# span 12 =     -0.762,      9.462      
# span 13 =     -1.106,     13.723      
# span 14 =     9.2171,    28.2796      
# span 15 = 0.0000e+00, 0.0000e+00      
# interval = seconds: 0.25
# start_time = Aug 07 2023 11:49:58 [Instrument's time stamp, header]
# bad_flag = -9.990e-29
*END*
[from data line 4791]
      8.356     -0.026     0.0722      0.633    143.076  98.436134     6.9300     0.9450     0.1278     3.0456 1.1610e-01     4.9574      8.194     11.885     9.4027 0.0000e+00
      8.349     -0.030     0.0724      0.631    142.865  98.296077     6.9300     0.9526     0.1278     3.0456 1.1607e-01     3.8151      8.188     11.876     9.4006 0.0000e+00
      8.341     -0.034     0.0726      0.629    142.778  98.244006     6.9300     0.9679     0.1278     3.0456 1.1612e-01     3.8602      8.180     11.864     9.3987 0.0000e+00
      8.331     -0.037     0.0727      0.628    142.755  98.238222     6.9300     0.9374     0.1278     3.0456 1.1617e-01     3.8151      8.170     11.849     9.3976 0.0000e+00
      8.320     -0.037     0.0725      0.632    142.698  98.207648     6.9300     0.9870     0.1278     3.0879 1.1605e-01     3.7700      8.158     11.833     9.3977 0.0000e+00
      8.308     -0.035     0.0722      0.641    142.614  98.156052     6.9300     1.0137     0.1278     3.0879 1.1600e-01     3.6047      8.147     11.817     9.3993 0.0000e+00
      8.298     -0.031     0.0720      0.650    142.517  98.093517     6.9300     1.0442     0.1278     3.0879 1.1607e-01     3.5295      8.137     11.803     9.4023 0.0000e+00
      8.290     -0.026     0.0719      0.657    142.358  97.987473     6.9300     0.9984     0.1278     3.0879 1.1597e-01     3.6348      8.130     11.792     9.4056 0.0000e+00
      8.285     -0.021     0.0724      0.660    142.076  97.797721     6.9300     0.9870     0.0852     2.7495 1.1600e-01     3.5295      8.125     11.785     9.4086 0.0000e+00
      8.282     -0.016     0.0734      0.655    141.645  97.507434     6.9300     1.0862     0.0852     2.7495 1.1602e-01     5.2430      8.122     11.780     9.4110 0.0000e+00
      8.279     -0.013     0.0743      0.641    141.095  97.140523     6.9300     1.0862     0.0852     2.7495 1.1610e-01     5.3332      8.119     11.776     9.4126 0.0000e+00
      8.277     -0.011     0.0751      0.626    140.496  96.746155     6.9300     1.0594     0.0852     2.7495 1.1612e-01     5.1829      8.117     11.772     9.4138 0.0000e+00
      8.274     -0.011     0.0755      0.612    139.992  96.423779     7.0200     1.1014     0.0852     3.1725 1.1612e-01     5.3332      8.115     11.769     9.4151 0.0000e+00
      8.272     -0.012     0.0749      0.603    139.683  96.236419     7.0200     0.9908     0.0852     3.1725 1.1610e-01     7.6328      8.112     11.765     9.4175 0.0000e+00
      8.269     -0.014     0.0734      0.603    139.526  96.150005     7.0200     0.9412     0.0852     3.1725 1.1605e-01     7.6027      8.109     11.762     9.4217 0.0000e+00
      8.266     -0.017     0.0716      0.608    139.532  96.171292     7.0200     0.9679     0.0852     3.1725 1.1605e-01     7.6328      8.106     11.757     9.4283 0.0000e+00
      8.262     -0.021     0.0699      0.618    139.688  96.290067     6.9300     0.9946     0.0852     2.9610 1.1600e-01     7.6628      8.102     11.751     9.4369 0.0000e+00
      8.257     -0.026     0.0690      0.634    139.896  96.438680     6.9300     0.8992     0.0852     2.9610 1.1617e-01     6.6258      8.097     11.744     9.4461 0.0000e+00
      8.250     -0.031     0.0689      0.649    140.078  96.565381     6.9300     0.8763     0.0852     2.9610 1.1610e-01     6.8061      8.090     11.734     9.4538 0.0000e+00
      8.241     -0.036     0.0694      0.658    140.207  96.654293     6.9300     0.9069     0.0852     2.9610 1.1602e-01     6.7310      8.081     11.721     9.4598 0.0000e+00
      8.230     -0.040     0.0706      0.658    140.301  96.717207     6.9300     0.9069     0.0852     2.9610 1.1595e-01     6.7761      8.071     11.706     9.4638 0.0000e+00
      8.218     -0.043     0.0724      0.655    140.362  96.756994     6.9300     0.8725     0.0852     2.7918 1.1602e-01     4.0406      8.060     11.689     9.4658 0.0000e+00
      8.207     -0.044     0.0741      0.653    140.358  96.752479     6.9300     0.8954     0.0852     2.7918 1.1625e-01     4.0556      8.048     11.672     9.4663 0.0000e+00
      8.195     -0.044     0.0751      0.650    140.255  96.680606     6.9300     0.8763     0.0852     2.7918 1.1633e-01     4.1758      8.036     11.656     9.4661 0.0000e+00
      8.183     -0.042     0.0751      0.646    140.027  96.526180     6.9300     0.9069     0.0852     2.7918 1.1625e-01     4.0706      8.025     11.639     9.4655 0.0000e+00
      8.173     -0.039     0.0748      0.642    139.675  96.289740     6.9300     1.0289     0.0852     3.0033 1.1607e-01     5.4534      8.015     11.624     9.4646 0.0000e+00
      8.163     -0.035     0.0746      0.638    139.299  96.039345     6.9300     1.0251     0.0852     3.0033 1.1597e-01     5.4534      8.005     11.610     9.4640 0.0000e+00
      8.154     -0.030     0.0743      0.636    138.986  95.835362     6.9300     1.0366     0.0852     3.0033 1.1620e-01     5.5135      7.996     11.598     9.4639 0.0000e+00
      8.147     -0.026     0.0739      0.636    138.696  95.647232     6.9300     1.0137     0.0852     3.0033 1.1607e-01     5.5436      7.989     11.588     9.4647 0.0000e+00
      8.141     -0.022     0.0733      0.636    138.383  95.444652     6.9300     1.0366     0.0852     2.7495 1.1617e-01     4.0406      7.984     11.580     9.4669 0.0000e+00
      8.137     -0.019     0.0729      0.631    138.067  95.241142     6.9300     1.0213     0.0852     2.7495 1.1605e-01     4.0857      7.980     11.574     9.4702 0.0000e+00
      8.133     -0.017     0.0727      0.622    137.810  95.077779     6.9300     1.0022     0.0852     2.7495 1.1597e-01     4.0105      7.976     11.568     9.4743 0.0000e+00
      8.130     -0.017     0.0727      0.616    137.687  95.006347     6.9300     1.0060     0.0852     2.7495 1.1612e-01     4.0556      7.973     11.563     9.4786 0.0000e+00
      8.126     -0.019     0.0727      0.617    137.715  95.037594     6.9300     1.0366     0.0852     2.7495 1.1628e-01     3.7851      7.969     11.558     9.4833 0.0000e+00
      8.121     -0.022     0.0721      0.622    137.841  95.134166     6.9300     1.0213     0.1278     2.9610 1.1607e-01     3.8301      7.964     11.551     9.4885 0.0000e+00
      8.116     -0.027     0.0710      0.630    138.006  95.254278     6.9300     0.9984     0.1278     2.9610 1.1605e-01     3.7851      7.959     11.543     9.4937 0.0000e+00
      8.109     -0.031     0.0703      0.637    138.203  95.392221     6.9300     1.0137     0.1278     2.9610 1.1592e-01     3.8301      7.952     11.533     9.4985 0.0000e+00
      8.100     -0.036     0.0704      0.643    138.407  95.531146     6.9300     0.9069     0.1278     2.9610 1.1617e-01     2.9283      7.943     11.521     9.5028 0.0000e+00
      8.090     -0.039     0.0711      0.651    138.513  95.600830     7.0200     0.8878     0.0852     2.9610 1.1607e-01     2.8231      7.933     11.506     9.5065 0.0000e+00
      8.078     -0.041     0.0720      0.657    138.456  95.558275     7.0200     0.9145     0.0852     2.9610 1.1610e-01     2.8832      7.922     11.489     9.5088 0.0000e+00
      8.066     -0.040     0.0728      0.655    138.234  95.404051     7.0200     0.8878     0.0852     2.9610 1.1617e-01     2.8231      7.910     11.472     9.5094 0.0000e+00
      8.054     -0.038     0.0734      0.646    137.849  95.142722     7.0200     0.9450     0.0852     2.9610 1.1617e-01     3.1989      7.898     11.455     9.5088 0.0000e+00
      8.044     -0.034     0.0744      0.636    137.391  94.835702     6.9300     0.9717     0.0852     2.5380 1.1615e-01     3.1538      7.889     11.441     9.5075 0.0000e+00
      8.037     -0.030     0.0750      0.625    136.986  94.569965     6.9300     0.9565     0.0852     2.5380 1.1617e-01     3.0786      7.881     11.431     9.5063 0.0000e+00
      8.031     -0.026     0.0747      0.616    136.702  94.391841     6.9300     0.9374     0.0852     2.5380 1.1602e-01     2.9734      7.875     11.422     9.5061 0.0000e+00
      8.026     -0.024     0.0738      0.610    136.604  94.341229     6.9300     1.0175     0.0852     2.5380 1.1605e-01     3.0486      7.871     11.415     9.5074 0.0000e+00
      8.021     -0.024     0.0726      0.608    136.731  94.442373     6.9300     1.0404     0.0852     2.7495 1.1605e-01     3.2740      7.866     11.408     9.5107 0.0000e+00
      8.015     -0.026     0.0713      0.611    137.029  94.654711     6.9300     1.0289     0.0852     2.7495 1.1600e-01     3.1388      7.860     11.400     9.5159 0.0000e+00
      8.009     -0.029     0.0703      0.614    137.379  94.895824     6.9300     1.0366     0.0852     2.7495 1.1612e-01     3.0335      7.854     11.391     9.5223 0.0000e+00
      8.001     -0.032     0.0696      0.618    137.685  95.100895     6.9300     0.9641     0.0852     2.7495 1.1612e-01     2.7931      7.847     11.381     9.5287 0.0000e+00
      7.992     -0.035     0.0694      0.622    137.886  95.229264     6.9300     0.9412     0.0852     2.7495 1.1605e-01     2.8983      7.838     11.368     9.5335 0.0000e+00
      7.982     -0.037     0.0697      0.627    137.900  95.227757     6.8400     0.9755     0.0852     2.7918 1.1600e-01     2.8231      7.828     11.353     9.5359 0.0000e+00
      7.971     -0.036     0.0701      0.634    137.707  95.086039     6.8400     0.9717     0.0852     2.7918 1.1612e-01     2.8832      7.817     11.337     9.5357 0.0000e+00
      7.960     -0.034     0.0705      0.642    137.422  94.885504     6.8400     1.0251     0.0852     2.7918 1.1612e-01     2.8081      7.806     11.322     9.5333 0.0000e+00
      7.951     -0.030     0.0709      0.647    137.169  94.711723     6.8400     1.0213     0.0852     2.7918 1.1612e-01     2.8983      7.798     11.309     9.5295 0.0000e+00
      7.945     -0.025     0.0715      0.649    137.020  94.611715     6.9300     1.0175     0.0852     2.6649 1.1612e-01     2.8532      7.791     11.300     9.5255 0.0000e+00
      7.940     -0.020     0.0724      0.649    136.982  94.588605     6.9300     1.0251     0.0852     2.6649 1.1623e-01     2.8382      7.787     11.293     9.5224 0.0000e+00
      7.936     -0.017     0.0733      0.645    137.008  94.608424     6.9300     1.0289     0.0852     2.6649 1.1623e-01     2.8682      7.783     11.288     9.5210 0.0000e+00
      7.933     -0.015     0.0739      0.640    137.050  94.638716     6.9300     1.0785     0.0852     2.6649 1.1607e-01     2.9434      7.780     11.284     9.5214 0.0000e+00
      7.930     -0.015     0.0741      0.634    137.081  94.663721     6.9300     1.0709     0.0852     2.9610 1.1612e-01     2.8532      7.777     11.279     9.5225 0.0000e+00
      7.926     -0.017     0.0741      0.629    137.105  94.684150     6.9300     1.0976     0.0852     2.9610 1.1605e-01     2.8231      7.773     11.274     9.5236 0.0000e+00
      7.922     -0.020     0.0737      0.627    137.150  94.719355     6.9300     1.0900     0.0852     2.9610 1.1612e-01     2.8682      7.769     11.269     9.5242 0.0000e+00
      7.917     -0.024     0.0730      0.630    137.247  94.788656     6.9300     1.0175     0.0852     2.9610 1.1623e-01     4.7921      7.764     11.261     9.5249 0.0000e+00
      7.911     -0.028     0.0723      0.632    137.356  94.864846     6.9300     1.0289     0.0852     2.9610 1.1620e-01     4.8221      7.758     11.253     9.5260 0.0000e+00
      7.903     -0.032     0.0717      0.630    137.435  94.918584     6.9300     1.0289     0.0852     2.9610 1.1605e-01     4.7019      7.750     11.241     9.5276 0.0000e+00
      7.894     -0.035     0.0715      0.625    137.482  94.950296     6.9300     1.0289     0.0852     2.9610 1.1620e-01     4.7320      7.741     11.227     9.5289 0.0000e+00
      7.883     -0.036     0.0718      0.622    137.478  94.946587     6.9300     0.8306     0.0852     2.9610 1.1617e-01     3.5746      7.730     11.212     9.5298 0.0000e+00
      7.872     -0.035     0.0721      0.624    137.412  94.900509     6.9300     0.8267     0.0852     2.9610 1.1605e-01     3.5897      7.720     11.197     9.5302 0.0000e+00
      7.863     -0.032     0.0719      0.628    137.314  94.833543     6.9300     0.8153     0.0426     2.8764 1.1607e-01     3.6348      7.710     11.183     9.5300 0.0000e+00
      7.855     -0.029     0.0713      0.633    137.214  94.767559     6.9300     0.8344     0.0426     2.8764 1.1623e-01     3.5897      7.703     11.172     9.5297 0.0000e+00
      7.849     -0.025     0.0710      0.637    137.121  94.708798     6.9300     0.9946     0.0426     2.8764 1.1623e-01     3.8301      7.697     11.163     9.5294 0.0000e+00
      7.844     -0.022     0.0712      0.637    137.038  94.657482     6.9300     0.9641     0.0426     2.8764 1.1617e-01     3.8752      7.692     11.156     9.5292 0.0000e+00
      7.839     -0.020     0.0716      0.636    136.956  94.607872     6.9300     0.9717     0.0852     2.8764 1.1610e-01     3.9053      7.687     11.150     9.5294 0.0000e+00
      7.834     -0.020     0.0722      0.633    136.865  94.550711     6.9300     0.9603     0.0852     2.8764 1.1623e-01     3.8452      7.683     11.143     9.5306 0.0000e+00
      7.830     -0.022     0.0726      0.625    136.760  94.484662     6.9300     0.9641     0.0852     2.8764 1.1620e-01     2.8832      7.678     11.137     9.5325 0.0000e+00
      7.825     -0.024     0.0727      0.617    136.634  94.404029     6.9300     0.9488     0.0852     2.8764 1.1617e-01     2.8532      7.673     11.129     9.5348 0.0000e+00
      7.819     -0.027     0.0726      0.609    136.458  94.289297     6.9300     0.9526     0.0852     2.9610 1.1605e-01     2.8682      7.668     11.121     9.5372 0.0000e+00
      7.812     -0.031     0.0722      0.602    136.251  94.155556     6.9300     0.9488     0.0852     2.9610 1.1605e-01     2.8231      7.660     11.110     9.5394 0.0000e+00
      7.803     -0.033     0.0713      0.597    136.100  94.062485     6.9300     1.0289     0.0852     2.9610 1.1615e-01     2.8532      7.652     11.098     9.5416 0.0000e+00
      7.793     -0.033     0.0704      0.595    136.015  94.017046     6.9300     1.0289     0.0852     2.9610 1.1612e-01     2.8682      7.642     11.084     9.5439 0.0000e+00
      7.783     -0.032     0.0695      0.596    135.895  93.947533     6.9300     0.9908     0.0852     2.9610 1.1612e-01     2.7931      7.632     11.069     9.5466 0.0000e+00
      7.774     -0.029     0.0686      0.602    135.668  93.803630     6.9300     1.0213     0.0852     2.6226 1.1623e-01     2.9734      7.623     11.056     9.5500 0.0000e+00
      7.766     -0.024     0.0680      0.613    135.372  93.614496     6.9300     1.0213     0.0852     2.6226 1.1605e-01     3.3492      7.616     11.046     9.5542 0.0000e+00
      7.761     -0.019     0.0678      0.624    135.096  93.440927     6.9300     1.0137     0.0852     2.6226 1.1605e-01     3.2740      7.611     11.039     9.5590 0.0000e+00
      7.758     -0.014     0.0680      0.636    134.902  93.324034     6.9300     1.0175     0.0852     2.6226 1.1600e-01     3.3342      7.607     11.034     9.5638 0.0000e+00
      7.755     -0.011     0.0687      0.647    134.801  93.270384     6.9300     1.0366     0.0426     2.5380 1.1600e-01     3.3943      7.605     11.030     9.5688 0.0000e+00
      7.753     -0.008     0.0698      0.652    134.759  93.253753     6.9300     1.0938     0.0426     2.5380 1.1617e-01     3.9203      7.603     11.028     9.5745 0.0000e+00
      7.752     -0.007     0.0711      0.649    134.758  93.261763     6.9300     1.0785     0.0426     2.5380 1.1612e-01     4.0406      7.602     11.026     9.5809 0.0000e+00
      7.751     -0.007     0.0724      0.645    134.836  93.320383     6.9300     1.1052     0.0426     2.5380 1.1605e-01     4.0406      7.601     11.024     9.5874 0.0000e+00
      7.749     -0.007     0.0738      0.641    135.008  93.437302     7.0200     1.0976     0.0426     2.7495 1.1612e-01     4.0406      7.599     11.022     9.5932 0.0000e+00
