Data/DataNotYetUploadedToEDI/Raw_CTD/RawDownloads/080723_fcr50_S8188001.cnv
* Sea-Bird SBE19plus  Data File:
* FileName = C:\R\Reservoirs\Data\DataNotYetUploadedToEDI\Raw_CTD\RawDownloads\080723_fcr50_S8188_0001.hex
* Software version 2.8.0.119
* Temperature SN = 8188
* Conductivity SN = 8188
* System UpLoad Time = Aug 08 2023 11:25:19
* <ApplicationData>
* <Seaterm232>
# nquan = 16
# nvalues = 1347                        
# units = specified
# name 0 = depFM: Depth [fresh water, m]
# name 1 = dz/dtM: Descent Rate [m/s]
# name 2 = sbeox0Mg/L: Oxygen, SBE 43 [mg/l]
# name 3 = sbeox0PS: Oxygen, SBE 43 [% saturation]
# name 4 = specc: Specific Conductance [uS/cm]
# name 5 = c0uS/cm: Conductivity [uS/cm]
# name 6 = wetCDOM: Fluorescence, WET Labs CDOM [mg/m^3]
# name 7 = flECO-AFL: Fluorescence, WET Labs ECO-AFL/FL [mg/m^3]
# name 8 = flECO-AFL1: Fluorescence, WET Labs ECO-AFL/FL, 2 [mg/m^3]
# name 9 = flECO-AFL2: Fluorescence, WET Labs ECO-AFL/FL, 3 [mg/m^3]
# name 10 = par/sat/log: PAR/Logarithmic, Satlantic
# name 11 = turbWETntu0: Turbidity, WET Labs ECO [NTU]
# name 12 = prdM: Pressure, Strain Gauge [db]
# name 13 = prdE: Pressure, Strain Gauge [psi]
# name 14 = tv290C: Temperature [ITS-90, deg C]
# name 15 = flag:  0.000e+00
# span 0 =     -0.692,      9.154       
# span 1 =     -0.392,      0.114       
# span 2 =    -0.1795,     9.6737       
# span 3 =     -2.049,    116.738       
# span 4 =      1.126,     56.173       
# span 5 =   1.066164,  44.294994       
# span 6 =    -4.5000,    43.7400       
# span 7 =    -0.1460,    16.9784       
# span 8 =    -2.1300,     0.6390       
# span 9 =    -2.0304,     8.1639       
# span 10 = 1.1585e-01, 2.1978e+02      
# span 11 =    -0.4835,   131.8869      
# span 12 =     -0.679,      8.977      
# span 13 =     -0.984,     13.019      
# span 14 =    11.3329,    24.9212      
# span 15 = 0.0000e+00, 0.0000e+00      
# interval = seconds: 0.25
# start_time = Aug 07 2023 08:38:52 [Instrument's time stamp, header]
# bad_flag = -9.990e-29
*END*
[from data line 724]
      5.232      0.047     5.4874     50.237     51.645  37.561794     4.3200     0.8573     0.2556     0.3384 1.1615e-01    11.4354      5.131      7.441    11.3821 0.0000e+00
      5.245      0.051     5.4882     50.247     51.634  37.549775     4.3200     0.8420     0.2556     0.3384 1.1600e-01    11.3903      5.144      7.460    11.3785 0.0000e+00
      5.260      0.054     5.4893     50.253     51.615  37.532702     4.3200     0.7161     0.2556     0.3384 1.1612e-01    11.5707      5.158      7.482    11.3733 0.0000e+00
      5.275      0.056     5.4909     50.256     51.608  37.525829     4.3200     0.7085     0.2556     0.3384 1.1585e-01    11.4805      5.173      7.504    11.3677 0.0000e+00
      5.290      0.056     5.4928     50.257     51.605  37.523363     4.3200     0.7276     0.2556     0.2961 1.1607e-01    11.4354      5.188      7.525    11.3626 0.0000e+00
      5.305      0.056     5.4944     50.254     51.596  37.516723     4.3200     0.7199     0.2556     0.2961 1.1617e-01    11.4504      5.202      7.545    11.3585 0.0000e+00
      5.318      0.054     5.4954     50.235     51.594  37.516022     4.3200     0.7047     0.2556     0.2961 1.1610e-01    11.4504      5.216      7.565    11.3556 0.0000e+00
      5.332      0.054     5.4959     50.199     51.600  37.521074     4.3200     0.7009     0.2556     0.2961 1.1600e-01    11.4204      5.229      7.584    11.3538 0.0000e+00
      5.345      0.054     5.4962     50.160     51.605  37.525304     4.3200     0.7123     0.2556     0.2961 1.1607e-01    11.4504      5.242      7.602    11.3532 0.0000e+00
      5.358      0.056     5.4958     50.128     51.611  37.529839     4.4100     0.7619     0.2556     0.2961 1.1612e-01    11.4204      5.255      7.621    11.3535 0.0000e+00
      5.372      0.059     5.4936     50.109     51.620  37.535889     4.4100     0.7161     0.2556     0.2961 1.1612e-01    11.4805      5.268      7.641    11.3543 0.0000e+00
      5.386      0.063     5.4896     50.107     51.629  37.541104     4.4100     0.7161     0.2556     0.2961 1.1610e-01    11.3753      5.282      7.661    11.3552 0.0000e+00
      5.402      0.068     5.4852     50.129     51.633  37.542915     4.4100     0.7428     0.2556     0.2961 1.1600e-01    11.5105      5.298      7.684    11.3558 0.0000e+00
      5.420      0.073     5.4817     50.175     51.639  37.545765     4.3200     0.7505     0.2130     0.2961 1.1617e-01    11.4204      5.315      7.709    11.3559 0.0000e+00
      5.440      0.076     5.4797     50.235     51.647  37.550415     4.3200     0.7276     0.2130     0.2961 1.1617e-01    11.2550      5.335      7.738    11.3553 0.0000e+00
      5.462      0.079     5.4796     50.296     51.654  37.554143     4.3200     0.7466     0.2130     0.2961 1.1585e-01    11.1799      5.356      7.768    11.3542 0.0000e+00
      5.483      0.081     5.4822     50.351     51.655  37.553981     4.3200     0.7276     0.2130     0.2961 1.1620e-01    11.2099      5.377      7.799    11.3529 0.0000e+00
      5.504      0.082     5.4875     50.401     51.650  37.549887     4.3200     0.7352     0.2556     0.2115 1.1605e-01    11.2250      5.398      7.829    11.3514 0.0000e+00
      5.524      0.082     5.4942     50.440     51.649  37.548692     4.3200     0.6818     0.2556     0.2115 1.1625e-01    11.5105      5.417      7.857    11.3502 0.0000e+00
      5.545      0.081     5.5009     50.462     51.652  37.550076     4.3200     0.7123     0.2556     0.2115 1.1605e-01    11.4053      5.437      7.886    11.3493 0.0000e+00
      5.565      0.081     5.5071     50.462     51.653  37.550448     4.3200     0.6894     0.2556     0.2115 1.1625e-01    11.4053      5.457      7.915    11.3486 0.0000e+00
      5.586      0.081     5.5125     50.454     51.648  37.545944     4.3200     0.6894     0.2982     0.2115 1.1617e-01    11.4805      5.478      7.945    11.3479 0.0000e+00
      5.607      0.080     5.5170     50.447     51.634  37.535365     4.3200     0.6856     0.2982     0.2115 1.1605e-01    10.9544      5.498      7.975    11.3472 0.0000e+00
      5.627      0.080     5.5194     50.439     51.624  37.527772     4.3200     0.6856     0.2982     0.2115 1.1612e-01    10.9394      5.518      8.004    11.3466 0.0000e+00
      5.648      0.079     5.5195     50.422     51.621  37.525104     4.3200     0.7047     0.2982     0.2115 1.1602e-01    11.0596      5.538      8.033    11.3459 0.0000e+00
      5.668      0.078     5.5187     50.393     51.617  37.522686     4.3200     0.6856     0.2982     0.2115 1.1628e-01    10.9995      5.558      8.061    11.3454 0.0000e+00
      5.687      0.076     5.5180     50.358     51.619  37.523836     4.3200     0.6932     0.2982     0.3384 1.1605e-01    10.8943      5.577      8.089    11.3449 0.0000e+00
      5.706      0.075     5.5171     50.322     51.626  37.528861     4.3200     0.7009     0.2982     0.3384 1.1607e-01    11.0296      5.596      8.116    11.3446 0.0000e+00
      5.725      0.072     5.5153     50.288     51.634  37.535139     4.3200     0.6589     0.2982     0.3384 1.1615e-01    10.9995      5.614      8.143    11.3444 0.0000e+00
      5.744      0.070     5.5121     50.256     51.646  37.544344     4.3200     0.6780     0.2982     0.3384 1.1615e-01    11.0146      5.632      8.170    11.3442 0.0000e+00
      5.762      0.067     5.5083     50.228     51.660  37.554968     4.3200     0.6627     0.2982     0.2961 1.1605e-01    10.9845      5.650      8.195    11.3442 0.0000e+00
      5.778      0.064     5.5044     50.207     51.669  37.561924     4.3200     0.6665     0.2982     0.2961 1.1610e-01    10.9695      5.666      8.219    11.3443 0.0000e+00
      5.794      0.061     5.5006     50.194     51.670  37.563102     4.3200     0.6856     0.2982     0.2961 1.1625e-01    10.9695      5.682      8.241    11.3445 0.0000e+00
      5.809      0.058     5.4971     50.186     51.663  37.558819     4.3200     0.6703     0.2982     0.2961 1.1617e-01    10.9995      5.696      8.262    11.3450 0.0000e+00
      5.823      0.054     5.4939     50.183     51.653  37.551893     4.3200     0.6322     0.2556     0.2961 1.1600e-01    11.1949      5.710      8.282    11.3456 0.0000e+00
      5.837      0.051     5.4916     50.187     51.647  37.548400     4.3200     0.6208     0.2556     0.2961 1.1615e-01    11.2701      5.724      8.302    11.3461 0.0000e+00
      5.849      0.048     5.4901     50.194     51.651  37.551370     4.3200     0.6093     0.2556     0.2961 1.1612e-01    11.1949      5.736      8.320    11.3465 0.0000e+00
      5.861      0.045     5.4891     50.201     51.659  37.557633     4.3200     0.6246     0.2556     0.2961 1.1623e-01    11.2250      5.748      8.337    11.3471 0.0000e+00
      5.872      0.042     5.4888     50.209     51.663  37.560938     4.4100     0.6932     0.2556     0.3807 1.1625e-01    10.9845      5.759      8.352    11.3477 0.0000e+00
      5.882      0.039     5.4892     50.219     51.664  37.562164     4.4100     0.6742     0.2556     0.3807 1.1628e-01    11.0296      5.768      8.366    11.3483 0.0000e+00
      5.891      0.037     5.4899     50.234     51.668  37.565602     4.4100     0.6818     0.2556     0.3807 1.1612e-01    10.9394      5.777      8.379    11.3488 0.0000e+00
      5.900      0.036     5.4906     50.252     51.675  37.572167     4.4100     0.6932     0.2556     0.3807 1.1602e-01    10.9695      5.786      8.392    11.3491 0.0000e+00
      5.908      0.036     5.4914     50.264     51.677  37.575687     4.4100     0.6589     0.2556     0.3807 1.1617e-01    11.3001      5.794      8.404    11.3492 0.0000e+00
      5.917      0.036     5.4924     50.271     51.667  37.569177     4.3200     0.6208     0.2556     0.2961 1.1623e-01    11.2550      5.803      8.417    11.3495 0.0000e+00
      5.927      0.036     5.4940     50.281     51.653  37.558826     4.3200     0.6055     0.2556     0.2961 1.1617e-01    11.2099      5.812      8.430    11.3503 0.0000e+00
      5.937      0.036     5.4958     50.294     51.647  37.553757     4.3200     0.5826     0.2556     0.2961 1.1620e-01    11.2250      5.822      8.444    11.3518 0.0000e+00
      5.946      0.035     5.4969     50.306     51.653  37.556579     4.3200     0.7276     0.2556     0.2961 1.1620e-01    11.1649      5.831      8.458    11.3533 0.0000e+00
      5.955      0.034     5.4976     50.315     51.658  37.560123     4.4100     0.7199     0.2556     0.3807 1.1620e-01    11.2099      5.840      8.471    11.3542 0.0000e+00
      5.964      0.032     5.4987     50.324     51.654  37.557410     4.4100     0.7199     0.2556     0.3807 1.1623e-01    11.2250      5.849      8.483    11.3541 0.0000e+00
      5.972      0.030     5.5002     50.332     51.645  37.551678     4.4100     0.7428     0.2556     0.3807 1.1600e-01    11.2701      5.856      8.494    11.3532 0.0000e+00
      5.979      0.028     5.5016     50.341     51.635  37.545361     4.4100     0.7276     0.2556     0.3807 1.1612e-01    11.0296      5.863      8.504    11.3522 0.0000e+00
      5.985      0.026     5.5027     50.353     51.628  37.540735     4.3200     0.7428     0.2982     0.3384 1.1600e-01    10.9244      5.870      8.513    11.3518 0.0000e+00
      5.991      0.024     5.5037     50.359     51.628  37.540529     4.3200     0.7123     0.2982     0.3384 1.1617e-01    10.9093      5.876      8.522    11.3520 0.0000e+00
      5.997      0.023     5.5044     50.360     51.628  37.540726     4.3200     0.7657     0.2982     0.3384 1.1617e-01    10.9995      5.881      8.530    11.3528 0.0000e+00
      6.003      0.022     5.5053     50.352     51.623  37.537417     4.3200     0.6665     0.2982     0.3384 1.1615e-01    10.9845      5.887      8.538    11.3535 0.0000e+00
      6.008      0.022     5.5065     50.331     51.616  37.533680     4.3200     0.6856     0.2556     0.3384 1.1623e-01    10.9695      5.892      8.546    11.3539 0.0000e+00
      6.014      0.022     5.5073     50.296     51.618  37.536444     4.3200     0.6970     0.2556     0.3384 1.1605e-01    10.9695      5.898      8.554    11.3540 0.0000e+00
      6.019      0.022     5.5073     50.257     51.629  37.546444     4.3200     0.6818     0.2556     0.3384 1.1617e-01    10.9995      5.903      8.561    11.3541 0.0000e+00
      6.025      0.023     5.5064     50.222     51.644  37.558424     4.3200     0.7161     0.2556     0.3384 1.1612e-01    10.8943      5.908      8.569    11.3546 0.0000e+00
      6.030      0.025     5.5040     50.196     51.655  37.567657     4.3200     0.7428     0.2556     0.3384 1.1610e-01    10.9995      5.913      8.577    11.3556 0.0000e+00
      6.037      0.028     5.5000     50.188     51.657  37.568680     4.3200     0.7428     0.2982     0.2538 1.1625e-01    10.9695      5.919      8.586    11.3571 0.0000e+00
      6.044      0.031     5.4955     50.196     51.649  37.561768     4.3200     0.7238     0.2982     0.2538 1.1628e-01    10.9544      5.926      8.595    11.3588 0.0000e+00
      6.052      0.035     5.4914     50.211     51.640  37.552999     4.3200     0.7276     0.2982     0.2538 1.1635e-01    11.2701      5.934      8.607    11.3603 0.0000e+00
      6.061      0.038     5.4885     50.229     51.630  37.543996     4.3200     0.7352     0.2982     0.2538 1.1602e-01    11.2550      5.943      8.620    11.3613 0.0000e+00
      6.071      0.042     5.4876     50.245     51.621  37.536322     4.4100     0.7352     0.2556     0.2538 1.1617e-01    11.2701      5.954      8.635    11.3613 0.0000e+00
      6.083      0.046     5.4886     50.256     51.621  37.535851     4.4100     0.7047     0.2556     0.2538 1.1617e-01    11.1949      5.965      8.652    11.3600 0.0000e+00
      6.095      0.049     5.4905     50.263     51.626  37.538497     4.4100     0.7428     0.2556     0.2538 1.1615e-01    11.2250      5.977      8.669    11.3581 0.0000e+00
      6.108      0.052     5.4927     50.264     51.626  37.537042     4.4100     0.7428     0.2556     0.2538 1.1638e-01    11.2550      5.990      8.688    11.3563 0.0000e+00
      6.122      0.055     5.4946     50.259     51.626  37.535060     4.4100     0.7352     0.2130     0.3384 1.1617e-01    11.2250      6.004      8.707    11.3552 0.0000e+00
      6.136      0.058     5.4959     50.254     51.624  37.532022     4.4100     0.7238     0.2130     0.3384 1.1617e-01    11.2550      6.018      8.727    11.3545 0.0000e+00
      6.151      0.061     5.4968     50.251     51.620  37.527118     4.4100     0.7314     0.2130     0.3384 1.1623e-01    11.2851      6.032      8.748    11.3535 0.0000e+00
      6.167      0.064     5.4971     50.251     51.616  37.523002     4.4100     0.7314     0.2130     0.3384 1.1617e-01    11.3152      6.048      8.771    11.3520 0.0000e+00
      6.184      0.067     5.4968     50.263     51.612  37.518576     4.3200     0.7085     0.2556     0.3807 1.1617e-01    11.2099      6.064      8.795    11.3502 0.0000e+00
      6.202      0.070     5.4964     50.288     51.605  37.512660     4.3200     0.7352     0.2556     0.3807 1.1610e-01    11.2550      6.082      8.820    11.3484 0.0000e+00
      6.220      0.072     5.4963     50.318     51.599  37.507638     4.3200     0.6932     0.2556     0.3807 1.1617e-01    11.2550      6.100      8.847    11.3467 0.0000e+00
      6.239      0.073     5.4965     50.349     51.603  37.510093     4.3200     0.6665     0.2556     0.3807 1.1623e-01    11.2851      6.119      8.875    11.3452 0.0000e+00
      6.259      0.073     5.4980     50.377     51.619  37.520680     4.3200     0.6932     0.2556     0.3807 1.1600e-01    11.1799      6.138      8.902    11.3440 0.0000e+00
      6.278      0.073     5.5008     50.399     51.638  37.534300     4.4100     0.6665     0.2982     0.3384 1.1620e-01    11.2550      6.156      8.929    11.3430 0.0000e+00
      6.296      0.073     5.5042     50.416     51.656  37.546660     4.4100     0.7047     0.2982     0.3384 1.1617e-01    10.9244      6.174      8.955    11.3423 0.0000e+00
      6.314      0.075     5.5077     50.430     51.670  37.557095     4.4100     0.7314     0.2982     0.3384 1.1605e-01    10.9695      6.192      8.980    11.3417 0.0000e+00
      6.332      0.077     5.5108     50.442     51.673  37.558485     4.4100     0.7238     0.2982     0.3384 1.1617e-01    10.8943      6.210      9.007    11.3412 0.0000e+00
      6.352      0.080     5.5133     50.456     51.655  37.545257     4.4100     0.7276     0.2556     0.2961 1.1633e-01    10.9995      6.229      9.034    11.3408 0.0000e+00
      6.372      0.084     5.5151     50.475     51.636  37.531711     4.4100     0.6322     0.2556     0.2961 1.1600e-01    11.2550      6.249      9.064    11.3405 0.0000e+00
      6.395      0.087     5.5166     50.497     51.631  37.528101     4.4100     0.6208     0.2556     0.2961 1.1617e-01    11.1498      6.271      9.095    11.3403 0.0000e+00
      6.418      0.088     5.5180     50.515     51.632  37.529501     4.4100     0.6360     0.2556     0.2961 1.1610e-01    11.2250      6.294      9.129    11.3401 0.0000e+00
      6.443      0.089     5.5196     50.523     51.636  37.532324     4.3200     0.6360     0.2556     0.2961 1.1607e-01    11.3152      6.319      9.164    11.3400 0.0000e+00
      6.467      0.088     5.5216     50.521     51.636  37.533361     4.3200     0.6856     0.2556     0.2961 1.1615e-01    11.1949      6.342      9.198    11.3400 0.0000e+00
      6.489      0.085     5.5240     50.512     51.630  37.528927     4.3200     0.7085     0.2556     0.2961 1.1615e-01    11.1949      6.363      9.229    11.3401 0.0000e+00
      6.509      0.082     5.5260     50.494     51.624  37.525762     4.3200     0.6932     0.2556     0.2961 1.1607e-01    11.2701      6.383      9.258    11.3404 0.0000e+00
