Data/DataNotYetUploadedToEDI/Raw_CTD/RawDownloads/080723_bvr50_S8188002.cnv
* Sea-Bird SBE19plus  Data File:
* FileName = C:\R\Reservoirs\Data\DataNotYetUploadedToEDI\Raw_CTD\RawDownloads\080723_fcr50_S8188_0002.hex
* Software version 2.8.0.119
* Temperature SN = 8188
* Conductivity SN = 8188
* System UpLoad Time = Aug 08 2023 11:26:40
* <ApplicationData>
* <Seaterm232>
# nquan = 16
# nvalues = 5819                        
# units = specified
# name 0 = depFM: Depth [fresh water, m]
# name 1 = dz/dtM: Descent Rate [m/s]
# name 2 = sbeox0Mg/L: Oxygen, SBE 43 [mg/l]
# name 3 = sbeox0PS: Oxygen, SBE 43 [% saturation]
# name 4 = specc: Specific Conductance [uS/cm]
# name 5 = c0uS/cm: Conductivity [uS/cm]
# name 6 = wetCDOM: Fluorescence, WET Labs CDOM [mg/m^3]
# name 7 = flECO-AFL: Fluorescence, WET Labs ECO-AFL/FL [mg/m^3]
# name 8 = flECO-AFL1: Fluorescence, WET Labs ECO-AFL/FL, 2 [mg/m^3]
# name 9 = flECO-AFL2: Fluorescence, WET Labs ECO-AFL/FL, 3 [mg/m^3]
# name 10 = par/sat/log: PAR/Logarithmic, Satlantic
# name 11 = turbWETntu0: Turbidity, WET Labs ECO [NTU]
# name 12 = prdM: Pressure, Strain Gauge [db]
# name 13 = prdE: Pressure, Strain Gauge [psi]
# name 14 = tv290C: Temperature [ITS-90, deg C]
# name 15 = flag:  0.000e+00
# span 0 =     -0.777,      9.649       
# span 1 =     -0.215,      0.095       
# span 2 =     0.0533,     9.5091       
# span 3 =      0.542,    117.723       
# span 4 =   -707.775,    155.858       
# span 5 =-499.396405, 106.753211       
# span 6 =    -4.5000,     7.7400       
# span 7 =    -0.2566,    48.3739       
# span 8 =    -2.1300,     0.9798       
# span 9 =    -2.0304,    43.8651       
# span 10 = 1.1580e-01, 2.5498e+03      
# span 11 =    -1.3252,    74.0209      
# span 12 =     -0.762,      9.462      
# span 13 =     -1.106,     13.723      
# span 14 =     9.2171,    28.2796      
# span 15 = 0.0000e+00, 0.0000e+00      
# interval = seconds: 0.25
# start_time = Aug 07 2023 11:49:58 [Instrument's time stamp, header]
# bad_flag = -9.990e-29
*END*
[from data line 3074]
      5.097      0.014     0.0842      0.849     42.367  34.292134     5.3100     1.6851     0.0426     3.9339 6.4410e-01     1.7109      4.999      7.250    15.5838 0.0000e+00
      5.101      0.015     0.0847      0.840     42.366  34.266035     5.3100     1.8300     0.0426     3.9339 6.4817e-01     1.6808      5.002      7.255    15.5546 0.0000e+00
      5.105      0.015     0.0850      0.824     42.359  34.234769     5.2200     1.8186     0.0426     4.2300 7.1011e-01     1.5907      5.006      7.261    15.5250 0.0000e+00
      5.109      0.016     0.0851      0.806     42.338  34.191977     5.2200     1.8071     0.0426     4.2300 7.1150e-01     1.6508      5.010      7.267    15.4957 0.0000e+00
      5.113      0.016     0.0848      0.792     42.326  34.157935     5.2200     1.8033     0.0426     4.2300 6.7461e-01     1.5907      5.014      7.273    15.4665 0.0000e+00
      5.117      0.016     0.0839      0.787     42.324  34.135447     5.2200     1.8529     0.0426     4.2300 7.3030e-01     1.9213      5.018      7.279    15.4368 0.0000e+00
      5.122      0.016     0.0823      0.790     42.309  34.108611     5.2200     1.8796     0.0426     4.2300 6.9273e-01     1.8612      5.023      7.285    15.4064 0.0000e+00
      5.126      0.016     0.0806      0.799     42.281  34.076213     5.2200     1.8644     0.0426     4.2300 7.5581e-01     1.8011      5.027      7.291    15.3760 0.0000e+00
      5.130      0.015     0.0793      0.812     42.243  34.039514     5.2200     1.8682     0.0426     4.2300 7.4197e-01     1.9213      5.031      7.297    15.3475 0.0000e+00
      5.134      0.014     0.0788      0.825     42.208  34.004573     5.2200     1.8148     0.0426     4.2300 7.8612e-01     1.8462      5.035      7.302    15.3232 0.0000e+00
      5.137      0.013     0.0791      0.833     42.178  33.973954     5.2200     1.8338     0.0426     4.1877 7.9109e-01     1.9814      5.038      7.307    15.3053 0.0000e+00
      5.141      0.012     0.0801      0.833     42.155  33.947412     5.2200     1.7995     0.0426     4.1877 7.9127e-01     1.9363      5.041      7.312    15.2938 0.0000e+00
      5.144      0.010     0.0814      0.829     42.143  33.929753     5.2200     1.8186     0.0426     4.1877 7.9922e-01     1.9063      5.044      7.316    15.2860 0.0000e+00
      5.146      0.009     0.0827      0.826     42.131  33.912306     5.2200     1.6774     0.0426     4.1877 8.6181e-01     1.6207      5.047      7.320    15.2788 0.0000e+00
      5.148      0.008     0.0835      0.824     42.108  33.886458     5.2200     1.6965     0.0426     4.1877 7.9041e-01     1.6808      5.049      7.323    15.2706 0.0000e+00
      5.150      0.007     0.0836      0.820     42.084  33.861158     5.3100     1.6965     0.0426     4.1877 8.9094e-01     1.6508      5.051      7.325    15.2612 0.0000e+00
      5.151      0.006     0.0832      0.819     42.077  33.849463     5.3100     1.6851     0.0426     4.1877 8.7768e-01     1.6959      5.052      7.327    15.2514 0.0000e+00
      5.152      0.006     0.0829      0.818     42.087  33.852215     5.3100     1.6736     0.0426     4.1877 8.8862e-01     1.6808      5.053      7.329    15.2421 0.0000e+00
      5.154      0.006     0.0826      0.817     42.104  33.862227     5.3100     1.6851     0.0426     4.1877 8.9385e-01     1.6508      5.054      7.331    15.2339 0.0000e+00
      5.155      0.006     0.0823      0.812     42.124  33.874246     5.3100     1.6813     0.0426     3.9762 9.0598e-01     1.6959      5.056      7.333    15.2264 0.0000e+00
      5.157      0.007     0.0822      0.806     42.139  33.883557     5.3100     1.6813     0.0426     3.9762 9.2347e-01     1.5606      5.057      7.335    15.2195 0.0000e+00
      5.159      0.007     0.0821      0.806     42.150  33.888680     5.3100     1.6927     0.0426     3.9762 1.0119e+00     1.6508      5.059      7.338    15.2134 0.0000e+00
      5.161      0.007     0.0820      0.813     42.161  33.894944     5.3100     1.6927     0.0426     3.9762 9.9126e-01     1.6658      5.061      7.340    15.2083 0.0000e+00
      5.163      0.008     0.0815      0.825     42.187  33.911939     5.3100     1.6736     0.0426     4.1877 1.0179e+00     1.6959      5.063      7.343    15.2042 0.0000e+00
      5.165      0.008     0.0809      0.834     42.229  33.940238     5.3100     1.7080     0.0426     4.1877 1.0475e+00     1.6808      5.065      7.346    15.2004 0.0000e+00
      5.167      0.008     0.0809      0.838     42.278  33.971543     5.3100     1.5096     0.0426     4.1877 1.0261e+00     1.7109      5.067      7.349    15.1968 0.0000e+00
      5.169      0.007     0.0817      0.838     42.332  34.006280     5.3100     1.5096     0.0426     4.1877 1.0405e+00     1.6508      5.069      7.352    15.1930 0.0000e+00
      5.171      0.007     0.0828      0.830     42.399  34.049751     5.3100     1.5134     0.0426     4.3569 1.0583e+00     1.7259      5.071      7.355    15.1884 0.0000e+00
      5.173      0.006     0.0837      0.811     42.471  34.097705     5.3100     1.5134     0.0426     4.3569 1.0133e+00     1.7109      5.073      7.357    15.1819 0.0000e+00
      5.174      0.006     0.0842      0.788     42.537  34.139165     5.3100     1.5859     0.0426     4.3569 1.0603e+00     1.3953      5.074      7.360    15.1729 0.0000e+00
      5.176      0.005     0.0842      0.767     42.586  34.167363     5.3100     1.5592     0.0426     4.3569 1.0270e+00     1.3502      5.076      7.362    15.1621 0.0000e+00
      5.177      0.005     0.0834      0.755     42.625  34.187836     5.3100     1.5630     0.0426     4.3569 1.0104e+00     1.3953      5.077      7.364    15.1506 0.0000e+00
      5.178      0.004     0.0815      0.754     42.662  34.210005     5.3100     1.5706     0.0852     4.1454 1.0084e+00     1.4253      5.078      7.365    15.1384 0.0000e+00
      5.179      0.004     0.0792      0.761     42.698  34.233840     5.3100     1.6011     0.0852     4.1454 1.0177e+00     1.7259      5.079      7.367    15.1252 0.0000e+00
      5.180      0.003     0.0771      0.774     42.728  34.255794     5.3100     1.5859     0.0852     4.1454 1.0126e+00     1.6057      5.080      7.368    15.1119 0.0000e+00
      5.181      0.003     0.0760      0.792     42.755  34.277762     5.3100     1.6431     0.0852     4.1454 9.8076e-01     1.6808      5.081      7.369    15.0998 0.0000e+00
      5.182      0.003     0.0759      0.808     42.781  34.301640     5.3100     1.6355     0.0426     4.1454 9.5158e-01     1.6808      5.082      7.370    15.0905 0.0000e+00
      5.182      0.003     0.0766      0.818     42.800  34.321913     5.3100     1.7575     0.0426     4.1454 9.6974e-01     1.6207      5.082      7.371    15.0849 0.0000e+00
      5.183      0.003     0.0780      0.824     42.803  34.332105     5.3100     1.7537     0.0426     4.1454 9.8653e-01     1.6508      5.083      7.372    15.0825 0.0000e+00
      5.184      0.003     0.0798      0.825     42.796  34.334934     5.3100     1.7575     0.0426     4.1454 9.6302e-01     1.6508      5.084      7.373    15.0828 0.0000e+00
      5.185      0.003     0.0814      0.820     42.784  34.335117     5.2200     1.7308     0.0426     4.3569 1.0780e+00     1.6959      5.084      7.374    15.0861 0.0000e+00
      5.185      0.003     0.0823      0.812     42.765  34.328742     5.2200     1.6469     0.0426     4.3569 1.0475e+00     1.5907      5.085      7.375    15.0923 0.0000e+00
      5.186      0.003     0.0829      0.805     42.744  34.318069     5.2200     1.6164     0.0426     4.3569 1.1142e+00     1.6808      5.086      7.376    15.1008 0.0000e+00
      5.187      0.003     0.0830      0.798     42.734  34.312136     5.2200     1.6317     0.0426     4.3569 1.1293e+00     1.7259      5.087      7.378    15.1113 0.0000e+00
      5.188      0.003     0.0825      0.789     42.733  34.309360     5.2200     1.6278     0.0426     4.3569 1.1599e+00     1.6508      5.088      7.379    15.1225 0.0000e+00
      5.189      0.003     0.0816      0.781     42.731  34.305041     5.2200     1.6011     0.0426     4.3992 1.1619e+00     1.4253      5.088      7.380    15.1327 0.0000e+00
      5.190      0.003     0.0809      0.776     42.729  34.301986     5.2200     1.6164     0.0426     4.3992 1.2254e+00     1.3201      5.089      7.381    15.1401 0.0000e+00
      5.191      0.004     0.0802      0.774     42.728  34.303341     5.2200     1.6355     0.0426     4.3992 1.2450e+00     1.4854      5.090      7.382    15.1428 0.0000e+00
      5.191      0.004     0.0793      0.777     42.720  34.301547     5.2200     1.6088     0.0426     4.3992 1.2788e+00     1.3652      5.091      7.384    15.1407 0.0000e+00
      5.192      0.005     0.0785      0.783     42.699  34.292165     5.3100     1.6088     0.0426     4.0185 1.2905e+00     1.7109      5.092      7.385    15.1368 0.0000e+00
      5.194      0.005     0.0780      0.789     42.682  34.284575     5.3100     1.6431     0.0426     4.0185 1.3140e+00     1.6207      5.093      7.387    15.1350 0.0000e+00
      5.195      0.006     0.0778      0.795     42.678  34.284677     5.3100     1.6088     0.0426     4.0185 1.3309e+00     1.7259      5.095      7.389    15.1372 0.0000e+00
      5.197      0.006     0.0780      0.802     42.684  34.288536     5.3100     1.6278     0.0426     4.0185 1.3408e+00     1.6508      5.096      7.391    15.1434 0.0000e+00
      5.198      0.006     0.0786      0.806     42.694  34.289259     5.3100     1.7957     0.0426     3.8493 1.3088e+00     1.6808      5.098      7.393    15.1517 0.0000e+00
      5.200      0.007     0.0792      0.808     42.711  34.291002     5.3100     1.8033     0.0426     3.8493 1.3029e+00     1.6959      5.099      7.396    15.1594 0.0000e+00
      5.201      0.007     0.0799      0.810     42.744  34.302148     5.3100     1.8033     0.0426     3.8493 1.2927e+00     1.6357      5.101      7.398    15.1633 0.0000e+00
      5.203      0.007     0.0806      0.813     42.785  34.317748     5.3100     1.8224     0.0426     3.8493 1.2724e+00     1.7410      5.103      7.401    15.1615 0.0000e+00
      5.205      0.007     0.0810      0.817     42.827  34.334040     5.2200     1.6736     0.0426     3.8493 1.2586e+00     1.6207      5.104      7.403    15.1534 0.0000e+00
      5.207      0.007     0.0812      0.820     42.872  34.355367     5.2200     1.6774     0.0426     3.8493 1.1944e+00     1.6959      5.106      7.405    15.1395 0.0000e+00
      5.208      0.007     0.0814      0.819     42.919  34.379495     5.2200     1.6622     0.0426     3.8493 1.1923e+00     1.6057      5.108      7.408    15.1214 0.0000e+00
      5.210      0.007     0.0818      0.812     42.966  34.404935     5.2200     1.6965     0.0426     3.8493 1.1327e+00     1.6959      5.109      7.410    15.1013 0.0000e+00
      5.212      0.006     0.0823      0.800     43.021  34.438470     5.2200     1.7003     0.0426     3.8493 1.1210e+00     1.8762      5.111      7.413    15.0815 0.0000e+00
      5.213      0.006     0.0826      0.789     43.088  34.481123     5.3100     1.7003     0.0852     4.3569 1.1181e+00     1.8612      5.113      7.415    15.0636 0.0000e+00
      5.215      0.006     0.0825      0.779     43.152  34.520501     5.3100     1.6736     0.0852     4.3569 1.1195e+00     1.9063      5.114      7.417    15.0480 0.0000e+00
      5.216      0.006     0.0818      0.772     43.201  34.547299     5.3100     1.6965     0.0852     4.3569 1.0900e+00     2.0265      5.116      7.419    15.0343 0.0000e+00
      5.218      0.006     0.0806      0.775     43.242  34.568664     5.3100     1.6927     0.0852     4.3569 1.0824e+00     2.1468      5.117      7.422    15.0215 0.0000e+00
      5.219      0.006     0.0795      0.784     43.283  34.590293     5.4000     1.7156     0.0426     4.1454 1.0803e+00     2.1167      5.119      7.424    15.0086 0.0000e+00
      5.221      0.006     0.0785      0.799     43.325  34.613991     5.4000     1.7003     0.0426     4.1454 1.1152e+00     2.1317      5.120      7.426    14.9950 0.0000e+00
      5.222      0.007     0.0779      0.819     43.371  34.642117     5.4000     1.6965     0.0426     4.1454 1.1352e+00     2.1768      5.122      7.428    14.9809 0.0000e+00
      5.224      0.007     0.0782      0.843     43.415  34.668308     5.4000     1.5783     0.0426     4.1454 1.1923e+00     1.9814      5.123      7.431    14.9673 0.0000e+00
      5.226      0.007     0.0792      0.865     43.443  34.683704     5.2200     1.5592     0.0426     4.0185 1.2035e+00     1.8913      5.125      7.433    14.9549 0.0000e+00
      5.228      0.007     0.0807      0.882     43.456  34.688449     5.2200     1.5897     0.0426     4.0185 1.2896e+00     1.9514      5.126      7.436    14.9435 0.0000e+00
      5.229      0.007     0.0828      0.887     43.461  34.687769     5.2200     1.5859     0.0426     4.0185 1.3382e+00     1.9213      5.128      7.438    14.9330 0.0000e+00
      5.231      0.007     0.0852      0.882     43.461  34.683464     5.2200     1.5630     0.0426     4.0185 1.3846e+00     1.8762      5.130      7.441    14.9234 0.0000e+00
      5.233      0.007     0.0875      0.869     43.459  34.678347     5.4000     1.5592     0.0426     4.3146 1.4728e+00     1.8161      5.132      7.443    14.9150 0.0000e+00
      5.235      0.006     0.0891      0.845     43.463  34.678973     5.4000     1.5592     0.0426     4.3146 1.4747e+00     1.9063      5.134      7.446    14.9084 0.0000e+00
      5.236      0.006     0.0896      0.814     43.479  34.689473     5.4000     1.5554     0.0426     4.3146 1.4795e+00     1.9063      5.135      7.448    14.9030 0.0000e+00
      5.238      0.005     0.0891      0.786     43.498  34.702742     5.4000     1.5020     0.0426     4.3146 1.5127e+00     1.6808      5.137      7.450    14.8982 0.0000e+00
      5.239      0.005     0.0878      0.765     43.505  34.706476     5.4000     1.5096     0.0426     4.3146 1.4876e+00     1.6808      5.138      7.452    14.8941 0.0000e+00
      5.240      0.004     0.0854      0.748     43.502  34.701670     5.4000     1.5058     0.0426     4.4415 1.4737e+00     1.8011      5.139      7.454    14.8912 0.0000e+00
      5.241      0.004     0.0822      0.740     43.505  34.702885     5.4000     1.4943     0.0426     4.4415 1.4692e+00     1.6357      5.140      7.455    14.8891 0.0000e+00
      5.242      0.004     0.0794      0.743     43.525  34.718369     5.4000     1.5592     0.0426     4.4415 1.4355e+00     1.6207      5.141      7.456    14.8870 0.0000e+00
      5.243      0.004     0.0773      0.754     43.549  34.736406     5.4000     1.5592     0.0426     4.4415 1.4345e+00     1.7259      5.141      7.457    14.8844 0.0000e+00
      5.243      0.004     0.0756      0.766     43.560  34.743983     5.4900     1.5897     0.0426     4.3569 1.4327e+00     1.6808      5.142      7.458    14.8817 0.0000e+00
      5.244      0.004     0.0748      0.778     43.558  34.739159     5.4900     1.5592     0.0426     4.3569 1.4603e+00     1.6207      5.143      7.459    14.8799 0.0000e+00
      5.246      0.004     0.0751      0.788     43.549  34.726588     5.4900     1.6011     0.0426     4.3569 1.4461e+00     2.1167      5.144      7.461    14.8790 0.0000e+00
      5.247      0.004     0.0762      0.797     43.541  34.714800     5.4900     1.6088     0.0426     4.3569 1.4549e+00     2.2069      5.146      7.463    14.8784 0.0000e+00
      5.248      0.004     0.0775      0.802     43.535  34.706594     5.4900     1.6088     0.0426     4.1454 1.4996e+00     2.0866      5.147      7.465    14.8767 0.0000e+00
      5.249      0.003     0.0787      0.800     43.526  34.699781     5.4900     1.6431     0.0426     4.1454 1.5422e+00     2.0566      5.148      7.467    14.8730 0.0000e+00
