Data/DataNotYetUploadedToEDI/Raw_CTD/RawDownloads/080723_fcr50_S7809001.cnv
* Sea-Bird SBE19plus  Data File:
* FileName = C:\R\Reservoirs\Data\DataNotYetUploadedToEDI\Raw_CTD\RawDownloads\080723_fcr50_S7809_0001.hex
* Software version 2.8.0.119
* Temperature SN = 7809
* Conductivity SN = 7809
* System UpLoad Time = Aug 08 2023 11:19:38
* <ApplicationData>
* <Seaterm232>
# nquan = 15
# nvalues = 1338                        
# units = specified
# name 0 = depFM: Depth [fresh water, m]
# name 1 = dz/dtM: Descent Rate [m/s]
# name 2 = sbeox0Mg/L: Oxygen, SBE 43 [mg/l]
# name 3 = sbeox0PS: Oxygen, SBE 43 [% saturation]
# name 4 = specc: Specific Conductance [uS/cm]
# name 5 = c0uS/cm: Conductivity [uS/cm]
# name 6 = flECO-AFL: Fluorescence, WET Labs ECO-AFL/FL [mg/m^3]
# name 7 = ph: pH
# name 8 = orp: Oxidation Reduction Potential [mV]
# name 9 = par/sat/log: PAR/Logarithmic, Satlantic
# name 10 = turbWETntu0: Turbidity, WET Labs ECO [NTU]
# name 11 = prdM: Pressure, Strain Gauge [db]
# name 12 = prdE: Pressure, Strain Gauge [psi]
# name 13 = tv290C: Temperature [ITS-90, deg C]
# name 14 = flag:  0.000e+00
# span 0 =     -0.698,      9.121       
# span 1 =     -0.384,      0.585       
# span 2 =     0.2035,     9.9929       
# span 3 =      1.931,    121.149       
# span 4 =      0.303,     56.943       
# span 5 =   0.319984,  46.450767       
# span 6 =    -2.0301,    27.3606       
# span 7 =      6.563,      9.146       
# span 8 = -1240.7455,   404.0994       
# span 9 = 1.2352e-01, 2.2170e+03       
# span 10 =     0.8870,   115.3307      
# span 11 =     -0.685,      8.945      
# span 12 =     -0.993,     12.974      
# span 13 =    11.3387,    27.6803      
# span 14 = 0.0000e+00, 0.0000e+00      
# interval = seconds: 0.25
# start_time = Aug 07 2023 11:23:28 [Instrument's time stamp, header]
# bad_flag = -9.990e-29
*END*
[from data line 482]
      0.720      0.037     8.7353    104.848     41.097  40.874861    11.6898      7.914   203.7022 2.3140e+02     4.1680      0.706      1.024    24.7114 0.0000e+00
      0.727      0.034     8.7693    104.012     41.093  40.874737    11.7203      7.916   202.4810 2.3205e+02     4.1407      0.712      1.033    24.7086 0.0000e+00
      0.735      0.033     8.7860    103.226     41.102  40.873478    11.7010      7.920   202.5010 2.3278e+02     4.1116      0.721      1.045    24.6973 0.0000e+00
      0.743      0.034     8.7749    102.532     41.099  40.859633    11.6649      7.923   203.3412 2.3349e+02     4.1226      0.729      1.058    24.7024 0.0000e+00
      0.752      0.035     8.7146    101.946     41.082  40.834249    11.6325      7.923   204.1214 2.3412e+02     4.1721      0.737      1.069    24.7300 0.0000e+00
      0.761      0.037     8.6296    101.546     41.082  40.820404    11.6098      7.915   203.7606 2.3479e+02     4.1967      0.745      1.082    24.7372 0.0000e+00
      0.771      0.040     8.5718    101.282     41.103  40.819149    11.5981      7.897   202.2482 2.3564e+02     4.2160      0.755      1.096    24.7132 0.0000e+00
      0.781      0.043     8.5172    101.086     41.128  40.819039    11.6659      7.883   201.5810 2.3646e+02     4.2342      0.766      1.112    24.6997 0.0000e+00
      0.791      0.046     8.4612    100.877     41.150  40.819032    11.8135      7.879   202.0602 2.3714e+02     4.2805      0.775      1.125    24.6977 0.0000e+00
      0.803      0.049     8.4373    100.568     41.165  40.819033    11.9091      7.884   202.6219 2.3780e+02     4.2972      0.787      1.141    24.6791 0.0000e+00
      0.818      0.050     8.4192    100.143     41.172  40.819033    11.9394      7.889   202.4359 2.3832e+02     4.2660      0.803      1.164    24.6510 0.0000e+00
      0.832      0.050     8.4114     99.666     41.172  40.819024    11.9970      7.893   201.6175 2.3871e+02     4.2788      0.814      1.182    24.6155 0.0000e+00
      0.847      0.049     8.4021     99.226     41.171  40.818919    12.0900      7.897   201.0725 2.3893e+02     4.3498      0.831      1.205    24.5884 0.0000e+00
      0.859      0.046     8.3780     98.826     41.170  40.817774    12.1405      7.899   201.1814 2.3863e+02     4.4403      0.846      1.225    24.5723 0.0000e+00
      0.869      0.043     8.3439     98.467     41.158  40.805176    12.1498      7.900   201.6430 2.3791e+02     4.4850      0.852      1.236    24.5618 0.0000e+00
      0.878      0.041     8.2978     98.172     41.149  40.793524    12.1526      7.899   202.2661 2.3731e+02     4.4462      0.861      1.248    24.5651 0.0000e+00
      0.888      0.039     8.2634     97.881     41.167  40.803805    12.1577      7.897   202.8646 2.3658e+02     4.3813      0.871      1.263    24.5673 0.0000e+00
      0.898      0.039     8.2303     97.532     41.174  40.802548    12.1776      7.894   203.0292 2.3524e+02     4.3832      0.879      1.275    24.5668 0.0000e+00
      0.908      0.040     8.1972     97.123     41.164  40.778309    12.2014      7.892   202.8799 2.3352e+02     4.4351      0.890      1.291    24.5665 0.0000e+00
      0.919      0.040     8.1770     96.659     41.177  40.764571    12.2375      7.890   202.6937 2.3172e+02     4.4622      0.901      1.309    24.5642 0.0000e+00
      0.929      0.040     8.1562     96.148     41.212  40.763337    12.3895      7.889   203.4451 2.2945e+02     4.4722      0.910      1.320    24.5537 0.0000e+00
      0.939      0.039     8.1281     95.605     41.252  40.763333    12.6332      7.888   204.9954 2.2703e+02     4.4541      0.920      1.336    24.5433 0.0000e+00
      0.949      0.038     8.0952     94.983     41.292  40.764473    12.7537      7.886   205.7791 2.2512e+02     4.4135      0.931      1.351    24.5326 0.0000e+00
      0.958      0.038     8.0626     94.219     41.337  40.777065    12.7808      7.885   205.8665 2.2325e+02     4.4259      0.940      1.363    24.4973 0.0000e+00
      0.967      0.038     8.0245     93.288     41.373  40.788609    13.0188      7.884   205.9660 2.2118e+02     4.5690      0.949      1.377    24.4522 0.0000e+00
      0.977      0.038     7.9888     92.150     41.378  40.777082    13.4430      7.883   206.8959 2.1914e+02     4.8112      0.958      1.389    24.4020 0.0000e+00
      0.987      0.039     7.9475     90.855     41.373  40.764599    13.6643      7.881   208.2473 2.1697e+02     4.9290      0.967      1.402    24.3510 0.0000e+00
      0.997      0.040     7.8873     89.463     41.383  40.764602    13.6893      7.880   208.7976 2.1467e+02     4.8660      0.978      1.420    24.3136 0.0000e+00
      1.007      0.040     7.8181     87.950     41.414  40.777099    13.8530      7.878   209.0751 2.1253e+02     4.8359      0.988      1.433    24.2836 0.0000e+00
      1.017      0.039     7.7227     86.390     41.444  40.788736    14.1540      7.876   209.2801 2.1021e+02     4.8729      0.997      1.445    24.2641 0.0000e+00
      1.028      0.038     7.6109     84.916     41.433  40.778350    14.3067      7.874   209.1244 2.0756e+02     4.8686      1.008      1.462    24.2599 0.0000e+00
      1.038      0.036     7.4995     83.570     41.418  40.778453    14.3093      7.872   209.3444 2.0541e+02     4.8519      1.019      1.480    24.2539 0.0000e+00
      1.047      0.034     7.3736     82.400     41.417  40.790001    14.3861      7.870   210.0466 2.0379e+02     4.8761      1.027      1.491    24.2261 0.0000e+00
      1.055      0.033     7.2409     81.450     41.404  40.791057    14.5446      7.868   210.9037 2.0201e+02     4.9227      1.034      1.499    24.1922 0.0000e+00
      1.063      0.034     7.1182     80.710     41.392  40.791256    14.6433      7.867   211.7059 2.0032e+02     4.9367      1.043      1.512    24.1956 0.0000e+00
      1.070      0.036     6.9993     80.162     41.414  40.792422    14.6648      7.863   212.0024 1.9868e+02     4.9087      1.050      1.523    24.2274 0.0000e+00
      1.077      0.039     6.8973     79.750     41.488  40.805125    14.6877      7.858   211.9074 1.9642e+02     4.8915      1.055      1.529    24.2359 0.0000e+00
      1.087      0.041     6.8186     79.416     41.570  40.817829    14.9698      7.855   211.9334 1.9326e+02     5.0705      1.064      1.543    24.2491 0.0000e+00
      1.102      0.043     6.7502     79.012     41.624  40.818992    15.5041      7.854   212.5749 1.9003e+02     5.4337      1.082      1.570    24.2858 0.0000e+00
      1.115      0.044     6.7103     78.252     41.662  40.819102    15.8125      7.854   213.6419 1.8779e+02     5.6620      1.096      1.590    24.2657 0.0000e+00
      1.125      0.046     6.6886     77.022     41.689  40.819116    15.8607      7.851   214.5954 1.8581e+02     5.6775      1.103      1.600    24.1721 0.0000e+00
      1.135      0.048     6.6731     75.390     41.714  40.819122    15.9528      7.846   214.6396 1.8366e+02     5.6561      1.113      1.614    24.0801 0.0000e+00
      1.145      0.050     6.6610     73.507     41.742  40.819137    16.1273      7.839   213.9173 1.8129e+02     5.7110      1.122      1.628    24.0208 0.0000e+00
      1.157      0.053     6.6038     71.602     41.772  40.819257    16.2405      7.834   213.7783 1.7760e+02     5.7942      1.132      1.641    23.9796 0.0000e+00
      1.175      0.057     6.4999     69.749     41.802  40.820530    16.2637      7.829   214.4218 1.7337e+02     5.8776      1.152      1.671    23.9492 0.0000e+00
      1.192      0.058     6.3645     67.904     41.845  40.834487    16.2837      7.824   215.2448 1.7029e+02     5.8988      1.173      1.700    23.9235 0.0000e+00
      1.207      0.057     6.1971     66.033     41.905  40.861033    16.3240      7.821   215.2973 1.6729e+02     5.8121      1.183      1.715    23.8900 0.0000e+00
      1.221      0.056     6.0417     64.163     41.965  40.887599    16.3509      7.819   214.6268 1.6380e+02     5.7510      1.198      1.737    23.8522 0.0000e+00
      1.236      0.053     5.8902     62.314     42.015  40.901785    16.3598      7.816   214.4502 1.6112e+02     5.7747      1.214      1.761    23.8208 0.0000e+00
      1.247      0.050     5.7390     60.384     42.060  40.905578    16.2894      7.813   214.9687 1.5891e+02     5.8261      1.223      1.774    23.7879 0.0000e+00
      1.259      0.048     5.5853     58.330     42.131  40.933396    16.1242      7.811   215.6480 1.5596e+02     5.8591      1.234      1.789    23.7487 0.0000e+00
      1.273      0.047     5.4257     56.100     42.223  40.984206    16.0271      7.810   216.1249 1.5300e+02     5.8663      1.249      1.812    23.7120 0.0000e+00
      1.285      0.047     5.2820     53.656     42.290  41.012138    16.0230      7.809   216.3461 1.5073e+02     5.8454      1.261      1.829    23.6725 0.0000e+00
      1.295      0.048     5.1213     51.117     42.334  41.017205    16.1079      7.807   216.4300 1.4834e+02     5.8457      1.268      1.839    23.6218 0.0000e+00
      1.306      0.049     4.9532     48.612     42.400  41.045411    16.2792      7.805   216.5372 1.4566e+02     5.8692      1.280      1.857    23.5712 0.0000e+00
      1.319      0.050     4.7733     46.201     42.490  41.099262    16.3717      7.805   216.8673 1.4300e+02     5.8226      1.294      1.876    23.5269 0.0000e+00
      1.332      0.052     4.5613     43.835     42.596  41.160544    16.3687      7.804   217.7543 1.4011e+02     5.7603      1.306      1.894    23.4839 0.0000e+00
      1.347      0.054     4.3474     41.446     42.706  41.215113    16.3673      7.802   218.8303 1.3697e+02     5.7644      1.320      1.914    23.4391 0.0000e+00
      1.362      0.056     4.1342     39.078     42.798  41.251246    16.4391      7.798   219.2938 1.3401e+02     5.8048      1.335      1.937    23.3959 0.0000e+00
      1.376      0.056     3.9331     36.664     42.877  41.280018    16.5786      7.796   219.4871 1.3136e+02     5.8388      1.350      1.958    23.3614 0.0000e+00
      1.389      0.056     3.7409     34.050     42.952  41.309056    16.6557      7.794   219.7909 1.2843e+02     5.8336      1.361      1.974    23.3163 0.0000e+00
      1.403      0.056     3.5347     31.170     43.037  41.348417    16.6554      7.791   220.5586 1.2501e+02     5.8104      1.375      1.994    23.2489 0.0000e+00
      1.418      0.057     3.3411     28.127     43.109  41.375070    16.6336      7.788   221.7992 1.2191e+02     5.8656      1.393      2.020    23.1841 0.0000e+00
      1.432      0.057     3.1435     25.163     43.160  41.377384    16.6086      7.783   222.5735 1.1934e+02     6.0228      1.406      2.038    23.1311 0.0000e+00
      1.446      0.056     2.9244     22.388     43.208  41.376334    16.6026      7.779   222.8652 1.1622e+02     6.1396      1.416      2.053    23.0802 0.0000e+00
      1.462      0.053     2.6792     19.799     43.238  41.362304    16.5942      7.777   223.0029 1.1282e+02     6.1169      1.433      2.079    23.0318 0.0000e+00
      1.477      0.050     2.4079     17.442     43.251  41.334617    16.4991      7.774   223.1208 1.1041e+02     6.0214      1.451      2.105    22.9861 0.0000e+00
      1.489      0.046     2.1545     15.348     43.251  41.295389    16.3346      7.770   223.7746 1.0850e+02     5.9414      1.460      2.118    22.9288 0.0000e+00
      1.499      0.044     1.9205     13.547     43.264  41.268748    16.2538      7.767   224.7993 1.0647e+02     5.9005      1.470      2.132    22.8700 0.0000e+00
      1.509      0.043     1.6965     12.105     43.303  41.266311    16.2453      7.766   225.1854 1.0471e+02     5.9028      1.481      2.148    22.8257 0.0000e+00
      1.518      0.044     1.4938     10.980     43.341  41.265871    16.1240      7.764   225.0864 1.0311e+02     5.8333      1.489      2.159    22.7794 0.0000e+00
      1.527      0.047     1.3161     10.056     43.370  41.263375    15.9030      7.760   225.3230 1.0112e+02     5.6750      1.496      2.170    22.7327 0.0000e+00
      1.540      0.050     1.1562      9.296     43.347  41.236078    15.7870      7.757   225.8952 9.8465e+01     5.5936      1.508      2.188    22.6885 0.0000e+00
      1.555      0.054     1.0352      8.709     43.276  41.189687    15.7955      7.754   226.4990 9.5598e+01     5.6005      1.525      2.212    22.6417 0.0000e+00
      1.570      0.057     0.9441      8.332     43.216  41.146757    15.9131      7.750   227.1162 9.3016e+01     5.6906      1.540      2.234    22.6011 0.0000e+00
      1.585      0.058     0.8648      8.262     43.183  41.097845    16.1025      7.747   227.8514 9.0427e+01     5.7954      1.554      2.254    22.5567 0.0000e+00
      1.601      0.058     0.7993      8.581     43.174  41.042530    16.1878      7.744   228.5057 8.7873e+01     5.8088      1.570      2.278    22.5410 0.0000e+00
      1.617      0.058     0.7468      9.103     43.187  40.985614    16.1625      7.741   228.7460 8.5644e+01     5.7838      1.586      2.300    22.5909 0.0000e+00
      1.631      0.058     0.7120      9.526     43.193  40.917309    15.9635      7.737   228.6925 8.3435e+01     5.7317      1.598      2.318    22.6176 0.0000e+00
      1.644      0.057     0.6988      9.691     43.198  40.851213    15.6116      7.733   228.8908 8.1293e+01     5.6570      1.612      2.338    22.5902 0.0000e+00
      1.659      0.055     0.7356      9.557     43.238  40.821000    15.4202      7.729   229.2512 7.9282e+01     5.5988      1.626      2.359    22.5376 0.0000e+00
      1.674      0.053     0.7942      9.168     43.286  40.805778    15.3973      7.727   229.5227 7.7054e+01     5.5738      1.640      2.380    22.4470 0.0000e+00
      1.688      0.051     0.8353      8.613     43.321  40.794005    15.3685      7.724   229.5060 7.5101e+01     5.5602      1.657      2.404    22.3580 0.0000e+00
      1.701      0.048     0.8522      7.938     43.348  40.805522    15.1462      7.721   229.3074 7.3700e+01     5.4690      1.669      2.420    22.2778 0.0000e+00
      1.711      0.045     0.8406      7.212     43.346  40.818073    14.7492      7.718   229.5306 7.2264e+01     5.3243      1.678      2.434    22.1954 0.0000e+00
      1.722      0.043     0.8039      6.567     43.323  40.818855    14.5213      7.715   230.0537 7.0765e+01     5.2111      1.689      2.450    22.1245 0.0000e+00
      1.732      0.041     0.7557      6.104     43.307  40.815007    14.4553      7.713   230.4700 6.9417e+01     5.1252      1.699      2.464    22.0645 0.0000e+00
      1.742      0.040     0.6962      5.885     43.262  40.771566    14.0922      7.711   230.5197 6.8100e+01     5.0722      1.709      2.478    22.0465 0.0000e+00
      1.753      0.041     0.6261      5.875     43.190  40.674403    13.4442      7.708   230.3962 6.6831e+01     5.0812      1.719      2.494    22.0758 0.0000e+00
      1.763      0.042     0.5678      5.997     43.190  40.592159    13.1041      7.705   230.5260 6.5716e+01     5.1321      1.729      2.508    22.1120 0.0000e+00
      1.773      0.045     0.5239      6.212     43.258  40.538615    13.0513      7.704   230.7987 6.4541e+01     5.1417      1.737      2.520    22.1213 0.0000e+00
      1.783      0.048     0.5064      6.436     43.308  40.471095    12.8306      7.702   231.1114 6.3031e+01     5.0602      1.747      2.534    22.1220 0.0000e+00
      1.796      0.053     0.5096      6.552     43.349  40.410265    12.4671      7.700   231.4678 6.1271e+01     4.9319      1.760      2.553    22.1124 0.0000e+00
      1.812      0.058     0.5207      6.519     43.406  40.374166    12.2844      7.697   231.6668 5.9525e+01     4.8889      1.777      2.577    22.0038 0.0000e+00
      1.827      0.063     0.5437      6.340     43.474  40.351825    12.3029      7.694   231.7968 5.7885e+01     4.9505      1.792      2.599    21.8429 0.0000e+00
      1.843      0.064     0.5702      6.055     43.541  40.330411    12.4906      7.692   232.0928 5.6121e+01     4.9594      1.807      2.620    21.7138 0.0000e+00
