Data/DataNotYetUploadedToEDI/Raw_CTD/RawDownloads/080723_fcr50_S8188001.cnv
* Sea-Bird SBE19plus  Data File:
* FileName = C:\R\Reservoirs\Data\DataNotYetUploadedToEDI\Raw_CTD\RawDownloads\080723_fcr50_S8188_0001.hex
* Software version 2.8.0.119
* Temperature SN = 8188
* Conductivity SN = 8188
* System UpLoad Time = Aug 08 2023 11:25:19
* <ApplicationData>
* <Seaterm232>
# nquan = 16
# nvalues = 1347                        
# units = specified
# name 0 = depFM: Depth [fresh water, m]
# name 1 = dz/dtM: Descent Rate [m/s]
# name 2 = sbeox0Mg/L: Oxygen, SBE 43 [mg/l]
# name 3 = sbeox0PS: Oxygen, SBE 43 [% saturation]
# name 4 = specc: Specific Conductance [uS/cm]
# name 5 = c0uS/cm: Conductivity [uS/cm]
# name 6 = wetCDOM: Fluorescence, WET Labs CDOM [mg/m^3]
# name 7 = flECO-AFL: Fluorescence, WET Labs ECO-AFL/FL [mg/m^3]
# name 8 = flECO-AFL1: Fluorescence, WET Labs ECO-AFL/FL, 2 [mg/m^3]
# name 9 = flECO-AFL2: Fluorescence, WET Labs ECO-AFL/FL, 3 [mg/m^3]
# name 10 = par/sat/log: PAR/Logarithmic, Satlantic
# name 11 = turbWETntu0: Turbidity, WET Labs ECO [NTU]
# name 12 = prdM: Pressure, Strain Gauge [db]
# name 13 = prdE: Pressure, Strain Gauge [psi]
# name 14 = tv290C: Temperature [ITS-90, deg C]
# name 15 = flag:  0.000e+00
# span 0 =     -0.692,      9.154       
# span 1 =     -0.392,      0.114       
# span 2 =    -0.1795,     9.6737       
# span 3 =     -2.049,    116.738       
# span 4 =      1.126,     56.173       
# span 5 =   1.066164,  44.294994       
# span 6 =    -4.5000,    43.7400       
# span 7 =    -0.1460,    16.9784       
# span 8 =    -2.1300,     0.6390       
# span 9 =    -2.0304,     8.1639       
# span 10 = 1.1585e-01, 2.1978e+02      
# span 11 =    -0.4835,   131.8869      
# span 12 =     -0.679,      8.977      
# span 13 =     -0.984,     13.019      
# span 14 =    11.3329,    24.9212      
# span 15 = 0.0000e+00, 0.0000e+00      
# interval = seconds: 0.25
# start_time = Aug 07 2023 08:38:52 [Instrument's time stamp, header]
# bad_flag = -9.990e-29
*END*
[from data line 91]
     -0.123      0.010     6.7566     75.300     40.681  40.562656     4.0500    10.6459     0.0852     2.8764 1.7434e+02     2.9734     -0.120     -0.175    24.8462 0.0000e+00
     -0.120      0.009     6.5926     74.438     40.664  40.545876     4.0500    10.6536     0.0852     2.8764 1.7396e+02     2.8832     -0.118     -0.171    24.8471 0.0000e+00
     -0.118      0.009     6.4509     73.811     40.655  40.535077     4.0500    10.6497     0.0852     2.8764 1.7533e+02     2.8832     -0.116     -0.168    24.8479 0.0000e+00
     -0.116      0.008     6.3329     73.361     40.650  40.527381     4.0500    10.6459     0.0852     2.8764 1.7514e+02     2.8832     -0.114     -0.165    24.8486 0.0000e+00
     -0.114      0.008     6.2387     73.045     40.651  40.524697     4.0500    10.2301     0.0852     2.8764 1.7517e+02     3.0486     -0.112     -0.162    24.8490 0.0000e+00
     -0.112      0.008     6.1673     72.858     40.661  40.530269     4.0500    10.2339     0.0852     2.8764 1.7586e+02     2.8832     -0.110     -0.160    24.8484 0.0000e+00
     -0.110      0.007     6.1156     72.841     40.672  40.537661     4.0500    10.2110     0.0852     2.7918 1.7628e+02     2.9434     -0.108     -0.157    24.8463 0.0000e+00
     -0.108      0.007     6.0787     73.067     40.674  40.536958     4.0500    10.2225     0.0852     2.7918 1.2811e+02     2.9434     -0.106     -0.154    24.8428 0.0000e+00
     -0.106      0.006     6.0530     73.609     40.671  40.531933     4.0500    10.3331     0.0852     2.7918 1.2173e+02     2.9734     -0.104     -0.152    24.8383 0.0000e+00
     -0.105      0.006     6.0380     74.503     40.670  40.529171     4.0500    10.3446     0.0852     2.7918 1.2194e+02     2.9885     -0.103     -0.149    24.8335 0.0000e+00
     -0.103      0.005     6.0371     75.721     40.665  40.523972     4.0500    10.3179     0.0852     2.7918 1.2301e+02     2.8832     -0.101     -0.147    24.8289 0.0000e+00
     -0.102      0.004     6.0563     77.181     40.657  40.514951     4.0500    10.3255     0.0852     2.7918 1.2245e+02     2.8532     -0.100     -0.146    24.8253 0.0000e+00
     -0.101      0.003     6.1015     78.760     40.651  40.507626     4.0500    10.1653     0.0852     2.7918 1.2184e+02     2.9133     -0.099     -0.144    24.8229 0.0000e+00
     -0.100      0.003     6.1757     80.312     40.648  40.504006     4.0500    10.1576     0.0852     2.7918 1.2165e+02     2.9584     -0.098     -0.143    24.8213 0.0000e+00
     -0.100      0.002     6.2769     81.699     40.645  40.499163     4.0500    10.1424     0.0852     2.7918 1.2467e+02     2.9584     -0.098     -0.142    24.8201 0.0000e+00
     -0.099      0.002     6.3980     82.820     40.639  40.491805     4.0500    10.1309     0.0426     2.7495 1.2157e+02     2.8983     -0.097     -0.141    24.8190 0.0000e+00
     -0.099      0.002     6.5291     83.624     40.637  40.487895     4.0500    10.2034     0.0426     2.7495 1.2261e+02     2.8231     -0.097     -0.141    24.8178 0.0000e+00
     -0.098      0.002     6.6579     84.114     40.642  40.490352     4.0500    10.1958     0.0426     2.7495 1.2178e+02     2.8983     -0.096     -0.140    24.8164 0.0000e+00
     -0.098      0.001     6.7731     84.321     40.650  40.495869     4.0500    10.2225     0.0426     2.7495 1.2416e+02     2.9133     -0.096     -0.140    24.8148 0.0000e+00
     -0.098      0.001     6.8663     84.297     40.654  40.497992     4.0500    10.1920     0.0426     2.8764 1.2128e+02     2.9283     -0.096     -0.139    24.8129 0.0000e+00
     -0.098      0.001     6.9332     84.102     40.651  40.493325     4.0500    10.0699     0.0426     2.8764 1.2149e+02     3.1538     -0.095     -0.139    24.8105 0.0000e+00
     -0.097      0.002     6.9742     83.806     40.644  40.484587     4.0500    10.0852     0.0426     2.8764 1.2115e+02     3.2740     -0.095     -0.138    24.8079 0.0000e+00
     -0.097      0.002     6.9917     83.473     40.638  40.477371     4.0500    10.0852     0.0426     2.8764 1.2218e+02     3.1989     -0.095     -0.137    24.8050 0.0000e+00
     -0.096      0.002     6.9900     83.150     40.635  40.473714     4.0500    10.0813     0.0426     2.7918 1.2018e+02     3.1087     -0.094     -0.137    24.8023 0.0000e+00
     -0.096      0.002     6.9742     82.868     40.630  40.468679     4.0500     9.9631     0.0426     2.7918 1.1813e+02     3.1688     -0.094     -0.136    24.7999 0.0000e+00
     -0.095      0.002     6.9499     82.643     40.622  40.460924     4.0500     9.9669     0.0426     2.7918 1.2438e+02     3.1838     -0.093     -0.135    24.7978 0.0000e+00
     -0.095      0.001     6.9225     82.470     40.617  40.456305     4.0500     9.9516     0.0426     2.7918 1.2133e+02     3.1388     -0.093     -0.134    24.7963 0.0000e+00
     -0.094      0.001     6.8959     82.322     40.614  40.453590     4.0500     9.9745     0.0852     2.8764 1.2373e+02     3.1388     -0.092     -0.134    24.7954 0.0000e+00
     -0.094      0.001     6.8725     82.172     40.610  40.448094     4.0500     9.9669     0.0852     2.8764 1.2123e+02     2.9283     -0.092     -0.133    24.7954 0.0000e+00
     -0.094      0.001     6.8538     82.002     40.606  40.442311     4.0500     9.9516     0.0852     2.8764 1.2152e+02     3.0486     -0.092     -0.133    24.7959 0.0000e+00
     -0.093      0.001     6.8393     81.813     40.604  40.438662     4.0500     9.9402     0.0852     2.8764 1.2237e+02     2.8832     -0.092     -0.133    24.7965 0.0000e+00
     -0.093      0.001     6.8271     81.617     40.604  40.436174     4.0500     9.9555     0.0852     2.8764 1.2036e+02     2.8983     -0.091     -0.133    24.7963 0.0000e+00
     -0.093      0.000     6.8148     81.422     40.605  40.434183     4.0500     9.9326     0.0852     2.8341 1.2112e+02     2.9434     -0.091     -0.133    24.7951 0.0000e+00
     -0.093      0.000     6.8010     81.222     40.605  40.432158     4.0500     9.8868     0.0852     2.8341 1.2199e+02     2.8983     -0.091     -0.133    24.7929 0.0000e+00
     -0.093      0.000     6.7856     81.001     40.605  40.429560     4.0500     9.8982     0.0852     2.8341 1.2413e+02     2.8832     -0.091     -0.132    24.7901 0.0000e+00
     -0.093      0.000     6.7698     80.727     40.599  40.421732     4.0500     9.8982     0.0852     2.8341 1.1940e+02     3.0335     -0.091     -0.132    24.7872 0.0000e+00
     -0.092      0.000     6.7539     80.363     40.586  40.406589     4.0500    10.7680     0.0852     2.8341 1.2403e+02     3.0486     -0.091     -0.132    24.7843 0.0000e+00
     -0.092      0.000     6.7377     79.881     40.570  40.388014     4.0500    10.7756     0.0852     2.8341 1.2007e+02     2.9283     -0.091     -0.132    24.7814 0.0000e+00
     -0.092      0.000     6.7197     79.273     40.553  40.368979     4.0500    10.7756     0.0852     2.8341 1.2381e+02     2.7931     -0.091     -0.132    24.7785 0.0000e+00
     -0.092      0.000     6.6973     78.561     40.538  40.352332     4.0500    10.7451     0.0852     2.8341 1.2070e+02     2.9434     -0.091     -0.132    24.7756 0.0000e+00
     -0.092      0.000     6.6674     77.789     40.525  40.337594     4.0500    10.7642     0.0852     2.8341 1.2205e+02     2.9434     -0.091     -0.132    24.7729 0.0000e+00
     -0.092      0.000     6.6278     77.011     40.511  40.320837     4.0500    10.6230     0.0852     2.8341 1.2223e+02     2.8983     -0.091     -0.132    24.7704 0.0000e+00
     -0.092      0.000     6.5776     76.271     40.494  40.301553     4.0500    10.6574     0.0852     2.8341 1.2184e+02     2.9434     -0.091     -0.132    24.7678 0.0000e+00
     -0.092      0.000     6.5188     75.589     40.478  40.282523     4.0500    10.6116     0.0852     2.8341 1.2157e+02     2.8532     -0.091     -0.132    24.7651 0.0000e+00
     -0.092      0.000     6.4551     74.964     40.465  40.266596     4.0500    10.6345     0.0426     2.9187 1.2149e+02     2.8682     -0.091     -0.132    24.7624 0.0000e+00
     -0.092      0.000     6.3909     74.383     40.456  40.253488     4.0500     9.8525     0.0426     2.9187 1.2152e+02     2.8682     -0.091     -0.131    24.7596 0.0000e+00
     -0.092      0.000     6.3299     73.830     40.446  40.239701     4.0500     9.8181     0.0426     2.9187 1.2237e+02     2.9434     -0.090     -0.131    24.7564 0.0000e+00
     -0.092      0.000     6.2737     73.282     40.435  40.225522     4.0500     9.8601     0.0426     2.9187 1.2133e+02     2.9133     -0.090     -0.131    24.7527 0.0000e+00
     -0.092      0.000     6.2223     72.720     40.426  40.213113     4.0500     9.8372     0.0426     2.9187 1.2194e+02     2.9283     -0.090     -0.131    24.7485 0.0000e+00
     -0.092      0.000     6.1746     72.136     40.420  40.203125     4.0500    10.0966     0.0852     2.8764 1.2102e+02     2.9434     -0.090     -0.131    24.7440 0.0000e+00
     -0.092      0.001     6.1292     71.533     40.415  40.194877     4.0500    10.1042     0.0852     2.8764 1.2144e+02     2.8682     -0.090     -0.131    24.7395 0.0000e+00
     -0.092      0.001     6.0842     70.918     40.410  40.186168     4.0500    10.0852     0.0852     2.8764 1.2110e+02     2.8382     -0.090     -0.131    24.7349 0.0000e+00
     -0.091      0.001     6.0381     70.300     40.406  40.178638     4.0500    10.0890     0.0852     2.8764 1.2128e+02     3.0185     -0.090     -0.130    24.7303 0.0000e+00
     -0.091      0.001     5.9901     69.688     40.406  40.174241     4.0500    10.1615     0.0426     2.8341 1.2123e+02     2.8983     -0.090     -0.130    24.7258 0.0000e+00
     -0.091      0.001     5.9405     69.096     40.403  40.167841     4.0500    10.1348     0.0426     2.8341 1.2125e+02     2.9133     -0.089     -0.130    24.7213 0.0000e+00
     -0.091      0.001     5.8899     68.532     40.396  40.157732     4.0500    10.1576     0.0426     2.8341 1.2086e+02     2.7931     -0.089     -0.130    24.7168 0.0000e+00
     -0.091      0.001     5.8391     68.000     40.391  40.149142     4.0500    10.1691     0.0426     2.8341 1.2094e+02     2.8832     -0.089     -0.129    24.7123 0.0000e+00
     -0.091      0.000     5.7888     67.502     40.389  40.143742     4.0500    10.2110     0.0426     2.8764 1.2057e+02     2.9283     -0.089     -0.129    24.7078 0.0000e+00
     -0.091      0.000     5.7400     67.044     40.389  40.140092     4.0500    10.2187     0.0426     2.8764 1.2099e+02     2.9434     -0.089     -0.129    24.7034 0.0000e+00
     -0.091      0.000     5.6936     66.639     40.389  40.137218     4.0500    10.1996     0.0426     2.8764 1.2110e+02     2.9133     -0.089     -0.129    24.6991 0.0000e+00
     -0.091 6.7361e-09     5.6499     66.310     40.389  40.134354     4.0500    10.2034     0.0426     2.8764 1.2068e+02     3.0035     -0.089     -0.129    24.6947 0.0000e+00
     -0.090 8.6606e-09     5.6090     66.085     40.392  40.134698     4.0500    10.4323     0.0426     2.8764 1.2120e+02     2.9283     -0.089     -0.129    24.6905 0.0000e+00
     -0.090 1.1135e-08     5.5713     66.011     40.406  40.146264     4.0500    10.4399     0.0852     2.7918 1.2104e+02     2.8682     -0.089     -0.129    24.6863 0.0000e+00
     -0.090 1.4317e-08     5.5381     66.177     40.436  40.176100     4.0500    10.4476     0.0852     2.7918 1.2065e+02     2.8382     -0.089     -0.129    24.6823 0.0000e+00
     -0.090 1.8407e-08     5.5110     66.732     40.496  40.236123     4.0500    10.4705     0.0852     2.7918 1.2139e+02     2.8682     -0.089     -0.129    24.6786 0.0000e+00
     -0.090 2.3666e-08     5.4926     67.921     40.593  40.336396     4.0500    10.4819     0.0852     2.7918 1.2089e+02     2.9133     -0.089     -0.129    24.6753 0.0000e+00
     -0.090 3.0428e-08     5.4867     70.130     40.697  40.448192     4.0500    10.4972     0.0852     2.8764 1.2081e+02     2.9133     -0.089     -0.129    24.6729 0.0000e+00
     -0.090 3.9122e-08     5.5005     73.834     40.764  40.528028     4.0500    10.5467     0.0852     2.8764 1.2083e+02     2.8532     -0.089     -0.129    24.6719 0.0000e+00
     -0.090 5.0299e-08     5.5465     79.280     40.793  40.573422     4.0500    10.5086     0.0852     2.8764 1.2073e+02     2.9584     -0.089     -0.129    24.6731 0.0000e+00
     -0.090 6.4670e-08     5.6446     86.169     40.797  40.596482     4.0500    10.3942     0.0852     2.8764 1.2057e+02     2.9434     -0.089     -0.129    24.6780 0.0000e+00
     -0.090 8.3148e-08     5.8268     93.750     40.786  40.603358     4.0500    10.4170     0.0426     2.7918 1.2049e+02     2.9434     -0.089     -0.129    24.6884 0.0000e+00
     -0.090 1.0690e-07     6.1324    101.155     40.774  40.607769     4.0500    10.3865     0.0426     2.7918 1.2075e+02     2.9885     -0.089     -0.129    24.7046 0.0000e+00
     -0.090 1.3745e-07     6.5820    107.613     40.767  40.614855     4.0500    10.3942     0.0426     2.7918 1.2044e+02     2.9133     -0.089     -0.129    24.7253 0.0000e+00
     -0.090 1.7672e-07     7.1509    112.541     40.760  40.618583     4.0500    10.7146     0.0426     2.7918 1.2094e+02     2.8682     -0.089     -0.129    24.7481 0.0000e+00
     -0.090 2.2721e-07     7.7771    115.595     40.754  40.619946     4.0500    10.6993     0.0852     2.8341 1.2070e+02     3.0786     -0.089     -0.129    24.7703 0.0000e+00
     -0.090 2.9213e-07     8.3885    116.738     40.752  40.623272     4.0500    10.6879     0.0852     2.8341 1.2013e+02     2.8832     -0.089     -0.129    24.7903 0.0000e+00
     -0.090 3.7559e-07     8.9217    116.274     40.750  40.625484     4.0500    10.7108     0.0852     2.8341 1.1997e+02     2.8382     -0.089     -0.129    24.8071 0.0000e+00
     -0.090 4.8291e-07     9.3282    114.742     40.745  40.623211     4.0500    10.7032     0.0852     2.8341 1.2031e+02     2.9584     -0.089     -0.129    24.8203 0.0000e+00
     -0.090 6.2088e-07     9.5799    112.697     40.740  40.619809     4.0500    10.7184     0.0852     2.8341 1.2052e+02     2.9133     -0.089     -0.129    24.8300 0.0000e+00
     -0.090 7.9827e-07     9.6737    110.552     40.738  40.618332     4.0500    10.7108     0.0426     2.7918 1.2002e+02     2.8382     -0.089     -0.129    24.8366 0.0000e+00
     -0.090      0.000     9.6346    108.554     40.738  40.618387     4.0500    10.6993     0.0426     2.7918 1.2086e+02     2.9434     -0.089     -0.129    24.8412 0.0000e+00
     -0.090      0.000     9.5072    106.820     40.741  40.619988     4.0500    10.2416     0.0426     2.7918 1.2075e+02     2.9434     -0.089     -0.129    24.8444 0.0000e+00
     -0.090      0.000     9.3374    105.378     40.747  40.623562     4.0500    10.2034     0.0426     2.7918 1.2060e+02     2.9734     -0.089     -0.129    24.8466 0.0000e+00
     -0.090      0.000     9.1595    104.211     40.752  40.626100     4.0500    10.2149     0.0852     2.7918 1.2049e+02     2.8832     -0.089     -0.129    24.8479 0.0000e+00
     -0.090      0.000     8.9939    103.288     40.748  40.620354     4.0500    10.2072     0.0852     2.7918 1.2089e+02     2.9133     -0.089     -0.129    24.8480 0.0000e+00
     -0.090      0.000     8.8505    102.576     40.737  40.608755     4.0500    10.4552     0.0852     2.7918 1.2065e+02     2.9133     -0.089     -0.129    24.8461 0.0000e+00
     -0.090      0.000     8.7316    102.031     40.729  40.600095     4.0500    10.4514     0.0852     2.7918 1.2070e+02     2.9434     -0.089     -0.129    24.8428 0.0000e+00
     -0.090      0.000     8.6354    101.611     40.725  40.596026     4.0500    10.4895     0.0852     2.9187 1.2089e+02     2.8382     -0.089     -0.129    24.8395 0.0000e+00
     -0.090      0.000     8.5593    101.276     40.723  40.595464     4.0500    10.4666     0.0852     2.9187 1.2062e+02     2.9434     -0.089     -0.129    24.8374 0.0000e+00
