Data/DataNotYetUploadedToEDI/Raw_CTD/RawDownloads/080723_fcr50_S8188001.cnv
* Sea-Bird SBE19plus  Data File:
* FileName = C:\R\Reservoirs\Data\DataNotYetUploadedToEDI\Raw_CTD\RawDownloads\080723_fcr50_S8188_0001.hex
* Software version 2.8.0.119
* Temperature SN = 8188
* Conductivity SN = 8188
* System UpLoad Time = Aug 08 2023 11:25:19
* <ApplicationData>
* <Seaterm232>
# nquan = 16
# nvalues = 1347                        
# units = specified
# name 0 = depFM: Depth [fresh water, m]
# name 1 = dz/dtM: Descent Rate [m/s]
# name 2 = sbeox0Mg/L: Oxygen, SBE 43 [mg/l]
# name 3 = sbeox0PS: Oxygen, SBE 43 [% saturation]
# name 4 = specc: Specific Conductance [uS/cm]
# name 5 = c0uS/cm: Conductivity [uS/cm]
# name 6 = wetCDOM: Fluorescence, WET Labs CDOM [mg/m^3]
# name 7 = flECO-AFL: Fluorescence, WET Labs ECO-AFL/FL [mg/m^3]
# name 8 = flECO-AFL1: Fluorescence, WET Labs ECO-AFL/FL, 2 [mg/m^3]
# name 9 = flECO-AFL2: Fluorescence, WET Labs ECO-AFL/FL, 3 [mg/m^3]
# name 10 = par/sat/log: PAR/Logarithmic, Satlantic
# name 11 = turbWETntu0: Turbidity, WET Labs ECO [NTU]
# name 12 = prdM: Pressure, Strain Gauge [db]
# name 13 = prdE: Pressure, Strain Gauge [psi]
# name 14 = tv290C: Temperature [ITS-90, deg C]
# name 15 = flag:  0.000e+00
# span 0 =     -0.692,      9.154       
# span 1 =     -0.392,      0.114       
# span 2 =    -0.1795,     9.6737       
# span 3 =     -2.049,    116.738       
# span 4 =      1.126,     56.173       
# span 5 =   1.066164,  44.294994       
# span 6 =    -4.5000,    43.7400       
# span 7 =    -0.1460,    16.9784       
# span 8 =    -2.1300,     0.6390       
# span 9 =    -2.0304,     8.1639       
# span 10 = 1.1585e-01, 2.1978e+02      
# span 11 =    -0.4835,   131.8869      
# span 12 =     -0.679,      8.977      
# span 13 =     -0.984,     13.019      
# span 14 =    11.3329,    24.9212      
# span 15 = 0.0000e+00, 0.0000e+00      
# interval = seconds: 0.25
# start_time = Aug 07 2023 08:38:52 [Instrument's time stamp, header]
# bad_flag = -9.990e-29
*END*
[from data line 904]
      7.615      0.039     5.4964     50.322     51.667  37.553025     4.3200     0.6246     0.2556     0.2961 1.1623e-01    11.2400      7.468     10.831    11.3414 0.0000e+00
      7.626      0.041     5.4995     50.329     51.677  37.559179     4.3200     0.6398     0.2556     0.2961 1.1623e-01    11.2250      7.479     10.846    11.3407 0.0000e+00
      7.637      0.042     5.5020     50.330     51.693  37.570707     4.3200     0.5902     0.2556     0.2961 1.1605e-01    11.2851      7.490     10.862    11.3399 0.0000e+00
      7.649      0.044     5.5037     50.333     51.711  37.582760     4.4100     0.6169     0.2556     0.2961 1.1612e-01    10.9244      7.501     10.879    11.3391 0.0000e+00
      7.660      0.044     5.5051     50.343     51.716  37.586668     4.4100     0.5902     0.2556     0.2961 1.1617e-01    11.0446      7.512     10.895    11.3383 0.0000e+00
      7.671      0.045     5.5060     50.358     51.718  37.587434     4.4100     0.6284     0.2556     0.2961 1.1615e-01    10.9244      7.523     10.911    11.3377 0.0000e+00
      7.682      0.047     5.5062     50.370     51.715  37.585262     4.4100     0.6246     0.2556     0.2961 1.1625e-01    10.9695      7.534     10.927    11.3371 0.0000e+00
      7.694      0.049     5.5066     50.375     51.702  37.575613     4.4100     0.6398     0.2556     0.2961 1.1617e-01    11.2550      7.545     10.943    11.3367 0.0000e+00
      7.706      0.050     5.5078     50.377     51.686  37.563836     4.4100     0.6169     0.2556     0.3384 1.1615e-01    11.2851      7.557     10.961    11.3364 0.0000e+00
      7.720      0.051     5.5094     50.381     51.680  37.558674     4.4100     0.6322     0.2556     0.3384 1.1628e-01    11.1498      7.570     10.980    11.3362 0.0000e+00
      7.734      0.052     5.5107     50.383     51.680  37.558752     4.4100     0.5864     0.2556     0.3384 1.1635e-01    11.2250      7.585     11.000    11.3360 0.0000e+00
      7.748      0.051     5.5113     50.377     51.682  37.560127     4.4100     0.5063     0.2556     0.3384 1.1607e-01    11.4655      7.599     11.021    11.3358 0.0000e+00
      7.762      0.048     5.5115     50.363     51.687  37.563168     4.4100     0.4872     0.2130     0.2961 1.1595e-01    11.4805      7.612     11.040    11.3355 0.0000e+00
      7.774      0.045     5.5120     50.344     51.695  37.568685     4.4100     0.4949     0.2130     0.2961 1.1607e-01    11.4204      7.624     11.057    11.3352 0.0000e+00
      7.785      0.041     5.5123     50.315     51.708  37.578149     4.4100     0.5025     0.2130     0.2961 1.1617e-01    11.4204      7.634     11.072    11.3348 0.0000e+00
      7.794      0.038     5.5116     50.276     51.724  37.590123     4.4100     0.5025     0.2130     0.2961 1.1612e-01    11.2400      7.644     11.086    11.3346 0.0000e+00
      7.804      0.034     5.5102     50.233     51.737  37.599876     4.4100     0.5254     0.2556     0.4230 1.1620e-01    11.2400      7.653     11.099    11.3344 0.0000e+00
      7.812      0.032     5.5081     50.192     51.745  37.606048     4.4100     0.5063     0.2556     0.4230 1.1610e-01    11.1198      7.661     11.111    11.3343 0.0000e+00
      7.819      0.030     5.5049     50.154     51.750  37.610284     4.4100     0.5063     0.2556     0.4230 1.1625e-01    11.2701      7.668     11.122    11.3343 0.0000e+00
      7.826      0.028     5.5007     50.124     51.754  37.613714     4.4100     0.4682     0.2556     0.4230 1.1625e-01    10.9995      7.675     11.132    11.3344 0.0000e+00
      7.833      0.027     5.4959     50.104     51.753  37.613292     4.4100     0.4796     0.2982     0.2115 1.1610e-01    11.0296      7.681     11.141    11.3347 0.0000e+00
      7.839      0.027     5.4913     50.089     51.734  37.600981     4.4100     0.4949     0.2982     0.2115 1.1612e-01    10.9845      7.688     11.150    11.3350 0.0000e+00
      7.846      0.027     5.4871     50.075     51.706  37.581421     4.4100     0.4987     0.2982     0.2115 1.1610e-01    10.9544      7.694     11.160    11.3355 0.0000e+00
      7.853      0.027     5.4838     50.063     51.688  37.569206     4.4100     0.5864     0.2982     0.2115 1.1600e-01    11.0296      7.701     11.169    11.3362 0.0000e+00
      7.860      0.027     5.4815     50.051     51.686  37.569000     4.4100     0.5673     0.2982     0.2115 1.1607e-01    10.9544      7.708     11.179    11.3370 0.0000e+00
      7.867      0.028     5.4797     50.037     51.697  37.576786     4.3200     0.5445     0.2556     0.3384 1.1607e-01    10.9695      7.715     11.189    11.3381 0.0000e+00
      7.874      0.029     5.4781     50.021     51.705  37.582758     4.3200     0.5750     0.2556     0.3384 1.1605e-01    10.9995      7.722     11.200    11.3392 0.0000e+00
      7.881      0.030     5.4766     50.003     51.702  37.580584     4.3200     0.5940     0.2556     0.3384 1.1623e-01    11.0146      7.729     11.210    11.3401 0.0000e+00
      7.889      0.032     5.4753     49.987     51.697  37.577607     4.3200     0.5521     0.2556     0.3384 1.1615e-01    10.9995      7.737     11.221    11.3407 0.0000e+00
      7.897      0.035     5.4737     49.976     51.702  37.580957     4.4100     0.5521     0.2556     0.3384 1.1600e-01    11.0596      7.745     11.232    11.3409 0.0000e+00
      7.906      0.038     5.4719     49.968     51.701  37.579643     4.4100     0.5750     0.2556     0.3384 1.1617e-01    10.9695      7.753     11.245    11.3410 0.0000e+00
      7.916      0.040     5.4699     49.959     51.688  37.569352     4.4100     0.5559     0.2556     0.3384 1.1612e-01    11.2400      7.763     11.259    11.3410 0.0000e+00
      7.927      0.043     5.4682     49.951     51.681  37.563186     4.4100     0.5635     0.2556     0.3384 1.1615e-01    11.2400      7.774     11.274    11.3410 0.0000e+00
      7.939      0.045     5.4669     49.949     51.683  37.563462     4.3200     0.5635     0.2556     0.3807 1.1602e-01    11.1799      7.785     11.291    11.3410 0.0000e+00
      7.951      0.046     5.4661     49.955     51.688  37.566293     4.3200     0.5521     0.2556     0.3807 1.1607e-01    11.2851      7.797     11.309    11.3407 0.0000e+00
      7.963      0.046     5.4652     49.966     51.692  37.568471     4.3200     0.4338     0.2556     0.3807 1.1597e-01    11.2851      7.809     11.326    11.3398 0.0000e+00
      7.975      0.047     5.4645     49.979     51.691  37.566617     4.3200     0.4300     0.2556     0.3807 1.1595e-01    11.3302      7.821     11.343    11.3386 0.0000e+00
      7.986      0.047     5.4645     49.990     51.694  37.568159     4.4100     0.4529     0.2556     0.2961 1.1623e-01    11.1949      7.832     11.359    11.3374 0.0000e+00
      7.998      0.048     5.4653     50.001     51.707  37.577469     4.4100     0.4643     0.2556     0.2961 1.1612e-01    11.2099      7.843     11.376    11.3364 0.0000e+00
      8.010      0.050     5.4666     50.008     51.718  37.585145     4.4100     0.4300     0.2556     0.2961 1.1597e-01    10.9995      7.855     11.392    11.3356 0.0000e+00
      8.022      0.052     5.4680     50.013     51.718  37.585312     4.4100     0.4338     0.2556     0.2961 1.1612e-01    11.0146      7.867     11.410    11.3351 0.0000e+00
      8.035      0.054     5.4693     50.018     51.714  37.581974     4.4100     0.4415     0.2556     0.2961 1.1628e-01    11.0296      7.880     11.429    11.3347 0.0000e+00
      8.050      0.056     5.4705     50.024     51.714  37.582166     4.4100     0.4529     0.2556     0.2538 1.1617e-01    10.9695      7.894     11.450    11.3345 0.0000e+00
      8.066      0.056     5.4713     50.029     51.719  37.585938     4.4100     0.4796     0.2556     0.2538 1.1610e-01    10.9544      7.910     11.472    11.3343 0.0000e+00
      8.081      0.055     5.4719     50.031     51.719  37.586373     4.4100     0.4949     0.2556     0.2538 1.1617e-01    10.9544      7.925     11.494    11.3341 0.0000e+00
      8.095      0.054     5.4724     50.028     51.714  37.583587     4.4100     0.5292     0.2556     0.2538 1.1612e-01    10.9244      7.939     11.515    11.3339 0.0000e+00
      8.108      0.052     5.4731     50.021     51.709  37.580799     4.4100     0.4872     0.2556     0.2961 1.1607e-01    10.9394      7.952     11.533    11.3338 0.0000e+00
      8.121      0.051     5.4737     50.011     51.708  37.581227     4.4100     0.5139     0.2556     0.2961 1.1612e-01    11.2250      7.964     11.551    11.3339 0.0000e+00
      8.133      0.050     5.4738     49.997     51.718  37.588947     4.4100     0.4949     0.2556     0.2961 1.1597e-01    11.2400      7.976     11.568    11.3343 0.0000e+00
      8.145      0.049     5.4734     49.981     51.731  37.598093     4.4100     0.5101     0.2556     0.2961 1.1617e-01    11.1799      7.988     11.586    11.3350 0.0000e+00
      8.158      0.049     5.4725     49.973     51.743  37.607145     4.4100     0.4987     0.2556     0.3384 1.1615e-01    11.2400      8.000     11.603    11.3359 0.0000e+00
      8.171      0.049     5.4713     49.976     51.760  37.618514     4.4100     0.4300     0.2556     0.3384 1.1610e-01    11.1799      8.013     11.622    11.3367 0.0000e+00
      8.184      0.049     5.4697     49.983     51.767  37.623349     4.4100     0.4567     0.2556     0.3384 1.1623e-01    11.2250      8.025     11.640    11.3373 0.0000e+00
      8.196      0.048     5.4679     49.988     51.757  37.615015     4.4100     0.4300     0.2556     0.3384 1.1595e-01    11.2851      8.038     11.658    11.3374 0.0000e+00
      8.209      0.048     5.4670     49.992     51.736  37.599214     4.4100     0.4491     0.2556     0.3384 1.1605e-01    11.2400      8.050     11.676    11.3372 0.0000e+00
      8.221      0.047     5.4675     49.989     51.721  37.587578     4.4100     0.4949     0.2556     0.3384 1.1605e-01    11.2099      8.062     11.693    11.3367 0.0000e+00
      8.233      0.047     5.4683     49.975     51.713  37.580965     4.4100     0.4720     0.2556     0.3384 1.1623e-01    11.2400      8.073     11.710    11.3361 0.0000e+00
      8.244      0.048     5.4690     49.955     51.703  37.573651     4.4100     0.4872     0.2556     0.3384 1.1617e-01    11.1198      8.085     11.726    11.3354 0.0000e+00
      8.256      0.049     5.4695     49.926     51.695  37.567646     4.4100     0.4949     0.2556     0.3384 1.1617e-01    11.3152      8.097     11.743    11.3348 0.0000e+00
      8.269      0.050     5.4693     49.885     51.698  37.569272     4.4100     0.4529     0.2556     0.2538 1.1615e-01    11.3602      8.109     11.761    11.3341 0.0000e+00
      8.281      0.052     5.4678     49.833     51.716  37.582924     4.4100     0.4529     0.2556     0.2538 1.1612e-01    11.2400      8.121     11.779    11.3336 0.0000e+00
      8.295      0.053     5.4656     49.773     51.740  37.600358     4.4100     0.4453     0.2556     0.2538 1.1617e-01    11.2099      8.135     11.798    11.3332 0.0000e+00
      8.309      0.054     5.4625     49.715     51.754  37.610378     4.4100     0.4300     0.2556     0.2538 1.1605e-01    11.2550      8.149     11.818    11.3329 0.0000e+00
      8.324      0.053     5.4580     49.670     51.755  37.611693     4.4100     0.4949     0.2982     0.2961 1.1610e-01    11.3753      8.163     11.839    11.3329 0.0000e+00
      8.339      0.052     5.4523     49.641     51.749  37.608616     4.4100     0.4796     0.2982     0.2961 1.1612e-01    11.3903      8.178     11.860    11.3329 0.0000e+00
      8.352      0.048     5.4457     49.629     51.748  37.608249     4.4100     0.4720     0.2982     0.2961 1.1617e-01    11.4504      8.191     11.880    11.3330 0.0000e+00
      8.365      0.044     5.4393     49.637     51.749  37.610495     4.4100     0.4987     0.2982     0.2961 1.1623e-01    11.4053      8.203     11.897    11.3333 0.0000e+00
      8.375      0.040     5.4344     49.661     51.749  37.611991     4.4100     0.4491     0.2556     0.3384 1.1605e-01    11.2250      8.213     11.912    11.3337 0.0000e+00
      8.384      0.036     5.4312     49.693     51.749  37.613136     4.4100     0.4376     0.2556     0.3384 1.1595e-01    11.1348      8.222     11.925    11.3344 0.0000e+00
      8.392      0.032     5.4297     49.725     51.753  37.618196     4.4100     0.4338     0.2556     0.3384 1.1605e-01    11.3152      8.230     11.936    11.3354 0.0000e+00
      8.400      0.029     5.4304     49.754     51.763  37.628522     4.4100     0.4376     0.2556     0.3384 1.1612e-01    11.1949      8.237     11.947    11.3366 0.0000e+00
      8.406      0.028     5.4328     49.779     51.773  37.638943     4.4100     0.4872     0.3408     0.2961 1.1625e-01    11.3602      8.244     11.957    11.3379 0.0000e+00
      8.413      0.027     5.4362     49.801     51.778  37.646297     4.4100     0.4872     0.3408     0.2961 1.1600e-01    11.2701      8.250     11.966    11.3394 0.0000e+00
      8.419      0.026     5.4395     49.831     51.778  37.650563     4.4100     0.4872     0.3408     0.2961 1.1628e-01    11.2400      8.257     11.975    11.3414 0.0000e+00
      8.426      0.026     5.4423     49.874     51.781  37.654861     4.4100     0.4987     0.3408     0.2961 1.1623e-01    11.2099      8.263     11.984    11.3440 0.0000e+00
      8.432      0.027     5.4446     49.919     51.781  37.656376     4.4100     0.4300     0.3408     0.2961 1.1612e-01    11.4955      8.269     11.993    11.3474 0.0000e+00
      8.439      0.027     5.4465     49.956     51.772  37.649568     4.4100     0.4376     0.2556     0.2538 1.1612e-01    11.3001      8.276     12.003    11.3513 0.0000e+00
      8.446      0.028     5.4494     49.983     51.758  37.638565     4.4100     0.4643     0.2556     0.2538 1.1612e-01    11.3753      8.283     12.013    11.3548 0.0000e+00
      8.454      0.029     5.4538     50.001     51.747  37.630337     4.4100     0.3995     0.2556     0.2538 1.1612e-01    11.3903      8.290     12.024    11.3572 0.0000e+00
      8.461      0.030     5.4586     50.009     51.743  37.626650     4.4100     0.4949     0.2556     0.2538 1.1605e-01    11.4204      8.298     12.034    11.3582 0.0000e+00
      8.469      0.030     5.4625     50.006     51.745  37.626522     4.4100     0.4872     0.2556     0.2961 1.1623e-01    11.4805      8.305     12.046    11.3582 0.0000e+00
      8.477      0.031     5.4656     49.993     51.751  37.629919     4.4100     0.5063     0.2556     0.2961 1.1615e-01    11.4204      8.313     12.057    11.3578 0.0000e+00
      8.486      0.031     5.4677     49.976     51.758  37.633784     4.4100     0.4911     0.2556     0.2961 1.1605e-01    11.4655      8.321     12.069    11.3571 0.0000e+00
      8.494      0.031     5.4686     49.958     51.762  37.635187     4.4100     0.4834     0.2556     0.2961 1.1638e-01    11.2851      8.329     12.080    11.3562 0.0000e+00
      8.501      0.030     5.4684     49.941     51.762  37.634501     4.4100     0.5139     0.2556     0.2538 1.1605e-01    11.3001      8.337     12.091    11.3552 0.0000e+00
      8.509      0.030     5.4672     49.920     51.760  37.631545     4.4100     0.5101     0.2556     0.2538 1.1612e-01    11.2550      8.344     12.102    11.3541 0.0000e+00
      8.516      0.029     5.4654     49.895     51.759  37.629490     4.4100     0.5178     0.2556     0.2538 1.1602e-01    11.1799      8.351     12.112    11.3529 0.0000e+00
      8.523      0.029     5.4637     49.871     51.765  37.631750     4.4100     0.5788     0.2556     0.2538 1.1615e-01    11.4053      8.358     12.123    11.3517 0.0000e+00
      8.531      0.029     5.4619     49.851     51.773  37.634968     4.4100     0.5635     0.2556     0.2538 1.1600e-01    11.4805      8.366     12.133    11.3505 0.0000e+00
      8.538      0.029     5.4597     49.833     51.771  37.632076     4.4100     0.5635     0.2556     0.3807 1.1625e-01    11.4204      8.373     12.144    11.3493 0.0000e+00
