Data/DataNotYetUploadedToEDI/Raw_CTD/RawDownloads/080723_fcr50_S8188001.cnv
* Sea-Bird SBE19plus  Data File:
* FileName = C:\R\Reservoirs\Data\DataNotYetUploadedToEDI\Raw_CTD\RawDownloads\080723_fcr50_S8188_0001.hex
* Software version 2.8.0.119
* Temperature SN = 8188
* Conductivity SN = 8188
* System UpLoad Time = Aug 08 2023 11:25:19
* <ApplicationData>
* <Seaterm232>
# nquan = 16
# nvalues = 1347                        
# units = specified
# name 0 = depFM: Depth [fresh water, m]
# name 1 = dz/dtM: Descent Rate [m/s]
# name 2 = sbeox0Mg/L: Oxygen, SBE 43 [mg/l]
# name 3 = sbeox0PS: Oxygen, SBE 43 [% saturation]
# name 4 = specc: Specific Conductance [uS/cm]
# name 5 = c0uS/cm: Conductivity [uS/cm]
# name 6 = wetCDOM: Fluorescence, WET Labs CDOM [mg/m^3]
# name 7 = flECO-AFL: Fluorescence, WET Labs ECO-AFL/FL [mg/m^3]
# name 8 = flECO-AFL1: Fluorescence, WET Labs ECO-AFL/FL, 2 [mg/m^3]
# name 9 = flECO-AFL2: Fluorescence, WET Labs ECO-AFL/FL, 3 [mg/m^3]
# name 10 = par/sat/log: PAR/Logarithmic, Satlantic
# name 11 = turbWETntu0: Turbidity, WET Labs ECO [NTU]
# name 12 = prdM: Pressure, Strain Gauge [db]
# name 13 = prdE: Pressure, Strain Gauge [psi]
# name 14 = tv290C: Temperature [ITS-90, deg C]
# name 15 = flag:  0.000e+00
# span 0 =     -0.692,      9.154       
# span 1 =     -0.392,      0.114       
# span 2 =    -0.1795,     9.6737       
# span 3 =     -2.049,    116.738       
# span 4 =      1.126,     56.173       
# span 5 =   1.066164,  44.294994       
# span 6 =    -4.5000,    43.7400       
# span 7 =    -0.1460,    16.9784       
# span 8 =    -2.1300,     0.6390       
# span 9 =    -2.0304,     8.1639       
# span 10 = 1.1585e-01, 2.1978e+02      
# span 11 =    -0.4835,   131.8869      
# span 12 =     -0.679,      8.977      
# span 13 =     -0.984,     13.019      
# span 14 =    11.3329,    24.9212      
# span 15 = 0.0000e+00, 0.0000e+00      
# interval = seconds: 0.25
# start_time = Aug 07 2023 08:38:52 [Instrument's time stamp, header]
# bad_flag = -9.990e-29
*END*
[from data line 181]
     -0.090      0.000     8.4554    100.770     40.719  40.592212     4.0500    11.0503     0.0852     2.9187 1.2099e+02     2.8983     -0.089     -0.129    24.8360 0.0000e+00
     -0.090      0.000     8.4205    100.597     40.723  40.596580     4.0500    11.0808     0.0852     2.7918 1.2068e+02     2.8532     -0.089     -0.129    24.8364 0.0000e+00
     -0.090      0.000     8.3926    100.486     40.734  40.608563     4.0500    11.0541     0.0852     2.7918 1.2081e+02     3.0335     -0.088     -0.128    24.8372 0.0000e+00
     -0.090      0.000     8.3696    100.436     40.743  40.619473     4.0500    10.7871     0.0852     2.7918 1.2089e+02     2.7931     -0.088     -0.128    24.8378 0.0000e+00
     -0.090      0.000     8.3505    100.444     40.741  40.620332     4.0500    10.7642     0.0852     2.7918 1.2099e+02     2.8832     -0.088     -0.128    24.8382 0.0000e+00
     -0.090      0.000     8.3360    100.501     40.733  40.615333     4.0500    10.7489     0.0852     2.7918 1.2083e+02     2.9434     -0.088     -0.128    24.8388 0.0000e+00
     -0.090      0.000     8.3266    100.592     40.730  40.615027     4.1400    10.7527     0.0852     2.7918 1.2102e+02     2.8532     -0.088     -0.128    24.8402 0.0000e+00
     -0.090      0.000     8.3222    100.685     40.734  40.619334     4.1400    10.2301     0.0852     2.7918 1.2128e+02     2.8382     -0.088     -0.128    24.8426 0.0000e+00
     -0.090      0.000     8.3223    100.748     40.735  40.621477     4.1400    10.2606     0.0852     2.7918 1.2099e+02     2.9734     -0.088     -0.128    24.8460 0.0000e+00
     -0.090      0.000     8.3265    100.764     40.728  40.614106     4.1400    10.2759     0.0852     2.7918 1.2094e+02     2.8832     -0.088     -0.128    24.8496 0.0000e+00
     -0.090      0.000     8.3336    100.735     40.713  40.599215     4.0500    10.2606     0.0852     2.7495 1.2078e+02     2.9584     -0.088     -0.128    24.8524 0.0000e+00
     -0.090      0.000     8.3411    100.673     40.704  40.588681     4.0500    10.0089     0.0852     2.7495 1.2065e+02     2.8231     -0.088     -0.128    24.8540 0.0000e+00
     -0.090      0.000     8.3462    100.595     40.704  40.587620     4.0500     9.9822     0.0852     2.7495 1.2104e+02     2.9133     -0.088     -0.128    24.8545 0.0000e+00
     -0.090      0.000     8.3475    100.521     40.709  40.591786     4.0500    10.0394     0.0852     2.7495 1.2047e+02     2.9434     -0.088     -0.128    24.8544 0.0000e+00
     -0.090      0.000     8.3452    100.458     40.713  40.594367     4.0500    10.0089     0.0852     2.7495 1.2075e+02     2.9133     -0.088     -0.128    24.8538 0.0000e+00
     -0.090      0.000     8.3402    100.410     40.712  40.592090     4.0500    10.2873     0.0852     2.7495 1.2070e+02     2.8832     -0.088     -0.127    24.8528 0.0000e+00
     -0.089      0.001     8.3340    100.383     40.705  40.584345     4.0500    10.2873     0.0852     2.7495 1.2068e+02     2.9434     -0.088     -0.127    24.8514 0.0000e+00
     -0.089      0.001     8.3281    100.377     40.698  40.576993     4.0500    10.2645     0.0852     2.7495 1.2039e+02     2.8832     -0.087     -0.127    24.8499 0.0000e+00
     -0.089      0.001     8.3231    100.390     40.701  40.579959     4.0500    10.2950     0.0426     2.7918 1.2052e+02     2.8832     -0.087     -0.127    24.8483 0.0000e+00
     -0.089      0.001     8.3194    100.419     40.714  40.594032     4.0500    10.6536     0.0426     2.7918 1.2057e+02     2.9133     -0.087     -0.126    24.8468 0.0000e+00
     -0.089      0.002     8.3173    100.455     40.725  40.607118     4.0500    10.6230     0.0426     2.7918 1.2041e+02     2.9885     -0.087     -0.126    24.8456 0.0000e+00
     -0.088      0.002     8.3169    100.471     40.726  40.610821     4.0500    10.6307     0.0426     2.7918 1.2020e+02     2.8532     -0.086     -0.125    24.8451 0.0000e+00
     -0.088      0.003     8.3178    100.452     40.722  40.610091     4.0500    10.6383     0.0426     2.7918 1.2026e+02     2.9434     -0.086     -0.125    24.8455 0.0000e+00
     -0.087      0.003     8.3200    100.416     40.717  40.608695     4.0500    10.2988     0.0852     2.7495 1.2060e+02     2.9283     -0.085     -0.124    24.8468 0.0000e+00
     -0.086      0.004     8.3227    100.394     40.712  40.606261     4.0500    10.2797     0.0852     2.7495 1.2034e+02     2.9584     -0.084     -0.122    24.8489 0.0000e+00
     -0.085      0.006     8.3236    100.406     40.709  40.606102     4.0500    10.2530     0.0852     2.7495 1.2020e+02     2.8382     -0.083     -0.121    24.8520 0.0000e+00
     -0.083      0.007     8.3214    100.449     40.713  40.612139     4.0500    10.2873     0.0852     2.7495 1.2026e+02     2.9734     -0.082     -0.119    24.8561 0.0000e+00
     -0.082      0.009     8.3177    100.512     40.717  40.618055     4.0500     9.8410     0.0852     3.0033 1.2013e+02     2.8983     -0.080     -0.116    24.8607 0.0000e+00
     -0.079      0.011     8.3152    100.578     40.718  40.621469     4.0500     9.8372     0.0852     3.0033 1.2000e+02     3.0035     -0.078     -0.113    24.8648 0.0000e+00
     -0.076      0.014     8.3157    100.634     40.722  40.627251     4.0500     9.8219     0.0852     3.0033 1.2007e+02     2.9584     -0.075     -0.109    24.8681 0.0000e+00
     -0.073      0.017     8.3189    100.662     40.726  40.632981     4.0500     9.8448     0.0852     3.0033 1.1770e+02     2.9283     -0.071     -0.103    24.8707 0.0000e+00
     -0.068      0.020     8.3238    100.651     40.723  40.632265     4.0500     9.7838     0.0426     2.7918 1.1643e+02     3.1688     -0.067     -0.097    24.8729 0.0000e+00
     -0.062      0.022     8.3290    100.614     40.715  40.624911     4.0500     9.7762     0.0426     2.7918 1.1552e+02     3.1388     -0.061     -0.089    24.8751 0.0000e+00
     -0.056      0.024     8.3332    100.572     40.706  40.616882     4.0500     9.7876     0.0426     2.7918 1.1056e+02     3.1688     -0.055     -0.080    24.8775 0.0000e+00
     -0.049      0.026     8.3351    100.543     40.700  40.610000     4.0500     9.7800     0.0426     2.7918 9.6685e+01     3.1538     -0.048     -0.070    24.8799 0.0000e+00
     -0.042      0.027     8.3339    100.535     40.698  40.606391     4.0500     9.8601     0.0426     2.7918 9.5578e+01     3.1388     -0.041     -0.060    24.8820 0.0000e+00
     -0.035      0.028     8.3306    100.545     40.703  40.609054     4.0500     9.8334     0.0852     2.9610 1.0275e+02     3.1989     -0.035     -0.050    24.8835 0.0000e+00
     -0.028      0.029     8.3270    100.564     40.710  40.614738     4.0500     9.8410     0.0852     2.9610 1.0320e+02     3.1538     -0.028     -0.040    24.8840 0.0000e+00
     -0.021      0.030     8.3248    100.583     40.712  40.617034     4.0500     9.8372     0.0852     2.9610 1.0021e+02     3.0786     -0.020     -0.030    24.8832 0.0000e+00
     -0.013      0.032     8.3245    100.600     40.707  40.612592     4.0500     9.8486     0.0852     2.9610 9.6266e+01     3.1538     -0.013     -0.019    24.8812 0.0000e+00
     -0.005      0.033     8.3256    100.619     40.698  40.604189     4.0500     9.8448     0.0852     2.9610 9.4156e+01     3.0937     -0.005     -0.007    24.8789 0.0000e+00
      0.004      0.034     8.3274    100.639     40.691  40.597510     4.0500     9.8296     0.0852     2.9610 9.2473e+01     3.2440      0.004      0.005    24.8772 0.0000e+00
      0.012      0.035     8.3291    100.649     40.687  40.594734     4.0500     9.8296     0.0852     2.9610 9.0939e+01     3.0636      0.012      0.018    24.8768 0.0000e+00
      0.022      0.036     8.3304    100.643     40.686  40.595122     4.0500    10.4132     0.0852     2.9610 8.9119e+01     3.3943      0.021      0.031    24.8776 0.0000e+00
      0.031      0.037     8.3317    100.628     40.689  40.598776     4.1400    10.4056     0.0852     3.0033 8.5887e+01     3.4093      0.031      0.045    24.8789 0.0000e+00
      0.041      0.038     8.3332    100.610     40.693  40.602711     4.1400    10.3980     0.0852     3.0033 8.2324e+01     3.3642      0.040      0.059    24.8800 0.0000e+00
      0.051      0.038     8.3339    100.587     40.697  40.607974     4.1400    10.3942     0.0852     3.0033 8.0975e+01     3.3792      0.050      0.073    24.8810 0.0000e+00
      0.061      0.037     8.3332    100.563     40.702  40.613989     4.1400    10.8176     0.0852     3.0033 7.9476e+01     3.1388      0.060      0.087    24.8819 0.0000e+00
      0.070      0.037     8.3319    100.548     40.699  40.612454     4.0500    10.8519     0.0852     2.9187 7.7532e+01     3.1538      0.069      0.100    24.8827 0.0000e+00
      0.080      0.036     8.3303    100.543     40.694  40.608903     4.0500    10.8214     0.0852     2.9187 7.6030e+01     3.1087      0.078      0.113    24.8833 0.0000e+00
      0.089      0.035     8.3282    100.545     40.695  40.612294     4.0500    10.8252     0.0852     2.9187 7.4720e+01     3.2440      0.087      0.126    24.8843 0.0000e+00
      0.097      0.034     8.3260    100.552     40.700  40.619570     4.0500    11.0732     0.0852     2.9187 7.3848e+01     3.1087      0.095      0.139    24.8858 0.0000e+00
      0.106      0.034     8.3245    100.567     40.704  40.624746     4.0500    11.0617     0.0852     2.9187 7.2449e+01     3.1388      0.104      0.151    24.8879 0.0000e+00
      0.114      0.033     8.3237    100.590     40.704  40.625243     4.0500    11.0961     0.0852     2.8764 7.0969e+01     3.1838      0.112      0.163    24.8902 0.0000e+00
      0.123      0.033     8.3235    100.609     40.703  40.625153     4.0500    11.0732     0.0852     2.8764 7.0248e+01     3.1087      0.120      0.174    24.8926 0.0000e+00
      0.131      0.033     8.3237    100.616     40.706  40.628415     4.0500    11.1800     0.0852     2.8764 6.9701e+01     3.1388      0.128      0.186    24.8947 0.0000e+00
      0.139      0.034     8.3247    100.623     40.709  40.631936     4.0500    11.1686     0.0852     2.8764 6.8693e+01     3.1989      0.136      0.198    24.8963 0.0000e+00
      0.148      0.036     8.3265    100.642     40.705  40.628733     4.0500    11.1914     0.0426     2.7918 6.7304e+01     3.0786      0.145      0.210    24.8973 0.0000e+00
      0.157      0.038     8.3279    100.674     40.694  40.617950     4.0500    11.1953     0.0426     2.7918 6.6823e+01     3.0937      0.154      0.223    24.8979 0.0000e+00
      0.166      0.041     8.3285    100.707     40.683  40.608598     4.0500    11.2029     0.0426     2.7918 6.6591e+01     2.8832      0.163      0.236    24.8984 0.0000e+00
      0.176      0.045     8.3289    100.729     40.675  40.602144     4.0500    11.1914     0.0426     2.7918 6.5987e+01     2.9434      0.173      0.251    24.8990 0.0000e+00
      0.188      0.050     8.3304    100.733     40.668  40.596869     4.1400    11.1762     0.0426     2.7495 6.5529e+01     2.9434      0.184      0.267    24.8997 0.0000e+00
      0.200      0.056     8.3329    100.727     40.668  40.599290     4.1400    11.1800     0.0426     2.7495 6.4709e+01     2.9283      0.197      0.285    24.9007 0.0000e+00
      0.215      0.063     8.3354    100.719     40.674  40.606090     4.1400    10.7032     0.0426     2.7495 6.3538e+01     3.1688      0.211      0.306    24.9022 0.0000e+00
      0.232      0.071     8.3369    100.710     40.678  40.611159     4.1400    10.7184     0.0426     2.7495 6.2281e+01     3.1688      0.228      0.330    24.9041 0.0000e+00
      0.251      0.078     8.3370    100.695     40.682  40.615848     4.0500    10.6955     0.0852     2.7072 5.9206e+01     3.1989      0.247      0.358    24.9063 0.0000e+00
      0.273      0.085     8.3360    100.677     40.684  40.617447     4.0500    10.6879     0.0852     2.7072 5.5590e+01     3.1388      0.268      0.389    24.9087 0.0000e+00
      0.296      0.091     8.3351    100.659     40.682  40.616381     4.0500    11.3822     0.0852     2.7072 5.3959e+01     3.1538      0.290      0.421    24.9106 0.0000e+00
      0.320      0.098     8.3342    100.639     40.680  40.616328     4.0500    11.3860     0.0852     2.7072 5.3249e+01     3.1688      0.314      0.455    24.9118 0.0000e+00
      0.345      0.104     8.3329    100.608     40.680  40.617274     4.0500    11.3860     0.0852     2.7072 5.3087e+01     3.1688      0.338      0.491    24.9124 0.0000e+00
      0.372      0.110     8.3313    100.556     40.677  40.615509     4.0500    11.3822     0.0852     2.6226 5.1396e+01     3.0786      0.365      0.529    24.9130 0.0000e+00
      0.402      0.113     8.3296    100.484     40.663  40.602639     4.0500    10.7032     0.0852     2.6226 4.5785e+01     3.1688      0.394      0.572    24.9140 0.0000e+00
      0.433      0.114     8.3277    100.401     40.643  40.583156     4.0500    10.6879     0.0852     2.6226 4.0982e+01     3.1989      0.425      0.617    24.9155 0.0000e+00
      0.465      0.112     8.3249    100.309     40.631  40.571674     4.0500    10.7108     0.0852     2.6226 3.8404e+01     3.0937      0.456      0.662    24.9173 0.0000e+00
      0.495      0.107     8.3203    100.216     40.629  40.569092     4.0500    10.7070     0.0426     2.6649 3.7237e+01     3.1688      0.485      0.704    24.9189 0.0000e+00
      0.521      0.101     8.3142    100.136     40.627  40.566799     4.0500    11.9162     0.0426     2.6649 3.6947e+01     3.2440      0.511      0.742    24.9199 0.0000e+00
      0.545      0.095     8.3073    100.078     40.621  40.560220     4.0500    11.9048     0.0426     2.6649 3.6611e+01     3.1538      0.535      0.776    24.9204 0.0000e+00
      0.567      0.089     8.2997    100.041     40.612  40.551564     4.0500    11.9162     0.0426     2.6649 3.6208e+01     3.1087      0.557      0.807    24.9204 0.0000e+00
      0.589      0.085     8.2921    100.025     40.607  40.546447     4.0500    11.9086     0.0852     2.7918 3.5491e+01     3.1388      0.578      0.838    24.9202 0.0000e+00
      0.610      0.082     8.2855    100.022     40.607  40.547464     4.0500    11.4318     0.0852     2.7918 3.4600e+01     3.1237      0.598      0.867    24.9200 0.0000e+00
      0.630      0.079     8.2807    100.023     40.611  40.550927     4.0500    11.4470     0.0852     2.7918 3.3819e+01     3.0937      0.618      0.896    24.9198 0.0000e+00
      0.651      0.076     8.2776    100.012     40.613  40.553796     4.0500    11.4280     0.0852     2.7918 3.2010e+01     3.0786      0.638      0.926    24.9199 0.0000e+00
      0.670      0.072     8.2762     99.977     40.616  40.556837     4.0500    11.4394     0.0426     2.6649 3.0318e+01     3.1087      0.658      0.954    24.9201 0.0000e+00
      0.689      0.067     8.2760     99.914     40.620  40.560859     4.0500    11.8171     0.0426     2.6649 3.0199e+01     2.9283      0.676      0.980    24.9204 0.0000e+00
      0.705      0.063     8.2760     99.831     40.622  40.562975     4.0500    11.8209     0.0426     2.6649 3.0206e+01     2.9283      0.692      1.003    24.9206 0.0000e+00
      0.720      0.058     8.2751     99.743     40.619  40.559786     4.0500    11.8056     0.0426     2.6649 2.9938e+01     2.8832      0.706      1.024    24.9207 0.0000e+00
      0.733      0.055     8.2722     99.665     40.614  40.554403     4.0500    11.8018     0.0426     2.6649 2.9808e+01     2.9283      0.720      1.043    24.9206 0.0000e+00
      0.746      0.052     8.2670     99.608     40.609  40.549354     4.1400    11.8590     0.0852     2.6649 2.9333e+01     2.8983      0.732      1.062    24.9206 0.0000e+00
      0.759      0.049     8.2601     99.578     40.603  40.543292     4.1400    11.8819     0.0852     2.6649 2.8708e+01     2.9133      0.745      1.080    24.9205 0.0000e+00
      0.771      0.047     8.2528     99.576     40.598  40.538561     4.1400    11.8476     0.0852     2.6649 2.8330e+01     2.9734      0.757      1.097    24.9206 0.0000e+00
