Data/DataNotYetUploadedToEDI/Raw_CTD/RawDownloads/080723_bvr50_S8188002.cnv
* Sea-Bird SBE19plus  Data File:
* FileName = C:\R\Reservoirs\Data\DataNotYetUploadedToEDI\Raw_CTD\RawDownloads\080723_fcr50_S8188_0002.hex
* Software version 2.8.0.119
* Temperature SN = 8188
* Conductivity SN = 8188
* System UpLoad Time = Aug 08 2023 11:26:40
* <ApplicationData>
* <Seaterm232>
# nquan = 16
# nvalues = 5819                        
# units = specified
# name 0 = depFM: Depth [fresh water, m]
# name 1 = dz/dtM: Descent Rate [m/s]
# name 2 = sbeox0Mg/L: Oxygen, SBE 43 [mg/l]
# name 3 = sbeox0PS: Oxygen, SBE 43 [% saturation]
# name 4 = specc: Specific Conductance [uS/cm]
# name 5 = c0uS/cm: Conductivity [uS/cm]
# name 6 = wetCDOM: Fluorescence, WET Labs CDOM [mg/m^3]
# name 7 = flECO-AFL: Fluorescence, WET Labs ECO-AFL/FL [mg/m^3]
# name 8 = flECO-AFL1: Fluorescence, WET Labs ECO-AFL/FL, 2 [mg/m^3]
# name 9 = flECO-AFL2: Fluorescence, WET Labs ECO-AFL/FL, 3 [mg/m^3]
# name 10 = par/sat/log: PAR/Logarithmic, Satlantic
# name 11 = turbWETntu0: Turbidity, WET Labs ECO [NTU]
# name 12 = prdM: Pressure, Strain Gauge [db]
# name 13 = prdE: Pressure, Strain Gauge [psi]
# name 14 = tv290C: Temperature [ITS-90, deg C]
# name 15 = flag:  0.000e+00
# span 0 =     -0.777,      9.649       
# span 1 =     -0.215,      0.095       
# span 2 =     0.0533,     9.5091       
# span 3 =      0.542,    117.723       
# span 4 =   -707.775,    155.858       
# span 5 =-499.396405, 106.753211       
# span 6 =    -4.5000,     7.7400       
# span 7 =    -0.2566,    48.3739       
# span 8 =    -2.1300,     0.9798       
# span 9 =    -2.0304,    43.8651       
# span 10 = 1.1580e-01, 2.5498e+03      
# span 11 =    -1.3252,    74.0209      
# span 12 =     -0.762,      9.462      
# span 13 =     -1.106,     13.723      
# span 14 =     9.2171,    28.2796      
# span 15 = 0.0000e+00, 0.0000e+00      
# interval = seconds: 0.25
# start_time = Aug 07 2023 11:49:58 [Instrument's time stamp, header]
# bad_flag = -9.990e-29
*END*
     -0.777 8.7729e-09     7.1514     91.700      0.136   0.144906    -4.5000    -0.1269    -2.1300    -2.0304 2.1506e+02     1.6808     -0.762     -1.105    28.2180 0.0000e+00
     -0.777 1.1279e-08     7.1508     91.707      0.135   0.143357    -4.5000    -0.1308    -2.1300    -2.0304 1.9617e+02     1.6207     -0.762     -1.105    28.2182 0.0000e+00
     -0.777 1.4502e-08     7.1501     91.716      0.135   0.143483    -4.5000    -0.1193    -2.1300    -2.0304 2.1338e+02     1.7259     -0.762     -1.105    28.2185 0.0000e+00
     -0.777 1.8646e-08     7.1497     91.728      0.137   0.145318     0.0000    -0.1155     0.0426     0.0846 2.1241e+02     2.2069     -0.762     -1.105    28.2188 0.0000e+00
     -0.777 2.3973e-08     7.1498     91.738      0.137   0.145399     0.0000    -0.1269     0.0426     0.0846 2.3418e+02     2.1017     -0.762     -1.105    28.2187 0.0000e+00
     -0.777 3.0822e-08     7.1504     91.744      0.135   0.143746     0.0000    -0.1498     0.0426     0.0846 2.4485e+02     2.0716     -0.762     -1.105    28.2183 0.0000e+00
     -0.777 3.9629e-08     7.1512     91.744      0.132   0.139919     0.0000    -0.1460     0.0426     0.0846 2.4220e+02     2.1768     -0.762     -1.105    28.2179 0.0000e+00
     -0.777 5.0951e-08     7.1522     91.739      0.129   0.136851     0.0000    -0.1346     0.0426     0.0846 2.4822e+02     1.7410     -0.762     -1.105    28.2177 0.0000e+00
     -0.777 6.5509e-08     7.1529     91.729      0.130   0.137678     0.0000    -0.1384     0.0852     0.0846 2.4656e+02     1.6357     -0.762     -1.105    28.2180 0.0000e+00
     -0.777 8.4225e-08     7.1531     91.718      0.131   0.138666     0.0000    -0.1384     0.0852     0.0846 2.4629e+02     1.6808     -0.762     -1.105    28.2191 0.0000e+00
     -0.777 1.0829e-07     7.1529     91.711      0.128   0.136125     0.0000    -0.1193     0.0852     0.0846 2.5236e+02     1.6658     -0.762     -1.105    28.2209 0.0000e+00
     -0.777 1.3923e-07     7.1522     91.706      0.126   0.133332     0.0000    -0.1117     0.0852     0.0846 2.4581e+02     2.4624     -0.762     -1.105    28.2237 0.0000e+00
     -0.777 1.7901e-07     7.1510     91.704      0.126   0.133495     0.0000    -0.1384     0.0000     0.1692 2.4742e+02     2.5075     -0.762     -1.105    28.2273 0.0000e+00
     -0.777 2.3015e-07     7.1496     91.705      0.129   0.136658     0.0000    -0.1079     0.0000     0.1692 2.5104e+02     2.2971     -0.762     -1.105    28.2315 0.0000e+00
     -0.777 2.9591e-07     7.1485     91.708      0.131   0.139711     0.0000    -0.1079     0.0000     0.1692 2.5170e+02     2.4474     -0.762     -1.105    28.2359 0.0000e+00
     -0.777 3.8046e-07     7.1475     91.710      0.131   0.139514     0.0000    -0.1422     0.0000     0.1692 2.5039e+02     1.6808     -0.762     -1.105    28.2407 0.0000e+00
     -0.777 4.8916e-07     7.1467     91.714      0.132   0.139967     0.0000    -0.1384     0.0426    -0.5922 2.4914e+02     1.6508     -0.762     -1.105    28.2460 0.0000e+00
     -0.777 6.2892e-07     7.1461     91.719      0.133   0.141192     0.0000    -0.1079     0.0426    -0.5922 2.5175e+02     1.6357     -0.762     -1.105    28.2515 0.0000e+00
     -0.777 8.0862e-07     7.1455     91.724      0.131   0.139562     0.0000    -0.1384     0.0426    -0.5922 2.5121e+02     1.6808     -0.762     -1.105    28.2571 0.0000e+00
     -0.777      0.000     7.1450     91.730      0.130   0.138596     0.0000    -0.1994     0.0426    -0.5922 2.5225e+02     2.4323     -0.762     -1.105    28.2625 0.0000e+00
     -0.777      0.000     7.1447     91.734      0.133   0.141990     0.0000    -0.1765     0.0000    -0.0423 2.5028e+02     2.5225     -0.762     -1.105    28.2675 0.0000e+00
     -0.777      0.000     7.1445     91.736      0.138   0.146695     0.0000    -0.1918     0.0000    -0.0423 2.5258e+02     2.5225     -0.762     -1.105    28.2720 0.0000e+00
     -0.777      0.000     7.1445     91.736      0.141   0.150013     0.0000    -0.2147     0.0000    -0.0423 2.5175e+02     2.3873     -0.762     -1.105    28.2754 0.0000e+00
     -0.777      0.000     7.1447     91.732      0.143   0.152827     0.0000     0.0981     0.0000    -0.0423 2.4634e+02     3.3342     -0.762     -1.105    28.2774 0.0000e+00
     -0.777      0.000     7.1450     91.728      0.143   0.151934     0.0000     0.1439     0.0000    -0.0423 2.3251e+02     3.3943     -0.762     -1.105    28.2780 0.0000e+00
     -0.777      0.000     7.1452     91.728      0.134   0.143143     0.0000     0.1363     0.0426     0.0846 2.2559e+02     3.3342     -0.762     -1.105    28.2778 0.0000e+00
     -0.777      0.000     7.1452     91.731      0.124   0.132016     0.0000     0.1210     0.0426     0.0846 2.0311e+02     3.3342     -0.762     -1.105    28.2775 0.0000e+00
     -0.777      0.000     7.1448     91.735      0.120   0.127449     0.0000    -0.1765     0.0426     0.0846 2.0426e+02     1.3502     -0.762     -1.105    28.2779 0.0000e+00
     -0.777      0.000     7.1444     91.738      0.121   0.128223     0.0000    -0.1880     0.0426     0.0846 1.7594e+02     1.4554     -0.762     -1.105    28.2790 0.0000e+00
     -0.777      0.000     7.1443     91.740      0.123   0.130592     0.0000    -0.1842     0.0000     0.2961 2.2456e+02     1.4404     -0.762     -1.105    28.2796 0.0000e+00
     -0.777      0.000     7.1446     91.744      0.123   0.131232     0.0000    -0.1956     0.0000     0.2961 2.0748e+02     1.4854     -0.762     -1.105    28.2788 0.0000e+00
     -0.777      0.000     7.1453     91.746      0.119   0.126361     0.0000    -0.2147     0.0000     0.2961 1.9575e+02     0.1628     -0.762     -1.105    28.2761 0.0000e+00
     -0.777      0.000     7.1461     91.744      0.111   0.118634     0.0000    -0.2032     0.0000     0.2961 1.9129e+02     0.2680     -0.762     -1.105    28.2718 0.0000e+00
     -0.777      0.000     7.1470     91.739      0.107   0.113897     0.0000    -0.1765     0.0000     0.2115 2.4098e+03     0.2530     -0.762     -1.105    28.2658 0.0000e+00
     -0.777      0.000     7.1482     91.733      0.108   0.114843     0.0000    -0.1842     0.0000     0.2115 2.4234e+03     0.3882     -0.762     -1.105    28.2585 0.0000e+00
     -0.777      0.000     7.1494     91.730      0.111   0.117769     0.0000    -0.1231     0.0000     0.2115 2.4361e+03    -0.5587     -0.762     -1.106    28.2504 0.0000e+00
     -0.777      0.000     7.1503     91.732      0.112   0.119501     0.0000    -0.1536     0.0000     0.2115 2.3113e+03    -0.4985     -0.762     -1.106    28.2422 0.0000e+00
     -0.777      0.000     7.1509     91.734      0.113   0.120501     0.0000    -0.1308     0.0000     0.2115 3.8501e+02    -0.4685     -0.762     -1.106    28.2343 0.0000e+00
     -0.777      0.000     7.1513     91.736      0.114   0.121036     0.0000    -0.1346     0.0000     0.2115 1.9476e+03    -0.5436     -0.762     -1.105    28.2268 0.0000e+00
     -0.777      0.000     7.1521     91.737      0.114   0.121249     0.0000    -0.0735     0.0000     0.2115 1.6170e+03    -0.7841     -0.762     -1.105    28.2186 0.0000e+00
     -0.777      0.000     7.1536     91.734      0.114   0.121196     0.0000    -0.0583     0.0000     0.2115 1.8011e+02    -0.7090     -0.762     -1.105    28.2080 0.0000e+00
     -0.777      0.000     7.1555     91.727      0.114   0.120863     0.0000    -0.0621     0.0000     0.2115 1.4467e+03    -0.8292     -0.762     -1.105    28.1946 0.0000e+00
     -0.777      0.000     7.1576     91.720      0.113   0.120163     0.0000    -0.0583     0.0852     0.3384 1.8649e+02    -0.7540     -0.762     -1.105    28.1790 0.0000e+00
     -0.777      0.000     7.1598     91.715      0.112   0.118907     0.0000    -0.0468     0.0852     0.3384 1.7173e+03    -1.2500     -0.762     -1.104    28.1620 0.0000e+00
     -0.776      0.001     7.1619     91.711      0.110   0.116760     0.0000    -0.0583     0.0852     0.3384 1.2554e+02    -1.1899     -0.762     -1.104    28.1437 0.0000e+00
     -0.776      0.001     7.1638     91.711      0.110   0.117105     0.0000    -0.0773     0.0852     0.3384 1.1997e+02    -1.2801     -0.761     -1.104    28.1243 0.0000e+00
     -0.776      0.001     7.1658     91.712      0.117   0.123988     0.0000    -0.0506    -0.4686     1.5228 1.1595e+02    -1.3252     -0.761     -1.104    28.1048 0.0000e+00
     -0.776      0.001     7.1676     91.715      0.127   0.135289     0.0000    -0.2566    -0.4686     1.5228 1.1313e+02    -0.0326     -0.761     -1.103    28.0873 0.0000e+00
     -0.776      0.002     7.1691     91.721      0.138   0.146115     0.0000    -0.2566    -0.4686     1.5228 1.1299e+02    -0.1228     -0.761     -1.103    28.0735 0.0000e+00
     -0.775      0.002     7.1702     91.726      0.146   0.155398     0.0000    -0.2566    -0.4686     1.5228 1.1896e+02    -0.1378     -0.760     -1.103    28.0642 0.0000e+00
     -0.775      0.003     7.1710     91.726      0.160   0.169567     0.0000    -0.2566    -0.1704    -1.0575 1.3429e+02    -0.1228     -0.760     -1.102    28.0583 0.0000e+00
     -0.774      0.003     7.1718     91.724      0.186   0.196355     0.0000    -0.1155    -0.1704    -1.0575 1.4945e+02    -0.5136     -0.759     -1.101    28.0543 0.0000e+00
     -0.773      0.004     7.1727     91.722      0.226   0.238953     0.0000    -0.1155    -0.1704    -1.0575 1.6976e+03    -0.5136     -0.758     -1.100    28.0503 0.0000e+00
     -0.772      0.005     7.1737     91.721      0.289   0.304764     0.0000    -0.1346    -0.1704    -1.0575 2.0060e+03    -0.4835     -0.757     -1.098    28.0456 0.0000e+00
     -0.771      0.007     7.1743     91.722      0.391   0.411339    -0.4500    -0.1308    -0.0426     1.2690 2.0910e+03    -0.5587     -0.756     -1.096    28.0405 0.0000e+00
     -0.769      0.009     7.1748     91.723      0.555   0.583143    -0.4500     0.2011    -0.0426     1.2690 2.0801e+03     0.1628     -0.754     -1.094    28.0359 0.0000e+00
     -0.767      0.011     7.1751     91.726      0.826   0.865992    -0.4500     0.1859    -0.0426     1.2690 2.1341e+03     0.2229     -0.752     -1.091    28.0321 0.0000e+00
     -0.764      0.015     7.1755     91.730      1.282   1.343219    -0.4500     0.1782    -0.0426     1.2690 2.1235e+03     0.1628     -0.749     -1.086    28.0284 0.0000e+00
     -0.760      0.019     7.1762     91.733      2.050   2.146039    -0.4500     0.1935    -0.0426     1.2690 2.1815e+03     0.2079     -0.745     -1.081    28.0233 0.0000e+00
     -0.755      0.024     7.1774     91.728      3.337   3.492491    -1.8000     0.4567    -0.3834     1.6497 2.1725e+03     1.9514     -0.741     -1.074    28.0151 0.0000e+00
     -0.749      0.031     7.1793     91.718      5.499   5.753492    -1.8000     0.4186    -0.3834     1.6497 2.1725e+03     1.9814     -0.735     -1.065    28.0013 0.0000e+00
     -0.741      0.039     7.1827     91.707      9.079   9.498365    -1.8000     0.4224    -0.3834     1.6497 2.2377e+03     2.0416     -0.727     -1.054    27.9778 0.0000e+00
     -0.731      0.047     7.1879     91.694     14.010  14.651840    -1.8000     0.4567    -0.3834     1.6497 2.0792e+03     1.9814     -0.717     -1.040    27.9386 0.0000e+00
     -0.718      0.057     7.1958     91.681     19.115  19.975197     3.0600     0.8496    -0.2130     0.1692 1.2412e+03     1.4404     -0.704     -1.021    27.8735 0.0000e+00
     -0.702      0.066     7.2075     91.670     23.217  24.236600     3.0600     0.8229    -0.2130     0.1692 1.0299e+03     1.4554     -0.688     -0.998    27.7762 0.0000e+00
     -0.683      0.075     7.2219     91.662     25.930  27.036390     3.0600     0.8077    -0.2130     0.1692 1.2080e+03     1.3652     -0.670     -0.972    27.6564 0.0000e+00
     -0.662      0.082     7.2368     91.657     27.540  28.677721     3.0600     0.8306    -0.2130     0.1692 9.3842e+02     1.3953     -0.649     -0.942    27.5320 0.0000e+00
     -0.639      0.087     7.2510     91.650     28.495  29.633921    -0.0900     1.0747    -0.1704     1.8189 1.7106e+03     2.1768     -0.626     -0.908    27.4137 0.0000e+00
     -0.614      0.088     7.2643     91.641     29.068  30.189674    -0.0900     1.0823    -0.1704     1.8189 2.4681e+03     2.2069     -0.602     -0.873    27.3042 0.0000e+00
     -0.590      0.088     7.2767     91.629     29.419  30.516940    -0.0900     1.0862    -0.1704     1.8189 2.5190e+03     2.0716     -0.578     -0.839    27.2037 0.0000e+00
     -0.567      0.085     7.2882     91.606     29.638  30.710907    -0.0900     1.0938    -0.1704     1.8189 2.5070e+03     2.1317     -0.556     -0.807    27.1115 0.0000e+00
     -0.546      0.083     7.2989     91.563     29.777  30.827259     2.6100     1.3150     0.0426     1.1844 2.4874e+03     1.8161     -0.536     -0.777    27.0260 0.0000e+00
     -0.526      0.080     7.3086     91.484     29.869  30.900981     2.6100     1.3227     0.0426     1.1844 2.4966e+03     1.6808     -0.516     -0.749    26.9463 0.0000e+00
     -0.507      0.080     7.3169     91.351     29.939  30.955691     2.6100     1.3227     0.0426     1.1844 2.5053e+03     1.7410     -0.498     -0.722    26.8743 0.0000e+00
     -0.488      0.081     7.3232     91.140     30.008  31.013898     2.6100     1.3303     0.0426     1.1844 2.5399e+03     1.6508     -0.479     -0.695    26.8130 0.0000e+00
     -0.468      0.083     7.3262     90.870     30.079  31.079243     2.6100     1.5020     0.0426     1.1844 2.5349e+03     1.8612     -0.459     -0.666    26.7633 0.0000e+00
     -0.447      0.087     7.3250     90.631     30.134  31.133511     2.8800     1.5287     0.0426     1.2690 2.5421e+03     1.8462     -0.438     -0.636    26.7243 0.0000e+00
     -0.424      0.090     7.3183     90.525     30.160  31.167411     2.8800     1.5134     0.0426     1.2690 2.5184e+03     1.9664     -0.416     -0.603    26.6942 0.0000e+00
     -0.400      0.093     7.3043     90.600     30.163  31.186024     2.8800     1.5058     0.0426     1.2690 2.5498e+03     1.8011     -0.392     -0.569    26.6718 0.0000e+00
     -0.375      0.095     7.2845     90.843     30.150  31.194314     2.8800     1.6927     0.0426     1.2690 6.5453e+02     1.9514     -0.368     -0.533    26.6574 0.0000e+00
     -0.350      0.094     7.2659     91.180     30.126  31.192515     2.5200     1.6889     0.0000     1.3536 2.3827e+03     1.9814     -0.343     -0.498    26.6535 0.0000e+00
     -0.325      0.090     7.2560     91.496     30.090  31.172227     2.5200     1.7156     0.0000     1.3536 2.2246e+03     1.9063     -0.318     -0.462    26.6638 0.0000e+00
     -0.300      0.084     7.2586     91.642     30.037  31.122103     2.5200     1.7194     0.0000     1.3536 2.2188e+03     1.8612     -0.294     -0.427    26.6896 0.0000e+00
     -0.278      0.075     7.2732     91.417     29.971  31.042638     2.5200     2.3908     0.0000     1.3536 1.6336e+03     1.8462     -0.273     -0.396    26.7264 0.0000e+00
     -0.260      0.065     7.2952     90.674     29.909  30.952240     2.6100     2.3870     0.0000     1.3113 1.3382e+03     1.9063     -0.255     -0.369    26.7640 0.0000e+00
     -0.245      0.054     7.3168     89.596     29.872  30.876303     2.6100     2.3755     0.0000     1.3113 2.8712e+02     1.8913     -0.240     -0.348    26.7917 0.0000e+00
     -0.233      0.043     7.3273     88.555     29.861  30.826253     2.6100     2.3717     0.0000     1.3113 1.3332e+03     1.9514     -0.229     -0.332    26.7999 0.0000e+00
     -0.225      0.034     7.3117     87.646     29.867  30.796663     2.6100     2.1467     0.0000     1.3113 1.8765e+03     1.8913     -0.220     -0.320    26.7814 0.0000e+00
     -0.218      0.026     7.2580     86.794     29.879  30.779638     2.6100     2.1581     0.0000     1.4382 1.7608e+03     1.9814     -0.214     -0.311    26.7366 0.0000e+00
     -0.213      0.020     7.1797     85.985     29.893  30.770638     2.6100     2.1314     0.0000     1.4382 1.9194e+03     2.0115     -0.210     -0.304    26.6750 0.0000e+00
