Data/DataNotYetUploadedToEDI/Raw_CTD/RawDownloads/080822_fcr50_S7809003.cnv
* Sea-Bird SBE19plus  Data File:
* FileName = C:\R\Reservoirs\Data\DataNotYetUploadedToEDI\Raw_CTD\RawDownloads\080822_bvr50_S7809_0003.hex
* Software version 2.8.0.119
* Temperature SN = 7809
* Conductivity SN = 7809
* System UpLoad Time = Aug 10 2022 09:56:50
* <ApplicationData>
* <Seaterm232>
# nquan = 15
# nvalues = 1843                        
# units = specified
# name 0 = depFM: Depth [fresh water, m]
# name 1 = dz/dtM: Descent Rate [m/s]
# name 2 = sbeox0Mg/L: Oxygen, SBE 43 [mg/l]
# name 3 = sbeox0PS: Oxygen, SBE 43 [% saturation]
# name 4 = specc: Specific Conductance [uS/cm]
# name 5 = c0uS/cm: Conductivity [uS/cm]
# name 6 = flECO-AFL: Fluorescence, WET Labs ECO-AFL/FL [mg/m^3]
# name 7 = ph: pH
# name 8 = orp: Oxidation Reduction Potential [mV]
# name 9 = par/sat/log: PAR/Logarithmic, Satlantic
# name 10 = turbWETntu0: Turbidity, WET Labs ECO [NTU]
# name 11 = prdM: Pressure, Strain Gauge [db]
# name 12 = prdE: Pressure, Strain Gauge [psi]
# name 13 = tv290C: Temperature [ITS-90, deg C]
# name 14 = flag:  0.000e+00
# span 0 =     -0.612,      9.572       
# span 1 =     -0.603,      0.254       
# span 2 =    -0.0350,     7.8829       
# span 3 =     -0.307,     91.561       
# span 4 =      2.080,    456.348       
# span 5 =   1.812945, 336.236782       
# span 6 =    -0.8863,    35.0542       
# span 7 =      6.716,      7.695       
# span 8 =     3.2020,   217.1666       
# span 9 = 1.2349e-01, 2.6807e+03       
# span 10 =    -2.7176,   371.2919      
# span 11 =     -0.602,      9.387      
# span 12 =     -0.873,     13.615      
# span 13 =    11.2424,    27.4313      
# span 14 = 0.0000e+00, 0.0000e+00      
# interval = seconds: 0.25
# start_time = Aug 08 2022 09:35:28 [Instrument's time stamp, header]
# bad_flag = -9.990e-29
*END*
[from data line 868]
      3.386      0.014     0.0468      0.475     83.868  65.088189    34.6907      7.102   165.9099 2.8596e+01     9.8256      3.319      4.814    13.9539 0.0000e+00
      3.391      0.013     0.0473      0.483     83.858  65.059496    34.7450      7.102   166.2570 2.8266e+01     9.8515      3.328      4.825    13.9115 0.0000e+00
      3.395      0.010     0.0487      0.482     83.884  65.064226    34.8313      7.102   164.9684 2.8136e+01     9.8349      3.330      4.830    13.8665 0.0000e+00
      3.396      0.007     0.0492      0.466     83.931  65.081846    34.9767      7.101   162.2025 2.8094e+01     9.7961      3.330      4.830    13.8190 0.0000e+00
      3.396      0.004     0.0485      0.454     83.955  65.082010    35.0542      7.100   160.6917 2.8073e+01     9.7919      3.331      4.831    13.7958 0.0000e+00
      3.396      0.002     0.0504      0.450     83.954  65.066183    35.0363      7.100   160.5534 2.8039e+01     9.8187      3.331      4.831    13.7871 0.0000e+00
      3.396      0.000     0.0511      0.441     83.898  65.017481    34.7350      7.100   159.9287 2.8009e+01     9.9494      3.331      4.831    13.7807 0.0000e+00
      3.397 2.4256e-08     0.0476      0.437     83.785  64.937676    34.1824      7.100   158.5582 2.7991e+01    10.2104      3.331      4.831    13.7673 0.0000e+00
      3.397 2.6682e-07     0.0465      0.447     83.679  64.863338    33.8818      7.101   157.4920 2.7979e+01    10.3441      3.331      4.831    13.7555 0.0000e+00
      3.396 2.6990e-07     0.0472      0.448     83.613  64.817233    33.8465      7.101   157.6199 2.7961e+01    10.3026      3.331      4.831    13.7465 0.0000e+00
      3.396 6.1484e-08     0.0454      0.436     83.520  64.761249    33.7891      7.101   158.1256 2.7932e+01    10.2553      3.331      4.831    13.7399 0.0000e+00
      3.396 4.1201e-07     0.0445      0.428     83.398  64.694491    33.2634      7.103   157.0673 2.7923e+01    10.2157      3.331      4.831    13.7506 0.0000e+00
      3.396      0.000     0.0467      0.429     83.297  64.645137    32.3177      7.105   155.2348 2.7914e+01    10.1647      3.331      4.831    13.7558 0.0000e+00
      3.397      0.000     0.0474      0.441     83.219  64.609074    31.8095      7.105   155.5854 2.7893e+01    10.1513      3.331      4.832    13.7529 0.0000e+00
      3.397      0.001     0.0445      0.464     83.150  64.576001    31.7542      7.106   157.4352 2.7883e+01    10.1567      3.331      4.831    13.7639 0.0000e+00
      3.397      0.001     0.0441      0.483     83.027  64.499297    31.5662      7.107   157.1224 2.7862e+01    10.0585      3.331      4.831    13.7831 0.0000e+00
      3.397      0.001     0.0441      0.492     82.851  64.380207    31.2181      7.108   156.1054 2.7829e+01     9.8868      3.331      4.831    13.8021 0.0000e+00
      3.397      0.001     0.0447      0.495     82.710  64.279163    31.0235      7.109   156.8414 2.7819e+01     9.7890      3.332      4.832    13.8165 0.0000e+00
      3.398      0.001     0.0486      0.495     82.655  64.230137    30.9945      7.109   156.8145 2.7824e+01     9.7984      3.332      4.832    13.8285 0.0000e+00
      3.398      0.001     0.0502      0.488     82.671  64.231946    30.8764      7.110   155.3505 2.7819e+01     9.8633      3.332      4.832    13.8382 0.0000e+00
      3.398      0.001     0.0513      0.482     82.685  64.237526    30.6613      7.111   154.0244 2.7799e+01     9.8905      3.332      4.833    13.8514 0.0000e+00
      3.398      0.000     0.0506      0.481     82.676  64.234086    30.5403      7.112   153.2562 2.7782e+01     9.8540      3.332      4.832    13.8590 0.0000e+00
      3.398      0.000     0.0521      0.483     82.684  64.253862    30.5208      7.112   152.9459 2.7789e+01     9.8329      3.333      4.833    13.8514 0.0000e+00
      3.398      0.000     0.0503      0.480     82.696  64.286140    30.5336      7.112   152.2522 2.7796e+01     9.9080      3.332      4.833    13.8434 0.0000e+00
      3.398      0.001     0.0495      0.461     82.671  64.306876    30.5701      7.112   150.2023 2.7765e+01    10.0449      3.333      4.833    13.8393 0.0000e+00
      3.398      0.001     0.0498      0.461     82.593  64.314118    30.5964      7.113   147.6919 2.7718e+01    10.1215      3.333      4.833    13.8417 0.0000e+00
      3.399      0.000     0.0492      0.479     82.477  64.310287    30.5943      7.114   146.6786 2.7708e+01    10.1160      3.333      4.834    13.8505 0.0000e+00
      3.399 1.8474e-08     0.0520      0.487     82.382  64.324152    30.4277      7.115   145.1776 2.7741e+01    10.0812      3.333      4.834    13.8617 0.0000e+00
      3.399 2.0321e-07     0.0457      0.494     82.332  64.354855    30.1135      7.116   141.9337 2.7756e+01    10.0772      3.333      4.834    13.8833 0.0000e+00
      3.399 2.0321e-07     0.0465      0.511     82.293  64.364087    29.9325      7.117   139.8939 2.7729e+01    10.1017      3.333      4.834    13.9261 0.0000e+00
      3.399 1.8474e-08     0.0506      0.514     82.286  64.372314    29.9038      7.117   139.6144 2.7717e+01    10.1042      3.333      4.833    13.9838 0.0000e+00
      3.399 1.6836e-09     0.0501      0.492     82.309  64.390845    29.8412      7.118   138.6407 2.7732e+01    10.0728      3.333      4.834    14.0411 0.0000e+00
      3.399 1.9849e-10     0.0500      0.474     82.319  64.397632    29.7171      7.119   136.0369 2.7737e+01    10.0635      3.333      4.834    14.0868 0.0000e+00
      3.398 5.1788e-10     0.0530      0.465     82.312  64.390868    29.6350      7.121   134.3739 2.7732e+01    10.0940      3.333      4.833    14.1091 0.0000e+00
      3.398 5.5453e-09     0.0548      0.459     82.296  64.372566    29.6146      7.121   134.1921 2.7747e+01    10.1000      3.333      4.833    14.1140 0.0000e+00
      3.399 6.0985e-08     0.0496      0.451     82.308  64.366850    29.5954      7.122   133.7521 2.7763e+01    10.0682      3.333      4.834    14.1118 0.0000e+00
      3.399 6.7083e-07     0.0486      0.446     82.365  64.385238    29.4363      7.124   132.6678 2.7759e+01    10.0854      3.333      4.834    14.1108 0.0000e+00
      3.399      0.000     0.0477      0.446     82.437  64.404353    29.1472      7.124   131.0632 2.7759e+01    10.2053      3.333      4.834    14.1119 0.0000e+00
      3.399      0.000     0.0475      0.454     82.500  64.407418    28.9801      7.124   129.6658 2.7762e+01    10.2888      3.333      4.834    14.1091 0.0000e+00
      3.399      0.001     0.0460      0.472     82.507  64.358738    28.8962      7.126   129.1082 2.7741e+01    10.3079      3.333      4.834    14.1006 0.0000e+00
      3.399      0.005     0.0456      0.480     82.295  64.133223    28.2163      7.130   129.0540 2.7711e+01    10.5393      3.334      4.835    14.0841 0.0000e+00
      3.399      0.013     0.0463      0.483     81.932  63.776217    26.9768      7.133   128.4073 2.7705e+01    10.9689      3.333      4.833    14.0609 0.0000e+00
      3.399      0.023     0.0451      0.478     81.752  63.534707    26.2948      7.133   128.4300 2.7656e+01    11.1980      3.334      4.834    14.0334 0.0000e+00
      3.403      0.033     0.0504      0.470     81.776  63.435567    26.1288      7.131   129.8453 2.7146e+01    11.2259      3.334      4.835    14.0001 0.0000e+00
      3.415      0.038     0.0490      0.470     81.759  63.339376    24.9034      7.128   129.8599 2.5806e+01    11.5117      3.343      4.849    13.9629 0.0000e+00
      3.435      0.041     0.0503      0.462     81.601  63.197065    22.6485      7.126   127.8329 2.4305e+01    12.0569      3.370      4.888    13.9245 0.0000e+00
      3.454      0.042     0.0501      0.447     81.296  62.984866    21.4042      7.126   126.5023 2.3667e+01    12.3864      3.393      4.922    13.8616 0.0000e+00
      3.461      0.042     0.0473      0.428     80.782  62.615188    21.2278      7.128   127.1073 2.3607e+01    12.4562      3.395      4.924    13.7738 0.0000e+00
      3.463      0.042     0.0498      0.412     80.379  62.283218    20.5328      7.127   126.8898 2.3376e+01    12.5586      3.395      4.923    13.7153 0.0000e+00
      3.468      0.040     0.0479      0.412     80.473  62.272862    19.2762      7.124   125.0770 2.2772e+01    12.7706      3.399      4.930    13.7106 0.0000e+00
      3.479      0.039     0.0464      0.417     80.771  62.426386    18.5852      7.122   123.9449 2.1548e+01    12.9014      3.408      4.942    13.7330 0.0000e+00
      3.497      0.038     0.0446      0.412     80.946  62.551958    18.4702      7.121   123.8707 2.0191e+01    12.9102      3.431      4.976    13.7631 0.0000e+00
      3.514      0.036     0.0418      0.415     81.020  62.648195    18.0697      7.121   123.7494 1.9594e+01    12.9113      3.451      5.006    13.7618 0.0000e+00
      3.521      0.031     0.0422      0.423     80.701  62.447075    17.3790      7.122   123.0799 1.9521e+01    12.9146      3.455      5.010    13.6869 0.0000e+00
      3.523      0.027     0.0447      0.420     80.150  62.025140    17.0026      7.122   121.8859 1.9456e+01    12.9505      3.454      5.009    13.6178 0.0000e+00
      3.524      0.026     0.0419      0.416     80.307  62.054856    16.9313      7.121   120.1533 1.9372e+01    13.0037      3.456      5.013    13.6263 0.0000e+00
      3.528      0.026     0.0426      0.422     81.090  62.488812    16.4592      7.120   118.7372 1.9102e+01    13.0794      3.458      5.015    13.6573 0.0000e+00
      3.535      0.028     0.0450      0.439     81.987  63.017635    15.5806      7.120   116.7226 1.8382e+01    13.2510      3.464      5.023    13.6934 0.0000e+00
      3.548      0.029     0.0434      0.460     82.807  63.559255    15.0968      7.120   113.5187 1.7523e+01    13.3707      3.481      5.047    13.7160 0.0000e+00
      3.560      0.029     0.0428      0.462     83.174  63.830443    15.0463      7.120   111.4896 1.7053e+01    13.3311      3.495      5.069    13.6563 0.0000e+00
      3.567      0.027     0.0436      0.444     83.261  63.947045    15.0197      7.120   110.9458 1.6850e+01    13.3177      3.498      5.075    13.5229 0.0000e+00
      3.571      0.023     0.0453      0.438     83.340  64.080124    14.8342      7.120   109.2670 1.6610e+01    13.3803      3.502      5.079    13.4087 0.0000e+00
      3.575      0.018     0.0489      0.438     83.308  64.106041    14.4997      7.120   105.8177 1.6369e+01    13.4385      3.507      5.086    13.3593 0.0000e+00
      3.579      0.015     0.0498      0.429     83.431  64.196961    14.3132      7.121   103.8284 1.6158e+01    13.4408      3.510      5.090    13.3542 0.0000e+00
      3.583      0.015     0.0451      0.419     83.950  64.544398    14.2690      7.121   103.6266 1.5980e+01    13.3743      3.514      5.096    13.3929 0.0000e+00
      3.587      0.016     0.0454      0.418     84.545  64.941143    14.0401      7.122   102.2598 1.5845e+01    13.2490      3.519      5.103    13.4470 0.0000e+00
      3.589      0.018     0.0462      0.421     84.929  65.183677    13.6262      7.122    99.6917 1.5660e+01    13.1565      3.520      5.105    13.4851 0.0000e+00
      3.593      0.020     0.0448      0.417     85.080  65.254120    13.3928      7.122    97.6997 1.5346e+01    13.1778      3.523      5.109    13.4831 0.0000e+00
      3.599      0.022     0.0434      0.418     85.074  65.221263    13.3330      7.123    96.5865 1.4940e+01    13.1652      3.530      5.119    13.4381 0.0000e+00
      3.606      0.022     0.0430      0.413     85.019  65.167404    12.9027      7.124    95.6109 1.4499e+01    12.9697      3.536      5.129    13.3995 0.0000e+00
      3.614      0.022     0.0454      0.404     84.982  65.110949    12.1106      7.125    94.3358 1.4124e+01    12.6591      3.544      5.141    13.3739 0.0000e+00
      3.620      0.021     0.0423      0.416     84.962  65.046687    11.6713      7.125    92.9564 1.3898e+01    12.4501      3.551      5.152    13.3408 0.0000e+00
      3.624      0.018     0.0444      0.436     84.899  64.961904    11.6103      7.124    93.1304 1.3703e+01    12.3886      3.554      5.155    13.3227 0.0000e+00
      3.629      0.014     0.0439      0.446     84.764  64.847861    11.4572      7.124    94.1162 1.3485e+01    12.3602      3.559      5.163    13.3274 0.0000e+00
      3.632      0.010     0.0404      0.444     84.647  64.747370    11.1849      7.125    93.2599 1.3364e+01    12.3114      3.563      5.168    13.3137 0.0000e+00
      3.634      0.008     0.0437      0.445     84.685  64.762934    11.0226      7.128    91.2941 1.3316e+01    12.2424      3.564      5.168    13.2721 0.0000e+00
      3.635      0.007     0.0457      0.447     84.884  64.909010    10.9934      7.129    90.7392 1.3287e+01    12.1751      3.565      5.170    13.2470 0.0000e+00
      3.635      0.008     0.0480      0.449     85.086  65.052953    10.9894      7.130    91.8001 1.3276e+01    12.1464      3.565      5.170    13.2508 0.0000e+00
      3.636      0.009     0.0456      0.453     85.194  65.106233    10.9904      7.132    91.3016 1.3191e+01    12.1696      3.565      5.170    13.2444 0.0000e+00
      3.638      0.012     0.0467      0.446     85.255  65.108647    10.9983      7.132    89.0126 1.2960e+01    12.2166      3.566      5.173    13.2293 0.0000e+00
      3.642      0.015     0.0472      0.436     85.301  65.082083    11.0179      7.133    88.3017 1.2605e+01    12.2359      3.571      5.179    13.2323 0.0000e+00
      3.647      0.018     0.0463      0.437     85.349  65.039013    11.0779      7.134    89.0727 1.2220e+01    12.1975      3.577      5.187    13.2309 0.0000e+00
      3.652      0.020     0.0486      0.441     85.435  65.032326    11.1662      7.134    88.7849 1.1870e+01    12.1287      3.582      5.196    13.2089 0.0000e+00
      3.657      0.020     0.0467      0.447     85.522  65.064651    11.2117      7.134    87.1445 1.1495e+01    12.0871      3.586      5.202    13.1850 0.0000e+00
      3.663      0.019     0.0450      0.448     85.574  65.112288    11.2192      7.136    85.6725 1.1138e+01    12.1046      3.593      5.210    13.1512 0.0000e+00
      3.669      0.016     0.0463      0.435     85.600  65.163775    11.2161      7.136    85.0977 1.0903e+01    12.1356      3.599      5.220    13.0984 0.0000e+00
      3.673      0.014     0.0461      0.420     85.567  65.179175    11.2151      7.137    84.6683 1.0718e+01    12.1883      3.602      5.224    13.0460 0.0000e+00
      3.676      0.011     0.0471      0.422     85.511  65.171521    11.2243      7.137    82.8894 1.0575e+01    12.2637      3.605      5.229    13.0265 0.0000e+00
      3.678      0.010     0.0480      0.435     85.517  65.198276    11.2275      7.138    80.5390 1.0516e+01    12.2612      3.607      5.232    13.0372 0.0000e+00
      3.679      0.010     0.0459      0.442     85.571  65.248672    11.2040      7.140    79.6527 1.0466e+01    12.1918      3.607      5.232    13.0578 0.0000e+00
      3.680      0.011     0.0432      0.447     85.619  65.272816    10.9975      7.141    79.6588 1.0403e+01    12.1765      3.609      5.234    13.0848 0.0000e+00
      3.681      0.013     0.0439      0.438     85.611  65.236162    10.6298      7.139    78.3758 1.0292e+01    12.2130      3.610      5.235    13.1079 0.0000e+00
      3.685      0.015     0.0465      0.423     85.562  65.186495    10.4285      7.139    75.6694 1.0063e+01    12.2235      3.613      5.239    13.1182 0.0000e+00
      3.692      0.018     0.0459      0.425     85.539  65.180327    10.4109      7.142    74.3830 9.8369e+00    12.2001      3.621      5.252    13.1261 0.0000e+00
      3.698      0.023     0.0477      0.436     85.528  65.161597    10.3758      7.145    73.7490 9.7486e+00    12.0673      3.628      5.263    13.1228 0.0000e+00
