Data/DataNotYetUploadedToEDI/Raw_CTD/RawDownloads/080822_fcr50_S7809003.cnv
* Sea-Bird SBE19plus  Data File:
* FileName = C:\R\Reservoirs\Data\DataNotYetUploadedToEDI\Raw_CTD\RawDownloads\080822_bvr50_S7809_0003.hex
* Software version 2.8.0.119
* Temperature SN = 7809
* Conductivity SN = 7809
* System UpLoad Time = Aug 10 2022 09:56:50
* <ApplicationData>
* <Seaterm232>
# nquan = 15
# nvalues = 1843                        
# units = specified
# name 0 = depFM: Depth [fresh water, m]
# name 1 = dz/dtM: Descent Rate [m/s]
# name 2 = sbeox0Mg/L: Oxygen, SBE 43 [mg/l]
# name 3 = sbeox0PS: Oxygen, SBE 43 [% saturation]
# name 4 = specc: Specific Conductance [uS/cm]
# name 5 = c0uS/cm: Conductivity [uS/cm]
# name 6 = flECO-AFL: Fluorescence, WET Labs ECO-AFL/FL [mg/m^3]
# name 7 = ph: pH
# name 8 = orp: Oxidation Reduction Potential [mV]
# name 9 = par/sat/log: PAR/Logarithmic, Satlantic
# name 10 = turbWETntu0: Turbidity, WET Labs ECO [NTU]
# name 11 = prdM: Pressure, Strain Gauge [db]
# name 12 = prdE: Pressure, Strain Gauge [psi]
# name 13 = tv290C: Temperature [ITS-90, deg C]
# name 14 = flag:  0.000e+00
# span 0 =     -0.612,      9.572       
# span 1 =     -0.603,      0.254       
# span 2 =    -0.0350,     7.8829       
# span 3 =     -0.307,     91.561       
# span 4 =      2.080,    456.348       
# span 5 =   1.812945, 336.236782       
# span 6 =    -0.8863,    35.0542       
# span 7 =      6.716,      7.695       
# span 8 =     3.2020,   217.1666       
# span 9 = 1.2349e-01, 2.6807e+03       
# span 10 =    -2.7176,   371.2919      
# span 11 =     -0.602,      9.387      
# span 12 =     -0.873,     13.615      
# span 13 =    11.2424,    27.4313      
# span 14 = 0.0000e+00, 0.0000e+00      
# interval = seconds: 0.25
# start_time = Aug 08 2022 09:35:28 [Instrument's time stamp, header]
# bad_flag = -9.990e-29
*END*
[from data line 1061]
      4.452      0.192     0.0486      0.497     57.572  41.913036     3.7111      7.189     3.9255 1.0945e+00     5.3295      4.356      6.318    11.8005 0.0000e+00
      4.525      0.180     0.0502      0.499     58.043  42.217186     3.3733      7.189     4.2180 9.7289e-01     5.4601      4.441      6.441    11.7038 0.0000e+00
      4.592      0.155     0.0512      0.497     58.532  42.564593     2.7526      7.186     4.4194 9.0469e-01     5.6613      4.516      6.551    11.5779 0.0000e+00
      4.629      0.123     0.0524      0.482     58.773  42.751490     2.4072      7.181     4.7261 8.7353e-01     5.7809      4.550      6.599    11.4530 0.0000e+00
      4.640      0.089     0.0555      0.450     58.765  42.764235     2.3760      7.177     5.5169 8.6267e-01     5.8133      4.553      6.604    11.3842 0.0000e+00
      4.641      0.061     0.0540      0.431     58.599  42.655280     2.4838      7.174     6.4950 8.5816e-01     5.7797      4.550      6.600    11.3560 0.0000e+00
      4.643      0.046     0.0551      0.431     58.315  42.449092     2.7123      7.169     7.3458 8.4475e-01     5.6813      4.551      6.601    11.3518 0.0000e+00
      4.651      0.047     0.0541      0.437     57.950  42.174264     2.8414      7.165     7.5446 8.2012e-01     5.5804      4.557      6.610    11.3643 0.0000e+00
      4.668      0.058     0.0481      0.450     57.466  41.806250     2.8293      7.162     7.1773 7.8638e-01     5.5844      4.574      6.636    11.3865 0.0000e+00
      4.689      0.072     0.0460      0.455     57.147  41.551676     2.7742      7.157     7.4656 7.6613e-01     6.1059      4.601      6.673    11.3974 0.0000e+00
      4.708      0.082     0.0475      0.448     57.120  41.506641     2.4757      7.152     8.5348 7.5942e-01     7.0694      4.617      6.697    11.3965 0.0000e+00
      4.728      0.085     0.0470      0.448     57.160  41.515433     1.9580      7.147     9.5226 7.3251e-01     7.5664      4.632      6.718    11.3865 0.0000e+00
      4.755      0.081     0.0495      0.457     57.198  41.531092     1.6830      7.143     9.3421 6.8328e-01     7.5374      4.662      6.762    11.3745 0.0000e+00
      4.784      0.076     0.0509      0.470     57.258  41.569097     1.6475      7.140     8.4163 6.4945e-01     7.5054      4.696      6.811    11.3542 0.0000e+00
      4.804      0.072     0.0479      0.475     57.293  41.594361     1.5215      7.137     8.1384 6.4220e-01     7.8967      4.715      6.837    11.3271 0.0000e+00
      4.815      0.069     0.0493      0.474     57.275  41.582819     1.3153      7.133     8.5630 6.3180e-01     8.6819      4.721      6.847    11.3091 0.0000e+00
      4.824      0.070     0.0492      0.478     57.237  41.556409     1.2188      7.130     9.2481 6.0590e-01     9.1084      4.730      6.860    11.2997 0.0000e+00
      4.837      0.077     0.0524      0.480     57.201  41.528770     1.2128      7.129     9.1946 5.7875e-01     9.1251      4.742      6.878    11.2960 0.0000e+00
      4.857      0.093     0.0523      0.494     57.168  41.502360     1.2002      7.128     8.2601 5.6381e-01     9.2256      4.760      6.904    11.2962 0.0000e+00
      4.882      0.110     0.0509      0.515     57.158  41.490809     1.1836      7.126     7.8444 5.5808e-01     9.4691      4.787      6.943    11.2990 0.0000e+00
      4.913      0.120     0.0532      0.515     57.199  41.515961     1.1781      7.122     8.3843 5.3706e-01     9.6443      4.816      6.984    11.2999 0.0000e+00
      4.953      0.117     0.0517      0.502     57.251  41.552741     1.1832      7.117     9.2812 5.0140e-01     9.6362      4.854      7.039    11.2988 0.0000e+00
      4.998      0.105     0.0534      0.495     57.250  41.554922     1.1712      7.113     9.8265 4.8230e-01     9.5072      4.905      7.114    11.2970 0.0000e+00
      5.033      0.091     0.0577      0.487     57.225  41.542339     1.1412      7.111    10.0735 4.7975e-01     9.3828      4.946      7.173    11.2921 0.0000e+00
      5.046      0.081     0.0573      0.478     57.200  41.527470     1.1195      7.111    10.4606 4.7712e-01     9.3617      4.955      7.186    11.2872 0.0000e+00
      5.045      0.077     0.0537      0.469     57.163  41.502015     1.1168      7.110    10.8930 4.7791e-01     9.3886      4.946      7.173    11.2856 0.0000e+00
      5.050      0.079     0.0550      0.461     57.143  41.488282     1.1505      7.106    11.5157 4.7434e-01     9.2976      4.945      7.173    11.2888 0.0000e+00
      5.070      0.084     0.0530      0.458     57.148  41.488282     1.2101      7.101    12.7417 4.5041e-01     9.1503      4.965      7.203    11.2949 0.0000e+00
      5.106      0.089     0.0525      0.458     57.173  41.502008     1.2389      7.097    14.0155 4.1659e-01     9.1106      5.006      7.260    11.2976 0.0000e+00
      5.146      0.089     0.0515      0.475     57.208  41.527380     1.2400      7.092    14.6130 3.9079e-01     9.1245      5.052      7.327    11.2994 0.0000e+00
      5.176      0.081     0.0495      0.487     57.218  41.541322     1.2572      7.087    15.0622 3.7488e-01     9.1475      5.083      7.373    11.3011 0.0000e+00
      5.189      0.066     0.0516      0.492     57.205  41.543732     1.2882      7.082    15.5749 3.6842e-01     9.1501      5.092      7.385    11.2968 0.0000e+00
      5.194      0.051     0.0479      0.493     57.208  41.556531     1.3072      7.078    16.4241 3.6502e-01     9.0883      5.092      7.386    11.2912 0.0000e+00
      5.199      0.040     0.0530      0.474     57.218  41.569219     1.3038      7.073    17.7573 3.6347e-01     9.0493      5.098      7.393    11.2888 0.0000e+00
      5.207      0.034     0.0540      0.464     57.222  41.570279     1.2896      7.069    18.5316 3.5696e-01     9.0883      5.105      7.404    11.2960 0.0000e+00
      5.218      0.033     0.0526      0.465     57.225  41.569344     1.2762      7.065    18.7309 3.4089e-01     9.1835      5.116      7.419    11.3097 0.0000e+00
      5.231      0.032     0.0566      0.475     57.210  41.557917     1.2590      7.061    18.7908 3.3492e-01     9.2782      5.130      7.441    11.3196 0.0000e+00
      5.241      0.031     0.0502      0.491     57.211  41.558979     1.2470      7.057    19.3409 3.3721e-01     9.3115      5.141      7.459    11.3252 0.0000e+00
      5.247      0.028     0.0505      0.484     57.243  41.582188     1.2477      7.053    20.6501 3.4169e-01     9.3123      5.146      7.464    11.3213 0.0000e+00
      5.250      0.025     0.0510      0.470     57.249  41.584808     1.2763      7.048    21.6279 3.3763e-01     9.2883      5.147      7.466    11.3167 0.0000e+00
      5.255      0.020     0.0502      0.472     57.259  41.590651     1.3353      7.044    22.1295 3.2132e-01     9.2254      5.152      7.473    11.3182 0.0000e+00
      5.262      0.012     0.0563      0.480     57.344  41.652835     1.3615      7.040    22.2409 3.1184e-01     9.1325      5.160      7.484    11.3185 0.0000e+00
      5.268      0.003     0.0527      0.476     57.493  41.765780     1.3516      7.038    21.9422 3.1126e-01     9.0538      5.168      7.495    11.3187 0.0000e+00
      5.272     -0.002     0.0504      0.459     57.545  41.814495     1.3655      7.037    22.4761 3.1658e-01     8.9913      5.173      7.503    11.3168 0.0000e+00
      5.269     -0.002     0.0515      0.446     57.418  41.734401     1.4042      7.035    23.9641 3.2716e-01     8.9230      5.171      7.501    11.3149 0.0000e+00
      5.255      0.001     0.0532      0.454     57.347  41.685435     1.4282      7.031    24.6177 3.2998e-01     8.9116      5.153      7.475    11.3149 0.0000e+00
      5.244      0.006     0.0526      0.471     57.414  41.729902     1.4232      7.029    24.0989 3.1803e-01     8.9213      5.133      7.444    11.3170 0.0000e+00
      5.252      0.013     0.0501      0.476     57.463  41.764593     1.4112      7.026    23.5416 3.1269e-01     8.9036      5.144      7.460    11.3287 0.0000e+00
      5.271      0.023     0.0480      0.487     57.491  41.787720     1.4069      7.022    23.4724 3.1336e-01     8.9021      5.175      7.505    11.3448 0.0000e+00
      5.282      0.032     0.0485      0.493     57.530  41.819234     1.4125      7.019    23.7779 3.0770e-01     8.9034      5.184      7.518    11.3446 0.0000e+00
      5.286      0.036     0.0538      0.486     57.537  41.828470     1.4294      7.015    23.9657 2.9832e-01     8.8856      5.180      7.513    11.3353 0.0000e+00
      5.291      0.033     0.0505      0.480     57.542  41.835970     1.4854      7.011    23.7643 2.8783e-01     8.7550      5.187      7.524    11.3365 0.0000e+00
      5.301      0.030     0.0535      0.469     57.554  41.846484     1.5833      7.008    23.4086 2.8976e-01     8.5538      5.198      7.540    11.3404 0.0000e+00
      5.310      0.029     0.0554      0.467     57.532  41.828723     1.6392      7.005    23.0206 2.9695e-01     8.4678      5.208      7.554    11.3419 0.0000e+00
      5.319      0.028     0.0516      0.471     57.512  41.811514     1.6452      7.002    22.7720 2.9281e-01     8.4333      5.216      7.566    11.3462 0.0000e+00
      5.326      0.026     0.0542      0.468     57.537  41.828713     1.6473      7.000    22.8115 2.7620e-01     8.4103      5.223      7.575    11.3511 0.0000e+00
      5.331      0.022     0.0500      0.476     57.554  41.846370     1.6227      6.997    22.8965 2.6252e-01     8.4632      5.228      7.583    11.3521 0.0000e+00
      5.336      0.019     0.0506      0.485     57.528  41.834722     1.5893      6.994    22.8534 2.6062e-01     8.5593      5.234      7.591    11.3508 0.0000e+00
      5.340      0.018     0.0529      0.478     57.497  41.814747     1.5853      6.991    22.3761 2.5945e-01     8.6166      5.238      7.597    11.3468 0.0000e+00
      5.342      0.018     0.0498      0.470     57.473  41.795157     1.5905      6.987    21.7715 2.5630e-01     8.6446      5.238      7.598    11.3433 0.0000e+00
      5.346      0.019     0.0523      0.474     57.465  41.788149     1.5683      6.983    21.7380 2.5118e-01     8.6580      5.241      7.602    11.3501 0.0000e+00
      5.352      0.022     0.0541      0.479     57.471  41.793444     1.5167      6.982    22.1434 2.4705e-01     8.6417      5.248      7.612    11.3600 0.0000e+00
      5.359      0.024     0.0522      0.475     57.473  41.795750     1.4827      6.981    22.6293 2.4347e-01     8.6522      5.255      7.622    11.3610 0.0000e+00
      5.366      0.025     0.0508      0.468     57.505  41.816028     1.4747      6.979    22.4508 2.3769e-01     8.6487      5.262      7.633    11.3578 0.0000e+00
      5.373      0.024     0.0517      0.465     57.556  41.848327     1.4689      6.976    21.7060 2.3383e-01     8.6327      5.269      7.642    11.3564 0.0000e+00
      5.380      0.021     0.0529      0.471     57.585  41.869102     1.4711      6.973    21.6260 2.3209e-01     8.6297      5.276      7.652    11.3576 0.0000e+00
      5.386      0.018     0.0522      0.486     57.591  41.876922     1.4754      6.971    22.2571 2.3239e-01     8.6136      5.283      7.662    11.3604 0.0000e+00
      5.390      0.014     0.0508      0.493     57.591  41.879446     1.4719      6.969    22.8846 2.2614e-01     8.6429      5.287      7.667    11.3573 0.0000e+00
      5.392      0.012     0.0508      0.479     57.618  41.899631     1.4456      6.968    22.7592 2.1597e-01     8.7446      5.288      7.669    11.3497 0.0000e+00
      5.393      0.011     0.0506      0.468     57.659  41.930674     1.3990      6.967    22.0309 2.2222e-01     8.8870      5.288      7.669    11.3493 0.0000e+00
      5.394      0.011     0.0534      0.476     57.662  41.937623     1.3654      6.965    21.7361 2.2697e-01     8.9631      5.290      7.673    11.3554 0.0000e+00
      5.397      0.013     0.0552      0.486     57.628  41.920225     1.3473      6.962    22.0341 2.1164e-01     8.9485      5.293      7.676    11.3579 0.0000e+00
      5.400      0.016     0.0522      0.483     57.603  41.910624     1.3468      6.960    22.4516 2.0282e-01     8.9840      5.295      7.680    11.3569 0.0000e+00
      5.405      0.018     0.0500      0.476     57.646  41.948412     1.3680      6.958    22.3957 2.1378e-01     9.0838      5.300      7.687    11.3570 0.0000e+00
      5.411      0.021     0.0518      0.470     57.706  41.996522     1.3780      6.956    21.9603 2.2062e-01     9.1304      5.306      7.696    11.3609 0.0000e+00
      5.418      0.023     0.0541      0.465     57.688  41.984868     1.3689      6.955    21.7471 2.1702e-01     9.1372      5.313      7.706    11.3685 0.0000e+00
      5.423      0.023     0.0527      0.469     57.623  41.934364     1.3576      6.954    21.7968 2.0957e-01     9.2006      5.318      7.714    11.3769 0.0000e+00
      5.429      0.022     0.0519      0.477     57.570  41.893343     1.3168      6.951    22.0455 1.9733e-01     9.3502      5.324      7.720    11.3826 0.0000e+00
      5.436      0.021     0.0515      0.466     57.536  41.869482     1.2413      6.949    22.3452 1.8644e-01     9.5112      5.331      7.731    11.3871 0.0000e+00
      5.442      0.020     0.0504      0.448     57.489  41.836158     1.1937      6.947    22.4088 1.7922e-01     9.5767      5.338      7.743    11.3890 0.0000e+00
      5.447      0.018     0.0504      0.450     57.449  41.807584     1.1911      6.946    22.3841 1.7288e-01     9.5604      5.342      7.748    11.3836 0.0000e+00
      5.449      0.017     0.0535      0.465     57.490  41.841164     1.1923      6.945    22.4768 1.7065e-01     9.4854      5.344      7.751    11.3800 0.0000e+00
      5.452      0.014     0.0515      0.475     57.596  41.925007     1.1840      6.943    22.5840 1.7615e-01     9.3875      5.346      7.755    11.3831 0.0000e+00
      5.457      0.012     0.0473      0.473     57.769  42.060139     1.1823      6.940    22.7334 1.7486e-01     9.3668      5.352      7.762    11.3835 0.0000e+00
      5.461      0.011     0.0491      0.470     57.951  42.206386     1.1877      6.939    22.8202 1.7629e-01     9.3713      5.356      7.768    11.3825 0.0000e+00
      5.464      0.010     0.0509      0.480     57.965  42.234317     1.1745      6.938    22.6873 1.8618e-01     9.3399      5.358      7.772    11.3856 0.0000e+00
      5.465      0.010     0.0528      0.490     57.908  42.207572     1.1390      6.936    22.5028 1.8160e-01     9.3297      5.359      7.773    11.3926 0.0000e+00
      5.466      0.011     0.0519      0.503     57.980  42.263639     1.1257      6.935    22.3969 1.7337e-01     9.3506      5.359      7.773    11.4002 0.0000e+00
      5.468      0.012     0.0499      0.509     58.091  42.341323     1.1469      6.934    22.4385 1.8108e-01     9.4210      5.362      7.778    11.4097 0.0000e+00
      5.472      0.015     0.0532      0.489     57.981  42.258758     1.1870      6.932    22.5763 1.8777e-01     9.6349      5.366      7.783    11.4293 0.0000e+00
      5.477      0.020     0.0530      0.464     57.669  42.026551     1.2272      6.932    22.6862 1.8721e-01     9.9209      5.371      7.790    11.4466 0.0000e+00
      5.482      0.025     0.0546      0.452     57.488  41.880752     1.2422      6.932    22.7355 1.8904e-01    10.0441      5.375      7.796    11.4455 0.0000e+00
      5.488      0.029     0.0574      0.449     57.531  41.891430     1.2515      6.930    22.6550 1.8399e-01    10.0318      5.380      7.803    11.4393 0.0000e+00
      5.496      0.031     0.0531      0.453     57.567  41.901904     1.2650      6.927    22.4873 1.7028e-01     9.8738      5.388      7.816    11.4399 0.0000e+00
      5.507      0.034     0.0500      0.469     57.464  41.817076     1.2635      6.927    22.3430 1.5953e-01     9.5679      5.401      7.833    11.4389 0.0000e+00
