Data/DataNotYetUploadedToEDI/Raw_CTD/RawDownloads/080822_bvr50_S7809001.cnv
* Sea-Bird SBE19plus  Data File:
* FileName = C:\R\Reservoirs\Data\DataNotYetUploadedToEDI\Raw_CTD\RawDownloads\080822_bvr50_S7809_0001.hex
* Software version 2.8.0.119
* Temperature SN = 7809
* Conductivity SN = 7809
* System UpLoad Time = Aug 10 2022 09:55:00
* <ApplicationData>
* <Seaterm232>
# nquan = 15
# nvalues = 1217                        
# units = specified
# name 0 = depFM: Depth [fresh water, m]
# name 1 = dz/dtM: Descent Rate [m/s]
# name 2 = sbeox0Mg/L: Oxygen, SBE 43 [mg/l]
# name 3 = sbeox0PS: Oxygen, SBE 43 [% saturation]
# name 4 = specc: Specific Conductance [uS/cm]
# name 5 = c0uS/cm: Conductivity [uS/cm]
# name 6 = flECO-AFL: Fluorescence, WET Labs ECO-AFL/FL [mg/m^3]
# name 7 = ph: pH
# name 8 = orp: Oxidation Reduction Potential [mV]
# name 9 = par/sat/log: PAR/Logarithmic, Satlantic
# name 10 = turbWETntu0: Turbidity, WET Labs ECO [NTU]
# name 11 = prdM: Pressure, Strain Gauge [db]
# name 12 = prdE: Pressure, Strain Gauge [psi]
# name 13 = tv290C: Temperature [ITS-90, deg C]
# name 14 = flag:  0.000e+00
# span 0 =     -0.689,      7.523       
# span 1 =     -0.383,      0.198       
# span 2 =     0.0355,     7.1483       
# span 3 =      0.359,     89.459       
# span 4 =      8.049,    174.163       
# span 5 =   8.171056, 122.109570       
# span 6 =    -2.1267,    90.7464       
# span 7 =      4.846,      8.082       
# span 8 =  -119.8786,   190.4511       
# span 9 = 1.2352e-01, 2.0099e+03       
# span 10 =    -8.5559,     9.8739      
# span 11 =     -0.676,      7.378      
# span 12 =     -0.980,     10.701      
# span 13 =     9.9001,    28.2894      
# span 14 = 0.0000e+00, 0.0000e+00      
# interval = seconds: 0.25
# start_time = Aug 08 2022 07:22:36 [Instrument's time stamp, header]
# bad_flag = -9.990e-29
*END*
[from data line 193]
      0.759      0.026     6.9701     87.660     29.582  30.715060     4.6261      7.958   157.9726 9.0100e+01     3.0798      0.745      1.081    26.9051 0.0000e+00
      0.764      0.026     6.9823     87.673     29.583  30.716308     4.6415      7.960   158.0807 8.8974e+01     3.0385      0.749      1.086    26.9058 0.0000e+00
      0.771      0.027     6.9908     87.658     29.598  30.730035     4.6338      7.960   158.3682 8.7076e+01     2.9830      0.756      1.097    26.9076 0.0000e+00
      0.778      0.028     6.9921     87.643     29.625  30.754249     4.6238      7.959   158.6097 8.5111e+01     2.9562      0.764      1.108    26.9085 0.0000e+00
      0.784      0.028     6.9964     87.625     29.630  30.755497     4.6295      7.959   158.5056 8.3350e+01     2.9874      0.768      1.114    26.9090 0.0000e+00
      0.793      0.027     6.9982     87.615     29.622  30.745114     4.6534      7.961   158.3140 8.1291e+01     3.0184      0.777      1.128    26.9093 0.0000e+00
      0.803      0.026     6.9946     87.647     29.632  30.755497     4.6619      7.963   158.3577 7.9072e+01     2.9890      0.789      1.145    26.9071 0.0000e+00
      0.809      0.024     6.9963     87.720     29.631  30.754251     4.6334      7.965   158.6037 7.6812e+01     2.9397      0.795      1.153    26.8979 0.0000e+00
      0.813      0.023     6.9950     87.841     29.609  30.730048     4.5996      7.966   158.9642 7.4558e+01     2.9003      0.797      1.156    26.8906 0.0000e+00
      0.818      0.020     6.9927     88.016     29.598  30.716435     4.5863      7.966   159.2755 7.2283e+01     2.8883      0.801      1.162    26.8900 0.0000e+00
      0.823      0.018     6.9960     88.150     29.599  30.716444     4.5897      7.966   159.3568 7.0244e+01     2.8979      0.807      1.170    26.8898 0.0000e+00
      0.829      0.018     7.0021     88.128     29.612  30.730153     4.5991      7.966   159.3449 6.8414e+01     2.9136      0.813      1.178    26.8883 0.0000e+00
      0.834      0.018     7.0106     88.026     29.637  30.755396     4.6156      7.968   159.4760 6.6898e+01     2.9756      0.819      1.188    26.8851 0.0000e+00
      0.837      0.019     7.0276     87.953     29.649  30.768083     4.6391      7.971   159.7379 6.5808e+01     3.0327      0.821      1.191    26.8818 0.0000e+00
      0.840      0.022     7.0453     87.888     29.637  30.756755     4.6509      7.974   159.9289 6.5028e+01     3.0230      0.824      1.195    26.8808 0.0000e+00
      0.845      0.025     7.0387     87.813     29.626  30.745230     4.6660      7.976   160.0650 6.4761e+01     2.9957      0.828      1.200    26.8812 0.0000e+00
      0.852      0.030     7.0257     87.758     29.637  30.755520     4.6975      7.977   160.2650 6.4624e+01     2.9761      0.834      1.210    26.8808 0.0000e+00
      0.861      0.035     7.0229     87.752     29.637  30.754378     4.7233      7.978   160.4536 6.4481e+01     2.9912      0.844      1.225    26.8810 0.0000e+00
      0.872      0.037     7.0175     87.801     29.617  30.731423     4.7453      7.978   160.5386 6.4624e+01     3.0407      0.855      1.240    26.8835 0.0000e+00
      0.883      0.037     7.0105     87.877     29.619  30.731535     4.7558      7.977   160.6047 6.4514e+01     3.0625      0.865      1.257    26.8841 0.0000e+00
      0.895      0.035     7.0051     87.942     29.643  30.755739     4.7330      7.976   160.8232 6.3964e+01     3.0491      0.879      1.275    26.8822 0.0000e+00
      0.905      0.031     7.0049     87.953     29.658  30.770486     4.7033      7.974   160.9429 6.3299e+01     3.0497      0.889      1.289    26.8782 0.0000e+00
      0.911      0.025     7.0106     87.888     29.671  30.783050     4.6965      7.972   160.6756 6.2454e+01     3.0704      0.893      1.296    26.8735 0.0000e+00
      0.916      0.020     7.0178     87.776     29.669  30.780859     4.7010      7.972   160.4303 6.1539e+01     3.0945      0.899      1.303    26.8720 0.0000e+00
      0.920      0.016     7.0247     87.694     29.634  30.743995     4.7238      7.971   160.4726 6.0680e+01     3.0679      0.903      1.309    26.8709 0.0000e+00
      0.923      0.014     7.0262     87.694     29.610  30.717705     4.7633      7.971   160.4978 5.9900e+01     2.9870      0.905      1.312    26.8685 0.0000e+00
      0.925      0.014     7.0211     87.758     29.610  30.716552     4.7969      7.971   160.3918 5.9166e+01     2.9710      0.907      1.315    26.8678 0.0000e+00
      0.929      0.015     7.0086     87.808     29.625  30.730051     4.8224      7.972   160.3097 5.8460e+01     3.0451      0.911      1.321    26.8689 0.0000e+00
      0.933      0.016     7.0006     87.774     29.648  30.754132     4.8540      7.974   160.4515 5.7892e+01     3.0968      0.916      1.328    26.8676 0.0000e+00
      0.937      0.019     7.0019     87.700     29.648  30.754140     4.8961      7.976   160.7298 5.7386e+01     3.0499      0.919      1.333    26.8646 0.0000e+00
      0.942      0.021     7.0095     87.682     29.625  30.730143     4.9158      7.977   161.0072 5.6938e+01     2.9565      0.923      1.339    26.8606 0.0000e+00
      0.947      0.023     7.0179     87.756     29.613  30.717568     4.9178      7.975   161.3098 5.6681e+01     2.9249      0.928      1.346    26.8570 0.0000e+00
      0.954      0.023     7.0127     87.894     29.623  30.728885     4.9453      7.974   161.4628 5.6457e+01     2.9741      0.935      1.356    26.8569 0.0000e+00
      0.962      0.022     7.0026     88.024     29.633  30.740195     4.9808      7.975   161.3953 5.6068e+01     3.0045      0.944      1.369    26.8588 0.0000e+00
      0.968      0.021     7.0009     88.066     29.623  30.727515     4.9817      7.977   161.2675 5.5659e+01     2.9851      0.951      1.379    26.8591 0.0000e+00
      0.973      0.020     7.0073     88.002     29.605  30.702367     4.9646      7.979   161.2940 5.5274e+01     2.9790      0.955      1.386    26.8594 0.0000e+00
      0.976      0.020     7.0204     87.893     29.599  30.689700     4.9647      7.981   161.3720 5.4908e+01     2.9993      0.957      1.388    26.8618 0.0000e+00
      0.979      0.021     7.0330     87.758     29.613  30.701132     4.9829      7.986   161.3506 5.4497e+01     3.0250      0.959      1.391    26.8634 0.0000e+00
      0.984      0.025     7.0382     87.579     29.628  30.713801     4.9937      7.993   161.1210 5.4092e+01     3.0162      0.964      1.399    26.8598 0.0000e+00
      0.992      0.033     7.0312     87.403     29.634  30.716087     4.9882      8.003   160.6615 5.3817e+01     2.9952      0.972      1.410    26.8471 0.0000e+00
      1.000      0.044     7.0235     87.267     29.649  30.728766     4.9827      8.019   160.6117 5.3503e+01     3.0108      0.980      1.421    26.8333 0.0000e+00
      1.010      0.058     7.0160     87.191     29.663  30.740302     5.0087      8.034   161.1213 5.3524e+01     3.0338      0.988      1.434    26.8292 0.0000e+00
      1.023      0.073     6.9984     87.195     29.655  30.728776     5.0698      8.043   161.5748 5.4159e+01     3.0342      1.002      1.454    26.8279 0.0000e+00
      1.043      0.085     6.9851     87.270     29.646  30.716194     5.1058      8.046   161.7070 5.4981e+01     3.0161      1.019      1.478    26.8205 0.0000e+00
      1.071      0.091     6.9749     87.362     29.648  30.714947     5.1032      8.046   161.5152 5.5750e+01     3.0206      1.046      1.518    26.8126 0.0000e+00
      1.104      0.090     6.9679     87.392     29.649  30.713700     5.1222      8.045   161.1491 5.6134e+01     3.0541      1.085      1.574    26.8093 0.0000e+00
      1.134      0.083     6.9695     87.347     29.639  30.701107     5.1681      8.042   160.9795 5.5910e+01     3.0451      1.116      1.619    26.8055 0.0000e+00
      1.155      0.070     6.9769     87.285     29.628  30.689475     5.1922      8.037   161.0134 5.5368e+01     3.0138      1.135      1.647    26.7994 0.0000e+00
      1.167      0.055     6.9890     87.255     29.637  30.699848     5.1969      8.032   161.0434 5.4570e+01     3.0168      1.146      1.662    26.7930 0.0000e+00
      1.175      0.040     6.9923     87.266     29.637  30.699734     5.2171      8.027   160.9970 5.3716e+01     3.0142      1.153      1.672    26.7879 0.0000e+00
      1.181      0.030     6.9862     87.289     29.626  30.688104     5.2533      8.026   160.7973 5.3039e+01     3.0158      1.158      1.680    26.7848 0.0000e+00
      1.186      0.025     6.9804     87.284     29.624  30.686016     5.2683      8.028   160.6074 5.2310e+01     3.0028      1.163      1.686    26.7843 0.0000e+00
      1.191      0.026     6.9770     87.261     29.613  30.674489     5.2575      8.030   160.5938 5.1635e+01     2.9585      1.168      1.695    26.7862 0.0000e+00
      1.196      0.030     6.9789     87.260     29.615  30.675519     5.2144      8.034   160.8049 5.1273e+01     2.9594      1.172      1.701    26.7872 0.0000e+00
      1.201      0.036     6.9824     87.262     29.638  30.698466     5.1371      8.038   161.0955 5.1265e+01     2.9791      1.177      1.706    26.7869 0.0000e+00
      1.211      0.041     6.9820     87.236     29.638  30.698362     5.0970      8.040   161.2683 5.1662e+01     2.9911      1.187      1.721    26.7868 0.0000e+00
      1.226      0.044     6.9776     87.158     29.615  30.674252     5.1044      8.042   161.3449 5.2161e+01     3.0034      1.202      1.743    26.7860 0.0000e+00
      1.241      0.045     6.9793     87.021     29.601  30.660535     5.1852      8.042   161.1616 5.2500e+01     2.9911      1.218      1.766    26.7849 0.0000e+00
      1.256      0.044     6.9807     86.919     29.599  30.659298     5.3413      8.044   160.7729 5.2721e+01     3.0123      1.233      1.787    26.7837 0.0000e+00
      1.266      0.042     6.9784     86.927     29.599  30.659298     5.4354      8.047   160.6028 5.2756e+01     3.0547      1.243      1.802    26.7822 0.0000e+00
      1.274      0.038     6.9749     86.986     29.600  30.660536     5.4492      8.048   160.7394 5.2631e+01     3.0600      1.250      1.813    26.7823 0.0000e+00
      1.280      0.035     6.9590     87.007     29.614  30.674262     5.4417      8.047   160.8764 5.2494e+01     3.0423      1.255      1.820    26.7833 0.0000e+00
      1.289      0.032     6.9476     86.988     29.638  30.698477     5.3698      8.044   160.7960 5.2260e+01     2.9772      1.263      1.831    26.7836 0.0000e+00
      1.299      0.029     6.9512     87.001     29.638  30.699735     5.2541      8.044   160.6275 5.1832e+01     2.8880      1.274      1.848    26.7843 0.0000e+00
      1.309      0.027     6.9592     87.075     29.626  30.689465     5.2080      8.045   160.5604 5.1445e+01     2.8524      1.285      1.863    26.7841 0.0000e+00
      1.316      0.024     6.9610     87.155     29.636  30.701095     5.2203      8.046   160.6727 5.1152e+01     2.8883      1.291      1.873    26.7833 0.0000e+00
      1.319      0.022     6.9566     87.172     29.646  30.713574     5.2532      8.046   160.8668 5.0795e+01     2.9119      1.293      1.876    26.7826 0.0000e+00
      1.322      0.020     6.9561     87.149     29.644  30.713565     5.3142      8.045   161.0151 5.0462e+01     2.8639      1.295      1.878    26.7837 0.0000e+00
      1.326      0.020     6.9638     87.144     29.630  30.700991     5.3582      8.044   161.1746 5.0276e+01     2.8550      1.299      1.884    26.7877 0.0000e+00
      1.332      0.021     6.9725     87.141     29.616  30.688331     5.3694      8.044   161.3330 5.0285e+01     2.9064      1.306      1.893    26.7916 0.0000e+00
      1.338      0.023     6.9727     87.129     29.615  30.687283     5.3241      8.045   161.2950 5.0447e+01     2.9394      1.311      1.903    26.7945 0.0000e+00
      1.344      0.024     6.9668     87.123     29.617  30.688321     5.2352      8.048   161.1452 5.0701e+01     2.9797      1.317      1.911    26.7978 0.0000e+00
      1.352      0.025     6.9682     87.126     29.630  30.700885     5.1937      8.053   161.2427 5.1029e+01     3.0179      1.326      1.924    26.8020 0.0000e+00
      1.358      0.025     6.9679     87.181     29.641  30.712410     5.2042      8.057   161.5275 5.1305e+01     3.0257      1.333      1.932    26.8042 0.0000e+00
      1.363      0.026     6.9653     87.266     29.630  30.700875     5.2552      8.059   161.6637 5.1497e+01     3.0053      1.336      1.938    26.8038 0.0000e+00
      1.369      0.026     6.9671     87.297     29.619  30.688195     5.3358      8.061   161.5983 5.1683e+01     2.9769      1.341      1.945    26.8029 0.0000e+00
      1.376      0.026     6.9637     87.265     29.620  30.685890     5.3716      8.062   161.4262 5.1851e+01     2.9894      1.350      1.957    26.8023 0.0000e+00
      1.385      0.025     6.9694     87.224     29.610  30.672993     5.3712      8.062   161.1304 5.1921e+01     3.0542      1.359      1.970    26.8020 0.0000e+00
      1.392      0.024     6.9798     87.194     29.600  30.659047     5.3807      8.064   160.7755 5.1909e+01     3.1107      1.365      1.980    26.8014 0.0000e+00
      1.397      0.024     6.9825     87.161     29.590  30.644054     5.3872      8.067   160.5766 5.1831e+01     3.0919      1.371      1.989    26.8002 0.0000e+00
      1.402      0.024     6.9783     87.137     29.571  30.618489     5.3827      8.068   160.5331 5.1621e+01     3.0323      1.377      1.996    26.7942 0.0000e+00
      1.407      0.025     6.9750     87.100     29.569  30.603512     5.3766      8.068   160.5069 5.1435e+01     3.0049      1.379      1.999    26.7870 0.0000e+00
      1.412      0.028     6.9752     87.001     29.574  30.589735     5.3714      8.067   160.5187 5.1315e+01     2.9999      1.383      2.005    26.7828 0.0000e+00
      1.420      0.030     6.9714     86.814     29.576  30.578668     5.4202      8.065   160.5028 5.1197e+01     2.9721      1.392      2.019    26.7767 0.0000e+00
      1.431      0.030     6.9715     86.608     29.591  30.596469     5.5337      8.063   160.4872 5.1144e+01     2.9422      1.403      2.035    26.7708 0.0000e+00
      1.441      0.030     6.9727     86.465     29.601  30.614793     5.5949      8.063   160.5878 5.1009e+01     2.9452      1.413      2.050    26.7490 0.0000e+00
      1.449      0.028     6.9717     86.355     29.591  30.610057     5.5935      8.062   160.6869 5.0774e+01     3.0094      1.422      2.062    26.7043 0.0000e+00
      1.455      0.024     6.9585     86.268     29.583  30.602612     5.6260      8.061   160.7387 5.0529e+01     3.1034      1.427      2.070    26.6770 0.0000e+00
      1.459      0.020     6.9349     86.223     29.577  30.588167     5.6888      8.059   160.7839 5.0279e+01     3.0899      1.431      2.076    26.6896 0.0000e+00
      1.463      0.018     6.9250     86.179     29.570  30.562181     5.7194      8.059   160.7169 5.0155e+01     2.9838      1.435      2.081    26.7113 0.0000e+00
      1.466      0.017     6.9150     86.125     29.570  30.541958     5.7138      8.060   160.5314 5.0172e+01     2.9468      1.437      2.084    26.7185 0.0000e+00
      1.470      0.018     6.9052     86.046     29.581  30.533797     5.6867      8.063   160.3481 5.0234e+01     3.0186      1.441      2.090    26.7206 0.0000e+00
      1.475      0.021     6.9065     85.915     29.591  30.526875     5.6410      8.067   160.2214 5.0367e+01     3.1002      1.447      2.099    26.7114 0.0000e+00
      1.481      0.025     6.9066     85.755     29.596  30.521632     5.6020      8.070   160.1176 5.0616e+01     3.0797      1.452      2.105    26.6735 0.0000e+00
      1.487      0.029     6.9074     85.592     29.610  30.533782     5.5904      8.071   159.9539 5.0869e+01     3.0106      1.458      2.115    26.6334 0.0000e+00
      1.495      0.031     6.9067     85.417     29.639  30.546983     5.6008      8.072   159.8772 5.1004e+01     3.0154      1.466      2.126    26.6064 0.0000e+00
