Data/DataNotYetUploadedToEDI/Raw_CTD/RawDownloads/080822_bvr50_S7809001.cnv
* Sea-Bird SBE19plus  Data File:
* FileName = C:\R\Reservoirs\Data\DataNotYetUploadedToEDI\Raw_CTD\RawDownloads\080822_bvr50_S7809_0001.hex
* Software version 2.8.0.119
* Temperature SN = 7809
* Conductivity SN = 7809
* System UpLoad Time = Aug 10 2022 09:55:00
* <ApplicationData>
* <Seaterm232>
# nquan = 15
# nvalues = 1217                        
# units = specified
# name 0 = depFM: Depth [fresh water, m]
# name 1 = dz/dtM: Descent Rate [m/s]
# name 2 = sbeox0Mg/L: Oxygen, SBE 43 [mg/l]
# name 3 = sbeox0PS: Oxygen, SBE 43 [% saturation]
# name 4 = specc: Specific Conductance [uS/cm]
# name 5 = c0uS/cm: Conductivity [uS/cm]
# name 6 = flECO-AFL: Fluorescence, WET Labs ECO-AFL/FL [mg/m^3]
# name 7 = ph: pH
# name 8 = orp: Oxidation Reduction Potential [mV]
# name 9 = par/sat/log: PAR/Logarithmic, Satlantic
# name 10 = turbWETntu0: Turbidity, WET Labs ECO [NTU]
# name 11 = prdM: Pressure, Strain Gauge [db]
# name 12 = prdE: Pressure, Strain Gauge [psi]
# name 13 = tv290C: Temperature [ITS-90, deg C]
# name 14 = flag:  0.000e+00
# span 0 =     -0.689,      7.523       
# span 1 =     -0.383,      0.198       
# span 2 =     0.0355,     7.1483       
# span 3 =      0.359,     89.459       
# span 4 =      8.049,    174.163       
# span 5 =   8.171056, 122.109570       
# span 6 =    -2.1267,    90.7464       
# span 7 =      4.846,      8.082       
# span 8 =  -119.8786,   190.4511       
# span 9 = 1.2352e-01, 2.0099e+03       
# span 10 =    -8.5559,     9.8739      
# span 11 =     -0.676,      7.378      
# span 12 =     -0.980,     10.701      
# span 13 =     9.9001,    28.2894      
# span 14 = 0.0000e+00, 0.0000e+00      
# interval = seconds: 0.25
# start_time = Aug 08 2022 07:22:36 [Instrument's time stamp, header]
# bad_flag = -9.990e-29
*END*
[from data line 1061]
      4.239      0.019     0.0447      0.402    118.825  85.297174     3.0796      7.520  -109.3587 4.5028e-01     4.2083      4.158      6.031    10.9081 0.0000e+00
      4.246      0.025     0.0453      0.411    119.467  85.673291     3.0827      7.520  -109.3844 4.5283e-01     4.2273      4.165      6.041    10.9267 0.0000e+00
      4.249      0.025     0.0414      0.420    119.579  85.656889     3.0738      7.521  -109.2636 4.5193e-01     4.3139      4.167      6.044    10.9270 0.0000e+00
      4.251      0.022     0.0427      0.424    119.437  85.480164     3.0392      7.521  -109.1033 4.4733e-01     4.5044      4.170      6.048    10.9150 0.0000e+00
      4.255      0.012     0.0451      0.434    119.173  85.252849     3.0136      7.519  -109.1667 4.4296e-01     4.6173      4.170      6.048    10.8958 0.0000e+00
      4.264     -0.002     0.0448      0.452    118.660  84.879064     3.0052      7.519  -109.3413 4.2613e-01     4.6199      4.177      6.058    10.8561 0.0000e+00
      4.275     -0.015     0.0474      0.455    118.305  84.647689     2.9806      7.520  -109.3216 4.1322e-01     4.5019      4.199      6.090    10.8091 0.0000e+00
      4.273     -0.024     0.0463      0.440    118.299  84.680213     2.9407      7.520  -109.1872 4.3225e-01     4.3179      4.202      6.093    10.7762 0.0000e+00
      4.249     -0.027     0.0474      0.417    117.939  84.445981     2.9221      7.520  -109.1789 4.5650e-01     4.2394      4.167      6.044    10.7618 0.0000e+00
      4.223     -0.025     0.0511      0.402    117.360  84.040468     2.9293      7.520  -109.1358 4.6606e-01     4.2022      4.133      5.995    10.7591 0.0000e+00
      4.213     -0.015     0.0511      0.399    116.877  83.718307     2.9952      7.520  -109.0962 4.6865e-01     4.2097      4.126      5.984    10.7684 0.0000e+00
      4.218      0.000     0.0492      0.389    116.909  83.792564     3.1116      7.520  -109.0433 4.6718e-01     4.3299      4.134      5.996    10.7920 0.0000e+00
      4.229      0.012     0.0458      0.379    117.540  84.302579     3.1717      7.519  -108.8408 4.6124e-01     4.3918      4.147      6.015    10.8022 0.0000e+00
      4.241      0.007     0.0435      0.378    117.395  84.227611     3.1806      7.519  -108.7986 4.4457e-01     4.3768      4.160      6.034    10.7986 0.0000e+00
      4.252     -0.023     0.0450      0.384    116.590  83.649046     3.1689      7.519  -108.9632 4.2935e-01     4.3538      4.170      6.048    10.8073 0.0000e+00
      4.257     -0.067     0.0431      0.403    116.245  83.409485     3.1216      7.519  -109.1094 4.4320e-01     4.2846      4.180      6.062    10.8312 0.0000e+00
      4.245     -0.108     0.0411      0.414    116.229  83.428734     3.0831      7.519  -109.1899 4.9064e-01     4.1888      4.176      6.059    10.8647 0.0000e+00
      4.199     -0.142     0.0421      0.398    116.018  83.309753     3.0787      7.519  -109.3357 5.6282e-01     4.1182      4.131      5.991    10.8782 0.0000e+00
      4.125     -0.172     0.0414      0.383    115.449  82.924381     3.0849      7.519  -109.4952 6.3983e-01     4.1142      4.039      5.859    10.8669 0.0000e+00
      4.061     -0.201     0.0449      0.391    114.846  82.519423     3.0665      7.517  -109.3970 6.9151e-01     4.1397      3.967      5.754    10.8688 0.0000e+00
      4.027     -0.230     0.0477      0.398    114.466  82.290719     3.0309      7.515  -109.2668 7.3306e-01     4.1540      3.948      5.726    10.8879 0.0000e+00
      3.995     -0.261     0.0439      0.398    114.081  82.066011     3.0208      7.513  -109.3834 8.2249e-01     4.1847      3.932      5.703    10.9040 0.0000e+00
      3.935     -0.296     0.0406      0.401    113.512  81.709332     3.0350      7.512  -109.6029 9.8714e-01     4.2375      3.869      5.612    10.9104 0.0000e+00
      3.846     -0.329     0.0438      0.400    113.027  81.410361     3.1110      7.514  -109.8557 1.2252e+00     4.2798      3.775      5.476    10.9203 0.0000e+00
      3.741     -0.346     0.0444      0.399    112.651  81.184207     3.2495      7.517  -110.0309 1.6191e+00     4.3201      3.677      5.332    10.9415 0.0000e+00
      3.620     -0.341     0.0432      0.408    112.006  80.754556     3.3196      7.518  -110.0861 2.3725e+00     4.3496      3.551      5.150    10.9666 0.0000e+00
      3.504     -0.323     0.0446      0.411    110.863  79.965298     3.3174      7.518  -110.1793 3.2200e+00     4.3626      3.417      4.957    10.9892 0.0000e+00
      3.430     -0.306     0.0443      0.400    109.643  79.140632     3.4147      7.517  -110.2118 3.6404e+00     4.4781      3.345      4.851    11.0113 0.0000e+00
      3.398     -0.297     0.0430      0.401    109.227  78.918221     3.6141      7.516  -110.3063 4.0015e+00     4.6522      3.335      4.838    11.0336 0.0000e+00
      3.362     -0.297     0.0450      0.410    109.310  79.055723     3.7387      7.516  -110.7197 5.1779e+00     4.7257      3.316      4.810    11.0471 0.0000e+00
      3.284     -0.313     0.0468      0.407    108.398  78.451925     3.8480      7.516  -111.5102 7.2877e+00     4.7515      3.232      4.689    11.0584 0.0000e+00
      3.176     -0.338     0.0426      0.406    106.517  77.146245     4.8935      7.517  -112.7240 9.5240e+00     5.0669      3.110      4.511    11.0829 0.0000e+00
      3.068     -0.348     0.0436      0.411    103.632  75.152024     6.8255      7.521  -113.9515 1.1527e+01     5.7040      3.004      4.357    11.1230 0.0000e+00
      2.966     -0.322     0.0465      0.416    100.467  73.019754     7.8980      7.528  -114.8225 1.3804e+01     6.0678      2.912      4.225    11.1638 0.0000e+00
      2.865     -0.262     0.0441      0.410    100.316  73.157431     8.1301      7.537  -114.8230 1.6028e+01     6.1170      2.802      4.064    11.1868 0.0000e+00
      2.789     -0.185     0.0441      0.395    101.973  74.594144     9.5570      7.542  -113.8719 1.6997e+01     6.4692      2.714      3.935    11.2002 0.0000e+00
      2.760     -0.108     0.0453      0.406    102.197  74.825967    12.1416      7.547  -113.4751 1.6668e+01     7.1153      2.695      3.908    11.2496 0.0000e+00
      2.767     -0.040     0.0456      0.425    101.472  74.245162    13.5462      7.552  -114.0693 1.5930e+01     7.4728      2.711      3.933    11.3187 0.0000e+00
      2.785      0.010     0.0463      0.414    100.740  73.671011    13.6556      7.553  -114.4319 1.5150e+01     7.4789      2.732      3.962    11.4525 0.0000e+00
      2.805      0.030     0.0408      0.408    100.205  73.284273    13.5060      7.550  -114.5902 1.4468e+01     7.3599      2.752      3.991    11.6155 0.0000e+00
      2.821      0.010     0.0429      0.413     99.952  73.126950    13.2189      7.544  -115.0363 1.4038e+01     7.1951      2.769      4.015    11.6282 0.0000e+00
      2.831     -0.047     0.0495      0.407     99.259  72.658322    13.0635      7.539  -115.2653 1.3788e+01     7.1263      2.779      4.029    11.5714 0.0000e+00
      2.833     -0.127     0.0434      0.406     96.880  70.985157    13.0341      7.534  -115.2940 1.3989e+01     7.1087      2.785      4.038    11.5540 0.0000e+00
      2.811     -0.212     0.0436      0.406     93.057  68.333363    12.7885      7.532  -115.8995 1.5544e+01     6.9476      2.776      4.027    11.5608 0.0000e+00
      2.739     -0.277     0.0464      0.386     88.649  65.368536    12.3246      7.535  -117.4239 1.8877e+01     6.6812      2.704      3.922    11.5784 0.0000e+00
      2.619     -0.308     0.0433      0.362     82.904  61.495108    12.0609      7.541  -118.4969 2.3264e+01     6.5183      2.573      3.732    11.5937 0.0000e+00
      2.485     -0.302     0.0442      0.360     77.184  57.693631    12.0386      7.547  -118.0321 2.7596e+01     6.5155      2.428      3.523    11.6201 0.0000e+00
      2.377     -0.260     0.0452      0.359     71.685  54.071485    12.0724      7.553  -117.3103 3.0186e+01     6.5792      2.308      3.347    11.6850 0.0000e+00
      2.324     -0.191     0.0423      0.359     66.029  50.324631    12.3945      7.559  -117.5997 3.0328e+01     6.6048      2.262      3.281    11.8515 0.0000e+00
      2.314     -0.113     0.0370      0.384     64.897  50.025684    12.9865      7.564  -118.6924 2.9603e+01     6.5854      2.267      3.288    12.0837 0.0000e+00
      2.318     -0.046     0.0390      0.429     69.849  54.331864    13.3050      7.568  -119.3365 2.9125e+01     6.5501      2.274      3.298    12.3527 0.0000e+00
      2.323     -0.003     0.0386      0.521     77.809  60.690977    13.3318      7.569  -119.1929 2.8808e+01     6.5203      2.279      3.306    12.7275 0.0000e+00
      2.327      0.014     0.0355      0.667     83.669  64.954711    13.3933      7.569  -119.4512 2.8474e+01     6.6005      2.282      3.310    13.1105 0.0000e+00
      2.332      0.010     0.0404      0.822     84.909  65.313986    13.4999      7.571  -119.8786 2.8090e+01     6.7685      2.287      3.317    13.5358 0.0000e+00
      2.338     -0.005     0.0422      0.966     83.642  63.828044    13.5553      7.573  -119.1112 2.7658e+01     6.8094      2.293      3.326    13.9639 0.0000e+00
      2.344     -0.028     0.0506      1.084     80.502  61.212469    13.5801      7.573  -117.6586 2.7357e+01     6.7541      2.301      3.337    14.1144 0.0000e+00
      2.341     -0.058     0.0694      1.137     76.261  58.007250    13.7420      7.573  -116.5118 2.7645e+01     6.6114      2.303      3.341    13.9031 0.0000e+00
      2.323     -0.098     0.0863      1.117     73.171  55.865880    14.0230      7.573  -115.5704 2.8444e+01     6.3138      2.283      3.311    13.4176 0.0000e+00
      2.291     -0.145     0.1017      1.050     71.644  55.001397    14.1810      7.572  -114.8799 2.9482e+01     6.1279      2.248      3.261    13.0713 0.0000e+00
      2.250     -0.193     0.1175      0.973     70.830  54.664443    14.1874      7.570  -114.5291 3.1027e+01     6.1052      2.211      3.207    12.9758 0.0000e+00
      2.195     -0.232     0.1224      0.906     69.847  54.140670    14.0165      7.570  -113.8248 3.3370e+01     6.1422      2.157      3.131    12.9745 0.0000e+00
      2.125     -0.248     0.1190      0.860     68.684  53.429060    13.6968      7.569  -112.5590 3.6441e+01     6.2341      2.089      3.030    13.1537 0.0000e+00
      2.040     -0.238     0.1101      0.870     67.971  53.042324    13.5258      7.564  -111.6138 3.9594e+01     6.2933      2.006      2.908    13.3932 0.0000e+00
      1.953     -0.206     0.1000      0.925     66.945  52.384435    13.5552      7.558  -111.1727 4.1640e+01     6.2775      1.905      2.764    13.5982 0.0000e+00
      1.890     -0.159     0.0944      1.001     66.058  51.821067    14.0353      7.552  -110.7536 4.2169e+01     6.2479      1.836      2.662    13.7698 0.0000e+00
      1.866     -0.104     0.0857      1.106     66.221  52.069407    14.9194      7.549  -110.3322 4.1784e+01     6.2765      1.822      2.642    13.8926 0.0000e+00
      1.866     -0.051     0.0877      1.230     66.228  52.150716    15.3899      7.548  -110.2070 4.1075e+01     6.2824      1.829      2.652    14.0243 0.0000e+00
      1.874     -0.007     0.0951      1.355     66.308  52.233290    15.4127      7.545  -110.2728 4.0435e+01     6.2509      1.837      2.665    14.1267 0.0000e+00
      1.883      0.020     0.1011      1.474     67.277  53.004387    15.4278      7.542  -110.0953 3.9945e+01     6.2715      1.848      2.681    14.2172 0.0000e+00
      1.890      0.033     0.1127      1.584     67.524  53.223303    15.5731      7.539  -109.9531 3.9509e+01     6.4291      1.854      2.688    14.3256 0.0000e+00
      1.895      0.035     0.1254      1.681     65.081  51.325912    15.8209      7.534  -109.5863 3.9048e+01     6.6536      1.855      2.692    14.3874 0.0000e+00
      1.905      0.020     0.1389      1.762     61.597  48.720719    15.9435      7.528  -108.2423 3.8445e+01     6.7310      1.865      2.705    14.3898 0.0000e+00
      1.920     -0.017     0.1510      1.825     59.792  47.615585    15.8989      7.522  -106.5223 3.7799e+01     6.6822      1.883      2.731    14.3695 0.0000e+00
      1.935     -0.078     0.1620      1.871     58.327  46.784771    15.4142      7.517  -105.1378 3.7558e+01     6.4727      1.903      2.760    14.4259 0.0000e+00
      1.932     -0.158     0.1725      1.941     55.302  44.639663    14.5443      7.513  -104.0630 3.8460e+01     6.1798      1.910      2.770    14.3993 0.0000e+00
      1.887     -0.244     0.1802      2.086     51.967  42.298159    14.0786      7.510  -103.0772 4.0723e+01     6.0785      1.869      2.710    14.4598 0.0000e+00
      1.795     -0.321     0.1860      2.316     49.930  41.121628    14.0366      7.507  -102.2527 4.3556e+01     6.0675      1.769      2.567    14.8275 0.0000e+00
      1.671     -0.373     0.1875      2.685     48.434  40.374061    14.0527      7.506  -102.0961 4.6036e+01     5.9103      1.642      2.382    15.1410 0.0000e+00
      1.541     -0.383     0.1906      3.333     46.213  38.904963    14.0984      7.507  -102.1299 4.7646e+01     5.6467      1.507      2.184    15.3342 0.0000e+00
      1.423     -0.349     0.2051      4.338     43.831  37.248936    14.1229      7.509  -100.9410 4.8482e+01     5.5451      1.388      2.013    15.6349 0.0000e+00
      1.326     -0.282     0.2244      5.630     41.907  36.016384    14.0826      7.510   -98.9057 4.8923e+01     5.6043      1.291      1.874    16.1784 0.0000e+00
      1.261     -0.201     0.2506      7.113     39.871  34.719969    13.4952      7.512   -97.5688 4.9188e+01     5.3371      1.220      1.770    16.7412 0.0000e+00
      1.232     -0.121     0.3077      8.848     37.737  33.368914    12.4059      7.512   -97.1664 4.9487e+01     4.7393      1.200      1.739    17.1115 0.0000e+00
      1.231     -0.055     0.4055     11.104     36.226  32.616499    11.8154      7.511   -97.0524 4.9815e+01     4.3885      1.206      1.749    17.4562 0.0000e+00
      1.240     -0.006     0.5283     14.198     36.072  33.104987    11.7730      7.510   -96.7059 5.0115e+01     4.3408      1.217      1.764    17.9540 0.0000e+00
      1.250      0.026     0.6603     18.344     36.820  34.267046    11.7523      7.508   -96.5052 5.0355e+01     4.4021      1.227      1.779    18.5348 0.0000e+00
      1.257      0.044     0.8010     23.509     37.260  34.810922    11.6896      7.505   -97.2926 5.0466e+01     4.4811      1.233      1.788    19.1799 0.0000e+00
      1.267      0.053     0.9820     29.078     37.820  35.179452    11.6468      7.502   -98.3100 5.0543e+01     4.5098      1.240      1.800    19.9967 0.0000e+00
      1.282      0.057     1.2342     33.911     38.820  35.869188    11.6103      7.500   -98.6544 5.0617e+01     4.5443      1.254      1.819    20.9300 0.0000e+00
      1.303      0.053     1.5756     36.953     39.353  36.111570    11.2237      7.496   -97.8434 5.0466e+01     4.4533      1.277      1.852    21.7182 0.0000e+00
      1.325      0.034     2.0435     37.830     39.110  35.636763    10.5175      7.489   -95.3011 5.0080e+01     4.1963      1.303      1.889    21.8756 0.0000e+00
      1.341     -0.006     2.5896     36.814     38.670  35.074008    10.1302      7.482   -92.2645 4.9780e+01     3.9985      1.318      1.911    21.5057 0.0000e+00
      1.348     -0.066     3.0725     34.442     38.558  34.950647    10.0866      7.475   -89.5217 4.9456e+01     3.9403      1.325      1.922    21.1979 0.0000e+00
      1.337     -0.137     3.3727     31.428     38.534  34.969558    10.0818      7.469   -86.9168 4.9208e+01     3.9708      1.324      1.920    20.9040 0.0000e+00
      1.292     -0.208     3.4645     28.555     38.381  34.858869    10.1048      7.464   -84.7741 4.9770e+01     4.0263      1.282      1.860    20.5001 0.0000e+00
