Data/DataNotYetUploadedToEDI/Raw_CTD/RawDownloads/080822_fcr50_S7809003.cnv
* Sea-Bird SBE19plus  Data File:
* FileName = C:\R\Reservoirs\Data\DataNotYetUploadedToEDI\Raw_CTD\RawDownloads\080822_bvr50_S7809_0003.hex
* Software version 2.8.0.119
* Temperature SN = 7809
* Conductivity SN = 7809
* System UpLoad Time = Aug 10 2022 09:56:50
* <ApplicationData>
* <Seaterm232>
# nquan = 15
# nvalues = 1843                        
# units = specified
# name 0 = depFM: Depth [fresh water, m]
# name 1 = dz/dtM: Descent Rate [m/s]
# name 2 = sbeox0Mg/L: Oxygen, SBE 43 [mg/l]
# name 3 = sbeox0PS: Oxygen, SBE 43 [% saturation]
# name 4 = specc: Specific Conductance [uS/cm]
# name 5 = c0uS/cm: Conductivity [uS/cm]
# name 6 = flECO-AFL: Fluorescence, WET Labs ECO-AFL/FL [mg/m^3]
# name 7 = ph: pH
# name 8 = orp: Oxidation Reduction Potential [mV]
# name 9 = par/sat/log: PAR/Logarithmic, Satlantic
# name 10 = turbWETntu0: Turbidity, WET Labs ECO [NTU]
# name 11 = prdM: Pressure, Strain Gauge [db]
# name 12 = prdE: Pressure, Strain Gauge [psi]
# name 13 = tv290C: Temperature [ITS-90, deg C]
# name 14 = flag:  0.000e+00
# span 0 =     -0.612,      9.572       
# span 1 =     -0.603,      0.254       
# span 2 =    -0.0350,     7.8829       
# span 3 =     -0.307,     91.561       
# span 4 =      2.080,    456.348       
# span 5 =   1.812945, 336.236782       
# span 6 =    -0.8863,    35.0542       
# span 7 =      6.716,      7.695       
# span 8 =     3.2020,   217.1666       
# span 9 = 1.2349e-01, 2.6807e+03       
# span 10 =    -2.7176,   371.2919      
# span 11 =     -0.602,      9.387      
# span 12 =     -0.873,     13.615      
# span 13 =    11.2424,    27.4313      
# span 14 = 0.0000e+00, 0.0000e+00      
# interval = seconds: 0.25
# start_time = Aug 08 2022 09:35:28 [Instrument's time stamp, header]
# bad_flag = -9.990e-29
*END*
[from data line 1446]
      8.391      0.055     0.0459      0.421     57.489  41.693681     1.1379      6.762    63.1373 1.2364e-01     9.3054      8.226     11.931    11.2668 0.0000e+00
      8.409      0.053     0.0475      0.426     57.490  41.694750     1.1479      6.762    64.3017 1.2368e-01     9.3322      8.246     11.960    11.2646 0.0000e+00
      8.429      0.050     0.0435      0.421     57.475  41.683432     1.1698      6.762    64.5528 1.2375e-01     9.3773      8.269     11.993    11.2625 0.0000e+00
      8.444      0.045     0.0427      0.405     57.475  41.683692     1.1775      6.762    64.3668 1.2375e-01     9.3731      8.284     12.015    11.2609 0.0000e+00
      8.452      0.038     0.0480      0.401     57.495  41.697894     1.1741      6.763    63.5154 1.2369e-01     9.3154      8.291     12.025    11.2600 0.0000e+00
      8.457      0.031     0.0461      0.425     57.536  41.728292     1.1789      6.763    62.7762 1.2367e-01     9.2947      8.293     12.029    11.2595 0.0000e+00
      8.462      0.026     0.0474      0.435     57.544  41.734066     1.1854      6.763    63.2577 1.2367e-01     9.3957      8.297     12.034    11.2595 0.0000e+00
      8.468      0.023     0.0439      0.411     57.502  41.704279     1.1934      6.762    64.0037 1.2367e-01     9.5808      8.305     12.045    11.2598 0.0000e+00
      8.475      0.023     0.0416      0.382     57.476  41.685302     1.1935      6.762    64.2238 1.2370e-01     9.6538      8.310     12.055    11.2600 0.0000e+00
      8.481      0.024     0.0479      0.375     57.489  41.694911     1.1870      6.762    63.2529 1.2372e-01     9.5948      8.316     12.062    11.2604 0.0000e+00
      8.488      0.027     0.0496      0.390     57.488  41.693593     1.1810      6.762    61.7294 1.2370e-01     9.4824      8.324     12.074    11.2603 0.0000e+00
      8.494      0.030     0.0452      0.405     57.455  41.669368     1.1783      6.761    61.6340 1.2366e-01     9.3877      8.331     12.082    11.2602 0.0000e+00
      8.499      0.034     0.0406      0.400     57.435  41.655737     1.1875      6.761    62.7011 1.2373e-01     9.3726      8.334     12.088    11.2609 0.0000e+00
      8.507      0.036     0.0401      0.395     57.433  41.655642     1.1933      6.760    63.7912 1.2383e-01     9.3676      8.340     12.098    11.2609 0.0000e+00
      8.520      0.038     0.0429      0.414     57.448  41.668215     1.1820      6.760    62.7683 1.2377e-01     9.3612      8.354     12.117    11.2601 0.0000e+00
      8.534      0.040     0.0453      0.425     57.465  41.680891     1.1674      6.760    60.0562 1.2369e-01     9.3638      8.370     12.139    11.2600 0.0000e+00
      8.544      0.042     0.0446      0.405     57.469  41.682043     1.1667      6.759    59.1342 1.2369e-01     9.3650      8.380     12.154    11.2605 0.0000e+00
      8.552      0.042     0.0411      0.390     57.471  41.682148     1.1819      6.759    60.2243 1.2372e-01     9.4091      8.387     12.165    11.2616 0.0000e+00
      8.561      0.041     0.0458      0.394     57.473  41.682159     1.1848      6.758    61.7068 1.2375e-01     9.4193      8.394     12.174    11.2637 0.0000e+00
      8.571      0.039     0.0488      0.396     57.474  41.682174     1.1761      6.758    61.3138 1.2375e-01     9.3525      8.404     12.190    11.2642 0.0000e+00
      8.584      0.036     0.0435      0.394     57.474  41.682321     1.1766      6.758    59.0867 1.2372e-01     9.3186      8.418     12.210    11.2624 0.0000e+00
      8.595      0.032     0.0413      0.399     57.476  41.683942     1.1749      6.758    58.0098 1.2369e-01     9.3504      8.430     12.228    11.2607 0.0000e+00
      8.604      0.027     0.0439      0.414     57.500  41.701775     1.1641      6.758    58.6180 1.2366e-01     9.3959      8.440     12.241    11.2595 0.0000e+00
      8.609      0.022     0.0435      0.431     57.508  41.707636     1.1371      6.758    59.5571 1.2368e-01     9.3913      8.444     12.247    11.2590 0.0000e+00
      8.611      0.017     0.0427      0.432     57.486  41.691376     1.1142      6.757    59.7271 1.2372e-01     9.3627      8.444     12.247    11.2593 0.0000e+00
      8.614      0.017     0.0437      0.423     57.491  41.695481     1.1202      6.757    59.2115 1.2372e-01     9.3570      8.447     12.252    11.2599 0.0000e+00
      8.616      0.020     0.0447      0.428     57.487  41.693836     1.1515      6.758    58.7443 1.2365e-01     9.4256      8.450     12.256    11.2603 0.0000e+00
      8.620      0.024     0.0484      0.434     57.454  41.671482     1.1845      6.758    58.5518 1.2361e-01     9.5428      8.452     12.258    11.2602 0.0000e+00
      8.627      0.028     0.0480      0.425     57.462  41.678926     1.1860      6.758    58.7764 1.2366e-01     9.5780      8.458     12.267    11.2598 0.0000e+00
      8.639      0.031     0.0451      0.407     57.518  41.720414     1.1703      6.758    59.3959 1.2371e-01     9.5781      8.471     12.287    11.2597 0.0000e+00
      8.650      0.036     0.0469      0.392     57.529  41.729093     1.1614      6.758    59.8459 1.2372e-01     9.5779      8.484     12.305    11.2606 0.0000e+00
      8.657      0.041     0.0487      0.386     57.519  41.720433     1.1704      6.757    59.9157 1.2373e-01     9.5763      8.490     12.315    11.2623 0.0000e+00
      8.663      0.046     0.0468      0.384     57.553  41.742568     1.1873      6.757    59.9824 1.2378e-01     9.5929      8.494     12.319    11.2642 0.0000e+00
      8.673      0.049     0.0446      0.376     57.556  41.742994     1.1822      6.756    59.9638 1.2383e-01     9.5734      8.502     12.331    11.2652 0.0000e+00
      8.690      0.049     0.0424      0.373     57.534  41.725575     1.1668      6.756    59.9483 1.2380e-01     9.5797      8.520     12.358    11.2653 0.0000e+00
      8.710      0.048     0.0421      0.384     57.529  41.722257     1.1515      6.755    60.6553 1.2373e-01     9.7375      8.543     12.391    11.2643 0.0000e+00
      8.725      0.044     0.0429      0.402     57.504  41.702867     1.1304      6.755    61.6297 1.2370e-01     9.9780      8.559     12.414    11.2620 0.0000e+00
      8.733      0.038     0.0409      0.421     57.475  41.681432     1.1272      6.756    61.7491 1.2366e-01    10.0965      8.565     12.422    11.2602 0.0000e+00
      8.738      0.032     0.0398      0.426     57.436  41.653384     1.1383      6.756    61.2386 1.2362e-01    10.0765      8.568     12.428    11.2592 0.0000e+00
      8.744      0.028     0.0422      0.422     57.386  41.617466     1.1393      6.755    60.7907 1.2367e-01     9.9085      8.575     12.437    11.2588 0.0000e+00
      8.749      0.029     0.0435      0.426     57.399  41.627736     1.1395      6.755    61.1532 1.2372e-01     9.6018      8.580     12.444    11.2584 0.0000e+00
      8.754      0.034     0.0471      0.431     57.429  41.650706     1.1408      6.756    62.0933 1.2372e-01     9.4074      8.584     12.450    11.2580 0.0000e+00
      8.762      0.041     0.0471      0.422     57.416  41.641461     1.1385      6.756    62.2636 1.2370e-01     9.3690      8.591     12.462    11.2580 0.0000e+00
      8.774      0.049     0.0456      0.395     57.418  41.642813     1.1623      6.755    61.8349 1.2371e-01     9.3433      8.603     12.479    11.2583 0.0000e+00
      8.789      0.055     0.0466      0.382     57.452  41.667053     1.2119      6.754    61.7287 1.2373e-01     9.3352      8.619     12.500    11.2593 0.0000e+00
      8.806      0.056     0.0476      0.393     57.471  41.680814     1.2380      6.754    62.0119 1.2368e-01     9.3735      8.635     12.524    11.2601 0.0000e+00
      8.824      0.052     0.0480      0.405     57.472  41.682337     1.2366      6.754    62.3329 1.2361e-01     9.3960      8.653     12.551    11.2603 0.0000e+00
      8.840      0.045     0.0422      0.411     57.477  41.685475     1.2031      6.755    62.3410 1.2359e-01     9.3691      8.671     12.576    11.2600 0.0000e+00
      8.853      0.036     0.0404      0.411     57.522  41.718749     1.1416      6.755    62.1955 1.2358e-01     9.3211      8.685     12.595    11.2596 0.0000e+00
      8.858      0.028     0.0436      0.398     57.589  41.767494     1.1176      6.755    62.1216 1.2354e-01     9.3273      8.688     12.601    11.2598 0.0000e+00
      8.858      0.021     0.0445      0.388     57.589  41.767388     1.1290      6.754    62.0504 1.2357e-01     9.3767      8.685     12.597    11.2602 0.0000e+00
      8.860      0.016     0.0451      0.391     57.521  41.717473     1.1293      6.754    61.9371 1.2362e-01     9.3707      8.687     12.599    11.2605 0.0000e+00
      8.865      0.014     0.0459      0.390     57.457  41.671428     1.1211      6.754    61.7841 1.2367e-01     9.3926      8.694     12.609    11.2605 0.0000e+00
      8.871      0.016     0.0436      0.386     57.433  41.654678     1.1141      6.754    61.6641 1.2373e-01     9.4705      8.700     12.618    11.2604 0.0000e+00
      8.874      0.018     0.0414      0.389     57.414  41.641822     1.1103      6.753    61.6901 1.2370e-01     9.5265      8.702     12.622    11.2605 0.0000e+00
      8.877      0.019     0.0434      0.392     57.414  41.642844     1.1173      6.752    61.8408 1.2363e-01     9.5571      8.703     12.623    11.2606 0.0000e+00
      8.882      0.018     0.0430      0.397     57.447  41.667041     1.1316      6.752    61.7645 1.2364e-01     9.4993      8.709     12.631    11.2606 0.0000e+00
      8.890      0.016     0.0414      0.401     57.465  41.680671     1.1330      6.753    61.3701 1.2374e-01     9.3742      8.718     12.645    11.2608 0.0000e+00
      8.896      0.015     0.0431      0.410     57.465  41.680777     1.1179      6.753    60.9442 1.2380e-01     9.3085      8.725     12.655    11.2618 0.0000e+00
      8.899      0.014     0.0424      0.410     57.446  41.668325     1.1164      6.753    60.6587 1.2374e-01     9.3200      8.727     12.658    11.2627 0.0000e+00
      8.899      0.013     0.0441      0.394     57.430  41.656974     1.1314      6.753    61.0153 1.2366e-01     9.3763      8.726     12.657    11.2628 0.0000e+00
      8.900      0.013     0.0434      0.389     57.448  41.670395     1.1318      6.753    61.8146 1.2366e-01     9.4426      8.726     12.656    11.2630 0.0000e+00
      8.902      0.018     0.0448      0.396     57.493  41.703731     1.1212      6.753    62.0630 1.2371e-01     9.4391      8.729     12.661    11.2638 0.0000e+00
      8.907      0.026     0.0466      0.396     57.548  41.742883     1.1119      6.753    61.6960 1.2372e-01     9.3674      8.735     12.669    11.2644 0.0000e+00
      8.913      0.035     0.0417      0.391     57.579  41.763185     1.1112      6.752    61.1635 1.2367e-01     9.3956      8.740     12.676    11.2649 0.0000e+00
      8.922      0.040     0.0423      0.395     57.576  41.758896     1.1212      6.750    61.8180 1.2364e-01     9.5411      8.746     12.685    11.2657 0.0000e+00
      8.937      0.042     0.0438      0.402     57.572  41.754456     1.1242      6.749    63.5008 1.2368e-01     9.6230      8.762     12.708    11.2663 0.0000e+00
      8.954      0.042     0.0437      0.401     57.599  41.772939     1.1232      6.750    64.0444 1.2372e-01     9.6003      8.784     12.740    11.2658 0.0000e+00
      8.968      0.044     0.0422      0.384     57.624  41.792064     1.1252      6.753    63.3146 1.2373e-01     9.5054      8.798     12.760    11.2636 0.0000e+00
      8.974      0.049     0.0433      0.367     57.629  41.795402     1.1321      6.753    62.4204 1.2374e-01     9.3984      8.802     12.766    11.2609 0.0000e+00
      8.978      0.054     0.0441      0.376     57.655  41.813287     1.1401      6.752    62.9554 1.2373e-01     9.3654      8.803     12.767    11.2593 0.0000e+00
      8.988      0.059     0.0449      0.392     57.665  41.818019     1.1384      6.752    64.6210 1.2370e-01     9.3796      8.809     12.776    11.2590 0.0000e+00
      9.008      0.065     0.0426      0.397     57.627  41.789184     1.1278      6.752    65.3512 1.2365e-01     9.3659      8.831     12.808    11.2597 0.0000e+00
      9.037      0.073     0.0381      0.406     57.617  41.781801     1.1291      6.752    65.1587 1.2364e-01     9.3367      8.864     12.856    11.2599 0.0000e+00
      9.060      0.080     0.0410      0.423     57.631  41.792191     1.1620      6.752    64.7889 1.2367e-01     9.3340      8.890     12.895    11.2584 0.0000e+00
      9.074      0.082     0.0441      0.425     57.626  41.787937     1.1930      6.750    64.6659 1.2368e-01     9.3328      8.897     12.905    11.2566 0.0000e+00
      9.089      0.079     0.0432      0.414     57.634  41.793794     1.1957      6.748    65.1339 1.2368e-01     9.3558      8.906     12.917    11.2555 0.0000e+00
      9.115      0.074     0.0435      0.408     57.641  41.799578     1.1870      6.747    65.8878 1.2368e-01     9.4417      8.938     12.964    11.2551 0.0000e+00
      9.141      0.072     0.0473      0.399     57.634  41.794440     1.1785      6.747    66.2087 1.2366e-01     9.5511      8.972     13.012    11.2555 0.0000e+00
      9.156      0.073     0.0474      0.390     57.635  41.795102     1.1758      6.746    65.8312 1.2363e-01     9.6196      8.980     13.025    11.2552 0.0000e+00
      9.166      0.075     0.0444      0.394     57.654  41.807587     1.1797      6.746    64.6783 1.2364e-01     9.6553      8.984     13.031    11.2549 0.0000e+00
      9.183      0.079     0.0452      0.396     57.759  41.881953     1.1932      6.746    63.5412 1.2366e-01     9.7773      9.004     13.059    11.2559 0.0000e+00
      9.204      0.086     0.0440      0.388     58.270  42.250227     1.2138      6.746    63.5253 1.2368e-01     9.9676      9.026     13.091    11.2562 0.0000e+00
      9.228      0.092     0.0417      0.393     58.906  42.708035     1.2365      6.746    63.9697 1.2373e-01    10.0776      9.047     13.122    11.2553 0.0000e+00
      9.256      0.092     0.0434      0.418     58.844  42.659694     1.2519      6.745    64.2686 1.2378e-01    10.1174      9.074     13.161    11.2546 0.0000e+00
      9.287      0.084     0.0443      0.435     58.438  42.363555     1.2494      6.744    63.5247 1.2379e-01    10.1405      9.109     13.212    11.2536 0.0000e+00
      9.315      0.071     0.0422      0.428     58.261  42.235745     1.2405      6.744    61.7729 1.2376e-01    10.1180      9.140     13.257    11.2520 0.0000e+00
      9.331      0.055     0.0413      0.410     58.287  42.256175     1.2271      6.744    61.1556 1.2377e-01    10.0509      9.154     13.276    11.2488 0.0000e+00
      9.337      0.039     0.0467      0.400     58.947  42.737443     1.2209      6.744    61.8259 1.2381e-01    10.0120      9.157     13.281    11.2445 0.0000e+00
      9.339      0.029     0.0490      0.405     60.592  43.931390     1.2400      6.744    62.6496 1.2374e-01     9.8861      9.158     13.282    11.2424 0.0000e+00
      9.340      0.028     0.0471      0.409     62.006  44.956017     1.2589      6.745    61.9960 1.2364e-01     9.5883      9.160     13.284    11.2439 0.0000e+00
      9.343      0.035     0.0451      0.404     63.698  46.181171     1.2581      6.745    60.0318 1.2362e-01     9.3832      9.160     13.286    11.2461 0.0000e+00
      9.351      0.045     0.0424      0.399     78.138  56.651019     1.2466      6.744    59.5489 1.2366e-01     9.3522      9.167     13.296    11.2478 0.0000e+00
      9.367      0.053     0.0447      0.393    137.176  99.486130     1.2192      6.742    60.0299 1.2371e-01     9.4187      9.183     13.319    11.2490 0.0000e+00
      9.389      0.058     0.0456      0.401    235.813 171.144441     1.1853      6.741    59.8254 1.2368e-01     9.5386      9.207     13.354    11.2498 0.0000e+00
      9.409      0.059     0.0436      0.418    303.584 220.583485     1.1696      6.740    59.5706 1.2368e-01     9.5717      9.230     13.387    11.2474 0.0000e+00
