Data/DataNotYetUploadedToEDI/Raw_CTD/RawDownloads/080822_bvr50_S7809001.cnv
* Sea-Bird SBE19plus  Data File:
* FileName = C:\R\Reservoirs\Data\DataNotYetUploadedToEDI\Raw_CTD\RawDownloads\080822_bvr50_S7809_0001.hex
* Software version 2.8.0.119
* Temperature SN = 7809
* Conductivity SN = 7809
* System UpLoad Time = Aug 10 2022 09:55:00
* <ApplicationData>
* <Seaterm232>
# nquan = 15
# nvalues = 1217                        
# units = specified
# name 0 = depFM: Depth [fresh water, m]
# name 1 = dz/dtM: Descent Rate [m/s]
# name 2 = sbeox0Mg/L: Oxygen, SBE 43 [mg/l]
# name 3 = sbeox0PS: Oxygen, SBE 43 [% saturation]
# name 4 = specc: Specific Conductance [uS/cm]
# name 5 = c0uS/cm: Conductivity [uS/cm]
# name 6 = flECO-AFL: Fluorescence, WET Labs ECO-AFL/FL [mg/m^3]
# name 7 = ph: pH
# name 8 = orp: Oxidation Reduction Potential [mV]
# name 9 = par/sat/log: PAR/Logarithmic, Satlantic
# name 10 = turbWETntu0: Turbidity, WET Labs ECO [NTU]
# name 11 = prdM: Pressure, Strain Gauge [db]
# name 12 = prdE: Pressure, Strain Gauge [psi]
# name 13 = tv290C: Temperature [ITS-90, deg C]
# name 14 = flag:  0.000e+00
# span 0 =     -0.689,      7.523       
# span 1 =     -0.383,      0.198       
# span 2 =     0.0355,     7.1483       
# span 3 =      0.359,     89.459       
# span 4 =      8.049,    174.163       
# span 5 =   8.171056, 122.109570       
# span 6 =    -2.1267,    90.7464       
# span 7 =      4.846,      8.082       
# span 8 =  -119.8786,   190.4511       
# span 9 = 1.2352e-01, 2.0099e+03       
# span 10 =    -8.5559,     9.8739      
# span 11 =     -0.676,      7.378      
# span 12 =     -0.980,     10.701      
# span 13 =     9.9001,    28.2894      
# span 14 = 0.0000e+00, 0.0000e+00      
# interval = seconds: 0.25
# start_time = Aug 08 2022 07:22:36 [Instrument's time stamp, header]
# bad_flag = -9.990e-29
*END*
[from data line 482]
      2.913      0.023     0.1741      1.024     32.601  27.517594    14.2719      7.465   188.3247 1.1869e+01     5.2636      2.857      4.143    17.3113 0.0000e+00
      2.918      0.012     0.1514      0.899     31.886  27.028316    13.9243      7.458   188.2546 1.1794e+01     5.2015      2.863      4.152    17.2131 0.0000e+00
      2.920      0.002     0.1317      0.877     31.402  26.739122    13.7295      7.457   188.1208 1.1809e+01     5.1819      2.865      4.154    17.1240 0.0000e+00
      2.917     -0.003     0.1146      0.996     31.357  26.810040    13.6818      7.459   187.9973 1.1897e+01     5.1627      2.862      4.150    17.0625 0.0000e+00
      2.910     -0.001     0.0977      1.226     31.854  27.315464    13.4972      7.462   188.0518 1.2002e+01     5.1411      2.855      4.140    17.1626 0.0000e+00
      2.903      0.008     0.0830      1.596     32.979  28.286543    13.1946      7.463   188.3490 1.2060e+01     5.0566      2.845      4.127    17.3901 0.0000e+00
      2.902      0.022     0.0776      2.151     34.644  29.613681    13.0361      7.461   188.5796 1.1963e+01     4.9615      2.842      4.121    17.5773 0.0000e+00
      2.911      0.036     0.0921      2.789     36.391  30.937070    13.0375      7.457   188.6894 1.1680e+01     4.9131      2.851      4.134    17.7558 0.0000e+00
      2.928      0.048     0.1125      3.341     37.632  31.798635    13.2781      7.452   188.8159 1.1305e+01     4.9501      2.870      4.163    17.9117 0.0000e+00
      2.948      0.056     0.1427      3.683     38.238  32.105928    13.7311      7.445   188.9052 1.0959e+01     5.1012      2.893      4.196    17.9519 0.0000e+00
      2.967      0.056     0.2015      3.728     38.456  32.116301    13.9709      7.439   188.9084 1.0685e+01     5.1682      2.911      4.222    17.7766 0.0000e+00
      2.982      0.051     0.2704      3.471     38.647  32.177434    13.9790      7.435   188.8553 1.0461e+01     5.1462      2.926      4.244    17.5062 0.0000e+00
      2.993      0.045     0.3280      3.011     39.113  32.527942    13.8885      7.432   188.8644 1.0297e+01     5.2449      2.936      4.259    17.2659 0.0000e+00
      3.000      0.040     0.3667      2.450     39.854  33.120751    13.7169      7.428   189.0179 1.0191e+01     5.4045      2.942      4.268    16.9630 0.0000e+00
      3.006      0.038     0.3740      1.867     40.770  33.828953    13.6349      7.426   189.2491 1.0072e+01     5.4708      2.947      4.274    16.7117 0.0000e+00
      3.014      0.039     0.3447      1.352     41.679  34.496564    13.6469      7.424   189.5092 9.9018e+00     5.4325      2.954      4.285    16.5968 0.0000e+00
      3.025      0.043     0.2965      0.951     42.459  35.042218    13.6870      7.421   189.8401 9.7202e+00     5.4194      2.967      4.303    16.5719 0.0000e+00
      3.038      0.047     0.2405      0.672     43.111  35.480392    13.7534      7.418   190.2382 9.5381e+00     5.4833      2.979      4.320    16.5684 0.0000e+00
      3.051      0.049     0.1791      0.508     43.616  35.799509    13.7914      7.415   190.4511 9.3368e+00     5.5551      2.992      4.340    16.5017 0.0000e+00
      3.065      0.049     0.1283      0.428     44.096  36.110404    13.8063      7.416   190.3491 9.1157e+00     5.6390      3.006      4.359    16.3841 0.0000e+00
      3.079      0.051     0.0893      0.404     44.664  36.512543    13.8337      7.421   190.0374 8.9312e+00     5.6779      3.020      4.380    16.2613 0.0000e+00
      3.089      0.054     0.0617      0.424     45.155  36.856817    13.9980      7.424   189.6931 8.8170e+00     5.6834      3.031      4.396    16.1463 0.0000e+00
      3.099      0.058     0.0477      0.454     45.312  36.911933    14.3035      7.424   189.5421 8.6928e+00     5.7744      3.037      4.405    16.0294 0.0000e+00
      3.113      0.060     0.0404      0.459     45.177  36.734952    14.4807      7.419   189.5886 8.4685e+00     5.8897      3.051      4.425    15.9318 0.0000e+00
      3.133      0.058     0.0385      0.467     45.058  36.619341    14.5589      7.410   189.6531 8.1786e+00     5.9508      3.073      4.457    15.8669 0.0000e+00
      3.155      0.053     0.0411      0.498     45.088  36.655545    15.2979      7.401   189.5475 7.9276e+00     6.2052      3.096      4.489    15.8195 0.0000e+00
      3.173      0.043     0.0476      0.533     45.111  36.665384    16.6579      7.393   189.4310 7.7693e+00     6.6767      3.115      4.517    15.7311 0.0000e+00
      3.183      0.031     0.0451      0.568     45.011  36.548054    17.4032      7.387   189.5341 7.7293e+00     6.9715      3.126      4.534    15.6246 0.0000e+00
      3.185      0.020     0.0451      0.593     44.841  36.378328    17.4843      7.381   189.5890 7.7669e+00     7.0717      3.125      4.532    15.6160 0.0000e+00
      3.182      0.012     0.0500      0.614     44.620  36.198564    17.5973      7.374   189.4926 7.7858e+00     7.0005      3.119      4.525    15.6616 0.0000e+00
      3.181      0.010     0.0524      0.633     44.436  36.086715    17.7868      7.369   189.5740 7.7712e+00     6.7586      3.118      4.523    15.6487 0.0000e+00
      3.182      0.012     0.0575      0.649     44.617  36.294288    17.8780      7.363   189.7121 7.7357e+00     6.6067      3.119      4.524    15.5918 0.0000e+00
      3.186      0.017     0.0590      0.657     45.262  36.869372    17.9089      7.356   189.6145 7.6432e+00     6.5987      3.122      4.528    15.5464 0.0000e+00
      3.194      0.021     0.0615      0.661     45.990  37.459537    18.2350      7.351   189.4270 7.5076e+00     6.7297      3.132      4.541    15.5425 0.0000e+00
      3.203      0.025     0.0628      0.680     46.570  37.849287    18.8171      7.347   189.2506 7.4131e+00     6.9609      3.143      4.558    15.5910 0.0000e+00
      3.209      0.029     0.0648      0.701     47.129  38.157147    19.1375      7.344   189.1161 7.3558e+00     7.0716      3.147      4.565    15.6715 0.0000e+00
      3.214      0.032     0.0661      0.716     47.777  38.518043    19.2374      7.342   189.0923 7.2663e+00     7.0780      3.151      4.570    15.7464 0.0000e+00
      3.220      0.036     0.0642      0.714     48.622  39.041628    20.0994      7.342   189.2213 7.1363e+00     7.5510      3.157      4.578    15.7564 0.0000e+00
      3.230      0.041     0.0678      0.696     49.600  39.667489    21.6949      7.340   189.3850 6.9769e+00     8.4860      3.167      4.593    15.6613 0.0000e+00
      3.241      0.046     0.0702      0.687     50.291  40.059838    22.5645      7.335   189.4371 6.7834e+00     8.9898      3.178      4.610    15.4826 0.0000e+00
      3.256      0.048     0.0719      0.674     50.441  40.043246    22.6396      7.330   189.5928 6.5393e+00     8.9958      3.191      4.629    15.2989 0.0000e+00
      3.272      0.046     0.0735      0.650     50.394  39.910689    22.6538      7.326   189.7183 6.2938e+00     8.9348      3.209      4.654    15.1490 0.0000e+00
      3.286      0.041     0.0686      0.637     50.552  39.979202    22.7191      7.321   189.2343 6.1293e+00     8.9013      3.225      4.677    14.9899 0.0000e+00
      3.296      0.035     0.0700      0.618     50.756  40.110469    22.8376      7.316   188.1281 6.0344e+00     8.9658      3.235      4.691    14.8156 0.0000e+00
      3.301      0.029     0.0696      0.583     50.836  40.165858    22.9052      7.312   187.0125 5.9672e+00     9.0658      3.238      4.696    14.6727 0.0000e+00
      3.305      0.023     0.0646      0.560     50.871  40.204905    22.8703      7.308   186.0706 5.9023e+00     9.0514      3.241      4.700    14.5809 0.0000e+00
      3.310      0.021     0.0652      0.553     50.917  40.265465    22.2994      7.305   185.3434 5.8282e+00     9.0649      3.247      4.709    14.5316 0.0000e+00
      3.315      0.021     0.0642      0.544     51.057  40.390708    21.2380      7.302   184.5877 5.7595e+00     9.2632      3.252      4.716    14.5028 0.0000e+00
      3.320      0.023     0.0587      0.541     51.233  40.514112    20.6653      7.300   182.6980 5.6808e+00     9.4345      3.254      4.721    14.4951 0.0000e+00
      3.325      0.026     0.0559      0.543     51.314  40.552395    20.5855      7.297   179.7890 5.5563e+00     9.4621      3.260      4.728    14.5084 0.0000e+00
      3.333      0.029     0.0574      0.547     51.224  40.472986    20.1903      7.294   176.6891 5.4094e+00     9.4599      3.269      4.741    14.5363 0.0000e+00
      3.341      0.031     0.0545      0.552     51.009  40.315091    19.4906      7.291   173.9544 5.2789e+00     9.5100      3.276      4.752    14.5689 0.0000e+00
      3.350      0.031     0.0552      0.550     50.854  40.228995    19.1253      7.289   172.2784 5.1435e+00     9.5902      3.285      4.765    14.5392 0.0000e+00
      3.359      0.030     0.0555      0.550     50.905  40.320023    19.1443      7.284   171.3946 4.9852e+00     9.6774      3.295      4.778    14.4991 0.0000e+00
      3.367      0.029     0.0554      0.555     51.136  40.527794    19.5869      7.279   170.7542 4.8209e+00     9.7785      3.302      4.789    14.5000 0.0000e+00
      3.375      0.026     0.0572      0.565     51.408  40.711502    20.3813      7.276   170.2138 4.6646e+00     9.8562      3.310      4.800    14.5030 0.0000e+00
      3.382      0.023     0.0554      0.570     51.727  40.892057    20.8017      7.274   169.6784 4.5401e+00     9.8659      3.316      4.810    14.5416 0.0000e+00
      3.387      0.021     0.0561      0.563     52.183  41.188500    20.8160      7.270   169.0989 4.4616e+00     9.8617      3.321      4.817    14.6088 0.0000e+00
      3.391      0.019     0.0560      0.564     52.792  41.631655    20.5215      7.268   168.3705 4.3926e+00     9.8739      3.325      4.822    14.6482 0.0000e+00
      3.394      0.018     0.0574      0.573     53.467  42.127190    19.9453      7.266   167.3240 4.2886e+00     9.8432      3.328      4.827    14.6090 0.0000e+00
      3.399      0.018     0.0594      0.580     54.166  42.612840    19.6329      7.265   165.6520 4.1608e+00     9.7978      3.333      4.834    14.5183 0.0000e+00
      3.404      0.019     0.0563      0.584     54.938  43.126632    19.6409      7.263   163.2116 4.0444e+00     9.8023      3.339      4.842    14.4483 0.0000e+00
      3.409      0.021     0.0575      0.575     55.745  43.645116    19.9099      7.262   160.2733 3.9378e+00     9.8293      3.343      4.848    14.4265 0.0000e+00
      3.414      0.023     0.0589      0.577     56.515  44.123907    20.3964      7.263   157.1417 3.8121e+00     9.8514      3.347      4.854    14.4068 0.0000e+00
      3.419      0.026     0.0588      0.588     57.267  44.601720    20.6529      7.264   154.0842 3.6485e+00     9.8649      3.352      4.862    14.3394 0.0000e+00
      3.426      0.030     0.0613      0.584     58.034  45.108280    20.6648      7.264   151.2692 3.4459e+00     9.8560      3.359      4.872    14.2562 0.0000e+00
      3.434      0.034     0.0580      0.573     58.705  45.553905    20.5654      7.262   148.7448 3.2229e+00     9.8457      3.368      4.885    14.1482 0.0000e+00
      3.444      0.035     0.0587      0.558     59.107  45.802439    19.3431      7.260   146.6198 2.9899e+00     9.6381      3.376      4.897    14.0275 0.0000e+00
      3.455      0.035     0.0621      0.541     59.206  45.829247    17.0977      7.257   144.8490 2.7710e+00     9.2244      3.387      4.913    13.9325 0.0000e+00
      3.465      0.032     0.0599      0.541     59.231  45.814533    15.8639      7.254   143.2515 2.6137e+00     9.0112      3.399      4.932    13.8571 0.0000e+00
      3.475      0.028     0.0597      0.550     59.424  45.941720    15.6361      7.253   141.5010 2.5219e+00     8.9734      3.409      4.945    13.7932 0.0000e+00
      3.481      0.025     0.0582      0.544     59.731  46.161584    14.3766      7.252   139.4293 2.4838e+00     8.8696      3.415      4.953    13.7379 0.0000e+00
      3.484      0.023     0.0552      0.533     60.122  46.442627    12.0968      7.251   137.1319 2.4661e+00     8.7476      3.417      4.956    13.6958 0.0000e+00
      3.487      0.023     0.0557      0.524     60.703  46.865364    10.8595      7.251   134.5441 2.4177e+00     8.6928      3.418      4.958    13.6672 0.0000e+00
      3.492      0.025     0.0584      0.514     61.266  47.275654    10.6954      7.250   131.8009 2.3494e+00     8.7200      3.424      4.966    13.6511 0.0000e+00
      3.499      0.028     0.0566      0.510     61.529  47.469599    10.0284      7.249   129.3454 2.2863e+00     8.7003      3.431      4.976    13.6400 0.0000e+00
      3.508      0.031     0.0549      0.509     61.555  47.497204     8.8047      7.246   127.1404 2.2086e+00     8.5575      3.439      4.988    13.6218 0.0000e+00
      3.518      0.032     0.0550      0.504     61.522  47.482530     8.1181      7.243   124.6712 2.1173e+00     8.4621      3.451      5.004    13.5990 0.0000e+00
      3.528      0.031     0.0526      0.505     61.600  47.545993     8.0610      7.240   121.9466 2.0360e+00     8.4700      3.461      5.019    13.5743 0.0000e+00
      3.536      0.029     0.0532      0.515     61.885  47.756936     8.1471      7.237   119.3211 1.9625e+00     8.3790      3.469      5.031    13.5644 0.0000e+00
      3.543      0.026     0.0532      0.525     62.321  48.066052     8.2851      7.235   116.9316 1.9044e+00     8.1469      3.474      5.039    13.5780 0.0000e+00
      3.548      0.022     0.0521      0.529     62.860  48.428158     8.3478      7.235   114.6505 1.8613e+00     7.9867      3.480      5.047    13.5900 0.0000e+00
      3.553      0.020     0.0519      0.537     63.483  48.835567     8.3304      7.234   112.2178 1.8236e+00     7.9794      3.485      5.055    13.5915 0.0000e+00
      3.557      0.019     0.0536      0.545     64.040  49.184711     8.1663      7.231   109.8021 1.7978e+00     8.0934      3.489      5.060    13.5877 0.0000e+00
      3.561      0.019     0.0555      0.554     64.431  49.413362     7.8871      7.229   107.6407 1.7701e+00     8.2370      3.491      5.064    13.5688 0.0000e+00
      3.566      0.019     0.0544      0.559     64.873  49.696440     7.7509      7.229   105.3578 1.7372e+00     8.2812      3.496      5.071    13.5226 0.0000e+00
      3.572      0.020     0.0563      0.549     65.494  50.132509     7.7425      7.228   102.6775 1.7069e+00     8.2532      3.505      5.084    13.4621 0.0000e+00
      3.577      0.022     0.0568      0.544     66.178  50.624507     7.7369      7.226    99.9259 1.6706e+00     8.2047      3.509      5.090    13.3969 0.0000e+00
      3.582      0.023     0.0576      0.545     66.803  51.076072     7.8239      7.225    97.2117 1.6344e+00     8.1731      3.512      5.094    13.3370 0.0000e+00
      3.588      0.025     0.0598      0.540     67.265  51.403945     8.0039      7.223    94.5538 1.6071e+00     8.2127      3.518      5.102    13.2958 0.0000e+00
      3.594      0.027     0.0569      0.519     67.561  51.606079     8.0994      7.222    92.3111 1.5808e+00     8.2728      3.524      5.111    13.2678 0.0000e+00
      3.602      0.029     0.0566      0.501     67.853  51.806556     8.0540      7.222    90.4007 1.5450e+00     8.2514      3.532      5.123    13.2444 0.0000e+00
      3.610      0.031     0.0574      0.507     68.287  52.114369     7.5224      7.221    88.4903 1.5002e+00     8.0221      3.540      5.134    13.2250 0.0000e+00
      3.619      0.032     0.0574      0.525     68.875  52.535373     6.5656      7.219    86.5938 1.4554e+00     7.6521      3.549      5.147    13.2073 0.0000e+00
      3.627      0.032     0.0547      0.545     69.562  53.025476     6.0571      7.219    84.6775 1.4121e+00     7.4671      3.557      5.159    13.1886 0.0000e+00
      3.636      0.031     0.0508      0.550     70.281  53.534002     6.0341      7.218    82.7009 1.3659e+00     7.4937      3.566      5.172    13.1727 0.0000e+00
