Data/DataNotYetUploadedToEDI/Raw_CTD/RawDownloads/080822_fcr50_S7809003.cnv
* Sea-Bird SBE19plus  Data File:
* FileName = C:\R\Reservoirs\Data\DataNotYetUploadedToEDI\Raw_CTD\RawDownloads\080822_bvr50_S7809_0003.hex
* Software version 2.8.0.119
* Temperature SN = 7809
* Conductivity SN = 7809
* System UpLoad Time = Aug 10 2022 09:56:50
* <ApplicationData>
* <Seaterm232>
# nquan = 15
# nvalues = 1843                        
# units = specified
# name 0 = depFM: Depth [fresh water, m]
# name 1 = dz/dtM: Descent Rate [m/s]
# name 2 = sbeox0Mg/L: Oxygen, SBE 43 [mg/l]
# name 3 = sbeox0PS: Oxygen, SBE 43 [% saturation]
# name 4 = specc: Specific Conductance [uS/cm]
# name 5 = c0uS/cm: Conductivity [uS/cm]
# name 6 = flECO-AFL: Fluorescence, WET Labs ECO-AFL/FL [mg/m^3]
# name 7 = ph: pH
# name 8 = orp: Oxidation Reduction Potential [mV]
# name 9 = par/sat/log: PAR/Logarithmic, Satlantic
# name 10 = turbWETntu0: Turbidity, WET Labs ECO [NTU]
# name 11 = prdM: Pressure, Strain Gauge [db]
# name 12 = prdE: Pressure, Strain Gauge [psi]
# name 13 = tv290C: Temperature [ITS-90, deg C]
# name 14 = flag:  0.000e+00
# span 0 =     -0.612,      9.572       
# span 1 =     -0.603,      0.254       
# span 2 =    -0.0350,     7.8829       
# span 3 =     -0.307,     91.561       
# span 4 =      2.080,    456.348       
# span 5 =   1.812945, 336.236782       
# span 6 =    -0.8863,    35.0542       
# span 7 =      6.716,      7.695       
# span 8 =     3.2020,   217.1666       
# span 9 = 1.2349e-01, 2.6807e+03       
# span 10 =    -2.7176,   371.2919      
# span 11 =     -0.602,      9.387      
# span 12 =     -0.873,     13.615      
# span 13 =    11.2424,    27.4313      
# span 14 = 0.0000e+00, 0.0000e+00      
# interval = seconds: 0.25
# start_time = Aug 08 2022 09:35:28 [Instrument's time stamp, header]
# bad_flag = -9.990e-29
*END*
[from data line 675]
      2.140      0.031     2.4593     25.975     42.667  39.295395     7.6308      7.414   212.0403 7.4247e+01     2.5814      2.097      3.041    21.3569 0.0000e+00
      2.147      0.029     2.4020     25.763     42.756  39.317572     7.6352      7.411   212.3806 7.3848e+01     2.5627      2.105      3.054    21.2922 0.0000e+00
      2.156      0.028     2.3604     25.604     42.764  39.293696     7.6481      7.409   212.4982 7.3423e+01     2.5773      2.116      3.069    21.2565 0.0000e+00
      2.164      0.029     2.3301     25.552     42.717  39.260361     7.6617      7.408   212.3435 7.3183e+01     2.5528      2.122      3.078    21.1457 0.0000e+00
      2.169      0.030     2.3119     25.637     42.702  39.295062     7.6750      7.403   211.5429 7.2970e+01     2.4716      2.127      3.086    21.0267 0.0000e+00
      2.175      0.030     2.2974     25.823     42.706  39.332807     7.6844      7.398   210.7335 7.2611e+01     2.4498      2.133      3.094    20.9665 0.0000e+00
      2.184      0.029     2.2817     26.033     42.732  39.336254     7.6919      7.394   210.9889 7.2101e+01     2.5281      2.141      3.105    20.9216 0.0000e+00
      2.194      0.026     2.2763     26.206     42.806  39.336708     7.6744      7.391   211.6189 7.1542e+01     2.5986      2.151      3.120    20.9243 0.0000e+00
      2.203      0.023     2.2810     26.351     42.901  39.338198     7.6228      7.389   211.8983 7.1157e+01     2.5850      2.162      3.135    21.0139 0.0000e+00
      2.208      0.021     2.2978     26.495     43.009  39.354157     7.5837      7.390   211.0121 7.0947e+01     2.5336      2.167      3.142    21.0752 0.0000e+00
      2.210      0.021     2.3207     26.630     43.128  39.402704     7.5772      7.390   209.4218 7.0814e+01     2.4904      2.168      3.144    21.0418 0.0000e+00
      2.211      0.025     2.3389     26.713     43.255  39.481133     7.6105      7.390   209.1034 7.0672e+01     2.5067      2.169      3.145    20.9482 0.0000e+00
      2.213      0.031     2.3560     26.708     43.384  39.541314     7.6699      7.388   209.9150 7.0277e+01     2.5594      2.168      3.145    20.8413 0.0000e+00
      2.221      0.038     2.3738     26.603     43.512  39.559465     7.6964      7.387   210.9753 6.9533e+01     2.5477      2.175      3.153    20.7369 0.0000e+00
      2.238      0.046     2.3910     26.328     43.656  39.573616     7.6979      7.385   210.8245 6.8686e+01     2.5361      2.195      3.184    20.6578 0.0000e+00
      2.255      0.051     2.4015     25.793     43.800  39.585410     7.7707      7.382   209.2962 6.8149e+01     2.5892      2.214      3.213    20.6449 0.0000e+00
      2.268      0.052     2.4019     24.984     43.900  39.575058     7.9108      7.378   208.5859 6.7719e+01     2.6778      2.224      3.225    20.5911 0.0000e+00
      2.282      0.047     2.4016     23.932     43.977  39.575163     7.9940      7.375   209.1200 6.7056e+01     2.7538      2.237      3.245    20.4539 0.0000e+00
      2.297      0.041     2.3878     22.714     44.039  39.586587     8.0102      7.373   209.9033 6.6543e+01     2.7561      2.255      3.271    20.3223 0.0000e+00
      2.306      0.036     2.3448     21.451     44.086  39.586279     8.0816      7.371   209.8829 6.6406e+01     2.7059      2.263      3.283    20.1787 0.0000e+00
      2.310      0.033     2.2772     20.268     44.133  39.571381     8.2165      7.369   209.1319 6.6280e+01     2.6932      2.265      3.285    20.0523 0.0000e+00
      2.315      0.032     2.1819     19.277     44.154  39.533230     8.2932      7.369   208.8241 6.5933e+01     2.7386      2.269      3.291    19.9809 0.0000e+00
      2.323      0.034     2.0688     18.512     44.155  39.505460     8.3103      7.369   209.0862 6.5564e+01     2.7770      2.278      3.304    19.9399 0.0000e+00
      2.332      0.037     1.9516     17.924     44.138  39.489264     8.3149      7.367   209.2906 6.5267e+01     2.7811      2.287      3.317    19.9008 0.0000e+00
      2.342      0.041     1.8422     17.490     44.122  39.464254     8.2906      7.365   209.2305 6.4827e+01     2.7888      2.294      3.327    19.8307 0.0000e+00
      2.355      0.044     1.7530     17.231     44.157  39.456744     8.2578      7.364   209.6493 6.4262e+01     2.8008      2.310      3.350    19.7486 0.0000e+00
      2.369      0.047     1.6874     17.115     44.234  39.461840     8.2514      7.362   210.2243 6.3855e+01     2.7896      2.326      3.374    19.7119 0.0000e+00
      2.379      0.048     1.6342     17.081     44.333  39.462366     8.2717      7.360   209.8170 6.3613e+01     2.7902      2.333      3.384    19.7374 0.0000e+00
      2.389      0.047     1.5918     17.078     44.500  39.526401     8.4275      7.359   209.3707 6.3222e+01     2.7752      2.340      3.394    19.7305 0.0000e+00
      2.404      0.046     1.5722     17.059     44.731  39.665160     8.7116      7.357   209.6457 6.2736e+01     2.7438      2.357      3.419    19.6789 0.0000e+00
      2.418      0.045     1.5655     16.995     44.909  39.744686     8.8690      7.352   210.7333 6.2455e+01     2.7520      2.375      3.444    19.6173 0.0000e+00
      2.428      0.042     1.5673     16.902     44.985  39.726756     8.8911      7.349   212.1094 6.2129e+01     2.7721      2.381      3.453    19.4993 0.0000e+00
      2.438      0.037     1.5721     16.837     45.017  39.701953     8.9709      7.348   212.3455 6.1606e+01     2.7476      2.389      3.465    19.3913 0.0000e+00
      2.448      0.032     1.5731     16.834     45.035  39.698422     9.1091      7.347   212.1259 6.1165e+01     2.6263      2.404      3.485    19.3438 0.0000e+00
      2.456      0.029     1.5697     16.890     45.041  39.684041     9.1806      7.345   212.0354 6.0940e+01     2.5018      2.411      3.496    19.2541 0.0000e+00
      2.459      0.029     1.5622     16.990     45.054  39.654886     9.1860      7.344   212.2841 6.0879e+01     2.4713      2.411      3.497    19.1308 0.0000e+00
      2.464      0.030     1.5569     17.090     45.054  39.599560     9.1993      7.343   213.4121 6.0670e+01     2.5657      2.415      3.502    19.0745 0.0000e+00
      2.472      0.033     1.5572     17.137     45.035  39.522411     9.2329      7.342   214.2308 6.0262e+01     2.7552      2.423      3.514    19.0730 0.0000e+00
      2.482      0.037     1.5630     17.112     45.060  39.483094     9.2511      7.341   214.3528 5.9939e+01     2.8490      2.434      3.531    19.0597 0.0000e+00
      2.492      0.040     1.5752     16.971     45.150  39.504645     9.2537      7.337   214.1123 5.9586e+01     2.8120      2.443      3.543    19.0082 0.0000e+00
      2.504      0.040     1.5895     16.678     45.237  39.529211     9.3562      7.333   213.4747 5.9141e+01     2.7856      2.455      3.560    18.9432 0.0000e+00
      2.517      0.037     1.5949     16.244     45.275  39.526354     9.5491      7.332   213.2689 5.8736e+01     2.8031      2.469      3.582    18.8752 0.0000e+00
      2.528      0.033     1.5973     15.712     45.299  39.533479     9.6552      7.332   213.7748 5.8441e+01     2.8195      2.479      3.596    18.8040 0.0000e+00
      2.535      0.030     1.5880     15.180     45.332  39.551924     9.6647      7.332   214.3428 5.8353e+01     2.8127      2.488      3.607    18.7428 0.0000e+00
      2.539      0.030     1.5607     14.730     45.375  39.559091     9.6554      7.330   214.6306 5.8306e+01     2.7551      2.490      3.612    18.6817 0.0000e+00
      2.541      0.030     1.5224     14.384     45.425  39.556672     9.7100      7.327   214.5874 5.8097e+01     2.7044      2.490      3.611    18.6349 0.0000e+00
      2.549      0.030     1.4676     14.139     45.434  39.522617     9.8509      7.327   214.1641 5.7723e+01     2.7453      2.496      3.620    18.6298 0.0000e+00
      2.562      0.032     1.4151     13.961     45.401  39.464389     9.9432      7.326   213.8151 5.7371e+01     2.8060      2.514      3.646    18.6323 0.0000e+00
      2.573      0.036     1.3746     13.835     45.378  39.423412     9.9777      7.323   213.9811 5.7225e+01     2.7890      2.526      3.665    18.5951 0.0000e+00
      2.580      0.038     1.3425     13.763     45.381  39.407677    10.2837      7.319   214.2786 5.7120e+01     2.7449      2.528      3.667    18.5331 0.0000e+00
      2.587      0.036     1.3235     13.703     45.390  39.400972    10.8633      7.317   214.3140 5.6865e+01     2.7852      2.534      3.675    18.4837 0.0000e+00
      2.599      0.034     1.3080     13.625     45.325  39.342318    11.1928      7.315   213.6349 5.6490e+01     2.8327      2.548      3.696    18.4549 0.0000e+00
      2.611      0.035     1.2950     13.521     45.098  39.142458    11.2632      7.314   212.7788 5.6248e+01     2.8067      2.563      3.718    18.4338 0.0000e+00
      2.617      0.036     1.2921     13.389     44.840  38.887153    11.5730      7.312   212.8252 5.6169e+01     2.8116      2.568      3.724    18.4131 0.0000e+00
      2.621      0.036     1.2873     13.249     44.804  38.792281    12.1248      7.308   213.2486 5.5921e+01     2.8926      2.568      3.724    18.3926 0.0000e+00
      2.631      0.034     1.2801     13.105     44.915  38.819771    12.4339      7.303   213.5962 5.5453e+01     2.9659      2.578      3.739    18.3930 0.0000e+00
      2.646      0.031     1.2708     12.941     45.002  38.838911    12.4804      7.298   213.4140 5.5047e+01     2.9800      2.596      3.765    18.4066 0.0000e+00
      2.657      0.029     1.2575     12.746     45.049  38.833376    12.5869      7.295   212.5948 5.4873e+01     3.0295      2.607      3.781    18.3736 0.0000e+00
      2.662      0.025     1.2468     12.545     45.077  38.816209    12.7649      7.293   212.2094 5.4814e+01     3.1203      2.611      3.787    18.2877 0.0000e+00
      2.665      0.019     1.2359     12.384     45.121  38.821553    12.8511      7.290   212.1964 5.4723e+01     3.1553      2.614      3.791    18.2021 0.0000e+00
      2.668      0.014     1.2228     12.287     45.152  38.834530    12.8556      7.287   212.3519 5.4553e+01     3.1455      2.616      3.793    18.1444 0.0000e+00
      2.672      0.010     1.2044     12.261     45.171  38.846246    12.8103      7.285   212.7124 5.4352e+01     3.0697      2.620      3.800    18.0958 0.0000e+00
      2.675      0.009     1.1847     12.288     45.176  38.836373    12.7118      7.285   212.5965 5.4227e+01     2.9558      2.624      3.806    18.0487 0.0000e+00
      2.676      0.011     1.1698     12.334     45.139  38.778561    12.6635      7.286   212.0697 5.4163e+01     2.8963      2.624      3.806    18.0065 0.0000e+00
      2.677      0.016     1.1610     12.394     45.106  38.718004    12.6513      7.286   211.8499 5.4088e+01     2.8965      2.625      3.807    17.9929 0.0000e+00
      2.678      0.022     1.1584     12.470     45.104  38.674925    12.6134      7.284   212.0039 5.3961e+01     2.9245      2.627      3.809    18.0034 0.0000e+00
      2.682      0.029     1.1633     12.546     45.048  38.574754    12.4221      7.282   212.2105 5.3638e+01     2.9616      2.627      3.810    17.9849 0.0000e+00
      2.692      0.035     1.1684     12.602     44.979  38.458089    12.0944      7.279   212.6272 5.3066e+01     3.0371      2.637      3.825    17.9496 0.0000e+00
      2.708      0.040     1.1741     12.647     45.066  38.469248    11.9222      7.276   213.0846 5.2531e+01     3.1197      2.657      3.853    17.9187 0.0000e+00
      2.722      0.041     1.1838     12.745     45.199  38.519341    11.8958      7.273   213.0942 5.2121e+01     3.1407      2.671      3.873    17.8734 0.0000e+00
      2.733      0.039     1.1925     12.938     45.228  38.492891    11.8168      7.272   212.9162 5.1725e+01     3.1552      2.680      3.887    17.8113 0.0000e+00
      2.742      0.035     1.2003     13.182     45.248  38.466484    11.6996      7.271   212.8254 5.1448e+01     3.1922      2.691      3.903    17.7505 0.0000e+00
      2.749      0.031     1.2032     13.421     45.365  38.517102    11.6359      7.269   212.9420 5.1296e+01     3.1782      2.696      3.910    17.6793 0.0000e+00
      2.754      0.031     1.2118     13.596     45.606  38.660908    11.6129      7.268   213.7230 5.1107e+01     3.1567      2.699      3.915    17.5987 0.0000e+00
      2.760      0.033     1.2350     13.646     46.013  38.936738    11.4875      7.267   214.8699 5.0875e+01     3.3079      2.706      3.925    17.5456 0.0000e+00
      2.769      0.036     1.2605     13.537     46.542  39.315170    11.2607      7.265   215.2796 5.0606e+01     3.6396      2.713      3.936    17.5054 0.0000e+00
      2.779      0.039     1.2868     13.227     46.905  39.557905    11.1428      7.263   215.0634 5.0228e+01     3.8536      2.724      3.952    17.4522 0.0000e+00
      2.791      0.039     1.3083     12.678     47.008  39.588320    11.1184      7.262   215.0090 4.9800e+01     3.8459      2.737      3.970    17.3870 0.0000e+00
      2.804      0.038     1.3151     11.908     47.094  39.619419    10.9408      7.261   215.3965 4.9435e+01     3.8203      2.750      3.988    17.3045 0.0000e+00
      2.815      0.036     1.3086     10.985     47.211  39.680172    10.6352      7.258   216.1347 4.9281e+01     3.8518      2.764      4.008    17.2310 0.0000e+00
      2.822      0.033     1.2828     10.021     47.275  39.688591    10.4784      7.254   216.6204 4.9284e+01     3.8844      2.770      4.017    17.1641 0.0000e+00
      2.826      0.028     1.2302      9.121     47.355  39.721160    10.4678      7.252   216.7091 4.9188e+01     3.8729      2.769      4.016    17.0941 0.0000e+00
      2.833      0.024     1.1551      8.314     47.476  39.820208    10.3820      7.250   216.6051 4.8985e+01     3.8494      2.777      4.027    17.0597 0.0000e+00
      2.842      0.020     1.0621      7.592     47.581  39.934808    10.2145      7.247   216.4815 4.8769e+01     3.8401      2.789      4.045    17.0280 0.0000e+00
      2.848      0.018     0.9660      6.970     47.659  40.028586    10.1249      7.244   216.5913 4.8591e+01     3.8290      2.795      4.053    16.9671 0.0000e+00
      2.851      0.015     0.8795      6.511     47.702  40.066160    10.1220      7.242   216.7282 4.8563e+01     3.8513      2.796      4.055    16.9226 0.0000e+00
      2.854      0.011     0.8019      6.229     47.731  40.071985    10.1219      7.241   216.6741 4.8654e+01     3.8713      2.798      4.060    16.9196 0.0000e+00
      2.856      0.008     0.7321      6.092     47.858  40.162413    10.0979      7.239   216.5395 4.8668e+01     3.8990      2.800      4.062    16.9591 0.0000e+00
      2.856      0.008     0.6669      6.072     48.075  40.334962    10.0653      7.237   216.1331 4.8586e+01     3.9811      2.801      4.063    17.0056 0.0000e+00
      2.857      0.009     0.6228      6.127     48.225  40.445740    10.0606      7.237   215.6323 4.8568e+01     4.0450      2.802      4.064    17.0012 0.0000e+00
      2.859      0.010     0.5980      6.248     48.315  40.486980    10.0834      7.237   215.6463 4.8633e+01     4.0900      2.803      4.065    16.9681 0.0000e+00
      2.863      0.013     0.5844      6.439     48.551  40.643272    10.1575      7.238   216.0444 4.8610e+01     4.0138      2.806      4.070    16.9511 0.0000e+00
      2.868      0.016     0.5859      6.669     49.059  41.066846    10.2492      7.236   216.4878 4.8465e+01     3.7728      2.812      4.079    16.9504 0.0000e+00
      2.871      0.018     0.5905      6.884     49.421  41.422085    10.2758      7.233   216.1896 4.8350e+01     3.6006      2.816      4.084    16.9373 0.0000e+00
      2.874      0.020     0.6025      7.058     49.486  41.513345    10.2788      7.233   215.1058 4.8256e+01     3.5717      2.817      4.086    16.9022 0.0000e+00
      2.880      0.020     0.6225      7.178     49.892  41.853171    10.3526      7.232   214.5685 4.8023e+01     3.6962      2.822      4.095    16.8389 0.0000e+00
