Data/DataNotYetUploadedToEDI/Raw_CTD/RawDownloads/080923_ccr50_S8188001.cnv
* Sea-Bird SBE19plus  Data File:
* FileName = C:\R\Reservoirs\Data\DataNotYetUploadedToEDI\Raw_CTD\RawDownloads\080923_ccr50_S8188_0001.hex
* Software version 2.8.0.119
* Temperature SN = 8188
* Conductivity SN = 8188
* System UpLoad Time = Aug 10 2023 10:03:05
* <ApplicationData>
* <Seaterm232>
# nquan = 16
# nvalues = 1586                        
# units = specified
# name 0 = depFM: Depth [fresh water, m]
# name 1 = dz/dtM: Descent Rate [m/s]
# name 2 = sbeox0Mg/L: Oxygen, SBE 43 [mg/l]
# name 3 = sbeox0PS: Oxygen, SBE 43 [% saturation]
# name 4 = specc: Specific Conductance [uS/cm]
# name 5 = c0uS/cm: Conductivity [uS/cm]
# name 6 = wetCDOM: Fluorescence, WET Labs CDOM [mg/m^3]
# name 7 = flECO-AFL: Fluorescence, WET Labs ECO-AFL/FL [mg/m^3]
# name 8 = flECO-AFL1: Fluorescence, WET Labs ECO-AFL/FL, 2 [mg/m^3]
# name 9 = flECO-AFL2: Fluorescence, WET Labs ECO-AFL/FL, 3 [mg/m^3]
# name 10 = par/sat/log: PAR/Logarithmic, Satlantic
# name 11 = turbWETntu0: Turbidity, WET Labs ECO [NTU]
# name 12 = prdM: Pressure, Strain Gauge [db]
# name 13 = prdE: Pressure, Strain Gauge [psi]
# name 14 = tv290C: Temperature [ITS-90, deg C]
# name 15 = flag:  0.000e+00
# span 0 =     -0.494,     20.359       
# span 1 =     -0.391,      0.168       
# span 2 =     0.4504,     9.5186       
# span 3 =      4.214,    107.085       
# span 4 =   -672.740,    113.568       
# span 5 =-511.276973,  84.733048       
# span 6 =    -4.5000,     7.1100       
# span 7 =    -0.5885,     4.9314       
# span 8 =    -2.1300,     1.7466       
# span 9 =    -2.0304,     2.3688       
# span 10 = 1.1565e-01, 3.3558e+03      
# span 11 =    -1.3853,    88.7955      
# span 12 =     -0.484,     19.965      
# span 13 =     -0.702,     28.957      
# span 14 =    11.9332,    34.2576      
# span 15 = 0.0000e+00, 0.0000e+00      
# interval = seconds: 0.25
# start_time = Aug 09 2023 12:56:23 [Instrument's time stamp, header]
# bad_flag = -9.990e-29
*END*
[from data line 904]
     15.206      0.076     1.3525     12.744     86.192  64.874502     3.4200     0.3423     0.0426     0.0846 1.1590e-01     2.5526     14.912     21.628    12.6305 0.0000e+00
     15.225      0.076     1.3529     12.736     86.195  64.875791     3.4200     0.3461     0.0426     0.0846 1.1585e-01     2.4624     14.931     21.656    12.6305 0.0000e+00
     15.245      0.077     1.3534     12.724     86.191  64.872802     3.4200     0.3308     0.0426     0.0846 1.1592e-01     2.5225     14.950     21.683    12.6306 0.0000e+00
     15.265      0.078     1.3538     12.708     86.181  64.864739     3.4200     0.3537     0.0426     0.0846 1.1595e-01     2.4925     14.970     21.711    12.6307 0.0000e+00
     15.285      0.081     1.3536     12.688     86.172  64.857385     3.4200     0.3499     0.0852     0.0846 1.1595e-01     2.3722     14.989     21.740    12.6306 0.0000e+00
     15.305      0.084     1.3528     12.660     86.172  64.856712     3.4200     0.3232     0.0852     0.0846 1.1605e-01     2.4323     15.009     21.768    12.6303 0.0000e+00
     15.326      0.088     1.3515     12.620     86.177  64.858574     3.4200     0.3346     0.0852     0.0846 1.1585e-01     2.5225     15.029     21.798    12.6301 0.0000e+00
     15.349      0.091     1.3498     12.578     86.184  64.861484     3.4200     0.3308     0.0852     0.0846 1.1577e-01     2.5075     15.052     21.831    12.6299 0.0000e+00
     15.373      0.093     1.3478     12.548     86.190  64.864234     3.4200     0.2698     0.0852     0.0846 1.1585e-01     2.6277     15.076     21.866    12.6297 0.0000e+00
     15.399      0.094     1.3448     12.526     86.190  64.863592     3.4200     0.2545     0.0852     0.0846 1.1597e-01     2.7179     15.101     21.903    12.6292 0.0000e+00
     15.425      0.093     1.3405     12.503     86.190  64.863351     3.4200     0.2774     0.0852     0.0846 1.1590e-01     2.6127     15.126     21.939    12.6282 0.0000e+00
     15.449      0.092     1.3361     12.480     86.194  64.867416     3.4200     0.2698     0.0852     0.0846 1.1585e-01     2.6578     15.150     21.973    12.6268 0.0000e+00
     15.471      0.089     1.3329     12.457     86.198  64.870920     3.4200     0.2469     0.0852     0.0846 1.1577e-01     2.5225     15.172     22.005    12.6256 0.0000e+00
     15.492      0.087     1.3307     12.436     86.196  64.868846     3.4200     0.2698     0.0426     0.1692 1.1582e-01     2.5826     15.193     22.035    12.6250 0.0000e+00
     15.514      0.086     1.3282     12.428     86.189  64.862626     3.4200     0.2736     0.0426     0.1692 1.1595e-01     2.5376     15.214     22.066    12.6252 0.0000e+00
     15.536      0.085     1.3257     12.436     86.177  64.852583     3.4200     0.2927     0.0426     0.1692 1.1592e-01     2.4774     15.235     22.097    12.6257 0.0000e+00
     15.558      0.084     1.3232     12.447     86.166  64.843974     3.4200     0.2584     0.0426     0.1692 1.1577e-01     2.4323     15.257     22.128    12.6259 0.0000e+00
     15.579      0.083     1.3210     12.458     86.169  64.846404     3.4200     0.2812     0.0426     0.1269 1.1572e-01     2.5676     15.278     22.159    12.6255 0.0000e+00
     15.600      0.082     1.3202     12.474     86.183  64.856552     3.4200     0.2927     0.0426     0.1269 1.1585e-01     2.5526     15.298     22.189    12.6249 0.0000e+00
     15.621      0.080     1.3211     12.488     86.193  64.863242     3.4200     0.2698     0.0426     0.1269 1.1585e-01     2.5075     15.318     22.218    12.6244 0.0000e+00
     15.641      0.080     1.3223     12.494     86.192  64.862307     3.4200     0.3423     0.0426     0.1269 1.1580e-01     2.5826     15.338     22.246    12.6242 0.0000e+00
     15.661      0.079     1.3235     12.492     86.190  64.859447     3.4200     0.3499     0.0852     0.0846 1.1590e-01     2.4925     15.358     22.274    12.6241 0.0000e+00
     15.680      0.080     1.3252     12.482     86.192  64.859852     3.4200     0.3270     0.0852     0.0846 1.1592e-01     2.5977     15.377     22.303    12.6240 0.0000e+00
     15.700      0.082     1.3267     12.470     86.194  64.859661     3.4200     0.3346     0.0852     0.0846 1.1590e-01     2.4774     15.397     22.331    12.6238 0.0000e+00
     15.721      0.084     1.3273     12.463     86.191  64.854856     3.4200     0.3270     0.0852     0.0846 1.1590e-01     2.5075     15.417     22.361    12.6234 0.0000e+00
     15.743      0.087     1.3271     12.459     86.187  64.848123     3.4200     0.3423     0.0852     0.0846 1.1590e-01     2.4925     15.438     22.391    12.6228 0.0000e+00
     15.766      0.089     1.3260     12.452     86.188  64.845601     3.4200     0.3385     0.0852     0.1269 1.1587e-01     2.4474     15.461     22.424    12.6221 0.0000e+00
     15.789      0.090     1.3248     12.442     86.194  64.846616     3.4200     0.3156     0.0852     0.1269 1.1580e-01     2.4323     15.484     22.458    12.6211 0.0000e+00
     15.813      0.090     1.3241     12.428     86.198  64.847472     3.4200     0.3613     0.0852     0.1269 1.1582e-01     2.9133     15.508     22.492    12.6197 0.0000e+00
     15.837      0.090     1.3237     12.407     86.201  64.848398     3.4200     0.3575     0.0852     0.1269 1.1585e-01     2.9283     15.531     22.526    12.6178 0.0000e+00
     15.860      0.089     1.3230     12.376     86.198  64.845673     3.4200     0.3423     0.0852     0.1269 1.1600e-01     2.8832     15.553     22.558    12.6156 0.0000e+00
     15.881      0.088     1.3220     12.332     86.189  64.838571     3.4200     0.3537     0.0852     0.1269 1.1590e-01     2.9734     15.575     22.589    12.6136 0.0000e+00
     15.903      0.087     1.3206     12.275     86.183  64.833131     3.4200     0.3385     0.0852     0.1269 1.1580e-01     2.9584     15.596     22.619    12.6122 0.0000e+00
     15.924      0.087     1.3184     12.207     86.178  64.827903     3.4200     0.3308     0.0852     0.1269 1.1595e-01     3.0035     15.617     22.650    12.6115 0.0000e+00
     15.946      0.088     1.3152     12.128     86.172  64.821493     3.4200     0.3194     0.0852     0.1692 1.1580e-01     2.8532     15.638     22.681    12.6113 0.0000e+00
     15.969      0.089     1.3105     12.034     86.173  64.820124     3.4200     0.3575     0.0852     0.1692 1.1585e-01     2.9584     15.660     22.713    12.6112 0.0000e+00
     15.992      0.090     1.3044     11.924     86.185  64.827399     3.4200     0.3308     0.0852     0.1692 1.1585e-01     2.9885     15.683     22.746    12.6108 0.0000e+00
     16.016      0.090     1.2973     11.801     86.206  64.841291     3.4200     0.3270     0.0852     0.1692 1.1597e-01     2.8832     15.706     22.779    12.6100 0.0000e+00
     16.039      0.090     1.2889     11.667     86.222  64.851618     3.5100     0.3499     0.0852     0.0846 1.1572e-01     2.9584     15.729     22.813    12.6090 0.0000e+00
     16.062      0.091     1.2789     11.528     86.229  64.855187     3.5100     0.3194     0.0852     0.0846 1.1595e-01     2.9283     15.751     22.845    12.6077 0.0000e+00
     16.085      0.091     1.2673     11.388     86.236  64.858897     3.5100     0.3232     0.0852     0.0846 1.1602e-01     3.4694     15.774     22.878    12.6064 0.0000e+00
     16.108      0.091     1.2542     11.249     86.241  64.861756     3.5100     0.3308     0.0852     0.0846 1.1587e-01     3.3642     15.796     22.910    12.6052 0.0000e+00
     16.131      0.092     1.2400     11.112     86.246  64.864525     3.5100     0.3499     0.0852     0.0846 1.1575e-01     3.3642     15.819     22.943    12.6042 0.0000e+00
     16.154      0.092     1.2252     10.982     86.255  64.869925     3.5100     0.3499     0.0426     0.0846 1.1567e-01     3.3943     15.842     22.976    12.6033 0.0000e+00
     16.178      0.093     1.2104     10.859     86.261  64.873448     3.5100     0.3385     0.0426     0.0846 1.1602e-01     3.7700     15.865     23.010    12.6026 0.0000e+00
     16.202      0.092     1.1956     10.741     86.263  64.874048     3.5100     0.3156     0.0426     0.0846 1.1580e-01     3.8903     15.889     23.045    12.6020 0.0000e+00
     16.226      0.091     1.1811     10.633     86.264  64.873869     3.5100     0.3423     0.0426     0.0846 1.1600e-01     3.8452     15.913     23.079    12.6013 0.0000e+00
     16.250      0.090     1.1673     10.535     86.263  64.872864     3.5100     0.3156     0.0852     0.0846 1.1600e-01     3.8752     15.936     23.113    12.6006 0.0000e+00
     16.273      0.088     1.1542     10.445     86.261  64.870764     3.5100     0.3346     0.0852     0.0846 1.1597e-01     3.8151     15.958     23.145    12.6000 0.0000e+00
     16.294      0.085     1.1417     10.366     86.256  64.867009     3.5100     0.3385     0.0852     0.0846 1.1590e-01     3.7550     15.979     23.176    12.5994 0.0000e+00
     16.315      0.083     1.1302     10.299     86.248  64.860599     3.5100     0.3690     0.0852     0.0846 1.1585e-01     3.9203     16.000     23.206    12.5989 0.0000e+00
     16.336      0.082     1.1198     10.236     86.240  64.853789     3.5100     0.3575     0.0426     0.1269 1.1590e-01     3.8903     16.020     23.235    12.5986 0.0000e+00
     16.356      0.081     1.1102     10.175     86.235  64.848732     3.5100     0.3346     0.0426     0.1269 1.1605e-01     3.5596     16.040     23.264    12.5985 0.0000e+00
     16.377      0.081     1.1019     10.119     86.231  64.844079     3.5100     0.3575     0.0426     0.1269 1.1597e-01     3.6498     16.060     23.293    12.5985 0.0000e+00
     16.397      0.081     1.0948     10.068     86.237  64.846522     3.5100     0.3270     0.0426     0.1269 1.1590e-01     3.6197     16.080     23.323    12.5984 0.0000e+00
     16.418      0.082     1.0881     10.024     86.255  64.858696     3.5100     0.3499     0.0852     0.1269 1.1597e-01     3.6348     16.101     23.352    12.5979 0.0000e+00
     16.439      0.082     1.0816      9.991     86.272  64.869964     3.5100     0.3232     0.0852     0.1269 1.1585e-01     3.9203     16.121     23.382    12.5972 0.0000e+00
     16.460      0.082     1.0757      9.973     86.280  64.875396     3.5100     0.3270     0.0852     0.1269 1.1590e-01     3.8903     16.142     23.412    12.5962 0.0000e+00
     16.481      0.082     1.0703      9.972     86.282  64.876440     3.5100     0.3385     0.0852     0.1269 1.1592e-01     3.8151     16.163     23.442    12.5951 0.0000e+00
     16.502      0.083     1.0656      9.985     86.285  64.879327     3.5100     0.3423     0.0852     0.1269 1.1585e-01     3.8903     16.183     23.472    12.5941 0.0000e+00
     16.523      0.084     1.0621     10.009     86.299  64.890775     3.5100     0.3575     0.0852     0.0846 1.1580e-01     4.1157     16.204     23.502    12.5933 0.0000e+00
     16.544      0.087     1.0602     10.042     86.325  64.909871     3.5100     0.3346     0.0852     0.0846 1.1600e-01     4.1307     16.224     23.532    12.5928 0.0000e+00
     16.566      0.090     1.0601     10.075     86.356  64.931789     3.5100     0.3423     0.0852     0.0846 1.1595e-01     4.1307     16.245     23.562    12.5927 0.0000e+00
     16.588      0.094     1.0614     10.097     86.384  64.950475     3.5100     0.3575     0.0852     0.0846 1.1590e-01     4.1007     16.268     23.594    12.5929 0.0000e+00
     16.613      0.097     1.0640     10.105     86.407  64.964960     3.6000     0.3308     0.0426     0.1692 1.1590e-01     4.8221     16.292     23.629    12.5932 0.0000e+00
     16.639      0.100     1.0676     10.102     86.425  64.975139     3.6000     0.3003     0.0426     0.1692 1.1580e-01     4.7921     16.318     23.667    12.5932 0.0000e+00
     16.667      0.102     1.0711     10.093     86.434  64.979761     3.6000     0.3385     0.0426     0.1692 1.1590e-01     4.7921     16.345     23.705    12.5923 0.0000e+00
     16.694      0.102     1.0734     10.079     86.442  64.984024     3.6000     0.3499     0.0426     0.1692 1.1585e-01     4.8522     16.371     23.744    12.5909 0.0000e+00
     16.720      0.101     1.0743     10.052     86.456  64.993033     3.6000     0.3156     0.0852     0.1692 1.1580e-01     5.0175     16.397     23.781    12.5892 0.0000e+00
     16.745      0.098     1.0740     10.006     86.474  65.005222     3.6000     0.3346     0.0852     0.1692 1.1587e-01     5.0476     16.421     23.817    12.5876 0.0000e+00
     16.770      0.096     1.0731      9.952     86.485  65.011942     3.6000     0.3499     0.0852     0.1692 1.1590e-01     5.0175     16.446     23.852    12.5863 0.0000e+00
     16.794      0.095     1.0717      9.892     86.481  65.007050     3.6000     0.3346     0.0852     0.1692 1.1577e-01     5.0476     16.469     23.886    12.5851 0.0000e+00
     16.817      0.094     1.0688      9.823     86.470  64.997175     3.6000     0.3346     0.0852     0.1692 1.1585e-01     5.0476     16.492     23.920    12.5842 0.0000e+00
     16.841      0.094     1.0640      9.749     86.465  64.991585     3.6000     0.3423     0.0852     0.1269 1.1585e-01     5.0025     16.515     23.953    12.5833 0.0000e+00
     16.864      0.095     1.0582      9.672     86.465  64.988790     3.6000     0.3346     0.0852     0.1269 1.1597e-01     5.0776     16.538     23.987    12.5824 0.0000e+00
     16.888      0.097     1.0518      9.601     86.464  64.984076     3.6000     0.3194     0.0852     0.1269 1.1580e-01     5.1378     16.562     24.021    12.5817 0.0000e+00
     16.913      0.100     1.0445      9.546     86.459  64.976187     3.6000     0.3232     0.0852     0.1269 1.1595e-01     5.0776     16.587     24.057    12.5808 0.0000e+00
     16.939      0.103     1.0366      9.504     86.454  64.966986     3.6000     0.3156     0.0852     0.0846 1.1590e-01     5.0476     16.612     24.093    12.5795 0.0000e+00
     16.966      0.105     1.0285      9.470     86.454  64.961952     3.6000     0.3346     0.0852     0.0846 1.1590e-01     5.0025     16.638     24.131    12.5778 0.0000e+00
     16.993      0.106     1.0211      9.449     86.464  64.963709     3.6000     0.3346     0.0852     0.0846 1.1587e-01     5.0927     16.665     24.170    12.5758 0.0000e+00
     17.021      0.107     1.0153      9.446     86.479  64.968759     3.6000     0.3537     0.0852     0.0846 1.1595e-01     5.0175     16.692     24.210    12.5733 0.0000e+00
     17.050      0.106     1.0109      9.456     86.487  64.970515     3.6900     0.3346     0.0852     0.1692 1.1575e-01     5.1077     16.720     24.251    12.5704 0.0000e+00
     17.077      0.104     1.0074      9.479     86.491  64.969445     3.6900     0.3156     0.0852     0.1692 1.1580e-01     5.0776     16.747     24.290    12.5671 0.0000e+00
     17.104      0.101     1.0053      9.506     86.500  64.973197     3.6900     0.3079     0.0852     0.1692 1.1597e-01     5.0476     16.773     24.327    12.5637 0.0000e+00
     17.129      0.098     1.0049      9.532     86.516  64.982771     3.6900     0.3804     0.0852     0.1692 1.1597e-01     5.1678     16.798     24.362    12.5605 0.0000e+00
     17.153      0.096     1.0061      9.560     86.527  64.988819     3.6000     0.3881     0.0852     0.2115 1.1585e-01     5.0927     16.821     24.397    12.5578 0.0000e+00
     17.176      0.095     1.0086      9.594     86.532  64.988989     3.6000     0.3957     0.0852     0.2115 1.1580e-01     5.1829     16.844     24.430    12.5555 0.0000e+00
     17.200      0.094     1.0115      9.625     86.539  64.991258     3.6000     0.4148     0.0852     0.2115 1.1592e-01     5.1077     16.867     24.464    12.5538 0.0000e+00
     17.224      0.093     1.0142      9.647     86.550  64.996231     3.6000     0.3919     0.0852     0.2115 1.1595e-01     5.2279     16.891     24.498    12.5523 0.0000e+00
     17.248      0.092     1.0173      9.661     86.561  65.001267     3.6000     0.4148     0.0852     0.2115 1.1590e-01     5.2881     16.915     24.533    12.5508 0.0000e+00
