Data/DataNotYetUploadedToEDI/Raw_CTD/RawDownloads/080923_ccr50_S7809002.cnv
* Sea-Bird SBE19plus  Data File:
* FileName = C:\R\Reservoirs\Data\DataNotYetUploadedToEDI\Raw_CTD\RawDownloads\080923_ccr50_S7809_0002.hex
* Software version 2.8.0.119
* Temperature SN = 7809
* Conductivity SN = 7809
* System UpLoad Time = Aug 10 2023 10:09:04
* <ApplicationData>
* <Seaterm232>
# nquan = 15
# nvalues = 1639                        
# units = specified
# name 0 = depFM: Depth [fresh water, m]
# name 1 = dz/dtM: Descent Rate [m/s]
# name 2 = sbeox0Mg/L: Oxygen, SBE 43 [mg/l]
# name 3 = sbeox0PS: Oxygen, SBE 43 [% saturation]
# name 4 = specc: Specific Conductance [uS/cm]
# name 5 = c0uS/cm: Conductivity [uS/cm]
# name 6 = flECO-AFL: Fluorescence, WET Labs ECO-AFL/FL [mg/m^3]
# name 7 = ph: pH
# name 8 = orp: Oxidation Reduction Potential [mV]
# name 9 = par/sat/log: PAR/Logarithmic, Satlantic
# name 10 = turbWETntu0: Turbidity, WET Labs ECO [NTU]
# name 11 = prdM: Pressure, Strain Gauge [db]
# name 12 = prdE: Pressure, Strain Gauge [psi]
# name 13 = tv290C: Temperature [ITS-90, deg C]
# name 14 = flag:  0.000e+00
# span 0 =     -0.496,     20.306       
# span 1 =     -0.316,      0.237       
# span 2 =     0.1211,     9.4374       
# span 3 =      1.136,    110.473       
# span 4 =      4.528,    115.387       
# span 5 =   4.657236,  85.264594       
# span 6 =    -1.7070,   227.4079       
# span 7 =      7.021,      8.169       
# span 8 = -1240.7455,   912.4349       
# span 9 = 1.2348e-01, 2.5538e+03       
# span 10 =    -4.0645,    62.8394      
# span 11 =     -0.487,     19.914      
# span 12 =     -0.707,     28.883      
# span 13 =    11.9312,    27.2542      
# span 14 = 0.0000e+00, 0.0000e+00      
# interval = seconds: 0.25
# start_time = Aug 09 2023 12:17:38 [Instrument's time stamp, header]
# bad_flag = -9.990e-29
*END*
[from data line 97]
      0.462      0.095     7.0253     87.304     79.300  82.743054     0.3238      7.815   180.5815 1.6979e+03     1.3662      0.454      0.659    27.1743 0.0000e+00
      0.485      0.092     7.0141     87.084     79.263  82.700706     0.3161      7.816   181.8390 1.6838e+03     1.3418      0.475      0.689    27.1750 0.0000e+00
      0.510      0.084     6.9795     86.744     79.297  82.731658     0.3238      7.819   182.7860 1.3899e+03     1.3878      0.498      0.723    27.1722 0.0000e+00
      0.535      0.071     6.9507     86.117     79.307  82.735706     0.3331      7.822   183.4269 1.0163e+03     1.4792      0.527      0.764    27.1677 0.0000e+00
      0.558      0.054     6.9331     85.157     79.325  82.749646     0.3374      7.825   183.8230 7.5881e+02     1.5238      0.550      0.798    27.1641 0.0000e+00
      0.572      0.035     6.9205     83.966     79.351  82.772996     0.3339      7.827   184.0477 6.2030e+02     1.4827      0.566      0.821    27.1618 0.0000e+00
      0.576      0.015     6.8994     82.626     79.346  82.763644     0.3239      7.828   184.7677 6.8855e+02     1.3932      0.569      0.825    27.1592 0.0000e+00
      0.571     -0.003     6.8522     81.118     79.349  82.763762     0.3167      7.830   186.0756 8.2589e+02     1.3290      0.561      0.814    27.1550 0.0000e+00
      0.563     -0.018     6.7716     79.505     79.363  82.774422     0.3138      7.830   187.2996 8.8249e+02     1.3210      0.552      0.800    27.1520 0.0000e+00
      0.555     -0.029     6.6738     77.984     79.357  82.765336     0.3219      7.831   188.0372 8.9592e+02     1.3654      0.544      0.788    27.1493 0.0000e+00
      0.549     -0.038     6.5706     76.721     79.373  82.781086     0.3397      7.834   188.1977 8.6448e+02     1.4218      0.538      0.781    27.1472 0.0000e+00
      0.542     -0.044     6.4498     75.844     79.428  82.837664     0.3455      7.835   188.5514 7.5408e+02     1.4217      0.532      0.773    27.1449 0.0000e+00
      0.531     -0.044     6.3141     75.407     79.467  82.877045     0.3415      7.835   189.3893 6.5981e+02     1.3641      0.524      0.759    27.1423 0.0000e+00
      0.515     -0.036     6.1896     75.364     79.465  82.875661     0.3416      7.833   190.0678 6.2291e+02     1.3060      0.508      0.737    27.1408 0.0000e+00
      0.495     -0.020     6.0863     75.762     79.409  82.820925     0.3391      7.831   190.4739 6.5116e+02     1.3004      0.484      0.702    27.1403 0.0000e+00
      0.480      0.001     6.0124     76.612     79.313  82.724015     0.3272      7.831   190.8582 7.4122e+02     1.3641      0.463      0.672    27.1399 0.0000e+00
      0.484      0.019     5.9840     77.764     79.251  82.657880     0.3151      7.832   191.3588 8.7487e+02     1.3932      0.466      0.675    27.1386 0.0000e+00
      0.506      0.030     5.9762     78.991     79.262  82.657255     0.3169      7.835   191.8802 1.0093e+03     1.3445      0.493      0.715    27.1387 0.0000e+00
      0.534      0.033     6.0055     80.030     79.337  82.716435     0.3485      7.837   192.0867 9.7727e+02     1.3560      0.527      0.765    27.1421 0.0000e+00
      0.551      0.029     6.0801     80.801     79.428  82.801023     0.3891      7.839   192.0484 8.3127e+02     1.3962      0.548      0.796    27.1446 0.0000e+00
      0.551      0.022     6.1747     81.304     79.475  82.853235     0.4004      7.840   192.3635 7.5646e+02     1.3514      0.545      0.790    27.1456 0.0000e+00
      0.539      0.017     6.2853     81.394     79.450  82.838959     0.3858      7.840   193.3152 7.4334e+02     1.2933      0.527      0.764    27.1386 0.0000e+00
      0.530      0.016     6.3698     81.005     79.360  82.755622     0.3707      7.840   194.6080 7.6468e+02     1.3088      0.515      0.747    27.1210 0.0000e+00
      0.535      0.020     6.4288     80.279     79.274  82.672381     0.3762      7.841   195.6049 7.4058e+02     1.3680      0.520      0.755    27.1124 0.0000e+00
      0.551      0.024     6.4759     79.345     79.259  82.659258     0.3937      7.842   195.9901 6.8178e+02     1.4284      0.540      0.783    27.1170 0.0000e+00
      0.570      0.024     6.4849     78.323     79.320  82.724152     0.3996      7.843   196.1676 6.8729e+02     1.4580      0.561      0.813    27.1262 0.0000e+00
      0.583      0.019     6.4465     77.532     79.413  82.821052     0.3975      7.844   196.5467 7.2102e+02     1.4181      0.577      0.835    27.1344 0.0000e+00
      0.585      0.011     6.3842     77.241     79.466  82.876924     0.3930      7.846   196.9599 7.5046e+02     1.3561      0.579      0.838    27.1375 0.0000e+00
      0.576      0.005     6.3106     77.271     79.476  82.890924     0.3789      7.847   196.9484 8.5155e+02     1.3246      0.564      0.818    27.1387 0.0000e+00
      0.566      0.001     6.2177     77.224     79.445  82.863131     0.3675      7.848   196.6655 9.5798e+02     1.3100      0.552      0.800    27.1397 0.0000e+00
      0.565      0.001     6.1429     76.916     79.378  82.795273     0.3635      7.849   196.5501 9.9819e+02     1.3498      0.551      0.799    27.1394 0.0000e+00
      0.571      0.001     6.1271     76.414     79.354  82.770024     0.3555      7.849   196.6716 1.0225e+03     1.4298      0.560      0.813    27.1397 0.0000e+00
      0.580     -0.001     6.1453     75.952     79.394  82.812232     0.3463      7.849   196.9310 9.5899e+02     1.4577      0.570      0.827    27.1418 0.0000e+00
      0.585     -0.006     6.1444     75.841     79.439  82.860442     0.3349      7.849   197.3634 8.7376e+02     1.4147      0.575      0.836    27.1449 0.0000e+00
      0.581     -0.015     6.1174     76.195     79.421  82.844149     0.3264      7.849   197.7698 7.8857e+02     1.3534      0.573      0.831    27.1473 0.0000e+00
      0.571     -0.025     6.0719     76.815     79.322  82.742435     0.3255      7.849   197.8007 6.8157e+02     1.2620      0.561      0.814    27.1465 0.0000e+00
      0.559     -0.039     6.0233     77.365     79.234  82.648166     0.3334      7.849   197.7370 6.5483e+02     1.1637      0.546      0.792    27.1454 0.0000e+00
      0.549     -0.056     6.0109     77.645     79.253  82.658301     0.3389      7.850   197.5157 6.7492e+02     1.1561      0.537      0.777    27.1464 0.0000e+00
      0.542     -0.072     6.0452     77.585     79.345  82.737761     0.3336      7.850   197.6198 7.1422e+02     1.1700      0.535      0.776    27.1493 0.0000e+00
      0.527     -0.084     6.1066     77.162     79.398  82.782144     0.3360      7.851   198.0496 7.2735e+02     1.1612      0.526      0.762    27.1506 0.0000e+00
      0.497     -0.092     6.1553     76.443     79.368  82.749744     0.3427      7.851   198.0656 6.7240e+02     1.2209      0.491      0.711    27.1501 0.0000e+00
      0.459     -0.095     6.1783     75.538     79.282  82.663993     0.3400      7.851   197.9863 6.2912e+02     1.3114      0.447      0.648    27.1444 0.0000e+00
      0.426     -0.091     6.1777     74.545     79.190  82.572095     0.3364      7.851   198.2089 6.2408e+02     1.3326      0.414      0.601    27.1292 0.0000e+00
      0.404     -0.083     6.1420     73.581     79.152  82.528957     0.3493      7.852   198.3483 6.3064e+02     1.3398      0.392      0.569    27.1212 0.0000e+00
      0.390     -0.074     6.0809     72.759     79.167  82.523995     0.3793      7.852   198.2950 6.2410e+02     1.3648      0.380      0.551    27.1235 0.0000e+00
      0.382     -0.070     6.0071     72.174     79.189  82.512065     0.4079      7.852   198.2524 6.1135e+02     1.3957      0.375      0.544    27.1269 0.0000e+00
      0.372     -0.074     5.9234     71.843     79.216  82.511840     0.4200      7.852   197.4895 6.1852e+02     1.4398      0.369      0.535    27.1302 0.0000e+00
      0.353     -0.085     5.8441     71.628     79.240  82.521234     0.4093      7.852   197.7608 6.6008e+02     1.4203      0.350      0.507    27.1325 0.0000e+00
      0.327     -0.101     5.7773     71.386     79.228  82.498441     0.3874      7.851   198.8654 8.2791e+02     1.3308      0.321      0.465    27.1179 0.0000e+00
      0.297     -0.119     5.7316     71.050     79.229  82.490624     0.3797      7.851   198.1112 1.0602e+03     1.3138      0.291      0.424    27.0887 0.0000e+00
      0.264     -0.134     5.7133     70.675     79.298  82.553895     0.3832      7.853   198.1058 1.1103e+03     1.3514      0.259      0.376    27.0706 0.0000e+00
      0.229     -0.139     5.7011     70.601     79.372  82.627477     0.3788      7.860   199.5752 1.0571e+03     1.3070      0.226      0.328    27.0630 0.0000e+00
      0.189     -0.134     5.6838     71.196     79.347  82.617143     0.3682      7.867   199.9598 9.7952e+02     1.2218      0.189      0.274    27.0566 0.0000e+00
      0.143     -0.119     5.6586     72.279     79.257  82.556169     0.3551      7.871   200.8630 8.1226e+02     1.1752      0.138      0.200    27.0526 0.0000e+00
      0.103     -0.097     5.6192     73.339     79.206  82.526256     0.3367      7.873   202.2361 7.6641e+02     1.1528      0.093      0.134    27.0463 0.0000e+00
      0.083     -0.071     5.5959     74.174     79.196  82.509891     0.3203      7.873   202.0220 8.0126e+02     1.1902      0.075      0.110    27.0393 0.0000e+00
      0.077     -0.045     5.6500     74.886     79.201  82.485482     0.3234      7.871   201.5440 7.0626e+02     1.2866      0.075      0.108    27.0496 0.0000e+00
      0.076     -0.023     5.7549     75.499     79.235  82.485456     0.3413      7.869   201.1878 5.7669e+02     1.3614      0.074      0.106    27.0761 0.0000e+00
      0.077     -0.011     5.8408     75.814     79.286  82.509521     0.3535      7.869   200.1248 5.2705e+02     1.4456      0.075      0.109    27.0975 0.0000e+00
      0.079     -0.008     5.9018     75.644     79.312  82.522022     0.3548      7.864   199.2733 5.1850e+02     1.4847      0.079      0.114    27.0920 0.0000e+00
      0.079     -0.011     5.9591     75.094     79.303  82.509398     0.3479      7.854   199.4964 5.3643e+02     1.4248      0.080      0.116    27.0674 0.0000e+00
      0.074     -0.018     6.0179     74.437     79.276  82.484071     0.3370      7.851   200.2411 5.5969e+02     1.3703      0.074      0.107    27.0433 0.0000e+00
      0.067     -0.027     6.0534     73.747     79.261  82.470186     0.3306      7.856   200.4478 5.4402e+02     1.3718      0.065      0.094    27.0230 0.0000e+00
      0.060     -0.033     6.0369     72.958     79.261  82.468706     0.3291      7.859   200.0167 6.2693e+02     1.3755      0.060      0.087    27.0148 0.0000e+00
      0.051     -0.034     5.9810     72.090     79.261  82.466186     0.3271      7.852   199.6755 7.8653e+02     1.3807      0.051      0.076    27.0146 0.0000e+00
      0.037     -0.031     5.9278     71.225     79.239  82.439708     0.3314      7.838   199.5924 8.2788e+02     1.4341      0.036      0.052    27.0167 0.0000e+00
      0.025     -0.028     5.8771     70.396     79.208  82.402935     0.3396      7.840   199.5284 7.8814e+02     1.4747      0.022      0.030    27.0189 0.0000e+00
      0.019     -0.033     5.8128     69.565     79.216  82.403135     0.3349      7.851   200.0197 7.3116e+02     1.4275      0.016      0.023    27.0179 0.0000e+00
      0.020     -0.047     5.7409     68.751     79.271  82.442116     0.3083      7.856   200.7136 7.0639e+02     1.2394      0.019      0.027    27.0152 0.0000e+00
      0.020     -0.060     5.6710     68.192     79.341  82.492653     0.2761      7.859   200.4322 8.4362e+02     0.9762      0.023      0.034    27.0131 0.0000e+00
      0.008     -0.065     5.6071     68.263     79.350  82.505371     0.2705      7.861   199.9727 1.0901e+03     0.8415      0.019      0.028    27.0105 0.0000e+00
     -0.028     -0.061     5.5425     69.171     79.281  82.468708     0.2813      7.850   199.9765 1.2811e+03     0.8752     -0.019     -0.028    27.0076 0.0000e+00
     -0.074     -0.054     5.4719     70.866     79.226  82.430997     0.2982      7.830   199.9626 1.3851e+03     1.0067     -0.086     -0.124    26.9966 0.0000e+00
     -0.094     -0.044     5.4160     73.248     79.251  82.431012     0.3250      7.830   199.8901 1.4127e+03     1.1338     -0.108     -0.157    26.9726 0.0000e+00
     -0.080     -0.031     5.4159     76.173     79.329  82.468845     0.3399      7.841   199.8746 1.2828e+03     1.1479     -0.075     -0.109    26.9698 0.0000e+00
     -0.065     -0.015     5.4875     79.030     79.395  82.506785     0.3441      7.850   200.0334 1.1493e+03     1.1093     -0.056     -0.081    27.0088 0.0000e+00
     -0.065     -0.002     5.6249     80.955     79.409  82.508120     0.3423      7.857   200.3481 1.2390e+03     1.1792     -0.060     -0.086    27.0322 0.0000e+00
     -0.076      0.004     5.8155     81.655     79.383  82.484968     0.3349      7.866   200.5821 1.3353e+03     1.3104     -0.074     -0.107    27.0026 0.0000e+00
     -0.087      0.010     6.0691     81.416     79.358  82.481248     0.3384      7.873   200.7121 1.2747e+03     1.3638     -0.088     -0.128    26.9676 0.0000e+00
     -0.089      0.022     6.3350     80.705     79.428  82.590366     0.3516      7.876   200.9728 1.1099e+03     1.4146     -0.091     -0.131    26.9501 0.0000e+00
     -0.079      0.042     6.4929     80.011     79.631  82.850420     0.3526      7.871   201.2392 8.9930e+02     1.4466     -0.083     -0.120    26.9416 0.0000e+00
     -0.059      0.062     6.5389     80.210     79.776  83.081761     0.3430      7.864   201.4376 7.5542e+02     1.3750     -0.059     -0.085    26.9423 0.0000e+00
     -0.035      0.077     6.5028     82.447     79.755  83.161729     0.3346      7.862   201.6508 6.4094e+02     1.3001     -0.033     -0.047    26.9576 0.0000e+00
     -0.011      0.086     6.4325     86.721     79.695  83.181498     0.3257      7.858   201.8381 5.0865e+02     1.2923     -0.012     -0.017    26.9846 0.0000e+00
      0.012      0.087     6.3562     91.610     79.662  83.193719     0.3276      7.855   202.0677 4.5507e+02     1.3144      0.012      0.017    27.0060 0.0000e+00
      0.036      0.083     6.3160     95.789     79.628  83.182370     0.3404      7.855   202.2761 4.5670e+02     1.3621      0.036      0.053    27.0562 0.0000e+00
      0.058      0.075     6.4823     98.879     79.607  83.171498     0.3476      7.855   202.4649 4.6005e+02     1.3916      0.057      0.084    27.1376 0.0000e+00
      0.077      0.067     6.8712    100.885     79.619  83.189481     0.3478      7.856   202.7152 4.8996e+02     1.3628      0.077      0.111    27.1901 0.0000e+00
      0.094      0.057     7.2993    101.801     79.635  83.209016     0.3436      7.860   202.8935 5.2626e+02     1.3217      0.093      0.135    27.2145 0.0000e+00
      0.106      0.047     7.6308    101.725     79.641  83.216901     0.3380      7.862   203.0721 5.2929e+02     1.3046      0.104      0.151    27.2278 0.0000e+00
      0.115      0.036     7.8726    100.894     79.645  83.221223     0.3377      7.864   203.4116 4.9629e+02     1.3265      0.113      0.164    27.2332 0.0000e+00
      0.123      0.025     8.0346     99.721     79.622  83.197681     0.3401      7.867   203.8150 4.6966e+02     1.3812      0.120      0.175    27.2364 0.0000e+00
      0.129      0.013     8.1030     98.663     79.612  83.186641     0.3336      7.868   205.1102 4.5502e+02     1.3862      0.129      0.186    27.2375 0.0000e+00
      0.133      0.000     8.0916     97.923     79.639  83.214937     0.3257      7.868   207.3707 4.3485e+02     1.3524      0.133      0.193    27.2384 0.0000e+00
      0.132     -0.011     8.0137     97.454     79.645  83.221827     0.3283      7.869   208.7759 4.2631e+02     1.3487      0.131      0.190    27.2384 0.0000e+00
