Data/DataNotYetUploadedToEDI/Raw_CTD/RawDownloads/080923_ccr50_S8188001.cnv
* Sea-Bird SBE19plus  Data File:
* FileName = C:\R\Reservoirs\Data\DataNotYetUploadedToEDI\Raw_CTD\RawDownloads\080923_ccr50_S8188_0001.hex
* Software version 2.8.0.119
* Temperature SN = 8188
* Conductivity SN = 8188
* System UpLoad Time = Aug 10 2023 10:03:05
* <ApplicationData>
* <Seaterm232>
# nquan = 16
# nvalues = 1586                        
# units = specified
# name 0 = depFM: Depth [fresh water, m]
# name 1 = dz/dtM: Descent Rate [m/s]
# name 2 = sbeox0Mg/L: Oxygen, SBE 43 [mg/l]
# name 3 = sbeox0PS: Oxygen, SBE 43 [% saturation]
# name 4 = specc: Specific Conductance [uS/cm]
# name 5 = c0uS/cm: Conductivity [uS/cm]
# name 6 = wetCDOM: Fluorescence, WET Labs CDOM [mg/m^3]
# name 7 = flECO-AFL: Fluorescence, WET Labs ECO-AFL/FL [mg/m^3]
# name 8 = flECO-AFL1: Fluorescence, WET Labs ECO-AFL/FL, 2 [mg/m^3]
# name 9 = flECO-AFL2: Fluorescence, WET Labs ECO-AFL/FL, 3 [mg/m^3]
# name 10 = par/sat/log: PAR/Logarithmic, Satlantic
# name 11 = turbWETntu0: Turbidity, WET Labs ECO [NTU]
# name 12 = prdM: Pressure, Strain Gauge [db]
# name 13 = prdE: Pressure, Strain Gauge [psi]
# name 14 = tv290C: Temperature [ITS-90, deg C]
# name 15 = flag:  0.000e+00
# span 0 =     -0.494,     20.359       
# span 1 =     -0.391,      0.168       
# span 2 =     0.4504,     9.5186       
# span 3 =      4.214,    107.085       
# span 4 =   -672.740,    113.568       
# span 5 =-511.276973,  84.733048       
# span 6 =    -4.5000,     7.1100       
# span 7 =    -0.5885,     4.9314       
# span 8 =    -2.1300,     1.7466       
# span 9 =    -2.0304,     2.3688       
# span 10 = 1.1565e-01, 3.3558e+03      
# span 11 =    -1.3853,    88.7955      
# span 12 =     -0.484,     19.965      
# span 13 =     -0.702,     28.957      
# span 14 =    11.9332,    34.2576      
# span 15 = 0.0000e+00, 0.0000e+00      
# interval = seconds: 0.25
# start_time = Aug 09 2023 12:56:23 [Instrument's time stamp, header]
# bad_flag = -9.990e-29
*END*
[from data line 181]
      0.676     -0.107     7.4494     93.943     78.847  82.580495     1.0800     0.3385     0.0000     0.0846 1.3370e+03     0.1027      0.662      0.960    27.3465 0.0000e+00
      0.646     -0.129     7.4410     93.999     78.841  82.584052     1.0800     0.3346     0.0000     0.1269 4.7711e+02     0.1027      0.633      0.918    27.3478 0.0000e+00
      0.608     -0.148     7.4364     94.068     78.825  82.576054     1.0800     0.3232     0.0000     0.1269 3.5620e+02     0.1327      0.596      0.864    27.3507 0.0000e+00
      0.564     -0.162     7.4347     94.128     78.814  82.570251     1.0800     0.2698     0.0000     0.1269 8.7121e+02     0.1027      0.552      0.801    27.3552 0.0000e+00
      0.516     -0.170     7.4358     94.175     78.814  82.573035     1.0800     0.2774     0.0000     0.1269 1.7700e+03     0.0426      0.506      0.734    27.3611 0.0000e+00
      0.469     -0.171     7.4393     94.217     78.813  82.573239     1.0800     0.2660     0.0000     0.1269 1.4233e+03     0.0876      0.459      0.666    27.3673 0.0000e+00
      0.423     -0.167     7.4441     94.251     78.807  82.566947     1.0800     0.2584     0.0000     0.1269 1.9986e+03     0.0726      0.414      0.601    27.3726 0.0000e+00
      0.380     -0.158     7.4483     94.262     78.804  82.560421     1.0800     0.2660     0.0000     0.1269 1.6128e+03    -0.1378      0.372      0.540    27.3765 0.0000e+00
      0.340     -0.146     7.4518     94.236     78.803  82.555891     1.0800     0.2660     0.0000     0.1269 1.3122e+03    -0.1228      0.334      0.484    27.3786 0.0000e+00
      0.305     -0.132     7.4550     94.182     78.804  82.552149     1.0800     0.2736     0.0000     0.1269 2.0942e+03    -0.0777      0.299      0.433    27.3793 0.0000e+00
      0.273     -0.118     7.4578     94.128     78.805  82.548196     1.0800     0.2507     0.0000     0.0846 1.5902e+03    -0.0627      0.268      0.388    27.3786 0.0000e+00
      0.245     -0.103     7.4588     94.090     78.806  82.542979     1.0800     0.2088     0.0000     0.0846 1.8430e+03     0.0426      0.240      0.348    27.3769 0.0000e+00
      0.221     -0.089     7.4571     94.062     78.803  82.535105     1.0800     0.2431     0.0000     0.0846 1.8761e+03     0.2379      0.216      0.314    27.3745 0.0000e+00
      0.200     -0.077     7.4533     94.035     78.798  82.526444     1.0800     0.2355     0.0000     0.0846 1.4772e+03     0.1478      0.196      0.284    27.3715 0.0000e+00
      0.183     -0.065     7.4495     94.012     78.796  82.522628     1.0800     0.2202     0.0000     0.1269 1.7440e+03     0.1177      0.179      0.260    27.3680 0.0000e+00
      0.169     -0.055     7.4470     93.992     78.798  82.522639     1.0800     0.2240     0.0000     0.1269 1.6731e+03    -0.1228      0.166      0.240    27.3645 0.0000e+00
      0.157     -0.046     7.4451     93.971     78.798  82.522509     1.0800     0.2355     0.0000     0.1269 1.8037e+03    -0.2130      0.154      0.223    27.3614 0.0000e+00
      0.147     -0.038     7.4433     93.945     78.799  82.522203     1.0800     0.1973     0.0000     0.1269 1.7920e+03    -0.1228      0.144      0.209    27.3593 0.0000e+00
      0.139     -0.032     7.4417     93.912     78.799  82.521641     1.0800     0.2202     0.0000     0.1269 1.7638e+03    -0.1979      0.136      0.197    27.3579 0.0000e+00
      0.131     -0.027     7.4402     93.878     78.804  82.526627     1.1700     0.2164     0.0000     0.1269 1.8490e+03    -0.2130      0.129      0.187    27.3571 0.0000e+00
      0.125     -0.023     7.4386     93.855     78.811  82.536505     1.1700     0.2049     0.0000     0.1269 1.9294e+03    -0.2130      0.123      0.178    27.3564 0.0000e+00
      0.120     -0.019     7.4366     93.845     78.811  82.540015     1.1700     0.2011     0.0000     0.1269 1.8096e+03    -0.0777      0.118      0.171    27.3557 0.0000e+00
      0.116     -0.016     7.4340     93.842     78.807  82.540077     1.1700     0.2240     0.0000     0.1269 1.8191e+03    -0.1228      0.114      0.165    27.3553 0.0000e+00
      0.113     -0.014     7.4313     93.844     78.807  82.544650     1.1700     0.2011     0.0000     0.2115 1.8382e+03     0.1027      0.111      0.161    27.3555 0.0000e+00
      0.110     -0.013     7.4294     93.852     78.809  82.550983     1.1700     0.2164     0.0000     0.2115 1.7727e+03     0.0726      0.108      0.156    27.3567 0.0000e+00
      0.107     -0.013     7.4282     93.872     78.816  82.560764     1.1700     0.2355     0.0000     0.2115 1.8631e+03     0.1628      0.105      0.152    27.3590 0.0000e+00
      0.104     -0.012     7.4276     93.904     78.830  82.576602     1.1700     0.2126     0.0000     0.2115 1.8826e+03     0.1027      0.102      0.148    27.3620 0.0000e+00
      0.101     -0.012     7.4274     93.943     78.839  82.586840     1.0800     0.2126     0.0000     0.0846 1.9090e+03    -0.1378      0.099      0.143    27.3649 0.0000e+00
      0.097     -0.012     7.4278     93.983     78.837  82.586268     1.0800     0.2126     0.0000     0.0846 2.0403e+03    -0.1679      0.095      0.138    27.3673 0.0000e+00
      0.094     -0.011     7.4291     94.025     78.837  82.586644     1.0800     0.2355     0.0000     0.0846 2.0143e+03    -0.2130      0.092      0.134    27.3690 0.0000e+00
      0.091     -0.010     7.4315     94.061     78.841  82.592037     1.0800     0.2126     0.0000     0.0846 2.0385e+03    -0.0777      0.089      0.130    27.3700 0.0000e+00
      0.089     -0.009     7.4345     94.091     78.843  82.595948     1.0800     0.2278     0.0000     0.1269 1.9223e+03     0.1628      0.087      0.126    27.3707 0.0000e+00
      0.087     -0.008     7.4376     94.113     78.841  82.595447     1.0800     0.2278     0.0000     0.1269 2.0151e+03     0.1027      0.085      0.123    27.3711 0.0000e+00
      0.085     -0.007     7.4408     94.121     78.838  82.594372     1.0800     0.2126     0.0000     0.1269 2.0208e+03    -0.0326      0.083      0.121    27.3716 0.0000e+00
      0.083     -0.006     7.4436     94.120     78.838  82.596406     1.0800     0.2088     0.0000     0.1269 2.0064e+03     0.2079      0.081      0.118    27.3723 0.0000e+00
      0.082     -0.005     7.4459     94.118     78.838  82.598122     1.0800     0.2355     0.0000     0.1269 2.0029e+03    -0.2130      0.080      0.116    27.3732 0.0000e+00
      0.081     -0.004     7.4475     94.108     78.834  82.596007     1.0800     0.2011     0.0426     0.1269 2.0007e+03    -0.1528      0.079      0.115    27.3743 0.0000e+00
      0.080     -0.003     7.4479     94.090     78.827  82.589496     1.0800     0.2011     0.0426     0.1269 2.0047e+03    -0.1228      0.078      0.114    27.3755 0.0000e+00
      0.080     -0.002     7.4477     94.076     78.821  82.584796     1.0800     0.2088     0.0426     0.1269 1.9903e+03    -0.1078      0.078      0.113    27.3767 0.0000e+00
      0.079     -0.001     7.4473     94.079     78.823  82.588591     1.0800     0.2812     0.0426     0.1269 1.9955e+03     0.0726      0.078      0.113    27.3779 0.0000e+00
      0.079     -0.001     7.4464     94.097     78.831  82.597924     1.1700     0.2622     0.0000     0.0846 1.9960e+03    -0.0627      0.078      0.113    27.3790 0.0000e+00
      0.079     -0.000     7.4449     94.123     78.838  82.607344     1.1700     0.2355     0.0000     0.0846 1.9916e+03     0.2530      0.077      0.112    27.3800 0.0000e+00
      0.079     -0.000     7.4437     94.151     78.841  82.611423     1.1700     0.2851     0.0000     0.0846 1.9916e+03     0.0426      0.077      0.112    27.3809 0.0000e+00
      0.079     -0.000     7.4437     94.172     78.839  82.611249     1.1700     0.2774     0.0000     0.0846 2.0442e+03     0.0125      0.077      0.112    27.3818 0.0000e+00
      0.079     -0.000     7.4450     94.177     78.837  82.610745     1.1700     0.2736     0.0000     0.0846 2.0527e+03     0.0426      0.077      0.112    27.3827 0.0000e+00
      0.079     -0.000     7.4470     94.161     78.835  82.609777     1.1700     0.2965     0.0000     0.0846 2.0385e+03     0.1027      0.077      0.112    27.3836 0.0000e+00
      0.079     -0.000     7.4490     94.129     78.832  82.608087     1.1700     0.2660     0.0000     0.0846 2.0411e+03     0.1027      0.078      0.112    27.3847 0.0000e+00
      0.079     -0.000     7.4505     94.087     78.828  82.605225     1.1700     0.2049     0.0000     0.0846 2.0465e+03    -0.0777      0.078      0.112    27.3858 0.0000e+00
      0.079     -0.000     7.4508     94.045     78.826  82.604396     1.1700     0.2393     0.0000     0.0846 2.0563e+03    -0.1829      0.077      0.112    27.3868 0.0000e+00
      0.079      0.000     7.4495     94.020     78.826  82.605381     1.1700     0.2164     0.0000     0.0846 2.0389e+03    -0.0927      0.077      0.112    27.3878 0.0000e+00
      0.079      0.000     7.4468     94.018     78.824  82.604471     1.1700     0.2240     0.0000     0.0846 2.0226e+03    -0.1829      0.077      0.112    27.3887 0.0000e+00
      0.079      0.001     7.4433     94.037     78.825  82.605394     1.1700     0.1897     0.0000     0.0846 2.0283e+03    -0.1078      0.077      0.112    27.3895 0.0000e+00
      0.079      0.001     7.4399     94.069     78.827  82.608398     1.1700     0.2355     0.0000     0.0846 2.0323e+03    -0.1078      0.077      0.113    27.3903 0.0000e+00
      0.079      0.002     7.4378     94.106     78.828  82.610311     1.0800     0.2202     0.0000     0.0846 2.0323e+03    -0.0927      0.078      0.113    27.3909 0.0000e+00
      0.080      0.002     7.4376     94.142     78.828  82.611645     1.0800     0.2126     0.0000     0.0846 2.0266e+03    -0.1829      0.079      0.114    27.3913 0.0000e+00
      0.081      0.002     7.4391     94.170     78.829  82.612755     1.0800     0.2011     0.0000     0.0846 1.9611e+03    -0.1528      0.079      0.115    27.3917 0.0000e+00
      0.082      0.002     7.4416     94.186     78.826  82.609967     1.0800     0.1859     0.0000     0.0846 1.9977e+03    -0.1228      0.080      0.116    27.3922 0.0000e+00
      0.082      0.001     7.4445     94.191     78.819  82.602539     1.1700     0.2164     0.0000     0.0846 2.0012e+03    -0.1228      0.080      0.117    27.3926 0.0000e+00
      0.082      0.001     7.4473     94.181     78.814  82.596429     1.1700     0.2049     0.0000     0.0846 1.9770e+03    -0.1528      0.080      0.117    27.3931 0.0000e+00
      0.082      0.000     7.4494     94.157     78.809  82.590008     1.1700     0.2316     0.0000     0.0846 1.9890e+03    -0.2130      0.081      0.117    27.3935 0.0000e+00
      0.082      0.000     7.4507     94.126     78.802  82.581563     1.1700     0.1973     0.0000     0.0846 2.0429e+03    -0.1378      0.081      0.117    27.3936 0.0000e+00
      0.082     -0.001     7.4511     94.099     78.798  82.576783     1.0800     0.2164     0.0000     0.1692 2.1448e+03    -0.1528      0.080      0.117    27.3933 0.0000e+00
      0.082     -0.002     7.4504     94.082     78.796  82.574393     1.0800     0.2164     0.0000     0.1692 2.0341e+03    -0.1979      0.080      0.116    27.3927 0.0000e+00
      0.081     -0.003     7.4485     94.073     78.792  82.569786     1.0800     0.2164     0.0000     0.1692 2.0283e+03     0.0726      0.080      0.115    27.3921 0.0000e+00
      0.080     -0.004     7.4462     94.073     78.788  82.565703     1.0800     0.2202     0.0000     0.1692 2.0851e+03     0.1478      0.079      0.114    27.3915 0.0000e+00
      0.079     -0.004     7.4441     94.082     78.788  82.565025     1.0800     0.2049     0.0000     0.1692 2.0621e+03     0.1027      0.078      0.113    27.3910 0.0000e+00
      0.078     -0.005     7.4428     94.100     78.791  82.567572     1.0800     0.1935     0.0000     0.1692 2.0693e+03     0.0726      0.076      0.111    27.3907 0.0000e+00
      0.076     -0.005     7.4421     94.125     78.797  82.574022     1.0800     0.2507     0.0000     0.1692 2.0688e+03    -0.1829      0.075      0.108    27.3907 0.0000e+00
      0.074     -0.005     7.4420     94.154     78.804  82.582126     1.0800     0.2851     0.0000     0.1692 2.0724e+03    -0.1528      0.073      0.106    27.3907 0.0000e+00
      0.073     -0.005     7.4428     94.174     78.807  82.586105     1.0800     0.2584     0.0000     0.1692 2.0760e+03    -0.1378      0.071      0.104    27.3905 0.0000e+00
      0.071     -0.004     7.4442     94.174     78.803  82.583049     1.0800     0.3003     0.0000     0.1692 2.0756e+03    -0.1679      0.070      0.102    27.3903 0.0000e+00
      0.070     -0.003     7.4462     94.154     78.796  82.576114     1.0800     0.2202     0.0000     0.1692 2.0842e+03    -0.2130      0.069      0.100    27.3905 0.0000e+00
      0.069     -0.002     7.4484     94.125     78.788  82.567421     1.0800     0.2164     0.0000     0.1692 2.0833e+03    -0.1378      0.068      0.099    27.3910 0.0000e+00
      0.069      0.000     7.4500     94.093     78.781  82.558621     1.0800     0.2088     0.0000     0.1692 2.0769e+03    -0.1829      0.067      0.098    27.3915 0.0000e+00
      0.069      0.002     7.4499     94.052     78.779  82.555308     1.1700     0.2278     0.0000     0.0423 2.0778e+03    -0.0627      0.067      0.098    27.3919 0.0000e+00
      0.070      0.004     7.4483     94.000     78.778  82.552630     1.1700     0.2126     0.0000     0.0423 2.0666e+03     0.1027      0.068      0.099    27.3920 0.0000e+00
      0.071      0.006     7.4461     93.952     78.774  82.545900     1.1700     0.2355     0.0000     0.0423 2.0643e+03     0.1027      0.070      0.102    27.3919 0.0000e+00
      0.073      0.007     7.4436     93.925     78.771  82.541265     1.1700     0.2164     0.0000     0.0423 2.0134e+03     0.0576      0.072      0.104    27.3913 0.0000e+00
      0.076      0.008     7.4405     93.924     78.770  82.537489     1.0800     0.2088     0.0000     0.0846 2.0429e+03     0.1027      0.074      0.108    27.3903 0.0000e+00
      0.078      0.009     7.4365     93.952     78.763  82.529594     1.0800     0.2698     0.0000     0.0846 2.0296e+03    -0.0326      0.076      0.111    27.3891 0.0000e+00
      0.080      0.008     7.4329     94.012     78.755  82.519445     1.0800     0.2889     0.0000     0.0846 2.0389e+03    -0.1528      0.079      0.114    27.3877 0.0000e+00
      0.082      0.008     7.4309     94.097     78.749  82.512275     1.0800     0.2851     0.0000     0.0846 2.0869e+03    -0.1829      0.081      0.117    27.3863 0.0000e+00
      0.085      0.007     7.4311     94.196     78.748  82.510144     1.0800     0.2812     0.0000     0.0846 1.8937e+03    -0.1829      0.083      0.120    27.3852 0.0000e+00
      0.087      0.006     7.4334     94.293     78.751  82.512482     1.0800     0.2011     0.0000     0.1692 1.8250e+03    -0.1528      0.085      0.123    27.3843 0.0000e+00
      0.088      0.005     7.4381     94.368     78.759  82.519914     1.0800     0.2278     0.0000     0.1692 2.0208e+03    -0.1829      0.086      0.125    27.3836 0.0000e+00
      0.089      0.004     7.4450     94.409     78.769  82.530449     1.0800     0.2240     0.0000     0.1692 2.0134e+03    -0.1829      0.087      0.127    27.3830 0.0000e+00
      0.089      0.002     7.4530     94.414     78.777  82.538959     1.0800     0.2355     0.0000     0.1692 1.8334e+03    -0.0927      0.088      0.128    27.3824 0.0000e+00
      0.090      0.001     7.4607     94.381     78.782  82.543742     1.0800     0.2698     0.0000     0.1692 1.9556e+03    -0.1228      0.088      0.128    27.3818 0.0000e+00
      0.090      0.001     7.4667     94.315     78.784  82.546074     1.0800     0.2698     0.0000     0.1692 1.8298e+03    -0.1078      0.088      0.128    27.3813 0.0000e+00
      0.090      0.000     7.4700     94.239     78.788  82.550546     1.0800     0.2965     0.0000     0.1692 1.9994e+03    -0.1078      0.088      0.128    27.3811 0.0000e+00
