Data/DataNotYetUploadedToEDI/Raw_CTD/RawDownloads/080923_ccr50_S7809002.cnv
* Sea-Bird SBE19plus  Data File:
* FileName = C:\R\Reservoirs\Data\DataNotYetUploadedToEDI\Raw_CTD\RawDownloads\080923_ccr50_S7809_0002.hex
* Software version 2.8.0.119
* Temperature SN = 7809
* Conductivity SN = 7809
* System UpLoad Time = Aug 10 2023 10:09:04
* <ApplicationData>
* <Seaterm232>
# nquan = 15
# nvalues = 1639                        
# units = specified
# name 0 = depFM: Depth [fresh water, m]
# name 1 = dz/dtM: Descent Rate [m/s]
# name 2 = sbeox0Mg/L: Oxygen, SBE 43 [mg/l]
# name 3 = sbeox0PS: Oxygen, SBE 43 [% saturation]
# name 4 = specc: Specific Conductance [uS/cm]
# name 5 = c0uS/cm: Conductivity [uS/cm]
# name 6 = flECO-AFL: Fluorescence, WET Labs ECO-AFL/FL [mg/m^3]
# name 7 = ph: pH
# name 8 = orp: Oxidation Reduction Potential [mV]
# name 9 = par/sat/log: PAR/Logarithmic, Satlantic
# name 10 = turbWETntu0: Turbidity, WET Labs ECO [NTU]
# name 11 = prdM: Pressure, Strain Gauge [db]
# name 12 = prdE: Pressure, Strain Gauge [psi]
# name 13 = tv290C: Temperature [ITS-90, deg C]
# name 14 = flag:  0.000e+00
# span 0 =     -0.496,     20.306       
# span 1 =     -0.316,      0.237       
# span 2 =     0.1211,     9.4374       
# span 3 =      1.136,    110.473       
# span 4 =      4.528,    115.387       
# span 5 =   4.657236,  85.264594       
# span 6 =    -1.7070,   227.4079       
# span 7 =      7.021,      8.169       
# span 8 = -1240.7455,   912.4349       
# span 9 = 1.2348e-01, 2.5538e+03       
# span 10 =    -4.0645,    62.8394      
# span 11 =     -0.487,     19.914      
# span 12 =     -0.707,     28.883      
# span 13 =    11.9312,    27.2542      
# span 14 = 0.0000e+00, 0.0000e+00      
# interval = seconds: 0.25
# start_time = Aug 09 2023 12:17:38 [Instrument's time stamp, header]
# bad_flag = -9.990e-29
*END*
[from data line 386]
      0.045      0.005     7.6680     96.699     79.667  83.263095     0.3847      7.866   227.9638 3.9811e+02     1.3509      0.042      0.062    27.2523 0.0000e+00
      0.049      0.008     7.6758     96.587     79.664  83.258408     0.3973      7.878   228.3182 3.8490e+02     1.4000      0.048      0.069    27.2524 0.0000e+00
      0.055      0.009     7.6831     96.558     79.653  83.245940     0.4053      7.887   228.4469 3.7074e+02     1.3999      0.054      0.079    27.2520 0.0000e+00
      0.060      0.008     7.6785     96.637     79.647  83.239547     0.4149      7.898   228.5734 3.6205e+02     1.3495      0.060      0.087    27.2514 0.0000e+00
      0.062      0.006     7.6701     96.755     79.652  83.244704     0.4387      7.907   228.7294 3.5748e+02     1.3026      0.063      0.091    27.2505 0.0000e+00
      0.062      0.004     7.6571     96.860     79.652  83.244694     0.4521      7.916   229.0424 3.5967e+02     1.2762      0.061      0.089    27.2496 0.0000e+00
      0.059      0.002     7.6539     96.939     79.646  83.239433     0.4516      7.922   229.4334 3.6240e+02     1.2697      0.057      0.083    27.2491 0.0000e+00
      0.057      0.002     7.6639     96.984     79.650  83.244678     0.4410      7.925   229.4983 3.5974e+02     1.3263      0.055      0.080    27.2490 0.0000e+00
      0.059      0.003     7.6741     97.002     79.650  83.244521     0.4242      7.925   229.5689 3.5444e+02     1.4150      0.057      0.083    27.2488 0.0000e+00
      0.062      0.004     7.6826     96.992     79.643  83.237541     0.4142      7.926   229.9425 3.4923e+02     1.4198      0.060      0.088    27.2486 0.0000e+00
      0.065      0.004     7.6895     96.916     79.630  83.223880     0.4119      7.926   230.3163 3.4953e+02     1.3500      0.065      0.093    27.2491 0.0000e+00
      0.066      0.003     7.6924     96.797     79.614  83.206545     0.4216      7.926   230.5615 3.5533e+02     1.2880      0.066      0.095    27.2496 0.0000e+00
      0.066      0.001     7.6932     96.751     79.626  83.218733     0.4399      7.926   230.6701 3.5716e+02     1.2858      0.065      0.094    27.2500 0.0000e+00
      0.065     -0.001     7.6947     96.826     79.650  83.244047     0.4497      7.923   230.5101 3.5526e+02     1.3565      0.064      0.093    27.2500 0.0000e+00
      0.064     -0.003     7.6885     96.938     79.663  83.258224     0.4486      7.905   230.2625 3.5440e+02     1.4265      0.062      0.091    27.2497 0.0000e+00
      0.064     -0.004     7.6743     97.008     79.668  83.262949     0.4526      7.879   230.1711 3.5799e+02     1.4485      0.062      0.090    27.2495 0.0000e+00
      0.063     -0.004     7.6684     97.046     79.643  83.237582     0.4642      7.872   229.9214 3.6176e+02     1.4514      0.062      0.090    27.2493 0.0000e+00
      0.062     -0.003     7.6786     97.106     79.613  83.205902     0.4725      7.886   229.2214 3.6147e+02     1.4274      0.061      0.088    27.2496 0.0000e+00
      0.060      0.001     7.6898     97.187     79.605  83.197905     0.4700      7.900   228.3332 3.6177e+02     1.3639      0.058      0.085    27.2498 0.0000e+00
      0.058      0.007     7.6949     97.261     79.611  83.204482     0.4410      7.905   227.9588 3.6549e+02     1.2979      0.056      0.082    27.2497 0.0000e+00
      0.058      0.015     7.6952     97.278     79.627  83.221817     0.4058      7.900   227.9640 3.6940e+02     1.2796      0.056      0.081    27.2498 0.0000e+00
      0.063      0.022     7.7006     97.171     79.622  83.216722     0.4020      7.894   227.7930 3.6732e+02     1.3129      0.060      0.087    27.2499 0.0000e+00
      0.072      0.028     7.7084     96.968     79.612  83.206477     0.4120      7.894   227.8708 3.6202e+02     1.3585      0.069      0.100    27.2501 0.0000e+00
      0.084      0.036     7.7139     96.710     79.630  83.225135     0.4180      7.898   227.6131 3.6582e+02     1.4216      0.084      0.122    27.2501 0.0000e+00
      0.094      0.042     7.7203     96.427     79.656  83.251530     0.4170      7.899   226.3124 3.6766e+02     1.4262      0.094      0.137    27.2505 0.0000e+00
      0.101      0.046     7.7085     96.235     79.676  83.271222     0.3995      7.898   225.4797 3.5579e+02     1.3464      0.096      0.140    27.2509 0.0000e+00
      0.112      0.049     7.6911     96.200     79.677  83.272428     0.3814      7.897   225.8052 3.4782e+02     1.3107      0.107      0.156    27.2509 0.0000e+00
      0.129      0.051     7.6722     96.270     79.672  83.266118     0.3804      7.898   226.1186 3.4206e+02     1.3358      0.127      0.184    27.2507 0.0000e+00
      0.144      0.054     7.6440     96.380     79.666  83.258513     0.4052      7.898   225.7411 3.3186e+02     1.3771      0.142      0.206    27.2504 0.0000e+00
      0.158      0.058     7.6269     96.522     79.652  83.244083     0.4474      7.900   225.1987 3.2966e+02     1.4000      0.155      0.223    27.2501 0.0000e+00
      0.172      0.062     7.6264     96.689     79.629  83.218836     0.4741      7.903   225.0671 3.2997e+02     1.4080      0.170      0.245    27.2495 0.0000e+00
      0.187      0.065     7.6349     96.836     79.620  83.207637     0.4710      7.902   225.2681 3.2506e+02     1.3705      0.181      0.264    27.2490 0.0000e+00
      0.203      0.070     7.6429     96.934     79.649  83.235867     0.4517      7.894   225.8226 3.2032e+02     1.2883      0.197      0.286    27.2486 0.0000e+00
      0.223      0.074     7.6541     96.959     79.659  83.242169     0.4401      7.893   226.3505 3.1404e+02     1.2680      0.217      0.315    27.2481 0.0000e+00
      0.244      0.075     7.6696     96.922     79.642  83.220227     0.4468      7.900   226.4022 3.0773e+02     1.3302      0.239      0.347    27.2476 0.0000e+00
      0.264      0.073     7.6816     96.872     79.649  83.224957     0.4578      7.907   226.7062 3.0007e+02     1.3918      0.260      0.377    27.2466 0.0000e+00
      0.285      0.068     7.6905     96.827     79.660  83.235750     0.4651      7.906   227.2728 2.9166e+02     1.3976      0.280      0.405    27.2448 0.0000e+00
      0.305      0.063     7.6932     96.808     79.648  83.223535     0.4684      7.896   227.4887 2.8886e+02     1.3663      0.302      0.437    27.2424 0.0000e+00
      0.318      0.061     7.6876     96.841     79.630  83.204460     0.4720      7.892   227.7687 2.8886e+02     1.3551      0.315      0.455    27.2399 0.0000e+00
      0.327      0.061     7.6844     96.881     79.624  83.195903     0.4760      7.896   227.9043 2.8755e+02     1.3643      0.320      0.463    27.2384 0.0000e+00
      0.338      0.064     7.6808     96.882     79.616  83.183663     0.4668      7.899   227.9243 2.8424e+02     1.3416      0.330      0.478    27.2379 0.0000e+00
      0.354      0.071     7.6765     96.832     79.618  83.183653     0.4528      7.899   228.6974 2.8201e+02     1.3198      0.344      0.498    27.2378 0.0000e+00
      0.376      0.080     7.6824     96.753     79.631  83.195774     0.4477      7.899   229.5086 2.7988e+02     1.3398      0.368      0.533    27.2380 0.0000e+00
      0.399      0.086     7.6866     96.713     79.639  83.203027     0.4554      7.902   229.7313 2.7798e+02     1.4116      0.393      0.569    27.2368 0.0000e+00
      0.424      0.088     7.6868     96.712     79.644  83.207748     0.4705      7.903   230.3573 2.7622e+02     1.4702      0.413      0.599    27.2342 0.0000e+00
      0.451      0.086     7.6840     96.713     79.627  83.189255     0.4721      7.903   231.1403 2.7215e+02     1.4338      0.444      0.645    27.2323 0.0000e+00
      0.474      0.082     7.6738     96.727     79.609  83.170220     0.4582      7.904   231.1108 2.6802e+02     1.3473      0.468      0.680    27.2312 0.0000e+00
      0.491      0.078     7.6713     96.732     79.608  83.168385     0.4438      7.906   230.9477 2.6448e+02     1.3125      0.481      0.697    27.2310 0.0000e+00
      0.508      0.074     7.6736     96.692     79.608  83.167070     0.4570      7.906   231.0616 2.6163e+02     1.3545      0.497      0.721    27.2307 0.0000e+00
      0.526      0.073     7.6718     96.629     79.598  83.154319     0.5008      7.907   231.1106 2.6038e+02     1.4111      0.515      0.747    27.2306 0.0000e+00
      0.544      0.074     7.6739     96.575     79.591  83.141399     0.5322      7.907   231.1962 2.5864e+02     1.4170      0.532      0.772    27.2305 0.0000e+00
      0.563      0.078     7.6765     96.515     79.596  83.138036     0.5372      7.906   231.3220 2.5533e+02     1.3907      0.551      0.799    27.2298 0.0000e+00
      0.583      0.083     7.6723     96.463     79.581  83.113641     0.5280      7.905   231.4272 2.5274e+02     1.3662      0.571      0.828    27.2289 0.0000e+00
      0.604      0.088     7.6652     96.423     79.576  83.100818     0.5127      7.905   231.7800 2.5014e+02     1.3263      0.592      0.859    27.2279 0.0000e+00
      0.626      0.093     7.6636     96.374     79.591  83.110174     0.5022      7.905   232.4900 2.4444e+02     1.2838      0.614      0.890    27.2249 0.0000e+00
      0.650      0.095     7.6587     96.351     79.587  83.099558     0.5085      7.907   232.8702 2.3890e+02     1.2960      0.636      0.923    27.2186 0.0000e+00
      0.677      0.095     7.6540     96.370     79.594  83.099644     0.5307      7.908   232.7642 2.3548e+02     1.3716      0.663      0.961    27.2122 0.0000e+00
      0.706      0.093     7.6549     96.436     79.613  83.111205     0.5471      7.909   232.7572 2.3088e+02     1.4127      0.695      1.008    27.2082 0.0000e+00
      0.731      0.089     7.6477     96.546     79.621  83.112134     0.5399      7.910   232.9581 2.2694e+02     1.3827      0.720      1.044    27.2041 0.0000e+00
      0.751      0.084     7.6472     96.645     79.624  83.110856     0.5260      7.910   233.2146 2.2519e+02     1.3504      0.737      1.068    27.1999 0.0000e+00
      0.770      0.080     7.6495     96.732     79.613  83.095742     0.5214      7.909   233.4491 2.2378e+02     1.3299      0.756      1.096    27.1965 0.0000e+00
      0.788      0.080     7.6535     96.812     79.582  83.056585     0.5167      7.908   233.7278 2.2250e+02     1.3402      0.773      1.121    27.1907 0.0000e+00
      0.805      0.084     7.6677     96.879     79.556  83.018983     0.5194      7.908   233.8304 2.2131e+02     1.4067      0.788      1.144    27.1845 0.0000e+00
      0.825      0.090     7.6738     96.967     79.571  83.022660     0.5290      7.907   233.6583 2.1909e+02     1.4159      0.806      1.170    27.1828 0.0000e+00
      0.851      0.096     7.6809     97.053     79.596  83.037431     0.5331      7.907   233.5390 2.1601e+02     1.3830      0.831      1.205    27.1816 0.0000e+00
      0.881      0.101     7.6897     97.098     79.576  83.006766     0.5271      7.907   233.6783 2.1313e+02     1.3847      0.865      1.254    27.1771 0.0000e+00
      0.910      0.105     7.6926     97.116     79.555  82.969866     0.5149      7.907   233.9658 2.1094e+02     1.3678      0.895      1.298    27.1703 0.0000e+00
      0.935      0.106     7.7024     97.086     79.570  82.972835     0.5109      7.907   234.2625 2.0842e+02     1.3493      0.915      1.329    27.1612 0.0000e+00
      0.961      0.105     7.7124     96.958     79.585  82.979036     0.5196      7.907   234.4264 2.0506e+02     1.3673      0.942      1.367    27.1553 0.0000e+00
      0.988      0.104     7.7147     96.822     79.593  82.981225     0.5285      7.907   234.3984 2.0231e+02     1.3801      0.970      1.407    27.1502 0.0000e+00
      1.014      0.101     7.7178     96.799     79.613  82.999299     0.5271      7.907   234.6117 1.9987e+02     1.3671      0.994      1.442    27.1395 0.0000e+00
      1.040      0.096     7.7208     96.838     79.623  83.006768     0.5199      7.908   235.4576 1.9682e+02     1.3469      1.020      1.481    27.1300 0.0000e+00
      1.067      0.087     7.7077     96.862     79.626  83.007934     0.5165      7.910   236.7106 1.9312e+02     1.3400      1.046      1.518    27.1249 0.0000e+00
      1.092      0.076     7.6907     96.875     79.631  83.013393     0.5274      7.911   237.4579 1.9007e+02     1.3527      1.072      1.555    27.1220 0.0000e+00
      1.111      0.062     7.6935     96.877     79.627  83.009176     0.5518      7.912   237.0943 1.8873e+02     1.3640      1.092      1.584    27.1201 0.0000e+00
      1.123      0.047     7.6998     96.877     79.638  83.020540     0.5705      7.913   235.8415 1.8783e+02     1.3740      1.102      1.599    27.1184 0.0000e+00
      1.132      0.034     7.7000     96.887     79.639  83.023602     0.5775      7.914   234.7856 1.8710e+02     1.3707      1.110      1.610    27.1170 0.0000e+00
      1.138      0.026     7.7017     96.859     79.598  82.982601     0.5875      7.915   234.6534 1.8692e+02     1.3592      1.118      1.621    27.1168 0.0000e+00
      1.140      0.023     7.7021     96.802     79.585  82.969976     0.5910      7.916   234.7591 1.8670e+02     1.3716      1.118      1.622    27.1168 0.0000e+00
      1.141      0.027     7.6999     96.822     79.611  82.998152     0.5790      7.916   234.8587 1.8600e+02     1.3836      1.118      1.621    27.1171 0.0000e+00
      1.144      0.036     7.7035     96.932     79.618  83.005297     0.5669      7.914   235.0833 1.8465e+02     1.3340      1.121      1.626    27.1183 0.0000e+00
      1.154      0.048     7.7023     97.062     79.607  82.992768     0.5611      7.912   235.1517 1.8317e+02     1.2843      1.130      1.638    27.1196 0.0000e+00
      1.170      0.059     7.6914     97.168     79.591  82.973849     0.5664      7.911   235.0831 1.8200e+02     1.3293      1.147      1.662    27.1207 0.0000e+00
      1.190      0.066     7.6932     97.210     79.586  82.967337     0.5818      7.911   234.9417 1.7978e+02     1.3998      1.165      1.689    27.1210 0.0000e+00
      1.213      0.072     7.7057     97.170     79.597  82.977630     0.5888      7.911   234.8190 1.7756e+02     1.4189      1.190      1.726    27.1209 0.0000e+00
      1.235      0.080     7.7158     97.063     79.592  82.971108     0.5845      7.910   234.8898 1.7687e+02     1.4237      1.215      1.761    27.1202 0.0000e+00
      1.250      0.091     7.7265     96.935     79.576  82.952067     0.5715      7.910   235.1100 1.7565e+02     1.4230      1.226      1.779    27.1188 0.0000e+00
      1.264      0.106     7.7303     96.840     79.565  82.938192     0.5575      7.910   235.3305 1.7348e+02     1.3765      1.236      1.793    27.1181 0.0000e+00
      1.286      0.124     7.7263     96.753     79.563  82.930524     0.5565      7.910   235.4045 1.7087e+02     1.3065      1.254      1.819    27.1179 0.0000e+00
      1.325      0.144     7.7176     96.655     79.566  82.922945     0.5668      7.910   235.4888 1.6720e+02     1.2933      1.295      1.880    27.1165 0.0000e+00
      1.373      0.164     7.7041     96.590     79.566  82.910132     0.5818      7.910   235.5756 1.6355e+02     1.3539      1.348      1.956    27.1144 0.0000e+00
      1.421      0.178     7.6990     96.556     79.569  82.902770     0.5884      7.910   235.5074 1.5976e+02     1.4242      1.393      2.020    27.1142 0.0000e+00
      1.469      0.182     7.6938     96.523     79.570  82.897511     0.5796      7.911   235.4386 1.5528e+02     1.4253      1.440      2.088    27.1115 0.0000e+00
      1.521      0.176     7.6838     96.477     79.586  82.910125     0.5755      7.911   235.4326 1.5123e+02     1.3671      1.490      2.162    27.1033 0.0000e+00
      1.571      0.165     7.6809     96.427     79.606  82.928086     0.5965      7.911   235.6069 1.4807e+02     1.3353      1.543      2.238    27.0943 0.0000e+00
