Data/DataNotYetUploadedToEDI/Raw_CTD/RawDownloads/080923_ccr50_S8188001.cnv
* Sea-Bird SBE19plus  Data File:
* FileName = C:\R\Reservoirs\Data\DataNotYetUploadedToEDI\Raw_CTD\RawDownloads\080923_ccr50_S8188_0001.hex
* Software version 2.8.0.119
* Temperature SN = 8188
* Conductivity SN = 8188
* System UpLoad Time = Aug 10 2023 10:03:05
* <ApplicationData>
* <Seaterm232>
# nquan = 16
# nvalues = 1586                        
# units = specified
# name 0 = depFM: Depth [fresh water, m]
# name 1 = dz/dtM: Descent Rate [m/s]
# name 2 = sbeox0Mg/L: Oxygen, SBE 43 [mg/l]
# name 3 = sbeox0PS: Oxygen, SBE 43 [% saturation]
# name 4 = specc: Specific Conductance [uS/cm]
# name 5 = c0uS/cm: Conductivity [uS/cm]
# name 6 = wetCDOM: Fluorescence, WET Labs CDOM [mg/m^3]
# name 7 = flECO-AFL: Fluorescence, WET Labs ECO-AFL/FL [mg/m^3]
# name 8 = flECO-AFL1: Fluorescence, WET Labs ECO-AFL/FL, 2 [mg/m^3]
# name 9 = flECO-AFL2: Fluorescence, WET Labs ECO-AFL/FL, 3 [mg/m^3]
# name 10 = par/sat/log: PAR/Logarithmic, Satlantic
# name 11 = turbWETntu0: Turbidity, WET Labs ECO [NTU]
# name 12 = prdM: Pressure, Strain Gauge [db]
# name 13 = prdE: Pressure, Strain Gauge [psi]
# name 14 = tv290C: Temperature [ITS-90, deg C]
# name 15 = flag:  0.000e+00
# span 0 =     -0.494,     20.359       
# span 1 =     -0.391,      0.168       
# span 2 =     0.4504,     9.5186       
# span 3 =      4.214,    107.085       
# span 4 =   -672.740,    113.568       
# span 5 =-511.276973,  84.733048       
# span 6 =    -4.5000,     7.1100       
# span 7 =    -0.5885,     4.9314       
# span 8 =    -2.1300,     1.7466       
# span 9 =    -2.0304,     2.3688       
# span 10 = 1.1565e-01, 3.3558e+03      
# span 11 =    -1.3853,    88.7955      
# span 12 =     -0.484,     19.965      
# span 13 =     -0.702,     28.957      
# span 14 =    11.9332,    34.2576      
# span 15 = 0.0000e+00, 0.0000e+00      
# interval = seconds: 0.25
# start_time = Aug 09 2023 12:56:23 [Instrument's time stamp, header]
# bad_flag = -9.990e-29
*END*
[from data line 543]
      6.374      0.099     7.3565     86.981     79.409  71.458365     2.9700     2.7570     0.0426     0.5499 8.8907e+01     0.8391      6.251      9.066    20.3692 0.0000e+00
      6.398      0.097     7.4202     90.132     79.448  71.379816     2.9700     2.7570     0.0426     0.5499 8.8156e+01     0.8842      6.275      9.101    20.2583 0.0000e+00
      6.422      0.097     7.5211     93.728     79.486  71.306001     3.1500     2.8028     0.0426     0.5922 8.7850e+01     0.7790      6.298      9.134    20.1573 0.0000e+00
      6.446      0.097     7.6799     97.327     79.523  71.233103     3.1500     2.8104     0.0426     0.5922 8.6863e+01     1.1698      6.321      9.168    20.0680 0.0000e+00
      6.470      0.100     7.9109    100.456     79.560  71.159537     3.1500     2.7646     0.0426     0.5922 8.5831e+01     0.9143      6.345      9.202    19.9893 0.0000e+00
      6.495      0.103     8.2093    102.701     79.593  71.077585     3.1500     2.7837     0.0426     0.5922 8.4719e+01     1.0345      6.370      9.238    19.9176 0.0000e+00
      6.522      0.107     8.5482    103.790     79.620  70.979277     3.1500     2.7799     0.0426     0.5922 8.3695e+01     1.0796      6.396      9.276    19.8497 0.0000e+00
      6.549      0.110     8.8879    103.649     79.653  70.870138     3.1500     3.1614     0.0852     0.8037 8.2360e+01     1.3351      6.423      9.316    19.7833 0.0000e+00
      6.579      0.113     9.1852    102.398     79.697  70.752802     3.1500     3.1690     0.0852     0.8037 7.9927e+01     1.2299      6.452      9.357    19.7164 0.0000e+00
      6.609      0.114     9.4027    100.294     79.748  70.625733     3.1500     3.1499     0.0852     0.8037 7.9080e+01     1.2600      6.481      9.400    19.6463 0.0000e+00
      6.639      0.114     9.5161     97.638     79.814  70.498685     3.1500     3.1385     0.0852     0.8037 7.7347e+01     1.2450      6.510      9.443    19.5692 0.0000e+00
      6.668      0.113     9.5186     94.677     79.905  70.383403     3.1500     3.1499     0.0852     0.6345 7.6312e+01     1.3201      6.539      9.484    19.4824 0.0000e+00
      6.697      0.110     9.4210     91.573     80.022  70.284846     3.1500     3.1385     0.0852     0.6345 7.5372e+01     1.3502      6.567      9.525    19.3848 0.0000e+00
      6.724      0.107     9.2464     88.441     80.152  70.200532     3.1500     3.1499     0.0852     0.6345 7.4138e+01     1.4253      6.594      9.565    19.2770 0.0000e+00
      6.751      0.104     9.0218     85.355     80.284  70.125823     3.1500     3.1309     0.0852     0.6345 7.2812e+01     1.2750      6.621      9.603    19.1607 0.0000e+00
      6.777      0.100     8.7692     82.335     80.414  70.064596     3.2400     3.0164     0.0426     0.6768 7.2418e+01     1.3051      6.646      9.640    19.0384 0.0000e+00
      6.802      0.097     8.5029     79.392     80.546  70.022340     3.2400     3.0508     0.0426     0.6768 7.1495e+01     1.3652      6.671      9.675    18.9129 0.0000e+00
      6.826      0.094     8.2325     76.589     80.675  69.995714     3.2400     3.0508     0.0426     0.6768 7.0815e+01     1.2600      6.694      9.709    18.7888 0.0000e+00
      6.849      0.091     7.9643     74.021     80.789  69.973647     3.2400     3.0431     0.0426     0.6768 7.0294e+01     1.3051      6.717      9.742    18.6708 0.0000e+00
      6.872      0.090     7.6997     71.761     80.881  69.946283     3.2400     2.7685     0.0426     0.6768 6.9807e+01     1.0045      6.739      9.774    18.5618 0.0000e+00
      6.894      0.090     7.4396     69.837     80.955  69.906320     3.2400     2.7913     0.0852     0.7191 6.9278e+01     1.1999      6.760      9.805    18.4639 0.0000e+00
      6.916      0.091     7.1899     68.232     81.021  69.847069     3.2400     2.7837     0.0852     0.7191 6.8693e+01     1.1097      6.782      9.836    18.3777 0.0000e+00
      6.938      0.094     6.9598     66.894     81.078  69.760662     3.2400     2.7799     0.0852     0.7191 6.8306e+01     1.1097      6.804      9.868    18.3028 0.0000e+00
      6.962      0.098     6.7567     65.742     81.134  69.649842     3.2400     2.6655     0.0852     0.7191 6.7642e+01     1.2901      6.827      9.902    18.2365 0.0000e+00
      6.987      0.103     6.5845     64.666     81.213  69.536631     3.1500     2.6655     0.0852     0.8037 6.7085e+01     1.2600      6.852      9.938    18.1721 0.0000e+00
      7.014      0.108     6.4427     63.540     81.322  69.432495     3.1500     2.6807     0.0852     0.8037 6.5715e+01     1.3201      6.879      9.977    18.1008 0.0000e+00
      7.043      0.111     6.3272     62.285     81.444  69.333460     3.1500     2.6883     0.0852     0.8037 6.3400e+01     1.3351      6.907     10.018    18.0172 0.0000e+00
      7.073      0.114     6.2308     60.893     81.576  69.240883     3.1500     2.2306     0.0852     0.8037 6.1661e+01     1.8161      6.937     10.061    17.9194 0.0000e+00
      7.103      0.115     6.1427     59.399     81.705  69.145939     3.1500     2.2229     0.0852     0.8883 6.1207e+01     1.7860      6.966     10.104    17.8079 0.0000e+00
      7.133      0.114     6.0506     57.858     81.822  69.037189     3.1500     2.2306     0.0852     0.8883 6.0231e+01     1.7860      6.995     10.146    17.6869 0.0000e+00
      7.161      0.113     5.9462     56.319     81.944  68.929270     3.1500     2.2306     0.0852     0.8883 5.9412e+01     1.8161      7.023     10.186    17.5622 0.0000e+00
      7.190      0.111     5.8281     54.816     82.086  68.835056     3.1500     2.5510     0.0852     0.8883 5.8350e+01     1.7860      7.051     10.227    17.4372 0.0000e+00
      7.218      0.110     5.6997     53.363     82.240  68.749253     3.2400     2.5396     0.0852     0.8460 5.7245e+01     1.7410      7.079     10.267    17.3120 0.0000e+00
      7.246      0.109     5.5663     51.951     82.406  68.672777     3.2400     2.5358     0.0852     0.8460 5.6173e+01     1.8612      7.106     10.307    17.1853 0.0000e+00
      7.274      0.108     5.4327     50.551     82.597  68.612999     3.2400     2.5129     0.0852     0.8460 5.5662e+01     1.7860      7.133     10.346    17.0564 0.0000e+00
      7.301      0.107     5.3020     49.141     82.806  68.561908     3.2400     2.5510     0.0852     0.8460 5.4882e+01     2.1317      7.160     10.385    16.9263 0.0000e+00
      7.328      0.108     5.1755     47.714     83.011  68.501902     3.2400     2.5472     0.0852     0.8460 5.4030e+01     2.0866      7.186     10.423    16.7962 0.0000e+00
      7.355      0.109     5.0522     46.268     83.205  68.422923     3.3300     2.5281     0.1278     0.8883 5.3365e+01     2.0716      7.213     10.462    16.6656 0.0000e+00
      7.383      0.111     4.9296     44.790     83.383  68.319773     3.3300     2.5396     0.1278     0.8883 5.2582e+01     2.1167      7.240     10.501    16.5331 0.0000e+00
      7.411      0.114     4.8056     43.253     83.554  68.198660     3.3300     2.4137     0.1278     0.8883 5.2036e+01     2.2370      7.267     10.541    16.3978 0.0000e+00
      7.440      0.116     4.6795     41.635     83.732  68.080836     3.3300     2.4022     0.1278     0.8883 5.0984e+01     2.2670      7.296     10.582    16.2591 0.0000e+00
      7.471      0.119     4.5513     39.935     83.920  67.978514     3.3300     2.4366     0.0852     1.2267 4.9338e+01     2.2670      7.326     10.626    16.1159 0.0000e+00
      7.502      0.121     4.4197     38.175     84.089  67.874317     3.3300     2.4251     0.0852     1.2267 4.7995e+01     2.2520      7.357     10.671    15.9660 0.0000e+00
      7.534      0.122     4.2819     36.396     84.198  67.732517     3.3300     2.2573     0.0852     1.2267 4.7653e+01     2.8231      7.388     10.715    15.8097 0.0000e+00
      7.565      0.123     4.1353     34.642     84.250  67.547031     3.3300     2.2229     0.0852     1.2267 4.6750e+01     2.7179      7.418     10.760    15.6523 0.0000e+00
      7.596      0.124     3.9792     32.948     84.301  67.357655     3.4200     2.2306     0.1278     1.6497 4.6044e+01     2.6578      7.449     10.804    15.5003 0.0000e+00
      7.628      0.124     3.8154     31.353     84.382  67.193227     3.4200     2.2573     0.1278     1.6497 4.5398e+01     2.7029      7.480     10.849    15.3566 0.0000e+00
      7.659      0.124     3.6482     29.909     84.487  67.057499     3.4200     2.2153     0.1278     1.6497 4.4394e+01     2.1768      7.511     10.894    15.2198 0.0000e+00
      7.692      0.123     3.4825     28.666     84.605  66.949972     3.4200     2.1505     0.1278     1.6497 4.3091e+01     2.2370      7.543     10.940    15.0848 0.0000e+00
      7.724      0.122     3.3219     27.654     84.724  66.863786     3.5100     2.1848     0.1278     1.7343 4.2239e+01     2.2370      7.574     10.986    14.9483 0.0000e+00
      7.755      0.120     3.1706     26.879     84.832  66.791819     3.5100     2.1962     0.1278     1.7343 4.1484e+01     2.2971      7.605     11.030    14.8124 0.0000e+00
      7.785      0.119     3.0335     26.330     84.920  66.722811     3.5100     1.9902     0.1278     1.7343 4.0813e+01     2.3422      7.634     11.073    14.6826 0.0000e+00
      7.814      0.117     2.9153     25.988     84.983  66.650256     3.5100     1.9750     0.1278     1.7343 4.0319e+01     2.2971      7.663     11.115    14.5635 0.0000e+00
      7.843      0.117     2.8193     25.832     85.044  66.586540     3.5100     1.9902     0.1278     1.7343 3.9780e+01     2.2670      7.692     11.156    14.4572 0.0000e+00
      7.873      0.116     2.7462     25.825     85.107  66.534504     3.4200     1.9864     0.1278     1.8189 3.9043e+01     2.2820      7.720     11.198    14.3642 0.0000e+00
      7.902      0.115     2.6952     25.899     85.161  66.484237     3.4200     1.7232     0.1278     1.8189 3.7709e+01     2.7329      7.750     11.240    14.2830 0.0000e+00
      7.932      0.114     2.6647     25.979     85.211  66.440181     3.4200     1.7232     0.1278     1.8189 3.6826e+01     2.6127      7.779     11.282    14.2109 0.0000e+00
      7.962      0.112     2.6528     26.014     85.261  66.406456     3.4200     1.7194     0.1278     1.8189 3.6153e+01     2.6879      7.808     11.324    14.1454 0.0000e+00
      7.991      0.108     2.6557     25.976     85.300  66.376048     3.4200     1.7041     0.1278     0.9729 3.4540e+01     2.7480      7.836     11.365    14.0856 0.0000e+00
      8.018      0.104     2.6666     25.855     85.323  66.340847     3.4200     1.7308     0.1278     0.9729 3.3945e+01     2.2670      7.863     11.404    14.0312 0.0000e+00
      8.044      0.100     2.6777     25.660     85.343  66.307333     3.4200     1.7308     0.1278     0.9729 3.3702e+01     2.2670      7.888     11.441    13.9824 0.0000e+00
      8.068      0.096     2.6839     25.414     85.385  66.290371     3.4200     1.7347     0.1278     0.9729 3.3410e+01     2.3271      7.912     11.475    13.9399 0.0000e+00
      8.091      0.093     2.6820     25.135     85.439  66.281469     3.4200     1.7308     0.0852     0.8883 3.2963e+01     2.2370      7.935     11.508    13.9040 0.0000e+00
      8.114      0.090     2.6713     24.837     85.487  66.270317     3.4200     1.5439     0.0852     0.8883 3.2066e+01     2.5075      7.958     11.541    13.8732 0.0000e+00
      8.137      0.088     2.6529     24.529     85.533  66.261873     3.4200     1.5516     0.0852     0.8883 3.1309e+01     2.5526      7.980     11.574    13.8445 0.0000e+00
      8.159      0.085     2.6291     24.210     85.576  66.257850     3.4200     1.5554     0.0852     0.8883 3.0582e+01     2.5225      8.002     11.605    13.8154 0.0000e+00
      8.181      0.083     2.6019     23.884     85.617  66.257175     3.4200     1.5783     0.0852     0.8883 3.0291e+01     2.4023      8.023     11.636    13.7858 0.0000e+00
      8.201      0.081     2.5727     23.556     85.653  66.255700     3.4200     1.4142     0.0852     0.8460 2.9984e+01     2.5826      8.043     11.665    13.7573 0.0000e+00
      8.221      0.080     2.5422     23.232     85.682  66.249063     3.4200     1.4066     0.0852     0.8460 2.9461e+01     2.4925      8.062     11.693    13.7315 0.0000e+00
      8.241      0.080     2.5104     22.925     85.706  66.239462     3.4200     1.3951     0.0852     0.8460 2.8815e+01     2.5225      8.082     11.721    13.7095 0.0000e+00
      8.261      0.080     2.4776     22.656     85.735  66.232269     3.4200     1.4219     0.0852     0.8460 2.8398e+01     2.5526      8.101     11.750    13.6908 0.0000e+00
      8.281      0.083     2.4445     22.438     85.766  66.221598     3.4200     1.2464     0.0852     0.7191 2.8067e+01     2.9434      8.121     11.778    13.6738 0.0000e+00
      8.302      0.086     2.4118     22.274     85.780  66.192701     3.4200     1.2578     0.0852     0.7191 2.7903e+01     2.9885      8.141     11.808    13.6569 0.0000e+00
      8.323      0.090     2.3808     22.156     85.781  66.149772     3.4200     1.2197     0.0852     0.7191 2.7339e+01     2.8983      8.162     11.838    13.6401 0.0000e+00
      8.346      0.094     2.3537     22.063     85.788  66.109131     3.4200     1.2159     0.0852     0.7191 2.6757e+01     2.9885      8.185     11.871    13.6228 0.0000e+00
      8.371      0.099     2.3322     21.975     85.807  66.075807     3.4200     1.3112     0.0426     0.6345 2.6142e+01     3.0937      8.209     11.907    13.6029 0.0000e+00
      8.398      0.102     2.3163     21.883     85.838  66.052815     3.4200     1.3074     0.0426     0.6345 2.5183e+01     3.0636      8.235     11.944    13.5796 0.0000e+00
      8.425      0.105     2.3053     21.780     85.882  66.041953     3.4200     1.2807     0.0426     0.6345 2.4117e+01     3.1087      8.262     11.983    13.5541 0.0000e+00
      8.453      0.107     2.2970     21.661     85.928  66.036359     3.4200     1.3189     0.0426     0.6345 2.3691e+01     3.1087      8.290     12.023    13.5271 0.0000e+00
      8.481      0.107     2.2892     21.526     85.969  66.030570     3.4200     1.1930     0.0852     0.4230 2.2901e+01     3.1388      8.317     12.063    13.4994 0.0000e+00
      8.508      0.106     2.2810     21.377     86.008  66.027008     3.4200     1.1663     0.0852     0.4230 2.2080e+01     3.1538      8.344     12.102    13.4721 0.0000e+00
      8.535      0.105     2.2716     21.219     86.049  66.028691     3.4200     1.1930     0.0852     0.4230 2.1695e+01     3.1388      8.370     12.140    13.4462 0.0000e+00
      8.562      0.103     2.2604     21.061     86.087  66.032099     3.4200     1.1853     0.0852     0.4230 2.0949e+01     3.1838      8.396     12.178    13.4223 0.0000e+00
      8.588      0.101     2.2474     20.903     86.117  66.034172     3.4200     1.1586     0.0852     0.4230 2.0194e+01     2.8081      8.422     12.215    13.4006 0.0000e+00
      8.613      0.100     2.2328     20.746     86.142  66.035463     3.4200     1.1815     0.0852     0.3384 1.9738e+01     2.9434      8.447     12.251    13.3811 0.0000e+00
      8.638      0.099     2.2172     20.603     86.163  66.036315     3.4200     1.1853     0.0852     0.3384 1.9419e+01     2.9434      8.471     12.287    13.3639 0.0000e+00
      8.663      0.099     2.2014     20.482     86.179  66.036954     3.4200     1.1701     0.0852     0.3384 1.9122e+01     2.9434      8.495     12.321    13.3491 0.0000e+00
      8.687      0.100     2.1854     20.384     86.198  66.041519     3.4200     1.0671     0.0852     0.3384 1.8723e+01     3.2740      8.519     12.356    13.3366 0.0000e+00
      8.712      0.103     2.1696     20.317     86.225  66.055194     3.4200     1.0709     0.0426     0.3384 1.8233e+01     3.2440      8.544     12.392    13.3262 0.0000e+00
