Data/DataNotYetUploadedToEDI/Raw_CTD/RawDownloads/080923_ccr50_S7809002.cnv
* Sea-Bird SBE19plus  Data File:
* FileName = C:\R\Reservoirs\Data\DataNotYetUploadedToEDI\Raw_CTD\RawDownloads\080923_ccr50_S7809_0002.hex
* Software version 2.8.0.119
* Temperature SN = 7809
* Conductivity SN = 7809
* System UpLoad Time = Aug 10 2023 10:09:04
* <ApplicationData>
* <Seaterm232>
# nquan = 15
# nvalues = 1639                        
# units = specified
# name 0 = depFM: Depth [fresh water, m]
# name 1 = dz/dtM: Descent Rate [m/s]
# name 2 = sbeox0Mg/L: Oxygen, SBE 43 [mg/l]
# name 3 = sbeox0PS: Oxygen, SBE 43 [% saturation]
# name 4 = specc: Specific Conductance [uS/cm]
# name 5 = c0uS/cm: Conductivity [uS/cm]
# name 6 = flECO-AFL: Fluorescence, WET Labs ECO-AFL/FL [mg/m^3]
# name 7 = ph: pH
# name 8 = orp: Oxidation Reduction Potential [mV]
# name 9 = par/sat/log: PAR/Logarithmic, Satlantic
# name 10 = turbWETntu0: Turbidity, WET Labs ECO [NTU]
# name 11 = prdM: Pressure, Strain Gauge [db]
# name 12 = prdE: Pressure, Strain Gauge [psi]
# name 13 = tv290C: Temperature [ITS-90, deg C]
# name 14 = flag:  0.000e+00
# span 0 =     -0.496,     20.306       
# span 1 =     -0.316,      0.237       
# span 2 =     0.1211,     9.4374       
# span 3 =      1.136,    110.473       
# span 4 =      4.528,    115.387       
# span 5 =   4.657236,  85.264594       
# span 6 =    -1.7070,   227.4079       
# span 7 =      7.021,      8.169       
# span 8 = -1240.7455,   912.4349       
# span 9 = 1.2348e-01, 2.5538e+03       
# span 10 =    -4.0645,    62.8394      
# span 11 =     -0.487,     19.914      
# span 12 =     -0.707,     28.883      
# span 13 =    11.9312,    27.2542      
# span 14 = 0.0000e+00, 0.0000e+00      
# interval = seconds: 0.25
# start_time = Aug 09 2023 12:17:38 [Instrument's time stamp, header]
# bad_flag = -9.990e-29
*END*
[from data line 1157]
     20.305 -7.855e-08     0.6241      5.810     89.823  67.291764    -0.0517      7.060   -86.6881 1.2362e-01    -0.1671     19.913     28.882    12.4526 0.0000e+00
     20.305 -8.640e-07     0.6238      5.804     89.909  67.358621     0.0218      7.060   -92.4732 1.2358e-01     1.2231     19.913     28.881    12.4531 0.0000e+00
     20.306      0.000     0.6225      5.805     90.144  67.535012     0.1733      7.061   -97.6096 1.2360e-01     3.8926     19.914     28.882    12.4548 0.0000e+00
     20.306      0.000     0.6211      5.809     90.558  67.835697     0.2737      7.062   -98.4593 1.2366e-01     5.4316     19.914     28.883    12.4543 0.0000e+00
     20.306     -0.001     0.6192      5.806     90.995  68.134332     0.3783      7.064   -96.7233 1.2368e-01     6.2021     19.913     28.882    12.4552 0.0000e+00
     20.306     -0.003     0.6188      5.803     91.418  68.412981     1.4290      7.067   -94.9459 1.2365e-01    13.3452     19.913     28.882    12.4559 0.0000e+00
     20.305     -0.004     0.6186      5.808     91.624  68.535515     3.3644      7.068   -92.8867 1.2362e-01    26.4850     19.912     28.881    12.4578 0.0000e+00
     20.304     -0.006     0.6201      5.808     91.557  68.471861     4.4191      7.068   -90.5832 1.2363e-01    33.6635     19.911     28.879    12.4563 0.0000e+00
     20.303     -0.007     0.6190      5.782     91.715  68.596656     4.4694      7.070   -88.2602 1.2365e-01    34.2805     19.909     28.878    12.4375 0.0000e+00
     20.300     -0.009     0.6192      5.727     92.363  69.091062     4.0142      7.074   -85.7064 1.2362e-01    34.5935     19.907     28.874    12.4134 0.0000e+00
     20.298     -0.010     0.6199      5.650     93.074  69.619451     3.1843      7.077   -83.0225 1.2361e-01    35.2278     19.906     28.871    12.3944 0.0000e+00
     20.295     -0.011     0.6218      5.537     93.132  69.646574     2.7413      7.082   -80.3300 1.2366e-01    35.6301     19.902     28.866    12.3837 0.0000e+00
     20.292     -0.013     0.6188      5.404     93.283  69.736727     2.7037      7.092   -77.5860 1.2375e-01    35.5979     19.899     28.861    12.3940 0.0000e+00
     20.290     -0.014     0.6115      5.279     94.892  70.899980     2.5297      7.104   -75.0552 1.2377e-01    34.2234     19.897     28.859    12.4027 0.0000e+00
     20.286     -0.015     0.6055      5.157     96.667  72.143150     2.1770      7.118   -72.6168 1.2370e-01    31.6157     19.894     28.854    12.3988 0.0000e+00
     20.281     -0.015     0.5921      5.013     96.938  72.245907     1.9767      7.130   -70.0439 1.2361e-01    30.1671     19.889     28.846    12.3901 0.0000e+00
     20.276     -0.015     0.5765      4.852     96.271  71.697397     1.9889      7.141   -67.5204 1.2362e-01    30.0990     19.884     28.839    12.3763 0.0000e+00
     20.272     -0.016     0.5638      4.718     95.826  71.359126     2.3249      7.155   -65.0784 1.2370e-01    30.9630     19.880     28.833    12.3668 0.0000e+00
     20.269     -0.018     0.5524      4.630     95.953  71.461267     2.9428      7.171   -62.5441 1.2375e-01    32.5859     19.877     28.830    12.3204 0.0000e+00
     20.266     -0.020     0.5385      4.544     96.276  71.724676     3.2840      7.190   -59.9364 1.2372e-01    33.4604     19.875     28.827    12.2457 0.0000e+00
     20.262     -0.023     0.5188      4.435     96.265  71.747182     3.3132      7.210   -57.4679 1.2366e-01    33.5775     19.871     28.820    12.2250 0.0000e+00
     20.255     -0.026     0.5027      4.322     95.780  71.415584     3.3123      7.228   -55.0688 1.2363e-01    34.2412     19.864     28.810    12.2329 0.0000e+00
     20.246     -0.028     0.4969      4.247     95.208  71.020714     3.4311      7.242   -52.6963 1.2363e-01    41.5876     19.855     28.797    12.2288 0.0000e+00
     20.237     -0.031     0.4877      4.224     94.766  70.723126     3.6756      7.253   -50.4639 1.2361e-01    55.0742     19.846     28.784    12.2453 0.0000e+00
     20.230     -0.036     0.4758      4.224     94.414  70.487112     3.8216      7.261   -47.8659 1.2363e-01    62.4117     19.838     28.773    12.2650 0.0000e+00
     20.223     -0.045     0.4610      4.235     93.999  70.201075     3.8319      7.268   -44.7732 1.2367e-01    62.8394     19.832     28.763    12.2762 0.0000e+00
     20.214     -0.059     0.4517      4.261     93.514  69.870668     3.6994      7.274   -42.1525 1.2363e-01    60.2104     19.825     28.754    12.2951 0.0000e+00
     20.201     -0.078     0.4516      4.303     93.357  69.797313     3.4523      7.279   -40.0114 1.2361e-01    55.2544     19.814     28.738    12.3127 0.0000e+00
     20.181     -0.099     0.4510      4.361     93.762  70.140476     3.3080      7.283   -37.6415 1.2361e-01    52.4482     19.795     28.710    12.3273 0.0000e+00
     20.152     -0.119     0.4526      4.447     94.675  70.841883     3.2610      7.288   -35.3526 1.2359e-01    51.6946     19.766     28.668    12.3372 0.0000e+00
     20.114     -0.135     0.4542      4.516     95.703  71.604055     2.9587      7.294   -33.3298 1.2360e-01    46.8945     19.728     28.614    12.3510 0.0000e+00
     20.071     -0.145     0.4603      4.547     96.418  72.109675     2.4078      7.300   -31.4243 1.2359e-01    38.2030     19.682     28.546    12.3808 0.0000e+00
     20.028     -0.149     0.4631      4.581     97.423  72.823577     2.1104      7.305   -29.9514 1.2363e-01    33.5082     19.639     28.482    12.4050 0.0000e+00
     19.990     -0.149     0.4753      4.565     99.309  74.196725     2.0758      7.310   -28.8570 1.2368e-01    32.9998     19.603     28.431    12.4146 0.0000e+00
     19.955     -0.146     0.4858      4.464    100.939  75.362301     1.9392      7.311   -27.9148 1.2368e-01    31.3728     19.569     28.383    12.4118 0.0000e+00
     19.920     -0.143     0.4822      4.312    101.604  75.791146     1.6911      7.312   -27.1635 1.2365e-01    28.4225     19.535     28.333    12.3925 0.0000e+00
     19.884     -0.142     0.4924      4.107    102.058  76.075861     1.5557      7.316   -26.3980 1.2363e-01    26.8415     19.500     28.282    12.3692 0.0000e+00
     19.848     -0.143     0.4921      3.864    102.183  76.134432     1.5424      7.322   -25.5427 1.2359e-01    26.7074     19.466     28.232    12.3575 0.0000e+00
     19.811     -0.143     0.4776      3.602    101.936  75.927093     1.5143      7.329   -24.6519 1.2357e-01    26.3220     19.427     28.177    12.3338 0.0000e+00
     19.774     -0.143     0.4644      3.327    101.859  75.857728     1.4574      7.335   -23.8001 1.2360e-01    25.5637     19.390     28.123    12.2888 0.0000e+00
     19.737     -0.142     0.4410      3.054    102.488  76.312994     1.4286      7.344   -23.1599 1.2362e-01    25.1223     19.356     28.074    12.2651 0.0000e+00
     19.700     -0.142     0.4144      2.803    102.724  76.472249     1.4237      7.352   -22.5043 1.2366e-01    24.8796     19.320     28.021    12.2501 0.0000e+00
     19.664     -0.142     0.3868      2.581    100.568  74.858233     1.3400      7.358   -21.6369 1.2366e-01    22.8677     19.282     27.967    12.2360 0.0000e+00
     19.630     -0.144     0.3565      2.391     97.811  72.819180     1.1988      7.364   -20.8465 1.2364e-01    19.2777     19.250     27.920    12.2347 0.0000e+00
     19.596     -0.148     0.3266      2.245     96.366  71.780439     1.1393      7.371   -20.0026 1.2364e-01    17.3400     19.219     27.875    12.2286 0.0000e+00
     19.559     -0.152     0.2989      2.120     95.611  71.261992     1.1463      7.377   -18.8330 1.2369e-01    17.1336     19.182     27.822    12.2182 0.0000e+00
     19.518     -0.155     0.2764      1.992     94.959  70.809540     1.1329      7.381   -17.7184 1.2371e-01    16.7141     19.142     27.763    12.2104 0.0000e+00
     19.474     -0.159     0.2539      1.883     94.008  70.123655     1.1024      7.384   -16.6779 1.2362e-01    15.9224     19.097     27.698    12.2162 0.0000e+00
     19.431     -0.163     0.2399      1.821     93.078  69.452187     1.0771      7.388   -15.4591 1.2357e-01    15.4528     19.053     27.634    12.2402 0.0000e+00
     19.392     -0.167     0.2279      1.795     92.503  69.046809     1.0686      7.390   -14.2526 1.2357e-01    15.4083     19.016     27.580    12.2661 0.0000e+00
     19.353     -0.171     0.2126      1.810     92.031  68.717940     1.0740      7.392   -13.3615 1.2352e-01    15.3502     18.981     27.530    12.2834 0.0000e+00
     19.309     -0.172     0.1991      1.892     91.660  68.463008     1.0515      7.396   -12.7726 1.2348e-01    14.6482     18.938     27.467    12.2941 0.0000e+00
     19.262     -0.171     0.1936      2.000     91.440  68.316023     1.0050      7.399   -12.0361 1.2349e-01    13.3765     18.890     27.397    12.3047 0.0000e+00
     19.213     -0.167     0.1916      2.118     91.198  68.148301     0.9855      7.401   -10.9961 1.2353e-01    12.7146     18.841     27.326    12.3187 0.0000e+00
     19.167     -0.162     0.1890      2.270     90.930  67.960399     0.9745      7.403    -9.8343 1.2362e-01    12.7270     18.793     27.257    12.3315 0.0000e+00
     19.127     -0.159     0.2025      2.445     90.645  67.760062     0.9540      7.403    -8.6583 1.2368e-01    12.8087     18.753     27.199    12.3436 0.0000e+00
     19.094     -0.160     0.2136      2.615     90.201  67.441972     0.9541      7.404    -7.5319 1.2364e-01    12.9157     18.725     27.158    12.3537 0.0000e+00
     19.062     -0.165     0.2246      2.771     89.810  67.164894     0.9682      7.405    -6.3679 1.2362e-01    12.9630     18.697     27.117    12.3598 0.0000e+00
     19.024     -0.174     0.2415      2.932     89.758  67.142646     0.9744      7.406    -5.1673 1.2364e-01    12.8681     18.660     27.064    12.3661 0.0000e+00
     18.974     -0.184     0.2615      3.090     89.776  67.172996     0.9544      7.407    -4.1133 1.2361e-01    12.1778     18.610     26.991    12.3736 0.0000e+00
     18.917     -0.191     0.2806      3.261     89.643  67.087030     0.9179      7.409    -3.1755 1.2359e-01    10.9708     18.551     26.906    12.3810 0.0000e+00
     18.861     -0.195     0.2945      3.456     89.589  67.056513     0.9075      7.409    -2.1737 1.2357e-01    10.3323     18.495     26.825    12.3895 0.0000e+00
     18.809     -0.196     0.3141      3.644     89.498  66.994680     0.9121      7.409    -1.1210 1.2359e-01    10.2992     18.443     26.750    12.3993 0.0000e+00
     18.763     -0.197     0.3292      3.829     89.211  66.784263     0.8991      7.410     0.0027 1.2367e-01    10.2622     18.398     26.684    12.4088 0.0000e+00
     18.721     -0.199     0.3463      4.021     89.055  66.673058     0.8745      7.411     1.3456 1.2367e-01    10.1585     18.360     26.630    12.4168 0.0000e+00
     18.674     -0.204     0.3697      4.196     89.039  66.666919     0.8556      7.411     2.8122 1.2361e-01    10.0709     18.317     26.567    12.4224 0.0000e+00
     18.619     -0.207     0.3893      4.335     89.004  66.646504     0.8453      7.411     4.0546 1.2358e-01    10.0224     18.261     26.486    12.4253 0.0000e+00
     18.558     -0.207     0.4076      4.454     88.958  66.616878     0.8329      7.411     4.9246 1.2360e-01     9.8112     18.200     26.396    12.4275 0.0000e+00
     18.498     -0.204     0.4299      4.576     88.965  66.626458     0.8143      7.411     5.7600 1.2359e-01     9.4303     18.139     26.308    12.4305 0.0000e+00
     18.443     -0.199     0.4494      4.696     89.058  66.698796     0.8039      7.411     6.9284 1.2355e-01     9.2088     18.083     26.227    12.4336 0.0000e+00
     18.398     -0.196     0.4635      4.800     89.010  66.665383     0.7984      7.412     8.4687 1.2352e-01     9.1482     18.040     26.164    12.4372 0.0000e+00
     18.359     -0.196     0.4746      4.901     88.838  66.540208     0.7645      7.412    10.1008 1.2357e-01     9.0056     18.005     26.114    12.4404 0.0000e+00
     18.316     -0.201     0.4880      5.011     88.803  66.519844     0.7110      7.413    11.5185 1.2366e-01     8.7481     17.966     26.057    12.4425 0.0000e+00
     18.264     -0.211     0.5024      5.121     88.828  66.546272     0.6845      7.413    12.8762 1.2363e-01     8.5969     17.914     25.983    12.4440 0.0000e+00
     18.203     -0.222     0.5116      5.220     88.726  66.478473     0.6851      7.413    14.2997 1.2357e-01     8.6466     17.851     25.891    12.4451 0.0000e+00
     18.141     -0.230     0.5222      5.295     88.609  66.399132     0.6934      7.413    15.5652 1.2362e-01     8.6991     17.789     25.801    12.4468 0.0000e+00
     18.078     -0.230     0.5345      5.364     88.618  66.413106     0.7094      7.413    16.6486 1.2366e-01     8.5492     17.729     25.715    12.4503 0.0000e+00
     18.014     -0.225     0.5464      5.441     88.670  66.456790     0.7282      7.413    17.7624 1.2358e-01     8.2689     17.664     25.620    12.4548 0.0000e+00
     17.955     -0.219     0.5580      5.524     88.699  66.482488     0.7297      7.413    19.0523 1.2355e-01     8.1104     17.604     25.531    12.4597 0.0000e+00
     17.906     -0.214     0.5648      5.622     88.678  66.469643     0.7195      7.413    20.4567 1.2355e-01     8.1019     17.559     25.467    12.4649 0.0000e+00
     17.861     -0.213     0.5709      5.739     88.619  66.428573     0.7218      7.413    21.9229 1.2353e-01     8.0302     17.519     25.410    12.4690 0.0000e+00
     17.810     -0.214     0.5804      5.857     88.532  66.367214     0.7323      7.413    23.2720 1.2356e-01     7.8240     17.468     25.334    12.4715 0.0000e+00
     17.752     -0.217     0.5880      5.960     88.433  66.299695     0.7373      7.413    24.2068 1.2362e-01     7.6920     17.408     25.248    12.4733 0.0000e+00
     17.692     -0.222     0.5983      6.054     88.439  66.311241     0.7321      7.413    25.0523 1.2366e-01     7.6977     17.350     25.164    12.4752 0.0000e+00
     17.632     -0.225     0.6116      6.135     88.438  66.316178     0.7030      7.414    26.1818 1.2367e-01     7.7564     17.290     25.077    12.4767 0.0000e+00
     17.574     -0.226     0.6254      6.199     88.321  66.232303     0.6607      7.415    27.5383 1.2363e-01     7.8553     17.230     24.991    12.4786 0.0000e+00
     17.520     -0.225     0.6352      6.268     88.253  66.186796     0.6450      7.415    28.8917 1.2361e-01     7.9370     17.181     24.919    12.4826 0.0000e+00
     17.465     -0.222     0.6454      6.350     88.360  66.274338     0.6456      7.415    29.9842 1.2362e-01     7.9588     17.129     24.844    12.4875 0.0000e+00
     17.406     -0.221     0.6551      6.420     88.520  66.401117     0.6357      7.414    30.9386 1.2361e-01     7.8805     17.069     24.755    12.4902 0.0000e+00
     17.347     -0.221     0.6602      6.480     88.488  66.385172     0.6255      7.413    31.9132 1.2364e-01     7.7417     17.009     24.669    12.4922 0.0000e+00
     17.293     -0.221     0.6669      6.562     88.326  66.272217     0.6216      7.412    32.9062 1.2369e-01     7.6811     16.957     24.595    12.4954 0.0000e+00
     17.239     -0.219     0.6771      6.667     88.276  66.242802     0.6217      7.412    33.9106 1.2363e-01     7.6937     16.908     24.522    12.4992 0.0000e+00
     17.181     -0.216     0.6851      6.773     88.321  66.283724     0.6357      7.412    34.9370 1.2356e-01     7.7238     16.850     24.439    12.5033 0.0000e+00
     17.123     -0.213     0.6884      6.886     88.367  66.322170     0.6567      7.412    36.1958 1.2359e-01     7.7371     16.790     24.351    12.5074 0.0000e+00
     17.068     -0.210     0.6978      7.014     88.370  66.326375     0.6601      7.412    37.6876 1.2365e-01     7.7184     16.737     24.275    12.5127 0.0000e+00
     17.017     -0.205     0.7107      7.163     88.294  66.271024     0.6435      7.411    38.9499 1.2369e-01     7.7029     16.688     24.204    12.5178 0.0000e+00
