Data/DataNotYetUploadedToEDI/Raw_CTD/RawDownloads/080923_ccr50_S7809002.cnv
* Sea-Bird SBE19plus  Data File:
* FileName = C:\R\Reservoirs\Data\DataNotYetUploadedToEDI\Raw_CTD\RawDownloads\080923_ccr50_S7809_0002.hex
* Software version 2.8.0.119
* Temperature SN = 7809
* Conductivity SN = 7809
* System UpLoad Time = Aug 10 2023 10:09:04
* <ApplicationData>
* <Seaterm232>
# nquan = 15
# nvalues = 1639                        
# units = specified
# name 0 = depFM: Depth [fresh water, m]
# name 1 = dz/dtM: Descent Rate [m/s]
# name 2 = sbeox0Mg/L: Oxygen, SBE 43 [mg/l]
# name 3 = sbeox0PS: Oxygen, SBE 43 [% saturation]
# name 4 = specc: Specific Conductance [uS/cm]
# name 5 = c0uS/cm: Conductivity [uS/cm]
# name 6 = flECO-AFL: Fluorescence, WET Labs ECO-AFL/FL [mg/m^3]
# name 7 = ph: pH
# name 8 = orp: Oxidation Reduction Potential [mV]
# name 9 = par/sat/log: PAR/Logarithmic, Satlantic
# name 10 = turbWETntu0: Turbidity, WET Labs ECO [NTU]
# name 11 = prdM: Pressure, Strain Gauge [db]
# name 12 = prdE: Pressure, Strain Gauge [psi]
# name 13 = tv290C: Temperature [ITS-90, deg C]
# name 14 = flag:  0.000e+00
# span 0 =     -0.496,     20.306       
# span 1 =     -0.316,      0.237       
# span 2 =     0.1211,     9.4374       
# span 3 =      1.136,    110.473       
# span 4 =      4.528,    115.387       
# span 5 =   4.657236,  85.264594       
# span 6 =    -1.7070,   227.4079       
# span 7 =      7.021,      8.169       
# span 8 = -1240.7455,   912.4349       
# span 9 = 1.2348e-01, 2.5538e+03       
# span 10 =    -4.0645,    62.8394      
# span 11 =     -0.487,     19.914      
# span 12 =     -0.707,     28.883      
# span 13 =    11.9312,    27.2542      
# span 14 = 0.0000e+00, 0.0000e+00      
# interval = seconds: 0.25
# start_time = Aug 09 2023 12:17:38 [Instrument's time stamp, header]
# bad_flag = -9.990e-29
*END*
[from data line 290]
      0.050     -0.007     7.6543     96.550     79.642  83.240692     0.3933      7.910   220.9429 4.0499e+02     1.1492      0.048      0.070    27.2523 0.0000e+00
      0.051     -0.003     7.6557     96.617     79.647  83.244791     0.4016      7.910   220.1654 4.0068e+02     1.1677      0.051      0.074    27.2531 0.0000e+00
      0.052      0.001     7.6552     96.726     79.647  83.244531     0.4196      7.910   220.0723 3.9755e+02     1.2110      0.052      0.076    27.2534 0.0000e+00
      0.051      0.004     7.6567     96.768     79.642  83.237542     0.4196      7.909   220.3330 3.9131e+02     1.2623      0.051      0.073    27.2535 0.0000e+00
      0.051      0.004     7.6548     96.730     79.630  83.223879     0.4018      7.909   220.0489 4.1624e+02     1.3106      0.049      0.071    27.2530 0.0000e+00
      0.051      0.000     7.6594     96.694     79.614  83.206534     0.3871      7.908   219.8200 4.2421e+02     1.3162      0.049      0.071    27.2523 0.0000e+00
      0.056     -0.007     7.6743     96.695     79.625  83.218619     0.3841      7.907   219.8894 4.0261e+02     1.2957      0.054      0.079    27.2516 0.0000e+00
      0.061     -0.014     7.6776     96.719     79.648  83.242800     0.3901      7.906   220.1126 4.0135e+02     1.3021      0.063      0.091    27.2505 0.0000e+00
      0.058     -0.018     7.6706     96.729     79.649  83.244510     0.4017      7.905   220.4541 4.1837e+02     1.3593      0.062      0.090    27.2498 0.0000e+00
      0.044     -0.018     7.6675     96.715     79.643  83.239302     0.4082      7.903   220.8351 4.3121e+02     1.4071      0.045      0.066    27.2497 0.0000e+00
      0.027     -0.016     7.6679     96.713     79.646  83.243430     0.4013      7.900   221.1058 4.3443e+02     1.3671      0.021      0.032    27.2501 0.0000e+00
      0.019     -0.014     7.6709     96.762     79.633  83.230815     0.3936      7.897   221.0597 4.3373e+02     1.2852      0.012      0.018    27.2507 0.0000e+00
      0.024     -0.011     7.6726     96.863     79.617  83.213978     0.3906      7.897   220.9661 4.3408e+02     1.2714      0.022      0.032    27.2509 0.0000e+00
      0.034     -0.007     7.6699     96.977     79.634  83.230645     0.3891      7.893   220.9207 4.3350e+02     1.3366      0.038      0.055    27.2512 0.0000e+00
      0.037     -0.002     7.6681     97.046     79.646  83.241537     0.3917      7.859   220.6830 4.3517e+02     1.3898      0.041      0.060    27.2518 0.0000e+00
      0.028      0.000     7.6719     97.026     79.624  83.218487     0.3977      7.805   220.5866 4.4028e+02     1.4025      0.028      0.041    27.2524 0.0000e+00
      0.018      0.000     7.6813     96.948     79.611  83.206337     0.4031      7.795   220.7016 4.4378e+02     1.3884      0.014      0.020    27.2527 0.0000e+00
      0.017      0.000     7.6921     96.913     79.625  83.221824     0.4071      7.826   220.7839 4.4484e+02     1.3560      0.012      0.017    27.2516 0.0000e+00
      0.025      0.001     7.6995     96.979     79.618  83.214950     0.4049      7.856   220.9788 4.4403e+02     1.3521      0.024      0.035    27.2504 0.0000e+00
      0.034      0.004     7.6972     97.079     79.591  83.186820     0.3933      7.876   221.0785 4.4263e+02     1.3417      0.037      0.053    27.2505 0.0000e+00
      0.036      0.005     7.6871     97.122     79.603  83.199693     0.3917      7.889   221.0433 4.4174e+02     1.2646      0.038      0.056    27.2512 0.0000e+00
      0.031      0.004     7.6815     97.090     79.644  83.243408     0.4016      7.899   221.2421 4.4165e+02     1.1709      0.031      0.045    27.2521 0.0000e+00
      0.026      0.002     7.6898     97.023     79.669  83.270192     0.4045      7.905   221.5887 4.4043e+02     1.1650      0.023      0.034    27.2524 0.0000e+00
      0.025      0.001     7.7013     96.959     79.668  83.269149     0.4022      7.908   221.8777 4.3729e+02     1.1932      0.022      0.032    27.2525 0.0000e+00
      0.029      0.002     7.7047     96.909     79.631  83.230799     0.3991      7.909   222.0700 4.3512e+02     1.2043      0.028      0.040    27.2528 0.0000e+00
      0.034      0.003     7.7006     96.879     79.590  83.188079     0.3913      7.908   222.0207 4.3569e+02     1.2654      0.034      0.050    27.2529 0.0000e+00
      0.036      0.003     7.6939     96.858     79.599  83.197817     0.3836      7.907   221.8850 4.3775e+02     1.3167      0.036      0.053    27.2531 0.0000e+00
      0.035      0.001     7.6889     96.826     79.622  83.221346     0.3804      7.905   221.8919 4.3914e+02     1.3123      0.035      0.050    27.2538 0.0000e+00
      0.033     -0.002     7.6845     96.772     79.621  83.218176     0.3863      7.900   221.9309 4.3932e+02     1.3487      0.033      0.047    27.2542 0.0000e+00
      0.031     -0.004     7.6826     96.729     79.626  83.223071     0.4046      7.883   222.3564 4.3883e+02     1.4158      0.031      0.045    27.2540 0.0000e+00
      0.031     -0.005     7.6815     96.744     79.620  83.216938     0.4180      7.865   222.9070 4.3825e+02     1.4407      0.031      0.045    27.2537 0.0000e+00
      0.030     -0.005     7.6794     96.815     79.611  83.207617     0.4072      7.865   222.9096 4.3751e+02     1.4102      0.031      0.045    27.2532 0.0000e+00
      0.029     -0.005     7.6746     96.900     79.640  83.237568     0.3827      7.878   222.8179 4.3636e+02     1.2858      0.029      0.042    27.2525 0.0000e+00
      0.027     -0.004     7.6686     96.962     79.663  83.261085     0.3706      7.891   222.8313 4.3567e+02     1.1323      0.026      0.037    27.2521 0.0000e+00
      0.025     -0.003     7.6707     96.991     79.640  83.237567     0.3773      7.901   222.8132 4.3545e+02     1.0909      0.024      0.035    27.2522 0.0000e+00
      0.024     -0.002     7.6776     96.975     79.612  83.207608     0.3888      7.908   222.8574 4.3536e+02     1.1269      0.024      0.034    27.2519 0.0000e+00
      0.024      0.001     7.6861     96.927     79.621  83.216839     0.3936      7.913   222.9352 4.3551e+02     1.1236      0.023      0.034    27.2518 0.0000e+00
      0.025      0.003     7.6900     96.876     79.626  83.221981     0.3946      7.914   222.9802 4.3491e+02     1.0854      0.024      0.036    27.2520 0.0000e+00
      0.026      0.003     7.6935     96.821     79.611  83.206190     0.4006      7.909   222.9715 4.3362e+02     1.0750      0.026      0.037    27.2521 0.0000e+00
      0.028      0.003     7.6921     96.800     79.622  83.216696     0.4072      7.901   223.0875 4.3297e+02     1.1005      0.027      0.040    27.2520 0.0000e+00
      0.030      0.002     7.6859     96.836     79.627  83.221814     0.3993      7.896   223.4364 4.3304e+02     1.0857      0.030      0.044    27.2518 0.0000e+00
      0.031      0.001     7.6841     96.889     79.610  83.204470     0.3884      7.897   223.7476 4.3346e+02     1.0668      0.031      0.045    27.2516 0.0000e+00
      0.030     -0.001     7.6772     96.919     79.604  83.197790     0.3922      7.900   223.8392 4.3377e+02     1.1117      0.028      0.042    27.2512 0.0000e+00
      0.028     -0.002     7.6748     96.927     79.610  83.204641     0.4037      7.902   223.7697 4.3315e+02     1.1507      0.027      0.040    27.2510 0.0000e+00
      0.027     -0.002     7.6793     96.902     79.628  83.223716     0.4117      7.897   223.7668 4.3190e+02     1.1967      0.027      0.039    27.2510 0.0000e+00
      0.027     -0.001     7.6854     96.863     79.641  83.237624     0.4047      7.889   223.8913 4.3108e+02     1.2235      0.026      0.038    27.2508 0.0000e+00
      0.027      0.000     7.6866     96.887     79.648  83.245609     0.3865      7.885   224.1563 4.3083e+02     1.1680      0.027      0.039    27.2507 0.0000e+00
      0.027      0.001     7.6880     96.948     79.658  83.256660     0.3823      7.882   224.3030 4.3065e+02     1.1054      0.026      0.038    27.2509 0.0000e+00
      0.027      0.002     7.6868     96.995     79.646  83.244055     0.3872      7.883   223.7727 4.3022e+02     1.0819      0.027      0.039    27.2514 0.0000e+00
      0.028      0.003     7.6783     97.059     79.624  83.220395     0.3880      7.888   223.2518 4.2957e+02     1.1572      0.027      0.040    27.2517 0.0000e+00
      0.029      0.004     7.6826     97.159     79.629  83.224978     0.4003      7.893   223.4257 4.2875e+02     1.2985      0.028      0.041    27.2521 0.0000e+00
      0.030      0.004     7.6901     97.224     79.640  83.235863     0.4191      7.896   223.8096 4.2811e+02     1.3565      0.028      0.041    27.2523 0.0000e+00
      0.031      0.003     7.6915     97.201     79.629  83.224808     0.4149      7.897   224.0211 4.2816e+02     1.3454      0.030      0.044    27.2521 0.0000e+00
      0.033      0.002     7.6954     97.125     79.623  83.218512     0.3919      7.898   224.6062 4.2911e+02     1.3350      0.033      0.048    27.2521 0.0000e+00
      0.034      0.001     7.7064     97.058     79.628  83.223341     0.3819      7.898   225.3778 4.3040e+02     1.3332      0.034      0.049    27.2516 0.0000e+00
      0.034      0.000     7.7140     97.019     79.623  83.219591     0.3939      7.898   225.4345 4.3040e+02     1.3581      0.033      0.048    27.2511 0.0000e+00
      0.033      0.000     7.7098     96.973     79.639  83.236780     0.4121      7.900   225.3786 4.2883e+02     1.3961      0.032      0.045    27.2511 0.0000e+00
      0.032      0.001     7.7025     96.898     79.642  83.240373     0.4192      7.900   225.6476 4.2695e+02     1.4178      0.030      0.043    27.2510 0.0000e+00
      0.032      0.002     7.6957     96.810     79.603  83.199433     0.4135      7.900   225.9342 4.2565e+02     1.4152      0.030      0.044    27.2511 0.0000e+00
      0.033      0.003     7.6949     96.749     79.591  83.186965     0.4099      7.900   226.1767 4.2523e+02     1.3644      0.032      0.047    27.2517 0.0000e+00
      0.036      0.004     7.6913     96.722     79.619  83.216823     0.4080      7.901   226.5152 4.2544e+02     1.3163      0.035      0.051    27.2523 0.0000e+00
      0.038      0.004     7.6851     96.697     79.644  83.242452     0.4000      7.901   226.7576 4.2569e+02     1.3456      0.037      0.054    27.2526 0.0000e+00
      0.038      0.003     7.6766     96.680     79.644  83.242452     0.3951      7.901   226.5261 4.2574e+02     1.4114      0.038      0.055    27.2528 0.0000e+00
      0.038      0.000     7.6706     96.680     79.619  83.216825     0.3990      7.902   226.1255 4.2579e+02     1.4288      0.037      0.054    27.2528 0.0000e+00
      0.037     -0.002     7.6717     96.696     79.591  83.186980     0.4141      7.902   225.9578 4.2607e+02     1.3855      0.037      0.053    27.2527 0.0000e+00
      0.037     -0.002     7.6677     96.715     79.603  83.199595     0.4280      7.902   226.0465 4.2646e+02     1.3310      0.036      0.053    27.2527 0.0000e+00
      0.036     -0.002     7.6668     96.684     79.644  83.242165     0.4253      7.903   226.1656 4.2626e+02     1.3171      0.036      0.052    27.2525 0.0000e+00
      0.035     -0.002     7.6669     96.619     79.657  83.256505     0.4070      7.903   226.4512 4.2536e+02     1.3192      0.034      0.049    27.2527 0.0000e+00
      0.034     -0.002     7.6673     96.581     79.647  83.245776     0.3890      7.903   226.8327 4.2459e+02     1.2888      0.033      0.047    27.2527 0.0000e+00
      0.034     -0.002     7.6722     96.563     79.641  83.239644     0.3826      7.905   226.5623 4.2426e+02     1.2915      0.033      0.048    27.2525 0.0000e+00
      0.034     -0.002     7.6694     96.573     79.647  83.245962     0.3883      7.909   225.7629 4.2406e+02     1.3516      0.034      0.049    27.2526 0.0000e+00
      0.034     -0.002     7.6600     96.646     79.658  83.258568     0.4073      7.914   225.2548 4.2371e+02     1.4004      0.033      0.048    27.2525 0.0000e+00
      0.033     -0.002     7.6595     96.741     79.664  83.264871     0.4214      7.919   225.1510 4.2298e+02     1.4025      0.032      0.047    27.2526 0.0000e+00
      0.032     -0.002     7.6577     96.825     79.658  83.258567     0.4174      7.921   225.1098 4.2270e+02     1.3775      0.031      0.045    27.2528 0.0000e+00
      0.031     -0.001     7.6555     96.921     79.646  83.245953     0.4081      7.922   225.2731 4.2310e+02     1.3366      0.030      0.043    27.2530 0.0000e+00
      0.030      0.002     7.6641     97.001     79.641  83.239545     0.4012      7.922   225.8349 4.2275e+02     1.3182      0.028      0.041    27.2534 0.0000e+00
      0.030      0.004     7.6730     97.017     79.646  83.244687     0.4009      7.913   226.3103 4.2165e+02     1.3606      0.029      0.042    27.2535 0.0000e+00
      0.032      0.004     7.6772     96.963     79.646  83.244521     0.4125      7.893   226.5477 4.2079e+02     1.4054      0.031      0.045    27.2535 0.0000e+00
      0.035      0.004     7.6863     96.858     79.639  83.237540     0.4168      7.879   226.7260 4.2048e+02     1.4157      0.035      0.050    27.2532 0.0000e+00
      0.039      0.003     7.6952     96.779     79.626  83.223878     0.4023      7.883   226.8310 4.2056e+02     1.3822      0.039      0.057    27.2529 0.0000e+00
      0.039      0.001     7.6951     96.774     79.609  83.206534     0.3872      7.895   226.9579 4.2031e+02     1.3418      0.040      0.058    27.2528 0.0000e+00
      0.037     -0.001     7.6923     96.841     79.621  83.218619     0.3846      7.907   226.9691 4.1932e+02     1.3372      0.037      0.053    27.2526 0.0000e+00
      0.034     -0.001     7.6800     96.950     79.644  83.242800     0.3952      7.914   226.7083 4.1816e+02     1.3612      0.033      0.047    27.2524 0.0000e+00
      0.033     -0.001     7.6724     97.006     79.647  83.244519     0.4081      7.918   226.3854 4.1736e+02     1.4267      0.031      0.045    27.2527 0.0000e+00
      0.034      0.000     7.6733     96.974     79.642  83.239401     0.4069      7.919   226.1627 4.1703e+02     1.4459      0.032      0.046    27.2528 0.0000e+00
      0.036      0.001     7.6774     96.906     79.647  83.244520     0.4061      7.919   226.0810 4.1691e+02     1.3882      0.034      0.050    27.2527 0.0000e+00
      0.038      0.003     7.6910     96.827     79.645  83.242811     0.4145      7.919   226.6015 4.1651e+02     1.3445      0.037      0.055    27.2528 0.0000e+00
      0.038      0.004     7.6965     96.762     79.622  83.218734     0.4082      7.919   228.1537 4.1531e+02     1.3270      0.038      0.056    27.2525 0.0000e+00
      0.037      0.007     7.6907     96.765     79.612  83.207796     0.3879      7.919   229.7924 4.1401e+02     1.3470      0.036      0.052    27.2523 0.0000e+00
      0.036      0.008     7.6855     96.804     79.641  83.237763     0.3772      7.919   229.7230 4.1369e+02     1.3477      0.034      0.050    27.2522 0.0000e+00
      0.039      0.008     7.6794     96.794     79.665  83.263078     0.3796      7.919   228.4335 4.1430e+02     1.3362      0.036      0.053    27.2520 0.0000e+00
      0.045      0.007     7.6708     96.744     79.661  83.259487     0.3914      7.919   227.7945 4.0449e+02     1.3779      0.043      0.063    27.2521 0.0000e+00
      0.051      0.006     7.6724     96.730     79.659  83.257932     0.4037      7.918   227.6758 3.9495e+02     1.4081      0.053      0.076    27.2520 0.0000e+00
      0.052      0.004     7.6797     96.786     79.646  83.244286     0.3959      7.906   227.5147 4.0323e+02     1.3943      0.053      0.077    27.2518 0.0000e+00
      0.049      0.004     7.6777     96.835     79.625  83.221682     0.3801      7.876   227.3949 4.0475e+02     1.3473      0.048      0.069    27.2521 0.0000e+00
