Data/DataNotYetUploadedToEDI/Raw_CTD/RawDownloads/081125_fcr50_S7809006.cnv
* Sea-Bird SBE19plus  Data File:
* FileName = C:\R\Reservoirs\Data\DataNotYetUploadedToEDI\Raw_CTD\RawDownloads\080425_fcr50_S7809_0006.hex
* Software version 2.8.0.119
* Temperature SN = 7809
* Conductivity SN = 7809
* System UpLoad Time = Aug 11 2025 16:40:48
* <ApplicationData>
* <Seaterm232>
# nquan = 15
# nvalues = 3651                        
# units = specified
# name 0 = depFM: Depth [fresh water, m]
# name 1 = dz/dtM: Descent Rate [m/s]
# name 2 = sbeox0Mg/L: Oxygen, SBE 43 [mg/l]
# name 3 = sbeox0PS: Oxygen, SBE 43 [% saturation]
# name 4 = specc: Specific Conductance [uS/cm]
# name 5 = c0uS/cm: Conductivity [uS/cm]
# name 6 = flECO-AFL: Fluorescence, WET Labs ECO-AFL/FL [mg/m^3]
# name 7 = ph: pH
# name 8 = orp: Oxidation Reduction Potential [mV]
# name 9 = par/sat/log: PAR/Logarithmic, Satlantic
# name 10 = turbWETntu0: Turbidity, WET Labs ECO [NTU]
# name 11 = prdM: Pressure, Strain Gauge [db]
# name 12 = prdE: Pressure, Strain Gauge [psi]
# name 13 = tv290C: Temperature [ITS-90, deg C]
# name 14 = flag:  0.000e+00
# span 0 =     -0.574,      9.702       
# span 1 =     -0.530,      0.275       
# span 2 =    -0.8558,     9.0565       
# span 3 =     -7.602,    105.931       
# span 4 =      1.474,    285.260       
# span 5 =   1.373850, 210.782710       
# span 6 =    -0.0692,    19.5828       
# span 7 =      7.014,      9.067       
# span 8 = -1240.7454,   235.3110       
# span 9 = 1.2355e-01, 2.2371e+02       
# span 10 =     0.7190,   623.5485      
# span 11 =     -0.564,      9.515      
# span 12 =     -0.818,     13.800      
# span 13 =    11.8315,    23.5808      
# span 14 = 0.0000e+00, 0.0000e+00      
# interval = seconds: 0.25
# start_time = Aug 11 2025 10:14:24 [Instrument's time stamp, header]
# bad_flag = -9.990e-29
*END*
     -0.574 2.5422e-09     8.0231     91.756      1.474   1.373850    -0.0141      7.015 -1240.7454 1.7649e+02     1.4767     -0.563     -0.816    21.5864 0.0000e+00
     -0.574 4.1078e-08     8.0423     91.879      1.488   1.386376    -0.0085      7.015 -1240.7445 1.7973e+02     1.5402     -0.563     -0.816    21.5859 0.0000e+00
     -0.574 4.5305e-07     8.0546     92.010      1.501   1.398781    -0.0177      7.015 -1240.7346 1.7339e+02     1.4959     -0.563     -0.816    21.5848 0.0000e+00
     -0.574      0.000     8.0737     92.098      1.500   1.397159    -0.0427      7.014 -1240.6257 1.4919e+02     1.3858     -0.563     -0.817    21.5842 0.0000e+00
     -0.574      0.000     8.0905     92.154      1.535   1.430103    -0.0441      7.014 -1239.4282 1.1849e+02     1.3698     -0.563     -0.817    21.5826 0.0000e+00
     -0.574      0.001     8.0944     92.224      1.996   1.860450    -0.0089      7.030 -1226.2547 9.9006e+01     1.5080     -0.563     -0.817    21.5824 0.0000e+00
     -0.574      0.007     8.1138     92.274      7.143   6.663783     0.0579      7.192 -1081.3472 9.4511e+01     1.8957     -0.562     -0.815    21.5799 0.0000e+00
     -0.574      0.028     8.1186     92.305     20.455  19.140586     0.3892      7.429  -637.7938 1.0013e+02     4.9980     -0.564     -0.817    21.5808 0.0000e+00
     -0.574      0.068     8.1215     92.348     33.585  31.582451     0.9667      7.424  -120.9414 1.1286e+02    10.7331     -0.562     -0.814    21.5763 0.0000e+00
     -0.572      0.119     8.1299     92.373     38.279  36.245056     1.2975      7.256   103.1697 1.3114e+02    13.9529     -0.564     -0.818    21.5819 0.0000e+00
     -0.551      0.172     8.1358     92.403     38.212  36.446783     1.3850      7.152   121.4903 1.4964e+02    13.9710     -0.560     -0.812    21.5714 0.0000e+00
     -0.487      0.219     8.1303     92.624     37.838  36.306176     1.8497      7.126   121.2210 1.6377e+02    11.0541     -0.490     -0.711    21.6042 0.0000e+00
     -0.395      0.255     8.0879     93.129     37.558  36.195037     2.6878      7.159   120.4766 1.7369e+02     5.8766     -0.382     -0.555    21.9101 0.0000e+00
     -0.305      0.275     8.0234     93.754     37.373  36.118445     3.1371      7.215   120.4053 1.8062e+02     3.1558     -0.293     -0.426    22.3535 0.0000e+00
     -0.231      0.272     7.9623     94.328     37.338  36.141655     3.1782      7.271   120.7896 1.8635e+02     3.0254     -0.223     -0.323    22.7102 0.0000e+00
     -0.167      0.247     7.9326     94.865     37.393  36.221950     3.2027      7.323   121.4229 1.9199e+02     3.0018     -0.163     -0.236    23.0001 0.0000e+00
     -0.107      0.211     7.9527     95.419     37.427  36.264462     3.2337      7.370   122.1263 1.9505e+02     2.8703     -0.102     -0.149    23.2085 0.0000e+00
     -0.054      0.173     7.9941     95.961     37.376  36.211514     3.2523      7.412   123.1863 1.8440e+02     2.8022     -0.049     -0.070    23.3355 0.0000e+00
     -0.013      0.137     8.0293     96.441     37.263  36.089358     3.2372      7.452   124.4307 1.5947e+02     2.8621     -0.009     -0.013    23.4068 0.0000e+00
      0.016      0.103     8.0684     96.815     37.175  35.993023     3.2501      7.488   125.3840 1.4191e+02     2.9448      0.021      0.029    23.4350 0.0000e+00
      0.034      0.073     8.1153     97.014     37.117  35.935024     3.3005      7.520   125.6781 1.3798e+02     2.8460      0.036      0.052    23.4463 0.0000e+00
      0.044      0.050     8.1640     97.045     37.072  35.895692     3.3060      7.546   125.4923 1.3569e+02     2.6239      0.043      0.062    23.4438 0.0000e+00
      0.050      0.036     8.2085     96.988     37.067  35.898167     3.2912      7.568   125.8908 1.3312e+02     2.5135      0.050      0.072    23.4170 0.0000e+00
      0.053      0.031     8.2475     96.876     37.062  35.901508     3.2956      7.585   126.6242 1.3232e+02     2.5696      0.053      0.077    23.3980 0.0000e+00
      0.056      0.029     8.2642     96.736     37.027  35.872650     3.3009      7.598   126.7888 1.3067e+02     2.7219      0.053      0.077    23.3980 0.0000e+00
      0.063      0.028     8.2615     96.606     37.018  35.866502     3.2885      7.613   126.8485 1.2730e+02     2.7492      0.058      0.085    23.4044 0.0000e+00
      0.077      0.026     8.2550     96.525     37.041  35.890632     3.2536      7.630   127.0875 1.2489e+02     2.5927      0.076      0.111    23.4171 0.0000e+00
      0.090      0.024     8.2427     96.668     37.060  35.910603     3.2286      7.648   127.4414 1.2456e+02     2.5027      0.094      0.137    23.4312 0.0000e+00
      0.094      0.023     8.2272     97.056     37.062  35.917623     3.2367      7.664   127.9442 1.2516e+02     2.6177      0.094      0.135    23.4383 0.0000e+00
      0.093      0.021     8.2174     97.102     37.049  35.912073     3.2600      7.676   128.4345 1.2575e+02     2.8217      0.089      0.128    23.4395 0.0000e+00
      0.094      0.017     8.2046     96.217     37.034  35.906948     3.2687      7.682   128.8092 1.2535e+02     2.8862      0.091      0.131    23.4416 0.0000e+00
      0.100      0.015     8.2062     94.437     37.038  35.919127     3.2499      7.685   128.8613 1.2349e+02     2.8165      0.096      0.140    23.4425 0.0000e+00
      0.108      0.015     8.2644     92.142     37.047  35.932440     3.2575      7.689   128.6345 1.2199e+02     2.7648      0.107      0.156    23.4477 0.0000e+00
      0.114      0.014     8.2913     89.739     37.052  35.941024     3.3113      7.694   128.5625 1.2197e+02     2.7396      0.114      0.165    23.4599 0.0000e+00
      0.116      0.011     8.2059     87.519     37.070  35.959470     3.3424      7.701   128.9360 1.2239e+02     2.7509      0.114      0.165    23.4735 0.0000e+00
      0.117      0.007     8.0410     85.624     37.075  35.965124     3.3424      7.710   129.6238 1.2280e+02     2.7297      0.115      0.166    23.4851 0.0000e+00
      0.117      0.003     7.8321     84.199     37.054  35.945938     3.3118      7.720   130.1677 1.2284e+02     2.6203      0.115      0.166    23.4925 0.0000e+00
      0.117      0.001     7.6177     83.344     37.024  35.917846     3.2718      7.732   130.3491 1.2252e+02     2.5898      0.115      0.167    23.4957 0.0000e+00
      0.117      0.001     7.4272     82.853     36.985  35.879257     3.2656      7.746   130.4404 1.2229e+02     2.6687      0.115      0.167    23.4964 0.0000e+00
      0.117      0.000     7.2621     82.372     36.967  35.860062     3.2616      7.761   130.5839 1.2205e+02     2.7201      0.115      0.167    23.4971 0.0000e+00
      0.118      0.000     7.1335     81.782     36.985  35.876098     3.2489      7.776   130.7072 1.2172e+02     2.6644      0.115      0.167    23.4985 0.0000e+00
      0.118      0.001     7.0688     81.167     36.992  35.882805     3.2377      7.791   130.7264 1.2145e+02     2.5414      0.115      0.167    23.5006 0.0000e+00
      0.118      0.001     7.0417     80.553     36.986  35.877708     3.2430      7.805   130.7308 1.2150e+02     2.5653      0.115      0.167    23.5002 0.0000e+00
      0.118      0.001     7.0047     79.906     36.985  35.877915     3.2709      7.816   131.0183 1.2176e+02     2.7143      0.116      0.168    23.4959 0.0000e+00
      0.118      0.001     6.9480     79.187     36.992  35.885309     3.3009      7.826   131.3627 1.2172e+02     2.7710      0.115      0.167    23.4937 0.0000e+00
      0.119      0.001     6.8968     78.390     37.011  35.903658     3.3144      7.835   131.5398 1.2147e+02     2.7044      0.116      0.168    23.4947 0.0000e+00
      0.119      0.001     6.8455     77.644     37.017  35.909426     3.3009      7.843   131.7827 1.2143e+02     2.5926      0.116      0.169    23.4964 0.0000e+00
      0.119      0.001     6.7906     77.088     37.000  35.891602     3.3039      7.852   132.0628 1.2146e+02     2.6151      0.117      0.169    23.4978 0.0000e+00
      0.119      0.001     6.7325     76.765     36.988  35.878497     3.3343      7.862   132.3451 1.2123e+02     2.7377      0.117      0.169    23.4987 0.0000e+00
      0.119      0.001     6.6583     76.732     36.988  35.877873     3.3270      7.873   132.7007 1.2108e+02     2.7085      0.117      0.170    23.4990 0.0000e+00
      0.119      0.000     6.5904     77.113     36.996  35.884057     3.2900      7.885   132.9215 1.2109e+02     2.5694      0.117      0.170    23.4987 0.0000e+00
      0.120 1.8628e-08     6.5427     77.880     37.003  35.889817     3.2790      7.895   133.0359 1.2084e+02     2.4903      0.117      0.170    23.4980 0.0000e+00
      0.120 2.0490e-07     6.5159     78.840     36.998  35.884052     3.2931      7.905   133.2226 1.2026e+02     2.5387      0.117      0.170    23.4957 0.0000e+00
      0.120 2.0490e-07     6.5062     79.840     36.993  35.877811     3.3438      7.915   133.4582 1.1969e+02     2.6762      0.117      0.170    23.4931 0.0000e+00
      0.119 1.8627e-08     6.5392     80.747     36.993  35.877801     3.4014      7.925   133.8199 1.2009e+02     2.6828      0.117      0.169    23.4916 0.0000e+00
      0.119 1.6934e-09     6.6143     81.445     36.999  35.883937     3.4071      7.936   134.0677 1.2123e+02     2.5506      0.117      0.169    23.4902 0.0000e+00
      0.119 1.5395e-10     6.6980     81.882     37.004  35.888547     3.3955      7.946   134.0457 1.2124e+02     2.5136      0.117      0.170    23.4889 0.0000e+00
      0.119 1.3995e-11     6.7877     82.049     36.986  35.870090     3.3783      7.954   134.1564 1.2059e+02     2.6104      0.117      0.170    23.4880 0.0000e+00
      0.119 1.2723e-12     6.8689     82.001     36.966  35.851122     3.3489      7.959   134.4597 1.2038e+02     2.7301      0.117      0.169    23.4876 0.0000e+00
      0.119 1.1566e-13     6.9290     81.832     36.964  35.849552     3.3224      7.964   134.7007 1.2009e+02     2.7317      0.117      0.170    23.4873 0.0000e+00
      0.119 1.0515e-14     6.9671     81.593     36.964  35.851121     3.2911      7.970   134.9207 1.1969e+02     2.6642      0.117      0.170    23.4870 0.0000e+00
      0.119 9.5590e-16     6.9796     81.350     36.982  35.870088     3.3032      7.976   135.2259 1.1947e+02     2.6982      0.118      0.171    23.4868 0.0000e+00
      0.119 8.6900e-17     6.9714     81.202     37.000  35.888535     3.3774      7.981   135.5519 1.1926e+02     2.7675      0.117      0.170    23.4869 0.0000e+00
      0.120 7.9000e-18     6.9564     81.155     36.994  35.883817     3.4307      7.987   135.8509 1.1935e+02     2.7507      0.118      0.171    23.4877 0.0000e+00
      0.120 7.1820e-19     6.9350     81.170     36.986  35.876489     3.4233      7.993   136.0876 1.1963e+02     2.6658      0.117      0.170    23.4892 0.0000e+00
      0.119 6.5290e-20     6.9082     81.230     36.971  35.863384     3.4132      7.998   136.0911 1.1944e+02     2.6642      0.117      0.170    23.4908 0.0000e+00
      0.119 5.9355e-21     6.8971     81.307     36.959  35.852264     3.4502      8.004   135.9791 1.1940e+02     2.7645      0.117      0.170    23.4924 0.0000e+00
      0.120 5.3960e-22     6.8943     81.378     36.977  35.868934     3.4956      8.012   136.1096 1.1993e+02     2.8192      0.117      0.170    23.4943 0.0000e+00
      0.120 4.9052e-23     6.8951     81.421     36.983  35.874597     3.5045      8.020   136.4647 1.2020e+02     2.8135      0.118      0.171    23.4960 0.0000e+00
      0.120 4.4593e-24     6.9018     81.433     36.965  35.857287     3.4906      8.026   136.8303 1.2022e+02     2.7304      0.117      0.170    23.4968 0.0000e+00
      0.120 4.0539e-25     6.9081     81.388     36.959  35.849987     3.4858      8.032   137.0032 1.2046e+02     2.7367      0.118      0.171    23.4970 0.0000e+00
      0.120 3.6854e-26     6.9159     81.260     36.960  35.849786     3.5133      8.037   137.0065 1.2080e+02     2.9235      0.117      0.170    23.4966 0.0000e+00
      0.120 3.3503e-27     6.9186     81.055     36.966  35.854855     3.5568      8.042   137.1280 1.2099e+02     3.0082      0.118      0.171    23.4959 0.0000e+00
      0.120 3.0456e-28     6.9207     80.779     36.960  35.847824     3.5798      8.047   137.3543 1.2107e+02     2.9751      0.118      0.171    23.4952 0.0000e+00
      0.120 2.7488e-29     6.9194     80.517     36.941  35.828221     3.5494      8.052   137.5061 1.2121e+02     2.8644      0.118      0.171    23.4941 0.0000e+00
      0.120 3.0925e-31     6.9056     80.241     36.922  35.808186     3.4970      8.056   137.6726 1.2135e+02     2.7293      0.118      0.171    23.4929 0.0000e+00
      0.120 -2.406e-29     6.8919     79.760     36.912  35.795920     3.4956      8.059   137.9036 1.2152e+02     2.7411      0.117      0.170    23.4912 0.0000e+00
      0.120 -2.671e-28     6.8633     79.107     36.925  35.806812     3.5073      8.063   138.0630 1.2173e+02     2.7336      0.118      0.171    23.4894 0.0000e+00
      0.120 -2.939e-27     6.8392     78.457     36.934  35.812975     3.4891      8.068   138.1371 1.2181e+02     2.6732      0.118      0.171    23.4875 0.0000e+00
      0.120 -3.233e-26     6.8296     77.888     36.930  35.806989     3.4754      8.072   138.1113 1.2171e+02     2.7292      0.118      0.171    23.4854 0.0000e+00
      0.120 -3.556e-25     6.7841     77.404     36.924  35.797873     3.4828      8.076   138.0095 1.2174e+02     2.8634      0.118      0.171    23.4833 0.0000e+00
      0.120 -3.911e-24     6.7219     76.969     36.894  35.766205     3.4955      8.079   138.1105 1.2206e+02     2.9629      0.118      0.172    23.4805 0.0000e+00
      0.120 -4.303e-23     6.6663     76.556     36.871  35.741336     3.4877      8.083   138.3864 1.2238e+02     2.9087      0.118      0.171    23.4770 0.0000e+00
      0.121 -4.733e-22     6.6177     76.183     36.883  35.750979     3.4636      8.087   138.5911 1.2261e+02     2.7883      0.118      0.172    23.4732 0.0000e+00
      0.121 -5.206e-21     6.5787     75.833     36.890  35.755893     3.4529      8.090   138.7796 1.2281e+02     2.7712      0.119      0.172    23.4694 0.0000e+00
      0.121 -5.727e-20     6.5438     75.451     36.873  35.737302     3.4585      8.095   138.9441 1.2288e+02     2.8727      0.118      0.172    23.4660 0.0000e+00
      0.121 -6.299e-19     6.5071     75.005     36.854  35.716539     3.4902      8.099   139.0313 1.2306e+02     2.9563      0.118      0.172    23.4630 0.0000e+00
      0.121 -6.929e-18     6.4762     74.475     36.836  35.695191     3.5364      8.103   139.1460 1.2344e+02     2.8259      0.119      0.172    23.4603 0.0000e+00
      0.121 -7.622e-17     6.4498     73.872     36.814  35.669526     3.5417      8.105   139.2977 1.2366e+02     2.6279      0.118      0.172    23.4576 0.0000e+00
      0.121 -8.385e-16     6.4173     73.208     36.808  35.660026     3.5217      8.108   139.4036 1.2375e+02     2.5431      0.118      0.171    23.4543 0.0000e+00
      0.121 -9.223e-15     6.3817     72.498     36.797  35.643766     3.5197      8.112   139.4802 1.2396e+02     2.5186      0.118      0.172    23.4504 0.0000e+00
      0.121 -1.015e-13     6.3358     71.795     36.757  35.599815     3.5586      8.115   139.5347 1.2430e+02     2.6055      0.118      0.171    23.4458 0.0000e+00
      0.121 -1.116e-12     6.2850     71.125     36.734  35.572747     3.6016      8.118   139.5473 1.2443e+02     2.7045      0.118      0.172    23.4403 0.0000e+00
      0.121 -1.228e-11     6.2295     70.475     36.735  35.570286     3.5895      8.122   139.6323 1.2440e+02     2.6230      0.118      0.171    23.4341 0.0000e+00
      0.121 -1.350e-10     6.1672     69.846     36.739  35.570053     3.5795      8.125   139.8752 1.2459e+02     2.5768      0.118      0.172    23.4276 0.0000e+00
      0.121 -1.485e-09     6.1076     69.235     36.743  35.569919     3.5807      8.128   140.1601 1.2476e+02     2.6927      0.118      0.172    23.4210 0.0000e+00
