Data/DataNotYetUploadedToEDI/Raw_CTD/RawDownloads/081125_fcr30_S7809010.cnv
* Sea-Bird SBE19plus  Data File:
* FileName = C:\R\Reservoirs\Data\DataNotYetUploadedToEDI\Raw_CTD\RawDownloads\080425_fcr50_S7809_0010.hex
* Software version 2.8.0.119
* Temperature SN = 7809
* Conductivity SN = 7809
* System UpLoad Time = Aug 11 2025 16:42:39
* <ApplicationData>
* <Seaterm232>
# nquan = 15
# nvalues = 1050                        
# units = specified
# name 0 = depFM: Depth [fresh water, m]
# name 1 = dz/dtM: Descent Rate [m/s]
# name 2 = sbeox0Mg/L: Oxygen, SBE 43 [mg/l]
# name 3 = sbeox0PS: Oxygen, SBE 43 [% saturation]
# name 4 = specc: Specific Conductance [uS/cm]
# name 5 = c0uS/cm: Conductivity [uS/cm]
# name 6 = flECO-AFL: Fluorescence, WET Labs ECO-AFL/FL [mg/m^3]
# name 7 = ph: pH
# name 8 = orp: Oxidation Reduction Potential [mV]
# name 9 = par/sat/log: PAR/Logarithmic, Satlantic
# name 10 = turbWETntu0: Turbidity, WET Labs ECO [NTU]
# name 11 = prdM: Pressure, Strain Gauge [db]
# name 12 = prdE: Pressure, Strain Gauge [psi]
# name 13 = tv290C: Temperature [ITS-90, deg C]
# name 14 = flag:  0.000e+00
# span 0 =     -0.582,      5.525       
# span 1 =     -0.347,      0.153       
# span 2 =     0.0189,     8.9999       
# span 3 =      0.213,    105.530       
# span 4 =      1.036,     60.915       
# span 5 =   0.958958,  46.910153       
# span 6 =    -0.0918,    18.5258       
# span 7 =      7.935,      9.012       
# span 8 =   164.4299,   245.1242       
# span 9 = 1.2365e-01, 6.8002e+02       
# span 10 =     0.1546,   237.5193      
# span 11 =     -0.572,      5.419      
# span 12 =     -0.829,      7.859      
# span 13 =    11.9144,    23.6081      
# span 14 = 0.0000e+00, 0.0000e+00      
# interval = seconds: 0.25
# start_time = Aug 11 2025 12:35:31 [Instrument's time stamp, header]
# bad_flag = -9.990e-29
*END*
[from data line 482]
      3.360      0.081     0.0672      0.233     51.928  43.072544     7.3722      8.413   212.7868 8.1786e+00     8.2440      3.301      4.787    16.8506 0.0000e+00
      3.366      0.056     0.0465      0.213     51.792  42.970244     7.3617      8.405   212.8485 8.1966e+00     8.1185      3.301      4.789    16.6914 0.0000e+00
      3.370      0.036     0.0340      0.241     51.588  42.865830     7.3626      8.397   212.8980 8.1183e+00     8.0804      3.303      4.791    16.5585 0.0000e+00
      3.377      0.026     0.0283      0.312     51.407  42.825732     7.3412      8.389   213.0404 8.0103e+00     8.0219      3.312      4.803    16.4824 0.0000e+00
      3.384      0.023     0.0213      0.412     51.234  42.802933     7.4603      8.383   213.1930 7.9648e+00     8.0260      3.319      4.815    16.4608 0.0000e+00
      3.389      0.025     0.0189      0.519     51.070  42.780746     7.7214      8.377   213.1945 7.9091e+00     8.0961      3.321      4.818    16.4573 0.0000e+00
      3.394      0.030     0.0221      0.641     50.985  42.811501     7.8599      8.372   213.2310 7.7824e+00     8.0831      3.327      4.825    16.5237 0.0000e+00
      3.402      0.034     0.0288      0.778     50.968  42.857542     7.8611      8.367   213.4628 7.6211e+00     8.0746      3.336      4.840    16.6484 0.0000e+00
      3.410      0.037     0.0407      0.929     51.013  42.893199     7.8115      8.363   213.7598 7.3428e+00     8.0959      3.342      4.849    16.7725 0.0000e+00
      3.420      0.038     0.0491      1.098     51.113  42.925264     7.7586      8.359   213.8970 6.8370e+00     8.1698      3.350      4.860    16.8815 0.0000e+00
      3.435      0.038     0.0617      1.266     51.231  42.927804     7.7625      8.357   213.8306 6.3603e+00     8.1821      3.370      4.888    16.9946 0.0000e+00
      3.447      0.035     0.0747      1.391     51.362  42.923783     7.7921      8.353   213.7314 6.1073e+00     8.1079      3.384      4.908    17.0677 0.0000e+00
      3.454      0.030     0.0889      1.452     51.474  42.939964     7.9261      8.349   213.7296 5.8523e+00     8.0244      3.386      4.911    17.0496 0.0000e+00
      3.460      0.023     0.1059      1.465     51.484  42.932933     8.1676      8.345   213.8089 5.6029e+00     7.9238      3.394      4.922    17.0049 0.0000e+00
      3.465      0.015     0.1242      1.436     51.402  42.902233     8.3141      8.340   213.8297 5.4568e+00     7.9505      3.400      4.931    16.9047 0.0000e+00
      3.468      0.010     0.1377      1.355     51.298  42.886180     8.3657      8.336   213.8096 5.2882e+00     7.9711      3.401      4.932    16.7629 0.0000e+00
      3.469      0.006     0.1426      1.255     51.186  42.865880     8.5423      8.333   213.9093 5.1234e+00     7.8318      3.403      4.934    16.6834 0.0000e+00
      3.469      0.004     0.1437      1.183     51.090  42.847298     8.8259      8.329   214.0032 5.0305e+00     7.7354      3.402      4.934    16.6737 0.0000e+00
      3.468      0.004     0.1419      1.153     51.027  42.852006     8.9559      8.325   213.9985 4.9310e+00     7.7964      3.401      4.933    16.7148 0.0000e+00
      3.468      0.006     0.1327      1.160     50.977  42.859394     8.9409      8.322   214.0241 4.8130e+00     7.9199      3.401      4.932    16.7972 0.0000e+00
      3.469      0.011     0.1197      1.193     50.959  42.873220     8.5949      8.320   214.0554 4.7139e+00     7.9988      3.402      4.934    16.8775 0.0000e+00
      3.472      0.017     0.1136      1.243     50.990  42.892262     7.9188      8.317   214.0324 4.6009e+00     8.0338      3.404      4.939    16.9279 0.0000e+00
      3.477      0.023     0.1097      1.309     51.071  42.899209     7.5403      8.316   214.0905 4.4673e+00     8.0354      3.410      4.946    16.9886 0.0000e+00
      3.483      0.031     0.1115      1.383     51.165  42.893665     7.4813      8.316   214.2421 4.2883e+00     8.0180      3.414      4.952    17.0433 0.0000e+00
      3.493      0.039     0.1149      1.443     51.240  42.888596     7.4300      8.315   214.4889 4.0462e+00     8.0281      3.424      4.966    17.0685 0.0000e+00
      3.505      0.044     0.1192      1.458     51.351  42.901302     7.0616      8.313   214.8372 3.8526e+00     8.0551      3.439      4.989    17.0837 0.0000e+00
      3.516      0.046     0.1263      1.428     51.486  42.920242     6.3818      8.311   215.0972 3.6440e+00     8.1731      3.445      4.998    17.0056 0.0000e+00
      3.532      0.043     0.1340      1.368     51.567  42.927065     6.0018      8.308   215.2236 3.3450e+00     8.2939      3.462      5.020    16.8948 0.0000e+00
      3.548      0.037     0.1419      1.278     51.577  42.920249     5.9628      8.305   215.3332 3.1483e+00     8.2863      3.485      5.054    16.8575 0.0000e+00
      3.557      0.029     0.1431      1.163     51.547  42.901283     6.1519      8.303   215.4762 3.0720e+00     8.2863      3.491      5.062    16.7796 0.0000e+00
      3.560      0.023     0.1398      1.066     51.529  42.888183     6.5235      8.300   215.6615 3.0085e+00     8.2252      3.490      5.064    16.6606 0.0000e+00
      3.562      0.020     0.1343      1.006     51.544  42.888803     6.7185      8.298   215.8529 2.9541e+00     8.1279      3.493      5.067    16.6010 0.0000e+00
      3.563      0.025     0.1262      0.966     51.516  42.845298     6.6877      8.296   215.9836 2.9098e+00     8.1349      3.495      5.068    16.5972 0.0000e+00
      3.564      0.037     0.1122      0.946     51.358  42.679500     6.2760      8.295   216.0368 2.8538e+00     8.2413      3.494      5.069    16.6116 0.0000e+00
      3.570      0.052     0.1020      0.939     51.144  42.407455     5.5688      8.294   215.9808 2.6955e+00     8.4922      3.496      5.070    16.6184 0.0000e+00
      3.586      0.066     0.0978      0.926     51.012  42.094793     5.2120      8.291   215.9939 2.3781e+00     8.6067      3.511      5.092    16.6024 0.0000e+00
      3.615      0.077     0.0932      0.925     50.987  41.755083     5.1579      8.289   216.1094 2.0302e+00     8.5670      3.545      5.141    16.5796 0.0000e+00
      3.645      0.082     0.0913      0.930     51.110  41.473147     4.6903      8.287   216.0874 1.7979e+00     8.6279      3.579      5.189    16.5664 0.0000e+00
      3.667      0.081     0.0929      0.911     51.397  41.351169     3.8183      8.285   216.0718 1.6483e+00     8.7276      3.598      5.218    16.4974 0.0000e+00
      3.686      0.073     0.0900      0.872     51.727  41.358809     3.3538      8.282   216.1790 1.5200e+00     8.8498      3.614      5.242    16.2986 0.0000e+00
      3.702      0.062     0.0906      0.817     52.022  41.438278     3.3358      8.278   216.2645 1.4362e+00     8.9434      3.632      5.268    15.9700 0.0000e+00
      3.716      0.051     0.0945      0.762     52.263  41.550214     3.2349      8.274   216.3316 1.4031e+00     9.0397      3.646      5.288    15.5576 0.0000e+00
      3.727      0.041     0.0914      0.711     52.476  41.696618     3.0078      8.269   216.3878 1.3734e+00     9.1604      3.654      5.300    15.1838 0.0000e+00
      3.737      0.032     0.0893      0.646     52.676  41.875549     2.8704      8.264   216.4275 1.3428e+00     9.2419      3.665      5.316    14.9406 0.0000e+00
      3.744      0.024     0.0824      0.582     52.831  42.063465     2.8644      8.260   216.4683 1.3266e+00     9.3415      3.673      5.328    14.7999 0.0000e+00
      3.748      0.019     0.0766      0.518     52.827  42.191589     2.8689      8.255   216.4498 1.3205e+00     9.3400      3.675      5.331    14.7288 0.0000e+00
      3.750      0.019     0.0737      0.465     52.555  42.155434     2.8579      8.250   216.3765 1.3294e+00     9.2238      3.676      5.333    14.7120 0.0000e+00
      3.751      0.025     0.0646      0.442     52.191  42.007359     2.8476      8.246   216.3568 1.3227e+00     9.1658      3.678      5.335    14.7355 0.0000e+00
      3.753      0.039     0.0593      0.443     52.044  41.924709     2.8190      8.243   216.3833 1.2836e+00     9.1857      3.680      5.336    14.7805 0.0000e+00
      3.760      0.055     0.0521      0.464     52.243  41.981283     2.8116      8.242   216.5252 1.2240e+00     9.2933      3.684      5.342    14.9031 0.0000e+00
      3.776      0.069     0.0452      0.508     52.634  42.056557     2.6839      8.240   216.8676 1.1367e+00     9.6468      3.699      5.364    15.1212 0.0000e+00
      3.802      0.079     0.0438      0.570     53.033  42.072897     2.3892      8.236   217.1680 1.0176e+00    10.1809      3.727      5.405    15.2812 0.0000e+00
      3.834      0.084     0.0434      0.623     53.504  42.178495     2.2287      8.233   217.4899 9.0230e-01    10.4905      3.762      5.456    15.3195 0.0000e+00
      3.863      0.083     0.0460      0.649     54.015  42.380935     2.1917      8.229   218.0065 8.4313e-01    10.6573      3.794      5.502    15.2289 0.0000e+00
      3.880      0.077     0.0500      0.658     54.518  42.616205     2.0916      8.225   218.4245 8.2565e-01    11.2074      3.806      5.521    14.9741 0.0000e+00
      3.893      0.070     0.0583      0.649     55.338  43.118776     1.9421      8.222   218.5857 7.9659e-01    11.9490      3.814      5.533    14.6438 0.0000e+00
      3.907      0.065     0.0652      0.620     56.250  43.696756     1.8576      8.218   218.8366 7.5557e-01    12.2458      3.833      5.560    14.3858 0.0000e+00
      3.921      0.063     0.0668      0.577     56.675  43.891618     1.8528      8.214   219.3070 7.2796e-01    12.2682      3.847      5.580    14.2182 0.0000e+00
      3.936      0.063     0.0684      0.536     56.821  43.887810     1.7758      8.209   219.6280 6.9628e-01    12.9025      3.856      5.592    14.0748 0.0000e+00
      3.956      0.065     0.0676      0.509     57.204  44.094919     1.6416      8.205   219.7060 6.5270e-01    14.1076      3.880      5.627    13.9541 0.0000e+00
      3.976      0.066     0.0648      0.502     57.653  44.364356     1.5782      8.201   219.6476 6.2560e-01    14.7131      3.906      5.664    13.8449 0.0000e+00
      3.990      0.064     0.0598      0.507     58.299  44.796783     1.5667      8.195   219.6107 6.0782e-01    14.7579      3.911      5.671    13.7128 0.0000e+00
      4.005      0.059     0.0550      0.515     59.787  45.895290     1.5114      8.190   219.7752 5.7291e-01    15.5038      3.924      5.690    13.6024 0.0000e+00
      4.024      0.052     0.0523      0.535     60.915  46.727292     1.4019      8.186   219.9162 5.3897e-01    16.9338      3.951      5.732    13.5384 0.0000e+00
      4.038      0.045     0.0519      0.549     60.630  46.476685     1.3569      8.183   219.9386 5.3047e-01    17.8030      3.963      5.747    13.4707 0.0000e+00
      4.046      0.037     0.0534      0.536     59.755  45.785543     1.3758      8.180   220.0462 5.3927e-01    17.8843      3.966      5.752    13.4065 0.0000e+00
      4.054      0.027     0.0527      0.512     58.687  44.973072     1.3972      8.176   220.1852 5.4495e-01    17.8822      3.976      5.768    13.3775 0.0000e+00
      4.060      0.017     0.0561      0.484     57.557  44.143946     1.4241      8.173   220.2424 5.3836e-01    18.0843      3.983      5.777    13.3535 0.0000e+00
      4.063      0.009     0.0592      0.446     56.711  43.568643     1.4342      8.169   220.3069 5.3318e-01    18.3129      3.985      5.779    13.3211 0.0000e+00
      4.064      0.004     0.0561      0.423     56.198  43.285818     1.4526      8.165   220.4489 5.3422e-01    18.4589      3.987      5.782    13.3001 0.0000e+00
      4.064      0.000     0.0533      0.408     55.911  43.200014     1.4886      8.161   220.5839 5.3005e-01    18.4163      3.986      5.781    13.3028 0.0000e+00
      4.061     -0.002     0.0519      0.379     55.700  43.166107     1.5365      8.158   220.7341 5.2400e-01    17.8662      3.983      5.777    13.3350 0.0000e+00
      4.059     -0.002     0.0454      0.365     55.523  43.129898     1.5740      8.156   220.8879 5.2813e-01    17.0675      3.980      5.772    13.3976 0.0000e+00
      4.058     -0.001     0.0434      0.375     55.457  43.143183     1.5594      8.153   220.8950 5.3414e-01    16.7529      3.979      5.771    13.4995 0.0000e+00
      4.059      0.003     0.0441      0.382     55.490  43.199857     1.5598      8.151   220.9054 5.2554e-01    16.8296      3.980      5.773    13.6321 0.0000e+00
      4.060      0.008     0.0384      0.392     55.613  43.307373     1.6206      8.149   221.0137 5.0945e-01    16.2530      3.981      5.774    13.7572 0.0000e+00
      4.062      0.016     0.0361      0.401     55.911  43.554514     1.6949      8.148   221.0860 5.0497e-01    15.0079      3.983      5.778    13.8467 0.0000e+00
      4.064      0.028     0.0397      0.395     56.388  43.966389     1.7345      8.147   221.1771 5.1320e-01    14.3450      3.986      5.781    13.9060 0.0000e+00
      4.069      0.039     0.0390      0.399     56.802  44.351816     1.7250      8.147   221.3411 5.1619e-01    14.3871      3.988      5.783    13.9287 0.0000e+00
      4.079      0.048     0.0399      0.424     56.869  44.469592     1.6877      8.146   221.5207 4.9474e-01    15.1067      3.995      5.794    13.9336 0.0000e+00
      4.100      0.053     0.0432      0.437     56.750  44.438320     1.6418      8.145   221.7138 4.5474e-01    16.4187      4.019      5.829    13.9364 0.0000e+00
      4.124      0.057     0.0398      0.424     57.090  44.735532     1.6117      8.144   221.9556 4.3894e-01    17.1681      4.049      5.872    13.9715 0.0000e+00
      4.139      0.061     0.0401      0.416     58.145  45.523992     1.5817      8.142   222.2068 4.4681e-01    17.3004      4.062      5.892    14.0414 0.0000e+00
      4.148      0.061     0.0442      0.421     59.208  46.226787     1.5036      8.142   222.3411 4.4198e-01    18.4623      4.068      5.900    14.0926 0.0000e+00
      4.158      0.059     0.0466      0.432     59.748  46.440222     1.4073      8.141   222.3752 4.3157e-01    20.7988      4.076      5.911    14.1568 0.0000e+00
      4.173      0.055     0.0429      0.462     60.203  46.580773     1.3661      8.140   222.3607 4.1489e-01    22.1510      4.088      5.929    14.1999 0.0000e+00
      4.194      0.054     0.0416      0.476     60.826  46.910153     1.3721      8.139   222.2522 3.9408e-01    22.3438      4.114      5.967    14.1702 0.0000e+00
      4.213      0.055     0.0444      0.456     60.915  46.867348     1.3888      8.138   222.1822 3.8537e-01    22.9932      4.137      5.999    14.0667 0.0000e+00
      4.223      0.056     0.0427      0.437     59.756  45.872606     1.4096      8.136   222.2882 3.8626e-01    24.1947      4.143      6.008    13.8600 0.0000e+00
      4.230      0.056     0.0486      0.421     58.237  44.595587     1.4398      8.135   222.4166 3.8753e-01    24.9495      4.146      6.014    13.6557 0.0000e+00
      4.241      0.056     0.0522      0.420     57.270  43.742366     1.4800      8.132   222.4431 3.7156e-01    25.1517      4.155      6.026    13.5495 0.0000e+00
      4.259      0.059     0.0459      0.437     56.065  42.729355     1.4872      8.130   222.5219 3.4617e-01    25.1363      4.175      6.055    13.4645 0.0000e+00
      4.280      0.067     0.0463      0.440     54.635  41.550936     1.4773      8.128   222.7670 3.3020e-01    24.9692      4.201      6.092    13.3820 0.0000e+00
      4.295      0.076     0.0435      0.431     53.951  40.919041     1.5011      8.125   223.1702 3.2519e-01    24.9067      4.215      6.112    13.2888 0.0000e+00
      4.309      0.079     0.0427      0.433     53.870  40.737854     1.5419      8.122   223.6107 3.2366e-01    24.9954      4.221      6.123    13.1748 0.0000e+00
      4.333      0.078     0.0471      0.447     53.771  40.565960     1.5719      8.121   223.8769 3.0673e-01    25.0168      4.245      6.156    13.1004 0.0000e+00
