Data/DataNotYetUploadedToEDI/Raw_CTD/RawDownloads/081125_fcr30_S7809010.cnv
* Sea-Bird SBE19plus  Data File:
* FileName = C:\R\Reservoirs\Data\DataNotYetUploadedToEDI\Raw_CTD\RawDownloads\080425_fcr50_S7809_0010.hex
* Software version 2.8.0.119
* Temperature SN = 7809
* Conductivity SN = 7809
* System UpLoad Time = Aug 11 2025 16:42:39
* <ApplicationData>
* <Seaterm232>
# nquan = 15
# nvalues = 1050                        
# units = specified
# name 0 = depFM: Depth [fresh water, m]
# name 1 = dz/dtM: Descent Rate [m/s]
# name 2 = sbeox0Mg/L: Oxygen, SBE 43 [mg/l]
# name 3 = sbeox0PS: Oxygen, SBE 43 [% saturation]
# name 4 = specc: Specific Conductance [uS/cm]
# name 5 = c0uS/cm: Conductivity [uS/cm]
# name 6 = flECO-AFL: Fluorescence, WET Labs ECO-AFL/FL [mg/m^3]
# name 7 = ph: pH
# name 8 = orp: Oxidation Reduction Potential [mV]
# name 9 = par/sat/log: PAR/Logarithmic, Satlantic
# name 10 = turbWETntu0: Turbidity, WET Labs ECO [NTU]
# name 11 = prdM: Pressure, Strain Gauge [db]
# name 12 = prdE: Pressure, Strain Gauge [psi]
# name 13 = tv290C: Temperature [ITS-90, deg C]
# name 14 = flag:  0.000e+00
# span 0 =     -0.582,      5.525       
# span 1 =     -0.347,      0.153       
# span 2 =     0.0189,     8.9999       
# span 3 =      0.213,    105.530       
# span 4 =      1.036,     60.915       
# span 5 =   0.958958,  46.910153       
# span 6 =    -0.0918,    18.5258       
# span 7 =      7.935,      9.012       
# span 8 =   164.4299,   245.1242       
# span 9 = 1.2365e-01, 6.8002e+02       
# span 10 =     0.1546,   237.5193      
# span 11 =     -0.572,      5.419      
# span 12 =     -0.829,      7.859      
# span 13 =    11.9144,    23.6081      
# span 14 = 0.0000e+00, 0.0000e+00      
# interval = seconds: 0.25
# start_time = Aug 11 2025 12:35:31 [Instrument's time stamp, header]
# bad_flag = -9.990e-29
*END*
[from data line 675]
      5.352      0.044     4.2200     39.446     52.679  39.048903     0.8692      8.018   229.2218 1.2369e-01    22.4479      5.250      7.614    12.0777 0.0000e+00
      5.363      0.040     4.2405     39.430     52.729  39.074166     0.8673      8.017   229.1006 1.2373e-01    22.9544      5.259      7.627    12.0787 0.0000e+00
      5.373      0.037     4.2468     39.470     52.767  39.087899     0.8884      8.016   228.8972 1.2378e-01    22.9775      5.270      7.642    12.0759 0.0000e+00
      5.382      0.037     4.2452     39.630     52.781  39.088014     0.9335      8.014   228.7414 1.2378e-01    23.4455      5.280      7.658    12.0690 0.0000e+00
      5.387      0.038     4.2452     39.870     52.766  39.075540     0.9965      8.013   228.5074 1.2376e-01    24.5131      5.283      7.662    12.0608 0.0000e+00
      5.393      0.040     4.2427     40.124     52.747  39.064003     1.0514      8.012   228.4771 1.2381e-01    25.2271      5.284      7.664    12.0508 0.0000e+00
      5.405      0.041     4.2431     40.367     52.762  39.075439     1.0723      8.012   228.7189 1.2386e-01    25.3837      5.298      7.684    12.0337 0.0000e+00
      5.422      0.041     4.2654     40.572     52.783  39.086896     1.0748      8.011   228.8499 1.2388e-01    25.5193      5.319      7.714    12.0218 0.0000e+00
      5.436      0.039     4.2942     40.724     52.781  39.075598     1.2306      8.010   228.9431 1.2385e-01    27.4128      5.333      7.736    12.0235 0.0000e+00
      5.445      0.034     4.3207     40.830     52.785  39.065747     1.5832      8.009   229.1577 1.2383e-01    31.1301      5.340      7.746    12.0283 0.0000e+00
      5.450      0.028     4.3485     40.865     52.843  39.094702     1.8254      8.008   229.2934 1.2383e-01    33.3681      5.344      7.752    12.0288 0.0000e+00
      5.455      0.023     4.3722     40.839     52.968  39.171825     1.9705      8.007   229.2931 1.2381e-01    34.7611      5.350      7.760    12.0252 0.0000e+00
      5.459      0.020     4.3872     40.795     53.083  39.236674     3.1455      8.007   229.3264 1.2373e-01    47.5633      5.354      7.765    12.0150 0.0000e+00
      5.463      0.020     4.4028     40.742     53.120  39.244129     5.2965      8.006   229.4382 1.2368e-01    71.0258      5.356      7.769    12.0006 0.0000e+00
      5.468      0.021     4.4076     40.688     53.159  39.261948     6.4703      8.005   229.5263 1.2373e-01    84.2136      5.361      7.775    11.9893 0.0000e+00
      5.475      0.021     4.4023     40.623     53.245  39.325188     6.5924      8.005   229.5310 1.2381e-01    89.0964      5.369      7.786    11.9761 0.0000e+00
      5.482      0.021     4.4014     40.530     53.394  39.437589     6.6152      8.004   229.4946 1.2379e-01   128.1168      5.377      7.798    11.9562 0.0000e+00
      5.487      0.020     4.3963     40.420     53.622  39.605574     6.6206      8.002   229.4302 1.2374e-01   199.2104      5.381      7.804    11.9331 0.0000e+00
      5.491      0.018     4.3923     40.290     53.849  39.769696     6.5997      8.000   229.4408 1.2372e-01   237.5193      5.385      7.810    11.9213 0.0000e+00
      5.495      0.015     4.3865     40.123     54.116  39.962306     6.4214      7.998   229.6232 1.2374e-01   236.5945      5.390      7.817    11.9251 0.0000e+00
      5.499      0.012     4.3747     39.899     54.900  40.538179     4.8974      7.998   229.7428 1.2379e-01   188.9164      5.393      7.822    11.9290 0.0000e+00
      5.502      0.010     4.3631     39.564     56.157  41.464754     2.1563      7.997   229.6813 1.2381e-01   100.9530      5.395      7.825    11.9282 0.0000e+00
      5.504      0.009     4.3507     39.079     56.916  42.026032     0.6618      7.996   229.6550 1.2379e-01    52.8807      5.398      7.828    11.9242 0.0000e+00
      5.505      0.007     4.3328     38.507     57.033  42.120097     0.5023      7.994   229.6826 1.2377e-01    47.5146      5.399      7.830    11.9195 0.0000e+00
      5.506      0.006     4.3111     37.883     56.893  42.030862     0.3607      7.993   229.6710 1.2377e-01    36.9945      5.400      7.832    11.9171 0.0000e+00
      5.508      0.006     4.2790     37.146     56.600  41.835697     0.1569      7.993   229.6874 1.2379e-01    18.6660      5.402      7.834    11.9151 0.0000e+00
      5.510      0.006     4.2221     36.261     56.501  41.791469     0.0358      7.992   229.7944 1.2381e-01     8.6589      5.403      7.837    11.9144 0.0000e+00
      5.512      0.005     4.1568     35.244     56.750  42.003910     0.0114      7.991   229.9318 1.2383e-01     7.6480      5.405      7.840    11.9206 0.0000e+00
      5.513      0.005     4.0937     34.175     57.313  42.436725     0.0116      7.990   229.9721 1.2378e-01     7.4341      5.406      7.841    11.9339 0.0000e+00
      5.514      0.004     4.0127     33.225     57.940  42.898928     0.0053      7.988   229.9376 1.2373e-01     6.6197      5.407      7.843    11.9516 0.0000e+00
      5.515      0.004     3.9142     32.510     58.297  43.149258     0.0105      7.988   229.9441 1.2375e-01     5.2470      5.408      7.844    11.9789 0.0000e+00
      5.516      0.004     3.8004     32.032     58.443  43.241842     0.0161      7.987   230.0508 1.2375e-01     4.4663      5.408      7.844    12.0094 0.0000e+00
      5.517      0.004     3.6750     31.772     58.306  43.129673     0.0142      7.986   230.1953 1.2375e-01     4.2514      5.410      7.846    12.0255 0.0000e+00
      5.518      0.004     3.5682     31.686     57.696  42.681665     0.0209      7.986   230.2298 1.2375e-01     3.5031      5.411      7.848    12.0214 0.0000e+00
      5.519      0.004     3.4940     31.688     56.851  42.077745     0.0142      7.985   230.2090 1.2376e-01     2.2516      5.412      7.850    12.0056 0.0000e+00
      5.520      0.004     3.4442     31.721     56.170  41.603748     0.0167      7.984   230.2886 1.2376e-01     1.6901      5.413      7.851    11.9901 0.0000e+00
      5.521      0.003     3.4174     31.725     55.771  41.330135     0.0170      7.983   230.4178 1.2375e-01     1.5982      5.415      7.853    11.9791 0.0000e+00
      5.522      0.003     3.4139     31.647     55.555  41.181391    -0.0149      7.982   230.4802 1.2376e-01     1.1064      5.415      7.854    11.9780 0.0000e+00
      5.522      0.002     3.4131     31.559     55.395  41.074689    -0.0362      7.982   230.5274 1.2374e-01     0.4915      5.416      7.855    12.0002 0.0000e+00
      5.523      0.002     3.4154     31.559     55.255  40.992049    -0.0162      7.981   230.5586 1.2374e-01     0.2783      5.416      7.855    12.0352 0.0000e+00
      5.523      0.001     3.4199     31.694     55.153  40.943835     0.0271      7.980   230.5991 1.2375e-01     0.3397      5.416      7.855    12.0551 0.0000e+00
      5.523      0.001     3.4054     31.973     55.020  40.872590     0.0305      7.978   230.6726 1.2375e-01     0.3107      5.417      7.856    12.0599 0.0000e+00
      5.524      0.001     3.3915     32.366     54.848  40.765335    -0.0090      7.976   230.6729 1.2383e-01     0.2022      5.417      7.857    12.0679 0.0000e+00
      5.524      0.001     3.3887     32.818     54.698  40.662525    -0.0262      7.976   230.6880 1.2389e-01     0.1546      5.417      7.857    12.0884 0.0000e+00
      5.524      0.001     3.4001     33.272     54.589  40.581530    -0.0112      7.976   230.7697 1.2386e-01     0.2475      5.417      7.857    12.1157 0.0000e+00
      5.524      0.000     3.4300     33.713     54.543  40.547636     0.0147      7.976   230.8861 1.2381e-01     0.4711      5.417      7.857    12.1431 0.0000e+00
      5.524 1.8628e-08     3.4715     34.087     54.564  40.570049     0.0204      7.975   230.9771 1.2377e-01     0.6042      5.418      7.858    12.1644 0.0000e+00
      5.524 2.0491e-07     3.5239     34.322     54.587  40.598660    -0.0007      7.973   230.9234 1.2378e-01     0.5239      5.417      7.857    12.1710 0.0000e+00
      5.524 2.0491e-07     3.5712     34.436     54.542  40.576252    -0.0160      7.973   230.8390 1.2378e-01     0.4234      5.418      7.858    12.1665 0.0000e+00
      5.524 1.8628e-08     3.6209     34.467     54.413  40.489526    -0.0058      7.973   230.9028 1.2373e-01     0.4135      5.417      7.857    12.1650 0.0000e+00
      5.524 1.6935e-09     3.6658     34.438     54.243  40.375136     0.0232      7.972   231.0066 1.2368e-01     0.4385      5.417      7.856    12.1714 0.0000e+00
      5.524 1.5499e-10     3.6868     34.342     54.087  40.272112     0.0266      7.971   231.0616 1.2366e-01     0.3839      5.417      7.857    12.1847 0.0000e+00
      5.524 2.5446e-11     3.6973     34.154     53.962  40.195881    -0.0070      7.970   231.1384 1.2365e-01     0.2659      5.418      7.858    12.1960 0.0000e+00
      5.524 1.3995e-10     3.6987     33.881     53.872  40.151566    -0.0330      7.969   231.2468 1.2370e-01     0.2065      5.417      7.857    12.2015 0.0000e+00
      5.524 1.5395e-09     3.6950     33.558     53.799  40.117119    -0.0220      7.968   231.3396 1.2382e-01     0.3142      5.418      7.858    12.2139 0.0000e+00
      5.524 1.6934e-08     3.6857     33.220     53.763  40.096730     0.0181      7.968   231.3143 1.2385e-01     0.5442      5.417      7.857    12.2261 0.0000e+00
      5.524 1.8627e-07     3.6636     32.896     53.763  40.095456     0.0274      7.969   231.1124 1.2379e-01     0.5965      5.418      7.858    12.2391 0.0000e+00
      5.524 1.8627e-07     3.6310     32.622     53.771  40.101708    -0.0097      7.969   230.7049 1.2376e-01     0.4678      5.418      7.858    12.2639 0.0000e+00
      5.524 1.6934e-08     3.5928     32.434     53.776  40.108863    -0.0315      7.968   230.3456 1.2377e-01     0.3888      5.418      7.858    12.2866 0.0000e+00
      5.524 1.5395e-09     3.5556     32.330     53.795  40.118505    -0.0108      7.966   230.3811 1.2377e-01     0.4623      5.418      7.858    12.2919 0.0000e+00
      5.524 1.3995e-10     3.5202     32.292     53.867  40.154815     0.0247      7.966   230.6188 1.2379e-01     0.6381      5.418      7.858    12.2837 0.0000e+00
      5.524 1.2723e-11     3.4889     32.322     53.997  40.230550     0.0222      7.966   230.8105 1.2382e-01     0.6359      5.418      7.858    12.2836 0.0000e+00
      5.524 1.1566e-12     3.4680     32.398     54.164  40.336057     0.0016      7.965   231.0644 1.2381e-01     0.4691      5.418      7.858    12.2941 0.0000e+00
      5.524 1.0515e-13     3.4590     32.471     54.284  40.415018     0.0003      7.964   231.2789 1.2374e-01     0.3301      5.418      7.858    12.2902 0.0000e+00
      5.524 9.5590e-15     3.4555     32.521     54.298  40.423657    -0.0019      7.963   231.2529 1.2371e-01     0.2533      5.418      7.858    12.2706 0.0000e+00
      5.524 8.6900e-16     3.4608     32.542     54.231  40.377047     0.0162      7.963   231.0942 1.2371e-01     0.2913      5.418      7.858    12.2485 0.0000e+00
      5.524 7.9000e-17     3.4739     32.555     54.118  40.295719     0.0277      7.962   231.0807 1.2367e-01     0.3114      5.417      7.857    12.2294 0.0000e+00
      5.524 7.1820e-18     3.4819     32.577     53.996  40.201922     0.0125      7.962   231.2617 1.2366e-01     0.2916      5.417      7.857    12.2192 0.0000e+00
      5.525 6.5290e-19     3.4884     32.612     53.908  40.131474     0.0069      7.962   231.3904 1.2371e-01     0.3251      5.418      7.859    12.2187 0.0000e+00
      5.525 5.9355e-20     3.4893     32.675     53.836  40.078588     0.0098      7.962   231.4323 1.2373e-01     0.3755      5.418      7.859    12.2240 0.0000e+00
      5.525 5.3959e-21     3.4886     32.755     53.734  40.006742     0.0146      7.961   231.3381 1.2373e-01     0.3538      5.418      7.858    12.2287 0.0000e+00
      5.525 4.9005e-22     3.4932     32.855     53.670  39.960905    -0.0016      7.959   231.1972 1.2375e-01     0.2334      5.418      7.858    12.2247 0.0000e+00
      5.525 3.9402e-23     3.4945     32.988     53.680  39.968636    -0.0113      7.959   231.1913 1.2380e-01     0.2522      5.418      7.859    12.2168 0.0000e+00
      5.525 -5.304e-23     3.5036     33.148     53.684  39.973281    -0.0029      7.959   231.1810 1.2379e-01     0.3758      5.418      7.858    12.2188 0.0000e+00
      5.525 -6.277e-22     3.5109     33.326     53.654  39.953615    -0.0162      7.959   231.3314 1.2374e-01     0.3273      5.418      7.858    12.2253 0.0000e+00
      5.525 -6.909e-21     3.5204     33.498     53.615  39.921248    -0.0310      7.958   231.6327 1.2373e-01     0.2125      5.418      7.859    12.2260 0.0000e+00
      5.525 -7.600e-20     3.5362     33.668     53.599  39.899253    -0.0313      7.958   231.8127 1.2378e-01     0.1834      5.418      7.858    12.2244 0.0000e+00
      5.525 -8.360e-19     3.5518     33.825     53.583  39.878055    -0.0122      7.958   231.9593 1.2381e-01     0.2492      5.418      7.858    12.2270 0.0000e+00
      5.525 -9.195e-18     3.5738     33.975     53.555  39.855325     0.0093      7.958   232.1138 1.2377e-01     0.3585      5.418      7.858    12.2319 0.0000e+00
      5.525 -1.012e-16     3.5900     34.130     53.578  39.878282     0.0116      7.957   232.2188 1.2375e-01     0.4115      5.418      7.859    12.2294 0.0000e+00
      5.525 -1.113e-15     3.6110     34.275     53.593  39.901782     0.0153      7.957   232.2826 1.2373e-01     0.3782      5.418      7.858    12.2164 0.0000e+00
      5.525 -1.224e-14     3.6287     34.418     53.551  39.885622     0.0038      7.956   232.3687 1.2372e-01     0.2625      5.418      7.859    12.2048 0.0000e+00
      5.525 -1.346e-13     3.6422     34.564     53.521  39.873295    -0.0025      7.955   232.3992 1.2373e-01     0.2432      5.418      7.859    12.2038 0.0000e+00
      5.525 -1.481e-12     3.6620     34.711     53.529  39.879675     0.0226      7.955   232.2207 1.2374e-01     0.3834      5.418      7.859    12.2104 0.0000e+00
      5.525 -1.629e-11     3.6743     34.851     53.566  39.899300     0.0407      7.957   232.0184 1.2377e-01     0.4886      5.418      7.859    12.2224 0.0000e+00
      5.525 -1.792e-10     3.6881     34.949     53.610  39.920176     0.0257      7.957   232.1034 1.2384e-01     0.4224      5.418      7.858    12.2387 0.0000e+00
      5.525 -1.971e-09     3.7037     34.994     53.656  39.941685    -0.0093      7.956   232.3029 1.2388e-01     0.2659      5.418      7.859    12.2511 0.0000e+00
      5.525 -2.168e-08     3.7182     34.994     53.711  39.968945    -0.0079      7.955   232.3646 1.2384e-01     0.2714      5.418      7.858    12.2505 0.0000e+00
      5.525 -2.385e-07     3.7375     34.962     53.763  39.995902     0.0339      7.954   232.4194 1.2382e-01     0.4204      5.419      7.859    12.2404 0.0000e+00
      5.525 -4.376e-07     3.7483     34.913     53.801  40.013751     0.0632      7.952   232.5356 1.2384e-01     0.4956      5.419      7.859    12.2295 0.0000e+00
      5.525 -2.424e-07     3.7538     34.856     53.784  39.994354     0.0468      7.952   232.6518 1.2383e-01     0.4287      5.418      7.858    12.2172 0.0000e+00
      5.525 -6.411e-08     3.7548     34.797     53.732  39.951757     0.0025      7.952   232.7057 1.2377e-01     0.3296      5.419      7.859    12.2034 0.0000e+00
      5.525 -4.687e-07     3.7509     34.742     53.723  39.942972    -0.0055      7.952   232.7565 1.2376e-01     0.3551      5.419      7.859    12.1923 0.0000e+00
      5.525     -0.000     3.7473     34.705     53.739  39.951594     0.0247      7.952   232.8353 1.2374e-01     0.4301      5.418      7.858    12.1833 0.0000e+00
      5.525     -0.000     3.7401     34.670     53.715  39.929069     0.0423      7.953   232.8844 1.2371e-01     0.4509      5.419      7.859    12.1765 0.0000e+00
      5.525     -0.001     3.7357     34.647     53.626  39.861014     0.0244      7.953   233.0067 1.2377e-01     0.4024      5.418      7.859    12.1733 0.0000e+00
