Data/DataNotYetUploadedToEDI/Raw_CTD/RawDownloads/081125_fcr10_S7809007.cnv
* Sea-Bird SBE19plus  Data File:
* FileName = C:\R\Reservoirs\Data\DataNotYetUploadedToEDI\Raw_CTD\RawDownloads\080425_fcr50_S7809_0007.hex
* Software version 2.8.0.119
* Temperature SN = 7809
* Conductivity SN = 7809
* System UpLoad Time = Aug 11 2025 16:41:18
* <ApplicationData>
* <Seaterm232>
# nquan = 15
# nvalues = 1128                        
# units = specified
# name 0 = depFM: Depth [fresh water, m]
# name 1 = dz/dtM: Descent Rate [m/s]
# name 2 = sbeox0Mg/L: Oxygen, SBE 43 [mg/l]
# name 3 = sbeox0PS: Oxygen, SBE 43 [% saturation]
# name 4 = specc: Specific Conductance [uS/cm]
# name 5 = c0uS/cm: Conductivity [uS/cm]
# name 6 = flECO-AFL: Fluorescence, WET Labs ECO-AFL/FL [mg/m^3]
# name 7 = ph: pH
# name 8 = orp: Oxidation Reduction Potential [mV]
# name 9 = par/sat/log: PAR/Logarithmic, Satlantic
# name 10 = turbWETntu0: Turbidity, WET Labs ECO [NTU]
# name 11 = prdM: Pressure, Strain Gauge [db]
# name 12 = prdE: Pressure, Strain Gauge [psi]
# name 13 = tv290C: Temperature [ITS-90, deg C]
# name 14 = flag:  0.000e+00
# span 0 =     -0.586,      2.153       
# span 1 =     -0.278,      0.175       
# span 2 =     4.6372,     7.7244       
# span 3 =     53.705,     88.971       
# span 4 =      2.278,     36.668       
# span 5 =   2.113950,  34.360460       
# span 6 =    -0.0975,    62.8887       
# span 7 =      6.914,      8.744       
# span 8 =   165.8933,   293.8152       
# span 9 = 1.0916e+01, 2.8755e+02       
# span 10 =     1.3977,    93.4081      
# span 11 =     -0.575,      2.111      
# span 12 =     -0.835,      3.062      
# span 13 =    21.3844,    22.7556      
# span 14 = 0.0000e+00, 0.0000e+00      
# interval = seconds: 0.25
# start_time = Aug 11 2025 12:10:15 [Instrument's time stamp, header]
# bad_flag = -9.990e-29
*END*
[from data line 675]
      0.996      0.050     7.1747     82.664     34.296  32.348518     5.7400      8.540   183.9333 3.5785e+01     4.9903      0.977      1.416    22.1465 0.0000e+00
      1.010      0.051     7.1898     82.738     34.294  32.348611     5.7115      8.543   183.9486 3.5022e+01     4.8585      0.989      1.435    22.1487 0.0000e+00
      1.023      0.051     7.1940     82.829     34.318  32.372623     5.7658      8.545   183.9884 3.4320e+01     4.8618      1.004      1.457    22.1510 0.0000e+00
      1.036      0.051     7.1980     82.907     34.330  32.385093     5.9139      8.547   184.0694 3.3722e+01     4.9966      1.017      1.474    22.1533 0.0000e+00
      1.048      0.049     7.2065     82.971     34.315  32.372500     6.0122      8.550   184.1545 3.3003e+01     5.0876      1.026      1.488    22.1553 0.0000e+00
      1.062      0.044     7.2094     83.065     34.286  32.347247     6.0138      8.550   184.2434 3.2220e+01     5.0400      1.042      1.511    22.1576 0.0000e+00
      1.076      0.039     7.2201     83.175     34.270  32.333521     5.9827      8.552   184.3696 3.1649e+01     4.9333      1.057      1.533    22.1600 0.0000e+00
      1.086      0.033     7.2267     83.264     34.268  32.333417     5.9864      8.555   184.4759 3.1266e+01     4.9243      1.066      1.546    22.1623 0.0000e+00
      1.092      0.028     7.2287     83.344     34.280  32.345988     6.0335      8.557   184.5814 3.0959e+01     5.0333      1.071      1.553    22.1645 0.0000e+00
      1.096      0.023     7.2379     83.419     34.291  32.358641     6.0773      8.559   184.6135 3.0672e+01     5.0218      1.075      1.559    22.1668 0.0000e+00
      1.100      0.021     7.2493     83.471     34.291  32.359522     6.0834      8.561   184.6050 3.0405e+01     4.8542      1.079      1.565    22.1690 0.0000e+00
      1.103      0.022     7.2557     83.518     34.287  32.356652     6.1151      8.563   184.6513 3.0142e+01     4.8511      1.082      1.569    22.1713 0.0000e+00
      1.107      0.027     7.2615     83.573     34.251  32.323940     6.2112      8.564   184.6570 2.9800e+01     5.0176      1.086      1.573    22.1737 0.0000e+00
      1.114      0.034     7.2697     83.615     34.204  32.281197     6.2712      8.566   184.6738 2.9383e+01     5.0921      1.092      1.583    22.1758 0.0000e+00
      1.123      0.041     7.2724     83.650     34.205  32.283923     6.2676      8.568   184.7688 2.8951e+01     5.0687      1.101      1.595    22.1781 0.0000e+00
      1.134      0.046     7.2753     83.706     34.213  32.293466     6.1751      8.569   184.8594 2.8457e+01     5.0417      1.110      1.610    22.1803 0.0000e+00
      1.150      0.049     7.2817     83.786     34.186  32.269698     6.0262      8.572   184.9093 2.7912e+01     5.1075      1.127      1.635    22.1825 0.0000e+00
      1.167      0.049     7.2842     83.878     34.164  32.250301     5.9659      8.573   184.9415 2.7497e+01     5.2496      1.148      1.664    22.1845 0.0000e+00
      1.180      0.048     7.2860     83.969     34.162  32.249260     5.9626      8.574   185.0758 2.7230e+01     5.2563      1.159      1.681    22.1869 0.0000e+00
      1.189      0.045     7.2903     84.047     34.168  32.257106     6.0028      8.575   185.2426 2.6985e+01     5.1553      1.166      1.692    22.1892 0.0000e+00
      1.199      0.041     7.2981     84.132     34.193  32.281732     6.1108      8.578   185.3238 2.6743e+01     5.1207      1.176      1.706    22.1913 0.0000e+00
      1.209      0.037     7.3051     84.227     34.204  32.293265     6.1953      8.579   185.3700 2.6512e+01     5.1796      1.186      1.720    22.1936 0.0000e+00
      1.219      0.036     7.3142     84.293     34.177  32.269667     6.2409      8.580   185.3713 2.6244e+01     5.2861      1.194      1.732    22.1958 0.0000e+00
      1.229      0.037     7.3196     84.347     34.155  32.250168     6.2462      8.583   185.4246 2.5971e+01     5.2812      1.205      1.748    22.1978 0.0000e+00
      1.237      0.037     7.3256     84.422     34.151  32.247828     6.2099      8.585   185.5843 2.5791e+01     5.1550      1.215      1.762    22.1999 0.0000e+00
      1.244      0.037     7.3370     84.510     34.143  32.241364     6.1840      8.586   185.7542 2.5580e+01     5.0927      1.218      1.766    22.2022 0.0000e+00
      1.254      0.035     7.3404     84.585     34.135  32.235468     6.1912      8.587   185.8444 2.5232e+01     5.1434      1.228      1.781    22.2045 0.0000e+00
      1.268      0.031     7.3439     84.658     34.138  32.239977     6.2048      8.587   185.8135 2.4959e+01     5.1872      1.246      1.807    22.2066 0.0000e+00
      1.278      0.029     7.3501     84.737     34.128  32.232441     6.1076      8.588   185.8108 2.4864e+01     5.1433      1.255      1.821    22.2086 0.0000e+00
      1.282      0.028     7.3594     84.792     34.101  32.207794     5.9154      8.589   185.8120 2.4817e+01     5.0913      1.258      1.825    22.2108 0.0000e+00
      1.284      0.026     7.3648     84.839     34.086  32.195721     5.8282      8.590   185.7426 2.4713e+01     5.1387      1.260      1.827    22.2129 0.0000e+00
      1.289      0.025     7.3692     84.902     34.103  32.213341     5.8442      8.591   185.8318 2.4482e+01     5.2729      1.261      1.830    22.2151 0.0000e+00
      1.297      0.025     7.3791     84.971     34.120  32.230528     5.7504      8.593   186.0297 2.4202e+01     5.3134      1.272      1.845    22.2175 0.0000e+00
      1.307      0.025     7.3815     85.041     34.100  32.213216     5.5272      8.594   186.1571 2.4003e+01     5.1498      1.284      1.862    22.2196 0.0000e+00
      1.314      0.024     7.3845     85.090     34.078  32.194339     5.3841      8.595   186.2529 2.3825e+01     4.9348      1.289      1.870    22.2216 0.0000e+00
      1.320      0.023     7.3908     85.132     34.075  32.192614     5.3772      8.596   186.2424 2.3661e+01     4.8997      1.295      1.878    22.2239 0.0000e+00
      1.325      0.023     7.3957     85.212     34.073  32.192354     5.4768      8.597   186.1159 2.3581e+01     4.9643      1.301      1.886    22.2261 0.0000e+00
      1.328      0.027     7.4030     85.297     34.070  32.191194     5.6392      8.599   186.0143 2.3541e+01     4.9641      1.303      1.890    22.2285 0.0000e+00
      1.331      0.036     7.4070     85.356     34.055  32.178600     5.7098      8.600   186.0458 2.3452e+01     4.9321      1.303      1.890    22.2308 0.0000e+00
      1.338      0.045     7.4066     85.401     34.041  32.166952     5.6804      8.601   186.2389 2.3204e+01     4.8850      1.307      1.897    22.2330 0.0000e+00
      1.353      0.052     7.4160     85.431     34.050  32.177237     5.5751      8.602   186.4555 2.2794e+01     4.9754      1.324      1.921    22.2353 0.0000e+00
      1.375      0.055     7.4247     85.476     34.047  32.176082     5.4025      8.603   186.6001 2.2386e+01     5.1369      1.348      1.955    22.2373 0.0000e+00
      1.396      0.053     7.4272     85.563     34.021  32.152995     5.2915      8.605   186.6962 2.2066e+01     5.1289      1.371      1.989    22.2399 0.0000e+00
      1.411      0.044     7.4329     85.675     34.018  32.151841     5.2561      8.606   186.7578 2.1815e+01     5.0840      1.388      2.012    22.2423 0.0000e+00
      1.420      0.032     7.4329     85.781     34.028  32.162136     5.3415      8.607   186.8285 2.1654e+01     5.0723      1.395      2.024    22.2445 0.0000e+00
      1.424      0.018     7.4357     85.863     34.014  32.150593     5.5661      8.608   186.8625 2.1559e+01     5.0557      1.397      2.027    22.2468 0.0000e+00
      1.425      0.007     7.4436     85.934     34.000  32.139152     5.7175      8.609   186.8247 2.1467e+01     5.0198      1.397      2.026    22.2489 0.0000e+00
      1.424      0.000     7.4544     86.006     34.011  32.150683     5.7234      8.610   186.8023 2.1377e+01     4.9114      1.396      2.025    22.2512 0.0000e+00
      1.422     -0.003     7.4638     86.060     34.022  32.163143     5.6794      8.611   186.7629 2.1327e+01     4.8380      1.394      2.022    22.2533 0.0000e+00
      1.420     -0.004     7.4701     86.090     34.021  32.162933     5.5095      8.612   186.7789 2.1304e+01     4.9863      1.392      2.019    22.2555 0.0000e+00
      1.418     -0.003     7.4748     86.103     34.004  32.148147     5.2259      8.613   186.9090 2.1303e+01     5.2708      1.390      2.016    22.2577 0.0000e+00
      1.417      0.000     7.4825     86.099     33.963  32.111237     5.0802      8.614   187.0462 2.1313e+01     5.3395      1.389      2.014    22.2598 0.0000e+00
      1.417      0.003     7.4868     86.100     33.947  32.097292     5.0625      8.615   187.1467 2.1306e+01     5.2025      1.389      2.015    22.2617 0.0000e+00
      1.419      0.008     7.4884     86.115     33.955  32.106414     5.0788      8.616   187.1782 2.1310e+01     5.1177      1.391      2.019    22.2638 0.0000e+00
      1.421      0.013     7.4903     86.138     33.942  32.094661     5.1433      8.616   187.2543 2.1324e+01     5.1335      1.393      2.021    22.2659 0.0000e+00
      1.425      0.017     7.4876     86.158     33.927  32.082058     5.1772      8.617   187.2933 2.1291e+01     5.1545      1.396      2.025    22.2679 0.0000e+00
      1.430      0.019     7.4881     86.188     33.924  32.080911     5.1640      8.617   187.1325 2.1199e+01     5.0641      1.401      2.032    22.2701 0.0000e+00
      1.437      0.022     7.4887     86.232     33.922  32.080797     5.0835      8.618   187.0310 2.1104e+01     4.9286      1.409      2.044    22.2722 0.0000e+00
      1.444      0.026     7.4917     86.282     33.921  32.080683     4.9537      8.619   187.0990 2.1030e+01     4.9510      1.418      2.056    22.2742 0.0000e+00
      1.449      0.028     7.4918     86.334     33.919  32.079528     4.9002      8.619   187.2665 2.0915e+01     5.0960      1.420      2.060    22.2762 0.0000e+00
      1.454      0.026     7.4941     86.369     33.904  32.066841     4.8864      8.621   187.4214 2.0697e+01     5.0758      1.424      2.065    22.2783 0.0000e+00
      1.464      0.022     7.4983     86.406     33.889  32.054153     4.8462      8.622   187.4231 2.0419e+01     4.9121      1.435      2.082    22.2803 0.0000e+00
      1.474      0.022     7.5015     86.464     33.886  32.052999     4.8293      8.622   187.3741 2.0210e+01     4.8242      1.450      2.102    22.2822 0.0000e+00
      1.479      0.027     7.5079     86.524     33.884  32.052903     4.8484      8.621   187.3444 2.0122e+01     4.8668      1.453      2.108    22.2841 0.0000e+00
      1.477      0.035     7.5092     86.582     33.883  32.052988     4.8940      8.617   187.4075 2.0059e+01     5.0178      1.447      2.099    22.2861 0.0000e+00
      1.477      0.043     7.5109     86.649     33.883  32.054026     5.0818      8.612   187.5352 1.9884e+01     5.1127      1.444      2.094    22.2883 0.0000e+00
      1.490      0.050     7.5173     86.729     33.893  32.065446     5.3883      8.607   187.5982 1.9513e+01     5.1254      1.455      2.111    22.2901 0.0000e+00
      1.517      0.055     7.5221     86.824     33.891  32.064188     5.5523      8.604   187.6532 1.9098e+01     5.1371      1.488      2.158    22.2921 0.0000e+00
      1.542      0.057     7.5262     86.908     33.863  32.038822     5.5837      8.602   187.6828 1.8875e+01     5.1525      1.518      2.203    22.2943 0.0000e+00
      1.557      0.055     7.5321     86.952     33.833  32.012503     5.5928      8.602   187.6992 1.8810e+01     5.1746      1.529      2.218    22.2959 0.0000e+00
      1.563      0.047     7.5379     86.967     33.818  31.999720     5.4797      8.603   187.7649 1.8786e+01     5.1311      1.533      2.223    22.2979 0.0000e+00
      1.570      0.037     7.5471     86.981     33.829  32.011140     5.2811      8.604   187.7893 1.8757e+01     5.1053      1.539      2.232    22.2998 0.0000e+00
      1.579      0.028     7.5556     86.996     33.841  32.023701     5.1979      8.604   187.7356 1.8667e+01     5.2037      1.548      2.245    22.3018 0.0000e+00
      1.589      0.022     7.5585     87.015     33.841  32.024729     5.2221      8.603   187.7183 1.8558e+01     5.2958      1.559      2.262    22.3038 0.0000e+00
      1.596      0.018     7.5581     87.038     33.838  32.023574     5.1751      8.603   187.8385 1.8480e+01     5.2973      1.566      2.271    22.3055 0.0000e+00
      1.599      0.015     7.5594     87.052     33.822  32.009744     5.0284      8.604   187.9839 1.8424e+01     5.2553      1.568      2.275    22.3074 0.0000e+00
      1.599      0.013     7.5605     87.075     33.794  31.984379     4.9137      8.604   188.0139 1.8409e+01     5.1984      1.570      2.277    22.3094 0.0000e+00
      1.599      0.013     7.5611     87.120     33.778  31.970642     4.8952      8.605   187.9424 1.8366e+01     5.1906      1.566      2.271    22.3113 0.0000e+00
      1.601      0.014     7.5645     87.174     33.776  31.970527     4.8881      8.607   187.8940 1.8265e+01     5.1952      1.567      2.273    22.3134 0.0000e+00
      1.607      0.015     7.5641     87.236     33.788  31.982996     4.8442      8.608   188.0310 1.8166e+01     5.1853      1.576      2.286    22.3155 0.0000e+00
      1.614      0.016     7.5649     87.309     33.798  31.994530     4.8136      8.608   188.2229 1.8062e+01     5.1738      1.582      2.296    22.3174 0.0000e+00
      1.619      0.018     7.5700     87.363     33.785  31.983109     4.7935      8.608   188.2354 1.7989e+01     5.1240      1.588      2.304    22.3195 0.0000e+00
      1.623      0.019     7.5739     87.392     33.771  31.971774     4.8005      8.609   188.1817 1.7982e+01     5.2321      1.592      2.310    22.3217 0.0000e+00
      1.624      0.020     7.5785     87.434     33.783  31.984366     4.8399      8.610   188.1762 1.7958e+01     5.4217      1.593      2.311    22.3238 0.0000e+00
      1.627      0.023     7.5858     87.486     33.807  32.008483     4.8456      8.611   188.1687 1.7838e+01     5.4007      1.593      2.310    22.3262 0.0000e+00
      1.635      0.029     7.5914     87.526     33.807  32.009617     4.8271      8.613   188.2633 1.7687e+01     5.3205      1.603      2.324    22.3286 0.0000e+00
      1.643      0.037     7.5905     87.581     33.793  31.998072     4.8162      8.613   188.3732 1.7582e+01     5.4428      1.614      2.340    22.3306 0.0000e+00
      1.652      0.044     7.5946     87.664     33.789  31.995775     4.8143      8.614   188.2930 1.7422e+01     5.6834      1.619      2.347    22.3327 0.0000e+00
      1.665      0.050     7.6003     87.748     33.773  31.981849     4.8034      8.614   188.2393 1.7176e+01     5.7358      1.631      2.366    22.3351 0.0000e+00
      1.683      0.053     7.6017     87.821     33.744  31.956570     4.7765      8.613   188.3267 1.6958e+01     5.5986      1.651      2.396    22.3372 0.0000e+00
      1.698      0.054     7.6057     87.897     33.729  31.943881     4.7722      8.613   188.4896 1.6778e+01     5.5272      1.666      2.416    22.3394 0.0000e+00
      1.712      0.057     7.6141     87.992     33.740  31.955310     4.9176      8.612   188.6606 1.6631e+01     5.7949      1.679      2.434    22.3415 0.0000e+00
      1.725      0.059     7.6214     88.108     33.751  31.967882     5.2108      8.611   188.6735 1.6533e+01     6.2732      1.693      2.456    22.3439 0.0000e+00
      1.737      0.061     7.6265     88.223     33.751  31.969015     5.3879      8.609   188.6454 1.6373e+01     6.4252      1.703      2.471    22.3460 0.0000e+00
      1.751      0.062     7.6326     88.325     33.750  31.969014     5.5185      8.608   188.7507 1.6124e+01     6.3688      1.714      2.487    22.3480 0.0000e+00
      1.771      0.064     7.6397     88.418     33.747  31.967870     7.0397      8.607   188.9141 1.5852e+01     6.9579      1.735      2.517    22.3502 0.0000e+00
