Data/DataNotYetUploadedToEDI/Raw_CTD/RawDownloads/081125_fcr50_S7809006.cnv
* Sea-Bird SBE19plus  Data File:
* FileName = C:\R\Reservoirs\Data\DataNotYetUploadedToEDI\Raw_CTD\RawDownloads\080425_fcr50_S7809_0006.hex
* Software version 2.8.0.119
* Temperature SN = 7809
* Conductivity SN = 7809
* System UpLoad Time = Aug 11 2025 16:40:48
* <ApplicationData>
* <Seaterm232>
# nquan = 15
# nvalues = 3651                        
# units = specified
# name 0 = depFM: Depth [fresh water, m]
# name 1 = dz/dtM: Descent Rate [m/s]
# name 2 = sbeox0Mg/L: Oxygen, SBE 43 [mg/l]
# name 3 = sbeox0PS: Oxygen, SBE 43 [% saturation]
# name 4 = specc: Specific Conductance [uS/cm]
# name 5 = c0uS/cm: Conductivity [uS/cm]
# name 6 = flECO-AFL: Fluorescence, WET Labs ECO-AFL/FL [mg/m^3]
# name 7 = ph: pH
# name 8 = orp: Oxidation Reduction Potential [mV]
# name 9 = par/sat/log: PAR/Logarithmic, Satlantic
# name 10 = turbWETntu0: Turbidity, WET Labs ECO [NTU]
# name 11 = prdM: Pressure, Strain Gauge [db]
# name 12 = prdE: Pressure, Strain Gauge [psi]
# name 13 = tv290C: Temperature [ITS-90, deg C]
# name 14 = flag:  0.000e+00
# span 0 =     -0.574,      9.702       
# span 1 =     -0.530,      0.275       
# span 2 =    -0.8558,     9.0565       
# span 3 =     -7.602,    105.931       
# span 4 =      1.474,    285.260       
# span 5 =   1.373850, 210.782710       
# span 6 =    -0.0692,    19.5828       
# span 7 =      7.014,      9.067       
# span 8 = -1240.7454,   235.3110       
# span 9 = 1.2355e-01, 2.2371e+02       
# span 10 =     0.7190,   623.5485      
# span 11 =     -0.564,      9.515      
# span 12 =     -0.818,     13.800      
# span 13 =    11.8315,    23.5808      
# span 14 = 0.0000e+00, 0.0000e+00      
# interval = seconds: 0.25
# start_time = Aug 11 2025 10:14:24 [Instrument's time stamp, header]
# bad_flag = -9.990e-29
*END*
[from data line 1928]
      4.980      0.003     5.3973     49.849     53.200  39.314168     0.9402      7.927   197.1161 1.2384e-01    18.1950      4.885      7.085    11.9468 0.0000e+00
      4.981      0.001     5.3927     49.828     53.200  39.314169     0.9069      7.927   197.3561 1.2383e-01    18.1533      4.884      7.083    11.9504 0.0000e+00
      4.981      0.001     5.3858     49.833     53.216  39.326667     0.8828      7.926   197.4169 1.2378e-01    18.1844      4.885      7.084    11.9496 0.0000e+00
      4.981      0.001     5.3808     49.860     53.231  39.338353     0.8816      7.925   197.3358 1.2371e-01    18.2643      4.885      7.085    11.9470 0.0000e+00
      4.981      0.002     5.3780     49.889     53.217  39.328547     0.9166      7.924   197.4083 1.2371e-01    18.4355      4.885      7.085    11.9460 0.0000e+00
      4.982      0.003     5.3747     49.919     53.224  39.335017     0.9575      7.924   197.5185 1.2373e-01    18.5457      4.885      7.085    11.9463 0.0000e+00
      4.982      0.005     5.3747     49.957     53.243  39.353120     0.9515      7.924   197.7218 1.2373e-01    18.4698      4.885      7.085    11.9473 0.0000e+00
      4.983      0.006     5.3797     49.990     53.238  39.357049     0.9526      7.925   198.0598 1.2371e-01    18.4746      4.885      7.085    11.9475 0.0000e+00
      4.985      0.007     5.3818     50.007     53.258  39.382528     1.0034      7.925   198.1626 1.2372e-01    18.6379      4.887      7.089    11.9479 0.0000e+00
      4.989      0.007     5.3849     50.016     53.276  39.407348     1.0496      7.925   198.1041 1.2378e-01    18.6683      4.893      7.096    11.9485 0.0000e+00
      4.992      0.006     5.3892     50.020     53.256  39.403305     1.0461      7.925   198.0416 1.2380e-01    18.5687      4.897      7.101    11.9514 0.0000e+00
      4.992      0.005     5.3925     50.004     53.234  39.397114     1.0099      7.925   198.0951 1.2375e-01    18.4928      4.896      7.100    11.9597 0.0000e+00
      4.993      0.003     5.3925     49.970     53.219  39.395967     0.9945      7.925   198.3213 1.2368e-01    18.5013      4.896      7.102    11.9700 0.0000e+00
      4.993      0.002     5.3916     49.952     53.199  39.389451     1.0025      7.925   198.4529 1.2364e-01    18.5692      4.897      7.102    11.9812 0.0000e+00
      4.993      0.002     5.3917     49.951     53.179  39.381804     1.0063      7.924   198.4823 1.2367e-01    18.5972      4.896      7.102    11.9919 0.0000e+00
      4.993      0.003     5.3894     49.936     53.153  39.366980     0.9907      7.924   198.5907 1.2368e-01    18.5662      4.897      7.103    12.0013 0.0000e+00
      4.993      0.005     5.3818     49.901     53.115  39.337136     0.9632      7.923   198.7316 1.2373e-01    18.4680      4.897      7.102    12.0114 0.0000e+00
      4.994      0.007     5.3791     49.853     53.129  39.338281     0.9658      7.923   198.8082 1.2378e-01    18.3656      4.897      7.103    12.0195 0.0000e+00
      4.997      0.008     5.3804     49.820     53.199  39.380818     0.9964      7.923   198.9147 1.2375e-01    18.3535      4.899      7.107    12.0250 0.0000e+00
      5.002      0.008     5.3775     49.805     53.241  39.407191     1.0175      7.922   199.0734 1.2369e-01    18.3908      4.905      7.114    12.0312 0.0000e+00
      5.005      0.008     5.3743     49.790     53.240  39.403300     1.0042      7.921   199.2636 1.2367e-01    18.3374      4.909      7.120    12.0318 0.0000e+00
      5.006      0.007     5.3684     49.771     53.234  39.397227     0.9774      7.922   199.4944 1.2365e-01    18.3221      4.909      7.120    12.0181 0.0000e+00
      5.007      0.006     5.3666     49.758     53.237  39.397228     0.9924      7.922   199.6265 1.2365e-01    18.5135      4.910      7.121    12.0071 0.0000e+00
      5.008      0.006     5.3667     49.767     53.248  39.403314     1.0366      7.922   199.7433 1.2371e-01    18.6709      4.911      7.123    12.0050 0.0000e+00
      5.009      0.007     5.3648     49.778     53.257  39.407349     1.0620      7.922   199.9591 1.2371e-01    18.6878      4.912      7.124    12.0014 0.0000e+00
      5.010      0.009     5.3635     49.765     53.233  39.382543     1.0334      7.922   200.0844 1.2367e-01    18.6151      4.914      7.127    12.0006 0.0000e+00
      5.012      0.010     5.3600     49.728     53.211  39.357230     0.9737      7.921   200.0541 1.2365e-01    18.4752      4.915      7.129    11.9987 0.0000e+00
      5.016      0.011     5.3630     49.679     53.211  39.355135     0.9648      7.921   200.1088 1.2363e-01    18.4642      4.918      7.132    11.9958 0.0000e+00
      5.021      0.012     5.3656     49.649     53.215  39.357214     0.9919      7.921   200.3161 1.2365e-01    18.5853      4.925      7.142    11.9972 0.0000e+00
      5.024      0.012     5.3642     49.636     53.252  39.382358     1.0105      7.921   200.4958 1.2375e-01    18.6417      4.928      7.147    11.9893 0.0000e+00
      5.025      0.012     5.3626     49.620     53.281  39.405291     1.0228      7.921   200.6470 1.2380e-01    18.5647      4.927      7.146    11.9755 0.0000e+00
      5.029      0.011     5.3544     49.623     53.236  39.380647     1.0157      7.921   200.7677 1.2378e-01    18.4410      4.931      7.152    11.9772 0.0000e+00
      5.032      0.011     5.3515     49.657     53.165  39.338252     1.0157      7.921   200.8365 1.2376e-01    18.4775      4.936      7.158    11.9789 0.0000e+00
      5.034      0.012     5.3532     49.701     53.158  39.336950     1.0242      7.921   200.8766 1.2384e-01    18.5622      4.937      7.161    11.9715 0.0000e+00
      5.036      0.013     5.3491     49.726     53.202  39.364907     1.0099      7.921   200.8225 1.2392e-01    18.5437      4.939      7.163    11.9728 0.0000e+00
      5.039      0.013     5.3476     49.719     53.207  39.358963     0.9849      7.921   200.7837 1.2388e-01    18.5272      4.940      7.165    11.9834 0.0000e+00
      5.044      0.014     5.3513     49.701     53.173  39.328537     0.9540      7.921   200.9242 1.2379e-01    18.4645      4.945      7.172    11.9956 0.0000e+00
      5.049      0.015     5.3559     49.688     53.152  39.314335     0.9528      7.921   201.1447 1.2371e-01    18.4005      4.953      7.183    12.0004 0.0000e+00
      5.052      0.016     5.3608     49.687     53.146  39.314169     0.9873      7.921   201.2992 1.2369e-01    18.3684      4.956      7.188    11.9950 0.0000e+00
      5.055      0.017     5.3598     49.720     53.161  39.326534     1.0042      7.921   201.2436 1.2374e-01    18.3157      4.956      7.188    11.9831 0.0000e+00
      5.060      0.019     5.3579     49.770     53.181  39.336917     0.9904      7.921   201.0751 1.2382e-01    18.2751      4.962      7.196    11.9747 0.0000e+00
      5.064      0.022     5.3570     49.806     53.162  39.312792     0.9619      7.921   201.0685 1.2386e-01    18.3217      4.966      7.203    11.9782 0.0000e+00
      5.069      0.026     5.3541     49.837     53.149  39.288676     0.9594      7.920   201.1632 1.2380e-01    18.5032      4.969      7.208    11.9846 0.0000e+00
      5.076      0.029     5.3578     49.852     53.185  39.299167     0.9860      7.920   201.3600 1.2374e-01    18.6248      4.977      7.219    11.9865 0.0000e+00
      5.086      0.030     5.3669     49.862     53.222  39.312692     0.9845      7.920   201.6408 1.2374e-01    18.5624      4.987      7.233    11.9831 0.0000e+00
      5.096      0.031     5.3692     49.904     53.251  39.325262     0.9565      7.920   201.7187 1.2378e-01    18.4323      4.999      7.249    11.9739 0.0000e+00
      5.104      0.031     5.3757     49.943     53.258  39.324214     0.9394      7.920   201.6139 1.2380e-01    18.4514      5.008      7.263    11.9595 0.0000e+00
      5.109      0.029     5.3806     49.958     53.233  39.300013     0.9436      7.921   201.6643 1.2376e-01    18.6570      5.010      7.266    11.9410 0.0000e+00
      5.115      0.025     5.3782     49.977     53.219  39.286496     0.9663      7.921   201.8973 1.2369e-01    18.8345      5.014      7.272    11.9273 0.0000e+00
      5.124      0.021     5.3881     50.019     53.222  39.287702     0.9721      7.921   202.0218 1.2373e-01    18.8214      5.027      7.290    11.9218 0.0000e+00
      5.132      0.017     5.3931     50.074     53.254  39.314599     0.9387      7.921   202.0521 1.2378e-01    18.6350      5.035      7.302    11.9161 0.0000e+00
      5.134      0.014     5.3942     50.129     53.302  39.357858     0.8955      7.921   202.0910 1.2379e-01    18.4947      5.034      7.301    11.9092 0.0000e+00
      5.135      0.011     5.3952     50.185     53.302  39.366505     0.8906      7.920   202.0625 1.2378e-01    18.5256      5.036      7.304    11.9057 0.0000e+00
      5.137      0.007     5.4011     50.232     53.278  39.355701     0.9219      7.920   202.0515 1.2377e-01    18.6320      5.039      7.308    11.9047 0.0000e+00
      5.138      0.006     5.4076     50.277     53.272  39.354152     0.9078      7.920   202.1305 1.2384e-01    18.6203      5.038      7.306    11.9073 0.0000e+00
      5.140      0.006     5.4107     50.312     53.264  39.347782     0.8446      7.920   202.3292 1.2383e-01    18.4860      5.041      7.311    11.9170 0.0000e+00
      5.142      0.005     5.4182     50.325     53.255  39.342146     0.8150      7.920   202.5611 1.2371e-01    18.4095      5.044      7.315    11.9261 0.0000e+00
      5.143      0.004     5.4202     50.322     53.260  39.349474     0.8327      7.920   202.6976 1.2373e-01    18.4469      5.043      7.314    11.9325 0.0000e+00
      5.144      0.004     5.4258     50.289     53.281  39.372929     0.8597      7.920   202.7749 1.2382e-01    18.4943      5.044      7.316    11.9357 0.0000e+00
      5.144      0.004     5.4309     50.223     53.267  39.371889     0.8580      7.919   202.7212 1.2380e-01    18.4352      5.045      7.317    11.9339 0.0000e+00
      5.145      0.004     5.4308     50.147     53.210  39.336909     0.8448      7.918   202.6498 1.2379e-01    18.4494      5.045      7.317    11.9332 0.0000e+00
      5.146      0.005     5.4317     50.076     53.191  39.330777     0.8428      7.918   202.8591 1.2384e-01    18.5296      5.046      7.319    11.9366 0.0000e+00
      5.147      0.005     5.4273     50.011     53.220  39.361211     0.8743      7.918   203.1864 1.2389e-01    18.5171      5.047      7.321    11.9456 0.0000e+00
      5.150      0.006     5.4173     49.956     53.243  39.387583     0.9517      7.918   203.2523 1.2389e-01    18.5030      5.050      7.326    11.9553 0.0000e+00
      5.152      0.008     5.4082     49.922     53.243  39.395799     0.9877      7.918   203.1394 1.2384e-01    18.4610      5.052      7.328    11.9612 0.0000e+00
      5.153      0.010     5.3995     49.931     53.238  39.397099     0.9688      7.917   203.1977 1.2380e-01    18.4535      5.052      7.327    11.9674 0.0000e+00
      5.154      0.011     5.3914     49.966     53.242  39.403303     0.9564      7.917   203.4408 1.2380e-01    18.4810      5.054      7.331    11.9766 0.0000e+00
      5.158      0.011     5.3845     49.986     53.245  39.407347     0.9462      7.917   203.6693 1.2382e-01    18.5198      5.057      7.335    11.9859 0.0000e+00
      5.163      0.012     5.3775     49.976     53.211  39.382536     0.9365      7.916   203.8099 1.2380e-01    18.6155      5.064      7.345    11.9940 0.0000e+00
      5.168      0.012     5.3794     49.976     53.182  39.357164     0.9300      7.916   203.8501 1.2376e-01    18.6126      5.069      7.352    11.9989 0.0000e+00
      5.170      0.012     5.3847     50.014     53.188  39.354432     0.9096      7.915   203.8105 1.2376e-01    18.6220      5.069      7.351    12.0009 0.0000e+00
      5.171      0.011     5.3874     50.044     53.189  39.349488     0.8892      7.915   203.8477 1.2379e-01    18.7640      5.071      7.355    12.0039 0.0000e+00
      5.174      0.009     5.3844     50.059     53.210  39.360852     0.9001      7.915   204.0420 1.2377e-01    18.8599      5.075      7.360    12.0052 0.0000e+00
      5.176      0.007     5.3820     50.082     53.217  39.364900     0.9336      7.915   204.1800 1.2376e-01    18.7912      5.077      7.363    12.0000 0.0000e+00
      5.178      0.006     5.3915     50.099     53.173  39.334967     0.9364      7.914   204.2262 1.2376e-01    18.6176      5.078      7.366    11.9924 0.0000e+00
      5.180      0.004     5.3953     50.111     53.142  39.316242     0.9340      7.914   204.3423 1.2375e-01    18.5362      5.080      7.368    11.9866 0.0000e+00
      5.180      0.003     5.3950     50.144     53.153  39.328895     0.9629      7.914   204.3799 1.2375e-01    18.5930      5.080      7.368    11.9826 0.0000e+00
      5.181      0.002     5.3994     50.170     53.192  39.361037     0.9864      7.914   204.3374 1.2373e-01    18.6552      5.081      7.369    11.9814 0.0000e+00
      5.181      0.001     5.4011     50.160     53.225  39.387561     1.0017      7.914   204.4296 1.2373e-01    18.6046      5.081      7.369    11.9839 0.0000e+00
      5.181      0.000     5.3990     50.149     53.233  39.395747     0.9809      7.914   204.5487 1.2378e-01    18.5281      5.080      7.368    11.9892 0.0000e+00
      5.181      0.000     5.4040     50.156     53.230  39.396552     0.9427      7.914   204.6583 1.2383e-01    18.6522      5.080      7.368    11.9938 0.0000e+00
      5.181      0.000     5.4092     50.160     53.228  39.397295     0.9472      7.914   204.8093 1.2383e-01    18.8757      5.081      7.369    11.9966 0.0000e+00
      5.181      0.001     5.4043     50.144     53.234  39.404740     0.9531      7.914   204.8257 1.2373e-01    18.9407      5.080      7.368    11.9984 0.0000e+00
      5.181      0.001     5.4028     50.130     53.253  39.423097     0.9221      7.915   204.6832 1.2361e-01    18.7212      5.081      7.369    12.0003 0.0000e+00
      5.181      0.001     5.4042     50.132     53.252  39.428871     0.8892      7.915   204.6354 1.2365e-01    18.3742      5.081      7.369    12.0032 0.0000e+00
      5.182      0.002     5.4057     50.130     53.217  39.411100     0.8964      7.915   204.7645 1.2379e-01    18.2634      5.081      7.370    12.0054 0.0000e+00
      5.182      0.003     5.4024     50.131     53.188  39.398615     0.9252      7.914   204.9537 1.2381e-01    18.3383      5.082      7.371    12.0072 0.0000e+00
      5.182      0.004     5.3986     50.124     53.186  39.404854     0.9215      7.913   205.0304 1.2373e-01    18.3223      5.082      7.370    12.0113 0.0000e+00
      5.183      0.005     5.4012     50.094     53.203  39.423088     0.8926      7.913   204.9178 1.2375e-01    18.2754      5.083      7.372    12.0181 0.0000e+00
      5.184      0.006     5.3977     50.079     53.208  39.428696     0.8841      7.913   204.8827 1.2380e-01    18.3183      5.084      7.374    12.0262 0.0000e+00
      5.187      0.007     5.3975     50.083     53.181  39.409198     0.9017      7.913   205.0354 1.2376e-01    18.4311      5.086      7.377    12.0343 0.0000e+00
      5.189      0.008     5.3983     50.080     53.139  39.377729     0.9308      7.913   205.2159 1.2376e-01    18.5796      5.089      7.381    12.0419 0.0000e+00
      5.191      0.008     5.3905     50.086     53.124  39.365518     0.9530      7.913   205.3442 1.2376e-01    18.6454      5.090      7.382    12.0475 0.0000e+00
      5.193      0.008     5.3891     50.107     53.158  39.388487     0.9550      7.913   205.3814 1.2373e-01    18.5776      5.091      7.385    12.0492 0.0000e+00
      5.196      0.007     5.3919     50.116     53.182  39.401591     0.9294      7.912   205.4081 1.2377e-01    18.4772      5.096      7.391    12.0489 0.0000e+00
      5.198      0.006     5.3899     50.121     53.184  39.397018     0.9009      7.912   205.4950 1.2381e-01    18.4903      5.097      7.393    12.0485 0.0000e+00
