Data/DataNotYetUploadedToEDI/Raw_CTD/RawDownloads/081125_fcr30_S7809010.cnv
* Sea-Bird SBE19plus  Data File:
* FileName = C:\R\Reservoirs\Data\DataNotYetUploadedToEDI\Raw_CTD\RawDownloads\080425_fcr50_S7809_0010.hex
* Software version 2.8.0.119
* Temperature SN = 7809
* Conductivity SN = 7809
* System UpLoad Time = Aug 11 2025 16:42:39
* <ApplicationData>
* <Seaterm232>
# nquan = 15
# nvalues = 1050                        
# units = specified
# name 0 = depFM: Depth [fresh water, m]
# name 1 = dz/dtM: Descent Rate [m/s]
# name 2 = sbeox0Mg/L: Oxygen, SBE 43 [mg/l]
# name 3 = sbeox0PS: Oxygen, SBE 43 [% saturation]
# name 4 = specc: Specific Conductance [uS/cm]
# name 5 = c0uS/cm: Conductivity [uS/cm]
# name 6 = flECO-AFL: Fluorescence, WET Labs ECO-AFL/FL [mg/m^3]
# name 7 = ph: pH
# name 8 = orp: Oxidation Reduction Potential [mV]
# name 9 = par/sat/log: PAR/Logarithmic, Satlantic
# name 10 = turbWETntu0: Turbidity, WET Labs ECO [NTU]
# name 11 = prdM: Pressure, Strain Gauge [db]
# name 12 = prdE: Pressure, Strain Gauge [psi]
# name 13 = tv290C: Temperature [ITS-90, deg C]
# name 14 = flag:  0.000e+00
# span 0 =     -0.582,      5.525       
# span 1 =     -0.347,      0.153       
# span 2 =     0.0189,     8.9999       
# span 3 =      0.213,    105.530       
# span 4 =      1.036,     60.915       
# span 5 =   0.958958,  46.910153       
# span 6 =    -0.0918,    18.5258       
# span 7 =      7.935,      9.012       
# span 8 =   164.4299,   245.1242       
# span 9 = 1.2365e-01, 6.8002e+02       
# span 10 =     0.1546,   237.5193      
# span 11 =     -0.572,      5.419      
# span 12 =     -0.829,      7.859      
# span 13 =    11.9144,    23.6081      
# span 14 = 0.0000e+00, 0.0000e+00      
# interval = seconds: 0.25
# start_time = Aug 11 2025 12:35:31 [Instrument's time stamp, header]
# bad_flag = -9.990e-29
*END*
     -0.580 -1.818e-10     8.1595     92.056      1.241   1.148092     0.0511      8.286   196.5027 6.7510e+02     9.9615     -0.569     -0.825    21.2691 0.0000e+00
     -0.580 -2.000e-09     8.1611     92.054      1.226   1.134178     0.0264      8.286   192.5805 6.7804e+02     9.9724     -0.569     -0.825    21.2694 0.0000e+00
     -0.580 -2.200e-08     8.1621     92.042      1.197   1.107702     0.0224      8.286   190.3219 6.8002e+02     9.9815     -0.568     -0.824    21.2698 0.0000e+00
     -0.580 -2.420e-07     8.1611     92.044      1.169   1.081339     0.0190      8.287   190.7040 6.7696e+02     9.4909     -0.569     -0.825    21.2701 0.0000e+00
     -0.580 -4.436e-07     8.1640     92.054      1.155   1.068776     0.0263      8.287   192.0384 6.6866e+02     8.6854     -0.569     -0.825    21.2702 0.0000e+00
     -0.580 -2.420e-07     8.1633     92.054      1.170   1.082483     0.0521      8.287   192.7757 6.5876e+02     8.3726     -0.569     -0.825    21.2704 0.0000e+00
     -0.580 -2.200e-08     8.1607     92.047      1.210   1.120392     0.0811      8.285   192.9936 6.5413e+02     8.3731     -0.569     -0.825    21.2706 0.0000e+00
     -0.580 -2.000e-09     8.1615     92.044      1.239   1.147088     0.0780      8.283   193.4678 6.5977e+02     8.2136     -0.568     -0.824    21.2707 0.0000e+00
     -0.580 -1.818e-10     8.1634     92.046      1.244   1.151903     0.0645      8.283   193.6916 6.6763e+02     8.1173     -0.569     -0.825    21.2710 0.0000e+00
     -0.580 -1.653e-11     8.1628     92.046      1.274   1.178610     0.0841      8.283   193.1181 6.6701e+02     8.1996     -0.569     -0.825    21.2714 0.0000e+00
     -0.580 -1.503e-12     8.1620     92.048      1.315   1.216633     0.0830      8.284   193.4162 6.6121e+02     8.1845     -0.569     -0.825    21.2715 0.0000e+00
     -0.580 -1.366e-13     8.1614     92.061      1.331   1.231595     0.0341      8.284   195.2316 6.5942e+02     7.9004     -0.569     -0.825    21.2718 0.0000e+00
     -0.580 -1.242e-14     8.1619     92.065      1.332   1.232831     0.0082      8.284   197.6866 6.6067e+02     7.5316     -0.569     -0.825    21.2722 0.0000e+00
     -0.580 -1.129e-15     8.1622     92.066      1.330   1.231574     0.0279      8.283   200.8166 6.5784e+02     7.3458     -0.569     -0.825    21.2722 0.0000e+00
     -0.580 -1.026e-16     8.1604     92.068      1.314   1.216394     0.0395      8.282   203.8229 6.5369e+02     7.3283     -0.569     -0.825    21.2727 0.0000e+00
     -0.580 -9.330e-18     8.1644     92.061      1.271   1.175974     0.0319      8.280   204.8675 6.5387e+02     7.6263     -0.569     -0.826    21.2728 0.0000e+00
     -0.580 -8.480e-19     8.1631     92.054      1.214   1.122905     0.0448      8.280   203.7250 6.5952e+02     8.2848     -0.569     -0.826    21.2729 0.0000e+00
     -0.580 -7.710e-20     8.1631     92.049      1.169   1.081465     0.0778      8.281   201.1937 6.6848e+02     8.7657     -0.568     -0.824    21.2732 0.0000e+00
     -0.580 -7.010e-21     8.1645     92.039      1.140   1.054979     0.0819      8.282   198.1805 6.7350e+02     8.8293     -0.569     -0.825    21.2734 0.0000e+00
     -0.580 -6.370e-22     8.1624     92.039      1.141   1.056016     0.0528      8.282   195.8583 6.7255e+02     8.6781     -0.569     -0.826    21.2735 0.0000e+00
     -0.580 -5.795e-23     8.1626     92.055      1.182   1.094010     0.0500      8.282   194.8843 6.6867e+02     8.5431     -0.569     -0.826    21.2739 0.0000e+00
     -0.580 -5.265e-24     8.1619     92.059      1.226   1.134315     0.0732      8.282   195.0073 6.6294e+02     8.4266     -0.569     -0.826    21.2742 0.0000e+00
     -0.580 -4.787e-25     8.1610     92.061      1.257   1.163305     0.0667      8.281   195.1942 6.5546e+02     8.2949     -0.569     -0.825    21.2743 0.0000e+00
     -0.580 -4.286e-26     8.1592     92.081      1.287   1.191163     0.0392      8.280   194.8208 6.4666e+02     8.3174     -0.569     -0.826    21.2746 0.0000e+00
     -0.580 3.3529e-27     8.1633     92.079      1.316   1.217776     0.0317      8.280   194.1069 6.3930e+02     7.9464     -0.569     -0.825    21.2748 0.0000e+00
     -0.580 8.0044e-26     8.1631     92.066      1.331   1.231711     0.0249      8.280   193.1017 6.3376e+02     6.9179     -0.569     -0.825    21.2750 0.0000e+00
     -0.580 8.8440e-25     8.1605     92.069      1.332   1.232968    -0.0090      8.280   192.0445 6.2740e+02     6.1980     -0.569     -0.825    21.2751 0.0000e+00
     -0.580 9.7288e-24     8.1665     92.069      1.332   1.232979    -0.0373      8.280   191.5628 6.1983e+02     6.0399     -0.569     -0.825    21.2752 0.0000e+00
     -0.580 1.0702e-22     8.1647     92.065      1.331   1.231848    -0.0260      8.280   191.4080 6.1083e+02     5.7573     -0.569     -0.825    21.2754 0.0000e+00
     -0.580 1.1772e-21     8.1616     92.071      1.317   1.219284     0.0032      8.279   190.9472 6.0025e+02     5.2072     -0.569     -0.825    21.2756 0.0000e+00
     -0.580 1.2949e-20     8.1640     92.087      1.305   1.207757    -0.0005      8.278   190.2937 5.8630e+02     4.8199     -0.569     -0.825    21.2759 0.0000e+00
     -0.580 1.4244e-19     8.1633     92.096      1.317   1.219159    -0.0293      8.278   189.9594 5.6679e+02     4.7298     -0.569     -0.825    21.2761 0.0000e+00
     -0.580 1.5668e-18     8.1624     92.090      1.329   1.230466    -0.0198      8.279   190.1745 5.4820e+02     4.6295     -0.568     -0.824    21.2762 0.0000e+00
     -0.580 1.7235e-17     8.1629     92.076      1.316   1.217779     0.0052      8.280   190.8298 5.3383e+02     4.3250     -0.569     -0.825    21.2762 0.0000e+00
     -0.579 1.8959e-16     8.1652     92.071      1.288   1.192441    -0.0093      8.280   192.3753 5.1747e+02     4.0541     -0.568     -0.824    21.2767 0.0000e+00
     -0.579 2.0855e-15     8.1660     92.079      1.272   1.177478    -0.0124      8.279   194.4077 4.9921e+02     4.0183     -0.568     -0.824    21.2769 0.0000e+00
     -0.579 2.2940e-14     8.1652     92.084      1.257   1.163545     0.0174      8.278   195.7002 4.8387e+02     3.9601     -0.568     -0.824    21.2771 0.0000e+00
     -0.579 2.5234e-13     8.1634     92.073      1.243   1.150658     0.0188      8.277   196.7313 4.7419e+02     3.6922     -0.569     -0.825    21.2774 0.0000e+00
     -0.579 2.7757e-12     8.1625     92.058      1.241   1.148344     0.0039      8.277   198.1841 4.7325e+02     3.5464     -0.568     -0.824    21.2776 0.0000e+00
     -0.579 3.0533e-11     8.1641     92.053      1.227   1.135571     0.0201      8.277   199.8442 4.7414e+02     3.6321     -0.568     -0.825    21.2779 0.0000e+00
     -0.579 3.3586e-10     8.1649     92.066      1.213   1.122893     0.0244      8.278   201.2299 4.6824e+02     3.6351     -0.569     -0.824    21.2782 0.0000e+00
     -0.579 3.6945e-09     8.1633     92.081      1.212   1.121740    -0.0114      8.279   201.7744 4.6095e+02     3.5490     -0.568     -0.823    21.2783 0.0000e+00
     -0.579 4.0640e-08     8.1616     92.086      1.212   1.121635    -0.0296      8.280   198.8565 4.5473e+02     3.5130     -0.568     -0.824    21.2785 0.0000e+00
     -0.579 4.4704e-07     8.1606     92.088      1.212   1.121616    -0.0050      8.283   189.0086 4.4773e+02     3.5760     -0.568     -0.824    21.2788 0.0000e+00
     -0.579      0.000     8.1624     92.069      1.212   1.121512     0.0287      8.287   175.6269 4.4071e+02     3.6955     -0.568     -0.824    21.2790 0.0000e+00
     -0.578      0.000     8.1647     92.042      1.211   1.120378     0.0107      8.288   166.7200 4.3029e+02     3.3524     -0.567     -0.823    21.2791 0.0000e+00
     -0.578      0.001     8.1634     92.039      1.197   1.107909    -0.0474      8.286   164.4299 4.0407e+02     2.6383     -0.567     -0.823    21.2792 0.0000e+00
     -0.578      0.002     8.1655     92.062      1.186   1.097431    -0.0573      8.285   164.9729 3.5024e+02     2.3721     -0.568     -0.824    21.2797 0.0000e+00
     -0.578      0.002     8.1632     92.086      1.211   1.120369    -0.0348      8.284   166.4024 2.8189e+02     2.3534     -0.568     -0.823    21.2799 0.0000e+00
     -0.577      0.002     8.1590     92.091      1.223   1.131886    -0.0503      8.283   168.8945 2.3043e+02     2.0364     -0.566     -0.821    21.2799 0.0000e+00
     -0.576      0.001     8.1591     92.082      1.199   1.110005    -0.0697      8.283   171.2714 2.0963e+02     1.6820     -0.565     -0.819    21.2801 0.0000e+00
     -0.576      0.001     8.1617     92.066      1.198   1.109167    -0.0530      8.283   173.6314 2.0834e+02     1.6206     -0.565     -0.819    21.2803 0.0000e+00
     -0.576      0.001     8.1651     92.070      1.212   1.121749    -0.0483      8.282   176.6078 2.1512e+02     1.6025     -0.566     -0.820    21.2805 0.0000e+00
     -0.576      0.000     8.1644     92.094      1.227   1.135456    -0.0533      8.281   179.0384 2.2464e+02     1.5313     -0.565     -0.819    21.2811 0.0000e+00
     -0.576 1.5255e-08     8.1644     92.095      1.241   1.148219    -0.0312      8.279   180.7355 2.3379e+02     1.5789     -0.565     -0.820    21.2815 0.0000e+00
     -0.576 1.6780e-07     8.1612     92.066      1.242   1.149389    -0.0304      8.278   182.5005 2.4122e+02     1.5642     -0.565     -0.819    21.2819 0.0000e+00
     -0.576 -2.047e-07     8.1607     92.036      1.242   1.149599    -0.0684      8.278   184.8920 2.4348e+02     1.4210     -0.565     -0.820    21.2826 0.0000e+00
     -0.576      0.000     8.1658     92.025      1.243   1.150759    -0.0918      8.277   188.6571 2.4178e+02     1.3504     -0.566     -0.820    21.2833 0.0000e+00
     -0.576      0.000     8.1654     92.044      1.257   1.163407    -0.0628      8.274   193.5226 2.4104e+02     1.4282     -0.565     -0.819    21.2839 0.0000e+00
     -0.577     -0.001     8.1611     92.059      1.270   1.175847    -0.0013      8.272   197.6031 2.4287e+02     1.5757     -0.566     -0.820    21.2847 0.0000e+00
     -0.577     -0.001     8.1587     92.043      1.269   1.174486     0.0188      8.272   199.7922 2.4819e+02     1.5631     -0.566     -0.821    21.2854 0.0000e+00
     -0.577     -0.001     8.1563     92.033      1.239   1.146950    -0.0104      8.271   201.3208 2.5985e+02     1.4128     -0.566     -0.820    21.2859 0.0000e+00
     -0.577     -0.001     8.1591     92.041      1.184   1.096277    -0.0379      8.269   203.2657 2.7625e+02     1.4322     -0.566     -0.821    21.2866 0.0000e+00
     -0.578     -0.001     8.1630     92.042      1.154   1.068524    -0.0638      8.266   205.9277 2.9016e+02     1.5232     -0.567     -0.822    21.2873 0.0000e+00
     -0.578     -0.001     8.1581     92.025      1.150   1.064744    -0.0909      8.264   210.0181 3.0345e+02     1.4552     -0.567     -0.822    21.2877 0.0000e+00
     -0.578     -0.001     8.1572     92.002      1.135   1.050582    -0.0744      8.263   214.8648 3.2331e+02     1.4639     -0.567     -0.822    21.2883 0.0000e+00
     -0.578     -0.001     8.1594     92.002      1.106   1.023971     0.1194      8.262   218.1537 3.4664e+02     1.8331     -0.567     -0.822    21.2889 0.0000e+00
     -0.578     -0.001     8.1592     92.014      1.076   0.996353     0.4205      8.261   219.4120 3.6856e+02     2.2646     -0.568     -0.823    21.2891 0.0000e+00
     -0.578     -0.001     8.1581     92.019      1.048   0.970022     0.5616      8.261   220.3569 3.9020e+02     2.4115     -0.567     -0.822    21.2896 0.0000e+00
     -0.579     -0.001     8.1535     92.022      1.036   0.958958     0.6280      8.260   221.3183 4.1087e+02     2.5153     -0.568     -0.823    21.2900 0.0000e+00
     -0.579     -0.001     8.1545     92.032      1.069   0.989265     1.0900      8.258   222.2603 4.2685e+02     3.0416     -0.568     -0.824    21.2907 0.0000e+00
     -0.579     -0.000     8.1568     92.040      1.170   1.083109     1.8774      8.258   223.5719 4.3788e+02     3.8555     -0.568     -0.824    21.2906 0.0000e+00
     -0.579      0.000     8.1561     92.041      1.575   1.460212     2.3000      8.256   226.8526 4.4819e+02     4.2945     -0.568     -0.824    21.2917 0.0000e+00
     -0.579      0.002     8.1565     92.040      5.295   4.915372     2.3618      8.253   235.0822 4.5905e+02     4.4210     -0.568     -0.824    21.2905 0.0000e+00
     -0.579      0.007     8.1571     92.032     13.291  12.382420     2.4584      8.248   245.1242 4.6734e+02     4.5660     -0.568     -0.824    21.2928 0.0000e+00
     -0.579      0.020     8.1590     92.022     22.896  21.471537     2.5771      8.244   235.0420 4.7320e+02     4.5780     -0.568     -0.824    21.2900 0.0000e+00
     -0.579      0.039     8.1574     92.034     31.706  29.929288     2.6074      8.236   204.3805 4.8550e+02     4.4304     -0.568     -0.824    21.2956 0.0000e+00
     -0.574      0.060     8.1591     92.070     35.939  34.105557     2.6077      8.217   194.2931 5.1262e+02     4.3860     -0.569     -0.825    21.2885 0.0000e+00
     -0.556      0.081     8.1423     92.088     36.437  34.738162     2.6473      8.199   212.3650 5.4549e+02     4.5541     -0.554     -0.802    21.3889 0.0000e+00
     -0.522      0.101     8.0815     92.045     36.561  34.977024     2.7121      8.194   231.5345 5.6697e+02     4.6871     -0.511     -0.741    21.7598 0.0000e+00
     -0.486      0.118     8.0193     92.036     36.651  35.153835     2.7756      8.193   229.9874 5.7601e+02     4.6271     -0.475     -0.689    22.1665 0.0000e+00
     -0.454      0.129     7.9782     92.157     36.722  35.289914     2.7827      8.190   208.8872 5.8347e+02     4.5115     -0.446     -0.647    22.4597 0.0000e+00
     -0.422      0.133     7.9495     92.319     36.724  35.353486     2.7980      8.195   194.3514 5.9675e+02     4.5191     -0.413     -0.600    22.6845 0.0000e+00
     -0.387      0.132     7.9181     92.455     36.652  35.351541     2.9766      8.207   191.0388 6.1378e+02     4.5486     -0.381     -0.552    22.8407 0.0000e+00
     -0.352      0.130     7.8921     92.618     36.497  35.266484     3.2609      8.215   189.0539 6.2493e+02     4.5263     -0.345     -0.500    22.9646 0.0000e+00
     -0.317      0.129     7.8966     92.857     36.327  35.149982     3.3974      8.221   187.7326 6.2803e+02     4.5231     -0.310     -0.449    23.0502 0.0000e+00
     -0.286      0.125     7.9019     93.145     36.231  35.085057     3.3864      8.237   187.1088 6.2723e+02     4.4416     -0.280     -0.406    23.1200 0.0000e+00
     -0.255      0.119     7.8955     93.439     36.191  35.052538     3.4531      8.259   186.8462 6.2384e+02     4.4290     -0.250     -0.362    23.2226 0.0000e+00
     -0.224      0.114     7.8929     93.738     36.157  35.010591     3.6136      8.279   186.7940 6.1809e+02     4.5075     -0.219     -0.318    23.3181 0.0000e+00
     -0.194      0.109     7.9052     94.024     36.117  34.958550     3.6870      8.297   186.9077 6.1034e+02     4.4341     -0.190     -0.275    23.3814 0.0000e+00
     -0.169      0.104     7.9255     94.291     36.100  34.930863     3.6578      8.313   187.0171 6.0149e+02     4.3609     -0.164     -0.237    23.4263 0.0000e+00
     -0.145      0.098     7.9483     94.554     36.108  34.929605     3.6522      8.328   187.0841 5.9009e+02     4.4760     -0.144     -0.209    23.4289 0.0000e+00
     -0.119      0.091     7.9788     94.801     36.130  34.943329     3.7024      8.340   187.1156 5.7502e+02     4.6652     -0.118     -0.171    23.4074 0.0000e+00
     -0.093      0.081     8.0056     95.013     36.164  34.969897     3.7564      8.351   187.2261 5.5718e+02     4.7014     -0.089     -0.130    23.3913 0.0000e+00
     -0.071      0.071     8.0296     95.179     36.198  34.997036     3.7643      8.362   187.4731 5.0751e+02     4.5724     -0.068     -0.099    23.3752 0.0000e+00
     -0.055      0.061     8.0553     95.274     36.221  35.017666     3.7642      8.372   187.6073 4.2877e+02     4.5395     -0.053     -0.076    23.3604 0.0000e+00
