Data/DataNotYetUploadedToEDI/Raw_CTD/RawDownloads/081125_fcr40_S7809011.cnv
* Sea-Bird SBE19plus  Data File:
* FileName = C:\R\Reservoirs\Data\DataNotYetUploadedToEDI\Raw_CTD\RawDownloads\080425_fcr50_S7809_0011.hex
* Software version 2.8.0.119
* Temperature SN = 7809
* Conductivity SN = 7809
* System UpLoad Time = Aug 11 2025 16:43:08
* <ApplicationData>
* <Seaterm232>
# nquan = 15
# nvalues = 1064                        
# units = specified
# name 0 = depFM: Depth [fresh water, m]
# name 1 = dz/dtM: Descent Rate [m/s]
# name 2 = sbeox0Mg/L: Oxygen, SBE 43 [mg/l]
# name 3 = sbeox0PS: Oxygen, SBE 43 [% saturation]
# name 4 = specc: Specific Conductance [uS/cm]
# name 5 = c0uS/cm: Conductivity [uS/cm]
# name 6 = flECO-AFL: Fluorescence, WET Labs ECO-AFL/FL [mg/m^3]
# name 7 = ph: pH
# name 8 = orp: Oxidation Reduction Potential [mV]
# name 9 = par/sat/log: PAR/Logarithmic, Satlantic
# name 10 = turbWETntu0: Turbidity, WET Labs ECO [NTU]
# name 11 = prdM: Pressure, Strain Gauge [db]
# name 12 = prdE: Pressure, Strain Gauge [psi]
# name 13 = tv290C: Temperature [ITS-90, deg C]
# name 14 = flag:  0.000e+00
# span 0 =     -0.584,      5.820       
# span 1 =     -0.342,      0.226       
# span 2 =     0.0309,     9.2651       
# span 3 =      0.318,    108.375       
# span 4 =   -436.421,     55.814       
# span 5 =-399.468452,  43.132856       
# span 6 =    -0.1051,    25.7538       
# span 7 =      7.940,      9.138       
# span 8 =   178.9531,   249.6581       
# span 9 = 1.2359e-01, 5.9446e+02       
# span 10 =    -0.0056,   363.7134      
# span 11 =     -0.573,      5.707      
# span 12 =     -0.831,      8.278      
# span 13 =    11.8805,    23.6575      
# span 14 = 0.0000e+00, 0.0000e+00      
# interval = seconds: 0.25
# start_time = Aug 11 2025 12:50:21 [Instrument's time stamp, header]
# bad_flag = -9.990e-29
*END*
[from data line 193]
      0.323     -0.153     8.9665    101.791     36.980  35.863445     4.0828      8.897   203.3099 1.7031e+02     4.2440      0.322      0.467    23.4357 0.0000e+00
      0.269     -0.196     8.8506    101.092     36.994  35.896701     3.9850      8.898   202.6757 1.8924e+02     4.3346      0.263      0.382    23.4385 0.0000e+00
      0.212     -0.226     8.7730    100.338     36.996  35.917599     3.9711      8.901   202.1263 2.1477e+02     4.3746      0.209      0.304    23.4469 0.0000e+00
      0.148     -0.234     8.7096     99.562     36.990  35.925800     3.8981      8.905   201.7436 2.5228e+02     4.2838      0.151      0.220    23.4605 0.0000e+00
      0.072     -0.218     8.6530     98.807     36.986  35.932430     3.7520      8.908   201.4901 2.9594e+02     4.0905      0.071      0.103    23.4810 0.0000e+00
     -0.003     -0.185     8.5893     98.129     36.980  35.934331     3.6782      8.911   201.2990 3.2723e+02     4.0531     -0.014     -0.020    23.5107 0.0000e+00
     -0.054     -0.143     8.5188     97.576     36.988  35.948799     3.6964      8.915   201.1533 3.4101e+02     4.1731     -0.064     -0.093    23.5408 0.0000e+00
     -0.076     -0.095     8.4494     97.137     37.016  35.980466     3.7224      8.918   201.0200 3.4492e+02     4.2434     -0.081     -0.116    23.5589 0.0000e+00
     -0.080     -0.048     8.3814     96.771     37.033  35.999975     3.7349      8.920   200.9770 3.4327e+02     4.2546     -0.080     -0.117    23.5696 0.0000e+00
     -0.078     -0.010     8.3205     96.491     37.025  35.994325     3.7148      8.923   201.0635 3.3855e+02     4.2058     -0.076     -0.110    23.5812 0.0000e+00
     -0.073      0.014     8.2717     96.326     37.001  35.975612     3.7114      8.927   201.1204 3.3364e+02     4.2344     -0.073     -0.105    23.5918 0.0000e+00
     -0.065      0.024     8.2368     96.294     36.983  35.964075     3.7769      8.929   201.0618 3.2979e+02     4.3604     -0.067     -0.096    23.5979 0.0000e+00
     -0.055      0.023     8.2035     96.359     36.997  35.981739     3.8580      8.932   200.9573 3.2758e+02     4.4322     -0.054     -0.078    23.6000 0.0000e+00
     -0.044      0.017     8.1791     96.444     37.014  35.998838     3.8849      8.935   200.8024 3.2821e+02     4.3847     -0.041     -0.059    23.6020 0.0000e+00
     -0.038      0.008     8.1630     96.547     36.996  35.980476     3.8603      8.937   200.5665 3.3141e+02     4.2303     -0.035     -0.050    23.6087 0.0000e+00
     -0.038     -0.002     8.1594     96.712     36.965  35.950076     3.8192      8.938   200.3425 3.3601e+02     4.1028     -0.036     -0.052    23.6180 0.0000e+00
     -0.043     -0.012     8.1683     96.907     36.964  35.948515     3.8122      8.941   200.2440 3.3954e+02     4.1413     -0.042     -0.060    23.6237 0.0000e+00
     -0.052     -0.018     8.1751     97.062     36.976  35.961602     3.8340      8.943   200.2369 3.3973e+02     4.2522     -0.051     -0.074    23.6241 0.0000e+00
     -0.061     -0.018     8.1807     97.138     36.993  35.981419     3.8323      8.944   200.1703 3.3794e+02     4.2129     -0.060     -0.088    23.6227 0.0000e+00
     -0.066     -0.015     8.1970     97.133     37.005  35.997769     3.8248      8.947   200.0418 3.3841e+02     4.1097     -0.066     -0.096    23.6210 0.0000e+00
     -0.069     -0.009     8.2167     97.139     36.972  35.968951     3.8276      8.949   199.9724 3.3905e+02     4.0972     -0.069     -0.100    23.6196 0.0000e+00
     -0.069     -0.003     8.2297     97.226     36.950  35.950242     3.8319      8.951   200.0197 3.3528e+02     4.1312     -0.068     -0.099    23.6213 0.0000e+00
     -0.068      0.003     8.2369     97.332     36.959  35.961907     3.8192      8.953   200.0979 3.3086e+02     4.1106     -0.067     -0.097    23.6278 0.0000e+00
     -0.066      0.009     8.2313     97.385     36.979  35.983101     3.7912      8.955   200.0571 3.2869e+02     4.0181     -0.065     -0.094    23.6349 0.0000e+00
     -0.064      0.017     8.2274     97.404     37.010  36.016141     3.7668      8.957   199.9570 3.2794e+02     3.9358     -0.063     -0.091    23.6387 0.0000e+00
     -0.061      0.026     8.2381     97.433     37.036  36.044151     3.7411      8.959   200.0064 3.2800e+02     3.9695     -0.060     -0.088    23.6415 0.0000e+00
     -0.055      0.039     8.2496     97.481     37.059  36.067962     3.7388      8.963   200.1369 3.2715e+02     4.1178     -0.056     -0.082    23.6448 0.0000e+00
     -0.045      0.055     8.2519     97.516     37.042  36.050242     3.7384      8.966   200.1585 3.2396e+02     4.1580     -0.046     -0.067    23.6482 0.0000e+00
     -0.029      0.070     8.2514     97.523     37.013  36.020254     3.7366      8.969   200.1825 3.0712e+02     4.1480     -0.030     -0.043    23.6517 0.0000e+00
     -0.009      0.083     8.2531     97.526     37.019  36.022624     3.7756      8.972   200.1686 2.7767e+02     4.2365     -0.011     -0.016    23.6550 0.0000e+00
      0.017      0.093     8.2580     97.525     37.017  36.015442     3.8268      8.974   199.9901 2.5505e+02     4.3061      0.015      0.021    23.6573 0.0000e+00
      0.047      0.097     8.2623     97.485     37.003  35.996858     3.8641      8.976   199.8318 2.3958e+02     4.3738      0.047      0.069    23.6575 0.0000e+00
      0.077      0.095     8.2613     97.386     37.001  35.988272     3.8521      8.978   199.8890 2.2899e+02     4.3717      0.078      0.114    23.6542 0.0000e+00
      0.102      0.086     8.2625     97.217     36.996  35.975064     3.7907      8.979   200.0789 2.2389e+02     4.3154      0.101      0.147    23.6484 0.0000e+00
      0.123      0.073     8.2651     96.969     36.993  35.964048     3.7703      8.980   200.1493 2.2217e+02     4.3767      0.122      0.177    23.6421 0.0000e+00
      0.141      0.057     8.2631     96.622     37.016  35.981965     3.8048      8.981   200.0519 2.2604e+02     4.4287      0.141      0.204    23.6363 0.0000e+00
      0.154      0.041     8.2564     96.178     37.037  36.001349     3.8097      8.982   199.9343 2.3172e+02     4.3292      0.153      0.221    23.6272 0.0000e+00
      0.160      0.028     8.2442     95.711     37.043  36.008054     3.7460      8.983   199.9309 2.3437e+02     4.1994      0.158      0.229    23.6139 0.0000e+00
      0.163      0.018     8.2257     95.335     37.034  35.999598     3.6664      8.983   200.0117 2.3396e+02     4.1913      0.161      0.233    23.6023 0.0000e+00
      0.164      0.016     8.1978     95.114     36.997  35.962556     3.6463      8.984   200.0511 2.3367e+02     4.2990      0.162      0.234    23.5969 0.0000e+00
      0.163      0.022     8.1579     95.049     36.977  35.940882     3.6861      8.987   200.0631 2.3341e+02     4.4095      0.159      0.231    23.5964 0.0000e+00
      0.163      0.035     8.1135     95.099     36.970  35.927884     3.7232      8.988   200.1557 2.2886e+02     4.4339      0.157      0.228    23.5982 0.0000e+00
      0.172      0.050     8.0796     95.215     36.917  35.868843     3.7116      8.989   200.3111 2.2039e+02     4.3552      0.165      0.239    23.5999 0.0000e+00
      0.189      0.064     8.0611     95.380     36.853  35.798049     3.6709      8.990   200.3940 2.0999e+02     4.2432      0.183      0.266    23.5984 0.0000e+00
      0.214      0.071     8.0580     95.579     36.832  35.769851     3.6726      8.991   200.3835 1.9709e+02     4.2755      0.209      0.302    23.5938 0.0000e+00
      0.242      0.071     8.0653     95.837     36.850  35.781688     3.7736      8.992   200.4413 1.8430e+02     4.3359      0.239      0.346    23.5859 0.0000e+00
      0.266      0.061     8.0763     96.217     36.888  35.814261     3.9347      8.993   200.5770 1.7368e+02     4.2899      0.264      0.384    23.5754 0.0000e+00
      0.281      0.046     8.0933     96.692     36.923  35.846436     4.0224      8.993   200.7331 1.6572e+02     4.2658      0.279      0.404    23.5638 0.0000e+00
      0.287      0.031     8.1115     97.151     36.930  35.853465     4.0101      8.993   200.8667 1.6051e+02     4.2493      0.283      0.410    23.5524 0.0000e+00
      0.287      0.019     8.1312     97.501     36.911  35.835803     4.0281      8.994   200.9013 1.5565e+02     4.2955      0.282      0.409    23.5433 0.0000e+00
      0.286      0.011     8.1653     97.709     36.899  35.823229     4.0985      8.994   200.9803 1.5078e+02     4.3456      0.281      0.406    23.5374 0.0000e+00
      0.285      0.007     8.2104     97.773     36.906  35.828336     4.1459      8.994   201.0465 1.4668e+02     4.3084      0.279      0.404    23.5360 0.0000e+00
      0.288      0.006     8.2520     97.761     36.913  35.834101     4.1516      8.994   201.0136 1.4306e+02     4.2903      0.282      0.408    23.5375 0.0000e+00
      0.293      0.005     8.2818     97.747     36.910  35.829468     4.1086      8.994   201.0989 1.4006e+02     4.2974      0.287      0.416    23.5380 0.0000e+00
      0.297      0.003     8.3007     97.717     36.918  35.835774     4.0667      8.994   201.3030 1.3828e+02     4.3607      0.292      0.423    23.5373 0.0000e+00
      0.298      0.001     8.3042     97.688     36.929  35.846904     4.0617      8.995   201.4170 1.3755e+02     4.3719      0.293      0.425    23.5357 0.0000e+00
      0.296     -0.001     8.2991     97.693     36.918  35.837137     4.0476      8.995   201.3594 1.3697e+02     4.2628      0.290      0.420    23.5327 0.0000e+00
      0.292     -0.002     8.3016     97.696     36.924  35.844579     4.0128      8.994   201.2941 1.3594e+02     4.1682      0.285      0.414    23.5301 0.0000e+00
      0.289     -0.001     8.2977     97.670     36.954  35.873437     4.0237      8.994   201.4025 1.3442e+02     4.2192      0.283      0.410    23.5291 0.0000e+00
      0.289      0.001     8.2930     97.623     36.950  35.868816     4.0963      8.995   201.5514 1.3270e+02     4.4012      0.283      0.410    23.5290 0.0000e+00
      0.291      0.003     8.2959     97.558     36.932  35.852145     4.1507      8.996   201.5453 1.3106e+02     4.4207      0.285      0.414    23.5302 0.0000e+00
      0.295      0.004     8.2967     97.477     36.942  35.862225     4.1562      8.996   201.4148 1.2993e+02     4.2512      0.290      0.420    23.5321 0.0000e+00
      0.297      0.004     8.2935     97.389     36.942  35.863794     4.1462      8.996   201.2634 1.2962e+02     4.2301      0.292      0.423    23.5325 0.0000e+00
      0.297      0.003     8.2897     97.297     36.948  35.871122     4.1472      8.995   201.2643 1.2992e+02     4.3706      0.291      0.422    23.5313 0.0000e+00
      0.296      0.002     8.2846     97.213     36.963  35.887367     4.1596      8.995   201.4255 1.3072e+02     4.4464      0.291      0.421    23.5313 0.0000e+00
      0.295      0.002     8.2763     97.121     36.944  35.869866     4.1708      8.996   201.4914 1.3202e+02     4.3954      0.289      0.419    23.5333 0.0000e+00
      0.296      0.006     8.2694     96.989     36.923  35.849867     4.1990      8.998   201.5453 1.3323e+02     4.2661      0.289      0.420    23.5357 0.0000e+00
      0.298      0.014     8.2599     96.878     36.910  35.835919     4.2680      8.999   201.7323 1.3427e+02     4.2497      0.292      0.424    23.5378 0.0000e+00
      0.299      0.025     8.2527     96.859     36.904  35.828117     4.3141      9.000   201.8606 1.3525e+02     4.3679      0.294      0.426    23.5394 0.0000e+00
      0.302      0.036     8.2478     96.910     36.898  35.818977     4.3154      9.000   201.8918 1.3562e+02     4.4659      0.294      0.426    23.5404 0.0000e+00
      0.313      0.043     8.2338     97.002     36.873  35.788847     4.3256      9.001   202.0233 1.3500e+02     4.4777      0.302      0.439    23.5405 0.0000e+00
      0.334      0.046     8.2202     97.122     36.872  35.781053     4.3375      9.002   202.3320 1.3379e+02     4.4084      0.327      0.475    23.5401 0.0000e+00
      0.355      0.047     8.2220     97.278     36.886  35.788188     4.3596      9.005   202.6131 1.3285e+02     4.4479      0.352      0.511    23.5375 0.0000e+00
      0.367      0.052     8.2273     97.493     36.849  35.748200     4.3922      9.008   202.7544 1.3268e+02     4.5792      0.362      0.525    23.5320 0.0000e+00
      0.372      0.058     8.2369     97.747     36.783  35.678254     4.3488      9.010   202.8366 1.3337e+02     4.6298      0.365      0.530    23.5239 0.0000e+00
      0.376      0.067     8.2490     97.994     36.755  35.640404     4.2182      9.012   202.8316 1.3413e+02     4.5804      0.367      0.532    23.5133 0.0000e+00
      0.389      0.079     8.2619     98.229     36.735  35.607791     4.1193      9.014   202.7810 1.3295e+02     4.4608      0.373      0.541    23.5039 0.0000e+00
      0.419      0.095     8.2816     98.536     36.676  35.537709     4.1187      9.018   202.8271 1.3019e+02     4.4468      0.409      0.593    23.5004 0.0000e+00
      0.455      0.108     8.3058     99.011     36.644  35.490963     4.1364      9.022   202.9582 1.2771e+02     4.5138      0.451      0.655    23.4972 0.0000e+00
      0.485      0.114     8.3299     99.543     36.656  35.486707     4.0582      9.025   203.0752 1.2462e+02     4.5202      0.473      0.687    23.4804 0.0000e+00
      0.516      0.109     8.3509     99.883     36.670  35.486218     3.9392      9.026   203.1239 1.2101e+02     4.5575      0.504      0.731    23.4584 0.0000e+00
      0.549      0.097     8.3739     99.936     36.680  35.485031     3.8879      9.027   203.1170 1.1859e+02     4.6231      0.544      0.787    23.4434 0.0000e+00
      0.574      0.082     8.4206     99.793     36.677  35.472349     3.8959      9.029   203.1640 1.1712e+02     4.6988      0.566      0.820    23.4226 0.0000e+00
      0.590      0.066     8.4820     99.602     36.673  35.459755     3.9356      9.031   203.2610 1.1564e+02     4.7563      0.580      0.840    23.3969 0.0000e+00
      0.603      0.050     8.5149     99.427     36.681  35.459642     3.9605      9.032   203.3431 1.1455e+02     4.6345      0.593      0.859    23.3786 0.0000e+00
      0.612      0.036     8.5191     99.268     36.697  35.470979     3.9474      9.033   203.4690 1.1413e+02     4.4221      0.602      0.872    23.3642 0.0000e+00
      0.618      0.026     8.5025     99.158     36.697  35.469922     3.9351      9.033   203.5795 1.1371e+02     4.3398      0.606      0.880    23.3516 0.0000e+00
      0.622      0.021     8.4869     99.119     36.674  35.446862     3.9706      9.034   203.6465 1.1325e+02     4.4254      0.610      0.887    23.3391 0.0000e+00
      0.625      0.018     8.4754     99.144     36.672  35.445949     4.0512      9.034   203.7620 1.1274e+02     4.5698      0.612      0.889    23.3268 0.0000e+00
      0.628      0.017     8.4604     99.222     36.684  35.458882     4.0853      9.034   203.8580 1.1217e+02     4.5481      0.615      0.893    23.3231 0.0000e+00
      0.632      0.017     8.4504     99.323     36.703  35.476338     4.0593      9.034   203.8601 1.1139e+02     4.4016      0.620      0.900    23.3226 0.0000e+00
      0.637      0.016     8.4479     99.401     36.759  35.530113     4.0444      9.034   203.8738 1.1014e+02     4.4039      0.625      0.906    23.3206 0.0000e+00
      0.643      0.013     8.4502     99.457     36.829  35.601486     4.0551      9.035   204.0230 1.0843e+02     4.5422      0.631      0.916    23.3225 0.0000e+00
      0.649      0.008     8.4565     99.527     36.858  35.641378     4.0800      9.035   204.2018 1.0714e+02     4.6386      0.638      0.926    23.3253 0.0000e+00
      0.651      0.004     8.4681     99.623     36.829  35.631766     4.0873      9.036   204.2296 1.0707e+02     4.6130      0.640      0.929    23.3251 0.0000e+00
      0.648      0.002     8.4745     99.718     36.793  35.612194     4.0681      9.038   204.1867 1.0763e+02     4.5748      0.637      0.924    23.3211 0.0000e+00
