Data/DataNotYetUploadedToEDI/Raw_CTD/RawDownloads/081125_fcr10_S7809007.cnv
* Sea-Bird SBE19plus  Data File:
* FileName = C:\R\Reservoirs\Data\DataNotYetUploadedToEDI\Raw_CTD\RawDownloads\080425_fcr50_S7809_0007.hex
* Software version 2.8.0.119
* Temperature SN = 7809
* Conductivity SN = 7809
* System UpLoad Time = Aug 11 2025 16:41:18
* <ApplicationData>
* <Seaterm232>
# nquan = 15
# nvalues = 1128                        
# units = specified
# name 0 = depFM: Depth [fresh water, m]
# name 1 = dz/dtM: Descent Rate [m/s]
# name 2 = sbeox0Mg/L: Oxygen, SBE 43 [mg/l]
# name 3 = sbeox0PS: Oxygen, SBE 43 [% saturation]
# name 4 = specc: Specific Conductance [uS/cm]
# name 5 = c0uS/cm: Conductivity [uS/cm]
# name 6 = flECO-AFL: Fluorescence, WET Labs ECO-AFL/FL [mg/m^3]
# name 7 = ph: pH
# name 8 = orp: Oxidation Reduction Potential [mV]
# name 9 = par/sat/log: PAR/Logarithmic, Satlantic
# name 10 = turbWETntu0: Turbidity, WET Labs ECO [NTU]
# name 11 = prdM: Pressure, Strain Gauge [db]
# name 12 = prdE: Pressure, Strain Gauge [psi]
# name 13 = tv290C: Temperature [ITS-90, deg C]
# name 14 = flag:  0.000e+00
# span 0 =     -0.586,      2.153       
# span 1 =     -0.278,      0.175       
# span 2 =     4.6372,     7.7244       
# span 3 =     53.705,     88.971       
# span 4 =      2.278,     36.668       
# span 5 =   2.113950,  34.360460       
# span 6 =    -0.0975,    62.8887       
# span 7 =      6.914,      8.744       
# span 8 =   165.8933,   293.8152       
# span 9 = 1.0916e+01, 2.8755e+02       
# span 10 =     1.3977,    93.4081      
# span 11 =     -0.575,      2.111      
# span 12 =     -0.835,      3.062      
# span 13 =    21.3844,    22.7556      
# span 14 = 0.0000e+00, 0.0000e+00      
# interval = seconds: 0.25
# start_time = Aug 11 2025 12:10:15 [Instrument's time stamp, header]
# bad_flag = -9.990e-29
*END*
[from data line 772]
      1.807      0.073     7.6607     88.630     33.717  31.942507    11.3981      8.603   189.1981 1.5425e+01     8.6582      1.774      2.573    22.3546 0.0000e+00
      1.820      0.075     7.6695     88.714     33.714  31.941457    11.7009      8.600   189.2335 1.5237e+01     8.7277      1.783      2.585    22.3568 0.0000e+00
      1.839      0.072     7.6767     88.753     33.714  31.942495    13.7330      8.597   189.3288 1.4912e+01     9.8456      1.800      2.610    22.3590 0.0000e+00
      1.864      0.066     7.6837     88.765     33.726  31.955058    17.4912      8.595   189.5757 1.4530e+01    12.1316      1.827      2.651    22.3609 0.0000e+00
      1.889      0.058     7.6960     88.759     33.736  31.966486    19.5710      8.594   189.8093 1.4290e+01    13.4810      1.857      2.694    22.3631 0.0000e+00
      1.904      0.048     7.7031     88.725     33.721  31.953798    19.8610      8.591   190.0024 1.4193e+01    13.5563      1.870      2.712    22.3656 0.0000e+00
      1.909      0.040     7.7051     88.665     33.693  31.928528    21.0227      8.588   190.1891 1.4163e+01    13.6221      1.873      2.716    22.3679 0.0000e+00
      1.911      0.036     7.7057     88.615     33.677  31.914697    23.1542      8.586   190.3460 1.4183e+01    13.9350      1.876      2.721    22.3701 0.0000e+00
      1.913      0.037     7.7050     88.595     33.674  31.913439    24.4173      8.585   190.3507 1.4143e+01    14.1970      1.874      2.718    22.3721 0.0000e+00
      1.920      0.044     7.7024     88.609     33.672  31.913324    25.4330      8.584   190.0737 1.3991e+01    14.7056      1.880      2.726    22.3743 0.0000e+00
      1.936      0.055     7.6950     88.660     33.670  31.913304    35.0190      8.582   189.5779 1.3777e+01    19.1284      1.896      2.750    22.3764 0.0000e+00
      1.956      0.070     7.6897     88.746     33.669  31.913199    52.5453      8.577   189.1748 1.3570e+01    27.1259      1.918      2.783    22.3786 0.0000e+00
      1.975      0.081     7.6883     88.871     33.666  31.912054    62.0989      8.570   189.1569 1.3445e+01    31.5038      1.940      2.814    22.3810 0.0000e+00
      1.994      0.086     7.6879     88.971     33.651  31.899459    62.8887      8.563   189.2754 1.3257e+01    32.0604      1.950      2.830    22.3831 0.0000e+00
      2.020      0.083     7.6937     88.968     33.637  31.887796    62.0865      8.557   189.3172 1.2892e+01    33.1380      1.977      2.867    22.3853 0.0000e+00
      2.053      0.074     7.6986     88.828     33.646  31.897916    52.3164      8.554   189.3188 1.2586e+01    43.6786      2.019      2.928    22.3874 0.0000e+00
      2.075      0.062     7.7121     88.485     33.642  31.894942    34.3817      8.553   189.2952 1.2447e+01    63.0396      2.039      2.959    22.3897 0.0000e+00
      2.085      0.048     7.7244     87.924     33.595  31.851847    24.6037      8.550   189.3761 1.2366e+01    73.7182      2.046      2.967    22.3920 0.0000e+00
      2.090      0.033     7.7218     87.202     33.561  31.820913    23.6639      8.548   189.5219 1.2329e+01    75.0280      2.051      2.974    22.3942 0.0000e+00
      2.092      0.021     7.7140     86.357     33.577  31.838108    22.7526      8.546   189.5950 1.2321e+01    77.7495      2.052      2.976    22.3964 0.0000e+00
      2.095      0.014     7.6840     85.400     33.609  31.869451    21.1763      8.545   189.6585 1.2305e+01    82.4380      2.054      2.979    22.3984 0.0000e+00
      2.099      0.012     7.6321     84.346     33.621  31.882691    20.2942      8.544   189.7726 1.2285e+01    84.9180      2.059      2.986    22.4007 0.0000e+00
      2.102      0.012     7.5686     83.261     33.608  31.871312    20.1771      8.542   189.8565 1.2276e+01    85.3266      2.062      2.991    22.4030 0.0000e+00
      2.104      0.013     7.4942     82.190     33.593  31.858743    19.9182      8.540   189.8988 1.2266e+01    87.5831      2.063      2.993    22.4051 0.0000e+00
      2.106      0.014     7.4115     81.121     33.590  31.857600    19.4354      8.538   189.8543 1.2241e+01    91.4666      2.065      2.995    22.4074 0.0000e+00
      2.110      0.015     7.3167     80.044     33.588  31.857495    19.1178      8.538   189.8348 1.2209e+01    93.4081      2.068      3.000    22.4097 0.0000e+00
      2.115      0.016     7.2202     78.964     33.587  31.857484    18.6823      8.538   189.9204 1.2174e+01    93.0560      2.074      3.007    22.4117 0.0000e+00
      2.120      0.018     7.1292     77.933     33.585  31.857469    14.2542      8.537   189.9429 1.2124e+01    87.8928      2.079      3.016    22.4138 0.0000e+00
      2.125      0.018     7.0352     76.974     33.583  31.857313     6.1531      8.536   189.9352 1.2057e+01    78.4272      2.084      3.022    22.4162 0.0000e+00
      2.130      0.017     6.9428     76.098     33.580  31.855597     1.7250      8.533   189.9989 1.1988e+01    73.1960      2.088      3.029    22.4183 0.0000e+00
      2.134      0.015     6.8458     75.333     33.559  31.836721     1.2728      8.531   190.1100 1.1933e+01    72.2260      2.093      3.036    22.4205 0.0000e+00
      2.138      0.013     6.7554     74.643     33.539  31.819406     1.0191      8.528   190.1606 1.1886e+01    67.8949      2.098      3.041    22.4227 0.0000e+00
      2.141      0.010     6.6736     74.000     33.556  31.836550     0.6707      8.523   190.1811 1.1816e+01    60.2153      2.100      3.045    22.4249 0.0000e+00
      2.143      0.008     6.5934     73.420     33.572  31.853692     0.5067      8.517   190.0993 1.1739e+01    56.0946      2.101      3.048    22.4269 0.0000e+00
      2.145      0.007     6.5302     72.865     33.552  31.836367     0.4925      8.511   189.9463 1.1694e+01    55.6126      2.103      3.050    22.4290 0.0000e+00
      2.145      0.005     6.4712     72.300     33.531  31.817388     0.4577      8.505   189.9651 1.1647e+01    54.4901      2.104      3.051    22.4310 0.0000e+00
      2.146      0.005     6.4128     71.725     33.527  31.814528     0.3442      8.499   190.0683 1.1559e+01    43.7187      2.105      3.053    22.4332 0.0000e+00
      2.148      0.004     6.3646     71.145     33.512  31.801788     0.1766      8.492   190.1625 1.1428e+01    24.0627      2.106      3.056    22.4351 0.0000e+00
      2.150      0.004     6.3177     70.559     33.498  31.790225     0.0966      8.486   190.2436 1.1304e+01    13.3157      2.108      3.058    22.4371 0.0000e+00
      2.150      0.003     6.2679     69.972     33.508  31.801601     0.0753      8.482   190.2736 1.1222e+01    12.1563      2.108      3.058    22.4390 0.0000e+00
      2.151      0.002     6.2176     69.403     33.518  31.812458     0.0271      8.479   190.2681 1.1163e+01    10.7281      2.109      3.059    22.4410 0.0000e+00
      2.151      0.002     6.1671     68.857     33.498  31.794621    -0.0033      8.474   190.3483 1.1125e+01     8.4139      2.109      3.059    22.4435 0.0000e+00
      2.151      0.001     6.1164     68.325     33.478  31.776256     0.0158      8.471   190.5556 1.1078e+01     7.0957      2.110      3.060    22.4453 0.0000e+00
      2.152      0.001     6.0643     67.832     33.481  31.780723     0.0328      8.469   190.7086 1.1063e+01     6.8139      2.110      3.060    22.4473 0.0000e+00
      2.152      0.000     6.0142     67.373     33.485  31.785189     0.0117      8.467   190.7357 1.1133e+01     6.0661      2.110      3.060    22.4494 0.0000e+00
      2.152 1.8783e-08     5.9682     66.904     33.464  31.766815    -0.0237      8.464   190.7983 1.1182e+01     4.7826      2.110      3.060    22.4512 0.0000e+00
      2.152 2.0661e-07     5.9201     66.439     33.443  31.748889    -0.0278      8.462   190.8632 1.1164e+01     4.1401      2.110      3.060    22.4534 0.0000e+00
      2.152 2.0661e-07     5.8765     66.006     33.452  31.758759    -0.0052      8.459   190.8319 1.1155e+01     4.0703      2.110      3.060    22.4554 0.0000e+00
      2.152 1.8783e-08     5.8403     65.590     33.452  31.759269     0.0001      8.458   190.8506 1.1171e+01     3.7340      2.110      3.061    22.4574 0.0000e+00
      2.152 1.7075e-09     5.7975     65.186     33.447  31.755060    -0.0134      8.457   190.9165 1.1177e+01     3.2500      2.111      3.061    22.4593 0.0000e+00
      2.152 1.5523e-10     5.7553     64.792     33.462  31.771310    -0.0273      8.455   190.8550 1.1168e+01     3.1035      2.110      3.061    22.4612 0.0000e+00
      2.152 1.4112e-11     5.7195     64.407     33.454  31.765439    -0.0185      8.453   190.7086 1.1179e+01     3.2275      2.110      3.061    22.4634 0.0000e+00
      2.152 1.2829e-12     5.6828     64.052     33.434  31.747505     0.0012      8.452   190.6950 1.1209e+01     3.1770      2.111      3.061    22.4652 0.0000e+00
      2.152 1.1663e-13     5.6474     63.712     33.430  31.744793    -0.0054      8.450   190.7766 1.1234e+01     2.9373      2.111      3.061    22.4668 0.0000e+00
      2.152 1.0596e-14     5.6141     63.366     33.415  31.732643    -0.0074      8.449   190.8351 1.1257e+01     2.8577      2.111      3.062    22.4687 0.0000e+00
      2.152 8.9597e-16     5.5784     63.024     33.409  31.727481     0.0023      8.447   190.8858 1.1262e+01     2.9661      2.111      3.061    22.4706 0.0000e+00
      2.152 -6.591e-16     5.5486     62.687     33.427  31.745819    -0.0124      8.447   190.8739 1.1212e+01     2.9840      2.111      3.061    22.4724 0.0000e+00
      2.152 -8.206e-15     5.5205     62.365     33.445  31.764064    -0.0354      8.446   190.8635 1.1097e+01     2.8683      2.111      3.061    22.4745 0.0000e+00
      2.152 -9.035e-14     5.4883     62.079     33.437  31.757768    -0.0428      8.444   190.9323 1.0987e+01     2.7974      2.111      3.061    22.4763 0.0000e+00
      2.153 -9.939e-13     5.4600     61.824     33.410  31.733131    -0.0268      8.443   191.0168 1.0932e+01     2.8779      2.111      3.062    22.4780 0.0000e+00
      2.153 -1.093e-11     5.4293     61.563     33.395  31.719923     0.0084      8.443   191.1110 1.0916e+01     3.0218      2.111      3.062    22.4799 0.0000e+00
      2.153 -1.203e-10     5.4011     61.290     33.398  31.724952     0.0327      8.442   191.2104 1.0926e+01     3.0001      2.110      3.061    22.4817 0.0000e+00
      2.153 -1.323e-09     5.3754     61.028     33.403  31.730501     0.0173      8.440   191.3586 1.0942e+01     2.7865      2.111      3.062    22.4835 0.0000e+00
      2.153 -1.455e-08     5.3556     60.792     33.395  31.723580    -0.0194      8.440   191.4403 1.0952e+01     2.6252      2.111      3.062    22.4854 0.0000e+00
      2.153 -1.601e-07     5.3325     60.589     33.374  31.704701    -0.0200      8.441   191.4235 1.0969e+01     2.6559      2.111      3.061    22.4870 0.0000e+00
      2.153     -0.000     5.3074     60.408     33.360  31.692551     0.0101      8.441   191.4999 1.1014e+01     2.6452      2.111      3.062    22.4886 0.0000e+00
      2.153     -0.000     5.2850     60.274     33.370  31.703555     0.0118      8.441   191.5897 1.1066e+01     2.4269      2.111      3.062    22.4904 0.0000e+00
      2.153     -0.000     5.2629     60.212     33.377  31.710881    -0.0081      8.440   191.5630 1.1102e+01     2.3735      2.111      3.062    22.4923 0.0000e+00
      2.153     -0.002     5.2473     60.208     33.383  31.717696     0.0520      8.439   191.6065 1.1175e+01     3.5374      2.110      3.061    22.4940 0.0000e+00
      2.153     -0.011     5.2293     60.253     33.387  31.722508     0.8631      8.439   192.0301 1.1314e+01    16.3287      2.111      3.062    22.4954 0.0000e+00
      2.152     -0.034     5.2170     60.358     33.368  31.705632     2.3416      8.438   192.5549 1.1446e+01    39.6940      2.111      3.061    22.4970 0.0000e+00
      2.151     -0.074     5.2121     60.523     33.365  31.703959     3.1304      8.437   192.7895 1.1612e+01    52.3268      2.111      3.062    22.4989 0.0000e+00
      2.144     -0.122     5.2122     60.707     33.363  31.702294     3.2004      8.434   192.7164 1.1979e+01    52.9961      2.108      3.057    22.5004 0.0000e+00
      2.118     -0.159     5.2154     60.872     33.344  31.685503     3.4133      8.430   192.4447 1.2720e+01    47.3772      2.092      3.034    22.5019 0.0000e+00
      2.055     -0.177     5.2236     61.003     33.349  31.691251     3.8235      8.425   192.4301 1.3912e+01    36.7213      2.031      2.946    22.5036 0.0000e+00
      1.963     -0.176     5.2399     61.098     33.366  31.708351     4.0730      8.420   192.7117 1.5022e+01    30.8365      1.915      2.778    22.5051 0.0000e+00
      1.889     -0.160     5.2565     61.157     33.358  31.701952     4.0917      8.418   192.9237 1.5384e+01    30.2300      1.830      2.654    22.5067 0.0000e+00
      1.860     -0.138     5.2713     61.179     33.332  31.677314     4.0500      8.418   193.0147 1.5216e+01    30.4473      1.815      2.633    22.5081 0.0000e+00
      1.860     -0.118     5.2825     61.197     33.317  31.664211     3.9097      8.418   193.0376 1.5018e+01    34.1815      1.825      2.647    22.5096 0.0000e+00
      1.860     -0.111     5.2897     61.179     33.322  31.670393     3.6770      8.419   193.0285 1.4957e+01    41.0501      1.829      2.652    22.5113 0.0000e+00
      1.846     -0.121     5.2966     61.109     33.340  31.688628     3.5500      8.421   192.9045 1.5245e+01    44.7330      1.821      2.640    22.5127 0.0000e+00
      1.806     -0.143     5.2949     61.062     33.345  31.694386     3.5397      8.424   192.6566 1.5991e+01    44.5165      1.784      2.586    22.5140 0.0000e+00
      1.741     -0.167     5.2981     61.017     33.325  31.676574     3.7021      8.427   192.4408 1.6839e+01    38.6033      1.706      2.474    22.5155 0.0000e+00
      1.679     -0.180     5.2999     60.930     33.310  31.663575     4.0398      8.432   192.3604 1.7420e+01    27.7548      1.635      2.372    22.5169 0.0000e+00
      1.636     -0.174     5.2862     60.856     33.310  31.664094     4.2191      8.436   192.2861 1.7828e+01    21.7712      1.603      2.326    22.5184 0.0000e+00
      1.599     -0.150     5.2852     60.783     33.329  31.682859     4.2224      8.437   192.1455 1.8373e+01    20.8420      1.574      2.283    22.5200 0.0000e+00
      1.555     -0.116     5.2845     60.660     33.346  31.700150     4.2968      8.436   192.1224 1.9005e+01    17.1353      1.523      2.207    22.5212 0.0000e+00
      1.520     -0.083     5.2717     60.508     33.327  31.682849     4.4603      8.435   192.0935 1.9372e+01    10.4303      1.480      2.147    22.5226 0.0000e+00
      1.507     -0.057     5.2665     60.322     33.306  31.663980     4.5772      8.434   191.8820 1.9460e+01     6.8613      1.473      2.137    22.5241 0.0000e+00
      1.507     -0.041     5.2635     60.086     33.303  31.662316     4.6022      8.433   191.8025 1.9489e+01     6.6389      1.478      2.144    22.5254 0.0000e+00
      1.512     -0.043     5.2499     59.846     33.303  31.662731     4.5459      8.433   191.9062 1.9517e+01     7.4000      1.482      2.150    22.5268 0.0000e+00
      1.515     -0.070     5.2369     59.605     33.308  31.669008     4.4464      8.436   191.9307 1.9612e+01     9.0270      1.487      2.158    22.5281 0.0000e+00
      1.509     -0.117     5.2236     59.344     33.313  31.674772     4.4139      8.439   191.8416 2.0031e+01    10.0161      1.488      2.157    22.5295 0.0000e+00
      1.480     -0.164     5.1985     59.083     33.306  31.668995     4.4452      8.444   191.6885 2.0959e+01    10.1363      1.462      2.121    22.5310 0.0000e+00
      1.421     -0.191     5.1788     58.841     33.299  31.662605     4.4337      8.448   191.6290 2.2467e+01     9.3184      1.405      2.039    22.5322 0.0000e+00
