Data/DataNotYetUploadedToEDI/Raw_CTD/RawDownloads/081125_fcr20_S7809009.cnv
* Sea-Bird SBE19plus  Data File:
* FileName = C:\R\Reservoirs\Data\DataNotYetUploadedToEDI\Raw_CTD\RawDownloads\080425_fcr50_S7809_0009.hex
* Software version 2.8.0.119
* Temperature SN = 7809
* Conductivity SN = 7809
* System UpLoad Time = Aug 11 2025 16:42:10
* <ApplicationData>
* <Seaterm232>
# nquan = 15
# nvalues = 1345                        
# units = specified
# name 0 = depFM: Depth [fresh water, m]
# name 1 = dz/dtM: Descent Rate [m/s]
# name 2 = sbeox0Mg/L: Oxygen, SBE 43 [mg/l]
# name 3 = sbeox0PS: Oxygen, SBE 43 [% saturation]
# name 4 = specc: Specific Conductance [uS/cm]
# name 5 = c0uS/cm: Conductivity [uS/cm]
# name 6 = flECO-AFL: Fluorescence, WET Labs ECO-AFL/FL [mg/m^3]
# name 7 = ph: pH
# name 8 = orp: Oxidation Reduction Potential [mV]
# name 9 = par/sat/log: PAR/Logarithmic, Satlantic
# name 10 = turbWETntu0: Turbidity, WET Labs ECO [NTU]
# name 11 = prdM: Pressure, Strain Gauge [db]
# name 12 = prdE: Pressure, Strain Gauge [psi]
# name 13 = tv290C: Temperature [ITS-90, deg C]
# name 14 = flag:  0.000e+00
# span 0 =     -0.586,      3.619       
# span 1 =     -0.493,      0.331       
# span 2 =    -0.0160,     9.0541       
# span 3 =     -0.141,    105.953       
# span 4 =      1.652,    346.684       
# span 5 =   1.568526, 275.580312       
# span 6 =    -0.0882,    19.9501       
# span 7 =      8.238,      9.231       
# span 8 =  -105.4327,   327.8698       
# span 9 = 1.2362e-01, 5.0071e+02       
# span 10 =     0.1120,   150.6271      
# span 11 =     -0.577,      3.550      
# span 12 =     -0.836,      5.148      
# span 13 =    14.7309,    23.5207      
# span 14 = 0.0000e+00, 0.0000e+00      
# interval = seconds: 0.25
# start_time = Aug 11 2025 12:22:09 [Instrument's time stamp, header]
# bad_flag = -9.990e-29
*END*
[from data line 1157]
      3.612      0.001     0.0270      0.251    110.226  88.132836     2.6428      8.545   -32.0602 1.2368e-01    13.7015      3.542      5.138    14.9769 0.0000e+00
      3.612      0.001     0.0328      0.266    120.178  96.100148     2.6908      8.550   -33.6390 1.2368e-01    14.0575      3.543      5.139    14.9748 0.0000e+00
      3.612      0.001     0.0300      0.268    112.802  90.206528     2.7846      8.556   -35.1349 1.2377e-01    14.5881      3.542      5.138    14.9706 0.0000e+00
      3.613      0.001     0.0240      0.252    103.646  82.887386     2.8365      8.562   -36.4666 1.2385e-01    14.8221      3.543      5.139    14.9699 0.0000e+00
      3.613      0.001     0.0246      0.241    101.915  81.503658     2.8192      8.568   -37.7812 1.2384e-01    14.7008      3.543      5.139    14.9730 0.0000e+00
      3.613      0.001     0.0273      0.246    103.104  82.442933     2.7415      8.573   -39.3281 1.2384e-01    14.0778      3.543      5.139    14.9798 0.0000e+00
      3.613      0.001     0.0285      0.268    104.279  83.370126     2.6470      8.578   -40.9738 1.2381e-01    13.1307      3.543      5.138    14.9817 0.0000e+00
      3.613      0.000     0.0245      0.283    103.467  82.730212     2.6169      8.583   -42.5365 1.2373e-01    12.7458      3.544      5.139    14.9806 0.0000e+00
      3.613 1.8615e-08     0.0241      0.276    102.626  82.083308     2.6273      8.588   -44.0250 1.2374e-01    12.8738      3.544      5.139    14.9862 0.0000e+00
      3.613 2.0476e-07     0.0237      0.266    101.670  81.335698     2.6981      8.591   -45.4630 1.2379e-01    12.9018      3.544      5.140    14.9794 0.0000e+00
      3.613 2.0476e-07     0.0274      0.257    102.367  81.894754     2.8484      8.595   -46.7596 1.2379e-01    12.7433      3.544      5.139    14.9647 0.0000e+00
      3.613 1.8615e-08     0.0301      0.257    105.336  84.264237     2.9389      8.599   -48.0016 1.2376e-01    12.6317      3.544      5.140    14.9713 0.0000e+00
      3.613 1.6922e-09     0.0271      0.258    106.889  85.498095     2.9342      8.604   -49.3797 1.2369e-01    12.6113      3.543      5.139    14.9911 0.0000e+00
      3.613 1.5384e-10     0.0273      0.261    103.960  83.137689     2.8995      8.608   -50.6889 1.2364e-01    12.7359      3.544      5.139    14.9998 0.0000e+00
      3.613 1.3985e-11     0.0249      0.269    100.410  80.274776     2.8363      8.612   -51.8712 1.2368e-01    13.1129      3.544      5.139    14.9971 0.0000e+00
      3.614 1.2714e-12     0.0262      0.276    101.455  81.092540     2.7696      8.616   -53.0925 1.2378e-01    13.4467      3.544      5.140    14.9946 0.0000e+00
      3.614 1.1558e-13     0.0260      0.294    105.251  84.121318     2.7590      8.620   -54.3560 1.2383e-01    13.5949      3.544      5.140    14.9920 0.0000e+00
      3.614 1.0508e-14     0.0257      0.312    106.472  85.096448     2.7579      8.624   -55.6189 1.2382e-01    13.5724      3.545      5.141    14.9835 0.0000e+00
      3.614 9.5525e-16     0.0280      0.317    105.158  84.042830     2.7389      8.628   -56.8327 1.2377e-01    13.5502      3.544      5.140    14.9682 0.0000e+00
      3.613 8.6840e-17     0.0268      0.317    103.657  82.830975     2.7454      8.631   -58.0191 1.2367e-01    13.7012      3.544      5.139    14.9585 0.0000e+00
      3.613 7.8945e-18     0.0297      0.328    102.268  81.701130     2.7529      8.634   -59.2088 1.2362e-01    13.8281      3.544      5.139    14.9583 0.0000e+00
      3.613 7.1770e-19     0.0323      0.328    103.813  82.910490     2.7636      8.638   -60.3763 1.2370e-01    13.9570      3.544      5.139    14.9589 0.0000e+00
      3.614 6.5245e-20     0.0321      0.298    105.326  84.096210     2.8256      8.642   -61.5522 1.2384e-01    14.9187      3.544      5.140    14.9585 0.0000e+00
      3.614 5.9315e-21     0.0312      0.269    103.567  82.679748     2.9189      8.645   -62.7578 1.2384e-01    16.6083      3.544      5.140    14.9524 0.0000e+00
      3.614 5.3961e-22     0.0332      0.256    103.832  82.893248     2.9682      8.649   -63.8545 1.2372e-01    17.5112      3.544      5.139    14.9410 0.0000e+00
      3.614 5.3487e-23     0.0354      0.246    105.615  84.326779     2.9637      8.653   -64.8317 1.2367e-01    17.4998      3.544      5.140    14.9297 0.0000e+00
      3.614 5.3610e-23     0.0293      0.234    105.417  84.176750     2.9478      8.655   -65.7963 1.2372e-01    16.8121      3.544      5.140    14.9163 0.0000e+00
      3.614 5.4109e-22     0.0264      0.224    102.187  81.588123     2.9257      8.658   -66.8281 1.2377e-01    15.6522      3.544      5.140    14.9095 0.0000e+00
      3.614 5.9476e-21     0.0260      0.220     97.518  77.828438     2.8955      8.661   -67.9288 1.2378e-01    15.1245      3.544      5.140    14.9121 0.0000e+00
      3.614 6.5423e-20     0.0250      0.235     95.582  76.236735     2.8999      8.665   -68.9515 1.2380e-01    15.2147      3.545      5.141    14.9180 0.0000e+00
      3.614 7.1965e-19     0.0236      0.255     94.637  75.443172     2.9629      8.668   -69.9872 1.2385e-01    15.0684      3.544      5.140    14.9248 0.0000e+00
      3.614 7.9162e-18     0.0226      0.251     93.751  74.717888     3.0319      8.671   -71.0734 1.2390e-01    14.6196      3.544      5.140    14.9220 0.0000e+00
      3.613 8.7078e-17     0.0215      0.242     93.589  74.587433     3.0439      8.674   -72.1044 1.2391e-01    14.2978      3.544      5.139    14.9034 0.0000e+00
      3.613 9.5786e-16     0.0229      0.251     92.133  73.420498     3.0251      8.678   -73.1602 1.2391e-01    14.1486      3.544      5.139    14.8751 0.0000e+00
      3.614 1.0536e-14     0.0277      0.263     90.995  72.496621     3.0040      8.681   -74.1167 1.2390e-01    14.0111      3.544      5.140    14.8511 0.0000e+00
      3.614 1.1590e-13     0.0254      0.278     91.098  72.571596     2.9725      8.683   -74.9799 1.2387e-01    13.9674      3.545      5.141    14.8408 0.0000e+00
      3.614 1.2749e-12     0.0231      0.304     90.815  72.356446     2.9591      8.685   -75.9386 1.2383e-01    14.0310      3.544      5.140    14.8462 0.0000e+00
      3.614 1.4024e-11     0.0259      0.321     90.019  71.738651     2.9751      8.687   -76.9330 1.2381e-01    14.0631      3.544      5.140    14.8457 0.0000e+00
      3.614 1.5426e-10     0.0266      0.329     89.329  71.204146     2.9922      8.690   -77.8826 1.2382e-01    14.1849      3.545      5.141    14.8285 0.0000e+00
      3.614 1.6969e-09     0.0268      0.349     89.424  71.296724     2.9573      8.694   -78.7301 1.2380e-01    14.4097      3.544      5.140    14.8232 0.0000e+00
      3.614 1.8666e-08     0.0316      0.361     89.928  71.713809     2.8942      8.696   -79.6090 1.2375e-01    14.5270      3.544      5.140    14.8338 0.0000e+00
      3.614 2.0533e-07     0.0330      0.341     90.179  71.924794     2.8709      8.699   -80.5933 1.2375e-01    14.5439      3.544      5.140    14.8436 0.0000e+00
      3.614 3.7643e-07     0.0323      0.307     90.035  71.813703     2.8745      8.701   -81.5112 1.2378e-01    14.5116      3.545      5.141    14.8512 0.0000e+00
      3.614 2.0532e-07     0.0353      0.269     89.352  71.260437     2.8797      8.704   -82.3622 1.2374e-01    14.2049      3.544      5.140    14.8606 0.0000e+00
      3.614 1.8652e-08     0.0388      0.241     90.116  71.845871     2.8846      8.707   -83.2244 1.2366e-01    13.6713      3.545      5.141    14.8702 0.0000e+00
      3.614 1.5421e-09     0.0342      0.243     92.535  73.742808     2.8829      8.709   -84.1062 1.2370e-01    13.3545      3.544      5.140    14.8767 0.0000e+00
      3.614 -1.548e-09     0.0315      0.246     92.708  73.854504     2.8762      8.711   -85.0230 1.2378e-01    13.2776      3.544      5.140    14.8805 0.0000e+00
      3.614 -1.871e-08     0.0275      0.244     91.743  73.069279     2.8375      8.714   -85.9630 1.2381e-01    13.2535      3.545      5.141    14.8758 0.0000e+00
      3.614 -2.060e-07     0.0220      0.253     93.609  74.546710     2.7638      8.717   -86.8676 1.2388e-01    13.2338      3.544      5.140    14.8607 0.0000e+00
      3.614 -5.927e-09     0.0253      0.267     95.541  76.079329     2.7346      8.719   -87.7876 1.2392e-01    13.2785      3.544      5.140    14.8417 0.0000e+00
      3.614      0.000     0.0252      0.282     96.118  76.533541     2.7496      8.721   -88.7407 1.2387e-01    13.3844      3.544      5.140    14.8250 0.0000e+00
      3.614      0.000     0.0237      0.292    102.041  81.246487     2.7373      8.723   -89.9595 1.2380e-01    13.3873      3.545      5.141    14.8180 0.0000e+00
      3.614      0.001     0.0258      0.300    123.425  98.275403     2.6940      8.726   -92.1996 1.2376e-01    13.2796      3.544      5.140    14.8148 0.0000e+00
      3.614      0.002     0.0268      0.330    177.812 141.591782     2.6585      8.728   -95.5197 1.2381e-01    13.1749      3.544      5.140    14.8113 0.0000e+00
      3.615      0.002     0.0284      0.379    254.739 202.843370     2.6500      8.730   -99.3863 1.2383e-01    13.2486      3.545      5.142    14.8089 0.0000e+00
      3.616      0.000     0.0305      0.420    307.809 245.042469     2.6835      8.734  -102.9008 1.2373e-01    14.9567      3.546      5.142    14.8057 0.0000e+00
      3.617     -0.004     0.0288      0.442    326.818 260.055554     2.7388      8.740  -104.9735 1.2365e-01    18.0799      3.547      5.145    14.8062 0.0000e+00
      3.619     -0.009     0.0324      0.432    333.838 265.511286     2.7442      8.747  -105.4327 1.2374e-01    19.6866      3.549      5.148    14.8112 0.0000e+00
      3.617     -0.016     0.0392      0.397    336.148 267.248575     2.6563      8.755  -104.4951 1.2384e-01    19.9671      3.550      5.148    14.8147 0.0000e+00
      3.610     -0.024     0.0425      0.367    338.995 269.444747     1.9924      8.764  -103.1873 1.2386e-01    22.9749      3.541      5.137    14.8060 0.0000e+00
      3.601     -0.034     0.0465      0.347    345.748 274.789853     0.8185      8.772  -102.6120 1.2387e-01    28.6577      3.530      5.121    14.7830 0.0000e+00
      3.593     -0.043     0.0449      0.326    346.684 275.580312     0.1986      8.779  -102.5303 1.2394e-01    31.8363      3.525      5.113    14.7606 0.0000e+00
      3.581     -0.049     0.0397      0.303    341.658 271.693743     0.1486      8.786  -102.2848 1.2450e-01    31.9957      3.514      5.096    14.7468 0.0000e+00
      3.565     -0.053     0.0367      0.280    338.358 269.205688     0.1141      8.791  -102.0533 1.3079e-01    30.1757      3.497      5.072    14.7362 0.0000e+00
      3.550     -0.055     0.0353      0.261    337.605 268.734031     0.0648      8.796  -102.3122 2.0099e-01    26.7730      3.480      5.048    14.7309 0.0000e+00
      3.535     -0.060     0.0331      0.252    337.659 268.879474     0.0434      8.802  -102.4046 4.1311e-01    24.9450      3.465      5.026    14.7380 0.0000e+00
      3.521     -0.071     0.0303      0.233    336.959 268.397093     0.0632      8.819  -101.4487 8.2596e-01    25.8370      3.455      5.011    14.7565 0.0000e+00
      3.507     -0.095     0.0288      0.197    335.554 267.330142     0.1370      8.857   -99.7892 1.3121e+00    37.2855      3.440      4.989    14.7785 0.0000e+00
      3.492     -0.132     0.0254      0.170    333.511 265.734041     0.2370      8.912   -98.4284 1.6261e+00    58.1567      3.425      4.967    14.7978 0.0000e+00
      3.469     -0.177     0.0259      0.134    325.097 259.045901     0.2660      8.970   -97.2986 2.0113e+00    69.5770      3.411      4.947    14.8132 0.0000e+00
      3.421     -0.227     0.0252      0.056    280.920 223.864498     0.2625      9.024   -95.8513 2.8250e+00    71.1806      3.368      4.885    14.8241 0.0000e+00
      3.342     -0.279     0.0186     -0.036    192.731 153.624763     0.4608      9.071   -94.3511 3.7309e+00    77.6139      3.281      4.760    14.8316 0.0000e+00
      3.250     -0.331     0.0170     -0.108    116.594  93.019397     0.8155      9.109   -92.9268 4.8114e+00    89.2229      3.183      4.617    14.8365 0.0000e+00
      3.161     -0.375     0.0165     -0.141     86.557  69.242908     0.9800      9.138   -91.9660 6.7500e+00    95.4010      3.100      4.497    14.8375 0.0000e+00
      3.067     -0.402     0.0056     -0.134     79.348  63.788958     0.9853      9.162   -91.6828 9.1507e+00    95.4383      3.015      4.373    14.8397 0.0000e+00
      2.957     -0.412    -0.0044     -0.097     75.106  60.821023     1.2296      9.185   -90.7072 1.1459e+01    91.1084      2.906      4.215    14.8528 0.0000e+00
      2.832     -0.420    -0.0123     -0.030     70.849  57.945708     1.7199      9.206   -88.6872 1.3944e+01    83.2535      2.776      4.027    14.8776 0.0000e+00
      2.714     -0.433    -0.0160      0.048     67.381  55.768532     2.0191      9.221   -86.7043 1.6507e+01    79.0325      2.650      3.843    14.9713 0.0000e+00
      2.616     -0.445    -0.0137      0.105     64.633  54.125140     2.0929      9.230   -84.7143 1.9067e+01    77.8190      2.563      3.717    15.1694 0.0000e+00
      2.522     -0.450    -0.0115      0.124     61.280  51.858157     2.5199      9.231   -82.2649 2.2455e+01    68.1028      2.487      3.606    15.4584 0.0000e+00
      2.407     -0.449    -0.0031      0.134     57.680  49.315365     3.3290      9.226   -78.9425 2.7035e+01    50.4715      2.367      3.432    15.8768 0.0000e+00
      2.272     -0.450     0.0053      0.208     54.390  47.002444     3.7854      9.219   -74.0546 3.2282e+01    40.9035      2.226      3.228    16.3963 0.0000e+00
      2.141     -0.463     0.0118      0.390     51.269  44.781364     3.8603      9.213   -67.9057 3.7512e+01    39.6595      2.093      3.036    16.9056 0.0000e+00
      2.028     -0.480     0.0131      0.746     48.765  43.029354     4.0511      9.209   -61.4688 4.1878e+01    33.8259      1.978      2.870    17.3309 0.0000e+00
      1.931     -0.491     0.0099      1.431     46.446  41.371539     4.3700      9.207   -54.8193 4.6455e+01    23.0773      1.901      2.756    17.7425 0.0000e+00
      1.818     -0.493     0.0163      2.661     44.250  39.779504     4.5366      9.205   -47.7350 5.3456e+01    17.1991      1.802      2.613    18.2288 0.0000e+00
      1.672     -0.486     0.0320      4.734     43.005  39.012445     4.5510      9.202   -40.7735 6.2652e+01    16.7590      1.643      2.382    18.6961 0.0000e+00
      1.516     -0.478     0.0581      7.975     42.393  38.761301     4.5604      9.198   -34.4026 7.2271e+01    17.0385      1.479      2.145    19.1349 0.0000e+00
      1.380     -0.471     0.1150     12.578     41.878  38.520227     4.5670      9.193   -28.5232 8.0376e+01    19.5187      1.339      1.944    19.5569 0.0000e+00
      1.277     -0.462     0.2159     18.519     41.404  38.255555     4.5801      9.187   -23.0310 8.6231e+01    24.0997      1.241      1.801    19.9454 0.0000e+00
      1.194     -0.452     0.3898     25.586     40.951  37.972802     4.5943      9.179   -17.9853 9.3187e+01    26.6541      1.180      1.710    20.3767 0.0000e+00
      1.096     -0.444     0.6696     33.186     40.401  37.576503     4.5807      9.172   -13.4616 1.0480e+02    26.9702      1.088      1.579    20.7514 0.0000e+00
      0.971     -0.443     1.0793     40.499     39.751  37.081068     4.3989      9.167    -9.4630 1.1997e+02    27.3072      0.954      1.384    21.0108 0.0000e+00
      0.835     -0.446     1.6069     47.118     39.190  36.678313     4.0604      9.161    -5.9468 1.3694e+02    27.6876      0.815      1.182    21.2062 0.0000e+00
      0.708     -0.444     2.2426     53.012     38.740  36.387288     3.8589      9.155    -2.4371 1.5389e+02    27.7437      0.687      0.996    21.3684 0.0000e+00
      0.599     -0.424     2.9453     58.392     38.431  36.227481     3.8359      9.148     1.3955 1.6968e+02    27.4393      0.581      0.843    21.5053 0.0000e+00
