Data/DataNotYetUploadedToEDI/Raw_CTD/RawDownloads/081125_fcr50_S7809006.cnv
* Sea-Bird SBE19plus  Data File:
* FileName = C:\R\Reservoirs\Data\DataNotYetUploadedToEDI\Raw_CTD\RawDownloads\080425_fcr50_S7809_0006.hex
* Software version 2.8.0.119
* Temperature SN = 7809
* Conductivity SN = 7809
* System UpLoad Time = Aug 11 2025 16:40:48
* <ApplicationData>
* <Seaterm232>
# nquan = 15
# nvalues = 3651                        
# units = specified
# name 0 = depFM: Depth [fresh water, m]
# name 1 = dz/dtM: Descent Rate [m/s]
# name 2 = sbeox0Mg/L: Oxygen, SBE 43 [mg/l]
# name 3 = sbeox0PS: Oxygen, SBE 43 [% saturation]
# name 4 = specc: Specific Conductance [uS/cm]
# name 5 = c0uS/cm: Conductivity [uS/cm]
# name 6 = flECO-AFL: Fluorescence, WET Labs ECO-AFL/FL [mg/m^3]
# name 7 = ph: pH
# name 8 = orp: Oxidation Reduction Potential [mV]
# name 9 = par/sat/log: PAR/Logarithmic, Satlantic
# name 10 = turbWETntu0: Turbidity, WET Labs ECO [NTU]
# name 11 = prdM: Pressure, Strain Gauge [db]
# name 12 = prdE: Pressure, Strain Gauge [psi]
# name 13 = tv290C: Temperature [ITS-90, deg C]
# name 14 = flag:  0.000e+00
# span 0 =     -0.574,      9.702       
# span 1 =     -0.530,      0.275       
# span 2 =    -0.8558,     9.0565       
# span 3 =     -7.602,    105.931       
# span 4 =      1.474,    285.260       
# span 5 =   1.373850, 210.782710       
# span 6 =    -0.0692,    19.5828       
# span 7 =      7.014,      9.067       
# span 8 = -1240.7454,   235.3110       
# span 9 = 1.2355e-01, 2.2371e+02       
# span 10 =     0.7190,   623.5485      
# span 11 =     -0.564,      9.515      
# span 12 =     -0.818,     13.800      
# span 13 =    11.8315,    23.5808      
# span 14 = 0.0000e+00, 0.0000e+00      
# interval = seconds: 0.25
# start_time = Aug 11 2025 10:14:24 [Instrument's time stamp, header]
# bad_flag = -9.990e-29
*END*
[from data line 2121]
      5.391      0.011     5.4363     50.367     53.278  39.366511     0.8786      7.907   211.5557 1.2376e-01    18.7839      5.286      7.667    11.9494 0.0000e+00
      5.392      0.015     5.4337     50.374     53.300  39.378465     0.8557      7.907   211.7522 1.2380e-01    18.8703      5.288      7.671    11.9514 0.0000e+00
      5.396      0.019     5.4363     50.365     53.270  39.352774     0.8675      7.907   211.6927 1.2380e-01    18.7503      5.290      7.673    11.9493 0.0000e+00
      5.402      0.023     5.4343     50.338     53.213  39.309728     0.8714      7.907   211.6092 1.2372e-01    18.6304      5.296      7.681    11.9442 0.0000e+00
      5.412      0.025     5.4330     50.318     53.202  39.302229     0.8857      7.906   211.6892 1.2369e-01    18.7532      5.308      7.698    11.9423 0.0000e+00
      5.420      0.025     5.4370     50.327     53.233  39.325569     0.9324      7.906   211.8861 1.2369e-01    19.0054      5.316      7.712    11.9389 0.0000e+00
      5.426      0.023     5.4362     50.338     53.244  39.338085     0.9623      7.906   212.0973 1.2369e-01    19.1182      5.321      7.716    11.9312 0.0000e+00
      5.432      0.020     5.4323     50.343     53.219  39.326644     0.9812      7.906   212.1777 1.2372e-01    19.0922      5.328      7.727    11.9336 0.0000e+00
      5.437      0.016     5.4280     50.360     53.196  39.314160     0.9853      7.906   212.1699 1.2377e-01    19.0664      5.333      7.735    11.9355 0.0000e+00
      5.439      0.013     5.4312     50.359     53.194  39.314073     0.9711      7.906   212.1759 1.2377e-01    19.1820      5.333      7.734    11.9316 0.0000e+00
      5.441      0.012     5.4335     50.348     53.212  39.325592     0.9673      7.906   212.1631 1.2372e-01    19.3288      5.336      7.739    11.9380 0.0000e+00
      5.444      0.010     5.4288     50.348     53.214  39.326510     0.9642      7.906   212.1874 1.2375e-01    19.3719      5.339      7.743    11.9462 0.0000e+00
      5.447      0.010     5.4349     50.324     53.208  39.325175     0.9502      7.906   212.2982 1.2379e-01    19.2590      5.341      7.746    11.9503 0.0000e+00
      5.449      0.011     5.4331     50.293     53.267  39.372912     0.9148      7.905   212.3839 1.2374e-01    19.0240      5.344      7.751    11.9519 0.0000e+00
      5.451      0.011     5.4295     50.297     53.295  39.395997     0.9025      7.904   212.4494 1.2376e-01    18.9212      5.346      7.753    11.9484 0.0000e+00
      5.454      0.011     5.4343     50.327     53.232  39.350455     0.9257      7.904   212.4009 1.2381e-01    19.0399      5.349      7.757    11.9467 0.0000e+00
      5.458      0.010     5.4289     50.369     53.204  39.329968     0.9211      7.905   212.2277 1.2379e-01    19.6055      5.354      7.764    11.9511 0.0000e+00
      5.461      0.009     5.4227     50.421     53.216  39.338670     0.8793      7.906   212.1622 1.2377e-01    20.4307      5.356      7.768    11.9560 0.0000e+00
      5.463      0.008     5.4238     50.458     53.204  39.328750     0.8377      7.907   212.2977 1.2381e-01    20.7508      5.357      7.770    11.9583 0.0000e+00
      5.465      0.007     5.4282     50.463     53.220  39.336958     0.8255      7.906   212.4892 1.2388e-01    20.7434      5.359      7.772    11.9584 0.0000e+00
      5.466      0.006     5.4314     50.447     53.277  39.374447     0.8565      7.905   212.4990 1.2389e-01    20.4099      5.360      7.774    11.9581 0.0000e+00
      5.467      0.005     5.4390     50.426     53.319  39.401237     0.9041      7.905   212.3298 1.2386e-01    19.6213      5.362      7.776    11.9593 0.0000e+00
      5.468      0.005     5.4439     50.402     53.331  39.407012     0.9189      7.905   212.1642 1.2380e-01    19.0998      5.363      7.778    11.9584 0.0000e+00
      5.469      0.004     5.4438     50.382     53.299  39.380810     0.8944      7.905   212.1319 1.2373e-01    18.9204      5.363      7.779    11.9545 0.0000e+00
      5.471      0.004     5.4423     50.378     53.244  39.338276     0.8736      7.905   212.1972 1.2371e-01    18.8184      5.365      7.781    11.9496 0.0000e+00
      5.472      0.003     5.4402     50.393     53.248  39.336978     0.8925      7.905   212.3518 1.2374e-01    18.7556      5.366      7.783    11.9447 0.0000e+00
      5.472      0.003     5.4387     50.418     53.291  39.365104     0.9313      7.905   212.5387 1.2376e-01    18.6729      5.366      7.783    11.9420 0.0000e+00
      5.472      0.002     5.4350     50.435     53.283  39.361032     0.9514      7.904   212.5635 1.2373e-01    18.5700      5.367      7.784    11.9409 0.0000e+00
      5.473      0.002     5.4356     50.428     53.257  39.351213     0.9354      7.904   212.4795 1.2371e-01    18.4333      5.367      7.784    11.9388 0.0000e+00
      5.473      0.001     5.4377     50.429     53.270  39.373318     0.9129      7.904   212.4685 1.2378e-01    18.4210      5.368      7.785    11.9347 0.0000e+00
      5.474      0.001     5.4411     50.443     53.255  39.374462     0.9212      7.905   212.6038 1.2381e-01    18.5586      5.368      7.786    11.9294 0.0000e+00
      5.474      0.001     5.4454     50.453     53.233  39.365062     0.9360      7.904   212.7389 1.2372e-01    18.6624      5.368      7.786    11.9303 0.0000e+00
      5.474      0.001     5.4401     50.466     53.259  39.386592     0.9325      7.903   212.7255 1.2373e-01    18.6506      5.369      7.787    11.9405 0.0000e+00
      5.474      0.001     5.4386     50.478     53.254  39.380927     0.8965      7.904   212.6995 1.2384e-01    18.5190      5.369      7.787    11.9543 0.0000e+00
      5.475      0.001     5.4407     50.482     53.229  39.360037     0.8576      7.905   212.6824 1.2383e-01    18.4713      5.369      7.788    11.9669 0.0000e+00
      5.476      0.002     5.4388     50.477     53.269  39.387852     0.8621      7.905   212.6052 1.2377e-01    18.5864      5.370      7.788    11.9730 0.0000e+00
      5.476      0.002     5.4414     50.478     53.284  39.399925     0.8599      7.905   212.6264 1.2378e-01    18.5793      5.370      7.789    11.9746 0.0000e+00
      5.476      0.002     5.4428     50.491     53.253  39.379085     0.8472      7.905   212.8532 1.2383e-01    18.4193      5.370      7.788    11.9727 0.0000e+00
      5.477      0.001     5.4440     50.503     53.263  39.389731     0.8664      7.905   213.1099 1.2390e-01    18.3583      5.371      7.789    11.9681 0.0000e+00
      5.478      0.001     5.4433     50.508     53.273  39.401717     0.9004      7.904   213.2351 1.2393e-01    18.4573      5.372      7.791    11.9662 0.0000e+00
      5.478      0.001     5.4422     50.505     53.259  39.397089     0.9340      7.903   213.2481 1.2383e-01    18.5918      5.372      7.791    11.9680 0.0000e+00
      5.478      0.001     5.4446     50.493     53.254  39.397245     0.9324      7.903   213.1816 1.2373e-01    18.5829      5.372      7.791    11.9709 0.0000e+00
      5.478      0.001     5.4455     50.479     53.259  39.403604     0.8973      7.903   213.2906 1.2368e-01    18.4526      5.372      7.791    11.9738 0.0000e+00
      5.478      0.001     5.4453     50.467     53.268  39.410514     0.8833      7.903   213.6207 1.2365e-01    18.3832      5.372      7.791    11.9778 0.0000e+00
      5.478      0.002     5.4451     50.455     53.280  39.417337     0.8968      7.904   213.8166 1.2368e-01    18.4271      5.372      7.791    11.9831 0.0000e+00
      5.479      0.002     5.4420     50.437     53.293  39.422634     0.9019      7.904   213.7664 1.2377e-01    18.5051      5.373      7.793    11.9878 0.0000e+00
      5.479      0.003     5.4405     50.411     53.284  39.411096     0.8702      7.903   213.6157 1.2383e-01    18.5751      5.373      7.793    11.9909 0.0000e+00
      5.480      0.003     5.4390     50.397     53.281  39.404751     0.8293      7.903   213.6297 1.2378e-01    18.6928      5.374      7.794    11.9908 0.0000e+00
      5.481      0.003     5.4384     50.398     53.290  39.409371     0.8156      7.903   213.8495 1.2375e-01    18.8006      5.375      7.796    11.9883 0.0000e+00
      5.482      0.003     5.4377     50.402     53.282  39.403498     0.8300      7.903   214.0365 1.2378e-01    18.9219      5.376      7.797    11.9842 0.0000e+00
      5.482      0.003     5.4336     50.401     53.272  39.397200     0.8704      7.903   214.0838 1.2380e-01    19.1692      5.376      7.798    11.9788 0.0000e+00
      5.483      0.003     5.4330     50.401     53.271  39.396678     0.8959      7.903   213.9918 1.2382e-01    19.3647      5.377      7.798    11.9747 0.0000e+00
      5.484      0.003     5.4339     50.411     53.273  39.397198     0.8808      7.903   213.8702 1.2379e-01    19.3392      5.378      7.800    11.9728 0.0000e+00
      5.485      0.003     5.4345     50.434     53.283  39.403488     0.8709      7.903   213.9033 1.2372e-01    19.2702      5.379      7.801    11.9732 0.0000e+00
      5.485      0.003     5.4342     50.465     53.292  39.409259     0.8840      7.903   214.1338 1.2370e-01    19.1805      5.379      7.802    11.9748 0.0000e+00
      5.486      0.004     5.4332     50.503     53.285  39.403504     0.9066      7.902   214.3347 1.2379e-01    19.0056      5.380      7.803    11.9753 0.0000e+00
      5.487      0.005     5.4350     50.540     53.280  39.397377     0.9109      7.902   214.3537 1.2384e-01    18.8634      5.381      7.804    11.9738 0.0000e+00
      5.488      0.006     5.4376     50.567     53.287  39.398635     0.8858      7.903   214.3634 1.2380e-01    18.7249      5.382      7.805    11.9722 0.0000e+00
      5.489      0.008     5.4409     50.575     53.323  39.418714     0.8694      7.904   214.3664 1.2376e-01    18.6294      5.383      7.807    11.9715 0.0000e+00
      5.492      0.008     5.4457     50.580     53.375  39.449751     0.8872      7.903   214.3034 1.2373e-01    18.6986      5.385      7.811    11.9709 0.0000e+00
      5.495      0.009     5.4498     50.585     53.391  39.456574     0.9187      7.902   214.2907 1.2366e-01    18.8451      5.388      7.815    11.9702 0.0000e+00
      5.498      0.009     5.4540     50.566     53.368  39.437744     0.9171      7.903   214.3840 1.2364e-01    18.8295      5.392      7.820    11.9666 0.0000e+00
      5.500      0.008     5.4549     50.526     53.333  39.412474     0.8758      7.903   214.5714 1.2374e-01    18.6797      5.394      7.823    11.9592 0.0000e+00
      5.501      0.007     5.4554     50.495     53.319  39.404879     0.8348      7.904   214.6637 1.2381e-01    18.5722      5.395      7.826    11.9512 0.0000e+00
      5.503      0.007     5.4590     50.481     53.322  39.409386     0.8384      7.904   214.5535 1.2379e-01    18.5195      5.397      7.828    11.9462 0.0000e+00
      5.504      0.007     5.4566     50.476     53.312  39.403505     0.8690      7.903   214.4435 1.2376e-01    18.5550      5.397      7.828    11.9450 0.0000e+00
      5.505      0.007     5.4503     50.476     53.303  39.397237     0.8637      7.903   214.4524 1.2371e-01    18.5573      5.399      7.830    11.9460 0.0000e+00
      5.508      0.007     5.4468     50.489     53.301  39.397064     0.8331      7.903   214.5744 1.2368e-01    18.6500      5.401      7.835    11.9485 0.0000e+00
      5.511      0.007     5.4448     50.499     53.305  39.401418     0.8236      7.903   214.7150 1.2372e-01    18.9591      5.404      7.838    11.9522 0.0000e+00
      5.513      0.007     5.4453     50.492     53.284  39.386414     0.8402      7.903   214.6896 1.2376e-01    19.1860      5.406      7.841    11.9534 0.0000e+00
      5.514      0.008     5.4439     50.494     53.227  39.342583     0.8676      7.903   214.6115 1.2376e-01    19.3098      5.407      7.843    11.9527 0.0000e+00
      5.515      0.009     5.4459     50.510     53.199  39.315695     0.8714      7.903   214.6301 1.2377e-01    19.2253      5.408      7.844    11.9540 0.0000e+00
      5.516      0.010     5.4489     50.520     53.211  39.315161     0.8440      7.902   214.6566 1.2377e-01    18.9166      5.409      7.846    11.9550 0.0000e+00
      5.519      0.012     5.4450     50.528     53.253  39.336110     0.8364      7.902   214.6745 1.2376e-01    18.7881      5.412      7.849    11.9563 0.0000e+00
      5.524      0.013     5.4455     50.532     53.321  39.378588     0.8621      7.902   214.6741 1.2376e-01    18.8337      5.417      7.856    11.9571 0.0000e+00
      5.529      0.013     5.4495     50.530     53.336  39.384513     0.8805      7.902   214.6521 1.2379e-01    18.7846      5.423      7.865    11.9503 0.0000e+00
      5.533      0.012     5.4510     50.526     53.286  39.344282     0.8673      7.902   214.6658 1.2377e-01    18.6040      5.426      7.869    11.9388 0.0000e+00
      5.535      0.011     5.4536     50.522     53.277  39.336391     0.8362      7.902   214.7541 1.2373e-01    18.4265      5.428      7.874    11.9297 0.0000e+00
      5.537      0.008     5.4549     50.526     53.298  39.352571     0.8372      7.902   214.8593 1.2376e-01    18.4483      5.430      7.876    11.9227 0.0000e+00
      5.538      0.006     5.4548     50.522     53.293  39.349515     0.8797      7.902   214.9049 1.2384e-01    18.6629      5.431      7.877    11.9173 0.0000e+00
      5.540      0.005     5.4554     50.507     53.310  39.362907     0.9173      7.902   214.9619 1.2385e-01    18.8012      5.433      7.879    11.9148 0.0000e+00
      5.541      0.004     5.4538     50.495     53.344  39.387567     0.9171      7.902   215.0321 1.2373e-01    18.7540      5.434      7.881    11.9139 0.0000e+00
      5.541      0.004     5.4553     50.488     53.354  39.393824     0.8935      7.902   214.9787 1.2365e-01    18.6718      5.434      7.881    11.9142 0.0000e+00
      5.542      0.004     5.4555     50.492     53.329  39.375100     0.8817      7.902   214.9193 1.2370e-01    18.6953      5.435      7.882    11.9152 0.0000e+00
      5.543      0.005     5.4523     50.507     53.298  39.351563     0.8834      7.901   215.0882 1.2379e-01    18.8346      5.436      7.884    11.9158 0.0000e+00
      5.544      0.006     5.4516     50.519     53.313  39.363092     0.8799      7.901   215.3856 1.2378e-01    18.9558      5.437      7.886    11.9152 0.0000e+00
      5.546      0.008     5.4505     50.520     53.346  39.387573     0.8568      7.902   215.5036 1.2373e-01    18.8961      5.439      7.888    11.9140 0.0000e+00
      5.548      0.009     5.4507     50.506     53.352  39.393704     0.8285      7.902   215.3969 1.2367e-01    18.7956      5.441      7.892    11.9134 0.0000e+00
      5.551      0.010     5.4535     50.489     53.322  39.373768     0.8463      7.901   215.3004 1.2367e-01    18.8342      5.444      7.896    11.9138 0.0000e+00
      5.554      0.010     5.4546     50.491     53.271  39.336915     0.8966      7.901   215.2821 1.2374e-01    18.8168      5.446      7.898    11.9137 0.0000e+00
      5.557      0.009     5.4549     50.503     53.260  39.328895     0.9204      7.902   215.4350 1.2374e-01    18.7218      5.449      7.904    11.9139 0.0000e+00
      5.560      0.008     5.4534     50.513     53.275  39.340262     0.9172      7.902   215.7721 1.2366e-01    18.6748      5.452      7.908    11.9158 0.0000e+00
      5.562      0.007     5.4491     50.531     53.283  39.347434     0.9256      7.902   216.0025 1.2361e-01    18.6243      5.454      7.910    11.9183 0.0000e+00
      5.563      0.006     5.4503     50.550     53.288  39.352153     0.9797      7.901   216.0695 1.2368e-01    18.5901      5.455      7.912    11.9192 0.0000e+00
      5.564      0.005     5.4525     50.549     53.262  39.333857     1.0384      7.901   216.0663 1.2376e-01    18.5351      5.456      7.913    11.9190 0.0000e+00
