Data/DataNotYetUploadedToEDI/Raw_CTD/RawDownloads/081125_fcr10_S7809007.cnv
* Sea-Bird SBE19plus  Data File:
* FileName = C:\R\Reservoirs\Data\DataNotYetUploadedToEDI\Raw_CTD\RawDownloads\080425_fcr50_S7809_0007.hex
* Software version 2.8.0.119
* Temperature SN = 7809
* Conductivity SN = 7809
* System UpLoad Time = Aug 11 2025 16:41:18
* <ApplicationData>
* <Seaterm232>
# nquan = 15
# nvalues = 1128                        
# units = specified
# name 0 = depFM: Depth [fresh water, m]
# name 1 = dz/dtM: Descent Rate [m/s]
# name 2 = sbeox0Mg/L: Oxygen, SBE 43 [mg/l]
# name 3 = sbeox0PS: Oxygen, SBE 43 [% saturation]
# name 4 = specc: Specific Conductance [uS/cm]
# name 5 = c0uS/cm: Conductivity [uS/cm]
# name 6 = flECO-AFL: Fluorescence, WET Labs ECO-AFL/FL [mg/m^3]
# name 7 = ph: pH
# name 8 = orp: Oxidation Reduction Potential [mV]
# name 9 = par/sat/log: PAR/Logarithmic, Satlantic
# name 10 = turbWETntu0: Turbidity, WET Labs ECO [NTU]
# name 11 = prdM: Pressure, Strain Gauge [db]
# name 12 = prdE: Pressure, Strain Gauge [psi]
# name 13 = tv290C: Temperature [ITS-90, deg C]
# name 14 = flag:  0.000e+00
# span 0 =     -0.586,      2.153       
# span 1 =     -0.278,      0.175       
# span 2 =     4.6372,     7.7244       
# span 3 =     53.705,     88.971       
# span 4 =      2.278,     36.668       
# span 5 =   2.113950,  34.360460       
# span 6 =    -0.0975,    62.8887       
# span 7 =      6.914,      8.744       
# span 8 =   165.8933,   293.8152       
# span 9 = 1.0916e+01, 2.8755e+02       
# span 10 =     1.3977,    93.4081      
# span 11 =     -0.575,      2.111      
# span 12 =     -0.835,      3.062      
# span 13 =    21.3844,    22.7556      
# span 14 = 0.0000e+00, 0.0000e+00      
# interval = seconds: 0.25
# start_time = Aug 11 2025 12:10:15 [Instrument's time stamp, header]
# bad_flag = -9.990e-29
*END*
[from data line 97]
     -0.586 -8.620e-17     6.6060     74.685      2.395   2.222512     0.0063      7.030   233.2080 2.5200e+02     4.5756     -0.574     -0.833    21.3983 0.0000e+00
     -0.586 -7.835e-18     6.6035     74.665      2.383   2.211099    -0.0003      7.030   233.4045 2.5126e+02     4.5761     -0.575     -0.834    21.3983 0.0000e+00
     -0.586 -7.120e-19     6.6050     74.655      2.395   2.222630    -0.0307      7.030   233.5834 2.5001e+02     4.4338     -0.575     -0.834    21.3984 0.0000e+00
     -0.586 -6.475e-20     6.6084     74.654      2.409   2.235246    -0.0282      7.031   233.8226 2.4894e+02     4.4256     -0.574     -0.833    21.3983 0.0000e+00
     -0.586 -5.885e-21     6.6063     74.658      2.411   2.236950    -0.0114      7.032   234.2313 2.4825e+02     4.5109     -0.574     -0.833    21.3983 0.0000e+00
     -0.586 -5.350e-22     6.6038     74.675      2.417   2.243231    -0.0101      7.032   234.7399 2.4811e+02     4.5089     -0.574     -0.833    21.3984 0.0000e+00
     -0.586 -4.865e-23     6.6030     74.687      2.422   2.247847    -0.0134      7.031   235.1536 2.4863e+02     4.4699     -0.575     -0.834    21.3982 0.0000e+00
     -0.586 -4.422e-24     6.6038     74.696      2.402   2.229421    -0.0094      7.031   235.6198 2.4932e+02     4.4840     -0.575     -0.834    21.3983 0.0000e+00
     -0.586 -4.006e-25     6.6026     74.717      2.382   2.210468     0.0132      7.032   236.1603 2.4948e+02     4.5774     -0.574     -0.833    21.3984 0.0000e+00
     -0.586 -2.060e-26     6.6058     74.727      2.380   2.208727     0.0104      7.032   236.6984 2.4904e+02     4.5739     -0.575     -0.834    21.3982 0.0000e+00
     -0.586 1.7209e-25     6.6070     74.728      2.380   2.208362    -0.0264      7.031   237.1366 2.4682e+02     4.4419     -0.574     -0.833    21.3982 0.0000e+00
     -0.586 1.9293e-24     6.6056     74.729      2.377   2.206063    -0.0324      7.031   237.5005 2.4221e+02     4.4154     -0.574     -0.833    21.3983 0.0000e+00
     -0.586 2.1225e-23     6.6100     74.719      2.350   2.180933    -0.0114      7.032   237.6572 2.3781e+02     4.4583     -0.574     -0.833    21.3983 0.0000e+00
     -0.586 2.3348e-22     6.6102     74.710      2.325   2.157890    -0.0149      7.032   237.4823 2.3766e+02     4.4143     -0.574     -0.833    21.3982 0.0000e+00
     -0.586 2.5683e-21     6.6095     74.715      2.350   2.180829    -0.0155      7.031   237.3647 2.4191e+02     4.4301     -0.574     -0.833    21.3983 0.0000e+00
     -0.586 2.8251e-20     6.6110     74.715      2.377   2.204909     0.0053      7.031   237.6110 2.4581e+02     4.6155     -0.574     -0.833    21.3983 0.0000e+00
     -0.586 3.1076e-19     6.6089     74.713      2.367   2.195669    -0.0044      7.031   238.2232 2.4829e+02     4.7432     -0.574     -0.833    21.3983 0.0000e+00
     -0.586 3.4184e-18     6.6077     74.721      2.367   2.195786    -0.0324      7.030   239.0883 2.5119e+02     4.6753     -0.575     -0.834    21.3982 0.0000e+00
     -0.586 3.7602e-17     6.6090     74.721      2.378   2.206326    -0.0255      7.030   239.7250 2.5417e+02     4.6489     -0.574     -0.833    21.3982 0.0000e+00
     -0.586 4.1362e-16     6.6093     74.712      2.367   2.196419     0.0032      7.031   239.9851 2.5631e+02     4.7657     -0.574     -0.833    21.3982 0.0000e+00
     -0.586 4.5499e-15     6.6075     74.715      2.374   2.202692     0.0236      7.031   240.1686 2.5729e+02     4.7894     -0.575     -0.834    21.3983 0.0000e+00
     -0.586 5.0048e-14     6.6101     74.711      2.391   2.218825     0.0212      7.031   240.3951 2.5714e+02     4.6623     -0.575     -0.834    21.3982 0.0000e+00
     -0.586 5.5053e-13     6.6101     74.694      2.372   2.201446    -0.0089      7.032   240.5720 2.5606e+02     4.6288     -0.575     -0.834    21.3981 0.0000e+00
     -0.586 6.0559e-12     6.6073     74.697      2.352   2.182600    -0.0159      7.033   240.6733 2.5481e+02     4.7613     -0.575     -0.834    21.3982 0.0000e+00
     -0.586 6.6614e-11     6.6093     74.721      2.350   2.180991    -0.0051      7.032   241.1029 2.5352e+02     4.7947     -0.574     -0.833    21.3981 0.0000e+00
     -0.586 7.3276e-10     6.6095     74.736      2.351   2.181986    -0.0274      7.031   241.8090 2.5197e+02     4.6567     -0.574     -0.833    21.3980 0.0000e+00
     -0.586 8.0603e-09     6.6059     74.738      2.365   2.194640    -0.0361      7.031   242.3276 2.5058e+02     4.6292     -0.575     -0.834    21.3981 0.0000e+00
     -0.586 8.8664e-08     6.6060     74.727      2.379   2.207298    -0.0115      7.032   242.7267 2.5000e+02     4.7365     -0.574     -0.833    21.3979 0.0000e+00
     -0.586 1.6255e-07     6.6104     74.718      2.380   2.208346    -0.0127      7.032   243.2792 2.5054e+02     4.7244     -0.575     -0.834    21.3981 0.0000e+00
     -0.586 8.8665e-08     6.6106     74.723      2.379   2.207308    -0.0247      7.032   243.8459 2.5152e+02     4.6878     -0.574     -0.833    21.3980 0.0000e+00
     -0.586 8.0605e-09     6.6117     74.728      2.365   2.194754    -0.0073      7.032   244.2444 2.5195e+02     4.7718     -0.575     -0.834    21.3980 0.0000e+00
     -0.586 7.3280e-10     6.6098     74.723      2.353   2.183244    -0.0017      7.032   244.7415 2.5201e+02     4.7828     -0.574     -0.833    21.3981 0.0000e+00
     -0.586 6.6612e-11     6.6081     74.707      2.365   2.194821    -0.0240      7.032   245.4675 2.5204e+02     4.7186     -0.574     -0.833    21.3979 0.0000e+00
     -0.586 6.0226e-12     6.6100     74.697      2.379   2.208051    -0.0271      7.031   246.0541 2.5207e+02     4.7812     -0.575     -0.834    21.3980 0.0000e+00
     -0.586 1.8307e-13     6.6100     74.710      2.389   2.216512    -0.0061      7.031   246.4132 2.5207e+02     4.8911     -0.575     -0.834    21.3980 0.0000e+00
     -0.586 -3.992e-12     6.6103     74.728      2.407   2.233787     0.0051      7.032   246.7977 2.5198e+02     4.8861     -0.575     -0.834    21.3979 0.0000e+00
     -0.586 -4.446e-11     6.6078     74.738      2.400   2.226886    -0.0078      7.033   247.1762 2.5203e+02     4.7895     -0.575     -0.834    21.3980 0.0000e+00
     -0.586 -4.891e-10     6.6060     74.748      2.367   2.196419    -0.0288      7.033   247.6328 2.5221e+02     4.7479     -0.574     -0.833    21.3980 0.0000e+00
     -0.586 -5.380e-09     6.6085     74.758      2.351   2.182133    -0.0245      7.033   248.2749 2.5244e+02     4.8271     -0.575     -0.834    21.3981 0.0000e+00
     -0.586 -5.918e-08     6.6104     74.764      2.350   2.180834    -0.0133      7.032   248.9181 2.5288e+02     4.8249     -0.574     -0.833    21.3979 0.0000e+00
     -0.586 -1.085e-07     6.6108     74.760      2.350   2.180717    -0.0263      7.032   249.4727 2.5342e+02     4.6869     -0.574     -0.833    21.3977 0.0000e+00
     -0.586 -5.920e-08     6.6118     74.737      2.350   2.180715    -0.0166      7.033   249.9038 2.5384e+02     4.6945     -0.574     -0.833    21.3978 0.0000e+00
     -0.586 -5.380e-09     6.6128     74.712      2.350   2.180818     0.0210      7.034   250.2596 2.5409e+02     4.8489     -0.574     -0.833    21.3979 0.0000e+00
     -0.586 -4.893e-10     6.6134     74.705      2.351   2.181959     0.0126      7.034   250.6769 2.5392e+02     4.8461     -0.574     -0.833    21.3978 0.0000e+00
     -0.586 -4.448e-11     6.6136     74.710      2.365   2.194514    -0.0262      7.034   251.0773 2.5358e+02     4.7286     -0.575     -0.834    21.3977 0.0000e+00
     -0.586 -4.044e-12     6.6112     74.714      2.377   2.205932    -0.0240      7.034   251.3148 2.5340e+02     4.7614     -0.575     -0.834    21.3977 0.0000e+00
     -0.586 -3.676e-13     6.6074     74.714      2.364   2.193325    -0.0106      7.034   251.4836 2.5324e+02     4.8327     -0.575     -0.834    21.3977 0.0000e+00
     -0.586 -3.342e-14     6.6079     74.722      2.337   2.168768    -0.0306      7.034   251.7421 2.5313e+02     4.7366     -0.575     -0.834    21.3979 0.0000e+00
     -0.586 -3.038e-15     6.6086     74.740      2.330   2.162391    -0.0408      7.034   252.1161 2.5323e+02     4.6248     -0.575     -0.834    21.3978 0.0000e+00
     -0.586 -2.762e-16     6.6090     74.751      2.349   2.179563    -0.0180      7.034   252.5641 2.5357e+02     4.6759     -0.575     -0.834    21.3977 0.0000e+00
     -0.586 -2.511e-17     6.6088     74.758      2.356   2.186369     0.0122      7.034   252.9441 2.5382e+02     4.8075     -0.575     -0.834    21.3977 0.0000e+00
     -0.586 -2.283e-18     6.6087     74.763      2.351   2.181332     0.0159      7.035   253.1826 2.5373e+02     4.8158     -0.575     -0.834    21.3977 0.0000e+00
     -0.586 -2.075e-19     6.6119     74.763      2.351   2.182007    -0.0151      7.035   253.2102 2.5331e+02     4.7421     -0.574     -0.833    21.3976 0.0000e+00
     -0.586 -1.886e-20     6.6121     74.766      2.365   2.194528    -0.0288      7.034   253.1922 2.5291e+02     4.7702     -0.574     -0.833    21.3977 0.0000e+00
     -0.586 -1.715e-21     6.6125     74.752      2.377   2.206042    -0.0257      7.033   253.4816 2.5259e+02     4.7800     -0.575     -0.834    21.3977 0.0000e+00
     -0.586 -1.559e-22     6.6140     74.729      2.365   2.194524    -0.0439      7.033   253.8696 2.5259e+02     4.6558     -0.575     -0.833    21.3977 0.0000e+00
     -0.586 -1.417e-23     6.6121     74.731      2.351   2.181959    -0.0405      7.033   254.0120 2.5340e+02     4.6352     -0.574     -0.834    21.3975 0.0000e+00
     -0.586 -1.288e-24     6.6143     74.738      2.350   2.180808    -0.0011      7.033   254.0852 2.5439e+02     4.7695     -0.575     -0.835    21.3976 0.0000e+00
     -0.586 -1.170e-25     6.6133     74.736      2.350   2.180600     0.0075      7.033   254.3243 2.5477e+02     4.7765     -0.575     -0.834    21.3977 0.0000e+00
     -0.586 -8.710e-27     6.6081     74.733      2.349   2.179443    -0.0107      7.034   254.5800 2.5482e+02     4.7200     -0.575     -0.834    21.3974 0.0000e+00
     -0.586 2.0374e-26     6.6108     74.743      2.335   2.166826     0.0031      7.034   254.8536 2.5476e+02     4.8037     -0.574     -0.833    21.3974 0.0000e+00
     -0.586 2.3467e-25     6.6112     74.765      2.322   2.154739     0.0163      7.034   255.2231 2.5436e+02     4.7985     -0.575     -0.834    21.3975 0.0000e+00
     -0.586 2.5823e-24     6.6109     74.775      2.328   2.159984    -0.0089      7.034   255.4340 2.5392e+02     4.6225     -0.574     -0.833    21.3974 0.0000e+00
     -0.586 2.8406e-23     6.6102     74.774      2.335   2.166893    -0.0270      7.034   255.5963 2.5365e+02     4.5545     -0.575     -0.834    21.3975 0.0000e+00
     -0.586 3.1246e-22     6.6102     74.775      2.344   2.174937    -0.0035      7.035   255.9811 2.5352e+02     4.6595     -0.574     -0.833    21.3974 0.0000e+00
     -0.586 3.4371e-21     6.6145     74.771      2.364   2.193896     0.0262      7.035   256.3862 2.5358e+02     4.7983     -0.575     -0.834    21.3975 0.0000e+00
     -0.586 3.7808e-20     6.6145     74.761      2.377   2.206097     0.0155      7.034   256.7951 2.5370e+02     4.7981     -0.574     -0.833    21.3974 0.0000e+00
     -0.586 4.1589e-19     6.6138     74.746      2.367   2.195776    -0.0166      7.034   257.3121 2.5376e+02     4.7251     -0.575     -0.834    21.3973 0.0000e+00
     -0.586 4.5748e-18     6.6145     74.735      2.367   2.195781    -0.0202      7.033   257.8190 2.5374e+02     4.7696     -0.574     -0.833    21.3972 0.0000e+00
     -0.586 5.0323e-17     6.6141     74.750      2.378   2.206166     0.0053      7.033   258.1911 2.5357e+02     4.8251     -0.574     -0.833    21.3972 0.0000e+00
     -0.586 5.5355e-16     6.6132     74.766      2.365   2.194649     0.0088      7.033   258.3703 2.5342e+02     4.7809     -0.575     -0.834    21.3971 0.0000e+00
     -0.586 6.0890e-15     6.6122     74.764      2.353   2.183217    -0.0027      7.033   258.5233 2.5334e+02     4.7479     -0.575     -0.834    21.3972 0.0000e+00
     -0.586 6.6980e-14     6.6090     74.761      2.365   2.194630     0.0081      7.033   258.8358 2.5320e+02     4.8019     -0.575     -0.834    21.3973 0.0000e+00
     -0.586 7.3677e-13     6.6122     74.759      2.377   2.205952     0.0060      7.034   259.2241 2.5317e+02     4.7835     -0.575     -0.834    21.3972 0.0000e+00
     -0.586 8.1045e-12     6.6147     74.760      2.364   2.193431    -0.0207      7.034   259.5179 2.5324e+02     4.6622     -0.574     -0.833    21.3971 0.0000e+00
     -0.586 8.9150e-11     6.6126     74.775      2.339   2.169921    -0.0236      7.034   259.7206 2.5329e+02     4.6680     -0.575     -0.834    21.3972 0.0000e+00
     -0.586 9.8065e-10     6.6133     74.786      2.344   2.175069     0.0051      7.034   259.8686 2.5329e+02     4.7853     -0.574     -0.833    21.3972 0.0000e+00
     -0.586 1.0787e-08     6.6128     74.769      2.363   2.192336     0.0185      7.035   260.0166 2.5321e+02     4.7824     -0.575     -0.834    21.3972 0.0000e+00
     -0.586 1.1866e-07     6.6122     74.748      2.359   2.188662    -0.0029      7.035   260.3913 2.5323e+02     4.6664     -0.574     -0.833    21.3970 0.0000e+00
     -0.586 2.1754e-07     6.6140     74.745      2.364   2.193991    -0.0133      7.034   260.9581 2.5339e+02     4.6811     -0.575     -0.834    21.3969 0.0000e+00
     -0.586 1.1866e-07     6.6170     74.757      2.363   2.193429     0.0099      7.034   261.3626 2.5339e+02     4.8242     -0.574     -0.833    21.3968 0.0000e+00
     -0.586 1.0788e-08     6.6136     74.774      2.351   2.181860     0.0119      7.035   261.5821 2.5332e+02     4.8251     -0.574     -0.833    21.3969 0.0000e+00
     -0.586 9.9080e-10     6.6109     74.781      2.350   2.180799    -0.0145      7.035   261.8060 2.5349e+02     4.6920     -0.575     -0.834    21.3968 0.0000e+00
     -0.586 2.0079e-10     6.6114     74.779      2.350   2.180599    -0.0181      7.035   262.0040 2.5368e+02     4.6840     -0.574     -0.833    21.3966 0.0000e+00
     -0.586 1.2362e-09     6.6122     74.778      2.349   2.179448    -0.0152      7.035   262.1702 2.5376e+02     4.7628     -0.575     -0.834    21.3967 0.0000e+00
     -0.586 1.3510e-08     6.6150     74.784      2.335   2.166883    -0.0298      7.035   262.3522 2.5381e+02     4.7217     -0.575     -0.834    21.3966 0.0000e+00
     -0.586 1.4860e-07     6.6149     74.786      2.323   2.155367    -0.0360      7.035   262.4834 2.5372e+02     4.7001     -0.574     -0.833    21.3964 0.0000e+00
     -0.586 2.7243e-07     6.6149     74.783      2.335   2.166888    -0.0236      7.035   262.5526 2.5340e+02     4.8088     -0.575     -0.834    21.3966 0.0000e+00
     -0.586 1.4860e-07     6.6140     74.778      2.349   2.179495    -0.0128      7.034   262.5005 2.5308e+02     4.8394     -0.575     -0.834    21.3965 0.0000e+00
     -0.586 1.3509e-08     6.6154     74.778      2.351   2.181114    -0.0219      7.033   262.4556 2.5291e+02     4.7294     -0.574     -0.833    21.3966 0.0000e+00
     -0.586 1.2281e-09     6.6156     74.782      2.356   2.186462    -0.0342      7.034   262.6984 2.5286e+02     4.6395     -0.575     -0.834    21.3965 0.0000e+00
     -0.586 1.1164e-10     6.6149     74.774      2.350   2.180817    -0.0202      7.035   263.0266 2.5295e+02     4.6760     -0.574     -0.833    21.3963 0.0000e+00
     -0.586 1.0150e-11     6.6148     74.766      2.345   2.176201     0.0058      7.034   263.1541 2.5299e+02     4.7258     -0.574     -0.833    21.3964 0.0000e+00
     -0.585 9.2270e-13     6.6139     74.774      2.364   2.194000     0.0062      7.034   263.2946 2.5279e+02     4.6613     -0.574     -0.833    21.3964 0.0000e+00
     -0.585 8.3880e-14     6.6159     74.784      2.377   2.205993    -0.0163      7.035   263.6070 2.5255e+02     4.6471     -0.574     -0.833    21.3964 0.0000e+00
