Data/DataNotYetUploadedToEDI/Raw_CTD/RawDownloads/081125_fcr40_S7809011.cnv
* Sea-Bird SBE19plus  Data File:
* FileName = C:\R\Reservoirs\Data\DataNotYetUploadedToEDI\Raw_CTD\RawDownloads\080425_fcr50_S7809_0011.hex
* Software version 2.8.0.119
* Temperature SN = 7809
* Conductivity SN = 7809
* System UpLoad Time = Aug 11 2025 16:43:08
* <ApplicationData>
* <Seaterm232>
# nquan = 15
# nvalues = 1064                        
# units = specified
# name 0 = depFM: Depth [fresh water, m]
# name 1 = dz/dtM: Descent Rate [m/s]
# name 2 = sbeox0Mg/L: Oxygen, SBE 43 [mg/l]
# name 3 = sbeox0PS: Oxygen, SBE 43 [% saturation]
# name 4 = specc: Specific Conductance [uS/cm]
# name 5 = c0uS/cm: Conductivity [uS/cm]
# name 6 = flECO-AFL: Fluorescence, WET Labs ECO-AFL/FL [mg/m^3]
# name 7 = ph: pH
# name 8 = orp: Oxidation Reduction Potential [mV]
# name 9 = par/sat/log: PAR/Logarithmic, Satlantic
# name 10 = turbWETntu0: Turbidity, WET Labs ECO [NTU]
# name 11 = prdM: Pressure, Strain Gauge [db]
# name 12 = prdE: Pressure, Strain Gauge [psi]
# name 13 = tv290C: Temperature [ITS-90, deg C]
# name 14 = flag:  0.000e+00
# span 0 =     -0.584,      5.820       
# span 1 =     -0.342,      0.226       
# span 2 =     0.0309,     9.2651       
# span 3 =      0.318,    108.375       
# span 4 =   -436.421,     55.814       
# span 5 =-399.468452,  43.132856       
# span 6 =    -0.1051,    25.7538       
# span 7 =      7.940,      9.138       
# span 8 =   178.9531,   249.6581       
# span 9 = 1.2359e-01, 5.9446e+02       
# span 10 =    -0.0056,   363.7134      
# span 11 =     -0.573,      5.707      
# span 12 =     -0.831,      8.278      
# span 13 =    11.8805,    23.6575      
# span 14 = 0.0000e+00, 0.0000e+00      
# interval = seconds: 0.25
# start_time = Aug 11 2025 12:50:21 [Instrument's time stamp, header]
# bad_flag = -9.990e-29
*END*
[from data line 868]
      5.820 1.8627e-07     4.7619     44.062     52.560  39.048768     0.0650      7.970   245.6897 1.2380e-01    54.1595      5.707      8.277    12.1405 0.0000e+00
      5.819 1.6934e-08     4.7510     44.010     52.562  39.059038     0.0669      7.969   245.8407 1.2384e-01    53.7217      5.707      8.277    12.1407 0.0000e+00
      5.819 1.5395e-09     4.7438     43.981     52.535  39.047281     0.0825      7.969   245.8893 1.2386e-01    53.5920      5.707      8.277    12.1382 0.0000e+00
      5.820 1.3995e-10     4.7398     43.954     52.505  39.033548     0.0865      7.968   245.8467 1.2386e-01    53.1716      5.707      8.277    12.1376 0.0000e+00
      5.820 1.2723e-11     4.7327     43.907     52.476  39.019919     0.0658      7.968   245.8421 1.2380e-01    52.5326      5.707      8.277    12.1428 0.0000e+00
      5.819 1.1566e-12     4.7240     43.835     52.452  39.009429     0.0648      7.967   246.0061 1.2368e-01    52.2546      5.707      8.277    12.1518 0.0000e+00
      5.819 1.0515e-13     4.7225     43.756     52.474  39.033649     0.0823      7.967   246.1947 1.2366e-01    52.2350      5.707      8.277    12.1607 0.0000e+00
      5.820 9.5590e-15     4.7187     43.684     52.498  39.058928     0.0707      7.967   246.2300 1.2371e-01    51.8524      5.707      8.277    12.1682 0.0000e+00
      5.820 8.6900e-16     4.7137     43.608     52.494  39.061235     0.0241      7.967   246.1744 1.2373e-01    51.1804      5.707      8.277    12.1752 0.0000e+00
      5.820 7.8968e-17     4.7042     43.534     52.489  39.061547    -0.0069      7.967   246.2111 1.2373e-01    50.9081      5.707      8.277    12.1829 0.0000e+00
      5.819 6.8272e-18     4.6931     43.436     52.485  39.062709     0.0031      7.967   246.3301 1.2378e-01    50.9856      5.707      8.277    12.1906 0.0000e+00
      5.819 -3.249e-18     4.6877     43.315     52.495  39.075279     0.0211      7.967   246.3223 1.2383e-01    50.9220      5.707      8.277    12.1979 0.0000e+00
      5.820 -4.287e-17     4.6758     43.226     52.506  39.086609     0.0193      7.966   246.2888 1.2382e-01    50.5147      5.707      8.278    12.2028 0.0000e+00
      5.820 -4.722e-16     4.6705     43.182     52.489  39.072781     0.0061      7.966   246.3544 1.2376e-01    49.9549      5.707      8.277    12.2059 0.0000e+00
      5.820 -5.194e-15     4.6605     43.175     52.444  39.035018    -0.0138      7.966   246.4283 1.2373e-01    49.7555      5.707      8.277    12.2105 0.0000e+00
      5.819 -5.713e-14     4.6418     43.192     52.416  39.010788    -0.0048      7.966   246.4076 1.2373e-01    49.8458      5.707      8.277    12.2162 0.0000e+00
      5.819 -6.285e-13     4.6335     43.224     52.451  39.033657     0.0319      7.965   246.4472 1.2377e-01    49.7147      5.706      8.276    12.2195 0.0000e+00
      5.819 -6.913e-12     4.6284     43.275     52.486  39.057668     0.0467      7.964   246.7357 1.2378e-01    49.2975      5.707      8.277    12.2183 0.0000e+00
      5.819 -7.604e-11     4.6289     43.342     52.478  39.047264     0.0237      7.963   246.9705 1.2375e-01    48.9686      5.707      8.277    12.2138 0.0000e+00
      5.819 -8.365e-10     4.6320     43.405     52.469  39.034780    -0.0123      7.963   246.9635 1.2387e-01    48.9159      5.707      8.277    12.2090 0.0000e+00
      5.819 -9.201e-09     4.6346     43.441     52.477  39.033645    -0.0063      7.963   246.9090 1.2401e-01    48.8653      5.707      8.277    12.2068 0.0000e+00
      5.819 -1.012e-07     4.6408     43.445     52.485  39.033533     0.0139      7.963   247.0000 1.2395e-01    48.5615      5.707      8.277    12.2054 0.0000e+00
      5.819     -0.000     4.6490     43.439     52.491  39.033410     0.0066      7.963   247.2034 1.2384e-01    48.2826      5.706      8.276    12.2018 0.0000e+00
      5.819     -0.000     4.6574     43.449     52.493  39.032152    -0.0028      7.963   247.3031 1.2383e-01    48.3966      5.707      8.277    12.1960 0.0000e+00
      5.819     -0.000     4.6627     43.467     52.478  39.018327     0.0171      7.962   247.2586 1.2382e-01    50.2135      5.707      8.278    12.1884 0.0000e+00
      5.819     -0.001     4.6625     43.457     52.444  38.993174     0.0724      7.960   247.2680 1.2376e-01    53.4772      5.707      8.277    12.1816 0.0000e+00
      5.819     -0.006     4.6607     43.421     52.428  38.981878     0.0909      7.960   247.5031 1.2376e-01    55.2700      5.707      8.278    12.1781 0.0000e+00
      5.819     -0.019     4.6625     43.372     52.467  39.008664     0.1004      7.959   247.9505 1.2380e-01    56.7231      5.707      8.277    12.1751 0.0000e+00
      5.818     -0.047     4.6671     43.312     52.532  39.063198     0.4367      7.957   248.3741 1.2380e-01    72.8231      5.706      8.275    12.1731 0.0000e+00
      5.813     -0.091     4.6655     43.260     52.583  39.133558     1.0684      7.955   248.5815 1.2379e-01   102.5366      5.703      8.270    12.1724 0.0000e+00
      5.801     -0.143     4.6601     43.226     52.629  39.224798     1.4381      7.952   248.7374 1.2375e-01   118.8332      5.697      8.263    12.1751 0.0000e+00
      5.764     -0.195     4.6566     43.166     52.611  39.277973     1.4778      7.949   248.9684 1.2375e-01   120.1082      5.668      8.220    12.1711 0.0000e+00
      5.691     -0.240     4.6491     42.976     52.511  39.268859     1.4393      7.947   249.1369 1.2381e-01   117.8168      5.588      8.105    12.1659 0.0000e+00
      5.599     -0.275     4.6393     42.593     52.401  39.241608     1.2979      7.945   249.1408 1.2373e-01    92.5625      5.487      7.957    12.1989 0.0000e+00
      5.513     -0.295     4.6304     42.032     52.306  39.202394     1.0918      7.943   249.1021 1.2367e-01    46.4637      5.402      7.834    12.2606 0.0000e+00
      5.437     -0.296     4.6225     41.338     52.258  39.175543     1.0111      7.942   249.1841 1.2372e-01    21.4221      5.330      7.730    12.3244 0.0000e+00
      5.365     -0.282     4.5981     40.563     52.258  39.170813     1.0215      7.942   249.2723 1.2372e-01    19.0985      5.262      7.633    12.3925 0.0000e+00
      5.294     -0.267     4.5495     39.772     52.237  39.145200     1.0429      7.941   249.3080 1.2373e-01    18.7108      5.190      7.528    12.4499 0.0000e+00
      5.228     -0.257     4.4853     39.034     52.221  39.119690     1.0951      7.941   249.3581 1.2377e-01    18.6132      5.122      7.429    12.4793 0.0000e+00
      5.169     -0.256     4.4090     38.432     52.232  39.116217     1.1366      7.941   249.3617 1.2377e-01    18.7045      5.068      7.351    12.4836 0.0000e+00
      5.112     -0.256     4.3247     38.020     52.223  39.103190     1.1618      7.940   249.3516 1.2387e-01    18.8925      5.014      7.272    12.4765 0.0000e+00
      5.048     -0.256     4.2386     37.773     52.207  39.089106     1.1503      7.940   249.4074 1.2548e-01    18.7679      4.956      7.187    12.4670 0.0000e+00
      4.977     -0.259     4.1584     37.633     52.186  39.072846     1.0966      7.940   249.5201 1.3200e-01    18.3261      4.882      7.081    12.4532 0.0000e+00
      4.902     -0.267     4.0915     37.507     52.137  39.033519     1.0702      7.940   249.5959 1.4493e-01    18.0940      4.803      6.966    12.4400 0.0000e+00
      4.835     -0.275     4.0509     37.268     52.092  38.994382     1.0808      7.941   249.5500 1.6339e-01    18.1469      4.739      6.873    12.4344 0.0000e+00
      4.775     -0.280     4.0262     36.892     52.085  38.980411     1.1250      7.942   249.4820 1.9405e-01    18.1123      4.685      6.795    12.4333 0.0000e+00
      4.707     -0.284     4.0138     36.456     52.112  38.991513     1.1804      7.942   249.5479 2.4828e-01    17.7774      4.623      6.706    12.4337 0.0000e+00
      4.625     -0.291     4.0081     36.026     52.135  39.001678     1.1839      7.943   249.6581 3.2121e-01    17.4801      4.536      6.579    12.4322 0.0000e+00
      4.544     -0.302     3.9830     35.602     52.107  38.976396     1.1756      7.944   249.6098 3.9000e-01    17.4211      4.450      6.454    12.4266 0.0000e+00
      4.472     -0.313     3.9402     35.214     52.062  38.939673     1.2464      7.945   249.3938 4.5257e-01    17.3717      4.387      6.363    12.4173 0.0000e+00
      4.397     -0.317     3.8906     34.914     52.062  38.938425     1.3663      7.946   249.1975 5.2657e-01    17.2923      4.316      6.259    12.4071 0.0000e+00
      4.312     -0.314     3.8475     34.700     52.092  38.961314     1.4095      7.948   249.1292 6.2186e-01    17.1783      4.231      6.137    12.4000 0.0000e+00
      4.222     -0.311     3.8014     34.559     52.087  38.962580     1.3777      7.948   249.0838 7.3086e-01    16.9847      4.139      6.003    12.3968 0.0000e+00
      4.136     -0.308     3.7560     34.449     52.063  38.953737     1.3570      7.949   249.0789 8.3771e-01    16.8647      4.050      5.873    12.3947 0.0000e+00
      4.063     -0.303     3.7267     34.322     52.085  38.981330     1.4007      7.949   249.1562 9.5807e-01    16.8202      3.983      5.778    12.3922 0.0000e+00
      3.995     -0.296     3.7022     34.150     52.144  39.042375     1.4984      7.950   249.1577 1.1334e+00    16.7544      3.920      5.686    12.3930 0.0000e+00
      3.923     -0.289     3.6895     33.927     52.295  39.184153     1.5394      7.952   249.0110 1.3927e+00    16.6493      3.850      5.583    12.3973 0.0000e+00
      3.845     -0.286     3.6787     33.638     52.480  39.362875     1.5131      7.953   248.8450 1.7292e+00    16.5403      3.772      5.470    12.4070 0.0000e+00
      3.769     -0.287     3.6654     33.165     52.500  39.426390     1.5636      7.953   248.6998 2.1430e+00    16.5637      3.693      5.358    12.4164 0.0000e+00
      3.699     -0.288     3.6464     32.293     52.550  39.507931     1.7001      7.954   248.4599 2.7683e+00    16.6584      3.628      5.262    12.4296 0.0000e+00
      3.628     -0.284     3.6193     30.912     52.775  39.714197     1.7821      7.956   248.1812 3.7187e+00    16.6950      3.560      5.163    12.4577 0.0000e+00
      3.554     -0.278     3.5893     29.089     53.038  39.953007     1.7806      7.957   247.8252 4.9365e+00    16.6303      3.485      5.056    12.4964 0.0000e+00
      3.480     -0.273     3.5454     26.983     53.263  40.174166     1.7580      7.958   247.2539 6.3057e+00    16.4571      3.412      4.950    12.5480 0.0000e+00
      3.409     -0.273     3.4547     24.808     53.326  40.293927     1.7749      7.958   246.6938 7.5827e+00    16.3774      3.339      4.844    12.5927 0.0000e+00
      3.345     -0.275     3.3000     22.699     53.396  40.449132     1.8181      7.958   246.3022 8.7545e+00    16.4521      3.279      4.756    12.6197 0.0000e+00
      3.283     -0.280     3.1007     20.710     53.741  40.844990     1.8551      7.959   245.8739 1.0122e+01    16.4376      3.223      4.675    12.6574 0.0000e+00
      3.213     -0.283     2.8621     18.911     53.954  41.208868     2.1067      7.962   245.3012 1.1669e+01    15.6219      3.153      4.573    12.7053 0.0000e+00
      3.135     -0.283     2.6238     17.332     53.627  41.231331     2.5626      7.963   244.5393 1.3215e+01    14.1042      3.076      4.461    12.7641 0.0000e+00
      3.054     -0.285     2.3955     15.904     53.147  41.116921     2.8311      7.964   243.4597 1.4607e+01    13.3560      2.994      4.344    12.8694 0.0000e+00
      2.976     -0.288     2.1745     14.374     52.861  41.095219     2.9478      7.968   242.4000 1.5625e+01    13.4078      2.911      4.222    12.9761 0.0000e+00
      2.910     -0.287     1.9783     12.563     52.568  41.096089     3.5911      7.973   241.7077 1.6397e+01    12.8173      2.850      4.135    13.1449 0.0000e+00
      2.849     -0.274     1.7989     10.611     52.170  41.064239     4.7085      7.979   241.2837 1.7384e+01    11.5116      2.799      4.061    13.4566 0.0000e+00
      2.776     -0.249     1.6529      8.694     51.839  41.027797     5.2884      7.987   241.0583 1.8732e+01    10.7030      2.730      3.959    13.7138 0.0000e+00
      2.690     -0.213     1.5019      6.922     51.634  40.973084     5.3253      7.997   240.9618 2.0007e+01    10.6580      2.633      3.818    13.8511 0.0000e+00
      2.620     -0.172     1.2964      5.383     51.455  40.910557     5.0968      8.007   240.8921 2.0708e+01    11.2077      2.552      3.701    14.0505 0.0000e+00
      2.586     -0.128     1.0828      4.160     51.276  40.906551     4.6054      8.016   240.7308 2.0907e+01    12.0541      2.528      3.666    14.3800 0.0000e+00
      2.578     -0.093     0.8789      3.367     51.143  40.924817     4.3037      8.024   240.4742 2.0909e+01    12.3861      2.525      3.663    14.6249 0.0000e+00
      2.579     -0.076     0.6933      3.025     51.061  40.877701     4.2450      8.032   240.1984 2.0857e+01    12.2842      2.528      3.667    14.6843 0.0000e+00
      2.580     -0.083     0.5372      3.057     50.995  40.844627     4.2706      8.039   239.9779 2.0953e+01    12.4622      2.534      3.675    14.7098 0.0000e+00
      2.570     -0.105     0.4032      3.329     50.915  40.905737     4.5881      8.044   239.8736 2.1496e+01    14.4359      2.530      3.669    14.8798 0.0000e+00
      2.533     -0.126     0.3230      3.714     50.835  40.982052     5.1211      8.049   239.7972 2.2647e+01    17.8722      2.496      3.619    15.0795 0.0000e+00
      2.472     -0.141     0.2912      4.160     50.793  41.005932     5.3791      8.054   239.6566 2.4082e+01    19.6460      2.424      3.515    15.0201 0.0000e+00
      2.412     -0.154     0.2994      4.595     50.721  40.940666     5.3693      8.059   239.4638 2.5073e+01    19.5209      2.354      3.413    14.9783 0.0000e+00
      2.376     -0.166     0.3325      4.937     50.560  40.827582     5.4685      8.063   239.2728 2.5418e+01    17.8621      2.322      3.368    15.1678 0.0000e+00
      2.360     -0.176     0.3685      5.179     50.367  40.781061     5.6967      8.068   238.9825 2.5898e+01    14.9613      2.318      3.363    15.3450 0.0000e+00
      2.334     -0.181     0.4162      5.341     50.122  40.759113     5.8225      8.071   238.6200 2.7235e+01    13.3801      2.300      3.336    15.3894 0.0000e+00
      2.280     -0.187     0.4641      5.431     49.799  40.689372     5.8331      8.074   238.4185 2.9412e+01    13.0565      2.244      3.254    15.3460 0.0000e+00
      2.207     -0.198     0.4979      5.487     49.482  40.636188     5.9243      8.077   238.2669 3.1822e+01    11.6645      2.162      3.135    15.3281 0.0000e+00
      2.138     -0.209     0.5191      5.539     49.205  40.624063     6.1185      8.080   237.9910 3.3533e+01     9.3929      2.085      3.023    15.4544 0.0000e+00
      2.091     -0.212     0.5342      5.574     48.959  40.606503     6.2503      8.084   237.6640 3.4558e+01     8.3074      2.047      2.968    15.6604 0.0000e+00
      2.053     -0.207     0.5389      5.591     48.714  40.551025     6.2770      8.089   237.1533 3.5916e+01     8.2751      2.021      2.931    15.8437 0.0000e+00
      2.005     -0.202     0.5402      5.612     48.342  40.397722     6.2340      8.094   236.2898 3.7873e+01     8.0113      1.971      2.859    16.0481 0.0000e+00
      1.947     -0.202     0.5442      5.660     47.919  40.276268     6.1462      8.099   235.3110 3.9893e+01     7.5098      1.907      2.767    16.2922 0.0000e+00
      1.892     -0.204     0.5453      5.749     47.678  40.352127     6.1143      8.104   234.4388 4.1783e+01     7.3010      1.854      2.689    16.4846 0.0000e+00
      1.840     -0.202     0.5444      5.914     47.525  40.426789     6.1474      8.112   233.5734 4.3801e+01     7.4330      1.809      2.623    16.6188 0.0000e+00
