Data/DataNotYetUploadedToEDI/Raw_CTD/RawDownloads/081125_fcr40_S7809011.cnv
* Sea-Bird SBE19plus  Data File:
* FileName = C:\R\Reservoirs\Data\DataNotYetUploadedToEDI\Raw_CTD\RawDownloads\080425_fcr50_S7809_0011.hex
* Software version 2.8.0.119
* Temperature SN = 7809
* Conductivity SN = 7809
* System UpLoad Time = Aug 11 2025 16:43:08
* <ApplicationData>
* <Seaterm232>
# nquan = 15
# nvalues = 1064                        
# units = specified
# name 0 = depFM: Depth [fresh water, m]
# name 1 = dz/dtM: Descent Rate [m/s]
# name 2 = sbeox0Mg/L: Oxygen, SBE 43 [mg/l]
# name 3 = sbeox0PS: Oxygen, SBE 43 [% saturation]
# name 4 = specc: Specific Conductance [uS/cm]
# name 5 = c0uS/cm: Conductivity [uS/cm]
# name 6 = flECO-AFL: Fluorescence, WET Labs ECO-AFL/FL [mg/m^3]
# name 7 = ph: pH
# name 8 = orp: Oxidation Reduction Potential [mV]
# name 9 = par/sat/log: PAR/Logarithmic, Satlantic
# name 10 = turbWETntu0: Turbidity, WET Labs ECO [NTU]
# name 11 = prdM: Pressure, Strain Gauge [db]
# name 12 = prdE: Pressure, Strain Gauge [psi]
# name 13 = tv290C: Temperature [ITS-90, deg C]
# name 14 = flag:  0.000e+00
# span 0 =     -0.584,      5.820       
# span 1 =     -0.342,      0.226       
# span 2 =     0.0309,     9.2651       
# span 3 =      0.318,    108.375       
# span 4 =   -436.421,     55.814       
# span 5 =-399.468452,  43.132856       
# span 6 =    -0.1051,    25.7538       
# span 7 =      7.940,      9.138       
# span 8 =   178.9531,   249.6581       
# span 9 = 1.2359e-01, 5.9446e+02       
# span 10 =    -0.0056,   363.7134      
# span 11 =     -0.573,      5.707      
# span 12 =     -0.831,      8.278      
# span 13 =    11.8805,    23.6575      
# span 14 = 0.0000e+00, 0.0000e+00      
# interval = seconds: 0.25
# start_time = Aug 11 2025 12:50:21 [Instrument's time stamp, header]
# bad_flag = -9.990e-29
*END*
[from data line 579]
      3.254      0.063     0.0543      1.004     50.238  42.391167     8.7195      8.326   222.6128 1.0477e+01     7.4621      3.190      4.628    17.7067 0.0000e+00
      3.274      0.065     0.0573      1.004     50.522  42.521247     8.4145      8.325   222.7627 1.0157e+01     7.5203      3.210      4.656    17.5663 0.0000e+00
      3.293      0.064     0.0717      0.943     50.837  42.693896     8.3698      8.323   222.7735 9.8613e+00     7.4535      3.229      4.684    17.4151 0.0000e+00
      3.311      0.060     0.0912      0.838     51.029  42.764791     8.4033      8.321   222.8292 9.5946e+00     7.4064      3.247      4.710    17.3026 0.0000e+00
      3.326      0.054     0.1003      0.729     51.125  42.743603     8.5376      8.319   223.0061 9.3627e+00     7.5319      3.262      4.731    17.1852 0.0000e+00
      3.338      0.047     0.0981      0.620     51.178  42.691468     8.6366      8.318   223.1061 9.1801e+00     7.7404      3.275      4.750    17.0696 0.0000e+00
      3.348      0.042     0.0936      0.505     51.210  42.642101     8.6431      8.315   223.1774 9.0374e+00     7.8093      3.283      4.763    16.9849 0.0000e+00
      3.356      0.038     0.0805      0.429     51.232  42.590922     8.4751      8.313   223.2669 8.8683e+00     7.7158      3.290      4.772    16.9083 0.0000e+00
      3.364      0.034     0.0703      0.413     51.298  42.580354     8.1615      8.313   223.2405 8.6743e+00     7.5676      3.299      4.785    16.7969 0.0000e+00
      3.374      0.029     0.0618      0.425     51.424  42.641186     8.0131      8.312   223.2891 8.4922e+00     7.5876      3.308      4.799    16.6927 0.0000e+00
      3.384      0.023     0.0473      0.444     51.503  42.691667     8.0376      8.309   223.5106 8.3427e+00     7.7536      3.319      4.815    16.6309 0.0000e+00
      3.391      0.016     0.0392      0.471     51.405  42.619448     8.0592      8.306   223.6814 8.2394e+00     7.7637      3.326      4.824    16.5648 0.0000e+00
      3.393      0.007     0.0397      0.504     51.179  42.466190     8.0657      8.303   223.8049 8.2050e+00     7.5723      3.328      4.828    16.4902 0.0000e+00
      3.393      0.001     0.0418      0.549     50.991  42.362001     8.0499      8.301   223.9717 8.2462e+00     7.3530      3.329      4.827    16.4445 0.0000e+00
      3.389      0.001     0.0425      0.584     50.871  42.311858     8.0179      8.300   224.0632 8.3154e+00     7.2987      3.324      4.821    16.4363 0.0000e+00
      3.384      0.006     0.0466      0.584     50.888  42.367739     7.7208      8.299   224.1368 8.3735e+00     7.5645      3.319      4.813    16.4408 0.0000e+00
      3.381      0.017     0.0481      0.581     51.140  42.593413     7.1462      8.297   224.3459 8.3280e+00     7.9705      3.313      4.804    16.4760 0.0000e+00
      3.386      0.030     0.0535      0.615     51.564  42.882437     6.8126      8.296   224.5263 8.1128e+00     8.1433      3.317      4.810    16.5404 0.0000e+00
      3.398      0.042     0.0593      0.665     51.990  43.069437     6.7498      8.295   224.5977 7.8099e+00     8.0824      3.332      4.832    16.5844 0.0000e+00
      3.416      0.050     0.0569      0.702     52.260  43.076958     6.7043      8.294   224.6067 7.4305e+00     8.0879      3.348      4.856    16.6279 0.0000e+00
      3.436      0.052     0.0547      0.734     52.355  42.973107     6.3287      8.292   224.6348 7.0059e+00     8.3467      3.370      4.888    16.6688 0.0000e+00
      3.454      0.048     0.0589      0.747     52.377  42.892603     5.6131      8.290   224.7650 6.7209e+00     8.6493      3.391      4.918    16.6226 0.0000e+00
      3.465      0.040     0.0668      0.737     52.368  42.865149     5.2012      8.288   224.8910 6.5869e+00     8.6720      3.399      4.931    16.4359 0.0000e+00
      3.470      0.033     0.0683      0.703     52.453  42.958514     5.1262      8.286   224.9533 6.5055e+00     8.5186      3.404      4.937    16.1952 0.0000e+00
      3.474      0.033     0.0735      0.638     52.644  43.132856     5.0398      8.285   225.0883 6.4452e+00     8.4687      3.407      4.942    16.0037 0.0000e+00
      3.477      0.041     0.0749      0.587     52.475  42.941977     4.9225      8.284   225.3181 6.3941e+00     8.5137      3.409      4.946    15.9139 0.0000e+00
      3.482      0.057     0.0729      0.572     51.861  42.300841     4.8565      8.282   225.4095 6.2512e+00     8.5151      3.412      4.949    15.9090 0.0000e+00
      3.496      0.078     0.0719      0.570     51.309  41.664489     4.7908      8.278   225.4188 5.8735e+00     8.4169      3.424      4.965    15.9421 0.0000e+00
      3.521      0.095     0.0617      0.573     51.159  41.340867     4.3202      8.271   225.6890 5.3524e+00     8.2826      3.452      5.007    15.9937 0.0000e+00
      3.554      0.104     0.0563      0.591     51.354  41.307294     3.5352      8.263   226.0092 4.7428e+00     8.2924      3.483      5.051    15.9482 0.0000e+00
      3.593      0.101     0.0565      0.598     51.718  41.448744     3.1485      8.255   226.0212 4.0312e+00     8.4331      3.521      5.107    15.7882 0.0000e+00
      3.631      0.087     0.0570      0.585     52.170  41.718098     3.1238      8.248   226.0054 3.5365e+00     8.5148      3.568      5.176    15.6030 0.0000e+00
      3.653      0.065     0.0560      0.570     52.506  41.961681     3.0701      8.242   226.1631 3.3945e+00     8.4606      3.590      5.206    15.3999 0.0000e+00
      3.660      0.040     0.0598      0.542     52.646  42.108938     2.9903      8.236   226.2927 3.3627e+00     8.3239      3.590      5.208    15.1984 0.0000e+00
      3.660      0.019     0.0621      0.509     52.711  42.229206     2.9750      8.231   226.2825 3.3957e+00     8.2974      3.592      5.208    15.0501 0.0000e+00
      3.657      0.005     0.0578      0.479     52.666  42.273437     3.0093      8.229   226.2109 3.5007e+00     8.4478      3.587      5.202    14.9557 0.0000e+00
      3.653      0.003     0.0589      0.445     52.406  42.136066     3.0885      8.227   226.2010 3.5820e+00     8.5368      3.582      5.195    14.9317 0.0000e+00
      3.650      0.009     0.0547      0.422     52.004  41.837763     3.2093      8.226   226.2494 3.5654e+00     8.4163      3.577      5.188    14.9822 0.0000e+00
      3.651      0.019     0.0508      0.428     51.752  41.586353     3.2552      8.225   226.2802 3.4178e+00     8.2548      3.578      5.189    15.0487 0.0000e+00
      3.659      0.030     0.0488      0.452     51.785  41.508078     3.2602      8.225   226.3148 3.1981e+00     8.2928      3.587      5.202    15.1303 0.0000e+00
      3.671      0.042     0.0443      0.471     51.864  41.462442     3.2781      8.224   226.4103 2.9664e+00     8.4649      3.600      5.222    15.2151 0.0000e+00
      3.686      0.053     0.0411      0.487     51.926  41.415244     3.1466      8.223   226.5746 2.7473e+00     8.6963      3.615      5.243    15.2502 0.0000e+00
      3.700      0.063     0.0421      0.507     52.114  41.445051     2.8607      8.221   226.8383 2.5437e+00     8.9733      3.628      5.262    15.1992 0.0000e+00
      3.714      0.070     0.0465      0.522     52.312  41.441890     2.6756      8.220   227.1890 2.3326e+00     9.0471      3.641      5.281    15.0704 0.0000e+00
      3.733      0.072     0.0473      0.528     52.448  41.376830     2.6478      8.218   227.5464 2.1171e+00     9.0411      3.659      5.307    14.9580 0.0000e+00
      3.756      0.070     0.0490      0.522     52.528  41.292909     2.5419      8.216   227.8897 1.9171e+00     9.2769      3.683      5.342    14.8869 0.0000e+00
      3.781      0.065     0.0519      0.505     52.457  41.125188     2.2943      8.214   228.2414 1.7573e+00     9.6781      3.710      5.380    14.7800 0.0000e+00
      3.799      0.058     0.0532      0.495     52.411  40.998964     2.1255      8.211   228.6153 1.6786e+00     9.9299      3.731      5.411    14.6099 0.0000e+00
      3.809      0.049     0.0541      0.481     52.478  40.972530     2.0748      8.207   228.8829 1.6606e+00     9.9291      3.737      5.420    14.4323 0.0000e+00
      3.814      0.041     0.0547      0.459     52.338  40.805486     2.0634      8.204   228.9824 1.6060e+00    10.1130      3.736      5.420    14.2878 0.0000e+00
      3.824      0.038     0.0507      0.444     52.092  40.565856     2.0797      8.200   229.1298 1.5352e+00    10.5141      3.751      5.440    14.1881 0.0000e+00
      3.832      0.038     0.0514      0.438     52.070  40.486869     2.0877      8.198   229.2883 1.5162e+00    10.7129      3.761      5.455    14.1109 0.0000e+00
      3.838      0.041     0.0505      0.442     52.162  40.485064     2.0612      8.196   229.2645 1.4711e+00    10.7747      3.759      5.452    14.0254 0.0000e+00
      3.851      0.046     0.0461      0.442     52.406  40.607406     1.9672      8.195   229.1869 1.3723e+00    11.1591      3.774      5.474    13.9723 0.0000e+00
      3.868      0.052     0.0465      0.438     53.088  41.077476     1.8583      8.194   229.2098 1.3007e+00    11.8767      3.797      5.507    13.9429 0.0000e+00
      3.880      0.060     0.0438      0.442     54.087  41.789310     1.8259      8.194   229.2830 1.2612e+00    12.2094      3.806      5.520    13.8805 0.0000e+00
      3.891      0.065     0.0467      0.440     55.077  42.486329     1.8340      8.192   229.3845 1.1917e+00    12.2095      3.812      5.530    13.7978 0.0000e+00
      3.910      0.067     0.0461      0.431     55.715  42.903990     1.8068      8.189   229.5761 1.0965e+00    12.6982      3.833      5.558    13.7368 0.0000e+00
      3.933      0.066     0.0443      0.416     55.814  42.903842     1.7460      8.187   229.7931 1.0200e+00    13.5749      3.860      5.598    13.6874 0.0000e+00
      3.953      0.062     0.0468      0.405     55.690  42.738355     1.7237      8.186   229.9430 9.6744e-01    14.0646      3.878      5.625    13.6310 0.0000e+00
      3.969      0.055     0.0455      0.407     55.604  42.616810     1.7536      8.184   230.0123 9.1626e-01    14.1101      3.892      5.645    13.5695 0.0000e+00
      3.983      0.045     0.0452      0.405     55.517  42.513228     1.7579      8.182   230.0285 8.7408e-01    14.0563      3.909      5.669    13.5007 0.0000e+00
      3.992      0.035     0.0437      0.397     55.443  42.438001     1.7254      8.180   230.1381 8.7211e-01    14.2339      3.917      5.681    13.4301 0.0000e+00
      3.995      0.027     0.0411      0.406     55.335  42.341951     1.7094      8.177   230.4766 8.8181e-01    14.7210      3.917      5.682    13.3630 0.0000e+00
      3.998      0.021     0.0430      0.420     55.222  42.240483     1.7237      8.175   230.8529 8.6713e-01    15.0951      3.922      5.688    13.3120 0.0000e+00
      4.003      0.016     0.0434      0.416     55.215  42.226703     1.7486      8.175   231.0744 8.4288e-01    15.2386      3.924      5.691    13.2782 0.0000e+00
      4.010      0.012     0.0400      0.396     55.225  42.238796     1.7360      8.174   231.2607 8.2760e-01    15.0556      3.933      5.704    13.2664 0.0000e+00
      4.014      0.009     0.0426      0.385     55.225  42.259751     1.6713      8.171   231.4711 8.2289e-01    14.5901      3.940      5.714    13.2608 0.0000e+00
      4.014      0.007     0.0447      0.377     55.232  42.289690     1.6229      8.168   231.6406 8.2961e-01    14.3248      3.936      5.708    13.2385 0.0000e+00
      4.013      0.007     0.0449      0.342     55.375  42.410397     1.6339      8.165   231.7613 8.3308e-01    14.4090      3.935      5.708    13.2322 0.0000e+00
      4.013      0.011     0.0409      0.318     55.597  42.576710     1.7126      8.163   231.8115 8.2488e-01    14.5830      3.936      5.707    13.2333 0.0000e+00
      4.014      0.018     0.0394      0.336     55.652  42.586805     1.8256      8.163   231.8169 8.2587e-01    14.6870      3.935      5.709    13.2539 0.0000e+00
      4.016      0.028     0.0418      0.373     55.669  42.532426     1.8770      8.163   231.9131 8.2336e-01    14.7450      3.937      5.710    13.2894 0.0000e+00
      4.025      0.038     0.0351      0.406     55.630  42.426929     1.8762      8.162   232.0286 7.9226e-01    14.7373      3.942      5.717    13.2928 0.0000e+00
      4.042      0.048     0.0309      0.418     55.493  42.263235     2.0991      8.160   232.0946 7.5073e-01    15.1748      3.964      5.749    13.2954 0.0000e+00
      4.058      0.053     0.0351      0.415     55.381  42.139956     2.5404      8.158   232.2804 7.1478e-01    16.0726      3.983      5.776    13.2741 0.0000e+00
      4.072      0.053     0.0389      0.407     55.247  42.015351     2.7758      8.155   232.4685 6.7589e-01    16.5739      3.991      5.789    13.2002 0.0000e+00
      4.087      0.049     0.0437      0.382     55.032  41.835628     2.7731      8.153   232.4760 6.4804e-01    16.6926      4.009      5.814    13.1222 0.0000e+00
      4.101      0.044     0.0448      0.363     54.258  41.236343     2.7659      8.152   232.4568 6.4423e-01    17.0980      4.025      5.838    13.0692 0.0000e+00
      4.110      0.044     0.0428      0.360     52.946  40.227651     2.8229      8.150   232.4948 6.4638e-01    17.8891      4.032      5.848    13.0386 0.0000e+00
      4.115      0.048     0.0448      0.347     52.155  39.603908     2.8871      8.148   232.5914 6.4410e-01    18.2991      4.036      5.853    13.0193 0.0000e+00
      4.121      0.050     0.0395      0.336     52.023  39.470114     2.9011      8.146   232.7642 6.2325e-01    18.2290      4.036      5.854    13.0050 0.0000e+00
      4.136      0.055     0.0367      0.351     51.853  39.308027     2.8676      8.145   232.8635 5.8487e-01    18.1684      4.050      5.873    12.9964 0.0000e+00
      4.160      0.062     0.0395      0.425     51.539  39.040261     2.7150      8.143   232.8461 5.6488e-01    18.0104      4.085      5.924    12.9907 0.0000e+00
      4.179      0.066     0.0362      0.570     51.392  38.897948     2.5038      8.141   232.8973 5.6009e-01    17.7537      4.103      5.951    12.9702 0.0000e+00
      4.191      0.065     0.0347      0.788     51.472  38.920008     2.4284      8.140   233.0526 5.4339e-01    17.5924      4.105      5.953    12.9313 0.0000e+00
      4.209      0.057     0.0346      1.101     51.618  38.989633     2.4199      8.137   233.1749 5.1902e-01    17.4939      4.126      5.984    12.8975 0.0000e+00
      4.230      0.047     0.0423      1.571     51.728  39.041649     2.3762      8.135   233.1724 5.0481e-01    17.3829      4.153      6.024    12.8723 0.0000e+00
      4.241      0.043     0.0578      2.267     51.576  38.914277     2.3575      8.134   233.1938 4.9936e-01    17.3097      4.161      6.035    12.8436 0.0000e+00
      4.244      0.044     0.0801      3.146     51.240  38.655331     2.3840      8.133   233.3479 4.8481e-01    17.3257      4.163      6.036    12.8060 0.0000e+00
      4.247      0.044     0.1117      4.086     51.157  38.576114     2.4227      8.131   233.4866 4.7122e-01    17.3374      4.165      6.040    12.7618 0.0000e+00
      4.255      0.042     0.1563      5.006     51.292  38.654520     2.3922      8.130   233.5800 4.5691e-01    17.1437      4.167      6.044    12.7255 0.0000e+00
      4.274      0.042     0.2332      5.937     51.397  38.714856     2.2986      8.128   233.6165 4.3314e-01    16.8277      4.190      6.077    12.7174 0.0000e+00
      4.296      0.044     0.3316      6.989     51.442  38.734466     2.2479      8.127   233.5839 4.2213e-01    16.6940      4.219      6.120    12.7250 0.0000e+00
      4.306      0.047     0.4354      8.248     51.418  38.701236     2.2536      8.126   233.6165 4.2584e-01    16.7576      4.225      6.128    12.7036 0.0000e+00
