Data/DataNotYetUploadedToEDI/Raw_CTD/RawDownloads/081125_fcr20_S7809009.cnv
* Sea-Bird SBE19plus  Data File:
* FileName = C:\R\Reservoirs\Data\DataNotYetUploadedToEDI\Raw_CTD\RawDownloads\080425_fcr50_S7809_0009.hex
* Software version 2.8.0.119
* Temperature SN = 7809
* Conductivity SN = 7809
* System UpLoad Time = Aug 11 2025 16:42:10
* <ApplicationData>
* <Seaterm232>
# nquan = 15
# nvalues = 1345                        
# units = specified
# name 0 = depFM: Depth [fresh water, m]
# name 1 = dz/dtM: Descent Rate [m/s]
# name 2 = sbeox0Mg/L: Oxygen, SBE 43 [mg/l]
# name 3 = sbeox0PS: Oxygen, SBE 43 [% saturation]
# name 4 = specc: Specific Conductance [uS/cm]
# name 5 = c0uS/cm: Conductivity [uS/cm]
# name 6 = flECO-AFL: Fluorescence, WET Labs ECO-AFL/FL [mg/m^3]
# name 7 = ph: pH
# name 8 = orp: Oxidation Reduction Potential [mV]
# name 9 = par/sat/log: PAR/Logarithmic, Satlantic
# name 10 = turbWETntu0: Turbidity, WET Labs ECO [NTU]
# name 11 = prdM: Pressure, Strain Gauge [db]
# name 12 = prdE: Pressure, Strain Gauge [psi]
# name 13 = tv290C: Temperature [ITS-90, deg C]
# name 14 = flag:  0.000e+00
# span 0 =     -0.586,      3.619       
# span 1 =     -0.493,      0.331       
# span 2 =    -0.0160,     9.0541       
# span 3 =     -0.141,    105.953       
# span 4 =      1.652,    346.684       
# span 5 =   1.568526, 275.580312       
# span 6 =    -0.0882,    19.9501       
# span 7 =      8.238,      9.231       
# span 8 =  -105.4327,   327.8698       
# span 9 = 1.2362e-01, 5.0071e+02       
# span 10 =     0.1120,   150.6271      
# span 11 =     -0.577,      3.550      
# span 12 =     -0.836,      5.148      
# span 13 =    14.7309,    23.5207      
# span 14 = 0.0000e+00, 0.0000e+00      
# interval = seconds: 0.25
# start_time = Aug 11 2025 12:22:09 [Instrument's time stamp, header]
# bad_flag = -9.990e-29
*END*
[from data line 1061]
      3.555      0.003     0.0252      0.240     82.901  66.496706    -0.0104      8.293   142.3471 3.7505e-01     4.1394      3.486      5.056    15.1124 0.0000e+00
      3.556      0.003     0.0235      0.244     83.545  67.015657     0.0560      8.293   142.3510 3.6470e-01     6.1756      3.487      5.057    15.1077 0.0000e+00
      3.558      0.003     0.0188      0.254     83.532  67.010933     0.1362      8.293   142.4479 3.4696e-01     9.6966      3.489      5.060    15.1045 0.0000e+00
      3.559      0.004     0.0229      0.260     82.890  66.503130     0.1519      8.293   142.4861 3.3718e-01    11.5286      3.490      5.061    15.1017 0.0000e+00
      3.559      0.004     0.0253      0.254     82.435  66.150359     0.1128      8.293   142.3829 3.3748e-01    11.6213      3.490      5.062    15.1014 0.0000e+00
      3.560      0.005     0.0237      0.259     83.008  66.622027     0.0964      8.294   142.2328 3.2812e-01    12.1838      3.491      5.063    15.1032 0.0000e+00
      3.561      0.005     0.0256      0.271     84.339  67.694072     0.2537      8.295   142.0477 2.9171e-01    18.8428      3.491      5.063    15.1069 0.0000e+00
      3.562      0.005     0.0276      0.269     85.110  68.308887     0.5572      8.296   141.7792 2.6355e-01    30.9203      3.493      5.067    15.1108 0.0000e+00
      3.564      0.005     0.0244      0.256     84.749  68.018362     0.7290      8.296   141.5672 2.6728e-01    37.4924      3.495      5.070    15.1177 0.0000e+00
      3.566      0.005     0.0257      0.247     83.914  67.358986     0.7662      8.294   141.3776 2.7784e-01    39.4152      3.497      5.072    15.1287 0.0000e+00
      3.567      0.004     0.0281      0.244     83.137  66.755138     1.0062      8.294   141.1218 2.7613e-01    54.6124      3.498      5.074    15.1314 0.0000e+00
      3.568      0.003     0.0272      0.231     82.635  66.373221     1.4503      8.294   140.9700 2.5698e-01    82.2465      3.499      5.075    15.1251 0.0000e+00
      3.568      0.002     0.0256      0.209     82.765  66.490615     1.6995      8.294   140.8327 2.3551e-01    97.1863      3.499      5.075    15.1228 0.0000e+00
      3.568      0.002     0.0242      0.209     83.285  66.903583     1.7979      8.294   140.5792 2.2551e-01    97.4496      3.499      5.075    15.1304 0.0000e+00
      3.569      0.001     0.0249      0.232     83.654  67.172198     2.4569      8.294   140.4005 2.2971e-01    85.2934      3.500      5.076    15.1436 0.0000e+00
      3.569      0.001     0.0243      0.257     83.967  67.387098     3.5998      8.295   140.3066 2.3516e-01    62.6593      3.501      5.077    15.1578 0.0000e+00
      3.569      0.001     0.0195      0.283     84.429  67.722464     4.1975      8.295   140.1329 2.3387e-01    50.1563      3.500      5.077    15.1691 0.0000e+00
      3.570      0.001     0.0198      0.305     84.961  68.113034     4.2153      8.295   139.9352 2.3600e-01    48.3160      3.501      5.078    15.1676 0.0000e+00
      3.570      0.001     0.0237      0.313     85.075  68.169170     3.8978      8.295   139.8089 2.3973e-01    41.2287      3.501      5.078    15.1473 0.0000e+00
      3.570      0.001     0.0255      0.308     84.365  67.574977     3.3303      8.296   139.7239 2.3943e-01    28.4791      3.501      5.078    15.1220 0.0000e+00
      3.570      0.001     0.0288      0.291     83.305  66.711801     3.0376      8.296   139.5956 2.4121e-01    21.5078      3.501      5.078    15.1031 0.0000e+00
      3.571      0.001     0.0311      0.266     82.653  66.184687     3.0142      8.296   139.3768 2.4308e-01    20.8514      3.502      5.078    15.0820 0.0000e+00
      3.571      0.001     0.0323      0.246     82.607  66.158471     3.0062      8.296   139.1428 2.3065e-01    20.9186      3.503      5.080    15.0580 0.0000e+00
      3.571      0.002     0.0312      0.233     82.939  66.458371     2.9986      8.296   138.9176 2.2029e-01    21.1590      3.502      5.080    15.0427 0.0000e+00
      3.572      0.002     0.0298      0.229     83.252  66.760534     2.9967      8.296   138.7185 2.2517e-01    21.2644      3.503      5.080    15.0361 0.0000e+00
      3.573      0.002     0.0264      0.247     83.825  67.270066     3.0166      8.295   138.5423 2.2663e-01    21.3733      3.503      5.081    15.0315 0.0000e+00
      3.573      0.002     0.0245      0.270     85.308  68.488340     3.0485      8.294   138.4224 2.1958e-01    22.0322      3.504      5.082    15.0351 0.0000e+00
      3.574      0.002     0.0235      0.267     86.864  69.733280     3.0662      8.294   138.3874 2.1093e-01    23.0481      3.505      5.084    15.0565 0.0000e+00
      3.574      0.002     0.0218      0.251     88.006  70.628473     3.0562      8.295   138.2914 1.9981e-01    23.5446      3.505      5.083    15.0917 0.0000e+00
      3.575      0.002     0.0245      0.239     88.784  71.239915     3.0271      8.295   138.1223 1.9259e-01    23.5261      3.506      5.084    15.1260 0.0000e+00
      3.576      0.002     0.0285      0.223     88.358  70.897086     3.0059      8.295   137.8911 1.9525e-01    23.5416      3.506      5.086    15.1469 0.0000e+00
      3.576      0.002     0.0275      0.211     86.975  69.788675     3.0400      8.296   137.5606 1.9616e-01    24.4155      3.507      5.087    15.1404 0.0000e+00
      3.577      0.002     0.0243      0.210     86.104  69.088198     3.1401      8.299   137.3966 1.8711e-01    26.0304      3.508      5.088    15.1197 0.0000e+00
      3.577      0.002     0.0249      0.207     87.477  70.181617     3.2176      8.302   137.3698 1.7205e-01    26.8761      3.508      5.088    15.1134 0.0000e+00
      3.578      0.002     0.0220      0.216     90.328  72.457961     3.2370      8.304   137.1511 1.6731e-01    27.0566      3.509      5.089    15.1156 0.0000e+00
      3.578      0.002     0.0205      0.240     91.528  73.410942     3.2238      8.306   136.9892 1.7237e-01    28.0421      3.509      5.090    15.1164 0.0000e+00
      3.579      0.002     0.0218      0.249     90.863  72.868659     3.1911      8.309   137.0471 1.6721e-01    29.7398      3.509      5.090    15.1173 0.0000e+00
      3.579      0.002     0.0204      0.243     89.712  71.940284     3.1749      8.312   136.9901 1.6923e-01    30.6752      3.510      5.091    15.1118 0.0000e+00
      3.580      0.002     0.0204      0.240     88.333  70.830954     3.1863      8.317   136.8160 1.8873e-01    30.7432      3.511      5.092    15.1037 0.0000e+00
      3.581      0.002     0.0253      0.231     88.108  70.642854     3.2048      8.321   136.6629 1.8797e-01    29.8106      3.511      5.093    15.0992 0.0000e+00
      3.581      0.003     0.0259      0.224     91.032  72.971299     3.2067      8.324   136.4299 1.6798e-01    27.9399      3.511      5.093    15.0936 0.0000e+00
      3.582      0.003     0.0236      0.247     95.675  76.670808     3.2015      8.328   136.2364 1.6068e-01    26.8441      3.512      5.094    15.0909 0.0000e+00
      3.582      0.003     0.0247      0.282     99.097  79.390894     3.1831      8.332   136.2169 1.6317e-01    26.6376      3.513      5.095    15.0912 0.0000e+00
      3.583      0.003     0.0235      0.291     99.536  79.727874     3.1336      8.335   136.1925 1.5782e-01    26.5357      3.514      5.097    15.0865 0.0000e+00
      3.584      0.003     0.0210      0.289     96.610  77.373920     3.0936      8.338   136.0274 1.4580e-01    26.4671      3.515      5.098    15.0778 0.0000e+00
      3.584      0.002     0.0238      0.290     93.700  75.028059     3.0915      8.341   135.7701 1.4261e-01    26.3891      3.515      5.098    15.0654 0.0000e+00
      3.585      0.002     0.0307      0.279     93.715  75.017079     3.1085      8.345   135.4908 1.4271e-01    26.3093      3.516      5.099    15.0514 0.0000e+00
      3.586      0.002     0.0294      0.265     95.724  76.605035     3.1074      8.348   135.3178 1.3880e-01    25.1606      3.516      5.100    15.0449 0.0000e+00
      3.586      0.003     0.0282      0.259     97.735  78.206450     3.0698      8.352   135.3126 1.3818e-01    22.8503      3.516      5.100    15.0422 0.0000e+00
      3.587      0.003     0.0306      0.258     99.273  79.438385     3.0198      8.357   135.2558 1.4181e-01    21.4675      3.517      5.103    15.0344 0.0000e+00
      3.588      0.003     0.0279      0.268    100.669  80.563369     2.9946      8.362   135.1468 1.4196e-01    21.2854      3.519      5.104    15.0203 0.0000e+00
      3.589      0.003     0.0261      0.277    100.954  80.807466     3.0140      8.367   135.2003 1.3646e-01    21.3995      3.518      5.103    15.0075 0.0000e+00
      3.590      0.003     0.0268      0.278     99.328  79.527967     3.0715      8.372   135.4715 1.3123e-01    21.6523      3.520      5.105    15.0044 0.0000e+00
      3.590      0.003     0.0248      0.283     99.536  79.718392     3.1235      8.378   135.9310 1.2675e-01    21.8139      3.521      5.107    15.0056 0.0000e+00
      3.591      0.002     0.0275      0.290    102.011  81.708967     3.1445      8.383   136.1096 1.2407e-01    21.8164      3.521      5.107    15.0092 0.0000e+00
      3.591      0.002     0.0282      0.285    108.154  86.616151     3.1338      8.387   135.1364 1.2376e-01    21.7173      3.522      5.108    15.0171 0.0000e+00
      3.592      0.002     0.0277      0.268    123.436  98.837784     3.1595      8.390   132.5954 1.2381e-01    21.4343      3.522      5.109    15.0279 0.0000e+00
      3.592      0.002     0.0285      0.258    133.698 107.036254     3.2554      8.393   128.7044 1.2485e-01    21.0250      3.523      5.109    15.0452 0.0000e+00
      3.592      0.002     0.0295      0.252    126.155 100.970352     3.3036      8.396   123.6239 1.2574e-01    20.7993      3.522      5.109    15.0507 0.0000e+00
      3.593      0.002     0.0297      0.242    112.773  90.235971     3.3099      8.401   117.7146 1.2483e-01    20.7556      3.523      5.111    15.0382 0.0000e+00
      3.594      0.002     0.0261      0.224    104.641  83.727306     3.4224      8.405   111.6331 1.2387e-01    20.4968      3.524      5.111    15.0326 0.0000e+00
      3.594      0.003     0.0259      0.205    100.646  80.551280     3.6065      8.408   105.5012 1.2382e-01    19.9932      3.524      5.112    15.0285 0.0000e+00
      3.595      0.003     0.0255      0.188     98.429  78.800397     3.6971      8.412    99.2427 1.2383e-01    19.6876      3.525      5.113    15.0129 0.0000e+00
      3.596      0.003     0.0249      0.185    104.423  83.605194     3.7101      8.417    93.1779 1.2379e-01    19.6029      3.527      5.115    14.9996 0.0000e+00
      3.597      0.002     0.0223      0.205    114.458  91.623911     3.6725      8.421    87.4957 1.2377e-01    19.4814      3.527      5.116    14.9990 0.0000e+00
      3.597      0.002     0.0207      0.217    110.867  88.730097     3.5663      8.425    82.2484 1.2379e-01    19.3119      3.527      5.116    15.0128 0.0000e+00
      3.597      0.002     0.0187      0.202     98.611  78.907974     3.4828      8.429    77.4853 1.2383e-01    19.1924      3.528      5.117    15.0300 0.0000e+00
      3.598      0.002     0.0170      0.194     91.300  73.049264     3.4711      8.431    72.7536 1.2383e-01    19.2331      3.529      5.118    15.0329 0.0000e+00
      3.598      0.002     0.0210      0.218     89.121  71.305767     3.4408      8.435    67.7991 1.2382e-01    19.3255      3.529      5.118    15.0225 0.0000e+00
      3.599      0.002     0.0240      0.249     90.610  72.511587     3.3332      8.439    62.9240 1.2379e-01    19.2837      3.530      5.120    15.0101 0.0000e+00
      3.600      0.002     0.0197      0.274     92.323  73.897950     3.2362      8.442    58.2919 1.2374e-01    19.1040      3.530      5.120    15.0050 0.0000e+00
      3.600      0.002     0.0178      0.283     91.525  73.256781     3.1993      8.445    53.8661 1.2379e-01    18.9295      3.530      5.120    15.0005 0.0000e+00
      3.600      0.002     0.0222      0.275     90.310  72.260916     3.1537      8.447    49.7642 1.2384e-01    18.5749      3.530      5.120    14.9972 0.0000e+00
      3.600      0.001     0.0252      0.262     89.425  71.519812     3.0593      8.450    46.2094 1.2385e-01    18.0274      3.531      5.121    15.0089 0.0000e+00
      3.601      0.001     0.0283      0.261     89.415  71.478852     2.9987      8.453    43.0630 1.2385e-01    17.7749      3.532      5.122    15.0223 0.0000e+00
      3.601      0.001     0.0292      0.266     90.526  72.337667     3.0202      8.457    40.1142 1.2384e-01    17.7421      3.532      5.123    15.0211 0.0000e+00
      3.601      0.001     0.0280      0.263     91.860  73.386007     3.0696      8.461    37.2279 1.2387e-01    17.6304      3.532      5.123    15.0049 0.0000e+00
      3.601      0.001     0.0259      0.257     92.055  73.538126     3.0714      8.465    33.9769 1.2388e-01    17.3808      3.532      5.122    14.9846 0.0000e+00
      3.602      0.001     0.0256      0.253     90.063  71.951188     3.0253      8.468    30.3187 1.2386e-01    17.1492      3.533      5.123    14.9664 0.0000e+00
      3.602      0.001     0.0277      0.253     89.874  71.806561     2.9948      8.472    26.3799 1.2382e-01    17.0852      3.533      5.123    14.9483 0.0000e+00
      3.602      0.001     0.0263      0.254     94.935  75.858132     3.0027      8.475    21.8879 1.2378e-01    17.2564      3.533      5.123    14.9369 0.0000e+00
      3.603      0.001     0.0260      0.280    107.192  85.654506     3.0205      8.477    17.0464 1.2379e-01    17.6133      3.533      5.124    14.9375 0.0000e+00
      3.603      0.002     0.0252      0.328    123.721  98.851637     3.0277      8.479    12.3243 1.2380e-01    17.8141      3.533      5.124    14.9417 0.0000e+00
      3.603      0.003     0.0261      0.346    128.391 102.563649     3.0481      8.483     7.8991 1.2379e-01    17.8390      3.533      5.124    14.9442 0.0000e+00
      3.604      0.003     0.0249      0.334    119.777  95.659070     3.0508      8.486     3.8938 1.2382e-01    17.7442      3.534      5.126    14.9501 0.0000e+00
      3.605      0.003     0.0259      0.299    111.328  88.886534     3.0012      8.491     0.3770 1.2385e-01    17.3166      3.536      5.128    14.9531 0.0000e+00
      3.607      0.003     0.0359      0.250    106.027  84.634929     2.9648      8.495    -3.1312 1.2382e-01    16.7338      3.537      5.131    14.9473 0.0000e+00
      3.608      0.003     0.0354      0.231    105.647  84.327359     2.9685      8.500    -6.8614 1.2381e-01    16.4359      3.539      5.132    14.9389 0.0000e+00
      3.608      0.003     0.0342      0.235    105.021  83.838284     2.9546      8.504   -10.3086 1.2383e-01    16.3795      3.539      5.132    14.9291 0.0000e+00
      3.608      0.003     0.0319      0.217     99.062  79.102764     2.8629      8.508   -13.5789 1.2381e-01    15.9839      3.539      5.133    14.9160 0.0000e+00
      3.609      0.002     0.0232      0.207     94.942  75.845913     2.7420      8.513   -16.8908 1.2379e-01    15.2394      3.539      5.132    14.9055 0.0000e+00
      3.610      0.002     0.0217      0.233     98.348  78.607132     2.7085      8.518   -20.0675 1.2379e-01    14.8587      3.540      5.134    14.9032 0.0000e+00
      3.611      0.002     0.0261      0.272    108.006  86.352632     2.7243      8.523   -23.1644 1.2382e-01    14.7971      3.541      5.136    14.9104 0.0000e+00
      3.611      0.002     0.0213      0.300    115.100  92.028034     2.7073      8.529   -26.1140 1.2386e-01    14.4947      3.542      5.137    14.9212 0.0000e+00
      3.611      0.002     0.0184      0.287    111.427  89.086316     2.6698      8.534   -28.5425 1.2383e-01    13.9689      3.542      5.137    14.9373 0.0000e+00
