Data/DataNotYetUploadedToEDI/Raw_CTD/RawDownloads/081125_fcr10_S7809007.cnv
* Sea-Bird SBE19plus  Data File:
* FileName = C:\R\Reservoirs\Data\DataNotYetUploadedToEDI\Raw_CTD\RawDownloads\080425_fcr50_S7809_0007.hex
* Software version 2.8.0.119
* Temperature SN = 7809
* Conductivity SN = 7809
* System UpLoad Time = Aug 11 2025 16:41:18
* <ApplicationData>
* <Seaterm232>
# nquan = 15
# nvalues = 1128                        
# units = specified
# name 0 = depFM: Depth [fresh water, m]
# name 1 = dz/dtM: Descent Rate [m/s]
# name 2 = sbeox0Mg/L: Oxygen, SBE 43 [mg/l]
# name 3 = sbeox0PS: Oxygen, SBE 43 [% saturation]
# name 4 = specc: Specific Conductance [uS/cm]
# name 5 = c0uS/cm: Conductivity [uS/cm]
# name 6 = flECO-AFL: Fluorescence, WET Labs ECO-AFL/FL [mg/m^3]
# name 7 = ph: pH
# name 8 = orp: Oxidation Reduction Potential [mV]
# name 9 = par/sat/log: PAR/Logarithmic, Satlantic
# name 10 = turbWETntu0: Turbidity, WET Labs ECO [NTU]
# name 11 = prdM: Pressure, Strain Gauge [db]
# name 12 = prdE: Pressure, Strain Gauge [psi]
# name 13 = tv290C: Temperature [ITS-90, deg C]
# name 14 = flag:  0.000e+00
# span 0 =     -0.586,      2.153       
# span 1 =     -0.278,      0.175       
# span 2 =     4.6372,     7.7244       
# span 3 =     53.705,     88.971       
# span 4 =      2.278,     36.668       
# span 5 =   2.113950,  34.360460       
# span 6 =    -0.0975,    62.8887       
# span 7 =      6.914,      8.744       
# span 8 =   165.8933,   293.8152       
# span 9 = 1.0916e+01, 2.8755e+02       
# span 10 =     1.3977,    93.4081      
# span 11 =     -0.575,      2.111      
# span 12 =     -0.835,      3.062      
# span 13 =    21.3844,    22.7556      
# span 14 = 0.0000e+00, 0.0000e+00      
# interval = seconds: 0.25
# start_time = Aug 11 2025 12:10:15 [Instrument's time stamp, header]
# bad_flag = -9.990e-29
*END*
[from data line 1061]
     -0.586 2.2883e-30     5.0189     57.411     33.065  31.561186    -0.0301      8.670   198.7045 2.4369e+02     4.6810     -0.575     -0.834    22.7183 0.0000e+00
     -0.586 2.0803e-31     5.0006     57.215     33.025  31.523654     0.0042      8.671   199.2784 2.4155e+02     4.5605     -0.574     -0.833    22.7189 0.0000e+00
     -0.585 1.8912e-32     4.9817     57.007     32.996  31.496597     0.0060      8.671   199.8549 2.3977e+02     4.4282     -0.574     -0.833    22.7196 0.0000e+00
     -0.585 1.7192e-33     4.9651     56.781     32.986  31.487785    -0.0250      8.670   200.3408 2.3604e+02     3.7992     -0.574     -0.833    22.7205 0.0000e+00
     -0.585 1.5629e-34     4.9517     56.548     32.978  31.480552    -0.0460      8.670   200.5078 2.2886e+02     2.8986     -0.574     -0.833    22.7212 0.0000e+00
     -0.585 1.4209e-35     4.9328     56.319     32.969  31.472572    -0.0315      8.670   200.6694 2.1895e+02     2.5230     -0.574     -0.833    22.7219 0.0000e+00
     -0.585 1.2917e-36     4.9164     56.079     32.950  31.454745     0.0086      8.670   201.1758 2.0879e+02     2.5027     -0.574     -0.833    22.7226 0.0000e+00
     -0.585 1.1743e-37     4.8961     55.841     32.950  31.455311     0.0152      8.670   201.8978 1.9965e+02     2.3462     -0.575     -0.834    22.7234 0.0000e+00
     -0.585 1.0675e-38     4.8746     55.615     32.975  31.479417    -0.0020      8.670   202.6027 1.9199e+02     2.2018     -0.574     -0.832    22.7240 0.0000e+00
     -0.585 9.7053e-40     4.8570     55.399     32.988  31.492472     0.0167      8.671   203.1595 1.8722e+02     2.2253     -0.574     -0.832    22.7250 0.0000e+00
     -0.585 8.8601e-41     4.8343     55.198     32.981  31.486284     0.0334      8.672   203.6398 1.8519e+02     2.2885     -0.574     -0.832    22.7257 0.0000e+00
     -0.585 1.2153e-41     4.8140     55.002     32.961  31.468039     0.0001      8.672   204.1081 1.8448e+02     2.2152     -0.574     -0.833    22.7262 0.0000e+00
     -0.585 4.6184e-41     4.7947     54.815     32.955  31.462179    -0.0527      8.672   204.6052 1.8427e+02     2.0223     -0.573     -0.832    22.7268 0.0000e+00
     -0.585 5.0007e-40     4.7755     54.645     32.972  31.478856    -0.0640      8.672   205.2632 1.8404e+02     1.9369     -0.574     -0.833    22.7274 0.0000e+00
     -0.585 5.5001e-39     4.7590     54.468     32.972  31.479375    -0.0366      8.672   205.9537 1.8370e+02     2.0034     -0.573     -0.832    22.7280 0.0000e+00
     -0.585 6.0501e-38     4.7417     54.284     32.960  31.468455    -0.0377      8.671   206.5881 1.8313e+02     2.0059     -0.574     -0.833    22.7287 0.0000e+00
     -0.585 6.6551e-37     4.7245     54.115     32.965  31.473702    -0.0686      8.671   207.2545 1.8227e+02     1.8989     -0.574     -0.833    22.7293 0.0000e+00
     -0.585 7.3206e-36     4.7115     53.965     32.971  31.479373    -0.0863      8.672   207.7306 1.8170e+02     1.8374     -0.574     -0.833    22.7300 0.0000e+00
     -0.585 8.0527e-35     4.6963     53.949     32.965  31.473588    -0.0769      8.672   208.0422 1.8167e+02     1.9105     -0.574     -0.833    22.7310 0.0000e+00
     -0.585 8.8579e-34     4.6784     54.461     32.958  31.467196    -0.0633      8.672   208.3551 1.8202e+02     1.9630     -0.574     -0.832    22.7315 0.0000e+00
     -0.585 9.7437e-33     4.6653     55.939     32.956  31.465521    -0.0795      8.672   208.5026 1.8267e+02     1.8576     -0.574     -0.833    22.7320 0.0000e+00
     -0.585 1.0718e-31     4.6505     58.372     32.943  31.453345    -0.0899      8.672   208.7066 1.8318e+02     1.7975     -0.574     -0.833    22.7326 0.0000e+00
     -0.585 1.1790e-30     4.6372     61.468     32.935  31.446850    -0.0805      8.672   209.2737 1.8328e+02     1.8512     -0.574     -0.833    22.7329 0.0000e+00
     -0.585 1.2969e-29     4.6601     64.913     32.939  31.450424    -0.0736      8.672   209.8524 1.8317e+02     1.8925     -0.574     -0.833    22.7333 0.0000e+00
     -0.586 1.4266e-28     4.7920     68.298     32.920  31.433113    -0.0743      8.672   210.1973 1.8298e+02     1.9201     -0.574     -0.833    22.7336 0.0000e+00
     -0.586 1.5692e-27     5.0139     71.258     32.915  31.427856    -0.0891      8.672   210.6043 1.8293e+02     1.8785     -0.574     -0.833    22.7338 0.0000e+00
     -0.585 1.7262e-26     5.2855     73.521     32.938  31.450299    -0.0932      8.673   211.1605 1.8299e+02     1.8674     -0.574     -0.833    22.7344 0.0000e+00
     -0.585 1.8988e-25     5.5992     74.922     32.938  31.450723    -0.0743      8.673   211.7593 1.8293e+02     1.9566     -0.574     -0.833    22.7351 0.0000e+00
     -0.585 2.0887e-24     5.9001     75.446     32.919  31.432988    -0.0519      8.673   212.5099 1.8286e+02     2.0005     -0.574     -0.833    22.7357 0.0000e+00
     -0.585 2.2975e-23     6.1640     75.219     32.911  31.426171    -0.0552      8.673   213.4394 1.8273e+02     1.9535     -0.574     -0.832    22.7361 0.0000e+00
     -0.585 2.5273e-22     6.3645     74.485     32.916  31.431739    -0.0813      8.674   214.3075 1.8248e+02     1.8679     -0.574     -0.833    22.7367 0.0000e+00
     -0.585 2.7800e-21     6.4850     73.479     32.921  31.436872    -0.0849      8.674   214.9185 1.8225e+02     1.8869     -0.574     -0.833    22.7375 0.0000e+00
     -0.585 3.0580e-20     6.5270     72.365     32.908  31.424799    -0.0572      8.674   215.4058 1.8212e+02     2.0126     -0.574     -0.832    22.7381 0.0000e+00
     -0.585 3.3638e-19     6.4983     71.254     32.895  31.412641    -0.0537      8.674   215.8117 1.8215e+02     2.0219     -0.573     -0.832    22.7388 0.0000e+00
     -0.585 3.7002e-18     6.4277     70.191     32.899  31.416744    -0.0846      8.674   216.0412 1.8230e+02     1.8959     -0.574     -0.832    22.7394 0.0000e+00
     -0.585 4.0702e-17     6.3365     69.205     32.892  31.410978    -0.0975      8.675   216.2871 1.8237e+02     1.8224     -0.574     -0.833    22.7400 0.0000e+00
     -0.585 4.4772e-16     6.2364     68.346     32.887  31.406354    -0.0764      8.675   216.7196 1.8205e+02     1.8839     -0.574     -0.833    22.7408 0.0000e+00
     -0.585 4.9249e-15     6.1399     67.608     32.906  31.424279    -0.0464      8.675   217.2268 1.8150e+02     2.0244     -0.574     -0.833    22.7415 0.0000e+00
     -0.585 5.4174e-14     6.0482     66.917     32.919  31.437389    -0.0511      8.676   217.4301 1.8094e+02     2.0526     -0.574     -0.833    22.7420 0.0000e+00
     -0.585 5.9592e-13     5.9603     66.265     32.919  31.438004    -0.0836      8.676   217.4561 1.8053e+02     1.9524     -0.574     -0.833    22.7427 0.0000e+00
     -0.585 6.5551e-12     5.8860     65.690     32.912  31.431707    -0.0971      8.676   217.9719 1.8042e+02     1.9395     -0.574     -0.832    22.7433 0.0000e+00
     -0.585 7.2106e-11     5.8266     65.171     32.904  31.424692    -0.0654      8.676   218.8483 1.8050e+02     2.0326     -0.574     -0.833    22.7439 0.0000e+00
     -0.585 7.9316e-10     5.7670     64.699     32.895  31.416619    -0.0080      8.676   219.4487 1.8054e+02     2.0543     -0.574     -0.833    22.7447 0.0000e+00
     -0.586 8.7248e-09     5.7072     64.257     32.875  31.397541     0.0063      8.676   219.7245 1.8034e+02     1.9630     -0.575     -0.834    22.7452 0.0000e+00
     -0.586 9.5973e-08     5.6609     63.855     32.860  31.384324    -0.0171      8.676   220.1184 1.7985e+02     1.8850     -0.574     -0.833    22.7458 0.0000e+00
     -0.586 1.7595e-07     5.6145     63.500     32.860  31.383690    -0.0174      8.677   220.4249 1.7938e+02     1.8970     -0.574     -0.833    22.7466 0.0000e+00
     -0.586 9.5975e-08     5.5751     63.115     32.866  31.389871     0.0036      8.678   220.4198 1.7938e+02     1.9713     -0.574     -0.833    22.7471 0.0000e+00
     -0.586 8.7250e-09     5.5375     62.732     32.871  31.395628     0.0198      8.679   220.7453 1.7996e+02     1.9970     -0.575     -0.834    22.7477 0.0000e+00
     -0.585 7.9320e-10     5.4991     62.453     32.864  31.389862     0.0208      8.679   221.4339 1.8075e+02     1.9348     -0.574     -0.833    22.7483 0.0000e+00
     -0.585 7.2110e-11     5.4757     62.323     32.857  31.383586     0.0155      8.678   221.8632 1.8136e+02     1.9368     -0.574     -0.833    22.7490 0.0000e+00
     -0.585 6.5550e-12     5.4393     62.324     32.857  31.383191     0.0225      8.677   222.0641 1.8168e+02     2.0551     -0.574     -0.833    22.7498 0.0000e+00
     -0.585 5.9603e-13     5.4018     62.367     32.859  31.385084     0.0136      8.678   222.4869 1.8166e+02     2.0667     -0.574     -0.833    22.7502 0.0000e+00
     -0.585 5.5078e-14     5.3777     62.408     32.881  31.406470    -0.0083      8.678   222.9309 1.8141e+02     1.9402     -0.574     -0.833    22.7509 0.0000e+00
     -0.585 1.4862e-14     5.3654     62.461     32.927  31.451462    -0.0179      8.678   223.2161 1.8107e+02     1.8928     -0.574     -0.833    22.7515 0.0000e+00
     -0.585 1.0976e-13     5.3705     62.490     32.962  31.485024    -0.0186      8.677   223.9564 1.8074e+02     1.9723     -0.574     -0.833    22.7518 0.0000e+00
     -0.585 1.2025e-12     5.3752     62.454     32.973  31.495094    -0.0010      8.677   224.6551 1.8056e+02     2.0806     -0.574     -0.833    22.7524 0.0000e+00
     -0.585 1.3227e-11     5.3766     62.361     32.988  31.509778     0.0033      8.678   224.6948 1.8056e+02     2.0748     -0.574     -0.833    22.7531 0.0000e+00
     -0.586 1.4549e-10     5.3829     62.202     33.014  31.535693    -0.0164      8.678   225.1245 1.8072e+02     2.0728     -0.574     -0.833    22.7533 0.0000e+00
     -0.586 1.6004e-09     5.3878     61.975     33.034  31.554688    -0.0305      8.678   226.0648 1.8266e+02     2.1591     -0.574     -0.833    22.7535 0.0000e+00
     -0.586 1.7605e-08     5.3826     61.715     33.029  31.549130    -0.0270      8.678   226.7714 1.8958e+02     2.1959     -0.574     -0.832    22.7539 0.0000e+00
     -0.586 1.9365e-07     5.3758     61.439     33.011  31.531934    -0.0062      8.678   227.3010 2.0058e+02     2.2448     -0.575     -0.833    22.7540 0.0000e+00
     -0.585 3.6958e-07     5.3630     61.202     33.016  31.537088    -0.0037      8.677   228.7682 2.0975e+02     2.2381     -0.574     -0.832    22.7542 0.0000e+00
     -0.585 3.8413e-07     5.3406     61.106     33.027  31.548008    -0.0138      8.677   229.9712 2.1240e+02     2.1839     -0.574     -0.833    22.7544 0.0000e+00
     -0.586 -9.990e-29     5.3189 -9.990e-29 -9.990e-29 -9.990e-29 -9.990e-29 -9.990e-29 -9.990e-29 2.0805e+02 -9.990e-29     -0.575     -0.834    22.7547 0.0000e+00
     -0.586 -9.990e-29     5.2938 -9.990e-29 -9.990e-29 -9.990e-29 -9.990e-29 -9.990e-29 -9.990e-29 2.0014e+02 -9.990e-29     -0.574     -0.833    22.7549 0.0000e+00
     -0.585 -9.990e-29     5.2688 -9.990e-29 -9.990e-29 -9.990e-29 -9.990e-29 -9.990e-29 -9.990e-29 1.9310e+02 -9.990e-29     -0.574     -0.833    22.7553 0.0000e+00
     -0.585 -9.990e-29     5.2590 -9.990e-29 -9.990e-29 -9.990e-29 -9.990e-29 -9.990e-29 -9.990e-29 1.9026e+02 -9.990e-29     -0.574     -0.833    22.7556 0.0000e+00
