Data/DataNotYetUploadedToEDI/Raw_CTD/RawDownloads/081125_fcr20_S7809009.cnv
* Sea-Bird SBE19plus  Data File:
* FileName = C:\R\Reservoirs\Data\DataNotYetUploadedToEDI\Raw_CTD\RawDownloads\080425_fcr50_S7809_0009.hex
* Software version 2.8.0.119
* Temperature SN = 7809
* Conductivity SN = 7809
* System UpLoad Time = Aug 11 2025 16:42:10
* <ApplicationData>
* <Seaterm232>
# nquan = 15
# nvalues = 1345                        
# units = specified
# name 0 = depFM: Depth [fresh water, m]
# name 1 = dz/dtM: Descent Rate [m/s]
# name 2 = sbeox0Mg/L: Oxygen, SBE 43 [mg/l]
# name 3 = sbeox0PS: Oxygen, SBE 43 [% saturation]
# name 4 = specc: Specific Conductance [uS/cm]
# name 5 = c0uS/cm: Conductivity [uS/cm]
# name 6 = flECO-AFL: Fluorescence, WET Labs ECO-AFL/FL [mg/m^3]
# name 7 = ph: pH
# name 8 = orp: Oxidation Reduction Potential [mV]
# name 9 = par/sat/log: PAR/Logarithmic, Satlantic
# name 10 = turbWETntu0: Turbidity, WET Labs ECO [NTU]
# name 11 = prdM: Pressure, Strain Gauge [db]
# name 12 = prdE: Pressure, Strain Gauge [psi]
# name 13 = tv290C: Temperature [ITS-90, deg C]
# name 14 = flag:  0.000e+00
# span 0 =     -0.586,      3.619       
# span 1 =     -0.493,      0.331       
# span 2 =    -0.0160,     9.0541       
# span 3 =     -0.141,    105.953       
# span 4 =      1.652,    346.684       
# span 5 =   1.568526, 275.580312       
# span 6 =    -0.0882,    19.9501       
# span 7 =      8.238,      9.231       
# span 8 =  -105.4327,   327.8698       
# span 9 = 1.2362e-01, 5.0071e+02       
# span 10 =     0.1120,   150.6271      
# span 11 =     -0.577,      3.550      
# span 12 =     -0.836,      5.148      
# span 13 =    14.7309,    23.5207      
# span 14 = 0.0000e+00, 0.0000e+00      
# interval = seconds: 0.25
# start_time = Aug 11 2025 12:22:09 [Instrument's time stamp, header]
# bad_flag = -9.990e-29
*END*
[from data line 386]
      0.843      0.011     8.1198     95.304     36.753  35.497748     4.7348      9.035   200.0421 8.4016e+01     5.6483      0.827      1.199    23.2806 0.0000e+00
      0.846      0.011     8.1287     95.281     36.756  35.498995     4.7204      9.036   200.0504 8.3778e+01     5.7946      0.830      1.204    23.2827 0.0000e+00
      0.850      0.011     8.1316     95.259     36.747  35.488707     4.7342      9.035   200.1106 8.3617e+01     5.8759      0.833      1.209    23.2864 0.0000e+00
      0.852      0.011     8.1332     95.190     36.760  35.500244     4.7431      9.034   200.1683 8.3602e+01     5.8109      0.836      1.212    23.2886 0.0000e+00
      0.854      0.010     8.1294     95.094     36.775  35.511592     4.7612      9.034   200.1457 8.3637e+01     5.6580      0.838      1.215    23.2868 0.0000e+00
      0.857      0.010     8.1272     95.042     36.765  35.499007     4.7871      9.035   200.1802 8.3668e+01     5.6326      0.840      1.218    23.2844 0.0000e+00
      0.860      0.010     8.1290     95.044     36.743  35.474982     4.8231      9.035   200.2417 8.3693e+01     5.7432      0.843      1.223    23.2834 0.0000e+00
      0.862      0.010     8.1223     95.069     36.744  35.474887     4.8136      9.036   200.2008 8.3730e+01     5.7311      0.846      1.227    23.2812 0.0000e+00
      0.864      0.010     8.1112     95.073     36.769  35.497855     4.7556      9.036   200.2018 8.3780e+01     5.5890      0.848      1.230    23.2767 0.0000e+00
      0.867      0.010     8.1081     95.028     36.770  35.498895     4.7290      9.036   200.3407 8.3850e+01     5.5279      0.850      1.233    23.2715 0.0000e+00
      0.870      0.009     8.1098     94.958     36.760  35.487463     4.7502      9.037   200.4174 8.3955e+01     5.6416      0.853      1.238    23.2681 0.0000e+00
      0.874      0.008     8.1133     94.890     36.761  35.486528     4.7952      9.037   200.4401 8.4053e+01     5.7344      0.856      1.242    23.2671 0.0000e+00
      0.876      0.007     8.1155     94.865     36.764  35.487588     4.8167      9.037   200.5291 8.4168e+01     5.6593      0.860      1.247    23.2671 0.0000e+00
      0.877      0.007     8.1096     94.890     36.777  35.500269     4.7929      9.037   200.5483 8.4307e+01     5.5870      0.861      1.248    23.2661 0.0000e+00
      0.877      0.008     8.1044     94.931     36.791  35.512958     4.7735      9.038   200.4998 8.4494e+01     5.5778      0.860      1.247    23.2631 0.0000e+00
      0.877      0.009     8.0972     94.986     36.791  35.514112     4.8159      9.038   200.4591 8.4680e+01     5.5828      0.860      1.247    23.2595 0.0000e+00
      0.879      0.012     8.0942     95.043     36.790  35.514226     4.9060      9.038   200.3997 8.4682e+01     5.5448      0.861      1.250    23.2581 0.0000e+00
      0.883      0.016     8.0994     95.056     36.789  35.514340     4.9391      9.038   200.3842 8.4597e+01     5.4246      0.866      1.256    23.2581 0.0000e+00
      0.889      0.020     8.1016     95.041     36.790  35.515485     4.9078      9.037   200.4438 8.4527e+01     5.3592      0.872      1.264    23.2580 0.0000e+00
      0.895      0.021     8.1063     95.031     36.806  35.528070     4.8943      9.037   200.6038 8.4383e+01     5.3702      0.878      1.274    23.2583 0.0000e+00
      0.902      0.021     8.1137     95.015     36.823  35.539606     4.9757      9.038   200.8559 8.4231e+01     5.4541      0.885      1.284    23.2606 0.0000e+00
      0.908      0.018     8.1134     94.989     36.815  35.528061     5.1351      9.038   200.9108 8.4103e+01     5.6223      0.891      1.293    23.2640 0.0000e+00
      0.913      0.013     8.1096     94.943     36.802  35.515371     5.2057      9.038   200.7518 8.3957e+01     5.6962      0.896      1.300    23.2636 0.0000e+00
      0.917      0.008     8.1118     94.862     36.798  35.513072     5.1806      9.038   200.6540 8.3867e+01     5.6639      0.900      1.306    23.2586 0.0000e+00
      0.918      0.003     8.1105     94.754     36.781  35.500269     5.1728      9.038   200.6755 8.3922e+01     5.6415      0.902      1.308    23.2511 0.0000e+00
      0.917      0.000     8.1097     94.634     36.762  35.487475     5.1867      9.037   200.7528 8.4130e+01     5.6302      0.899      1.304    23.2451 0.0000e+00
      0.914     -0.002     8.1072     94.530     36.755  35.485281     5.1981      9.036   200.8149 8.4344e+01     5.5959      0.896      1.299    23.2447 0.0000e+00
      0.912     -0.002     8.0983     94.462     36.742  35.473755     5.1854      9.036   200.8234 8.4436e+01     5.4999      0.894      1.296    23.2482 0.0000e+00
      0.912     -0.001     8.0889     94.459     36.744  35.475002     5.2084      9.037   200.7702 8.4501e+01     5.4603      0.894      1.296    23.2532 0.0000e+00
      0.913      0.001     8.0757     94.535     36.771  35.500361     5.3189      9.039   200.7740 8.4633e+01     5.5610      0.895      1.298    23.2610 0.0000e+00
      0.913      0.004     8.0658     94.650     36.799  35.526572     5.4055      9.039   200.8695 8.4859e+01     5.6249      0.896      1.299    23.2688 0.0000e+00
      0.914      0.007     8.0589     94.775     36.812  35.538119     5.4143      9.038   200.8918 8.5104e+01     5.5830      0.896      1.299    23.2699 0.0000e+00
      0.915      0.009     8.0573     94.882     36.789  35.513081     5.3339      9.038   200.8709 8.5161e+01     5.4985      0.897      1.301    23.2665 0.0000e+00
      0.918      0.010     8.0666     94.922     36.754  35.477635     5.1906      9.038   200.8754 8.5088e+01     5.4575      0.901      1.306    23.2657 0.0000e+00
      0.922      0.011     8.0771     94.906     36.768  35.490231     5.1389      9.038   200.8609 8.5068e+01     5.5317      0.905      1.312    23.2664 0.0000e+00
      0.926      0.011     8.0879     94.876     36.818  35.538474     5.1661      9.038   200.8672 8.5041e+01     5.5412      0.908      1.317    23.2644 0.0000e+00
      0.928      0.012     8.1005     94.824     36.833  35.553347     5.1692      9.038   200.8656 8.4931e+01     5.4018      0.911      1.321    23.2605 0.0000e+00
      0.931      0.013     8.1042     94.765     36.823  35.543162     5.1692      9.039   200.8415 8.4738e+01     5.3156      0.913      1.324    23.2573 0.0000e+00
      0.933      0.016     8.0997     94.718     36.826  35.542228     5.1820      9.039   200.9205 8.4464e+01     5.3870      0.915      1.326    23.2556 0.0000e+00
      0.936      0.021     8.0996     94.696     36.831  35.542050     5.2084      9.039   200.9598 8.4078e+01     5.5473      0.917      1.330    23.2559 0.0000e+00
      0.941      0.026     8.0932     94.695     36.835  35.540996     5.2386      9.039   200.8862 8.3561e+01     5.5808      0.922      1.338    23.2577 0.0000e+00
      0.950      0.030     8.0878     94.667     36.828  35.529478     5.1803      9.039   200.8906 8.3043e+01     5.4843      0.931      1.350    23.2578 0.0000e+00
      0.961      0.033     8.0851     94.630     36.834  35.529679     5.0449      9.039   200.9278 8.2508e+01     5.4733      0.942      1.366    23.2518 0.0000e+00
      0.971      0.033     8.0823     94.602     36.853  35.543425     4.9739      9.039   200.9922 8.1934e+01     5.5846      0.953      1.383    23.2433 0.0000e+00
      0.981      0.032     8.0880     94.558     36.883  35.568780     4.9634      9.039   201.0660 8.1533e+01     5.7715      0.963      1.397    23.2381 0.0000e+00
      0.988      0.029     8.0835     94.483     36.967  35.645883     4.8676      9.040   201.0464 8.1292e+01     5.8191      0.970      1.406    23.2324 0.0000e+00
      0.993      0.026     8.0810     94.346     37.043  35.714276     4.6815      9.040   201.0124 8.1110e+01     5.6828      0.974      1.413    23.2243 0.0000e+00
      0.999      0.021     8.0816     94.127     37.032  35.697774     4.5691      9.039   200.9993 8.0899e+01     5.5926      0.979      1.420    23.2169 0.0000e+00
      1.005      0.017     8.0779     93.861     36.972  35.636700     4.5496      9.039   201.0598 8.0576e+01     5.6498      0.986      1.430    23.2117 0.0000e+00
      1.011      0.013     8.0739     93.601     36.946  35.610325     4.5617      9.038   201.1423 8.0302e+01     5.7937      0.992      1.439    23.2086 0.0000e+00
      1.014      0.010     8.0635     93.337     36.970  35.632660     4.5745      9.038   201.1361 8.0207e+01     5.7959      0.995      1.443    23.2024 0.0000e+00
      1.014      0.008     8.0458     93.078     36.992  35.652960     4.5546      9.038   201.1570 8.0179e+01     5.6759      0.995      1.443    23.1928 0.0000e+00
      1.014      0.005     8.0201     92.878     37.006  35.665416     4.5625      9.039   201.2230 8.0081e+01     5.6763      0.994      1.442    23.1873 0.0000e+00
      1.015      0.000     8.0002     92.724     36.996  35.656361     4.6864      9.039   201.2465 7.9889e+01     5.6973      0.994      1.442    23.1863 0.0000e+00
      1.016     -0.005     7.9782     92.593     36.944  35.606928     4.8703      9.037   201.1828 7.9673e+01     5.6226      0.996      1.445    23.1858 0.0000e+00
      1.017     -0.010     7.9519     92.508     36.909  35.575320     4.9473      9.037   201.1412 7.9640e+01     5.5240      0.999      1.450    23.1849 0.0000e+00
      1.014     -0.014     7.9372     92.498     36.922  35.591435     4.9176      9.037   201.2594 7.9914e+01     5.3940      0.997      1.447    23.1834 0.0000e+00
      1.008     -0.015     7.9252     92.567     36.938  35.611443     4.8949      9.037   201.3210 8.0344e+01     5.3828      0.988      1.433    23.1830 0.0000e+00
      0.999     -0.014     7.9124     92.696     36.951  35.626891     4.8970      9.037   201.1985 8.0777e+01     5.4911      0.979      1.419    23.1849 0.0000e+00
      0.992     -0.010     7.9035     92.836     36.976  35.651325     4.9013      9.036   201.1549 8.1095e+01     5.5419      0.972      1.409    23.1873 0.0000e+00
      0.990     -0.004     7.9023     92.951     36.979  35.653069     4.8806      9.036   201.2231 8.1202e+01     5.5182      0.969      1.405    23.1923 0.0000e+00
      0.992      0.003     7.9071     93.042     36.976  35.647979     4.8385      9.036   201.2494 8.1151e+01     5.4100      0.971      1.409    23.2000 0.0000e+00
      0.997      0.009     7.9194     93.090     36.982  35.653234     4.8170      9.036   201.3003 8.1083e+01     5.4633      0.978      1.419    23.2046 0.0000e+00
      1.002      0.012     7.9333     93.084     36.982  35.653144     4.8118      9.036   201.4093 8.1093e+01     5.7192      0.984      1.426    23.2045 0.0000e+00
      1.006      0.012     7.9416     93.040     36.977  35.646895     4.8081      9.036   201.4482 8.1074e+01     5.8393      0.988      1.432    23.2016 0.0000e+00
      1.009      0.011     7.9519     92.995     36.972  35.641130     4.7887      9.037   201.4260 8.0978e+01     5.7533      0.990      1.436    23.1983 0.0000e+00
      1.010      0.009     7.9562     92.973     36.978  35.646885     4.7602      9.037   201.4853 8.0892e+01     5.5683      0.990      1.436    23.1976 0.0000e+00
      1.011      0.007     7.9551     92.943     36.985  35.653026     4.7803      9.036   201.5629 8.0710e+01     5.4813      0.991      1.437    23.1973 0.0000e+00
      1.013      0.005     7.9505     92.887     36.984  35.651935     4.8314      9.036   201.5039 8.0448e+01     5.5543      0.993      1.440    23.1964 0.0000e+00
      1.015      0.005     7.9447     92.843     36.964  35.633692     4.8461      9.036   201.3734 8.0220e+01     5.5293      0.996      1.445    23.1956 0.0000e+00
      1.017      0.004     7.9455     92.849     36.950  35.622799     4.8830      9.036   201.3619 8.0025e+01     5.4521      0.997      1.447    23.1945 0.0000e+00
      1.017      0.004     7.9439     92.897     36.975  35.647131     4.9867      9.036   201.4521 7.9941e+01     5.5440      0.997      1.447    23.1930 0.0000e+00
      1.017      0.004     7.9373     92.950     37.003  35.674094     5.0681      9.036   201.5175 7.9991e+01     5.6831      0.997      1.446    23.1924 0.0000e+00
      1.017      0.005     7.9317     92.981     37.026  35.695006     5.1096      9.036   201.5492 8.0080e+01     5.7676      0.997      1.447    23.1949 0.0000e+00
      1.019      0.007     7.9322     92.989     37.044  35.709630     5.0799      9.036   201.5782 8.0147e+01     5.7116      0.999      1.449    23.1985 0.0000e+00
      1.022      0.008     7.9374     92.947     37.064  35.724018     4.9840      9.035   201.6098 8.0212e+01     5.5533      1.002      1.453    23.2003 0.0000e+00
      1.025      0.010     7.9430     92.826     37.089  35.742064     4.9322      9.035   201.6733 8.0316e+01     5.4597      1.005      1.457    23.2004 0.0000e+00
      1.028      0.011     7.9451     92.650     37.089  35.737459     4.9287      9.036   201.7441 8.0482e+01     5.4330      1.008      1.462    23.1991 0.0000e+00
      1.030      0.012     7.9475     92.459     37.086  35.731792     4.8913      9.037   201.7766 8.0601e+01     5.4359      1.010      1.465    23.1946 0.0000e+00
      1.033      0.012     7.9469     92.264     37.093  35.736984     4.7961      9.037   201.8082 8.0564e+01     5.3922      1.012      1.468    23.1870 0.0000e+00
      1.036      0.012     7.9363     92.069     37.093  35.736785     4.7355      9.037   201.7826 8.0471e+01     5.4167      1.015      1.473    23.1786 0.0000e+00
      1.040      0.012     7.9208     91.916     37.085  35.729383     4.7316      9.036   201.7243 8.0387e+01     5.4937      1.020      1.480    23.1720 0.0000e+00
      1.044      0.012     7.9044     91.835     37.065  35.710929     4.7324      9.035   201.7924 8.0299e+01     5.4349      1.025      1.485    23.1681 0.0000e+00
      1.046      0.011     7.8892     91.826     37.057  35.704018     4.7540      9.035   201.9176 8.0120e+01     5.3885      1.027      1.489    23.1662 0.0000e+00
      1.048      0.011     7.8704     91.872     37.061  35.709276     4.7849      9.035   201.8612 7.9850e+01     5.4797      1.028      1.491    23.1655 0.0000e+00
      1.051      0.010     7.8561     91.908     37.061  35.711055     4.7899      9.035   201.7125 7.9597e+01     5.6490      1.030      1.494    23.1658 0.0000e+00
      1.054      0.009     7.8499     91.885     37.076  35.725521     4.8059      9.035   201.7544 7.9377e+01     5.7960      1.033      1.499    23.1672 0.0000e+00
      1.056      0.009     7.8480     91.844     37.109  35.757291     4.8700      9.034   201.8516 7.9196e+01     5.8570      1.036      1.502    23.1688 0.0000e+00
      1.058      0.009     7.8546     91.821     37.131  35.777933     4.9323      9.033   201.8565 7.9117e+01     5.8059      1.038      1.506    23.1715 0.0000e+00
      1.061      0.009     7.8595     91.776     37.139  35.784756     4.9353      9.033   201.8990 7.9166e+01     5.6559      1.040      1.509    23.1744 0.0000e+00
      1.063      0.009     7.8555     91.730     37.131  35.776333     4.9063      9.033   201.9351 7.9245e+01     5.6136      1.042      1.512    23.1744 0.0000e+00
      1.065      0.009     7.8494     91.777     37.093  35.739542     4.8725      9.032   201.9487 7.9332e+01     5.7392      1.044      1.515    23.1730 0.0000e+00
      1.067      0.009     7.8513     91.914     37.074  35.720613     4.8261      9.031   202.0630 7.9394e+01     5.8437      1.047      1.518    23.1720 0.0000e+00
      1.070      0.008     7.8475     92.053     37.093  35.737816     4.7862      9.031   202.1987 7.9444e+01     5.8167      1.049      1.521    23.1711 0.0000e+00
      1.073      0.008     7.8375     92.122     37.113  35.757200     4.7651      9.030   202.2131 7.9549e+01     5.6866      1.051      1.526    23.1706 0.0000e+00
