Data/DataNotYetUploadedToEDI/Raw_CTD/RawDownloads/081125_fcr40_S7809011.cnv
* Sea-Bird SBE19plus  Data File:
* FileName = C:\R\Reservoirs\Data\DataNotYetUploadedToEDI\Raw_CTD\RawDownloads\080425_fcr50_S7809_0011.hex
* Software version 2.8.0.119
* Temperature SN = 7809
* Conductivity SN = 7809
* System UpLoad Time = Aug 11 2025 16:43:08
* <ApplicationData>
* <Seaterm232>
# nquan = 15
# nvalues = 1064                        
# units = specified
# name 0 = depFM: Depth [fresh water, m]
# name 1 = dz/dtM: Descent Rate [m/s]
# name 2 = sbeox0Mg/L: Oxygen, SBE 43 [mg/l]
# name 3 = sbeox0PS: Oxygen, SBE 43 [% saturation]
# name 4 = specc: Specific Conductance [uS/cm]
# name 5 = c0uS/cm: Conductivity [uS/cm]
# name 6 = flECO-AFL: Fluorescence, WET Labs ECO-AFL/FL [mg/m^3]
# name 7 = ph: pH
# name 8 = orp: Oxidation Reduction Potential [mV]
# name 9 = par/sat/log: PAR/Logarithmic, Satlantic
# name 10 = turbWETntu0: Turbidity, WET Labs ECO [NTU]
# name 11 = prdM: Pressure, Strain Gauge [db]
# name 12 = prdE: Pressure, Strain Gauge [psi]
# name 13 = tv290C: Temperature [ITS-90, deg C]
# name 14 = flag:  0.000e+00
# span 0 =     -0.584,      5.820       
# span 1 =     -0.342,      0.226       
# span 2 =     0.0309,     9.2651       
# span 3 =      0.318,    108.375       
# span 4 =   -436.421,     55.814       
# span 5 =-399.468452,  43.132856       
# span 6 =    -0.1051,    25.7538       
# span 7 =      7.940,      9.138       
# span 8 =   178.9531,   249.6581       
# span 9 = 1.2359e-01, 5.9446e+02       
# span 10 =    -0.0056,   363.7134      
# span 11 =     -0.573,      5.707      
# span 12 =     -0.831,      8.278      
# span 13 =    11.8805,    23.6575      
# span 14 = 0.0000e+00, 0.0000e+00      
# interval = seconds: 0.25
# start_time = Aug 11 2025 12:50:21 [Instrument's time stamp, header]
# bad_flag = -9.990e-29
*END*
[from data line 675]
      4.314      0.048     0.6251     11.104     51.289  38.575545     2.1350      8.124   233.9385 4.3934e-01    16.4120      4.228      6.132    12.6576 0.0000e+00
      4.327      0.047     0.7343     12.404     51.262  38.546142     2.0735      8.123   234.1440 4.1088e-01    16.1737      4.238      6.147    12.6461 0.0000e+00
      4.348      0.049     0.8667     13.574     51.259  38.528686     2.0644      8.123   234.2576 3.8623e-01    16.1506      4.266      6.187    12.6343 0.0000e+00
      4.368      0.052     1.0310     14.537     51.224  38.491392     2.0674      8.122   234.2806 3.8472e-01    16.1667      4.289      6.221    12.6105 0.0000e+00
      4.378      0.054     1.1874     15.286     51.115  38.412503     2.0599      8.121   234.3348 3.8163e-01    16.0273      4.294      6.229    12.6011 0.0000e+00
      4.384      0.050     1.3202     15.915     51.003  38.336369     2.0319      8.120   234.3968 3.6901e-01    15.7968      4.296      6.231    12.5991 0.0000e+00
      4.395      0.043     1.4530     16.470     50.917  38.268933     2.0276      8.119   234.4276 3.6147e-01    15.7708      4.306      6.245    12.5774 0.0000e+00
      4.413      0.037     1.5565     17.036     50.892  38.231728     2.0500      8.119   234.4492 3.5333e-01    15.8841      4.330      6.281    12.5612 0.0000e+00
      4.427      0.033     1.6284     17.742     50.892  38.203805     2.0606      8.118   234.4863 3.4703e-01    15.9374      4.346      6.304    12.5701 0.0000e+00
      4.432      0.030     1.6962     18.684     50.822  38.121661     2.0564      8.116   234.5326 3.4598e-01    15.9369      4.346      6.303    12.5838 0.0000e+00
      4.433      0.030     1.7517     19.945     50.788  38.063472     2.0329      8.114   234.5782 3.3762e-01    15.8436      4.348      6.306    12.5837 0.0000e+00
      4.435      0.033     1.8063     21.520     50.852  38.071341     2.0098      8.112   234.6078 3.2867e-01    15.7999      4.349      6.307    12.5627 0.0000e+00
      4.439      0.040     1.8810     23.290     50.926  38.089841     1.9762      8.111   234.6323 3.2564e-01    15.9556      4.349      6.308    12.5293 0.0000e+00
      4.452      0.047     1.9779     25.190     50.964  38.096733     1.9180      8.111   234.7025 3.2704e-01    16.1546      4.363      6.327    12.5029 0.0000e+00
      4.474      0.051     2.1126     27.236     50.970  38.091185     1.8891      8.110   234.7682 3.2534e-01    16.1897      4.387      6.363    12.4751 0.0000e+00
      4.495      0.051     2.2902     29.350     50.974  38.086213     1.8771      8.109   234.8238 3.0902e-01    16.0728      4.412      6.399    12.4291 0.0000e+00
      4.510      0.047     2.4844     31.319     51.002  38.100071     1.8808      8.106   234.9448 2.9489e-01    16.0055      4.425      6.418    12.3874 0.0000e+00
      4.517      0.038     2.6848     32.953     51.052  38.131813     1.9082      8.104   235.1123 2.9394e-01    16.0247      4.428      6.423    12.3695 0.0000e+00
      4.522      0.028     2.9067     34.166     51.083  38.152702     1.9257      8.103   235.2151 3.0037e-01    16.0314      4.434      6.430    12.3625 0.0000e+00
      4.527      0.023     3.1428     34.935     51.094  38.162256     1.9422      8.102   235.1552 3.1043e-01    15.9500      4.439      6.439    12.3561 0.0000e+00
      4.531      0.028     3.3622     35.341     51.123  38.183869     1.9000      8.101   235.0766 3.0773e-01    15.9283      4.444      6.446    12.3488 0.0000e+00
      4.534      0.040     3.5389     35.488     51.186  38.223648     1.8063      8.101   235.1241 2.9466e-01    16.1449      4.447      6.450    12.3410 0.0000e+00
      4.537      0.054     3.6711     35.376     51.265  38.262457     1.7756      8.101   235.2131 2.8214e-01    16.3838      4.447      6.449    12.3393 0.0000e+00
      4.550      0.065     3.7497     35.052     51.318  38.272326     1.7779      8.102   235.2929 2.6824e-01    16.4936      4.455      6.462    12.3433 0.0000e+00
      4.579      0.071     3.7852     34.680     51.369  38.279483     1.6593      8.102   235.4013 2.5868e-01    16.5845      4.487      6.508    12.3448 0.0000e+00
      4.613      0.070     3.8056     34.461     51.408  38.285489     1.4401      8.101   235.4905 2.5228e-01    16.6635      4.531      6.572    12.3392 0.0000e+00
      4.636      0.062     3.7938     34.589     51.413  38.281462     1.3407      8.099   235.5110 2.4050e-01    16.7650      4.552      6.601    12.3196 0.0000e+00
      4.647      0.047     3.7538     35.132     51.421  38.294251     1.3652      8.097   235.5635 2.3146e-01    16.9232      4.556      6.608    12.2878 0.0000e+00
      4.653      0.029     3.7107     35.997     51.421  38.313201     1.3782      8.094   235.6958 2.2826e-01    16.9362      4.565      6.619    12.2526 0.0000e+00
      4.654      0.014     3.6795     37.017     51.401  38.320231     1.3563      8.090   235.8198 2.3029e-01    16.7519      4.565      6.621    12.2282 0.0000e+00
      4.653      0.006     3.6914     38.011     51.376  38.315815     1.3098      8.088   235.7722 2.3635e-01    16.5734      4.563      6.618    12.2227 0.0000e+00
      4.652      0.005     3.7536     38.806     51.378  38.323278     1.2979      8.086   235.6353 2.3531e-01    16.5545      4.562      6.616    12.2297 0.0000e+00
      4.651      0.010     3.8510     39.274     51.403  38.347014     1.3453      8.084   235.6283 2.3222e-01    16.6600      4.560      6.614    12.2489 0.0000e+00
      4.652      0.020     3.9649     39.351     51.390  38.348974     1.4089      8.084   235.6873 2.3401e-01    16.6187      4.562      6.617    12.2765 0.0000e+00
      4.657      0.032     4.0765     39.054     51.370  38.346985     1.4584      8.083   235.7467 2.3096e-01    16.3633      4.565      6.620    12.2912 0.0000e+00
      4.667      0.046     4.1669     38.478     51.420  38.386448     1.4694      8.083   235.8293 2.1360e-01    16.2028      4.574      6.634    12.2910 0.0000e+00
      4.682      0.060     4.2185     37.708     51.533  38.445362     1.4755      8.083   235.9123 1.9664e-01    16.3168      4.591      6.660    12.2955 0.0000e+00
      4.700      0.070     4.2262     36.845     51.662  38.488142     1.4570      8.083   235.9758 1.9696e-01    16.6825      4.609      6.684    12.3077 0.0000e+00
      4.720      0.078     4.1868     36.050     51.792  38.522868     1.3630      8.083   235.9949 1.9934e-01    17.0034      4.627      6.711    12.3228 0.0000e+00
      4.745      0.087     4.1225     35.538     51.980  38.611323     1.2805      8.084   235.9717 1.8864e-01    17.0208      4.653      6.749    12.3337 0.0000e+00
      4.769      0.097     4.0386     35.515     52.200  38.732596     1.2495      8.084   236.0389 1.6990e-01    16.9953      4.680      6.788    12.3111 0.0000e+00
      4.788      0.103     3.9458     36.042     52.318  38.783376     1.1709      8.083   236.2055 1.5197e-01    17.5142      4.695      6.809    12.2483 0.0000e+00
      4.810      0.102     3.8584     37.010     52.356  38.781040     1.0381      8.083   236.3508 1.3881e-01    18.4442      4.709      6.830    12.1815 0.0000e+00
      4.846      0.095     3.7979     38.247     52.365  38.767778     0.9505      8.082   236.5052 1.3277e-01    18.8467      4.751      6.891    12.1337 0.0000e+00
      4.885      0.085     3.7962     39.595     52.350  38.749928     0.9109      8.080   236.6957 1.3321e-01    18.7595      4.800      6.962    12.0966 0.0000e+00
      4.908      0.074     3.8613     40.856     52.355  38.755583     0.8835      8.077   236.8473 1.3087e-01    18.6540      4.819      6.989    12.0602 0.0000e+00
      4.915      0.061     3.9765     41.843     52.374  38.772691     0.8771      8.075   236.9616 1.2582e-01    18.5960      4.820      6.990    12.0287 0.0000e+00
      4.920      0.047     4.1151     42.473     52.365  38.766402     0.8924      8.073   237.0443 1.2395e-01    18.6733      4.825      6.997    12.0101 0.0000e+00
      4.927      0.039     4.2694     42.754     52.340  38.743004     0.8853      8.072   237.0730 1.2374e-01    18.6993      4.830      7.006    12.0053 0.0000e+00
      4.938      0.039     4.4133     42.758     52.348  38.743628     0.8492      8.071   237.2231 1.2372e-01    18.6035      4.841      7.022    12.0082 0.0000e+00
      4.951      0.043     4.5211     42.598     52.400  38.773939     0.8474      8.070   237.4822 1.2372e-01    18.4724      4.858      7.046    12.0146 0.0000e+00
      4.961      0.043     4.5889     42.404     52.439  38.792184     0.8962      8.068   237.6257 1.2371e-01    18.3771      4.865      7.056    12.0149 0.0000e+00
      4.973      0.040     4.6167     42.275     52.423  38.773822     0.9490      8.066   237.6662 1.2369e-01    18.4422      4.873      7.067    12.0072 0.0000e+00
      4.989      0.034     4.6134     42.253     52.382  38.742311     0.9529      8.065   237.8001 1.2367e-01    18.4741      4.896      7.101    12.0035 0.0000e+00
      4.999      0.026     4.5914     42.358     52.354  38.728485     0.9259      8.062   238.0396 1.2371e-01    18.4551      4.906      7.116    11.9965 0.0000e+00
      5.002      0.020     4.5678     42.582     52.339  38.733581     0.9228      8.059   238.1539 1.2370e-01    18.5204      4.903      7.111    11.9835 0.0000e+00
      5.003      0.017     4.5536     42.825     52.321  38.740488     0.9484      8.058   238.1498 1.2369e-01    18.6141      4.908      7.118    11.9772 0.0000e+00
      5.003      0.020     4.5510     42.978     52.316  38.748558     0.9859      8.058   238.1613 1.2377e-01    18.7346      4.907      7.118    11.9754 0.0000e+00
      5.003      0.030     4.5605     43.031     52.350  38.767699     0.9689      8.058   238.2076 1.2377e-01    18.7130      4.904      7.113    11.9796 0.0000e+00
      5.007      0.043     4.5872     42.971     52.392  38.781538     0.8923      8.058   238.2791 1.2367e-01    18.5576      4.906      7.117    11.9981 0.0000e+00
      5.021      0.054     4.6182     42.813     52.428  38.788937     0.8508      8.057   238.4236 1.2365e-01    18.4946      4.920      7.136    12.0226 0.0000e+00
      5.045      0.060     4.6293     42.641     52.456  38.793673     0.8582      8.055   238.6648 1.2370e-01    18.5674      4.949      7.178    12.0368 0.0000e+00
      5.069      0.061     4.6386     42.512     52.444  38.775329     0.8808      8.054   238.7858 1.2373e-01    18.6859      4.975      7.215    12.0294 0.0000e+00
      5.087      0.058     4.6342     42.475     52.424  38.757513     0.8830      8.054   238.7682 1.2373e-01    18.6635      4.991      7.237    12.0077 0.0000e+00
      5.100      0.055     4.6143     42.589     52.438  38.768636     0.8609      8.054   238.8821 1.2370e-01    18.5361      5.004      7.257    11.9874 0.0000e+00
      5.105      0.054     4.5958     42.840     52.458  38.782898     0.8634      8.052   239.0436 1.2372e-01    18.5805      5.009      7.264    11.9726 0.0000e+00
      5.110      0.054     4.5820     43.125     52.493  38.803023     0.9045      8.050   239.0009 1.2377e-01    18.8925      5.007      7.263    11.9623 0.0000e+00
      5.124      0.056     4.5747     43.399     52.525  38.821580     0.9496      8.050   238.9674 1.2377e-01    19.2340      5.021      7.284    11.9607 0.0000e+00
      5.147      0.059     4.5858     43.654     52.523  38.816884     0.9507      8.050   239.1551 1.2373e-01    19.2934      5.050      7.324    11.9650 0.0000e+00
      5.169      0.058     4.6205     43.869     52.513  38.809700     0.9174      8.049   239.3777 1.2373e-01    19.1669      5.073      7.358    11.9640 0.0000e+00
      5.185      0.052     4.6517     44.015     52.496  38.798171     0.9307      8.048   239.5090 1.2378e-01    19.1048      5.085      7.375    11.9574 0.0000e+00
      5.197      0.043     4.6824     44.111     52.505  38.804413     0.9945      8.046   239.6237 1.2382e-01    19.0897      5.097      7.393    11.9512 0.0000e+00
      5.206      0.035     4.7106     44.189     52.530  38.821717     1.0310      8.045   239.7316 1.2381e-01    19.0863      5.110      7.410    11.9484 0.0000e+00
      5.209      0.032     4.7356     44.237     52.525  38.817012     1.0152      8.045   239.6954 1.2381e-01    18.9950      5.108      7.410    11.9497 0.0000e+00
      5.212      0.034     4.7506     44.268     52.517  38.810987     0.9772      8.044   239.6159 1.2382e-01    18.8056      5.108      7.408    11.9510 0.0000e+00
      5.219      0.038     4.7579     44.339     52.521  38.812321     0.9552      8.043   239.7164 1.2381e-01    18.8464      5.116      7.420    11.9503 0.0000e+00
      5.231      0.044     4.7690     44.440     52.553  38.833143     0.9569      8.042   239.8782 1.2381e-01    19.1121      5.128      7.436    11.9482 0.0000e+00
      5.246      0.051     4.7737     44.482     52.612  38.872355     0.9640      8.041   239.9378 1.2377e-01    19.2512      5.144      7.462    11.9475 0.0000e+00
      5.262      0.055     4.7736     44.452     52.663  38.905660     0.9495      8.040   240.0064 1.2376e-01    19.1625      5.162      7.487    11.9489 0.0000e+00
      5.277      0.054     4.7804     44.445     52.683  38.918512     0.9067      8.039   240.1921 1.2382e-01    19.0304      5.175      7.506    11.9478 0.0000e+00
      5.291      0.049     4.7981     44.489     52.658  38.900827     0.8794      8.038   240.2900 1.2385e-01    19.0198      5.188      7.525    11.9445 0.0000e+00
      5.306      0.041     4.8043     44.525     52.631  38.882221     0.8863      8.037   240.2432 1.2383e-01    18.9660      5.203      7.547    11.9399 0.0000e+00
      5.318      0.035     4.7946     44.530     52.632  38.883936     0.8977      8.037   240.3146 1.2382e-01    18.8919      5.217      7.568    11.9343 0.0000e+00
      5.323      0.033     4.7937     44.522     52.597  38.858094     0.8842      8.036   240.4652 1.2378e-01    18.9442      5.222      7.574    11.9326 0.0000e+00
      5.323      0.034     4.8018     44.513     52.550  38.823610     0.8479      8.036   240.5151 1.2376e-01    19.0187      5.220      7.571    11.9343 0.0000e+00
      5.327      0.036     4.8069     44.521     52.585  38.847762     0.8425      8.035   240.5746 1.2375e-01    19.1430      5.221      7.573    11.9357 0.0000e+00
      5.338      0.041     4.8048     44.541     52.655  38.896268     0.8766      8.034   240.6679 1.2378e-01    19.1826      5.232      7.588    11.9364 0.0000e+00
      5.355      0.046     4.8049     44.542     52.669  38.902392     0.8861      8.032   240.6971 1.2384e-01    19.0875      5.252      7.617    11.9367 0.0000e+00
      5.372      0.048     4.8025     44.528     52.616  38.858339     0.8484      8.031   240.7548 1.2382e-01    19.0863      5.270      7.644    11.9373 0.0000e+00
      5.386      0.046     4.8030     44.506     52.553  38.807850     0.8036      8.030   240.8503 1.2377e-01    19.2027      5.282      7.661    11.9361 0.0000e+00
      5.397      0.041     4.8090     44.499     52.544  38.799623     0.7936      8.029   240.9043 1.2376e-01    19.3677      5.294      7.678    11.9323 0.0000e+00
      5.406      0.038     4.8071     44.550     52.577  38.822331     0.8032      8.029   240.9775 1.2376e-01    19.5433      5.304      7.693    11.9286 0.0000e+00
      5.411      0.037     4.8073     44.667     52.590  38.828557     0.8037      8.029   241.1333 1.2373e-01    19.7205      5.307      7.696    11.9239 0.0000e+00
      5.416      0.037     4.8043     44.823     52.575  38.811443     0.7995      8.028   241.3256 1.2375e-01    19.8714      5.309      7.699    11.9188 0.0000e+00
      5.427      0.036     4.8013     45.024     52.576  38.805778     0.7852      8.027   241.4963 1.2379e-01    19.9669      5.320      7.717    11.9175 0.0000e+00
      5.442      0.033     4.8065     45.303     52.606  38.823521     0.7727      8.026   241.5620 1.2379e-01    19.9524      5.338      7.742    11.9182 0.0000e+00
