Data/DataNotYetUploadedToEDI/Raw_CTD/RawDownloads/081224_fcr10_S7809003.cnv
* Sea-Bird SBE19plus  Data File:
* FileName = C:\R\Reservoirs\Data\DataNotYetUploadedToEDI\Raw_CTD\RawDownloads\081324_fcr50_S7809_0003.hex
* Software version 2.8.0.119
* Temperature SN = 7809
* Conductivity SN = 7809
* System UpLoad Time = Aug 13 2024 13:55:11
* <ApplicationData>
* <Seaterm232>
# nquan = 15
# nvalues = 641                         
# units = specified
# name 0 = depFM: Depth [fresh water, m]
# name 1 = dz/dtM: Descent Rate [m/s]
# name 2 = sbeox0Mg/L: Oxygen, SBE 43 [mg/l]
# name 3 = sbeox0PS: Oxygen, SBE 43 [% saturation]
# name 4 = specc: Specific Conductance [uS/cm]
# name 5 = c0uS/cm: Conductivity [uS/cm]
# name 6 = flECO-AFL: Fluorescence, WET Labs ECO-AFL/FL [mg/m^3]
# name 7 = ph: pH
# name 8 = orp: Oxidation Reduction Potential [mV]
# name 9 = par/sat/log: PAR/Logarithmic, Satlantic
# name 10 = turbWETntu0: Turbidity, WET Labs ECO [NTU]
# name 11 = prdM: Pressure, Strain Gauge [db]
# name 12 = prdE: Pressure, Strain Gauge [psi]
# name 13 = tv290C: Temperature [ITS-90, deg C]
# name 14 = flag:  0.000e+00
# span 0 =     -0.481,      2.096       
# span 1 =     -0.041,      0.184       
# span 2 =     1.7510,     7.9652       
# span 3 =     20.943,     96.606       
# span 4 =     41.310,     46.412       
# span 5 =  41.235655,  45.516252       
# span 6 =     2.0249,    15.3427       
# span 7 =      5.791,      7.331       
# span 8 =   116.6833,   253.0545       
# span 9 = 2.1249e+01, 1.0651e+03       
# span 10 =     7.6978,   170.8184      
# span 11 =     -0.482,      2.056      
# span 12 =     -0.698,      2.982      
# span 13 =    24.0229,    25.3833      
# span 14 = 0.0000e+00, 0.0000e+00      
# interval = seconds: 0.25
# start_time = Aug 12 2024 10:45:22 [Instrument's time stamp, header]
# bad_flag = -9.990e-29
*END*
[from data line 482]
      1.576      0.023     6.6008     79.121     41.697  41.433361     7.5129      7.205   250.4792 4.9744e+01     8.2919      1.545      2.240    24.6831 0.0000e+00
      1.583      0.023     6.5913     79.060     41.698  41.434618     7.4889      7.206   250.4458 4.9355e+01     8.2173      1.552      2.251    24.6811 0.0000e+00
      1.589      0.022     6.5856     78.978     41.709  41.447218     7.3838      7.207   250.3598 4.9060e+01     8.1026      1.558      2.260    24.6794 0.0000e+00
      1.594      0.021     6.5799     78.872     41.719  41.458768     7.2324      7.208   250.3858 4.8829e+01     8.0673      1.564      2.268    24.6783 0.0000e+00
      1.599      0.019     6.5763     78.810     41.707  41.447342     7.1650      7.209   250.5021 4.8591e+01     8.1318      1.568      2.275    24.6776 0.0000e+00
      1.604      0.017     6.5714     78.904     41.696  41.436002     7.1600      7.210   250.5612 4.8382e+01     8.1318      1.574      2.283    24.6788 0.0000e+00
      1.608      0.015     6.5646     79.074     41.709  41.448592     7.1555      7.211   250.5838 4.8266e+01     8.0318      1.577      2.287    24.6802 0.0000e+00
      1.612      0.013     6.5556     79.154     41.734  41.472625     7.1773      7.212   250.6890 4.8187e+01     8.0509      1.580      2.292    24.6813 0.0000e+00
      1.615      0.013     6.5420     79.146     41.735  41.472711     7.2154      7.213   250.8010 4.8117e+01     8.2258      1.584      2.297    24.6825 0.0000e+00
      1.618      0.013     6.5545     79.180     41.713  41.449631     7.2333      7.213   250.7342 4.8038e+01     8.3707      1.586      2.300    24.6832 0.0000e+00
      1.621      0.014     6.5758     79.280     41.712  41.447438     7.2183      7.214   250.6547 4.7920e+01     8.3679      1.588      2.304    24.6832 0.0000e+00
      1.624      0.016     6.5817     79.298     41.711  41.446189     7.1588      7.215   250.7006 4.7731e+01     8.2263      1.591      2.308    24.6820 0.0000e+00
      1.628      0.017     6.5761     79.200     41.699  41.434535     7.0800      7.216   250.7729 4.7428e+01     8.1275      1.595      2.314    24.6804 0.0000e+00
      1.634      0.017     6.5760     79.071     41.699  41.433467     7.0489      7.217   250.8401 4.7062e+01     8.1640      1.601      2.322    24.6777 0.0000e+00
      1.639      0.017     6.5940     78.946     41.701  41.433277     7.0493      7.219   250.8253 4.6736e+01     8.1889      1.608      2.332    24.6753 0.0000e+00
      1.643      0.018     6.5955     78.836     41.703  41.432228     6.9596      7.221   250.8518 4.6491e+01     8.1205      1.612      2.338    24.6763 0.0000e+00
      1.647      0.018     6.5818     78.707     41.693  41.420783     6.7890      7.221   251.0747 4.6307e+01     8.0212      1.615      2.342    24.6778 0.0000e+00
      1.650      0.018     6.5730     78.566     41.697  41.421823     6.7084      7.221   251.2828 4.6088e+01     8.0127      1.618      2.346    24.6760 0.0000e+00
      1.654      0.018     6.5603     78.462     41.722  41.444798     6.7179      7.221   251.3898 4.5801e+01     8.0853      1.622      2.352    24.6729 0.0000e+00
      1.659      0.019     6.5542     78.378     41.724  41.444704     6.7709      7.220   251.4216 4.5535e+01     8.1475      1.627      2.360    24.6701 0.0000e+00
      1.665      0.020     6.5443     78.286     41.703  41.420682     6.8659      7.219   251.4094 4.5305e+01     8.2189      1.633      2.369    24.6674 0.0000e+00
      1.671      0.020     6.5289     78.181     41.693  41.408206     6.9181      7.219   251.4142 4.5095e+01     8.2644      1.639      2.377    24.6642 0.0000e+00
      1.676      0.019     6.5230     78.046     41.708  41.420795     6.9356      7.220   251.3929 4.4936e+01     8.2882      1.644      2.385    24.6617 0.0000e+00
      1.681      0.019     6.5168     77.875     41.733  41.445954     7.0036      7.220   251.4100 4.4785e+01     8.3708      1.649      2.391    24.6603 0.0000e+00
      1.685      0.019     6.5092     77.690     41.745  41.458532     7.1148      7.220   251.4496 4.4615e+01     8.4095      1.653      2.397    24.6566 0.0000e+00
      1.689      0.019     6.5020     77.543     41.734  41.445942     7.1736      7.220   251.4415 4.4401e+01     8.3111      1.656      2.402    24.6518 0.0000e+00
      1.694      0.018     6.4914     77.463     41.714  41.420670     7.1646      7.222   251.3979 4.4121e+01     8.2066      1.661      2.409    24.6487 0.0000e+00
      1.700      0.018     6.4764     77.413     41.706  41.406824     7.1565      7.224   251.3533 4.3872e+01     8.2043      1.668      2.420    24.6494 0.0000e+00
      1.705      0.018     6.4590     77.318     41.708  41.405464     7.1922      7.226   251.3314 4.3648e+01     8.2839      1.672      2.426    24.6527 0.0000e+00
      1.709      0.018     6.4454     77.165     41.710  41.404217     7.2551      7.227   251.3910 4.3395e+01     8.3824      1.676      2.430    24.6509 0.0000e+00
      1.712      0.018     6.4411     76.994     41.702  41.391742     7.2753      7.228   251.5582 4.3097e+01     8.3712      1.679      2.435    24.6436 0.0000e+00
      1.717      0.019     6.4408     76.822     41.698  41.381555     7.2541      7.229   251.6329 4.2691e+01     8.2846      1.683      2.441    24.6350 0.0000e+00
      1.722      0.019     6.4344     76.647     41.728  41.407973     7.1649      7.230   251.5198 4.2190e+01     8.2914      1.688      2.448    24.6306 0.0000e+00
      1.728      0.019     6.4189     76.415     41.777  41.457278     7.0036      7.230   251.3951 4.1700e+01     8.3512      1.694      2.457    24.6289 0.0000e+00
      1.733      0.020     6.4062     76.103     41.784  41.469971     6.9110      7.230   251.5018 4.1263e+01     8.3929      1.701      2.467    24.6234 0.0000e+00
      1.738      0.022     6.3917     75.795     41.742  41.434521     6.8852      7.230   251.8631 4.0871e+01     8.3854      1.705      2.473    24.6137 0.0000e+00
      1.742      0.025     6.3803     75.560     41.714  41.409457     6.7671      7.226   252.2360 4.0554e+01     8.3976      1.708      2.477    24.6073 0.0000e+00
      1.745      0.027     6.3633     75.433     41.728  41.420800     6.5819      7.222   252.3972 4.0168e+01     8.5402      1.710      2.480    24.6101 0.0000e+00
      1.752      0.028     6.3309     75.412     41.756  41.444721     6.4937      7.218   252.3494 3.9434e+01     8.6410      1.715      2.489    24.6184 0.0000e+00
      1.765      0.027     6.3033     75.415     41.758  41.444816     6.4830      7.218   252.2600 3.8633e+01     8.6254      1.732      2.511    24.6279 0.0000e+00
      1.778      0.023     6.2820     75.369     41.734  41.421945     6.5110      7.218   252.2623 3.8237e+01     8.5231      1.747      2.533    24.6323 0.0000e+00
      1.784      0.018     6.2715     75.321     41.733  41.422059     6.5819      7.218   252.3778 3.8103e+01     8.3266      1.751      2.539    24.6270 0.0000e+00
      1.784      0.012     6.2734     75.332     41.757  41.446196     6.6326      7.220   252.4519 3.8090e+01     8.2301      1.751      2.539    24.6199 0.0000e+00
      1.783      0.006     6.2782     75.399     41.772  41.459920     6.6584      7.222   252.3836 3.8145e+01     8.3131      1.748      2.536    24.6173 0.0000e+00
      1.782      0.003     6.2708     75.501     41.773  41.461055     6.7194      7.225   252.3264 3.8102e+01     8.4081      1.747      2.534    24.6193 0.0000e+00
      1.782      0.003     6.2641     75.627     41.773  41.459919     6.8199      7.227   252.3628 3.7970e+01     8.3879      1.748      2.535    24.6214 0.0000e+00
      1.783      0.005     6.2661     75.772     41.761  41.446186     6.8670      7.227   252.3937 3.7804e+01     8.3077      1.748      2.536    24.6218 0.0000e+00
      1.785      0.008     6.2720     75.923     41.739  41.421946     6.8648      7.227   252.3565 3.7629e+01     8.2926      1.750      2.538    24.6213 0.0000e+00
      1.787      0.012     6.2814     76.079     41.741  41.420698     6.8766      7.228   252.3431 3.7472e+01     8.4104      1.752      2.540    24.6199 0.0000e+00
      1.790      0.016     6.2912     76.195     41.755  41.431093     6.8844      7.229   252.4038 3.7296e+01     8.5699      1.755      2.545    24.6189 0.0000e+00
      1.794      0.021     6.3052     76.176     41.747  41.420688     6.8751      7.230   252.4019 3.6987e+01     8.6155      1.758      2.549    24.6178 0.0000e+00
      1.800      0.025     6.3168     76.003     41.752  41.421823     6.8645      7.230   252.4057 3.6600e+01     8.5868      1.764      2.559    24.6156 0.0000e+00
      1.808      0.027     6.3313     75.753     41.778  41.444807     6.8644      7.231   252.5359 3.6235e+01     8.5982      1.773      2.572    24.6111 0.0000e+00
      1.816      0.027     6.3460     75.499     41.778  41.444712     6.8238      7.233   252.5995 3.5804e+01     8.7195      1.780      2.583    24.6059 0.0000e+00
      1.825      0.027     6.3454     75.270     41.751  41.420679     6.7235      7.234   252.5729 3.5414e+01     8.8572      1.791      2.598    24.6025 0.0000e+00
      1.832      0.026     6.3282     75.095     41.736  41.408090     6.6503      7.234   252.5575 3.5225e+01     8.8282      1.797      2.607    24.5988 0.0000e+00
      1.836      0.023     6.3054     75.004     41.746  41.419439     6.6295      7.234   252.4997 3.5109e+01     8.7448      1.800      2.611    24.5941 0.0000e+00
      1.841      0.021     6.2841     75.020     41.757  41.430969     6.6475      7.235   252.5621 3.4945e+01     8.7373      1.805      2.618    24.5941 0.0000e+00
      1.847      0.019     6.2636     75.122     41.749  41.420565     6.6930      7.235   252.7961 3.4781e+01     8.7037      1.811      2.627    24.5990 0.0000e+00
      1.852      0.017     6.2478     75.245     41.753  41.420574     6.7222      7.236   252.9197 3.4639e+01     8.6459      1.817      2.635    24.6014 0.0000e+00
      1.856      0.016     6.2391     75.322     41.767  41.431075     6.7175      7.238   252.8515 3.4483e+01     8.5853      1.822      2.641    24.6032 0.0000e+00
      1.860      0.014     6.2404     75.299     41.760  41.420587     6.7530      7.240   252.7470 3.4357e+01     8.5176      1.824      2.645    24.6050 0.0000e+00
      1.862      0.013     6.2523     75.192     41.761  41.420692     6.8684      7.241   252.6876 3.4252e+01     8.5450      1.826      2.649    24.6015 0.0000e+00
      1.865      0.013     6.2643     75.070     41.773  41.432343     6.9473      7.241   252.6491 3.4068e+01     8.6084      1.829      2.653    24.5956 0.0000e+00
      1.868      0.013     6.2739     74.969     41.776  41.434538     6.9489      7.242   252.6265 3.3828e+01     8.6353      1.831      2.657    24.5907 0.0000e+00
      1.871      0.013     6.2719     74.896     41.789  41.447223     6.8790      7.244   252.6732 3.3590e+01     8.7670      1.835      2.662    24.5875 0.0000e+00
      1.875      0.014     6.2596     74.834     41.800  41.458781     6.7525      7.245   252.7835 3.3282e+01     9.0064      1.838      2.667    24.5866 0.0000e+00
      1.879      0.016     6.2495     74.763     41.788  41.447348     6.6919      7.245   252.8408 3.2928e+01     9.2073      1.843      2.673    24.5866 0.0000e+00
      1.882      0.018     6.2402     74.683     41.775  41.435922     6.7121      7.245   252.8505 3.2623e+01     9.3168      1.846      2.677    24.5857 0.0000e+00
      1.885      0.020     6.2354     74.619     41.786  41.447564     6.8052      7.246   252.8141 3.2253e+01     9.3736      1.848      2.680    24.5848 0.0000e+00
      1.892      0.020     6.2308     74.621     41.800  41.461184     6.9517      7.247   252.7443 3.1809e+01     9.4165      1.855      2.691    24.5856 0.0000e+00
      1.899      0.019     6.2245     74.682     41.815  41.473669     7.0191      7.247   252.7815 3.1412e+01     9.4253      1.864      2.703    24.5869 0.0000e+00
      1.905      0.018     6.2177     74.767     41.815  41.471580     7.0294      7.248   252.8340 3.1087e+01     9.4458      1.869      2.710    24.5884 0.0000e+00
      1.910      0.017     6.2092     74.847     41.781  41.435923     7.0512      7.249   252.8623 3.0861e+01     9.4936      1.874      2.718    24.5893 0.0000e+00
      1.913      0.015     6.2101     74.841     41.768  41.423336     7.0080      7.250   252.9518 3.0724e+01     9.5247      1.876      2.721    24.5887 0.0000e+00
      1.914      0.013     6.2175     74.709     41.789  41.446330     6.8905      7.250   252.9688 3.0626e+01     9.5140      1.876      2.721    24.5870 0.0000e+00
      1.916      0.013     6.2240     74.529     41.803  41.460075     6.8122      7.251   252.9825 3.0491e+01     9.4666      1.878      2.725    24.5839 0.0000e+00
      1.921      0.012     6.2348     74.377     41.807  41.462594     6.8104      7.251   253.0317 3.0321e+01     9.4645      1.884      2.732    24.5808 0.0000e+00
      1.925      0.012     6.2364     74.266     41.823  41.476784     6.8684      7.251   252.9618 3.0195e+01     9.4875      1.888      2.738    24.5813 0.0000e+00
      1.929      0.012     6.2212     74.185     41.853  41.504702     6.9554      7.251   252.9109 3.0089e+01     9.5065      1.892      2.745    24.5840 0.0000e+00
      1.932      0.012     6.2033     74.102     41.897  41.546283     6.9889      7.252   252.9324 2.9986e+01     9.5235      1.894      2.747    24.5843 0.0000e+00
      1.933      0.012     6.1916     73.980     41.952  41.598738     6.9746      7.254   252.9644 2.9898e+01     9.4876      1.895      2.749    24.5824 0.0000e+00
      1.935      0.012     6.1826     73.811     41.988  41.631185     7.0154      7.256   252.9525 2.9765e+01     9.4831      1.897      2.752    24.5800 0.0000e+00
      1.938      0.011     6.1772     73.594     42.047  41.684717     7.1155      7.258   252.8753 2.9539e+01     9.5036      1.900      2.756    24.5778 0.0000e+00
      1.943      0.011     6.1719     73.250     42.170  41.801715     7.1772      7.259   252.8918 2.9303e+01     9.4956      1.905      2.763    24.5759 0.0000e+00
      1.947      0.011     6.1621     72.677     42.279  41.903360     7.1789      7.260   252.9785 2.9145e+01     9.4888      1.910      2.770    24.5732 0.0000e+00
      1.949      0.012     6.1477     71.880     42.347  41.961677     7.1860      7.261   252.9772 2.9001e+01     9.5580      1.912      2.773    24.5700 0.0000e+00
      1.951      0.013     6.1323     70.898     42.396  41.999060     7.2380      7.262   252.9630 2.8810e+01     9.7861      1.913      2.775    24.5641 0.0000e+00
      1.952      0.015     6.1099     69.718     42.384  41.974521     7.2829      7.262   252.9786 2.8555e+01     9.9583      1.914      2.776    24.5582 0.0000e+00
      1.956      0.018     6.0609     68.320     42.335  41.918841     7.2965      7.264   252.9932 2.8200e+01    10.0005      1.916      2.780    24.5509 0.0000e+00
      1.962      0.020     5.9941     66.753     42.313  41.897046     7.3355      7.265   253.0545 2.7751e+01    10.2271      1.923      2.789    24.5393 0.0000e+00
      1.970      0.022     5.9150     65.222     42.312  41.901401     7.3970      7.265   253.0309 2.7326e+01    10.6491      1.932      2.802    24.5273 0.0000e+00
      1.977      0.022     5.8186     63.997     42.313  41.908036     7.4325      7.265   252.9660 2.7000e+01    10.9016      1.940      2.813    24.5098 0.0000e+00
      1.983      0.021     5.7041     63.291     42.314  41.913804     7.4480      7.266   252.9576 2.6714e+01    10.9574      1.946      2.821    24.4975 0.0000e+00
      1.987      0.020     5.5653     63.149     42.371  41.971149     7.4600      7.266   252.9302 2.6442e+01    10.9819      1.949      2.827    24.5010 0.0000e+00
      1.990      0.019     5.4286     63.414     42.498  42.093648     7.5520      7.266   252.8930 2.6204e+01    11.3339      1.951      2.830    24.5086 0.0000e+00
