Data/DataNotYetUploadedToEDI/Raw_CTD/RawDownloads/081220_bvr50.cnv
* Sea-Bird SBE19plus  Data File:
* FileName = C:\DATA\081720_fcr50_0001.hex
* Software version 2.8.0.119
* Temperature SN = 7809
* Conductivity SN = 7809
* System UpLoad Time = Aug 17 2020 10:03:40
* <ApplicationData>
* <Seaterm232>
# nquan = 16
# nvalues = 4739                        
# units = specified
# name 0 = depFM: Depth [fresh water, m]
# name 1 = dz/dtM: Descent Rate [m/s]
# name 2 = sbeox0ML/L: Oxygen, SBE 43 [ml/l]
# name 3 = sbeox0PS: Oxygen, SBE 43 [% saturation]
# name 4 = specc: Specific Conductance [uS/cm]
# name 5 = c0uS/cm: Conductivity [uS/cm]
# name 6 = flECO-AFL: Fluorescence, WET Labs ECO-AFL/FL [mg/m^3]
# name 7 = ph: pH
# name 8 = orp: Oxidation Reduction Potential [mV]
# name 9 = par/sat/log: PAR/Logarithmic, Satlantic
# name 10 = turbWETntu0: Turbidity, WET Labs ECO [NTU]
# name 11 = prdM: Pressure, Strain Gauge [db]
# name 12 = prdE: Pressure, Strain Gauge [psi]
# name 13 = tv290C: Temperature [ITS-90, deg C]
# name 14 = density00: Density [density, kg/m^3]
# name 15 = flag:  0.000e+00
# span 0 =     -0.727,     10.423       
# span 1 =     -0.278,      0.245       
# span 2 =     0.0272,     6.1514       
# span 3 =      0.370,    111.694       
# span 4 =      3.267,    180.320       
# span 5 =   3.465921, 124.431486       
# span 6 =    -3.2637,    16.5723       
# span 7 =     14.266,     14.916       
# span 8 = -1240.7455,   349.6084       
# span 9 = 1.2344e-01, 1.9918e+03       
# span 10 =    -1.7284,   936.3043      
# span 11 =     -0.714,     10.222      
# span 12 =     -1.035,     14.825      
# span 13 =     9.4773,    32.0800      
# span 14 =   995.0097,   999.8597      
# span 15 = 0.0000e+00, 0.0000e+00      
# interval = seconds: 0.25
# start_time = Aug 12 2020 02:41:07 [Instrument's time stamp, header]
# bad_flag = -9.990e-29
*END*
[from data line 3888]
      9.187     -0.072     0.0413      0.424    123.814  86.519791     1.9218     14.907  -108.5989 1.2352e-01     2.0980      9.012     13.070     9.9185   999.7981 0.0000e+00
      9.158     -0.073     0.0389      0.409    123.859  86.563283     1.9625     14.907  -108.6376 1.2360e-01     2.1541      8.980     13.025     9.9210   999.7977 0.0000e+00
      9.130     -0.065     0.0350      0.414    123.908  86.604309     2.0384     14.907  -108.6239 1.2359e-01     2.2558      8.953     12.985     9.9241   999.7971 0.0000e+00
      9.108     -0.051     0.0360      0.447    123.855  86.570499     2.0762     14.907  -108.5198 1.2358e-01     2.2974      8.928     12.948     9.9302   999.7964 0.0000e+00
      9.097     -0.034     0.0328      0.473    123.713  86.472597     2.0758     14.907  -108.4971 1.2360e-01     2.2452      8.914     12.929     9.9375   999.7957 0.0000e+00
      9.100     -0.018     0.0325      0.475    123.573  86.374878     2.0820     14.908  -108.6076 1.2360e-01     2.1404      8.922     12.941     9.9428   999.7953 0.0000e+00
      9.108     -0.006     0.0310      0.483    123.434  86.279660     2.1035     14.908  -108.7373 1.2359e-01     2.0262      8.936     12.960     9.9454   999.7952 0.0000e+00
      9.109      0.001     0.0358      0.493    123.333  86.211997     2.1259     14.907  -108.8610 1.2357e-01     1.9971      8.935     12.959     9.9463   999.7951 0.0000e+00
      9.105      0.003     0.0390      0.490    123.305  86.192961     2.1334     14.907  -108.8982 1.2353e-01     2.0286      8.928     12.949     9.9465   999.7950 0.0000e+00
      9.102      0.003     0.0364      0.481    123.195  86.113115     2.0802     14.907  -108.9289 1.2351e-01     2.0640      8.924     12.943     9.9461   999.7950 0.0000e+00
      9.103      0.002     0.0383      0.466    122.866  85.882766     1.9877     14.907  -108.9741 1.2352e-01     2.0824      8.925     12.944     9.9468   999.7949 0.0000e+00
      9.107      0.003     0.0396      0.451    122.408  85.570845     1.9404     14.907  -109.0146 1.2352e-01     2.0453      8.931     12.953     9.9491   999.7946 0.0000e+00
      9.110      0.004     0.0385      0.447    121.945  85.268100     1.9272     14.907  -109.0756 1.2351e-01     2.0269      8.935     12.959     9.9495   999.7946 0.0000e+00
      9.112      0.003     0.0384      0.450    121.547  85.021437     1.9145     14.906  -109.0225 1.2356e-01     2.0653      8.936     12.961     9.9472   999.7948 0.0000e+00
      9.112      0.001     0.0370      0.454    121.297  84.878657     1.9115     14.906  -108.8895 1.2365e-01     2.0973      8.936     12.960     9.9462   999.7948 0.0000e+00
      9.111     -0.001     0.0350      0.462    121.169  84.814096     1.9191     14.906  -108.8431 1.2368e-01     2.1057      8.935     12.959     9.9487   999.7943 0.0000e+00
      9.109     -0.002     0.0353      0.468    121.054  84.749785     1.9301     14.905  -108.8923 1.2368e-01     2.1318      8.933     12.956     9.9576   999.7933 0.0000e+00
      9.107     -0.002     0.0355      0.452    120.933  84.673621     1.9390     14.905  -108.9673 1.2370e-01     2.2069      8.931     12.953     9.9720   999.7919 0.0000e+00
      9.107     -0.001     0.0362      0.439    120.898  84.656579     1.9412     14.905  -108.9760 1.2369e-01     2.2587      8.930     12.951     9.9865   999.7906 0.0000e+00
      9.108      0.001     0.0356      0.453    120.909  84.670968     1.9376     14.906  -108.9112 1.2359e-01     2.2435      8.931     12.953     9.9974   999.7896 0.0000e+00
      9.109      0.002     0.0387      0.472    120.792  84.593139     1.9339     14.907  -108.9582 1.2349e-01     2.2633      8.933     12.956    10.0035   999.7890 0.0000e+00
      9.109      0.003     0.0353      0.472    120.623  84.478925     1.9339     14.906  -109.0286 1.2353e-01     2.3258      8.933     12.957    10.0062   999.7887 0.0000e+00
      9.110      0.004     0.0336      0.471    120.551  84.435068     1.9291     14.906  -108.9018 1.2363e-01     2.3478      8.934     12.957    10.0092   999.7885 0.0000e+00
      9.112      0.004     0.0359      0.485    120.556  84.444548     1.9232     14.906  -108.8021 1.2360e-01     2.3572      8.936     12.959    10.0124   999.7883 0.0000e+00
      9.112      0.005     0.0379      0.501    120.581  84.466331     1.9297     14.905  -108.8551 1.2352e-01     2.3706      8.936     12.960    10.0137   999.7881 0.0000e+00
      9.113      0.006     0.0377      0.515    120.548  84.443987     1.9305     14.905  -108.8549 1.2353e-01     2.3384      8.937     12.961    10.0148   999.7879 0.0000e+00
      9.114      0.006     0.0357      0.505    120.437  84.365241     1.9049     14.905  -108.8858 1.2360e-01     2.2429      8.938     12.964    10.0179   999.7876 0.0000e+00
      9.117      0.005     0.0392      0.476    120.307  84.277568     1.8681     14.905  -108.9697 1.2361e-01     2.1429      8.940     12.966    10.0210   999.7873 0.0000e+00
      9.120      0.004     0.0386      0.446    120.203  84.210918     1.8569     14.902  -108.9237 1.2355e-01     2.1243      8.944     12.972    10.0230   999.7872 0.0000e+00
      9.122      0.002     0.0419      0.403    120.170  84.195506     1.8644     14.901  -108.8447 1.2355e-01     2.1553      8.947     12.976    10.0229   999.7872 0.0000e+00
      9.122      0.000     0.0406      0.376    120.194  84.218461     1.8642     14.901  -108.8749 1.2361e-01     2.1753      8.946     12.975    10.0216   999.7873 0.0000e+00
      9.120     -0.004     0.0368      0.383    120.212  84.234021     1.8635     14.900  -108.9449 1.2361e-01     2.1595      8.943     12.971    10.0231   999.7871 0.0000e+00
      9.118     -0.011     0.0366      0.413    120.243  84.256413     1.8659     14.900  -109.0024 1.2361e-01     2.1014      8.941     12.968    10.0262   999.7868 0.0000e+00
      9.116     -0.022     0.0309      0.456    120.301  84.298369     1.8643     14.900  -109.1411 1.2363e-01     2.0568      8.940     12.966    10.0296   999.7864 0.0000e+00
      9.114     -0.035     0.0283      0.496    120.297  84.296017     1.8727     14.900  -109.3315 1.2361e-01     1.9977      8.939     12.965    10.0325   999.7862 0.0000e+00
      9.107     -0.046     0.0299      0.501    120.290  84.291598     1.9013     14.900  -109.4971 1.2356e-01     1.9021      8.935     12.959    10.0334   999.7861 0.0000e+00
      9.092     -0.051     0.0322      0.493    120.404  84.372158     1.9234     14.900  -109.5942 1.2354e-01     1.8623      8.922     12.940    10.0335   999.7860 0.0000e+00
      9.067     -0.051     0.0355      0.497    120.597  84.506717     1.9308     14.901  -109.6462 1.2356e-01     1.8943      8.892     12.897    10.0341   999.7859 0.0000e+00
      9.042     -0.044     0.0409      0.491    120.711  84.582661     1.9337     14.902  -109.6956 1.2360e-01     1.9797      8.861     12.851    10.0342   999.7857 0.0000e+00
      9.030     -0.032     0.0399      0.475    120.644  84.527019     1.9298     14.901  -109.6743 1.2363e-01     2.0702      8.850     12.836    10.0340   999.7856 0.0000e+00
      9.030     -0.019     0.0376      0.458    120.575  84.470084     1.9214     14.901  -109.6464 1.2361e-01     2.0623      8.855     12.843    10.0349   999.7857 0.0000e+00
      9.036     -0.006     0.0405      0.453    120.485  84.403163     1.9181     14.901  -109.6164 1.2354e-01     2.0211      8.861     12.852    10.0348   999.7857 0.0000e+00
      9.041      0.002     0.0385      0.465    120.319  84.290387     1.9378     14.901  -109.6562 1.2352e-01     2.0535      8.867     12.860    10.0337   999.7859 0.0000e+00
      9.042     -0.001     0.0378      0.479    120.250  84.251561     1.9779     14.901  -109.8693 1.2356e-01     2.1096      8.869     12.862    10.0294   999.7862 0.0000e+00
      9.039     -0.014     0.0356      0.481    120.235  84.251803     2.0026     14.901  -110.0432 1.2361e-01     2.1161      8.863     12.855    10.0246   999.7867 0.0000e+00
      9.039     -0.031     0.0352      0.473    120.282  84.293330     2.0078     14.901  -110.1233 1.2367e-01     2.0979      8.863     12.856    10.0231   999.7868 0.0000e+00
      9.036     -0.048     0.0368      0.458    120.474  84.435602     2.0209     14.899  -110.2352 1.2367e-01     2.0609      8.867     12.861    10.0243   999.7866 0.0000e+00
      9.020     -0.058     0.0383      0.427    120.665  84.572526     2.0470     14.898  -110.3639 1.2359e-01     2.0120      8.852     12.838    10.0297   999.7861 0.0000e+00
      8.991     -0.061     0.0386      0.414    120.729  84.612996     2.0660     14.898  -110.3886 1.2355e-01     2.0221      8.817     12.788    10.0346   999.7854 0.0000e+00
      8.963     -0.056     0.0365      0.426    120.824  84.670454     2.0687     14.899  -110.2758 1.2359e-01     2.0792      8.784     12.740    10.0369   999.7851 0.0000e+00
      8.945     -0.045     0.0378      0.423    120.875  84.694705     2.0703     14.900  -110.2053 1.2359e-01     2.1187      8.768     12.717    10.0412   999.7847 0.0000e+00
      8.940     -0.027     0.0327      0.423    120.559  84.460898     2.0760     14.901  -110.2241 1.2354e-01     2.1223      8.765     12.712    10.0438   999.7846 0.0000e+00
      8.941     -0.010     0.0310      0.445    120.095  84.133575     2.0703     14.901  -110.1586 1.2353e-01     2.1230      8.767     12.715    10.0403   999.7849 0.0000e+00
      8.946      0.001     0.0351      0.467    119.862  83.981334     2.0590     14.901  -110.1016 1.2362e-01     2.0936      8.773     12.723    10.0368   999.7852 0.0000e+00
      8.951      0.003     0.0331      0.483    119.801  83.956039     2.0546     14.900  -110.2232 1.2364e-01     2.0416      8.779     12.733    10.0322   999.7858 0.0000e+00
      8.955     -0.001     0.0321      0.485    119.774  83.954982     2.0648     14.899  -110.4250 1.2359e-01     2.1111      8.784     12.740    10.0243   999.7863 0.0000e+00
      8.954     -0.009     0.0357      0.466    119.773  83.968567     2.0963     14.900  -110.4760 1.2366e-01     2.2816      8.783     12.739    10.0231   999.7862 0.0000e+00
      8.949     -0.019     0.0369      0.452    119.793  83.993094     2.1213     14.901  -110.4100 1.2371e-01     2.3866      8.776     12.729    10.0292   999.7856 0.0000e+00
      8.941     -0.029     0.0383      0.469    119.791  83.997090     2.1279     14.901  -110.4880 1.2363e-01     2.3854      8.768     12.717    10.0372   999.7848 0.0000e+00
      8.933     -0.038     0.0393      0.484    119.819  84.016889     2.1285     14.901  -110.6445 1.2359e-01     2.2673      8.760     12.706    10.0451   999.7841 0.0000e+00
      8.923     -0.045     0.0366      0.464    119.949  84.105264     2.1289     14.901  -110.7528 1.2365e-01     2.1250      8.751     12.692    10.0512   999.7835 0.0000e+00
      8.910     -0.049     0.0342      0.439    120.057  84.175059     2.1231     14.901  -110.8512 1.2368e-01     2.0727      8.739     12.674    10.0558   999.7830 0.0000e+00
      8.894     -0.047     0.0369      0.445    119.957  84.097415     2.1155     14.900  -110.8885 1.2364e-01     2.0473      8.723     12.652    10.0582   999.7827 0.0000e+00
      8.878     -0.040     0.0401      0.463    119.720  83.929809     2.1322     14.900  -110.7740 1.2364e-01     2.0919      8.705     12.626    10.0579   999.7826 0.0000e+00
      8.863     -0.030     0.0366      0.461    119.620  83.866068     2.1723     14.900  -110.6709 1.2365e-01     2.2350      8.688     12.601    10.0571   999.7827 0.0000e+00
      8.856     -0.019     0.0334      0.442    119.654  83.899248     2.1996     14.900  -110.7599 1.2365e-01     2.3350      8.680     12.590    10.0544   999.7830 0.0000e+00
      8.857     -0.008     0.0347      0.428    119.627  83.885707     2.1952     14.900  -110.9037 1.2361e-01     2.3406      8.684     12.596    10.0496   999.7834 0.0000e+00
      8.862      0.002     0.0377      0.438    119.547  83.829572     2.1378     14.900  -110.9467 1.2353e-01     2.3028      8.693     12.607    10.0484   999.7835 0.0000e+00
      8.866      0.007     0.0366      0.463    119.404  83.729421     2.0408     14.900  -110.9360 1.2353e-01     2.2895      8.695     12.611    10.0521   999.7831 0.0000e+00
      8.868      0.009     0.0350      0.484    119.165  83.565342     1.9850     14.900  -110.9461 1.2359e-01     2.3161      8.696     12.614    10.0576   999.7826 0.0000e+00
      8.869      0.006     0.0328      0.504    119.059  83.499590     1.9877     14.900  -110.8971 1.2364e-01     2.3510      8.698     12.616    10.0598   999.7824 0.0000e+00
      8.870     -0.001     0.0338      0.525    119.148  83.570539     2.0065     14.899  -110.9451 1.2368e-01     2.3684      8.697     12.614    10.0589   999.7824 0.0000e+00
      8.872     -0.011     0.0371      0.535    119.178  83.596257     2.0127     14.899  -111.1822 1.2371e-01     2.3547      8.700     12.618    10.0586   999.7825 0.0000e+00
      8.873     -0.021     0.0379      0.522    119.112  83.556106     2.0057     14.900  -111.3552 1.2371e-01     2.3227      8.704     12.625    10.0595   999.7824 0.0000e+00
      8.868     -0.030     0.0397      0.503    119.062  83.530351     2.0172     14.900  -111.4024 1.2367e-01     2.3242      8.700     12.619    10.0639   999.7818 0.0000e+00
      8.853     -0.037     0.0415      0.491    119.060  83.539314     2.0942     14.899  -111.3223 1.2358e-01     2.4760      8.684     12.595    10.0685   999.7814 0.0000e+00
      8.836     -0.042     0.0432      0.470    119.138  83.600874     2.2209     14.899  -111.2474 1.2353e-01     2.7501      8.662     12.564    10.0693   999.7813 0.0000e+00
      8.822     -0.043     0.0412      0.434    119.280  83.702189     2.2908     14.900  -111.2710 1.2353e-01     2.9604      8.648     12.544    10.0712   999.7810 0.0000e+00
      8.813     -0.042     0.0390      0.409    119.349  83.746529     2.3004     14.900  -111.2639 1.2349e-01     3.0624      8.642     12.534    10.0761   999.7805 0.0000e+00
      8.806     -0.041     0.0391      0.418    119.275  83.691696     2.3086     14.899  -111.2473 1.2350e-01     3.0217      8.636     12.525    10.0808   999.7800 0.0000e+00
      8.799     -0.039     0.0377      0.438    119.157  83.611705     2.2756     14.899  -111.3281 1.2358e-01     2.7089      8.630     12.517    10.0843   999.7797 0.0000e+00
      8.789     -0.038     0.0339      0.438    119.046  83.542695     2.1963     14.899  -111.4666 1.2359e-01     2.3015      8.620     12.503    10.0849   999.7797 0.0000e+00
      8.775     -0.035     0.0310      0.441    118.871  83.429811     2.1312     14.899  -111.4594 1.2358e-01     2.1126      8.605     12.481    10.0823   999.7799 0.0000e+00
      8.762     -0.028     0.0324      0.450    118.626  83.264612     2.1085     14.899  -111.3267 1.2360e-01     2.0733      8.591     12.459    10.0799   999.7800 0.0000e+00
      8.752     -0.020     0.0360      0.444    118.524  83.199138     2.1035     14.898  -111.3247 1.2360e-01     2.0666      8.580     12.445    10.0812   999.7798 0.0000e+00
      8.749     -0.011     0.0340      0.453    118.624  83.274279     2.0992     14.898  -111.3497 1.2359e-01     2.1343      8.576     12.439    10.0859   999.7793 0.0000e+00
      8.753     -0.005     0.0338      0.479    118.724  83.346218     2.0939     14.899  -111.2843 1.2363e-01     2.2048      8.583     12.448    10.0907   999.7789 0.0000e+00
      8.759     -0.001     0.0372      0.493    118.666  83.305631     2.0876     14.900  -111.3083 1.2365e-01     2.1984      8.592     12.462    10.0931   999.7786 0.0000e+00
      8.760     -0.002     0.0338      0.505    118.552  83.228807     2.0991     14.900  -111.3823 1.2361e-01     2.1946      8.592     12.462    10.0956   999.7783 0.0000e+00
