Data/DataNotYetUploadedToEDI/Raw_CTD/RawDownloads/081224_fcr10_S7809003.cnv
* Sea-Bird SBE19plus  Data File:
* FileName = C:\R\Reservoirs\Data\DataNotYetUploadedToEDI\Raw_CTD\RawDownloads\081324_fcr50_S7809_0003.hex
* Software version 2.8.0.119
* Temperature SN = 7809
* Conductivity SN = 7809
* System UpLoad Time = Aug 13 2024 13:55:11
* <ApplicationData>
* <Seaterm232>
# nquan = 15
# nvalues = 641                         
# units = specified
# name 0 = depFM: Depth [fresh water, m]
# name 1 = dz/dtM: Descent Rate [m/s]
# name 2 = sbeox0Mg/L: Oxygen, SBE 43 [mg/l]
# name 3 = sbeox0PS: Oxygen, SBE 43 [% saturation]
# name 4 = specc: Specific Conductance [uS/cm]
# name 5 = c0uS/cm: Conductivity [uS/cm]
# name 6 = flECO-AFL: Fluorescence, WET Labs ECO-AFL/FL [mg/m^3]
# name 7 = ph: pH
# name 8 = orp: Oxidation Reduction Potential [mV]
# name 9 = par/sat/log: PAR/Logarithmic, Satlantic
# name 10 = turbWETntu0: Turbidity, WET Labs ECO [NTU]
# name 11 = prdM: Pressure, Strain Gauge [db]
# name 12 = prdE: Pressure, Strain Gauge [psi]
# name 13 = tv290C: Temperature [ITS-90, deg C]
# name 14 = flag:  0.000e+00
# span 0 =     -0.481,      2.096       
# span 1 =     -0.041,      0.184       
# span 2 =     1.7510,     7.9652       
# span 3 =     20.943,     96.606       
# span 4 =     41.310,     46.412       
# span 5 =  41.235655,  45.516252       
# span 6 =     2.0249,    15.3427       
# span 7 =      5.791,      7.331       
# span 8 =   116.6833,   253.0545       
# span 9 = 2.1249e+01, 1.0651e+03       
# span 10 =     7.6978,   170.8184      
# span 11 =     -0.482,      2.056      
# span 12 =     -0.698,      2.982      
# span 13 =    24.0229,    25.3833      
# span 14 = 0.0000e+00, 0.0000e+00      
# interval = seconds: 0.25
# start_time = Aug 12 2024 10:45:22 [Instrument's time stamp, header]
# bad_flag = -9.990e-29
*END*
[from data line 290]
      0.868      0.005     6.9778     83.791     41.626  41.447326     6.4081      7.030   240.4366 1.2139e+02     7.7548      0.851      1.235    24.7772 0.0000e+00
      0.869      0.005     6.9657     83.783     41.636  41.458752     6.4003      7.031   240.5298 1.2076e+02     7.7453      0.853      1.237    24.7766 0.0000e+00
      0.870      0.005     6.9575     83.811     41.624  41.447212     6.3945      7.034   240.5932 1.1989e+02     7.7774      0.854      1.238    24.7770 0.0000e+00
      0.871      0.005     6.9537     83.862     41.610  41.434726     6.3795      7.037   240.6016 1.1906e+02     7.8016      0.854      1.239    24.7784 0.0000e+00
      0.872      0.006     6.9504     83.903     41.610  41.434716     6.3690      7.040   240.5442 1.1842e+02     7.7656      0.855      1.240    24.7802 0.0000e+00
      0.874      0.007     6.9488     83.894     41.621  41.447097     6.3597      7.042   240.5021 1.1778e+02     7.7517      0.857      1.243    24.7810 0.0000e+00
      0.876      0.008     6.9520     83.869     41.631  41.457482     6.3919      7.045   240.5230 1.1735e+02     7.8724      0.859      1.246    24.7815 0.0000e+00
      0.879      0.008     6.9560     83.859     41.606  41.433353     6.4754      7.048   240.5383 1.1719e+02     8.0633      0.862      1.250    24.7827 0.0000e+00
      0.881      0.008     6.9625     83.849     41.581  41.409226     6.5365      7.050   240.5149 1.1707e+02     8.1138      0.864      1.253    24.7839 0.0000e+00
      0.883      0.008     6.9593     83.873     41.591  41.419630     6.5485      7.052   240.4991 1.1720e+02     8.0388      0.866      1.256    24.7848 0.0000e+00
      0.885      0.008     6.9549     83.931     41.604  41.432209     6.5535      7.054   240.5196 1.1753e+02     8.0101      0.868      1.259    24.7861 0.0000e+00
      0.886      0.008     6.9574     84.004     41.608  41.434384     6.5717      7.056   240.5905 1.1785e+02     8.0392      0.869      1.261    24.7878 0.0000e+00
      0.888      0.009     6.9525     84.086     41.620  41.445923     6.5852      7.058   240.7535 1.1817e+02     8.0841      0.871      1.263    24.7888 0.0000e+00
      0.891      0.010     6.9556     84.126     41.619  41.444797     6.5923      7.061   240.9416 1.1827e+02     8.1082      0.873      1.267    24.7885 0.0000e+00
      0.894      0.011     6.9621     84.128     41.595  41.420773     6.5653      7.064   240.9716 1.1822e+02     8.0920      0.877      1.272    24.7872 0.0000e+00
      0.897      0.012     6.9662     84.147     41.583  41.409320     6.5093      7.065   240.9452 1.1826e+02     8.0933      0.879      1.275    24.7857 0.0000e+00
      0.900      0.012     6.9772     84.172     41.606  41.433249     6.4811      7.067   241.0521 1.1826e+02     8.1240      0.883      1.280    24.7849 0.0000e+00
      0.904      0.012     6.9799     84.182     41.629  41.456224     6.4819      7.069   241.1451 1.1818e+02     8.1207      0.886      1.286    24.7845 0.0000e+00
      0.907      0.012     6.9767     84.186     41.605  41.433250     6.4944      7.071   241.0385 1.1810e+02     8.0535      0.889      1.290    24.7846 0.0000e+00
      0.909      0.011     6.9798     84.197     41.581  41.409331     6.5083      7.072   240.9668 1.1791e+02     7.9953      0.892      1.293    24.7849 0.0000e+00
      0.912      0.011     6.9824     84.215     41.592  41.420889     6.5163      7.074   241.0530 1.1774e+02     8.0321      0.894      1.297    24.7858 0.0000e+00
      0.915      0.010     6.9826     84.222     41.618  41.446066     6.5162      7.076   241.0489 1.1769e+02     8.0886      0.897      1.301    24.7870 0.0000e+00
      0.918      0.009     6.9824     84.191     41.633  41.459886     6.5152      7.078   241.0025 1.1775e+02     8.0627      0.900      1.306    24.7876 0.0000e+00
      0.920      0.009     6.9834     84.118     41.634  41.461039     6.5540      7.079   241.0081 1.1802e+02     7.9930      0.902      1.308    24.7876 0.0000e+00
      0.922      0.009     6.9853     84.048     41.634  41.460008     6.6280      7.082   241.0302 1.1832e+02     7.9624      0.904      1.310    24.7875 0.0000e+00
      0.923      0.009     6.9869     84.011     41.622  41.447420     6.6768      7.084   241.0972 1.1851e+02     8.0005      0.905      1.313    24.7873 0.0000e+00
      0.926      0.009     6.9851     83.967     41.612  41.435777     6.6943      7.085   241.2164 1.1869e+02     8.0444      0.908      1.317    24.7869 0.0000e+00
      0.928      0.010     6.9770     83.883     41.623  41.446163     6.7231      7.087   241.3536 1.1874e+02     8.1171      0.910      1.320    24.7860 0.0000e+00
      0.931      0.011     6.9698     83.799     41.624  41.446058     6.7593      7.090   241.4647 1.1869e+02     8.2297      0.913      1.325    24.7846 0.0000e+00
      0.934      0.011     6.9691     83.765     41.613  41.434509     6.7648      7.091   241.5273 1.1852e+02     8.2446      0.916      1.329    24.7834 0.0000e+00
      0.937      0.011     6.9672     83.764     41.612  41.433459     6.7571      7.092   241.5953 1.1809e+02     8.2288      0.918      1.332    24.7828 0.0000e+00
      0.940      0.011     6.9585     83.747     41.612  41.433364     6.7578      7.093   241.6841 1.1746e+02     8.2439      0.921      1.337    24.7816 0.0000e+00
      0.943      0.010     6.9493     83.705     41.612  41.433356     6.7653      7.095   241.7397 1.1672e+02     8.1883      0.924      1.341    24.7797 0.0000e+00
      0.945      0.010     6.9478     83.650     41.612  41.433365     6.7722      7.096   241.7520 1.1592e+02     8.1029      0.926      1.344    24.7788 0.0000e+00
      0.947      0.009     6.9499     83.613     41.612  41.433470     6.7660      7.097   241.7468 1.1517e+02     8.0312      0.928      1.347    24.7790 0.0000e+00
      0.950      0.008     6.9480     83.624     41.613  41.434624     6.8160      7.099   241.7630 1.1447e+02     8.0043      0.930      1.351    24.7792 0.0000e+00
      0.952      0.008     6.9445     83.634     41.626  41.447317     6.9273      7.102   241.7754 1.1382e+02     8.0508      0.933      1.354    24.7793 0.0000e+00
      0.954      0.007     6.9393     83.611     41.640  41.460010     6.9873      7.103   241.8107 1.1330e+02     8.0814      0.935      1.356    24.7795 0.0000e+00
      0.955      0.007     6.9335     83.615     41.642  41.461164     6.9927      7.104   241.9321 1.1301e+02     8.0672      0.936      1.358    24.7798 0.0000e+00
      0.957      0.007     6.9373     83.671     41.643  41.461259     6.9666      7.106   242.0381 1.1276e+02     8.0492      0.938      1.361    24.7796 0.0000e+00
      0.958      0.008     6.9409     83.772     41.644  41.461155     6.9301      7.108   242.1459 1.1248e+02     8.0697      0.939      1.363    24.7790 0.0000e+00
      0.960      0.008     6.9341     83.881     41.644  41.459907     6.9259      7.108   242.2896 1.1223e+02     8.1087      0.941      1.366    24.7782 0.0000e+00
      0.962      0.008     6.9355     83.941     41.631  41.446163     6.9334      7.109   242.3122 1.1196e+02     8.1118      0.944      1.369    24.7769 0.0000e+00
      0.965      0.008     6.9401     83.941     41.607  41.421922     6.9285      7.110   242.3336 1.1163e+02     8.0730      0.946      1.373    24.7755 0.0000e+00
      0.967      0.008     6.9493     83.903     41.607  41.420673     6.9082      7.111   242.4623 1.1127e+02     8.0160      0.948      1.375    24.7739 0.0000e+00
      0.968      0.007     6.9619     83.840     41.619  41.431058     6.9048      7.113   242.5782 1.1084e+02     8.0365      0.950      1.377    24.7720 0.0000e+00
      0.970      0.007     6.9660     83.736     41.609  41.420549     6.9206      7.115   242.6159 1.1024e+02     8.1158      0.951      1.380    24.7712 0.0000e+00
      0.972      0.007     6.9659     83.602     41.609  41.420539     6.9248      7.116   242.5734 1.0941e+02     8.1548      0.953      1.382    24.7708 0.0000e+00
      0.974      0.008     6.9618     83.505     41.620  41.430943     6.9381      7.118   242.5813 1.0852e+02     8.1333      0.955      1.385    24.7695 0.0000e+00
      0.975      0.009     6.9579     83.466     41.608  41.419404     6.9561      7.121   242.6257 1.0770e+02     8.0601      0.957      1.387    24.7684 0.0000e+00
      0.978      0.010     6.9497     83.467     41.597  41.407950     6.9687      7.124   242.5938 1.0694e+02     8.0557      0.959      1.391    24.7682 0.0000e+00
      0.981      0.010     6.9350     83.518     41.609  41.419394     6.9818      7.126   242.6258 1.0625e+02     8.1140      0.962      1.395    24.7678 0.0000e+00
      0.984      0.011     6.9266     83.609     41.620  41.430840     6.9729      7.127   242.7541 1.0555e+02     8.1850      0.965      1.399    24.7673 0.0000e+00
      0.987      0.012     6.9255     83.697     41.609  41.419404     6.9533      7.128   242.7682 1.0480e+02     8.2645      0.967      1.403    24.7672 0.0000e+00
      0.990      0.012     6.9237     83.757     41.597  41.408063     6.9446      7.130   242.7102 1.0417e+02     8.2554      0.971      1.408    24.7669 0.0000e+00
      0.993      0.013     6.9288     83.806     41.609  41.420653     6.9422      7.132   242.7422 1.0380e+02     8.2457      0.974      1.412    24.7664 0.0000e+00
      0.996      0.015     6.9378     83.853     41.632  41.444686     6.9658      7.133   242.8100 1.0356e+02     8.2156      0.977      1.415    24.7662 0.0000e+00
      0.999      0.017     6.9462     83.877     41.632  41.444781     7.0224      7.132   242.9282 1.0315e+02     8.1305      0.979      1.420    24.7665 0.0000e+00
      1.004      0.019     6.9501     83.879     41.610  41.421808     7.0599      7.132   243.0532 1.0246e+02     8.1055      0.983      1.426    24.7671 0.0000e+00
      1.010      0.021     6.9532     83.851     41.610  41.420778     7.0529      7.131   243.1167 1.0168e+02     8.0839      0.990      1.435    24.7675 0.0000e+00
      1.015      0.021     6.9591     83.784     41.623  41.432327     7.0046      7.130   243.2652 1.0090e+02     8.0742      0.996      1.444    24.7684 0.0000e+00
      1.021      0.021     6.9596     83.698     41.626  41.434511     6.9339      7.129   243.4724 1.0011e+02     8.0912      1.002      1.453    24.7694 0.0000e+00
      1.028      0.020     6.9606     83.611     41.639  41.447184     6.8978      7.128   243.5574 9.9353e+01     8.0837      1.008      1.462    24.7686 0.0000e+00
      1.033      0.018     6.9594     83.537     41.651  41.458629     6.8918      7.127   243.6041 9.8658e+01     8.0514      1.013      1.469    24.7667 0.0000e+00
      1.037      0.017     6.9525     83.490     41.639  41.445946     6.8788      7.127   243.6928 9.8047e+01     8.0085      1.017      1.475    24.7655 0.0000e+00
      1.040      0.016     6.9454     83.467     41.614  41.420768     6.9149      7.126   243.7690 9.7448e+01     8.0430      1.020      1.480    24.7641 0.0000e+00
      1.043      0.016     6.9378     83.462     41.603  41.408075     7.0124      7.126   243.8371 9.6856e+01     8.1265      1.023      1.483    24.7630 0.0000e+00
      1.047      0.016     6.9313     83.471     41.615  41.419406     7.0674      7.125   243.8290 9.6206e+01     8.1301      1.026      1.488    24.7623 0.0000e+00
      1.052      0.017     6.9276     83.478     41.627  41.430831     7.0636      7.125   243.8435 9.5441e+01     8.0866      1.031      1.496    24.7619 0.0000e+00
      1.057      0.017     6.9258     83.464     41.616  41.419291     7.0170      7.125   243.9262 9.4693e+01     8.0453      1.036      1.502    24.7617 0.0000e+00
      1.062      0.017     6.9259     83.437     41.604  41.406806     6.9447      7.126   243.9684 9.4055e+01     8.0407      1.041      1.510    24.7602 0.0000e+00
      1.066      0.017     6.9269     83.391     41.604  41.406806     6.9293      7.127   244.0091 9.3539e+01     8.0993      1.046      1.517    24.7585 0.0000e+00
      1.070      0.018     6.9291     83.308     41.618  41.419291     6.9554      7.128   244.0737 9.3076e+01     8.1398      1.049      1.522    24.7581 0.0000e+00
      1.073      0.018     6.9268     83.206     41.632  41.430822     6.9534      7.128   244.1477 9.2508e+01     8.1194      1.052      1.527    24.7582 0.0000e+00
      1.078      0.019     6.9246     83.089     41.622  41.419293     6.9299      7.128   244.2149 9.1747e+01     8.0574      1.057      1.533    24.7581 0.0000e+00
      1.084      0.020     6.9227     82.954     41.610  41.406818     6.9199      7.129   244.2840 9.0909e+01     8.0397      1.062      1.540    24.7571 0.0000e+00
      1.090      0.020     6.9141     82.827     41.610  41.406923     6.9329      7.130   244.2948 9.0076e+01     8.1102      1.069      1.549    24.7546 0.0000e+00
      1.095      0.020     6.9065     82.712     41.624  41.420561     7.0129      7.131   244.3457 8.9213e+01     8.1586      1.074      1.558    24.7520 0.0000e+00
      1.100      0.019     6.8976     82.616     41.647  41.444784     7.1461      7.133   244.4693 8.8423e+01     8.1126      1.079      1.565    24.7501 0.0000e+00
      1.105      0.017     6.8849     82.578     41.647  41.445937     7.2118      7.135   244.4991 8.7714e+01     8.0313      1.083      1.572    24.7492 0.0000e+00
      1.109      0.015     6.8744     82.598     41.635  41.434511     7.2158      7.135   244.5341 8.7102e+01     8.0301      1.088      1.578    24.7490 0.0000e+00
      1.113      0.014     6.8653     82.615     41.634  41.433567     7.2202      7.136   244.5479 8.6681e+01     8.0983      1.092      1.585    24.7498 0.0000e+00
      1.116      0.014     6.8550     82.600     41.634  41.434522     7.2232      7.136   244.5794 8.6389e+01     8.1389      1.095      1.588    24.7516 0.0000e+00
      1.118      0.015     6.8513     82.581     41.644  41.446052     7.2273      7.136   244.8297 8.6134e+01     8.1106      1.096      1.590    24.7527 0.0000e+00
      1.121      0.018     6.8562     82.562     41.642  41.446051     7.2275      7.133   245.0789 8.5855e+01     8.0286      1.099      1.594    24.7532 0.0000e+00
      1.125      0.021     6.8581     82.517     41.628  41.434510     7.2506      7.132   245.1831 8.5387e+01     8.0020      1.102      1.598    24.7531 0.0000e+00
      1.130      0.023     6.8553     82.457     41.626  41.433452     7.3067      7.131   245.2296 8.4473e+01     8.0623      1.106      1.604    24.7536 0.0000e+00
      1.139      0.023     6.8532     82.447     41.627  41.433252     7.3409      7.131   245.2963 8.3326e+01     8.1088      1.118      1.621    24.7551 0.0000e+00
      1.149      0.022     6.8528     82.512     41.628  41.432090     7.3390      7.131   245.4741 8.2398e+01     8.0861      1.128      1.636    24.7589 0.0000e+00
      1.154      0.020     6.8487     82.615     41.617  41.419407     7.3245      7.131   245.5724 8.1854e+01     8.0266      1.132      1.642    24.7634 0.0000e+00
      1.157      0.017     6.8405     82.728     41.607  41.406827     7.2998      7.132   245.5374 8.1499e+01     8.0725      1.135      1.647    24.7632 0.0000e+00
      1.159      0.015     6.8389     82.831     41.610  41.406922     7.2652      7.132   245.5681 8.1109e+01     8.2316      1.137      1.650    24.7613 0.0000e+00
      1.161      0.014     6.8467     82.875     41.626  41.420552     7.2391      7.133   245.5987 8.0750e+01     8.3108      1.139      1.652    24.7596 0.0000e+00
      1.164      0.015     6.8564     82.820     41.652  41.444680     7.2340      7.133   245.6494 8.0197e+01     8.2780      1.141      1.654    24.7565 0.0000e+00
      1.169      0.016     6.8658     82.680     41.654  41.444784     7.2865      7.133   245.8370 7.9324e+01     8.1768      1.146      1.662    24.7534 0.0000e+00
