Data/DataNotYetUploadedToEDI/Raw_CTD/RawDownloads/081224_fcr50_S7809002.cnv
* Sea-Bird SBE19plus  Data File:
* FileName = C:\R\Reservoirs\Data\DataNotYetUploadedToEDI\Raw_CTD\RawDownloads\081324_fcr50_S7809_0002.hex
* Software version 2.8.0.119
* Temperature SN = 7809
* Conductivity SN = 7809
* System UpLoad Time = Aug 13 2024 13:54:48
* <ApplicationData>
* <Seaterm232>
# nquan = 15
# nvalues = 1305                        
# units = specified
# name 0 = depFM: Depth [fresh water, m]
# name 1 = dz/dtM: Descent Rate [m/s]
# name 2 = sbeox0Mg/L: Oxygen, SBE 43 [mg/l]
# name 3 = sbeox0PS: Oxygen, SBE 43 [% saturation]
# name 4 = specc: Specific Conductance [uS/cm]
# name 5 = c0uS/cm: Conductivity [uS/cm]
# name 6 = flECO-AFL: Fluorescence, WET Labs ECO-AFL/FL [mg/m^3]
# name 7 = ph: pH
# name 8 = orp: Oxidation Reduction Potential [mV]
# name 9 = par/sat/log: PAR/Logarithmic, Satlantic
# name 10 = turbWETntu0: Turbidity, WET Labs ECO [NTU]
# name 11 = prdM: Pressure, Strain Gauge [db]
# name 12 = prdE: Pressure, Strain Gauge [psi]
# name 13 = tv290C: Temperature [ITS-90, deg C]
# name 14 = flag:  0.000e+00
# span 0 =     -0.627,      9.525       
# span 1 =     -0.296,      0.178       
# span 2 =    -0.6247,     8.1814       
# span 3 =     -5.025,     99.436       
# span 4 =      0.914,    432.382       
# span 5 =   0.878780, 324.470948       
# span 6 =    -2.1273,   227.5950       
# span 7 =      5.760,      6.815       
# span 8 = -1235.1535,  1239.5912       
# span 9 = 1.2360e-01, 1.9793e+03       
# span 10 =    -0.3691,   237.6361      
# span 11 =     -0.616,      9.341      
# span 12 =     -0.893,     13.549      
# span 13 =    12.4775,    25.4608      
# span 14 = 0.0000e+00, 0.0000e+00      
# interval = seconds: 0.25
# start_time = Aug 12 2024 09:50:01 [Instrument's time stamp, header]
# bad_flag = -9.990e-29
*END*
[from data line 772]
      4.928      0.031     6.9313     66.626     59.736  44.866450     0.6344      6.811   111.2180 1.2376e-01    15.1579      4.833      7.010    12.5601 0.0000e+00
      4.935      0.033     6.9894     66.746     59.736  44.861845     0.6261      6.810   111.5582 1.2379e-01    15.1825      4.839      7.019    12.5592 0.0000e+00
      4.942      0.036     7.0311     66.751     59.718  44.844175     0.6376      6.809   112.0284 1.2377e-01    15.1901      4.846      7.028    12.5569 0.0000e+00
      4.951      0.038     7.0646     66.709     59.710  44.843240     0.6649      6.809   112.4293 1.2376e-01    15.2503      4.854      7.041    12.5553 0.0000e+00
      4.962      0.038     7.0961     66.692     59.695  44.850540     0.6902      6.809   112.7909 1.2377e-01    15.2954      4.865      7.056    12.5513 0.0000e+00
      4.975      0.038     7.1079     66.715     59.700  44.868992     0.6935      6.809   113.2176 1.2375e-01    15.2911      4.879      7.077    12.5471 0.0000e+00
      4.987      0.036     7.1069     66.750     59.707  44.875921     0.6797      6.809   113.6309 1.2371e-01    15.2667      4.891      7.094    12.5413 0.0000e+00
      4.995      0.033     7.0991     66.810     59.700  44.870832     0.6650      6.809   114.0879 1.2370e-01    15.1716      4.899      7.105    12.5411 0.0000e+00
      5.000      0.029     7.0924     66.925     59.699  44.870937     0.6490      6.808   114.6991 1.2375e-01    15.0639      4.904      7.112    12.5654 0.0000e+00
      5.007      0.027     7.0951     67.087     59.711  44.877188     0.6363      6.808   115.5143 1.2376e-01    15.0574      4.910      7.121    12.5830 0.0000e+00
      5.014      0.026     7.0985     67.252     59.713  44.882936     0.6367      6.808   116.4593 1.2370e-01    15.1264      4.917      7.132    12.5753 0.0000e+00
      5.019      0.028     7.1029     67.354     59.677  44.876957     0.6461      6.808   117.4358 1.2366e-01    15.1814      4.922      7.139    12.5758 0.0000e+00
      5.024      0.031     7.1155     67.346     59.635  44.868402     0.6579      6.808   118.5451 1.2362e-01    15.1417      4.927      7.145    12.5809 0.0000e+00
      5.032      0.035     7.1350     67.264     59.600  44.843012     0.6548      6.808   119.6324 1.2360e-01    15.0557      4.934      7.156    12.5737 0.0000e+00
      5.042      0.038     7.1554     67.151     59.604  44.823886     0.6252      6.808   120.6021 1.2367e-01    15.0302      4.944      7.170    12.5718 0.0000e+00
      5.054      0.042     7.1659     66.992     59.649  44.827556     0.5992      6.808   121.6654 1.2374e-01    15.0722      4.956      7.187    12.5950 0.0000e+00
      5.067      0.043     7.1578     66.783     59.676  44.823872     0.5984      6.807   122.6803 1.2374e-01    15.1544      4.970      7.207    12.6247 0.0000e+00
      5.078      0.042     7.1456     66.533     59.722  44.842793     0.6066      6.807   123.4946 1.2371e-01    15.1699      4.980      7.223    12.6259 0.0000e+00
      5.089      0.041     7.1407     66.304     59.764  44.865876     0.6318      6.807   124.2838 1.2369e-01    15.1911      4.991      7.237    12.5995 0.0000e+00
      5.099      0.038     7.1275     66.172     59.746  44.849037     0.6712      6.807   125.1674 1.2371e-01    15.3764      5.002      7.254    12.5705 0.0000e+00
      5.109      0.036     7.1089     66.139     59.721  44.829631     0.6916      6.807   126.1769 1.2376e-01    15.5655      5.011      7.268    12.5502 0.0000e+00
      5.116      0.034     7.0825     66.224     59.707  44.821679     0.7036      6.807   127.3694 1.2377e-01    15.6335      5.017      7.276    12.5381 0.0000e+00
      5.124      0.032     7.0530     66.424     59.691  44.816370     0.7076      6.807   128.7449 1.2376e-01    15.6179      5.025      7.288    12.5312 0.0000e+00
      5.134      0.032     7.0431     66.681     59.695  44.828932     0.6818      6.807   130.3314 1.2376e-01    15.5131      5.035      7.302    12.5286 0.0000e+00
      5.142      0.033     7.0370     66.973     59.707  44.846621     0.6582      6.807   132.0971 1.2378e-01    15.3910      5.043      7.314    12.5289 0.0000e+00
      5.149      0.036     7.0450     67.250     59.691  44.839811     0.6468      6.806   133.7471 1.2379e-01    15.3370      5.049      7.323    12.5304 0.0000e+00
      5.157      0.039     7.0706     67.447     59.650  44.810072     0.6439      6.806   135.1383 1.2380e-01    15.3389      5.055      7.332    12.5357 0.0000e+00
      5.167      0.042     7.0944     67.561     59.645  44.804453     0.6565      6.806   136.4426 1.2380e-01    15.3457      5.066      7.348    12.5464 0.0000e+00
      5.179      0.044     7.1267     67.610     59.694  44.835351     0.6659      6.806   137.2992 1.2377e-01    15.3163      5.079      7.366    12.5545 0.0000e+00
      5.192      0.046     7.1596     67.586     59.743  44.866245     0.6654      6.806   137.4081 1.2375e-01    15.2903      5.091      7.383    12.5571 0.0000e+00
      5.205      0.046     7.1796     67.519     59.734  44.860578     0.6509      6.806   137.3283 1.2377e-01    15.3058      5.106      7.405    12.5595 0.0000e+00
      5.218      0.045     7.1901     67.459     59.684  44.830321     0.6402      6.806   137.3674 1.2379e-01    15.2979      5.118      7.422    12.5571 0.0000e+00
      5.228      0.043     7.1981     67.398     59.656  44.817825     0.6442      6.806   137.4512 1.2374e-01    15.1950      5.126      7.436    12.5512 0.0000e+00
      5.238      0.041     7.1956     67.329     59.677  44.836450     0.6500      6.805   137.5670 1.2366e-01    15.1205      5.138      7.452    12.5450 0.0000e+00
      5.248      0.039     7.1848     67.308     59.723  44.865084     0.6510      6.805   137.8202 1.2362e-01    15.1139      5.148      7.466    12.5437 0.0000e+00
      5.258      0.039     7.1782     67.340     59.713  44.846623     0.6493      6.804   138.3619 1.2364e-01    15.0813      5.156      7.478    12.5539 0.0000e+00
      5.267      0.039     7.1723     67.394     59.670  44.803664     0.6619      6.804   139.1258 1.2367e-01    15.1027      5.166      7.493    12.5632 0.0000e+00
      5.277      0.038     7.1593     67.454     59.662  44.790014     0.6791      6.805   140.0875 1.2366e-01    15.1332      5.174      7.504    12.5656 0.0000e+00
      5.288      0.037     7.1589     67.492     59.693  44.808536     0.6826      6.805   141.2136 1.2370e-01    15.1092      5.186      7.521    12.5605 0.0000e+00
      5.299      0.035     7.1669     67.521     59.734  44.837169     0.6697      6.804   142.1592 1.2379e-01    15.0855      5.198      7.538    12.5483 0.0000e+00
      5.307      0.035     7.1723     67.544     59.713  44.818810     0.6491      6.804   142.9170 1.2380e-01    15.0851      5.204      7.549    12.5385 0.0000e+00
      5.314      0.037     7.1835     67.540     59.661  44.776996     0.6496      6.803   143.8374 1.2381e-01    15.1390      5.211      7.559    12.5330 0.0000e+00
      5.321      0.041     7.1856     67.499     59.659  44.775957     0.6678      6.802   144.8555 1.2385e-01    15.1570      5.219      7.569    12.5295 0.0000e+00
      5.329      0.043     7.1891     67.422     59.693  44.806248     0.6770      6.802   145.7626 1.2380e-01    15.1315      5.225      7.577    12.5276 0.0000e+00
      5.343      0.045     7.1934     67.342     59.713  44.825846     0.6691      6.801   146.4595 1.2372e-01    15.1710      5.237      7.595    12.5255 0.0000e+00
      5.361      0.045     7.1932     67.299     59.705  44.822480     0.6566      6.800   146.9996 1.2372e-01    15.2944      5.259      7.627    12.5228 0.0000e+00
      5.375      0.045     7.1897     67.320     59.710  44.829035     0.6587      6.800   147.5612 1.2369e-01    15.4276      5.274      7.650    12.5216 0.0000e+00
      5.383      0.042     7.1789     67.384     59.722  44.841626     0.6695      6.800   148.1734 1.2365e-01    15.4498      5.279      7.657    12.5267 0.0000e+00
      5.391      0.037     7.1679     67.456     59.729  44.847766     0.6864      6.800   148.8095 1.2368e-01    15.3923      5.286      7.667    12.5329 0.0000e+00
      5.401      0.034     7.1617     67.521     59.720  44.839789     0.7058      6.800   149.4873 1.2368e-01    15.3469      5.297      7.683    12.5330 0.0000e+00
      5.410      0.035     7.1647     67.561     59.680  44.808650     0.7034      6.800   150.3453 1.2368e-01    15.3454      5.307      7.696    12.5352 0.0000e+00
      5.416      0.040     7.1728     67.578     59.654  44.788671     0.6995      6.800   151.4407 1.2373e-01    15.4075      5.311      7.705    12.5409 0.0000e+00
      5.423      0.045     7.1799     67.602     59.653  44.788661     0.6843      6.800   152.6645 1.2373e-01    15.5519      5.316      7.711    12.5403 0.0000e+00
      5.434      0.049     7.1885     67.619     59.678  44.808526     0.6356      6.798   154.0432 1.2372e-01    15.7234      5.327      7.725    12.5379 0.0000e+00
      5.451      0.053     7.1933     67.591     59.721  44.838421     0.6014      6.797   155.5492 1.2373e-01    15.7729      5.343      7.751    12.5381 0.0000e+00
      5.471      0.056     7.1929     67.551     59.721  44.832711     0.5876      6.797   157.0208 1.2376e-01    15.7411      5.366      7.783    12.5359 0.0000e+00
      5.487      0.057     7.1958     67.541     59.689  44.802970     0.5852      6.798   158.3283 1.2378e-01    15.6801      5.383      7.808    12.5378 0.0000e+00
      5.499      0.057     7.2002     67.540     59.684  44.796217     0.5975      6.798   159.5701 1.2373e-01    15.5146      5.393      7.821    12.5411 0.0000e+00
      5.510      0.056     7.1961     67.520     59.709  44.814528     0.6024      6.797   161.0225 1.2371e-01    15.3796      5.402      7.835    12.5372 0.0000e+00
      5.523      0.055     7.1889     67.497     59.735  44.833932     0.5939      6.797   162.4671 1.2371e-01    15.3463      5.415      7.854    12.5315 0.0000e+00
      5.539      0.055     7.1916     67.492     59.746  44.840383     0.5869      6.797   163.6151 1.2369e-01    15.3508      5.431      7.877    12.5266 0.0000e+00
      5.554      0.055     7.1930     67.497     59.733  44.829040     0.5931      6.796   164.6640 1.2368e-01    15.3998      5.447      7.901    12.5233 0.0000e+00
      5.570      0.053     7.1896     67.514     59.727  44.823742     0.6029      6.796   165.7714 1.2369e-01    15.4264      5.462      7.923    12.5247 0.0000e+00
      5.585      0.050     7.1859     67.562     59.748  44.839812     0.6054      6.797   167.0234 1.2377e-01    15.3994      5.478      7.946    12.5259 0.0000e+00
      5.597      0.045     7.1864     67.632     59.738  44.832902     0.6143      6.797   168.3587 1.2380e-01    15.3124      5.491      7.963    12.5230 0.0000e+00
      5.606      0.040     7.1880     67.708     59.701  44.803669     0.6282      6.796   169.4403 1.2378e-01    15.2277      5.498      7.973    12.5205 0.0000e+00
      5.614      0.036     7.1876     67.770     59.705  44.803764     0.6401      6.796   170.2066 1.2379e-01    15.2296      5.505      7.984    12.5202 0.0000e+00
      5.624      0.035     7.1939     67.820     59.748  44.834036     0.6574      6.795   170.8267 1.2377e-01    15.2329      5.516      8.000    12.5215 0.0000e+00
      5.632      0.036     7.2016     67.888     59.770  44.852290     0.6625      6.794   171.3455 1.2375e-01    15.1659      5.525      8.013    12.5222 0.0000e+00
      5.638      0.038     7.2107     67.938     59.733  44.834025     0.6356      6.794   171.9195 1.2375e-01    15.0683      5.528      8.017    12.5207 0.0000e+00
      5.648      0.042     7.2189     67.969     59.672  44.803646     0.5979      6.795   172.6040 1.2376e-01    15.0424      5.537      8.029    12.5179 0.0000e+00
      5.660      0.046     7.2207     68.046     59.651  44.802396     0.5894      6.795   173.2550 1.2379e-01    15.0925      5.551      8.051    12.5145 0.0000e+00
      5.673      0.049     7.2313     68.117     59.668  44.818932     0.6089      6.795   173.8544 1.2376e-01    15.1618      5.564      8.070    12.5152 0.0000e+00
      5.687      0.049     7.2372     68.122     59.672  44.813149     0.6245      6.794   174.4314 1.2370e-01    15.1973      5.575      8.086    12.5230 0.0000e+00
      5.702      0.045     7.2302     68.108     59.665  44.795936     0.6204      6.794   174.9825 1.2370e-01    15.1453      5.590      8.108    12.5378 0.0000e+00
      5.717      0.039     7.2415     68.095     59.685  44.801244     0.6008      6.793   175.4406 1.2376e-01    15.0804      5.608      8.134    12.5553 0.0000e+00
      5.727      0.032     7.2516     68.038     59.710  44.813838     0.5870      6.793   175.8405 1.2381e-01    15.0957      5.619      8.150    12.5587 0.0000e+00
      5.731      0.026     7.2502     67.947     59.725  44.821235     0.5954      6.794   176.3764 1.2383e-01    15.2267      5.621      8.153    12.5463 0.0000e+00
      5.733      0.023     7.2489     67.862     59.730  44.827201     0.6109      6.794   177.1883 1.2379e-01    15.3676      5.621      8.153    12.5350 0.0000e+00
      5.736      0.024     7.2530     67.784     59.717  44.822493     0.6080      6.794   178.0863 1.2369e-01    15.3640      5.624      8.158    12.5288 0.0000e+00
      5.740      0.029     7.2468     67.732     59.722  44.827802     0.5937      6.794   178.8008 1.2368e-01    15.2854      5.627      8.161    12.5231 0.0000e+00
      5.747      0.033     7.2342     67.717     59.727  44.827907     0.6129      6.793   179.3748 1.2373e-01    15.2379      5.633      8.170    12.5184 0.0000e+00
      5.761      0.036     7.2278     67.742     59.726  44.823763     0.6570      6.792   180.0363 1.2370e-01    15.2333      5.648      8.191    12.5201 0.0000e+00
      5.776      0.037     7.2150     67.777     59.746  44.841170     0.6687      6.793   180.8624 1.2366e-01    15.2299      5.667      8.218    12.5268 0.0000e+00
      5.787      0.034     7.2111     67.801     59.735  44.847936     0.6551      6.793   181.7052 1.2373e-01    15.1627      5.677      8.235    12.5287 0.0000e+00
      5.792      0.028     7.2077     67.800     59.702  44.842107     0.6513      6.793   182.5695 1.2381e-01    15.1039      5.680      8.239    12.5241 0.0000e+00
      5.797      0.022     7.2143     67.749     59.685  44.834198     0.6549      6.792   183.3970 1.2380e-01    15.0998      5.685      8.245    12.5193 0.0000e+00
      5.801      0.016     7.2186     67.663     59.673  44.815785     0.6575      6.792   184.1381 1.2373e-01    15.1126      5.690      8.253    12.5185 0.0000e+00
      5.804      0.014     7.2180     67.568     59.678  44.809911     0.6663      6.792   184.9053 1.2372e-01    15.1568      5.692      8.255    12.5334 0.0000e+00
      5.807      0.015     7.2168     67.494     59.711  44.826646     0.6691      6.792   185.7039 1.2378e-01    15.1555      5.695      8.258    12.5589 0.0000e+00
      5.809      0.020     7.2087     67.453     59.713  44.827677     0.6582      6.792   186.5672 1.2382e-01    15.1656      5.698      8.264    12.5609 0.0000e+00
      5.812      0.030     7.2021     67.449     59.694  44.822367     0.6507      6.792   187.3413 1.2379e-01    15.2791      5.699      8.266    12.5470 0.0000e+00
      5.818      0.041     7.1907     67.483     59.685  44.825938     0.6621      6.792   188.0079 1.2375e-01    15.3997      5.703      8.271    12.5397 0.0000e+00
      5.829      0.052     7.1846     67.552     59.660  44.807381     0.6795      6.792   188.9486 1.2377e-01    15.4624      5.714      8.288    12.5319 0.0000e+00
      5.848      0.061     7.1802     67.647     59.645  44.788444     0.6694      6.792   190.1121 1.2382e-01    15.5251      5.733      8.314    12.5290 0.0000e+00
