Data/DataNotYetUploadedToEDI/Raw_CTD/RawDownloads/081224_fcr50_S7809002.cnv
* Sea-Bird SBE19plus  Data File:
* FileName = C:\R\Reservoirs\Data\DataNotYetUploadedToEDI\Raw_CTD\RawDownloads\081324_fcr50_S7809_0002.hex
* Software version 2.8.0.119
* Temperature SN = 7809
* Conductivity SN = 7809
* System UpLoad Time = Aug 13 2024 13:54:48
* <ApplicationData>
* <Seaterm232>
# nquan = 15
# nvalues = 1305                        
# units = specified
# name 0 = depFM: Depth [fresh water, m]
# name 1 = dz/dtM: Descent Rate [m/s]
# name 2 = sbeox0Mg/L: Oxygen, SBE 43 [mg/l]
# name 3 = sbeox0PS: Oxygen, SBE 43 [% saturation]
# name 4 = specc: Specific Conductance [uS/cm]
# name 5 = c0uS/cm: Conductivity [uS/cm]
# name 6 = flECO-AFL: Fluorescence, WET Labs ECO-AFL/FL [mg/m^3]
# name 7 = ph: pH
# name 8 = orp: Oxidation Reduction Potential [mV]
# name 9 = par/sat/log: PAR/Logarithmic, Satlantic
# name 10 = turbWETntu0: Turbidity, WET Labs ECO [NTU]
# name 11 = prdM: Pressure, Strain Gauge [db]
# name 12 = prdE: Pressure, Strain Gauge [psi]
# name 13 = tv290C: Temperature [ITS-90, deg C]
# name 14 = flag:  0.000e+00
# span 0 =     -0.627,      9.525       
# span 1 =     -0.296,      0.178       
# span 2 =    -0.6247,     8.1814       
# span 3 =     -5.025,     99.436       
# span 4 =      0.914,    432.382       
# span 5 =   0.878780, 324.470948       
# span 6 =    -2.1273,   227.5950       
# span 7 =      5.760,      6.815       
# span 8 = -1235.1535,  1239.5912       
# span 9 = 1.2360e-01, 1.9793e+03       
# span 10 =    -0.3691,   237.6361      
# span 11 =     -0.616,      9.341      
# span 12 =     -0.893,     13.549      
# span 13 =    12.4775,    25.4608      
# span 14 = 0.0000e+00, 0.0000e+00      
# interval = seconds: 0.25
# start_time = Aug 12 2024 09:50:01 [Instrument's time stamp, header]
# bad_flag = -9.990e-29
*END*
[from data line 193]
     -0.618      0.093     6.6451     81.393     41.750  41.760156     0.9879      6.387   258.1286 1.0162e+03    22.3579     -0.611     -0.886    24.6478 0.0000e+00
     -0.596      0.128     6.6957     81.621     43.951  44.064270     2.0472      6.365   260.2326 8.0990e+02     6.1413     -0.599     -0.869    24.6415 0.0000e+00
     -0.545      0.157     6.7255     81.856     43.179  43.374145     2.1384      6.349   260.7414 9.9242e+02     4.6249     -0.538     -0.781    24.6618 0.0000e+00
     -0.479      0.173     6.7315     82.100     42.738  43.000918     2.1980      6.337   261.0114 1.1929e+03     4.4340     -0.464     -0.674    24.8160 0.0000e+00
     -0.420      0.178     6.7219     82.353     42.541  42.852298     2.3016      6.323   261.6896 1.2099e+03     4.3797     -0.409     -0.593    25.0126 0.0000e+00
     -0.373      0.169     6.7269     82.588     42.570  42.910169     2.3516      6.307   262.4016 1.2176e+03     4.3780     -0.361     -0.523    25.1335 0.0000e+00
     -0.338      0.150     6.7356     82.836     42.771  43.129427     2.3528      6.301   262.0500 1.2250e+03     4.3448     -0.327     -0.475    25.2232 0.0000e+00
     -0.311      0.127     6.7426     83.129     42.851  43.218368     2.4493      6.307   260.6218 1.2407e+03     4.2863     -0.307     -0.445    25.3106 0.0000e+00
     -0.283      0.107     6.7603     83.484     42.791  43.160431     2.6598      6.317   259.0714 1.2599e+03     4.3190     -0.281     -0.407    25.3708 0.0000e+00
     -0.251      0.090     6.7721     83.854     42.698  43.063638     2.8016      6.327   258.8771 1.2763e+03     4.3646     -0.242     -0.352    25.3983 0.0000e+00
     -0.226      0.077     6.7913     84.151     42.575  42.936655     2.8319      6.337   259.8214 1.2650e+03     4.3594     -0.217     -0.314    25.4140 0.0000e+00
     -0.211      0.065     6.8124     84.394     42.471  42.831050     2.8846      6.343   260.0788 1.2057e+03     4.3243     -0.207     -0.299    25.4253 0.0000e+00
     -0.201      0.052     6.8417     84.606     42.317  42.675372     2.9979      6.348   259.4940 1.1895e+03     4.2817     -0.198     -0.286    25.4278 0.0000e+00
     -0.191      0.038     6.8789     84.773     42.092  42.450715     3.0777      6.351   259.1174 1.2568e+03     4.2882     -0.189     -0.274    25.4216 0.0000e+00
     -0.181      0.028     6.9001     84.909     41.915  42.272732     3.0923      6.354   259.0527 1.3032e+03     4.3010     -0.177     -0.256    25.4186 0.0000e+00
     -0.174      0.021     6.9193     84.990     41.815  42.173605     3.0086      6.356   259.1414 1.3025e+03     4.2660     -0.168     -0.244    25.4181 0.0000e+00
     -0.170      0.016     6.9394     84.992     41.779  42.140746     2.8392      6.359   259.5018 1.2952e+03     4.2055     -0.166     -0.241    25.4170 0.0000e+00
     -0.169      0.011     6.9495     84.913     41.763  42.129316     2.7415      6.364   259.7975 1.2865e+03     4.1850     -0.166     -0.240    25.4198 0.0000e+00
     -0.169      0.008     6.9636     84.816     41.729  42.098883     2.7347      6.370   259.7919 1.2803e+03     4.2240     -0.165     -0.240    25.4211 0.0000e+00
     -0.168      0.008     6.9696     84.689     41.719  42.090137     2.7325      6.378   259.1758 1.2792e+03     4.2664     -0.165     -0.239    25.4212 0.0000e+00
     -0.167      0.013     6.9701     84.267     41.714  42.087034     2.7155      6.386   258.2844 1.2776e+03     4.2544     -0.164     -0.238    25.4260 0.0000e+00
     -0.164      0.019     6.9613     83.383     41.687  42.061365     2.7025      6.393   258.1342 1.2750e+03     4.2148     -0.162     -0.235    25.4331 0.0000e+00
     -0.159      0.024     6.9477     82.134     41.658  42.033655     2.6920      6.399   258.6500 1.2746e+03     4.2309     -0.157     -0.228    25.4377 0.0000e+00
     -0.151      0.029     6.9513     80.699     41.631  42.005872     2.6970      6.404   259.3581 1.2756e+03     4.2782     -0.150     -0.217    25.4393 0.0000e+00
     -0.140      0.034     6.9216     79.322     41.604  41.979322     2.8212      6.408   259.1246 1.2745e+03     4.2412     -0.137     -0.199    25.4410 0.0000e+00
     -0.130      0.036     6.8431     78.292     41.589  41.966512     3.0365      6.413   257.8920 1.2715e+03     4.0902     -0.127     -0.184    25.4430 0.0000e+00
     -0.121      0.034     6.7368     77.729     41.599  41.977920     3.1449      6.419   257.3612 1.2536e+03     3.9898     -0.120     -0.174    25.4441 0.0000e+00
     -0.111      0.030     6.6126     77.549     41.609  41.990332     3.1498      6.425   257.6970 1.1208e+03     4.0182     -0.108     -0.157    25.4438 0.0000e+00
     -0.102      0.024     6.4888     77.579     41.607  41.989643     3.2132      6.431   258.1655 8.0247e+02     4.1262     -0.098     -0.142    25.4440 0.0000e+00
     -0.096      0.018     6.4002     77.620     41.585  41.969594     3.3367      6.436   258.2078 6.1992e+02     4.2706     -0.093     -0.136    25.4477 0.0000e+00
     -0.093      0.012     6.3587     77.566     41.552  41.938331     3.4020      6.441   257.7780 8.5990e+02     4.2955     -0.091     -0.133    25.4503 0.0000e+00
     -0.093      0.007     6.3470     77.421     41.542  41.928991     3.3958      6.444   257.4425 1.1980e+03     4.1881     -0.091     -0.132    25.4517 0.0000e+00
     -0.093      0.003     6.3571     77.189     41.535  41.920126     3.3532      6.446   257.3358 1.3275e+03     4.1677     -0.091     -0.132    25.4543 0.0000e+00
     -0.093      0.001     6.3633     76.875     41.512  41.894615     3.3031      6.450   257.4338 1.3310e+03     4.2544     -0.091     -0.132    25.4575 0.0000e+00
     -0.092      0.001     6.3564     76.470     41.494  41.874400     3.2812      6.455   258.0250 1.3243e+03     4.2796     -0.090     -0.131    25.4591 0.0000e+00
     -0.092      0.001     6.3456     75.968     41.485  41.866117     3.2718      6.460   258.8055 1.3103e+03     4.2332     -0.090     -0.130    25.4602 0.0000e+00
     -0.092      0.002     6.3259     75.448     41.475  41.857941     3.2473      6.465   259.0410 1.2015e+03     4.1374     -0.090     -0.130    25.4596 0.0000e+00
     -0.092      0.004     6.3006     74.940     41.455  41.839004     3.2175      6.470   258.8082 9.1875e+02     4.0436     -0.090     -0.130    25.4536 0.0000e+00
     -0.092      0.005     6.2704     74.377     41.442  41.827558     3.2195      6.474   258.4856 5.7873e+02     4.0553     -0.090     -0.131    25.4507 0.0000e+00
     -0.090      0.009     6.2241     73.785     41.460  41.846483     3.2387      6.477   258.8397 4.4757e+02     4.1079     -0.089     -0.129    25.4527 0.0000e+00
     -0.087      0.014     6.1800     73.376     41.491  41.877427     3.3166      6.477   259.9075 6.3189e+02     4.0992     -0.085     -0.123    25.4553 0.0000e+00
     -0.084      0.022     6.1423     73.413     41.501  41.884354     3.4625      6.474   260.5551 9.6366e+02     4.0179     -0.081     -0.117    25.4577 0.0000e+00
     -0.081      0.031     6.0960     73.977     41.486  41.866772     3.5456      6.470   260.7322 1.1021e+03     3.9793     -0.080     -0.116    25.4588 0.0000e+00
     -0.073      0.041     6.0404     74.919     41.477  41.855244     3.5644      6.466   260.4141 8.5873e+02     4.0421     -0.075     -0.109    25.4598 0.0000e+00
     -0.058      0.051     5.9965     75.911     41.496  41.871891     3.5652      6.464   259.8068 6.3420e+02     4.0611     -0.056     -0.081    25.4608 0.0000e+00
     -0.041      0.060     5.9984     76.575     41.502  41.877647     3.5467      6.464   259.8422 6.2519e+02     4.0032     -0.039     -0.057    25.4570 0.0000e+00
     -0.025      0.067     6.0495     76.715     41.484  41.861372     3.5402      6.465   260.0675 6.0054e+02     3.9907     -0.027     -0.039    25.4529 0.0000e+00
     -0.005      0.071     6.1365     76.335     41.487  41.865513     3.5450      6.467   259.9499 5.7356e+02     4.0477     -0.006     -0.007    25.4502 0.0000e+00
      0.015      0.071     6.2317     75.480     41.485  41.864254     3.5547      6.468   259.7977 5.2336e+02     4.1108      0.015      0.022    25.4451 0.0000e+00
      0.035      0.070     6.2918     74.284     41.469  41.846140     3.5825      6.470   259.6896 4.9131e+02     4.1734      0.034      0.049    25.4466 0.0000e+00
      0.053      0.066     6.3002     73.029     41.462  41.836903     3.6145      6.473   259.6741 5.0763e+02     4.2238      0.053      0.075    25.4489 0.0000e+00
      0.068      0.061     6.2689     72.006     41.442  41.816041     3.6173      6.477   259.8694 4.8979e+02     4.2082      0.065      0.096    25.4505 0.0000e+00
      0.083      0.056     6.1960     71.351     41.412  41.784298     3.5998      6.479   260.2440 4.1925e+02     4.2230      0.082      0.119    25.4527 0.0000e+00
      0.097      0.051     6.0884     71.013     41.400  41.770441     3.5856      6.482   260.5898 3.6717e+02     4.3686      0.097      0.141    25.4484 0.0000e+00
      0.108      0.047     5.9766     70.849     41.405  41.775432     3.5795      6.487   260.6087 4.0311e+02     4.5339      0.106      0.154    25.4463 0.0000e+00
      0.119      0.044     5.8885     70.797     41.412  41.781178     3.5836      6.491   260.4722 4.7983e+02     4.5477      0.115      0.167    25.4471 0.0000e+00
      0.129      0.040     5.8372     70.828     41.409  41.776442     3.5768      6.495   260.6599 6.1689e+02     4.4331      0.126      0.184    25.4442 0.0000e+00
      0.139      0.038     5.8156     70.779     41.415  41.781634     3.5730      6.500   261.1574 8.6082e+02     4.3437      0.136      0.198    25.4412 0.0000e+00
      0.149      0.037     5.8043     70.539     41.414  41.780480     3.6036      6.504   261.5839 9.7464e+02     4.2866      0.146      0.213    25.4417 0.0000e+00
      0.158      0.036     5.7974     70.168     41.396  41.762489     3.6301      6.508   261.7734 8.7288e+02     4.2553      0.155      0.225    25.4396 0.0000e+00
      0.166      0.033     5.8078     69.703     41.389  41.754503     3.6272      6.513   261.8995 7.5368e+02     4.2385      0.163      0.237    25.4361 0.0000e+00
      0.175      0.030     5.8090     69.130     41.382  41.747389     3.6430      6.518   262.0759 6.0189e+02     4.2546      0.172      0.250    25.4358 0.0000e+00
      0.184      0.027     5.7838     68.493     41.375  41.739944     3.6971      6.522   262.2713 5.5043e+02     4.3821      0.181      0.262    25.4370 0.0000e+00
      0.190      0.025     5.7532     67.888     41.365  41.727954     3.7401      6.525   262.5410 6.3964e+02     4.5154      0.188      0.272    25.4367 0.0000e+00
      0.195      0.025     5.7169     67.372     41.369  41.729358     3.7471      6.529   262.8422 6.3107e+02     4.5343      0.193      0.279    25.4351 0.0000e+00
      0.199      0.026     5.6683     66.932     41.398  41.756904     3.7317      6.533   263.0737 6.4463e+02     4.4743      0.195      0.283    25.4358 0.0000e+00
      0.204      0.028     5.6123     66.516     41.388  41.743672     3.6873      6.536   263.2747 7.0749e+02     4.3706      0.198      0.288    25.4359 0.0000e+00
      0.212      0.032     5.5617     66.169     41.345  41.696303     3.6348      6.539   263.4656 7.2092e+02     4.2715      0.208      0.302    25.4334 0.0000e+00
      0.222      0.037     5.5193     65.963     41.343  41.691906     3.6215      6.543   263.7467 7.4362e+02     4.2661      0.219      0.317    25.4283 0.0000e+00
      0.232      0.041     5.4873     65.831     41.343  41.690502     3.6258      6.547   264.1786 6.5465e+02     4.2716      0.227      0.329    25.4259 0.0000e+00
      0.244      0.044     5.4518     65.719     41.333  41.679322     3.6454      6.550   264.6439 5.5130e+02     4.2689      0.239      0.347    25.4247 0.0000e+00
      0.256      0.046     5.4184     65.622     41.336  41.683658     3.6998      6.553   265.1578 5.4411e+02     4.3357      0.252      0.366    25.4169 0.0000e+00
      0.268      0.048     5.4076     65.499     41.330  41.679469     3.7427      6.556   265.6588 5.2247e+02     4.4303      0.262      0.381    25.4151 0.0000e+00
      0.279      0.050     5.3978     65.394     41.342  41.692149     3.7481      6.558   266.1414 5.3507e+02     4.5254      0.273      0.397    25.4147 0.0000e+00
      0.293      0.051     5.3872     65.426     41.358  41.710029     3.7228      6.560   266.7773 5.8457e+02     4.4941      0.287      0.416    25.4109 0.0000e+00
      0.307      0.052     5.3825     65.651     41.353  41.705258     3.6782      6.562   267.3243 5.6081e+02     4.3252      0.301      0.437    25.4141 0.0000e+00
      0.320      0.052     5.3709     66.108     41.345  41.697923     3.6498      6.564   267.6788 5.3665e+02     4.2267      0.313      0.455    25.4171 0.0000e+00
      0.334      0.051     5.3562     66.818     41.332  41.684818     3.6550      6.564   268.0533 6.7479e+02     4.2243      0.327      0.474    25.4179 0.0000e+00
      0.348      0.048     5.3587     67.623     41.320  41.673736     3.6745      6.565   268.4102 8.0356e+02     4.2963      0.342      0.497    25.4192 0.0000e+00
      0.361      0.045     5.3764     68.274     41.338  41.690874     3.6778      6.567   268.7247 7.1306e+02     4.4142      0.354      0.515    25.4200 0.0000e+00
      0.371      0.042     5.4106     68.674     41.350  41.701626     3.6612      6.569   269.0164 5.7536e+02     4.4546      0.363      0.527    25.4202 0.0000e+00
      0.381      0.038     5.4742     68.910     41.327  41.676798     3.6487      6.572   269.2697 5.0673e+02     4.4430      0.372      0.541    25.4211 0.0000e+00
      0.390      0.034     5.5497     68.999     41.293  41.644549     3.6432      6.576   269.4647 4.9759e+02     4.5135      0.383      0.555    25.4225 0.0000e+00
      0.398      0.031     5.6064     68.802     41.275  41.629044     3.6372      6.580   269.6538 5.1203e+02     4.6917      0.389      0.566    25.4219 0.0000e+00
      0.404      0.031     5.6341     68.300     41.262  41.616275     3.6257      6.583   269.9209 4.8194e+02     4.7872      0.396      0.575    25.4193 0.0000e+00
      0.411      0.032     5.6519     67.625     41.263  41.617092     3.6122      6.586   270.1991 4.7289e+02     4.7114      0.405      0.587    25.4159 0.0000e+00
      0.418      0.035     5.6669     66.887     41.284  41.638912     3.6068      6.590   270.4363 5.2269e+02     4.6297      0.410      0.594    25.4178 0.0000e+00
      0.427      0.039     5.6507     66.192     41.270  41.626237     3.6267      6.592   270.6378 5.7320e+02     4.6184      0.417      0.605    25.4244 0.0000e+00
      0.438      0.044     5.6025     65.585     41.235  41.590768     3.6699      6.594   270.8287 5.4352e+02     4.6091      0.429      0.623    25.4246 0.0000e+00
      0.450      0.048     5.5465     65.027     41.235  41.590863     3.6809      6.597   271.0229 4.6688e+02     4.5516      0.441      0.639    25.4222 0.0000e+00
      0.464      0.051     5.4818     64.565     41.273  41.627380     3.6670      6.600   271.1791 4.5217e+02     4.4696      0.455      0.660    25.4240 0.0000e+00
      0.479      0.052     5.4221     64.325     41.298  41.651500     3.6684      6.602   271.4267 4.9252e+02     4.3348      0.471      0.683    25.4248 0.0000e+00
      0.494      0.050     5.3767     64.420     41.276  41.628619     3.6720      6.605   271.7801 5.0725e+02     4.2208      0.486      0.704    25.4255 0.0000e+00
      0.507      0.047     5.3282     64.844     41.253  41.604594     3.6863      6.607   271.9248 4.6039e+02     4.2867      0.497      0.721    25.4261 0.0000e+00
      0.519      0.042     5.2865     65.415     41.264  41.614885     3.6918      6.610   271.8845 4.1341e+02     4.3451      0.508      0.738    25.4252 0.0000e+00
      0.529      0.038     5.2635     65.964     41.276  41.626112     3.6881      6.612   272.0679 4.1075e+02     4.3121      0.519      0.753    25.4222 0.0000e+00
