Data/DataNotYetUploadedToEDI/Raw_CTD/RawDownloads/081224_fcr10_S7809003.cnv
* Sea-Bird SBE19plus  Data File:
* FileName = C:\R\Reservoirs\Data\DataNotYetUploadedToEDI\Raw_CTD\RawDownloads\081324_fcr50_S7809_0003.hex
* Software version 2.8.0.119
* Temperature SN = 7809
* Conductivity SN = 7809
* System UpLoad Time = Aug 13 2024 13:55:11
* <ApplicationData>
* <Seaterm232>
# nquan = 15
# nvalues = 641                         
# units = specified
# name 0 = depFM: Depth [fresh water, m]
# name 1 = dz/dtM: Descent Rate [m/s]
# name 2 = sbeox0Mg/L: Oxygen, SBE 43 [mg/l]
# name 3 = sbeox0PS: Oxygen, SBE 43 [% saturation]
# name 4 = specc: Specific Conductance [uS/cm]
# name 5 = c0uS/cm: Conductivity [uS/cm]
# name 6 = flECO-AFL: Fluorescence, WET Labs ECO-AFL/FL [mg/m^3]
# name 7 = ph: pH
# name 8 = orp: Oxidation Reduction Potential [mV]
# name 9 = par/sat/log: PAR/Logarithmic, Satlantic
# name 10 = turbWETntu0: Turbidity, WET Labs ECO [NTU]
# name 11 = prdM: Pressure, Strain Gauge [db]
# name 12 = prdE: Pressure, Strain Gauge [psi]
# name 13 = tv290C: Temperature [ITS-90, deg C]
# name 14 = flag:  0.000e+00
# span 0 =     -0.481,      2.096       
# span 1 =     -0.041,      0.184       
# span 2 =     1.7510,     7.9652       
# span 3 =     20.943,     96.606       
# span 4 =     41.310,     46.412       
# span 5 =  41.235655,  45.516252       
# span 6 =     2.0249,    15.3427       
# span 7 =      5.791,      7.331       
# span 8 =   116.6833,   253.0545       
# span 9 = 2.1249e+01, 1.0651e+03       
# span 10 =     7.6978,   170.8184      
# span 11 =     -0.482,      2.056      
# span 12 =     -0.698,      2.982      
# span 13 =    24.0229,    25.3833      
# span 14 = 0.0000e+00, 0.0000e+00      
# interval = seconds: 0.25
# start_time = Aug 12 2024 10:45:22 [Instrument's time stamp, header]
# bad_flag = -9.990e-29
*END*
[from data line 97]
      0.016      0.011     5.1193     59.715     41.567  41.557479     5.4215      6.510   206.9104 5.7337e+02     7.9753      0.016      0.023    24.9974 0.0000e+00
      0.018      0.008     5.0649     59.355     41.580  41.568923     5.4295      6.516   207.2680 5.5869e+02     8.0155      0.017      0.025    24.9948 0.0000e+00
      0.021      0.002     5.0104     59.020     41.555  41.543745     5.4451      6.520   207.4719 5.4149e+02     8.0263      0.020      0.030    24.9910 0.0000e+00
      0.025     -0.004     4.9672     58.720     41.519  41.506934     5.4440      6.523   207.7410 5.1125e+02     7.9350      0.025      0.036    24.9865 0.0000e+00
      0.025     -0.007     4.9332     58.578     41.521  41.504637     5.4249      6.523   208.1989 4.9503e+02     7.8350      0.028      0.040    24.9823 0.0000e+00
      0.018     -0.007     4.9050     58.716     41.539  41.515968     5.4223      6.520   208.7064 5.2391e+02     7.8079      0.020      0.030    24.9795 0.0000e+00
      0.008     -0.003     4.8784     59.067     41.546  41.516998     5.4444      6.516   208.8863 5.7196e+02     7.8804      0.004      0.007    24.9807 0.0000e+00
      0.003      0.003     4.8490     59.417     41.547  41.517083     5.4756      6.516   208.8244 5.9493e+02     8.0278     -0.001     -0.002    24.9804 0.0000e+00
      0.008      0.013     4.8321     59.592     41.542  41.516986     5.4925      6.520   208.9050 5.5898e+02     8.0867      0.005      0.007    24.9753 0.0000e+00
      0.018      0.023     4.8465     59.553     41.535  41.515841     5.4904      6.526   209.0862 4.8845e+02     8.0466      0.017      0.025    24.9678 0.0000e+00
      0.028      0.032     4.8848     59.357     41.516  41.503242     5.5005      6.531   209.3810 4.5289e+02     8.0208      0.028      0.041    24.9567 0.0000e+00
      0.037      0.037     4.9192     59.090     41.501  41.491588     5.5313      6.537   209.6307 4.6480e+02     8.0480      0.035      0.051    24.9553 0.0000e+00
      0.047      0.037     4.9336     58.799     41.508  41.501879     5.5539      6.544   209.6960 4.8668e+02     8.1022      0.045      0.066    24.9631 0.0000e+00
      0.057      0.035     4.9275     58.477     41.507  41.500734     5.5580      6.554   209.8272 5.0109e+02     8.0953      0.055      0.080    24.9713 0.0000e+00
      0.067      0.033     4.9078     58.145     41.487  41.477749     5.5471      6.561   210.0980 5.1040e+02     8.0330      0.067      0.096    24.9796 0.0000e+00
      0.075      0.033     4.8835     57.853     41.491  41.477834     5.5387      6.565   210.3035 5.1031e+02     7.9979      0.075      0.109    24.9837 0.0000e+00
      0.080      0.032     4.8603     57.617     41.518  41.501754     5.5492      6.569   210.4181 4.9736e+02     8.0128      0.078      0.114    24.9868 0.0000e+00
      0.087      0.030     4.8333     57.407     41.532  41.513085     5.5653      6.572   210.6240 4.9050e+02     8.0771      0.084      0.121    24.9876 0.0000e+00
      0.096      0.027     4.8036     57.168     41.511  41.487898     5.5665      6.577   210.8994 4.9294e+02     8.0912      0.095      0.136    24.9834 0.0000e+00
      0.106      0.025     4.7801     56.878     41.479  41.451087     5.5478      6.582   211.0810 4.7694e+02     7.9790      0.106      0.154    24.9775 0.0000e+00
      0.113      0.022     4.7615     56.655     41.480  41.448789     5.5299      6.587   211.1841 4.5534e+02     7.8466      0.112      0.162    24.9730 0.0000e+00
      0.116      0.020     4.7463     56.633     41.495  41.460109     5.5415      6.593   211.2865 4.4798e+02     7.8231      0.115      0.165    24.9711 0.0000e+00
      0.118      0.018     4.7289     56.752     41.500  41.461025     5.5720      6.599   211.4589 4.4286e+02     7.9000      0.116      0.168    24.9675 0.0000e+00
      0.121      0.016     4.7014     56.854     41.501  41.459862     5.5909      6.604   211.6339 4.3983e+02     7.8885      0.119      0.173    24.9606 0.0000e+00
      0.126      0.015     4.6764     56.844     41.487  41.446032     5.5954      6.610   211.6809 4.3646e+02     7.7870      0.123      0.178    24.9548 0.0000e+00
      0.132      0.013     4.6786     56.721     41.460  41.420751     5.5934      6.617   211.7691 4.2706e+02     7.7646      0.129      0.187    24.9515 0.0000e+00
      0.138      0.013     4.6946     56.570     41.446  41.408068     5.5995      6.625   212.0120 4.1473e+02     7.8235      0.137      0.199    24.9470 0.0000e+00
      0.140      0.014     4.7060     56.490     41.456  41.419615     5.6188      6.631   212.2950 3.9961e+02     7.8835      0.139      0.201    24.9422 0.0000e+00
      0.139      0.015     4.7054     56.496     41.466  41.433432     5.6187      6.637   212.5235 3.8597e+02     7.8759      0.135      0.195    24.9443 0.0000e+00
      0.141      0.015     4.6918     56.530     41.477  41.448193     5.5980      6.643   212.7101 3.7735e+02     7.8340      0.136      0.197    24.9481 0.0000e+00
      0.147      0.016     4.6754     56.516     41.497  41.471168     5.5852      6.650   212.8303 3.7032e+02     7.7863      0.144      0.208    24.9474 0.0000e+00
      0.155      0.017     4.6685     56.415     41.482  41.457350     5.5891      6.657   212.9448 3.6514e+02     7.7779      0.152      0.221    24.9495 0.0000e+00
      0.161      0.019     4.6706     56.254     41.436  41.408055     5.6120      6.662   213.3194 3.6418e+02     7.8351      0.159      0.231    24.9550 0.0000e+00
      0.164      0.019     4.6754     56.085     41.414  41.382879     5.6210      6.667   213.8320 3.6243e+02     7.8287      0.162      0.235    24.9598 0.0000e+00
      0.166      0.019     4.6758     55.947     41.439  41.406807     5.6065      6.672   214.1520 3.5269e+02     7.7681      0.162      0.235    24.9642 0.0000e+00
      0.169      0.019     4.6655     55.809     41.476  41.443504     5.6114      6.677   214.3498 3.4276e+02     7.8196      0.165      0.239    24.9659 0.0000e+00
      0.176      0.019     4.6516     55.606     41.480  41.445782     5.6464      6.682   214.5888 3.4826e+02     8.0074      0.172      0.250    24.9608 0.0000e+00
      0.183      0.019     4.6359     55.336     41.470  41.434346     5.6798      6.684   214.8043 3.6508e+02     8.1599      0.180      0.262    24.9549 0.0000e+00
      0.188      0.017     4.6258     55.024     41.469  41.432161     5.6822      6.686   214.9766 3.7522e+02     8.1612      0.185      0.268    24.9542 0.0000e+00
      0.192      0.013     4.6176     54.678     41.459  41.419365     5.6595      6.690   215.2095 3.7602e+02     8.0577      0.189      0.274    24.9543 0.0000e+00
      0.196      0.007     4.6003     54.312     41.449  41.406550     5.6047      6.693   216.2442 3.7561e+02     7.9330      0.193      0.280    24.9529 0.0000e+00
      0.197      0.002     4.5767     53.970     41.449  41.404157     5.5349      6.695   217.3342 3.7519e+02     7.8494      0.195      0.282    24.9512 0.0000e+00
      0.196     -0.002     4.5515     53.690     41.438  41.390422     5.5064      6.696   217.1163 3.7333e+02     7.8324      0.193      0.280    24.9499 0.0000e+00
      0.194     -0.003     4.5227     53.480     41.417  41.367409     5.4935      6.693   216.9655 3.7002e+02     7.8294      0.190      0.276    24.9479 0.0000e+00
      0.190     -0.002     4.4910     53.373     41.431  41.379768     5.4623      6.688   217.4049 3.7251e+02     7.8130      0.187      0.270    24.9440 0.0000e+00
      0.187      0.001     4.4620     53.398     41.465  41.412927     5.4377      6.681   217.7820 3.8038e+02     7.8052      0.181      0.263    24.9391 0.0000e+00
      0.188      0.005     4.4393     53.459     41.436  41.387531     5.4372      6.675   218.1693 3.7586e+02     7.8034      0.182      0.265    24.9352 0.0000e+00
      0.193      0.009     4.4217     53.481     41.371  41.326572     5.4558      6.670   218.4742 3.5591e+02     7.8589      0.191      0.276    24.9332 0.0000e+00
      0.198      0.013     4.4096     53.519     41.351  41.310549     5.4883      6.670   218.7160 3.3373e+02     7.8957      0.195      0.284    24.9320 0.0000e+00
      0.201      0.014     4.4164     53.586     41.359  41.320735     5.5223      6.673   218.9420 3.2010e+02     7.8388      0.197      0.286    24.9305 0.0000e+00
      0.203      0.014     4.4255     53.669     41.359  41.322805     5.5420      6.676   219.1415 3.0918e+02     7.7868      0.198      0.287    24.9342 0.0000e+00
      0.208      0.011     4.4214     53.759     41.370  41.335582     5.5601      6.678   219.4074 2.9040e+02     7.7789      0.204      0.296    24.9418 0.0000e+00
      0.214      0.009     4.4255     53.821     41.383  41.348293     5.5498      6.679   219.7476 2.7380e+02     7.8804      0.211      0.305    24.9449 0.0000e+00
      0.216      0.007     4.4315     53.849     41.386  41.349552     5.4847      6.679   220.1573 2.7069e+02     8.0231      0.213      0.308    24.9480 0.0000e+00
      0.215      0.006     4.4372     53.852     41.390  41.350801     5.4305      6.679   220.5756 2.8483e+02     8.0353      0.212      0.308    24.9516 0.0000e+00
      0.214      0.004     4.4470     53.814     41.405  41.363390     5.4266      6.679   220.7615 3.0903e+02     7.9937      0.210      0.305    24.9531 0.0000e+00
      0.214      0.002     4.4514     53.724     41.418  41.374827     5.4710      6.682   220.7698 3.2539e+02     7.9641      0.209      0.303    24.9530 0.0000e+00
      0.216      0.002     4.4536     53.575     41.406  41.362144     5.5344      6.686   220.7623 3.2991e+02     7.9157      0.212      0.307    24.9505 0.0000e+00
      0.219      0.003     4.4550     53.382     41.383  41.336976     5.5517      6.690   220.8426 3.2750e+02     7.8532      0.215      0.311    24.9462 0.0000e+00
      0.220      0.005     4.4524     53.220     41.373  41.324396     5.5391      6.692   221.0523 3.2161e+02     7.7883      0.216      0.314    24.9423 0.0000e+00
      0.219      0.009     4.4450     53.179     41.389  41.336966     5.5397      6.694   221.2324 3.1607e+02     7.7800      0.215      0.311    24.9406 0.0000e+00
      0.218      0.013     4.4332     53.260     41.418  41.362019     5.5431      6.697   221.2999 3.0763e+02     7.8896      0.212      0.307    24.9412 0.0000e+00
      0.221      0.016     4.4146     53.371     41.432  41.373444     5.5383      6.702   221.3525 2.9302e+02     8.0555      0.215      0.312    24.9402 0.0000e+00
      0.229      0.018     4.3980     53.433     41.406  41.348161     5.5232      6.709   221.4383 2.7801e+02     8.1122      0.224      0.325    24.9355 0.0000e+00
      0.238      0.019     4.3948     53.434     41.366  41.310197     5.5015      6.717   221.4760 2.6760e+02     8.0623      0.234      0.339    24.9317 0.0000e+00
      0.244      0.018     4.4058     53.389     41.352  41.295217     5.5349      6.724   221.5510 2.6526e+02     8.0671      0.241      0.349    24.9260 0.0000e+00
      0.248      0.016     4.4181     53.328     41.354  41.293969     5.6273      6.731   221.6562 2.7333e+02     8.1366      0.245      0.354    24.9207 0.0000e+00
      0.249      0.012     4.4225     53.282     41.358  41.295104     5.6862      6.738   221.7158 2.8603e+02     8.1843      0.245      0.355    24.9238 0.0000e+00
      0.250      0.010     4.4221     53.235     41.373  41.308938     5.6883      6.743   221.8416 2.9528e+02     8.1660      0.245      0.355    24.9281 0.0000e+00
      0.252      0.010     4.4176     53.155     41.399  41.334303     5.6787      6.748   221.9725 3.0059e+02     8.1195      0.247      0.359    24.9261 0.0000e+00
      0.256      0.011     4.4114     53.046     41.413  41.347923     5.7027      6.753   222.0075 3.0378e+02     8.1015      0.251      0.364    24.9213 0.0000e+00
      0.259      0.011     4.4085     52.914     41.411  41.346673     5.7377      6.759   222.0078 3.0092e+02     8.0845      0.254      0.369    24.9183 0.0000e+00
      0.263      0.010     4.4066     52.738     41.384  41.319198     5.7438      6.766   222.0617 2.9190e+02     8.0855      0.258      0.374    24.9166 0.0000e+00
      0.267      0.008     4.3994     52.541     41.335  41.269590     5.7441      6.773   222.1432 2.8134e+02     8.0792      0.263      0.380    24.9152 0.0000e+00
      0.268      0.006     4.3896     52.384     41.323  41.254598     5.7570      6.778   222.2189 2.6985e+02     8.0417      0.265      0.384    24.9148 0.0000e+00
      0.268      0.004     4.3804     52.279     41.336  41.264855     5.7751      6.783   222.2884 2.5757e+02     8.0423      0.264      0.382    24.9158 0.0000e+00
      0.268      0.003     4.3651     52.221     41.340  41.266678     5.7881      6.788   222.3816 2.4900e+02     8.0859      0.261      0.379    24.9169 0.0000e+00
      0.268      0.001     4.3459     52.212     41.350  41.276637     5.7723      6.793   222.5713 2.4955e+02     8.0576      0.261      0.379    24.9147 0.0000e+00
      0.269      0.001     4.3333     52.207     41.332  41.258324     5.7175      6.797   222.7749 2.5665e+02     7.9048      0.264      0.383    24.9105 0.0000e+00
      0.271      0.002     4.3261     52.187     41.310  41.235655     5.6742      6.802   222.9512 2.6568e+02     7.7753      0.266      0.386    24.9079 0.0000e+00
      0.271      0.004     4.3192     52.451     41.397  41.319883     5.6739      6.805   223.2396 2.7752e+02     7.7558      0.266      0.385    24.9057 0.0000e+00
      0.271      0.007     4.3219     54.218     41.535  41.451653     5.6965      6.806   223.5091 2.8893e+02     7.8059      0.264      0.383    24.9043 0.0000e+00
      0.271      0.012     4.3219     58.988     41.590  41.496068     5.7237      6.807   223.8004 2.9353e+02     7.8681      0.265      0.384    24.9058 0.0000e+00
      0.273      0.019     4.3186     66.451     41.582  41.476093     5.7278      6.807   224.5248 2.8879e+02     7.8586      0.267      0.387    24.9059 0.0000e+00
      0.279      0.027     4.3075     74.605     41.581  41.463977     5.7129      6.804   225.3847 2.8073e+02     7.7945      0.271      0.395    24.9025 0.0000e+00
      0.288      0.035     4.3822     81.794     41.603  41.476496     5.7189      6.801   225.9373 2.7528e+02     7.8102      0.281      0.409    24.8959 0.0000e+00
      0.299      0.041     4.7911     87.417     41.634  41.500514     5.7165      6.799   226.3882 2.6786e+02     7.9465      0.291      0.422    24.8827 0.0000e+00
      0.312      0.043     5.4915     91.327     41.639  41.500496     5.6753      6.799   226.7927 2.5380e+02     8.0756      0.306      0.443    24.8663 0.0000e+00
      0.327      0.043     6.2171     93.396     41.618  41.476264     5.6376      6.800   227.0415 2.3669e+02     8.0727      0.323      0.467    24.8519 0.0000e+00
      0.339      0.039     6.8254     93.687     41.605  41.461387     5.6184      6.802   227.3319 2.2161e+02     8.0145      0.333      0.484    24.8400 0.0000e+00
      0.349      0.033     7.2917     92.573     41.592  41.447550     5.6430      6.805   227.6366 2.0789e+02     7.9860      0.342      0.497    24.8322 0.0000e+00
      0.355      0.026     7.6251     90.759     41.580  41.435896     5.7099      6.808   227.8011 1.9469e+02     7.9338      0.349      0.507    24.8270 0.0000e+00
      0.360      0.020     7.7941     88.995     41.592  41.447425     5.7449      6.812   228.0297 1.8329e+02     7.8615      0.354      0.513    24.8221 0.0000e+00
      0.364      0.017     7.8093     87.590     41.606  41.460013     5.7329      6.814   228.5072 1.7478e+02     7.7941      0.357      0.519    24.8204 0.0000e+00
      0.366      0.018     7.6954     86.536     41.609  41.461157     5.6899      6.815   229.1005 1.6910e+02     7.8024      0.359      0.522    24.8215 0.0000e+00
