Data/DataNotYetUploadedToEDI/Raw_CTD/RawDownloads/081220_bvr50.cnv
* Sea-Bird SBE19plus  Data File:
* FileName = C:\DATA\081720_fcr50_0001.hex
* Software version 2.8.0.119
* Temperature SN = 7809
* Conductivity SN = 7809
* System UpLoad Time = Aug 17 2020 10:03:40
* <ApplicationData>
* <Seaterm232>
# nquan = 16
# nvalues = 4739                        
# units = specified
# name 0 = depFM: Depth [fresh water, m]
# name 1 = dz/dtM: Descent Rate [m/s]
# name 2 = sbeox0ML/L: Oxygen, SBE 43 [ml/l]
# name 3 = sbeox0PS: Oxygen, SBE 43 [% saturation]
# name 4 = specc: Specific Conductance [uS/cm]
# name 5 = c0uS/cm: Conductivity [uS/cm]
# name 6 = flECO-AFL: Fluorescence, WET Labs ECO-AFL/FL [mg/m^3]
# name 7 = ph: pH
# name 8 = orp: Oxidation Reduction Potential [mV]
# name 9 = par/sat/log: PAR/Logarithmic, Satlantic
# name 10 = turbWETntu0: Turbidity, WET Labs ECO [NTU]
# name 11 = prdM: Pressure, Strain Gauge [db]
# name 12 = prdE: Pressure, Strain Gauge [psi]
# name 13 = tv290C: Temperature [ITS-90, deg C]
# name 14 = density00: Density [density, kg/m^3]
# name 15 = flag:  0.000e+00
# span 0 =     -0.727,     10.423       
# span 1 =     -0.278,      0.245       
# span 2 =     0.0272,     6.1514       
# span 3 =      0.370,    111.694       
# span 4 =      3.267,    180.320       
# span 5 =   3.465921, 124.431486       
# span 6 =    -3.2637,    16.5723       
# span 7 =     14.266,     14.916       
# span 8 = -1240.7455,   349.6084       
# span 9 = 1.2344e-01, 1.9918e+03       
# span 10 =    -1.7284,   936.3043      
# span 11 =     -0.714,     10.222      
# span 12 =     -1.035,     14.825      
# span 13 =     9.4773,    32.0800      
# span 14 =   995.0097,   999.8597      
# span 15 = 0.0000e+00, 0.0000e+00      
# interval = seconds: 0.25
# start_time = Aug 12 2020 02:41:07 [Instrument's time stamp, header]
# bad_flag = -9.990e-29
*END*
[from data line 2351]
      4.254      0.007     0.0417      0.586     31.081  25.763395     4.1053     14.721   233.4192 1.7435e+01     1.8446      4.171      6.050    16.4929   998.8972 0.0000e+00
      4.256      0.007     0.0394      0.558     31.086  25.762148     4.1157     14.721   233.5357 1.7122e+01     1.9218      4.174      6.055    16.4759   998.9001 0.0000e+00
      4.258      0.006     0.0396      0.555     31.071  25.748424     4.1192     14.722   233.6233 1.6873e+01     1.9589      4.176      6.057    16.4624   998.9024 0.0000e+00
      4.260      0.006     0.0437      0.528     31.042  25.724312     4.0993     14.722   233.5318 1.6671e+01     1.9504      4.177      6.058    16.4518   998.9042 0.0000e+00
      4.261      0.006     0.0402      0.489     31.044  25.724312     4.0841     14.722   233.4628 1.6498e+01     1.9216      4.179      6.061    16.4397   998.9062 0.0000e+00
      4.262      0.006     0.0365      0.497     31.076  25.748425     4.1266     14.721   233.4762 1.6384e+01     1.8855      4.179      6.062    16.4319   998.9075 0.0000e+00
      4.263      0.007     0.0394      0.528     31.092  25.762148     4.2133     14.719   233.4356 1.6309e+01     1.8906      4.180      6.062    16.4307   998.9077 0.0000e+00
      4.265      0.007     0.0372      0.553     31.087  25.763385     4.2547     14.719   233.4026 1.6268e+01     1.8808      4.183      6.067    16.4319   998.9074 0.0000e+00
      4.268      0.007     0.0309      0.569     31.082  25.763394     4.2367     14.719   233.4207 1.6287e+01     1.8353      4.186      6.072    16.4304   998.9077 0.0000e+00
      4.270      0.008     0.0340      0.576     31.090  25.762262     4.1765     14.720   233.4830 1.6350e+01     1.8557      4.188      6.074    16.4222   998.9091 0.0000e+00
      4.271      0.009     0.0364      0.583     31.097  25.749685     4.0987     14.722   233.5531 1.6439e+01     1.8880      4.189      6.075    16.4210   998.9093 0.0000e+00
      4.272      0.009     0.0380      0.587     31.110  25.738155     4.0585     14.724   233.4936 1.6546e+01     1.8815      4.190      6.077    16.4346   998.9071 0.0000e+00
      4.275      0.009     0.0393      0.578     31.141  25.749690     4.0436     14.724   233.4530 1.6668e+01     1.8802      4.192      6.080    16.4474   998.9049 0.0000e+00
      4.279      0.009     0.0394      0.581     31.161  25.762270     4.0430     14.724   233.4921 1.6799e+01     1.8731      4.196      6.086    16.4367   998.9067 0.0000e+00
      4.281      0.009     0.0396      0.581     31.165  25.763403     4.0798     14.724   233.4498 1.6926e+01     1.8983      4.199      6.090    16.3995   998.9130 0.0000e+00
      4.283      0.009     0.0414      0.563     31.173  25.763393     4.1165     14.724   233.4585 1.7020e+01     1.9102      4.200      6.092    16.3582   998.9200 0.0000e+00
      4.285      0.008     0.0388      0.557     31.182  25.762135     4.1149     14.725   233.5969 1.7037e+01     1.8792      4.202      6.096    16.3320   998.9243 0.0000e+00
      4.287      0.008     0.0396      0.543     31.174  25.748175     4.0791     14.725   233.6607 1.6987e+01     1.9017      4.205      6.099    16.3326   998.9242 0.0000e+00
      4.289      0.008     0.0417      0.553     31.151  25.721452     4.0181     14.725   233.6263 1.6882e+01     1.9421      4.206      6.100    16.3347   998.9238 0.0000e+00
      4.290      0.009     0.0365      0.600     31.126  25.692736     3.9781     14.725   233.5262 1.6665e+01     1.9559      4.206      6.101    16.3187   998.9265 0.0000e+00
      4.293      0.009     0.0398      0.591     31.086  25.654670     3.9865     14.725   233.3963 1.6361e+01     1.9650      4.210      6.106    16.3032   998.9291 0.0000e+00
      4.297      0.010     0.0367      0.547     31.076  25.641754     3.9960     14.725   233.3469 1.6046e+01     1.9495      4.213      6.112    16.2934   998.9308 0.0000e+00
      4.299      0.010     0.0352      0.553     31.107  25.663417     3.9871     14.724   233.3589 1.5724e+01     1.9399      4.215      6.115    16.2821   998.9326 0.0000e+00
      4.300      0.010     0.0443      0.573     31.108  25.662874     3.9841     14.724   233.3698 1.5371e+01     1.9514      4.217      6.116    16.2665   998.9352 0.0000e+00
      4.303      0.010     0.0420      0.560     31.073  25.635185     3.9790     14.725   233.3063 1.4987e+01     1.9169      4.220      6.120    16.2585   998.9366 0.0000e+00
      4.306      0.011     0.0348      0.545     31.012  25.582344     3.9629     14.727   233.2795 1.4651e+01     1.8669      4.224      6.125    16.2539   998.9373 0.0000e+00
      4.308      0.013     0.0379      0.531     30.957  25.531394     3.9704     14.727   233.3890 1.4369e+01     1.8618      4.225      6.127    16.2425   998.9392 0.0000e+00
      4.311      0.015     0.0413      0.518     30.962  25.526547     4.0129     14.727   233.5122 1.4057e+01     1.8886      4.227      6.129    16.2434   998.9391 0.0000e+00
      4.315      0.017     0.0375      0.514     30.973  25.523736     4.0475     14.727   233.5651 1.3710e+01     1.9515      4.230      6.135    16.2484   998.9382 0.0000e+00
      4.321      0.018     0.0378      0.519     30.954  25.497391     4.0457     14.727   233.5978 1.3384e+01     1.9694      4.237      6.144    16.2435   998.9391 0.0000e+00
      4.327      0.018     0.0367      0.542     30.918  25.461692     4.0288     14.727   233.6498 1.3103e+01     1.9333      4.243      6.154    16.2361   998.9404 0.0000e+00
      4.332      0.017     0.0348      0.560     30.858  25.409234     4.0258     14.728   233.6769 1.2855e+01     1.9617      4.248      6.162    16.2211   998.9428 0.0000e+00
      4.336      0.016     0.0359      0.549     30.817  25.370533     4.0373     14.729   233.6673 1.2648e+01     2.0033      4.252      6.167    16.1988   998.9464 0.0000e+00
      4.339      0.014     0.0347      0.536     30.828  25.374298     4.0531     14.729   233.5340 1.2511e+01     1.9903      4.256      6.172    16.1780   998.9499 0.0000e+00
      4.342      0.012     0.0375      0.550     30.855  25.391318     4.0351     14.729   233.3555 1.2457e+01     1.9421      4.259      6.178    16.1704   998.9512 0.0000e+00
      4.344      0.012     0.0396      0.575     30.856  25.386052     3.9824     14.730   233.3161 1.2470e+01     1.9014      4.260      6.179    16.1695   998.9513 0.0000e+00
      4.347      0.012     0.0377      0.580     30.852  25.374047     3.9685     14.730   233.3168 1.2521e+01     1.9096      4.262      6.181    16.1598   998.9528 0.0000e+00
      4.350      0.013     0.0358      0.554     30.864  25.372997     3.9914     14.730   233.3631 1.2631e+01     1.9039      4.266      6.188    16.1488   998.9547 0.0000e+00
      4.354      0.014     0.0378      0.515     30.875  25.373356     4.0400     14.731   233.4460 1.2806e+01     1.8669      4.270      6.192    16.1421   998.9558 0.0000e+00
      4.357      0.014     0.0402      0.504     30.888  25.378370     4.1178     14.732   233.5444 1.2986e+01     1.8402      4.273      6.198    16.1354   998.9569 0.0000e+00
      4.362      0.014     0.0408      0.499     30.885  25.370194     4.1598     14.731   233.6927 1.3158e+01     1.8558      4.278      6.205    16.1214   998.9592 0.0000e+00
      4.367      0.013     0.0392      0.482     30.854  25.337915     4.1661     14.730   233.6903 1.3352e+01     1.9182      4.282      6.211    16.0981   998.9631 0.0000e+00
      4.370      0.012     0.0339      0.473     30.820  25.305207     4.1652     14.731   233.6021 1.3552e+01     1.9425      4.285      6.216    16.0827   998.9656 0.0000e+00
      4.372      0.012     0.0347      0.488     30.806  25.291846     4.1391     14.731   233.5723 1.3738e+01     1.9095      4.287      6.218    16.0773   998.9665 0.0000e+00
      4.374      0.012     0.0353      0.531     30.823  25.303221     4.1086     14.732   233.5018 1.3882e+01     1.8955      4.290      6.222    16.0679   998.9682 0.0000e+00
      4.376      0.012     0.0324      0.566     30.847  25.315881     4.1102     14.733   233.5241 1.3920e+01     1.9456      4.292      6.224    16.0559   998.9701 0.0000e+00
      4.379      0.013     0.0325      0.561     30.862  25.318065     4.1212     14.733   233.6697 1.3815e+01     2.0001      4.294      6.228    16.0467   998.9716 0.0000e+00
      4.384      0.014     0.0324      0.561     30.889  25.329608     4.1562     14.733   233.7139 1.3603e+01     1.9703      4.300      6.236    16.0466   998.9715 0.0000e+00
      4.389      0.014     0.0367      0.595     30.895  25.328579     4.2271     14.733   233.7134 1.3341e+01     1.8944      4.304      6.242    16.0451   998.9718 0.0000e+00
      4.393      0.013     0.0409      0.600     30.870  25.305622     4.2732     14.733   233.6644 1.3019e+01     1.8719      4.308      6.248    16.0331   998.9739 0.0000e+00
      4.396      0.011     0.0386      0.551     30.873  25.305732     4.2945     14.734   233.4659 1.2622e+01     1.9041      4.311      6.253    16.0144   998.9768 0.0000e+00
      4.398      0.010     0.0369      0.506     30.904  25.329906     4.3599     14.734   233.3785 1.2191e+01     1.9064      4.314      6.256    15.9924   998.9804 0.0000e+00
      4.400      0.009     0.0423      0.510     30.922  25.344202     4.4631     14.734   233.4679 1.1776e+01     1.8658      4.315      6.258    15.9852   998.9816 0.0000e+00
      4.401      0.009     0.0435      0.531     30.929  25.351740     4.5121     14.733   233.5144 1.1377e+01     1.8593      4.315      6.259    15.9848   998.9817 0.0000e+00
      4.403      0.010     0.0378      0.541     30.934  25.357618     4.5239     14.733   233.5099 1.0980e+01     1.8967      4.317      6.262    15.9800   998.9825 0.0000e+00
      4.406      0.011     0.0331      0.535     30.926  25.351853     4.5671     14.734   233.5000 1.0624e+01     1.9058      4.321      6.266    15.9764   998.9831 0.0000e+00
      4.409      0.012     0.0348      0.528     30.921  25.345460     4.6058     14.735   233.4809 1.0325e+01     1.8667      4.323      6.270    15.9741   998.9835 0.0000e+00
      4.413      0.014     0.0374      0.553     30.923  25.343744     4.6098     14.735   233.4509 1.0060e+01     1.8704      4.328      6.277    15.9785   998.9827 0.0000e+00
      4.417      0.014     0.0374      0.578     30.910  25.331102     4.6154     14.735   233.3955 9.8371e+00     1.9154      4.333      6.283    15.9858   998.9816 0.0000e+00
      4.420      0.014     0.0380      0.562     30.895  25.319452     4.6163     14.735   233.3275 9.6643e+00     1.8962      4.334      6.286    15.9847   998.9819 0.0000e+00
      4.424      0.013     0.0347      0.535     30.912  25.329746     4.6020     14.735   233.2303 9.5331e+00     1.8443      4.338      6.292    15.9815   998.9824 0.0000e+00
      4.429      0.011     0.0380      0.533     30.922  25.328707     4.5948     14.735   233.1668 9.4306e+00     1.8371      4.344      6.299    15.9741   998.9835 0.0000e+00
      4.432      0.009     0.0420      0.539     30.907  25.306873     4.5866     14.735   233.2476 9.3491e+00     1.8781      4.347      6.305    15.9672   998.9846 0.0000e+00
      4.433      0.007     0.0388      0.531     30.928  25.319445     4.5791     14.735   233.3476 9.2866e+00     1.9280      4.348      6.307    15.9753   998.9833 0.0000e+00
      4.433      0.005     0.0360      0.506     30.964  25.353856     4.5522     14.735   233.3422 9.2278e+00     1.9255      4.347      6.305    15.9723   998.9839 0.0000e+00
      4.434      0.003     0.0367      0.477     30.936  25.342385     4.4994     14.733   233.2689 9.1669e+00     1.8823      4.348      6.306    15.9516   998.9872 0.0000e+00
      4.435      0.003     0.0379      0.481     30.884  25.307625     4.4753     14.733   233.2364 9.1126e+00     1.8858      4.349      6.308    15.9331   998.9902 0.0000e+00
      4.436      0.003     0.0369      0.503     30.889  25.314132     4.4706     14.733   233.2930 9.0773e+00     1.9343      4.350      6.310    15.9227   998.9919 0.0000e+00
      4.436      0.003     0.0357      0.509     30.941  25.357640     4.4425     14.733   233.3519 9.0514e+00     1.9528      4.351      6.310    15.9323   998.9904 0.0000e+00
      4.437      0.002     0.0315      0.506     30.977  25.389702     4.4025     14.733   233.4319 9.0210e+00     1.9047      4.351      6.311    15.9590   998.9861 0.0000e+00
      4.437      0.001     0.0324      0.507     30.968  25.384659     4.3874     14.733   233.5719 8.9973e+00     1.8332      4.352      6.311    15.9730   998.9838 0.0000e+00
      4.438      0.001     0.0359      0.529     30.936  25.360093     4.4029     14.733   233.6679 8.9851e+00     1.8422      4.352      6.311    15.9719   998.9839 0.0000e+00
      4.438      0.002     0.0349      0.544     30.919  25.346388     4.4466     14.734   233.7321 8.9837e+00     1.8767      4.353      6.313    15.9728   998.9838 0.0000e+00
      4.438      0.003     0.0355      0.530     30.919  25.345804     4.5058     14.734   233.7458 8.9677e+00     1.8383      4.351      6.311    15.9766   998.9832 0.0000e+00
      4.439      0.004     0.0337      0.504     30.931  25.353030     4.5269     14.734   233.6615 8.9304e+00     1.7907      4.352      6.312    15.9830   998.9821 0.0000e+00
      4.440      0.006     0.0368      0.491     30.958  25.370326     4.5204     14.734   233.6595 8.9045e+00     1.7809      4.354      6.315    15.9857   998.9817 0.0000e+00
      4.442      0.006     0.0388      0.497     30.955  25.364644     4.5137     14.735   233.7211 8.8784e+00     1.8569      4.356      6.318    15.9840   998.9820 0.0000e+00
      4.445      0.006     0.0366      0.497     30.936  25.347757     4.4936     14.735   233.7188 8.8360e+00     1.9894      4.359      6.322    15.9860   998.9817 0.0000e+00
      4.447      0.006     0.0348      0.499     30.947  25.356421     4.4678     14.735   233.7178 8.8073e+00     2.0431      4.360      6.324    15.9816   998.9825 0.0000e+00
      4.447      0.007     0.0327      0.504     30.932  25.342539     4.4499     14.734   233.7083 8.7999e+00     2.0260      4.361      6.326    15.9709   998.9842 0.0000e+00
      4.447      0.008     0.0355      0.504     30.892  25.306769     4.4769     14.734   233.6899 8.7766e+00     2.0231      4.362      6.325    15.9659   998.9849 0.0000e+00
      4.448      0.009     0.0338      0.519     30.897  25.304473     4.5472     14.734   233.7529 8.7351e+00     2.0772      4.361      6.326    15.9641   998.9852 0.0000e+00
      4.452      0.011     0.0339      0.539     30.921  25.314767     4.5936     14.734   233.8689 8.7056e+00     2.1307      4.366      6.333    15.9636   998.9854 0.0000e+00
      4.456      0.011     0.0358      0.547     30.917  25.304370     4.5999     14.734   233.9737 8.6677e+00     2.1209      4.371      6.340    15.9637   998.9854 0.0000e+00
      4.460      0.011     0.0337      0.560     30.921  25.305607     4.5947     14.734   233.9872 8.6025e+00     2.0959      4.374      6.345    15.9581   998.9863 0.0000e+00
      4.464      0.010     0.0359      0.570     30.951  25.329728     4.5591     14.733   233.9464 8.5583e+00     2.1027      4.379      6.351    15.9472   998.9881 0.0000e+00
      4.467      0.008     0.0382      0.570     30.967  25.342308     4.4750     14.733   233.9105 8.5468e+00     2.1344      4.381      6.354    15.9302   998.9908 0.0000e+00
      4.467      0.008     0.0371      0.573     30.956  25.330862     4.4076     14.734   233.8113 8.5387e+00     2.1357      4.381      6.354    15.9157   998.9932 0.0000e+00
      4.467      0.008     0.0390      0.559     30.941  25.318187     4.4018     14.734   233.7790 8.5224e+00     2.0849      4.380      6.353    15.9147   998.9934 0.0000e+00
