Data/DataNotYetUploadedToEDI/Raw_CTD/RawDownloads/081220_bvr50.cnv
* Sea-Bird SBE19plus  Data File:
* FileName = C:\DATA\081720_fcr50_0001.hex
* Software version 2.8.0.119
* Temperature SN = 7809
* Conductivity SN = 7809
* System UpLoad Time = Aug 17 2020 10:03:40
* <ApplicationData>
* <Seaterm232>
# nquan = 16
# nvalues = 4739                        
# units = specified
# name 0 = depFM: Depth [fresh water, m]
# name 1 = dz/dtM: Descent Rate [m/s]
# name 2 = sbeox0ML/L: Oxygen, SBE 43 [ml/l]
# name 3 = sbeox0PS: Oxygen, SBE 43 [% saturation]
# name 4 = specc: Specific Conductance [uS/cm]
# name 5 = c0uS/cm: Conductivity [uS/cm]
# name 6 = flECO-AFL: Fluorescence, WET Labs ECO-AFL/FL [mg/m^3]
# name 7 = ph: pH
# name 8 = orp: Oxidation Reduction Potential [mV]
# name 9 = par/sat/log: PAR/Logarithmic, Satlantic
# name 10 = turbWETntu0: Turbidity, WET Labs ECO [NTU]
# name 11 = prdM: Pressure, Strain Gauge [db]
# name 12 = prdE: Pressure, Strain Gauge [psi]
# name 13 = tv290C: Temperature [ITS-90, deg C]
# name 14 = density00: Density [density, kg/m^3]
# name 15 = flag:  0.000e+00
# span 0 =     -0.727,     10.423       
# span 1 =     -0.278,      0.245       
# span 2 =     0.0272,     6.1514       
# span 3 =      0.370,    111.694       
# span 4 =      3.267,    180.320       
# span 5 =   3.465921, 124.431486       
# span 6 =    -3.2637,    16.5723       
# span 7 =     14.266,     14.916       
# span 8 = -1240.7455,   349.6084       
# span 9 = 1.2344e-01, 1.9918e+03       
# span 10 =    -1.7284,   936.3043      
# span 11 =     -0.714,     10.222      
# span 12 =     -1.035,     14.825      
# span 13 =     9.4773,    32.0800      
# span 14 =   995.0097,   999.8597      
# span 15 = 0.0000e+00, 0.0000e+00      
# interval = seconds: 0.25
# start_time = Aug 12 2020 02:41:07 [Instrument's time stamp, header]
# bad_flag = -9.990e-29
*END*
[from data line 91]
     -0.033      0.001     4.5797     81.673     27.846  29.575644     1.0691     14.408   170.2192 1.4142e+03     1.4142     -0.034     -0.049    28.0809   996.2284 0.0000e+00
     -0.029      0.003     4.5425     81.267     27.856  29.592033     1.0324     14.408   179.3462 1.5852e+03     1.3680     -0.027     -0.040    28.0811   996.2283 0.0000e+00
     -0.027      0.004     4.5123     80.767     27.917  29.662174     1.0160     14.408   183.2246 1.5103e+03     1.3628     -0.025     -0.036    28.0828   996.2279 0.0000e+00
     -0.027      0.002     4.4844     80.158     27.972  29.725922     1.0238     14.408   183.0413 1.3160e+03     1.4192     -0.028     -0.040    28.0884   996.2262 0.0000e+00
     -0.027     -0.001     4.4659     79.400     27.968  29.728444     1.0493     14.407   179.8832 1.2655e+03     1.4328     -0.029     -0.040    28.0998   996.2229 0.0000e+00
     -0.026     -0.002     4.4446     78.526     27.930  29.692677     1.0767     14.406   176.4438 1.3254e+03     1.3903     -0.025     -0.035    28.1106   996.2198 0.0000e+00
     -0.027     -0.002     4.4153     77.612     27.910  29.674098     1.0790     14.405   179.9158 1.3403e+03     1.3503     -0.026     -0.037    28.1167   996.2182 0.0000e+00
     -0.032     -0.002     4.3841     76.727     27.928  29.694119     1.0855     14.405   185.9840 1.3208e+03     1.3615     -0.032     -0.046    28.1271   996.2153 0.0000e+00
     -0.033     -0.002     4.3397     75.906     27.974  29.744438     1.0795     14.405   188.3830 1.2999e+03     1.3887     -0.034     -0.049    28.1418   996.2110 0.0000e+00
     -0.031     -0.002     4.2899     75.135     28.000  29.775012     1.0453     14.405   189.1326 1.2893e+03     1.4038     -0.030     -0.043    28.1517   996.2082 0.0000e+00
     -0.029     -0.001     4.2383     74.397     27.970  29.746603     1.0336     14.406   189.7130 1.3426e+03     1.4077     -0.027     -0.039    28.1541   996.2074 0.0000e+00
     -0.029      0.001     4.1892     73.709     27.940  29.718138     1.0336     14.406   190.2371 1.3802e+03     1.3672     -0.027     -0.040    28.1536   996.2076 0.0000e+00
     -0.032      0.001     4.1448     73.097     27.965  29.748038     1.0451     14.406   190.3072 1.3569e+03     1.3600     -0.031     -0.045    28.1562   996.2068 0.0000e+00
     -0.033      0.000     4.1027     72.528     28.003  29.790936     1.0784     14.406   189.9587 1.3330e+03     1.3889     -0.033     -0.048    28.1619   996.2053 0.0000e+00
     -0.031     -0.001     4.0617     71.949     28.001  29.792756     1.0919     14.405   189.5512 1.3155e+03     1.3736     -0.030     -0.043    28.1692   996.2032 0.0000e+00
     -0.030     -0.001     4.0222     71.354     27.976  29.770051     1.0935     14.405   188.4771 1.3315e+03     1.3811     -0.028     -0.040    28.1764   996.2011 0.0000e+00
     -0.030     -0.000     3.9895     70.755     27.974  29.770170     1.1072     14.405   188.3300 1.3648e+03     1.4459     -0.028     -0.041    28.1808   996.1999 0.0000e+00
     -0.031     -0.000     3.9600     70.177     27.995  29.794193     1.1154     14.405   190.0093 1.3422e+03     1.5040     -0.030     -0.044    28.1848   996.1988 0.0000e+00
     -0.032     -0.001     3.9273     69.655     28.005  29.806767     1.1074     14.404   191.3153 1.2981e+03     1.5008     -0.032     -0.047    28.1914   996.1969 0.0000e+00
     -0.031     -0.001     3.8943     69.155     27.991  29.795327     1.0952     14.404   191.8172 1.3144e+03     1.4413     -0.031     -0.045    28.1984   996.1948 0.0000e+00
     -0.031      0.000     3.8612     68.646     27.976  29.782759     1.0917     14.404   192.1199 1.3675e+03     1.4014     -0.029     -0.042    28.2039   996.1933 0.0000e+00
     -0.031      0.001     3.8275     68.155     27.971  29.781687     1.0839     14.403   192.3070 1.4018e+03     1.3966     -0.030     -0.043    28.2073   996.1923 0.0000e+00
     -0.031      0.001     3.8003     67.701     27.969  29.782375     1.0586     14.403   192.7034 1.4138e+03     1.4178     -0.031     -0.044    28.2109   996.1912 0.0000e+00
     -0.031      0.001     3.7737     67.271     27.975  29.791080     1.0341     14.403   193.0413 1.3939e+03     1.4181     -0.031     -0.045    28.2164   996.1897 0.0000e+00
     -0.030      0.001     3.7442     66.859     27.945  29.760060     1.0165     14.403   193.0373 1.3573e+03     1.3656     -0.030     -0.044    28.2229   996.1879 0.0000e+00
     -0.029      0.001     3.7168     66.459     27.792  29.597632     0.9984     14.403   192.9984 1.3459e+03     1.3669     -0.029     -0.042    28.2290   996.1861 0.0000e+00
     -0.029      0.000     3.6920     66.164     27.563  29.349659     0.9773     14.404   193.0884 1.3917e+03     1.3986     -0.029     -0.042    28.2344   996.1846 0.0000e+00
     -0.030 1.7088e-08     3.6686     66.629     27.414  29.172408     0.9523     14.405   193.1776 1.4303e+03     1.3719     -0.029     -0.042    28.2385   996.1834 0.0000e+00
     -0.030 1.8797e-07     3.6454     69.216     27.382  29.103804     0.9343     14.407   193.3892 1.3887e+03     1.3530     -0.030     -0.043    28.2416   996.1825 0.0000e+00
     -0.030 1.8797e-07     3.6248     74.843     27.402  29.091030     0.9506     14.409   193.9263 1.3537e+03     1.3761     -0.030     -0.043    28.2432   996.1820 0.0000e+00
     -0.031 1.7088e-08     3.5987     82.648     27.416  29.081342     0.9966     14.409   194.5085 1.3392e+03     1.4103     -0.030     -0.044    28.2466   996.1809 0.0000e+00
     -0.031 1.5535e-09     3.5943     90.768     27.401  29.050058     1.0232     14.410   194.8361 1.3146e+03     1.4230     -0.030     -0.044    28.2163   996.1895 0.0000e+00
     -0.030 1.4122e-10     3.7125     98.030     27.391  29.029929     1.0237     14.410   194.9630 1.3163e+03     1.3928     -0.030     -0.043    28.1352   996.2127 0.0000e+00
     -0.030 1.2733e-11     4.0467    103.963     27.394  29.028255     0.9934     14.410   195.0097 1.3149e+03     1.3887     -0.030     -0.043    28.0648   996.2328 0.0000e+00
     -0.030 9.4981e-15     4.5259    108.272     27.397  29.029814     0.9436     14.410   194.8845 1.3007e+03     1.4076     -0.030     -0.044    28.0238   996.2445 0.0000e+00
     -0.030 -1.263e-11     4.9904    110.844     27.416  29.048776     0.9178     14.410   194.5680 1.3251e+03     1.4158     -0.030     -0.043    27.9981   996.2518 0.0000e+00
     -0.030 -1.400e-10     5.3950    111.694     27.434  29.067219     0.9003     14.410   194.4523 1.3766e+03     1.4183     -0.030     -0.043    27.9834   996.2560 0.0000e+00
     -0.031 -1.540e-09     5.7289    111.095     27.429  29.062502     0.8937     14.410   194.6036 1.3952e+03     1.3693     -0.030     -0.044    27.9745   996.2584 0.0000e+00
     -0.032 -1.694e-08     5.9656    109.759     27.422  29.055177     0.9237     14.411   194.8485 1.3928e+03     1.3382     -0.031     -0.045    27.9711   996.2594 0.0000e+00
     -0.032 -1.863e-07     6.1070    108.387     27.410  29.042085     0.9671     14.411   195.2630 1.3981e+03     1.3865     -0.031     -0.045    27.9696   996.2598 0.0000e+00
     -0.031 -1.863e-07     6.1514    107.272     27.400  29.031072     0.9796     14.411   195.6571 1.3679e+03     1.4377     -0.031     -0.045    27.9698   996.2598 0.0000e+00
     -0.030 -1.693e-08     6.1009    106.420     27.418  29.048891     0.9616     14.411   195.6559 1.3285e+03     1.4417     -0.030     -0.043    27.9708   996.2595 0.0000e+00
     -0.030 -1.503e-09     6.0122    105.729     27.437  29.067230     0.9487     14.411   195.4200 1.3741e+03     1.4362     -0.030     -0.043    27.9704   996.2597 0.0000e+00
     -0.031 2.6620e-10     5.9334    105.099     27.432  29.062502     0.9582     14.411   195.2149 1.4161e+03     1.4394     -0.030     -0.044    27.9698   996.2598 0.0000e+00
     -0.031 4.4550e-09     5.8727    104.539     27.425  29.055161     0.9806     14.411   194.8964 1.3834e+03     1.4117     -0.031     -0.044    27.9689   996.2600 0.0000e+00
     -0.031 4.9144e-08     5.8287    104.117     27.412  29.041907     0.9808     14.411   194.4941 1.3761e+03     1.3753     -0.031     -0.044    27.9662   996.2608 0.0000e+00
     -0.031 5.4059e-07     5.7938    103.838     27.400  29.029117     0.9603     14.411   194.4815 1.3802e+03     1.3772     -0.031     -0.044    27.9643   996.2613 0.0000e+00
     -0.031      0.000     5.7587    103.661     27.398  29.027387     0.9529     14.411   194.5725 1.3680e+03     1.4008     -0.031     -0.044    27.9638   996.2615 0.0000e+00
     -0.031      0.000     5.7256    103.562     27.391  29.020990     0.9574     14.410   193.8726 1.3878e+03     1.4202     -0.031     -0.044    27.9648   996.2613 0.0000e+00
     -0.030      0.001     5.7027    103.528     27.386  29.015213     0.9581     14.410   187.3100 1.3948e+03     1.4404     -0.030     -0.043    27.9655   996.2610 0.0000e+00
     -0.030      0.003     5.6887    103.551     27.391  29.020970     0.9423     14.410   174.5054 1.3734e+03     1.4385     -0.030     -0.043    27.9661   996.2608 0.0000e+00
     -0.031      0.007     5.6789    103.622     27.396  29.027162     0.9192     14.410   166.3914 1.3684e+03     1.4322     -0.030     -0.043    27.9670   996.2606 0.0000e+00
     -0.031      0.013     5.6737    103.698     27.398  29.026642     0.9067     14.411   169.3925 1.3662e+03     1.4666     -0.032     -0.045    27.9671   996.2605 0.0000e+00
     -0.028      0.020     5.6725    103.762     27.390  29.014686     0.8968     14.411   179.5598 1.3635e+03     1.4761     -0.030     -0.044    27.9675   996.2605 0.0000e+00
     -0.022      0.026     5.6727    103.812     27.390  29.009460     0.9323     14.411   182.2904 1.3745e+03     1.4792     -0.023     -0.033    27.9694   996.2599 0.0000e+00
     -0.012      0.029     5.6784    103.824     27.409  29.026876     1.0219     14.410   177.1979 1.3735e+03     1.5731     -0.013     -0.018    27.9713   996.2594 0.0000e+00
     -0.001      0.028     5.6825    103.764     27.417  29.034958     1.0836     14.409   180.2794 1.3322e+03     1.6845     -0.001     -0.001    27.9684   996.2603 0.0000e+00
      0.010      0.019     5.6872    103.647     27.424  29.043756     1.1058     14.409   181.9495 1.2843e+03     1.7269      0.011      0.017    27.9577   996.2634 0.0000e+00
      0.018      0.000     5.6914    103.551     27.446  29.069811     1.1097     14.410   177.8607 1.2646e+03     1.6744      0.020      0.028    27.9473   996.2664 0.0000e+00
      0.020     -0.026     5.6933    103.501     27.466  29.096242     1.0737     14.411   176.1843 1.2383e+03     1.5641      0.023      0.034    27.9440   996.2674 0.0000e+00
      0.014     -0.056     5.6903    103.512     27.473  29.109610     1.0142     14.410   173.1231 1.2584e+03     1.4923      0.019      0.027    27.9445   996.2672 0.0000e+00
     -0.005     -0.082     5.6808    103.636     27.463  29.104585     0.9809     14.410   177.5867 1.3970e+03     1.4589      0.001      0.001    27.9456   996.2669 0.0000e+00
     -0.037     -0.100     5.6755    103.844     27.453  29.098922     0.9664     14.409   187.9081 1.5796e+03     1.4344     -0.034     -0.049    27.9490   996.2658 0.0000e+00
     -0.077     -0.104     5.6717    104.039     27.454  29.104595     0.9254     14.408   192.3476 1.7264e+03     1.4022     -0.077     -0.112    27.9610   996.2621 0.0000e+00
     -0.114     -0.095     5.6689    104.179     27.456  29.109747     0.8567     14.407   193.4076 1.7774e+03     1.3786     -0.113     -0.164    27.9746   996.2581 0.0000e+00
     -0.144     -0.075     5.6754    104.246     27.443  29.097777     0.8220     14.407   193.8411 1.7579e+03     1.3890     -0.147     -0.213    27.9825   996.2557 0.0000e+00
     -0.159     -0.051     5.6890    104.200     27.435  29.086745     0.8307     14.409   194.1483 1.7493e+03     1.3909     -0.162     -0.234    27.9917   996.2530 0.0000e+00
     -0.160     -0.028     5.6989    104.063     27.455  29.103221     0.7895     14.409   194.4547 1.7432e+03     1.3677     -0.157     -0.228    28.0009   996.2504 0.0000e+00
     -0.155     -0.009     5.7057    103.909     27.461  29.106672     0.6860     14.409   194.5336 1.7326e+03     1.3477     -0.152     -0.221    28.0077   996.2485 0.0000e+00
     -0.152      0.004     5.7107    103.767     27.424  29.065027     0.6291     14.409   194.4141 1.7361e+03     1.3556     -0.149     -0.216    28.0106   996.2476 0.0000e+00
     -0.151      0.013     5.7085    103.666     27.406  29.043741     0.6356     14.409   194.2145 1.7442e+03     1.3946     -0.149     -0.215    28.0044   996.2495 0.0000e+00
     -0.150      0.019     5.6994    103.634     27.405  29.039610     0.6501     14.409   194.2714 1.7536e+03     1.4071     -0.149     -0.215    27.9945   996.2523 0.0000e+00
     -0.147      0.027     5.6920    103.615     27.384  29.015066     0.6606     14.409   194.5856 1.7591e+03     1.3700     -0.146     -0.211    27.9881   996.2541 0.0000e+00
     -0.141      0.037     5.6840    103.558     27.373  29.000726     0.6774     14.409   194.7444 1.7476e+03     1.3576     -0.140     -0.203    27.9843   996.2552 0.0000e+00
     -0.129      0.046     5.6773    103.511     27.369  28.993089     0.7004     14.410   194.9874 1.7869e+03     1.3942     -0.128     -0.186    27.9801   996.2564 0.0000e+00
     -0.112      0.053     5.6780    103.497     27.364  28.986161     0.6818     14.410   195.3722 1.8217e+03     1.4353     -0.109     -0.159    27.9765   996.2576 0.0000e+00
     -0.094      0.056     5.6790    103.456     27.360  28.980385     0.6051     14.410   195.1810 1.6897e+03     1.4430     -0.093     -0.134    27.9719   996.2588 0.0000e+00
     -0.078      0.055     5.6750    103.405     27.368  28.986690     0.5449     14.410   194.0524 1.4468e+03     1.4182     -0.078     -0.112    27.9655   996.2608 0.0000e+00
     -0.062      0.052     5.6710    103.392     27.381  28.998952     0.5454     14.411   187.2332 1.4717e+03     1.4093     -0.060     -0.086    27.9607   996.2622 0.0000e+00
     -0.049      0.047     5.6744    103.416     27.386  29.001768     0.5632     14.411   174.3341 1.8162e+03     1.4050     -0.046     -0.067    27.9573   996.2633 0.0000e+00
     -0.041      0.043     5.6708    103.451     27.406  29.020742     0.6270     14.411   165.5144 1.7990e+03     1.4005     -0.040     -0.057    27.9545   996.2642 0.0000e+00
     -0.034      0.039     5.6666    103.419     27.424  29.038052     0.7447     14.411   162.5904 1.3022e+03     1.4234     -0.035     -0.050    27.9515   996.2649 0.0000e+00
     -0.024      0.037     5.6677    103.280     27.409  29.020754     0.8035     14.410   161.0920 9.9290e+02     1.4076     -0.025     -0.035    27.9469   996.2663 0.0000e+00
     -0.012      0.035     5.6682    103.067     27.392  29.001891     0.8135     14.409   160.1319 1.1075e+03     1.3808     -0.009     -0.013    27.9426   996.2676 0.0000e+00
     -0.002      0.035     5.6738    102.844     27.392  29.000285     0.8564     14.409   159.4137 1.1945e+03     1.4420     -0.001     -0.001    27.9395   996.2685 0.0000e+00
      0.004      0.034     5.6725    102.649     27.393  29.001333     0.9209     14.410   158.9473 1.0922e+03     1.5298      0.003      0.004    27.9360   996.2695 0.0000e+00
      0.012      0.031     5.6647    102.506     27.406  29.014568     0.9550     14.410   158.6228 1.0945e+03     1.5840      0.012      0.017    27.9330   996.2705 0.0000e+00
      0.021      0.027     5.6516    102.466     27.424  29.033430     0.9532     14.410   158.1571 1.1786e+03     1.6170      0.020      0.031    27.9311   996.2710 0.0000e+00
      0.029      0.022     5.6387    102.560     27.429  29.039091     0.9377     14.411   157.3611 1.2307e+03     1.5855      0.027      0.040    27.9294   996.2715 0.0000e+00
