Data/DataNotYetUploadedToEDI/Raw_CTD/RawDownloads/081224_fcr20_S7809005.cnv
* Sea-Bird SBE19plus  Data File:
* FileName = C:\R\Reservoirs\Data\DataNotYetUploadedToEDI\Raw_CTD\RawDownloads\081324_fcr50_S7809_0005.hex
* Software version 2.8.0.119
* Temperature SN = 7809
* Conductivity SN = 7809
* System UpLoad Time = Aug 13 2024 13:56:13
* <ApplicationData>
* <Seaterm232>
# nquan = 15
# nvalues = 899                         
# units = specified
# name 0 = depFM: Depth [fresh water, m]
# name 1 = dz/dtM: Descent Rate [m/s]
# name 2 = sbeox0Mg/L: Oxygen, SBE 43 [mg/l]
# name 3 = sbeox0PS: Oxygen, SBE 43 [% saturation]
# name 4 = specc: Specific Conductance [uS/cm]
# name 5 = c0uS/cm: Conductivity [uS/cm]
# name 6 = flECO-AFL: Fluorescence, WET Labs ECO-AFL/FL [mg/m^3]
# name 7 = ph: pH
# name 8 = orp: Oxidation Reduction Potential [mV]
# name 9 = par/sat/log: PAR/Logarithmic, Satlantic
# name 10 = turbWETntu0: Turbidity, WET Labs ECO [NTU]
# name 11 = prdM: Pressure, Strain Gauge [db]
# name 12 = prdE: Pressure, Strain Gauge [psi]
# name 13 = tv290C: Temperature [ITS-90, deg C]
# name 14 = flag:  0.000e+00
# span 0 =     -0.536,      5.462       
# span 1 =     -0.012,      0.247       
# span 2 =     0.1059,     8.2216       
# span 3 =      1.182,     99.269       
# span 4 =     40.329,     91.597       
# span 5 =  39.731646,  74.095792       
# span 6 =    -0.0583,    98.9285       
# span 7 =      7.339,      7.708       
# span 8 =    28.7035,   210.8171       
# span 9 = 1.2362e-01, 8.4257e+02       
# span 10 =     2.6792,    79.9431      
# span 11 =     -0.539,      5.357      
# span 12 =     -0.782,      7.770      
# span 13 =    12.4628,    25.2119      
# span 14 = 0.0000e+00, 0.0000e+00      
# interval = seconds: 0.25
# start_time = Aug 12 2024 11:06:25 [Instrument's time stamp, header]
# bad_flag = -9.990e-29
*END*
[from data line 97]
      0.211      0.002     5.0449     59.761     40.547  40.513935     4.0706      7.498   129.4789 1.3372e+02     7.0389      0.208      0.301    24.9777 0.0000e+00
      0.211      0.000     5.0224     59.406     40.551  40.511939     4.0755      7.500   129.8490 1.3240e+02     7.0787      0.208      0.302    24.9720 0.0000e+00
      0.209     -0.002     4.9921     59.060     40.559  40.511078     4.1053      7.502   130.1435 1.3225e+02     7.2832      0.206      0.298    24.9660 0.0000e+00
      0.207     -0.002     4.9666     58.751     40.560  40.503511     4.1400      7.505   130.4577 1.3332e+02     7.5307      0.203      0.293    24.9599 0.0000e+00
      0.206     -0.002     4.9443     58.457     40.548  40.483894     4.1456      7.507   130.7229 1.3507e+02     7.5770      0.201      0.291    24.9540 0.0000e+00
      0.206     -0.001     4.9121     58.178     40.536  40.464275     4.1318      7.507   130.9414 1.3690e+02     7.5010      0.201      0.292    24.9462 0.0000e+00
      0.207      0.000     4.8836     57.923     40.535  40.456671     4.1225      7.509   131.2925 1.4023e+02     7.3984      0.203      0.294    24.9356 0.0000e+00
      0.208      0.001     4.8608     57.658     40.542  40.455414     4.1159      7.512   131.7837 1.4228e+02     7.2582      0.204      0.296    24.9246 0.0000e+00
      0.208      0.002     4.8373     57.375     40.545  40.449059     4.1102      7.514   132.2343 1.4200e+02     7.1731      0.205      0.297    24.9143 0.0000e+00
      0.208      0.002     4.8136     57.081     40.550  40.443284     4.1035      7.514   132.5249 1.4172e+02     7.1203      0.204      0.296    24.9056 0.0000e+00
      0.208      0.001     4.7955     56.753     40.566  40.449049     4.1269      7.514   132.6307 1.4089e+02     7.0643      0.204      0.295    24.8973 0.0000e+00
      0.208      0.001     4.7744     56.413     40.583  40.455283     4.2013      7.516   132.7392 1.4061e+02     7.0760      0.204      0.296    24.8874 0.0000e+00
      0.209      0.001     4.7508     56.112     40.594  40.455170     4.2620      7.519   132.9763 1.4081e+02     7.1253      0.205      0.298    24.8760 0.0000e+00
      0.210      0.001     4.7295     55.816     40.599  40.447672     4.2708      7.520   133.2600 1.4149e+02     7.1484      0.206      0.299    24.8630 0.0000e+00
      0.210      0.000     4.7029     55.491     40.593  40.428063     4.2239      7.522   133.5884 1.4353e+02     7.1845      0.207      0.300    24.8492 0.0000e+00
      0.210      0.000     4.6726     55.169     40.586  40.408454     4.1524      7.525   133.9364 1.4455e+02     7.2201      0.206      0.299    24.8357 0.0000e+00
      0.209      0.001     4.6512     54.884     40.589  40.400954     4.1309      7.526   134.1979 1.4518e+02     7.2374      0.206      0.298    24.8222 0.0000e+00
      0.209      0.001     4.6298     54.642     40.598  40.400832     4.1470      7.527   134.4266 1.4643e+02     7.3252      0.205      0.296    24.8074 0.0000e+00
      0.209      0.002     4.6019     54.425     40.612  40.406960     4.1475      7.528   134.7226 1.4738e+02     7.3939      0.204      0.297    24.7906 0.0000e+00
      0.210      0.003     4.5760     54.217     40.624  40.411570     4.1874      7.530   135.0234 1.4908e+02     7.3509      0.206      0.299    24.7742 0.0000e+00
      0.212      0.003     4.5531     54.027     40.613  40.393095     4.2883      7.531   135.3108 1.5125e+02     7.3177      0.208      0.302    24.7611 0.0000e+00
      0.214      0.004     4.5345     53.870     40.601  40.373962     4.3512      7.533   135.6159 1.5256e+02     7.3336      0.210      0.304    24.7509 0.0000e+00
      0.214      0.005     4.5182     53.734     40.603  40.370614     4.3652      7.533   135.8736 1.5376e+02     7.3721      0.210      0.304    24.7419 0.0000e+00
      0.214      0.006     4.5011     53.616     40.590  40.352606     4.3162      7.534   136.1038 1.5502e+02     7.3394      0.209      0.304    24.7323 0.0000e+00
      0.215      0.008     4.4852     53.505     40.588  40.346614     4.2000      7.535   136.4194 1.5404e+02     7.1770      0.211      0.307    24.7225 0.0000e+00
      0.218      0.011     4.4740     53.394     40.606  40.361622     4.1340      7.536   136.7645 1.5267e+02     7.0484      0.213      0.309    24.7142 0.0000e+00
      0.220      0.016     4.4631     53.338     40.589  40.343680     4.1425      7.537   137.1790 1.5314e+02     7.0487      0.216      0.313    24.7072 0.0000e+00
      0.224      0.020     4.4536     53.366     40.565  40.320063     4.1610      7.537   137.5591 1.5259e+02     7.1462      0.219      0.317    24.7012 0.0000e+00
      0.230      0.022     4.4468     53.436     40.574  40.329926     4.1497      7.537   137.7476 1.5060e+02     7.2711      0.224      0.325    24.6957 0.0000e+00
      0.239      0.021     4.4344     53.491     40.579  40.336006     4.1230      7.539   137.9093 1.4900e+02     7.2944      0.234      0.339    24.6918 0.0000e+00
      0.248      0.020     4.4286     53.470     40.573  40.330116     4.1123      7.540   138.1376 1.4801e+02     7.2572      0.244      0.354    24.6910 0.0000e+00
      0.254      0.018     4.4334     53.375     40.565  40.322169     4.1032      7.539   138.6151 1.4786e+02     7.3002      0.251      0.364    24.6916 0.0000e+00
      0.255      0.018     4.4398     53.269     40.547  40.303387     4.0882      7.539   139.2082 1.4893e+02     7.4036      0.250      0.365    24.6921 0.0000e+00
      0.255      0.020     4.4475     53.202     40.538  40.293412     4.0723      7.537   139.8886 1.4987e+02     7.4149      0.248      0.360    24.6936 0.0000e+00
      0.257      0.026     4.4453     53.208     40.573  40.328480     4.0607      7.532   141.1626 1.4838e+02     7.3003      0.249      0.361    24.6954 0.0000e+00
      0.265      0.037     4.4347     53.347     40.653  40.410074     4.0647      7.524   142.8243 1.4373e+02     7.2131      0.258      0.374    24.6945 0.0000e+00
      0.276      0.054     4.4252     53.772     40.686  40.454937     4.0785      7.514   144.1498 1.3866e+02     7.2491      0.271      0.393    24.6932 0.0000e+00
      0.288      0.071     4.4181     54.592     40.636  40.426690     4.0947      7.507   145.0571 1.3354e+02     7.3596      0.280      0.406    24.6933 0.0000e+00
      0.307      0.083     4.4186     55.647     40.569  40.385892     4.0946      7.502   145.7930 1.2545e+02     7.3876      0.295      0.428    24.6911 0.0000e+00
      0.337      0.088     4.4250     56.637     40.501  40.342462     4.0765      7.500   146.3370 1.1593e+02     7.3138      0.329      0.477    24.6896 0.0000e+00
      0.370      0.088     4.4523     57.352     40.418  40.282403     4.0678      7.500   146.7294 1.0828e+02     7.2873      0.368      0.533    24.7053 0.0000e+00
      0.396      0.081     4.5249     57.762     40.347  40.230918     4.0719      7.501   147.0963 1.0363e+02     7.3403      0.390      0.567    24.7361 0.0000e+00
      0.414      0.069     4.6200     57.965     40.329  40.227705     4.0846      7.503   147.4177 1.0040e+02     7.4092      0.405      0.588    24.7684 0.0000e+00
      0.429      0.054     4.7059     58.014     40.339  40.243571     4.0885      7.507   147.6902 9.7796e+01     7.4026      0.422      0.612    24.8001 0.0000e+00
      0.439      0.040     4.7637     57.902     40.334  40.232374     4.0859      7.512   147.9813 9.6391e+01     7.2604      0.432      0.627    24.8269 0.0000e+00
      0.445      0.031     4.7902     57.666     40.341  40.219249     4.1031      7.515   148.2700 9.5695e+01     7.0907      0.437      0.633    24.8524 0.0000e+00
      0.449      0.026     4.8043     57.392     40.356  40.211769     4.1299      7.518   148.5142 9.5421e+01     7.0584      0.440      0.639    24.8715 0.0000e+00
      0.454      0.022     4.8088     57.146     40.368  40.205364     4.1519      7.521   148.7832 9.5087e+01     7.1429      0.445      0.645    24.8815 0.0000e+00
      0.459      0.019     4.7989     56.928     40.384  40.205239     4.1691      7.525   149.1127 9.4342e+01     7.1566      0.451      0.652    24.8750 0.0000e+00
      0.465      0.017     4.7790     56.745     40.403  40.210224     4.1800      7.529   149.4014 9.3163e+01     7.0534      0.456      0.661    24.8447 0.0000e+00
      0.471      0.017     4.7564     56.606     40.406  40.202154     4.1835      7.532   149.7779 9.2372e+01     6.9870      0.463      0.671    24.8124 0.0000e+00
      0.476      0.018     4.7392     56.495     40.381  40.171114     4.1945      7.533   150.3104 9.2162e+01     7.0371      0.468      0.679    24.7913 0.0000e+00
      0.477      0.019     4.7224     56.403     40.368  40.152237     4.2137      7.533   150.6771 9.1807e+01     7.1807      0.467      0.678    24.7724 0.0000e+00
      0.479      0.019     4.7078     56.323     40.390  40.164296     4.2155      7.534   150.8557 9.0882e+01     7.3232      0.466      0.676    24.7526 0.0000e+00
      0.484      0.018     4.6989     56.238     40.431  40.189976     4.1994      7.535   151.0933 8.9546e+01     7.3604      0.472      0.685    24.7403 0.0000e+00
      0.494      0.017     4.6899     56.163     40.470  40.208856     4.1861      7.536   151.3990 8.8465e+01     7.3224      0.486      0.705    24.7358 0.0000e+00
      0.502      0.016     4.6827     56.100     40.482  40.202154     4.1795      7.539   151.7129 8.7756e+01     7.2741      0.495      0.717    24.7299 0.0000e+00
      0.504      0.016     4.6784     56.010     40.465  40.172369     4.1700      7.542   152.0491 8.7577e+01     7.2205      0.495      0.718    24.7174 0.0000e+00
      0.503      0.016     4.6721     55.897     40.465  40.166034     4.1542      7.543   152.3670 8.7332e+01     7.1522      0.493      0.716    24.6982 0.0000e+00
      0.503      0.017     4.6670     55.800     40.492  40.189007     4.1298      7.545   152.6320 8.6649e+01     7.0970      0.491      0.713    24.6717 0.0000e+00
      0.507      0.020     4.6673     55.729     40.502  40.196279     4.1159      7.547   152.9290 8.5503e+01     7.0998      0.495      0.719    24.6442 0.0000e+00
      0.516      0.026     4.6603     55.673     40.496  40.190495     4.1445      7.548   153.2901 8.4087e+01     7.1863      0.507      0.736    24.6289 0.0000e+00
      0.526      0.031     4.6494     55.632     40.486  40.182535     4.1925      7.549   153.6432 8.2918e+01     7.3224      0.516      0.749    24.6249 0.0000e+00
      0.533      0.035     4.6418     55.587     40.466  40.163497     4.2050      7.549   154.0151 8.1429e+01     7.3800      0.522      0.757    24.6200 0.0000e+00
      0.542      0.036     4.6373     55.551     40.451  40.150692     4.1880      7.549   154.4302 7.9808e+01     7.3364      0.531      0.771    24.6151 0.0000e+00
      0.552      0.036     4.6314     55.528     40.454  40.154643     4.1529      7.549   154.7909 7.8554e+01     7.3067      0.542      0.787    24.6162 0.0000e+00
      0.562      0.035     4.6291     55.448     40.448  40.147810     4.1055      7.550   155.1062 7.7359e+01     7.3285      0.551      0.799    24.6199 0.0000e+00
      0.572      0.032     4.6252     55.296     40.432  40.131537     4.0890      7.551   155.4039 7.6049e+01     7.3605      0.562      0.815    24.6209 0.0000e+00
      0.582      0.028     4.6196     55.105     40.449  40.148277     4.0869      7.553   155.6376 7.5019e+01     7.3530      0.572      0.830    24.6216 0.0000e+00
      0.588      0.024     4.6228     54.880     40.461  40.159815     4.0979      7.555   155.9531 7.4531e+01     7.3395      0.577      0.838    24.6237 0.0000e+00
      0.591      0.021     4.6155     54.635     40.446  40.144124     4.1460      7.556   156.2923 7.4185e+01     7.3337      0.580      0.841    24.6231 0.0000e+00
      0.595      0.019     4.6011     54.396     40.451  40.148934     4.1857      7.557   156.4703 7.3917e+01     7.3175      0.583      0.846    24.6221 0.0000e+00
      0.600      0.019     4.5860     54.166     40.457  40.154517     4.2039      7.560   156.6418 7.3747e+01     7.3486      0.589      0.854    24.6220 0.0000e+00
      0.605      0.020     4.5666     53.952     40.452  40.148162     4.2076      7.562   156.9034 7.3475e+01     7.3682      0.593      0.861    24.6219 0.0000e+00
      0.610      0.021     4.5454     53.800     40.439  40.135556     4.1896      7.562   157.2244 7.3125e+01     7.3497      0.598      0.868    24.6215 0.0000e+00
      0.615      0.023     4.5251     53.671     40.432  40.129024     4.1766      7.564   157.5119 7.2705e+01     7.3291      0.603      0.875    24.6205 0.0000e+00
      0.621      0.023     4.5078     53.541     40.436  40.132646     4.1916      7.567   157.7121 7.2054e+01     7.2904      0.609      0.883    24.6193 0.0000e+00
      0.628      0.022     4.4856     53.462     40.420  40.115886     4.2305      7.569   158.0101 7.1195e+01     7.2232      0.616      0.893    24.6186 0.0000e+00
      0.634      0.021     4.4753     53.382     40.423  40.116764     4.2630      7.569   158.3613 7.0228e+01     7.1313      0.622      0.902    24.6189 0.0000e+00
      0.640      0.020     4.4684     53.272     40.640  40.333655     4.2605      7.568   158.6038 6.9208e+01     7.1016      0.628      0.911    24.6192 0.0000e+00
      0.644      0.019     4.4499     53.417     41.129  40.834382     4.2503      7.567   158.8764 6.8244e+01     7.1370      0.631      0.916    24.6189 0.0000e+00
      0.648      0.017     4.4501     55.047     41.526  41.284279     4.2147      7.567   159.2475 6.7489e+01     7.2530      0.635      0.921    24.6173 0.0000e+00
      0.652      0.016     4.4427     59.767     41.602  41.457771     4.1210      7.567   159.6500 6.6983e+01     7.3769      0.640      0.928    24.6156 0.0000e+00
      0.656      0.015     4.4326     67.329     41.516  41.472490     4.0413      7.567   159.9580 6.6604e+01     7.3364      0.643      0.934    24.6146 0.0000e+00
      0.660      0.015     4.4129     75.657     41.434  41.462390     4.0088      7.568   160.1316 6.6301e+01     7.2418      0.648      0.940    24.6164 0.0000e+00
      0.664      0.014     4.4656     83.012     41.392  41.462705     4.0113      7.568   160.2863 6.6074e+01     7.2579      0.651      0.945    24.6784 0.0000e+00
      0.668      0.011     4.8550     88.788     41.381  41.476360     4.0376      7.569   160.4516 6.5976e+01     7.2914      0.655      0.950    24.8226 0.0000e+00
      0.671      0.008     5.5528     92.886     41.391  41.500583     4.0519      7.570   160.6685 6.5810e+01     7.2025      0.658      0.955    24.9583 0.0000e+00
      0.674      0.006     6.2835     95.189     41.382  41.501735     4.0426      7.572   160.9300 6.5448e+01     7.1055      0.662      0.960    25.0406 0.0000e+00
      0.674      0.004     6.8952     95.671     41.366  41.490308     4.0259      7.573   161.1176 6.5159e+01     7.0756      0.663      0.961    25.0873 0.0000e+00
      0.672      0.003     7.3667     94.723     41.361  41.489373     4.0669      7.574   161.3017 6.4871e+01     7.0796      0.659      0.956    25.1118 0.0000e+00
      0.671      0.003     7.7076     93.091     41.361  41.490423     4.1631      7.575   161.6068 6.4421e+01     7.1202      0.657      0.953    25.1278 0.0000e+00
      0.673      0.003     7.8996     91.406     41.372  41.503004     4.2150      7.576   161.8817 6.3897e+01     7.1572      0.660      0.956    25.1396 0.0000e+00
      0.676      0.004     7.9277     89.985     41.382  41.514561     4.2115      7.577   162.0437 6.3527e+01     7.1502      0.662      0.961    25.1462 0.0000e+00
      0.678      0.006     7.8221     88.924     41.368  41.503229     4.2210      7.578   162.1897 6.3341e+01     7.1717      0.664      0.964    25.1490 0.0000e+00
