Data/DataNotYetUploadedToEDI/Raw_CTD/RawDownloads/081224_fcr20_S7809005.cnv
* Sea-Bird SBE19plus  Data File:
* FileName = C:\R\Reservoirs\Data\DataNotYetUploadedToEDI\Raw_CTD\RawDownloads\081324_fcr50_S7809_0005.hex
* Software version 2.8.0.119
* Temperature SN = 7809
* Conductivity SN = 7809
* System UpLoad Time = Aug 13 2024 13:56:13
* <ApplicationData>
* <Seaterm232>
# nquan = 15
# nvalues = 899                         
# units = specified
# name 0 = depFM: Depth [fresh water, m]
# name 1 = dz/dtM: Descent Rate [m/s]
# name 2 = sbeox0Mg/L: Oxygen, SBE 43 [mg/l]
# name 3 = sbeox0PS: Oxygen, SBE 43 [% saturation]
# name 4 = specc: Specific Conductance [uS/cm]
# name 5 = c0uS/cm: Conductivity [uS/cm]
# name 6 = flECO-AFL: Fluorescence, WET Labs ECO-AFL/FL [mg/m^3]
# name 7 = ph: pH
# name 8 = orp: Oxidation Reduction Potential [mV]
# name 9 = par/sat/log: PAR/Logarithmic, Satlantic
# name 10 = turbWETntu0: Turbidity, WET Labs ECO [NTU]
# name 11 = prdM: Pressure, Strain Gauge [db]
# name 12 = prdE: Pressure, Strain Gauge [psi]
# name 13 = tv290C: Temperature [ITS-90, deg C]
# name 14 = flag:  0.000e+00
# span 0 =     -0.536,      5.462       
# span 1 =     -0.012,      0.247       
# span 2 =     0.1059,     8.2216       
# span 3 =      1.182,     99.269       
# span 4 =     40.329,     91.597       
# span 5 =  39.731646,  74.095792       
# span 6 =    -0.0583,    98.9285       
# span 7 =      7.339,      7.708       
# span 8 =    28.7035,   210.8171       
# span 9 = 1.2362e-01, 8.4257e+02       
# span 10 =     2.6792,    79.9431      
# span 11 =     -0.539,      5.357      
# span 12 =     -0.782,      7.770      
# span 13 =    12.4628,    25.2119      
# span 14 = 0.0000e+00, 0.0000e+00      
# interval = seconds: 0.25
# start_time = Aug 12 2024 11:06:25 [Instrument's time stamp, header]
# bad_flag = -9.990e-29
*END*
[from data line 675]
      3.414      0.026     0.1218      1.232     71.289  60.351995     3.5471      7.520   146.8399 1.6320e+00    12.0537      3.348      4.856    17.4041 0.0000e+00
      3.422      0.026     0.1223      1.236     70.785  59.871635     3.5653      7.519   146.2709 1.5826e+00    12.1352      3.356      4.868    17.3987 0.0000e+00
      3.429      0.026     0.1225      1.232     70.579  59.687595     3.5652      7.518   145.8101 1.5324e+00    12.2350      3.363      4.878    17.4009 0.0000e+00
      3.436      0.025     0.1188      1.234     71.041  60.096100     3.5612      7.518   145.3120 1.4628e+00    12.3716      3.369      4.887    17.3858 0.0000e+00
      3.443      0.022     0.1170      1.241     71.787  60.745109     3.5674      7.517   144.7230 1.4078e+00    12.4216      3.377      4.898    17.3192 0.0000e+00
      3.448      0.019     0.1200      1.243     72.376  61.245486     3.5654      7.516   144.2806 1.3798e+00    12.4636      3.382      4.905    17.2720 0.0000e+00
      3.452      0.017     0.1176      1.251     73.081  61.826115     3.6127      7.516   143.9209 1.3562e+00    13.0836      3.385      4.910    17.2747 0.0000e+00
      3.456      0.015     0.1181      1.255     74.292  62.809948     3.7056      7.516   143.5574 1.3411e+00    14.1449      3.390      4.916    17.2929 0.0000e+00
      3.459      0.016     0.1200      1.252     76.368  64.500168     3.7489      7.516   142.9827 1.3327e+00    14.6723      3.393      4.921    17.3097 0.0000e+00
      3.461      0.021     0.1186      1.256     78.611  66.313834     3.7452      7.514   142.2214 1.3257e+00    14.6096      3.394      4.923    17.3111 0.0000e+00
      3.464      0.026     0.1206      1.266     79.489  66.946675     3.7262      7.511   141.4937 1.3358e+00    13.9335      3.396      4.926    17.3007 0.0000e+00
      3.469      0.029     0.1209      1.271     79.239  66.623333     3.7111      7.508   140.7232 1.2993e+00    12.8171      3.398      4.928    17.2762 0.0000e+00
      3.482      0.030     0.1201      1.270     78.907  66.280627     3.7215      7.504   139.9606 1.2146e+00    12.2814      3.413      4.950    17.2268 0.0000e+00
      3.498      0.031     0.1204      1.264     79.622  66.869971     3.7426      7.502   139.2419 1.1892e+00    12.3066      3.436      4.984    17.1835 0.0000e+00
      3.507      0.032     0.1224      1.255     81.707  68.601149     3.7413      7.500   138.5725 1.2071e+00    12.3367      3.441      4.991    17.1122 0.0000e+00
      3.509      0.033     0.1230      1.249     83.188  69.735478     3.7068      7.498   137.9759 1.2159e+00    12.4059      3.441      4.990    17.0173 0.0000e+00
      3.511      0.033     0.1230      1.259     83.456  69.781148     3.6585      7.497   137.3625 1.2067e+00    12.5626      3.440      4.989    16.9829 0.0000e+00
      3.518      0.034     0.1222      1.277     83.581  69.725130     3.6237      7.496   136.6628 1.1621e+00    12.6610      3.446      4.999    16.9842 0.0000e+00
      3.533      0.036     0.1212      1.270     83.540  69.566426     3.6107      7.495   135.9687 1.1065e+00    12.5707      3.466      5.027    17.0034 0.0000e+00
      3.547      0.037     0.1205      1.251     83.341  69.323901     3.6164      7.494   135.2512 1.0709e+00    11.3339      3.481      5.048    16.9321 0.0000e+00
      3.558      0.034     0.1211      1.241     83.441  69.398487     3.6269      7.491   134.3540 1.0493e+00     9.1160      3.488      5.060    16.7885 0.0000e+00
      3.566      0.027     0.1261      1.246     83.554  69.514926     3.6299      7.489   133.2083 1.0315e+00     7.9579      3.499      5.075    16.7030 0.0000e+00
      3.571      0.018     0.1238      1.258     83.559  69.524226     3.6279      7.486   131.8097 1.0238e+00     7.8181      3.503      5.082    16.6253 0.0000e+00
      3.572      0.011     0.1215      1.253     83.786  69.701609     3.6103      7.483   130.1782 1.0298e+00     7.4259      3.502      5.080    16.5653 0.0000e+00
      3.573      0.010     0.1207      1.238     84.562  70.324932     3.5918      7.481   128.1939 1.0375e+00     6.8361      3.504      5.083    16.5745 0.0000e+00
      3.574      0.014     0.1206      1.233     86.474  71.848868     3.5956      7.476   126.2303 1.0292e+00     6.5970      3.505      5.084    16.6026 0.0000e+00
      3.574      0.023     0.1237      1.231     88.660  73.507668     3.6150      7.469   124.7626 1.0036e+00     6.6529      3.504      5.082    16.6010 0.0000e+00
      3.577      0.032     0.1228      1.240     89.516  73.981168     3.5929      7.461   123.6118 9.6148e-01     6.4868      3.504      5.083    16.5913 0.0000e+00
      3.588      0.040     0.1198      1.269     89.285  73.568993     3.5276      7.454   122.5556 9.0600e-01     6.0917      3.515      5.098    16.5848 0.0000e+00
      3.606      0.045     0.1205      1.288     88.871  73.100872     3.4998      7.448   121.5426 8.5952e-01     5.8725      3.537      5.130    16.5613 0.0000e+00
      3.624      0.046     0.1202      1.291     88.674  72.897963     3.4978      7.444   120.5696 8.3166e-01     5.8517      3.556      5.158    16.4751 0.0000e+00
      3.637      0.043     0.1195      1.289     88.756  72.959087     3.4789      7.440   119.5666 8.1925e-01     5.8742      3.567      5.173    16.3136 0.0000e+00
      3.645      0.036     0.1262      1.288     88.842  73.013531     3.4624      7.438   118.3636 8.0837e-01     5.9061      3.575      5.186    16.1707 0.0000e+00
      3.651      0.030     0.1271      1.280     88.619  72.793413     3.4659      7.435   117.0377 7.8698e-01     5.9299      3.582      5.196    16.1052 0.0000e+00
      3.656      0.027     0.1273      1.269     88.045  72.268186     3.4700      7.432   115.7526 7.7533e-01     5.9565      3.586      5.203    16.0951 0.0000e+00
      3.659      0.027     0.1268      1.276     87.915  72.066092     3.4621      7.430   114.6131 7.8336e-01     5.9205      3.589      5.205    16.1007 0.0000e+00
      3.664      0.030     0.1267      1.283     88.875  72.701700     3.4457      7.429   113.5844 7.8034e-01     5.8355      3.592      5.209    16.0938 0.0000e+00
      3.674      0.037     0.1272      1.276     90.091  73.532856     3.4384      7.428   112.0909 7.4452e-01     5.8510      3.602      5.225    16.0669 0.0000e+00
      3.685      0.048     0.1233      1.273     90.747  73.915116     3.4403      7.426   109.3758 7.0349e-01     5.9379      3.615      5.242    16.0438 0.0000e+00
      3.695      0.060     0.1265      1.277     91.094  74.017793     3.4191      7.423   104.7607 6.8423e-01     5.9304      3.623      5.254    15.9992 0.0000e+00
      3.708      0.066     0.1277      1.277     91.402  74.074818     3.2741      7.420    98.7077 6.4771e-01     5.9647      3.631      5.266    15.8986 0.0000e+00
      3.731      0.067     0.1258      1.286     91.597  74.095792     3.0356      7.418    92.8034 5.7445e-01     6.1819      3.654      5.300    15.7992 0.0000e+00
      3.760      0.064     0.1257      1.312     91.591  74.016936     2.9147      7.416    87.7494 5.1976e-01     6.3362      3.693      5.356    15.7310 0.0000e+00
      3.780      0.059     0.1275      1.319     91.261  73.693435     2.8945      7.415    83.2869 5.0474e-01     6.3622      3.713      5.385    15.6322 0.0000e+00
      3.790      0.057     0.1274      1.309     90.078  72.663541     2.8165      7.415    79.0269 4.9760e-01     6.4953      3.717      5.391    15.4996 0.0000e+00
      3.795      0.060     0.1265      1.310     87.916  70.781643     2.6956      7.416    75.0465 4.8746e-01     6.7502      3.722      5.398    15.4298 0.0000e+00
      3.801      0.067     0.1329      1.318     86.449  69.372636     2.6477      7.416    71.6407 4.6222e-01     6.9170      3.728      5.407    15.4015 0.0000e+00
      3.812      0.074     0.1327      1.327     86.659  69.292629     2.6375      7.416    68.5638 4.0285e-01     7.0087      3.733      5.413    15.3734 0.0000e+00
      3.840      0.077     0.1296      1.340     87.267  69.623459     2.5395      7.415    65.5491 3.2620e-01     7.8934      3.756      5.447    15.3423 0.0000e+00
      3.881      0.072     0.1316      1.359     87.717  69.940473     2.3942      7.414    62.7218 2.7155e-01     9.5519      3.813      5.531    15.2736 0.0000e+00
      3.910      0.062     0.1322      1.368     88.240  70.392551     2.3288      7.413    60.2770 2.6008e-01    10.4942      3.844      5.576    15.1284 0.0000e+00
      3.918      0.046     0.1340      1.362     88.439  70.640394     2.3323      7.412    58.0159 2.5837e-01    10.6437      3.844      5.574    14.9505 0.0000e+00
      3.918      0.026     0.1349      1.360     88.159  70.521964     2.3360      7.411    55.6880 2.4653e-01    10.3688      3.843      5.574    14.8621 0.0000e+00
      3.915      0.010     0.1379      1.358     88.024  70.486200     2.3322      7.412    53.4690 2.4146e-01     9.6988      3.838      5.568    14.8519 0.0000e+00
      3.913      0.001     0.1392      1.335     88.333  70.780094     2.3277      7.413    51.4047 2.3994e-01     9.2718      3.836      5.564    14.8695 0.0000e+00
      3.914      0.001     0.1371      1.313     88.657  71.088111     2.3312      7.413    49.4002 2.3279e-01     9.1338      3.837      5.566    14.9294 0.0000e+00
      3.916      0.002     0.1368      1.308     88.689  71.159529     2.4082      7.413    47.4724 2.2516e-01     8.7819      3.839      5.570    15.0055 0.0000e+00
      3.918      0.005     0.1381      1.290     88.149  70.753789     2.5591      7.414    45.6484 2.1974e-01     8.2289      3.842      5.573    15.0410 0.0000e+00
      3.919      0.008     0.1346      1.254     87.296  70.059557     2.6412      7.416    43.8652 2.0317e-01     7.9473      3.843      5.574    15.0561 0.0000e+00
      3.919      0.011     0.1304      1.242     86.914  69.693661     2.6517      7.417    42.2589 1.9090e-01     7.9045      3.843      5.574    15.0892 0.0000e+00
      3.920      0.014     0.1326      1.259     86.635  69.380563     2.7195      7.418    40.9398 1.9433e-01     7.7117      3.844      5.575    15.1177 0.0000e+00
      3.925      0.020     0.1311      1.264     85.913  68.688926     2.8451      7.421    39.7034 1.8568e-01     7.4260      3.848      5.579    15.1362 0.0000e+00
      3.932      0.030     0.1247      1.267     85.308  68.067852     2.9221      7.424    38.6674 1.7828e-01     7.2859      3.857      5.593    15.1373 0.0000e+00
      3.938      0.040     0.1229      1.286     84.872  67.590935     2.9339      7.428    37.9641 1.9508e-01     7.2818      3.863      5.603    15.0946 0.0000e+00
      3.946      0.050     0.1284      1.291     83.765  66.608402     2.9135      7.430    37.4802 2.0711e-01     7.3767      3.866      5.607    15.0411 0.0000e+00
      3.961      0.055     0.1278      1.300     82.465  65.465999     2.7832      7.432    37.0324 1.8651e-01     8.1588      3.881      5.628    14.9816 0.0000e+00
      3.984      0.056     0.1260      1.323     82.317  65.216514     2.5656      7.435    36.5076 1.5197e-01     9.5649      3.908      5.668    14.8891 0.0000e+00
      4.004      0.055     0.1322      1.334     82.962  65.625304     2.4456      7.438    35.9539 1.3985e-01    10.3042      3.930      5.700    14.8047 0.0000e+00
      4.017      0.053     0.1306      1.339     82.939  65.579149     2.4484      7.441    35.3277 1.4512e-01    10.4027      3.941      5.717    14.7575 0.0000e+00
      4.026      0.050     0.1301      1.327     82.155  64.976070     2.4574      7.444    34.7004 1.4180e-01    10.7558      3.949      5.728    14.6998 0.0000e+00
      4.032      0.046     0.1365      1.297     81.651  64.560856     2.4298      7.448    34.2199 1.3240e-01    11.2946      3.954      5.735    14.6030 0.0000e+00
      4.042      0.043     0.1350      1.280     81.416  64.307921     2.3983      7.452    33.9065 1.2964e-01    11.5540      3.960      5.745    14.5285 0.0000e+00
      4.057      0.041     0.1376      1.271     80.881  63.823998     2.3758      7.456    33.8361 1.2895e-01    11.6035      3.978      5.769    14.5168 0.0000e+00
      4.073      0.040     0.1363      1.260     79.671  62.839794     2.3082      7.459    33.8855 1.2572e-01    12.3709      3.996      5.798    14.5546 0.0000e+00
      4.083      0.037     0.1307      1.261     78.496  61.874861     2.2049      7.461    33.8160 1.2399e-01    13.8989      4.006      5.810    14.5479 0.0000e+00
      4.089      0.033     0.1304      1.278     78.674  61.941450     2.1667      7.463    33.5971 1.2381e-01    14.8432      4.010      5.815    14.4841 0.0000e+00
      4.095      0.027     0.1300      1.295     79.296  62.374245     2.1629      7.465    33.3030 1.2374e-01    15.1113      4.015      5.824    14.4422 0.0000e+00
      4.101      0.021     0.1281      1.302     79.349  62.406203     2.0334      7.467    33.0995 1.2379e-01    16.5607      4.022      5.833    14.4343 0.0000e+00
      4.107      0.017     0.1277      1.300     79.579  62.582003     1.8087      7.467    32.9436 1.2386e-01    19.2152      4.030      5.844    14.4261 0.0000e+00
      4.112      0.014     0.1311      1.291     80.090  62.974981     1.6844      7.467    32.6233 1.2384e-01    20.6654      4.033      5.849    14.3568 0.0000e+00
      4.114      0.011     0.1327      1.281     80.293  63.154896     1.6624      7.467    32.1520 1.2375e-01    20.9095      4.035      5.852    14.3081 0.0000e+00
      4.115      0.009     0.1337      1.270     80.428  63.296032     1.6009      7.467    31.6329 1.2371e-01    22.0984      4.037      5.855    14.3256 0.0000e+00
      4.116      0.008     0.1330      1.257     80.469  63.347163     1.4908      7.467    31.0786 1.2376e-01    24.1767      4.036      5.854    14.3221 0.0000e+00
      4.118      0.010     0.1323      1.256     79.873  62.883576     1.4210      7.468    30.5268 1.2380e-01    25.2350      4.038      5.855    14.2992 0.0000e+00
      4.121      0.014     0.1308      1.261     79.358  62.456112     1.3890      7.470    30.1235 1.2378e-01    25.3300      4.041      5.861    14.3197 0.0000e+00
      4.123      0.017     0.1304      1.251     79.085  62.181537     1.3460      7.471    29.9023 1.2373e-01    25.7012      4.043      5.864    14.3554 0.0000e+00
      4.128      0.022     0.1276      1.239     78.036  61.279024     1.3003      7.471    29.6591 1.2371e-01    26.3761      4.047      5.869    14.3553 0.0000e+00
      4.135      0.027     0.1277      1.235     76.045  59.612349     1.2858      7.472    29.3335 1.2376e-01    26.7944      4.055      5.883    14.3687 0.0000e+00
      4.143      0.031     0.1302      1.239     73.320  57.340025     1.2876      7.473    28.9770 1.2378e-01    26.8642      4.063      5.894    14.3607 0.0000e+00
      4.151      0.036     0.1277      1.240     70.716  55.147630     1.2722      7.476    28.7043 1.2372e-01    26.8790      4.070      5.903    14.3091 0.0000e+00
      4.160      0.041     0.1268      1.247     69.434  54.001022     1.2407      7.478    28.7035 1.2366e-01    27.3493      4.080      5.917    14.2663 0.0000e+00
      4.171      0.046     0.1261      1.266     69.272  53.765362     1.2147      7.480    28.8815 1.2371e-01    28.3489      4.091      5.933    14.2006 0.0000e+00
      4.184      0.051     0.1277      1.275     68.281  52.933270     1.2166      7.483    29.0497 1.2380e-01    28.9568      4.102      5.949    14.1025 0.0000e+00
      4.198      0.056     0.1278      1.270     65.181  50.480866     1.2225      7.487    29.1882 1.2379e-01    29.0283      4.116      5.970    13.9852 0.0000e+00
      4.214      0.062     0.1278      1.269     61.986  47.925725     1.1607      7.491    29.4380 1.2374e-01    28.8369      4.133      5.994    13.8726 0.0000e+00
      4.230      0.069     0.1319      1.282     60.588  46.738964     1.0440      7.494    29.7467 1.2372e-01    28.4191      4.150      6.018    13.7903 0.0000e+00
