Data/DataNotYetUploadedToEDI/Raw_CTD/RawDownloads/081224_fcr10_S7809006.cnv
* Sea-Bird SBE19plus  Data File:
* FileName = C:\R\Reservoirs\Data\DataNotYetUploadedToEDI\Raw_CTD\RawDownloads\081324_fcr50_S7809_0006.hex
* Software version 2.8.0.119
* Temperature SN = 7809
* Conductivity SN = 7809
* System UpLoad Time = Aug 13 2024 13:56:46
* <ApplicationData>
* <Seaterm232>
# nquan = 15
# nvalues = 965                         
# units = specified
# name 0 = depFM: Depth [fresh water, m]
# name 1 = dz/dtM: Descent Rate [m/s]
# name 2 = sbeox0Mg/L: Oxygen, SBE 43 [mg/l]
# name 3 = sbeox0PS: Oxygen, SBE 43 [% saturation]
# name 4 = specc: Specific Conductance [uS/cm]
# name 5 = c0uS/cm: Conductivity [uS/cm]
# name 6 = flECO-AFL: Fluorescence, WET Labs ECO-AFL/FL [mg/m^3]
# name 7 = ph: pH
# name 8 = orp: Oxidation Reduction Potential [mV]
# name 9 = par/sat/log: PAR/Logarithmic, Satlantic
# name 10 = turbWETntu0: Turbidity, WET Labs ECO [NTU]
# name 11 = prdM: Pressure, Strain Gauge [db]
# name 12 = prdE: Pressure, Strain Gauge [psi]
# name 13 = tv290C: Temperature [ITS-90, deg C]
# name 14 = flag:  0.000e+00
# span 0 =     -0.489,      6.072       
# span 1 =     -0.026,      0.237       
# span 2 =     0.1131,     8.1381       
# span 3 =      1.193,     98.489       
# span 4 =     40.507,     81.890       
# span 5 =  40.213286,  67.624971       
# span 6 =    -0.0606,    46.7251       
# span 7 =      7.478,      7.801       
# span 8 =    46.6024,   200.6305       
# span 9 = 1.2361e-01, 1.8144e+03       
# span 10 =     4.9038,   389.7828      
# span 11 =     -0.487,      5.955      
# span 12 =     -0.707,      8.637      
# span 13 =    12.4745,    25.4511      
# span 14 = 0.0000e+00, 0.0000e+00      
# interval = seconds: 0.25
# start_time = Aug 12 2024 11:15:03 [Instrument's time stamp, header]
# bad_flag = -9.990e-29
*END*
[from data line 193]
      0.337      0.032     7.7064     90.399     41.401  41.779677     3.8669      7.699   152.1319 1.5623e+02     6.7211      0.332      0.481    25.4458 0.0000e+00
      0.345      0.030     7.5887     90.083     41.384  41.761427     3.8610      7.699   152.5552 1.5595e+02     6.6956      0.342      0.496    25.4493 0.0000e+00
      0.350      0.030     7.5056     89.898     41.369  41.743541     3.8527      7.699   152.9152 1.5611e+02     6.7344      0.341      0.495    25.4508 0.0000e+00
      0.357      0.029     7.4458     89.769     41.381  41.753823     3.8757      7.700   153.2142 1.5535e+02     6.8829      0.348      0.504    25.4509 0.0000e+00
      0.367      0.028     7.3991     89.652     41.387  41.758807     3.9051      7.703   153.5900 1.5528e+02     6.9536      0.361      0.524    25.4511 0.0000e+00
      0.375      0.028     7.3784     89.527     41.371  41.740331     3.9087      7.705   154.0171 1.5569e+02     6.9398      0.368      0.534    25.4508 0.0000e+00
      0.382      0.027     7.3653     89.443     41.354  41.720832     3.8938      7.707   154.2480 1.5569e+02     6.9216      0.373      0.542    25.4475 0.0000e+00
      0.388      0.025     7.3555     89.422     41.349  41.713445     3.8917      7.708   154.4888 1.5525e+02     6.8363      0.379      0.552    25.4446 0.0000e+00
      0.394      0.021     7.3487     89.437     41.351  41.714477     3.9254      7.709   154.8642 1.5355e+02     6.7275      0.386      0.561    25.4435 0.0000e+00
      0.400      0.019     7.3352     89.474     41.369  41.733307     3.9600      7.709   155.2593 1.5120e+02     6.6997      0.394      0.571    25.4409 0.0000e+00
      0.404      0.017     7.3285     89.518     41.385  41.750716     3.9683      7.709   155.6523 1.4953e+02     6.7049      0.397      0.575    25.4374 0.0000e+00
      0.407      0.016     7.3288     89.545     41.368  41.734564     3.9347      7.709   156.0877 1.4878e+02     6.6882      0.400      0.578    25.4341 0.0000e+00
      0.410      0.016     7.3298     89.551     41.361  41.728426     3.8696      7.708   156.6526 1.4840e+02     6.7367      0.402      0.583    25.4330 0.0000e+00
      0.414      0.019     7.3335     89.541     41.372  41.739967     3.8396      7.705   157.1472 1.4804e+02     6.8471      0.406      0.589    25.4334 0.0000e+00
      0.416      0.023     7.3379     89.506     41.381  41.747165     3.8459      7.703   157.4223 1.4731e+02     6.8966      0.408      0.592    25.4348 0.0000e+00
      0.421      0.027     7.3400     89.474     41.387  41.751985     3.8544      7.701   157.5702 1.4527e+02     6.8558      0.410      0.595    25.4369 0.0000e+00
      0.432      0.031     7.3394     89.466     41.370  41.734784     3.8589      7.701   157.7304 1.4350e+02     6.7979      0.424      0.615    25.4385 0.0000e+00
      0.444      0.035     7.3398     89.444     41.363  41.729591     3.8423      7.703   157.9824 1.4313e+02     6.7773      0.438      0.634    25.4389 0.0000e+00
      0.452      0.036     7.3359     89.393     41.384  41.752670     3.8288      7.707   158.2086 1.4225e+02     6.8121      0.444      0.643    25.4373 0.0000e+00
      0.460      0.035     7.3318     89.374     41.391  41.759951     3.8537      7.709   158.4006 1.4017e+02     6.8764      0.450      0.653    25.4345 0.0000e+00
      0.470      0.032     7.3338     89.412     41.386  41.754170     3.8850      7.712   158.5831 1.3742e+02     6.8724      0.460      0.667    25.4342 0.0000e+00
      0.480      0.030     7.3325     89.444     41.378  41.746230     3.8900      7.714   158.6943 1.3502e+02     6.7975      0.472      0.685    25.4381 0.0000e+00
      0.488      0.029     7.3245     89.446     41.357  41.727417     3.8810      7.716   158.7985 1.3357e+02     6.7564      0.479      0.696    25.4412 0.0000e+00
      0.492      0.029     7.3221     89.452     41.346  41.717108     3.8598      7.719   158.9819 1.3263e+02     6.7850      0.482      0.700    25.4400 0.0000e+00
      0.497      0.030     7.3286     89.460     41.380  41.748526     3.8256      7.721   159.1907 1.3177e+02     6.8701      0.486      0.705    25.4382 0.0000e+00
      0.504      0.033     7.3323     89.442     41.427  41.789945     3.8001      7.721   159.3444 1.3072e+02     6.9326      0.493      0.716    25.4386 0.0000e+00
      0.513      0.037     7.3293     89.369     41.413  41.773620     3.7842      7.722   159.5494 1.2959e+02     6.8909      0.502      0.730    25.4413 0.0000e+00
      0.524      0.041     7.3303     89.232     41.380  41.741530     3.7923      7.722   159.8636 1.2820e+02     6.8440      0.514      0.746    25.4453 0.0000e+00
      0.537      0.043     7.3324     89.095     41.356  41.719294     3.8473      7.722   160.1313 1.2686e+02     6.8777      0.527      0.764    25.4405 0.0000e+00
      0.549      0.045     7.3329     89.010     41.333  41.695178     3.8994      7.723   160.2914 1.2557e+02     6.8890      0.538      0.781    25.4301 0.0000e+00
      0.561      0.045     7.3289     88.952     41.346  41.703811     3.9069      7.723   160.4221 1.2413e+02     6.8443      0.549      0.798    25.4270 0.0000e+00
      0.572      0.046     7.3139     88.892     41.347  41.696734     3.8971      7.724   160.5937 1.2267e+02     6.8152      0.562      0.814    25.4303 0.0000e+00
      0.582      0.049     7.3003     88.827     41.333  41.673063     3.8889      7.725   160.8172 1.2083e+02     6.8446      0.572      0.830    25.4340 0.0000e+00
      0.593      0.053     7.2949     88.720     41.340  41.671466     3.8907      7.727   161.0592 1.1852e+02     6.9266      0.580      0.843    25.4328 0.0000e+00
      0.607      0.054     7.2923     88.525     41.352  41.677409     3.9103      7.728   161.1971 1.1574e+02     6.9521      0.594      0.862    25.4283 0.0000e+00
      0.623      0.054     7.2876     88.283     41.360  41.681431     3.9267      7.729   161.2795 1.1305e+02     6.9145      0.610      0.885    25.4187 0.0000e+00
      0.641      0.049     7.2853     88.077     41.337  41.656629     3.9311      7.730   161.5395 1.1080e+02     6.8133      0.628      0.911    25.4050 0.0000e+00
      0.658      0.042     7.2808     87.914     41.313  41.631400     3.9380      7.731   161.8455 1.0919e+02     6.6504      0.647      0.938    25.3935 0.0000e+00
      0.668      0.034     7.2640     87.776     41.312  41.630255     3.9522      7.731   161.9681 1.0851e+02     6.6190      0.658      0.954    25.3861 0.0000e+00
      0.672      0.025     7.2408     87.695     41.323  41.642790     3.9696      7.732   161.9893 1.0830e+02     6.6734      0.660      0.957    25.3821 0.0000e+00
      0.674      0.018     7.2249     87.699     41.336  41.656029     3.9646      7.733   162.1021 1.0824e+02     6.6242      0.661      0.958    25.3799 0.0000e+00
      0.675      0.012     7.2132     87.766     41.342  41.663379     3.9250      7.734   162.2993 1.0853e+02     6.5369      0.662      0.959    25.3786 0.0000e+00
      0.678      0.008     7.1998     87.840     41.346  41.668204     3.8822      7.735   162.4813 1.0896e+02     6.5403      0.665      0.964    25.3785 0.0000e+00
      0.681      0.006     7.1922     87.875     41.328  41.650894     3.8806      7.735   162.6669 1.0931e+02     6.5963      0.668      0.969    25.3803 0.0000e+00
      0.684      0.006     7.1929     87.880     41.322  41.644497     3.9383      7.736   162.8239 1.0941e+02     6.6340      0.671      0.974    25.3811 0.0000e+00
      0.685      0.006     7.2003     87.895     41.332  41.654326     4.0055      7.737   163.0019 1.0928e+02     6.6545      0.673      0.976    25.3818 0.0000e+00
      0.684      0.008     7.2080     87.918     41.320  41.642795     4.0275      7.737   163.2714 1.0910e+02     6.6387      0.670      0.972    25.3831 0.0000e+00
      0.683      0.013     7.2104     87.904     41.310  41.632013     4.0218      7.737   163.5871 1.0841e+02     6.6142      0.668      0.969    25.3840 0.0000e+00
      0.685      0.023     7.2090     87.888     41.331  41.650897     4.0443      7.735   163.9792 1.0736e+02     6.6657      0.669      0.971    25.3837 0.0000e+00
      0.691      0.034     7.2099     87.948     41.365  41.680707     4.1076      7.733   164.3985 1.0628e+02     6.7837      0.676      0.981    25.3831 0.0000e+00
      0.701      0.046     7.2146     88.042     41.365  41.675099     4.1548      7.731   164.6986 1.0490e+02     6.8443      0.685      0.994    25.3846 0.0000e+00
      0.716      0.057     7.2125     88.105     41.340  41.646559     4.1491      7.728   164.8541 1.0321e+02     6.8178      0.701      1.016    25.3848 0.0000e+00
      0.736      0.065     7.2066     88.135     41.350  41.652958     4.1306      7.727   164.9021 1.0161e+02     6.8041      0.724      1.051    25.3820 0.0000e+00
      0.754      0.068     7.2152     88.105     41.390  41.688995     4.1890      7.728   164.9354 9.9939e+01     6.8494      0.740      1.073    25.3761 0.0000e+00
      0.774      0.070     7.2270     87.996     41.405  41.701466     4.3050      7.729   165.1706 9.7815e+01     6.9222      0.757      1.097    25.3688 0.0000e+00
      0.794      0.071     7.2305     87.861     41.382  41.676803     4.3681      7.729   165.5089 9.6105e+01     6.9331      0.782      1.135    25.3643 0.0000e+00
      0.809      0.074     7.2357     87.735     41.353  41.644664     4.3780      7.729   165.6706 9.4815e+01     6.8436      0.794      1.152    25.3599 0.0000e+00
      0.822      0.078     7.2352     87.625     41.343  41.630213     4.3498      7.731   165.7489 9.2735e+01     6.8656      0.802      1.164    25.3542 0.0000e+00
      0.842      0.079     7.2241     87.565     41.347  41.629003     4.2940      7.733   165.7674 9.0134e+01     7.0628      0.822      1.194    25.3514 0.0000e+00
      0.868      0.076     7.2114     87.521     41.354  41.630019     4.2606      7.735   165.7221 8.7959e+01     7.1435      0.852      1.235    25.3507 0.0000e+00
      0.894      0.070     7.2031     87.425     41.371  41.642494     4.2461      7.737   165.7166 8.6350e+01     7.0898      0.878      1.274    25.3476 0.0000e+00
      0.915      0.060     7.1919     87.314     41.385  41.652888     4.2016      7.739   165.7877 8.5349e+01     7.0286      0.898      1.304    25.3415 0.0000e+00
      0.929      0.049     7.1890     87.247     41.362  41.628760     4.1384      7.739   165.9791 8.5036e+01     6.9496      0.914      1.327    25.3343 0.0000e+00
      0.935      0.039     7.1910     87.215     41.340  41.604633     4.1234      7.740   166.2242 8.5299e+01     6.9204      0.920      1.334    25.3270 0.0000e+00
      0.936      0.034     7.1808     87.209     41.354  41.615028     4.1449      7.741   166.4286 8.5546e+01     6.8804      0.916      1.328    25.3206 0.0000e+00
      0.938      0.034     7.1698     87.203     41.369  41.627513     4.2067      7.742   166.5572 8.5326e+01     6.8415      0.917      1.331    25.3175 0.0000e+00
      0.947      0.037     7.1659     87.120     41.373  41.628648     4.3046      7.744   166.6607 8.4869e+01     6.9293      0.928      1.346    25.3159 0.0000e+00
      0.961      0.042     7.1639     86.967     41.374  41.628750     4.3542      7.746   166.8202 8.4184e+01     7.0539      0.942      1.367    25.3133 0.0000e+00
      0.976      0.046     7.1629     86.840     41.373  41.628750     4.3661      7.747   167.0217 8.3276e+01     7.1516      0.958      1.390    25.3105 0.0000e+00
      0.991      0.048     7.1674     86.758     41.373  41.628636     4.3820      7.748   167.1185 8.2230e+01     7.1198      0.973      1.412    25.3066 0.0000e+00
      1.002      0.047     7.1609     86.685     41.372  41.627378     4.3960      7.749   167.1308 8.0860e+01     6.9090      0.983      1.426    25.3025 0.0000e+00
      1.012      0.045     7.1437     86.648     41.358  41.613542     4.4024      7.749   167.2561 7.9224e+01     6.7555      0.992      1.438    25.3010 0.0000e+00
      1.023      0.044     7.1331     86.699     41.335  41.588269     4.4007      7.750   167.5154 7.7719e+01     6.7667      1.004      1.456    25.3024 0.0000e+00
      1.034      0.041     7.1286     86.806     41.327  41.575671     4.4004      7.751   167.7705 7.6531e+01     6.8050      1.014      1.471    25.3042 0.0000e+00
      1.045      0.038     7.1216     86.925     41.345  41.588145     4.3909      7.751   167.9310 7.5448e+01     6.7748      1.024      1.484    25.3036 0.0000e+00
      1.057      0.033     7.1153     87.049     41.372  41.612160     4.3769      7.751   167.9943 7.4643e+01     6.7431      1.038      1.505    25.3033 0.0000e+00
      1.066      0.028     7.1219     87.129     41.375  41.612151     4.3724      7.751   168.0192 7.4441e+01     6.7635      1.048      1.520    25.3005 0.0000e+00
      1.071      0.024     7.1339     87.129     41.353  41.588032     4.3702      7.752   168.1452 7.4525e+01     6.7823      1.051      1.524    25.2938 0.0000e+00
      1.074      0.022     7.1428     87.091     41.341  41.574403     4.4243      7.754   168.3139 7.4672e+01     6.7655      1.053      1.528    25.2883 0.0000e+00
      1.077      0.022     7.1556     87.025     41.342  41.574300     4.5280      7.756   168.4242 7.4898e+01     6.6968      1.056      1.532    25.2840 0.0000e+00
      1.081      0.022     7.1655     86.919     41.357  41.586786     4.5835      7.756   168.6186 7.4963e+01     6.6013      1.060      1.536    25.2796 0.0000e+00
      1.088      0.022     7.1624     86.844     41.371  41.598430     4.5965      7.757   168.8580 7.4691e+01     6.5666      1.066      1.546    25.2766 0.0000e+00
      1.098      0.021     7.1592     86.848     41.362  41.588147     4.6935      7.758   168.9091 7.4257e+01     6.6196      1.078      1.562    25.2764 0.0000e+00
      1.106      0.018     7.1564     86.893     41.364  41.589396     4.8983      7.759   168.8059 7.3904e+01     6.6948      1.088      1.576    25.2746 0.0000e+00
      1.110      0.014     7.1443     86.941     41.386  41.613523     5.0341      7.760   168.8153 7.3637e+01     6.7247      1.090      1.581    25.2707 0.0000e+00
      1.110      0.012     7.1363     86.985     41.395  41.626008     5.0536      7.762   169.0230 7.3357e+01     6.7418      1.089      1.580    25.2681 0.0000e+00
      1.110      0.011     7.1395     87.021     41.380  41.613411     5.0260      7.763   169.1653 7.3017e+01     6.7306      1.087      1.577    25.2668 0.0000e+00
      1.110      0.012     7.1443     87.042     41.355  41.588147     4.9830      7.764   169.1596 7.2524e+01     6.6574      1.087      1.576    25.2658 0.0000e+00
      1.114      0.013     7.1480     87.053     41.344  41.574414     4.9756      7.765   169.2978 7.1798e+01     6.6089      1.091      1.582    25.2675 0.0000e+00
      1.121      0.015     7.1507     87.047     41.347  41.574301     4.9943      7.765   169.5461 7.0986e+01     6.5876      1.099      1.594    25.2725 0.0000e+00
      1.127      0.015     7.1539     87.016     41.362  41.586775     5.0846      7.767   169.6669 7.0412e+01     6.6044      1.106      1.605    25.2776 0.0000e+00
      1.131      0.014     7.1547     86.952     41.376  41.598296     5.2507      7.770   169.8122 7.0247e+01     6.7100      1.110      1.610    25.2780 0.0000e+00
      1.133      0.014     7.1569     86.822     41.367  41.586661     5.3471      7.770   170.0113 7.0307e+01     6.8064      1.112      1.612    25.2731 0.0000e+00
      1.133      0.014     7.1574     86.635     41.356  41.573031     5.3679      7.770   170.0959 7.0377e+01     6.8469      1.111      1.611    25.2680 0.0000e+00
      1.135      0.015     7.1545     86.443     41.345  41.560434     5.3699      7.771   170.1471 7.0260e+01     6.8580      1.110      1.610    25.2650 0.0000e+00
      1.140      0.018     7.1519     86.297     41.348  41.561275     5.3377      7.773   170.2006 6.9924e+01     6.8717      1.117      1.621    25.2626 0.0000e+00
