Data/DataNotYetUploadedToEDI/Raw_CTD/RawDownloads/081224_fcr10_S7809006.cnv
* Sea-Bird SBE19plus  Data File:
* FileName = C:\R\Reservoirs\Data\DataNotYetUploadedToEDI\Raw_CTD\RawDownloads\081324_fcr50_S7809_0006.hex
* Software version 2.8.0.119
* Temperature SN = 7809
* Conductivity SN = 7809
* System UpLoad Time = Aug 13 2024 13:56:46
* <ApplicationData>
* <Seaterm232>
# nquan = 15
# nvalues = 965                         
# units = specified
# name 0 = depFM: Depth [fresh water, m]
# name 1 = dz/dtM: Descent Rate [m/s]
# name 2 = sbeox0Mg/L: Oxygen, SBE 43 [mg/l]
# name 3 = sbeox0PS: Oxygen, SBE 43 [% saturation]
# name 4 = specc: Specific Conductance [uS/cm]
# name 5 = c0uS/cm: Conductivity [uS/cm]
# name 6 = flECO-AFL: Fluorescence, WET Labs ECO-AFL/FL [mg/m^3]
# name 7 = ph: pH
# name 8 = orp: Oxidation Reduction Potential [mV]
# name 9 = par/sat/log: PAR/Logarithmic, Satlantic
# name 10 = turbWETntu0: Turbidity, WET Labs ECO [NTU]
# name 11 = prdM: Pressure, Strain Gauge [db]
# name 12 = prdE: Pressure, Strain Gauge [psi]
# name 13 = tv290C: Temperature [ITS-90, deg C]
# name 14 = flag:  0.000e+00
# span 0 =     -0.489,      6.072       
# span 1 =     -0.026,      0.237       
# span 2 =     0.1131,     8.1381       
# span 3 =      1.193,     98.489       
# span 4 =     40.507,     81.890       
# span 5 =  40.213286,  67.624971       
# span 6 =    -0.0606,    46.7251       
# span 7 =      7.478,      7.801       
# span 8 =    46.6024,   200.6305       
# span 9 = 1.2361e-01, 1.8144e+03       
# span 10 =     4.9038,   389.7828      
# span 11 =     -0.487,      5.955      
# span 12 =     -0.707,      8.637      
# span 13 =    12.4745,    25.4511      
# span 14 = 0.0000e+00, 0.0000e+00      
# interval = seconds: 0.25
# start_time = Aug 12 2024 11:15:03 [Instrument's time stamp, header]
# bad_flag = -9.990e-29
*END*
[from data line 290]
      1.154      0.022     7.1241     86.206     41.362  41.571659     5.2513      7.776   170.2771 6.9349e+01     7.0239      1.132      1.642    25.2568 0.0000e+00
      1.160      0.022     7.1072     86.191     41.339  41.548666     5.2537      7.777   170.3932 6.9104e+01     7.0766      1.137      1.650    25.2548 0.0000e+00
      1.165      0.022     7.0945     86.194     41.350  41.559060     5.3136      7.778   170.5108 6.8828e+01     7.0360      1.142      1.656    25.2507 0.0000e+00
      1.170      0.022     7.0895     86.255     41.362  41.570400     5.4180      7.779   170.5805 6.8453e+01     6.8741      1.147      1.664    25.2474 0.0000e+00
      1.175      0.022     7.0909     86.342     41.354  41.558845     5.4839      7.780   170.6330 6.7950e+01     6.7586      1.152      1.671    25.2473 0.0000e+00
      1.181      0.022     7.0887     86.398     41.345  41.546265     5.5022      7.781   170.7156 6.7475e+01     6.7672      1.159      1.681    25.2467 0.0000e+00
      1.187      0.022     7.0861     86.379     41.345  41.545225     5.6396      7.782   170.8912 6.7092e+01     6.8415      1.164      1.689    25.2466 0.0000e+00
      1.193      0.021     7.0938     86.281     41.343  41.546275     5.9055      7.782   171.1221 6.6709e+01     6.8718      1.169      1.695    25.2469 0.0000e+00
      1.199      0.020     7.1024     86.152     41.353  41.558959     6.0527      7.783   171.2692 6.6336e+01     6.8254      1.176      1.706    25.2426 0.0000e+00
      1.204      0.018     7.1100     86.057     41.365  41.571650     6.0630      7.784   171.2939 6.6058e+01     6.7934      1.182      1.715    25.2347 0.0000e+00
      1.208      0.016     7.1087     86.013     41.370  41.572795     6.0308      7.786   171.3351 6.5867e+01     6.8258      1.185      1.718    25.2341 0.0000e+00
      1.212      0.014     7.0981     85.972     41.375  41.572796     5.9795      7.788   171.4233 6.5742e+01     6.8755      1.189      1.724    25.2398 0.0000e+00
      1.215      0.013     7.0850     85.959     41.376  41.571651     5.9587      7.790   171.5856 6.5722e+01     6.8815      1.192      1.729    25.2445 0.0000e+00
      1.218      0.016     7.0750     86.009     41.362  41.558949     5.9620      7.789   172.0061 6.5721e+01     6.8654      1.195      1.733    25.2451 0.0000e+00
      1.220      0.024     7.0767     86.085     41.349  41.546151     6.1025      7.784   172.5510 6.5666e+01     6.8517      1.197      1.735    25.2388 0.0000e+00
      1.223      0.033     7.0722     86.161     41.354  41.543855     6.3843      7.779   172.8394 6.5544e+01     6.8522      1.199      1.738    25.2315 0.0000e+00
      1.228      0.040     7.0688     86.187     41.352  41.531173     6.5478      7.776   172.9116 6.5018e+01     6.8722      1.201      1.742    25.2295 0.0000e+00
      1.243      0.042     7.0759     86.087     41.347  41.519729     6.5813      7.776   172.9941 6.3750e+01     6.8542      1.214      1.761    25.2328 0.0000e+00
      1.266      0.040     7.0810     85.858     41.361  41.532411     6.5978      7.776   173.0616 6.2393e+01     6.8048      1.246      1.806    25.2360 0.0000e+00
      1.284      0.035     7.0900     85.559     41.383  41.557578     6.7219      7.777   173.1261 6.1746e+01     6.8559      1.265      1.834    25.2257 0.0000e+00
      1.289      0.026     7.0982     85.272     41.390  41.570158     6.9750      7.779   173.2579 6.1610e+01     7.0280      1.265      1.835    25.2073 0.0000e+00
      1.288      0.016     7.0905     85.096     41.372  41.557586     7.1195      7.780   173.3640 6.1563e+01     7.1432      1.263      1.832    25.2001 0.0000e+00
      1.285      0.009     7.0693     85.081     41.342  41.532521     7.1297      7.782   173.3772 6.1491e+01     7.1216      1.260      1.828    25.1998 0.0000e+00
      1.285      0.008     7.0427     85.188     41.327  41.520972     7.0063      7.783   173.4170 6.1346e+01     7.0057      1.259      1.826    25.2029 0.0000e+00
      1.287      0.012     7.0143     85.363     41.351  41.544882     6.7678      7.786   173.5014 6.1108e+01     6.8701      1.262      1.830    25.2111 0.0000e+00
      1.292      0.016     6.9965     85.571     41.375  41.567742     6.6353      7.788   173.6230 6.0778e+01     6.8485      1.266      1.837    25.2196 0.0000e+00
      1.299      0.020     6.9970     85.770     41.352  41.543508     6.6183      7.789   173.7690 6.0364e+01     6.9151      1.273      1.846    25.2263 0.0000e+00
      1.306      0.022     7.0069     85.910     41.317  41.505732     6.6047      7.790   173.8035 5.9986e+01     6.9241      1.281      1.859    25.2294 0.0000e+00
      1.312      0.022     7.0219     85.973     41.307  41.491798     6.5788      7.792   173.8681 5.9735e+01     6.8543      1.287      1.868    25.2288 0.0000e+00
      1.317      0.023     7.0407     85.980     41.322  41.501962     6.5631      7.793   174.1203 5.9517e+01     6.7884      1.291      1.873    25.2272 0.0000e+00
      1.322      0.023     7.0587     85.937     41.327  41.501683     6.5891      7.794   174.3577 5.9242e+01     6.8099      1.295      1.879    25.2253 0.0000e+00
      1.327      0.023     7.0718     85.841     41.321  41.488417     7.0105      7.795   174.5016 5.8889e+01     7.0122      1.300      1.886    25.2223 0.0000e+00
      1.333      0.026     7.0759     85.711     41.309  41.468487     7.7957      7.795   174.8272 5.8439e+01     7.2523      1.307      1.896    25.2176 0.0000e+00
      1.341      0.033     7.0773     85.535     41.238  41.387627     8.2183      7.791   175.3699 5.7934e+01     7.2880      1.315      1.907    25.2124 0.0000e+00
      1.348      0.046     7.0750     85.231     41.138  41.272335     8.2753      7.786   175.9001 5.7430e+01     7.2739      1.322      1.917    25.2073 0.0000e+00
      1.354      0.059     7.0673     84.732     41.110  41.216867     8.5338      7.783   176.3334 5.6876e+01     7.5594      1.327      1.925    25.1979 0.0000e+00
      1.367      0.067     7.0576     83.951     41.148  41.224655     8.9970      7.782   176.5651 5.5798e+01     8.0759      1.334      1.936    25.1854 0.0000e+00
      1.393      0.070     7.0477     82.622     41.183  41.239515     9.2478      7.782   176.6372 5.4069e+01     8.3263      1.361      1.973    25.1771 0.0000e+00
      1.427      0.066     7.0267     80.516     41.223  41.269581     9.2611      7.783   176.6884 5.2620e+01     8.2643      1.404      2.037    25.1656 0.0000e+00
      1.450      0.056     6.9896     77.849     41.289  41.334302     9.2330      7.783   176.7543 5.2025e+01     8.1457      1.430      2.073    25.1276 0.0000e+00
      1.459      0.041     6.9413     75.274     41.335  41.387391     9.2073      7.784   176.9181 5.1935e+01     8.0532      1.432      2.077    25.0804 0.0000e+00
      1.460      0.024     6.8449     73.433     41.341  41.403754     9.2078      7.785   177.2058 5.1947e+01     8.0691      1.432      2.078    25.0591 0.0000e+00
      1.458      0.010     6.6662     72.593     41.333  41.405220     9.2151      7.786   177.4789 5.1913e+01     8.0993      1.430      2.074    25.0490 0.0000e+00
      1.456      0.003     6.4237     72.709     41.327  41.405135     9.2118      7.787   177.6394 5.1825e+01     8.0423      1.427      2.070    25.0444 0.0000e+00
      1.456      0.003     6.1881     73.597     41.323  41.402734     9.2009      7.788   177.7695 5.1732e+01     7.9268      1.427      2.069    25.0563 0.0000e+00
      1.457      0.006     6.0285     74.977     41.299  41.376195     9.2001      7.790   177.9337 5.1607e+01     7.8289      1.429      2.071    25.0714 0.0000e+00
      1.460      0.009     5.9607     76.496     41.265  41.338115     9.2111      7.792   178.0758 5.1376e+01     7.8158      1.431      2.076    25.0817 0.0000e+00
      1.463      0.012     5.9748     77.849     41.253  41.323103     9.2174      7.794   178.1973 5.1124e+01     7.8022      1.436      2.082    25.0897 0.0000e+00
      1.467      0.014     6.0554     78.832     41.253  41.321623     9.2510      7.795   178.3701 5.0919e+01     7.8357      1.439      2.087    25.0924 0.0000e+00
      1.470      0.016     6.1813     79.341     41.251  41.320211     9.3257      7.796   178.5301 5.0678e+01     7.9478      1.441      2.091    25.0880 0.0000e+00
      1.475      0.018     6.3163     79.432     41.239  41.306034     9.3716      7.797   178.5831 5.0387e+01     8.0299      1.446      2.097    25.0813 0.0000e+00
      1.479      0.020     6.4332     79.208     41.216  41.277135     9.3813      7.797   178.6681 5.0089e+01     8.1119      1.450      2.104    25.0782 0.0000e+00
      1.484      0.023     6.5194     78.744     41.175  41.224656     9.4268      7.798   178.9549 4.9791e+01     8.1871      1.456      2.111    25.0768 0.0000e+00
      1.490      0.027     6.5576     78.101     41.086  41.115764     9.4970      7.800   179.2971 4.9425e+01     8.2220      1.461      2.119    25.0785 0.0000e+00
      1.498      0.031     6.5614     77.231     40.987  40.975948     9.5310      7.801   179.5357 4.9008e+01     8.2260      1.468      2.130    25.0784 0.0000e+00
      1.506      0.035     6.5435     76.055     40.947  40.866872     9.5380      7.800   179.7755 4.8631e+01     8.2353      1.477      2.141    25.0696 0.0000e+00
      1.515      0.038     6.5027     74.477     40.963  40.812267     9.5238      7.799   180.1318 4.8196e+01     8.2662      1.484      2.153    25.0553 0.0000e+00
      1.527      0.040     6.4541     72.155     41.014  40.823337     9.4761      7.799   180.4888 4.7723e+01     8.2584      1.497      2.172    25.0392 0.0000e+00
      1.539      0.040     6.3914     68.807     41.079  40.873733     9.4352      7.799   180.7358 4.7313e+01     8.2095      1.510      2.190    24.9979 0.0000e+00
      1.549      0.039     6.3035     64.737     41.121  40.913868     9.4368      7.800   180.8810 4.6913e+01     8.2215      1.519      2.203    24.8981 0.0000e+00
      1.559      0.036     6.1974     60.591     41.126  40.927806     9.4955      7.800   180.9535 4.6516e+01     8.3004      1.529      2.218    24.7910 0.0000e+00
      1.568      0.033     6.0256     57.041     41.096  40.915338     9.5875      7.800   181.0966 4.6180e+01     8.3441      1.539      2.231    24.7499 0.0000e+00
      1.576      0.031     5.7341     54.619     41.057  40.890074     9.6336      7.800   181.3207 4.5901e+01     8.3057      1.546      2.242    24.7428 0.0000e+00
      1.582      0.030     5.3763     53.451     41.044  40.876228     9.6200      7.801   181.5132 4.5650e+01     8.2459      1.551      2.251    24.7359 0.0000e+00
      1.588      0.030     5.0130     53.333     41.049  40.874848     9.6067      7.801   181.7023 4.5377e+01     8.2364      1.557      2.259    24.7467 0.0000e+00
      1.596      0.029     4.6953     53.908     41.055  40.873380     9.6473      7.800   181.8858 4.4997e+01     8.2587      1.565      2.270    24.7766 0.0000e+00
      1.605      0.029     4.4916     54.799     41.051  40.858474     9.7190      7.800   182.0973 4.4575e+01     8.3111      1.574      2.284    24.7999 0.0000e+00
      1.614      0.029     4.4022     55.732     41.023  40.821531     9.7420      7.800   182.4531 4.4224e+01     8.3226      1.583      2.296    24.7901 0.0000e+00
      1.621      0.028     4.4040     56.523     41.016  40.807476     9.7251      7.800   182.8321 4.3905e+01     8.2615      1.590      2.305    24.7796 0.0000e+00
      1.627      0.027     4.4647     57.037     41.031  40.815459     9.7323      7.800   183.0667 4.3548e+01     8.2558      1.595      2.313    24.7765 0.0000e+00
      1.633      0.025     4.5470     57.203     41.019  40.791112     9.7623      7.799   183.3112 4.3181e+01     8.3209      1.602      2.323    24.7584 0.0000e+00
      1.640      0.023     4.6305     57.070     41.012  40.766944     9.7711      7.799   183.6370 4.2884e+01     8.3658      1.610      2.334    24.7456 0.0000e+00
      1.646      0.023     4.7007     56.782     41.039  40.777080     9.7391      7.800   183.8221 4.2671e+01     8.3213      1.616      2.342    24.7409 0.0000e+00
      1.651      0.023     4.7465     56.404     41.057  40.786713     9.6239      7.800   183.9144 4.2503e+01     8.1919      1.619      2.349    24.7338 0.0000e+00
      1.656      0.022     4.7604     55.893     41.028  40.756465     9.4608      7.799   184.0642 4.2345e+01     8.1001      1.624      2.354    24.7193 0.0000e+00
      1.662      0.022     4.7453     55.293     40.998  40.728683     9.3893      7.799   184.1709 4.2192e+01     8.0987      1.630      2.364    24.6945 0.0000e+00
      1.668      0.022     4.7208     54.743     41.034  40.768123     9.4012      7.799   184.1716 4.2049e+01     8.1076      1.637      2.374    24.6713 0.0000e+00
      1.674      0.022     4.6948     54.317     41.044  40.789087     9.4052      7.798   184.1594 4.1897e+01     8.0702      1.641      2.380    24.6611 0.0000e+00
      1.680      0.022     4.6498     53.983     40.970  40.728314     9.3867      7.798   184.2817 4.1725e+01     8.0224      1.647      2.389    24.6638 0.0000e+00
      1.685      0.022     4.5948     53.783     40.903  40.667988     9.3782      7.799   184.4454 4.1577e+01     8.0428      1.652      2.396    24.6651 0.0000e+00
      1.690      0.022     4.5456     53.817     40.868  40.630878     9.3857      7.799   184.5038 4.1441e+01     8.0768      1.656      2.402    24.6670 0.0000e+00
      1.695      0.022     4.5122     53.960     40.844  40.596933     9.4025      7.799   184.6435 4.1286e+01     8.0922      1.663      2.411    24.6820 0.0000e+00
      1.701      0.022     4.4827     53.906     40.840  40.574877     9.4235      7.799   184.8440 4.1128e+01     8.0927      1.668      2.420    24.7025 0.0000e+00
      1.707      0.023     4.4574     53.401     40.849  40.554562     9.4229      7.798   184.9494 4.0943e+01     8.0133      1.673      2.427    24.7116 0.0000e+00
      1.713      0.024     4.4663     52.355     40.868  40.541644     9.4198      7.798   185.0573 4.0741e+01     7.9863      1.679      2.436    24.7057 0.0000e+00
      1.719      0.024     4.4894     50.825     40.904  40.545571     9.3944      7.798   185.2027 4.0538e+01     8.1083      1.685      2.444    24.6961 0.0000e+00
      1.725      0.024     4.4951     48.982     40.924  40.538532     9.3321      7.798   185.3299 4.0336e+01     8.2248      1.692      2.454    24.6750 0.0000e+00
      1.732      0.025     4.4583     47.053     40.921  40.519957     9.2904      7.798   185.4771 4.0154e+01     8.2337      1.698      2.463    24.6346 0.0000e+00
      1.737      0.025     4.3726     45.190     40.914  40.511358     9.2734      7.797   185.6911 3.9962e+01     8.2151      1.703      2.471    24.5945 0.0000e+00
      1.743      0.025     4.2438     43.535     40.897  40.498019     9.2759      7.797   185.9396 3.9707e+01     8.2394      1.709      2.479    24.5567 0.0000e+00
      1.750      0.024     4.0840     42.162     40.879  40.485616     9.3047      7.797   186.2449 3.9410e+01     8.2889      1.716      2.489    24.5158 0.0000e+00
      1.757      0.024     3.9225     40.968     40.879  40.488328     9.3295      7.797   186.5419 3.9153e+01     8.3350      1.723      2.499    24.4974 0.0000e+00
      1.764      0.024     3.7622     39.863     40.865  40.467350     9.3268      7.796   186.7780 3.8946e+01     8.3180      1.730      2.509    24.5009 0.0000e+00
      1.769      0.024     3.6194     38.923     40.842  40.422356     9.3134      7.795   187.0348 3.8740e+01     8.2548      1.736      2.516    24.5047 0.0000e+00
      1.774      0.024     3.5100     38.179     40.837  40.388519     9.3180      7.794   187.3233 3.8514e+01     8.3226      1.739      2.523    24.5122 0.0000e+00
