Data/DataNotYetUploadedToEDI/Raw_CTD/RawDownloads/081224_fcr20_S7809004.cnv
* Sea-Bird SBE19plus  Data File:
* FileName = C:\R\Reservoirs\Data\DataNotYetUploadedToEDI\Raw_CTD\RawDownloads\081324_fcr50_S7809_0004.hex
* Software version 2.8.0.119
* Temperature SN = 7809
* Conductivity SN = 7809
* System UpLoad Time = Aug 13 2024 13:55:40
* <ApplicationData>
* <Seaterm232>
# nquan = 15
# nvalues = 816                         
# units = specified
# name 0 = depFM: Depth [fresh water, m]
# name 1 = dz/dtM: Descent Rate [m/s]
# name 2 = sbeox0Mg/L: Oxygen, SBE 43 [mg/l]
# name 3 = sbeox0PS: Oxygen, SBE 43 [% saturation]
# name 4 = specc: Specific Conductance [uS/cm]
# name 5 = c0uS/cm: Conductivity [uS/cm]
# name 6 = flECO-AFL: Fluorescence, WET Labs ECO-AFL/FL [mg/m^3]
# name 7 = ph: pH
# name 8 = orp: Oxidation Reduction Potential [mV]
# name 9 = par/sat/log: PAR/Logarithmic, Satlantic
# name 10 = turbWETntu0: Turbidity, WET Labs ECO [NTU]
# name 11 = prdM: Pressure, Strain Gauge [db]
# name 12 = prdE: Pressure, Strain Gauge [psi]
# name 13 = tv290C: Temperature [ITS-90, deg C]
# name 14 = flag:  0.000e+00
# span 0 =     -0.533,      3.398       
# span 1 =     -0.044,      0.262       
# span 2 =     0.1094,     8.1358       
# span 3 =      1.152,     98.721       
# span 4 =     40.804,    113.024       
# span 5 =  40.765930,  95.508736       
# span 6 =    -0.0673,    25.1501       
# span 7 =      7.247,      7.635       
# span 8 =  -162.0961,   250.8344       
# span 9 = 1.2360e-01, 9.7665e+02       
# span 10 =    -0.2932,   154.4740      
# span 11 =     -0.529,      3.334      
# span 12 =     -0.767,      4.835      
# span 13 =    17.0627,    25.2853      
# span 14 = 0.0000e+00, 0.0000e+00      
# interval = seconds: 0.25
# start_time = Aug 12 2024 10:53:14 [Instrument's time stamp, header]
# bad_flag = -9.990e-29
*END*
[from data line 482]
      2.276      0.020     0.7641      6.934     42.600  40.898358    15.1778      7.629   243.6133 2.0271e+01    13.7224      2.231      3.236    23.0983 0.0000e+00
      2.282      0.021     0.7113      6.688     42.791  41.068763    14.9968      7.630   243.7218 2.0121e+01    13.7015      2.238      3.245    23.0509 0.0000e+00
      2.288      0.023     0.6686      6.652     43.067  41.286181    14.5639      7.630   243.8229 1.9974e+01    13.3511      2.244      3.254    22.9955 0.0000e+00
      2.295      0.024     0.6278      6.747     43.357  41.496143    12.8486      7.630   243.8903 1.9869e+01    12.7313      2.251      3.264    22.9863 0.0000e+00
      2.300      0.025     0.5903      6.832     43.697  41.766754    10.4371      7.630   243.9350 1.9760e+01    12.3558      2.256      3.272    23.0062 0.0000e+00
      2.306      0.026     0.5655      6.766     44.127  42.146252     9.2536      7.629   244.1043 1.9590e+01    12.2609      2.261      3.279    22.9983 0.0000e+00
      2.312      0.027     0.5675      6.471     44.366  42.339903     9.1256      7.629   244.3025 1.9403e+01    12.2330      2.267      3.289    22.9409 0.0000e+00
      2.319      0.029     0.5807      5.994     44.399  42.330989     9.1055      7.630   244.4394 1.9241e+01    12.0528      2.275      3.300    22.8386 0.0000e+00
      2.326      0.029     0.5934      5.442     44.530  42.419240     9.1360      7.630   244.4685 1.9057e+01    11.7562      2.282      3.309    22.7715 0.0000e+00
      2.335      0.029     0.5912      4.874     44.669  42.518302     9.1779      7.629   244.3962 1.8850e+01    11.6537      2.289      3.320    22.7574 0.0000e+00
      2.344      0.028     0.5638      4.296     44.755  42.576650     9.2289      7.628   244.4251 1.8670e+01    11.6670      2.299      3.335    22.7134 0.0000e+00
      2.352      0.025     0.5192      3.758     44.881  42.680381     9.6532      7.627   244.6463 1.8531e+01    11.5072      2.308      3.347    22.6630 0.0000e+00
      2.358      0.023     0.4697      3.331     44.983  42.756948    10.4284      7.625   244.9196 1.8438e+01    11.2248      2.313      3.355    22.6239 0.0000e+00
      2.362      0.021     0.4223      3.037     45.065  42.804209    10.8618      7.625   245.0628 1.8373e+01    11.1215      2.317      3.360    22.5832 0.0000e+00
      2.366      0.019     0.3708      2.867     45.172  42.870938    10.8984      7.625   245.1726 1.8289e+01    11.1804      2.320      3.365    22.5562 0.0000e+00
      2.370      0.019     0.3209      2.757     45.264  42.928996    10.6464      7.624   245.3007 1.8175e+01    11.1514      2.324      3.371    22.5445 0.0000e+00
      2.375      0.020     0.2846      2.636     45.295  42.934896    10.1620      7.621   245.3220 1.8059e+01    11.0104      2.329      3.378    22.5283 0.0000e+00
      2.381      0.021     0.2586      2.517     45.260  42.878771     9.8852      7.620   245.4291 1.7969e+01    10.8764      2.335      3.386    22.4874 0.0000e+00
      2.387      0.022     0.2463      2.428     45.217  42.821605     9.8303      7.619   245.7351 1.7891e+01    10.8628      2.341      3.396    22.4438 0.0000e+00
      2.394      0.022     0.2409      2.363     45.204  42.814931     9.5813      7.618   246.0110 1.7796e+01    11.0169      2.347      3.404    22.4116 0.0000e+00
      2.399      0.021     0.2283      2.339     45.170  42.798090     9.1140      7.616   246.2698 1.7704e+01    11.2359      2.353      3.413    22.3913 0.0000e+00
      2.404      0.020     0.2171      2.394     45.117  42.744942     8.8493      7.614   246.5410 1.7629e+01    11.3591      2.357      3.419    22.3631 0.0000e+00
      2.409      0.018     0.2105      2.538     45.079  42.680096     8.8358      7.612   246.7090 1.7537e+01    11.3786      2.361      3.425    22.3334 0.0000e+00
      2.414      0.016     0.2042      2.726     45.020  42.585239     9.0673      7.611   246.8381 1.7447e+01    11.5744      2.368      3.434    22.3462 0.0000e+00
      2.418      0.015     0.2002      2.871     44.961  42.486575     9.5098      7.610   247.0702 1.7386e+01    11.9499      2.372      3.440    22.3803 0.0000e+00
      2.421      0.015     0.2048      2.919     44.963  42.439153     9.7498      7.609   247.3645 1.7341e+01    12.1278      2.375      3.444    22.3788 0.0000e+00
      2.424      0.015     0.2185      2.875     45.030  42.456088     9.7635      7.609   247.5569 1.7304e+01    12.1199      2.377      3.448    22.3363 0.0000e+00
      2.427      0.016     0.2385      2.754     45.102  42.500857     9.7997      7.608   247.7618 1.7247e+01    12.0932      2.379      3.451    22.2907 0.0000e+00
      2.431      0.018     0.2537      2.577     45.146  42.536126    10.3961      7.606   248.1206 1.7156e+01    12.2830      2.383      3.456    22.2485 0.0000e+00
      2.436      0.020     0.2565      2.362     45.196  42.565159    11.5142      7.605   248.4531 1.7050e+01    12.7412      2.389      3.465    22.1905 0.0000e+00
      2.442      0.022     0.2533      2.131     45.265  42.597984    12.1243      7.604   248.5135 1.6933e+01    13.0217      2.395      3.474    22.1228 0.0000e+00
      2.448      0.022     0.2418      1.942     45.318  42.615616    12.1793      7.602   248.4207 1.6823e+01    13.0446      2.401      3.482    22.1002 0.0000e+00
      2.455      0.021     0.2257      1.819     45.309  42.587877    12.2039      7.599   248.5353 1.6728e+01    13.2906      2.408      3.492    22.1138 0.0000e+00
      2.462      0.019     0.2076      1.751     45.296  42.579928    12.2469      7.597   248.8669 1.6648e+01    13.8437      2.414      3.501    22.0903 0.0000e+00
      2.467      0.018     0.1841      1.729     45.355  42.646463    12.2747      7.596   249.2469 1.6601e+01    14.1997      2.419      3.509    22.0472 0.0000e+00
      2.471      0.018     0.1676      1.730     45.490  42.757655    12.2156      7.594   249.6878 1.6584e+01    14.2809      2.423      3.515    22.0092 0.0000e+00
      2.473      0.020     0.1576      1.741     45.711  42.908773    11.4914      7.592   250.0680 1.6555e+01    14.4840      2.425      3.517    21.9801 0.0000e+00
      2.475      0.025     0.1513      1.764     45.972  43.077151    10.1680      7.589   250.3159 1.6491e+01    14.8444      2.426      3.518    21.9921 0.0000e+00
      2.480      0.030     0.1507      1.786     46.310  43.333533     9.4399      7.584   250.6207 1.6363e+01    15.0858      2.431      3.525    22.0211 0.0000e+00
      2.490      0.034     0.1509      1.768     46.839  43.787021     9.3130      7.580   250.8272 1.6127e+01    15.1825      2.442      3.540    22.0122 0.0000e+00
      2.503      0.037     0.1523      1.704     47.435  44.307392     8.6097      7.578   250.8344 1.5866e+01    15.1598      2.456      3.562    21.9393 0.0000e+00
      2.516      0.038     0.1542      1.648     47.790  44.610677     7.3201      7.576   250.7083 1.5634e+01    14.9824      2.468      3.579    21.8351 0.0000e+00
      2.526      0.037     0.1582      1.624     47.860  44.661014     6.6041      7.574   250.1626 1.5429e+01    14.8135      2.478      3.593    21.7701 0.0000e+00
      2.534      0.035     0.1577      1.599     48.290  45.042959     6.5031      7.572   248.9691 1.5272e+01    14.8261      2.486      3.605    21.7395 0.0000e+00
      2.541      0.034     0.1492      1.564     49.298  45.927742     6.3159      7.570   246.4299 1.5124e+01    14.9979      2.492      3.614    21.6953 0.0000e+00
      2.549      0.035     0.1431      1.542     50.196  46.661975     6.0046      7.567   240.2829 1.4963e+01    15.1479      2.500      3.625    21.6613 0.0000e+00
      2.556      0.040     0.1435      1.543     50.956  47.254803     5.8272      7.564   231.2599 1.4768e+01    15.1709      2.506      3.635    21.6540 0.0000e+00
      2.565      0.045     0.1414      1.558     51.686  47.826126     5.7935      7.562   222.9428 1.4516e+01    15.1396      2.514      3.646    21.6438 0.0000e+00
      2.576      0.050     0.1370      1.567     52.048  48.046321     5.7552      7.561   215.9515 1.4218e+01    15.1465      2.525      3.662    21.6032 0.0000e+00
      2.592      0.051     0.1354      1.553     52.121  48.012408     5.4972      7.560   210.4845 1.3817e+01    15.7662      2.538      3.682    21.4761 0.0000e+00
      2.612      0.048     0.1359      1.526     52.014  47.860358     5.0386      7.557   206.1423 1.3413e+01    16.9960      2.563      3.718    21.3514 0.0000e+00
      2.629      0.042     0.1386      1.512     51.814  47.668046     4.7957      7.555   201.9088 1.3197e+01    17.6840      2.583      3.746    21.2752 0.0000e+00
      2.637      0.033     0.1398      1.499     51.724  47.591796     4.7658      7.553   197.8435 1.3104e+01    17.7307      2.587      3.752    21.1456 0.0000e+00
      2.640      0.024     0.1393      1.476     51.777  47.636806     4.7023      7.552   193.2117 1.3035e+01    17.8685      2.589      3.756    21.0323 0.0000e+00
      2.642      0.018     0.1350      1.467     51.797  47.640866     4.6109      7.551   188.5820 1.2986e+01    18.1549      2.591      3.758    20.9877 0.0000e+00
      2.644      0.015     0.1348      1.477     51.737  47.577374     4.5755      7.548   184.9724 1.2946e+01    18.2896      2.592      3.759    20.9869 0.0000e+00
      2.646      0.017     0.1344      1.483     52.278  48.075365     4.5905      7.545   181.5740 1.2879e+01    18.3355      2.594      3.762    21.0082 0.0000e+00
      2.651      0.020     0.1307      1.484     53.659  49.344718     4.6020      7.542   178.2090 1.2731e+01    18.4370      2.598      3.768    21.0002 0.0000e+00
      2.658      0.024     0.1297      1.481     54.934  50.480797     4.6145      7.539   175.1735 1.2569e+01    18.5257      2.606      3.780    20.9793 0.0000e+00
      2.665      0.027     0.1324      1.475     55.761  51.144745     4.6246      7.537   172.2332 1.2464e+01    18.5540      2.614      3.791    20.9721 0.0000e+00
      2.673      0.028     0.1324      1.480     56.524  51.721108     4.6243      7.535   169.9327 1.2332e+01    18.5747      2.620      3.800    20.9734 0.0000e+00
      2.681      0.027     0.1319      1.468     56.852  51.924937     4.6031      7.534   168.4379 1.2181e+01    18.6735      2.630      3.814    20.9847 0.0000e+00
      2.689      0.026     0.1334      1.439     56.657  51.704094     4.5588      7.531   166.8070 1.2091e+01    18.7584      2.638      3.828    20.9687 0.0000e+00
      2.696      0.024     0.1300      1.432     56.752  51.781374     4.5304      7.529   164.7549 1.2014e+01    18.7470      2.644      3.835    20.8656 0.0000e+00
      2.701      0.023     0.1337      1.431     57.285  52.224339     4.5176      7.528   162.8123 1.1965e+01    18.7409      2.650      3.842    20.7367 0.0000e+00
      2.705      0.024     0.1332      1.423     57.825  52.614825     4.4376      7.527   161.3875 1.1972e+01    19.0249      2.653      3.848    20.6431 0.0000e+00
      2.708      0.026     0.1273      1.420     58.176  52.819459     4.2953      7.524   160.3479 1.1920e+01    19.5507      2.655      3.850    20.6066 0.0000e+00
      2.714      0.028     0.1288      1.420     58.314  52.856803     4.2202      7.522   159.0189 1.1750e+01    19.8042      2.660      3.857    20.6315 0.0000e+00
      2.724      0.029     0.1290      1.427     58.183  52.685209     4.2205      7.520   157.3634 1.1529e+01    19.7665      2.671      3.874    20.6046 0.0000e+00
      2.736      0.029     0.1276      1.432     57.812  52.332228     4.2160      7.519   156.1638 1.1355e+01    19.7447      2.684      3.893    20.4904 0.0000e+00
      2.746      0.027     0.1282      1.417     57.367  51.954544     4.1904      7.518   155.8712 1.1241e+01    19.9850      2.694      3.906    20.3819 0.0000e+00
      2.752      0.022     0.1280      1.401     56.837  51.547774     4.1685      7.517   156.2352 1.1155e+01    20.4510      2.699      3.915    20.3051 0.0000e+00
      2.755      0.017     0.1288      1.405     56.270  51.160603     4.1601      7.516   156.6925 1.1108e+01    20.7333      2.702      3.919    20.2593 0.0000e+00
      2.757      0.013     0.1308      1.400     55.795  50.892922     4.1555      7.514   157.0125 1.1074e+01    20.8013      2.703      3.921    20.2442 0.0000e+00
      2.757      0.012     0.1284      1.375     55.436  50.724408     4.1624      7.513   157.1795 1.1014e+01    20.8298      2.704      3.922    20.2615 0.0000e+00
      2.759      0.013     0.1248      1.368     55.222  50.647268     4.1771      7.512   157.1626 1.0904e+01    20.8728      2.705      3.923    20.3256 0.0000e+00
      2.763      0.015     0.1275      1.388     55.162  50.658860     4.1836      7.511   156.9803 1.0727e+01    20.8779      2.709      3.929    20.4400 0.0000e+00
      2.769      0.018     0.1267      1.403     55.175  50.674161     4.1906      7.511   156.6101 1.0512e+01    20.8574      2.714      3.937    20.6064 0.0000e+00
      2.775      0.021     0.1224      1.412     55.206  50.641783     4.2032      7.510   156.0415 1.0325e+01    21.0687      2.721      3.946    20.7608 0.0000e+00
      2.780      0.023     0.1207      1.430     55.521  50.838768     4.2033      7.507   155.3544 1.0176e+01    21.4170      2.726      3.954    20.8686 0.0000e+00
      2.785      0.025     0.1242      1.426     56.280  51.468308     4.1919      7.505   154.8418 1.0005e+01    21.5501      2.730      3.960    20.9329 0.0000e+00
      2.792      0.025     0.1263      1.426     57.129  52.221037     4.1817      7.503   154.5748 9.8104e+00    21.5515      2.738      3.971    20.9400 0.0000e+00
      2.799      0.025     0.1243      1.448     57.822  52.827909     4.1046      7.501   154.3636 9.6249e+00    21.7060      2.745      3.981    20.8748 0.0000e+00
      2.807      0.024     0.1301      1.444     58.469  53.344728     3.9593      7.499   154.1806 9.4629e+00    21.9838      2.752      3.992    20.7654 0.0000e+00
      2.814      0.023     0.1277      1.422     59.254  53.960953     3.8734      7.498   154.0836 9.3581e+00    22.1098      2.761      4.004    20.7014 0.0000e+00
      2.819      0.021     0.1256      1.411     60.508  55.007475     3.8560      7.498   153.9647 9.2947e+00    22.0673      2.765      4.011    20.7001 0.0000e+00
      2.823      0.019     0.1321      1.399     62.432  56.598582     3.8485      7.497   153.6032 9.2391e+00    22.0513      2.768      4.014    20.6979 0.0000e+00
      2.826      0.019     0.1302      1.379     64.571  58.273020     3.8496      7.495   153.2400 9.1832e+00    22.0875      2.772      4.020    20.6250 0.0000e+00
      2.830      0.020     0.1270      1.367     66.244  59.500239     3.8621      7.494   153.0158 9.1192e+00    22.1285      2.775      4.025    20.5128 0.0000e+00
      2.835      0.021     0.1274      1.367     67.326  60.256574     3.8658      7.492   152.6128 9.0323e+00    22.1371      2.780      4.032    20.4693 0.0000e+00
      2.841      0.023     0.1271      1.364     68.035  60.747355     3.8689      7.487   152.0676 8.9058e+00    21.9876      2.786      4.041    20.3734 0.0000e+00
      2.849      0.024     0.1243      1.354     68.480  61.050642     3.8825      7.483   151.4993 8.7628e+00    21.7207      2.794      4.053    20.1220 0.0000e+00
      2.856      0.024     0.1242      1.361     68.785  61.255261     3.8892      7.480   150.9039 8.6450e+00    21.6085      2.801      4.063    19.8822 0.0000e+00
      2.861      0.024     0.1251      1.373     69.127  61.505994     3.8925      7.477   150.2895 8.5229e+00    21.6218      2.805      4.069    19.7271 0.0000e+00
      2.867      0.023     0.1255      1.350     69.651  61.922116     3.8969      7.473   149.3188 8.3822e+00    21.5739      2.811      4.078    19.6264 0.0000e+00
      2.873      0.023     0.1235      1.322     70.401  62.538102     3.9342      7.471   147.7716 8.2577e+00    21.4056      2.818      4.087    19.5642 0.0000e+00
