Data/DataNotYetUploadedToEDI/Raw_CTD/RawDownloads/081224_fcr50_S7809002.cnv
* Sea-Bird SBE19plus  Data File:
* FileName = C:\R\Reservoirs\Data\DataNotYetUploadedToEDI\Raw_CTD\RawDownloads\081324_fcr50_S7809_0002.hex
* Software version 2.8.0.119
* Temperature SN = 7809
* Conductivity SN = 7809
* System UpLoad Time = Aug 13 2024 13:54:48
* <ApplicationData>
* <Seaterm232>
# nquan = 15
# nvalues = 1305                        
# units = specified
# name 0 = depFM: Depth [fresh water, m]
# name 1 = dz/dtM: Descent Rate [m/s]
# name 2 = sbeox0Mg/L: Oxygen, SBE 43 [mg/l]
# name 3 = sbeox0PS: Oxygen, SBE 43 [% saturation]
# name 4 = specc: Specific Conductance [uS/cm]
# name 5 = c0uS/cm: Conductivity [uS/cm]
# name 6 = flECO-AFL: Fluorescence, WET Labs ECO-AFL/FL [mg/m^3]
# name 7 = ph: pH
# name 8 = orp: Oxidation Reduction Potential [mV]
# name 9 = par/sat/log: PAR/Logarithmic, Satlantic
# name 10 = turbWETntu0: Turbidity, WET Labs ECO [NTU]
# name 11 = prdM: Pressure, Strain Gauge [db]
# name 12 = prdE: Pressure, Strain Gauge [psi]
# name 13 = tv290C: Temperature [ITS-90, deg C]
# name 14 = flag:  0.000e+00
# span 0 =     -0.627,      9.525       
# span 1 =     -0.296,      0.178       
# span 2 =    -0.6247,     8.1814       
# span 3 =     -5.025,     99.436       
# span 4 =      0.914,    432.382       
# span 5 =   0.878780, 324.470948       
# span 6 =    -2.1273,   227.5950       
# span 7 =      5.760,      6.815       
# span 8 = -1235.1535,  1239.5912       
# span 9 = 1.2360e-01, 1.9793e+03       
# span 10 =    -0.3691,   237.6361      
# span 11 =     -0.616,      9.341      
# span 12 =     -0.893,     13.549      
# span 13 =    12.4775,    25.4608      
# span 14 = 0.0000e+00, 0.0000e+00      
# interval = seconds: 0.25
# start_time = Aug 12 2024 09:50:01 [Instrument's time stamp, header]
# bad_flag = -9.990e-29
*END*
[from data line 1254]
      9.459      0.009     4.1887      1.386    201.027 150.792942    -0.0517      6.758   273.3080 1.2374e-01     0.2101      9.277     13.453    12.4892 0.0000e+00
      9.462      0.010     2.9785     -3.143    257.919 193.482280    -0.0467      6.758   273.9391 1.2369e-01     0.1800      9.279     13.458    12.4916 0.0000e+00
      9.464      0.010     1.8274     -5.025    285.394 214.103962    -0.0379      6.758   274.5431 1.2370e-01     0.1110      9.281     13.463    12.4955 0.0000e+00
      9.467      0.010     0.8194     -4.674    262.209 196.725487    -0.0361      6.758   274.6751 1.2371e-01     0.0594      9.284     13.465    12.4988 0.0000e+00
      9.470      0.009     0.0522     -3.051    254.168 190.718777    -0.0411      6.757   274.6739 1.2370e-01     0.0687      9.288     13.469    12.5023 0.0000e+00
      9.472      0.008    -0.4363     -1.128    273.268 205.072957    -0.0415      6.757   274.2708 1.2368e-01     0.0863      9.290     13.473    12.5053 0.0000e+00
      9.474      0.007    -0.6247      0.514    272.388 204.423942    -0.0324      6.756   273.5005 1.2371e-01     0.0668      9.291     13.476    12.5069 0.0000e+00
      9.476      0.006    -0.5432      1.571    283.443 212.723876    -0.0223      6.756   273.0178 1.2374e-01     0.0388      9.293     13.478    12.5095 0.0000e+00
      9.477      0.005    -0.3314      1.882    315.238 236.572203    -0.0189      6.756   272.9094 1.2369e-01     0.0541      9.293     13.479    12.5152 0.0000e+00
      9.478      0.005    -0.1066      1.572    311.231 233.539010    -0.0326      6.756   272.9638 1.2365e-01     0.0811      9.294     13.481    12.5201 0.0000e+00
      9.478      0.005     0.0752      0.925    294.488 220.951773    -0.0560      6.756   273.4175 1.2370e-01     0.0585      9.295     13.481    12.5219 0.0000e+00
      9.479      0.006     0.1990      0.172    310.130 232.674243    -0.0684      6.757   274.3513 1.2374e-01    -0.0138      9.296     13.483    12.5233 0.0000e+00
      9.481      0.007     0.2247     -0.497    324.526 243.467984    -0.0651      6.757   275.2201 1.2374e-01    -0.0758      9.298     13.486    12.5210 0.0000e+00
      9.483      0.008     0.1778     -0.947    320.545 240.476969    -0.0582      6.757   275.4037 1.2376e-01    -0.1448      9.300     13.488    12.5147 0.0000e+00
      9.485      0.009     0.1030     -1.088    327.649 245.803198    -0.0593      6.756   275.3667 1.2380e-01    -0.2341      9.301     13.491    12.5106 0.0000e+00
      9.488      0.009     0.0137     -0.965    346.284 259.779050    -0.0536      6.755   275.6328 1.2381e-01    -0.2669      9.304     13.495    12.5093 0.0000e+00
      9.491      0.009    -0.0606     -0.705    353.048 264.847615    -0.0394      6.755   275.4374 1.2376e-01    -0.2336      9.308     13.500    12.5082 0.0000e+00
      9.494      0.009    -0.1132     -0.348    343.696 257.829626    -0.0383      6.755   274.6396 1.2369e-01    -0.2080      9.310     13.503    12.5075 0.0000e+00
      9.496      0.008    -0.1285      0.001    338.102 253.636586    -0.0396      6.755   274.1599 1.2364e-01    -0.1958      9.312     13.506    12.5073 0.0000e+00
      9.498      0.006    -0.1028      0.334    350.275 262.772537    -0.0469      6.754   274.5423 1.2370e-01    -0.1888      9.314     13.509    12.5066 0.0000e+00
      9.499      0.005    -0.0831      0.707    367.174 275.451784    -0.0683      6.754   275.4764 1.2383e-01    -0.2260      9.315     13.511    12.5056 0.0000e+00
      9.500      0.004    -0.0343      0.986    375.556 281.741167    -0.0820      6.754   276.2484 1.2389e-01    -0.2695      9.316     13.512    12.5052 0.0000e+00
      9.500      0.004     0.0034      1.135    382.577 287.011147    -0.0710      6.754   276.4771 1.2389e-01    -0.2706      9.316     13.512    12.5059 0.0000e+00
      9.501      0.004     0.0279      1.235    394.898 296.257566    -0.0438      6.754   276.3496 1.2384e-01    -0.2393      9.316     13.512    12.5066 0.0000e+00
      9.502      0.004     0.0830      1.311    406.627 305.057812    -0.0366      6.754   275.9972 1.2378e-01    -0.2324      9.318     13.514    12.5066 0.0000e+00
      9.503      0.005     0.1102      1.359    412.169 309.215739    -0.0585      6.754   275.3129 1.2378e-01    -0.2558      9.319     13.516    12.5069 0.0000e+00
      9.504      0.006     0.1216      1.374    412.714 309.626641    -0.0747      6.753   274.7007 1.2381e-01    -0.2837      9.320     13.518    12.5073 0.0000e+00
      9.506      0.006     0.1322      1.365    411.614 308.804544    -0.0670      6.753   274.6191 1.2381e-01    -0.3298      9.322     13.521    12.5077 0.0000e+00
      9.508      0.006     0.1407      1.380    410.650 308.085904    -0.0561      6.754   274.8419 1.2376e-01    -0.3691      9.324     13.524    12.5078 0.0000e+00
      9.510      0.006     0.1456      1.429    410.374 307.882536    -0.0598      6.754   274.8999 1.2376e-01    -0.3489      9.326     13.526    12.5076 0.0000e+00
      9.511      0.006     0.1479      1.471    410.806 308.210442    -0.0619      6.753   274.8034 1.2377e-01    -0.2560      9.327     13.528    12.5080 0.0000e+00
      9.512      0.005     0.1442      1.505    411.376 308.642513    -0.0489      6.752   274.8804 1.2374e-01    -0.1691      9.328     13.530    12.5084 0.0000e+00
      9.513      0.005     0.1441      1.539    412.091 309.184144    -0.0431      6.753   275.3140 1.2375e-01    -0.1530      9.329     13.531    12.5090 0.0000e+00
      9.514      0.006     0.1539      1.564    413.258 310.064909    -0.0587      6.753   276.0887 1.2381e-01    -0.1980      9.330     13.533    12.5094 0.0000e+00
      9.516      0.006     0.1563      1.570    414.833 311.253229    -0.0712      6.752   276.7621 1.2384e-01    -0.2687      9.332     13.535    12.5099 0.0000e+00
      9.518      0.006     0.1603      1.567    416.816 312.747684    -0.0606      6.752   277.0025 1.2380e-01    -0.3241      9.334     13.538    12.5104 0.0000e+00
      9.520      0.005     0.1636      1.571    419.055 314.434974    -0.0550      6.752   276.9300 1.2374e-01    -0.3547      9.336     13.540    12.5110 0.0000e+00
      9.521      0.004     0.1677      1.579    421.336 316.152931    -0.0706      6.752   276.8328 1.2372e-01    -0.3653      9.337     13.542    12.5117 0.0000e+00
      9.522      0.003     0.1672      1.574    423.556 317.823909    -0.0666      6.752   276.9451 1.2371e-01    -0.3158      9.338     13.544    12.5124 0.0000e+00
      9.522      0.003     0.1662      1.556    425.556 319.327920    -0.0481      6.751   276.9981 1.2372e-01    -0.2348      9.338     13.544    12.5133 0.0000e+00
      9.523      0.002     0.1670      1.548    427.207 320.570018    -0.0539      6.751   276.8703 1.2376e-01    -0.2394      9.339     13.545    12.5142 0.0000e+00
      9.523      0.002     0.1685      1.556    428.381 321.453881    -0.0615      6.751   276.9485 1.2375e-01    -0.2694      9.339     13.545    12.5151 0.0000e+00
      9.524      0.001     0.1684      1.563    429.238 322.100486    -0.0491      6.750   277.1696 1.2371e-01    -0.2222      9.339     13.546    12.5155 0.0000e+00
      9.525      0.001     0.1648      1.555    430.152 322.790002    -0.0458      6.750   277.1352 1.2371e-01    -0.2150      9.340     13.547    12.5159 0.0000e+00
      9.525      0.001     0.1639      1.535    431.159 323.549001    -0.0629      6.750   276.8767 1.2375e-01    -0.2848      9.341     13.548    12.5162 0.0000e+00
      9.525      0.001     0.1657      1.512    432.022 324.198971    -0.0734      6.749   276.8824 1.2382e-01    -0.3153      9.340     13.547    12.5166 0.0000e+00
      9.525      0.001     0.1669      1.502    432.382 324.470948    -0.0729      6.749   277.0323 1.2382e-01    -0.3093      9.340     13.547    12.5170 0.0000e+00
      9.525 -9.990e-29     0.1659 -9.990e-29 -9.990e-29 -9.990e-29 -9.990e-29 -9.990e-29 -9.990e-29 1.2379e-01 -9.990e-29      9.340     13.547    12.5174 0.0000e+00
      9.525 -9.990e-29     0.1636 -9.990e-29 -9.990e-29 -9.990e-29 -9.990e-29 -9.990e-29 -9.990e-29 1.2377e-01 -9.990e-29      9.341     13.548    12.5177 0.0000e+00
      9.525 -9.990e-29     0.1600 -9.990e-29 -9.990e-29 -9.990e-29 -9.990e-29 -9.990e-29 -9.990e-29 1.2374e-01 -9.990e-29      9.341     13.548    12.5182 0.0000e+00
      9.525 -9.990e-29     0.1591 -9.990e-29 -9.990e-29 -9.990e-29 -9.990e-29 -9.990e-29 -9.990e-29 1.2372e-01 -9.990e-29      9.341     13.549    12.5186 0.0000e+00
