Data/DataNotYetUploadedToEDI/Raw_CTD/RawDownloads/081220_bvr50.cnv
* Sea-Bird SBE19plus  Data File:
* FileName = C:\DATA\081720_fcr50_0001.hex
* Software version 2.8.0.119
* Temperature SN = 7809
* Conductivity SN = 7809
* System UpLoad Time = Aug 17 2020 10:03:40
* <ApplicationData>
* <Seaterm232>
# nquan = 16
# nvalues = 4739                        
# units = specified
# name 0 = depFM: Depth [fresh water, m]
# name 1 = dz/dtM: Descent Rate [m/s]
# name 2 = sbeox0ML/L: Oxygen, SBE 43 [ml/l]
# name 3 = sbeox0PS: Oxygen, SBE 43 [% saturation]
# name 4 = specc: Specific Conductance [uS/cm]
# name 5 = c0uS/cm: Conductivity [uS/cm]
# name 6 = flECO-AFL: Fluorescence, WET Labs ECO-AFL/FL [mg/m^3]
# name 7 = ph: pH
# name 8 = orp: Oxidation Reduction Potential [mV]
# name 9 = par/sat/log: PAR/Logarithmic, Satlantic
# name 10 = turbWETntu0: Turbidity, WET Labs ECO [NTU]
# name 11 = prdM: Pressure, Strain Gauge [db]
# name 12 = prdE: Pressure, Strain Gauge [psi]
# name 13 = tv290C: Temperature [ITS-90, deg C]
# name 14 = density00: Density [density, kg/m^3]
# name 15 = flag:  0.000e+00
# span 0 =     -0.727,     10.423       
# span 1 =     -0.278,      0.245       
# span 2 =     0.0272,     6.1514       
# span 3 =      0.370,    111.694       
# span 4 =      3.267,    180.320       
# span 5 =   3.465921, 124.431486       
# span 6 =    -3.2637,    16.5723       
# span 7 =     14.266,     14.916       
# span 8 = -1240.7455,   349.6084       
# span 9 = 1.2344e-01, 1.9918e+03       
# span 10 =    -1.7284,   936.3043      
# span 11 =     -0.714,     10.222      
# span 12 =     -1.035,     14.825      
# span 13 =     9.4773,    32.0800      
# span 14 =   995.0097,   999.8597      
# span 15 = 0.0000e+00, 0.0000e+00      
# interval = seconds: 0.25
# start_time = Aug 12 2020 02:41:07 [Instrument's time stamp, header]
# bad_flag = -9.990e-29
*END*
[from data line 2080]
      3.688      0.024     0.0934      1.384     31.080  27.364005     3.8176     14.653   235.9697 2.1623e+01     2.0896      3.617      5.246    19.1590   998.4074 0.0000e+00
      3.695      0.020     0.0915      1.345     31.135  27.394099     3.8138     14.653   236.0216 2.1640e+01     2.0168      3.624      5.256    19.1361   998.4120 0.0000e+00
      3.700      0.014     0.0898      1.291     31.169  27.407225     3.7753     14.654   236.0146 2.1674e+01     2.0130      3.630      5.264    19.0954   998.4200 0.0000e+00
      3.703      0.009     0.0895      1.262     31.163  27.395823     3.7055     14.654   235.8859 2.1746e+01     2.1122      3.632      5.267    19.0491   998.4290 0.0000e+00
      3.703      0.004     0.0913      1.242     31.133  27.383098     3.6656     14.654   235.6696 2.1913e+01     2.1855      3.632      5.268    19.0159   998.4356 0.0000e+00
      3.701      0.003     0.0877      1.201     31.102  27.380246     3.6468     14.653   235.5510 2.2130e+01     2.1790      3.630      5.265    18.9866   998.4413 0.0000e+00
      3.699      0.004     0.0827      1.164     31.066  27.361373     3.6307     14.653   235.6569 2.2300e+01     2.1357      3.626      5.258    18.9576   998.4470 0.0000e+00
      3.699      0.005     0.0817      1.164     31.056  27.345219     3.7082     14.653   235.8305 2.2367e+01     2.1077      3.625      5.258    18.9370   998.4509 0.0000e+00
      3.703      0.008     0.0818      1.174     31.115  27.375215     3.8691     14.654   235.9297 2.2402e+01     2.0808      3.631      5.267    18.9624   998.4460 0.0000e+00
      3.707      0.010     0.0778      1.150     31.178  27.406870     3.9542     14.655   235.9955 2.2490e+01     2.0518      3.635      5.273    19.0224   998.4344 0.0000e+00
      3.710      0.011     0.0739      1.121     31.205  27.410767     3.9649     14.654   236.0240 2.2626e+01     2.0660      3.638      5.276    19.0466   998.4296 0.0000e+00
      3.713      0.010     0.0753      1.142     31.239  27.422303     4.0850     14.654   236.0150 2.2807e+01     2.0810      3.641      5.281    19.0296   998.4329 0.0000e+00
      3.715      0.009     0.0775      1.188     31.258  27.419461     4.3186     14.655   235.9739 2.3006e+01     2.0947      3.643      5.284    18.9841   998.4418 0.0000e+00
      3.717      0.007     0.0753      1.208     31.228  27.376384     4.4623     14.655   235.8709 2.3243e+01     2.1289      3.646      5.288    18.9438   998.4497 0.0000e+00
      3.719      0.006     0.0707      1.202     31.203  27.345455     4.4778     14.655   235.7161 2.3580e+01     2.1178      3.648      5.291    18.9159   998.4552 0.0000e+00
      3.721      0.004     0.0736      1.185     31.227  27.362650     4.4392     14.656   235.6508 2.4038e+01     2.0969      3.649      5.293    18.8872   998.4608 0.0000e+00
      3.721      0.004     0.0784      1.179     31.263  27.393990     4.3768     14.657   235.6843 2.4590e+01     2.1165      3.650      5.294    18.8556   998.4670 0.0000e+00
      3.721      0.004     0.0791      1.180     31.280  27.407229     4.3441     14.658   235.6906 2.5195e+01     2.1147      3.649      5.293    18.8233   998.4732 0.0000e+00
      3.721      0.005     0.0786      1.158     31.270  27.395851     4.3673     14.659   235.6414 2.5831e+01     2.0755      3.648      5.292    18.8105   998.4757 0.0000e+00
      3.722      0.008     0.0769      1.115     31.257  27.383283     4.5621     14.659   235.6053 2.6494e+01     1.9860      3.649      5.293    18.8077   998.4763 0.0000e+00
      3.724      0.011     0.0762      1.093     31.254  27.382139     4.9067     14.659   235.7696 2.7178e+01     1.8900      3.652      5.296    18.8076   998.4763 0.0000e+00
      3.728      0.013     0.0778      1.101     31.254  27.382022     5.1100     14.658   235.9934 2.7850e+01     1.8770      3.655      5.302    18.8078   998.4763 0.0000e+00
      3.733      0.016     0.0763      1.098     31.260  27.381857     5.1609     14.658   235.9891 2.8482e+01     1.8630      3.661      5.310    18.8002   998.4778 0.0000e+00
      3.738      0.018     0.0718      1.060     31.267  27.380142     5.4651     14.658   235.8890 2.9069e+01     1.8236      3.665      5.317    18.7953   998.4788 0.0000e+00
      3.742      0.018     0.0703      1.047     31.251  27.361270     6.0508     14.657   235.8155 2.9631e+01     1.8130      3.670      5.323    18.8025   998.4774 0.0000e+00
      3.747      0.017     0.0717      1.084     31.234  27.343972     6.3955     14.657   235.7026 3.0149e+01     1.8371      3.674      5.329    18.8059   998.4767 0.0000e+00
      3.752      0.016     0.0736      1.112     31.261  27.361283     6.4476     14.657   235.5571 3.0613e+01     1.9093      3.679      5.336    18.7945   998.4789 0.0000e+00
      3.756      0.015     0.0681      1.110     31.298  27.380270     6.4618     14.658   235.4317 3.1069e+01     1.9310      3.685      5.344    18.7779   998.4822 0.0000e+00
      3.760      0.013     0.0661      1.093     31.312  27.383235     6.5577     14.659   235.3922 3.1474e+01     1.8592      3.688      5.349    18.7704   998.4836 0.0000e+00
      3.763      0.012     0.0719      1.090     31.326  27.397116     6.7587     14.660   235.4236 3.1749e+01     1.8298      3.690      5.352    18.7720   998.4833 0.0000e+00
      3.765      0.011     0.0730      1.105     31.347  27.421244     6.8886     14.661   235.4670 3.1933e+01     1.8851      3.692      5.355    18.7643   998.4848 0.0000e+00
      3.766      0.011     0.0731      1.098     31.349  27.421245     6.9171     14.661   235.4865 3.2032e+01     1.9446      3.694      5.357    18.7365   998.4903 0.0000e+00
      3.769      0.011     0.0709      1.067     31.329  27.397132     6.9996     14.661   235.4016 3.2013e+01     1.9646      3.696      5.361    18.7110   998.4952 0.0000e+00
      3.773      0.010     0.0701      1.052     31.331  27.383407     7.1609     14.661   235.3006 3.1940e+01     1.9218      3.701      5.367    18.7240   998.4926 0.0000e+00
      3.777      0.010     0.0730      1.057     31.359  27.382148     7.2650     14.662   235.2973 3.1904e+01     1.8731      3.706      5.373    18.7407   998.4895 0.0000e+00
      3.780      0.011     0.0727      1.065     31.390  27.381868     7.2953     14.664   235.2767 3.1939e+01     1.8913      3.708      5.377    18.7312   998.4913 0.0000e+00
      3.781      0.012     0.0687      1.075     31.418  27.379988     7.3836     14.664   235.3087 3.1983e+01     1.9016      3.708      5.377    18.7255   998.4924 0.0000e+00
      3.782      0.013     0.0681      1.080     31.423  27.359390     7.5315     14.665   235.5122 3.1920e+01     1.8600      3.708      5.378    18.7046   998.4964 0.0000e+00
      3.786      0.015     0.0694      1.084     31.400  27.323073     7.6056     14.666   235.5870 3.1757e+01     1.8349      3.712      5.383    18.6534   998.5063 0.0000e+00
      3.792      0.016     0.0694      1.087     31.406  27.321448     7.6212     14.667   235.4384 3.1652e+01     1.8377      3.719      5.393    18.6102   998.5147 0.0000e+00
      3.797      0.016     0.0708      1.066     31.436  27.339735     7.6725     14.666   235.3499 3.1631e+01     1.8253      3.725      5.402    18.5699   998.5224 0.0000e+00
      3.802      0.015     0.0709      1.016     31.472  27.353876     7.7390     14.666   235.3776 3.1647e+01     1.8220      3.730      5.409    18.5234   998.5312 0.0000e+00
      3.806      0.014     0.0708      0.984     31.508  27.365539     7.7583     14.667   235.3436 3.1687e+01     1.8667      3.733      5.415    18.4966   998.5363 0.0000e+00
      3.809      0.011     0.0719      0.978     31.507  27.353863     7.7246     14.669   235.3690 3.1721e+01     1.8847      3.735      5.417    18.4916   998.5373 0.0000e+00
      3.810      0.009     0.0713      0.973     31.496  27.339553     7.5416     14.669   235.5118 3.1771e+01     1.8686      3.737      5.419    18.4892   998.5379 0.0000e+00
      3.812      0.007     0.0657      0.968     31.480  27.319383     7.2147     14.668   235.5213 3.1811e+01     1.8777      3.739      5.422    18.4571   998.5439 0.0000e+00
      3.815      0.005     0.0638      0.962     31.468  27.300266     7.0236     14.668   235.4838 3.1822e+01     1.8577      3.741      5.426    18.4134   998.5523 0.0000e+00
      3.817      0.004     0.0649      0.965     31.474  27.298698     7.0052     14.668   235.4890 3.1826e+01     1.8331      3.743      5.429    18.3996   998.5549 0.0000e+00
      3.817      0.004     0.0634      0.984     31.477  27.300411     7.0114     14.668   235.4989 3.1780e+01     1.8546      3.744      5.430    18.4003   998.5547 0.0000e+00
      3.817      0.003     0.0640      0.982     31.499  27.320984     7.0033     14.667   235.4319 3.1680e+01     1.8426      3.743      5.429    18.3891   998.5568 0.0000e+00
      3.817      0.003     0.0630      0.937     31.540  27.357153     6.9930     14.666   235.3669 3.1522e+01     1.7919      3.743      5.429    18.3715   998.5601 0.0000e+00
      3.818      0.004     0.0627      0.897     31.541  27.357143     7.0015     14.666   235.4873 3.1290e+01     1.7902      3.744      5.430    18.3574   998.5628 0.0000e+00
      3.820      0.004     0.0652      0.895     31.502  27.320857     7.0197     14.666   235.5966 3.1056e+01     1.8557      3.746      5.432    18.3594   998.5624 0.0000e+00
      3.821      0.005     0.0662      0.888     31.483  27.299007     7.0616     14.666   235.5696 3.0838e+01     1.9325      3.748      5.435    18.3663   998.5612 0.0000e+00
      3.823      0.006     0.0616      0.876     31.478  27.283245     7.1171     14.667   235.5061 3.0620e+01     1.9288      3.749      5.437    18.3636   998.5617 0.0000e+00
      3.824      0.007     0.0568      0.873     31.471  27.257122     7.1463     14.668   235.4302 3.0406e+01     1.8456      3.750      5.439    18.3644   998.5615 0.0000e+00
      3.825      0.010     0.0599      0.864     31.478  27.236857     7.1572     14.669   235.3401 3.0208e+01     1.7844      3.751      5.440    18.3606   998.5623 0.0000e+00
      3.827      0.013     0.0588      0.897     31.498  27.228482     7.2011     14.669   235.3629 3.0068e+01     1.8069      3.753      5.443    18.3530   998.5637 0.0000e+00
      3.831      0.015     0.0565      0.959     31.509  27.219257     7.2762     14.669   235.4487 2.9924e+01     1.8783      3.756      5.448    18.3381   998.5665 0.0000e+00
      3.836      0.015     0.0592      0.991     31.489  27.188729     7.3031     14.671   235.4304 2.9696e+01     1.8919      3.761      5.455    18.3032   998.5732 0.0000e+00
      3.843      0.014     0.0550      1.000     31.489  27.176505     7.2783     14.673   235.3999 2.9493e+01     1.8687      3.769      5.467    18.2595   998.5814 0.0000e+00
      3.848      0.011     0.0580      0.985     31.522  27.198312     7.2053     14.673   235.3378 2.9458e+01     1.8723      3.775      5.475    18.2142   998.5898 0.0000e+00
      3.849      0.008     0.0652      0.948     31.522  27.198658     7.0966     14.673   235.2824 2.9586e+01     1.8658      3.776      5.476    18.1838   998.5955 0.0000e+00
      3.849      0.006     0.0653      0.913     31.500  27.180692     7.0424     14.672   235.3323 2.9801e+01     1.8594      3.775      5.476    18.1698   998.5982 0.0000e+00
      3.848      0.006     0.0667      0.882     31.497  27.171379     7.0362     14.671   235.3386 3.0041e+01     1.8637      3.773      5.473    18.1459   998.6026 0.0000e+00
      3.848      0.007     0.0660      0.841     31.487  27.149478     7.0602     14.671   235.2716 3.0231e+01     1.8836      3.772      5.471    18.1293   998.6057 0.0000e+00
      3.851      0.009     0.0623      0.814     31.451  27.106161     7.1227     14.671   235.2116 3.0356e+01     1.9278      3.776      5.476    18.1387   998.6040 0.0000e+00
      3.856      0.011     0.0600      0.815     31.446  27.091640     7.1625     14.672   235.2156 3.0507e+01     1.9174      3.782      5.486    18.1476   998.6023 0.0000e+00
      3.860      0.013     0.0591      0.825     31.466  27.100752     7.1597     14.673   235.2329 3.0692e+01     1.8611      3.785      5.490    18.1322   998.6052 0.0000e+00
      3.862      0.014     0.0551      0.822     31.468  27.089464     7.1362     14.675   235.1639 3.0856e+01     1.8310      3.787      5.492    18.1057   998.6102 0.0000e+00
      3.866      0.014     0.0530      0.822     31.482  27.082002     6.9840     14.676   235.0694 3.1011e+01     1.8272      3.791      5.498    18.0853   998.6139 0.0000e+00
      3.870      0.013     0.0535      0.840     31.493  27.073928     6.7208     14.676   235.0359 3.1152e+01     1.8502      3.796      5.505    18.0708   998.6166 0.0000e+00
      3.873      0.013     0.0552      0.861     31.485  27.055257     6.5861     14.675   235.0170 3.1293e+01     1.8692      3.798      5.509    18.0623   998.6183 0.0000e+00
      3.876      0.013     0.0545      0.878     31.482  27.046532     6.5763     14.675   235.0125 3.1475e+01     1.8502      3.801      5.513    18.0424   998.6219 0.0000e+00
      3.879      0.013     0.0533      0.883     31.472  27.031860     6.6502     14.675   234.9828 3.1637e+01     1.8602      3.804      5.517    18.0062   998.6287 0.0000e+00
      3.882      0.013     0.0561      0.874     31.451  27.004713     6.8121     14.676   234.9158 3.1761e+01     1.9213      3.807      5.521    17.9741   998.6346 0.0000e+00
      3.885      0.013     0.0568      0.863     31.427  26.972007     6.9030     14.677   234.9758 3.1820e+01     1.9368      3.809      5.525    17.9589   998.6375 0.0000e+00
      3.889      0.012     0.0588      0.843     31.417  26.953543     6.9000     14.677   235.0203 3.1833e+01     1.8771      3.813      5.531    17.9506   998.6390 0.0000e+00
      3.893      0.011     0.0591      0.813     31.449  26.971758     6.8143     14.677   235.0241 3.1906e+01     1.8173      3.818      5.540    17.9436   998.6403 0.0000e+00
      3.896      0.010     0.0577      0.789     31.495  27.001935     6.6583     14.678   235.1079 3.1982e+01     1.8655      3.820      5.542    17.9287   998.6430 0.0000e+00
      3.898      0.008     0.0578      0.773     31.501  27.001242     6.5776     14.678   235.1725 3.2041e+01     1.9449      3.821      5.544    17.9056   998.6473 0.0000e+00
      3.899      0.007     0.0562      0.766     31.455  26.963376     6.5729     14.678   235.2035 3.2087e+01     1.9193      3.823      5.545    17.8910   998.6500 0.0000e+00
      3.900      0.007     0.0538      0.769     31.410  26.924683     6.5359     14.677   235.2240 3.2123e+01     1.8653      3.825      5.547    17.8788   998.6521 0.0000e+00
      3.902      0.008     0.0522      0.775     31.408  26.914001     6.4632     14.677   235.2481 3.2184e+01     1.8409      3.827      5.550    17.8625   998.6552 0.0000e+00
      3.903      0.009     0.0513      0.784     31.406  26.897640     6.4281     14.678   235.3238 3.2198e+01     1.8307      3.827      5.551    17.8477   998.6580 0.0000e+00
      3.906      0.010     0.0505      0.793     31.370  26.853693     6.4447     14.679   235.4509 3.2142e+01     1.8446      3.830      5.555    17.8545   998.6567 0.0000e+00
      3.909      0.011     0.0513      0.788     31.351  26.826634     6.5397     14.681   235.4942 3.2126e+01     1.8720      3.834      5.560    17.8650   998.6547 0.0000e+00
      3.913      0.012     0.0512      0.775     31.358  26.824180     6.7091     14.682   235.5026 3.2161e+01     1.8866      3.838      5.566    17.8443   998.6586 0.0000e+00
      3.916      0.012     0.0522      0.770     31.360  26.824009     6.8150     14.682   235.5524 3.2178e+01     1.8843      3.840      5.570    17.8141   998.6641 0.0000e+00
