Data/DataNotYetUploadedToEDI/Raw_CTD/RawDownloads/081224_fcr20_S7809005.cnv
* Sea-Bird SBE19plus  Data File:
* FileName = C:\R\Reservoirs\Data\DataNotYetUploadedToEDI\Raw_CTD\RawDownloads\081324_fcr50_S7809_0005.hex
* Software version 2.8.0.119
* Temperature SN = 7809
* Conductivity SN = 7809
* System UpLoad Time = Aug 13 2024 13:56:13
* <ApplicationData>
* <Seaterm232>
# nquan = 15
# nvalues = 899                         
# units = specified
# name 0 = depFM: Depth [fresh water, m]
# name 1 = dz/dtM: Descent Rate [m/s]
# name 2 = sbeox0Mg/L: Oxygen, SBE 43 [mg/l]
# name 3 = sbeox0PS: Oxygen, SBE 43 [% saturation]
# name 4 = specc: Specific Conductance [uS/cm]
# name 5 = c0uS/cm: Conductivity [uS/cm]
# name 6 = flECO-AFL: Fluorescence, WET Labs ECO-AFL/FL [mg/m^3]
# name 7 = ph: pH
# name 8 = orp: Oxidation Reduction Potential [mV]
# name 9 = par/sat/log: PAR/Logarithmic, Satlantic
# name 10 = turbWETntu0: Turbidity, WET Labs ECO [NTU]
# name 11 = prdM: Pressure, Strain Gauge [db]
# name 12 = prdE: Pressure, Strain Gauge [psi]
# name 13 = tv290C: Temperature [ITS-90, deg C]
# name 14 = flag:  0.000e+00
# span 0 =     -0.536,      5.462       
# span 1 =     -0.012,      0.247       
# span 2 =     0.1059,     8.2216       
# span 3 =      1.182,     99.269       
# span 4 =     40.329,     91.597       
# span 5 =  39.731646,  74.095792       
# span 6 =    -0.0583,    98.9285       
# span 7 =      7.339,      7.708       
# span 8 =    28.7035,   210.8171       
# span 9 = 1.2362e-01, 8.4257e+02       
# span 10 =     2.6792,    79.9431      
# span 11 =     -0.539,      5.357      
# span 12 =     -0.782,      7.770      
# span 13 =    12.4628,    25.2119      
# span 14 = 0.0000e+00, 0.0000e+00      
# interval = seconds: 0.25
# start_time = Aug 12 2024 11:06:25 [Instrument's time stamp, header]
# bad_flag = -9.990e-29
*END*
[from data line 868]
      5.363      0.054     6.9432     64.768     59.739  44.769894     0.8971      7.504   107.3230 1.2373e-01    21.2121      5.261      7.630    12.4794 0.0000e+00
      5.374      0.054     6.9273     64.722     59.817  44.823860     2.5101      7.503   108.0925 1.2374e-01    32.3323      5.266      7.638    12.4750 0.0000e+00
      5.391      0.050     6.9166     64.672     59.834  44.836720     5.4560      7.502   108.6312 1.2372e-01    52.6966      5.286      7.665    12.4732 0.0000e+00
      5.411      0.045     6.9093     64.501     59.864  44.861904     7.0605      7.502   109.1052 1.2370e-01    63.8108      5.310      7.702    12.4727 0.0000e+00
      5.424      0.039     6.9060     64.037     59.963  44.937928     7.1540      7.501   109.6074 1.2371e-01    65.1569      5.321      7.717    12.4689 0.0000e+00
      5.429      0.032     6.8992     63.215     60.123  45.057633     6.6852      7.499   110.0564 1.2371e-01    69.0074      5.323      7.721    12.4628 0.0000e+00
      5.434      0.023     6.8997     62.150     60.268  45.166603     5.8372      7.497   110.5765 1.2373e-01    75.8987      5.329      7.729    12.4639 0.0000e+00
      5.438      0.016     6.8887     61.033     60.450  45.303253     5.3904      7.496   111.2506 1.2373e-01    79.6820      5.333      7.734    12.4683 0.0000e+00
      5.441      0.011     6.8427     59.965     60.716  45.503709     5.3453      7.495   111.9260 1.2371e-01    79.9431      5.336      7.738    12.4680 0.0000e+00
      5.443      0.008     6.7496     58.975     60.954  45.685847     5.2581      7.494   112.5475 1.2371e-01    79.1920      5.338      7.742    12.4684 0.0000e+00
      5.444      0.006     6.6262     58.091     61.089  45.791459     4.4602      7.494   113.0861 1.2371e-01    71.5228      5.339      7.744    12.4691 0.0000e+00
      5.445      0.005     6.5049     57.365     61.047  45.764935     3.0145      7.494   113.6203 1.2366e-01    57.5847      5.340      7.745    12.4682 0.0000e+00
      5.445      0.004     6.3901     56.866     60.847  45.619074     2.2362      7.492   114.2746 1.2365e-01    49.9694      5.340      7.745    12.4689 0.0000e+00
      5.446      0.004     6.2832     56.606     60.751  45.551459     2.1240      7.490   114.9744 1.2370e-01    48.3124      5.341      7.747    12.4719 0.0000e+00
      5.447      0.004     6.1872     56.561     60.781  45.582233     1.6325      7.490   115.5418 1.2375e-01    37.2766      5.342      7.748    12.4766 0.0000e+00
      5.449      0.005     6.1045     56.718     60.808  45.610271     0.7559      7.489   115.9730 1.2378e-01    17.2390      5.344      7.750    12.4802 0.0000e+00
      5.450      0.005     6.0518     57.077     60.839  45.636548     0.2809      7.487   116.4878 1.2375e-01     6.3498      5.345      7.752    12.4829 0.0000e+00
      5.452      0.005     6.0250     57.625     60.852  45.646023     0.2411      7.485   117.0347 1.2369e-01     5.3273      5.346      7.753    12.4864 0.0000e+00
      5.453      0.005     6.0191     58.298     60.789  45.597863     0.1666      7.484   117.2513 1.2370e-01     4.5688      5.347      7.755    12.4935 0.0000e+00
      5.454      0.005     6.0354     59.018     60.569  45.435145     0.0221      7.484   117.2997 1.2374e-01     3.3270      5.349      7.757    12.5026 0.0000e+00
      5.456      0.005     6.0721     59.730     60.334  45.265663    -0.0583      7.483   117.7058 1.2369e-01     2.6792      5.350      7.760    12.5046 0.0000e+00
      5.457      0.005     6.1346     60.391     60.316  45.262684    -0.0561      7.482   118.3757 1.2365e-01     2.6793      5.352      7.762    12.5024 0.0000e+00
      5.458      0.005     6.2092     60.946     60.485  45.399143    -0.0262      7.481   119.0319 1.2367e-01     2.8165      5.352      7.763    12.5017 0.0000e+00
      5.459      0.004     6.2880     61.386     60.635  45.518984     0.0032      7.478   119.6181 1.2372e-01     2.9716      5.353      7.764    12.5029 0.0000e+00
      5.461      0.003     6.3637     61.768     60.611  45.505533     0.0074      7.477   120.3010 1.2379e-01     3.0513      5.355      7.768    12.5080 0.0000e+00
      5.462      0.003     6.4358     62.103     60.503  45.426958     0.0009      7.477   121.1795 1.2382e-01     3.0638      5.356      7.769    12.5180 0.0000e+00
      5.462      0.003     6.4941     62.253     60.458  45.394207    -0.0010      7.477   121.6364 1.2380e-01     3.0535      5.356      7.768    12.5280 0.0000e+00
      5.462 -9.990e-29     6.5367 -9.990e-29 -9.990e-29 -9.990e-29 -9.990e-29 -9.990e-29 -9.990e-29 1.2377e-01 -9.990e-29      5.356      7.769    12.5339 0.0000e+00
      5.462 -9.990e-29     6.5751 -9.990e-29 -9.990e-29 -9.990e-29 -9.990e-29 -9.990e-29 -9.990e-29 1.2375e-01 -9.990e-29      5.357      7.769    12.5360 0.0000e+00
      5.462 -9.990e-29     6.6169 -9.990e-29 -9.990e-29 -9.990e-29 -9.990e-29 -9.990e-29 -9.990e-29 1.2373e-01 -9.990e-29      5.357      7.769    12.5379 0.0000e+00
      5.462 -9.990e-29     6.6418 -9.990e-29 -9.990e-29 -9.990e-29 -9.990e-29 -9.990e-29 -9.990e-29 1.2370e-01 -9.990e-29      5.357      7.770    12.5401 0.0000e+00
