Data/DataNotYetUploadedToEDI/Raw_CTD/RawDownloads/081224_fcr10_S7809006.cnv
* Sea-Bird SBE19plus  Data File:
* FileName = C:\R\Reservoirs\Data\DataNotYetUploadedToEDI\Raw_CTD\RawDownloads\081324_fcr50_S7809_0006.hex
* Software version 2.8.0.119
* Temperature SN = 7809
* Conductivity SN = 7809
* System UpLoad Time = Aug 13 2024 13:56:46
* <ApplicationData>
* <Seaterm232>
# nquan = 15
# nvalues = 965                         
# units = specified
# name 0 = depFM: Depth [fresh water, m]
# name 1 = dz/dtM: Descent Rate [m/s]
# name 2 = sbeox0Mg/L: Oxygen, SBE 43 [mg/l]
# name 3 = sbeox0PS: Oxygen, SBE 43 [% saturation]
# name 4 = specc: Specific Conductance [uS/cm]
# name 5 = c0uS/cm: Conductivity [uS/cm]
# name 6 = flECO-AFL: Fluorescence, WET Labs ECO-AFL/FL [mg/m^3]
# name 7 = ph: pH
# name 8 = orp: Oxidation Reduction Potential [mV]
# name 9 = par/sat/log: PAR/Logarithmic, Satlantic
# name 10 = turbWETntu0: Turbidity, WET Labs ECO [NTU]
# name 11 = prdM: Pressure, Strain Gauge [db]
# name 12 = prdE: Pressure, Strain Gauge [psi]
# name 13 = tv290C: Temperature [ITS-90, deg C]
# name 14 = flag:  0.000e+00
# span 0 =     -0.489,      6.072       
# span 1 =     -0.026,      0.237       
# span 2 =     0.1131,     8.1381       
# span 3 =      1.193,     98.489       
# span 4 =     40.507,     81.890       
# span 5 =  40.213286,  67.624971       
# span 6 =    -0.0606,    46.7251       
# span 7 =      7.478,      7.801       
# span 8 =    46.6024,   200.6305       
# span 9 = 1.2361e-01, 1.8144e+03       
# span 10 =     4.9038,   389.7828      
# span 11 =     -0.487,      5.955      
# span 12 =     -0.707,      8.637      
# span 13 =    12.4745,    25.4511      
# span 14 = 0.0000e+00, 0.0000e+00      
# interval = seconds: 0.25
# start_time = Aug 12 2024 11:15:03 [Instrument's time stamp, header]
# bad_flag = -9.990e-29
*END*
[from data line 579]
      3.062      0.025     0.1174      1.267     53.040  46.858657     3.6317      7.657   198.5093 7.5994e+00    20.3059      3.002      4.355    19.2766 0.0000e+00
      3.067      0.025     0.1205      1.270     53.057  46.815645     3.6152      7.655   197.9529 7.5383e+00    20.3849      3.008      4.363    19.2364 0.0000e+00
      3.073      0.024     0.1193      1.267     53.009  46.755273     3.6753      7.654   197.2229 7.4712e+00    20.2258      3.014      4.371    19.2602 0.0000e+00
      3.079      0.023     0.1157      1.274     52.912  46.700039     3.7923      7.653   196.3938 7.3810e+00    19.8513      3.019      4.379    19.2451 0.0000e+00
      3.084      0.022     0.1173      1.290     52.801  46.655735     3.8568      7.652   195.6713 7.3042e+00    19.5801      3.024      4.387    19.1642 0.0000e+00
      3.090      0.022     0.1181      1.281     52.764  46.664069     3.8470      7.652   194.9406 7.2497e+00    19.5082      3.030      4.395    19.0984 0.0000e+00
      3.096      0.021     0.1169      1.256     52.837  46.737382     3.8486      7.650   194.0977 7.2105e+00    20.1105      3.036      4.404    19.0774 0.0000e+00
      3.101      0.020     0.1169      1.244     52.992  46.843836     3.8842      7.648   193.3107 7.1836e+00    21.3628      3.041      4.411    19.1159 0.0000e+00
      3.106      0.019     0.1206      1.234     53.249  46.998881     3.9118      7.647   192.6519 7.1414e+00    22.0784      3.046      4.418    19.1828 0.0000e+00
      3.111      0.018     0.1194      1.234     53.594  47.215245     3.9163      7.647   191.9834 7.0673e+00    22.1701      3.050      4.425    19.2272 0.0000e+00
      3.116      0.017     0.1142      1.246     53.925  47.428207     3.9311      7.646   191.3358 6.9896e+00    22.6423      3.056      4.432    19.2340 0.0000e+00
      3.120      0.017     0.1156      1.252     54.212  47.605607     3.9649      7.646   190.6728 6.9371e+00    23.5857      3.060      4.438    19.2120 0.0000e+00
      3.124      0.016     0.1137      1.261     54.561  47.836382     3.9914      7.645   189.9033 6.9037e+00    24.1484      3.064      4.444    19.1342 0.0000e+00
      3.127      0.016     0.1131      1.270     54.953  48.123288     4.0108      7.645   189.0873 6.8661e+00    24.2883      3.067      4.448    19.0361 0.0000e+00
      3.131      0.017     0.1169      1.267     55.245  48.344488     4.0080      7.644   188.2061 6.8041e+00    24.6633      3.071      4.454    18.9727 0.0000e+00
      3.135      0.018     0.1155      1.262     55.523  48.542686     3.9741      7.643   187.2496 6.7390e+00    25.2312      3.075      4.459    18.9052 0.0000e+00
      3.140      0.018     0.1175      1.272     55.902  48.805388     3.9503      7.642   186.2132 6.6843e+00    25.5182      3.079      4.466    18.8263 0.0000e+00
      3.146      0.019     0.1190      1.287     56.247  49.044567     3.9453      7.642   185.1387 6.6196e+00    25.5721      3.085      4.475    18.7696 0.0000e+00
      3.151      0.019     0.1181      1.282     56.484  49.212302     3.9388      7.642   184.1531 6.5526e+00    25.6439      3.090      4.482    18.7559 0.0000e+00
      3.156      0.020     0.1170      1.275     56.704  49.373085     3.9138      7.642   183.1588 6.5103e+00    26.0787      3.096      4.490    18.7239 0.0000e+00
      3.160      0.020     0.1181      1.286     56.930  49.528200     3.8675      7.641   182.1508 6.4793e+00    26.8325      3.099      4.495    18.6432 0.0000e+00
      3.164      0.019     0.1222      1.293     57.172  49.690889     3.8369      7.639   181.1722 6.4274e+00    27.2087      3.102      4.499    18.5827 0.0000e+00
      3.170      0.019     0.1196      1.283     57.438  49.879713     3.8347      7.638   180.1883 6.3684e+00    27.2449      3.109      4.508    18.5565 0.0000e+00
      3.176      0.018     0.1182      1.270     57.594  49.969868     3.8568      7.638   179.2881 6.3160e+00    27.4076      3.115      4.518    18.5382 0.0000e+00
      3.180      0.018     0.1208      1.266     57.630  49.955455     3.9134      7.637   178.4613 6.2599e+00    27.6724      3.119      4.523    18.4971 0.0000e+00
      3.184      0.017     0.1222      1.266     57.734  50.022859     3.9614      7.636   177.6777 6.2099e+00    27.8167      3.123      4.529    18.4489 0.0000e+00
      3.188      0.016     0.1203      1.255     57.949  50.213354     3.9708      7.634   176.8683 6.1760e+00    27.8201      3.127      4.535    18.4179 0.0000e+00
      3.192      0.016     0.1189      1.239     58.179  50.417357     3.9774      7.634   175.9892 6.1495e+00    27.9176      3.129      4.540    18.3788 0.0000e+00
      3.195      0.016     0.1187      1.244     58.442  50.648076     4.0002      7.634   175.0496 6.1147e+00    28.2456      3.133      4.545    18.3282 0.0000e+00
      3.199      0.017     0.1197      1.264     58.817  50.971060     4.0209      7.633   174.1111 6.0632e+00    28.5065      3.137      4.551    18.3055 0.0000e+00
      3.204      0.018     0.1187      1.272     59.220  51.274640     4.0199      7.632   173.3321 6.0066e+00    28.5432      3.142      4.558    18.3254 0.0000e+00
      3.209      0.018     0.1150      1.266     59.542  51.461150     3.9547      7.631   172.6863 5.9510e+00    28.6209      3.147      4.565    18.3275 0.0000e+00
      3.214      0.018     0.1166      1.253     59.697  51.511537     3.8477      7.630   171.9817 5.8833e+00    28.7976      3.152      4.572    18.3216 0.0000e+00
      3.219      0.018     0.1194      1.242     59.600  51.375752     3.8000      7.629   171.1787 5.8137e+00    28.9379      3.156      4.579    18.3431 0.0000e+00
      3.223      0.017     0.1203      1.237     59.388  51.152803     3.8028      7.628   170.3776 5.7504e+00    29.0191      3.162      4.586    18.3093 0.0000e+00
      3.227      0.017     0.1193      1.240     59.233  50.974806     3.8154      7.625   169.6088 5.6794e+00    29.0620      3.165      4.591    18.2030 0.0000e+00
      3.232      0.016     0.1183      1.252     59.178  50.874503     3.8437      7.623   168.9385 5.6107e+00    29.0465      3.169      4.596    18.1258 0.0000e+00
      3.236      0.016     0.1168      1.267     59.188  50.828957     3.8536      7.621   168.3818 5.5605e+00    28.9679      3.173      4.602    18.0943 0.0000e+00
      3.239      0.015     0.1167      1.276     59.148  50.741532     3.8347      7.619   167.8682 5.5137e+00    28.8982      3.177      4.608    18.0646 0.0000e+00
      3.244      0.015     0.1168      1.283     59.106  50.642861     3.8232      7.618   167.3746 5.4452e+00    28.8522      3.181      4.614    18.0279 0.0000e+00
      3.248      0.015     0.1184      1.290     59.129  50.588311     3.8075      7.617   166.8871 5.3743e+00    28.8208      3.185      4.620    17.9796 0.0000e+00
      3.251      0.015     0.1206      1.287     59.149  50.526364     3.7776      7.616   166.4479 5.3293e+00    28.7927      3.188      4.624    17.9308 0.0000e+00
      3.255      0.015     0.1209      1.275     59.262  50.528724     3.7534      7.614   166.1088 5.3016e+00    28.7168      3.192      4.629    17.8946 0.0000e+00
      3.258      0.015     0.1218      1.270     59.552  50.680227     3.7314      7.614   165.7113 5.2621e+00    28.6216      3.195      4.634    17.8419 0.0000e+00
      3.262      0.016     0.1229      1.259     59.808  50.834120     3.6776      7.613   165.2565 5.2064e+00    28.1885      3.198      4.640    17.7715 0.0000e+00
      3.267      0.016     0.1234      1.241     59.882  50.865412     3.6017      7.613   164.9973 5.1546e+00    27.4760      3.204      4.647    17.7140 0.0000e+00
      3.271      0.016     0.1206      1.238     59.902  50.868043     3.5798      7.613   164.8143 5.0815e+00    27.1808      3.208      4.653    17.6326 0.0000e+00
      3.275      0.015     0.1220      1.241     59.973  50.929408     3.5878      7.611   164.5072 4.9445e+00    27.1810      3.211      4.657    17.5319 0.0000e+00
      3.279      0.013     0.1211      1.239     60.087  51.035889     3.5985      7.609   164.1228 4.7866e+00    27.1715      3.215      4.663    17.4830 0.0000e+00
      3.283      0.013     0.1177      1.236     60.202  51.139536     3.6343      7.608   163.7804 4.6916e+00    27.2362      3.219      4.670    17.4648 0.0000e+00
      3.285      0.014     0.1185      1.236     60.460  51.357125     3.6628      7.607   163.4649 4.6801e+00    27.3136      3.222      4.673    17.4506 0.0000e+00
      3.287      0.015     0.1192      1.248     60.948  51.761741     3.6685      7.606   163.0619 4.7139e+00    27.2540      3.224      4.675    17.4521 0.0000e+00
      3.290      0.017     0.1185      1.263     61.381  52.094692     3.5945      7.604   162.6071 4.6898e+00    25.6960      3.226      4.679    17.4671 0.0000e+00
      3.295      0.018     0.1183      1.260     61.565  52.207731     3.4339      7.603   162.1817 4.5420e+00    22.6852      3.230      4.685    17.4723 0.0000e+00
      3.301      0.020     0.1178      1.241     61.629  52.239401     3.3253      7.602   161.8763 4.3405e+00    20.9794      3.237      4.695    17.4661 0.0000e+00
      3.308      0.021     0.1188      1.226     61.691  52.287062     3.3129      7.602   161.6681 4.1515e+00    20.7844      3.245      4.706    17.4716 0.0000e+00
      3.314      0.021     0.1223      1.223     62.200  52.720492     3.3179      7.602   161.3850 4.0117e+00    19.9866      3.251      4.714    17.4359 0.0000e+00
      3.318      0.021     0.1213      1.229     63.554  53.860168     3.3025      7.601   161.0330 3.9382e+00    18.4378      3.254      4.720    17.3847 0.0000e+00
      3.322      0.021     0.1187      1.227     64.953  55.016678     3.2855      7.599   160.6829 3.8689e+00    17.5666      3.257      4.725    17.3752 0.0000e+00
      3.327      0.020     0.1172      1.222     65.672  55.589796     3.2696      7.597   160.4214 3.7694e+00    17.3783      3.262      4.732    17.3711 0.0000e+00
      3.333      0.020     0.1166      1.233     66.079  55.899304     3.2437      7.594   160.2802 3.6695e+00    16.6056      3.269      4.741    17.3777 0.0000e+00
      3.340      0.020     0.1183      1.257     66.348  56.091298     3.2141      7.592   160.0944 3.5912e+00    15.2601      3.275      4.751    17.3795 0.0000e+00
      3.345      0.020     0.1180      1.272     66.506  56.196240     3.2025      7.591   159.8094 3.5356e+00    14.5341      3.281      4.759    17.3473 0.0000e+00
      3.349      0.020     0.1162      1.259     67.146  56.723515     3.2118      7.589   159.5019 3.4892e+00    14.4901      3.285      4.764    17.3179 0.0000e+00
      3.353      0.019     0.1181      1.238     68.243  57.639254     3.2092      7.588   159.2152 3.4367e+00    14.4205      3.288      4.769    17.2955 0.0000e+00
      3.358      0.018     0.1207      1.233     69.150  58.375860     3.1958      7.587   158.9242 3.3819e+00    13.7946      3.293      4.776    17.2644 0.0000e+00
      3.363      0.018     0.1239      1.239     69.894  58.960140     3.1922      7.586   158.6497 3.3454e+00    12.7644      3.299      4.784    17.2382 0.0000e+00
      3.368      0.018     0.1214      1.241     70.575  59.494807     3.1989      7.585   158.4787 3.3320e+00    12.2807      3.303      4.791    17.2329 0.0000e+00
      3.372      0.018     0.1181      1.227     70.925  59.758488     3.2021      7.585   158.3187 3.3257e+00    12.2841      3.307      4.797    17.2344 0.0000e+00
      3.376      0.019     0.1183      1.205     71.371  60.115469     3.1891      7.584   158.0926 3.3112e+00    11.9166      3.311      4.803    17.2098 0.0000e+00
      3.381      0.019     0.1193      1.195     72.383  60.952248     3.1670      7.583   157.8956 3.2822e+00    11.1167      3.315      4.809    17.1723 0.0000e+00
      3.386      0.020     0.1205      1.203     73.366  61.744202     3.1429      7.581   157.7433 3.2437e+00    10.6053      3.319      4.815    17.1439 0.0000e+00
      3.392      0.020     0.1184      1.207     73.897  62.130777     3.1306      7.578   157.5421 3.2072e+00    10.4816      3.325      4.823    17.1194 0.0000e+00
      3.398      0.020     0.1161      1.211     74.197  62.322538     3.1512      7.576   157.0980 3.1712e+00    10.1680      3.332      4.833    17.1082 0.0000e+00
      3.403      0.020     0.1139      1.228     74.578  62.601420     3.1926      7.574   156.5028 3.1280e+00     9.6150      3.337      4.841    17.1066 0.0000e+00
      3.407      0.019     0.1168      1.260     75.272  63.151867     3.2070      7.571   156.1104 3.0972e+00     9.2614      3.342      4.847    17.0835 0.0000e+00
      3.411      0.018     0.1165      1.286     76.135  63.831478     3.1997      7.568   155.7954 3.0864e+00     9.1369      3.345      4.852    17.0337 0.0000e+00
      3.416      0.016     0.1162      1.287     76.890  64.401185     3.1879      7.566   155.3618 3.0668e+00     8.8619      3.350      4.858    16.9874 0.0000e+00
      3.420      0.016     0.1184      1.282     77.492  64.829825     3.1559      7.563   154.9972 3.0362e+00     8.4638      3.355      4.865    16.9630 0.0000e+00
      3.424      0.015     0.1216      1.275     77.955  65.138020     3.1372      7.560   154.6567 3.0182e+00     8.2861      3.358      4.871    16.9488 0.0000e+00
      3.428      0.015     0.1265      1.263     78.276  65.331591     3.1445      7.557   154.2565 3.0049e+00     8.2499      3.362      4.877    16.9209 0.0000e+00
      3.431      0.015     0.1240      1.254     78.654  65.581604     3.1526      7.553   154.0298 2.9782e+00     7.9917      3.365      4.880    16.8777 0.0000e+00
      3.435      0.015     0.1245      1.240     79.219  66.000312     3.1526      7.548   153.8079 2.9575e+00     7.5221      3.368      4.885    16.8270 0.0000e+00
      3.439      0.016     0.1243      1.228     79.747  66.390744     3.1444      7.544   153.2945 2.9429e+00     7.2512      3.371      4.891    16.7736 0.0000e+00
      3.443      0.017     0.1219      1.226     80.090  66.616557     3.1444      7.541   152.6409 2.9190e+00     7.2102      3.377      4.897    16.7266 0.0000e+00
      3.446      0.017     0.1229      1.233     80.339  66.760566     3.1945      7.539   151.9278 2.8965e+00     7.0259      3.380      4.902    16.6811 0.0000e+00
      3.451      0.017     0.1203      1.248     80.603  66.924458     3.2837      7.534   151.2111 2.8819e+00     6.6624      3.384      4.909    16.6522 0.0000e+00
      3.456      0.017     0.1193      1.263     80.842  67.072930     3.3325      7.531   150.6008 2.8696e+00     6.4708      3.391      4.918    16.6269 0.0000e+00
      3.461      0.016     0.1192      1.271     80.915  67.094039     3.3342      7.528   150.1409 2.8495e+00     6.4517      3.394      4.924    16.5850 0.0000e+00
      3.465      0.016     0.1198      1.266     80.880  67.052540     3.3215      7.525   149.8676 2.8226e+00     6.3637      3.399      4.930    16.5413 0.0000e+00
      3.469      0.019     0.1222      1.263     81.060  67.206655     3.3035      7.522   149.6191 2.8040e+00     6.1915      3.402      4.934    16.5108 0.0000e+00
      3.471      0.025     0.1233      1.273     81.427  67.495776     3.2996      7.519   149.2875 2.7905e+00     6.0097      3.404      4.937    16.4794 0.0000e+00
      3.475      0.034     0.1252      1.284     81.683  67.624971     3.3167      7.515   148.6973 2.7640e+00     5.9413      3.408      4.942    16.4472 0.0000e+00
      3.481      0.040     0.1237      1.277     81.845  67.624741     3.3355      7.511   147.6446 2.6925e+00     5.9122      3.410      4.946    16.4443 0.0000e+00
      3.496      0.042     0.1227      1.268     81.890  67.556370     3.3108      7.508   146.3680 2.5572e+00     5.6916      3.422      4.965    16.4528 0.0000e+00
