Data/DataNotYetUploadedToEDI/Raw_CTD/RawDownloads/081224_fcr50_S7809002.cnv
* Sea-Bird SBE19plus  Data File:
* FileName = C:\R\Reservoirs\Data\DataNotYetUploadedToEDI\Raw_CTD\RawDownloads\081324_fcr50_S7809_0002.hex
* Software version 2.8.0.119
* Temperature SN = 7809
* Conductivity SN = 7809
* System UpLoad Time = Aug 13 2024 13:54:48
* <ApplicationData>
* <Seaterm232>
# nquan = 15
# nvalues = 1305                        
# units = specified
# name 0 = depFM: Depth [fresh water, m]
# name 1 = dz/dtM: Descent Rate [m/s]
# name 2 = sbeox0Mg/L: Oxygen, SBE 43 [mg/l]
# name 3 = sbeox0PS: Oxygen, SBE 43 [% saturation]
# name 4 = specc: Specific Conductance [uS/cm]
# name 5 = c0uS/cm: Conductivity [uS/cm]
# name 6 = flECO-AFL: Fluorescence, WET Labs ECO-AFL/FL [mg/m^3]
# name 7 = ph: pH
# name 8 = orp: Oxidation Reduction Potential [mV]
# name 9 = par/sat/log: PAR/Logarithmic, Satlantic
# name 10 = turbWETntu0: Turbidity, WET Labs ECO [NTU]
# name 11 = prdM: Pressure, Strain Gauge [db]
# name 12 = prdE: Pressure, Strain Gauge [psi]
# name 13 = tv290C: Temperature [ITS-90, deg C]
# name 14 = flag:  0.000e+00
# span 0 =     -0.627,      9.525       
# span 1 =     -0.296,      0.178       
# span 2 =    -0.6247,     8.1814       
# span 3 =     -5.025,     99.436       
# span 4 =      0.914,    432.382       
# span 5 =   0.878780, 324.470948       
# span 6 =    -2.1273,   227.5950       
# span 7 =      5.760,      6.815       
# span 8 = -1235.1535,  1239.5912       
# span 9 = 1.2360e-01, 1.9793e+03       
# span 10 =    -0.3691,   237.6361      
# span 11 =     -0.616,      9.341      
# span 12 =     -0.893,     13.549      
# span 13 =    12.4775,    25.4608      
# span 14 = 0.0000e+00, 0.0000e+00      
# interval = seconds: 0.25
# start_time = Aug 12 2024 09:50:01 [Instrument's time stamp, header]
# bad_flag = -9.990e-29
*END*
[from data line 964]
      7.026      0.038     7.2718     68.214     59.753  44.825156     0.7084      6.780   232.5562 1.2367e-01    15.0817      6.891      9.995    12.4974 0.0000e+00
      7.034      0.032     7.2747     68.191     59.761  44.832555     0.7169      6.780   232.7608 1.2370e-01    15.1468      6.897     10.003    12.4973 0.0000e+00
      7.042      0.026     7.2737     68.134     59.738  44.814406     0.7044      6.780   232.6887 1.2372e-01    15.3823      6.906     10.016    12.4986 0.0000e+00
      7.047      0.022     7.2656     68.054     59.716  44.796163     0.6751      6.780   232.7172 1.2370e-01    15.7781      6.912     10.026    12.5024 0.0000e+00
      7.050      0.022     7.2681     68.001     59.725  44.802417     0.6537      6.780   233.0195 1.2367e-01    15.9692      6.914     10.028    12.5063 0.0000e+00
      7.053      0.023     7.2645     67.996     59.756  44.826541     0.6617      6.781   233.5042 1.2371e-01    15.9855      6.916     10.031    12.5076 0.0000e+00
      7.058      0.024     7.2598     67.992     59.764  44.833918     0.6811      6.781   233.9317 1.2372e-01    15.9407      6.921     10.038    12.5068 0.0000e+00
      7.066      0.026     7.2483     67.969     59.755  44.828142     0.6876      6.781   234.2298 1.2369e-01    15.7349      6.928     10.049    12.5045 0.0000e+00
      7.076      0.030     7.2410     67.933     59.744  44.820182     0.6819      6.780   234.4424 1.2374e-01    15.5464      6.939     10.064    12.5033 0.0000e+00
      7.084      0.032     7.2445     67.913     59.719  44.801148     0.6627      6.779   234.6094 1.2380e-01    15.4726      6.948     10.077    12.5040 0.0000e+00
      7.090      0.032     7.2433     67.935     59.703  44.788443     0.6463      6.779   234.8715 1.2381e-01    15.4579      6.951     10.081    12.5062 0.0000e+00
      7.100      0.031     7.2409     67.987     59.713  44.793533     0.6258      6.779   235.2025 1.2380e-01    15.4709      6.961     10.096    12.5076 0.0000e+00
      7.111      0.031     7.2365     68.061     59.724  44.799210     0.5970      6.779   235.5142 1.2379e-01    15.4581      6.975     10.117    12.5064 0.0000e+00
      7.118      0.031     7.2315     68.150     59.720  44.793595     0.5896      6.779   235.8017 1.2375e-01    15.4064      6.982     10.126    12.5069 0.0000e+00
      7.122      0.032     7.2361     68.237     59.717  44.789119     0.5871      6.779   236.0109 1.2370e-01    15.3577      6.983     10.128    12.5075 0.0000e+00
      7.128      0.032     7.2414     68.300     59.743  44.808579     0.5833      6.779   236.1501 1.2372e-01    15.3819      6.987     10.135    12.5045 0.0000e+00
      7.139      0.033     7.2501     68.315     59.782  44.838431     0.5849      6.779   236.3668 1.2370e-01    15.4937      7.001     10.154    12.5016 0.0000e+00
      7.149      0.035     7.2611     68.283     59.773  44.832660     0.5900      6.779   236.5666 1.2368e-01    15.6170      7.012     10.171    12.4993 0.0000e+00
      7.158      0.036     7.2706     68.194     59.730  44.802283     0.6033      6.779   236.5861 1.2374e-01    15.6085      7.018     10.179    12.4979 0.0000e+00
      7.168      0.035     7.2799     68.063     59.708  44.788548     0.6047      6.778   236.5171 1.2375e-01    15.4592      7.029     10.195    12.4984 0.0000e+00
      7.179      0.033     7.2787     67.870     59.709  44.793553     0.5982      6.778   236.5068 1.2374e-01    15.3489      7.042     10.213    12.4988 0.0000e+00
      7.186      0.031     7.2788     67.665     59.713  44.799320     0.5987      6.777   236.7189 1.2379e-01    15.3335      7.047     10.222    12.4995 0.0000e+00
      7.192      0.031     7.2653     67.583     59.703  44.794801     0.6035      6.777   237.1031 1.2380e-01    15.3421      7.053     10.229    12.5003 0.0000e+00
      7.198      0.030     7.2537     67.575     59.710  44.802396     0.6059      6.778   237.3665 1.2379e-01    15.3161      7.059     10.238    12.5029 0.0000e+00
      7.205      0.030     7.2334     67.574     59.742  44.827673     0.5945      6.779   237.4083 1.2378e-01    15.2583      7.065     10.247    12.5071 0.0000e+00
      7.215      0.031     7.1979     67.606     59.764  44.846508     0.5820      6.779   237.4371 1.2377e-01    15.2574      7.074     10.260    12.5095 0.0000e+00
      7.225      0.032     7.1967     67.683     59.754  44.839683     0.5800      6.779   237.6281 1.2382e-01    15.3401      7.087     10.278    12.5122 0.0000e+00
      7.232      0.034     7.1982     67.796     59.718  44.808639     0.5875      6.778   237.8243 1.2383e-01    15.5407      7.093     10.288    12.5142 0.0000e+00
      7.238      0.034     7.1949     67.923     59.699  44.788557     0.5973      6.778   237.9171 1.2377e-01    15.7697      7.097     10.294    12.5143 0.0000e+00
      7.247      0.034     7.1985     68.037     59.704  44.787311     0.5908      6.778   238.0611 1.2372e-01    15.8200      7.108     10.308    12.5168 0.0000e+00
      7.257      0.035     7.2063     68.126     59.718  44.793555     0.5749      6.778   238.3606 1.2372e-01    15.7734      7.118     10.324    12.5186 0.0000e+00
      7.267      0.036     7.2200     68.205     59.731  44.800560     0.5705      6.778   238.7860 1.2374e-01    15.7193      7.126     10.336    12.5148 0.0000e+00
      7.276      0.036     7.2354     68.278     59.744  44.808538     0.5876      6.779   239.1605 1.2373e-01    15.6435      7.136     10.349    12.5087 0.0000e+00
      7.285      0.037     7.2497     68.334     59.768  44.826532     0.6072      6.779   239.3614 1.2371e-01    15.5742      7.145     10.362    12.5039 0.0000e+00
      7.294      0.038     7.2578     68.355     59.768  44.827677     0.5995      6.779   239.4936 1.2371e-01    15.4963      7.153     10.375    12.5010 0.0000e+00
      7.303      0.039     7.2668     68.339     59.757  44.822388     0.5863      6.779   239.8126 1.2374e-01    15.4533      7.162     10.387    12.4990 0.0000e+00
      7.313      0.039     7.2751     68.324     59.757  44.826064     0.5888      6.779   240.2928 1.2375e-01    15.3958      7.171     10.401    12.4975 0.0000e+00
      7.325      0.039     7.2820     68.328     59.728  44.808641     0.5967      6.779   240.6538 1.2374e-01    15.2793      7.183     10.419    12.4969 0.0000e+00
      7.336      0.038     7.2850     68.333     59.715  44.802180     0.6066      6.779   240.9078 1.2375e-01    15.1721      7.196     10.437    12.4980 0.0000e+00
      7.346      0.036     7.2803     68.338     59.724  44.811422     0.6082      6.778   241.2129 1.2371e-01    15.0907      7.204     10.449    12.5008 0.0000e+00
      7.355      0.034     7.2771     68.349     59.699  44.793427     0.6091      6.777   241.5037 1.2370e-01    15.1152      7.213     10.461    12.5038 0.0000e+00
      7.363      0.034     7.2788     68.348     59.677  44.775056     0.6259      6.777   241.7562 1.2371e-01    15.2629      7.221     10.473    12.5078 0.0000e+00
      7.368      0.035     7.2787     68.335     59.691  44.779735     0.6442      6.778   242.0296 1.2366e-01    15.4073      7.225     10.479    12.5107 0.0000e+00
      7.376      0.038     7.2778     68.334     59.709  44.786509     0.6552      6.778   242.3148 1.2365e-01    15.4603      7.231     10.488    12.5118 0.0000e+00
      7.387      0.040     7.2802     68.323     59.726  44.793473     0.6507      6.777   242.4512 1.2371e-01    15.4265      7.245     10.507    12.5140 0.0000e+00
      7.401      0.042     7.2808     68.280     59.739  44.800450     0.6231      6.776   242.3868 1.2372e-01    15.3743      7.259     10.529    12.5129 0.0000e+00
      7.413      0.044     7.2779     68.244     59.750  44.807384     0.5956      6.777   242.5689 1.2371e-01    15.3404      7.270     10.545    12.5067 0.0000e+00
      7.423      0.044     7.2805     68.240     59.759  44.813827     0.5853      6.777   243.0186 1.2375e-01    15.3587      7.280     10.559    12.5001 0.0000e+00
      7.433      0.043     7.2823     68.261     59.761  44.814877     0.5979      6.777   243.3504 1.2380e-01    15.3907      7.289     10.573    12.4954 0.0000e+00
      7.444      0.040     7.2747     68.312     59.767  44.820071     0.6317      6.777   243.3113 1.2384e-01    15.3508      7.300     10.587    12.4930 0.0000e+00
      7.455      0.036     7.2702     68.387     59.758  44.813151     0.6528      6.776   243.0618 1.2382e-01    15.3207      7.311     10.603    12.4927 0.0000e+00
      7.466      0.032     7.2708     68.447     59.733  44.794691     0.6449      6.776   243.0866 1.2377e-01    15.3692      7.323     10.621    12.4926 0.0000e+00
      7.474      0.030     7.2727     68.477     59.722  44.787302     0.6527      6.777   243.3535 1.2370e-01    15.5277      7.332     10.634    12.4925 0.0000e+00
      7.478      0.030     7.2774     68.485     59.718  44.787301     0.6897      6.777   243.7079 1.2365e-01    15.7335      7.334     10.637    12.4928 0.0000e+00
      7.482      0.030     7.2881     68.479     59.725  44.794679     0.7168      6.777   244.0154 1.2373e-01    15.8076      7.335     10.639    12.4930 0.0000e+00
      7.489      0.032     7.2951     68.471     59.749  44.813037     0.7143      6.777   244.0602 1.2386e-01    15.7753      7.342     10.649    12.4928 0.0000e+00
      7.501      0.036     7.2969     68.463     59.759  44.818822     0.6934      6.777   243.9908 1.2387e-01    15.7531      7.356     10.668    12.4929 0.0000e+00
      7.512      0.041     7.2983     68.456     59.738  44.801142     0.6639      6.777   244.0366 1.2380e-01    15.6067      7.368     10.686    12.4957 0.0000e+00
      7.522      0.044     7.2953     68.460     59.725  44.789705     0.6318      6.776   244.1840 1.2375e-01    15.2698      7.376     10.698    12.4985 0.0000e+00
      7.533      0.044     7.2954     68.505     59.749  44.807499     0.6217      6.776   244.5685 1.2377e-01    15.0617      7.386     10.711    12.4977 0.0000e+00
      7.547      0.044     7.2944     68.599     59.773  44.825849     0.6159      6.776   245.1580 1.2376e-01    15.0713      7.401     10.734    12.4966 0.0000e+00
      7.559      0.045     7.2940     68.689     59.765  44.821132     0.6032      6.776   245.5477 1.2368e-01    15.1463      7.415     10.754    12.4951 0.0000e+00
      7.568      0.045     7.2934     68.756     59.755  44.813942     0.6097      6.776   245.5808 1.2365e-01    15.2857      7.422     10.764    12.4932 0.0000e+00
      7.577      0.044     7.2965     68.819     59.740  44.802401     0.6198      6.776   245.4717 1.2370e-01    15.3901      7.429     10.775    12.4930 0.0000e+00
      7.590      0.043     7.3103     68.864     59.748  44.808551     0.6169      6.776   245.9489 1.2371e-01    15.3837      7.443     10.795    12.4941 0.0000e+00
      7.604      0.043     7.3203     68.875     59.770  44.824819     0.6089      6.776   246.9624 1.2370e-01    15.3447      7.459     10.817    12.4955 0.0000e+00
      7.616      0.042     7.3252     68.867     59.748  44.808654     0.5899      6.775   247.5735 1.2374e-01    15.3287      7.470     10.834    12.4957 0.0000e+00
      7.625      0.039     7.3336     68.826     59.742  44.803546     0.5780      6.775   247.5733 1.2374e-01    15.3611      7.476     10.844    12.4951 0.0000e+00
      7.634      0.036     7.3393     68.759     59.773  44.826535     0.5909      6.776   247.3046 1.2374e-01    15.3951      7.486     10.857    12.4949 0.0000e+00
      7.643      0.032     7.3388     68.734     59.779  44.832684     0.6038      6.777   247.6796 1.2378e-01    15.3641      7.496     10.872    12.4951 0.0000e+00
      7.650      0.030     7.3389     68.758     59.750  44.814416     0.6003      6.775   248.7524 1.2379e-01    15.3285      7.501     10.881    12.4950 0.0000e+00
      7.658      0.028     7.3362     68.785     59.718  44.796105     0.5904      6.774   249.3484 1.2378e-01    15.3058      7.509     10.893    12.4940 0.0000e+00
      7.666      0.028     7.3237     68.816     59.718  44.801733     0.5994      6.774   249.3789 1.2374e-01    15.2936      7.519     10.905    12.4940 0.0000e+00
      7.671      0.029     7.3210     68.843     59.737  44.818988     0.6179      6.774   249.2939 1.2369e-01    15.3525      7.523     10.910    12.4947 0.0000e+00
      7.676      0.030     7.3273     68.865     59.731  44.814300     0.6233      6.774   249.2668 1.2372e-01    15.4028      7.525     10.915    12.4974 0.0000e+00
      7.685      0.033     7.3265     68.878     59.728  44.808530     0.6145      6.775   249.4809 1.2378e-01    15.3563      7.535     10.929    12.5036 0.0000e+00
      7.695      0.034     7.3307     68.860     59.740  44.812694     0.5948      6.775   249.8188 1.2382e-01    15.3018      7.548     10.948    12.5087 0.0000e+00
      7.704      0.034     7.3327     68.811     59.730  44.801163     0.5857      6.774   250.0822 1.2382e-01    15.3239      7.555     10.958    12.5119 0.0000e+00
      7.714      0.031     7.3347     68.752     59.730  44.796063     0.5952      6.774   249.7397 1.2383e-01    15.4187      7.564     10.970    12.5115 0.0000e+00
      7.724      0.028     7.3390     68.722     59.757  44.814516     0.6103      6.774   249.1202 1.2384e-01    15.5603      7.577     10.990    12.5070 0.0000e+00
      7.731      0.026     7.3365     68.720     59.782  44.833829     0.6107      6.774   249.3024 1.2380e-01    15.6012      7.584     11.001    12.5038 0.0000e+00
      7.733      0.025     7.3324     68.736     59.785  44.839126     0.5917      6.774   249.7924 1.2376e-01    15.5376      7.584     10.999    12.5000 0.0000e+00
      7.736      0.026     7.3235     68.773     59.748  44.815086     0.5715      6.774   250.1403 1.2377e-01    15.5085      7.583     11.000    12.4949 0.0000e+00
      7.744      0.029     7.3217     68.812     59.719  44.797101     0.5573      6.773   250.0673 1.2377e-01    15.4544      7.593     11.013    12.4926 0.0000e+00
      7.754      0.032     7.3225     68.854     59.733  44.812111     0.5533      6.773   249.3400 1.2376e-01    15.3964      7.604     11.029    12.4940 0.0000e+00
      7.764      0.037     7.3216     68.917     59.720  44.806135     0.5479      6.773   249.0896 1.2379e-01    15.3880      7.612     11.042    12.4978 0.0000e+00
      7.774      0.042     7.3276     68.969     59.693  44.788331     0.5423      6.773   249.7927 1.2379e-01    15.4202      7.624     11.057    12.5002 0.0000e+00
      7.783      0.044     7.3311     68.989     59.691  44.787281     0.5601      6.773   250.6141 1.2374e-01    15.5123      7.633     11.071    12.5031 0.0000e+00
      7.793      0.044     7.3322     69.004     59.703  44.793438     0.5891      6.773   250.4166 1.2376e-01    15.5790      7.640     11.083    12.5088 0.0000e+00
      7.807      0.042     7.3408     69.005     59.714  44.799292     0.6094      6.773   249.5571 1.2383e-01    15.6466      7.655     11.103    12.5115 0.0000e+00
      7.822      0.039     7.3485     68.970     59.708  44.794575     0.6054      6.773   249.3421 1.2379e-01    15.7145      7.673     11.129    12.5132 0.0000e+00
      7.834      0.035     7.3463     68.910     59.717  44.799893     0.5834      6.773   249.7951 1.2374e-01    15.7170      7.686     11.146    12.5145 0.0000e+00
      7.840      0.030     7.3508     68.848     59.721  44.800103     0.5842      6.772   250.3890 1.2379e-01    15.7797      7.689     11.151    12.5101 0.0000e+00
      7.843      0.027     7.3522     68.814     59.719  44.797113     0.5987      6.772   250.7576 1.2383e-01    15.8918      7.691     11.153    12.5074 0.0000e+00
      7.848      0.027     7.3472     68.805     59.758  44.827212     0.6007      6.772   250.8100 1.2381e-01    15.9792      7.697     11.163    12.5089 0.0000e+00
      7.853      0.029     7.3411     68.815     59.785  44.846628     0.5922      6.772   250.7641 1.2381e-01    16.1189      7.701     11.170    12.5075 0.0000e+00
