Data/DataNotYetUploadedToEDI/Raw_CTD/RawDownloads/081224_fcr20_S7809004.cnv
* Sea-Bird SBE19plus  Data File:
* FileName = C:\R\Reservoirs\Data\DataNotYetUploadedToEDI\Raw_CTD\RawDownloads\081324_fcr50_S7809_0004.hex
* Software version 2.8.0.119
* Temperature SN = 7809
* Conductivity SN = 7809
* System UpLoad Time = Aug 13 2024 13:55:40
* <ApplicationData>
* <Seaterm232>
# nquan = 15
# nvalues = 816                         
# units = specified
# name 0 = depFM: Depth [fresh water, m]
# name 1 = dz/dtM: Descent Rate [m/s]
# name 2 = sbeox0Mg/L: Oxygen, SBE 43 [mg/l]
# name 3 = sbeox0PS: Oxygen, SBE 43 [% saturation]
# name 4 = specc: Specific Conductance [uS/cm]
# name 5 = c0uS/cm: Conductivity [uS/cm]
# name 6 = flECO-AFL: Fluorescence, WET Labs ECO-AFL/FL [mg/m^3]
# name 7 = ph: pH
# name 8 = orp: Oxidation Reduction Potential [mV]
# name 9 = par/sat/log: PAR/Logarithmic, Satlantic
# name 10 = turbWETntu0: Turbidity, WET Labs ECO [NTU]
# name 11 = prdM: Pressure, Strain Gauge [db]
# name 12 = prdE: Pressure, Strain Gauge [psi]
# name 13 = tv290C: Temperature [ITS-90, deg C]
# name 14 = flag:  0.000e+00
# span 0 =     -0.533,      3.398       
# span 1 =     -0.044,      0.262       
# span 2 =     0.1094,     8.1358       
# span 3 =      1.152,     98.721       
# span 4 =     40.804,    113.024       
# span 5 =  40.765930,  95.508736       
# span 6 =    -0.0673,    25.1501       
# span 7 =      7.247,      7.635       
# span 8 =  -162.0961,   250.8344       
# span 9 = 1.2360e-01, 9.7665e+02       
# span 10 =    -0.2932,   154.4740      
# span 11 =     -0.529,      3.334      
# span 12 =     -0.767,      4.835      
# span 13 =    17.0627,    25.2853      
# span 14 = 0.0000e+00, 0.0000e+00      
# interval = seconds: 0.25
# start_time = Aug 12 2024 10:53:14 [Instrument's time stamp, header]
# bad_flag = -9.990e-29
*END*
[from data line 772]
      3.389      0.002     0.1159      1.230    109.248  92.214510     6.1674      7.333  -141.6029 1.2372e-01    40.3623      3.324      4.821    17.1511 0.0000e+00
      3.390      0.002     0.1169      1.234    109.118  92.125571     6.3614      7.335  -142.5766 1.2369e-01    35.6273      3.324      4.822    17.1750 0.0000e+00
      3.390      0.001     0.1163      1.241    108.972  92.015930     6.3705      7.338  -143.4117 1.2360e-01    35.2141      3.325      4.822    17.1861 0.0000e+00
      3.390      0.001     0.1180      1.240    108.924  91.970533     6.3360      7.342  -144.0430 1.2366e-01    35.1953      3.324      4.822    17.1873 0.0000e+00
      3.390      0.000     0.1186      1.228    109.031  92.022070     6.1195      7.346  -144.6168 1.2380e-01    35.9133      3.325      4.822    17.2010 0.0000e+00
      3.390 2.2168e-08     0.1185      1.227    109.152  92.066368     5.7490      7.349  -145.1006 1.2384e-01    37.3368      3.324      4.822    17.2102 0.0000e+00
      3.390 2.4385e-07     0.1193      1.226    109.195  92.060664     5.5522      7.352  -145.5045 1.2378e-01    38.1273      3.325      4.822    17.2179 0.0000e+00
      3.390 6.1640e-07     0.1206      1.218    109.236  92.080307     5.5383      7.355  -145.9739 1.2373e-01    38.3665      3.325      4.822    17.2212 0.0000e+00
      3.390      0.000     0.1169      1.211    109.358  92.176599     5.4475      7.359  -146.4743 1.2372e-01    40.1262      3.324      4.822    17.1999 0.0000e+00
      3.390      0.000     0.1183      1.194    109.557  92.334132     5.2528      7.362  -146.9943 1.2372e-01    43.2802      3.324      4.822    17.1650 0.0000e+00
      3.390      0.001     0.1190      1.191    109.711  92.457936     5.1320      7.364  -147.6144 1.2372e-01    44.9723      3.324      4.821    17.1445 0.0000e+00
      3.390      0.001     0.1163      1.212    109.715  92.464553     5.1029      7.366  -148.2933 1.2372e-01    45.1795      3.325      4.822    17.1424 0.0000e+00
      3.391      0.001     0.1179      1.208    109.653  92.414140     5.0335      7.369  -148.9215 1.2374e-01    46.3319      3.325      4.823    17.1421 0.0000e+00
      3.391      0.001     0.1146      1.192    109.597  92.357429     4.9173      7.372  -149.4457 1.2374e-01    48.4875      3.325      4.823    17.1347 0.0000e+00
      3.391      0.001     0.1126      1.214    109.527  92.287882     4.8632      7.376  -149.8996 1.2369e-01    49.7223      3.326      4.824    17.1299 0.0000e+00
      3.391      0.000     0.1187      1.227    109.509  92.273151     4.8617      7.378  -150.4521 1.2364e-01    49.9888      3.325      4.823    17.1353 0.0000e+00
      3.391 1.8628e-08     0.1177      1.200    109.543  92.306576     4.8083      7.380  -151.1352 1.2368e-01    50.3430      3.326      4.824    17.1378 0.0000e+00
      3.391 2.0490e-07     0.1115      1.177    109.559  92.310260     4.7167      7.383  -151.7920 1.2373e-01    50.7947      3.325      4.823    17.1311 0.0000e+00
      3.391 2.0490e-07     0.1179      1.169    109.606  92.317681     4.6701      7.385  -152.4567 1.2373e-01    51.0088      3.325      4.823    17.1235 0.0000e+00
      3.391 1.8627e-08     0.1208      1.160    109.752  92.396257     4.6608      7.387  -153.1488 1.2372e-01    50.9850      3.326      4.824    17.1249 0.0000e+00
      3.391 1.6934e-09     0.1146      1.162    109.990  92.560343     4.5960      7.390  -153.7073 1.2372e-01    51.3948      3.326      4.824    17.1315 0.0000e+00
      3.391 1.5395e-10     0.1127      1.177    110.259  92.774496     4.4865      7.393  -154.3060 1.2372e-01    52.3433      3.326      4.824    17.1289 0.0000e+00
      3.392 1.3995e-11     0.1134      1.194    110.449  92.949400     4.4348      7.396  -154.9674 1.2370e-01    52.9568      3.326      4.825    17.1116 0.0000e+00
      3.392 1.2723e-12     0.1112      1.214    110.489  93.020739     4.4445      7.397  -155.4233 1.2373e-01    53.0393      3.326      4.824    17.0876 0.0000e+00
      3.392 1.1568e-13     0.1115      1.219    110.562  93.128057     4.5711      7.399  -155.7742 1.2380e-01    52.4527      3.326      4.824    17.0686 0.0000e+00
      3.392 1.0705e-14     0.1143      1.210    110.798  93.356196     4.8086      7.402  -156.1126 1.2380e-01    51.3296      3.326      4.824    17.0627 0.0000e+00
      3.392 3.0415e-15     0.1141      1.200    111.012  93.552100     4.9438      7.404  -156.5027 1.2376e-01    50.7323      3.326      4.825    17.0699 0.0000e+00
      3.392 2.3028e-14     0.1182      1.176    111.093  93.651406     4.9323      7.407  -156.9642 1.2378e-01    50.6626      3.327      4.825    17.0883 0.0000e+00
      3.392 2.5236e-13     0.1183      1.168    111.056  93.666092     4.7450      7.410  -157.3906 1.2379e-01    50.5546      3.326      4.825    17.1156 0.0000e+00
      3.392 2.7759e-12     0.1157      1.194    110.948  93.602462     4.4358      7.413  -157.7861 1.2376e-01    50.4178      3.326      4.825    17.1293 0.0000e+00
      3.392 3.0535e-11     0.1171      1.211    110.857  93.518416     4.2640      7.415  -158.1320 1.2375e-01    50.3753      3.326      4.824    17.1276 0.0000e+00
      3.392 3.3589e-10     0.1126      1.205    110.834  93.477101     4.2330      7.417  -158.3891 1.2373e-01    50.4157      3.327      4.825    17.1413 0.0000e+00
      3.393 3.6947e-09     0.1101      1.197    110.856  93.484696     4.2276      7.418  -158.5731 1.2374e-01    50.4282      3.327      4.826    17.1711 0.0000e+00
      3.393 4.0642e-08     0.1160      1.199    110.848  93.482960     4.1986      7.420  -158.8076 1.2374e-01    50.3896      3.327      4.826    17.1865 0.0000e+00
      3.393 4.4706e-07     0.1175      1.204    110.810  93.456121     4.1407      7.422  -159.2461 1.2369e-01    50.3252      3.327      4.826    17.1776 0.0000e+00
      3.393      0.000     0.1159      1.200    110.778  93.414727     4.1097      7.425  -159.7446 1.2368e-01    50.2648      3.327      4.826    17.1633 0.0000e+00
      3.393      0.000     0.1148      1.184    110.766  93.364243     4.1077      7.427  -160.1024 1.2369e-01    50.3766      3.327      4.825    17.1575 0.0000e+00
      3.393      0.001     0.1154      1.166    110.823  93.354730     4.1067      7.429  -160.4741 1.2373e-01    51.9495      3.327      4.826    17.1628 0.0000e+00
      3.393      0.002     0.1163      1.159    111.130  93.554147     4.0978      7.431  -161.4004 1.2376e-01    54.7995      3.327      4.826    17.1693 0.0000e+00
      3.393      0.002     0.1159      1.159    111.382  93.739054     4.0908      7.432  -162.0961 1.2372e-01    56.2105      3.327      4.826    17.1638 0.0000e+00
      3.393 -9.990e-29     0.1144 -9.990e-29 -9.990e-29 -9.990e-29 -9.990e-29 -9.990e-29 -9.990e-29 1.2368e-01 -9.990e-29      3.328      4.827    17.1430 0.0000e+00
      3.394 -9.990e-29     0.1115 -9.990e-29 -9.990e-29 -9.990e-29 -9.990e-29 -9.990e-29 -9.990e-29 1.2372e-01 -9.990e-29      3.328      4.827    17.1162 0.0000e+00
      3.397 -9.990e-29     0.1117 -9.990e-29 -9.990e-29 -9.990e-29 -9.990e-29 -9.990e-29 -9.990e-29 1.2377e-01 -9.990e-29      3.331      4.830    17.0838 0.0000e+00
      3.398 -9.990e-29     0.1119 -9.990e-29 -9.990e-29 -9.990e-29 -9.990e-29 -9.990e-29 -9.990e-29 1.2377e-01 -9.990e-29      3.334      4.835    17.0641 0.0000e+00
