Data/DataNotYetUploadedToEDI/Raw_CTD/RawDownloads/081224_fcr20_S7809004.cnv
* Sea-Bird SBE19plus  Data File:
* FileName = C:\R\Reservoirs\Data\DataNotYetUploadedToEDI\Raw_CTD\RawDownloads\081324_fcr50_S7809_0004.hex
* Software version 2.8.0.119
* Temperature SN = 7809
* Conductivity SN = 7809
* System UpLoad Time = Aug 13 2024 13:55:40
* <ApplicationData>
* <Seaterm232>
# nquan = 15
# nvalues = 816                         
# units = specified
# name 0 = depFM: Depth [fresh water, m]
# name 1 = dz/dtM: Descent Rate [m/s]
# name 2 = sbeox0Mg/L: Oxygen, SBE 43 [mg/l]
# name 3 = sbeox0PS: Oxygen, SBE 43 [% saturation]
# name 4 = specc: Specific Conductance [uS/cm]
# name 5 = c0uS/cm: Conductivity [uS/cm]
# name 6 = flECO-AFL: Fluorescence, WET Labs ECO-AFL/FL [mg/m^3]
# name 7 = ph: pH
# name 8 = orp: Oxidation Reduction Potential [mV]
# name 9 = par/sat/log: PAR/Logarithmic, Satlantic
# name 10 = turbWETntu0: Turbidity, WET Labs ECO [NTU]
# name 11 = prdM: Pressure, Strain Gauge [db]
# name 12 = prdE: Pressure, Strain Gauge [psi]
# name 13 = tv290C: Temperature [ITS-90, deg C]
# name 14 = flag:  0.000e+00
# span 0 =     -0.533,      3.398       
# span 1 =     -0.044,      0.262       
# span 2 =     0.1094,     8.1358       
# span 3 =      1.152,     98.721       
# span 4 =     40.804,    113.024       
# span 5 =  40.765930,  95.508736       
# span 6 =    -0.0673,    25.1501       
# span 7 =      7.247,      7.635       
# span 8 =  -162.0961,   250.8344       
# span 9 = 1.2360e-01, 9.7665e+02       
# span 10 =    -0.2932,   154.4740      
# span 11 =     -0.529,      3.334      
# span 12 =     -0.767,      4.835      
# span 13 =    17.0627,    25.2853      
# span 14 = 0.0000e+00, 0.0000e+00      
# interval = seconds: 0.25
# start_time = Aug 12 2024 10:53:14 [Instrument's time stamp, header]
# bad_flag = -9.990e-29
*END*
[from data line 193]
      1.079      0.041     7.5926     90.610     41.370  41.320468     4.8828      7.505   219.2463 6.2459e+01     7.3731      1.061      1.538    24.9172 0.0000e+00
      1.088      0.032     7.5542     90.420     41.357  41.307681     4.8908      7.506   219.2174 6.1521e+01     7.3862      1.068      1.549    24.9203 0.0000e+00
      1.093      0.024     7.5314     90.266     41.345  41.294990     4.9448      7.509   219.2568 6.0881e+01     7.3874      1.072      1.557    24.9270 0.0000e+00
      1.095      0.019     7.5138     90.158     41.345  41.293950     5.0608      7.512   219.3786 6.0373e+01     7.3881      1.074      1.558    24.9329 0.0000e+00
      1.096      0.016     7.4941     90.088     41.348  41.295105     5.1283      7.514   219.5716 5.9864e+01     7.3950      1.074      1.558    24.9339 0.0000e+00
      1.100      0.016     7.4788     90.046     41.365  41.308953     5.1528      7.515   219.7831 5.9493e+01     7.4365      1.079      1.564    24.9342 0.0000e+00
      1.106      0.017     7.4654     90.053     41.393  41.334443     5.1663      7.516   219.9561 5.9190e+01     7.4116      1.085      1.572    24.9349 0.0000e+00
      1.112      0.019     7.4566     90.084     41.410  41.349436     5.2246      7.517   220.0286 5.8852e+01     7.3671      1.091      1.582    24.9333 0.0000e+00
      1.117      0.020     7.4529     90.086     41.427  41.363292     5.3585      7.518   220.0574 5.8580e+01     7.3771      1.096      1.590    24.9299 0.0000e+00
      1.122      0.020     7.4475     90.071     41.439  41.375040     5.4450      7.519   220.0464 5.8309e+01     7.3613      1.099      1.596    24.9258 0.0000e+00
      1.127      0.020     7.4494     90.036     41.425  41.364551     5.4552      7.520   220.0683 5.7938e+01     7.3803      1.105      1.603    24.9234 0.0000e+00
      1.131      0.021     7.4558     89.984     41.418  41.363406     5.3824      7.522   220.1497 5.7470e+01     7.4022      1.109      1.609    24.9208 0.0000e+00
      1.136      0.023     7.4541     89.950     41.410  41.361211     5.2384      7.524   220.1698 5.6825e+01     7.3535      1.113      1.615    24.9161 0.0000e+00
      1.142      0.026     7.4541     89.956     41.380  41.338019     5.1535      7.526   220.2254 5.6054e+01     7.3379      1.120      1.624    24.9151 0.0000e+00
      1.148      0.029     7.4508     89.999     41.372  41.336866     5.1553      7.529   220.3928 5.5270e+01     7.3845      1.125      1.633    24.9202 0.0000e+00
      1.156      0.031     7.4433     90.064     41.378  41.347276     5.2022      7.531   220.5591 5.4370e+01     7.4722      1.133      1.644    24.9278 0.0000e+00
      1.166      0.033     7.4395     90.152     41.366  41.336966     5.2462      7.533   220.6006 5.3416e+01     7.5442      1.144      1.659    24.9352 0.0000e+00
      1.176      0.034     7.4384     90.282     41.368  41.339141     5.2542      7.534   220.6362 5.2564e+01     7.5383      1.153      1.673    24.9435 0.0000e+00
      1.185      0.034     7.4420     90.441     41.403  41.373567     5.2574      7.535   220.7312 5.1787e+01     7.5031      1.162      1.686    24.9528 0.0000e+00
      1.193      0.032     7.4462     90.555     41.403  41.372413     5.2845      7.536   220.8041 5.1122e+01     7.4604      1.170      1.696    24.9581 0.0000e+00
      1.201      0.029     7.4526     90.563     41.356  41.325189     5.3241      7.537   220.9156 5.0551e+01     7.3977      1.177      1.707    24.9599 0.0000e+00
      1.210      0.025     7.4632     90.518     41.343  41.310311     5.3291      7.539   221.0465 5.0031e+01     7.3259      1.186      1.721    24.9597 0.0000e+00
      1.217      0.021     7.4792     90.489     41.355  41.319457     5.3109      7.541   221.1822 4.9677e+01     7.2749      1.195      1.733    24.9579 0.0000e+00
      1.221      0.017     7.4923     90.481     41.346  41.308836     5.3126      7.542   221.2654 4.9469e+01     7.3620      1.197      1.737    24.9573 0.0000e+00
      1.223      0.014     7.4896     90.454     41.347  41.308815     5.3246      7.542   221.2775 4.9275e+01     7.5594      1.200      1.740    24.9569 0.0000e+00
      1.225      0.012     7.4836     90.371     41.360  41.319210     5.3399      7.542   221.4155 4.9089e+01     7.6459      1.202      1.743    24.9547 0.0000e+00
      1.227      0.011     7.4821     90.254     41.352  41.307576     5.3476      7.543   221.6428 4.8911e+01     7.5882      1.203      1.745    24.9513 0.0000e+00
      1.229      0.011     7.4830     90.161     41.344  41.295084     5.3341      7.545   221.7897 4.8696e+01     7.5447      1.206      1.750    24.9483 0.0000e+00
      1.232      0.012     7.4827     90.095     41.346  41.295093     5.3263      7.546   221.9008 4.8416e+01     7.5989      1.209      1.753    24.9480 0.0000e+00
      1.236      0.013     7.4752     90.042     41.361  41.307682     5.3358      7.546   222.0398 4.8085e+01     7.6627      1.212      1.758    24.9470 0.0000e+00
      1.240      0.014     7.4634     90.006     41.374  41.320367     5.3414      7.548   222.0937 4.7762e+01     7.6666      1.216      1.764    24.9408 0.0000e+00
      1.244      0.015     7.4571     89.981     41.374  41.321529     5.3275      7.550   222.1214 4.7485e+01     7.6123      1.220      1.769    24.9346 0.0000e+00
      1.247      0.016     7.4531     89.963     41.373  41.321739     5.2427      7.550   222.2029 4.7225e+01     7.5524      1.223      1.774    24.9317 0.0000e+00
      1.251      0.017     7.4479     89.946     41.372  41.322902     5.1156      7.550   222.2190 4.6976e+01     7.5567      1.226      1.780    24.9289 0.0000e+00
      1.256      0.017     7.4464     89.921     41.382  41.335596     5.0634      7.551   222.3157 4.6780e+01     7.5965      1.232      1.786    24.9281 0.0000e+00
      1.261      0.016     7.4433     89.892     41.391  41.348288     5.0695      7.553   222.5122 4.6595e+01     7.6585      1.236      1.793    24.9300 0.0000e+00
      1.265      0.016     7.4423     89.879     41.390  41.349432     5.0733      7.554   222.6160 4.6453e+01     7.6231      1.241      1.800    24.9312 0.0000e+00
      1.269      0.016     7.4410     89.910     41.387  41.349432     5.0761      7.556   222.6239 4.6415e+01     7.4418      1.245      1.805    24.9331 0.0000e+00
      1.273      0.016     7.4377     89.959     41.383  41.348297     5.0864      7.557   222.6078 4.6398e+01     7.3446      1.248      1.810    24.9379 0.0000e+00
      1.276      0.017     7.4350     89.991     41.368  41.335709     5.1060      7.557   222.7652 4.6352e+01     7.3699      1.251      1.815    24.9430 0.0000e+00
      1.280      0.017     7.4308     90.012     41.355  41.324171     5.1308      7.558   223.0651 4.6293e+01     7.3714      1.255      1.821    24.9458 0.0000e+00
      1.285      0.018     7.4351     90.047     41.366  41.335719     5.1438      7.559   223.2224 4.6214e+01     7.3296      1.260      1.828    24.9489 0.0000e+00
      1.291      0.018     7.4400     90.106     41.379  41.348412     5.1387      7.560   223.2894 4.6121e+01     7.3088      1.265      1.835    24.9523 0.0000e+00
      1.296      0.017     7.4413     90.140     41.383  41.350702     5.1444      7.560   223.3599 4.6039e+01     7.3584      1.271      1.844    24.9544 0.0000e+00
      1.300      0.016     7.4427     90.117     41.399  41.363404     5.1372      7.561   223.3855 4.5968e+01     7.4172      1.275      1.850    24.9566 0.0000e+00
      1.304      0.015     7.4436     90.077     41.414  41.375058     5.0933      7.564   223.5133 4.5922e+01     7.4049      1.279      1.855    24.9586 0.0000e+00
      1.307      0.014     7.4513     90.084     41.406  41.364665     5.0543      7.566   223.7009 4.5876e+01     7.3462      1.282      1.859    24.9581 0.0000e+00
      1.310      0.014     7.4559     90.136     41.407  41.364675     5.0414      7.568   223.7604 4.5789e+01     7.2886      1.284      1.863    24.9558 0.0000e+00
      1.314      0.015     7.4526     90.157     41.418  41.375174     5.1117      7.568   223.8030 4.5681e+01     7.2887      1.288      1.868    24.9521 0.0000e+00
      1.317      0.015     7.4477     90.125     41.407  41.364674     5.2549      7.569   223.8719 4.5588e+01     7.3470      1.292      1.874    24.9470 0.0000e+00
      1.321      0.015     7.4481     90.096     41.407  41.364655     5.3329      7.571   223.9054 4.5540e+01     7.3793      1.296      1.880    24.9438 0.0000e+00
      1.326      0.016     7.4567     90.101     41.417  41.374945     5.3314      7.572   223.9499 4.5508e+01     7.3710      1.301      1.886    24.9426 0.0000e+00
      1.330      0.016     7.4590     90.118     41.404  41.362157     5.3271      7.572   224.0658 4.5469e+01     7.3494      1.306      1.893    24.9420 0.0000e+00
      1.334      0.015     7.4535     90.117     41.378  41.336971     5.4070      7.573   224.1876 4.5449e+01     7.3579      1.308      1.897    24.9425 0.0000e+00
      1.337      0.015     7.4501     90.093     41.365  41.324286     5.5562      7.574   224.3038 4.5425e+01     7.4052      1.312      1.902    24.9434 0.0000e+00
      1.341      0.014     7.4515     90.043     41.376  41.335721     5.6330      7.575   224.4388 4.5402e+01     7.4086      1.316      1.908    24.9434 0.0000e+00
      1.345      0.014     7.4544     89.980     41.388  41.348300     5.6200      7.576   224.4434 4.5393e+01     7.3655      1.319      1.913    24.9435 0.0000e+00
      1.348      0.014     7.4534     89.926     41.389  41.349443     5.5319      7.578   224.3599 4.5338e+01     7.3616      1.322      1.918    24.9441 0.0000e+00
      1.352      0.014     7.4521     89.895     41.389  41.349547     5.4082      7.578   224.3753 4.5250e+01     7.4302      1.326      1.923    24.9450 0.0000e+00
      1.355      0.014     7.4472     89.870     41.390  41.349547     5.3566      7.580   224.5432 4.5176e+01     7.4769      1.329      1.927    24.9461 0.0000e+00
      1.359      0.015     7.4411     89.818     41.390  41.349444     5.3483      7.582   224.6689 4.5087e+01     7.4479      1.333      1.933    24.9462 0.0000e+00
      1.363      0.015     7.4366     89.744     41.390  41.348299     5.2758      7.582   224.6904 4.5007e+01     7.3870      1.338      1.939    24.9459 0.0000e+00
      1.367      0.016     7.4338     89.688     41.378  41.335710     5.1621      7.583   224.8032 4.4959e+01     7.3551      1.340      1.944    24.9461 0.0000e+00
      1.371      0.016     7.4341     89.692     41.368  41.324161     5.1140      7.584   224.9145 4.4880e+01     7.4044      1.344      1.950    24.9458 0.0000e+00
      1.375      0.016     7.4290     89.737     41.382  41.335586     5.1188      7.585   224.9182 4.4765e+01     7.4373      1.348      1.956    24.9440 0.0000e+00
      1.380      0.016     7.4225     89.779     41.398  41.346917     5.1452      7.586   224.9337 4.4653e+01     7.3768      1.353      1.962    24.9424 0.0000e+00
      1.384      0.016     7.4154     89.784     41.393  41.334215     5.1834      7.588   225.0153 4.4536e+01     7.2875      1.357      1.968    24.9419 0.0000e+00
      1.388      0.015     7.4169     89.719     41.375  41.308933     5.1975      7.589   225.0443 4.4453e+01     7.2796      1.361      1.974    24.9420 0.0000e+00
      1.392      0.014     7.4230     89.580     41.367  41.295097     5.2235      7.590   225.0270 4.4440e+01     7.3840      1.365      1.979    24.9393 0.0000e+00
      1.396      0.014     7.4272     89.368     41.369  41.293839     5.3572      7.591   225.1498 4.4404e+01     7.4227      1.369      1.985    24.9325 0.0000e+00
      1.399      0.014     7.4311     89.087     41.369  41.293725     5.5656      7.592   225.3249 4.4320e+01     7.3377      1.372      1.990    24.9234 0.0000e+00
      1.401      0.014     7.4263     88.803     41.369  41.293715     5.6708      7.593   225.4234 4.4280e+01     7.2788      1.374      1.993    24.9135 0.0000e+00
      1.404      0.014     7.4159     88.591     41.371  41.293715     5.6634      7.595   225.4809 4.4241e+01     7.2567      1.377      1.997    24.9058 0.0000e+00
      1.408      0.014     7.3997     88.450     41.373  41.293724     5.6511      7.596   225.5038 4.4139e+01     7.2410      1.381      2.003    24.9018 0.0000e+00
      1.412      0.015     7.3738     88.352     41.375  41.293829     5.6214      7.597   225.5279 4.4001e+01     7.2601      1.385      2.009    24.9029 0.0000e+00
      1.416      0.015     7.3467     88.295     41.376  41.294974     5.5713      7.597   225.6003 4.3867e+01     7.2826      1.389      2.015    24.9042 0.0000e+00
      1.420      0.014     7.3308     88.300     41.389  41.307572     5.5527      7.598   225.6898 4.3738e+01     7.2742      1.393      2.021    24.9006 0.0000e+00
      1.424      0.013     7.3203     88.330     41.399  41.319216     5.5377      7.599   225.7500 4.3591e+01     7.2613      1.397      2.026    24.8974 0.0000e+00
      1.427      0.011     7.3131     88.334     41.388  41.308830     5.4404      7.600   225.8126 4.3484e+01     7.2968      1.400      2.030    24.8961 0.0000e+00
      1.429      0.010     7.3066     88.339     41.388  41.308924     5.2747      7.601   225.8439 4.3419e+01     7.3275      1.402      2.033    24.8947 0.0000e+00
      1.431      0.010     7.3081     88.378     41.401  41.320351     5.1821      7.601   225.8702 4.3375e+01     7.2906      1.404      2.036    24.8954 0.0000e+00
      1.434      0.010     7.3138     88.438     41.401  41.320056     5.1868      7.602   225.9587 4.3356e+01     7.2611      1.406      2.039    24.8967 0.0000e+00
      1.437      0.009     7.3116     88.509     41.386  41.305370     5.3146      7.602   225.9669 4.3299e+01     7.3124      1.408      2.042    24.8983 0.0000e+00
      1.440      0.009     7.3106     88.576     41.352  41.269712     5.5542      7.602   225.9698 4.3243e+01     7.3986      1.412      2.048    24.8991 0.0000e+00
      1.442      0.008     7.3153     88.607     41.353  41.269713     5.6868      7.603   226.1664 4.3237e+01     7.3809      1.416      2.053    24.8964 0.0000e+00
      1.444      0.008     7.3206     88.603     41.389  41.305380     5.7020      7.605   226.3644 4.3244e+01     7.3371      1.417      2.054    24.8961 0.0000e+00
      1.445      0.008     7.3259     88.556     41.402  41.320162     5.7389      7.606   226.3858 4.3221e+01     7.3815      1.417      2.054    24.8974 0.0000e+00
      1.446      0.008     7.3341     88.448     41.402  41.321505     5.7999      7.606   226.3392 4.3153e+01     7.4738      1.418      2.056    24.8955 0.0000e+00
      1.449      0.009     7.3359     88.330     41.400  41.321626     5.8398      7.606   226.3170 4.3074e+01     7.5996      1.421      2.060    24.8927 0.0000e+00
      1.451      0.010     7.3354     88.270     41.399  41.321628     5.8555      7.606   226.3753 4.3014e+01     7.6383      1.423      2.064    24.8932 0.0000e+00
      1.454      0.012     7.3335     88.275     41.398  41.321524     5.8731      7.607   226.5281 4.2960e+01     7.5660      1.426      2.067    24.8951 0.0000e+00
      1.456      0.013     7.3218     88.340     41.396  41.320370     5.8863      7.608   226.6151 4.2911e+01     7.5114      1.428      2.070    24.8967 0.0000e+00
      1.459      0.014     7.3089     88.423     41.383  41.307675     5.8811      7.609   226.6536 4.2848e+01     7.5591      1.431      2.076    24.8991 0.0000e+00
      1.464      0.014     7.3047     88.489     41.370  41.294972     5.8856      7.608   226.8201 4.2743e+01     7.6647      1.436      2.083    24.9004 0.0000e+00
      1.469      0.014     7.3044     88.568     41.370  41.293715     5.8903      7.608   226.9936 4.2609e+01     7.6608      1.441      2.089    24.9009 0.0000e+00
      1.473      0.013     7.3111     88.690     41.373  41.292466     5.7886      7.607   227.1177 4.2469e+01     7.5112      1.445      2.096    24.9029 0.0000e+00
