Data/DataNotYetUploadedToEDI/Raw_CTD/RawDownloads/081424_ccr88_S8188002.cnv
* Sea-Bird SBE19plus  Data File:
* FileName = C:\R\Reservoirs\Data\DataNotYetUploadedToEDI\Raw_CTD\RawDownloads\081424_ccr50_S8188_0002.hex
* Software version 2.8.0.119
* Temperature SN = 8188
* Conductivity SN = 8188
* System UpLoad Time = Aug 16 2024 10:36:54
* <ApplicationData>
* <Seaterm232>
# nquan = 13
# nvalues = 2070                        
# units = specified
# name 0 = depFM: Depth [fresh water, m]
# name 1 = dz/dtM: Descent Rate [m/s]
# name 2 = sbeox0Mg/L: Oxygen, SBE 43 [mg/l]
# name 3 = sbeox0PS: Oxygen, SBE 43 [% saturation]
# name 4 = specc: Specific Conductance [uS/cm]
# name 5 = c0uS/cm: Conductivity [uS/cm]
# name 6 = flECO-AFL: Fluorescence, WET Labs ECO-AFL/FL [mg/m^3]
# name 7 = par/sat/log: PAR/Logarithmic, Satlantic
# name 8 = turbWETntu0: Turbidity, WET Labs ECO [NTU]
# name 9 = prdM: Pressure, Strain Gauge [db]
# name 10 = prdE: Pressure, Strain Gauge [psi]
# name 11 = tv290C: Temperature [ITS-90, deg C]
# name 12 = flag:  0.000e+00
# span 0 =     -0.443,     10.532       
# span 1 =     -0.288,      0.212       
# span 2 =     2.3676,    10.2192       
# span 3 =     24.723,    126.647       
# span 4 =  -1609.494,    126.775       
# span 5 = -1.227e+03, 121.877772       
# span 6 =    -2.9304,    11.8378       
# span 7 = 2.7668e-01, 2.3061e+03       
# span 8 =    -9.9188,   704.4176       
# span 9 =     -0.436,     10.329       
# span 10 =     -0.633,     14.981      
# span 11 =    12.8661,    26.8869      
# span 12 = 0.0000e+00, 0.0000e+00      
# interval = seconds: 0.25
# start_time = Aug 14 2024 09:51:09 [Instrument's time stamp, header]
# bad_flag = -9.990e-29
*END*
[from data line 2001]
      0.645      0.045     8.1457    101.761    116.890 121.299139     0.2906 1.1074e+03     0.1220      0.632      0.917    26.8808 0.0000e+00
      0.646      0.025     8.1495    101.526    116.856 121.263094     0.2881 1.0290e+03     0.0382      0.631      0.915    26.8807 0.0000e+00
      0.651      0.013     8.1456    101.342    116.781 121.183957     0.2895 1.0127e+03    -0.0084      0.637      0.923    26.8803 0.0000e+00
      0.657      0.006     8.1404    101.233    116.760 121.160650     0.2906 8.8140e+02    -0.0644      0.647      0.937    26.8798 0.0000e+00
      0.659      0.000     8.1268    101.175    116.786 121.185880     0.2931 8.1346e+02    -0.1236      0.648      0.940    26.8796 0.0000e+00
      0.659     -0.005     8.1014    101.151    116.752 121.148018     0.2930 9.2326e+02    -0.1066      0.646      0.937    26.8794 0.0000e+00
      0.656     -0.007     8.0882    101.163    116.786 121.180233     0.2895 8.6465e+02    -0.0298      0.645      0.935    26.8787 0.0000e+00
      0.649     -0.006     8.0804    101.268    116.840 121.234405     0.2853 7.9147e+02    -0.0188      0.638      0.925    26.8778 0.0000e+00
      0.640     -0.003     8.0757    101.403    116.861 121.257448     0.2859 7.1112e+02    -0.0426      0.625      0.906    26.8771 0.0000e+00
      0.637     -0.004     8.0756    101.464    116.923 121.322451     0.2880 6.8739e+02     0.0260      0.621      0.900    26.8761 0.0000e+00
      0.647     -0.011     8.0728    101.545    116.940 121.338401     0.2846 9.7651e+02     0.1235      0.633      0.918    26.8745 0.0000e+00
      0.658     -0.022     8.0821    101.667    116.920 121.313896     0.2881 1.2340e+03     0.1760      0.652      0.946    26.8735 0.0000e+00
      0.657     -0.038     8.1024    101.771    116.912 121.298943     0.2964 1.0432e+03     0.1791      0.651      0.944    26.8743 0.0000e+00
      0.637     -0.058     8.0969    101.825    116.909 121.293993     0.2977 7.5328e+02     0.1610      0.625      0.908    26.8752 0.0000e+00
      0.610     -0.088     8.1058    101.804    116.934 121.322234     0.2949 7.3316e+02     0.1630      0.598      0.868    26.8746 0.0000e+00
      0.584     -0.128     8.1182    101.756    116.908 121.299437     0.2885 1.2065e+03     0.2039      0.570      0.828    26.8730 0.0000e+00
      0.561     -0.174     8.1258    101.653    116.831 121.222957     0.2728 1.5574e+03     0.2432      0.551      0.799    26.8694 0.0000e+00
      0.530     -0.221     8.1345    101.459    116.757 121.147704     0.2523 1.3770e+03     0.2260      0.530      0.769    26.8676 0.0000e+00
      0.470     -0.260     8.1275    101.284    116.682 121.071533     0.2401 1.4332e+03     0.2022      0.474      0.688    26.8700 0.0000e+00
      0.377     -0.283     8.1249    101.141    116.728 121.120328     0.2295 1.5011e+03     0.1605      0.375      0.544    26.8724 0.0000e+00
      0.270     -0.288     8.1213    100.988    116.862 121.260318     0.2273 1.4209e+03    -0.0718      0.261      0.378    26.8731 0.0000e+00
      0.173     -0.278     8.0977    100.886    116.928 121.332031     0.2395 1.4355e+03    -0.4082      0.159      0.231    26.8737 0.0000e+00
      0.107     -0.254     8.0841    100.786    116.901 121.305449     0.2389 1.3969e+03    -0.5764      0.092      0.133    26.8754 0.0000e+00
      0.071     -0.222     8.0779    100.642    116.810 121.211703     0.2117 1.3409e+03    -0.5610      0.071      0.102    26.8749 0.0000e+00
      0.036     -0.195     8.0580    100.546    116.820 121.221508     0.0401 1.3010e+03    -0.2227      0.045      0.066    26.8752 0.0000e+00
     -0.014     -0.178     8.0545    100.574    116.884 121.287623    -0.2668 1.2856e+03     0.3559     -0.015     -0.022    26.8772 0.0000e+00
     -0.065     -0.167     8.0488    100.658    116.858 121.260936    -0.4294 1.2788e+03     0.6667     -0.070     -0.100    26.8777 0.0000e+00
     -0.110     -0.148     8.0325    100.589    116.836 121.239830    -0.4170 1.2924e+03     0.7194     -0.105     -0.151    26.8774 0.0000e+00
     -0.155     -0.118     8.0227    100.203    116.831 121.237016    -0.2129 1.3336e+03     0.9594     -0.151     -0.218    26.8771 0.0000e+00
     -0.195     -0.079     8.0261     99.581    116.818 121.226913     0.1660 1.3380e+03     1.3713     -0.202     -0.295    26.8769 0.0000e+00
     -0.209     -0.040     8.0403     98.949    116.842 121.254066     0.3842 1.3394e+03     1.5791     -0.217     -0.316    26.8771 0.0000e+00
     -0.198     -0.006     8.0414     98.387    116.877 121.292541     0.3972 1.3746e+03     1.5842     -0.195     -0.283    26.8779 0.0000e+00
     -0.182      0.019     8.0071     97.829    116.867 121.282937     0.2448 1.3841e+03     1.2952     -0.176     -0.256    26.8793 0.0000e+00
     -0.169      0.029     7.9479     97.314    116.859 121.274341    -0.0371 1.3672e+03     0.7622     -0.166     -0.241    26.8811 0.0000e+00
     -0.159      0.020     7.8949     96.989    116.908 121.324994    -0.1845 1.3648e+03     0.4965     -0.155     -0.225    26.8821 0.0000e+00
     -0.151      0.000     7.8550     96.900    116.932 121.349810    -0.1762 1.3835e+03     0.4860     -0.147     -0.213    26.8826 0.0000e+00
     -0.149     -0.018     7.8095     96.930    116.886 121.301610     0.0287 1.4101e+03     0.5319     -0.139     -0.202    26.8827 0.0000e+00
     -0.161     -0.030     7.7609     96.609    116.743 121.151386     0.4117 1.4159e+03     0.6393     -0.152     -0.219    26.8826 0.0000e+00
     -0.185     -0.037     7.7359     95.368    116.565 120.965567     0.6220 1.3713e+03     0.6856     -0.185     -0.269    26.8828 0.0000e+00
     -0.203     -0.036     7.7286     93.272    116.500 120.896166     0.6293 1.3035e+03     0.6451     -0.204     -0.297    26.8828 0.0000e+00
     -0.209     -0.026     7.7438     90.872    116.530 120.926021     0.5429 1.2594e+03     0.4246     -0.205     -0.298    26.8823 0.0000e+00
     -0.212     -0.009     7.7451     88.632    116.589 120.985567     0.3925 1.2508e+03     0.0115     -0.208     -0.302    26.8817 0.0000e+00
     -0.213      0.006     7.6400     86.885    116.674 121.070568     0.3109 1.2727e+03    -0.2303     -0.213     -0.308    26.8811 0.0000e+00
     -0.208      0.013     7.4515     85.961    116.741 121.135407     0.2939 1.3098e+03    -0.2326     -0.206     -0.299    26.8802 0.0000e+00
     -0.195      0.008     7.2492     86.090    116.700 121.087569     0.2385 1.3476e+03    -0.0504     -0.191     -0.277    26.8793 0.0000e+00
     -0.184     -0.010     7.0619     87.106    116.657 121.037721     0.1522 1.3718e+03     0.2563     -0.177     -0.257    26.8794 0.0000e+00
     -0.183     -0.045     6.9137     88.581    116.699 121.078271     0.1091 1.3662e+03     0.4194     -0.175     -0.255    26.8784 0.0000e+00
     -0.192     -0.089     6.8298     90.280    116.788 121.168677     0.0731 1.3243e+03     0.4119     -0.186     -0.270    26.8755 0.0000e+00
     -0.214     -0.127     6.8459     92.103    116.798 121.176078    -0.3009 1.2339e+03    -0.0063     -0.201     -0.292    26.8729 0.0000e+00
     -0.260     -0.148     6.9448     93.753    115.411 119.735638    -0.9798 1.0970e+03    -0.7928     -0.241     -0.350    26.8710 0.0000e+00
     -0.334     -0.150     7.0684     94.924     99.284 103.002288    -1.3375 9.6381e+02    -1.2003     -0.330     -0.479    26.8697 0.0000e+00
     -0.399     -0.135     7.2017     95.603     61.124  63.411396    -1.3059 8.9661e+02    -1.1231     -0.412     -0.597    26.8685 0.0000e+00
     -0.428     -0.106     7.3587     95.929     26.880  27.885256    -0.6575 9.0441e+02    -0.0649     -0.427     -0.618    26.8675 0.0000e+00
     -0.432     -0.069     7.5024     96.025     14.422  14.961275     0.5373 9.2286e+02     1.8784     -0.423     -0.613    26.8669 0.0000e+00
     -0.432     -0.033     7.5938     95.941     12.024  12.473585     1.1840 8.8562e+02     2.9403     -0.425     -0.616    26.8657 0.0000e+00
     -0.433     -0.010     7.6449     95.699     10.899  11.306001     1.1626 7.6464e+02     2.7846     -0.423     -0.615    26.8636 0.0000e+00
     -0.433     -0.001     7.6680     95.377     10.688  11.086872     0.2695 5.9619e+02    -0.2452     -0.424     -0.616    26.8620 0.0000e+00
     -0.433 -7.161e-10     7.6745     95.094     10.843  11.248565    -1.3777 4.7135e+02    -5.8141     -0.424     -0.614    26.8615 0.0000e+00
     -0.433 -7.877e-09     7.6683     94.894     10.626  11.022657    -2.2723 3.8007e+02    -8.8261     -0.424     -0.615    26.8612 0.0000e+00
     -0.433 -8.665e-08     7.6469     94.757     10.016  10.390278    -2.3024 2.7861e+02    -8.9573     -0.424     -0.615    26.8613 0.0000e+00
     -0.433 -8.665e-08     7.6161     94.673      9.423   9.774833    -1.7415 2.1123e+02    -7.4347     -0.424     -0.615    26.8615 0.0000e+00
     -0.433 -7.880e-09     7.5928     94.631      8.945   9.278739    -0.7020 1.8032e+02    -4.5609     -0.425     -0.616    26.8615 0.0000e+00
     -0.433 -7.165e-10     7.5784     94.626      8.484   8.800595    -0.1370 1.5267e+02    -2.9472     -0.424     -0.616    26.8616 0.0000e+00
     -0.433 -6.564e-11     7.5668     94.643      8.034   8.334235    -0.0856 1.2630e+02    -2.7557     -0.424     -0.616    26.8616 0.0000e+00
     -0.433 -1.184e-11     7.5611     94.652      7.824   8.116171    -0.0799 1.0345e+02    -2.7257     -0.424     -0.615    26.8620 0.0000e+00
     -0.433 -9.990e-29     7.5573 -9.990e-29 -9.990e-29 -9.990e-29 -9.990e-29 9.0274e+01 -9.990e-29     -0.425     -0.616    26.8620 0.0000e+00
     -0.433 -9.990e-29     7.5575 -9.990e-29 -9.990e-29 -9.990e-29 -9.990e-29 8.5878e+01 -9.990e-29     -0.425     -0.616    26.8619 0.0000e+00
     -0.433 -9.990e-29     7.5602 -9.990e-29 -9.990e-29 -9.990e-29 -9.990e-29 8.3003e+01 -9.990e-29     -0.425     -0.616    26.8620 0.0000e+00
     -0.433 -9.990e-29     7.5608 -9.990e-29 -9.990e-29 -9.990e-29 -9.990e-29 8.1564e+01 -9.990e-29     -0.425     -0.616    26.8620 0.0000e+00
