Data/DataNotYetUploadedToEDI/Raw_CTD/RawDownloads/081424_ccr90_S8188003.cnv
* Sea-Bird SBE19plus  Data File:
* FileName = C:\R\Reservoirs\Data\DataNotYetUploadedToEDI\Raw_CTD\RawDownloads\081424_ccr50_S8188_0003.hex
* Software version 2.8.0.119
* Temperature SN = 8188
* Conductivity SN = 8188
* System UpLoad Time = Aug 16 2024 10:37:10
* <ApplicationData>
* <Seaterm232>
# nquan = 13
# nvalues = 961                         
# units = specified
# name 0 = depFM: Depth [fresh water, m]
# name 1 = dz/dtM: Descent Rate [m/s]
# name 2 = sbeox0Mg/L: Oxygen, SBE 43 [mg/l]
# name 3 = sbeox0PS: Oxygen, SBE 43 [% saturation]
# name 4 = specc: Specific Conductance [uS/cm]
# name 5 = c0uS/cm: Conductivity [uS/cm]
# name 6 = flECO-AFL: Fluorescence, WET Labs ECO-AFL/FL [mg/m^3]
# name 7 = par/sat/log: PAR/Logarithmic, Satlantic
# name 8 = turbWETntu0: Turbidity, WET Labs ECO [NTU]
# name 9 = prdM: Pressure, Strain Gauge [db]
# name 10 = prdE: Pressure, Strain Gauge [psi]
# name 11 = tv290C: Temperature [ITS-90, deg C]
# name 12 = flag:  0.000e+00
# span 0 =     -0.430,      3.870       
# span 1 =     -0.299,      0.166       
# span 2 =     4.2343,     9.7199       
# span 3 =     52.750,    120.677       
# span 4 =  -1166.641,    116.969       
# span 5 = -1.208e+03, 121.409337       
# span 6 =    -1.1605,   238.5045       
# span 7 = 1.3130e+02, 2.3455e+03       
# span 8 =    -6.6077,    24.8990       
# span 9 =     -0.424,      3.795       
# span 10 =     -0.614,      5.505      
# span 11 =    24.8253,    26.8943      
# span 12 = 0.0000e+00, 0.0000e+00      
# interval = seconds: 0.25
# start_time = Aug 14 2024 10:26:35 [Instrument's time stamp, header]
# bad_flag = -9.990e-29
*END*
[from data line 556]
      2.067      0.064     7.8008     97.438    116.434 120.673601     0.5715 4.1343e+02     1.1610      2.026      2.937    26.8163 0.0000e+00
      2.081      0.067     7.7916     97.366    116.392 120.628763     0.5697 4.1491e+02     1.1702      2.039      2.958    26.8162 0.0000e+00
      2.101      0.069     7.7873     97.225    115.877 120.093005     0.5653 4.0980e+02     1.1729      2.060      2.987    26.8153 0.0000e+00
      2.124      0.071     7.7875     97.112    110.583 114.604969     0.5704 3.9638e+02     1.1930      2.083      3.021    26.8146 0.0000e+00
      2.144      0.072     7.7897     97.114     52.892  54.818962     0.5709 3.9225e+02     1.1739      2.105      3.053    26.8146 0.0000e+00
      2.161      0.072     7.7851     97.233   -582.332-603.456118     0.5710 3.9402e+02     1.1478      2.120      3.074    26.8136 0.0000e+00
      2.177      0.068     7.7697     97.412  -1164.670 -1.207e+03     0.5890 3.8673e+02     1.1515      2.135      3.096    26.8124 0.0000e+00
      2.194      0.061     7.7577     97.577   -582.317-603.160156     0.6153 3.8063e+02     1.1503      2.152      3.121    26.8123 0.0000e+00
      2.212      0.053     7.7585     97.696     52.945  54.879709     0.6291 3.8446e+02     1.1335      2.169      3.146    26.8110 0.0000e+00
      2.229      0.045     7.7700     97.754    110.704 114.727608     0.6346 3.8656e+02     1.1200      2.188      3.173    26.8105 0.0000e+00
      2.239      0.037     7.7889     97.717    115.954 120.164929     0.6207 3.7834e+02     1.1242      2.199      3.189    26.8116 0.0000e+00
      2.243      0.031     7.8008     97.609    116.395 120.621864     0.5834 3.7021e+02     1.1152      2.201      3.192    26.8122 0.0000e+00
      2.245      0.028     7.8089     97.468    116.433 120.661533     0.5649 3.7457e+02     1.1146      2.202      3.194    26.8117 0.0000e+00
      2.249      0.028     7.8174     97.343    116.419 120.644558     0.5693 3.9079e+02     1.1167      2.205      3.198    26.8100 0.0000e+00
      2.257      0.032     7.8121     97.317    116.340 120.553009     0.5678 3.9234e+02     1.1069      2.212      3.209    26.8090 0.0000e+00
      2.268      0.037     7.8028     97.386    116.312 120.509311     0.5636 3.7672e+02     1.1335      2.224      3.226    26.8091 0.0000e+00
      2.280      0.041     7.7912     97.477    116.339 120.525351     0.5709 3.7355e+02     1.1639      2.236      3.243    26.8097 0.0000e+00
      2.292      0.043     7.7765     97.532    116.294 120.474151     0.5786 3.6741e+02     1.1645      2.247      3.259    26.8098 0.0000e+00
      2.304      0.044     7.7761     97.491    116.259 120.435797     0.5876 3.6784e+02     1.1413      2.260      3.277    26.8051 0.0000e+00
      2.315      0.048     7.7854     97.280    116.292 120.470775     0.6099 3.7868e+02     1.1234      2.272      3.295    26.7970 0.0000e+00
      2.325      0.053     7.7949     96.957    116.307 120.487911     0.6224 3.7016e+02     1.1197      2.280      3.306    26.7920 0.0000e+00
      2.335      0.058     7.8002     96.673    116.323 120.506601     0.6173 3.6703e+02     1.0967      2.287      3.316    26.7904 0.0000e+00
      2.351      0.063     7.8009     96.461    116.373 120.560364     0.6176 3.6863e+02     1.1543      2.303      3.339    26.7899 0.0000e+00
      2.373      0.068     7.7832     96.323    116.403 120.592405     0.6262 3.5354e+02     1.3016      2.327      3.375    26.7901 0.0000e+00
      2.394      0.068     7.7487     96.277    116.432 120.621239     0.6259 3.4859e+02     1.3674      2.348      3.406    26.7913 0.0000e+00
      2.413      0.065     7.7280     96.287    116.447 120.636211     0.6219 3.5406e+02     1.3651      2.366      3.431    26.7921 0.0000e+00
      2.430      0.058     7.7110     96.346    116.448 120.637033     0.6300 3.4599e+02     1.3774      2.385      3.458    26.7927 0.0000e+00
      2.445      0.051     7.6974     96.413    116.443 120.631182     0.6381 3.3542e+02     1.3791      2.399      3.480    26.7931 0.0000e+00
      2.454      0.044     7.6973     96.430    116.380 120.565467     0.6421 3.3332e+02     1.3847      2.408      3.492    26.7928 0.0000e+00
      2.460      0.039     7.6965     96.421    116.340 120.524408     0.6435 3.3403e+02     1.4108      2.411      3.497    26.7925 0.0000e+00
      2.469      0.035     7.7023     96.395    116.360 120.543907     0.6379 3.3385e+02     1.3866      2.420      3.509    26.7924 0.0000e+00
      2.479      0.034     7.7116     96.360    116.345 120.528448     0.6426 3.3179e+02     1.3313      2.432      3.528    26.7924 0.0000e+00
      2.489      0.034     7.7099     96.398    116.292 120.473886     0.6662 3.3224e+02     1.3255      2.442      3.541    26.7919 0.0000e+00
      2.496      0.033     7.7097     96.546    116.248 120.429751     0.6891 3.3092e+02     1.3520      2.448      3.550    26.7914 0.0000e+00
      2.505      0.031     7.7088     96.736    116.223 120.403967     0.6941 3.2060e+02     1.3771      2.455      3.562    26.7913 0.0000e+00
      2.514      0.029     7.7018     96.868    116.253 120.434910     0.6745 3.1873e+02     1.3885      2.467      3.577    26.7916 0.0000e+00
      2.521      0.027     7.7035     96.901    116.346 120.531110     0.6430 3.2798e+02     1.3867      2.474      3.587    26.7917 0.0000e+00
      2.526      0.027     7.7180     96.892    116.425 120.612400     0.6260 3.2744e+02     1.3892      2.476      3.590    26.7920 0.0000e+00
      2.531      0.029     7.7364     96.887    116.415 120.599451     0.6243 3.1932e+02     1.3848      2.481      3.598    26.7922 0.0000e+00
      2.538      0.034     7.7491     96.843    116.331 120.510934     0.6228 3.1397e+02     1.3680      2.489      3.609    26.7923 0.0000e+00
      2.546      0.042     7.7486     96.763    116.321 120.496859     0.6248 3.1571e+02     1.3571      2.497      3.621    26.7924 0.0000e+00
      2.555      0.052     7.7454     96.748    116.392 120.565640     0.6322 3.1761e+02     1.3563      2.505      3.632    26.7919 0.0000e+00
      2.568      0.062     7.7484     96.843    116.488 120.660620     0.6333 3.1025e+02     1.3591      2.516      3.649    26.7912 0.0000e+00
      2.588      0.069     7.7453     96.966    116.584 120.758724     0.6127 3.0522e+02     1.3560      2.537      3.680    26.7907 0.0000e+00
      2.612      0.072     7.7347     97.017    116.554 120.728885     0.5820 3.0155e+02     1.3528      2.563      3.717    26.7892 0.0000e+00
      2.635      0.069     7.7318     96.976    116.467 120.640811     0.5743 2.9778e+02     1.3547      2.583      3.747    26.7861 0.0000e+00
      2.655      0.061     7.7437     96.909    116.407 120.580364     0.5804 2.9914e+02     1.3787      2.605      3.777    26.7838 0.0000e+00
      2.670      0.049     7.7564     96.834    116.368 120.543578     0.5949 2.9306e+02     1.4038      2.621      3.802    26.7836 0.0000e+00
      2.679      0.038     7.7618     96.719    116.423 120.605192     0.6197 2.8546e+02     1.4174      2.629      3.813    26.7848 0.0000e+00
      2.683      0.028     7.7546     96.590    116.456 120.643399     0.6284 2.9451e+02     1.4407      2.631      3.816    26.7855 0.0000e+00
      2.686      0.022     7.7485     96.532    116.406 120.596392     0.6229 3.0134e+02     1.4443      2.634      3.820    26.7862 0.0000e+00
      2.690      0.019     7.7450     96.587    116.389 120.582389     0.6214 2.8461e+02     1.4272      2.637      3.825    26.7878 0.0000e+00
      2.695      0.018     7.7341     96.695    116.412 120.610485     0.6280 2.7246e+02     1.4059      2.642      3.832    26.7897 0.0000e+00
      2.701      0.017     7.7210     96.781    116.462 120.663332     0.6340 2.7707e+02     1.3920      2.650      3.843    26.7914 0.0000e+00
      2.707      0.016     7.7135     96.862    116.474 120.675804     0.6334 2.7993e+02     1.3971      2.656      3.852    26.7934 0.0000e+00
      2.711      0.016     7.7207     97.015    116.424 120.624897     0.6382 2.7758e+02     1.3985      2.660      3.858    26.7954 0.0000e+00
      2.714      0.017     7.7320     97.265    116.394 120.593364     0.6401 2.7035e+02     1.3741      2.661      3.860    26.7969 0.0000e+00
      2.715      0.021     7.7379     97.483    116.369 120.567314     0.6304 2.6750e+02     1.3426      2.661      3.860    26.7978 0.0000e+00
      2.718      0.029     7.7417     97.526    116.386 120.582707     0.6244 2.7197e+02     1.3610      2.665      3.865    26.7976 0.0000e+00
      2.725      0.040     7.7519     97.451    116.447 120.643085     0.6281 2.7208e+02     1.4598      2.670      3.872    26.7975 0.0000e+00
      2.737      0.050     7.7762     97.386    116.424 120.615398     0.6319 2.6408e+02     1.5758      2.682      3.889    26.7977 0.0000e+00
      2.754      0.058     7.8009     97.322    116.337 120.520716     0.6269 2.5571e+02     1.6308      2.699      3.914    26.7977 0.0000e+00
      2.774      0.064     7.8007     97.183    116.277 120.452994     0.6288 2.5302e+02     1.6437      2.719      3.945    26.7970 0.0000e+00
      2.795      0.067     7.7896     97.012    116.309 120.478500     0.6370 2.4879e+02     1.6283      2.743      3.979    26.7950 0.0000e+00
      2.811      0.069     7.7855     96.890    116.391 120.556317     0.6311 2.4484e+02     1.6167      2.757      3.999    26.7936 0.0000e+00
      2.825      0.069     7.7849     96.808    116.416 120.575538     0.6268 2.4504e+02     1.6405      2.768      4.015    26.7920 0.0000e+00
      2.841      0.069     7.7721     96.763    116.422 120.574493     0.6285 2.4214e+02     1.6419      2.785      4.039    26.7890 0.0000e+00
      2.860      0.068     7.7543     96.741    116.399 120.543680     0.6253 2.3654e+02     1.6333      2.803      4.066    26.7858 0.0000e+00
      2.880      0.067     7.7480     96.714    116.335 120.475740     0.6231 2.3276e+02     1.6395      2.824      4.096    26.7830 0.0000e+00
      2.899      0.065     7.7403     96.682    116.293 120.434968     0.6268 2.3198e+02     1.6489      2.843      4.124    26.7802 0.0000e+00
      2.915      0.062     7.7379     96.598    116.317 120.459871     0.6352 2.2992e+02     1.6776      2.860      4.148    26.7766 0.0000e+00
      2.928      0.059     7.7384     96.393    116.364 120.504067     0.6380 2.2447e+02     1.6781      2.873      4.166    26.7729 0.0000e+00
      2.941      0.056     7.7349     96.105    116.424 120.560167     0.6352 2.2243e+02     1.6205      2.883      4.181    26.7725 0.0000e+00
      2.954      0.054     7.7335     95.816    116.462 120.592608     0.6273 2.2334e+02     1.5994      2.897      4.202    26.7749 0.0000e+00
      2.969      0.053     7.7306     95.585    116.367 120.487136     0.6204 2.2033e+02     1.6280      2.912      4.222    26.7752 0.0000e+00
      2.983      0.054     7.7123     95.467    116.265 120.375993     0.6220 2.1635e+02     1.6231      2.925      4.243    26.7727 0.0000e+00
      2.997      0.059     7.6863     95.446    116.235 120.339886     0.6291 2.1678e+02     1.6094      2.939      4.263    26.7699 0.0000e+00
      3.009      0.069     7.6636     95.463    116.226 120.323330     0.6364 2.1864e+02     1.6335      2.951      4.279    26.7668 0.0000e+00
      3.022      0.082     7.6419     95.471    116.224 120.312183     0.6414 2.1689e+02     1.6403      2.961      4.294    26.7638 0.0000e+00
      3.042      0.092     7.6346     95.448    116.260 120.341473     0.6456 2.1214e+02     1.6233      2.980      4.321    26.7619 0.0000e+00
      3.072      0.097     7.6348     95.390    116.328 120.404688     0.6438 2.0767e+02     1.6338      3.010      4.365    26.7593 0.0000e+00
      3.107      0.095     7.6383     95.363    116.321 120.394575     0.6369 2.0474e+02     1.6296      3.047      4.420    26.7565 0.0000e+00
      3.141      0.087     7.6394     95.463    116.284 120.355580     0.6319 2.0163e+02     1.6061      3.085      4.475    26.7528 0.0000e+00
      3.164      0.076     7.6389     95.663    116.271 120.342353     0.6357 1.9959e+02     1.6254      3.107      4.507    26.7481 0.0000e+00
      3.174      0.066     7.6336     95.901    116.298 120.371034     0.6389 2.0085e+02     1.6565      3.113      4.516    26.7452 0.0000e+00
      3.179      0.060     7.6256     96.112    116.356 120.429591     0.6366 2.0067e+02     1.6394      3.115      4.518    26.7441 0.0000e+00
      3.187      0.061     7.6369     96.179    116.301 120.368416     0.6418 1.9841e+02     1.6243      3.122      4.528    26.7440 0.0000e+00
      3.202      0.066     7.6545     96.044    116.186 120.245107     0.6325 1.9731e+02     1.6448      3.138      4.552    26.7442 0.0000e+00
      3.226      0.073     7.6740     95.805    116.180 120.234325     0.6028 1.9453e+02     1.6470      3.164      4.589    26.7450 0.0000e+00
      3.251      0.078     7.6957     95.610    116.252 120.306239     0.5862 1.9050e+02     1.6170      3.190      4.625    26.7445 0.0000e+00
      3.274      0.078     7.7038     95.525    116.312 120.364486     0.5789 1.8819e+02     1.5915      3.212      4.658    26.7422 0.0000e+00
      3.294      0.074     7.6896     95.539    116.344 120.393034     0.5747 1.8648e+02     1.6474      3.233      4.690    26.7401 0.0000e+00
      3.309      0.068     7.6653     95.632    116.334 120.378632     0.5797 1.8549e+02     1.7772      3.246      4.708    26.7381 0.0000e+00
      3.323      0.062     7.6484     95.791    116.286 120.326724     0.5781 1.8466e+02     1.8566      3.257      4.724    26.7370 0.0000e+00
      3.340      0.054     7.6428     95.981    116.270 120.310967     0.5726 1.8236e+02     1.8521      3.275      4.751    26.7364 0.0000e+00
      3.357      0.048     7.6447     96.129    116.282 120.324496     0.5740 1.7976e+02     1.8265      3.294      4.778    26.7338 0.0000e+00
      3.370      0.044     7.6526     96.153    116.308 120.353926     0.5774 1.7857e+02     1.8212      3.308      4.797    26.7311 0.0000e+00
      3.377      0.042     7.6662     96.024    116.346 120.394029     0.5794 1.7922e+02     1.8572      3.313      4.805    26.7306 0.0000e+00
      3.382      0.041     7.6837     95.813    116.355 120.400216     0.5721 1.7807e+02     1.8836      3.314      4.807    26.7309 0.0000e+00
      3.389      0.040     7.6979     95.641    116.385 120.428732     0.5587 1.7356e+02     1.7970      3.321      4.817    26.7319 0.0000e+00
      3.403      0.041     7.7011     95.583    116.421 120.466033     0.5558 1.7236e+02     1.6687      3.338      4.839    26.7332 0.0000e+00
      3.419      0.045     7.6885     95.656    116.400 120.442048     0.5638 1.7533e+02     1.6372      3.356      4.866    26.7335 0.0000e+00
      3.431      0.051     7.6671     95.804    116.379 120.411504     0.5678 1.7531e+02     1.6565      3.366      4.882    26.7321 0.0000e+00
      3.439      0.058     7.6521     95.919    116.353 120.369487     0.5690 1.7167e+02     1.7641      3.371      4.889    26.7310 0.0000e+00
      3.451      0.065     7.6463     95.895    116.343 120.343158     0.5699 1.6922e+02     1.9775      3.382      4.905    26.7308 0.0000e+00
      3.468      0.073     7.6544     95.753    116.378 120.365906     0.5703 1.6898e+02     2.1077      3.400      4.932    26.7303 0.0000e+00
      3.491      0.080     7.6696     95.631    116.396 120.371734     0.5741 1.6728e+02     2.1366      3.422      4.964    26.7275 0.0000e+00
      3.517      0.083     7.6838     95.597    116.448 120.413605     0.5727 1.6255e+02     2.0876      3.448      5.001    26.7198 0.0000e+00
      3.542      0.079     7.6831     95.629    116.503 120.462981     0.5709 1.5904e+02     1.9615      3.474      5.038    26.7122 0.0000e+00
      3.565      0.070     7.6659     95.712    116.469 120.423182     0.5774 1.5834e+02     1.8814      3.497      5.072    26.7066 0.0000e+00
