Data/DataNotYetUploadedToEDI/Raw_CTD/RawDownloads/081419_fcr50_1500.cnv
* Sea-Bird SBE19plus  Data File:
* FileName = C:\DATA\081519_fcr50_0000_0001.hex
* Software version 2.8.0.119 SB_Terminal.dll
* Temperature SN = 7809
* Conductivity SN = 7809
* System UpLoad Time = Aug 15 2019 01:05:53
* <ApplicationData>
* <Seaterm232>
# nquan = 16
# nvalues = 701                         
# units = specified
# name 0 = depFM: Depth [fresh water, m]
# name 1 = dz/dtM: Descent Rate [m/s]
# name 2 = sbeox0Mg/L: Oxygen, SBE 43 [mg/l]
# name 3 = sbeox0PS: Oxygen, SBE 43 [% saturation]
# name 4 = specc: Specific Conductance [uS/cm]
# name 5 = c0uS/cm: Conductivity [uS/cm]
# name 6 = flECO-AFL: Fluorescence, WET Labs ECO-AFL/FL [mg/m^3]
# name 7 = ph: pH
# name 8 = orp: Oxidation Reduction Potential [mV]
# name 9 = par/sat/log: PAR/Logarithmic, Satlantic
# name 10 = turbWETntu0: Turbidity, WET Labs ECO [NTU]
# name 11 = prdM: Pressure, Strain Gauge [db]
# name 12 = prdE: Pressure, Strain Gauge [psi]
# name 13 = tv290C: Temperature [ITS-90, deg C]
# name 14 = density00: Density [density, kg/m^3]
# name 15 = flag:  0.000e+00
# span 0 =     -0.627,      9.610       
# span 1 =     -0.366,      0.292       
# span 2 =     0.1731,    11.3441       
# span 3 =      1.622,    142.455       
# span 4 =      0.917,     69.041       
# span 5 =   1.018065,  53.360324       
# span 6 =    -0.1091,     9.5570       
# span 7 =      6.846,      9.399       
# span 8 =  -873.1131,   834.2145       
# span 9 = 1.2336e-01, 3.3560e+02       
# span 10 =    -0.6013,    45.3643      
# span 11 =     -0.617,      9.425      
# span 12 =     -0.896,     13.669      
# span 13 =    11.7846,    30.5540      
# span 14 =   995.4813,   999.5873      
# span 15 = 0.0000e+00, 0.0000e+00      
# interval = seconds: 0.25
# start_time = Aug 14 2019 15:01:52 [Instrument's time stamp, header]
# bad_flag = -9.990e-29
*END*
[from data line 181]
      0.336 6.3334e-07     8.3346    105.812     37.455  39.446326     3.3652      8.754   216.8288 1.2617e+02     4.0036      0.329      0.477    28.5736   996.0912 0.0000e+00
      0.336      0.000     9.2745    117.547     37.538  39.458027     3.3721      8.753   216.9005 1.2709e+02     3.9770      0.329      0.478    28.4351   996.1312 0.0000e+00
      0.336      0.000    10.0863    127.713     37.578  39.457007     3.3738      8.752   216.7131 1.2862e+02     4.0031      0.329      0.477    28.0837   996.2319 0.0000e+00
      0.336      0.001    10.6976    135.377     37.580  39.433932     3.3855      8.752   216.5418 1.2855e+02     4.1218      0.329      0.478    27.7852   996.3167 0.0000e+00
      0.337      0.001    11.0867    140.257     37.592  39.432903     3.4007      8.751   216.5498 1.2606e+02     4.2003      0.330      0.479    27.6261   996.3614 0.0000e+00
      0.337      0.001    11.2623    142.455     37.610  39.444550     3.4187      8.751   216.5519 1.2615e+02     4.2306      0.330      0.479    27.5362   996.3867 0.0000e+00
      0.337      0.001    11.2484    142.271     37.615  39.447775     3.4647      8.751   216.5672 1.2647e+02     4.2264      0.330      0.479    27.4868   996.4005 0.0000e+00
      0.337      0.001    11.1111    140.532     37.640  39.471898     3.5147      8.751   216.6482 1.2519e+02     4.2152      0.330      0.479    27.4545   996.4096 0.0000e+00
      0.337      0.001    10.9294    138.228     37.651  39.482296     3.5297      8.750   216.6721 1.2459e+02     4.1932      0.331      0.480    27.4393   996.4138 0.0000e+00
      0.338      0.001    10.7536    135.994     37.619  39.446526     3.5325      8.750   216.5971 1.2504e+02     4.1571      0.332      0.481    27.4303   996.4162 0.0000e+00
      0.338      0.001    10.6074    134.132     37.598  39.420294     3.5488      8.750   216.5166 1.2695e+02     4.1069      0.331      0.481    27.4284   996.4168 0.0000e+00
      0.338      0.001    10.4939    132.681     37.602  39.419045     3.5617      8.750   216.3862 1.2728e+02     4.0120      0.331      0.481    27.4279   996.4169 0.0000e+00
      0.338      0.001    10.4074    131.566     37.621  39.431410     3.5583      8.750   216.4837 1.2521e+02     3.9280      0.331      0.480    27.4264   996.4174 0.0000e+00
      0.338      0.001    10.3479    130.794     37.638  39.442830     3.5426      8.750   216.8345 1.2495e+02     3.9093      0.331      0.480    27.4220   996.4185 0.0000e+00
      0.339      0.001    10.3132    130.342     37.629  39.430141     3.5283      8.749   216.9278 1.2625e+02     4.0157      0.332      0.482    27.4169   996.4200 0.0000e+00
      0.339      0.002    10.2945    130.096     37.608  39.404950     3.5325      8.749   216.7515 1.2581e+02     4.1660      0.332      0.482    27.4101   996.4219 0.0000e+00
      0.339      0.002    10.2847    129.957     37.601  39.392160     3.5425      8.748   216.5098 1.2518e+02     4.1858      0.332      0.482    27.3996   996.4248 0.0000e+00
      0.340      0.002    10.2780    129.852     37.617  39.402454     3.5447      8.747   216.5003 1.2525e+02     4.1565      0.333      0.483    27.3901   996.4276 0.0000e+00
      0.340      0.001    10.2701    129.741     37.621  39.402445     3.5417      8.746   216.7232 1.2499e+02     4.1726      0.334      0.484    27.3853   996.4288 0.0000e+00
      0.340      0.001    10.2623    129.638     37.612  39.392049     3.5414      8.745   216.7961 1.2493e+02     4.1834      0.334      0.484    27.3838   996.4293 0.0000e+00
      0.341      0.001    10.2564    129.564     37.623  39.403704     3.5577      8.745   216.7791 1.2476e+02     4.1885      0.334      0.485    27.3758   996.4315 0.0000e+00
      0.341      0.001    10.2520    129.516     37.633  39.416407     3.5647      8.744   216.6900 1.2465e+02     4.2019      0.334      0.485    27.3643   996.4346 0.0000e+00
      0.340      0.001    10.2503    129.513     37.630  39.418686     3.5402      8.743   216.4926 1.2505e+02     4.1820      0.334      0.484    27.3601   996.4358 0.0000e+00
      0.340      0.001    10.2516    129.553     37.634  39.431266     3.4867      8.742   216.3712 1.2480e+02     4.0785      0.334      0.484    27.3602   996.4358 0.0000e+00
      0.341      0.002    10.2540    129.598     37.639  39.441568     3.4207      8.741   216.3402 1.2370e+02     3.9672      0.334      0.486    27.3587   996.4362 0.0000e+00
      0.341      0.005    10.2607    129.669     37.619  39.416291     3.3833      8.737   216.2905 1.2389e+02     3.9506      0.336      0.488    27.3610   996.4355 0.0000e+00
      0.340      0.009    10.2735    129.786     37.598  39.379571     3.3730      8.730   216.2011 1.2595e+02     3.9755      0.333      0.483    27.3697   996.4332 0.0000e+00
      0.342      0.011    10.2865    129.894     37.615  39.378438     3.3651      8.723   216.2059 1.2576e+02     4.0385      0.333      0.483    27.3822   996.4296 0.0000e+00
      0.348      0.012    10.2941    129.942     37.653  39.402563     3.3577      8.717   216.1757 1.2252e+02     4.1561      0.341      0.495    27.3932   996.4266 0.0000e+00
      0.354      0.012    10.2971    129.951     37.676  39.417322     3.3529      8.712   216.0080 1.2045e+02     4.2173      0.348      0.505    27.3873   996.4284 0.0000e+00
      0.358      0.011    10.3001    129.976     37.691  39.429903     3.3590      8.708   215.8990 1.2100e+02     4.2208      0.352      0.510    27.3653   996.4345 0.0000e+00
      0.359      0.008    10.3029    130.007     37.691  39.427717     3.3966      8.706   215.8043 1.2190e+02     4.1989      0.352      0.511    27.3365   996.4425 0.0000e+00
      0.359      0.005    10.3043    130.022     37.656  39.390897     3.4526      8.705   215.8092 1.2084e+02     4.1490      0.352      0.510    27.3139   996.4487 0.0000e+00
      0.360      0.003    10.3020    129.997     37.630  39.365589     3.4808      8.704   215.8719 1.1986e+02     4.1420      0.353      0.512    27.3021   996.4521 0.0000e+00
      0.360      0.000    10.2938    129.910     37.635  39.375645     3.4863      8.704   215.7024 1.1961e+02     4.1796      0.353      0.513    27.2981   996.4532 0.0000e+00
      0.361     -0.001    10.2855    129.822     37.640  39.385537     3.4763      8.705   215.5665 1.2003e+02     4.1450      0.353      0.513    27.2991   996.4528 0.0000e+00
      0.361      0.002    10.2861    129.835     37.612  39.358241     3.4453      8.704   215.6911 1.2098e+02     4.0186      0.355      0.515    27.2955   996.4539 0.0000e+00
      0.360      0.008    10.2964    129.940     37.563  39.299534     3.4234      8.696   215.8328 1.2156e+02     3.9631      0.355      0.515    27.2961   996.4537 0.0000e+00
      0.357      0.018    10.3075    130.010     37.535  39.247029     3.4199      8.685   215.9028 1.2261e+02     3.9972      0.349      0.506    27.3052   996.4512 0.0000e+00
      0.358      0.029    10.3154    130.002     37.553  39.231208     3.4206      8.671   215.9358 1.2146e+02     4.0052      0.346      0.502    27.3138   996.4488 0.0000e+00
      0.370      0.040    10.3253    130.007     37.594  39.235146     3.4664      8.656   215.8873 1.1846e+02     4.0920      0.362      0.524    27.3196   996.4472 0.0000e+00
      0.386      0.048    10.3380    130.066     37.622  39.231097     3.5583      8.646   215.8335 1.1576e+02     4.2925      0.380      0.551    27.3123   996.4494 0.0000e+00
      0.405      0.049    10.3503    130.153     37.657  39.245681     3.6032      8.638   215.7150 1.1265e+02     4.3980      0.396      0.573    27.2799   996.4584 0.0000e+00
      0.423      0.039    10.3618    130.271     37.702  39.284488     3.6016      8.636   215.4005 1.1063e+02     4.3850      0.418      0.605    27.2298   996.4723 0.0000e+00
      0.437      0.015    10.3719    130.421     37.728  39.319412     3.6167      8.642   214.9569 1.0962e+02     4.2668      0.431      0.624    27.1730   996.4882 0.0000e+00
      0.443     -0.020    10.3822    130.622     37.736  39.350555     3.6474      8.649   214.3951 1.0951e+02     4.0507      0.436      0.631    27.1261   996.5012 0.0000e+00
      0.439     -0.060    10.3942    130.886     37.755  39.407151     3.6614      8.654   213.8566 1.1148e+02     3.9347      0.438      0.635    27.0981   996.5089 0.0000e+00
      0.419     -0.095    10.4069    131.216     37.788  39.495924     3.6554      8.654   213.6931 1.1631e+02     3.9455      0.417      0.605    27.0841   996.5127 0.0000e+00
      0.382     -0.115    10.4188    131.592     37.756  39.535258     3.5844      8.647   213.7954 1.2506e+02     3.9514      0.377      0.548    27.0938   996.5099 0.0000e+00
      0.332     -0.113    10.4259    131.880     37.663  39.501977     3.4527      8.639   213.7171 1.3552e+02     3.9404      0.329      0.477    27.1288   996.4999 0.0000e+00
      0.279     -0.094    10.4214    131.905     37.612  39.474512     3.3812      8.636   213.6067 1.4287e+02     3.9440      0.266      0.386    27.1732   996.4873 0.0000e+00
      0.245     -0.063    10.4001    131.615     37.601  39.457147     3.3702      8.636   213.7512 1.4421e+02     3.9623      0.223      0.324    27.2402   996.4687 0.0000e+00
      0.246     -0.024    10.3641    131.113     37.580  39.418961     3.3804      8.636   213.9152 1.4098e+02     4.0298      0.236      0.342    27.3528   996.4376 0.0000e+00
      0.265      0.012    10.3272    130.586     37.574  39.393667     3.4095      8.638   213.8694 1.3764e+02     4.1380      0.264      0.383    27.4588   996.4081 0.0000e+00
      0.280      0.037    10.2988    130.151     37.609  39.405212     3.4265      8.642   213.7125 1.3531e+02     4.1892      0.274      0.398    27.4875   996.4000 0.0000e+00
      0.294      0.045    10.2738    129.778     37.652  39.431541     3.4387      8.646   213.6538 1.3149e+02     4.1897      0.287      0.416    27.4605   996.4076 0.0000e+00
      0.310      0.040    10.2484    129.435     37.684  39.458057     3.4712      8.650   213.6756 1.2850e+02     4.1770      0.308      0.445    27.4414   996.4131 0.0000e+00
      0.320      0.030    10.2309    129.216     37.697  39.471895     3.5155      8.653   213.7181 1.2847e+02     4.1675      0.318      0.460    27.4204   996.4189 0.0000e+00
      0.324      0.022    10.2304    129.220     37.693  39.471894     3.5403      8.656   213.8233 1.2855e+02     4.1724      0.318      0.461    27.3772   996.4311 0.0000e+00
      0.325      0.014    10.2426    129.382     37.677  39.458044     3.5456      8.658   213.8295 1.2808e+02     4.1709      0.319      0.462    27.3512   996.4383 0.0000e+00
      0.326      0.008    10.2603    129.601     37.654  39.431404     3.5452      8.661   213.6202 1.2863e+02     4.1827      0.320      0.464    27.3451   996.4399 0.0000e+00
      0.328      0.005    10.2791    129.815     37.634  39.403717     3.5523      8.662   213.4443 1.2890e+02     4.1834      0.321      0.466    27.3463   996.4396 0.0000e+00
      0.329      0.005    10.2949    129.971     37.623  39.377183     3.5795      8.662   213.4234 1.2876e+02     4.1797      0.323      0.469    27.3539   996.4375 0.0000e+00
      0.329      0.005    10.3063    130.055     37.629  39.364480     3.6055      8.663   213.5396 1.3009e+02     4.2031      0.323      0.469    27.3592   996.4361 0.0000e+00
      0.330      0.005    10.3115    130.065     37.658  39.377053     3.6148      8.664   213.7309 1.2975e+02     4.2033      0.322      0.467    27.3577   996.4365 0.0000e+00
      0.332      0.005    10.3107    130.038     37.688  39.402216     3.6484      8.665   213.4988 1.2805e+02     4.1827      0.326      0.472    27.3469   996.4395 0.0000e+00
      0.334      0.004    10.3097    130.045     37.693  39.414805     3.7262      8.666   212.9708 1.2831e+02     4.1837      0.329      0.477    27.3296   996.4443 0.0000e+00
      0.336      0.004    10.3123    130.107     37.672  39.402305     3.7846      8.667   212.7683 1.2872e+02     4.2161      0.329      0.477    27.2997   996.4526 0.0000e+00
      0.336      0.004    10.3155    130.167     37.643  39.378057     3.7993      8.669   212.7704 1.2811e+02     4.2465      0.330      0.479    27.2681   996.4613 0.0000e+00
      0.336      0.003    10.3173    130.190     37.640  39.375559     3.8086      8.669   212.8239 1.2784e+02     4.2233      0.330      0.478    27.2620   996.4631 0.0000e+00
      0.336      0.003    10.3208    130.210     37.645  39.372109     3.8279      8.671   212.8134 1.2780e+02     4.1653      0.329      0.477    27.2768   996.4590 0.0000e+00
      0.337      0.003    10.3256    130.225     37.625  39.336333     3.8409      8.673   212.5565 1.2800e+02     4.1344      0.330      0.479    27.2921   996.4548 0.0000e+00
      0.339      0.003    10.3274    130.202     37.626  39.323848     3.8451      8.673   212.2996 1.2815e+02     4.1770      0.333      0.482    27.3007   996.4524 0.0000e+00
      0.340      0.003    10.3294    130.212     37.654  39.348086     3.8784      8.674   212.2016 1.2735e+02     4.2877      0.334      0.484    27.3011   996.4522 0.0000e+00
      0.341      0.003    10.3367    130.323     37.675  39.375463     3.9317      8.674   212.1469 1.2687e+02     4.3913      0.334      0.484    27.2926   996.4546 0.0000e+00
      0.342      0.003    10.3467    130.488     37.687  39.400946     3.9516      8.674   212.1545 1.2637e+02     4.4137      0.335      0.486    27.2688   996.4612 0.0000e+00
      0.342      0.002    10.3568    130.658     37.676  39.402306     3.9546      8.675   212.4650 1.2604e+02     4.3949      0.335      0.487    27.2427   996.4684 0.0000e+00
      0.342      0.001    10.3670    130.815     37.657  39.391929     3.9680      8.677   212.9760 1.2709e+02     4.3599      0.336      0.487    27.2369   996.4701 0.0000e+00
      0.342      0.001    10.3740    130.916     37.663  39.402451     3.9833      8.678   213.1710 1.2727e+02     4.2858      0.335      0.487    27.2480   996.4671 0.0000e+00
      0.342      0.001    10.3750    130.932     37.662  39.402576     3.9922      8.679   212.9297 1.2547e+02     4.2199      0.336      0.488    27.2664   996.4619 0.0000e+00
      0.342      0.002    10.3706    130.881     37.652  39.393428     3.9797      8.679   212.6393 1.2434e+02     4.1864      0.336      0.487    27.2877   996.4560 0.0000e+00
      0.343      0.002    10.3601    130.757     37.674  39.418809     3.9630      8.680   213.1017 1.2499e+02     4.1753      0.336      0.487    27.3011   996.4522 0.0000e+00
      0.344      0.002    10.3428    130.548     37.706  39.455542     3.9803      8.681   214.2184 1.2571e+02     4.1842      0.337      0.489    27.3040   996.4514 0.0000e+00
      0.345      0.002    10.3226    130.303     37.703  39.456686     4.0159      8.682   214.8704 1.2630e+02     4.1954      0.337      0.489    27.3047   996.4513 0.0000e+00
      0.346      0.002    10.3070    130.112     37.678  39.432646     4.0293      8.682   214.7042 1.2635e+02     4.1794      0.339      0.491    27.3055   996.4511 0.0000e+00
      0.346      0.002    10.3001    130.018     37.668  39.418806     4.0301      8.682   214.1877 1.2608e+02     4.1544      0.340      0.493    27.3095   996.4499 0.0000e+00
      0.346      0.002    10.3009    130.013     37.670  39.416300     4.0601      8.682   214.1309 1.2577e+02     4.1550      0.339      0.492    27.3131   996.4489 0.0000e+00
      0.346      0.001    10.3071    130.078     37.661  39.402337     4.1150      8.681   214.6204 1.2529e+02     4.1876      0.339      0.492    27.3178   996.4476 0.0000e+00
      0.347      0.001    10.3172    130.187     37.642  39.376938     4.1471      8.681   215.0301 1.2598e+02     4.2206      0.340      0.493    27.3243   996.4458 0.0000e+00
      0.348      0.001    10.3287    130.305     37.637  39.363108     4.1532      8.681   215.2130 1.2615e+02     4.2267      0.341      0.494    27.3185   996.4474 0.0000e+00
