Data/DataNotYetUploadedToEDI/Raw_CTD/RawDownloads/081424_ccr88_S8188002.cnv
* Sea-Bird SBE19plus  Data File:
* FileName = C:\R\Reservoirs\Data\DataNotYetUploadedToEDI\Raw_CTD\RawDownloads\081424_ccr50_S8188_0002.hex
* Software version 2.8.0.119
* Temperature SN = 8188
* Conductivity SN = 8188
* System UpLoad Time = Aug 16 2024 10:36:54
* <ApplicationData>
* <Seaterm232>
# nquan = 13
# nvalues = 2070                        
# units = specified
# name 0 = depFM: Depth [fresh water, m]
# name 1 = dz/dtM: Descent Rate [m/s]
# name 2 = sbeox0Mg/L: Oxygen, SBE 43 [mg/l]
# name 3 = sbeox0PS: Oxygen, SBE 43 [% saturation]
# name 4 = specc: Specific Conductance [uS/cm]
# name 5 = c0uS/cm: Conductivity [uS/cm]
# name 6 = flECO-AFL: Fluorescence, WET Labs ECO-AFL/FL [mg/m^3]
# name 7 = par/sat/log: PAR/Logarithmic, Satlantic
# name 8 = turbWETntu0: Turbidity, WET Labs ECO [NTU]
# name 9 = prdM: Pressure, Strain Gauge [db]
# name 10 = prdE: Pressure, Strain Gauge [psi]
# name 11 = tv290C: Temperature [ITS-90, deg C]
# name 12 = flag:  0.000e+00
# span 0 =     -0.443,     10.532       
# span 1 =     -0.288,      0.212       
# span 2 =     2.3676,    10.2192       
# span 3 =     24.723,    126.647       
# span 4 =  -1609.494,    126.775       
# span 5 = -1.227e+03, 121.877772       
# span 6 =    -2.9304,    11.8378       
# span 7 = 2.7668e-01, 2.3061e+03       
# span 8 =    -9.9188,   704.4176       
# span 9 =     -0.436,     10.329       
# span 10 =     -0.633,     14.981      
# span 11 =    12.8661,    26.8869      
# span 12 = 0.0000e+00, 0.0000e+00      
# interval = seconds: 0.25
# start_time = Aug 14 2024 09:51:09 [Instrument's time stamp, header]
# bad_flag = -9.990e-29
*END*
[from data line 1778]
      1.947     -0.138     8.1130    101.323    116.769 121.041661     0.4631 3.1123e+02     1.1612      1.914      2.776    26.8407 0.0000e+00
      1.897     -0.158     8.1277    101.189    116.769 121.035076     0.4410 3.1763e+02     0.9635      1.858      2.695    26.8357 0.0000e+00
      1.851     -0.174     8.1322    101.129    116.829 121.094438     0.4260 3.3165e+02     0.6308      1.810      2.626    26.8296 0.0000e+00
      1.812     -0.188     8.1095    101.164    116.939 121.213853     0.4205 3.4270e+02     0.4690      1.779      2.579    26.8250 0.0000e+00
      1.772     -0.200     8.0950    101.180    117.032 121.319603     0.4175 3.4044e+02     0.4491      1.743      2.528    26.8232 0.0000e+00
      1.720     -0.210     8.0858    101.133    117.056 121.350132     0.4159 3.4349e+02     0.3908      1.690      2.451    26.8201 0.0000e+00
      1.658     -0.210     8.0764    101.109    116.951 121.242012     0.4103 3.5963e+02     0.2786      1.628      2.361    26.8172 0.0000e+00
      1.592     -0.194     8.0868    101.199    116.883 121.171665     0.4018 3.6254e+02     0.2259      1.562      2.266    26.8204 0.0000e+00
      1.527     -0.159     8.0874    101.350    116.955 121.249715     0.3992 3.4537e+02     0.2337      1.496      2.169    26.8263 0.0000e+00
      1.474     -0.112     8.0801    101.429    116.997 121.299173     0.3879 3.4732e+02     0.2357      1.435      2.081    26.8291 0.0000e+00
      1.452     -0.062     8.0751    101.502    116.987 121.292303     0.3601 3.7660e+02     0.2155      1.408      2.042    26.8284 0.0000e+00
      1.463     -0.017     8.0820    101.637    116.929 121.234842     0.3411 3.8529e+02     0.1963      1.434      2.079    26.8272 0.0000e+00
      1.487      0.014     8.1041    101.744    116.842 121.149977     0.3400 3.6749e+02     0.2091      1.463      2.121    26.8292 0.0000e+00
      1.503      0.029     8.1030    101.745    116.905 121.220959     0.3385 3.7310e+02     0.2328      1.476      2.141    26.8330 0.0000e+00
      1.512      0.027     8.1058    101.680    117.018 121.342940     0.3399 3.9595e+02     0.2430      1.486      2.155    26.8338 0.0000e+00
      1.514      0.017     8.1218    101.675    116.999 121.329123     0.3478 3.9803e+02     0.1953      1.486      2.155    26.8341 0.0000e+00
      1.512      0.007     8.1313    101.692    116.926 121.258494     0.3476 3.8051e+02     0.1363      1.482      2.151    26.8370 0.0000e+00
      1.510      0.002     8.1321    101.616    116.903 121.239139     0.3457 3.8065e+02     0.1478      1.481      2.148    26.8396 0.0000e+00
      1.509      0.001     8.1181    101.444    116.893 121.231507     0.3515 4.0003e+02     0.1963      1.479      2.146    26.8416 0.0000e+00
      1.509      0.002     8.1206    101.272    116.830 121.166221     0.3569 4.0386e+02     0.2083      1.480      2.145    26.8440 0.0000e+00
      1.511      0.003     8.1271    101.272    116.796 121.131727     0.3595 3.9319e+02     0.1900      1.482      2.149    26.8465 0.0000e+00
      1.515      0.004     8.1188    101.434    116.885 121.223614     0.3570 4.3122e+02     0.1807      1.486      2.156    26.8488 0.0000e+00
      1.517      0.005     8.1039    101.474    116.916 121.254277     0.3427 4.8850e+02     0.1648      1.489      2.160    26.8497 0.0000e+00
      1.515      0.006     8.0832    101.348    116.827 121.161489     0.3347 4.4662e+02     0.1692      1.485      2.154    26.8494 0.0000e+00
      1.513      0.006     8.0797    101.228    116.791 121.124657     0.3468 4.0601e+02     0.1994      1.482      2.149    26.8493 0.0000e+00
      1.516      0.003     8.1089    101.186    116.813 121.149937     0.3594 4.5412e+02     0.1871      1.484      2.153    26.8498 0.0000e+00
      1.522     -0.006     8.1118    101.182    116.854 121.194363     0.3654 4.7387e+02     0.1576      1.492      2.166    26.8492 0.0000e+00
      1.526     -0.026     8.0920    101.078    116.911 121.252636     0.3756 4.9689e+02     0.1860      1.498      2.173    26.8483 0.0000e+00
      1.525     -0.056     8.0848    100.937    116.906 121.240747     0.3875 5.5834e+02     0.2211      1.496      2.170    26.8490 0.0000e+00
      1.515     -0.092     8.0771    100.929    116.798 121.118804     0.3961 5.5371e+02     0.2049      1.493      2.164    26.8501 0.0000e+00
      1.487     -0.127     8.0881    101.069    116.767 121.073953     0.3935 6.0938e+02     0.2984      1.470      2.132    26.8513 0.0000e+00
      1.435     -0.161     8.0744    101.179    116.875 121.175811     0.3732 6.7418e+02     0.5283      1.410      2.044    26.8511 0.0000e+00
      1.378     -0.192     8.0570    101.181    116.960 121.259224     0.3507 5.5325e+02     0.6494      1.345      1.950    26.8481 0.0000e+00
      1.328     -0.219     8.0570    101.258    116.964 121.264144     0.3378 5.1174e+02     0.6648      1.302      1.889    26.8435 0.0000e+00
      1.279     -0.238     8.0740    101.402    116.936 121.235307     0.3387 5.8579e+02     0.5763      1.260      1.827    26.8376 0.0000e+00
      1.217     -0.248     8.0933    101.564    116.888 121.183357     0.3449 6.1064e+02     0.3348      1.199      1.740    26.8319 0.0000e+00
      1.144     -0.251     8.0760    101.680    116.888 121.181581     0.3424 6.3229e+02     0.1831      1.122      1.628    26.8304 0.0000e+00
      1.068     -0.247     8.0906    101.665    116.918 121.213838     0.3435 7.0114e+02     0.1488      1.046      1.517    26.8327 0.0000e+00
      0.997     -0.230     8.1011    101.599    116.868 121.164208     0.3405 8.1664e+02     0.1267      0.977      1.416    26.8327 0.0000e+00
      0.936     -0.197     8.1134    101.452    116.826 121.127070     0.3153 7.5149e+02     0.1558      0.911      1.321    26.8302 0.0000e+00
      0.889     -0.155     8.1334    101.235    116.862 121.173993     0.2907 5.7327e+02     0.1913      0.867      1.258    26.8296 0.0000e+00
      0.854     -0.111     8.1196    101.119    116.865 121.185999     0.2847 7.4986e+02     0.2128      0.833      1.209    26.8302 0.0000e+00
      0.833     -0.071     8.1222    101.215    116.807 121.135862     0.2786 1.0136e+03     0.2443      0.808      1.171    26.8311 0.0000e+00
      0.830     -0.039     8.1083    101.435    116.773 121.113367     0.2599 8.6716e+02     0.2640      0.813      1.178    26.8341 0.0000e+00
      0.834     -0.019     8.0845    101.640    116.833 121.186819     0.2408 7.4798e+02     0.2455      0.820      1.190    26.8389 0.0000e+00
      0.835     -0.009     8.0697    101.796    116.911 121.273824     0.2291 8.1244e+02     0.1916      0.818      1.188    26.8422 0.0000e+00
      0.835     -0.007     8.0805    101.876    116.913 121.278798     0.2398 7.8793e+02     0.1951      0.819      1.188    26.8459 0.0000e+00
      0.833     -0.011     8.1044    101.832    116.945 121.315159     0.2749 7.0662e+02     0.2881      0.819      1.188    26.8521 0.0000e+00
      0.828     -0.015     8.1165    101.588    116.999 121.372494     0.2977 6.0372e+02     0.3548      0.813      1.180    26.8574 0.0000e+00
      0.820     -0.019     8.1329    101.236    116.985 121.358268     0.2994 7.7801e+02     0.3840      0.804      1.166    26.8594 0.0000e+00
      0.814     -0.021     8.1363    100.953    116.975 121.347748     0.2951 1.0154e+03     0.4008      0.797      1.156    26.8606 0.0000e+00
      0.810     -0.021     8.1405    100.848    117.007 121.381687     0.2887 8.6901e+02     0.3853      0.795      1.153    26.8624 0.0000e+00
      0.805     -0.017     8.1151    100.892    116.987 121.359446     0.2912 6.7893e+02     0.3683      0.791      1.147    26.8630 0.0000e+00
      0.799     -0.010     8.0814    100.974    116.914 121.283416     0.3002 6.1033e+02     0.3682      0.783      1.136    26.8628 0.0000e+00
      0.793     -0.001     8.0563    101.178    116.846 121.212579     0.3021 6.0257e+02     0.3499      0.776      1.126    26.8628 0.0000e+00
      0.792      0.008     8.0457    101.442    116.819 121.184919     0.2969 8.4387e+02     0.2844      0.774      1.122    26.8631 0.0000e+00
      0.797      0.015     8.0603    101.491    116.854 121.221756     0.2887 1.0791e+03     0.2283      0.780      1.131    26.8627 0.0000e+00
      0.807      0.017     8.0576    101.359    116.881 121.248799     0.2897 8.7588e+02     0.2201      0.791      1.147    26.8618 0.0000e+00
      0.819      0.017     8.0742    101.257    116.874 121.239110     0.3016 6.1484e+02     0.2882      0.805      1.166    26.8615 0.0000e+00
      0.825      0.013     8.1112    101.230    116.879 121.240991     0.3026 5.7745e+02     0.4004      0.813      1.178    26.8623 0.0000e+00
      0.824      0.006     8.1110    101.267    116.910 121.271538     0.2928 5.8611e+02     0.4434      0.810      1.175    26.8627 0.0000e+00
      0.819     -0.002     8.0894    101.259    116.971 121.335670     0.2871 7.4544e+02     0.4301      0.802      1.164    26.8621 0.0000e+00
      0.818     -0.007     8.0859    101.169    117.035 121.402638     0.2853 9.1869e+02     0.4114      0.800      1.161    26.8609 0.0000e+00
      0.818     -0.008     8.0798    101.129    116.967 121.331080     0.2885 8.1880e+02     0.4230      0.803      1.166    26.8591 0.0000e+00
      0.815     -0.005     8.0890    101.134    116.467 120.811460     0.2909 6.8472e+02     0.4340      0.801      1.161    26.8587 0.0000e+00
      0.810     -0.002     8.0913    101.106    111.244 115.392744     0.2880 6.2978e+02     0.3730      0.793      1.151    26.8595 0.0000e+00
      0.809      0.000     8.0752    101.118     53.493  55.472894     0.2888 5.4725e+02     0.3379      0.792      1.148    26.8599 0.0000e+00
      0.813      0.000     8.0735    101.164   -581.319-603.196630     0.2911 5.0262e+02     0.3867      0.798      1.157    26.8596 0.0000e+00
      0.816      0.000     8.0801    101.148  -1163.201 -1.207e+03     0.2898 5.6395e+02     0.4133      0.802      1.164    26.8584 0.0000e+00
      0.817      0.000     8.0721    101.168   -581.330-602.871206     0.2911 8.7084e+02     0.4188      0.801      1.163    26.8585 0.0000e+00
      0.816     -0.001     8.0715    101.336     53.470  55.462535     0.2981 1.0897e+03     0.4540      0.800      1.160    26.8600 0.0000e+00
      0.814     -0.003     8.0846    101.541    111.160 115.306679     0.3041 9.1997e+02     0.4615      0.799      1.158    26.8606 0.0000e+00
      0.813     -0.003     8.0774    101.605    116.342 120.685634     0.3041 7.4503e+02     0.4405      0.798      1.157    26.8601 0.0000e+00
      0.810     -0.001     8.0741    101.583    116.816 121.180953     0.2974 6.8912e+02     0.4054      0.794      1.152    26.8589 0.0000e+00
      0.809      0.001     8.0893    101.540    116.923 121.295539     0.3019 7.1276e+02     0.3121      0.792      1.149    26.8579 0.0000e+00
      0.811      0.001     8.1174    101.439    116.946 121.320935     0.3234 7.6912e+02     0.2058      0.794      1.151    26.8581 0.0000e+00
      0.814      0.000     8.1154    101.341    116.910 121.283432     0.3407 6.7040e+02     0.1497      0.799      1.158    26.8601 0.0000e+00
      0.816     -0.002     8.1102    101.252    116.945 121.319465     0.3461 5.8298e+02     0.1481      0.802      1.163    26.8623 0.0000e+00
      0.815     -0.010     8.1127    101.144    116.971 121.347429     0.3275 6.8191e+02     0.1875      0.800      1.162    26.8633 0.0000e+00
      0.811     -0.026     8.0980    101.079    116.906 121.280554     0.2981 7.7664e+02     0.2130      0.795      1.155    26.8642 0.0000e+00
      0.807     -0.055     8.0914    101.039    116.889 121.261059     0.2944 7.4992e+02     0.2170      0.792      1.148    26.8641 0.0000e+00
      0.801     -0.094     8.0878    101.012    116.949 121.316317     0.2999 7.9201e+02     0.2015      0.790      1.145    26.8637 0.0000e+00
      0.784     -0.138     8.0735    101.162    116.979 121.334897     0.2872 8.6474e+02     0.1625      0.779      1.130    26.8645 0.0000e+00
      0.742     -0.181     8.0699    101.488    116.941 121.281115     0.2622 7.1813e+02     0.1573      0.737      1.070    26.8651 0.0000e+00
      0.676     -0.219     8.0709    101.730    116.947 121.279794     0.2402 5.7268e+02     0.1728      0.665      0.965    26.8642 0.0000e+00
      0.601     -0.244     8.0596    101.763    116.983 121.318913     0.2289 5.1971e+02     0.1782      0.586      0.851    26.8614 0.0000e+00
      0.528     -0.248     8.0705    101.635    116.934 121.276733     0.2296 4.5886e+02     0.1890      0.517      0.749    26.8559 0.0000e+00
      0.458     -0.226     8.1115    101.456    116.899 121.247186     0.2314 4.8897e+02     0.1995      0.449      0.652    26.8487 0.0000e+00
      0.391     -0.188     8.1327    101.319    116.947 121.302657     0.2249 5.1717e+02     0.2029      0.379      0.550    26.8440 0.0000e+00
      0.341     -0.143     8.1331    101.249    116.971 121.333675     0.2197 5.3158e+02     0.1952      0.324      0.470    26.8458 0.0000e+00
      0.316     -0.100     8.1196    101.279    116.914 121.281252     0.2210 6.6375e+02     0.1749      0.302      0.437    26.8508 0.0000e+00
      0.311     -0.062     8.0999    101.375    116.909 121.282591     0.2225 7.7878e+02     0.1631      0.304      0.440    26.8536 0.0000e+00
      0.312     -0.032     8.0914    101.495    116.969 121.349876     0.2212 6.9655e+02     0.1896      0.308      0.447    26.8553 0.0000e+00
      0.309     -0.013     8.0813    101.622    116.961 121.344639     0.2228 5.9069e+02     0.2219      0.303      0.440    26.8584 0.0000e+00
      0.305     -0.004     8.0861    101.718    116.907 121.287467     0.2240 6.4739e+02     0.2107      0.298      0.432    26.8618 0.0000e+00
      0.303     -0.000     8.0950    101.755    116.896 121.272382     0.2182 7.0133e+02     0.1917      0.296      0.430    26.8641 0.0000e+00
      0.304      0.003     8.1030    101.697    116.921 121.298635     0.2139 6.5320e+02     0.1969      0.297      0.431    26.8665 0.0000e+00
      0.306      0.006     8.1158    101.543    116.950 121.332103     0.2155 8.4190e+02     0.2045      0.299      0.433    26.8680 0.0000e+00
      0.310      0.006     8.1227    101.366    116.949 121.336070     0.2209 1.1659e+03     0.2153      0.304      0.440    26.8671 0.0000e+00
      0.314      0.003     8.1284    101.269    116.890 121.278406     0.2174 1.3749e+03     0.2247      0.310      0.449    26.8652 0.0000e+00
      0.316     -0.003     8.1233    101.252    116.860 121.248658     0.2082 1.5005e+03     0.2156      0.312      0.453    26.8646 0.0000e+00
      0.315     -0.009     8.1097    101.284    116.927 121.317375     0.2226 1.5492e+03     0.2079      0.310      0.450    26.8670 0.0000e+00
      0.310     -0.015     8.0895    101.384    116.969 121.359109     0.2438 1.6331e+03     0.2012      0.305      0.442    26.8699 0.0000e+00
      0.303     -0.019     8.0830    101.509    116.892 121.275878     0.2396 1.4087e+03     0.1678      0.298      0.432    26.8710 0.0000e+00
      0.295     -0.018     8.0843    101.616    116.820 121.197577     0.2326 1.0037e+03     0.1476      0.290      0.421    26.8714 0.0000e+00
      0.288     -0.013     8.0829    101.662    116.789 121.162531     0.2370 9.1795e+02     0.1639      0.282      0.408    26.8714 0.0000e+00
      0.283     -0.006     8.0947    101.599    116.754 121.124906     0.2486 1.0930e+03     0.1587      0.276      0.399    26.8703 0.0000e+00
      0.283      0.002     8.1054    101.465    116.780 121.151834     0.2698 1.3195e+03     0.1530      0.275      0.400    26.8687 0.0000e+00
      0.288      0.009     8.1147    101.280    116.840 121.215337     0.2851 1.2052e+03     0.1985      0.282      0.410    26.8671 0.0000e+00
      0.294      0.015     8.1221    101.032    116.835 121.210752     0.2862 8.8396e+02     0.2285      0.290      0.420    26.8659 0.0000e+00
