Data/DataNotYetUploadedToEDI/Raw_CTD/RawDownloads/081423_bvr50_S7809001.cnv
* Sea-Bird SBE19plus  Data File:
* FileName = C:\R\Reservoirs\Data\DataNotYetUploadedToEDI\Raw_CTD\RawDownloads\081423_fcr50_S7809_0001.hex
* Software version 2.8.0.119
* Temperature SN = 7809
* Conductivity SN = 7809
* System UpLoad Time = Aug 30 2023 10:53:01
* <ApplicationData>
* <Seaterm232>
# nquan = 15
# nvalues = 1159                        
# units = specified
# name 0 = depFM: Depth [fresh water, m]
# name 1 = dz/dtM: Descent Rate [m/s]
# name 2 = sbeox0Mg/L: Oxygen, SBE 43 [mg/l]
# name 3 = sbeox0PS: Oxygen, SBE 43 [% saturation]
# name 4 = specc: Specific Conductance [uS/cm]
# name 5 = c0uS/cm: Conductivity [uS/cm]
# name 6 = flECO-AFL: Fluorescence, WET Labs ECO-AFL/FL [mg/m^3]
# name 7 = ph: pH
# name 8 = orp: Oxidation Reduction Potential [mV]
# name 9 = par/sat/log: PAR/Logarithmic, Satlantic
# name 10 = turbWETntu0: Turbidity, WET Labs ECO [NTU]
# name 11 = prdM: Pressure, Strain Gauge [db]
# name 12 = prdE: Pressure, Strain Gauge [psi]
# name 13 = tv290C: Temperature [ITS-90, deg C]
# name 14 = flag:  0.000e+00
# span 0 =     -0.741,      9.222       
# span 1 =     -0.298,      0.268       
# span 2 =     0.0944,     8.9778       
# span 3 =      0.923,    111.615       
# span 4 =      0.286,    151.632       
# span 5 =   0.287792, 104.393440       
# span 6 =    -0.1295,    48.6333       
# span 7 =      6.811,      9.138       
# span 8 = -1240.7455,   309.8260       
# span 9 = 1.2358e-01, 2.2327e+02       
# span 10 =     1.3110,    50.1066      
# span 11 =     -0.727,      9.045      
# span 12 =     -1.054,     13.119      
# span 13 =     9.3913,    26.6889      
# span 14 = 0.0000e+00, 0.0000e+00      
# interval = seconds: 0.25
# start_time = Aug 14 2023 10:22:57 [Instrument's time stamp, header]
# bad_flag = -9.990e-29
*END*
[from data line 675]
      4.560      0.058     0.2147      2.269     42.408  36.923853    21.4245      7.645   150.2216 1.2376e-01     5.3334      4.474      6.490    18.7129 0.0000e+00
      4.569      0.043     0.2128      2.254     42.320  36.886054    18.9968      7.641   146.6785 1.2367e-01     4.9224      4.483      6.502    18.6064 0.0000e+00
      4.571      0.037     0.2156      2.257     42.262  36.877889    17.6570      7.637   143.5079 1.2361e-01     4.6459      4.482      6.501    18.5238 0.0000e+00
      4.573      0.038     0.2153      2.272     42.316  36.952103    17.4106      7.632   140.6232 1.2367e-01     4.5870      4.481      6.500    18.4919 0.0000e+00
      4.581      0.045     0.2122      2.284     42.479  37.085409    16.1596      7.628   138.0413 1.2376e-01     4.4836      4.491      6.513    18.5218 0.0000e+00
      4.594      0.053     0.2102      2.289     42.693  37.220581    13.9089      7.626   135.7788 1.2376e-01     4.3183      4.504      6.532    18.5744 0.0000e+00
      4.613      0.063     0.2103      2.279     42.964  37.380754    12.6864      7.624   133.8310 1.2380e-01     4.2283      4.522      6.559    18.6313 0.0000e+00
      4.635      0.070     0.2126      2.269     43.270  37.562479    12.5647      7.619   131.9575 1.2381e-01     4.1804      4.547      6.594    18.6739 0.0000e+00
      4.654      0.074     0.2130      2.270     43.460  37.640936    12.4797      7.615   130.0758 1.2370e-01     4.1158      4.565      6.620    18.6681 0.0000e+00
      4.670      0.075     0.2148      2.261     43.539  37.631249    11.7660      7.612   128.3732 1.2366e-01     3.9931      4.579      6.641    18.5977 0.0000e+00
      4.690      0.073     0.2136      2.244     43.617  37.635615    10.4697      7.609   126.7732 1.2371e-01     3.8251      4.598      6.669    18.4991 0.0000e+00
      4.711      0.070     0.2119      2.238     43.671  37.630195     9.7567      7.605   125.2703 1.2374e-01     3.7241      4.621      6.703    18.4038 0.0000e+00
      4.730      0.068     0.2143      2.237     43.715  37.629105     9.6619      7.600   123.9677 1.2372e-01     3.6931      4.639      6.729    18.2971 0.0000e+00
      4.746      0.068     0.2138      2.230     43.963  37.812758     9.4821      7.596   122.6390 1.2372e-01     3.7239      4.655      6.752    18.2023 0.0000e+00
      4.760      0.070     0.2109      2.225     44.423  38.137353     9.1796      7.593   121.1638 1.2376e-01     3.7889      4.670      6.774    18.1358 0.0000e+00
      4.773      0.073     0.2115      2.235     44.810  38.317352     9.0095      7.588   119.6394 1.2378e-01     3.8299      4.678      6.786    18.0755 0.0000e+00
      4.791      0.076     0.2123      2.264     45.045  38.339011     8.9906      7.585   118.1462 1.2383e-01     3.8095      4.694      6.809    18.0235 0.0000e+00
      4.816      0.079     0.2105      2.273     45.196  38.335543     8.9677      7.584   116.7899 1.2389e-01     3.6793      4.724      6.851    18.0167 0.0000e+00
      4.842      0.080     0.2107      2.256     45.297  38.338706     8.9319      7.581   115.5454 1.2385e-01     3.5539      4.750      6.889    17.9701 0.0000e+00
      4.864      0.078     0.2108      2.252     45.405  38.377158     8.9323      7.577   114.2833 1.2374e-01     3.5573      4.770      6.918    17.7618 0.0000e+00
      4.883      0.072     0.2177      2.255     45.577  38.483107     8.9729      7.574   112.8871 1.2367e-01     3.5831      4.788      6.945    17.5231 0.0000e+00
      4.900      0.065     0.2196      2.250     45.779  38.604327     9.3227      7.571   111.3986 1.2368e-01     3.5248      4.806      6.971    17.3882 0.0000e+00
      4.914      0.059     0.2149      2.244     46.039  38.763962     9.9746      7.567   109.8793 1.2369e-01     3.4672      4.820      6.991    17.3072 0.0000e+00
      4.926      0.057     0.2167      2.239     46.474  39.080507    10.3377      7.565   108.3708 1.2366e-01     3.5010      4.830      7.006    17.2466 0.0000e+00
      4.939      0.057     0.2176      2.241     46.982  39.448922    10.3590      7.563   107.0108 1.2369e-01     3.5579      4.844      7.025    17.2227 0.0000e+00
      4.952      0.060     0.2164      2.253     47.262  39.601064    10.1151      7.561   105.7397 1.2373e-01     3.5750      4.856      7.043    17.1678 0.0000e+00
      4.966      0.065     0.2168      2.263     47.197  39.460319     9.6531      7.558   104.6167 1.2372e-01     3.5371      4.868      7.060    17.0820 0.0000e+00
      4.984      0.071     0.2156      2.261     46.824  39.079775     9.3998      7.556   103.7577 1.2375e-01     3.4416      4.885      7.087    17.0479 0.0000e+00
      5.005      0.076     0.2162      2.254     46.198  38.490232     9.3829      7.555   102.9248 1.2382e-01     3.4103      4.907      7.117    16.9930 0.0000e+00
      5.026      0.082     0.2181      2.256     45.707  37.980038     9.3743      7.552   101.9463 1.2379e-01     3.4661      4.929      7.149    16.8911 0.0000e+00
      5.048      0.087     0.2200      2.256     45.803  37.924185     9.2376      7.547   100.7889 1.2371e-01     3.5007      4.952      7.182    16.7902 0.0000e+00
      5.069      0.090     0.2203      2.258     46.297  38.195498     8.9952      7.542    99.5130 1.2369e-01     3.4881      4.971      7.209    16.7209 0.0000e+00
      5.092      0.093     0.2182      2.260     46.621  38.341228     8.8570      7.537    98.3066 1.2369e-01     3.4501      4.991      7.240    16.6725 0.0000e+00
      5.118      0.095     0.2208      2.257     46.613  38.226509     8.8240      7.531    97.2160 1.2371e-01     3.4516      5.020      7.280    16.5594 0.0000e+00
      5.143      0.098     0.2205      2.259     46.561  38.077484     8.6457      7.525    96.2206 1.2370e-01     3.4378      5.045      7.317    16.3940 0.0000e+00
      5.168      0.100     0.2217      2.272     46.592  37.998799     8.3077      7.519    95.2200 1.2364e-01     3.3172      5.067      7.349    16.2393 0.0000e+00
      5.194      0.100     0.2230      2.278     46.675  37.973039     8.1085      7.514    94.2381 1.2363e-01     3.2234      5.093      7.387    16.1116 0.0000e+00
      5.219      0.095     0.2225      2.269     46.805  38.019738     8.0682      7.510    93.4681 1.2367e-01     3.2254      5.118      7.422    16.0005 0.0000e+00
      5.246      0.087     0.2229      2.267     46.867  38.055688     7.9370      7.507    92.7072 1.2371e-01     3.2399      5.144      7.459    15.8866 0.0000e+00
      5.273      0.076     0.2253      2.276     46.829  38.026954     7.7032      7.505    91.5782 1.2379e-01     3.2613      5.174      7.504    15.7728 0.0000e+00
      5.293      0.063     0.2280      2.288     46.798  37.989613     7.5723      7.502    89.9688 1.2386e-01     3.2796      5.194      7.534    15.6617 0.0000e+00
      5.304      0.049     0.2247      2.285     46.832  37.984935     7.5530      7.499    88.1334 1.2385e-01     3.2553      5.202      7.545    15.5879 0.0000e+00
      5.311      0.037     0.2257      2.268     46.950  38.033808     7.5033      7.498    86.4228 1.2378e-01     3.1727      5.208      7.554    15.5915 0.0000e+00
      5.316      0.028     0.2261      2.260     47.134  38.136271     7.4201      7.496    84.8590 1.2374e-01     3.1012      5.214      7.562    15.6069 0.0000e+00
      5.321      0.024     0.2285      2.271     47.329  38.271876     7.3883      7.495    83.3360 1.2374e-01     3.1069      5.219      7.569    15.5908 0.0000e+00
      5.326      0.024     0.2286      2.288     47.468  38.404194     7.3933      7.494    81.9465 1.2374e-01     3.1054      5.222      7.574    15.5582 0.0000e+00
      5.331      0.025     0.2256      2.289     47.480  38.466966     7.4140      7.491    80.6200 1.2375e-01     3.1174      5.227      7.581    15.5003 0.0000e+00
      5.338      0.027     0.2251      2.277     47.396  38.459783     7.4796      7.489    79.3431 1.2376e-01     3.1837      5.235      7.593    15.4424 0.0000e+00
      5.347      0.027     0.2262      2.259     47.311  38.444343     7.5379      7.486    78.3811 1.2375e-01     3.2579      5.243      7.605    15.4096 0.0000e+00
      5.355      0.027     0.2299      2.234     47.228  38.407260     7.5609      7.483    77.5930 1.2372e-01     3.2974      5.251      7.616    15.4335 0.0000e+00
      5.364      0.026     0.2283      2.199     47.136  38.328752     7.5584      7.480    76.7831 1.2366e-01     3.2526      5.260      7.629    15.5067 0.0000e+00
      5.370      0.025     0.2271      2.161     47.062  38.256608     7.4990      7.478    75.9012 1.2364e-01     3.2282      5.267      7.640    15.5714 0.0000e+00
      5.375      0.024     0.2251      2.146     47.028  38.233008     7.4085      7.476    75.1038 1.2372e-01     3.2409      5.271      7.645    15.6324 0.0000e+00
      5.379      0.024     0.2224      2.154     47.006  38.233779     7.3725      7.474    74.6275 1.2382e-01     3.2351      5.275      7.650    15.6767 0.0000e+00
      5.384      0.024     0.2190      2.145     46.945  38.202501     7.3798      7.472    74.1861 1.2383e-01     3.2607      5.280      7.656    15.6570 0.0000e+00
      5.391      0.025     0.2140      2.123     46.902  38.172139     7.3213      7.470    73.5529 1.2376e-01     3.2775      5.287      7.668    15.6313 0.0000e+00
      5.400      0.025     0.2118      2.123     46.925  38.183973     7.1979      7.467    72.9946 1.2371e-01     3.2669      5.296      7.681    15.6397 0.0000e+00
      5.407      0.025     0.2152      2.095     46.981  38.218663     7.1275      7.464    73.8024 1.2369e-01     3.2358      5.302      7.690    15.6635 0.0000e+00
      5.414      0.026     0.2148      2.037     47.072  38.274266     7.1450      7.463    75.3175 1.2371e-01     3.2084      5.309      7.700    15.6932 0.0000e+00
      5.419      0.036     0.2079      2.037     47.282  38.412028     7.3342      7.459    75.1387 1.2371e-01     3.2774      5.315      7.709    15.6950 0.0000e+00
      5.424      0.066     0.2128      2.078     47.945  38.868950     7.6512      7.451    73.1893 1.2365e-01     3.3872      5.319      7.715    15.6804 0.0000e+00
      5.429      0.120     0.2111      2.114     49.353  39.800764     7.8147      7.440    69.9022 1.2366e-01     3.4430      5.321      7.718    15.6748 0.0000e+00
      5.442      0.183     0.1983      2.151     51.553  41.174282     7.8134      7.428    66.0238 1.2367e-01     3.4737      5.330      7.731    15.6553 0.0000e+00
      5.483      0.233     0.2012      2.195     53.347  42.084059     7.6101      7.417    62.4328 1.2365e-01     3.4512      5.356      7.768    15.6256 0.0000e+00
      5.576      0.258     0.2082      2.256     53.290  41.597167     7.2286      7.407    59.3509 1.2366e-01     3.3747      5.450      7.904    15.5806 0.0000e+00
      5.705      0.258     0.2107      2.321     52.505  40.808715     7.0217      7.398    57.0681 1.2367e-01     3.3012      5.608      8.133    15.3957 0.0000e+00
      5.808      0.238     0.2174      2.344     52.407  40.801820     7.0145      7.392    55.3942 1.2366e-01     3.2451      5.723      8.299    15.0005 0.0000e+00
      5.851      0.198     0.2231      2.320     52.850  41.260060     7.2502      7.387    53.8252 1.2368e-01     3.1751      5.750      8.341    14.4275 0.0000e+00
      5.857      0.147     0.2321      2.302     53.885  42.097080     7.6988      7.383    52.1216 1.2374e-01     3.0351      5.738      8.323    13.9050 0.0000e+00
      5.866      0.101     0.2424      2.297     54.884  42.797884     7.9441      7.380    50.5407 1.2373e-01     2.9196      5.745      8.333    13.7577 0.0000e+00
      5.888      0.076     0.2447      2.274     54.505  42.370560     7.9681      7.378    49.2522 1.2366e-01     2.8707      5.774      8.375    13.9253 0.0000e+00
      5.914      0.071     0.2379      2.258     53.378  41.436720     7.9564      7.374    47.9856 1.2363e-01     2.8883      5.801      8.413    14.0675 0.0000e+00
      5.936      0.075     0.2351      2.260     53.180  41.344861     7.9276      7.369    46.5841 1.2363e-01     2.9966      5.822      8.445    14.0940 0.0000e+00
      5.955      0.079     0.2387      2.262     55.995  43.608375     7.9103      7.363    45.2118 1.2367e-01     3.0861      5.843      8.474    14.0198 0.0000e+00
      5.970      0.083     0.2345      2.278     61.384  47.666008     7.9140      7.357    43.8692 1.2371e-01     3.1167      5.856      8.493    13.8246 0.0000e+00
      5.983      0.087     0.2324      2.313     65.019  50.030418     7.9065      7.350    42.4831 1.2371e-01     3.0936      5.863      8.505    13.7615 0.0000e+00
      6.005      0.088     0.2348      2.335     65.485  49.848966     7.7949      7.343    41.1855 1.2368e-01     3.0119      5.884      8.533    13.8590 0.0000e+00
      6.039      0.088     0.2320      2.339     65.332  49.408076     7.6042      7.337    40.3118 1.2363e-01     2.9143      5.922      8.589    13.9950 0.0000e+00
      6.072      0.088     0.2338      2.342     66.959  50.540815     7.5077      7.330    39.9204 1.2362e-01     2.8700      5.960      8.644    13.9613 0.0000e+00
      6.094      0.088     0.2420      2.342     69.668  52.495965     7.5180      7.323    39.6374 1.2367e-01     2.8863      5.980      8.673    13.5020 0.0000e+00
      6.105      0.085     0.2471      2.340     71.248  53.489474     7.6206      7.318    39.3849 1.2369e-01     2.8719      5.987      8.682    12.9684 0.0000e+00
      6.119      0.080     0.2475      2.333     71.849  53.726152     7.7916      7.313    39.1902 1.2371e-01     2.8320      5.996      8.695    12.7304 0.0000e+00
      6.143      0.078     0.2484      2.328     72.707  54.214229     7.8786      7.310    38.8329 1.2371e-01     2.8137      6.022      8.734    12.7455 0.0000e+00
      6.170      0.080     0.2482      2.329     73.666  54.817908     7.8821      7.305    38.3336 1.2369e-01     2.8214      6.054      8.781    12.7224 0.0000e+00
      6.191      0.084     0.2493      2.339     74.282  55.182129     7.8424      7.302    37.9718 1.2366e-01     2.8573      6.073      8.809    12.5324 0.0000e+00
      6.209      0.084     0.2494      2.351     74.991  55.632859     7.7564      7.299    37.7282 1.2361e-01     2.8724      6.087      8.828    12.3616 0.0000e+00
      6.229      0.080     0.2486      2.336     75.664  56.075653     7.7075      7.297    37.3667 1.2362e-01     2.8319      6.107      8.856    12.2722 0.0000e+00
      6.252      0.075     0.2500      2.300     75.901  56.216880     7.6922      7.294    36.8697 1.2368e-01     2.8122      6.131      8.893    12.2029 0.0000e+00
      6.274      0.071     0.2502      2.263     76.148  56.387660     7.5805      7.292    36.1928 1.2369e-01     2.9081      6.153      8.925    12.1349 0.0000e+00
      6.292      0.068     0.2548      2.235     77.058  57.060730     7.3895      7.290    35.4634 1.2366e-01     3.0344      6.171      8.951    12.0865 0.0000e+00
      6.306      0.065     0.2523      2.230     78.701  58.257136     7.2881      7.289    35.0194 1.2363e-01     3.0756      6.186      8.972    12.0487 0.0000e+00
      6.318      0.064     0.2472      2.235     80.360  59.419511     7.2949      7.287    34.6104 1.2363e-01     3.0647      6.195      8.985    12.0233 0.0000e+00
      6.331      0.067     0.2438      2.225     81.101  59.871164     7.4709      7.286    33.7884 1.2365e-01     3.0394      6.207      9.003    12.0190 0.0000e+00
      6.349      0.072     0.2393      2.205     80.996  59.715814     7.7938      7.285    32.7385 1.2369e-01     3.0428      6.224      9.028    12.0254 0.0000e+00
      6.369      0.077     0.2398      2.196     81.089  59.764553     7.9780      7.282    31.8970 1.2370e-01     3.1068      6.245      9.057    12.0207 0.0000e+00
      6.392      0.079     0.2417      2.192     81.739  60.269863     7.9995      7.279    31.2711 1.2369e-01     3.1297      6.269      9.092    11.9785 0.0000e+00
