Data/DataNotYetUploadedToEDI/Raw_CTD/RawDownloads/081424_ccr50_S8188001.cnv
* Sea-Bird SBE19plus  Data File:
* FileName = C:\R\Reservoirs\Data\DataNotYetUploadedToEDI\Raw_CTD\RawDownloads\081424_ccr50_S8188_0001.hex
* Software version 2.8.0.119
* Temperature SN = 8188
* Conductivity SN = 8188
* System UpLoad Time = Aug 16 2024 10:36:23
* <ApplicationData>
* <Seaterm232>
# nquan = 16
# nvalues = 3467                        
# units = specified
# name 0 = depFM: Depth [fresh water, m]
# name 1 = dz/dtM: Descent Rate [m/s]
# name 2 = sbeox0Mg/L: Oxygen, SBE 43 [mg/l]
# name 3 = sbeox0PS: Oxygen, SBE 43 [% saturation]
# name 4 = specc: Specific Conductance [uS/cm]
# name 5 = c0uS/cm: Conductivity [uS/cm]
# name 6 = wetCDOM: Fluorescence, WET Labs CDOM [mg/m^3]
# name 7 = flECO-AFL: Fluorescence, WET Labs ECO-AFL/FL [mg/m^3]
# name 8 = flECO-AFL1: Fluorescence, WET Labs ECO-AFL/FL, 2 [mg/m^3]
# name 9 = flECO-AFL2: Fluorescence, WET Labs ECO-AFL/FL, 3 [mg/m^3]
# name 10 = par/sat/log: PAR/Logarithmic, Satlantic
# name 11 = turbWETntu0: Turbidity, WET Labs ECO [NTU]
# name 12 = prdM: Pressure, Strain Gauge [db]
# name 13 = prdE: Pressure, Strain Gauge [psi]
# name 14 = tv290C: Temperature [ITS-90, deg C]
# name 15 = flag:  0.000e+00
# span 0 =     -0.447,     20.085       
# span 1 =     -0.266,      0.136       
# span 2 =    -0.3057,     9.3233       
# span 3 =     -2.823,    116.818       
# span 4 =   -647.146,    233.197       
# span 5 =-487.217096, 165.354613       
# span 6 =    -4.5000,    55.5300       
# span 7 =    -1.5434,   245.1682       
# span 8 =   -11.7150,     5.3676       
# span 9 =    -9.5175,     1.7766       
# span 10 = 1.1587e-01, 2.9100e+03      
# span 11 =   -12.3191,   971.0038      
# span 12 =     -0.438,     19.697      
# span 13 =     -0.635,     28.568      
# span 14 =    10.4437,    26.9220      
# span 15 = 0.0000e+00, 0.0000e+00      
# interval = seconds: 0.25
# start_time = Aug 14 2024 09:09:33 [Instrument's time stamp, header]
# bad_flag = -9.990e-29
*END*
[from data line 1176]
     10.470      0.058     4.2901     41.015    125.843  95.176646    27.2700     0.4212     0.1278     0.1269 3.1016e-01     2.6211     10.267     14.892    12.8192 0.0000e+00
     10.485      0.059     4.3009     41.116    125.865  95.176780    27.2700     0.4173     0.1278     0.1269 2.6351e-01     2.6060     10.282     14.912    12.8196 0.0000e+00
     10.500      0.060     4.3135     41.202    125.852  95.151159    27.2700     0.4173     0.1278     0.1269 2.4996e-01     2.5154     10.297     14.934    12.8192 0.0000e+00
     10.516      0.060     4.3262     41.270    125.857  95.142897    27.2700     0.4173     0.1278     0.1269 2.6738e-01     2.5909     10.312     14.957    12.8170 0.0000e+00
     10.532      0.060     4.3384     41.312    125.911  95.175765    27.2700     0.4364     0.1278     0.1269 2.5993e-01     2.6966     10.328     14.980    12.8124 0.0000e+00
     10.548      0.059     4.3497     41.324    125.945  95.196590    27.2700     0.4135     0.1278     0.1269 2.4796e-01     2.5607     10.344     15.002    12.8061 0.0000e+00
     10.563      0.058     4.3594     41.308    125.917  95.172965    27.2700     0.4250     0.1278     0.1269 2.2662e-01     2.6211     10.359     15.024    12.7999 0.0000e+00
     10.577      0.056     4.3669     41.272    125.865  95.134553    27.2700     0.4288     0.1278     0.1269 2.5959e-01     2.5758     10.373     15.044    12.7950 0.0000e+00
     10.591      0.055     4.3717     41.226    125.833  95.113067    27.2700     0.3678     0.1278     0.1269 2.4506e-01     2.7118     10.386     15.064    12.7917 0.0000e+00
     10.604      0.053     4.3732     41.182    125.822  95.108773    27.3600     0.3563     0.1278     0.1269 2.1675e-01     2.8930     10.399     15.083    12.7899 0.0000e+00
     10.618      0.053     4.3716     41.151    125.791  95.090557    27.3600     0.3678     0.1278     0.1269 2.2840e-01     2.7873     10.413     15.102    12.7891 0.0000e+00
     10.631      0.052     4.3677     41.136    125.753  95.065548    27.3600     0.3449     0.1278     0.1269 2.0053e-01     2.8628     10.426     15.121    12.7892 0.0000e+00
     10.644      0.052     4.3628     41.145    125.765  95.075029    27.3600     0.4212     0.1278     0.1269 1.7518e-01     2.8326     10.439     15.140    12.7903 0.0000e+00
     10.658      0.053     4.3580     41.178    125.805  95.101548    27.2700     0.4173     0.1278     0.2538 2.0458e-01     2.7571     10.451     15.159    12.7920 0.0000e+00
     10.671      0.054     4.3545     41.225    125.811  95.100231    27.2700     0.4212     0.1278     0.2538 1.8767e-01     2.8326     10.464     15.178    12.7940 0.0000e+00
     10.685      0.055     4.3528     41.267    125.803  95.086709    27.2700     0.4479     0.1278     0.2538 2.0498e-01     2.8930     10.478     15.197    12.7954 0.0000e+00
     10.699      0.056     4.3537     41.300    125.831  95.099333    27.2700     0.4288     0.1278     0.2538 2.0989e-01     2.5909     10.492     15.217    12.7956 0.0000e+00
     10.713      0.058     4.3574     41.323    125.874  95.123487    27.2700     0.4440     0.1278     0.2538 2.0223e-01     2.5305     10.506     15.238    12.7942 0.0000e+00
     10.728      0.061     4.3626     41.336    125.877  95.115663    27.2700     0.4288     0.0852     0.2115 1.8467e-01     2.5456     10.521     15.259    12.7917 0.0000e+00
     10.744      0.063     4.3673     41.337    125.846  95.081768    27.2700     0.4364     0.0852     0.2115 1.7602e-01     2.5305     10.536     15.281    12.7887 0.0000e+00
     10.760      0.064     4.3711     41.329    125.831  95.060711    27.2700     0.3563     0.0852     0.2115 1.7621e-01     2.7873     10.552     15.304    12.7855 0.0000e+00
     10.777      0.065     4.3739     41.320    125.832  95.054870    27.2700     0.3792     0.0852     0.2115 1.9617e-01     2.9232     10.569     15.329    12.7820 0.0000e+00
     10.794      0.065     4.3755     41.317    125.839  95.056692    27.2700     0.3716     0.0852     0.1269 1.3775e-01     2.8930     10.586     15.353    12.7782 0.0000e+00
     10.812      0.064     4.3761     41.329    125.854  95.068661    27.2700     0.3372     0.0852     0.1269 1.9104e-01     2.8024     10.603     15.378    12.7740 0.0000e+00
     10.829      0.063     4.3757     41.355    125.858  95.075988    27.2700     0.3525     0.0852     0.1269 1.4244e-01     2.8175     10.619     15.401    12.7702 0.0000e+00
     10.844      0.062     4.3750     41.396    125.856  95.078628    27.2700     0.3525     0.0852     0.1269 1.2642e-01     2.7873     10.634     15.424    12.7674 0.0000e+00
     10.859      0.060     4.3748     41.451    125.857  95.081283    27.1800     0.3487     0.0852     0.1269 1.7678e-01     2.8326     10.649     15.445    12.7661 0.0000e+00
     10.874      0.059     4.3760     41.510    125.854  95.080664    27.1800     0.3563     0.0852     0.1269 1.4745e-01     2.8175     10.663     15.466    12.7665 0.0000e+00
     10.888      0.059     4.3786     41.565    125.863  95.088593    27.1800     0.3830     0.0852     0.1269 1.6084e-01     3.0743     10.678     15.486    12.7680 0.0000e+00
     10.903      0.059     4.3828     41.620    125.882  95.103189    27.1800     0.3449     0.0852     0.1269 1.3763e-01     3.1498     10.692     15.507    12.7696 0.0000e+00
     10.918      0.061     4.3886     41.679    125.914  95.124349    27.2700     0.3601     0.1278     0.1269 1.7829e-01     3.0743     10.706     15.528    12.7706 0.0000e+00
     10.933      0.063     4.3947     41.739    125.962  95.153719    27.2700     0.3830     0.1278     0.1269 1.4729e-01     2.9686     10.721     15.550    12.7711 0.0000e+00
     10.949      0.065     4.4005     41.805    125.975  95.155175    27.2700     0.4059     0.1278     0.1269 1.5350e-01     3.0441     10.737     15.573    12.7715 0.0000e+00
     10.966      0.067     4.4063     41.889    125.944  95.123113    27.2700     0.4097     0.1278     0.1269 1.2883e-01     3.0894     10.754     15.597    12.7715 0.0000e+00
     10.984      0.068     4.4126     42.005    125.930  95.106921    27.2700     0.3983     0.1278     0.1269 1.1909e-01     3.0139     10.772     15.623    12.7704 0.0000e+00
     11.003      0.069     4.4193     42.165    125.962  95.128255    27.2700     0.4059     0.0852     0.1692 1.1605e-01     3.0139     10.790     15.649    12.7678 0.0000e+00
     11.021      0.068     4.4267     42.366    126.018  95.170827    27.2700     0.4135     0.0852     0.1692 1.2005e-01     3.0894     10.807     15.675    12.7643 0.0000e+00
     11.038      0.067     4.4358     42.594    126.052  95.198038    27.2700     0.4173     0.0852     0.1692 1.3055e-01     3.1347     10.824     15.699    12.7611 0.0000e+00
     11.055      0.066     4.4484     42.835    126.027  95.181182    27.2700     0.4173     0.0852     0.1692 1.2015e-01     2.9988     10.841     15.723    12.7588 0.0000e+00
     11.071      0.066     4.4654     43.075    125.984  95.149728    27.2700     0.4173     0.0852     0.1269 1.1623e-01     3.0743     10.857     15.746    12.7577 0.0000e+00
     11.087      0.066     4.4867     43.286    125.979  95.145238    27.2700     0.4212     0.0852     0.1269 1.1617e-01     3.0441     10.873     15.770    12.7577 0.0000e+00
     11.104      0.067     4.5107     43.441    125.987  95.148534    27.2700     0.4212     0.0852     0.1269 1.1600e-01     3.0743     10.889     15.793    12.7584 0.0000e+00
     11.121      0.068     4.5362     43.531    125.970  95.130525    27.2700     0.4212     0.0852     0.1269 1.1605e-01     2.9535     10.906     15.817    12.7593 0.0000e+00
     11.139      0.070     4.5616     43.558    125.941  95.102392    27.2700     0.4097     0.0852     0.0423 1.1615e-01     2.9837     10.923     15.842    12.7596 0.0000e+00
     11.157      0.072     4.5840     43.530    125.922  95.080607    27.2700     0.3639     0.0852     0.0423 1.1620e-01     2.9988     10.941     15.868    12.7592 0.0000e+00
     11.176      0.074     4.6006     43.456    125.932  95.081339    27.2700     0.3411     0.0852     0.0423 1.1623e-01     2.9686     10.959     15.895    12.7580 0.0000e+00
     11.195      0.076     4.6103     43.346    125.974  95.106780    27.2700     0.3487     0.0852     0.0423 1.1681e-01     3.0894     10.978     15.923    12.7562 0.0000e+00
     11.215      0.077     4.6134     43.204    126.012  95.129750    27.3600     0.3639     0.1278     0.1269 1.1602e-01     3.1196     10.998     15.951    12.7537 0.0000e+00
     11.235      0.078     4.6106     43.034    126.042  95.146382    27.3600     0.3639     0.1278     0.1269 1.1620e-01     3.0894     11.018     15.980    12.7508 0.0000e+00
     11.255      0.077     4.6031     42.844    126.073  95.165110    27.3600     0.3754     0.1278     0.1269 1.1628e-01     3.1045     11.037     16.009    12.7481 0.0000e+00
     11.275      0.076     4.5918     42.634    126.069  95.158957    27.3600     0.3716     0.1278     0.1269 1.1605e-01     3.1347     11.057     16.037    12.7456 0.0000e+00
     11.295      0.073     4.5769     42.415    126.026  95.126284    27.3600     0.3563     0.1278     0.1269 1.1620e-01     3.1649     11.077     16.065    12.7432 0.0000e+00
     11.314      0.070     4.5592     42.200    125.997  95.106330    27.3600     0.3639     0.1278     0.0846 1.1605e-01     2.9535     11.095     16.093    12.7409 0.0000e+00
     11.332      0.065     4.5392     42.006    126.005  95.117748    27.3600     0.3563     0.1278     0.0846 1.1623e-01     3.0441     11.113     16.118    12.7390 0.0000e+00
     11.348      0.061     4.5171     41.848    126.035  95.147599    27.3600     0.3563     0.1278     0.0846 1.1612e-01     3.1347     11.129     16.141    12.7378 0.0000e+00
     11.362      0.057     4.4939     41.732    126.052  95.167883    27.3600     0.3411     0.1278     0.0846 1.1600e-01     3.0592     11.143     16.161    12.7376 0.0000e+00
     11.375      0.054     4.4711     41.660    126.022  95.152039    27.2700     0.3716     0.0852     0.2115 1.1610e-01     3.0441     11.156     16.180    12.7386 0.0000e+00
     11.388      0.052     4.4503     41.630    125.958  95.107832    27.2700     0.3487     0.0852     0.2115 1.1628e-01     3.0894     11.168     16.198    12.7406 0.0000e+00
     11.401      0.051     4.4332     41.630    125.924  95.085409    27.2700     0.3754     0.0852     0.2115 1.1610e-01     3.0290     11.181     16.216    12.7433 0.0000e+00
     11.415      0.050     4.4207     41.650    125.951  95.108760    27.2700     0.3563     0.0852     0.2115 1.1602e-01     2.9535     11.194     16.235    12.7462 0.0000e+00
     11.428      0.049     4.4128     41.696    125.996  95.146152    27.2700     0.4021     0.0852     0.0846 1.1623e-01     2.7873     11.207     16.254    12.7490 0.0000e+00
     11.440      0.049     4.4094     41.763    126.013  95.161601    27.2700     0.4326     0.0852     0.0846 1.1617e-01     2.8477     11.219     16.272    12.7509 0.0000e+00
     11.452      0.049     4.4093     41.850    125.986  95.139250    27.2700     0.4250     0.0852     0.0846 1.1615e-01     2.8628     11.231     16.288    12.7520 0.0000e+00
     11.464      0.050     4.4113     41.956    125.936  95.095115    27.2700     0.3945     0.0852     0.0846 1.1617e-01     2.8175     11.242     16.305    12.7532 0.0000e+00
     11.476      0.051     4.4161     42.067    125.915  95.069374    27.2700     0.4288     0.0852     0.0846 1.1625e-01     3.0743     11.254     16.322    12.7547 0.0000e+00
     11.489      0.053     4.4231     42.177    125.938  95.075141    27.2700     0.4250     0.0852     0.1692 1.1617e-01     3.0441     11.267     16.341    12.7555 0.0000e+00
     11.503      0.055     4.4324     42.290    126.000  95.111955    27.2700     0.4364     0.0852     0.1692 1.1605e-01     2.9384     11.281     16.361    12.7548 0.0000e+00
     11.518      0.057     4.4439     42.415    126.063  95.151671    27.2700     0.4097     0.0852     0.1692 1.1607e-01     3.1347     11.295     16.382    12.7522 0.0000e+00
     11.533      0.059     4.4560     42.561    126.063  95.144942    27.2700     0.4135     0.0852     0.1692 1.1605e-01     3.0441     11.310     16.404    12.7482 0.0000e+00
     11.548      0.061     4.4681     42.737    126.018  95.105956    27.2700     0.4326     0.0852     0.1692 1.1620e-01     3.0743     11.325     16.425    12.7437 0.0000e+00
     11.563      0.062     4.4805     42.946    125.980  95.072268    27.2700     0.4173     0.0852     0.1692 1.1605e-01     3.0441     11.340     16.447    12.7398 0.0000e+00
     11.579      0.063     4.4940     43.190    125.972  95.062866    27.2700     0.4212     0.0852     0.1692 1.1635e-01     3.1196     11.355     16.470    12.7366 0.0000e+00
     11.596      0.065     4.5097     43.462    125.997  95.079239    27.2700     0.4021     0.0852     0.1692 1.1617e-01     3.3160     11.372     16.493    12.7341 0.0000e+00
     11.613      0.066     4.5286     43.738    126.023  95.097782    27.2700     0.4021     0.0852     0.1269 1.1600e-01     3.3613     11.389     16.518    12.7320 0.0000e+00
     11.630      0.067     4.5509     43.998    126.028  95.101460    27.2700     0.4326     0.0852     0.1269 1.1615e-01     3.2707     11.405     16.542    12.7302 0.0000e+00
     11.647      0.069     4.5770     44.224    126.016  95.091256    27.2700     0.4364     0.0852     0.1269 1.1610e-01     3.2103     11.422     16.566    12.7287 0.0000e+00
     11.665      0.070     4.6059     44.397    125.994  95.072441    27.2700     0.3449     0.0852     0.1269 1.1605e-01     3.3311     11.439     16.591    12.7278 0.0000e+00
     11.683      0.071     4.6352     44.510    125.976  95.055980    27.2700     0.3716     0.0852     0.1269 1.1610e-01     3.3009     11.457     16.616    12.7275 0.0000e+00
     11.701      0.073     4.6628     44.566    125.977  95.053467    27.2700     0.3716     0.0852     0.1269 1.1612e-01     3.2707     11.475     16.643    12.7273 0.0000e+00
     11.720      0.074     4.6868     44.571    125.980  95.052245    27.2700     0.3601     0.0852     0.1269 1.1605e-01     3.2254     11.493     16.670    12.7268 0.0000e+00
     11.739      0.075     4.7052     44.534    125.956  95.032007    27.2700     0.3525     0.0852     0.1269 1.1602e-01     3.2405     11.512     16.697    12.7259 0.0000e+00
     11.759      0.077     4.7172     44.463    125.918  95.001342    27.2700     0.3678     0.0852     0.1269 1.1607e-01     3.3311     11.531     16.725    12.7247 0.0000e+00
     11.778      0.078     4.7234     44.361    125.883  94.974050    27.3600     0.3639     0.0852     0.1269 1.1612e-01     3.2405     11.550     16.753    12.7234 0.0000e+00
     11.798      0.079     4.7240     44.233    125.864  94.958837    27.3600     0.3525     0.0852     0.1269 1.1605e-01     3.2405     11.569     16.780    12.7222 0.0000e+00
     11.818      0.079     4.7202     44.088    125.884  94.973624    27.3600     0.3678     0.0852     0.1269 1.1612e-01     3.3613     11.589     16.809    12.7213 0.0000e+00
     11.839      0.079     4.7128     43.928    125.930  95.010365    27.3600     0.3525     0.0852     0.1269 1.1612e-01     3.2858     11.610     16.839    12.7205 0.0000e+00
     11.860      0.079     4.7019     43.759    125.962  95.038900    27.4500     0.3601     0.0852     0.1692 1.1617e-01     3.2707     11.630     16.869    12.7200 0.0000e+00
     11.881      0.078     4.6885     43.581    125.965  95.044860    27.4500     0.3601     0.0852     0.1692 1.1615e-01     3.2707     11.651     16.898    12.7197 0.0000e+00
     11.900      0.076     4.6730     43.396    125.942  95.029835    27.4500     0.4440     0.0852     0.1692 1.1605e-01     3.3160     11.670     16.926    12.7197 0.0000e+00
