Data/DataNotYetUploadedToEDI/Raw_CTD/RawDownloads/081424_ccr50_S8188001.cnv
* Sea-Bird SBE19plus  Data File:
* FileName = C:\R\Reservoirs\Data\DataNotYetUploadedToEDI\Raw_CTD\RawDownloads\081424_ccr50_S8188_0001.hex
* Software version 2.8.0.119
* Temperature SN = 8188
* Conductivity SN = 8188
* System UpLoad Time = Aug 16 2024 10:36:23
* <ApplicationData>
* <Seaterm232>
# nquan = 13
# nvalues = 3467                        
# units = specified
# name 0 = depFM: Depth [fresh water, m]
# name 1 = dz/dtM: Descent Rate [m/s]
# name 2 = sbeox0Mg/L: Oxygen, SBE 43 [mg/l]
# name 3 = sbeox0PS: Oxygen, SBE 43 [% saturation]
# name 4 = specc: Specific Conductance [uS/cm]
# name 5 = c0uS/cm: Conductivity [uS/cm]
# name 6 = flECO-AFL: Fluorescence, WET Labs ECO-AFL/FL [mg/m^3]
# name 7 = par/sat/log: PAR/Logarithmic, Satlantic
# name 8 = turbWETntu0: Turbidity, WET Labs ECO [NTU]
# name 9 = prdM: Pressure, Strain Gauge [db]
# name 10 = prdE: Pressure, Strain Gauge [psi]
# name 11 = tv290C: Temperature [ITS-90, deg C]
# name 12 = flag:  0.000e+00
# span 0 =     -0.447,     20.093       
# span 1 =     -0.393,      0.168       
# span 2 =    -0.3506,     9.9196       
# span 3 =     -3.178,    123.196       
# span 4 =  -1650.970,    233.559       
# span 5 = -1.228e+03, 165.566895       
# span 6 =    -1.5043,   238.5437       
# span 7 = 1.1594e-01, 1.6949e+03       
# span 8 =    -9.6318,   944.6067       
# span 9 =     -0.439,     19.705       
# span 10 =     -0.636,     28.579      
# span 11 =    10.4374,    26.9228      
# span 12 = 0.0000e+00, 0.0000e+00      
# interval = seconds: 0.25
# start_time = Aug 14 2024 09:09:33 [Instrument's time stamp, header]
# bad_flag = -9.990e-29
*END*
[from data line 1778]
     19.873      0.016     0.0857      0.753    229.614 163.046970     3.0263 1.1608e-01    23.7403     19.489     28.267    10.4508 0.0000e+00
     19.877      0.015     0.0880      0.723    228.976 162.661705     2.8387 1.1613e-01    30.8145     19.493     28.272    10.4529 0.0000e+00
     19.881      0.015     0.0847      0.697    228.565 162.433021     2.5114 1.1615e-01    43.8032     19.497     28.278    10.4601 0.0000e+00
     19.885      0.016     0.0812      0.712    228.830 162.673844     2.3376 1.1610e-01    50.8358     19.500     28.283    10.4805 0.0000e+00
     19.888      0.018     0.0874      0.732    229.554 163.181723     2.2988 1.1602e-01    50.6818     19.503     28.288    10.5065 0.0000e+00
     19.892      0.021     0.0803      0.747    230.185 163.585050     2.1806 1.1603e-01    42.0089     19.506     28.291    10.5164 0.0000e+00
     19.897      0.025     0.0742      0.764    230.534 163.791732     1.9834 1.1607e-01    26.0032     19.511     28.298    10.5290 0.0000e+00
     19.904      0.029     0.0801      0.758    230.742 163.903808     1.8743 1.1603e-01    17.2522     19.519     28.311    10.5502 0.0000e+00
     19.914      0.031     0.0821      0.746    230.793 163.914985     1.8576 1.1605e-01    16.2987     19.528     28.325    10.5435 0.0000e+00
     19.924      0.031     0.0822      0.757    230.728 163.858509     1.6945 1.1612e-01    14.3034     19.538     28.338    10.5288 0.0000e+00
     19.933      0.029     0.0868      0.755    230.492 163.699345     1.3851 1.1612e-01    10.7059     19.548     28.352    10.5225 0.0000e+00
     19.941      0.026     0.0854      0.731    230.063 163.425705     1.2211 1.1612e-01     8.7139     19.556     28.364    10.5132 0.0000e+00
     19.947      0.022     0.0804      0.710    229.621 163.146905     1.2029 1.1613e-01     8.5171     19.562     28.373    10.5073 0.0000e+00
     19.951      0.018     0.0862      0.707    229.175 162.856990     1.1737 1.1612e-01     8.4286     19.566     28.378    10.5057 0.0000e+00
     19.954      0.015     0.0850      0.731    228.758 162.585589     1.1376 1.1607e-01     8.3313     19.568     28.381    10.5055 0.0000e+00
     19.956      0.013     0.0812      0.760    228.552 162.462264     1.1215 1.1603e-01     8.3021     19.570     28.384    10.5152 0.0000e+00
     19.959      0.013     0.0787      0.778    228.804 162.664299     1.1170 1.1604e-01     8.2816     19.573     28.387    10.5240 0.0000e+00
     19.962      0.013     0.0768      0.781    229.329 163.046619     1.0744 1.1602e-01     7.9461     19.575     28.391    10.5280 0.0000e+00
     19.966      0.013     0.0819      0.775    229.662 163.257963     0.9962 1.1602e-01     7.2661     19.580     28.398    10.5349 0.0000e+00
     19.970      0.014     0.0850      0.774    229.900 163.374490     0.9524 1.1608e-01     6.8577     19.585     28.406    10.5386 0.0000e+00
     19.974      0.014     0.0873      0.756    230.240 163.567053     0.9444 1.1613e-01     6.8537     19.588     28.410    10.5445 0.0000e+00
     19.976      0.014     0.0880      0.715    230.438 163.672654     0.9247 1.1618e-01     6.9087     19.590     28.413    10.5495 0.0000e+00
     19.979      0.013     0.0853      0.675    230.385 163.626166     0.8967 1.1622e-01     6.9054     19.592     28.417    10.5434 0.0000e+00
     19.983      0.013     0.0872      0.646    230.245 163.551678     0.8832 1.1620e-01     6.8819     19.597     28.423    10.5279 0.0000e+00
     19.987      0.012     0.0860      0.636    230.070 163.455468     0.8821 1.1614e-01     6.8990     19.602     28.430    10.5177 0.0000e+00
     19.990      0.011     0.0790      0.645    229.815 163.283005     0.8746 1.1612e-01     6.8032     19.604     28.433    10.5094 0.0000e+00
     19.994      0.010     0.0750      0.655    229.466 163.038256     0.8453 1.1617e-01     6.5482     19.608     28.439    10.5044 0.0000e+00
     19.996      0.009     0.0711      0.670    229.132 162.819753     0.8224 1.1620e-01     6.4257     19.611     28.443    10.5150 0.0000e+00
     19.996      0.009     0.0695      0.684    228.811 162.622935     0.8237 1.1617e-01     6.4542     19.610     28.441    10.5230 0.0000e+00
     19.997      0.009     0.0726      0.700    228.629 162.503679     0.8089 1.1611e-01     6.2061     19.611     28.443    10.5227 0.0000e+00
     20.000      0.009     0.0721      0.715    228.705 162.539574     0.7739 1.1608e-01     5.6925     19.613     28.447    10.5218 0.0000e+00
     20.003      0.010     0.0751      0.715    228.685 162.510224     0.7551 1.1608e-01     5.4284     19.616     28.451    10.5248 0.0000e+00
     20.007      0.010     0.0761      0.707    228.650 162.490482     0.7546 1.1606e-01     5.4156     19.621     28.457    10.5364 0.0000e+00
     20.009      0.010     0.0772      0.697    228.740 162.574223     0.7511 1.1606e-01     5.2981     19.623     28.461    10.5397 0.0000e+00
     20.011      0.009     0.0815      0.682    228.619 162.497703     0.7464 1.1611e-01     5.0718     19.623     28.461    10.5309 0.0000e+00
     20.014      0.009     0.0792      0.673    228.384 162.316993     0.7501 1.1616e-01     4.9457     19.628     28.467    10.5274 0.0000e+00
     20.016      0.009     0.0792      0.689    228.302 162.234349     0.7532 1.1616e-01     4.9411     19.630     28.471    10.5281 0.0000e+00
     20.017      0.009     0.0778      0.704    228.455 162.318467     0.7406 1.1611e-01     4.9476     19.629     28.469    10.5354 0.0000e+00
     20.019      0.009     0.0763      0.690    228.727 162.513996     0.7184 1.1608e-01     4.9209     19.632     28.474    10.5396 0.0000e+00
     20.023      0.009     0.0731      0.677    228.931 162.685061     0.7105 1.1609e-01     4.9265     19.636     28.481    10.5329 0.0000e+00
     20.025      0.010     0.0766      0.681    229.109 162.815080     0.7063 1.1609e-01     4.9813     19.638     28.483    10.5296 0.0000e+00
     20.027      0.010     0.0811      0.683    229.200 162.855969     0.6936 1.1602e-01     4.9312     19.639     28.484    10.5197 0.0000e+00
     20.030      0.009     0.0761      0.676    229.205 162.837736     0.6951 1.1597e-01     4.8014     19.642     28.489    10.5194 0.0000e+00
     20.034      0.008     0.0742      0.665    229.241 162.867947     0.7069 1.1600e-01     4.7514     19.647     28.495    10.5325 0.0000e+00
     20.036      0.008     0.0764      0.660    229.317 162.947905     0.7062 1.1611e-01     4.7386     19.649     28.499    10.5324 0.0000e+00
     20.037      0.008     0.0763      0.666    229.325 162.984478     0.7047 1.1618e-01     4.7840     19.649     28.498    10.5240 0.0000e+00
     20.038      0.008     0.0758      0.687    229.169 162.900150     0.7059 1.1618e-01     4.9222     19.650     28.500    10.5172 0.0000e+00
     20.040      0.008     0.0737      0.695    228.942 162.748384     0.6945 1.1620e-01     5.0024     19.653     28.504    10.5189 0.0000e+00
     20.043      0.009     0.0733      0.671    228.717 162.584589     0.6888 1.1617e-01     4.9976     19.655     28.508    10.5263 0.0000e+00
     20.046      0.010     0.0732      0.653    228.492 162.423129     0.6970 1.1607e-01     5.0022     19.657     28.512    10.5332 0.0000e+00
     20.048      0.010     0.0766      0.649    228.213 162.231259     0.6975 1.1604e-01     5.0233     19.660     28.515    10.5404 0.0000e+00
     20.050      0.011     0.0803      0.643    227.835 161.973109     0.6958 1.1610e-01     5.0124     19.662     28.518    10.5430 0.0000e+00
     20.053      0.011     0.0733      0.639    227.115 161.488595     0.7023 1.1615e-01     4.9744     19.664     28.521    10.5392 0.0000e+00
     20.056      0.010     0.0725      0.653    226.091 160.814743     0.7073 1.1615e-01     4.9061     19.668     28.526    10.5391 0.0000e+00
     20.060      0.009     0.0724      0.674    225.215 160.248905     0.7124 1.1615e-01     4.8056     19.673     28.532    10.5414 0.0000e+00
     20.062      0.007     0.0721      0.693    224.693 159.908606     0.7120 1.1618e-01     4.7544     19.675     28.536    10.5426 0.0000e+00
     20.063      0.006     0.0699      0.716    224.573 159.843376     0.7023 1.1616e-01     4.7334     19.675     28.537    10.5469 0.0000e+00
     20.063      0.005     0.0722      0.731    224.682 159.938539     0.7002 1.1611e-01     4.6542     19.675     28.537    10.5607 0.0000e+00
     20.064      0.005     0.0756      0.730    224.729 159.965981     0.7036 1.1612e-01     4.5521     19.676     28.538    10.5784 0.0000e+00
     20.065      0.005     0.0763      0.705    224.674 159.901857     0.6989 1.1612e-01     4.4949     19.677     28.539    10.5817 0.0000e+00
     20.067      0.005     0.0804      0.674    224.628 159.846473     0.6962 1.1607e-01     4.4779     19.679     28.542    10.5846 0.0000e+00
     20.069      0.006     0.0816      0.641    224.448 159.706288     0.7057 1.1605e-01     4.4834     19.681     28.544    10.5928 0.0000e+00
     20.071      0.006     0.0828      0.615    224.166 159.505098     0.7100 1.1605e-01     4.4933     19.683     28.546    10.5900 0.0000e+00
     20.072      0.006     0.0783      0.605    224.101 159.463710     0.7043 1.1609e-01     4.4948     19.683     28.548    10.5820 0.0000e+00
     20.073      0.006     0.0752      0.601    224.129 159.479185     0.6973 1.1611e-01     4.5009     19.686     28.551    10.5769 0.0000e+00
     20.075      0.005     0.0715      0.613    223.965 159.350568     0.6947 1.1604e-01     4.4989     19.688     28.555    10.5740 0.0000e+00
     20.077      0.005     0.0672      0.637    223.578 159.070148     0.6982 1.1599e-01     4.4699     19.689     28.556    10.5741 0.0000e+00
     20.078      0.004     0.0677      0.649    223.208 158.821655     0.6972 1.1608e-01     4.4598     19.690     28.557    10.5771 0.0000e+00
     20.079      0.003     0.0662      0.652    223.143 158.805782     0.6916 1.1619e-01     4.4789     19.691     28.559    10.5760 0.0000e+00
     20.079      0.002     0.0672      0.654    223.416 159.014917     0.6909 1.1621e-01     4.5298     19.691     28.559    10.5716 0.0000e+00
     20.080      0.001     0.0722      0.658    224.042 159.437207     0.6969 1.1621e-01     4.6624     19.691     28.560    10.5699 0.0000e+00
     20.080      0.001     0.0725      0.664    224.733 159.880380     0.7035 1.1619e-01     4.7783     19.692     28.561    10.5722 0.0000e+00
     20.080      0.000     0.0724      0.663    225.068 160.068626     0.7107 1.1612e-01     4.7979     19.692     28.561    10.5826 0.0000e+00
     20.080 1.8797e-08     0.0730      0.647    225.219 160.141699     0.7233 1.1611e-01     4.8308     19.692     28.561    10.5890 0.0000e+00
     20.080 2.0677e-07     0.0727      0.626    225.437 160.285561     0.7345 1.1614e-01     4.9361     19.692     28.560    10.5811 0.0000e+00
     20.080 2.0677e-07     0.0744      0.611    225.745 160.509786     0.7415 1.1612e-01     5.0070     19.692     28.561    10.5687 0.0000e+00
     20.080 1.8797e-08     0.0746      0.610    226.059 160.734565     0.7565 1.1614e-01     5.0010     19.692     28.560    10.5564 0.0000e+00
     20.080 1.7088e-09     0.0724      0.618    226.385 160.953444     0.8105 1.1615e-01     5.1381     19.692     28.560    10.5476 0.0000e+00
     20.080 1.5535e-10     0.0693      0.619    226.537 161.037940     0.8925 1.1607e-01     5.4635     19.692     28.560    10.5459 0.0000e+00
     20.080 1.4122e-11     0.0677      0.616    226.318 160.867847     0.9335 1.1605e-01     5.6727     19.691     28.560    10.5490 0.0000e+00
     20.080 1.2839e-12     0.0670      0.622    226.238 160.810133     0.9330 1.1610e-01     5.6768     19.691     28.560    10.5506 0.0000e+00
     20.080 1.1672e-13     0.0695      0.632    226.349 160.886800     0.8862 1.1610e-01     5.5478     19.692     28.561    10.5474 0.0000e+00
     20.080 1.0611e-14     0.0693      0.638    226.288 160.838181     0.8017 1.1613e-01     5.3484     19.692     28.560    10.5400 0.0000e+00
     20.080 9.6460e-16     0.0678      0.634    226.193 160.768928     0.7603 1.1615e-01     5.2225     19.691     28.560    10.5359 0.0000e+00
     20.080 8.7690e-17     0.0693      0.631    226.343 160.869440     0.7590 1.1614e-01     5.1935     19.691     28.560    10.5382 0.0000e+00
     20.080 7.9720e-18     0.0702      0.636    226.897 161.233488     0.7516 1.1618e-01     5.2384     19.692     28.560    10.5376 0.0000e+00
     20.080 7.2470e-19     0.0719      0.641    227.600 161.685614     0.7315 1.1618e-01     5.3182     19.692     28.560    10.5348 0.0000e+00
     20.080 6.5880e-20     0.0709      0.653    227.939 161.894350     0.7149 1.1609e-01     5.3344     19.691     28.560    10.5358 0.0000e+00
     20.080 5.9895e-21     0.0690      0.657    227.562 161.638914     0.7064 1.1607e-01     5.2968     19.692     28.561    10.5363 0.0000e+00
     20.080 5.4450e-22     0.0720      0.642    226.577 160.988836     0.6985 1.1610e-01     5.2065     19.692     28.561    10.5297 0.0000e+00
     20.079 4.9498e-23     0.0704      0.618    225.452 160.252629     0.6978 1.1610e-01     5.0672     19.691     28.560    10.5161 0.0000e+00
     20.079 4.4998e-24     0.0728      0.569    224.401 159.570626     0.7068 1.1611e-01     4.9862     19.691     28.560    10.5058 0.0000e+00
     20.080 4.0908e-25     0.0754      0.528    223.654 159.097361     0.7110 1.1615e-01     4.9820     19.692     28.561    10.5096 0.0000e+00
     20.080 3.7189e-26     0.0701      0.534    223.710 159.176692     0.7060 1.1616e-01     4.9821     19.692     28.561    10.5238 0.0000e+00
     20.080 3.3808e-27     0.0713      0.552    224.340 159.641603     0.7071 1.1615e-01     4.8847     19.692     28.560    10.5372 0.0000e+00
     20.080 3.0735e-28     0.0632      0.555    224.862 160.004064     0.7155 1.1615e-01     4.7653     19.692     28.561    10.5527 0.0000e+00
     20.080 2.7941e-29     0.0554      0.558    225.104 160.142807     0.7201 1.1614e-01     4.7748     19.692     28.560    10.5673 0.0000e+00
     20.080 2.5401e-30     0.0594      0.581    225.191 160.157517     0.7198 1.1610e-01     4.7938     19.692     28.561    10.5758 0.0000e+00
     20.080 2.3091e-31     0.0628      0.629    225.281 160.181870     0.7205 1.1606e-01     4.7547     19.692     28.560    10.5800 0.0000e+00
     20.080 2.0992e-32     0.0615      0.677    225.362 160.232220     0.7205 1.1607e-01     4.7146     19.692     28.560    10.5777 0.0000e+00
     20.080 1.9084e-33     0.0614      0.691    225.381 160.287981     0.7112 1.1610e-01     4.6861     19.693     28.562    10.5696 0.0000e+00
     20.080 1.7349e-34     0.0634      0.684    225.299 160.309487     0.7029 1.1607e-01     4.6842     19.692     28.561    10.5570 0.0000e+00
     20.080 1.5772e-35     0.0696      0.682    225.103 160.219019     0.6982 1.1604e-01     4.6916     19.691     28.560    10.5467 0.0000e+00
     20.080 1.4338e-36     0.0779      0.679    224.944 160.082482     0.6887 1.1605e-01     4.7070     19.692     28.561    10.5432 0.0000e+00
     20.080 1.3034e-37     0.0775      0.651    224.945 160.025174     0.6922 1.1608e-01     4.7340     19.692     28.561    10.5520 0.0000e+00
     20.080 1.1850e-38     0.0757      0.611    224.968 160.004355     0.7059 1.1611e-01     4.7431     19.692     28.561    10.5774 0.0000e+00
     20.080 1.0773e-39     0.0756      0.604    224.923 159.967375     0.7150 1.1614e-01     4.6798     19.692     28.561    10.5937 0.0000e+00
     20.080 9.8659e-41     0.0769      0.626    224.948 159.988007     0.7167 1.1613e-01     4.5521     19.692     28.560    10.5827 0.0000e+00
     20.080 1.6923e-41     0.0737      0.646    224.946 159.980517     0.7090 1.1605e-01     4.4693     19.692     28.561    10.5648 0.0000e+00
     20.080 8.9034e-41     0.0659      0.662    224.804 159.876807     0.6993 1.1603e-01     4.4683     19.692     28.561    10.5557 0.0000e+00
