Data/DataNotYetUploadedToEDI/Raw_CTD/RawDownloads/081419_fcr50_1200.cnv
* Sea-Bird SBE19plus  Data File:
* FileName = C:\DATA\081419_fcr50_1200_0001.hex
* Software version 2.8.0.119 SB_Terminal.dll
* Temperature SN = 7809
* Conductivity SN = 7809
* System UpLoad Time = Aug 14 2019 12:45:37
* <ApplicationData>
* <Seaterm232>
# nquan = 16
# nvalues = 879                         
# units = specified
# name 0 = depFM: Depth [fresh water, m]
# name 1 = dz/dtM: Descent Rate [m/s]
# name 2 = sbeox0Mg/L: Oxygen, SBE 43 [mg/l]
# name 3 = sbeox0PS: Oxygen, SBE 43 [% saturation]
# name 4 = specc: Specific Conductance [uS/cm]
# name 5 = c0uS/cm: Conductivity [uS/cm]
# name 6 = flECO-AFL: Fluorescence, WET Labs ECO-AFL/FL [mg/m^3]
# name 7 = ph: pH
# name 8 = orp: Oxidation Reduction Potential [mV]
# name 9 = par/sat/log: PAR/Logarithmic, Satlantic
# name 10 = turbWETntu0: Turbidity, WET Labs ECO [NTU]
# name 11 = prdM: Pressure, Strain Gauge [db]
# name 12 = prdE: Pressure, Strain Gauge [psi]
# name 13 = tv290C: Temperature [ITS-90, deg C]
# name 14 = density00: Density [density, kg/m^3]
# name 15 = flag:  0.000e+00
# span 0 =     -0.624,      9.569       
# span 1 =     -0.307,      0.287       
# span 2 =     0.1018,     9.8077       
# span 3 =      0.974,    123.376       
# span 4 =      1.001,     59.338       
# span 5 =   1.065263,  45.678614       
# span 6 =    -1.3589,     8.1911       
# span 7 =      6.809,      9.343       
# span 8 =  -102.7807,   702.2543       
# span 9 = 1.2344e-01, 5.3439e+02       
# span 10 =    -0.5672,    17.7823      
# span 11 =     -0.613,      9.385      
# span 12 =     -0.889,     13.611      
# span 13 =    11.8048,    28.2626      
# span 14 =   996.1673,   999.5852      
# span 15 = 0.0000e+00, 0.0000e+00      
# interval = seconds: 0.25
# start_time = Aug 14 2019 11:57:54 [Instrument's time stamp, header]
# bad_flag = -9.990e-29
*END*
[from data line 452]
      0.703     -0.010     7.5457     95.017     36.453  38.048213     3.6130      8.681   224.5289 1.9131e+02     3.9833      0.696      1.010    27.1797   996.4871 0.0000e+00
      0.689     -0.026     7.5041     94.493     36.423  38.016429     3.5966      8.682   224.9683 1.9453e+02     3.7849      0.679      0.985    27.1794   996.4871 0.0000e+00
      0.664     -0.031     7.4363     93.637     36.414  38.006062     3.5960      8.680   226.2189 1.9794e+02     3.7595      0.649      0.942    27.1797   996.4869 0.0000e+00
      0.641     -0.018     7.3535     92.595     36.395  37.986343     3.5971      8.674   227.0018 2.0053e+02     3.7758      0.625      0.906    27.1804   996.4866 0.0000e+00
      0.630      0.010     7.2694     91.534     36.378  37.968436     3.5930      8.671   227.0353 2.0080e+02     3.8510      0.613      0.889    27.1811   996.4864 0.0000e+00
      0.635      0.044     7.1979     90.631     36.390  37.979967     3.5891      8.671   226.7953 1.9807e+02     4.0459      0.615      0.893    27.1811   996.4863 0.0000e+00
      0.660      0.077     7.1566     90.111     36.409  37.998808     3.5935      8.673   226.5105 1.9367e+02     4.1982      0.641      0.931    27.1802   996.4868 0.0000e+00
      0.698      0.103     7.1618     90.177     36.416  38.005812     3.6111      8.677   226.4303 1.8778e+02     4.2183      0.686      0.995    27.1801   996.4870 0.0000e+00
      0.735      0.119     7.2153     90.847     36.413  38.001177     3.6797      8.679   226.6003 1.8240e+02     4.3211      0.724      1.049    27.1792   996.4873 0.0000e+00
      0.767      0.124     7.3094     92.027     36.419  38.006238     3.7821      8.681   226.8445 1.7777e+02     4.5233      0.752      1.091    27.1773   996.4880 0.0000e+00
      0.797      0.120     7.4343     93.596     36.418  38.003524     3.8352      8.683   227.2329 1.7345e+02     4.6321      0.780      1.132    27.1772   996.4882 0.0000e+00
      0.827      0.111     7.5703     95.304     36.386  37.968363     3.8448      8.682   227.4244 1.7026e+02     4.6202      0.811      1.177    27.1774   996.4883 0.0000e+00
      0.856      0.100     7.6859     96.754     36.382  37.961959     3.8467      8.682   226.5785 1.6629e+02     4.4784      0.841      1.218    27.1754   996.4889 0.0000e+00
      0.882      0.085     7.7529     97.595     36.410  37.989572     3.8398      8.684   225.3507 1.6179e+02     4.2607      0.865      1.254    27.1722   996.4899 0.0000e+00
      0.905      0.069     7.7676     97.778     36.406  37.984847     3.8315      8.689   225.3134 1.5870e+02     4.1510      0.889      1.289    27.1710   996.4905 0.0000e+00
      0.922      0.054     7.7455     97.495     36.392  37.968303     3.8328      8.694   226.0418 1.5605e+02     4.1678      0.909      1.319    27.1689   996.4911 0.0000e+00
      0.931      0.043     7.6977     96.886     36.406  37.979967     3.8645      8.698   226.3280 1.5403e+02     4.1696      0.916      1.329    27.1645   996.4924 0.0000e+00
      0.932      0.037     7.6256     95.969     36.429  37.998913     3.9198      8.701   225.6760 1.5266e+02     4.1393      0.912      1.323    27.1633   996.4926 0.0000e+00
      0.934      0.036     7.5373     94.848     36.440  38.006950     3.9548      8.703   224.6117 1.5089e+02     4.1628      0.913      1.324    27.1630   996.4927 0.0000e+00
      0.943      0.041     7.4530     93.779     36.450  38.013658     3.9674      8.705   224.3002 1.4886e+02     4.2243      0.922      1.338    27.1598   996.4937 0.0000e+00
      0.957      0.053     7.3957     93.051     36.456  38.016536     4.0284      8.706   224.6635 1.4650e+02     4.3251      0.937      1.359    27.1553   996.4950 0.0000e+00
      0.973      0.069     7.3742     92.769     36.424  37.978265     4.1382      8.703   225.4759 1.4397e+02     4.4302      0.955      1.385    27.1493   996.4966 0.0000e+00
      0.989      0.085     7.3709     92.710     36.387  37.931773     4.1930      8.699   226.3797 1.4124e+02     4.4469      0.969      1.405    27.1434   996.4984 0.0000e+00
      1.010      0.095     7.3614     92.571     36.423  37.962207     4.1972      8.696   226.2990 1.3719e+02     4.4290      0.987      1.431    27.1389   996.4997 0.0000e+00
      1.039      0.099     7.3353     92.230     36.492  38.028843     4.2324      8.696   225.4460 1.3235e+02     4.3772      1.016      1.473    27.1352   996.5009 0.0000e+00
      1.074      0.095     7.2984     91.760     36.505  38.039208     4.2977      8.698   224.9294 1.2814e+02     4.2801      1.054      1.529    27.1288   996.5028 0.0000e+00
      1.107      0.089     7.2633     91.312     36.494  38.024055     4.3362      8.702   224.9564 1.2532e+02     4.2380      1.091      1.582    27.1160   996.5065 0.0000e+00
      1.129      0.081     7.2346     90.940     36.510  38.036054     4.3335      8.705   225.2561 1.2397e+02     4.2282      1.112      1.613    27.1038   996.5100 0.0000e+00
      1.139      0.071     7.2071     90.582     36.536  38.057324     4.3258      8.707   225.7141 1.2292e+02     4.1949      1.118      1.622    27.0975   996.5117 0.0000e+00
      1.147      0.063     7.1764     90.182     36.574  38.090792     4.3568      8.708   226.0196 1.2135e+02     4.2940      1.122      1.627    27.0944   996.5126 0.0000e+00
      1.161      0.060     7.1468     89.788     36.615  38.123321     4.4133      8.710   226.0248 1.1895e+02     4.5417      1.135      1.646    27.0914   996.5136 0.0000e+00
      1.181      0.064     7.1318     89.556     36.644  38.133236     4.4449      8.711   226.1211 1.1668e+02     4.6665      1.158      1.680    27.0838   996.5158 0.0000e+00
      1.200      0.073     7.1401     89.591     36.687  38.147156     4.4534      8.711   226.5819 1.1524e+02     4.6560      1.179      1.710    27.0742   996.5185 0.0000e+00
      1.216      0.083     7.1700     89.874     36.744  38.164631     4.4550      8.707   227.5524 1.1349e+02     4.6432      1.191      1.728    27.0681   996.5202 0.0000e+00
      1.235      0.093     7.2205     90.366     36.796  38.154035     4.4559      8.701   228.6490 1.1063e+02     4.6427      1.208      1.752    27.0577   996.5232 0.0000e+00
      1.259      0.099     7.2928     91.070     36.813  38.082417     4.4559      8.696   229.0853 1.0736e+02     4.6510      1.234      1.788    27.0324   996.5302 0.0000e+00
      1.288      0.103     7.3838     91.997     36.821  37.996804     4.4629      8.693   229.0420 1.0403e+02     4.6451      1.262      1.829    26.9853   996.5433 0.0000e+00
      1.322      0.104     7.5003     93.228     36.862  37.943939     4.5583      8.689   229.1581 1.0063e+02     4.6370      1.297      1.881    26.9368   996.5568 0.0000e+00
      1.353      0.103     7.6463     94.788     36.852  37.823951     4.7332      8.684   229.7147 9.7984e+01     4.6508      1.331      1.931    26.8596   996.5781 0.0000e+00
      1.376      0.100     7.8015     96.466     36.759  37.624949     4.8348      8.679   230.8686 9.6033e+01     4.6806      1.351      1.960    26.7131   996.6183 0.0000e+00
      1.396      0.098     7.9410     97.995     36.660  37.441928     4.8854      8.671   232.2684 9.4030e+01     4.7035      1.366      1.983    26.5880   996.6524 0.0000e+00
      1.418      0.098     8.0530     99.216     36.547  37.261273     5.3279      8.662   233.2180 9.1755e+01     4.7956      1.390      2.017    26.4761   996.6827 0.0000e+00
      1.443      0.103     8.1428    100.178     36.436  37.090901     6.1362      8.651   233.4883 8.9351e+01     4.9746      1.416      2.052    26.3080   996.7281 0.0000e+00
      1.469      0.111     8.2309    101.134     36.366  36.968726     6.5786      8.640   233.3845 8.6799e+01     5.0665      1.440      2.088    26.1569   996.7687 0.0000e+00
      1.498      0.116     8.3443    102.406     36.308  36.863048     6.6451      8.629   233.6840 8.4031e+01     5.0865      1.469      2.129    26.0554   996.7959 0.0000e+00
      1.531      0.116     8.4888    104.063     36.256  36.765176     6.8186      8.622   234.7003 8.0946e+01     5.0856      1.500      2.176    25.9686   996.8190 0.0000e+00
      1.567      0.111     8.6388    105.783     36.210  36.673907     7.1066      8.617   235.7778 7.7829e+01     4.9893      1.537      2.230    25.8885   996.8403 0.0000e+00
      1.601      0.101     8.7733    107.311     36.165  36.584607     7.2667      8.613   236.4729 7.5379e+01     4.9057      1.574      2.282    25.8199   996.8586 0.0000e+00
      1.626      0.090     8.8931    108.658     36.134  36.510532     7.2892      8.609   237.0822 7.3772e+01     4.8939      1.599      2.318    25.7582   996.8749 0.0000e+00
      1.643      0.081     9.0061    109.927     36.140  36.476385     7.2914      8.601   237.7247 7.2749e+01     4.8800      1.613      2.339    25.6955   996.8915 0.0000e+00
      1.656      0.078     9.1207    111.220     36.190  36.489040     7.3029      8.591   238.2180 7.1916e+01     4.7710      1.624      2.356    25.6354   996.9074 0.0000e+00
      1.668      0.079     9.2382    112.546     36.212  36.473069     7.3242      8.582   238.5730 7.0806e+01     4.5585      1.634      2.370    25.5737   996.9235 0.0000e+00
      1.685      0.086     9.3502    113.796     36.189  36.410165     7.3405      8.572   238.9193 6.8869e+01     4.4085      1.648      2.391    25.5118   996.9397 0.0000e+00
      1.713      0.096     9.4395    114.752     36.186  36.363132     7.3523      8.560   239.3945 6.6312e+01     4.3993      1.678      2.433    25.4580   996.9539 0.0000e+00
      1.744      0.107     9.4869    115.188     36.219  36.348632     7.3368      8.550   239.9303 6.4040e+01     4.4801      1.713      2.484    25.4069   996.9674 0.0000e+00
      1.772      0.115     9.4958    115.163     36.279  36.361717     7.3006      8.541   240.6654 6.1949e+01     4.5007      1.738      2.520    25.3555   996.9809 0.0000e+00
      1.801      0.117     9.4912    114.975     36.357  36.394326     7.2790      8.532   241.6572 5.9454e+01     4.4188      1.764      2.558    25.3036   996.9945 0.0000e+00
      1.835      0.112     9.4875    114.793     36.435  36.425481     7.2838      8.524   242.3724 5.6799e+01     4.3752      1.800      2.610    25.2406   997.0109 0.0000e+00
      1.869      0.105     9.4805    114.571     36.478  36.420982     7.3404      8.518   242.6875 5.4619e+01     4.2356      1.836      2.663    25.1691   997.0296 0.0000e+00
      1.895      0.095     9.4624    114.220     36.506  36.403329     7.4260      8.513   242.7993 5.2992e+01     3.9426      1.861      2.699    25.1076   997.0455 0.0000e+00
      1.915      0.084     9.4333    113.742     36.549  36.402393     7.4611      8.508   242.7788 5.1555e+01     3.7830      1.878      2.724    25.0478   997.0609 0.0000e+00
      1.933      0.073     9.3931    113.137     36.599  36.409596     7.4612      8.502   242.9556 5.0183e+01     3.7801      1.896      2.750    24.9822   997.0779 0.0000e+00
      1.949      0.065     9.3300    112.262     36.657  36.426890     7.4968      8.496   243.3877 4.8969e+01     3.8416      1.913      2.775    24.9159   997.0950 0.0000e+00
      1.963      0.060     9.2238    110.880     36.688  36.421010     7.5538      8.490   243.7872 4.7912e+01     3.9366      1.927      2.793    24.8523   997.1113 0.0000e+00
      1.976      0.059     9.0616    108.854     36.696  36.401925     7.5778      8.484   244.1725 4.6904e+01     3.9790      1.938      2.810    24.7923   997.1266 0.0000e+00
      1.990      0.061     8.8457    106.219     36.697  36.386510     7.5873      8.478   244.6044 4.5823e+01     3.9610      1.951      2.829    24.7349   997.1413 0.0000e+00
      2.006      0.064     8.5859    103.058     36.688  36.361549     7.6598      8.471   244.9659 4.4691e+01     3.8825      1.967      2.852    24.6803   997.1553 0.0000e+00
      2.022      0.068     8.2890     99.427     36.708  36.353977     7.7871      8.463   245.4459 4.3556e+01     3.7836      1.983      2.877    24.6253   997.1692 0.0000e+00
      2.040      0.073     7.9648     95.449     36.750  36.358390     7.8692      8.455   246.2774 4.2360e+01     3.7483      1.999      2.900    24.5839   997.1798 0.0000e+00
      2.060      0.081     7.6295     91.339     36.783  36.351373     7.8892      8.446   247.1912 4.1240e+01     3.7510      2.022      2.931    24.5722   997.1828 0.0000e+00
      2.080      0.088     7.2860     87.142     36.803  36.332557     7.8987      8.438   247.9766 4.0218e+01     3.7180      2.040      2.959    24.5579   997.1864 0.0000e+00
      2.100      0.094     6.9321     82.827     36.832  36.321241     7.9584      8.431   248.6315 3.8947e+01     3.5781      2.056      2.982    24.5163   997.1970 0.0000e+00
      2.127      0.097     6.5764     78.486     36.899  36.341445     8.0651      8.423   248.9151 3.7366e+01     3.3707      2.083      3.021    24.4620   997.2107 0.0000e+00
      2.159      0.097     6.2348     74.307     37.001  36.386353     8.1228      8.414   248.9104 3.5921e+01     3.2748      2.118      3.074    24.4064   997.2248 0.0000e+00
      2.188      0.092     5.9228     70.486     37.093  36.419834     8.1269      8.408   249.1773 3.4867e+01     3.2708      2.149      3.117    24.3550   997.2379 0.0000e+00
      2.211      0.085     5.6416     67.047     37.158  36.428826     8.1401      8.403   249.7329 3.4001e+01     3.1914      2.168      3.145    24.3043   997.2506 0.0000e+00
      2.230      0.077     5.3865     63.932     37.213  36.431524     8.1698      8.397   250.2937 3.3229e+01     3.0689      2.187      3.173    24.2445   997.2657 0.0000e+00
      2.247      0.072     5.1528     61.087     37.282  36.452376     8.1911      8.391   250.7092 3.2692e+01     3.0340      2.207      3.199    24.1654   997.2855 0.0000e+00
      2.259      0.071     4.9297     58.374     37.370  36.490458     8.1897      8.384   250.5412 3.2231e+01     3.0648      2.214      3.211    24.0841   997.3056 0.0000e+00
      2.273      0.073     4.7135     55.731     37.451  36.511069     8.1875      8.378   250.0683 3.1499e+01     3.0807      2.225      3.227    24.0125   997.3234 0.0000e+00
      2.294      0.076     4.5044     53.167     37.521  36.511079     8.1910      8.371   250.0679 3.0586e+01     3.0622      2.249      3.262    23.9400   997.3414 0.0000e+00
      2.318      0.077     4.2818     50.454     37.571  36.490484     8.1801      8.365   250.3646 2.9749e+01     3.0378      2.273      3.298    23.8806   997.3561 0.0000e+00
      2.342      0.075     4.0183     47.272     37.600  36.452375     8.1688      8.359   250.8168 2.8976e+01     3.0484      2.296      3.330    23.8266   997.3695 0.0000e+00
      2.363      0.072     3.7139     43.622     37.643  36.431044     8.0891      8.353   251.4918 2.8328e+01     2.9609      2.320      3.365    23.7447   997.3897 0.0000e+00
      2.380      0.069     3.3890     39.749     37.694  36.422897     7.9262      8.347   251.5568 2.7926e+01     2.7338      2.337      3.390    23.6459   997.4138 0.0000e+00
      2.392      0.068     3.0654     35.905     37.745  36.417261     7.8295      8.341   250.9137 2.7666e+01     2.5968      2.346      3.402    23.5555   997.4358 0.0000e+00
      2.404      0.068     2.7553     32.226     37.815  36.426293     7.8047      8.336   250.5999 2.7282e+01     2.5823      2.354      3.415    23.4674   997.4573 0.0000e+00
      2.420      0.069     2.4543     28.657     37.929  36.468552     7.7037      8.331   250.8595 2.6616e+01     2.4927      2.371      3.438    23.3814   997.4780 0.0000e+00
      2.443      0.071     2.1618     25.194     38.093  36.547273     7.5189      8.326   251.3858 2.5884e+01     2.3001      2.395      3.474    23.3070   997.4960 0.0000e+00
      2.466      0.072     1.8855     21.924     38.262  36.616325     7.4167      8.320   251.8873 2.5358e+01     2.1868      2.420      3.511    23.2391   997.5123 0.0000e+00
