Data/DataNotYetUploadedToEDI/Raw_CTD/RawDownloads/081424_ccr90_S8188003.cnv
* Sea-Bird SBE19plus  Data File:
* FileName = C:\R\Reservoirs\Data\DataNotYetUploadedToEDI\Raw_CTD\RawDownloads\081424_ccr50_S8188_0003.hex
* Software version 2.8.0.119
* Temperature SN = 8188
* Conductivity SN = 8188
* System UpLoad Time = Aug 16 2024 10:37:10
* <ApplicationData>
* <Seaterm232>
# nquan = 13
# nvalues = 961                         
# units = specified
# name 0 = depFM: Depth [fresh water, m]
# name 1 = dz/dtM: Descent Rate [m/s]
# name 2 = sbeox0Mg/L: Oxygen, SBE 43 [mg/l]
# name 3 = sbeox0PS: Oxygen, SBE 43 [% saturation]
# name 4 = specc: Specific Conductance [uS/cm]
# name 5 = c0uS/cm: Conductivity [uS/cm]
# name 6 = flECO-AFL: Fluorescence, WET Labs ECO-AFL/FL [mg/m^3]
# name 7 = par/sat/log: PAR/Logarithmic, Satlantic
# name 8 = turbWETntu0: Turbidity, WET Labs ECO [NTU]
# name 9 = prdM: Pressure, Strain Gauge [db]
# name 10 = prdE: Pressure, Strain Gauge [psi]
# name 11 = tv290C: Temperature [ITS-90, deg C]
# name 12 = flag:  0.000e+00
# span 0 =     -0.430,      3.870       
# span 1 =     -0.299,      0.166       
# span 2 =     4.2343,     9.7199       
# span 3 =     52.750,    120.677       
# span 4 =  -1166.641,    116.969       
# span 5 = -1.208e+03, 121.409337       
# span 6 =    -1.1605,   238.5045       
# span 7 = 1.3130e+02, 2.3455e+03       
# span 8 =    -6.6077,    24.8990       
# span 9 =     -0.424,      3.795       
# span 10 =     -0.614,      5.505      
# span 11 =    24.8253,    26.8943      
# span 12 = 0.0000e+00, 0.0000e+00      
# interval = seconds: 0.25
# start_time = Aug 14 2024 10:26:35 [Instrument's time stamp, header]
# bad_flag = -9.990e-29
*END*
     -0.429      0.024     8.5385    103.017     50.385  50.793836   238.4777 1.0338e+03     4.3995     -0.422     -0.612    24.8310 0.0000e+00
     -0.429      0.049     8.5356    103.012     81.598  82.827427   238.5045 1.1584e+03     4.5323     -0.421     -0.611    24.8353 0.0000e+00
     -0.424      0.078     8.5388    103.011    105.407 107.661221   178.2460 1.3140e+03     3.4990     -0.423     -0.613    24.8253 0.0000e+00
     -0.402      0.108     8.5382    103.016    115.627 118.623428    66.8955 1.4747e+03     1.5881     -0.405     -0.588    24.8393 0.0000e+00
     -0.358      0.136     8.4862    103.041    116.362 119.796013     6.1285 1.6031e+03     0.5173     -0.350     -0.508    25.1583 0.0000e+00
     -0.309      0.157     8.4041    103.112    116.264 119.998309     0.6010 1.6948e+03     0.4059     -0.300     -0.435    25.6822 0.0000e+00
     -0.264      0.165     8.3454    103.279    116.053 119.978768     0.1589 1.7422e+03     0.5502     -0.260     -0.377    26.0625 0.0000e+00
     -0.219      0.156     8.3080    103.560    115.936 119.969197     0.2289 1.6732e+03     0.7849     -0.216     -0.312    26.3088 0.0000e+00
     -0.173      0.136     8.2832    103.883    115.925 120.019127     0.2938 1.5362e+03     0.8744     -0.167     -0.241    26.4860 0.0000e+00
     -0.134      0.110     8.2679    104.163    115.906 120.037018     0.3023 1.4727e+03     0.8425     -0.125     -0.182    26.6147 0.0000e+00
     -0.110      0.081     8.2672    104.376    115.771 119.912807     0.2706 1.4925e+03     0.7773     -0.105     -0.151    26.7003 0.0000e+00
     -0.097      0.053     8.2866    104.513    115.482 119.608395     0.2052 1.5177e+03     0.7046     -0.093     -0.134    26.7395 0.0000e+00
     -0.093      0.029     8.3126    104.568    115.192 119.288586     0.1622 1.5095e+03     0.6845     -0.087     -0.126    26.7625 0.0000e+00
     -0.094      0.015     8.3321    104.551    115.121 119.182744     0.1662 1.4722e+03     0.7055     -0.092     -0.133    26.7784 0.0000e+00
     -0.098      0.015     8.3480    104.475    115.335 119.351468     0.1939 1.4347e+03     0.6500     -0.097     -0.140    26.7866 0.0000e+00
     -0.100      0.027     8.3608    104.401    115.638 119.623778     0.2199 1.4343e+03     0.4939     -0.099     -0.143    26.7818 0.0000e+00
     -0.096      0.049     8.3653    104.437    115.752 119.747550     0.2279 1.4831e+03     0.3979     -0.097     -0.141    26.7718 0.0000e+00
     -0.084      0.073     8.3661    104.655    115.663 119.688750     0.2215 1.5467e+03     0.4165     -0.087     -0.126    26.7636 0.0000e+00
     -0.059      0.092     8.3622    105.019    115.611 119.662991     0.2376 1.5944e+03     0.5466     -0.063     -0.091    26.7338 0.0000e+00
     -0.022      0.102     8.3571    105.429    115.697 119.777088     0.2844 1.6356e+03     0.7689     -0.024     -0.034    26.7060 0.0000e+00
      0.019      0.103     8.3558    105.825    115.795 119.909077     0.3107 1.6764e+03     0.8722      0.022      0.032    26.7153 0.0000e+00
      0.050      0.095     8.3713    106.161    115.819 119.963279     0.3035 1.6998e+03     0.8351      0.055      0.080    26.7366 0.0000e+00
      0.069      0.081     8.4036    106.400    115.854 120.023341     0.2928 1.7130e+03     0.7670      0.069      0.099    26.7462 0.0000e+00
      0.082      0.070     8.4352    106.529    115.900 120.089778     0.2858 1.7367e+03     0.7010      0.080      0.116    26.7547 0.0000e+00
      0.093      0.068     8.4664    106.587    115.883 120.084662     0.2878 1.7600e+03     0.7235      0.094      0.136    26.7704 0.0000e+00
      0.102      0.079     8.4918    106.649    115.891 120.097886     0.3007 1.7573e+03     0.7636      0.100      0.144    26.7845 0.0000e+00
      0.113      0.099     8.5105    106.784    115.965 120.181480     0.3025 1.5449e+03     0.7744      0.104      0.150    26.7937 0.0000e+00
      0.141      0.121     8.5183    107.058    116.045 120.277081     0.2929 1.2483e+03     0.8195      0.133      0.193    26.8022 0.0000e+00
      0.184      0.140     8.5190    107.466    116.118 120.367301     0.2883 1.1986e+03     0.8629      0.179      0.260    26.8083 0.0000e+00
      0.231      0.155     8.5231    108.037    116.184 120.454027     0.2898 1.2541e+03     0.8873      0.225      0.326    26.8081 0.0000e+00
      0.278      0.163     8.5303    108.638    116.216 120.507390     0.2848 1.2027e+03     0.8735      0.274      0.398    26.8105 0.0000e+00
      0.322      0.166     8.5519    108.258    116.159 120.466989     0.2720 9.5189e+02     0.8682      0.318      0.462    26.8172 0.0000e+00
      0.359      0.162     8.5855    105.724    116.060 120.374718     0.2730 7.8648e+02     0.9267      0.355      0.516    26.8230 0.0000e+00
      0.394      0.153     8.6215    101.147    116.031 120.346470     0.2880 8.3003e+02     0.9281      0.382      0.554    26.8307 0.0000e+00
      0.436      0.141     8.7008     95.400    116.081 120.398217     0.2972 7.8663e+02     0.8169      0.423      0.613    26.8400 0.0000e+00
      0.482      0.130     8.7225     89.288    116.132 120.454839     0.2978 7.7705e+02     0.7147      0.481      0.698    26.8492 0.0000e+00
      0.517      0.121     8.5038     83.660    116.157 120.485544     0.2954 9.3963e+02     0.6538      0.512      0.744    26.8545 0.0000e+00
      0.537      0.111     8.1071     79.336    116.163 120.496696     0.2947 1.0542e+03     0.5957      0.527      0.765    26.8530 0.0000e+00
      0.556      0.101     7.6318     76.781    116.117 120.453294     0.3142 9.3833e+02     0.5957      0.544      0.787    26.8524 0.0000e+00
      0.580      0.095     7.1173     75.949    116.037 120.369939     0.3489 7.6362e+02     0.6201      0.567      0.823    26.8547 0.0000e+00
      0.606      0.094     6.6429     76.389    115.982 120.307174     0.3678 7.7744e+02     0.6156      0.597      0.866    26.8566 0.0000e+00
      0.630      0.095     6.2825     77.401    115.928 120.239941     0.3697 8.1538e+02     0.6436      0.618      0.896    26.8593 0.0000e+00
      0.655      0.091     6.0818     78.346    115.870 120.170744     0.3628 7.5072e+02     0.6849      0.641      0.929    26.8617 0.0000e+00
      0.681      0.081     6.0276     78.903    115.920 120.220621     0.3543 7.5616e+02     0.6682      0.669      0.972    26.8619 0.0000e+00
      0.706      0.066     6.0849     78.976    116.056 120.365651     0.3533 7.3573e+02     0.6478      0.695      1.008    26.8588 0.0000e+00
      0.724      0.048     6.1869     78.574    116.174 120.492248     0.3518 6.1598e+02     0.6784      0.714      1.034    26.8527 0.0000e+00
      0.734      0.030     6.2697     77.806    116.203 120.523817     0.3444 5.4101e+02     0.6952      0.722      1.049    26.8483 0.0000e+00
      0.735      0.013     6.3160     76.818    116.155 120.474578     0.3417 4.9859e+02     0.6783      0.723      1.049    26.8479 0.0000e+00
      0.730     -0.001     6.3221     75.798    116.123 120.442457     0.3450 4.9300e+02     0.6463      0.716      1.039    26.8500 0.0000e+00
      0.725     -0.010     6.2856     75.002    116.089 120.408217     0.3493 5.9334e+02     0.6178      0.710      1.030    26.8525 0.0000e+00
      0.721     -0.015     6.2199     74.504    116.017 120.333366     0.3415 6.9248e+02     0.6423      0.707      1.026    26.8529 0.0000e+00
      0.718     -0.016     6.1379     74.139    115.974 120.287564     0.3207 6.6779e+02     0.6679      0.705      1.022    26.8526 0.0000e+00
      0.715     -0.014     6.0460     73.918    116.014 120.331777     0.3062 6.5360e+02     0.6533      0.701      1.016    26.8533 0.0000e+00
      0.710     -0.009     5.9785     74.078    116.068 120.390588     0.2959 7.8256e+02     0.6373      0.696      1.010    26.8544 0.0000e+00
      0.705      0.000     5.9489     74.639    116.063 120.384912     0.2910 8.3647e+02     0.6109      0.690      1.001    26.8537 0.0000e+00
      0.702      0.009     5.9204     75.281    115.950 120.263144     0.2906 7.1213e+02     0.6098      0.686      0.994    26.8526 0.0000e+00
      0.705      0.014     5.8904     75.691    115.781 120.077571     0.2821 6.8597e+02     0.6573      0.689      0.998    26.8537 0.0000e+00
      0.715      0.014     5.9017     75.804    115.764 120.050543     0.2756 8.7449e+02     0.6710      0.701      1.016    26.8558 0.0000e+00
      0.729      0.010     5.9592     75.801    115.918 120.209101     0.2809 1.0390e+03     0.6379      0.716      1.039    26.8564 0.0000e+00
      0.737      0.005     6.0209     76.060    116.057 120.358068     0.2864 1.1688e+03     0.6343      0.728      1.057    26.8544 0.0000e+00
      0.733      0.001     6.0548     76.739    116.112 120.419651     0.2813 1.2447e+03     0.6620      0.725      1.050    26.8493 0.0000e+00
      0.719     -0.002     6.0609     77.474    116.106 120.408159     0.2789 1.0082e+03     0.6637      0.702      1.019    26.8433 0.0000e+00
      0.709     -0.003     6.0468     77.838    116.066 120.355500     0.2843 8.2609e+02     0.6557      0.689      1.000    26.8428 0.0000e+00
      0.712     -0.002     6.0579     77.830    116.048 120.328477     0.3029 9.0444e+02     0.6675      0.696      1.010    26.8468 0.0000e+00
      0.723      0.001     6.1276     77.754    116.073 120.354188     0.3393 9.0525e+02     0.6698      0.711      1.032    26.8498 0.0000e+00
      0.729      0.005     6.2028     77.884    116.103 120.393596     0.3597 8.0168e+02     0.6483      0.719      1.042    26.8478 0.0000e+00
      0.728      0.005     6.2304     78.247    116.098 120.395819     0.3584 9.7714e+02     0.6479      0.715      1.037    26.8407 0.0000e+00
      0.723      0.001     6.2192     78.537    116.083 120.381075     0.3585 1.2136e+03     0.6656      0.709      1.028    26.8356 0.0000e+00
      0.721     -0.003     6.2048     78.418    116.059 120.351707     0.3620 1.1385e+03     0.6557      0.705      1.022    26.8368 0.0000e+00
      0.721     -0.006     6.2122     77.878    116.028 120.313498     0.3652 1.1236e+03     0.6317      0.707      1.024    26.8414 0.0000e+00
      0.724     -0.006     6.2514     77.167    116.041 120.328243     0.3622 1.0996e+03     0.6151      0.710      1.031    26.8455 0.0000e+00
      0.724     -0.004     6.2885     76.612    116.098 120.393612     0.3525 9.5670e+02     0.6266      0.711      1.031    26.8462 0.0000e+00
      0.719     -0.001     6.2769     76.407    116.119 120.421949     0.3427 8.9796e+02     0.6677      0.706      1.023    26.8430 0.0000e+00
      0.714      0.003     6.2266     76.366    116.095 120.398098     0.3388 9.4656e+02     0.7002      0.698      1.013    26.8392 0.0000e+00
      0.713      0.006     6.1603     76.156    116.079 120.377999     0.3401 1.1098e+03     0.6764      0.696      1.009    26.8395 0.0000e+00
      0.718      0.006     6.1061     75.713    116.023 120.315319     0.3412 1.1552e+03     0.5864      0.703      1.019    26.8437 0.0000e+00
      0.727      0.000     6.0970     75.179    115.904 120.185776     0.3434 9.3677e+02     0.4698      0.714      1.036    26.8470 0.0000e+00
      0.733     -0.018     6.1076     74.629    115.839 120.107366     0.3496 1.1194e+03     0.3994      0.721      1.045    26.8476 0.0000e+00
      0.733     -0.048     6.0911     74.110    115.924 120.185559     0.3557 1.6834e+03     0.3879      0.721      1.046    26.8451 0.0000e+00
      0.724     -0.079     6.0496     73.910    116.049 120.312876     0.3558 1.6113e+03     0.4336      0.716      1.039    26.8434 0.0000e+00
      0.698     -0.105     6.0050     74.358    116.017 120.282900     0.3515 1.1400e+03     0.5403      0.695      1.007    26.8416 0.0000e+00
      0.650     -0.125     5.9638     75.268    115.839 120.095894     0.3468 9.6732e+02     0.6132      0.639      0.926    26.8358 0.0000e+00
      0.600     -0.140     5.9149     76.152    115.731 119.961193     0.3418 9.5281e+02     0.6282      0.580      0.840    26.8297 0.0000e+00
      0.564     -0.149     5.8812     76.887    115.765 119.949859     0.3351 8.8757e+02     0.6189      0.549      0.796    26.8299 0.0000e+00
      0.538     -0.149     5.9259     77.852    115.822 119.958792     0.3350 8.7394e+02     0.6039      0.532      0.771    26.8332 0.0000e+00
      0.505     -0.147     6.0175     79.332    115.826 119.932746     0.3400 1.0111e+03     0.6189      0.500      0.725    26.8337 0.0000e+00
      0.462     -0.148     6.0939     81.008    115.815 119.907654     0.3437 1.1224e+03     0.6281      0.451      0.654    26.8266 0.0000e+00
      0.420     -0.148     6.1397     82.298    115.836 119.928156     0.3375 1.1955e+03     0.6116      0.409      0.594    26.8018 0.0000e+00
      0.381     -0.142     6.2059     83.022    115.806 119.907866     0.3075 1.2886e+03     0.6263      0.377      0.547    26.7749 0.0000e+00
      0.341     -0.126     6.3386     83.339    115.688 119.798741     0.2840 1.5791e+03     0.6338      0.336      0.488    26.7641 0.0000e+00
      0.300     -0.101     6.4953     83.132    115.583 119.699806     0.2877 1.8862e+03     0.5991      0.288      0.419    26.7592 0.0000e+00
      0.274     -0.074     6.6044     82.053    115.544 119.666355     0.2913 1.8532e+03     0.6188      0.261      0.379    26.7577 0.0000e+00
      0.265     -0.046     6.6480     80.043    115.542 119.667058     0.2929 1.6948e+03     0.6663      0.259      0.376    26.7648 0.0000e+00
      0.264     -0.019     6.6785     77.533    115.582 119.708309     0.2991 1.4234e+03     0.6591      0.259      0.375    26.7709 0.0000e+00
      0.267      0.002     6.6755     75.182    115.631 119.755974     0.2967 1.1999e+03     0.6337      0.261      0.378    26.7745 0.0000e+00
      0.272      0.013     6.5921     73.422    115.580 119.697834     0.2893 1.0744e+03     0.6002      0.267      0.387    26.7786 0.0000e+00
      0.278      0.015     6.4169     72.250    115.048 119.141722     0.2883 1.0156e+03     0.5973      0.273      0.395    26.7793 0.0000e+00
      0.285      0.012     6.1942     71.468    109.745 113.645785     0.2933 1.0645e+03     0.6332      0.280      0.405    26.7788 0.0000e+00
      0.290      0.007     5.9928     70.980     51.947  53.792470     0.2968 1.0181e+03     0.6563      0.286      0.415    26.7774 0.0000e+00
      0.291      0.002     5.8542     70.715   -583.825-604.539269     0.2969 1.1336e+03     0.6704      0.288      0.417    26.7748 0.0000e+00
      0.288     -0.003     5.7703     70.561  -1166.641 -1.208e+03     0.2941 1.3946e+03     0.6665      0.284      0.411    26.7724 0.0000e+00
      0.283     -0.006     5.7076     70.341   -583.834-604.668324     0.2896 1.3205e+03     0.6770      0.278      0.403    26.7706 0.0000e+00
      0.279     -0.007     5.6712     69.868     51.949  53.778612     0.2851 1.1670e+03     0.6947      0.273      0.396    26.7689 0.0000e+00
      0.278     -0.006     5.6534     69.121    109.715 113.581304     0.2832 1.2187e+03     0.6757      0.271      0.393    26.7666 0.0000e+00
      0.279     -0.004     5.6469     68.200    114.941 118.985901     0.2845 1.2300e+03     0.6518      0.273      0.396    26.7643 0.0000e+00
      0.279     -0.003     5.6365     67.236    115.411 119.466050     0.2834 1.1487e+03     0.6116      0.275      0.398    26.7618 0.0000e+00
      0.279     -0.003     5.5977     66.370    115.471 119.523114     0.2872 1.0968e+03     0.5671      0.274      0.398    26.7587 0.0000e+00
      0.278     -0.004     5.5348     65.643    115.491 119.539470     0.2958 1.0467e+03     0.5954      0.273      0.395    26.7559 0.0000e+00
      0.276     -0.006     5.4585     64.994    115.486 119.527424     0.2916 1.0033e+03     0.6449      0.270      0.392    26.7530 0.0000e+00
      0.275     -0.008     5.3762     64.395    115.481 119.513830     0.2803 1.0876e+03     0.6168      0.269      0.391    26.7503 0.0000e+00
      0.274     -0.011     5.3058     63.852    115.489 119.511476     0.2799 1.2472e+03     0.5985      0.270      0.391    26.7485 0.0000e+00
