Data/DataNotYetUploadedToEDI/Raw_CTD/RawDownloads/081424_ccr50_S8188001.cnv
* Sea-Bird SBE19plus  Data File:
* FileName = C:\R\Reservoirs\Data\DataNotYetUploadedToEDI\Raw_CTD\RawDownloads\081424_ccr50_S8188_0001.hex
* Software version 2.8.0.119
* Temperature SN = 8188
* Conductivity SN = 8188
* System UpLoad Time = Aug 16 2024 10:36:23
* <ApplicationData>
* <Seaterm232>
# nquan = 16
# nvalues = 3467                        
# units = specified
# name 0 = depFM: Depth [fresh water, m]
# name 1 = dz/dtM: Descent Rate [m/s]
# name 2 = sbeox0Mg/L: Oxygen, SBE 43 [mg/l]
# name 3 = sbeox0PS: Oxygen, SBE 43 [% saturation]
# name 4 = specc: Specific Conductance [uS/cm]
# name 5 = c0uS/cm: Conductivity [uS/cm]
# name 6 = wetCDOM: Fluorescence, WET Labs CDOM [mg/m^3]
# name 7 = flECO-AFL: Fluorescence, WET Labs ECO-AFL/FL [mg/m^3]
# name 8 = flECO-AFL1: Fluorescence, WET Labs ECO-AFL/FL, 2 [mg/m^3]
# name 9 = flECO-AFL2: Fluorescence, WET Labs ECO-AFL/FL, 3 [mg/m^3]
# name 10 = par/sat/log: PAR/Logarithmic, Satlantic
# name 11 = turbWETntu0: Turbidity, WET Labs ECO [NTU]
# name 12 = prdM: Pressure, Strain Gauge [db]
# name 13 = prdE: Pressure, Strain Gauge [psi]
# name 14 = tv290C: Temperature [ITS-90, deg C]
# name 15 = flag:  0.000e+00
# span 0 =     -0.447,     20.085       
# span 1 =     -0.266,      0.136       
# span 2 =    -0.3057,     9.3233       
# span 3 =     -2.823,    116.818       
# span 4 =   -647.146,    233.197       
# span 5 =-487.217096, 165.354613       
# span 6 =    -4.5000,    55.5300       
# span 7 =    -1.5434,   245.1682       
# span 8 =   -11.7150,     5.3676       
# span 9 =    -9.5175,     1.7766       
# span 10 = 1.1587e-01, 2.9100e+03      
# span 11 =   -12.3191,   971.0038      
# span 12 =     -0.438,     19.697      
# span 13 =     -0.635,     28.568      
# span 14 =    10.4437,    26.9220      
# span 15 = 0.0000e+00, 0.0000e+00      
# interval = seconds: 0.25
# start_time = Aug 14 2024 09:09:33 [Instrument's time stamp, header]
# bad_flag = -9.990e-29
*END*
[from data line 1808]
     20.001      0.010     0.0744      0.700    228.793 162.597458    54.3600     0.7569     0.1704     0.2961 1.1600e-01     5.4007     19.614     28.448    10.5247 0.0000e+00
     20.003      0.010     0.0752      0.702    228.738 162.556501    54.3600     0.7492     0.1704     0.2961 1.1617e-01     5.3705     19.617     28.452    10.5272 0.0000e+00
     20.006      0.010     0.0762      0.700    228.695 162.528167    54.3600     0.7569     0.1704     0.2115 1.1600e-01     5.4611     19.619     28.455    10.5299 0.0000e+00
     20.008      0.010     0.0771      0.695    228.669 162.512918    54.3600     0.7569     0.1704     0.2115 1.1605e-01     5.4158     19.622     28.459    10.5313 0.0000e+00
     20.011      0.009     0.0779      0.690    228.618 162.476620    54.3600     0.7340     0.1704     0.2115 1.1612e-01     4.9475     19.624     28.462    10.5312 0.0000e+00
     20.013      0.009     0.0781      0.687    228.562 162.431644    54.3600     0.7569     0.1704     0.2115 1.1617e-01     4.9324     19.626     28.466    10.5309 0.0000e+00
     20.015      0.009     0.0779      0.688    228.559 162.420118    54.3600     0.7530     0.1704     0.3807 1.1623e-01     4.9173     19.629     28.469    10.5312 0.0000e+00
     20.018      0.009     0.0774      0.690    228.631 162.463022    54.3600     0.7569     0.1704     0.3807 1.1607e-01     4.9928     19.631     28.472    10.5320 0.0000e+00
     20.020      0.009     0.0768      0.687    228.753 162.547742    54.3600     0.6996     0.1704     0.3807 1.1607e-01     4.9022     19.633     28.475    10.5321 0.0000e+00
     20.023      0.009     0.0765      0.683    228.881 162.640744    54.3600     0.7111     0.1704     0.3807 1.1607e-01     4.8720     19.636     28.479    10.5308 0.0000e+00
     20.025      0.009     0.0767      0.681    228.994 162.720723    54.1800     0.7187     0.1704     0.2961 1.1615e-01     5.0381     19.638     28.482    10.5288 0.0000e+00
     20.027      0.009     0.0769      0.679    229.073 162.772927    54.1800     0.6806     0.1704     0.2961 1.1600e-01     5.0230     19.640     28.485    10.5270 0.0000e+00
     20.030      0.009     0.0765      0.676    229.117 162.801251    54.1800     0.6882     0.1704     0.2961 1.1595e-01     4.6756     19.643     28.489    10.5265 0.0000e+00
     20.032      0.009     0.0761      0.672    229.138 162.821268    54.1800     0.7187     0.1704     0.2961 1.1595e-01     4.7964     19.645     28.492    10.5270 0.0000e+00
     20.034      0.009     0.0758      0.670    229.133 162.830296    54.1800     0.7073     0.1704     0.2961 1.1612e-01     4.7209     19.647     28.495    10.5270 0.0000e+00
     20.037      0.009     0.0756      0.672    229.077 162.806689    54.2700     0.6920     0.1704     0.3807 1.1625e-01     4.6907     19.649     28.499    10.5260 0.0000e+00
     20.039      0.009     0.0753      0.675    228.950 162.732125    54.2700     0.7263     0.1704     0.3807 1.1612e-01     4.9928     19.651     28.502    10.5254 0.0000e+00
     20.041      0.009     0.0749      0.675    228.763 162.610776    54.2700     0.6844     0.1704     0.3807 1.1623e-01     5.0381     19.653     28.505    10.5265 0.0000e+00
     20.043      0.009     0.0747      0.669    228.528 162.452378    54.2700     0.6806     0.1704     0.3807 1.1623e-01     4.9777     19.656     28.508    10.5292 0.0000e+00
     20.046      0.009     0.0749      0.662    228.243 162.258793    54.2700     0.7035     0.1704     0.2115 1.1600e-01     4.9928     19.658     28.512    10.5328 0.0000e+00
     20.048      0.009     0.0752      0.658    227.890 162.020493    54.2700     0.7035     0.1704     0.2115 1.1602e-01     5.0381     19.660     28.515    10.5362 0.0000e+00
     20.050      0.009     0.0752      0.656    227.448 161.724044    54.2700     0.6806     0.1704     0.2115 1.1607e-01     5.0381     19.662     28.518    10.5388 0.0000e+00
     20.052      0.009     0.0745      0.658    226.893 161.354539    54.2700     0.7149     0.1704     0.2115 1.1623e-01     4.9475     19.664     28.521    10.5407 0.0000e+00
     20.055      0.008     0.0737      0.665    226.270 160.943731    54.3600     0.6996     0.1278     0.3384 1.1612e-01     4.9777     19.667     28.525    10.5427 0.0000e+00
     20.057      0.008     0.0733      0.676    225.699 160.570489    54.3600     0.7149     0.1278     0.3384 1.1615e-01     4.7360     19.669     28.528    10.5455 0.0000e+00
     20.059      0.007     0.0731      0.687    225.267 160.289618    54.3600     0.7225     0.1278     0.3384 1.1617e-01     4.7511     19.671     28.530    10.5494 0.0000e+00
     20.061      0.007     0.0732      0.697    224.999 160.118419    54.3600     0.6920     0.1278     0.3384 1.1623e-01     4.7662     19.673     28.533    10.5550 0.0000e+00
     20.062      0.006     0.0740      0.702    224.853 160.025270    54.3600     0.6996     0.1278     0.3384 1.1602e-01     4.6756     19.674     28.535    10.5622 0.0000e+00
     20.064      0.006     0.0752      0.699    224.750 159.953263    54.6300     0.7073     0.2130     0.3807 1.1615e-01     4.5094     19.676     28.537    10.5695 0.0000e+00
     20.065      0.006     0.0765      0.687    224.649 159.875178    54.6300     0.7035     0.2130     0.3807 1.1617e-01     4.4943     19.677     28.540    10.5753 0.0000e+00
     20.067      0.006     0.0776      0.670    224.542 159.790236    54.6300     0.6806     0.2130     0.3807 1.1602e-01     4.4641     19.679     28.542    10.5795 0.0000e+00
     20.068      0.005     0.0782      0.651    224.408 159.687810    54.6300     0.7149     0.2130     0.3807 1.1607e-01     4.4792     19.680     28.544    10.5819 0.0000e+00
     20.070      0.005     0.0778      0.636    224.261 159.578666    55.4400     0.7149     0.1704     0.3807 1.1600e-01     4.5094     19.682     28.546    10.5822 0.0000e+00
     20.071      0.005     0.0765      0.627    224.145 159.493828    55.4400     0.6996     0.1704     0.3807 1.1610e-01     4.4792     19.683     28.548    10.5808 0.0000e+00
     20.072      0.005     0.0746      0.624    224.044 159.418690    55.4400     0.7035     0.1704     0.3807 1.1617e-01     4.5094     19.684     28.549    10.5788 0.0000e+00
     20.074      0.005     0.0725      0.627    223.914 159.323193    55.4400     0.6806     0.1704     0.3807 1.1605e-01     4.5094     19.685     28.551    10.5772 0.0000e+00
     20.075      0.004     0.0708      0.635    223.764 159.215944    55.5300     0.7111     0.1704     0.8037 1.1590e-01     4.4792     19.687     28.553    10.5763 0.0000e+00
     20.076      0.004     0.0698      0.642    223.665 159.148510    55.5300     0.6920     0.1704     0.8037 1.1605e-01     4.4037     19.688     28.554    10.5757 0.0000e+00
     20.077      0.003     0.0695      0.647    223.696 159.175060    55.5300     0.6958     0.1704     0.8037 1.1628e-01     4.5396     19.688     28.556    10.5750 0.0000e+00
     20.077      0.003     0.0699      0.650    223.885 159.306685    55.5300     0.6806     0.1704     0.8037 1.1617e-01     4.4188     19.689     28.557    10.5743 0.0000e+00
     20.078      0.002     0.0707      0.652    224.209 159.522367    21.1500     0.7035     0.2556     0.0846 1.1623e-01     4.7058     19.690     28.557    10.5742 0.0000e+00
     20.078      0.002     0.0715      0.652    224.579 159.761372    21.1500     0.6996     0.2556     0.0846 1.1623e-01     4.8267     19.690     28.558    10.5749 0.0000e+00
     20.079      0.001     0.0720      0.649    224.898 159.961163    21.1500     0.7111     0.2556     0.0846 1.1607e-01     4.7964     19.690     28.559    10.5759 0.0000e+00
     20.079      0.001     0.0723      0.641    225.167 160.128919    21.1500     0.7187     0.2556     0.0846 1.1607e-01     4.7662     19.691     28.559    10.5753 0.0000e+00
     20.079      0.001     0.0725      0.632    225.423 160.295343    21.1500     0.7454     0.2556     0.0846 1.1623e-01     4.9626     19.691     28.559    10.5720 0.0000e+00
     20.079      0.001     0.0726      0.625    225.678 160.466733     0.7200     0.7302     0.9372     0.0000 1.1607e-01     5.0684     19.691     28.560    10.5666 0.0000e+00
     20.080      0.000     0.0722      0.621    225.916 160.626659     0.7200     0.7569     0.9372     0.0000 1.1610e-01     4.9626     19.691     28.560    10.5605 0.0000e+00
     20.080      0.000     0.0714      0.621    226.116 160.757636     0.7200     0.7645     0.9372     0.0000 1.1628e-01     4.9475     19.691     28.560    10.5554 0.0000e+00
     20.080      0.000     0.0704      0.622    226.239 160.832457     0.7200     0.9438     0.9372     0.0000 1.1600e-01     5.6122     19.691     28.560    10.5519 0.0000e+00
     20.080 1.0085e-09     0.0695      0.623    226.272 160.845013    -0.0900     0.9362     0.7668     0.1269 1.1597e-01     5.7330     19.691     28.560    10.5496 0.0000e+00
     20.080 1.2966e-09     0.0691      0.625    226.296 160.854778    -0.0900     0.9362     0.7668     0.1269 1.1620e-01     5.7028     19.691     28.560    10.5477 0.0000e+00
     20.080 1.6671e-09     0.0691      0.629    226.342 160.880389    -0.0900     0.9438     0.7668     0.1269 1.1605e-01     5.6273     19.692     28.560    10.5452 0.0000e+00
     20.080 2.1434e-09     0.0692      0.632    226.380 160.900615    -0.0900     0.7378     0.7668     0.1269 1.1610e-01     5.2647     19.692     28.560    10.5424 0.0000e+00
     20.080 2.7558e-09     0.0693      0.633    226.442 160.936886    -0.0900     0.7683     0.5964     0.0000 1.1625e-01     5.2043     19.692     28.560    10.5400 0.0000e+00
     20.080 3.5431e-09     0.0696      0.633    226.578 161.022925    -0.0900     0.7492     0.5964     0.0000 1.1600e-01     5.1741     19.692     28.560    10.5383 0.0000e+00
     20.080 4.5554e-09     0.0701      0.635    226.789 161.157623    -0.0900     0.7721     0.5964     0.0000 1.1628e-01     5.1892     19.692     28.560    10.5368 0.0000e+00
     20.080 5.8570e-09     0.0704      0.637    226.975 161.274675    -0.0900     0.7187     0.5964     0.0000 1.1620e-01     5.3856     19.692     28.560    10.5352 0.0000e+00
     20.080 7.5304e-09     0.0705      0.637    226.984 161.275004    -0.0900     0.7149     0.5964     0.0000 1.1607e-01     5.3403     19.692     28.560    10.5335 0.0000e+00
     20.080 9.6820e-09     0.0706      0.633    226.717 161.096558     0.0000     0.7073     0.5112     0.0423 1.1600e-01     5.2950     19.692     28.560    10.5311 0.0000e+00
     20.080 1.2448e-08     0.0708      0.622    226.206 160.761907     0.0000     0.6958     0.5112     0.0423 1.1620e-01     5.2798     19.692     28.560    10.5278 0.0000e+00
     20.080 1.6005e-08     0.0709      0.605    225.594 160.364216     0.0000     0.6920     0.5112     0.0423 1.1605e-01     4.9928     19.692     28.560    10.5245 0.0000e+00
     20.080 2.0578e-08     0.0710      0.584    225.021 159.997871     0.0000     0.7073     0.5112     0.0423 1.1610e-01     4.9777     19.692     28.560    10.5232 0.0000e+00
     20.080 2.6457e-08     0.0705      0.567    224.622 159.751582     0.0000     0.7225     0.4260     0.0423 1.1617e-01     4.9626     19.692     28.560    10.5257 0.0000e+00
     20.080 3.4016e-08     0.0693      0.562    224.505 159.695961     0.0000     0.6958     0.4260     0.0423 1.1617e-01     5.0230     19.692     28.560    10.5319 0.0000e+00
     20.080 4.3735e-08     0.0674      0.565    224.618 159.790122     0.0000     0.7073     0.4260     0.0423 1.1612e-01     4.9626     19.692     28.560    10.5403 0.0000e+00
     20.080 5.6231e-08     0.0650      0.572    224.801 159.920883     0.0000     0.7149     0.4260     0.0423 1.1617e-01     4.6001     19.692     28.560    10.5494 0.0000e+00
     20.080 7.2297e-08     0.0631      0.582    224.959 160.022899     0.0000     0.7263     0.2982     0.0423 1.1615e-01     4.8418     19.692     28.560    10.5577 0.0000e+00
     20.080 9.2953e-08     0.0626      0.600    225.074 160.089302     0.0000     0.7149     0.2982     0.0423 1.1610e-01     4.8115     19.692     28.561    10.5638 0.0000e+00
     20.080 1.1951e-07     0.0630      0.624    225.158 160.137797     0.0000     0.7225     0.2982     0.0423 1.1605e-01     4.7360     19.692     28.561    10.5670 0.0000e+00
     20.080 1.5366e-07     0.0637      0.647    225.210 160.175302     0.0000     0.7225     0.2982     0.0423 1.1602e-01     4.7360     19.692     28.561    10.5670 0.0000e+00
     20.080 1.9756e-07     0.0649      0.660    225.218 160.197787     0.0000     0.7187     0.1704     0.0846 1.1617e-01     4.6454     19.692     28.561    10.5646 0.0000e+00
     20.080 2.5401e-07     0.0669      0.665    225.181 160.195217     0.0000     0.6844     0.1704     0.0846 1.1605e-01     4.7058     19.692     28.561    10.5611 0.0000e+00
     20.080 3.2658e-07     0.0695      0.665    225.108 160.158890     0.0000     0.7225     0.1704     0.0846 1.1602e-01     4.6756     19.692     28.561    10.5586 0.0000e+00
     20.080 4.1989e-07     0.0720      0.660    225.038 160.105177     0.0000     0.6653     0.1704     0.0846 1.1605e-01     4.7058     19.692     28.561    10.5589 0.0000e+00
     20.080 4.1989e-07     0.0735      0.648    224.998 160.059840     0.0000     0.6958     0.1704     0.0846 1.1607e-01     4.7360     19.692     28.561    10.5625 0.0000e+00
     20.080 3.2658e-07     0.0740      0.636    224.972 160.024817    -0.0900     0.7073     0.0852     0.0000 1.1612e-01     4.7662     19.692     28.561    10.5679 0.0000e+00
     20.080 2.5400e-07     0.0740      0.631    224.945 159.994776    -0.0900     0.7149     0.0852     0.0000 1.1612e-01     4.7360     19.692     28.561    10.5713 0.0000e+00
     20.080 1.9756e-07     0.0734      0.635    224.925 159.973733    -0.0900     0.7263     0.0852     0.0000 1.1623e-01     4.5094     19.692     28.561    10.5705 0.0000e+00
     20.080 1.5366e-07     0.0722      0.640    224.899 159.948059    -0.0900     0.7035     0.0852     0.0000 1.1597e-01     4.4339     19.692     28.561    10.5668 0.0000e+00
     20.080 1.1951e-07     0.0708      0.644    224.855 159.910906    -0.0900     0.7035     0.0426     0.0423 1.1600e-01     4.4641     19.692     28.561    10.5631 0.0000e+00
     20.080 9.2955e-08     0.0703      0.642    224.822 159.880428    -0.0900     0.6920     0.0426     0.0423 1.1612e-01     4.4943     19.692     28.561    10.5607 0.0000e+00
     20.080 7.2299e-08     0.0706      0.637    224.868 159.902612    -0.0900     0.6233     0.0426     0.0423 1.1600e-01     4.5698     19.692     28.561    10.5590 0.0000e+00
     20.080 5.6235e-08     0.0712      0.632    225.058 160.021455    -0.0900     0.6691     0.0426     0.0423 1.1595e-01     4.5396     19.692     28.561    10.5575 0.0000e+00
     20.080 4.3740e-08     0.0717      0.630    225.349 160.212528     0.0000     0.6348     0.0000     0.0000 1.1600e-01     4.4641     19.692     28.561    10.5561 0.0000e+00
     20.080 3.4023e-08     0.0715      0.631    225.654 160.420555     0.0000     0.6500     0.0000     0.0000 1.1615e-01     4.4641     19.692     28.561    10.5547 0.0000e+00
     20.080 2.6465e-08     0.0709      0.631    225.916 160.606806     0.0000     0.6424     0.0000     0.0000 1.1610e-01     4.1922     19.692     28.561    10.5523 0.0000e+00
     20.080 2.0588e-08     0.0703      0.630    226.169 160.788878     0.0000     0.6386     0.0000     0.0000 1.1607e-01     4.2224     19.692     28.561    10.5486 0.0000e+00
     20.080 1.6018e-08     0.0702      0.629    226.491 161.017330     0.0000     0.6653     0.0000     0.0000 1.1607e-01     4.2224     19.692     28.561    10.5451 0.0000e+00
     20.080 1.2466e-08     0.0703      0.631    226.879 161.284933     0.0000     0.6462     0.0000    -0.0423 1.1615e-01     4.2677     19.692     28.561    10.5432 0.0000e+00
     20.080 9.7042e-09     0.0703      0.635    227.284 161.550803     0.0000     0.7073     0.0000    -0.0423 1.1605e-01     4.4641     19.692     28.561    10.5431 0.0000e+00
