Data/DataNotYetUploadedToEDI/Raw_CTD/RawDownloads/081419_fcr50_2100.cnv
* Sea-Bird SBE19plus  Data File:
* FileName = C:\DATA\081519_fcr50_0000_0003.hex
* Software version 2.8.0.119 SB_Terminal.dll
* Temperature SN = 7809
* Conductivity SN = 7809
* System UpLoad Time = Aug 15 2019 01:07:05
* <ApplicationData>
* <Seaterm232>
# nquan = 16
# nvalues = 1006                        
# units = specified
# name 0 = depFM: Depth [fresh water, m]
# name 1 = dz/dtM: Descent Rate [m/s]
# name 2 = sbeox0Mg/L: Oxygen, SBE 43 [mg/l]
# name 3 = sbeox0PS: Oxygen, SBE 43 [% saturation]
# name 4 = specc: Specific Conductance [uS/cm]
# name 5 = c0uS/cm: Conductivity [uS/cm]
# name 6 = flECO-AFL: Fluorescence, WET Labs ECO-AFL/FL [mg/m^3]
# name 7 = ph: pH
# name 8 = orp: Oxidation Reduction Potential [mV]
# name 9 = par/sat/log: PAR/Logarithmic, Satlantic
# name 10 = turbWETntu0: Turbidity, WET Labs ECO [NTU]
# name 11 = prdM: Pressure, Strain Gauge [db]
# name 12 = prdE: Pressure, Strain Gauge [psi]
# name 13 = tv290C: Temperature [ITS-90, deg C]
# name 14 = density00: Density [density, kg/m^3]
# name 15 = flag:  0.000e+00
# span 0 =     -0.625,      9.604       
# span 1 =     -0.001,      0.208       
# span 2 =     0.0923,    11.1343       
# span 3 =      0.879,    137.150       
# span 4 =      0.167,     78.225       
# span 5 =   0.158292,  57.679672       
# span 6 =    -0.1374,     9.6154       
# span 7 =      6.726,      9.339       
# span 8 = -1240.7455,   260.0256       
# span 9 = 1.2349e-01, 1.7561e+00       
# span 10 =    -0.5475,    17.2692      
# span 11 =     -0.613,      9.419      
# span 12 =     -0.890,     13.661      
# span 13 =    11.7806,    28.1095      
# span 14 =   996.2231,   999.5917      
# span 15 = 0.0000e+00, 0.0000e+00      
# interval = seconds: 0.25
# start_time = Aug 14 2019 21:04:27 [Instrument's time stamp, header]
# bad_flag = -9.990e-29
*END*
     -0.625 4.3139e-20     8.2139     94.996      0.239   0.227458    -0.1349      6.821 -1240.7455 1.2363e-01    -0.2678     -0.613     -0.889    22.5798   997.6445 0.0000e+00
     -0.625 3.9217e-21     8.2156     95.018      0.318   0.302495    -0.1314      6.824 -1240.7455 1.2366e-01    -0.2490     -0.613     -0.889    22.5799   997.6437 0.0000e+00
     -0.625 3.5652e-22     8.2154     95.017      0.328   0.311915    -0.1127      6.826 -1240.7455 1.2366e-01    -0.2196     -0.612     -0.888    22.5798   997.6450 0.0000e+00
     -0.625 3.2410e-23     8.2145     95.006      0.359   0.341366    -0.0738      6.827 -1240.7455 1.2371e-01    -0.1098     -0.612     -0.888    22.5798   997.6429 0.0000e+00
     -0.625 2.9464e-24     8.2140     95.001      0.359   0.341798    -0.0510      6.828 -1240.7455 1.2376e-01    -0.0349     -0.612     -0.888    22.5800   997.6373 0.0000e+00
     -0.625 2.6786e-25     8.2134     94.994      0.200   0.190413    -0.0535      6.830 -1240.7455 1.2378e-01    -0.0348     -0.613     -0.889    22.5799   997.6428 0.0000e+00
     -0.625 2.4351e-26     8.2131     94.991      0.167   0.158292    -0.0691      6.831 -1240.7455 1.2382e-01    -0.0429     -0.613     -0.889    22.5801   997.6450 0.0000e+00
     -0.625 2.2142e-27     8.2134     94.994      0.218   0.206855    -0.0923      6.830 -1240.7455 1.2403e-01    -0.0678     -0.613     -0.889    22.5802   997.6436 0.0000e+00
     -0.625 2.0628e-28     8.2131     94.991      0.218   0.207374    -0.1177      6.829 -1240.7455 1.2686e-01    -0.0745     -0.613     -0.889    22.5803   997.6443 0.0000e+00
     -0.625 7.3669e-29     8.2130     94.989      0.306   0.291274    -0.1249      6.827 -1240.7455 1.5878e-01    -0.0253     -0.613     -0.889    22.5805   997.6440 0.0000e+00
     -0.625 6.1078e-28     8.2141     95.001      0.417   0.397633    -0.1272      6.826 -1240.7455 5.1008e-01     0.0022     -0.613     -0.889    22.5803   997.6443 0.0000e+00
     -0.625 6.7004e-27     8.2151     95.013      0.437   0.416263    -0.1374      6.826 -1240.7455 1.1560e+00    -0.0688     -0.613     -0.890    22.5804   997.6440 0.0000e+00
     -0.625 7.3703e-26     8.2154     95.018      0.410   0.389809    -0.1344      6.828 -1240.7455 1.4985e+00    -0.1949     -0.613     -0.889    22.5805   997.6442 0.0000e+00
     -0.625 8.1073e-25     8.2159     95.024      0.348   0.331217    -0.1263      6.829 -1240.7455 1.5190e+00    -0.2776     -0.613     -0.889    22.5804   997.6440 0.0000e+00
     -0.625 8.9180e-24     8.2168     95.033      0.293   0.278052    -0.1263      6.829 -1240.7455 1.5343e+00    -0.3149     -0.613     -0.889    22.5805   997.6440 0.0000e+00
     -0.625 9.8098e-23     8.2172     95.038      0.334   0.317218    -0.1167      6.829 -1240.7455 1.5548e+00    -0.1546     -0.613     -0.889    22.5804   997.6440 0.0000e+00
     -0.625 1.0791e-21     8.2170     95.036      0.513   0.487984    -0.0886      6.830 -1240.7455 1.5862e+00     0.2194     -0.613     -0.889    22.5805   997.6440 0.0000e+00
     -0.625 1.1870e-20     8.2162     95.028      0.597   0.568716    -0.0644      6.831 -1240.7455 1.6473e+00     0.4375     -0.613     -0.889    22.5807   997.6440 0.0000e+00
     -0.625 1.3057e-19     8.2152     95.017      0.427   0.406306    -0.0578      6.832 -1240.7455 1.7157e+00     0.4506     -0.612     -0.888    22.5806   997.6441 0.0000e+00
     -0.625 1.4363e-18     8.2146     95.010      0.314   0.298349    -0.0779      6.833 -1240.7455 1.7561e+00     0.2470     -0.613     -0.889    22.5805   997.6440 0.0000e+00
     -0.625 1.5799e-17     8.2137     95.000      0.424   0.403893    -0.1081      6.833 -1240.7455 1.7237e+00    -0.1238     -0.613     -0.890    22.5807   997.6439 0.0000e+00
     -0.625 1.7379e-16     8.2118     94.979      0.769   0.732038    -0.1196      6.830 -1240.7455 1.6307e+00    -0.2968     -0.613     -0.889    22.5810   997.6438 0.0000e+00
     -0.625 1.9117e-15     8.2113     94.974      1.153   1.097958    -0.1131      6.827 -1240.7455 1.5417e+00    -0.2717     -0.613     -0.889    22.5812   997.6439 0.0000e+00
     -0.625 2.1028e-14     8.2128     94.990      1.278   1.216678    -0.1070      6.826 -1240.7455 1.4403e+00    -0.2791     -0.613     -0.889    22.5815   997.6438 0.0000e+00
     -0.625 2.3131e-13     8.2134     94.998      1.345   1.280443    -0.1146      6.827 -1240.7455 1.1739e+00    -0.3857     -0.613     -0.889    22.5818   997.6437 0.0000e+00
     -0.625 2.5444e-12     8.2144     95.009      1.564   1.488760    -0.1187      6.828 -1240.7455 8.3271e-01    -0.4794     -0.613     -0.889    22.5821   997.6436 0.0000e+00
     -0.625 2.7989e-11     8.2157     95.025      1.728   1.644484    -0.1134      6.830 -1240.7455 6.9688e-01    -0.4942     -0.613     -0.889    22.5823   997.6436 0.0000e+00
     -0.624 3.0787e-10     8.2155     95.023      1.726   1.642601    -0.1110      6.831 -1240.7455 7.8550e-01    -0.4997     -0.612     -0.888    22.5823   997.6436 0.0000e+00
     -0.624 3.3866e-09     8.2144     95.009      1.740   1.656076    -0.1151      6.831 -1240.7455 9.3929e-01    -0.5128     -0.612     -0.888    22.5823   997.6436 0.0000e+00
     -0.625 3.7253e-08     8.2136     95.001      1.765   1.680695    -0.1204      6.831 -1240.7455 9.7292e-01    -0.5216     -0.613     -0.889    22.5821   997.6436 0.0000e+00
     -0.625 4.0978e-07     8.2141     95.006      1.705   1.623448    -0.1234      6.832 -1240.7455 9.7980e-01    -0.5074     -0.613     -0.890    22.5821   997.6437 0.0000e+00
     -0.625      0.000     8.2137     95.001      1.612   1.534170    -0.1249      6.833 -1240.7455 1.0569e+00    -0.5044     -0.613     -0.889    22.5822   997.6436 0.0000e+00
     -0.625      0.000     8.2127     94.990      1.497   1.424955    -0.1216      6.833 -1240.7455 1.0803e+00    -0.5185     -0.613     -0.889    22.5822   997.6436 0.0000e+00
     -0.625      0.001     8.2130     94.994      1.383   1.316721    -0.1186      6.833 -1240.7455 1.0574e+00    -0.5142     -0.613     -0.889    22.5824   997.6436 0.0000e+00
     -0.625      0.001     8.2132     94.996      1.302   1.239317    -0.1222      6.833 -1240.7455 1.0347e+00    -0.5175     -0.613     -0.889    22.5825   997.6435 0.0000e+00
     -0.624      0.001     8.2131     94.995      1.246   1.186046    -0.1305      6.831 -1240.7455 1.0107e+00    -0.5264     -0.612     -0.888    22.5824   997.6436 0.0000e+00
     -0.624      0.001     8.2135     95.000      1.239   1.179512    -0.1325      6.830 -1240.7455 9.8374e-01    -0.5239     -0.612     -0.888    22.5825   997.6435 0.0000e+00
     -0.624      0.000     8.2143     95.010      1.286   1.223673    -0.1297      6.831 -1240.7455 9.3742e-01    -0.5200     -0.612     -0.887    22.5826   997.6435 0.0000e+00
     -0.624 1.7087e-08     8.2146     95.014      1.342   1.276464    -0.1308      6.832 -1240.7455 8.7848e-01    -0.5119     -0.613     -0.889    22.5826   997.6435 0.0000e+00
     -0.624 1.8796e-07     8.2146     95.014      1.377   1.310923    -0.1290      6.833 -1240.7455 8.2931e-01    -0.4905     -0.612     -0.888    22.5828   997.6434 0.0000e+00
     -0.624 1.8796e-07     8.2146     95.014      1.390   1.323499    -0.1251      6.833 -1240.7455 7.9044e-01    -0.4910     -0.611     -0.887    22.5831   997.6434 0.0000e+00
     -0.624 1.7087e-08     8.2149     95.018      1.368   1.301809    -0.1274      6.833 -1240.7455 7.5548e-01    -0.5185     -0.612     -0.888    22.5833   997.6433 0.0000e+00
     -0.624 1.5535e-09     8.2162     95.032      1.368   1.302113    -0.1302      6.833 -1240.7455 7.2628e-01    -0.5278     -0.612     -0.887    22.5833   997.6433 0.0000e+00
     -0.624 1.4277e-10     8.2163     95.034      1.395   1.327165    -0.1246      6.833 -1240.7455 7.1816e-01    -0.5047     -0.612     -0.887    22.5835   997.6433 0.0000e+00
     -0.624 2.9927e-11     8.2143     95.011      1.420   1.351266    -0.1199      6.833 -1240.7455 7.2456e-01    -0.5021     -0.612     -0.888    22.5836   997.6433 0.0000e+00
     -0.624 1.8915e-10     8.2135     95.001      1.541   1.466791    -0.1256      6.833 -1240.7455 7.1661e-01    -0.5283     -0.612     -0.888    22.5838   997.6432 0.0000e+00
     -0.624 2.0679e-09     8.2141     95.009      1.597   1.520087    -0.1332      6.833 -1240.7453 6.8430e-01    -0.5272     -0.611     -0.887    22.5837   997.6432 0.0000e+00
     -0.624 2.2746e-08     8.2136     95.003      1.431   1.362048    -0.1248      6.833 -1240.7437 6.5118e-01    -0.5212     -0.612     -0.887    22.5841   997.6432 0.0000e+00
     -0.624 2.5020e-07     8.2126     94.992      1.331   1.266723    -0.1108      6.833 -1240.7259 6.3454e-01    -0.5216     -0.611     -0.886    22.5838   997.6433 0.0000e+00
     -0.624      0.000     8.2124     94.990      1.384   1.317948    -0.1198      6.834 -1240.5294 6.2876e-01    -0.5319     -0.612     -0.887    22.5845   997.6431 0.0000e+00
     -0.624      0.000     8.2129     94.997      1.416   1.347795    -0.1294      6.838 -1238.3683 6.2478e-01    -0.5475     -0.612     -0.888    22.5834   997.6433 0.0000e+00
     -0.623      0.000     8.2130     95.004      1.642   1.564238    -0.1234      6.860 -1214.5961 6.1946e-01    -0.5456     -0.611     -0.887    22.5853   997.6428 0.0000e+00
     -0.623      0.004     8.2085     95.007      4.719   4.505193    -0.1249      7.102  -953.1020 6.0985e-01    -0.5425     -0.611     -0.887    22.5825   997.6435 0.0000e+00
     -0.624      0.015     8.1670     94.999     11.871  11.428124    -0.1299      7.625  -374.1717 5.9510e-01    -0.5110     -0.612     -0.888    22.5875   997.6424 0.0000e+00
     -0.624      0.038     8.0477     94.960     21.292  20.870480    -0.1237      8.110    94.1334 5.7932e-01    -0.4587     -0.611     -0.887    22.5801   997.6442 0.0000e+00
     -0.622      0.071     7.8855     94.912     30.945  30.910358    -0.1103      8.452   230.5335 5.4577e-01    -0.4342     -0.612     -0.888    22.5927   997.6411 0.0000e+00
     -0.610      0.108     7.7511     94.877     36.660  37.155188    -0.0636      8.743   236.8812 5.0597e-01    -0.0508     -0.610     -0.884    22.5721   997.6461 0.0000e+00
     -0.575      0.146     7.6557     94.842     37.912  38.890178     0.4419      8.968   238.8534 4.8884e-01     4.3732     -0.571     -0.828    22.6409   997.6327 0.0000e+00
     -0.520      0.178     7.5836     94.836     37.891  39.257543     1.3797      9.113   241.9890 4.7627e-01    12.4517     -0.510     -0.739    23.5051   997.4291 0.0000e+00
     -0.459      0.200     7.5343     94.897     37.655  39.312289     1.8952      9.205   239.9483 4.5262e-01    16.8738     -0.451     -0.653    24.8381   997.1030 0.0000e+00
     -0.397      0.208     7.5088     95.042     37.383  39.235172     1.9489      9.272   234.5709 4.2479e-01    17.2692     -0.387     -0.562    25.7146   996.8783 0.0000e+00
     -0.340      0.204     7.5039     95.277     37.118  39.087202     2.0124      9.317   227.9064 4.0704e-01    17.0022     -0.330     -0.479    26.3058   996.7210 0.0000e+00
     -0.290      0.194     7.5159     95.617     36.822  38.856464     2.6623      9.338   221.8327 4.0452e-01    13.8428     -0.282     -0.408    26.8437   996.5757 0.0000e+00
     -0.247      0.179     7.5390     96.027     36.596  38.667219     3.8681      9.339   217.1466 3.9486e-01     8.1048     -0.241     -0.350    27.2408   996.4663 0.0000e+00
     -0.206      0.159     7.5715     96.469     36.498  38.576535     4.5404      9.331   213.8361 3.8122e-01     5.0095     -0.205     -0.296    27.5051   996.3930 0.0000e+00
     -0.163      0.136     7.6124     96.908     36.418  38.458285     4.6092      9.324   211.8337 3.7504e-01     4.7325     -0.161     -0.232    27.6703   996.3467 0.0000e+00
     -0.121      0.111     7.6531     97.295     36.336  38.316526     4.6397      9.319   210.4875 3.6992e-01     4.5916     -0.113     -0.163    27.7665   996.3197 0.0000e+00
     -0.093      0.085     7.6856     97.603     36.324  38.258954     4.6928      9.312   209.6908 3.6471e-01     4.3883     -0.083     -0.121    27.8393   996.2992 0.0000e+00
     -0.080      0.060     7.7044     97.794     36.414  38.333413     4.7226      9.302   209.3419 3.5686e-01     4.2736     -0.076     -0.111    27.8720   996.2900 0.0000e+00
     -0.076      0.038     7.7090     97.865     36.584  38.518516     4.7310      9.291   209.2807 3.4907e-01     4.2204     -0.074     -0.108    27.8032   996.3094 0.0000e+00
     -0.074      0.021     7.7082     97.917     36.751  38.719659     4.7936      9.281   209.9837 3.4972e-01     4.2367     -0.073     -0.106    27.7085   996.3361 0.0000e+00
     -0.072      0.011     7.7352     98.346     36.851  38.861123     4.8991      9.273   212.5068 3.5527e-01     4.3393     -0.071     -0.103    27.6470   996.3535 0.0000e+00
     -0.070      0.008     7.8164     99.468     36.908  38.959441     4.9484      9.265   215.5247 3.6066e-01     4.3800     -0.068     -0.099    27.6153   996.3624 0.0000e+00
     -0.068      0.010     7.9084    100.723     36.932  39.019767     4.9389      9.259   216.5305 3.7393e-01     4.4007     -0.067     -0.097    27.6259   996.3594 0.0000e+00
     -0.067      0.013     7.9635    101.493     36.906  39.019258     4.8882      9.253   215.9782 3.7697e-01     4.4577     -0.066     -0.095    27.6695   996.3472 0.0000e+00
     -0.065      0.015     7.9990    101.997     36.883  39.016815     4.8124      9.246   214.4396 3.6455e-01     4.4802     -0.064     -0.093    27.7207   996.3329 0.0000e+00
     -0.060      0.015     8.0293    102.417     36.905  39.053745     4.7773      9.238   211.9513 3.6507e-01     4.4755     -0.060     -0.088    27.7735   996.3181 0.0000e+00
     -0.053      0.014     8.0453    102.638     36.928  39.084916     4.7755      9.229   210.2414 3.7567e-01     4.4673     -0.052     -0.074    27.8244   996.3038 0.0000e+00
     -0.046      0.013     8.0576    102.814     36.913  39.076322     4.7986      9.220   209.5105 3.7197e-01     4.4789     -0.044     -0.064    27.8591   996.2940 0.0000e+00
     -0.044      0.010     8.0781    103.103     36.842  39.013317     4.8488      9.213   208.7073 3.5661e-01     4.5176     -0.043     -0.063    27.8897   996.2852 0.0000e+00
     -0.044      0.006     8.1044    103.467     36.719  38.894462     4.8793      9.205   207.9289 3.4856e-01     4.5094     -0.044     -0.063    27.9094   996.2796 0.0000e+00
     -0.044      0.002     8.1336    103.865     36.604  38.781894     4.8898      9.199   207.0683 3.5209e-01     4.4444     -0.043     -0.063    27.9110   996.2793 0.0000e+00
     -0.044      0.000     8.1606    104.235     36.607  38.794898     4.8983      9.194   206.0458 3.6104e-01     4.3877     -0.044     -0.064    27.9207   996.2766 0.0000e+00
     -0.044 4.4689e-08     8.1755    104.450     36.720  38.924747     4.9393      9.189   205.5461 3.6437e-01     4.3810     -0.043     -0.062    27.9407   996.2709 0.0000e+00
     -0.044 4.9158e-07     8.1684    104.369     36.805  39.018851     5.0212      9.183   205.6729 3.6290e-01     4.4285     -0.043     -0.062    27.9563   996.2664 0.0000e+00
     -0.044 4.9158e-07     8.1348    103.925     36.834  39.044001     5.0648      9.178   205.7713 3.6143e-01     4.4712     -0.043     -0.062    27.9681   996.2630 0.0000e+00
     -0.044 4.4689e-08     8.0764    103.156     36.837  39.038386     5.0592      9.173   205.4463 3.5992e-01     4.4708     -0.044     -0.064    27.9816   996.2591 0.0000e+00
     -0.044 4.0627e-09     8.0046    102.227     36.819  39.014436     5.0399      9.168   205.0126 3.6392e-01     4.4888     -0.043     -0.063    27.9981   996.2545 0.0000e+00
     -0.044 3.6933e-10     7.9432    101.443     36.814  39.008334     5.0137      9.163   204.9147 3.7190e-01     4.5257     -0.043     -0.062    28.0062   996.2523 0.0000e+00
     -0.044 3.3576e-11     7.9179    101.124     36.831  39.028087     5.0021      9.158   205.3815 3.7386e-01     4.5233     -0.043     -0.062    27.9951   996.2554 0.0000e+00
