Data/DataNotYetUploadedToEDI/Raw_CTD/RawDownloads/081424_ccr50_S8188001.cnv
* Sea-Bird SBE19plus  Data File:
* FileName = C:\R\Reservoirs\Data\DataNotYetUploadedToEDI\Raw_CTD\RawDownloads\081424_ccr50_S8188_0001.hex
* Software version 2.8.0.119
* Temperature SN = 8188
* Conductivity SN = 8188
* System UpLoad Time = Aug 16 2024 10:36:23
* <ApplicationData>
* <Seaterm232>
# nquan = 13
# nvalues = 3467                        
# units = specified
# name 0 = depFM: Depth [fresh water, m]
# name 1 = dz/dtM: Descent Rate [m/s]
# name 2 = sbeox0Mg/L: Oxygen, SBE 43 [mg/l]
# name 3 = sbeox0PS: Oxygen, SBE 43 [% saturation]
# name 4 = specc: Specific Conductance [uS/cm]
# name 5 = c0uS/cm: Conductivity [uS/cm]
# name 6 = flECO-AFL: Fluorescence, WET Labs ECO-AFL/FL [mg/m^3]
# name 7 = par/sat/log: PAR/Logarithmic, Satlantic
# name 8 = turbWETntu0: Turbidity, WET Labs ECO [NTU]
# name 9 = prdM: Pressure, Strain Gauge [db]
# name 10 = prdE: Pressure, Strain Gauge [psi]
# name 11 = tv290C: Temperature [ITS-90, deg C]
# name 12 = flag:  0.000e+00
# span 0 =     -0.447,     20.093       
# span 1 =     -0.393,      0.168       
# span 2 =    -0.3506,     9.9196       
# span 3 =     -3.178,    123.196       
# span 4 =  -1650.970,    233.559       
# span 5 = -1.228e+03, 165.566895       
# span 6 =    -1.5043,   238.5437       
# span 7 = 1.1594e-01, 1.6949e+03       
# span 8 =    -9.6318,   944.6067       
# span 9 =     -0.439,     19.705       
# span 10 =     -0.636,     28.579      
# span 11 =    10.4374,    26.9228      
# span 12 = 0.0000e+00, 0.0000e+00      
# interval = seconds: 0.25
# start_time = Aug 14 2024 09:09:33 [Instrument's time stamp, header]
# bad_flag = -9.990e-29
*END*
[from data line 2889]
      6.848     -0.135     4.9920     49.291    125.530 100.449463     3.4873 3.5399e+01     1.4064      6.726      9.755    14.8694 0.0000e+00
      6.800     -0.180     4.9906     49.301    126.040 101.087757     3.4746 3.6598e+01     1.3671      6.670      9.673    14.8657 0.0000e+00
      6.740     -0.217     4.9704     49.379    126.292 101.796420     3.3554 3.7763e+01     1.3266      6.611      9.587    14.9597 0.0000e+00
      6.673     -0.238     4.9683     49.594    126.052 102.273358     3.1559 3.9278e+01     1.2938      6.549      9.500    14.9928 0.0000e+00
      6.596     -0.245     4.9722     49.972    125.783 102.699021     3.0480 4.1045e+01     1.2451      6.467      9.380    14.9791 0.0000e+00
      6.521     -0.245     4.9615     50.514    125.984 103.537011     3.0297 4.2425e+01     1.1850      6.384      9.260    15.0502 0.0000e+00
      6.466     -0.240     4.9437     51.246    125.952 104.433914     2.9960 4.3243e+01     1.0473      6.335      9.188    15.2712 0.0000e+00
      6.422     -0.230     4.9318     52.275    125.126 104.754444     2.9264 4.4311e+01     0.8161      6.307      9.146    15.5776 0.0000e+00
      6.367     -0.219     4.9427     53.676    124.394 104.892619     2.8732 4.6078e+01     0.6551      6.251      9.067    15.8345 0.0000e+00
      6.301     -0.210     4.9758     55.361    124.133 105.219636     2.8561 4.7716e+01     0.6463      6.172      8.953    16.0262 0.0000e+00
      6.242     -0.203     5.0016     57.246    123.983 105.574396     2.8154 4.8761e+01     0.6413      6.116      8.871    16.4283 0.0000e+00
      6.194     -0.192     5.0421     59.263    123.755 105.775331     2.7357 4.9734e+01     0.5250      6.076      8.812    16.9279 0.0000e+00
      6.146     -0.175     5.1587     61.289    123.637 105.945990     2.6818 5.0915e+01     0.4422      6.028      8.743    17.1778 0.0000e+00
      6.101     -0.159     5.2999     63.180    123.636 106.207049     2.6583 5.2042e+01     0.4645      5.978      8.671    17.3809 0.0000e+00
      6.066     -0.143     5.4587     64.787    123.659 106.615073     2.5897 5.2792e+01     0.4850      5.946      8.622    17.5831 0.0000e+00
      6.037     -0.121     5.6372     66.025    124.536 108.017591     2.4850 5.3391e+01     0.4846      5.923      8.590    17.7550 0.0000e+00
      6.004     -0.092     5.8209     66.940    125.251 109.943436     2.4328 5.4315e+01     0.4935      5.890      8.543    17.8512 0.0000e+00
      5.969     -0.062     6.0022     68.055    123.857 110.477424     2.4259 5.5200e+01     0.4902      5.847      8.481    17.9077 0.0000e+00
      5.952     -0.036     6.1275     70.032    121.760 109.773844     2.3854 5.5215e+01     0.4105      5.825      8.448    18.1095 0.0000e+00
      5.961     -0.013     6.2343     73.057    120.747 108.935792     2.3073 5.4452e+01     0.2843      5.844      8.476    18.2411 0.0000e+00
      5.977      0.006     6.2351     77.107    120.588 108.046542     2.2622 5.3868e+01     0.2343      5.866      8.508    18.7567 0.0000e+00
      5.984      0.018     6.1808     81.602    121.120 107.403970     2.2553 5.3939e+01     0.2533      5.870      8.513    19.7391 0.0000e+00
      5.986      0.021     6.3030     85.170    122.283 107.639489     2.2592 5.4219e+01     0.3081      5.869      8.512    20.2608 0.0000e+00
      5.988      0.019     6.5767     86.733    123.259 108.507726     2.2828 5.4230e+01     0.4162      5.871      8.515    20.2079 0.0000e+00
      5.991      0.014     7.0005     86.103    123.283 109.109909     2.2977 5.4029e+01     0.4956      5.876      8.522    19.8729 0.0000e+00
      5.995      0.008     7.5599     83.714    122.493 108.991751     2.2923 5.3854e+01     0.5127      5.878      8.526    19.2810 0.0000e+00
      6.000     -0.002     7.9936     80.356    121.863 108.647515     2.2956 5.3836e+01     0.4513      5.883      8.533    18.8584 0.0000e+00
      6.006     -0.012     8.1288     76.838    121.952 108.696650     2.3021 5.3999e+01     0.3029      5.893      8.547    18.9238 0.0000e+00
      6.005     -0.022     8.0040     73.823    122.149 108.904215     2.3024 5.4283e+01     0.2288      5.894      8.550    19.2520 0.0000e+00
      5.990     -0.028     7.7054     71.827    121.947 108.908047     2.3071 5.4673e+01     0.2416      5.876      8.524    19.5627 0.0000e+00
      5.970     -0.030     7.3634     71.092    121.651 108.879553     2.3418 5.5129e+01     0.2177      5.849      8.484    19.6145 0.0000e+00
      5.958     -0.028     7.0321     71.456    121.573 108.968964     2.4022 5.5433e+01     0.2143      5.838      8.467    19.5381 0.0000e+00
      5.956     -0.020     6.7366     72.491    121.601 109.035137     2.4296 5.5398e+01     0.2350      5.843      8.474    19.5464 0.0000e+00
      5.956     -0.009     6.5315     73.757    121.573 108.998121     2.4216 5.5128e+01     0.2285      5.842      8.472    19.6416 0.0000e+00
      5.955      0.001     6.4555     74.901    121.533 108.930329     2.3832 5.4966e+01     0.2726      5.837      8.466    19.7609 0.0000e+00
      5.958      0.006     6.4959     75.728    121.552 108.760703     2.3123 5.5100e+01     0.3560      5.842      8.473    19.8330 0.0000e+00
      5.962      0.010     6.6032     76.194    121.681 108.378234     2.2672 5.5203e+01     0.4130      5.849      8.483    19.8354 0.0000e+00
      5.963      0.011     6.7338     76.293    122.011 108.053774     2.2541 5.5064e+01     0.4468      5.848      8.481    19.8185 0.0000e+00
      5.964      0.009     6.8420     75.949    122.374 108.040104     2.2581 5.4949e+01     0.4900      5.845      8.477    19.8275 0.0000e+00
      5.971      0.004     6.9237     75.115    122.448 108.076199     2.2804 5.4907e+01     0.5924      5.855      8.492    19.7939 0.0000e+00
      5.976      0.000     6.9954     73.794    122.358 108.013114     2.2893 5.4907e+01     0.6882      5.865      8.507    19.5647 0.0000e+00
      5.972     -0.003     7.0602     72.115    122.463 108.095227     2.2875 5.4999e+01     0.7554      5.858      8.496    19.2093 0.0000e+00
      5.965     -0.007     7.0469     70.437    122.482 108.182984     2.3374 5.5122e+01     1.3023      5.848      8.480    19.0834 0.0000e+00
      5.963     -0.011     6.9618     69.037    122.236 108.120116     2.4336 5.5228e+01     2.2882      5.847      8.482    19.1345 0.0000e+00
      5.961     -0.015     6.8386     67.981    122.346 108.357633     2.4794 5.5246e+01     2.7885      5.848      8.482    19.1446 0.0000e+00
      5.958     -0.018     6.6699     67.332    122.737 108.942114     2.4839 5.5364e+01     2.8185      5.842      8.473    19.1133 0.0000e+00
      5.955     -0.022     6.5028     67.277    122.674 109.394072     2.5225 5.5722e+01     3.1664      5.838      8.468    19.1340 0.0000e+00
      5.951     -0.025     6.3600     67.953    122.122 109.529027     2.5819 5.6038e+01     3.8369      5.837      8.467    19.2410 0.0000e+00
      5.942     -0.024     6.2588     69.341    121.595 109.416045     2.6124 5.6228e+01     4.1954      5.829      8.453    19.2682 0.0000e+00
      5.929     -0.019     6.1840     71.338    121.539 109.323513     2.6141 5.6584e+01     4.2051      5.813      8.430    19.3209 0.0000e+00
      5.919     -0.013     6.1439     73.711    121.910 109.568820     2.6283 5.7101e+01     3.7491      5.802      8.415    19.5554 0.0000e+00
      5.918     -0.006     6.1687     76.130    122.177 109.996289     2.6623 5.7140e+01     2.8703      5.801      8.413    19.8856 0.0000e+00
      5.923     -0.001     6.2724     78.293    121.935 110.130064     2.6790 5.6573e+01     2.4031      5.808      8.423    20.0751 0.0000e+00
      5.930     -0.004     6.4753     80.012    121.676 110.164418     2.6657 5.6278e+01     2.3226      5.818      8.438    19.9708 0.0000e+00
      5.933     -0.022     6.7156     81.231    121.807 110.480169     2.5615 5.6570e+01     1.8629      5.820      8.441    19.8724 0.0000e+00
      5.931     -0.057     6.9311     82.048    121.796 110.744450     2.3726 5.6926e+01     1.0680      5.817      8.437    19.9815 0.0000e+00
      5.924     -0.103     7.1054     82.663    121.628 110.906381     2.2633 5.7311e+01     0.6420      5.816      8.435    20.1818 0.0000e+00
      5.899     -0.153     7.2480     83.209    121.773 111.347882     2.2459 5.8423e+01     0.6264      5.797      8.408    20.2847 0.0000e+00
      5.847     -0.198     7.3509     83.790    122.043 111.993161     2.2147 6.0658e+01     0.6052      5.742      8.330    20.3177 0.0000e+00
      5.774     -0.234     7.3953     84.544    122.150 112.642208     2.1545 6.3416e+01     0.4886      5.665      8.216    20.4549 0.0000e+00
      5.695     -0.256     7.4266     85.524    122.193 113.333810     2.1158 6.5701e+01     0.4172      5.583      8.097    20.5994 0.0000e+00
      5.621     -0.266     7.4601     86.735    122.317 114.152707     2.1018 6.7481e+01     0.4289      5.509      7.991    20.6961 0.0000e+00
      5.554     -0.266     7.4814     88.178    122.336 114.977221     1.9952 6.9573e+01     0.4582      5.444      7.896    20.8525 0.0000e+00
      5.493     -0.264     7.5147     89.840    122.356 116.009378     1.8055 7.2117e+01     0.4637      5.387      7.812    21.0874 0.0000e+00
      5.434     -0.266     7.5598     91.731    122.383 117.293250     1.7069 7.4361e+01     0.4258      5.331      7.732    21.3691 0.0000e+00
      5.369     -0.268     7.6262     93.909    121.808 118.093159     1.6879 7.6070e+01     0.3783      5.267      7.639    21.6428 0.0000e+00
      5.298     -0.267     7.7073     96.399    120.821 118.182907     1.5840 7.8538e+01     0.3012      5.200      7.541    21.9570 0.0000e+00
      5.218     -0.253     7.7913     98.928    120.342 118.243517     1.4042 8.2261e+01     0.2140      5.119      7.423    22.3615 0.0000e+00
      5.140     -0.221     7.8753    100.969    120.439 118.690243     1.3094 8.5355e+01     0.1826      5.034      7.302    22.8847 0.0000e+00
      5.075     -0.174     7.9621    102.331    120.176 118.879791     1.3048 8.6897e+01     0.1962      4.973      7.214    23.5205 0.0000e+00
      5.030     -0.122     8.1056    103.176    119.685 118.695039     1.2962 8.7690e+01     0.2068      4.921      7.137    24.0113 0.0000e+00
      5.014     -0.071     8.3195    103.435    119.690 118.707106     1.2666 8.7741e+01     0.2080      4.903      7.111    24.1466 0.0000e+00
      5.025     -0.029     8.4881    103.000    120.076 119.025661     1.2416 8.7213e+01     0.2448      4.931      7.151    24.2146 0.0000e+00
      5.038     -0.000     8.5418    102.030    120.458 119.478024     1.2370 8.6745e+01     0.2739      4.946      7.174    24.4919 0.0000e+00
      5.041      0.013     8.5961    100.818    120.430 119.744342     1.2446 8.6472e+01     0.2164      4.942      7.168    24.6451 0.0000e+00
      5.041      0.012     8.6341     99.760    120.152 119.859477     1.2563 8.6612e+01     0.1334      4.942      7.168    24.5815 0.0000e+00
      5.045      0.005     8.5950     99.086    120.070 120.120603     1.2657 8.6817e+01     0.1291      4.947      7.175    24.5409 0.0000e+00
      5.047      0.000     8.5091     98.709    119.988 120.378973     1.2716 8.6847e+01     0.1988      4.951      7.181    24.5424 0.0000e+00
      5.045     -0.002     8.3697     98.597    119.702 120.392586     1.2668 8.6941e+01     0.2886      4.948      7.177    24.6917 0.0000e+00
      5.041     -0.003     8.2405     98.787    119.508 120.353858     1.2596 8.6796e+01     0.3908      4.943      7.169    24.8996 0.0000e+00
      5.039     -0.002     8.1777     99.082    119.648 120.592865     1.2623 8.6723e+01     0.4736      4.941      7.166    25.0036 0.0000e+00
      5.038      0.001     8.1244     99.268    119.878 121.032095     1.2567 8.7158e+01     0.5001      4.941      7.167    25.1579 0.0000e+00
      5.038      0.004     8.0850     99.392    119.887 121.300401     1.2436 8.7161e+01     0.4372      4.940      7.165    25.3160 0.0000e+00
      5.041      0.004     8.1033     99.540    119.750 121.314117     1.1988 8.6517e+01     0.2971      4.941      7.166    25.3619 0.0000e+00
      5.046      0.003     8.1368     99.639    119.562 121.198157     1.1143 8.6363e+01     0.2132      4.949      7.179    25.3597 0.0000e+00
      5.051      0.002     8.1332     99.629    119.397 121.125969     1.0718 8.6744e+01     0.2125      4.956      7.189    25.4592 0.0000e+00
      5.048      0.000     8.1149     99.530    119.292 121.123402     1.0748 8.6936e+01     0.2195      4.952      7.181    25.6145 0.0000e+00
      5.042     -0.003     8.1262     99.392    119.287 121.167289     1.0549 8.6763e+01     0.2293      4.942      7.168    25.6582 0.0000e+00
      5.041     -0.004     8.1338     99.277    119.439 121.315685     1.0131 8.6581e+01     0.2619      4.941      7.166    25.6699 0.0000e+00
      5.042     -0.003     8.1252     99.190    119.577 121.485499     0.9941 8.6324e+01     0.3054      4.947      7.174    25.7138 0.0000e+00
      5.042      0.001     8.1077     99.121    119.577 121.583822     0.9996 8.5694e+01     0.3090      4.947      7.175    25.7726 0.0000e+00
      5.039      0.001     8.0894     99.119    119.373 121.481701     1.0185 8.5357e+01     0.2714      4.940      7.165    25.7962 0.0000e+00
      5.040     -0.008     8.0854     99.186    119.063 121.205695     1.0486 8.5512e+01     0.2277      4.940      7.164    25.7692 0.0000e+00
      5.046     -0.029     8.0774     99.161    118.772 120.838188     1.0596 8.5546e+01     0.1926      4.949      7.179    25.7777 0.0000e+00
      5.049     -0.061     8.0624     98.901    118.584 120.447862     1.0574 8.5560e+01     0.1898      4.956      7.188    25.8325 0.0000e+00
      5.038     -0.101     8.0511     98.378    118.762 120.373074     1.0477 8.6361e+01     0.1942      4.949      7.179    25.8882 0.0000e+00
      5.007     -0.151     8.0610     97.658    119.148 120.615473     1.0212 8.8706e+01     0.1776      4.918      7.133    25.9096 0.0000e+00
      4.955     -0.202     8.0674     96.975    119.249 120.787085     1.0051 9.1764e+01     0.1603      4.862      7.052    25.8860 0.0000e+00
      4.892     -0.246     8.0586     96.563    119.070 120.811490     1.0007 9.4151e+01     0.1567      4.800      6.962    25.7929 0.0000e+00
      4.819     -0.274     8.0372     96.460    118.863 120.774514     0.9763 9.6892e+01     0.1677      4.733      6.864    25.6559 0.0000e+00
      4.734     -0.285     7.9819     96.591    118.719 120.749441     0.9348 1.0175e+02     0.1902      4.645      6.736    25.5690 0.0000e+00
      4.647     -0.285     7.9115     96.933    118.616 120.781287     0.9077 1.0686e+02     0.2242      4.550      6.600    25.6125 0.0000e+00
      4.573     -0.279     7.8589     97.450    118.413 120.750609     0.8994 1.0908e+02     0.2352      4.478      6.495    25.7414 0.0000e+00
      4.513     -0.272     7.8458     98.081    118.198 120.719770     0.8859 1.1097e+02     0.2547      4.427      6.420    25.8075 0.0000e+00
      4.454     -0.267     7.8498     98.752    118.171 120.886064     0.8569 1.1592e+02     0.3218      4.370      6.338    25.8444 0.0000e+00
      4.389     -0.265     7.8713     99.323    118.106 121.056669     0.8350 1.2017e+02     0.3941      4.303      6.241    25.8977 0.0000e+00
      4.322     -0.258     7.9045     99.708    117.832 121.009852     0.8214 1.2124e+02     0.4426      4.241      6.152    25.9795 0.0000e+00
      4.248     -0.239     7.9426     99.879    117.639 120.934141     0.7704 1.2503e+02     0.3932      4.170      6.049    26.0655 0.0000e+00
      4.168     -0.204     7.9950     99.864    117.643 120.959784     0.6864 1.3352e+02     0.2773      4.081      5.918    26.1300 0.0000e+00
      4.103     -0.158     8.0256     99.750    117.674 121.047119     0.6383 1.3715e+02     0.2423      4.010      5.815    26.2399 0.0000e+00
      4.073     -0.108     8.0405     99.676    117.657 121.171838     0.6312 1.3257e+02     0.2797      3.984      5.778    26.3641 0.0000e+00
