Data/DataNotYetUploadedToEDI/Raw_CTD/RawDownloads/081423_bvr50_S7809001.cnv
* Sea-Bird SBE19plus  Data File:
* FileName = C:\R\Reservoirs\Data\DataNotYetUploadedToEDI\Raw_CTD\RawDownloads\081423_fcr50_S7809_0001.hex
* Software version 2.8.0.119
* Temperature SN = 7809
* Conductivity SN = 7809
* System UpLoad Time = Aug 30 2023 10:53:01
* <ApplicationData>
* <Seaterm232>
# nquan = 15
# nvalues = 1159                        
# units = specified
# name 0 = depFM: Depth [fresh water, m]
# name 1 = dz/dtM: Descent Rate [m/s]
# name 2 = sbeox0Mg/L: Oxygen, SBE 43 [mg/l]
# name 3 = sbeox0PS: Oxygen, SBE 43 [% saturation]
# name 4 = specc: Specific Conductance [uS/cm]
# name 5 = c0uS/cm: Conductivity [uS/cm]
# name 6 = flECO-AFL: Fluorescence, WET Labs ECO-AFL/FL [mg/m^3]
# name 7 = ph: pH
# name 8 = orp: Oxidation Reduction Potential [mV]
# name 9 = par/sat/log: PAR/Logarithmic, Satlantic
# name 10 = turbWETntu0: Turbidity, WET Labs ECO [NTU]
# name 11 = prdM: Pressure, Strain Gauge [db]
# name 12 = prdE: Pressure, Strain Gauge [psi]
# name 13 = tv290C: Temperature [ITS-90, deg C]
# name 14 = flag:  0.000e+00
# span 0 =     -0.741,      9.222       
# span 1 =     -0.298,      0.268       
# span 2 =     0.0944,     8.9778       
# span 3 =      0.923,    111.615       
# span 4 =      0.286,    151.632       
# span 5 =   0.287792, 104.393440       
# span 6 =    -0.1295,    48.6333       
# span 7 =      6.811,      9.138       
# span 8 = -1240.7455,   309.8260       
# span 9 = 1.2358e-01, 2.2327e+02       
# span 10 =     1.3110,    50.1066      
# span 11 =     -0.727,      9.045      
# span 12 =     -1.054,     13.119      
# span 13 =     9.3913,    26.6889      
# span 14 = 0.0000e+00, 0.0000e+00      
# interval = seconds: 0.25
# start_time = Aug 14 2023 10:22:57 [Instrument's time stamp, header]
# bad_flag = -9.990e-29
*END*
[from data line 868]
      8.634      0.115     0.1544      1.322    142.750  98.860308     2.3141      6.837   -21.8198 1.2364e-01     3.2009      8.464     12.276     9.7182 0.0000e+00
      8.668      0.113     0.1564      1.329    143.282  99.165443     2.2624      6.837   -22.2125 1.2371e-01     3.3012      8.498     12.327     9.6859 0.0000e+00
      8.705      0.111     0.1561      1.336    143.898  99.532757     2.2665      6.836   -22.6661 1.2377e-01     3.3512      8.538     12.384     9.6613 0.0000e+00
      8.737      0.107     0.1510      1.328    144.541  99.927841     2.2467      6.836   -23.0888 1.2378e-01     3.2920      8.572     12.434     9.6460 0.0000e+00
      8.760      0.102     0.1496      1.318    144.890 100.123130     2.1894      6.835   -23.4515 1.2376e-01     3.1326      8.591     12.461     9.6262 0.0000e+00
      8.779      0.093     0.1509      1.298    144.837 100.047979     2.1404      6.835   -23.8684 1.2374e-01     3.0296      8.607     12.483     9.6018 0.0000e+00
      8.801      0.086     0.1543      1.286    144.667  99.910315     2.1195      6.835   -24.5157 1.2370e-01     3.0029      8.629     12.515     9.5802 0.0000e+00
      8.826      0.083     0.1503      1.287    144.786  99.986322     2.0777      6.834   -25.1691 1.2368e-01     3.0151      8.656     12.554     9.5650 0.0000e+00
      8.847      0.084     0.1516      1.276    145.576 100.521364     2.0012      6.834   -25.5731 1.2373e-01     3.0397      8.679     12.587     9.5490 0.0000e+00
      8.864      0.086     0.1480      1.262    146.364 101.032388     1.9604      6.834   -25.9595 1.2374e-01     3.0613      8.692     12.607     9.5325 0.0000e+00
      8.881      0.086     0.1447      1.248    146.482 101.072566     1.9599      6.833   -26.4860 1.2365e-01     3.1056      8.706     12.627     9.5271 0.0000e+00
      8.905      0.086     0.1490      1.243    146.509 101.070786     1.9203      6.833   -27.1204 1.2360e-01     3.1661      8.731     12.663     9.5268 0.0000e+00
      8.933      0.087     0.1445      1.253    146.705 101.201822     1.8395      6.833   -27.7787 1.2363e-01     3.2114      8.761     12.707     9.5270 0.0000e+00
      8.958      0.090     0.1447      1.248    147.079 101.447424     1.7986      6.831   -28.2511 1.2369e-01     3.2094      8.788     12.746     9.5142 0.0000e+00
      8.977      0.094     0.1423      1.234    148.021 102.066900     1.7998      6.829   -28.5297 1.2375e-01     3.2099      8.804     12.769     9.4931 0.0000e+00
      8.995      0.097     0.1401      1.236    149.016 102.707748     1.8124      6.828   -28.8252 1.2385e-01     3.2524      8.817     12.789     9.4884 0.0000e+00
      9.020      0.101     0.1447      1.235    149.631 103.084359     1.8345      6.827   -29.1557 1.2388e-01     3.2784      8.844     12.827     9.4914 0.0000e+00
      9.049      0.106     0.1433      1.228    150.655 103.755605     1.8429      6.824   -29.3432 1.2383e-01     3.2853      8.874     12.870     9.4872 0.0000e+00
      9.079      0.109     0.1389      1.223    151.623 104.393440     1.8468      6.822   -29.3708 1.2380e-01     3.3013      8.903     12.911     9.4769 0.0000e+00
      9.110      0.107     0.1423      1.209    151.632 104.366045     1.8482      6.821   -29.6620 1.2377e-01     3.2675      8.934     12.957     9.4605 0.0000e+00
      9.140      0.098     0.1415      1.204    151.416 104.188402     1.8101      6.821   -30.4548 1.2376e-01     3.2531      8.965     13.002     9.4409 0.0000e+00
      9.167      0.084     0.1398      1.216    151.396 104.155596     1.7605      6.821   -31.2130 1.2375e-01     3.3656      8.992     13.043     9.4316 0.0000e+00
      9.188      0.069     0.1410      1.218    151.325 104.096707     1.7484      6.820   -31.6884 1.2373e-01     3.4662      9.013     13.073     9.4251 0.0000e+00
      9.201      0.053     0.1379      1.208    151.157 103.985698     1.7385      6.819   -32.2442 1.2370e-01     3.4442      9.025     13.089     9.4105 0.0000e+00
      9.209      0.037     0.1364      1.213    150.906 103.832076     1.7073      6.819   -32.9428 1.2366e-01     3.3388      9.031     13.099     9.4011 0.0000e+00
      9.215      0.024     0.1397      1.206    150.497 103.576281     1.6873      6.819   -33.5963 1.2366e-01     3.2848      9.038     13.109     9.3953 0.0000e+00
      9.220      0.014     0.1413      1.184    149.983 103.248542     1.6887      6.819   -34.2948 1.2367e-01     3.3379      9.043     13.115     9.3913 0.0000e+00
      9.221      0.008     0.1359      1.183    149.651 103.052680     1.6904      6.819   -35.1080 1.2369e-01     3.3659      9.043     13.116     9.3923 0.0000e+00
      9.221      0.004     0.1401      1.184    149.411 102.927105     1.6752      6.819   -35.8563 1.2371e-01     3.3502      9.043     13.116     9.3999 0.0000e+00
      9.221      0.002     0.1397      1.172    148.989 102.685215     1.6458      6.818   -36.4592 1.2374e-01     3.3191      9.043     13.116     9.4100 0.0000e+00
      9.221      0.000     0.1327      1.159    148.426 102.356244     1.6183      6.818   -36.9772 1.2378e-01     3.2641      9.043     13.116     9.4161 0.0000e+00
      9.221 4.1339e-08     0.1361      1.159    147.932 102.069040     1.6005      6.817   -37.3880 1.2376e-01     3.2308      9.043     13.116     9.4277 0.0000e+00
      9.222 4.5472e-07     0.1359      1.167    147.613 101.886484     1.6132      6.817   -37.6409 1.2371e-01     3.2921      9.043     13.116     9.4416 0.0000e+00
      9.222 4.5441e-07     0.1338      1.163    147.343 101.740519     1.6469      6.817   -37.8838 1.2370e-01     3.4243      9.043     13.116     9.4558 0.0000e+00
      9.222 3.7583e-08     0.1323      1.157    147.093 101.641070     1.6669      6.817   -38.1733 1.2369e-01     3.4976      9.043     13.116     9.4790 0.0000e+00
      9.222 1.1662e-12     0.1312      1.154    146.853 101.575372     1.6808      6.817   -38.4741 1.2372e-01     3.5295      9.043     13.116     9.4996 0.0000e+00
      9.222 1.2828e-11     0.1349      1.144    146.554 101.455537     1.6900      6.817   -38.8532 1.2376e-01     3.5029      9.044     13.117     9.5092 0.0000e+00
      9.222 1.4111e-10     0.1324      1.126    146.214 101.274448     1.6945      6.816   -39.1437 1.2376e-01     3.3459      9.044     13.117     9.5174 0.0000e+00
      9.222 1.5522e-09     0.1315      1.116    145.834 101.041012     1.6936      6.816   -39.2332 1.2375e-01     3.2026      9.044     13.117     9.5431 0.0000e+00
      9.222 1.7074e-08     0.1321      1.112    145.450 100.797468     1.6878      6.816   -39.3327 1.2370e-01     3.1715      9.044     13.118     9.5844 0.0000e+00
      9.222 1.8781e-07     0.1306      1.102    145.061 100.557789     1.7733      6.816   -39.5726 1.2368e-01     3.1746      9.044     13.117     9.6157 0.0000e+00
      9.222 1.8780e-07     0.1278      1.104    144.548 100.243758     1.9542      6.816   -39.8970 1.2373e-01     3.1715      9.044     13.118     9.6328 0.0000e+00
      9.222 1.6944e-08     0.1261      1.106    144.042  99.928717     2.0603      6.817   -40.1573 1.2367e-01     3.2022      9.044     13.117     9.6411 0.0000e+00
      9.222 1.2176e-10     0.1280      1.097    143.848  99.804101     2.0823      6.817   -40.3103 1.2359e-01     3.2728      9.044     13.118     9.6464 0.0000e+00
      9.222 -1.559e-08     0.1240      1.093    143.865  99.819163     2.1530      6.816   -40.4569 1.2364e-01     3.2736      9.044     13.117     9.6562 0.0000e+00
      9.222 -1.731e-07     0.1255      1.088    143.861  99.856215     2.2665      6.816   -40.6389 1.2364e-01     3.1437      9.044     13.117     9.6722 0.0000e+00
      9.222      0.000     0.1270      1.078    143.771  99.870215     2.3224      6.817   -40.7906 1.2362e-01     3.0000      9.044     13.117     9.6903 0.0000e+00
      9.222      0.000     0.1234      1.071    143.652  99.861213     2.3214      6.817   -40.8280 1.2369e-01     2.9375      9.044     13.117     9.6908 0.0000e+00
      9.222      0.000     0.1248      1.070    143.603  99.874755     2.3045      6.817   -40.9186 1.2376e-01     2.9676      9.044     13.117     9.6827 0.0000e+00
      9.222     -0.003     0.1238      1.064    143.603  99.906685     2.2510      6.817   -41.7145 1.2378e-01     3.0908      9.044     13.117     9.6979 0.0000e+00
      9.222     -0.013     0.1223      1.050    142.392  99.101540     2.1738      6.817   -42.7944 1.2373e-01     3.2321      9.044     13.117     9.7315 0.0000e+00
      9.222     -0.037     0.1212      1.050    139.099  96.886436     2.1456      6.818   -43.0480 1.2365e-01     3.2756      9.044     13.118     9.7602 0.0000e+00
      9.221     -0.073     0.1212      1.055    135.922  94.827574     2.1765      6.820   -42.9743 1.2362e-01     3.2408      9.045     13.119     9.7740 0.0000e+00
      9.212     -0.112     0.1222      1.064    134.234  93.874037     2.4555      6.823   -43.1932 1.2362e-01     3.3231      9.042     13.114     9.7830 0.0000e+00
      9.180     -0.143     0.1170      1.069    133.281  93.439494     2.9722      6.826   -43.5442 1.2361e-01     3.5539      9.017     13.078     9.7927 0.0000e+00
      9.118     -0.164     0.1195      1.044    132.621  93.137306     3.2468      6.829   -43.8626 1.2364e-01     3.7088      8.948     12.978     9.8131 0.0000e+00
      9.044     -0.180     0.1196      1.016    131.620  92.511270     3.2620      6.832   -44.1171 1.2369e-01     3.7613      8.860     12.850     9.8704 0.0000e+00
      8.991     -0.193     0.1189      1.004    130.034  91.469683     3.3728      6.834   -44.2993 1.2368e-01     4.0519      8.803     12.769     9.9625 0.0000e+00
      8.965     -0.201     0.1235      1.004    128.622  90.596933     3.5962      6.836   -44.3450 1.2361e-01     4.5925      8.792     12.752    10.0633 0.0000e+00
      8.936     -0.205     0.1169      1.031    127.633  90.039633     3.7238      6.838   -44.4105 1.2360e-01     4.9338      8.776     12.729    10.1273 0.0000e+00
      8.881     -0.210     0.1130      1.065    126.436  89.312483     3.7416      6.839   -44.5747 1.2366e-01     5.0016      8.716     12.642    10.1395 0.0000e+00
      8.810     -0.216     0.1136      1.063    125.218  88.548931     3.7865      6.840   -44.6964 1.2370e-01     4.9682      8.637     12.527    10.1587 0.0000e+00
      8.740     -0.214     0.1105      1.043    124.493  88.123933     3.8591      6.841   -44.6770 1.2365e-01     4.9059      8.569     12.429    10.2138 0.0000e+00
      8.677     -0.200     0.1151      1.036    124.112  87.927419     3.8872      6.842   -44.8562 1.2360e-01     4.8639      8.508     12.339    10.2756 0.0000e+00
      8.622     -0.181     0.1216      1.022    124.170  88.017855     3.8844      6.842   -45.3148 1.2361e-01     4.8352      8.447     12.252    10.3198 0.0000e+00
      8.586     -0.172     0.1202      0.996    124.409  88.199587     3.8673      6.843   -45.5763 1.2366e-01     4.6961      8.410     12.199    10.3558 0.0000e+00
      8.570     -0.176     0.1147      0.986    124.278  88.089012     3.8215      6.843   -45.7803 1.2371e-01     4.4462      8.407     12.192    10.3928 0.0000e+00
      8.548     -0.187     0.1165      0.986    123.748  87.698762     3.7891      6.843   -46.1463 1.2377e-01     4.3070      8.397     12.177    10.4232 0.0000e+00
      8.495     -0.201     0.1156      0.986    123.161  87.298008     3.7915      6.843   -46.4740 1.2380e-01     4.2428      8.341     12.098    10.4458 0.0000e+00
      8.416     -0.216     0.1093      1.004    122.957  87.187653     3.8514      6.844   -46.7312 1.2376e-01     4.1135      8.250     11.967    10.4501 0.0000e+00
      8.339     -0.227     0.1103      1.030    123.023  87.255135     3.9549      6.844   -47.0194 1.2372e-01     3.9739      8.169     11.848    10.4376 0.0000e+00
      8.279     -0.226     0.1103      1.036    123.075  87.286988     4.0025      6.844   -47.2058 1.2369e-01     3.9212      8.113     11.767    10.4261 0.0000e+00
      8.232     -0.216     0.1092      1.031    122.968  87.191095     3.9948      6.844   -47.3496 1.2371e-01     3.9205      8.074     11.710    10.4337 0.0000e+00
      8.187     -0.206     0.1113      1.038    122.423  86.795424     3.9197      6.844   -47.8117 1.2377e-01     3.7610      8.032     11.649    10.4557 0.0000e+00
      8.137     -0.208     0.1167      1.056    121.534  86.192477     3.7687      6.844   -48.2331 1.2377e-01     3.4613      7.977     11.571    10.4647 0.0000e+00
      8.089     -0.218     0.1162      1.063    120.837  85.753196     3.6840      6.844   -48.2283 1.2376e-01     3.3021      7.933     11.506    10.4606 0.0000e+00
      8.036     -0.228     0.1144      1.056    120.486  85.555236     3.6858      6.845   -48.0983 1.2377e-01     3.2713      7.887     11.439    10.4494 0.0000e+00
      7.970     -0.234     0.1152      1.033    120.474  85.580075     3.6819      6.845   -48.1237 1.2375e-01     3.2933      7.820     11.341    10.4397 0.0000e+00
      7.897     -0.234     0.1186      0.999    120.766  85.799106     3.6449      6.846   -48.1917 1.2372e-01     3.3974      7.741     11.227    10.4524 0.0000e+00
      7.831     -0.228     0.1193      0.988    121.035  85.977221     3.6050      6.847   -48.2320 1.2368e-01     3.4706      7.673     11.130    10.4824 0.0000e+00
      7.778     -0.213     0.1175      0.988    121.218  86.079811     3.5910      6.848   -48.3524 1.2363e-01     3.4611      7.627     11.062    10.5049 0.0000e+00
      7.728     -0.192     0.1172      0.991    121.358  86.148946     3.5923      6.848   -48.6153 1.2365e-01     3.4545      7.580     10.996    10.5178 0.0000e+00
      7.677     -0.173     0.1086      1.006    121.437  86.176997     3.6789      6.849   -49.0874 1.2372e-01     3.9363      7.523     10.912    10.5248 0.0000e+00
      7.636     -0.161     0.1107      1.012    121.449  86.164503     3.8559      6.851   -49.4144 1.2377e-01     4.8803      7.482     10.851    10.5169 0.0000e+00
      7.608     -0.152     0.1104      0.998    121.410  86.125095     3.9595      6.852   -49.3000 1.2378e-01     5.3718      7.465     10.826    10.5040 0.0000e+00
      7.575     -0.139     0.1091      0.993    121.537  86.209387     3.9658      6.851   -49.0808 1.2378e-01     5.3358      7.434     10.782    10.4910 0.0000e+00
      7.533     -0.121     0.1131      1.019    121.941  86.483947     3.9984      6.850   -49.0871 1.2377e-01     4.8891      7.387     10.714    10.4785 0.0000e+00
      7.491     -0.101     0.1139      1.032    122.304  86.709491     4.0709      6.851   -49.2902 1.2377e-01     4.1037      7.343     10.650    10.4700 0.0000e+00
      7.460     -0.084     0.1117      1.032    122.365  86.709982     4.1102      6.851   -49.5567 1.2383e-01     3.6977      7.307     10.598    10.4645 0.0000e+00
      7.449     -0.073     0.1074      1.030    122.280  86.617072     4.1246      6.852   -49.8152 1.2384e-01     3.7028      7.300     10.587    10.4644 0.0000e+00
      7.452     -0.067     0.1160      1.024    122.190  86.540265     4.1274      6.852   -49.9195 1.2376e-01     3.6873      7.312     10.605    10.4629 0.0000e+00
      7.450     -0.065     0.1155      1.027    122.017  86.417424     4.1020      6.853   -49.7860 1.2367e-01     3.5781      7.313     10.606    10.4482 0.0000e+00
      7.430     -0.068     0.1146      1.017    121.811  86.276809     4.0760      6.854   -49.5775 1.2362e-01     3.4761      7.292     10.575    10.4257 0.0000e+00
      7.396     -0.076     0.1168      1.002    121.662  86.175938     4.0635      6.855   -49.5502 1.2364e-01     3.4438      7.253     10.519    10.4121 0.0000e+00
      7.365     -0.081     0.1125      1.008    121.624  86.151960     4.0503      6.855   -49.7133 1.2369e-01     3.5293      7.216     10.466    10.4078 0.0000e+00
