Data/DataNotYetUploadedToEDI/Raw_CTD/RawDownloads/081423_bvr50_S7809001.cnv
* Sea-Bird SBE19plus  Data File:
* FileName = C:\R\Reservoirs\Data\DataNotYetUploadedToEDI\Raw_CTD\RawDownloads\081423_fcr50_S7809_0001.hex
* Software version 2.8.0.119
* Temperature SN = 7809
* Conductivity SN = 7809
* System UpLoad Time = Aug 30 2023 10:53:01
* <ApplicationData>
* <Seaterm232>
# nquan = 15
# nvalues = 1159                        
# units = specified
# name 0 = depFM: Depth [fresh water, m]
# name 1 = dz/dtM: Descent Rate [m/s]
# name 2 = sbeox0Mg/L: Oxygen, SBE 43 [mg/l]
# name 3 = sbeox0PS: Oxygen, SBE 43 [% saturation]
# name 4 = specc: Specific Conductance [uS/cm]
# name 5 = c0uS/cm: Conductivity [uS/cm]
# name 6 = flECO-AFL: Fluorescence, WET Labs ECO-AFL/FL [mg/m^3]
# name 7 = ph: pH
# name 8 = orp: Oxidation Reduction Potential [mV]
# name 9 = par/sat/log: PAR/Logarithmic, Satlantic
# name 10 = turbWETntu0: Turbidity, WET Labs ECO [NTU]
# name 11 = prdM: Pressure, Strain Gauge [db]
# name 12 = prdE: Pressure, Strain Gauge [psi]
# name 13 = tv290C: Temperature [ITS-90, deg C]
# name 14 = flag:  0.000e+00
# span 0 =     -0.741,      9.222       
# span 1 =     -0.298,      0.268       
# span 2 =     0.0944,     8.9778       
# span 3 =      0.923,    111.615       
# span 4 =      0.286,    151.632       
# span 5 =   0.287792, 104.393440       
# span 6 =    -0.1295,    48.6333       
# span 7 =      6.811,      9.138       
# span 8 = -1240.7455,   309.8260       
# span 9 = 1.2358e-01, 2.2327e+02       
# span 10 =     1.3110,    50.1066      
# span 11 =     -0.727,      9.045      
# span 12 =     -1.054,     13.119      
# span 13 =     9.3913,    26.6889      
# span 14 = 0.0000e+00, 0.0000e+00      
# interval = seconds: 0.25
# start_time = Aug 14 2023 10:22:57 [Instrument's time stamp, header]
# bad_flag = -9.990e-29
*END*
[from data line 193]
     -0.164     -0.001     8.6477    105.002     30.996  32.039953     5.9345      8.539   202.9766 7.6439e+01     3.2438     -0.161     -0.234    26.6800 0.0000e+00
     -0.165     -0.001     8.5554    104.683     30.998  32.040898     5.9754      8.527   202.9878 7.5412e+01     3.2282     -0.163     -0.236    26.6833 0.0000e+00
     -0.164     -0.000     8.4896    104.410     31.022  32.063956     5.9846      8.518   202.7381 7.4573e+01     3.1817     -0.160     -0.232    26.6837 0.0000e+00
     -0.163      0.001     8.4422    104.211     31.023  32.064994     6.0116      8.514   202.6244 7.5460e+01     3.1595     -0.159     -0.230    26.6808 0.0000e+00
     -0.164      0.002     8.4115    104.098     31.013  32.053453     6.0438      8.512   202.7314 7.6506e+01     3.1311     -0.161     -0.233    26.6775 0.0000e+00
     -0.164      0.002     8.3893    104.046     31.012  32.051280     6.0494      8.511   202.8281 7.7281e+01     3.0773     -0.161     -0.234    26.6752 0.0000e+00
     -0.163      0.002     8.3648    104.055     31.000  32.038716     6.0381      8.509   202.9334 7.7043e+01     2.9868     -0.160     -0.232    26.6739 0.0000e+00
     -0.161      0.002     8.3491    104.126     30.990  32.028412     6.0317      8.508   203.2299 7.6064e+01     2.9253     -0.158     -0.230    26.6724 0.0000e+00
     -0.161      0.002     8.3421    104.245     31.015  32.053577     5.9970      8.508   203.3154 7.5674e+01     3.0850     -0.158     -0.229    26.6705 0.0000e+00
     -0.161      0.001     8.3370    104.370     31.050  32.089236     5.9351      8.506   203.0205 7.5788e+01     3.3807     -0.158     -0.228    26.6692 0.0000e+00
     -0.160      0.000     8.3382    104.444     31.040  32.078941     5.8999      8.501   202.7623 7.6037e+01     3.4937     -0.157     -0.228    26.6687 0.0000e+00
     -0.160      0.000     8.3440    104.440     31.018  32.055978     5.8952      8.497   202.6884 7.5731e+01     3.4614     -0.157     -0.228    26.6686 0.0000e+00
     -0.161      0.000     8.3548    104.405     31.028  32.065338     5.9790      8.494   202.7290 7.5266e+01     3.8441     -0.158     -0.229    26.6683 0.0000e+00
     -0.161      0.001     8.3668    104.381     31.028  32.065235     6.1475      8.490   202.8230 7.4806e+01     4.6709     -0.158     -0.229    26.6678 0.0000e+00
     -0.161      0.002     8.3742    104.321     31.018  32.054731     6.2339      8.486   202.7069 7.4051e+01     5.1568     -0.158     -0.229    26.6671 0.0000e+00
     -0.160      0.002     8.3721    104.230     31.028  32.065216     6.2253      8.481   202.3575 7.3550e+01     5.1422     -0.158     -0.229    26.6665 0.0000e+00
     -0.159      0.002     8.3664    104.183     31.027  32.065121     6.1677      8.476   202.2115 7.4074e+01     4.5624     -0.156     -0.226    26.6659 0.0000e+00
     -0.158      0.002     8.3686    104.167     31.016  32.053588     6.0703      8.471   202.4053 7.5005e+01     3.5776     -0.154     -0.223    26.6655 0.0000e+00
     -0.158      0.001     8.3634    104.112     31.016  32.052643     6.0127      8.467   202.7217 7.4481e+01     3.0736     -0.155     -0.225    26.6652 0.0000e+00
     -0.158      0.000     8.3520    104.038     31.017  32.053701     6.0037      8.464   202.8528 7.3552e+01     3.0111     -0.156     -0.226    26.6656 0.0000e+00
     -0.158     -0.002     8.3489    104.028     31.030  32.066380     6.0373      8.460   202.7863 7.3500e+01     2.9593     -0.155     -0.225    26.6659 0.0000e+00
     -0.159     -0.002     8.3515    104.085     31.043  32.079067     6.1112      8.456   202.6918 7.3421e+01     2.9602     -0.156     -0.226    26.6656 0.0000e+00
     -0.160     -0.002     8.3462    104.142     31.045  32.080221     6.1644      8.452   202.5709 7.2373e+01     2.9878     -0.157     -0.227    26.6650 0.0000e+00
     -0.160     -0.001     8.3364    104.179     31.045  32.080336     6.1810      8.448   202.4433 7.1940e+01     3.0194     -0.157     -0.228    26.6644 0.0000e+00
     -0.161     -0.001     8.3358    104.192     31.045  32.080449     6.1615      8.444   202.2670 7.3125e+01     3.0342     -0.158     -0.229    26.6638 0.0000e+00
     -0.161      0.000     8.3439    104.152     31.046  32.081594     6.1207      8.442   201.2139 7.3238e+01     3.0308     -0.158     -0.229    26.6628 0.0000e+00
     -0.161      0.001     8.3491    104.089     31.057  32.094176     6.1042      8.439   198.5721 7.2483e+01     3.0465     -0.158     -0.229    26.6618 0.0000e+00
     -0.160      0.002     8.3502    104.015     31.068  32.105700     6.1116      8.435   197.5996 7.2254e+01     3.0531     -0.157     -0.227    26.6614 0.0000e+00
     -0.159      0.003     8.3551    103.912     31.056  32.094064     6.1102      8.431   200.2102 7.1476e+01     3.0423     -0.156     -0.226    26.6617 0.0000e+00
     -0.159      0.003     8.3486    103.857     31.043  32.080357     6.0702      8.428   202.4328 7.0352e+01     3.0532     -0.156     -0.226    26.6624 0.0000e+00
     -0.158      0.003     8.3427    103.893     31.030  32.066849     6.0113      8.423   202.8768 6.9429e+01     3.1503     -0.155     -0.225    26.6632 0.0000e+00
     -0.157      0.003     8.3401    103.957     31.021  32.057613     5.9976      8.419   202.9971 6.9405e+01     3.2600     -0.154     -0.223    26.6640 0.0000e+00
     -0.156      0.003     8.3268    103.988     31.057  32.095561     6.0281      8.414   203.0268 7.0014e+01     3.2863     -0.153     -0.221    26.6646 0.0000e+00
     -0.154      0.002     8.3211    104.005     31.104  32.145051     6.0891      8.409   201.2564 7.0122e+01     3.1939     -0.151     -0.219    26.6651 0.0000e+00
     -0.154      0.001     8.3266    104.030     31.107  32.148502     6.1699      8.404   198.0258 7.0077e+01     3.0317     -0.151     -0.219    26.6653 0.0000e+00
     -0.154      0.000     8.3343    104.034     31.096  32.137279     6.2136      8.400   196.4024 6.9277e+01     2.9988     -0.150     -0.218    26.6651 0.0000e+00
     -0.155      0.000     8.3356    104.016     31.094  32.136238     6.2268      8.395   195.6522 6.8390e+01     3.0691     -0.151     -0.220    26.6652 0.0000e+00
     -0.156      0.000     8.3352    104.025     31.093  32.135917     6.2050      8.385   195.0649 6.9069e+01     3.0965     -0.153     -0.222    26.6663 0.0000e+00
     -0.156      0.001     8.3392    104.086     31.090  32.133392     6.1496      8.371   194.8073 6.9591e+01     3.1251     -0.153     -0.222    26.6675 0.0000e+00
     -0.155      0.002     8.3393    104.156     31.064  32.105709     6.1224      8.358   194.4302 6.8241e+01     3.1763     -0.152     -0.219    26.6686 0.0000e+00
     -0.153      0.004     8.3356    104.155     31.016  32.054961     6.1181      8.348   195.8405 6.6900e+01     3.2371     -0.150     -0.217    26.6701 0.0000e+00
     -0.152      0.005     8.3351    104.064     30.991  32.027290     6.1552      8.342   197.8350 6.6254e+01     3.2455     -0.149     -0.216    26.6714 0.0000e+00
     -0.151      0.006     8.3413    103.960     30.992  32.024878     6.2306      8.336   198.5842 6.6182e+01     3.1068     -0.148     -0.214    26.6719 0.0000e+00
     -0.150      0.006     8.3500    103.910     30.995  32.025793     6.2638      8.329   198.5321 6.8201e+01     2.9601     -0.147     -0.214    26.6713 0.0000e+00
     -0.149      0.006     8.3512    103.913     31.009  32.038354     6.2645      8.322   196.4299 7.0817e+01     2.9411     -0.146     -0.212    26.6708 0.0000e+00
     -0.146      0.005     8.3409    103.915     31.021  32.049877     6.2730      8.316   194.5904 7.2077e+01     2.9795     -0.143     -0.207    26.6668 0.0000e+00
     -0.143      0.003     8.3315    103.887     31.010  32.038239     6.2839      8.313   195.4779 7.2479e+01     3.0142     -0.140     -0.201    26.6596 0.0000e+00
     -0.142      0.001     8.3285    103.870     30.997  32.024512     6.2872      8.311   196.5784 7.2532e+01     3.0197     -0.139     -0.201    26.6549 0.0000e+00
     -0.143      0.001     8.3309    103.905     30.985  32.010786     6.2796      8.309   195.7654 7.2910e+01     2.9772     -0.141     -0.204    26.6526 0.0000e+00
     -0.145      0.000     8.3331    103.951     30.975  31.999149     6.2748      8.306   194.8529 7.3386e+01     2.9443     -0.143     -0.208    26.6517 0.0000e+00
     -0.146     -0.001     8.3284    103.913     30.987  32.010676     6.3125      8.301   196.2146 7.3379e+01     2.9645     -0.145     -0.210    26.6517 0.0000e+00
     -0.145     -0.001     8.3255    103.774     30.999  32.023277     6.3779      8.298   199.2381 7.3145e+01     3.0156     -0.143     -0.207    26.6519 0.0000e+00
     -0.144      0.000     8.3295    103.605     31.000  32.024638     6.3996      8.296   201.7266 7.2400e+01     3.0498     -0.140     -0.204    26.6495 0.0000e+00
     -0.144      0.003     8.3383    103.449     31.002  32.027133     6.3836      8.294   202.9851 7.1992e+01     3.0370     -0.140     -0.203    26.6460 0.0000e+00
     -0.145      0.006     8.3356    103.299     31.027  32.053452     6.3432      8.286   203.7863 7.2478e+01     3.0306     -0.144     -0.208    26.6456 0.0000e+00
     -0.145      0.008     8.3209    103.195     31.060  32.089103     6.2775      8.268   204.1861 7.2238e+01     3.0414     -0.145     -0.210    26.6468 0.0000e+00
     -0.142      0.008     8.3063    103.199     31.047  32.077570     6.2383      8.245   203.7754 7.1048e+01     3.0304     -0.140     -0.204    26.6468 0.0000e+00
     -0.136      0.008     8.2948    103.295     31.011  32.040881     6.2258      8.226   201.4878 6.9788e+01     3.0014     -0.133     -0.193    26.6472 0.0000e+00
     -0.131      0.008     8.2819    103.467     30.998  32.026126     6.1852      8.215   198.2093 6.8972e+01     2.9635     -0.128     -0.184    26.6479 0.0000e+00
     -0.131      0.008     8.2693    103.708     30.998  32.026042     6.1306      8.212   197.4322 6.8838e+01     3.0161     -0.127     -0.185    26.6493 0.0000e+00
     -0.132      0.007     8.2715    103.956     31.011  32.039854     6.1155      8.213   198.1147 6.8498e+01     3.1248     -0.130     -0.189    26.6532 0.0000e+00
     -0.132      0.006     8.2793    104.119     31.036  32.066257     6.1183      8.216   197.3403 6.7700e+01     3.1153     -0.130     -0.189    26.6548 0.0000e+00
     -0.130      0.006     8.2922    104.148     31.060  32.091534     6.1649      8.216   196.5010 6.6983e+01     3.1071     -0.128     -0.186    26.6525 0.0000e+00
     -0.126      0.007     8.3147    104.078     31.059  32.091734     6.2705      8.213   196.3998 6.6149e+01     3.1966     -0.124     -0.180    26.6508 0.0000e+00
     -0.124      0.008     8.3370    103.980     31.036  32.068676     6.3298      8.208   196.3751 6.5589e+01     3.2754     -0.121     -0.176    26.6509 0.0000e+00
     -0.122      0.007     8.3521    103.908     31.034  32.066493     6.3332      8.205   196.3737 6.5579e+01     3.3080     -0.120     -0.174    26.6527 0.0000e+00
     -0.121      0.006     8.3521    103.854     31.033  32.065341     6.3285      8.205   196.2972 6.5127e+01     3.2497     -0.119     -0.172    26.6548 0.0000e+00
     -0.118      0.004     8.3445    103.804     31.023  32.054742     6.3235      8.205   196.2243 6.4275e+01     3.1851     -0.116     -0.168    26.6564 0.0000e+00
     -0.117      0.002     8.3341    103.786     31.034  32.065217     6.3216      8.203   196.2658 6.3927e+01     3.2104     -0.114     -0.166    26.6570 0.0000e+00
     -0.118      0.001     8.3291    103.783     31.034  32.065122     6.3229      8.201   196.4549 6.4143e+01     3.2482     -0.115     -0.167    26.6576 0.0000e+00
     -0.119      0.001     8.3261    103.770     31.024  32.053589     6.3303      8.200   196.7048 6.4320e+01     3.2653     -0.117     -0.169    26.6586 0.0000e+00
     -0.119      0.000     8.3192    103.762     31.023  32.052645     6.3445      8.199   196.8783 6.4160e+01     3.2471     -0.117     -0.169    26.6584 0.0000e+00
     -0.119      0.000     8.3201    103.773     31.024  32.053702     6.3702      8.197   197.0037 6.4145e+01     3.2336     -0.117     -0.169    26.6567 0.0000e+00
     -0.118      0.001     8.3208    103.776     31.036  32.066370     6.3991      8.195   197.1027 6.4152e+01     3.2724     -0.115     -0.167    26.6544 0.0000e+00
     -0.118      0.001     8.3194    103.756     31.046  32.078943     6.4106      8.193   197.1286 6.3826e+01     3.3056     -0.115     -0.167    26.6527 0.0000e+00
     -0.117      0.001     8.3175    103.720     31.046  32.078848     6.3853      8.191   197.0586 6.3945e+01     3.2594     -0.115     -0.166    26.6525 0.0000e+00
     -0.117      0.001     8.3200    103.657     31.032  32.065227     6.3423      8.189   197.0310 6.4561e+01     3.1916     -0.115     -0.167    26.6528 0.0000e+00
     -0.117      0.000     8.3212    103.630     31.009  32.041119     6.3235      8.186   197.0530 6.4531e+01     3.2037     -0.115     -0.167    26.6541 0.0000e+00
     -0.117 -7.476e-09     8.3169    103.690     31.009  32.041110     6.3323      8.184   196.9801 6.3760e+01     3.2351     -0.114     -0.166    26.6565 0.0000e+00
     -0.117 -8.224e-08     8.3168    103.780     31.033  32.065123     6.3497      8.181   196.9243 6.3065e+01     3.1621     -0.115     -0.167    26.6581 0.0000e+00
     -0.117 -9.046e-07     8.3086    103.858     31.046  32.077706     6.3672      8.179   196.9807 6.2785e+01     3.0375     -0.114     -0.166    26.6581 0.0000e+00
     -0.117      0.000     8.3034    103.955     31.036  32.066372     6.3863      8.178   197.2312 6.2521e+01     2.9921     -0.114     -0.166    26.6577 0.0000e+00
     -0.117      0.000     8.3122    104.057     31.026  32.054953     6.3893      8.176   198.6626 6.2292e+01     2.9901     -0.114     -0.166    26.6571 0.0000e+00
     -0.116     -0.001     8.3209    104.107     31.037  32.066517     6.3199      8.174   199.7475 6.2200e+01     3.0130     -0.114     -0.165    26.6557 0.0000e+00
     -0.116     -0.003     8.3252    104.102     31.049  32.079318     6.1882      8.173   198.2165 6.1971e+01     3.0295     -0.114     -0.166    26.6545 0.0000e+00
     -0.117     -0.006     8.3333    104.077     31.052  32.082855     6.1028      8.170   196.8426 6.2200e+01     2.9855     -0.115     -0.166    26.6531 0.0000e+00
     -0.118     -0.008     8.3449    104.063     31.077  32.109288     6.0871      8.166   198.2789 6.2886e+01     2.9585     -0.115     -0.167    26.6514 0.0000e+00
     -0.121     -0.008     8.3484    104.079     31.111  32.145166     6.0729      8.160   201.3005 6.3748e+01     3.0442     -0.118     -0.171    26.6520 0.0000e+00
     -0.125     -0.007     8.3463    104.079     31.100  32.136035     6.0386      8.147   203.2627 6.5418e+01     3.2021     -0.122     -0.179    26.6529 0.0000e+00
     -0.128     -0.006     8.3437    104.019     31.086  32.125770     6.0060      8.131   203.7631 6.7260e+01     3.2621     -0.126     -0.183    26.6545 0.0000e+00
     -0.130     -0.004     8.3407    103.952     31.105  32.147922     5.9869      8.116   204.0811 6.7787e+01     3.2236     -0.128     -0.185    26.6564 0.0000e+00
     -0.130     -0.001     8.3438    103.925     31.104  32.150134     5.9825      8.105   204.4410 6.7367e+01     3.1803     -0.127     -0.185    26.6552 0.0000e+00
     -0.129      0.001     8.3467    103.918     31.104  32.152516     6.0027      8.098   204.5012 6.7207e+01     3.1828     -0.126     -0.183    26.6586 0.0000e+00
     -0.127      0.003     8.3370    103.928     31.126  32.176735     6.0393      8.093   203.3463 6.7169e+01     3.2531     -0.125     -0.181    26.6657 0.0000e+00
     -0.126      0.003     8.3295    103.994     31.136  32.189213     6.0507      8.088   201.7488 6.7319e+01     3.2792     -0.124     -0.180    26.6704 0.0000e+00
     -0.125      0.002     8.3285    104.171     31.122  32.176517     6.0405      8.082   201.1885 6.8260e+01     3.2249     -0.122     -0.178    26.6748 0.0000e+00
