Data/DataNotYetUploadedToEDI/Raw_CTD/RawDownloads/081424_ccr90_S8188003.cnv
* Sea-Bird SBE19plus  Data File:
* FileName = C:\R\Reservoirs\Data\DataNotYetUploadedToEDI\Raw_CTD\RawDownloads\081424_ccr50_S8188_0003.hex
* Software version 2.8.0.119
* Temperature SN = 8188
* Conductivity SN = 8188
* System UpLoad Time = Aug 16 2024 10:37:10
* <ApplicationData>
* <Seaterm232>
# nquan = 13
# nvalues = 961                         
# units = specified
# name 0 = depFM: Depth [fresh water, m]
# name 1 = dz/dtM: Descent Rate [m/s]
# name 2 = sbeox0Mg/L: Oxygen, SBE 43 [mg/l]
# name 3 = sbeox0PS: Oxygen, SBE 43 [% saturation]
# name 4 = specc: Specific Conductance [uS/cm]
# name 5 = c0uS/cm: Conductivity [uS/cm]
# name 6 = flECO-AFL: Fluorescence, WET Labs ECO-AFL/FL [mg/m^3]
# name 7 = par/sat/log: PAR/Logarithmic, Satlantic
# name 8 = turbWETntu0: Turbidity, WET Labs ECO [NTU]
# name 9 = prdM: Pressure, Strain Gauge [db]
# name 10 = prdE: Pressure, Strain Gauge [psi]
# name 11 = tv290C: Temperature [ITS-90, deg C]
# name 12 = flag:  0.000e+00
# span 0 =     -0.430,      3.870       
# span 1 =     -0.299,      0.166       
# span 2 =     4.2343,     9.7199       
# span 3 =     52.750,    120.677       
# span 4 =  -1166.641,    116.969       
# span 5 = -1.208e+03, 121.409337       
# span 6 =    -1.1605,   238.5045       
# span 7 = 1.3130e+02, 2.3455e+03       
# span 8 =    -6.6077,    24.8990       
# span 9 =     -0.424,      3.795       
# span 10 =     -0.614,      5.505      
# span 11 =    24.8253,    26.8943      
# span 12 = 0.0000e+00, 0.0000e+00      
# interval = seconds: 0.25
# start_time = Aug 14 2024 10:26:35 [Instrument's time stamp, header]
# bad_flag = -9.990e-29
*END*
[from data line 334]
      0.201     -0.001     5.8626     70.361    115.790 119.613203     0.2816 1.1319e+03     0.4936      0.200      0.289    26.6468 0.0000e+00
      0.196     -0.002     5.7926     69.978    115.778 119.595048     0.2772 1.1044e+03     0.4099      0.191      0.276    26.6460 0.0000e+00
      0.193     -0.001     5.7239     69.475    115.764 119.576046     0.2812 1.2247e+03     0.3776      0.186      0.270    26.6445 0.0000e+00
      0.194      0.001     5.6694     68.780    115.777 119.588016     0.2961 1.3315e+03     0.4116      0.189      0.274    26.6460 0.0000e+00
      0.198      0.002     5.6383     67.910    115.795 119.603389     0.3271 1.2926e+03     0.5471      0.194      0.281    26.6454 0.0000e+00
      0.202      0.002     5.6149     66.900    115.825 119.625544     0.3438 1.2416e+03     0.6418      0.198      0.287    26.6417 0.0000e+00
      0.204      0.000     5.5763     65.893    115.857 119.651296     0.3418 1.1322e+03     0.6296      0.201      0.292    26.6391 0.0000e+00
      0.203     -0.003     5.5188     65.116    115.851 119.641981     0.3375 1.1251e+03     0.6061      0.201      0.291    26.6397 0.0000e+00
      0.198     -0.005     5.4495     64.647    115.796 119.581097     0.3355 1.3261e+03     0.6321      0.195      0.281    26.6397 0.0000e+00
      0.193     -0.005     5.3654     64.357    115.751 119.528862     0.3432 1.3447e+03     0.6688      0.187      0.272    26.6343 0.0000e+00
      0.191     -0.004     5.2760     64.078    115.781 119.555931     0.3449 1.0290e+03     0.6381      0.187      0.271    26.6295 0.0000e+00
      0.193     -0.002     5.2111     63.716    115.800 119.567432     0.3387 9.2781e+02     0.5698      0.190      0.275    26.6302 0.0000e+00
      0.194     -0.001     5.1792     63.241    115.782 119.531526     0.3372 1.1936e+03     0.5645      0.191      0.277    26.6284 0.0000e+00
      0.194     -0.004     5.1616     62.654    115.806 119.530916     0.3355 1.1747e+03     0.6084      0.190      0.276    26.6249 0.0000e+00
      0.195     -0.011     5.1414     61.973    115.851 119.560016     0.3433 9.9783e+02     0.6200      0.191      0.277    26.6246 0.0000e+00
      0.195     -0.018     5.1135     61.273    115.903 119.610580     0.3537 1.1531e+03     0.5671      0.194      0.282    26.6221 0.0000e+00
      0.190     -0.024     5.0755     60.713    115.948 119.664944     0.3497 1.3538e+03     0.4835      0.189      0.276    26.6141 0.0000e+00
      0.177     -0.026     5.0297     60.408    115.947 119.671815     0.3462 1.5412e+03     0.4330      0.174      0.252    26.6011 0.0000e+00
      0.164     -0.024     4.9745     60.323    115.898 119.625483     0.3464 1.6861e+03     0.4385      0.159      0.230    26.5912 0.0000e+00
      0.156     -0.016     4.9124     60.309    115.855 119.582088     0.3434 1.6160e+03     0.5153      0.151      0.219    26.5914 0.0000e+00
      0.152     -0.004     4.8630     60.216    115.829 119.556276     0.3449 1.5200e+03     0.6056      0.148      0.214    26.5965 0.0000e+00
      0.154      0.007     4.8395     59.996    115.791 119.517956     0.3472 1.4667e+03     0.6377      0.148      0.215    26.6010 0.0000e+00
      0.161      0.015     4.8378     59.838    116.049 119.800671     0.3445 1.5540e+03     0.6282      0.157      0.226    26.6018 0.0000e+00
      0.171      0.017     4.8415     60.904    116.592 120.451440     0.3468 1.8102e+03     0.5947      0.168      0.244    26.6021 0.0000e+00
      0.179      0.014     4.8356     65.662    116.798 120.840009     0.3573 1.8232e+03     0.5759      0.178      0.258    26.6023 0.0000e+00
      0.183      0.009     4.8149     75.180    116.675 120.884915     0.3597 1.5352e+03     0.6072      0.182      0.264    26.6041 0.0000e+00
      0.182      0.006     4.7856     87.260    116.545 120.858281     0.3493 1.3473e+03     0.6297      0.179      0.261    26.5980 0.0000e+00
      0.177      0.005     4.7730     99.030    116.493 120.859111     0.3531 1.3199e+03     0.6077      0.173      0.251    26.6283 0.0000e+00
      0.174      0.006     5.0867    108.864    116.568 120.963228     0.3800 1.3255e+03     0.5810      0.168      0.244    26.7281 0.0000e+00
      0.176      0.008     5.9408    115.952    116.683 121.094266     0.3967 1.2787e+03     0.5825      0.170      0.247    26.8112 0.0000e+00
      0.184      0.010     6.9913    119.929    116.730 121.147784     0.3989 1.1922e+03     0.6254      0.180      0.261    26.8509 0.0000e+00
      0.192      0.010     7.9622    120.677    116.648 121.064751     0.4073 1.2452e+03     0.7209      0.190      0.275    26.8721 0.0000e+00
      0.195      0.009     8.7706    118.507    116.497 120.908664     0.4118 1.5144e+03     0.8455      0.194      0.281    26.8805 0.0000e+00
      0.193      0.008     9.3414    114.542    116.419 120.829037     0.4096 1.8860e+03     0.8965      0.191      0.277    26.8850 0.0000e+00
      0.191      0.006     9.6640    110.290    116.441 120.852141     0.4149 1.9855e+03     0.8905      0.187      0.270    26.8862 0.0000e+00
      0.191      0.005     9.7199    106.735    116.436 120.847036     0.4065 1.7097e+03     0.8415      0.186      0.271    26.8869 0.0000e+00
      0.193      0.003     9.5127    104.145    116.360 120.767311     0.3690 1.4973e+03     0.7164      0.189      0.274    26.8869 0.0000e+00
      0.198     -0.001     9.1446    102.413    116.301 120.706533     0.3435 1.5079e+03     0.6477      0.194      0.282    26.8875 0.0000e+00
      0.203     -0.008     8.7783    101.263    116.319 120.725925     0.3485 1.4923e+03     0.6297      0.201      0.292    26.8880 0.0000e+00
      0.202     -0.015     8.4913    100.419    116.387 120.797188     0.3693 1.3920e+03     0.5324      0.201      0.292    26.8878 0.0000e+00
      0.193     -0.020     8.2874     99.799    116.472 120.886230     0.3951 1.3818e+03     0.3986      0.191      0.277    26.8877 0.0000e+00
      0.180     -0.022     8.1583     99.432    116.501 120.915998     0.4095 1.4478e+03     0.3515      0.176      0.255    26.8876 0.0000e+00
      0.168     -0.020     8.0758     99.223    116.405 120.816136     0.4130 1.4593e+03     0.3741      0.163      0.236    26.8877 0.0000e+00
      0.163     -0.015     8.0103     99.028    116.360 120.769925     0.4113 1.4040e+03     0.4318      0.157      0.228    26.8883 0.0000e+00
      0.164     -0.006     7.9567     98.858    116.487 120.902815     0.4060 1.3154e+03     0.5343      0.160      0.233    26.8882 0.0000e+00
      0.168      0.004     7.9311     98.777    116.637 121.059000     0.4010 1.2396e+03     0.5829      0.167      0.242    26.8883 0.0000e+00
      0.170      0.011     7.9214     98.763    116.666 121.089865     0.4032 1.2215e+03     0.5729      0.166      0.241    26.8884 0.0000e+00
      0.171      0.015     7.9036     98.802    116.582 121.003215     0.4162 1.3084e+03     0.5857      0.165      0.239    26.8884 0.0000e+00
      0.176      0.016     7.8867     98.895    116.546 120.966057     0.4197 1.4448e+03     0.6352      0.171      0.248    26.8886 0.0000e+00
      0.184      0.016     7.8824     98.974    116.627 121.049762     0.4105 1.4658e+03     0.6554      0.181      0.263    26.8890 0.0000e+00
      0.189      0.016     7.8820     98.993    116.637 121.060558     0.4085 1.3588e+03     0.6236      0.187      0.271    26.8894 0.0000e+00
      0.191      0.016     7.8827     98.953    116.540 120.960193     0.4035 1.2378e+03     0.6290      0.187      0.272    26.8898 0.0000e+00
      0.194      0.013     7.8945     98.872    116.509 120.927390     0.3770 1.1345e+03     0.6170      0.190      0.275    26.8900 0.0000e+00
      0.198      0.009     7.9014     98.792    116.519 120.936721     0.3566 1.0670e+03     0.5820      0.195      0.283    26.8902 0.0000e+00
      0.201      0.004     7.9022     98.750    116.519 120.936626     0.3557 1.0843e+03     0.6182      0.198      0.288    26.8903 0.0000e+00
      0.202     -0.001     7.8995     98.761    116.509 120.926232     0.3672 1.1857e+03     0.6417      0.199      0.289    26.8900 0.0000e+00
      0.201     -0.008     7.8910     98.807    116.464 120.879246     0.3908 1.3142e+03     0.6258      0.198      0.288    26.8896 0.0000e+00
      0.199     -0.018     7.8844     98.858    116.433 120.845885     0.4077 1.3207e+03     0.6320      0.196      0.285    26.8894 0.0000e+00
      0.194     -0.028     7.8795     98.854    116.386 120.795654     0.4147 1.2395e+03     0.6487      0.192      0.278    26.8891 0.0000e+00
      0.186     -0.035     7.8822     98.749    116.343 120.749266     0.4059 1.2654e+03     0.6563      0.184      0.266    26.8889 0.0000e+00
      0.173     -0.036     7.8856     98.621    116.356 120.762366     0.3793 1.3800e+03     0.6547      0.172      0.250    26.8890 0.0000e+00
      0.158     -0.031     7.8916     98.570    116.410 120.817647     0.3628 1.4680e+03     0.6292      0.155      0.224    26.8889 0.0000e+00
      0.144     -0.022     7.8947     98.604    116.527 120.940308     0.3619 1.5011e+03     0.5891      0.138      0.200    26.8883 0.0000e+00
      0.139     -0.012     7.8824     98.677    116.601 121.017945     0.3769 1.5086e+03     0.5817      0.132      0.192    26.8872 0.0000e+00
      0.144     -0.002     7.8689     98.764    116.589 121.006195     0.3974 1.4846e+03     0.6087      0.139      0.202    26.8867 0.0000e+00
      0.153      0.004     7.8648     98.882    116.651 121.071030     0.4017 1.4311e+03     0.6401      0.151      0.219    26.8868 0.0000e+00
      0.158      0.006     7.8696     99.019    116.696 121.119910     0.4029 1.3926e+03     0.6530      0.158      0.228    26.8872 0.0000e+00
      0.158      0.005     7.8762     99.094    116.630 121.051636     0.4024 1.4136e+03     0.6606      0.156      0.227    26.8876 0.0000e+00
      0.155      0.002     7.8820     99.044    116.641 121.063876     0.3957 1.4891e+03     0.6637      0.152      0.221    26.8878 0.0000e+00
      0.151      0.002     7.8912     98.906    116.706 121.131515     0.3998 1.5324e+03     0.6562      0.148      0.214    26.8884 0.0000e+00
      0.151      0.005     7.9048     98.761    116.628 121.051114     0.4098 1.4311e+03     0.6383      0.146      0.212    26.8889 0.0000e+00
      0.153      0.010     7.9140     98.674    116.492 120.910098     0.4031 1.3092e+03     0.6193      0.150      0.218    26.8892 0.0000e+00
      0.158      0.013     7.9075     98.690    116.442 120.858603     0.3976 1.3765e+03     0.6328      0.154      0.223    26.8896 0.0000e+00
      0.164      0.014     7.8941     98.794    116.488 120.905858     0.4116 1.6401e+03     0.6638      0.160      0.232    26.8897 0.0000e+00
      0.170      0.013     7.8811     98.901    116.583 121.004083     0.4164 1.8436e+03     0.6857      0.168      0.243    26.8896 0.0000e+00
      0.174      0.012     7.8721     98.957    116.603 121.023310     0.3860 1.7239e+03     0.6916      0.173      0.250    26.8900 0.0000e+00
      0.174      0.010     7.8740     98.992    116.583 121.001932     0.3481 1.5235e+03     0.7002      0.171      0.248    26.8904 0.0000e+00
      0.173      0.006     7.8850     99.011    116.598 121.018382     0.3400 1.4694e+03     0.6874      0.168      0.244    26.8901 0.0000e+00
      0.175      0.000     7.8966     99.011    116.531 120.949422     0.3399 1.3986e+03     0.6396      0.171      0.248    26.8892 0.0000e+00
      0.178     -0.006     7.8980     99.012    116.436 120.850099     0.3544 1.2945e+03     0.6023      0.175      0.254    26.8888 0.0000e+00
      0.180     -0.008     7.9014     98.979    116.427 120.840407     0.3953 1.3298e+03     0.6143      0.178      0.259    26.8886 0.0000e+00
      0.176     -0.007     7.9042     98.898    116.485 120.900424     0.4098 1.4013e+03     0.6474      0.176      0.254    26.8890 0.0000e+00
      0.166     -0.005     7.9010     98.823    116.544 120.962008     0.3989 1.4275e+03     0.6598      0.162      0.235    26.8896 0.0000e+00
      0.158     -0.007     7.9043     98.817    116.553 120.971265     0.3859 1.5628e+03     0.6614      0.150      0.218    26.8892 0.0000e+00
      0.162     -0.014     7.9020     98.874    116.593 121.012348     0.3644 1.6629e+03     0.6322      0.156      0.226    26.8888 0.0000e+00
      0.172     -0.024     7.8931     98.869    116.631 121.049573     0.3551 1.5375e+03     0.6153      0.170      0.247    26.8888 0.0000e+00
      0.175     -0.032     7.8858     98.713    116.598 121.012173     0.3601 1.4103e+03     0.6283      0.178      0.259    26.8890 0.0000e+00
      0.161     -0.032     7.8837     98.514    116.558 120.969311     0.3563 1.4188e+03     0.6521      0.164      0.238    26.8893 0.0000e+00
      0.132     -0.020     7.8935     98.395    116.530 120.940506     0.3438 1.4662e+03     0.6636      0.129      0.187    26.8891 0.0000e+00
      0.104     -0.002     7.8980     98.351    116.525 120.936665     0.3390 1.5097e+03     0.6296      0.094      0.137    26.8879 0.0000e+00
      0.099      0.014     7.8803     98.364    116.512 120.922870     0.3420 1.5757e+03     0.6182      0.082      0.119    26.8862 0.0000e+00
      0.128      0.024     7.8594     98.436    116.499 120.910107     0.3361 1.7835e+03     0.6295      0.119      0.171    26.8856 0.0000e+00
      0.171      0.029     7.8522     98.565    116.506 120.918742     0.3289 1.9851e+03     0.6280      0.178      0.257    26.8860 0.0000e+00
      0.192      0.029     7.8490     98.765    116.479 120.890885     0.3332 1.8740e+03     0.6345      0.202      0.293    26.8865 0.0000e+00
      0.179      0.028     7.8493     99.008    116.435 120.846078     0.3447 1.6288e+03     0.6402      0.179      0.260    26.8866 0.0000e+00
      0.155      0.031     7.8559     99.197    116.444 120.854344     0.3550 1.5515e+03     0.6279      0.144      0.209    26.8868 0.0000e+00
      0.147      0.043     7.8650     99.280    116.512 120.922626     0.3533 1.5062e+03     0.6227      0.134      0.195    26.8871 0.0000e+00
      0.163      0.064     7.8812     99.286    116.515 120.921519     0.3503 1.4477e+03     0.6470      0.153      0.222    26.8871 0.0000e+00
      0.200      0.086     7.9046     99.233    116.440 120.840940     0.3531 1.4285e+03     0.6814      0.192      0.279    26.8873 0.0000e+00
      0.244      0.100     7.9217     99.160    116.435 120.834875     0.3355 1.2711e+03     0.7636      0.243      0.353    26.8878 0.0000e+00
      0.280      0.104     7.9257     99.119    116.514 120.916387     0.3018 1.0135e+03     0.8854      0.281      0.407    26.8868 0.0000e+00
      0.301      0.099     7.9274     99.091    116.537 120.939957     0.2842 9.0667e+02     0.9519      0.299      0.432    26.8842 0.0000e+00
      0.312      0.092     7.9220     99.049    116.514 120.915269     0.2789 1.1170e+03     0.9494      0.305      0.442    26.8829 0.0000e+00
      0.325      0.084     7.9135     99.016    116.558 120.958858     0.2805 1.6563e+03     0.8555      0.314      0.456    26.8824 0.0000e+00
      0.350      0.079     7.9120     99.007    116.589 120.989622     0.2868 1.9393e+03     0.7093      0.341      0.495    26.8824 0.0000e+00
      0.381      0.077     7.9110     99.008    116.548 120.946260     0.2855 1.6783e+03     0.6574      0.375      0.544    26.8825 0.0000e+00
      0.407      0.076     7.9061     99.026    116.513 120.911931     0.2819 1.4882e+03     0.6753      0.405      0.586    26.8820 0.0000e+00
      0.422      0.073     7.9030     99.061    116.513 120.915527     0.2870 1.4914e+03     0.7201      0.417      0.604    26.8812 0.0000e+00
      0.430      0.068     7.9035     99.067    116.516 120.921554     0.3040 1.4085e+03     0.8215      0.419      0.607    26.8807 0.0000e+00
      0.444      0.063     7.9034     99.037    116.509 120.916612     0.3227 1.3443e+03     0.9048      0.434      0.629    26.8806 0.0000e+00
