Data/DataNotYetUploadedToEDI/Raw_CTD/RawDownloads/081419_fcr50_1800.cnv
* Sea-Bird SBE19plus  Data File:
* FileName = C:\DATA\081519_fcr50_0000_0002.hex
* Software version 2.8.0.119 SB_Terminal.dll
* Temperature SN = 7809
* Conductivity SN = 7809
* System UpLoad Time = Aug 15 2019 01:06:34
* <ApplicationData>
* <Seaterm232>
# nquan = 16
# nvalues = 1402                        
# units = specified
# name 0 = depFM: Depth [fresh water, m]
# name 1 = dz/dtM: Descent Rate [m/s]
# name 2 = sbeox0Mg/L: Oxygen, SBE 43 [mg/l]
# name 3 = sbeox0PS: Oxygen, SBE 43 [% saturation]
# name 4 = specc: Specific Conductance [uS/cm]
# name 5 = c0uS/cm: Conductivity [uS/cm]
# name 6 = flECO-AFL: Fluorescence, WET Labs ECO-AFL/FL [mg/m^3]
# name 7 = ph: pH
# name 8 = orp: Oxidation Reduction Potential [mV]
# name 9 = par/sat/log: PAR/Logarithmic, Satlantic
# name 10 = turbWETntu0: Turbidity, WET Labs ECO [NTU]
# name 11 = prdM: Pressure, Strain Gauge [db]
# name 12 = prdE: Pressure, Strain Gauge [psi]
# name 13 = tv290C: Temperature [ITS-90, deg C]
# name 14 = density00: Density [density, kg/m^3]
# name 15 = flag:  0.000e+00
# span 0 =     -0.636,      9.545       
# span 1 =     -0.089,      0.266       
# span 2 =     0.0683,    11.8320       
# span 3 =      0.652,    149.760       
# span 4 =      1.027,     93.346       
# span 5 =   1.084738,  68.834370       
# span 6 =    -0.4601,     7.7746       
# span 7 =      6.608,      9.436       
# span 8 =   190.1945,   464.9766       
# span 9 = 1.2337e-01, 9.6432e+02       
# span 10 =     1.0251,    20.3622      
# span 11 =     -0.623,      9.361      
# span 12 =     -0.905,     13.577      
# span 13 =    11.7758,    28.9704      
# span 14 =   995.9744,   999.5944      
# span 15 = 0.0000e+00, 0.0000e+00      
# interval = seconds: 0.25
# start_time = Aug 14 2019 18:02:05 [Instrument's time stamp, header]
# bad_flag = -9.990e-29
*END*
     -0.636      0.000     7.4451     94.805      1.027   1.084738    -0.0396      6.950   464.9766 3.1214e+02     1.0251     -0.623     -0.904    27.8292   996.2905 0.0000e+00
     -0.635      0.000     7.4408     94.745      1.104   1.165958    -0.0359      6.953   460.5601 6.7392e+02     1.1336     -0.623     -0.903    27.8237   996.2920 0.0000e+00
     -0.635      0.002     7.4358     94.678      1.951   2.061875    -0.1371      6.976   450.3861 8.4801e+02     2.0896     -0.623     -0.903    27.8202   996.2930 0.0000e+00
     -0.635      0.012     7.4288     94.612      8.333   8.812465    -0.3357      7.156   401.6739 7.0406e+02     3.8659     -0.622     -0.902    27.8159   996.2943 0.0000e+00
     -0.635      0.039     7.4139     94.571     21.889  23.193778    -0.4513      7.619   318.4734 5.8044e+02     4.8487     -0.623     -0.904    27.8137   996.2947 0.0000e+00
     -0.634      0.088     7.3887     94.582     33.324  35.422619    -0.4601      8.220   266.5209 7.4389e+02     4.9272     -0.622     -0.903    27.8080   996.2966 0.0000e+00
     -0.629      0.146     7.3642     94.672     37.258  39.763644    -0.4416      8.717   254.3939 7.5554e+02     5.2415     -0.623     -0.905    27.8089   996.2960 0.0000e+00
     -0.596      0.200     7.3568     94.907     37.716  40.396091    -0.2796      9.035   249.1106 5.5665e+02     9.1733     -0.607     -0.880    27.7986   996.2996 0.0000e+00
     -0.516      0.241     7.3713     95.308     37.692  40.466948     0.0237      9.226   244.4559 6.2875e+02    16.3835     -0.520     -0.753    27.8524   996.2898 0.0000e+00
     -0.407      0.265     7.4026     95.836     37.607  40.430072     0.1911      9.341   241.6504 8.2488e+02    20.2877     -0.391     -0.566    28.0931   996.2260 0.0000e+00
     -0.313      0.266     7.4446     96.450     37.486  40.331209     0.2619      9.402   240.3993 9.0147e+02    20.3622     -0.290     -0.421    28.3731   996.1466 0.0000e+00
     -0.252      0.239     7.4888     97.067     37.367  40.223899     0.8634      9.428   239.6537 9.2893e+02    17.3163     -0.245     -0.355    28.5716   996.0895 0.0000e+00
     -0.205      0.189     7.5268     97.590     37.285  40.148345     1.9399      9.436   238.8301 9.5432e+02    11.6772     -0.204     -0.295    28.6938   996.0543 0.0000e+00
     -0.161      0.137     7.5546     97.964     37.249  40.116027     2.5270      9.436   237.8397 9.6432e+02     8.5814     -0.151     -0.218    28.7566   996.0362 0.0000e+00
     -0.132      0.097     7.5714     98.182     37.222  40.087083     2.5784      9.431   236.9715 9.5831e+02     8.2007     -0.123     -0.178    28.7942   996.0254 0.0000e+00
     -0.121      0.071     7.5799     98.287     37.192  40.052317     2.5960      9.423   236.1630 9.5358e+02     7.1069     -0.117     -0.170    28.8177   996.0186 0.0000e+00
     -0.117      0.051     7.5826     98.314     37.218  40.076558     2.6448      9.412   235.2908 9.4574e+02     5.1558     -0.117     -0.170    28.8368   996.0130 0.0000e+00
     -0.112      0.035     7.5797     98.264     37.269  40.126257     2.6833      9.402   234.8583 9.3876e+02     4.1090     -0.113     -0.163    28.8433   996.0111 0.0000e+00
     -0.101      0.025     7.5728     98.148     37.298  40.145352     2.6973      9.394   234.6332 9.3466e+02     4.0199     -0.100     -0.144    28.8419   996.0116 0.0000e+00
     -0.089      0.018     7.5673     98.039     37.345  40.180451     2.7268      9.387   233.8596 9.2787e+02     4.0131     -0.085     -0.123    28.8388   996.0125 0.0000e+00
     -0.083      0.010     7.5691     98.038     37.404  40.233194     2.7807      9.379   232.7313 9.2500e+02     4.0267     -0.078     -0.114    28.8347   996.0137 0.0000e+00
     -0.083      0.000     7.5834     98.226     37.442  40.275180     2.8107      9.370   231.6599 9.2208e+02     4.0199     -0.079     -0.116    28.8305   996.0150 0.0000e+00
     -0.088     -0.007     7.6151     98.663     37.462  40.307203     2.8117      9.355   230.8005 9.1317e+02     3.9966     -0.085     -0.124    28.8135   996.0199 0.0000e+00
     -0.095     -0.008     7.6715     99.426     37.445  40.302988     2.8286      9.335   230.1695 8.7627e+02     4.0073     -0.092     -0.134    28.7861   996.0279 0.0000e+00
     -0.103     -0.003     7.7580    100.581     37.417  40.287723     2.8584      9.313   229.7094 7.6426e+02     4.0184     -0.102     -0.147    28.7690   996.0328 0.0000e+00
     -0.106      0.004     7.8625    101.968     37.428  40.313116     2.8689      9.293   229.4532 5.7066e+02     3.9991     -0.110     -0.160    28.7714   996.0321 0.0000e+00
     -0.100      0.010     7.9737    103.435     37.458  40.356092     2.8694      9.275   228.7922 3.7285e+02     3.9710     -0.099     -0.145    28.7900   996.0268 0.0000e+00
     -0.089      0.013     8.1117    105.238     37.460  40.362979     2.8722      9.263   227.5686 2.7130e+02     3.9730     -0.086     -0.123    28.8107   996.0208 0.0000e+00
     -0.082      0.011     8.2917    107.579     37.430  40.332912     2.8681      9.262   226.6187 3.1680e+02     3.9590     -0.080     -0.116    28.8298   996.0152 0.0000e+00
     -0.077      0.006     8.4844    110.083     37.407  40.309974     2.8636      9.263   226.3408 4.9220e+02     3.8667     -0.075     -0.108    28.8492   996.0096 0.0000e+00
     -0.076     -0.000     8.6364    112.058     37.375  40.276093     2.8696      9.258   226.3594 7.1302e+02     3.8074     -0.072     -0.105    28.8632   996.0055 0.0000e+00
     -0.082     -0.005     8.7055    112.955     37.341  40.240673     2.8801      9.249   225.6392 8.8179e+02     3.7993     -0.078     -0.113    28.8704   996.0035 0.0000e+00
     -0.091     -0.008     8.6785    112.608     37.361  40.262609     2.8953      9.242   224.3444 9.5062e+02     3.8342     -0.092     -0.134    28.8715   996.0030 0.0000e+00
     -0.094     -0.008     8.5715    111.224     37.383  40.287394     2.9232      9.236   223.6100 9.5566e+02     3.9347     -0.095     -0.138    28.8729   996.0026 0.0000e+00
     -0.091     -0.007     8.4179    109.234     37.381  40.286424     2.9404      9.231   223.4702 9.4744e+02     3.9655     -0.087     -0.127    28.8755   996.0019 0.0000e+00
     -0.090     -0.004     8.2466    107.016     37.405  40.314356     2.9387      9.226   223.4286 8.8639e+02     3.9442     -0.087     -0.128    28.8746   996.0021 0.0000e+00
     -0.092      0.001     8.0727    104.775     37.451  40.371190     2.9537      9.222   222.7622 6.8487e+02     3.9714     -0.091     -0.133    28.8756   996.0018 0.0000e+00
     -0.094      0.007     7.9136    102.732     37.471  40.402257     2.9832      9.215   221.6073 5.2748e+02     4.0001     -0.092     -0.132    28.8788   996.0008 0.0000e+00
     -0.094      0.015     7.8071    101.372     37.435  40.372581     3.0005      9.202   220.8225 6.5420e+02     3.9965     -0.092     -0.134    28.8798   996.0005 0.0000e+00
     -0.094      0.025     7.8041    101.352     37.388  40.329811     3.0161      9.189   220.5011 8.5222e+02     3.9931     -0.094     -0.137    28.8812   996.0002 0.0000e+00
     -0.086      0.033     7.9144    102.806     37.379  40.329529     3.0765      9.178   220.4744 9.1772e+02     4.0574     -0.088     -0.129    28.8897   995.9977 0.0000e+00
     -0.069      0.039     8.0839    105.031     37.407  40.369188     3.1836      9.172   220.4998 9.2647e+02     4.1844     -0.068     -0.098    28.9043   995.9936 0.0000e+00
     -0.053      0.041     8.2389    107.064     37.455  40.428438     3.2533      9.170   220.2922 9.2827e+02     4.2502     -0.049     -0.071    28.9169   995.9898 0.0000e+00
     -0.041      0.038     8.3358    108.334     37.494  40.474576     3.2698      9.168   219.9423 8.7164e+02     4.2299     -0.040     -0.057    28.9266   995.9871 0.0000e+00
     -0.032      0.030     8.3727    108.816     37.500  40.482670     3.3222      9.168   219.6251 7.5309e+02     4.1688     -0.030     -0.043    28.9386   995.9837 0.0000e+00
     -0.026      0.020     8.3685    108.761     37.482  40.462825     3.4276      9.168   219.3821 6.5939e+02     4.0678     -0.024     -0.034    28.9532   995.9794 0.0000e+00
     -0.023      0.011     8.3447    108.448     37.449  40.425071     3.4948      9.166   219.1555 6.2119e+02     3.9931     -0.022     -0.032    28.9639   995.9762 0.0000e+00
     -0.023      0.006     8.3229    108.158     37.435  40.407088     3.5013      9.163   218.7785 6.2036e+02     3.9865     -0.022     -0.032    28.9686   995.9749 0.0000e+00
     -0.024      0.006     8.3173    108.078     37.464  40.435835     3.4894      9.158   218.2654 6.2899e+02     3.9870     -0.023     -0.033    28.9704   995.9744 0.0000e+00
     -0.025      0.009     8.3258    108.187     37.483  40.455232     3.4809      9.153   217.5970 6.3363e+02     3.9669     -0.025     -0.036    28.9694   995.9747 0.0000e+00
     -0.025      0.015     8.3371    108.335     37.478  40.451164     3.4847      9.148   216.8916 6.3930e+02     3.9733     -0.026     -0.037    28.9672   995.9753 0.0000e+00
     -0.022      0.022     8.3393    108.367     37.476  40.450124     3.4919      9.143   216.5342 6.1674e+02     3.9981     -0.023     -0.034    28.9634   995.9764 0.0000e+00
     -0.013      0.030     8.3242    108.176     37.467  40.442669     3.4994      9.135   216.4596 6.0244e+02     4.0048     -0.013     -0.020    28.9586   995.9779 0.0000e+00
     -0.002      0.033     8.2901    107.731     37.450  40.424503     3.5315      9.128   216.3331 5.9642e+02     4.0534     -0.002     -0.001    28.9589   995.9779 0.0000e+00
      0.010      0.031     8.2358    107.021     37.449  40.420929     3.5860      9.128   216.1237 5.2915e+02     4.1609      0.008      0.013    28.9586   995.9780 0.0000e+00
      0.022      0.024     8.1609    106.045     37.489  40.462944     3.6116      9.131   215.9930 4.8276e+02     4.2229      0.023      0.033    28.9603   995.9775 0.0000e+00
      0.032      0.014     8.0819    105.021     37.512  40.488118     3.6068      9.130   215.9578 5.0500e+02     4.2132      0.035      0.050    28.9654   995.9761 0.0000e+00
      0.032      0.003     8.0235    104.261     37.497  40.471374     3.5969      9.126   215.7833 4.9285e+02     4.1087      0.034      0.051    28.9645   995.9764 0.0000e+00
      0.024     -0.012     7.9864    103.779     37.478  40.450942     3.5789      9.123   215.4314 4.3420e+02     3.9092      0.022      0.032    28.9598   995.9776 0.0000e+00
      0.018     -0.030     7.9563    103.390     37.458  40.431528     3.5619      9.120   215.2312 4.5653e+02     3.7674      0.015      0.021    28.9588   995.9779 0.0000e+00
      0.017     -0.045     7.9303    103.059     37.452  40.427094     3.5567      9.115   215.3419 5.5617e+02     3.7064      0.020      0.028    28.9614   995.9772 0.0000e+00
      0.007     -0.050     7.9192    102.915     37.365  40.333857     3.5419      9.101   215.3933 6.7485e+02     3.7281      0.011      0.016    28.9599   995.9776 0.0000e+00
     -0.016     -0.044     7.9345    103.109     37.178  40.129485     3.5135      9.085   214.9055 8.0276e+02     3.8663     -0.013     -0.019    28.9586   995.9779 0.0000e+00
     -0.045     -0.034     7.9839    103.744     37.049  39.987492     3.4994      9.075   214.2628 8.4056e+02     3.9679     -0.047     -0.068    28.9614   995.9769 0.0000e+00
     -0.062     -0.021     8.0759    104.933     37.017  39.950157     3.4930      9.071   214.0745 7.6840e+02     3.9732     -0.073     -0.107    28.9654   995.9756 0.0000e+00
     -0.055     -0.006     8.2100    106.666     37.003  39.931996     3.4966      9.069   214.1784 7.2748e+02     3.9642     -0.058     -0.083    28.9674   995.9752 0.0000e+00
     -0.038      0.009     8.3579    108.578     36.973  39.894860     3.5257      9.067   214.3139 7.2650e+02     3.9562     -0.031     -0.044    28.9624   995.9766 0.0000e+00
     -0.029      0.019     8.4801    110.155     36.964  39.882033     3.5497      9.065   214.3363 6.9080e+02     3.9431     -0.026     -0.039    28.9585   995.9777 0.0000e+00
     -0.026      0.019     8.5481    111.030     36.988  39.903866     3.5537      9.062   214.1055 6.6687e+02     3.9368     -0.027     -0.037    28.9566   995.9784 0.0000e+00
     -0.024      0.013     8.5424    110.948     36.992  39.904906     3.5467      9.059   213.8467 6.4831e+02     3.9456     -0.024     -0.034    28.9507   995.9800 0.0000e+00
     -0.023      0.007     8.4650    109.936     36.984  39.894605     3.5082      9.057   213.8735 6.4348e+02     4.0819     -0.022     -0.032    28.9447   995.9818 0.0000e+00
     -0.021      0.004     8.3381    108.285     36.996  39.906270     3.4533      9.055   214.1717 6.6207e+02     4.3386     -0.020     -0.029    28.9397   995.9833 0.0000e+00
     -0.021      0.002     8.1789    106.219     37.008  39.918986     3.4381      9.053   214.5262 6.5369e+02     4.4603     -0.020     -0.029    28.9348   995.9847 0.0000e+00
     -0.021      0.001     7.9981    103.876     37.008  39.921391     3.4364      9.050   214.5463 6.3960e+02     4.4398     -0.021     -0.030    28.9309   995.9858 0.0000e+00
     -0.021      0.001     7.8087    101.423     37.018  39.935346     3.3115      9.047   214.1569 6.4365e+02     4.3206     -0.021     -0.030    28.9276   995.9868 0.0000e+00
     -0.021      0.000     7.6275     99.075     37.039  39.960757     3.0810      9.043   213.8622 6.6024e+02     4.0997     -0.021     -0.030    28.9257   995.9874 0.0000e+00
     -0.021 4.2876e-07     7.4654     96.975     37.050  39.974713     2.9561      9.039   213.8217 6.6830e+02     3.9983     -0.020     -0.029    28.9263   995.9872 0.0000e+00
     -0.021      0.000     7.3253     95.157     37.051  39.977126     2.9458      9.037   213.7538 6.6125e+02     4.0117     -0.020     -0.029    28.9294   995.9863 0.0000e+00
     -0.021      0.000     7.2053     93.601     37.062  39.989937     2.9480      9.035   213.5577 6.5724e+02     3.9999     -0.020     -0.029    28.9337   995.9850 0.0000e+00
     -0.021      0.001     7.1057     92.309     37.073  40.002643     2.9476      9.034   213.2572 6.5344e+02     3.9867     -0.020     -0.029    28.9375   995.9839 0.0000e+00
     -0.020      0.001     7.0319     91.351     37.073  40.003798     2.9410      9.033   212.9588 6.6293e+02     3.9827     -0.020     -0.029    28.9400   995.9833 0.0000e+00
     -0.020      0.001     6.9847     90.739     37.073  40.003902     2.9460      9.031   212.7903 6.7373e+02     3.9847     -0.020     -0.029    28.9418   995.9827 0.0000e+00
     -0.020      0.002     6.9581     90.394     37.074  40.003902     3.0253      9.028   212.6822 6.7272e+02     3.9780     -0.020     -0.028    28.9432   995.9823 0.0000e+00
     -0.019      0.002     6.9429     90.194     37.074  40.003787     3.1631      9.026   212.5984 6.7896e+02     3.9667     -0.019     -0.027    28.9442   995.9820 0.0000e+00
     -0.019      0.002     6.9296     90.019     37.073  40.002517     3.2340      9.023   212.6370 6.7871e+02     3.9793     -0.018     -0.026    28.9452   995.9817 0.0000e+00
     -0.018      0.002     6.9140     89.813     37.062  39.988552     3.2404      9.021   212.6330 6.6680e+02     3.9994     -0.018     -0.025    28.9456   995.9816 0.0000e+00
     -0.018      0.001     6.8947     89.558     37.039  39.961895     3.2759      9.020   212.3783 6.6254e+02     4.0124     -0.017     -0.025    28.9452   995.9817 0.0000e+00
     -0.017      0.001     6.8673     89.200     37.015  39.934132     3.3418      9.018   212.1384 6.6999e+02     4.0054     -0.017     -0.025    28.9445   995.9819 0.0000e+00
     -0.017      0.001     6.8288     88.694     36.992  39.906794     3.3786      9.016   212.1418 6.6246e+02     3.9817     -0.017     -0.025    28.9431   995.9823 0.0000e+00
     -0.017      0.001     6.7807     88.064     36.974  39.885274     3.3822      9.014   212.4197 6.4091e+02     3.9552     -0.017     -0.024    28.9409   995.9829 0.0000e+00
