Data/DataNotYetUploadedToEDI/Raw_CTD/RawDownloads/081419_fcr50_1500.cnv
* Sea-Bird SBE19plus  Data File:
* FileName = C:\DATA\081519_fcr50_0000_0001.hex
* Software version 2.8.0.119 SB_Terminal.dll
* Temperature SN = 7809
* Conductivity SN = 7809
* System UpLoad Time = Aug 15 2019 01:05:53
* <ApplicationData>
* <Seaterm232>
# nquan = 16
# nvalues = 701                         
# units = specified
# name 0 = depFM: Depth [fresh water, m]
# name 1 = dz/dtM: Descent Rate [m/s]
# name 2 = sbeox0Mg/L: Oxygen, SBE 43 [mg/l]
# name 3 = sbeox0PS: Oxygen, SBE 43 [% saturation]
# name 4 = specc: Specific Conductance [uS/cm]
# name 5 = c0uS/cm: Conductivity [uS/cm]
# name 6 = flECO-AFL: Fluorescence, WET Labs ECO-AFL/FL [mg/m^3]
# name 7 = ph: pH
# name 8 = orp: Oxidation Reduction Potential [mV]
# name 9 = par/sat/log: PAR/Logarithmic, Satlantic
# name 10 = turbWETntu0: Turbidity, WET Labs ECO [NTU]
# name 11 = prdM: Pressure, Strain Gauge [db]
# name 12 = prdE: Pressure, Strain Gauge [psi]
# name 13 = tv290C: Temperature [ITS-90, deg C]
# name 14 = density00: Density [density, kg/m^3]
# name 15 = flag:  0.000e+00
# span 0 =     -0.627,      9.610       
# span 1 =     -0.366,      0.292       
# span 2 =     0.1731,    11.3441       
# span 3 =      1.622,    142.455       
# span 4 =      0.917,     69.041       
# span 5 =   1.018065,  53.360324       
# span 6 =    -0.1091,     9.5570       
# span 7 =      6.846,      9.399       
# span 8 =  -873.1131,   834.2145       
# span 9 = 1.2336e-01, 3.3560e+02       
# span 10 =    -0.6013,    45.3643      
# span 11 =     -0.617,      9.425      
# span 12 =     -0.896,     13.669      
# span 13 =    11.7846,    30.5540      
# span 14 =   995.4813,   999.5873      
# span 15 = 0.0000e+00, 0.0000e+00      
# interval = seconds: 0.25
# start_time = Aug 14 2019 15:01:52 [Instrument's time stamp, header]
# bad_flag = -9.990e-29
*END*
[from data line 272]
      0.348      0.000    10.3451    130.462     37.654  39.364369     4.0773      8.681   215.1883 1.2528e+02     4.3410      0.341      0.494    27.3065   996.4508 0.0000e+00
      0.348     -0.004    10.3488    130.503     37.681  39.390904     4.0505      8.681   214.4116 1.2572e+02     4.4068      0.341      0.495    27.2980   996.4530 0.0000e+00
      0.348     -0.012    10.3511    130.549     37.712  39.428982     4.0475      8.679   213.2918 1.2562e+02     4.4346      0.342      0.497    27.2866   996.4562 0.0000e+00
      0.348     -0.021    10.3525    130.607     37.714  39.443889     4.0062      8.675   213.0922 1.2452e+02     4.2830      0.342      0.497    27.2735   996.4600 0.0000e+00
      0.344     -0.026    10.3541    130.681     37.698  39.444200     3.9324      8.669   213.7188 1.2531e+02     3.9828      0.339      0.492    27.2623   996.4630 0.0000e+00
      0.332     -0.026    10.3548    130.732     37.674  39.432770     3.9009      8.659   214.3283 1.2846e+02     3.8205      0.329      0.478    27.2581   996.4641 0.0000e+00
      0.314     -0.022    10.3485    130.677     37.666  39.432676     3.9035      8.650   213.7508 1.3202e+02     3.7955      0.307      0.445    27.2655   996.4620 0.0000e+00
      0.302     -0.017    10.3352    130.525     37.671  39.443074     3.8941      8.645   212.2423 1.3248e+02     3.9425      0.288      0.418    27.2848   996.4566 0.0000e+00
      0.305     -0.008    10.3216    130.370     37.655  39.431530     3.8739      8.643   211.5763 1.3006e+02     4.2207      0.297      0.430    27.3113   996.4493 0.0000e+00
      0.312      0.002    10.3115    130.264     37.637  39.420073     3.8581      8.640   211.5492 1.2832e+02     4.3408      0.309      0.450    27.3323   996.4435 0.0000e+00
      0.316      0.009    10.3031    130.180     37.642  39.431528     3.8516      8.639   211.8297 1.2721e+02     4.3464      0.310      0.450    27.3398   996.4414 0.0000e+00
      0.317      0.012    10.2954    130.099     37.648  39.443070     3.7949      8.640   212.0427 1.2681e+02     4.3874      0.310      0.449    27.3441   996.4402 0.0000e+00
      0.320      0.010    10.2891    130.029     37.635  39.432672     3.6842      8.641   211.2846 1.2651e+02     4.4424      0.314      0.455    27.3515   996.4381 0.0000e+00
      0.324      0.008    10.2830    129.959     37.633  39.432774     3.6217      8.642   210.4924 1.2478e+02     4.4548      0.318      0.461    27.3616   996.4353 0.0000e+00
      0.325      0.006    10.2762    129.879     37.642  39.444317     3.6123      8.645   210.2942 1.2289e+02     4.4378      0.318      0.462    27.3720   996.4325 0.0000e+00
      0.326      0.005    10.2699    129.804     37.641  39.445272     3.6141      8.648   210.3514 1.2269e+02     4.4338      0.319      0.463    27.3798   996.4303 0.0000e+00
      0.327      0.003    10.2648    129.739     37.640  39.444326     3.6339      8.650   210.5814 1.2346e+02     4.3748      0.320      0.464    27.3825   996.4295 0.0000e+00
      0.327      0.002    10.2624    129.699     37.632  39.432878     3.6617      8.652   211.1814 1.2325e+02     4.2809      0.321      0.465    27.3849   996.4289 0.0000e+00
      0.327      0.002    10.2657    129.717     37.640  39.433816     3.6722      8.654   211.9284 1.2206e+02     4.2485      0.321      0.466    27.3888   996.4278 0.0000e+00
      0.328      0.002    10.2749    129.798     37.672  39.455651     3.6655      8.654   211.9555 1.2084e+02     4.2127      0.321      0.466    27.3902   996.4274 0.0000e+00
      0.328      0.001    10.2874    129.920     37.671  39.442947     3.6507      8.654   211.3371 1.2104e+02     4.1112      0.322      0.467    27.3906   996.4272 0.0000e+00
      0.329      0.001    10.3009    130.068     37.644  39.407150     3.6236      8.655   210.8179 1.2267e+02     4.0039      0.322      0.468    27.3885   996.4279 0.0000e+00
      0.329      0.001    10.3155    130.236     37.646  39.403707     3.6057      8.655   211.7014 1.2284e+02     3.9646      0.323      0.468    27.3781   996.4308 0.0000e+00
      0.329      0.001    10.3294    130.391     37.651  39.401314     3.6085      8.655   213.5876 1.2160e+02     3.9966      0.323      0.468    27.3598   996.4359 0.0000e+00
      0.329      0.002    10.3372    130.462     37.637  39.378205     3.6650      8.656   214.2644 1.2141e+02     4.1282      0.322      0.468    27.3421   996.4408 0.0000e+00
      0.329      0.002    10.3373    130.442     37.644  39.378196     3.7777      8.657   213.6894 1.2232e+02     4.3106      0.323      0.469    27.3331   996.4433 0.0000e+00
      0.330      0.002    10.3363    130.415     37.670  39.401193     3.8444      8.659   213.0019 1.2272e+02     4.3991      0.324      0.470    27.3296   996.4442 0.0000e+00
      0.331      0.002    10.3389    130.443     37.672  39.402329     3.8557      8.661   213.1799 1.2262e+02     4.4118      0.324      0.471    27.3196   996.4470 0.0000e+00
      0.332      0.002    10.3437    130.508     37.661  39.391930     3.8877      8.663   214.1204 1.2274e+02     4.3006      0.325      0.472    27.3062   996.4508 0.0000e+00
      0.332      0.002    10.3474    130.558     37.670  39.402431     3.9377      8.665   214.6519 1.2222e+02     4.0709      0.325      0.472    27.2965   996.4535 0.0000e+00
      0.332      0.002    10.3491    130.579     37.670  39.402338     3.9648      8.668   214.7004 1.2222e+02     3.9606      0.325      0.472    27.2896   996.4554 0.0000e+00
      0.332      0.003    10.3490    130.574     37.660  39.390807     3.9730      8.671   214.5359 1.2279e+02     3.9829      0.326      0.473    27.2883   996.4557 0.0000e+00
      0.332      0.004    10.3460    130.539     37.659  39.389968     3.9767      8.674   214.2119 1.2262e+02     3.9802      0.326      0.473    27.2920   996.4547 0.0000e+00
      0.333      0.004    10.3402    130.470     37.659  39.392195     3.9492      8.676   213.7083 1.2164e+02     3.9934      0.325      0.472    27.2946   996.4541 0.0000e+00
      0.335      0.000    10.3349    130.406     37.683  39.417737     3.8917      8.676   213.0068 1.1965e+02     4.0771      0.328      0.476    27.2939   996.4542 0.0000e+00
      0.338     -0.011    10.3324    130.382     37.706  39.444868     3.8617      8.676   212.6130 1.1770e+02     4.1396      0.332      0.482    27.2909   996.4551 0.0000e+00
      0.339     -0.035    10.3292    130.377     37.716  39.466318     3.8561      8.673   212.6461 1.1645e+02     4.1592      0.333      0.484    27.2911   996.4550 0.0000e+00
      0.337     -0.075    10.3230    130.385     37.769  39.550144     3.7622      8.665   212.6330 1.1734e+02     4.0520      0.333      0.483    27.2949   996.4540 0.0000e+00
      0.325     -0.135    10.3136    130.433     37.857  39.696673     3.5848      8.655   211.3366 1.2144e+02     3.8266      0.327      0.474    27.2968   996.4534 0.0000e+00
      0.294     -0.209    10.3026    130.563     37.912  39.841496     3.4884      8.647   209.0168 1.2914e+02     3.7285      0.297      0.432    27.2942   996.4540 0.0000e+00
      0.235     -0.284    10.2917    130.762     37.927  39.968215     3.4809      8.641   207.8139 1.4592e+02     3.7502      0.240      0.348    27.3066   996.4503 0.0000e+00
      0.145     -0.342    10.2757    130.934     37.922  40.086330     3.4515      8.635   208.1499 1.7313e+02     3.7946      0.153      0.223    27.3417   996.4401 0.0000e+00
      0.026     -0.366    10.2497    130.989     37.902  40.190602     3.3928      8.627   208.9494 1.9620e+02     3.8720      0.031      0.047    27.4024   996.4228 0.0000e+00
     -0.108     -0.352    10.2071    130.776     37.881  40.276921     3.3609      8.622   208.1035 2.0290e+02     4.0305     -0.109     -0.158    27.5303   996.3865 0.0000e+00
     -0.228     -0.316    10.1423    130.190     37.831  40.304903     3.3442      8.621   205.4939 1.9992e+02     5.0221     -0.241     -0.349    27.6821   996.3433 0.0000e+00
     -0.304     -0.270    10.0598    129.300     37.751  40.275124     3.2164      8.621   203.8969 1.9827e+02    15.5013     -0.319     -0.462    27.8383   996.2989 0.0000e+00
     -0.331     -0.218     9.9633    128.153     37.683  40.234372     2.9942      8.619   203.9363 1.9858e+02    34.7116     -0.332     -0.481    28.0245   996.2460 0.0000e+00
     -0.342     -0.165     9.8464    126.693     37.631  40.193125     2.8690      8.618   204.3356 1.9505e+02    45.1150     -0.319     -0.462    28.1706   996.2045 0.0000e+00
     -0.381     -0.122     9.6987    124.806     37.593  40.157329     2.8117      8.619   205.1118 1.8801e+02    45.3643     -0.362     -0.525    28.2728   996.1751 0.0000e+00
     -0.439     -0.088     9.5237    122.547     37.559  40.118974     2.3286      8.621   207.2982 1.8403e+02    38.0211     -0.447     -0.648    28.3503   996.1524 0.0000e+00
     -0.470     -0.048     9.3460    120.244     37.557  40.110278     1.4401      8.617   209.7779 1.8462e+02    24.3956     -0.473     -0.685    28.3853   996.1422 0.0000e+00
     -0.475      0.012     9.1892    118.225     37.622  40.179133     0.9647      8.612   210.0558 1.8627e+02    16.9199     -0.464     -0.672    28.4013   996.1376 0.0000e+00
     -0.472      0.086     9.0785    116.839     37.678  40.253178     0.9847      8.613   208.6802 1.8865e+02    15.9624     -0.468     -0.679    28.4077   996.1358 0.0000e+00
     -0.447      0.150     9.0448    116.453     37.653  40.243776     1.5690      8.619   207.8573 1.9453e+02    12.9173     -0.458     -0.663    28.4026   996.1373 0.0000e+00
     -0.380      0.190     9.1016    117.181     37.606  40.192452     2.6453      8.624   208.7961 2.0349e+02     7.4669     -0.386     -0.558    28.3905   996.1411 0.0000e+00
     -0.289      0.213     9.2233    118.671     37.583  40.140485     3.2481      8.627   210.3950 2.1110e+02     4.4964     -0.273     -0.396    28.3825   996.1439 0.0000e+00
     -0.217      0.221     9.3608    120.304     37.553  40.059784     3.3171      8.630   210.4982 2.1506e+02     4.2360     -0.199     -0.288    28.4066   996.1374 0.0000e+00
     -0.174      0.209     9.4797    121.656     37.534  39.978418     3.3142      8.636   209.6133 2.1756e+02     4.2205     -0.169     -0.245    28.4456   996.1262 0.0000e+00
     -0.137      0.183     9.5682    122.597     37.541  39.918374     3.3001      8.643   209.1599 2.2024e+02     4.1441     -0.141     -0.204    28.4462   996.1261 0.0000e+00
     -0.089      0.160     9.6260    123.133     37.535  39.841547     3.3019      8.646   209.9211 2.2049e+02     4.0334     -0.088     -0.126    28.4043   996.1384 0.0000e+00
     -0.045      0.149     9.6558    123.286     37.520  39.747696     3.3104      8.651   211.3314 2.1970e+02     3.9962     -0.035     -0.051    28.3385   996.1576 0.0000e+00
     -0.019      0.141     9.6613    123.111     37.530  39.672246     3.3167      8.660   211.8424 2.1263e+02     3.9892     -0.020     -0.028    28.2533   996.1821 0.0000e+00
      0.010      0.129     9.6613    122.884     37.561  39.627444     3.3427      8.669   211.4539 1.9089e+02     3.9489     -0.001     -0.002    28.1591   996.2091 0.0000e+00
      0.054      0.114     9.6789    122.936     37.578  39.586759     3.3902      8.677   210.8501 1.6884e+02     3.9347      0.055      0.081    28.0688   996.2351 0.0000e+00
      0.092      0.098     9.7109    123.220     37.593  39.561126     3.4152      8.683   210.3931 1.6006e+02     3.9489      0.100      0.146    27.9674   996.2641 0.0000e+00
      0.111      0.082     9.7394    123.484     37.635  39.571384     3.4191      8.689   210.3162 1.5773e+02     3.9565      0.110      0.158    27.8447   996.2989 0.0000e+00
      0.123      0.062     9.7629    123.708     37.671  39.583770     3.4459      8.695   210.5222 1.5334e+02     3.9614      0.118      0.171    27.7332   996.3304 0.0000e+00
      0.136      0.042     9.7911    124.028     37.684  39.583876     3.4796      8.700   210.7325 1.5004e+02     3.9419      0.136      0.197    27.6580   996.3517 0.0000e+00
      0.143      0.027     9.8234    124.433     37.675  39.572647     3.4881      8.704   210.9669 1.5245e+02     3.9499      0.142      0.207    27.6084   996.3656 0.0000e+00
      0.145      0.019     9.8530    124.822     37.672  39.574963     3.4886      8.708   211.1190 1.5457e+02     3.9934      0.141      0.206    27.5628   996.3784 0.0000e+00
      0.147      0.014     9.8808    125.200     37.698  39.611886     3.4934      8.712   210.2490 1.5154e+02     4.0088      0.144      0.210    27.5242   996.3893 0.0000e+00
      0.149      0.012     9.9092    125.594     37.713  39.638210     3.4949      8.715   208.7068 1.4911e+02     4.0048      0.146      0.211    27.5090   996.3935 0.0000e+00
      0.150      0.014     9.9375    125.982     37.705  39.639342     3.4887      8.715   208.5616 1.4758e+02     3.9785      0.146      0.212    27.5109   996.3929 0.0000e+00
      0.154      0.022     9.9654    126.352     37.686  39.625583     3.4795      8.714   209.6120 1.4738e+02     3.9530      0.151      0.219    27.5165   996.3914 0.0000e+00
      0.158      0.037     9.9926    126.682     37.665  39.598827     3.4878      8.711   210.3083 1.4977e+02     4.0894      0.155      0.224    27.5294   996.3878 0.0000e+00
      0.163      0.056    10.0140    126.897     37.655  39.569756     3.5198      8.706   210.0111 1.4839e+02     4.3491      0.159      0.230    27.5481   996.3826 0.0000e+00
      0.175      0.077    10.0216    126.926     37.637  39.527979     3.5457      8.705   209.2885 1.4355e+02     4.4387      0.167      0.242    27.5596   996.3795 0.0000e+00
      0.200      0.098    10.0181    126.809     37.609  39.474545     3.5488      8.705   209.4014 1.3790e+02     4.3857      0.191      0.277    27.5716   996.3761 0.0000e+00
      0.235      0.116    10.0071    126.589     37.594  39.431505     3.5401      8.705   209.9987 1.3175e+02     4.3643      0.231      0.336    27.5684   996.3772 0.0000e+00
      0.273      0.131     9.9872    126.251     37.580  39.388427     3.5366      8.707   210.6594 1.2515e+02     4.3438      0.269      0.390    27.5354   996.3866 0.0000e+00
      0.309      0.140     9.9686    125.925     37.558  39.334531     3.5488      8.709   211.2808 1.1773e+02     4.3019      0.301      0.437    27.5052   996.3952 0.0000e+00
      0.346      0.144     9.9648    125.768     37.549  39.287641     3.5578      8.712   211.3174 1.1133e+02     4.2517      0.339      0.492    27.4770   996.4032 0.0000e+00
      0.382      0.144     9.9713    125.720     37.569  39.265793     3.5512      8.716   211.1885 1.0676e+02     4.1954      0.376      0.544    27.4368   996.4146 0.0000e+00
      0.417      0.144     9.9821    125.725     37.606  39.260738     3.5640      8.720   211.4435 1.0151e+02     4.2434      0.408      0.591    27.3985   996.4255 0.0000e+00
      0.455      0.147    10.0001    125.830     37.612  39.226457     3.5990      8.720   211.8185 9.5061e+01     4.4061      0.446      0.647    27.3632   996.4355 0.0000e+00
      0.493      0.152    10.0168    125.925     37.594  39.168629     3.6110      8.719   212.0230 8.9797e+01     4.4584      0.486      0.705    27.3127   996.4496 0.0000e+00
      0.528      0.153    10.0241    125.900     37.596  39.132801     3.6140      8.720   212.5396 8.5814e+01     4.3840      0.517      0.751    27.2510   996.4669 0.0000e+00
      0.566      0.148    10.0323    125.893     37.610  39.110606     3.7642      8.726   213.4183 8.1327e+01     4.2929      0.550      0.798    27.1917   996.4836 0.0000e+00
      0.611      0.136    10.0542    126.078     37.620  39.090656     4.0488      8.732   213.8720 7.6180e+01     4.2095      0.599      0.868    27.1392   996.4983 0.0000e+00
