Data/DataNotYetUploadedToEDI/Raw_CTD/RawDownloads/081424_ccr88_S8188002.cnv
* Sea-Bird SBE19plus  Data File:
* FileName = C:\R\Reservoirs\Data\DataNotYetUploadedToEDI\Raw_CTD\RawDownloads\081424_ccr50_S8188_0002.hex
* Software version 2.8.0.119
* Temperature SN = 8188
* Conductivity SN = 8188
* System UpLoad Time = Aug 16 2024 10:36:54
* <ApplicationData>
* <Seaterm232>
# nquan = 16
# nvalues = 2070                        
# units = specified
# name 0 = depFM: Depth [fresh water, m]
# name 1 = dz/dtM: Descent Rate [m/s]
# name 2 = sbeox0Mg/L: Oxygen, SBE 43 [mg/l]
# name 3 = sbeox0PS: Oxygen, SBE 43 [% saturation]
# name 4 = specc: Specific Conductance [uS/cm]
# name 5 = c0uS/cm: Conductivity [uS/cm]
# name 6 = wetCDOM: Fluorescence, WET Labs CDOM [mg/m^3]
# name 7 = flECO-AFL: Fluorescence, WET Labs ECO-AFL/FL [mg/m^3]
# name 8 = flECO-AFL1: Fluorescence, WET Labs ECO-AFL/FL, 2 [mg/m^3]
# name 9 = flECO-AFL2: Fluorescence, WET Labs ECO-AFL/FL, 3 [mg/m^3]
# name 10 = par/sat/log: PAR/Logarithmic, Satlantic
# name 11 = turbWETntu0: Turbidity, WET Labs ECO [NTU]
# name 12 = prdM: Pressure, Strain Gauge [db]
# name 13 = prdE: Pressure, Strain Gauge [psi]
# name 14 = tv290C: Temperature [ITS-90, deg C]
# name 15 = flag:  0.000e+00
# span 0 =     -0.430,     10.521       
# span 1 =     -0.199,      0.164       
# span 2 =     2.8148,     9.5010       
# span 3 =     28.576,    118.951       
# span 4 =   -637.725,    126.599       
# span 5 =-486.225894, 121.782189       
# span 6 =    -4.5000,    29.0700       
# span 7 =    -2.9969,    11.8502       
# span 8 =    -7.0290,     6.6456       
# span 9 =    -6.1758,     7.6140       
# span 10 = 2.6152e-01, 2.9125e+03      
# span 11 =   -10.1438,   704.7378      
# span 12 =     -0.422,     10.318      
# span 13 =     -0.612,     14.965      
# span 14 =    12.8688,    26.8860      
# span 15 = 0.0000e+00, 0.0000e+00      
# interval = seconds: 0.25
# start_time = Aug 14 2024 09:51:09 [Instrument's time stamp, header]
# bad_flag = -9.990e-29
*END*
[from data line 1808]
      1.397     -0.115     8.0804    101.121    116.851 121.163473    12.2400     0.4059     0.0426     0.2115 5.0167e+02     0.1588      1.370      1.987    26.8482 0.0000e+00
      1.363     -0.133     8.0767    101.178    116.878 121.185228    12.2400     0.3716     0.0426     0.2115 9.3111e+02     0.6573      1.337      1.940    26.8470 0.0000e+00
      1.326     -0.148     8.0738    101.233    116.905 121.208952    12.2400     0.3449     0.0426     0.2961 4.1453e+02     0.6875      1.300      1.886    26.8449 0.0000e+00
      1.285     -0.161     8.0743    101.303    116.915 121.216968    12.2400     0.3372     0.0426     0.2961 4.1788e+02     0.6120      1.260      1.828    26.8421 0.0000e+00
      1.241     -0.171     8.0783    101.387    116.911 121.211413    12.2400     0.3258     0.0426     0.2961 7.4584e+02     0.7932      1.217      1.765    26.8390 0.0000e+00
      1.195     -0.176     8.0833    101.467    116.900 121.198809    12.2400     0.3639     0.0426     0.2961 4.5523e+02     0.1739      1.172      1.699    26.8363 0.0000e+00
      1.147     -0.176     8.0879    101.521    116.893 121.191797    12.2400     0.3296     0.0426     0.2961 7.8765e+02     0.1588      1.125      1.631    26.8344 0.0000e+00
      1.099     -0.171     8.0936    101.528    116.888 121.188508    12.3300     0.3449     0.0000     0.2115 4.7784e+02     0.1890      1.078      1.564    26.8335 0.0000e+00
      1.054     -0.162     8.1004    101.497    116.873 121.176062    12.3300     0.3563     0.0000     0.2115 1.0407e+03     0.0530      1.033      1.499    26.8328 0.0000e+00
      1.012     -0.148     8.1069    101.436    116.859 121.167144    12.3300     0.3143     0.0000     0.2115 7.8680e+02     0.1890      0.992      1.439    26.8324 0.0000e+00
      0.975     -0.131     8.1111    101.369    116.856 121.171377    12.3300     0.2762     0.0000     0.2115 4.4140e+02     0.1890      0.956      1.387    26.8324 0.0000e+00
      0.944     -0.113     8.1116    101.341    116.851 121.173890    12.2400     0.2876     0.0426     0.2115 4.6736e+02     0.2041      0.925      1.342    26.8331 0.0000e+00
      0.918     -0.094     8.1089    101.378    116.841 121.171350    12.2400     0.2876     0.0426     0.2115 1.5850e+03     0.2494      0.900      1.306    26.8346 0.0000e+00
      0.898     -0.077     8.1037    101.462    116.840 121.179086    12.2400     0.2571     0.0426     0.2115 5.9744e+02     0.2796      0.880      1.277    26.8370 0.0000e+00
      0.882     -0.063     8.0979    101.553    116.859 121.207160    12.2400     0.2381     0.0426     0.2115 6.7680e+02     0.2645      0.865      1.255    26.8399 0.0000e+00
      0.870     -0.051     8.0952    101.619    116.885 121.241057    12.2400     0.2266     0.0426     0.1269 9.6008e+02     0.1890      0.852      1.237    26.8433 0.0000e+00
      0.859     -0.042     8.0976    101.636    116.903 121.263809    12.2400     0.2152     0.0426     0.1269 6.9197e+02     0.0983      0.842      1.222    26.8469 0.0000e+00
      0.850     -0.035     8.1038    101.585    116.918 121.283484    12.2400     0.2915     0.0426     0.1269 8.3271e+02     0.3552      0.833      1.209    26.8506 0.0000e+00
      0.842     -0.030     8.1106    101.462    116.928 121.295329    12.2400     0.3067     0.0426     0.1269 4.7856e+02     0.3552      0.826      1.198    26.8540 0.0000e+00
      0.835     -0.026     8.1155    101.303    116.916 121.284498    12.2400     0.2953     0.0426     0.1269 5.0309e+02     0.3703      0.819      1.188    26.8567 0.0000e+00
      0.829     -0.023     8.1165    101.163    116.886 121.254103    12.1500     0.3029     0.0426     0.1269 1.5995e+03     0.4458      0.813      1.179    26.8588 0.0000e+00
      0.823     -0.019     8.1123    101.085    116.833 121.200040    12.1500     0.2800     0.0426     0.1269 5.2830e+02     0.3552      0.808      1.171    26.8602 0.0000e+00
      0.819     -0.015     8.1023    101.075    116.733 121.095889    12.1500     0.2876     0.0426     0.1269 8.3907e+02     0.3854      0.803      1.165    26.8612 0.0000e+00
      0.815     -0.011     8.0895    101.114    116.564 120.919880    12.1500     0.3067     0.0426     0.1269 4.5583e+02     0.3400      0.800      1.160    26.8618 0.0000e+00
      0.813     -0.007     8.0783    101.194    116.301 120.647079    12.1500     0.3029     0.0426     0.2115 6.6384e+02     0.4156      0.797      1.156    26.8621 0.0000e+00
      0.812     -0.003     8.0721    101.281    115.894 120.224745    12.1500     0.2991     0.0426     0.2115 5.1717e+02     0.2494      0.796      1.155    26.8623 0.0000e+00
      0.812     -0.001     8.0712    101.318    115.242 119.548257    12.1500     0.2876     0.0426     0.2115 1.6800e+03     0.2192      0.796      1.155    26.8622 0.0000e+00
      0.813      0.001     8.0744    101.304    114.161 118.425215    12.1500     0.2762     0.0426     0.2115 6.3230e+02     0.2041      0.797      1.156    26.8621 0.0000e+00
      0.814      0.002     8.0808    101.276    112.352 116.548139    12.2400     0.3143     0.0426     0.2115 5.8434e+02     0.2192      0.799      1.158    26.8619 0.0000e+00
      0.815      0.002     8.0877    101.256    109.338 113.420478    12.2400     0.3067     0.0426     0.2115 5.5998e+02     0.4911      0.800      1.160    26.8618 0.0000e+00
      0.816      0.001     8.0907    101.244    104.314 108.208187    12.2400     0.2876     0.0426     0.2115 5.8523e+02     0.4307      0.800      1.160    26.8617 0.0000e+00
      0.816     -0.000     8.0897    101.224     95.932  99.513321    12.2400     0.2876     0.0426     0.2115 5.4770e+02     0.4458      0.800      1.160    26.8613 0.0000e+00
      0.815     -0.001     8.0875    101.193     81.941  84.999245    12.1500     0.2838     0.0426     0.1692 1.2950e+03     0.4005      0.799      1.159    26.8607 0.0000e+00
      0.815     -0.002     8.0859    101.170     58.587  60.773533    12.1500     0.2838     0.0426     0.1692 6.5724e+02     0.3854      0.799      1.159    26.8602 0.0000e+00
      0.814     -0.003     8.0850    101.160     19.652  20.385999    12.1500     0.3029     0.0426     0.1692 6.8079e+02     0.5213      0.798      1.157    26.8598 0.0000e+00
      0.813     -0.003     8.0835    101.156    -45.238 -46.925364    12.1500     0.2762     0.0426     0.1692 6.8524e+02     0.3400      0.797      1.156    26.8597 0.0000e+00
      0.812     -0.003     8.0810    101.165   -153.398-159.120257    12.1500     0.2953     0.0426     0.1692 4.8002e+02     0.2796      0.796      1.155    26.8596 0.0000e+00
      0.811     -0.004     8.0792    101.189   -333.656-346.103313    12.2400     0.2876     0.0852     0.0846 5.2704e+02     0.4156      0.795      1.154    26.8594 0.0000e+00
      0.811     -0.005     8.0785    101.217   -446.317-462.968488    12.2400     0.2953     0.0852     0.0846 4.2976e+02     0.4458      0.795      1.153    26.8593 0.0000e+00
      0.810     -0.006     8.0782    101.264   -333.673-346.121637    12.2400     0.2800     0.0852     0.0846 7.6123e+02     0.3552      0.794      1.152    26.8593 0.0000e+00
      0.808     -0.008     8.0791    101.342   -153.434-159.157791    12.2400     0.3067     0.0852     0.0846 1.5699e+03     0.5062      0.792      1.149    26.8595 0.0000e+00
      0.806     -0.010     8.0811    101.423    -45.298 -46.986116    12.2400     0.2991     0.0426     0.1692 6.2874e+02     0.4609      0.790      1.146    26.8597 0.0000e+00
      0.804     -0.012     8.0834    101.467     19.576  20.309834    12.2400     0.3143     0.0426     0.1692 8.5490e+02     0.4307      0.788      1.143    26.8596 0.0000e+00
      0.800     -0.015     8.0872    101.473     58.507  60.695650    12.2400     0.2915     0.0426     0.1692 5.8919e+02     0.4458      0.785      1.138    26.8595 0.0000e+00
      0.797     -0.019     8.0932    101.449     81.878  84.940885    12.2400     0.2876     0.0426     0.1692 6.8822e+02     0.3249      0.781      1.133    26.8595 0.0000e+00
      0.792     -0.024     8.0995    101.398     95.902  99.488929    12.1500     0.3334     0.0426     0.1692 8.7102e+02     0.1588      0.777      1.127    26.8599 0.0000e+00
      0.786     -0.030     8.1029    101.337    104.312 108.213260    12.1500     0.3411     0.0426     0.1692 7.1443e+02     0.1588      0.771      1.118    26.8607 0.0000e+00
      0.779     -0.038     8.1032    101.274    109.365 113.454368    12.1500     0.3525     0.0426     0.1692 3.7674e+02     0.0983      0.764      1.108    26.8616 0.0000e+00
      0.769     -0.049     8.1011    101.217    112.396 116.597880    12.1500     0.3487     0.0426     0.1692 7.8203e+02     0.2192      0.754      1.094    26.8624 0.0000e+00
      0.756     -0.062     8.0969    101.182    114.204 118.472064    12.1500     0.2648     0.0426     0.1692 7.8868e+02     0.2192      0.742      1.076    26.8629 0.0000e+00
      0.740     -0.078     8.0920    101.174    115.293 119.598708    12.1500     0.3029     0.0426     0.2115 8.0059e+02     0.2041      0.726      1.052    26.8631 0.0000e+00
      0.719     -0.095     8.0870    101.203    115.959 120.284251    12.1500     0.3029     0.0426     0.2115 5.7954e+02     0.2494      0.705      1.023    26.8631 0.0000e+00
      0.693     -0.112     8.0825    101.288    116.360 120.693499    12.1500     0.2991     0.0426     0.2115 1.1949e+03     0.1134      0.680      0.986    26.8628 0.0000e+00
      0.661     -0.128     8.0798    101.411    116.594 120.929586    12.1500     0.2533     0.0426     0.2115 5.8612e+02     0.1588      0.648      0.941    26.8622 0.0000e+00
      0.624     -0.140     8.0794    101.512    116.736 121.073470    12.1500     0.2419     0.0852     0.2961 5.0484e+02     0.1890      0.612      0.888    26.8608 0.0000e+00
      0.584     -0.147     8.0820    101.548    116.823 121.163521    12.1500     0.2190     0.0852     0.2961 6.5425e+02     0.1588      0.572      0.830    26.8586 0.0000e+00
      0.542     -0.147     8.0891    101.522    116.865 121.209749    12.1500     0.2304     0.0852     0.2961 2.6900e+02     0.2041      0.532      0.771    26.8558 0.0000e+00
      0.502     -0.141     8.0994    101.464    116.889 121.238485    12.1500     0.2381     0.0852     0.2961 6.0318e+02     0.1890      0.492      0.714    26.8531 0.0000e+00
      0.464     -0.130     8.1077    101.410    116.912 121.267396    12.1500     0.2228     0.0426     0.0846 4.8138e+02     0.2192      0.455      0.660    26.8515 0.0000e+00
      0.431     -0.115     8.1106    101.382    116.925 121.286185    12.1500     0.2152     0.0426     0.0846 5.0881e+02     0.1890      0.423      0.613    26.8514 0.0000e+00
      0.404     -0.098     8.1083    101.393    116.924 121.289863    12.1500     0.2228     0.0426     0.0846 5.7552e+02     0.1890      0.396      0.575    26.8526 0.0000e+00
      0.383     -0.081     8.1035    101.436    116.926 121.297414    12.1500     0.2228     0.0426     0.0846 1.0027e+03     0.1286      0.375      0.544    26.8543 0.0000e+00
      0.366     -0.065     8.0989    101.497    116.935 121.310852    12.2400     0.2228     0.0426     0.2538 6.2100e+02     0.1890      0.359      0.521    26.8563 0.0000e+00
      0.353     -0.051     8.0964    101.558    116.934 121.311756    12.2400     0.2152     0.0426     0.2538 5.5188e+02     0.2494      0.346      0.502    26.8585 0.0000e+00
      0.342     -0.040     8.0969    101.601    116.924 121.302368    12.2400     0.2381     0.0426     0.2538 5.6646e+02     0.2192      0.336      0.487    26.8607 0.0000e+00
      0.334     -0.031     8.1000    101.610    116.919 121.298188    12.2400     0.2075     0.0426     0.2538 9.0596e+02     0.1588      0.328      0.475    26.8627 0.0000e+00
      0.328     -0.024     8.1046    101.579    116.922 121.302102    12.2400     0.2190     0.0426     0.2538 4.7185e+02     0.2192      0.322      0.467    26.8643 0.0000e+00
      0.323     -0.019     8.1093    101.513    116.925 121.307152    12.2400     0.2075     0.0000     0.2538 6.5895e+02     0.1890      0.317      0.460    26.8654 0.0000e+00
      0.320     -0.015     8.1127    101.438    116.920 121.304683    12.2400     0.2266     0.0000     0.2538 1.5182e+03     0.2192      0.314      0.455    26.8659 0.0000e+00
      0.317     -0.013     8.1134    101.385    116.906 121.292036    12.2400     0.2266     0.0000     0.2538 1.0188e+03     0.2343      0.311      0.451    26.8662 0.0000e+00
      0.315     -0.012     8.1108    101.365    116.898 121.283843    12.2400     0.1923     0.0000     0.2538 1.9804e+03     0.2192      0.309      0.448    26.8667 0.0000e+00
      0.312     -0.011     8.1054    101.377    116.902 121.287921    12.0600     0.2113     0.0426     0.3807 1.0562e+03     0.1890      0.306      0.444    26.8676 0.0000e+00
      0.309     -0.011     8.0993    101.416    116.898 121.283352    12.0600     0.2724     0.0426     0.3807 2.0887e+03     0.2343      0.303      0.440    26.8686 0.0000e+00
      0.306     -0.010     8.0950    101.464    116.873 121.254917    12.0600     0.2304     0.0426     0.3807 1.4342e+03     0.1588      0.300      0.436    26.8693 0.0000e+00
      0.303     -0.008     8.0934    101.499    116.842 121.221036    12.0600     0.2266     0.0426     0.3807 7.5744e+02     0.1134      0.298      0.431    26.8697 0.0000e+00
      0.300     -0.006     8.0943    101.502    116.818 121.194680    12.1500     0.2419     0.0426     0.2961 9.2546e+02     0.1890      0.295      0.428    26.8696 0.0000e+00
      0.299     -0.004     8.0974    101.459    116.802 121.176821    12.1500     0.2342     0.0426     0.2961 9.4867e+02     0.1739      0.294      0.426    26.8692 0.0000e+00
      0.298     -0.001     8.1014    101.376    116.800 121.174700    12.1500     0.2800     0.0426     0.2961 1.5265e+03     0.0983      0.293      0.425    26.8684 0.0000e+00
      0.299      0.002     8.1043    101.268    116.805 121.179749    12.1500     0.2876     0.0426     0.2961 1.4264e+03     0.2192      0.294      0.426    26.8676 0.0000e+00
      0.300      0.004     8.1047    101.155    116.798 121.173312    12.1500     0.2915     0.0426     0.2961 5.3233e+02     0.2645      0.295      0.427    26.8669 0.0000e+00
      0.302      0.005     8.1013    101.078    116.778 121.153670    12.0600     0.2762     0.0852     0.2115 8.8226e+02     0.1890      0.297      0.430    26.8664 0.0000e+00
      0.304      0.006     8.0947    101.063    116.775 121.151595    12.0600     0.2838     0.0852     0.2115 1.4138e+03     0.1890      0.298      0.432    26.8663 0.0000e+00
      0.306      0.006     8.0860    101.100    116.800 121.178534    12.0600     0.2762     0.0852     0.2115 4.8993e+02     0.0832      0.300      0.435    26.8664 0.0000e+00
      0.308      0.006     8.0770    101.156    116.820 121.201664    12.0600     0.2876     0.0852     0.2115 8.0531e+02     0.2192      0.302      0.438    26.8666 0.0000e+00
      0.309      0.006     8.0707    101.208    116.835 121.219150    12.2400     0.2724     0.1278     0.1269 6.7080e+02     0.2192      0.303      0.440    26.8671 0.0000e+00
      0.310      0.005     8.0695    101.249    116.859 121.247659    12.2400     0.2304     0.1278     0.1269 8.8322e+02     0.2494      0.304      0.441    26.8676 0.0000e+00
      0.311      0.005     8.0724    101.291    116.879 121.270788    12.2400     0.2571     0.1278     0.1269 8.3670e+02     0.2494      0.306      0.443    26.8682 0.0000e+00
      0.313      0.004     8.0767    101.344    116.880 121.274702    12.2400     0.2228     0.1278     0.1269 3.8610e+02     0.0832      0.307      0.445    26.8689 0.0000e+00
      0.314      0.003     8.0807    101.385    116.876 121.272445    12.1500     0.2304     0.0852     0.2115 3.7388e+02     0.0983      0.308      0.447    26.8699 0.0000e+00
      0.316      0.002     8.0838    101.412    116.869 121.265417    12.1500     0.2304     0.0852     0.2115 4.7257e+02     0.4005      0.310      0.449    26.8711 0.0000e+00
