Data/DataNotYetUploadedToEDI/Raw_CTD/RawDownloads/081424_ccr90_S8188003.cnv
* Sea-Bird SBE19plus  Data File:
* FileName = C:\R\Reservoirs\Data\DataNotYetUploadedToEDI\Raw_CTD\RawDownloads\081424_ccr50_S8188_0003.hex
* Software version 2.8.0.119
* Temperature SN = 8188
* Conductivity SN = 8188
* System UpLoad Time = Aug 16 2024 10:37:10
* <ApplicationData>
* <Seaterm232>
# nquan = 13
# nvalues = 961                         
# units = specified
# name 0 = depFM: Depth [fresh water, m]
# name 1 = dz/dtM: Descent Rate [m/s]
# name 2 = sbeox0Mg/L: Oxygen, SBE 43 [mg/l]
# name 3 = sbeox0PS: Oxygen, SBE 43 [% saturation]
# name 4 = specc: Specific Conductance [uS/cm]
# name 5 = c0uS/cm: Conductivity [uS/cm]
# name 6 = flECO-AFL: Fluorescence, WET Labs ECO-AFL/FL [mg/m^3]
# name 7 = par/sat/log: PAR/Logarithmic, Satlantic
# name 8 = turbWETntu0: Turbidity, WET Labs ECO [NTU]
# name 9 = prdM: Pressure, Strain Gauge [db]
# name 10 = prdE: Pressure, Strain Gauge [psi]
# name 11 = tv290C: Temperature [ITS-90, deg C]
# name 12 = flag:  0.000e+00
# span 0 =     -0.430,      3.870       
# span 1 =     -0.299,      0.166       
# span 2 =     4.2343,     9.7199       
# span 3 =     52.750,    120.677       
# span 4 =  -1166.641,    116.969       
# span 5 = -1.208e+03, 121.409337       
# span 6 =    -1.1605,   238.5045       
# span 7 = 1.3130e+02, 2.3455e+03       
# span 8 =    -6.6077,    24.8990       
# span 9 =     -0.424,      3.795       
# span 10 =     -0.614,      5.505      
# span 11 =    24.8253,    26.8943      
# span 12 = 0.0000e+00, 0.0000e+00      
# interval = seconds: 0.25
# start_time = Aug 14 2024 10:26:35 [Instrument's time stamp, header]
# bad_flag = -9.990e-29
*END*
[from data line 445]
      0.482      0.063     7.9085     99.129    116.532 120.942256     0.3522 1.2817e+03     0.8091      0.473      0.686    26.8830 0.0000e+00
      0.499      0.066     7.9104     99.149    116.523 120.933193     0.3542 9.2137e+02     0.6871      0.490      0.710    26.8844 0.0000e+00
      0.514      0.067     7.9029     99.073    116.474 120.882574     0.3458 9.3150e+02     0.6300      0.504      0.730    26.8853 0.0000e+00
      0.529      0.066     7.9035     98.985    116.401 120.807589     0.3369 1.1420e+03     0.6340      0.518      0.752    26.8860 0.0000e+00
      0.546      0.063     7.9149     98.961    116.371 120.776687     0.3423 1.0570e+03     0.6316      0.534      0.776    26.8862 0.0000e+00
      0.566      0.059     7.9178     98.941    116.376 120.781724     0.3507 8.1911e+02     0.6014      0.556      0.806    26.8861 0.0000e+00
      0.584      0.055     7.9085     98.890    116.394 120.800294     0.3511 7.3765e+02     0.6127      0.576      0.835    26.8862 0.0000e+00
      0.596      0.051     7.8974     98.891    116.457 120.864831     0.3479 7.1782e+02     0.6655      0.587      0.851    26.8858 0.0000e+00
      0.603      0.049     7.8991     98.969    116.473 120.880090     0.3460 7.7975e+02     0.6903      0.591      0.857    26.8860 0.0000e+00
      0.612      0.049     7.9005     99.084    116.444 120.848382     0.3450 9.1114e+02     0.6719      0.599      0.868    26.8864 0.0000e+00
      0.624      0.050     7.8903     99.172    116.552 120.958818     0.3451 9.4535e+02     0.6491      0.613      0.888    26.8863 0.0000e+00
      0.639      0.054     7.8913     99.156    116.648 121.056048     0.3481 8.4776e+02     0.6547      0.626      0.907    26.8860 0.0000e+00
      0.656      0.058     7.8990     99.071    116.597 121.001045     0.3460 6.9849e+02     0.6709      0.643      0.933    26.8854 0.0000e+00
      0.672      0.060     7.9088     99.009    116.574 120.975735     0.3458 6.7629e+02     0.6730      0.660      0.957    26.8849 0.0000e+00
      0.687      0.063     7.9204     98.951    116.621 121.022803     0.3546 7.9161e+02     0.6470      0.674      0.976    26.8839 0.0000e+00
      0.701      0.064     7.9179     98.869    116.624 121.024573     0.3570 9.7355e+02     0.6308      0.689      0.999    26.8831 0.0000e+00
      0.716      0.064     7.9061     98.839    116.532 120.928930     0.3486 1.0059e+03     0.6481      0.701      1.018    26.8823 0.0000e+00
      0.735      0.062     7.9031     98.900    116.493 120.889312     0.3477 7.8619e+02     0.6510      0.719      1.043    26.8815 0.0000e+00
      0.756      0.059     7.9014     99.015    116.488 120.886536     0.3554 6.5925e+02     0.6314      0.743      1.078    26.8807 0.0000e+00
      0.773      0.055     7.8901     99.107    116.496 120.895367     0.3545 8.0223e+02     0.6163      0.761      1.104    26.8802 0.0000e+00
      0.784      0.051     7.8870     99.117    116.527 120.927900     0.3455 9.1967e+02     0.6058      0.769      1.116    26.8801 0.0000e+00
      0.791      0.046     7.8936     99.112    116.471 120.870713     0.3418 7.9161e+02     0.6073      0.775      1.124    26.8805 0.0000e+00
      0.800      0.043     7.9041     99.150    116.419 120.817681     0.3444 6.6396e+02     0.6348      0.783      1.136    26.8814 0.0000e+00
      0.812      0.044     7.9150     99.103    116.433 120.832251     0.3429 6.8340e+02     0.6628      0.796      1.154    26.8819 0.0000e+00
      0.825      0.049     7.9128     98.906    116.509 120.910491     0.3404 8.1733e+02     0.6718      0.811      1.176    26.8820 0.0000e+00
      0.835      0.056     7.9078     98.715    116.609 121.013523     0.3403 8.9626e+02     0.6756      0.819      1.187    26.8823 0.0000e+00
      0.847      0.063     7.9176     98.663    116.585 120.986884     0.3423 8.1732e+02     0.6751      0.828      1.200    26.8825 0.0000e+00
      0.866      0.068     7.9179     98.748    116.533 120.929371     0.3469 7.4361e+02     0.6651      0.848      1.230    26.8825 0.0000e+00
      0.887      0.071     7.8940     98.878    116.539 120.931878     0.3442 6.7169e+02     0.6579      0.870      1.261    26.8828 0.0000e+00
      0.908      0.071     7.8748     98.914    116.492 120.880803     0.3443 6.1844e+02     0.6562      0.890      1.290    26.8825 0.0000e+00
      0.928      0.069     7.8721     98.884    116.534 120.925574     0.3567 6.3422e+02     0.6449      0.910      1.321    26.8818 0.0000e+00
      0.946      0.065     7.8803     98.935    116.666 121.064033     0.3635 7.1707e+02     0.6243      0.930      1.349    26.8804 0.0000e+00
      0.960      0.062     7.8976     98.974    116.656 121.054602     0.3668 8.2472e+02     0.6123      0.943      1.367    26.8779 0.0000e+00
      0.971      0.060     7.9012     98.875    116.619 121.016137     0.3701 8.4381e+02     0.6028      0.950      1.379    26.8762 0.0000e+00
      0.984      0.059     7.8880     98.780    116.610 121.008130     0.3603 8.4708e+02     0.5791      0.964      1.398    26.8775 0.0000e+00
      1.001      0.059     7.8979     98.795    116.562 120.957785     0.3431 8.0031e+02     0.5664      0.982      1.424    26.8788 0.0000e+00
      1.020      0.061     7.9091     98.871    116.558 120.952988     0.3356 6.5473e+02     0.5863      1.001      1.452    26.8786 0.0000e+00
      1.036      0.063     7.8915     98.945    116.557 120.950121     0.3393 6.2177e+02     0.6473      1.017      1.476    26.8790 0.0000e+00
      1.049      0.064     7.8809     98.927    116.531 120.923120     0.3439 6.7293e+02     0.6860      1.028      1.491    26.8795 0.0000e+00
      1.064      0.064     7.8859     98.765    116.508 120.899298     0.3475 6.9636e+02     0.6425      1.042      1.511    26.8793 0.0000e+00
      1.082      0.064     7.8924     98.588    116.477 120.866669     0.3486 7.5952e+02     0.6023      1.060      1.538    26.8786 0.0000e+00
      1.101      0.065     7.9012     98.526    116.480 120.869571     0.3483 7.9269e+02     0.6116      1.081      1.568    26.8780 0.0000e+00
      1.117      0.066     7.9038     98.519    116.476 120.866194     0.3530 7.7678e+02     0.6173      1.097      1.592    26.8778 0.0000e+00
      1.132      0.067     7.8851     98.508    116.435 120.825835     0.3541 7.8773e+02     0.6033      1.109      1.608    26.8777 0.0000e+00
      1.147      0.066     7.8647     98.568    116.400 120.790767     0.3523 7.2882e+02     0.6134      1.124      1.630    26.8777 0.0000e+00
      1.166      0.066     7.8646     98.777    116.391 120.783165     0.3660 6.7036e+02     0.6369      1.144      1.659    26.8777 0.0000e+00
      1.185      0.067     7.8665     99.077    116.474 120.870306     0.3895 7.3147e+02     0.6462      1.163      1.687    26.8779 0.0000e+00
      1.202      0.071     7.8618     99.333    116.558 120.957851     0.4029 7.7847e+02     0.6576      1.179      1.711    26.8788 0.0000e+00
      1.217      0.073     7.8633     99.517    116.488 120.886929     0.4068 7.0776e+02     0.6712      1.193      1.730    26.8798 0.0000e+00
      1.234      0.073     7.8816     99.648    116.433 120.831144     0.4014 6.4204e+02     0.7082      1.208      1.752    26.8804 0.0000e+00
      1.256      0.070     7.9119     99.673    116.496 120.897112     0.3899 6.6097e+02     0.7967      1.229      1.784    26.8805 0.0000e+00
      1.280      0.064     7.9319     99.547    116.532 120.934398     0.3886 6.6945e+02     0.8824      1.257      1.824    26.8809 0.0000e+00
      1.300      0.057     7.9443     99.352    116.540 120.940994     0.4032 6.7315e+02     0.9202      1.277      1.854    26.8819 0.0000e+00
      1.311      0.049     7.9573     99.207    116.575 120.976859     0.4273 7.4441e+02     0.8762      1.288      1.867    26.8823 0.0000e+00
      1.317      0.042     7.9618     99.097    116.558 120.958860     0.4467 7.7337e+02     0.7285      1.292      1.873    26.8823 0.0000e+00
      1.322      0.038     7.9489     98.968    116.529 120.927950     0.4551 6.8776e+02     0.6104      1.295      1.878    26.8824 0.0000e+00
      1.331      0.039     7.9275     98.802    116.549 120.944106     0.4604 6.6381e+02     0.6163      1.305      1.893    26.8821 0.0000e+00
      1.341      0.044     7.9186     98.646    116.563 120.949610     0.4678 6.8330e+02     0.6967      1.315      1.907    26.8816 0.0000e+00
      1.354      0.049     7.9112     98.587    116.551 120.926285     0.4748 6.4857e+02     0.7923      1.326      1.923    26.8816 0.0000e+00
      1.369      0.054     7.9015     98.569    116.503 120.866651     0.4756 5.9758e+02     0.8793      1.341      1.946    26.8814 0.0000e+00
      1.385      0.058     7.8881     98.484    116.489 120.842322     0.4677 5.6955e+02     0.9244      1.358      1.970    26.8796 0.0000e+00
      1.401      0.059     7.8707     98.385    116.491 120.836697     0.4757 5.8976e+02     0.9599      1.375      1.994    26.8752 0.0000e+00
      1.415      0.056     7.8695     98.398    116.460 120.798621     0.5114 6.0443e+02     1.0683      1.386      2.011    26.8700 0.0000e+00
      1.430      0.050     7.8746     98.512    116.452 120.791104     0.5351 6.1274e+02     1.1708      1.400      2.031    26.8661 0.0000e+00
      1.447      0.041     7.8652     98.610    116.532 120.882197     0.5284 6.0429e+02     1.1691      1.421      2.061    26.8623 0.0000e+00
      1.459      0.034     7.8522     98.593    116.583 120.945302     0.5165 5.5131e+02     1.0824      1.436      2.081    26.8583 0.0000e+00
      1.463      0.029     7.8548     98.458    116.507 120.872169     0.5216 5.0979e+02     0.9809      1.436      2.083    26.8555 0.0000e+00
      1.463      0.028     7.8684     98.353    116.389 120.748108     0.5297 4.9704e+02     0.9024      1.434      2.080    26.8556 0.0000e+00
      1.464      0.031     7.8782     98.379    116.326 120.672789     0.5277 5.1143e+02     0.8553      1.434      2.080    26.8602 0.0000e+00
      1.470      0.036     7.8776     98.429    116.440 120.779808     0.5317 5.4872e+02     0.8917      1.438      2.087    26.8654 0.0000e+00
      1.485      0.043     7.8603     98.369    116.545 120.882733     0.5350 5.6430e+02     0.9652      1.455      2.111    26.8685 0.0000e+00
      1.503      0.053     7.8470     98.241    116.498 120.826129     0.5325 5.3130e+02     0.9541      1.476      2.141    26.8680 0.0000e+00
      1.517      0.061     7.8553     98.182    116.463 120.777359     0.5371 5.2416e+02     0.8942      1.490      2.160    26.8617 0.0000e+00
      1.530      0.066     7.8656     98.232    116.469 120.770389     0.5466 5.6559e+02     0.9274      1.500      2.175    26.8560 0.0000e+00
      1.546      0.069     7.8590     98.302    116.451 120.741841     0.5612 5.6273e+02     1.0466      1.513      2.195    26.8550 0.0000e+00
      1.567      0.070     7.8432     98.274    116.421 120.704948     0.5742 5.3158e+02     1.1336      1.536      2.227    26.8524 0.0000e+00
      1.589      0.074     7.8389     98.173    116.452 120.733478     0.5739 5.2508e+02     1.1557      1.560      2.262    26.8455 0.0000e+00
      1.608      0.080     7.8461     98.101    116.468 120.745806     0.5666 5.3055e+02     1.1425      1.579      2.290    26.8394 0.0000e+00
      1.624      0.085     7.8580     98.067    116.381 120.649408     0.5633 5.3218e+02     1.1460      1.593      2.310    26.8358 0.0000e+00
      1.642      0.087     7.8544     97.991    116.330 120.590841     0.5607 5.0993e+02     1.1630      1.607      2.331    26.8331 0.0000e+00
      1.667      0.086     7.8419     97.825    116.392 120.651410     0.5609 4.7660e+02     1.1427      1.631      2.365    26.8317 0.0000e+00
      1.698      0.083     7.8366     97.649    116.442 120.699796     0.5658 4.7856e+02     1.1066      1.666      2.417    26.8304 0.0000e+00
      1.726      0.079     7.8370     97.529    116.377 120.630324     0.5674 5.0659e+02     1.1037      1.698      2.462    26.8271 0.0000e+00
      1.742      0.073     7.8347     97.449    116.377 120.629743     0.5720 5.1132e+02     1.1421      1.712      2.482    26.8244 0.0000e+00
      1.752      0.062     7.8167     97.356    116.504 120.760956     0.5779 4.8933e+02     1.1937      1.717      2.491    26.8230 0.0000e+00
      1.766      0.051     7.8013     97.247    116.525 120.784734     0.5777 4.6780e+02     1.2130      1.729      2.509    26.8219 0.0000e+00
      1.782      0.043     7.7923     97.190    116.454 120.712660     0.5790 4.6236e+02     1.1693      1.751      2.538    26.8210 0.0000e+00
      1.794      0.039     7.7880     97.221    116.382 120.639656     0.5845 4.8304e+02     1.1106      1.761      2.554    26.8204 0.0000e+00
      1.799      0.039     7.7819     97.363    116.327 120.583995     0.5835 5.1282e+02     1.1211      1.764      2.559    26.8203 0.0000e+00
      1.804      0.040     7.7688     97.581    116.327 120.585229     0.5752 5.0967e+02     1.2275      1.768      2.563    26.8212 0.0000e+00
      1.813      0.043     7.7645     97.756    116.396 120.654576     0.5719 4.7872e+02     1.3332      1.775      2.574    26.8219 0.0000e+00
      1.826      0.051     7.7656     97.844    116.483 120.740512     0.5778 4.5798e+02     1.3690      1.791      2.598    26.8225 0.0000e+00
      1.840      0.061     7.7767     97.903    116.485 120.737746     0.5771 4.6388e+02     1.3856      1.805      2.617    26.8235 0.0000e+00
      1.855      0.069     7.7996     97.915    116.441 120.689309     0.5637 4.6481e+02     1.3278      1.817      2.635    26.8239 0.0000e+00
      1.874      0.071     7.8154     97.830    116.387 120.632217     0.5637 4.5881e+02     1.2197      1.837      2.663    26.8236 0.0000e+00
      1.899      0.067     7.8188     97.705    116.283 120.524806     0.5765 4.7485e+02     1.1774      1.861      2.698    26.8210 0.0000e+00
      1.924      0.060     7.8245     97.580    116.241 120.481707     0.5790 4.6348e+02     1.1596      1.891      2.742    26.8184 0.0000e+00
      1.941      0.052     7.8299     97.443    116.278 120.520279     0.5771 4.2241e+02     1.1417      1.910      2.770    26.8178 0.0000e+00
      1.946      0.044     7.8189     97.323    116.338 120.582015     0.5799 4.1476e+02     1.1329      1.910      2.770    26.8170 0.0000e+00
      1.947      0.037     7.8077     97.266    116.436 120.682609     0.5778 4.4202e+02     1.1224      1.907      2.765    26.8169 0.0000e+00
      1.953      0.032     7.7999     97.299    116.532 120.781832     0.5685 4.5495e+02     1.1516      1.914      2.775    26.8175 0.0000e+00
      1.965      0.030     7.7866     97.410    116.510 120.758792     0.5637 4.3097e+02     1.2106      1.928      2.795    26.8177 0.0000e+00
      1.978      0.031     7.7760     97.508    116.365 120.608618     0.5716 4.2587e+02     1.2183      1.940      2.814    26.8178 0.0000e+00
      1.988      0.031     7.7709     97.523    116.294 120.534550     0.5863 4.5252e+02     1.1762      1.951      2.830    26.8172 0.0000e+00
      1.993      0.031     7.7728     97.529    116.369 120.613375     0.5848 4.4622e+02     1.1482      1.955      2.836    26.8168 0.0000e+00
      1.996      0.032     7.7851     97.599    116.429 120.675165     0.5712 4.2398e+02     1.1541      1.955      2.836    26.8169 0.0000e+00
      2.002      0.036     7.7969     97.647    116.423 120.667904     0.5692 4.2123e+02     1.1440      1.961      2.845    26.8169 0.0000e+00
      2.012      0.041     7.7942     97.598    116.418 120.661965     0.5776 4.2854e+02     1.1296      1.972      2.860    26.8170 0.0000e+00
      2.025      0.047     7.7904     97.511    116.362 120.603349     0.5779 4.3684e+02     1.1523      1.984      2.877    26.8173 0.0000e+00
      2.041      0.053     7.8010     97.456    116.334 120.572930     0.5636 4.2686e+02     1.1439      2.002      2.903    26.8174 0.0000e+00
