Data/DataNotYetUploadedToEDI/Raw_CTD/RawDownloads/081419_fcr50_2100.cnv
* Sea-Bird SBE19plus  Data File:
* FileName = C:\DATA\081519_fcr50_0000_0003.hex
* Software version 2.8.0.119 SB_Terminal.dll
* Temperature SN = 7809
* Conductivity SN = 7809
* System UpLoad Time = Aug 15 2019 01:07:05
* <ApplicationData>
* <Seaterm232>
# nquan = 16
# nvalues = 1006                        
# units = specified
# name 0 = depFM: Depth [fresh water, m]
# name 1 = dz/dtM: Descent Rate [m/s]
# name 2 = sbeox0Mg/L: Oxygen, SBE 43 [mg/l]
# name 3 = sbeox0PS: Oxygen, SBE 43 [% saturation]
# name 4 = specc: Specific Conductance [uS/cm]
# name 5 = c0uS/cm: Conductivity [uS/cm]
# name 6 = flECO-AFL: Fluorescence, WET Labs ECO-AFL/FL [mg/m^3]
# name 7 = ph: pH
# name 8 = orp: Oxidation Reduction Potential [mV]
# name 9 = par/sat/log: PAR/Logarithmic, Satlantic
# name 10 = turbWETntu0: Turbidity, WET Labs ECO [NTU]
# name 11 = prdM: Pressure, Strain Gauge [db]
# name 12 = prdE: Pressure, Strain Gauge [psi]
# name 13 = tv290C: Temperature [ITS-90, deg C]
# name 14 = density00: Density [density, kg/m^3]
# name 15 = flag:  0.000e+00
# span 0 =     -0.625,      9.604       
# span 1 =     -0.001,      0.208       
# span 2 =     0.0923,    11.1343       
# span 3 =      0.879,    137.150       
# span 4 =      0.167,     78.225       
# span 5 =   0.158292,  57.679672       
# span 6 =    -0.1374,     9.6154       
# span 7 =      6.726,      9.339       
# span 8 = -1240.7455,   260.0256       
# span 9 = 1.2349e-01, 1.7561e+00       
# span 10 =    -0.5475,    17.2692      
# span 11 =     -0.613,      9.419      
# span 12 =     -0.890,     13.661      
# span 13 =    11.7806,    28.1095      
# span 14 =   996.2231,   999.5917      
# span 15 = 0.0000e+00, 0.0000e+00      
# interval = seconds: 0.25
# start_time = Aug 14 2019 21:04:27 [Instrument's time stamp, header]
# bad_flag = -9.990e-29
*END*
[from data line 181]
     -0.035 1.6934e-09     8.1788    104.259     37.727  39.890299     4.9169      8.938   202.0188 3.7804e-01     4.5050     -0.034     -0.049    27.0433   996.5217 0.0000e+00
     -0.035 1.5395e-10     9.0313    115.320     37.681  39.916388     4.9139      8.937   202.1863 3.7225e-01     4.4628     -0.034     -0.050    27.1670   996.4878 0.0000e+00
     -0.035 1.3995e-11     9.7362    124.445     37.631  39.907410     4.9025      8.936   201.9474 3.5772e-01     4.4322     -0.034     -0.050    27.4688   996.4039 0.0000e+00
     -0.035 1.2723e-12    10.2540    131.142     37.606  39.908783     4.8922      8.935   201.4543 3.4710e-01     4.4631     -0.034     -0.050    27.7302   996.3306 0.0000e+00
     -0.035 1.1566e-13    10.5805    135.370     37.613  39.933030     4.8931      8.933   201.0426 3.5125e-01     4.5082     -0.034     -0.050    27.8813   996.2880 0.0000e+00
     -0.034 1.0515e-14    10.7171    137.150     37.617  39.946672     4.8961      8.931   201.1852 3.5909e-01     4.4864     -0.034     -0.049    27.9732   996.2620 0.0000e+00
     -0.034 9.5590e-16    10.6849    136.754     37.612  39.946776     4.8943      8.928   201.7158 3.5754e-01     4.4294     -0.034     -0.049    28.0253   996.2472 0.0000e+00
     -0.034 8.6900e-17    10.5395    134.901     37.598  39.934298     4.8883      8.927   201.7791 3.5509e-01     4.4074     -0.034     -0.049    28.0583   996.2377 0.0000e+00
     -0.034 7.9000e-18    10.3602    132.611     37.585  39.922766     4.8924      8.925   201.3491 3.5622e-01     4.4174     -0.033     -0.049    28.0795   996.2316 0.0000e+00
     -0.034 7.1820e-19    10.1987    130.551     37.594  39.934309     4.9094      8.922   200.9046 3.6314e-01     4.4192     -0.034     -0.049    28.0925   996.2280 0.0000e+00
     -0.034 6.5291e-20    10.0737    128.955     37.605  39.946899     4.9122      8.919   201.3086 3.7550e-01     4.4295     -0.034     -0.049    28.0974   996.2266 0.0000e+00
     -0.034 5.9446e-21     9.9845    127.816     37.606  39.948034     4.8909      8.916   202.3620 3.7684e-01     4.5095     -0.034     -0.050    28.0997   996.2258 0.0000e+00
     -0.034 6.3941e-22     9.9189    126.977     37.605  39.948033     4.8602      8.914   202.8003 3.7138e-01     4.5994     -0.034     -0.049    28.1028   996.2251 0.0000e+00
     -0.034 1.1470e-21     9.8686    126.333     37.604  39.946887     4.8363      8.912   202.8223 3.6688e-01     4.6314     -0.034     -0.049    28.1057   996.2242 0.0000e+00
     -0.034 1.2082e-20     9.8312    125.851     37.593  39.934182     4.8271      8.910   202.7992 3.5842e-01     4.6669     -0.034     -0.049    28.1070   996.2238 0.0000e+00
     -0.034 1.3285e-19     9.8052    125.509     37.584  39.921381     4.8263      8.908   203.2094 3.4774e-01     4.6359     -0.033     -0.049    28.1079   996.2236 0.0000e+00
     -0.035 1.4614e-18     9.7884    125.278     37.587  39.919074     4.8270      8.907   204.1687 3.4358e-01     4.5194     -0.034     -0.050    28.1085   996.2234 0.0000e+00
     -0.035 1.6075e-17     9.7772    125.114     37.581  39.906274     4.8355      8.907   204.5039 3.4415e-01     4.4376     -0.034     -0.050    28.1095   996.2231 0.0000e+00
     -0.034 1.7683e-16     9.7703    125.005     37.576  39.893569     4.8520      8.907   204.2508 3.4866e-01     4.4339     -0.034     -0.049    28.1091   996.2233 0.0000e+00
     -0.034 1.9451e-15     9.7666    124.936     37.582  39.892415     4.8696      8.906   203.7761 3.5634e-01     4.5395     -0.034     -0.049    28.1038   996.2247 0.0000e+00
     -0.034 2.1396e-14     9.7636    124.877     37.588  39.892311     4.8836      8.906   203.0656 3.5634e-01     4.6659     -0.034     -0.049    28.0959   996.2270 0.0000e+00
     -0.034 2.3536e-13     9.7618    124.839     37.593  39.892302     4.8836      8.906   203.0592 3.5573e-01     4.6837     -0.034     -0.050    28.0870   996.2296 0.0000e+00
     -0.034 2.5889e-12     9.7610    124.823     37.596  39.892302     4.8865      8.905   203.7852 3.4652e-01     4.6562     -0.033     -0.049    28.0764   996.2326 0.0000e+00
     -0.034 2.8478e-11     9.7585    124.790     37.596  39.892302     4.9442      8.903   204.1860 3.3112e-01     4.6620     -0.034     -0.049    28.0663   996.2354 0.0000e+00
     -0.034 3.1326e-10     9.7497    124.677     37.596  39.892302     5.0355      8.901   203.9472 3.2975e-01     4.6881     -0.033     -0.049    28.0568   996.2381 0.0000e+00
     -0.034 3.4459e-09     9.7345    124.477     37.597  39.892302     5.0804      8.899   203.3937 3.2076e-01     4.7098     -0.034     -0.049    28.0495   996.2402 0.0000e+00
     -0.034 3.7904e-08     9.7195    124.276     37.600  39.892303     5.0791      8.896   203.1720 2.9734e-01     4.6940     -0.033     -0.049    28.0472   996.2409 0.0000e+00
     -0.034 4.1695e-07     9.7085    124.129     37.602  39.892303     5.0461      8.894   203.5035 2.7676e-01     4.6286     -0.034     -0.049    28.0474   996.2408 0.0000e+00
     -0.034      0.000     9.7012    124.036     37.602  39.892298     4.9928      8.893   203.9605 2.6598e-01     4.5420     -0.033     -0.049    28.0483   996.2405 0.0000e+00
     -0.034      0.000     9.6962    123.976     37.601  39.892235     4.9637      8.893   204.2230 2.6278e-01     4.4655     -0.033     -0.048    28.0468   996.2410 0.0000e+00
     -0.035      0.001     9.6929    123.931     37.601  39.891548     4.9543      8.892   204.2693 2.5031e-01     4.4260     -0.034     -0.050    28.0409   996.2427 0.0000e+00
     -0.035      0.001     9.6949    123.941     37.599  39.883993     4.9483      8.891   203.9178 2.4604e-01     4.4243     -0.034     -0.050    28.0374   996.2437 0.0000e+00
     -0.034      0.002     9.7020    124.003     37.589  39.864363     4.9350      8.890   203.3277 2.5738e-01     4.4768     -0.033     -0.049    28.0375   996.2436 0.0000e+00
     -0.033      0.004     9.7025    123.978     37.581  39.844634     4.9151      8.889   203.1569 2.5229e-01     4.6029     -0.033     -0.048    28.0408   996.2426 0.0000e+00
     -0.032      0.005     9.6863    123.741     37.583  39.835875     4.9068      8.889   203.3161 2.3681e-01     4.7039     -0.032     -0.046    28.0415   996.2425 0.0000e+00
     -0.031      0.007     9.6582    123.358     37.578  39.821922     4.9039      8.890   203.2741 2.2384e-01     4.7471     -0.030     -0.044    28.0339   996.2446 0.0000e+00
     -0.029      0.008     9.6311    122.993     37.565  39.802878     4.9062      8.893   202.3916 2.0869e-01     4.7981     -0.028     -0.041    28.0198   996.2486 0.0000e+00
     -0.027      0.010     9.6108    122.720     37.564  39.796053     4.9083      8.898   200.9050 2.0165e-01     4.8606     -0.026     -0.038    28.0043   996.2530 0.0000e+00
     -0.024      0.012     9.5946    122.507     37.572  39.802873     4.9036      8.903   200.3568 2.0545e-01     4.9127     -0.024     -0.034    27.9899   996.2571 0.0000e+00
     -0.021      0.014     9.5827    122.363     37.587  39.821866     4.9009      8.908   200.7538 1.9339e-01     4.9369     -0.021     -0.031    27.9773   996.2608 0.0000e+00
     -0.018      0.016     9.5778    122.326     37.592  39.835246     4.8492      8.912   201.0588 1.6443e-01     5.0224     -0.018     -0.025    27.9720   996.2623 0.0000e+00
     -0.013      0.018     9.5782    122.378     37.579  39.837709     4.7386      8.914   201.0321 1.4728e-01     5.1920     -0.013     -0.018    27.9637   996.2646 0.0000e+00
     -0.008      0.019     9.5809    122.473     37.573  39.851666     4.6652      8.914   199.9156 1.3773e-01     5.2837     -0.008     -0.011    27.9589   996.2660 0.0000e+00
     -0.003      0.020     9.5860    122.592     37.579  39.877065     4.6460      8.914   198.0556 1.2788e-01     5.3123     -0.003     -0.004    27.9636   996.2647 0.0000e+00
      0.002      0.022     9.5947    122.741     37.580  39.890910     4.6374      8.915   197.1277 1.2406e-01     5.3737      0.002      0.003    27.9724   996.2623 0.0000e+00
      0.008      0.024     9.6022    122.857     37.574  39.892116     4.6216      8.919   197.2137 1.2368e-01     5.4033      0.008      0.012    27.9970   996.2553 0.0000e+00
      0.014      0.027     9.6041    122.893     37.570  39.891656     4.6111      8.923   197.4616 1.2371e-01     5.3752      0.014      0.019    28.0287   996.2463 0.0000e+00
      0.021      0.031     9.6080    122.954     37.560  39.885361     4.6143      8.923   196.9409 1.2379e-01     5.3622      0.020      0.029    28.0544   996.2390 0.0000e+00
      0.029      0.036     9.6182    123.098     37.551  39.879486     4.6685      8.918   195.7359 1.2379e-01     5.3444      0.028      0.041    28.0719   996.2341 0.0000e+00
      0.039      0.040     9.6292    123.249     37.552  39.884107     4.7810      8.906   195.1106 1.2375e-01     5.2908      0.037      0.054    28.0791   996.2321 0.0000e+00
      0.050      0.044     9.6385    123.369     37.545  39.877759     4.8470      8.896   195.4889 1.2374e-01     5.2389      0.049      0.071    28.0828   996.2311 0.0000e+00
      0.063      0.047     9.6462    123.464     37.535  39.866216     4.8516      8.889   196.1799 1.2372e-01     5.1751      0.062      0.089    28.0890   996.2293 0.0000e+00
      0.077      0.049     9.6492    123.499     37.541  39.871503     4.8460      8.880   195.8941 1.2372e-01     5.1100      0.076      0.110    28.0954   996.2276 0.0000e+00
      0.090      0.049     9.6451    123.442     37.549  39.878204     4.8481      8.867   194.7861 1.2375e-01     5.1400      0.088      0.128    28.0998   996.2265 0.0000e+00
      0.101      0.048     9.6362    123.325     37.555  39.883757     4.8514      8.857   194.2267 1.2377e-01     5.2747      0.098      0.142    28.1014   996.2260 0.0000e+00
      0.114      0.047     9.6229    123.152     37.548  39.875156     4.8339      8.849   194.4645 1.2379e-01     5.3623      0.112      0.162    28.0997   996.2265 0.0000e+00
      0.127      0.046     9.6066    122.941     37.514  39.837692     4.8264      8.843   194.9936 1.2379e-01     5.3806      0.125      0.181    28.0971   996.2273 0.0000e+00
      0.139      0.046     9.5973    122.818     37.490  39.811666     4.9258      8.840   195.2906 1.2370e-01     5.4621      0.136      0.197    28.0951   996.2279 0.0000e+00
      0.149      0.046     9.6029    122.876     37.497  39.814398     5.1080      8.840   195.2162 1.2363e-01     5.5951      0.146      0.213    28.0940   996.2283 0.0000e+00
      0.159      0.049     9.6219    123.085     37.501  39.807241     5.2090      8.836   194.8684 1.2368e-01     5.6446      0.155      0.225    28.0926   996.2288 0.0000e+00
      0.170      0.054     9.6441    123.320     37.500  39.788595     5.2184      8.827   194.5273 1.2373e-01     5.6021      0.167      0.241    28.0907   996.2294 0.0000e+00
      0.183      0.059     9.6586    123.451     37.509  39.779361     5.2134      8.819   194.5325 1.2370e-01     5.5069      0.179      0.259    28.0908   996.2293 0.0000e+00
      0.198      0.064     9.6630    123.462     37.504  39.759045     5.2097      8.815   194.8459 1.2376e-01     5.4108      0.191      0.277    28.0866   996.2305 0.0000e+00
      0.218      0.066     9.6598    123.399     37.488  39.733371     5.2077      8.814   195.4769 1.2492e-01     5.3909      0.213      0.309    28.0705   996.2353 0.0000e+00
      0.241      0.066     9.6501    123.269     37.479  39.722857     5.2063      8.817   196.0538 1.2599e-01     5.3970      0.238      0.347    28.0455   996.2425 0.0000e+00
      0.261      0.064     9.6362    123.089     37.454  39.695407     5.2184      8.825   196.0568 1.2500e-01     5.3209      0.257      0.372    28.0178   996.2505 0.0000e+00
      0.276      0.059     9.6238    122.910     37.423  39.655403     5.2499      8.833   196.0286 1.2392e-01     5.1917      0.271      0.394    27.9948   996.2571 0.0000e+00
      0.286      0.055     9.6156    122.749     37.408  39.620047     5.2750      8.830   196.3154 1.2382e-01     5.1461      0.281      0.408    27.9860   996.2596 0.0000e+00
      0.296      0.051     9.6145    122.620     37.352  39.521813     5.2716      8.812   196.9428 1.2383e-01     5.1625      0.290      0.420    27.9853   996.2598 0.0000e+00
      0.308      0.048     9.6241    122.526     37.267  39.356338     5.2437      8.797   197.8504 1.2411e-01     5.1276      0.302      0.438    27.9880   996.2592 0.0000e+00
      0.322      0.046     9.6436    122.441     37.232  39.206192     5.2064      8.800   198.3405 1.2746e-01     5.0194      0.315      0.455    27.9836   996.2605 0.0000e+00
      0.337      0.045     9.6707    122.411     37.256  39.102792     5.1844      8.815   198.4811 1.3053e-01     4.9356      0.332      0.481    27.9554   996.2686 0.0000e+00
      0.350      0.043     9.7043    122.502     37.321  39.058125     5.1862      8.829   198.5179 1.2738e-01     4.9333      0.346      0.501    27.9149   996.2801 0.0000e+00
      0.358      0.040     9.7483    122.804     37.393  39.046821     5.2191      8.839   198.8710 1.2403e-01     4.9268      0.351      0.509    27.8213   996.3065 0.0000e+00
      0.366      0.037     9.8121    123.435     37.432  39.029468     5.2791      8.848   199.7395 1.2379e-01     4.8894      0.358      0.520    27.6503   996.3547 0.0000e+00
      0.376      0.035     9.8942    124.368     37.474  39.038655     5.3212      8.855   200.1562 1.2375e-01     4.8746      0.370      0.536    27.4648   996.4067 0.0000e+00
      0.384      0.035     9.9730    125.334     37.535  39.094375     5.3293      8.855   200.2102 1.2370e-01     4.8787      0.377      0.548    27.3065   996.4508 0.0000e+00
      0.392      0.038    10.0363    126.180     37.555  39.131840     5.3248      8.845   200.1347 1.2369e-01     4.9062      0.383      0.556    27.1913   996.4829 0.0000e+00
      0.401      0.039    10.0955    127.005     37.510  39.110790     5.3106      8.830   199.7592 1.2370e-01     4.9448      0.392      0.569    27.1167   996.5035 0.0000e+00
      0.411      0.039    10.1448    127.709     37.467  39.093822     5.2886      8.826   199.9720 1.2371e-01     4.9520      0.401      0.582    27.0702   996.5164 0.0000e+00
      0.424      0.040    10.1663    128.101     37.451  39.117159     5.2756      8.833   200.8141 1.2375e-01     4.9615      0.416      0.603    27.0555   996.5205 0.0000e+00
      0.438      0.044    10.1754    128.337     37.374  39.075619     5.2652      8.840   201.3372 1.2378e-01     4.9601      0.432      0.628    27.0887   996.5114 0.0000e+00
      0.446      0.050    10.1962    128.585     37.219  38.909033     5.2582      8.842   201.3068 1.2374e-01     4.9354      0.438      0.635    27.1336   996.4991 0.0000e+00
      0.451      0.055    10.2242    128.725     37.135  38.753429     5.2609      8.837   201.0486 1.2369e-01     4.9255      0.438      0.634    27.1553   996.4930 0.0000e+00
      0.464      0.055    10.2438    128.653     37.199  38.717612     5.2632      8.833   201.1409 1.2370e-01     4.9380      0.450      0.652    27.2106   996.4778 0.0000e+00
      0.487      0.054    10.2446    128.368     37.303  38.729718     5.2597      8.836   201.5623 1.2372e-01     4.9230      0.478      0.693    27.2969   996.4540 0.0000e+00
      0.511      0.053    10.2241    127.911     37.346  38.709226     5.2102      8.842   201.8420 1.2370e-01     4.9075      0.506      0.733    27.3021   996.4526 0.0000e+00
      0.524      0.053    10.1943    127.427     37.333  38.660175     5.1235      8.846   201.8558 1.2370e-01     4.9485      0.517      0.751    27.1895   996.4838 0.0000e+00
      0.529      0.053    10.1704    127.058     37.279  38.580940     5.0786      8.846   201.5578 1.2370e-01     4.9598      0.519      0.753    27.0277   996.5285 0.0000e+00
      0.532      0.051    10.1520    126.741     37.241  38.512915     5.0746      8.846   201.3355 1.2366e-01     4.9453      0.519      0.752    26.8891   996.5667 0.0000e+00
