Data/DataNotYetUploadedToEDI/Raw_CTD/RawDownloads/081419_fcr50_1800.cnv
* Sea-Bird SBE19plus  Data File:
* FileName = C:\DATA\081519_fcr50_0000_0002.hex
* Software version 2.8.0.119 SB_Terminal.dll
* Temperature SN = 7809
* Conductivity SN = 7809
* System UpLoad Time = Aug 15 2019 01:06:34
* <ApplicationData>
* <Seaterm232>
# nquan = 16
# nvalues = 1402                        
# units = specified
# name 0 = depFM: Depth [fresh water, m]
# name 1 = dz/dtM: Descent Rate [m/s]
# name 2 = sbeox0Mg/L: Oxygen, SBE 43 [mg/l]
# name 3 = sbeox0PS: Oxygen, SBE 43 [% saturation]
# name 4 = specc: Specific Conductance [uS/cm]
# name 5 = c0uS/cm: Conductivity [uS/cm]
# name 6 = flECO-AFL: Fluorescence, WET Labs ECO-AFL/FL [mg/m^3]
# name 7 = ph: pH
# name 8 = orp: Oxidation Reduction Potential [mV]
# name 9 = par/sat/log: PAR/Logarithmic, Satlantic
# name 10 = turbWETntu0: Turbidity, WET Labs ECO [NTU]
# name 11 = prdM: Pressure, Strain Gauge [db]
# name 12 = prdE: Pressure, Strain Gauge [psi]
# name 13 = tv290C: Temperature [ITS-90, deg C]
# name 14 = density00: Density [density, kg/m^3]
# name 15 = flag:  0.000e+00
# span 0 =     -0.636,      9.545       
# span 1 =     -0.089,      0.266       
# span 2 =     0.0683,    11.8320       
# span 3 =      0.652,    149.760       
# span 4 =      1.027,     93.346       
# span 5 =   1.084738,  68.834370       
# span 6 =    -0.4601,     7.7746       
# span 7 =      6.608,      9.436       
# span 8 =   190.1945,   464.9766       
# span 9 = 1.2337e-01, 9.6432e+02       
# span 10 =     1.0251,    20.3622      
# span 11 =     -0.623,      9.361      
# span 12 =     -0.905,     13.577      
# span 13 =    11.7758,    28.9704      
# span 14 =   995.9744,   999.5944      
# span 15 = 0.0000e+00, 0.0000e+00      
# interval = seconds: 0.25
# start_time = Aug 14 2019 18:02:05 [Instrument's time stamp, header]
# bad_flag = -9.990e-29
*END*
[from data line 904]
      5.032      0.030     2.1789     20.177     49.041  36.202112     1.1820      6.940   223.7352 8.1188e-01    12.9067      4.935      7.158    11.9004   999.5537 0.0000e+00
      5.039      0.028     2.1904     20.297     48.998  36.197716     1.1760      6.939   223.9342 8.0468e-01    12.5666      4.942      7.167    11.8803   999.5560 0.0000e+00
      5.046      0.026     2.2042     20.433     48.933  36.167567     1.1675      6.938   224.4055 8.0261e-01    12.3685      4.949      7.178    11.8689   999.5573 0.0000e+00
      5.051      0.026     2.2188     20.572     48.910  36.154987     1.1647      6.937   224.9600 8.0570e-01    12.3792      4.954      7.186    11.8770   999.5565 0.0000e+00
      5.057      0.026     2.2315     20.688     48.936  36.172563     1.1248      6.937   225.4770 7.8337e-01    12.6961      4.959      7.193    11.9062   999.5533 0.0000e+00
      5.065      0.027     2.2386     20.754     48.962  36.189652     1.0408      6.936   225.4934 7.4958e-01    13.2505      4.967      7.204    11.9385   999.5497 0.0000e+00
      5.072      0.028     2.2400     20.765     48.942  36.171178     0.9900      6.935   225.4164 7.3772e-01    13.5430      4.974      7.214    11.9597   999.5472 0.0000e+00
      5.078      0.029     2.2385     20.748     48.908  36.139603     0.9797      6.935   225.5787 7.2730e-01    13.5465      4.980      7.223    11.9606   999.5471 0.0000e+00
      5.086      0.029     2.2355     20.716     48.898  36.125243     0.9597      6.935   225.9062 7.0553e-01    13.5217      4.988      7.234    11.9548   999.5478 0.0000e+00
      5.094      0.029     2.2312     20.674     48.904  36.124506     0.9300      6.934   226.3657 6.8330e-01    13.5387      4.996      7.247    11.9554   999.5479 0.0000e+00
      5.102      0.029     2.2301     20.661     48.920  36.130681     0.9150      6.932   226.7462 6.6370e-01    13.5557      5.005      7.258    11.9518   999.5483 0.0000e+00
      5.109      0.029     2.2332     20.685     48.941  36.136423     0.9174      6.931   226.8931 6.5434e-01    13.5305      5.011      7.267    11.9433   999.5493 0.0000e+00
      5.115      0.029     2.2351     20.696     48.953  36.130444     0.9234      6.929   227.0236 6.5239e-01    13.4958      5.016      7.275    11.9355   999.5501 0.0000e+00
      5.123      0.029     2.2364     20.702     48.958  36.121857     0.9361      6.927   227.2910 6.4459e-01    13.5292      5.023      7.285    11.9308   999.5507 0.0000e+00
      5.131      0.030     2.2390     20.722     48.934  36.096053     0.9665      6.927   227.6312 6.2401e-01    13.6395      5.032      7.298    11.9288   999.5510 0.0000e+00
      5.140      0.030     2.2403     20.731     48.910  36.072338     0.9883      6.926   228.0394 6.0649e-01    13.7154      5.040      7.310    11.9179   999.5523 0.0000e+00
      5.147      0.029     2.2413     20.737     48.941  36.089007     0.9910      6.925   228.5264 6.1021e-01    13.7263      5.048      7.321    11.8996   999.5544 0.0000e+00
      5.154      0.026     2.2434     20.753     48.975  36.107158     0.9910      6.924   229.0460 6.0861e-01    13.7053      5.055      7.331    11.8852   999.5561 0.0000e+00
      5.161      0.023     2.2449     20.765     48.973  36.101374     0.9882      6.922   229.5039 5.8586e-01    13.6911      5.062      7.342    11.8785   999.5569 0.0000e+00
      5.167      0.021     2.2459     20.773     48.953  36.082540     0.9916      6.922   229.8466 5.7359e-01    13.7184      5.068      7.351    11.8746   999.5573 0.0000e+00
      5.171      0.020     2.2476     20.787     48.939  36.069863     0.9971      6.921   230.0051 5.7527e-01    13.7077      5.072      7.356    11.8666   999.5582 0.0000e+00
      5.175      0.019     2.2486     20.795     48.947  36.075048     0.9945      6.920   230.3029 5.6907e-01    13.6598      5.074      7.360    11.8584   999.5592 0.0000e+00
      5.180      0.017     2.2487     20.796     48.957  36.081749     0.9855      6.919   230.9515 5.5719e-01    13.6632      5.079      7.367    11.8554   999.5595 0.0000e+00
      5.185      0.017     2.2489     20.797     48.966  36.087415     0.9752      6.918   231.4806 5.4512e-01    13.6840      5.085      7.375    11.8519   999.5599 0.0000e+00
      5.189      0.018     2.2495     20.803     48.956  36.080074     0.9742      6.916   231.6251 5.4507e-01    13.7144      5.089      7.381    11.8477   999.5603 0.0000e+00
      5.193      0.018     2.2513     20.820     48.923  36.056464     0.9906      6.915   231.5795 5.5006e-01    13.7364      5.094      7.388    11.8483   999.5604 0.0000e+00
      5.197      0.018     2.2531     20.837     48.923  36.055840     1.0173      6.914   231.7038 5.3779e-01    13.7194      5.097      7.392    11.8478   999.5605 0.0000e+00
      5.202      0.018     2.2538     20.843     48.947  36.072536     1.0373      6.913   232.1804 5.2293e-01    13.7058      5.100      7.398    11.8456   999.5607 0.0000e+00
      5.208      0.018     2.2541     20.846     48.937  36.067910     1.0417      6.913   232.6962 5.2149e-01    13.7037      5.106      7.406    11.8463   999.5607 0.0000e+00
      5.213      0.019     2.2547     20.852     48.928  36.063378     1.0364      6.912   233.0367 5.3222e-01    13.6610      5.113      7.415    11.8485   999.5604 0.0000e+00
      5.217      0.020     2.2544     20.849     48.954  36.081218     1.0337      6.910   233.2855 5.4217e-01    13.5822      5.116      7.421    11.8466   999.5606 0.0000e+00
      5.220      0.021     2.2531     20.836     48.974  36.093193     1.0344      6.910   233.4675 5.3077e-01    13.5383      5.118      7.423    11.8439   999.5610 0.0000e+00
      5.225      0.022     2.2541     20.845     48.962  36.081219     1.0366      6.910   233.6888 5.1559e-01    13.5238      5.123      7.432    11.8482   999.5605 0.0000e+00
      5.232      0.024     2.2571     20.871     48.942  36.063389     1.0259      6.909   233.8966 5.1755e-01    13.5708      5.131      7.443    11.8522   999.5601 0.0000e+00
      5.238      0.027     2.2609     20.904     48.953  36.068015     1.0000      6.906   234.0870 5.1167e-01    13.6801      5.137      7.451    11.8505   999.5603 0.0000e+00
      5.244      0.028     2.2648     20.938     48.963  36.073678     0.9830      6.905   234.3558 4.9247e-01    13.6975      5.143      7.459    11.8466   999.5608 0.0000e+00
      5.252      0.028     2.2661     20.951     48.957  36.068379     0.9770      6.904   234.5654 4.8096e-01    13.6496      5.151      7.470    11.8434   999.5612 0.0000e+00
      5.261      0.027     2.2660     20.950     48.955  36.067424     0.9796      6.902   234.7280 4.7346e-01    13.6910      5.160      7.484    11.8401   999.5615 0.0000e+00
      5.270      0.026     2.2668     20.958     48.945  36.062125     0.9626      6.902   234.9451 4.6096e-01    13.7391      5.169      7.496    11.8363   999.5621 0.0000e+00
      5.276      0.026     2.2688     20.977     48.950  36.067787     0.9103      6.902   235.1258 4.5114e-01    13.7398      5.175      7.506    11.8339   999.5624 0.0000e+00
      5.280      0.027     2.2707     20.996     48.953  36.072413     0.8683      6.901   235.1926 4.4811e-01    13.7651      5.178      7.510    11.8333   999.5624 0.0000e+00
      5.284      0.029     2.2732     21.021     48.927  36.054581     0.8533      6.901   235.2363 4.3512e-01    13.7833      5.180      7.513    11.8338   999.5624 0.0000e+00
      5.292      0.031     2.2777     21.062     48.911  36.042606     0.8578      6.901   235.3101 4.1134e-01    13.8290      5.188      7.524    11.8359   999.5622 0.0000e+00
      5.302      0.033     2.2808     21.091     48.927  36.054580     0.8712      6.900   235.3963 3.9287e-01    13.9245      5.200      7.542    11.8386   999.5620 0.0000e+00
      5.313      0.033     2.2808     21.091     48.951  36.072411     0.8772      6.899   235.6767 3.8150e-01    13.9875      5.211      7.558    11.8411   999.5617 0.0000e+00
      5.322      0.032     2.2803     21.086     48.944  36.067775     0.8690      6.898   236.1189 3.7890e-01    14.0010      5.220      7.571    11.8430   999.5615 0.0000e+00
      5.331      0.030     2.2793     21.077     48.934  36.062005     0.8673      6.897   236.2686 3.8406e-01    13.9228      5.228      7.582    11.8425   999.5616 0.0000e+00
      5.338      0.027     2.2773     21.061     48.936  36.066111     0.8914      6.895   236.1103 3.8975e-01    13.7968      5.235      7.593    11.8422   999.5617 0.0000e+00
      5.343      0.026     2.2761     21.051     48.915  36.053956     0.9093      6.894   236.0115 3.8805e-01    13.7551      5.240      7.600    11.8430   999.5617 0.0000e+00
      5.347      0.027     2.2764     21.057     48.890  36.041991     0.9098      6.893   236.0212 3.7811e-01    13.7462      5.242      7.604    11.8435   999.5616 0.0000e+00
      5.354      0.028     2.2766     21.062     48.890  36.048394     0.8973      6.893   236.3996 3.6934e-01    13.7227      5.249      7.614    11.8441   999.5616 0.0000e+00
      5.362      0.031     2.2773     21.070     48.912  36.067908     0.8707      6.892   237.0586 3.5811e-01    13.7320      5.258      7.627    11.8469   999.5613 0.0000e+00
      5.370      0.033     2.2800     21.093     48.943  36.087513     0.8574      6.891   237.3641 3.4171e-01    13.7601      5.265      7.637    11.8510   999.5609 0.0000e+00
      5.380      0.033     2.2817     21.106     48.963  36.095014     0.8578      6.890   237.5122 3.3081e-01    13.7686      5.276      7.651    11.8563   999.5603 0.0000e+00
      5.390      0.033     2.2811     21.097     48.972  36.095119     0.8498      6.888   237.6443 3.1819e-01    13.7692      5.287      7.668    11.8659   999.5593 0.0000e+00
      5.399      0.032     2.2799     21.084     48.971  36.088783     0.8555      6.888   238.0158 3.0488e-01    13.7673      5.295      7.680    11.8704   999.5588 0.0000e+00
      5.406      0.029     2.2787     21.070     48.968  36.081864     0.8834      6.887   238.8197 3.0134e-01    13.7449      5.302      7.690    11.8647   999.5595 0.0000e+00
      5.413      0.026     2.2765     21.047     48.963  36.074932     0.9007      6.885   239.3629 2.9064e-01    13.7613      5.308      7.699    11.8563   999.5605 0.0000e+00
      5.419      0.026     2.2734     21.017     48.958  36.068432     0.9091      6.885   239.5933 2.7282e-01    13.8016      5.314      7.708    11.8493   999.5613 0.0000e+00
      5.426      0.029     2.2714     20.998     48.961  36.066748     0.9160      6.884   239.6259 2.7038e-01    13.8066      5.321      7.717    11.8441   999.5619 0.0000e+00
      5.431      0.035     2.2714     20.995     48.952  36.054558     0.9146      6.883   239.4992 2.8255e-01    13.7891      5.326      7.725    11.8396   999.5625 0.0000e+00
      5.436      0.041     2.2727     21.004     48.950  36.047998     0.9095      6.882   239.8678 2.8610e-01    13.7527      5.328      7.728    11.8356   999.5629 0.0000e+00
      5.448      0.045     2.2775     21.046     48.960  36.050897     0.9158      6.880   240.6423 2.6610e-01    13.7274      5.338      7.742    11.8332   999.5632 0.0000e+00
      5.466      0.049     2.2867     21.130     48.930  36.026124     0.9549      6.879   241.2060 2.4187e-01    13.7786      5.361      7.775    11.8300   999.5637 0.0000e+00
      5.484      0.051     2.2982     21.236     48.900  36.002357     1.0091      6.879   241.4353 2.3546e-01    13.8805      5.382      7.804    11.8236   999.5645 0.0000e+00
      5.495      0.052     2.3113     21.356     48.922  36.017429     1.0335      6.879   241.3489 2.3769e-01    13.9426      5.390      7.818    11.8171   999.5653 0.0000e+00
      5.504      0.050     2.3275     21.505     48.924  36.017934     1.0330      6.878   241.2799 2.3335e-01    13.9725      5.396      7.826    11.8129   999.5658 0.0000e+00
      5.516      0.047     2.3463     21.679     48.913  36.008459     1.0648      6.876   241.4614 2.2758e-01    13.9791      5.409      7.845    11.8106   999.5661 0.0000e+00
      5.530      0.045     2.3657     21.857     48.943  36.029823     1.1317      6.876   241.8227 2.2206e-01    13.9578      5.424      7.867    11.8098   999.5662 0.0000e+00
      5.543      0.043     2.3853     22.037     48.934  36.022346     1.1655      6.875   242.2932 2.1100e-01    13.9441      5.436      7.884    11.8086   999.5665 0.0000e+00
      5.554      0.042     2.4035     22.205     48.879  35.981522     1.1608      6.874   242.6755 1.9702e-01    13.9445      5.448      7.901    11.8071   999.5667 0.0000e+00
      5.564      0.041     2.4185     22.344     48.877  35.980534     1.1710      6.873   242.9175 1.8472e-01    13.9630      5.458      7.915    11.8061   999.5668 0.0000e+00
      5.571      0.039     2.4295     22.446     48.918  36.010396     1.2020      6.872   242.8105 1.8408e-01    14.0036      5.464      7.923    11.8053   999.5670 0.0000e+00
      5.580      0.035     2.4349     22.496     48.938  36.025222     1.2235      6.872   242.5006 1.8361e-01    14.0100      5.471      7.934    11.8043   999.5671 0.0000e+00
      5.592      0.030     2.4374     22.519     48.948  36.032850     1.2225      6.871   242.6120 1.7247e-01    13.9742      5.484      7.953    11.8039   999.5672 0.0000e+00
      5.603      0.026     2.4414     22.556     48.956  36.039154     1.1476      6.870   243.1243 1.6462e-01    13.8989      5.497      7.973    11.8042   999.5672 0.0000e+00
      5.610      0.024     2.4431     22.571     48.953  36.037973     1.0109      6.868   243.8770 1.6412e-01    13.7879      5.504      7.984    11.8044   999.5672 0.0000e+00
      5.610      0.026     2.4407     22.549     48.927  36.018571     0.9308      6.867   244.4858 1.7127e-01    13.7463      5.502      7.981    11.8043   999.5672 0.0000e+00
      5.610      0.029     2.4393     22.537     48.895  35.994980     0.9153      6.867   244.0314 1.7453e-01    13.7559      5.499      7.976    11.8044   999.5672 0.0000e+00
      5.615      0.034     2.4384     22.528     48.911  36.006626     0.9191      6.866   243.1153 1.6113e-01    13.7412      5.503      7.982    11.8049   999.5672 0.0000e+00
      5.628      0.040     2.4360     22.507     48.946  36.032428     0.9423      6.865   243.1323 1.4309e-01    13.7975      5.516      8.000    11.8054   999.5672 0.0000e+00
      5.646      0.045     2.4332     22.482     48.972  36.053067     0.9703      6.864   243.5479 1.3430e-01    13.9445      5.537      8.031    11.8059   999.5672 0.0000e+00
      5.663      0.047     2.4298     22.451     48.989  36.065750     0.9717      6.864   243.9250 1.3335e-01    14.0116      5.556      8.059    11.8054   999.5673 0.0000e+00
      5.674      0.044     2.4261     22.417     48.979  36.058840     0.9601      6.864   243.8205 1.3626e-01    13.9860      5.565      8.073    11.8040   999.5676 0.0000e+00
      5.682      0.039     2.4234     22.393     48.943  36.032986     0.9683      6.863   242.8869 1.3841e-01    13.9620      5.571      8.080    11.8051   999.5674 0.0000e+00
      5.689      0.033     2.4224     22.383     48.906  36.007043     0.9760      6.861   242.5309 1.3225e-01    13.9513      5.579      8.092    11.8074   999.5672 0.0000e+00
      5.698      0.030     2.4208     22.369     48.892  35.999066     0.9741      6.860   242.8716 1.2550e-01    13.9558      5.589      8.105    11.8073   999.5673 0.0000e+00
      5.704      0.028     2.4183     22.347     48.891  36.000006     0.9807      6.860   243.4782 1.2730e-01    13.9497      5.594      8.114    11.8074   999.5673 0.0000e+00
      5.710      0.026     2.4160     22.326     48.916  36.018408     0.9861      6.859   244.4452 1.3107e-01    13.9430      5.598      8.120    11.8090   999.5671 0.0000e+00
      5.718      0.024     2.4138     22.306     48.933  36.031149     0.9785      6.857   244.4966 1.2898e-01    13.9405      5.608      8.133    11.8089   999.5672 0.0000e+00
