Data/DataNotYetUploadedToEDI/Raw_CTD/RawDownloads/081424_ccr88_S8188002.cnv
* Sea-Bird SBE19plus  Data File:
* FileName = C:\R\Reservoirs\Data\DataNotYetUploadedToEDI\Raw_CTD\RawDownloads\081424_ccr50_S8188_0002.hex
* Software version 2.8.0.119
* Temperature SN = 8188
* Conductivity SN = 8188
* System UpLoad Time = Aug 16 2024 10:36:54
* <ApplicationData>
* <Seaterm232>
# nquan = 13
# nvalues = 2070                        
# units = specified
# name 0 = depFM: Depth [fresh water, m]
# name 1 = dz/dtM: Descent Rate [m/s]
# name 2 = sbeox0Mg/L: Oxygen, SBE 43 [mg/l]
# name 3 = sbeox0PS: Oxygen, SBE 43 [% saturation]
# name 4 = specc: Specific Conductance [uS/cm]
# name 5 = c0uS/cm: Conductivity [uS/cm]
# name 6 = flECO-AFL: Fluorescence, WET Labs ECO-AFL/FL [mg/m^3]
# name 7 = par/sat/log: PAR/Logarithmic, Satlantic
# name 8 = turbWETntu0: Turbidity, WET Labs ECO [NTU]
# name 9 = prdM: Pressure, Strain Gauge [db]
# name 10 = prdE: Pressure, Strain Gauge [psi]
# name 11 = tv290C: Temperature [ITS-90, deg C]
# name 12 = flag:  0.000e+00
# span 0 =     -0.443,     10.532       
# span 1 =     -0.288,      0.212       
# span 2 =     2.3676,    10.2192       
# span 3 =     24.723,    126.647       
# span 4 =  -1609.494,    126.775       
# span 5 = -1.227e+03, 121.877772       
# span 6 =    -2.9304,    11.8378       
# span 7 = 2.7668e-01, 2.3061e+03       
# span 8 =    -9.9188,   704.4176       
# span 9 =     -0.436,     10.329       
# span 10 =     -0.633,     14.981      
# span 11 =    12.8661,    26.8869      
# span 12 = 0.0000e+00, 0.0000e+00      
# interval = seconds: 0.25
# start_time = Aug 14 2024 09:51:09 [Instrument's time stamp, header]
# bad_flag = -9.990e-29
*END*
[from data line 1556]
      3.624     -0.032     7.9597     99.764    116.944 121.022915     0.5899 2.0902e+02     0.4402      3.546      5.143    26.6509 0.0000e+00
      3.637     -0.003     7.9872     99.758    116.882 120.974547     0.5847 1.9908e+02     0.4232      3.568      5.174    26.6807 0.0000e+00
      3.651      0.012     7.9961     99.806    116.881 120.986967     0.5836 1.9177e+02     0.4058      3.584      5.197    26.7045 0.0000e+00
      3.657      0.015     7.9890     99.934    116.914 121.036712     0.5849 1.9447e+02     0.4020      3.588      5.204    26.7250 0.0000e+00
      3.658      0.010     7.9828    100.144    116.896 121.030463     0.5747 2.0112e+02     0.4124      3.588      5.204    26.7419 0.0000e+00
      3.657      0.003     7.9818    100.388    116.901 121.047824     0.5734 2.0279e+02     0.4282      3.587      5.202    26.7441 0.0000e+00
      3.655     -0.000     7.9837    100.581    116.938 121.110259     0.5774 2.0268e+02     0.4216      3.585      5.199    26.7485 0.0000e+00
      3.651     -0.000     7.9924    100.650    116.906 121.103433     0.5619 2.0418e+02     0.4356      3.580      5.192    26.7580 0.0000e+00
      3.649      0.001     8.0102    100.642    116.766 120.965337     0.5429 2.0419e+02     0.4598      3.577      5.188    26.7623 0.0000e+00
      3.653      0.003     8.0316    100.657    116.575 120.736260     0.5387 2.0318e+02     0.4390      3.581      5.194    26.7638 0.0000e+00
      3.658      0.004     8.0487    100.669    116.564 120.652254     0.5456 1.9985e+02     0.4248      3.588      5.204    26.7769 0.0000e+00
      3.660      0.004     8.0506    100.594    116.691 120.699660     0.5650 1.9304e+02     0.4259      3.590      5.207    26.7917 0.0000e+00
      3.659      0.002     8.0437    100.378    116.814 120.763762     0.5830 1.9253e+02     0.4516      3.588      5.204    26.7968 0.0000e+00
      3.658     -0.007     8.0486     99.991    116.895 120.813466     0.5810 1.9748e+02     0.4959      3.587      5.202    26.7868 0.0000e+00
      3.658     -0.024     8.0584     99.504    116.909 120.823212     0.5847 1.9827e+02     0.5835      3.587      5.203    26.7492 0.0000e+00
      3.658     -0.050     8.0588     99.060    116.947 120.881598     0.6097 2.0113e+02     0.7559      3.588      5.204    26.7054 0.0000e+00
      3.653     -0.083     8.0476     98.706    116.952 120.905695     0.6320 2.1103e+02     0.8634      3.588      5.204    26.6806 0.0000e+00
      3.631     -0.120     8.0166     98.405    116.892 120.841823     0.6380 2.1571e+02     0.9221      3.570      5.178    26.6660 0.0000e+00
      3.589     -0.157     7.9721     98.199    116.924 120.859466     0.6213 2.1291e+02     1.3621      3.523      5.110    26.6620 0.0000e+00
      3.534     -0.191     7.9333     98.186    116.992 120.914409     0.5943 2.1796e+02     2.0985      3.466      5.028    26.6769 0.0000e+00
      3.475     -0.215     7.9061     98.370    116.972 120.892359     0.5899 2.2688e+02     2.4779      3.409      4.943    26.6884 0.0000e+00
      3.415     -0.221     7.8818     98.703    116.937 120.865657     0.5934 2.2395e+02     2.5159      3.350      4.858    26.6847 0.0000e+00
      3.352     -0.206     7.8603     99.069    116.922 120.864350     0.5849 2.1874e+02     2.2154      3.288      4.768    26.6771 0.0000e+00
      3.289     -0.176     7.8631     99.311    116.912 120.876578     0.5823 2.2638e+02     1.5567      3.221      4.672    26.6670 0.0000e+00
      3.237     -0.137     7.8782     99.381    116.882 120.877152     0.5882 2.4009e+02     1.1439      3.166      4.592    26.6671 0.0000e+00
      3.206     -0.095     7.9065     99.367    116.838 120.871342     0.5866 2.4703e+02     1.1033      3.135      4.546    26.6741 0.0000e+00
      3.198     -0.057     7.9427     99.448    116.872 120.942781     0.5712 2.4612e+02     1.0315      3.134      4.544    26.6779 0.0000e+00
      3.203     -0.027     7.9601     99.694    116.962 121.059012     0.5587 2.4727e+02     0.8252      3.141      4.556    26.6872 0.0000e+00
      3.208     -0.007     7.9631    100.004    116.935 121.049197     0.5568 2.5137e+02     0.7034      3.146      4.563    26.7012 0.0000e+00
      3.210      0.002     7.9509    100.263    116.830 120.960538     0.5573 2.4851e+02     0.6914      3.150      4.569    26.7200 0.0000e+00
      3.208      0.002     7.9531    100.466    116.797 120.941811     0.5559 2.4573e+02     0.6467      3.147      4.565    26.7380 0.0000e+00
      3.205     -0.000     7.9758    100.618    116.807 120.959176     0.5485 2.5114e+02     0.5397      3.143      4.558    26.7456 0.0000e+00
      3.204     -0.002     8.0044    100.678    116.873 121.034116     0.5369 2.5208e+02     0.4623      3.141      4.556    26.7519 0.0000e+00
      3.205     -0.002     8.0222    100.663    116.995 121.165962     0.5199 2.4219e+02     0.5348      3.143      4.560    26.7630 0.0000e+00
      3.206     -0.002     8.0361    100.577    117.012 121.189420     0.5079 2.3534e+02     1.3815      3.145      4.562    26.7690 0.0000e+00
      3.205     -0.003     8.0522    100.472    116.866 121.044974     0.5212 2.4120e+02     2.9069      3.144      4.560    26.7708 0.0000e+00
      3.204     -0.003     8.0532    100.429    116.800 120.987981     0.5426 2.4309e+02     3.7354      3.142      4.557    26.7738 0.0000e+00
      3.203     -0.002     8.0535    100.451    116.908 121.114086     0.5409 2.3259e+02     3.8107      3.141      4.555    26.7765 0.0000e+00
      3.201      0.000     8.0445    100.497    116.914 121.137618     0.5264 2.3380e+02     3.9545      3.139      4.552    26.7790 0.0000e+00
      3.200      0.002     8.0320    100.538    116.831 121.067945     0.5323 2.4471e+02     4.2385      3.137      4.550    26.7807 0.0000e+00
      3.202      0.004     8.0290    100.570    116.839 121.090055     0.5518 2.4155e+02     4.4281      3.140      4.553    26.7857 0.0000e+00
      3.207      0.004     8.0308    100.612    116.869 121.132188     0.5453 2.3377e+02     4.4277      3.145      4.561    26.7924 0.0000e+00
      3.209      0.004     8.0344    100.680    116.897 121.168213     0.5228 2.3364e+02     3.8901      3.148      4.566    26.7998 0.0000e+00
      3.209      0.003     8.0367    100.764    116.847 121.116475     0.5148 2.3525e+02     2.9069      3.146      4.564    26.8074 0.0000e+00
      3.207      0.001     8.0378    100.834    116.732 120.983980     0.5171 2.3676e+02     2.3594      3.144      4.561    26.8135 0.0000e+00
      3.206      0.001     8.0393    100.828    116.763 120.998309     0.5248 2.4207e+02     2.2478      3.144      4.560    26.8184 0.0000e+00
      3.206      0.002     8.0455    100.693    116.855 121.085121     0.5379 2.4382e+02     1.7640      3.144      4.561    26.8208 0.0000e+00
      3.206      0.004     8.0520    100.458    116.917 121.147062     0.5464 2.3569e+02     0.9038      3.144      4.561    26.8235 0.0000e+00
      3.207      0.004     8.0605    100.184    116.971 121.201664     0.5400 2.2983e+02     0.4644      3.144      4.561    26.8162 0.0000e+00
      3.211      0.003     8.0646     99.887    116.968 121.199747     0.5302 2.3119e+02     0.4690      3.149      4.567    26.8040 0.0000e+00
      3.215      0.000     8.0523     99.607    116.889 121.123892     0.5323 2.3097e+02     0.4789      3.155      4.576    26.8032 0.0000e+00
      3.216     -0.003     8.0311     99.502    116.858 121.102861     0.5388 2.2337e+02     0.4464      3.154      4.575    26.8023 0.0000e+00
      3.212     -0.006     8.0093     99.642    116.958 121.218256     0.5399 2.2005e+02     0.4198      3.150      4.569    26.8015 0.0000e+00
      3.207     -0.007     7.9862     99.874    117.018 121.291616     0.5368 2.2734e+02     0.4318      3.144      4.561    26.8023 0.0000e+00
      3.203     -0.006     7.9569    100.063    117.027 121.307925     0.5361 2.3094e+02     0.4881      3.140      4.554    26.8041 0.0000e+00
      3.201     -0.005     7.9436    100.226    116.996 121.279056     0.5398 2.3287e+02     0.5858      3.138      4.551    26.8094 0.0000e+00
      3.202     -0.002     7.9618    100.415    116.931 121.215349     0.5388 2.4081e+02     0.6512      3.139      4.552    26.8149 0.0000e+00
      3.203      0.000     7.9841    100.616    116.934 121.219615     0.5321 2.4053e+02     0.6609      3.142      4.557    26.8204 0.0000e+00
      3.204 -1.707e-09     7.9968    100.762    116.913 121.194255     0.5289 2.3028e+02     0.6002      3.143      4.559    26.8231 0.0000e+00
      3.204 -1.878e-08     8.0075    100.820    116.909 121.181490     0.5334 2.2925e+02     0.5016      3.143      4.559    26.8242 0.0000e+00
      3.203      0.000     8.0229    100.833    116.940 121.201659     0.5345 2.3574e+02     0.4639      3.140      4.556    26.8260 0.0000e+00
      3.201      0.000     8.0414    100.864    116.914 121.165310     0.5336 2.3543e+02     0.4538      3.138      4.552    26.8267 0.0000e+00
      3.201      0.001     8.0546    100.901    116.903 121.151162     0.5320 2.2897e+02     0.5158      3.138      4.552    26.8256 0.0000e+00
      3.204      0.002     8.0583    100.907    116.915 121.166987     0.5057 2.2755e+02     0.6645      3.142      4.557    26.8219 0.0000e+00
      3.205      0.003     8.0572    100.897    116.960 121.220255     0.4757 2.2737e+02     0.7416      3.144      4.560    26.8149 0.0000e+00
      3.205      0.003     8.0614    100.849    116.983 121.249675     0.4651 2.2013e+02     0.7272      3.143      4.559    26.8104 0.0000e+00
      3.206      0.002     8.0669    100.757    116.983 121.249924     0.4631 2.2288e+02     0.6966      3.143      4.558    26.8101 0.0000e+00
      3.207      0.001     8.0646    100.692    117.028 121.291457     0.4699 2.3035e+02     0.6796      3.145      4.561    26.8110 0.0000e+00
      3.208      0.000     8.0649    100.639    117.018 121.274471     0.4770 2.2288e+02     0.6931      3.147      4.564    26.8148 0.0000e+00
      3.207     -0.001     8.0624    100.533    116.997 121.249125     0.4799 2.1767e+02     0.7227      3.145      4.563    26.8181 0.0000e+00
      3.206     -0.002     8.0502    100.415    116.937 121.189581     0.4798 2.2102e+02     0.6611      3.143      4.559    26.8180 0.0000e+00
      3.205     -0.002     8.0462    100.342    116.849 121.100098     0.4751 2.1732e+02     0.5314      3.143      4.558    26.8158 0.0000e+00
      3.205     -0.002     8.0467    100.300    116.872 121.121925     0.4752 2.1555e+02     0.4592      3.143      4.559    26.8122 0.0000e+00
      3.204     -0.001     8.0359    100.298    116.935 121.180711     0.4803 2.2255e+02     0.4061      3.142      4.557    26.8098 0.0000e+00
      3.204      0.000     8.0232    100.339    116.952 121.197106     0.4942 2.2368e+02     0.3356      3.142      4.557    26.8114 0.0000e+00
      3.204      0.002     8.0199    100.406    116.864 121.115556     0.5216 2.1916e+02     0.2586      3.143      4.558    26.8134 0.0000e+00
      3.204      0.004     8.0152    100.521    116.814 121.081266     0.5344 2.1618e+02     0.1963      3.142      4.557    26.8126 0.0000e+00
      3.204      0.005     8.0149    100.651    116.841 121.123512     0.5274 2.1624e+02     0.1663      3.141      4.556    26.8085 0.0000e+00
      3.206      0.005     8.0211    100.692    116.795 121.080810     0.5244 2.1985e+02     0.1699      3.144      4.560    26.8061 0.0000e+00
      3.210      0.004     8.0231    100.674    116.821 121.110539     0.5237 2.1877e+02     0.2062      3.149      4.568    26.8108 0.0000e+00
      3.212      0.003     8.0315    100.740    116.914 121.210181     0.5278 2.1653e+02     0.2269      3.151      4.570    26.8210 0.0000e+00
      3.211      0.002     8.0461    100.887    116.895 121.194440     0.5389 2.1922e+02     0.2148      3.149      4.568    26.8279 0.0000e+00
      3.211      0.001     8.0487    100.985    116.891 121.193004     0.5370 2.1904e+02     0.1964      3.149      4.568    26.8286 0.0000e+00
      3.210      0.000     8.0397    101.009    117.025 121.329218     0.5302 2.1694e+02     0.1760      3.148      4.567    26.8295 0.0000e+00
      3.209     -0.006     8.0452    100.967    117.112 121.409266     0.5355 2.1678e+02     0.1749      3.146      4.563    26.8309 0.0000e+00
      3.209     -0.023     8.0638    100.820    116.998 121.274294     0.5399 2.1909e+02     0.2173      3.146      4.562    26.8320 0.0000e+00
      3.212     -0.051     8.0699    100.584    116.886 121.129389     0.5396 2.2176e+02     0.3790      3.150      4.569    26.8348 0.0000e+00
      3.209     -0.086     8.0709    100.370    116.891 121.089311     0.5413 2.2211e+02     0.6195      3.154      4.575    26.8344 0.0000e+00
      3.188     -0.117     8.0712    100.272    116.916 121.062428     0.5429 2.2333e+02     0.7224      3.138      4.551    26.8283 0.0000e+00
      3.140     -0.136     8.0597    100.253    116.968 121.077052     0.5414 2.2583e+02     0.6965      3.086      4.476    26.8231 0.0000e+00
      3.076     -0.140     8.0387    100.219    117.031 121.129676     0.5413 2.3290e+02     0.7181      3.013      4.371    26.8123 0.0000e+00
      3.019     -0.126     8.0206    100.200    117.044 121.153121     0.5408 2.3937e+02     0.8118      2.950      4.280    26.7907 0.0000e+00
      2.988     -0.099     8.0183    100.316    116.964 121.087761     0.5357 2.3517e+02     0.9019      2.922      4.237    26.7651 0.0000e+00
      2.979     -0.065     8.0241    100.575    116.888 121.021396     0.5316 2.3042e+02     0.9495      2.918      4.233    26.7450 0.0000e+00
      2.981     -0.033     8.0211    100.816    116.893 121.032680     0.5350 2.3239e+02     0.9072      2.923      4.239    26.7407 0.0000e+00
      2.984     -0.011     8.0128    100.907    116.938 121.087810     0.5411 2.3363e+02     0.8026      2.927      4.247    26.7485 0.0000e+00
      2.984     -0.003     8.0204    100.910    116.978 121.142416     0.5371 2.3013e+02     0.7150      2.928      4.247    26.7574 0.0000e+00
      2.981     -0.003     8.0461    100.938    116.971 121.147370     0.5297 2.2810e+02     0.7052      2.922      4.238    26.7628 0.0000e+00
      2.979     -0.006     8.0710    100.982    116.961 121.147730     0.5380 2.2925e+02     1.1647      2.921      4.235    26.7643 0.0000e+00
      2.979     -0.008     8.0745    101.026    116.951 121.146791     0.5509 2.2838e+02     2.0145      2.923      4.240    26.7670 0.0000e+00
      2.978     -0.007     8.0682    101.073    116.932 121.136023     0.5472 2.2500e+02     2.4651      2.922      4.239    26.7735 0.0000e+00
      2.974     -0.005     8.0723    101.031    116.939 121.153945     0.5366 2.2260e+02     2.5269      2.916      4.229    26.7796 0.0000e+00
      2.969     -0.003     8.0757    100.831    117.003 121.227112     0.5351 2.2453e+02     2.5564      2.910      4.220    26.7838 0.0000e+00
      2.969     -0.003     8.0768    100.617    117.042 121.270532     0.5374 2.2438e+02     2.5465      2.909      4.221    26.7871 0.0000e+00
      2.972     -0.003     8.0835    100.538    116.973 121.201563     0.5384 2.1802e+02     2.5446      2.915      4.228    26.7913 0.0000e+00
      2.974     -0.003     8.0843    100.560    116.913 121.143383     0.5391 2.1470e+02     2.5337      2.919      4.233    26.7961 0.0000e+00
      2.974     -0.004     8.0612    100.632    116.946 121.180844     0.5368 2.1810e+02     2.3457      2.918      4.232    26.7997 0.0000e+00
      2.970     -0.004     8.0372    100.713    117.004 121.245337     0.5371 2.1980e+02     2.0230      2.913      4.225    26.8002 0.0000e+00
      2.965     -0.004     8.0355    100.768    116.995 121.241204     0.5428 2.1738e+02     1.8589      2.906      4.215    26.8010 0.0000e+00
      2.962     -0.003     8.0371    100.819    117.016 121.267271     0.5453 2.2023e+02     1.8377      2.903      4.211    26.8030 0.0000e+00
