Data/DataNotYetUploadedToEDI/Raw_CTD/RawDownloads/081424_ccr50_S8188001.cnv
* Sea-Bird SBE19plus  Data File:
* FileName = C:\R\Reservoirs\Data\DataNotYetUploadedToEDI\Raw_CTD\RawDownloads\081424_ccr50_S8188_0001.hex
* Software version 2.8.0.119
* Temperature SN = 8188
* Conductivity SN = 8188
* System UpLoad Time = Aug 16 2024 10:36:23
* <ApplicationData>
* <Seaterm232>
# nquan = 16
# nvalues = 3467                        
# units = specified
# name 0 = depFM: Depth [fresh water, m]
# name 1 = dz/dtM: Descent Rate [m/s]
# name 2 = sbeox0Mg/L: Oxygen, SBE 43 [mg/l]
# name 3 = sbeox0PS: Oxygen, SBE 43 [% saturation]
# name 4 = specc: Specific Conductance [uS/cm]
# name 5 = c0uS/cm: Conductivity [uS/cm]
# name 6 = wetCDOM: Fluorescence, WET Labs CDOM [mg/m^3]
# name 7 = flECO-AFL: Fluorescence, WET Labs ECO-AFL/FL [mg/m^3]
# name 8 = flECO-AFL1: Fluorescence, WET Labs ECO-AFL/FL, 2 [mg/m^3]
# name 9 = flECO-AFL2: Fluorescence, WET Labs ECO-AFL/FL, 3 [mg/m^3]
# name 10 = par/sat/log: PAR/Logarithmic, Satlantic
# name 11 = turbWETntu0: Turbidity, WET Labs ECO [NTU]
# name 12 = prdM: Pressure, Strain Gauge [db]
# name 13 = prdE: Pressure, Strain Gauge [psi]
# name 14 = tv290C: Temperature [ITS-90, deg C]
# name 15 = flag:  0.000e+00
# span 0 =     -0.447,     20.085       
# span 1 =     -0.266,      0.136       
# span 2 =    -0.3057,     9.3233       
# span 3 =     -2.823,    116.818       
# span 4 =   -647.146,    233.197       
# span 5 =-487.217096, 165.354613       
# span 6 =    -4.5000,    55.5300       
# span 7 =    -1.5434,   245.1682       
# span 8 =   -11.7150,     5.3676       
# span 9 =    -9.5175,     1.7766       
# span 10 = 1.1587e-01, 2.9100e+03      
# span 11 =   -12.3191,   971.0038      
# span 12 =     -0.438,     19.697      
# span 13 =     -0.635,     28.568      
# span 14 =    10.4437,    26.9220      
# span 15 = 0.0000e+00, 0.0000e+00      
# interval = seconds: 0.25
# start_time = Aug 14 2024 09:09:33 [Instrument's time stamp, header]
# bad_flag = -9.990e-29
*END*
[from data line 2984]
      4.929     -0.119     8.0588     98.193    118.913 120.679201    16.6500     1.0773     0.0426     0.3807 8.5422e+01     0.2192      4.833      7.010    25.8273 0.0000e+00
      4.896     -0.142     8.0514     97.782    118.977 120.698720    16.6500     0.9972     0.0426     0.3807 8.8348e+01     0.1588      4.801      6.964    25.8276 0.0000e+00
      4.856     -0.164     8.0416     97.405    118.988 120.738361    16.6500     1.0086     0.0426     0.3807 9.2393e+01     0.1739      4.762      6.906    25.8088 0.0000e+00
      4.809     -0.185     8.0260     97.150    118.920 120.760692    16.2900     1.0010     0.0426     0.3384 9.4217e+01     0.1286      4.716      6.840    25.7738 0.0000e+00
      4.757     -0.201     8.0024     97.061    118.812 120.767676    16.2900     1.0010     0.0426     0.3384 9.5620e+01     0.1890      4.665      6.766    25.7365 0.0000e+00
      4.701     -0.212     7.9716     97.140    118.691 120.773186    16.2900     0.9094     0.0426     0.3384 1.0118e+02     0.1588      4.610      6.687    25.7175 0.0000e+00
      4.643     -0.219     7.9391     97.371    118.564 120.786697    16.2900     0.9133     0.0426     0.3384 1.0891e+02     0.2494      4.553      6.604    25.7299 0.0000e+00
      4.585     -0.222     7.9128     97.723    118.420 120.799817    16.2900     0.8866     0.0852     0.4230 1.0972e+02     0.2494      4.496      6.521    25.7682 0.0000e+00
      4.528     -0.220     7.8984     98.152    118.278 120.826055    16.2900     0.9133     0.0852     0.4230 1.0813e+02     0.1890      4.440      6.440    25.8176 0.0000e+00
      4.471     -0.216     7.8970     98.601    118.163 120.886417    16.2900     0.8370     0.0852     0.4230 1.1653e+02     0.3703      4.385      6.360    25.8715 0.0000e+00
      4.416     -0.208     7.9071     99.007    118.045 120.947001    16.2900     0.8370     0.0852     0.4230 1.2279e+02     0.3552      4.331      6.281    25.9317 0.0000e+00
      4.362     -0.197     7.9260     99.323    117.904 120.971961    16.2900     0.8255     0.0852     0.4230 1.1997e+02     0.5062      4.278      6.205    25.9991 0.0000e+00
      4.311     -0.182     7.9503     99.530    117.785 120.985969    14.2200     0.8141     0.0426     0.4230 1.2102e+02     0.4458      4.228      6.132    26.0714 0.0000e+00
      4.264     -0.163     7.9758     99.639    117.710 121.016772    14.2200     0.6424     0.0426     0.4230 1.3603e+02     0.2041      4.182      6.065    26.1467 0.0000e+00
      4.223     -0.141     7.9975     99.686    117.654 121.064581    14.2200     0.6310     0.0426     0.4230 1.4315e+02     0.2192      4.142      6.007    26.2236 0.0000e+00
      4.190     -0.118     8.0127     99.716    117.592 121.118142    14.2200     0.6310     0.0426     0.4230 1.2987e+02     0.2947      4.109      5.960    26.2953 0.0000e+00
      4.165     -0.096     8.0211     99.760    117.510 121.155739    13.3200     0.6233     0.0426     0.3807 1.2623e+02     0.3098      4.084      5.924    26.3530 0.0000e+00
      4.146     -0.076     8.0233     99.817    117.410 121.167401    13.3200     0.6920     0.0426     0.3807 1.3751e+02     0.3552      4.066      5.896    26.3985 0.0000e+00
      4.131     -0.060     8.0205     99.878    117.316 121.172247    13.3200     0.6806     0.0426     0.3807 1.3635e+02     0.4156      4.051      5.875    26.4431 0.0000e+00
      4.119     -0.047     8.0158     99.941    117.239 121.179575    13.3200     0.6882     0.0426     0.3807 1.3069e+02     0.3552      4.040      5.859    26.4931 0.0000e+00
      4.110     -0.038     8.0118    100.003    117.178 121.183343    13.4100     0.6729     0.0852     0.2961 1.2970e+02     0.4458      4.030      5.845    26.5450 0.0000e+00
      4.102     -0.031     8.0093    100.055    117.142 121.184560    13.4100     0.6920     0.0852     0.2961 1.3186e+02     0.9292      4.022      5.834    26.5938 0.0000e+00
      4.095     -0.025     8.0079    100.080    117.127 121.179551    13.4100     0.7149     0.0852     0.2961 1.3898e+02     0.9594      4.016      5.825    26.6375 0.0000e+00
      4.090     -0.021     8.0077    100.059    117.128 121.162981    13.4100     0.7035     0.0852     0.2961 1.3310e+02     0.9443      4.011      5.817    26.6746 0.0000e+00
      4.085     -0.017     8.0086     99.985    117.155 121.154433    13.5900     0.7073     0.0426     0.2538 1.2937e+02     0.9141      4.006      5.810    26.7028 0.0000e+00
      4.081     -0.015     8.0103     99.863    117.208 121.167627    13.5900     0.5852     0.0426     0.2538 1.2894e+02     1.1407      4.003      5.805    26.7195 0.0000e+00
      4.078     -0.013     8.0118     99.704    117.261 121.194074    13.5900     0.6043     0.0426     0.2538 1.3617e+02     1.1256      4.000      5.801    26.7236 0.0000e+00
      4.076     -0.011     8.0112     99.535    117.304 121.236822    13.5900     0.5699     0.0426     0.2538 1.3591e+02     1.2464      3.997      5.797    26.7162 0.0000e+00
      4.073     -0.010     8.0075     99.400    117.308 121.269262    13.5900     0.5776     0.0426     0.2538 1.2945e+02     1.2011      3.995      5.793    26.7006 0.0000e+00
      4.071     -0.010     8.0003     99.330    117.259 121.266040    13.6800     0.5852     0.0852     0.3384 1.3146e+02     0.7630      3.992      5.790    26.6828 0.0000e+00
      4.068     -0.010     7.9892     99.324    117.197 121.252308    13.6800     0.5776     0.0852     0.3384 1.3754e+02     0.6724      3.990      5.786    26.6707 0.0000e+00
      4.066     -0.010     7.9758     99.360    117.157 121.250415    13.6800     0.5928     0.0852     0.3384 1.4026e+02     0.7479      3.987      5.783    26.6699 0.0000e+00
      4.063     -0.010     7.9632     99.422    117.147 121.263858    13.6800     0.5890     0.0852     0.3384 1.3450e+02     0.6875      3.985      5.780    26.6818 0.0000e+00
      4.061     -0.011     7.9547     99.493    117.168 121.288224    14.0400     0.6348     0.0852     0.4230 1.2700e+02     0.9745      3.983      5.776    26.7024 0.0000e+00
      4.058     -0.013     7.9512     99.552    117.197 121.296002    14.0400     0.6233     0.0852     0.4230 1.3614e+02     0.8990      3.980      5.773    26.7236 0.0000e+00
      4.056     -0.016     7.9517     99.573    117.228 121.279265    14.0400     0.6348     0.0852     0.4230 1.3694e+02     0.9745      3.977      5.768    26.7404 0.0000e+00
      4.052     -0.019     7.9552     99.543    117.260 121.249548    14.0400     0.6500     0.0852     0.4230 1.2667e+02     1.0652      3.974      5.763    26.7505 0.0000e+00
      4.047     -0.022     7.9607     99.472    117.276 121.202922    14.9400     0.8293     0.0852     0.2961 1.2923e+02     2.7873      3.969      5.756    26.7518 0.0000e+00
      4.040     -0.027     7.9667     99.386    117.290 121.160957    14.9400     0.8293     0.0852     0.2961 1.3793e+02     2.7722      3.962      5.747    26.7421 0.0000e+00
      4.033     -0.033     7.9714     99.293    117.325 121.150468    14.9400     0.8332     0.0852     0.2961 1.3650e+02     3.0290      3.955      5.736    26.7217 0.0000e+00
      4.025     -0.042     7.9727     99.193    117.369 121.160652    14.9400     0.7988     0.0852     0.2961 1.2634e+02     2.7873      3.947      5.725    26.6950 0.0000e+00
      4.015     -0.053     7.9710     99.095    117.382 121.148215    14.9400     0.7378     0.0852     0.2961 1.2869e+02     1.3522      3.938      5.711    26.6679 0.0000e+00
      4.002     -0.069     7.9675     99.014    117.352 121.091837    15.0300     0.7645     0.1278     0.3807 1.3241e+02     1.4126      3.925      5.693    26.6437 0.0000e+00
      3.985     -0.087     7.9629     98.969    117.297 121.002490    15.0300     0.7569     0.1278     0.3807 1.2598e+02     1.4277      3.908      5.669    26.6238 0.0000e+00
      3.962     -0.108     7.9571     98.960    117.251 120.908358    15.0300     0.7721     0.1278     0.3807 1.2970e+02     1.3975      3.885      5.636    26.6089 0.0000e+00
      3.931     -0.129     7.9508     98.968    117.249 120.848349    15.0300     0.8446     0.1278     0.3807 1.3644e+02     1.4730      3.855      5.592    26.5976 0.0000e+00
      3.893     -0.149     7.9459     98.975    117.281 120.824460    13.5000     0.8141     0.1278     0.3384 1.4062e+02     1.4881      3.818      5.538    26.5869 0.0000e+00
      3.850     -0.166     7.9443     98.972    117.320 120.820315    13.5000     0.8179     0.1278     0.3384 1.4639e+02     1.3673      3.776      5.476    26.5728 0.0000e+00
      3.803     -0.178     7.9465     98.959    117.354 120.828803    13.5000     0.8332     0.1278     0.3384 1.5128e+02     1.3673      3.730      5.409    26.5530 0.0000e+00
      3.754     -0.186     7.9506     98.949    117.374 120.840186    13.5000     0.7874     0.1278     0.3384 1.5704e+02     1.5788      3.682      5.340    26.5285 0.0000e+00
      3.705     -0.191     7.9546     98.958    117.371 120.843496    13.5900     0.7759     0.0852     0.2115 1.6256e+02     1.3522      3.633      5.269    26.5042 0.0000e+00
      3.656     -0.193     7.9572     98.990    117.359 120.847619    13.5900     0.7912     0.0852     0.2115 1.6809e+02     1.4126      3.585      5.199    26.4853 0.0000e+00
      3.607     -0.195     7.9577     99.050    117.364 120.873661    13.5900     0.7797     0.0852     0.2115 1.7201e+02     1.3220      3.537      5.130    26.4740 0.0000e+00
      3.557     -0.195     7.9574     99.141    117.375 120.908562    13.5900     0.6767     0.0852     0.2115 1.6508e+02     1.6845      3.488      5.060    26.4705 0.0000e+00
      3.507     -0.194     7.9578     99.240    117.368 120.929625    13.6800     0.7035     0.0852     0.2115 1.8043e+02     1.5637      3.439      4.988    26.4732 0.0000e+00
      3.457     -0.190     7.9593     99.323    117.355 120.948469    13.6800     0.7111     0.0852     0.2115 1.9046e+02     1.6845      3.389      4.916    26.4799 0.0000e+00
      3.407     -0.183     7.9628     99.383    117.340 120.966121    13.6800     0.6996     0.0852     0.2115 1.7848e+02     1.7449      3.340      4.845    26.4887 0.0000e+00
      3.358     -0.172     7.9687     99.432    117.324 120.981288    13.6800     0.6424     0.0852     0.2115 1.8475e+02     1.6996      3.293      4.777    26.4989 0.0000e+00
      3.314     -0.158     7.9750     99.473    117.321 121.008020    13.6800     0.6653     0.0852     0.2115 2.0939e+02     1.6845      3.249      4.713    26.5108 0.0000e+00
      3.274     -0.139     7.9796     99.508    117.327 121.047443    13.6800     0.6310     0.0852     0.2538 1.9634e+02     1.7449      3.210      4.657    26.5246 0.0000e+00
      3.240     -0.119     7.9824     99.541    117.340 121.096070    13.6800     0.6310     0.0852     0.2538 2.0596e+02     1.6694      3.177      4.609    26.5390 0.0000e+00
      3.213     -0.098     7.9844     99.578    117.344 121.134862    13.6800     0.7073     0.0852     0.2538 2.1902e+02     1.3975      3.150      4.570    26.5523 0.0000e+00
      3.192     -0.078     7.9859     99.621    117.332 121.150163    13.6800     0.7187     0.0852     0.2538 2.0480e+02     1.3975      3.130      4.540    26.5650 0.0000e+00
      3.176     -0.061     7.9867     99.665    117.313 121.150056    12.6900     0.6920     0.0426     0.2961 1.9720e+02     1.3673      3.114      4.517    26.5789 0.0000e+00
      3.165     -0.048     7.9872     99.675    117.301 121.146515    12.6900     0.6996     0.0426     0.2961 2.1510e+02     1.4579      3.103      4.501    26.5941 0.0000e+00
      3.156     -0.038     7.9880     99.618    117.304 121.150598    12.6900     0.7759     0.0426     0.2961 2.0413e+02     2.1075      3.095      4.488    26.6086 0.0000e+00
      3.149     -0.031     7.9897     99.507    117.299 121.147389    12.6900     0.7416     0.0426     0.2961 1.9054e+02     2.2132      3.088      4.479    26.6208 0.0000e+00
      3.143     -0.027     7.9920     99.400    117.288 121.142034    14.4900     0.7454     0.1704     0.2961 1.9931e+02     2.1377      3.082      4.470    26.6291 0.0000e+00
      3.137     -0.025     7.9924     99.347    117.291 121.157109    14.4900     0.7607     0.1704     0.2961 2.2031e+02     2.3039      3.076      4.462    26.6327 0.0000e+00
      3.131     -0.023     7.9877     99.357    117.295 121.176631    14.4900     0.7569     0.1704     0.2961 2.0100e+02     2.7722      3.070      4.453    26.6334 0.0000e+00
      3.125     -0.023     7.9787     99.409    117.293 121.189803    14.4900     0.7416     0.1704     0.2961 2.0061e+02     2.7269      3.064      4.444    26.6341 0.0000e+00
      3.119     -0.023     7.9697     99.475    117.287 121.198139    14.4900     0.7950     0.1704     0.2961 1.9733e+02     2.7571      3.058      4.436    26.6366 0.0000e+00
      3.114     -0.025     7.9647     99.540    117.277 121.203863    14.7600     0.7492     0.1278     0.2961 2.0342e+02     2.7873      3.054      4.429    26.6417 0.0000e+00
      3.109     -0.029     7.9646     99.598    117.269 121.212502    14.7600     0.6996     0.1278     0.2961 1.9745e+02     2.7269      3.049      4.422    26.6484 0.0000e+00
      3.103     -0.035     7.9678     99.639    117.253 121.212357    14.7600     0.7111     0.1278     0.2961 2.0302e+02     2.7873      3.042      4.413    26.6549 0.0000e+00
      3.094     -0.044     7.9722     99.660    117.233 121.201393    14.7600     0.6920     0.1278     0.2961 2.0640e+02     2.8477      3.034      4.401    26.6611 0.0000e+00
      3.083     -0.057     7.9764     99.672    117.229 121.198689    14.8500     0.6844     0.1704     0.2538 2.0228e+02     2.8175      3.023      4.385    26.6679 0.0000e+00
      3.068     -0.073     7.9800     99.695    117.236 121.193525    14.8500     0.6539     0.1704     0.2538 2.0179e+02     3.1196      3.008      4.363    26.6752 0.0000e+00
      3.048     -0.090     7.9824     99.733    117.238 121.172519    14.8500     0.6348     0.1704     0.2538 2.2243e+02     3.0592      2.989      4.336    26.6818 0.0000e+00
      3.024     -0.110     7.9834     99.775    117.241 121.146072    14.8500     0.6348     0.1704     0.2538 2.0135e+02     2.9988      2.965      4.301    26.6862 0.0000e+00
      2.993     -0.130     7.9843     99.816    117.231 121.107130    14.7600     0.6615     0.1278     0.2961 2.0188e+02     2.9837      2.935      4.257    26.6865 0.0000e+00
      2.957     -0.150     7.9869     99.852    117.214 121.063308    14.7600     0.6615     0.1278     0.2961 2.1002e+02     2.3341      2.900      4.206    26.6816 0.0000e+00
      2.916     -0.168     7.9913     99.877    117.203 121.032926    14.7600     0.5966     0.1278     0.2961 2.2476e+02     2.2132      2.859      4.147    26.6717 0.0000e+00
      2.869     -0.183     7.9966     99.880    117.197 121.015882    14.7600     0.6424     0.1278     0.2961 2.2354e+02     2.3039      2.813      4.080    26.6592 0.0000e+00
      2.819     -0.194     8.0017     99.849    117.198 121.015634    13.6800     0.6462     0.1278     0.2115 2.3054e+02     2.4549      2.764      4.009    26.6468 0.0000e+00
      2.765     -0.201     8.0061     99.784    117.195 121.018111    13.6800     0.5661     0.1278     0.2115 2.3592e+02     1.4881      2.712      3.933    26.6357 0.0000e+00
      2.711     -0.205     8.0093     99.709    117.178 121.013975    13.6800     0.5776     0.1278     0.2115 2.6749e+02     1.4277      2.659      3.856    26.6275 0.0000e+00
      2.657     -0.207     8.0102     99.654    117.158 121.010123    13.6800     0.5852     0.1278     0.2115 2.8650e+02     1.4579      2.606      3.780    26.6231 0.0000e+00
      2.605     -0.205     8.0078     99.622    117.141 121.013534    13.6800     0.5852     0.1278     0.2115 2.1835e+02     1.5032      2.554      3.704    26.6223 0.0000e+00
