Data/DataNotYetUploadedToEDI/Raw_CTD/RawDownloads/081419_fcr50_1800.cnv
* Sea-Bird SBE19plus  Data File:
* FileName = C:\DATA\081519_fcr50_0000_0002.hex
* Software version 2.8.0.119 SB_Terminal.dll
* Temperature SN = 7809
* Conductivity SN = 7809
* System UpLoad Time = Aug 15 2019 01:06:34
* <ApplicationData>
* <Seaterm232>
# nquan = 16
# nvalues = 1402                        
# units = specified
# name 0 = depFM: Depth [fresh water, m]
# name 1 = dz/dtM: Descent Rate [m/s]
# name 2 = sbeox0Mg/L: Oxygen, SBE 43 [mg/l]
# name 3 = sbeox0PS: Oxygen, SBE 43 [% saturation]
# name 4 = specc: Specific Conductance [uS/cm]
# name 5 = c0uS/cm: Conductivity [uS/cm]
# name 6 = flECO-AFL: Fluorescence, WET Labs ECO-AFL/FL [mg/m^3]
# name 7 = ph: pH
# name 8 = orp: Oxidation Reduction Potential [mV]
# name 9 = par/sat/log: PAR/Logarithmic, Satlantic
# name 10 = turbWETntu0: Turbidity, WET Labs ECO [NTU]
# name 11 = prdM: Pressure, Strain Gauge [db]
# name 12 = prdE: Pressure, Strain Gauge [psi]
# name 13 = tv290C: Temperature [ITS-90, deg C]
# name 14 = density00: Density [density, kg/m^3]
# name 15 = flag:  0.000e+00
# span 0 =     -0.636,      9.545       
# span 1 =     -0.089,      0.266       
# span 2 =     0.0683,    11.8320       
# span 3 =      0.652,    149.760       
# span 4 =      1.027,     93.346       
# span 5 =   1.084738,  68.834370       
# span 6 =    -0.4601,     7.7746       
# span 7 =      6.608,      9.436       
# span 8 =   190.1945,   464.9766       
# span 9 = 1.2337e-01, 9.6432e+02       
# span 10 =     1.0251,    20.3622      
# span 11 =     -0.623,      9.361      
# span 12 =     -0.905,     13.577      
# span 13 =    11.7758,    28.9704      
# span 14 =   995.9744,   999.5944      
# span 15 = 0.0000e+00, 0.0000e+00      
# interval = seconds: 0.25
# start_time = Aug 14 2019 18:02:05 [Instrument's time stamp, header]
# bad_flag = -9.990e-29
*END*
[from data line 181]
      0.009 8.7625e-18     8.3280    105.853     37.644  39.698470     3.7572      8.888   208.6148 6.0294e+02     4.2059      0.009      0.013    28.7803   996.0299 0.0000e+00
      0.009 7.9655e-19     9.4583    119.967     37.734  39.697103     3.7452      8.888   208.8347 6.0308e+02     4.2292      0.009      0.013    28.6622   996.0642 0.0000e+00
      0.009 7.2415e-20    10.4210    132.029     37.783  39.698135     3.7299      8.888   208.8613 6.0659e+02     4.3037      0.009      0.013    28.2809   996.1741 0.0000e+00
      0.009 6.5830e-21    11.1574    141.277     37.820  39.710875     3.7367      8.888   208.5922 6.0699e+02     4.3851      0.009      0.013    27.9030   996.2820 0.0000e+00
      0.009 5.9850e-22    11.6337    147.268     37.845  39.724136     3.7403      8.888   208.1620 5.9976e+02     4.4269      0.009      0.012    27.6888   996.3424 0.0000e+00
      0.009 5.4405e-23    11.8320    149.760     37.857  39.731492     3.7308      8.888   208.1336 5.8972e+02     4.4492      0.009      0.013    27.5739   996.3747 0.0000e+00
      0.009 4.9461e-24    11.7882    149.195     37.864  39.736334     3.7263      8.887   208.4206 5.8239e+02     4.4568      0.009      0.013    27.5174   996.3906 0.0000e+00
      0.009 4.4964e-25    11.5983    146.784     37.850  39.719193     3.7287      8.887   208.7068 5.8180e+02     4.4537      0.009      0.013    27.4863   996.3993 0.0000e+00
      0.009 4.0877e-26    11.3698    143.885     37.848  39.714680     3.7340      8.886   208.4109 5.8297e+02     4.4454      0.009      0.013    27.4734   996.4028 0.0000e+00
      0.009 3.7161e-27    11.1649    141.286     37.879  39.745248     3.7389      8.885   207.6827 5.8278e+02     4.4539      0.009      0.013    27.4682   996.4043 0.0000e+00
      0.009 3.3783e-28    10.9999    139.191     37.906  39.771373     3.7359      8.884   207.5593 5.8323e+02     4.4580      0.009      0.012    27.4658   996.4049 0.0000e+00
      0.009 3.0711e-29    10.8728    137.576     37.913  39.776628     3.7237      8.882   207.9511 5.8215e+02     4.4297      0.009      0.013    27.4624   996.4059 0.0000e+00
      0.009 2.7919e-30    10.7752    136.334     37.885  39.745305     3.7298      8.882   208.3762 5.8410e+02     4.4402      0.010      0.014    27.4600   996.4066 0.0000e+00
      0.009 2.5381e-31    10.7030    135.415     37.853  39.710051     3.7488      8.882   208.0531 5.8675e+02     4.4859      0.009      0.013    27.4577   996.4072 0.0000e+00
      0.009 2.3074e-32    10.6559    134.814     37.875  39.731254     3.7369      8.882   207.1417 5.8618e+02     4.4908      0.009      0.013    27.4548   996.4081 0.0000e+00
      0.009 2.0976e-33    10.6299    134.483     37.891  39.747745     3.7071      8.881   206.9077 5.9034e+02     4.4672      0.009      0.013    27.4516   996.4090 0.0000e+00
      0.009 1.9069e-34    10.6168    134.314     37.864  39.718990     3.6916      8.880   207.1168 5.9414e+02     4.4622      0.009      0.013    27.4489   996.4097 0.0000e+00
      0.009 1.7335e-35    10.6049    134.164     37.847  39.700987     3.6883      8.880   207.4328 5.9188e+02     4.4633      0.009      0.013    27.4465   996.4103 0.0000e+00
      0.009 1.5760e-36    10.5910    133.989     37.866  39.720522     3.6842      8.878   207.9753 5.8984e+02     4.4483      0.009      0.013    27.4447   996.4109 0.0000e+00
      0.009 1.4329e-37    10.5786    133.839     37.906  39.764742     3.6683      8.877   207.8252 5.9167e+02     4.3783      0.009      0.013    27.4434   996.4113 0.0000e+00
      0.009 1.3296e-38    10.5699    133.740     37.928  39.791272     3.6433      8.877   206.9085 5.9448e+02     4.2398      0.009      0.013    27.4427   996.4114 0.0000e+00
      0.009 4.1710e-39    10.5658    133.704     37.919  39.787382     3.6163      8.877   206.3560 5.9517e+02     4.1505      0.008      0.012    27.4421   996.4116 0.0000e+00
      0.009 3.2964e-38    10.5649    133.711     37.908  39.781203     3.6017      8.875   206.5652 5.9450e+02     4.1839      0.009      0.013    27.4423   996.4115 0.0000e+00
      0.009 3.6143e-37    10.5658    133.738     37.902  39.780049     3.6229      8.874   207.1147 5.9512e+02     4.2494      0.009      0.013    27.4449   996.4109 0.0000e+00
      0.009 3.9757e-36    10.5671    133.765     37.892  39.773444     3.6563      8.874   207.1495 5.9822e+02     4.2544      0.009      0.013    27.4497   996.4095 0.0000e+00
      0.009 4.3732e-35    10.5670    133.768     37.883  39.764817     3.6670      8.874   206.5550 5.9867e+02     4.2119      0.009      0.013    27.4569   996.4075 0.0000e+00
      0.009 4.8105e-34    10.5624    133.708     37.859  39.739218     3.6743      8.874   206.1224 5.9438e+02     4.1944      0.009      0.013    27.4653   996.4051 0.0000e+00
      0.009 5.2916e-33    10.5535    133.592     37.840  39.717855     3.7010      8.873   206.2209 5.9179e+02     4.2719      0.009      0.013    27.4723   996.4032 0.0000e+00
      0.009 5.8207e-32    10.5465    133.501     37.881  39.760446     3.7301      8.872   206.5417 5.9273e+02     4.3953      0.009      0.013    27.4771   996.4019 0.0000e+00
      0.009 6.4028e-31    10.5453    133.486     37.928  39.809814     3.7401      8.872   206.7313 5.9356e+02     4.4398      0.009      0.013    27.4783   996.4016 0.0000e+00
      0.009 7.0431e-30    10.5518    133.571     37.924  39.806908     3.7436      8.872   206.7070 5.9556e+02     4.4174      0.009      0.013    27.4773   996.4018 0.0000e+00
      0.009 7.7474e-29    10.5669    133.766     37.905  39.788792     3.7552      8.871   206.5057 5.9476e+02     4.4190      0.009      0.013    27.4755   996.4022 0.0000e+00
      0.009 8.5222e-28    10.5859    134.011     37.897  39.781224     3.7760      8.870   206.2757 5.9129e+02     4.4602      0.009      0.013    27.4734   996.4029 0.0000e+00
      0.009 9.3744e-27    10.6005    134.198     37.894  39.778884     3.7950      8.870   206.0772 5.9284e+02     4.4565      0.009      0.013    27.4733   996.4029 0.0000e+00
      0.009 1.0312e-25    10.6076    134.291     37.876  39.760508     3.7948      8.870   205.9127 5.9418e+02     4.4073      0.009      0.013    27.4757   996.4022 0.0000e+00
      0.009 1.1343e-24    10.6091    134.310     37.866  39.749485     3.7567      8.870   206.1801 5.9294e+02     4.3889      0.009      0.013    27.4780   996.4016 0.0000e+00
      0.009 1.2477e-23    10.6062    134.272     37.888  39.772569     3.6983      8.870   206.6427 5.9332e+02     4.3985      0.009      0.013    27.4795   996.4012 0.0000e+00
      0.009 1.3725e-22    10.5998    134.192     37.899  39.785690     3.6699      8.870   206.4303 5.9386e+02     4.4252      0.009      0.013    27.4805   996.4009 0.0000e+00
      0.009 1.5098e-21    10.5921    134.099     37.894  39.781161     3.6739      8.869   205.9353 5.9161e+02     4.4493      0.009      0.013    27.4816   996.4006 0.0000e+00
      0.009 1.6607e-20    10.5848    134.017     37.891  39.781301     3.6767      8.868   205.8192 5.9286e+02     4.4603      0.009      0.013    27.4818   996.4005 0.0000e+00
      0.010 1.8268e-19    10.5795    133.965     37.892  39.787388     3.6520      8.867   206.3171 5.9949e+02     4.5263      0.009      0.014    27.4808   996.4007 0.0000e+00
      0.010 2.0095e-18    10.5756    133.929     37.892  39.791283     3.6180      8.866   207.0516 5.9706e+02     4.6245      0.009      0.014    27.4807   996.4008 0.0000e+00
      0.009 2.2104e-17    10.5706    133.872     37.865  39.764922     3.6125      8.865   207.1284 5.8904e+02     4.6643      0.009      0.013    27.4821   996.4004 0.0000e+00
      0.009 2.4315e-16    10.5638    133.785     37.825  39.722582     3.6282      8.865   206.7292 5.8820e+02     4.6789      0.009      0.013    27.4870   996.3990 0.0000e+00
      0.009 2.6746e-15    10.5574    133.699     37.828  39.723727     3.6527      8.866   206.3551 5.8943e+02     4.6044      0.009      0.013    27.4946   996.3970 0.0000e+00
      0.009 2.9421e-14    10.5562    133.679     37.882  39.778762     3.6744      8.866   206.6483 5.8859e+02     4.4526      0.009      0.013    27.5007   996.3952 0.0000e+00
      0.010 3.2363e-13    10.5573    133.690     37.919  39.816675     3.6736      8.865   207.5213 5.9161e+02     4.4165      0.009      0.014    27.5036   996.3945 0.0000e+00
      0.010 3.5599e-12    10.5547    133.658     37.904  39.801240     3.6692      8.864   207.7903 5.9486e+02     4.4631      0.009      0.014    27.5022   996.3948 0.0000e+00
      0.010 3.9159e-11    10.5516    133.623     37.885  39.782575     3.6730      8.863   207.4048 5.9377e+02     4.5243      0.009      0.014    27.4997   996.3955 0.0000e+00
      0.010 4.3075e-10    10.5493    133.600     37.882  39.781445     3.6672      8.863   206.9043 5.9365e+02     4.5984      0.009      0.014    27.4974   996.3962 0.0000e+00
      0.009 4.7382e-09    10.5441    133.543     37.885  39.787588     3.6600      8.862   206.9879 5.9189e+02     4.6385      0.009      0.013    27.4957   996.3967 0.0000e+00
      0.009 5.2121e-08    10.5370    133.465     37.887  39.793363     3.6644      8.862   207.8129 5.8818e+02     4.6485      0.009      0.013    27.4960   996.3966 0.0000e+00
      0.010 5.7333e-07    10.5303    133.396     37.877  39.787798     3.6599      8.862   208.2760 5.9036e+02     4.5893      0.009      0.014    27.4978   996.3961 0.0000e+00
      0.010      0.000    10.5283    133.390     37.867  39.783795     3.6394      8.862   207.9407 5.9519e+02     4.4794      0.010      0.014    27.5007   996.3953 0.0000e+00
      0.010      0.000    10.5370    133.520     37.884  39.808456     3.6241      8.861   207.2864 5.9457e+02     4.4334      0.009      0.014    27.5045   996.3942 0.0000e+00
      0.009      0.001    10.5524    133.733     37.901  39.832060     3.6137      8.860   206.7321 5.9329e+02     4.4592      0.009      0.013    27.5093   996.3929 0.0000e+00
      0.009      0.003    10.5683    133.949     37.881  39.815267     3.6264      8.859   206.6592 5.9264e+02     4.5949      0.009      0.013    27.5161   996.3910 0.0000e+00
      0.009      0.007    10.5843    134.169     37.857  39.795855     3.6741      8.850   206.9207 5.8904e+02     4.8281      0.009      0.013    27.5248   996.3885 0.0000e+00
      0.010      0.011    10.5991    134.373     37.845  39.787808     3.7049      8.833   206.8830 5.8011e+02     4.9520      0.009      0.014    27.5335   996.3861 0.0000e+00
      0.013      0.013    10.6095    134.514     37.836  39.781459     3.6952      8.821   206.5472 5.5637e+02     4.9135      0.012      0.015    27.5413   996.3839 0.0000e+00
      0.021      0.013    10.6139    134.572     37.836  39.782586     3.6611      8.817   206.2161 5.5416e+02     4.8878      0.020      0.029    27.5472   996.3823 0.0000e+00
      0.028      0.013    10.6123    134.549     37.855  39.801429     3.6226      8.817   205.9772 6.6836e+02     4.9353      0.030      0.044    27.5535   996.3805 0.0000e+00
      0.030      0.012    10.6044    134.438     37.875  39.818844     3.6105      8.817   205.9816 7.6169e+02     4.9307      0.030      0.044    27.5615   996.3783 0.0000e+00
      0.030      0.011    10.5906    134.244     37.865  39.802690     3.6181      8.817   206.1829 6.6084e+02     4.8651      0.028      0.041    27.5656   996.3772 0.0000e+00
      0.030      0.011    10.5749    134.025     37.865  39.796550     3.6191      8.819   206.2604 5.5430e+02     4.8302      0.029      0.042    27.5658   996.3771 0.0000e+00
      0.033      0.014    10.5640    133.868     37.881  39.808079     3.6501      8.820   206.0581 5.4406e+02     4.8371      0.033      0.047    27.5665   996.3768 0.0000e+00
      0.037      0.021    10.5601    133.794     37.896  39.815111     3.7155      8.818   205.4579 5.4024e+02     4.8826      0.036      0.053    27.5619   996.3782 0.0000e+00
      0.041      0.029    10.5588    133.749     37.907  39.818089     3.7505      8.813   204.8540 5.2916e+02     4.9212      0.038      0.056    27.5511   996.3813 0.0000e+00
      0.049      0.038    10.5564    133.694     37.880  39.780589     3.7527      8.803   204.7791 5.1116e+02     4.9110      0.046      0.066    27.5429   996.3836 0.0000e+00
      0.061      0.046    10.5548    133.649     37.851  39.742572     3.7852      8.791   204.8969 4.7284e+02     4.8900      0.060      0.088    27.5369   996.3853 0.0000e+00
      0.076      0.052    10.5570    133.647     37.857  39.739310     3.8656      8.780   205.1594 3.9002e+02     4.8967      0.073      0.107    27.5268   996.3883 0.0000e+00
      0.091      0.054    10.5641    133.708     37.868  39.741131     3.9187      8.772   205.5443 2.9520e+02     4.9264      0.089      0.128    27.5123   996.3924 0.0000e+00
      0.108      0.053    10.5752    133.835     37.894  39.764568     3.9239      8.766   205.1626 2.7171e+02     4.9223      0.107      0.155    27.5021   996.3952 0.0000e+00
      0.123      0.048    10.5870    133.989     37.897  39.768762     3.9800      8.755   204.2433 3.1038e+02     4.8788      0.122      0.177    27.4940   996.3976 0.0000e+00
      0.135      0.041    10.5978    134.135     37.855  39.728360     4.0945      8.738   203.9794 3.5683e+02     4.8598      0.134      0.194    27.4795   996.4018 0.0000e+00
      0.143      0.034    10.6065    134.247     37.847  39.720436     4.1559      8.724   204.3815 3.9318e+02     4.8891      0.141      0.204    27.4651   996.4058 0.0000e+00
      0.150      0.029    10.6116    134.304     37.864  39.736437     4.1592      8.722   204.8026 4.1026e+02     4.9379      0.148      0.215    27.4589   996.4076 0.0000e+00
      0.156      0.029    10.6113    134.289     37.863  39.731379     4.1782      8.727   204.2533 4.1339e+02     4.8932      0.153      0.223    27.4632   996.4064 0.0000e+00
      0.159      0.035    10.6088    134.238     37.861  39.722756     4.2122      8.730   203.0748 4.1161e+02     4.7420      0.156      0.226    27.4697   996.4046 0.0000e+00
      0.164      0.043    10.6087    134.202     37.845  39.695656     4.2228      8.730   202.7703 4.0386e+02     4.6502      0.158      0.229    27.4697   996.4045 0.0000e+00
      0.174      0.050    10.6087    134.162     37.821  39.657623     4.2196      8.731   203.4111 3.8855e+02     4.6682      0.167      0.241    27.4656   996.4057 0.0000e+00
      0.194      0.056    10.6079    134.115     37.819  39.643759     4.2517      8.734   204.2836 3.7252e+02     4.7617      0.189      0.273    27.4624   996.4068 0.0000e+00
      0.216      0.061    10.6075    134.081     37.839  39.654978     4.3161      8.736   204.2859 3.6138e+02     4.8637      0.216      0.312    27.4556   996.4087 0.0000e+00
      0.233      0.063    10.6068    134.048     37.856  39.666293     4.3478      8.738   203.5245 3.5369e+02     4.8854      0.229      0.334    27.4395   996.4133 0.0000e+00
      0.247      0.063    10.6051    134.007     37.850  39.653596     4.3399      8.736   203.3374 3.5081e+02     4.8603      0.240      0.348    27.4212   996.4185 0.0000e+00
      0.261      0.059    10.6053    133.989     37.832  39.628413     4.3339      8.727   203.9171 3.4885e+02     4.8550      0.257      0.372    27.4051   996.4230 0.0000e+00
      0.275      0.055    10.6078    133.994     37.828  39.615718     4.3355      8.721   204.7683 3.4007e+02     4.8874      0.269      0.391    27.3927   996.4265 0.0000e+00
      0.290      0.052    10.6064    133.954     37.846  39.627052     4.3425      8.726   205.1112 3.2525e+02     4.9242      0.282      0.409    27.3830   996.4292 0.0000e+00
      0.306      0.050    10.5990    133.839     37.863  39.638480     4.3489      8.736   204.7933 3.1639e+02     4.9402      0.302      0.438    27.3758   996.4314 0.0000e+00
      0.318      0.050    10.5913    133.720     37.859  39.626919     4.3432      8.745   204.7112 3.1018e+02     4.9162      0.314      0.457    27.3685   996.4334 0.0000e+00
