Data/DataNotYetUploadedToEDI/Raw_CTD/RawDownloads/081419_fcr50_1200.cnv
* Sea-Bird SBE19plus  Data File:
* FileName = C:\DATA\081419_fcr50_1200_0001.hex
* Software version 2.8.0.119 SB_Terminal.dll
* Temperature SN = 7809
* Conductivity SN = 7809
* System UpLoad Time = Aug 14 2019 12:45:37
* <ApplicationData>
* <Seaterm232>
# nquan = 16
# nvalues = 879                         
# units = specified
# name 0 = depFM: Depth [fresh water, m]
# name 1 = dz/dtM: Descent Rate [m/s]
# name 2 = sbeox0Mg/L: Oxygen, SBE 43 [mg/l]
# name 3 = sbeox0PS: Oxygen, SBE 43 [% saturation]
# name 4 = specc: Specific Conductance [uS/cm]
# name 5 = c0uS/cm: Conductivity [uS/cm]
# name 6 = flECO-AFL: Fluorescence, WET Labs ECO-AFL/FL [mg/m^3]
# name 7 = ph: pH
# name 8 = orp: Oxidation Reduction Potential [mV]
# name 9 = par/sat/log: PAR/Logarithmic, Satlantic
# name 10 = turbWETntu0: Turbidity, WET Labs ECO [NTU]
# name 11 = prdM: Pressure, Strain Gauge [db]
# name 12 = prdE: Pressure, Strain Gauge [psi]
# name 13 = tv290C: Temperature [ITS-90, deg C]
# name 14 = density00: Density [density, kg/m^3]
# name 15 = flag:  0.000e+00
# span 0 =     -0.624,      9.569       
# span 1 =     -0.307,      0.287       
# span 2 =     0.1018,     9.8077       
# span 3 =      0.974,    123.376       
# span 4 =      1.001,     59.338       
# span 5 =   1.065263,  45.678614       
# span 6 =    -1.3589,     8.1911       
# span 7 =      6.809,      9.343       
# span 8 =  -102.7807,   702.2543       
# span 9 = 1.2344e-01, 5.3439e+02       
# span 10 =    -0.5672,    17.7823      
# span 11 =     -0.613,      9.385      
# span 12 =     -0.889,     13.611      
# span 13 =    11.8048,    28.2626      
# span 14 =   996.1673,   999.5852      
# span 15 = 0.0000e+00, 0.0000e+00      
# interval = seconds: 0.25
# start_time = Aug 14 2019 11:57:54 [Instrument's time stamp, header]
# bad_flag = -9.990e-29
*END*
[from data line 362]
      0.129      0.016     8.5760    107.931     37.037  38.634339     3.4853      8.588   218.3159 3.0148e+02     4.2067      0.128      0.186    27.1411   996.4955 0.0000e+00
      0.134      0.014     8.5593    107.722     37.043  38.641059     3.4500      8.591   218.4386 2.9838e+02     4.1267      0.133      0.193    27.1448   996.4945 0.0000e+00
      0.137      0.012     8.5547    107.665     37.037  38.634702     3.3810      8.594   217.7433 3.0075e+02     4.0508      0.134      0.194    27.1470   996.4938 0.0000e+00
      0.139      0.009     8.5551    107.670     37.024  38.620957     3.3530      8.597   217.3949 3.0729e+02     4.0426      0.136      0.197    27.1487   996.4933 0.0000e+00
      0.140      0.007     8.5508    107.619     37.005  38.601820     3.3632      8.599   217.6674 3.0631e+02     4.0271      0.137      0.199    27.1498   996.4931 0.0000e+00
      0.141      0.005     8.5368    107.445     36.996  38.593746     3.3647      8.601   218.4579 3.0172e+02     3.9953      0.138      0.200    27.1503   996.4930 0.0000e+00
      0.142      0.005     8.5122    107.138     36.988  38.586824     3.3625      8.604   219.0372 2.9915e+02     3.9859      0.139      0.202    27.1506   996.4929 0.0000e+00
      0.143      0.005     8.4795    106.729     36.982  38.581600     3.3626      8.607   219.0782 3.0051e+02     3.9788      0.141      0.204    27.1512   996.4927 0.0000e+00
      0.144      0.005     8.4459    106.307     36.994  38.594067     3.3580      8.609   218.8676 3.0310e+02     3.9746      0.142      0.205    27.1522   996.4924 0.0000e+00
      0.145      0.005     8.4154    105.924     37.009  38.610602     3.3503      8.611   218.5566 3.0099e+02     4.0004      0.143      0.207    27.1534   996.4921 0.0000e+00
      0.147      0.006     8.3827    105.513     36.990  38.591090     3.3477      8.612   218.5015 2.9738e+02     4.0289      0.144      0.209    27.1547   996.4918 0.0000e+00
      0.148      0.007     8.3384    104.956     36.949  38.548586     3.3523      8.614   218.7179 2.9720e+02     3.9913      0.145      0.210    27.1561   996.4914 0.0000e+00
      0.150      0.008     8.2749    104.157     36.941  38.541046     3.3542      8.616   218.8490 2.9519e+02     3.9391      0.147      0.212    27.1572   996.4911 0.0000e+00
      0.151      0.008     8.1914    103.107     36.962  38.563399     3.3527      8.618   218.8828 2.9064e+02     3.9556      0.147      0.214    27.1575   996.4910 0.0000e+00
      0.154      0.008     8.0931    101.870     36.963  38.564940     3.3516      8.618   218.9538 2.9165e+02     3.9927      0.151      0.219    27.1578   996.4909 0.0000e+00
      0.158      0.008     7.9821    100.473     36.958  38.559679     3.3497      8.619   218.5885 2.8794e+02     3.9954      0.155      0.224    27.1586   996.4907 0.0000e+00
      0.160      0.007     7.8611     98.950     36.962  38.563264     3.3467      8.620   217.8216 2.8418e+02     3.9881      0.157      0.227    27.1589   996.4906 0.0000e+00
      0.161      0.006     7.7398     97.425     36.944  38.544811     3.3417      8.621   217.5980 2.8884e+02     4.0035      0.158      0.229    27.1589   996.4906 0.0000e+00
      0.162      0.004     7.6272     96.008     36.926  38.526998     3.3586      8.622   218.0358 2.8748e+02     4.0175      0.159      0.230    27.1594   996.4905 0.0000e+00
      0.162      0.003     7.5254     94.727     36.937  38.538319     3.3950      8.624   218.5543 2.8692e+02     3.9940      0.159      0.231    27.1597   996.4904 0.0000e+00
      0.163      0.002     7.4322     93.555     36.952  38.554739     3.4173      8.625   218.2748 2.8713e+02     3.9807      0.160      0.232    27.1600   996.4903 0.0000e+00
      0.164      0.002     7.3473     92.487     36.933  38.535105     3.4200      8.624   217.3240 2.7905e+02     3.9876      0.161      0.234    27.1604   996.4902 0.0000e+00
      0.164      0.003     7.2742     91.568     36.890  38.491353     3.4275      8.624   216.8666 2.7922e+02     3.9791      0.161      0.234    27.1608   996.4901 0.0000e+00
      0.164      0.003     7.2110     90.773     36.870  38.470078     3.4567      8.624   217.1322 2.8288e+02     3.9770      0.161      0.234    27.1611   996.4900 0.0000e+00
      0.165      0.004     7.1498     90.003     36.868  38.468298     3.4780      8.624   217.6964 2.8073e+02     3.9611      0.161      0.234    27.1616   996.4899 0.0000e+00
      0.166      0.005     7.0866     89.207     36.870  38.469838     3.4773      8.625   218.0099 2.8194e+02     3.9506      0.163      0.236    27.1623   996.4897 0.0000e+00
      0.168      0.006     7.0221     88.397     36.887  38.488708     3.4571      8.626   217.7394 2.8085e+02     3.9496      0.165      0.239    27.1626   996.4896 0.0000e+00
      0.170      0.006     6.9584     87.596     36.903  38.506018     3.4237      8.626   217.1785 2.7881e+02     3.9487      0.167      0.243    27.1631   996.4895 0.0000e+00
      0.172      0.006     6.8968     86.821     36.886  38.488701     3.4122      8.627   216.9070 2.8057e+02     3.9727      0.169      0.245    27.1635   996.4894 0.0000e+00
      0.173      0.006     6.8371     86.071     36.868  38.469762     3.4221      8.628   217.0373 2.7874e+02     3.9772      0.170      0.246    27.1638   996.4893 0.0000e+00
      0.174      0.005     6.7791     85.340     36.865  38.467462     3.4218      8.629   217.2913 2.7770e+02     3.9708      0.170      0.247    27.1644   996.4891 0.0000e+00
      0.175      0.004     6.7236     84.644     36.859  38.460897     3.4089      8.631   217.6548 2.7820e+02     4.0268      0.171      0.250    27.1651   996.4890 0.0000e+00
      0.177      0.003     6.6744     84.024     36.852  38.453852     3.4044      8.631   217.9051 2.7632e+02     4.1290      0.173      0.252    27.1657   996.4888 0.0000e+00
      0.178      0.002     6.6306     83.473     36.844  38.445767     3.4104      8.631   217.7364 2.7540e+02     4.1911      0.174      0.253    27.1661   996.4887 0.0000e+00
      0.178      0.002     6.5862     82.915     36.825  38.426608     3.4123      8.632   217.5084 2.7588e+02     4.1877      0.175      0.254    27.1663   996.4886 0.0000e+00
      0.178      0.003     6.5420     82.359     36.812  38.412644     3.4107      8.633   217.5569 2.7686e+02     4.1199      0.174      0.253    27.1669   996.4885 0.0000e+00
      0.178      0.003     6.5017     81.851     36.803  38.403883     3.4087      8.634   217.9793 2.7695e+02     4.0265      0.174      0.252    27.1673   996.4884 0.0000e+00
      0.179      0.004     6.4650     81.391     36.784  38.384153     3.4056      8.635   218.4852 2.7575e+02     3.9770      0.175      0.253    27.1675   996.4883 0.0000e+00
      0.180      0.005     6.4306     80.958     36.765  38.364523     3.4070      8.635   218.5974 2.7461e+02     3.9801      0.177      0.256    27.1676   996.4883 0.0000e+00
      0.182      0.005     6.3979     80.547     36.757  38.356973     3.4079      8.636   218.5614 2.7620e+02     3.9657      0.178      0.259    27.1676   996.4883 0.0000e+00
      0.184      0.005     6.3645     80.127     36.757  38.356338     3.4074      8.636   218.4800 2.7917e+02     3.9332      0.180      0.261    27.1686   996.4880 0.0000e+00
      0.185      0.004     6.3294     79.686     36.757  38.356858     3.4108      8.636   218.3022 2.7742e+02     3.9484      0.181      0.264    27.1693   996.4878 0.0000e+00
      0.187      0.003     6.2956     79.262     36.763  38.363251     3.4048      8.637   218.5625 2.7300e+02     3.9853      0.183      0.266    27.1691   996.4879 0.0000e+00
      0.187      0.002     6.2614     78.832     36.769  38.370166     3.4046      8.638   219.1311 2.7310e+02     4.0184      0.183      0.266    27.1694   996.4878 0.0000e+00
      0.187      0.001     6.2248     78.372     36.774  38.376991     3.4177      8.640   219.3272 2.7285e+02     4.0218      0.183      0.266    27.1699   996.4877 0.0000e+00
      0.187      0.001     6.1896     77.928     36.779  38.382287     3.4162      8.641   219.2123 2.7327e+02     3.9932      0.183      0.266    27.1704   996.4875 0.0000e+00
      0.187      0.001     6.1554     77.498     36.768  38.370732     3.4121      8.641   219.1185 2.7738e+02     4.0000      0.183      0.266    27.1710   996.4873 0.0000e+00
      0.187      0.001     6.1201     77.055     36.761  38.364227     3.4201      8.642   219.3118 2.7849e+02     4.0387      0.183      0.266    27.1714   996.4872 0.0000e+00
      0.187      0.001     6.0876     76.645     36.764  38.367115     3.4252      8.643   219.6570 2.7668e+02     4.0685      0.184      0.267    27.1717   996.4872 0.0000e+00
      0.188      0.001     6.0573     76.264     36.740  38.342183     3.4218      8.643   219.7641 2.7443e+02     4.0648      0.184      0.267    27.1723   996.4870 0.0000e+00
      0.188      0.001     6.0255     75.864     36.715  38.316678     3.4143      8.643   219.6608 2.7449e+02     3.9942      0.184      0.267    27.1728   996.4869 0.0000e+00
      0.188      0.000     5.9941     75.469     36.711  38.312640     3.4123      8.644   219.5260 2.7392e+02     3.9354      0.184      0.267    27.1731   996.4868 0.0000e+00
      0.189     -0.001     5.9676     75.137     36.693  38.293368     3.4591      8.645   219.5116 2.7435e+02     4.0094      0.185      0.270    27.1734   996.4867 0.0000e+00
      0.189     -0.001     5.9489     74.902     36.674  38.274097     3.5464      8.645   219.5727 2.7754e+02     4.1679      0.186      0.269    27.1735   996.4867 0.0000e+00
      0.188      0.000     5.9387     74.774     36.670  38.270065     3.5918      8.645   219.5763 2.7577e+02     4.2459      0.184      0.267    27.1738   996.4865 0.0000e+00
      0.186      0.004     5.9354     74.734     36.645  38.244606     3.5918      8.645   219.5551 2.7462e+02     4.2311      0.183      0.266    27.1745   996.4864 0.0000e+00
      0.185      0.011     5.9323     74.694     36.622  38.220188     3.5462      8.645   219.5744 2.7435e+02     4.2193      0.179      0.260    27.1754   996.4862 0.0000e+00
      0.186      0.019     5.9292     74.655     36.630  38.228742     3.4654      8.645   219.6370 2.7019e+02     4.2015      0.180      0.261    27.1755   996.4861 0.0000e+00
      0.193      0.029     5.9295     74.659     36.623  38.221072     3.4216      8.646   219.6250 2.6769e+02     4.1798      0.188      0.273    27.1761   996.4860 0.0000e+00
      0.203      0.038     5.9254     74.607     36.594  38.190932     3.4154      8.646   219.6008 2.6523e+02     4.1859      0.200      0.289    27.1768   996.4858 0.0000e+00
      0.216      0.046     5.9122     74.441     36.585  38.181698     3.4246      8.646   219.7748 2.6311e+02     4.2429      0.211      0.306    27.1760   996.4861 0.0000e+00
      0.230      0.051     5.8954     74.230     36.576  38.172898     3.4470      8.646   220.0936 2.6189e+02     4.3442      0.225      0.326    27.1754   996.4863 0.0000e+00
      0.245      0.055     5.8843     74.091     36.551  38.148017     3.4693      8.645   220.4446 2.5898e+02     4.4276      0.240      0.348    27.1761   996.4861 0.0000e+00
      0.258      0.060     5.8874     74.131     36.538  38.134762     3.4771      8.644   220.8345 2.6211e+02     4.4646      0.254      0.369    27.1763   996.4862 0.0000e+00
      0.271      0.064     5.9045     74.346     36.543  38.139593     3.4712      8.642   221.1944 2.6506e+02     4.4964      0.265      0.384    27.1761   996.4863 0.0000e+00
      0.286      0.069     5.9319     74.690     36.546  38.142951     3.4677      8.640   221.4406 2.5706e+02     4.5830      0.277      0.402    27.1762   996.4862 0.0000e+00
      0.307      0.074     5.9770     75.259     36.516  38.111888     3.4694      8.637   221.6600 2.4981e+02     4.6592      0.300      0.435    27.1775   996.4859 0.0000e+00
      0.329      0.078     6.0473     76.144     36.488  38.081398     3.4743      8.634   221.9546 2.4705e+02     4.6645      0.323      0.469    27.1784   996.4858 0.0000e+00
      0.349      0.080     6.1311     77.199     36.498  38.091671     3.4757      8.632   222.2496 2.4275e+02     4.6467      0.342      0.496    27.1774   996.4862 0.0000e+00
      0.371      0.080     6.2112     78.205     36.516  38.109151     3.4687      8.630   222.4732 2.3649e+02     4.6086      0.363      0.526    27.1782   996.4861 0.0000e+00
      0.393      0.077     6.2778     79.044     36.509  38.102307     3.4677      8.629   222.5923 2.3085e+02     4.5973      0.386      0.560    27.1792   996.4859 0.0000e+00
      0.413      0.073     6.3267     79.659     36.480  38.072398     3.4727      8.629   222.5715 2.2770e+02     4.6404      0.407      0.590    27.1779   996.4862 0.0000e+00
      0.430      0.071     6.3590     80.065     36.473  38.064904     3.4767      8.630   222.6520 2.2702e+02     4.6712      0.422      0.612    27.1764   996.4868 0.0000e+00
      0.446      0.070     6.3796     80.325     36.483  38.075178     3.4897      8.630   222.9645 2.2688e+02     4.6747      0.437      0.634    27.1754   996.4872 0.0000e+00
      0.462      0.072     6.3951     80.521     36.477  38.069661     3.5094      8.629   223.2523 2.2281e+02     4.6500      0.454      0.659    27.1754   996.4873 0.0000e+00
      0.477      0.075     6.4090     80.696     36.470  38.061681     3.5239      8.629   223.3778 2.1939e+02     4.6349      0.467      0.678    27.1753   996.4873 0.0000e+00
      0.497      0.078     6.4248     80.897     36.451  38.042164     3.5347      8.628   223.3633 2.1858e+02     4.6558      0.485      0.703    27.1748   996.4876 0.0000e+00
      0.521      0.078     6.4546     81.273     36.433  38.024116     3.5265      8.626   223.2492 2.1604e+02     4.6080      0.511      0.742    27.1754   996.4875 0.0000e+00
      0.545      0.074     6.5091     81.960     36.442  38.033888     3.4949      8.629   223.1164 2.1386e+02     4.4825      0.535      0.777    27.1763   996.4873 0.0000e+00
      0.568      0.069     6.5932     83.020     36.441  38.033366     3.4731      8.635   223.0486 2.1025e+02     4.4170      0.558      0.809    27.1760   996.4875 0.0000e+00
      0.585      0.062     6.7102     84.494     36.425  38.017804     3.4713      8.641   223.3755 2.0567e+02     4.4050      0.578      0.838    27.1763   996.4876 0.0000e+00
      0.595      0.052     6.8424     86.160     36.442  38.036154     3.4899      8.647   223.8855 2.0517e+02     4.3053      0.584      0.847    27.1780   996.4871 0.0000e+00
      0.603      0.045     6.9581     87.617     36.469  38.064812     3.5251      8.654   223.9679 2.0484e+02     4.1284      0.587      0.853    27.1787   996.4869 0.0000e+00
      0.616      0.042     7.0567     88.859     36.452  38.046925     3.5415      8.660   223.9405 2.0167e+02     4.0355      0.605      0.877    27.1790   996.4869 0.0000e+00
      0.627      0.044     7.1585     90.141     36.417  38.010308     3.5324      8.664   223.8986 2.0034e+02     4.0346      0.618      0.897    27.1799   996.4867 0.0000e+00
      0.633      0.049     7.2660     91.494     36.410  38.002939     3.5524      8.665   224.0637 2.0004e+02     4.1179      0.620      0.899    27.1801   996.4867 0.0000e+00
      0.641      0.051     7.3706     92.810     36.428  38.021305     3.6112      8.665   224.7323 1.9753e+02     4.2889      0.625      0.906    27.1804   996.4867 0.0000e+00
      0.658      0.046     7.4609     93.947     36.448  38.041936     3.6449      8.668   225.0994 1.9468e+02     4.3984      0.643      0.933    27.1818   996.4864 0.0000e+00
      0.681      0.032     7.5242     94.745     36.468  38.061959     3.6479      8.673   225.0605 1.9217e+02     4.4257      0.669      0.971    27.1821   996.4863 0.0000e+00
