Data/DataNotYetUploadedToEDI/Raw_CTD/RawDownloads/081423_fcr50_S7809002.cnv
* Sea-Bird SBE19plus  Data File:
* FileName = C:\R\Reservoirs\Data\DataNotYetUploadedToEDI\Raw_CTD\RawDownloads\081423_fcr50_S7809_0002.hex
* Software version 2.8.0.119
* Temperature SN = 7809
* Conductivity SN = 7809
* System UpLoad Time = Aug 30 2023 10:54:04
* <ApplicationData>
* <Seaterm232>
# nquan = 15
# nvalues = 2501                        
# units = specified
# name 0 = depFM: Depth [fresh water, m]
# name 1 = dz/dtM: Descent Rate [m/s]
# name 2 = sbeox0Mg/L: Oxygen, SBE 43 [mg/l]
# name 3 = sbeox0PS: Oxygen, SBE 43 [% saturation]
# name 4 = specc: Specific Conductance [uS/cm]
# name 5 = c0uS/cm: Conductivity [uS/cm]
# name 6 = flECO-AFL: Fluorescence, WET Labs ECO-AFL/FL [mg/m^3]
# name 7 = ph: pH
# name 8 = orp: Oxidation Reduction Potential [mV]
# name 9 = par/sat/log: PAR/Logarithmic, Satlantic
# name 10 = turbWETntu0: Turbidity, WET Labs ECO [NTU]
# name 11 = prdM: Pressure, Strain Gauge [db]
# name 12 = prdE: Pressure, Strain Gauge [psi]
# name 13 = tv290C: Temperature [ITS-90, deg C]
# name 14 = flag:  0.000e+00
# span 0 =     -0.669,      9.527       
# span 1 =     -0.242,      4.666       
# span 2 =     0.8018,     9.3114       
# span 3 =      8.328,    105.655       
# span 4 =      0.454,     85.034       
# span 5 =   0.482127,  62.040036       
# span 6 =    -0.1347,    51.8721       
# span 7 =     -1.987,      9.013       
# span 8 = -1240.7455,   978.3167       
# span 9 = 1.2348e-01, 5.2148e+02       
# span 10 =     1.0874,   130.5627      
# span 11 =     -0.656,      9.344      
# span 12 =     -0.951,     13.553      
# span 13 =    11.4331,    28.0345      
# span 14 = 0.0000e+00, 0.0000e+00      
# interval = seconds: 0.25
# start_time = Aug 14 2023 14:10:29 [Instrument's time stamp, header]
# bad_flag = -9.990e-29
*END*
[from data line 2121]
      4.160     -0.002     5.1986     47.600     53.479  39.019645     1.8937      6.278   306.4844 2.7256e-01    13.9023      4.080      5.917    11.4790 0.0000e+00
      4.160     -0.002     5.1974     47.627     53.443  38.994488     1.8728      6.278   306.2925 2.7271e-01    13.8557      4.079      5.917    11.4783 0.0000e+00
      4.159     -0.001     5.1911     47.656     53.443  38.994384     1.8365      6.278   306.7159 2.7356e-01    13.9253      4.079      5.916    11.4782 0.0000e+00
      4.159      0.000     5.1900     47.672     53.475  39.018388     1.7712      6.278   307.2159 2.6845e-01    14.0949      4.079      5.916    11.4783 0.0000e+00
      4.159 -7.566e-07     5.1887     47.681     53.492  39.030871     1.7328      6.279   306.9170 2.5832e-01    14.1645      4.079      5.917    11.4787 0.0000e+00
      4.159     -0.000     5.1942     47.709     53.474  39.018386     1.7214      6.279   305.9424 2.5835e-01    14.1179      4.079      5.916    11.4790 0.0000e+00
      4.159     -0.000     5.1967     47.742     53.440  38.994363     1.7080      6.279   305.4980 2.5783e-01    14.0429      4.079      5.916    11.4795 0.0000e+00
      4.159     -0.001     5.1993     47.712     53.439  38.994259     1.7284      6.278   305.8450 2.5072e-01    14.0441      4.079      5.917    11.4802 0.0000e+00
      4.159     -0.006     5.1979     47.597     53.472  39.017128     1.7688      6.278   306.4391 2.4744e-01    14.1320      4.079      5.916    11.4808 0.0000e+00
      4.159     -0.019     5.2013     47.454     53.473  39.017013     1.7807      6.278   306.7446 2.5244e-01    14.1485      4.079      5.916    11.4810 0.0000e+00
      4.159     -0.039     5.2085     47.305     53.442  38.992877     1.7637      6.279   306.7848 2.5959e-01    14.0735      4.079      5.917    11.4815 0.0000e+00
      4.155     -0.064     5.2070     47.141     53.424  38.979154     1.6380      6.279   306.7536 2.6638e-01    13.9767      4.079      5.916    11.4821 0.0000e+00
      4.140     -0.085     5.1903     47.031     53.423  38.978010     1.4255      6.279   306.5387 2.8782e-01    13.9003      4.069      5.901    11.4813 0.0000e+00
      4.105     -0.099     5.1735     47.022     53.423  38.979040     1.3169      6.279   306.2521 3.3272e-01    13.9017      4.031      5.846    11.4797 0.0000e+00
      4.059     -0.106     5.1609     47.047     53.438  38.991616     1.3069      6.278   306.1271 3.7327e-01    13.9256      3.977      5.768    11.4782 0.0000e+00
      4.022     -0.110     5.1380     47.068     53.452  39.003144     1.3055      6.278   306.6625 3.9064e-01    13.8806      3.938      5.712    11.4779 0.0000e+00
      4.001     -0.109     5.1232     47.153     53.434  38.991501     1.2999      6.279   307.4766 4.0679e-01    13.8365      3.921      5.686    11.4785 0.0000e+00
      3.988     -0.105     5.1261     47.323     53.413  38.977769     1.2978      6.280   307.5384 4.2318e-01    13.8704      3.915      5.677    11.4792 0.0000e+00
      3.968     -0.100     5.1329     47.551     53.391  38.964036     1.3130      6.280   307.0662 4.4637e-01    13.9145      3.897      5.651    11.4805 0.0000e+00
      3.937     -0.098     5.1274     47.753     53.371  38.952384     1.3423      6.281   306.5857 4.8592e-01    13.9606      3.860      5.599    11.4819 0.0000e+00
      3.903     -0.098     5.1385     47.860     53.382  38.963807     1.3852      6.281   307.1482 5.1872e-01    14.0179      3.825      5.548    11.4830 0.0000e+00
      3.874     -0.094     5.1567     47.912     53.394  38.975239     1.4155      6.280   308.7062 5.3998e-01    14.0266      3.797      5.508    11.4843 0.0000e+00
      3.851     -0.087     5.1847     47.931     53.375  38.963691     1.4259      6.280   309.4189 5.6144e-01    14.0311      3.776      5.475    11.4864 0.0000e+00
      3.832     -0.082     5.2123     47.894     53.356  38.951101     1.4604      6.280   309.0552 5.8538e-01    13.9698      3.756      5.447    11.4892 0.0000e+00
      3.818     -0.081     5.2179     47.811     53.355  38.949948     1.5085      6.280   308.5244 6.0645e-01    13.7978      3.742      5.428    11.4924 0.0000e+00
      3.805     -0.086     5.2237     47.732     53.355  38.949749     1.5250      6.281   308.6800 6.3225e-01    13.6600      3.735      5.417    11.4955 0.0000e+00
      3.785     -0.093     5.2265     47.692     53.350  38.948689     1.5267      6.281   309.5598 6.7753e-01    13.5673      3.716      5.390    11.4978 0.0000e+00
      3.754     -0.102     5.2231     47.677     53.328  38.937140     1.5297      6.281   310.2136 7.3409e-01    13.4969      3.682      5.341    11.4987 0.0000e+00
      3.721     -0.112     5.2103     47.637     53.321  38.937045     1.5195      6.281   310.4771 7.8474e-01    13.5263      3.647      5.289    11.4978 0.0000e+00
      3.692     -0.120     5.2016     47.588     53.331  38.947544     1.4949      6.281   310.7663 8.3153e-01    13.6488      3.619      5.249    11.4973 0.0000e+00
      3.663     -0.118     5.1960     47.592     53.313  38.937159     1.4725      6.281   311.0431 8.9889e-01    13.7493      3.594      5.212    11.4995 0.0000e+00
      3.631     -0.107     5.1983     47.608     53.310  38.938406     1.4656      6.279   310.8117 9.9451e-01    13.8186      3.563      5.168    11.5040 0.0000e+00
      3.595     -0.091     5.1921     47.548     53.338  38.962621     1.4864      6.275   310.3786 1.0866e+00    13.9060      3.526      5.113    11.5093 0.0000e+00
      3.565     -0.072     5.1814     47.433     53.352  38.976101     1.5246      6.271   310.5384 1.1236e+00    13.9515      3.488      5.058    11.5128 0.0000e+00
      3.552     -0.052     5.1842     47.340     53.349  38.974479     1.5355      6.268   311.1090 1.1180e+00    13.8915      3.479      5.045    11.5149 0.0000e+00
      3.550     -0.032     5.1912     47.288     53.309  38.943012     1.5269      6.267   311.5986 1.1227e+00    13.7951      3.484      5.054    11.5172 0.0000e+00
      3.550     -0.015     5.1833     47.280     53.274  38.912928     1.5539      6.266   310.8655 1.1266e+00    13.7763      3.481      5.048    11.5216 0.0000e+00
      3.550     -0.005     5.1639     47.318     53.299  38.928045     1.6204      6.266   309.3870 1.1251e+00    13.8358      3.483      5.050    11.5260 0.0000e+00
      3.550     -0.001     5.1561     47.376     53.312  38.935398     1.6657      6.266   309.1231 1.1343e+00    13.8992      3.482      5.051    11.5260 0.0000e+00
      3.550     -0.001     5.1488     47.418     53.318  38.938373     1.6612      6.267   309.4820 1.1378e+00    13.8941      3.481      5.048    11.5234 0.0000e+00
      3.550     -0.000     5.1493     47.453     53.358  38.964018     1.6824      6.268   310.0256 1.1373e+00    13.8766      3.482      5.050    11.5192 0.0000e+00
      3.550 -2.064e-08     5.1543     47.488     53.402  38.991620     1.7629      6.270   310.0180 1.1468e+00    13.8926      3.481      5.048    11.5151 0.0000e+00
      3.550 -2.271e-07     5.1632     47.458     53.445  39.018256     1.8270      6.271   308.6160 1.1523e+00    13.8827      3.482      5.050    11.5138 0.0000e+00
      3.550 -5.966e-07     5.1675     47.362     53.471  39.032217     1.8503      6.272   307.6139 1.1502e+00    13.8929      3.481      5.049    11.5128 0.0000e+00
      3.550     -0.000     5.1687     47.244     53.478  39.033496     1.8781      6.273   307.3661 1.1553e+00    13.9133      3.481      5.050    11.5098 0.0000e+00
      3.550     -0.000     5.1796     47.126     53.482  39.033706     1.9221      6.273   307.5133 1.1639e+00    13.9242      3.482      5.049    11.5051 0.0000e+00
      3.550     -0.001     5.1752     47.039     53.487  39.034756     1.9496      6.273   308.2747 1.1698e+00    13.9558      3.481      5.048    11.5004 0.0000e+00
      3.550     -0.001     5.1626     46.983     53.506  39.046191     1.9596      6.273   308.5708 1.1723e+00    13.9541      3.481      5.049    11.4959 0.0000e+00
      3.550      0.000     5.1509     46.916     53.506  39.045037     1.9596      6.274   307.9960 1.1609e+00    13.9041      3.481      5.048    11.4920 0.0000e+00
      3.550     -0.000     5.1359     46.832     53.474  39.020805     1.9337      6.274   307.4338 1.1531e+00    13.8635      3.481      5.049    11.4891 0.0000e+00
      3.549     -0.002     5.1267     46.764     53.456  39.007054     1.8957      6.274   307.1931 1.1650e+00    13.8734      3.480      5.048    11.4867 0.0000e+00
      3.549     -0.007     5.1235     46.740     53.455  39.005689     1.8918      6.274   307.0647 1.1740e+00    13.8875      3.480      5.048    11.4848 0.0000e+00
      3.549     -0.017     5.1167     46.780     53.453  39.004307     1.9036      6.273   307.9467 1.1746e+00    13.8971      3.481      5.049    11.4835 0.0000e+00
      3.548     -0.035     5.1052     46.854     53.434  38.990346     1.8139      6.272   309.4251 1.1814e+00    13.8187      3.480      5.048    11.4824 0.0000e+00
      3.543     -0.059     5.0982     46.951     53.397  38.963816     1.6389      6.272   309.6247 1.2062e+00    13.6222      3.477      5.043    11.4818 0.0000e+00
      3.529     -0.088     5.0925     47.087     53.358  38.937381     1.5349      6.273   308.6393 1.2751e+00    13.5372      3.466      5.027    11.4819 0.0000e+00
      3.503     -0.118     5.0998     47.227     53.336  38.924574     1.5221      6.274   307.4922 1.4141e+00    13.6107      3.440      4.990    11.4820 0.0000e+00
      3.463     -0.148     5.1091     47.356     53.344  38.935893     1.5513      6.275   308.1449 1.6435e+00    13.6911      3.399      4.929    11.4819 0.0000e+00
      3.415     -0.175     5.1159     47.439     53.350  38.947314     1.5972      6.276   310.5082 1.9595e+00    13.6900      3.348      4.856    11.4823 0.0000e+00
      3.366     -0.195     5.1357     47.442     53.325  38.935764     1.6273      6.276   311.6302 2.3251e+00    13.6313      3.302      4.789    11.4833 0.0000e+00
      3.316     -0.200     5.1482     47.382     53.297  38.923175     1.7328      6.275   310.7847 2.7592e+00    13.5622      3.255      4.722    11.4861 0.0000e+00
      3.256     -0.187     5.1644     47.318     53.281  38.922039     2.9800      6.272   309.0608 3.2748e+00    13.3322      3.197      4.637    11.4917 0.0000e+00
      3.192     -0.162     5.1742     47.265     53.266  38.922038     5.2797      6.270   307.5647 3.7273e+00    12.9341      3.127      4.535    11.4987 0.0000e+00
      3.141     -0.130     5.1732     47.196     53.253  38.923172     6.5421      6.270   306.7194 3.9349e+00    12.6772      3.068      4.450    11.5048 0.0000e+00
      3.118     -0.094     5.1630     47.136     53.261  38.935759     6.7659      6.268   306.2399 3.9400e+00    12.6174      3.051      4.426    11.5115 0.0000e+00
      3.113     -0.058     5.1523     47.069     53.276  38.947307     7.9523      6.266   305.3812 3.9137e+00    12.5182      3.054      4.429    11.5217 0.0000e+00
      3.112     -0.028     5.1510     46.976     53.265  38.935873    10.1076      6.266   303.7357 3.8942e+00    12.3312      3.052      4.426    11.5333 0.0000e+00
      3.112     -0.009     5.1361     46.865     53.257  38.924430    11.2852      6.265   301.9174 3.8761e+00    12.2014      3.051      4.427    11.5442 0.0000e+00
      3.112     -0.001     5.1327     46.738     53.280  38.935874    11.3962      6.264   300.1744 3.8654e+00    12.1791      3.052      4.426    11.5514 0.0000e+00
      3.113 1.2660e-11     5.1250     46.597     53.302  38.947309    11.4002      6.264   298.6648 3.8507e+00    12.1976      3.052      4.427    11.5509 0.0000e+00
      3.113 1.3926e-10     5.1154     46.470     53.290  38.935761    11.2991      6.265   297.7754 3.8390e+00    12.1521      3.054      4.429    11.5463 0.0000e+00
      3.113 1.5318e-09     5.1035     46.384     53.274  38.923173    11.1315      6.265   296.9920 3.8202e+00    12.0733      3.053      4.428    11.5416 0.0000e+00
      3.113 1.6850e-08     5.0904     46.301     53.272  38.922029    11.0630      6.264   296.2481 3.7991e+00    12.0305      3.052      4.427    11.5364 0.0000e+00
      3.113 1.8535e-07     5.0756     46.210     53.269  38.921925    11.0534      6.264   294.5459 3.7912e+00    12.0104      3.053      4.428    11.5313 0.0000e+00
      3.113 1.8535e-07     5.0579     46.132     53.267  38.921916    10.8826      6.265   291.5536 3.7828e+00    12.0008      3.053      4.427    11.5279 0.0000e+00
      3.113 1.6850e-08     5.0537     46.092     53.267  38.921925    10.5787      6.266   289.6662 3.7645e+00    11.9488      3.052      4.427    11.5275 0.0000e+00
      3.113 1.5318e-09     5.0431     46.084     53.266  38.922040    10.4167      6.266   288.8464 3.7516e+00    11.9278      3.053      4.428    11.5285 0.0000e+00
      3.113 1.3925e-10     5.0332     46.106     53.264  38.923298    10.3637      6.266   288.6970 3.7577e+00    11.9866      3.053      4.428    11.5305 0.0000e+00
      3.113 1.2659e-11     5.0219     46.153     53.279  38.937143     9.8632      6.267   289.2368 3.7664e+00    12.0451      3.054      4.427    11.5323 0.0000e+00
      3.113 1.1509e-12     5.0191     46.209     53.313  38.962517     8.9516      6.268   287.8014 3.7614e+00    12.0884      3.053      4.429    11.5318 0.0000e+00
      3.113 1.0463e-13     5.0181     46.287     53.337  38.976250     8.4558      6.268   284.4195 3.7394e+00    12.0995      3.052      4.428    11.5313 0.0000e+00
      3.113 9.5115e-15     5.0196     46.364     53.343  38.976261     8.3874      6.267   282.0735 3.7174e+00    12.1453      3.053      4.427    11.5346 0.0000e+00
      3.113 8.6465e-16     5.0266     46.384     53.327  38.962643     8.1335      6.266   281.2915 3.7073e+00    12.4030      3.052      4.428    11.5394 0.0000e+00
      3.113 7.8605e-17     5.0302     46.347     53.295  38.938518     7.6581      6.267   281.0730 3.6906e+00    12.7568      3.053      4.429    11.5399 0.0000e+00
      3.113 7.1460e-18     5.0402     46.252     53.294  38.938415     7.3919      6.268   280.6355 3.6730e+00    12.9038      3.054      4.428    11.5351 0.0000e+00
      3.113 6.4965e-19     5.0534     46.088     53.324  38.961396     7.4703      6.268   279.7019 3.6653e+00    12.8823      3.053      4.427    11.5299 0.0000e+00
      3.113 5.9060e-20     5.0542     45.902     53.325  38.962531     8.7228      6.268   278.6461 3.6624e+00    12.8043      3.053      4.428    11.5279 0.0000e+00
      3.113 5.3679e-21     5.0493     45.729     53.313  38.952137    11.0325      6.268   277.7647 3.6566e+00    12.7126      3.053      4.427    11.5280 0.0000e+00
      3.113 4.7621e-22     5.0421     45.588     53.331  38.962645    12.2917      6.268   276.9609 3.6449e+00    12.6965      3.053      4.428    11.5290 0.0000e+00
      3.113 -8.617e-23     5.0197     45.491     53.334  38.962655    12.4033      6.268   277.2736 3.6357e+00    12.6768      3.053      4.428    11.5306 0.0000e+00
      3.113 -1.432e-21     4.9991     45.419     53.320  38.952263    12.4483      6.267   278.3621 3.6326e+00    12.6109      3.053      4.428    11.5312 0.0000e+00
      3.113 -1.580e-20     4.9797     45.361     53.335  38.963915    12.9192      6.265   278.0766 3.6320e+00    12.6178      3.054      4.429    11.5289 0.0000e+00
      3.113 -1.738e-19     4.9636     45.334     53.351  38.976617    13.7855      6.263   277.1768 3.6300e+00    12.6918      3.053      4.428    11.5257 0.0000e+00
      3.113 -1.911e-18     4.9547     45.327     53.352  38.978916    14.2330      6.263   276.3446 3.6148e+00    12.7200      3.053      4.428    11.5240 0.0000e+00
      3.113 -2.102e-17     4.9476     45.311     53.369  38.991712    14.0938      6.262   275.3273 3.5947e+00    12.7197      3.053      4.428    11.5238 0.0000e+00
