Data/DataNotYetUploadedToEDI/Raw_CTD/RawDownloads/081424_ccr88_S8188002.cnv
* Sea-Bird SBE19plus  Data File:
* FileName = C:\R\Reservoirs\Data\DataNotYetUploadedToEDI\Raw_CTD\RawDownloads\081424_ccr50_S8188_0002.hex
* Software version 2.8.0.119
* Temperature SN = 8188
* Conductivity SN = 8188
* System UpLoad Time = Aug 16 2024 10:36:54
* <ApplicationData>
* <Seaterm232>
# nquan = 16
# nvalues = 2070                        
# units = specified
# name 0 = depFM: Depth [fresh water, m]
# name 1 = dz/dtM: Descent Rate [m/s]
# name 2 = sbeox0Mg/L: Oxygen, SBE 43 [mg/l]
# name 3 = sbeox0PS: Oxygen, SBE 43 [% saturation]
# name 4 = specc: Specific Conductance [uS/cm]
# name 5 = c0uS/cm: Conductivity [uS/cm]
# name 6 = wetCDOM: Fluorescence, WET Labs CDOM [mg/m^3]
# name 7 = flECO-AFL: Fluorescence, WET Labs ECO-AFL/FL [mg/m^3]
# name 8 = flECO-AFL1: Fluorescence, WET Labs ECO-AFL/FL, 2 [mg/m^3]
# name 9 = flECO-AFL2: Fluorescence, WET Labs ECO-AFL/FL, 3 [mg/m^3]
# name 10 = par/sat/log: PAR/Logarithmic, Satlantic
# name 11 = turbWETntu0: Turbidity, WET Labs ECO [NTU]
# name 12 = prdM: Pressure, Strain Gauge [db]
# name 13 = prdE: Pressure, Strain Gauge [psi]
# name 14 = tv290C: Temperature [ITS-90, deg C]
# name 15 = flag:  0.000e+00
# span 0 =     -0.430,     10.521       
# span 1 =     -0.199,      0.164       
# span 2 =     2.8148,     9.5010       
# span 3 =     28.576,    118.951       
# span 4 =   -637.725,    126.599       
# span 5 =-486.225894, 121.782189       
# span 6 =    -4.5000,    29.0700       
# span 7 =    -2.9969,    11.8502       
# span 8 =    -7.0290,     6.6456       
# span 9 =    -6.1758,     7.6140       
# span 10 = 2.6152e-01, 2.9125e+03      
# span 11 =   -10.1438,   704.7378      
# span 12 =     -0.422,     10.318      
# span 13 =     -0.612,     14.965      
# span 14 =    12.8688,    26.8860      
# span 15 = 0.0000e+00, 0.0000e+00      
# interval = seconds: 0.25
# start_time = Aug 14 2024 09:51:09 [Instrument's time stamp, header]
# bad_flag = -9.990e-29
*END*
[from data line 1537]
      4.098     -0.021     7.9011     98.612    116.815 120.535858    12.6900     0.8293     0.0852     0.2961 1.6465e+02     1.1860      4.018      5.828    26.5493 0.0000e+00
      4.093     -0.022     7.9111     98.576    116.824 120.560271    12.6900     0.9018     0.0852     0.2961 1.6231e+02     1.4277      4.013      5.821    26.5666 0.0000e+00
      4.087     -0.024     7.9158     98.543    116.818 120.575992    12.6900     0.8942     0.0852     0.2961 1.6376e+02     1.3824      4.008      5.813    26.5770 0.0000e+00
      4.081     -0.028     7.9162     98.520    116.811 120.595218    12.6900     0.8637     0.0852     0.2961 1.6595e+02     1.3975      4.002      5.805    26.5823 0.0000e+00
      4.075     -0.033     7.9137     98.508    116.812 120.623077    12.6000     0.8599     0.0426     0.2961 1.6849e+02     1.4277      3.996      5.796    26.5863 0.0000e+00
      4.067     -0.040     7.9099     98.501    116.816 120.650998    12.6000     0.7759     0.0426     0.2961 1.6915e+02     1.4579      3.988      5.784    26.5926 0.0000e+00
      4.057     -0.050     7.9059     98.483    116.818 120.672424    12.6000     0.7340     0.0426     0.2961 1.6620e+02     1.4579      3.978      5.770    26.6022 0.0000e+00
      4.044     -0.062     7.9025     98.431    116.809 120.675068    12.6000     0.7950     0.0426     0.2961 1.7096e+02     1.4428      3.966      5.752    26.6134 0.0000e+00
      4.028     -0.077     7.8999     98.347    116.792 120.661635    12.6900     0.7797     0.0852     0.3384 1.7118e+02     1.4277      3.950      5.729    26.6248 0.0000e+00
      4.007     -0.093     7.8979     98.267    116.782 120.646549    12.6900     0.7645     0.0852     0.3384 1.7502e+02     1.3522      3.930      5.699    26.6352 0.0000e+00
      3.981     -0.108     7.8953     98.240    116.788 120.641787    12.6900     0.5776     0.0852     0.3384 1.7186e+02     0.4005      3.904      5.662    26.6434 0.0000e+00
      3.950     -0.121     7.8904     98.291    116.821 120.666082    12.6900     0.6005     0.0852     0.3384 1.7906e+02     0.4156      3.874      5.618    26.6486 0.0000e+00
      3.915     -0.131     7.8834     98.425    116.855 120.703907    12.6000     0.5928     0.0426     0.2961 1.8074e+02     0.3552      3.839      5.568    26.6503 0.0000e+00
      3.878     -0.135     7.8773     98.634    116.859 120.723341    12.6000     0.5699     0.0426     0.2961 1.7628e+02     0.4911      3.803      5.515    26.6484 0.0000e+00
      3.840     -0.134     7.8757     98.893    116.861 120.747572    12.6000     0.6424     0.0426     0.2961 1.9300e+02     0.5969      3.765      5.461    26.6434 0.0000e+00
      3.803     -0.126     7.8804     99.161    116.876 120.791062    12.6000     0.6348     0.0426     0.2961 2.0766e+02     0.7630      3.729      5.409    26.6392 0.0000e+00
      3.769     -0.113     7.8910     99.396    116.881 120.831405    12.6000     0.6348     0.0852     0.2961 1.9922e+02     0.5817      3.696      5.361    26.6403 0.0000e+00
      3.741     -0.097     7.9068     99.566    116.894 120.883363    12.6000     0.6577     0.0852     0.2961 2.0324e+02     0.7177      3.668      5.320    26.6469 0.0000e+00
      3.718     -0.080     7.9262     99.673    116.914 120.938787    12.6000     0.5738     0.0852     0.2961 2.1812e+02     0.4458      3.646      5.288    26.6564 0.0000e+00
      3.701     -0.064     7.9460     99.747    116.912 120.966453    12.6000     0.6005     0.0852     0.2961 2.1071e+02     0.4156      3.629      5.264    26.6685 0.0000e+00
      3.689     -0.049     7.9627     99.816    116.900 120.977739    12.6000     0.5814     0.0852     0.2961 1.9974e+02     0.4609      3.618      5.247    26.6836 0.0000e+00
      3.681     -0.037     7.9740     99.902    116.895 120.991660    12.4200     0.5738     0.0852     0.2961 1.8499e+02     0.3552      3.610      5.235    26.6998 0.0000e+00
      3.674     -0.029     7.9804    100.017    116.895 121.007928    12.4200     0.6043     0.0852     0.2961 1.9292e+02     0.4458      3.603      5.226    26.7150 0.0000e+00
      3.668     -0.024     7.9844    100.155    116.888 121.014877    12.4200     0.5623     0.0852     0.2961 2.0529e+02     0.3552      3.597      5.218    26.7277 0.0000e+00
      3.663     -0.020     7.9885    100.298    116.880 121.018362    12.4200     0.5661     0.0852     0.2961 2.0316e+02     0.4911      3.593      5.211    26.7376 0.0000e+00
      3.659     -0.019     7.9943    100.415    116.868 121.015313    12.5100     0.5966     0.0426     0.2961 2.0035e+02     0.3854      3.588      5.204    26.7457 0.0000e+00
      3.654     -0.018     8.0024    100.484    116.834 120.984914    12.5100     0.5585     0.0426     0.2961 2.0614e+02     0.4156      3.584      5.198    26.7527 0.0000e+00
      3.650     -0.018     8.0127    100.506    116.779 120.919058    12.5100     0.5356     0.0426     0.2961 2.0471e+02     0.5213      3.580      5.192    26.7586 0.0000e+00
      3.646     -0.020     8.0233    100.493    116.724 120.838193    12.5100     0.5356     0.0426     0.2961 2.0166e+02     0.4005      3.576      5.186    26.7637 0.0000e+00
      3.642     -0.023     8.0321    100.436    116.715 120.788765    12.6900     0.5432     0.0426     0.2961 2.0569e+02     0.4307      3.571      5.180    26.7680 0.0000e+00
      3.636     -0.028     8.0374    100.314    116.750 120.779594    12.6900     0.5547     0.0426     0.2961 1.8791e+02     0.4307      3.566      5.172    26.7698 0.0000e+00
      3.629     -0.035     8.0397    100.114    116.801 120.792230    12.6900     0.6081     0.0426     0.2961 1.8791e+02     0.4005      3.559      5.162    26.7664 0.0000e+00
      3.620     -0.044     8.0402     99.837    116.848 120.812034    12.6900     0.5699     0.0426     0.2961 2.0400e+02     0.5666      3.550      5.149    26.7558 0.0000e+00
      3.609     -0.056     8.0381     99.517    116.880 120.830284    12.6900     0.5738     0.0426     0.2961 1.9587e+02     0.4307      3.539      5.133    26.7387 0.0000e+00
      3.594     -0.069     8.0311     99.202    116.905 120.851846    12.7800     0.6119     0.0426     0.2538 1.9643e+02     0.8688      3.525      5.113    26.7191 0.0000e+00
      3.576     -0.084     8.0175     98.928    116.917 120.864469    12.7800     0.6424     0.0426     0.2538 2.1269e+02     0.8839      3.507      5.087    26.7020 0.0000e+00
      3.553     -0.100     7.9972     98.713    116.919 120.863517    12.7800     0.6386     0.0426     0.2538 2.2461e+02     0.8386      3.484      5.053    26.6900 0.0000e+00
      3.524     -0.113     7.9724     98.584    116.930 120.870742    12.7800     0.6424     0.0426     0.2538 2.0422e+02     0.9594      3.456      5.012    26.6837 0.0000e+00
      3.491     -0.124     7.9474     98.564    116.943 120.882069    12.4200     0.5661     0.0426     0.2115 2.1510e+02     2.5607      3.424      4.966    26.6819 0.0000e+00
      3.456     -0.131     7.9254     98.650    116.941 120.882513    12.4200     0.5928     0.0426     0.2115 2.3571e+02     2.4701      3.389      4.915    26.6817 0.0000e+00
      3.419     -0.132     7.9084     98.814    116.931 120.880194    12.4200     0.6043     0.0426     0.2115 2.2618e+02     2.5607      3.353      4.863    26.6807 0.0000e+00
      3.383     -0.128     7.8983     99.010    116.920 120.882497    12.4200     0.5776     0.0426     0.2115 2.0875e+02     2.6211      3.317      4.811    26.6789 0.0000e+00
      3.348     -0.118     7.8969     99.185    116.908 120.890036    12.5100     0.5776     0.0426     0.1692 2.2564e+02     1.2162      3.284      4.762    26.6776 0.0000e+00
      3.318     -0.104     7.9036     99.322    116.895 120.900822    12.5100     0.5928     0.0426     0.1692 2.4278e+02     1.0652      3.254      4.719    26.6786 0.0000e+00
      3.292     -0.089     7.9163     99.441    116.885 120.917732    12.5100     0.5928     0.0426     0.1692 2.5214e+02     1.0652      3.229      4.683    26.6822 0.0000e+00
      3.273     -0.073     7.9310     99.583    116.889 120.949280    12.5100     0.5738     0.0426     0.1692 2.4453e+02     1.2313      3.210      4.655    26.6881 0.0000e+00
      3.258     -0.058     7.9439     99.765    116.900 120.983874    12.5100     0.5432     0.0426     0.2961 2.4241e+02     0.6573      3.195      4.634    26.6965 0.0000e+00
      3.247     -0.045     7.9534     99.967    116.891 120.994734    12.5100     0.5699     0.0426     0.2961 2.5846e+02     0.7177      3.184      4.618    26.7070 0.0000e+00
      3.238     -0.035     7.9612    100.158    116.868 120.988758    12.5100     0.5432     0.0426     0.2961 2.4920e+02     0.6724      3.175      4.605    26.7187 0.0000e+00
      3.231     -0.028     7.9709    100.320    116.857 120.992359    12.5100     0.5738     0.0426     0.2961 2.3715e+02     0.7177      3.168      4.595    26.7302 0.0000e+00
      3.225     -0.022     7.9840    100.442    116.863 121.010497    12.5100     0.5356     0.0426     0.2961 2.5583e+02     0.5062      3.163      4.587    26.7403 0.0000e+00
      3.221     -0.017     7.9990    100.513    116.886 121.044010    12.6000     0.5509     0.0852     0.3384 2.5773e+02     0.4156      3.158      4.581    26.7490 0.0000e+00
      3.217     -0.014     8.0132    100.539    116.914 121.081831    12.6000     0.5127     0.0852     0.3384 2.4178e+02     0.4458      3.155      4.576    26.7567 0.0000e+00
      3.214     -0.011     8.0252    100.529    116.917 121.094037    12.6000     0.5013     0.0852     0.3384 2.2613e+02     0.4911      3.152      4.572    26.7631 0.0000e+00
      3.212     -0.009     8.0342    100.506    116.891 121.075882    12.6000     0.5051     0.0852     0.3384 2.4173e+02     3.7994      3.150      4.569    26.7681 0.0000e+00
      3.210     -0.007     8.0393    100.494    116.873 121.068534    12.6000     0.5699     0.0426     0.2961 2.5695e+02     3.8447      3.148      4.566    26.7723 0.0000e+00
      3.209     -0.005     8.0408    100.501    116.880 121.088039    12.6000     0.5356     0.0426     0.2961 2.2218e+02     3.7843      3.147      4.564    26.7761 0.0000e+00
      3.208     -0.003     8.0395    100.522    116.877 121.097588    12.6000     0.5280     0.0426     0.2961 2.2388e+02     3.7994      3.146      4.563    26.7798 0.0000e+00
      3.207     -0.002     8.0371    100.549    116.862 121.093730    12.6000     0.5051     0.0426     0.2961 2.6100e+02     4.3735      3.145      4.562    26.7838 0.0000e+00
      3.207     -0.001     8.0355    100.579    116.857 121.099439    12.5100     0.5852     0.0852     0.2538 2.3917e+02     4.4490      3.145      4.561    26.7884 0.0000e+00
      3.207     -0.000     8.0353    100.612    116.858 121.108239    12.5100     0.5432     0.0852     0.2538 2.2890e+02     4.5245      3.145      4.562    26.7936 0.0000e+00
      3.208      0.000     8.0362    100.646    116.856 121.110473    12.5100     0.5165     0.0852     0.2538 2.3474e+02     4.4490      3.145      4.562    26.7991 0.0000e+00
      3.208      0.000     8.0376    100.671    116.841 121.094735    12.5100     0.5089     0.0852     0.2538 2.3540e+02     2.3341      3.145      4.562    26.8043 0.0000e+00
      3.208      0.000     8.0394    100.671    116.822 121.070831    12.5100     0.5203     0.0852     0.2538 2.3551e+02     2.3190      3.145      4.562    26.8088 0.0000e+00
      3.208      0.001     8.0415    100.626    116.832 121.074395    12.6000     0.5165     0.0426     0.2538 2.3891e+02     2.2737      3.145      4.562    26.8121 0.0000e+00
      3.208      0.001     8.0440    100.523    116.862 121.100374    12.6000     0.5432     0.0426     0.2538 2.5650e+02     2.2888      3.146      4.562    26.8139 0.0000e+00
      3.208      0.001     8.0460    100.372    116.893 121.129690    12.6000     0.5509     0.0426     0.2538 2.2771e+02     0.3703      3.146      4.563    26.8139 0.0000e+00
      3.208      0.000     8.0463    100.197    116.917 121.154159    12.6000     0.5470     0.0426     0.2538 2.2984e+02     0.4005      3.146      4.563    26.8119 0.0000e+00
      3.208      0.000     8.0431    100.024    116.925 121.164303    12.6900     0.5165     0.0852     0.2538 2.2875e+02     0.4911      3.146      4.564    26.8091 0.0000e+00
      3.209     -0.001     8.0351     99.888    116.919 121.162826    12.6900     0.5356     0.0852     0.2538 2.3813e+02     0.4911      3.147      4.564    26.8070 0.0000e+00
      3.208     -0.001     8.0232     99.832    116.923 121.173339    12.6900     0.5394     0.0852     0.2538 2.2214e+02     0.4609      3.146      4.564    26.8059 0.0000e+00
      3.208     -0.002     8.0092     99.872    116.948 121.206649    12.6900     0.5432     0.0852     0.2538 2.0920e+02     0.3703      3.146      4.563    26.8057 0.0000e+00
      3.207     -0.002     7.9953     99.976    116.969 121.235630    12.6900     0.5356     0.0426     0.2961 2.3500e+02     0.4609      3.145      4.561    26.8065 0.0000e+00
      3.206     -0.003     7.9842    100.105    116.976 121.248009    12.6900     0.5318     0.0426     0.2961 2.3180e+02     0.4156      3.144      4.560    26.8083 0.0000e+00
      3.205     -0.002     7.9793    100.245    116.967 121.243084    12.6900     0.5432     0.0426     0.2961 2.2588e+02     0.6422      3.143      4.559    26.8111 0.0000e+00
      3.205     -0.002     7.9820    100.390    116.950 121.227545    12.6900     0.5432     0.0426     0.2961 2.4527e+02     0.6573      3.143      4.558    26.8143 0.0000e+00
      3.205     -0.001     7.9899    100.529    116.940 121.217253    12.8700     0.5280     0.0852     0.3384 2.5044e+02     0.6724      3.143      4.558    26.8174 0.0000e+00
      3.204     -0.001     7.9998    100.643    116.931 121.205461    12.8700     0.5280     0.0852     0.3384 2.2036e+02     0.6724      3.142      4.558    26.8198 0.0000e+00
      3.204     -0.000     8.0107    100.722    116.927 121.197028    12.8700     0.5280     0.0852     0.3384 2.2588e+02     0.4005      3.142      4.557    26.8215 0.0000e+00
      3.204     -0.000     8.0222    100.774    116.929 121.193704    12.8700     0.5509     0.0852     0.3384 2.4157e+02     0.5062      3.142      4.557    26.8224 0.0000e+00
      3.204      0.000     8.0333    100.811    116.927 121.186601    12.8700     0.5089     0.0852     0.3384 2.3694e+02     0.4307      3.142      4.557    26.8224 0.0000e+00
      3.204      0.000     8.0426    100.834    116.928 121.185826    13.1400     0.5661     0.0852     0.2538 2.2900e+02     0.4156      3.142      4.557    26.8214 0.0000e+00
      3.204      0.001     8.0492    100.838    116.937 121.195175    13.1400     0.4975     0.0852     0.2538 2.1873e+02     0.7630      3.142      4.557    26.8194 0.0000e+00
      3.205      0.001     8.0537    100.823    116.953 121.213138    13.1400     0.4631     0.0852     0.2538 2.4320e+02     0.7479      3.143      4.558    26.8170 0.0000e+00
      3.205      0.001     8.0570    100.788    116.967 121.228504    13.1400     0.4708     0.0852     0.2538 2.0744e+02     0.7479      3.143      4.558    26.8150 0.0000e+00
      3.205      0.001     8.0589    100.735    116.976 121.237368    13.1400     0.4517     0.0852     0.1692 2.1802e+02     0.6724      3.143      4.559    26.8140 0.0000e+00
      3.205      0.000     8.0593    100.676    116.984 121.244095    13.1400     0.4746     0.0852     0.1692 2.4597e+02     0.6875      3.143      4.559    26.8140 0.0000e+00
      3.205      0.000     8.0580    100.614    116.979 121.236475    13.1400     0.4784     0.0852     0.1692 2.1802e+02     0.6573      3.143      4.559    26.8146 0.0000e+00
      3.205     -0.001     8.0551    100.543    116.963 121.218478    13.1400     0.4784     0.0852     0.1692 2.0852e+02     0.7630      3.143      4.559    26.8151 0.0000e+00
      3.205     -0.001     8.0509    100.475    116.937 121.191306    13.0500     0.4860     0.0852     0.2538 2.3185e+02     0.7479      3.143      4.558    26.8151 0.0000e+00
