Data/DataNotYetUploadedToEDI/Raw_CTD/RawDownloads/081419_fcr50_1200.cnv
* Sea-Bird SBE19plus  Data File:
* FileName = C:\DATA\081419_fcr50_1200_0001.hex
* Software version 2.8.0.119 SB_Terminal.dll
* Temperature SN = 7809
* Conductivity SN = 7809
* System UpLoad Time = Aug 14 2019 12:45:37
* <ApplicationData>
* <Seaterm232>
# nquan = 16
# nvalues = 879                         
# units = specified
# name 0 = depFM: Depth [fresh water, m]
# name 1 = dz/dtM: Descent Rate [m/s]
# name 2 = sbeox0Mg/L: Oxygen, SBE 43 [mg/l]
# name 3 = sbeox0PS: Oxygen, SBE 43 [% saturation]
# name 4 = specc: Specific Conductance [uS/cm]
# name 5 = c0uS/cm: Conductivity [uS/cm]
# name 6 = flECO-AFL: Fluorescence, WET Labs ECO-AFL/FL [mg/m^3]
# name 7 = ph: pH
# name 8 = orp: Oxidation Reduction Potential [mV]
# name 9 = par/sat/log: PAR/Logarithmic, Satlantic
# name 10 = turbWETntu0: Turbidity, WET Labs ECO [NTU]
# name 11 = prdM: Pressure, Strain Gauge [db]
# name 12 = prdE: Pressure, Strain Gauge [psi]
# name 13 = tv290C: Temperature [ITS-90, deg C]
# name 14 = density00: Density [density, kg/m^3]
# name 15 = flag:  0.000e+00
# span 0 =     -0.624,      9.569       
# span 1 =     -0.307,      0.287       
# span 2 =     0.1018,     9.8077       
# span 3 =      0.974,    123.376       
# span 4 =      1.001,     59.338       
# span 5 =   1.065263,  45.678614       
# span 6 =    -1.3589,     8.1911       
# span 7 =      6.809,      9.343       
# span 8 =  -102.7807,   702.2543       
# span 9 = 1.2344e-01, 5.3439e+02       
# span 10 =    -0.5672,    17.7823      
# span 11 =     -0.613,      9.385      
# span 12 =     -0.889,     13.611      
# span 13 =    11.8048,    28.2626      
# span 14 =   996.1673,   999.5852      
# span 15 = 0.0000e+00, 0.0000e+00      
# interval = seconds: 0.25
# start_time = Aug 14 2019 11:57:54 [Instrument's time stamp, header]
# bad_flag = -9.990e-29
*END*
     -0.624 1.4426e-12     7.4708     95.786      1.040   1.106524    -0.1144      6.809  -102.7807 4.9682e+02    -0.5420     -0.612     -0.888    28.2626   996.1673 0.0000e+00
     -0.624 1.5869e-11     7.4703     95.781      1.049   1.115636    -0.1125      6.824   -25.1034 4.8961e+02    -0.5021     -0.612     -0.888    28.2507   996.1707 0.0000e+00
     -0.624 1.7456e-10     7.4696     95.782      1.036   1.101821    -0.1136      6.838    75.9620 4.7891e+02    -0.4908     -0.613     -0.889    28.2294   996.1768 0.0000e+00
     -0.624 1.9201e-09     7.4695     95.794      1.002   1.066213    -0.1195      6.838    42.3255 4.7271e+02    -0.5368     -0.612     -0.888    28.2078   996.1830 0.0000e+00
     -0.624 2.1122e-08     7.4695     95.794      1.001   1.065263    -0.1240      6.846   -11.6706 4.7312e+02    -0.5672     -0.612     -0.887    28.1967   996.1861 0.0000e+00
     -0.624 2.3234e-07     7.4698     95.778      1.024   1.090337    -0.1245      6.875    42.5829 4.8026e+02    -0.5631     -0.612     -0.888    28.1987   996.1855 0.0000e+00
     -0.624      0.000     7.4723     95.773      1.049   1.115939    -0.1255      6.888   107.2966 4.7903e+02    -0.5532     -0.612     -0.888    28.2063   996.1834 0.0000e+00
     -0.624      0.000     7.4767     95.784      1.055   1.121377    -0.1270      6.875   124.9671 4.3083e+02    -0.5458     -0.612     -0.888    28.2171   996.1802 0.0000e+00
     -0.624      0.000     7.4804     95.792      1.207   1.282803    -0.1254      6.851   161.5920 3.3781e+02    -0.5388     -0.612     -0.888    28.2210   996.1792 0.0000e+00
     -0.624      0.003     7.4828     95.788      3.009   3.194443    -0.1242      6.962   421.3239 2.6498e+02    -0.5340     -0.612     -0.888    28.2069   996.1831 0.0000e+00
     -0.624      0.017     7.4872     95.780     12.457  13.209025    -0.1210      7.376   702.2543 2.5656e+02    -0.3240     -0.612     -0.886    28.1824   996.1903 0.0000e+00
     -0.624      0.052     7.5007     95.787     27.596  29.217460    -0.1125      7.941   566.7983 2.9280e+02     2.1314     -0.613     -0.888    28.1530   996.1985 0.0000e+00
     -0.623      0.103     7.5232     95.811     35.981  38.005745    -0.1079      8.431   355.5601 3.3258e+02     6.6060     -0.611     -0.887    28.1292   996.2056 0.0000e+00
     -0.612      0.159     7.5474     95.854     37.062  39.038153    -0.0992      8.786   321.5434 3.6732e+02     9.0118     -0.612     -0.889    28.1111   996.2101 0.0000e+00
     -0.566      0.210     7.5743     95.975     37.088  38.970586    -0.0333      9.016   311.3215 4.0434e+02     9.1319     -0.578     -0.839    28.0981   996.2157 0.0000e+00
     -0.476      0.249     7.6084     96.237     37.093  38.902591     0.6364      9.156   304.6714 4.3769e+02     8.3530     -0.467     -0.678    28.0012   996.2505 0.0000e+00
     -0.376      0.274     7.6494     96.641     37.091  38.850710     1.8686      9.245   297.3219 4.6290e+02     6.9025     -0.357     -0.518    27.8079   996.3075 0.0000e+00
     -0.293      0.287     7.6956     97.149     37.062  38.787561     2.5533      9.300   290.5166 4.8314e+02     6.1114     -0.284     -0.411    27.6512   996.3513 0.0000e+00
     -0.228      0.287     7.7495     97.769     37.074  38.773809     2.6380      9.330   284.7673 5.0249e+02     6.0298     -0.216     -0.314    27.5227   996.3879 0.0000e+00
     -0.175      0.272     7.8145     98.539     37.130  38.811350     2.7888      9.343   280.2910 5.3439e+02     5.5889     -0.171     -0.248    27.4190   996.4169 0.0000e+00
     -0.119      0.247     7.8825     99.384     37.181  38.860558     3.0583      9.342   277.5211 5.0844e+02     4.7455     -0.132     -0.190    27.3593   996.4339 0.0000e+00
     -0.038      0.217     7.9401    100.147     37.228  38.924415     3.2091      9.330   275.7116 3.8935e+02     4.2871     -0.043     -0.062    27.3194   996.4453 0.0000e+00
      0.047      0.183     7.9812    100.719     37.229  38.948678     3.2251      9.313   274.1580 3.1266e+02     4.2413      0.066      0.096    27.2875   996.4547 0.0000e+00
      0.095      0.143     8.0035    101.048     37.164  38.900039     3.2338      9.296   272.3307 3.0692e+02     4.2250      0.108      0.157    27.2498   996.4653 0.0000e+00
      0.107      0.099     8.0091    101.150     37.098  38.844184     3.2800      9.280   270.1379 3.0800e+02     4.1555      0.105      0.152    27.2401   996.4681 0.0000e+00
      0.109      0.054     8.0036    101.085     37.036  38.781193     3.3587      9.266   267.7782 3.1112e+02     4.0574      0.107      0.156    27.2705   996.4596 0.0000e+00
      0.110      0.021     7.9816    100.774     36.981  38.709738     3.3971      9.252   266.1701 3.1270e+02     4.0222      0.108      0.156    27.3046   996.4501 0.0000e+00
      0.111      0.006     7.9468    100.273     36.976  38.678456     3.4065      9.241   265.3203 3.1431e+02     4.0246      0.107      0.157    27.3312   996.4427 0.0000e+00
      0.111      0.002     7.9381    100.103     36.979  38.656837     3.4450      9.232   264.1288 3.1389e+02     4.0856      0.109      0.159    27.3514   996.4372 0.0000e+00
      0.112      0.001     7.9761    100.543     36.977  38.638750     3.4993      9.224   262.5177 3.0968e+02     4.1705      0.110      0.159    27.3576   996.4354 0.0000e+00
      0.113     -0.003     8.0297    101.201     36.995  38.650171     3.5249      9.217   260.7253 3.0776e+02     4.1992      0.110      0.160    27.3372   996.4410 0.0000e+00
      0.113     -0.008     8.0674    101.671     37.014  38.667963     3.5209      9.209   259.3216 3.0902e+02     4.2036      0.111      0.161    27.2944   996.4529 0.0000e+00
      0.111     -0.015     8.0878    101.931     37.009  38.663436     3.4944      9.202   258.4514 3.1299e+02     4.1578      0.109      0.158    27.2574   996.4632 0.0000e+00
      0.108     -0.021     8.1112    102.234     37.001  38.658913     3.4475      9.194   257.4313 3.1366e+02     4.0716      0.105      0.153    27.2360   996.4691 0.0000e+00
      0.102     -0.026     8.1606    102.865     37.014  38.676755     3.4130      9.185   256.3657 3.1081e+02     4.0128      0.104      0.150    27.2277   996.4714 0.0000e+00
      0.091     -0.028     8.2248    103.683     37.023  38.688730     3.4061      9.177   255.1178 3.1297e+02     3.9708      0.090      0.131    27.2264   996.4717 0.0000e+00
      0.078     -0.028     8.2631    104.171     37.010  38.676754     3.4169      9.168   253.5282 3.2137e+02     3.9569      0.073      0.106    27.2283   996.4711 0.0000e+00
      0.069     -0.025     8.2533    104.053     36.991  38.658910     3.4306      9.161   252.3752 3.3277e+02     3.9761      0.066      0.096    27.2328   996.4698 0.0000e+00
      0.065     -0.019     8.2023    103.416     36.993  38.663421     3.4334      9.154   251.6739 3.6029e+02     4.0076      0.064      0.092    27.2390   996.4681 0.0000e+00
      0.062     -0.013     8.1208    102.396     36.993  38.667824     3.4164      9.146   250.9851 3.8220e+02     4.0422      0.061      0.088    27.2438   996.4667 0.0000e+00
      0.061     -0.008     8.0133    101.050     36.971  38.648676     3.3635      9.138   250.3275 3.6266e+02     4.1312      0.059      0.085    27.2464   996.4660 0.0000e+00
      0.062     -0.006     7.8845     99.431     36.944  38.622339     3.2974      9.130   249.5734 3.3865e+02     4.2974      0.061      0.088    27.2479   996.4656 0.0000e+00
      0.062     -0.005     7.7412     97.626     36.925  38.603303     3.2750      9.123   248.4929 3.3724e+02     4.4139      0.064      0.093    27.2502   996.4650 0.0000e+00
      0.059     -0.004     7.5954     95.784     36.931  38.608955     3.2923      9.115   247.3303 3.3944e+02     4.4579      0.057      0.084    27.2567   996.4631 0.0000e+00
      0.055     -0.003     7.4625     94.103     36.951  38.627193     3.3069      9.106   246.6158 3.3534e+02     4.4688      0.052      0.076    27.2627   996.4614 0.0000e+00
      0.055     -0.002     7.3542     92.731     36.960  38.633378     3.3305      9.099   246.2198 3.3448e+02     4.4139      0.054      0.078    27.2651   996.4608 0.0000e+00
      0.056     -0.001     7.2870     91.879     36.950  38.620257     3.3783      9.091   245.7266 3.3542e+02     4.3191      0.055      0.080    27.2662   996.4605 0.0000e+00
      0.056      0.002     7.2870     91.874     36.929  38.595500     3.4080      9.083   245.0398 3.3103e+02     4.2400      0.055      0.079    27.2646   996.4609 0.0000e+00
      0.057      0.003     7.3690     92.901     36.924  38.587951     3.4118      9.076   243.9379 3.3066e+02     4.2110      0.055      0.080    27.2608   996.4619 0.0000e+00
      0.058      0.003     7.5170     94.756     36.932  38.592454     3.4422      9.071   242.6424 3.2555e+02     4.3299      0.057      0.083    27.2566   996.4631 0.0000e+00
      0.059      0.002     7.6957     96.997     36.931  38.586461     3.4982      9.066   241.7661 3.2174e+02     4.5632      0.058      0.084    27.2531   996.4641 0.0000e+00
      0.060      0.001     7.8714     99.202     36.928  38.578958     3.5249      9.062   241.2589 3.3918e+02     4.7046      0.059      0.085    27.2510   996.4647 0.0000e+00
      0.061     -0.003     8.0213    101.084     36.918  38.565203     3.5305      9.059   240.7254 3.6029e+02     4.7287      0.060      0.087    27.2472   996.4657 0.0000e+00
      0.061     -0.010     8.1392    102.567     36.902  38.547105     3.5480      9.056   239.7029 3.6801e+02     4.6916      0.060      0.087    27.2405   996.4676 0.0000e+00
      0.060     -0.024     8.2167    103.550     36.902  38.550571     3.5728      9.053   238.2747 3.6383e+02     4.5828      0.059      0.085    27.2337   996.4695 0.0000e+00
      0.056     -0.045     8.2458    103.925     36.892  38.543639     3.5959      9.048   237.3098 3.5438e+02     4.4626      0.056      0.082    27.2276   996.4711 0.0000e+00
      0.049     -0.065     8.2349    103.793     36.874  38.526779     3.6015      9.037   237.1562 3.5074e+02     4.4181      0.051      0.074    27.2228   996.4724 0.0000e+00
      0.031     -0.077     8.2042    103.410     36.883  38.537155     3.5286      9.020   237.0205 3.6615e+02     4.3729      0.038      0.055    27.2213   996.4728 0.0000e+00
     -0.003     -0.082     8.1721    103.015     36.884  38.542147     3.3907      9.007   236.3566 3.9048e+02     4.2758      0.003      0.004    27.2248   996.4716 0.0000e+00
     -0.046     -0.082     8.1506    102.770     36.857  38.523667     3.3034      9.002   235.6680 3.9855e+02     4.2278     -0.053     -0.078    27.2331   996.4691 0.0000e+00
     -0.071     -0.076     8.1602    102.933     36.822  38.504156     3.2794      8.996   235.2338 4.0228e+02     4.2183     -0.084     -0.121    27.2337   996.4688 0.0000e+00
     -0.072     -0.062     8.2123    103.629     36.800  38.496698     3.2827      8.988   234.8072 4.1209e+02     4.2586     -0.066     -0.095    27.2353   996.4684 0.0000e+00
     -0.076     -0.043     8.2809    104.518     36.792  38.496999     3.2912      8.980   234.3811 4.1912e+02     4.3554     -0.066     -0.096    27.2396   996.4673 0.0000e+00
     -0.093     -0.023     8.3234    105.065     36.798  38.507799     3.2874      8.974   234.0392 4.2190e+02     4.4055     -0.098     -0.143    27.2490   996.4645 0.0000e+00
     -0.103     -0.003     8.3097    104.899     36.788  38.500334     3.2885      8.968   233.8576 4.1836e+02     4.4051     -0.106     -0.153    27.2799   996.4559 0.0000e+00
     -0.104      0.017     8.2326    103.929     36.758  38.470221     3.2960      8.960   233.8204 4.1558e+02     4.4493     -0.100     -0.144    27.3042   996.4492 0.0000e+00
     -0.101      0.040     8.1068    102.336     36.752  38.461097     3.3349      8.953   233.5036 4.1785e+02     4.5788     -0.104     -0.150    27.3122   996.4469 0.0000e+00
     -0.087      0.064     7.9528    100.381     36.748  38.453502     3.4034      8.946   232.8660 4.1937e+02     4.6606     -0.093     -0.135    27.3174   996.4456 0.0000e+00
     -0.057      0.087     7.7882     98.297     36.740  38.441847     3.4298      8.938   232.2201 4.1467e+02     4.6507     -0.055     -0.080    27.3216   996.4446 0.0000e+00
     -0.026      0.111     7.6320     96.316     36.749  38.447136     3.4201      8.928   231.6309 3.9737e+02     4.6568     -0.019     -0.028    27.3250   996.4438 0.0000e+00
     -0.002      0.129     7.5068     94.708     36.766  38.453962     3.4606      8.918   231.1626 3.6783e+02     4.7345     -0.002     -0.004    27.3203   996.4451 0.0000e+00
      0.025      0.134     7.4294     93.693     36.789  38.460881     3.5468      8.911   230.6879 3.3641e+02     4.8357      0.016      0.024    27.3116   996.4477 0.0000e+00
      0.070      0.127     7.4050     93.360     36.806  38.467287     3.5945      8.907   230.1927 3.1772e+02     4.8642      0.063      0.091    27.3105   996.4482 0.0000e+00
      0.122      0.114     7.4298     93.670     36.808  38.467921     3.5954      8.904   229.9067 3.3227e+02     4.8499      0.126      0.184    27.3083   996.4491 0.0000e+00
      0.159      0.098     7.4908     94.442     36.808  38.468546     3.6183      8.900   229.6393 3.5348e+02     4.8591      0.166      0.241    27.2924   996.4537 0.0000e+00
      0.173      0.078     7.5702     95.435     36.817  38.474846     3.6808      8.894   229.1965 3.2873e+02     4.8776      0.174      0.250    27.2624   996.4619 0.0000e+00
      0.177      0.058     7.6455     96.361     36.831  38.480610     3.7180      8.888   228.6835 2.9048e+02     4.8773      0.172      0.249    27.2420   996.4676 0.0000e+00
      0.182      0.046     7.6940     96.941     36.838  38.474742     3.7211      8.883   228.4262 2.7780e+02     4.8876      0.177      0.258    27.2472   996.4664 0.0000e+00
      0.190      0.051     7.7040     97.039     36.843  38.467356     3.7361      8.875   228.8389 2.7272e+02     4.9042      0.187      0.271    27.2529   996.4648 0.0000e+00
      0.200      0.069     7.6786     96.696     36.841  38.454756     3.7693      8.864   229.5438 2.6615e+02     4.9136      0.192      0.280    27.2485   996.4659 0.0000e+00
      0.216      0.092     7.6346     96.120     36.844  38.449345     3.7926      8.851   229.8085 2.6031e+02     4.9358      0.207      0.301    27.2352   996.4697 0.0000e+00
      0.242      0.110     7.5907     95.553     36.865  38.465394     3.7930      8.841   229.5436 2.5357e+02     4.9104      0.234      0.340    27.2127   996.4761 0.0000e+00
      0.279      0.115     7.5514     95.068     36.854  38.458352     3.7742      8.836   229.0948 2.4392e+02     4.7048      0.269      0.390    27.1968   996.4806 0.0000e+00
      0.324      0.106     7.5149     94.660     36.803  38.427686     3.7386      8.832   228.6842 2.3302e+02     4.3834      0.319      0.462    27.1831   996.4846 0.0000e+00
      0.367      0.084     7.4992     94.529     36.761  38.412038     3.7185      8.829   228.2783 2.2640e+02     4.2371      0.369      0.534    27.1710   996.4881 0.0000e+00
      0.389      0.053     7.5253     94.902     36.728  38.396153     3.7209      8.825   227.9725 2.2519e+02     4.2467      0.392      0.568    27.1603   996.4913 0.0000e+00
      0.389      0.017     7.5828     95.645     36.689  38.362617     3.6979      8.821   227.9128 2.2659e+02     4.2367      0.385      0.558    27.1552   996.4927 0.0000e+00
      0.378     -0.015     7.6405     96.370     36.653  38.323943     3.6403      8.816   227.8138 2.2976e+02     4.2145      0.371      0.537    27.1964   996.4812 0.0000e+00
      0.364     -0.038     7.6715     96.747     36.644  38.309411     3.6054      8.812   227.3779 2.3508e+02     4.2077      0.358      0.520    27.2475   996.4670 0.0000e+00
      0.347     -0.049     7.6637     96.631     36.655  38.313863     3.6054      8.808   226.8584 2.3907e+02     4.2204      0.340      0.493    27.2702   996.4606 0.0000e+00
