Data/DataNotYetUploadedToEDI/Raw_CTD/RawDownloads/081419_fcr50_2100.cnv
* Sea-Bird SBE19plus  Data File:
* FileName = C:\DATA\081519_fcr50_0000_0003.hex
* Software version 2.8.0.119 SB_Terminal.dll
* Temperature SN = 7809
* Conductivity SN = 7809
* System UpLoad Time = Aug 15 2019 01:07:05
* <ApplicationData>
* <Seaterm232>
# nquan = 16
# nvalues = 1006                        
# units = specified
# name 0 = depFM: Depth [fresh water, m]
# name 1 = dz/dtM: Descent Rate [m/s]
# name 2 = sbeox0Mg/L: Oxygen, SBE 43 [mg/l]
# name 3 = sbeox0PS: Oxygen, SBE 43 [% saturation]
# name 4 = specc: Specific Conductance [uS/cm]
# name 5 = c0uS/cm: Conductivity [uS/cm]
# name 6 = flECO-AFL: Fluorescence, WET Labs ECO-AFL/FL [mg/m^3]
# name 7 = ph: pH
# name 8 = orp: Oxidation Reduction Potential [mV]
# name 9 = par/sat/log: PAR/Logarithmic, Satlantic
# name 10 = turbWETntu0: Turbidity, WET Labs ECO [NTU]
# name 11 = prdM: Pressure, Strain Gauge [db]
# name 12 = prdE: Pressure, Strain Gauge [psi]
# name 13 = tv290C: Temperature [ITS-90, deg C]
# name 14 = density00: Density [density, kg/m^3]
# name 15 = flag:  0.000e+00
# span 0 =     -0.625,      9.604       
# span 1 =     -0.001,      0.208       
# span 2 =     0.0923,    11.1343       
# span 3 =      0.879,    137.150       
# span 4 =      0.167,     78.225       
# span 5 =   0.158292,  57.679672       
# span 6 =    -0.1374,     9.6154       
# span 7 =      6.726,      9.339       
# span 8 = -1240.7455,   260.0256       
# span 9 = 1.2349e-01, 1.7561e+00       
# span 10 =    -0.5475,    17.2692      
# span 11 =     -0.613,      9.419      
# span 12 =     -0.890,     13.661      
# span 13 =    11.7806,    28.1095      
# span 14 =   996.2231,   999.5917      
# span 15 = 0.0000e+00, 0.0000e+00      
# interval = seconds: 0.25
# start_time = Aug 14 2019 21:04:27 [Instrument's time stamp, header]
# bad_flag = -9.990e-29
*END*
[from data line 452]
      3.245      0.068     0.2642      2.769     42.246  35.992091     5.5074      7.660   247.8813 1.2372e-01     1.8915      3.182      4.616    18.0068   998.6289 0.0000e+00
      3.264      0.067     0.2632      2.754     42.323  35.977734     5.5282      7.655   248.2689 1.2381e-01     1.9732      3.201      4.643    17.8927   998.6501 0.0000e+00
      3.283      0.066     0.2557      2.669     42.418  35.974904     5.5412      7.651   248.4307 1.2384e-01     1.9809      3.219      4.668    17.7677   998.6732 0.0000e+00
      3.302      0.063     0.2439      2.542     42.560  36.021247     5.5348      7.648   248.4612 1.2373e-01     1.9849      3.239      4.697    17.6785   998.6895 0.0000e+00
      3.318      0.059     0.2286      2.379     42.719  36.093656     5.4173      7.646   248.5513 1.2363e-01     1.9883      3.255      4.721    17.6000   998.7038 0.0000e+00
      3.329      0.057     0.2112      2.194     42.926  36.215597     5.2033      7.643   248.6594 1.2365e-01     1.9244      3.265      4.735    17.5011   998.7217 0.0000e+00
      3.340      0.055     0.1961      2.035     43.220  36.416532     5.0802      7.640   248.8220 1.2372e-01     1.8351      3.275      4.749    17.3975   998.7403 0.0000e+00
      3.354      0.055     0.1848      1.915     43.587  36.682371     5.0648      7.637   249.1413 1.2376e-01     1.7936      3.288      4.769    17.3076   998.7563 0.0000e+00
      3.369      0.056     0.1757      1.819     43.961  36.954316     5.0780      7.633   249.5079 1.2375e-01     1.8809      3.303      4.791    17.2381   998.7687 0.0000e+00
      3.385      0.058     0.1664      1.721     44.192  37.102082     5.0922      7.629   249.8133 1.2372e-01     2.0385      3.320      4.816    17.1785   998.7794 0.0000e+00
      3.400      0.059     0.1575      1.628     44.290  37.135975     5.0891      7.625   249.9948 1.2372e-01     2.0939      3.335      4.838    17.1229   998.7893 0.0000e+00
      3.415      0.059     0.1511      1.560     44.462  37.237100     5.0670      7.622   250.0676 1.2377e-01     2.0584      3.348      4.855    17.0744   998.7979 0.0000e+00
      3.430      0.059     0.1456      1.501     44.821  37.499525     4.9455      7.618   250.1766 1.2377e-01     2.0359      3.364      4.880    17.0285   998.8061 0.0000e+00
      3.445      0.059     0.1388      1.429     45.269  37.833315     4.7385      7.613   250.5391 1.2372e-01     2.0512      3.381      4.903    16.9762   998.8153 0.0000e+00
      3.459      0.059     0.1313      1.351     45.645  38.099017     4.6279      7.608   251.0944 1.2368e-01     2.0793      3.392      4.919    16.9177   998.8256 0.0000e+00
      3.474      0.060     0.1257      1.291     45.947  38.299887     4.6139      7.604   251.4700 1.2370e-01     2.0806      3.406      4.940    16.8677   998.8343 0.0000e+00
      3.490      0.060     0.1234      1.267     46.230  38.484541     4.6040      7.601   251.4666 1.2378e-01     2.0663      3.423      4.965    16.8304   998.8410 0.0000e+00
      3.505      0.059     0.1239      1.271     46.450  38.617646     4.5348      7.596   251.3121 1.2374e-01     2.1361      3.437      4.985    16.7874   998.8486 0.0000e+00
      3.521      0.057     0.1248      1.279     46.603  38.703063     4.4009      7.591   251.5806 1.2366e-01     2.2693      3.451      5.005    16.7314   998.8582 0.0000e+00
      3.538      0.054     0.1254      1.285     46.770  38.818987     4.3280      7.586   252.2179 1.2366e-01     2.3009      3.469      5.033    16.6740   998.8683 0.0000e+00
      3.554      0.049     0.1263      1.293     47.002  39.003542     4.3222      7.581   252.5642 1.2369e-01     2.2553      3.487      5.057    16.6202   998.8776 0.0000e+00
      3.564      0.045     0.1273      1.303     47.267  39.220502     4.3050      7.577   252.4990 1.2372e-01     2.1772      3.495      5.070    16.5634   998.8873 0.0000e+00
      3.572      0.043     0.1280      1.310     47.583  39.474294     4.2839      7.572   252.2902 1.2374e-01     2.0767      3.501      5.078    16.5116   998.8961 0.0000e+00
      3.580      0.043     0.1275      1.304     48.074  39.850219     4.2751      7.567   252.2772 1.2369e-01     2.0562      3.511      5.092    16.4902   998.8997 0.0000e+00
      3.590      0.047     0.1260      1.288     48.728  40.337617     4.2852      7.562   252.5994 1.2364e-01     2.0608      3.521      5.106    16.4852   998.9007 0.0000e+00
      3.601      0.052     0.1254      1.279     49.268  40.732912     4.4580      7.557   253.0881 1.2367e-01     2.0341      3.530      5.119    16.4848   998.9009 0.0000e+00
      3.615      0.056     0.1250      1.275     49.719  41.074417     4.7693      7.551   253.4535 1.2372e-01     1.9957      3.543      5.139    16.4855   998.9009 0.0000e+00
      3.634      0.058     0.1248      1.273     50.323  41.546239     4.9378      7.545   253.5758 1.2373e-01     1.9893      3.565      5.170    16.4543   998.9064 0.0000e+00
      3.652      0.059     0.1252      1.275     50.846  41.929933     4.9683      7.539   253.6204 1.2370e-01     2.0548      3.586      5.201    16.3854   998.9183 0.0000e+00
      3.666      0.058     0.1255      1.275     51.141  42.094670     5.0081      7.534   253.5629 1.2369e-01     2.1650      3.595      5.215    16.3239   998.9288 0.0000e+00
      3.678      0.057     0.1247      1.265     51.385  42.204656     5.0550      7.528   253.0524 1.2369e-01     2.2734      3.606      5.230    16.2999   998.9329 0.0000e+00
      3.692      0.057     0.1232      1.248     51.541  42.243784     5.0760      7.522   252.1803 1.2376e-01     2.3173      3.622      5.253    16.2857   998.9356 0.0000e+00
      3.705      0.059     0.1231      1.244     51.504  42.123212     5.0885      7.515   251.4500 1.2384e-01     2.3344      3.634      5.271    16.2411   998.9433 0.0000e+00
      3.718      0.061     0.1241      1.253     51.339  41.889577     5.1283      7.507   250.2455 1.2380e-01     2.4150      3.645      5.287    16.1560   998.9573 0.0000e+00
      3.735      0.063     0.1254      1.263     51.153  41.640978     5.1755      7.499   247.8555 1.2374e-01     2.5380      3.660      5.308    16.0607   998.9731 0.0000e+00
      3.756      0.064     0.1264      1.270     51.359  41.720400     5.1906      7.492   245.3532 1.2371e-01     2.6098      3.685      5.344    15.9775   998.9868 0.0000e+00
      3.775      0.064     0.1275      1.279     52.151  42.278328     5.1807      7.485   243.9095 1.2369e-01     2.6277      3.706      5.375    15.8949   999.0002 0.0000e+00
      3.788      0.063     0.1295      1.298     52.973  42.862981     5.1521      7.479   242.9619 1.2368e-01     2.6886      3.713      5.386    15.7924   999.0166 0.0000e+00
      3.802      0.060     0.1319      1.320     53.555  43.265466     5.1043      7.474   240.6062 1.2371e-01     2.7885      3.727      5.405    15.6923   999.0325 0.0000e+00
      3.819      0.058     0.1326      1.325     54.021  43.588975     5.0803      7.469   236.1626 1.2376e-01     2.8535      3.747      5.434    15.6131   999.0452 0.0000e+00
      3.834      0.056     0.1308      1.307     54.164  43.663145     5.0783      7.464   231.9956 1.2376e-01     2.8843      3.762      5.455    15.5313   999.0585 0.0000e+00
      3.846      0.055     0.1277      1.274     53.869  43.400248     5.0713      7.459   229.7157 1.2371e-01     2.8658      3.772      5.470    15.4496   999.0716 0.0000e+00
      3.860      0.053     0.1245      1.242     53.529  43.140592     5.0304      7.454   228.3000 1.2365e-01     2.7933      3.784      5.489    15.3844   999.0821 0.0000e+00
      3.875      0.049     0.1236      1.235     53.544  43.190496     4.9567      7.450   226.3211 1.2361e-01     2.7292      3.801      5.513    15.3374   999.0895 0.0000e+00
      3.889      0.048     0.1253      1.252     53.931  43.495723     4.9081      7.445   222.0501 1.2365e-01     2.7123      3.815      5.533    15.3008   999.0953 0.0000e+00
      3.900      0.049     0.1271      1.267     54.376  43.783265     4.8852      7.439   216.4961 1.2370e-01     2.6880      3.825      5.548    15.2636   999.1010 0.0000e+00
      3.909      0.052     0.1278      1.273     54.572  43.873226     4.8360      7.434   212.9424 1.2368e-01     2.6323      3.833      5.559    15.2779   999.0986 0.0000e+00
      3.919      0.055     0.1275      1.270     54.600  43.884886     4.7638      7.428   211.6062 1.2368e-01     2.6281      3.841      5.571    15.3474   999.0879 0.0000e+00
      3.934      0.057     0.1265      1.260     54.710  43.987737     4.7321      7.421   210.9237 1.2371e-01     2.6696      3.855      5.592    15.3527   999.0874 0.0000e+00
      3.954      0.057     0.1251      1.246     55.100  44.291352     4.7215      7.415   209.0774 1.2376e-01     2.6761      3.878      5.624    15.2551   999.1027 0.0000e+00
      3.973      0.057     0.1224      1.218     55.830  44.825430     4.6183      7.409   206.0604 1.2379e-01     2.6414      3.899      5.655    15.1631   999.1170 0.0000e+00
      3.988      0.055     0.1192      1.184     56.548  45.301709     4.4381      7.404   204.2150 1.2377e-01     2.6100      3.913      5.675    15.1770   999.1149 0.0000e+00
      3.999      0.050     0.1174      1.162     56.847  45.414338     4.3380      7.400   203.6291 1.2378e-01     2.5916      3.922      5.688    15.2105   999.1099 0.0000e+00
      4.009      0.045     0.1162      1.147     56.768  45.234548     4.3354      7.396   202.9336 1.2382e-01     2.5831      3.930      5.701    15.1988   999.1118 0.0000e+00
      4.020      0.043     0.1153      1.137     56.631  45.032791     4.3713      7.391   201.3123 1.2377e-01     2.6050      3.942      5.717    15.1597   999.1180 0.0000e+00
      4.030      0.045     0.1159      1.142     56.696  45.006839     4.4256      7.386   199.1684 1.2369e-01     2.6280      3.954      5.735    15.0624   999.1332 0.0000e+00
      4.039      0.049     0.1179      1.161     56.920  45.111183     4.4544      7.380   197.9207 1.2368e-01     2.6312      3.960      5.743    14.9350   999.1525 0.0000e+00
      4.050      0.052     0.1192      1.171     57.143  45.214805     4.4675      7.375   197.6687 1.2364e-01     2.6762      3.969      5.757    14.8277   999.1685 0.0000e+00
      4.066      0.054     0.1192      1.170     57.349  45.307124     4.5841      7.369   197.4981 1.2362e-01     2.8770      3.987      5.784    14.7512   999.1799 0.0000e+00
      4.085      0.056     0.1200      1.176     57.551  45.401803     4.8065      7.363   196.2890 1.2367e-01     3.1588      4.006      5.811    14.6874   999.1894 0.0000e+00
      4.101      0.056     0.1225      1.200     57.710  45.470450     4.9373      7.357   194.0620 1.2369e-01     3.2646      4.022      5.834    14.6229   999.1990 0.0000e+00
      4.114      0.054     0.1243      1.216     57.885  45.565554     4.9515      7.353   191.9965 1.2370e-01     3.2382      4.034      5.851    14.5591   999.2085 0.0000e+00
      4.126      0.052     0.1233      1.205     58.212  45.789610     4.9523      7.348   190.5014 1.2376e-01     3.2665      4.046      5.867    14.4960   999.2178 0.0000e+00
      4.140      0.050     0.1217      1.189     58.637  46.083860     4.9734      7.343   189.3208 1.2376e-01     3.2788      4.061      5.889    14.4391   999.2261 0.0000e+00
      4.151      0.049     0.1211      1.182     59.016  46.329094     5.0071      7.337   188.1323 1.2372e-01     3.2237      4.070      5.903    14.3882   999.2335 0.0000e+00
      4.161      0.049     0.1203      1.173     59.264  46.468488     5.0212      7.332   187.0591 1.2369e-01     3.1898      4.079      5.916    14.3513   999.2389 0.0000e+00
      4.175      0.049     0.1182      1.152     59.368  46.499090     5.0236      7.328   186.2396 1.2369e-01     3.1637      4.095      5.939    14.3301   999.2420 0.0000e+00
      4.189      0.049     0.1165      1.135     59.435  46.508528     5.0354      7.323   185.6228 1.2370e-01     3.1699      4.110      5.960    14.2978   999.2469 0.0000e+00
      4.202      0.050     0.1164      1.133     59.577  46.582563     5.0608      7.319   185.5376 1.2373e-01     3.2321      4.121      5.977    14.2483   999.2542 0.0000e+00
      4.213      0.051     0.1158      1.126     59.849  46.759130     5.0789      7.315   185.5546 1.2373e-01     3.2606      4.132      5.993    14.1991   999.2613 0.0000e+00
      4.224      0.051     0.1142      1.109     60.279  47.055694     5.0805      7.311   184.8811 1.2367e-01     3.2518      4.142      6.007    14.1563   999.2674 0.0000e+00
      4.237      0.052     0.1143      1.109     60.822  47.437441     5.1060      7.307   183.7613 1.2364e-01     3.1914      4.154      6.025    14.1204   999.2724 0.0000e+00
      4.253      0.053     0.1151      1.115     61.365  47.818306     5.1614      7.302   182.7701 1.2365e-01     3.1200      4.170      6.048    14.0911   999.2767 0.0000e+00
      4.268      0.055     0.1147      1.111     61.785  48.104146     5.1951      7.297   182.7913 1.2368e-01     3.1100      4.187      6.072    14.0623   999.2809 0.0000e+00
      4.281      0.056     0.1149      1.113     62.081  48.289550     5.2025      7.292   183.3297 1.2365e-01     3.1358      4.200      6.090    14.0293   999.2857 0.0000e+00
      4.294      0.056     0.1146      1.109     62.378  48.472191     5.2330      7.288   182.9124 1.2358e-01     3.2027      4.209      6.105    13.9935   999.2909 0.0000e+00
      4.308      0.055     0.1130      1.092     62.766  48.724595     5.2864      7.283   181.9618 1.2360e-01     3.2632      4.224      6.127    13.9587   999.2961 0.0000e+00
      4.323      0.054     0.1123      1.085     63.169  48.991327     5.3113      7.278   181.8165 1.2365e-01     3.2776      4.241      6.152    13.9266   999.3007 0.0000e+00
      4.338      0.054     0.1131      1.091     63.440  49.156654     5.3172      7.274   182.4465 1.2367e-01     3.2786      4.255      6.171    13.8903   999.3058 0.0000e+00
      4.351      0.053     0.1133      1.093     63.549  49.199179     5.3744      7.269   182.4373 1.2366e-01     3.3086      4.266      6.188    13.8497   999.3116 0.0000e+00
      4.364      0.051     0.1122      1.081     63.569  49.187874     5.4569      7.263   181.6198 1.2366e-01     3.3451      4.280      6.207    13.8106   999.3171 0.0000e+00
      4.378      0.047     0.1102      1.062     63.609  49.210471     5.4826      7.258   180.5638 1.2371e-01     3.3264      4.293      6.227    13.7750   999.3222 0.0000e+00
      4.390      0.044     0.1087      1.047     63.784  49.345363     5.4768      7.253   180.0793 1.2376e-01     3.3120      4.306      6.245    13.7396   999.3271 0.0000e+00
      4.401      0.043     0.1081      1.042     64.144  49.612064     5.4132      7.249   180.4084 1.2374e-01     3.3350      4.317      6.262    13.7017   999.3323 0.0000e+00
      4.409      0.043     0.1083      1.043     64.638  49.958025     5.2768      7.245   180.2410 1.2369e-01     3.3424      4.325      6.273    13.6788   999.3355 0.0000e+00
      4.417      0.044     0.1082      1.041     65.139  50.288994     5.1977      7.240   179.2593 1.2370e-01     3.3346      4.330      6.280    13.6767   999.3357 0.0000e+00
      4.427      0.046     0.1086      1.044     65.581  50.564899     5.1935      7.234   178.6048 1.2372e-01     3.3395      4.339      6.293    13.6816   999.3352 0.0000e+00
      4.442      0.049     0.1109      1.065     65.748  50.626138     5.1912      7.228   178.7814 1.2372e-01     3.3362      4.356      6.317    13.6773   999.3361 0.0000e+00
      4.457      0.053     0.1129      1.083     64.953  49.949533     5.1268      7.223   178.7270 1.2373e-01     3.3281      4.371      6.340    13.6470   999.3404 0.0000e+00
      4.471      0.054     0.1128      1.081     63.693  48.926132     5.0038      7.219   177.8612 1.2373e-01     3.3394      4.384      6.358    13.5994   999.3470 0.0000e+00
