Data/DataNotYetUploadedToEDI/Raw_CTD/RawDownloads/081424_ccr50_S8188001.cnv
* Sea-Bird SBE19plus  Data File:
* FileName = C:\R\Reservoirs\Data\DataNotYetUploadedToEDI\Raw_CTD\RawDownloads\081424_ccr50_S8188_0001.hex
* Software version 2.8.0.119
* Temperature SN = 8188
* Conductivity SN = 8188
* System UpLoad Time = Aug 16 2024 10:36:23
* <ApplicationData>
* <Seaterm232>
# nquan = 13
# nvalues = 3467                        
# units = specified
# name 0 = depFM: Depth [fresh water, m]
# name 1 = dz/dtM: Descent Rate [m/s]
# name 2 = sbeox0Mg/L: Oxygen, SBE 43 [mg/l]
# name 3 = sbeox0PS: Oxygen, SBE 43 [% saturation]
# name 4 = specc: Specific Conductance [uS/cm]
# name 5 = c0uS/cm: Conductivity [uS/cm]
# name 6 = flECO-AFL: Fluorescence, WET Labs ECO-AFL/FL [mg/m^3]
# name 7 = par/sat/log: PAR/Logarithmic, Satlantic
# name 8 = turbWETntu0: Turbidity, WET Labs ECO [NTU]
# name 9 = prdM: Pressure, Strain Gauge [db]
# name 10 = prdE: Pressure, Strain Gauge [psi]
# name 11 = tv290C: Temperature [ITS-90, deg C]
# name 12 = flag:  0.000e+00
# span 0 =     -0.447,     20.093       
# span 1 =     -0.393,      0.168       
# span 2 =    -0.3506,     9.9196       
# span 3 =     -3.178,    123.196       
# span 4 =  -1650.970,    233.559       
# span 5 = -1.228e+03, 165.566895       
# span 6 =    -1.5043,   238.5437       
# span 7 = 1.1594e-01, 1.6949e+03       
# span 8 =    -9.6318,   944.6067       
# span 9 =     -0.439,     19.705       
# span 10 =     -0.636,     28.579      
# span 11 =    10.4374,    26.9228      
# span 12 = 0.0000e+00, 0.0000e+00      
# interval = seconds: 0.25
# start_time = Aug 14 2024 09:09:33 [Instrument's time stamp, header]
# bad_flag = -9.990e-29
*END*
[from data line 2001]
     19.921     -0.027     0.0598      0.542    232.332 164.782233     3.9577 1.1618e-01    47.6409     19.536     28.334    10.4468 0.0000e+00
     19.912     -0.023     0.0592      0.533    232.429 164.876469     3.0710 1.1616e-01    31.7032     19.526     28.321    10.4486 0.0000e+00
     19.906     -0.020     0.0595      0.508    232.449 164.895723     2.5881 1.1615e-01    23.0295     19.520     28.312    10.4492 0.0000e+00
     19.903     -0.017     0.0582      0.491    232.532 164.946694     2.5236 1.1615e-01    22.0766     19.518     28.307    10.4519 0.0000e+00
     19.900     -0.014     0.0622      0.505    232.740 165.082670     2.3426 1.1610e-01    20.2861     19.515     28.305    10.4609 0.0000e+00
     19.898     -0.011     0.0599      0.530    232.882 165.172882     2.0209 1.1610e-01    17.2071     19.513     28.301    10.4675 0.0000e+00
     19.895     -0.009     0.0567      0.535    232.954 165.217289     1.8416 1.1610e-01    15.5759     19.510     28.297    10.4677 0.0000e+00
     19.892     -0.007     0.0530      0.535    232.944 165.209512     1.8219 1.1608e-01    15.6021     19.507     28.293    10.4652 0.0000e+00
     19.890     -0.004     0.0554      0.537    232.954 165.215547     1.8093 1.1613e-01    17.1808     19.505     28.289    10.4624 0.0000e+00
     19.889     -0.001     0.0612      0.549    233.069 165.290254     1.7844 1.1615e-01    20.1065     19.504     28.289    10.4600 0.0000e+00
     19.889      0.003     0.0589      0.569    233.184 165.360979     1.7638 1.1606e-01    21.7241     19.505     28.289    10.4580 0.0000e+00
     19.889      0.004     0.0605      0.581    233.238 165.387204     1.7675 1.1601e-01    21.9076     19.504     28.288    10.4587 0.0000e+00
     19.892      0.004     0.0591      0.587    233.269 165.402297     1.8465 1.1606e-01    22.2234     19.506     28.290    10.4592 0.0000e+00
     19.897      0.004     0.0607      0.590    233.275 165.406759     1.9821 1.1615e-01    22.7954     19.513     28.301    10.4571 0.0000e+00
     19.900      0.004     0.0643      0.594    233.326 165.441160     2.0550 1.1620e-01    23.1245     19.518     28.309    10.4548 0.0000e+00
     19.897      0.004     0.0648      0.604    233.494 165.544850     2.0602 1.1615e-01    23.2498     19.512     28.300    10.4517 0.0000e+00
     19.893      0.000     0.0656      0.612    233.559 165.566895     2.0190 1.1608e-01    24.5499     19.505     28.290    10.4498 0.0000e+00
     19.893     -0.010     0.0659      0.598    233.379 165.434293     1.9303 1.1611e-01    26.9655     19.507     28.292    10.4507 0.0000e+00
     19.898     -0.025     0.0660      0.574    232.774 165.035113     1.8720 1.1617e-01    28.2515     19.515     28.304    10.4515 0.0000e+00
     19.900     -0.046     0.0669      0.550    231.643 164.294408     1.8421 1.1612e-01    27.9105     19.520     28.312    10.4483 0.0000e+00
     19.890     -0.071     0.0701      0.525    230.626 163.654623     1.6125 1.1607e-01    23.0144     19.512     28.300    10.4401 0.0000e+00
     19.865     -0.098     0.0667      0.504    230.309 163.518779     1.1937 1.1611e-01    14.0982     19.486     28.262    10.4374 0.0000e+00
     19.828     -0.123     0.0640      0.489    230.119 163.472124     0.9667 1.1613e-01     9.2680     19.446     28.204    10.4450 0.0000e+00
     19.785     -0.141     0.0619      0.494    229.463 163.090584     0.9487 1.1611e-01     8.7993     19.401     28.139    10.4587 0.0000e+00
     19.745     -0.150     0.0577      0.514    229.058 162.869364     0.9316 1.1611e-01     8.3967     19.362     28.082    10.4778 0.0000e+00
     19.707     -0.151     0.0569      0.530    229.158 162.984320     0.9074 1.1612e-01     7.7648     19.328     28.032    10.4975 0.0000e+00
     19.668     -0.150     0.0529      0.538    229.015 162.908786     0.8989 1.1616e-01     7.4078     19.287     27.973    10.5166 0.0000e+00
     19.629     -0.150     0.0545      0.553    228.626 162.639486     0.8900 1.1618e-01     7.3406     19.247     27.915    10.5363 0.0000e+00
     19.594     -0.154     0.0573      0.569    228.395 162.461761     0.8687 1.1610e-01     7.2281     19.214     27.868    10.5517 0.0000e+00
     19.559     -0.159     0.0598      0.578    228.229 162.331674     0.8416 1.1603e-01     7.0084     19.184     27.824    10.5601 0.0000e+00
     19.519     -0.162     0.0592      0.590    227.974 162.159994     0.8214 1.1607e-01     6.8809     19.145     27.768    10.5658 0.0000e+00
     19.471     -0.163     0.0613      0.597    227.468 161.821055     0.8242 1.1614e-01     6.8890     19.094     27.694    10.5688 0.0000e+00
     19.423     -0.160     0.0646      0.605    226.917 161.445336     0.8497 1.1619e-01     7.1064     19.046     27.624    10.5632 0.0000e+00
     19.379     -0.154     0.0631      0.610    226.807 161.375593     0.8784 1.1623e-01     7.5526     19.004     27.562    10.5582 0.0000e+00
     19.341     -0.147     0.0671      0.611    226.810 161.387824     0.8941 1.1621e-01     7.8201     18.964     27.505    10.5619 0.0000e+00
     19.309     -0.139     0.0658      0.619    226.209 160.978247     0.8919 1.1616e-01     7.8338     18.934     27.462    10.5682 0.0000e+00
     19.281     -0.129     0.0675      0.642    225.441 160.454980     0.8689 1.1612e-01     7.7537     18.911     27.428    10.5718 0.0000e+00
     19.250     -0.116     0.0681      0.663    224.939 160.117571     0.8413 1.1611e-01     7.6409     18.880     27.384    10.5725 0.0000e+00
     19.212     -0.098     0.0675      0.633    223.563 159.153557     0.8266 1.1612e-01     7.6029     18.839     27.324    10.5745 0.0000e+00
     19.178     -0.076     0.0688      0.576    220.963 157.339848     0.8218 1.1608e-01     7.6029     18.800     27.267    10.5787 0.0000e+00
     19.160     -0.051     0.0699      0.545    218.140 155.405346     0.8262 1.1606e-01     7.4693     18.784     27.244    10.5846 0.0000e+00
     19.156     -0.028     0.0775      0.528    215.837 153.867661     0.8280 1.1607e-01     7.2235     18.785     27.245    10.5902 0.0000e+00
     19.161     -0.010     0.0717      0.508    214.214 152.820086     0.8265 1.1607e-01     7.1036     18.790     27.251    10.5902 0.0000e+00
     19.170      0.001     0.0619      0.490    213.163 152.165661     0.8330 1.1612e-01     7.1181     18.800     27.266    10.5967 0.0000e+00
     19.175      0.003     0.0603      0.485    212.305 151.624388     0.8207 1.1617e-01     7.1923     18.808     27.279    10.6160 0.0000e+00
     19.173     -0.002     0.0591      0.501    211.540 151.125025     0.7815 1.1616e-01     7.2795     18.804     27.273    10.6417 0.0000e+00
     19.167     -0.017     0.0561      0.535    211.093 150.840644     0.7578 1.1610e-01     7.3148     18.794     27.258    10.6688 0.0000e+00
     19.164     -0.038     0.0538      0.545    210.568 150.508184     0.7597 1.1606e-01     7.3447     18.793     27.255    10.6920 0.0000e+00
     19.163     -0.060     0.0533      0.526    210.503 150.520179     0.7608 1.1606e-01     7.4001     18.798     27.264    10.7087 0.0000e+00
     19.150     -0.081     0.0537      0.508    211.377 151.190602     0.7630 1.1611e-01     7.4352     18.788     27.250    10.7187 0.0000e+00
     19.118     -0.101     0.0613      0.492    211.811 151.511237     0.7688 1.1615e-01     7.3920     18.752     27.197    10.7254 0.0000e+00
     19.078     -0.118     0.0619      0.475    210.974 150.913760     0.7618 1.1613e-01     7.3243     18.707     27.133    10.7331 0.0000e+00
     19.042     -0.130     0.0577      0.474    209.715 150.045101     0.7564 1.1611e-01     7.1660     18.673     27.083    10.7514 0.0000e+00
     19.008     -0.138     0.0562      0.496    207.008 148.179651     0.7645 1.1612e-01     6.8849     18.641     27.036    10.7648 0.0000e+00
     18.977     -0.144     0.0550      0.528    202.132 144.815658     0.7648 1.1615e-01     6.7062     18.608     26.989    10.7643 0.0000e+00
     18.946     -0.151     0.0519      0.561    199.677 143.239493     0.7509 1.1615e-01     6.6188     18.581     26.950    10.7593 0.0000e+00
     18.910     -0.160     0.0513      0.594    200.846 144.213007     0.7172 1.1613e-01     6.3442     18.548     26.903    10.7679 0.0000e+00
     18.863     -0.168     0.0546      0.612    200.906 144.297170     0.6700 1.1611e-01     5.9263     18.499     26.831    10.7854 0.0000e+00
     18.812     -0.174     0.0585      0.599    198.046 142.277484     0.6477 1.1611e-01     5.7198     18.446     26.755    10.8100 0.0000e+00
     18.764     -0.176     0.0620      0.571    194.938 140.137646     0.6474 1.1610e-01     5.7018     18.401     26.687    10.8716 0.0000e+00
     18.718     -0.174     0.0658      0.541    193.248 139.041455     0.6488 1.1612e-01     5.6405     18.356     26.622    10.9111 0.0000e+00
     18.676     -0.171     0.0696      0.518    188.936 136.055005     0.6473 1.1616e-01     5.5270     18.312     26.560    10.9077 0.0000e+00
     18.637     -0.169     0.0664      0.513    182.207 131.394439     0.6391 1.1615e-01     5.4630     18.275     26.505    10.9104 0.0000e+00
     18.598     -0.168     0.0630      0.522    179.716 129.846343     0.6366 1.1608e-01     5.4845     18.241     26.456    10.9380 0.0000e+00
     18.553     -0.166     0.0596      0.532    181.154 131.055022     0.6424 1.1605e-01     5.7189     18.196     26.391    10.9774 0.0000e+00
     18.505     -0.160     0.0561      0.542    181.953 131.680397     0.6478 1.1606e-01     6.1336     18.144     26.316    10.9947 0.0000e+00
     18.461     -0.149     0.0557      0.537    181.760 131.539907     0.6409 1.1611e-01     6.3787     18.102     26.255    11.0425 0.0000e+00
     18.421     -0.129     0.0580      0.523    181.856 131.608069     0.6294 1.1616e-01     6.4851     18.065     26.201    11.1349 0.0000e+00
     18.385     -0.103     0.0580      0.543    183.488 132.777515     0.6304 1.1615e-01     7.1792     18.025     26.144    11.1846 0.0000e+00
     18.359     -0.075     0.0601      0.579    186.032 134.556027     0.6345 1.1613e-01     8.4552     17.999     26.105    11.1846 0.0000e+00
     18.349     -0.050     0.0606      0.585    186.820 135.028024     0.6359 1.1615e-01     9.1748     17.992     26.095    11.1817 0.0000e+00
     18.347     -0.029     0.0547      0.578    187.185 135.209493     0.6305 1.1616e-01     9.2873     17.992     26.095    11.1814 0.0000e+00
     18.348     -0.013     0.0584      0.587    186.569 134.702658     0.6296 1.1608e-01     9.5406     17.993     26.096    11.1853 0.0000e+00
     18.348     -0.002     0.0661      0.602    180.686 130.468572     0.6420 1.1601e-01     9.9372     17.993     26.097    11.1685 0.0000e+00
     18.347      0.005     0.0646      0.605    174.214 125.976592     0.6421 1.1598e-01    10.1348     17.994     26.097    11.1296 0.0000e+00
     18.346      0.007     0.0625      0.587    172.997 125.352148     0.6304 1.1594e-01    10.1793     17.990     26.092    11.1143 0.0000e+00
     18.347      0.007     0.0644      0.544    173.178 125.649844     0.6225 1.1595e-01    10.1999     17.989     26.091    11.0948 0.0000e+00
     18.354      0.004     0.0668      0.504    174.656 126.780111     0.6246 1.1605e-01    10.1439     17.998     26.102    11.0763 0.0000e+00
     18.362      0.000     0.0672      0.497    178.693 129.670568     0.6300 1.1617e-01    10.0509     18.011     26.122    11.1444 0.0000e+00
     18.363     -0.006     0.0657      0.503    179.415 130.102393     0.6273 1.1615e-01     9.9688     18.012     26.124    11.2425 0.0000e+00
     18.354     -0.020     0.0598      0.516    175.972 127.567648     0.6267 1.1603e-01     9.9751     17.998     26.104    11.2839 0.0000e+00
     18.346     -0.043     0.0526      0.541    173.494 125.835191     0.6312 1.1599e-01    10.1618     17.989     26.090    11.3020 0.0000e+00
     18.342     -0.068     0.0547      0.547    174.075 126.347296     0.6380 1.1604e-01    10.3725     17.991     26.093    11.2892 0.0000e+00
     18.331     -0.092     0.0552      0.532    175.506 127.415441     0.6478 1.1614e-01    10.4276     17.986     26.086    11.2465 0.0000e+00
     18.301     -0.114     0.0553      0.528    176.391 128.040013     0.6549 1.1627e-01    10.4511     17.954     26.039    11.2299 0.0000e+00
     18.256     -0.137     0.0604      0.542    175.460 127.349551     0.6802 1.1627e-01    10.7594     17.903     25.966    11.2592 0.0000e+00
     18.211     -0.160     0.0615      0.554    170.655 123.909491     0.7277 1.1618e-01    11.3400     17.855     25.897    11.2992 0.0000e+00
     18.172     -0.175     0.0573      0.563    165.899 120.620221     0.7532 1.1613e-01    11.6685     17.820     25.846    11.3013 0.0000e+00
     18.132     -0.182     0.0565      0.552    164.636 119.910128     0.7546 1.1611e-01    11.6750     17.788     25.799    11.2906 0.0000e+00
     18.081     -0.184     0.0604      0.541    164.974 120.303022     0.7442 1.1611e-01    11.5221     17.736     25.723    11.2845 0.0000e+00
     18.025     -0.186     0.0596      0.570    164.155 119.778699     0.7221 1.1618e-01    11.2615     17.672     25.632    11.2826 0.0000e+00
     17.976     -0.183     0.0631      0.627    162.009 118.275123     0.7043 1.1623e-01    11.1677     17.625     25.563    11.3468 0.0000e+00
     17.933     -0.173     0.0609      0.701    161.517 118.012214     0.6946 1.1620e-01    11.2123     17.588     25.511    11.4242 0.0000e+00
     17.886     -0.153     0.0563      0.821    159.842 116.873647     0.6830 1.1618e-01    11.3201     17.541     25.441    11.4668 0.0000e+00
     17.841     -0.127     0.0614      1.011    153.290 112.212214     0.6587 1.1613e-01    11.5091     17.491     25.368    11.4838 0.0000e+00
     17.809     -0.097     0.0682      1.247    146.883 107.804693     0.6352 1.1613e-01    11.6099     17.459     25.322    11.4886 0.0000e+00
     17.790     -0.061     0.0747      1.505    147.760 108.777400     0.6415 1.1617e-01    11.6814     17.444     25.302    11.5366 0.0000e+00
     17.779     -0.024     0.0859      1.793    153.456 113.065268     0.7001 1.1613e-01    12.3734     17.434     25.287    11.5555 0.0000e+00
     17.776      0.005     0.1083      2.200    156.026 114.796994     0.7809 1.1612e-01    13.5895     17.426     25.274    11.5729 0.0000e+00
     17.789      0.022     0.1347      2.898    155.610 114.311983     0.8199 1.1612e-01    14.1979     17.440     25.294    11.6853 0.0000e+00
     17.812      0.027     0.1622      3.969    154.383 113.336977     0.8256 1.1606e-01    14.2014     17.470     25.339    11.8409 0.0000e+00
     17.829      0.022     0.1906      5.215    152.733 112.143371     0.8235 1.1607e-01    13.9415     17.490     25.369    11.8786 0.0000e+00
     17.833      0.010     0.2271      6.308    151.903 111.605769     0.8195 1.1616e-01    13.4243     17.492     25.371    11.7757 0.0000e+00
     17.828     -0.006     0.2962      7.047    151.166 111.131732     0.8301 1.1621e-01    13.1321     17.483     25.357    11.7133 0.0000e+00
     17.818     -0.019     0.4227      7.375    149.759 110.160980     0.8388 1.1616e-01    13.1204     17.474     25.344    11.6950 0.0000e+00
     17.808     -0.023     0.5738      7.350    149.193 109.820406     0.8297 1.1608e-01    13.1456     17.464     25.330    11.6997 0.0000e+00
     17.797     -0.020     0.6978      7.069    149.851 110.353843     0.8243 1.1603e-01    13.1966     17.451     25.312    11.7375 0.0000e+00
     17.789     -0.017     0.7800      6.623    149.545 110.135363     0.8257 1.1606e-01    13.2565     17.441     25.297    11.7565 0.0000e+00
     17.790     -0.021     0.8123      6.177    147.815 108.882964     0.8196 1.1611e-01    13.2858     17.442     25.298    11.7713 0.0000e+00
     17.797     -0.031     0.8042      5.947    146.368 107.888932     0.8458 1.1613e-01    13.3457     17.455     25.316    11.8064 0.0000e+00
