Data/DataNotYetUploadedToEDI/Raw_CTD/RawDownloads/081424_ccr90_S8188003.cnv
* Sea-Bird SBE19plus  Data File:
* FileName = C:\R\Reservoirs\Data\DataNotYetUploadedToEDI\Raw_CTD\RawDownloads\081424_ccr50_S8188_0003.hex
* Software version 2.8.0.119
* Temperature SN = 8188
* Conductivity SN = 8188
* System UpLoad Time = Aug 16 2024 10:37:10
* <ApplicationData>
* <Seaterm232>
# nquan = 16
# nvalues = 961                         
# units = specified
# name 0 = depFM: Depth [fresh water, m]
# name 1 = dz/dtM: Descent Rate [m/s]
# name 2 = sbeox0Mg/L: Oxygen, SBE 43 [mg/l]
# name 3 = sbeox0PS: Oxygen, SBE 43 [% saturation]
# name 4 = specc: Specific Conductance [uS/cm]
# name 5 = c0uS/cm: Conductivity [uS/cm]
# name 6 = wetCDOM: Fluorescence, WET Labs CDOM [mg/m^3]
# name 7 = flECO-AFL: Fluorescence, WET Labs ECO-AFL/FL [mg/m^3]
# name 8 = flECO-AFL1: Fluorescence, WET Labs ECO-AFL/FL, 2 [mg/m^3]
# name 9 = flECO-AFL2: Fluorescence, WET Labs ECO-AFL/FL, 3 [mg/m^3]
# name 10 = par/sat/log: PAR/Logarithmic, Satlantic
# name 11 = turbWETntu0: Turbidity, WET Labs ECO [NTU]
# name 12 = prdM: Pressure, Strain Gauge [db]
# name 13 = prdE: Pressure, Strain Gauge [psi]
# name 14 = tv290C: Temperature [ITS-90, deg C]
# name 15 = flag:  0.000e+00
# span 0 =     -0.421,      3.861       
# span 1 =     -0.217,      0.132       
# span 2 =     4.2738,     9.1020       
# span 3 =     53.136,    114.024       
# span 4 =   -448.625,    116.630       
# span 5 =-464.495410, 121.050845       
# span 6 =    -4.5000,    13.5900       
# span 7 =    -1.2077,   245.1568       
# span 8 =    -3.0246,     4.7286       
# span 9 =   -14.5089,    11.5479       
# span 10 = 1.2867e+02, 3.4595e+03      
# span 11 =    -6.9866,    25.0088      
# span 12 =     -0.413,      3.786      
# span 13 =     -0.599,      5.492      
# span 14 =    24.9075,    26.8931      
# span 15 = 0.0000e+00, 0.0000e+00      
# interval = seconds: 0.25
# start_time = Aug 14 2024 10:26:35 [Instrument's time stamp, header]
# bad_flag = -9.990e-29
*END*
[from data line 814]
      2.056     -0.017     7.7460     96.885    114.698 118.808177    12.8700     0.6348     0.1278     0.1692 3.8126e+02     3.1649      2.016      2.924    26.7792 0.0000e+00
      2.052     -0.017     7.7492     96.905    113.625 117.700482    12.8700     0.6386     0.1278     0.1692 4.7971e+02     3.2405      2.012      2.919    26.7807 0.0000e+00
      2.048     -0.019     7.7498     96.960    111.827 115.841516    12.8700     0.6348     0.1278     0.1692 3.8434e+02     3.1498      2.008      2.913    26.7823 0.0000e+00
      2.044     -0.021     7.7484     97.039    108.829 112.739557    12.7800     0.6348     0.0426     0.3384 3.5480e+02     3.2405      2.004      2.907    26.7840 0.0000e+00
      2.038     -0.025     7.7473     97.126    103.817 107.551413    12.7800     0.6272     0.0426     0.3384 4.2539e+02     3.2103      1.999      2.899    26.7856 0.0000e+00
      2.032     -0.031     7.7487     97.217     95.424  98.859573    12.7800     0.6691     0.0426     0.3384 3.6323e+02     3.2103      1.993      2.890    26.7870 0.0000e+00
      2.024     -0.039     7.7529     97.302     81.398  84.332212    12.7800     0.6500     0.0426     0.3384 3.8526e+02     3.2556      1.985      2.879    26.7884 0.0000e+00
      2.014     -0.050     7.7590     97.355     58.016  60.109368    12.7800     0.6195     0.0852     0.2115 4.1815e+02     2.4701      1.975      2.865    26.7900 0.0000e+00
      2.002     -0.062     7.7657     97.362     19.041  19.729618    12.7800     0.6539     0.0852     0.2115 3.9458e+02     2.4852      1.963      2.847    26.7917 0.0000e+00
      1.985     -0.076     7.7728     97.335    -45.933 -47.582975    12.7800     0.6310     0.0852     0.2115 3.6529e+02     2.5607      1.947      2.824    26.7933 0.0000e+00
      1.964     -0.090     7.7795     97.291   -154.229-159.774434    12.7800     0.6424     0.0852     0.2115 4.5041e+02     2.5305      1.926      2.794    26.7941 0.0000e+00
      1.938     -0.103     7.7839     97.221   -334.742-346.776485    12.7800     0.5852     0.0852     0.2115 4.2650e+02     2.7873      1.901      2.757    26.7936 0.0000e+00
      1.908     -0.115     7.7847     97.121   -447.593-463.683492    12.6900     0.5585     0.0426     0.2115 3.8019e+02     2.6966      1.871      2.714    26.7919 0.0000e+00
      1.875     -0.124     7.7829     97.017   -334.822-346.861799    12.6900     0.5699     0.0426     0.2115 4.2125e+02     2.7873      1.839      2.668    26.7897 0.0000e+00
      1.842     -0.130     7.7797     96.938   -154.345-159.899800    12.6900     0.5356     0.0426     0.2115 4.9949e+02     2.8024      1.806      2.620    26.7876 0.0000e+00
      1.807     -0.133     7.7745     96.892    -46.053 -47.715812    12.6900     0.5585     0.0426     0.2115 4.2401e+02     2.0169      1.772      2.570    26.7860 0.0000e+00
      1.772     -0.131     7.7667     96.864     18.920  19.593894    12.7800     0.5623     0.0426     0.2538 5.1582e+02     2.1075      1.738      2.520    26.7852 0.0000e+00
      1.737     -0.126     7.7583     96.833     57.903  59.982574    12.7800     0.5890     0.0426     0.2538 4.8222e+02     2.0924      1.703      2.471    26.7851 0.0000e+00
      1.703     -0.117     7.7518     96.807     81.282  84.208539    12.7800     0.5814     0.0426     0.2538 5.0026e+02     2.1075      1.670      2.422    26.7854 0.0000e+00
      1.672     -0.103     7.7479     96.809     95.300  98.740050    12.7800     0.5776     0.0426     0.2538 5.3967e+02     2.0471      1.640      2.378    26.7862 0.0000e+00
      1.646     -0.087     7.7454     96.845    103.715 107.468178    12.7800     0.5623     0.0426     0.3384 4.7236e+02     1.8658      1.614      2.341    26.7876 0.0000e+00
      1.626     -0.071     7.7427     96.911    108.752 112.696421    12.7800     0.5814     0.0426     0.3384 5.4901e+02     1.9262      1.595      2.313    26.7897 0.0000e+00
      1.613     -0.055     7.7401     97.018    111.766 115.826979    12.7800     0.5699     0.0426     0.3384 4.8579e+02     1.8960      1.581      2.294    26.7928 0.0000e+00
      1.603     -0.042     7.7397     97.180    113.583 117.714673    12.7800     0.5852     0.0426     0.3384 5.2010e+02     2.0018      1.572      2.280    26.7969 0.0000e+00
      1.596     -0.032     7.7419     97.386    114.677 118.850884    12.7800     0.5585     0.0426     0.3384 5.3164e+02     1.8507      1.565      2.270    26.8016 0.0000e+00
      1.590     -0.026     7.7465     97.600    115.340 119.538604    12.6900     0.5776     0.0852     0.1269 4.3530e+02     1.8658      1.559      2.261    26.8060 0.0000e+00
      1.585     -0.022     7.7546     97.784    115.755 119.969226    12.6900     0.5509     0.0852     0.1269 4.4992e+02     1.8507      1.554      2.254    26.8095 0.0000e+00
      1.580     -0.020     7.7672     97.905    116.022 120.245579    12.6900     0.5776     0.0852     0.1269 5.5188e+02     1.3522      1.549      2.247    26.8119 0.0000e+00
      1.576     -0.019     7.7835     97.941    116.203 120.433357    12.6900     0.5699     0.0852     0.1269 4.2006e+02     1.5032      1.545      2.241    26.8132 0.0000e+00
      1.571     -0.019     7.8005     97.898    116.333 120.568630    12.7800     0.5661     0.0426     0.1692 4.9733e+02     1.3371      1.540      2.234    26.8137 0.0000e+00
      1.566     -0.020     7.8152     97.807    116.409 120.647465    12.7800     0.5509     0.0426     0.1692 4.8033e+02     1.3975      1.535      2.227    26.8137 0.0000e+00
      1.561     -0.020     7.8249     97.699    116.430 120.668881    12.7800     0.5852     0.0426     0.1692 5.3967e+02     1.2615      1.530      2.220    26.8137 0.0000e+00
      1.556     -0.022     7.8278     97.603    116.427 120.664592    12.7800     0.5699     0.0426     0.1692 4.7742e+02     1.3220      1.525      2.213    26.8138 0.0000e+00
      1.550     -0.023     7.8243     97.536    116.427 120.663460    12.7800     0.5699     0.0426     0.3384 5.4308e+02     1.3673      1.520      2.205    26.8140 0.0000e+00
      1.545     -0.026     7.8170     97.486    116.419 120.653182    12.7800     0.5738     0.0426     0.3384 5.4485e+02     1.2918      1.515      2.197    26.8140 0.0000e+00
      1.538     -0.030     7.8084     97.426    116.390 120.621015    12.7800     0.5852     0.0426     0.3384 4.2089e+02     1.3522      1.508      2.188    26.8139 0.0000e+00
      1.531     -0.036     7.8008     97.331    116.346 120.572384    12.7800     0.5776     0.0426     0.3384 5.0211e+02     1.5335      1.501      2.178    26.8137 0.0000e+00
      1.522     -0.046     7.7954     97.199    116.303 120.526324    12.6900     0.5509     0.1278     0.3384 4.4739e+02     1.5788      1.493      2.165    26.8132 0.0000e+00
      1.511     -0.058     7.7916     97.059    116.296 120.518563    12.6900     0.5852     0.1278     0.3384 4.4787e+02     1.6543      1.482      2.150    26.8123 0.0000e+00
      1.497     -0.074     7.7870     96.959    116.328 120.551030    12.6900     0.5547     0.1278     0.3384 4.6594e+02     1.6241      1.468      2.129    26.8112 0.0000e+00
      1.477     -0.091     7.7796     96.938    116.360 120.584376    12.6900     0.5776     0.1278     0.3384 4.3521e+02     1.3371      1.449      2.102    26.8102 0.0000e+00
      1.452     -0.109     7.7691     97.007    116.379 120.603489    12.6900     0.5432     0.1278     0.3384 6.0331e+02     1.2464      1.424      2.065    26.8095 0.0000e+00
      1.420     -0.125     7.7579     97.149    116.385 120.609466    12.6900     0.5623     0.0426     0.3384 4.7732e+02     1.3371      1.393      2.020    26.8091 0.0000e+00
      1.383     -0.138     7.7500     97.322    116.386 120.611902    12.6900     0.5661     0.0426     0.3384 4.3682e+02     1.3371      1.356      1.967    26.8088 0.0000e+00
      1.344     -0.146     7.7484     97.486    116.395 120.623448    12.6900     0.5203     0.0426     0.3384 7.2649e+02     1.3220      1.318      1.911    26.8086 0.0000e+00
      1.303     -0.150     7.7539     97.611    116.397 120.627181    12.6900     0.5661     0.0426     0.3384 4.1924e+02     1.3673      1.278      1.854    26.8085 0.0000e+00
      1.263     -0.148     7.7652     97.689    116.395 120.628097    12.6000     0.5356     0.0426     0.3384 4.5425e+02     1.3522      1.239      1.797    26.8086 0.0000e+00
      1.224     -0.141     7.7790     97.735    116.406 120.642444    12.6000     0.5356     0.0426     0.3384 6.5724e+02     1.3673      1.200      1.741    26.8091 0.0000e+00
      1.187     -0.130     7.7920     97.768    116.412 120.654043    12.6000     0.4479     0.0426     0.3384 5.6401e+02     1.0954      1.164      1.688    26.8098 0.0000e+00
      1.153     -0.115     7.8018     97.801    116.410 120.657986    12.6000     0.4822     0.0426     0.3384 8.0794e+02     1.0349      1.131      1.640    26.8107 0.0000e+00
      1.125     -0.098     7.8079     97.837    116.399 120.653326    12.5100     0.4517     0.0426     0.1692 6.8718e+02     1.0652      1.103      1.600    26.8118 0.0000e+00
      1.103     -0.080     7.8114     97.872    116.368 120.624817    12.5100     0.4440     0.0426     0.1692 7.7156e+02     1.1256      1.082      1.569    26.8134 0.0000e+00
      1.086     -0.063     7.8137     97.904    116.321 120.578859    12.5100     0.4593     0.0426     0.1692 7.6805e+02     0.9292      1.066      1.545    26.8156 0.0000e+00
      1.074     -0.047     7.8160     97.933    116.284 120.541205    12.5100     0.4593     0.0426     0.1692 7.5958e+02     0.8235      1.054      1.528    26.8184 0.0000e+00
      1.066     -0.034     7.8185     97.952    116.270 120.525817    12.5100     0.4517     0.0426     0.1692 5.4131e+02     0.9443      1.045      1.516    26.8209 0.0000e+00
      1.059     -0.024     7.8210     97.957    116.267 120.520591    12.4200     0.4593     0.0000     0.2115 7.9608e+02     0.9443      1.039      1.507    26.8226 0.0000e+00
      1.055     -0.017     7.8234     97.947    116.280 120.532133    12.4200     0.4135     0.0000     0.2115 5.0881e+02     0.8839      1.035      1.501    26.8235 0.0000e+00
      1.052     -0.011     7.8257     97.916    116.315 120.567522    12.4200     0.3754     0.0000     0.2115 9.3679e+02     0.8537      1.032      1.497    26.8238 0.0000e+00
      1.051     -0.008     7.8273     97.857    116.339 120.592186    12.4200     0.4288     0.0000     0.2115 4.6332e+02     0.8688      1.031      1.495    26.8236 0.0000e+00
      1.050     -0.005     7.8278     97.770    116.354 120.608704    12.6000     0.3868     0.0426     0.2961 9.1765e+02     0.8990      1.030      1.494    26.8229 0.0000e+00
      1.050     -0.003     7.8271     97.666    116.385 120.641483    12.6000     0.4173     0.0426     0.2961 8.0251e+02     0.8990      1.030      1.493    26.8220 0.0000e+00
      1.049     -0.002     7.8247     97.558    116.413 120.671259    12.6000     0.4021     0.0426     0.2961 8.5045e+02     0.8083      1.029      1.492    26.8215 0.0000e+00
      1.048     -0.002     7.8200     97.454    116.426 120.685970    12.6000     0.4212     0.0426     0.2961 5.4414e+02     0.8537      1.028      1.491    26.8214 0.0000e+00
      1.048     -0.002     7.8130     97.363    116.427 120.689537    12.6000     0.3945     0.0426     0.3384 8.1093e+02     0.8990      1.028      1.491    26.8216 0.0000e+00
      1.048     -0.002     7.8047     97.299    116.417 120.682913    12.6000     0.4021     0.0426     0.3384 5.1236e+02     0.5515      1.028      1.490    26.8220 0.0000e+00
      1.048     -0.003     7.7960     97.277    116.400 120.672333    12.6000     0.4021     0.0426     0.3384 6.9544e+02     0.5969      1.028      1.490    26.8224 0.0000e+00
      1.047     -0.005     7.7877     97.311    116.381 120.658975    12.6000     0.3906     0.0426     0.3384 5.1080e+02     0.6573      1.027      1.490    26.8229 0.0000e+00
      1.046     -0.007     7.7802     97.410    116.369 120.651282    12.3300     0.3868     0.0852     0.2961 7.4180e+02     0.6573      1.026      1.488    26.8238 0.0000e+00
      1.044     -0.010     7.7748     97.570    116.371 120.655204    12.3300     0.4250     0.0852     0.2961 1.0188e+03     0.7026      1.024      1.486    26.8256 0.0000e+00
      1.041     -0.013     7.7727     97.763    116.379 120.663784    12.3300     0.4135     0.0852     0.2961 6.2371e+02     0.6875      1.022      1.481    26.8285 0.0000e+00
      1.038     -0.015     7.7750     97.936    116.386 120.671310    12.3300     0.4135     0.0852     0.2961 6.7007e+02     0.6724      1.018      1.476    26.8315 0.0000e+00
      1.033     -0.018     7.7826     98.048    116.386 120.671786    12.3300     0.3945     0.0852     0.2961 8.4492e+02     0.6422      1.013      1.469    26.8334 0.0000e+00
      1.028     -0.021     7.7953     98.104    116.375 120.661340    12.4200     0.3639     0.0426     0.2538 6.1871e+02     0.6422      1.008      1.462    26.8343 0.0000e+00
      1.023     -0.024     7.8107     98.128    116.365 120.653188    12.4200     0.3411     0.0426     0.2538 7.5383e+02     0.6271      1.003      1.454    26.8346 0.0000e+00
      1.016     -0.028     7.8245     98.131    116.365 120.657157    12.4200     0.3639     0.0426     0.2538 6.6298e+02     0.6875      0.997      1.445    26.8348 0.0000e+00
      1.009     -0.033     7.8334     98.120    116.361 120.658305    12.4200     0.3601     0.0426     0.2538 8.2910e+02     0.6120      0.990      1.435    26.8350 0.0000e+00
      1.001     -0.041     7.8378     98.101    116.367 120.668940    12.5100     0.3296     0.0852     0.2115 7.9332e+02     0.6120      0.982      1.424    26.8353 0.0000e+00
      0.992     -0.051     7.8396     98.092    116.395 120.697900    12.5100     0.3334     0.0852     0.2115 6.2060e+02     0.7026      0.972      1.411    26.8361 0.0000e+00
      0.979     -0.061     7.8396     98.112    116.419 120.718901    12.5100     0.3372     0.0852     0.2115 6.7519e+02     0.6422      0.960      1.392    26.8377 0.0000e+00
      0.962     -0.071     7.8384     98.161    116.443 120.739544    12.5100     0.3449     0.0852     0.2115 8.1783e+02     0.6422      0.943      1.368    26.8401 0.0000e+00
      0.940     -0.080     7.8366     98.218    116.472 120.765333    12.6900     0.3411     0.1278     0.2115 7.6688e+02     0.6724      0.922      1.338    26.8418 0.0000e+00
      0.916     -0.085     7.8359     98.261    116.482 120.773140    12.6900     0.3563     0.1278     0.2115 8.5955e+02     0.5969      0.898      1.303    26.8418 0.0000e+00
      0.891     -0.085     7.8377     98.271    116.473 120.763046    12.6900     0.3449     0.1278     0.2115 4.7940e+02     0.7177      0.873      1.267    26.8405 0.0000e+00
      0.867     -0.080     7.8419     98.242    116.460 120.750362    12.6900     0.3525     0.1278     0.2115 8.7045e+02     0.6120      0.850      1.233    26.8386 0.0000e+00
      0.845     -0.072     7.8467     98.178    116.452 120.743708    12.6900     0.3372     0.1278     0.2115 1.1586e+03     0.7177      0.829      1.203    26.8368 0.0000e+00
      0.828     -0.062     7.8502     98.092    116.450 120.745312    12.4200     0.3334     0.0426     0.2538 1.3807e+03     0.6422      0.812      1.178    26.8357 0.0000e+00
      0.814     -0.051     7.8511     98.013    116.453 120.751599    12.4200     0.3563     0.0426     0.2538 1.4271e+03     0.6422      0.799      1.159    26.8352 0.0000e+00
      0.804     -0.041     7.8488     97.969    116.447 120.750244    12.4200     0.3449     0.0426     0.2538 7.9574e+02     0.6422      0.788      1.144    26.8355 0.0000e+00
      0.796     -0.033     7.8436     97.977    116.435 120.742886    12.4200     0.3563     0.0426     0.2538 9.3354e+02     0.7026      0.780      1.132    26.8363 0.0000e+00
