Data/DataNotYetUploadedToEDI/Raw_CTD/RawDownloads/081423_fcr50_S7809002.cnv
* Sea-Bird SBE19plus  Data File:
* FileName = C:\R\Reservoirs\Data\DataNotYetUploadedToEDI\Raw_CTD\RawDownloads\081423_fcr50_S7809_0002.hex
* Software version 2.8.0.119
* Temperature SN = 7809
* Conductivity SN = 7809
* System UpLoad Time = Aug 30 2023 10:54:04
* <ApplicationData>
* <Seaterm232>
# nquan = 15
# nvalues = 2501                        
# units = specified
# name 0 = depFM: Depth [fresh water, m]
# name 1 = dz/dtM: Descent Rate [m/s]
# name 2 = sbeox0Mg/L: Oxygen, SBE 43 [mg/l]
# name 3 = sbeox0PS: Oxygen, SBE 43 [% saturation]
# name 4 = specc: Specific Conductance [uS/cm]
# name 5 = c0uS/cm: Conductivity [uS/cm]
# name 6 = flECO-AFL: Fluorescence, WET Labs ECO-AFL/FL [mg/m^3]
# name 7 = ph: pH
# name 8 = orp: Oxidation Reduction Potential [mV]
# name 9 = par/sat/log: PAR/Logarithmic, Satlantic
# name 10 = turbWETntu0: Turbidity, WET Labs ECO [NTU]
# name 11 = prdM: Pressure, Strain Gauge [db]
# name 12 = prdE: Pressure, Strain Gauge [psi]
# name 13 = tv290C: Temperature [ITS-90, deg C]
# name 14 = flag:  0.000e+00
# span 0 =     -0.669,      9.527       
# span 1 =     -0.242,      4.666       
# span 2 =     0.8018,     9.3114       
# span 3 =      8.328,    105.655       
# span 4 =      0.454,     85.034       
# span 5 =   0.482127,  62.040036       
# span 6 =    -0.1347,    51.8721       
# span 7 =     -1.987,      9.013       
# span 8 = -1240.7455,   978.3167       
# span 9 = 1.2348e-01, 5.2148e+02       
# span 10 =     1.0874,   130.5627      
# span 11 =     -0.656,      9.344      
# span 12 =     -0.951,     13.553      
# span 13 =    11.4331,    28.0345      
# span 14 = 0.0000e+00, 0.0000e+00      
# interval = seconds: 0.25
# start_time = Aug 14 2023 14:10:29 [Instrument's time stamp, header]
# bad_flag = -9.990e-29
*END*
[from data line 964]
      4.754      0.011     8.5287     77.115     55.153  43.158494     1.6782      6.799   229.5117 1.2361e-01    13.3766      4.662      6.761    14.2799 0.0000e+00
      4.758      0.013     8.4332     75.345     55.284  43.247016     1.6749      6.797   229.3926 1.2364e-01    13.4597      4.667      6.768    14.2373 0.0000e+00
      4.761      0.017     8.2946     73.867     55.474  43.370979     1.6790      6.797   229.4379 1.2370e-01    13.6115      4.669      6.772    14.1767 0.0000e+00
      4.763      0.022     8.1236     72.795     55.445  43.324327     1.6865      6.796   229.9730 1.2372e-01    13.7772      4.670      6.774    14.1231 0.0000e+00
      4.767      0.027     7.9196     72.141     55.301  43.190722     1.6742      6.796   230.6134 1.2372e-01    13.8247      4.673      6.778    14.1248 0.0000e+00
      4.775      0.032     7.7334     71.846     55.289  43.151992     1.6720      6.796   231.0722 1.2369e-01    13.8427      4.680      6.788    14.1174 0.0000e+00
      4.787      0.036     7.5808     71.751     55.444  43.236855     1.6760      6.795   230.8744 1.2363e-01    13.8585      4.694      6.808    14.0859 0.0000e+00
      4.800      0.040     7.4766     71.750     55.605  43.328120     1.6814      6.793   230.2869 1.2359e-01    13.8459      4.708      6.828    14.0629 0.0000e+00
      4.810      0.044     7.4105     71.824     55.699  43.366775     1.7044      6.792   230.5081 1.2365e-01    13.8608      4.718      6.843    14.0517 0.0000e+00
      4.818      0.045     7.3926     71.845     55.674  43.323342     1.7119      6.791   231.2260 1.2371e-01    13.8670      4.725      6.853    14.0231 0.0000e+00
      4.828      0.044     7.3955     71.758     55.495  43.183787     1.7061      6.790   231.8246 1.2370e-01    13.8873      4.734      6.865    13.9845 0.0000e+00
      4.843      0.043     7.3932     71.726     55.445  43.139355     1.7259      6.789   231.8093 1.2369e-01    13.8324      4.749      6.888    13.9604 0.0000e+00
      4.858      0.042     7.4172     71.941     55.635  43.230433     1.7682      6.787   231.2137 1.2367e-01    13.6142      4.766      6.912    13.9235 0.0000e+00
      4.869      0.041     7.4266     72.335     55.745  43.205876     1.7922      6.786   231.1621 1.2362e-01    13.4343      4.774      6.926    13.8931 0.0000e+00
      4.876      0.038     7.4094     72.691     55.770  43.096204     1.7914      6.785   231.7875 1.2357e-01    13.3658      4.781      6.934    13.9024 0.0000e+00
      4.884      0.034     7.3908     72.931     55.935  43.110268     1.7920      6.784   232.4939 1.2357e-01    13.3671      4.790      6.947    13.9216 0.0000e+00
      4.892      0.031     7.4263     73.075     56.134  43.185367     1.7917      6.782   232.5628 1.2361e-01    13.4496      4.798      6.959    13.8689 0.0000e+00
      4.901      0.029     7.4984     73.060     56.188  43.178965     1.7874      6.781   232.1037 1.2369e-01    13.5086      4.806      6.971    13.7523 0.0000e+00
      4.908      0.029     7.5565     72.813     56.208  43.159749     1.7909      6.780   232.1054 1.2374e-01    13.4665      4.814      6.982    13.6311 0.0000e+00
      4.915      0.030     7.5975     72.424     56.301  43.206885     1.7915      6.779   232.6690 1.2372e-01    13.4528      4.820      6.991    13.5181 0.0000e+00
      4.920      0.031     7.6259     72.033     56.363  43.241065     1.7949      6.777   233.4130 1.2366e-01    13.5482      4.825      6.998    13.4532 0.0000e+00
      4.927      0.031     7.6372     71.716     56.308  43.192150     1.7982      6.775   233.8730 1.2362e-01    13.6297      4.831      7.007    13.4186 0.0000e+00
      4.937      0.031     7.6100     71.569     56.232  43.123251     1.7902      6.774   233.9285 1.2363e-01    13.6520      4.840      7.020    13.3867 0.0000e+00
      4.948      0.030     7.5669     71.675     56.310  43.169694     1.7983      6.773   234.0844 1.2361e-01    13.6461      4.853      7.039    13.3654 0.0000e+00
      4.958      0.028     7.5273     71.954     56.418  43.245877     1.8211      6.773   234.4673 1.2359e-01    13.6268      4.864      7.055    13.3535 0.0000e+00
      4.963      0.025     7.4906     72.197     56.255  43.155709     1.8412      6.772   234.7731 1.2364e-01    13.6588      4.868      7.060    13.3525 0.0000e+00
      4.966      0.021     7.4712     72.327     55.943  43.031632     1.8502      6.772   235.0281 1.2366e-01    13.6908      4.869      7.062    13.3418 0.0000e+00
      4.970      0.020     7.4882     72.509     55.813  43.078779     1.8381      6.772   235.3136 1.2367e-01    13.6377      4.874      7.069    13.3288 0.0000e+00
      4.975      0.021     7.5298     72.860     55.807  43.154669     1.8032      6.771   235.3850 1.2368e-01    13.5976      4.880      7.078    13.3145 0.0000e+00
      4.980      0.025     7.5599     73.217     55.787  43.124142     1.7526      6.770   235.5473 1.2365e-01    13.6157      4.883      7.082    13.3189 0.0000e+00
      4.985      0.030     7.5429     73.370     55.826  43.090493     1.7255      6.769   236.0709 1.2359e-01    13.6518      4.888      7.089    13.4409 0.0000e+00
      4.993      0.035     7.5243     73.275     55.956  43.128595     1.7257      6.767   236.6396 1.2357e-01    13.6932      4.895      7.101    13.6179 0.0000e+00
      5.004      0.039     7.5576     72.967     56.104  43.203909     1.7134      6.765   237.0034 1.2359e-01    13.7052      4.906      7.116    13.6970 0.0000e+00
      5.018      0.042     7.6106     72.452     56.163  43.239375     1.6847      6.764   237.1147 1.2361e-01    13.6606      4.921      7.137    13.6626 0.0000e+00
      5.031      0.043     7.6390     71.707     56.057  43.176548     1.6611      6.764   237.2112 1.2362e-01    13.5983      4.934      7.157    13.5861 0.0000e+00
      5.041      0.042     7.6368     70.780     55.818  43.015564     1.6617      6.764   237.3088 1.2362e-01    13.6353      4.943      7.168    13.5269 0.0000e+00
      5.051      0.040     7.6107     69.919     55.742  42.943296     1.7006      6.763   237.6067 1.2363e-01    13.7665      4.952      7.182    13.4919 0.0000e+00
      5.061      0.039     7.5604     69.448     55.990  43.064443     1.7643      6.762   238.2322 1.2367e-01    13.8865      4.964      7.200    13.4794 0.0000e+00
      5.071      0.039     7.4785     69.392     56.070  43.083822     1.7996      6.762   238.6771 1.2364e-01    13.9243      4.973      7.213    13.5065 0.0000e+00
      5.078      0.041     7.3673     69.509     55.734  42.923635     1.7945      6.761   238.8559 1.2356e-01    13.8819      4.979      7.222    13.5403 0.0000e+00
      5.087      0.044     7.2599     69.735     55.504  42.905028     1.8102      6.760   239.1031 1.2356e-01    13.8865      4.987      7.233    13.5433 0.0000e+00
      5.098      0.046     7.2232     70.181     55.538  42.986003     1.8648      6.759   239.5150 1.2363e-01    13.9459      4.999      7.250    13.4572 0.0000e+00
      5.112      0.047     7.2514     70.783     55.430  42.887173     1.9062      6.758   239.9640 1.2366e-01    13.9511      5.013      7.270    13.3471 0.0000e+00
      5.127      0.047     7.2448     71.444     55.298  42.789108     1.9191      6.757   240.3168 1.2367e-01    13.9148      5.028      7.292    13.4743 0.0000e+00
      5.141      0.046     7.2203     72.256     55.445  42.879362     1.9045      6.757   240.5104 1.2369e-01    13.8833      5.043      7.315    13.7100 0.0000e+00
      5.152      0.044     7.2691     73.205     55.675  42.962829     1.8707      6.757   240.6699 1.2368e-01    13.8778      5.053      7.329    13.7232 0.0000e+00
      5.159      0.042     7.3528     74.129     55.850  42.973044     1.8521      6.756   240.9550 1.2367e-01    13.9166      5.059      7.336    13.6511 0.0000e+00
      5.167      0.041     7.4017     74.905     55.963  42.939246     1.8541      6.754   241.2900 1.2368e-01    13.9758      5.066      7.348    13.7017 0.0000e+00
      5.179      0.041     7.4884     75.465     56.018  42.871416     1.8613      6.752   241.6236 1.2368e-01    13.9451      5.078      7.366    13.6982 0.0000e+00
      5.191      0.042     7.6157     75.901     56.115  42.851004     1.8981      6.751   241.8045 1.2367e-01    13.7844      5.090      7.384    13.5848 0.0000e+00
      5.203      0.042     7.7327     76.369     56.244  42.882761     1.9824      6.749   241.7568 1.2365e-01    13.6725      5.102      7.400    13.4668 0.0000e+00
      5.214      0.040     7.8393     76.879     56.279  42.874468     2.0316      6.748   241.8213 1.2362e-01    13.6858      5.113      7.418    13.3574 0.0000e+00
      5.224      0.037     7.9094     77.345     56.219  42.814166     2.0267      6.746   242.0681 1.2362e-01    13.7061      5.123      7.431    13.2595 0.0000e+00
      5.233      0.034     7.9631     77.799     56.285  42.851843     1.9982      6.746   242.4171 1.2365e-01    13.6781      5.132      7.443    13.1695 0.0000e+00
      5.241      0.032     8.0233     78.236     56.432  42.949159     1.9368      6.745   242.8582 1.2362e-01    13.6204      5.140      7.456    13.1067 0.0000e+00
      5.248      0.032     8.0884     78.419     56.299  42.848262     1.9004      6.743   243.1850 1.2359e-01    13.6234      5.147      7.466    13.0817 0.0000e+00
      5.254      0.032     8.1354     78.220     55.991  42.647479     1.8990      6.742   243.2709 1.2360e-01    13.6804      5.153      7.473    13.0762 0.0000e+00
      5.263      0.033     8.1801     77.852     56.002  42.679643     1.8867      6.741   243.2949 1.2362e-01    13.6950      5.160      7.484    13.0650 0.0000e+00
      5.273      0.036     8.2441     77.474     56.197  42.792880     1.8606      6.740   243.5616 1.2362e-01    13.6634      5.171      7.501    13.0489 0.0000e+00
      5.282      0.039     8.2743     76.951     56.046  42.683620     1.8416      6.740   244.0004 1.2357e-01    13.6055      5.180      7.513    13.0351 0.0000e+00
      5.291      0.041     8.2316     76.150     55.769  42.564590     1.8477      6.739   244.2979 1.2353e-01    13.6091      5.187      7.523    13.0762 0.0000e+00
      5.303      0.041     8.1712     75.177     55.864  42.686747     1.8847      6.738   244.4060 1.2356e-01    13.6732      5.200      7.541    13.1451 0.0000e+00
      5.315      0.041     8.1574     74.168     55.944  42.764249     1.9393      6.738   244.4468 1.2364e-01    13.6980      5.213      7.561    13.0552 0.0000e+00
      5.325      0.040     8.1181     73.150     55.524  42.549565     1.9668      6.737   244.5328 1.2366e-01    13.6697      5.223      7.575    13.0154 0.0000e+00
      5.334      0.040     7.9932     72.257     55.221  42.439645     1.9673      6.736   244.7576 1.2363e-01    13.6045      5.231      7.586    13.1997 0.0000e+00
      5.344      0.040     7.8780     71.743     55.490  42.641353     1.9956      6.736   245.1002 1.2365e-01    13.5237      5.240      7.600    13.2295 0.0000e+00
      5.354      0.040     7.7880     71.671     55.586  42.703366     2.0507      6.734   245.4052 1.2369e-01    13.4442      5.251      7.615    13.1616 0.0000e+00
      5.364      0.041     7.6530     71.821     55.129  42.491211     2.0841      6.732   245.5206 1.2372e-01    13.4302      5.259      7.627    13.2974 0.0000e+00
      5.374      0.041     7.5121     72.008     54.829  42.424863     2.0916      6.732   245.5494 1.2369e-01    13.4225      5.269      7.643    13.5011 0.0000e+00
      5.387      0.041     7.4658     72.209     54.992  42.599566     2.0826      6.731   245.8386 1.2362e-01    13.3501      5.284      7.664    13.4312 0.0000e+00
      5.399      0.040     7.4912     72.401     55.032  42.635925     2.0511      6.729   246.3499 1.2360e-01    13.4774      5.295      7.681    13.3153 0.0000e+00
      5.408      0.037     7.4779     72.511     54.777  42.483637     2.0096      6.729   246.6551 1.2361e-01    13.8001      5.302      7.691    13.5343 0.0000e+00
      5.417      0.034     7.4597     72.542     54.739  42.472092     1.9886      6.728   246.7757 1.2361e-01    13.9387      5.311      7.704    13.7504 0.0000e+00
      5.426      0.032     7.4827     72.583     54.933  42.559834     1.9896      6.726   246.9481 1.2365e-01    13.8897      5.322      7.719    13.7410 0.0000e+00
      5.432      0.030     7.5134     72.552     54.982  42.528877     1.9964      6.726   247.1042 1.2371e-01    13.7875      5.328      7.728    13.6988 0.0000e+00
      5.438      0.030     7.5123     72.344     54.947  42.478542     2.0120      6.726   247.2007 1.2374e-01    13.6595      5.332      7.734    13.7874 0.0000e+00
      5.446      0.031     7.4973     72.050     55.013  42.522477     2.0200      6.725   247.3408 1.2369e-01    13.6060      5.341      7.746    13.8387 0.0000e+00
      5.454      0.033     7.5265     71.834     55.153  42.615774     2.0190      6.723   247.5077 1.2364e-01    13.6193      5.350      7.758    13.7277 0.0000e+00
      5.461      0.037     7.5440     71.819     55.143  42.591014     1.9995      6.723   247.6689 1.2368e-01    13.6144      5.356      7.767    13.6490 0.0000e+00
      5.470      0.041     7.5146     72.014     55.006  42.476973     1.9421      6.723   247.9141 1.2376e-01    13.5814      5.363      7.778    13.6495 0.0000e+00
      5.482      0.043     7.4798     72.384     55.051  42.506350     1.9076      6.722   248.1487 1.2373e-01    13.5964      5.375      7.796    13.6497 0.0000e+00
      5.496      0.044     7.4529     72.842     55.144  42.565367     1.9164      6.720   248.3548 1.2366e-01    13.6589      5.391      7.819    13.6316 0.0000e+00
      5.509      0.043     7.4570     73.227     55.164  42.555802     1.9393      6.719   248.6854 1.2366e-01    13.6880      5.403      7.836    13.6101 0.0000e+00
      5.521      0.041     7.4788     73.439     55.239  42.581087     1.9599      6.718   248.9626 1.2371e-01    13.6406      5.414      7.852    13.6079 0.0000e+00
      5.531      0.038     7.5183     73.395     55.239  42.553692     1.9573      6.717   249.1247 1.2372e-01    13.5647      5.426      7.868    13.6061 0.0000e+00
      5.538      0.034     7.5780     73.004     55.172  42.478428     1.9576      6.715   249.3550 1.2366e-01    13.5903      5.430      7.877    13.5956 0.0000e+00
      5.545      0.032     7.6225     72.272     55.223  42.496190     1.9726      6.714   249.6821 1.2368e-01    13.6766      5.437      7.886    13.5730 0.0000e+00
      5.554      0.032     7.6536     71.298     55.356  42.578012     1.9805      6.714   249.9826 1.2373e-01    13.7206      5.447      7.900    13.5369 0.0000e+00
      5.562      0.033     7.6584     70.195     55.381  42.579097     1.9691      6.713   250.1487 1.2370e-01    13.7115      5.455      7.912    13.5131 0.0000e+00
      5.569      0.034     7.6201     69.081     55.316  42.509285     1.9430      6.713   250.3143 1.2371e-01    13.6690      5.462      7.922    13.4941 0.0000e+00
      5.578      0.034     7.5428     68.067     55.321  42.495560     1.8810      6.712   250.5226 1.2367e-01    13.6513      5.469      7.933    13.4721 0.0000e+00
      5.588      0.032     7.4404     67.187     55.318  42.476609     1.7866      6.710   250.8594 1.2359e-01    13.6688      5.479      7.947    13.4550 0.0000e+00
      5.598      0.029     7.3240     66.426     55.338  42.470544     1.7339      6.709   251.2897 1.2359e-01    13.6754      5.490      7.962    13.4395 0.0000e+00
      5.607      0.025     7.2049     65.810     55.474  42.549150     1.7267      6.707   251.5088 1.2359e-01    13.6283      5.500      7.976    13.4203 0.0000e+00
      5.613      0.020     7.1013     65.351     55.499  42.538386     1.7239      6.707   251.5295 1.2356e-01    13.5778      5.507      7.987    13.4047 0.0000e+00
      5.616      0.015     7.0133     65.013     55.442  42.467311     1.7417      6.706   251.5400 1.2356e-01    13.6109      5.508      7.988    13.3914 0.0000e+00
