Data/DataNotYetUploadedToEDI/Raw_CTD/RawDownloads/081423_bvr50_S7809001.cnv
* Sea-Bird SBE19plus  Data File:
* FileName = C:\R\Reservoirs\Data\DataNotYetUploadedToEDI\Raw_CTD\RawDownloads\081423_fcr50_S7809_0001.hex
* Software version 2.8.0.119
* Temperature SN = 7809
* Conductivity SN = 7809
* System UpLoad Time = Aug 30 2023 10:53:01
* <ApplicationData>
* <Seaterm232>
# nquan = 15
# nvalues = 1159                        
# units = specified
# name 0 = depFM: Depth [fresh water, m]
# name 1 = dz/dtM: Descent Rate [m/s]
# name 2 = sbeox0Mg/L: Oxygen, SBE 43 [mg/l]
# name 3 = sbeox0PS: Oxygen, SBE 43 [% saturation]
# name 4 = specc: Specific Conductance [uS/cm]
# name 5 = c0uS/cm: Conductivity [uS/cm]
# name 6 = flECO-AFL: Fluorescence, WET Labs ECO-AFL/FL [mg/m^3]
# name 7 = ph: pH
# name 8 = orp: Oxidation Reduction Potential [mV]
# name 9 = par/sat/log: PAR/Logarithmic, Satlantic
# name 10 = turbWETntu0: Turbidity, WET Labs ECO [NTU]
# name 11 = prdM: Pressure, Strain Gauge [db]
# name 12 = prdE: Pressure, Strain Gauge [psi]
# name 13 = tv290C: Temperature [ITS-90, deg C]
# name 14 = flag:  0.000e+00
# span 0 =     -0.741,      9.222       
# span 1 =     -0.298,      0.268       
# span 2 =     0.0944,     8.9778       
# span 3 =      0.923,    111.615       
# span 4 =      0.286,    151.632       
# span 5 =   0.287792, 104.393440       
# span 6 =    -0.1295,    48.6333       
# span 7 =      6.811,      9.138       
# span 8 = -1240.7455,   309.8260       
# span 9 = 1.2358e-01, 2.2327e+02       
# span 10 =     1.3110,    50.1066      
# span 11 =     -0.727,      9.045      
# span 12 =     -1.054,     13.119      
# span 13 =     9.3913,    26.6889      
# span 14 = 0.0000e+00, 0.0000e+00      
# interval = seconds: 0.25
# start_time = Aug 14 2023 10:22:57 [Instrument's time stamp, header]
# bad_flag = -9.990e-29
*END*
[from data line 1061]
      2.935     -0.212     0.1652      2.171     37.130  33.636327    16.4484      6.983   -30.6170 1.0572e+00     4.1840      2.871      4.165    18.6419 0.0000e+00
      2.876     -0.214     0.1715      2.790     36.219  33.088170    16.4682      6.986   -28.6385 1.1317e+00     4.2317      2.815      4.083    18.9049 0.0000e+00
      2.829     -0.210     0.1683      3.832     35.796  33.005130    16.5377      6.988   -26.3742 1.2044e+00     4.2164      2.775      4.025    19.4992 0.0000e+00
      2.780     -0.202     0.1678      5.428     35.648  33.076835    16.5721      6.989   -24.2330 1.2783e+00     4.1693      2.728      3.956    19.9881 0.0000e+00
      2.728     -0.202     0.1833      7.890     35.068  32.623155    16.5105      6.991   -21.8507 1.3674e+00     4.1746      2.674      3.877    20.2780 0.0000e+00
      2.678     -0.208     0.2380     11.441     34.291  32.024023    15.8426      6.993   -19.3380 1.4495e+00     4.2125      2.623      3.803    20.6400 0.0000e+00
      2.634     -0.213     0.3260     15.794     33.866  31.859679    14.6140      6.994   -16.9969 1.5170e+00     4.2174      2.586      3.751    21.1496 0.0000e+00
      2.579     -0.208     0.4520     20.259     33.822  32.032097    13.9319      6.995   -14.6241 1.6196e+00     4.1989      2.538      3.682    21.4973 0.0000e+00
      2.509     -0.194     0.6600     24.656     34.052  32.332757    13.8534      6.997   -12.3299 1.7431e+00     4.1606      2.458      3.565    21.4660 0.0000e+00
      2.443     -0.172     0.9774     29.332     34.080  32.323132    13.8409      6.999   -10.1658 1.8271e+00     4.1297      2.385      3.459    21.5930 0.0000e+00
      2.400     -0.146     1.3812     33.987     33.665  31.915659    13.9554      6.998    -8.2474 1.8649e+00     4.1328      2.347      3.403    22.0629 0.0000e+00
      2.377     -0.121     1.7681     37.796     33.272  31.656335    14.1805      6.996    -6.7722 1.8902e+00     4.1298      2.329      3.378    22.4260 0.0000e+00
      2.363     -0.111     2.1139     40.402     33.170  31.725337    14.2901      6.997    -5.3219 1.9139e+00     4.1271      2.316      3.359    22.5538 0.0000e+00
      2.352     -0.123     2.5400     42.189     33.138  31.798667    14.2316      7.002    -3.5321 1.9331e+00     4.1350      2.306      3.345    22.4028 0.0000e+00
      2.336     -0.153     2.9867     44.003     33.087  31.781872    13.6323      7.007    -1.4796 1.9927e+00     4.1220      2.298      3.334    22.2916 0.0000e+00
      2.299     -0.188     3.3108     46.287     33.082  31.776067    12.5453      7.011     0.5672 2.1317e+00     4.0735      2.268      3.289    22.5384 0.0000e+00
      2.230     -0.222     3.5032     48.609     33.112  31.791908    11.9335      7.014     2.2003 2.3199e+00     3.9922      2.194      3.180    22.8724 0.0000e+00
      2.145     -0.247     3.6141     50.442     33.109  31.783078    11.8203      7.015     3.5543 2.5169e+00     3.9253      2.099      3.044    23.0132 0.0000e+00
      2.069     -0.257     3.7468     51.711     33.048  31.732731    11.4514      7.015     5.4079 2.7035e+00     3.9137      2.022      2.934    23.0354 0.0000e+00
      2.006     -0.251     3.9682     52.550     32.982  31.690670    10.8099      7.015     7.3187 2.8846e+00     3.9541      1.967      2.853    23.0277 0.0000e+00
      1.947     -0.236     4.1892     53.040     32.920  31.655180    10.4654      7.013     8.2455 3.0673e+00     4.0036      1.910      2.770    22.9947 0.0000e+00
      1.888     -0.223     4.3452     53.217     32.870  31.620833    10.3986      7.010     9.2135 3.2318e+00     3.9998      1.849      2.680    22.9845 0.0000e+00
      1.837     -0.216     4.4478     53.157     32.837  31.592587    10.0101      7.007    11.1931 3.3816e+00     3.9766      1.800      2.610    22.9946 0.0000e+00
      1.790     -0.213     4.5135     52.998     32.806  31.567414     9.3227      7.005    13.5104 3.5562e+00     3.9966      1.760      2.552    23.0356 0.0000e+00
      1.737     -0.211     4.5531     52.946     32.652  31.443344     8.9615      7.005    15.8083 3.7708e+00     4.0356      1.707      2.476    23.0787 0.0000e+00
      1.677     -0.210     4.5619     53.114     32.366  31.234341     8.9390      7.008    17.9832 3.9909e+00     4.0381      1.642      2.382    23.1013 0.0000e+00
      1.619     -0.208     4.5556     53.524     32.149  31.133832     8.9510      7.011    19.9318 4.1921e+00     3.9937      1.583      2.297    23.0982 0.0000e+00
      1.569     -0.202     4.5325     54.274     32.022  31.116353     8.9739      7.011    21.6443 4.3839e+00     3.9769      1.540      2.233    23.0981 0.0000e+00
      1.517     -0.195     4.5234     55.620     31.916  31.086600     8.9822      7.010    21.2228 4.6080e+00     4.0063      1.489      2.162    23.1210 0.0000e+00
      1.465     -0.193     4.5315     57.820     31.808  31.027936     8.9767      7.011    18.2777 4.8501e+00     3.9732      1.432      2.077    23.2084 0.0000e+00
      1.422     -0.199     4.5452     60.764     31.657  30.914596     8.9327      7.014    16.2347 5.0404e+00     3.8841      1.390      2.016    23.4227 0.0000e+00
      1.384     -0.211     4.5860     63.946     31.481  30.794630     8.5075      7.019    16.5681 5.2515e+00     3.7821      1.362      1.976    23.6072 0.0000e+00
      1.335     -0.224     4.6783     66.869     31.321  30.719327     7.7568      7.023    16.9746 5.5635e+00     3.6974      1.318      1.910    23.7055 0.0000e+00
      1.268     -0.236     4.8622     69.484     31.201  30.701999     7.3631      7.026    16.3312 5.9124e+00     3.7132      1.246      1.806    23.7807 0.0000e+00
      1.194     -0.242     5.1251     72.097     31.105  30.712139     7.3176      7.026    16.4469 6.2519e+00     3.7342      1.168      1.694    23.8086 0.0000e+00
      1.124     -0.236     5.4065     74.979     31.025  30.715213     7.1155      7.018    17.9434 6.5962e+00     3.6784      1.101      1.598    23.8815 0.0000e+00
      1.059     -0.217     5.6372     78.188     30.990  30.739287     6.7420      7.005    18.9376 6.9577e+00     3.6534      1.040      1.508    24.0298 0.0000e+00
      0.999     -0.196     5.8270     81.533     30.952  30.749572     6.5382      6.999    18.0571 7.2683e+00     3.7053      0.974      1.411    24.1847 0.0000e+00
      0.956     -0.181     6.0164     84.671     30.891  30.712776     6.5416      7.003    16.9343 7.4084e+00     3.7597      0.927      1.345    24.3792 0.0000e+00
      0.933     -0.174     6.2393     87.386     30.855  30.675023     6.7081      7.011    16.9765 7.4772e+00     3.6961      0.917      1.330    24.5159 0.0000e+00
      0.906     -0.174     6.5050     89.638     30.866  30.673693     7.0112      7.018    15.6424 7.6903e+00     3.5162      0.898      1.303    24.5802 0.0000e+00
      0.857     -0.184     6.7818     91.278     30.908  30.696678     7.1856      7.027    11.3003 8.0580e+00     3.4639      0.845      1.225    24.6902 0.0000e+00
      0.797     -0.198     7.0469     92.140     30.930  30.699179     7.1934      7.036     7.3240 8.4606e+00     3.5763      0.779      1.129    24.7221 0.0000e+00
      0.740     -0.207     7.2704     92.273     30.944  30.703902     7.0396      7.035     5.2508 8.8765e+00     3.6113      0.726      1.053    24.7022 0.0000e+00
      0.683     -0.208     7.4660     91.862     30.985  30.753776     6.7481      7.026     2.8388 9.3445e+00     3.5453      0.674      0.977    24.6913 0.0000e+00
      0.621     -0.208     7.6152     91.145     31.002  30.794749     6.5740      7.024     0.2733 9.7678e+00     3.4963      0.605      0.878    24.6503 0.0000e+00
      0.571     -0.216     7.6887     90.390     30.991  30.818742     6.5410      7.033    -1.1621 1.0062e+01     3.4964      0.549      0.797    24.6153 0.0000e+00
      0.538     -0.227     7.6970     89.813     30.968  30.853625     6.3326      7.043    -1.7824 1.0350e+01     3.4436      0.532      0.772    24.5943 0.0000e+00
      0.494     -0.236     7.6538     89.586     30.936  30.899431     5.9108      7.048    -2.4939 1.0901e+01     3.3026      0.501      0.726    24.6110 0.0000e+00
      0.418     -0.242     7.5786     89.884     30.947  30.992106     5.6612      7.053    -3.7427 1.1744e+01     3.2260      0.415      0.602    24.6595 0.0000e+00
      0.329     -0.248     7.5039     90.764     30.965  31.086193     5.6361      7.062    -4.6643 1.2575e+01     3.2346      0.313      0.453    24.7002 0.0000e+00
      0.258     -0.244     7.4399     92.150     30.959  31.149072     5.6403      7.067    -4.4304 1.3192e+01     3.2362      0.244      0.354    24.7935 0.0000e+00
      0.206     -0.224     7.3936     93.868     30.928  31.181567     5.7205      7.062    -1.0004 1.3629e+01     3.2800      0.206      0.299    24.9381 0.0000e+00
      0.151     -0.198     7.3999     95.665     30.865  31.162010     5.8815      7.058     3.8536 1.4160e+01     3.4221      0.151      0.218    25.0669 0.0000e+00
      0.098     -0.178     7.4572     97.297     30.855  31.166420     5.9731      7.067     6.2491 1.4861e+01     3.5536      0.085      0.121    25.1953 0.0000e+00
      0.065     -0.168     7.5613     98.593     30.917  31.234902     5.9794      7.082     8.6054 1.5463e+01     3.5720      0.058      0.083    25.3006 0.0000e+00
      0.042     -0.157     7.6949     99.456     30.953  31.292259     5.9488      7.092    10.7479 1.6349e+01     3.4738      0.052      0.076    25.4130 0.0000e+00
      0.001     -0.138     7.8368     99.848     30.918  31.289033     5.9018      7.099     8.5780 1.7535e+01     3.3221      0.010      0.014    25.5004 0.0000e+00
     -0.056     -0.118     7.9750     99.812     30.864  31.259381     5.8774      7.106     6.5467 1.7817e+01     3.2073     -0.062     -0.091    25.5037 0.0000e+00
     -0.098     -0.107     8.0844     99.511     30.846  31.250951     5.8707      7.111     8.9880 1.6863e+01     3.1789     -0.108     -0.157    25.4965 0.0000e+00
     -0.112     -0.104     8.1515     99.170     30.901  31.313991     5.9210      7.119    10.9937 1.6155e+01     3.2183     -0.115     -0.167    25.5323 0.0000e+00
     -0.112     -0.106     8.1718     98.916     31.009  31.450689     6.0194      7.129    12.2133 1.7298e+01     3.2737     -0.107     -0.155    25.6013 0.0000e+00
     -0.121     -0.119     8.1586     98.772     31.064  31.571657     6.0697      7.137    14.0982 2.0478e+01     3.3020     -0.110     -0.159    25.6444 0.0000e+00
     -0.152     -0.149     8.1231     98.685     31.042  31.634876     6.0136      7.141    14.6826 2.4204e+01     3.2525     -0.141     -0.204    25.6540 0.0000e+00
     -0.204     -0.192     8.0938     98.715     30.978  31.644291     5.3908      7.143    11.7933 2.6703e+01     3.0849     -0.198     -0.288    25.6524 0.0000e+00
     -0.265     -0.234     8.0672     98.990     30.913  31.622162     4.2742      7.150     8.2444 2.8740e+01     2.8472     -0.259     -0.377    25.6768 0.0000e+00
     -0.330     -0.259     8.0416     99.330     30.897  31.621128     3.6573      7.162     8.4264 3.1063e+01     2.6677     -0.317     -0.461    25.7977 0.0000e+00
     -0.407     -0.263     8.0112     99.430     30.902  31.631812     3.5171      7.167    12.7029 3.2968e+01     2.5542     -0.395     -0.572    25.9587 0.0000e+00
     -0.493     -0.251     7.9829     99.095     30.824  31.561049     2.6032      7.148    17.9643 3.4056e+01     2.2257     -0.488     -0.709    26.0884 0.0000e+00
     -0.569     -0.229     8.0062     98.303     30.102  30.828990     0.9302      7.106    22.3112 3.3744e+01     1.7018     -0.567     -0.823    26.1611 0.0000e+00
     -0.620     -0.197     8.0405     97.050     24.164  24.747032     0.0268      7.068    32.8242 3.2689e+01     1.4473     -0.617     -0.896    26.1676 0.0000e+00
     -0.653     -0.157     8.0556     95.473     13.249  13.562526    -0.0541      7.047    49.6584 3.0903e+01     1.4023     -0.637     -0.924    26.1688 0.0000e+00
     -0.687     -0.115     8.0243     94.160      6.706   6.857339    -0.0733      7.034    64.7862 2.6443e+01     1.3622     -0.671     -0.972    26.1887 0.0000e+00
     -0.719     -0.080     7.9554     93.620      5.800   5.924599    -0.0892      7.027    69.7247 1.9547e+01     1.4064     -0.718     -1.040    26.2121 0.0000e+00
     -0.733     -0.053     7.8610     93.711      5.530   5.642879    -0.1124      7.023    65.9199 1.3600e+01     1.4249     -0.723     -1.048    26.1989 0.0000e+00
     -0.734     -0.033     7.7151     93.803      7.118   7.252075    -0.1295      7.018    66.9644 1.0928e+01     1.3804     -0.718     -1.042    26.1505 0.0000e+00
     -0.735     -0.016     7.5964     93.407     10.054  10.234542    -0.1295      7.012    75.5566 1.0463e+01     1.3816     -0.721     -1.046    26.1137 0.0000e+00
     -0.735     -0.005     7.5632     92.539      9.167   9.324510    -0.1115      7.006    82.4771 1.0513e+01     1.4046     -0.721     -1.045    26.0721 0.0000e+00
     -0.734     -0.000     7.6018     91.612      6.166   6.263376    -0.0792      7.002    81.8949 1.0616e+01     1.4191     -0.720     -1.044    26.0163 0.0000e+00
     -0.734 -4.363e-07     7.6343     91.128      4.837   4.905026    -0.0635      7.000    81.0791 1.0549e+01     1.4206     -0.719     -1.043    25.9599 0.0000e+00
     -0.735     -0.000     7.6064     91.200      4.753   4.811789    -0.0793      6.996    87.3261 1.0185e+01     1.3898     -0.720     -1.045    25.9011 0.0000e+00
     -0.735     -0.000     7.5335     91.548      7.213   7.289986    -0.0877      6.993    91.8641 9.5203e+00     1.3883     -0.720     -1.045    25.8377 0.0000e+00
     -0.735     -0.001     7.4469     92.028     10.625  10.726274    -0.0730      6.993    92.8430 8.4536e+00     1.4022     -0.720     -1.045    25.7694 0.0000e+00
     -0.735     -0.001     7.4145     92.790     15.760  15.881629    -0.0681      6.987   108.7117 7.2386e+00     1.3871     -0.720     -1.045    25.6970 0.0000e+00
     -0.735     -0.001     7.4435     93.838     25.210  25.369025    -0.0789      6.965   139.1854 6.7879e+00     1.3756     -0.721     -1.046    25.6250 0.0000e+00
     -0.735     -0.001     7.4879     94.903     31.493  31.664341    -0.0877      6.926   154.1380 7.7535e+00     1.3665     -0.721     -1.045    25.5553 0.0000e+00
     -0.736      0.000     7.5265     95.564     32.046  32.209934    -0.0823      6.885   144.6120 9.2765e+00     1.3789     -0.721     -1.046    25.4821 0.0000e+00
     -0.736 -1.863e-08     7.5985     95.230     26.873  27.017572    -0.0631      6.851   124.0708 1.0188e+01     1.3890     -0.722     -1.047    25.4107 0.0000e+00
     -0.735 -2.049e-07     7.7065     93.520     16.218  16.311366    -0.0558      6.827   107.1088 1.0426e+01     1.3856     -0.721     -1.046    25.3276 0.0000e+00
     -0.735 -2.049e-07     7.8142     90.671      8.721   8.771881    -0.0600      6.815   106.2697 1.0615e+01     1.4414     -0.721     -1.046    25.2479 0.0000e+00
     -0.735 -1.863e-08     7.8907     87.327      6.444   6.478311    -0.0565      6.811   112.3766 1.0823e+01     1.4820     -0.721     -1.046    25.2361 0.0000e+00
     -0.736 -1.694e-09     7.8742     84.056      5.790   5.814507    -0.0540      6.811   117.1916 1.0998e+01     1.4330     -0.722     -1.047    25.2729 0.0000e+00
     -0.736 -1.552e-10     7.7203     81.354      5.545   5.560998    -0.0635      6.813   123.5333 1.3143e+01     1.3611     -0.722     -1.047    25.2938 0.0000e+00
     -0.736 -2.799e-11     7.4649     80.215      5.429   5.440476    -0.0711      6.814   126.9327 1.6953e+01     1.3297     -0.721     -1.046    25.2947 0.0000e+00
     -0.736 -9.990e-29     7.1742 -9.990e-29 -9.990e-29 -9.990e-29 -9.990e-29 -9.990e-29 -9.990e-29 1.9106e+01 -9.990e-29     -0.721     -1.046    25.2691 0.0000e+00
