Data/DataNotYetUploadedToEDI/Raw_CTD/RawDownloads/081423_fcr50_S7809002.cnv
* Sea-Bird SBE19plus  Data File:
* FileName = C:\R\Reservoirs\Data\DataNotYetUploadedToEDI\Raw_CTD\RawDownloads\081423_fcr50_S7809_0002.hex
* Software version 2.8.0.119
* Temperature SN = 7809
* Conductivity SN = 7809
* System UpLoad Time = Aug 30 2023 10:54:04
* <ApplicationData>
* <Seaterm232>
# nquan = 15
# nvalues = 2501                        
# units = specified
# name 0 = depFM: Depth [fresh water, m]
# name 1 = dz/dtM: Descent Rate [m/s]
# name 2 = sbeox0Mg/L: Oxygen, SBE 43 [mg/l]
# name 3 = sbeox0PS: Oxygen, SBE 43 [% saturation]
# name 4 = specc: Specific Conductance [uS/cm]
# name 5 = c0uS/cm: Conductivity [uS/cm]
# name 6 = flECO-AFL: Fluorescence, WET Labs ECO-AFL/FL [mg/m^3]
# name 7 = ph: pH
# name 8 = orp: Oxidation Reduction Potential [mV]
# name 9 = par/sat/log: PAR/Logarithmic, Satlantic
# name 10 = turbWETntu0: Turbidity, WET Labs ECO [NTU]
# name 11 = prdM: Pressure, Strain Gauge [db]
# name 12 = prdE: Pressure, Strain Gauge [psi]
# name 13 = tv290C: Temperature [ITS-90, deg C]
# name 14 = flag:  0.000e+00
# span 0 =     -0.669,      9.527       
# span 1 =     -0.242,      4.666       
# span 2 =     0.8018,     9.3114       
# span 3 =      8.328,    105.655       
# span 4 =      0.454,     85.034       
# span 5 =   0.482127,  62.040036       
# span 6 =    -0.1347,    51.8721       
# span 7 =     -1.987,      9.013       
# span 8 = -1240.7455,   978.3167       
# span 9 = 1.2348e-01, 5.2148e+02       
# span 10 =     1.0874,   130.5627      
# span 11 =     -0.656,      9.344      
# span 12 =     -0.951,     13.553      
# span 13 =    11.4331,    28.0345      
# span 14 = 0.0000e+00, 0.0000e+00      
# interval = seconds: 0.25
# start_time = Aug 14 2023 14:10:29 [Instrument's time stamp, header]
# bad_flag = -9.990e-29
*END*
[from data line 1639]
      9.187     -0.049     5.0978     46.409     54.206  39.615893     1.1755      6.380   298.7257 1.2368e-01    13.8022      9.010     13.068    11.5474 0.0000e+00
      9.172     -0.044     5.0849     46.393     54.297  39.683005     1.1737      6.380   299.0992 1.2365e-01    13.7772      8.994     13.045    11.5474 0.0000e+00
      9.161     -0.039     5.0682     46.392     54.304  39.688036     1.2016      6.379   299.2237 1.2361e-01    13.8722      8.982     13.029    11.5447 0.0000e+00
      9.155     -0.035     5.0569     46.397     54.291  39.676716     1.2462      6.378   298.4238 1.2357e-01    13.9600      8.977     13.021    11.5397 0.0000e+00
      9.150     -0.031     5.0524     46.407     54.288  39.673066     1.2636      6.377   297.0000 1.2361e-01    13.9168      8.974     13.015    11.5380 0.0000e+00
      9.143     -0.029     5.0515     46.430     54.248  39.643902     1.2533      6.377   296.8934 1.2366e-01    13.8273      8.967     13.006    11.5404 0.0000e+00
      9.135     -0.029     5.0514     46.458     54.159  39.577957     1.2635      6.378   297.9950 1.2363e-01    13.9031      8.958     12.993    11.5405 0.0000e+00
      9.126     -0.028     5.0522     46.457     54.069  39.510365     1.3036      6.378   299.0483 1.2356e-01    14.0819      8.950     12.980    11.5379 0.0000e+00
      9.117     -0.027     5.0536     46.420     54.008  39.461289     1.3224      6.377   298.0994 1.2354e-01    14.1792      8.941     12.967    11.5367 0.0000e+00
      9.110     -0.025     5.0551     46.343     53.973  39.428820     1.3157      6.377   295.5555 1.2362e-01    14.1563      8.933     12.956    11.5366 0.0000e+00
      9.105     -0.025     5.0617     46.243     53.990  39.435095     1.3053      6.376   294.7048 1.2372e-01    14.0784      8.929     12.948    11.5368 0.0000e+00
      9.101     -0.025     5.0600     46.142     54.047  39.473685     1.2554      6.376   295.9018 1.2370e-01    14.0915      8.926     12.945    11.5350 0.0000e+00
      9.097     -0.024     5.0578     46.049     54.015  39.451165     1.1789      6.375   297.4653 1.2364e-01    14.1782      8.923     12.940    11.5309 0.0000e+00
      9.090     -0.021     5.0493     46.021     53.879  39.353194     1.1369      6.375   298.1219 1.2361e-01    14.1698      8.916     12.931    11.5245 0.0000e+00
      9.080     -0.017     5.0371     46.048     53.814  39.304536     1.1224      6.375   296.8715 1.2361e-01    14.0588      8.903     12.913    11.5164 0.0000e+00
      9.072     -0.012     5.0293     46.071     53.822  39.307094     1.1294      6.375   294.6515 1.2360e-01    13.9295      8.893     12.898    11.5131 0.0000e+00
      9.072     -0.007     5.0131     46.126     53.762  39.257184     1.1619      6.375   293.8215 1.2357e-01    13.8363      8.895     12.901    11.5158 0.0000e+00
      9.075     -0.002     5.0109     46.238     53.708  39.208783     1.1918      6.375   294.0639 1.2355e-01    13.8197      8.900     12.910    11.5186 0.0000e+00
      9.077      0.002     5.0190     46.327     53.751  39.229572     1.1989      6.375   294.4849 1.2359e-01    13.8314      8.901     12.911    11.5169 0.0000e+00
      9.078      0.004     5.0189     46.360     53.796  39.254678     1.1899      6.375   294.5229 1.2364e-01    13.8750      8.901     12.910    11.5133 0.0000e+00
      9.078      0.003     5.0218     46.371     53.807  39.258482     1.1830      6.375   293.4059 1.2365e-01    13.9714      8.904     12.915    11.5090 0.0000e+00
      9.078     -0.001     5.0416     46.360     53.834  39.275562     1.1904      6.375   292.5941 1.2364e-01    14.0745      8.904     12.914    11.4995 0.0000e+00
      9.078     -0.007     5.0544     46.383     53.916  39.334259     1.2035      6.374   292.7952 1.2361e-01    14.1313      8.902     12.911    11.4884 0.0000e+00
      9.078     -0.017     5.0538     46.470     54.000  39.397017     1.1831      6.374   293.5149 1.2353e-01    14.0772      8.903     12.912    11.4818 0.0000e+00
      9.078     -0.031     5.0591     46.505     53.996  39.399732     1.1358      6.374   294.4981 1.2348e-01    14.0012      8.904     12.914    11.4776 0.0000e+00
      9.073     -0.045     5.0551     46.481     53.938  39.367094     1.1148      6.373   294.7890 1.2353e-01    13.9978      8.900     12.909    11.4750 0.0000e+00
      9.058     -0.055     5.0520     46.496     53.946  39.383185     1.1278      6.373   294.2781 1.2356e-01    14.0358      8.887     12.891    11.4746 0.0000e+00
      9.033     -0.060     5.0723     46.537     54.047  39.467368     1.1441      6.373   293.8282 1.2355e-01    14.0168      8.860     12.850    11.4753 0.0000e+00
      9.007     -0.063     5.0751     46.553     54.076  39.496463     1.1372      6.373   293.5654 1.2362e-01    13.9050      8.828     12.803    11.4800 0.0000e+00
      8.989     -0.064     5.0627     46.530     53.960  39.417668     1.1187      6.373   293.6814 1.2369e-01    13.8114      8.810     12.779    11.4898 0.0000e+00
      8.982     -0.064     5.0674     46.490     53.850  39.339697     1.1117      6.373   294.9732 1.2369e-01    13.7727      8.808     12.775    11.5002 0.0000e+00
      8.975     -0.063     5.0723     46.481     53.815  39.315280     1.1108      6.372   296.4504 1.2370e-01    13.7783      8.806     12.772    11.5089 0.0000e+00
      8.960     -0.063     5.0737     46.509     53.807  39.312843     1.1073      6.370   296.4849 1.2374e-01    13.8108      8.790     12.750    11.5171 0.0000e+00
      8.938     -0.065     5.0700     46.527     53.797  39.310238     1.0943      6.369   295.4764 1.2379e-01    13.8252      8.765     12.713    11.5238 0.0000e+00
      8.913     -0.068     5.0620     46.505     53.757  39.283785     1.0713      6.367   294.4958 1.2381e-01    13.8149      8.738     12.674    11.5249 0.0000e+00
      8.893     -0.069     5.0613     46.474     53.707  39.246859     1.0624      6.366   295.7275 1.2375e-01    13.7886      8.718     12.646    11.5248 0.0000e+00
      8.881     -0.068     5.0664     46.471     53.705  39.244542     1.0782      6.367   298.6665 1.2370e-01    13.8496      8.709     12.631    11.5282 0.0000e+00
      8.869     -0.066     5.0696     46.492     53.721  39.255766     1.0957      6.368   299.6597 1.2368e-01    14.0055      8.701     12.619    11.5333 0.0000e+00
      8.853     -0.065     5.0648     46.529     53.721  39.255641     1.0909      6.368   298.4442 1.2363e-01    14.0678      8.685     12.596    11.5364 0.0000e+00
      8.833     -0.066     5.0590     46.576     53.703  39.243033     1.0698      6.368   296.9621 1.2360e-01    14.0561      8.663     12.564    11.5359 0.0000e+00
      8.813     -0.069     5.0607     46.629     53.683  39.230254     1.0819      6.368   297.6570 1.2362e-01    14.0015      8.642     12.534    11.5345 0.0000e+00
      8.795     -0.070     5.0624     46.682     53.677  39.228051     1.1379      6.368   300.0481 1.2365e-01    13.8854      8.625     12.510    11.5335 0.0000e+00
      8.779     -0.068     5.0672     46.737     53.658  39.216396     1.1813      6.367   301.0079 1.2368e-01    13.8476      8.610     12.488    11.5337 0.0000e+00
      8.762     -0.063     5.0722     46.814     53.654  39.216269     1.1907      6.367   300.7446 1.2368e-01    13.8523      8.593     12.463    11.5345 0.0000e+00
      8.745     -0.059     5.0777     46.865     53.664  39.226529     1.2181      6.367   299.8751 1.2367e-01    13.8738      8.576     12.438    11.5356 0.0000e+00
      8.730     -0.056     5.0844     46.860     53.643  39.213523     1.2704      6.367   299.3575 1.2369e-01    13.9711      8.560     12.416    11.5379 0.0000e+00
      8.717     -0.056     5.0870     46.851     53.604  39.185937     1.2986      6.368   300.5947 1.2366e-01    14.0718      8.548     12.398    11.5401 0.0000e+00
      8.706     -0.057     5.0984     46.853     53.554  39.146840     1.3095      6.369   301.7563 1.2361e-01    14.1363      8.538     12.383    11.5423 0.0000e+00
      8.694     -0.058     5.1066     46.829     53.524  39.121579     1.2943      6.369   301.8737 1.2363e-01    14.1358      8.527     12.368    11.5453 0.0000e+00
      8.679     -0.059     5.1008     46.786     53.548  39.134344     1.2563      6.367   301.4975 1.2365e-01    14.0997      8.512     12.346    11.5481 0.0000e+00
      8.660     -0.058     5.0992     46.755     53.609  39.174261     1.2490      6.367   300.8214 1.2367e-01    14.1095      8.494     12.318    11.5491 0.0000e+00
      8.640     -0.054     5.1031     46.732     53.680  39.223430     1.2650      6.367   300.4100 1.2369e-01    14.1512      8.472     12.288    11.5469 0.0000e+00
      8.623     -0.046     5.0998     46.720     53.680  39.221142     1.2660      6.368   300.4805 1.2366e-01    14.1605      8.455     12.263    11.5435 0.0000e+00
      8.613     -0.036     5.0939     46.756     53.581  39.146590     1.2610      6.369   300.8994 1.2361e-01    14.1532      8.445     12.248    11.5387 0.0000e+00
      8.608     -0.026     5.0915     46.818     53.503  39.083576     1.2798      6.369   301.3451 1.2361e-01    14.1995      8.441     12.243    11.5335 0.0000e+00
      8.605     -0.021     5.0906     46.863     53.528  39.093857     1.3107      6.370   301.6533 1.2374e-01    14.2760      8.438     12.239    11.5308 0.0000e+00
      8.603     -0.022     5.0856     46.889     53.608  39.143972     1.3262      6.370   300.8404 1.2380e-01    14.3273      8.436     12.235    11.5301 0.0000e+00
      8.603     -0.027     5.0913     46.889     53.667  39.181811     1.3261      6.370   299.1742 1.2372e-01    14.2729      8.437     12.237    11.5284 0.0000e+00
      8.599     -0.035     5.1021     46.889     53.651  39.170573     1.3174      6.370   298.7148 1.2362e-01    14.1301      8.436     12.235    11.5229 0.0000e+00
      8.587     -0.043     5.1056     46.917     53.596  39.135020     1.3048      6.370   299.5880 1.2362e-01    14.0365      8.424     12.217    11.5141 0.0000e+00
      8.568     -0.053     5.1118     46.953     53.583  39.132734     1.2981      6.370   300.6978 1.2365e-01    14.0286      8.401     12.185    11.5056 0.0000e+00
      8.550     -0.062     5.1105     46.988     53.589  39.142939     1.2778      6.369   299.8300 1.2364e-01    14.0345      8.381     12.156    11.4996 0.0000e+00
      8.537     -0.069     5.1084     47.027     53.569  39.131485     1.2342      6.369   297.2694 1.2365e-01    14.0057      8.373     12.144    11.4997 0.0000e+00
      8.522     -0.072     5.1133     47.062     53.554  39.121177     1.2037      6.369   296.3239 1.2367e-01    13.9534      8.362     12.126    11.5062 0.0000e+00
      8.502     -0.073     5.1161     47.098     53.587  39.145227     1.1927      6.369   297.1740 1.2367e-01    13.8806      8.338     12.093    11.5136 0.0000e+00
      8.478     -0.073     5.1184     47.135     53.618  39.168427     1.1927      6.370   298.5144 1.2367e-01    13.8430      8.314     12.058    11.5199 0.0000e+00
      8.458     -0.073     5.1237     47.145     53.587  39.147839     1.1953      6.370   299.3661 1.2367e-01    13.8401      8.294     12.028    11.5223 0.0000e+00
      8.440     -0.068     5.1266     47.125     53.587  39.150146     1.1910      6.369   298.4373 1.2365e-01    13.8122      8.276     12.004    11.5222 0.0000e+00
      8.423     -0.060     5.1302     47.110     53.649  39.196329     1.1818      6.369   296.4907 1.2367e-01    13.7786      8.260     11.981    11.5215 0.0000e+00
      8.407     -0.052     5.1362     47.102     53.652  39.198532     1.1754      6.369   295.7042 1.2369e-01    13.8433      8.243     11.956    11.5213 0.0000e+00
      8.396     -0.046     5.1375     47.067     53.623  39.176790     1.1884      6.369   296.4138 1.2370e-01    14.0484      8.232     11.940    11.5237 0.0000e+00
      8.388     -0.041     5.1325     47.019     53.640  39.187297     1.2060      6.369   297.5847 1.2373e-01    14.1750      8.227     11.932    11.5273 0.0000e+00
      8.380     -0.037     5.1300     46.975     53.661  39.198647     1.2057      6.368   297.6445 1.2368e-01    14.1440      8.220     11.922    11.5284 0.0000e+00
      8.370     -0.036     5.1327     46.935     53.654  39.187082     1.1928      6.367   296.4482 1.2361e-01    14.0827      8.209     11.906    11.5271 0.0000e+00
      8.360     -0.037     5.1270     46.910     53.646  39.174389     1.2078      6.367   295.5964 1.2361e-01    14.0485      8.198     11.890    11.5268 0.0000e+00
      8.351     -0.039     5.1209     46.903     53.652  39.172089     1.2709      6.367   295.6905 1.2367e-01    14.0721      8.189     11.878    11.5266 0.0000e+00
      8.343     -0.042     5.1180     46.916     53.641  39.159273     1.3229      6.366   296.2961 1.2373e-01    14.0958      8.182     11.867    11.5227 0.0000e+00
      8.333     -0.046     5.1126     46.934     53.628  39.146353     1.3368      6.364   296.9818 1.2372e-01    14.0963      8.173     11.854    11.5155 0.0000e+00
      8.321     -0.051     5.1116     46.925     53.624  39.142794     1.3309      6.364   297.4419 1.2369e-01    14.0436      8.160     11.835    11.5085 0.0000e+00
      8.307     -0.057     5.1106     46.873     53.586  39.116247     1.3099      6.364   297.3850 1.2371e-01    13.9366      8.147     11.815    11.5027 0.0000e+00
      8.292     -0.062     5.1133     46.796     53.530  39.079219     1.2994      6.365   297.0685 1.2372e-01    13.8961      8.133     11.797    11.4979 0.0000e+00
      8.275     -0.065     5.1174     46.745     53.516  39.075869     1.3047      6.365   296.7980 1.2369e-01    13.8943      8.117     11.773    11.4946 0.0000e+00
      8.255     -0.065     5.1171     46.720     53.507  39.075754     1.2738      6.365   296.7824 1.2368e-01    13.8474      8.095     11.741    11.4939 0.0000e+00
      8.235     -0.060     5.1111     46.695     53.504  39.077830     1.2088      6.365   297.6542 1.2368e-01    13.8071      8.074     11.710    11.4946 0.0000e+00
      8.218     -0.052     5.0988     46.711     53.536  39.100982     1.1753      6.364   298.9075 1.2372e-01    13.8511      8.058     11.688    11.4978 0.0000e+00
      8.205     -0.042     5.0924     46.804     53.544  39.101832     1.1857      6.364   299.0298 1.2369e-01    13.9358      8.045     11.669    11.5052 0.0000e+00
      8.196     -0.032     5.0918     46.898     53.534  39.088101     1.2509      6.364   298.4447 1.2361e-01    14.0453      8.035     11.654    11.5128 0.0000e+00
      8.193     -0.026     5.0861     46.938     53.508  39.061886     1.3479      6.364   298.2862 1.2364e-01    14.1838      8.033     11.652    11.5172 0.0000e+00
      8.193     -0.025     5.0839     46.952     53.482  39.038705     1.3933      6.364   299.0055 1.2371e-01    14.2440      8.036     11.655    11.5167 0.0000e+00
      8.189     -0.028     5.1007     46.954     53.517  39.061670     1.3916      6.364   300.2582 1.2372e-01    14.2273      8.033     11.651    11.5118 0.0000e+00
      8.181     -0.035     5.1144     46.963     53.551  39.085699     1.3698      6.363   300.6131 1.2370e-01    14.1865      8.023     11.636    11.5049 0.0000e+00
      8.171     -0.043     5.1161     46.983     53.535  39.075389     1.3297      6.363   300.0280 1.2365e-01    14.1263      8.014     11.623    11.4977 0.0000e+00
      8.157     -0.049     5.1193     46.995     53.516  39.063944     1.3053      6.363   299.6362 1.2363e-01    14.0808      8.002     11.606    11.4931 0.0000e+00
      8.140     -0.054     5.1181     46.984     53.526  39.074243     1.2996      6.363   299.8328 1.2365e-01    14.0453      7.981     11.576    11.4909 0.0000e+00
      8.125     -0.058     5.1188     46.936     53.521  39.072987     1.2943      6.362   300.2545 1.2364e-01    14.0048      7.966     11.554    11.4898 0.0000e+00
