Data/DataNotYetUploadedToEDI/Raw_CTD/RawDownloads/081424_ccr50_S8188001.cnv
* Sea-Bird SBE19plus  Data File:
* FileName = C:\R\Reservoirs\Data\DataNotYetUploadedToEDI\Raw_CTD\RawDownloads\081424_ccr50_S8188_0001.hex
* Software version 2.8.0.119
* Temperature SN = 8188
* Conductivity SN = 8188
* System UpLoad Time = Aug 16 2024 10:36:23
* <ApplicationData>
* <Seaterm232>
# nquan = 16
# nvalues = 3467                        
# units = specified
# name 0 = depFM: Depth [fresh water, m]
# name 1 = dz/dtM: Descent Rate [m/s]
# name 2 = sbeox0Mg/L: Oxygen, SBE 43 [mg/l]
# name 3 = sbeox0PS: Oxygen, SBE 43 [% saturation]
# name 4 = specc: Specific Conductance [uS/cm]
# name 5 = c0uS/cm: Conductivity [uS/cm]
# name 6 = wetCDOM: Fluorescence, WET Labs CDOM [mg/m^3]
# name 7 = flECO-AFL: Fluorescence, WET Labs ECO-AFL/FL [mg/m^3]
# name 8 = flECO-AFL1: Fluorescence, WET Labs ECO-AFL/FL, 2 [mg/m^3]
# name 9 = flECO-AFL2: Fluorescence, WET Labs ECO-AFL/FL, 3 [mg/m^3]
# name 10 = par/sat/log: PAR/Logarithmic, Satlantic
# name 11 = turbWETntu0: Turbidity, WET Labs ECO [NTU]
# name 12 = prdM: Pressure, Strain Gauge [db]
# name 13 = prdE: Pressure, Strain Gauge [psi]
# name 14 = tv290C: Temperature [ITS-90, deg C]
# name 15 = flag:  0.000e+00
# span 0 =     -0.447,     20.085       
# span 1 =     -0.266,      0.136       
# span 2 =    -0.3057,     9.3233       
# span 3 =     -2.823,    116.818       
# span 4 =   -647.146,    233.197       
# span 5 =-487.217096, 165.354613       
# span 6 =    -4.5000,    55.5300       
# span 7 =    -1.5434,   245.1682       
# span 8 =   -11.7150,     5.3676       
# span 9 =    -9.5175,     1.7766       
# span 10 = 1.1587e-01, 2.9100e+03      
# span 11 =   -12.3191,   971.0038      
# span 12 =     -0.438,     19.697      
# span 13 =     -0.635,     28.568      
# span 14 =    10.4437,    26.9220      
# span 15 = 0.0000e+00, 0.0000e+00      
# interval = seconds: 0.25
# start_time = Aug 14 2024 09:09:33 [Instrument's time stamp, header]
# bad_flag = -9.990e-29
*END*
[from data line 2532]
     12.261      0.004     4.4575     42.061    125.972  94.975817    27.9000     0.4212     0.1278     0.2961 1.1623e-01     3.1196     12.023     17.438    12.6932 0.0000e+00
     12.262      0.003     4.4598     42.050    126.040  95.027949    27.9000     0.3945     0.1278     0.2961 1.1612e-01     3.1045     12.025     17.440    12.6934 0.0000e+00
     12.263      0.002     4.4610     42.034    126.080  95.058578    28.1700     0.4059     0.1278     0.0846 1.1635e-01     2.8175     12.026     17.442    12.6936 0.0000e+00
     12.263      0.001     4.4613     42.012    126.092  95.067882    28.1700     0.4021     0.1278     0.0846 1.1610e-01     2.8930     12.026     17.442    12.6940 0.0000e+00
     12.263      0.000     4.4608     41.990    126.074  95.054344    28.1700     0.3868     0.1278     0.0846 1.1607e-01     2.8175     12.026     17.442    12.6943 0.0000e+00
     12.263     -0.002     4.4596     41.971    126.031  95.022347    28.1700     0.3906     0.1278     0.0846 1.1612e-01     2.8024     12.025     17.442    12.6946 0.0000e+00
     12.262     -0.003     4.4578     41.961    126.009  95.005316    28.5300     0.3296     0.1278     0.2538 1.1623e-01     3.0290     12.025     17.441    12.6948 0.0000e+00
     12.261     -0.004     4.4555     41.961    126.008  95.004702    28.5300     0.3296     0.1278     0.2538 1.1617e-01     2.9535     12.024     17.440    12.6948 0.0000e+00
     12.260     -0.005     4.4532     41.967    125.987  94.988375    28.5300     0.3449     0.1278     0.2538 1.1623e-01     3.1045     12.023     17.438    12.6948 0.0000e+00
     12.259     -0.006     4.4512     41.975    125.983  94.985945    28.5300     0.3601     0.1278     0.2538 1.1617e-01     3.0441     12.022     17.436    12.6948 0.0000e+00
     12.257     -0.008     4.4501     41.979    126.019  95.012748    29.3400     0.3487     0.1704     0.0846 1.1620e-01     2.8930     12.020     17.434    12.6947 0.0000e+00
     12.256     -0.009     4.4501     41.975    126.053  95.037971    29.3400     0.3372     0.1704     0.0846 1.1610e-01     3.0894     12.019     17.431    12.6947 0.0000e+00
     12.253     -0.011     4.4507     41.967    126.048  95.034375    29.3400     0.3449     0.1704     0.0846 1.1612e-01     3.0592     12.016     17.428    12.6947 0.0000e+00
     12.250     -0.012     4.4515     41.962    125.981  94.983018    29.3400     0.3449     0.1704     0.0846 1.1610e-01     3.0290     12.013     17.423    12.6947 0.0000e+00
     12.246     -0.014     4.4520     41.958    125.923  94.938135    29.5200     0.3449     0.1704     0.1692 1.1610e-01     2.8175     12.010     17.418    12.6947 0.0000e+00
     12.243     -0.016     4.4516     41.953    125.929  94.941703    29.5200     0.3639     0.1704     0.1692 1.1628e-01     2.8326     12.006     17.413    12.6947 0.0000e+00
     12.239     -0.018     4.4507     41.947    125.957  94.962707    29.5200     0.3411     0.1704     0.1692 1.1612e-01     2.8477     12.002     17.407    12.6946 0.0000e+00
     12.235     -0.022     4.4502     41.939    125.976  94.976778    29.5200     0.3334     0.1704     0.1692 1.1615e-01     2.7722     11.998     17.401    12.6943 0.0000e+00
     12.230     -0.028     4.4499     41.925    125.974  94.975682    29.5200     0.3563     0.1704     0.1692 1.1615e-01     3.0290     11.993     17.394    12.6939 0.0000e+00
     12.223     -0.035     4.4494     41.905    125.969  94.973110    29.4300     0.3411     0.1704     0.1692 1.1617e-01     3.0894     11.986     17.385    12.6936 0.0000e+00
     12.214     -0.044     4.4488     41.883    125.972  94.978368    29.4300     0.3487     0.1704     0.1692 1.1617e-01     3.0441     11.977     17.372    12.6933 0.0000e+00
     12.202     -0.054     4.4479     41.866    125.966  94.976873    29.4300     0.3563     0.1704     0.1692 1.1612e-01     3.0441     11.966     17.355    12.6933 0.0000e+00
     12.186     -0.064     4.4464     41.868    125.962  94.978218    29.4300     0.3678     0.1704     0.1692 1.1620e-01     3.0894     11.951     17.333    12.6935 0.0000e+00
     12.168     -0.074     4.4443     41.888    125.974  94.990752    29.5200     0.3563     0.1704     0.2538 1.1605e-01     3.1347     11.933     17.307    12.6941 0.0000e+00
     12.147     -0.083     4.4418     41.912    125.992  95.007829    29.5200     0.3296     0.1704     0.2538 1.1612e-01     2.9837     11.912     17.277    12.6951 0.0000e+00
     12.124     -0.091     4.4399     41.929    126.022  95.034004    29.5200     0.3449     0.1704     0.2538 1.1620e-01     3.1498     11.889     17.244    12.6965 0.0000e+00
     12.099     -0.097     4.4399     41.936    126.040  95.050282    29.5200     0.3601     0.1704     0.2538 1.1633e-01     3.1801     11.865     17.209    12.6980 0.0000e+00
     12.073     -0.101     4.4419     41.928    126.040  95.053013    29.7000     0.3372     0.1704     0.1269 1.1617e-01     3.1045     11.840     17.172    12.6995 0.0000e+00
     12.046     -0.103     4.4443     41.907    126.037  95.052915    29.7000     0.3563     0.1704     0.1269 1.1607e-01     3.0139     11.813     17.134    12.7008 0.0000e+00
     12.019     -0.104     4.4460     41.875    126.020  95.041970    29.7000     0.3563     0.1704     0.1269 1.1617e-01     3.0290     11.786     17.095    12.7021 0.0000e+00
     11.992     -0.103     4.4466     41.842    126.022  95.045231    29.7000     0.3334     0.1704     0.1269 1.1617e-01     3.0139     11.760     17.056    12.7033 0.0000e+00
     11.965     -0.100     4.4457     41.820    126.031  95.053578    28.8900     0.3563     0.1278     0.2538 1.1615e-01     2.9232     11.734     17.019    12.7043 0.0000e+00
     11.939     -0.095     4.4433     41.814    126.008  95.037270    28.8900     0.3487     0.1278     0.2538 1.1605e-01     3.0743     11.708     16.982    12.7053 0.0000e+00
     11.914     -0.087     4.4398     41.828    125.987  95.021927    28.8900     0.3296     0.1278     0.2538 1.1617e-01     2.9686     11.684     16.946    12.7060 0.0000e+00
     11.891     -0.077     4.4363     41.861    125.990  95.023438    28.8900     0.4250     0.1278     0.2538 1.1628e-01     3.2103     11.661     16.913    12.7067 0.0000e+00
     11.872     -0.065     4.4339     41.910    126.000  95.030218    28.8900     0.4135     0.1278     0.2538 1.1612e-01     3.3160     11.642     16.886    12.7073 0.0000e+00
     11.857     -0.053     4.4333     41.971    126.010  95.036082    28.4400     0.4250     0.1704     0.1269 1.1617e-01     3.2405     11.628     16.864    12.7078 0.0000e+00
     11.846     -0.040     4.4347     42.032    126.037  95.054583    28.4400     0.4021     0.1704     0.1269 1.1620e-01     3.1801     11.617     16.849    12.7079 0.0000e+00
     11.839     -0.029     4.4382     42.086    126.078  95.084660    28.4400     0.4135     0.1704     0.1269 1.1605e-01     3.3160     11.610     16.839    12.7078 0.0000e+00
     11.834     -0.020     4.4435     42.130    126.095  95.096373    28.4400     0.3945     0.1704     0.1269 1.1615e-01     3.3462     11.606     16.832    12.7074 0.0000e+00
     11.831     -0.013     4.4500     42.166    126.086  95.088848    28.8000     0.3868     0.1278     0.2115 1.1625e-01     3.2707     11.602     16.828    12.7067 0.0000e+00
     11.829     -0.009     4.4565     42.190    126.090  95.092046    28.8000     0.4288     0.1278     0.2115 1.1605e-01     3.2858     11.600     16.825    12.7061 0.0000e+00
     11.828     -0.006     4.4623     42.201    126.127  95.118808    28.8000     0.4288     0.1278     0.2115 1.1602e-01     3.3462     11.599     16.823    12.7055 0.0000e+00
     11.827     -0.003     4.4670     42.210    126.172  95.152294    28.8000     0.4135     0.1278     0.2115 1.1610e-01     3.3009     11.599     16.822    12.7052 0.0000e+00
     11.827     -0.002     4.4708     42.226    126.180  95.157479    28.3500     0.3983     0.1278     0.2538 1.1610e-01     3.2405     11.598     16.822    12.7051 0.0000e+00
     11.827     -0.002     4.4734     42.236    126.142  95.127755    28.3500     0.4097     0.1278     0.2538 1.1610e-01     3.3160     11.598     16.822    12.7049 0.0000e+00
     11.826     -0.002     4.4746     42.235    126.119  95.109140    28.3500     0.4402     0.1278     0.2538 1.1623e-01     3.3764     11.598     16.821    12.7046 0.0000e+00
     11.826     -0.003     4.4756     42.227    126.138  95.122642    28.3500     0.3792     0.1278     0.2538 1.1617e-01     3.2405     11.597     16.821    12.7043 0.0000e+00
     11.825     -0.004     4.4773     42.203    126.170  95.145890    28.3500     0.4288     0.1278     0.2538 1.1617e-01     3.1952     11.597     16.820    12.7040 0.0000e+00
     11.824     -0.005     4.4784     42.159    126.205  95.171096    28.8900     0.4135     0.1704     0.2115 1.1597e-01     3.2858     11.596     16.818    12.7036 0.0000e+00
     11.823     -0.006     4.4784     42.098    126.215  95.177012    28.8900     0.4021     0.1704     0.2115 1.1625e-01     4.0562     11.594     16.816    12.7032 0.0000e+00
     11.821     -0.007     4.4775     42.023    126.203  95.167211    28.8900     0.4097     0.1704     0.2115 1.1607e-01     3.9656     11.592     16.813    12.7027 0.0000e+00
     11.818     -0.007     4.4749     41.948    126.207  95.169050    28.8900     0.4059     0.1704     0.2115 1.1625e-01     3.9505     11.590     16.810    12.7023 0.0000e+00
     11.816     -0.007     4.4704     41.883    126.198  95.161042    29.1600     0.4212     0.1704     0.1269 1.1617e-01     3.9505     11.588     16.806    12.7018 0.0000e+00
     11.814     -0.006     4.4640     41.827    126.176  95.143049    29.1600     0.4517     0.1704     0.1269 1.1623e-01     7.3494     11.586     16.804    12.7014 0.0000e+00
     11.813     -0.005     4.4561     41.783    126.150  95.122261    29.1600     0.4708     0.1704     0.1269 1.1620e-01     7.3041     11.584     16.802    12.7010 0.0000e+00
     11.812     -0.003     4.4481     41.750    126.111  95.091137    29.1600     0.4975     0.1704     0.1269 1.1610e-01     7.3947     11.583     16.800    12.7005 0.0000e+00
     11.811     -0.002     4.4413     41.728    126.107  95.085331    28.7100     0.4364     0.2130     0.0846 1.1607e-01     7.4099     11.583     16.799    12.7001 0.0000e+00
     11.811     -0.000     4.4354     41.718    126.155  95.119280    28.7100     0.4898     0.2130     0.0846 1.1602e-01     7.1077     11.582     16.799    12.6996 0.0000e+00
     11.811      0.000     4.4307     41.714    126.199  95.150089    28.7100     0.4936     0.2130     0.0846 1.1612e-01     7.1833     11.583     16.799    12.6990 0.0000e+00
     11.812      0.000     4.4274     41.706    126.209  95.156004    28.7100     0.4593     0.2130     0.0846 1.1623e-01     7.0473     11.584     16.800    12.6982 0.0000e+00
     11.812     -0.001     4.4252     41.700    126.209  95.154587    28.6200     0.4669     0.1704     0.1269 1.1605e-01     7.0624     11.584     16.801    12.6973 0.0000e+00
     11.812     -0.002     4.4242     41.701    126.204  95.149456    28.6200     0.4784     0.1704     0.1269 1.1605e-01     7.3796     11.584     16.801    12.6963 0.0000e+00
     11.812     -0.003     4.4238     41.709    126.187  95.135246    28.6200     0.4669     0.1704     0.1269 1.1607e-01     7.3796     11.583     16.800    12.6954 0.0000e+00
     11.810     -0.003     4.4231     41.720    126.163  95.116160    28.6200     0.4517     0.1704     0.1269 1.1605e-01     7.3041     11.582     16.799    12.6947 0.0000e+00
     11.809     -0.004     4.4225     41.731    126.142  95.099096    28.6200     0.4898     0.1704     0.1269 1.1623e-01     7.2890     11.581     16.796    12.6941 0.0000e+00
     11.808     -0.004     4.4227     41.742    126.133  95.091491    28.0800     0.5966     0.1278     0.0846 1.1615e-01    11.7756     11.580     16.795    12.6936 0.0000e+00
     11.807     -0.004     4.4235     41.750    126.128  95.087322    28.0800     0.5547     0.1278     0.0846 1.1630e-01    11.6850     11.579     16.794    12.6931 0.0000e+00
     11.806     -0.004     4.4248     41.757    126.126  95.085477    28.0800     0.5699     0.1278     0.0846 1.1612e-01    11.5943     11.578     16.793    12.6925 0.0000e+00
     11.805     -0.004     4.4260     41.760    126.142  95.097450    28.0800     0.5852     0.1278     0.0846 1.1605e-01    11.6246     11.577     16.792    12.6921 0.0000e+00
     11.804     -0.005     4.4271     41.759    126.175  95.122440    27.9000     0.5814     0.1278     0.1692 1.1612e-01    18.3771     11.576     16.790    12.6918 0.0000e+00
     11.803     -0.006     4.4280     41.757    126.182  95.127150    27.9000     0.5623     0.1278     0.1692 1.1605e-01    18.3771     11.575     16.788    12.6917 0.0000e+00
     11.801     -0.007     4.4287     41.758    126.137  95.092858    27.9000     0.5890     0.1278     0.1692 1.1615e-01    18.4376     11.573     16.786    12.6917 0.0000e+00
     11.800     -0.009     4.4291     41.763    126.087  95.054373    27.9000     0.5852     0.1278     0.1692 1.1612e-01    18.4829     11.572     16.783    12.6916 0.0000e+00
     11.798     -0.012     4.4290     41.770    126.059  95.033400    27.9000     0.5509     0.1704     0.1269 1.1617e-01    19.5705     11.570     16.781    12.6915 0.0000e+00
     11.795     -0.017     4.4287     41.786    126.046  95.024347    27.9000     0.5165     0.1704     0.1269 1.1612e-01    19.6461     11.567     16.777    12.6914 0.0000e+00
     11.791     -0.023     4.4289     41.816    126.045  95.024800    27.9000     0.5280     0.1704     0.1269 1.1607e-01    19.6461     11.564     16.771    12.6912 0.0000e+00
     11.785     -0.031     4.4294     41.859    126.061  95.038875    27.9000     0.5280     0.1704     0.1269 1.1607e-01    19.7216     11.558     16.763    12.6910 0.0000e+00
     11.777     -0.041     4.4303     41.910    126.078  95.054342    27.9000     0.4860     0.1704     0.1269 1.1615e-01    11.1865     11.550     16.751    12.6910 0.0000e+00
     11.766     -0.051     4.4319     41.965    126.087  95.065336    28.2600     0.4860     0.1278     0.1692 1.1617e-01    11.2016     11.539     16.735    12.6912 0.0000e+00
     11.751     -0.063     4.4350     42.019    126.124  95.096766    28.2600     0.4822     0.1278     0.1692 1.1605e-01    11.2016     11.524     16.715    12.6917 0.0000e+00
     11.734     -0.075     4.4395     42.062    126.163  95.131040    28.2600     0.4517     0.1278     0.1692 1.1610e-01    11.0958     11.507     16.689    12.6925 0.0000e+00
     11.713     -0.088     4.4448     42.096    126.167  95.139338    28.2600     0.5394     0.1278     0.1692 1.1612e-01    14.5250     11.487     16.660    12.6937 0.0000e+00
     11.690     -0.100     4.4505     42.121    126.169  95.147847    28.0800     0.5356     0.1704     0.2115 1.1617e-01    14.4948     11.464     16.627    12.6952 0.0000e+00
     11.663     -0.112     4.4560     42.139    126.195  95.174821    28.0800     0.5432     0.1704     0.2115 1.1620e-01    14.5401     11.438     16.589    12.6968 0.0000e+00
     11.632     -0.121     4.4605     42.158    126.202  95.187495    28.0800     0.5280     0.1704     0.2115 1.1605e-01    14.3890     11.407     16.545    12.6986 0.0000e+00
     11.598     -0.128     4.4638     42.182    126.152  95.157280    28.0800     0.4593     0.1704     0.2115 1.1623e-01    10.1592     11.374     16.496    12.7007 0.0000e+00
     11.562     -0.130     4.4662     42.214    126.103  95.126070    27.9900     0.4555     0.1704     0.1269 1.1620e-01    10.1894     11.338     16.445    12.7034 0.0000e+00
     11.526     -0.127     4.4679     42.256    126.105  95.131494    27.9900     0.4631     0.1704     0.1269 1.1620e-01    10.2650     11.303     16.393    12.7063 0.0000e+00
