Data/DataNotYetUploadedToEDI/Raw_CTD/RawDownloads/081419_fcr50_1500.cnv
* Sea-Bird SBE19plus  Data File:
* FileName = C:\DATA\081519_fcr50_0000_0001.hex
* Software version 2.8.0.119 SB_Terminal.dll
* Temperature SN = 7809
* Conductivity SN = 7809
* System UpLoad Time = Aug 15 2019 01:05:53
* <ApplicationData>
* <Seaterm232>
# nquan = 16
# nvalues = 701                         
# units = specified
# name 0 = depFM: Depth [fresh water, m]
# name 1 = dz/dtM: Descent Rate [m/s]
# name 2 = sbeox0Mg/L: Oxygen, SBE 43 [mg/l]
# name 3 = sbeox0PS: Oxygen, SBE 43 [% saturation]
# name 4 = specc: Specific Conductance [uS/cm]
# name 5 = c0uS/cm: Conductivity [uS/cm]
# name 6 = flECO-AFL: Fluorescence, WET Labs ECO-AFL/FL [mg/m^3]
# name 7 = ph: pH
# name 8 = orp: Oxidation Reduction Potential [mV]
# name 9 = par/sat/log: PAR/Logarithmic, Satlantic
# name 10 = turbWETntu0: Turbidity, WET Labs ECO [NTU]
# name 11 = prdM: Pressure, Strain Gauge [db]
# name 12 = prdE: Pressure, Strain Gauge [psi]
# name 13 = tv290C: Temperature [ITS-90, deg C]
# name 14 = density00: Density [density, kg/m^3]
# name 15 = flag:  0.000e+00
# span 0 =     -0.627,      9.610       
# span 1 =     -0.366,      0.292       
# span 2 =     0.1731,    11.3441       
# span 3 =      1.622,    142.455       
# span 4 =      0.917,     69.041       
# span 5 =   1.018065,  53.360324       
# span 6 =    -0.1091,     9.5570       
# span 7 =      6.846,      9.399       
# span 8 =  -873.1131,   834.2145       
# span 9 = 1.2336e-01, 3.3560e+02       
# span 10 =    -0.6013,    45.3643      
# span 11 =     -0.617,      9.425      
# span 12 =     -0.896,     13.669      
# span 13 =    11.7846,    30.5540      
# span 14 =   995.4813,   999.5873      
# span 15 = 0.0000e+00, 0.0000e+00      
# interval = seconds: 0.25
# start_time = Aug 14 2019 15:01:52 [Instrument's time stamp, header]
# bad_flag = -9.990e-29
*END*
[from data line 91]
      0.225      0.002     6.9609     89.975     37.415  40.156415     3.2794      8.931   228.3288 1.4305e+02     3.9715      0.221      0.321    28.6585   996.0664 0.0000e+00
      0.226      0.002     6.8899     89.058     37.392  40.132187     3.2569      8.928   227.8783 1.4033e+02     3.9746      0.221      0.321    28.6575   996.0666 0.0000e+00
      0.226      0.002     6.8189     88.141     37.390  40.131043     3.2484      8.926   227.5048 1.3989e+02     4.0089      0.222      0.322    28.6572   996.0667 0.0000e+00
      0.227      0.002     6.7481     87.228     37.400  40.142586     3.2464      8.923   227.3407 1.4308e+02     4.0250      0.222      0.323    28.6570   996.0668 0.0000e+00
      0.227      0.001     6.6798     86.349     37.401  40.144789     3.2409      8.920   227.5291 1.4174e+02     4.0056      0.223      0.324    28.6573   996.0667 0.0000e+00
      0.227      0.001     6.6145     85.509     37.411  40.157684     3.2334      8.918   227.8046 1.3897e+02     3.9710      0.224      0.324    28.6577   996.0666 0.0000e+00
      0.227      0.001     6.5505     84.684     37.422  40.171533     3.2336      8.916   227.9174 1.3867e+02     3.9670      0.223      0.324    28.6580   996.0665 0.0000e+00
      0.227      0.001     6.4874     83.871     37.433  40.185279     3.2355      8.914   227.1727 1.3858e+02     3.9903      0.223      0.323    28.6597   996.0660 0.0000e+00
      0.227      0.001     6.4264     83.088     37.442  40.196927     3.2390      8.913   226.0280 1.3841e+02     3.9902      0.223      0.324    28.6621   996.0653 0.0000e+00
      0.228      0.001     6.3699     82.363     37.429  40.185403     3.2412      8.911   225.9500 1.3635e+02     3.9653      0.224      0.325    28.6646   996.0646 0.0000e+00
      0.229      0.002     6.3183     81.699     37.415  40.172917     3.2355      8.908   226.1435 1.3442e+02     3.9518      0.225      0.326    28.6669   996.0639 0.0000e+00
      0.230      0.002     6.2698     81.076     37.413  40.172931     3.2390      8.905   226.2165 1.3526e+02     3.9584      0.225      0.326    28.6692   996.0633 0.0000e+00
      0.230      0.001     6.2233     80.479     37.423  40.185574     3.2496      8.903   225.7144 1.3472e+02     3.9789      0.225      0.327    28.6723   996.0624 0.0000e+00
      0.230      0.001     6.1796     79.919     37.433  40.198815     3.2508      8.901   224.0310 1.3291e+02     4.0025      0.226      0.328    28.6753   996.0615 0.0000e+00
      0.230      0.000     6.1404     79.415     37.438  40.206064     3.2449      8.898   222.9840 1.3385e+02     4.0149      0.226      0.327    28.6784   996.0606 0.0000e+00
      0.230 4.3182e-07     6.1045     78.955     37.439  40.209744     3.2391      8.896   223.3794 1.3615e+02     3.9987      0.226      0.328    28.6812   996.0598 0.0000e+00
      0.230      0.000     6.0709     78.523     37.410  40.179828     3.2416      8.893   224.1649 1.3577e+02     3.9700      0.225      0.327    28.6838   996.0591 0.0000e+00
      0.230      0.000     6.0382     78.103     37.391  40.161770     3.2488      8.891   223.7916 1.3486e+02     3.9628      0.225      0.326    28.6872   996.0581 0.0000e+00
      0.230      0.001     6.0058     77.688     37.409  40.181860     3.2478      8.889   222.3083 1.3659e+02     3.9775      0.225      0.326    28.6908   996.0570 0.0000e+00
      0.231      0.001     5.9745     77.285     37.395  40.168797     3.2386      8.887   221.3731 1.3852e+02     3.9832      0.226      0.328    28.6938   996.0561 0.0000e+00
      0.231      0.002     5.9455     76.912     37.358  40.130799     3.2330      8.885   221.3461 1.3961e+02     3.9340      0.227      0.329    28.6959   996.0556 0.0000e+00
      0.232      0.002     5.9208     76.594     37.331  40.103323     3.2498      8.883   221.5526 1.4030e+02     3.8408      0.227      0.329    28.6979   996.0549 0.0000e+00
      0.232      0.002     5.8974     76.294     37.318  40.090520     3.2758      8.879   221.5458 1.4176e+02     3.7746      0.227      0.329    28.7000   996.0543 0.0000e+00
      0.233      0.001     5.8735     75.989     37.328  40.102970     3.2879      8.878   221.6944 1.4451e+02     3.7565      0.228      0.330    28.7019   996.0538 0.0000e+00
      0.233      0.001     5.8512     75.705     37.349  40.126894     3.2925      8.877   221.9729 1.4461e+02     3.7529      0.229      0.332    28.7038   996.0532 0.0000e+00
      0.233      0.000     5.8314     75.452     37.346  40.125853     3.2966      8.875   221.5576 1.4399e+02     3.8611      0.228      0.331    28.7058   996.0527 0.0000e+00
      0.233 4.2403e-07     5.8145     75.236     37.312  40.090384     3.3025      8.875   220.8021 1.4464e+02     4.0820      0.228      0.331    28.7077   996.0521 0.0000e+00
      0.233      0.000     5.8010     75.064     37.300  40.078935     3.3036      8.874   220.4963 1.4577e+02     4.1950      0.228      0.331    28.7100   996.0514 0.0000e+00
      0.232      0.000     5.7897     74.920     37.331  40.114390     3.3011      8.873   221.3883 1.4881e+02     4.1785      0.228      0.330    28.7127   996.0506 0.0000e+00
      0.232      0.001     5.7802     74.800     37.352  40.138181     3.2981      8.872   222.8107 1.4967e+02     4.0472      0.228      0.330    28.7151   996.0499 0.0000e+00
      0.233      0.001     5.7729     74.710     37.326  40.112664     3.2935      8.870   222.9814 1.4781e+02     3.8526      0.228      0.331    28.7172   996.0494 0.0000e+00
      0.234      0.000     5.7679     74.648     37.275  40.059796     3.2970      8.869   222.3342 1.4695e+02     3.7922      0.229      0.333    28.7190   996.0488 0.0000e+00
      0.234     -0.002     5.7679     74.651     37.223  40.006826     3.3056      8.869   221.6097 1.4634e+02     3.7754      0.230      0.333    28.7210   996.0482 0.0000e+00
      0.234     -0.005     5.7764     74.766     37.196  39.980071     3.3113      8.869   221.7942 1.4660e+02     3.7481      0.230      0.333    28.7230   996.0476 0.0000e+00
      0.233     -0.007     5.7952     75.016     37.203  39.990241     3.3143      8.869   223.1013 1.4977e+02     3.8217      0.229      0.333    28.7254   996.0469 0.0000e+00
      0.230     -0.008     5.8204     75.347     37.212  40.002830     3.3156      8.870   223.7337 1.5133e+02     3.9117      0.226      0.330    28.7280   996.0462 0.0000e+00
      0.225     -0.006     5.8424     75.635     37.212  40.005315     3.3188      8.870   223.5903 1.5007e+02     3.9522      0.221      0.321    28.7308   996.0453 0.0000e+00
      0.220     -0.002     5.8541     75.788     37.225  40.020299     3.3175      8.868   223.1748 1.5022e+02     4.0159      0.215      0.312    28.7345   996.0442 0.0000e+00
      0.219      0.002     5.8557     75.812     37.258  40.057034     3.3088      8.865   222.7533 1.4894e+02     4.1250      0.212      0.308    28.7386   996.0431 0.0000e+00
      0.224      0.007     5.8481     75.717     37.267  40.068576     3.2997      8.862   222.9683 1.4695e+02     4.1902      0.218      0.318    28.7434   996.0417 0.0000e+00
      0.230      0.011     5.8307     75.494     37.232  40.032901     3.2946      8.860   223.2782 1.4760e+02     4.2142      0.226      0.329    28.7469   996.0406 0.0000e+00
      0.233      0.012     5.8091     75.216     37.207  40.006573     3.2990      8.856   223.1447 1.4765e+02     4.2185      0.229      0.333    28.7474   996.0405 0.0000e+00
      0.236      0.012     5.7876     74.939     37.204  40.004178     3.3185      8.852   222.9032 1.4664e+02     4.2425      0.231      0.335    28.7493   996.0400 0.0000e+00
      0.239      0.010     5.7673     74.677     37.203  40.003950     3.3390      8.850   222.6816 1.4486e+02     4.3400      0.234      0.340    28.7531   996.0389 0.0000e+00
      0.241      0.008     5.7494     74.447     37.202  40.003824     3.3398      8.847   221.9279 1.4267e+02     4.4135      0.238      0.344    28.7549   996.0383 0.0000e+00
      0.243      0.007     5.7345     74.255     37.201  40.002658     3.3443      8.844   220.8457 1.4216e+02     4.4431      0.239      0.346    28.7546   996.0384 0.0000e+00
      0.244      0.006     5.7222     74.095     37.189  39.989847     3.3588      8.840   220.4373 1.4172e+02     4.4034      0.238      0.346    28.7553   996.0383 0.0000e+00
      0.245      0.006     5.7105     73.941     37.177  39.975891     3.3602      8.836   220.6901 1.4131e+02     4.2615      0.239      0.348    28.7572   996.0377 0.0000e+00
      0.246      0.005     5.6965     73.758     37.165  39.960878     3.3524      8.832   221.0628 1.4059e+02     4.1693      0.241      0.350    28.7586   996.0373 0.0000e+00
      0.248      0.003     5.6816     73.565     37.141  39.935285     3.3423      8.828   220.3829 1.4077e+02     4.1735      0.243      0.352    28.7592   996.0372 0.0000e+00
      0.250      0.003     5.6691     73.406     37.126  39.920373     3.3246      8.826   218.7511 1.4212e+02     4.1810      0.246      0.357    28.7592   996.0372 0.0000e+00
      0.251      0.004     5.6584     73.269     37.113  39.907553     3.3036      8.823   217.9382 1.4128e+02     4.1943      0.247      0.359    28.7571   996.0377 0.0000e+00
      0.250      0.006     5.6478     73.132     37.113  39.907234     3.2953      8.816   218.1261 1.4112e+02     4.2035      0.245      0.357    28.7543   996.0386 0.0000e+00
      0.249      0.006     5.6366     72.985     37.122  39.916523     3.2943      8.809   218.5278 1.4241e+02     4.1614      0.242      0.351    28.7539   996.0386 0.0000e+00
      0.251      0.006     5.6255     72.837     37.102  39.892893     3.2923      8.804   218.3208 1.4231e+02     4.1765      0.244      0.354    28.7574   996.0376 0.0000e+00
      0.257      0.005     5.6153     72.697     37.031  39.811977     3.2959      8.802   217.4299 1.4197e+02     4.3198      0.254      0.368    28.7593   996.0372 0.0000e+00
      0.260      0.000     5.6091     72.607     36.932  39.699932     3.3034      8.803   216.6183 1.4242e+02     4.4197      0.257      0.372    28.7573   996.0378 0.0000e+00
      0.260     -0.007     5.6188     72.737     36.852  39.617345     3.3051      8.803   216.2518 1.4185e+02     4.4020      0.254      0.368    28.7587   996.0373 0.0000e+00
      0.259     -0.013     5.6549     73.238     36.796  39.575199     3.2824      8.800   216.4403 1.4197e+02     4.1708      0.256      0.371    28.7540   996.0387 0.0000e+00
      0.254     -0.014     5.7136     74.033     36.774  39.571266     3.2459      8.794   216.8321 1.4452e+02     3.7550      0.254      0.368    28.7492   996.0401 0.0000e+00
      0.241     -0.011     5.7753     74.842     36.768  39.569828     3.2355      8.789   216.8594 1.4669e+02     3.5359      0.237      0.342    28.7379   996.0432 0.0000e+00
      0.230     -0.005     5.8226     75.441     36.764  39.557827     3.2437      8.786   216.5970 1.4705e+02     3.5214      0.218      0.315    28.7311   996.0451 0.0000e+00
      0.233      0.003     5.8535     75.820     36.771  39.553106     3.2410      8.785   216.4134 1.4530e+02     3.5136      0.225      0.328    28.7694   996.0340 0.0000e+00
      0.244      0.013     5.8694     76.002     36.744  39.512730     3.2468      8.783   216.2748 1.4256e+02     3.6059      0.243      0.352    28.8072   996.0231 0.0000e+00
      0.249      0.022     5.8665     75.942     36.699  39.450503     3.2788      8.780   216.0389 1.4121e+02     3.8178      0.244      0.354    28.8092   996.0225 0.0000e+00
      0.253      0.026     5.8461     75.656     36.697  39.435510     3.2982      8.777   216.3153 1.4134e+02     3.9454      0.247      0.358    28.7944   996.0268 0.0000e+00
      0.261      0.025     5.8176     75.269     36.727  39.458386     3.2994      8.775   217.1204 1.4029e+02     3.9693      0.256      0.371    28.7762   996.0321 0.0000e+00
      0.271      0.024     5.7936     74.944     36.748  39.473164     3.3019      8.774   217.4280 1.3901e+02     4.0413      0.267      0.388    28.7612   996.0365 0.0000e+00
      0.278      0.025     5.7841     74.806     36.769  39.487211     3.2937      8.772   217.1953 1.3918e+02     4.1270      0.275      0.399    28.7417   996.0422 0.0000e+00
      0.281      0.027     5.7963     74.944     36.792  39.501260     3.2872      8.769   216.8883 1.3814e+02     4.1536      0.275      0.398    28.7240   996.0474 0.0000e+00
      0.284      0.029     5.8344     75.410     36.819  39.516048     3.2926      8.765   217.2432 1.3657e+02     4.1663      0.278      0.403    28.7125   996.0507 0.0000e+00
      0.292      0.030     5.8908     76.115     36.854  39.539020     3.2897      8.761   218.3031 1.3412e+02     4.2813      0.285      0.412    28.7003   996.0543 0.0000e+00
      0.303      0.030     5.9528     76.890     36.854  39.525066     3.2870      8.757   218.8625 1.3061e+02     4.4944      0.297      0.430    28.6918   996.0568 0.0000e+00
      0.315      0.030     6.0098     77.600     36.819  39.474277     3.3027      8.753   218.6727 1.2915e+02     4.6138      0.312      0.453    28.6764   996.0613 0.0000e+00
      0.324      0.026     6.0535     78.139     36.794  39.432749     3.3233      8.748   218.2448 1.2846e+02     4.6427      0.318      0.463    28.6530   996.0682 0.0000e+00
      0.330      0.020     6.0788     78.444     36.778  39.403810     3.3720      8.745   217.9915 1.2725e+02     4.6146      0.324      0.470    28.6365   996.0730 0.0000e+00
      0.333      0.012     6.0832     78.486     36.761  39.378288     3.4489      8.745   218.1051 1.2587e+02     4.5028      0.328      0.475    28.6188   996.0782 0.0000e+00
      0.334      0.006     6.0681     78.284     36.765  39.378069     3.4817      8.746   218.3278 1.2502e+02     4.4382      0.328      0.476    28.5979   996.0843 0.0000e+00
      0.333      0.003     6.0394     77.912     36.787  39.401159     3.4735      8.747   218.4466 1.2627e+02     4.4237      0.328      0.475    28.5780   996.0900 0.0000e+00
      0.332      0.001     6.0036     77.453     36.788  39.403551     3.4633      8.748   218.5953 1.2816e+02     4.2939      0.326      0.473    28.5611   996.0949 0.0000e+00
      0.332      0.001     5.9666     76.979     36.789  39.406993     3.4448      8.748   218.7486 1.2743e+02     4.0822      0.326      0.473    28.5508   996.0978 0.0000e+00
      0.333      0.001     5.9320     76.538     36.820  39.442778     3.4313      8.748   218.4076 1.2584e+02     3.9947      0.326      0.473    28.5457   996.0992 0.0000e+00
      0.334      0.002     5.9019     76.154     36.829  39.455345     3.4305      8.748   217.8273 1.2641e+02     3.9889      0.328      0.475    28.5453   996.0994 0.0000e+00
      0.335      0.002     5.8774     75.843     36.805  39.431984     3.4266      8.748   217.7553 1.2644e+02     3.9464      0.328      0.476    28.5480   996.0987 0.0000e+00
      0.335      0.002     5.8583     75.601     36.786  39.414242     3.4099      8.749   217.9679 1.2523e+02     3.9078      0.329      0.477    28.5513   996.0977 0.0000e+00
      0.336      0.002     5.8469     75.453     36.743  39.367799     3.3842      8.749   218.1611 1.2514e+02     3.9145      0.329      0.478    28.5546   996.0968 0.0000e+00
      0.336      0.001     5.8766     75.783     36.720  39.314808     3.3682      8.749   217.9392 1.2567e+02     3.9619      0.329      0.478    28.5595   996.0953 0.0000e+00
      0.336      0.000     6.0645     77.981     36.856  39.344827     3.3634      8.750   217.2643 1.2674e+02     3.9901      0.329      0.478    28.5624   996.0944 0.0000e+00
      0.336 2.3708e-08     6.5607     83.936     37.111  39.413177     3.3613      8.751   216.8848 1.2717e+02     3.9605      0.330      0.479    28.5668   996.0932 0.0000e+00
