Data/DataNotYetUploadedToEDI/Raw_CTD/RawDownloads/081424_ccr90_S8188003.cnv
* Sea-Bird SBE19plus  Data File:
* FileName = C:\R\Reservoirs\Data\DataNotYetUploadedToEDI\Raw_CTD\RawDownloads\081424_ccr50_S8188_0003.hex
* Software version 2.8.0.119
* Temperature SN = 8188
* Conductivity SN = 8188
* System UpLoad Time = Aug 16 2024 10:37:10
* <ApplicationData>
* <Seaterm232>
# nquan = 16
# nvalues = 961                         
# units = specified
# name 0 = depFM: Depth [fresh water, m]
# name 1 = dz/dtM: Descent Rate [m/s]
# name 2 = sbeox0Mg/L: Oxygen, SBE 43 [mg/l]
# name 3 = sbeox0PS: Oxygen, SBE 43 [% saturation]
# name 4 = specc: Specific Conductance [uS/cm]
# name 5 = c0uS/cm: Conductivity [uS/cm]
# name 6 = wetCDOM: Fluorescence, WET Labs CDOM [mg/m^3]
# name 7 = flECO-AFL: Fluorescence, WET Labs ECO-AFL/FL [mg/m^3]
# name 8 = flECO-AFL1: Fluorescence, WET Labs ECO-AFL/FL, 2 [mg/m^3]
# name 9 = flECO-AFL2: Fluorescence, WET Labs ECO-AFL/FL, 3 [mg/m^3]
# name 10 = par/sat/log: PAR/Logarithmic, Satlantic
# name 11 = turbWETntu0: Turbidity, WET Labs ECO [NTU]
# name 12 = prdM: Pressure, Strain Gauge [db]
# name 13 = prdE: Pressure, Strain Gauge [psi]
# name 14 = tv290C: Temperature [ITS-90, deg C]
# name 15 = flag:  0.000e+00
# span 0 =     -0.421,      3.861       
# span 1 =     -0.217,      0.132       
# span 2 =     4.2738,     9.1020       
# span 3 =     53.136,    114.024       
# span 4 =   -448.625,    116.630       
# span 5 =-464.495410, 121.050845       
# span 6 =    -4.5000,    13.5900       
# span 7 =    -1.2077,   245.1568       
# span 8 =    -3.0246,     4.7286       
# span 9 =   -14.5089,    11.5479       
# span 10 = 1.2867e+02, 3.4595e+03      
# span 11 =    -6.9866,    25.0088      
# span 12 =     -0.413,      3.786      
# span 13 =     -0.599,      5.492      
# span 14 =    24.9075,    26.8931      
# span 15 = 0.0000e+00, 0.0000e+00      
# interval = seconds: 0.25
# start_time = Aug 14 2024 10:26:35 [Instrument's time stamp, header]
# bad_flag = -9.990e-29
*END*
     -0.387      0.047     8.5265    103.036     54.049  54.991864    -4.5000   245.1568    -2.1300    -2.0304 9.7437e+02     4.6152     -0.379     -0.551    24.9075 0.0000e+00
     -0.375      0.058     8.5187    103.049     72.639  74.114281    -4.5000   245.1263    -2.1300    -2.0304 1.1812e+03     4.7209     -0.368     -0.533    24.9572 0.0000e+00
     -0.359      0.070     8.5060    103.072     88.624  90.701999    -4.5000   245.1339    -2.1300    -2.0304 1.2829e+03     4.5850     -0.352     -0.511    25.0403 0.0000e+00
     -0.339      0.082     8.4849    103.112     99.734 102.360357     0.0000     0.0702    -0.2130     0.8883 1.5067e+03     0.4911     -0.333     -0.483    25.1793 0.0000e+00
     -0.315      0.092     8.4527    103.178    106.328 109.394735     0.0000     0.0511    -0.2130     0.8883 1.6166e+03     0.4156     -0.309     -0.449    25.3897 0.0000e+00
     -0.289      0.099     8.4135    103.282    110.222 113.626976     0.0000     0.0359    -0.2130     0.8883 1.6888e+03     0.3249     -0.283     -0.410    25.6490 0.0000e+00
     -0.261      0.102     8.3752    103.434    112.502 116.153687     0.0000     0.0435    -0.2130     0.8883 1.8045e+03     0.4458     -0.255     -0.371    25.9085 0.0000e+00
     -0.232      0.102     8.3436    103.630    113.837 117.660670     0.0000     0.2876    -0.2130     0.8883 1.7222e+03     0.9443     -0.228     -0.330    26.1353 0.0000e+00
     -0.205      0.097     8.3208    103.847    114.615 118.553790    12.3300     0.2991    -0.6390     7.8255 1.4740e+03     0.8688     -0.201     -0.291    26.3201 0.0000e+00
     -0.180      0.090     8.3073    104.052    115.044 119.055215    12.3300     0.3143    -0.6390     7.8255 1.4423e+03     0.8688     -0.176     -0.255    26.4638 0.0000e+00
     -0.157      0.082     8.3034    104.226    115.240 119.290657    12.3300     0.2991    -0.6390     7.8255 1.4956e+03     0.7781     -0.154     -0.224    26.5699 0.0000e+00
     -0.138      0.074     8.3080    104.358    115.290 119.354907    12.3300     0.1846    -0.6390     7.8255 1.5342e+03     0.6875     -0.135     -0.196    26.6441 0.0000e+00
     -0.122      0.067     8.3178    104.447    115.288 119.351109    11.3400     0.1427     0.0000     0.2961 1.5215e+03     0.6422     -0.119     -0.173    26.6940 0.0000e+00
     -0.107      0.063     8.3294    104.500    115.319 119.370259    11.3400     0.1579     0.0000     0.2961 1.4734e+03     0.7479     -0.105     -0.152    26.7260 0.0000e+00
     -0.093      0.061     8.3406    104.539    115.411 119.447468    11.3400     0.1961     0.0000     0.2961 1.4206e+03     0.7177     -0.092     -0.133    26.7445 0.0000e+00
     -0.079      0.063     8.3499    104.595    115.525 119.553315    11.3400     0.2266     0.0000     0.2961 1.4080e+03     0.4609     -0.078     -0.113    26.7526 0.0000e+00
     -0.064      0.067     8.3569    104.705    115.604 119.636016    12.0600     0.2381     0.0426     0.1692 1.4792e+03     0.3098     -0.063     -0.091    26.7532 0.0000e+00
     -0.047      0.073     8.3619    104.892    115.638 119.683618    12.0600     0.2152     0.0426     0.1692 1.5597e+03     0.4609     -0.046     -0.066    26.7487 0.0000e+00
     -0.027      0.078     8.3660    105.147    115.666 119.730821    12.0600     0.2075     0.0426     0.1692 1.5953e+03     0.3854     -0.026     -0.038    26.7415 0.0000e+00
     -0.005      0.083     8.3712    105.438    115.713 119.800215    12.0600     0.3067     0.0426     0.1692 1.6300e+03     0.9141     -0.005     -0.007    26.7364 0.0000e+00
      0.018      0.086     8.3800    105.730    115.764 119.876301    12.0600     0.3258     0.0426     0.1692 1.6873e+03     0.9141      0.018      0.026    26.7370 0.0000e+00
      0.041      0.088     8.3941    105.995    115.804 119.941365    11.8800     0.2991     0.0852     0.2538 1.7087e+03     0.8083      0.041      0.059    26.7426 0.0000e+00
      0.064      0.089     8.4133    106.213    115.842 120.000757    11.8800     0.2915     0.0852     0.2538 1.6991e+03     0.8235      0.063      0.091    26.7505 0.0000e+00
      0.086      0.092     8.4351    106.377    115.876 120.054313    11.8800     0.2876     0.0852     0.2538 1.7406e+03     0.6120      0.084      0.122    26.7597 0.0000e+00
      0.108      0.095     8.4570    106.499    115.903 120.096314    11.8800     0.2724     0.0852     0.2538 1.7669e+03     0.7177      0.106      0.154    26.7697 0.0000e+00
      0.132      0.100     8.4766    106.597    115.935 120.141959    11.7000     0.3143     0.0852     0.5499 1.7773e+03     0.8386      0.129      0.187    26.7797 0.0000e+00
      0.157      0.107     8.4927    106.683    115.980 120.201421    11.7000     0.3067     0.0852     0.5499 1.7998e+03     0.6724      0.154      0.223    26.7887 0.0000e+00
      0.185      0.115     8.5046    106.747    116.031 120.266553    11.7000     0.2876     0.0852     0.5499 8.3980e+02     0.8990      0.181      0.263    26.7964 0.0000e+00
      0.216      0.121     8.5134    106.731    116.077 120.328720    11.7000     0.2876     0.0852     0.5499 1.4052e+03     0.8083      0.212      0.307    26.8028 0.0000e+00
      0.249      0.127     8.5204    106.524    116.113 120.380496    11.6100     0.2876     0.1278     0.2115 1.0981e+03     0.9443      0.244      0.354    26.8081 0.0000e+00
      0.283      0.131     8.5266    105.914    116.129 120.411685    11.6100     0.2991     0.1278     0.2115 1.4619e+03     0.8688      0.278      0.403    26.8132 0.0000e+00
      0.318      0.132     8.5308    104.549    116.119 120.414602    11.6100     0.2571     0.1278     0.2115 8.7672e+02     0.8083      0.312      0.452    26.8187 0.0000e+00
      0.352      0.132     8.5286    102.133    116.098 120.402029    11.6100     0.2686     0.1278     0.2115 5.5453e+02     0.9594      0.345      0.501    26.8247 0.0000e+00
      0.386      0.129     8.5111     98.698    116.088 120.398616    11.8800     0.2915     0.0000     0.0423 1.0682e+03     1.0047      0.379      0.549    26.8311 0.0000e+00
      0.419      0.125     8.4615     94.576    116.096 120.411455    11.8800     0.3029     0.0000     0.0423 6.6746e+02     0.7932      0.411      0.596    26.8374 0.0000e+00
      0.452      0.120     8.3516     90.224    116.108 120.427968    11.8800     0.2953     0.0000     0.0423 7.2854e+02     0.6724      0.443      0.642    26.8431 0.0000e+00
      0.482      0.114     8.1579     86.135    116.113 120.436554    11.8800     0.2991     0.0000     0.0423 9.0793e+02     0.7026      0.473      0.685    26.8474 0.0000e+00
      0.510      0.108     7.8832     82.745    116.105 120.431503    11.8800     0.2876     0.0000     0.0423 1.2353e+03     0.5364      0.500      0.725    26.8502 0.0000e+00
      0.536      0.102     7.5537     80.315    116.080 120.407467    11.8800     0.2953     0.0852     0.1269 9.3944e+02     0.5817      0.526      0.762    26.8522 0.0000e+00
      0.561      0.096     7.2058     78.879    116.045 120.370039    11.8800     0.3716     0.0852     0.1269 6.6500e+02     0.6724      0.550      0.798    26.8540 0.0000e+00
      0.584      0.089     6.8791     78.261    116.012 120.333241    11.8800     0.3639     0.0852     0.1269 7.0212e+02     0.5666      0.573      0.831    26.8556 0.0000e+00
      0.607      0.083     6.6082     78.159    115.988 120.303263    11.8800     0.3792     0.0852     0.1269 1.0299e+03     0.6422      0.595      0.863    26.8569 0.0000e+00
      0.627      0.076     6.4141     78.257    115.979 120.290113    11.8800     0.3601     0.0426     0.1692 5.4474e+02     0.7177      0.615      0.893    26.8575 0.0000e+00
      0.646      0.067     6.2994     78.320    116.002 120.312289    11.8800     0.3525     0.0426     0.1692 8.5267e+02     0.6875      0.634      0.920    26.8572 0.0000e+00
      0.663      0.058     6.2501     78.214    116.049 120.361700    11.8800     0.3487     0.0426     0.1692 7.8594e+02     0.5817      0.650      0.943    26.8559 0.0000e+00
      0.677      0.048     6.2422     77.890    116.094 120.409517    11.8800     0.3639     0.0426     0.1692 5.6205e+02     0.7177      0.664      0.963    26.8540 0.0000e+00
      0.688      0.039     6.2502     77.372    116.115 120.432484    11.8800     0.3334     0.0426     0.2538 5.3419e+02     0.7026      0.675      0.979    26.8524 0.0000e+00
      0.696      0.030     6.2553     76.733    116.111 120.428726    11.8800     0.3449     0.0426     0.2538 5.1931e+02     0.6724      0.683      0.990    26.8516 0.0000e+00
      0.701      0.022     6.2468     76.071    116.095 120.413243    11.8800     0.3411     0.0426     0.2538 4.0536e+02     0.6724      0.688      0.998    26.8516 0.0000e+00
      0.705      0.015     6.2209     75.488    116.072 120.389908    11.8800     0.3525     0.0426     0.2538 5.9537e+02     0.5666      0.692      1.003    26.8520 0.0000e+00
      0.707      0.010     6.1796     75.043    116.044 120.360498    11.8800     0.3563     0.0852     0.2538 7.7779e+02     0.6422      0.694      1.006    26.8524 0.0000e+00
      0.709      0.007     6.1285     74.747    116.023 120.339176    11.8800     0.3067     0.0852     0.2538 6.7343e+02     0.7177      0.695      1.008    26.8527 0.0000e+00
      0.710      0.005     6.0756     74.616    116.018 120.334258    11.8800     0.3105     0.0852     0.2538 5.4190e+02     0.6120      0.696      1.009    26.8531 0.0000e+00
      0.710      0.004     6.0290     74.682    116.015 120.330429    11.8800     0.2953     0.0852     0.2538 7.9418e+02     0.6724      0.697      1.010    26.8533 0.0000e+00
      0.711      0.005     5.9934     74.922    115.995 120.308667    11.8800     0.2800     0.0852     0.2538 1.0330e+03     0.5969      0.697      1.011    26.8534 0.0000e+00
      0.712      0.005     5.9697     75.239    115.955 120.263167    11.8800     0.3067     0.0426     0.2115 5.6413e+02     0.5666      0.698      1.012    26.8534 0.0000e+00
      0.713      0.006     5.9593     75.538    115.913 120.215802    11.8800     0.2724     0.0426     0.2115 6.4409e+02     0.6875      0.700      1.015    26.8534 0.0000e+00
      0.716      0.005     5.9646     75.787    115.912 120.209949    11.8800     0.2762     0.0426     0.2115 7.9712e+02     0.7026      0.702      1.018    26.8534 0.0000e+00
      0.718      0.005     5.9838     76.029    115.955 120.252048    11.8800     0.2724     0.0426     0.2115 1.2702e+03     0.6120      0.704      1.021    26.8528 0.0000e+00
      0.720      0.004     6.0093     76.340    116.007 120.305318    11.9700     0.3029     0.0426     0.0846 8.3362e+02     0.6120      0.706      1.023    26.8514 0.0000e+00
      0.720      0.002     6.0334     76.737    116.043 120.341958    11.9700     0.2724     0.0426     0.0846 1.7615e+03     0.6875      0.706      1.024    26.8495 0.0000e+00
      0.719      0.001     6.0535     77.135    116.059 120.355736    11.9700     0.2762     0.0426     0.0846 7.5975e+02     0.6724      0.706      1.023    26.8476 0.0000e+00
      0.719      0.001     6.0730     77.432    116.062 120.354327    11.9700     0.2876     0.0426     0.0846 7.2791e+02     0.6271      0.705      1.022    26.8465 0.0000e+00
      0.719      0.000     6.0978     77.610    116.064 120.353358    11.9700     0.2800     0.0852     0.2115 9.7416e+02     0.6875      0.705      1.022    26.8462 0.0000e+00
      0.719      0.000     6.1296     77.727    116.071 120.360570    11.9700     0.3563     0.0852     0.2115 9.7564e+02     0.6724      0.706      1.023    26.8457 0.0000e+00
      0.720     -0.001     6.1615     77.843    116.079 120.369887    11.9700     0.3716     0.0852     0.2115 7.4148e+02     0.6573      0.706      1.024    26.8445 0.0000e+00
      0.720     -0.002     6.1854     77.955    116.079 120.371790    11.9700     0.3487     0.0852     0.2115 6.2533e+02     0.5969      0.706      1.023    26.8427 0.0000e+00
      0.719     -0.003     6.1998     77.987    116.073 120.366788    11.9700     0.3639     0.0852     0.2115 1.8896e+03     0.7328      0.705      1.022    26.8414 0.0000e+00
      0.718     -0.005     6.2092     77.860    116.065 120.357546    11.9700     0.3563     0.0426     0.2961 5.8702e+02     0.6120      0.704      1.020    26.8411 0.0000e+00
      0.716     -0.007     6.2184     77.571    116.058 120.349603    11.9700     0.3716     0.0426     0.2961 1.4638e+03     0.6724      0.702      1.018    26.8418 0.0000e+00
      0.715     -0.009     6.2272     77.196    116.061 120.352841    11.9700     0.3639     0.0426     0.2961 9.8373e+02     0.5666      0.701      1.016    26.8427 0.0000e+00
      0.712     -0.011     6.2297     76.834    116.070 120.364123    11.9700     0.3525     0.0426     0.2961 1.0194e+03     0.6422      0.699      1.013    26.8430 0.0000e+00
      0.709     -0.013     6.2196     76.540    116.071 120.366456    11.8800     0.3411     0.0000     0.1692 7.6721e+02     0.6422      0.696      1.008    26.8426 0.0000e+00
      0.706     -0.016     6.1966     76.287    116.058 120.352459    11.8800     0.3334     0.0000     0.1692 9.9081e+02     0.7479      0.692      1.003    26.8422 0.0000e+00
      0.702     -0.021     6.1666     76.008    116.036 120.326402    11.8800     0.3449     0.0000     0.1692 9.8695e+02     0.6875      0.688      0.998    26.8424 0.0000e+00
      0.697     -0.027     6.1375     75.682    116.000 120.285336    11.8800     0.3372     0.0000     0.1692 1.5262e+03     0.6120      0.683      0.991    26.8431 0.0000e+00
      0.691     -0.035     6.1140     75.346    115.956 120.234314    12.0600     0.3449     0.0426     0.0846 6.9741e+02     0.4458      0.677      0.982    26.8437 0.0000e+00
      0.682     -0.045     6.0938     75.054    115.928 120.197736    12.0600     0.3449     0.0426     0.0846 6.4957e+02     0.3552      0.669      0.970    26.8435 0.0000e+00
      0.671     -0.057     6.0717     74.876    115.928 120.189849    12.0600     0.3639     0.0426     0.0846 2.3133e+03     0.4156      0.658      0.954    26.8425 0.0000e+00
      0.655     -0.070     6.0459     74.911    115.929 120.184547    12.0600     0.3525     0.0426     0.0846 1.7372e+03     0.3400      0.642      0.931    26.8408 0.0000e+00
      0.635     -0.082     6.0193     75.232    115.894 120.140410    11.8800     0.3563     0.0000     0.1692 8.3325e+02     0.6120      0.622      0.902    26.8383 0.0000e+00
      0.610     -0.093     5.9963     75.800    115.823 120.053670    11.8800     0.3411     0.0000     0.1692 1.0248e+03     0.6120      0.598      0.868    26.8352 0.0000e+00
      0.583     -0.102     5.9824     76.509    115.749 119.957204    11.8800     0.3487     0.0000     0.1692 9.1686e+02     0.6422      0.572      0.829    26.8319 0.0000e+00
      0.555     -0.108     5.9856     77.309    115.684 119.863294    11.8800     0.3296     0.0000     0.1692 9.7501e+02     0.6271      0.544      0.790    26.8289 0.0000e+00
      0.527     -0.111     6.0117     78.228    115.598 119.746894    11.8800     0.3296     0.0000     0.1692 6.6068e+02     0.5817      0.517      0.749    26.8254 0.0000e+00
      0.498     -0.112     6.0576     79.263    115.451 119.572962    11.8800     0.3487     0.0426     0.3807 1.1330e+03     0.6120      0.488      0.708    26.8200 0.0000e+00
      0.468     -0.111     6.1152     80.285    115.204 119.303116    11.8800     0.3334     0.0426     0.3807 1.1293e+03     0.6724      0.459      0.665    26.8114 0.0000e+00
      0.439     -0.107     6.1805     81.103    114.795 118.873397    11.8800     0.3639     0.0426     0.3807 1.1147e+03     0.5666      0.430      0.624    26.7998 0.0000e+00
      0.410     -0.101     6.2553     81.586    114.107 118.161212    11.8800     0.2991     0.0426     0.3807 1.4147e+03     0.6271      0.403      0.584    26.7879 0.0000e+00
      0.384     -0.092     6.3391     81.674    112.963 116.980647    11.9700     0.2648     0.0000     0.1269 1.1234e+03     0.6875      0.377      0.546    26.7785 0.0000e+00
