Data/DataNotYetUploadedToEDI/Raw_CTD/RawDownloads/081419_fcr50_1500.cnv
* Sea-Bird SBE19plus  Data File:
* FileName = C:\DATA\081519_fcr50_0000_0001.hex
* Software version 2.8.0.119 SB_Terminal.dll
* Temperature SN = 7809
* Conductivity SN = 7809
* System UpLoad Time = Aug 15 2019 01:05:53
* <ApplicationData>
* <Seaterm232>
# nquan = 16
# nvalues = 701                         
# units = specified
# name 0 = depFM: Depth [fresh water, m]
# name 1 = dz/dtM: Descent Rate [m/s]
# name 2 = sbeox0Mg/L: Oxygen, SBE 43 [mg/l]
# name 3 = sbeox0PS: Oxygen, SBE 43 [% saturation]
# name 4 = specc: Specific Conductance [uS/cm]
# name 5 = c0uS/cm: Conductivity [uS/cm]
# name 6 = flECO-AFL: Fluorescence, WET Labs ECO-AFL/FL [mg/m^3]
# name 7 = ph: pH
# name 8 = orp: Oxidation Reduction Potential [mV]
# name 9 = par/sat/log: PAR/Logarithmic, Satlantic
# name 10 = turbWETntu0: Turbidity, WET Labs ECO [NTU]
# name 11 = prdM: Pressure, Strain Gauge [db]
# name 12 = prdE: Pressure, Strain Gauge [psi]
# name 13 = tv290C: Temperature [ITS-90, deg C]
# name 14 = density00: Density [density, kg/m^3]
# name 15 = flag:  0.000e+00
# span 0 =     -0.627,      9.610       
# span 1 =     -0.366,      0.292       
# span 2 =     0.1731,    11.3441       
# span 3 =      1.622,    142.455       
# span 4 =      0.917,     69.041       
# span 5 =   1.018065,  53.360324       
# span 6 =    -0.1091,     9.5570       
# span 7 =      6.846,      9.399       
# span 8 =  -873.1131,   834.2145       
# span 9 = 1.2336e-01, 3.3560e+02       
# span 10 =    -0.6013,    45.3643      
# span 11 =     -0.617,      9.425      
# span 12 =     -0.896,     13.669      
# span 13 =    11.7846,    30.5540      
# span 14 =   995.4813,   999.5873      
# span 15 = 0.0000e+00, 0.0000e+00      
# interval = seconds: 0.25
# start_time = Aug 14 2019 15:01:52 [Instrument's time stamp, header]
# bad_flag = -9.990e-29
*END*
[from data line 452]
      3.484      0.096     0.4289      4.543     42.126  36.342434     4.3549      8.179   253.9136 2.5000e+00     1.4407      3.417      4.957    18.6858   998.5020 0.0000e+00
      3.510      0.091     0.4322      4.569     42.353  36.463949     4.3434      8.175   254.6962 2.4645e+00     1.5262      3.447      5.000    18.5482   998.5285 0.0000e+00
      3.525      0.092     0.4356      4.598     42.788  36.765045     4.3388      8.171   255.2619 2.4484e+00     1.5387      3.459      5.017    18.4017   998.5565 0.0000e+00
      3.536      0.093     0.4378      4.611     43.246  37.063074     4.3260      8.167   255.4192 2.4178e+00     1.5265      3.462      5.020    18.2408   998.5868 0.0000e+00
      3.559      0.094     0.4354      4.574     43.545  37.210931     4.2663      8.164   254.7047 2.3594e+00     1.5093      3.484      5.052    18.1135   998.6107 0.0000e+00
      3.595      0.098     0.4256      4.460     43.826  37.346607     4.1638      8.159   253.5071 2.2789e+00     1.5274      3.528      5.117    18.0454   998.6236 0.0000e+00
      3.629      0.108     0.4075      4.261     44.425  37.751250     4.1098      8.155   253.5863 2.2092e+00     1.5481      3.565      5.169    17.9725   998.6375 0.0000e+00
      3.652      0.119     0.3824      3.986     45.670  38.675529     4.0813      8.150   254.1993 2.1724e+00     1.5309      3.581      5.194    17.8529   998.6597 0.0000e+00
      3.672      0.128     0.3527      3.661     47.188  39.761614     3.8280      8.144   254.8970 2.1334e+00     1.5150      3.597      5.217    17.7198   998.6840 0.0000e+00
      3.702      0.135     0.3187      3.290     48.433  40.535277     3.3793      8.138   255.9990 2.0615e+00     1.5201      3.625      5.258    17.6013   998.7057 0.0000e+00
      3.743      0.141     0.2817      2.887     49.823  41.363659     3.1468      8.131   255.7370 1.9744e+00     1.5271      3.668      5.321    17.4927   998.7256 0.0000e+00
      3.789      0.146     0.2477      2.521     51.436  42.348950     3.1579      8.124   254.1376 1.8876e+00     1.5342      3.718      5.393    17.3706   998.7481 0.0000e+00
      3.833      0.146     0.2212      2.236     52.691  43.051353     3.4267      8.117   253.1809 1.8091e+00     1.5727      3.762      5.457    17.1607   998.7860 0.0000e+00
      3.869      0.140     0.2022      2.031     53.527  43.443223     3.9169      8.109   252.9447 1.7479e+00     1.6654      3.795      5.506    16.8655   998.8377 0.0000e+00
      3.901      0.130     0.1903      1.902     54.113  43.657946     4.1870      8.099   252.6580 1.6993e+00     1.7699      3.826      5.549    16.5208   998.8969 0.0000e+00
      3.930      0.120     0.1840      1.830     54.434  43.678871     4.2310      8.089   251.9523 1.6550e+00     1.8195      3.855      5.591    16.1552   998.9586 0.0000e+00
      3.958      0.114     0.1820      1.802     54.565  43.568952     4.3792      8.079   249.6607 1.6134e+00     1.9058      3.881      5.629    15.8363   999.0109 0.0000e+00
      3.986      0.114     0.1840      1.814     54.850  43.598592     4.6436      8.070   244.7392 1.5660e+00     2.0922      3.910      5.670    15.5707   999.0535 0.0000e+00
      4.013      0.115     0.1880      1.848     55.476  43.910026     4.7920      8.061   237.1016 1.5144e+00     2.2377      3.936      5.709    15.3299   999.0913 0.0000e+00
      4.041      0.116     0.1920      1.880     56.163  44.286393     4.7945      8.051   226.0601 1.4641e+00     2.2889      3.960      5.745    15.1102   999.1252 0.0000e+00
      4.072      0.116     0.1948      1.903     57.123  44.910638     4.6826      8.040   214.4836 1.4088e+00     2.3826      3.992      5.790    14.9140   999.1551 0.0000e+00
      4.107      0.115     0.1963      1.914     58.953  46.250486     4.4720      8.029   207.1766 1.3569e+00     2.5517      4.030      5.843    14.7368   999.1816 0.0000e+00
      4.139      0.112     0.1979      1.927     61.117  47.849034     4.3453      8.019   203.0151 1.3093e+00     2.6297      4.061      5.890    14.5702   999.2065 0.0000e+00
      4.165      0.108     0.2001      1.944     62.652  48.933317     4.3210      8.009   199.7013 1.2642e+00     2.6047      4.085      5.924    14.4107   999.2298 0.0000e+00
      4.190      0.104     0.1999      1.938     63.634  49.579718     4.2825      7.998   197.3961 1.2345e+00     2.5768      4.107      5.956    14.2918   999.2471 0.0000e+00
      4.215      0.102     0.1976      1.912     65.321  50.773928     4.2261      7.984   195.3620 1.2184e+00     2.5876      4.132      5.993    14.2276   999.2571 0.0000e+00
      4.240      0.104     0.1959      1.892     67.731  52.510368     4.2032      7.969   192.9177 1.2006e+00     2.6375      4.159      6.032    14.1536   999.2685 0.0000e+00
      4.264      0.109     0.1933      1.862     69.041  53.360324     4.2048      7.951   190.6426 1.1651e+00     2.6560      4.181      6.064    14.0483   999.2840 0.0000e+00
      4.290      0.114     0.1892      1.817     68.374  52.665509     4.1763      7.934   188.3305 1.1089e+00     2.6470      4.204      6.098    13.9508   999.2977 0.0000e+00
      4.322      0.117     0.1882      1.802     65.824  50.525090     3.8760      7.918   185.3536 1.0527e+00     2.6919      4.237      6.145    13.8684   999.3097 0.0000e+00
      4.357      0.117     0.1886      1.799     61.914  47.362253     3.3301      7.902   182.5258 1.0187e+00     2.7732      4.274      6.199    13.7724   999.3243 0.0000e+00
      4.391      0.116     0.1857      1.766     57.654  43.957090     3.0297      7.889   180.4678 9.8900e-01     2.8431      4.309      6.250    13.6452   999.3421 0.0000e+00
      4.420      0.115     0.1827      1.733     54.089  41.105007     2.9842      7.879   178.7108 9.5626e-01     2.8816      4.336      6.289    13.5070   999.3604 0.0000e+00
      4.444      0.113     0.1813      1.716     51.778  39.228067     2.7702      7.874   177.0281 9.3388e-01     2.9117      4.358      6.320    13.3697   999.3777 0.0000e+00
      4.469      0.111     0.1792      1.691     50.496  38.150620     2.3758      7.873   174.4044 9.1051e-01     2.9776      4.381      6.355    13.2357   999.3938 0.0000e+00
      4.498      0.111     0.1762      1.660     49.812  37.536383     2.1617      7.873   170.9065 8.7923e-01     3.0223      4.410      6.395    13.1105   999.4085 0.0000e+00
      4.530      0.111     0.1742      1.637     49.478  37.196973     2.1485      7.875   168.5490 8.4817e-01     3.0589      4.442      6.443    12.9869   999.4230 0.0000e+00
      4.561      0.111     0.1732      1.626     49.359  37.030179     2.1558      7.877   167.5824 8.2677e-01     3.1584      4.473      6.490    12.8704   999.4371 0.0000e+00
      4.588      0.107     0.1731      1.622     49.302  36.916097     2.1718      7.880   167.0493 8.0213e-01     3.2746      4.499      6.526    12.7699   999.4494 0.0000e+00
      4.615      0.102     0.1762      1.649     49.276  36.833142     2.1948      7.882   165.5452 7.6629e-01     3.2839      4.524      6.562    12.6712   999.4614 0.0000e+00
      4.642      0.099     0.1869      1.746     49.291  36.788813     2.2086      7.885   162.9903 7.3649e-01     3.2383      4.554      6.605    12.5824   999.4722 0.0000e+00
      4.665      0.099     0.2132      1.990     49.234  36.697438     2.1642      7.888   161.2810 7.2124e-01     3.3137      4.577      6.638    12.5072   999.4815 0.0000e+00
      4.684      0.104     0.2666      2.485     49.099  36.553454     2.0745      7.891   161.0537 7.0504e-01     3.4408      4.592      6.661    12.4326   999.4904 0.0000e+00
      4.707      0.111     0.3563      3.319     49.003  36.444315     2.0259      7.893   161.5321 6.7160e-01     3.5300      4.612      6.691    12.3682   999.4982 0.0000e+00
      4.738      0.120     0.4863      4.528     48.983  36.393400     2.0100      7.893   162.0756 6.3359e-01     3.7374      4.644      6.736    12.3134   999.5049 0.0000e+00
      4.773      0.130     0.6608      6.148     49.012  36.382125     1.8825      7.893   162.9786 6.0544e-01     5.6530      4.680      6.787    12.2624   999.5110 0.0000e+00
      4.809      0.138     0.8764      8.148     49.034  36.371423     1.6552      7.894   164.1912 5.8666e-01     9.1589      4.716      6.840    12.2194   999.5162 0.0000e+00
      4.847      0.143     1.1149     10.360     49.008  36.327442     1.5413      7.894   165.3794 5.6527e-01    11.0606      4.753      6.895    12.1821   999.5206 0.0000e+00
      4.885      0.146     1.3576     12.608     48.998  36.294644     1.5364      7.893   166.7618 5.4142e-01    11.2111      4.790      6.948    12.1458   999.5250 0.0000e+00
      4.921      0.147     1.5909     14.765     49.031  36.292213     1.5278      7.891   168.1725 5.2476e-01    11.2408      4.826      6.999    12.1107   999.5293 0.0000e+00
      4.958      0.147     1.8050     16.743     49.071  36.298022     1.4551      7.888   170.3901 5.0607e-01    11.6826      4.861      7.051    12.0829   999.5326 0.0000e+00
      4.996      0.145     1.9891     18.444     49.102  36.301368     1.3163      7.885   173.5274 4.7857e-01    12.5217      4.900      7.106    12.0608   999.5353 0.0000e+00
      5.036      0.140     2.1339     19.780     49.076  36.269177     1.2276      7.883   175.3894 4.5343e-01    12.9963      4.939      7.162    12.0345   999.5386 0.0000e+00
      5.074      0.133     2.2405     20.765     49.027  36.226157     1.1976      7.880   175.9537 4.3244e-01    13.0628      4.976      7.218    12.0054   999.5421 0.0000e+00
      5.109      0.125     2.3177     21.477     49.035  36.225524     1.1186      7.877   176.5642 4.0724e-01    13.2266      5.011      7.267    11.9804   999.5451 0.0000e+00
      5.139      0.119     2.3734     21.989     49.095  36.261526     0.9915      7.874   177.1787 3.8789e-01    13.5342      5.040      7.310    11.9604   999.5476 0.0000e+00
      5.164      0.114     2.4152     22.373     49.130  36.280597     0.9261      7.872   178.7372 3.6779e-01    13.7026      5.065      7.347    11.9474   999.5491 0.0000e+00
      5.187      0.111     2.4482     22.676     49.115  36.265678     0.9261      7.869   181.3837 3.5095e-01    13.7225      5.086      7.377    11.9415   999.5499 0.0000e+00
      5.214      0.111     2.4709     22.885     49.127  36.271563     0.9575      7.866   183.4518 3.4911e-01    13.8067      5.111      7.412    11.9370   999.5505 0.0000e+00
      5.247      0.115     2.4851     23.015     49.156  36.288270     1.0196      7.863   184.7275 3.3486e-01    13.9340      5.146      7.464    11.9272   999.5518 0.0000e+00
      5.278      0.119     2.4925     23.079     49.150  36.277260     1.0524      7.860   185.5370 3.0545e-01    13.9507      5.179      7.511    11.9187   999.5529 0.0000e+00
      5.306      0.123     2.4894     23.048     49.140  36.265380     1.0510      7.858   186.0981 2.7275e-01    13.9107      5.200      7.543    11.9166   999.5532 0.0000e+00
      5.337      0.126     2.4784     22.945     49.149  36.271565     1.0637      7.855   186.9524 2.4140e-01    13.8759      5.231      7.587    11.9139   999.5537 0.0000e+00
      5.372      0.129     2.4664     22.836     49.170  36.288573     1.0840      7.852   188.1221 2.1480e-01    13.7919      5.270      7.644    11.9093   999.5544 0.0000e+00
      5.405      0.133     2.4550     22.732     49.157  36.280594     1.0965      7.849   189.3999 1.8125e-01    13.7481      5.301      7.689    11.9005   999.5556 0.0000e+00
      5.437      0.134     2.4451     22.642     49.098  36.238565     1.1208      7.845   190.5291 1.5439e-01    13.7720      5.330      7.731    11.8944   999.5564 0.0000e+00
      5.473      0.129     2.4420     22.613     49.076  36.224725     1.2738      7.842   191.5360 1.4706e-01    13.9825      5.366      7.783    11.8962   999.5563 0.0000e+00
      5.512      0.120     2.4487     22.675     49.097  36.240209     1.5411      7.838   191.8523 1.3871e-01    14.3927      5.407      7.842    11.8987   999.5563 0.0000e+00
      5.546      0.111     2.4621     22.797     49.096  36.235360     1.6913      7.835   191.6007 1.2766e-01    14.6347      5.443      7.894    11.8996   999.5563 0.0000e+00
      5.571      0.101     2.4756     22.919     49.096  36.229560     1.7109      7.832   192.1069 1.2396e-01    14.6477      5.467      7.928    11.9012   999.5563 0.0000e+00
      5.589      0.091     2.4851     23.003     49.111  36.233551     1.6917      7.829   193.3262 1.2362e-01    14.6150      5.481      7.950    11.9053   999.5558 0.0000e+00
      5.607      0.083     2.4900     23.045     49.102  36.220128     1.4765      7.826   194.7284 1.2347e-01    14.5020      5.497      7.972    11.9063   999.5558 0.0000e+00
      5.628      0.079     2.4922     23.063     49.074  36.194211     1.0935      7.823   195.8960 1.2342e-01    14.3292      5.519      8.004    11.9008   999.5565 0.0000e+00
      5.649      0.081     2.4925     23.063     49.053  36.174072     0.8852      7.819   196.1731 1.2345e-01    14.2629      5.540      8.035    11.8943   999.5573 0.0000e+00
      5.669      0.087     2.4878     23.017     49.048  36.167043     0.8742      7.816   195.9277 1.2343e-01    14.2579      5.560      8.063    11.8870   999.5583 0.0000e+00
      5.689      0.094     2.4778     22.922     49.060  36.172698     0.9689      7.813   196.2850 1.2339e-01    14.2032      5.578      8.090    11.8792   999.5593 0.0000e+00
      5.711      0.100     2.4670     22.820     49.073  36.178970     1.1376      7.811   197.3094 1.2340e-01    14.1587      5.598      8.119    11.8739   999.5599 0.0000e+00
      5.739      0.107     2.4594     22.748     49.078  36.179394     1.2232      7.808   198.4190 1.2345e-01    14.1782      5.625      8.160    11.8697   999.5605 0.0000e+00
      5.771      0.112     2.4541     22.698     49.080  36.177824     1.2234      7.806   199.2902 1.2348e-01    14.2100      5.660      8.209    11.8662   999.5611 0.0000e+00
      5.803      0.117     2.4498     22.658     49.060  36.159975     1.1488      7.804   200.0137 1.2350e-01    14.1823      5.692      8.255    11.8624   999.5616 0.0000e+00
      5.832      0.121     2.4462     22.623     49.054  36.154007     1.0058      7.802   200.7136 1.2351e-01    14.1383      5.720      8.296    11.8592   999.5622 0.0000e+00
      5.862      0.122     2.4429     22.592     49.075  36.169138     0.9328      7.797   201.2136 1.2348e-01    14.1371      5.748      8.336    11.8561   999.5626 0.0000e+00
      5.893      0.121     2.4416     22.580     49.054  36.152498     0.9340      7.793   201.6719 1.2347e-01    14.1681      5.778      8.380    11.8523   999.5632 0.0000e+00
      5.924      0.118     2.4418     22.582     49.042  36.143237     0.9860      7.789   202.2107 1.2349e-01    14.1854      5.810      8.427    11.8498   999.5636 0.0000e+00
      5.957      0.113     2.4403     22.567     49.099  36.184100     1.0931      7.786   203.0817 1.2349e-01    14.1823      5.842      8.474    11.8486   999.5639 0.0000e+00
      5.989      0.108     2.4376     22.542     49.124  36.202257     1.1543      7.784   204.1156 1.2346e-01    14.1958      5.876      8.522    11.8479   999.5642 0.0000e+00
      6.016      0.103     2.4360     22.527     49.082  36.172348     1.1535      7.782   204.7303 1.2345e-01    14.1853      5.903      8.562    11.8468   999.5644 0.0000e+00
      6.037      0.099     2.4340     22.509     49.036  36.139836     1.1267      7.780   205.2664 1.2347e-01    14.1530      5.921      8.588    11.8460   999.5646 0.0000e+00
      6.056      0.096     2.4327     22.498     49.017  36.126536     1.0817      7.775   205.8652 1.2350e-01    14.1664      5.937      8.611    11.8459   999.5647 0.0000e+00
      6.080      0.091     2.4343     22.513     49.035  36.138485     1.0521      7.771   206.3777 1.2350e-01    14.1830      5.961      8.645    11.8449   999.5649 0.0000e+00
