Data/DataNotYetUploadedToEDI/Raw_CTD/RawDownloads/081424_ccr90_S8188003.cnv
* Sea-Bird SBE19plus  Data File:
* FileName = C:\R\Reservoirs\Data\DataNotYetUploadedToEDI\Raw_CTD\RawDownloads\081424_ccr50_S8188_0003.hex
* Software version 2.8.0.119
* Temperature SN = 8188
* Conductivity SN = 8188
* System UpLoad Time = Aug 16 2024 10:37:10
* <ApplicationData>
* <Seaterm232>
# nquan = 16
# nvalues = 961                         
# units = specified
# name 0 = depFM: Depth [fresh water, m]
# name 1 = dz/dtM: Descent Rate [m/s]
# name 2 = sbeox0Mg/L: Oxygen, SBE 43 [mg/l]
# name 3 = sbeox0PS: Oxygen, SBE 43 [% saturation]
# name 4 = specc: Specific Conductance [uS/cm]
# name 5 = c0uS/cm: Conductivity [uS/cm]
# name 6 = wetCDOM: Fluorescence, WET Labs CDOM [mg/m^3]
# name 7 = flECO-AFL: Fluorescence, WET Labs ECO-AFL/FL [mg/m^3]
# name 8 = flECO-AFL1: Fluorescence, WET Labs ECO-AFL/FL, 2 [mg/m^3]
# name 9 = flECO-AFL2: Fluorescence, WET Labs ECO-AFL/FL, 3 [mg/m^3]
# name 10 = par/sat/log: PAR/Logarithmic, Satlantic
# name 11 = turbWETntu0: Turbidity, WET Labs ECO [NTU]
# name 12 = prdM: Pressure, Strain Gauge [db]
# name 13 = prdE: Pressure, Strain Gauge [psi]
# name 14 = tv290C: Temperature [ITS-90, deg C]
# name 15 = flag:  0.000e+00
# span 0 =     -0.421,      3.861       
# span 1 =     -0.217,      0.132       
# span 2 =     4.2738,     9.1020       
# span 3 =     53.136,    114.024       
# span 4 =   -448.625,    116.630       
# span 5 =-464.495410, 121.050845       
# span 6 =    -4.5000,    13.5900       
# span 7 =    -1.2077,   245.1568       
# span 8 =    -3.0246,     4.7286       
# span 9 =   -14.5089,    11.5479       
# span 10 = 1.2867e+02, 3.4595e+03      
# span 11 =    -6.9866,    25.0088      
# span 12 =     -0.413,      3.786      
# span 13 =     -0.599,      5.492      
# span 14 =    24.9075,    26.8931      
# span 15 = 0.0000e+00, 0.0000e+00      
# interval = seconds: 0.25
# start_time = Aug 14 2024 10:26:35 [Instrument's time stamp, header]
# bad_flag = -9.990e-29
*END*
[from data line 452]
      0.588      0.057     7.9032     98.968    116.455 120.861503    12.0600     0.3449     0.0426     0.2115 6.8197e+02     0.7026      0.576      0.836    26.8859 0.0000e+00
      0.602      0.056     7.9012     99.000    116.476 120.881975    12.2400     0.3449     0.0852     0.1692 6.6833e+02     0.6875      0.590      0.856    26.8859 0.0000e+00
      0.615      0.056     7.8998     99.041    116.496 120.901573    12.2400     0.3487     0.0852     0.1692 1.0698e+03     0.7026      0.604      0.875    26.8858 0.0000e+00
      0.629      0.056     7.8989     99.070    116.534 120.939525    12.2400     0.3372     0.0852     0.1692 8.7939e+02     0.5969      0.617      0.895    26.8857 0.0000e+00
      0.644      0.056     7.8997     99.069    116.567 120.971944    12.2400     0.3563     0.0852     0.1692 1.0108e+03     0.6875      0.631      0.916    26.8854 0.0000e+00
      0.658      0.057     7.9023     99.042    116.573 120.977470    12.0600     0.3449     0.0000     0.1692 5.1280e+02     0.6422      0.646      0.936    26.8850 0.0000e+00
      0.673      0.058     7.9056     99.008    116.575 120.977581    12.0600     0.3372     0.0000     0.1692 7.0166e+02     0.7177      0.660      0.957    26.8844 0.0000e+00
      0.688      0.058     7.9080     98.974    116.578 120.980306    12.0600     0.3601     0.0000     0.1692 7.2854e+02     0.6271      0.675      0.978    26.8838 0.0000e+00
      0.703      0.059     7.9080     98.946    116.570 120.970369    12.0600     0.3639     0.0000     0.1692 9.7840e+02     0.6120      0.689      1.000    26.8832 0.0000e+00
      0.718      0.058     7.9060     98.939    116.544 120.943121    12.0600     0.3449     0.0000     0.1692 1.2746e+03     0.6573      0.704      1.021    26.8825 0.0000e+00
      0.733      0.058     7.9033     98.962    116.523 120.921301    12.0600     0.3372     0.0426     0.1692 6.0673e+02     0.6724      0.719      1.043    26.8819 0.0000e+00
      0.748      0.057     7.9007     99.002    116.510 120.909091    12.0600     0.3678     0.0426     0.1692 6.1589e+02     0.6120      0.734      1.064    26.8814 0.0000e+00
      0.763      0.056     7.8985     99.039    116.504 120.903237    12.0600     0.3525     0.0426     0.1692 6.7975e+02     0.6271      0.748      1.085    26.8811 0.0000e+00
      0.777      0.055     7.8980     99.056    116.501 120.900176    12.0600     0.3487     0.0426     0.1692 1.2448e+03     0.5969      0.762      1.104    26.8810 0.0000e+00
      0.790      0.054     7.8998     99.056    116.488 120.887091    12.1500     0.3296     0.0000     0.2115 6.1737e+02     0.5969      0.775      1.123    26.8811 0.0000e+00
      0.803      0.054     7.9030     99.042    116.479 120.878495    12.1500     0.3563     0.0000     0.2115 6.8673e+02     0.6271      0.788      1.142    26.8814 0.0000e+00
      0.817      0.055     7.9059     98.998    116.489 120.888099    12.1500     0.3372     0.0000     0.2115 6.0030e+02     0.6875      0.801      1.162    26.8816 0.0000e+00
      0.830      0.056     7.9072     98.921    116.514 120.914464    12.1500     0.3411     0.0000     0.2115 7.9591e+02     0.6573      0.814      1.181    26.8819 0.0000e+00
      0.845      0.057     7.9072     98.847    116.542 120.942616    12.1500     0.3411     0.0852     0.1692 1.1014e+03     0.6875      0.828      1.201    26.8820 0.0000e+00
      0.859      0.059     7.9061     98.813    116.549 120.948056    12.1500     0.3372     0.0852     0.1692 6.5581e+02     0.6724      0.843      1.222    26.8821 0.0000e+00
      0.875      0.061     7.9025     98.823    116.545 120.942235    12.1500     0.3525     0.0852     0.1692 8.5397e+02     0.6724      0.858      1.245    26.8821 0.0000e+00
      0.891      0.062     7.8964     98.854    116.546 120.941606    12.1500     0.3487     0.0852     0.1692 6.0990e+02     0.6422      0.874      1.268    26.8819 0.0000e+00
      0.908      0.063     7.8906     98.875    116.548 120.941999    12.1500     0.3258     0.0852     0.1692 6.0475e+02     0.6724      0.890      1.291    26.8815 0.0000e+00
      0.924      0.063     7.8879     98.884    116.567 120.961523    12.0600     0.3716     0.0426     0.1692 6.2398e+02     0.6422      0.906      1.314    26.8809 0.0000e+00
      0.940      0.063     7.8888     98.895    116.598 120.993381    12.0600     0.3601     0.0426     0.1692 6.5467e+02     0.6271      0.922      1.338    26.8800 0.0000e+00
      0.956      0.063     7.8914     98.895    116.606 121.002060    12.0600     0.3639     0.0426     0.1692 9.2406e+02     0.5969      0.938      1.360    26.8792 0.0000e+00
      0.972      0.063     7.8932     98.870    116.600 120.995877    12.0600     0.3792     0.0426     0.1692 8.3507e+02     0.6271      0.953      1.382    26.8786 0.0000e+00
      0.988      0.062     7.8940     98.844    116.589 120.985184    12.1500     0.3639     0.0426     0.2538 7.8800e+02     0.5666      0.969      1.405    26.8784 0.0000e+00
      1.004      0.062     7.8949     98.838    116.572 120.967130    12.1500     0.3372     0.0426     0.2538 9.9925e+02     0.5515      0.984      1.427    26.8785 0.0000e+00
      1.020      0.063     7.8948     98.845    116.559 120.952905    12.1500     0.3296     0.0426     0.2538 4.5821e+02     0.5817      1.000      1.450    26.8787 0.0000e+00
      1.036      0.063     7.8928     98.845    116.546 120.938714    12.1500     0.3411     0.0426     0.2538 6.5368e+02     0.6120      1.016      1.473    26.8788 0.0000e+00
      1.052      0.063     7.8907     98.816    116.529 120.920772    12.1500     0.3449     0.0426     0.2538 6.8450e+02     0.7932      1.031      1.496    26.8789 0.0000e+00
      1.068      0.064     7.8903     98.753    116.511 120.902298    12.1500     0.3449     0.0426     0.2538 6.8123e+02     0.5817      1.047      1.519    26.8788 0.0000e+00
      1.084      0.064     7.8909     98.686    116.494 120.884366    12.1500     0.3563     0.0426     0.2538 7.2098e+02     0.6120      1.063      1.542    26.8786 0.0000e+00
      1.101      0.064     7.8909     98.649    116.481 120.872195    12.1500     0.3372     0.0426     0.2538 9.2808e+02     0.5817      1.079      1.565    26.8783 0.0000e+00
      1.117      0.065     7.8886     98.647    116.469 120.860540    12.2400     0.3601     0.0852     0.2538 6.1522e+02     0.6724      1.095      1.589    26.8782 0.0000e+00
      1.133      0.065     7.8836     98.678    116.455 120.846293    12.2400     0.3563     0.0852     0.2538 9.3679e+02     0.5515      1.112      1.612    26.8781 0.0000e+00
      1.150      0.065     7.8783     98.757    116.445 120.837656    12.2400     0.3449     0.0852     0.2538 6.9288e+02     0.6271      1.128      1.636    26.8782 0.0000e+00
      1.167      0.065     7.8753     98.891    116.449 120.842329    12.2400     0.3563     0.0852     0.2538 5.9253e+02     0.6422      1.144      1.660    26.8783 0.0000e+00
      1.183      0.065     7.8750     99.057    116.470 120.865558    12.2400     0.4021     0.0852     0.2538 7.5088e+02     0.6422      1.161      1.683    26.8786 0.0000e+00
      1.200      0.065     7.8775     99.217    116.491 120.887533    12.1500     0.4021     0.0426     0.1692 8.3779e+02     0.6573      1.177      1.707    26.8790 0.0000e+00
      1.217      0.064     7.8837     99.344    116.488 120.886109    12.1500     0.4097     0.0426     0.1692 7.3923e+02     0.6724      1.193      1.731    26.8795 0.0000e+00
      1.233      0.063     7.8943     99.424    116.487 120.884909    12.1500     0.4097     0.0426     0.1692 5.1258e+02     0.6724      1.209      1.754    26.8800 0.0000e+00
      1.250      0.062     7.9075     99.440    116.503 120.901618    12.1500     0.3792     0.0426     0.1692 7.6655e+02     0.7932      1.226      1.777    26.8805 0.0000e+00
      1.266      0.059     7.9202     99.390    116.519 120.918686    12.1500     0.3868     0.0426     0.1692 6.0279e+02     0.9292      1.242      1.800    26.8809 0.0000e+00
      1.281      0.057     7.9303     99.297    116.531 120.930665    12.1500     0.3945     0.0426     0.1692 7.0779e+02     0.8990      1.257      1.822    26.8813 0.0000e+00
      1.295      0.054     7.9366     99.189    116.542 120.940747    12.1500     0.4326     0.0426     0.1692 6.4451e+02     0.9896      1.270      1.842    26.8816 0.0000e+00
      1.308      0.052     7.9379     99.078    116.543 120.939620    12.1500     0.4517     0.0426     0.1692 9.9946e+02     0.6724      1.283      1.860    26.8816 0.0000e+00
      1.320      0.051     7.9340     98.962    116.540 120.932984    12.1500     0.4555     0.0852     0.2538 5.0047e+02     0.5666      1.295      1.878    26.8815 0.0000e+00
      1.333      0.050     7.9265     98.844    116.540 120.929071    12.1500     0.4593     0.0852     0.2538 7.2349e+02     0.5817      1.307      1.896    26.8812 0.0000e+00
      1.345      0.050     7.9180     98.736    116.539 120.920835    12.1500     0.4669     0.0852     0.2538 6.8867e+02     0.7026      1.319      1.913    26.8806 0.0000e+00
      1.358      0.050     7.9093     98.656    116.530 120.904081    12.1500     0.4784     0.0852     0.2538 6.5624e+02     0.7932      1.332      1.931    26.8798 0.0000e+00
      1.371      0.050     7.9002     98.594    116.514 120.880341    12.1500     0.4784     0.0852     0.2538 6.0030e+02     0.8839      1.345      1.950    26.8784 0.0000e+00
      1.384      0.050     7.8910     98.538    116.502 120.861287    12.0600     0.4708     0.0852     0.1692 5.2338e+02     0.9745      1.357      1.969    26.8764 0.0000e+00
      1.397      0.050     7.8828     98.495    116.495 120.847839    12.0600     0.4440     0.0852     0.1692 6.0990e+02     0.8688      1.370      1.987    26.8736 0.0000e+00
      1.410      0.049     7.8769     98.485    116.487 120.836411    12.0600     0.5318     0.0852     0.1692 6.1831e+02     1.0954      1.383      2.006    26.8704 0.0000e+00
      1.423      0.048     7.8724     98.502    116.487 120.835956    12.0600     0.5432     0.0852     0.1692 5.7402e+02     1.2162      1.395      2.024    26.8672 0.0000e+00
      1.435      0.046     7.8683     98.515    116.499 120.850355    12.1500     0.5356     0.0426     0.2538 6.9197e+02     1.2011      1.407      2.041    26.8643 0.0000e+00
      1.446      0.045     7.8652     98.500    116.501 120.855441    12.1500     0.5013     0.0426     0.2538 4.7877e+02     1.0954      1.419      2.057    26.8620 0.0000e+00
      1.457      0.044     7.8647     98.457    116.478 120.832569    12.1500     0.5203     0.0426     0.2538 5.5069e+02     0.9443      1.429      2.072    26.8606 0.0000e+00
      1.467      0.044     7.8660     98.414    116.447 120.797642    12.1500     0.5432     0.0426     0.2538 4.4632e+02     0.9292      1.439      2.087    26.8604 0.0000e+00
      1.477      0.045     7.8670     98.391    116.433 120.777354    12.1500     0.5165     0.0426     0.2538 5.3291e+02     0.7932      1.449      2.102    26.8612 0.0000e+00
      1.489      0.048     7.8656     98.372    116.452 120.790298    12.1500     0.5318     0.0426     0.2538 5.2350e+02     0.8688      1.460      2.118    26.8623 0.0000e+00
      1.501      0.051     7.8621     98.335    116.474 120.805920    12.1500     0.5470     0.0426     0.2538 6.2452e+02     1.0198      1.472      2.136    26.8626 0.0000e+00
      1.515      0.054     7.8588     98.286    116.473 120.796380    12.1500     0.5165     0.0426     0.2538 5.0605e+02     0.9896      1.486      2.155    26.8617 0.0000e+00
      1.529      0.057     7.8573     98.252    116.465 120.779136    12.0600     0.5470     0.0852     0.0846 4.7721e+02     0.8386      1.500      2.175    26.8593 0.0000e+00
      1.544      0.061     7.8562     98.239    116.459 120.763592    12.0600     0.5356     0.0852     0.0846 6.1482e+02     0.8688      1.515      2.197    26.8564 0.0000e+00
      1.560      0.064     7.8537     98.229    116.449 120.745602    12.0600     0.5661     0.0852     0.0846 5.7502e+02     1.0954      1.530      2.219    26.8532 0.0000e+00
      1.577      0.066     7.8503     98.196    116.439 120.728371    12.0600     0.5776     0.0852     0.0846 4.9852e+02     1.1407      1.547      2.243    26.8496 0.0000e+00
      1.594      0.068     7.8481     98.140    116.436 120.719304    12.0600     0.5814     0.0852     0.0846 5.4343e+02     1.1860      1.564      2.268    26.8456 0.0000e+00
      1.612      0.070     7.8477     98.075    116.429 120.705983    12.1500     0.5585     0.0426     0.2115 5.0969e+02     1.1256      1.581      2.293    26.8416 0.0000e+00
      1.630      0.072     7.8473     98.005    116.408 120.678853    12.1500     0.5661     0.0426     0.2115 5.6107e+02     1.1256      1.599      2.319    26.8381 0.0000e+00
      1.649      0.072     7.8451     97.917    116.395 120.660685    12.1500     0.5623     0.0426     0.2115 5.0737e+02     1.2011      1.617      2.346    26.8351 0.0000e+00
      1.668      0.072     7.8410     97.807    116.402 120.664637    12.1500     0.5509     0.0426     0.2115 4.6879e+02     1.1407      1.636      2.373    26.8326 0.0000e+00
      1.687      0.071     7.8362     97.691    116.412 120.671759    12.1500     0.5776     0.0852     0.2115 4.4593e+02     1.0954      1.655      2.400    26.8303 0.0000e+00
      1.706      0.068     7.8309     97.588    116.410 120.667947    12.1500     0.5585     0.0852     0.2115 5.4214e+02     1.0803      1.673      2.426    26.8281 0.0000e+00
      1.723      0.065     7.8241     97.501    116.419 120.676188    12.1500     0.5738     0.0852     0.2115 5.0638e+02     1.1407      1.690      2.451    26.8261 0.0000e+00
      1.739      0.062     7.8155     97.428    116.443 120.700680    12.1500     0.5814     0.0852     0.2115 5.0211e+02     1.2011      1.706      2.474    26.8244 0.0000e+00
      1.754      0.059     7.8064     97.374    116.448 120.705948    12.1500     0.5776     0.0426     0.2538 4.4651e+02     1.2464      1.720      2.495    26.8232 0.0000e+00
      1.769      0.056     7.7983     97.356    116.430 120.687395    12.1500     0.5738     0.0426     0.2538 4.6899e+02     1.1860      1.735      2.516    26.8223 0.0000e+00
      1.782      0.053     7.7915     97.384    116.405 120.662077    12.1500     0.5890     0.0426     0.2538 4.5346e+02     1.0652      1.748      2.535    26.8218 0.0000e+00
      1.795      0.052     7.7857     97.460    116.386 120.643246    12.1500     0.5890     0.0426     0.2538 5.5224e+02     1.0954      1.760      2.553    26.8216 0.0000e+00
      1.807      0.052     7.7814     97.563    116.385 120.641885    12.1500     0.5699     0.0426     0.2538 5.0781e+02     1.1860      1.773      2.571    26.8217 0.0000e+00
      1.820      0.052     7.7799     97.661    116.402 120.657630    12.1500     0.5699     0.0426     0.2538 4.8306e+02     1.4428      1.785      2.589    26.8219 0.0000e+00
      1.834      0.053     7.7821     97.730    116.420 120.674675    12.1500     0.5738     0.0426     0.2538 4.3644e+02     1.2918      1.798      2.608    26.8222 0.0000e+00
      1.847      0.055     7.7881     97.769    116.420 120.671563    12.1500     0.5966     0.0426     0.2538 4.6422e+02     1.4579      1.812      2.628    26.8223 0.0000e+00
      1.862      0.056     7.7964     97.770    116.400 120.649462    12.1500     0.5470     0.0426     0.2538 4.9281e+02     1.3673      1.826      2.648    26.8222 0.0000e+00
      1.877      0.055     7.8043     97.729    116.370 120.616481    12.1500     0.5585     0.0852     0.2538 4.1247e+02     1.1407      1.840      2.669    26.8216 0.0000e+00
      1.892      0.054     7.8100     97.660    116.333 120.577827    12.1500     0.5852     0.0852     0.2538 5.0781e+02     1.2011      1.855      2.690    26.8206 0.0000e+00
      1.906      0.052     7.8132     97.580    116.312 120.555199    12.1500     0.5814     0.0852     0.2538 4.8337e+02     1.1558      1.869      2.711    26.8196 0.0000e+00
