Data/DataNotYetUploadedToEDI/Raw_CTD/RawDownloads/081424_ccr88_S8188002.cnv
* Sea-Bird SBE19plus  Data File:
* FileName = C:\R\Reservoirs\Data\DataNotYetUploadedToEDI\Raw_CTD\RawDownloads\081424_ccr50_S8188_0002.hex
* Software version 2.8.0.119
* Temperature SN = 8188
* Conductivity SN = 8188
* System UpLoad Time = Aug 16 2024 10:36:54
* <ApplicationData>
* <Seaterm232>
# nquan = 16
# nvalues = 2070                        
# units = specified
# name 0 = depFM: Depth [fresh water, m]
# name 1 = dz/dtM: Descent Rate [m/s]
# name 2 = sbeox0Mg/L: Oxygen, SBE 43 [mg/l]
# name 3 = sbeox0PS: Oxygen, SBE 43 [% saturation]
# name 4 = specc: Specific Conductance [uS/cm]
# name 5 = c0uS/cm: Conductivity [uS/cm]
# name 6 = wetCDOM: Fluorescence, WET Labs CDOM [mg/m^3]
# name 7 = flECO-AFL: Fluorescence, WET Labs ECO-AFL/FL [mg/m^3]
# name 8 = flECO-AFL1: Fluorescence, WET Labs ECO-AFL/FL, 2 [mg/m^3]
# name 9 = flECO-AFL2: Fluorescence, WET Labs ECO-AFL/FL, 3 [mg/m^3]
# name 10 = par/sat/log: PAR/Logarithmic, Satlantic
# name 11 = turbWETntu0: Turbidity, WET Labs ECO [NTU]
# name 12 = prdM: Pressure, Strain Gauge [db]
# name 13 = prdE: Pressure, Strain Gauge [psi]
# name 14 = tv290C: Temperature [ITS-90, deg C]
# name 15 = flag:  0.000e+00
# span 0 =     -0.430,     10.521       
# span 1 =     -0.199,      0.164       
# span 2 =     2.8148,     9.5010       
# span 3 =     28.576,    118.951       
# span 4 =   -637.725,    126.599       
# span 5 =-486.225894, 121.782189       
# span 6 =    -4.5000,    29.0700       
# span 7 =    -2.9969,    11.8502       
# span 8 =    -7.0290,     6.6456       
# span 9 =    -6.1758,     7.6140       
# span 10 = 2.6152e-01, 2.9125e+03      
# span 11 =   -10.1438,   704.7378      
# span 12 =     -0.422,     10.318      
# span 13 =     -0.612,     14.965      
# span 14 =    12.8688,    26.8860      
# span 15 = 0.0000e+00, 0.0000e+00      
# interval = seconds: 0.25
# start_time = Aug 14 2024 09:51:09 [Instrument's time stamp, header]
# bad_flag = -9.990e-29
*END*
[from data line 995]
      8.444      0.083     4.7227     43.867     97.217  74.301009    28.0800     2.1073     0.1704     0.7191 5.3566e+00     2.8326      8.281     12.010    13.1958 0.0000e+00
      8.464      0.084     4.6960     43.625     78.200  59.785364    28.0800     2.1378     0.1704     0.7191 5.4695e+00     2.8175      8.300     12.039    13.1903 0.0000e+00
      8.484      0.085     4.6644     43.438     46.558  35.630465    27.9000     2.1149     0.1278     0.4653 5.4565e+00     2.8477      8.320     12.067    13.1890 0.0000e+00
      8.505      0.087     4.6314     43.289     -6.190  -4.620979    27.9000     2.1378     0.1278     0.4653 5.2199e+00     2.8024      8.341     12.097    13.1907 0.0000e+00
      8.528      0.089     4.6009     43.146    -94.134 -71.704688    27.9000     2.0653     0.1278     0.4653 4.8513e+00     2.8175      8.363     12.130    13.1906 0.0000e+00
      8.552      0.091     4.5761     42.969   -240.715-183.491670    27.9000     2.0424     0.1278     0.4653 4.6289e+00     2.8175      8.387     12.164    13.1845 0.0000e+00
      8.577      0.093     4.5577     42.727   -485.030-369.791786    27.8100     2.0577     0.0852     0.4230 4.4687e+00     2.7873      8.411     12.199    13.1731 0.0000e+00
      8.601      0.093     4.5434     42.415   -637.725-486.225894    27.8100     2.0653     0.0852     0.4230 4.3471e+00     2.6966      8.435     12.234    13.1606 0.0000e+00
      8.625      0.091     4.5294     42.058   -485.006-369.779917    27.8100     1.6991     0.0852     0.4230 4.1958e+00     2.7722      8.458     12.268    13.1497 0.0000e+00
      8.648      0.088     4.5117     41.695   -240.664-183.468761    27.8100     1.6686     0.0852     0.4230 4.0586e+00     2.9232      8.481     12.301    13.1416 0.0000e+00
      8.670      0.086     4.4870     41.366    -94.064 -71.686610    27.8100     1.6953     0.0852     0.4230 3.9353e+00     2.7722      8.503     12.332    13.1366 0.0000e+00
      8.692      0.083     4.4546     41.108     -6.119  -4.634878    27.8100     1.6953     0.1278     0.4230 3.9114e+00     2.7722      8.523     12.363    13.1344 0.0000e+00
      8.712      0.080     4.4170     40.936     46.629  35.572889    27.8100     1.3787     0.1278     0.4230 3.8124e+00     2.7420      8.543     12.392    13.1343 0.0000e+00
      8.732      0.077     4.3786     40.858     78.255  59.672748    27.8100     1.3672     0.1278     0.4230 3.7467e+00     2.7873      8.563     12.420    13.1352 0.0000e+00
      8.751      0.074     4.3441     40.869     97.216  74.119300    27.8100     1.3787     0.1278     0.4230 3.5749e+00     2.7571      8.582     12.447    13.1357 0.0000e+00
      8.770      0.071     4.3171     40.939    108.608  82.796926    27.7200     1.3596     0.1704     0.4230 3.4738e+00     2.8628      8.600     12.474    13.1337 0.0000e+00
      8.788      0.069     4.2995     41.032    115.466  88.019660    27.7200     1.3214     0.1704     0.4230 3.4799e+00     2.8175      8.618     12.499    13.1288 0.0000e+00
      8.805      0.067     4.2918     41.131    119.593  91.160251    27.7200     1.3138     0.1704     0.4230 3.4445e+00     2.8326      8.634     12.523    13.1231 0.0000e+00
      8.821      0.065     4.2934     41.225    122.080  93.052193    27.7200     1.3176     0.1704     0.4230 3.3793e+00     2.8628      8.650     12.546    13.1184 0.0000e+00
      8.837      0.065     4.3011     41.298    123.586  94.196008    27.7200     1.3062     0.1278     0.3384 3.2773e+00     2.7571      8.666     12.569    13.1151 0.0000e+00
      8.853      0.065     4.3111     41.339    124.481  94.870739    27.7200     1.3291     0.1278     0.3384 3.2103e+00     2.8024      8.682     12.592    13.1125 0.0000e+00
      8.870      0.067     4.3217     41.347    124.986  95.242328    27.7200     1.3062     0.1278     0.3384 3.1805e+00     2.8024      8.698     12.616    13.1103 0.0000e+00
      8.886      0.069     4.3318     41.326    125.291  95.451824    27.7200     1.3100     0.1278     0.3384 3.1626e+00     2.7873      8.714     12.639    13.1084 0.0000e+00
      8.904      0.072     4.3396     41.276    125.524  95.601045    27.6300     1.3367     0.1278     0.3807 3.1087e+00     2.8024      8.732     12.664    13.1066 0.0000e+00
      8.922      0.076     4.3442     41.188    125.705  95.709803    27.6300     1.3138     0.1278     0.3807 2.9953e+00     3.1045      8.750     12.691    13.1036 0.0000e+00
      8.942      0.079     4.3456     41.040    125.806  95.759146    27.6300     1.3024     0.1278     0.3807 2.9240e+00     2.9837      8.769     12.719    13.0981 0.0000e+00
      8.964      0.083     4.3443     40.813    125.855  95.772220    27.6300     1.3100     0.1278     0.3807 2.7911e+00     3.0592      8.790     12.749    13.0892 0.0000e+00
      8.986      0.085     4.3401     40.506    125.922  95.802461    27.6300     1.3214     0.1278     0.3807 2.6614e+00     3.0441      8.812     12.780    13.0779 0.0000e+00
      9.008      0.086     4.3319     40.126    126.004  95.847943    27.7200     0.8751     0.1278     0.4230 2.6189e+00     2.9988      8.834     12.812    13.0661 0.0000e+00
      9.031      0.086     4.3174     39.686    126.050  95.868846    27.7200     0.8866     0.1278     0.4230 2.5103e+00     2.9988      8.856     12.844    13.0551 0.0000e+00
      9.053      0.086     4.2944     39.208    126.044  95.852761    27.7200     0.8560     0.1278     0.4230 2.4182e+00     3.0592      8.878     12.876    13.0454 0.0000e+00
      9.075      0.085     4.2629     38.717    126.036  95.837357    27.7200     0.8942     0.1278     0.4230 2.3827e+00     3.0894      8.899     12.907    13.0372 0.0000e+00
      9.096      0.084     4.2235     38.238    126.099  95.876468    27.7200     0.8904     0.1704     0.2961 2.3209e+00     3.1347      8.920     12.937    13.0304 0.0000e+00
      9.117      0.084     4.1777     37.786    126.211  95.954548    27.7200     0.8866     0.1704     0.2961 2.2809e+00     2.9535      8.940     12.967    13.0248 0.0000e+00
      9.138      0.084     4.1279     37.359    126.286  96.004507    27.7200     0.9056     0.1704     0.2961 2.2193e+00     3.1045      8.961     12.997    13.0203 0.0000e+00
      9.159      0.084     4.0766     36.947    126.314  96.019685    27.7200     0.8866     0.1704     0.2961 2.1537e+00     2.9535      8.982     13.027    13.0166 0.0000e+00
      9.181      0.084     4.0264     36.528    126.344  96.036099    27.7200     0.6272     0.1278     0.2961 2.0572e+00     3.4671      9.003     13.058    13.0133 0.0000e+00
      9.203      0.084     3.9790     36.075    126.388  96.064119    27.7200     0.6577     0.1278     0.2961 1.9497e+00     3.5275      9.025     13.090    13.0104 0.0000e+00
      9.225      0.084     3.9343     35.559    126.433  96.093236    27.7200     0.6119     0.1278     0.2961 1.8542e+00     3.5577      9.046     13.121    13.0077 0.0000e+00
      9.246      0.083     3.8911     34.965    126.447  96.099244    27.7200     0.6462     0.1278     0.2961 1.8526e+00     3.5124      9.067     13.151    13.0051 0.0000e+00
      9.266      0.083     3.8473     34.302    126.453  96.099731    27.7200     0.5699     0.1278     0.2961 1.8430e+00     4.0109      9.087     13.180    13.0026 0.0000e+00
      9.287      0.084     3.7997     33.606    126.497  96.128792    27.7200     0.5585     0.1278     0.1269 1.7839e+00     3.9656      9.108     13.209    13.0005 0.0000e+00
      9.308      0.085     3.7456     32.925    126.559  96.172198    27.7200     0.6005     0.1278     0.1269 1.7835e+00     3.9807      9.128     13.239    12.9985 0.0000e+00
      9.329      0.087     3.6831     32.299    126.599  96.199565    27.7200     0.5585     0.1278     0.1269 1.6984e+00     3.9958      9.149     13.270    12.9968 0.0000e+00
      9.352      0.088     3.6134     31.752    126.584  96.186221    27.7200     0.5547     0.1278     0.1269 1.6114e+00     4.7360      9.171     13.302    12.9951 0.0000e+00
      9.375      0.090     3.5403     31.296    126.546  96.154583    27.7200     0.5356     0.1278     0.1692 1.5439e+00     4.7662      9.194     13.335    12.9935 0.0000e+00
      9.399      0.091     3.4686     30.941    126.531  96.138174    27.7200     0.5470     0.1278     0.1692 1.4715e+00     4.6756      9.217     13.368    12.9920 0.0000e+00
      9.422      0.092     3.4028     30.689    126.508  96.114635    27.7200     0.5356     0.1278     0.1692 1.4607e+00     4.6454      9.240     13.402    12.9908 0.0000e+00
      9.445      0.092     3.3452     30.535    126.445  96.059706    27.7200     0.5776     0.1278     0.1692 1.4349e+00     4.9626      9.263     13.435    12.9898 0.0000e+00
      9.469      0.092     3.2972     30.476    126.378  96.000697    27.6300     0.5928     0.1704     0.3384 1.3428e+00     5.0381      9.286     13.468    12.9887 0.0000e+00
      9.493      0.091     3.2599     30.514    126.378  95.993803    27.6300     0.5814     0.1704     0.3384 1.2855e+00     4.9928      9.309     13.502    12.9869 0.0000e+00
      9.516      0.090     3.2335     30.656    126.432  96.029192    27.6300     0.5966     0.1704     0.3384 1.2636e+00     4.9475      9.332     13.536    12.9844 0.0000e+00
      9.540      0.088     3.2176     30.901    126.436  96.028386    27.6300     0.6996     0.1704     0.3384 1.2127e+00     4.6756      9.355     13.569    12.9814 0.0000e+00
      9.562      0.086     3.2115     31.234    126.358  95.967195    27.8100     0.6844     0.1278     0.2538 1.1456e+00     4.6756      9.377     13.600    12.9784 0.0000e+00
      9.583      0.084     3.2157     31.627    126.282  95.905227    27.8100     0.7111     0.1278     0.2538 1.1539e+00     4.6454      9.398     13.631    12.9756 0.0000e+00
      9.604      0.082     3.2309     32.048    126.268  95.887896    27.8100     0.6996     0.1278     0.2538 1.1298e+00     4.7813      9.418     13.660    12.9735 0.0000e+00
      9.624      0.081     3.2569     32.476    126.271  95.880609    27.8100     0.6386     0.1278     0.2538 1.1106e+00     4.7360      9.438     13.689    12.9721 0.0000e+00
      9.645      0.079     3.2920     32.901    126.257  95.859445    27.8100     0.6539     0.1278     0.2538 1.0450e+00     4.6756      9.458     13.718    12.9712 0.0000e+00
      9.665      0.078     3.3335     33.326    126.250  95.844735    28.3500     0.6157     0.1278     0.2115 1.0373e+00     4.6756      9.478     13.747    12.9697 0.0000e+00
      9.685      0.076     3.3781     33.760    126.240  95.830556    28.3500     0.6424     0.1278     0.2115 1.0095e+00     4.7813      9.498     13.775    12.9670 0.0000e+00
      9.704      0.074     3.4235     34.213    126.218  95.809131    28.3500     0.7225     0.1278     0.2115 9.5469e-01     4.5396      9.517     13.803    12.9631 0.0000e+00
      9.723      0.072     3.4687     34.682    126.199  95.790731    28.3500     0.7111     0.1278     0.2115 9.3966e-01     4.4792      9.535     13.829    12.9589 0.0000e+00
      9.741      0.071     3.5138     35.159    126.189  95.778441    28.4400     0.7073     0.1278     0.0846 9.3599e-01     4.4490      9.552     13.854    12.9551 0.0000e+00
      9.758      0.070     3.5598     35.632    126.176  95.760994    28.4400     0.7225     0.1278     0.0846 9.2407e-01     4.4490      9.569     13.879    12.9525 0.0000e+00
      9.775      0.070     3.6076     36.077    126.131  95.717750    28.4400     0.7149     0.1278     0.0846 9.0107e-01     4.2224      9.586     13.904    12.9507 0.0000e+00
      9.793      0.070     3.6573     36.473    126.065  95.655161    28.4400     0.6996     0.1278     0.0846 8.8727e-01     4.2375      9.603     13.929    12.9491 0.0000e+00
      9.811      0.071     3.7078     36.821    126.013  95.602489    28.3500     0.7225     0.1278     0.2538 8.8362e-01     4.1620      9.621     13.954    12.9472 0.0000e+00
      9.830      0.072     3.7579     37.133    125.976  95.559675    28.3500     0.7340     0.1278     0.2538 8.4714e-01     4.3130      9.639     13.981    12.9444 0.0000e+00
      9.848      0.072     3.8051     37.433    125.932  95.513303    28.3500     0.7187     0.1278     0.2538 7.8510e-01     4.0562      9.658     14.007    12.9406 0.0000e+00
      9.867      0.071     3.8473     37.748    125.874  95.456999    28.3500     0.6882     0.1278     0.2538 7.2760e-01     3.9958      9.676     14.034    12.9359 0.0000e+00
      9.885      0.070     3.8845     38.098    125.817  95.403722    28.2600     0.6806     0.1704     0.1269 7.3555e-01     4.0260      9.694     14.060    12.9304 0.0000e+00
      9.903      0.068     3.9179     38.492    125.778  95.365237    28.2600     0.7111     0.1704     0.1269 7.0734e-01     4.0562      9.712     14.086    12.9247 0.0000e+00
      9.920      0.065     3.9499     38.926    125.759  95.343269    28.2600     0.5547     0.1704     0.1269 6.6155e-01     3.6332      9.729     14.110    12.9193 0.0000e+00
      9.937      0.062     3.9836     39.377    125.784  95.355935    28.2600     0.5738     0.1704     0.1269 6.5696e-01     3.7239      9.745     14.134    12.9145 0.0000e+00
      9.952      0.058     4.0210     39.810    125.829  95.384636    28.2600     0.6005     0.1704     0.1269 6.8421e-01     3.7692      9.760     14.155    12.9104 0.0000e+00
      9.967      0.055     4.0628     40.202    125.849  95.395066    28.2600     0.5585     0.1278     0.2961 6.4005e-01     3.8145      9.774     14.176    12.9069 0.0000e+00
      9.980      0.052     4.1089     40.538    125.856  95.396002    28.2600     0.5547     0.1278     0.2961 6.4986e-01     3.7843      9.787     14.195    12.9040 0.0000e+00
      9.993      0.048     4.1567     40.806    125.877  95.409670    28.2600     0.5547     0.1278     0.2961 6.4606e-01     3.7994      9.799     14.213    12.9015 0.0000e+00
     10.004      0.045     4.2027     40.997    125.911  95.433722    28.2600     0.5394     0.1278     0.2961 6.4690e-01     3.8598      9.811     14.230    12.8993 0.0000e+00
     10.015      0.043     4.2443     41.104    125.931  95.448597    28.2600     0.5203     0.1278     0.3384 6.2848e-01     3.6484      9.822     14.245    12.8974 0.0000e+00
     10.026      0.041     4.2798     41.127    125.912  95.434285    28.2600     0.5585     0.1278     0.3384 6.2412e-01     3.6332      9.832     14.260    12.8959 0.0000e+00
     10.035      0.039     4.3082     41.081    125.850  95.386971    28.2600     0.5394     0.1278     0.3384 6.2861e-01     3.5124      9.841     14.274    12.8948 0.0000e+00
     10.045      0.039     4.3284     40.981    125.810  95.355974    28.2600     0.5356     0.1278     0.3384 6.1926e-01     3.5275      9.851     14.287    12.8942 0.0000e+00
     10.054      0.040     4.3397     40.839    125.830  95.368993    28.0800     0.5432     0.1704     0.2961 6.1044e-01     3.5426      9.860     14.300    12.8941 0.0000e+00
     10.064      0.042     4.3422     40.668    125.845  95.377552    28.0800     0.5165     0.1704     0.2961 5.8372e-01     3.3009      9.869     14.314    12.8941 0.0000e+00
     10.074      0.045     4.3373     40.483    125.849  95.375941    28.0800     0.5203     0.1704     0.2961 5.9279e-01     3.1952      9.879     14.329    12.8940 0.0000e+00
     10.086      0.049     4.3268     40.301    125.899  95.407685    28.0800     0.5318     0.1704     0.2961 5.9138e-01     3.3160      9.891     14.345    12.8937 0.0000e+00
     10.099      0.053     4.3119     40.137    125.985  95.465267    28.0800     0.5470     0.1704     0.2961 5.8131e-01     3.3160      9.904     14.364    12.8930 0.0000e+00
     10.114      0.057     4.2939     39.994    126.069  95.522083    27.9900     0.5585     0.1278     0.1692 5.7104e-01     3.9656      9.918     14.385    12.8917 0.0000e+00
