Data/DataNotYetUploadedToEDI/Raw_CTD/RawDownloads/081524_ccr88_S8188006.cnv
* Sea-Bird SBE19plus  Data File:
* FileName = C:\R\Reservoirs\Data\DataNotYetUploadedToEDI\Raw_CTD\RawDownloads\081424_ccr50_S8188_0006.hex
* Software version 2.8.0.119
* Temperature SN = 8188
* Conductivity SN = 8188
* System UpLoad Time = Aug 16 2024 10:38:08
* <ApplicationData>
* <Seaterm232>
# nquan = 13
# nvalues = 776                         
# units = specified
# name 0 = depFM: Depth [fresh water, m]
# name 1 = dz/dtM: Descent Rate [m/s]
# name 2 = sbeox0Mg/L: Oxygen, SBE 43 [mg/l]
# name 3 = sbeox0PS: Oxygen, SBE 43 [% saturation]
# name 4 = specc: Specific Conductance [uS/cm]
# name 5 = c0uS/cm: Conductivity [uS/cm]
# name 6 = flECO-AFL: Fluorescence, WET Labs ECO-AFL/FL [mg/m^3]
# name 7 = par/sat/log: PAR/Logarithmic, Satlantic
# name 8 = turbWETntu0: Turbidity, WET Labs ECO [NTU]
# name 9 = prdM: Pressure, Strain Gauge [db]
# name 10 = prdE: Pressure, Strain Gauge [psi]
# name 11 = tv290C: Temperature [ITS-90, deg C]
# name 12 = flag:  0.000e+00
# span 0 =     -0.453,      9.846       
# span 1 =     -0.361,      0.294       
# span 2 =     2.4380,    10.1239       
# span 3 =     23.875,    118.358       
# span 4 =  -1615.969,    126.906       
# span 5 = -1.228e+03, 125.328346       
# span 6 =    -0.3752,   245.1231       
# span 7 = 9.1565e-01, 1.6479e+03       
# span 8 =    -0.8492,   944.8447       
# span 9 =     -0.445,      9.657       
# span 10 =     -0.645,     14.006      
# span 11 =    12.9685,    28.2955      
# span 12 = 0.0000e+00, 0.0000e+00      
# interval = seconds: 0.25
# start_time = Aug 15 2024 15:50:35 [Instrument's time stamp, header]
# bad_flag = -9.990e-29
*END*
     -0.450      0.001     8.5065    100.947      5.635   5.617166    -0.3722 6.4948e+02    -0.7890     -0.441     -0.640    24.8196 0.0000e+00
     -0.449      0.000     8.4996     99.755      6.676   6.654611    -0.3665 6.1309e+02    -0.7859     -0.440     -0.639    24.8250 0.0000e+00
     -0.449      0.000     8.4895     98.530      7.882   7.861548    -0.3689 5.7081e+02    -0.8221     -0.440     -0.639    24.8333 0.0000e+00
     -0.449      0.005     8.4551     97.493     14.651  14.649328    -0.3752 5.3975e+02    -0.8492     -0.441     -0.639    24.8324 0.0000e+00
     -0.449      0.020     8.3751     96.795     37.659  37.971717    -0.3734 5.3985e+02    -0.8044     -0.441     -0.639    24.8415 0.0000e+00
     -0.449      0.051     8.2681     96.496     75.565  77.064751    -0.3731 5.7545e+02    -0.7274     -0.440     -0.638    24.8307 0.0000e+00
     -0.448      0.094     8.1583     96.556    106.646 109.997090    -0.3012 6.4079e+02    -0.3639     -0.441     -0.640    24.8496 0.0000e+00
     -0.433      0.139     8.0719     96.940    117.443 122.340837    -0.1544 7.1351e+02     0.2954     -0.439     -0.636    24.8208 0.0000e+00
     -0.386      0.180     7.9978     97.582    117.981 123.843647    -0.0725 7.5164e+02     0.6518     -0.391     -0.567    24.9094 0.0000e+00
     -0.310      0.215     7.8695     98.387    117.674 124.144879    -0.0569 7.1889e+02     0.6489     -0.303     -0.439    25.6401 0.0000e+00
     -0.231      0.240     7.7446     99.300    117.314 124.142436     0.0087 6.3177e+02     0.3980     -0.220     -0.318    26.5489 0.0000e+00
     -0.167      0.249     7.6961    100.329    117.064 124.087496     0.1223 5.4367e+02    -0.0479     -0.159     -0.231    27.1311 0.0000e+00
     -0.111      0.239     7.6965    101.477    116.911 124.026558     0.1806 4.5062e+02    -0.2784     -0.114     -0.164    27.5266 0.0000e+00
     -0.050      0.218     7.7263    102.623    116.683 123.815023     0.1844 3.5753e+02    -0.2945     -0.052     -0.075    27.7786 0.0000e+00
      0.012      0.195     7.7776    103.627    116.411 123.507795     0.2032 3.0610e+02    -0.3112      0.020      0.028    27.9284 0.0000e+00
      0.061      0.173     7.8450    104.473    116.272 123.312829     0.2342 2.8898e+02    -0.3078      0.063      0.092    28.0077 0.0000e+00
      0.100      0.148     7.9335    105.122    116.246 123.230907     0.2472 2.6216e+02    -0.2887      0.097      0.141    28.0458 0.0000e+00
      0.134      0.119     8.0285    105.494    116.316 123.267427     0.2394 2.1944e+02    -0.2859      0.137      0.198    28.0567 0.0000e+00
      0.159      0.091     8.1054    105.589    116.457 123.413308     0.2173 1.9552e+02    -0.3087      0.157      0.227    28.0460 0.0000e+00
      0.178      0.067     8.1768    105.444    116.575 123.562479     0.1880 1.9019e+02    -0.3244      0.175      0.253    28.0220 0.0000e+00
      0.192      0.046     8.2355    105.131    116.678 123.707019     0.1717 1.9045e+02    -0.3032      0.193      0.279    27.9947 0.0000e+00
      0.199      0.029     8.2657    104.745    116.795 123.865114     0.1676 1.9230e+02    -0.2930      0.196      0.285    27.9762 0.0000e+00
      0.202      0.018     8.2728    104.302    116.874 123.973556     0.1646 1.8870e+02    -0.3036      0.198      0.287    27.9750 0.0000e+00
      0.202      0.011     8.2578    103.808    116.879 123.995165     0.1705 1.8682e+02    -0.2941      0.199      0.288    27.9892 0.0000e+00
      0.202      0.009     8.2268    103.263    116.864 123.990000     0.1779 1.8957e+02    -0.2813      0.197      0.286    28.0061 0.0000e+00
      0.202      0.010     8.1945    102.405    116.905 124.047520     0.1760 1.8973e+02    -0.2867      0.197      0.286    28.0210 0.0000e+00
      0.205      0.014     8.1600    100.850    116.979 124.145019     0.1740 1.8631e+02    -0.2912      0.200      0.290    28.0324 0.0000e+00
      0.210      0.021     8.1158     98.492    117.024 124.214013     0.1710 1.8154e+02    -0.3011      0.205      0.297    28.0384 0.0000e+00
      0.216      0.035     8.0811     95.556    116.986 124.199698     0.1646 1.7799e+02    -0.3371      0.212      0.308    28.0419 0.0000e+00
      0.222      0.050     8.0292     92.627    116.876 124.108388     0.1669 1.7624e+02    -0.3486      0.217      0.317    28.0474 0.0000e+00
      0.229      0.063     7.9062     90.273    116.813 124.064893     0.1725 1.7378e+02    -0.3029      0.220      0.319    28.0559 0.0000e+00
      0.249      0.071     7.7174     88.477    116.812 124.083073     0.1719 1.7497e+02    -0.2654      0.237      0.344    28.0649 0.0000e+00
      0.282      0.073     7.4684     86.935    116.773 124.055413     0.1771 1.7701e+02    -0.2732      0.279      0.406    28.0764 0.0000e+00
      0.312      0.071     7.2145     85.533    116.715 124.003296     0.1835 1.7721e+02    -0.2938      0.313      0.453    28.0877 0.0000e+00
      0.328      0.064     7.0352     84.278    116.704 123.998588     0.1795 1.7871e+02    -0.3090      0.324      0.469    28.0974 0.0000e+00
      0.338      0.051     6.9065     83.229    116.701 123.998495     0.1720 1.7834e+02    -0.3202      0.332      0.480    28.1064 0.0000e+00
      0.345      0.038     6.7855     82.440    116.706 124.002175     0.1707 1.7909e+02    -0.3254      0.339      0.490    28.1118 0.0000e+00
      0.351      0.028     6.6758     81.945    116.745 124.043084     0.1720 1.7884e+02    -0.3375      0.345      0.499    28.1157 0.0000e+00
      0.358      0.023     6.5756     81.866    116.785 124.083893     0.1710 1.7449e+02    -0.3635      0.351      0.509    28.1192 0.0000e+00
      0.363      0.020     6.4908     82.245    116.795 124.086355     0.1759 1.7158e+02    -0.3646      0.357      0.518    28.1205 0.0000e+00
      0.368      0.017     6.4313     82.831    116.799 124.072840     0.1789 1.6993e+02    -0.3506      0.361      0.524    28.1190 0.0000e+00
      0.372      0.014     6.3871     83.271    116.804 124.056865     0.1723 1.6920e+02    -0.3668      0.364      0.529    28.1183 0.0000e+00
      0.375      0.010     6.3774     83.414    116.795 124.029585     0.1832 1.6896e+02    -0.3534      0.368      0.534    28.1197 0.0000e+00
      0.378      0.007     6.4159     83.368    116.795 124.015795     0.2151 1.6752e+02    -0.2919      0.371      0.539    28.1164 0.0000e+00
      0.379      0.004     6.4753     83.380    116.818 124.026508     0.2295 1.6724e+02    -0.2764      0.372      0.540    28.1075 0.0000e+00
      0.379      0.002     6.5145     83.628    116.826 124.022689     0.2275 1.6864e+02    -0.3028      0.372      0.539    28.0978 0.0000e+00
      0.379     -0.001     6.5233     84.144    116.786 123.969600     0.2167 1.6896e+02    -0.3028      0.372      0.540    28.0896 0.0000e+00
      0.379     -0.004     6.5119     84.931    116.758 123.930232     0.1851 1.6898e+02    -0.3104      0.372      0.539    28.0841 0.0000e+00
      0.378     -0.006     6.5070     85.921    116.789 123.955915     0.1665 1.6819e+02    -0.3258      0.370      0.537    28.0785 0.0000e+00
      0.377     -0.006     6.5293     86.964    116.843 124.007292     0.1740 1.6732e+02    -0.3176      0.369      0.536    28.0727 0.0000e+00
      0.374     -0.006     6.5679     87.853    116.847 124.005790     0.1892 1.6652e+02    -0.3490      0.367      0.532    28.0685 0.0000e+00
      0.371     -0.006     6.6325     88.358    116.787 123.937740     0.2113 1.6477e+02    -0.3961      0.364      0.528    28.0645 0.0000e+00
      0.369     -0.008     6.7145     88.367    116.724 123.866555     0.2327 1.6695e+02    -0.3716      0.361      0.523    28.0611 0.0000e+00
      0.369     -0.014     6.8014     87.957    116.696 123.827127     0.2397 1.6915e+02    -0.3272      0.361      0.524    28.0588 0.0000e+00
      0.369     -0.024     6.8792     87.355    116.747 123.870236     0.2185 1.6784e+02    -0.3406      0.363      0.526    28.0562 0.0000e+00
      0.366     -0.035     6.9222     86.835    116.851 123.978526     0.1925 1.6753e+02    -0.3624      0.362      0.525    28.0542 0.0000e+00
      0.357     -0.044     6.9208     86.538    116.904 124.045188     0.1853 1.6887e+02    -0.3501      0.353      0.514    28.0533 0.0000e+00
      0.338     -0.047     6.8821     86.280    116.849 123.994208     0.1757 1.7422e+02    -0.3630      0.334      0.484    28.0499 0.0000e+00
      0.315     -0.044     6.8278     85.669    116.647 123.771376     0.1626 1.8013e+02    -0.3815      0.307      0.445    28.0418 0.0000e+00
      0.296     -0.038     6.7815     84.480    116.377 123.465262     0.1574 1.8311e+02    -0.3675      0.285      0.414    28.0401 0.0000e+00
      0.291     -0.033     6.7625     82.777    116.231 123.293929     0.1562 1.8361e+02    -0.3315      0.281      0.408    28.0486 0.0000e+00
      0.295     -0.030     6.7566     80.798    116.337 123.404862     0.1564 1.7957e+02    -0.2886      0.290      0.421    28.0535 0.0000e+00
      0.299     -0.030     6.7157     78.971    116.623 123.715297     0.1609 1.7901e+02    -0.2956      0.297      0.431    28.0499 0.0000e+00
      0.292     -0.030     6.6207     77.878    116.857 123.978224     0.1669 1.8114e+02    -0.3135      0.291      0.421    28.0372 0.0000e+00
      0.275     -0.026     6.4828     77.872    116.852 123.992156     0.1677 1.8532e+02    -0.2988      0.271      0.393    28.0288 0.0000e+00
      0.253     -0.016     6.3166     78.715    116.614 123.747363     0.1703 1.8984e+02    -0.2897      0.245      0.355    28.0307 0.0000e+00
      0.239     -0.001     6.1553     79.934    116.361 123.473818     0.1720 1.9019e+02    -0.3065      0.226      0.327    28.0321 0.0000e+00
      0.246      0.017     6.0542     81.191    116.245 123.344688     0.1712 1.9066e+02    -0.3300      0.235      0.341    28.0390 0.0000e+00
      0.268      0.032     6.0640     82.215    116.317 123.413700     0.1778 1.8672e+02    -0.3339      0.264      0.383    28.0510 0.0000e+00
      0.290      0.040     6.1459     82.825    116.529 123.626192     0.1832 1.8479e+02    -0.3535      0.287      0.416    28.0550 0.0000e+00
      0.304      0.040     6.2478     82.982    116.700 123.799588     0.1837 1.8647e+02    -0.3959      0.300      0.435    28.0487 0.0000e+00
      0.310      0.031     6.3553     82.716    116.765 123.873313     0.1843 1.8571e+02    -0.3996      0.306      0.444    28.0466 0.0000e+00
      0.311      0.020     6.4405     82.070    116.785 123.903765     0.1823 1.8428e+02    -0.3632      0.306      0.443    28.0463 0.0000e+00
      0.311      0.013     6.4895     81.085    116.776 123.894986     0.1766 1.8455e+02    -0.3338      0.304      0.441    28.0374 0.0000e+00
      0.313      0.011     6.5014     79.868    116.725 123.835373     0.1679 1.8420e+02    -0.3198      0.307      0.446    28.0322 0.0000e+00
      0.317      0.011     6.4783     78.595    116.692 123.796810     0.1633 1.8193e+02    -0.3309      0.311      0.451    28.0370 0.0000e+00
      0.321      0.012     6.4271     77.487    116.726 123.837946     0.1637 1.8116e+02    -0.3648      0.315      0.457    28.0429 0.0000e+00
      0.325      0.013     6.3470     76.765    116.792 123.923522     0.1647 1.7865e+02    -0.3519      0.319      0.462    28.0427 0.0000e+00
      0.328      0.014     6.2470     76.501    116.796 123.944877     0.1672 1.7790e+02    -0.3122      0.322      0.467    28.0388 0.0000e+00
      0.330      0.015     6.1425     76.597    116.735 123.891562     0.1667 1.7790e+02    -0.2957      0.323      0.469    28.0360 0.0000e+00
      0.333      0.016     6.0473     76.849    116.671 123.824544     0.1674 1.7645e+02    -0.2904      0.326      0.472    28.0381 0.0000e+00
      0.338      0.016     5.9885     76.988    116.613 123.748410     0.1762 1.7687e+02    -0.3172      0.332      0.481    28.0458 0.0000e+00
      0.344      0.015     5.9702     76.798    116.553 123.653056     0.1861 1.7773e+02    -0.3449      0.338      0.490    28.0549 0.0000e+00
      0.349      0.012     5.9826     76.227    116.497 123.558219     0.1831 1.7808e+02    -0.3507      0.343      0.497    28.0599 0.0000e+00
      0.353      0.010     6.0103     75.360    116.519 123.556540     0.1741 1.7742e+02    -0.3532      0.346      0.503    28.0608 0.0000e+00
      0.354      0.009     6.0289     74.391    116.600 123.632710     0.1738 1.7691e+02    -0.3405      0.348      0.505    28.0560 0.0000e+00
      0.353      0.010     6.0163     73.644    116.625 123.660725     0.1712 1.7685e+02    -0.3348      0.347      0.504    28.0400 0.0000e+00
      0.353      0.012     5.9707     73.352    116.585 123.622462     0.1771 1.7485e+02    -0.3528      0.345      0.501    28.0221 0.0000e+00
      0.355      0.015     5.9004     73.477    116.544 123.579300     0.2007 1.7245e+02    -0.3175      0.345      0.500    28.0112 0.0000e+00
      0.363      0.019     5.8136     73.827    116.512 123.548083     0.2225 1.7213e+02    -0.2515      0.355      0.514    28.0065 0.0000e+00
      0.372      0.020     5.7470     74.203    116.479 123.517830     0.2329 1.7362e+02    -0.2762      0.367      0.531    28.0097 0.0000e+00
      0.378      0.020     5.7263     74.392    116.447 123.486337     0.2318 1.7635e+02    -0.3413      0.371      0.538    28.0125 0.0000e+00
      0.382      0.018     5.7432     74.218    116.407 123.440117     0.2268 1.7638e+02    -0.3520      0.374      0.543    28.0108 0.0000e+00
      0.386      0.014     5.7747     73.653    116.348 123.368203     0.2237 1.7587e+02    -0.3369      0.379      0.549    28.0116 0.0000e+00
      0.388      0.010     5.8100     72.806    116.295 123.298850     0.2285 1.7517e+02    -0.3299      0.382      0.553    28.0155 0.0000e+00
      0.390      0.008     5.8307     71.855    116.295 123.283574     0.2328 1.7285e+02    -0.3365      0.383      0.555    28.0170 0.0000e+00
      0.391      0.007     5.8174     70.955    116.342 123.319886     0.2332 1.7242e+02    -0.3485      0.384      0.557    28.0149 0.0000e+00
      0.393      0.007     5.7706     70.225    116.361 123.328665     0.2421 1.7312e+02    -0.3369      0.385      0.559    28.0107 0.0000e+00
      0.394      0.006     5.6990     69.742    116.298 123.253296     0.2444 1.7363e+02    -0.3336      0.387      0.561    28.0046 0.0000e+00
      0.396      0.005     5.6213     69.492    116.220 123.158821     0.2350 1.7360e+02    -0.3435      0.389      0.564    27.9975 0.0000e+00
      0.399      0.004     5.5485     69.359    116.218 123.141189     0.2325 1.7323e+02    -0.3182      0.392      0.567    27.9910 0.0000e+00
      0.401      0.001     5.4892     69.237    116.266 123.176483     0.2310 1.7142e+02    -0.2682      0.394      0.570    27.9869 0.0000e+00
      0.401     -0.001     5.4515     69.102    116.277 123.176326     0.2265 1.7064e+02    -0.2542      0.394      0.571    27.9841 0.0000e+00
      0.399     -0.003     5.4370     68.971    116.247 123.139273     0.2295 1.7038e+02    -0.2863      0.392      0.568    27.9794 0.0000e+00
      0.396     -0.004     5.4306     68.831    116.247 123.137683     0.2325 1.7078e+02    -0.3130      0.389      0.564    27.9722 0.0000e+00
      0.394     -0.004     5.4218     68.645    116.265 123.157098     0.2288 1.7287e+02    -0.3366      0.387      0.561    27.9645 0.0000e+00
      0.394     -0.003     5.4108     68.375    116.215 123.101214     0.2283 1.7304e+02    -0.3659      0.386      0.560    27.9589 0.0000e+00
      0.394     -0.001     5.4013     68.016    116.138 123.007604     0.2347 1.7409e+02    -0.3579      0.386      0.560    27.9569 0.0000e+00
      0.395     -0.001     5.3915     67.585    116.130 122.980073     0.2370 1.7591e+02    -0.3091      0.388      0.562    27.9570 0.0000e+00
      0.395     -0.001     5.3780     67.056    116.143 122.972909     0.2383 1.7703e+02    -0.2908      0.388      0.563    27.9579 0.0000e+00
      0.395     -0.001     5.3573     66.430    116.112 122.920957     0.2418 1.7530e+02    -0.3080      0.387      0.562    27.9572 0.0000e+00
