Data/DataNotYetUploadedToEDI/Raw_CTD/RawDownloads/081524_ccr90_S8188007.cnv
* Sea-Bird SBE19plus  Data File:
* FileName = C:\R\Reservoirs\Data\DataNotYetUploadedToEDI\Raw_CTD\RawDownloads\081424_ccr50_S8188_0007.hex
* Software version 2.8.0.119
* Temperature SN = 8188
* Conductivity SN = 8188
* System UpLoad Time = Aug 16 2024 10:38:25
* <ApplicationData>
* <Seaterm232>
# nquan = 16
# nvalues = 1042                        
# units = specified
# name 0 = depFM: Depth [fresh water, m]
# name 1 = dz/dtM: Descent Rate [m/s]
# name 2 = sbeox0Mg/L: Oxygen, SBE 43 [mg/l]
# name 3 = sbeox0PS: Oxygen, SBE 43 [% saturation]
# name 4 = specc: Specific Conductance [uS/cm]
# name 5 = c0uS/cm: Conductivity [uS/cm]
# name 6 = wetCDOM: Fluorescence, WET Labs CDOM [mg/m^3]
# name 7 = flECO-AFL: Fluorescence, WET Labs ECO-AFL/FL [mg/m^3]
# name 8 = flECO-AFL1: Fluorescence, WET Labs ECO-AFL/FL, 2 [mg/m^3]
# name 9 = flECO-AFL2: Fluorescence, WET Labs ECO-AFL/FL, 3 [mg/m^3]
# name 10 = par/sat/log: PAR/Logarithmic, Satlantic
# name 11 = turbWETntu0: Turbidity, WET Labs ECO [NTU]
# name 12 = prdM: Pressure, Strain Gauge [db]
# name 13 = prdE: Pressure, Strain Gauge [psi]
# name 14 = tv290C: Temperature [ITS-90, deg C]
# name 15 = flag:  0.000e+00
# span 0 =     -0.453,      3.867       
# span 1 =     -0.379,      0.178       
# span 2 =     4.1098,     9.7397       
# span 3 =     52.501,    122.839       
# span 4 =   -441.271,    117.368       
# span 5 =-461.752331, 125.485423       
# span 6 =    -4.5000,    40.7700       
# span 7 =    -0.4486,     3.2174       
# span 8 =    -2.1300,     2.5560       
# span 9 =    -4.6953,     5.8374       
# span 10 = 1.1607e-01, 2.1829e+03      
# span 11 =   -10.9445,   171.6470      
# span 12 =     -0.444,      3.793      
# span 13 =     -0.644,      5.501      
# span 14 =    25.6435,    28.5601      
# span 15 = 0.0000e+00, 0.0000e+00      
# interval = seconds: 0.25
# start_time = Aug 15 2024 15:58:47 [Instrument's time stamp, header]
# bad_flag = -9.990e-29
*END*
[from data line 543]
      3.834      0.006     8.0644    101.189    116.732 121.663550    17.1900     0.9094     0.6390     0.4653 3.8030e+01     5.6877      3.760      5.454    27.1024 0.0000e+00
      3.836      0.006     8.0644    101.035    116.721 121.653840    17.1900     0.8675     0.6390     0.4653 3.7132e+01     5.7481      3.761      5.456    27.1027 0.0000e+00
      3.837      0.006     8.0616    100.906    116.724 121.659060    17.1900     0.8713     0.6390     0.4653 3.6739e+01     5.7633      3.763      5.458    27.1035 0.0000e+00
      3.839      0.006     8.0553    100.838    116.720 121.656597    17.1900     0.8637     0.6390     0.4653 3.5785e+01     5.5971      3.764      5.460    27.1047 0.0000e+00
      3.840      0.005     8.0451    100.819    116.707 121.645794    23.0400     0.8217     1.1928     0.5922 3.5107e+01     4.9777      3.766      5.462    27.1058 0.0000e+00
      3.841      0.005     8.0327    100.795    116.700 121.639774    23.0400     0.8408     1.1928     0.5922 3.4925e+01     5.0381      3.767      5.464    27.1068 0.0000e+00
      3.843      0.004     8.0223    100.726    116.699 121.640933    23.0400     0.8293     1.1928     0.5922 3.3687e+01     4.9324      3.768      5.465    27.1076 0.0000e+00
      3.844      0.004     8.0168    100.597    116.703 121.645579    23.0400     0.8065     1.1928     0.5922 3.2650e+01     4.8871      3.769      5.467    27.1083 0.0000e+00
      3.845      0.003     8.0152    100.403    116.711 121.654952    23.0400     0.8103     1.1928     0.5922 3.2706e+01     3.4369      3.770      5.468    27.1091 0.0000e+00
      3.845      0.003     8.0132    100.161    116.723 121.667548    31.7700     0.8065     1.1502     1.7343 3.2842e+01     3.5275      3.771      5.469    27.1099 0.0000e+00
      3.846      0.002     8.0076     99.905    116.730 121.674726    31.7700     0.8103     1.1502     1.7343 3.2906e+01     3.4520      3.771      5.470    27.1105 0.0000e+00
      3.847      0.002     7.9973     99.669    116.741 121.686400    31.7700     0.8293     1.1502     1.7343 3.2778e+01     3.5124      3.772      5.470    27.1110 0.0000e+00
      3.847      0.002     7.9818     99.485    116.760 121.705684    31.7700     0.7950     1.1502     1.7343 3.2813e+01     3.9203      3.772      5.471    27.1113 0.0000e+00
      3.847      0.001     7.9626     99.390    116.760 121.705712    30.9600     0.8103     1.1502     1.4805 3.2970e+01     3.9505      3.772      5.471    27.1114 0.0000e+00
      3.847      0.001     7.9422     99.418    116.749 121.694495    30.9600     0.8293     1.1502     1.4805 3.3215e+01     4.0562      3.773      5.472    27.1114 0.0000e+00
      3.848      0.002     7.9234     99.572    116.748 121.693046    30.9600     0.8026     1.1502     1.4805 3.3673e+01     3.8901      3.773      5.472    27.1113 0.0000e+00
      3.848      0.002     7.9088     99.811    116.725 121.668972    30.9600     0.7645     1.1502     1.4805 3.2650e+01     2.7420      3.774      5.473    27.1113 0.0000e+00
      3.849      0.002     7.9013    100.068    116.671 121.611852    28.1700     0.7569     0.7668     1.0998 3.1761e+01     2.7722      3.774      5.474    27.1112 0.0000e+00
      3.849      0.001     7.9035    100.301    116.631 121.568467    28.1700     0.7530     0.7668     1.0998 3.0997e+01     2.7269      3.775      5.474    27.1112 0.0000e+00
      3.850      0.001     7.9158    100.499    116.638 121.573260    28.1700     0.7340     0.7668     1.0998 3.0516e+01     2.7269      3.775      5.475    27.1112 0.0000e+00
      3.850      0.001     7.9348    100.654    116.679 121.613504    28.1700     0.8293     0.7668     1.0998 3.0114e+01     2.7571      3.775      5.475    27.1111 0.0000e+00
      3.850      0.001     7.9553    100.758    116.727 121.661924    28.1700     0.8293     0.7668     1.0998 2.9666e+01     2.7873      3.775      5.475    27.1108 0.0000e+00
      3.850      0.000     7.9739    100.815    116.759 121.695422    25.6500     0.7988     0.7242     3.5955 2.9111e+01     2.8175      3.775      5.476    27.1102 0.0000e+00
      3.850      0.000     7.9897    100.848    116.773 121.710928    25.6500     0.8293     0.7242     3.5955 2.8590e+01     2.7873      3.775      5.476    27.1093 0.0000e+00
      3.850      0.000     8.0022    100.882    116.785 121.724580    25.6500     0.8980     0.7242     3.5955 2.8067e+01     3.9354      3.775      5.476    27.1082 0.0000e+00
      3.850      0.000     8.0106    100.917    116.791 121.732017    25.6500     0.8713     0.7242     3.5955 2.7758e+01     3.8901      3.776      5.476    27.1075 0.0000e+00
      3.851      0.000     8.0152    100.938    116.785 121.727221    28.5300     0.8789     0.7668     2.9610 2.7691e+01     3.9203      3.776      5.477    27.1074 0.0000e+00
      3.851      0.000     8.0178    100.935    116.770 121.712914    28.5300     0.9018     0.7668     2.9610 2.7482e+01     3.9656      3.776      5.477    27.1079 0.0000e+00
      3.851      0.001     8.0203    100.905    116.751 121.693283    28.5300     0.9094     0.7668     2.9610 2.7279e+01     6.5488      3.776      5.477    27.1086 0.0000e+00
      3.851      0.001     8.0230    100.843    116.736 121.679095    28.5300     0.8827     0.7668     2.9610 2.7836e+01     6.5790      3.777      5.477    27.1091 0.0000e+00
      3.851      0.001     8.0247    100.748    116.734 121.678572    27.8100     0.8713     0.6816     1.6074 2.7703e+01     6.5488      3.777      5.478    27.1095 0.0000e+00
      3.852      0.000     8.0244    100.619    116.737 121.683570    27.8100     0.8789     0.6816     1.6074 2.7885e+01     6.5790      3.777      5.478    27.1099 0.0000e+00
      3.852      0.000     8.0219    100.465    116.740 121.687422    27.8100     0.9400     0.6816     1.6074 2.5899e+01    12.9539      3.777      5.478    27.1104 0.0000e+00
      3.852      0.000     8.0169    100.312    116.750 121.699156    27.8100     0.9514     0.6816     1.6074 2.1813e+01    12.9841      3.778      5.479    27.1109 0.0000e+00
      3.852      0.000     8.0093    100.177    116.763 121.713900    21.6900     0.9476     0.2130     3.7647 1.9989e+01    13.0597      3.778      5.479    27.1114 0.0000e+00
      3.852     -0.001     7.9990    100.054    116.772 121.723583    21.6900     0.9285     0.2130     3.7647 1.8229e+01    13.0446      3.777      5.478    27.1120 0.0000e+00
      3.852     -0.001     7.9866     99.950    116.774 121.726786    21.6900     0.8332     0.2130     3.7647 1.8317e+01     6.0352      3.777      5.478    27.1125 0.0000e+00
      3.851     -0.002     7.9744     99.889    116.767 121.720363    21.6900     0.8446     0.2130     3.7647 1.7838e+01     6.1409      3.777      5.478    27.1131 0.0000e+00
      3.851     -0.002     7.9636     99.865    116.769 121.722604    21.6900     0.7874     0.2130     3.7647 1.7131e+01     6.0805      3.777      5.477    27.1135 0.0000e+00
      3.850     -0.003     7.9538     99.843    116.795 121.750112    18.5400     0.8637     0.3834     5.8374 1.6585e+01     6.1107      3.776      5.476    27.1139 0.0000e+00
      3.850     -0.003     7.9455     99.808    116.825 121.782215    18.5400     0.8980     0.3834     5.8374 1.4675e+01     6.5941      3.775      5.475    27.1142 0.0000e+00
      3.849     -0.004     7.9406     99.792    116.838 121.795467    18.5400     0.8942     0.3834     5.8374 1.1518e+01     6.6545      3.774      5.474    27.1145 0.0000e+00
      3.848     -0.006     7.9387     99.831    116.836 121.793401    18.5400     0.8713     0.3834     5.8374 1.0716e+01     6.5337      3.773      5.472    27.1147 0.0000e+00
      3.846     -0.007     7.9369     99.915    116.823 121.779468    27.2700     0.8980     0.5538     2.4534 1.5086e+01     6.5941      3.772      5.470    27.1149 0.0000e+00
      3.844     -0.009     7.9341     99.996    116.783 121.737949    27.2700     0.8637     0.5538     2.4534 1.2403e-01    13.9963      3.770      5.468    27.1151 0.0000e+00
      3.842     -0.011     7.9328    100.051    116.722 121.673777    27.2700     0.8980     0.5538     2.4534 1.1612e-01    13.9207      3.768      5.465    27.1151 0.0000e+00
      3.839     -0.013     7.9359    100.093    116.677 121.625850    27.2700     0.9018     0.5538     2.4534 1.1610e-01    13.9812      3.765      5.460    27.1151 0.0000e+00
      3.835     -0.015     7.9426    100.133    116.665 121.613397    20.7000     0.8866     0.3834     1.3536 1.1607e-01    14.0718      3.761      5.455    27.1149 0.0000e+00
      3.831     -0.016     7.9491    100.162    116.681 121.629095    20.7000     0.8789     0.3834     1.3536 1.1625e-01    13.8754      3.757      5.449    27.1147 0.0000e+00
      3.826     -0.017     7.9535    100.155    116.697 121.645124    20.7000     0.8789     0.3834     1.3536 3.2225e-01    15.1292      3.752      5.442    27.1145 0.0000e+00
      3.821     -0.018     7.9568    100.090    116.695 121.641752    20.7000     0.8789     0.3834     1.3536 6.6293e+00    15.1897      3.747      5.435    27.1143 0.0000e+00
      3.816     -0.018     7.9600     99.971    116.721 121.668092    20.7000     0.8751     0.3834     1.3536 6.8968e+00    15.2652      3.743      5.428    27.1140 0.0000e+00
      3.812     -0.017     7.9624     99.833    116.799 121.749170    20.1600     0.8789     0.4260     0.7614 5.2415e+00    15.0990      3.738      5.421    27.1138 0.0000e+00
      3.807     -0.016     7.9619     99.696    116.878 121.830592    20.1600     1.0010     0.4260     0.7614 4.0279e+00    25.2052      3.734      5.415    27.1135 0.0000e+00
      3.803     -0.014     7.9567     99.549    116.927 121.882057    20.1600     0.9934     0.4260     0.7614 1.0538e+01    25.1448      3.729      5.409    27.1131 0.0000e+00
      3.799     -0.011     7.9473     99.375    116.953 121.909288    20.1600     1.0239     0.4260     0.7614 3.9367e+01    25.1448      3.726      5.404    27.1128 0.0000e+00
      3.796     -0.009     7.9363     99.179    116.962 121.919545    33.5700     1.0010     1.1076     1.9035 5.0741e+01    25.2203      3.723      5.400    27.1126 0.0000e+00
      3.795     -0.007     7.9255     98.976    116.967 121.925568    33.5700     1.6037     1.1076     1.9035 5.2754e+01   111.4630      3.721      5.398    27.1125 0.0000e+00
      3.794     -0.006     7.9138     98.774    116.958 121.916958    33.5700     1.6190     1.1076     1.9035 5.1709e+01   111.4176      3.720      5.396    27.1125 0.0000e+00
      3.793     -0.005     7.8999     98.596    116.924 121.881419    33.5700     1.6304     1.1076     1.9035 4.5123e+01   111.4932      3.720      5.395    27.1126 0.0000e+00
      3.793     -0.005     7.8843     98.475    116.880 121.835478    39.2400     1.5999     1.3206     1.8612 4.8215e+01   111.4630      3.719      5.394    27.1128 0.0000e+00
      3.791     -0.005     7.8681     98.422    116.843 121.796892    39.2400     1.8097     1.3206     1.8612 5.7971e+01   117.5962      3.718      5.392    27.1131 0.0000e+00
      3.789     -0.005     7.8520     98.442    116.816 121.767374    39.2400     1.8212     1.3206     1.8612 5.5145e+01   117.6264      3.716      5.390    27.1134 0.0000e+00
      3.788     -0.006     7.8379     98.554    116.790 121.739052    39.2400     1.7945     1.3206     1.8612 4.6801e+01   117.6717      3.715      5.387    27.1135 0.0000e+00
      3.786     -0.006     7.8283     98.782    116.781 121.728381    40.7700     1.8174     1.4058     1.9881 4.7261e+01   117.5357      3.713      5.385    27.1135 0.0000e+00
      3.785     -0.005     7.8241     99.130    116.801 121.748517    40.7700     1.8708     1.4058     1.9881 5.1362e+01   171.5714      3.712      5.383    27.1134 0.0000e+00
      3.784     -0.004     7.8257     99.570    116.824 121.772823    40.7700     1.8670     1.4058     1.9881 5.1969e+01   171.6470      3.710      5.381    27.1130 0.0000e+00
      3.783     -0.003     7.8347    100.034    116.828 121.775774    40.7700     1.8746     1.4058     1.9881 5.1151e+01   171.4808      3.709      5.380    27.1125 0.0000e+00
      3.782     -0.002     7.8529    100.445    116.807 121.754154    40.7700     1.8898     1.4058     1.9881 6.1287e+01   171.5714      3.709      5.379    27.1121 0.0000e+00
      3.781      0.000     7.8806    100.743    116.781 121.726205    36.2700     1.6915     1.0650     1.3536 6.5103e+01   119.6053      3.708      5.378    27.1117 0.0000e+00
      3.782      0.002     7.9156    100.909    116.763 121.708479    36.2700     1.6495     1.0650     1.3536 5.9283e+01   119.5449      3.708      5.378    27.1113 0.0000e+00
      3.783      0.003     7.9526    100.966    116.755 121.700249    36.2700     1.6953     1.0650     1.3536 5.3122e+01   119.7413      3.710      5.380    27.1111 0.0000e+00
      3.784      0.004     7.9853    100.952    116.757 121.703323    36.2700     1.6953     1.0650     1.3536 5.0029e+01   119.6053      3.711      5.383    27.1109 0.0000e+00
      3.786      0.003     8.0090    100.884    116.760 121.706517    29.7000     1.3062     0.8946     0.9729 4.7107e+01    55.7051      3.713      5.385    27.1109 0.0000e+00
      3.787      0.002     8.0222    100.768    116.744 121.690677    29.7000     1.3100     0.8946     0.9729 4.4888e+01    55.5994      3.714      5.387    27.1110 0.0000e+00
      3.788     -0.001     8.0266    100.626    116.714 121.659583    29.7000     1.3024     0.8946     0.9729 4.2737e+01    55.6749      3.715      5.388    27.1113 0.0000e+00
      3.787     -0.004     8.0254    100.477    116.676 121.620946    29.7000     1.3138     0.8946     0.9729 4.0795e+01    55.6296      3.714      5.387    27.1116 0.0000e+00
      3.786     -0.008     8.0200    100.308    116.645 121.588468    18.5400     1.4359     0.4686     0.5499 4.1502e+01    52.0040      3.713      5.385    27.1119 0.0000e+00
      3.783     -0.012     8.0107    100.125    116.639 121.581495    18.5400     1.4397     0.4686     0.5499 4.4519e+01    51.9134      3.710      5.381    27.1121 0.0000e+00
      3.780     -0.017     7.9995     99.990    116.647 121.590165    18.5400     1.4359     0.4686     0.5499 4.2746e+01    52.0947      3.707      5.376    27.1123 0.0000e+00
      3.775     -0.023     7.9876     99.972    116.658 121.600787    18.5400     1.4397     0.4686     0.5499 3.7027e+01    52.0040      3.702      5.370    27.1124 0.0000e+00
      3.769     -0.029     7.9742    100.088    116.666 121.608191    18.5400     1.3787     0.4686     0.5499 3.6004e+01    42.2151      3.696      5.361    27.1124 0.0000e+00
      3.761     -0.037     7.9596    100.292    116.668 121.610352    23.7600     1.3672     0.5538     0.7614 4.3326e+01    42.1546      3.688      5.350    27.1124 0.0000e+00
      3.751     -0.046     7.9489    100.507    116.681 121.623848    23.7600     1.3558     0.5538     0.7614 5.9996e+01    42.3057      3.679      5.335    27.1122 0.0000e+00
      3.739     -0.056     7.9475    100.679    116.720 121.664282    23.7600     1.3710     0.5538     0.7614 4.8058e+01    42.3812      3.667      5.318    27.1120 0.0000e+00
      3.725     -0.069     7.9567    100.797    116.784 121.730433    23.7600     1.2413     0.5538     0.7614 3.8370e+01    43.4387      3.652      5.298    27.1118 0.0000e+00
      3.707     -0.086     7.9730    100.855    116.859 121.807935    24.3900     1.2299     0.5538     0.8883 3.3644e+01    43.4236      3.635      5.272    27.1116 0.0000e+00
      3.685     -0.105     7.9901    100.836    116.946 121.897449    24.3900     1.2451     0.5538     0.8883 3.1207e+01    43.5293      3.613      5.241    27.1114 0.0000e+00
      3.657     -0.128     8.0038    100.721    117.055 122.010845    24.3900     1.2299     0.5538     0.8883 2.9711e+01    43.5293      3.587      5.202    27.1112 0.0000e+00
