Data/DataNotYetUploadedToEDI/Raw_CTD/RawDownloads/081524_ccr88_S8188005.cnv
* Sea-Bird SBE19plus  Data File:
* FileName = C:\R\Reservoirs\Data\DataNotYetUploadedToEDI\Raw_CTD\RawDownloads\081424_ccr50_S8188_0005.hex
* Software version 2.8.0.119
* Temperature SN = 8188
* Conductivity SN = 8188
* System UpLoad Time = Aug 16 2024 10:37:54
* <ApplicationData>
* <Seaterm232>
# nquan = 16
# nvalues = 944                         
# units = specified
# name 0 = depFM: Depth [fresh water, m]
# name 1 = dz/dtM: Descent Rate [m/s]
# name 2 = sbeox0Mg/L: Oxygen, SBE 43 [mg/l]
# name 3 = sbeox0PS: Oxygen, SBE 43 [% saturation]
# name 4 = specc: Specific Conductance [uS/cm]
# name 5 = c0uS/cm: Conductivity [uS/cm]
# name 6 = wetCDOM: Fluorescence, WET Labs CDOM [mg/m^3]
# name 7 = flECO-AFL: Fluorescence, WET Labs ECO-AFL/FL [mg/m^3]
# name 8 = flECO-AFL1: Fluorescence, WET Labs ECO-AFL/FL, 2 [mg/m^3]
# name 9 = flECO-AFL2: Fluorescence, WET Labs ECO-AFL/FL, 3 [mg/m^3]
# name 10 = par/sat/log: PAR/Logarithmic, Satlantic
# name 11 = turbWETntu0: Turbidity, WET Labs ECO [NTU]
# name 12 = prdM: Pressure, Strain Gauge [db]
# name 13 = prdE: Pressure, Strain Gauge [psi]
# name 14 = tv290C: Temperature [ITS-90, deg C]
# name 15 = flag:  0.000e+00
# span 0 =     -0.452,      9.361       
# span 1 =     -0.441,      0.169       
# span 2 =     2.8905,     9.7782       
# span 3 =     28.184,    123.693       
# span 4 =   -638.128,    126.608       
# span 5 =-486.333072, 124.896961       
# span 6 =    -4.5000,    27.8100       
# span 7 =    -2.0584,    23.3784       
# span 8 =    -2.2578,     0.8946       
# span 9 =    -5.7105,     3.6801       
# span 10 = 1.3519e+00, 2.2508e+03      
# span 11 =    -2.2734,    91.5074      
# span 12 =     -0.443,      9.180      
# span 13 =     -0.642,     13.314      
# span 14 =    13.0182,    28.2395      
# span 15 = 0.0000e+00, 0.0000e+00      
# interval = seconds: 0.25
# start_time = Aug 15 2024 15:35:21 [Instrument's time stamp, header]
# bad_flag = -9.990e-29
*END*
[from data line 181]
      0.413     -0.001     4.6501     59.444    117.691 124.687076    10.3500     0.1579     0.0426     0.1269 3.0355e+02    -0.4002      0.405      0.588    27.9711 0.0000e+00
      0.413     -0.002     4.6489     59.422    117.687 124.682495    10.3500     0.1694     0.0426     0.1269 3.0540e+02    -0.3549      0.405      0.587    27.9690 0.0000e+00
      0.412     -0.002     4.6503     59.355    117.700 124.696350    10.3500     0.1618     0.0426     0.0846 2.9851e+02    -0.3549      0.404      0.586    27.9672 0.0000e+00
      0.411     -0.002     4.6529     59.269    117.715 124.712328    10.3500     0.1503     0.0426     0.0846 3.0014e+02    -0.3397      0.403      0.585    27.9660 0.0000e+00
      0.411     -0.002     4.6544     59.209    117.718 124.714683    10.3500     0.1885     0.0426     0.0846 3.0132e+02    -0.3246      0.403      0.585    27.9654 0.0000e+00
      0.411     -0.002     4.6526     59.204    117.703 124.700042    10.3500     0.1656     0.0426     0.0846 2.9484e+02    -0.2944      0.403      0.584    27.9653 0.0000e+00
      0.411     -0.002     4.6474     59.240    117.679 124.676504    10.3500     0.1656     0.0426     0.0846 2.9741e+02    -0.3549      0.403      0.584    27.9654 0.0000e+00
      0.410     -0.002     4.6407     59.270    117.654 124.653799    10.2600     0.1732     0.0426     0.1692 2.9503e+02    -0.4153      0.403      0.584    27.9653 0.0000e+00
      0.410     -0.003     4.6360     59.252    117.643 124.645879    10.2600     0.1770     0.0426     0.1692 2.9254e+02    -0.2340      0.402      0.583    27.9653 0.0000e+00
      0.409     -0.003     4.6355     59.168    117.650 124.654634    10.2600     0.1579     0.0426     0.1692 2.9216e+02    -0.2642      0.401      0.582    27.9657 0.0000e+00
      0.408     -0.003     4.6383     59.026    117.656 124.662393    10.2600     0.1579     0.0426     0.1692 2.8907e+02    -0.3246      0.400      0.581    27.9667 0.0000e+00
      0.407     -0.004     4.6406     58.839    117.653 124.659218    10.4400     0.1503     0.0426     0.0423 2.8969e+02    -0.2944      0.399      0.579    27.9681 0.0000e+00
      0.406     -0.004     4.6390     58.613    117.654 124.660271    10.4400     0.1579     0.0426     0.0423 2.8230e+02    -0.2944      0.398      0.578    27.9695 0.0000e+00
      0.405     -0.004     4.6323     58.365    117.671 124.677835    10.4400     0.1656     0.0426     0.0423 2.8806e+02    -0.3549      0.397      0.576    27.9705 0.0000e+00
      0.404     -0.003     4.6212     58.146    117.686 124.692586    10.4400     0.1618     0.0426     0.0423 2.8619e+02    -0.3700      0.396      0.575    27.9709 0.0000e+00
      0.403     -0.003     4.6065     58.009    117.683 124.688451    10.3500     0.1618     0.0426     0.0846 2.8236e+02    -0.2944      0.395      0.574    27.9710 0.0000e+00
      0.402     -0.003     4.5889     57.956    117.669 124.672328    10.3500     0.1618     0.0426     0.0846 2.8514e+02    -0.3246      0.395      0.573    27.9710 0.0000e+00
      0.402     -0.003     4.5695     57.936    117.653 124.655924    10.3500     0.1656     0.0426     0.0846 2.7768e+02    -0.4455      0.394      0.572    27.9707 0.0000e+00
      0.401     -0.003     4.5523     57.891    117.645 124.646870    10.3500     0.1846     0.0426     0.0846 2.8576e+02    -0.2189      0.393      0.570    27.9703 0.0000e+00
      0.400     -0.003     4.5416     57.796    117.646 124.646753    10.3500     0.1618     0.0426     0.0423 2.7919e+02    -0.3246      0.392      0.569    27.9697 0.0000e+00
      0.399     -0.003     4.5376     57.664    117.648 124.647538    10.3500     0.1618     0.0426     0.0423 2.8230e+02    -0.2944      0.391      0.567    27.9694 0.0000e+00
      0.398     -0.002     4.5361     57.513    117.648 124.645434    10.3500     0.1885     0.0426     0.0423 2.7689e+02    -0.2944      0.391      0.566    27.9693 0.0000e+00
      0.398     -0.002     4.5325     57.353    117.648 124.643881    10.3500     0.1923     0.0426     0.0423 2.7551e+02    -0.2944      0.390      0.565    27.9693 0.0000e+00
      0.397     -0.000     4.5251     57.184    117.645 124.638462    10.3500     0.1656     0.0426     0.0423 2.7998e+02    -0.3246      0.390      0.565    27.9689 0.0000e+00
      0.397      0.001     4.5148     57.007    117.640 124.631735    10.3500     0.1846     0.0426     0.1269 2.7671e+02    -0.3549      0.389      0.565    27.9681 0.0000e+00
      0.398      0.003     4.5031     56.842    117.640 124.629908    10.3500     0.1770     0.0426     0.1269 2.7840e+02    -0.2793      0.390      0.565    27.9673 0.0000e+00
      0.398      0.005     4.4906     56.715    117.641 124.628492    10.3500     0.1846     0.0426     0.1269 2.7683e+02    -0.2793      0.391      0.567    27.9664 0.0000e+00
      0.400      0.007     4.4774     56.628    117.638 124.623109    10.3500     0.1846     0.0426     0.1269 2.7557e+02    -0.3397      0.392      0.569    27.9657 0.0000e+00
      0.402      0.008     4.4636     56.574    117.640 124.624326    10.3500     0.1846     0.0000     0.1692 2.7165e+02    -0.2491      0.394      0.571    27.9650 0.0000e+00
      0.404      0.010     4.4507     56.564    117.653 124.636471    10.3500     0.1846     0.0000     0.1692 2.7677e+02    -0.2793      0.396      0.575    27.9642 0.0000e+00
      0.407      0.012     4.4409     56.620    117.652 124.634770    10.3500     0.1808     0.0000     0.1692 2.7088e+02    -0.3700      0.399      0.579    27.9633 0.0000e+00
      0.411      0.013     4.4341     56.743    117.621 124.602764    10.3500     0.1732     0.0000     0.1692 2.6830e+02    -0.3700      0.403      0.583    27.9624 0.0000e+00
      0.414      0.013     4.4299     56.898    117.579 124.559929    10.3500     0.1656     0.0426     0.0423 2.6259e+02    -0.3397      0.406      0.589    27.9617 0.0000e+00
      0.418      0.014     4.4292     57.027    117.558 124.538859    10.3500     0.1465     0.0426     0.0423 2.6540e+02    -0.3397      0.409      0.594    27.9612 0.0000e+00
      0.421      0.015     4.4336     57.104    117.570 124.553942    10.3500     0.1923     0.0426     0.0423 2.5970e+02    -0.2642      0.413      0.599    27.9609 0.0000e+00
      0.425      0.015     4.4432     57.153    117.612 124.601197    10.3500     0.1732     0.0426     0.0423 2.6265e+02    -0.3700      0.416      0.604    27.9611 0.0000e+00
      0.429      0.015     4.4553     57.239    117.661 124.657212    10.3500     0.1808     0.0426     0.0423 2.5734e+02    -0.3851      0.420      0.609    27.9616 0.0000e+00
      0.433      0.014     4.4654     57.417    117.674 124.678904    10.3500     0.1999     0.0426     0.1692 2.5622e+02    -0.3246      0.425      0.616    27.9625 0.0000e+00
      0.437      0.013     4.4713     57.687    117.636 124.650049    10.3500     0.1808     0.0426     0.1692 2.5667e+02    -0.4002      0.429      0.622    27.9635 0.0000e+00
      0.441      0.010     4.4751     57.985    117.578 124.600967    10.3500     0.1656     0.0426     0.1692 2.5390e+02    -0.2944      0.432      0.627    27.9647 0.0000e+00
      0.444      0.007     4.4817     58.235    117.543 124.572591    10.3500     0.1579     0.0426     0.1692 2.5093e+02    -0.2793      0.435      0.631    27.9666 0.0000e+00
      0.445      0.003     4.4953     58.407    117.545 124.581363    10.3500     0.1656     0.0000     0.0846 2.4672e+02    -0.1736      0.436      0.633    27.9699 0.0000e+00
      0.445     -0.002     4.5160     58.524    117.580 124.621620    10.3500     0.2037     0.0000     0.0846 2.4394e+02    -0.3397      0.437      0.633    27.9747 0.0000e+00
      0.444     -0.008     4.5390     58.650    117.624 124.672085    10.3500     0.1885     0.0000     0.0846 2.4289e+02    -0.3397      0.436      0.632    27.9797 0.0000e+00
      0.442     -0.015     4.5583     58.878    117.651 124.710201    10.3500     0.1846     0.0000     0.0846 2.3974e+02    -0.4002      0.434      0.629    27.9837 0.0000e+00
      0.438     -0.024     4.5715     59.283    117.667 124.742131    10.3500     0.1808     0.0426     0.2115 2.3530e+02    -0.3851      0.430      0.624    27.9862 0.0000e+00
      0.432     -0.035     4.5805     59.908    117.667 124.758385    10.3500     0.1999     0.0426     0.2115 2.3958e+02    -0.3549      0.424      0.615    27.9877 0.0000e+00
      0.423     -0.049     4.5902     60.783    117.622 124.723284    10.3500     0.1808     0.0426     0.2115 2.3296e+02    -0.2642      0.415      0.602    27.9897 0.0000e+00
      0.410     -0.063     4.6078     61.846    117.548 124.655478    10.3500     0.1579     0.0426     0.2115 2.4173e+02    -0.3397      0.402      0.583    27.9937 0.0000e+00
      0.392     -0.078     4.6389     62.944    117.487 124.596909    10.2600     0.1808     0.0426     0.2115 2.3648e+02    -0.2642      0.384      0.557    28.0000 0.0000e+00
      0.369     -0.090     4.6873     63.960    117.442 124.553966    10.2600     0.1770     0.0426     0.2115 2.4068e+02    -0.3095      0.362      0.525    28.0067 0.0000e+00
      0.342     -0.099     4.7552     64.896    117.429 124.545211    10.2600     0.1465     0.0426     0.2115 2.4607e+02    -0.3397      0.336      0.486    28.0122 0.0000e+00
      0.312     -0.104     4.8380     65.850    117.458 124.586313    10.2600     0.1808     0.0426     0.2115 2.4758e+02    -0.3246      0.307      0.445    28.0163 0.0000e+00
      0.283     -0.102     4.9237     66.930    117.501 124.650219    10.2600     0.1846     0.0426     0.2115 2.8218e+02    -0.3095      0.277      0.402    28.0192 0.0000e+00
      0.254     -0.096     5.0030     68.183    117.514 124.693950    10.3500     0.1694     0.0426     0.0846 2.6477e+02    -0.2944      0.249      0.362    28.0211 0.0000e+00
      0.229     -0.086     5.0760     69.671    117.468 124.687152    10.3500     0.1770     0.0426     0.0846 2.3855e+02    -0.3397      0.225      0.326    28.0233 0.0000e+00
      0.208     -0.074     5.1502     71.539    117.389 124.646024    10.3500     0.1656     0.0426     0.0846 2.7828e+02    -0.3246      0.204      0.296    28.0275 0.0000e+00
      0.192     -0.061     5.2339     73.890    117.340 124.625627    10.3500     0.1656     0.0426     0.0846 2.7372e+02    -0.2642      0.188      0.273    28.0353 0.0000e+00
      0.179     -0.049     5.3306     76.596    117.363 124.670540    10.1700     0.1846     0.0852     0.1269 2.4758e+02    -0.3246      0.176      0.255    28.0484 0.0000e+00
      0.170     -0.041     5.4452     79.333    117.441 124.768732    10.1700     0.1923     0.0852     0.1269 2.3367e+02    -0.2038      0.167      0.241    28.0663 0.0000e+00
      0.163     -0.037     5.5894     81.820    117.490 124.840345    10.1700     0.1885     0.0852     0.1269 2.0596e+02    -0.1131      0.159      0.231    28.0844 0.0000e+00
      0.156     -0.037     5.7718     83.922    117.458 124.836453    10.1700     0.1694     0.0852     0.1269 1.8795e+02    -0.0980      0.153      0.222    28.0979 0.0000e+00
      0.149     -0.039     5.9822     85.536    117.385 124.790032    10.1700     0.1618     0.0426     0.0846 1.7968e+02    -0.1131      0.146      0.212    28.1065 0.0000e+00
      0.139     -0.042     6.1953     86.535    117.323 124.744729    10.1700     0.1656     0.0426     0.0846 2.1783e+02    -0.0829      0.136      0.198    28.1130 0.0000e+00
      0.126     -0.044     6.3885     86.824    117.296 124.722479    10.1700     0.1427     0.0426     0.0846 3.4402e+02    -0.2944      0.123      0.179    28.1215 0.0000e+00
      0.111     -0.041     6.5512     86.384    117.309 124.733353    10.1700     0.1923     0.0426     0.0846 3.7780e+02    -0.2944      0.109      0.157    28.1341 0.0000e+00
      0.097     -0.034     6.6757     85.308    117.350 124.772246    10.1700     0.1579     0.0426     0.0846 1.6713e+03    -0.2944      0.095      0.137    28.1476 0.0000e+00
      0.086     -0.021     6.7526     83.785    117.396 124.821518    10.3500     0.1618     0.0426     0.0846 1.7391e+03    -0.3397      0.085      0.123    28.1564 0.0000e+00
      0.081     -0.004     6.7749     82.028    117.420 124.856293    10.3500     0.1656     0.0426     0.0846 1.8006e+03    -0.3549      0.080      0.116    28.1589 0.0000e+00
      0.083      0.014     6.7408     80.239    117.401 124.853833    10.3500     0.1503     0.0426     0.0846 1.7581e+03    -0.2491      0.081      0.118    28.1577 0.0000e+00
      0.091      0.032     6.6571     78.601    117.356 124.825487    10.3500     0.1694     0.0426     0.0846 1.7581e+03    -0.3700      0.089      0.129    28.1559 0.0000e+00
      0.103      0.048     6.5382     77.267    117.324 124.803715    10.3500     0.1503     0.0426     0.0423 1.6709e+03    -0.3095      0.101      0.147    28.1560 0.0000e+00
      0.119      0.061     6.4007     76.302    117.321 124.804719    10.3500     0.1084     0.0426     0.0423 1.5439e+03    -0.3851      0.117      0.170    28.1599 0.0000e+00
      0.138      0.070     6.2603     75.649    117.337 124.820765    10.3500     0.1236     0.0426     0.0423 2.6140e+02    -0.2038      0.135      0.196    28.1675 0.0000e+00
      0.158      0.075     6.1316     75.176    117.357 124.840123    10.3500     0.1312     0.0426     0.0423 2.8719e+02    -0.3397      0.154      0.224    28.1757 0.0000e+00
      0.178      0.076     6.0269     74.762    117.370 124.853951    10.1700     0.1236     0.0852     0.2115 2.2702e+02    -0.3095      0.175      0.254    28.1811 0.0000e+00
      0.199      0.074     5.9514     74.351    117.355 124.841926    10.1700     0.1579     0.0852     0.2115 2.1694e+02    -0.3397      0.195      0.284    28.1828 0.0000e+00
      0.219      0.070     5.9006     73.961    117.310 124.800842    10.1700     0.1694     0.0852     0.2115 1.6893e+02    -0.3095      0.215      0.312    28.1824 0.0000e+00
      0.238      0.064     5.8638     73.653    117.265 124.759759    10.1700     0.1465     0.0852     0.2115 1.5861e+02    -0.2642      0.233      0.338    28.1816 0.0000e+00
      0.253      0.056     5.8315     73.459    117.245 124.741736    10.2600     0.1808     0.0000     0.0846 1.5006e+02    -0.3246      0.248      0.360    28.1817 0.0000e+00
      0.266      0.047     5.7993     73.342    117.252 124.749968    10.2600     0.1732     0.0000     0.0846 1.5649e+02    -0.2491      0.261      0.378    28.1832 0.0000e+00
      0.277      0.038     5.7685     73.232    117.276 124.774646    10.2600     0.1579     0.0000     0.0846 1.5180e+02    -0.3095      0.271      0.394    28.1861 0.0000e+00
      0.285      0.029     5.7442     73.082    117.288 124.788339    10.2600     0.1770     0.0000     0.0846 1.5420e+02    -0.2189      0.279      0.406    28.1889 0.0000e+00
      0.291      0.020     5.7290     72.893    117.271 124.772689    10.2600     0.1846     0.0000     0.0846 1.5042e+02    -0.3851      0.285      0.414    28.1903 0.0000e+00
      0.295      0.012     5.7198     72.727    117.238 124.741530    10.3500     0.1694     0.0426     0.1269 1.6516e+02    -0.3246      0.289      0.420    28.1904 0.0000e+00
      0.296      0.005     5.7112     72.695    117.211 124.716565    10.3500     0.1465     0.0426     0.1269 1.6178e+02    -0.3397      0.290      0.422    28.1902 0.0000e+00
      0.296      0.000     5.6995     72.881    117.197 124.703141    10.3500     0.1656     0.0426     0.1269 1.8467e+02    -0.2793      0.290      0.421    28.1905 0.0000e+00
      0.293     -0.003     5.6846     73.267    117.190 124.693677    10.3500     0.1732     0.0426     0.1269 1.7674e+02    -0.2491      0.287      0.417    28.1917 0.0000e+00
      0.291     -0.003     5.6715     73.745    117.189 124.689650    10.2600     0.1770     0.0000     0.1269 1.9350e+02    -0.2944      0.285      0.414    28.1935 0.0000e+00
      0.289     -0.001     5.6688     74.177    117.208 124.705994    10.2600     0.1923     0.0000     0.1269 1.8734e+02    -0.2642      0.283      0.411    28.1951 0.0000e+00
