Data/DataNotYetUploadedToEDI/Raw_CTD/RawDownloads/081524_ccr90_S8188007.cnv
* Sea-Bird SBE19plus  Data File:
* FileName = C:\R\Reservoirs\Data\DataNotYetUploadedToEDI\Raw_CTD\RawDownloads\081424_ccr50_S8188_0007.hex
* Software version 2.8.0.119
* Temperature SN = 8188
* Conductivity SN = 8188
* System UpLoad Time = Aug 16 2024 10:38:25
* <ApplicationData>
* <Seaterm232>
# nquan = 16
# nvalues = 1042                        
# units = specified
# name 0 = depFM: Depth [fresh water, m]
# name 1 = dz/dtM: Descent Rate [m/s]
# name 2 = sbeox0Mg/L: Oxygen, SBE 43 [mg/l]
# name 3 = sbeox0PS: Oxygen, SBE 43 [% saturation]
# name 4 = specc: Specific Conductance [uS/cm]
# name 5 = c0uS/cm: Conductivity [uS/cm]
# name 6 = wetCDOM: Fluorescence, WET Labs CDOM [mg/m^3]
# name 7 = flECO-AFL: Fluorescence, WET Labs ECO-AFL/FL [mg/m^3]
# name 8 = flECO-AFL1: Fluorescence, WET Labs ECO-AFL/FL, 2 [mg/m^3]
# name 9 = flECO-AFL2: Fluorescence, WET Labs ECO-AFL/FL, 3 [mg/m^3]
# name 10 = par/sat/log: PAR/Logarithmic, Satlantic
# name 11 = turbWETntu0: Turbidity, WET Labs ECO [NTU]
# name 12 = prdM: Pressure, Strain Gauge [db]
# name 13 = prdE: Pressure, Strain Gauge [psi]
# name 14 = tv290C: Temperature [ITS-90, deg C]
# name 15 = flag:  0.000e+00
# span 0 =     -0.453,      3.867       
# span 1 =     -0.379,      0.178       
# span 2 =     4.1098,     9.7397       
# span 3 =     52.501,    122.839       
# span 4 =   -441.271,    117.368       
# span 5 =-461.752331, 125.485423       
# span 6 =    -4.5000,    40.7700       
# span 7 =    -0.4486,     3.2174       
# span 8 =    -2.1300,     2.5560       
# span 9 =    -4.6953,     5.8374       
# span 10 = 1.1607e-01, 2.1829e+03      
# span 11 =   -10.9445,   171.6470      
# span 12 =     -0.444,      3.793      
# span 13 =     -0.644,      5.501      
# span 14 =    25.6435,    28.5601      
# span 15 = 0.0000e+00, 0.0000e+00      
# interval = seconds: 0.25
# start_time = Aug 15 2024 15:58:47 [Instrument's time stamp, header]
# bad_flag = -9.990e-29
*END*
[from data line 91]
      0.455      0.008     6.3244     78.634    116.812 124.376233    11.0700     0.2419     0.0426     0.2115 3.0474e+02     0.1890      0.446      0.647    28.2520 0.0000e+00
      0.457      0.008     6.2846     78.116    116.802 124.352731    11.0700     0.2152     0.0426     0.2115 3.4283e+02     0.0681      0.448      0.651    28.2474 0.0000e+00
      0.460      0.007     6.2344     77.809    116.792 124.331782    10.9800     0.2381     0.0426     0.1692 3.2154e+02     0.2192      0.451      0.654    28.2422 0.0000e+00
      0.462      0.006     6.1795     77.691    116.781 124.311800    10.9800     0.2342     0.0426     0.1692 3.0441e+02     0.2947      0.453      0.657    28.2366 0.0000e+00
      0.463      0.005     6.1281     77.671    116.768 124.291458    10.9800     0.2190     0.0426     0.1692 3.0727e+02     0.1437      0.454      0.659    28.2309 0.0000e+00
      0.464      0.003     6.0883     77.626    116.750 124.265332    10.9800     0.2342     0.0426     0.1692 3.0375e+02     0.2041      0.455      0.660    28.2257 0.0000e+00
      0.464      0.002     6.0648     77.448    116.724 124.230455    10.9800     0.2190     0.0426     0.1692 3.1347e+02     0.2192      0.455      0.660    28.2212 0.0000e+00
      0.464      0.001     6.0560     77.072    116.694 124.189530    10.9800     0.2342     0.0426     0.1269 3.0834e+02     0.1890      0.455      0.660    28.2176 0.0000e+00
      0.464      0.001     6.0548     76.486    116.663 124.147650    10.9800     0.2457     0.0426     0.1269 3.1333e+02     0.1890      0.455      0.660    28.2144 0.0000e+00
      0.464      0.001     6.0516     75.719    116.637 124.109652    10.9800     0.2266     0.0426     0.1269 3.0727e+02     0.1286      0.455      0.660    28.2114 0.0000e+00
      0.465      0.001     6.0381     74.829    116.616 124.077407    10.9800     0.2495     0.0426     0.1269 3.1443e+02     0.1739      0.456      0.661    28.2083 0.0000e+00
      0.465      0.001     6.0091     73.889    116.604 124.054318    11.0700     0.2152     0.0852     0.1269 3.0335e+02     0.0983      0.456      0.662    28.2049 0.0000e+00
      0.465      0.001     5.9639     72.972    116.600 124.042232    11.0700     0.2419     0.0852     0.1269 3.2133e+02     0.1588      0.456      0.662    28.2009 0.0000e+00
      0.466      0.001     5.9045     72.123    116.596 124.029922    11.0700     0.2533     0.0852     0.1269 3.1690e+02     0.1134      0.457      0.663    28.1966 0.0000e+00
      0.466      0.001     5.8355     71.349    116.581 124.006103    11.0700     0.2190     0.0852     0.1269 3.0381e+02     0.2494      0.457      0.663    28.1923 0.0000e+00
      0.466      0.001     5.7627     70.637    116.557 123.972425    11.0700     0.2190     0.0426     0.1269 2.9612e+02     0.2494      0.457      0.663    28.1882 0.0000e+00
      0.467      0.002     5.6916     69.964    116.535 123.939915    11.0700     0.2266     0.0426     0.1269 3.2386e+02     0.1588      0.457      0.664    28.1844 0.0000e+00
      0.467      0.002     5.6256     69.304    116.522 123.915907    11.0700     0.2075     0.0426     0.1269 3.1361e+02     0.1588      0.458      0.664    28.1811 0.0000e+00
      0.467      0.002     5.5656     68.644    116.514 123.898001    11.0700     0.2304     0.0426     0.1269 3.0814e+02     0.1286      0.458      0.665    28.1779 0.0000e+00
      0.468      0.002     5.5103     67.989    116.508 123.881421    11.1600     0.2228     0.0426     0.1692 3.4417e+02     0.1588      0.459      0.666    28.1744 0.0000e+00
      0.469      0.002     5.4582     67.356    116.506 123.869748    11.1600     0.2152     0.0426     0.1692 3.4365e+02     0.1890      0.460      0.667    28.1704 0.0000e+00
      0.469      0.003     5.4072     66.762    116.505 123.859868    11.1600     0.2571     0.0426     0.1692 3.2105e+02     0.2041      0.460      0.667    28.1661 0.0000e+00
      0.470      0.003     5.3561     66.218    116.495 123.841144    11.1600     0.2495     0.0426     0.1692 3.1204e+02     0.1286      0.461      0.668    28.1618 0.0000e+00
      0.471      0.003     5.3054     65.715    116.484 123.820586    11.1600     0.2419     0.0426     0.1692 3.2287e+02     0.2343      0.461      0.669    28.1576 0.0000e+00
      0.471      0.003     5.2563     65.241    116.480 123.806717    11.1600     0.2152     0.0426     0.1692 3.2259e+02     0.1739      0.462      0.670    28.1536 0.0000e+00
      0.472      0.003     5.2104     64.789    116.480 123.797839    11.1600     0.2381     0.0426     0.1692 3.4793e+02     0.1739      0.463      0.671    28.1498 0.0000e+00
      0.473      0.002     5.1682     64.355    116.485 123.795583    11.1600     0.2457     0.0426     0.1692 3.2470e+02     0.2192      0.464      0.672    28.1461 0.0000e+00
      0.474      0.002     5.1293     63.942    116.499 123.803351    11.1600     0.2228     0.0426     0.1692 3.7073e+02     0.2494      0.464      0.673    28.1423 0.0000e+00
      0.474      0.001     5.0927     63.559    116.510 123.809207    11.2500     0.2304     0.0852     0.0846 3.3227e+02     0.1437      0.465      0.674    28.1383 0.0000e+00
      0.474      0.001     5.0577     63.208    116.505 123.796708    11.2500     0.2075     0.0852     0.0846 3.5388e+02     0.1437      0.465      0.674    28.1345 0.0000e+00
      0.474      0.000     5.0242     62.884    116.490 123.772525    11.2500     0.1923     0.0852     0.0846 4.4895e+02     0.0832      0.464      0.674    28.1310 0.0000e+00
      0.474      0.000     4.9922     62.574    116.476 123.748213    11.2500     0.1999     0.0852     0.0846 3.9846e+02     0.1890      0.464      0.673    28.1281 0.0000e+00
      0.474      0.000     4.9625     62.266    116.465 123.725292    11.1600     0.2419     0.0426     0.1269 3.4134e+02     0.1739      0.464      0.673    28.1255 0.0000e+00
      0.474      0.000     4.9354     61.947    116.459 123.707653    11.1600     0.2190     0.0426     0.1269 3.9699e+02     0.1134      0.464      0.673    28.1227 0.0000e+00
      0.474      0.000     4.9104     61.610    116.463 123.700593    11.1600     0.2266     0.0426     0.1269 3.6752e+02     0.1286      0.464      0.673    28.1193 0.0000e+00
      0.474      0.000     4.8865     61.266    116.475 123.702229    11.1600     0.2304     0.0426     0.1269 3.7649e+02     0.1739      0.464      0.673    28.1150 0.0000e+00
      0.473      0.000     4.8629     60.924    116.486 123.704996    11.2500     0.2113     0.0852     0.1692 3.8660e+02     0.2192      0.464      0.673    28.1103 0.0000e+00
      0.473      0.000     4.8384     60.597    116.499 123.709630    11.2500     0.1999     0.0852     0.1692 3.9321e+02     0.1739      0.464      0.673    28.1054 0.0000e+00
      0.473      0.000     4.8125     60.293    116.514 123.717367    11.2500     0.2266     0.0852     0.1692 3.7040e+02     0.2494      0.464      0.673    28.1006 0.0000e+00
      0.473      0.000     4.7860     60.014    116.527 123.722266    11.2500     0.2152     0.0852     0.1692 4.0299e+02     0.1286      0.464      0.673    28.0960 0.0000e+00
      0.473      0.000     4.7596     59.754    116.531 123.717632    11.2500     0.2228     0.0852     0.1692 4.3872e+02     0.1739      0.464      0.673    28.0919 0.0000e+00
      0.473      0.000     4.7343     59.511    116.528 123.706229    11.1600     0.2228     0.0426     0.2115 3.8069e+02     0.4911      0.464      0.673    28.0881 0.0000e+00
      0.473      0.001     4.7109     59.287    116.529 123.701022    11.1600     0.2113     0.0426     0.2115 3.7445e+02     0.3400      0.464      0.673    28.0844 0.0000e+00
      0.473      0.001     4.6894     59.081    116.534 123.700621    11.1600     0.2342     0.0426     0.2115 3.8644e+02     0.3854      0.464      0.673    28.0807 0.0000e+00
      0.473      0.002     4.6695     58.890    116.531 123.692916    11.1600     0.2228     0.0426     0.2115 4.1724e+02     0.3854      0.464      0.673    28.0769 0.0000e+00
      0.474      0.002     4.6508     58.702    116.520 123.675851    11.0700     0.2609     0.0852     0.1692 4.6665e+02     0.4609      0.464      0.674    28.0734 0.0000e+00
      0.474      0.003     4.6335     58.509    116.509 123.656881    11.0700     0.2342     0.0852     0.1692 4.4719e+02     0.4911      0.465      0.675    28.0705 0.0000e+00
      0.475      0.004     4.6176     58.307    116.507 123.646951    11.0700     0.2457     0.0852     0.1692 3.5930e+02     0.4609      0.466      0.676    28.0684 0.0000e+00
      0.476      0.004     4.6028     58.098    116.515 123.647414    11.0700     0.2381     0.0852     0.1692 4.2281e+02     0.4911      0.467      0.678    28.0664 0.0000e+00
      0.478      0.005     4.5883     57.886    116.520 123.646389    11.1600     0.2266     0.0426     0.1269 4.0290e+02     0.1134      0.468      0.679    28.0640 0.0000e+00
      0.479      0.005     4.5735     57.673    116.517 123.635600    11.1600     0.2190     0.0426     0.1269 5.9978e+02     0.1286      0.470      0.681    28.0609 0.0000e+00
      0.480      0.005     4.5580     57.462    116.509 123.620171    11.1600     0.2228     0.0426     0.1269 3.9803e+02     0.2947      0.471      0.683    28.0575 0.0000e+00
      0.482      0.006     4.5419     57.258    116.501 123.603992    11.1600     0.2457     0.0426     0.1269 4.0220e+02     0.2192      0.473      0.685    28.0542 0.0000e+00
      0.483      0.006     4.5255     57.061    116.484 123.578745    11.1600     0.2304     0.0426     0.1269 4.0246e+02     0.0077      0.474      0.688    28.0511 0.0000e+00
      0.485      0.006     4.5090     56.868    116.457 123.541699    11.0700     0.2152     0.0852     0.1692 3.7649e+02     0.1437      0.476      0.690    28.0482 0.0000e+00
      0.487      0.006     4.4928     56.678    116.426 123.498981    11.0700     0.2342     0.0852     0.1692 4.2263e+02     0.1286      0.477      0.692    28.0452 0.0000e+00
      0.488      0.006     4.4771     56.491    116.382 123.443199    11.0700     0.2037     0.0852     0.1692 3.5550e+02     0.0832      0.479      0.694    28.0419 0.0000e+00
      0.490      0.006     4.4620     56.305    116.308 123.355476    11.0700     0.2152     0.0852     0.1692 3.9304e+02     0.3703      0.480      0.697    28.0385 0.0000e+00
      0.491      0.006     4.4472     56.122    116.180 123.212419    11.1600     0.2419     0.0852     0.0846 3.5288e+02     0.3249      0.482      0.699    28.0349 0.0000e+00
      0.493      0.006     4.4327     55.949    115.958 122.971877    11.1600     0.2381     0.0852     0.0846 3.4590e+02     0.4458      0.483      0.701    28.0310 0.0000e+00
      0.494      0.006     4.4183     55.792    115.582 122.569706    11.1600     0.2304     0.0852     0.0846 3.5581e+02     0.4156      0.485      0.704    28.0270 0.0000e+00
      0.496      0.006     4.4041     55.658    114.954 121.902662    11.1600     0.2495     0.0852     0.0846 3.7829e+02     0.4911      0.486      0.706    28.0232 0.0000e+00
      0.497      0.007     4.3901     55.553    113.897 120.780862    11.1600     0.2152     0.0426     0.0846 4.4545e+02     0.3098      0.488      0.707    28.0199 0.0000e+00
      0.499      0.007     4.3767     55.476    112.116 118.893157    11.1600     0.2304     0.0426     0.0846 3.9976e+02     0.3400      0.489      0.709    28.0175 0.0000e+00
      0.500      0.008     4.3645     55.419    109.147 115.744159    11.1600     0.2381     0.0426     0.0846 4.8802e+02     0.4307      0.491      0.712    28.0161 0.0000e+00
      0.502      0.009     4.3541     55.383    104.203 110.502140    11.1600     0.2152     0.0426     0.0846 4.4574e+02     0.4458      0.493      0.715    28.0155 0.0000e+00
      0.505      0.010     4.3459     55.383     95.970 101.773229    11.1600     0.2228     0.0426     0.0846 3.8568e+02     0.4156      0.495      0.719    28.0154 0.0000e+00
      0.508      0.012     4.3399     55.430     82.255  87.233716    11.2500     0.2152     0.0426     0.0846 4.3540e+02     0.4609      0.498      0.723    28.0154 0.0000e+00
      0.511      0.013     4.3354     55.535     59.400  63.002398    11.2500     0.1923     0.0426     0.0846 5.7017e+02     0.4005      0.501      0.727    28.0153 0.0000e+00
      0.514      0.013     4.3326     55.704     21.305  22.609589    11.2500     0.2342     0.0426     0.0846 3.9708e+02     0.3854      0.505      0.732    28.0153 0.0000e+00
      0.518      0.012     4.3326     55.940    -42.191 -44.724131    11.2500     0.2304     0.0426     0.0846 4.1752e+02     0.3703      0.508      0.737    28.0160 0.0000e+00
      0.521      0.011     4.3362     56.258   -148.017-156.950417    11.1600     0.2152     0.0426     0.1692 4.5712e+02     0.3854      0.511      0.742    28.0175 0.0000e+00
      0.525      0.009     4.3442     56.682   -324.392-343.992279    11.1600     0.2152     0.0426     0.1692 4.2817e+02     0.4156      0.515      0.747    28.0193 0.0000e+00
      0.527      0.004     4.3574     57.246   -434.616-460.896017    11.1600     0.2228     0.0426     0.1692 3.9785e+02     0.3552      0.517      0.751    28.0203 0.0000e+00
      0.529     -0.002     4.3760     57.995   -324.343-343.992428    11.1600     0.2304     0.0426     0.1692 3.6920e+02     0.3249      0.519      0.753    28.0192 0.0000e+00
      0.529     -0.012     4.4012     59.022   -147.906-156.930751    11.1600     0.2419     0.0852     0.0846 4.2836e+02     0.4458      0.519      0.752    28.0152 0.0000e+00
      0.526     -0.025     4.4350     60.521    -42.013 -44.671410    11.1600     0.2419     0.0852     0.0846 4.8527e+02     0.4307      0.517      0.749    28.0082 0.0000e+00
      0.520     -0.041     4.4800     62.739     21.533  22.697410    11.1600     0.2228     0.0852     0.0846 3.9484e+02     0.4760      0.511      0.740    27.9983 0.0000e+00
      0.509     -0.059     4.5395     65.842     59.651  63.132722    11.1600     0.2419     0.0852     0.0846 4.3351e+02     0.4005      0.500      0.724    27.9863 0.0000e+00
      0.492     -0.075     4.6207     69.794     82.502  87.421275    11.1600     0.2228     0.0426     0.2115 4.4729e+02     0.3400      0.482      0.699    27.9731 0.0000e+00
      0.467     -0.088     4.7389     74.265     96.179 102.022015    11.1600     0.2304     0.0426     0.2115 4.5444e+02     0.4911      0.458      0.664    27.9610 0.0000e+00
      0.438     -0.095     4.9128     78.685    104.343 110.788467    11.1600     0.1885     0.0426     0.2115 3.1758e+02     0.4609      0.430      0.623    27.9547 0.0000e+00
      0.409     -0.097     5.1548     82.508    109.202 116.032353    11.1600     0.2266     0.0426     0.2115 6.0581e+02     0.3703      0.401      0.581    27.9611 0.0000e+00
      0.381     -0.093     5.4615     85.389    112.093 119.156053    11.1600     0.2037     0.0426     0.2115 6.6341e+02     0.4156      0.374      0.542    27.9860 0.0000e+00
      0.358     -0.087     5.8070     87.199    113.829 121.012563    11.2500     0.1961     0.0852     0.1692 5.1191e+02     0.3703      0.351      0.509    28.0275 0.0000e+00
      0.339     -0.082     6.1476     88.009    114.899 122.118961    11.2500     0.2304     0.0852     0.1692 5.4237e+02     0.3703      0.333      0.482    28.0744 0.0000e+00
      0.323     -0.080     6.4421     88.116    115.589 122.790289    11.2500     0.2419     0.0852     0.1692 4.8738e+02     0.4156      0.317      0.459    28.1140 0.0000e+00
      0.306     -0.081     6.6645     87.957    116.054 123.215566    11.2500     0.2342     0.0852     0.1692 4.5425e+02     0.4156      0.300      0.435    28.1387 0.0000e+00
      0.286     -0.084     6.8052     87.908    116.355 123.490184    11.2500     0.2304     0.0426     0.0846 6.2506e+02     0.4005      0.281      0.407    28.1456 0.0000e+00
