Data/DataNotYetUploadedToEDI/Raw_CTD/RawDownloads/081524_ccr88_S8188006.cnv
* Sea-Bird SBE19plus  Data File:
* FileName = C:\R\Reservoirs\Data\DataNotYetUploadedToEDI\Raw_CTD\RawDownloads\081424_ccr50_S8188_0006.hex
* Software version 2.8.0.119
* Temperature SN = 8188
* Conductivity SN = 8188
* System UpLoad Time = Aug 16 2024 10:38:08
* <ApplicationData>
* <Seaterm232>
# nquan = 13
# nvalues = 776                         
# units = specified
# name 0 = depFM: Depth [fresh water, m]
# name 1 = dz/dtM: Descent Rate [m/s]
# name 2 = sbeox0Mg/L: Oxygen, SBE 43 [mg/l]
# name 3 = sbeox0PS: Oxygen, SBE 43 [% saturation]
# name 4 = specc: Specific Conductance [uS/cm]
# name 5 = c0uS/cm: Conductivity [uS/cm]
# name 6 = flECO-AFL: Fluorescence, WET Labs ECO-AFL/FL [mg/m^3]
# name 7 = par/sat/log: PAR/Logarithmic, Satlantic
# name 8 = turbWETntu0: Turbidity, WET Labs ECO [NTU]
# name 9 = prdM: Pressure, Strain Gauge [db]
# name 10 = prdE: Pressure, Strain Gauge [psi]
# name 11 = tv290C: Temperature [ITS-90, deg C]
# name 12 = flag:  0.000e+00
# span 0 =     -0.453,      9.846       
# span 1 =     -0.361,      0.294       
# span 2 =     2.4380,    10.1239       
# span 3 =     23.875,    118.358       
# span 4 =  -1615.969,    126.906       
# span 5 = -1.228e+03, 125.328346       
# span 6 =    -0.3752,   245.1231       
# span 7 = 9.1565e-01, 1.6479e+03       
# span 8 =    -0.8492,   944.8447       
# span 9 =     -0.445,      9.657       
# span 10 =     -0.645,     14.006      
# span 11 =    12.9685,    28.2955      
# span 12 = 0.0000e+00, 0.0000e+00      
# interval = seconds: 0.25
# start_time = Aug 15 2024 15:50:35 [Instrument's time stamp, header]
# bad_flag = -9.990e-29
*END*
[from data line 556]
      9.771      0.000     3.5246     33.583    126.509  96.133899     1.4973 1.1123e+00    35.2293      9.582     13.898    12.9910 0.0000e+00
      9.771      0.000     3.5256     33.627    126.390  96.040234     1.5215 1.1054e+00    36.4167      9.582     13.897    12.9939 0.0000e+00
      9.771      0.001     3.5296     33.638    126.480  96.107314     1.6384 1.0981e+00    43.4980      9.582     13.898    12.9940 0.0000e+00
      9.772      0.002     3.5315     33.613    126.593  96.195694     1.8274 1.1039e+00    56.5084      9.583     13.900    12.9932 0.0000e+00
      9.773      0.002     3.5379     33.558    126.626  96.223329     1.9258 1.1135e+00    63.6716      9.584     13.901    12.9921 0.0000e+00
      9.774      0.002     3.5446     33.478    126.734  96.305210     1.9354 1.1160e+00    64.7040      9.585     13.902    12.9899 0.0000e+00
      9.774      0.001     3.5449     33.380    126.817  96.368312     1.9604 1.1176e+00    68.8530      9.586     13.903    12.9893 0.0000e+00
      9.774     -0.001     3.5424     33.282    126.731  96.305127     2.0195 1.1207e+00    76.3463      9.585     13.902    12.9909 0.0000e+00
      9.774     -0.009     3.5362     33.218    126.620  96.222412     2.0611 1.1171e+00    80.3219      9.585     13.902    12.9926 0.0000e+00
      9.774     -0.030     3.5275     33.194    126.657  96.253730     2.0474 1.1054e+00    79.6023      9.585     13.902    12.9918 0.0000e+00
      9.773     -0.066     3.5172     33.189    126.755  96.343205     1.8707 1.1072e+00    67.8851      9.586     13.903    12.9914 0.0000e+00
      9.768     -0.116     3.5043     33.210    126.639  96.282534     1.5633 1.1384e+00    46.3186      9.585     13.902    12.9930 0.0000e+00
      9.743     -0.173     3.4975     33.265    126.414  96.133246     1.4007 1.2269e+00    34.4876      9.569     13.880    12.9936 0.0000e+00
      9.686     -0.228     3.4969     33.336    126.374  96.104878     1.3780 1.3884e+00    32.8138      9.508     13.791    12.9932 0.0000e+00
      9.603     -0.271     3.4949     33.439    126.439  96.143896     1.2537 1.5798e+00    25.9443      9.418     13.660    12.9976 0.0000e+00
      9.511     -0.296     3.4950     33.593    126.344  96.060075     1.0250 1.7990e+00    13.5367      9.328     13.529    13.0125 0.0000e+00
      9.418     -0.300     3.5019     33.792    126.244  95.976891     0.9013 2.0182e+00     6.7702      9.232     13.389    13.0241 0.0000e+00
      9.335     -0.290     3.5086     34.038    126.217  95.955513     0.8851 2.1862e+00     6.1026      9.146     13.265    13.0226 0.0000e+00
      9.270     -0.278     3.5179     34.326    126.101  95.869710     0.8464 2.3572e+00     5.7047      9.088     13.183    13.0171 0.0000e+00
      9.214     -0.271     3.5367     34.643    126.036  95.824960     0.7893 2.5397e+00     5.0842      9.036     13.106    13.0115 0.0000e+00
      9.159     -0.267     3.5565     34.989    125.935  95.755033     0.7586 2.7476e+00     4.7447      8.986     13.033    13.0081 0.0000e+00
      9.093     -0.267     3.5830     35.367    125.767  95.637260     0.7516 3.0837e+00     4.6906      8.927     12.947    13.0086 0.0000e+00
      9.011     -0.272     3.6142     35.809    125.828  95.695168     0.7225 3.4940e+00     4.3952      8.837     12.816    13.0100 0.0000e+00
      8.929     -0.280     3.6463     36.343    126.005  95.842187     0.6667 3.8475e+00     3.8172      8.750     12.691    13.0114 0.0000e+00
      8.859     -0.289     3.6839     36.952    125.994  95.848246     0.6326 4.1399e+00     3.4695      8.685     12.597    13.0142 0.0000e+00
      8.799     -0.294     3.7213     37.585    125.865  95.768454     0.6311 4.4504e+00     3.4183      8.630     12.517    13.0180 0.0000e+00
      8.733     -0.292     3.7659     38.170    125.919  95.831052     0.6136 4.9394e+00     3.3701      8.572     12.434    13.0231 0.0000e+00
      8.649     -0.286     3.8229     38.645    126.097  95.992109     0.5592 5.6004e+00     3.2981      8.486     12.308    13.0275 0.0000e+00
      8.559     -0.281     3.8882     38.983    126.090  96.012947     0.5199 6.2183e+00     3.2695      8.387     12.164    13.0329 0.0000e+00
      8.480     -0.279     3.9569     39.128    125.880  95.878700     0.5194 6.7175e+00     3.2635      8.308     12.052    13.0408 0.0000e+00
      8.419     -0.279     4.0211     39.045    125.728  95.799383     0.5284 7.1239e+00     3.1236      8.252     11.969    13.0484 0.0000e+00
      8.367     -0.280     4.0692     38.829    125.760  95.871350     0.5324 7.5888e+00     2.8823      8.209     11.906    13.0596 0.0000e+00
      8.306     -0.282     4.1065     38.625    125.774  95.931535     0.5420 8.3550e+00     2.7841      8.156     11.830    13.0706 0.0000e+00
      8.225     -0.287     4.1243     38.532    125.775  95.982227     0.5495 9.3370e+00     2.7946      8.069     11.702    13.0783 0.0000e+00
      8.136     -0.294     4.1095     38.600    125.918  96.143743     0.5709 1.0307e+01     2.6998      7.976     11.568    13.0928 0.0000e+00
      8.051     -0.302     4.0782     38.841    125.980  96.249703     0.6179 1.1253e+01     2.5649      7.893     11.447    13.1135 0.0000e+00
      7.977     -0.307     4.0519     39.230    125.875  96.241724     0.6413 1.2078e+01     2.5367      7.815     11.334    13.1338 0.0000e+00
      7.914     -0.310     4.0389     39.780    125.855  96.319816     0.6459 1.2907e+01     2.5306      7.764     11.260    13.1527 0.0000e+00
      7.844     -0.314     4.0427     40.489    125.785  96.376629     0.6904 1.4231e+01     2.4571      7.703     11.173    13.1734 0.0000e+00
      7.756     -0.319     4.0691     41.274    125.632  96.383840     0.7719 1.5816e+01     2.3683      7.605     11.030    13.1952 0.0000e+00
      7.664     -0.324     4.1059     42.110    125.673  96.543386     0.8253 1.7251e+01     2.3161      7.514     10.899    13.2223 0.0000e+00
      7.574     -0.331     4.1581     43.035    125.922  96.875393     0.8410 1.8726e+01     2.3059      7.429     10.775    13.2605 0.0000e+00
      7.489     -0.334     4.2343     44.028    126.091  97.196736     0.9533 2.0076e+01     2.3819      7.337     10.642    13.3047 0.0000e+00
      7.413     -0.333     4.3123     45.006    126.074  97.431726     1.1782 2.1306e+01     2.4805      7.270     10.546    13.3560 0.0000e+00
      7.335     -0.332     4.3907     45.845    126.256  97.877710     1.3057 2.2904e+01     2.5027      7.201     10.445    13.4086 0.0000e+00
      7.245     -0.333     4.4846     46.398    126.521  98.502180     1.3158 2.4676e+01     2.5126      7.104     10.302    13.4536 0.0000e+00
      7.154     -0.340     4.5837     46.576    126.691  99.192267     1.3348 2.6392e+01     2.4967      7.014     10.172    13.5287 0.0000e+00
      7.069     -0.351     4.6780     46.322    126.848 100.022796     1.5622 2.8222e+01     2.4138      6.931     10.053    13.6370 0.0000e+00
      6.986     -0.359     4.7620     45.691    126.906 100.914655     1.9841 3.0347e+01     2.3348      6.851      9.937    13.7365 0.0000e+00
      6.896     -0.361     4.8031     44.922    126.824 101.801101     2.2220 3.3261e+01     2.2960      6.770      9.819    13.9068 0.0000e+00
      6.795     -0.361     4.8012     44.375    126.304 102.429697     2.2717 3.6755e+01     2.2537      6.663      9.665    14.1235 0.0000e+00
      6.693     -0.360     4.7472     44.543    125.776 103.065502     2.5328 4.0463e+01     2.1329      6.560      9.514    14.3976 0.0000e+00
      6.599     -0.360     4.6347     45.799    125.872 104.311317     3.0037 4.4727e+01     1.9685      6.470      9.384    14.7523 0.0000e+00
      6.513     -0.357     4.5132     48.208    125.500 105.433176     3.2576 4.9463e+01     1.8795      6.382      9.257    15.1046 0.0000e+00
      6.433     -0.351     4.3947     51.654    124.617 106.137698     3.3225 5.5738e+01     1.8461      6.314      9.157    15.5529 0.0000e+00
      6.344     -0.345     4.3560     55.762    124.645 107.515990     3.8149 6.3527e+01     1.7707      6.229      9.033    15.9724 0.0000e+00
      6.248     -0.339     4.4461     60.016    124.619 109.150790     4.7025 6.9727e+01     1.6546      6.121      8.876    16.3560 0.0000e+00
      6.159     -0.334     4.6199     64.323    123.472 110.026247     5.2018 7.4018e+01     1.6097      6.039      8.758    17.0064 0.0000e+00
      6.074     -0.327     4.8985     68.976    122.338 110.606352     5.4219 7.8190e+01     1.6397      5.958      8.642    17.6465 0.0000e+00
      5.992     -0.311     5.2740     74.310    121.545 111.122914     7.3289 8.2008e+01     1.7775      5.869      8.511    18.0385 0.0000e+00
      5.918     -0.284     5.5982     80.734    120.762 111.365904    10.8240 8.5823e+01     2.0046      5.807      8.422    18.7305 0.0000e+00
      5.841     -0.257     5.8734     88.215    120.386 111.705214    12.7409 9.0386e+01     2.0853      5.733      8.315    19.6431 0.0000e+00
      5.766     -0.235     6.2223     96.084    120.216 112.090806    12.9754 9.3967e+01     2.0672      5.642      8.181    20.2441 0.0000e+00
      5.716     -0.219     6.6182    103.541    120.223 112.620517    13.6250 9.5673e+01     2.0943      5.597      8.117    20.7377 0.0000e+00
      5.685     -0.208     7.1306    109.679    120.462 113.543237    14.7862 9.7603e+01     2.1379      5.582      8.097    21.1653 0.0000e+00
      5.643     -0.206     7.7934    113.971    120.289 114.318025    15.3977 1.0136e+02     2.1484      5.544      8.041    21.3935 0.0000e+00
      5.583     -0.217     8.4662    116.653    119.819 114.763606    15.3055 1.0578e+02     2.0849      5.473      7.937    21.6313 0.0000e+00
      5.523     -0.236     9.1264    118.053    119.649 115.318751    13.7317 1.0993e+02     1.9194      5.411      7.847    21.8061 0.0000e+00
      5.468     -0.251     9.6416    118.358    119.715 116.054306    10.8222 1.1601e+02     1.7267      5.372      7.792    22.0577 0.0000e+00
      5.397     -0.257     9.9048    117.918    119.789 116.772094     9.2147 1.2460e+02     1.6424      5.301      7.689    22.5391 0.0000e+00
      5.314     -0.260    10.0533    117.027    120.032 117.589442     8.9385 1.3198e+02     1.6212      5.203      7.546    22.9234 0.0000e+00
      5.245     -0.257    10.1239    115.707    120.148 118.301067     7.5002 1.3667e+02     1.5048      5.135      7.448    23.1811 0.0000e+00
      5.191     -0.243    10.0827    114.074    119.889 118.695069     4.8725 1.4161e+02     1.2988      5.096      7.392    23.4641 0.0000e+00
      5.131     -0.224     9.9764    112.396    119.358 118.808504     3.4284 1.4794e+02     1.1568      5.038      7.307    23.7581 0.0000e+00
      5.062     -0.213     9.8694    110.868    118.770 118.787110     3.2616 1.5284e+02     1.0927      4.955      7.187    23.9661 0.0000e+00
      5.012     -0.216     9.7084    109.518    118.470 118.982738     2.8559 1.5481e+02     1.0722      4.904      7.114    24.2146 0.0000e+00
      4.982     -0.221     9.5103    108.186    118.235 119.333444     2.1209 1.5721e+02     1.1160      4.894      7.097    24.4998 0.0000e+00
      4.937     -0.221     9.3192    106.810    117.766 119.550697     1.7176 1.6347e+02     1.1756      4.858      7.045    24.7726 0.0000e+00
      4.862     -0.222     9.1453    105.364    117.239 119.564903     1.6642 1.7175e+02     1.2093      4.769      6.917    25.0268 0.0000e+00
      4.783     -0.226     9.0169    103.543    116.934 119.574246     1.4580 1.7775e+02     1.4548      4.678      6.785    25.1885 0.0000e+00
      4.726     -0.222     8.8700    101.137    116.936 119.800511     1.0976 1.8136e+02     1.9468      4.630      6.716    25.4249 0.0000e+00
      4.681     -0.207     8.6943     98.448    117.127 120.187052     0.9050 1.8598e+02     2.2488      4.598      6.669    25.7857 0.0000e+00
      4.628     -0.195     8.5517     95.993    117.256 120.497605     0.8800 1.9098e+02     2.2902      4.537      6.580    26.0332 0.0000e+00
      4.580     -0.195     8.4009     94.133    117.178 120.623361     0.8641 1.9350e+02     2.0699      4.480      6.498    26.1262 0.0000e+00
      4.547     -0.206     8.1786     93.094    116.950 120.616785     0.8438 1.9569e+02     1.6449      4.463      6.472    26.2240 0.0000e+00
      4.507     -0.216     7.9323     92.983    116.827 120.691229     0.8333 2.0133e+02     1.4085      4.434      6.432    26.3041 0.0000e+00
      4.439     -0.223     7.7167     93.705    116.904 120.910023     0.8329 2.0993e+02     1.3751      4.358      6.322    26.3685 0.0000e+00
      4.359     -0.226     7.5487     95.050    116.842 120.943798     0.8129 2.1762e+02     1.2755      4.267      6.188    26.4597 0.0000e+00
      4.294     -0.219     7.4457     96.720    116.627 120.826974     0.7822 2.2296e+02     1.0623      4.205      6.099    26.5647 0.0000e+00
      4.242     -0.194     7.4289     98.325    116.611 120.929761     0.7657 2.2859e+02     0.9258      4.165      6.041    26.6603 0.0000e+00
      4.191     -0.154     7.4846     99.598    116.722 121.163852     0.7521 2.3414e+02     0.8949      4.107      5.958    26.7144 0.0000e+00
      4.149     -0.113     7.5960    100.513    116.731 121.270702     0.7303 2.3661e+02     0.8259      4.058      5.885    26.7442 0.0000e+00
      4.130     -0.083     7.7360    101.169    116.670 121.267094     0.7103 2.3679e+02     0.7108      4.045      5.866    26.7920 0.0000e+00
      4.128     -0.066     7.8653    101.637    116.633 121.256719     0.6998 2.3659e+02     0.6354      4.047      5.870    26.8459 0.0000e+00
      4.128     -0.063     7.9588    101.980    116.646 121.281685     0.6903 2.3650e+02     0.6005      4.049      5.873    26.8988 0.0000e+00
      4.123     -0.072     8.0206    102.265    116.656 121.296192     0.6909 2.3760e+02     0.5986      4.047      5.871    26.9453 0.0000e+00
      4.105     -0.086     8.0692    102.535    116.651 121.295742     0.7073 2.4127e+02     0.6476      4.033      5.851    26.9681 0.0000e+00
      4.069     -0.098     8.1023    102.785    116.683 121.344442     0.7073 2.4707e+02     0.6766      3.995      5.794    26.9782 0.0000e+00
      4.024     -0.107     8.1279    102.971    116.722 121.407671     0.6906 2.5204e+02     0.6411      3.941      5.717    26.9814 0.0000e+00
      3.989     -0.116     8.1482    103.066    116.807 121.514718     0.6700 2.5373e+02     0.4931      3.903      5.662    26.9831 0.0000e+00
      3.972     -0.124     8.1706    103.119    116.894 121.615817     0.6489 2.5438e+02     0.2936      3.893      5.647    26.9820 0.0000e+00
      3.958     -0.128     8.1910    103.164    116.875 121.607110     0.6439 2.5753e+02     0.1867      3.889      5.639    26.9885 0.0000e+00
      3.929     -0.130     8.2050    103.095    116.800 121.545860     0.6443 2.6309e+02     0.1626      3.863      5.601    27.0034 0.0000e+00
      3.880     -0.138     8.2105    102.910    116.725 121.489057     0.6359 2.6914e+02     0.2421      3.807      5.521    27.0097 0.0000e+00
      3.827     -0.155     8.2096    102.786    116.757 121.534122     0.6116 2.7334e+02     0.3576      3.745      5.432    27.0131 0.0000e+00
      3.791     -0.170     8.2199    102.789    116.833 121.613387     0.5851 2.7524e+02     0.3920      3.711      5.384    27.0177 0.0000e+00
      3.765     -0.176     8.2139    102.814    116.778 121.560879     0.5839 2.7863e+02     0.4177      3.701      5.368    27.0241 0.0000e+00
      3.723     -0.179     8.1891    102.787    116.713 121.513033     0.6227 2.8632e+02     0.4970      3.661      5.310    27.0361 0.0000e+00
      3.662     -0.184     8.1761    102.753    116.816 121.648693     0.6815 2.9417e+02     0.5958      3.586      5.201    27.0427 0.0000e+00
      3.606     -0.189     8.1823    102.778    116.901 121.769043     0.7056 2.9868e+02     0.6513      3.528      5.117    27.0382 0.0000e+00
