Data/DataNotYetUploadedToEDI/Raw_CTD/RawDownloads/081524_ccr88_S8188005.cnv
* Sea-Bird SBE19plus  Data File:
* FileName = C:\R\Reservoirs\Data\DataNotYetUploadedToEDI\Raw_CTD\RawDownloads\081424_ccr50_S8188_0005.hex
* Software version 2.8.0.119
* Temperature SN = 8188
* Conductivity SN = 8188
* System UpLoad Time = Aug 16 2024 10:37:54
* <ApplicationData>
* <Seaterm232>
# nquan = 16
# nvalues = 944                         
# units = specified
# name 0 = depFM: Depth [fresh water, m]
# name 1 = dz/dtM: Descent Rate [m/s]
# name 2 = sbeox0Mg/L: Oxygen, SBE 43 [mg/l]
# name 3 = sbeox0PS: Oxygen, SBE 43 [% saturation]
# name 4 = specc: Specific Conductance [uS/cm]
# name 5 = c0uS/cm: Conductivity [uS/cm]
# name 6 = wetCDOM: Fluorescence, WET Labs CDOM [mg/m^3]
# name 7 = flECO-AFL: Fluorescence, WET Labs ECO-AFL/FL [mg/m^3]
# name 8 = flECO-AFL1: Fluorescence, WET Labs ECO-AFL/FL, 2 [mg/m^3]
# name 9 = flECO-AFL2: Fluorescence, WET Labs ECO-AFL/FL, 3 [mg/m^3]
# name 10 = par/sat/log: PAR/Logarithmic, Satlantic
# name 11 = turbWETntu0: Turbidity, WET Labs ECO [NTU]
# name 12 = prdM: Pressure, Strain Gauge [db]
# name 13 = prdE: Pressure, Strain Gauge [psi]
# name 14 = tv290C: Temperature [ITS-90, deg C]
# name 15 = flag:  0.000e+00
# span 0 =     -0.452,      9.361       
# span 1 =     -0.441,      0.169       
# span 2 =     2.8905,     9.7782       
# span 3 =     28.184,    123.693       
# span 4 =   -638.128,    126.608       
# span 5 =-486.333072, 124.896961       
# span 6 =    -4.5000,    27.8100       
# span 7 =    -2.0584,    23.3784       
# span 8 =    -2.2578,     0.8946       
# span 9 =    -5.7105,     3.6801       
# span 10 = 1.3519e+00, 2.2508e+03      
# span 11 =    -2.2734,    91.5074      
# span 12 =     -0.443,      9.180      
# span 13 =     -0.642,     13.314      
# span 14 =    13.0182,    28.2395      
# span 15 = 0.0000e+00, 0.0000e+00      
# interval = seconds: 0.25
# start_time = Aug 15 2024 15:35:21 [Instrument's time stamp, header]
# bad_flag = -9.990e-29
*END*
[from data line 543]
      3.847      0.077     8.1838    102.648    116.872 121.805104    12.1500     0.6233     0.0426     0.3384 2.2112e+02     0.4609      3.773      5.471    27.1201 0.0000e+00
      3.867      0.077     8.1794    102.573    116.924 121.853100    12.1500     0.6500     0.0426     0.3384 2.2074e+02     0.4458      3.792      5.500    27.1149 0.0000e+00
      3.886      0.076     8.1739    102.544    116.959 121.883142    12.1500     0.6424     0.0426     0.3384 2.2378e+02     0.4307      3.811      5.527    27.1105 0.0000e+00
      3.905      0.075     8.1679    102.595    116.951 121.869232    12.1500     0.6500     0.0426     0.3384 2.2007e+02     0.4458      3.829      5.554    27.1069 0.0000e+00
      3.923      0.075     8.1615    102.732    116.907 121.817662    12.3300     0.5928     0.0426     0.3384 2.2050e+02     0.1890      3.847      5.580    27.1038 0.0000e+00
      3.942      0.075     8.1559    102.925    116.845 121.748689    12.3300     0.5699     0.0426     0.3384 2.1769e+02     0.1588      3.865      5.606    27.1011 0.0000e+00
      3.961      0.076     8.1539    103.135    116.799 121.695932    12.3300     0.5661     0.0426     0.3384 2.1783e+02     0.2343      3.884      5.634    27.0986 0.0000e+00
      3.981      0.078     8.1583    103.331    116.785 121.677329    12.3300     0.5585     0.0426     0.3384 2.1154e+02     0.1286      3.904      5.662    27.0962 0.0000e+00
      4.001      0.079     8.1695    103.505    116.791 121.679918    12.3300     0.5890     0.0426     0.3384 2.1459e+02     0.2041      3.923      5.690    27.0939 0.0000e+00
      4.021      0.080     8.1852    103.661    116.800 121.684384    12.2400     0.5852     0.0852     0.3807 2.0930e+02     0.0983      3.943      5.719    27.0918 0.0000e+00
      4.042      0.082     8.2022    103.786    116.800 121.679915    12.2400     0.5928     0.0852     0.3807 2.0911e+02     0.1286      3.963      5.749    27.0898 0.0000e+00
      4.063      0.084     8.2181    103.869    116.799 121.673320    12.2400     0.5394     0.0852     0.3807 2.0614e+02     0.2796      3.984      5.778    27.0880 0.0000e+00
      4.084      0.086     8.2322    103.908    116.814 121.682847    12.2400     0.6500     0.0852     0.3807 2.0480e+02     0.4458      4.005      5.808    27.0863 0.0000e+00
      4.106      0.087     8.2448    103.892    116.843 121.707032    12.0600     0.6462     0.0426     0.2961 2.0298e+02     0.3854      4.026      5.840    27.0845 0.0000e+00
      4.129      0.088     8.2551    103.800    116.862 121.720319    12.0600     0.6462     0.0426     0.2961 1.9940e+02     0.4307      4.049      5.872    27.0826 0.0000e+00
      4.152      0.088     8.2620    103.615    116.861 121.714247    12.0600     0.6424     0.0426     0.2961 1.9745e+02     0.4458      4.072      5.905    27.0803 0.0000e+00
      4.176      0.086     8.2654    103.341    116.859 121.707201    12.0600     0.6996     0.0426     0.2961 1.9216e+02     0.6724      4.095      5.939    27.0778 0.0000e+00
      4.198      0.083     8.2646    103.006    116.870 121.713306    11.5200     0.6958     0.0426     0.2538 1.8955e+02     0.6271      4.117      5.971    27.0750 0.0000e+00
      4.218      0.080     8.2577    102.656    116.883 121.720187    11.5200     0.6996     0.0426     0.2538 1.9246e+02     0.6422      4.137      6.000    27.0723 0.0000e+00
      4.238      0.077     8.2433    102.322    116.876 121.703672    11.5200     0.7225     0.0426     0.2538 1.8803e+02     0.6875      4.156      6.027    27.0700 0.0000e+00
      4.256      0.075     8.2217    102.020    116.850 121.665358    11.5200     0.7569     0.0426     0.2538 1.8693e+02     0.8990      4.174      6.054    27.0680 0.0000e+00
      4.274      0.073     8.1954    101.768    116.812 121.613031    11.5200     0.7607     0.0426     0.2538 1.8475e+02     0.8839      4.192      6.080    27.0657 0.0000e+00
      4.293      0.073     8.1680    101.572    116.770 121.552742    11.3400     0.7530     0.0426     0.1692 1.8161e+02     0.8990      4.210      6.106    27.0628 0.0000e+00
      4.311      0.074     8.1420    101.424    116.728 121.488418    11.3400     0.7683     0.0426     0.1692 1.8347e+02     0.9141      4.228      6.132    27.0589 0.0000e+00
      4.330      0.075     8.1187    101.306    116.678 121.414908    11.3400     0.7797     0.0426     0.1692 1.8086e+02     1.2162      4.246      6.158    27.0541 0.0000e+00
      4.349      0.077     8.0995    101.192    116.632 121.346613    11.3400     0.7416     0.0426     0.1692 1.7832e+02     1.0954      4.265      6.185    27.0484 0.0000e+00
      4.369      0.079     8.0849    101.058    116.619 121.313331    11.6100     0.7645     0.0426     0.2538 1.7740e+02     1.2313      4.284      6.214    27.0413 0.0000e+00
      4.389      0.081     8.0744    100.887    116.637 121.316189    11.6100     0.7454     0.0426     0.2538 1.7498e+02     1.2313      4.305      6.243    27.0328 0.0000e+00
      4.411      0.082     8.0663    100.662    116.668 121.335942    11.6100     0.7645     0.0426     0.2538 1.7358e+02     0.9292      4.326      6.274    27.0236 0.0000e+00
      4.432      0.082     8.0585    100.392    116.697 121.355854    11.6100     0.7416     0.0426     0.2538 1.6915e+02     0.8990      4.347      6.305    27.0146 0.0000e+00
      4.454      0.082     8.0490    100.121    116.703 121.353227    12.0600     0.7454     0.0426     0.2961 1.6948e+02     0.9896      4.368      6.335    27.0063 0.0000e+00
      4.474      0.081     8.0364     99.888    116.690 121.331363    12.0600     0.7683     0.0426     0.2961 1.6718e+02     0.9141      4.388      6.364    26.9995 0.0000e+00
      4.495      0.080     8.0193     99.709    116.684 121.316436    12.0600     0.6996     0.0426     0.2961 1.6656e+02     0.9443      4.407      6.393    26.9941 0.0000e+00
      4.515      0.079     7.9984     99.579    116.691 121.314469    12.0600     0.7225     0.0426     0.2961 1.6501e+02     0.9443      4.427      6.421    26.9897 0.0000e+00
      4.535      0.078     7.9773     99.495    116.707 121.320935    12.2400     0.7073     0.0000     0.2961 1.6245e+02     0.8990      4.447      6.450    26.9859 0.0000e+00
      4.556      0.077     7.9593     99.475    116.723 121.323555    12.2400     0.7111     0.0000     0.2961 1.6042e+02     0.9141      4.467      6.479    26.9822 0.0000e+00
      4.575      0.076     7.9456     99.524    116.719 121.301024    12.2400     0.7569     0.0000     0.2961 1.6000e+02     0.8688      4.487      6.507    26.9785 0.0000e+00
      4.594      0.076     7.9358     99.598    116.705 121.257334    12.2400     0.7607     0.0000     0.2961 1.5810e+02     0.9292      4.505      6.534    26.9745 0.0000e+00
      4.613      0.075     7.9297     99.644    116.697 121.210841    12.2400     0.7454     0.0000     0.2961 1.5892e+02     0.8688      4.523      6.560    26.9700 0.0000e+00
      4.631      0.075     7.9289     99.652    116.690 121.157146    12.6000     0.7378     0.0852     0.2961 1.5676e+02     0.9745      4.542      6.587    26.9643 0.0000e+00
      4.650      0.076     7.9340     99.630    116.667 121.081928    12.6000     0.7530     0.0852     0.2961 1.5456e+02     1.3371      4.561      6.615    26.9561 0.0000e+00
      4.670      0.078     7.9416     99.561    116.624 120.977129    12.6000     0.7759     0.0852     0.2961 1.5333e+02     1.3673      4.580      6.643    26.9439 0.0000e+00
      4.690      0.080     7.9476     99.408    116.562 120.842806    12.6000     0.7340     0.0852     0.2961 1.5213e+02     1.2918      4.600      6.671    26.9274 0.0000e+00
      4.711      0.081     7.9510     99.140    116.498 120.693146    12.6000     0.7645     0.0426     0.2115 1.5118e+02     1.4126      4.620      6.700    26.9077 0.0000e+00
      4.732      0.083     7.9524     98.742    116.472 120.562250    12.6000     0.7302     0.0426     0.2115 1.4873e+02     2.3039      4.640      6.730    26.8855 0.0000e+00
      4.753      0.084     7.9506     98.213    116.506 120.479218    12.6000     0.8293     0.0426     0.2115 1.4764e+02     2.3039      4.661      6.760    26.8600 0.0000e+00
      4.775      0.084     7.9426     97.559    116.554 120.415899    12.6000     0.8293     0.0426     0.2115 1.4550e+02     2.3492      4.683      6.791    26.8301 0.0000e+00
      4.797      0.083     7.9263     96.785    116.572 120.341398    12.6000     0.8141     0.0426     0.3807 1.4241e+02     2.2435      4.704      6.823    26.7940 0.0000e+00
      4.819      0.081     7.9007     95.911    116.563 120.259848    12.6000     0.8065     0.0426     0.3807 1.4068e+02     2.3794      4.725      6.853    26.7495 0.0000e+00
      4.839      0.079     7.8655     94.998    116.544 120.175506    12.6000     0.9056     0.0426     0.3807 1.3998e+02     3.2556      4.746      6.883    26.6988 0.0000e+00
      4.859      0.078     7.8200     94.122    116.542 120.105884    12.6000     0.8866     0.0426     0.3807 1.3992e+02     3.2103      4.765      6.911    26.6501 0.0000e+00
      4.878      0.077     7.7635     93.336    116.564 120.058418    12.6000     0.8713     0.0426     0.3807 1.3847e+02     3.2405      4.783      6.937    26.6104 0.0000e+00
      4.896      0.077     7.6977     92.662    116.600 120.024448    12.4200     0.8713     0.0426     0.2115 1.3739e+02     3.3160      4.802      6.964    26.5794 0.0000e+00
      4.915      0.077     7.6283     92.107    116.641 119.994911    12.4200     0.8866     0.0426     0.2115 1.3611e+02     3.4973      4.820      6.991    26.5515 0.0000e+00
      4.935      0.079     7.5619     91.666    116.672 119.953927    12.4200     0.8751     0.0426     0.2115 1.3529e+02     3.5728      4.839      7.019    26.5226 0.0000e+00
      4.955      0.081     7.5028     91.317    116.696 119.902566    12.4200     0.9018     0.0426     0.2115 1.3383e+02     3.5426      4.859      7.048    26.4925 0.0000e+00
      4.977      0.082     7.4528     91.050    116.712 119.843130    12.9600     0.8942     0.0426     0.3384 1.3123e+02     3.4520      4.880      7.078    26.4620 0.0000e+00
      4.998      0.082     7.4122     90.897    116.721 119.777767    12.9600     0.9285     0.0426     0.3384 1.2923e+02     3.2556      4.902      7.109    26.4313 0.0000e+00
      5.020      0.083     7.3809     90.922    116.763 119.741053    12.9600     0.9476     0.0426     0.3384 1.2780e+02     3.2103      4.923      7.140    26.4001 0.0000e+00
      5.041      0.083     7.3572     91.168    116.874 119.757199    12.9600     0.9400     0.0426     0.3384 1.2752e+02     3.2556      4.943      7.170    26.3677 0.0000e+00
      5.061      0.082     7.3400     91.626    117.067 119.830510    14.6700     0.9209     0.0852     0.3807 1.2716e+02     3.2405      4.963      7.199    26.3353 0.0000e+00
      5.082      0.082     7.3320     92.270    117.342 119.958526    14.6700     1.1879     0.0852     0.3807 1.2598e+02     2.4852      4.983      7.228    26.3034 0.0000e+00
      5.103      0.082     7.3387     93.097    117.661 120.107367    14.6700     1.1956     0.0852     0.3807 1.2408e+02     2.6513      5.004      7.258    26.2693 0.0000e+00
      5.124      0.081     7.3642     94.136    117.979 120.236705    14.6700     1.1765     0.0852     0.3807 1.2218e+02     2.5456      5.025      7.288    26.2277 0.0000e+00
      5.145      0.081     7.4086     95.408    118.268 120.317009    15.8400     1.1994     0.0852     0.4230 1.2139e+02     2.4701      5.046      7.318    26.1748 0.0000e+00
      5.166      0.080     7.4696     96.873    118.523 120.339681    15.8400     1.6724     0.0852     0.4230 1.1992e+02     0.9443      5.066      7.347    26.1099 0.0000e+00
      5.186      0.079     7.5470     98.437    118.747 120.318755    15.8400     1.6724     0.0852     0.4230 1.1898e+02     0.8990      5.086      7.376    26.0349 0.0000e+00
      5.206      0.077     7.6430    100.010    118.921 120.260638    15.8400     1.6800     0.0852     0.4230 1.1793e+02     0.9443      5.105      7.404    25.9521 0.0000e+00
      5.225      0.075     7.7593    101.548    119.005 120.145817    15.8400     1.6915     0.0852     0.4230 1.1564e+02     0.8990      5.124      7.432    25.8613 0.0000e+00
      5.245      0.073     7.8929    103.003    118.970 119.947667    16.2900     1.6381     0.1278     0.4653 1.1358e+02     0.7026      5.143      7.459    25.7614 0.0000e+00
      5.263      0.071     8.0357    104.270    118.839 119.675350    16.2900     1.6228     0.1278     0.4653 1.1233e+02     0.6120      5.161      7.486    25.6567 0.0000e+00
      5.281      0.069     8.1787    105.223    118.631 119.324259    16.2900     1.6343     0.1278     0.4653 1.1150e+02     0.7328      5.179      7.511    25.5580 0.0000e+00
      5.297      0.069     8.3170    105.773    118.365 118.878778    16.2900     1.5999     0.1278     0.4653 1.1181e+02     0.6573      5.195      7.534    25.4737 0.0000e+00
      5.314      0.070     8.4465    105.877    118.171 118.452131    17.0100     1.5656     0.0852     0.4230 1.1116e+02     0.7177      5.211      7.558    25.4047 0.0000e+00
      5.331      0.072     8.5594    105.517    118.191 118.202552    17.0100     1.5465     0.0852     0.4230 1.0998e+02     0.6422      5.228      7.582    25.3456 0.0000e+00
      5.349      0.075     8.6468    104.700    118.366 118.109474    17.0100     1.5503     0.0852     0.4230 1.0818e+02     0.7479      5.246      7.609    25.2857 0.0000e+00
      5.369      0.078     8.7037    103.506    118.532 118.044054    17.0100     1.5656     0.0852     0.4230 1.0448e+02     0.6724      5.266      7.637    25.2109 0.0000e+00
      5.391      0.080     8.7276    102.145    118.618 117.942833    18.0900     1.4817     0.0426     0.4230 1.0244e+02     1.0954      5.286      7.668    25.1132 0.0000e+00
      5.412      0.082     8.7159    100.907    118.624 117.786814    18.0900     1.5084     0.0426     0.4230 9.9046e+01     1.1709      5.308      7.698    24.9994 0.0000e+00
      5.434      0.084     8.6662    100.013    118.546 117.546391    18.0900     1.5122     0.0426     0.4230 9.8852e+01     1.2313      5.328      7.729    24.8864 0.0000e+00
      5.455      0.085     8.5827     99.550    118.404 117.225449    18.0900     1.5007     0.0426     0.4230 9.7890e+01     1.2011      5.349      7.758    24.7887 0.0000e+00
      5.476      0.086     8.4824     99.540    118.276 116.908399    18.0900     1.4511     0.0426     0.4230 9.6308e+01     0.9141      5.370      7.788    24.7096 0.0000e+00
      5.497      0.087     8.3903    100.003    118.246 116.690685    21.6900     1.4435     0.0426     0.4230 9.4258e+01     0.9745      5.391      7.819    24.6414 0.0000e+00
      5.520      0.087     8.3268    100.933    118.288 116.560241    21.6900     1.4397     0.0426     0.4230 9.1872e+01     0.8386      5.413      7.851    24.5722 0.0000e+00
      5.543      0.088     8.3001    102.236    118.328 116.450272    21.6900     1.4359     0.0426     0.4230 8.9333e+01     0.8688      5.436      7.885    24.4963 0.0000e+00
      5.567      0.087     8.3120    103.727    118.340 116.331448    21.6900     1.7296     0.0426     0.4230 8.6693e+01     1.0349      5.459      7.918    24.4158 0.0000e+00
      5.589      0.086     8.3633    105.192    118.316 116.176082    21.7800     1.7449     0.0852     0.5076 8.5255e+01     0.8839      5.481      7.950    24.3365 0.0000e+00
      5.611      0.085     8.4526    106.449    118.279 115.988736    21.7800     1.7449     0.0852     0.5076 8.5813e+01     0.8386      5.502      7.981    24.2638 0.0000e+00
      5.632      0.084     8.5719    107.388    118.261 115.803444    21.7800     1.7144     0.0852     0.5076 8.5571e+01     0.8688      5.523      8.010    24.2009 0.0000e+00
