Data/DataNotYetUploadedToEDI/Raw_CTD/RawDownloads/081524_ccr80_S8188004.cnv
* Sea-Bird SBE19plus  Data File:
* FileName = C:\R\Reservoirs\Data\DataNotYetUploadedToEDI\Raw_CTD\RawDownloads\081424_ccr50_S8188_0004.hex
* Software version 2.8.0.119
* Temperature SN = 8188
* Conductivity SN = 8188
* System UpLoad Time = Aug 16 2024 10:37:39
* <ApplicationData>
* <Seaterm232>
# nquan = 13
# nvalues = 1935                        
# units = specified
# name 0 = depFM: Depth [fresh water, m]
# name 1 = dz/dtM: Descent Rate [m/s]
# name 2 = sbeox0Mg/L: Oxygen, SBE 43 [mg/l]
# name 3 = sbeox0PS: Oxygen, SBE 43 [% saturation]
# name 4 = specc: Specific Conductance [uS/cm]
# name 5 = c0uS/cm: Conductivity [uS/cm]
# name 6 = flECO-AFL: Fluorescence, WET Labs ECO-AFL/FL [mg/m^3]
# name 7 = par/sat/log: PAR/Logarithmic, Satlantic
# name 8 = turbWETntu0: Turbidity, WET Labs ECO [NTU]
# name 9 = prdM: Pressure, Strain Gauge [db]
# name 10 = prdE: Pressure, Strain Gauge [psi]
# name 11 = tv290C: Temperature [ITS-90, deg C]
# name 12 = flag:  0.000e+00
# span 0 =     -0.400,     17.570       
# span 1 =     -0.520,      0.215       
# span 2 =     3.6669,     9.7704       
# span 3 =     34.664,    118.611       
# span 4 =  -1587.839,    127.619       
# span 5 = -1.227e+03, 127.036766       
# span 6 =    -0.4260,    10.7549       
# span 7 = 1.1577e-01, 6.3519e+02       
# span 8 =    -1.1968,    94.3030       
# span 9 =     -0.392,     17.232       
# span 10 =     -0.569,     24.993      
# span 11 =    12.5623,    34.6106      
# span 12 = 0.0000e+00, 0.0000e+00      
# interval = seconds: 0.25
# start_time = Aug 15 2024 14:41:38 [Instrument's time stamp, header]
# bad_flag = -9.990e-29
*END*
[from data line 889]
      6.822      0.087     5.8505     56.190    122.831 100.739620     5.2614 3.3715e+01     0.5837      6.689      9.702    17.0543 0.0000e+00
      6.846      0.104     5.7448     55.495    122.954 100.112929     4.5120 3.3256e+01     0.6821      6.714      9.737    16.9314 0.0000e+00
      6.872      0.121     5.6606     54.801    123.099  99.485118     4.1055 3.2691e+01     0.7665      6.736      9.770    16.6360 0.0000e+00
      6.903      0.134     5.5881     53.881    123.400  99.006847     4.0389 3.1821e+01     0.7802      6.764      9.811    16.2920 0.0000e+00
      6.946      0.137     5.5358     52.697    124.108  98.961863     3.6980 3.0701e+01     0.8134      6.810      9.878    16.0031 0.0000e+00
      6.993      0.129     5.5082     51.430    124.964  99.281118     3.0794 2.9658e+01     0.9264      6.860      9.950    15.7153 0.0000e+00
      7.034      0.113     5.4864     50.292    125.303  99.528363     2.7416 2.8910e+01     0.9789      6.903     10.011    15.4015 0.0000e+00
      7.063      0.090     5.4316     49.442    125.269  99.703126     2.7078 2.8557e+01     0.9675      6.934     10.056    15.0998 0.0000e+00
      7.078      0.064     5.3332     48.954    125.329 100.031868     2.6536 2.8489e+01     0.9603      6.945     10.072    14.8345 0.0000e+00
      7.083      0.041     5.2180     48.860    124.928 100.028959     2.5628 2.8455e+01     0.8576      6.945     10.073    14.6605 0.0000e+00
      7.087      0.031     5.0939     49.270    123.800  99.259556     2.5128 2.8457e+01     0.7556      6.951     10.081    14.6787 0.0000e+00
      7.088      0.034     4.9925     50.142    123.131  98.427513     2.5080 2.8525e+01     0.7579      6.952     10.083    14.7947 0.0000e+00
      7.088      0.047     4.9351     51.102    123.396  98.075304     2.5305 2.8485e+01     0.8851      6.948     10.076    14.8850 0.0000e+00
      7.097      0.060     4.9020     51.852    123.966  97.997740     2.5597 2.8138e+01     1.0926      6.954     10.086    15.0495 0.0000e+00
      7.121      0.068     4.9264     52.351    124.507  98.034037     2.5660 2.7498e+01     1.2070      6.979     10.123    15.1726 0.0000e+00
      7.155      0.071     5.0529     52.540    124.858  98.104982     2.5630 2.6917e+01     1.2384      7.019     10.180    15.0063 0.0000e+00
      7.184      0.072     5.1943     52.399    124.833  98.037828     2.4632 2.6692e+01     1.1972      7.053     10.229    14.7169 0.0000e+00
      7.198      0.072     5.2895     52.009    124.475  97.698892     2.2620 2.6747e+01     1.0869      7.063     10.243    14.5075 0.0000e+00
      7.201      0.075     5.3653     51.438    124.251  97.344794     2.1496 2.6831e+01     1.0375      7.061     10.241    14.3382 0.0000e+00
      7.208      0.082     5.3967     50.810    124.370  97.162269     2.1356 2.6724e+01     1.0462      7.063     10.244    14.2512 0.0000e+00
      7.228      0.094     5.3737     50.276    124.527  96.990286     2.1098 2.6356e+01     1.2607      7.083     10.273    14.2707 0.0000e+00
      7.263      0.105     5.3348     49.830    124.622  96.831725     2.0633 2.5873e+01     1.7085      7.121     10.327    14.2638 0.0000e+00
      7.303      0.110     5.2814     49.436    124.780  96.811566     2.0327 2.5476e+01     1.9617      7.162     10.388    14.1829 0.0000e+00
      7.341      0.105     5.2209     49.142    124.956  96.882613     2.0167 2.5284e+01     1.9873      7.203     10.447    14.0627 0.0000e+00
      7.371      0.091     5.1848     48.984    124.934  96.873265     1.9652 2.5324e+01     2.0527      7.233     10.492    13.9290 0.0000e+00
      7.387      0.076     5.1523     48.967    124.821  96.834789     1.8879 2.5518e+01     2.1343      7.247     10.511    13.8323 0.0000e+00
      7.396      0.064     5.1132     49.102    124.781  96.826175     1.8447 2.5775e+01     2.1505      7.252     10.520    13.7816 0.0000e+00
      7.403      0.057     5.0853     49.362    124.736  96.769137     1.8336 2.6004e+01     2.1456      7.258     10.527    13.7515 0.0000e+00
      7.415      0.057     5.0690     49.707    124.681  96.690056     1.8223 2.6126e+01     2.2471      7.269     10.542    13.7580 0.0000e+00
      7.434      0.064     5.0617     50.097    124.672  96.619264     1.8033 2.6175e+01     2.4506      7.289     10.572    13.7927 0.0000e+00
      7.454      0.074     5.0759     50.484    124.796  96.594289     1.7867 2.6266e+01     2.5805      7.312     10.606    13.8048 0.0000e+00
      7.471      0.086     5.1067     50.823    124.989  96.592302     1.7687 2.6342e+01     2.6150      7.326     10.626    13.7845 0.0000e+00
      7.490      0.096     5.1445     51.078    125.190  96.595059     1.6384 2.6226e+01     2.6282      7.342     10.648    13.7744 0.0000e+00
      7.516      0.104     5.1890     51.229    125.411  96.627447     1.4071 2.6030e+01     2.6370      7.370     10.689    13.7590 0.0000e+00
      7.547      0.109     5.2369     51.251    125.567  96.643160     1.2872 2.5866e+01     2.6534      7.402     10.734    13.7000 0.0000e+00
      7.580      0.109     5.2819     51.195    125.571  96.580567     1.2726 2.5655e+01     2.6549      7.433     10.780    13.6365 0.0000e+00
      7.614      0.104     5.3140     51.066    125.487  96.483622     1.2128 2.5475e+01     2.6202      7.467     10.830    13.5758 0.0000e+00
      7.644      0.093     5.3413     50.821    125.512  96.492721     1.1107 2.5507e+01     2.5768      7.499     10.877    13.5149 0.0000e+00
      7.664      0.081     5.3437     50.529    125.596  96.554329     1.0518 2.5753e+01     2.5770      7.519     10.906    13.4744 0.0000e+00
      7.678      0.070     5.3395     50.248    125.583  96.547349     1.0385 2.6043e+01     2.5877      7.530     10.921    13.4484 0.0000e+00
      7.690      0.063     5.3344     50.017    125.579  96.544572     1.0188 2.6314e+01     2.5690      7.542     10.939    13.4373 0.0000e+00
      7.703      0.061     5.3008     49.867    125.568  96.520751     0.9958 2.6579e+01     2.5911      7.554     10.957    13.4367 0.0000e+00
      7.717      0.061     5.2712     49.786    125.435  96.395537     0.9861 2.6748e+01     2.6497      7.567     10.974    13.4340 0.0000e+00
      7.735      0.065     5.2398     49.776    125.286  96.256692     0.9796 2.6818e+01     2.6602      7.585     11.001    13.4358 0.0000e+00
      7.754      0.070     5.2130     49.828    125.271  96.204288     0.9601 2.6946e+01     2.6483      7.606     11.032    13.4405 0.0000e+00
      7.771      0.075     5.2006     49.885    125.304  96.170567     0.9325 2.7117e+01     2.6437      7.621     11.054    13.4314 0.0000e+00
      7.788      0.080     5.1924     49.883    125.224  96.053244     0.9146 2.7110e+01     2.6047      7.635     11.074    13.4198 0.0000e+00
      7.809      0.082     5.1921     49.816    125.042  95.875534     0.9087 2.6972e+01     2.5878      7.657     11.106    13.4153 0.0000e+00
      7.834      0.083     5.2011     49.646    124.877  95.724716     0.8868 2.6807e+01     2.6111      7.682     11.142    13.3985 0.0000e+00
      7.858      0.085     5.2150     49.311    124.907  95.728205     0.8407 2.6628e+01     2.6117      7.707     11.179    13.3711 0.0000e+00
      7.879      0.086     5.2155     48.866    125.000  95.781463     0.8110 2.6565e+01     2.6296      7.729     11.211    13.3462 0.0000e+00
      7.898      0.084     5.2110     48.441    124.888  95.687489     0.8045 2.6455e+01     2.6560      7.743     11.232    13.3317 0.0000e+00
      7.918      0.079     5.1998     48.118    124.789  95.613674     0.7799 2.6100e+01     2.6566      7.762     11.259    13.3245 0.0000e+00
      7.943      0.071     5.1619     47.958    124.992  95.774458     0.7390 2.5769e+01     2.6362      7.790     11.300    13.3170 0.0000e+00
      7.964      0.060     5.1101     48.010    125.179  95.928661     0.7264 2.5624e+01     2.6156      7.812     11.330    13.3073 0.0000e+00
      7.981      0.046     5.0643     48.280    125.129  95.911521     0.7318 2.5624e+01     2.6132      7.827     11.352    13.3041 0.0000e+00
      7.991      0.032     5.0278     48.719    125.159  95.975925     0.7267 2.5923e+01     2.5395      7.840     11.372    13.3079 0.0000e+00
      7.994      0.020     5.0088     49.239    125.229  96.094371     0.7251 2.6502e+01     2.4448      7.842     11.374    13.3076 0.0000e+00
      7.991      0.014     5.0134     49.724    125.083  96.049532     0.7305 2.7129e+01     2.4291      7.837     11.366    13.3126 0.0000e+00
      7.988      0.013     5.0429     50.074    125.012  96.046903     0.7388 2.7635e+01     2.4183      7.832     11.359    13.3192 0.0000e+00
      7.989      0.014     5.0903     50.268    125.156  96.198861     0.7994 2.7819e+01     2.3835      7.831     11.360    13.3338 0.0000e+00
      7.997      0.014     5.1457     50.338    125.173  96.252118     0.9080 2.7706e+01     2.3516      7.841     11.373    13.3641 0.0000e+00
      8.009      0.014     5.1976     50.296    125.063  96.214075     0.9601 2.7740e+01     2.3411      7.857     11.395    13.3947 0.0000e+00
      8.016      0.012     5.2323     50.155    125.066  96.283869     0.9525 2.8170e+01     2.3605      7.864     11.406    13.4127 0.0000e+00
      8.016      0.009     5.2487     49.978    125.151  96.414907     0.9112 2.8812e+01     2.4481      7.861     11.402    13.4279 0.0000e+00
      8.012      0.005     5.2536     49.832    125.138  96.436195     0.8335 2.9419e+01     2.5769      7.856     11.394    13.4451 0.0000e+00
      8.010      0.004     5.2486     49.721    125.085  96.405060     0.7847 2.9860e+01     2.6129      7.854     11.391    13.4573 0.0000e+00
      8.011      0.004     5.2269     49.641    125.120  96.447168     0.7814 3.0133e+01     2.5746      7.855     11.393    13.4898 0.0000e+00
      8.015      0.005     5.2008     49.595    125.211  96.536639     0.7936 3.0330e+01     2.5256      7.860     11.400    13.5236 0.0000e+00
      8.019      0.005     5.1859     49.555    125.268  96.601346     0.8020 3.0612e+01     2.4329      7.865     11.408    13.5326 0.0000e+00
      8.021      0.004     5.1752     49.544    125.241  96.616509     0.7965 3.1032e+01     2.3808      7.867     11.411    13.5300 0.0000e+00
      8.021      0.002     5.1640     49.584    125.149  96.583779     0.7964 3.1528e+01     2.4106      7.867     11.410    13.5383 0.0000e+00
      8.019      0.000     5.1615     49.639    124.453  96.069427     0.7910 3.2025e+01     2.4845      7.864     11.405    13.5484 0.0000e+00
      8.017     -0.001     5.1554     49.699    117.355  90.601899     0.7581 3.2398e+01     2.5869      7.861     11.402    13.5496 0.0000e+00
      8.017     -0.001     5.1495     49.756     40.134  30.953235     0.7282 3.2609e+01     2.6190      7.861     11.401    13.5687 0.0000e+00
      8.019      0.000     5.1555     49.793   -809.237-625.341468     0.7237 3.2782e+01     2.5981      7.864     11.405    13.5877 0.0000e+00
      8.020      0.001     5.1592     49.841  -1587.839 -1.227e+03     0.7300 3.2996e+01     2.6087      7.866     11.408    13.5945 0.0000e+00
      8.020      0.001     5.1652     49.912   -809.217-625.156585     0.7344 3.3213e+01     2.6438      7.865     11.407    13.5993 0.0000e+00
      8.019      0.000     5.1726     49.990     40.164  31.069064     0.7333 3.3390e+01     2.6789      7.864     11.406    13.6075 0.0000e+00
      8.019     -0.001     5.1716     50.053    117.359  90.729155     0.7348 3.3509e+01     2.6557      7.864     11.406    13.6210 0.0000e+00
      8.018     -0.001     5.1779     50.125    124.462  96.207131     0.7697 3.3591e+01     2.5352      7.863     11.405    13.6288 0.0000e+00
      8.018     -0.001     5.1834     50.241    125.315  96.825941     0.8259 3.3662e+01     2.4235      7.863     11.404    13.6328 0.0000e+00
      8.018     -0.000     5.1920     50.373    125.487  96.916843     0.8509 3.3738e+01     2.4037      7.864     11.405    13.6425 0.0000e+00
      8.018      0.001     5.1960     50.448    125.396  96.829354     0.8466 3.3826e+01     2.3988      7.863     11.404    13.6549 0.0000e+00
      8.018      0.002     5.2011     50.443    125.260  96.721745     0.7994 3.3870e+01     2.4325      7.863     11.404    13.6509 0.0000e+00
      8.018      0.003     5.2175     50.417    125.252  96.705639     0.7142 3.3860e+01     2.5372      7.863     11.404    13.6303 0.0000e+00
      8.019      0.005     5.2362     50.372    125.352  96.770831     0.6662 3.3802e+01     2.6000      7.864     11.405    13.6076 0.0000e+00
      8.021      0.007     5.2486     50.334    125.412  96.828790     0.6612 3.3699e+01     2.6080      7.866     11.409    13.6030 0.0000e+00
      8.023      0.011     5.2395     50.311    125.230  96.725253     0.6625 3.3589e+01     2.6340      7.868     11.412    13.6088 0.0000e+00
      8.026      0.018     5.2425     50.232    124.800  96.404538     0.6642 3.3409e+01     2.6743      7.870     11.414    13.6010 0.0000e+00
      8.030      0.027     5.2358     50.101    124.556  96.152557     0.6650 3.3237e+01     2.6842      7.876     11.423    13.5936 0.0000e+00
      8.034      0.035     5.2292     49.951    124.667  96.130679     0.6633 3.2943e+01     2.6841      7.876     11.425    13.5944 0.0000e+00
      8.043      0.040     5.2312     49.824    124.888  96.208001     0.6607 3.2088e+01     2.7076      7.882     11.432    13.6191 0.0000e+00
      8.062      0.040     5.2180     49.739    125.113  96.338068     0.6599 3.1051e+01     2.6926      7.907     11.467    13.6356 0.0000e+00
      8.080      0.036     5.2081     49.646    125.272  96.477166     0.6621 3.0496e+01     2.6407      7.928     11.499    13.6014 0.0000e+00
      8.090      0.029     5.1974     49.570    125.267  96.527530     0.6697 3.0344e+01     2.6287      7.936     11.509    13.5483 0.0000e+00
      8.093      0.020     5.1855     49.572    125.216  96.538381     0.6732 3.0350e+01     2.6175      7.938     11.513    13.5073 0.0000e+00
      8.093      0.010     5.1849     49.662    125.263  96.608416     0.6529 3.0451e+01     2.5396      7.937     11.512    13.4874 0.0000e+00
      8.091      0.004     5.1714     49.830    125.258  96.625076     0.6238 3.0564e+01     2.4416      7.935     11.508    13.4975 0.0000e+00
      8.090      0.003     5.1559     49.999    125.148  96.535482     0.6163 3.0559e+01     2.3944      7.933     11.506    13.5280 0.0000e+00
      8.091      0.004     5.1561     50.097    125.182  96.546897     0.6146 3.0384e+01     2.3810      7.933     11.506    13.5482 0.0000e+00
      8.093      0.005     5.1617     50.149    125.269  96.626836     0.6205 3.0144e+01     2.4165      7.937     11.511    13.5594 0.0000e+00
      8.097      0.006     5.1831     50.216    125.195  96.616504     0.6439 2.9980e+01     2.5143      7.940     11.517    13.5714 0.0000e+00
      8.099      0.006     5.2035     50.271    125.060  96.558274     0.6549 2.9910e+01     2.6023      7.943     11.522    13.5687 0.0000e+00
      8.100      0.005     5.2149     50.300    124.914  96.467768     0.6580 2.9898e+01     2.6565      7.945     11.523    13.5535 0.0000e+00
      8.100      0.004     5.2146     50.320    124.841  96.407752     0.6644 2.9903e+01     2.6200      7.944     11.521    13.5581 0.0000e+00
      8.100      0.003     5.2219     50.336    124.916  96.445665     0.6629 2.9884e+01     2.5041      7.943     11.520    13.5844 0.0000e+00
      8.101      0.003     5.2264     50.391    125.036  96.517446     0.6656 2.9844e+01     2.4573      7.944     11.523    13.6054 0.0000e+00
      8.102      0.005     5.2248     50.471    124.983  96.458226     0.6716 2.9828e+01     2.4659      7.946     11.525    13.6146 0.0000e+00
      8.102      0.010     5.2310     50.512    124.792  96.274548     0.6657 2.9853e+01     2.5056      7.946     11.524    13.6114 0.0000e+00
      8.103      0.017     5.2282     50.497    124.625  96.067592     0.6635 2.9819e+01     2.5942      7.946     11.524    13.6010 0.0000e+00
