Data/DataNotYetUploadedToEDI/Raw_CTD/RawDownloads/081524_ccr88_S8188005.cnv
* Sea-Bird SBE19plus  Data File:
* FileName = C:\R\Reservoirs\Data\DataNotYetUploadedToEDI\Raw_CTD\RawDownloads\081424_ccr50_S8188_0005.hex
* Software version 2.8.0.119
* Temperature SN = 8188
* Conductivity SN = 8188
* System UpLoad Time = Aug 16 2024 10:37:54
* <ApplicationData>
* <Seaterm232>
# nquan = 13
# nvalues = 944                         
# units = specified
# name 0 = depFM: Depth [fresh water, m]
# name 1 = dz/dtM: Descent Rate [m/s]
# name 2 = sbeox0Mg/L: Oxygen, SBE 43 [mg/l]
# name 3 = sbeox0PS: Oxygen, SBE 43 [% saturation]
# name 4 = specc: Specific Conductance [uS/cm]
# name 5 = c0uS/cm: Conductivity [uS/cm]
# name 6 = flECO-AFL: Fluorescence, WET Labs ECO-AFL/FL [mg/m^3]
# name 7 = par/sat/log: PAR/Logarithmic, Satlantic
# name 8 = turbWETntu0: Turbidity, WET Labs ECO [NTU]
# name 9 = prdM: Pressure, Strain Gauge [db]
# name 10 = prdE: Pressure, Strain Gauge [psi]
# name 11 = tv290C: Temperature [ITS-90, deg C]
# name 12 = flag:  0.000e+00
# span 0 =     -0.454,      9.378       
# span 1 =     -0.491,      0.198       
# span 2 =     2.7182,    10.4502       
# span 3 =     26.681,    130.953       
# span 4 =  -1610.654,    127.421       
# span 5 = -1.227e+03, 125.086861       
# span 6 =    -2.0012,    23.1865       
# span 7 = 1.3822e+00, 2.0022e+03       
# span 8 =    -2.1581,    90.7185       
# span 9 =     -0.446,      9.198       
# span 10 =     -0.647,     13.340      
# span 11 =    13.0144,    28.2679      
# span 12 = 0.0000e+00, 0.0000e+00      
# interval = seconds: 0.25
# start_time = Aug 15 2024 15:35:21 [Instrument's time stamp, header]
# bad_flag = -9.990e-29
*END*
[from data line 334]
      1.206      0.047     5.0500     63.206    117.212 124.631135     0.2404 1.6507e+02    -0.0828      1.182      1.715    28.1604 0.0000e+00
      1.217      0.047     5.0243     62.935    117.251 124.671802     0.2413 1.6443e+02    -0.0151      1.193      1.731    28.1600 0.0000e+00
      1.228      0.046     4.9937     62.567    117.278 124.698729     0.2367 1.6343e+02    -0.0169      1.203      1.745    28.1593 0.0000e+00
      1.242      0.043     4.9537     62.063    117.264 124.683879     0.2280 1.6238e+02    -0.0362      1.218      1.767    28.1585 0.0000e+00
      1.257      0.040     4.9291     61.529    117.213 124.628657     0.2237 1.6213e+02    -0.0427      1.235      1.791    28.1580 0.0000e+00
      1.268      0.038     4.9152     61.112    117.164 124.576705     0.2273 1.6265e+02    -0.0272      1.244      1.805    28.1575 0.0000e+00
      1.274      0.036     4.8872     60.967    117.188 124.601375     0.2363 1.6306e+02    -0.0197      1.250      1.813    28.1568 0.0000e+00
      1.279      0.034     4.8436     61.092    117.240 124.654116     0.2374 1.6288e+02    -0.0547      1.254      1.819    28.1567 0.0000e+00
      1.285      0.034     4.7989     61.241    117.256 124.668740     0.2322 1.6193e+02    -0.0735      1.258      1.825    28.1567 0.0000e+00
      1.296      0.035     4.7609     61.254    117.229 124.641773     0.2341 1.6058e+02    -0.0752      1.269      1.841    28.1567 0.0000e+00
      1.308      0.037     4.7470     61.206    117.184 124.600891     0.2343 1.6010e+02    -0.0752      1.286      1.865    28.1567 0.0000e+00
      1.318      0.039     4.7681     61.162    117.163 124.583685     0.2348 1.6053e+02    -0.0737      1.295      1.878    28.1554 0.0000e+00
      1.325      0.039     4.7854     61.100    117.150 124.570155     0.2410 1.6057e+02    -0.0573      1.298      1.882    28.1539 0.0000e+00
      1.335      0.039     4.7810     60.980    117.157 124.573721     0.2391 1.5995e+02    -0.0148      1.308      1.897    28.1540 0.0000e+00
      1.346      0.038     4.7752     60.747    117.213 124.626787     0.2292 1.5943e+02    -0.0052      1.321      1.916    28.1577 0.0000e+00
      1.356      0.038     4.7731     60.358    117.254 124.666112     0.2259 1.5912e+02    -0.0097      1.329      1.928    28.1613 0.0000e+00
      1.367      0.036     4.7689     59.856    117.233 124.639946     0.2336 1.5901e+02    -0.0017      1.341      1.945    28.1611 0.0000e+00
      1.377      0.032     4.7613     59.334    117.182 124.583236     0.2442 1.5890e+02    -0.0104      1.351      1.960    28.1586 0.0000e+00
      1.386      0.028     4.7457     58.869    117.131 124.526088     0.2497 1.5837e+02    -0.0116      1.359      1.972    28.1560 0.0000e+00
      1.392      0.027     4.7136     58.546    117.105 124.494623     0.2662 1.5768e+02    -0.0165      1.366      1.982    28.1536 0.0000e+00
      1.395      0.031     4.6715     58.528    117.091 124.475613     0.2870 1.5742e+02    -0.0352      1.368      1.984    28.1521 0.0000e+00
      1.399      0.042     4.6289     58.973    116.937 124.296232     0.2930 1.5704e+02    -0.0317      1.371      1.989    28.1514 0.0000e+00
      1.406      0.058     4.5908     60.044    116.518 123.758034     0.2956 1.5634e+02    -0.0087      1.377      1.997    28.1502 0.0000e+00
      1.419      0.074     4.5626     63.107    116.225 123.151702     0.2747 1.5553e+02     0.0027      1.387      2.012    28.1487 0.0000e+00
      1.442      0.087     4.5516     70.752    116.418 122.898351     0.2406 1.5429e+02    -0.0309      1.410      2.046    28.1475 0.0000e+00
      1.476      0.092     4.5931     83.351    116.775 122.876526     0.2292 1.5320e+02    -0.0717      1.445      2.096    28.1448 0.0000e+00
      1.512      0.088     4.6539     97.803    117.007 122.887176     0.2242 1.5265e+02    -0.0788      1.487      2.157    28.1371 0.0000e+00
      1.540      0.075     4.7935    110.841    117.120 122.890360     0.2318 1.5234e+02    -0.0821      1.515      2.198    28.0108 0.0000e+00
      1.555      0.057     5.3898    120.943    117.194 122.914860     0.2695 1.5188e+02    -0.0781      1.526      2.215    27.7576 0.0000e+00
      1.561      0.038     6.5280    127.670    117.213 122.910521     0.2986 1.5153e+02    -0.0656      1.532      2.222    27.5755 0.0000e+00
      1.564      0.024     7.7776    130.953    117.153 122.837853     0.2966 1.5142e+02    -0.0681      1.534      2.224    27.4910 0.0000e+00
      1.564      0.019     8.8434    130.752    117.173 122.854643     0.2811 1.5156e+02    -0.0727      1.533      2.224    27.4478 0.0000e+00
      1.564      0.024     9.6556    127.463    117.163 122.840717     0.2581 1.5186e+02    -0.0536      1.532      2.222    27.4312 0.0000e+00
      1.567      0.033    10.1855    122.525    117.068 122.737662     0.2356 1.5188e+02    -0.0430      1.535      2.226    27.4218 0.0000e+00
      1.577      0.043    10.4502    117.746    117.099 122.768021     0.2249 1.5159e+02    -0.0465      1.543      2.238    27.4189 0.0000e+00
      1.594      0.053    10.4323    114.069    117.195 122.866783     0.2335 1.5117e+02    -0.0279      1.561      2.264    27.4176 0.0000e+00
      1.614      0.058    10.1271    111.494    117.236 122.908765     0.2447 1.5100e+02    -0.0237      1.585      2.299    27.4165 0.0000e+00
      1.632      0.058     9.6743    109.724    117.197 122.866419     0.2479 1.5102e+02    -0.0652      1.602      2.323    27.4147 0.0000e+00
      1.647      0.051     9.2728    108.481    117.100 122.763982     0.2548 1.5083e+02    -0.1168      1.615      2.343    27.4138 0.0000e+00
      1.660      0.040     8.9891    107.586    117.097 122.761416     0.2672 1.5066e+02    -0.1324      1.629      2.363    27.4133 0.0000e+00
      1.670      0.029     8.7938    106.924    117.167 122.835398     0.2852 1.5056e+02    -0.1174      1.641      2.380    27.4129 0.0000e+00
      1.675      0.019     8.6626    106.384    117.172 122.840083     0.2984 1.5042e+02    -0.0726      1.645      2.386    27.4120 0.0000e+00
      1.675      0.012     8.5691    105.958    117.152 122.818058     0.3053 1.5025e+02    -0.0367      1.643      2.382    27.4119 0.0000e+00
      1.674      0.007     8.4999    105.703    117.175 122.841898     0.3077 1.5015e+02    -0.0619      1.641      2.380    27.4121 0.0000e+00
      1.674      0.004     8.4524    105.600    117.189 122.855529     0.3022 1.5015e+02    -0.0681      1.641      2.380    27.4124 0.0000e+00
      1.675      0.003     8.4100    105.619    117.181 122.846464     0.2987 1.5010e+02    -0.0421      1.643      2.383    27.4121 0.0000e+00
      1.678      0.004     8.3721    105.699    117.202 122.868700     0.2999 1.4995e+02    -0.0569      1.646      2.388    27.4116 0.0000e+00
      1.680      0.007     8.3545    105.693    117.185 122.851576     0.2996 1.4982e+02    -0.0753      1.648      2.390    27.4115 0.0000e+00
      1.680      0.012     8.3471    105.607    117.113 122.775826     0.2946 1.4964e+02    -0.0593      1.648      2.390    27.4110 0.0000e+00
      1.680      0.022     8.3480    105.593    117.108 122.771220     0.2835 1.4943e+02    -0.0351      1.646      2.388    27.4109 0.0000e+00
      1.682      0.035     8.3622    105.647    117.131 122.795884     0.2783 1.4943e+02    -0.0231      1.647      2.389    27.4110 0.0000e+00
      1.691      0.051     8.3619    105.695    117.138 122.801223     0.2749 1.4947e+02    -0.0165      1.656      2.401    27.4111 0.0000e+00
      1.707      0.068     8.3460    105.730    117.176 122.835766     0.2599 1.4949e+02    -0.0245      1.672      2.425    27.4110 0.0000e+00
      1.731      0.083     8.3476    105.753    117.151 122.804330     0.2437 1.4971e+02    -0.0504      1.695      2.459    27.4113 0.0000e+00
      1.758      0.096     8.3552    105.786    117.051 122.693918     0.2359 1.5036e+02    -0.0552      1.725      2.502    27.4123 0.0000e+00
      1.785      0.104     8.3572    105.844    117.025 122.660184     0.2523 1.5127e+02    -0.0483      1.752      2.541    27.4111 0.0000e+00
      1.811      0.107     8.3618    105.894    117.105 122.737444     0.2772 1.5197e+02    -0.0705      1.775      2.575    27.4086 0.0000e+00
      1.840      0.103     8.3627    105.919    117.113 122.741448     0.2849 1.5252e+02    -0.0825      1.802      2.614    27.4065 0.0000e+00
      1.871      0.095     8.3646    105.917    117.085 122.708592     0.2854 1.5301e+02    -0.0560      1.837      2.663    27.4038 0.0000e+00
      1.900      0.084     8.3715    105.841    117.191 122.817582     0.2831 1.5350e+02    -0.0593      1.868      2.708    27.4007 0.0000e+00
      1.920      0.071     8.3767    105.698    117.269 122.899813     0.2836 1.5403e+02    -0.0881      1.885      2.734    27.3982 0.0000e+00
      1.933      0.056     8.3771    105.527    117.189 122.816228     0.2816 1.5430e+02    -0.0951      1.896      2.751    27.3962 0.0000e+00
      1.943      0.044     8.3807    105.312    117.137 122.761781     0.2767 1.5432e+02    -0.0761      1.906      2.765    27.3945 0.0000e+00
      1.951      0.036     8.3743    105.135    117.162 122.787108     0.2843 1.5437e+02     0.0045      1.914      2.775    27.3938 0.0000e+00
      1.956      0.034     8.3596    105.142    117.092 122.713247     0.2965 1.5442e+02     0.1250      1.917      2.781    27.3939 0.0000e+00
      1.961      0.034     8.3496    105.302    117.002 122.618933     0.3029 1.5454e+02     0.1789      1.921      2.786    27.3944 0.0000e+00
      1.970      0.036     8.3300    105.463    117.051 122.669776     0.3091 1.5470e+02     0.1752      1.931      2.800    27.3943 0.0000e+00
      1.983      0.037     8.3085    105.518    117.095 122.714186     0.3115 1.5481e+02     0.1833      1.944      2.820    27.3942 0.0000e+00
      1.995      0.037     8.3116    105.475    116.996 122.610271     0.3051 1.5498e+02     0.1734      1.956      2.838    27.3939 0.0000e+00
      2.005      0.037     8.3298    105.412    116.895 122.504562     0.3007 1.5534e+02     0.1593      1.967      2.853    27.3936 0.0000e+00
      2.014      0.037     8.3454    105.347    116.851 122.459067     0.3025 1.5574e+02     0.1840      1.976      2.866    27.3935 0.0000e+00
      2.022      0.038     8.3500    105.204    116.861 122.469400     0.3005 1.5571e+02     0.1976      1.983      2.877    27.3930 0.0000e+00
      2.027      0.038     8.3426    104.959    116.950 122.561292     0.2939 1.5551e+02     0.1871      1.986      2.881    27.3929 0.0000e+00
      2.036      0.038     8.3374    104.732    117.001 122.615318     0.2917 1.5567e+02     0.1937      1.992      2.890    27.3929 0.0000e+00
      2.051      0.036     8.3349    104.631    117.029 122.645229     0.2917 1.5607e+02     0.2092      2.013      2.920    27.3931 0.0000e+00
      2.066      0.035     8.3262    104.607    117.033 122.650141     0.2855 1.5647e+02     0.2030      2.030      2.943    27.3931 0.0000e+00
      2.074      0.038     8.3015    104.527    116.991 122.606501     0.2861 1.5653e+02     0.1871      2.035      2.952    27.3924 0.0000e+00
      2.077      0.044     8.2796    104.378    117.111 122.731395     0.2993 1.5624e+02     0.1884      2.038      2.956    27.3925 0.0000e+00
      2.079      0.051     8.2731    104.252    117.240 122.864391     0.3068 1.5629e+02     0.1838      2.037      2.953    27.3929 0.0000e+00
      2.090      0.059     8.2772    104.212    117.164 122.782314     0.3064 1.5725e+02     0.1667      2.043      2.963    27.3933 0.0000e+00
      2.115      0.071     8.2710    104.317    117.082 122.693819     0.3037 1.5850e+02     0.1527      2.073      3.007    27.3937 0.0000e+00
      2.144      0.082     8.2542    104.525    117.008 122.612828     0.2996 1.5910e+02     0.1518      2.108      3.057    27.3933 0.0000e+00
      2.164      0.086     8.2450    104.647    116.954 122.553253     0.3002 1.5930e+02     0.1558      2.121      3.076    27.3917 0.0000e+00
      2.184      0.081     8.2386    104.590    116.988 122.587301     0.3021 1.6001e+02     0.1670      2.137      3.099    27.3910 0.0000e+00
      2.211      0.070     8.2471    104.469    117.016 122.615291     0.2968 1.6115e+02     0.1841      2.171      3.149    27.3908 0.0000e+00
      2.233      0.060     8.2716    104.394    117.019 122.618878     0.2875 1.6159e+02     0.1910      2.195      3.185    27.3889 0.0000e+00
      2.243      0.055     8.2860    104.402    116.966 122.562470     0.2854 1.6114e+02     0.2161      2.201      3.193    27.3869 0.0000e+00
      2.247      0.052     8.2748    104.521    116.889 122.478858     0.3062 1.6084e+02     0.2473      2.203      3.196    27.3862 0.0000e+00
      2.254      0.050     8.2624    104.697    116.841 122.426337     0.3404 1.6101e+02     0.2595      2.208      3.202    27.3861 0.0000e+00
      2.268      0.054     8.2570    104.862    116.823 122.404829     0.3518 1.6119e+02     0.2606      2.222      3.223    27.3863 0.0000e+00
      2.287      0.064     8.2548    105.002    116.909 122.491602     0.3487 1.6129e+02     0.2263      2.243      3.254    27.3859 0.0000e+00
      2.305      0.074     8.2671    105.074    117.009 122.588893     0.3544 1.6167e+02     0.1877      2.261      3.278    27.3846 0.0000e+00
      2.323      0.084     8.2840    104.989    116.925 122.489962     0.3604 1.6282e+02     0.1715      2.276      3.301    27.3834 0.0000e+00
      2.345      0.089     8.2960    104.706    116.843 122.386605     0.3604 1.6464e+02     0.1682      2.297      3.332    27.3827 0.0000e+00
      2.370      0.089     8.3088    104.315    116.971 122.498566     0.3546 1.6638e+02     0.1819      2.323      3.370    27.3813 0.0000e+00
      2.398      0.084     8.3181    103.998    117.101 122.616047     0.3512 1.6734e+02     0.1656      2.352      3.410    27.3785 0.0000e+00
      2.424      0.075     8.3138    103.863    117.076 122.579440     0.3533 1.6775e+02     0.1424      2.379      3.450    27.3739 0.0000e+00
      2.444      0.065     8.2901    103.869    116.974 122.465134     0.3547 1.6809e+02     0.1414      2.400      3.481    27.3665 0.0000e+00
      2.455      0.057     8.2535    103.902    116.920 122.393370     0.3585 1.6799e+02     0.1542      2.411      3.497    27.3559 0.0000e+00
      2.460      0.052     8.2272    103.968    116.877 122.325534     0.3654 1.6803e+02     0.1934      2.411      3.498    27.3460 0.0000e+00
      2.467      0.050     8.2178    104.174    116.898 122.326880     0.3686 1.6888e+02     0.2036      2.417      3.504    27.3427 0.0000e+00
      2.482      0.051     8.2240    104.527    117.058 122.477809     0.3625 1.6983e+02     0.1747      2.433      3.528    27.3424 0.0000e+00
      2.501      0.052     8.2274    104.910    117.103 122.513579     0.3608 1.7044e+02     0.1534      2.453      3.558    27.3352 0.0000e+00
      2.518      0.052     8.2286    105.177    116.953 122.350159     0.3649 1.7082e+02     0.1524      2.471      3.584    27.3240 0.0000e+00
      2.532      0.051     8.2469    105.269    116.884 122.275100     0.3600 1.7120e+02     0.1619      2.483      3.602    27.3145 0.0000e+00
      2.543      0.051     8.2793    105.244    116.965 122.356231     0.3541 1.7145e+02     0.1660      2.496      3.619    27.3076 0.0000e+00
      2.551      0.053     8.3158    105.180    116.991 122.376306     0.3544 1.7145e+02     0.2020      2.502      3.629    27.3030 0.0000e+00
      2.559      0.058     8.3387    105.101    117.004 122.381422     0.3625 1.7165e+02     0.2190      2.506      3.636    27.3003 0.0000e+00
      2.574      0.063     8.3441    104.986    117.046 122.418063     0.3656 1.7221e+02     0.1660      2.520      3.655    27.3000 0.0000e+00
      2.596      0.067     8.3390    104.811    117.042 122.410125     0.3576 1.7284e+02     0.1448      2.546      3.692    27.2987 0.0000e+00
