Data/DataNotYetUploadedToEDI/Raw_CTD/RawDownloads/081519_fcr50_0300.cnv
* Sea-Bird SBE19plus  Data File:
* FileName = C:\DATA\081519_fcr50b_0001.hex
* Software version 2.8.0.119 SB_Terminal.dll
* Temperature SN = 7809
* Conductivity SN = 7809
* System UpLoad Time = Aug 15 2019 15:08:56
* <ApplicationData>
* <Seaterm232>
# nquan = 16
# nvalues = 825                         
# units = specified
# name 0 = depFM: Depth [fresh water, m]
# name 1 = dz/dtM: Descent Rate [m/s]
# name 2 = sbeox0Mg/L: Oxygen, SBE 43 [mg/l]
# name 3 = sbeox0PS: Oxygen, SBE 43 [% saturation]
# name 4 = specc: Specific Conductance [uS/cm]
# name 5 = c0uS/cm: Conductivity [uS/cm]
# name 6 = flECO-AFL: Fluorescence, WET Labs ECO-AFL/FL [mg/m^3]
# name 7 = ph: pH
# name 8 = orp: Oxidation Reduction Potential [mV]
# name 9 = par/sat/log: PAR/Logarithmic, Satlantic
# name 10 = turbWETntu0: Turbidity, WET Labs ECO [NTU]
# name 11 = prdM: Pressure, Strain Gauge [db]
# name 12 = prdE: Pressure, Strain Gauge [psi]
# name 13 = tv290C: Temperature [ITS-90, deg C]
# name 14 = density00: Density [density, kg/m^3]
# name 15 = flag:  0.000e+00
# span 0 =     -0.618,      9.504       
# span 1 =     -0.011,      0.258       
# span 2 =     0.1271,    10.0243       
# span 3 =      1.295,    123.410       
# span 4 =      0.354,     68.362       
# span 5 =   0.321278,  52.708120       
# span 6 =    -0.1433,     8.8703       
# span 7 =      6.877,      9.401       
# span 8 =   209.7045,   368.9914       
# span 9 = 1.2357e-01, 5.9763e-01       
# span 10 =    -0.5640,    37.5458      
# span 11 =     -0.606,      9.321      
# span 12 =     -0.879,     13.519      
# span 13 =    11.8089,    27.1757      
# span 14 =   996.4870,   999.5847      
# span 15 = 0.0000e+00, 0.0000e+00      
# interval = seconds: 0.25
# start_time = Aug 15 2019 03:00:02 [Instrument's time stamp, header]
# bad_flag = -9.990e-29
*END*
[from data line 272]
      0.102      0.084     9.1214    114.651     36.966  38.508808     4.9859      8.796   247.6371 1.2372e-01     4.8660      0.098      0.142    27.0722   996.5143 0.0000e+00
      0.127      0.082     9.1068    114.492     36.973  38.524312     5.0403      8.798   247.8052 1.2372e-01     4.8826      0.124      0.179    27.0871   996.5103 0.0000e+00
      0.153      0.078     9.0886    114.297     36.980  38.544459     5.0735      8.793   247.7479 1.2375e-01     4.8930      0.152      0.220    27.0894   996.5098 0.0000e+00
      0.176      0.070     9.0672    114.057     36.987  38.561989     5.0759      8.786   247.4602 1.2380e-01     4.8936      0.175      0.252    27.0765   996.5135 0.0000e+00
      0.192      0.060     9.0442    113.787     36.964  38.545835     5.0257      8.783   247.3381 1.2380e-01     4.8572      0.189      0.274    27.0746   996.5141 0.0000e+00
      0.206      0.047     9.0236    113.540     36.954  38.539592     4.9353      8.784   247.3900 1.2373e-01     4.7812      0.202      0.293    27.0905   996.5098 0.0000e+00
      0.216      0.035     9.0128    113.406     36.963  38.549989     4.8931      8.789   247.3999 1.2366e-01     4.7276      0.214      0.310    27.1099   996.5044 0.0000e+00
      0.221      0.026     9.0159    113.440     36.960  38.544597     4.8969      8.795   247.5432 1.2367e-01     4.7001      0.218      0.316    27.1235   996.5007 0.0000e+00
      0.223      0.023     9.0291    113.592     36.958  38.537869     4.9118      8.801   247.7460 1.2367e-01     4.6781      0.218      0.316    27.1341   996.4978 0.0000e+00
      0.224      0.026     9.0445    113.771     36.958  38.532112     4.9428      8.804   247.7865 1.2367e-01     4.6589      0.219      0.317    27.1410   996.4959 0.0000e+00
      0.228      0.036     9.0579    113.933     36.967  38.538461     4.9596      8.800   247.9472 1.2370e-01     4.6644      0.223      0.323    27.1416   996.4957 0.0000e+00
      0.236      0.050     9.0694    114.085     36.976  38.551146     4.9589      8.790   248.2272 1.2370e-01     4.6792      0.230      0.334    27.1384   996.4966 0.0000e+00
      0.249      0.065     9.0791    114.233     36.974  38.558541     4.9868      8.779   248.7621 1.2370e-01     4.5756      0.240      0.348    27.1303   996.4990 0.0000e+00
      0.270      0.076     9.0867    114.360     36.969  38.564400     5.0368      8.769   249.6827 1.2370e-01     4.3622      0.262      0.378    27.1209   996.5017 0.0000e+00
      0.300      0.081     9.0947    114.484     36.956  38.558533     5.0602      8.759   250.3241 1.2368e-01     4.2292      0.295      0.429    27.1162   996.5031 0.0000e+00
      0.328      0.081     9.1059    114.639     36.944  38.551089     5.0615      8.749   250.4945 1.2370e-01     4.2122      0.325      0.472    27.1200   996.5022 0.0000e+00
      0.348      0.074     9.1200    114.825     36.928  38.537882     5.0619      8.744   250.4519 1.2372e-01     4.2231      0.341      0.495    27.1348   996.4981 0.0000e+00
      0.365      0.063     9.1335    114.993     36.917  38.525811     5.0300      8.745   250.3251 1.2372e-01     4.2946      0.359      0.520    27.1533   996.4931 0.0000e+00
      0.379      0.053     9.1445    115.117     36.928  38.532093     4.9615      8.750   250.5962 1.2372e-01     4.4220      0.375      0.544    27.1646   996.4900 0.0000e+00
      0.388      0.046     9.1519    115.191     36.952  38.550352     4.9181      8.753   251.3207 1.2373e-01     4.4857      0.381      0.553    27.1693   996.4888 0.0000e+00
      0.394      0.044     9.1498    115.151     36.962  38.556128     4.9042      8.754   251.8584 1.2376e-01     4.4747      0.385      0.558    27.1742   996.4874 0.0000e+00
      0.403      0.045     9.1363    114.977     36.946  38.538447     4.9069      8.755   251.9354 1.2377e-01     4.4847      0.394      0.571    27.1757   996.4870 0.0000e+00
      0.416      0.046     9.1189    114.757     36.936  38.527002     4.9330      8.755   251.8210 1.2376e-01     4.5415      0.407      0.590    27.1661   996.4898 0.0000e+00
      0.431      0.047     9.1049    114.580     36.953  38.544702     4.9514      8.754   252.0240 1.2380e-01     4.5710      0.423      0.614    27.1542   996.4932 0.0000e+00
      0.446      0.049     9.0993    114.509     36.970  38.562020     4.9564      8.754   252.4965 1.2385e-01     4.5475      0.438      0.634    27.1482   996.4949 0.0000e+00
      0.459      0.049     9.1048    114.579     36.954  38.545956     4.9670      8.754   252.8015 1.2383e-01     4.5195      0.452      0.654    27.1475   996.4951 0.0000e+00
      0.469      0.049     9.1191    114.764     36.948  38.540914     4.9843      8.753   252.9593 1.2377e-01     4.5269      0.460      0.668    27.1477   996.4951 0.0000e+00
      0.478      0.048     9.1362    114.985     36.968  38.564535     5.0001      8.751   253.0277 1.2375e-01     4.5392      0.466      0.675    27.1459   996.4956 0.0000e+00
      0.490      0.047     9.1499    115.165     36.978  38.577655     5.0111      8.749   253.0257 1.2374e-01     4.5046      0.480      0.696    27.1464   996.4955 0.0000e+00
      0.505      0.047     9.1592    115.287     36.972  38.572594     5.0126      8.747   252.9355 1.2370e-01     4.4682      0.497      0.720    27.1465   996.4956 0.0000e+00
      0.519      0.047     9.1660    115.378     36.965  38.566824     5.0100      8.747   252.8839 1.2367e-01     4.4599      0.509      0.739    27.1476   996.4953 0.0000e+00
      0.530      0.048     9.1681    115.408     36.968  38.571361     5.0142      8.746   253.0041 1.2366e-01     4.4698      0.521      0.757    27.1532   996.4938 0.0000e+00
      0.540      0.050     9.1611    115.319     36.961  38.563974     5.0203      8.743   253.1836 1.2366e-01     4.4890      0.531      0.770    27.1562   996.4931 0.0000e+00
      0.550      0.054     9.1476    115.146     36.940  38.540987     5.0054      8.738   253.4204 1.2364e-01     4.5287      0.538      0.780    27.1573   996.4928 0.0000e+00
      0.562      0.059     9.1331    114.961     36.947  38.547333     4.9737      8.730   253.3709 1.2364e-01     4.6214      0.549      0.796    27.1607   996.4919 0.0000e+00
      0.579      0.064     9.1180    114.767     36.977  38.577221     4.9573      8.721   253.0156 1.2365e-01     4.6923      0.568      0.824    27.1626   996.4914 0.0000e+00
      0.599      0.068     9.1024    114.564     36.987  38.584971     4.9538      8.715   252.8241 1.2365e-01     4.6981      0.588      0.853    27.1614   996.4919 0.0000e+00
      0.619      0.068     9.0893    114.388     36.983  38.577562     4.9494      8.705   252.8621 1.2369e-01     4.6921      0.608      0.882    27.1599   996.4923 0.0000e+00
      0.639      0.065     9.0835    114.292     36.966  38.551112     4.9043      8.693   253.0456 1.2374e-01     4.6856      0.629      0.912    27.1592   996.4926 0.0000e+00
      0.655      0.060     9.0841    114.254     36.951  38.519061     4.8239      8.686   253.1503 1.2372e-01     4.6850      0.643      0.933    27.1581   996.4931 0.0000e+00
      0.669      0.057     9.0843    114.201     36.959  38.507402     4.7835      8.684   253.1808 1.2369e-01     4.6840      0.656      0.952    27.1536   996.4944 0.0000e+00
      0.681      0.058     9.0858    114.164     36.946  38.473585     4.7806      8.679   253.3289 1.2366e-01     4.6732      0.671      0.972    27.1508   996.4953 0.0000e+00
      0.690      0.061     9.1021    114.301     36.925  38.427536     4.7978      8.670   253.3923 1.2364e-01     4.6860      0.677      0.982    27.1432   996.4973 0.0000e+00
      0.701      0.063     9.1414    114.720     36.919  38.394941     4.8268      8.663   253.3456 1.2366e-01     4.7085      0.682      0.990    27.1165   996.5046 0.0000e+00
      0.722      0.063     9.1993    115.381     36.883  38.333344     4.8364      8.661   253.4520 1.2371e-01     4.6827      0.705      1.023    27.0869   996.5130 0.0000e+00
      0.749      0.063     9.2762    116.270     36.833  38.254034     4.8355      8.666   253.5596 1.2376e-01     4.6359      0.739      1.070    27.0645   996.5192 0.0000e+00
      0.769      0.063     9.3727    117.385     36.810  38.197693     4.8512      8.672   253.5278 1.2376e-01     4.6006      0.759      1.100    27.0292   996.5290 0.0000e+00
      0.778      0.063     9.4762    118.580     36.746  38.096413     4.8789      8.673   253.5847 1.2373e-01     4.5508      0.764      1.108    26.9878   996.5405 0.0000e+00
      0.786      0.062     9.5722    119.660     36.613  37.918087     4.8922      8.668   253.7313 1.2377e-01     4.4931      0.768      1.114    26.9613   996.5478 0.0000e+00
      0.799      0.060     9.6527    120.497     36.511  37.755361     4.8912      8.662   253.8381 1.2377e-01     4.4609      0.780      1.132    26.9292   996.5566 0.0000e+00
      0.819      0.060     9.7136    121.053     36.478  37.652236     4.8747      8.657   253.9287 1.2373e-01     4.4561      0.801      1.161    26.8777   996.5709 0.0000e+00
      0.841      0.058     9.7494    121.305     36.513  37.623232     4.8482      8.653   253.9666 1.2374e-01     4.4672      0.827      1.199    26.8331   996.5832 0.0000e+00
      0.861      0.052     9.7605    121.300     36.593  37.658467     4.8404      8.653   253.8660 1.2378e-01     4.4977      0.848      1.229    26.7855   996.5962 0.0000e+00
      0.873      0.042     9.7614    121.246     36.652  37.697343     4.8406      8.655   253.7453 1.2374e-01     4.4969      0.858      1.244    26.7033   996.6186 0.0000e+00
      0.879      0.032     9.7580    121.211     36.664  37.712399     4.8854      8.656   253.7117 1.2370e-01     4.4252      0.862      1.252    26.6018   996.6462 0.0000e+00
      0.882      0.022     9.7405    121.033     36.653  37.713556     5.0006      8.657   253.7176 1.2371e-01     4.3513      0.865      1.255    26.5070   996.6719 0.0000e+00
      0.884      0.016     9.7015    120.583     36.639  37.711358     5.0805      8.658   253.9028 1.2375e-01     4.3243      0.867      1.257    26.4350   996.6913 0.0000e+00
      0.887      0.016     9.6452    119.908     36.606  37.685846     5.0885      8.660   254.2302 1.2378e-01     4.2953      0.870      1.261    26.4055   996.6994 0.0000e+00
      0.890      0.017     9.5886    119.220     36.575  37.659000     5.0799      8.660   254.4071 1.2377e-01     4.2627      0.873      1.266    26.4192   996.6957 0.0000e+00
      0.894      0.019     9.5471    118.703     36.558  37.640672     5.0202      8.661   254.4057 1.2372e-01     4.2909      0.876      1.271    26.4420   996.6895 0.0000e+00
      0.901      0.021     9.5227    118.360     36.523  37.591200     4.9125      8.662   254.3861 1.2366e-01     4.3734      0.883      1.281    26.4591   996.6850 0.0000e+00
      0.908      0.022     9.5077    118.093     36.528  37.568620     4.8621      8.662   254.5135 1.2365e-01     4.4404      0.893      1.294    26.4692   996.6823 0.0000e+00
      0.914      0.022     9.4963    117.867     36.608  37.621513     4.8612      8.661   254.6561 1.2372e-01     4.4464      0.897      1.301    26.4758   996.6805 0.0000e+00
      0.919      0.023     9.4889    117.737     36.719  37.722872     4.8760      8.660   254.6474 1.2375e-01     4.3802      0.900      1.306    26.4835   996.6784 0.0000e+00
      0.924      0.023     9.4862    117.750     36.819  37.841996     4.9204      8.659   254.5799 1.2376e-01     4.2959      0.906      1.314    26.4646   996.6835 0.0000e+00
      0.929      0.023     9.4876    117.887     36.854  37.919296     4.9547      8.657   254.5284 1.2380e-01     4.2463      0.910      1.320    26.4195   996.6957 0.0000e+00
      0.936      0.024     9.4918    118.074     36.847  37.959335     4.9609      8.654   254.5412 1.2379e-01     4.2397      0.916      1.330    26.3709   996.7089 0.0000e+00
      0.943      0.028     9.5000    118.279     36.800  37.945323     4.9878      8.650   254.6483 1.2372e-01     4.3135      0.926      1.343    26.3442   996.7161 0.0000e+00
      0.949      0.034     9.5139    118.485     36.661  37.813408     5.0364      8.646   254.7918 1.2370e-01     4.4177      0.930      1.348    26.3680   996.7098 0.0000e+00
      0.954      0.040     9.5324    118.650     36.508  37.633888     5.0554      8.643   254.8998 1.2376e-01     4.4507      0.934      1.355    26.4368   996.6913 0.0000e+00
      0.964      0.046     9.5555    118.795     36.413  37.488562     5.0521      8.639   255.0930 1.2378e-01     4.4832      0.945      1.370    26.5091   996.6718 0.0000e+00
      0.979      0.051     9.5821    118.956     36.373  37.389180     4.9881      8.635   255.2352 1.2375e-01     4.5815      0.958      1.390    26.5607   996.6578 0.0000e+00
      0.996      0.053     9.6064    119.088     36.362  37.320823     4.8629      8.631   255.1558 1.2369e-01     4.6557      0.977      1.417    26.5844   996.6514 0.0000e+00
      1.013      0.053     9.6217    119.116     36.330  37.233248     4.7944      8.629   255.2519 1.2366e-01     4.6600      0.995      1.443    26.5496   996.6609 0.0000e+00
      1.028      0.049     9.6286    119.048     36.242  37.091919     4.7925      8.628   255.5371 1.2369e-01     4.6344      1.009      1.464    26.4719   996.6820 0.0000e+00
      1.039      0.044     9.6329    118.952     36.148  36.944892     4.8488      8.626   255.6793 1.2369e-01     4.5746      1.021      1.480    26.3902   996.7041 0.0000e+00
      1.047      0.041     9.6391    118.882     36.105  36.851884     4.9553      8.622   255.8519 1.2364e-01     4.4613      1.027      1.490    26.3093   996.7259 0.0000e+00
      1.055      0.043     9.6492    118.873     36.090  36.792452     5.0140      8.613   256.1616 1.2359e-01     4.4111      1.033      1.500    26.2354   996.7457 0.0000e+00
      1.062      0.049     9.6614    118.906     36.071  36.734008     5.0214      8.597   256.4127 1.2360e-01     4.4600      1.042      1.511    26.1655   996.7644 0.0000e+00
      1.072      0.059     9.6692    118.886     36.092  36.716437     5.0964      8.577   256.5642 1.2366e-01     4.6264      1.049      1.521    26.0966   996.7827 0.0000e+00
      1.088      0.068     9.6650    118.704     36.189  36.770360     5.3308      8.558   256.7035 1.2372e-01     4.9475      1.064      1.543    26.0264   996.8015 0.0000e+00
      1.112      0.073     9.6455    118.319     36.280  36.814667     5.6010      8.543   256.8921 1.2373e-01     5.1636      1.090      1.580    25.9626   996.8186 0.0000e+00
      1.139      0.073     9.6113    117.765     36.317  36.807771     5.7198      8.532   257.0374 1.2370e-01     5.1748      1.118      1.621    25.9128   996.8319 0.0000e+00
      1.163      0.068     9.5608    117.069     36.349  36.813857     5.7442      8.525   256.9978 1.2366e-01     5.1481      1.143      1.658    25.8624   996.8454 0.0000e+00
      1.180      0.060     9.5001    116.328     36.359  36.824739     5.9041      8.520   257.0149 1.2363e-01     5.2015      1.159      1.682    25.8011   996.8617 0.0000e+00
      1.190      0.051     9.4554    115.829     36.268  36.748927     6.2051      8.515   257.3306 1.2363e-01     5.3295      1.168      1.695    25.7301   996.8804 0.0000e+00
      1.195      0.044     9.4608    115.900     36.114  36.595442     6.3760      8.510   257.7180 1.2368e-01     5.3849      1.172      1.700    25.6597   996.8989 0.0000e+00
      1.202      0.039     9.5306    116.671     36.041  36.492311     6.3918      8.506   257.9993 1.2374e-01     5.3470      1.176      1.704    25.6166   996.9102 0.0000e+00
      1.214      0.039     9.6479    117.989     36.042  36.454011     6.4048      8.504   258.2368 1.2376e-01     5.3295      1.190      1.726    25.6228   996.9088 0.0000e+00
