Data/DataNotYetUploadedToEDI/Raw_CTD/RawDownloads/081524_ccr90_S8188007.cnv
* Sea-Bird SBE19plus  Data File:
* FileName = C:\R\Reservoirs\Data\DataNotYetUploadedToEDI\Raw_CTD\RawDownloads\081424_ccr50_S8188_0007.hex
* Software version 2.8.0.119
* Temperature SN = 8188
* Conductivity SN = 8188
* System UpLoad Time = Aug 16 2024 10:38:25
* <ApplicationData>
* <Seaterm232>
# nquan = 16
# nvalues = 1042                        
# units = specified
# name 0 = depFM: Depth [fresh water, m]
# name 1 = dz/dtM: Descent Rate [m/s]
# name 2 = sbeox0Mg/L: Oxygen, SBE 43 [mg/l]
# name 3 = sbeox0PS: Oxygen, SBE 43 [% saturation]
# name 4 = specc: Specific Conductance [uS/cm]
# name 5 = c0uS/cm: Conductivity [uS/cm]
# name 6 = wetCDOM: Fluorescence, WET Labs CDOM [mg/m^3]
# name 7 = flECO-AFL: Fluorescence, WET Labs ECO-AFL/FL [mg/m^3]
# name 8 = flECO-AFL1: Fluorescence, WET Labs ECO-AFL/FL, 2 [mg/m^3]
# name 9 = flECO-AFL2: Fluorescence, WET Labs ECO-AFL/FL, 3 [mg/m^3]
# name 10 = par/sat/log: PAR/Logarithmic, Satlantic
# name 11 = turbWETntu0: Turbidity, WET Labs ECO [NTU]
# name 12 = prdM: Pressure, Strain Gauge [db]
# name 13 = prdE: Pressure, Strain Gauge [psi]
# name 14 = tv290C: Temperature [ITS-90, deg C]
# name 15 = flag:  0.000e+00
# span 0 =     -0.453,      3.867       
# span 1 =     -0.379,      0.178       
# span 2 =     4.1098,     9.7397       
# span 3 =     52.501,    122.839       
# span 4 =   -441.271,    117.368       
# span 5 =-461.752331, 125.485423       
# span 6 =    -4.5000,    40.7700       
# span 7 =    -0.4486,     3.2174       
# span 8 =    -2.1300,     2.5560       
# span 9 =    -4.6953,     5.8374       
# span 10 = 1.1607e-01, 2.1829e+03      
# span 11 =   -10.9445,   171.6470      
# span 12 =     -0.444,      3.793      
# span 13 =     -0.644,      5.501      
# span 14 =    25.6435,    28.5601      
# span 15 = 0.0000e+00, 0.0000e+00      
# interval = seconds: 0.25
# start_time = Aug 15 2024 15:58:47 [Instrument's time stamp, header]
# bad_flag = -9.990e-29
*END*
[from data line 633]
      3.581     -0.177     8.0178    100.158    117.238 122.200341    27.9900     1.2490     0.5964     0.9306 8.1028e+01    58.0315      3.512      5.094    27.1109 0.0000e+00
      3.531     -0.199     8.0164     99.687    117.229 122.188939    27.9900     1.2413     0.5964     0.9306 9.7551e+01    58.0466      3.462      5.022    27.1107 0.0000e+00
      3.474     -0.220     8.0072     99.057    117.180 122.137113    27.9900     1.2223     0.5964     0.9306 1.0271e+02    58.0768      3.407      4.941    27.1105 0.0000e+00
      3.413     -0.237     7.9894     98.290    117.093 122.045048    27.9900     1.5160     0.5964     0.9306 1.0480e+02   163.9125      3.347      4.855    27.1101 0.0000e+00
      3.350     -0.252     7.9626     97.492    116.979 121.926202    39.4200     1.4931     1.3206     1.3113 1.0870e+02   164.0031      3.285      4.765    27.1096 0.0000e+00
      3.284     -0.264     7.9252     96.822    116.885 121.828903    39.4200     1.4931     1.3206     1.3113 1.0958e+02   164.0333      3.221      4.672    27.1091 0.0000e+00
      3.216     -0.275     7.8753     96.427    116.822 121.765214    39.4200     1.4855     1.3206     1.3113 1.1264e+02   164.0333      3.154      4.575    27.1086 0.0000e+00
      3.145     -0.286     7.8143     96.424    116.798 121.746158    39.4200     1.1536     1.3206     1.3113 1.1867e+02    86.3561      3.084      4.473    27.1081 0.0000e+00
      3.070     -0.296     7.7509     96.855    116.825 121.782656    39.4200     1.1498     1.3206     1.3113 1.2263e+02    86.4014      3.010      4.366    27.1080 0.0000e+00
      2.992     -0.305     7.6976     97.655    116.869 121.842432    31.4100     1.1307     0.9798     0.7191 1.2392e+02    86.4014      2.935      4.256    27.1083 0.0000e+00
      2.913     -0.314     7.6660     98.699    116.881 121.873411    31.4100     1.1498     0.9798     0.7191 1.2794e+02    86.5071      2.857      4.144    27.1094 0.0000e+00
      2.832     -0.321     7.6654     99.855    116.854 121.871854    31.4100     0.8599     0.9798     0.7191 1.3301e+02    32.2750      2.777      4.028    27.1117 0.0000e+00
      2.749     -0.328     7.6992    101.001    116.837 121.889357    31.4100     0.8789     0.9798     0.7191 1.3426e+02    32.2297      2.696      3.910    27.1155 0.0000e+00
      2.664     -0.334     7.7619    102.031    116.857 121.952595    17.9100     0.8675     0.3408     0.4230 1.3778e+02    32.1693      2.613      3.790    27.1213 0.0000e+00
      2.578     -0.338     7.8437    102.884    116.891 122.038426    17.9100     0.8675     0.3408     0.4230 1.4378e+02    32.2599      2.528      3.667    27.1294 0.0000e+00
      2.491     -0.342     7.9340    103.543    116.925 122.131730    17.9100     0.5203     0.3408     0.4230 1.4700e+02     3.0743      2.442      3.542    27.1407 0.0000e+00
      2.402     -0.344     8.0229    104.033    116.959 122.233387    17.9100     0.5356     0.3408     0.4230 1.5213e+02     2.9535      2.356      3.417    27.1555 0.0000e+00
      2.314     -0.345     8.1021    104.415    116.987 122.340498    13.5000     0.5432     0.0852     0.3384 1.6059e+02     2.9988      2.269      3.291    27.1736 0.0000e+00
      2.225     -0.345     8.1666    104.758    117.005 122.449624    13.5000     0.5280     0.0852     0.3384 1.6376e+02     2.9535      2.182      3.165    27.1952 0.0000e+00
      2.137     -0.342     8.2153    105.087    117.010 122.557860    13.5000     0.4746     0.0852     0.3384 1.6963e+02     1.3673      2.095      3.039    27.2201 0.0000e+00
      2.049     -0.338     8.2500    105.385    117.017 122.678070    13.5000     0.4669     0.0852     0.3384 1.7697e+02     1.4881      2.009      2.914    27.2484 0.0000e+00
      1.962     -0.333     8.2754    105.652    117.030 122.816309    13.5000     0.4936     0.0852     0.3384 1.8359e+02     1.3522      1.924      2.790    27.2814 0.0000e+00
      1.878     -0.326     8.2970    105.898    117.034 122.953431    13.0500     0.4746     0.0852     0.3384 1.8548e+02     1.3824      1.841      2.670    27.3201 0.0000e+00
      1.795     -0.316     8.3165    106.121    117.039 123.095999    13.0500     0.4173     0.0852     0.3384 1.9376e+02     1.6996      1.760      2.553    27.3639 0.0000e+00
      1.715     -0.304     8.3329    106.315    117.075 123.274038    13.0500     0.4097     0.0852     0.3384 2.0347e+02     1.5939      1.681      2.439    27.4125 0.0000e+00
      1.637     -0.288     8.3461    106.476    117.150 123.489019    13.0500     0.3868     0.0852     0.3384 2.0998e+02     1.5032      1.605      2.328    27.4657 0.0000e+00
      1.563     -0.268     8.3571    106.596    117.225 123.696244    12.4200     0.3868     0.0852     0.2538 2.2088e+02     1.6392      1.533      2.223    27.5223 0.0000e+00
      1.494     -0.245     8.3660    106.666    117.263 123.848949    12.4200     0.3563     0.0852     0.2538 2.3296e+02     1.4428      1.465      2.125    27.5809 0.0000e+00
      1.433     -0.219     8.3724    106.666    117.279 123.953851    12.4200     0.3372     0.0852     0.2538 2.4131e+02     1.3220      1.405      2.038    27.6405 0.0000e+00
      1.381     -0.193     8.3764    106.552    117.290 124.030924    12.4200     0.3601     0.0852     0.2538 2.4437e+02     1.4126      1.355      1.965    27.6988 0.0000e+00
      1.338     -0.168     8.3777    106.295    117.278 124.064711    11.5200     0.3563     0.0852     0.0846 2.4688e+02     1.3975      1.312      1.903    27.7534 0.0000e+00
      1.301     -0.147     8.3761    105.925    117.238 124.060221    11.5200     0.3449     0.0852     0.0846 2.4828e+02     2.2132      1.276      1.851    27.8013 0.0000e+00
      1.269     -0.130     8.3705    105.525    117.201 124.052270    11.5200     0.3411     0.0852     0.0846 2.5186e+02     2.4701      1.244      1.805    27.8392 0.0000e+00
      1.240     -0.120     8.3575    105.168    117.182 124.058746    11.5200     0.3449     0.0852     0.0846 2.4990e+02     2.1679      1.216      1.763    27.8667 0.0000e+00
      1.213     -0.117     8.3344    104.888    117.188 124.085380    11.0700     0.3525     0.0426     0.1692 2.5006e+02     2.3794      1.190      1.725    27.8869 0.0000e+00
      1.186     -0.119     8.3031    104.693    117.197 124.109263    11.0700     0.3334     0.0426     0.1692 2.4699e+02     4.4490      1.164      1.688    27.9026 0.0000e+00
      1.159     -0.128     8.2698    104.576    117.180 124.102753    11.0700     0.3372     0.0426     0.1692 2.4709e+02     4.5396      1.136      1.648    27.9160 0.0000e+00
      1.127     -0.140     8.2401    104.520    117.163 124.094125    11.0700     0.3563     0.0426     0.1692 2.4559e+02     4.4188      1.106      1.604    27.9273 0.0000e+00
      1.090     -0.155     8.2169    104.510    117.169 124.111088    11.0700     0.3220     0.0426     0.1692 2.5225e+02     4.4792      1.070      1.551    27.9360 0.0000e+00
      1.048     -0.169     8.2007    104.536    117.181 124.138161    10.8900     0.3487     0.0426     0.0846 2.6339e+02     4.1620      1.028      1.490    27.9423 0.0000e+00
      1.000     -0.179     8.1909    104.582    117.191 124.166558    10.8900     0.3525     0.0426     0.0846 2.7725e+02     4.1771      0.981      1.422    27.9470 0.0000e+00
      0.949     -0.184     8.1859    104.619    117.202 124.199850    10.8900     0.3563     0.0426     0.0846 2.8458e+02     4.1922      0.931      1.350    27.9512 0.0000e+00
      0.898     -0.185     8.1845    104.624    117.215 124.238915    10.8900     0.3639     0.0426     0.0846 3.0600e+02     4.2526      0.881      1.277    27.9558 0.0000e+00
      0.849     -0.181     8.1856    104.611    117.233 124.286167    11.5200     0.3601     0.0852     0.1692 3.1340e+02     8.1199      0.833      1.207    27.9618 0.0000e+00
      0.804     -0.175     8.1881    104.616    117.257 124.340205    11.5200     0.3296     0.0852     0.1692 3.1286e+02     7.9990      0.788      1.143    27.9693 0.0000e+00
      0.762     -0.167     8.1897    104.663    117.281 124.395433    11.5200     0.3487     0.0852     0.1692 3.1204e+02     7.9990      0.747      1.084    27.9786 0.0000e+00
      0.721     -0.159     8.1885    104.757    117.310 124.458577    11.5200     0.3563     0.0852     0.1692 3.2804e+02     7.9688      0.708      1.026    27.9894 0.0000e+00
      0.681     -0.152     8.1857    104.868    117.342 124.528470    10.9800     0.3411     0.0426     0.1269 3.3437e+02     8.6637      0.668      0.969    28.0014 0.0000e+00
      0.642     -0.146     8.1843    104.965    117.360 124.585738    10.9800     0.3563     0.0426     0.1269 3.5059e+02     8.8148      0.630      0.913    28.0139 0.0000e+00
      0.605     -0.142     8.1862    105.030    117.354 124.615645    10.9800     0.3525     0.0426     0.1269 3.5173e+02     8.6486      0.594      0.861    28.0266 0.0000e+00
      0.571     -0.140     8.1915    105.055    117.323 124.610162    10.9800     0.3372     0.0426     0.1269 3.4975e+02     8.7392      0.560      0.812    28.0401 0.0000e+00
      0.539     -0.141     8.1980    105.042    117.271 124.575831    10.9800     0.3639     0.0426     0.1269 3.4703e+02    12.6518      0.528      0.766    28.0555 0.0000e+00
      0.505     -0.143     8.2032    105.010    117.223 124.541513    10.8900     0.3411     0.0426     0.2961 3.4998e+02    12.4856      0.496      0.719    28.0720 0.0000e+00
      0.469     -0.145     8.2061    104.974    117.217 124.554076    10.8900     0.3601     0.0426     0.2961 3.4884e+02    12.5158      0.460      0.667    28.0870 0.0000e+00
      0.429     -0.144     8.2063    104.921    117.251 124.616870    10.8900     0.3601     0.0426     0.2961 3.9450e+02    12.4705      0.421      0.610    28.0990 0.0000e+00
      0.387     -0.138     8.2040    104.849    117.285 124.690620    10.8900     0.4593     0.0426     0.2961 3.9639e+02    34.6619      0.380      0.550    28.1077 0.0000e+00
      0.348     -0.127     8.2004    104.780    117.307 124.756983    10.8900     0.4593     0.0852     0.1692 4.0651e+02    34.6619      0.341      0.494    28.1148 0.0000e+00
      0.315     -0.111     8.1965    104.730    117.307 124.799644    10.8900     0.4440     0.0852     0.1692 3.8770e+02    34.5561      0.309      0.448    28.1228 0.0000e+00
      0.289     -0.092     8.1907    104.685    117.281 124.811977    10.8900     0.4708     0.0852     0.1692 4.2817e+02    34.5561      0.284      0.411    28.1345 0.0000e+00
      0.270     -0.072     8.1828    104.596    117.254 124.819279    10.8900     0.4135     0.0852     0.1692 3.9768e+02    50.9919      0.265      0.384    28.1504 0.0000e+00
      0.256     -0.054     8.1747    104.443    117.241 124.837506    10.9800     0.4021     0.0426     0.0423 4.3930e+02    51.0070      0.251      0.365    28.1686 0.0000e+00
      0.247     -0.040     8.1682    104.263    117.232 124.855514    10.9800     0.4059     0.0426     0.0423 4.4323e+02    51.0221      0.242      0.351    28.1869 0.0000e+00
      0.240     -0.029     8.1622    104.118    117.230 124.878105    10.9800     0.4021     0.0426     0.0423 4.3398e+02    51.0523      0.235      0.341    28.2039 0.0000e+00
      0.235     -0.020     8.1531    104.040    117.240 124.913306    10.9800     0.4746     0.0426     0.0423 4.2244e+02    39.3449      0.230      0.334    28.2193 0.0000e+00
      0.232     -0.015     8.1392    104.039    117.235 124.934489    11.0700     0.4440     0.0426     0.1269 4.2873e+02    39.3751      0.227      0.329    28.2328 0.0000e+00
      0.229     -0.010     8.1235    104.120    117.214 124.943304    11.0700     0.4822     0.0426     0.1269 4.2125e+02    39.4355      0.224      0.325    28.2447 0.0000e+00
      0.227     -0.007     8.1107    104.282    117.211 124.972113    11.0700     0.4708     0.0426     0.1269 4.2125e+02    39.3449      0.222      0.322    28.2553 0.0000e+00
      0.226     -0.004     8.1031    104.502    117.220 125.014596    11.0700     0.5661     0.0426     0.1269 3.9785e+02    84.9814      0.221      0.320    28.2657 0.0000e+00
      0.225     -0.001     8.1014    104.731    117.220 125.048071    11.0700     0.5966     0.0426     0.1269 4.1381e+02    84.9361      0.220      0.319    28.2771 0.0000e+00
      0.224      0.002     8.1058    104.923    117.206 125.065459    11.0700     0.5623     0.0426     0.1692 4.1906e+02    84.8152      0.220      0.319    28.2901 0.0000e+00
      0.225      0.004     8.1164    105.085    117.190 125.079403    11.0700     0.6005     0.0426     0.1692 4.2162e+02    84.8756      0.220      0.320    28.3041 0.0000e+00
      0.227      0.007     8.1315    105.249    117.197 125.113629    11.0700     0.4936     0.0426     0.1692 4.2456e+02    55.4181      0.222      0.322    28.3181 0.0000e+00
      0.229      0.010     8.1473    105.426    117.227 125.165262    11.0700     0.4708     0.0426     0.1692 4.0316e+02    55.3879      0.224      0.325    28.3321 0.0000e+00
      0.232      0.012     8.1603    105.604    117.243 125.196051    11.0700     0.4746     0.0426     0.2115 4.1961e+02    55.3728      0.227      0.330    28.3462 0.0000e+00
      0.236      0.014     8.1710    105.768    117.222 125.182195    11.0700     0.4936     0.0426     0.2115 4.0589e+02    55.4181      0.230      0.335    28.3594 0.0000e+00
      0.240      0.015     8.1822    105.916    117.180 125.140006    11.0700     0.4593     0.0426     0.2115 3.9768e+02    33.0002      0.235      0.341    28.3705 0.0000e+00
      0.244      0.015     8.1947    106.070    117.137 125.090248    11.0700     0.3487     0.0426     0.2115 4.2290e+02    22.2142      0.239      0.347    28.3791 0.0000e+00
      0.248      0.015     8.2077    106.243    117.115 125.057665    11.0700     0.3639     0.0426     0.2538 3.9032e+02    22.2746      0.243      0.353    28.3850 0.0000e+00
      0.252      0.014     8.2199    106.403    117.129 125.059579    11.0700     0.3487     0.0426     0.2538 4.0836e+02    22.2897      0.247      0.359    28.3883 0.0000e+00
      0.256      0.014     8.2312    106.498    117.135 125.050480    11.0700     0.3716     0.0426     0.2538 3.7764e+02    22.3350      0.250      0.363    28.3894 0.0000e+00
      0.259      0.013     8.2435    106.507    117.105 124.999931    11.0700     0.2991     0.0426     0.2538 4.0351e+02    17.8937      0.253      0.368    28.3880 0.0000e+00
      0.262      0.012     8.2575    106.441    117.079 124.954475    11.0700     0.2648     0.0426     0.2538 3.7283e+02    17.9995      0.256      0.372    28.3842 0.0000e+00
      0.266      0.010     8.2707    106.324    117.078 124.940002    11.0700     0.2724     0.0426     0.1269 4.0255e+02    17.8635      0.260      0.377    28.3786 0.0000e+00
      0.269      0.007     8.2791    106.167    117.093 124.948651    11.0700     0.2800     0.0426     0.1269 3.7339e+02    17.8937      0.263      0.382    28.3719 0.0000e+00
      0.272      0.002     8.2808    105.955    117.123 124.976726    11.0700     0.2075     0.0426     0.1269 3.6712e+02     0.4760      0.266      0.386    28.3643 0.0000e+00
      0.273     -0.006     8.2768    105.674    117.161 125.015708    11.0700     0.2266     0.0426     0.1269 3.5650e+02     0.4156      0.267      0.388    28.3567 0.0000e+00
      0.271     -0.018     8.2686    105.350    117.201 125.061986    11.1600     0.2266     0.0426     0.0846 3.5581e+02     0.5515      0.266      0.386    28.3508 0.0000e+00
      0.267     -0.033     8.2569    105.056    117.248 125.119897    11.1600     0.2152     0.0426     0.0846 3.1821e+02     0.3854      0.262      0.380    28.3473 0.0000e+00
      0.259     -0.050     8.2406    104.883    117.302 125.188880    11.1600     0.2876     0.0426     0.0846 3.1123e+02     1.1860      0.254      0.368    28.3457 0.0000e+00
      0.244     -0.067     8.2188    104.874    117.346 125.251316    11.1600     0.2800     0.0426     0.0846 3.3641e+02     1.2162      0.240      0.348    28.3455 0.0000e+00
