Data/DataNotYetUploadedToEDI/Raw_CTD/RawDownloads/081524_ccr90_S8188007.cnv
* Sea-Bird SBE19plus  Data File:
* FileName = C:\R\Reservoirs\Data\DataNotYetUploadedToEDI\Raw_CTD\RawDownloads\081424_ccr50_S8188_0007.hex
* Software version 2.8.0.119
* Temperature SN = 8188
* Conductivity SN = 8188
* System UpLoad Time = Aug 16 2024 10:38:25
* <ApplicationData>
* <Seaterm232>
# nquan = 13
# nvalues = 1042                        
# units = specified
# name 0 = depFM: Depth [fresh water, m]
# name 1 = dz/dtM: Descent Rate [m/s]
# name 2 = sbeox0Mg/L: Oxygen, SBE 43 [mg/l]
# name 3 = sbeox0PS: Oxygen, SBE 43 [% saturation]
# name 4 = specc: Specific Conductance [uS/cm]
# name 5 = c0uS/cm: Conductivity [uS/cm]
# name 6 = flECO-AFL: Fluorescence, WET Labs ECO-AFL/FL [mg/m^3]
# name 7 = par/sat/log: PAR/Logarithmic, Satlantic
# name 8 = turbWETntu0: Turbidity, WET Labs ECO [NTU]
# name 9 = prdM: Pressure, Strain Gauge [db]
# name 10 = prdE: Pressure, Strain Gauge [psi]
# name 11 = tv290C: Temperature [ITS-90, deg C]
# name 12 = flag:  0.000e+00
# span 0 =     -0.455,      3.946       
# span 1 =     -0.523,      0.234       
# span 2 =     4.0653,    10.4980       
# span 3 =     51.975,    130.970       
# span 4 =  -1151.711,    117.494       
# span 5 = -1.206e+03, 125.623078       
# span 6 =    -0.4335,     3.1448       
# span 7 = 1.3848e-01, 1.8930e+03       
# span 8 =   -10.6177,   170.1386       
# span 9 =     -0.447,      3.873       
# span 10 =     -0.648,      5.617      
# span 11 =    25.6219,    28.6744      
# span 12 = 0.0000e+00, 0.0000e+00      
# interval = seconds: 0.25
# start_time = Aug 15 2024 15:58:47 [Instrument's time stamp, header]
# bad_flag = -9.990e-29
*END*
[from data line 112]
      0.469      0.003     5.4095     66.591    116.530 123.886398     0.2435 3.2496e+02     0.1811      0.460      0.667    28.1659 0.0000e+00
      0.469      0.003     5.3546     66.067    116.499 123.847101     0.2479 3.1805e+02     0.1761      0.460      0.668    28.1611 0.0000e+00
      0.469      0.004     5.2991     65.607    116.463 123.799456     0.2374 3.2070e+02     0.1909      0.460      0.667    28.1566 0.0000e+00
      0.470      0.005     5.2435     65.162    116.463 123.787732     0.2291 3.2886e+02     0.1890      0.461      0.668    28.1525 0.0000e+00
      0.473      0.005     5.1935     64.719    116.460 123.773538     0.2340 3.3573e+02     0.1880      0.463      0.671    28.1495 0.0000e+00
      0.476      0.004     5.1548     64.277    116.459 123.764228     0.2370 3.4207e+02     0.2126      0.467      0.677    28.1469 0.0000e+00
      0.478      0.003     5.1208     63.837    116.509 123.811559     0.2302 3.4894e+02     0.2111      0.469      0.680    28.1433 0.0000e+00
      0.478      0.001     5.0865     63.441    116.565 123.868364     0.2222 3.4979e+02     0.1704      0.468      0.679    28.1378 0.0000e+00
      0.477     -0.001     5.0522     63.116    116.538 123.837223     0.2097 3.7340e+02     0.1323      0.467      0.678    28.1326 0.0000e+00
      0.475     -0.003     5.0187     62.833    116.486 123.776056     0.2001 4.0750e+02     0.1283      0.465      0.674    28.1289 0.0000e+00
      0.474     -0.003     4.9830     62.565    116.466 123.742623     0.2092 3.9557e+02     0.1561      0.464      0.673    28.1262 0.0000e+00
      0.474     -0.002     4.9507     62.305    116.446 123.705784     0.2243 3.7242e+02     0.1595      0.464      0.674    28.1261 0.0000e+00
      0.473     -0.001     4.9270     62.005    116.427 123.671641     0.2263 3.7553e+02     0.1354      0.463      0.672    28.1260 0.0000e+00
      0.473      0.000     4.9059     61.638    116.437 123.670796     0.2255 3.7702e+02     0.1393      0.463      0.672    28.1229 0.0000e+00
      0.473      0.000     4.8850     61.254    116.471 123.695542     0.2238 3.7754e+02     0.1727      0.464      0.673    28.1171 0.0000e+00
      0.473     -0.001     4.8668     60.874    116.482 123.698015     0.2139 3.8499e+02     0.1950      0.465      0.674    28.1108 0.0000e+00
      0.473     -0.001     4.8462     60.513    116.492 123.700689     0.2105 3.8580e+02     0.2028      0.464      0.674    28.1047 0.0000e+00
      0.472     -0.000     4.8141     60.205    116.524 123.727850     0.2167 3.8608e+02     0.1987      0.463      0.672    28.0995 0.0000e+00
      0.472     -0.000     4.7853     59.942    116.556 123.753587     0.2197 4.0294e+02     0.1797      0.463      0.672    28.0947 0.0000e+00
      0.472     -0.001     4.7559     59.692    116.553 123.739046     0.2207 4.1227e+02     0.2473      0.462      0.671    28.0902 0.0000e+00
      0.473     -0.001     4.7258     59.445    116.516 123.688427     0.2200 3.9424e+02     0.3637      0.463      0.671    28.0872 0.0000e+00
      0.473     -0.001     4.7029     59.221    116.521 123.687177     0.2205 3.8165e+02     0.3858      0.464      0.673    28.0850 0.0000e+00
      0.472     -0.001     4.6833     59.032    116.557 123.723920     0.2260 3.9302e+02     0.3780      0.464      0.673    28.0814 0.0000e+00
      0.471     -0.000     4.6651     58.874    116.557 123.723462     0.2351 4.2138e+02     0.4058      0.462      0.670    28.0759 0.0000e+00
      0.470      0.001     4.6449     58.719    116.521 123.681636     0.2437 4.4504e+02     0.4477      0.460      0.667    28.0704 0.0000e+00
      0.470      0.002     4.6276     58.540    116.478 123.627430     0.2435 4.2880e+02     0.4727      0.461      0.668    28.0672 0.0000e+00
      0.471      0.004     4.6127     58.332    116.476 123.613670     0.2408 4.0086e+02     0.4672      0.462      0.670    28.0675 0.0000e+00
      0.474      0.006     4.6014     58.111    116.520 123.651655     0.2366 4.0670e+02     0.3812      0.465      0.674    28.0686 0.0000e+00
      0.476      0.008     4.5903     57.888    116.550 123.677458     0.2279 4.5566e+02     0.2237      0.467      0.678    28.0672 0.0000e+00
      0.478      0.008     4.5766     57.663    116.532 123.652838     0.2229 4.9153e+02     0.1767      0.468      0.679    28.0625 0.0000e+00
      0.480      0.007     4.5604     57.440    116.514 123.626787     0.2279 4.4930e+02     0.2243      0.470      0.681    28.0566 0.0000e+00
      0.481      0.006     4.5430     57.233    116.529 123.635275     0.2349 4.0514e+02     0.1814      0.472      0.684    28.0526 0.0000e+00
      0.484      0.006     4.5257     57.044    116.520 123.619045     0.2302 3.9662e+02     0.1036      0.475      0.689    28.0505 0.0000e+00
      0.485      0.006     4.5084     56.858    116.479 123.566944     0.2241 3.9459e+02     0.1074      0.476      0.691    28.0492 0.0000e+00
      0.486      0.007     4.4906     56.670    116.474 123.550945     0.2214 3.9322e+02     0.1245      0.475      0.690    28.0462 0.0000e+00
      0.487      0.007     4.4743     56.484    116.496 123.561995     0.2154 3.8196e+02     0.1732      0.478      0.693    28.0421 0.0000e+00
      0.489      0.007     4.4609     56.292    116.509 123.564122     0.2200 3.7327e+02     0.2837      0.480      0.696    28.0395 0.0000e+00
      0.492      0.007     4.4464     56.089    116.530 123.576646     0.2332 3.6145e+02     0.3626      0.481      0.699    28.0361 0.0000e+00
      0.495      0.006     4.4320     55.890    116.536 123.576991     0.2368 3.5213e+02     0.4066      0.485      0.704    28.0314 0.0000e+00
      0.496      0.004     4.4179     55.708    116.530 123.568291     0.2370 3.6107e+02     0.4371      0.487      0.707    28.0263 0.0000e+00
      0.496      0.002     4.4040     55.553    116.566 123.607859     0.2355 3.8931e+02     0.4225      0.487      0.707    28.0209 0.0000e+00
      0.495      0.002     4.3874     55.456    116.600 123.646189     0.2284 4.1618e+02     0.3679      0.486      0.705    28.0165 0.0000e+00
      0.495      0.003     4.3718     55.400    116.576 123.622506     0.2286 4.3340e+02     0.3611      0.485      0.704    28.0136 0.0000e+00
      0.495      0.006     4.3581     55.334    116.551 123.594330     0.2296 4.5204e+02     0.4091      0.485      0.703    28.0123 0.0000e+00
      0.495      0.009     4.3437     55.256    116.540 123.578331     0.2231 4.4029e+02     0.4321      0.485      0.703    28.0138 0.0000e+00
      0.498      0.012     4.3371     55.211    116.529 123.565458     0.2188 4.1943e+02     0.4341      0.488      0.707    28.0149 0.0000e+00
      0.505      0.015     4.3346     55.223    116.530 123.575079     0.2119 4.5592e+02     0.4324      0.495      0.718    28.0156 0.0000e+00
      0.510      0.020     4.3295     55.303    116.500 123.558269     0.2100 4.8571e+02     0.4114      0.501      0.729    28.0164 0.0000e+00
      0.512      0.024     4.3214     55.453    116.046 123.089421     0.2219 4.4733e+02     0.3872      0.502      0.728    28.0124 0.0000e+00
      0.515      0.027     4.3180     55.641    110.899 117.633494     0.2263 4.2593e+02     0.3796      0.504      0.730    28.0111 0.0000e+00
      0.524      0.031     4.3182     55.865     54.420  57.727550     0.2196 4.3748e+02     0.3884      0.513      0.744    28.0156 0.0000e+00
      0.537      0.036     4.3233     56.165   -566.762-601.091497     0.2179 4.2623e+02     0.3901      0.528      0.766    28.0226 0.0000e+00
      0.547      0.043     4.3366     56.555  -1136.202 -1.205e+03     0.2231 4.0051e+02     0.3656      0.538      0.782    28.0299 0.0000e+00
      0.553      0.047     4.3509     56.946   -566.760-601.211848     0.2312 3.9517e+02     0.3673      0.540      0.784    28.0302 0.0000e+00
      0.565      0.041     4.3671     57.286     54.523  57.711322     0.2381 4.2638e+02     0.4105      0.550      0.797    28.0279 0.0000e+00
      0.583      0.018     4.3905     57.936    111.135 117.674404     0.2368 4.4468e+02     0.4423      0.573      0.831    28.0198 0.0000e+00
      0.602     -0.024     4.4251     59.596    116.366 123.149838     0.2327 4.2885e+02     0.4420      0.594      0.861    28.0074 0.0000e+00
      0.610     -0.076     4.4622     62.861    116.856 123.641363     0.2321 4.2875e+02     0.4071      0.607      0.880    27.9915 0.0000e+00
      0.591     -0.130     4.4801     67.996    116.891 123.753763     0.2287 4.4198e+02     0.3985      0.596      0.864    27.9716 0.0000e+00
      0.533     -0.171     4.5081     74.442    116.848 123.895131     0.2182 4.2200e+02     0.4412      0.533      0.773    27.9412 0.0000e+00
      0.451     -0.186     4.6278     80.786    116.734 123.986859     0.2096 4.3439e+02     0.4419      0.439      0.637    27.9029 0.0000e+00
      0.374     -0.171     4.8731     85.852    116.578 123.976525     0.2109 5.4258e+02     0.4067      0.357      0.518    27.8807 0.0000e+00
      0.321     -0.128     5.2844     89.210    116.433 123.906838     0.2079 6.0017e+02     0.3933      0.305      0.442    27.9061 0.0000e+00
      0.297     -0.075     5.8314     90.748    116.338 123.826452     0.2083 5.5809e+02     0.3829      0.282      0.408    28.0060 0.0000e+00
      0.301     -0.038     6.3503     90.518    116.332 123.754870     0.2242 5.2226e+02     0.3837      0.286      0.414    28.1115 0.0000e+00
      0.326     -0.033     6.7440     89.107    116.448 123.723292     0.2356 4.9777e+02     0.4030      0.317      0.461    28.1769 0.0000e+00
      0.352     -0.058     7.0037     87.636    116.664 123.785414     0.2335 5.1804e+02     0.4105      0.356      0.516    28.2107 0.0000e+00
      0.348     -0.103     7.1249     86.973    116.860 123.891876     0.2165 6.5469e+02     0.4062      0.359      0.521    28.2235 0.0000e+00
      0.301     -0.149     7.0954     87.284    116.897 123.919095     0.1861 8.0285e+02     0.4198      0.306      0.444    28.2029 0.0000e+00
      0.225     -0.177     6.9571     88.275    116.810 123.909881     0.1610 8.6432e+02     0.4369      0.220      0.319    28.1177 0.0000e+00
      0.145     -0.176     6.8257     89.507    116.685 123.917022     0.1554 9.2560e+02     0.4069      0.137      0.198    28.0316 0.0000e+00
      0.082     -0.142     6.7784     90.696    116.532 123.869257     0.1695 1.0003e+03     0.3665      0.070      0.102    27.9903 0.0000e+00
      0.048     -0.083     6.8123     91.583    116.414 123.809969     0.1758 1.0303e+03     0.3606      0.034      0.049    27.9811 0.0000e+00
      0.047     -0.017     6.9003     91.587    116.387 123.814124     0.1618 1.0227e+03     0.3704      0.038      0.055    28.0204 0.0000e+00
      0.067      0.046     6.9947     90.381    116.424 123.851334     0.1570 1.0084e+03     0.3812      0.064      0.093    28.1009 0.0000e+00
      0.096      0.098     7.0810     88.420    116.500 123.918830     0.1611 9.6470e+02     0.3887      0.093      0.136    28.1502 0.0000e+00
      0.126      0.136     7.1700     86.271    116.527 123.948139     0.1589 8.6517e+02     0.4266      0.121      0.176    28.1720 0.0000e+00
      0.163      0.156     7.1841     84.125    116.445 123.864678     0.1566 7.7995e+02     0.4613      0.155      0.225    28.1932 0.0000e+00
      0.210      0.160     7.0689     82.005    116.401 123.796376     0.1602 7.4511e+02     0.4305      0.204      0.296    28.1841 0.0000e+00
      0.263      0.146     6.8988     79.972    116.483 123.804323     0.1766 7.0830e+02     0.3973      0.258      0.374    28.1735 0.0000e+00
      0.316      0.119     6.7295     78.261    116.609 123.824228     0.2064 6.3587e+02     0.4028      0.315      0.457    28.1773 0.0000e+00
      0.354      0.084     6.5612     77.297    116.697 123.832246     0.2255 5.3440e+02     0.4288      0.359      0.521    28.1811 0.0000e+00
      0.364      0.046     6.3951     77.297    116.729 123.832926     0.2263 4.8815e+02     0.4383      0.366      0.531    28.1815 0.0000e+00
      0.354      0.010     6.2358     77.922    116.736 123.832399     0.2248 5.2449e+02     0.4138      0.347      0.504    28.1440 0.0000e+00
      0.339     -0.022     6.0940     78.628    116.738 123.825865     0.2243 5.6686e+02     0.4069      0.330      0.478    28.0796 0.0000e+00
      0.331     -0.042     6.0125     79.106    116.751 123.822126     0.2293 6.0615e+02     0.4242      0.324      0.469    28.0412 0.0000e+00
      0.325     -0.048     6.0270     79.246    116.803 123.855371     0.2321 6.3562e+02     0.4504      0.322      0.467    28.0333 0.0000e+00
      0.312     -0.041     6.0945     79.009    116.842 123.886770     0.2240 6.0270e+02     0.4501      0.311      0.450    28.0330 0.0000e+00
      0.291     -0.025     6.1568     78.404    116.811 123.860723     0.2179 5.1773e+02     0.4201      0.285      0.412    28.0309 0.0000e+00
      0.273     -0.003     6.1964     77.428    116.754 123.813270     0.2194 4.7911e+02     0.3970      0.261      0.380    28.0231 0.0000e+00
      0.270      0.025     6.2111     76.154    116.724 123.790466     0.2246 5.2662e+02     0.3769      0.258      0.375    28.0096 0.0000e+00
      0.285      0.056     6.1914     74.823    116.714 123.789620     0.2459 5.7193e+02     0.3825      0.274      0.398    28.0045 0.0000e+00
      0.313      0.087     6.1442     73.649    116.719 123.803060     0.2775 5.5353e+02     0.3623      0.305      0.442    28.0104 0.0000e+00
      0.347      0.113     6.0672     72.646    116.732 123.816562     0.2870 5.1414e+02     0.3380      0.341      0.494    28.0176 0.0000e+00
      0.380      0.132     5.9579     71.692    116.737 123.816460     0.2821 4.5621e+02     0.3979      0.374      0.542    28.0197 0.0000e+00
      0.413      0.144     5.8466     70.700    116.727 123.801815     0.2792 4.0711e+02     0.4345      0.403      0.584    28.0247 0.0000e+00
      0.449      0.153     5.7543     69.667    116.705 123.775884     0.2603 3.9271e+02     0.4025      0.438      0.635    28.0297 0.0000e+00
      0.490      0.162     5.6811     68.613    116.700 123.775748     0.2270 3.7430e+02     0.3886      0.481      0.696    28.0277 0.0000e+00
      0.535      0.170     5.6093     67.584    116.713 123.800170     0.2055 3.7359e+02     0.4040      0.525      0.761    28.0258 0.0000e+00
      0.580      0.174     5.5308     66.641    116.702 123.798369     0.2095 4.1689e+02     0.3825      0.567      0.822    28.0238 0.0000e+00
      0.627      0.172     5.4505     65.866    116.657 123.753980     0.2400 4.5764e+02     0.3346      0.612      0.887    28.0217 0.0000e+00
      0.677      0.165     5.3657     65.325    116.650 123.740898     0.2712 4.8658e+02     0.3396      0.666      0.965    28.0240 0.0000e+00
      0.723      0.155     5.2839     65.010    116.694 123.776583     0.2745 5.2773e+02     0.3744      0.713      1.034    28.0295 0.0000e+00
      0.758      0.140     5.2070     64.878    116.705 123.776209     0.2715 5.5257e+02     0.3784      0.745      1.083    28.0350 0.0000e+00
      0.788      0.122     5.1434     64.829    116.679 123.736353     0.2784 5.7694e+02     0.3187      0.772      1.121    28.0369 0.0000e+00
      0.818      0.101     5.1032     64.774    116.658 123.703884     0.2789 5.9799e+02     0.2363      0.803      1.165    28.0331 0.0000e+00
      0.844      0.080     5.0785     64.676    116.681 123.724634     0.2775 5.7251e+02     0.2066      0.830      1.205    28.0280 0.0000e+00
      0.864      0.062     5.0729     64.600    116.733 123.782623     0.2787 5.4648e+02     0.1997      0.849      1.232    28.0230 0.0000e+00
      0.875      0.047     5.0719     64.706    116.738 123.791188     0.2757 5.2630e+02     0.1868      0.861      1.248    28.0174 0.0000e+00
      0.880      0.037     5.0688     65.051    116.707 123.760005     0.2772 4.6275e+02     0.1885      0.863      1.252    28.0123 0.0000e+00
