Data/DataNotYetUploadedToEDI/Raw_CTD/RawDownloads/081524_ccr90_S8188007.cnv
* Sea-Bird SBE19plus  Data File:
* FileName = C:\R\Reservoirs\Data\DataNotYetUploadedToEDI\Raw_CTD\RawDownloads\081424_ccr50_S8188_0007.hex
* Software version 2.8.0.119
* Temperature SN = 8188
* Conductivity SN = 8188
* System UpLoad Time = Aug 16 2024 10:38:25
* <ApplicationData>
* <Seaterm232>
# nquan = 13
# nvalues = 1042                        
# units = specified
# name 0 = depFM: Depth [fresh water, m]
# name 1 = dz/dtM: Descent Rate [m/s]
# name 2 = sbeox0Mg/L: Oxygen, SBE 43 [mg/l]
# name 3 = sbeox0PS: Oxygen, SBE 43 [% saturation]
# name 4 = specc: Specific Conductance [uS/cm]
# name 5 = c0uS/cm: Conductivity [uS/cm]
# name 6 = flECO-AFL: Fluorescence, WET Labs ECO-AFL/FL [mg/m^3]
# name 7 = par/sat/log: PAR/Logarithmic, Satlantic
# name 8 = turbWETntu0: Turbidity, WET Labs ECO [NTU]
# name 9 = prdM: Pressure, Strain Gauge [db]
# name 10 = prdE: Pressure, Strain Gauge [psi]
# name 11 = tv290C: Temperature [ITS-90, deg C]
# name 12 = flag:  0.000e+00
# span 0 =     -0.455,      3.946       
# span 1 =     -0.523,      0.234       
# span 2 =     4.0653,    10.4980       
# span 3 =     51.975,    130.970       
# span 4 =  -1151.711,    117.494       
# span 5 = -1.206e+03, 125.623078       
# span 6 =    -0.4335,     3.1448       
# span 7 = 1.3848e-01, 1.8930e+03       
# span 8 =   -10.6177,   170.1386       
# span 9 =     -0.447,      3.873       
# span 10 =     -0.648,      5.617      
# span 11 =    25.6219,    28.6744      
# span 12 = 0.0000e+00, 0.0000e+00      
# interval = seconds: 0.25
# start_time = Aug 15 2024 15:58:47 [Instrument's time stamp, header]
# bad_flag = -9.990e-29
*END*
[from data line 223]
      0.886      0.039     5.0476     65.975    116.713 123.765690     0.2984 4.1746e+02     0.1823      0.868      1.258    28.0128 0.0000e+00
      0.894      0.048     5.0541     66.265    116.734 123.786026     0.3025 4.0291e+02     0.1878      0.874      1.267    28.0146 0.0000e+00
      0.909      0.058     5.0853     66.325    116.735 123.787881     0.3027 3.9406e+02     0.1820      0.889      1.290    28.0154 0.0000e+00
      0.930      0.065     5.1271     66.147    116.734 123.788114     0.2930 4.2109e+02     0.1807      0.910      1.320    28.0155 0.0000e+00
      0.954      0.068     5.1659     65.794    116.739 123.788847     0.2716 4.4822e+02     0.1726      0.937      1.358    28.0150 0.0000e+00
      0.975      0.068     5.1905     65.372    116.752 123.796732     0.2601 4.1597e+02     0.1525      0.960      1.392    28.0136 0.0000e+00
      0.990      0.067     5.1960     65.030    116.774 123.815237     0.2666 3.8390e+02     0.1443      0.972      1.409    28.0141 0.0000e+00
      1.000      0.064     5.1791     64.843    116.770 123.807966     0.2722 3.6995e+02     0.1419      0.979      1.420    28.0160 0.0000e+00
      1.013      0.061     5.1499     64.719    116.744 123.777016     0.2759 3.5315e+02     0.1583      0.991      1.438    28.0134 0.0000e+00
      1.031      0.059     5.1122     64.573    116.747 123.782038     0.2855 3.4063e+02     0.1701      1.011      1.466    28.0092 0.0000e+00
      1.051      0.059     5.0815     64.378    116.762 123.800480     0.2934 3.2968e+02     0.1480      1.032      1.497    28.0082 0.0000e+00
      1.068      0.058     5.0727     64.145    116.761 123.795394     0.3017 3.2119e+02     0.1314      1.050      1.522    28.0067 0.0000e+00
      1.080      0.055     5.0647     63.926    116.760 123.788737     0.3085 3.1481e+02     0.1400      1.059      1.536    28.0044 0.0000e+00
      1.091      0.054     5.0536     63.703    116.765 123.788189     0.2977 3.1158e+02     0.1500      1.070      1.552    28.0061 0.0000e+00
      1.103      0.055     5.0389     63.428    116.772 123.788755     0.2831 3.0855e+02     0.1486      1.083      1.569    28.0086 0.0000e+00
      1.115      0.059     5.0173     63.099    116.786 123.795568     0.2879 3.0371e+02     0.1586      1.092      1.584    28.0061 0.0000e+00
      1.130      0.065     5.0018     62.717    116.799 123.802333     0.2854 2.9841e+02     0.1674      1.107      1.606    28.0029 0.0000e+00
      1.149      0.071     4.9870     62.283    116.803 123.802338     0.2713 2.9315e+02     0.1514      1.126      1.633    28.0011 0.0000e+00
      1.170      0.076     4.9645     61.848    116.797 123.795615     0.2735 2.8766e+02     0.1373      1.148      1.664    27.9980 0.0000e+00
      1.191      0.081     4.9396     61.474    116.788 123.789251     0.2778 2.8194e+02     0.1334      1.168      1.694    27.9943 0.0000e+00
      1.211      0.082     4.9102     61.153    116.789 123.793602     0.2792 2.7592e+02     0.1387      1.188      1.723    27.9907 0.0000e+00
      1.233      0.080     4.8751     60.832    116.773 123.780027     0.2907 2.6981e+02     0.1680      1.208      1.754    27.9886 0.0000e+00
      1.258      0.075     4.8382     60.494    116.751 123.761521     0.3034 2.6333e+02     0.2123      1.234      1.790    27.9891 0.0000e+00
      1.279      0.067     4.8094     60.145    116.756 123.774469     0.3026 2.5698e+02     0.2280      1.257      1.823    27.9911 0.0000e+00
      1.294      0.057     4.7866     59.780    116.774 123.800188     0.2905 2.5167e+02     0.1855      1.270      1.842    27.9920 0.0000e+00
      1.308      0.047     4.7613     59.410    116.766 123.799668     0.2869 2.4755e+02     0.0760      1.284      1.861    27.9929 0.0000e+00
      1.318      0.037     4.7341     59.084    116.729 123.768202     0.2937 2.4388e+02    -0.0655      1.293      1.876    27.9961 0.0000e+00
      1.323      0.031     4.7072     58.858    116.718 123.760765     0.3037 2.4054e+02    -0.1161      1.298      1.883    27.9989 0.0000e+00
      1.327      0.027     4.6781     58.696    116.733 123.777969     0.3039 2.3729e+02    -0.0896      1.300      1.886    28.0016 0.0000e+00
      1.332      0.026     4.6476     58.494    116.728 123.771591     0.2867 2.3405e+02    -0.0891      1.305      1.893    28.0051 0.0000e+00
      1.340      0.026     4.6190     58.223    116.711 123.751848     0.2787 2.3144e+02    -0.1108      1.315      1.907    28.0091 0.0000e+00
      1.348      0.027     4.6022     57.929    116.701 123.743866     0.2850 2.2919e+02    -0.1113      1.321      1.918    28.0114 0.0000e+00
      1.354      0.030     4.5943     57.681    116.696 123.743296     0.2841 2.2747e+02    -0.0948      1.327      1.925    28.0109 0.0000e+00
      1.360      0.035     4.5789     57.533    116.691 123.744962     0.2767 2.2583e+02    -0.0834      1.334      1.935    28.0100 0.0000e+00
      1.368      0.041     4.5560     57.483    116.705 123.764018     0.2742 2.2393e+02    -0.0756      1.341      1.945    28.0096 0.0000e+00
      1.377      0.047     4.5307     57.455    116.710 123.769097     0.2790 2.2277e+02    -0.1039      1.349      1.957    28.0101 0.0000e+00
      1.391      0.052     4.5099     57.393    116.683 123.738161     0.2835 2.2195e+02    -0.1161      1.362      1.976    28.0127 0.0000e+00
      1.410      0.054     4.4971     57.290    116.681 123.730987     0.2860 2.2126e+02    -0.0174      1.383      2.006    28.0163 0.0000e+00
      1.427      0.053     4.4965     57.132    116.705 123.750552     0.2909 2.2125e+02     0.0933      1.402      2.033    28.0179 0.0000e+00
      1.442      0.050     4.4960     56.955    116.726 123.770104     0.2907 2.2143e+02     0.0902      1.415      2.052    28.0176 0.0000e+00
      1.454      0.045     4.4902     56.843    116.723 123.762772     0.2913 2.2135e+02     0.0821      1.427      2.069    28.0171 0.0000e+00
      1.462      0.040     4.4837     56.774    116.701 123.730089     0.2989 2.2137e+02     0.1328      1.434      2.080    28.0147 0.0000e+00
      1.469      0.035     4.4713     56.668    116.698 123.715939     0.2954 2.2182e+02     0.1538      1.439      2.087    28.0114 0.0000e+00
      1.478      0.032     4.4528     56.517    116.715 123.728080     0.2934 2.2289e+02     0.1290      1.449      2.102    28.0113 0.0000e+00
      1.487      0.031     4.4452     56.365    116.727 123.740465     0.3006 2.2406e+02     0.1075      1.459      2.117    28.0102 0.0000e+00
      1.495      0.031     4.4446     56.260    116.713 123.729282     0.2956 2.2506e+02     0.0667      1.467      2.127    28.0047 0.0000e+00
      1.501      0.030     4.4354     56.170    116.713 123.729272     0.2843 2.2631e+02    -0.0218      1.473      2.136    27.9994 0.0000e+00
      1.508      0.027     4.4233     56.002    116.725 123.740348     0.2859 2.2804e+02    -0.0700      1.478      2.143    27.9966 0.0000e+00
      1.516      0.024     4.4088     55.751    116.715 123.726789     0.2884 2.3054e+02    -0.0694      1.486      2.157    27.9973 0.0000e+00
      1.524      0.020     4.4012     55.501    116.693 123.701737     0.2803 2.3364e+02    -0.0145      1.495      2.169    27.9992 0.0000e+00
      1.529      0.017     4.3984     55.256    116.703 123.710259     0.2839 2.3735e+02     0.1475      1.499      2.175    27.9996 0.0000e+00
      1.531      0.014     4.3860     54.993    116.754 123.761611     0.2882 2.4170e+02     0.2759      1.501      2.177    27.9985 0.0000e+00
      1.533      0.010     4.3612     54.723    116.770 123.777000     0.2800 2.4678e+02     0.2332      1.503      2.180    27.9971 0.0000e+00
      1.535      0.008     4.3432     54.445    116.755 123.759919     0.2804 2.5338e+02     0.1458      1.505      2.183    27.9960 0.0000e+00
      1.537      0.007     4.3255     54.202    116.755 123.759698     0.2934 2.6130e+02     0.1464      1.508      2.187    27.9954 0.0000e+00
      1.538      0.007     4.3029     54.017    116.770 123.774324     0.3065 2.7024e+02     0.1715      1.509      2.188    27.9946 0.0000e+00
      1.539      0.009     4.2839     53.850    116.796 123.800353     0.3007 2.8102e+02     0.1747      1.508      2.188    27.9933 0.0000e+00
      1.541      0.012     4.2596     53.694    116.797 123.801592     0.2839 2.9565e+02     0.1849      1.511      2.192    27.9927 0.0000e+00
      1.543      0.017     4.2395     53.574    116.785 123.789305     0.2763 3.1468e+02     0.1923      1.513      2.195    27.9930 0.0000e+00
      1.547      0.023     4.2276     53.462    116.783 123.788193     0.2782 3.4526e+02     0.1948      1.515      2.199    27.9925 0.0000e+00
      1.554      0.030     4.2147     53.356    116.782 123.788146     0.2888 3.8789e+02     0.1813      1.523      2.210    27.9918 0.0000e+00
      1.564      0.037     4.2003     53.294    116.782 123.788741     0.3006 4.2788e+02     0.1663      1.533      2.223    27.9920 0.0000e+00
      1.574      0.042     4.1931     53.270    116.787 123.795393     0.3001 4.3999e+02     0.1851      1.541      2.235    27.9921 0.0000e+00
      1.587      0.046     4.1845     53.250    116.789 123.800370     0.2919 4.1821e+02     0.1689      1.557      2.258    27.9922 0.0000e+00
      1.601      0.049     4.1739     53.211    116.768 123.780707     0.2787 4.0632e+02     0.1078      1.572      2.279    27.9929 0.0000e+00
      1.614      0.050     4.1696     53.162    116.748 123.762270     0.2616 4.1437e+02     0.0981      1.582      2.294    27.9931 0.0000e+00
      1.626      0.051     4.1686     53.114    116.763 123.782060     0.2673 4.1507e+02     0.1547      1.595      2.313    27.9937 0.0000e+00
      1.638      0.051     4.1682     53.055    116.794 123.815371     0.2879 4.1248e+02     0.1747      1.607      2.331    27.9950 0.0000e+00
      1.651      0.052     4.1644     52.980    116.802 123.824021     0.2939 4.1597e+02     0.1332      1.618      2.346    27.9958 0.0000e+00
      1.665      0.053     4.1599     52.915    116.796 123.818439     0.2869 4.2489e+02     0.1339      1.633      2.368    27.9973 0.0000e+00
      1.679      0.055     4.1565     52.862    116.793 123.816088     0.2818 4.3474e+02     0.1835      1.648      2.391    27.9995 0.0000e+00
      1.692      0.058     4.1527     52.824    116.773 123.795588     0.2843 4.4621e+02     0.2172      1.658      2.405    27.9996 0.0000e+00
      1.705      0.060     4.1448     52.794    116.755 123.775184     0.2827 4.6395e+02     0.2331      1.672      2.424    27.9984 0.0000e+00
      1.722      0.062     4.1404     52.725    116.757 123.773994     0.2965 4.7706e+02     0.2721      1.689      2.450    27.9992 0.0000e+00
      1.741      0.062     4.1366     52.665    116.767 123.781205     0.3296 4.7871e+02     0.3459      1.707      2.476    28.0004 0.0000e+00
      1.758      0.062     4.1318     52.682    116.785 123.794155     0.3446 4.7791e+02     0.4041      1.724      2.500    28.0006 0.0000e+00
      1.774      0.060     4.1338     52.722    116.791 123.794156     0.3484 4.7311e+02     0.4266      1.742      2.526    27.9999 0.0000e+00
      1.789      0.058     4.1259     52.718    116.784 123.781198     0.3666 4.6110e+02     0.4121      1.755      2.546    27.9988 0.0000e+00
      1.803      0.058     4.1175     52.670    116.779 123.773881     0.3921 4.5071e+02     0.3654      1.768      2.564    27.9971 0.0000e+00
      1.815      0.062     4.1226     52.593    116.779 123.773886     0.4127 4.4011e+02     0.3433      1.780      2.581    27.9947 0.0000e+00
      1.828      0.069     4.1282     52.523    116.784 123.781260     0.4259 4.2967e+02     0.3844      1.792      2.598    27.9915 0.0000e+00
      1.844      0.077     4.1269     52.523    116.792 123.794834     0.4210 4.2514e+02     0.5884      1.808      2.621    27.9889 0.0000e+00
      1.866      0.086     4.1233     52.587    116.789 123.801601     0.4143 4.2435e+02     0.9214      1.826      2.649    27.9878 0.0000e+00
      1.893      0.092     4.1166     52.668    116.774 123.794892     0.4148 4.2923e+02     1.1141      1.856      2.692    27.9875 0.0000e+00
      1.921      0.094     4.1082     52.807    116.761 123.781933     0.4009 4.4068e+02     1.1340      1.886      2.736    27.9892 0.0000e+00
      1.947      0.090     4.1083     53.114    116.769 123.781324     0.3934 4.5159e+02     1.0589      1.908      2.767    27.9907 0.0000e+00
      1.972      0.082     4.1159     53.612    116.789 123.787524     0.4022 4.5740e+02     0.9615      1.935      2.807    27.9948 0.0000e+00
      1.994      0.070     4.1206     54.199    116.808 123.788660     0.4032 4.6858e+02     0.9520      1.960      2.842    28.0017 0.0000e+00
      2.009      0.059     4.1264     54.726    116.829 123.795026     0.4053 4.8577e+02     0.9439      1.971      2.858    28.0020 0.0000e+00
      2.019      0.049     4.1504     55.115    116.840 123.796257     0.4100 4.9188e+02     0.8980      1.979      2.871    27.9973 0.0000e+00
      2.028      0.042     4.1929     55.371    116.853 123.803531     0.4083 4.8520e+02     0.8774      1.989      2.885    27.9899 0.0000e+00
      2.037      0.038     4.2449     55.530    116.868 123.814764     0.4108 4.8852e+02     0.8664      1.997      2.897    27.9808 0.0000e+00
      2.045      0.037     4.2889     55.591    116.854 123.795649     0.4145 4.9110e+02     0.8683      2.004      2.907    27.9737 0.0000e+00
      2.054      0.037     4.3185     55.536    116.841 123.777020     0.4180 4.6992e+02     0.8318      2.014      2.921    27.9693 0.0000e+00
      2.064      0.038     4.3383     55.446    116.862 123.794126     0.4185 4.5048e+02     0.7339      2.024      2.936    27.9667 0.0000e+00
      2.074      0.040     4.3494     55.396    116.870 123.797863     0.4120 4.4488e+02     0.6802      2.035      2.952    27.9649 0.0000e+00
      2.084      0.042     4.3579     55.375    116.832 123.753991     0.4081 4.5381e+02     0.6635      2.046      2.967    27.9638 0.0000e+00
      2.093      0.044     4.3494     55.362    116.823 123.741093     0.4064 4.6209e+02     0.6687      2.051      2.975    27.9617 0.0000e+00
      2.105      0.044     4.3396     55.349    116.862 123.778317     0.4094 4.5368e+02     0.6741      2.063      2.992    27.9588 0.0000e+00
      2.120      0.044     4.3380     55.338    116.881 123.794823     0.4184 4.4936e+02     0.6603      2.081      3.018    27.9573 0.0000e+00
      2.132      0.044     4.3358     55.308    116.891 123.804261     0.4283 4.5104e+02     0.6746      2.092      3.035    27.9561 0.0000e+00
      2.142      0.043     4.3360     55.202    116.910 123.824218     0.4424 4.7089e+02     0.6061      2.101      3.047    27.9540 0.0000e+00
      2.152      0.041     4.3344     54.999    116.918 123.831512     0.4587 5.0988e+02     0.4494      2.109      3.059    27.9519 0.0000e+00
      2.162      0.039     4.3342     54.776    116.913 123.824237     0.4695 5.1188e+02     0.3595      2.120      3.075    27.9509 0.0000e+00
      2.172      0.037     4.3335     54.568    116.896 123.804462     0.4695 4.7949e+02     0.3431      2.131      3.090    27.9504 0.0000e+00
      2.181      0.035     4.3279     54.371    116.891 123.797021     0.4674 4.6834e+02     0.3543      2.139      3.103    27.9502 0.0000e+00
      2.190      0.035     4.3069     54.219    116.896 123.802476     0.4780 4.7409e+02     0.3921      2.148      3.115    27.9498 0.0000e+00
      2.199      0.038     4.2891     54.126    116.895 123.802196     0.4851 4.7359e+02     0.4222      2.156      3.126    27.9492 0.0000e+00
      2.206      0.043     4.2750     54.128    116.885 123.793642     0.4753 4.8262e+02     0.4087      2.165      3.139    27.9485 0.0000e+00
      2.214      0.051     4.2561     54.234    116.857 123.767261     0.4638 4.9599e+02     0.4007      2.169      3.146    27.9476 0.0000e+00
