Data/DataNotYetUploadedToEDI/Raw_CTD/RawDownloads/081519_fcr50_0900.cnv
* Sea-Bird SBE19plus  Data File:
* FileName = C:\DATA\081519_fcr50b_0003.hex
* Software version 2.8.0.119 SB_Terminal.dll
* Temperature SN = 7809
* Conductivity SN = 7809
* System UpLoad Time = Aug 15 2019 15:10:21
* <ApplicationData>
* <Seaterm232>
# nquan = 16
# nvalues = 1438                        
# units = specified
# name 0 = depFM: Depth [fresh water, m]
# name 1 = dz/dtM: Descent Rate [m/s]
# name 2 = sbeox0Mg/L: Oxygen, SBE 43 [mg/l]
# name 3 = sbeox0PS: Oxygen, SBE 43 [% saturation]
# name 4 = specc: Specific Conductance [uS/cm]
# name 5 = c0uS/cm: Conductivity [uS/cm]
# name 6 = flECO-AFL: Fluorescence, WET Labs ECO-AFL/FL [mg/m^3]
# name 7 = ph: pH
# name 8 = orp: Oxidation Reduction Potential [mV]
# name 9 = par/sat/log: PAR/Logarithmic, Satlantic
# name 10 = turbWETntu0: Turbidity, WET Labs ECO [NTU]
# name 11 = prdM: Pressure, Strain Gauge [db]
# name 12 = prdE: Pressure, Strain Gauge [psi]
# name 13 = tv290C: Temperature [ITS-90, deg C]
# name 14 = density00: Density [density, kg/m^3]
# name 15 = flag:  0.000e+00
# span 0 =     -0.600,      9.573       
# span 1 =     -0.023,      0.161       
# span 2 =     0.0815,    10.1504       
# span 3 =      0.766,    126.247       
# span 4 =      1.070,     67.700       
# span 5 =   1.036429,  52.041605       
# span 6 =    -1.1577,     8.0697       
# span 7 =      6.773,      9.398       
# span 8 =   173.7625,   489.0385       
# span 9 = 1.2356e-01, 9.7330e+02       
# span 10 =    -1.4608,    44.7925      
# span 11 =     -0.588,      9.389      
# span 12 =     -0.853,     13.618      
# span 13 =    11.8217,    26.5365      
# span 14 =   996.6602,   999.5834      
# span 15 = 0.0000e+00, 0.0000e+00      
# interval = seconds: 0.25
# start_time = Aug 15 2019 09:04:34 [Instrument's time stamp, header]
# bad_flag = -9.990e-29
*END*
[from data line 1266]
      7.898      0.059     2.4514     22.660     48.896  36.015170     1.1317      6.921   259.4532 1.2373e-01    15.7091      7.746     11.235    11.8292   999.5750 0.0000e+00
      7.913      0.058     2.4546     22.690     48.896  36.016314     1.1687      6.920   259.6650 1.2371e-01    15.6262      7.762     11.258    11.8281   999.5752 0.0000e+00
      7.925      0.055     2.4557     22.701     48.861  35.992699     1.1527      6.919   259.9190 1.2366e-01    15.6107      7.772     11.272    11.8271   999.5754 0.0000e+00
      7.938      0.051     2.4551     22.696     48.847  35.983534     1.0866      6.918   260.1148 1.2361e-01    15.5867      7.783     11.287    11.8262   999.5755 0.0000e+00
      7.954      0.050     2.4553     22.698     48.827  35.968977     0.9852      6.918   260.2262 1.2359e-01    15.4995      7.802     11.315    11.8251   999.5757 0.0000e+00
      7.968      0.052     2.4546     22.691     48.793  35.943636     0.9404      6.919   260.3194 1.2361e-01    15.4410      7.818     11.338    11.8260   999.5758 0.0000e+00
      7.975      0.055     2.4533     22.679     48.777  35.931030     0.9359      6.919   260.3815 1.2367e-01    15.4372      7.819     11.341    11.8294   999.5754 0.0000e+00
      7.985      0.056     2.4520     22.666     48.796  35.943505     0.9215      6.918   260.2886 1.2371e-01    15.4206      7.825     11.351    11.8304   999.5753 0.0000e+00
      8.005      0.057     2.4503     22.650     48.830  35.967530     0.9052      6.915   260.3146 1.2369e-01    15.4049      7.850     11.386    11.8294   999.5755 0.0000e+00
      8.027      0.058     2.4496     22.643     48.831  35.967625     0.9035      6.914   260.6095 1.2369e-01    15.4114      7.875     11.421    11.8305   999.5755 0.0000e+00
      8.042      0.059     2.4493     22.640     48.800  35.944648     0.9181      6.914   260.8426 1.2372e-01    15.4006      7.888     11.440    11.8292   999.5757 0.0000e+00
      8.053      0.057     2.4483     22.630     48.799  35.943598     0.9263      6.914   260.8953 1.2369e-01    15.3722      7.896     11.452    11.8264   999.5760 0.0000e+00
      8.065      0.055     2.4466     22.615     48.814  35.954939     0.9160      6.913   260.9893 1.2364e-01    15.3625      7.908     11.470    11.8262   999.5761 0.0000e+00
      8.079      0.053     2.4464     22.612     48.814  35.954825     0.8967      6.911   261.1183 1.2364e-01    15.3820      7.924     11.492    11.8263   999.5762 0.0000e+00
      8.093      0.052     2.4481     22.628     48.798  35.942216     0.8843      6.909   261.2509 1.2361e-01    15.4111      7.936     11.510    11.8247   999.5764 0.0000e+00
      8.107      0.052     2.4501     22.647     48.781  35.929426     0.8797      6.909   261.4741 1.2366e-01    15.4203      7.949     11.530    11.8254   999.5764 0.0000e+00
      8.122      0.053     2.4512     22.658     48.779  35.927130     0.9009      6.909   261.6656 1.2372e-01    15.4607      7.967     11.555    11.8269   999.5763 0.0000e+00
      8.135      0.056     2.4508     22.653     48.763  35.914446     0.9587      6.908   261.7592 1.2369e-01    15.5717      7.980     11.573    11.8254   999.5766 0.0000e+00
      8.144      0.057     2.4502     22.647     48.748  35.903014     0.9974      6.908   261.8322 1.2371e-01    15.6474      7.984     11.581    11.8237   999.5768 0.0000e+00
      8.158      0.054     2.4505     22.650     48.765  35.915853     0.9962      6.907   261.8602 1.2380e-01    15.6549      7.996     11.597    11.8240   999.5768 0.0000e+00
      8.178      0.049     2.4501     22.647     48.801  35.942741     0.9873      6.905   261.8387 1.2381e-01    15.6300      8.020     11.632    11.8239   999.5769 0.0000e+00
      8.198      0.043     2.4482     22.629     48.843  35.974216     0.9765      6.903   261.9165 1.2370e-01    15.5751      8.043     11.665    11.8225   999.5772 0.0000e+00
      8.208      0.037     2.4472     22.620     48.849  35.979061     0.9690      6.902   262.0267 1.2360e-01    15.5485      8.053     11.679    11.8219   999.5773 0.0000e+00
      8.211      0.030     2.4476     22.623     48.794  35.937839     0.9755      6.900   262.0521 1.2360e-01    15.5704      8.052     11.679    11.8224   999.5772 0.0000e+00
      8.212      0.025     2.4466     22.614     48.770  35.920109     0.9859      6.899   262.1379 1.2366e-01    15.5779      8.052     11.679    11.8232   999.5771 0.0000e+00
      8.216      0.023     2.4451     22.601     48.818  35.955111     0.9904      6.898   262.3759 1.2371e-01    15.5743      8.057     11.685    11.8236   999.5771 0.0000e+00
      8.221      0.023     2.4432     22.583     48.851  35.980220     0.9861      6.897   262.6078 1.2372e-01    15.5922      8.061     11.692    11.8233   999.5772 0.0000e+00
      8.231      0.024     2.4415     22.567     48.836  35.969810     0.9770      6.897   262.6183 1.2369e-01    15.5981      8.071     11.706    11.8232   999.5772 0.0000e+00
      8.242      0.025     2.4421     22.572     48.818  35.956189     0.9755      6.896   262.5029 1.2361e-01    15.5792      8.084     11.725    11.8231   999.5773 0.0000e+00
      8.248      0.024     2.4436     22.586     48.801  35.942464     0.9681      6.894   262.5025 1.2356e-01    15.5598      8.090     11.733    11.8225   999.5774 0.0000e+00
      8.250      0.024     2.4445     22.594     48.786  35.930810     0.9401      6.893   262.7861 1.2365e-01    15.5610      8.089     11.732    11.8235   999.5773 0.0000e+00
      8.254      0.024     2.4441     22.590     48.802  35.942228     0.9145      6.893   263.2642 1.2375e-01    15.5614      8.092     11.736    11.8246   999.5772 0.0000e+00
      8.261      0.028     2.4433     22.582     48.817  35.953569     0.9098      6.892   263.6375 1.2377e-01    15.5646      8.102     11.751    11.8239   999.5774 0.0000e+00
      8.266      0.032     2.4448     22.596     48.799  35.940979     0.9353      6.892   263.8578 1.2374e-01    15.5345      8.107     11.759    11.8229   999.5775 0.0000e+00
      8.273      0.034     2.4483     22.630     48.765  35.916952     0.9711      6.892   263.8625 1.2369e-01    15.4266      8.109     11.761    11.8223   999.5775 0.0000e+00
      8.288      0.035     2.4508     22.653     48.764  35.916962     0.9795      6.892   263.6947 1.2367e-01    15.3413      8.126     11.786    11.8218   999.5777 0.0000e+00
      8.304      0.040     2.4515     22.660     48.796  35.941092     0.9764      6.891   263.8946 1.2370e-01    15.3221      8.149     11.818    11.8217   999.5778 0.0000e+00
      8.310      0.049     2.4523     22.667     48.815  35.954827     0.9848      6.890   264.3860 1.2375e-01    15.3581      8.153     11.824    11.8222   999.5778 0.0000e+00
      8.312      0.056     2.4530     22.673     48.817  35.956076     0.9950      6.889   264.6458 1.2374e-01    15.4169      8.145     11.814    11.8234   999.5776 0.0000e+00
      8.324      0.061     2.4532     22.675     48.817  35.956190     0.9953      6.888   264.7127 1.2372e-01    15.4099      8.156     11.830    11.8242   999.5775 0.0000e+00
      8.349      0.064     2.4534     22.677     48.818  35.956200     0.9885      6.887   264.6785 1.2374e-01    15.3710      8.187     11.874    11.8245   999.5776 0.0000e+00
      8.376      0.069     2.4534     22.677     48.818  35.956201     0.9738      6.887   264.6625 1.2374e-01    15.6022      8.217     11.918    11.8249   999.5777 0.0000e+00
      8.396      0.071     2.4534     22.677     48.818  35.956201     0.9478      6.887   264.8635 1.2372e-01    16.0759      8.238     11.948    11.8247   999.5779 0.0000e+00
      8.409      0.068     2.4548     22.690     48.817  35.956202     0.9337      6.886   265.2155 1.2373e-01    16.3132      8.246     11.960    11.8245   999.5779 0.0000e+00
      8.420      0.062     2.4577     22.717     48.816  35.956210     0.9329      6.885   265.3915 1.2372e-01    16.3087      8.255     11.972    11.8239   999.5780 0.0000e+00
      8.436      0.056     2.4612     22.749     48.816  35.956305     0.9384      6.883   265.4435 1.2367e-01    16.4806      8.273     11.999    11.8236   999.5782 0.0000e+00
      8.454      0.053     2.4639     22.774     48.818  35.957345     0.9657      6.883   265.4134 1.2369e-01    16.8834      8.292     12.027    11.8243   999.5782 0.0000e+00
      8.468      0.053     2.4643     22.778     48.833  35.968790     0.9937      6.883   265.1990 1.2371e-01    17.1157      8.305     12.044    11.8248   999.5782 0.0000e+00
      8.479      0.054     2.4636     22.772     48.832  35.967740     1.0001      6.882   265.2602 1.2369e-01    17.1268      8.314     12.059    11.8252   999.5782 0.0000e+00
      8.490      0.057     2.4631     22.767     48.801  35.944650     0.9908      6.882   265.6379 1.2368e-01    17.0832      8.326     12.076    11.8254   999.5782 0.0000e+00
      8.503      0.061     2.4630     22.766     48.800  35.943496     0.9680      6.882   265.8934 1.2371e-01    16.6531      8.338     12.093    11.8252   999.5783 0.0000e+00
      8.518      0.067     2.4627     22.764     48.813  35.953787     0.9408      6.881   266.0273 1.2369e-01    15.8916      8.351     12.113    11.8249   999.5784 0.0000e+00
      8.537      0.072     2.4619     22.757     48.797  35.942134     0.9310      6.880   266.1375 1.2365e-01    15.4469      8.370     12.140    11.8245   999.5785 0.0000e+00
      8.559      0.075     2.4615     22.753     48.779  35.929543     0.9363      6.878   265.9360 1.2371e-01    15.3726      8.393     12.173    11.8246   999.5786 0.0000e+00
      8.581      0.075     2.4613     22.751     48.778  35.928503     0.9181      6.878   265.5686 1.2379e-01    15.3870      8.416     12.207    11.8248   999.5787 0.0000e+00
      8.602      0.073     2.4610     22.748     48.780  35.929554     0.8760      6.877   265.5671 1.2375e-01    15.3913      8.437     12.237    11.8248   999.5788 0.0000e+00
      8.620      0.068     2.4602     22.740     48.797  35.942247     0.8615      6.876   265.9181 1.2365e-01    15.3593      8.454     12.261    11.8252   999.5788 0.0000e+00
      8.635      0.062     2.4595     22.734     48.813  35.955035     0.8807      6.875   266.3711 1.2357e-01    15.3606      8.469     12.283    11.8255   999.5788 0.0000e+00
      8.649      0.057     2.4598     22.737     48.816  35.957230     0.9349      6.875   266.6564 1.2362e-01    15.4393      8.481     12.302    11.8255   999.5789 0.0000e+00
      8.662      0.053     2.4598     22.737     48.832  35.968782     1.0144      6.875   266.2708 1.2370e-01    15.5242      8.495     12.321    11.8253   999.5790 0.0000e+00
      8.676      0.050     2.4597     22.736     48.831  35.967757     1.0517      6.874   265.4078 1.2369e-01    15.5681      8.509     12.342    11.8257   999.5790 0.0000e+00
      8.689      0.048     2.4600     22.739     48.801  35.944833     1.0475      6.873   265.0841 1.2369e-01    15.6086      8.521     12.360    11.8262   999.5790 0.0000e+00
      8.699      0.044     2.4606     22.745     48.802  35.945502     1.0340      6.872   265.4542 1.2370e-01    15.6220      8.531     12.373    11.8265   999.5790 0.0000e+00
      8.710      0.039     2.4610     22.748     48.844  35.975846     1.0093      6.870   265.9255 1.2370e-01    15.5985      8.541     12.387    11.8263   999.5791 0.0000e+00
      8.723      0.035     2.4600     22.739     48.869  35.994354     0.9831      6.870   265.8785 1.2374e-01    15.5871      8.555     12.408    11.8256   999.5793 0.0000e+00
      8.733      0.036     2.4593     22.733     48.848  35.978854     0.9684      6.869   265.4020 1.2369e-01    15.6155      8.567     12.425    11.8253   999.5793 0.0000e+00
      8.736      0.042     2.4589     22.729     48.848  35.978862     0.9713      6.868   265.1540 1.2363e-01    15.6135      8.568     12.427    11.8248   999.5794 0.0000e+00
      8.738      0.048     2.4586     22.726     48.870  35.994457     0.9823      6.868   265.2895 1.2365e-01    15.5310      8.565     12.423    11.8245   999.5794 0.0000e+00
      8.749      0.053     2.4594     22.733     48.847  35.976991     0.9893      6.868   265.5778 1.2366e-01    15.4360      8.573     12.435    11.8247   999.5795 0.0000e+00
      8.773      0.056     2.4590     22.729     48.821  35.958092     0.9870      6.867   265.8001 1.2364e-01    15.3829      8.601     12.476    11.8250   999.5795 0.0000e+00
      8.799      0.058     2.4580     22.720     48.816  35.956374     0.9632      6.865   265.9983 1.2364e-01    15.3805      8.633     12.521    11.8247   999.5797 0.0000e+00
      8.816      0.059     2.4581     22.723     48.811  35.956216     0.9177      6.864   265.9956 1.2364e-01    15.4065      8.650     12.545    11.8238   999.5800 0.0000e+00
      8.824      0.056     2.4574     22.718     48.809  35.956193     0.8797      6.863   265.7672 1.2367e-01    15.4030      8.654     12.552    11.8237   999.5800 0.0000e+00
      8.829      0.050     2.4564     22.708     48.811  35.956098     0.8589      6.863   265.7319 1.2372e-01    15.3707      8.656     12.555    11.8239   999.5799 0.0000e+00
      8.840      0.045     2.4572     22.714     48.812  35.955057     0.8574      6.862   265.9124 1.2374e-01    15.3766      8.666     12.570    11.8251   999.5799 0.0000e+00
      8.857      0.045     2.4591     22.731     48.799  35.943603     0.8689      6.861   266.1436 1.2372e-01    15.4743      8.687     12.599    11.8298   999.5794 0.0000e+00
      8.872      0.047     2.4595     22.733     48.801  35.944563     0.8680      6.860   266.5476 1.2369e-01    15.6019      8.704     12.623    11.8324   999.5792 0.0000e+00
      8.882      0.046     2.4581     22.721     48.831  35.966656     0.8645      6.859   267.0116 1.2366e-01    15.6412      8.711     12.634    11.8298   999.5795 0.0000e+00
      8.891      0.042     2.4581     22.722     48.818  35.956842     0.8701      6.858   267.1085 1.2367e-01    15.6212      8.716     12.642    11.8267   999.5798 0.0000e+00
      8.903      0.039     2.4595     22.735     48.812  35.952845     0.8836      6.857   266.7726 1.2371e-01    15.6553      8.730     12.662    11.8252   999.5801 0.0000e+00
      8.915      0.039     2.4609     22.747     48.852  35.981801     0.9065      6.857   266.3918 1.2369e-01    15.7592      8.747     12.685    11.8247   999.5802 0.0000e+00
      8.921      0.043     2.4627     22.763     48.863  35.989575     0.9213      6.857   266.8053 1.2362e-01    15.8290      8.750     12.691    11.8245   999.5803 0.0000e+00
      8.926      0.047     2.4627     22.763     48.856  35.983367     0.9239      6.856   267.9014 1.2358e-01    15.8109      8.749     12.690    11.8245   999.5803 0.0000e+00
      8.937      0.048     2.4595     22.733     48.838  35.970214     0.9378      6.856   268.4592 1.2361e-01    15.7366      8.760     12.705    11.8250   999.5803 0.0000e+00
      8.957      0.049     2.4567     22.707     48.820  35.957487     0.9685      6.855   268.3876 1.2367e-01    15.6511      8.785     12.741    11.8249   999.5805 0.0000e+00
      8.977      0.051     2.4572     22.711     48.819  35.956432     0.9912      6.854   268.0673 1.2370e-01    15.5961      8.807     12.774    11.8241   999.5806 0.0000e+00
      8.989      0.052     2.4577     22.716     48.821  35.957462     0.9874      6.853   267.6841 1.2365e-01    15.5964      8.817     12.788    11.8232   999.5808 0.0000e+00
      8.996      0.050     2.4557     22.699     48.839  35.969938     0.9310      6.852   267.9701 1.2361e-01    15.5566      8.820     12.792    11.8228   999.5808 0.0000e+00
      9.006      0.049     2.4550     22.691     48.853  35.980333     0.8380      6.852   268.7731 1.2361e-01    15.4429      8.829     12.806    11.8230   999.5809 0.0000e+00
