Data/DataNotYetUploadedToEDI/Raw_CTD/RawDownloads/081519_fcr50_0000.cnv
* Sea-Bird SBE19plus  Data File:
* FileName = C:\DATA\081519_fcr50_0000_0004.hex
* Software version 2.8.0.119 SB_Terminal.dll
* Temperature SN = 7809
* Conductivity SN = 7809
* System UpLoad Time = Aug 15 2019 01:07:29
* <ApplicationData>
* <Seaterm232>
# nquan = 16
# nvalues = 741                         
# units = specified
# name 0 = depFM: Depth [fresh water, m]
# name 1 = dz/dtM: Descent Rate [m/s]
# name 2 = sbeox0Mg/L: Oxygen, SBE 43 [mg/l]
# name 3 = sbeox0PS: Oxygen, SBE 43 [% saturation]
# name 4 = specc: Specific Conductance [uS/cm]
# name 5 = c0uS/cm: Conductivity [uS/cm]
# name 6 = flECO-AFL: Fluorescence, WET Labs ECO-AFL/FL [mg/m^3]
# name 7 = ph: pH
# name 8 = orp: Oxidation Reduction Potential [mV]
# name 9 = par/sat/log: PAR/Logarithmic, Satlantic
# name 10 = turbWETntu0: Turbidity, WET Labs ECO [NTU]
# name 11 = prdM: Pressure, Strain Gauge [db]
# name 12 = prdE: Pressure, Strain Gauge [psi]
# name 13 = tv290C: Temperature [ITS-90, deg C]
# name 14 = density00: Density [density, kg/m^3]
# name 15 = flag:  0.000e+00
# span 0 =     -0.612,      9.513       
# span 1 =     -0.002,      0.212       
# span 2 =     0.1238,    10.9711       
# span 3 =      1.270,    134.846       
# span 4 =      0.839,     67.958       
# span 5 =   0.784811,  52.215565       
# span 6 =    -0.1383,     9.0066       
# span 7 =      6.830,      9.362       
# span 8 =   166.3495,   371.7802       
# span 9 = 1.2357e-01, 5.4079e-01       
# span 10 =    -0.5768,    61.3364      
# span 11 =     -0.600,      9.330      
# span 12 =     -0.871,     13.531      
# span 13 =    11.8031,    27.6815      
# span 14 =   996.3462,   999.5853      
# span 15 = 0.0000e+00, 0.0000e+00      
# interval = seconds: 0.25
# start_time = Aug 15 2019 00:01:10 [Instrument's time stamp, header]
# bad_flag = -9.990e-29
*END*
[from data line 362]
      2.887      0.066     0.4621      5.085     41.397  37.284698     5.3839      7.724   265.6895 1.2377e-01     1.8416      2.830      4.105    20.2812   998.1790 0.0000e+00
      2.904      0.070     0.4529      4.978     41.486  37.309887     5.3642      7.717   266.0328 1.2375e-01     1.7792      2.848      4.132    20.2139   998.1931 0.0000e+00
      2.924      0.073     0.4441      4.874     41.593  37.336326     5.2084      7.710   266.3165 1.2377e-01     1.6827      2.867      4.158    20.1576   998.2049 0.0000e+00
      2.944      0.074     0.4366      4.782     41.692  37.350373     4.9306      7.703   266.6246 1.2377e-01     1.5908      2.885      4.185    20.0888   998.2192 0.0000e+00
      2.966      0.074     0.4276      4.677     41.764  37.352678     4.7794      7.697   267.0045 1.2374e-01     1.5860      2.909      4.220    20.0278   998.2321 0.0000e+00
      2.988      0.075     0.4168      4.553     41.836  37.364109     4.7589      7.690   267.2964 1.2375e-01     1.5922      2.933      4.255    19.9724   998.2435 0.0000e+00
      3.003      0.077     0.4043      4.411     41.899  37.361569     4.6566      7.682   267.4865 1.2379e-01     1.5677      2.947      4.274    19.8818   998.2622 0.0000e+00
      3.016      0.080     0.3881      4.227     41.935  37.321883     4.4701      7.674   267.8405 1.2378e-01     1.5851      2.955      4.286    19.7799   998.2833 0.0000e+00
      3.035      0.085     0.3680      4.000     41.965  37.265028     4.3771      7.666   268.3069 1.2378e-01     1.6054      2.972      4.312    19.7078   998.2980 0.0000e+00
      3.061      0.090     0.3463      3.756     41.976  37.181832     4.3720      7.658   268.5663 1.2384e-01     1.6168      3.002      4.353    19.6542   998.3090 0.0000e+00
      3.088      0.092     0.3232      3.497     41.966  37.077549     4.2615      7.652   268.7392 1.2384e-01     1.5593      3.029      4.393    19.5863   998.3229 0.0000e+00
      3.115      0.090     0.2994      3.232     42.001  37.019629     4.0379      7.647   269.0211 1.2378e-01     1.4015      3.054      4.430    19.5011   998.3402 0.0000e+00
      3.141      0.084     0.2764      2.979     42.050  36.989199     3.9142      7.642   269.2211 1.2377e-01     1.3466      3.082      4.470    19.3999   998.3605 0.0000e+00
      3.164      0.074     0.2552      2.747     42.012  36.899950     3.9099      7.638   269.4362 1.2379e-01     1.3881      3.105      4.503    19.2854   998.3836 0.0000e+00
      3.180      0.068     0.2361      2.538     41.914  36.765629     3.8997      7.633   269.8158 1.2380e-01     1.3776      3.119      4.524    19.1684   998.4068 0.0000e+00
      3.190      0.066     0.2211      2.374     41.827  36.634552     3.8683      7.627   270.1112 1.2380e-01     1.3512      3.129      4.537    19.0582   998.4284 0.0000e+00
      3.200      0.069     0.2119      2.272     41.770  36.521044     3.8426      7.620   270.4269 1.2377e-01     1.3308      3.136      4.548    18.9694   998.4460 0.0000e+00
      3.215      0.075     0.2097      2.245     41.711  36.408698     3.8401      7.613   270.8792 1.2378e-01     1.3287      3.148      4.566    18.9066   998.4582 0.0000e+00
      3.239      0.081     0.2144      2.292     41.644  36.291673     3.8565      7.608   271.2785 1.2383e-01     1.3587      3.175      4.604    18.8584   998.4677 0.0000e+00
      3.267      0.085     0.2238      2.388     41.609  36.185063     3.9369      7.604   271.5551 1.2378e-01     1.3655      3.205      4.648    18.7963   998.4798 0.0000e+00
      3.294      0.085     0.2367      2.520     41.584  36.071671     4.0658      7.600   271.7279 1.2371e-01     1.3455      3.232      4.688    18.7089   998.4968 0.0000e+00
      3.317      0.082     0.2509      2.665     41.531  35.936090     4.1233      7.595   271.9050 1.2369e-01     1.3459      3.255      4.722    18.6346   998.5112 0.0000e+00
      3.335      0.080     0.2653      2.811     41.413  35.751619     4.1213      7.592   272.1475 1.2368e-01     1.3706      3.273      4.746    18.5812   998.5214 0.0000e+00
      3.349      0.079     0.2788      2.949     41.284  35.554857     4.0406      7.588   272.4240 1.2371e-01     1.4798      3.284      4.763    18.4886   998.5391 0.0000e+00
      3.364      0.079     0.2890      3.051     41.274  35.461067     3.8759      7.583   272.7526 1.2373e-01     1.6507      3.296      4.781    18.3628   998.5630 0.0000e+00
      3.385      0.080     0.2976      3.136     41.339  35.442613     3.7867      7.575   273.0228 1.2369e-01     1.7319      3.317      4.811    18.2552   998.5833 0.0000e+00
      3.413      0.080     0.3068      3.226     41.438  35.458588     3.7853      7.568   273.1955 1.2366e-01     1.7745      3.347      4.855    18.1649   998.6004 0.0000e+00
      3.439      0.078     0.3147      3.305     41.664  35.590654     3.8931      7.563   273.3781 1.2367e-01     1.8715      3.376      4.896    18.0590   998.6201 0.0000e+00
      3.458      0.073     0.3200      3.357     42.069  35.896863     4.0932      7.561   273.5104 1.2372e-01     1.9862      3.393      4.921    17.9450   998.6412 0.0000e+00
      3.473      0.066     0.3204      3.358     42.664  36.368148     4.1933      7.559   273.5906 1.2379e-01     2.0474      3.406      4.939    17.8620   998.6566 0.0000e+00
      3.486      0.059     0.3121      3.266     43.377  36.909294     4.2193      7.558   273.7459 1.2380e-01     2.0539      3.418      4.958    17.7823   998.6712 0.0000e+00
      3.499      0.054     0.2945      3.076     44.088  37.425301     4.4682      7.556   274.0108 1.2378e-01     2.0645      3.432      4.977    17.6921   998.6877 0.0000e+00
      3.512      0.054     0.2705      2.820     44.608  37.782906     4.9228      7.551   274.2988 1.2376e-01     2.0773      3.444      4.996    17.6540   998.6948 0.0000e+00
      3.526      0.058     0.2417      2.515     44.718  37.805220     5.1731      7.547   274.5599 1.2373e-01     2.0773      3.458      5.016    17.6379   998.6980 0.0000e+00
      3.539      0.065     0.2107      2.189     44.518  37.568053     5.1962      7.544   274.7586 1.2374e-01     2.0651      3.471      5.034    17.5518   998.7139 0.0000e+00
      3.552      0.072     0.1815      1.882     44.402  37.390859     5.1938      7.539   274.8950 1.2377e-01     2.0940      3.482      5.050    17.4344   998.7352 0.0000e+00
      3.572      0.078     0.1555      1.610     44.567  37.440036     5.1870      7.533   275.0910 1.2373e-01     2.1968      3.500      5.076    17.3405   998.7522 0.0000e+00
      3.597      0.082     0.1370      1.416     44.852  37.591251     5.1929      7.528   275.3219 1.2371e-01     2.2922      3.527      5.115    17.2647   998.7658 0.0000e+00
      3.623      0.086     0.1278      1.318     45.161  37.759118     5.2035      7.522   275.4491 1.2373e-01     2.3297      3.556      5.157    17.1966   998.7778 0.0000e+00
      3.646      0.087     0.1240      1.275     45.577  38.009603     5.1859      7.517   275.5104 1.2369e-01     2.3232      3.578      5.189    17.1062   998.7937 0.0000e+00
      3.666      0.084     0.1238      1.270     46.013  38.271047     5.1440      7.512   275.3747 1.2363e-01     2.2459      3.595      5.215    16.9981   998.8127 0.0000e+00
      3.686      0.079     0.1258      1.287     46.347  38.444420     5.1046      7.506   273.2064 1.2364e-01     2.1488      3.614      5.242    16.9024   998.8294 0.0000e+00
      3.707      0.074     0.1278      1.306     46.784  38.709168     5.0827      7.500   268.4809 1.2365e-01     2.0994      3.634      5.271    16.8056   998.8462 0.0000e+00
      3.727      0.074     0.1301      1.326     47.463  39.186672     5.0614      7.494   264.5273 1.2368e-01     2.0752      3.656      5.302    16.6968   998.8651 0.0000e+00
      3.745      0.079     0.1328      1.351     48.278  39.774081     4.8734      7.488   262.9175 1.2375e-01     2.1175      3.675      5.330    16.5859   998.8842 0.0000e+00
      3.758      0.088     0.1371      1.391     49.568  40.732742     4.5259      7.485   262.2660 1.2377e-01     2.2171      3.685      5.343    16.4682   998.9042 0.0000e+00
      3.775      0.096     0.1419      1.436     51.358  42.079938     4.3355      7.482   261.9848 1.2379e-01     2.2645      3.698      5.362    16.3577   998.9228 0.0000e+00
      3.804      0.101     0.1450      1.465     52.551  42.920475     4.3322      7.472   262.1846 1.2380e-01     2.2640      3.728      5.407    16.2765   998.9367 0.0000e+00
      3.840      0.101     0.1479      1.490     52.994  43.149567     4.4332      7.460   262.2734 1.2373e-01     2.2768      3.767      5.463    16.1994   998.9498 0.0000e+00
      3.876      0.097     0.1512      1.521     53.727  43.643323     4.6122      7.455   261.5954 1.2366e-01     2.2550      3.804      5.517    16.0927   998.9678 0.0000e+00
      3.902      0.091     0.1540      1.546     54.658  44.318578     4.7110      7.448   260.3534 1.2366e-01     2.2310      3.831      5.557    15.9712   998.9885 0.0000e+00
      3.918      0.083     0.1559      1.562     55.244  44.710246     4.7166      7.428   258.9581 1.2372e-01     2.2812      3.844      5.575    15.8349   999.0109 0.0000e+00
      3.928      0.078     0.1581      1.581     55.659  44.949943     4.6803      7.413   257.5455 1.2376e-01     2.3698      3.851      5.584    15.6925   999.0336 0.0000e+00
      3.943      0.078     0.1589      1.585     56.026  45.121122     4.6096      7.408   256.1796 1.2375e-01     2.4505      3.863      5.604    15.6042   999.0481 0.0000e+00
      3.965      0.081     0.1574      1.565     56.396  45.255801     4.5650      7.404   254.2303 1.2369e-01     2.4709      3.886      5.636    15.5430   999.0581 0.0000e+00
      3.991      0.084     0.1581      1.567     56.834  45.435114     4.5740      7.398   251.4423 1.2367e-01     2.4521      3.912      5.674    15.4627   999.0709 0.0000e+00
      4.018      0.084     0.1599      1.580     57.281  45.637921     4.6838      7.391   248.4544 1.2372e-01     2.4530      3.943      5.718    15.3864   999.0832 0.0000e+00
      4.042      0.079     0.1605      1.583     57.658  45.802674     4.8691      7.384   245.0345 1.2373e-01     2.4818      3.968      5.754    15.2814   999.0996 0.0000e+00
      4.061      0.071     0.1615      1.588     57.932  45.902904     4.9592      7.375   240.6364 1.2374e-01     2.5049      3.982      5.775    15.1203   999.1245 0.0000e+00
      4.076      0.063     0.1630      1.601     58.056  45.897104     4.9497      7.369   235.1994 1.2378e-01     2.5028      3.997      5.797    14.9608   999.1488 0.0000e+00
      4.089      0.058     0.1645      1.611     58.225  45.922944     4.9363      7.363   229.9728 1.2374e-01     2.4899      4.011      5.817    14.8289   999.1687 0.0000e+00
      4.099      0.057     0.1647      1.610     58.834  46.278697     4.8412      7.356   226.6566 1.2364e-01     2.5119      4.019      5.829    14.7091   999.1866 0.0000e+00
      4.112      0.059     0.1646      1.605     59.799  46.896091     4.6669      7.349   224.8727 1.2362e-01     2.6050      4.030      5.845    14.6094   999.2014 0.0000e+00
      4.127      0.061     0.1639      1.595     60.728  47.481591     4.5797      7.342   223.4604 1.2370e-01     2.6659      4.046      5.868    14.5259   999.2137 0.0000e+00
      4.146      0.063     0.1629      1.580     61.583  48.023138     4.5757      7.336   222.1429 1.2379e-01     2.6589      4.066      5.897    14.4383   999.2264 0.0000e+00
      4.165      0.064     0.1626      1.575     62.648  48.744038     4.6101      7.329   220.0421 1.2380e-01     2.7159      4.086      5.926    14.3337   999.2417 0.0000e+00
      4.182      0.064     0.1616      1.562     63.946  49.656074     4.6832      7.323   216.3011 1.2374e-01     2.8299      4.103      5.950    14.2096   999.2599 0.0000e+00
      4.197      0.063     0.1594      1.538     65.199  50.539482     4.7228      7.317   212.2724 1.2368e-01     2.8904      4.116      5.970    14.0851   999.2778 0.0000e+00
      4.210      0.063     0.1573      1.516     66.123  51.167963     4.7252      7.312   209.6182 1.2370e-01     2.8904      4.129      5.988    13.9819   999.2924 0.0000e+00
      4.225      0.063     0.1562      1.503     66.719  51.538193     4.7381      7.305   208.2151 1.2375e-01     2.9293      4.143      6.007    13.8976   999.3045 0.0000e+00
      4.241      0.064     0.1547      1.487     67.315  51.903294     4.7571      7.297   206.8366 1.2380e-01     3.0328      4.158      6.031    13.8223   999.3154 0.0000e+00
      4.259      0.066     0.1527      1.465     67.848  52.215565     4.7650      7.288   204.3939 1.2383e-01     3.0929      4.177      6.058    13.7544   999.3252 0.0000e+00
      4.277      0.067     0.1523      1.459     67.958  52.201107     4.7729      7.280   200.7932 1.2378e-01     3.0993      4.195      6.084    13.6899   999.3343 0.0000e+00
      4.295      0.068     0.1513      1.447     67.297  51.601323     4.7916      7.272   196.6834 1.2371e-01     3.1426      4.212      6.109    13.6215   999.3437 0.0000e+00
      4.312      0.069     0.1483      1.416     65.460  50.108758     4.8174      7.263   192.6464 1.2373e-01     3.2564      4.229      6.134    13.5510   999.3535 0.0000e+00
      4.328      0.070     0.1466      1.397     62.583  47.810911     4.8254      7.254   189.4099 1.2379e-01     3.3284      4.244      6.155    13.4766   999.3637 0.0000e+00
      4.345      0.072     0.1475      1.403     59.524  45.348933     4.8182      7.247   187.3199 1.2385e-01     3.3248      4.260      6.180    13.4015   999.3738 0.0000e+00
      4.363      0.074     0.1484      1.408     57.062  43.330357     4.8166      7.240   185.7892 1.2386e-01     3.2449      4.279      6.207    13.3315   999.3828 0.0000e+00
      4.383      0.075     0.1494      1.413     54.659  41.374857     4.8057      7.227   184.4964 1.2372e-01     3.0503      4.297      6.233    13.2721   999.3900 0.0000e+00
      4.405      0.075     0.1506      1.421     52.222  39.419081     4.7908      7.217   183.1314 1.2358e-01     2.9049      4.320      6.265    13.2052   999.3978 0.0000e+00
      4.426      0.071     0.1503      1.416     50.925  38.348285     4.7754      7.212   181.6751 1.2360e-01     2.8640      4.342      6.296    13.0932   999.4110 0.0000e+00
      4.445      0.065     0.1493      1.404     50.403  37.887096     4.7241      7.210   180.4830 1.2372e-01     2.8507      4.359      6.322    12.9573   999.4276 0.0000e+00
      4.462      0.060     0.1482      1.392     49.903  37.461112     4.6384      7.208   179.2999 1.2379e-01     2.8759      4.378      6.348    12.8353   999.4422 0.0000e+00
      4.475      0.056     0.1477      1.386     49.524  37.133351     4.5799      7.207   178.2115 1.2379e-01     2.8738      4.391      6.369    12.7309   999.4540 0.0000e+00
      4.484      0.054     0.1491      1.398     49.114  36.780580     4.5635      7.207   177.4762 1.2382e-01     2.8247      4.396      6.376    12.6401   999.4649 0.0000e+00
      4.495      0.055     0.1530      1.433     48.716  36.432993     4.5520      7.208   176.5180 1.2378e-01     2.8068      4.406      6.390    12.5723   999.4732 0.0000e+00
      4.510      0.058     0.1616      1.510     48.523  36.231353     4.4591      7.210   175.1444 1.2372e-01     2.7893      4.423      6.415    12.5302   999.4780 0.0000e+00
      4.526      0.063     0.1814      1.692     48.463  36.119774     4.2896      7.213   173.9456 1.2369e-01     2.7434      4.438      6.438    12.4894   999.4830 0.0000e+00
      4.543      0.068     0.2237      2.084     48.443  36.035932     4.2016      7.218   172.8646 1.2368e-01     2.7114      4.455      6.461    12.4416   999.4887 0.0000e+00
