Data/DataNotYetUploadedToEDI/Raw_CTD/RawDownloads/081524_ccr88_S8188006.cnv
* Sea-Bird SBE19plus  Data File:
* FileName = C:\R\Reservoirs\Data\DataNotYetUploadedToEDI\Raw_CTD\RawDownloads\081424_ccr50_S8188_0006.hex
* Software version 2.8.0.119
* Temperature SN = 8188
* Conductivity SN = 8188
* System UpLoad Time = Aug 16 2024 10:38:08
* <ApplicationData>
* <Seaterm232>
# nquan = 16
# nvalues = 776                         
# units = specified
# name 0 = depFM: Depth [fresh water, m]
# name 1 = dz/dtM: Descent Rate [m/s]
# name 2 = sbeox0Mg/L: Oxygen, SBE 43 [mg/l]
# name 3 = sbeox0PS: Oxygen, SBE 43 [% saturation]
# name 4 = specc: Specific Conductance [uS/cm]
# name 5 = c0uS/cm: Conductivity [uS/cm]
# name 6 = wetCDOM: Fluorescence, WET Labs CDOM [mg/m^3]
# name 7 = flECO-AFL: Fluorescence, WET Labs ECO-AFL/FL [mg/m^3]
# name 8 = flECO-AFL1: Fluorescence, WET Labs ECO-AFL/FL, 2 [mg/m^3]
# name 9 = flECO-AFL2: Fluorescence, WET Labs ECO-AFL/FL, 3 [mg/m^3]
# name 10 = par/sat/log: PAR/Logarithmic, Satlantic
# name 11 = turbWETntu0: Turbidity, WET Labs ECO [NTU]
# name 12 = prdM: Pressure, Strain Gauge [db]
# name 13 = prdE: Pressure, Strain Gauge [psi]
# name 14 = tv290C: Temperature [ITS-90, deg C]
# name 15 = flag:  0.000e+00
# span 0 =     -0.429,      9.806       
# span 1 =     -0.345,      0.247       
# span 2 =     2.7464,     9.8342       
# span 3 =     26.589,    115.807       
# span 4 =   -640.174,    126.659       
# span 5 =-486.333545, 124.994895       
# span 6 =    -4.5000,    29.1600       
# span 7 =    -0.3952,   245.1415       
# span 8 =    -2.1300,     0.6390       
# span 9 =    -4.1031,     4.7376       
# span 10 = 9.0716e-01, 1.7746e+03      
# span 11 =    -0.9289,   971.1096      
# span 12 =     -0.420,      9.617      
# span 13 =     -0.610,     13.948      
# span 14 =    12.9743,    28.2550      
# span 15 = 0.0000e+00, 0.0000e+00      
# interval = seconds: 0.25
# start_time = Aug 15 2024 15:50:35 [Instrument's time stamp, header]
# bad_flag = -9.990e-29
*END*
[from data line 543]
      9.707      0.019     3.4274     32.749   -241.431-183.415763    28.3500     1.2490     0.1704     0.2538 1.2367e+00     7.3494      9.520     13.807    12.9826 0.0000e+00
      9.712      0.021     3.4252     32.865   -486.794-369.813160    28.3500     1.2375     0.1704     0.2538 1.2302e+00     7.2739      9.524     13.814    12.9810 0.0000e+00
      9.718      0.022     3.4302     32.978   -640.174-486.333545    28.3500     1.2566     0.1704     0.2538 1.2148e+00     7.3645      9.530     13.822    12.9795 0.0000e+00
      9.724      0.023     3.4397     33.080   -486.876-369.879216    28.3500     1.2642     0.1704     0.2538 1.2004e+00     7.2739      9.536     13.831    12.9781 0.0000e+00
      9.731      0.023     3.4514     33.166   -241.559-183.519533    28.1700     1.3291     0.1278     0.2538 1.1652e+00     8.0594      9.543     13.840    12.9768 0.0000e+00
      9.737      0.022     3.4638     33.235    -94.357 -71.692419    28.1700     1.3214     0.1278     0.2538 1.1379e+00     7.9839      9.549     13.850    12.9757 0.0000e+00
      9.743      0.020     3.4758     33.291     -6.011  -4.573315    28.1700     1.2947     0.1278     0.2538 1.1566e+00     8.0594      9.555     13.858    12.9748 0.0000e+00
      9.748      0.018     3.4865     33.340     47.023  35.722221    28.1700     1.3405     0.1278     0.2538 1.1604e+00     8.0141      9.559     13.865    12.9743 0.0000e+00
      9.752      0.014     3.4955     33.385     78.828  59.891712    28.1700     1.2375     0.1278     0.2538 1.1377e+00     9.9931      9.563     13.871    12.9744 0.0000e+00
      9.755      0.011     3.5026     33.425     97.868  74.364371    28.0800     1.2375     0.1278     0.1692 1.1298e+00     9.9175      9.567     13.876    12.9755 0.0000e+00
      9.758      0.007     3.5084     33.460    109.291  83.047530    28.0800     1.2566     0.1278     0.1692 1.1135e+00     9.9326      9.569     13.879    12.9775 0.0000e+00
      9.759      0.004     3.5133     33.492    116.183  88.286666    28.0800     1.2375     0.1278     0.1692 1.1132e+00     9.8571      9.570     13.881    12.9804 0.0000e+00
      9.760      0.001     3.5177     33.522    120.333  91.440922    28.0800     1.5122     0.1278     0.1692 1.1152e+00    35.7646      9.571     13.882    12.9838 0.0000e+00
      9.759     -0.003     3.5217     33.549    122.801  93.315466    28.3500     1.4931     0.1278     0.2538 1.1110e+00    35.8553      9.570     13.881    12.9870 0.0000e+00
      9.758     -0.007     3.5253     33.566    124.279  94.438150    28.3500     1.5084     0.1278     0.2538 1.1144e+00    35.7797      9.569     13.879    12.9894 0.0000e+00
      9.756     -0.011     3.5285     33.566    125.200  95.138326    28.3500     1.5351     0.1278     0.2538 1.0820e+00    35.6589      9.567     13.877    12.9907 0.0000e+00
      9.753     -0.016     3.5316     33.546    125.781  95.580729    28.3500     1.9432     0.1278     0.2538 1.1084e+00    64.2856      9.564     13.873    12.9912 0.0000e+00
      9.749     -0.022     3.5344     33.507    126.144  95.857360    29.1600     1.9280     0.2130     0.2961 1.1149e+00    64.3762      9.560     13.867    12.9912 0.0000e+00
      9.743     -0.029     3.5362     33.454    126.380  96.037991    29.1600     1.9432     0.2130     0.2961 1.1188e+00    64.3460      9.555     13.859    12.9911 0.0000e+00
      9.736     -0.039     3.5362     33.394    126.520  96.146813    29.1600     1.9204     0.2130     0.2961 1.1118e+00    64.3762      9.548     13.848    12.9911 0.0000e+00
      9.726     -0.051     3.5341     33.337    126.576  96.192863    29.1600     2.0424     0.2130     0.2961 1.1273e+00    80.8422      9.538     13.834    12.9915 0.0000e+00
      9.713     -0.066     3.5299     33.297    126.591  96.208404    29.1600     2.0806     0.2130     0.2961 1.1195e+00    80.8724      9.525     13.815    12.9921 0.0000e+00
      9.696     -0.085     3.5243     33.278    126.602  96.223555    29.1600     2.0653     0.1704     0.3384 1.1057e+00    80.7667      9.509     13.791    12.9927 0.0000e+00
      9.674     -0.107     3.5179     33.282    126.600  96.232365    29.1600     2.0501     0.1704     0.3384 1.0848e+00    80.8422      9.487     13.760    12.9936 0.0000e+00
      9.646     -0.132     3.5118     33.312    126.550  96.207213    29.1600     1.3748     0.1704     0.3384 1.1404e+00    33.4231      9.459     13.720    12.9948 0.0000e+00
      9.610     -0.158     3.5074     33.371    126.474  96.159377    29.1600     1.3901     0.1704     0.3384 1.1627e+00    33.3023      9.424     13.668    12.9967 0.0000e+00
      9.565     -0.184     3.5052     33.458    126.419  96.122055    28.9800     1.3863     0.1704     0.2961 1.4095e+00    33.4533      9.380     13.605    12.9994 0.0000e+00
      9.512     -0.206     3.5053     33.579    126.379  96.091290    28.9800     1.3939     0.1704     0.2961 1.5590e+00    33.3325      9.328     13.530    13.0034 0.0000e+00
      9.453     -0.224     3.5081     33.739    126.319  96.042894    28.9800     0.8866     0.1704     0.2961 1.7792e+00     6.0956      9.271     13.446    13.0084 0.0000e+00
      9.391     -0.238     3.5140     33.939    126.252  95.989936    28.9800     0.8866     0.1704     0.2961 2.0783e+00     6.1409      9.210     13.358    13.0124 0.0000e+00
      9.327     -0.247     3.5230     34.180    126.189  95.942269    28.1700     0.8980     0.1704     0.1692 2.1593e+00     6.0201      9.147     13.267    13.0142 0.0000e+00
      9.263     -0.253     3.5358     34.460    126.116  95.889180    28.1700     0.8675     0.1704     0.1692 2.3467e+00     6.1107      9.084     13.175    13.0140 0.0000e+00
      9.198     -0.258     3.5527     34.777    126.048  95.842488    28.1700     0.7607     0.1704     0.1692 2.5710e+00     4.6756      9.021     13.083    13.0130 0.0000e+00
      9.133     -0.263     3.5738     35.130    125.983  95.799731    28.1700     0.7569     0.1704     0.1692 2.6591e+00     4.7511      8.956     12.990    13.0122 0.0000e+00
      9.065     -0.266     3.5992     35.522    125.928  95.767490    27.5400     0.7492     0.1278     0.2115 3.0446e+00     4.6756      8.890     12.894    13.0123 0.0000e+00
      8.996     -0.270     3.6286     35.958    125.923  95.775130    27.5400     0.7607     0.1278     0.2115 3.5540e+00     4.7662      8.822     12.795    13.0133 0.0000e+00
      8.926     -0.274     3.6618     36.435    125.947  95.806708    27.5400     0.6310     0.1278     0.2115 3.8482e+00     3.4973      8.753     12.695    13.0151 0.0000e+00
      8.855     -0.278     3.6987     36.939    125.950  95.824689    27.5400     0.6348     0.1278     0.2115 4.1667e+00     3.4067      8.684     12.595    13.0179 0.0000e+00
      8.785     -0.280     3.7397     37.441    125.937  95.833870    27.5400     0.6157     0.1278     0.2115 4.3698e+00     3.4369      8.615     12.495    13.0215 0.0000e+00
      8.713     -0.282     3.7852     37.902    125.948  95.864672    27.3600     0.6653     0.1278     0.1269 4.8166e+00     3.3915      8.545     12.393    13.0261 0.0000e+00
      8.640     -0.283     3.8350     38.289    125.970  95.907328    27.3600     0.5242     0.1278     0.1269 5.6791e+00     3.2707      8.473     12.289    13.0314 0.0000e+00
      8.567     -0.284     3.8875     38.576    125.954  95.923262    27.3600     0.5165     0.1278     0.1269 6.2461e+00     3.2405      8.401     12.185    13.0378 0.0000e+00
      8.494     -0.285     3.9396     38.750    125.895  95.910731    27.3600     0.5051     0.1278     0.1269 6.7544e+00     3.3160      8.330     12.081    13.0454 0.0000e+00
      8.422     -0.287     3.9873     38.816    125.841  95.908352    27.4500     0.5470     0.1278     0.1692 7.1563e+00     3.2405      8.259     11.978    13.0541 0.0000e+00
      8.350     -0.289     4.0271     38.818    125.824  95.939469    27.4500     0.5165     0.1278     0.1692 7.4031e+00     2.7420      8.188     11.876    13.0642 0.0000e+00
      8.277     -0.291     4.0564     38.816    125.823  95.988406    27.4500     0.5470     0.1278     0.1692 8.2599e+00     2.7420      8.117     11.772    13.0756 0.0000e+00
      8.202     -0.295     4.0735     38.869    125.834  96.052230    27.4500     0.5585     0.1278     0.1692 9.4020e+00     2.8628      8.043     11.666    13.0885 0.0000e+00
      8.125     -0.298     4.0791     39.017    125.866  96.137972    27.3600     0.5280     0.1278     0.1692 1.0289e+01     2.7571      7.968     11.557    13.1036 0.0000e+00
      8.048     -0.302     4.0776     39.281    125.881  96.220546    27.3600     0.6577     0.1278     0.1692 1.1260e+01     2.4398      7.893     11.447    13.1213 0.0000e+00
      7.971     -0.306     4.0756     39.666    125.864  96.292002    27.3600     0.6386     0.1278     0.1692 1.2254e+01     2.5758      7.817     11.338    13.1411 0.0000e+00
      7.894     -0.310     4.0791     40.173    125.848  96.379391    27.3600     0.6386     0.1278     0.1692 1.2542e+01     2.5456      7.741     11.227    13.1630 0.0000e+00
      7.815     -0.313     4.0923     40.789    125.827  96.482042    27.4500     0.6500     0.1704     0.2961 1.4073e+01     2.4852      7.664     11.115    13.1875 0.0000e+00
      7.734     -0.317     4.1173     41.487    125.816  96.611348    27.4500     0.8065     0.1704     0.2961 1.6123e+01     2.3190      7.584     11.000    13.2157 0.0000e+00
      7.652     -0.321     4.1545     42.244    125.859  96.805791    27.4500     0.8370     0.1704     0.2961 1.7012e+01     2.3341      7.504     10.883    13.2490 0.0000e+00
      7.569     -0.325     4.2038     43.039    125.958  97.075269    27.4500     0.8370     0.1704     0.2961 1.8842e+01     2.2586      7.423     10.765    13.2888 0.0000e+00
      7.485     -0.328     4.2637     43.837    126.065  97.397733    27.4500     0.8103     0.1704     0.2961 2.0264e+01     2.3341      7.341     10.647    13.3357 0.0000e+00
      7.402     -0.331     4.3313     44.584    126.159  97.771263    27.7200     1.3062     0.1704     0.2961 2.0986e+01     2.5909      7.259     10.528    13.3905 0.0000e+00
      7.318     -0.333     4.4040     45.214    126.281  98.241526    27.7200     1.3329     0.1704     0.2961 2.2827e+01     2.4398      7.176     10.408    13.4544 0.0000e+00
      7.232     -0.336     4.4792     45.667    126.412  98.814043    27.7200     1.3024     0.1704     0.2961 2.4900e+01     2.5456      7.093     10.287    13.5310 0.0000e+00
      7.146     -0.339     4.5526     45.915    126.511  99.471647    27.7200     1.3214     0.1704     0.2961 2.6102e+01     2.5305      7.008     10.164    13.6263 0.0000e+00
      7.060     -0.341     4.6180     45.973    126.561 100.207872    27.8100     1.3024     0.1704     0.5076 2.8411e+01     2.4096      6.923     10.041    13.7456 0.0000e+00
      6.972     -0.344     4.6681     45.928    126.533 100.995250    27.8100     2.2370     0.1704     0.5076 2.9834e+01     2.3039      6.838      9.917    13.8943 0.0000e+00
      6.884     -0.345     4.6959     45.941    126.400 101.803961    27.8100     2.2408     0.1704     0.5076 3.2963e+01     2.3039      6.751      9.792    14.0808 0.0000e+00
      6.795     -0.345     4.6979     46.233    126.142 102.605872    27.8100     2.2522     0.1704     0.5076 3.7027e+01     2.2737      6.664      9.665    14.3107 0.0000e+00
      6.706     -0.344     4.6755     47.042    125.841 103.454973    27.9000     2.2484     0.2130     0.8037 3.9910e+01     2.1981      6.577      9.538    14.5869 0.0000e+00
      6.618     -0.342     4.6377     48.549    125.575 104.425827    27.9000     3.2899     0.2130     0.8037 4.4762e+01     1.8809      6.490      9.413    14.9086 0.0000e+00
      6.531     -0.338     4.6013     50.823    125.217 105.423580    27.9000     3.2822     0.2130     0.8037 4.9263e+01     1.8809      6.405      9.290    15.2721 0.0000e+00
      6.446     -0.334     4.5882     53.826    124.768 106.406533    27.9000     3.2593     0.2130     0.8037 5.3889e+01     1.8507      6.321      9.168    15.6742 0.0000e+00
      6.361     -0.328     4.6217     57.426    124.385 107.480939    27.9000     3.3013     0.2130     0.8037 6.5245e+01     1.8205      6.238      9.047    16.1105 0.0000e+00
      6.277     -0.322     4.7180     61.475    123.932 108.553523    27.2700     5.2239     0.1704     1.0575 7.0431e+01     1.6090      6.156      8.928    16.5859 0.0000e+00
      6.195     -0.314     4.8816     65.914    123.263 109.444561    27.2700     5.2316     0.1704     1.0575 7.3640e+01     1.5486      6.075      8.811    17.1058 0.0000e+00
      6.115     -0.306     5.1083     70.788    122.538 110.171819    27.2700     5.2430     0.1704     1.0575 7.8413e+01     1.6996      5.997      8.697    17.6528 0.0000e+00
      6.038     -0.295     5.3850     76.165    121.876 110.781338    27.2700     5.2278     0.1704     1.0575 8.2449e+01     1.5637      5.921      8.588    18.2172 0.0000e+00
      5.964     -0.284     5.6944     82.069    121.303 111.291744    26.2800    12.9183     0.0852     2.4111 8.4719e+01     2.2435      5.848      8.482    18.8103 0.0000e+00
      5.892     -0.273     6.0326     88.360    120.887 111.785201    26.2800    12.9259     0.0852     2.4111 9.1077e+01     2.0320      5.779      8.381    19.4108 0.0000e+00
      5.824     -0.262     6.4086     94.701    120.609 112.301345    26.2800    12.9336     0.0852     2.4111 9.5102e+01     2.0773      5.712      8.284    19.9689 0.0000e+00
      5.760     -0.253     6.8313    100.661    120.441 112.877860    26.2800    12.9259     0.0852     2.4111 9.5412e+01     2.0622      5.649      8.193    20.4604 0.0000e+00
      5.699     -0.247     7.3036    105.814    120.339 113.534527    24.5700    15.4894     0.0852     2.2419 9.6664e+01     2.1679      5.589      8.106    20.8822 0.0000e+00
      5.638     -0.243     7.8125    109.882    120.191 114.184533    24.5700    15.4818     0.0852     2.2419 1.0087e+02     2.1679      5.530      8.020    21.2409 0.0000e+00
      5.578     -0.241     8.3258    112.813    120.008 114.789284    24.5700    15.4475     0.0852     2.2419 1.0673e+02     2.1226      5.470      7.933    21.5584 0.0000e+00
      5.516     -0.242     8.8026    114.682    119.885 115.404097    24.5700    15.4971     0.0852     2.2419 1.0891e+02     1.9715      5.410      7.846    21.8605 0.0000e+00
      5.455     -0.242     9.2021    115.621    119.831 116.046961    23.3100     9.0730     0.0852     0.5922 1.1432e+02     1.6241      5.350      7.759    22.1722 0.0000e+00
      5.392     -0.242     9.5001    115.807    119.808 116.687345    23.3100     9.0730     0.0852     0.5922 1.2541e+02     1.6392      5.288      7.670    22.5000 0.0000e+00
      5.329     -0.241     9.6975    115.417    119.796 117.308050    23.3100     9.0540     0.0852     0.5922 1.3380e+02     1.6392      5.226      7.580    22.8235 0.0000e+00
      5.267     -0.238     9.8049    114.585    119.717 117.850615    23.3100     9.0845     0.0852     0.5922 1.3611e+02     1.6090      5.165      7.492    23.1283 0.0000e+00
      5.207     -0.235     9.8342    113.445    119.512 118.263744    23.3100     3.3013     0.0852     0.5922 1.4056e+02     1.2011      5.106      7.406    23.4175 0.0000e+00
      5.147     -0.231     9.8014    112.136    119.198 118.553622    22.2300     3.2822     0.0852     0.5922 1.4857e+02     1.1558      5.048      7.322    23.6936 0.0000e+00
      5.089     -0.227     9.7219    110.762    118.841 118.771577    22.2300     3.2860     0.0852     0.5922 1.5467e+02     1.0803      4.990      7.238    23.9579 0.0000e+00
      5.032     -0.224     9.6066    109.365    118.511 118.991755    22.2300     3.2975     0.0852     0.5922 1.5473e+02     1.0349      4.935      7.158    24.2175 0.0000e+00
