Data/DataNotYetUploadedToEDI/Raw_CTD/RawDownloads/081519_fcr50_0900.cnv
* Sea-Bird SBE19plus  Data File:
* FileName = C:\DATA\081519_fcr50b_0003.hex
* Software version 2.8.0.119 SB_Terminal.dll
* Temperature SN = 7809
* Conductivity SN = 7809
* System UpLoad Time = Aug 15 2019 15:10:21
* <ApplicationData>
* <Seaterm232>
# nquan = 16
# nvalues = 1438                        
# units = specified
# name 0 = depFM: Depth [fresh water, m]
# name 1 = dz/dtM: Descent Rate [m/s]
# name 2 = sbeox0Mg/L: Oxygen, SBE 43 [mg/l]
# name 3 = sbeox0PS: Oxygen, SBE 43 [% saturation]
# name 4 = specc: Specific Conductance [uS/cm]
# name 5 = c0uS/cm: Conductivity [uS/cm]
# name 6 = flECO-AFL: Fluorescence, WET Labs ECO-AFL/FL [mg/m^3]
# name 7 = ph: pH
# name 8 = orp: Oxidation Reduction Potential [mV]
# name 9 = par/sat/log: PAR/Logarithmic, Satlantic
# name 10 = turbWETntu0: Turbidity, WET Labs ECO [NTU]
# name 11 = prdM: Pressure, Strain Gauge [db]
# name 12 = prdE: Pressure, Strain Gauge [psi]
# name 13 = tv290C: Temperature [ITS-90, deg C]
# name 14 = density00: Density [density, kg/m^3]
# name 15 = flag:  0.000e+00
# span 0 =     -0.600,      9.573       
# span 1 =     -0.023,      0.161       
# span 2 =     0.0815,    10.1504       
# span 3 =      0.766,    126.247       
# span 4 =      1.070,     67.700       
# span 5 =   1.036429,  52.041605       
# span 6 =    -1.1577,     8.0697       
# span 7 =      6.773,      9.398       
# span 8 =   173.7625,   489.0385       
# span 9 = 1.2356e-01, 9.7330e+02       
# span 10 =    -1.4608,    44.7925      
# span 11 =     -0.588,      9.389      
# span 12 =     -0.853,     13.618      
# span 13 =    11.8217,    26.5365      
# span 14 =   996.6602,   999.5834      
# span 15 = 0.0000e+00, 0.0000e+00      
# interval = seconds: 0.25
# start_time = Aug 15 2019 09:04:34 [Instrument's time stamp, header]
# bad_flag = -9.990e-29
*END*
[from data line 814]
      2.575      0.035     0.2195      2.517     39.272  37.006493     5.5770      7.730   283.2225 1.5906e+01     2.1265      2.527      3.664    22.1738   997.7625 0.0000e+00
      2.582      0.039     0.2162      2.477     39.422  37.106317     5.5679      7.725   283.9366 1.5756e+01     2.1195      2.531      3.670    22.2040   997.7556 0.0000e+00
      2.592      0.049     0.2132      2.438     39.657  37.263311     5.5661      7.718   284.7389 1.5585e+01     2.1225      2.541      3.686    22.1969   997.7572 0.0000e+00
      2.602      0.063     0.2103      2.398     39.973  37.444694     5.5376      7.710   285.2660 1.5480e+01     2.0984      2.552      3.703    22.1507   997.7679 0.0000e+00
      2.612      0.074     0.2061      2.341     40.225  37.521936     5.4744      7.706   285.4047 1.5257e+01     2.0897      2.556      3.708    22.1144   997.7762 0.0000e+00
      2.633      0.081     0.1997      2.261     40.345  37.498786     5.4261      7.704   285.4702 1.4669e+01     2.0834      2.572      3.731    22.0651   997.7876 0.0000e+00
      2.672      0.086     0.1902      2.150     40.472  37.545444     5.3961      7.703   285.7141 1.4044e+01     2.0873      2.623      3.805    22.0019   997.8022 0.0000e+00
      2.705      0.090     0.1753      1.980     40.817  37.832076     5.2594      7.700   286.1164 1.3790e+01     2.0381      2.663      3.863    21.8644   997.8336 0.0000e+00
      2.720      0.092     0.1566      1.767     41.364  38.298358     5.0128      7.697   286.5488 1.3701e+01     1.8819      2.668      3.868    21.6209   997.8884 0.0000e+00
      2.731      0.087     0.1393      1.569     41.795  38.612786     4.8768      7.694   286.8115 1.3470e+01     1.7723      2.673      3.876    21.4291   997.9310 0.0000e+00
      2.752      0.078     0.1269      1.424     41.974  38.650209     4.8721      7.692   286.8831 1.3092e+01     1.7616      2.696      3.909    21.3647   997.9453 0.0000e+00
      2.780      0.069     0.1185      1.327     42.011  38.560224     4.9303      7.690   286.8987 1.2688e+01     1.7861      2.727      3.954    21.3402   997.9509 0.0000e+00
      2.806      0.062     0.1116      1.247     42.011  38.476805     5.0425      7.687   286.9999 1.2419e+01     1.8388      2.755      3.997    21.3106   997.9579 0.0000e+00
      2.822      0.055     0.1056      1.178     42.049  38.466709     5.1108      7.684   287.2468 1.2332e+01     1.8740      2.772      4.021    21.2148   997.9790 0.0000e+00
      2.828      0.048     0.1026      1.145     42.043  38.438099     5.1145      7.681   287.5608 1.2309e+01     1.8517      2.774      4.024    21.0305   998.0192 0.0000e+00
      2.830      0.046     0.1031      1.150     41.947  38.321284     5.1220      7.677   287.8710 1.2261e+01     1.8304      2.774      4.024    20.8668   998.0547 0.0000e+00
      2.834      0.052     0.1051      1.171     41.864  38.196886     5.1494      7.673   288.1585 1.2152e+01     1.8462      2.777      4.027    20.7710   998.0752 0.0000e+00
      2.847      0.065     0.1065      1.184     41.714  38.013073     5.1682      7.669   288.3696 1.1940e+01     1.8790      2.788      4.043    20.7263   998.0849 0.0000e+00
      2.868      0.080     0.1063      1.181     41.550  37.812640     5.1671      7.664   288.2724 1.1645e+01     1.8991      2.811      4.077    20.7092   998.0886 0.0000e+00
      2.896      0.090     0.1073      1.189     41.652  37.804681     5.1194      7.660   287.5003 1.1311e+01     1.9247      2.839      4.118    20.6914   998.0925 0.0000e+00
      2.926      0.094     0.1116      1.233     41.905  37.916703     5.0330      7.657   286.4327 1.0951e+01     1.9932      2.869      4.160    20.6119   998.1095 0.0000e+00
      2.956      0.091     0.1191      1.313     42.037  37.960864     4.9900      7.655   285.6889 1.0637e+01     2.0382      2.902      4.209    20.5463   998.1236 0.0000e+00
      2.981      0.086     0.1297      1.428     41.982  37.830720     4.9889      7.652   285.1320 1.0466e+01     2.0437      2.928      4.247    20.5367   998.1256 0.0000e+00
      2.997      0.079     0.1431      1.570     41.902  37.612575     4.9683      7.649   284.5172 1.0375e+01     2.0588      2.940      4.264    20.3900   998.1567 0.0000e+00
      3.009      0.069     0.1564      1.709     42.020  37.544776     4.7749      7.646   283.7619 1.0234e+01     2.0243      2.949      4.277    20.1980   998.1971 0.0000e+00
      3.026      0.059     0.1654      1.802     42.200  37.582028     4.4276      7.644   283.2269 9.9993e+00     1.9218      2.964      4.299    20.1500   998.2072 0.0000e+00
      3.048      0.052     0.1684      1.832     42.249  37.555011     4.2375      7.642   283.0399 9.7802e+00     1.8681      2.991      4.339    20.0923   998.2192 0.0000e+00
      3.066      0.047     0.1656      1.799     42.216  37.471930     4.2282      7.638   282.9628 9.7139e+00     1.8987      3.012      4.369    19.8931   998.2603 0.0000e+00
      3.071      0.046     0.1585      1.721     42.181  37.402621     4.3063      7.634   283.0697 9.7236e+00     1.9321      3.012      4.368    19.6388   998.3122 0.0000e+00
      3.073      0.048     0.1495      1.621     42.161  37.351711     4.4446      7.631   283.2140 9.6737e+00     1.9113      3.011      4.366    19.4938   998.3416 0.0000e+00
      3.081      0.053     0.1402      1.518     42.193  37.300671     4.5222      7.628   283.2448 9.5457e+00     1.8773      3.019      4.379    19.4450   998.3513 0.0000e+00
      3.096      0.062     0.1311      1.415     42.345  37.293207     4.5418      7.626   283.2695 9.3563e+00     1.8804      3.033      4.399    19.3693   998.3665 0.0000e+00
      3.116      0.073     0.1238      1.331     42.422  37.197792     4.5866      7.625   283.3404 9.1354e+00     1.8841      3.055      4.431    19.3202   998.3764 0.0000e+00
      3.141      0.082     0.1203      1.289     42.262  36.908499     4.6478      7.624   283.5004 8.9264e+00     1.8566      3.080      4.468    19.3170   998.3772 0.0000e+00
      3.165      0.087     0.1193      1.274     42.110  36.651558     4.6740      7.622   283.8269 8.7417e+00     1.8095      3.105      4.503    19.2323   998.3941 0.0000e+00
      3.189      0.088     0.1207      1.286     42.047  36.503001     4.6777      7.620   284.1911 8.5568e+00     1.8063      3.127      4.535    19.0385   998.4325 0.0000e+00
      3.211      0.085     0.1234      1.311     42.060  36.445133     4.6583      7.618   284.4622 8.3762e+00     1.8510      3.148      4.566    18.8276   998.4738 0.0000e+00
      3.231      0.080     0.1259      1.336     42.232  36.523055     4.6129      7.615   284.8675 8.2166e+00     1.8589      3.168      4.595    18.6512   998.5077 0.0000e+00
      3.252      0.074     0.1298      1.376     42.435  36.619906     4.5885      7.612   285.3059 8.0526e+00     1.8363      3.189      4.625    18.5033   998.5361 0.0000e+00
      3.273      0.067     0.1363      1.442     42.570  36.663954     4.5887      7.610   285.4611 7.8894e+00     1.8398      3.211      4.658    18.3872   998.5581 0.0000e+00
      3.290      0.059     0.1426      1.506     42.660  36.674689     4.6153      7.609   285.6255 7.7765e+00     1.9003      3.230      4.683    18.3257   998.5698 0.0000e+00
      3.302      0.050     0.1446      1.525     42.651  36.622677     4.6673      7.606   285.9168 7.6934e+00     1.9450      3.238      4.697    18.2444   998.5852 0.0000e+00
      3.313      0.043     0.1427      1.505     42.418  36.415858     4.6970      7.605   286.0576 7.6200e+00     1.9213      3.249      4.713    18.1343   998.6059 0.0000e+00
      3.323      0.041     0.1385      1.461     42.024  36.078252     4.6972      7.604   286.1240 7.5896e+00     1.9089      3.262      4.730    18.0630   998.6192 0.0000e+00
      3.328      0.043     0.1335      1.408     41.788  35.841281     4.6874      7.601   286.2887 7.5624e+00     1.9598      3.263      4.733    17.9738   998.6357 0.0000e+00
      3.333      0.047     0.1282      1.349     41.869  35.835604     4.6302      7.599   286.5007 7.4827e+00     2.0450      3.265      4.735    17.9044   998.6486 0.0000e+00
      3.347      0.052     0.1223      1.284     42.176  36.009504     4.5346      7.598   286.7080 7.3629e+00     2.0870      3.281      4.757    17.9174   998.6461 0.0000e+00
      3.367      0.056     0.1179      1.235     42.523  36.230040     4.4855      7.595   286.8166 7.2308e+00     2.1055      3.303      4.791    17.9406   998.6418 0.0000e+00
      3.385      0.060     0.1143      1.196     42.786  36.407419     4.4785      7.593   286.8669 7.1097e+00     2.1051      3.322      4.817    17.9016   998.6490 0.0000e+00
      3.400      0.061     0.1108      1.159     42.986  36.567300     4.4502      7.592   287.0586 7.0182e+00     2.0834      3.335      4.836    17.7941   998.6688 0.0000e+00
      3.415      0.059     0.1089      1.140     43.133  36.703256     4.4122      7.590   287.2420 6.9449e+00     2.1044      3.349      4.857    17.6792   998.6899 0.0000e+00
      3.429      0.056     0.1084      1.133     43.377  36.908742     4.4091      7.589   287.2770 6.8620e+00     2.1299      3.362      4.878    17.5844   998.7072 0.0000e+00
      3.443      0.054     0.1074      1.123     43.787  37.211045     4.4123      7.587   287.3955 6.7708e+00     2.1294      3.377      4.899    17.5234   998.7182 0.0000e+00
      3.456      0.054     0.1054      1.100     44.086  37.374980     4.3553      7.585   287.6423 6.6833e+00     2.0984      3.390      4.917    17.5210   998.7188 0.0000e+00
      3.469      0.053     0.1041      1.084     44.191  37.367349     4.2671      7.583   287.8516 6.5908e+00     2.0831      3.402      4.933    17.5458   998.7146 0.0000e+00
      3.484      0.051     0.1052      1.093     44.350  37.436028     4.2301      7.580   287.8618 6.5005e+00     2.1076      3.416      4.955    17.5607   998.7120 0.0000e+00
      3.498      0.050     0.1072      1.113     44.695  37.697475     4.2370      7.577   287.6789 6.4350e+00     2.1330      3.431      4.976    17.5104   998.7213 0.0000e+00
      3.510      0.046     0.1073      1.113     44.991  37.925897     4.2645      7.575   287.5337 6.3845e+00     2.1282      3.442      4.992    17.3870   998.7435 0.0000e+00
      3.521      0.041     0.1054      1.092     45.088  37.976122     4.3101      7.572   287.5686 6.3257e+00     2.0823      3.453      5.009    17.2595   998.7661 0.0000e+00
      3.533      0.036     0.1049      1.087     45.215  38.050793     4.3381      7.568   287.7568 6.2611e+00     2.0693      3.465      5.025    17.1826   998.7798 0.0000e+00
      3.543      0.031     0.1056      1.094     45.492  38.257392     4.3431      7.566   287.9159 6.2282e+00     2.0695      3.478      5.042    17.1665   998.7828 0.0000e+00
      3.549      0.028     0.1044      1.081     45.908  38.569697     4.3433      7.563   287.9440 6.2250e+00     2.0523      3.483      5.051    17.1529   998.7854 0.0000e+00
      3.551      0.028     0.1027      1.061     46.382  38.906747     4.3498      7.561   287.9243 6.1983e+00     2.0581      3.481      5.048    17.1090   998.7930 0.0000e+00
      3.555      0.028     0.1018      1.050     46.688  39.095056     4.3613      7.558   288.0212 6.1448e+00     2.0736      3.484      5.052    17.0662   998.8005 0.0000e+00
      3.563      0.029     0.1018      1.049     46.934  39.259411     4.3866      7.555   288.2561 6.0884e+00     2.0759      3.493      5.067    17.0494   998.8036 0.0000e+00
      3.575      0.032     0.1013      1.044     47.448  39.687728     4.6123      7.551   288.4420 6.0281e+00     2.1184      3.506      5.085    17.0170   998.8094 0.0000e+00
      3.585      0.036     0.0997      1.027     48.080  40.210871     5.0098      7.548   288.5479 5.9802e+00     2.2269      3.517      5.102    16.9421   998.8227 0.0000e+00
      3.592      0.039     0.0988      1.017     48.574  40.569437     5.2056      7.545   288.6761 5.9537e+00     2.3069      3.523      5.109    16.8549   998.8379 0.0000e+00
      3.600      0.040     0.0988      1.015     49.084  40.912270     5.2102      7.542   288.7873 5.9118e+00     2.3311      3.529      5.118    16.7959   998.8480 0.0000e+00
      3.612      0.042     0.0998      1.023     49.733  41.372032     5.2123      7.539   288.7743 5.8586e+00     2.3232      3.541      5.137    16.8198   998.8441 0.0000e+00
      3.624      0.046     0.1002      1.026     50.357  41.811082     5.1791      7.536   288.6041 5.8182e+00     2.2449      3.554      5.156    16.8407   998.8410 0.0000e+00
      3.634      0.047     0.0995      1.017     50.717  42.030389     5.1040      7.531   287.9338 5.7581e+00     2.1378      3.563      5.167    16.7643   998.8542 0.0000e+00
      3.647      0.046     0.0996      1.017     50.906  42.118839     5.0493      7.527   286.5207 5.6729e+00     2.1095      3.575      5.185    16.6666   998.8710 0.0000e+00
      3.662      0.045     0.1001      1.022     51.423  42.499498     5.0472      7.523   284.9403 5.5989e+00     2.1324      3.592      5.210    16.5918   998.8840 0.0000e+00
      3.676      0.045     0.1003      1.023     52.248  43.140729     5.1994      7.518   283.5384 5.5583e+00     2.1526      3.607      5.232    16.5127   998.8977 0.0000e+00
      3.684      0.045     0.1009      1.028     52.621  43.395532     5.4760      7.511   281.8743 5.5398e+00     2.1573      3.613      5.241    16.4274   998.9121 0.0000e+00
      3.691      0.042     0.1008      1.025     52.563  43.294461     5.6269      7.504   279.8764 5.4950e+00     2.1234      3.616      5.244    16.3560   998.9241 0.0000e+00
      3.704      0.038     0.0989      1.006     52.700  43.379003     5.6542      7.498   277.9661 5.4150e+00     2.0702      3.630      5.264    16.3149   998.9310 0.0000e+00
      3.719      0.038     0.0972      0.988     52.908  43.528770     5.8146      7.492   276.2433 5.3711e+00     2.0385      3.653      5.297    16.2891   998.9358 0.0000e+00
      3.727      0.039     0.0966      0.981     53.030  43.581378     6.1179      7.485   274.7057 5.3799e+00     2.0360      3.659      5.307    16.2334   998.9452 0.0000e+00
      3.730      0.040     0.0975      0.989     53.183  43.634047     6.2874      7.480   273.4857 5.3538e+00     2.0396      3.654      5.301    16.1648   998.9563 0.0000e+00
      3.738      0.038     0.0993      1.007     53.299  43.657520     6.3032      7.476   272.5906 5.2695e+00     2.0495      3.663      5.312    16.1482   998.9591 0.0000e+00
      3.753      0.037     0.0996      1.008     53.311  43.611119     6.3261      7.473   271.8848 5.1860e+00     2.0566      3.681      5.338    16.1466   998.9596 0.0000e+00
      3.767      0.037     0.0981      0.992     53.174  43.453922     6.3732      7.469   271.0616 5.1402e+00     2.0600      3.697      5.361    16.0976   998.9677 0.0000e+00
      3.775      0.037     0.0974      0.983     52.939  43.217216     6.4048      7.465   269.8642 5.1244e+00     2.0910      3.703      5.371    16.0178   998.9809 0.0000e+00
      3.781      0.036     0.0974      0.982     52.773  43.034894     6.4042      7.460   268.5929 5.1058e+00     2.1363      3.706      5.375    15.9433   998.9930 0.0000e+00
      3.788      0.035     0.0966      0.974     52.817  43.027283     6.3322      7.455   267.5630 5.0694e+00     2.1161      3.715      5.389    15.8952   999.0008 0.0000e+00
      3.797      0.035     0.0957      0.964     53.061  43.188623     6.1927      7.450   266.7905 5.0219e+00     2.0436      3.723      5.400    15.8571   999.0069 0.0000e+00
      3.807      0.035     0.0957      0.964     53.517  43.525223     6.1136      7.446   265.7920 4.9635e+00     2.0457      3.731      5.412    15.8143   999.0137 0.0000e+00
