Data/DataNotYetUploadedToEDI/Raw_CTD/RawDownloads/081524_ccr88_S8188006.cnv
* Sea-Bird SBE19plus  Data File:
* FileName = C:\R\Reservoirs\Data\DataNotYetUploadedToEDI\Raw_CTD\RawDownloads\081424_ccr50_S8188_0006.hex
* Software version 2.8.0.119
* Temperature SN = 8188
* Conductivity SN = 8188
* System UpLoad Time = Aug 16 2024 10:38:08
* <ApplicationData>
* <Seaterm232>
# nquan = 13
# nvalues = 776                         
# units = specified
# name 0 = depFM: Depth [fresh water, m]
# name 1 = dz/dtM: Descent Rate [m/s]
# name 2 = sbeox0Mg/L: Oxygen, SBE 43 [mg/l]
# name 3 = sbeox0PS: Oxygen, SBE 43 [% saturation]
# name 4 = specc: Specific Conductance [uS/cm]
# name 5 = c0uS/cm: Conductivity [uS/cm]
# name 6 = flECO-AFL: Fluorescence, WET Labs ECO-AFL/FL [mg/m^3]
# name 7 = par/sat/log: PAR/Logarithmic, Satlantic
# name 8 = turbWETntu0: Turbidity, WET Labs ECO [NTU]
# name 9 = prdM: Pressure, Strain Gauge [db]
# name 10 = prdE: Pressure, Strain Gauge [psi]
# name 11 = tv290C: Temperature [ITS-90, deg C]
# name 12 = flag:  0.000e+00
# span 0 =     -0.453,      9.846       
# span 1 =     -0.361,      0.294       
# span 2 =     2.4380,    10.1239       
# span 3 =     23.875,    118.358       
# span 4 =  -1615.969,    126.906       
# span 5 = -1.228e+03, 125.328346       
# span 6 =    -0.3752,   245.1231       
# span 7 = 9.1565e-01, 1.6479e+03       
# span 8 =    -0.8492,   944.8447       
# span 9 =     -0.445,      9.657       
# span 10 =     -0.645,     14.006      
# span 11 =    12.9685,    28.2955      
# span 12 = 0.0000e+00, 0.0000e+00      
# interval = seconds: 0.25
# start_time = Aug 15 2024 15:50:35 [Instrument's time stamp, header]
# bad_flag = -9.990e-29
*END*
[from data line 445]
      6.431      0.140     8.6262     63.653    121.273 106.432358     6.3361 4.7741e+01     1.6673      6.308      9.148    20.1899 0.0000e+00
      6.468      0.139     8.1505     55.216    121.645 105.969635     5.3345 4.5456e+01     1.6773      6.348      9.207    19.8080 0.0000e+00
      6.495      0.141     7.4894     47.882    122.249 105.678149     4.7921 4.3665e+01     1.6216      6.370      9.238    19.4102 0.0000e+00
      6.522      0.146     6.7099     42.312    122.580 105.223944     4.7283 4.1506e+01     1.5786      6.390      9.267    19.1386 0.0000e+00
      6.559      0.152     5.9011     38.853    122.761 104.633793     4.4765 3.9178e+01     1.5683      6.430      9.326    18.9139 0.0000e+00
      6.603      0.157     5.1308     37.476    122.954 104.061399     4.0107 3.7263e+01     1.4970      6.476      9.393    18.5561 0.0000e+00
      6.650      0.160     4.4528     37.844    123.100 103.549167     3.7518 3.5682e+01     1.4384      6.520      9.457    18.1926 0.0000e+00
      6.697      0.160     3.9382     39.444    123.294 103.141318     3.7215 3.4351e+01     1.4427      6.569      9.528    17.9271 0.0000e+00
      6.739      0.155     3.6346     41.734    123.597 102.808938     3.7217 3.3356e+01     1.4464      6.613      9.591    17.6173 0.0000e+00
      6.774      0.150     3.5397     44.225    123.817 102.391443     3.7552 3.2523e+01     1.4827      6.644      9.636    17.2886 0.0000e+00
      6.806      0.148     3.6123     46.599    123.858 101.840148     3.8048 3.1636e+01     1.5724      6.674      9.680    17.0450 0.0000e+00
      6.840      0.148     3.8007     48.595    123.916 101.320794     3.8271 3.0646e+01     1.6383      6.706      9.725    16.8310 0.0000e+00
      6.878      0.150     4.0633     50.046    124.072 100.880623     3.8077 2.9578e+01     1.6617      6.743      9.780    16.5884 0.0000e+00
      6.920      0.154     4.3356     50.890    124.263 100.469022     3.5704 2.8505e+01     1.7866      6.786      9.842    16.3415 0.0000e+00
      6.963      0.155     4.6012     50.924    124.464 100.090628     3.1345 2.7525e+01     2.0159      6.828      9.904    16.1035 0.0000e+00
      7.004      0.153     4.8281     49.871    124.603  99.711285     2.8910 2.6648e+01     2.1339      6.870      9.964    15.8809 0.0000e+00
      7.044      0.150     4.9929     47.660    124.722  99.356342     2.8448 2.5829e+01     2.1494      6.908     10.019    15.6510 0.0000e+00
      7.081      0.150     5.1109     44.449    124.855  99.000472     2.6968 2.5138e+01     2.3404      6.947     10.075    15.4186 0.0000e+00
      7.114      0.155     5.1515     40.512    124.889  98.541694     2.4455 2.4577e+01     2.6916      6.978     10.121    15.1983 0.0000e+00
      7.144      0.165     5.0705     36.259    125.081  98.236757     2.3127 2.3879e+01     2.8253      7.002     10.157    14.9980 0.0000e+00
      7.184      0.171     4.8563     32.150    125.531  98.242277     2.2877 2.2938e+01     2.7558      7.040     10.211    14.8328 0.0000e+00
      7.238      0.171     4.5424     28.581    125.743  98.199294     2.0828 2.1914e+01     2.7433      7.096     10.291    14.6482 0.0000e+00
      7.297      0.166     4.1451     25.917    125.551  97.921174     1.7079 2.0999e+01     2.7769      7.158     10.382    14.4447 0.0000e+00
      7.348      0.158     3.7081     24.372    125.318  97.604275     1.5086 2.0374e+01     2.7846      7.213     10.461    14.2502 0.0000e+00
      7.382      0.150     3.2861     23.875    125.165  97.296747     1.4929 2.0043e+01     2.7685      7.245     10.509    14.1041 0.0000e+00
      7.404      0.147     2.9088     24.219    125.155  97.063676     1.4317 1.9734e+01     2.7195      7.259     10.529    14.0326 0.0000e+00
      7.427      0.149     2.6271     25.280    125.305  96.965777     1.3160 1.9190e+01     2.6382      7.277     10.555    13.9954 0.0000e+00
      7.463      0.157     2.4751     27.041    125.390  96.862105     1.2552 1.8402e+01     2.5752      7.314     10.608    13.9498 0.0000e+00
      7.513      0.169     2.4380     29.495    125.406  96.763648     1.2424 1.7473e+01     2.5411      7.365     10.682    13.8695 0.0000e+00
      7.569      0.183     2.4832     32.545    125.296  96.592629     1.1344 1.6565e+01     2.5004      7.425     10.768    13.7718 0.0000e+00
      7.621      0.195     2.5974     35.961    125.141  96.360916     0.9387 1.5822e+01     2.4268      7.480     10.847    13.6828 0.0000e+00
      7.665      0.202     2.7846     39.445    125.208  96.277864     0.8354 1.5125e+01     2.3376      7.517     10.903    13.6104 0.0000e+00
      7.709      0.203     3.0444     42.707    125.432  96.337567     0.8219 1.4242e+01     2.2804      7.555     10.957    13.5722 0.0000e+00
      7.764      0.200     3.3728     45.472    125.598  96.401490     0.7576 1.3235e+01     2.2851      7.611     11.039    13.5499 0.0000e+00
      7.825      0.195     3.7438     47.492    125.605  96.369520     0.6481 1.2323e+01     2.3246      7.674     11.132    13.5022 0.0000e+00
      7.881      0.192     4.1222     48.617    125.487  96.223445     0.5906 1.1608e+01     2.3461      7.733     11.215    13.4401 0.0000e+00
      7.927      0.191     4.4777     48.865    125.394  96.065670     0.5831 1.1084e+01     2.3393      7.779     11.283    13.3904 0.0000e+00
      7.965      0.193     4.7778     48.401    125.468  96.028424     0.5740 1.0641e+01     2.3798      7.811     11.329    13.3688 0.0000e+00
      8.003      0.196     4.9961     47.455    125.596  96.045467     0.5672 1.0113e+01     2.4583      7.843     11.376    13.3629 0.0000e+00
      8.053      0.198     5.1150     46.262    125.696  96.067294     0.5778 9.4500e+00     2.4988      7.892     11.448    13.3427 0.0000e+00
      8.115      0.200     5.1383     45.015    125.656  96.019805     0.5900 8.7328e+00     2.5264      7.957     11.541    13.3027 0.0000e+00
      8.179      0.202     5.0860     43.850    125.394  95.811826     0.5592 8.1044e+00     2.5509      8.024     11.639    13.2623 0.0000e+00
      8.234      0.204     4.9817     42.871    125.259  95.664190     0.5005 7.6884e+00     2.5549      8.080     11.721    13.2299 0.0000e+00
      8.275      0.207     4.8518     42.134    125.360  95.665100     0.4696 7.3767e+00     2.5747      8.116     11.772    13.2033 0.0000e+00
      8.314      0.211     4.7176     41.634    125.483  95.686508     0.4629 6.9707e+00     2.6182      8.147     11.816    13.2014 0.0000e+00
      8.364      0.219     4.5898     41.343    125.685  95.786714     0.4802 6.4547e+00     2.7723      8.197     11.888    13.2093 0.0000e+00
      8.428      0.229     4.4870     41.166    125.907  95.923023     0.5147 5.9218e+00     3.0646      8.263     11.985    13.1891 0.0000e+00
      8.497      0.240     4.4147     40.939    125.992  95.972270     0.5329 5.4109e+00     3.2341      8.332     12.084    13.1507 0.0000e+00
      8.566      0.249     4.3655     40.568    126.022  95.973440     0.5434 4.9652e+00     3.2426      8.404     12.189    13.1213 0.0000e+00
      8.627      0.249     4.3392     39.991    126.024  95.937145     0.5549 4.6262e+00     3.3391      8.462     12.274    13.1001 0.0000e+00
      8.685      0.239     4.3311     39.133    126.069  95.942066     0.5692 4.2887e+00     3.5764      8.512     12.346    13.0858 0.0000e+00
      8.750      0.228     4.3100     38.031    126.111  95.964788     0.5768 3.9242e+00     3.7433      8.579     12.443    13.0847 0.0000e+00
      8.816      0.221     4.2715     36.775    126.002  95.871281     0.5776 3.6531e+00     3.7438      8.652     12.549    13.0790 0.0000e+00
      8.868      0.223     4.2194     35.444    125.992  95.833192     0.5956 3.4745e+00     3.6502      8.702     12.621    13.0583 0.0000e+00
      8.909      0.230     4.1268     34.179    126.060  95.844787     0.6211 3.2835e+00     3.5388      8.733     12.666    13.0428 0.0000e+00
      8.957      0.240     4.0066     33.173    125.966  95.738966     0.6348 3.0282e+00     3.4949      8.777     12.730    13.0455 0.0000e+00
      9.022      0.253     3.8734     32.565    126.046  95.779727     0.6400 2.7233e+00     3.5319      8.843     12.826    13.0450 0.0000e+00
      9.099      0.270     3.7294     32.443    126.522  96.133256     0.6830 2.4329e+00     3.8838      8.923     12.943    13.0290 0.0000e+00
      9.178      0.287     3.5886     32.806    126.887  96.403333     0.7652 2.2161e+00     4.5220      9.004     13.059    13.0111 0.0000e+00
      9.251      0.294     3.4800     33.500    126.794  96.320565     0.8103 2.0399e+00     4.8618      9.073     13.159    12.9969 0.0000e+00
      9.323      0.289     3.4126     34.278    126.589  96.154235     0.8205 1.8413e+00     4.9032      9.139     13.254    12.9888 0.0000e+00
      9.403      0.275     3.3987     34.874    126.513  96.095145     0.8977 1.6398e+00     5.2287      9.219     13.371    12.9881 0.0000e+00
      9.483      0.258     3.4439     35.072    126.491  96.082920     1.0411 1.4856e+00     5.8104      9.306     13.498    12.9862 0.0000e+00
      9.550      0.241     3.5267     34.777    126.571  96.142656     1.1241 1.3791e+00     6.1344      9.374     13.595    12.9796 0.0000e+00
      9.600      0.221     3.6202     34.092    126.753  96.272477     1.1559 1.2977e+00     6.4336      9.416     13.657    12.9739 0.0000e+00
      9.644      0.197     3.6902     33.195    126.786  96.290246     1.3555 1.2160e+00     9.2571      9.455     13.713    12.9739 0.0000e+00
      9.693      0.170     3.7170     32.226    126.606  96.153139     1.7176 1.1261e+00    14.3857      9.504     13.784    12.9783 0.0000e+00
      9.743      0.144     3.6794     31.367    126.450  96.045161     1.9183 1.0472e+00    17.2184      9.559     13.864    12.9779 0.0000e+00
      9.785      0.118     3.5995     30.779    126.463  96.074552     1.9523 1.0036e+00    18.0663      9.602     13.927    12.9727 0.0000e+00
      9.810      0.091     3.5027     30.501    126.652  96.236061     2.1378 9.9611e-01    24.6029      9.625     13.960    12.9695 0.0000e+00
      9.821      0.065     3.3928     30.500    126.808  96.363188     2.4710 9.8326e-01    36.5469      9.632     13.971    12.9685 0.0000e+00
      9.828      0.042     3.2942     30.719    126.746  96.317445     2.6517 9.5816e-01    43.1738      9.638     13.979    12.9727 0.0000e+00
      9.833      0.026     3.2316     31.051    126.621  96.227929     2.6749 9.4698e-01    44.7838      9.643     13.987    12.9822 0.0000e+00
      9.837      0.017     3.2032     31.388    126.607  96.234483     2.7773 9.4530e-01    56.1503      9.648     13.993    12.9907 0.0000e+00
      9.841      0.012     3.2045     31.719    126.604  96.260470     2.9711 9.4340e-01    76.9543      9.651     13.998    12.9942 0.0000e+00
      9.843      0.008     3.2314     32.030    126.402  96.133474     3.0848 9.3097e-01    88.2319      9.653     14.001    12.9929 0.0000e+00
      9.845      0.003     3.2728     32.262    126.198  95.993214     3.0850 9.1565e-01    88.0665      9.655     14.004    12.9931 0.0000e+00
      9.846     -0.006     3.3064     32.461    126.276  96.063145     2.8441 9.1993e-01    74.3360      9.657     14.006    13.0003 0.0000e+00
      9.846     -0.021     3.3386     32.688    126.371  96.161644     2.3916 9.4259e-01    48.9405      9.656     14.005    13.0135 0.0000e+00
      9.844     -0.044     3.3777     32.965    126.306  96.162452     2.1393 9.7265e-01    35.0052      9.654     14.002    13.0262 0.0000e+00
      9.837     -0.067     3.3961     33.326    126.292  96.209211     2.0910 1.0024e+00    33.1180      9.650     13.996    13.0307 0.0000e+00
      9.818     -0.085     3.4151     33.785    126.327  96.250264     1.8163 1.0484e+00    26.5688      9.636     13.976    13.0318 0.0000e+00
      9.782     -0.095     3.4390     34.306    126.304  96.182038     1.3158 1.1209e+00    14.8029      9.596     13.920    13.0397 0.0000e+00
      9.739     -0.095     3.4639     34.816    126.352  96.133504     1.0419 1.1868e+00     8.4133      9.545     13.844    13.0618 0.0000e+00
      9.706     -0.085     3.4989     35.232    126.453  96.140146     1.0180 1.2293e+00     7.8503      9.512     13.796    13.0935 0.0000e+00
      9.689     -0.068     3.5474     35.458    126.484  96.126039     1.1486 1.2476e+00     7.8925      9.499     13.778    13.1042 0.0000e+00
      9.683     -0.048     3.6081     35.428    126.464  96.099126     1.4070 1.2511e+00     8.0990      9.496     13.772    13.0778 0.0000e+00
      9.681     -0.031     3.6671     35.126    126.441  96.087194     1.5416 1.2552e+00     8.2187      9.495     13.771    13.0350 0.0000e+00
      9.678     -0.019     3.7182     34.610    126.471  96.118009     1.5366 1.2647e+00     8.2071      9.492     13.766    13.0056 0.0000e+00
      9.672     -0.011     3.7447     34.000    126.492  96.131140     1.4496 1.2874e+00     7.9934      9.485     13.756    12.9934 0.0000e+00
      9.666     -0.004     3.7433     33.407    126.480  96.109720     1.2966 1.3086e+00     7.5914      9.477     13.746    12.9888 0.0000e+00
      9.663      0.003     3.7092     32.907    126.433  96.063365     1.2122 1.3137e+00     7.3643      9.474     13.741    12.9932 0.0000e+00
      9.666      0.010     3.6484     32.534    126.329  95.979344     1.2007 1.3100e+00     7.3069      9.477     13.746    12.9991 0.0000e+00
      9.673      0.016     3.5807     32.289    126.333  95.979316     1.1922 1.2921e+00     7.1726      9.486     13.758    12.9974 0.0000e+00
      9.682      0.019     3.5157     32.198    126.448  96.063018     1.1871 1.2669e+00     6.9760      9.496     13.773    12.9906 0.0000e+00
      9.689      0.020     3.4618     32.255    126.420  96.037764     1.1907 1.2608e+00     6.8524      9.502     13.782    12.9855 0.0000e+00
      9.692      0.019     3.4240     32.395    125.767  95.537743     1.1936 1.2693e+00     6.8454      9.504     13.785    12.9847 0.0000e+00
      9.695      0.019     3.3964     32.561    118.776  90.221644     1.2055 1.2629e+00     6.9941      9.507     13.788    12.9837 0.0000e+00
      9.698      0.022     3.3861     32.724     40.325  30.603314     1.2298 1.2434e+00     7.2084      9.509     13.792    12.9820 0.0000e+00
      9.702      0.028     3.3965     32.877   -823.813-626.051326     1.2447 1.2282e+00     7.3076      9.514     13.798    12.9806 0.0000e+00
      9.709      0.033     3.4128     33.014  -1615.969 -1.228e+03     1.2552 1.2144e+00     7.3353      9.520     13.806    12.9791 0.0000e+00
      9.720      0.037     3.4322     33.136   -824.022-626.010567     1.2791 1.1945e+00     7.5090      9.530     13.823    12.9777 0.0000e+00
      9.734      0.038     3.4485     33.228     39.972  30.342230     1.3084 1.1682e+00     7.8288      9.546     13.845    12.9757 0.0000e+00
      9.747      0.036     3.4661     33.280    118.504  90.002842     1.3154 1.1514e+00     8.0091      9.560     13.865    12.9749 0.0000e+00
      9.756      0.032     3.4808     33.318    125.711  95.483682     1.3119 1.1527e+00     8.0755      9.570     13.880    12.9740 0.0000e+00
      9.761      0.026     3.4933     33.356    126.553  96.133769     1.3006 1.1525e+00     8.5630      9.573     13.885    12.9714 0.0000e+00
      9.765      0.018     3.5049     33.401    126.658  96.228222     1.2650 1.1412e+00     9.4393      9.575     13.888    12.9702 0.0000e+00
      9.770      0.012     3.5071     33.444    126.446  96.080797     1.2453 1.1281e+00     9.9498      9.581     13.897    12.9720 0.0000e+00
      9.774      0.007     3.5119     33.473    126.311  95.986055     1.2532 1.1181e+00    10.5479      9.587     13.905    12.9739 0.0000e+00
      9.774      0.004     3.5145     33.501    126.464  96.104448     1.3167 1.1141e+00    16.9454      9.586     13.903    12.9774 0.0000e+00
