Data/DataNotYetUploadedToEDI/Raw_CTD/RawDownloads/081524_ccr80_S8188004.cnv
* Sea-Bird SBE19plus  Data File:
* FileName = C:\R\Reservoirs\Data\DataNotYetUploadedToEDI\Raw_CTD\RawDownloads\081424_ccr50_S8188_0004.hex
* Software version 2.8.0.119
* Temperature SN = 8188
* Conductivity SN = 8188
* System UpLoad Time = Aug 16 2024 10:37:39
* <ApplicationData>
* <Seaterm232>
# nquan = 16
# nvalues = 1935                        
# units = specified
# name 0 = depFM: Depth [fresh water, m]
# name 1 = dz/dtM: Descent Rate [m/s]
# name 2 = sbeox0Mg/L: Oxygen, SBE 43 [mg/l]
# name 3 = sbeox0PS: Oxygen, SBE 43 [% saturation]
# name 4 = specc: Specific Conductance [uS/cm]
# name 5 = c0uS/cm: Conductivity [uS/cm]
# name 6 = wetCDOM: Fluorescence, WET Labs CDOM [mg/m^3]
# name 7 = flECO-AFL: Fluorescence, WET Labs ECO-AFL/FL [mg/m^3]
# name 8 = flECO-AFL1: Fluorescence, WET Labs ECO-AFL/FL, 2 [mg/m^3]
# name 9 = flECO-AFL2: Fluorescence, WET Labs ECO-AFL/FL, 3 [mg/m^3]
# name 10 = par/sat/log: PAR/Logarithmic, Satlantic
# name 11 = turbWETntu0: Turbidity, WET Labs ECO [NTU]
# name 12 = prdM: Pressure, Strain Gauge [db]
# name 13 = prdE: Pressure, Strain Gauge [psi]
# name 14 = tv290C: Temperature [ITS-90, deg C]
# name 15 = flag:  0.000e+00
# span 0 =     -0.396,     17.559       
# span 1 =     -0.480,      0.148       
# span 2 =     3.7428,     9.5993       
# span 3 =     35.251,    115.624       
# span 4 =   -628.574,    126.709       
# span 5 =-485.665094, 126.640159       
# span 6 =    -4.5000,    27.9000       
# span 7 =    -0.4448,    10.7897       
# span 8 =    -2.1300,     0.6390       
# span 9 =    -2.0304,     1.5651       
# span 10 = 1.1560e-01, 6.7416e+02      
# span 11 =    -1.3066,    94.5135      
# span 12 =     -0.388,     17.220      
# span 13 =     -0.563,     24.975      
# span 14 =    12.5729,    34.5383      
# span 15 = 0.0000e+00, 0.0000e+00      
# interval = seconds: 0.25
# start_time = Aug 15 2024 14:41:38 [Instrument's time stamp, header]
# bad_flag = -9.990e-29
*END*
[from data line 1537]
     15.384      0.108     4.2052     39.747    125.028  94.233959    26.6400     0.1999     0.0852     0.1269 1.1590e-01     2.1075     15.086     21.881    12.6886 0.0000e+00
     15.412      0.110     4.2094     39.777    125.014  94.218592    26.6400     0.2228     0.0852     0.1269 1.1595e-01     2.1528     15.114     21.921    12.6872 0.0000e+00
     15.441      0.111     4.2122     39.821    125.026  94.223616    26.6400     0.2113     0.0852     0.1269 1.1590e-01     2.2737     15.142     21.962    12.6857 0.0000e+00
     15.471      0.111     4.2143     39.880    125.051  94.238384    26.6400     0.2152     0.0852     0.1269 1.1587e-01     2.1226     15.172     22.005    12.6841 0.0000e+00
     15.500      0.110     4.2165     39.960    125.048  94.232870    26.6400     0.2190     0.0852     0.1692 1.1605e-01     2.2435     15.200     22.046    12.6822 0.0000e+00
     15.528      0.109     4.2199     40.060    125.018  94.207601    26.6400     0.2304     0.0852     0.1692 1.1595e-01     2.1377     15.228     22.086    12.6803 0.0000e+00
     15.555      0.106     4.2247     40.172    124.988  94.181810    26.6400     0.1999     0.0852     0.1692 1.1595e-01     2.0773     15.254     22.125    12.6786 0.0000e+00
     15.582      0.104     4.2311     40.289    124.984  94.176591    26.6400     0.1846     0.0852     0.1692 1.1592e-01     2.1377     15.280     22.162    12.6771 0.0000e+00
     15.608      0.102     4.2397     40.399    125.021  94.202538    26.6400     0.1999     0.0852     0.1692 1.1590e-01     2.1679     15.306     22.199    12.6758 0.0000e+00
     15.633      0.100     4.2504     40.491    125.069  94.236602    26.6400     0.1579     0.0852     0.1692 1.1600e-01     2.0471     15.331     22.236    12.6746 0.0000e+00
     15.659      0.098     4.2625     40.559    125.090  94.249907    26.6400     0.1579     0.0852     0.1692 1.1590e-01     1.9715     15.356     22.272    12.6735 0.0000e+00
     15.684      0.096     4.2749     40.598    125.100  94.255992    26.6400     0.1236     0.0852     0.1692 1.1600e-01     1.9715     15.381     22.308    12.6724 0.0000e+00
     15.709      0.094     4.2867     40.602    125.108  94.260473    26.6400     0.1236     0.0852     0.0846 1.1597e-01     1.9262     15.405     22.343    12.6715 0.0000e+00
     15.733      0.091     4.2966     40.578    125.108  94.258553    26.6400     0.1236     0.0852     0.0846 1.1585e-01     1.9715     15.428     22.377    12.6707 0.0000e+00
     15.756      0.089     4.3038     40.540    125.117  94.263704    26.6400     0.1427     0.0852     0.0846 1.1585e-01     2.0169     15.451     22.410    12.6699 0.0000e+00
     15.778      0.086     4.3080     40.498    125.129  94.271307    26.6400     0.1274     0.0852     0.0846 1.1590e-01     1.9715     15.473     22.441    12.6692 0.0000e+00
     15.799      0.083     4.3085     40.460    125.136  94.275397    26.6400     0.1236     0.0852     0.0846 1.1585e-01     1.9413     15.493     22.472    12.6685 0.0000e+00
     15.820      0.080     4.3060     40.425    125.141  94.277064    26.6400     0.1808     0.0852     0.1269 1.1590e-01     1.9715     15.514     22.501    12.6679 0.0000e+00
     15.840      0.078     4.3021     40.387    125.132  94.268762    26.6400     0.1923     0.0852     0.1269 1.1592e-01     2.0169     15.533     22.529    12.6673 0.0000e+00
     15.859      0.076     4.2977     40.349    125.112  94.252273    26.6400     0.1579     0.0852     0.1269 1.1580e-01     2.0471     15.552     22.557    12.6667 0.0000e+00
     15.878      0.075     4.2936     40.311    125.097  94.239183    26.6400     0.1846     0.0852     0.1269 1.1585e-01     1.9866     15.571     22.584    12.6661 0.0000e+00
     15.897      0.074     4.2900     40.269    125.087  94.229996    26.6400     0.2075     0.0852     0.0846 1.1590e-01     2.0471     15.589     22.611    12.6654 0.0000e+00
     15.915      0.073     4.2861     40.218    125.078  94.222262    26.6400     0.1961     0.0852     0.0846 1.1602e-01     2.0018     15.607     22.637    12.6647 0.0000e+00
     15.934      0.073     4.2821     40.156    125.085  94.225907    26.6400     0.1846     0.0852     0.0846 1.1597e-01     1.8507     15.625     22.663    12.6640 0.0000e+00
     15.952      0.073     4.2782     40.083    125.119  94.249892    26.6400     0.1885     0.0852     0.0846 1.1592e-01     2.0169     15.644     22.690    12.6634 0.0000e+00
     15.971      0.073     4.2738     40.000    125.169  94.286630    26.6400     0.1999     0.0852     0.0423 1.1585e-01     2.0320     15.662     22.716    12.6628 0.0000e+00
     15.990      0.073     4.2684     39.913    125.209  94.315949    26.6400     0.2075     0.0852     0.0423 1.1595e-01     1.9715     15.680     22.743    12.6622 0.0000e+00
     16.008      0.074     4.2619     39.828    125.229  94.329684    26.6400     0.1999     0.0852     0.0423 1.1595e-01     2.0320     15.698     22.769    12.6617 0.0000e+00
     16.026      0.075     4.2541     39.756    125.220  94.321508    26.6400     0.2152     0.0852     0.0423 1.1600e-01     1.9413     15.716     22.795    12.6612 0.0000e+00
     16.045      0.078     4.2454     39.703    125.185  94.293237    26.6400     0.1351     0.0852     0.0423 1.1587e-01     2.0622     15.735     22.821    12.6608 0.0000e+00
     16.065      0.082     4.2362     39.666    125.161  94.273294    26.6400     0.1427     0.0852     0.0423 1.1572e-01     2.0169     15.754     22.849    12.6604 0.0000e+00
     16.085      0.087     4.2272     39.641    125.153  94.264351    26.6400     0.1541     0.0852     0.0423 1.1595e-01     1.9413     15.775     22.879    12.6599 0.0000e+00
     16.107      0.093     4.2196     39.626    125.144  94.254034    26.6400     0.1618     0.0852     0.0423 1.1582e-01     2.0169     15.796     22.910    12.6592 0.0000e+00
     16.131      0.100     4.2141     39.617    125.137  94.245586    26.6400     0.2037     0.0852     0.0423 1.1602e-01     2.0773     15.820     22.944    12.6585 0.0000e+00
     16.158      0.108     4.2102     39.611    125.118  94.226765    26.6400     0.1961     0.0852     0.0846 1.1602e-01     2.1679     15.845     22.982    12.6576 0.0000e+00
     16.187      0.114     4.2077     39.609    125.073  94.188555    26.6400     0.2037     0.0852     0.0846 1.1587e-01     2.1830     15.874     23.023    12.6566 0.0000e+00
     16.218      0.117     4.2063     39.606    125.032  94.152732    26.6400     0.1923     0.0852     0.0846 1.1587e-01     2.0773     15.905     23.068    12.6554 0.0000e+00
     16.251      0.119     4.2054     39.601    125.019  94.137714    26.6400     0.1160     0.0852     0.0846 1.1580e-01     2.6211     15.937     23.114    12.6539 0.0000e+00
     16.283      0.117     4.2049     39.597    125.006  94.123513    26.6400     0.1236     0.0852     0.1269 1.1597e-01     2.6211     15.968     23.160    12.6522 0.0000e+00
     16.313      0.112     4.2048     39.607    124.988  94.106341    26.6400     0.1579     0.0852     0.1269 1.1580e-01     2.6664     15.998     23.203    12.6503 0.0000e+00
     16.342      0.106     4.2048     39.641    125.001  94.113586    26.6400     0.1427     0.0852     0.1269 1.1605e-01     2.6362     16.026     23.243    12.6483 0.0000e+00
     16.367      0.099     4.2044     39.699    125.033  94.135191    26.6400     0.2228     0.0852     0.1269 1.1605e-01     2.6664     16.051     23.280    12.6464 0.0000e+00
     16.391      0.091     4.2041     39.776    125.060  94.152944    26.6400     0.1808     0.0852     0.0846 1.1612e-01     2.7269     16.074     23.314    12.6447 0.0000e+00
     16.413      0.084     4.2053     39.862    125.107  94.187562    26.6400     0.1846     0.0852     0.0846 1.1600e-01     2.6211     16.096     23.346    12.6433 0.0000e+00
     16.434      0.076     4.2090     39.956    125.182  94.244279    26.6400     0.2152     0.0852     0.0846 1.1600e-01     2.6211     16.116     23.375    12.6421 0.0000e+00
     16.453      0.068     4.2153     40.054    125.251  94.298263    26.6400     0.1427     0.0852     0.0846 1.1592e-01     2.9384     16.135     23.402    12.6411 0.0000e+00
     16.469      0.060     4.2235     40.139    125.316  94.351923    26.6400     0.1312     0.0852     0.0846 1.1597e-01     2.9232     16.151     23.425    12.6403 0.0000e+00
     16.483      0.053     4.2327     40.192    125.366  94.397591    26.6400     0.1160     0.0852     0.0846 1.1590e-01     2.8024     16.164     23.445    12.6398 0.0000e+00
     16.495      0.047     4.2427     40.213    125.361  94.403491    26.6400     0.1236     0.0852     0.0846 1.1602e-01     2.7269     16.176     23.462    12.6398 0.0000e+00
     16.505      0.043     4.2530     40.212    125.322  94.383187    26.6400     0.1503     0.0852     0.0846 1.1590e-01     2.6664     16.186     23.476    12.6407 0.0000e+00
     16.514      0.041     4.2618     40.199    125.286  94.361231    26.6400     0.1656     0.0852     0.0846 1.1592e-01     2.5758     16.195     23.489    12.6427 0.0000e+00
     16.523      0.042     4.2671     40.178    125.265  94.343758    26.6400     0.1427     0.0852     0.0846 1.1595e-01     2.6664     16.204     23.502    12.6459 0.0000e+00
     16.533      0.044     4.2690     40.149    125.271  94.340093    26.6400     0.1351     0.0852     0.0846 1.1590e-01     2.6513     16.213     23.516    12.6498 0.0000e+00
     16.544      0.046     4.2686     40.115    125.282  94.337270    26.6400     0.1427     0.0852     0.0846 1.1590e-01     2.9232     16.224     23.531    12.6534 0.0000e+00
     16.557      0.049     4.2670     40.079    125.279  94.324545    26.6400     0.1503     0.0852     0.0846 1.1587e-01     2.8930     16.237     23.550    12.6553 0.0000e+00
     16.571      0.051     4.2649     40.042    125.289  94.324498    26.6400     0.1465     0.0852     0.1269 1.1567e-01     2.8628     16.251     23.570    12.6546 0.0000e+00
     16.585      0.051     4.2621     40.001    125.310  94.337116    26.6400     0.1351     0.0852     0.1269 1.1590e-01     2.9081     16.265     23.590    12.6515 0.0000e+00
     16.599      0.050     4.2589     39.962    125.314  94.339791    26.6400     0.1923     0.0852     0.1269 1.1600e-01     2.8628     16.278     23.610    12.6470 0.0000e+00
     16.611      0.048     4.2556     39.931    125.303  94.331240    26.6400     0.1770     0.0852     0.1269 1.1590e-01     2.9535     16.290     23.627    12.6427 0.0000e+00
     16.623      0.047     4.2518     39.909    125.280  94.313177    26.7300     0.2075     0.0852     0.0846 1.1590e-01     2.8930     16.301     23.643    12.6398 0.0000e+00
     16.633      0.047     4.2476     39.896    125.261  94.294770    26.7300     0.1999     0.0852     0.0846 1.1590e-01     2.8175     16.312     23.658    12.6385 0.0000e+00
     16.645      0.048     4.2435     39.881    125.266  94.293089    26.7300     0.1198     0.0852     0.0846 1.1605e-01     2.8628     16.323     23.674    12.6384 0.0000e+00
     16.656      0.050     4.2402     39.856    125.281  94.297694    26.7300     0.1236     0.0852     0.0846 1.1565e-01     2.8628     16.335     23.691    12.6384 0.0000e+00
     16.669      0.053     4.2380     39.822    125.279  94.289835    26.7300     0.1351     0.0852     0.0846 1.1595e-01     2.9232     16.347     23.710    12.6378 0.0000e+00
     16.684      0.057     4.2367     39.782    125.261  94.271411    26.7300     0.1427     0.0852     0.0846 1.1590e-01     2.8024     16.361     23.730    12.6364 0.0000e+00
     16.699      0.061     4.2353     39.729    125.245  94.253492    26.7300     0.1312     0.0852     0.0846 1.1595e-01     2.8779     16.376     23.751    12.6340 0.0000e+00
     16.714      0.064     4.2329     39.658    125.249  94.251279    26.7300     0.1198     0.0852     0.0846 1.1582e-01     2.9384     16.391     23.774    12.6314 0.0000e+00
     16.731      0.067     4.2296     39.581    125.259  94.254191    26.7300     0.1465     0.0852     0.0846 1.1600e-01     2.8175     16.408     23.798    12.6291 0.0000e+00
     16.749      0.068     4.2255     39.504    125.246  94.241028    26.7300     0.1236     0.1278     0.1692 1.1595e-01     2.8477     16.425     23.823    12.6269 0.0000e+00
     16.768      0.069     4.2200     39.418    125.246  94.238248    26.7300     0.2113     0.1278     0.1692 1.1595e-01     2.9535     16.444     23.850    12.6247 0.0000e+00
     16.786      0.069     4.2127     39.316    125.276  94.259095    26.7300     0.2075     0.1278     0.1692 1.1600e-01     2.8930     16.462     23.876    12.6226 0.0000e+00
     16.804      0.069     4.2047     39.202    125.307  94.281157    26.7300     0.2152     0.1278     0.1692 1.1575e-01     2.8930     16.479     23.901    12.6208 0.0000e+00
     16.820      0.069     4.1967     39.089    125.313  94.284345    26.9100     0.2075     0.0852     0.1269 1.1600e-01     2.8930     16.495     23.924    12.6193 0.0000e+00
     16.837      0.070     4.1876     38.992    125.278  94.255525    26.9100     0.2037     0.0852     0.1269 1.1605e-01     2.8628     16.511     23.948    12.6183 0.0000e+00
     16.854      0.073     4.1768     38.912    125.235  94.220974    26.9100     0.1427     0.0852     0.1269 1.1595e-01     2.8326     16.528     23.972    12.6176 0.0000e+00
     16.872      0.076     4.1647     38.841    125.230  94.213436    26.9100     0.1160     0.0852     0.1269 1.1605e-01     2.8326     16.546     23.997    12.6171 0.0000e+00
     16.892      0.080     4.1528     38.772    125.235  94.212917    26.9100     0.1427     0.0852     0.1269 1.1600e-01     2.8477     16.565     24.026    12.6165 0.0000e+00
     16.914      0.082     4.1426     38.705    125.224  94.201299    26.8200     0.1427     0.0852     0.0846 1.1595e-01     2.8477     16.587     24.057    12.6157 0.0000e+00
     16.937      0.083     4.1342     38.628    125.221  94.197460    26.8200     0.2075     0.0852     0.0846 1.1582e-01     3.6181     16.609     24.090    12.6145 0.0000e+00
     16.960      0.082     4.1268     38.521    125.228  94.202374    26.8200     0.1961     0.0852     0.0846 1.1575e-01     3.6484     16.632     24.122    12.6130 0.0000e+00
     16.981      0.080     4.1196     38.378    125.233  94.205364    26.8200     0.1846     0.0852     0.0846 1.1600e-01     3.6030     16.653     24.153    12.6114 0.0000e+00
     17.001      0.077     4.1127     38.207    125.241  94.211223    27.0000     0.1885     0.0852     0.0846 1.1595e-01     3.5879     16.672     24.181    12.6101 0.0000e+00
     17.019      0.075     4.1045     38.030    125.261  94.225510    27.0000     0.1961     0.0852     0.0846 1.1612e-01     3.3160     16.690     24.207    12.6094 0.0000e+00
     17.037      0.073     4.0931     37.868    125.282  94.240046    27.0000     0.1885     0.0852     0.0846 1.1610e-01     3.3764     16.708     24.232    12.6092 0.0000e+00
     17.055      0.072     4.0779     37.734    125.289  94.242726    27.0000     0.2037     0.0852     0.0846 1.1600e-01     3.2858     16.725     24.258    12.6092 0.0000e+00
     17.073      0.073     4.0598     37.630    125.287  94.238259    26.9100     0.1923     0.0852     0.2115 1.1612e-01     3.3311     16.743     24.283    12.6091 0.0000e+00
     17.091      0.074     4.0410     37.553    125.273  94.225454    26.9100     0.1846     0.0852     0.2115 1.1572e-01     3.3915     16.761     24.310    12.6088 0.0000e+00
     17.111      0.074     4.0239     37.494    125.242  94.200896    26.9100     0.1961     0.0852     0.2115 1.1595e-01     3.4369     16.780     24.337    12.6083 0.0000e+00
     17.130      0.074     4.0097     37.439    125.217  94.182010    26.9100     0.2152     0.0852     0.2115 1.1575e-01     3.3764     16.799     24.365    12.6073 0.0000e+00
     17.150      0.073     3.9988     37.381    125.217  94.183741    27.0000     0.1999     0.0852     0.1269 1.1595e-01     3.4067     16.819     24.393    12.6060 0.0000e+00
