Data/DataNotYetUploadedToEDI/Raw_CTD/RawDownloads/081519_fcr50_0000.cnv
* Sea-Bird SBE19plus  Data File:
* FileName = C:\DATA\081519_fcr50_0000_0004.hex
* Software version 2.8.0.119 SB_Terminal.dll
* Temperature SN = 7809
* Conductivity SN = 7809
* System UpLoad Time = Aug 15 2019 01:07:29
* <ApplicationData>
* <Seaterm232>
# nquan = 16
# nvalues = 741                         
# units = specified
# name 0 = depFM: Depth [fresh water, m]
# name 1 = dz/dtM: Descent Rate [m/s]
# name 2 = sbeox0Mg/L: Oxygen, SBE 43 [mg/l]
# name 3 = sbeox0PS: Oxygen, SBE 43 [% saturation]
# name 4 = specc: Specific Conductance [uS/cm]
# name 5 = c0uS/cm: Conductivity [uS/cm]
# name 6 = flECO-AFL: Fluorescence, WET Labs ECO-AFL/FL [mg/m^3]
# name 7 = ph: pH
# name 8 = orp: Oxidation Reduction Potential [mV]
# name 9 = par/sat/log: PAR/Logarithmic, Satlantic
# name 10 = turbWETntu0: Turbidity, WET Labs ECO [NTU]
# name 11 = prdM: Pressure, Strain Gauge [db]
# name 12 = prdE: Pressure, Strain Gauge [psi]
# name 13 = tv290C: Temperature [ITS-90, deg C]
# name 14 = density00: Density [density, kg/m^3]
# name 15 = flag:  0.000e+00
# span 0 =     -0.612,      9.513       
# span 1 =     -0.002,      0.212       
# span 2 =     0.1238,    10.9711       
# span 3 =      1.270,    134.846       
# span 4 =      0.839,     67.958       
# span 5 =   0.784811,  52.215565       
# span 6 =    -0.1383,     9.0066       
# span 7 =      6.830,      9.362       
# span 8 =   166.3495,   371.7802       
# span 9 = 1.2357e-01, 5.4079e-01       
# span 10 =    -0.5768,    61.3364      
# span 11 =     -0.600,      9.330      
# span 12 =     -0.871,     13.531      
# span 13 =    11.8031,    27.6815      
# span 14 =   996.3462,   999.5853      
# span 15 = 0.0000e+00, 0.0000e+00      
# interval = seconds: 0.25
# start_time = Aug 15 2019 00:01:10 [Instrument's time stamp, header]
# bad_flag = -9.990e-29
*END*
[from data line 91]
     -0.064      0.059     7.7222     97.129     36.214  37.752677     4.7746      9.323   252.7159 1.2399e-01     4.4622     -0.064     -0.094    27.2586   996.4617 0.0000e+00
     -0.053      0.048     7.7255     97.229     36.420  37.991553     4.8613      9.316   252.5837 1.2378e-01     4.4592     -0.051     -0.074    27.1789   996.4839 0.0000e+00
     -0.041      0.041     7.7606     97.753     36.541  38.152637     4.9037      9.308   252.3893 1.2377e-01     4.4343     -0.041     -0.059    27.1250   996.4988 0.0000e+00
     -0.030      0.036     7.8548     99.028     36.590  38.240425     4.8881      9.299   251.7417 1.2374e-01     4.4243     -0.030     -0.044    27.0974   996.5065 0.0000e+00
     -0.020      0.031     7.9510    100.330     36.604  38.291337     4.8035      9.291   251.1205 1.2370e-01     4.4038     -0.019     -0.027    27.1084   996.5036 0.0000e+00
     -0.013      0.025     7.9967    100.989     36.604  38.323927     4.6603      9.281   250.7293 1.2370e-01     4.3183     -0.011     -0.017    27.1476   996.4928 0.0000e+00
     -0.008      0.019     8.0046    101.150     36.573  38.317127     4.5784      9.272   250.1092 1.2372e-01     4.2740     -0.008     -0.011    27.1967   996.4793 0.0000e+00
     -0.004      0.014     7.9818    100.908     36.513  38.272633     4.5596      9.264   249.3014 1.2368e-01     4.2617     -0.005     -0.006    27.2482   996.4651 0.0000e+00
     -0.002      0.011     7.9243    100.214     36.460  38.230324     4.5541      9.257   248.5343 1.2366e-01     4.2350     -0.002     -0.003    27.2998   996.4508 0.0000e+00
     -0.001      0.010     7.8428     99.202     36.411  38.186456     4.5902      9.249   247.9752 1.2372e-01     4.3123     -0.001     -0.002    27.3473   996.4376 0.0000e+00
      0.000      0.010     7.7469     98.001     36.346  38.123102     4.6576      9.241   247.5314 1.2376e-01     4.4426      0.000     -0.001    27.3815   996.4281 0.0000e+00
      0.002      0.010     7.6537     96.836     36.256  38.035608     4.6841      9.233   246.9534 1.2376e-01     4.4661      0.002      0.003    27.4053   996.4213 0.0000e+00
      0.005      0.009     7.5893     96.041     36.170  37.953774     4.6684      9.226   246.3212 1.2373e-01     4.4329      0.004      0.006    27.4242   996.4161 0.0000e+00
      0.010      0.008     7.5481     95.540     36.166  37.958850     4.7452      9.218   245.8246 1.2374e-01     4.4343      0.010      0.014    27.4348   996.4133 0.0000e+00
      0.013      0.007     7.5055     95.014     36.232  38.033531     4.9195      9.210   245.5092 1.2381e-01     4.4501      0.014      0.020    27.4391   996.4121 0.0000e+00
      0.013      0.005     7.4537     94.363     36.290  38.095026     5.0150      9.203   245.1749 1.2381e-01     4.4606      0.013      0.019    27.4449   996.4103 0.0000e+00
      0.013      0.004     7.3936     93.598     36.325  38.131101     5.0239      9.196   244.7077 1.2375e-01     4.4623      0.013      0.019    27.4590   996.4064 0.0000e+00
      0.014      0.002     7.3273     92.751     36.348  38.152321     5.0188      9.190   244.3343 1.2373e-01     4.4388      0.014      0.020    27.4737   996.4022 0.0000e+00
      0.014      0.000     7.2574     91.852     36.363  38.161168     4.9965      9.183   243.9298 1.2371e-01     4.4388      0.014      0.020    27.4814   996.4001 0.0000e+00
      0.014 2.3920e-08     7.1893     90.967     36.386  38.174586     4.9797      9.177   243.4306 1.2364e-01     4.4942      0.014      0.020    27.4822   996.3999 0.0000e+00
      0.014 2.6312e-07     7.1345     90.247     36.409  38.187583     4.9721      9.171   242.9446 1.2365e-01     4.5190      0.015      0.021    27.4802   996.4005 0.0000e+00
      0.014 2.6620e-07     7.1060     89.862     36.424  38.191338     4.9134      9.166   242.2698 1.2371e-01     4.4755      0.014      0.020    27.4768   996.4015 0.0000e+00
      0.014 6.1148e-08     7.1156     89.965     36.459  38.219983     4.8163      9.162   241.6387 1.2373e-01     4.4600      0.013      0.019    27.4677   996.4040 0.0000e+00
      0.014 4.1198e-07     7.1742     90.693     36.522  38.280005     4.7776      9.157   241.3358 1.2373e-01     4.4958      0.014      0.020    27.4528   996.4082 0.0000e+00
      0.013      0.000     7.2811     92.035     36.589  38.345759     4.7922      9.152   241.1889 1.2372e-01     4.5156      0.013      0.019    27.4352   996.4131 0.0000e+00
      0.013      0.000     7.4261     93.860     36.625  38.380231     4.8363      9.147   241.0675 1.2372e-01     4.5022      0.013      0.019    27.4195   996.4175 0.0000e+00
      0.014      0.001     7.5933     95.962     36.629  38.379403     4.9125      9.143   240.9003 1.2370e-01     4.4658      0.014      0.020    27.4070   996.4210 0.0000e+00
      0.014      0.001     7.7554     98.001     36.652  38.399217     4.9591      9.138   240.5438 1.2371e-01     4.4363      0.014      0.020    27.3989   996.4233 0.0000e+00
      0.014      0.001     7.8889     99.679     36.684  38.429365     4.9581      9.133   240.0276 1.2372e-01     4.4393      0.014      0.020    27.3954   996.4243 0.0000e+00
      0.015      0.001     7.9833    100.859     36.687  38.426530     4.9601      9.129   239.5634 1.2367e-01     4.4375      0.015      0.021    27.3907   996.4256 0.0000e+00
      0.015      0.001     8.0380    101.529     36.696  38.428404     4.9840      9.126   239.1473 1.2369e-01     4.3817      0.015      0.021    27.3829   996.4278 0.0000e+00
      0.015      0.001     8.0567    101.745     36.726  38.452016     5.0039      9.121   238.6958 1.2374e-01     4.2892      0.015      0.021    27.3768   996.4295 0.0000e+00
      0.015      0.001     8.0424    101.553     36.736  38.458100     5.0109      9.116   238.3203 1.2374e-01     4.2359      0.015      0.021    27.3740   996.4302 0.0000e+00
      0.015      0.002     8.0009    101.027     36.718  38.438472     5.0076      9.112   238.0483 1.2374e-01     4.2617      0.015      0.021    27.3675   996.4320 0.0000e+00
      0.015      0.004     7.9471    100.346     36.687  38.405131     4.9726      9.108   237.8165 1.2371e-01     4.3392      0.015      0.022    27.3530   996.4361 0.0000e+00
      0.016      0.005     7.9008     99.752     36.659  38.372363     4.9169      9.104   237.5822 1.2371e-01     4.4194      0.015      0.021    27.3405   996.4396 0.0000e+00
      0.017      0.005     7.8648     99.282     36.654  38.359661     4.8896      9.102   237.2803 1.2376e-01     4.4445      0.017      0.024    27.3346   996.4412 0.0000e+00
      0.020      0.004     7.8291     98.819     36.677  38.378495     4.8931      9.101   236.8335 1.2377e-01     4.4459      0.020      0.029    27.3349   996.4412 0.0000e+00
      0.023      0.002     7.8026     98.484     36.707  38.409642     4.8896      9.100   236.3100 1.2375e-01     4.5352      0.023      0.034    27.3367   996.4407 0.0000e+00
      0.023      0.001     7.7998     98.455     36.713  38.418865     4.8646      9.096   235.9411 1.2378e-01     4.6717      0.025      0.036    27.3312   996.4422 0.0000e+00
      0.021     -0.001     7.8109     98.607     36.716  38.426535     4.8430      9.091   235.8155 1.2383e-01     4.7202      0.021      0.030    27.3197   996.4453 0.0000e+00
      0.019     -0.002     7.8158     98.684     36.721  38.438917     4.8358      9.086   235.7368 1.2381e-01     4.6943      0.017      0.025    27.3109   996.4478 0.0000e+00
      0.019     -0.002     7.8071     98.590     36.717  38.441630     4.8647      9.082   235.5058 1.2373e-01     4.6208      0.018      0.026    27.3109   996.4478 0.0000e+00
      0.019     -0.001     7.7948     98.449     36.728  38.459348     4.9325      9.078   235.0874 1.2369e-01     4.5210      0.019      0.027    27.3167   996.4462 0.0000e+00
      0.019      0.000     7.7938     98.447     36.727  38.462713     4.9703      9.076   234.6356 1.2366e-01     4.4704      0.018      0.028    27.3237   996.4442 0.0000e+00
      0.019 -3.878e-08     7.8087     98.641     36.683  38.418851     4.9662      9.073   234.3447 1.2361e-01     4.4677      0.019      0.027    27.3322   996.4419 0.0000e+00
      0.019 -4.266e-07     7.8326     98.942     36.640  38.373367     4.9791      9.069   234.2378 1.2364e-01     4.5214      0.018      0.026    27.3414   996.4393 0.0000e+00
      0.019 -4.266e-07     7.8578     99.256     36.627  38.357108     5.0301      9.064   234.2037 1.2370e-01     4.6283      0.019      0.027    27.3500   996.4369 0.0000e+00
      0.019 -3.878e-08     7.8810     99.538     36.623  38.349218     5.0715      9.060   233.9324 1.2372e-01     4.7110      0.019      0.027    27.3565   996.4351 0.0000e+00
      0.019 -3.525e-09     7.8985     99.747     36.621  38.341431     5.0809      9.056   233.4529 1.2370e-01     4.7343      0.019      0.027    27.3599   996.4343 0.0000e+00
      0.019 -3.205e-10     7.9069     99.842     36.611  38.326424     5.0832      9.053   233.1375 1.2369e-01     4.7133      0.019      0.027    27.3597   996.4342 0.0000e+00
      0.019 -2.913e-11     7.9044     99.802     36.584  38.294726     5.0649      9.049   233.0447 1.2372e-01     4.6223      0.019      0.028    27.3561   996.4352 0.0000e+00
      0.019 -2.649e-12     7.8899     99.612     36.569  38.275555     5.0327      9.046   233.0197 1.2369e-01     4.4848      0.019      0.027    27.3503   996.4368 0.0000e+00
      0.019 -2.405e-13     7.8643     99.280     36.581  38.285050     5.0236      9.043   232.9207 1.2363e-01     4.4276      0.019      0.027    27.3432   996.4388 0.0000e+00
      0.019 -1.890e-14     7.8316     98.855     36.583  38.282565     5.0237      9.040   232.6232 1.2359e-01     4.4551      0.019      0.027    27.3360   996.4408 0.0000e+00
      0.019 3.0937e-14     7.7942     98.369     36.553  38.245505     5.0172      9.037   232.2612 1.2360e-01     4.4575      0.018      0.026    27.3312   996.4421 0.0000e+00
      0.019 3.6201e-13     7.7511     97.809     36.533  38.217809     5.0141      9.034   232.0708 1.2366e-01     4.4232      0.019      0.028    27.3281   996.4430 0.0000e+00
      0.019 3.9841e-12     7.7041     97.202     36.524  38.201597     5.0208      9.032   232.0424 1.2368e-01     4.4333      0.019      0.027    27.3240   996.4442 0.0000e+00
      0.019 4.3825e-11     7.6571     96.595     36.506  38.176436     5.0283      9.029   232.0896 1.2367e-01     4.4491      0.019      0.027    27.3172   996.4460 0.0000e+00
      0.019 4.8208e-10     7.6118     96.005     36.504  38.167479     5.0273      9.026   232.0394 1.2369e-01     4.4499      0.019      0.027    27.3085   996.4484 0.0000e+00
      0.019 5.3029e-09     7.5698     95.455     36.502  38.156767     5.0260      9.024   231.8657 1.2374e-01     4.4761      0.019      0.027    27.2994   996.4510 0.0000e+00
      0.019 5.8341e-08     7.5302     94.935     36.466  38.110376     5.0210      9.022   231.7092 1.2379e-01     4.4711      0.019      0.028    27.2912   996.4533 0.0000e+00
      0.019 6.4177e-07     7.4918     94.430     36.418  38.050893     5.0108      9.019   231.5251 1.2382e-01     4.4546      0.019      0.027    27.2830   996.4555 0.0000e+00
      0.020      0.000     7.4549     93.945     36.386  38.008839     5.0240      9.016   231.2736 1.2382e-01     4.4739      0.019      0.028    27.2723   996.4585 0.0000e+00
      0.020      0.000     7.4169     93.447     36.369  37.982747     5.0589      9.014   231.1640 1.2384e-01     4.5075      0.020      0.028    27.2596   996.4620 0.0000e+00
      0.019      0.001     7.3743     92.889     36.324  37.925837     5.0769      9.012   231.1464 1.2384e-01     4.5008      0.019      0.026    27.2473   996.4654 0.0000e+00
      0.019      0.001     7.3282     92.285     36.240  37.828527     5.0779      9.010   230.9748 1.2379e-01     4.4575      0.018      0.027    27.2357   996.4685 0.0000e+00
      0.019      0.001     7.2801     91.652     36.184  37.758307     5.0704      9.008   230.7242 1.2373e-01     4.4432      0.019      0.027    27.2238   996.4718 0.0000e+00
      0.020      0.001     7.2286     90.976     36.151  37.711541     5.0563      9.005   230.5246 1.2374e-01     4.4597      0.020      0.028    27.2116   996.4753 0.0000e+00
      0.021      0.001     7.1744     90.265     36.098  37.643916     5.0459      9.001   230.4548 1.2378e-01     4.4593      0.021      0.030    27.1996   996.4786 0.0000e+00
      0.021      0.001     7.1173     89.519     36.045  37.575394     5.0305      8.998   230.6544 1.2376e-01     4.4388      0.021      0.030    27.1857   996.4824 0.0000e+00
      0.021      0.000     7.0568     88.732     36.001  37.517784     5.0177      8.995   230.9588 1.2371e-01     4.4743      0.021      0.030    27.1696   996.4869 0.0000e+00
      0.021 1.8628e-08     6.9974     87.963     35.951  37.455139     5.0306      8.990   230.9523 1.2368e-01     4.5276      0.020      0.029    27.1517   996.4918 0.0000e+00
      0.021 2.0490e-07     6.9423     87.250     35.897  37.389202     5.0553      8.985   230.7480 1.2375e-01     4.5263      0.021      0.030    27.1338   996.4967 0.0000e+00
      0.021 2.0490e-07     6.8889     86.560     35.872  37.355275     5.0648      8.981   230.6387 1.2378e-01     4.4905      0.020      0.029    27.1165   996.5014 0.0000e+00
      0.021 1.8627e-08     6.8369     85.890     35.886  37.362283     5.0603      8.979   230.8359 1.2373e-01     4.4565      0.021      0.030    27.0996   996.5061 0.0000e+00
      0.021 1.6934e-09     6.7880     85.261     35.878  37.346983     5.0179      8.976   231.1529 1.2369e-01     4.4753      0.020      0.029    27.0850   996.5101 0.0000e+00
      0.021 1.5418e-10     6.7433     84.685     35.838  37.297218     4.9422      8.974   231.0301 1.2368e-01     4.4881      0.020      0.029    27.0726   996.5135 0.0000e+00
      0.021 1.6540e-11     6.7021     84.152     35.817  37.268362     4.9072      8.972   230.7283 1.2370e-01     4.4800      0.021      0.030    27.0613   996.5166 0.0000e+00
      0.021 2.9263e-11     6.6632     83.650     35.807  37.251975     4.9068      8.971   230.4293 1.2372e-01     4.5091      0.021      0.030    27.0506   996.5196 0.0000e+00
      0.021 3.0801e-10     6.6277     83.190     35.788  37.226019     4.9028      8.971   229.9966 1.2371e-01     4.5121      0.021      0.030    27.0401   996.5225 0.0000e+00
      0.021 3.3869e-09     6.5939     82.752     35.778  37.208416     4.9018      8.971   230.0556 1.2370e-01     4.4829      0.021      0.030    27.0299   996.5253 0.0000e+00
      0.021 3.7255e-08     6.5603     82.317     35.743  37.166074     4.9036      8.970   230.5403 1.2369e-01     4.4837      0.020      0.029    27.0200   996.5280 0.0000e+00
      0.021 4.0981e-07     6.5279     81.899     35.679  37.094897     4.9078      8.969   230.6951 1.2369e-01     4.4892      0.021      0.030    27.0109   996.5305 0.0000e+00
      0.021      0.000     6.4974     81.506     35.698  37.109487     4.9352      8.968   230.4652 1.2366e-01     4.4508      0.020      0.029    27.0015   996.5330 0.0000e+00
      0.021      0.000     6.4716     81.173     36.049  37.469422     4.9835      8.967   230.0836 1.2357e-01     4.4137      0.020      0.029    26.9931   996.5353 0.0000e+00
      0.021      0.001     6.4717     81.175     36.761  38.209616     5.0053      8.965   230.0382 1.2359e-01     4.4336      0.020      0.028    26.9839   996.5378 0.0000e+00
      0.021      0.001     6.5859     82.678     37.320  38.822848     4.9997      8.963   230.3473 1.2369e-01     4.4617      0.021      0.029    26.9771   996.5397 0.0000e+00
      0.021      0.001     6.9451     87.371     37.451  39.044131     4.9417      8.961   230.4655 1.2374e-01     4.4589      0.021      0.030    26.9682   996.5421 0.0000e+00
