Data/DataNotYetUploadedToEDI/Raw_CTD/RawDownloads/081519_fcr50_0300.cnv
* Sea-Bird SBE19plus  Data File:
* FileName = C:\DATA\081519_fcr50b_0001.hex
* Software version 2.8.0.119 SB_Terminal.dll
* Temperature SN = 7809
* Conductivity SN = 7809
* System UpLoad Time = Aug 15 2019 15:08:56
* <ApplicationData>
* <Seaterm232>
# nquan = 16
# nvalues = 825                         
# units = specified
# name 0 = depFM: Depth [fresh water, m]
# name 1 = dz/dtM: Descent Rate [m/s]
# name 2 = sbeox0Mg/L: Oxygen, SBE 43 [mg/l]
# name 3 = sbeox0PS: Oxygen, SBE 43 [% saturation]
# name 4 = specc: Specific Conductance [uS/cm]
# name 5 = c0uS/cm: Conductivity [uS/cm]
# name 6 = flECO-AFL: Fluorescence, WET Labs ECO-AFL/FL [mg/m^3]
# name 7 = ph: pH
# name 8 = orp: Oxidation Reduction Potential [mV]
# name 9 = par/sat/log: PAR/Logarithmic, Satlantic
# name 10 = turbWETntu0: Turbidity, WET Labs ECO [NTU]
# name 11 = prdM: Pressure, Strain Gauge [db]
# name 12 = prdE: Pressure, Strain Gauge [psi]
# name 13 = tv290C: Temperature [ITS-90, deg C]
# name 14 = density00: Density [density, kg/m^3]
# name 15 = flag:  0.000e+00
# span 0 =     -0.618,      9.504       
# span 1 =     -0.011,      0.258       
# span 2 =     0.1271,    10.0243       
# span 3 =      1.295,    123.410       
# span 4 =      0.354,     68.362       
# span 5 =   0.321278,  52.708120       
# span 6 =    -0.1433,     8.8703       
# span 7 =      6.877,      9.401       
# span 8 =   209.7045,   368.9914       
# span 9 = 1.2357e-01, 5.9763e-01       
# span 10 =    -0.5640,    37.5458      
# span 11 =     -0.606,      9.321      
# span 12 =     -0.879,     13.519      
# span 13 =    11.8089,    27.1757      
# span 14 =   996.4870,   999.5847      
# span 15 = 0.0000e+00, 0.0000e+00      
# interval = seconds: 0.25
# start_time = Aug 15 2019 03:00:02 [Instrument's time stamp, header]
# bad_flag = -9.990e-29
*END*
[from data line 543]
      4.042      0.073     0.1667      1.626     52.919  41.525806     4.3856      7.315   241.0457 1.2375e-01     2.0575      3.967      5.755    14.8554   999.1618 0.0000e+00
      4.054      0.062     0.1682      1.639     56.347  44.165857     4.3789      7.312   237.7564 1.2378e-01     2.1892      3.979      5.772    14.6055   999.1996 0.0000e+00
      4.059      0.055     0.1717      1.671     59.439  46.528001     4.3814      7.310   235.1227 1.2374e-01     2.4086      3.980      5.771    14.4075   999.2284 0.0000e+00
      4.065      0.055     0.1742      1.693     61.409  47.988346     4.3819      7.308   232.6045 1.2370e-01     2.5144      3.984      5.778    14.2768   999.2467 0.0000e+00
      4.079      0.060     0.1750      1.698     62.894  49.057727     4.3750      7.303   230.4531 1.2369e-01     2.5177      3.998      5.799    14.2251   999.2545 0.0000e+00
      4.098      0.067     0.1748      1.694     64.132  49.930926     4.3763      7.296   229.1580 1.2367e-01     2.5466      4.017      5.827    14.1965   999.2603 0.0000e+00
      4.121      0.072     0.1739      1.683     65.192  50.670194     4.3803      7.288   228.9912 1.2368e-01     2.7323      4.041      5.862    14.1428   999.2690 0.0000e+00
      4.145      0.073     0.1711      1.653     66.068  51.263196     4.3807      7.282   229.5547 1.2373e-01     3.0590      4.066      5.897    14.0733   999.2794 0.0000e+00
      4.165      0.071     0.1666      1.607     66.925  51.828662     4.3811      7.277   229.8622 1.2373e-01     3.2522      4.086      5.926    13.9981   999.2905 0.0000e+00
      4.181      0.066     0.1629      1.569     68.003  52.552371     4.3843      7.272   229.4396 1.2363e-01     3.2988      4.101      5.948    13.9229   999.3013 0.0000e+00
      4.194      0.062     0.1614      1.551     68.362  52.708120     4.4287      7.266   228.6607 1.2363e-01     3.2290      4.113      5.966    13.8596   999.3105 0.0000e+00
      4.207      0.062     0.1599      1.534     65.707  50.535415     4.5100      7.258   228.1030 1.2378e-01     3.0318      4.125      5.982    13.7972   999.3194 0.0000e+00
      4.222      0.065     0.1583      1.514     59.522  45.654541     4.5615      7.248   227.9449 1.2384e-01     2.9132      4.140      6.004    13.7214   999.3299 0.0000e+00
      4.238      0.071     0.1565      1.493     53.470  40.880110     4.5659      7.234   228.0391 1.2378e-01     2.9418      4.156      6.027    13.6410   999.3413 0.0000e+00
      4.257      0.079     0.1533      1.458     50.496  38.463712     4.5020      7.219   227.7797 1.2377e-01     3.2139      4.172      6.051    13.5505   999.3540 0.0000e+00
      4.278      0.085     0.1509      1.430     49.441  37.516218     4.3875      7.214   226.8729 1.2376e-01     3.7130      4.193      6.082    13.4484   999.3671 0.0000e+00
      4.303      0.087     0.1505      1.422     48.913  36.977889     4.3261      7.217   225.6794 1.2375e-01     4.0275      4.219      6.119    13.3437   999.3781 0.0000e+00
      4.329      0.084     0.1505      1.417     48.736  36.715440     4.3311      7.219   224.3622 1.2376e-01     4.1004      4.245      6.157    13.2234   999.3912 0.0000e+00
      4.354      0.078     0.1513      1.422     48.940  36.754904     4.3786      7.215   223.0785 1.2379e-01     4.2661      4.271      6.195    13.0815   999.4090 0.0000e+00
      4.374      0.068     0.1567      1.470     49.398  37.010576     4.4585      7.210   221.6878 1.2382e-01     4.5559      4.293      6.226    12.9325   999.4278 0.0000e+00
      4.389      0.058     0.1717      1.608     49.485  37.013733     4.5077      7.209   219.3344 1.2381e-01     4.7204      4.306      6.245    12.7941   999.4449 0.0000e+00
      4.399      0.053     0.2069      1.935     49.076  36.666062     4.5144      7.214   216.3920 1.2379e-01     4.7147      4.315      6.258    12.6598   999.4614 0.0000e+00
      4.406      0.054     0.2758      2.576     48.803  36.424964     4.4530      7.218   214.3327 1.2378e-01     4.6181      4.320      6.267    12.5373   999.4764 0.0000e+00
      4.414      0.060     0.3843      3.588     48.800  36.383697     4.3288      7.225   212.9342 1.2376e-01     4.5029      4.326      6.273    12.4511   999.4871 0.0000e+00
      4.429      0.069     0.5304      4.949     48.715  36.293998     4.2611      7.230   211.4413 1.2371e-01     4.4693      4.339      6.294    12.3864   999.4950 0.0000e+00
      4.452      0.078     0.7070      6.593     48.575  36.165561     4.2592      7.229   210.2206 1.2368e-01     4.5066      4.365      6.331    12.3524   999.4987 0.0000e+00
      4.478      0.085     0.8985      8.370     48.545  36.100232     4.2360      7.228   209.7045 1.2372e-01     4.5927      4.392      6.370    12.3216   999.5025 0.0000e+00
      4.503      0.088     1.0897     10.139     48.584  36.075319     3.9286      7.233   209.9327 1.2377e-01     5.0191      4.417      6.407    12.2654   999.5093 0.0000e+00
      4.528      0.087     1.2779     11.879     48.617  36.054693     3.3520      7.239   210.7429 1.2377e-01     5.7291      4.442      6.442    12.2462   999.5116 0.0000e+00
      4.549      0.083     1.4580     13.544     48.639  36.041215     3.0210      7.242   211.7579 1.2373e-01     6.0990      4.462      6.472    12.2362   999.5128 0.0000e+00
      4.567      0.079     1.6250     15.089     48.663  36.039270     2.9693      7.239   212.7399 1.2369e-01     6.2479      4.479      6.496    12.1825   999.5192 0.0000e+00
      4.585      0.077     1.7823     16.544     48.673  36.031147     2.8057      7.233   213.8394 1.2365e-01     7.8565      4.496      6.521    12.1193   999.5266 0.0000e+00
      4.605      0.076     1.9293     17.903     48.660  36.006468     2.5076      7.233   214.9003 1.2369e-01    10.8330      4.516      6.549    12.0713   999.5322 0.0000e+00
      4.624      0.077     2.0597     19.108     48.659  35.994758     2.3381      7.239   215.5860 1.2374e-01    12.4477      4.536      6.577    12.0427   999.5356 0.0000e+00
      4.643      0.078     2.1690     20.119     48.695  36.016485     2.3005      7.244   216.1080 1.2372e-01    12.5994      4.553      6.603    12.0261   999.5376 0.0000e+00
      4.663      0.078     2.2559     20.923     48.700  36.015274     2.1567      7.244   216.7378 1.2366e-01    12.6999      4.572      6.631    12.0109   999.5394 0.0000e+00
      4.685      0.076     2.3198     21.511     48.665  35.980105     1.9086      7.240   217.3496 1.2364e-01    12.8097      4.595      6.664    11.9932   999.5415 0.0000e+00
      4.707      0.073     2.3621     21.897     48.669  35.972085     1.7709      7.235   218.1715 1.2369e-01    12.8460      4.617      6.698    11.9804   999.5431 0.0000e+00
      4.726      0.071     2.3862     22.116     48.694  35.981767     1.7576      7.231   219.4472 1.2376e-01    12.8435      4.635      6.723    11.9783   999.5434 0.0000e+00
      4.741      0.070     2.3966     22.209     48.688  35.970222     1.8348      7.229   220.6436 1.2379e-01    12.6807      4.650      6.744    11.9753   999.5439 0.0000e+00
      4.755      0.071     2.3995     22.234     48.680  35.959428     1.9844      7.227   221.5374 1.2379e-01    12.3858      4.663      6.763    11.9650   999.5450 0.0000e+00
      4.770      0.074     2.3986     22.224     48.711  35.978197     2.0667      7.226   222.3386 1.2377e-01    12.2270      4.676      6.782    11.9527   999.5465 0.0000e+00
      4.789      0.079     2.3974     22.210     48.754  36.006736     2.0588      7.224   223.1043 1.2379e-01    12.2350      4.695      6.810    11.9428   999.5478 0.0000e+00
      4.812      0.084     2.3957     22.193     48.730  35.987118     1.8453      7.222   223.9983 1.2385e-01    12.8439      4.720      6.845    11.9361   999.5486 0.0000e+00
      4.836      0.088     2.3879     22.121     48.656  35.931408     1.4536      7.219   225.0590 1.2388e-01    13.9850      4.742      6.878    11.9320   999.5492 0.0000e+00
      4.861      0.091     2.3753     22.002     48.624  35.904407     1.2411      7.216   226.0354 1.2384e-01    14.6275      4.766      6.912    11.9273   999.5498 0.0000e+00
      4.886      0.091     2.3623     21.881     48.642  35.914542     1.2189      7.213   226.7689 1.2376e-01    14.7125      4.793      6.951    11.9227   999.5504 0.0000e+00
      4.909      0.089     2.3503     21.768     48.662  35.926994     1.2103      7.210   227.3890 1.2371e-01    14.7177      4.815      6.984    11.9226   999.5506 0.0000e+00
      4.930      0.086     2.3409     21.679     48.666  35.928022     1.1459      7.207   227.9398 1.2372e-01    14.8226      4.833      7.010    11.9217   999.5508 0.0000e+00
      4.952      0.084     2.3338     21.612     48.669  35.926972     1.0299      7.204   228.4384 1.2367e-01    15.0297      4.856      7.043    11.9172   999.5514 0.0000e+00
      4.973      0.083     2.3254     21.532     48.656  35.914288     0.9698      7.203   229.0299 1.2366e-01    15.1573      4.878      7.077    11.9139   999.5519 0.0000e+00
      4.992      0.084     2.3150     21.434     48.646  35.901604     0.9649      7.203   229.7566 1.2375e-01    15.1857      4.896      7.101    11.9121   999.5522 0.0000e+00
      5.011      0.085     2.3073     21.361     48.651  35.900545     0.9798      7.203   230.6001 1.2376e-01    15.1764      4.912      7.125    11.9097   999.5525 0.0000e+00
      5.035      0.085     2.3044     21.331     48.659  35.901481     1.0109      7.202   231.3993 1.2373e-01    15.1760      4.937      7.160    11.9071   999.5528 0.0000e+00
      5.060      0.085     2.3042     21.327     48.681  35.912917     1.0291      7.200   231.9340 1.2375e-01    15.1810      4.964      7.199    11.9039   999.5534 0.0000e+00
      5.082      0.085     2.3053     21.335     48.686  35.911868     1.0350      7.199   232.2478 1.2377e-01    15.1712      4.985      7.230    11.8986   999.5541 0.0000e+00
      5.103      0.085     2.3086     21.363     48.661  35.888788     1.0043      7.197   232.6976 1.2377e-01    15.1890      5.003      7.257    11.8930   999.5548 0.0000e+00
      5.124      0.081     2.3169     21.439     48.664  35.887739     0.9442      7.195   233.3284 1.2377e-01    15.2315      5.025      7.287    11.8880   999.5555 0.0000e+00
      5.145      0.076     2.3308     21.567     48.681  35.899185     0.9241      7.192   233.9379 1.2385e-01    15.2926      5.045      7.317    11.8829   999.5562 0.0000e+00
      5.166      0.072     2.3468     21.714     48.682  35.900225     0.9265      7.192   234.4751 1.2390e-01    15.3704      5.067      7.349    11.8777   999.5569 0.0000e+00
      5.185      0.070     2.3629     21.863     48.683  35.900319     0.9289      7.193   234.9195 1.2380e-01    15.4183      5.088      7.379    11.8729   999.5575 0.0000e+00
      5.199      0.070     2.3787     22.009     48.685  35.900328     0.9535      7.192   235.4391 1.2376e-01    15.4127      5.100      7.398    11.8697   999.5579 0.0000e+00
      5.212      0.072     2.3930     22.141     48.686  35.900328     0.9729      7.187   236.0260 1.2379e-01    15.3687      5.110      7.412    11.8688   999.5581 0.0000e+00
      5.227      0.077     2.4040     22.241     48.688  35.900318     0.9722      7.182   236.5950 1.2375e-01    15.3449      5.123      7.432    11.8691   999.5581 0.0000e+00
      5.249      0.083     2.4122     22.315     48.691  35.900204     0.9455      7.177   237.2420 1.2374e-01    15.3549      5.146      7.464    11.8685   999.5583 0.0000e+00
      5.275      0.089     2.4203     22.390     48.692  35.898946     0.8923      7.175   237.8266 1.2378e-01    15.3578      5.173      7.503    11.8675   999.5585 0.0000e+00
      5.301      0.094     2.4263     22.444     48.677  35.885108     0.8578      7.174   238.3283 1.2372e-01    15.3468      5.198      7.541    11.8663   999.5588 0.0000e+00
      5.326      0.095     2.4286     22.463     48.645  35.859823     0.8498      7.173   238.8344 1.2368e-01    15.3529      5.224      7.577    11.8650   999.5590 0.0000e+00
      5.351      0.093     2.4296     22.473     48.628  35.847120     0.8468      7.171   239.2136 1.2375e-01    15.3668      5.248      7.611    11.8631   999.5594 0.0000e+00
      5.376      0.089     2.4303     22.480     48.643  35.858460     0.8648      7.169   239.5571 1.2380e-01    15.3503      5.272      7.647    11.8605   999.5598 0.0000e+00
      5.398      0.085     2.4328     22.504     48.658  35.869991     0.9028      7.167   240.1490 1.2380e-01    15.3510      5.295      7.680    11.8573   999.5602 0.0000e+00
      5.418      0.081     2.4363     22.536     48.643  35.859594     0.9164      7.165   240.8637 1.2374e-01    15.3423      5.313      7.706    11.8548   999.5606 0.0000e+00
      5.436      0.076     2.4375     22.547     48.644  35.859698     0.9075      7.162   241.4012 1.2369e-01    15.3093      5.330      7.731    11.8549   999.5606 0.0000e+00
      5.456      0.072     2.4386     22.557     48.661  35.871249     0.8821      7.160   241.8293 1.2369e-01    15.3792      5.350      7.760    11.8560   999.5606 0.0000e+00
      5.476      0.069     2.4411     22.579     48.663  35.872308     0.8347      7.159   242.0825 1.2365e-01    15.4992      5.371      7.790    11.8573   999.5606 0.0000e+00
      5.493      0.068     2.4419     22.587     48.663  35.872508     0.8032      7.158   242.2260 1.2358e-01    15.5472      5.389      7.815    11.8576   999.5606 0.0000e+00
      5.508      0.067     2.4420     22.587     48.665  35.873662     0.7954      7.155   242.7028 1.2357e-01    15.5662      5.401      7.834    11.8566   999.5608 0.0000e+00
      5.522      0.066     2.4420     22.587     48.683  35.886253     0.8096      7.153   243.4598 1.2363e-01    15.5335      5.414      7.852    11.8554   999.5610 0.0000e+00
      5.539      0.067     2.4397     22.567     48.699  35.897802     0.8370      7.151   244.0655 1.2365e-01    15.4461      5.433      7.878    11.8549   999.5611 0.0000e+00
      5.558      0.071     2.4376     22.547     48.684  35.886357     0.8486      7.150   244.4344 1.2365e-01    15.4276      5.452      7.907    11.8551   999.5612 0.0000e+00
      5.576      0.077     2.4374     22.544     48.669  35.874808     0.8457      7.149   244.7366 1.2366e-01    15.4081      5.468      7.930    11.8548   999.5613 0.0000e+00
      5.593      0.083     2.4369     22.538     48.684  35.885109     0.8460      7.147   245.0516 1.2366e-01    15.3405      5.484      7.953    11.8538   999.5615 0.0000e+00
      5.613      0.090     2.4372     22.542     48.684  35.883965     0.8517      7.145   245.4042 1.2370e-01    15.3310      5.504      7.983    11.8535   999.5617 0.0000e+00
      5.638      0.097     2.4397     22.565     48.653  35.860969     0.8540      7.142   245.8162 1.2374e-01    15.3591      5.528      8.019    11.8542   999.5617 0.0000e+00
      5.666      0.103     2.4408     22.575     48.653  35.860959     0.8562      7.139   246.3327 1.2373e-01    15.3859      5.557      8.059    11.8537   999.5618 0.0000e+00
      5.695      0.105     2.4406     22.573     48.683  35.883841     0.8523      7.136   246.7456 1.2372e-01    15.4580      5.585      8.101    11.8522   999.5622 0.0000e+00
      5.725      0.102     2.4410     22.576     48.683  35.883736     0.8414      7.135   246.9366 1.2374e-01    15.5752      5.614      8.143    11.8508   999.5625 0.0000e+00
      5.754      0.097     2.4400     22.567     48.650  35.859700     0.8366      7.134   247.0080 1.2374e-01    15.6227      5.643      8.186    11.8504   999.5626 0.0000e+00
      5.779      0.092     2.4377     22.547     48.633  35.847110     0.8378      7.132   247.0922 1.2369e-01    15.6077      5.669      8.222    11.8510   999.5627 0.0000e+00
