Data/DataNotYetUploadedToEDI/Raw_CTD/RawDownloads/081519_fcr50_0600.cnv
* Sea-Bird SBE19plus  Data File:
* FileName = C:\DATA\081519_fcr50b_0002.hex
* Software version 2.8.0.119 SB_Terminal.dll
* Temperature SN = 7809
* Conductivity SN = 7809
* System UpLoad Time = Aug 15 2019 15:09:39
* <ApplicationData>
* <Seaterm232>
# nquan = 16
# nvalues = 1495                        
# units = specified
# name 0 = depFM: Depth [fresh water, m]
# name 1 = dz/dtM: Descent Rate [m/s]
# name 2 = sbeox0Mg/L: Oxygen, SBE 43 [mg/l]
# name 3 = sbeox0PS: Oxygen, SBE 43 [% saturation]
# name 4 = specc: Specific Conductance [uS/cm]
# name 5 = c0uS/cm: Conductivity [uS/cm]
# name 6 = flECO-AFL: Fluorescence, WET Labs ECO-AFL/FL [mg/m^3]
# name 7 = ph: pH
# name 8 = orp: Oxidation Reduction Potential [mV]
# name 9 = par/sat/log: PAR/Logarithmic, Satlantic
# name 10 = turbWETntu0: Turbidity, WET Labs ECO [NTU]
# name 11 = prdM: Pressure, Strain Gauge [db]
# name 12 = prdE: Pressure, Strain Gauge [psi]
# name 13 = tv290C: Temperature [ITS-90, deg C]
# name 14 = density00: Density [density, kg/m^3]
# name 15 = flag:  0.000e+00
# span 0 =     -0.612,      9.546       
# span 1 =     -0.063,      0.246       
# span 2 =     0.0727,    10.3774       
# span 3 =      0.702,    127.073       
# span 4 =      0.776,     67.550       
# span 5 =   0.694848,  51.781175       
# span 6 =    -0.1391,     8.2037       
# span 7 =      6.722,      9.375       
# span 8 =   183.7005,   320.3135       
# span 9 = 1.2358e-01, 7.5442e-01       
# span 10 =    -0.5543,    17.0493      
# span 11 =     -0.601,      9.362      
# span 12 =     -0.871,     13.578      
# span 13 =    11.8042,    26.7999      
# span 14 =   996.5894,   999.5849      
# span 15 = 0.0000e+00, 0.0000e+00      
# interval = seconds: 0.25
# start_time = Aug 15 2019 06:08:08 [Instrument's time stamp, header]
# bad_flag = -9.990e-29
*END*
[from data line 543]
      1.244      0.036    10.2325    124.822     35.960  36.270163     5.5014      8.552   267.1742 1.2371e-01     5.1815      1.220      1.770    25.5562   996.9262 0.0000e+00
      1.253      0.042    10.2003    124.295     35.996  36.263982     5.6693      8.547   267.3880 1.2379e-01     5.4273      1.227      1.780    25.5201   996.9356 0.0000e+00
      1.267      0.046    10.1294    123.294     36.052  36.277718     5.9593      8.541   267.4726 1.2387e-01     5.8336      1.240      1.800    25.4878   996.9442 0.0000e+00
      1.285      0.046     9.9892    121.489     36.115  36.309229     6.1208      8.533   267.5945 1.2383e-01     6.0302      1.262      1.831    25.4771   996.9471 0.0000e+00
      1.299      0.044     9.7767    118.872     36.145  36.327584     6.1568      8.527   267.9158 1.2382e-01     6.0350      1.276      1.851    25.4327   996.9587 0.0000e+00
      1.309      0.040     9.5338    115.920     36.126  36.309215     6.4118      8.522   268.1742 1.2382e-01     6.0884      1.283      1.862    25.3675   996.9757 0.0000e+00
      1.317      0.034     9.3056    113.134     36.098  36.277546     6.8892      8.516   268.2236 1.2377e-01     6.1841      1.293      1.874    25.3023   996.9926 0.0000e+00
      1.324      0.028     9.1206    110.870     36.088  36.262026     7.1435      8.510   268.1690 1.2374e-01     6.2415      1.298      1.883    25.2477   997.0068 0.0000e+00
      1.330      0.024     8.9933    109.321     36.075  36.248493     7.1550      8.506   268.2020 1.2379e-01     6.2586      1.304      1.892    25.2408   997.0086 0.0000e+00
      1.336      0.021     8.9164    108.387     36.066  36.240858     7.2105      8.502   268.3649 1.2382e-01     6.2275      1.312      1.902    25.2552   997.0049 0.0000e+00
      1.341      0.020     8.8784    107.923     36.059  36.233187     7.3278      8.497   268.5044 1.2383e-01     6.1596      1.315      1.908    25.2432   997.0081 0.0000e+00
      1.345      0.016     8.8742    107.852     36.053  36.219220     7.3948      8.493   268.5115 1.2381e-01     6.1251      1.319      1.911    25.2301   997.0114 0.0000e+00
      1.349      0.011     8.8812    107.904     36.108  36.262382     7.3958      8.490   268.4501 1.2373e-01     6.0741      1.323      1.918    25.2360   997.0099 0.0000e+00
      1.354      0.006     8.8713    107.792     36.154  36.310744     7.3753      8.489   268.5358 1.2370e-01     5.9361      1.328      1.927    25.2346   997.0103 0.0000e+00
      1.357      0.004     8.8423    107.486     36.122  36.296191     7.3543      8.488   268.7740 1.2375e-01     5.7345      1.332      1.932    25.2382   997.0094 0.0000e+00
      1.355      0.006     8.8201    107.216     36.103  36.276873     7.3422      8.485   269.0074 1.2378e-01     5.6027      1.331      1.930    25.2314   997.0111 0.0000e+00
      1.349      0.010     8.8339    107.299     36.125  36.267579     7.3322      8.482   269.2066 1.2378e-01     5.5872      1.320      1.914    25.1980   997.0197 0.0000e+00
      1.347      0.015     8.8684    107.620     36.140  36.247240     7.3202      8.478   269.3752 1.2379e-01     5.6137      1.316      1.909    25.1965   997.0202 0.0000e+00
      1.356      0.022     8.8689    107.569     36.135  36.221316     7.2321      8.474   269.4974 1.2378e-01     5.5945      1.329      1.928    25.2470   997.0071 0.0000e+00
      1.367      0.031     8.8078    106.793     36.134  36.207989     7.0740      8.470   269.5657 1.2371e-01     5.4868      1.343      1.948    25.2581   997.0043 0.0000e+00
      1.377      0.037     8.7022    105.473     36.154  36.213021     6.9948      8.468   269.5129 1.2369e-01     5.3930      1.351      1.959    25.1907   997.0218 0.0000e+00
      1.387      0.040     8.5778    103.905     36.182  36.218671     6.9935      8.465   269.7194 1.2375e-01     5.3781      1.359      1.972    25.1317   997.0370 0.0000e+00
      1.398      0.040     8.4425    102.200     36.202  36.212795     7.0065      8.462   270.4279 1.2378e-01     5.5031      1.371      1.989    25.1091   997.0428 0.0000e+00
      1.408      0.040     8.2895    100.288     36.218  36.205411     7.0478      8.459   270.9380 1.2378e-01     5.7250      1.382      2.004    25.0977   997.0459 0.0000e+00
      1.418      0.039     8.1211     98.197     36.228  36.192825     7.0844      8.455   271.0692 1.2375e-01     5.8324      1.391      2.017    25.0800   997.0505 0.0000e+00
      1.428      0.038     7.9540     96.122     36.245  36.187531     7.1028      8.450   271.0667 1.2369e-01     5.8509      1.399      2.029    25.0441   997.0597 0.0000e+00
      1.439      0.035     7.8014     94.227     36.283  36.204840     7.2360      8.446   270.9078 1.2370e-01     5.9807      1.411      2.046    25.0073   997.0692 0.0000e+00
      1.449      0.032     7.6685     92.580     36.307  36.211652     7.4811      8.442   270.8690 1.2373e-01     6.1899      1.422      2.063    24.9745   997.0777 0.0000e+00
      1.456      0.029     7.5543     91.168     36.316  36.206405     7.6211      8.438   271.0280 1.2376e-01     6.2828      1.429      2.072    24.9466   997.0849 0.0000e+00
      1.461      0.026     7.4583     89.988     36.324  36.204845     7.6548      8.434   271.1961 1.2382e-01     6.2850      1.433      2.078    24.9163   997.0926 0.0000e+00
      1.467      0.021     7.3833     89.080     36.313  36.192786     7.8027      8.430   271.4396 1.2378e-01     6.2810      1.438      2.086    24.8824   997.1013 0.0000e+00
      1.472      0.017     7.3268     88.411     36.302  36.187535     8.0647      8.424   271.9930 1.2373e-01     6.2678      1.443      2.094    24.8607   997.1069 0.0000e+00
      1.477      0.016     7.2857     87.939     36.309  36.204833     8.2037      8.419   272.6382 1.2377e-01     6.2883      1.449      2.102    24.8405   997.1121 0.0000e+00
      1.481      0.017     7.2628     87.699     36.300  36.211535     8.2003      8.414   272.8741 1.2373e-01     6.3005      1.453      2.107    24.8247   997.1161 0.0000e+00
      1.483      0.019     7.2631     87.721     36.285  36.205130     7.9885      8.409   272.8653 1.2368e-01     6.1195      1.454      2.109    24.8248   997.1160 0.0000e+00
      1.485      0.021     7.2867     87.978     36.283  36.190878     7.5847      8.404   272.8762 1.2366e-01     5.8040      1.455      2.111    24.8339   997.1137 0.0000e+00
      1.490      0.024     7.3251     88.379     36.286  36.166138     7.3582      8.400   272.9194 1.2367e-01     5.6325      1.459      2.116    24.8472   997.1104 0.0000e+00
      1.500      0.027     7.3585     88.726     36.305  36.159833     7.3319      8.397   273.3883 1.2372e-01     5.5862      1.470      2.133    24.8736   997.1037 0.0000e+00
      1.510      0.031     7.3680     88.803     36.340  36.178081     7.3357      8.393   274.3296 1.2376e-01     5.5394      1.483      2.150    24.8985   997.0974 0.0000e+00
      1.517      0.033     7.3480     88.540     36.368  36.196332     7.4128      8.388   275.0936 1.2377e-01     5.3615      1.487      2.156    24.8748   997.1035 0.0000e+00
      1.523      0.034     7.2980     87.924     36.369  36.190082     7.5453      8.383   275.4848 1.2377e-01     5.0408      1.492      2.164    24.8233   997.1166 0.0000e+00
      1.533      0.033     7.2158     86.915     36.353  36.165962     7.6194      8.378   275.7905 1.2379e-01     4.8740      1.503      2.182    24.7897   997.1252 0.0000e+00
      1.542      0.031     7.1056     85.574     36.351  36.158575     7.6415      8.373   276.3803 1.2376e-01     4.8847      1.513      2.195    24.7674   997.1309 0.0000e+00
      1.551      0.030     6.9873     84.151     36.356  36.164225     7.7773      8.369   277.2822 1.2367e-01     4.8423      1.521      2.207    24.7554   997.1340 0.0000e+00
      1.560      0.028     6.8811     82.880     36.359  36.170816     8.0307      8.366   278.0047 1.2365e-01     4.7543      1.531      2.220    24.7513   997.1351 0.0000e+00
      1.566      0.028     6.7993     81.899     36.361  36.174797     8.1649      8.362   278.4057 1.2375e-01     4.7067      1.537      2.228    24.7367   997.1388 0.0000e+00
      1.570      0.028     6.7522     81.323     36.339  36.148888     8.1595      8.357   278.6029 1.2384e-01     4.6923      1.539      2.231    24.7245   997.1419 0.0000e+00
      1.575      0.029     6.7387     81.136     36.312  36.111433     8.0783      8.352   278.6674 1.2382e-01     4.8744      1.543      2.238    24.7292   997.1408 0.0000e+00
      1.584      0.031     6.7432     81.157     36.320  36.102733     7.9288      8.345   278.8418 1.2373e-01     5.2370      1.552      2.252    24.7360   997.1391 0.0000e+00
      1.594      0.033     6.7474     81.160     36.348  36.107153     7.8345      8.340   279.2495 1.2373e-01     5.4075      1.562      2.266    24.7422   997.1375 0.0000e+00
      1.604      0.033     6.7331     80.932     36.369  36.101367     7.8137      8.336   279.7254 1.2379e-01     5.3630      1.573      2.282    24.7365   997.1391 0.0000e+00
      1.614      0.031     6.6845     80.305     36.385  36.096204     7.7811      8.331   280.1212 1.2376e-01     5.2220      1.585      2.299    24.7172   997.1440 0.0000e+00
      1.621      0.028     6.6023     79.292     36.410  36.108169     7.7267      8.326   280.4214 1.2371e-01     5.0469      1.590      2.306    24.6993   997.1485 0.0000e+00
      1.627      0.024     6.5000     78.047     36.430  36.119077     7.6934      8.322   280.6879 1.2368e-01     4.9822      1.595      2.314    24.6663   997.1570 0.0000e+00
      1.632      0.020     6.3909     76.722     36.419  36.101135     7.6905      8.318   280.7624 1.2363e-01     4.9962      1.602      2.324    24.6207   997.1685 0.0000e+00
      1.636      0.017     6.2880     75.472     36.407  36.081631     7.7529      8.315   280.6334 1.2362e-01     5.1189      1.604      2.327    24.5914   997.1759 0.0000e+00
      1.639      0.017     6.2005     74.402     36.410  36.073664     7.8667      8.311   280.6774 1.2367e-01     5.3187      1.608      2.331    24.5767   997.1797 0.0000e+00
      1.643      0.016     6.1298     73.517     36.424  36.068256     7.9222      8.308   280.8641 1.2372e-01     5.3812      1.612      2.338    24.5676   997.1820 0.0000e+00
      1.647      0.015     6.0713     72.781     36.454  36.079686     7.9302      8.304   281.0844 1.2374e-01     5.3498      1.614      2.341    24.5579   997.1844 0.0000e+00
      1.652      0.014     6.0112     72.047     36.467  36.084888     7.9283      8.300   281.1891 1.2372e-01     5.3318      1.618      2.347    24.5468   997.1872 0.0000e+00
      1.658      0.014     5.9382     71.172     36.449  36.067677     7.7690      8.298   281.0985 1.2371e-01     5.2298      1.627      2.360    24.5386   997.1894 0.0000e+00
      1.662      0.015     5.8652     70.286     36.450  36.062002     7.4697      8.296   281.1931 1.2370e-01     5.0338      1.631      2.366    24.5072   997.1972 0.0000e+00
      1.662      0.015     5.8143     69.646     36.485  36.079740     7.3087      8.291   281.4724 1.2371e-01     4.9273      1.628      2.361    24.4707   997.2064 0.0000e+00
      1.664      0.014     5.7867     69.283     36.517  36.091698     7.2967      8.286   281.8938 1.2378e-01     4.9260      1.629      2.363    24.4666   997.2075 0.0000e+00
      1.669      0.011     5.7666     69.038     36.507  36.079619     7.3239      8.282   282.5031 1.2386e-01     4.8866      1.635      2.372    24.4751   997.2053 0.0000e+00
      1.676      0.011     5.7400     68.753     36.468  36.060632     7.3952      8.278   282.9027 1.2390e-01     4.7785      1.644      2.384    24.4693   997.2068 0.0000e+00
      1.681      0.016     5.7112     68.435     36.444  36.052571     7.4487      8.272   283.0247 1.2385e-01     4.7005      1.653      2.396    24.4405   997.2141 0.0000e+00
      1.679      0.023     5.7067     68.354     36.452  36.045650     7.4417      8.263   283.1187 1.2375e-01     4.7303      1.648      2.391    24.4032   997.2235 0.0000e+00
      1.675      0.029     5.7342     68.622     36.482  36.040393     7.2317      8.254   283.2651 1.2371e-01     4.9103      1.638      2.376    24.3933   997.2260 0.0000e+00
      1.682      0.033     5.7543     68.818     36.521  36.052430     6.8432      8.248   283.5896 1.2373e-01     5.2048      1.644      2.385    24.4374   997.2149 0.0000e+00
      1.702      0.036     5.7125     68.299     36.543  36.064206     6.6373      8.243   284.1172 1.2375e-01     5.4073      1.670      2.421    24.4799   997.2043 0.0000e+00
      1.722      0.039     5.5935     66.873     36.537  36.055819     6.6320      8.241   284.6542 1.2378e-01     5.4568      1.693      2.455    24.4474   997.2125 0.0000e+00
      1.732      0.041     5.4352     64.978     36.497  36.014494     6.6925      8.239   285.0918 1.2377e-01     5.2802      1.701      2.468    24.3791   997.2297 0.0000e+00
      1.736      0.041     5.2842     63.147     36.444  35.945370     6.8054      8.236   285.3647 1.2376e-01     4.9105      1.702      2.469    24.3447   997.2383 0.0000e+00
      1.738      0.042     5.1582     61.581     36.456  35.918196     6.8694      8.231   285.2863 1.2377e-01     4.6893      1.703      2.470    24.3353   997.2407 0.0000e+00
      1.746      0.044     5.0454     60.161     36.527  35.939759     6.8776      8.226   285.1763 1.2376e-01     4.6709      1.708      2.477    24.3341   997.2411 0.0000e+00
      1.761      0.047     4.9153     58.546     36.582  35.952130     6.9038      8.221   285.6702 1.2377e-01     4.6553      1.724      2.500    24.3419   997.2392 0.0000e+00
      1.781      0.052     4.7508     56.542     36.602  35.940773     6.9528      8.218   286.4394 1.2378e-01     4.5667      1.748      2.535    24.3237   997.2438 0.0000e+00
      1.799      0.056     4.5626     54.267     36.616  35.929340     6.9748      8.215   286.8196 1.2375e-01     4.4836      1.767      2.563    24.2623   997.2593 0.0000e+00
      1.809      0.058     4.3626     51.856     36.651  35.940799     6.9709      8.210   286.9976 1.2366e-01     4.4371      1.775      2.574    24.1865   997.2781 0.0000e+00
      1.818      0.058     4.1580     49.396     36.686  35.952343     6.9666      8.205   287.1276 1.2361e-01     4.4302      1.781      2.583    24.1271   997.2929 0.0000e+00
      1.831      0.057     3.9543     46.951     36.696  35.941942     6.9491      8.198   287.1873 1.2364e-01     4.4660      1.795      2.603    24.0892   997.3024 0.0000e+00
      1.848      0.056     3.7529     44.540     36.716  35.941952     6.9239      8.190   287.7198 1.2373e-01     4.4766      1.812      2.628    24.0573   997.3103 0.0000e+00
      1.868      0.055     3.5648     42.287     36.746  35.952446     6.9137      8.184   288.5754 1.2379e-01     4.4608      1.832      2.657    24.0239   997.3187 0.0000e+00
      1.885      0.051     3.4100     40.434     36.751  35.941855     6.9115      8.180   288.9292 1.2374e-01     4.4384      1.851      2.684    23.9905   997.3270 0.0000e+00
      1.897      0.046     3.2902     39.006     36.758  35.940807     6.8452      8.175   288.8995 1.2370e-01     4.2714      1.862      2.701    23.9643   997.3336 0.0000e+00
      1.905      0.040     3.1905     37.821     36.759  35.939767     6.7113      8.170   288.9050 1.2375e-01     3.9818      1.869      2.711    23.9425   997.3389 0.0000e+00
      1.912      0.034     3.0984     36.726     36.752  35.929277     6.6362      8.166   289.1670 1.2375e-01     3.8535      1.874      2.719    23.9139   997.3460 0.0000e+00
      1.919      0.030     3.0117     35.691     36.772  35.940904     6.6388      8.163   289.6582 1.2368e-01     3.8348      1.881      2.728    23.8876   997.3525 0.0000e+00
