Data/DataNotYetUploadedToEDI/Raw_CTD/RawDownloads/081524_ccr80_S8188004.cnv
* Sea-Bird SBE19plus  Data File:
* FileName = C:\R\Reservoirs\Data\DataNotYetUploadedToEDI\Raw_CTD\RawDownloads\081424_ccr50_S8188_0004.hex
* Software version 2.8.0.119
* Temperature SN = 8188
* Conductivity SN = 8188
* System UpLoad Time = Aug 16 2024 10:37:39
* <ApplicationData>
* <Seaterm232>
# nquan = 16
# nvalues = 1935                        
# units = specified
# name 0 = depFM: Depth [fresh water, m]
# name 1 = dz/dtM: Descent Rate [m/s]
# name 2 = sbeox0Mg/L: Oxygen, SBE 43 [mg/l]
# name 3 = sbeox0PS: Oxygen, SBE 43 [% saturation]
# name 4 = specc: Specific Conductance [uS/cm]
# name 5 = c0uS/cm: Conductivity [uS/cm]
# name 6 = wetCDOM: Fluorescence, WET Labs CDOM [mg/m^3]
# name 7 = flECO-AFL: Fluorescence, WET Labs ECO-AFL/FL [mg/m^3]
# name 8 = flECO-AFL1: Fluorescence, WET Labs ECO-AFL/FL, 2 [mg/m^3]
# name 9 = flECO-AFL2: Fluorescence, WET Labs ECO-AFL/FL, 3 [mg/m^3]
# name 10 = par/sat/log: PAR/Logarithmic, Satlantic
# name 11 = turbWETntu0: Turbidity, WET Labs ECO [NTU]
# name 12 = prdM: Pressure, Strain Gauge [db]
# name 13 = prdE: Pressure, Strain Gauge [psi]
# name 14 = tv290C: Temperature [ITS-90, deg C]
# name 15 = flag:  0.000e+00
# span 0 =     -0.396,     17.559       
# span 1 =     -0.480,      0.148       
# span 2 =     3.7428,     9.5993       
# span 3 =     35.251,    115.624       
# span 4 =   -628.574,    126.709       
# span 5 =-485.665094, 126.640159       
# span 6 =    -4.5000,    27.9000       
# span 7 =    -0.4448,    10.7897       
# span 8 =    -2.1300,     0.6390       
# span 9 =    -2.0304,     1.5651       
# span 10 = 1.1560e-01, 6.7416e+02      
# span 11 =    -1.3066,    94.5135      
# span 12 =     -0.388,     17.220      
# span 13 =     -0.563,     24.975      
# span 14 =    12.5729,    34.5383      
# span 15 = 0.0000e+00, 0.0000e+00      
# interval = seconds: 0.25
# start_time = Aug 15 2024 14:41:38 [Instrument's time stamp, header]
# bad_flag = -9.990e-29
*END*
[from data line 272]
      0.321     -0.019     6.3573     80.473    117.538 124.812573    10.0800     0.2648     0.0426     0.1692 2.1921e+02    -0.4304      0.314      0.456    28.2470 0.0000e+00
      0.317     -0.012     6.3809     79.536    117.551 124.752887     9.9900     0.2724     0.0000     0.0846 2.0902e+02    -0.4304      0.311      0.451    28.2115 0.0000e+00
      0.316     -0.005     6.3711     78.426    117.539 124.668396     9.9900     0.2533     0.0000     0.0846 2.1158e+02    -0.4455      0.310      0.450    28.1684 0.0000e+00
      0.316     -0.000     6.3386     77.258    117.535 124.596586     9.9900     0.2571     0.0000     0.0846 2.0907e+02    -0.4304      0.310      0.450    28.1249 0.0000e+00
      0.317      0.003     6.2871     76.162    117.567 124.578325     9.9900     0.2648     0.0000     0.0846 2.1089e+02    -0.4908      0.311      0.451    28.0879 0.0000e+00
      0.319      0.004     6.2173     75.182    117.637 124.620745     9.9900     0.3258     0.0000     0.0846 2.0520e+02    -0.3246      0.313      0.453    28.0563 0.0000e+00
      0.321      0.002     6.1338     74.271    117.731 124.707146     9.9900     0.3220     0.0426     0.1692 2.0573e+02    -0.3549      0.315      0.456    28.0259 0.0000e+00
      0.323     -0.002     6.0455     73.374    117.856 124.838561     9.9900     0.3220     0.0426     0.1692 1.9651e+02    -0.4153      0.317      0.459    27.9974 0.0000e+00
      0.324     -0.009     5.9622     72.486    118.017 125.020023     9.9900     0.3220     0.0426     0.1692 1.8910e+02    -0.5361      0.317      0.460    27.9750 0.0000e+00
      0.322     -0.019     5.8870     71.637    118.180 125.227894     9.9900     0.3449     0.0426     0.1692 1.8039e+02    -0.3246      0.315      0.457    27.9617 0.0000e+00
      0.316     -0.031     5.8162     70.874    118.301 125.429570    10.0800     0.3296     0.0000     0.0846 1.7972e+02    -0.4908      0.310      0.450    27.9562 0.0000e+00
      0.307     -0.044     5.7460     70.303    118.323 125.582792    10.0800     0.3296     0.0000     0.0846 1.9338e+02    -0.4002      0.301      0.437    27.9557 0.0000e+00
      0.294     -0.057     5.6761     70.097    118.200 125.642390    10.0800     0.3182     0.0000     0.0846 1.9715e+02    -0.4002      0.288      0.418    27.9607 0.0000e+00
      0.277     -0.068     5.6081     70.458    117.954 125.600260    10.0800     0.2457     0.0000     0.0846 2.1873e+02    -0.5059      0.271      0.393    27.9754 0.0000e+00
      0.256     -0.076     5.5453     71.510    117.654 125.485202    10.0800     0.2571     0.0426     0.2115 2.7206e+02    -0.3851      0.251      0.364    28.0068 0.0000e+00
      0.233     -0.079     5.4952     73.215    117.373 125.344582    10.0800     0.2495     0.0426     0.2115 4.0141e+02    -0.4153      0.228      0.331    28.0620 0.0000e+00
      0.209     -0.077     5.4712     75.343    117.164 125.228946    10.0800     0.2495     0.0426     0.2115 4.5395e+02    -0.4908      0.205      0.297    28.1423 0.0000e+00
      0.187     -0.069     5.4901     77.516    117.048 125.165483    10.0800     0.2228     0.0426     0.2115 4.6950e+02    -0.4908      0.183      0.265    28.2355 0.0000e+00
      0.168     -0.057     5.5634     79.308    117.000 125.133272    10.0800     0.2533     0.0426     0.2115 4.7971e+02    -0.4908      0.165      0.240    28.3225 0.0000e+00
      0.155     -0.043     5.6892     80.385    116.974 125.087709    10.0800     0.2495     0.0426     0.2115 4.7960e+02    -0.5210      0.152      0.221    28.3901 0.0000e+00
      0.146     -0.027     5.8499     80.621    116.957 125.016642    10.0800     0.2304     0.0426     0.2115 4.6171e+02    -0.5059      0.144      0.209    28.4358 0.0000e+00
      0.142     -0.011     6.0160     80.103    116.964 124.939132    10.0800     0.2609     0.0426     0.2115 4.8453e+02    -0.5210      0.140      0.203    28.4615 0.0000e+00
      0.142      0.005     6.1543     79.076    116.996 124.866515    10.0800     0.2648     0.0426     0.2115 4.5405e+02    -0.5210      0.139      0.202    28.4694 0.0000e+00
      0.145      0.020     6.2388     77.841    117.037 124.797427    10.0800     0.2571     0.0000     0.1269 4.5061e+02    -0.4757      0.143      0.207    28.4616 0.0000e+00
      0.153      0.033     6.2596     76.655    117.073 124.729443    10.0800     0.2533     0.0000     0.1269 3.7649e+02    -0.5361      0.150      0.217    28.4389 0.0000e+00
      0.164      0.045     6.2233     75.678    117.101 124.668436    10.0800     0.2648     0.0000     0.1269 3.5899e+02    -0.4153      0.160      0.233    28.4025 0.0000e+00
      0.178      0.056     6.1484     74.984    117.126 124.622142    10.0800     0.2571     0.0000     0.1269 3.2084e+02    -0.4908      0.174      0.252    28.3570 0.0000e+00
      0.194      0.065     6.0575     74.607    117.142 124.582213    10.0800     0.2609     0.0852     0.0846 2.9077e+02    -0.4304      0.190      0.276    28.3088 0.0000e+00
      0.212      0.072     5.9701     74.576    117.142 124.533999    10.0800     0.2571     0.0852     0.0846 2.1892e+02    -0.4908      0.208      0.302    28.2633 0.0000e+00
      0.232      0.077     5.8981     74.915    117.131 124.476647    10.0800     0.2609     0.0852     0.0846 1.9447e+02    -0.4908      0.228      0.330    28.2243 0.0000e+00
      0.253      0.082     5.8473     75.614    117.117 124.414867    10.0800     0.2762     0.0852     0.0846 1.6548e+02    -0.4606      0.248      0.359    28.1932 0.0000e+00
      0.274      0.086     5.8206     76.609    117.106 124.354192    10.1700     0.2876     0.0000     0.1269 1.4047e+02    -0.4153      0.269      0.390    28.1689 0.0000e+00
      0.297      0.090     5.8203     77.779    117.101 124.300447    10.1700     0.2571     0.0000     0.1269 1.2516e+02    -0.4606      0.291      0.422    28.1485 0.0000e+00
      0.320      0.093     5.8489     78.953    117.108 124.255304    10.1700     0.2800     0.0000     0.1269 1.0929e+02    -0.5059      0.314      0.455    28.1289 0.0000e+00
      0.344      0.095     5.9057     79.969    117.135 124.224728    10.1700     0.2495     0.0000     0.1269 1.0625e+02    -0.4908      0.338      0.490    28.1088 0.0000e+00
      0.370      0.097     5.9856     80.722    117.178 124.206564    10.1700     0.2228     0.0000     0.1269 1.0708e+02    -0.4757      0.362      0.526    28.0882 0.0000e+00
      0.395      0.098     6.0793     81.179    117.227 124.195966    10.0800     0.2457     0.0000     0.0846 1.0927e+02    -0.4002      0.387      0.562    28.0672 0.0000e+00
      0.421      0.098     6.1735     81.359    117.277 124.190103    10.0800     0.2419     0.0000     0.0846 1.0917e+02    -0.4606      0.413      0.598    28.0447 0.0000e+00
      0.446      0.097     6.2557     81.321    117.332 124.195412    10.0800     0.2495     0.0000     0.0846 1.1585e+02    -0.3549      0.438      0.635    28.0194 0.0000e+00
      0.471      0.095     6.3176     81.173    117.403 124.225311    10.0800     0.2419     0.0000     0.0846 1.1867e+02    -0.4304      0.462      0.670    27.9924 0.0000e+00
      0.495      0.091     6.3563     81.027    117.465 124.253757    10.1700     0.2419     0.0426     0.1269 1.2149e+02    -0.4455      0.486      0.705    27.9656 0.0000e+00
      0.519      0.088     6.3732     80.963    117.492 124.250322    10.1700     0.2838     0.0426     0.1269 1.2725e+02    -0.4153      0.508      0.738    27.9408 0.0000e+00
      0.541      0.084     6.3727     81.049    117.499 124.232095    10.1700     0.2648     0.0426     0.1269 1.2869e+02    -0.4455      0.530      0.769    27.9183 0.0000e+00
      0.561      0.080     6.3632     81.319    117.505 124.220222    10.1700     0.2762     0.0426     0.1269 1.2900e+02    -0.4908      0.550      0.798    27.8990 0.0000e+00
      0.580      0.077     6.3536     81.740    117.510 124.211538    10.2600     0.2724     0.0426     0.1269 1.2844e+02    -0.4304      0.569      0.825    27.8831 0.0000e+00
      0.598      0.074     6.3501     82.226    117.527 124.215731    10.2600     0.2304     0.0426     0.1269 1.3146e+02    -0.5059      0.587      0.851    27.8697 0.0000e+00
      0.617      0.072     6.3580     82.661    117.588 124.265929    10.2600     0.2571     0.0426     0.1269 1.2945e+02    -0.4606      0.605      0.877    27.8588 0.0000e+00
      0.635      0.069     6.3801     82.869    117.689 124.365512    10.2600     0.2571     0.0426     0.1269 1.2909e+02    -0.4304      0.623      0.904    27.8509 0.0000e+00
      0.653      0.065     6.4138     82.673    117.784 124.477013    10.2600     0.2648     0.0852     0.0846 1.2727e+02    -0.4606      0.641      0.929    27.8449 0.0000e+00
      0.671      0.060     6.4527     82.013    117.842 124.572142    10.2600     0.2419     0.0852     0.0846 1.2959e+02    -0.5361      0.658      0.954    27.8390 0.0000e+00
      0.686      0.053     6.4875     80.977    117.852 124.640256    10.2600     0.2495     0.0852     0.0846 1.3092e+02    -0.4304      0.673      0.976    27.8329 0.0000e+00
      0.699      0.047     6.5043     79.758    117.809 124.667511    10.2600     0.2571     0.0852     0.0846 1.3155e+02    -0.4002      0.685      0.994    27.8299 0.0000e+00
      0.709      0.041     6.4884     78.585    117.715 124.645174    10.2600     0.2648     0.0852     0.0846 1.3278e+02    -0.4757      0.695      1.008    27.8345 0.0000e+00
      0.717      0.037     6.4350     77.688    117.590 124.583301    10.3500     0.2609     0.0426     0.0846 1.3258e+02    -0.4606      0.703      1.020    27.8491 0.0000e+00
      0.724      0.036     6.3511     77.235    117.463 124.505412    10.3500     0.2571     0.0426     0.0846 1.3588e+02    -0.4455      0.710      1.030    27.8732 0.0000e+00
      0.732      0.038     6.2520     77.269    117.363 124.436755    10.3500     0.2838     0.0426     0.0846 1.3561e+02    -0.4908      0.717      1.041    27.9040 0.0000e+00
      0.740      0.042     6.1565     77.674    117.305 124.391036    10.3500     0.2724     0.0426     0.0846 1.3853e+02    -0.4606      0.726      1.053    27.9370 0.0000e+00
      0.751      0.047     6.0829     78.197    117.281 124.364065    10.2600     0.2686     0.0000     0.2538 1.3703e+02    -0.5210      0.736      1.069    27.9671 0.0000e+00
      0.764      0.053     6.0449     78.555    117.281 124.346651    10.2600     0.2228     0.0000     0.2538 1.3535e+02    -0.3851      0.749      1.087    27.9910 0.0000e+00
      0.780      0.058     6.0458     78.574    117.292 124.326144    10.2600     0.2838     0.0000     0.2538 1.3400e+02    -0.3851      0.764      1.109    28.0067 0.0000e+00
      0.796      0.063     6.0767     78.244    117.300 124.285071    10.2600     0.2571     0.0000     0.2538 1.3380e+02    -0.5361      0.780      1.132    28.0136 0.0000e+00
      0.813      0.068     6.1176     77.700    117.315 124.234485    10.2600     0.2648     0.0426     0.1692 1.3229e+02    -0.4002      0.797      1.156    28.0128 0.0000e+00
      0.830      0.072     6.1464     77.141    117.360 124.206907    10.2600     0.2648     0.0426     0.1692 1.3106e+02    -0.5210      0.814      1.181    28.0054 0.0000e+00
      0.849      0.075     6.1493     76.713    117.429 124.210983    10.2600     0.2609     0.0426     0.1692 1.2869e+02    -0.5361      0.832      1.207    27.9916 0.0000e+00
      0.869      0.077     6.1258     76.460    117.493 124.221787    10.2600     0.2724     0.0426     0.1692 1.2727e+02    -0.4908      0.852      1.235    27.9706 0.0000e+00
      0.890      0.079     6.0862     76.369    117.524 124.202184    10.2600     0.2381     0.0426     0.1692 1.2623e+02    -0.4908      0.872      1.265    27.9423 0.0000e+00
      0.911      0.081     6.0458     76.414    117.519 124.142945    10.2600     0.2571     0.0426     0.1269 1.2642e+02    -0.4606      0.893      1.296    27.9103 0.0000e+00
      0.932      0.082     6.0154     76.572    117.513 124.080287    10.2600     0.2571     0.0426     0.1269 1.2672e+02    -0.4153      0.914      1.326    27.8810 0.0000e+00
      0.952      0.083     5.9982     76.835    117.537 124.051516    10.2600     0.2724     0.0426     0.1269 1.2716e+02    -0.4304      0.934      1.355    27.8568 0.0000e+00
      0.973      0.083     5.9935     77.171    117.585 124.056961    10.2600     0.2648     0.0426     0.1269 1.2683e+02    -0.4455      0.954      1.384    27.8346 0.0000e+00
      0.994      0.084     5.9994     77.509    117.631 124.070060    10.3500     0.2304     0.0000     0.1692 1.2714e+02    -0.4304      0.975      1.414    27.8117 0.0000e+00
      1.016      0.084     6.0144     77.800    117.655 124.066297    10.3500     0.2495     0.0000     0.1692 1.2664e+02    -0.5210      0.996      1.446    27.7876 0.0000e+00
      1.038      0.084     6.0376     78.076    117.685 124.070675    10.3500     0.2571     0.0000     0.1692 1.2694e+02    -0.4455      1.018      1.477    27.7646 0.0000e+00
      1.060      0.083     6.0661     78.401    117.751 124.118372    10.3500     0.2724     0.0000     0.1692 1.2590e+02    -0.4304      1.039      1.508    27.7452 0.0000e+00
      1.081      0.081     6.0942     78.788    117.818 124.180090    10.3500     0.3143     0.0426     0.0846 1.2642e+02    -0.4606      1.060      1.538    27.7303 0.0000e+00
      1.102      0.078     6.1185     79.207    117.839 124.212266    10.3500     0.3334     0.0426     0.0846 1.2560e+02    -0.5210      1.081      1.567    27.7179 0.0000e+00
      1.122      0.075     6.1414     79.692    117.819 124.221480    10.3500     0.3220     0.0426     0.0846 1.2309e+02    -0.4455      1.101      1.597    27.7064 0.0000e+00
      1.142      0.071     6.1679     80.363    117.796 124.240201    10.3500     0.3067     0.0426     0.0846 1.2295e+02    -0.5814      1.120      1.624    27.6973 0.0000e+00
      1.159      0.066     6.1988     81.259    117.779 124.265422    10.4400     0.3296     0.0852     0.1269 1.2279e+02    -0.5361      1.137      1.649    27.6934 0.0000e+00
      1.175      0.061     6.2313     82.249    117.750 124.267862    10.4400     0.3334     0.0852     0.1269 1.2234e+02    -0.4606      1.152      1.672    27.6975 0.0000e+00
      1.190      0.057     6.2680     83.164    117.694 124.230164    10.4400     0.3411     0.0852     0.1269 1.2194e+02    -0.4455      1.167      1.693    27.7105 0.0000e+00
      1.204      0.053     6.3187     83.935    117.596 124.134276    10.4400     0.3296     0.0852     0.1269 1.2178e+02    -0.5059      1.181      1.713    27.7289 0.0000e+00
      1.217      0.050     6.3871     84.618    117.443 123.958631    10.4400     0.3868     0.0852     0.1269 1.2287e+02    -0.4908      1.193      1.731    27.7469 0.0000e+00
      1.229      0.049     6.4634     85.363    117.219 123.678398    10.5300     0.3678     0.0426     0.1269 1.2394e+02    -0.3851      1.205      1.748    27.7609 0.0000e+00
      1.240      0.048     6.5344     86.404    116.919 123.272868    10.5300     0.3945     0.0426     0.1269 1.2541e+02    -0.4908      1.216      1.764    27.7699 0.0000e+00
      1.252      0.049     6.5948     88.140    116.625 122.811953    10.5300     0.4059     0.0426     0.1269 1.2650e+02    -0.3549      1.228      1.781    27.7728 0.0000e+00
      1.264      0.051     6.6494     91.040    116.454 122.428808    10.5300     0.3296     0.0426     0.1269 1.2750e+02    -0.3549      1.240      1.798    27.7669 0.0000e+00
      1.277      0.054     6.7107     95.165    116.405 122.165285    10.5300     0.3220     0.0852     0.0423 1.2794e+02    -0.5059      1.253      1.817    27.7481 0.0000e+00
      1.291      0.058     6.7977     99.986    116.415 121.993104    10.5300     0.3372     0.0852     0.0423 1.2867e+02    -0.4606      1.266      1.837    27.7099 0.0000e+00
