Data/DataNotYetUploadedToEDI/Raw_CTD/RawDownloads/081519_fcr50_0000.cnv
* Sea-Bird SBE19plus  Data File:
* FileName = C:\DATA\081519_fcr50_0000_0004.hex
* Software version 2.8.0.119 SB_Terminal.dll
* Temperature SN = 7809
* Conductivity SN = 7809
* System UpLoad Time = Aug 15 2019 01:07:29
* <ApplicationData>
* <Seaterm232>
# nquan = 16
# nvalues = 741                         
# units = specified
# name 0 = depFM: Depth [fresh water, m]
# name 1 = dz/dtM: Descent Rate [m/s]
# name 2 = sbeox0Mg/L: Oxygen, SBE 43 [mg/l]
# name 3 = sbeox0PS: Oxygen, SBE 43 [% saturation]
# name 4 = specc: Specific Conductance [uS/cm]
# name 5 = c0uS/cm: Conductivity [uS/cm]
# name 6 = flECO-AFL: Fluorescence, WET Labs ECO-AFL/FL [mg/m^3]
# name 7 = ph: pH
# name 8 = orp: Oxidation Reduction Potential [mV]
# name 9 = par/sat/log: PAR/Logarithmic, Satlantic
# name 10 = turbWETntu0: Turbidity, WET Labs ECO [NTU]
# name 11 = prdM: Pressure, Strain Gauge [db]
# name 12 = prdE: Pressure, Strain Gauge [psi]
# name 13 = tv290C: Temperature [ITS-90, deg C]
# name 14 = density00: Density [density, kg/m^3]
# name 15 = flag:  0.000e+00
# span 0 =     -0.612,      9.513       
# span 1 =     -0.002,      0.212       
# span 2 =     0.1238,    10.9711       
# span 3 =      1.270,    134.846       
# span 4 =      0.839,     67.958       
# span 5 =   0.784811,  52.215565       
# span 6 =    -0.1383,     9.0066       
# span 7 =      6.830,      9.362       
# span 8 =   166.3495,   371.7802       
# span 9 = 1.2357e-01, 5.4079e-01       
# span 10 =    -0.5768,    61.3364      
# span 11 =     -0.600,      9.330      
# span 12 =     -0.871,     13.531      
# span 13 =    11.8031,    27.6815      
# span 14 =   996.3462,   999.5853      
# span 15 = 0.0000e+00, 0.0000e+00      
# interval = seconds: 0.25
# start_time = Aug 15 2019 00:01:10 [Instrument's time stamp, header]
# bad_flag = -9.990e-29
*END*
[from data line 272]
      1.289      0.087    10.8621    132.558     36.086  36.414684     7.3287      8.668   232.2086 1.2370e-01     5.5496      1.261      1.828    25.8022   996.8619 0.0000e+00
      1.315      0.081    10.8006    131.668     36.094  36.380510     7.4039      8.664   232.4439 1.2375e-01     5.5599      1.290      1.871    25.7168   996.8844 0.0000e+00
      1.340      0.072    10.7023    130.373     36.153  36.410085     7.4437      8.660   232.7054 1.2374e-01     5.5603      1.316      1.911    25.6198   996.9100 0.0000e+00
      1.358      0.062    10.5637    128.633     36.213  36.454873     7.4467      8.657   232.5317 1.2374e-01     5.5534      1.334      1.934    25.5197   996.9363 0.0000e+00
      1.370      0.052    10.3992    126.615     36.177  36.414237     7.3790      8.655   232.2353 1.2375e-01     5.5096      1.345      1.950    25.4420   996.9566 0.0000e+00
      1.378      0.047    10.2371    124.625     36.068  36.299582     7.2404      8.651   232.3912 1.2370e-01     5.4240      1.353      1.963    25.3852   996.9714 0.0000e+00
      1.384      0.047    10.1026    122.915     36.003  36.211063     7.1585      8.642   232.8687 1.2367e-01     5.4036      1.357      1.969    25.3446   996.9820 0.0000e+00
      1.391      0.052     9.9984    121.515     36.004  36.169057     7.1607      8.631   233.3627 1.2380e-01     5.4592      1.360      1.973    25.3211   996.9882 0.0000e+00
      1.404      0.059     9.9023    120.205     36.054  36.172443     7.3443      8.618   233.5454 1.2388e-01     5.6377      1.372      1.991    25.3219   996.9880 0.0000e+00
      1.424      0.066     9.7829    118.647     36.105  36.188462     7.6798      8.605   233.5294 1.2382e-01     5.9229      1.396      2.026    25.3265   996.9868 0.0000e+00
      1.448      0.072     9.6250    116.644     36.118  36.172278     7.8609      8.593   233.7714 1.2380e-01     6.0563      1.422      2.062    25.2945   996.9952 0.0000e+00
      1.468      0.076     9.4406    114.303     36.149  36.167137     7.8871      8.580   234.4925 1.2379e-01     6.0382      1.441      2.090    25.2249   997.0132 0.0000e+00
      1.486      0.077     9.2457    111.812     36.218  36.189712     8.0059      8.562   235.5369 1.2372e-01     5.9995      1.458      2.114    25.1508   997.0325 0.0000e+00
      1.504      0.076     9.0297    109.059     36.271  36.191281     8.2216      8.543   236.2464 1.2367e-01     5.9162      1.475      2.139    25.1055   997.0442 0.0000e+00
      1.523      0.074     8.7604    105.676     36.315  36.186029     8.3442      8.528   236.6184 1.2364e-01     5.8494      1.492      2.164    25.0747   997.0523 0.0000e+00
      1.543      0.074     8.4230    101.501     36.360  36.189612     8.3708      8.515   237.7114 1.2364e-01     5.8153      1.512      2.192    25.0236   997.0655 0.0000e+00
      1.563      0.074     8.0335     96.721     36.377  36.171063     8.4999      8.501   239.5678 1.2370e-01     5.6678      1.534      2.224    24.9564   997.0828 0.0000e+00
      1.583      0.075     7.6139     91.592     36.391  36.152123     8.7437      8.485   240.7378 1.2374e-01     5.4426      1.554      2.254    24.8817   997.1019 0.0000e+00
      1.599      0.077     7.1876     86.389     36.424  36.150974     8.8738      8.468   240.9297 1.2375e-01     5.3535      1.568      2.275    24.8118   997.1199 0.0000e+00
      1.616      0.077     6.7667     81.257     36.466  36.157117     8.8766      8.453   241.0276 1.2377e-01     5.3771      1.583      2.296    24.7578   997.1337 0.0000e+00
      1.637      0.075     6.3585     76.287     36.507  36.162880     8.8815      8.438   241.4058 1.2377e-01     5.3996      1.604      2.326    24.7107   997.1457 0.0000e+00
      1.661      0.073     5.9805     71.697     36.531  36.157123     8.9153      8.425   241.9744 1.2370e-01     5.3964      1.629      2.364    24.6665   997.1571 0.0000e+00
      1.683      0.072     5.6377     67.545     36.550  36.150941     8.9726      8.412   242.4825 1.2363e-01     5.3716      1.652      2.396    24.6209   997.1687 0.0000e+00
      1.699      0.069     5.3302     63.825     36.573  36.151568     9.0029      8.399   242.9020 1.2365e-01     5.3621      1.666      2.418    24.5710   997.1814 0.0000e+00
      1.712      0.063     5.0673     60.645     36.606  36.164671     9.0037      8.387   243.3475 1.2363e-01     5.3467      1.677      2.433    24.5202   997.1942 0.0000e+00
      1.728      0.056     4.8512     58.042     36.636  36.182398     8.9993      8.375   243.8254 1.2358e-01     5.2178      1.694      2.457    24.4785   997.2048 0.0000e+00
      1.744      0.051     4.6761     55.951     36.626  36.175473     8.9940      8.365   244.2929 1.2364e-01     5.0490      1.713      2.485    24.4487   997.2124 0.0000e+00
      1.757      0.049     4.5471     54.421     36.584  36.144418     8.9995      8.355   244.6970 1.2372e-01     5.0103      1.725      2.502    24.4180   997.2202 0.0000e+00
      1.766      0.047     4.4752     53.577     36.551  36.124288     9.0052      8.345   245.0130 1.2373e-01     4.9789      1.732      2.512    24.3866   997.2280 0.0000e+00
      1.775      0.044     4.4628     53.449     36.534  36.122508     9.0032      8.333   245.1872 1.2374e-01     4.8003      1.739      2.522    24.3657   997.2333 0.0000e+00
      1.787      0.043     4.4961     53.871     36.518  36.122911     9.0003      8.323   245.4272 1.2372e-01     4.5874      1.752      2.541    24.3751   997.2310 0.0000e+00
      1.800      0.044     4.5457     54.476     36.516  36.129190     9.0048      8.313   246.0208 1.2372e-01     4.5033      1.766      2.562    24.3948   997.2261 0.0000e+00
      1.812      0.045     4.5906     55.005     36.529  36.134970     9.0066      8.304   246.6000 1.2375e-01     4.5048      1.778      2.577    24.4082   997.2228 0.0000e+00
      1.822      0.048     4.6273     55.430     36.534  36.129310     8.9172      8.295   247.0100 1.2369e-01     4.4410      1.786      2.591    24.4290   997.2177 0.0000e+00
      1.833      0.051     4.6565     55.760     36.543  36.124214     8.7481      8.285   247.6226 1.2358e-01     4.3219      1.797      2.606    24.4564   997.2108 0.0000e+00
      1.844      0.054     4.6843     56.039     36.594  36.136799     8.6519      8.273   248.4141 1.2358e-01     4.2767      1.809      2.623    24.4769   997.2057 0.0000e+00
      1.858      0.058     4.7156     56.311     36.685  36.154488     8.6295      8.260   249.3535 1.2367e-01     4.2878      1.821      2.641    24.4556   997.2111 0.0000e+00
      1.876      0.060     4.7216     56.259     36.765  36.147573     8.5044      8.248   250.2904 1.2368e-01     4.2268      1.839      2.667    24.4348   997.2165 0.0000e+00
      1.895      0.060     4.6391     55.168     36.814  36.116533     8.2659      8.238   250.7949 1.2367e-01     4.0973      1.859      2.698    24.4361   997.2162 0.0000e+00
      1.912      0.060     4.4280     52.575     36.857  36.096414     8.1302      8.228   250.9786 1.2371e-01     4.0325      1.876      2.721    24.3906   997.2277 0.0000e+00
      1.926      0.061     4.1026     48.649     36.907  36.094644     8.1207      8.216   251.1346 1.2375e-01     4.0329      1.889      2.739    24.2787   997.2558 0.0000e+00
      1.938      0.063     3.7074     43.908     36.959  36.095063     8.1339      8.202   251.3904 1.2376e-01     4.0045      1.901      2.758    24.1486   997.2882 0.0000e+00
      1.950      0.065     3.2883     38.888     37.027  36.101402     8.2633      8.188   251.9201 1.2373e-01     3.9189      1.911      2.771    24.0381   997.3155 0.0000e+00
      1.968      0.068     2.8819     34.026     37.101  36.107734     8.4975      8.175   252.5500 1.2372e-01     3.8159      1.926      2.794    23.9553   997.3361 0.0000e+00
      1.991      0.073     2.5115     29.604     37.167  36.108049     8.6163      8.162   252.9834 1.2375e-01     3.7752      1.953      2.833    23.8942   997.3513 0.0000e+00
      2.013      0.078     2.1822     25.681     37.296  36.168596     8.6157      8.148   253.3741 1.2374e-01     3.7542      1.976      2.866    23.8306   997.3670 0.0000e+00
      2.031      0.082     1.8928     22.234     37.476  36.268469     8.5337      8.134   253.8321 1.2372e-01     3.5956      1.992      2.889    23.7490   997.3871 0.0000e+00
      2.049      0.082     1.6400     19.225     37.593  36.299955     8.3787      8.121   254.2195 1.2373e-01     3.3646      2.007      2.910    23.6549   997.4100 0.0000e+00
      2.072      0.079     1.4073     16.469     37.658  36.295281     8.3022      8.109   254.6168 1.2375e-01     3.2876      2.031      2.944    23.5681   997.4311 0.0000e+00
      2.097      0.075     1.1822     13.820     37.677  36.275339     8.3113      8.097   255.0219 1.2373e-01     3.2873      2.059      2.987    23.4902   997.4502 0.0000e+00
      2.118      0.073     0.9738     11.378     37.675  36.249194     8.3337      8.087   255.3324 1.2370e-01     3.0993      2.080      3.017    23.3908   997.4745 0.0000e+00
      2.132      0.070     0.7952      9.285     37.755  36.296496     8.3561      8.078   255.5311 1.2370e-01     2.7844      2.091      3.032    23.2658   997.5045 0.0000e+00
      2.145      0.066     0.6572      7.666     37.902  36.402910     8.3564      8.068   255.5317 1.2373e-01     2.6263      2.102      3.048    23.1655   997.5285 0.0000e+00
      2.161      0.063     0.5689      6.630     37.991  36.456760     8.3458      8.058   255.5115 1.2375e-01     2.6289      2.119      3.074    23.1284   997.5374 0.0000e+00
      2.179      0.063     0.5309      6.183     38.004  36.439781     8.3830      8.048   255.7165 1.2378e-01     2.6199      2.137      3.099    23.1104   997.5417 0.0000e+00
      2.197      0.066     0.5346      6.220     38.049  36.451468     8.4603      8.038   256.2046 1.2381e-01     2.5820      2.154      3.125    23.0651   997.5526 0.0000e+00
      2.213      0.072     0.5576      6.480     38.187  36.534556     8.4993      8.026   256.8529 1.2376e-01     2.5642      2.172      3.151    23.0140   997.5649 0.0000e+00
      2.227      0.078     0.5796      6.721     38.366  36.619171     8.4918      8.013   257.3602 1.2370e-01     2.5367      2.184      3.169    22.9742   997.5744 0.0000e+00
      2.243      0.084     0.5913      6.838     38.522  36.649283     8.3780      8.000   257.6920 1.2370e-01     2.5108      2.197      3.187    22.9378   997.5831 0.0000e+00
      2.268      0.087     0.5857      6.754     38.642  36.644570     8.1728      7.990   257.8538 1.2371e-01     2.5143      2.220      3.220    22.9007   997.5920 0.0000e+00
      2.298      0.087     0.5603      6.445     38.722  36.625491     8.0648      7.980   257.9390 1.2368e-01     2.5131      2.255      3.270    22.8517   997.6038 0.0000e+00
      2.327      0.084     0.5224      5.998     38.781  36.608891     8.0516      7.971   258.2060 1.2368e-01     2.4966      2.286      3.315    22.7376   997.6307 0.0000e+00
      2.349      0.078     0.4809      5.515     38.867  36.634180     8.0306      7.962   258.5880 1.2370e-01     2.4781      2.305      3.343    22.5603   997.6722 0.0000e+00
      2.364      0.072     0.4437      5.082     39.032  36.740765     7.8548      7.954   259.1159 1.2370e-01     2.4197      2.318      3.362    22.3976   997.7100 0.0000e+00
      2.377      0.069     0.4162      4.760     39.241  36.881956     7.5296      7.944   259.5983 1.2370e-01     2.3486      2.331      3.382    22.2765   997.7380 0.0000e+00
      2.389      0.072     0.3990      4.555     39.454  37.008288     7.3501      7.930   259.7739 1.2368e-01     2.3392      2.343      3.397    22.1876   997.7584 0.0000e+00
      2.403      0.079     0.3925      4.471     39.672  37.125608     7.3228      7.918   259.9484 1.2366e-01     2.3394      2.354      3.414    22.1192   997.7741 0.0000e+00
      2.425      0.085     0.3956      4.497     39.862  37.221272     7.1742      7.908   260.2455 1.2368e-01     2.3173      2.374      3.444    22.0629   997.7871 0.0000e+00
      2.455      0.090     0.4037      4.582     39.996  37.276193     6.9053      7.899   260.5273 1.2368e-01     2.3014      2.408      3.491    22.0003   997.8015 0.0000e+00
      2.486      0.092     0.4107      4.653     40.074  37.281766     6.7675      7.890   260.7745 1.2364e-01     2.2784      2.441      3.541    21.9027   997.8238 0.0000e+00
      2.510      0.090     0.4126      4.667     40.160  37.288562     6.7485      7.881   260.9975 1.2361e-01     2.2684      2.463      3.572    21.7814   997.8513 0.0000e+00
      2.529      0.085     0.4078      4.604     40.316  37.358261     6.6147      7.872   261.1584 1.2367e-01     2.2798      2.479      3.595    21.6737   997.8756 0.0000e+00
      2.549      0.080     0.3973      4.478     40.466  37.426166     6.3812      7.864   261.2570 1.2377e-01     2.2847      2.500      3.626    21.5940   997.8935 0.0000e+00
      2.567      0.079     0.3841      4.322     40.529  37.411271     6.2575      7.856   261.4153 1.2376e-01     2.2946      2.520      3.655    21.5168   997.9106 0.0000e+00
      2.583      0.080     0.3709      4.166     40.570  37.368485     6.2375      7.848   261.7819 1.2372e-01     2.3006      2.532      3.672    21.4212   997.9320 0.0000e+00
      2.603      0.080     0.3601      4.036     40.640  37.353064     6.1126      7.839   262.0762 1.2374e-01     2.2595      2.549      3.698    21.3228   997.9539 0.0000e+00
      2.628      0.078     0.3531      3.951     40.710  37.351651     5.8753      7.830   262.0490 1.2376e-01     2.1585      2.579      3.740    21.2401   997.9721 0.0000e+00
      2.652      0.073     0.3523      3.937     40.758  37.351312     5.7352      7.821   262.0543 1.2378e-01     2.0626      2.603      3.775    21.1535   997.9913 0.0000e+00
      2.672      0.069     0.3584      4.005     40.778  37.348900     5.7106      7.814   262.3118 1.2377e-01     2.0501      2.621      3.802    21.0483   998.0143 0.0000e+00
      2.688      0.066     0.3703      4.136     40.766  37.322462     5.6463      7.806   262.6682 1.2375e-01     2.1056      2.638      3.826    20.9467   998.0363 0.0000e+00
      2.698      0.066     0.3875      4.323     40.766  37.285537     5.5216      7.797   263.0084 1.2375e-01     2.1102      2.648      3.840    20.8602   998.0551 0.0000e+00
      2.708      0.069     0.4068      4.533     40.823  37.283256     5.4416      7.787   263.3276 1.2372e-01     2.0732      2.653      3.847    20.8024   998.0675 0.0000e+00
      2.725      0.075     0.4238      4.717     40.892  37.294805     5.4339      7.778   263.6022 1.2373e-01     2.0855      2.669      3.871    20.7869   998.0709 0.0000e+00
      2.750      0.081     0.4380      4.869     40.951  37.298151     5.4552      7.771   263.8337 1.2380e-01     2.0620      2.698      3.912    20.7846   998.0716 0.0000e+00
      2.776      0.085     0.4504      5.000     41.049  37.323642     5.4822      7.763   264.0612 1.2385e-01     1.9860      2.722      3.949    20.7380   998.0816 0.0000e+00
      2.801      0.085     0.4603      5.101     41.157  37.349032     5.4914      7.756   264.2869 1.2383e-01     1.9203      2.747      3.984    20.6537   998.0997 0.0000e+00
      2.826      0.080     0.4690      5.188     41.235  37.351133     5.4880      7.749   264.4981 1.2377e-01     1.8572      2.774      4.022    20.5930   998.1128 0.0000e+00
      2.845      0.074     0.4755      5.253     41.295  37.348948     5.4855      7.743   264.7224 1.2372e-01     1.8455      2.792      4.049    20.5444   998.1233 0.0000e+00
      2.860      0.069     0.4751      5.243     41.323  37.322546     5.4605      7.737   265.0206 1.2372e-01     1.8771      2.805      4.067    20.4619   998.1407 0.0000e+00
