Data/DataNotYetUploadedToEDI/Raw_CTD/RawDownloads/081524_ccr80_S8188004.cnv
* Sea-Bird SBE19plus  Data File:
* FileName = C:\R\Reservoirs\Data\DataNotYetUploadedToEDI\Raw_CTD\RawDownloads\081424_ccr50_S8188_0004.hex
* Software version 2.8.0.119
* Temperature SN = 8188
* Conductivity SN = 8188
* System UpLoad Time = Aug 16 2024 10:37:39
* <ApplicationData>
* <Seaterm232>
# nquan = 16
# nvalues = 1935                        
# units = specified
# name 0 = depFM: Depth [fresh water, m]
# name 1 = dz/dtM: Descent Rate [m/s]
# name 2 = sbeox0Mg/L: Oxygen, SBE 43 [mg/l]
# name 3 = sbeox0PS: Oxygen, SBE 43 [% saturation]
# name 4 = specc: Specific Conductance [uS/cm]
# name 5 = c0uS/cm: Conductivity [uS/cm]
# name 6 = wetCDOM: Fluorescence, WET Labs CDOM [mg/m^3]
# name 7 = flECO-AFL: Fluorescence, WET Labs ECO-AFL/FL [mg/m^3]
# name 8 = flECO-AFL1: Fluorescence, WET Labs ECO-AFL/FL, 2 [mg/m^3]
# name 9 = flECO-AFL2: Fluorescence, WET Labs ECO-AFL/FL, 3 [mg/m^3]
# name 10 = par/sat/log: PAR/Logarithmic, Satlantic
# name 11 = turbWETntu0: Turbidity, WET Labs ECO [NTU]
# name 12 = prdM: Pressure, Strain Gauge [db]
# name 13 = prdE: Pressure, Strain Gauge [psi]
# name 14 = tv290C: Temperature [ITS-90, deg C]
# name 15 = flag:  0.000e+00
# span 0 =     -0.396,     17.559       
# span 1 =     -0.480,      0.148       
# span 2 =     3.7428,     9.5993       
# span 3 =     35.251,    115.624       
# span 4 =   -628.574,    126.709       
# span 5 =-485.665094, 126.640159       
# span 6 =    -4.5000,    27.9000       
# span 7 =    -0.4448,    10.7897       
# span 8 =    -2.1300,     0.6390       
# span 9 =    -2.0304,     1.5651       
# span 10 = 1.1560e-01, 6.7416e+02      
# span 11 =    -1.3066,    94.5135      
# span 12 =     -0.388,     17.220      
# span 13 =     -0.563,     24.975      
# span 14 =    12.5729,    34.5383      
# span 15 = 0.0000e+00, 0.0000e+00      
# interval = seconds: 0.25
# start_time = Aug 15 2024 14:41:38 [Instrument's time stamp, header]
# bad_flag = -9.990e-29
*END*
[from data line 452]
      2.473      0.076     8.4307    106.204    116.705 121.695248    10.8000     0.3830     0.0000     0.0846 1.0818e+02    -0.4153      2.425      3.517    27.1364 0.0000e+00
      2.493      0.079     8.4329    106.247    116.684 121.669522    10.8900     0.3601     0.0426     0.1269 1.0785e+02    -0.4304      2.445      3.545    27.1352 0.0000e+00
      2.514      0.080     8.4346    106.302    116.677 121.658913    10.8900     0.3945     0.0426     0.1269 1.0778e+02    -0.5059      2.465      3.575    27.1340 0.0000e+00
      2.536      0.081     8.4369    106.377    116.689 121.668593    10.8900     0.3983     0.0426     0.1269 1.0699e+02    -0.4455      2.487      3.607    27.1328 0.0000e+00
      2.558      0.080     8.4400    106.465    116.714 121.693143    10.8900     0.3716     0.0426     0.1269 1.0669e+02    -0.4606      2.508      3.638    27.1314 0.0000e+00
      2.579      0.078     8.4437    106.556    116.741 121.719104    10.8900     0.3868     0.0426     0.1269 1.0625e+02    -0.4606      2.529      3.668    27.1298 0.0000e+00
      2.598      0.076     8.4483    106.641    116.739 121.715391    10.8900     0.3754     0.0426     0.2538 1.0643e+02    -0.4455      2.547      3.695    27.1283 0.0000e+00
      2.616      0.075     8.4543    106.708    116.710 121.683013    10.8900     0.3792     0.0426     0.2538 1.0602e+02    -0.4606      2.565      3.720    27.1272 0.0000e+00
      2.634      0.074     8.4615    106.735    116.691 121.659347    10.8900     0.3868     0.0426     0.2538 1.0611e+02    -0.4606      2.583      3.746    27.1264 0.0000e+00
      2.653      0.074     8.4688    106.703    116.680 121.644083    10.8900     0.3792     0.0426     0.2538 1.0540e+02    -0.4304      2.601      3.772    27.1257 0.0000e+00
      2.672      0.075     8.4757    106.631    116.677 121.637152    10.8000     0.3716     0.0426     0.2538 1.0526e+02    -0.4153      2.620      3.800    27.1248 0.0000e+00
      2.691      0.076     8.4812    106.554    116.692 121.648706    10.8000     0.3868     0.0426     0.2538 1.0510e+02    -0.4002      2.639      3.828    27.1236 0.0000e+00
      2.711      0.076     8.4835    106.493    116.708 121.661823    10.8000     0.4021     0.0426     0.2538 1.0462e+02    -0.4455      2.659      3.856    27.1221 0.0000e+00
      2.731      0.074     8.4813    106.459    116.713 121.663997    10.8000     0.3868     0.0426     0.2538 1.0385e+02    -0.4304      2.679      3.885    27.1205 0.0000e+00
      2.751      0.070     8.4758    106.461    116.703 121.651805    10.8900     0.3830     0.0000     0.1692 1.0351e+02    -0.3851      2.698      3.913    27.1188 0.0000e+00
      2.769      0.066     8.4699    106.493    116.675 121.621998    10.8900     0.3754     0.0000     0.1692 1.0311e+02    -0.4002      2.716      3.939    27.1171 0.0000e+00
      2.785      0.062     8.4654    106.529    116.647 121.590632    10.8900     0.3792     0.0000     0.1692 1.0311e+02    -0.3851      2.732      3.962    27.1156 0.0000e+00
      2.800      0.057     8.4628    106.548    116.636 121.577349    10.8900     0.4021     0.0000     0.1692 1.0284e+02    -0.4908      2.746      3.982    27.1145 0.0000e+00
      2.813      0.053     8.4631    106.546    116.655 121.594610    10.8000     0.3983     0.0000     0.2538 1.0255e+02    -0.4304      2.758      4.000    27.1138 0.0000e+00
      2.826      0.049     8.4657    106.536    116.691 121.631015    10.8000     0.4021     0.0000     0.2538 1.0195e+02    -0.4304      2.771      4.019    27.1133 0.0000e+00
      2.838      0.046     8.4686    106.535    116.712 121.652260    10.8000     0.3716     0.0000     0.2538 1.0197e+02    -0.4757      2.783      4.037    27.1127 0.0000e+00
      2.850      0.043     8.4702    106.541    116.719 121.660011    10.8000     0.3868     0.0000     0.2538 1.0168e+02    -0.5966      2.795      4.053    27.1119 0.0000e+00
      2.861      0.040     8.4702    106.548    116.726 121.668338    10.8000     0.3945     0.0000     0.2538 1.0120e+02    -0.4606      2.805      4.068    27.1110 0.0000e+00
      2.870      0.038     8.4696    106.565    116.732 121.675460    10.8000     0.3792     0.0426     0.1269 1.0102e+02    -0.4757      2.814      4.082    27.1103 0.0000e+00
      2.878      0.037     8.4695    106.596    116.740 121.683276    10.8000     0.3678     0.0426     0.1269 1.0089e+02    -0.4606      2.822      4.094    27.1101 0.0000e+00
      2.887      0.036     8.4700    106.630    116.740 121.681868    10.8000     0.3868     0.0426     0.1269 1.0070e+02    -0.4908      2.831      4.106    27.1102 0.0000e+00
      2.896      0.036     8.4705    106.655    116.727 121.666860    10.8000     0.3868     0.0426     0.1269 1.0045e+02    -0.4908      2.839      4.118    27.1105 0.0000e+00
      2.905      0.036     8.4718    106.656    116.716 121.654254    10.8000     0.3639     0.0426     0.1692 1.0028e+02    -0.4757      2.848      4.132    27.1108 0.0000e+00
      2.915      0.036     8.4743    106.614    116.704 121.640687    10.8000     0.3716     0.0426     0.1692 9.9997e+01    -0.4304      2.858      4.145    27.1107 0.0000e+00
      2.924      0.035     8.4771    106.522    116.682 121.618541    10.8000     0.3906     0.0426     0.1692 9.9650e+01    -0.4908      2.868      4.159    27.1103 0.0000e+00
      2.933      0.033     8.4792    106.401    116.665 121.601915    10.8000     0.3792     0.0426     0.1692 9.9283e+01    -0.4908      2.877      4.172    27.1096 0.0000e+00
      2.942      0.031     8.4793    106.281    116.657 121.594377    10.8000     0.3716     0.0852     0.0846 9.9197e+01    -0.4908      2.885      4.184    27.1090 0.0000e+00
      2.949      0.029     8.4760    106.190    116.651 121.589916    10.8000     0.3868     0.0852     0.0846 9.9132e+01    -0.5059      2.892      4.195    27.1087 0.0000e+00
      2.956      0.027     8.4687    106.149    116.648 121.587344    10.8000     0.3754     0.0852     0.0846 9.8938e+01    -0.4908      2.898      4.204    27.1088 0.0000e+00
      2.962      0.026     8.4590    106.163    116.662 121.601977    10.8000     0.3983     0.0852     0.0846 9.8960e+01    -0.4455      2.904      4.212    27.1093 0.0000e+00
      2.968      0.027     8.4494    106.220    116.700 121.641718    10.8000     0.4517     0.0852     0.0846 9.8874e+01    -0.4908      2.910      4.221    27.1099 0.0000e+00
      2.974      0.028     8.4421    106.307    116.734 121.677156    10.8000     0.4440     0.0426     0.2115 9.8552e+01    -0.4304      2.917      4.230    27.1103 0.0000e+00
      2.981      0.029     8.4388    106.403    116.748 121.689735    10.8000     0.4517     0.0426     0.2115 9.8509e+01    -0.4757      2.924      4.240    27.1107 0.0000e+00
      2.989      0.031     8.4398    106.493    116.761 121.702814    10.8000     0.4402     0.0426     0.2115 9.8488e+01    -0.3397      2.931      4.251    27.1109 0.0000e+00
      2.997      0.032     8.4444    106.557    116.790 121.731883    10.8000     0.4708     0.0426     0.2115 9.8039e+01    -0.4606      2.939      4.263    27.1109 0.0000e+00
      3.006      0.033     8.4513    106.589    116.807 121.748685    10.8000     0.4440     0.0426     0.1269 9.7997e+01    -0.4153      2.948      4.276    27.1106 0.0000e+00
      3.015      0.033     8.4591    106.586    116.801 121.741697    10.8000     0.4479     0.0426     0.1269 9.7678e+01    -0.4304      2.957      4.289    27.1101 0.0000e+00
      3.024      0.032     8.4663    106.549    116.790 121.729061    10.8000     0.4517     0.0426     0.1269 9.7614e+01    -0.4606      2.965      4.301    27.1096 0.0000e+00
      3.032      0.031     8.4715    106.500    116.766 121.703405    10.8000     0.4364     0.0426     0.1269 9.7424e+01    -0.4757      2.973      4.312    27.1090 0.0000e+00
      3.039      0.030     8.4740    106.474    116.720 121.653888    10.8900     0.4326     0.0426     0.1692 9.7572e+01    -0.4304      2.980      4.323    27.1086 0.0000e+00
      3.046      0.029     8.4738    106.475    116.670 121.599311    10.8900     0.4440     0.0426     0.1692 9.7402e+01    -0.4304      2.987      4.333    27.1083 0.0000e+00
      3.053      0.029     8.4709    106.484    116.634 121.557129    10.8900     0.4402     0.0426     0.1692 9.7466e+01    -0.4757      2.994      4.343    27.1079 0.0000e+00
      3.060      0.029     8.4671    106.492    116.604 121.520093    10.8900     0.4364     0.0426     0.1692 9.7466e+01    -0.4908      3.001      4.353    27.1075 0.0000e+00
      3.068      0.029     8.4651    106.493    116.577 121.486329    10.8900     0.4479     0.0426     0.1692 9.7339e+01    -0.4757      3.008      4.364    27.1068 0.0000e+00
      3.076      0.029     8.4654    106.483    116.573 121.476839    10.8900     0.4288     0.0426     0.1692 9.7170e+01    -0.3549      3.016      4.375    27.1057 0.0000e+00
      3.083      0.027     8.4664    106.464    116.597 121.499093    10.8900     0.4555     0.0426     0.1692 9.6833e+01    -0.4153      3.024      4.386    27.1040 0.0000e+00
      3.091      0.025     8.4674    106.444    116.621 121.525019    10.8900     0.4440     0.0426     0.1692 9.6580e+01    -0.3851      3.031      4.397    27.1017 0.0000e+00
      3.098      0.023     8.4679    106.427    116.632 121.539526    10.8900     0.4440     0.0426     0.1692 9.6664e+01    -0.4304      3.038      4.406    27.0989 0.0000e+00
      3.103      0.020     8.4674    106.420    116.648 121.558485    10.8900     0.4364     0.0426     0.1269 9.6539e+01    -0.4455      3.043      4.413    27.0966 0.0000e+00
      3.107      0.018     8.4661    106.431    116.660 121.570948    10.8900     0.4517     0.0426     0.1269 9.6770e+01    -0.3700      3.047      4.419    27.0955 0.0000e+00
      3.110      0.016     8.4645    106.456    116.646 121.556234    10.8900     0.3639     0.0426     0.1269 9.6875e+01    -0.3851      3.050      4.424    27.0959 0.0000e+00
      3.114      0.014     8.4629    106.490    116.634 121.544426    10.8900     0.3563     0.0426     0.1269 9.6896e+01    -0.4304      3.054      4.429    27.0971 0.0000e+00
      3.117      0.013     8.4622    106.536    116.645 121.558381    10.8900     0.3983     0.0426     0.2538 9.6854e+01    -0.5663      3.057      4.434    27.0981 0.0000e+00
      3.121      0.012     8.4630    106.588    116.658 121.575814    10.8900     0.4021     0.0426     0.2538 9.6917e+01    -0.3246      3.061      4.439    27.0984 0.0000e+00
      3.124      0.011     8.4650    106.634    116.655 121.579370    10.8900     0.4326     0.0426     0.2538 9.6854e+01    -0.4757      3.064      4.443    27.0982 0.0000e+00
      3.126      0.010     8.4677    106.672    116.643 121.573999    10.8900     0.4555     0.0426     0.2538 9.6749e+01    -0.4908      3.066      4.447    27.0983 0.0000e+00
      3.128      0.009     8.4712    106.705    116.641 121.578273    10.8900     0.4593     0.0426     0.1692 9.6791e+01    -0.5210      3.068      4.450    27.0994 0.0000e+00
      3.130      0.009     8.4750    106.726    116.653 121.593332    10.8900     0.4288     0.0426     0.1692 9.7170e+01    -0.4606      3.070      4.452    27.1014 0.0000e+00
      3.132      0.009     8.4783    106.702    116.667 121.607190    10.8900     0.4593     0.0426     0.1692 9.7212e+01    -0.7174      3.072      4.455    27.1042 0.0000e+00
      3.134      0.011     8.4809    106.599    116.686 121.623540    10.8900     0.4250     0.0426     0.1692 9.7191e+01    -0.7174      3.074      4.458    27.1071 0.0000e+00
      3.137      0.012     8.4831    106.426    116.710 121.642743    10.8900     0.4326     0.0426     0.1692 9.7170e+01    -0.7174      3.076      4.462    27.1097 0.0000e+00
      3.140      0.013     8.4845    106.251    116.730 121.657916    10.8900     0.4440     0.0426     0.1692 9.7064e+01    -0.7325      3.080      4.467    27.1111 0.0000e+00
      3.144      0.014     8.4827    106.137    116.738 121.661101    10.8900     0.4593     0.0426     0.1692 9.7022e+01    -0.4606      3.084      4.472    27.1109 0.0000e+00
      3.148      0.014     8.4747    106.102    116.731 121.649147    10.8900     0.4479     0.0426     0.1692 9.7085e+01    -0.4002      3.087      4.478    27.1093 0.0000e+00
      3.152      0.014     8.4613    106.124    116.726 121.638870    10.8900     0.4364     0.0426     0.1692 9.7128e+01    -0.4908      3.091      4.483    27.1070 0.0000e+00
      3.155      0.014     8.4478    106.167    116.726 121.635531    10.8900     0.4364     0.0426     0.2115 9.7191e+01    -0.5512      3.094      4.488    27.1046 0.0000e+00
      3.159      0.014     8.4390    106.209    116.723 121.630239    10.8900     0.3830     0.0426     0.2115 9.7170e+01    -0.5512      3.098      4.493    27.1023 0.0000e+00
      3.162      0.014     8.4366    106.258    116.719 121.625582    10.8900     0.3792     0.0426     0.2115 9.7254e+01    -0.5210      3.101      4.498    27.1002 0.0000e+00
      3.166      0.013     8.4386    106.319    116.716 121.624319    10.8900     0.3868     0.0426     0.2115 9.7170e+01    -0.4757      3.105      4.503    27.0983 0.0000e+00
      3.170      0.013     8.4423    106.370    116.706 121.618111    10.8900     0.3792     0.0426     0.1269 9.7064e+01    -0.3700      3.108      4.509    27.0968 0.0000e+00
      3.173      0.012     8.4458    106.389    116.682 121.597302    10.8900     0.3678     0.0426     0.1269 9.7212e+01    -0.4757      3.112      4.513    27.0957 0.0000e+00
      3.176      0.011     8.4497    106.394    116.657 121.576348    10.8900     0.3830     0.0426     0.1269 9.7170e+01    -0.4908      3.115      4.518    27.0954 0.0000e+00
      3.179      0.011     8.4545    106.430    116.652 121.573667    10.8900     0.3983     0.0426     0.1269 9.7212e+01    -0.5210      3.117      4.521    27.0961 0.0000e+00
      3.181      0.010     8.4583    106.510    116.650 121.572541    10.8900     0.3983     0.0426     0.1269 9.7170e+01    -0.5210      3.120      4.525    27.0978 0.0000e+00
      3.184      0.010     8.4594    106.615    116.631 121.552664    10.8900     0.3716     0.0426     0.1269 9.7170e+01    -0.5059      3.122      4.529    27.1000 0.0000e+00
      3.186      0.010     8.4596    106.712    116.614 121.534741    10.8900     0.4059     0.0426     0.1269 9.7022e+01    -0.4304      3.125      4.532    27.1018 0.0000e+00
      3.189      0.009     8.4623    106.759    116.624 121.544000    10.8900     0.3830     0.0426     0.1269 9.7170e+01    -0.4606      3.127      4.536    27.1028 0.0000e+00
      3.192      0.009     8.4686    106.734    116.649 121.568908    10.8900     0.3601     0.0426     0.1269 9.7107e+01    -0.4002      3.130      4.540    27.1033 0.0000e+00
      3.194      0.009     8.4769    106.646    116.669 121.586098    10.8900     0.4479     0.0426     0.0846 9.7212e+01    -0.4606      3.132      4.543    27.1033 0.0000e+00
      3.196      0.009     8.4846    106.535    116.676 121.588154    10.8900     0.4593     0.0426     0.0846 9.7170e+01    -0.4606      3.134      4.546    27.1032 0.0000e+00
      3.198      0.009     8.4884    106.439    116.686 121.591625    10.8900     0.4631     0.0426     0.0846 9.7318e+01    -0.5210      3.136      4.548    27.1029 0.0000e+00
      3.200      0.009     8.4865    106.380    116.706 121.605440    10.8900     0.4517     0.0426     0.0846 9.7254e+01    -0.4002      3.138      4.551    27.1021 0.0000e+00
      3.202      0.010     8.4798    106.368    116.716 121.609275    10.8900     0.4097     0.0426     0.1692 9.7297e+01    -0.4908      3.140      4.554    27.1006 0.0000e+00
      3.204      0.011     8.4713    106.399    116.700 121.588150    10.8900     0.3983     0.0426     0.1692 9.7445e+01    -0.4757      3.142      4.558    27.0983 0.0000e+00
      3.207      0.013     8.4641    106.458    116.671 121.554435    10.8900     0.3906     0.0426     0.1692 9.7487e+01    -0.5059      3.145      4.562    27.0953 0.0000e+00
