Data/DataNotYetUploadedToEDI/Raw_CTD/RawDownloads/081524_ccr80_S8188004.cnv
* Sea-Bird SBE19plus  Data File:
* FileName = C:\R\Reservoirs\Data\DataNotYetUploadedToEDI\Raw_CTD\RawDownloads\081424_ccr50_S8188_0004.hex
* Software version 2.8.0.119
* Temperature SN = 8188
* Conductivity SN = 8188
* System UpLoad Time = Aug 16 2024 10:37:39
* <ApplicationData>
* <Seaterm232>
# nquan = 13
# nvalues = 1935                        
# units = specified
# name 0 = depFM: Depth [fresh water, m]
# name 1 = dz/dtM: Descent Rate [m/s]
# name 2 = sbeox0Mg/L: Oxygen, SBE 43 [mg/l]
# name 3 = sbeox0PS: Oxygen, SBE 43 [% saturation]
# name 4 = specc: Specific Conductance [uS/cm]
# name 5 = c0uS/cm: Conductivity [uS/cm]
# name 6 = flECO-AFL: Fluorescence, WET Labs ECO-AFL/FL [mg/m^3]
# name 7 = par/sat/log: PAR/Logarithmic, Satlantic
# name 8 = turbWETntu0: Turbidity, WET Labs ECO [NTU]
# name 9 = prdM: Pressure, Strain Gauge [db]
# name 10 = prdE: Pressure, Strain Gauge [psi]
# name 11 = tv290C: Temperature [ITS-90, deg C]
# name 12 = flag:  0.000e+00
# span 0 =     -0.400,     17.570       
# span 1 =     -0.520,      0.215       
# span 2 =     3.6669,     9.7704       
# span 3 =     34.664,    118.611       
# span 4 =  -1587.839,    127.619       
# span 5 = -1.227e+03, 127.036766       
# span 6 =    -0.4260,    10.7549       
# span 7 = 1.1577e-01, 6.3519e+02       
# span 8 =    -1.1968,    94.3030       
# span 9 =     -0.392,     17.232       
# span 10 =     -0.569,     24.993      
# span 11 =    12.5623,    34.6106      
# span 12 = 0.0000e+00, 0.0000e+00      
# interval = seconds: 0.25
# start_time = Aug 15 2024 14:41:38 [Instrument's time stamp, header]
# bad_flag = -9.990e-29
*END*
[from data line 1334]
     12.056      0.043     5.0141     47.319    125.644  94.967074     0.3178 1.1592e-01     3.3699     11.821     17.145    12.7916 0.0000e+00
     12.066      0.047     5.0083     47.334    125.432  94.804965     0.3181 1.1591e-01     3.3664     11.831     17.159    12.7912 0.0000e+00
     12.079      0.058     5.0046     47.308    125.262  94.675565     0.3356 1.1589e-01     3.3406     11.846     17.181    12.7908 0.0000e+00
     12.090      0.079     5.0048     47.245    125.291  94.696618     0.3642 1.1591e-01     3.3325     11.857     17.197    12.7899 0.0000e+00
     12.104      0.107     5.0077     47.189    125.415  94.787061     0.3778 1.1592e-01     3.3369     11.867     17.211    12.7888 0.0000e+00
     12.128      0.134     5.0114     47.159    125.461  94.815540     0.3696 1.1594e-01     3.3593     11.885     17.239    12.7881 0.0000e+00
     12.170      0.154     5.0088     47.109    125.408  94.768501     0.3607 1.1601e-01     3.4327     11.928     17.300    12.7880 0.0000e+00
     12.228      0.163     4.9992     47.005    125.408  94.763188     0.3652 1.1600e-01     3.5374     11.991     17.392    12.7882 0.0000e+00
     12.288      0.156     4.9928     46.910    125.486  94.819403     0.3730 1.1585e-01     3.5944     12.054     17.483    12.7868 0.0000e+00
     12.338      0.136     4.9917     46.834    125.498  94.835192     0.3765 1.1578e-01     3.6082     12.105     17.557    12.7841 0.0000e+00
     12.369      0.106     4.9906     46.715    125.541  94.885992     0.3816 1.1587e-01     3.6005     12.136     17.601    12.7811 0.0000e+00
     12.383      0.078     4.9742     46.585    125.519  94.888751     0.3829 1.1593e-01     3.5702     12.146     17.617    12.7785 0.0000e+00
     12.386      0.058     4.9635     46.502    125.390  94.800451     0.3831 1.1596e-01     3.5505     12.147     17.616    12.7767 0.0000e+00
     12.388      0.052     4.9616     46.462    125.453  94.840039     0.3922 1.1591e-01     3.5681     12.146     17.617    12.7782 0.0000e+00
     12.396      0.058     4.9441     46.448    125.544  94.890622     0.3974 1.1581e-01     3.5428     12.155     17.628    12.7876 0.0000e+00
     12.412      0.073     4.9264     46.466    125.532  94.867132     0.3942 1.1580e-01     3.4166     12.170     17.651    12.7975 0.0000e+00
     12.435      0.090     4.9184     46.501    125.489  94.828457     0.3890 1.1585e-01     3.3126     12.192     17.683    12.8014 0.0000e+00
     12.464      0.101     4.9154     46.520    125.318  94.695432     0.3866 1.1588e-01     3.2809     12.222     17.726    12.7978 0.0000e+00
     12.497      0.103     4.9142     46.506    125.223  94.620949     0.3825 1.1589e-01     3.2736     12.256     17.775    12.7878 0.0000e+00
     12.530      0.096     4.9172     46.453    125.385  94.745217     0.3734 1.1587e-01     3.2927     12.288     17.822    12.7815 0.0000e+00
     12.560      0.083     4.9233     46.381    125.496  94.835730     0.3719 1.1585e-01     3.3401     12.321     17.871    12.7803 0.0000e+00
     12.579      0.068     4.9252     46.332    125.391  94.761800     0.3732 1.1588e-01     3.3656     12.341     17.899    12.7792 0.0000e+00
     12.588      0.053     4.9247     46.299    125.265  94.668668     0.3631 1.1589e-01     3.2926     12.345     17.904    12.7771 0.0000e+00
     12.593      0.043     4.9186     46.261    125.256  94.663241     0.3453 1.1585e-01     3.1779     12.349     17.910    12.7777 0.0000e+00
     12.599      0.041     4.9074     46.228    125.301  94.696183     0.3313 1.1580e-01     3.1472     12.355     17.919    12.7813 0.0000e+00
     12.608      0.050     4.9033     46.205    125.266  94.658293     0.3245 1.1579e-01     3.1609     12.363     17.931    12.7839 0.0000e+00
     12.619      0.066     4.9012     46.186    125.236  94.613765     0.3408 1.1583e-01     3.2067     12.373     17.946    12.7844 0.0000e+00
     12.634      0.082     4.8957     46.165    125.378  94.702653     0.3718 1.1583e-01     3.2890     12.386     17.965    12.7850 0.0000e+00
     12.658      0.094     4.8921     46.111    125.490  94.779453     0.3785 1.1581e-01     3.2975     12.408     17.997    12.7863 0.0000e+00
     12.692      0.100     4.8908     46.030    125.415  94.725014     0.3707 1.1584e-01     3.2752     12.446     18.050    12.7816 0.0000e+00
     12.728      0.099     4.8892     45.960    125.414  94.725543     0.3553 1.1586e-01     3.2947     12.485     18.108    12.7705 0.0000e+00
     12.757      0.091     4.8904     45.909    125.500  94.785854     0.3307 1.1582e-01     3.3270     12.512     18.147    12.7618 0.0000e+00
     12.777      0.078     4.8848     45.877    125.494  94.773110     0.3249 1.1581e-01     3.3560     12.532     18.177    12.7592 0.0000e+00
     12.792      0.063     4.8727     45.864    125.415  94.707674     0.3281 1.1585e-01     3.3714     12.546     18.197    12.7618 0.0000e+00
     12.802      0.051     4.8665     45.855    125.375  94.675769     0.3269 1.1587e-01     3.3414     12.554     18.208    12.7632 0.0000e+00
     12.812      0.045     4.8608     45.857    125.355  94.659790     0.3264 1.1586e-01     3.2334     12.563     18.222    12.7607 0.0000e+00
     12.822      0.046     4.8575     45.875    125.347  94.650694     0.3225 1.1586e-01     3.1299     12.574     18.238    12.7566 0.0000e+00
     12.831      0.054     4.8582     45.894    125.422  94.701999     0.3230 1.1587e-01     3.1194     12.583     18.250    12.7536 0.0000e+00
     12.841      0.066     4.8559     45.889    125.291  94.599008     0.3415 1.1590e-01     3.2100     12.590     18.260    12.7540 0.0000e+00
     12.857      0.077     4.8563     45.856    125.067  94.427080     0.3731 1.1593e-01     3.3331     12.604     18.281    12.7543 0.0000e+00
     12.882      0.085     4.8585     45.817    125.116  94.462205     0.3924 1.1589e-01     3.3706     12.630     18.318    12.7524 0.0000e+00
     12.912      0.089     4.8621     45.774    125.231  94.546933     0.3928 1.1586e-01     3.3556     12.662     18.365    12.7501 0.0000e+00
     12.942      0.086     4.8623     45.706    125.258  94.566095     0.3693 1.1587e-01     3.2890     12.693     18.411    12.7486 0.0000e+00
     12.966      0.076     4.8573     45.616    125.248  94.557670     0.3334 1.1588e-01     3.1490     12.719     18.447    12.7477 0.0000e+00
     12.983      0.062     4.8530     45.531    125.279  94.581275     0.3232 1.1589e-01     3.0696     12.734     18.469    12.7469 0.0000e+00
     12.994      0.049     4.8502     45.459    125.275  94.579063     0.3240 1.1592e-01     3.0511     12.744     18.484    12.7461 0.0000e+00
     13.000      0.040     4.8431     45.399    125.210  94.530926     0.3171 1.1594e-01     3.0624     12.750     18.492    12.7454 0.0000e+00
     13.005      0.040     4.8314     45.364    125.227  94.544135     0.3176 1.1595e-01     3.1026     12.753     18.496    12.7451 0.0000e+00
     13.011      0.046     4.8229     45.368    125.308  94.602554     0.3218 1.1591e-01     3.0921     12.760     18.505    12.7455 0.0000e+00
     13.021      0.056     4.8152     45.402    125.433  94.692376     0.3245 1.1583e-01     3.0722     12.768     18.517    12.7453 0.0000e+00
     13.037      0.067     4.8081     45.444    125.417  94.676604     0.3331 1.1580e-01     3.1021     12.781     18.537    12.7457 0.0000e+00
     13.062      0.078     4.8037     45.467    125.251  94.548067     0.3394 1.1587e-01     3.1102     12.809     18.577    12.7470 0.0000e+00
     13.087      0.088     4.8049     45.443    125.191  94.500457     0.3304 1.1597e-01     3.0668     12.836     18.618    12.7451 0.0000e+00
     13.109      0.095     4.8095     45.358    125.206  94.509610     0.3208 1.1597e-01     3.0579     12.855     18.645    12.7427 0.0000e+00
     13.132      0.097     4.8151     45.231    125.225  94.522514     0.3352 1.1595e-01     3.1063     12.877     18.677    12.7414 0.0000e+00
     13.158      0.096     4.8189     45.098    125.225  94.520254     0.3658 1.1596e-01     3.1359     12.904     18.716    12.7404 0.0000e+00
     13.185      0.095     4.8171     44.980    125.177  94.482283     0.3872 1.1591e-01     3.1414     12.931     18.755    12.7395 0.0000e+00
     13.211      0.092     4.8073     44.864    125.165  94.472064     0.3859 1.1586e-01     3.1385     12.956     18.791    12.7386 0.0000e+00
     13.234      0.086     4.7923     44.728    125.247  94.532924     0.3587 1.1588e-01     2.9984     12.977     18.823    12.7379 0.0000e+00
     13.256      0.079     4.7776     44.622    125.254  94.537019     0.3277 1.1593e-01     2.7514     12.999     18.854    12.7370 0.0000e+00
     13.277      0.075     4.7648     44.581    125.144  94.453474     0.3147 1.1598e-01     2.6246     13.021     18.885    12.7367 0.0000e+00
     13.293      0.080     4.7562     44.581    125.085  94.408224     0.3140 1.1598e-01     2.6331     13.039     18.910    12.7362 0.0000e+00
     13.305      0.091     4.7377     44.608    125.074  94.398558     0.3190 1.1590e-01     2.7842     13.047     18.923    12.7356 0.0000e+00
     13.318      0.104     4.7243     44.633    125.175  94.472807     0.3233 1.1582e-01     3.0443     13.054     18.934    12.7352 0.0000e+00
     13.347      0.114     4.7236     44.673    125.289  94.556738     0.3224 1.1584e-01     3.1695     13.081     18.971    12.7349 0.0000e+00
     13.392      0.118     4.7214     44.750    125.253  94.527924     0.3166 1.1591e-01     3.1304     13.133     19.048    12.7345 0.0000e+00
     13.438      0.115     4.7280     44.812    125.261  94.533089     0.3134 1.1594e-01     3.0863     13.184     19.122    12.7339 0.0000e+00
     13.473      0.104     4.7288     44.796    125.195  94.482959     0.3193 1.1592e-01     3.0821     13.218     19.171    12.7331 0.0000e+00
     13.493      0.086     4.7309     44.696    125.084  94.398569     0.3185 1.1587e-01     3.0800     13.237     19.198    12.7324 0.0000e+00
     13.503      0.067     4.7429     44.573    125.264  94.534382     0.3116 1.1583e-01     3.0615     13.242     19.206    12.7316 0.0000e+00
     13.511      0.053     4.7515     44.467    125.478  94.694752     0.2971 1.1584e-01     2.9945     13.247     19.215    12.7312 0.0000e+00
     13.523      0.046     4.7512     44.340    125.400  94.634842     0.2638 1.1589e-01     2.8885     13.261     19.234    12.7314 0.0000e+00
     13.535      0.046     4.7367     44.161    125.120  94.423007     0.2398 1.1594e-01     2.8439     13.275     19.253    12.7312 0.0000e+00
     13.547      0.046     4.7214     43.961    124.975  94.312992     0.2406 1.1594e-01     2.8336     13.285     19.268    12.7309 0.0000e+00
     13.559      0.045     4.7133     43.826    125.083  94.394427     0.2471 1.1585e-01     2.7644     13.297     19.286    12.7306 0.0000e+00
     13.572      0.039     4.7009     43.812    125.159  94.454086     0.2488 1.1580e-01     2.6586     13.310     19.304    12.7301 0.0000e+00
     13.585      0.029     4.6814     43.888    125.100  94.421341     0.2523 1.1588e-01     2.6189     13.323     19.323    12.7298 0.0000e+00
     13.595      0.018     4.6560     44.012    125.052  94.407181     0.2548 1.1590e-01     2.6628     13.335     19.341    12.7296 0.0000e+00
     13.599      0.007     4.6383     44.147    125.038  94.419129     0.2533 1.1588e-01     2.6734     13.339     19.345    12.7294 0.0000e+00
     13.595      0.000     4.6397     44.275    125.028  94.429609     0.2518 1.1593e-01     2.6444     13.333     19.338    12.7293 0.0000e+00
     13.587      0.000     4.6490     44.441    125.151  94.533911     0.2532 1.1594e-01     2.6550     13.324     19.325    12.7329 0.0000e+00
     13.581      0.005     4.6613     44.638    125.225  94.590484     0.2621 1.1594e-01     2.6646     13.317     19.314    12.7444 0.0000e+00
     13.581      0.016     4.6775     44.768    125.120  94.500619     0.2734 1.1592e-01     2.6919     13.316     19.313    12.7542 0.0000e+00
     13.589      0.029     4.6866     44.838    125.101  94.469007     0.2941 1.1590e-01     2.8133     13.323     19.325    12.7607 0.0000e+00
     13.602      0.039     4.7020     44.916    125.139  94.480690     0.3126 1.1593e-01     2.8966     13.338     19.346    12.7667 0.0000e+00
     13.618      0.043     4.7316     44.999    125.188  94.505644     0.3149 1.1597e-01     2.8753     13.356     19.370    12.7666 0.0000e+00
     13.634      0.041     4.7432     45.063    125.274  94.566380     0.3047 1.1598e-01     2.8640     13.372     19.394    12.7620 0.0000e+00
     13.647      0.032     4.7476     45.089    125.310  94.602042     0.2767 1.1594e-01     2.8630     13.386     19.414    12.7539 0.0000e+00
     13.654      0.019     4.7576     45.046    125.362  94.664397     0.2527 1.1590e-01     2.8635     13.392     19.424    12.7463 0.0000e+00
     13.655      0.007     4.7685     44.962    125.381  94.707342     0.2493 1.1596e-01     2.8701     13.392     19.424    12.7418 0.0000e+00
     13.652     -0.003     4.7749     44.894    125.261  94.644529     0.2707 1.1602e-01     2.8053     13.389     19.419    12.7391 0.0000e+00
     13.647     -0.009     4.7800     44.834    125.243  94.654189     0.3028 1.1599e-01     2.6982     13.384     19.412    12.7413 0.0000e+00
     13.642     -0.010     4.7738     44.811    125.358  94.756060     0.3160 1.1595e-01     2.6393     13.378     19.403    12.7527 0.0000e+00
     13.639     -0.008     4.7578     44.857    125.383  94.786493     0.3181 1.1592e-01     2.6426     13.374     19.397    12.7655 0.0000e+00
     13.638     -0.005     4.7541     44.956    125.320  94.749723     0.3199 1.1591e-01     2.7377     13.373     19.396    12.7759 0.0000e+00
     13.639     -0.001     4.7430     45.078    125.269  94.720151     0.3200 1.1592e-01     2.8622     13.374     19.398    12.7868 0.0000e+00
     13.640      0.004     4.7389     45.188    125.237  94.701392     0.3200 1.1591e-01     2.8779     13.376     19.401    12.7919 0.0000e+00
     13.641      0.010     4.7449     45.276    125.189  94.659139     0.3199 1.1590e-01     2.8594     13.377     19.402    12.7952 0.0000e+00
     13.641      0.018     4.7550     45.329    125.169  94.617938     0.3194 1.1587e-01     2.8782     13.377     19.402    12.8007 0.0000e+00
     13.644      0.029     4.7705     45.334    125.209  94.611859     0.3218 1.1588e-01     2.8660     13.379     19.404    12.8039 0.0000e+00
     13.651      0.042     4.7807     45.297    125.219  94.585593     0.3226 1.1595e-01     2.8491     13.385     19.414    12.8070 0.0000e+00
     13.664      0.054     4.7910     45.228    125.241  94.572761     0.3209 1.1590e-01     2.8799     13.398     19.432    12.8074 0.0000e+00
     13.681      0.065     4.7984     45.147    125.293  94.592901     0.3188 1.1582e-01     2.9631     13.414     19.455    12.7949 0.0000e+00
     13.704      0.074     4.8004     45.087    125.256  94.556631     0.3141 1.1588e-01     3.0651     13.439     19.490    12.7776 0.0000e+00
     13.727      0.080     4.7974     45.031    125.241  94.542880     0.3158 1.1595e-01     3.1184     13.466     19.530    12.7645 0.0000e+00
     13.746      0.081     4.7917     44.941    125.271  94.562863     0.3215 1.1592e-01     3.1262     13.480     19.552    12.7518 0.0000e+00
     13.765      0.077     4.7811     44.831    125.222  94.525793     0.3405 1.1591e-01     3.0569     13.495     19.573    12.7436 0.0000e+00
     13.788      0.071     4.7758     44.709    125.186  94.503333     0.3719 1.1594e-01     2.9332     13.524     19.614    12.7418 0.0000e+00
     13.809      0.066     4.7735     44.597    125.256  94.563734     0.3796 1.1593e-01     2.9001     13.547     19.648    12.7416 0.0000e+00
     13.822      0.064     4.7611     44.527    125.269  94.575000     0.3738 1.1593e-01     2.9314     13.556     19.661    12.7395 0.0000e+00
