Data/DataNotYetUploadedToEDI/Raw_CTD/RawDownloads/081524_ccr88_S8188005.cnv
* Sea-Bird SBE19plus  Data File:
* FileName = C:\R\Reservoirs\Data\DataNotYetUploadedToEDI\Raw_CTD\RawDownloads\081424_ccr50_S8188_0005.hex
* Software version 2.8.0.119
* Temperature SN = 8188
* Conductivity SN = 8188
* System UpLoad Time = Aug 16 2024 10:37:54
* <ApplicationData>
* <Seaterm232>
# nquan = 13
# nvalues = 944                         
# units = specified
# name 0 = depFM: Depth [fresh water, m]
# name 1 = dz/dtM: Descent Rate [m/s]
# name 2 = sbeox0Mg/L: Oxygen, SBE 43 [mg/l]
# name 3 = sbeox0PS: Oxygen, SBE 43 [% saturation]
# name 4 = specc: Specific Conductance [uS/cm]
# name 5 = c0uS/cm: Conductivity [uS/cm]
# name 6 = flECO-AFL: Fluorescence, WET Labs ECO-AFL/FL [mg/m^3]
# name 7 = par/sat/log: PAR/Logarithmic, Satlantic
# name 8 = turbWETntu0: Turbidity, WET Labs ECO [NTU]
# name 9 = prdM: Pressure, Strain Gauge [db]
# name 10 = prdE: Pressure, Strain Gauge [psi]
# name 11 = tv290C: Temperature [ITS-90, deg C]
# name 12 = flag:  0.000e+00
# span 0 =     -0.454,      9.378       
# span 1 =     -0.491,      0.198       
# span 2 =     2.7182,    10.4502       
# span 3 =     26.681,    130.953       
# span 4 =  -1610.654,    127.421       
# span 5 = -1.227e+03, 125.086861       
# span 6 =    -2.0012,    23.1865       
# span 7 = 1.3822e+00, 2.0022e+03       
# span 8 =    -2.1581,    90.7185       
# span 9 =     -0.446,      9.198       
# span 10 =     -0.647,     13.340      
# span 11 =    13.0144,    28.2679      
# span 12 = 0.0000e+00, 0.0000e+00      
# interval = seconds: 0.25
# start_time = Aug 15 2024 15:35:21 [Instrument's time stamp, header]
# bad_flag = -9.990e-29
*END*
[from data line 445]
      2.640      0.065     8.3296    104.406    117.061 122.423285     0.3695 1.7347e+02     0.1707      2.591      3.758    27.2906 0.0000e+00
      2.655      0.056     8.3214    104.392    117.066 122.427610     0.3591 1.7362e+02     0.1787      2.604      3.776    27.2880 0.0000e+00
      2.667      0.044     8.3091    104.463    117.111 122.474127     0.3478 1.7383e+02     0.1959      2.615      3.794    27.2865 0.0000e+00
      2.678      0.033     8.2867    104.559    117.079 122.440115     0.3455 1.7398e+02     0.1733      2.627      3.810    27.2851 0.0000e+00
      2.685      0.025     8.2675    104.677    116.934 122.289179     0.3487 1.7388e+02     0.1451      2.634      3.820    27.2840 0.0000e+00
      2.688      0.020     8.2723    104.801    116.864 122.217759     0.3610 1.7392e+02     0.1646      2.636      3.822    27.2831 0.0000e+00
      2.689      0.019     8.2790    104.894    116.967 122.326765     0.3637 1.7410e+02     0.2031      2.637      3.824    27.2828 0.0000e+00
      2.692      0.024     8.2856    104.849    117.083 122.447779     0.3549 1.7414e+02     0.2321      2.639      3.827    27.2829 0.0000e+00
      2.696      0.036     8.2967    104.631    117.091 122.453334     0.3502 1.7442e+02     0.2409      2.642      3.833    27.2830 0.0000e+00
      2.703      0.052     8.3051    104.383    116.974 122.325719     0.3508 1.7503e+02     0.2065      2.649      3.842    27.2839 0.0000e+00
      2.716      0.072     8.3179    104.299    116.860 122.200589     0.3626 1.7581e+02     0.1596      2.660      3.858    27.2849 0.0000e+00
      2.738      0.094     8.3152    104.350    116.898 122.236172     0.3707 1.7696e+02     0.1196      2.681      3.889    27.2850 0.0000e+00
      2.769      0.115     8.2945    104.351    117.007 122.346736     0.3623 1.7839e+02     0.1016      2.716      3.939    27.2840 0.0000e+00
      2.801      0.130     8.2660    104.261    116.975 122.309809     0.3730 1.7976e+02     0.1134      2.745      3.982    27.2811 0.0000e+00
      2.837      0.136     8.2615    104.164    116.870 122.198879     0.4048 1.8154e+02     0.1244      2.774      4.024    27.2781 0.0000e+00
      2.884      0.133     8.2749    104.131    116.904 122.233079     0.4183 1.8364e+02     0.1659      2.830      4.104    27.2766 0.0000e+00
      2.926      0.124     8.2743    104.136    116.984 122.314113     0.4144 1.8520e+02     0.2383      2.878      4.175    27.2753 0.0000e+00
      2.954      0.112     8.2648    104.109    117.030 122.360266     0.4273 1.8637e+02     0.3133      2.898      4.203    27.2735 0.0000e+00
      2.974      0.099     8.2542    104.064    117.054 122.381903     0.4609 1.8765e+02     0.3848      2.917      4.230    27.2727 0.0000e+00
      2.994      0.088     8.2528    104.094    116.985 122.302926     0.4832 1.8899e+02     0.4166      2.939      4.262    27.2726 0.0000e+00
      3.011      0.079     8.2566    104.205    116.917 122.223734     0.4883 1.9013e+02     0.4232      2.953      4.283    27.2719 0.0000e+00
      3.030      0.071     8.2547    104.307    116.939 122.242784     0.4977 1.9135e+02     0.4307      2.968      4.305    27.2712 0.0000e+00
      3.055      0.061     8.2464    104.336    116.957 122.260455     0.5178 1.9286e+02     0.4038      2.996      4.344    27.2698 0.0000e+00
      3.078      0.052     8.2491    104.264    116.865 122.164594     0.5324 1.9366e+02     0.3732      3.026      4.388    27.2665 0.0000e+00
      3.088      0.046     8.2628    104.146    116.681 121.970317     0.5357 1.9343e+02     0.4035      3.032      4.398    27.2624 0.0000e+00
      3.088      0.042     8.2722    104.106    116.673 121.957422     0.5316 1.9373e+02     0.4275      3.027      4.391    27.2605 0.0000e+00
      3.090      0.041     8.2755    104.136    116.858 122.145070     0.5260 1.9477e+02     0.3882      3.027      4.390    27.2609 0.0000e+00
      3.099      0.044     8.2692    104.101    116.909 122.193184     0.5280 1.9540e+02     0.3748      3.036      4.403    27.2611 0.0000e+00
      3.116      0.049     8.2538    103.987    116.788 122.061767     0.5307 1.9565e+02     0.4032      3.055      4.431    27.2602 0.0000e+00
      3.135      0.054     8.2510    103.907    116.721 121.988284     0.5319 1.9619e+02     0.4220      3.076      4.461    27.2582 0.0000e+00
      3.152      0.057     8.2606    103.909    116.786 122.054886     0.5339 1.9660e+02     0.4303      3.093      4.486    27.2559 0.0000e+00
      3.165      0.058     8.2582    103.935    116.848 122.116860     0.5288 1.9685e+02     0.4344      3.105      4.502    27.2534 0.0000e+00
      3.177      0.061     8.2445    103.970    116.860 122.123814     0.5225 1.9757e+02     0.4373      3.115      4.518    27.2511 0.0000e+00
      3.188      0.067     8.2362    104.009    116.883 122.138953     0.5274 1.9745e+02     0.4317      3.126      4.534    27.2500 0.0000e+00
      3.202      0.075     8.2407    104.000    116.917 122.163490     0.5364 1.9699e+02     0.4356      3.138      4.550    27.2495 0.0000e+00
      3.223      0.081     8.2422    103.899    116.911 122.147672     0.5435 1.9749e+02     0.4155      3.157      4.579    27.2486 0.0000e+00
      3.252      0.083     8.2446    103.724    116.855 122.084081     0.5527 1.9814e+02     0.3946      3.188      4.623    27.2460 0.0000e+00
      3.282      0.083     8.2511    103.600    116.851 122.076599     0.5614 1.9870e+02     0.4239      3.222      4.672    27.2420 0.0000e+00
      3.304      0.080     8.2516    103.597    116.968 122.193592     0.5704 1.9931e+02     0.4261      3.244      4.705    27.2365 0.0000e+00
      3.319      0.072     8.2458    103.642    117.048 122.271047     0.5829 2.0040e+02     0.4211      3.255      4.722    27.2323 0.0000e+00
      3.332      0.063     8.2262    103.696    116.980 122.194697     0.5921 2.0242e+02     0.4661      3.265      4.737    27.2306 0.0000e+00
      3.348      0.057     8.2135    103.725    116.883 122.088829     0.5864 2.0525e+02     0.5584      3.283      4.762    27.2295 0.0000e+00
      3.364      0.055     8.2184    103.605    116.817 122.013979     0.5743 2.0732e+02     0.6446      3.302      4.789    27.2278 0.0000e+00
      3.375      0.053     8.2227    103.311    116.783 121.971665     0.5749 2.0799e+02     0.6492      3.309      4.800    27.2246 0.0000e+00
      3.385      0.046     8.2264    102.992    116.736 121.918202     0.5771 2.1044e+02     0.6483      3.317      4.810    27.2218 0.0000e+00
      3.402      0.035     8.2348    102.731    116.731 121.913139     0.5919 2.1439e+02     0.6692      3.336      4.838    27.2205 0.0000e+00
      3.418      0.020     8.2280    102.530    116.790 121.978644     0.6326 2.1691e+02     0.6614      3.355      4.866    27.2181 0.0000e+00
      3.424      0.008     8.1970    102.399    116.767 121.960049     0.6532 2.1827e+02     0.6564      3.362      4.876    27.2146 0.0000e+00
      3.419      0.001     8.1708    102.359    116.698 121.892917     0.6421 2.1942e+02     0.6430      3.356      4.868    27.2125 0.0000e+00
      3.407      0.000     8.1509    102.419    116.723 121.917147     0.6193 2.1976e+02     0.6374      3.342      4.847    27.2125 0.0000e+00
      3.396      0.004     8.1336    102.509    116.857 122.048400     0.5939 2.1950e+02     0.6578      3.326      4.825    27.2144 0.0000e+00
      3.396      0.009     8.1232    102.579    116.930 122.115907     0.5788 2.2416e+02     0.6491      3.323      4.820    27.2176 0.0000e+00
      3.410      0.014     8.1173    102.668    116.936 122.119577     0.5747 2.2931e+02     0.6349      3.342      4.847    27.2203 0.0000e+00
      3.427      0.015     8.1259    102.767    116.909 122.092766     0.5965 2.2679e+02     0.6577      3.364      4.880    27.2193 0.0000e+00
      3.437      0.015     8.1364    102.834    116.815 121.996334     0.6340 2.2323e+02     0.6844      3.376      4.896    27.2146 0.0000e+00
      3.434      0.015     8.1388    102.912    116.798 121.976612     0.6468 2.2357e+02     0.6831      3.370      4.887    27.2105 0.0000e+00
      3.424      0.015     8.1469    103.035    116.818 121.990702     0.6476 2.2372e+02     0.6756      3.355      4.867    27.2090 0.0000e+00
      3.420      0.019     8.1575    103.181    116.797 121.962083     0.6531 2.2440e+02     0.6633      3.349      4.858    27.2107 0.0000e+00
      3.427      0.027     8.1598    103.347    116.811 121.971564     0.6516 2.2628e+02     0.6377      3.357      4.869    27.2123 0.0000e+00
      3.444      0.037     8.1646    103.481    116.879 122.037131     0.6475 2.2518e+02     0.6401      3.376      4.898    27.2105 0.0000e+00
      3.462      0.044     8.1772    103.480    116.918 122.072850     0.6468 2.2736e+02     0.6577      3.397      4.927    27.2076 0.0000e+00
      3.475      0.049     8.1880    103.355    116.847 121.994244     0.6601 2.2997e+02     0.6443      3.409      4.944    27.2045 0.0000e+00
      3.484      0.051     8.2022    103.214    116.767 121.905084     0.6870 2.2727e+02     0.6163      3.417      4.957    27.2020 0.0000e+00
      3.492      0.054     8.2188    103.113    116.752 121.881388     0.7037 2.2876e+02     0.6278      3.423      4.966    27.2001 0.0000e+00
      3.503      0.058     8.2177    102.961    116.726 121.844123     0.7050 2.3165e+02     0.6803      3.432      4.979    27.1981 0.0000e+00
      3.519      0.061     8.2042    102.675    116.753 121.863682     0.7033 2.2920e+02     0.7023      3.449      5.003    27.1963 0.0000e+00
      3.541      0.061     8.1908    102.373    116.937 122.049667     0.7000 2.2679e+02     0.6874      3.472      5.037    27.1941 0.0000e+00
      3.564      0.057     8.1865    102.223    117.069 122.183279     0.6915 2.2614e+02     0.6715      3.498      5.073    27.1902 0.0000e+00
      3.580      0.049     8.1809    102.267    116.941 122.046992     0.6866 2.2464e+02     0.6466      3.514      5.097    27.1854 0.0000e+00
      3.589      0.039     8.1526    102.428    116.740 121.834002     0.6936 2.2583e+02     0.6276      3.521      5.107    27.1819 0.0000e+00
      3.594      0.031     8.1230    102.531    116.702 121.790381     0.6981 2.2764e+02     0.6474      3.525      5.113    27.1795 0.0000e+00
      3.597      0.028     8.1111    102.445    116.772 121.860554     0.6973 2.2704e+02     0.6796      3.528      5.116    27.1776 0.0000e+00
      3.601      0.030     8.1166    102.299    116.779 121.864081     0.7015 2.2834e+02     0.6738      3.531      5.121    27.1766 0.0000e+00
      3.607      0.035     8.1346    102.280    116.754 121.833021     0.7140 2.3041e+02     0.6458      3.536      5.128    27.1752 0.0000e+00
      3.617      0.039     8.1503    102.367    116.816 121.894183     0.7362 2.3075e+02     0.6510      3.544      5.140    27.1733 0.0000e+00
      3.632      0.042     8.1377    102.474    116.911 121.989796     0.7527 2.3097e+02     0.7019      3.560      5.164    27.1725 0.0000e+00
      3.648      0.043     8.1175    102.554    116.957 122.034296     0.7576 2.3311e+02     0.7465      3.581      5.193    27.1715 0.0000e+00
      3.659      0.040     8.1203    102.599    116.887 121.954823     0.7608 2.3506e+02     0.7786      3.591      5.208    27.1687 0.0000e+00
      3.665      0.034     8.1296    102.634    116.724 121.779068     0.7649 2.3477e+02     0.8500      3.592      5.210    27.1664 0.0000e+00
      3.673      0.029     8.1394    102.641    116.634 121.682392     0.7647 2.3482e+02     0.9220      3.602      5.224    27.1660 0.0000e+00
      3.681      0.024     8.1465    102.577    116.628 121.672496     0.7573 2.3648e+02     0.9288      3.613      5.240    27.1648 0.0000e+00
      3.685      0.021     8.1491    102.494    116.622 121.659416     0.7543 2.3822e+02     0.8968      3.615      5.243    27.1610 0.0000e+00
      3.687      0.018     8.1526    102.479    116.631 121.660617     0.7630 2.3803e+02     0.9135      3.614      5.242    27.1582 0.0000e+00
      3.693      0.013     8.1560    102.480    116.662 121.686998     0.7674 2.3907e+02     0.9592      3.620      5.251    27.1580 0.0000e+00
      3.700      0.008     8.1493    102.434    116.682 121.705597     0.7640 2.4190e+02     0.9345      3.630      5.265    27.1568 0.0000e+00
      3.703      0.007     8.1380    102.404    116.723 121.749097     0.7655 2.4072e+02     0.8890      3.634      5.269    27.1533 0.0000e+00
      3.700      0.007     8.1408    102.447    116.775 121.803770     0.7674 2.3952e+02     0.8904      3.629      5.263    27.1492 0.0000e+00
      3.696      0.006     8.1452    102.565    116.793 121.821064     0.7605 2.4112e+02     0.9174      3.623      5.255    27.1463 0.0000e+00
      3.696      0.006     8.1369    102.715    116.797 121.821794     0.7523 2.4051e+02     0.9399      3.624      5.255    27.1461 0.0000e+00
      3.701      0.008     8.1337    102.836    116.790 121.812591     0.7550 2.3836e+02     0.9574      3.630      5.264    27.1468 0.0000e+00
      3.707      0.013     8.1367    102.933    116.823 121.846183     0.7579 2.3672e+02     0.9568      3.637      5.275    27.1473 0.0000e+00
      3.710      0.022     8.1473    103.040    116.868 121.886963     0.7527 2.3635e+02     0.9323      3.640      5.279    27.1462 0.0000e+00
      3.711      0.035     8.1627    103.134    116.825 121.828260     0.7527 2.3723e+02     0.9360      3.638      5.277    27.1436 0.0000e+00
      3.715      0.053     8.1713    103.142    116.769 121.750163     0.7497 2.3844e+02     0.9330      3.641      5.280    27.1432 0.0000e+00
      3.726      0.073     8.1777    103.059    116.733 121.692845     0.7256 2.3732e+02     0.8955      3.650      5.293    27.1440 0.0000e+00
      3.750      0.091     8.1864    102.940    116.735 121.680783     0.7040 2.3257e+02     0.8943      3.672      5.325    27.1419 0.0000e+00
      3.785      0.103     8.1989    102.838    116.802 121.740682     0.6963 2.2999e+02     0.9191      3.712      5.384    27.1355 0.0000e+00
      3.823      0.106     8.2002    102.743    116.803 121.735086     0.6760 2.2879e+02     0.8174      3.751      5.440    27.1262 0.0000e+00
      3.857      0.100     8.1930    102.601    116.822 121.749509     0.6494 2.2440e+02     0.5919      3.785      5.489    27.1174 0.0000e+00
      3.882      0.088     8.1827    102.409    116.985 121.915050     0.6424 2.2188e+02     0.4579      3.812      5.529    27.1116 0.0000e+00
      3.897      0.075     8.1751    102.261    117.102 122.031680     0.6445 2.2198e+02     0.4340      3.823      5.546    27.1075 0.0000e+00
      3.907      0.067     8.1709    102.295    117.078 122.000299     0.6319 2.2106e+02     0.3716      3.831      5.556    27.1042 0.0000e+00
      3.918      0.064     8.1599    102.530    116.964 121.876600     0.6019 2.1969e+02     0.2521      3.841      5.571    27.1025 0.0000e+00
      3.932      0.066     8.1425    102.863    116.795 121.695397     0.5764 2.1834e+02     0.1915      3.854      5.590    27.1008 0.0000e+00
      3.952      0.071     8.1251    103.178    116.691 121.582521     0.5665 2.1621e+02     0.1879      3.874      5.620    27.0981 0.0000e+00
      3.975      0.076     8.1278    103.403    116.715 121.602980     0.5690 2.1396e+02     0.1737      3.898      5.655    27.0955 0.0000e+00
      3.997      0.079     8.1511    103.580    116.782 121.669970     0.5800 2.1246e+02     0.1582      3.922      5.689    27.0933 0.0000e+00
      4.017      0.079     8.1808    103.772    116.824 121.710508     0.5865 2.1055e+02     0.1379      3.940      5.714    27.0910 0.0000e+00
      4.037      0.079     8.2095    103.936    116.801 121.683938     0.5789 2.0844e+02     0.1680      3.959      5.741    27.0892 0.0000e+00
      4.055      0.082     8.2257    104.036    116.746 121.621497     0.5839 2.0655e+02     0.2819      3.978      5.770    27.0877 0.0000e+00
