Data/DataNotYetUploadedToEDI/Raw_CTD/RawDownloads/081524_ccr88_S8188005.cnv
* Sea-Bird SBE19plus  Data File:
* FileName = C:\R\Reservoirs\Data\DataNotYetUploadedToEDI\Raw_CTD\RawDownloads\081424_ccr50_S8188_0005.hex
* Software version 2.8.0.119
* Temperature SN = 8188
* Conductivity SN = 8188
* System UpLoad Time = Aug 16 2024 10:37:54
* <ApplicationData>
* <Seaterm232>
# nquan = 13
# nvalues = 944                         
# units = specified
# name 0 = depFM: Depth [fresh water, m]
# name 1 = dz/dtM: Descent Rate [m/s]
# name 2 = sbeox0Mg/L: Oxygen, SBE 43 [mg/l]
# name 3 = sbeox0PS: Oxygen, SBE 43 [% saturation]
# name 4 = specc: Specific Conductance [uS/cm]
# name 5 = c0uS/cm: Conductivity [uS/cm]
# name 6 = flECO-AFL: Fluorescence, WET Labs ECO-AFL/FL [mg/m^3]
# name 7 = par/sat/log: PAR/Logarithmic, Satlantic
# name 8 = turbWETntu0: Turbidity, WET Labs ECO [NTU]
# name 9 = prdM: Pressure, Strain Gauge [db]
# name 10 = prdE: Pressure, Strain Gauge [psi]
# name 11 = tv290C: Temperature [ITS-90, deg C]
# name 12 = flag:  0.000e+00
# span 0 =     -0.454,      9.378       
# span 1 =     -0.491,      0.198       
# span 2 =     2.7182,    10.4502       
# span 3 =     26.681,    130.953       
# span 4 =  -1610.654,    127.421       
# span 5 = -1.227e+03, 125.086861       
# span 6 =    -2.0012,    23.1865       
# span 7 = 1.3822e+00, 2.0022e+03       
# span 8 =    -2.1581,    90.7185       
# span 9 =     -0.446,      9.198       
# span 10 =     -0.647,     13.340      
# span 11 =    13.0144,    28.2679      
# span 12 = 0.0000e+00, 0.0000e+00      
# interval = seconds: 0.25
# start_time = Aug 15 2024 15:35:21 [Instrument's time stamp, header]
# bad_flag = -9.990e-29
*END*
[from data line 667]
      6.209      0.032     8.3684     84.680    120.614 110.118277     8.0502 6.0781e+01     3.0482      6.089      8.832    21.0355 0.0000e+00
      6.214      0.035     8.1384     83.090    120.824 110.004118     8.1327 6.0531e+01     3.0113      6.092      8.838    20.9433 0.0000e+00
      6.222      0.041     7.9301     81.840    120.975 109.873593     8.1809 6.0057e+01     2.9858      6.098      8.845    20.8572 0.0000e+00
      6.234      0.050     7.7456     80.782    120.930 109.562134     8.1649 5.9437e+01     2.9796      6.113      8.866    20.7698 0.0000e+00
      6.248      0.061     7.5862     79.635    120.942 109.236947     7.9914 5.8885e+01     2.8674      6.129      8.890    20.6531 0.0000e+00
      6.263      0.072     7.4662     78.243    120.876 108.803971     7.6867 5.8124e+01     2.6591      6.140      8.905    20.5040 0.0000e+00
      6.283      0.085     7.3705     76.683    120.677 108.211484     7.5145 5.6959e+01     2.5554      6.160      8.934    20.4062 0.0000e+00
      6.307      0.103     7.3016     75.013    120.439 107.388800     7.4267 5.5578e+01     2.5408      6.186      8.972    20.3110 0.0000e+00
      6.332      0.123     7.2259     73.152    120.626 106.625533     6.6425 5.3811e+01     2.3793      6.209      9.006    20.1592 0.0000e+00
      6.360      0.139     7.1162     71.013    121.464 106.341926     5.2025 5.1107e+01     2.0796      6.232      9.038    20.0007 0.0000e+00
      6.400      0.148     6.9913     68.473    122.165 106.207311     4.4080 4.7682e+01     1.9043      6.271      9.094    19.8547 0.0000e+00
      6.455      0.151     6.8736     65.283    122.223 105.814721     4.3105 4.4845e+01     1.8389      6.332      9.184    19.6425 0.0000e+00
      6.505      0.151     6.7635     61.367    122.110 105.274531     4.0671 4.3168e+01     1.7004      6.385      9.260    19.2143 0.0000e+00
      6.540      0.145     6.6326     56.965    122.415 104.922603     3.6239 4.2117e+01     1.4996      6.416      9.305    18.7168 0.0000e+00
      6.566      0.134     6.4503     52.611    122.857 104.693457     3.3738 4.1049e+01     1.3684      6.437      9.336    18.4051 0.0000e+00
      6.595      0.121     6.1682     49.025    122.992 104.343012     3.3576 3.9763e+01     1.3500      6.465      9.376    18.2887 0.0000e+00
      6.629      0.112     5.8074     46.700    123.100 104.023794     3.4366 3.8545e+01     1.3801      6.502      9.431    18.1484 0.0000e+00
      6.659      0.111     5.4100     45.767    123.321 103.763415     3.5749 3.7506e+01     1.3891      6.533      9.475    17.8440 0.0000e+00
      6.683      0.114     4.9946     46.117    123.356 103.306591     3.6522 3.6567e+01     1.3905      6.554      9.505    17.5720 0.0000e+00
      6.706      0.120     4.6509     47.472    123.291 102.724367     3.6852 3.5555e+01     1.3974      6.574      9.534    17.4101 0.0000e+00
      6.733      0.128     4.4408     49.413    123.475 102.310431     3.9827 3.4356e+01     1.4384      6.601      9.573    17.2567 0.0000e+00
      6.766      0.138     4.3701     51.415    123.792 102.048534     4.5274 3.2951e+01     1.5766      6.633      9.620    17.0719 0.0000e+00
      6.808      0.148     4.4341     53.046    123.994 101.737462     4.8178 3.1388e+01     1.6956      6.674      9.680    16.8707 0.0000e+00
      6.854      0.153     4.5964     54.085    124.206 101.410325     4.8060 3.0054e+01     1.7093      6.725      9.754    16.6696 0.0000e+00
      6.895      0.149     4.8323     54.459    124.497 101.226645     4.4197 2.8995e+01     1.7423      6.762      9.808    16.4158 0.0000e+00
      6.935      0.139     5.0668     54.148    124.574 101.015013     3.7098 2.7960e+01     1.8546      6.798      9.861    16.1971 0.0000e+00
      6.974      0.129     5.2503     53.036    124.449 100.622595     3.3236 2.7179e+01     1.9346      6.843      9.926    16.0409 0.0000e+00
      7.003      0.121     5.3830     51.053    124.552 100.296927     3.2696 2.6765e+01     1.9537      6.873      9.969    15.8062 0.0000e+00
      7.023      0.116     5.4394     48.426    124.837 100.074595     3.0139 2.6365e+01     2.0509      6.885      9.987    15.6138 0.0000e+00
      7.046      0.114     5.4215     45.510    124.885  99.705194     2.5387 2.5761e+01     2.2176      6.905     10.014    15.5505 0.0000e+00
      7.077      0.117     5.3289     42.430    124.849  99.304531     2.2747 2.5078e+01     2.2871      6.940     10.065    15.4475 0.0000e+00
      7.112      0.123     5.1414     39.218    125.072  99.112994     2.2499 2.4488e+01     2.3062      6.976     10.117    15.2649 0.0000e+00
      7.144      0.128     4.8806     36.086    125.304  98.955795     2.1256 2.3930e+01     2.4489      7.004     10.159    15.0681 0.0000e+00
      7.178      0.124     4.6012     33.287    125.329  98.697805     1.8823 2.3300e+01     2.6735      7.038     10.208    14.9082 0.0000e+00
      7.214      0.113     4.3065     30.964    125.433  98.582046     1.7523 2.2697e+01     2.7909      7.076     10.264    14.7706 0.0000e+00
      7.248      0.096     3.9835     29.170    125.556  98.577807     1.7419 2.2238e+01     2.8036      7.110     10.313    14.6144 0.0000e+00
      7.274      0.078     3.6658     27.844    125.523  98.510184     1.7306 2.1978e+01     2.7924      7.138     10.353    14.4726 0.0000e+00
      7.290      0.058     3.3859     26.982    125.513  98.445614     1.7109 2.1897e+01     2.7592      7.152     10.373    14.3622 0.0000e+00
      7.295      0.040     3.1493     26.681    125.569  98.410147     1.6952 2.1883e+01     2.7453      7.155     10.377    14.2771 0.0000e+00
      7.298      0.025     2.9736     26.939    125.665  98.421874     1.6869 2.1868e+01     2.7611      7.156     10.379    14.2424 0.0000e+00
      7.301      0.015     2.8392     27.649    125.674  98.382960     1.6797 2.1855e+01     2.7791      7.160     10.385    14.2424 0.0000e+00
      7.305      0.010     2.7440     28.637    125.699  98.348325     1.6779 2.1861e+01     2.7911      7.165     10.391    14.2191 0.0000e+00
      7.307      0.008     2.7182     29.716    125.939  98.479909     1.6834 2.1876e+01     2.7689      7.166     10.393    14.1779 0.0000e+00
      7.308      0.007     2.7495     30.791    126.070  98.543271     1.6842 2.1888e+01     2.7169      7.166     10.395    14.1526 0.0000e+00
      7.310      0.006     2.8290     31.832    125.958  98.433162     1.6704 2.1896e+01     2.7117      7.168     10.397    14.1421 0.0000e+00
      7.311      0.006     2.9409     32.790    125.910  98.374785     1.6473 2.1912e+01     2.7404      7.169     10.398    14.1180 0.0000e+00
      7.313      0.006     3.0560     33.626    125.950  98.382395     1.6299 2.1942e+01     2.7545      7.171     10.400    14.0909 0.0000e+00
      7.314      0.007     3.1674     34.349    125.900  98.320780     1.6251 2.1944e+01     2.7791      7.172     10.402    14.0770 0.0000e+00
      7.315      0.008     3.2773     34.957    125.826  98.242877     1.6412 2.1903e+01     2.7974      7.174     10.405    14.0705 0.0000e+00
      7.318      0.008     3.3787     35.459    125.770  98.189801     1.6689 2.1874e+01     2.7706      7.176     10.408    14.0635 0.0000e+00
      7.320      0.008     3.4636     35.919    125.636  98.087760     1.6826 2.1850e+01     2.7300      7.179     10.411    14.0521 0.0000e+00
      7.323      0.009     3.5393     36.364    125.481  97.962827     1.6853 2.1793e+01     2.7177      7.181     10.415    14.0443 0.0000e+00
      7.325      0.012     3.6037     36.709    125.432  97.905437     1.6841 2.1739e+01     2.7599      7.183     10.419    14.0338 0.0000e+00
      7.327      0.017     3.6517     36.922    125.506  97.938801     1.6506 2.1689e+01     2.8626      7.185     10.421    14.0292 0.0000e+00
      7.329      0.026     3.6964     37.067    125.571  97.957475     1.5921 2.1589e+01     2.9635      7.185     10.421    14.0349 0.0000e+00
      7.334      0.040     3.7478     37.169    125.521  97.858703     1.5582 2.1394e+01     3.0178      7.190     10.429    14.0347 0.0000e+00
      7.345      0.058     3.7864     37.237    125.353  97.630063     1.5522 2.1099e+01     3.0386      7.200     10.444    14.0239 0.0000e+00
      7.360      0.078     3.8033     37.274    125.184  97.372750     1.5278 2.0699e+01     3.0435      7.215     10.465    14.0140 0.0000e+00
      7.382      0.095     3.8201     37.253    125.136  97.199715     1.4716 2.0154e+01     3.0428      7.237     10.496    14.0060 0.0000e+00
      7.413      0.109     3.8319     37.163    125.094  97.036376     1.4366 1.9444e+01     3.0302      7.267     10.540    13.9841 0.0000e+00
      7.448      0.117     3.8413     37.033    124.978  96.828172     1.4248 1.8668e+01     2.9942      7.304     10.593    13.9426 0.0000e+00
      7.484      0.119     3.8521     36.951    124.884  96.657625     1.3210 1.8020e+01     2.8138      7.340     10.646    13.8894 0.0000e+00
      7.516      0.118     3.8548     37.086    124.924  96.609011     1.1265 1.7531e+01     2.4963      7.372     10.693    13.8335 0.0000e+00
      7.544      0.115     3.8487     37.602    125.068  96.648994     1.0150 1.7124e+01     2.3143      7.399     10.732    13.7803 0.0000e+00
      7.569      0.112     3.8374     38.514    125.098  96.596034     0.9969 1.6750e+01     2.2952      7.422     10.765    13.7318 0.0000e+00
      7.594      0.110     3.8250     39.729    125.095  96.513527     0.9420 1.6322e+01     2.2998      7.446     10.800    13.6927 0.0000e+00
      7.622      0.111     3.8335     41.147    125.216  96.536829     0.8360 1.5804e+01     2.3008      7.474     10.840    13.6628 0.0000e+00
      7.653      0.116     3.8899     42.663    125.211  96.468989     0.7731 1.5307e+01     2.3079      7.506     10.887    13.6364 0.0000e+00
      7.682      0.121     3.9918     44.139    125.093  96.306266     0.7714 1.4893e+01     2.3169      7.535     10.930    13.6063 0.0000e+00
      7.710      0.126     4.1246     45.426    125.143  96.272180     0.7718 1.4429e+01     2.3072      7.559     10.964    13.5708 0.0000e+00
      7.743      0.129     4.2781     46.460    125.293  96.329234     0.7600 1.3860e+01     2.2930      7.591     11.009    13.5428 0.0000e+00
      7.781      0.130     4.4428     47.260    125.341  96.314877     0.7507 1.3290e+01     2.2822      7.632     11.069    13.5226 0.0000e+00
      7.818      0.131     4.6064     47.847    125.308  96.234764     0.7471 1.2760e+01     2.2793      7.668     11.121    13.4911 0.0000e+00
      7.851      0.131     4.7467     48.230    125.307  96.177920     0.7326 1.2291e+01     2.2924      7.700     11.168    13.4581 0.0000e+00
      7.882      0.128     4.8539     48.405    125.367  96.172435     0.7065 1.1879e+01     2.3036      7.730     11.211    13.4377 0.0000e+00
      7.913      0.122     4.9399     48.385    125.418  96.168394     0.6910 1.1453e+01     2.3125      7.759     11.253    13.4190 0.0000e+00
      7.945      0.116     5.0022     48.160    125.235  95.992769     0.6929 1.1007e+01     2.3311      7.791     11.300    13.3963 0.0000e+00
      7.977      0.111     5.0458     47.666    125.051  95.819908     0.6682 1.0609e+01     2.2885      7.824     11.348    13.3727 0.0000e+00
      8.006      0.109     5.0659     46.929    125.316  95.985517     0.6093 1.0307e+01     2.1750      7.854     11.392    13.3524 0.0000e+00
      8.029      0.109     5.0643     46.041    125.680  96.224102     0.5788 1.0075e+01     2.1256      7.875     11.422    13.3342 0.0000e+00
      8.051      0.112     5.0480     45.043    125.764  96.252438     0.5852 9.8246e+00     2.1719      7.894     11.448    13.3215 0.0000e+00
      8.077      0.119     4.9957     43.958    125.727  96.191852     0.5916 9.4943e+00     2.2544      7.918     11.484    13.3106 0.0000e+00
      8.109      0.131     4.9147     42.818    125.751  96.172687     0.5865 9.1087e+00     2.2987      7.951     11.534    13.2947 0.0000e+00
      8.145      0.149     4.8241     41.652    125.793  96.156892     0.5840 8.7307e+00     2.2615      7.988     11.586    13.2776 0.0000e+00
      8.183      0.167     4.7199     40.479    125.841  96.137051     0.5884 8.3397e+00     2.2503      8.024     11.637    13.2630 0.0000e+00
      8.226      0.179     4.6060     39.273    125.999  96.205186     0.5872 7.8703e+00     2.4042      8.063     11.695    13.2516 0.0000e+00
      8.277      0.184     4.4873     37.955    126.171  96.299485     0.5786 7.3534e+00     2.6462      8.114     11.768    13.2383 0.0000e+00
      8.337      0.185     4.3654     36.482    126.237  96.323544     0.5709 6.8646e+00     2.7724      8.177     11.859    13.2186 0.0000e+00
      8.392      0.185     4.2457     34.910    126.150  96.223592     0.5714 6.5060e+00     2.7973      8.238     11.948    13.1942 0.0000e+00
      8.432      0.183     4.1251     33.371    126.064  96.112657     0.5679 6.3055e+00     2.8793      8.274     12.001    13.1713 0.0000e+00
      8.464      0.180     3.9906     32.033    126.151  96.140143     0.5545 6.0379e+00     3.0079      8.293     12.028    13.1564 0.0000e+00
      8.508      0.176     3.8338     31.007    126.109  96.079073     0.5481 5.6236e+00     3.0826      8.339     12.094    13.1503 0.0000e+00
      8.560      0.175     3.6654     30.337    125.932  95.919148     0.5507 5.2669e+00     3.0958      8.399     12.182    13.1385 0.0000e+00
      8.610      0.175     3.4975     30.041    125.859  95.841247     0.5432 4.9855e+00     3.0648      8.443     12.245    13.1156 0.0000e+00
      8.656      0.172     3.3546     30.133    125.763  95.750191     0.5259 4.7186e+00     3.0163      8.490     12.313    13.1000 0.0000e+00
      8.700      0.163     3.2464     30.615    125.633  95.635546     0.5243 4.5072e+00     2.9894      8.534     12.379    13.0908 0.0000e+00
      8.738      0.152     3.1759     31.387    125.709  95.681106     0.5330 4.3238e+00     3.0142      8.568     12.428    13.0798 0.0000e+00
      8.774      0.145     3.1456     32.293    126.001  95.892351     0.5527 4.1356e+00     3.1110      8.604     12.480    13.0711 0.0000e+00
      8.809      0.143     3.1537     33.239    126.169  96.010013     0.5981 3.9697e+00     3.2330      8.639     12.530    13.0641 0.0000e+00
      8.842      0.144     3.2094     34.241    126.185  96.013903     0.6308 3.8312e+00     3.2865      8.671     12.577    13.0582 0.0000e+00
      8.874      0.147     3.2977     35.286    126.273  96.075608     0.6362 3.6709e+00     3.3125      8.700     12.619    13.0534 0.0000e+00
      8.911      0.149     3.3979     36.251    126.366  96.143032     0.6369 3.4573e+00     3.6840      8.735     12.670    13.0489 0.0000e+00
      8.956      0.149     3.4952     37.003    126.380  96.147955     0.6398 3.2458e+00     4.3449      8.784     12.741    13.0450 0.0000e+00
      9.000      0.147     3.5999     37.420    126.285  96.067011     0.6453 3.0946e+00     4.6774      8.830     12.806    13.0414 0.0000e+00
      9.037      0.142     3.7169     37.387    126.097  95.913597     0.6510 2.9750e+00     4.7171      8.864     12.855    13.0393 0.0000e+00
      9.070      0.137     3.8226     36.855    126.127  95.927785     0.7089 2.8467e+00     5.0307      8.894     12.899    13.0388 0.0000e+00
      9.102      0.134     3.9064     35.875    126.368  96.102317     0.8168 2.7297e+00     5.5853      8.926     12.947    13.0369 0.0000e+00
      9.133      0.133     3.9555     34.586    126.399  96.116611     0.8806 2.6413e+00     5.8614      8.957     12.991    13.0331 0.0000e+00
      9.163      0.133     3.9548     33.222    126.207  95.964374     0.9251 2.5416e+00     6.0683      8.982     13.028    13.0284 0.0000e+00
      9.198      0.130     3.8964     32.035    126.119  95.896379     1.2422 2.4066e+00     8.1559      9.018     13.080    13.0251 0.0000e+00
