Data/DataNotYetUploadedToEDI/Raw_CTD/RawDownloads/081524_ccr80_S8188004.cnv
* Sea-Bird SBE19plus  Data File:
* FileName = C:\R\Reservoirs\Data\DataNotYetUploadedToEDI\Raw_CTD\RawDownloads\081424_ccr50_S8188_0004.hex
* Software version 2.8.0.119
* Temperature SN = 8188
* Conductivity SN = 8188
* System UpLoad Time = Aug 16 2024 10:37:39
* <ApplicationData>
* <Seaterm232>
# nquan = 13
# nvalues = 1935                        
# units = specified
# name 0 = depFM: Depth [fresh water, m]
# name 1 = dz/dtM: Descent Rate [m/s]
# name 2 = sbeox0Mg/L: Oxygen, SBE 43 [mg/l]
# name 3 = sbeox0PS: Oxygen, SBE 43 [% saturation]
# name 4 = specc: Specific Conductance [uS/cm]
# name 5 = c0uS/cm: Conductivity [uS/cm]
# name 6 = flECO-AFL: Fluorescence, WET Labs ECO-AFL/FL [mg/m^3]
# name 7 = par/sat/log: PAR/Logarithmic, Satlantic
# name 8 = turbWETntu0: Turbidity, WET Labs ECO [NTU]
# name 9 = prdM: Pressure, Strain Gauge [db]
# name 10 = prdE: Pressure, Strain Gauge [psi]
# name 11 = tv290C: Temperature [ITS-90, deg C]
# name 12 = flag:  0.000e+00
# span 0 =     -0.400,     17.570       
# span 1 =     -0.520,      0.215       
# span 2 =     3.6669,     9.7704       
# span 3 =     34.664,    118.611       
# span 4 =  -1587.839,    127.619       
# span 5 = -1.227e+03, 127.036766       
# span 6 =    -0.4260,    10.7549       
# span 7 = 1.1577e-01, 6.3519e+02       
# span 8 =    -1.1968,    94.3030       
# span 9 =     -0.392,     17.232       
# span 10 =     -0.569,     24.993      
# span 11 =    12.5623,    34.6106      
# span 12 = 0.0000e+00, 0.0000e+00      
# interval = seconds: 0.25
# start_time = Aug 15 2024 14:41:38 [Instrument's time stamp, header]
# bad_flag = -9.990e-29
*END*
[from data line 1667]
     17.535      0.011     3.7871     36.793    126.236  94.982708     2.0123 1.1597e-01    64.0912     17.195     24.939    12.6285 0.0000e+00
     17.538      0.014     3.8123     36.826    126.369  95.080285     2.0190 1.1600e-01    65.7450     17.199     24.945    12.6267 0.0000e+00
     17.543      0.016     3.8521     36.651    126.523  95.192422     2.0123 1.1595e-01    65.7995     17.203     24.951    12.6203 0.0000e+00
     17.548      0.016     3.8901     36.313    126.411  95.112517     1.9835 1.1591e-01    64.7847     17.208     24.958    12.6181 0.0000e+00
     17.553      0.015     3.9156     35.877    126.058  94.863404     1.9305 1.1594e-01    62.9177     17.214     24.967    12.6181 0.0000e+00
     17.557      0.012     3.9209     35.421    125.725  94.632469     1.9005 1.1597e-01    61.9023     17.219     24.974    12.6178 0.0000e+00
     17.560      0.010     3.8997     35.009    125.614  94.567988     1.8978 1.1597e-01    61.8118     17.221     24.977    12.6144 0.0000e+00
     17.561      0.007     3.8618     34.714    125.670  94.628668     1.8810 1.1595e-01    61.7208     17.221     24.977    12.6143 0.0000e+00
     17.562      0.005     3.8116     34.664    125.729  94.685067     1.8449 1.1592e-01    61.5910     17.223     24.978    12.6248 0.0000e+00
     17.563      0.003     3.7594     34.920    125.747  94.705035     1.8252 1.1590e-01    61.5816     17.223     24.980    12.6318 0.0000e+00
     17.563      0.002     3.7149     35.425    125.598  94.597660     1.8332 1.1589e-01    61.7451     17.224     24.981    12.6389 0.0000e+00
     17.563      0.002     3.6754     36.089    125.430  94.476584     1.8636 1.1589e-01    63.0521     17.224     24.981    12.6484 0.0000e+00
     17.564      0.001     3.6669     36.820    125.410  94.467109     1.8979 1.1589e-01    65.4363     17.224     24.981    12.6521 0.0000e+00
     17.564      0.000     3.6979     37.540    125.423  94.483105     1.9009 1.1594e-01    66.7793     17.224     24.982    12.6540 0.0000e+00
     17.564      0.000     3.7541     38.196    125.480  94.533784     1.9001 1.1599e-01    67.3769     17.224     24.982    12.6558 0.0000e+00
     17.564     -0.001     3.8282     38.731    125.655  94.671200     1.9843 1.1597e-01    72.8003     17.225     24.983    12.6576 0.0000e+00
     17.564     -0.001     3.9089     39.110    125.802  94.782389     2.1300 1.1599e-01    82.7421     17.224     24.982    12.6605 0.0000e+00
     17.563     -0.001     3.9860     39.348    125.815  94.788379     2.2047 1.1601e-01    88.1538     17.224     24.981    12.6627 0.0000e+00
     17.562     -0.001     4.0581     39.465    125.760  94.743631     2.2107 1.1598e-01    88.7252     17.223     24.979    12.6659 0.0000e+00
     17.562      0.000     4.1167     39.494    125.638  94.650008     2.2290 1.1593e-01    90.2011     17.222     24.979    12.6694 0.0000e+00
     17.563      0.001     4.1547     39.458    125.582  94.609941     2.2609 1.1590e-01    92.8830     17.223     24.981    12.6686 0.0000e+00
     17.563      0.001     4.1808     39.369    125.654  94.667849     2.2755 1.1589e-01    94.3030     17.224     24.981    12.6670 0.0000e+00
     17.563      0.002     4.1909     39.243    125.649  94.669069     2.2762 1.1587e-01    94.2902     17.224     24.981    12.6652 0.0000e+00
     17.564      0.002     4.1938     39.095    125.584  94.624695     2.2786 1.1590e-01    93.3459     17.225     24.983    12.6640 0.0000e+00
     17.564      0.003     4.1897     38.973    125.645  94.676214     2.2784 1.1595e-01    91.6403     17.225     24.982    12.6654 0.0000e+00
     17.565      0.003     4.1783     38.891    125.727  94.747101     2.2731 1.1592e-01    90.6963     17.224     24.981    12.6669 0.0000e+00
     17.566      0.001     4.1665     38.863    125.595  94.664465     2.2580 1.1591e-01    90.1388     17.226     24.984    12.6693 0.0000e+00
     17.567     -0.007     4.1459     38.918    125.351  94.494415     2.1474 1.1597e-01    84.6240     17.227     24.986    12.6708 0.0000e+00
     17.570     -0.031     4.1343     39.024    125.227  94.393829     1.9505 1.1600e-01    74.5553     17.230     24.990    12.6731 0.0000e+00
     17.570     -0.082     4.1247     39.112    125.261  94.401825     1.8375 1.1599e-01    68.9594     17.232     24.993    12.6748 0.0000e+00
     17.562     -0.161     4.1190     39.181    125.331  94.454859     1.7863 1.1598e-01    67.0221     17.227     24.986    12.6829 0.0000e+00
     17.535     -0.256     4.1250     39.268    125.350  94.490196     1.3743 1.1596e-01    50.9946     17.210     24.960    12.6939 0.0000e+00
     17.468     -0.348     4.1407     39.346    125.329  94.488574     0.6276 1.1593e-01    21.6697     17.153     24.879    12.6879 0.0000e+00
     17.343     -0.424     4.1517     39.383    125.270  94.435268     0.2321 1.1595e-01     5.6606     17.025     24.692    12.6750 0.0000e+00
     17.178     -0.479     4.1544     39.373    125.240  94.390553     0.2072 1.1601e-01     4.2370     16.842     24.427    12.6748 0.0000e+00
     17.019     -0.511     4.1662     39.344    125.220  94.356573     0.2055 1.1606e-01     4.4216     16.673     24.183    12.6892 0.0000e+00
     16.892     -0.513     4.1738     39.333    125.249  94.364956     0.2027 1.1604e-01     4.9403     16.559     24.017    12.6979 0.0000e+00
     16.782     -0.486     4.1791     39.342    125.342  94.423799     0.1996 1.1597e-01     5.2566     16.465     23.881    12.6912 0.0000e+00
     16.663     -0.442     4.1779     39.350    125.312  94.386924     0.1936 1.1595e-01     5.3953     16.347     23.708    12.6800 0.0000e+00
     16.538     -0.393     4.1735     39.359    125.164  94.259654     0.1907 1.1596e-01     6.2739     16.209     23.511    12.6721 0.0000e+00
     16.428     -0.341     4.1730     39.384    125.076  94.179060     0.1912 1.1598e-01     7.8808     16.098     23.348    12.6677 0.0000e+00
     16.347     -0.291     4.1755     39.421    125.155  94.229769     0.1903 1.1602e-01     8.7903     16.025     23.243    12.6635 0.0000e+00
     16.287     -0.251     4.1770     39.446    125.292  94.327882     0.1983 1.1602e-01     9.2723     15.965     23.156    12.6584 0.0000e+00
     16.248     -0.235     4.1770     39.430    125.404  94.411807     0.2353 1.1597e-01    13.9828     15.923     23.095    12.6509 0.0000e+00
     16.224     -0.245     4.1810     39.371    125.510  94.495297     0.2905 1.1588e-01    22.6228     15.917     23.087    12.6449 0.0000e+00
     16.181     -0.278     4.1858     39.293    125.532  94.520042     0.3200 1.1585e-01    27.2529     15.888     23.043    12.6419 0.0000e+00
     16.097     -0.327     4.1906     39.209    125.499  94.506692     0.3220 1.1592e-01    27.1520     15.794     22.907    12.6397 0.0000e+00
     15.987     -0.383     4.1887     39.130    125.436  94.470124     0.2815 1.1601e-01    21.6432     15.677     22.738    12.6395 0.0000e+00
     15.872     -0.436     4.1811     39.083    125.266  94.350364     0.2024 1.1597e-01    11.4246     15.564     22.575    12.6410 0.0000e+00
     15.755     -0.476     4.1718     39.087    125.080  94.216569     0.1541 1.1592e-01     5.8082     15.454     22.415    12.6440 0.0000e+00
     15.631     -0.497     4.1629     39.141    125.067  94.214636     0.1405 1.1598e-01     5.2355     15.334     22.239    12.6494 0.0000e+00
     15.497     -0.508     4.1522     39.256    125.114  94.258894     0.1326 1.1603e-01     4.5349     15.198     22.044    12.6543 0.0000e+00
     15.357     -0.514     4.1461     39.425    125.032  94.206838     0.1280 1.1604e-01     3.3104     15.059     21.841    12.6571 0.0000e+00
     15.222     -0.515     4.1472     39.591    124.916  94.130123     0.1278 1.1601e-01     2.6528     14.924     21.645    12.6591 0.0000e+00
     15.093     -0.508     4.1518     39.738    124.930  94.148681     0.1306 1.1593e-01     2.5923     14.802     21.468    12.6623 0.0000e+00
     14.965     -0.493     4.1630     39.889    125.118  94.295023     0.1370 1.1591e-01     2.4758     14.678     21.288    12.6666 0.0000e+00
     14.837     -0.476     4.1840     40.014    125.347  94.469246     0.1438 1.1595e-01     2.2747     14.547     21.099    12.6699 0.0000e+00
     14.714     -0.461     4.2025     40.094    125.362  94.484351     0.1437 1.1595e-01     2.1516     14.425     20.923    12.6743 0.0000e+00
     14.601     -0.447     4.2142     40.159    125.162  94.341435     0.1440 1.1592e-01     2.1201     14.315     20.762    12.6784 0.0000e+00
     14.497     -0.433     4.2333     40.209    125.014  94.239699     0.1643 1.1592e-01     2.2032     14.218     20.623    12.6795 0.0000e+00
     14.391     -0.421     4.2478     40.244    125.052  94.275943     0.1983 1.1598e-01     2.3671     14.117     20.475    12.6797 0.0000e+00
     14.280     -0.414     4.2528     40.278    125.261  94.439133     0.2092 1.1599e-01     2.4193     14.002     20.307    12.6805 0.0000e+00
     14.174     -0.415     4.2610     40.286    125.436  94.578178     0.2004 1.1595e-01     2.3879     13.896     20.154    12.6841 0.0000e+00
     14.075     -0.421     4.2659     40.271    125.351  94.526836     0.1961 1.1596e-01     2.4339     13.802     20.019    12.6892 0.0000e+00
     13.976     -0.426     4.2674     40.293    125.205  94.431376     0.1921 1.1595e-01     2.5629     13.709     19.883    12.6920 0.0000e+00
     13.866     -0.429     4.2729     40.343    125.209  94.445664     0.1871 1.1592e-01     2.6425     13.603     19.728    12.6935 0.0000e+00
     13.747     -0.432     4.2747     40.429    125.267  94.495280     0.1869 1.1597e-01     2.6420     13.480     19.551    12.6958 0.0000e+00
     13.627     -0.437     4.2672     40.652    125.341  94.554530     0.2068 1.1601e-01     2.6941     13.359     19.376    12.7011 0.0000e+00
     13.516     -0.442     4.2705     41.015    125.417  94.617176     0.2456 1.1596e-01     2.7926     13.251     19.218    12.7080 0.0000e+00
     13.412     -0.447     4.2784     41.459    125.524  94.707856     0.2656 1.1591e-01     2.8362     13.153     19.077    12.7127 0.0000e+00
     13.307     -0.449     4.2779     41.948    125.677  94.833631     0.2582 1.1587e-01     2.8441     13.056     18.936    12.7151 0.0000e+00
     13.190     -0.452     4.3039     42.420    125.588  94.775710     0.2522 1.1589e-01     2.8539     12.938     18.766    12.7156 0.0000e+00
     13.063     -0.458     4.3458     42.879    125.282  94.552435     0.2531 1.1596e-01     2.8860     12.809     18.577    12.7174 0.0000e+00
     12.940     -0.466     4.3909     43.374    125.137  94.449817     0.2517 1.1596e-01     2.9231     12.687     18.401    12.7221 0.0000e+00
     12.826     -0.471     4.4478     43.885    125.180  94.488534     0.2535 1.1592e-01     2.9249     12.576     18.240    12.7265 0.0000e+00
     12.713     -0.468     4.4966     44.389    125.333  94.611917     0.2741 1.1592e-01     2.9422     12.471     18.089    12.7300 0.0000e+00
     12.592     -0.459     4.5405     44.909    125.461  94.715651     0.3096 1.1594e-01     3.0287     12.352     17.916    12.7332 0.0000e+00
     12.464     -0.451     4.5953     45.431    125.373  94.653014     0.3286 1.1599e-01     3.1132     12.217     17.720    12.7354 0.0000e+00
     12.344     -0.447     4.6512     45.915    125.394  94.671926     0.3298 1.1602e-01     3.1394     12.101     17.550    12.7378 0.0000e+00
     12.238     -0.444     4.7010     46.331    125.655  94.876203     0.3323 1.1600e-01     3.1738     12.000     17.404    12.7413 0.0000e+00
     12.138     -0.438     4.7573     46.646    125.730  94.943377     0.3328 1.1597e-01     3.2550     11.905     17.266    12.7443 0.0000e+00
     12.032     -0.431     4.8143     46.832    125.530  94.803040     0.3280 1.1597e-01     3.3315     11.807     17.123    12.7459 0.0000e+00
     11.913     -0.427     4.8660     46.911    125.354  94.677863     0.3261 1.1596e-01     3.3432     11.683     16.945    12.7461 0.0000e+00
     11.793     -0.427     4.9113     46.950    125.406  94.724003     0.3436 1.1594e-01     3.3273     11.558     16.763    12.7484 0.0000e+00
     11.686     -0.431     4.9454     46.990    125.518  94.816045     0.3665 1.1593e-01     3.3453     11.458     16.619    12.7540 0.0000e+00
     11.586     -0.435     4.9646     47.045    125.530  94.837200     0.3694 1.1593e-01     3.3551     11.364     16.483    12.7584 0.0000e+00
     11.484     -0.436     4.9680     47.114    125.520  94.843585     0.3697 1.1590e-01     3.3429     11.265     16.339    12.7615 0.0000e+00
     11.374     -0.438     4.9717     47.183    125.568  94.893273     0.3788 1.1589e-01     3.3348     11.161     16.186    12.7640 0.0000e+00
     11.251     -0.443     4.9747     47.270    125.645  94.961219     0.3848 1.1590e-01     3.3254     11.034     16.004    12.7661 0.0000e+00
     11.128     -0.449     4.9799     47.398    125.575  94.915905     0.3805 1.1588e-01     3.3328     10.906     15.818    12.7708 0.0000e+00
     11.014     -0.458     4.9881     47.543    125.441  94.822183     0.3787 1.1592e-01     3.3560     10.800     15.665    12.7777 0.0000e+00
     10.907     -0.469     4.9932     47.647    125.466  94.849724     0.3809 1.1605e-01     3.3315     10.697     15.514    12.7834 0.0000e+00
     10.797     -0.480     5.0012     47.698    125.530  94.908368     0.3889 1.1681e-01     3.2770     10.591     15.362    12.7868 0.0000e+00
     10.676     -0.490     5.0144     47.721    125.529  94.918261     0.4150 1.2484e-01     3.2804     10.478     15.197    12.7896 0.0000e+00
     10.538     -0.500     5.0337     47.732    125.583  94.969361     0.4285 1.3700e-01     3.3035     10.336     14.992    12.7919 0.0000e+00
     10.396     -0.507     5.0438     47.720    125.678  95.049457     0.4226 1.5384e-01     3.2815     10.191     14.781    12.7953 0.0000e+00
     10.261     -0.509     5.0474     47.665    125.604  95.001262     0.4130 1.9491e-01     3.2202     10.057     14.586    12.8001 0.0000e+00
     10.137     -0.503     5.0487     47.584    125.411  94.863427     0.3898 2.5677e-01     3.1462      9.938     14.415    12.8042 0.0000e+00
     10.017     -0.490     5.0499     47.508    125.424  94.881375     0.3670 3.3430e-01     3.1080      9.827     14.254    12.8086 0.0000e+00
      9.891     -0.478     5.0498     47.453    125.498  94.945854     0.3638 4.2179e-01     3.1018      9.700     14.069    12.8119 0.0000e+00
      9.766     -0.472     5.0424     47.406    125.416  94.893838     0.3854 5.2002e-01     3.0018      9.573     13.883    12.8142 0.0000e+00
      9.648     -0.469     5.0324     47.341    125.361  94.865476     0.4198 6.6967e-01     2.7924      9.461     13.723    12.8180 0.0000e+00
      9.534     -0.464     5.0226     47.240    125.439  94.943506     0.4421 8.6243e-01     2.6643      9.349     13.560    12.8214 0.0000e+00
      9.419     -0.454     5.0177     47.090    125.601  95.088101     0.4472 1.0744e+00     2.6548      9.239     13.399    12.8244 0.0000e+00
      9.299     -0.442     5.0132     46.873    125.611  95.115326     0.4206 1.3332e+00     2.6769      9.121     13.229    12.8282 0.0000e+00
      9.179     -0.429     5.0067     46.573    125.440  95.000263     0.3797 1.6275e+00     2.6915      8.995     13.045    12.8329 0.0000e+00
      9.071     -0.418     4.9953     46.193    125.417  94.991024     0.3695 1.9641e+00     2.6600      8.893     12.898    12.8411 0.0000e+00
      8.972     -0.409     4.9789     45.773    125.514  95.071762     0.3755 2.3614e+00     2.6387      8.799     12.762    12.8504 0.0000e+00
      8.876     -0.402     4.9562     45.383    125.512  95.091025     0.3906 2.8050e+00     2.7093      8.702     12.621    12.8586 0.0000e+00
      8.780     -0.397     4.9235     45.099    125.457  95.087740     0.4223 3.3770e+00     2.8264      8.614     12.493    12.8649 0.0000e+00
