Data/DataNotYetUploadedToEDI/Raw_CTD/RawDownloads/081524_ccr90_S8188007.cnv
* Sea-Bird SBE19plus  Data File:
* FileName = C:\R\Reservoirs\Data\DataNotYetUploadedToEDI\Raw_CTD\RawDownloads\081424_ccr50_S8188_0007.hex
* Software version 2.8.0.119
* Temperature SN = 8188
* Conductivity SN = 8188
* System UpLoad Time = Aug 16 2024 10:38:25
* <ApplicationData>
* <Seaterm232>
# nquan = 13
# nvalues = 1042                        
# units = specified
# name 0 = depFM: Depth [fresh water, m]
# name 1 = dz/dtM: Descent Rate [m/s]
# name 2 = sbeox0Mg/L: Oxygen, SBE 43 [mg/l]
# name 3 = sbeox0PS: Oxygen, SBE 43 [% saturation]
# name 4 = specc: Specific Conductance [uS/cm]
# name 5 = c0uS/cm: Conductivity [uS/cm]
# name 6 = flECO-AFL: Fluorescence, WET Labs ECO-AFL/FL [mg/m^3]
# name 7 = par/sat/log: PAR/Logarithmic, Satlantic
# name 8 = turbWETntu0: Turbidity, WET Labs ECO [NTU]
# name 9 = prdM: Pressure, Strain Gauge [db]
# name 10 = prdE: Pressure, Strain Gauge [psi]
# name 11 = tv290C: Temperature [ITS-90, deg C]
# name 12 = flag:  0.000e+00
# span 0 =     -0.455,      3.946       
# span 1 =     -0.523,      0.234       
# span 2 =     4.0653,    10.4980       
# span 3 =     51.975,    130.970       
# span 4 =  -1151.711,    117.494       
# span 5 = -1.206e+03, 125.623078       
# span 6 =    -0.4335,     3.1448       
# span 7 = 1.3848e-01, 1.8930e+03       
# span 8 =   -10.6177,   170.1386       
# span 9 =     -0.447,      3.873       
# span 10 =     -0.648,      5.617      
# span 11 =    25.6219,    28.6744      
# span 12 = 0.0000e+00, 0.0000e+00      
# interval = seconds: 0.25
# start_time = Aug 15 2024 15:58:47 [Instrument's time stamp, header]
# bad_flag = -9.990e-29
*END*
[from data line 334]
      2.245      0.069     4.2366     54.523    116.871 123.794429     0.4551 4.5969e+02     0.3749      2.201      3.193    27.9471 0.0000e+00
      2.268      0.074     4.2354     54.600    116.891 123.822156     0.4570 4.5610e+02     0.3966      2.223      3.225    27.9490 0.0000e+00
      2.291      0.074     4.2475     54.582    116.881 123.818479     0.4644 4.5535e+02     0.4167      2.246      3.257    27.9499 0.0000e+00
      2.313      0.070     4.2590     54.522    116.874 123.818184     0.4659 4.5593e+02     0.4463      2.270      3.293    27.9519 0.0000e+00
      2.331      0.066     4.2715     54.465    116.867 123.818604     0.4662 4.5843e+02     0.5488      2.289      3.319    27.9557 0.0000e+00
      2.344      0.064     4.2795     54.405    116.866 123.823561     0.4682 4.5394e+02     0.6253      2.300      3.337    27.9584 0.0000e+00
      2.353      0.063     4.2748     54.362    116.848 123.809919     0.4646 4.4146e+02     0.6169      2.305      3.345    27.9612 0.0000e+00
      2.366      0.063     4.2682     54.310    116.823 123.790076     0.4656 4.3352e+02     0.6185      2.315      3.358    27.9641 0.0000e+00
      2.387      0.064     4.2653     54.171    116.816 123.788267     0.4713 4.2970e+02     0.6451      2.341      3.396    27.9674 0.0000e+00
      2.408      0.064     4.2584     53.932    116.811 123.788053     0.4649 4.2125e+02     0.6299      2.364      3.428    27.9700 0.0000e+00
      2.426      0.064     4.2555     53.630    116.806 123.787488     0.4579 4.0995e+02     0.6064      2.378      3.449    27.9717 0.0000e+00
      2.441      0.060     4.2550     53.286    116.796 123.781448     0.4639 3.9936e+02     0.6016      2.395      3.474    27.9750 0.0000e+00
      2.455      0.056     4.2437     52.938    116.796 123.783236     0.4675 3.9487e+02     0.6056      2.408      3.493    27.9779 0.0000e+00
      2.466      0.053     4.2228     52.608    116.818 123.809108     0.4671 3.9666e+02     0.6200      2.417      3.507    27.9799 0.0000e+00
      2.479      0.053     4.1995     52.295    116.829 123.821453     0.4685 3.9936e+02     0.6383      2.431      3.527    27.9822 0.0000e+00
      2.491      0.055     4.1710     52.068    116.805 123.796083     0.4667 4.0499e+02     0.6551      2.443      3.544    27.9838 0.0000e+00
      2.505      0.057     4.1421     51.975    116.785 123.775180     0.4623 4.0895e+02     0.6521      2.455      3.561    27.9847 0.0000e+00
      2.520      0.058     4.1187     51.983    116.785 123.773324     0.4591 4.0675e+02     0.6358      2.470      3.583    27.9857 0.0000e+00
      2.538      0.056     4.0901     52.028    116.787 123.773637     0.4630 4.0743e+02     0.6302      2.488      3.610    27.9861 0.0000e+00
      2.556      0.052     4.0710     52.058    116.794 123.778968     0.4665 4.1042e+02     0.6192      2.508      3.638    27.9859 0.0000e+00
      2.569      0.047     4.0653     52.087    116.789 123.769578     0.4657 4.0821e+02     0.6051      2.522      3.657    27.9862 0.0000e+00
      2.579      0.043     4.0677     52.170    116.635 123.591888     0.4704 4.0441e+02     0.6313      2.530      3.668    27.9848 0.0000e+00
      2.586      0.044     4.0733     52.646    116.205 123.062782     0.4803 4.0214e+02     0.6608      2.536      3.678    27.9845 0.0000e+00
      2.591      0.050     4.0749     55.246    115.915 122.487257     0.4908 4.0308e+02     0.6528      2.542      3.687    27.9837 0.0000e+00
      2.599      0.060     4.0759     63.060    116.103 122.225334     0.4933 4.0476e+02     0.6385      2.546      3.693    27.9838 0.0000e+00
      2.616      0.067     4.0802     76.756    116.430 122.145754     0.4835 4.0163e+02     0.6253      2.560      3.713    27.9770 0.0000e+00
      2.642      0.070     4.0858     92.923    116.664 122.138171     0.4761 3.9627e+02     0.6298      2.591      3.757    27.9774 0.0000e+00
      2.671      0.068     4.1718    107.766    116.710 122.065068     0.4744 3.8905e+02     0.6598      2.623      3.803    27.8744 0.0000e+00
      2.693      0.060     4.7642    119.381    116.643 121.943677     0.4709 3.8211e+02     0.6786      2.645      3.836    27.6151 0.0000e+00
      2.705      0.047     6.0090    127.156    116.685 121.966138     0.4690 3.7930e+02     0.6851      2.656      3.853    27.4150 0.0000e+00
      2.710      0.034     7.4125    130.970    116.786 122.063826     0.4680 3.8020e+02     0.7041      2.659      3.856    27.3222 0.0000e+00
      2.711      0.024     8.6368    130.785    116.760 122.033627     0.4853 3.8186e+02     0.7708      2.658      3.855    27.2769 0.0000e+00
      2.713      0.020     9.5739    127.128    116.610 121.873784     0.5228 3.8241e+02     0.8737      2.661      3.859    27.2634 0.0000e+00
      2.718      0.020    10.1894    121.685    116.576 121.836126     0.5397 3.8398e+02     0.9187      2.666      3.866    27.2544 0.0000e+00
      2.724      0.023    10.4980    116.455    116.656 121.919301     0.5336 3.8653e+02     0.9030      2.669      3.872    27.2530 0.0000e+00
      2.732      0.025    10.4773    112.394    116.729 121.992873     0.5352 3.8712e+02     0.8891      2.679      3.885    27.2513 0.0000e+00
      2.741      0.025    10.1346    109.504    116.782 122.043700     0.5509 3.8458e+02     0.8882      2.690      3.900    27.2505 0.0000e+00
      2.748      0.024     9.6320    107.466    116.798 122.056440     0.5585 3.8369e+02     0.8925      2.695      3.909    27.2498 0.0000e+00
      2.753      0.021     9.1974    106.004    116.821 122.078711     0.5481 3.8381e+02     0.9063      2.700      3.916    27.2492 0.0000e+00
      2.757      0.019     8.8798    105.023    116.852 122.108378     0.5299 3.8271e+02     0.9183      2.704      3.922    27.2487 0.0000e+00
      2.761      0.019     8.6611    104.413    116.824 122.074139     0.5026 3.8113e+02     0.8994      2.708      3.927    27.2460 0.0000e+00
      2.763      0.022     8.5100    104.003    116.831 122.073917     0.4791 3.7761e+02     0.8847      2.710      3.931    27.2440 0.0000e+00
      2.767      0.025     8.3930    103.677    116.937 122.173875     0.4706 3.7513e+02     0.9117      2.712      3.933    27.2440 0.0000e+00
      2.774      0.026     8.3185    103.357    117.030 122.259725     0.4870 3.7510e+02     0.8829      2.718      3.941    27.2430 0.0000e+00
      2.785      0.025     8.2771    103.043    117.003 122.225311     0.5128 3.7249e+02     0.7428      2.731      3.962    27.2409 0.0000e+00
      2.796      0.021     8.2469    102.861    116.884 122.098763     0.5221 3.6517e+02     0.6583      2.744      3.980    27.2383 0.0000e+00
      2.802      0.015     8.2244    102.863    116.881 122.093628     0.5298 3.6135e+02     0.6857      2.749      3.987    27.2328 0.0000e+00
      2.804      0.008     8.2013    102.920    116.951 122.163213     0.5365 3.6340e+02     0.6963      2.751      3.990    27.2272 0.0000e+00
      2.802 7.3073e-07     8.1707    102.936    116.916 122.121717     0.5338 3.6649e+02     0.6840      2.749      3.987    27.2248 0.0000e+00
      2.799     -0.005     8.1538    102.990    116.871 122.069296     0.5325 3.6775e+02     0.7086      2.745      3.981    27.2240 0.0000e+00
      2.796     -0.005     8.1600    103.185    116.883 122.074976     0.5377 3.6507e+02     0.7188      2.742      3.977    27.2241 0.0000e+00
      2.793      0.001     8.1686    103.510    116.871 122.053977     0.5352 3.6407e+02     0.6703      2.739      3.973    27.2218 0.0000e+00
      2.791      0.011     8.1666    103.802    116.846 122.019978     0.5288 3.6636e+02     0.6364      2.736      3.969    27.2194 0.0000e+00
      2.792      0.023     8.1668    103.814    116.841 122.004880     0.5296 3.6889e+02     0.6521      2.736      3.968    27.2176 0.0000e+00
      2.799      0.035     8.1837    103.528    116.852 122.007814     0.5276 3.6921e+02     0.6547      2.743      3.978    27.2144 0.0000e+00
      2.813      0.045     8.2135    103.210    116.902 122.055429     0.5302 3.6377e+02     0.6342      2.757      3.999    27.2112 0.0000e+00
      2.831      0.052     8.2476    103.040    116.883 122.035001     0.5353 3.5778e+02     0.6446      2.777      4.027    27.2078 0.0000e+00
      2.848      0.057     8.2508    102.918    116.818 121.965415     0.5285 3.5497e+02     0.6773      2.795      4.054    27.2036 0.0000e+00
      2.862      0.058     8.2169    102.730    116.821 121.964248     0.5262 3.5293e+02     0.6858      2.806      4.070    27.1988 0.0000e+00
      2.875      0.057     8.1859    102.592    116.880 122.020882     0.5332 3.4988e+02     0.6789      2.819      4.089    27.1968 0.0000e+00
      2.889      0.057     8.1770    102.602    116.899 122.036381     0.5362 3.4497e+02     0.6633      2.834      4.111    27.1975 0.0000e+00
      2.903      0.058     8.1744    102.677    116.819 121.947045     0.5359 3.4102e+02     0.6333      2.847      4.128    27.1971 0.0000e+00
      2.918      0.059     8.1526    102.757    116.709 121.827285     0.5383 3.3965e+02     0.6254      2.861      4.150    27.1950 0.0000e+00
      2.934      0.058     8.1378    102.882    116.637 121.747731     0.5475 3.3969e+02     0.6366      2.877      4.173    27.1929 0.0000e+00
      2.951      0.055     8.1439    103.084    116.693 121.803526     0.5603 3.3918e+02     0.6316      2.893      4.196    27.1912 0.0000e+00
      2.967      0.049     8.1522    103.279    116.776 121.888119     0.5716 3.3725e+02     0.6329      2.911      4.223    27.1886 0.0000e+00
      2.980      0.044     8.1569    103.325    116.773 121.883964     0.5809 3.3512e+02     0.6525      2.925      4.242    27.1859 0.0000e+00
      2.989      0.039     8.1653    103.268    116.846 121.957878     0.5773 3.3428e+02     0.6626      2.932      4.252    27.1840 0.0000e+00
      2.995      0.039     8.1837    103.293    116.986 122.099808     0.5712 3.3572e+02     0.6522      2.939      4.262    27.1829 0.0000e+00
      3.000      0.042     8.2056    103.353    116.991 122.099659     0.5764 3.3580e+02     0.6297      2.941      4.266    27.1824 0.0000e+00
      3.008      0.048     8.2093    103.287    116.859 121.956069     0.5789 3.3186e+02     0.6316      2.946      4.272    27.1817 0.0000e+00
      3.023      0.055     8.1938    103.156    116.775 121.864024     0.5754 3.2677e+02     0.6747      2.962      4.296    27.1810 0.0000e+00
      3.043      0.060     8.1992    103.043    116.786 121.873332     0.5779 3.2344e+02     0.7044      2.984      4.328    27.1796 0.0000e+00
      3.063      0.062     8.2139    102.951    116.844 121.932211     0.5834 3.2328e+02     0.6822      3.004      4.357    27.1770 0.0000e+00
      3.081      0.061     8.2029    102.942    116.871 121.962135     0.5813 3.2433e+02     0.6453      3.023      4.384    27.1742 0.0000e+00
      3.095      0.058     8.1898    103.037    116.805 121.894147     0.5792 3.2398e+02     0.6359      3.037      4.405    27.1724 0.0000e+00
      3.106      0.057     8.1842    103.132    116.774 121.860359     0.5746 3.2251e+02     0.6381      3.045      4.416    27.1713 0.0000e+00
      3.116      0.057     8.1726    103.121    116.809 121.894588     0.5689 3.2053e+02     0.6375      3.055      4.431    27.1706 0.0000e+00
      3.130      0.061     8.1711    103.008    116.816 121.898809     0.5708 3.1851e+02     0.6634      3.068      4.450    27.1715 0.0000e+00
      3.146      0.066     8.1822    102.866    116.832 121.911393     0.5717 3.1625e+02     0.6759      3.083      4.472    27.1723 0.0000e+00
      3.166      0.070     8.1943    102.732    116.834 121.910343     0.5722 3.1207e+02     0.6509      3.103      4.501    27.1715 0.0000e+00
      3.187      0.072     8.1925    102.608    116.814 121.886103     0.5763 3.0735e+02     0.6366      3.126      4.533    27.1704 0.0000e+00
      3.207      0.072     8.1807    102.524    116.822 121.891098     0.5778 3.0618e+02     0.6397      3.147      4.563    27.1692 0.0000e+00
      3.225      0.073     8.1691    102.543    116.773 121.834324     0.5900 3.0718e+02     0.6885      3.164      4.589    27.1671 0.0000e+00
      3.240      0.075     8.1587    102.665    116.698 121.745231     0.6199 3.0512e+02     0.7807      3.177      4.608    27.1653 0.0000e+00
      3.256      0.078     8.1492    102.823    116.737 121.768641     0.6357 3.0067e+02     0.8622      3.192      4.629    27.1645 0.0000e+00
      3.276      0.083     8.1389    102.928    116.823 121.844538     0.6342 2.9879e+02     0.9177      3.213      4.658    27.1635 0.0000e+00
      3.301      0.088     8.1416    102.910    116.832 121.844501     0.6532 2.9808e+02     1.0408      3.237      4.694    27.1615 0.0000e+00
      3.326      0.092     8.1539    102.806    116.767 121.768180     0.6925 2.9475e+02     1.2514      3.263      4.733    27.1572 0.0000e+00
      3.350      0.094     8.1703    102.717    116.750 121.740103     0.7103 2.8973e+02     1.3703      3.286      4.765    27.1478 0.0000e+00
      3.374      0.097     8.1827    102.672    116.797 121.777797     0.7034 2.8452e+02     1.4129      3.309      4.799    27.1408 0.0000e+00
      3.398      0.098     8.1799    102.617    116.715 121.678328     0.7302 2.7882e+02     1.6979      3.333      4.834    27.1394 0.0000e+00
      3.421      0.098     8.1681    102.497    116.617 121.560364     0.7912 2.7381e+02     2.2078      3.353      4.863    27.1358 0.0000e+00
      3.448      0.094     8.1610    102.297    116.711 121.647227     0.8171 2.7072e+02     2.4962      3.379      4.901    27.1305 0.0000e+00
      3.478      0.086     8.1605    102.037    116.771 121.705597     0.8185 2.6775e+02     2.5417      3.413      4.950    27.1267 0.0000e+00
      3.504      0.076     8.1587    101.717    116.720 121.652342     0.8246 2.6480e+02     2.6209      3.440      4.989    27.1201 0.0000e+00
      3.521      0.064     8.1505    101.335    116.750 121.685302     0.8222 2.6275e+02     2.7324      3.455      5.011    27.1120 0.0000e+00
      3.531      0.052     8.1349    100.964    116.760 121.694935     0.8157 2.6184e+02     2.7907      3.464      5.024    27.1071 0.0000e+00
      3.539      0.043     8.1133    100.651    116.704 121.632406     0.8147 2.6218e+02     2.8107      3.471      5.034    27.1054 0.0000e+00
      3.547      0.042     8.0905    100.405    116.686 121.611231     0.8359 2.6260e+02     2.9066      3.477      5.044    27.1065 0.0000e+00
      3.555      0.048     8.0553    100.239    116.653 121.575306     0.8731 2.6181e+02     3.0915      3.486      5.057    27.1080 0.0000e+00
      3.563      0.060     8.0248    100.120    116.684 121.607220     0.8911 2.5944e+02     3.2261      3.493      5.068    27.1071 0.0000e+00
      3.576      0.074     8.0019    100.053    116.796 121.724300     0.8901 2.5595e+02     3.2982      3.503      5.081    27.1052 0.0000e+00
      3.600      0.085     7.9788    100.004    116.832 121.763361     0.9306 2.5194e+02     3.7573      3.527      5.116    27.1039 0.0000e+00
      3.631      0.090     7.9707     99.944    116.742 121.670322     1.0250 2.4787e+02     4.6230      3.560      5.164    27.1030 0.0000e+00
      3.662      0.088     7.9578     99.898    116.629 121.554136     1.0770 2.4364e+02     5.1133      3.593      5.211    27.1030 0.0000e+00
      3.689      0.080     7.9547     99.841    116.657 121.586112     1.0744 2.4005e+02     5.2908      3.621      5.251    27.1034 0.0000e+00
      3.707      0.066     7.9527     99.730    116.711 121.647764     1.1154 2.3781e+02     6.9756      3.638      5.276    27.1040 0.0000e+00
      3.718      0.051     7.9448     99.624    116.676 121.617602     1.1995 2.3595e+02    10.1376      3.647      5.289    27.1046 0.0000e+00
      3.726      0.037     7.9430     99.671    116.683 121.630620     1.2499 2.3385e+02    12.0384      3.655      5.300    27.1045 0.0000e+00
