Data/DataNotYetUploadedToEDI/Raw_CTD/RawDownloads/081519_fcr50_0300.cnv
* Sea-Bird SBE19plus  Data File:
* FileName = C:\DATA\081519_fcr50b_0001.hex
* Software version 2.8.0.119 SB_Terminal.dll
* Temperature SN = 7809
* Conductivity SN = 7809
* System UpLoad Time = Aug 15 2019 15:08:56
* <ApplicationData>
* <Seaterm232>
# nquan = 16
# nvalues = 825                         
# units = specified
# name 0 = depFM: Depth [fresh water, m]
# name 1 = dz/dtM: Descent Rate [m/s]
# name 2 = sbeox0Mg/L: Oxygen, SBE 43 [mg/l]
# name 3 = sbeox0PS: Oxygen, SBE 43 [% saturation]
# name 4 = specc: Specific Conductance [uS/cm]
# name 5 = c0uS/cm: Conductivity [uS/cm]
# name 6 = flECO-AFL: Fluorescence, WET Labs ECO-AFL/FL [mg/m^3]
# name 7 = ph: pH
# name 8 = orp: Oxidation Reduction Potential [mV]
# name 9 = par/sat/log: PAR/Logarithmic, Satlantic
# name 10 = turbWETntu0: Turbidity, WET Labs ECO [NTU]
# name 11 = prdM: Pressure, Strain Gauge [db]
# name 12 = prdE: Pressure, Strain Gauge [psi]
# name 13 = tv290C: Temperature [ITS-90, deg C]
# name 14 = density00: Density [density, kg/m^3]
# name 15 = flag:  0.000e+00
# span 0 =     -0.618,      9.504       
# span 1 =     -0.011,      0.258       
# span 2 =     0.1271,    10.0243       
# span 3 =      1.295,    123.410       
# span 4 =      0.354,     68.362       
# span 5 =   0.321278,  52.708120       
# span 6 =    -0.1433,     8.8703       
# span 7 =      6.877,      9.401       
# span 8 =   209.7045,   368.9914       
# span 9 = 1.2357e-01, 5.9763e-01       
# span 10 =    -0.5640,    37.5458      
# span 11 =     -0.606,      9.321      
# span 12 =     -0.879,     13.519      
# span 13 =    11.8089,    27.1757      
# span 14 =   996.4870,   999.5847      
# span 15 = 0.0000e+00, 0.0000e+00      
# interval = seconds: 0.25
# start_time = Aug 15 2019 03:00:02 [Instrument's time stamp, header]
# bad_flag = -9.990e-29
*END*
[from data line 633]
      5.817      0.084     2.4385     22.553     48.666  35.869888     0.8347      7.129   248.1068 1.2371e-01    15.5150      5.705      8.275    11.8519   999.5628 0.0000e+00
      5.835      0.083     2.4372     22.542     48.651  35.858442     0.8373      7.126   248.5384 1.2375e-01    15.4134      5.720      8.298    11.8520   999.5628 0.0000e+00
      5.856      0.084     2.4357     22.527     48.636  35.847007     0.8438      7.123   248.8714 1.2371e-01    15.3781      5.741      8.327    11.8515   999.5630 0.0000e+00
      5.881      0.086     2.4343     22.513     48.653  35.858557     0.8445      7.123   248.9492 1.2370e-01    15.3830      5.767      8.364    11.8512   999.5631 0.0000e+00
      5.905      0.089     2.4331     22.502     48.671  35.871147     0.8460      7.122   248.8768 1.2374e-01    15.3737      5.791      8.400    11.8507   999.5633 0.0000e+00
      5.926      0.094     2.4340     22.510     48.672  35.872291     0.8443      7.119   249.0288 1.2370e-01    15.3647      5.812      8.430    11.8502   999.5634 0.0000e+00
      5.947      0.098     2.4361     22.529     48.673  35.872395     0.8415      7.116   249.3237 1.2365e-01    15.3721      5.831      8.457    11.8493   999.5636 0.0000e+00
      5.971      0.101     2.4366     22.534     48.673  35.872404     0.8462      7.116   249.6892 1.2368e-01    15.3976      5.853      8.490    11.8484   999.5638 0.0000e+00
      5.999      0.106     2.4359     22.528     48.672  35.872396     0.8320      7.115   250.1787 1.2378e-01    15.4109      5.883      8.532    11.8485   999.5640 0.0000e+00
      6.029      0.111     2.4363     22.533     48.669  35.872291     0.7917      7.113   250.3374 1.2387e-01    15.4020      5.913      8.576    11.8484   999.5641 0.0000e+00
      6.059      0.115     2.4368     22.538     48.666  35.871137     0.7666      7.109   250.2317 1.2383e-01    15.3880      5.943      8.619    11.8478   999.5643 0.0000e+00
      6.089      0.115     2.4357     22.528     48.648  35.858452     0.7701      7.107   250.4501 1.2380e-01    15.3731      5.970      8.659    11.8476   999.5645 0.0000e+00
      6.119      0.112     2.4355     22.525     48.632  35.845862     0.7831      7.105   250.8265 1.2383e-01    15.3860      5.999      8.701    11.8483   999.5646 0.0000e+00
      6.149      0.109     2.4355     22.525     48.633  35.845853     0.7842      7.103   251.0825 1.2378e-01    15.3796      6.032      8.749    11.8502   999.5645 0.0000e+00
      6.177      0.106     2.4350     22.520     48.652  35.858338     0.7747      7.101   251.3086 1.2373e-01    15.3283      6.060      8.790    11.8522   999.5644 0.0000e+00
      6.201      0.103     2.4348     22.518     48.669  35.869870     0.7727      7.100   251.4960 1.2372e-01    15.3230      6.080      8.819    11.8524   999.5645 0.0000e+00
      6.225      0.098     2.4341     22.511     48.654  35.858339     0.7771      7.098   251.7130 1.2369e-01    15.3490      6.103      8.853    11.8513   999.5647 0.0000e+00
      6.251      0.093     2.4355     22.524     48.638  35.845863     0.7760      7.095   251.9539 1.2372e-01    15.3473      6.131      8.892    11.8503   999.5649 0.0000e+00
      6.277      0.087     2.4389     22.555     48.639  35.845967     0.7683      7.093   252.0850 1.2378e-01    15.3678      6.156      8.929    11.8491   999.5653 0.0000e+00
      6.300      0.079     2.4402     22.566     48.659  35.859597     0.7699      7.092   252.2665 1.2378e-01    15.4005      6.177      8.961    11.8479   999.5655 0.0000e+00
      6.320      0.067     2.4403     22.567     48.691  35.883718     0.7878      7.091   252.6852 1.2374e-01    15.3818      6.197      8.989    11.8473   999.5656 0.0000e+00
      6.337      0.055     2.4412     22.575     48.690  35.883718     0.8715      7.089   253.1894 1.2370e-01    15.3383      6.217      9.017    11.8467   999.5658 0.0000e+00
      6.349      0.046     2.4417     22.580     48.657  35.859598     1.0100      7.087   253.4587 1.2370e-01    15.3343      6.229      9.035    11.8455   999.5660 0.0000e+00
      6.355      0.042     2.4427     22.589     48.640  35.845979     1.0750      7.086   253.6180 1.2372e-01    15.3658      6.232      9.039    11.8445   999.5661 0.0000e+00
      6.358      0.045     2.4446     22.606     48.643  35.845989     1.0684      7.086   253.8260 1.2371e-01    15.3908      6.234      9.043    11.8448   999.5661 0.0000e+00
      6.364      0.054     2.4477     22.634     48.664  35.859713     0.9999      7.084   253.9946 1.2369e-01    15.4068      6.239      9.049    11.8465   999.5659 0.0000e+00
      6.378      0.067     2.4524     22.677     48.700  35.884977     0.8707      7.082   254.3658 1.2364e-01    15.3955      6.250      9.066    11.8475   999.5658 0.0000e+00
      6.401      0.082     2.4578     22.727     48.717  35.897566     0.7987      7.080   254.9584 1.2363e-01    15.3533      6.275      9.101    11.8454   999.5662 0.0000e+00
      6.428      0.096     2.4638     22.782     48.700  35.884977     0.7882      7.078   255.3944 1.2369e-01    15.3230      6.304      9.144    11.8430   999.5666 0.0000e+00
      6.456      0.106     2.4694     22.833     48.665  35.859703     0.7775      7.077   255.5079 1.2371e-01    15.3566      6.331      9.182    11.8413   999.5669 0.0000e+00
      6.485      0.109     2.4732     22.868     48.646  35.845866     0.7735      7.076   255.4706 1.2366e-01    15.4642      6.357      9.219    11.8401   999.5672 0.0000e+00
      6.515      0.104     2.4758     22.892     48.644  35.844618     0.7835      7.074   255.6313 1.2367e-01    15.5747      6.388      9.264    11.8401   999.5674 0.0000e+00
      6.546      0.094     2.4777     22.910     48.644  35.844616     0.7937      7.071   255.9888 1.2369e-01    15.6442      6.422      9.314    11.8404   999.5675 0.0000e+00
      6.573      0.083     2.4798     22.930     48.645  35.845846     0.7936      7.068   256.2649 1.2368e-01    15.6495      6.449      9.354    11.8405   999.5676 0.0000e+00
      6.591      0.073     2.4802     22.934     48.664  35.859484     0.7820      7.066   256.4752 1.2370e-01    15.6067      6.466      9.379    11.8405   999.5676 0.0000e+00
      6.602      0.068     2.4771     22.904     48.696  35.882574     0.7743      7.065   256.7249 1.2370e-01    15.5849      6.475      9.390    11.8407   999.5677 0.0000e+00
      6.611      0.067     2.4731     22.868     48.681  35.871129     0.7793      7.064   256.9609 1.2371e-01    15.5827      6.482      9.402    11.8409   999.5677 0.0000e+00
      6.623      0.068     2.4678     22.819     48.650  35.848049     0.7813      7.064   257.0912 1.2377e-01    15.6130      6.491      9.414    11.8414   999.5677 0.0000e+00
      6.644      0.070     2.4616     22.761     48.663  35.857406     0.7820      7.063   257.1816 1.2378e-01    15.6887      6.511      9.443    11.8412   999.5678 0.0000e+00
      6.673      0.077     2.4571     22.720     48.663  35.857320     0.7874      7.061   257.3664 1.2372e-01    15.7441      6.548      9.496    11.8400   999.5681 0.0000e+00
      6.697      0.087     2.4534     22.686     48.647  35.847010     0.7944      7.059   257.6902 1.2371e-01    15.7583      6.575      9.536    11.8401   999.5682 0.0000e+00
      6.708      0.096     2.4505     22.661     48.660  35.859693     0.7973      7.058   258.0847 1.2372e-01    15.7633      6.578      9.541    11.8403   999.5682 0.0000e+00
      6.723      0.100     2.4504     22.662     48.688  35.883728     0.8055      7.055   258.2649 1.2372e-01    15.7386      6.584      9.549    11.8388   999.5684 0.0000e+00
      6.756      0.099     2.4512     22.671     48.684  35.883719     0.8242      7.053   258.0625 1.2373e-01    15.6560      6.621      9.602    11.8386   999.5686 0.0000e+00
      6.797      0.098     2.4495     22.656     48.650  35.859588     0.8327      7.053   257.7884 1.2373e-01    15.5840      6.670      9.675    11.8408   999.5686 0.0000e+00
      6.829      0.098     2.4480     22.643     48.630  35.845854     0.8377      7.052   257.8755 1.2374e-01    15.5565      6.703      9.722    11.8444   999.5683 0.0000e+00
      6.847      0.095     2.4480     22.643     48.626  35.844605     0.8503      7.050   258.2555 1.2384e-01    15.5521      6.715      9.739    11.8479   999.5680 0.0000e+00
      6.860      0.089     2.4465     22.630     48.623  35.844491     0.8645      7.049   258.5975 1.2385e-01    15.5636      6.724      9.753    11.8518   999.5676 0.0000e+00
      6.878      0.086     2.4457     22.624     48.622  35.844471     0.8789      7.048   258.7412 1.2375e-01    15.5648      6.743      9.780    11.8529   999.5676 0.0000e+00
      6.902      0.090     2.4465     22.631     48.622  35.844366     0.8942      7.046   258.7023 1.2374e-01    15.5671      6.769      9.817    11.8515   999.5678 0.0000e+00
      6.928      0.096     2.4451     22.617     48.623  35.843221     0.8942      7.044   258.7288 1.2382e-01    15.5249      6.794      9.853    11.8545   999.5677 0.0000e+00
      6.954      0.101     2.4439     22.604     48.610  35.830631     0.8702      7.044   258.8893 1.2379e-01    15.4147      6.819      9.890    11.8569   999.5675 0.0000e+00
      6.982      0.104     2.4445     22.608     48.599  35.819082     0.8459      7.044   259.0942 1.2369e-01    15.3496      6.848      9.931    11.8573   999.5675 0.0000e+00
      7.010      0.105     2.4453     22.614     48.617  35.830518     0.8354      7.043   259.3992 1.2368e-01    15.3276      6.876      9.973    11.8577   999.5676 0.0000e+00
      7.035      0.105     2.4468     22.629     48.632  35.841953     0.8378      7.041   259.7388 1.2372e-01    15.3130      6.899     10.007    11.8562   999.5679 0.0000e+00
      7.060      0.104     2.4488     22.648     48.616  35.830394     0.8488      7.039   260.0172 1.2372e-01    15.3369      6.922     10.039    11.8522   999.5685 0.0000e+00
      7.087      0.101     2.4506     22.664     48.600  35.817710     0.8561      7.037   260.1841 1.2372e-01    15.3547      6.950     10.080    11.8480   999.5692 0.0000e+00
      7.116      0.098     2.4525     22.680     48.599  35.815535     0.8479      7.034   260.2072 1.2377e-01    15.3313      6.979     10.123    11.8465   999.5694 0.0000e+00
      7.142      0.093     2.4537     22.691     48.585  35.804100     0.8714      7.033   260.2108 1.2377e-01    15.3157      7.005     10.160    11.8480   999.5693 0.0000e+00
      7.165      0.088     2.4538     22.691     48.590  35.806390     0.9403      7.032   260.3136 1.2372e-01    15.3628      7.028     10.193    11.8487   999.5694 0.0000e+00
      7.185      0.083     2.4546     22.698     48.640  35.843214     0.9789      7.031   260.6758 1.2373e-01    15.4090      7.048     10.222    11.8466   999.5697 0.0000e+00
      7.203      0.079     2.4554     22.705     48.674  35.868508     0.9827      7.029   261.1493 1.2371e-01    15.4155      7.064     10.245    11.8450   999.5700 0.0000e+00
      7.222      0.077     2.4538     22.691     48.660  35.858321     0.9867      7.028   261.4788 1.2369e-01    15.4088      7.082     10.271    11.8439   999.5702 0.0000e+00
      7.243      0.075     2.4518     22.673     48.643  35.846990     0.9747      7.026   261.7337 1.2371e-01    15.3943      7.103     10.302    11.8426   999.5704 0.0000e+00
      7.263      0.075     2.4515     22.670     48.658  35.858445     0.9415      7.025   261.8221 1.2373e-01    15.4031      7.124     10.331    11.8425   999.5705 0.0000e+00
      7.282      0.076     2.4530     22.683     48.674  35.869883     0.9149      7.025   262.0317 1.2377e-01    15.4165      7.142     10.358    11.8430   999.5706 0.0000e+00
      7.299      0.077     2.4540     22.691     48.662  35.858333     0.9047      7.024   262.5473 1.2383e-01    15.3924      7.158     10.382    11.8426   999.5707 0.0000e+00
      7.317      0.078     2.4529     22.681     48.648  35.845744     0.8967      7.023   262.8931 1.2384e-01    15.3409      7.176     10.409    11.8444   999.5706 0.0000e+00
      7.337      0.080     2.4527     22.678     48.648  35.844609     0.8954      7.021   263.0293 1.2382e-01    15.3192      7.195     10.436    11.8460   999.5705 0.0000e+00
      7.359      0.082     2.4556     22.705     48.647  35.844610     0.9070      7.019   263.1620 1.2381e-01    15.3595      7.216     10.465    11.8444   999.5708 0.0000e+00
      7.382      0.084     2.4594     22.740     48.647  35.845754     0.9069      7.017   263.2930 1.2378e-01    15.4020      7.239     10.499    11.8412   999.5712 0.0000e+00
      7.406      0.085     2.4602     22.748     48.662  35.858447     0.8670      7.016   263.4082 1.2375e-01    15.3738      7.263     10.534    11.8387   999.5716 0.0000e+00
      7.427      0.087     2.4595     22.742     48.681  35.871132     0.8060      7.015   263.5230 1.2371e-01    15.3141      7.284     10.564    11.8375   999.5719 0.0000e+00
      7.447      0.088     2.4598     22.744     48.686  35.872181     0.7774      7.014   263.6478 1.2366e-01    15.3025      7.302     10.591    11.8373   999.5720 0.0000e+00
      7.468      0.088     2.4600     22.745     48.687  35.871133     0.7811      7.013   263.7988 1.2367e-01    15.3314      7.323     10.621    11.8400   999.5717 0.0000e+00
      7.491      0.088     2.4603     22.747     48.670  35.858449     0.7814      7.012   263.9718 1.2373e-01    15.4679      7.345     10.654    11.8426   999.5715 0.0000e+00
      7.516      0.089     2.4595     22.739     48.653  35.845764     0.7724      7.012   264.1049 1.2378e-01    15.7072      7.372     10.692    11.8406   999.5720 0.0000e+00
      7.540      0.090     2.4571     22.717     48.652  35.844705     0.7669      7.010   264.0324 1.2381e-01    15.8332      7.396     10.728    11.8373   999.5724 0.0000e+00
      7.561      0.090     2.4562     22.708     48.654  35.845640     0.7758      7.007   263.9552 1.2378e-01    15.8102      7.414     10.754    11.8358   999.5726 0.0000e+00
      7.582      0.090     2.4575     22.720     48.670  35.857076     0.8026      7.006   264.2037 1.2372e-01    15.7243      7.434     10.782    11.8354   999.5728 0.0000e+00
      7.606      0.089     2.4585     22.728     48.670  35.856036     0.8304      7.005   264.4566 1.2367e-01    15.6143      7.459     10.819    11.8351   999.5729 0.0000e+00
      7.631      0.089     2.4575     22.719     48.640  35.833060     0.8348      7.004   264.6899 1.2364e-01    15.5617      7.484     10.855    11.8344   999.5731 0.0000e+00
      7.654      0.088     2.4562     22.707     48.641  35.833155     0.8294      7.002   264.7870 1.2366e-01    15.5800      7.506     10.887    11.8338   999.5733 0.0000e+00
      7.675      0.086     2.4545     22.690     48.675  35.857190     0.8521      7.001   264.5130 1.2371e-01    15.6063      7.526     10.917    11.8333   999.5735 0.0000e+00
      7.698      0.081     2.4517     22.664     48.694  35.869772     0.8918      7.000   264.3877 1.2376e-01    15.6177      7.549     10.949    11.8328   999.5737 0.0000e+00
      7.719      0.076     2.4503     22.649     48.680  35.858334     0.9025      6.998   264.5627 1.2373e-01    15.5868      7.571     10.980    11.8319   999.5738 0.0000e+00
      7.739      0.071     2.4493     22.640     48.663  35.845847     0.8948      6.998   264.8221 1.2372e-01    15.5278      7.590     11.007    11.8308   999.5740 0.0000e+00
      7.755      0.068     2.4469     22.618     48.663  35.845734     0.8942      6.997   265.1151 1.2377e-01    15.5590      7.607     11.033    11.8299   999.5742 0.0000e+00
      7.770      0.067     2.4445     22.597     48.677  35.856961     0.8858      6.995   265.2656 1.2377e-01    15.6360      7.619     11.052    11.8286   999.5744 0.0000e+00
      7.783      0.069     2.4445     22.597     48.672  35.854654     0.8629      6.993   265.1795 1.2376e-01    15.6399      7.631     11.068    11.8277   999.5746 0.0000e+00
