Data/DataNotYetUploadedToEDI/Raw_CTD/RawDownloads/081524_ccr88_S8188005.cnv
* Sea-Bird SBE19plus  Data File:
* FileName = C:\R\Reservoirs\Data\DataNotYetUploadedToEDI\Raw_CTD\RawDownloads\081424_ccr50_S8188_0005.hex
* Software version 2.8.0.119
* Temperature SN = 8188
* Conductivity SN = 8188
* System UpLoad Time = Aug 16 2024 10:37:54
* <ApplicationData>
* <Seaterm232>
# nquan = 16
# nvalues = 944                         
# units = specified
# name 0 = depFM: Depth [fresh water, m]
# name 1 = dz/dtM: Descent Rate [m/s]
# name 2 = sbeox0Mg/L: Oxygen, SBE 43 [mg/l]
# name 3 = sbeox0PS: Oxygen, SBE 43 [% saturation]
# name 4 = specc: Specific Conductance [uS/cm]
# name 5 = c0uS/cm: Conductivity [uS/cm]
# name 6 = wetCDOM: Fluorescence, WET Labs CDOM [mg/m^3]
# name 7 = flECO-AFL: Fluorescence, WET Labs ECO-AFL/FL [mg/m^3]
# name 8 = flECO-AFL1: Fluorescence, WET Labs ECO-AFL/FL, 2 [mg/m^3]
# name 9 = flECO-AFL2: Fluorescence, WET Labs ECO-AFL/FL, 3 [mg/m^3]
# name 10 = par/sat/log: PAR/Logarithmic, Satlantic
# name 11 = turbWETntu0: Turbidity, WET Labs ECO [NTU]
# name 12 = prdM: Pressure, Strain Gauge [db]
# name 13 = prdE: Pressure, Strain Gauge [psi]
# name 14 = tv290C: Temperature [ITS-90, deg C]
# name 15 = flag:  0.000e+00
# span 0 =     -0.452,      9.361       
# span 1 =     -0.441,      0.169       
# span 2 =     2.8905,     9.7782       
# span 3 =     28.184,    123.693       
# span 4 =   -638.128,    126.608       
# span 5 =-486.333072, 124.896961       
# span 6 =    -4.5000,    27.8100       
# span 7 =    -2.0584,    23.3784       
# span 8 =    -2.2578,     0.8946       
# span 9 =    -5.7105,     3.6801       
# span 10 = 1.3519e+00, 2.2508e+03      
# span 11 =    -2.2734,    91.5074      
# span 12 =     -0.443,      9.180      
# span 13 =     -0.642,     13.314      
# span 14 =    13.0182,    28.2395      
# span 15 = 0.0000e+00, 0.0000e+00      
# interval = seconds: 0.25
# start_time = Aug 15 2024 15:35:21 [Instrument's time stamp, header]
# bad_flag = -9.990e-29
*END*
[from data line 452]
      2.712      0.053     8.2901    104.672    117.008 122.364919    11.0700     0.3487     0.0426     0.2115 1.7381e+02     0.2041      2.659      3.857    27.2836 0.0000e+00
      2.725      0.058     8.2941    104.582    117.005 122.359522    11.1600     0.3525     0.0000     0.1692 1.7434e+02     0.2947      2.672      3.876    27.2835 0.0000e+00
      2.740      0.065     8.2975    104.478    116.975 122.325203    11.1600     0.3449     0.0000     0.1692 1.7502e+02     0.1890      2.687      3.897    27.2835 0.0000e+00
      2.757      0.074     8.2987    104.403    116.946 122.290818    11.1600     0.3563     0.0000     0.1692 1.7567e+02     0.1588      2.704      3.921    27.2833 0.0000e+00
      2.777      0.082     8.2958    104.360    116.944 122.285209    11.1600     0.3945     0.0000     0.1692 1.7670e+02     0.1286      2.723      3.950    27.2828 0.0000e+00
      2.800      0.089     8.2888    104.319    116.957 122.294875    11.1600     0.3449     0.0426     0.0846 1.7867e+02     0.0530      2.745      3.982    27.2818 0.0000e+00
      2.824      0.095     8.2807    104.267    116.951 122.286386    11.1600     0.3563     0.0426     0.0846 1.7953e+02     0.1588      2.770      4.017    27.2804 0.0000e+00
      2.850      0.098     8.2751    104.216    116.938 122.269480    11.1600     0.4250     0.0426     0.0846 1.8113e+02     0.0832      2.795      4.054    27.2787 0.0000e+00
      2.877      0.099     8.2719    104.181    116.946 122.275657    11.1600     0.4212     0.0426     0.0846 1.8423e+02     0.1588      2.822      4.092    27.2771 0.0000e+00
      2.904      0.097     8.2689    104.160    116.967 122.294563    11.1600     0.4135     0.0426     0.0846 1.8519e+02     0.2494      2.848      4.130    27.2757 0.0000e+00
      2.929      0.094     8.2649    104.145    116.982 122.307232    11.2500     0.4021     0.0426     0.0846 1.8637e+02     0.2947      2.872      4.166    27.2744 0.0000e+00
      2.952      0.090     8.2611    104.140    116.983 122.305040    11.2500     0.4822     0.0426     0.0846 1.8750e+02     0.4156      2.895      4.199    27.2733 0.0000e+00
      2.974      0.085     8.2584    104.156    116.963 122.279399    11.2500     0.4822     0.0426     0.0846 1.8922e+02     0.4307      2.917      4.231    27.2722 0.0000e+00
      2.995      0.079     8.2570    104.192    116.937 122.247479    11.2500     0.4936     0.0426     0.0846 1.9013e+02     0.4005      2.937      4.260    27.2711 0.0000e+00
      3.015      0.074     8.2560    104.223    116.919 122.224771    11.1600     0.4822     0.0426     0.2115 1.9100e+02     0.4609      2.956      4.288    27.2698 0.0000e+00
      3.033      0.069     8.2558    104.230    116.895 122.197220    11.1600     0.5280     0.0426     0.2115 1.9313e+02     0.4156      2.975      4.315    27.2682 0.0000e+00
      3.051      0.065     8.2573    104.205    116.852 122.149476    11.1600     0.5356     0.0426     0.2115 1.9447e+02     0.3249      2.992      4.340    27.2662 0.0000e+00
      3.066      0.061     8.2604    104.164    116.803 122.094814    11.1600     0.5356     0.0426     0.2115 1.9300e+02     0.4005      3.007      4.362    27.2642 0.0000e+00
      3.081      0.059     8.2632    104.129    116.791 122.078672    11.3400     0.5394     0.0426     0.1692 1.9304e+02     0.4911      3.021      4.382    27.2626 0.0000e+00
      3.094      0.057     8.2639    104.102    116.816 122.100745    11.3400     0.5127     0.0426     0.1692 1.9553e+02     0.3552      3.034      4.401    27.2613 0.0000e+00
      3.108      0.057     8.2621    104.065    116.826 122.106905    11.3400     0.5356     0.0426     0.1692 1.9515e+02     0.3400      3.048      4.421    27.2602 0.0000e+00
      3.123      0.057     8.2590    104.015    116.809 122.084792    11.3400     0.5280     0.0426     0.1692 1.9596e+02     0.4458      3.062      4.442    27.2589 0.0000e+00
      3.138      0.058     8.2565    103.975    116.799 122.070518    11.3400     0.5318     0.0426     0.1692 1.9541e+02     0.3854      3.077      4.463    27.2573 0.0000e+00
      3.153      0.059     8.2546    103.955    116.814 122.082282    11.3400     0.5356     0.0852     0.1269 1.9801e+02     0.4760      3.092      4.485    27.2555 0.0000e+00
      3.168      0.061     8.2519    103.947    116.837 122.101216    11.3400     0.5356     0.0852     0.1269 1.9502e+02     0.3854      3.107      4.506    27.2536 0.0000e+00
      3.184      0.062     8.2483    103.944    116.855 122.114364    11.3400     0.5089     0.0852     0.1269 1.9914e+02     0.4911      3.122      4.528    27.2518 0.0000e+00
      3.199      0.064     8.2453    103.933    116.872 122.125233    11.3400     0.5318     0.0852     0.1269 1.9737e+02     0.3854      3.137      4.551    27.2501 0.0000e+00
      3.216      0.066     8.2440    103.901    116.887 122.132719    11.5200     0.5356     0.0426     0.2538 1.9609e+02     0.4609      3.153      4.574    27.2484 0.0000e+00
      3.233      0.067     8.2437    103.839    116.892 122.130815    11.5200     0.5432     0.0426     0.2538 1.9801e+02     0.4458      3.170      4.599    27.2463 0.0000e+00
      3.252      0.067     8.2438    103.759    116.890 122.123015    11.5200     0.5509     0.0426     0.2538 1.9776e+02     0.3098      3.188      4.625    27.2438 0.0000e+00
      3.270      0.066     8.2434    103.690    116.899 122.127244    11.5200     0.5661     0.0426     0.2538 1.9905e+02     0.4911      3.206      4.651    27.2408 0.0000e+00
      3.287      0.064     8.2413    103.648    116.925 122.148629    11.6100     0.5623     0.0852     0.1692 1.9892e+02     0.4156      3.223      4.675    27.2376 0.0000e+00
      3.303      0.061     8.2368    103.621    116.938 122.156864    11.6100     0.5890     0.0852     0.1692 2.0013e+02     0.3854      3.239      4.698    27.2345 0.0000e+00
      3.318      0.058     8.2309    103.588    116.917 122.130139    11.6100     0.5928     0.0852     0.1692 2.0201e+02     0.4760      3.254      4.720    27.2319 0.0000e+00
      3.333      0.054     8.2257    103.527    116.879 122.085332    11.6100     0.6005     0.0852     0.1692 2.0520e+02     0.5062      3.268      4.741    27.2296 0.0000e+00
      3.346      0.050     8.2227    103.409    116.841 122.040502    11.6100     0.5547     0.0426     0.1692 2.0893e+02     0.7479      3.281      4.760    27.2273 0.0000e+00
      3.358      0.045     8.2209    103.232    116.809 122.003700    11.6100     0.5814     0.0426     0.1692 2.0681e+02     0.6120      3.293      4.777    27.2250 0.0000e+00
      3.370      0.041     8.2187    103.034    116.785 121.975114    11.6100     0.5814     0.0426     0.1692 2.0861e+02     0.6271      3.304      4.793    27.2227 0.0000e+00
      3.380      0.035     8.2141    102.849    116.774 121.963124    11.6100     0.5585     0.0426     0.1692 2.1703e+02     0.7177      3.314      4.807    27.2206 0.0000e+00
      3.388      0.030     8.2050    102.698    116.776 121.966534    11.6100     0.6577     0.0426     0.1692 2.1553e+02     0.6271      3.323      4.820    27.2187 0.0000e+00
      3.395      0.025     8.1913    102.593    116.773 121.964248    11.7000     0.6653     0.0000     0.2961 2.2007e+02     0.6724      3.329      4.829    27.2170 0.0000e+00
      3.400      0.022     8.1758    102.542    116.770 121.961657    11.7000     0.6386     0.0000     0.2961 2.1750e+02     0.6573      3.334      4.836    27.2158 0.0000e+00
      3.404      0.020     8.1612    102.544    116.790 121.980078    11.7000     0.6310     0.0000     0.2961 2.2296e+02     0.5817      3.338      4.842    27.2154 0.0000e+00
      3.407      0.019     8.1491    102.579    116.830 122.018419    11.7000     0.5776     0.0000     0.2961 2.1590e+02     0.7177      3.341      4.846    27.2157 0.0000e+00
      3.411      0.019     8.1407    102.633    116.860 122.046896    11.7000     0.5852     0.0426     0.2538 2.2108e+02     0.6271      3.345      4.852    27.2162 0.0000e+00
      3.417      0.019     8.1367    102.701    116.871 122.055097    11.7000     0.5623     0.0426     0.2538 2.3839e+02     0.6271      3.351      4.860    27.2163 0.0000e+00
      3.423      0.020     8.1369    102.779    116.863 122.045209    11.7000     0.5776     0.0426     0.2538 2.2276e+02     0.6422      3.357      4.868    27.2156 0.0000e+00
      3.428      0.021     8.1399    102.858    116.842 122.020597    11.7000     0.6615     0.0426     0.2538 2.2369e+02     0.7177      3.362      4.876    27.2141 0.0000e+00
      3.433      0.023     8.1443    102.945    116.830 122.004706    11.7900     0.6462     0.0852     0.2538 2.2108e+02     0.6724      3.367      4.883    27.2125 0.0000e+00
      3.438      0.025     8.1499    103.041    116.827 121.997297    11.7900     0.6386     0.0852     0.2538 2.2850e+02     0.6724      3.371      4.890    27.2113 0.0000e+00
      3.443      0.027     8.1562    103.140    116.825 121.990394    11.7900     0.6653     0.0852     0.2538 2.1656e+02     0.6875      3.377      4.898    27.2105 0.0000e+00
      3.451      0.031     8.1627    103.228    116.831 121.992159    11.7900     0.6462     0.0852     0.2538 2.3546e+02     0.6120      3.384      4.908    27.2096 0.0000e+00
      3.460      0.034     8.1697    103.283    116.845 122.001061    11.7900     0.6500     0.0852     0.2538 2.1897e+02     0.6271      3.393      4.921    27.2083 0.0000e+00
      3.470      0.038     8.1776    103.282    116.848 121.999468    11.7900     0.6424     0.0426     0.2115 2.2588e+02     0.6875      3.402      4.935    27.2064 0.0000e+00
      3.480      0.041     8.1857    103.225    116.830 121.974953    11.7900     0.6462     0.0426     0.2115 2.3849e+02     0.6422      3.413      4.950    27.2043 0.0000e+00
      3.491      0.043     8.1931    103.133    116.808 121.944985    11.7900     0.6996     0.0426     0.2115 2.1935e+02     0.6120      3.423      4.965    27.2021 0.0000e+00
      3.502      0.045     8.1978    103.019    116.798 121.927577    11.7900     0.7073     0.0426     0.2115 2.3004e+02     0.5817      3.434      4.981    27.1999 0.0000e+00
      3.514      0.046     8.1981    102.879    116.799 121.922087    11.8800     0.7073     0.0426     0.1692 2.3500e+02     0.7177      3.445      4.997    27.1976 0.0000e+00
      3.526      0.047     8.1939    102.714    116.822 121.939055    11.8800     0.6996     0.0426     0.1692 2.2890e+02     0.7177      3.458      5.015    27.1952 0.0000e+00
      3.539      0.047     8.1869    102.558    116.868 121.981005    11.8800     0.7073     0.0426     0.1692 2.2398e+02     0.6724      3.470      5.033    27.1925 0.0000e+00
      3.552      0.046     8.1784    102.456    116.894 122.003108    11.8800     0.6882     0.0426     0.1692 2.2954e+02     0.6875      3.483      5.052    27.1896 0.0000e+00
      3.564      0.044     8.1678    102.421    116.866 121.969248    11.9700     0.6806     0.0852     0.2961 2.2185e+02     0.6422      3.495      5.068    27.1865 0.0000e+00
      3.574      0.041     8.1550    102.431    116.815 121.912406    11.9700     0.6920     0.0852     0.2961 2.2417e+02     0.6120      3.505      5.084    27.1836 0.0000e+00
      3.584      0.039     8.1430    102.441    116.789 121.881439    11.9700     0.7111     0.0852     0.2961 2.3286e+02     0.6271      3.515      5.098    27.1811 0.0000e+00
      3.593      0.038     8.1352    102.420    116.789 121.878093    11.9700     0.6806     0.0852     0.2961 2.2170e+02     0.7177      3.524      5.111    27.1789 0.0000e+00
      3.602      0.037     8.1328    102.391    116.792 121.877470    12.0600     0.7149     0.0852     0.0846 2.3105e+02     0.6724      3.533      5.123    27.1771 0.0000e+00
      3.611      0.036     8.1338    102.391    116.798 121.879401    12.0600     0.6920     0.0852     0.0846 2.2925e+02     0.6422      3.541      5.136    27.1754 0.0000e+00
      3.620      0.036     8.1348    102.423    116.818 121.896406    12.0600     0.7530     0.0852     0.0846 2.3286e+02     0.6120      3.550      5.149    27.1737 0.0000e+00
      3.630      0.035     8.1334    102.470    116.840 121.915015    12.0600     0.7492     0.0852     0.0846 2.2810e+02     0.7177      3.560      5.163    27.1722 0.0000e+00
      3.639      0.034     8.1313    102.515    116.841 121.912183    12.0600     0.7645     0.0852     0.0846 2.3398e+02     0.7630      3.569      5.176    27.1705 0.0000e+00
      3.648      0.033     8.1315    102.549    116.809 121.873151    12.0600     0.7530     0.0426     0.1269 2.3648e+02     0.7479      3.578      5.189    27.1687 0.0000e+00
      3.656      0.031     8.1343    102.569    116.752 121.809516    12.0600     0.7721     0.0426     0.1269 2.3428e+02     0.8386      3.586      5.201    27.1670 0.0000e+00
      3.664      0.028     8.1383    102.570    116.705 121.756320    12.0600     0.7645     0.0426     0.1269 2.3387e+02     0.9745      3.593      5.211    27.1653 0.0000e+00
      3.671      0.026     8.1421    102.551    116.680 121.725384    12.0600     0.7607     0.0426     0.1269 2.3653e+02     0.9292      3.600      5.221    27.1634 0.0000e+00
      3.677      0.024     8.1451    102.524    116.669 121.708458    12.0600     0.7416     0.0426     0.2961 2.3896e+02     0.8990      3.606      5.230    27.1613 0.0000e+00
      3.683      0.022     8.1470    102.508    116.671 121.705029    12.0600     0.7683     0.0426     0.2961 2.3927e+02     0.8386      3.611      5.238    27.1593 0.0000e+00
      3.688      0.021     8.1475    102.500    116.684 121.714182    12.0600     0.7759     0.0426     0.2961 2.3408e+02     1.0652      3.617      5.245    27.1574 0.0000e+00
      3.693      0.020     8.1462    102.496    116.702 121.730355    12.0600     0.7530     0.0426     0.2961 2.4806e+02     0.8990      3.622      5.253    27.1554 0.0000e+00
      3.698      0.019     8.1444    102.509    116.727 121.753861    12.1500     0.7721     0.0426     0.2961 2.3917e+02     0.8839      3.626      5.259    27.1531 0.0000e+00
      3.702      0.020     8.1434    102.552    116.753 121.778964    12.1500     0.7645     0.0426     0.2961 2.3648e+02     0.8688      3.631      5.265    27.1509 0.0000e+00
      3.706      0.021     8.1431    102.625    116.772 121.796357    12.1500     0.7721     0.0426     0.2961 2.4469e+02     0.9292      3.635      5.272    27.1490 0.0000e+00
      3.712      0.024     8.1429    102.715    116.785 121.806675    12.1500     0.7340     0.0426     0.2961 2.3958e+02     0.9443      3.640      5.279    27.1477 0.0000e+00
      3.718      0.027     8.1441    102.804    116.795 121.812669    12.1500     0.7645     0.0426     0.2961 2.3886e+02     0.9443      3.646      5.288    27.1468 0.0000e+00
      3.725      0.032     8.1476    102.884    116.807 121.819940    12.0600     0.7569     0.0852     0.1692 2.3592e+02     1.0047      3.653      5.298    27.1459 0.0000e+00
      3.733      0.038     8.1536    102.951    116.815 121.820424    12.0600     0.7569     0.0852     0.1692 2.3561e+02     0.8839      3.661      5.309    27.1447 0.0000e+00
      3.743      0.045     8.1610    102.994    116.806 121.800245    12.0600     0.7378     0.0852     0.1692 2.3772e+02     0.9443      3.670      5.323    27.1432 0.0000e+00
      3.755      0.052     8.1684    102.998    116.792 121.772026    12.0600     0.7797     0.0852     0.1692 2.3772e+02     0.9745      3.682      5.340    27.1415 0.0000e+00
      3.769      0.060     8.1750    102.960    116.783 121.750248    12.1500     0.7111     0.0426     0.2115 2.4162e+02     0.8537      3.696      5.360    27.1393 0.0000e+00
      3.786      0.067     8.1808    102.894    116.790 121.745104    12.1500     0.6996     0.0426     0.2115 2.2994e+02     0.8839      3.713      5.385    27.1360 0.0000e+00
      3.805      0.072     8.1849    102.817    116.813 121.759223    12.1500     0.6996     0.0426     0.2115 2.2781e+02     0.9443      3.732      5.412    27.1314 0.0000e+00
