Data/DataNotYetUploadedToEDI/Raw_CTD/RawDownloads/081519_fcr50_0600.cnv
* Sea-Bird SBE19plus  Data File:
* FileName = C:\DATA\081519_fcr50b_0002.hex
* Software version 2.8.0.119 SB_Terminal.dll
* Temperature SN = 7809
* Conductivity SN = 7809
* System UpLoad Time = Aug 15 2019 15:09:39
* <ApplicationData>
* <Seaterm232>
# nquan = 16
# nvalues = 1495                        
# units = specified
# name 0 = depFM: Depth [fresh water, m]
# name 1 = dz/dtM: Descent Rate [m/s]
# name 2 = sbeox0Mg/L: Oxygen, SBE 43 [mg/l]
# name 3 = sbeox0PS: Oxygen, SBE 43 [% saturation]
# name 4 = specc: Specific Conductance [uS/cm]
# name 5 = c0uS/cm: Conductivity [uS/cm]
# name 6 = flECO-AFL: Fluorescence, WET Labs ECO-AFL/FL [mg/m^3]
# name 7 = ph: pH
# name 8 = orp: Oxidation Reduction Potential [mV]
# name 9 = par/sat/log: PAR/Logarithmic, Satlantic
# name 10 = turbWETntu0: Turbidity, WET Labs ECO [NTU]
# name 11 = prdM: Pressure, Strain Gauge [db]
# name 12 = prdE: Pressure, Strain Gauge [psi]
# name 13 = tv290C: Temperature [ITS-90, deg C]
# name 14 = density00: Density [density, kg/m^3]
# name 15 = flag:  0.000e+00
# span 0 =     -0.612,      9.546       
# span 1 =     -0.063,      0.246       
# span 2 =     0.0727,    10.3774       
# span 3 =      0.702,    127.073       
# span 4 =      0.776,     67.550       
# span 5 =   0.694848,  51.781175       
# span 6 =    -0.1391,     8.2037       
# span 7 =      6.722,      9.375       
# span 8 =   183.7005,   320.3135       
# span 9 = 1.2358e-01, 7.5442e-01       
# span 10 =    -0.5543,    17.0493      
# span 11 =     -0.601,      9.362      
# span 12 =     -0.871,     13.578      
# span 13 =    11.8042,    26.7999      
# span 14 =   996.5894,   999.5849      
# span 15 = 0.0000e+00, 0.0000e+00      
# interval = seconds: 0.25
# start_time = Aug 15 2019 06:08:08 [Instrument's time stamp, header]
# bad_flag = -9.990e-29
*END*
[from data line 1447]
      9.287      0.044     2.4138     22.301     48.692  35.844493     0.8442      6.760   264.2626 1.2367e-01    15.5770      9.107     13.208    11.8067   999.5839 0.0000e+00
      9.300      0.049     2.4112     22.277     48.692  35.844483     0.8469      6.760   264.2197 1.2372e-01    15.5521      9.121     13.228    11.8055   999.5841 0.0000e+00
      9.312      0.054     2.4109     22.274     48.692  35.844369     0.8370      6.760   264.1536 1.2376e-01    15.5438      9.132     13.246    11.8050   999.5843 0.0000e+00
      9.325      0.060     2.4114     22.279     48.690  35.843121     0.8378      6.760   263.9797 1.2378e-01    15.5424      9.143     13.261    11.8045   999.5844 0.0000e+00
      9.340      0.065     2.4099     22.266     48.671  35.829387     0.8474      6.760   263.6664 1.2372e-01    15.5673      9.158     13.282    11.8044   999.5844 0.0000e+00
      9.358      0.069     2.4078     22.246     48.638  35.805257     0.8486      6.760   263.4628 1.2364e-01    15.6150      9.176     13.310    11.8044   999.5845 0.0000e+00
      9.379      0.070     2.4080     22.248     48.638  35.805257     0.8445      6.759   263.4973 1.2368e-01    15.5958      9.198     13.340    11.8042   999.5847 0.0000e+00
      9.400      0.069     2.4087     22.255     48.670  35.829387     0.8414      6.758   263.7392 1.2376e-01    15.5317      9.219     13.371    11.8042   999.5848 0.0000e+00
      9.420      0.066     2.4081     22.249     48.688  35.843122     0.8450      6.759   263.8052 1.2376e-01    15.5600      9.239     13.400    11.8046   999.5848 0.0000e+00
      9.435      0.060     2.4070     22.239     48.689  35.844380     0.8450      6.759   263.5222 1.2367e-01    15.6109      9.254     13.422    11.8046   999.5848 0.0000e+00
      9.448      0.053     2.4047     22.218     48.689  35.844598     0.8417      6.758   263.3292 1.2362e-01    15.6219      9.266     13.439    11.8047   999.5849 0.0000e+00
      9.460      0.046     2.4045     22.216     48.689  35.845753     0.8485      6.756   263.2780 1.2360e-01    15.7265      9.277     13.455    11.8052   999.5849 0.0000e+00
      9.471      0.041     2.4065     22.236     48.704  35.858354     0.8489      6.754   263.2470 1.2362e-01    15.9247      9.288     13.473    11.8058   999.5849 0.0000e+00
      9.481      0.037     2.4071     22.243     48.718  35.870008     0.8456      6.754   263.2995 1.2370e-01    16.0525      9.298     13.486    11.8065   999.5849 0.0000e+00
      9.489      0.032     2.4075     22.247     48.702  35.859717     0.8609      6.753   263.3105 1.2375e-01    16.0912      9.306     13.497    11.8071   999.5849 0.0000e+00
      9.497      0.027     2.4097     22.269     48.701  35.860872     0.8957      6.751   263.2074 1.2379e-01    16.1312      9.314     13.510    11.8079   999.5848 0.0000e+00
      9.505      0.021     2.4124     22.295     48.730  35.883971     0.9364      6.750   263.1711 1.2383e-01    16.2089      9.322     13.521    11.8089   999.5847 0.0000e+00
      9.510      0.016     2.4148     22.319     48.726  35.885125     0.9630      6.749   263.2158 1.2378e-01    16.2766      9.327     13.529    11.8111   999.5845 0.0000e+00
      9.513      0.012     2.4172     22.344     48.703  35.874824     0.9745      6.747   263.2316 1.2370e-01    16.2943      9.329     13.531    11.8131   999.5843 0.0000e+00
      9.514      0.009     2.4188     22.362     48.713  35.886373     0.9722      6.745   263.2765 1.2367e-01    16.2591      9.330     13.531    11.8145   999.5841 0.0000e+00
      9.515      0.008     2.4216     22.387     48.729  35.897828     0.9348      6.744   263.3282 1.2366e-01    16.1122      9.331     13.533    11.8166   999.5839 0.0000e+00
      9.516      0.008     2.4232     22.400     48.719  35.886385     0.8776      6.742   263.3402 1.2366e-01    15.8954      9.332     13.534    11.8196   999.5835 0.0000e+00
      9.518      0.009     2.4211     22.378     48.709  35.874959     0.8444      6.741   263.3362 1.2364e-01    15.8003      9.334     13.536    11.8273   999.5827 0.0000e+00
      9.521      0.010     2.4189     22.356     48.728  35.886605     0.8372      6.740   263.2790 1.2364e-01    15.8148      9.337     13.542    11.8346   999.5820 0.0000e+00
      9.524      0.011     2.4167     22.336     48.747  35.900246     0.8420      6.739   263.2508 1.2368e-01    15.7098      9.340     13.546    11.8327   999.5822 0.0000e+00
      9.527      0.011     2.4125     22.297     48.764  35.912950     0.8510      6.739   263.5122 1.2371e-01    15.4811      9.343     13.551    11.8266   999.5829 0.0000e+00
      9.530      0.011     2.4085     22.262     48.763  35.913264     0.8497      6.738   263.8581 1.2374e-01    15.3446      9.347     13.555    11.8222   999.5833 0.0000e+00
      9.533      0.010     2.4075     22.252     48.750  35.904041     0.8440      6.736   263.9052 1.2379e-01    15.3367      9.349     13.559    11.8197   999.5836 0.0000e+00
      9.535      0.009     2.4078     22.255     48.782  35.928382     0.8870      6.734   263.9096 1.2376e-01    15.4186      9.351     13.562    11.8197   999.5837 0.0000e+00
      9.538      0.008     2.4078     22.255     48.815  35.953674     0.9698      6.733   263.9972 1.2373e-01    15.5483      9.354     13.567    11.8206   999.5836 0.0000e+00
      9.540      0.006     2.4078     22.256     48.815  35.955963     1.0128      6.733   264.0177 1.2378e-01    15.5941      9.356     13.570    11.8214   999.5835 0.0000e+00
      9.541      0.005     2.4085     22.264     48.812  35.956056     1.0163      6.732   264.1578 1.2379e-01    15.5794      9.357     13.571    11.8219   999.5834 0.0000e+00
      9.542      0.004     2.4083     22.265     48.805  35.954806     1.0042      6.731   264.4004 1.2371e-01    15.5991      9.357     13.571    11.8218   999.5835 0.0000e+00
      9.543      0.003     2.4077     22.261     48.780  35.940855     0.9783      6.729   264.5422 1.2360e-01    15.6360      9.358     13.573    11.8228   999.5834 0.0000e+00
      9.543      0.002     2.4072     22.258     48.740  35.914322     0.9647      6.729   264.5815 1.2365e-01    15.6320      9.359     13.574    11.8261   999.5830 0.0000e+00
      9.544      0.002     2.4055     22.242     48.704  35.887884     0.9612      6.728   264.5311 1.2377e-01    15.5843      9.360     13.575    11.8285   999.5827 0.0000e+00
      9.544      0.002     2.4041     22.228     48.689  35.875085     0.9272      6.727   264.6223 1.2375e-01    15.4850      9.360     13.576    11.8309   999.5824 0.0000e+00
      9.544      0.001     2.4045     22.232     48.704  35.886519     0.8736      6.726   264.9102 1.2368e-01    15.3810      9.360     13.575    11.8372   999.5817 0.0000e+00
      9.545      0.001     2.4060     22.247     48.719  35.899193     0.8504      6.726   265.0860 1.2368e-01    15.3755      9.360     13.576    11.8407   999.5814 0.0000e+00
      9.545      0.001     2.4071     22.260     48.716  35.901375     0.8465      6.725   265.1127 1.2366e-01    15.3858      9.361     13.576    11.8401   999.5814 0.0000e+00
      9.545      0.001     2.4072     22.263     48.724  35.912915     0.8435      6.724   265.0613 1.2368e-01    15.3753      9.361     13.576    11.8385   999.5816 0.0000e+00
      9.546      0.001     2.4080     22.272     48.719  35.911780     0.8495      6.723   265.0671 1.2373e-01    15.3788      9.361     13.577    11.8376   999.5817 0.0000e+00
      9.546      0.001     2.4098     22.289     48.688  35.887660     0.8582      6.722   265.0963 1.2373e-01    15.3308      9.362     13.578    11.8391   999.5815 0.0000e+00
      9.546      0.001     2.4108     22.298     48.673  35.875166     0.8618      6.722   265.0703 1.2370e-01    15.2862      9.361     13.577    11.8446   999.5809 0.0000e+00
      9.546 -9.990e-29 -9.990e-29 -9.990e-29 -9.990e-29 -9.990e-29 -9.990e-29 -9.990e-29 -9.990e-29 1.2364e-01 -9.990e-29      9.362     13.578    11.8518   999.5801 0.0000e+00
      9.546 -9.990e-29 -9.990e-29 -9.990e-29 -9.990e-29 -9.990e-29 -9.990e-29 -9.990e-29 -9.990e-29 1.2358e-01 -9.990e-29      9.361     13.577    11.8553   999.5797 0.0000e+00
      9.546 -9.990e-29 -9.990e-29 -9.990e-29 -9.990e-29 -9.990e-29 -9.990e-29 -9.990e-29 -9.990e-29 1.2360e-01 -9.990e-29      9.362     13.578    11.8520   999.5800 0.0000e+00
      9.546 -9.990e-29 -9.990e-29 -9.990e-29 -9.990e-29 -9.990e-29 -9.990e-29 -9.990e-29 -9.990e-29 1.2364e-01 -9.990e-29      9.362     13.578    11.8482   999.5805 0.0000e+00
