Data/DataNotYetUploadedToEDI/Raw_CTD/RawDownloads/081519_fcr50_0600.cnv
* Sea-Bird SBE19plus  Data File:
* FileName = C:\DATA\081519_fcr50b_0002.hex
* Software version 2.8.0.119 SB_Terminal.dll
* Temperature SN = 7809
* Conductivity SN = 7809
* System UpLoad Time = Aug 15 2019 15:09:39
* <ApplicationData>
* <Seaterm232>
# nquan = 16
# nvalues = 1495                        
# units = specified
# name 0 = depFM: Depth [fresh water, m]
# name 1 = dz/dtM: Descent Rate [m/s]
# name 2 = sbeox0Mg/L: Oxygen, SBE 43 [mg/l]
# name 3 = sbeox0PS: Oxygen, SBE 43 [% saturation]
# name 4 = specc: Specific Conductance [uS/cm]
# name 5 = c0uS/cm: Conductivity [uS/cm]
# name 6 = flECO-AFL: Fluorescence, WET Labs ECO-AFL/FL [mg/m^3]
# name 7 = ph: pH
# name 8 = orp: Oxidation Reduction Potential [mV]
# name 9 = par/sat/log: PAR/Logarithmic, Satlantic
# name 10 = turbWETntu0: Turbidity, WET Labs ECO [NTU]
# name 11 = prdM: Pressure, Strain Gauge [db]
# name 12 = prdE: Pressure, Strain Gauge [psi]
# name 13 = tv290C: Temperature [ITS-90, deg C]
# name 14 = density00: Density [density, kg/m^3]
# name 15 = flag:  0.000e+00
# span 0 =     -0.612,      9.546       
# span 1 =     -0.063,      0.246       
# span 2 =     0.0727,    10.3774       
# span 3 =      0.702,    127.073       
# span 4 =      0.776,     67.550       
# span 5 =   0.694848,  51.781175       
# span 6 =    -0.1391,     8.2037       
# span 7 =      6.722,      9.375       
# span 8 =   183.7005,   320.3135       
# span 9 = 1.2358e-01, 7.5442e-01       
# span 10 =    -0.5543,    17.0493      
# span 11 =     -0.601,      9.362      
# span 12 =     -0.871,     13.578      
# span 13 =    11.8042,    26.7999      
# span 14 =   996.5894,   999.5849      
# span 15 = 0.0000e+00, 0.0000e+00      
# interval = seconds: 0.25
# start_time = Aug 15 2019 06:08:08 [Instrument's time stamp, header]
# bad_flag = -9.990e-29
*END*
[from data line 1266]
      7.194      0.027     2.4123     22.296     48.616  35.806484     0.7909      6.886   244.1151 1.2367e-01    15.5616      7.055     10.232    11.8195   999.5728 0.0000e+00
      7.204      0.029     2.4121     22.296     48.662  35.843099     0.7879      6.885   244.1236 1.2375e-01    15.5917      7.064     10.246    11.8197   999.5728 0.0000e+00
      7.213      0.030     2.4124     22.300     48.690  35.867116     0.7823      6.884   244.2510 1.2375e-01    15.5722      7.074     10.260    11.8205   999.5728 0.0000e+00
      7.219      0.030     2.4144     22.320     48.654  35.842985     0.8358      6.883   244.4503 1.2372e-01    15.4887      7.080     10.269    11.8216   999.5726 0.0000e+00
      7.224      0.029     2.4179     22.353     48.602  35.805226     0.9234      6.883   244.5553 1.2371e-01    15.3364      7.084     10.275    11.8226   999.5726 0.0000e+00
      7.231      0.029     2.4211     22.381     48.586  35.791408     0.9663      6.883   244.5736 1.2368e-01    15.2709      7.090     10.283    11.8250   999.5724 0.0000e+00
      7.239      0.033     2.4237     22.404     48.605  35.802853     0.9721      6.882   244.6713 1.2365e-01    15.3200      7.099     10.296    11.8291   999.5719 0.0000e+00
      7.248      0.042     2.4264     22.428     48.627  35.816664     0.9673      6.881   244.8758 1.2365e-01    15.3728      7.109     10.310    11.8323   999.5716 0.0000e+00
      7.255      0.055     2.4285     22.447     48.651  35.831447     0.9169      6.880   244.9819 1.2366e-01    15.4170      7.114     10.317    11.8328   999.5715 0.0000e+00
      7.265      0.066     2.4305     22.463     48.686  35.854641     0.8309      6.880   245.0073 1.2373e-01    15.4940      7.120     10.327    11.8306   999.5718 0.0000e+00
      7.284      0.076     2.4302     22.460     48.671  35.843215     0.7860      6.880   245.1832 1.2377e-01    15.5831      7.139     10.355    11.8283   999.5722 0.0000e+00
      7.314      0.081     2.4282     22.441     48.640  35.820240     0.7817      6.879   245.3877 1.2372e-01    15.6105      7.172     10.402    11.8251   999.5727 0.0000e+00
      7.344      0.082     2.4270     22.431     48.654  35.830732     0.8485      6.879   245.5010 1.2367e-01    15.5299      7.204     10.450    11.8215   999.5733 0.0000e+00
      7.367      0.079     2.4265     22.426     48.670  35.843132     0.9956      6.879   245.6069 1.2367e-01    15.4272      7.227     10.483    11.8196   999.5736 0.0000e+00
      7.382      0.074     2.4263     22.425     48.670  35.843217     1.0859      6.879   245.7221 1.2374e-01    15.4182      7.240     10.500    11.8184   999.5738 0.0000e+00
      7.393      0.067     2.4248     22.410     48.655  35.831772     1.0906      6.879   245.8617 1.2373e-01    15.4534      7.249     10.514    11.8183   999.5738 0.0000e+00
      7.408      0.061     2.4224     22.387     48.654  35.831696     1.0357      6.878   246.0893 1.2364e-01    15.4599      7.263     10.534    11.8187   999.5739 0.0000e+00
      7.427      0.058     2.4210     22.376     48.666  35.842292     0.9423      6.876   246.3233 1.2363e-01    15.4962      7.284     10.564    11.8197   999.5739 0.0000e+00
      7.445      0.057     2.4199     22.368     48.649  35.832945     0.8968      6.875   246.4538 1.2369e-01    15.5653      7.303     10.593    11.8202   999.5739 0.0000e+00
      7.459      0.056     2.4198     22.368     48.664  35.845628     0.9024      6.875   246.6351 1.2375e-01    15.6066      7.316     10.611    11.8185   999.5741 0.0000e+00
      7.469      0.052     2.4204     22.374     48.694  35.868708     0.8804      6.874   246.8810 1.2378e-01    15.5701      7.325     10.624    11.8188   999.5741 0.0000e+00
      7.481      0.047     2.4207     22.375     48.681  35.858106     0.8124      6.872   247.0176 1.2369e-01    15.4508      7.336     10.639    11.8224   999.5737 0.0000e+00
      7.496      0.042     2.4209     22.375     48.666  35.844372     0.7659      6.871   247.1679 1.2363e-01    15.3448      7.351     10.661    11.8252   999.5735 0.0000e+00
      7.508      0.041     2.4204     22.370     48.648  35.829606     0.7687      6.871   247.4083 1.2366e-01    15.3033      7.365     10.682    11.8274   999.5734 0.0000e+00
      7.516      0.044     2.4196     22.363     48.618  35.806508     0.7851      6.871   247.5152 1.2367e-01    15.3095      7.371     10.692    11.8288   999.5733 0.0000e+00
      7.520      0.050     2.4199     22.365     48.636  35.818984     0.7915      6.870   247.6001 1.2372e-01    15.3214      7.373     10.693    11.8262   999.5736 0.0000e+00
      7.529      0.056     2.4205     22.370     48.684  35.853509     0.7848      6.869   247.9182 1.2377e-01    15.3163      7.380     10.702    11.8237   999.5739 0.0000e+00
      7.547      0.061     2.4200     22.366     48.672  35.843104     0.7737      6.868   248.1780 1.2375e-01    15.3136      7.399     10.732    11.8218   999.5743 0.0000e+00
      7.571      0.065     2.4192     22.358     48.642  35.820127     0.7870      6.867   248.1599 1.2373e-01    15.3220      7.426     10.771    11.8205   999.5744 0.0000e+00
      7.594      0.067     2.4189     22.355     48.656  35.829587     0.8245      6.867   248.1298 1.2374e-01    15.3515      7.449     10.804    11.8211   999.5744 0.0000e+00
      7.610      0.065     2.4180     22.346     48.659  35.830534     0.8452      6.866   248.2437 1.2379e-01    15.3755      7.463     10.825    11.8194   999.5747 0.0000e+00
      7.622      0.058     2.4167     22.333     48.662  35.831574     0.8470      6.865   248.5041 1.2383e-01    15.3504      7.473     10.840    11.8179   999.5749 0.0000e+00
      7.636      0.050     2.4157     22.323     48.678  35.842159     0.8456      6.864   248.8693 1.2377e-01    15.3100      7.487     10.859    11.8177   999.5750 0.0000e+00
      7.650      0.045     2.4147     22.313     48.664  35.831573     0.8459      6.864   249.2182 1.2371e-01    15.3787      7.504     10.883    11.8170   999.5752 0.0000e+00
      7.661      0.042     2.4138     22.305     48.662  35.830524     0.8505      6.864   249.4534 1.2373e-01    15.5252      7.515     10.899    11.8154   999.5754 0.0000e+00
      7.668      0.042     2.4146     22.312     48.662  35.829473     0.8496      6.863   249.5624 1.2374e-01    15.5741      7.519     10.906    11.8138   999.5756 0.0000e+00
      7.676      0.042     2.4155     22.320     48.648  35.818868     0.8349      6.862   249.5892 1.2374e-01    15.5441      7.525     10.914    11.8128   999.5758 0.0000e+00
      7.686      0.042     2.4157     22.321     48.663  35.829246     0.7948      6.860   249.6053 1.2373e-01    15.4899      7.537     10.930    11.8124   999.5759 0.0000e+00
      7.699      0.042     2.4172     22.335     48.662  35.828006     0.7458      6.859   249.7572 1.2373e-01    15.4106      7.551     10.952    11.8127   999.5759 0.0000e+00
      7.712      0.042     2.4198     22.360     48.629  35.803877     0.7269      6.858   250.0491 1.2374e-01    15.3721      7.564     10.971    11.8120   999.5760 0.0000e+00
      7.724      0.040     2.4224     22.385     48.611  35.791391     0.7228      6.857   250.3814 1.2377e-01    15.3511      7.575     10.987    11.8108   999.5762 0.0000e+00
      7.735      0.036     2.4242     22.402     48.626  35.803990     0.7224      6.857   250.5907 1.2380e-01    15.4197      7.586     11.003    11.8102   999.5763 0.0000e+00
      7.743      0.035     2.4248     22.407     48.659  35.829265     0.7311      6.856   250.5152 1.2379e-01    15.6122      7.593     11.015    11.8098   999.5764 0.0000e+00
      7.748      0.040     2.4244     22.403     48.678  35.843093     0.7324      6.855   250.4148 1.2372e-01    15.6792      7.599     11.021    11.8103   999.5764 0.0000e+00
      7.753      0.048     2.4230     22.390     48.680  35.844247     0.7293      6.855   250.4956 1.2365e-01    15.6068      7.602     11.025    11.8116   999.5762 0.0000e+00
      7.762      0.056     2.4225     22.385     48.679  35.843217     0.7366      6.855   250.6318 1.2367e-01    15.5560      7.607     11.034    11.8126   999.5762 0.0000e+00
      7.781      0.061     2.4226     22.386     48.662  35.830627     0.7602      6.854   250.9433 1.2372e-01    15.5574      7.628     11.062    11.8132   999.5762 0.0000e+00
      7.808      0.065     2.4214     22.375     48.646  35.818973     0.7813      6.852   251.4220 1.2369e-01    15.5903      7.659     11.109    11.8135   999.5763 0.0000e+00
      7.831      0.067     2.4200     22.362     48.660  35.829256     0.7829      6.852   251.3440 1.2368e-01    15.6257      7.684     11.145    11.8131   999.5765 0.0000e+00
      7.844      0.065     2.4196     22.359     48.659  35.828007     0.7711      6.851   250.7740 1.2368e-01    15.6249      7.693     11.159    11.8128   999.5766 0.0000e+00
      7.854      0.058     2.4196     22.359     48.627  35.803877     0.7433      6.850   250.6397 1.2363e-01    15.5815      7.700     11.168    11.8130   999.5766 0.0000e+00
      7.868      0.051     2.4191     22.354     48.610  35.791382     0.7151      6.849   251.0103 1.2364e-01    15.5592      7.715     11.190    11.8129   999.5766 0.0000e+00
      7.884      0.046     2.4198     22.360     48.628  35.803876     0.7157      6.849   251.4691 1.2374e-01    15.5521      7.733     11.216    11.8128   999.5767 0.0000e+00
      7.896      0.043     2.4218     22.379     48.661  35.827997     0.7327      6.848   251.3687 1.2378e-01    15.5286      7.746     11.233    11.8127   999.5768 0.0000e+00
      7.904      0.039     2.4216     22.377     48.662  35.829141     0.7487      6.846   250.8300 1.2375e-01    15.4716      7.752     11.243    11.8122   999.5769 0.0000e+00
      7.912      0.034     2.4206     22.367     48.646  35.817705     0.7707      6.845   250.7201 1.2373e-01    15.3868      7.759     11.254    11.8118   999.5770 0.0000e+00
      7.922      0.029     2.4215     22.375     48.645  35.816666     0.7901      6.845   251.1577 1.2371e-01    15.3553      7.769     11.269    11.8113   999.5771 0.0000e+00
      7.929      0.027     2.4227     22.386     48.646  35.816581     0.7917      6.844   251.7330 1.2375e-01    15.3860      7.778     11.282    11.8114   999.5771 0.0000e+00
      7.933      0.030     2.4234     22.393     48.646  35.816676     0.7826      6.843   251.9119 1.2376e-01    15.3976      7.780     11.285    11.8113   999.5771 0.0000e+00
      7.937      0.036     2.4251     22.409     48.648  35.817819     0.7750      6.842   251.6855 1.2371e-01    15.3972      7.782     11.287    11.8111   999.5771 0.0000e+00
      7.945      0.042     2.4251     22.409     48.664  35.830400     0.7775      6.842   251.4051 1.2368e-01    15.4133      7.789     11.297    11.8112   999.5772 0.0000e+00
      7.957      0.049     2.4232     22.391     48.678  35.841846     0.7874      6.842   251.2748 1.2370e-01    15.3966      7.801     11.315    11.8108   999.5773 0.0000e+00
      7.974      0.054     2.4233     22.393     48.660  35.829265     0.7898      6.842   251.4005 1.2373e-01    15.3591      7.819     11.341    11.8106   999.5774 0.0000e+00
      7.993      0.059     2.4238     22.398     48.626  35.805231     0.7810      6.842   251.6345 1.2372e-01    15.3535      7.839     11.368    11.8110   999.5774 0.0000e+00
      8.010      0.061     2.4230     22.390     48.626  35.805136     0.7767      6.841   251.8672 1.2374e-01    15.3605      7.857     11.395    11.8116   999.5775 0.0000e+00
      8.023      0.061     2.4231     22.390     48.659  35.828122     0.7809      6.840   252.0632 1.2374e-01    15.3462      7.869     11.413    11.8125   999.5774 0.0000e+00
      8.036      0.059     2.4241     22.399     48.662  35.829257     0.7974      6.840   252.0250 1.2369e-01    15.3440      7.879     11.428    11.8139   999.5773 0.0000e+00
      8.052      0.056     2.4241     22.399     48.648  35.818860     0.8286      6.839   251.9218 1.2371e-01    15.3673      7.894     11.450    11.8143   999.5773 0.0000e+00
      8.069      0.054     2.4253     22.410     48.663  35.829359     0.8454      6.837   252.0198 1.2373e-01    15.3652      7.913     11.478    11.8137   999.5775 0.0000e+00
      8.083      0.052     2.4272     22.428     48.662  35.829256     0.8447      6.836   252.1778 1.2372e-01    15.3511      7.928     11.499    11.8130   999.5777 0.0000e+00
      8.094      0.049     2.4266     22.423     48.646  35.817612     0.8552      6.835   252.5422 1.2371e-01    15.3608      7.938     11.513    11.8118   999.5778 0.0000e+00
      8.105      0.044     2.4246     22.404     48.643  35.815523     0.8853      6.834   252.9831 1.2368e-01    15.3847      7.947     11.526    11.8105   999.5780 0.0000e+00
      8.117      0.040     2.4222     22.382     48.628  35.803992     0.9144      6.833   253.0347 1.2363e-01    15.4094      7.959     11.544    11.8108   999.5780 0.0000e+00
      8.128      0.038     2.4182     22.346     48.630  35.805137     0.9204      6.833   252.9947 1.2362e-01    15.3976      7.973     11.563    11.8116   999.5780 0.0000e+00
      8.136      0.039     2.4141     22.308     48.662  35.829361     0.9064      6.832   253.0149 1.2360e-01    15.3740      7.980     11.574    11.8118   999.5780 0.0000e+00
      8.141      0.040     2.4118     22.287     48.681  35.843001     0.8836      6.831   252.9354 1.2362e-01    15.4517      7.983     11.578    11.8117   999.5781 0.0000e+00
      8.149      0.042     2.4118     22.287     48.681  35.843106     0.8611      6.831   253.3229 1.2373e-01    15.5830      7.990     11.588    11.8111   999.5781 0.0000e+00
      8.162      0.047     2.4126     22.293     48.664  35.830629     0.8517      6.831   254.1729 1.2379e-01    15.6176      8.004     11.609    11.8112   999.5782 0.0000e+00
      8.177      0.054     2.4122     22.290     48.649  35.819090     0.8564      6.830   254.6088 1.2376e-01    15.5760      8.020     11.632    11.8119   999.5782 0.0000e+00
      8.191      0.062     2.4116     22.284     48.665  35.830527     0.8577      6.830   254.4634 1.2368e-01    15.5709      8.033     11.652    11.8118   999.5783 0.0000e+00
      8.205      0.067     2.4119     22.286     48.681  35.841972     0.8499      6.830   254.1354 1.2365e-01    15.6210      8.043     11.667    11.8113   999.5784 0.0000e+00
      8.224      0.066     2.4134     22.300     48.665  35.830526     0.8486      6.829   254.0851 1.2370e-01    15.6254      8.061     11.692    11.8110   999.5785 0.0000e+00
      8.248      0.062     2.4139     22.305     48.649  35.819080     0.8503      6.827   254.6296 1.2372e-01    15.5906      8.090     11.733    11.8109   999.5786 0.0000e+00
      8.269      0.057     2.4128     22.295     48.664  35.830526     0.8443      6.826   255.3844 1.2365e-01    15.5940      8.113     11.767    11.8109   999.5788 0.0000e+00
      8.281      0.052     2.4121     22.289     48.679  35.841971     0.8368      6.826   255.7255 1.2360e-01    15.6012      8.122     11.781    11.8108   999.5788 0.0000e+00
      8.287      0.048     2.4137     22.304     48.663  35.830516     0.8375      6.824   255.6567 1.2363e-01    15.6119      8.125     11.785    11.8107   999.5788 0.0000e+00
      8.294      0.047     2.4162     22.327     48.647  35.818966     0.8540      6.823   255.4137 1.2365e-01    15.6247      8.132     11.794    11.8106   999.5789 0.0000e+00
      8.304      0.050     2.4175     22.339     48.661  35.829266     0.9057      6.824   255.5398 1.2368e-01    15.6582      8.142     11.809    11.8109   999.5789 0.0000e+00
      8.318      0.055     2.4185     22.349     48.661  35.828113     0.9765      6.824   256.1497 1.2374e-01    15.7542      8.155     11.829    11.8114   999.5789 0.0000e+00
