Data/DataNotYetUploadedToEDI/Raw_CTD/RawDownloads/081524_ccr88_S8188006.cnv
* Sea-Bird SBE19plus  Data File:
* FileName = C:\R\Reservoirs\Data\DataNotYetUploadedToEDI\Raw_CTD\RawDownloads\081424_ccr50_S8188_0006.hex
* Software version 2.8.0.119
* Temperature SN = 8188
* Conductivity SN = 8188
* System UpLoad Time = Aug 16 2024 10:38:08
* <ApplicationData>
* <Seaterm232>
# nquan = 16
# nvalues = 776                         
# units = specified
# name 0 = depFM: Depth [fresh water, m]
# name 1 = dz/dtM: Descent Rate [m/s]
# name 2 = sbeox0Mg/L: Oxygen, SBE 43 [mg/l]
# name 3 = sbeox0PS: Oxygen, SBE 43 [% saturation]
# name 4 = specc: Specific Conductance [uS/cm]
# name 5 = c0uS/cm: Conductivity [uS/cm]
# name 6 = wetCDOM: Fluorescence, WET Labs CDOM [mg/m^3]
# name 7 = flECO-AFL: Fluorescence, WET Labs ECO-AFL/FL [mg/m^3]
# name 8 = flECO-AFL1: Fluorescence, WET Labs ECO-AFL/FL, 2 [mg/m^3]
# name 9 = flECO-AFL2: Fluorescence, WET Labs ECO-AFL/FL, 3 [mg/m^3]
# name 10 = par/sat/log: PAR/Logarithmic, Satlantic
# name 11 = turbWETntu0: Turbidity, WET Labs ECO [NTU]
# name 12 = prdM: Pressure, Strain Gauge [db]
# name 13 = prdE: Pressure, Strain Gauge [psi]
# name 14 = tv290C: Temperature [ITS-90, deg C]
# name 15 = flag:  0.000e+00
# span 0 =     -0.429,      9.806       
# span 1 =     -0.345,      0.247       
# span 2 =     2.7464,     9.8342       
# span 3 =     26.589,    115.807       
# span 4 =   -640.174,    126.659       
# span 5 =-486.333545, 124.994895       
# span 6 =    -4.5000,    29.1600       
# span 7 =    -0.3952,   245.1415       
# span 8 =    -2.1300,     0.6390       
# span 9 =    -4.1031,     4.7376       
# span 10 = 9.0716e-01, 1.7746e+03      
# span 11 =    -0.9289,   971.1096      
# span 12 =     -0.420,      9.617      
# span 13 =     -0.610,     13.948      
# span 14 =    12.9743,    28.2550      
# span 15 = 0.0000e+00, 0.0000e+00      
# interval = seconds: 0.25
# start_time = Aug 15 2024 15:50:35 [Instrument's time stamp, header]
# bad_flag = -9.990e-29
*END*
[from data line 362]
      3.939      0.163     7.1666    107.561    116.908 121.839867    12.3300     0.6233     0.0852     0.1692 2.0726e+02     0.2343      3.863      5.602    27.1750 0.0000e+00
      3.981      0.161     7.5098    110.367    116.895 121.799853    12.1500     0.6424     0.0852     0.2115 2.0347e+02     0.1437      3.904      5.662    27.1519 0.0000e+00
      4.022      0.159     7.8869    111.943    116.865 121.743686    12.1500     0.6233     0.0852     0.2115 2.0149e+02     0.0983      3.944      5.720    27.1318 0.0000e+00
      4.061      0.155     8.2471    112.242    116.843 121.694398    12.1500     0.6577     0.0852     0.2115 1.9966e+02     0.2192      3.983      5.776    27.1156 0.0000e+00
      4.100      0.151     8.5528    111.453    116.834 121.658848    12.1500     0.7454     0.0852     0.2115 1.9724e+02     0.8386      4.021      5.832    27.1026 0.0000e+00
      4.139      0.146     8.7775    109.943    116.821 121.619553    12.1500     0.7492     0.0852     0.2115 1.9137e+02     0.8386      4.058      5.887    27.0913 0.0000e+00
      4.177      0.140     8.9043    108.108    116.795 121.570033    11.9700     0.7302     0.0426     0.1692 1.8758e+02     0.8990      4.096      5.941    27.0806 0.0000e+00
      4.213      0.133     8.9298    106.253    116.772 121.525088    11.9700     0.7416     0.0426     0.1692 1.8303e+02     0.8839      4.131      5.992    27.0696 0.0000e+00
      4.247      0.124     8.8687    104.596    116.761 121.496736    11.9700     0.7645     0.0426     0.1692 1.8252e+02     0.8386      4.164      6.040    27.0584 0.0000e+00
      4.277      0.116     8.7502    103.256    116.765 121.487420    11.9700     0.7492     0.0426     0.1692 1.7883e+02     0.9141      4.194      6.084    27.0475 0.0000e+00
      4.305      0.107     8.6056    102.232    116.780 121.492653    11.9700     0.7683     0.0426     0.1692 1.7887e+02     0.9443      4.222      6.123    27.0376 0.0000e+00
      4.330      0.101     8.4592    101.474    116.795 121.499828    11.9700     0.7416     0.0426     0.1692 1.7821e+02     0.8839      4.246      6.159    27.0289 0.0000e+00
      4.354      0.096     8.3285    100.956    116.796 121.492854    11.9700     0.7530     0.0426     0.1692 1.7659e+02     0.9594      4.269      6.192    27.0216 0.0000e+00
      4.376      0.094     8.2226    100.657    116.784 121.471871    11.9700     0.7683     0.0426     0.1692 1.7732e+02     0.8537      4.291      6.224    27.0158 0.0000e+00
      4.399      0.093     8.1417    100.522    116.785 121.463291    12.3300     0.7607     0.0426     0.2115 1.7510e+02     0.8990      4.314      6.257    27.0114 0.0000e+00
      4.423      0.094     8.0819    100.484    116.792 121.460823    12.3300     0.7607     0.0426     0.2115 1.7275e+02     0.8990      4.337      6.291    27.0077 0.0000e+00
      4.447      0.095     8.0412    100.487    116.778 121.433802    12.3300     0.6996     0.0426     0.2115 1.7100e+02     0.9443      4.361      6.326    27.0042 0.0000e+00
      4.472      0.097     8.0179    100.501    116.761 121.401029    12.3300     0.7187     0.0426     0.2115 1.6911e+02     0.8990      4.386      6.361    27.0006 0.0000e+00
      4.497      0.098     8.0077    100.512    116.755 121.373768    12.5100     0.6958     0.0426     0.2538 1.6758e+02     0.8839      4.410      6.397    26.9966 0.0000e+00
      4.522      0.099     8.0053    100.500    116.725 121.312742    12.5100     0.7111     0.0426     0.2538 1.6580e+02     0.8990      4.435      6.432    26.9922 0.0000e+00
      4.547      0.100     8.0063    100.438    116.663 121.205678    12.5100     0.7569     0.0426     0.2538 1.6505e+02     1.0954      4.460      6.468    26.9870 0.0000e+00
      4.573      0.102     8.0084    100.311    116.599 121.080035    12.5100     0.7721     0.0426     0.2538 1.6362e+02     1.1407      4.484      6.504    26.9804 0.0000e+00
      4.598      0.105     8.0106    100.107    116.534 120.936313    12.5100     0.7569     0.0426     0.2538 1.6312e+02     1.1407      4.509      6.540    26.9715 0.0000e+00
      4.624      0.109     8.0114     99.812    116.472 120.778191    12.6900     0.7530     0.0426     0.2961 1.6115e+02     1.1558      4.535      6.578    26.9587 0.0000e+00
      4.652      0.113     8.0091     99.403    116.431 120.631511    12.6900     0.8217     0.0426     0.2961 1.6066e+02     2.1226      4.562      6.617    26.9403 0.0000e+00
      4.682      0.117     8.0025     98.864    116.412 120.511160    12.6900     0.8141     0.0426     0.2961 1.5868e+02     2.1679      4.591      6.659    26.9150 0.0000e+00
      4.713      0.121     7.9910     98.196    116.414 120.425045    12.6900     0.8293     0.0426     0.2961 1.5420e+02     2.2132      4.622      6.704    26.8824 0.0000e+00
      4.746      0.123     7.9731     97.429    116.430 120.362201    12.6900     0.8446     0.0426     0.3807 1.5029e+02     2.1830      4.654      6.751    26.8422 0.0000e+00
      4.779      0.122     7.9468     96.614    116.457 120.313869    12.6900     0.8103     0.0426     0.3807 1.4812e+02     3.0139      4.686      6.797    26.7974 0.0000e+00
      4.811      0.120     7.9098     95.813    116.511 120.289162    12.6900     0.8293     0.0426     0.3807 1.4614e+02     3.0139      4.718      6.842    26.7543 0.0000e+00
      4.841      0.117     7.8617     95.099    116.581 120.271486    12.6900     0.8217     0.0426     0.3807 1.4446e+02     3.0139      4.748      6.886    26.7163 0.0000e+00
      4.871      0.113     7.8050     94.537    116.654 120.244121    13.3200     0.8141     0.0852     0.2538 1.4272e+02     2.9837      4.776      6.927    26.6825 0.0000e+00
      4.899      0.109     7.7443     94.156    116.754 120.229771    13.3200     0.9323     0.0852     0.2538 1.4124e+02     2.7269      4.804      6.967    26.6498 0.0000e+00
      4.926      0.106     7.6849     93.975    116.904 120.242609    13.3200     0.9438     0.0852     0.2538 1.3929e+02     2.8175      4.830      7.006    26.6151 0.0000e+00
      4.952      0.104     7.6330     94.007    117.115 120.276054    13.3200     0.9438     0.0852     0.2538 1.3835e+02     2.6815      4.856      7.043    26.5766 0.0000e+00
      4.977      0.104     7.5940     94.239    117.407 120.327017    13.3200     0.9705     0.0852     0.2538 1.3778e+02     2.7571      4.880      7.078    26.5329 0.0000e+00
      5.002      0.105     7.5704     94.635    117.751 120.371070    14.4900     1.3024     0.0852     0.3384 1.3745e+02     1.6241      4.905      7.114    26.4829 0.0000e+00
      5.028      0.107     7.5642     95.209    118.079 120.371933    14.4900     1.3253     0.0852     0.3384 1.3597e+02     1.5486      4.931      7.151    26.4229 0.0000e+00
      5.056      0.110     7.5776     96.039    118.373 120.337818    14.4900     1.3253     0.0852     0.3384 1.3161e+02     1.5939      4.958      7.191    26.3448 0.0000e+00
      5.085      0.112     7.6111     97.163    118.628 120.271615    14.4900     1.3062     0.0852     0.3384 1.2987e+02     1.6241      4.987      7.233    26.2394 0.0000e+00
      5.115      0.112     7.6616     98.519    118.802 120.135650    14.8500     1.7449     0.1278     0.2961 1.2697e+02     0.4156      5.017      7.276    26.1087 0.0000e+00
      5.145      0.111     7.7281    100.001    118.882 119.919656    14.8500     1.7296     0.1278     0.2961 1.2392e+02     0.4156      5.045      7.318    25.9672 0.0000e+00
      5.173      0.109     7.8158    101.495    118.901 119.658036    14.8500     1.7525     0.1278     0.2961 1.2194e+02     0.4005      5.073      7.358    25.8259 0.0000e+00
      5.200      0.107     7.9274    102.878    118.858 119.351024    14.8500     1.7601     0.1278     0.2961 1.2010e+02     0.4156      5.100      7.397    25.6884 0.0000e+00
      5.226      0.105     8.0575    104.016    118.717 118.958745    16.3800     1.6228     0.1278     0.4653 1.1922e+02     0.6422      5.125      7.434    25.5564 0.0000e+00
      5.252      0.104     8.1974    104.790    118.555 118.550597    16.3800     1.6228     0.1278     0.4653 1.1798e+02     0.5969      5.150      7.470    25.4308 0.0000e+00
      5.278      0.105     8.3378    105.125    118.504 118.259752    16.3800     1.6381     0.1278     0.4653 1.1693e+02     0.6875      5.175      7.506    25.3123 0.0000e+00
      5.304      0.106     8.4684    105.013    118.572 118.100648    16.3800     1.6190     0.1278     0.4653 1.1402e+02     0.8083      5.201      7.544    25.2010 0.0000e+00
      5.332      0.107     8.5784    104.480    118.680 117.994844    19.1700     1.5084     0.0852     0.3384 1.0977e+02     1.0954      5.228      7.583    25.0953 0.0000e+00
      5.360      0.108     8.6582    103.596    118.757 117.868116    19.1700     1.5084     0.0852     0.3384 1.0755e+02     1.2011      5.256      7.623    24.9920 0.0000e+00
      5.388      0.109     8.7017    102.523    118.784 117.700661    19.1700     1.4931     0.0852     0.3384 1.0556e+02     1.1709      5.284      7.663    24.8911 0.0000e+00
      5.415      0.109     8.7074    101.498    118.785 117.519819    19.1700     1.5084     0.0852     0.3384 1.0374e+02     1.1407      5.311      7.703    24.7955 0.0000e+00
      5.443      0.109     8.6773    100.746    118.763 117.327360    19.1700     1.5732     0.0852     0.3384 1.0116e+02     0.9292      5.338      7.742    24.7056 0.0000e+00
      5.471      0.109     8.6174    100.405    118.689 117.093955    21.9600     1.5580     0.0426     0.4230 9.9067e+01     0.9745      5.365      7.782    24.6198 0.0000e+00
      5.499      0.108     8.5409    100.517    118.578 116.831358    21.9600     1.5503     0.0426     0.4230 9.6141e+01     0.8083      5.393      7.822    24.5383 0.0000e+00
      5.527      0.108     8.4676    101.069    118.466 116.575537    21.9600     1.5694     0.0426     0.4230 9.4402e+01     0.9745      5.420      7.861    24.4615 0.0000e+00
      5.554      0.108     8.4163    102.000    118.375 116.340268    21.9600     1.5732     0.0426     0.4230 9.3341e+01     0.6271      5.447      7.900    24.3896 0.0000e+00
      5.581      0.108     8.3987    103.190    118.332 116.148804    22.3200     1.5580     0.0426     0.4230 9.2292e+01     0.6724      5.473      7.938    24.3218 0.0000e+00
      5.608      0.109     8.4184    104.482    118.335 115.996081    22.3200     1.5770     0.0426     0.4230 9.1513e+01     0.6724      5.499      7.976    24.2575 0.0000e+00
      5.636      0.110     8.4746    105.719    118.321 115.821367    22.3200     1.5885     0.0426     0.4230 9.0171e+01     0.7630      5.526      8.016    24.1958 0.0000e+00
      5.664      0.112     8.5626    106.768    118.253 115.584066    22.3200     4.3504     0.0426     0.4230 8.8175e+01     0.6271      5.554      8.056    24.1346 0.0000e+00
      5.693      0.113     8.6728    107.548    118.135 115.280887    22.7700     4.3427     0.0852     0.5922 8.6618e+01     0.6422      5.583      8.097    24.0715 0.0000e+00
      5.722      0.115     8.7922    108.009    117.985 114.922972    22.7700     4.3389     0.0852     0.5922 8.5925e+01     0.7630      5.611      8.139    24.0059 0.0000e+00
      5.751      0.117     8.9075    108.124    117.882 114.576853    22.7700     4.3504     0.0852     0.5922 8.4425e+01     0.6271      5.640      8.180    23.9378 0.0000e+00
      5.781      0.119     9.0080    107.903    117.908 114.318205    22.7700    24.6639     0.0852     0.5922 8.2970e+01     2.1981      5.670      8.223    23.8655 0.0000e+00
      5.812      0.121     9.0871    107.418    118.034 114.126039    22.7700    24.7021     0.0852     0.5922 8.2038e+01     2.1377      5.699      8.266    23.7861 0.0000e+00
      5.843      0.123     9.1413    106.793    118.206 113.963092    23.2200    24.6716     0.0426     0.4653 8.0188e+01     2.1377      5.730      8.310    23.6964 0.0000e+00
      5.874      0.125     9.1686    106.175    118.393 113.815890    23.2200    24.6639     0.0426     0.4653 7.8754e+01     2.2435      5.761      8.355    23.5926 0.0000e+00
      5.907      0.127     9.1703    105.668    118.545 113.635169    23.2200    26.3424     0.0426     0.4653 7.7045e+01     2.7722      5.793      8.401    23.4729 0.0000e+00
      5.940      0.129     9.1518    105.288    118.636 113.376724    23.2200    26.3081     0.0426     0.4653 7.5470e+01     2.7873      5.825      8.448    23.3401 0.0000e+00
      5.973      0.130     9.1224    105.004    118.703 113.049614    23.4900    26.2966     0.0426     0.5922 7.3640e+01     2.8326      5.858      8.496    23.2011 0.0000e+00
      6.007      0.131     9.0933    104.793    118.787 112.676579    23.4900    26.3501     0.0426     0.5922 7.2214e+01     2.7571      5.891      8.544    23.0626 0.0000e+00
      6.040      0.132     9.0736    104.608    118.891 112.258107    23.4900    11.3695     0.0426     0.5922 7.1170e+01     2.5607      5.924      8.591    22.9247 0.0000e+00
      6.073      0.132     9.0660    104.316    119.009 111.794561    23.4900    11.3390     0.0426     0.5922 6.9989e+01     2.5305      5.956      8.639    22.7792 0.0000e+00
      6.107      0.133     9.0700    103.715    119.124 111.282276    24.8400    11.3542     0.1278     3.3840 6.9158e+01     2.4398      5.989      8.686    22.6147 0.0000e+00
      6.141      0.134     9.0846    102.609    119.239 110.724583    24.8400    11.3504     0.1278     3.3840 6.7495e+01     2.6513      6.022      8.735    22.4244 0.0000e+00
      6.175      0.135     9.1058    100.871    119.394 110.148692    24.8400     7.3793     0.1278     3.3840 6.5987e+01     1.9111      6.056      8.784    22.2070 0.0000e+00
      6.210      0.137     9.1216     98.401    119.616 109.590944    24.8400     7.3716     0.1278     3.3840 6.5019e+01     1.8809      6.090      8.833    21.9658 0.0000e+00
      6.245      0.139     9.1130     95.072    119.877 109.048524    25.7400     7.3945     0.1278     4.7376 6.3898e+01     1.8960      6.125      8.883    21.7061 0.0000e+00
      6.281      0.140     9.0624     90.735    120.134 108.490713    25.7400     7.3793     0.1278     4.7376 6.1487e+01     1.7903      6.159      8.933    21.4278 0.0000e+00
      6.317      0.142     8.9583     85.319    120.418 107.942665    25.7400     6.9482     0.1278     4.7376 5.9039e+01     1.6845      6.195      8.984    21.1272 0.0000e+00
      6.353      0.143     8.7901     78.955    120.750 107.444123    25.7400     6.9444     0.1278     4.7376 5.5638e+01     1.5939      6.231      9.036    20.8091 0.0000e+00
      6.390      0.143     8.5433     71.991    121.077 106.972061    25.7400     6.9482     0.1278     4.7376 5.0774e+01     1.6543      6.267      9.089    20.4840 0.0000e+00
      6.427      0.144     8.2025     64.885    121.379 106.492527    26.1900     6.9291     0.1278     2.2842 4.7261e+01     1.6392      6.303      9.141    20.1548 0.0000e+00
      6.464      0.145     7.7598     58.119    121.718 106.031546    26.1900     4.7356     0.1278     2.2842 4.5162e+01     1.7449      6.339      9.193    19.8213 0.0000e+00
      6.500      0.146     7.2245     52.159    122.082 105.592099    26.1900     4.7356     0.1278     2.2842 4.4019e+01     1.6090      6.374      9.245    19.4923 0.0000e+00
      6.537      0.147     6.6260     47.391    122.394 105.124931    26.1900     4.7509     0.1278     2.2842 4.1619e+01     1.5183      6.410      9.297    19.1772 0.0000e+00
      6.574      0.149     6.0070     44.040    122.651 104.627373    26.6400     4.7585     0.1278     1.2690 3.8840e+01     1.6543      6.447      9.351    18.8695 0.0000e+00
      6.613      0.151     5.4139     42.134    122.880 104.128623    26.6400     3.7324     0.1278     1.2690 3.7229e+01     1.4730      6.485      9.406    18.5583 0.0000e+00
