Data/DataNotYetUploadedToEDI/Raw_CTD/RawDownloads/081519_fcr50_0900.cnv
* Sea-Bird SBE19plus  Data File:
* FileName = C:\DATA\081519_fcr50b_0003.hex
* Software version 2.8.0.119 SB_Terminal.dll
* Temperature SN = 7809
* Conductivity SN = 7809
* System UpLoad Time = Aug 15 2019 15:10:21
* <ApplicationData>
* <Seaterm232>
# nquan = 16
# nvalues = 1438                        
# units = specified
# name 0 = depFM: Depth [fresh water, m]
# name 1 = dz/dtM: Descent Rate [m/s]
# name 2 = sbeox0Mg/L: Oxygen, SBE 43 [mg/l]
# name 3 = sbeox0PS: Oxygen, SBE 43 [% saturation]
# name 4 = specc: Specific Conductance [uS/cm]
# name 5 = c0uS/cm: Conductivity [uS/cm]
# name 6 = flECO-AFL: Fluorescence, WET Labs ECO-AFL/FL [mg/m^3]
# name 7 = ph: pH
# name 8 = orp: Oxidation Reduction Potential [mV]
# name 9 = par/sat/log: PAR/Logarithmic, Satlantic
# name 10 = turbWETntu0: Turbidity, WET Labs ECO [NTU]
# name 11 = prdM: Pressure, Strain Gauge [db]
# name 12 = prdE: Pressure, Strain Gauge [psi]
# name 13 = tv290C: Temperature [ITS-90, deg C]
# name 14 = density00: Density [density, kg/m^3]
# name 15 = flag:  0.000e+00
# span 0 =     -0.600,      9.573       
# span 1 =     -0.023,      0.161       
# span 2 =     0.0815,    10.1504       
# span 3 =      0.766,    126.247       
# span 4 =      1.070,     67.700       
# span 5 =   1.036429,  52.041605       
# span 6 =    -1.1577,     8.0697       
# span 7 =      6.773,      9.398       
# span 8 =   173.7625,   489.0385       
# span 9 = 1.2356e-01, 9.7330e+02       
# span 10 =    -1.4608,    44.7925      
# span 11 =     -0.588,      9.389      
# span 12 =     -0.853,     13.618      
# span 13 =    11.8217,    26.5365      
# span 14 =   996.6602,   999.5834      
# span 15 = 0.0000e+00, 0.0000e+00      
# interval = seconds: 0.25
# start_time = Aug 15 2019 09:04:34 [Instrument's time stamp, header]
# bad_flag = -9.990e-29
*END*
[from data line 995]
      4.564      0.036     0.0854      0.801     50.306  37.755005     2.4666      7.146   212.7981 2.3055e+00     2.3714      4.475      6.490    12.6187   999.4684 0.0000e+00
      4.574      0.033     0.0891      0.836     49.805  37.360756     2.4670      7.147   212.7192 2.2877e+00     2.3374      4.487      6.508    12.5965   999.4709 0.0000e+00
      4.581      0.030     0.0943      0.885     49.406  37.041038     2.4969      7.148   212.7426 2.2948e+00     2.3617      4.493      6.518    12.5701   999.4739 0.0000e+00
      4.586      0.028     0.1045      0.980     49.215  36.872716     2.5503      7.150   212.3063 2.2878e+00     2.4690      4.496      6.521    12.5409   999.4775 0.0000e+00
      4.592      0.028     0.1250      1.171     49.140  36.785510     2.5749      7.151   211.4022 2.2525e+00     2.5523      4.502      6.530    12.5201   999.4798 0.0000e+00
      4.599      0.027     0.1571      1.470     49.137  36.748315     2.5775      7.152   210.7592 2.2144e+00     2.5824      4.510      6.542    12.5062   999.4813 0.0000e+00
      4.607      0.027     0.2006      1.876     49.165  36.740328     2.5213      7.153   210.5550 2.1960e+00     2.5711      4.518      6.552    12.4847   999.4838 0.0000e+00
      4.615      0.026     0.2576      2.408     49.203  36.752384     2.3988      7.153   210.4825 2.1873e+00     2.5462      4.525      6.564    12.4593   999.4868 0.0000e+00
      4.623      0.024     0.3308      3.093     49.231  36.767113     2.3274      7.153   210.0543 2.1752e+00     2.5441      4.534      6.577    12.4295   999.4904 0.0000e+00
      4.629      0.022     0.4174      3.903     49.194  36.727987     2.3257      7.154   209.3345 2.1554e+00     2.5453      4.541      6.586    12.3890   999.4953 0.0000e+00
      4.632      0.022     0.5092      4.758     49.049  36.596669     2.3260      7.156   208.9206 2.1316e+00     2.4960      4.543      6.589    12.3555   999.4993 0.0000e+00
      4.636      0.022     0.5989      5.592     48.893  36.448831     2.3048      7.157   208.9217 2.1101e+00     2.3737      4.546      6.593    12.3399   999.5012 0.0000e+00
      4.641      0.022     0.6840      6.382     48.871  36.400369     2.2774      7.158   209.0901 2.0825e+00     2.3119      4.551      6.600    12.3405   999.5012 0.0000e+00
      4.648      0.023     0.7650      7.133     48.983  36.454999     2.2727      7.159   209.1501 2.0515e+00     2.3380      4.557      6.610    12.3336   999.5021 0.0000e+00
      4.656      0.025     0.8463      7.888     49.124  36.538069     2.2994      7.161   209.2171 2.0250e+00     2.3945      4.566      6.623    12.3048   999.5055 0.0000e+00
      4.663      0.027     0.9348      8.710     49.198  36.579559     2.3307      7.163   209.4696 2.0053e+00     2.4710      4.574      6.634    12.2715   999.5092 0.0000e+00
      4.669      0.029     1.0306      9.600     49.206  36.575804     2.3395      7.166   209.6225 1.9921e+00     2.5098      4.579      6.642    12.2378   999.5132 0.0000e+00
      4.675      0.031     1.1328     10.550     49.192  36.556129     2.3280      7.169   209.5168 1.9727e+00     2.5353      4.584      6.648    12.2055   999.5171 0.0000e+00
      4.683      0.032     1.2408     11.552     49.176  36.532077     2.2353      7.172   209.3963 1.9266e+00     2.7465      4.590      6.659    12.1837   999.5197 0.0000e+00
      4.693      0.032     1.3499     12.563     49.203  36.538886     2.0687      7.174   209.6270 1.8653e+00     3.1303      4.601      6.674    12.1707   999.5214 0.0000e+00
      4.703      0.031     1.4540     13.529     49.266  36.574963     1.9773      7.175   209.9834 1.8187e+00     3.3738      4.613      6.691    12.1639   999.5221 0.0000e+00
      4.712      0.030     1.5470     14.393     49.375  36.650893     1.9714      7.176   209.8338 1.7778e+00     3.4292      4.622      6.703    12.1563   999.5231 0.0000e+00
      4.719      0.029     1.6240     15.113     49.508  36.758712     1.9804      7.178   209.4527 1.7458e+00     3.4392      4.630      6.714    12.1409   999.5249 0.0000e+00
      4.724      0.029     1.6811     15.657     49.514  36.799528     1.9984      7.180   209.3338 1.7347e+00     3.6920      4.633      6.720    12.1266   999.5266 0.0000e+00
      4.728      0.028     1.7177     16.015     49.402  36.763588     2.0163      7.180   209.4284 1.7271e+00     4.1918      4.636      6.723    12.1154   999.5279 0.0000e+00
      4.735      0.027     1.7407     16.236     49.301  36.705078     2.0239      7.179   209.8223 1.7121e+00     4.4678      4.642      6.732    12.1074   999.5289 0.0000e+00
      4.747      0.025     1.7544     16.356     49.273  36.663375     2.0559      7.179   210.4831 1.6904e+00     4.5059      4.654      6.750    12.1097   999.5288 0.0000e+00
      4.758      0.025     1.7562     16.363     49.361  36.703667     2.4372      7.180   211.1368 1.6751e+00     4.6849      4.669      6.772    12.1490   999.5243 0.0000e+00
      4.762      0.025     1.7466     16.272     49.426  36.747883     3.1397      7.180   211.6182 1.6720e+00     5.0266      4.672      6.776    12.2207   999.5159 0.0000e+00
      4.762      0.026     1.7292     16.117     49.241  36.626711     3.5183      7.180   212.0869 1.6633e+00     5.1957      4.668      6.771    12.2420   999.5133 0.0000e+00
      4.765      0.029     1.7112     15.951     48.989  36.444631     3.5125      7.180   212.7600 1.6529e+00     5.1892      4.672      6.776    12.1997   999.5184 0.0000e+00
      4.771      0.033     1.6999     15.835     48.949  36.387131     3.0782      7.181   213.3904 1.6371e+00     5.4081      4.677      6.783    12.1665   999.5223 0.0000e+00
      4.783      0.038     1.6945     15.770     49.072  36.439248     2.2640      7.181   213.7719 1.6122e+00     5.8755      4.689      6.801    12.1618   999.5229 0.0000e+00
      4.799      0.043     1.6915     15.734     49.276  36.566942     1.8179      7.181   214.1899 1.5991e+00     6.1540      4.708      6.828    12.1912   999.5194 0.0000e+00
      4.812      0.045     1.6947     15.762     49.495  36.725017     1.7850      7.180   214.7444 1.5959e+00     6.1870      4.721      6.848    12.2132   999.5168 0.0000e+00
      4.822      0.045     1.7109     15.918     49.527  36.763639     1.7980      7.180   215.2270 1.5907e+00     6.5361      4.730      6.860    12.1678   999.5222 0.0000e+00
      4.832      0.043     1.7406     16.203     49.346  36.653094     1.8272      7.180   215.5510 1.5810e+00     7.2608      4.737      6.871    12.1158   999.5283 0.0000e+00
      4.843      0.041     1.7776     16.551     49.169  36.531007     1.8431      7.180   215.7365 1.5710e+00     7.6738      4.748      6.886    12.0961   999.5306 0.0000e+00
      4.854      0.039     1.8107     16.853     49.139  36.493529     1.8337      7.179   216.0941 1.5653e+00     7.7614      4.760      6.904    12.0879   999.5317 0.0000e+00
      4.864      0.036     1.8314     17.040     49.193  36.517298     1.7661      7.177   216.7772 1.5669e+00     8.3203      4.770      6.918    12.1076   999.5295 0.0000e+00
      4.874      0.032     1.8403     17.127     49.159  36.501007     1.6584      7.174   217.3709 1.5668e+00     9.3516      4.780      6.932    12.1425   999.5255 0.0000e+00
      4.883      0.028     1.8457     17.181     49.039  36.423514     1.6161      7.172   217.6797 1.5612e+00     9.9406      4.790      6.948    12.1581   999.5237 0.0000e+00
      4.889      0.024     1.8559     17.270     48.950  36.342047     1.6181      7.172   217.8440 1.5607e+00    10.0018      4.795      6.955    12.1320   999.5267 0.0000e+00
      4.891      0.022     1.8734     17.417     48.914  36.277658     1.6051      7.171   218.0662 1.5628e+00    10.0261      4.796      6.956    12.0977   999.5307 0.0000e+00
      4.895      0.021     1.8969     17.619     48.885  36.216217     1.5795      7.170   218.5593 1.5572e+00    10.5945      4.799      6.960    12.1199   999.5282 0.0000e+00
      4.900      0.021     1.9267     17.883     48.865  36.170391     1.5516      7.169   219.0744 1.5458e+00    11.7290      4.805      6.969    12.1496   999.5247 0.0000e+00
      4.907      0.023     1.9655     18.236     48.885  36.167851     1.5452      7.168   219.2184 1.5437e+00    12.4039      4.812      6.979    12.1274   999.5272 0.0000e+00
      4.913      0.026     2.0125     18.670     48.914  36.185496     1.5453      7.168   219.0958 1.5452e+00    12.5275      4.819      6.989    12.0799   999.5328 0.0000e+00
      4.919      0.029     2.0620     19.129     48.924  36.193308     1.4928      7.167   219.0538 1.5375e+00    12.9284      4.824      6.996    12.0357   999.5378 0.0000e+00
      4.926      0.031     2.1100     19.574     48.937  36.198840     1.4041      7.165   219.1412 1.5349e+00    13.6460      4.831      7.007    12.0039   999.5415 0.0000e+00
      4.934      0.034     2.1551     19.989     48.932  36.188897     1.3566      7.164   219.2067 1.5375e+00    14.0596      4.839      7.018    11.9846   999.5438 0.0000e+00
      4.944      0.037     2.1949     20.356     48.868  36.136559     1.3443      7.163   219.2422 1.5282e+00    14.1602      4.847      7.030    11.9831   999.5440 0.0000e+00
      4.955      0.040     2.2286     20.663     48.799  36.073808     1.2900      7.162   219.4842 1.5201e+00    14.5350      4.861      7.049    11.9899   999.5433 0.0000e+00
      4.965      0.040     2.2575     20.921     48.814  36.064897     1.2023      7.161   219.9824 1.5171e+00    15.2163      4.869      7.063    11.9827   999.5441 0.0000e+00
      4.975      0.037     2.2794     21.116     48.870  36.092272     1.1594      7.160   220.4480 1.4893e+00    15.6148      4.877      7.074    11.9732   999.5452 0.0000e+00
      4.989      0.033     2.2926     21.239     48.865  36.087407     1.1623      7.160   220.8116 1.4588e+00    15.6488      4.894      7.099    11.9748   999.5452 0.0000e+00
      4.999      0.030     2.3009     21.319     48.831  36.069554     1.2104      7.159   221.1960 1.4583e+00    15.6937      4.907      7.117    11.9651   999.5462 0.0000e+00
      5.002      0.030     2.3099     21.405     48.821  36.066836     1.2821      7.158   221.6540 1.4622e+00    15.7967      4.905      7.114    11.9351   999.5496 0.0000e+00
      5.004      0.033     2.3234     21.528     48.809  36.054553     1.3096      7.156   222.1321 1.4532e+00    15.8461      4.905      7.113    11.9169   999.5518 0.0000e+00
      5.010      0.038     2.3410     21.685     48.818  36.047986     1.3088      7.155   222.5887 1.4506e+00    15.8317      4.912      7.123    11.9216   999.5512 0.0000e+00
      5.020      0.046     2.3595     21.848     48.843  36.050887     1.3253      7.155   223.0448 1.4541e+00    15.8190      4.921      7.138    11.9301   999.5503 0.0000e+00
      5.035      0.055     2.3766     22.001     48.823  36.026133     1.3605      7.154   223.4314 1.4447e+00    15.8561      4.936      7.160    11.9381   999.5495 0.0000e+00
      5.054      0.061     2.3937     22.158     48.795  36.002569     1.3792      7.153   223.6499 1.4242e+00    15.8870      4.956      7.188    11.9360   999.5498 0.0000e+00
      5.073      0.063     2.4121     22.328     48.820  36.019866     1.3694      7.152   223.7930 1.3961e+00    15.8649      4.975      7.216    11.9196   999.5518 0.0000e+00
      5.091      0.063     2.4312     22.503     48.859  36.044847     1.3544      7.150   224.0431 1.3702e+00    15.8185      4.993      7.242    11.8995   999.5542 0.0000e+00
      5.106      0.061     2.4466     22.642     48.875  36.050718     1.2935      7.148   224.3507 1.3549e+00    15.7518      5.009      7.265    11.8879   999.5555 0.0000e+00
      5.120      0.057     2.4556     22.722     48.852  36.027364     1.1876      7.147   224.6733 1.3334e+00    15.6814      5.020      7.281    11.8877   999.5555 0.0000e+00
      5.134      0.053     2.4646     22.803     48.842  36.016365     1.1316      7.146   225.1038 1.3105e+00    15.6237      5.033      7.300    11.8887   999.5555 0.0000e+00
      5.149      0.050     2.4726     22.876     48.882  36.044684     1.1196      7.144   225.5983 1.2935e+00    15.5776      5.050      7.325    11.8852   999.5560 0.0000e+00
      5.161      0.047     2.4776     22.921     48.895  36.052391     1.0859      7.142   226.0067 1.2699e+00    15.5831      5.062      7.342    11.8775   999.5569 0.0000e+00
      5.171      0.044     2.4803     22.945     48.888  36.046078     1.0368      7.141   226.3419 1.2557e+00    15.6237      5.070      7.354    11.8703   999.5578 0.0000e+00
      5.182      0.040     2.4794     22.936     48.870  36.031818     1.0109      7.140   226.7257 1.2407e+00    15.6435      5.082      7.370    11.8669   999.5582 0.0000e+00
      5.193      0.036     2.4769     22.913     48.836  36.006926     1.0079      7.138   227.0338 1.2016e+00    15.6259      5.093      7.387    11.8659   999.5584 0.0000e+00
      5.202      0.034     2.4751     22.897     48.825  35.999007     0.9906      7.137   227.2278 1.1666e+00    15.4758      5.102      7.400    11.8642   999.5586 0.0000e+00
      5.209      0.032     2.4732     22.880     48.826  35.999540     0.9583      7.135   227.5213 1.1530e+00    15.2385      5.109      7.408    11.8622   999.5589 0.0000e+00
      5.215      0.029     2.4699     22.850     48.844  36.013365     0.9379      7.133   228.0020 1.1480e+00    15.1481      5.115      7.418    11.8621   999.5589 0.0000e+00
      5.223      0.029     2.4667     22.821     48.878  36.039220     0.9265      7.132   228.5664 1.1316e+00    15.1695      5.122      7.429    11.8623   999.5589 0.0000e+00
      5.231      0.033     2.4637     22.796     48.898  36.058261     0.9238      7.131   229.0962 1.1032e+00    15.2021      5.130      7.441    11.8622   999.5590 0.0000e+00
      5.237      0.042     2.4602     22.767     48.884  36.053167     0.9228      7.128   229.5898 1.0822e+00    15.2811      5.137      7.450    11.8621   999.5589 0.0000e+00
      5.243      0.049     2.4575     22.742     48.865  36.041112     0.9230      7.125   230.0609 1.0580e+00    15.3707      5.139      7.453    11.8624   999.5590 0.0000e+00
      5.255      0.053     2.4554     22.720     48.865  36.039449     0.9346      7.124   230.4039 1.0167e+00    15.4327      5.148      7.467    11.8626   999.5590 0.0000e+00
      5.279      0.055     2.4524     22.694     48.855  36.033054     0.9338      7.124   230.6393 9.6621e-01    15.4742      5.176      7.508    11.8664   999.5587 0.0000e+00
      5.303      0.058     2.4496     22.672     48.840  36.027274     0.9216      7.123   230.9287 9.2079e-01    15.4787      5.206      7.550    11.8761   999.5578 0.0000e+00
      5.316      0.059     2.4481     22.658     48.846  36.033043     0.9169      7.121   231.2355 9.0163e-01    15.4217      5.217      7.567    11.8786   999.5575 0.0000e+00
      5.322      0.058     2.4488     22.661     48.862  36.039334     0.9205      7.119   231.5961 8.9459e-01    15.3755      5.216      7.566    11.8713   999.5583 0.0000e+00
      5.332      0.055     2.4513     22.682     48.871  36.039854     0.9223      7.118   231.9328 8.6023e-01    15.3784      5.224      7.577    11.8719   999.5583 0.0000e+00
      5.349      0.052     2.4522     22.688     48.876  36.039320     0.9302      7.117   232.1230 8.1440e-01    15.4243      5.245      7.608    11.8828   999.5572 0.0000e+00
      5.369      0.052     2.4525     22.690     48.869  36.032873     0.9634      7.116   232.5196 7.7813e-01    15.5046      5.267      7.640    11.8843   999.5571 0.0000e+00
      5.384      0.051     2.4549     22.712     48.859  36.025387     0.9941      7.113   233.1136 7.5349e-01    15.5628      5.282      7.661    11.8758   999.5581 0.0000e+00
