Data/DataNotYetUploadedToEDI/Raw_CTD/RawDownloads/081524_ccr80_S8188004.cnv
* Sea-Bird SBE19plus  Data File:
* FileName = C:\R\Reservoirs\Data\DataNotYetUploadedToEDI\Raw_CTD\RawDownloads\081424_ccr50_S8188_0004.hex
* Software version 2.8.0.119
* Temperature SN = 8188
* Conductivity SN = 8188
* System UpLoad Time = Aug 16 2024 10:37:39
* <ApplicationData>
* <Seaterm232>
# nquan = 16
# nvalues = 1935                        
# units = specified
# name 0 = depFM: Depth [fresh water, m]
# name 1 = dz/dtM: Descent Rate [m/s]
# name 2 = sbeox0Mg/L: Oxygen, SBE 43 [mg/l]
# name 3 = sbeox0PS: Oxygen, SBE 43 [% saturation]
# name 4 = specc: Specific Conductance [uS/cm]
# name 5 = c0uS/cm: Conductivity [uS/cm]
# name 6 = wetCDOM: Fluorescence, WET Labs CDOM [mg/m^3]
# name 7 = flECO-AFL: Fluorescence, WET Labs ECO-AFL/FL [mg/m^3]
# name 8 = flECO-AFL1: Fluorescence, WET Labs ECO-AFL/FL, 2 [mg/m^3]
# name 9 = flECO-AFL2: Fluorescence, WET Labs ECO-AFL/FL, 3 [mg/m^3]
# name 10 = par/sat/log: PAR/Logarithmic, Satlantic
# name 11 = turbWETntu0: Turbidity, WET Labs ECO [NTU]
# name 12 = prdM: Pressure, Strain Gauge [db]
# name 13 = prdE: Pressure, Strain Gauge [psi]
# name 14 = tv290C: Temperature [ITS-90, deg C]
# name 15 = flag:  0.000e+00
# span 0 =     -0.396,     17.559       
# span 1 =     -0.480,      0.148       
# span 2 =     3.7428,     9.5993       
# span 3 =     35.251,    115.624       
# span 4 =   -628.574,    126.709       
# span 5 =-485.665094, 126.640159       
# span 6 =    -4.5000,    27.9000       
# span 7 =    -0.4448,    10.7897       
# span 8 =    -2.1300,     0.6390       
# span 9 =    -2.0304,     1.5651       
# span 10 = 1.1560e-01, 6.7416e+02      
# span 11 =    -1.3066,    94.5135      
# span 12 =     -0.388,     17.220      
# span 13 =     -0.563,     24.975      
# span 14 =    12.5729,    34.5383      
# span 15 = 0.0000e+00, 0.0000e+00      
# interval = seconds: 0.25
# start_time = Aug 15 2024 14:41:38 [Instrument's time stamp, header]
# bad_flag = -9.990e-29
*END*
[from data line 1447]
     13.892      0.071     4.7232     44.473    125.255  94.528375    26.7300     0.3067     0.1278     0.1692 1.1585e-01     3.0441     13.624     19.760    12.7417 0.0000e+00
     13.911      0.071     4.7179     44.495    125.242  94.513647    26.7300     0.3105     0.1278     0.1692 1.1597e-01     3.0592     13.643     19.787    12.7396 0.0000e+00
     13.930      0.070     4.7142     44.533    125.238  94.508093    26.7300     0.2838     0.1278     0.1692 1.1585e-01     3.0441     13.661     19.814    12.7367 0.0000e+00
     13.948      0.069     4.7123     44.588    125.233  94.502243    26.7300     0.2571     0.1278     0.1692 1.1590e-01     3.0290     13.679     19.840    12.7338 0.0000e+00
     13.966      0.068     4.7127     44.661    125.204  94.478552    26.7300     0.2419     0.0852     0.1269 1.1607e-01     3.1801     13.696     19.864    12.7313 0.0000e+00
     13.982      0.066     4.7152     44.745    125.188  94.464667    26.7300     0.2571     0.0852     0.1269 1.1600e-01     3.0743     13.712     19.887    12.7295 0.0000e+00
     13.998      0.065     4.7194     44.832    125.208  94.478862    26.7300     0.2609     0.0852     0.1269 1.1590e-01     3.0743     13.728     19.911    12.7282 0.0000e+00
     14.015      0.065     4.7253     44.917    125.220  94.486962    26.7300     0.3372     0.0852     0.1269 1.1597e-01     2.8628     13.744     19.934    12.7273 0.0000e+00
     14.031      0.065     4.7331     44.990    125.208  94.477143    26.6400     0.3258     0.0852     0.0846 1.1587e-01     2.8175     13.760     19.957    12.7266 0.0000e+00
     14.048      0.065     4.7421     45.042    125.219  94.484744    26.6400     0.3296     0.0852     0.0846 1.1597e-01     2.8175     13.776     19.980    12.7260 0.0000e+00
     14.064      0.066     4.7513     45.070    125.259  94.513792    26.6400     0.3372     0.0852     0.0846 1.1600e-01     2.8175     13.792     20.004    12.7256 0.0000e+00
     14.081      0.066     4.7603     45.077    125.266  94.518089    26.6400     0.2533     0.0852     0.0846 1.1580e-01     2.8326     13.809     20.028    12.7252 0.0000e+00
     14.099      0.065     4.7681     45.068    125.235  94.494784    26.6400     0.2724     0.0852     0.0846 1.1590e-01     2.8628     13.826     20.053    12.7249 0.0000e+00
     14.116      0.063     4.7736     45.052    125.224  94.485614    26.7300     0.2495     0.0852     0.1692 1.1585e-01     2.8628     13.843     20.078    12.7246 0.0000e+00
     14.132      0.060     4.7766     45.034    125.238  94.496123    26.7300     0.2686     0.0852     0.1692 1.1595e-01     2.7571     13.859     20.101    12.7243 0.0000e+00
     14.148      0.056     4.7774     45.013    125.239  94.497149    26.7300     0.2457     0.0852     0.1692 1.1595e-01     2.8628     13.874     20.123    12.7241 0.0000e+00
     14.161      0.052     4.7765     44.983    125.221  94.482972    26.7300     0.2571     0.0852     0.1692 1.1587e-01     2.8628     13.887     20.142    12.7239 0.0000e+00
     14.173      0.048     4.7748     44.944    125.228  94.487769    26.7300     0.2648     0.0852     0.2115 1.1600e-01     2.8326     13.899     20.159    12.7237 0.0000e+00
     14.184      0.045     4.7730     44.900    125.260  94.510824    26.7300     0.2571     0.0852     0.2115 1.1590e-01     2.7873     13.910     20.175    12.7236 0.0000e+00
     14.195      0.044     4.7708     44.848    125.268  94.516327    26.7300     0.2571     0.0852     0.2115 1.1580e-01     2.9081     13.921     20.190    12.7235 0.0000e+00
     14.205      0.043     4.7676     44.793    125.241  94.495757    26.7300     0.2457     0.0852     0.2115 1.1595e-01     2.8930     13.931     20.205    12.7233 0.0000e+00
     14.216      0.042     4.7635     44.742    125.202  94.465606    26.7300     0.2571     0.0852     0.1692 1.1590e-01     2.9232     13.941     20.220    12.7231 0.0000e+00
     14.227      0.042     4.7588     44.696    125.189  94.455791    26.7300     0.2495     0.0852     0.1692 1.1605e-01     2.8024     13.952     20.236    12.7229 0.0000e+00
     14.238      0.042     4.7534     44.661    125.208  94.469692    26.7300     0.2571     0.0852     0.1692 1.1602e-01     2.8175     13.963     20.251    12.7227 0.0000e+00
     14.249      0.042     4.7475     44.640    125.224  94.481045    26.7300     0.2648     0.0852     0.1692 1.1600e-01     2.8930     13.974     20.267    12.7225 0.0000e+00
     14.260      0.041     4.7420     44.629    125.221  94.478892    26.7300     0.2571     0.0852     0.1692 1.1580e-01     2.8930     13.984     20.282    12.7223 0.0000e+00
     14.270      0.040     4.7372     44.626    125.223  94.480642    26.7300     0.2495     0.0852     0.1692 1.1595e-01     2.9232     13.994     20.297    12.7221 0.0000e+00
     14.280      0.039     4.7335     44.633    125.239  94.492755    26.7300     0.2304     0.0852     0.1692 1.1595e-01     2.9232     14.004     20.312    12.7220 0.0000e+00
     14.290      0.039     4.7313     44.647    125.244  94.496482    26.7300     0.2495     0.0852     0.1692 1.1592e-01     2.9535     14.014     20.325    12.7218 0.0000e+00
     14.300      0.038     4.7301     44.662    125.241  94.494817    26.7300     0.2495     0.0852     0.1692 1.1605e-01     2.8779     14.023     20.339    12.7218 0.0000e+00
     14.309      0.037     4.7298     44.670    125.259  94.509293    26.7300     0.2342     0.0852     0.1692 1.1585e-01     2.8628     14.033     20.353    12.7218 0.0000e+00
     14.319      0.036     4.7306     44.671    125.289  94.533779    26.7300     0.2609     0.0852     0.1692 1.1605e-01     2.6966     14.042     20.366    12.7218 0.0000e+00
     14.328      0.036     4.7321     44.660    125.312  94.552829    26.7300     0.2495     0.0852     0.1692 1.1605e-01     2.6664     14.051     20.379    12.7219 0.0000e+00
     14.336      0.036     4.7336     44.635    125.316  94.559535    26.7300     0.2686     0.0852     0.1692 1.1587e-01     2.6211     14.059     20.391    12.7221 0.0000e+00
     14.345      0.037     4.7345     44.600    125.304  94.555685    26.7300     0.2724     0.0852     0.1692 1.1590e-01     2.6966     14.068     20.404    12.7225 0.0000e+00
     14.354      0.039     4.7345     44.560    125.297  94.556237    26.7300     0.2648     0.0852     0.1692 1.1595e-01     2.6060     14.077     20.417    12.7232 0.0000e+00
     14.364      0.041     4.7332     44.520    125.291  94.557341    26.7300     0.2342     0.0852     0.1692 1.1602e-01     2.5154     14.086     20.431    12.7241 0.0000e+00
     14.375      0.044     4.7304     44.484    125.266  94.543311    26.7300     0.2724     0.0852     0.1692 1.1610e-01     2.6211     14.097     20.446    12.7255 0.0000e+00
     14.386      0.047     4.7265     44.452    125.236  94.524389    26.7300     0.2724     0.1278     0.2538 1.1597e-01     2.6513     14.108     20.462    12.7274 0.0000e+00
     14.399      0.050     4.7221     44.432    125.240  94.529494    26.7300     0.2724     0.1278     0.2538 1.1600e-01     2.8628     14.120     20.480    12.7297 0.0000e+00
     14.412      0.054     4.7176     44.448    125.262  94.546003    26.7300     0.2800     0.1278     0.2538 1.1595e-01     2.9232     14.133     20.499    12.7321 0.0000e+00
     14.426      0.058     4.7135     44.504    125.252  94.536361    26.7300     0.2686     0.1278     0.2538 1.1585e-01     2.8779     14.147     20.519    12.7341 0.0000e+00
     14.441      0.062     4.7099     44.573    125.217  94.505989    26.7300     0.2495     0.0852     0.1269 1.1600e-01     2.9535     14.162     20.540    12.7355 0.0000e+00
     14.457      0.066     4.7078     44.635    125.183  94.474759    26.7300     0.1999     0.0852     0.1269 1.1585e-01     2.5607     14.178     20.563    12.7362 0.0000e+00
     14.475      0.070     4.7095     44.675    125.164  94.452324    26.7300     0.1808     0.0852     0.1269 1.1592e-01     2.6211     14.195     20.588    12.7361 0.0000e+00
     14.493      0.074     4.7155     44.668    125.168  94.446684    26.7300     0.1808     0.0852     0.1269 1.1587e-01     2.7269     14.213     20.614    12.7353 0.0000e+00
     14.513      0.078     4.7230     44.586    125.179  94.446346    26.7300     0.1732     0.0852     0.1269 1.1595e-01     2.6815     14.232     20.642    12.7338 0.0000e+00
     14.533      0.081     4.7298     44.400    125.170  94.433240    26.7300     0.1846     0.0852     0.0423 1.1600e-01     2.6211     14.252     20.671    12.7316 0.0000e+00
     14.555      0.084     4.7343     44.098    125.152  94.413858    26.7300     0.2152     0.0852     0.0423 1.1595e-01     2.6211     14.273     20.702    12.7284 0.0000e+00
     14.577      0.086     4.7340     43.679    125.154  94.411003    26.7300     0.1923     0.0852     0.0423 1.1590e-01     2.5456     14.295     20.733    12.7249 0.0000e+00
     14.599      0.087     4.7256     43.158    125.170  94.419917    26.7300     0.1923     0.0852     0.0423 1.1600e-01     2.6060     14.317     20.765    12.7216 0.0000e+00
     14.623      0.087     4.7063     42.554    125.175  94.421000    26.8200     0.1999     0.1278     0.1269 1.1587e-01     2.4096     14.340     20.798    12.7189 0.0000e+00
     14.645      0.086     4.6744     41.893    125.169  94.414541    26.8200     0.1999     0.1278     0.1269 1.1595e-01     2.3643     14.362     20.831    12.7167 0.0000e+00
     14.668      0.085     4.6302     41.214    125.148  94.396820    26.8200     0.2037     0.1278     0.1269 1.1587e-01     2.3794     14.384     20.862    12.7149 0.0000e+00
     14.689      0.083     4.5751     40.564    125.121  94.375098    26.8200     0.1846     0.1278     0.1269 1.1592e-01     2.3492     14.405     20.892    12.7136 0.0000e+00
     14.709      0.081     4.5111     39.988    125.113  94.367557    26.7300     0.2838     0.0852     0.0423 1.1597e-01     2.4398     14.425     20.921    12.7125 0.0000e+00
     14.729      0.080     4.4412     39.517    125.120  94.372187    26.7300     0.2724     0.0852     0.0423 1.1590e-01     2.3945     14.444     20.950    12.7117 0.0000e+00
     14.749      0.079     4.3693     39.155    125.118  94.370243    26.7300     0.2571     0.0852     0.0423 1.1600e-01     2.3643     14.464     20.978    12.7110 0.0000e+00
     14.769      0.077     4.3004     38.885    125.091  94.349219    26.7300     0.2724     0.0852     0.0423 1.1580e-01     2.4247     14.484     21.007    12.7105 0.0000e+00
     14.790      0.076     4.2394     38.687    125.044  94.313498    26.7300     0.1694     0.0852     0.0423 1.1612e-01     2.3643     14.504     21.036    12.7100 0.0000e+00
     14.809      0.074     4.1895     38.549    124.997  94.277530    26.7300     0.2190     0.0852     0.0846 1.1597e-01     2.3945     14.523     21.063    12.7096 0.0000e+00
     14.827      0.071     4.1512     38.456    124.987  94.269682    26.7300     0.2152     0.0852     0.0846 1.1600e-01     2.2737     14.541     21.089    12.7094 0.0000e+00
     14.845      0.069     4.1225     38.393    125.025  94.297851    26.7300     0.2190     0.0852     0.0846 1.1615e-01     2.3643     14.558     21.115    12.7093 0.0000e+00
     14.863      0.067     4.1016     38.350    125.070  94.331590    26.7300     0.1885     0.0852     0.0846 1.1587e-01     2.1377     14.575     21.139    12.7092 0.0000e+00
     14.879      0.065     4.0869     38.330    125.081  94.339936    26.6400     0.1961     0.0852     0.0423 1.1595e-01     2.1377     14.591     21.163    12.7090 0.0000e+00
     14.895      0.065     4.0771     38.341    125.043  94.311131    26.6400     0.2152     0.0852     0.0423 1.1595e-01     2.2283     14.607     21.185    12.7088 0.0000e+00
     14.911      0.067     4.0705     38.392    124.987  94.267463    26.6400     0.1846     0.0852     0.0423 1.1582e-01     2.0169     14.622     21.207    12.7085 0.0000e+00
     14.927      0.070     4.0660     38.476    124.945  94.233246    26.6400     0.1732     0.0852     0.0423 1.1577e-01     2.2888     14.638     21.230    12.7084 0.0000e+00
     14.944      0.075     4.0638     38.583    124.923  94.213343    26.6400     0.1732     0.0852     0.2115 1.1580e-01     2.1981     14.655     21.255    12.7084 0.0000e+00
     14.964      0.079     4.0650     38.701    124.945  94.226419    26.6400     0.1923     0.0852     0.2115 1.1592e-01     2.1226     14.674     21.283    12.7084 0.0000e+00
     14.985      0.083     4.0704     38.815    124.997  94.261977    26.6400     0.2228     0.0852     0.2115 1.1595e-01     2.1075     14.695     21.314    12.7079 0.0000e+00
     15.008      0.085     4.0794     38.911    125.041  94.291539    26.6400     0.1503     0.0852     0.2115 1.1597e-01     1.9111     14.718     21.347    12.7069 0.0000e+00
     15.032      0.085     4.0909     38.980    125.060  94.303009    26.7300     0.1160     0.0852     0.1269 1.1590e-01     2.0471     14.741     21.381    12.7056 0.0000e+00
     15.056      0.082     4.1035     39.008    125.056  94.299444    26.7300     0.1084     0.0852     0.1269 1.1585e-01     2.0773     14.764     21.414    12.7042 0.0000e+00
     15.077      0.077     4.1157     38.990    125.058  94.303869    26.7300     0.1389     0.0852     0.1269 1.1595e-01     1.9715     14.785     21.445    12.7026 0.0000e+00
     15.096      0.070     4.1261     38.954    125.081  94.325456    26.7300     0.2037     0.0852     0.1269 1.1585e-01     1.6694     14.804     21.471    12.7010 0.0000e+00
     15.112      0.064     4.1334     38.925    125.111  94.353978    26.7300     0.1770     0.0852     0.1269 1.1605e-01     1.7298     14.820     21.495    12.7000 0.0000e+00
     15.127      0.059     4.1364     38.916    125.123  94.369072    26.7300     0.2152     0.0852     0.0846 1.1580e-01     1.7903     14.834     21.515    12.7000 0.0000e+00
     15.140      0.056     4.1345     38.932    125.115  94.366770    26.7300     0.1808     0.0852     0.0846 1.1580e-01     1.7449     14.847     21.534    12.7011 0.0000e+00
     15.153      0.056     4.1304     38.978    125.089  94.348459    26.7300     0.2075     0.0852     0.0846 1.1585e-01     1.9715     14.860     21.552    12.7029 0.0000e+00
     15.166      0.059     4.1271     39.054    125.028  94.299265    26.7300     0.1885     0.0852     0.0846 1.1600e-01     2.0471     14.873     21.571    12.7051 0.0000e+00
     15.180      0.063     4.1259     39.158    124.940  94.224050    26.6400     0.1885     0.0852     0.0423 1.1580e-01     2.0320     14.887     21.591    12.7074 0.0000e+00
     15.196      0.069     4.1275     39.279    124.883  94.170685    26.6400     0.1961     0.0852     0.0423 1.1597e-01     2.0169     14.902     21.614    12.7091 0.0000e+00
     15.215      0.075     4.1324     39.398    124.897  94.170889    26.6400     0.1923     0.0852     0.0423 1.1590e-01     2.0169     14.920     21.640    12.7096 0.0000e+00
     15.235      0.082     4.1406     39.501    124.953  94.204737    26.6400     0.1732     0.0852     0.0423 1.1582e-01     2.0169     14.940     21.669    12.7081 0.0000e+00
     15.257      0.088     4.1519     39.585    125.015  94.245294    26.7300     0.2152     0.0852     0.1692 1.1590e-01     1.9866     14.962     21.701    12.7048 0.0000e+00
     15.280      0.093     4.1652     39.646    125.056  94.271407    26.7300     0.1999     0.0852     0.1692 1.1600e-01     1.9866     14.985     21.734    12.7006 0.0000e+00
     15.305      0.097     4.1782     39.684    125.070  94.278054    26.7300     0.2075     0.0852     0.1692 1.1605e-01     2.1226     15.009     21.769    12.6965 0.0000e+00
     15.331      0.101     4.1895     39.709    125.063  94.269006    26.7300     0.2113     0.0852     0.1692 1.1597e-01     2.2132     15.034     21.806    12.6931 0.0000e+00
