Data/DataNotYetUploadedToEDI/Raw_CTD/RawDownloads/081524_ccr88_S8188006.cnv
* Sea-Bird SBE19plus  Data File:
* FileName = C:\R\Reservoirs\Data\DataNotYetUploadedToEDI\Raw_CTD\RawDownloads\081424_ccr50_S8188_0006.hex
* Software version 2.8.0.119
* Temperature SN = 8188
* Conductivity SN = 8188
* System UpLoad Time = Aug 16 2024 10:38:08
* <ApplicationData>
* <Seaterm232>
# nquan = 16
# nvalues = 776                         
# units = specified
# name 0 = depFM: Depth [fresh water, m]
# name 1 = dz/dtM: Descent Rate [m/s]
# name 2 = sbeox0Mg/L: Oxygen, SBE 43 [mg/l]
# name 3 = sbeox0PS: Oxygen, SBE 43 [% saturation]
# name 4 = specc: Specific Conductance [uS/cm]
# name 5 = c0uS/cm: Conductivity [uS/cm]
# name 6 = wetCDOM: Fluorescence, WET Labs CDOM [mg/m^3]
# name 7 = flECO-AFL: Fluorescence, WET Labs ECO-AFL/FL [mg/m^3]
# name 8 = flECO-AFL1: Fluorescence, WET Labs ECO-AFL/FL, 2 [mg/m^3]
# name 9 = flECO-AFL2: Fluorescence, WET Labs ECO-AFL/FL, 3 [mg/m^3]
# name 10 = par/sat/log: PAR/Logarithmic, Satlantic
# name 11 = turbWETntu0: Turbidity, WET Labs ECO [NTU]
# name 12 = prdM: Pressure, Strain Gauge [db]
# name 13 = prdE: Pressure, Strain Gauge [psi]
# name 14 = tv290C: Temperature [ITS-90, deg C]
# name 15 = flag:  0.000e+00
# span 0 =     -0.429,      9.806       
# span 1 =     -0.345,      0.247       
# span 2 =     2.7464,     9.8342       
# span 3 =     26.589,    115.807       
# span 4 =   -640.174,    126.659       
# span 5 =-486.333545, 124.994895       
# span 6 =    -4.5000,    29.1600       
# span 7 =    -0.3952,   245.1415       
# span 8 =    -2.1300,     0.6390       
# span 9 =    -4.1031,     4.7376       
# span 10 = 9.0716e-01, 1.7746e+03      
# span 11 =    -0.9289,   971.1096      
# span 12 =     -0.420,      9.617      
# span 13 =     -0.610,     13.948      
# span 14 =    12.9743,    28.2550      
# span 15 = 0.0000e+00, 0.0000e+00      
# interval = seconds: 0.25
# start_time = Aug 15 2024 15:50:35 [Instrument's time stamp, header]
# bad_flag = -9.990e-29
*END*
[from data line 91]
      0.373      0.014     5.7874     73.801    116.440 123.469662    10.4400     0.2228     0.0426     0.0846 1.7961e+02    -0.3700      0.366      0.531    28.0134 0.0000e+00
      0.377      0.013     5.7789     73.554    116.406 123.428943    10.4400     0.2342     0.0426     0.0846 1.7713e+02    -0.3700      0.370      0.536    28.0128 0.0000e+00
      0.380      0.012     5.7790     73.118    116.372 123.384491    10.4400     0.2152     0.0852     0.1269 1.7189e+02    -0.3095      0.373      0.540    28.0126 0.0000e+00
      0.383      0.011     5.7799     72.531    116.343 123.344457    10.4400     0.2266     0.0852     0.1269 1.8264e+02    -0.3549      0.376      0.545    28.0125 0.0000e+00
      0.385      0.009     5.7738     71.868    116.329 123.318172    10.4400     0.2457     0.0852     0.1269 1.6423e+02    -0.2944      0.378      0.548    28.0117 0.0000e+00
      0.387      0.008     5.7547     71.211    116.326 123.302627    10.4400     0.2152     0.0852     0.1269 1.7949e+02    -0.4002      0.380      0.551    28.0097 0.0000e+00
      0.389      0.007     5.7209     70.626    116.316 123.281672    10.4400     0.2533     0.0852     0.1269 1.6595e+02    -0.3095      0.382      0.554    28.0064 0.0000e+00
      0.391      0.006     5.6754     70.155    116.293 123.245716    10.4400     0.2495     0.0852     0.2115 1.8117e+02    -0.3246      0.384      0.556    28.0021 0.0000e+00
      0.393      0.005     5.6240     69.802    116.267 123.207179    10.4400     0.2304     0.0852     0.2115 1.6645e+02    -0.3700      0.385      0.558    27.9972 0.0000e+00
      0.394      0.004     5.5730     69.534    116.256 123.183791    10.4400     0.2266     0.0852     0.2115 1.8047e+02    -0.3246      0.386      0.560    27.9923 0.0000e+00
      0.395      0.003     5.5277     69.314    116.257 123.173316    10.4400     0.2457     0.0852     0.2115 1.6616e+02    -0.2642      0.387      0.561    27.9875 0.0000e+00
      0.395      0.002     5.4914     69.114    116.255 123.160956    10.5300     0.2075     0.0426     0.2538 1.7242e+02    -0.2038      0.388      0.562    27.9828 0.0000e+00
      0.396      0.001     5.4642     68.917    116.246 123.143415    10.5300     0.2419     0.0426     0.2538 1.7133e+02    -0.3246      0.388      0.563    27.9779 0.0000e+00
      0.396      0.000     5.4438     68.706    116.237 123.128019    10.5300     0.2266     0.0426     0.2538 1.6616e+02    -0.2944      0.388      0.563    27.9727 0.0000e+00
      0.395      0.000     5.4270     68.460    116.226 123.110663    10.5300     0.2381     0.0426     0.2538 1.7875e+02    -0.3397      0.388      0.563    27.9677 0.0000e+00
      0.395      0.000     5.4118     68.161    116.203 123.078714    10.4400     0.2113     0.0426     0.2115 1.6867e+02    -0.3700      0.388      0.563    27.9634 0.0000e+00
      0.396      0.000     5.3967     67.804    116.176 123.039659    10.4400     0.2495     0.0426     0.2115 1.7567e+02    -0.4002      0.388      0.563    27.9600 0.0000e+00
      0.396      0.001     5.3804     67.387    116.161 123.011090    10.4400     0.2304     0.0426     0.2115 1.7601e+02    -0.2793      0.388      0.563    27.9574 0.0000e+00
      0.396      0.001     5.3613     66.915    116.155 122.991390    10.4400     0.2381     0.0426     0.2115 1.7624e+02    -0.2642      0.388      0.563    27.9549 0.0000e+00
      0.396      0.002     5.3383     66.403    116.151 122.975304    10.5300     0.2457     0.0426     0.0846 1.8090e+02    -0.3397      0.389      0.564    27.9517 0.0000e+00
      0.397      0.002     5.3107     65.884    116.158 122.974546    10.5300     0.2419     0.0426     0.0846 1.6326e+02    -0.2944      0.389      0.564    27.9473 0.0000e+00
      0.397      0.003     5.2786     65.391    116.183 122.996916    10.5300     0.2152     0.0426     0.0846 1.8447e+02    -0.3246      0.389      0.565    27.9418 0.0000e+00
      0.398      0.004     5.2421     64.952    116.211 123.028374    10.5300     0.2228     0.0426     0.0846 1.6849e+02    -0.2642      0.390      0.566    27.9361 0.0000e+00
      0.399      0.005     5.2025     64.583    116.236 123.061304    10.5300     0.2228     0.0426     0.0846 1.7552e+02    -0.2944      0.391      0.567    27.9309 0.0000e+00
      0.400      0.006     5.1621     64.290    116.261 123.096484    10.4400     0.2190     0.0426     0.1269 1.8015e+02    -0.3851      0.393      0.570    27.9273 0.0000e+00
      0.402      0.007     5.1236     64.071    116.279 123.125293    10.4400     0.2228     0.0426     0.1269 1.6649e+02    -0.2642      0.394      0.572    27.9259 0.0000e+00
      0.404      0.008     5.0891     63.911    116.289 123.145411    10.4400     0.2228     0.0426     0.1269 1.7716e+02    -0.3095      0.396      0.575    27.9266 0.0000e+00
      0.406      0.008     5.0600     63.784    116.295 123.158200    10.4400     0.2419     0.0426     0.1269 1.6729e+02    -0.3246      0.398      0.578    27.9292 0.0000e+00
      0.408      0.009     5.0367     63.664    116.290 123.157070    10.4400     0.2457     0.0852     0.1269 1.6967e+02    -0.3549      0.401      0.581    27.9330 0.0000e+00
      0.411      0.009     5.0191     63.534    116.273 123.141719    10.4400     0.2495     0.0852     0.1269 1.7411e+02    -0.3246      0.403      0.584    27.9372 0.0000e+00
      0.413      0.009     5.0063     63.373    116.255 123.120057    10.4400     0.2152     0.0852     0.1269 1.6875e+02    -0.3246      0.405      0.588    27.9410 0.0000e+00
      0.415      0.008     4.9961     63.158    116.234 123.090310    10.4400     0.2419     0.0852     0.1269 1.7801e+02    -0.4304      0.407      0.591    27.9439 0.0000e+00
      0.418      0.008     4.9866     62.875    116.215 123.058548    10.4400     0.2457     0.0426     0.0846 1.7018e+02    -0.3549      0.409      0.594    27.9459 0.0000e+00
      0.420      0.007     4.9763     62.523    116.214 123.042309    10.4400     0.2381     0.0426     0.0846 1.7559e+02    -0.3246      0.411      0.597    27.9467 0.0000e+00
      0.421      0.007     4.9637     62.121    116.224 123.039261    10.4400     0.2190     0.0426     0.0846 1.7701e+02    -0.2793      0.413      0.599    27.9458 0.0000e+00
      0.423      0.006     4.9472     61.700    116.240 123.044588    10.4400     0.2304     0.0426     0.0846 1.7479e+02    -0.3700      0.415      0.601    27.9427 0.0000e+00
      0.424      0.006     4.9255     61.287    116.265 123.063713    10.4400     0.2495     0.0426     0.0846 1.7586e+02    -0.2642      0.416      0.603    27.9376 0.0000e+00
      0.426      0.006     4.8984     60.899    116.291 123.087731    10.5300     0.2304     0.0426     0.0846 1.7328e+02    -0.2642      0.417      0.605    27.9313 0.0000e+00
      0.427      0.005     4.8674     60.553    116.303 123.101040    10.5300     0.2152     0.0426     0.0846 1.7052e+02    -0.4153      0.419      0.607    27.9251 0.0000e+00
      0.428      0.005     4.8349     60.256    116.306 123.105189    10.5300     0.2152     0.0426     0.0846 1.8015e+02    -0.3095      0.420      0.609    27.9202 0.0000e+00
      0.430      0.005     4.8028     60.003    116.313 123.111288    10.5300     0.2419     0.0426     0.0846 1.6319e+02    -0.3549      0.421      0.611    27.9172 0.0000e+00
      0.431      0.005     4.7725     59.784    116.323 123.120962    10.5300     0.2266     0.0426     0.1269 1.8355e+02    -0.4153      0.422      0.613    27.9160 0.0000e+00
      0.432      0.005     4.7454     59.595    116.330 123.128790    10.5300     0.2228     0.0426     0.1269 1.6104e+02    -0.3549      0.424      0.615    27.9160 0.0000e+00
      0.434      0.004     4.7221     59.428    116.332 123.132856    10.5300     0.2571     0.0426     0.1269 1.7902e+02    -0.2944      0.425      0.616    27.9162 0.0000e+00
      0.435      0.004     4.7023     59.279    116.332 123.134247    10.5300     0.2419     0.0426     0.1269 1.6820e+02    -0.3095      0.426      0.618    27.9160 0.0000e+00
      0.435      0.004     4.6852     59.143    116.331 123.133333    10.4400     0.2152     0.0852     0.1269 1.7617e+02    -0.4002      0.427      0.619    27.9156 0.0000e+00
      0.436      0.003     4.6704     59.013    116.334 123.133870    10.4400     0.2342     0.0852     0.1269 1.7018e+02    -0.3095      0.428      0.620    27.9156 0.0000e+00
      0.437      0.003     4.6572     58.883    116.343 123.140005    10.4400     0.2152     0.0852     0.1269 1.7156e+02    -0.3549      0.428      0.621    27.9161 0.0000e+00
      0.438      0.002     4.6455     58.744    116.356 123.149371    10.4400     0.2419     0.0852     0.1269 1.7674e+02    -0.3549      0.429      0.622    27.9167 0.0000e+00
      0.438      0.001     4.6348     58.595    116.370 123.160464    10.5300     0.2228     0.0426     0.2961 1.6809e+02    -0.3549      0.430      0.623    27.9168 0.0000e+00
      0.438      0.001     4.6247     58.447    116.380 123.170240    10.5300     0.2152     0.0426     0.2961 1.7453e+02    -0.3700      0.430      0.623    27.9159 0.0000e+00
      0.438      0.000     4.6147     58.310    116.383 123.175305    10.5300     0.2342     0.0426     0.2961 1.6871e+02    -0.2944      0.430      0.623    27.9142 0.0000e+00
      0.438      0.000     4.6039     58.193    116.382 123.177010    10.5300     0.2495     0.0426     0.2961 1.7186e+02    -0.1887      0.430      0.624    27.9123 0.0000e+00
      0.438      0.000     4.5923     58.095    116.376 123.173808    10.5300     0.2113     0.0426     0.2961 1.7525e+02    -0.4002      0.430      0.624    27.9110 0.0000e+00
      0.438      0.000     4.5807     58.010    116.368 123.166847    10.4400     0.2342     0.0426     0.2115 1.6915e+02    -0.3549      0.430      0.624    27.9107 0.0000e+00
      0.438      0.000     4.5700     57.929    116.366 123.164273    10.4400     0.2304     0.0426     0.2115 1.7926e+02    -0.3700      0.430      0.623    27.9114 0.0000e+00
      0.438      0.000     4.5607     57.847    116.373 123.171402    10.4400     0.2152     0.0426     0.2115 1.6671e+02    -0.3549      0.430      0.623    27.9126 0.0000e+00
      0.438     -0.001     4.5530     57.765    116.382 123.180132    10.4400     0.2266     0.0426     0.2115 1.7674e+02    -0.3851      0.430      0.623    27.9137 0.0000e+00
      0.438     -0.001     4.5463     57.689    116.386 123.184788    10.4400     0.2457     0.0426     0.2538 1.6794e+02    -0.3397      0.429      0.623    27.9144 0.0000e+00
      0.438     -0.001     4.5399     57.633    116.392 123.194613    10.4400     0.2342     0.0426     0.2538 1.7891e+02    -0.3549      0.429      0.623    27.9144 0.0000e+00
      0.437     -0.001     4.5335     57.608    116.404 123.212229    10.4400     0.2342     0.0426     0.2538 1.7404e+02    -0.3700      0.429      0.622    27.9139 0.0000e+00
      0.437      0.000     4.5271     57.612    116.417 123.230330    10.4400     0.2190     0.0426     0.2538 1.7115e+02    -0.2944      0.429      0.622    27.9137 0.0000e+00
      0.437      0.000     4.5211     57.647    116.426 123.243740    10.3500     0.2228     0.0426     0.1692 1.7879e+02    -0.2944      0.429      0.622    27.9142 0.0000e+00
      0.437      0.000     4.5166     57.708    116.431 123.252034    10.3500     0.2304     0.0426     0.1692 1.6678e+02    -0.2944      0.429      0.622    27.9157 0.0000e+00
      0.437      0.000     4.5144     57.781    116.431 123.253422    10.3500     0.2152     0.0426     0.1692 1.8181e+02    -0.2793      0.429      0.622    27.9177 0.0000e+00
      0.437     -0.000     4.5146     57.852    116.422 123.244275    10.3500     0.2419     0.0426     0.1692 1.5910e+02    -0.3246      0.429      0.622    27.9197 0.0000e+00
      0.437     -0.000     4.5173     57.913    116.413 123.234155    10.3500     0.2304     0.0426     0.1692 1.8276e+02    -0.3549      0.429      0.622    27.9213 0.0000e+00
      0.437     -0.000     4.5219     57.955    116.419 123.238370    10.5300     0.2419     0.0426     0.1692 1.6494e+02    -0.3246      0.429      0.622    27.9225 0.0000e+00
      0.437     -0.000     4.5276     57.974    116.434 123.252042    10.5300     0.2495     0.0426     0.1692 1.7992e+02    -0.3549      0.429      0.622    27.9231 0.0000e+00
      0.437      0.000     4.5332     57.972    116.444 123.260811    10.5300     0.2266     0.0426     0.1692 1.6143e+02    -0.3851      0.429      0.622    27.9233 0.0000e+00
      0.437      0.000     4.5380     57.951    116.455 123.269017    10.5300     0.2419     0.0426     0.1692 1.8836e+02    -0.3700      0.429      0.622    27.9230 0.0000e+00
      0.437      0.000     4.5413     57.920    116.470 123.282847    10.4400     0.2228     0.0426     0.0846 1.5625e+02    -0.3549      0.429      0.621    27.9224 0.0000e+00
      0.437      0.000     4.5429     57.887    116.482 123.293988    10.4400     0.2419     0.0426     0.0846 1.8371e+02    -0.4304      0.428      0.621    27.9215 0.0000e+00
      0.437      0.000     4.5428     57.863    116.486 123.297406    10.4400     0.2342     0.0426     0.0846 1.5585e+02    -0.3549      0.428      0.621    27.9203 0.0000e+00
      0.436      0.000     4.5413     57.848    116.483 123.294013    10.4400     0.2152     0.0426     0.0846 1.8443e+02    -0.3851      0.428      0.621    27.9190 0.0000e+00
      0.436      0.000     4.5389     57.838    116.480 123.290908    10.4400     0.2075     0.0852     0.1269 1.6154e+02    -0.3549      0.428      0.621    27.9179 0.0000e+00
      0.436      0.001     4.5364     57.830    116.486 123.295264    10.4400     0.2190     0.0852     0.1269 1.7502e+02    -0.3549      0.428      0.621    27.9172 0.0000e+00
      0.437      0.001     4.5345     57.819    116.496 123.304242    10.4400     0.2419     0.0852     0.1269 1.6937e+02    -0.3397      0.429      0.621    27.9170 0.0000e+00
      0.437      0.001     4.5333     57.805    116.506 123.312234    10.4400     0.2304     0.0852     0.1269 1.7426e+02    -0.2944      0.429      0.622    27.9170 0.0000e+00
      0.437      0.001     4.5326     57.793    116.512 123.317369    10.3500     0.2495     0.0426     0.1269 1.7122e+02    -0.3246      0.429      0.622    27.9168 0.0000e+00
      0.437      0.001     4.5320     57.786    116.519 123.325017    10.3500     0.2228     0.0426     0.1269 1.7358e+02    -0.2793      0.429      0.622    27.9161 0.0000e+00
      0.438      0.001     4.5311     57.785    116.527 123.333217    10.3500     0.2266     0.0426     0.1269 1.7601e+02    -0.2340      0.429      0.623    27.9151 0.0000e+00
      0.438      0.002     4.5301     57.794    116.530 123.336154    10.3500     0.2304     0.0426     0.1269 1.7059e+02    -0.2793      0.430      0.623    27.9142 0.0000e+00
      0.439      0.002     4.5292     57.812    116.533 123.338611    10.3500     0.2266     0.0426     0.1269 1.7152e+02    -0.4304      0.430      0.624    27.9137 0.0000e+00
      0.439      0.002     4.5287     57.841    116.539 123.345245    10.4400     0.2304     0.0426     0.0000 1.7223e+02    -0.1887      0.431      0.624    27.9136 0.0000e+00
      0.439      0.002     4.5286     57.889    116.550 123.357824    10.4400     0.2266     0.0426     0.0000 1.7152e+02    -0.3095      0.431      0.625    27.9137 0.0000e+00
      0.440      0.003     4.5293     57.964    116.566 123.375704    10.4400     0.2190     0.0426     0.0000 1.7283e+02    -0.2944      0.432      0.626    27.9136 0.0000e+00
      0.440      0.003     4.5307     58.074    116.582 123.395648    10.4400     0.2304     0.0426     0.0000 1.7257e+02    -0.3246      0.432      0.627    27.9134 0.0000e+00
      0.441      0.004     4.5330     58.234    116.590 123.406970    10.3500     0.2304     0.0426     0.2115 1.7786e+02    -0.3397      0.433      0.628    27.9134 0.0000e+00
