Data/DataNotYetUploadedToEDI/Raw_CTD/RawDownloads/081822_bvr50_S7809001.cnv
* Sea-Bird SBE19plus  Data File:
* FileName = C:\R\Reservoirs\Data\DataNotYetUploadedToEDI\Raw_CTD\RawDownloads\081822_bvr50_S7809_0001.hex
* Software version 2.8.0.119
* Temperature SN = 7809
* Conductivity SN = 7809
* System UpLoad Time = Aug 18 2022 17:40:56
* <ApplicationData>
* <Seaterm232>
# nquan = 15
# nvalues = 1392                        
# units = specified
# name 0 = depFM: Depth [fresh water, m]
# name 1 = dz/dtM: Descent Rate [m/s]
# name 2 = sbeox0Mg/L: Oxygen, SBE 43 [mg/l]
# name 3 = sbeox0PS: Oxygen, SBE 43 [% saturation]
# name 4 = specc: Specific Conductance [uS/cm]
# name 5 = c0uS/cm: Conductivity [uS/cm]
# name 6 = flECO-AFL: Fluorescence, WET Labs ECO-AFL/FL [mg/m^3]
# name 7 = ph: pH
# name 8 = orp: Oxidation Reduction Potential [mV]
# name 9 = par/sat/log: PAR/Logarithmic, Satlantic
# name 10 = turbWETntu0: Turbidity, WET Labs ECO [NTU]
# name 11 = prdM: Pressure, Strain Gauge [db]
# name 12 = prdE: Pressure, Strain Gauge [psi]
# name 13 = tv290C: Temperature [ITS-90, deg C]
# name 14 = flag:  0.000e+00
# span 0 =     -0.741,      7.473       
# span 1 =     -0.263,      0.209       
# span 2 =     0.0206,     7.1278       
# span 3 =      0.222,     83.277       
# span 4 =      1.188,    256.105       
# span 5 =   1.142047, 179.332729       
# span 6 =    -1.1109,   157.2104       
# span 7 =      5.973,      7.781       
# span 8 = -1240.7455,   227.1288       
# span 9 = 1.2359e-01, 1.6859e+03       
# span 10 =    -0.2800,    17.6085      
# span 11 =     -0.728,      7.329      
# span 12 =     -1.056,     10.630      
# span 13 =     9.9178,    23.1719      
# span 14 = 0.0000e+00, 0.0000e+00      
# interval = seconds: 0.25
# start_time = Aug 18 2022 07:07:22 [Instrument's time stamp, header]
# bad_flag = -9.990e-29
*END*
[from data line 1254]
      3.154     -0.095     0.0381      0.326     94.352  70.402889    20.8187      7.658  -109.4464 1.0753e+01     7.7954      3.090      4.480    11.7001 0.0000e+00
      3.126     -0.108     0.0346      0.313     91.040  68.142748    26.1300      7.658  -108.6660 1.1882e+01     8.1353      3.064      4.444    11.8089 0.0000e+00
      3.099     -0.111     0.0383      0.289     89.869  67.585606    29.0855      7.658  -108.4366 1.3102e+01     8.3393      3.041      4.409    12.0490 0.0000e+00
      3.070     -0.110     0.0376      0.267     89.259  67.414776    29.9788      7.658  -108.4795 1.4382e+01     8.4522      3.010      4.365    12.2297 0.0000e+00
      3.040     -0.110     0.0337      0.271     85.842  64.997304    36.9226      7.658  -109.1840 1.5428e+01     9.0212      2.979      4.322    12.3080 0.0000e+00
      3.014     -0.112     0.0346      0.287     81.347  61.790184    49.6201      7.657  -110.3293 1.6343e+01    10.0270      2.955      4.287    12.3827 0.0000e+00
      2.988     -0.112     0.0307      0.284     78.701  60.134792    56.5579      7.656  -111.4000 1.7368e+01    10.5700      2.931      4.251    12.6052 0.0000e+00
      2.959     -0.108     0.0272      0.275     77.966  59.967323    57.2351      7.655  -112.1490 1.8537e+01    10.6002      2.904      4.211    12.8059 0.0000e+00
      2.926     -0.104     0.0275      0.281     77.625  59.956398    57.8503      7.654  -112.4167 1.9626e+01    10.6995      2.870      4.162    12.8452 0.0000e+00
      2.896     -0.103     0.0321      0.287     76.881  59.495123    61.6833      7.651  -112.7440 2.0356e+01    10.9162      2.835      4.111    12.9293 0.0000e+00
      2.874     -0.105     0.0300      0.292     75.091  58.199468    68.0808      7.650  -113.0088 2.0876e+01    11.0687      2.816      4.083    13.1876 0.0000e+00
      2.856     -0.109     0.0273      0.298     72.916  56.669951    71.4305      7.650  -112.6078 2.1536e+01    11.1089      2.804      4.066    13.5041 0.0000e+00
      2.833     -0.114     0.0297      0.298     71.917  56.110654    71.3800      7.650  -111.9388 2.2536e+01    11.0606      2.783      4.036    13.6517 0.0000e+00
      2.800     -0.118     0.0296      0.297     71.148  55.690699    67.4531      7.649  -111.1151 2.3796e+01    10.7233      2.748      3.985    13.6917 0.0000e+00
      2.761     -0.119     0.0300      0.309     70.133  55.020167    60.2230      7.648  -110.0471 2.5055e+01    10.1735      2.706      3.925    13.7325 0.0000e+00
      2.722     -0.119     0.0312      0.330     69.389  54.541358    56.2650      7.647  -109.2648 2.6160e+01     9.9121      2.668      3.869    13.8315 0.0000e+00
      2.691     -0.114     0.0311      0.338     68.290  53.773433    55.7771      7.644  -108.9693 2.6993e+01     9.9202      2.635      3.822    14.0255 0.0000e+00
      2.668     -0.109     0.0297      0.320     66.810  52.717005    54.2330      7.642  -108.8842 2.7648e+01     9.7588      2.615      3.793    14.1551 0.0000e+00
      2.648     -0.105     0.0312      0.293     64.422  50.971193    51.4198      7.639  -108.7514 2.8432e+01     9.3963      2.600      3.770    14.2190 0.0000e+00
      2.624     -0.104     0.0342      0.281     60.716  48.212787    49.8207      7.636  -108.4821 2.9375e+01     9.1576      2.575      3.735    14.3064 0.0000e+00
      2.596     -0.106     0.0361      0.281     56.936  45.445792    49.0806      7.633  -108.0378 3.0402e+01     9.0924      2.547      3.694    14.3631 0.0000e+00
      2.565     -0.109     0.0328      0.272     53.446  42.958910    42.5799      7.632  -107.4235 3.1486e+01     8.5055      2.516      3.649    14.4375 0.0000e+00
      2.534     -0.109     0.0290      0.254     50.866  41.236080    30.6812      7.629  -106.7339 3.2452e+01     7.3225      2.482      3.601    14.5558 0.0000e+00
      2.505     -0.107     0.0278      0.235     49.663  40.601115    24.1762      7.626  -106.1528 3.3313e+01     6.6078      2.457      3.563    14.6817 0.0000e+00
      2.479     -0.103     0.0292      0.222     48.891  40.229575    23.4635      7.622  -105.9033 3.4149e+01     6.4914      2.431      3.526    14.8900 0.0000e+00
      2.454     -0.099     0.0277      0.232     48.366  39.978905    22.1302      7.620  -105.7814 3.4819e+01     6.4615      2.403      3.487    15.1776 0.0000e+00
      2.432     -0.094     0.0251      0.263     48.064  39.853874    19.7919      7.620  -105.4536 3.5488e+01     6.4166      2.385      3.459    15.5315 0.0000e+00
      2.409     -0.088     0.0236      0.323     47.282  39.288814    18.5292      7.620  -104.9510 3.6404e+01     6.3589      2.365      3.429    15.9164 0.0000e+00
      2.383     -0.079     0.0206      0.421     44.811  37.332813    18.5069      7.620  -104.4368 3.7286e+01     6.3103      2.335      3.388    16.1669 0.0000e+00
      2.359     -0.070     0.0223      0.533     42.094  35.292278    19.5391      7.619  -104.1412 3.7893e+01     6.3077      2.311      3.352    16.3432 0.0000e+00
      2.343     -0.065     0.0250      0.638     42.134  35.670812    21.4626      7.617  -103.9581 3.8316e+01     6.4292      2.295      3.330    16.4732 0.0000e+00
      2.332     -0.062     0.0297      0.761     43.414  36.964527    22.5216      7.615  -103.5131 3.8605e+01     6.5842      2.285      3.316    16.5451 0.0000e+00
      2.324     -0.061     0.0404      0.930     43.232  36.793965    22.6214      7.614  -102.8909 3.9008e+01     6.6101      2.281      3.309    16.6064 0.0000e+00
      2.312     -0.064     0.0528      1.163     41.787  35.510950    22.6532      7.613  -102.2857 3.9724e+01     6.5372      2.272      3.295    16.8248 0.0000e+00
      2.292     -0.071     0.0602      1.426     40.479  34.451197    22.9712      7.612  -101.7022 4.0490e+01     6.4211      2.249      3.261    17.3896 0.0000e+00
      2.268     -0.081     0.0713      1.660     39.802  33.999562    23.5622      7.611  -101.2552 4.1171e+01     6.3331      2.223      3.224    17.7050 0.0000e+00
      2.246     -0.091     0.0861      1.854     39.050  33.474468    23.8820      7.611  -101.0121 4.1773e+01     6.3606      2.202      3.193    17.5454 0.0000e+00
      2.226     -0.099     0.1098      2.013     38.288  32.921242    23.7585      7.612  -100.7417 4.2360e+01     6.3443      2.183      3.166    17.4201 0.0000e+00
      2.202     -0.103     0.1386      2.161     37.778  32.573235    21.9515      7.614  -100.2232 4.3207e+01     5.9310      2.162      3.136    17.5142 0.0000e+00
      2.172     -0.103     0.1588      2.314     37.081  32.056558    18.6302      7.615   -99.6470 4.4223e+01     5.2578      2.132      3.091    17.7247 0.0000e+00
      2.138     -0.098     0.1778      2.463     35.999  31.239088    16.8192      7.617   -99.1095 4.5151e+01     4.9345      2.096      3.039    17.8667 0.0000e+00
      2.107     -0.088     0.1907      2.623     34.629  30.233821    16.6259      7.618   -98.5416 4.6023e+01     4.9255      2.063      2.993    17.9852 0.0000e+00
      2.084     -0.075     0.2034      2.830     33.492  29.474934    16.1594      7.618   -98.1158 4.6746e+01     4.7392      2.039      2.958    18.1214 0.0000e+00
      2.070     -0.061     0.2188      3.106     33.089  29.354050    15.3153      7.618   -97.8328 4.7236e+01     4.3895      2.027      2.940    18.2028 0.0000e+00
      2.063     -0.051     0.2315      3.469     33.310  29.723441    14.8757      7.616   -97.4436 4.7719e+01     4.2158      2.024      2.935    18.3455 0.0000e+00
      2.058     -0.046     0.2434      3.968     33.760  30.201298    14.9477      7.614   -96.6795 4.8267e+01     4.2439      2.019      2.929    18.6279 0.0000e+00
      2.048     -0.048     0.2601      4.610     34.109  30.504184    16.0528      7.612   -95.3902 4.8800e+01     4.4563      2.009      2.914    19.0023 0.0000e+00
      2.035     -0.056     0.2837      5.331     34.406  30.723055    18.0748      7.608   -93.8151 4.9389e+01     4.7687      1.997      2.896    19.3869 0.0000e+00
      2.019     -0.068     0.3127      6.015     34.638  30.882328    19.1618      7.602   -92.1759 5.0057e+01     4.8777      1.982      2.875    19.6656 0.0000e+00
      2.000     -0.080     0.3571      6.557     34.713  30.908388    19.2008      7.597   -90.2833 5.0696e+01     4.8186      1.962      2.845    19.7747 0.0000e+00
      1.979     -0.090     0.4186      6.953     34.752  30.911292    18.5370      7.596   -88.1391 5.1359e+01     4.6695      1.942      2.817    19.7251 0.0000e+00
      1.954     -0.094     0.4891      7.239     34.795  30.917394    17.2874      7.596   -86.0397 5.2181e+01     4.4746      1.921      2.785    19.6395 0.0000e+00
      1.924     -0.090     0.5575      7.428     34.837  30.918731    16.6018      7.596   -84.0007 5.3041e+01     4.4089      1.887      2.737    19.5732 0.0000e+00
      1.893     -0.077     0.6069      7.549     34.734  30.800624    16.5233      7.596   -81.7255 5.3650e+01     4.4227      1.852      2.687    19.5070 0.0000e+00
      1.869     -0.059     0.6414      7.643     34.403  30.503666    16.5127      7.595   -79.3525 5.3859e+01     4.4026      1.828      2.652    19.4717 0.0000e+00
      1.856     -0.043     0.6695      7.707     34.138  30.307805    16.5978      7.588   -77.4207 5.3532e+01     4.3696      1.817      2.636    19.4286 0.0000e+00
      1.854     -0.035     0.6861      7.714     33.942  30.207594    16.7365      7.579   -75.7472 5.2558e+01     4.3655      1.814      2.631    19.3651 0.0000e+00
      1.861     -0.038     0.6960      7.689     33.595  29.989456    16.7917      7.575   -73.9179 5.1517e+01     4.3874      1.825      2.645    19.3271 0.0000e+00
      1.866     -0.052     0.7051      7.699     33.284  29.825807    16.7577      7.575   -72.1659 5.1163e+01     4.3958      1.838      2.664    19.3012 0.0000e+00
      1.853     -0.072     0.7122      7.853     33.142  29.813923    16.4334      7.576   -70.7399 5.1274e+01     4.2951      1.825      2.648    19.3632 0.0000e+00
      1.820     -0.097     0.7098      8.401     32.958  29.719152    15.8339      7.578   -69.3242 5.1448e+01     4.0921      1.786      2.591    19.4985 0.0000e+00
      1.782     -0.121     0.7028      9.590     32.671  29.504122    15.4933      7.581   -67.6104 5.1718e+01     3.9578      1.745      2.531    19.6096 0.0000e+00
      1.746     -0.137     0.7005     11.384     32.451  29.369382    15.3535      7.583   -65.6779 5.1973e+01     3.9349      1.713      2.485    19.7918 0.0000e+00
      1.710     -0.144     0.7017     13.518     32.288  29.294557    14.2015      7.585   -63.5104 5.2316e+01     3.8491      1.679      2.436    20.0146 0.0000e+00
      1.671     -0.147     0.7390     15.816     32.154  29.233433    12.1094      7.586   -61.1064 5.2821e+01     3.6379      1.638      2.374    20.1022 0.0000e+00
      1.634     -0.150     0.8483     18.196     32.067  29.200941    10.9658      7.587   -58.7232 5.3303e+01     3.4998      1.601      2.321    20.1183 0.0000e+00
      1.599     -0.153     1.0206     20.455     31.920  29.091934    10.7950      7.588   -56.5494 5.3913e+01     3.4765      1.570      2.277    20.2470 0.0000e+00
      1.560     -0.153     1.2169     22.390     31.720  28.929712    10.2359      7.589   -54.5266 5.4663e+01     3.4247      1.531      2.220    20.3727 0.0000e+00
      1.517     -0.151     1.4193     23.892     31.551  28.824307     9.2583      7.588   -52.5924 5.5413e+01     3.3515      1.487      2.156    20.4511 0.0000e+00
      1.474     -0.148     1.6409     24.947     31.408  28.768402     8.7211      7.586   -50.7152 5.6256e+01     3.3092      1.444      2.093    20.5463 0.0000e+00
      1.436     -0.143     1.8502     25.796     31.321  28.760987     8.6847      7.584   -48.9503 5.7248e+01     3.2546      1.405      2.038    20.5704 0.0000e+00
      1.402     -0.139     2.0254     26.780     31.305  28.798145     8.8678      7.580   -47.3424 5.8191e+01     3.2379      1.374      1.993    20.5726 0.0000e+00
      1.370     -0.136     2.1614     28.035     31.246  28.774019     9.2128      7.576   -45.4714 5.8941e+01     3.3460      1.343      1.949    20.6539 0.0000e+00
      1.339     -0.136     2.2400     29.517     31.103  28.659489     9.4094      7.574   -42.9336 5.9685e+01     3.4692      1.312      1.905    20.8008 0.0000e+00
      1.307     -0.140     2.2959     31.056     30.955  28.554396     9.4226      7.573   -40.1468 6.0424e+01     3.4630      1.284      1.862    20.9204 0.0000e+00
      1.270     -0.145     2.3781     32.472     30.840  28.517606     9.3886      7.572   -37.5874 6.1203e+01     3.3736      1.248      1.809    21.0008 0.0000e+00
      1.229     -0.149     2.4879     33.759     30.751  28.531703     9.0814      7.569   -35.2192 6.2220e+01     3.3106      1.205      1.748    21.0531 0.0000e+00
      1.187     -0.153     2.6262     35.142     30.650  28.534818     8.5052      7.565   -33.0237 6.3246e+01     3.2817      1.165      1.689    21.0569 0.0000e+00
      1.147     -0.155     2.7688     36.901     30.537  28.492023     8.1814      7.561   -31.0021 6.3654e+01     3.2633      1.125      1.631    21.0901 0.0000e+00
      1.109     -0.155     2.8881     39.064     30.480  28.458072     8.1040      7.558   -29.0169 6.3268e+01     3.2248      1.087      1.577    21.2153 0.0000e+00
      1.071     -0.152     2.9852     41.433     30.448  28.441278     7.5865      7.556   -27.0024 6.2794e+01     3.1241      1.052      1.525    21.3842 0.0000e+00
      1.031     -0.148     3.0833     43.716     30.381  28.415762     6.6610      7.555   -25.1442 6.2699e+01     3.0364      1.012      1.468    21.5652 0.0000e+00
      0.991     -0.143     3.2323     45.702     30.311  28.403157     6.1682      7.555   -23.4994 6.2705e+01     3.0187      0.970      1.407    21.6812 0.0000e+00
      0.955     -0.137     3.4296     47.449     30.278  28.415730     6.0981      7.554   -21.9995 6.2738e+01     3.0123      0.935      1.356    21.6791 0.0000e+00
      0.921     -0.128     3.6471     49.083     30.282  28.441070     5.7222      7.555   -20.4316 6.2913e+01     2.9589      0.903      1.310    21.6792 0.0000e+00
      0.890     -0.118     3.8529     50.580     30.291  28.456021     5.0349      7.558   -18.5670 6.3023e+01     2.8853      0.871      1.264    21.7498 0.0000e+00
      0.861     -0.108     4.0144     51.876     30.298  28.469735     4.6631      7.558   -16.8344 6.2924e+01     2.8739      0.844      1.224    21.8556 0.0000e+00
      0.834     -0.100     4.1544     52.940     30.291  28.480115     4.6639      7.552   -15.3997 6.2708e+01     2.8558      0.816      1.185    21.9347 0.0000e+00
      0.809     -0.098     4.2990     53.790     30.237  28.454776     4.9708      7.542   -13.8680 6.2457e+01     2.8369      0.790      1.146    21.9621 0.0000e+00
      0.791     -0.101     4.4307     54.502     30.174  28.416950     5.5350      7.531   -12.2528 6.1928e+01     2.9191      0.776      1.125    21.9668 0.0000e+00
      0.773     -0.109     4.5458     55.183     30.142  28.403127     5.8423      7.521   -10.5837 6.1193e+01     3.0298      0.763      1.106    21.9683 0.0000e+00
      0.746     -0.119     4.6350     55.866     30.140  28.414441     5.8398      7.513    -8.9147 6.1011e+01     3.0815      0.735      1.066    21.9994 0.0000e+00
      0.709     -0.131     4.7023     56.510     30.144  28.426985     5.5717      7.508    -7.5607 6.1569e+01     3.0319      0.696      1.010    22.0540 0.0000e+00
      0.669     -0.143     4.7576     57.157     30.137  28.428030     5.0804      7.506    -6.3437 6.2498e+01     2.9079      0.654      0.949    22.0852 0.0000e+00
      0.630     -0.151     4.8120     57.826     30.131  28.427094     4.8110      7.505    -5.0417 6.3703e+01     2.8473      0.617      0.896    22.1125 0.0000e+00
