Data/DataNotYetUploadedToEDI/Raw_CTD/RawDownloads/081822_bvr50_S7809001.cnv
* Sea-Bird SBE19plus  Data File:
* FileName = C:\R\Reservoirs\Data\DataNotYetUploadedToEDI\Raw_CTD\RawDownloads\081822_bvr50_S7809_0001.hex
* Software version 2.8.0.119
* Temperature SN = 7809
* Conductivity SN = 7809
* System UpLoad Time = Aug 18 2022 17:40:56
* <ApplicationData>
* <Seaterm232>
# nquan = 15
# nvalues = 1392                        
# units = specified
# name 0 = depFM: Depth [fresh water, m]
# name 1 = dz/dtM: Descent Rate [m/s]
# name 2 = sbeox0Mg/L: Oxygen, SBE 43 [mg/l]
# name 3 = sbeox0PS: Oxygen, SBE 43 [% saturation]
# name 4 = specc: Specific Conductance [uS/cm]
# name 5 = c0uS/cm: Conductivity [uS/cm]
# name 6 = flECO-AFL: Fluorescence, WET Labs ECO-AFL/FL [mg/m^3]
# name 7 = ph: pH
# name 8 = orp: Oxidation Reduction Potential [mV]
# name 9 = par/sat/log: PAR/Logarithmic, Satlantic
# name 10 = turbWETntu0: Turbidity, WET Labs ECO [NTU]
# name 11 = prdM: Pressure, Strain Gauge [db]
# name 12 = prdE: Pressure, Strain Gauge [psi]
# name 13 = tv290C: Temperature [ITS-90, deg C]
# name 14 = flag:  0.000e+00
# span 0 =     -0.741,      7.473       
# span 1 =     -0.263,      0.209       
# span 2 =     0.0206,     7.1278       
# span 3 =      0.222,     83.277       
# span 4 =      1.188,    256.105       
# span 5 =   1.142047, 179.332729       
# span 6 =    -1.1109,   157.2104       
# span 7 =      5.973,      7.781       
# span 8 = -1240.7455,   227.1288       
# span 9 = 1.2359e-01, 1.6859e+03       
# span 10 =    -0.2800,    17.6085      
# span 11 =     -0.728,      7.329      
# span 12 =     -1.056,     10.630      
# span 13 =     9.9178,    23.1719      
# span 14 = 0.0000e+00, 0.0000e+00      
# interval = seconds: 0.25
# start_time = Aug 18 2022 07:07:22 [Instrument's time stamp, header]
# bad_flag = -9.990e-29
*END*
[from data line 482]
      3.760      0.041     0.0734      0.664     66.934  52.137222     4.2392      7.032   170.3460 1.7686e-01     6.4238      3.688      5.349    14.3303 0.0000e+00
      3.772      0.037     0.0748      0.654     66.958  52.060733     4.2432      7.030   168.0991 1.6901e-01     6.3768      3.701      5.368    14.2870 0.0000e+00
      3.781      0.034     0.0677      0.644     66.555  51.737858     4.2490      7.029   165.9918 1.5002e-01     6.3997      3.708      5.378    14.2181 0.0000e+00
      3.788      0.032     0.0671      0.637     65.806  51.216124     4.2506      7.029   164.1402 1.4229e-01     6.3930      3.714      5.387    14.0658 0.0000e+00
      3.793      0.032     0.0697      0.622     65.016  50.702609     4.2707      7.028   162.5743 1.4591e-01     6.3976      3.719      5.394    13.9201 0.0000e+00
      3.799      0.032     0.0674      0.612     64.428  50.352123     4.3173      7.025   161.1697 1.4293e-01     6.4563      3.725      5.402    13.8477 0.0000e+00
      3.807      0.032     0.0662      0.607     64.123  50.214977     4.3476      7.023   159.9777 1.3613e-01     6.5216      3.732      5.413    13.8485 0.0000e+00
      3.819      0.031     0.0668      0.583     64.056  50.250216     4.3628      7.022   158.9168 1.3595e-01     6.6057      3.744      5.431    13.8970 0.0000e+00
      3.830      0.028     0.0638      0.566     64.349  50.524476     4.3595      7.023   157.6348 1.4132e-01     6.6197      3.757      5.450    13.9926 0.0000e+00
      3.837      0.025     0.0618      0.577     65.450  51.373460     4.3250      7.024   156.0915 1.4341e-01     6.4852      3.764      5.460    14.0752 0.0000e+00
      3.841      0.022     0.0645      0.593     67.018  52.519022     4.2952      7.025   154.5396 1.3786e-01     6.3467      3.767      5.464    14.1508 0.0000e+00
      3.843      0.022     0.0593      0.607     68.331  53.396131     4.2977      7.025   153.0672 1.3292e-01     6.3455      3.768      5.466    14.2356 0.0000e+00
      3.846      0.025     0.0561      0.628     69.304  53.981606     4.3141      7.025   151.7111 1.3499e-01     6.5732      3.769      5.468    14.2700 0.0000e+00
      3.852      0.032     0.0596      0.639     69.941  54.329811     4.3190      7.023   150.4476 1.3917e-01     6.9134      3.777      5.477    14.2613 0.0000e+00
      3.861      0.039     0.0611      0.632     70.378  54.559521     4.3153      7.020   149.1463 1.3785e-01     7.0771      3.786      5.490    14.2022 0.0000e+00
      3.872      0.044     0.0619      0.622     70.609  54.664324     4.3033      7.019   147.7650 1.3158e-01     7.0489      3.794      5.503    14.0744 0.0000e+00
      3.889      0.049     0.0650      0.609     71.295  55.152581     4.2810      7.021   146.4802 1.2629e-01     6.9834      3.814      5.532    13.9328 0.0000e+00
      3.905      0.054     0.0676      0.596     73.621  56.908261     4.2629      7.023   145.3997 1.2603e-01     6.9341      3.833      5.561    13.8277 0.0000e+00
      3.916      0.057     0.0648      0.602     76.491  59.006727     4.2584      7.023   144.2510 1.2838e-01     6.8965      3.839      5.568    13.7499 0.0000e+00
      3.926      0.058     0.0649      0.628     78.381  60.274274     4.2604      7.023   142.9160 1.2764e-01     6.8361      3.847      5.578    13.6986 0.0000e+00
      3.943      0.057     0.0635      0.642     79.925  61.314248     4.2702      7.023   141.6471 1.2504e-01     6.7171      3.865      5.606    13.6692 0.0000e+00
      3.963      0.057     0.0611      0.630     82.087  62.882351     4.2853      7.025   140.6105 1.2391e-01     6.5849      3.888      5.639    13.6698 0.0000e+00
      3.979      0.059     0.0613      0.632     84.825  64.820188     4.2933      7.026   139.5888 1.2377e-01     6.5697      3.903      5.661    13.5978 0.0000e+00
      3.990      0.059     0.0658      0.642     87.017  66.201871     4.3009      7.026   138.3291 1.2373e-01     6.6357      3.913      5.676    13.4270 0.0000e+00
      4.002      0.056     0.0697      0.642     88.006  66.632868     4.3345      7.027   136.9942 1.2377e-01     6.5289      3.924      5.691    13.3314 0.0000e+00
      4.017      0.055     0.0637      0.631     89.164  67.300142     4.3924      7.027   135.8378 1.2385e-01     6.2679      3.938      5.712    13.3187 0.0000e+00
      4.033      0.056     0.0663      0.611     91.112  68.680265     4.4268      7.026   134.8447 1.2383e-01     6.1107      3.958      5.740    13.2465 0.0000e+00
      4.046      0.058     0.0684      0.606     92.508  69.664092     4.4255      7.026   133.7621 1.2376e-01     6.0638      3.969      5.756    13.0454 0.0000e+00
      4.059      0.058     0.0675      0.618     92.713  69.731587     4.4189      7.026   132.3843 1.2376e-01     6.0421      3.978      5.770    12.8222 0.0000e+00
      4.076      0.056     0.0686      0.637     92.000  69.115069     4.4709      7.023   130.9202 1.2378e-01     6.0871      3.999      5.800    12.7060 0.0000e+00
      4.092      0.052     0.0628      0.645     91.173  68.434563     4.5804      7.020   129.5677 1.2376e-01     6.1632      4.015      5.823    12.6896 0.0000e+00
      4.106      0.046     0.0641      0.627     90.788  68.109427     4.6437      7.017   128.0773 1.2375e-01     6.1767      4.026      5.838    12.6583 0.0000e+00
      4.119      0.040     0.0653      0.606     90.133  67.597446     4.6545      7.017   126.3220 1.2378e-01     6.1490      4.041      5.861    12.5991 0.0000e+00
      4.129      0.033     0.0680      0.606     89.584  67.198133     4.6939      7.018   124.6924 1.2382e-01     6.0667      4.051      5.876    12.5557 0.0000e+00
      4.134      0.027     0.0704      0.618     89.830  67.473107     4.7623      7.018   123.3442 1.2381e-01     5.9335      4.054      5.880    12.5220 0.0000e+00
      4.136      0.023     0.0666      0.616     89.600  67.429135     4.7907      7.018   121.9802 1.2379e-01     5.8703      4.056      5.883    12.5039 0.0000e+00
      4.140      0.020     0.0638      0.611     88.825  66.920812     4.7881      7.019   120.5903 1.2384e-01     5.8839      4.057      5.885    12.4950 0.0000e+00
      4.148      0.019     0.0634      0.603     88.034  66.344584     4.7802      7.020   119.3587 1.2386e-01     5.8928      4.067      5.899    12.4806 0.0000e+00
      4.155      0.020     0.0676      0.587     86.932  65.542769     4.7529      7.021   118.3605 1.2380e-01     5.8750      4.076      5.912    12.5387 0.0000e+00
      4.158      0.023     0.0648      0.572     86.687  65.418640     4.7332      7.023   117.4690 1.2375e-01     5.8400      4.078      5.914    12.6463 0.0000e+00
      4.161      0.027     0.0650      0.554     88.037  66.494955     4.7407      7.023   116.4952 1.2379e-01     5.8103      4.080      5.917    12.6799 0.0000e+00
      4.166      0.031     0.0649      0.535     89.791  67.823500     4.8111      7.024   115.3630 1.2385e-01     5.8920      4.085      5.924    12.6729 0.0000e+00
      4.175      0.034     0.0615      0.517     91.235  68.843302     4.9264      7.025   114.1041 1.2392e-01     6.0772      4.094      5.936    12.6847 0.0000e+00
      4.188      0.036     0.0614      0.513     91.993  69.297902     4.9866      7.026   112.9756 1.2388e-01     6.1703      4.108      5.957    12.7306 0.0000e+00
      4.201      0.037     0.0580      0.524     92.433  69.508842     4.9812      7.029   111.9564 1.2378e-01     6.1293      4.121      5.977    12.7736 0.0000e+00
      4.211      0.036     0.0571      0.523     94.233  70.758359     4.9532      7.031   110.9018 1.2373e-01     5.9914      4.130      5.990    12.7820 0.0000e+00
      4.219      0.033     0.0541      0.522     96.308  72.209074     4.9231      7.031   109.8599 1.2373e-01     5.8347      4.138      6.001    12.7352 0.0000e+00
      4.224      0.030     0.0528      0.536     96.853  72.502181     4.9080      7.032   108.8239 1.2376e-01     5.8410      4.143      6.007    12.6612 0.0000e+00
      4.231      0.027     0.0573      0.556     97.321  72.777727     4.9119      7.035   107.9253 1.2376e-01     5.9308      4.147      6.016    12.5898 0.0000e+00
      4.239      0.026     0.0552      0.570     98.627  73.698207     4.8793      7.037   107.0827 1.2375e-01     5.9295      4.157      6.030    12.5422 0.0000e+00
      4.246      0.026     0.0547      0.570     99.531  74.292469     4.7964      7.040   106.1218 1.2375e-01     5.8936      4.165      6.041    12.4955 0.0000e+00
      4.251      0.027     0.0574      0.568     99.619  74.308442     4.7500      7.043   105.1695 1.2375e-01     5.8721      4.168      6.046    12.4096 0.0000e+00
      4.256      0.027     0.0591      0.569     99.819  74.463099     4.7430      7.047   104.2587 1.2376e-01     5.8746      4.173      6.052    12.3816 0.0000e+00
      4.263      0.028     0.0624      0.564    100.663  75.082340     4.7362      7.050   103.3688 1.2382e-01     5.8898      4.180      6.062    12.3742 0.0000e+00
      4.272      0.031     0.0605      0.564    102.509  76.395040     4.7434      7.052   102.4975 1.2387e-01     5.8853      4.189      6.076    12.3088 0.0000e+00
      4.280      0.034     0.0603      0.573    105.267  78.325598     4.7544      7.053   101.5539 1.2384e-01     5.8884      4.198      6.088    12.2762 0.0000e+00
      4.288      0.036     0.0616      0.570    107.899  80.060129     4.7539      7.056   100.5638 1.2379e-01     5.8932      4.204      6.098    12.3026 0.0000e+00
      4.298      0.038     0.0600      0.574    109.858  81.225509     4.7456      7.059    99.5604 1.2378e-01     5.8749      4.214      6.112    12.3038 0.0000e+00
      4.309      0.040     0.0594      0.606    111.065  81.865844     4.6953      7.059    98.3704 1.2382e-01     5.8382      4.226      6.130    12.2629 0.0000e+00
      4.319      0.040     0.0626      0.618    111.605  82.082010     4.6116      7.061    96.9295 1.2382e-01     5.8257      4.236      6.144    12.2236 0.0000e+00
      4.330      0.040     0.0615      0.598    111.904  82.186435     4.5744      7.064    95.5614 1.2374e-01     5.8597      4.244      6.156    12.1135 0.0000e+00
      4.341      0.039     0.0592      0.596    112.158  82.302043     4.5783      7.065    94.5615 1.2373e-01     5.9083      4.258      6.176    11.9542 0.0000e+00
      4.351      0.036     0.0669      0.606    112.193  82.272116     4.5337      7.066    93.5307 1.2379e-01     5.9006      4.267      6.189    11.8421 0.0000e+00
      4.359      0.033     0.0695      0.598    112.076  82.142329     4.4350      7.067    92.3045 1.2382e-01     5.8003      4.273      6.197    11.7595 0.0000e+00
      4.368      0.030     0.0628      0.588    112.006  82.067501     4.3674      7.070    91.3506 1.2380e-01     5.6859      4.283      6.213    11.7110 0.0000e+00
      4.376      0.028     0.0639      0.568    111.921  82.002945     4.3404      7.074    90.6867 1.2377e-01     5.6117      4.293      6.227    11.6878 0.0000e+00
      4.381      0.028     0.0677      0.538    111.719  81.870254     4.2664      7.076    89.9562 1.2378e-01     5.5861      4.297      6.232    11.6606 0.0000e+00
      4.386      0.029     0.0640      0.516    111.589  81.797884     4.1461      7.078    88.8845 1.2383e-01     5.6152      4.300      6.237    11.6393 0.0000e+00
      4.392      0.029     0.0648      0.504    111.791  81.954205     4.0852      7.080    87.5378 1.2384e-01     5.6900      4.306      6.245    11.6297 0.0000e+00
      4.401      0.030     0.0627      0.502    112.221  82.234920     4.0794      7.085    86.0630 1.2384e-01     5.7393      4.315      6.259    11.6278 0.0000e+00
      4.411      0.031     0.0573      0.502    112.640  82.458925     4.0679      7.088    84.6475 1.2382e-01     5.6303      4.327      6.276    11.6370 0.0000e+00
      4.421      0.032     0.0563      0.514    112.927  82.565062     4.0461      7.089    83.5003 1.2374e-01     5.4657      4.337      6.290    11.6502 0.0000e+00
      4.427      0.032     0.0537      0.534    113.144  82.628255     4.0236      7.092    82.6036 1.2370e-01     5.4222      4.341      6.296    11.6602 0.0000e+00
      4.433      0.032     0.0553      0.549    113.364  82.714403     4.0040      7.094    82.0655 1.2373e-01     5.4119      4.347      6.305    11.6467 0.0000e+00
      4.441      0.032     0.0539      0.579    113.619  82.843856     3.9332      7.097    81.9839 1.2376e-01     5.3416      4.355      6.317    11.6025 0.0000e+00
      4.451      0.033     0.0548      0.601    113.977  83.049287     3.8090      7.099    81.7893 1.2373e-01     5.2555      4.364      6.330    11.5519 0.0000e+00
      4.460      0.034     0.0598      0.586    114.390  83.291345     3.7429      7.101    81.0037 1.2368e-01     5.2242      4.375      6.345    11.5078 0.0000e+00
      4.468      0.034     0.0582      0.560    114.898  83.609366     3.7408      7.102    79.9707 1.2374e-01     5.2364      4.383      6.356    11.4757 0.0000e+00
      4.477      0.034     0.0632      0.535    115.456  83.970474     3.7336      7.104    79.0221 1.2379e-01     5.2328      4.390      6.367    11.4554 0.0000e+00
      4.486      0.034     0.0686      0.518    115.688  84.097814     3.7061      7.106    78.0513 1.2375e-01     5.1806      4.400      6.382    11.4309 0.0000e+00
      4.495      0.033     0.0635      0.523    115.515  83.941258     3.6746      7.108    76.6649 1.2376e-01     5.1176      4.408      6.393    11.4025 0.0000e+00
      4.503      0.031     0.0611      0.534    115.233  83.730218     3.6605      7.111    75.1645 1.2382e-01     5.1200      4.415      6.404    11.3801 0.0000e+00
      4.513      0.029     0.0589      0.531    115.006  83.580218     3.6607      7.112    74.1074 1.2383e-01     5.1750      4.427      6.420    11.3622 0.0000e+00
      4.520      0.027     0.0549      0.529    114.902  83.526038     3.6438      7.114    73.2613 1.2383e-01     5.1683      4.433      6.430    11.3436 0.0000e+00
      4.525      0.025     0.0571      0.533    114.956  83.583667     3.5978      7.117    72.5914 1.2382e-01     5.0733      4.436      6.435    11.3260 0.0000e+00
      4.530      0.024     0.0597      0.533    115.024  83.641390     3.5619      7.119    72.2038 1.2379e-01     4.9823      4.442      6.443    11.3239 0.0000e+00
      4.535      0.022     0.0579      0.538    114.951  83.588345     3.5436      7.120    71.9302 1.2376e-01     4.9226      4.449      6.451    11.3348 0.0000e+00
      4.541      0.021     0.0569      0.540    114.850  83.514366     3.5345      7.122    71.6920 1.2376e-01     4.8981      4.454      6.458    11.3440 0.0000e+00
      4.548      0.021     0.0594      0.527    115.014  83.636816     3.5438      7.125    71.1304 1.2376e-01     4.9255      4.460      6.468    11.3536 0.0000e+00
      4.554      0.020     0.0578      0.516    115.419  83.924720     3.5549      7.127    69.8725 1.2376e-01     4.9797      4.467      6.479    11.3576 0.0000e+00
      4.558      0.020     0.0584      0.511    115.654  84.071417     3.5521      7.129    68.5279 1.2380e-01     5.0069      4.471      6.484    11.3552 0.0000e+00
      4.561      0.020     0.0605      0.503    115.598  84.012072     3.5184      7.131    67.8654 1.2382e-01     4.9810      4.471      6.486    11.3537 0.0000e+00
      4.566      0.020     0.0569      0.495    115.457  83.906376     3.4644      7.132    67.5413 1.2381e-01     4.9405      4.477      6.493    11.3580 0.0000e+00
      4.573      0.021     0.0561      0.486    115.233  83.746931     3.4401      7.134    66.7593 1.2372e-01     4.9266      4.485      6.504    11.3591 0.0000e+00
      4.579      0.022     0.0562      0.479    114.765  83.419088     3.4322      7.137    65.4656 1.2364e-01     4.9156      4.491      6.513    11.3412 0.0000e+00
      4.584      0.023     0.0549      0.476    114.452  83.247749     3.4354      7.140    64.2889 1.2371e-01     4.8417      4.495      6.520    11.3313 0.0000e+00
