Data/DataNotYetUploadedToEDI/Raw_CTD/RawDownloads/081822_fcr50_S7809002.cnv
* Sea-Bird SBE19plus  Data File:
* FileName = C:\R\Reservoirs\Data\DataNotYetUploadedToEDI\Raw_CTD\RawDownloads\081822_bvr50_S7809_0002.hex
* Software version 2.8.0.119
* Temperature SN = 7809
* Conductivity SN = 7809
* System UpLoad Time = Aug 18 2022 17:41:36
* <ApplicationData>
* <Seaterm232>
# nquan = 15
# nvalues = 1517                        
# units = specified
# name 0 = depFM: Depth [fresh water, m]
# name 1 = dz/dtM: Descent Rate [m/s]
# name 2 = sbeox0Mg/L: Oxygen, SBE 43 [mg/l]
# name 3 = sbeox0PS: Oxygen, SBE 43 [% saturation]
# name 4 = specc: Specific Conductance [uS/cm]
# name 5 = c0uS/cm: Conductivity [uS/cm]
# name 6 = flECO-AFL: Fluorescence, WET Labs ECO-AFL/FL [mg/m^3]
# name 7 = ph: pH
# name 8 = orp: Oxidation Reduction Potential [mV]
# name 9 = par/sat/log: PAR/Logarithmic, Satlantic
# name 10 = turbWETntu0: Turbidity, WET Labs ECO [NTU]
# name 11 = prdM: Pressure, Strain Gauge [db]
# name 12 = prdE: Pressure, Strain Gauge [psi]
# name 13 = tv290C: Temperature [ITS-90, deg C]
# name 14 = flag:  0.000e+00
# span 0 =     -0.663,      9.589       
# span 1 =     -0.251,      0.207       
# span 2 =     0.0284,     7.0463       
# span 3 =      0.296,     83.304       
# span 4 =      0.667,    532.449       
# span 5 =   0.711670, 398.833936       
# span 6 =    -0.8509,    34.7845       
# span 7 =      6.123,      8.380       
# span 8 =  -337.0962,   828.6590       
# span 9 = 1.2352e-01, 1.9047e+03       
# span 10 =    -1.3062,   242.7415      
# span 11 =     -0.652,      9.404      
# span 12 =     -0.946,     13.639      
# span 13 =    11.4275,    28.3859      
# span 14 = 0.0000e+00, 0.0000e+00      
# interval = seconds: 0.25
# start_time = Aug 18 2022 09:32:34 [Instrument's time stamp, header]
# bad_flag = -9.990e-29
*END*
[from data line 1254]
      5.672     -0.124     0.0390      0.341     60.951  44.481737     1.5453      7.907    92.6489 1.2372e-01    15.5177      5.563      8.068    11.4907 0.0000e+00
      5.637     -0.129     0.0379      0.337     60.876  44.428547     1.5565      7.903    92.8234 1.2374e-01    15.5322      5.531      8.023    11.4905 0.0000e+00
      5.599     -0.129     0.0406      0.343     60.855  44.412545     1.5557      7.899    92.9109 1.2374e-01    15.4981      5.491      7.964    11.4876 0.0000e+00
      5.562     -0.125     0.0401      0.347     60.861  44.415135     1.5442      7.896    92.8457 1.2368e-01    15.4812      5.453      7.909    11.4847 0.0000e+00
      5.531     -0.119     0.0359      0.333     60.837  44.396424     1.5333      7.893    92.7243 1.2368e-01    15.4638      5.423      7.866    11.4865 0.0000e+00
      5.502     -0.111     0.0365      0.317     60.810  44.376633     1.5161      7.889    92.6473 1.2371e-01    15.5271      5.396      7.826    11.4895 0.0000e+00
      5.476     -0.102     0.0374      0.328     60.795  44.366154     1.5029      7.886    92.7756 1.2368e-01    15.6659      5.370      7.788    11.4879 0.0000e+00
      5.453     -0.096     0.0384      0.340     60.835  44.396607     1.5069      7.882    93.1566 1.2363e-01    15.7423      5.348      7.756    11.4857 0.0000e+00
      5.431     -0.093     0.0374      0.343     60.874  44.427639     1.5056      7.877    93.5546 1.2363e-01    15.7675      5.327      7.726    11.4852 0.0000e+00
      5.408     -0.095     0.0317      0.355     60.866  44.424172     1.5206      7.873    93.5438 1.2359e-01    15.7997      5.303      7.691    11.4846 0.0000e+00
      5.386     -0.099     0.0367      0.372     60.857  44.418122     1.5725      7.870    93.3707 1.2378e-01    15.8921      5.281      7.659    11.4853 0.0000e+00
      5.365     -0.102     0.0377      0.387     60.860  44.417933     1.6087      7.866    93.4401 1.2643e-01    15.9630      5.265      7.636    11.4868 0.0000e+00
      5.337     -0.103     0.0364      0.393     60.868  44.421887     1.6174      7.863    93.7801 1.3180e-01    15.9399      5.236      7.595    11.4882 0.0000e+00
      5.302     -0.100     0.0390      0.401     60.842  44.402487     1.6104      7.861    94.2982 1.3804e-01    15.9202      5.198      7.539    11.4912 0.0000e+00
      5.272     -0.094     0.0401      0.395     60.803  44.373692     1.5827      7.857    94.5425 1.4448e-01    15.9629      5.167      7.495    11.4924 0.0000e+00
      5.248     -0.087     0.0432      0.365     60.828  44.390927     1.5657      7.853    94.4113 1.4453e-01    16.0806      5.146      7.462    11.4893 0.0000e+00
      5.231     -0.079     0.0420      0.354     60.871  44.420554     1.5632      7.849    94.6045 1.3993e-01    16.1811      5.128      7.437    11.4871 0.0000e+00
      5.217     -0.074     0.0441      0.363     60.866  44.414716     1.5518      7.844    95.1575 1.3928e-01    16.1876      5.115      7.419    11.4872 0.0000e+00
      5.203     -0.073     0.0453      0.360     60.826  44.383780     1.5282      7.840    95.3331 1.4333e-01    16.0577      5.105      7.404    11.4869 0.0000e+00
      5.185     -0.076     0.0382      0.358     60.801  44.363708     1.4944      7.837    95.2641 1.6122e-01    15.8061      5.087      7.378    11.4864 0.0000e+00
      5.163     -0.081     0.0370      0.371     60.801  44.362348     1.4836      7.833    95.0983 1.9062e-01    15.6726      5.063      7.343    11.4853 0.0000e+00
      5.140     -0.086     0.0414      0.377     60.810  44.367329     1.4978      7.830    95.1350 2.0192e-01    15.7076      5.041      7.311    11.4827 0.0000e+00
      5.115     -0.089     0.0388      0.376     60.802  44.360487     1.5155      7.826    95.7950 1.9793e-01    15.7851      5.017      7.277    11.4808 0.0000e+00
      5.090     -0.091     0.0379      0.390     60.780  44.343064     1.5315      7.821    96.2810 2.0975e-01    15.8585      4.991      7.239    11.4798 0.0000e+00
      5.067     -0.095     0.0410      0.394     60.787  44.346996     1.5337      7.817    96.3635 2.2926e-01    15.8784      4.969      7.205    11.4789 0.0000e+00
      5.047     -0.101     0.0423      0.381     60.785  44.344585     1.5426      7.813    96.3635 2.3815e-01    15.8884      4.951      7.181    11.4778 0.0000e+00
      5.025     -0.106     0.0392      0.376     60.743  44.313905     1.5634      7.809    96.2811 2.4581e-01    15.9797      4.932      7.153    11.4766 0.0000e+00
      4.997     -0.111     0.0433      0.374     60.713  44.293261     1.5692      7.805    96.3996 2.7119e-01    16.1272      4.902      7.110    11.4754 0.0000e+00
      4.962     -0.114     0.0448      0.379     60.698  44.285306     1.5538      7.802    96.6773 3.1194e-01    16.2036      4.867      7.059    11.4742 0.0000e+00
      4.927     -0.115     0.0396      0.380     60.688  44.281154     1.5362      7.797    96.8856 3.4689e-01    16.1516      4.830      7.006    11.4737 0.0000e+00
      4.895     -0.114     0.0422      0.376     60.721  44.306509     1.5387      7.793    96.9396 3.7310e-01    16.0460      4.798      6.959    11.4734 0.0000e+00
      4.869     -0.112     0.0396      0.371     60.762  44.338113     1.5522      7.789    96.7280 4.0203e-01    15.9851      4.774      6.924    11.4741 0.0000e+00
      4.846     -0.110     0.0419      0.360     60.768  44.346077     1.5570      7.784    96.5645 4.4232e-01    15.9967      4.754      6.896    11.4774 0.0000e+00
      4.821     -0.109     0.0419      0.359     60.757  44.339370     1.5470      7.779    96.7686 4.9241e-01    16.0157      4.729      6.861    11.4809 0.0000e+00
      4.791     -0.111     0.0403      0.360     60.732  44.320451     1.5306      7.774    97.0442 5.3885e-01    15.9753      4.699      6.816    11.4808 0.0000e+00
      4.761     -0.115     0.0419      0.354     60.716  44.307650     1.5174      7.771    97.1442 5.8216e-01    15.8840      4.668      6.771    11.4815 0.0000e+00
      4.731     -0.116     0.0380      0.357     60.720  44.311478     1.5041      7.768    96.8590 6.3676e-01    15.7990      4.640      6.730    11.4855 0.0000e+00
      4.700     -0.113     0.0391      0.372     60.708  44.303295     1.4944      7.763    96.3493 7.0939e-01    15.7341      4.611      6.687    11.4874 0.0000e+00
      4.668     -0.107     0.0400      0.387     60.666  44.272156     1.4837      7.759    96.4026 7.8320e-01    15.6800      4.576      6.636    11.4854 0.0000e+00
      4.639     -0.100     0.0379      0.401     60.642  44.252178     1.4732      7.756    96.9007 8.3454e-01    15.6571      4.547      6.594    11.4838 0.0000e+00
      4.617     -0.091     0.0381      0.409     60.644  44.252063     1.4764      7.754    97.1232 8.8262e-01    15.6952      4.528      6.567    11.4857 0.0000e+00
      4.597     -0.081     0.0409      0.416     60.670  44.270773     1.4894      7.750    96.6837 9.3996e-01    15.7653      4.508      6.538    11.4873 0.0000e+00
      4.577     -0.073     0.0419      0.418     60.695  44.288070     1.5051      7.745    96.1475 9.8943e-01    15.7881      4.487      6.508    11.4863 0.0000e+00
      4.560     -0.068     0.0443      0.407     60.673  44.270875     1.5164      7.739    96.3182 1.0425e+00    15.7662      4.470      6.484    11.4839 0.0000e+00
      4.545     -0.068     0.0445      0.394     60.651  44.253196     1.5188      7.734    96.8551 1.1013e+00    15.7051      4.458      6.463    11.4821 0.0000e+00
      4.532     -0.072     0.0452      0.392     60.668  44.264636     1.5251      7.731    97.3906 1.1494e+00    15.6641      4.444      6.445    11.4820 0.0000e+00
      4.517     -0.078     0.0467      0.395     60.693  44.282305     1.5424      7.728    97.1996 1.2046e+00    15.6799      4.433      6.430    11.4815 0.0000e+00
      4.496     -0.086     0.0443      0.390     60.685  44.276512     1.5697      7.724    96.2667 1.2868e+00    15.3848      4.413      6.401    11.4805 0.0000e+00
      4.467     -0.093     0.0424      0.374     60.660  44.258041     1.5975      7.721    95.8336 1.3739e+00    14.7259      4.380      6.352    11.4792 0.0000e+00
      4.439     -0.097     0.0423      0.356     60.648  44.249295     1.6038      7.721    96.1788 1.4449e+00    14.3061      4.351      6.310    11.4778 0.0000e+00
      4.414     -0.094     0.0434      0.353     60.628  44.234206     1.6046      7.720    96.8264 1.5232e+00    14.2373      4.331      6.282    11.4779 0.0000e+00
      4.387     -0.084     0.0431      0.358     60.587  44.202476     1.6571      7.717    96.9533 1.6223e+00    14.0991      4.304      6.243    11.4782 0.0000e+00
      4.361     -0.073     0.0413      0.362     60.564  44.182853     1.7395      7.713    96.5085 1.7023e+00    13.8301      4.273      6.196    11.4781 0.0000e+00
      4.344     -0.066     0.0378      0.366     60.576  44.187253     1.7676      7.708    96.2662 1.7339e+00    13.6491      4.255      6.171    11.4773 0.0000e+00
      4.337     -0.064     0.0383      0.378     60.587  44.192234     1.7559      7.703    96.4327 1.7418e+00    13.5852      4.253      6.168    11.4770 0.0000e+00
      4.331     -0.064     0.0391      0.386     60.572  44.179642     1.7318      7.699    96.8012 1.7808e+00    13.8085      4.251      6.165    11.4766 0.0000e+00
      4.317     -0.069     0.0398      0.384     60.549  44.161877     1.6913      7.695    97.0224 1.8763e+00    14.3000      4.238      6.146    11.4734 0.0000e+00
      4.294     -0.079     0.0390      0.374     60.559  44.167758     1.6751      7.691    96.9562 1.9962e+00    14.5749      4.212      6.109    11.4696 0.0000e+00
      4.268     -0.089     0.0416      0.362     60.585  44.187314     1.6767      7.686    96.6882 2.1043e+00    14.5364      4.184      6.069    11.4671 0.0000e+00
      4.242     -0.098     0.0426      0.362     60.610  44.208008     1.6696      7.682    96.4498 2.2043e+00    14.4139      4.159      6.034    11.4658 0.0000e+00
      4.217     -0.103     0.0418      0.361     60.632  44.227652     1.7059      7.678    96.7414 2.3234e+00    14.0169      4.136      5.998    11.4647 0.0000e+00
      4.191     -0.107     0.0415      0.356     60.637  44.234520     1.7905      7.673    97.2028 2.4687e+00    13.3229      4.110      5.961    11.4638 0.0000e+00
      4.165     -0.109     0.0380      0.359     60.623  44.227609     1.8440      7.668    96.8658 2.6442e+00    12.9233      4.085      5.925    11.4641 0.0000e+00
      4.136     -0.110     0.0402      0.374     60.593  44.207538     1.8612      7.664    96.1082 2.8500e+00    12.7713      4.058      5.886    11.4662 0.0000e+00
      4.105     -0.110     0.0396      0.394     60.557  44.182153     2.0150      7.661    95.5282 3.0606e+00    11.5880      4.025      5.838    11.4693 0.0000e+00
      4.074     -0.110     0.0384      0.404     60.546  44.174447     2.3059      7.658    95.5317 3.2398e+00     9.4447      3.994      5.792    11.4721 0.0000e+00
      4.047     -0.105     0.0388      0.404     60.551  44.177809     2.4648      7.655    96.0639 3.3956e+00     8.2750      3.969      5.756    11.4752 0.0000e+00
      4.021     -0.097     0.0404      0.399     60.526  44.159357     2.4879      7.651    96.1119 3.5634e+00     8.1713      3.944      5.720    11.4766 0.0000e+00
      3.996     -0.090     0.0435      0.390     60.502  44.141668     2.5184      7.647    95.7687 3.7243e+00     8.0879      3.918      5.681    11.4767 0.0000e+00
      3.973     -0.086     0.0447      0.377     60.522  44.154251     2.5599      7.643    95.3567 3.8357e+00     7.9162      3.892      5.645    11.4770 0.0000e+00
      3.956     -0.086     0.0440      0.365     60.567  44.184617     2.5815      7.639    95.4320 3.9346e+00     7.8375      3.878      5.624    11.4771 0.0000e+00
      3.941     -0.089     0.0438      0.370     60.579  44.191629     2.5881      7.635    96.3350 4.1228e+00     7.8882      3.868      5.611    11.4771 0.0000e+00
      3.920     -0.094     0.0425      0.386     60.556  44.175589     2.6235      7.632    96.7239 4.4093e+00     8.0170      3.846      5.580    11.4768 0.0000e+00
      3.891     -0.099     0.0416      0.383     60.560  44.180997     2.6766      7.629    96.0041 4.7523e+00     8.1990      3.815      5.535    11.4753 0.0000e+00
      3.860     -0.103     0.0390      0.374     60.570  44.193579     2.6979      7.625    95.0319 5.1389e+00     8.3112      3.784      5.490    11.4733 0.0000e+00
      3.829     -0.104     0.0392      0.375     60.575  44.200849     2.6976      7.621    95.0352 5.5196e+00     8.3489      3.754      5.445    11.4712 0.0000e+00
      3.802     -0.101     0.0441      0.378     60.577  44.205456     2.7061      7.617    95.8720 5.8541e+00     8.2799      3.727      5.405    11.4710 0.0000e+00
      3.780     -0.095     0.0415      0.378     60.548  44.185851     2.7162      7.615    96.2885 6.1986e+00     8.0579      3.707      5.376    11.4740 0.0000e+00
      3.759     -0.087     0.0402      0.378     60.504  44.154135     2.7123      7.615    96.0262 6.6691e+00     7.8847      3.689      5.350    11.4784 0.0000e+00
      3.736     -0.076     0.0408      0.366     60.484  44.139172     2.7012      7.614    95.5400 7.2525e+00     7.8593      3.664      5.314    11.4821 0.0000e+00
      3.712     -0.064     0.0417      0.356     60.477  44.131812     2.6986      7.610    95.4004 7.7586e+00     7.7503      3.637      5.275    11.4847 0.0000e+00
      3.694     -0.056     0.0407      0.372     60.479  44.128580     2.7224      7.605    95.6288 8.0677e+00     7.4900      3.620      5.249    11.4863 0.0000e+00
      3.685     -0.053     0.0422      0.382     60.534  44.163540     2.7636      7.601    95.7204 8.1860e+00     7.3084      3.611      5.237    11.4860 0.0000e+00
      3.682     -0.057     0.0404      0.379     60.639  44.237299     2.7806      7.596    95.4750 8.2295e+00     7.2279      3.610      5.236    11.4858 0.0000e+00
      3.679     -0.066     0.0363      0.381     60.753  44.322549     2.7783      7.592    94.9846 8.6430e+00     7.1992      3.614      5.242    11.4852 0.0000e+00
      3.661     -0.081     0.0418      0.373     60.897  44.433017     2.8105      7.588    94.0929 9.7255e+00     7.2357      3.597      5.217    11.4802 0.0000e+00
      3.630     -0.096     0.0424      0.361     61.055  44.557926     2.8866      7.585    93.1251 1.1091e+01     7.2588      3.558      5.161    11.4743 0.0000e+00
      3.596     -0.108     0.0401      0.370     61.134  44.627455     2.9505      7.581    92.6612 1.2370e+01     7.2733      3.525      5.113    11.4718 0.0000e+00
      3.563     -0.115     0.0427      0.389     61.136  44.639286     3.0581      7.577    92.4423 1.3655e+01     7.2749      3.495      5.069    11.4735 0.0000e+00
      3.532     -0.115     0.0410      0.384     61.123  44.637546     4.1452      7.573    91.9407 1.4914e+01     7.2101      3.461      5.020    11.4786 0.0000e+00
      3.504     -0.110     0.0383      0.365     61.074  44.606431     6.1484      7.568    90.3822 1.6114e+01     7.1385      3.434      4.981    11.4864 0.0000e+00
      3.479     -0.106     0.0394      0.362     61.034  44.580284     7.2534      7.563    88.2266 1.7536e+01     7.1609      3.412      4.950    11.4971 0.0000e+00
      3.454     -0.102     0.0438      0.372     61.112  44.638611     7.4190      7.559    86.8710 1.9114e+01     7.2076      3.388      4.913    11.5065 0.0000e+00
      3.428     -0.098     0.0431      0.387     61.252  44.740696     8.0001      7.556    86.2091 2.0629e+01     7.1220      3.361      4.874    11.5124 0.0000e+00
      3.403     -0.094     0.0378      0.384     61.417  44.862965     9.0274      7.553    85.4718 2.2188e+01     7.0137      3.337      4.840    11.5163 0.0000e+00
