Data/DataNotYetUploadedToEDI/Raw_CTD/RawDownloads/081822_fcr50_S7809002.cnv
* Sea-Bird SBE19plus  Data File:
* FileName = C:\R\Reservoirs\Data\DataNotYetUploadedToEDI\Raw_CTD\RawDownloads\081822_bvr50_S7809_0002.hex
* Software version 2.8.0.119
* Temperature SN = 7809
* Conductivity SN = 7809
* System UpLoad Time = Aug 18 2022 17:41:36
* <ApplicationData>
* <Seaterm232>
# nquan = 15
# nvalues = 1517                        
# units = specified
# name 0 = depFM: Depth [fresh water, m]
# name 1 = dz/dtM: Descent Rate [m/s]
# name 2 = sbeox0Mg/L: Oxygen, SBE 43 [mg/l]
# name 3 = sbeox0PS: Oxygen, SBE 43 [% saturation]
# name 4 = specc: Specific Conductance [uS/cm]
# name 5 = c0uS/cm: Conductivity [uS/cm]
# name 6 = flECO-AFL: Fluorescence, WET Labs ECO-AFL/FL [mg/m^3]
# name 7 = ph: pH
# name 8 = orp: Oxidation Reduction Potential [mV]
# name 9 = par/sat/log: PAR/Logarithmic, Satlantic
# name 10 = turbWETntu0: Turbidity, WET Labs ECO [NTU]
# name 11 = prdM: Pressure, Strain Gauge [db]
# name 12 = prdE: Pressure, Strain Gauge [psi]
# name 13 = tv290C: Temperature [ITS-90, deg C]
# name 14 = flag:  0.000e+00
# span 0 =     -0.663,      9.589       
# span 1 =     -0.251,      0.207       
# span 2 =     0.0284,     7.0463       
# span 3 =      0.296,     83.304       
# span 4 =      0.667,    532.449       
# span 5 =   0.711670, 398.833936       
# span 6 =    -0.8509,    34.7845       
# span 7 =      6.123,      8.380       
# span 8 =  -337.0962,   828.6590       
# span 9 = 1.2352e-01, 1.9047e+03       
# span 10 =    -1.3062,   242.7415      
# span 11 =     -0.652,      9.404      
# span 12 =     -0.946,     13.639      
# span 13 =    11.4275,    28.3859      
# span 14 = 0.0000e+00, 0.0000e+00      
# interval = seconds: 0.25
# start_time = Aug 18 2022 09:32:34 [Instrument's time stamp, header]
# bad_flag = -9.990e-29
*END*
[from data line 193]
     -0.662     -0.083     6.2567     72.810      7.201   6.981912     0.8144      7.183   181.0575 2.0161e+02    54.9288     -0.649     -0.943    23.4579 0.0000e+00
     -0.662     -0.043     6.2195     73.380      7.023   6.810753     0.0133      7.186   182.4370 1.9902e+02     4.7389     -0.650     -0.942    23.4480 0.0000e+00
     -0.662     -0.014     6.1825     74.224      6.780   6.576769    -0.0627      7.190   182.9187 1.9775e+02     0.1227     -0.649     -0.941    23.4519 0.0000e+00
     -0.663     -0.002     6.1605     75.252      6.499   6.305675    -0.0641      7.192   183.3537 1.9789e+02    -0.3046     -0.650     -0.943    23.4640 0.0000e+00
     -0.663      0.001     6.1782     76.372      5.728   5.559169    -0.0692      7.193   183.8254 1.9882e+02    -0.3591     -0.650     -0.943    23.4746 0.0000e+00
     -0.662      0.006     6.2288     77.466      5.564   5.401726    -0.0830      7.198   181.5667 1.9982e+02    -0.3658     -0.650     -0.942    23.4842 0.0000e+00
     -0.662      0.017     6.3023     78.458      9.876   9.593600    -0.0891      7.223   177.2955 2.0023e+02    -0.3512     -0.650     -0.942    23.4949 0.0000e+00
     -0.662      0.036     6.3893     79.268     17.076  16.595665    -0.0932      7.298   178.0412 1.9990e+02    -0.3196     -0.650     -0.943    23.5069 0.0000e+00
     -0.658      0.059     6.4886     79.843     24.164  23.496255    -0.1078      7.418   185.2483 1.9932e+02    -0.2912     -0.649     -0.942    23.5204 0.0000e+00
     -0.642      0.083     6.5804     80.233     31.737  30.868404    -0.1247      7.535   192.0776 1.9960e+02    -0.3152     -0.637     -0.924    23.5347 0.0000e+00
     -0.611      0.104     6.6650     80.490     36.107  35.121240    -0.1310      7.624   194.6220 2.0135e+02    -0.1662     -0.602     -0.872    23.5488 0.0000e+00
     -0.573      0.121     6.7341     80.662     36.687  35.680881    -0.1010      7.691   194.7607 2.0436e+02     1.9547     -0.561     -0.813    23.5782 0.0000e+00
     -0.535      0.132     6.7733     80.777     36.691  35.669292    -0.0365      7.753   194.4423 2.0885e+02     5.8576     -0.525     -0.761    23.6149 0.0000e+00
     -0.499      0.137     6.8050     80.812     36.661  35.615201     0.0081      7.812   194.3001 2.1382e+02     8.0826     -0.487     -0.707    23.6282 0.0000e+00
     -0.465      0.133     6.8240     80.776     36.675  35.597522     0.0889      7.852   193.9883 2.1755e+02     9.4196     -0.455     -0.660    23.6315 0.0000e+00
     -0.434      0.126     6.8377     80.726     36.689  35.582322     1.0235      7.875   192.9951 2.2133e+02    22.2616     -0.428     -0.620    23.6276 0.0000e+00
     -0.399      0.123     6.8519     80.694     36.687  35.558188     2.7521      7.896   191.8418 2.2688e+02    45.8123     -0.392     -0.569    23.6068 0.0000e+00
     -0.367      0.128     6.8591     80.565     36.704  35.559331     3.6950      7.922   190.7132 2.3315e+02    58.6395     -0.355     -0.516    23.5727 0.0000e+00
     -0.343      0.141     6.8602     80.038     36.754  35.596121     3.7756      7.941   189.6737 2.3986e+02    59.6400     -0.334     -0.485    23.5239 0.0000e+00
     -0.319      0.154     6.8595     78.855     36.788  35.622524     3.7761      7.941   189.1680 2.4971e+02    58.3880     -0.321     -0.467    23.4807 0.0000e+00
     -0.277      0.160     6.8628     77.097     36.793  35.624923     3.8012      7.920   189.0722 2.6308e+02    44.0486     -0.280     -0.406    23.4539 0.0000e+00
     -0.219      0.158     6.8649     75.078     36.793  35.625120     3.8544      7.888   189.2893 2.7355e+02    17.7426     -0.212     -0.308    23.4324 0.0000e+00
     -0.162      0.147     6.8339     73.155     36.790  35.624910     3.8792      7.857   189.4699 2.6784e+02     3.3521     -0.155     -0.224    23.4168 0.0000e+00
     -0.117      0.126     6.7296     71.634     36.787  35.622386     3.8752      7.831   189.1912 2.6114e+02     1.9778     -0.107     -0.155    23.4085 0.0000e+00
     -0.091      0.096     6.5694     70.609     36.767  35.594605     3.8728      7.809   188.8450 2.7022e+02     1.8098     -0.083     -0.119    23.4053 0.0000e+00
     -0.081      0.066     6.3876     69.933     36.731  35.542631     3.8839      7.789   188.7257 2.6916e+02     1.8337     -0.079     -0.114    23.4056 0.0000e+00
     -0.078      0.042     6.2124     69.494     36.707  35.501234     3.9009      7.770   188.7818 2.5932e+02     1.8905     -0.076     -0.111    23.4108 0.0000e+00
     -0.074      0.026     6.0785     69.301     36.698  35.474511     3.9038      7.751   188.9207 2.5137e+02     1.8816     -0.075     -0.108    23.4168 0.0000e+00
     -0.067      0.017     6.0001     69.255     36.711  35.473139     3.9435      7.733   188.9419 2.3620e+02     1.8288     -0.067     -0.097    23.4034 0.0000e+00
     -0.061      0.014     5.9511     69.287     36.732  35.484629     4.0401      7.719   188.7808 2.2438e+02     1.7985     -0.057     -0.083    23.3769 0.0000e+00
     -0.058      0.013     5.9105     69.407     36.740  35.486593     4.1064      7.707   188.6932 2.2480e+02     1.8220     -0.056     -0.080    23.3509 0.0000e+00
     -0.058      0.013     5.9039     69.493     36.755  35.496873     4.1207      7.690   188.7434 2.3237e+02     1.8745     -0.057     -0.082    23.3257 0.0000e+00
     -0.058      0.013     5.9051     69.450     36.740  35.482113     4.0627      7.673   188.7855 2.3722e+02     1.8875     -0.057     -0.082    23.3065 0.0000e+00
     -0.055      0.013     5.9038     69.323     36.688  35.434940     3.9467      7.662   188.8577 2.3633e+02     1.8758     -0.056     -0.080    23.2956 0.0000e+00
     -0.048      0.013     5.9225     69.138     36.683  35.433786     3.8838      7.656   188.9287 2.3426e+02     1.8701     -0.047     -0.068    23.2875 0.0000e+00
     -0.041      0.013     5.9339     68.809     36.716  35.468173     3.8842      7.652   188.8689 2.3222e+02     1.8529     -0.038     -0.055    23.2809 0.0000e+00
     -0.038      0.013     5.9273     68.269     36.717  35.470251     3.9261      7.649   188.8236 2.3129e+02     1.8383     -0.036     -0.053    23.2804 0.0000e+00
     -0.037      0.013     5.9143     67.674     36.705  35.458920     3.9827      7.643   188.8961 2.3331e+02     1.8304     -0.036     -0.053    23.2847 0.0000e+00
     -0.037      0.012     5.9010     67.337     36.706  35.457994     4.0035      7.634   188.7998 2.3599e+02     1.8250     -0.036     -0.053    23.2940 0.0000e+00
     -0.034      0.012     5.8769     67.365     36.712  35.459045     4.0029      7.627   188.4335 2.3308e+02     1.8417     -0.035     -0.050    23.2967 0.0000e+00
     -0.027      0.015     5.8265     67.564     36.728  35.471624     4.0001      7.625   188.0812 2.2565e+02     1.8961     -0.026     -0.038    23.2938 0.0000e+00
     -0.022      0.021     5.7616     67.680     36.740  35.483256     4.0195      7.628   187.7235 2.2190e+02     1.9019     -0.020     -0.029    23.2986 0.0000e+00
     -0.019      0.030     5.7290     67.574     36.730  35.472870     4.0536      7.638   187.5507 2.2092e+02     1.8434     -0.020     -0.029    23.2979 0.0000e+00
     -0.015      0.041     5.7416     67.280     36.730  35.472869     4.0629      7.651   187.7985 2.2149e+02     1.8037     -0.018     -0.027    23.2876 0.0000e+00
     -0.005      0.052     5.7675     66.945     36.742  35.483246     4.0656      7.657   188.0520 2.2602e+02     1.7980     -0.008     -0.011    23.2804 0.0000e+00
      0.012      0.058     5.7815     66.626     36.733  35.471510     4.0857      7.655   188.2927 2.2366e+02     1.8425      0.010      0.015    23.2834 0.0000e+00
      0.034      0.059     5.7715     66.315     36.722  35.457780     4.1155      7.650   188.6446 2.1180e+02     1.8971      0.030      0.045    23.2845 0.0000e+00
      0.059      0.055     5.7394     66.033     36.709  35.444060     4.1265      7.645   188.9504 2.0507e+02     1.8781      0.061      0.089    23.2837 0.0000e+00
      0.076      0.045     5.7096     65.750     36.700  35.432436     4.1176      7.641   189.1510 2.0398e+02     1.8178      0.080      0.115    23.2843 0.0000e+00
      0.081      0.031     5.6856     65.391     36.719  35.444060     4.1165      7.638   189.1769 2.0250e+02     1.8165      0.080      0.116    23.2751 0.0000e+00
      0.082      0.017     5.6568     64.939     36.739  35.457771     4.1220      7.635   189.2630 2.0191e+02     1.8279      0.080      0.116    23.2724 0.0000e+00
      0.082      0.007     5.6336     64.405     36.758  35.471390     4.1262      7.630   189.7626 2.0193e+02     1.8199      0.081      0.117    23.2743 0.0000e+00
      0.082      0.001     5.6138     63.812     36.772  35.481890     4.1250      7.626   190.2276 2.0156e+02     1.8561      0.080      0.116    23.2690 0.0000e+00
      0.081 5.8209e-08     5.5838     63.203     36.749  35.457908     4.1072      7.624   190.1526 2.0169e+02     1.8897      0.080      0.115    23.2591 0.0000e+00
      0.081 6.4030e-07     5.5459     62.597     36.726  35.435059     4.0863      7.623   190.1468 2.0163e+02     1.8843      0.080      0.115    23.2489 0.0000e+00
      0.082      0.000     5.5008     62.002     36.750  35.459269     4.0801      7.621   190.4149 2.0035e+02     1.8597      0.080      0.116    23.2436 0.0000e+00
      0.082      0.000     5.4483     61.456     36.785  35.496991     4.0739      7.620   190.4694 1.9966e+02     1.8304      0.080      0.116    23.2387 0.0000e+00
      0.082      0.001     5.3966     60.969     36.796  35.510701     4.0946      7.621   190.5479 1.9962e+02     1.8039      0.080      0.116    23.2363 0.0000e+00
      0.082      0.004     5.3448     60.509     36.782  35.498218     4.1556      7.626   191.1050 1.9937e+02     1.8127      0.080      0.116    23.2367 0.0000e+00
      0.082      0.011     5.2925     60.082     36.756  35.472873     4.1961      7.634   191.8719 1.9925e+02     1.8685      0.080      0.116    23.2365 0.0000e+00
      0.082      0.021     5.2443     59.736     36.740  35.457896     4.2016      7.634   192.3341 1.9827e+02     1.8640      0.081      0.117    23.2427 0.0000e+00
      0.085      0.029     5.2045     59.515     36.724  35.443958     4.1967      7.626   192.3920 1.9569e+02     1.7925      0.082      0.118    23.2507 0.0000e+00
      0.095      0.035     5.1645     59.407     36.709  35.431171     4.2035      7.619   192.3134 1.9103e+02     1.7891      0.088      0.128    23.2487 0.0000e+00
      0.113      0.040     5.1271     59.452     36.705  35.430101     4.2253      7.618   192.5881 1.8604e+02     1.8575      0.112      0.162    23.2474 0.0000e+00
      0.129      0.044     5.0945     59.720     36.706  35.431035     4.2441      7.614   192.9599 1.8325e+02     1.9019      0.132      0.191    23.2504 0.0000e+00
      0.137      0.045     5.0773     60.103     36.721  35.442461     4.2480      7.609   193.1095 1.8145e+02     1.8817      0.134      0.196    23.2503 0.0000e+00
      0.143      0.042     5.0681     60.482     36.720  35.441421     4.2387      7.606   193.3644 1.7890e+02     1.8530      0.136      0.197    23.2533 0.0000e+00
      0.154      0.038     5.0643     60.874     36.694  35.418468     4.2407      7.605   193.5464 1.7563e+02     1.8955      0.151      0.218    23.2592 0.0000e+00
      0.168      0.037     5.0941     61.305     36.696  35.418574     4.2465      7.605   193.3323 1.7308e+02     1.9172      0.169      0.244    23.2604 0.0000e+00
      0.177      0.038     5.1324     61.760     36.723  35.442699     4.2425      7.606   192.9261 1.7145e+02     1.8766      0.174      0.251    23.2516 0.0000e+00
      0.184      0.039     5.1618     62.192     36.738  35.456524     4.2509      7.607   192.8510 1.7019e+02     1.8826      0.180      0.260    23.2509 0.0000e+00
      0.193      0.039     5.1938     62.484     36.739  35.458911     4.2726      7.610   193.4560 1.6876e+02     1.8872      0.188      0.273    23.2607 0.0000e+00
      0.203      0.040     5.2323     62.539     36.753  35.471559     4.2962      7.613   194.4775 1.6675e+02     1.8638      0.198      0.289    23.2553 0.0000e+00
      0.215      0.043     5.2716     62.367     36.766  35.482629     4.3122      7.617   195.0490 1.6469e+02     1.8737      0.211      0.308    23.2488 0.0000e+00
      0.227      0.047     5.3128     61.993     36.749  35.465936     4.3154      7.627   194.9454 1.6311e+02     1.8706      0.221      0.321    23.2517 0.0000e+00
      0.239      0.053     5.3421     61.447     36.740  35.459953     4.3099      7.642   195.0323 1.6207e+02     1.8265      0.233      0.338    23.2525 0.0000e+00
      0.251      0.061     5.3449     60.813     36.748  35.473706     4.2964      7.650   195.3246 1.6119e+02     1.7838      0.247      0.358    23.2499 0.0000e+00
      0.263      0.068     5.3297     60.228     36.705  35.441999     4.2929      7.645   195.5550 1.6027e+02     1.7988      0.256      0.372    23.2489 0.0000e+00
      0.279      0.070     5.2978     59.891     36.639  35.393651     4.3015      7.637   196.0108 1.5752e+02     1.8704      0.267      0.388    23.2479 0.0000e+00
      0.307      0.069     5.2482     60.015     36.629  35.396437     4.3092      7.634   196.4477 1.5311e+02     1.8982      0.301      0.437    23.2515 0.0000e+00
      0.335      0.067     5.1888     60.580     36.647  35.412288     4.3116      7.633   196.7936 1.5056e+02     1.8617      0.336      0.488    23.2592 0.0000e+00
      0.350      0.062     5.1334     61.352     36.636  35.395072     4.3051      7.632   196.9235 1.4989e+02     1.8400      0.346      0.502    23.2680 0.0000e+00
      0.356      0.055     5.0920     62.184     36.619  35.378495     4.2975      7.632   196.8145 1.4885e+02     1.8410      0.347      0.504    23.2971 0.0000e+00
      0.366      0.049     5.1003     63.019     36.644  35.402091     4.3024      7.634   197.0236 1.4690e+02     1.8732      0.357      0.518    23.3224 0.0000e+00
      0.379      0.046     5.1615     63.763     36.673  35.426728     4.3140      7.634   197.5595 1.4501e+02     1.9219      0.373      0.541    23.3104 0.0000e+00
      0.391      0.046     5.2318     64.337     36.668  35.422730     4.3048      7.633   198.3892 1.4363e+02     1.8837      0.385      0.557    23.2945 0.0000e+00
      0.403      0.047     5.3020     64.715     36.656  35.417163     4.2820      7.633   199.2255 1.4200e+02     1.8207      0.394      0.571    23.3006 0.0000e+00
      0.416      0.046     5.3773     64.901     36.660  35.422842     4.2886      7.630   199.4120 1.4021e+02     1.8436      0.408      0.592    23.3033 0.0000e+00
      0.430      0.042     5.4441     64.924     36.669  35.427991     4.3266      7.627   199.2673 1.3859e+02     1.8876      0.421      0.613    23.2929 0.0000e+00
      0.442      0.037     5.4934     64.793     36.656  35.415995     4.3497      7.627   198.9385 1.3701e+02     1.9083      0.432      0.628    23.2917 0.0000e+00
      0.452      0.033     5.5244     64.512     36.641  35.404611     4.3521      7.633   198.6193 1.3583e+02     1.8892      0.444      0.645    23.3085 0.0000e+00
      0.458      0.034     5.5380     64.104     36.651  35.417183     4.3552      7.643   199.5380 1.3554e+02     1.8614      0.450      0.653    23.3113 0.0000e+00
      0.459      0.039     5.5417     63.617     36.674  35.441185     4.3623      7.650   201.3569 1.3562e+02     1.8791      0.450      0.653    23.2978 0.0000e+00
      0.463      0.045     5.5303     63.107     36.668  35.441185     4.3717      7.651   202.2859 1.3476e+02     1.8985      0.451      0.654    23.3005 0.0000e+00
      0.475      0.050     5.5045     62.611     36.632  35.417180     4.3686      7.650   201.9080 1.3220e+02     1.8905      0.460      0.668    23.3093 0.0000e+00
      0.498      0.054     5.4685     62.176     36.611  35.404601     4.3583      7.651   201.1751 1.2905e+02     1.8852      0.488      0.708    23.3133 0.0000e+00
