Data/DataNotYetUploadedToEDI/Raw_CTD/RawDownloads/081822_fcr50_S7809002.cnv
* Sea-Bird SBE19plus  Data File:
* FileName = C:\R\Reservoirs\Data\DataNotYetUploadedToEDI\Raw_CTD\RawDownloads\081822_bvr50_S7809_0002.hex
* Software version 2.8.0.119
* Temperature SN = 7809
* Conductivity SN = 7809
* System UpLoad Time = Aug 18 2022 17:41:36
* <ApplicationData>
* <Seaterm232>
# nquan = 15
# nvalues = 1517                        
# units = specified
# name 0 = depFM: Depth [fresh water, m]
# name 1 = dz/dtM: Descent Rate [m/s]
# name 2 = sbeox0Mg/L: Oxygen, SBE 43 [mg/l]
# name 3 = sbeox0PS: Oxygen, SBE 43 [% saturation]
# name 4 = specc: Specific Conductance [uS/cm]
# name 5 = c0uS/cm: Conductivity [uS/cm]
# name 6 = flECO-AFL: Fluorescence, WET Labs ECO-AFL/FL [mg/m^3]
# name 7 = ph: pH
# name 8 = orp: Oxidation Reduction Potential [mV]
# name 9 = par/sat/log: PAR/Logarithmic, Satlantic
# name 10 = turbWETntu0: Turbidity, WET Labs ECO [NTU]
# name 11 = prdM: Pressure, Strain Gauge [db]
# name 12 = prdE: Pressure, Strain Gauge [psi]
# name 13 = tv290C: Temperature [ITS-90, deg C]
# name 14 = flag:  0.000e+00
# span 0 =     -0.663,      9.589       
# span 1 =     -0.251,      0.207       
# span 2 =     0.0284,     7.0463       
# span 3 =      0.296,     83.304       
# span 4 =      0.667,    532.449       
# span 5 =   0.711670, 398.833936       
# span 6 =    -0.8509,    34.7845       
# span 7 =      6.123,      8.380       
# span 8 =  -337.0962,   828.6590       
# span 9 = 1.2352e-01, 1.9047e+03       
# span 10 =    -1.3062,   242.7415      
# span 11 =     -0.652,      9.404      
# span 12 =     -0.946,     13.639      
# span 13 =    11.4275,    28.3859      
# span 14 = 0.0000e+00, 0.0000e+00      
# interval = seconds: 0.25
# start_time = Aug 18 2022 09:32:34 [Instrument's time stamp, header]
# bad_flag = -9.990e-29
*END*
[from data line 1157]
      8.574     -0.251     0.0343      0.319    439.339 329.191075     1.6551      8.328    84.0188 1.2369e-01    15.2229      8.422     12.217    12.4567 0.0000e+00
      8.501     -0.242     0.0344      0.336    437.101 327.533742     1.6569      8.343    83.2294 1.2361e-01    15.2630      8.349     12.109    12.4580 0.0000e+00
      8.398     -0.215     0.0339      0.353    429.089 321.553142     1.6702      8.362    83.7546 1.2364e-01    15.6771      8.235     11.944    12.4589 0.0000e+00
      8.298     -0.172     0.0320      0.362    425.586 318.944891     1.6908      8.375    84.9482 1.2367e-01    16.4031      8.120     11.777    12.4597 0.0000e+00
      8.245     -0.118     0.0336      0.344    429.888 322.172570     1.7056      8.380    85.0145 1.2368e-01    16.7994      8.058     11.686    12.4610 0.0000e+00
      8.255     -0.058     0.0362      0.329    438.073 328.297512     1.7076      8.380    84.2980 1.2365e-01    16.9504      8.082     11.723    12.4634 0.0000e+00
      8.297     -0.005     0.0370      0.339    456.548 342.125220     1.6903      8.378    84.2006 1.2362e-01    17.9216      8.147     11.817    12.4666 0.0000e+00
      8.322      0.025     0.0406      0.345    484.078 362.731831     1.6630      8.374    84.2663 1.2367e-01    19.5923      8.174     11.856    12.4690 0.0000e+00
      8.320      0.025     0.0365      0.334    495.701 371.415364     1.6521      8.368    83.9743 1.2368e-01    20.4803      8.159     11.833    12.4692 0.0000e+00
      8.313      0.001     0.0332      0.323    461.440 345.719786     1.6576      8.362    84.2847 1.2364e-01    20.5291      8.148     11.817    12.4680 0.0000e+00
      8.313     -0.028     0.0367      0.321    384.229 287.847226     1.6636      8.355    85.4376 1.2361e-01    20.0110      8.154     11.827    12.4661 0.0000e+00
      8.309     -0.052     0.0377      0.328    315.954 236.674930     1.6581      8.349    86.6422 1.2361e-01    18.9984      8.153     11.825    12.4634 0.0000e+00
      8.294     -0.072     0.0355      0.342    278.154 208.335915     1.6487      8.343    87.0624 1.2366e-01    18.4314      8.136     11.800    12.4608 0.0000e+00
      8.271     -0.093     0.0339      0.346    235.634 176.464051     1.6504      8.338    86.2157 1.2369e-01    18.3481      8.113     11.766    12.4578 0.0000e+00
      8.242     -0.114     0.0340      0.336    172.711 129.275956     1.6532      8.333    85.0096 1.2364e-01    18.0592      8.086     11.727    12.4546 0.0000e+00
      8.207     -0.131     0.0342      0.326    113.679  84.902658     1.6573      8.328    85.0413 1.2359e-01    17.6018      8.049     11.674    12.4504 0.0000e+00
      8.168     -0.142     0.0370      0.323     80.907  60.104089     1.6674      8.324    85.9108 1.2359e-01    17.3954      8.010     11.617    12.4471 0.0000e+00
      8.130     -0.148     0.0379      0.338     69.646  51.413659     1.6677      8.319    85.9722 1.2363e-01    17.3746      7.975     11.565    12.4420 0.0000e+00
      8.091     -0.152     0.0353      0.367     66.723  49.028052     1.6610      8.314    85.2676 1.2361e-01    17.1458      7.935     11.507    12.4359 0.0000e+00
      8.052     -0.154     0.0349      0.381     66.043  48.394793     1.6521      8.310    84.9620 1.2358e-01    16.7466      7.895     11.451    12.3441 0.0000e+00
      8.013     -0.156     0.0340      0.373     65.615  48.008242     1.6517      8.306    85.2029 1.2355e-01    16.5782      7.858     11.398    12.1092 0.0000e+00
      7.974     -0.158     0.0352      0.353     65.096  47.590302     1.6642      8.301    85.5986 1.2353e-01    16.6471      7.820     11.343    11.8703 0.0000e+00
      7.934     -0.159     0.0412      0.330     64.694  47.275428     1.6617      8.295    85.8753 1.2357e-01    16.6912      7.781     11.286    11.7128 0.0000e+00
      7.892     -0.160     0.0423      0.320     64.758  47.310179     1.6223      8.288    85.8805 1.2366e-01    16.4974      7.739     11.224    11.6199 0.0000e+00
      7.848     -0.162     0.0406      0.319     65.118  47.566317     1.5622      8.283    85.7483 1.2375e-01    16.1145      7.695     11.161    11.5730 0.0000e+00
      7.807     -0.163     0.0390      0.323     65.142  47.580562     1.5336      8.277    85.7389 1.2371e-01    15.9219      7.654     11.103    11.5468 0.0000e+00
      7.767     -0.160     0.0349      0.338     64.487  47.101690     1.5431      8.272    86.0254 1.2361e-01    15.9447      7.618     11.050    11.5323 0.0000e+00
      7.727     -0.155     0.0346      0.358     63.801  46.598456     1.5519      8.268    86.5453 1.2365e-01    15.9107      7.579     10.992    11.5246 0.0000e+00
      7.683     -0.146     0.0349      0.381     63.511  46.381552     1.5484      8.263    86.8624 1.2375e-01    15.7849      7.534     10.927    11.5197 0.0000e+00
      7.642     -0.136     0.0343      0.385     63.258  46.192204     1.5345      8.256    86.7624 1.2375e-01    15.6879      7.491     10.865    11.5171 0.0000e+00
      7.607     -0.126     0.0371      0.380     62.944  45.958647     1.5260      8.251    86.6260 1.2365e-01    15.6593      7.458     10.816    11.5180 0.0000e+00
      7.582     -0.116     0.0380      0.370     62.789  45.841684     1.5528      8.245    87.0203 1.2358e-01    15.6101      7.435     10.783    11.5166 0.0000e+00
      7.558     -0.107     0.0432      0.348     62.815  45.856588     1.5930      8.239    87.8311 1.2362e-01    15.5374      7.414     10.752    11.5115 0.0000e+00
      7.533     -0.103     0.0420      0.332     62.945  45.948505     1.6041      8.234    88.1687 1.2364e-01    15.5320      7.387     10.713    11.5079 0.0000e+00
      7.509     -0.104     0.0408      0.327     63.107  46.064807     1.5961      8.229    87.9196 1.2364e-01    15.5106      7.362     10.678    11.5054 0.0000e+00
      7.484     -0.108     0.0421      0.347     63.270  46.184214     1.5787      8.224    87.5719 1.2366e-01    15.5178      7.340     10.646    11.5018 0.0000e+00
      7.456     -0.113     0.0363      0.361     63.359  46.250220     1.5517      8.218    87.9227 1.2365e-01    15.6529      7.313     10.608    11.4983 0.0000e+00
      7.425     -0.117     0.0372      0.351     63.325  46.228420     1.5365      8.211    88.8917 1.2365e-01    15.7430      7.282     10.561    11.4955 0.0000e+00
      7.392     -0.121     0.0332      0.341     63.248  46.174427     1.5360      8.206    89.3073 1.2371e-01    15.7194      7.249     10.513    11.4939 0.0000e+00
      7.360     -0.124     0.0386      0.345     63.152  46.104968     1.5463      8.202    89.0755 1.2376e-01    15.7088      7.219     10.469    11.4938 0.0000e+00
      7.329     -0.124     0.0411      0.360     63.041  46.023065     1.5774      8.197    88.7562 1.2371e-01    15.7519      7.188     10.426    11.4953 0.0000e+00
      7.296     -0.123     0.0374      0.362     62.935  45.945490     1.6044      8.191    88.8891 1.2365e-01    15.7624      7.155     10.378    11.4982 0.0000e+00
      7.264     -0.120     0.0372      0.356     62.823  45.864912     1.6057      8.185    89.4771 1.2364e-01    15.7331      7.124     10.332    11.5006 0.0000e+00
      7.234     -0.115     0.0359      0.357     62.745  45.810152     1.6015      8.180    89.7571 1.2362e-01    15.7054      7.094     10.289    11.5008 0.0000e+00
      7.204     -0.111     0.0411      0.368     62.803  45.854389     1.5952      8.175    89.6935 1.2363e-01    15.6672      7.064     10.246    11.4999 0.0000e+00
      7.177     -0.108     0.0394      0.379     62.940  45.955669     1.5884      8.169    89.7410 1.2366e-01    15.6808      7.036     10.205    11.4993 0.0000e+00
      7.152     -0.106     0.0386      0.377     63.025  46.019601     1.5849      8.163    89.8142 1.2366e-01    15.7326      7.013     10.172    11.5004 0.0000e+00
      7.127     -0.104     0.0382      0.362     62.986  45.992928     1.5873      8.158    89.9763 1.2365e-01    15.7473      6.991     10.140    11.5025 0.0000e+00
      7.100     -0.104     0.0400      0.356     62.840  45.886961     1.5842      8.153    90.2391 1.2368e-01    15.7214      6.962     10.099    11.5036 0.0000e+00
      7.072     -0.103     0.0420      0.369     62.742  45.816926     1.5554      8.148    90.3241 1.2374e-01    15.6584      6.934     10.056    11.5047 0.0000e+00
      7.045     -0.100     0.0416      0.364     62.691  45.780603     1.5294      8.142    90.3155 1.2374e-01    15.6348      6.909     10.021    11.5067 0.0000e+00
      7.018     -0.097     0.0396      0.330     62.583  45.701560     1.5289      8.135    90.3925 1.2370e-01    15.6754      6.884      9.984    11.5080 0.0000e+00
      6.992     -0.097     0.0368      0.321     62.476  45.622560     1.5734      8.128    90.5675 1.2370e-01    15.7732      6.854      9.942    11.5084 0.0000e+00
      6.972     -0.101     0.0415      0.355     62.430  45.586751     1.6434      8.123    90.7102 1.2370e-01    15.8615      6.835      9.913    11.5093 0.0000e+00
      6.954     -0.107     0.0417      0.374     62.344  45.522371     1.6684      8.118    90.7413 1.2368e-01    15.8546      6.822      9.895    11.5102 0.0000e+00
      6.929     -0.113     0.0346      0.371     62.199  45.415137     1.6585      8.112    90.6001 1.2368e-01    15.8601      6.799      9.861    11.5104 0.0000e+00
      6.894     -0.118     0.0315      0.361     62.135  45.368741     1.6240      8.107    90.3796 1.2368e-01    15.8257      6.762      9.807    11.5090 0.0000e+00
      6.855     -0.123     0.0409      0.342     62.097  45.342070     1.5759      8.102    90.3986 1.2366e-01    15.6778      6.721      9.749    11.5075 0.0000e+00
      6.820     -0.125     0.0419      0.342     62.016  45.282993     1.5604      8.097    90.7431 1.2366e-01    15.5747      6.686      9.697    11.5063 0.0000e+00
      6.789     -0.124     0.0397      0.351     61.938  45.225432     1.5525      8.092    91.1036 1.2366e-01    15.5359      6.657      9.655    11.5052 0.0000e+00
      6.762     -0.123     0.0411      0.327     61.843  45.153652     1.5630      8.088    91.0586 1.2365e-01    15.5502      6.631      9.618    11.5049 0.0000e+00
      6.733     -0.123     0.0355      0.296     61.706  45.049530     1.6121      8.083    90.8007 1.2361e-01    15.6449      6.605      9.579    11.5062 0.0000e+00
      6.703     -0.127     0.0363      0.308     61.532  44.918139     1.6471      8.078    90.7384 1.2362e-01    15.7253      6.575      9.535    11.5070 0.0000e+00
      6.670     -0.130     0.0406      0.328     61.423  44.833859     1.6619      8.073    90.8210 1.2366e-01    15.7359      6.542      9.489    11.5060 0.0000e+00
      6.635     -0.130     0.0368      0.333     61.457  44.855246     1.6660      8.069    91.0260 1.2362e-01    15.7055      6.509      9.440    11.5043 0.0000e+00
      6.596     -0.129     0.0284      0.342     61.552  44.922965     1.6391      8.065    91.2378 1.2356e-01    15.6652      6.468      9.380    11.5010 0.0000e+00
      6.560     -0.129     0.0341      0.357     61.593  44.954776     1.6021      8.059    91.2313 1.2356e-01    15.6583      6.429      9.324    11.4971 0.0000e+00
      6.531     -0.129     0.0370      0.372     61.546  44.922657     1.5933      8.052    91.2053 1.2360e-01    15.6903      6.404      9.288    11.4930 0.0000e+00
      6.506     -0.129     0.0356      0.382     61.447  44.851840     1.6003      8.046    91.2678 1.2366e-01    15.7101      6.383      9.257    11.4893 0.0000e+00
      6.474     -0.126     0.0375      0.377     61.371  44.796396     1.6114      8.042    91.3847 1.2371e-01    15.6929      6.351      9.212    11.4885 0.0000e+00
      6.436     -0.124     0.0386      0.359     61.323  44.759823     1.6278      8.038    91.5861 1.2374e-01    15.6525      6.311      9.153    11.4903 0.0000e+00
      6.399     -0.122     0.0408      0.348     61.282  44.726847     1.6400      8.034    91.7231 1.2373e-01    15.6322      6.272      9.097    11.4925 0.0000e+00
      6.367     -0.120     0.0420      0.347     61.270  44.714889     1.6587      8.030    91.7509 1.2369e-01    15.6536      6.241      9.052    11.4936 0.0000e+00
      6.341     -0.115     0.0424      0.347     61.223  44.678675     1.7048      8.025    91.7507 1.2366e-01    15.6711      6.218      9.019    11.4941 0.0000e+00
      6.317     -0.110     0.0379      0.340     61.124  44.606195     1.7560      8.019    91.8066 1.2364e-01    15.6733      6.197      8.988    11.4927 0.0000e+00
      6.289     -0.108     0.0381      0.336     61.117  44.599830     1.7699      8.013    91.9959 1.2364e-01    15.6802      6.168      8.946    11.4895 0.0000e+00
      6.260     -0.108     0.0375      0.356     61.207  44.665156     1.7639      8.008    92.1466 1.2361e-01    15.6862      6.138      8.901    11.4863 0.0000e+00
      6.232     -0.110     0.0383      0.362     61.251  44.698202     1.7262      8.003    92.1664 1.2357e-01    15.6772      6.112      8.865    11.4858 0.0000e+00
      6.205     -0.111     0.0376      0.347     61.228  44.682174     1.6550      7.997    92.1489 1.2362e-01    15.6053      6.086      8.827    11.4864 0.0000e+00
      6.176     -0.111     0.0342      0.338     61.200  44.661695     1.6190      7.991    92.1078 1.2372e-01    15.5340      6.057      8.784    11.4845 0.0000e+00
      6.146     -0.110     0.0402      0.339     61.173  44.640920     1.6159      7.987    92.1854 1.2377e-01    15.4991      6.028      8.741    11.4835 0.0000e+00
      6.117     -0.109     0.0409      0.340     61.148  44.621313     1.6086      7.983    92.3137 1.2379e-01    15.4564      6.000      8.701    11.4848 0.0000e+00
      6.089     -0.108     0.0368      0.333     61.142  44.614947     1.6059      7.978    92.3676 1.2380e-01    15.4619      5.971      8.661    11.4861 0.0000e+00
      6.063     -0.107     0.0367      0.333     61.161  44.627391     1.6167      7.973    92.5786 1.2376e-01    15.4633      5.945      8.623    11.4861 0.0000e+00
      6.038     -0.107     0.0363      0.342     61.186  44.644883     1.6224      7.968    92.7141 1.2372e-01    15.4724      5.922      8.589    11.4850 0.0000e+00
      6.012     -0.111     0.0381      0.345     61.173  44.636121     1.6002      7.963    92.5441 1.2372e-01    15.5729      5.896      8.551    11.4838 0.0000e+00
      5.985     -0.116     0.0356      0.361     61.101  44.584893     1.5643      7.958    92.4147 1.2371e-01    15.6879      5.869      8.512    11.4818 0.0000e+00
      5.956     -0.120     0.0353      0.383     61.027  44.533019     1.5553      7.953    92.5272 1.2365e-01    15.7352      5.842      8.474    11.4805 0.0000e+00
      5.923     -0.122     0.0389      0.394     61.002  44.516445     1.5654      7.948    92.7847 1.2363e-01    15.7349      5.810      8.427    11.4802 0.0000e+00
      5.887     -0.120     0.0361      0.399     60.993  44.511393     1.5617      7.943    92.7749 1.2363e-01    15.7174      5.771      8.370    11.4801 0.0000e+00
      5.852     -0.115     0.0389      0.386     61.024  44.535376     1.5434      7.938    92.4952 1.2357e-01    15.6266      5.736      8.319    11.4812 0.0000e+00
      5.822     -0.109     0.0432      0.368     61.046  44.552647     1.5279      7.934    92.4150 1.2354e-01    15.5256      5.709      8.279    11.4834 0.0000e+00
      5.797     -0.104     0.0419      0.366     61.013  44.529892     1.5325      7.929    92.4929 1.2359e-01    15.4870      5.684      8.244    11.4855 0.0000e+00
      5.777     -0.100     0.0451      0.360     60.990  44.514017     1.5492      7.924    92.6634 1.2361e-01    15.4676      5.664      8.215    11.4862 0.0000e+00
      5.757     -0.101     0.0425      0.356     60.955  44.487594     1.5550      7.920    92.8414 1.2363e-01    15.4617      5.647      8.190    11.4875 0.0000e+00
      5.733     -0.107     0.0382      0.363     60.926  44.464180     1.5527      7.916    92.7514 1.2369e-01    15.4498      5.624      8.156    11.4885 0.0000e+00
