Data/DataNotYetUploadedToEDI/Raw_CTD/RawDownloads/081822_bvr50_S7809001.cnv
* Sea-Bird SBE19plus  Data File:
* FileName = C:\R\Reservoirs\Data\DataNotYetUploadedToEDI\Raw_CTD\RawDownloads\081822_bvr50_S7809_0001.hex
* Software version 2.8.0.119
* Temperature SN = 7809
* Conductivity SN = 7809
* System UpLoad Time = Aug 18 2022 17:40:56
* <ApplicationData>
* <Seaterm232>
# nquan = 15
# nvalues = 1392                        
# units = specified
# name 0 = depFM: Depth [fresh water, m]
# name 1 = dz/dtM: Descent Rate [m/s]
# name 2 = sbeox0Mg/L: Oxygen, SBE 43 [mg/l]
# name 3 = sbeox0PS: Oxygen, SBE 43 [% saturation]
# name 4 = specc: Specific Conductance [uS/cm]
# name 5 = c0uS/cm: Conductivity [uS/cm]
# name 6 = flECO-AFL: Fluorescence, WET Labs ECO-AFL/FL [mg/m^3]
# name 7 = ph: pH
# name 8 = orp: Oxidation Reduction Potential [mV]
# name 9 = par/sat/log: PAR/Logarithmic, Satlantic
# name 10 = turbWETntu0: Turbidity, WET Labs ECO [NTU]
# name 11 = prdM: Pressure, Strain Gauge [db]
# name 12 = prdE: Pressure, Strain Gauge [psi]
# name 13 = tv290C: Temperature [ITS-90, deg C]
# name 14 = flag:  0.000e+00
# span 0 =     -0.741,      7.473       
# span 1 =     -0.263,      0.209       
# span 2 =     0.0206,     7.1278       
# span 3 =      0.222,     83.277       
# span 4 =      1.188,    256.105       
# span 5 =   1.142047, 179.332729       
# span 6 =    -1.1109,   157.2104       
# span 7 =      5.973,      7.781       
# span 8 = -1240.7455,   227.1288       
# span 9 = 1.2359e-01, 1.6859e+03       
# span 10 =    -0.2800,    17.6085      
# span 11 =     -0.728,      7.329      
# span 12 =     -1.056,     10.630      
# span 13 =     9.9178,    23.1719      
# span 14 = 0.0000e+00, 0.0000e+00      
# interval = seconds: 0.25
# start_time = Aug 18 2022 07:07:22 [Instrument's time stamp, header]
# bad_flag = -9.990e-29
*END*
[from data line 772]
      6.087      0.030     0.0543      0.480    137.104  97.006234     3.5151      7.441   -33.5767 1.2376e-01     5.2206      5.971      8.660    10.3839 0.0000e+00
      6.094      0.030     0.0573      0.470    137.072  97.020319     3.5037      7.442   -33.8212 1.2376e-01     5.2178      5.976      8.668    10.3710 0.0000e+00
      6.101      0.030     0.0531      0.459    137.061  97.036509     3.4877      7.442   -34.0042 1.2376e-01     5.1668      5.982      8.676    10.3611 0.0000e+00
      6.109      0.030     0.0536      0.452    137.104  97.074792     3.4799      7.443   -34.2403 1.2383e-01     5.1497      5.991      8.689    10.3588 0.0000e+00
      6.118      0.029     0.0547      0.445    137.146  97.101564     3.4754      7.444   -34.6123 1.2388e-01     5.1139      6.000      8.701    10.3733 0.0000e+00
      6.125      0.028     0.0523      0.446    137.159  97.105776     3.4759      7.446   -34.9734 1.2384e-01     4.9732      6.006      8.711    10.3903 0.0000e+00
      6.133      0.028     0.0509      0.461    137.190  97.125720     3.4859      7.450   -35.1651 1.2381e-01     4.8832      6.014      8.723    10.3982 0.0000e+00
      6.139      0.028     0.0508      0.481    137.238  97.151883     3.4959      7.451   -35.3812 1.2381e-01     4.9477      6.021      8.733    10.4013 0.0000e+00
      6.144      0.028     0.0494      0.497    137.283  97.167671     3.4551      7.450   -35.6081 1.2382e-01     5.0020      6.025      8.739    10.3984 0.0000e+00
      6.151      0.027     0.0491      0.503    137.334  97.189383     3.3672      7.450   -35.7566 1.2386e-01     4.9589      6.031      8.747    10.3957 0.0000e+00
      6.160      0.027     0.0514      0.493    137.384  97.223568     3.3154      7.450   -35.9723 1.2391e-01     4.9048      6.041      8.761    10.3965 0.0000e+00
      6.168      0.027     0.0539      0.484    137.435  97.262959     3.3035      7.452   -36.1508 1.2392e-01     4.8945      6.050      8.774    10.3947 0.0000e+00
      6.174      0.027     0.0557      0.487    137.473  97.284009     3.2982      7.453   -36.2802 1.2386e-01     4.9367      6.056      8.783    10.3867 0.0000e+00
      6.179      0.026     0.0569      0.479    137.498  97.287262     3.3010      7.453   -36.5047 1.2381e-01     5.0392      6.060      8.789    10.3796 0.0000e+00
      6.186      0.023     0.0556      0.467    137.535  97.302269     3.3123      7.454   -36.7147 1.2380e-01     5.1433      6.065      8.797    10.3807 0.0000e+00
      6.194      0.021     0.0524      0.462    137.584  97.338238     3.3268      7.457   -36.9261 1.2377e-01     5.1708      6.075      8.810    10.3844 0.0000e+00
      6.200      0.021     0.0559      0.461    137.662  97.404126     3.3601      7.459   -37.2533 1.2376e-01     5.0979      6.082      8.822    10.3818 0.0000e+00
      6.203      0.022     0.0538      0.473    137.746  97.462854     3.4152      7.459   -37.5733 1.2378e-01     4.9791      6.084      8.825    10.3749 0.0000e+00
      6.206      0.023     0.0509      0.481    137.791  97.475844     3.4436      7.458   -37.8699 1.2379e-01     4.8956      6.085      8.826    10.3694 0.0000e+00
      6.211      0.023     0.0530      0.474    137.843  97.497551     3.4374      7.458   -38.1727 1.2380e-01     4.8748      6.089      8.831    10.3697 0.0000e+00
      6.220      0.024     0.0497      0.462    137.893  97.534486     3.4066      7.459   -38.4803 1.2378e-01     4.8979      6.098      8.844    10.3772 0.0000e+00
      6.230      0.026     0.0540      0.452    137.903  97.540774     3.3538      7.461   -38.8363 1.2375e-01     4.9027      6.112      8.864    10.3790 0.0000e+00
      6.236      0.026     0.0547      0.452    137.885  97.509966     3.3228      7.462   -39.1214 1.2374e-01     4.8986      6.118      8.873    10.3677 0.0000e+00
      6.241      0.025     0.0529      0.453    137.876  97.480010     3.3242      7.463   -39.2605 1.2378e-01     4.9163      6.120      8.875    10.3594 0.0000e+00
      6.247      0.022     0.0520      0.456    137.915  97.496581     3.3542      7.463   -39.4001 1.2380e-01     4.8777      6.126      8.885    10.3642 0.0000e+00
      6.254      0.020     0.0494      0.463    137.943  97.519492     3.4099      7.464   -39.6902 1.2376e-01     4.7731      6.134      8.897    10.3668 0.0000e+00
      6.259      0.019     0.0510      0.473    137.903  97.502602     3.4480      7.465   -40.1012 1.2374e-01     4.7098      6.139      8.903    10.3575 0.0000e+00
      6.262      0.020     0.0505      0.473    137.854  97.483194     3.4491      7.467   -40.4124 1.2376e-01     4.6943      6.140      8.905    10.3458 0.0000e+00
      6.266      0.022     0.0511      0.481    137.836  97.475681     3.4318      7.469   -40.5265 1.2378e-01     4.6542      6.144      8.911    10.3423 0.0000e+00
      6.271      0.024     0.0513      0.493    137.850  97.475376     3.4058      7.471   -40.7066 1.2382e-01     4.6688      6.149      8.919    10.3448 0.0000e+00
      6.277      0.026     0.0541      0.485    137.871  97.479490     3.3761      7.471   -41.0415 1.2387e-01     4.8021      6.155      8.927    10.3483 0.0000e+00
      6.286      0.028     0.0522      0.473    137.851  97.461800     3.3638      7.471   -41.3055 1.2384e-01     4.9343      6.165      8.940    10.3562 0.0000e+00
      6.295      0.030     0.0529      0.473    137.841  97.452306     3.3738      7.472   -41.4897 1.2374e-01     5.0029      6.175      8.957    10.3597 0.0000e+00
      6.302      0.030     0.0575      0.484    137.899  97.491915     3.4138      7.473   -41.7204 1.2372e-01     5.0852      6.180      8.964    10.3527 0.0000e+00
      6.309      0.030     0.0535      0.489    138.084  97.622670     3.4723      7.473   -41.9443 1.2375e-01     5.1773      6.186      8.972    10.3476 0.0000e+00
      6.317      0.030     0.0530      0.480    138.382  97.824692     3.4988      7.474   -42.1314 1.2373e-01     5.1607      6.196      8.986    10.3489 0.0000e+00
      6.324      0.031     0.0521      0.479    138.598  97.962681     3.4928      7.476   -42.3482 1.2370e-01     5.0890      6.202      8.996    10.3468 0.0000e+00
      6.331      0.032     0.0542      0.478    138.691  98.018883     3.4751      7.476   -42.5866 1.2373e-01     5.0970      6.207      9.002    10.3454 0.0000e+00
      6.340      0.034     0.0562      0.458    138.844  98.122562     3.4514      7.477   -42.7767 1.2376e-01     5.1205      6.217      9.016    10.3484 0.0000e+00
      6.349      0.035     0.0526      0.447    139.139  98.325715     3.4391      7.477   -43.0125 1.2377e-01     5.1334      6.227      9.032    10.3445 0.0000e+00
      6.358      0.035     0.0533      0.452    139.401  98.503265     3.4421      7.477   -43.3721 1.2375e-01     5.1847      6.235      9.044    10.3368 0.0000e+00
      6.368      0.034     0.0554      0.461    139.478  98.551817     3.4465      7.478   -43.5971 1.2373e-01     5.1942      6.244      9.057    10.3341 0.0000e+00
      6.377      0.032     0.0504      0.473    139.449  98.531077     3.4507      7.479   -43.7546 1.2376e-01     5.1122      6.254      9.071    10.3334 0.0000e+00
      6.386      0.031     0.0489      0.471    139.410  98.506949     3.4515      7.481   -43.9855 1.2378e-01     5.0127      6.264      9.084    10.3320 0.0000e+00
      6.392      0.030     0.0513      0.465    139.419  98.514526     3.4393      7.482   -44.1517 1.2371e-01     4.9472      6.270      9.094    10.3283 0.0000e+00
      6.397      0.028     0.0503      0.465    139.484  98.559081     3.4359      7.483   -44.3875 1.2370e-01     4.9682      6.273      9.098    10.3250 0.0000e+00
      6.404      0.026     0.0546      0.462    139.548  98.600382     3.4524      7.483   -44.6864 1.2375e-01     5.0626      6.279      9.107    10.3259 0.0000e+00
      6.413      0.026     0.0525      0.457    139.599  98.632229     3.4723      7.484   -44.8394 1.2376e-01     5.1320      6.290      9.124    10.3277 0.0000e+00
      6.420      0.026     0.0515      0.459    139.679  98.689691     3.4931      7.485   -44.9472 1.2373e-01     5.1923      6.297      9.133    10.3285 0.0000e+00
      6.425      0.027     0.0526      0.457    139.804  98.786250     3.4786      7.485   -45.2156 1.2368e-01     5.1778      6.299      9.137    10.3280 0.0000e+00
      6.432      0.027     0.0520      0.459    139.864  98.845546     3.4225      7.486   -45.5890 1.2368e-01     5.0588      6.307      9.149    10.3260 0.0000e+00
      6.439      0.027     0.0503      0.477    139.820  98.834155     3.3897      7.487   -45.8478 1.2376e-01     4.9829      6.315      9.160    10.3239 0.0000e+00
      6.446      0.027     0.0519      0.480    139.811  98.839370     3.3820      7.489   -46.0223 1.2381e-01     4.9431      6.321      9.167    10.3237 0.0000e+00
      6.454      0.028     0.0517      0.467    139.909  98.908624     3.3710      7.489   -46.2362 1.2377e-01     4.8507      6.329      9.180    10.3262 0.0000e+00
      6.460      0.028     0.0492      0.464    140.002  98.971756     3.3636      7.489   -46.4547 1.2378e-01     4.7200      6.335      9.189    10.3330 0.0000e+00
      6.466      0.027     0.0553      0.474    139.986  98.966573     3.3594      7.490   -46.7718 1.2381e-01     4.6273      6.340      9.195    10.3424 0.0000e+00
      6.474      0.027     0.0544      0.474    139.968  98.973192     3.3536      7.491   -47.0596 1.2380e-01     4.6181      6.349      9.208    10.3466 0.0000e+00
      6.483      0.028     0.0514      0.459    140.053  99.051797     3.3606      7.491   -47.1809 1.2378e-01     4.6427      6.359      9.223    10.3454 0.0000e+00
      6.489      0.029     0.0512      0.445    140.108  99.090045     3.4109      7.492   -47.3769 1.2376e-01     4.7192      6.365      9.231    10.3426 0.0000e+00
      6.494      0.031     0.0538      0.437    140.070  99.053964     3.4781      7.494   -47.7098 1.2379e-01     4.8606      6.367      9.234    10.3443 0.0000e+00
      6.501      0.032     0.0539      0.444    140.079  99.060814     3.4988      7.495   -48.0223 1.2382e-01     4.9168      6.373      9.242    10.3524 0.0000e+00
      6.512      0.034     0.0509      0.463    140.147  99.109255     3.4867      7.494   -48.2295 1.2383e-01     4.8864      6.388      9.264    10.3634 0.0000e+00
      6.522      0.034     0.0496      0.467    140.191  99.130767     3.4400      7.494   -48.4082 1.2385e-01     4.8006      6.397      9.278    10.3616 0.0000e+00
      6.531      0.033     0.0485      0.462    140.198  99.130059     3.3595      7.494   -48.7199 1.2385e-01     4.6657      6.403      9.287    10.3524 0.0000e+00
      6.541      0.032     0.0483      0.468    140.163  99.100694     3.3118      7.495   -49.0732 1.2382e-01     4.6216      6.416      9.304    10.3570 0.0000e+00
      6.548      0.030     0.0532      0.475    140.078  99.030159     3.3132      7.496   -49.2377 1.2380e-01     4.6770      6.424      9.316    10.3589 0.0000e+00
      6.552      0.030     0.0529      0.466    140.018  98.976959     3.3845      7.497   -49.3331 1.2380e-01     4.7894      6.425      9.318    10.3516 0.0000e+00
      6.558      0.029     0.0502      0.439    140.014  98.966337     3.4990      7.497   -49.4531 1.2377e-01     4.9212      6.430      9.325    10.3502 0.0000e+00
      6.568      0.026     0.0529      0.422    140.029  98.965334     3.5580      7.498   -49.5690 1.2376e-01     4.9732      6.442      9.342    10.3513 0.0000e+00
      6.578      0.024     0.0532      0.421    140.039  98.964827     3.5571      7.499   -49.7876 1.2376e-01     4.9388      6.453      9.358    10.3454 0.0000e+00
      6.585      0.022     0.0539      0.426    140.029  98.960188     3.4958      7.500   -50.0316 1.2373e-01     4.8125      6.458      9.367    10.3412 0.0000e+00
      6.588      0.019     0.0479      0.431    140.034  98.972861     3.3826      7.501   -50.1966 1.2368e-01     4.6758      6.461      9.370    10.3397 0.0000e+00
      6.590      0.015     0.0464      0.435    140.052  98.990840     3.3129      7.501   -50.3192 1.2371e-01     4.6528      6.463      9.374    10.3348 0.0000e+00
      6.593      0.012     0.0474      0.446    140.039  98.986738     3.3100      7.502   -50.5682 1.2381e-01     4.7048      6.465      9.377    10.3301 0.0000e+00
      6.596      0.010     0.0475      0.464    140.024  98.986881     3.3230      7.502   -50.9700 1.2382e-01     4.8267      6.468      9.382    10.3324 0.0000e+00
      6.600      0.010     0.0488      0.479    140.004  98.992577     3.3281      7.503   -51.2199 1.2379e-01     4.9652      6.473      9.389    10.3375 0.0000e+00
      6.602      0.010     0.0480      0.475    139.973  98.992021     3.3305      7.504   -51.4378 1.2383e-01     5.0129      6.475      9.391    10.3378 0.0000e+00
      6.603      0.010     0.0499      0.460    139.933  98.980185     3.3269      7.507   -51.7983 1.2386e-01     4.9941      6.475      9.391    10.3392 0.0000e+00
      6.606      0.012     0.0517      0.459    139.924  98.976711     3.3013      7.509   -52.0505 1.2381e-01     5.1142      6.478      9.396    10.3427 0.0000e+00
      6.608      0.015     0.0547      0.461    139.987  99.013628     3.2700      7.509   -52.2510 1.2376e-01     5.4061      6.481      9.400    10.3508 0.0000e+00
      6.610      0.018     0.0541      0.464    140.037  99.044873     3.2574      7.509   -52.5019 1.2380e-01     5.5508      6.481      9.400    10.3593 0.0000e+00
      6.615      0.022     0.0502      0.472    140.029  99.036414     3.2574      7.509   -52.7608 1.2382e-01     5.5318      6.485      9.406    10.3666 0.0000e+00
      6.624      0.028     0.0514      0.467    140.041  99.038574     3.3027      7.510   -52.9718 1.2374e-01     5.4494      6.497      9.423    10.3680 0.0000e+00
      6.632      0.036     0.0522      0.462    140.103  99.070981     3.3892      7.512   -53.1604 1.2370e-01     5.3062      6.507      9.437    10.3613 0.0000e+00
      6.637      0.042     0.0505      0.468    140.192  99.110168     3.4369      7.512   -53.4072 1.2375e-01     5.2692      6.508      9.437    10.3612 0.0000e+00
      6.647      0.046     0.0545      0.468    140.267  99.130686     3.4467      7.512   -53.5464 1.2379e-01     5.2759      6.514      9.447    10.3613 0.0000e+00
      6.665      0.048     0.0523      0.464    140.307  99.128184     3.4413      7.512   -53.6385 1.2381e-01     5.1817      6.537      9.481    10.3581 0.0000e+00
      6.683      0.048     0.0504      0.460    140.362  99.143492     3.4134      7.512   -53.8327 1.2382e-01     5.0869      6.558      9.511    10.3561 0.0000e+00
      6.695      0.046     0.0535      0.454    140.444  99.188521     3.3835      7.513   -54.0877 1.2380e-01     5.0516      6.565      9.522    10.3471 0.0000e+00
      6.705      0.041     0.0522      0.448    140.506  99.227325     3.3634      7.513   -54.3126 1.2376e-01     5.0621      6.575      9.537    10.3332 0.0000e+00
      6.715      0.036     0.0518      0.433    140.518  99.230977     3.3532      7.514   -54.4872 1.2375e-01     5.1118      6.587      9.553    10.3224 0.0000e+00
      6.722      0.031     0.0519      0.420    140.532  99.232675     3.3597      7.515   -54.6492 1.2374e-01     5.1743      6.592      9.562    10.3133 0.0000e+00
      6.728      0.027     0.0504      0.428    140.564  99.247847     3.3754      7.516   -54.8086 1.2373e-01     5.2374      6.596      9.568    10.3086 0.0000e+00
      6.735      0.024     0.0508      0.446    140.533  99.223575     3.3859      7.518   -54.9521 1.2375e-01     5.2596      6.603      9.578    10.3090 0.0000e+00
      6.742      0.022     0.0489      0.458    140.477  99.193656     3.3866      7.518   -55.0082 1.2376e-01     5.2376      6.612      9.592    10.3067 0.0000e+00
