Data/DataNotYetUploadedToEDI/Raw_CTD/RawDownloads/081924_fcr10_S7809003.cnv
* Sea-Bird SBE19plus  Data File:
* FileName = C:\R\Reservoirs\Data\DataNotYetUploadedToEDI\Raw_CTD\RawDownloads\081924_fcr50_S7809_0003.hex
* Software version 2.8.0.119
* Temperature SN = 7809
* Conductivity SN = 7809
* System UpLoad Time = Aug 20 2024 14:05:29
* <ApplicationData>
* <Seaterm232>
# nquan = 15
# nvalues = 663                         
# units = specified
# name 0 = depFM: Depth [fresh water, m]
# name 1 = dz/dtM: Descent Rate [m/s]
# name 2 = sbeox0Mg/L: Oxygen, SBE 43 [mg/l]
# name 3 = sbeox0PS: Oxygen, SBE 43 [% saturation]
# name 4 = specc: Specific Conductance [uS/cm]
# name 5 = c0uS/cm: Conductivity [uS/cm]
# name 6 = flECO-AFL: Fluorescence, WET Labs ECO-AFL/FL [mg/m^3]
# name 7 = ph: pH
# name 8 = orp: Oxidation Reduction Potential [mV]
# name 9 = par/sat/log: PAR/Logarithmic, Satlantic
# name 10 = turbWETntu0: Turbidity, WET Labs ECO [NTU]
# name 11 = prdM: Pressure, Strain Gauge [db]
# name 12 = prdE: Pressure, Strain Gauge [psi]
# name 13 = tv290C: Temperature [ITS-90, deg C]
# name 14 = flag:  0.000e+00
# span 0 =     -0.708,      2.224       
# span 1 =     -0.044,      0.160       
# span 2 =     0.0076,     8.2807       
# span 3 =      0.298,     99.666       
# span 4 =      3.419,     48.839       
# span 5 =   3.283637,  47.256102       
# span 6 =    -0.0782,    96.9390       
# span 7 =      1.353,      7.314       
# span 8 = -1240.7455,   192.7527       
# span 9 = 5.2841e+01, 1.9408e+03       
# span 10 =    -1.8970,   107.3857      
# span 11 =     -0.695,      2.182      
# span 12 =     -1.008,      3.165      
# span 13 =    22.9988,    25.1083      
# span 14 = 0.0000e+00, 0.0000e+00      
# interval = seconds: 0.25
# start_time = Aug 19 2024 12:10:56 [Instrument's time stamp, header]
# bad_flag = -9.990e-29
*END*
[from data line 290]
      0.568      0.014     7.4591     89.628     41.636  41.489293     5.7044      7.077   153.1901 5.2707e+02     5.4046      0.556      0.807    24.8275 0.0000e+00
      0.574      0.016     7.4527     89.575     41.638  41.490342     5.7272      7.078   153.1924 5.4542e+02     5.4766      0.562      0.815    24.8262 0.0000e+00
      0.580      0.017     7.4428     89.507     41.649  41.501786     5.7511      7.079   153.3314 5.4617e+02     5.5643      0.569      0.826    24.8234 0.0000e+00
      0.585      0.017     7.4357     89.451     41.648  41.500726     5.7691      7.081   153.4081 5.4492e+02     5.6457      0.574      0.833    24.8199 0.0000e+00
      0.589      0.016     7.4283     89.452     41.624  41.477535     5.7691      7.083   153.3449 5.4910e+02     5.6749      0.578      0.838    24.8178 0.0000e+00
      0.592      0.015     7.4270     89.438     41.623  41.475248     5.7672      7.084   153.4281 5.3666e+02     5.6434      0.581      0.842    24.8170 0.0000e+00
      0.594      0.014     7.4208     89.378     41.623  41.473064     5.7630      7.084   153.6399 5.2208e+02     5.6749      0.582      0.844    24.8167 0.0000e+00
      0.598      0.014     7.4111     89.317     41.602  41.451120     5.7355      7.085   153.7541 5.1248e+02     5.7488      0.586      0.849    24.8172 0.0000e+00
      0.603      0.015     7.4172     89.257     41.617  41.463804     5.7086      7.087   153.8622 4.9482e+02     5.7167      0.591      0.857    24.8173 0.0000e+00
      0.607      0.015     7.4166     89.178     41.654  41.499491     5.7045      7.089   154.0008 4.7332e+02     5.6284      0.596      0.864    24.8161 0.0000e+00
      0.611      0.014     7.4088     89.072     41.659  41.501799     5.7186      7.091   154.0538 4.5814e+02     5.6033      0.601      0.870    24.8143 0.0000e+00
      0.615      0.013     7.4052     88.965     41.650  41.491708     5.7379      7.092   154.0722 4.5713e+02     5.6527      0.603      0.874    24.8128 0.0000e+00
      0.617      0.011     7.4005     88.890     41.664  41.504411     5.7379      7.093   154.1374 4.5894e+02     5.6787      0.605      0.878    24.8111 0.0000e+00
      0.620      0.011     7.3953     88.840     41.689  41.528455     5.7193      7.096   154.2392 4.6091e+02     5.6451      0.608      0.882    24.8086 0.0000e+00
      0.622      0.012     7.3853     88.765     41.690  41.528552     5.7131      7.098   154.4425 4.6845e+02     5.6216      0.610      0.885    24.8061 0.0000e+00
      0.624      0.013     7.3759     88.651     41.667  41.505587     5.7379      7.097   154.6171 4.6753e+02     5.6344      0.612      0.888    24.8048 0.0000e+00
      0.627      0.015     7.3694     88.539     41.667  41.504652     5.7772      7.095   154.8021 4.5741e+02     5.6964      0.614      0.891    24.8037 0.0000e+00
      0.632      0.016     7.3677     88.429     41.681  41.517241     5.7892      7.094   155.0446 4.5313e+02     5.7231      0.619      0.898    24.8023 0.0000e+00
      0.637      0.016     7.3629     88.304     41.696  41.530870     5.7740      7.095   155.1398 4.5205e+02     5.6497      0.626      0.908    24.8008 0.0000e+00
      0.642      0.015     7.3505     88.182     41.708  41.542505     5.7687      7.095   155.1790 4.4573e+02     5.5948      0.630      0.914    24.7996 0.0000e+00
      0.646      0.014     7.3422     88.100     41.697  41.530983     5.7829      7.095   155.2607 4.4074e+02     5.6397      0.634      0.919    24.7984 0.0000e+00
      0.649      0.011     7.3341     88.074     41.685  41.518490     5.7968      7.095   155.3530 4.3594e+02     5.7139      0.637      0.924    24.7972 0.0000e+00
      0.651      0.009     7.3236     88.118     41.685  41.518385     5.7943      7.095   155.5196 4.3522e+02     5.7064      0.638      0.926    24.7962 0.0000e+00
      0.653      0.007     7.3114     88.214     41.696  41.529716     5.8197      7.095   155.7273 4.4457e+02     5.6178      0.640      0.929    24.7955 0.0000e+00
      0.655      0.005     7.3050     88.323     41.695  41.528554     5.8876      7.096   155.8855 4.4952e+02     5.5643      0.642      0.931    24.7947 0.0000e+00
      0.655      0.005     7.3022     88.438     41.671  41.504329     5.9413      7.096   156.1418 4.5587e+02     5.6069      0.642      0.932    24.7943 0.0000e+00
      0.656      0.005     7.3059     88.543     41.658  41.490682     5.9693      7.094   156.5892 4.6838e+02     5.6887      0.643      0.933    24.7942 0.0000e+00
      0.657      0.006     7.3166     88.590     41.658  41.490482     5.9682      7.092   156.9926 4.6336e+02     5.6985      0.644      0.934    24.7943 0.0000e+00
      0.658      0.007     7.3242     88.559     41.670  41.501917     5.9448      7.089   157.3201 4.4747e+02     5.6573      0.645      0.936    24.7941 0.0000e+00
      0.661      0.008     7.3347     88.473     41.670  41.502003     5.9356      7.085   157.7092 4.3626e+02     5.6694      0.648      0.939    24.7938 0.0000e+00
      0.664      0.009     7.3453     88.366     41.660  41.491522     5.9481      7.081   158.0832 4.2720e+02     5.7082      0.651      0.944    24.7933 0.0000e+00
      0.666      0.010     7.3500     88.262     41.671  41.502125     5.9635      7.079   158.3148 4.2650e+02     5.7159      0.653      0.947    24.7930 0.0000e+00
      0.669      0.010     7.3466     88.190     41.673  41.503279     5.9557      7.077   158.3588 4.3557e+02     5.6602      0.656      0.950    24.7927 0.0000e+00
      0.672      0.009     7.3379     88.150     41.675  41.505473     5.9371      7.074   158.4431 4.4319e+02     5.5809      0.659      0.956    24.7919 0.0000e+00
      0.674      0.008     7.3291     88.113     41.699  41.528646     5.9386      7.072   158.7312 4.4011e+02     5.5772      0.661      0.959    24.7917 0.0000e+00
      0.675      0.007     7.3192     88.075     41.701  41.529601     5.9729      7.072   159.0883 4.3441e+02     5.6492      0.662      0.959    24.7914 0.0000e+00
      0.677      0.006     7.3130     88.038     41.689  41.517014     6.0190      7.072   159.4062 4.3955e+02     5.7006      0.665      0.963    24.7906 0.0000e+00
      0.679      0.006     7.3120     88.024     41.676  41.503386     6.0305      7.072   159.6491 4.4468e+02     5.6863      0.667      0.967    24.7898 0.0000e+00
      0.680      0.006     7.3078     88.044     41.666  41.491752     6.0121      7.073   159.8743 4.3728e+02     5.6469      0.667      0.967    24.7893 0.0000e+00
      0.681      0.006     7.3056     88.045     41.678  41.503283     5.9965      7.075   160.0639 4.2813e+02     5.6344      0.668      0.969    24.7887 0.0000e+00
      0.682      0.006     7.3017     88.004     41.692  41.515880     5.9655      7.078   160.2207 4.2581e+02     5.6717      0.669      0.971    24.7874 0.0000e+00
      0.683      0.006     7.2991     87.936     41.693  41.517129     5.9205      7.080   160.4799 4.2901e+02     5.7222      0.670      0.972    24.7863 0.0000e+00
      0.686      0.007     7.3045     87.853     41.695  41.518377     5.8942      7.080   160.7889 4.3991e+02     5.7323      0.673      0.976    24.7850 0.0000e+00
      0.688      0.007     7.3048     87.763     41.708  41.530976     5.8802      7.079   161.0315 4.5467e+02     5.6923      0.675      0.978    24.7840 0.0000e+00
      0.690      0.008     7.3005     87.673     41.719  41.542517     5.8352      7.079   161.2621 4.6267e+02     5.6820      0.676      0.980    24.7837 0.0000e+00
      0.691      0.010     7.2948     87.588     41.707  41.530987     5.7653      7.079   161.5123 4.5762e+02     5.7781      0.678      0.983    24.7827 0.0000e+00
      0.693      0.012     7.2880     87.549     41.694  41.518504     5.7349      7.079   161.6474 4.4127e+02     5.8979      0.679      0.985    24.7820 0.0000e+00
      0.696      0.013     7.2799     87.606     41.694  41.518514     5.7249      7.080   161.6053 4.2766e+02     5.9006      0.683      0.991    24.7822 0.0000e+00
      0.700      0.013     7.2728     87.733     41.707  41.531113     5.7025      7.081   161.6056 4.2551e+02     5.7770      0.687      0.996    24.7829 0.0000e+00
      0.705      0.012     7.2645     87.854     41.721  41.543902     5.6886      7.084   161.8232 4.2493e+02     5.6667      0.691      1.003    24.7837 0.0000e+00
      0.710      0.012     7.2586     87.902     41.724  41.546208     5.6991      7.088   161.9985 4.1640e+02     5.6951      0.698      1.012    24.7840 0.0000e+00
      0.712      0.011     7.2646     87.862     41.737  41.558997     5.7299      7.091   162.0044 4.1150e+02     5.7788      0.699      1.014    24.7835 0.0000e+00
      0.712      0.010     7.2779     87.788     41.751  41.571596     5.7776      7.092   162.1533 4.1371e+02     5.7901      0.698      1.012    24.7826 0.0000e+00
      0.714      0.010     7.2903     87.728     41.752  41.571607     5.8349      7.093   162.4223 4.1148e+02     5.7636      0.699      1.014    24.7817 0.0000e+00
      0.717      0.011     7.2950     87.669     41.741  41.559124     5.8646      7.094   162.5035 4.1009e+02     5.7652      0.703      1.020    24.7806 0.0000e+00
      0.721      0.012     7.2895     87.579     41.731  41.547605     5.8794      7.095   162.5321 4.1186e+02     5.8096      0.707      1.026    24.7803 0.0000e+00
      0.724      0.014     7.2814     87.447     41.743  41.559258     5.9300      7.096   162.6826 4.0980e+02     5.8227      0.709      1.029    24.7794 0.0000e+00
      0.728      0.014     7.2781     87.308     41.757  41.573086     5.9862      7.099   162.7751 4.0835e+02     5.7191      0.713      1.035    24.7774 0.0000e+00
      0.732      0.015     7.2742     87.205     41.772  41.587859     5.9930      7.101   162.7898 4.0950e+02     5.6159      0.719      1.042    24.7757 0.0000e+00
      0.736      0.016     7.2677     87.131     41.795  41.610947     5.9870      7.103   162.8607 4.0852e+02     5.5998      0.721      1.046    24.7747 0.0000e+00
      0.739      0.017     7.2551     87.034     41.783  41.598369     5.9965      7.105   163.0292 4.0876e+02     5.5924      0.724      1.049    24.7743 0.0000e+00
      0.743      0.018     7.2421     86.916     41.748  41.562713     6.0077      7.108   163.1917 4.0884e+02     5.6629      0.728      1.056    24.7741 0.0000e+00
      0.749      0.020     7.2336     86.857     41.746  41.560634     6.0146      7.110   163.2779 4.0443e+02     5.8030      0.734      1.065    24.7734 0.0000e+00
      0.754      0.022     7.2299     86.849     41.759  41.573233     6.0045      7.110   163.3831 4.0398e+02     5.8520      0.739      1.072    24.7733 0.0000e+00
      0.759      0.023     7.2232     86.822     41.775  41.588112     5.9939      7.111   163.5166 4.0735e+02     5.8788      0.744      1.079    24.7731 0.0000e+00
      0.765      0.023     7.2078     86.757     41.801  41.613593     6.0029      7.112   163.6017 4.0392e+02     5.9559      0.750      1.087    24.7722 0.0000e+00
      0.772      0.022     7.2046     86.658     41.816  41.627458     6.0228      7.114   163.6377 3.9656e+02     5.9999      0.758      1.100    24.7720 0.0000e+00
      0.779      0.021     7.2075     86.542     41.817  41.628812     6.0334      7.115   163.6938 3.9081e+02     5.9665      0.764      1.109    24.7713 0.0000e+00
      0.784      0.019     7.2042     86.412     41.818  41.629966     6.0154      7.116   163.7638 3.8480e+02     5.8939      0.769      1.116    24.7700 0.0000e+00
      0.788      0.017     7.2001     86.288     41.829  41.641411     5.9881      7.118   163.7957 3.7828e+02     5.8387      0.774      1.123    24.7694 0.0000e+00
      0.791      0.015     7.1902     86.207     41.828  41.640259     5.9947      7.118   163.8222 3.6939e+02     5.8461      0.776      1.126    24.7693 0.0000e+00
      0.794      0.013     7.1811     86.171     41.803  41.616034     6.0205      7.120   163.9117 3.5423e+02     5.9150      0.778      1.128    24.7691 0.0000e+00
      0.798      0.011     7.1704     86.186     41.790  41.602386     6.0331      7.123   164.0171 3.3777e+02     5.9204      0.783      1.134    24.7690 0.0000e+00
      0.802      0.009     7.1572     86.203     41.790  41.602177     6.0384      7.127   164.0636 3.2626e+02     5.8774      0.786      1.141    24.7692 0.0000e+00
      0.804      0.009     7.1524     86.173     41.802  41.613499     6.0425      7.129   164.1300 3.1927e+02     5.8725      0.789      1.144    24.7698 0.0000e+00
      0.806      0.009     7.1474     86.135     41.801  41.612345     6.0505      7.129   164.3897 3.1786e+02     5.8617      0.791      1.146    24.7698 0.0000e+00
      0.806      0.010     7.1508     86.118     41.777  41.588225     6.0597      7.129   164.7086 3.2384e+02     5.8835      0.790      1.147    24.7691 0.0000e+00
      0.807      0.011     7.1556     86.127     41.766  41.575731     6.0375      7.130   164.8016 3.3483e+02     5.8966      0.790      1.145    24.7687 0.0000e+00
      0.810      0.011     7.1495     86.167     41.780  41.588215     5.9821      7.133   164.6547 3.4488e+02     5.8492      0.794      1.151    24.7685 0.0000e+00
      0.816      0.011     7.1463     86.193     41.806  41.612230     5.9466      7.136   164.4806 3.5204e+02     5.8569      0.801      1.162    24.7684 0.0000e+00
      0.821      0.012     7.1452     86.140     41.808  41.612220     5.9496      7.139   164.5896 3.5694e+02     5.9213      0.806      1.169    24.7682 0.0000e+00
      0.823      0.013     7.1453     86.030     41.785  41.588091     5.9610      7.141   164.7678 3.5860e+02     5.9103      0.808      1.171    24.7665 0.0000e+00
      0.823      0.013     7.1499     85.932     41.772  41.574357     5.9670      7.144   164.8290 3.5805e+02     5.8259      0.807      1.171    24.7636 0.0000e+00
      0.825      0.014     7.1559     85.842     41.773  41.573099     5.9818      7.146   165.0719 3.5535e+02     5.8240      0.808      1.172    24.7615 0.0000e+00
      0.830      0.016     7.1508     85.739     41.777  41.572881     5.9976      7.145   165.3804 3.4922e+02     5.8874      0.814      1.180    24.7601 0.0000e+00
      0.835      0.018     7.1376     85.627     41.781  41.571718     6.0078      7.145   165.5478 3.4109e+02     5.9092      0.819      1.189    24.7585 0.0000e+00
      0.841      0.018     7.1316     85.482     41.774  41.559026     6.0312      7.146   165.6334 3.3489e+02     5.8828      0.825      1.195    24.7579 0.0000e+00
      0.846      0.017     7.1251     85.292     41.764  41.546342     6.0560      7.147   165.6413 3.3211e+02     5.7732      0.832      1.206    24.7555 0.0000e+00
      0.851      0.014     7.1164     85.117     41.764  41.545293     6.0575      7.148   165.6442 3.3251e+02     5.6426      0.836      1.213    24.7502 0.0000e+00
      0.854      0.012     7.1089     85.022     41.765  41.546341     6.0495      7.149   165.6679 3.3579e+02     5.6019      0.838      1.216    24.7429 0.0000e+00
      0.856      0.011     7.0995     84.975     41.778  41.559015     6.0850      7.150   165.7554 3.4125e+02     5.6576      0.840      1.218    24.7354 0.0000e+00
      0.857      0.011     7.0815     84.933     41.793  41.571605     6.1615      7.152   165.9275 3.4599e+02     5.7352      0.840      1.218    24.7319 0.0000e+00
      0.858      0.012     7.0631     84.883     41.795  41.571615     6.1924      7.153   166.0290 3.4437e+02     5.7193      0.842      1.221    24.7322 0.0000e+00
      0.862      0.014     7.0584     84.851     41.783  41.559131     6.1754      7.155   166.1224 3.3752e+02     5.6368      0.844      1.224    24.7325 0.0000e+00
      0.867      0.014     7.0555     84.879     41.773  41.547600     6.1970      7.157   166.2815 3.3023e+02     5.6594      0.848      1.230    24.7319 0.0000e+00
