Data/DataNotYetUploadedToEDI/Raw_CTD/RawDownloads/081924_fcr10_S7809003.cnv
* Sea-Bird SBE19plus  Data File:
* FileName = C:\R\Reservoirs\Data\DataNotYetUploadedToEDI\Raw_CTD\RawDownloads\081924_fcr50_S7809_0003.hex
* Software version 2.8.0.119
* Temperature SN = 7809
* Conductivity SN = 7809
* System UpLoad Time = Aug 20 2024 14:05:29
* <ApplicationData>
* <Seaterm232>
# nquan = 15
# nvalues = 663                         
# units = specified
# name 0 = depFM: Depth [fresh water, m]
# name 1 = dz/dtM: Descent Rate [m/s]
# name 2 = sbeox0Mg/L: Oxygen, SBE 43 [mg/l]
# name 3 = sbeox0PS: Oxygen, SBE 43 [% saturation]
# name 4 = specc: Specific Conductance [uS/cm]
# name 5 = c0uS/cm: Conductivity [uS/cm]
# name 6 = flECO-AFL: Fluorescence, WET Labs ECO-AFL/FL [mg/m^3]
# name 7 = ph: pH
# name 8 = orp: Oxidation Reduction Potential [mV]
# name 9 = par/sat/log: PAR/Logarithmic, Satlantic
# name 10 = turbWETntu0: Turbidity, WET Labs ECO [NTU]
# name 11 = prdM: Pressure, Strain Gauge [db]
# name 12 = prdE: Pressure, Strain Gauge [psi]
# name 13 = tv290C: Temperature [ITS-90, deg C]
# name 14 = flag:  0.000e+00
# span 0 =     -0.708,      2.224       
# span 1 =     -0.044,      0.160       
# span 2 =     0.0076,     8.2807       
# span 3 =      0.298,     99.666       
# span 4 =      3.419,     48.839       
# span 5 =   3.283637,  47.256102       
# span 6 =    -0.0782,    96.9390       
# span 7 =      1.353,      7.314       
# span 8 = -1240.7455,   192.7527       
# span 9 = 5.2841e+01, 1.9408e+03       
# span 10 =    -1.8970,   107.3857      
# span 11 =     -0.695,      2.182      
# span 12 =     -1.008,      3.165      
# span 13 =    22.9988,    25.1083      
# span 14 = 0.0000e+00, 0.0000e+00      
# interval = seconds: 0.25
# start_time = Aug 19 2024 12:10:56 [Instrument's time stamp, header]
# bad_flag = -9.990e-29
*END*
[from data line 386]
      0.878      0.013     7.0487     85.012     41.800  41.571617     6.3070      7.160   166.4886 3.2146e+02     5.9642      0.862      1.250    24.7264 0.0000e+00
      0.880      0.012     7.0430     85.045     41.802  41.571627     6.3049      7.162   166.5258 3.1958e+02     5.9775      0.863      1.252    24.7260 0.0000e+00
      0.881      0.010     7.0474     85.027     41.791  41.559246     6.2780      7.165   166.5107 3.1809e+02     5.9478      0.864      1.254    24.7253 0.0000e+00
      0.882      0.009     7.0544     84.944     41.783  41.548861     6.2660      7.167   166.5642 3.1996e+02     5.9478      0.865      1.254    24.7230 0.0000e+00
      0.884      0.009     7.0612     84.828     41.808  41.572991     6.2844      7.168   166.6555 3.2356e+02     5.9432      0.867      1.258    24.7212 0.0000e+00
      0.887      0.009     7.0640     84.705     41.831  41.597128     6.3081      7.169   166.6688 3.2526e+02     5.9607      0.869      1.261    24.7192 0.0000e+00
      0.891      0.008     7.0642     84.583     41.819  41.586837     6.3026      7.171   166.6388 3.2787e+02     5.9542      0.874      1.267    24.7167 0.0000e+00
      0.894      0.007     7.0564     84.519     41.805  41.575488     6.2512      7.174   166.6371 3.3333e+02     5.8984      0.878      1.273    24.7144 0.0000e+00
      0.895      0.005     7.0445     84.519     41.815  41.586846     6.1860      7.177   166.7341 3.3814e+02     5.8674      0.879      1.275    24.7134 0.0000e+00
      0.895      0.004     7.0377     84.568     41.825  41.597232     6.1642      7.179   166.8661 3.4064e+02     5.8860      0.878      1.273    24.7136 0.0000e+00
      0.895      0.002     7.0213     84.618     41.801  41.574134     6.1788      7.182   166.9424 3.4234e+02     5.9521      0.877      1.272    24.7161 0.0000e+00
      0.895      0.001     7.0180     84.614     41.788  41.561439     6.1797      7.184   166.9682 3.4399e+02     5.9499      0.878      1.274    24.7193 0.0000e+00
      0.896      0.001     7.0177     84.641     41.798  41.570681     6.1672      7.186   167.0055 3.4470e+02     5.8935      0.879      1.274    24.7209 0.0000e+00
      0.896      0.001     7.0211     84.711     41.787  41.558941     6.1691      7.189   167.1353 3.4582e+02     5.8854      0.880      1.275    24.7218 0.0000e+00
      0.896      0.001     7.0321     84.755     41.775  41.546429     6.1861      7.191   167.2463 3.4827e+02     5.8865      0.879      1.276    24.7226 0.0000e+00
      0.896      0.002     7.0237     84.750     41.776  41.546334     6.2387      7.193   167.2301 3.4592e+02     5.9061      0.879      1.275    24.7225 0.0000e+00
      0.896      0.002     7.0271     84.689     41.789  41.557779     6.3144      7.195   167.1972 3.4036e+02     5.8826      0.878      1.274    24.7219 0.0000e+00
      0.897      0.002     7.0370     84.625     41.789  41.557874     6.3434      7.197   167.2792 3.3683e+02     5.8079      0.879      1.274    24.7217 0.0000e+00
      0.898      0.003     7.0389     84.575     41.779  41.547488     6.3479      7.199   167.4467 3.3370e+02     5.8231      0.881      1.277    24.7214 0.0000e+00
      0.900      0.006     7.0419     84.520     41.791  41.559132     6.3779      7.200   167.6744 3.3318e+02     5.8954      0.883      1.279    24.7200 0.0000e+00
      0.900      0.009     7.0325     84.468     41.804  41.571731     6.4067      7.200   167.9669 3.3453e+02     5.9308      0.883      1.280    24.7177 0.0000e+00
      0.901      0.011     7.0275     84.416     41.805  41.572886     6.4125      7.200   168.2295 3.3402e+02     5.9100      0.882      1.279    24.7162 0.0000e+00
      0.904      0.013     7.0254     84.380     41.806  41.573094     6.4062      7.200   168.3543 3.3193e+02     5.8482      0.885      1.282    24.7164 0.0000e+00
      0.910      0.016     7.0187     84.386     41.809  41.574247     6.3809      7.200   168.3573 3.2876e+02     5.7983      0.893      1.295    24.7169 0.0000e+00
      0.916      0.019     7.0159     84.417     41.825  41.586827     6.3395      7.202   168.3531 3.2360e+02     5.7508      0.899      1.304    24.7171 0.0000e+00
      0.920      0.020     7.0107     84.427     41.841  41.598254     6.3215      7.205   168.3893 3.1762e+02     5.7178      0.902      1.307    24.7170 0.0000e+00
      0.924      0.019     7.0065     84.379     41.833  41.585466     6.3137      7.209   168.4508 3.1393e+02     5.7072      0.905      1.313    24.7163 0.0000e+00
      0.930      0.018     7.0080     84.256     41.811  41.559135     6.2944      7.212   168.5796 3.1250e+02     5.7243      0.911      1.321    24.7135 0.0000e+00
      0.936      0.017     7.0127     84.050     41.789  41.533748     6.3214      7.213   168.7418 3.1170e+02     5.8229      0.919      1.333    24.7094 0.0000e+00
      0.941      0.015     7.0154     83.804     41.790  41.532387     6.3906      7.214   168.8631 3.0929e+02     5.9086      0.924      1.340    24.7046 0.0000e+00
      0.943      0.014     7.0123     83.586     41.801  41.542669     6.4239      7.217   168.9283 3.0621e+02     5.9406      0.925      1.341    24.6988 0.0000e+00
      0.945      0.012     7.0037     83.374     41.791  41.531128     6.4156      7.220   168.9282 3.0634e+02     5.9709      0.927      1.344    24.6933 0.0000e+00
      0.947      0.010     6.9860     83.134     41.781  41.519777     6.3991      7.222   168.9478 3.0724e+02     5.9671      0.929      1.347    24.6890 0.0000e+00
      0.950      0.008     6.9621     82.923     41.796  41.532365     6.3994      7.224   168.9928 3.0607e+02     5.9631      0.932      1.352    24.6858 0.0000e+00
      0.953      0.006     6.9459     82.793     41.822  41.556389     6.4187      7.227   168.9556 3.0579e+02     5.9904      0.935      1.356    24.6843 0.0000e+00
      0.955      0.005     6.9310     82.738     41.822  41.556379     6.4242      7.229   168.9285 3.0607e+02     5.9895      0.937      1.359    24.6839 0.0000e+00
      0.956      0.003     6.9076     82.741     41.797  41.532240     6.4242      7.231   169.0957 3.0644e+02     5.9875      0.939      1.361    24.6826 0.0000e+00
      0.955      0.003     6.8886     82.751     41.782  41.518404     6.4362      7.232   169.2558 3.0935e+02     6.0678      0.937      1.360    24.6797 0.0000e+00
      0.955      0.003     6.8795     82.733     41.778  41.516022     6.4519      7.234   169.2301 3.1188e+02     6.1743      0.935      1.356    24.6762 0.0000e+00
      0.955      0.003     6.8747     82.725     41.765  41.503434     6.4726      7.235   169.3013 3.0947e+02     6.2166      0.936      1.357    24.6758 0.0000e+00
      0.957      0.004     6.8765     82.729     41.755  41.493143     6.4708      7.237   169.5141 3.0432e+02     6.2031      0.939      1.361    24.6773 0.0000e+00
      0.959      0.007     6.8798     82.734     41.782  41.518529     6.4384      7.239   169.6522 3.0569e+02     6.1478      0.941      1.364    24.6786 0.0000e+00
      0.961      0.010     6.8743     82.749     41.822  41.556505     6.4139      7.240   169.7662 3.1404e+02     6.0950      0.943      1.367    24.6810 0.0000e+00
      0.962      0.015     6.8746     82.730     41.840  41.571497     6.4158      7.241   169.8612 3.1737e+02     6.1124      0.944      1.369    24.6825 0.0000e+00
      0.964      0.019     6.8764     82.676     41.846  41.572852     6.4277      7.240   169.9392 3.1206e+02     6.1864      0.944      1.369    24.6808 0.0000e+00
      0.969      0.023     6.8744     82.621     41.853  41.572883     6.4249      7.239   170.1074 3.0564e+02     6.2384      0.948      1.375    24.6783 0.0000e+00
      0.979      0.025     6.8797     82.571     41.857  41.571864     6.4067      7.238   170.2609 3.0341e+02     6.1946      0.959      1.391    24.6773 0.0000e+00
      0.989      0.025     6.8773     82.507     41.848  41.560525     6.3901      7.239   170.2462 3.0260e+02     6.1003      0.971      1.409    24.6753 0.0000e+00
      0.997      0.025     6.8723     82.417     41.852  41.562721     6.4077      7.239   170.1882 3.0160e+02     6.1573      0.979      1.420    24.6691 0.0000e+00
      1.001      0.024     6.8692     82.332     41.888  41.598414     6.4537      7.240   170.2477 3.0227e+02     6.3376      0.982      1.424    24.6590 0.0000e+00
      1.005      0.023     6.8660     82.278     41.902  41.611274     6.4800      7.242   170.3622 3.0330e+02     6.4023      0.985      1.429    24.6518 0.0000e+00
      1.010      0.023     6.8627     82.252     41.884  41.591275     6.4756      7.242   170.5402 3.0295e+02     6.3582      0.990      1.435    24.6497 0.0000e+00
      1.015      0.023     6.8530     82.244     41.906  41.610479     6.4582      7.241   170.7658 2.9960e+02     6.3164      0.993      1.441    24.6491 0.0000e+00
      1.023      0.023     6.8454     82.248     41.952  41.653062     6.4533      7.239   170.9383 2.9626e+02     6.3412      1.003      1.454    24.6484 0.0000e+00
      1.033      0.021     6.8416     82.255     41.963  41.661858     6.4658      7.238   171.1638 2.9731e+02     6.4194      1.014      1.471    24.6467 0.0000e+00
      1.040      0.017     6.8398     82.249     41.955  41.653361     6.4771      7.238   171.4272 3.0076e+02     6.4414      1.021      1.481    24.6450 0.0000e+00
      1.043      0.012     6.8400     82.258     41.916  41.613791     6.4732      7.239   171.5423 3.0236e+02     6.3685      1.024      1.485    24.6414 0.0000e+00
      1.043      0.008     6.8405     82.309     41.867  41.564235     6.4597      7.239   171.6088 2.9949e+02     6.3234      1.023      1.484    24.6373 0.0000e+00
      1.042      0.005     6.8428     82.364     41.867  41.561914     6.4559      7.239   171.8009 2.9705e+02     6.3746      1.022      1.483    24.6355 0.0000e+00
      1.042      0.003     6.8412     82.399     41.892  41.585727     6.4690      7.238   172.0584 2.9813e+02     6.4068      1.021      1.480    24.6341 0.0000e+00
      1.042      0.003     6.8399     82.403     41.906  41.598288     6.4854      7.237   172.1413 2.9683e+02     6.4050      1.021      1.481    24.6341 0.0000e+00
      1.045      0.004     6.8471     82.344     41.895  41.586849     6.4955      7.236   172.0283 2.9457e+02     6.3871      1.025      1.486    24.6331 0.0000e+00
      1.047      0.005     6.8525     82.239     41.884  41.574354     6.5078      7.236   171.9827 2.9527e+02     6.3613      1.027      1.489    24.6301 0.0000e+00
      1.048      0.008     6.8548     82.144     41.884  41.574136     6.5255      7.236   172.0198 2.9827e+02     6.4006      1.028      1.491    24.6282 0.0000e+00
      1.048      0.011     6.8577     82.055     41.894  41.584216     6.5434      7.237   172.0478 3.0033e+02     6.4523      1.028      1.490    24.6269 0.0000e+00
      1.049      0.014     6.8524     81.958     41.879  41.569291     6.5832      7.238   172.1485 2.9651e+02     6.5088      1.027      1.490    24.6259 0.0000e+00
      1.054      0.018     6.8406     81.889     41.831  41.520617     6.6486      7.238   172.2905 2.9192e+02     6.5711      1.033      1.499    24.6251 0.0000e+00
      1.060      0.020     6.8335     81.840     41.816  41.503444     6.6844      7.237   172.3881 2.9278e+02     6.5903      1.041      1.510    24.6246 0.0000e+00
      1.067      0.022     6.8279     81.789     41.804  41.488579     6.6911      7.237   172.4686 2.9431e+02     6.6383      1.047      1.517    24.6252 0.0000e+00
      1.075      0.022     6.8165     81.742     41.785  41.467814     6.7138      7.237   172.4886 2.9393e+02     6.7418      1.055      1.529    24.6259 0.0000e+00
      1.080      0.023     6.8120     81.694     41.826  41.506240     6.7503      7.237   172.5448 2.9439e+02     6.8172      1.061      1.539    24.6240 0.0000e+00
      1.083      0.024     6.8102     81.686     41.900  41.572378     6.7669      7.238   172.7174 2.9171e+02     6.8322      1.062      1.540    24.6203 0.0000e+00
      1.087      0.025     6.8041     81.692     41.973  41.632806     6.7481      7.238   172.8546 2.8649e+02     6.8550      1.064      1.545    24.6173 0.0000e+00
      1.094      0.024     6.8031     81.614     42.018  41.665656     6.7216      7.238   172.9137 2.8388e+02     6.8531      1.072      1.555    24.6153 0.0000e+00
      1.104      0.021     6.7961     81.451     42.012  41.652203     6.7049      7.238   172.9156 2.8289e+02     6.8439      1.083      1.571    24.6130 0.0000e+00
      1.113      0.019     6.7967     81.247     42.022  41.660533     6.6963      7.238   172.9634 2.8438e+02     6.9489      1.092      1.584    24.6043 0.0000e+00
      1.118      0.018     6.8050     81.026     42.064  41.702906     6.6924      7.239   173.1483 2.8679e+02     7.0644      1.098      1.594    24.5887 0.0000e+00
      1.117      0.018     6.7990     80.856     42.083  41.720264     6.6827      7.240   173.3437 2.8596e+02     7.0786      1.095      1.589    24.5727 0.0000e+00
      1.116      0.020     6.7843     80.781     42.114  41.743467     6.6549      7.241   173.4332 2.8224e+02     7.0858      1.090      1.582    24.5635 0.0000e+00
      1.121      0.024     6.7686     80.760     42.177  41.793042     6.6139      7.241   173.4558 2.7693e+02     7.1179      1.098      1.593    24.5630 0.0000e+00
      1.131      0.027     6.7465     80.708     42.211  41.811903     6.5941      7.242   173.5315 2.6990e+02     7.1253      1.109      1.609    24.5657 0.0000e+00
      1.141      0.027     6.7302     80.513     42.191  41.781080     6.5909      7.243   173.6597 2.6314e+02     7.1062      1.118      1.622    24.5656 0.0000e+00
      1.153      0.026     6.7278     80.079     42.149  41.737692     6.5749      7.244   173.8875 2.5998e+02     7.0919      1.131      1.640    24.5571 0.0000e+00
      1.163      0.026     6.7295     79.385     42.138  41.731575     6.5668      7.244   174.1352 2.6249e+02     7.1239      1.145      1.660    24.5399 0.0000e+00
      1.163      0.027     6.7326     78.635     42.173  41.770594     6.5847      7.245   174.1595 2.6595e+02     7.1170      1.143      1.657    24.5193 0.0000e+00
      1.160      0.027     6.7198     78.143     42.237  41.828672     6.6003      7.246   174.1814 2.6414e+02     7.0775      1.133      1.643    24.5026 0.0000e+00
      1.165      0.027     6.6871     77.988     42.283  41.862572     6.5642      7.246   174.3989 2.5876e+02     7.1239      1.139      1.652    24.5018 0.0000e+00
      1.180      0.030     6.6213     77.997     42.296  41.863116     6.4891      7.245   174.8105 2.5245e+02     7.2337      1.159      1.680    24.5138 0.0000e+00
      1.195      0.035     6.5441     77.928     42.339  41.898701     6.4580      7.242   175.2873 2.4828e+02     7.3459      1.175      1.704    24.5203 0.0000e+00
      1.204      0.039     6.5033     77.706     42.424  41.975467     6.4715      7.239   175.5173 2.4704e+02     7.3878      1.183      1.716    24.5142 0.0000e+00
      1.207      0.038     6.4976     77.376     42.489  42.029657     6.4357      7.238   175.6125 2.4506e+02     7.3987      1.182      1.715    24.4967 0.0000e+00
      1.214      0.035     6.5110     76.953     42.515  42.046148     6.3416      7.238   175.7510 2.4148e+02     7.4441      1.186      1.721    24.4786 0.0000e+00
      1.229      0.033     6.5066     76.428     42.523  42.047907     6.2823      7.238   175.8150 2.3720e+02     7.4924      1.206      1.751    24.4739 0.0000e+00
      1.242      0.033     6.4858     75.852     42.529  42.050916     6.2842      7.239   175.8698 2.3455e+02     7.5374      1.221      1.771    24.4690 0.0000e+00
      1.247      0.035     6.4606     75.358     42.563  42.082516     6.2901      7.241   175.9823 2.3555e+02     7.5439      1.223      1.773    24.4525 0.0000e+00
