Data/DataNotYetUploadedToEDI/Raw_CTD/RawDownloads/081924_fcr10_S7809003.cnv
* Sea-Bird SBE19plus  Data File:
* FileName = C:\R\Reservoirs\Data\DataNotYetUploadedToEDI\Raw_CTD\RawDownloads\081924_fcr50_S7809_0003.hex
* Software version 2.8.0.119
* Temperature SN = 7809
* Conductivity SN = 7809
* System UpLoad Time = Aug 20 2024 14:05:29
* <ApplicationData>
* <Seaterm232>
# nquan = 15
# nvalues = 663                         
# units = specified
# name 0 = depFM: Depth [fresh water, m]
# name 1 = dz/dtM: Descent Rate [m/s]
# name 2 = sbeox0Mg/L: Oxygen, SBE 43 [mg/l]
# name 3 = sbeox0PS: Oxygen, SBE 43 [% saturation]
# name 4 = specc: Specific Conductance [uS/cm]
# name 5 = c0uS/cm: Conductivity [uS/cm]
# name 6 = flECO-AFL: Fluorescence, WET Labs ECO-AFL/FL [mg/m^3]
# name 7 = ph: pH
# name 8 = orp: Oxidation Reduction Potential [mV]
# name 9 = par/sat/log: PAR/Logarithmic, Satlantic
# name 10 = turbWETntu0: Turbidity, WET Labs ECO [NTU]
# name 11 = prdM: Pressure, Strain Gauge [db]
# name 12 = prdE: Pressure, Strain Gauge [psi]
# name 13 = tv290C: Temperature [ITS-90, deg C]
# name 14 = flag:  0.000e+00
# span 0 =     -0.708,      2.224       
# span 1 =     -0.044,      0.160       
# span 2 =     0.0076,     8.2807       
# span 3 =      0.298,     99.666       
# span 4 =      3.419,     48.839       
# span 5 =   3.283637,  47.256102       
# span 6 =    -0.0782,    96.9390       
# span 7 =      1.353,      7.314       
# span 8 = -1240.7455,   192.7527       
# span 9 = 5.2841e+01, 1.9408e+03       
# span 10 =    -1.8970,   107.3857      
# span 11 =     -0.695,      2.182      
# span 12 =     -1.008,      3.165      
# span 13 =    22.9988,    25.1083      
# span 14 = 0.0000e+00, 0.0000e+00      
# interval = seconds: 0.25
# start_time = Aug 19 2024 12:10:56 [Instrument's time stamp, header]
# bad_flag = -9.990e-29
*END*
[from data line 97]
     -0.070     -0.017     6.0946     71.181     41.515  41.573081     4.2967      6.408   115.5841 1.7347e+03     5.3929     -0.066     -0.096    25.0804 0.0000e+00
     -0.078     -0.017     6.0612     70.618     41.533  41.586686     4.3039      6.407   115.3543 1.5295e+03     5.4391     -0.074     -0.106    25.0720 0.0000e+00
     -0.091     -0.013     6.0015     70.348     41.548  41.598317     4.2981      6.408   115.3486 1.4741e+03     5.5019     -0.089     -0.131    25.0677 0.0000e+00
     -0.102     -0.005     5.9330     70.309     41.538  41.586776     4.2766      6.409   115.6012 1.7351e+03     5.5711     -0.104     -0.153    25.0675 0.0000e+00
     -0.104      0.007     5.8698     70.283     41.526  41.574073     4.2604      6.411   116.1716 1.8939e+03     5.5921     -0.107     -0.155    25.0641 0.0000e+00
     -0.095      0.020     5.8178     70.140     41.530  41.571660     4.2684      6.412   116.8245 1.8575e+03     5.6199     -0.095     -0.138    25.0598 0.0000e+00
     -0.081      0.028     5.7980     69.840     41.529  41.557596     4.3991      6.413   117.2147 1.7949e+03     5.6335     -0.078     -0.113    25.0535 0.0000e+00
     -0.067      0.031     5.8050     69.375     41.514  41.530942     4.6250      6.416   117.3624 1.8807e+03     5.5176     -0.065     -0.094    25.0494 0.0000e+00
     -0.057      0.027     5.8051     68.919     41.493  41.503238     4.7359      6.421   117.4915 1.8542e+03     5.3805     -0.054     -0.078    25.0545 0.0000e+00
     -0.052      0.019     5.7933     68.698     41.469  41.476488     4.7324      6.430   117.8294 1.6440e+03     5.3417     -0.048     -0.069    25.0486 0.0000e+00
     -0.052      0.011     5.7741     68.716     41.455  41.461373     4.7329      6.441   118.2639 1.5015e+03     5.3561     -0.050     -0.075    25.0273 0.0000e+00
     -0.053      0.005     5.7312     68.812     41.443  41.447411     4.7669      6.454   118.4429 1.3569e+03     5.3840     -0.053     -0.078    25.0124 0.0000e+00
     -0.052      0.002     5.6841     68.826     41.432  41.434601     4.8277      6.467   118.3589 1.3836e+03     5.4060     -0.051     -0.075    25.0041 0.0000e+00
     -0.051      0.000     5.6678     68.668     41.434  41.433428     4.8608      6.478   118.5389 1.4637e+03     5.4165     -0.049     -0.071    25.0029 0.0000e+00
     -0.051     -0.003     5.6750     68.321     41.438  41.433218     4.8425      6.482   119.2428 1.2517e+03     5.4089     -0.050     -0.072    25.0026 0.0000e+00
     -0.052     -0.012     5.6883     67.794     41.442  41.432055     4.7229      6.475   119.8140 1.1842e+03     5.4167     -0.051     -0.074    24.9988 0.0000e+00
     -0.052     -0.026     5.6924     67.130     41.436  41.419362     4.5214      6.464   120.0252 1.2813e+03     5.4421     -0.051     -0.075    24.9978 0.0000e+00
     -0.054     -0.039     5.6789     66.398     41.430  41.406669     4.4035      6.455   120.3343 1.2288e+03     5.4425     -0.051     -0.073    24.9946 0.0000e+00
     -0.064     -0.044     5.6519     65.731     41.435  41.405517     4.3622      6.449   120.7981 1.1723e+03     5.4217     -0.057     -0.082    24.9884 0.0000e+00
     -0.089     -0.043     5.6067     65.317     41.435  41.405422     4.2052      6.447   121.3311 1.0254e+03     5.3958     -0.085     -0.123    24.9815 0.0000e+00
     -0.116     -0.035     5.5511     65.201     41.430  41.405516     3.9538      6.449   121.7879 8.2741e+02     5.4374     -0.121     -0.176    24.9756 0.0000e+00
     -0.128     -0.022     5.4888     65.282     41.424  41.406658     3.8279      6.454   121.8473 1.0438e+03     5.4801     -0.132     -0.191    24.9658 0.0000e+00
     -0.124     -0.007     5.4260     65.517     41.434  41.419245     3.8151      6.463   121.5329 1.5641e+03     5.4672     -0.123     -0.178    24.9556 0.0000e+00
     -0.113      0.008     5.3912     65.943     41.447  41.430774     3.8149      6.475   121.3419 1.6636e+03     5.4528     -0.112     -0.162    24.9551 0.0000e+00
     -0.103      0.017     5.3857     66.526     41.439  41.419120     3.8264      6.489   121.5164 1.3262e+03     5.4429     -0.099     -0.144    24.9618 0.0000e+00
     -0.096      0.018     5.3929     67.146     41.429  41.405264     3.8369      6.499   122.0951 1.2068e+03     5.4502     -0.091     -0.133    24.9745 0.0000e+00
     -0.095      0.017     5.4085     67.726     41.419  41.390169     3.8592      6.503   122.8320 1.3058e+03     5.4387     -0.093     -0.134    24.9796 0.0000e+00
     -0.096      0.020     5.4453     68.245     41.395  41.363535     3.9632      6.501   123.1126 1.3220e+03     5.4740     -0.095     -0.138    24.9742 0.0000e+00
     -0.097      0.027     5.4990     68.655     41.371  41.337100     4.1199      6.499   122.9932 1.3791e+03     5.5693     -0.096     -0.139    24.9709 0.0000e+00
     -0.092      0.040     5.5528     68.825     41.360  41.324405     4.1893      6.501   122.8512 1.7329e+03     5.6345     -0.093     -0.136    24.9644 0.0000e+00
     -0.079      0.054     5.6017     68.674     41.375  41.336965     4.1941      6.505   122.7716 1.9408e+03     5.6815     -0.079     -0.116    24.9586 0.0000e+00
     -0.059      0.065     5.6445     68.259     41.408  41.362028     4.2116      6.510   122.7189 1.5527e+03     5.6605     -0.058     -0.085    24.9566 0.0000e+00
     -0.036      0.070     5.6848     67.659     41.429  41.373558     4.3844      6.518   122.6449 1.1605e+03     5.5506     -0.035     -0.051    24.9522 0.0000e+00
     -0.012      0.067     5.7024     66.936     41.414  41.349431     4.7102      6.529   122.6512 1.0714e+03     5.4451     -0.011     -0.016    24.9515 0.0000e+00
      0.009      0.057     5.6860     66.192     41.394  41.324158     4.8876      6.541   122.7093 1.0722e+03     5.4099      0.012      0.017    24.9509 0.0000e+00
      0.024      0.044     5.6510     65.584     41.394  41.321852     4.8988      6.553   122.7451 1.1112e+03     5.4331      0.026      0.037    24.9402 0.0000e+00
      0.030      0.031     5.6013     65.228     41.397  41.321539     4.7707      6.564   122.8251 1.1585e+03     5.4523      0.030      0.044    24.9264 0.0000e+00
      0.031      0.021     5.5403     65.104     41.400  41.320367     4.5208      6.574   122.9896 1.1336e+03     5.4374      0.030      0.044    24.9158 0.0000e+00
      0.031      0.015     5.4737     65.083     41.390  41.307672     4.3818      6.584   123.2704 1.1033e+03     5.4231      0.030      0.043    24.9094 0.0000e+00
      0.033      0.013     5.4194     64.996     41.378  41.294968     4.3635      6.594   123.5524 1.2308e+03     5.4164      0.032      0.045    24.9062 0.0000e+00
      0.037      0.014     5.3916     64.776     41.376  41.293699     4.3834      6.605   123.7329 1.2964e+03     5.4242      0.035      0.051    24.9040 0.0000e+00
      0.042      0.015     5.3852     64.431     41.376  41.292335     4.4229      6.615   123.9044 1.1294e+03     5.4496      0.041      0.060    24.8990 0.0000e+00
      0.047      0.016     5.3911     63.932     41.366  41.278479     4.4415      6.624   124.0767 9.6528e+02     5.4502      0.046      0.067    24.8925 0.0000e+00
      0.051      0.016     5.3853     63.315     41.344  41.253093     4.4335      6.634   124.0952 9.1657e+02     5.4310      0.051      0.073    24.8927 0.0000e+00
      0.055      0.016     5.3644     62.675     41.333  41.239257     4.4170      6.643   123.9567 1.0079e+03     5.4910      0.054      0.078    24.8953 0.0000e+00
      0.058      0.016     5.3391     62.061     41.333  41.238112     4.4169      6.650   124.0372 1.1215e+03     5.6292      0.057      0.082    24.8931 0.0000e+00
      0.061      0.017     5.2973     61.503     41.336  41.239246     4.4329      6.655   124.4653 1.1595e+03     5.6674      0.060      0.087    24.8870 0.0000e+00
      0.065      0.019     5.2422     61.029     41.351  41.252969     4.4522      6.659   125.0033 1.2845e+03     5.6790      0.063      0.092    24.8828 0.0000e+00
      0.069      0.019     5.1886     60.621     41.377  41.277095     4.4748      6.662   125.4655 1.3019e+03     5.7356      0.066      0.097    24.8818 0.0000e+00
      0.076      0.019     5.1377     60.259     41.380  41.277080     4.4987      6.664   125.6658 1.0236e+03     5.7370      0.075      0.109    24.8804 0.0000e+00
      0.084      0.018     5.0893     59.925     41.361  41.252786     4.5158      6.667   125.7041 8.4978e+02     5.7298      0.085      0.123    24.8778 0.0000e+00
      0.089      0.017     5.0525     59.621     41.351  41.237218     4.5323      6.670   125.8427 1.0088e+03     5.6830      0.088      0.127    24.8755 0.0000e+00
      0.091      0.014     5.0188     59.383     41.334  41.215773     4.5395      6.675   126.1367 1.1699e+03     5.5812      0.089      0.129    24.8731 0.0000e+00
      0.092      0.011     4.9894     59.191     41.304  41.183889     4.5538      6.680   126.4197 1.1240e+03     5.4893      0.090      0.131    24.8704 0.0000e+00
      0.095      0.009     4.9637     59.011     41.292  41.169034     4.5965      6.686   126.5112 1.0131e+03     5.4260      0.092      0.135    24.8647 0.0000e+00
      0.098      0.008     4.9356     58.829     41.287  41.163096     4.6322      6.692   126.5552 1.1444e+03     5.4313      0.097      0.141    24.8558 0.0000e+00
      0.101      0.007     4.9189     58.642     41.301  41.175554     4.6518      6.697   126.7790 1.3762e+03     5.4507      0.100      0.145    24.8511 0.0000e+00
      0.103      0.004     4.9038     58.463     41.320  41.192734     4.6670      6.701   127.1529 1.2272e+03     5.4215      0.101      0.147    24.8490 0.0000e+00
      0.103      0.002     4.8893     58.304     41.311  41.180408     4.6749      6.705   127.6344 9.0874e+02     5.3846      0.102      0.148    24.8456 0.0000e+00
      0.103      0.000     4.8750     58.157     41.287  41.153454     4.6800      6.709   128.1264 8.1227e+02     5.4148      0.102      0.148    24.8435 0.0000e+00
      0.102      0.000     4.8589     58.029     41.257  41.120690     4.6957      6.712   128.3700 8.8704e+02     5.5134      0.100      0.145    24.8426 0.0000e+00
      0.100      0.000     4.8436     57.935     41.241  41.101590     4.7067      6.713   128.4281 9.1598e+02     5.6214      0.098      0.142    24.8407 0.0000e+00
      0.100      0.001     4.8315     57.846     41.254  41.112915     4.6882      6.716   128.4856 1.0230e+03     5.7284      0.097      0.141    24.8359 0.0000e+00
      0.102      0.003     4.8197     57.731     41.272  41.130685     4.6712      6.721   128.5484 1.1334e+03     5.8170      0.100      0.146    24.8303 0.0000e+00
      0.104      0.003     4.8078     57.574     41.267  41.126045     4.6768      6.726   128.7571 9.3011e+02     5.8734      0.102      0.148    24.8280 0.0000e+00
      0.105      0.003     4.8021     57.389     41.263  41.120280     4.7143      6.732   129.1157 7.7266e+02     5.8298      0.103      0.149    24.8258 0.0000e+00
      0.106      0.003     4.7956     57.204     41.271  41.124444     4.7830      6.738   129.3564 7.7054e+02     5.6305      0.104      0.151    24.8227 0.0000e+00
      0.106      0.002     4.7868     57.027     41.263  41.112915     4.8168      6.743   129.5168 7.1011e+02     5.4107      0.104      0.151    24.8233 0.0000e+00
      0.106      0.002     4.7733     56.842     41.260  41.107808     4.8070      6.749   129.6788 7.2516e+02     5.3245      0.103      0.150    24.8246 0.0000e+00
      0.106      0.002     4.7567     56.663     41.280  41.126160     4.8558      6.755   129.7659 8.7428e+02     5.3743      0.103      0.150    24.8220 0.0000e+00
      0.107      0.002     4.7418     56.497     41.300  41.144418     4.9743      6.761   129.7961 9.3496e+02     5.4663      0.105      0.152    24.8162 0.0000e+00
      0.108      0.002     4.7286     56.337     41.295  41.138166     5.0408      6.768   129.6993 8.4714e+02     5.4807      0.106      0.155    24.8119 0.0000e+00
      0.109      0.002     4.7125     56.182     41.273  41.114028     5.0355      6.775   129.5424 7.8955e+02     5.4113      0.107      0.156    24.8096 0.0000e+00
      0.109      0.002     4.6974     56.014     41.269  41.106425     5.0343      6.781   129.5338 7.4369e+02     5.3443      0.107      0.155    24.8070 0.0000e+00
      0.110      0.002     4.6849     55.840     41.276  41.109695     5.0604      6.788   129.7665 7.4786e+02     5.3539      0.107      0.156    24.8055 0.0000e+00
      0.110      0.003     4.6707     55.682     41.260  41.090091     5.0932      6.794   130.1191 9.3176e+02     5.4586      0.107      0.156    24.8047 0.0000e+00
      0.110      0.003     4.6595     55.539     41.232  41.059795     5.1140      6.800   130.3563 1.0981e+03     5.5171      0.107      0.156    24.8021 0.0000e+00
      0.111      0.004     4.6457     55.405     41.236  41.060700     5.1129      6.805   130.5695 1.0457e+03     5.4469      0.109      0.158    24.7972 0.0000e+00
      0.113      0.005     4.6301     55.274     41.278  41.101034     5.1214      6.810   130.8039 9.4677e+02     5.3621      0.111      0.161    24.7920 0.0000e+00
      0.115      0.005     4.6185     55.144     41.473  41.293610     5.1665      6.816   130.9524 9.2152e+02     5.3799      0.112      0.163    24.7881 0.0000e+00
      0.116      0.005     4.6062     55.302     41.909  41.738988     5.2008      6.821   131.0752 9.0597e+02     5.4563      0.113      0.164    24.7851 0.0000e+00
      0.117      0.004     4.5964     57.000     42.238  42.106820     5.2118      6.825   131.0837 9.3486e+02     5.4659      0.115      0.166    24.7824 0.0000e+00
      0.118      0.003     4.5848     61.860     42.188  42.123442     5.2408      6.829   131.1414 9.1631e+02     5.4619      0.116      0.168    24.7800 0.0000e+00
      0.119      0.003     4.5750     69.695     42.008  42.003542     5.2845      6.833   131.5149 7.8755e+02     5.5110      0.117      0.169    24.7761 0.0000e+00
      0.119      0.004     4.5529     78.311     41.895  41.926582     5.3079      6.836   132.0726 9.4173e+02     5.5814      0.117      0.170    24.7743 0.0000e+00
      0.119      0.006     4.6159     85.826     41.841  41.891122     5.3158      6.837   133.4968 1.1640e+03     5.6631      0.117      0.170    24.8242 0.0000e+00
      0.120      0.009     5.0128     91.781     41.836  41.892177     5.3300      6.837   134.9673 9.5279e+02     5.6452      0.118      0.171    24.9252 0.0000e+00
      0.122      0.012     5.7418     96.174     41.825  41.875873     5.3464      6.835   134.6242 9.3719e+02     5.5023      0.120      0.174    25.0010 0.0000e+00
      0.126      0.016     6.5120     98.824     41.786  41.820923     5.3560      6.832   133.8217 1.3371e+03     5.4036      0.123      0.179    25.0395 0.0000e+00
      0.132      0.019     7.1283     99.666     41.783  41.798969     5.3624      6.830   133.6107 1.3460e+03     5.4086      0.130      0.188    25.0582 0.0000e+00
      0.137      0.021     7.6151     98.994     41.796  41.800800     5.3992      6.830   133.4489 9.4026e+02     5.4942      0.135      0.197    25.0642 0.0000e+00
      0.143      0.022     7.9887     97.497     41.778  41.779581     5.4597      6.830   133.4143 7.5905e+02     5.6187      0.140      0.204    25.0613 0.0000e+00
      0.150      0.022     8.2124     95.907     41.738  41.732815     5.4853      6.829   133.6228 7.6268e+02     5.6499      0.148      0.214    25.0397 0.0000e+00
      0.157      0.023     8.2807     94.608     41.698  41.679610     5.4851      6.824   134.0775 8.1589e+02     5.5980      0.154      0.223    25.0070 0.0000e+00
      0.162      0.024     8.2034     93.653     41.678  41.644008     5.4826      6.816   134.6099 9.6286e+02     5.6056      0.160      0.232    24.9946 0.0000e+00
