Data/DataNotYetUploadedToEDI/Raw_CTD/RawDownloads/081924_fcr30_S7809005.cnv
* Sea-Bird SBE19plus  Data File:
* FileName = C:\R\Reservoirs\Data\DataNotYetUploadedToEDI\Raw_CTD\RawDownloads\081924_fcr50_S7809_0006.hex
* Software version 2.8.0.119
* Temperature SN = 7809
* Conductivity SN = 7809
* System UpLoad Time = Aug 20 2024 14:06:45
* <ApplicationData>
* <Seaterm232>
# nquan = 15
# nvalues = 1288                        
# units = specified
# name 0 = depFM: Depth [fresh water, m]
# name 1 = dz/dtM: Descent Rate [m/s]
# name 2 = sbeox0Mg/L: Oxygen, SBE 43 [mg/l]
# name 3 = sbeox0PS: Oxygen, SBE 43 [% saturation]
# name 4 = specc: Specific Conductance [uS/cm]
# name 5 = c0uS/cm: Conductivity [uS/cm]
# name 6 = flECO-AFL: Fluorescence, WET Labs ECO-AFL/FL [mg/m^3]
# name 7 = ph: pH
# name 8 = orp: Oxidation Reduction Potential [mV]
# name 9 = par/sat/log: PAR/Logarithmic, Satlantic
# name 10 = turbWETntu0: Turbidity, WET Labs ECO [NTU]
# name 11 = prdM: Pressure, Strain Gauge [db]
# name 12 = prdE: Pressure, Strain Gauge [psi]
# name 13 = tv290C: Temperature [ITS-90, deg C]
# name 14 = flag:  0.000e+00
# span 0 =     -0.706,      5.371       
# span 1 =     -0.017,      0.180       
# span 2 =     0.1164,     8.4586       
# span 3 =      1.142,    102.562       
# span 4 =      1.109,     88.697       
# span 5 =   1.066129,  74.301300       
# span 6 =    -0.0824,    49.8899       
# span 7 =      7.403,      7.948       
# span 8 =   -72.8551,   281.3578       
# span 9 = 1.2354e-01, 8.1676e+02       
# span 10 =     0.9475,   189.6420      
# span 11 =     -0.693,      5.268      
# span 12 =     -1.006,      7.641      
# span 13 =    12.6249,    25.5085      
# span 14 = 0.0000e+00, 0.0000e+00      
# interval = seconds: 0.25
# start_time = Aug 19 2024 12:26:58 [Instrument's time stamp, header]
# bad_flag = -9.990e-29
*END*
[from data line 386]
      0.977      0.008     7.5329     91.911     41.633  41.878817     4.8087      7.817   188.0963 4.7362e+02     4.0416      0.957      1.389    25.2896 0.0000e+00
      0.981      0.009     7.5363     91.987     41.639  41.885640     4.8116      7.818   188.0303 4.6769e+02     4.0032      0.962      1.395    25.2894 0.0000e+00
      0.986      0.011     7.5400     92.025     41.634  41.879397     4.8235      7.820   187.9263 4.4120e+02     4.0104      0.966      1.402    25.2890 0.0000e+00
      0.990      0.012     7.5450     92.005     41.622  41.866798     4.8363      7.821   187.9583 4.2857e+02     4.1631      0.969      1.408    25.2888 0.0000e+00
      0.992      0.012     7.5541     91.938     41.615  41.860252     4.8498      7.824   187.9867 4.3385e+02     4.3121      0.972      1.410    25.2893 0.0000e+00
      0.993      0.011     7.5607     91.891     41.618  41.863712     4.8524      7.826   188.0108 4.3779e+02     4.3428      0.974      1.413    25.2891 0.0000e+00
      0.996      0.011     7.5644     91.887     41.600  41.845157     4.8509      7.827   188.1638 4.3878e+02     4.2618      0.976      1.416    25.2888 0.0000e+00
      1.000      0.012     7.5635     91.880     41.582  41.826316     4.8327      7.826   188.2883 4.4526e+02     4.1524      0.980      1.422    25.2886 0.0000e+00
      1.003      0.012     7.5546     91.868     41.582  41.826315     4.8070      7.826   188.3115 4.4084e+02     4.1473      0.984      1.427    25.2887 0.0000e+00
      1.006      0.011     7.5495     91.869     41.601  41.845146     4.8055      7.827   188.2716 4.3054e+02     4.2337      0.986      1.429    25.2886 0.0000e+00
      1.009      0.009     7.5526     91.865     41.621  41.863587     4.8075      7.828   188.2361 4.1418e+02     4.3096      0.989      1.435    25.2884 0.0000e+00
      1.013      0.008     7.5515     91.871     41.616  41.858880     4.8139      7.829   188.3130 3.9081e+02     4.2796      0.993      1.441    25.2881 0.0000e+00
      1.014      0.008     7.5488     91.887     41.610  41.851702     4.8325      7.831   188.3406 3.8348e+02     4.1779      0.995      1.443    25.2872 0.0000e+00
      1.014      0.009     7.5514     91.892     41.599  41.840267     4.8491      7.833   188.3123 3.8153e+02     4.1730      0.994      1.442    25.2868 0.0000e+00
      1.015      0.010     7.5492     91.885     41.606  41.847549     4.8576      7.834   188.3144 3.7715e+02     4.2546      0.994      1.442    25.2864 0.0000e+00
      1.018      0.012     7.5502     91.855     41.634  41.876289     4.8600      7.834   188.3653 3.6951e+02     4.2764      0.997      1.447    25.2854 0.0000e+00
      1.021      0.015     7.5528     91.801     41.628  41.870419     4.8616      7.835   188.4982 3.6255e+02     4.2309      1.002      1.453    25.2846 0.0000e+00
      1.026      0.017     7.5522     91.741     41.598  41.840039     4.8516      7.836   188.5444 3.5708e+02     4.1829      1.006      1.460    25.2842 0.0000e+00
      1.032      0.017     7.5531     91.702     41.584  41.826305     4.8388      7.838   188.4947 3.4748e+02     4.1753      1.012      1.467    25.2843 0.0000e+00
      1.037      0.018     7.5499     91.697     41.589  41.831299     4.8319      7.838   188.4996 3.4880e+02     4.2069      1.019      1.476    25.2845 0.0000e+00
      1.042      0.018     7.5457     91.714     41.594  41.836951     4.8262      7.839   188.6032 3.6213e+02     4.2231      1.022      1.482    25.2843 0.0000e+00
      1.044      0.018     7.5391     91.741     41.588  41.831186     4.8205      7.841   188.6284 3.7177e+02     4.2005      1.024      1.484    25.2845 0.0000e+00
      1.048      0.018     7.5358     91.763     41.583  41.825056     4.8042      7.842   188.5466 3.7208e+02     4.1728      1.026      1.489    25.2852 0.0000e+00
      1.054      0.017     7.5357     91.763     41.584  41.826305     4.7787      7.843   188.5606 3.6666e+02     4.1267      1.034      1.499    25.2859 0.0000e+00
      1.060      0.015     7.5372     91.722     41.604  41.846281     4.7627      7.843   188.6254 3.5342e+02     4.0528      1.041      1.509    25.2858 0.0000e+00
      1.064      0.013     7.5404     91.660     41.634  41.876186     4.7687      7.844   188.6415 3.3400e+02     4.0308      1.045      1.515    25.2856 0.0000e+00
      1.067      0.011     7.5420     91.619     41.629  41.870534     4.7678      7.845   188.6700 3.1690e+02     4.0324      1.048      1.520    25.2856 0.0000e+00
      1.068      0.009     7.5436     91.615     41.600  41.841412     4.7436      7.846   188.7965 3.0579e+02     4.0039      1.047      1.519    25.2851 0.0000e+00
      1.068      0.008     7.5392     91.624     41.600  41.841412     4.7346      7.847   188.8810 3.0669e+02     4.0617      1.046      1.517    25.2850 0.0000e+00
      1.070      0.008     7.5325     91.632     41.630  41.870544     4.7500      7.848   188.8311 3.2274e+02     4.2188      1.049      1.521    25.2847 0.0000e+00
      1.074      0.009     7.5287     91.654     41.636  41.876301     4.7630      7.848   188.8813 3.4267e+02     4.2973      1.053      1.528    25.2841 0.0000e+00
      1.076      0.011     7.5295     91.665     41.608  41.847542     4.7669      7.848   189.0583 3.5887e+02     4.2603      1.055      1.530    25.2841 0.0000e+00
      1.079      0.011     7.5312     91.641     41.602  41.840163     4.7309      7.848   189.1645 3.6562e+02     4.2157      1.057      1.534    25.2838 0.0000e+00
      1.082      0.011     7.5300     91.600     41.613  41.850558     4.6604      7.848   189.2187 3.6758e+02     4.2357      1.061      1.539    25.2835 0.0000e+00
      1.085      0.010     7.5337     91.600     41.609  41.846293     4.6223      7.850   189.1979 3.6992e+02     4.2975      1.064      1.543    25.2828 0.0000e+00
      1.087      0.009     7.5353     91.649     41.615  41.852058     4.6197      7.852   189.0854 3.6332e+02     4.3134      1.066      1.546    25.2818 0.0000e+00
      1.090      0.008     7.5334     91.660     41.620  41.856791     4.6207      7.852   189.0628 3.6052e+02     4.1889      1.069      1.550    25.2809 0.0000e+00
      1.092      0.007     7.5277     91.580     41.605  41.840051     4.6172      7.853   189.0965 3.5655e+02     3.9870      1.071      1.553    25.2801 0.0000e+00
      1.093      0.007     7.5263     91.465     41.606  41.840051     4.6282      7.853   189.2340 3.4713e+02     3.9216      1.071      1.553    25.2793 0.0000e+00
      1.094      0.007     7.5353     91.394     41.624  41.856793     4.6453      7.853   189.5209 3.5055e+02     3.9793      1.073      1.555    25.2787 0.0000e+00
      1.096      0.008     7.5376     91.324     41.619  41.852069     4.6736      7.853   189.7264 3.5204e+02     4.0366      1.074      1.558    25.2777 0.0000e+00
      1.098      0.009     7.5297     91.252     41.611  41.846408     4.7205      7.852   189.8258 3.5145e+02     4.0338      1.077      1.563    25.2762 0.0000e+00
      1.100      0.009     7.5154     91.259     41.615  41.851818     4.7376      7.851   189.8622 3.5255e+02     3.9792      1.079      1.565    25.2749 0.0000e+00
      1.103      0.010     7.5135     91.279     41.616  41.854011     4.7386      7.850   189.9086 3.5485e+02     3.9914      1.081      1.569    25.2740 0.0000e+00
      1.106      0.010     7.5094     91.260     41.635  41.872928     4.7503      7.849   189.9572 3.5981e+02     4.0785      1.084      1.573    25.2742 0.0000e+00
      1.108      0.010     7.4954     91.265     41.652  41.890137     4.7625      7.850   189.9329 3.5644e+02     4.1450      1.086      1.576    25.2768 0.0000e+00
      1.111      0.010     7.5015     91.285     41.634  41.871679     4.7611      7.850   189.9590 3.5171e+02     4.1120      1.088      1.579    25.2796 0.0000e+00
      1.114      0.009     7.5055     91.277     41.603  41.840155     4.7417      7.850   189.9281 3.4482e+02     4.0207      1.091      1.584    25.2800 0.0000e+00
      1.116      0.009     7.4989     91.295     41.590  41.826328     4.7609      7.850   189.8175 3.3641e+02     3.9973      1.094      1.587    25.2792 0.0000e+00
      1.118      0.009     7.5009     91.371     41.595  41.831427     4.8274      7.850   189.8270 3.2987e+02     4.0340      1.096      1.590    25.2792 0.0000e+00
      1.120      0.009     7.5056     91.477     41.601  41.838337     4.8631      7.850   189.8714 3.1657e+02     4.0554      1.098      1.593    25.2796 0.0000e+00
      1.122      0.009     7.5014     91.620     41.609  41.846407     4.8593      7.851   189.8384 3.0005e+02     4.0162      1.100      1.596    25.2793 0.0000e+00
      1.125      0.009     7.5014     91.769     41.628  41.865540     4.8564      7.853   189.7716 2.8825e+02     3.9367      1.103      1.599    25.2780 0.0000e+00
      1.127      0.009     7.5112     91.872     41.643  41.879263     4.8536      7.853   189.7511 2.7993e+02     3.9475      1.105      1.603    25.2779 0.0000e+00
      1.129      0.009     7.5170     91.912     41.650  41.885393     4.8416      7.854   189.7634 2.8027e+02     4.0436      1.108      1.606    25.2790 0.0000e+00
      1.131      0.009     7.5307     91.904     41.643  41.876186     4.8271      7.855   189.7483 2.8769e+02     4.0746      1.110      1.609    25.2792 0.0000e+00
      1.134      0.010     7.5451     91.848     41.601  41.831415     4.8204      7.857   189.7407 3.0129e+02     4.0142      1.112      1.614    25.2787 0.0000e+00
      1.136      0.011     7.5534     91.714     41.561  41.788343     4.8108      7.859   189.7567 3.1694e+02     3.9287      1.114      1.616    25.2781 0.0000e+00
      1.139      0.011     7.5573     91.560     41.576  41.799675     4.8019      7.859   189.7700 3.1639e+02     3.9287      1.117      1.618    25.2767 0.0000e+00
      1.142      0.012     7.5543     91.347     41.620  41.841480     4.8131      7.860   189.7294 3.1516e+02     4.0142      1.120      1.624    25.2747 0.0000e+00
      1.145      0.012     7.5556     91.056     41.629  41.849533     4.8214      7.861   189.6957 3.1608e+02     4.0404      1.124      1.629    25.2719 0.0000e+00
      1.149      0.011     7.5389     90.881     41.613  41.833572     4.8276      7.861   189.7076 3.0413e+02     3.9721      1.127      1.635    25.2672 0.0000e+00
      1.152      0.011     7.5287     90.823     41.618  41.838897     4.8461      7.862   189.7010 2.9703e+02     3.9060      1.130      1.639    25.2618 0.0000e+00
      1.154      0.010     7.5190     90.799     41.629  41.850447     4.8541      7.864   189.7023 2.9698e+02     3.9247      1.132      1.642    25.2587 0.0000e+00
      1.156      0.009     7.4789     90.844     41.625  41.846295     4.8486      7.866   189.6365 3.0212e+02     3.9923      1.134      1.644    25.2584 0.0000e+00
      1.158      0.009     7.4698     90.953     41.631  41.852163     4.8381      7.866   189.5942 3.0976e+02     4.0413      1.136      1.647    25.2594 0.0000e+00
      1.161      0.010     7.4688     91.073     41.638  41.857933     4.8186      7.866   189.7070 3.0829e+02     4.0386      1.138      1.651    25.2604 0.0000e+00
      1.163      0.011     7.4630     91.200     41.633  41.852590     4.7957      7.866   189.7948 3.0992e+02     3.9936      1.140      1.654    25.2606 0.0000e+00
      1.166      0.011     7.4673     91.298     41.632  41.851021     4.7946      7.867   189.7097 3.0821e+02     4.0094      1.144      1.659    25.2601 0.0000e+00
      1.169      0.010     7.4795     91.316     41.622  41.838961     4.8131      7.868   189.5394 3.0169e+02     4.0933      1.147      1.663    25.2596 0.0000e+00
      1.172      0.009     7.4884     91.310     41.618  41.833702     4.8211      7.868   189.5421 3.0049e+02     4.1197      1.150      1.667    25.2594 0.0000e+00
      1.176      0.008     7.4984     91.273     41.637  41.850906     4.8074      7.868   189.6563 2.9518e+02     4.0555      1.153      1.672    25.2588 0.0000e+00
      1.178      0.007     7.5128     91.201     41.644  41.856566     4.7893      7.867   189.7156 2.9100e+02     3.9660      1.155      1.675    25.2573 0.0000e+00
      1.178      0.007     7.5072     91.126     41.627  41.838670     4.7847      7.867   189.8296 2.9315e+02     3.9260      1.155      1.676    25.2554 0.0000e+00
      1.178      0.007     7.5108     91.055     41.615  41.824927     4.7857      7.867   189.9151 3.0385e+02     3.9820      1.155      1.675    25.2536 0.0000e+00
      1.179      0.008     7.5077     90.996     41.609  41.817332     4.7845      7.867   189.8901 3.1897e+02     4.0616      1.157      1.677    25.2511 0.0000e+00
      1.182      0.009     7.4998     90.931     41.604  41.810310     4.7699      7.868   189.8707 3.3234e+02     4.0342      1.158      1.679    25.2481 0.0000e+00
      1.185      0.009     7.4955     90.857     41.599  41.803486     4.7427      7.869   189.9380 3.3627e+02     3.9583      1.162      1.685    25.2472 0.0000e+00
      1.189      0.009     7.4874     90.809     41.595  41.798281     4.7292      7.869   190.1018 3.2960e+02     4.0333      1.166      1.691    25.2466 0.0000e+00
      1.192      0.008     7.4851     90.777     41.608  41.810852     4.7239      7.870   190.2165 3.3341e+02     4.2231      1.170      1.697    25.2449 0.0000e+00
      1.193      0.007     7.4799     90.732     41.626  41.828539     4.7121      7.871   190.2062 3.3801e+02     4.3055      1.171      1.699    25.2418 0.0000e+00
      1.193      0.006     7.4724     90.697     41.620  41.821724     4.7033      7.872   190.2352 3.3570e+02     4.2444      1.170      1.697    25.2389 0.0000e+00
      1.194      0.005     7.4692     90.688     41.592  41.791925     4.7084      7.874   190.3097 3.3748e+02     4.1333      1.171      1.698    25.2378 0.0000e+00
      1.195      0.005     7.4683     90.679     41.587  41.785589     4.7329      7.876   190.3322 3.3438e+02     4.0544      1.171      1.699    25.2377 0.0000e+00
      1.198      0.005     7.4631     90.662     41.612  41.808574     4.7577      7.878   190.3354 3.2598e+02     4.0429      1.175      1.704    25.2382 0.0000e+00
      1.200      0.005     7.4592     90.650     41.619  41.815960     4.7663      7.879   190.3489 3.2640e+02     4.0628      1.178      1.708    25.2379 0.0000e+00
      1.201      0.005     7.4607     90.666     41.615  41.811424     4.7873      7.881   190.4088 3.3056e+02     4.0897      1.178      1.709    25.2352 0.0000e+00
      1.201      0.005     7.4604     90.691     41.621  41.817198     4.8200      7.881   190.5442 3.3086e+02     4.1291      1.177      1.708    25.2310 0.0000e+00
      1.201      0.005     7.4589     90.680     41.627  41.822305     4.8381      7.881   190.6084 3.3447e+02     4.1976      1.177      1.707    25.2297 0.0000e+00
      1.203      0.005     7.4566     90.649     41.616  41.809708     4.8558      7.882   190.4966 3.3202e+02     4.2348      1.179      1.711    25.2308 0.0000e+00
      1.205      0.006     7.4580     90.609     41.599  41.791813     4.8762      7.883   190.3979 3.2319e+02     4.1689      1.182      1.714    25.2309 0.0000e+00
      1.206      0.008     7.4636     90.550     41.603  41.796339     4.8767      7.884   190.4473 3.2281e+02     4.0499      1.183      1.715    25.2300 0.0000e+00
      1.207      0.009     7.4606     90.491     41.608  41.800968     4.8612      7.886   190.5766 3.2747e+02     3.9572      1.184      1.717    25.2281 0.0000e+00
      1.210      0.011     7.4586     90.444     41.593  41.784320     4.8640      7.887   190.5847 3.2752e+02     3.9360      1.187      1.722    25.2255 0.0000e+00
      1.213      0.012     7.4564     90.407     41.594  41.785455     4.8693      7.888   190.5459 3.2459e+02     3.9309      1.190      1.726    25.2252 0.0000e+00
