Data/DataNotYetUploadedToEDI/Raw_CTD/RawDownloads/081924_fcr40_S7809006.cnv
* Sea-Bird SBE19plus  Data File:
* FileName = C:\R\Reservoirs\Data\DataNotYetUploadedToEDI\Raw_CTD\RawDownloads\081924_fcr50_S7809_0007.hex
* Software version 2.8.0.119
* Temperature SN = 7809
* Conductivity SN = 7809
* System UpLoad Time = Aug 20 2024 14:07:28
* <ApplicationData>
* <Seaterm232>
# nquan = 15
# nvalues = 1177                        
# units = specified
# name 0 = depFM: Depth [fresh water, m]
# name 1 = dz/dtM: Descent Rate [m/s]
# name 2 = sbeox0Mg/L: Oxygen, SBE 43 [mg/l]
# name 3 = sbeox0PS: Oxygen, SBE 43 [% saturation]
# name 4 = specc: Specific Conductance [uS/cm]
# name 5 = c0uS/cm: Conductivity [uS/cm]
# name 6 = flECO-AFL: Fluorescence, WET Labs ECO-AFL/FL [mg/m^3]
# name 7 = ph: pH
# name 8 = orp: Oxidation Reduction Potential [mV]
# name 9 = par/sat/log: PAR/Logarithmic, Satlantic
# name 10 = turbWETntu0: Turbidity, WET Labs ECO [NTU]
# name 11 = prdM: Pressure, Strain Gauge [db]
# name 12 = prdE: Pressure, Strain Gauge [psi]
# name 13 = tv290C: Temperature [ITS-90, deg C]
# name 14 = flag:  0.000e+00
# span 0 =     -0.702,      5.889       
# span 1 =     -0.020,      0.156       
# span 2 =     0.1271,     8.5618       
# span 3 =      1.245,    104.058       
# span 4 =      1.240,     88.404       
# span 5 =   1.180241,  73.651333       
# span 6 =    -0.3612,    37.9326       
# span 7 =      7.427,      8.037       
# span 8 =    39.6621,   208.4354       
# span 9 = 1.2358e-01, 2.7889e+03       
# span 10 =    -0.2780,   291.4055      
# span 11 =     -0.690,      5.775      
# span 12 =     -1.001,      8.377      
# span 13 =    12.6058,    25.5633      
# span 14 = 0.0000e+00, 0.0000e+00      
# interval = seconds: 0.25
# start_time = Aug 19 2024 12:36:11 [Instrument's time stamp, header]
# bad_flag = -9.990e-29
*END*
[from data line 193]
      0.332      0.010     8.1685     95.722     41.608  42.046130     4.9062      7.893   155.5627 1.1338e+02     4.0055      0.326      0.472    25.5241 0.0000e+00
      0.331      0.007     8.0373     95.395     41.619  42.056630     4.9106      7.893   155.7093 1.1295e+02     4.0156      0.323      0.469    25.5250 0.0000e+00
      0.331      0.007     7.9394     95.212     41.585  42.022125     4.9080      7.894   155.8146 1.1210e+02     4.0478      0.324      0.471    25.5236 0.0000e+00
      0.333      0.009     7.8706     95.103     41.573  42.009745     4.8986      7.896   155.8032 1.0977e+02     4.1218      0.327      0.473    25.5216 0.0000e+00
      0.335      0.012     7.8264     95.048     41.597  42.033872     4.9066      7.898   155.8297 1.0745e+02     4.1919      0.328      0.475    25.5205 0.0000e+00
      0.340      0.016     7.8029     95.027     41.624  42.059977     4.9299      7.899   155.9633 1.0437e+02     4.2466      0.332      0.483    25.5195 0.0000e+00
      0.346      0.019     7.7904     95.001     41.638  42.071498     4.9308      7.901   156.1273 1.0117e+02     4.2709      0.341      0.494    25.5180 0.0000e+00
      0.350      0.022     7.7815     94.964     41.617  42.046224     4.9251      7.902   156.3494 1.0006e+02     4.2465      0.343      0.499    25.5183 0.0000e+00
      0.355      0.026     7.7768     94.936     41.583  42.008269     4.9449      7.902   156.6705 9.9047e+01     4.1915      0.347      0.503    25.5198 0.0000e+00
      0.361      0.030     7.7775     94.927     41.573  41.993383     4.9697      7.902   156.9983 9.7547e+01     4.1867      0.355      0.514    25.5185 0.0000e+00
      0.368      0.035     7.7757     94.918     41.578  41.993165     4.9833      7.900   157.2153 9.6568e+01     4.2562      0.361      0.523    25.5148 0.0000e+00
      0.378      0.040     7.7725     94.872     41.597  42.005631     4.9930      7.897   157.4017 9.6433e+01     4.2798      0.370      0.535    25.5097 0.0000e+00
      0.391      0.044     7.7708     94.814     41.617  42.017161     4.9958      7.896   157.6167 9.6074e+01     4.2334      0.384      0.557    25.5049 0.0000e+00
      0.403      0.047     7.7707     94.779     41.612  42.005621     4.9829      7.896   157.7499 9.4613e+01     4.1744      0.395      0.573    25.4992 0.0000e+00
      0.415      0.047     7.7734     94.767     41.605  41.993033     4.9708      7.897   157.8078 9.3484e+01     4.1469      0.406      0.590    25.4925 0.0000e+00
      0.430      0.044     7.7694     94.791     41.608  41.991889     4.9909      7.898   157.8873 9.3524e+01     4.1744      0.422      0.613    25.4848 0.0000e+00
      0.445      0.038     7.7637     94.811     41.610  41.991786     5.0263      7.899   157.9359 9.3894e+01     4.1988      0.437      0.634    25.4747 0.0000e+00
      0.455      0.030     7.7647     94.810     41.612  41.991776     5.0331      7.900   157.9660 9.4430e+01     4.2028      0.447      0.648    25.4655 0.0000e+00
      0.460      0.022     7.7615     94.815     41.614  41.991766     5.0227      7.901   158.0795 9.5049e+01     4.1877      0.452      0.655    25.4593 0.0000e+00
      0.462      0.016     7.7665     94.764     41.616  41.991662     5.0095      7.902   158.2748 9.5220e+01     4.1874      0.453      0.657    25.4552 0.0000e+00
      0.462      0.014     7.7709     94.645     41.616  41.990517     4.9891      7.903   158.5205 9.5365e+01     4.2339      0.453      0.658    25.4522 0.0000e+00
      0.463      0.017     7.7660     94.545     41.606  41.977929     4.9763      7.901   158.7276 9.5987e+01     4.2709      0.454      0.658    25.4498 0.0000e+00
      0.465      0.027     7.7726     94.507     41.598  41.966390     4.9704      7.899   158.8865 9.6661e+01     4.2595      0.456      0.662    25.4477 0.0000e+00
      0.470      0.038     7.7682     94.486     41.612  41.977930     4.9520      7.899   159.0647 9.7177e+01     4.2323      0.459      0.665    25.4459 0.0000e+00
      0.481      0.046     7.7548     94.448     41.627  41.990509     4.9288      7.899   159.1621 9.7205e+01     4.2499      0.466      0.677    25.4442 0.0000e+00
      0.501      0.051     7.7459     94.430     41.631  41.991539     4.9311      7.900   159.2029 9.6459e+01     4.3014      0.489      0.710    25.4406 0.0000e+00
      0.524      0.053     7.7452     94.452     41.632  41.990384     4.9386      7.901   159.3857 9.5742e+01     4.3084      0.518      0.750    25.4364 0.0000e+00
      0.539      0.053     7.7463     94.510     41.622  41.976548     4.9275      7.901   159.6516 9.5100e+01     4.2323      0.532      0.772    25.4337 0.0000e+00
      0.547      0.049     7.7403     94.569     41.601  41.951172     4.9130      7.902   159.8363 9.4229e+01     4.1327      0.536      0.779    25.4309 0.0000e+00
      0.553      0.042     7.7398     94.572     41.593  41.937429     4.9130      7.902   159.8984 9.3691e+01     4.1282      0.541      0.784    25.4273 0.0000e+00
      0.563      0.035     7.7419     94.533     41.597  41.937315     4.9284      7.903   159.8862 9.3628e+01     4.2123      0.551      0.798    25.4242 0.0000e+00
      0.578      0.032     7.7476     94.479     41.611  41.949790     4.9403      7.905   159.9474 9.3516e+01     4.2615      0.568      0.825    25.4212 0.0000e+00
      0.588      0.034     7.7565     94.388     41.623  41.961320     4.9483      7.905   160.1219 9.3393e+01     4.2452      0.580      0.842    25.4155 0.0000e+00
      0.590      0.039     7.7567     94.268     41.613  41.949789     4.9588      7.905   160.3617 9.3469e+01     4.1853      0.579      0.840    25.4072 0.0000e+00
      0.591      0.047     7.7521     94.168     41.605  41.937305     4.9755      7.906   160.6091 9.3523e+01     4.1531      0.577      0.836    25.4020 0.0000e+00
      0.601      0.056     7.7503     94.105     41.609  41.937305     4.9927      7.908   160.7043 9.3300e+01     4.2317      0.585      0.848    25.4017 0.0000e+00
      0.622      0.067     7.7420     94.049     41.624  41.949780     4.9921      7.909   160.7387 9.3291e+01     4.3844      0.609      0.883    25.4022 0.0000e+00
      0.648      0.081     7.7305     93.994     41.636  41.961197     4.9764      7.908   160.9388 9.3879e+01     4.4620      0.638      0.924    25.3994 0.0000e+00
      0.670      0.092     7.7226     93.969     41.625  41.948407     4.9606      7.907   161.0589 9.4002e+01     4.4184      0.659      0.955    25.3926 0.0000e+00
      0.691      0.096     7.7198     93.950     41.600  41.922075     4.9600      7.907   160.9862 9.3569e+01     4.4033      0.674      0.978    25.3870 0.0000e+00
      0.716      0.094     7.7166     93.915     41.577  41.896688     4.9511      7.908   161.0062 9.3096e+01     4.3818      0.698      1.013    25.3848 0.0000e+00
      0.748      0.088     7.7090     93.900     41.579  41.895326     4.9037      7.909   161.1288 9.2332e+01     4.2955      0.735      1.066    25.3842 0.0000e+00
      0.776      0.080     7.7092     93.892     41.594  41.905599     4.8537      7.909   161.2629 9.1533e+01     4.2132      0.765      1.111    25.3836 0.0000e+00
      0.794      0.070     7.7093     93.855     41.585  41.893949     4.8370      7.909   161.4235 9.0835e+01     4.1388      0.780      1.131    25.3825 0.0000e+00
      0.805      0.059     7.7036     93.811     41.575  41.881404     4.8275      7.910   161.6090 8.9871e+01     4.1478      0.790      1.146    25.3798 0.0000e+00
      0.815      0.049     7.7046     93.787     41.577  41.880841     4.7960      7.910   161.7839 8.8934e+01     4.2186      0.798      1.158    25.3736 0.0000e+00
      0.825      0.042     7.7065     93.757     41.586  41.887146     4.7643      7.911   161.9030 8.8387e+01     4.2435      0.808      1.171    25.3688 0.0000e+00
      0.837      0.039     7.7027     93.691     41.595  41.894166     4.7440      7.914   161.9305 8.7853e+01     4.2095      0.822      1.191    25.3659 0.0000e+00
      0.847      0.037     7.6975     93.579     41.604  41.902243     4.7337      7.917   161.9447 8.7549e+01     4.1845      0.832      1.206    25.3626 0.0000e+00
      0.856      0.034     7.6982     93.445     41.622  41.921335     4.7808      7.920   162.0756 8.7543e+01     4.2142      0.840      1.218    25.3590 0.0000e+00
      0.864      0.031     7.6970     93.383     41.632  41.934610     4.8733      7.922   162.2219 8.7514e+01     4.2262      0.848      1.230    25.3553 0.0000e+00
      0.871      0.027     7.6918     93.423     41.630  41.935815     4.9189      7.922   162.2510 8.7759e+01     4.2279      0.854      1.239    25.3524 0.0000e+00
      0.877      0.023     7.6838     93.512     41.627  41.935915     4.9159      7.923   162.1697 8.8133e+01     4.2343      0.860      1.248    25.3514 0.0000e+00
      0.883      0.022     7.6673     93.602     41.624  41.935820     4.9043      7.924   162.0996 8.8439e+01     4.2014      0.866      1.256    25.3532 0.0000e+00
      0.888      0.022     7.6614     93.686     41.621  41.934666     4.9039      7.925   162.1772 8.8836e+01     4.2059      0.870      1.262    25.3567 0.0000e+00
      0.892      0.027     7.6663     93.775     41.608  41.921963     4.9279      7.926   162.4205 8.9093e+01     4.2544      0.874      1.268    25.3610 0.0000e+00
      0.896      0.035     7.6747     93.875     41.595  41.909164     4.9435      7.926   162.7179 8.9051e+01     4.2747      0.877      1.273    25.3654 0.0000e+00
      0.902      0.045     7.6814     93.965     41.595  41.906857     4.9182      7.927   162.8472 8.8725e+01     4.2469      0.882      1.279    25.3691 0.0000e+00
      0.915      0.054     7.6876     94.003     41.586  41.894069     4.8713      7.928   162.7799 8.8133e+01     4.1914      0.894      1.297    25.3712 0.0000e+00
      0.935      0.059     7.6944     93.983     41.579  41.881470     4.8588      7.929   162.7641 8.7248e+01     4.1845      0.917      1.329    25.3723 0.0000e+00
      0.957      0.060     7.7028     93.902     41.583  41.881451     4.8766      7.931   162.8291 8.6045e+01     4.2320      0.940      1.362    25.3725 0.0000e+00
      0.976      0.055     7.7131     93.741     41.597  41.893831     4.8534      7.932   162.8767 8.4805e+01     4.2873      0.959      1.390    25.3701 0.0000e+00
      0.990      0.048     7.7160     93.540     41.608  41.904217     4.7857      7.933   162.9957 8.3812e+01     4.2731      0.973      1.412    25.3648 0.0000e+00
      0.998      0.038     7.7155     93.367     41.584  41.880093     4.7404      7.935   163.1486 8.3320e+01     4.1970      0.980      1.421    25.3574 0.0000e+00
      1.003      0.030     7.7112     93.263     41.560  41.856027     4.7394      7.936   163.1762 8.3561e+01     4.1865      0.984      1.427    25.3514 0.0000e+00
      1.008      0.025     7.6968     93.247     41.572  41.867099     4.7567      7.938   163.1578 8.4416e+01     4.2487      0.989      1.434    25.3495 0.0000e+00
      1.014      0.022     7.6775     93.298     41.594  41.887022     4.7665      7.939   163.2703 8.5525e+01     4.2993      0.994      1.440    25.3493 0.0000e+00
      1.020      0.021     7.6626     93.379     41.617  41.906517     4.7578      7.941   163.4187 8.6493e+01     4.2864      1.000      1.451    25.3505 0.0000e+00
      1.026      0.020     7.6528     93.457     41.622  41.912400     4.7432      7.943   163.4897 8.7281e+01     4.2297      1.007      1.461    25.3512 0.0000e+00
      1.031      0.018     7.6527     93.526     41.601  41.894679     4.7559      7.944   163.5258 8.7935e+01     4.1940      1.011      1.466    25.3493 0.0000e+00
      1.035      0.016     7.6585     93.587     41.584  41.882662     4.7952      7.944   163.5111 8.8362e+01     4.1965      1.015      1.472    25.3456 0.0000e+00
      1.039      0.015     7.6671     93.625     41.592  41.894054     4.8190      7.945   163.4843 8.8758e+01     4.2263      1.019      1.478    25.3410 0.0000e+00
      1.042      0.016     7.6736     93.626     41.602  41.905486     4.8106      7.946   163.5465 8.9143e+01     4.2464      1.022      1.483    25.3403 0.0000e+00
      1.044      0.020     7.6777     93.599     41.592  41.893942     4.7934      7.948   163.6605 8.9420e+01     4.1996      1.024      1.485    25.3476 0.0000e+00
      1.047      0.024     7.6830     93.583     41.583  41.881415     4.8274      7.949   163.6577 8.9692e+01     4.1727      1.026      1.488    25.3539 0.0000e+00
      1.053      0.026     7.6856     93.571     41.587  41.880956     4.8966      7.950   163.5991 8.9920e+01     4.2294      1.031      1.495    25.3571 0.0000e+00
      1.064      0.027     7.6859     93.539     41.597  41.888396     4.9231      7.950   163.6400 9.0051e+01     4.2703      1.042      1.512    25.3597 0.0000e+00
      1.076      0.026     7.6814     93.505     41.616  41.907889     4.9149      7.950   163.6357 9.0162e+01     4.2563      1.058      1.533    25.3583 0.0000e+00
      1.084      0.024     7.6813     93.463     41.632  41.926247     4.8809      7.952   163.6337 9.0382e+01     4.1631      1.065      1.546    25.3534 0.0000e+00
      1.087      0.020     7.6834     93.398     41.624  41.919962     4.8368      7.952   163.7879 9.0699e+01     4.0659      1.067      1.548    25.3465 0.0000e+00
      1.089      0.015     7.6789     93.361     41.599  41.895366     4.8307      7.953   163.9512 9.1005e+01     4.0719      1.068      1.549    25.3429 0.0000e+00
      1.091      0.011     7.6767     93.391     41.586  41.882726     4.8314      7.955   163.9727 9.1214e+01     4.0644      1.071      1.551    25.3447 0.0000e+00
      1.094      0.009     7.6743     93.444     41.596  41.894061     4.8205      7.955   163.8760 9.1426e+01     4.0109      1.073      1.556    25.3476 0.0000e+00
      1.098      0.009     7.6662     93.457     41.606  41.905486     4.8321      7.955   163.8145 9.1727e+01     3.9709      1.077      1.562    25.3500 0.0000e+00
      1.101      0.009     7.6612     93.453     41.593  41.893941     4.8550      7.957   163.9177 9.1921e+01     3.9564      1.080      1.566    25.3511 0.0000e+00
      1.101      0.008     7.6656     93.500     41.580  41.881403     4.8647      7.959   164.0907 9.2046e+01     4.0062      1.080      1.567    25.3504 0.0000e+00
      1.102      0.008     7.6728     93.599     41.580  41.880831     4.8497      7.959   164.1862 9.2159e+01     4.0608      1.080      1.566    25.3509 0.0000e+00
      1.104      0.008     7.6724     93.704     41.585  41.887023     4.8156      7.959   164.2974 9.2189e+01     4.0698      1.083      1.571    25.3537 0.0000e+00
      1.107      0.008     7.6685     93.803     41.589  41.892793     4.7931      7.960   164.4890 9.2229e+01     4.0805      1.086      1.576    25.3555 0.0000e+00
      1.110      0.009     7.6727     93.923     41.584  41.887132     4.7944      7.962   164.6102 9.2324e+01     4.1228      1.089      1.578    25.3560 0.0000e+00
      1.112      0.009     7.6828     94.043     41.580  41.882043     4.8312      7.963   164.6444 9.2420e+01     4.2051      1.091      1.581    25.3563 0.0000e+00
      1.114      0.008     7.6917     94.091     41.595  41.894736     4.8878      7.963   164.7300 9.2436e+01     4.2554      1.092      1.584    25.3573 0.0000e+00
      1.115      0.008     7.6982     94.065     41.615  41.913664     4.9135      7.964   164.7848 9.2478e+01     4.2188      1.094      1.586    25.3590 0.0000e+00
      1.118      0.009     7.7078     94.015     41.623  41.920488     4.9090      7.966   164.7051 9.2606e+01     4.1729      1.096      1.590    25.3591 0.0000e+00
      1.120      0.010     7.7222     93.967     41.615  41.913777     4.8997      7.967   164.7131 9.2709e+01     4.1444      1.098      1.593    25.3571 0.0000e+00
      1.122      0.012     7.7260     93.908     41.595  41.895985     4.8931      7.967   164.8814 9.2717e+01     4.1470      1.100      1.595    25.3547 0.0000e+00
